Date,sector,sie,apac_resid,abs_resid,thr,high_var,persistent
1978-11-01,Amundsen_Bellingshausen,3.351122554,-0.29789299038603323,0.29789299038603323,0.540312197173086,FALSE,FALSE
1978-11-03,Amundsen_Bellingshausen,3.342030019,-0.28733508382274975,0.28733508382274975,0.540312197173086,FALSE,FALSE
1978-11-05,Amundsen_Bellingshausen,3.354599778,-0.25410532377964357,0.25410532377964357,0.540312197173086,FALSE,FALSE
1978-11-07,Amundsen_Bellingshausen,3.358463959,-0.22868553856579732,0.22868553856579732,0.540312197173086,FALSE,FALSE
1978-11-09,Amundsen_Bellingshausen,3.40447597,-0.16033627649029336,0.16033627649029336,0.540312197173086,FALSE,FALSE
1978-11-11,Amundsen_Bellingshausen,3.452095304,-0.0897120008622152,0.0897120008622152,0.540312197173086,FALSE,FALSE
1978-11-13,Amundsen_Bellingshausen,3.45298775,-0.06526211406963656,0.06526211406963656,0.540312197173086,FALSE,FALSE
1978-11-15,Amundsen_Bellingshausen,3.439928851,-0.05434032691983015,0.05434032691983015,0.540312197173086,FALSE,FALSE
1978-11-17,Amundsen_Bellingshausen,3.427531746,-0.04247168843489035,0.04247168843489035,0.540312197173086,FALSE,FALSE
1978-11-19,Amundsen_Bellingshausen,3.443560964,-0.00203000044793277,0.00203000044793277,0.540312197173086,FALSE,FALSE
1978-11-21,Amundsen_Bellingshausen,3.451557069,0.03038697020792513,0.03038697020792513,0.540312197173086,FALSE,FALSE
1978-11-23,Amundsen_Bellingshausen,3.468083569,0.07120440069957334,0.07120440069957334,0.540312197173086,FALSE,FALSE
1978-11-25,Amundsen_Bellingshausen,3.412980278,0.04012851249801219,0.04012851249801219,0.540312197173086,FALSE,FALSE
1978-11-27,Amundsen_Bellingshausen,3.4613729,0.1123603011707366,0.1123603011707366,0.540312197173086,FALSE,FALSE
1978-11-29,Amundsen_Bellingshausen,3.443025491,0.1180256731056768,0.1180256731056768,0.540312197173086,FALSE,FALSE
1978-12-01,Amundsen_Bellingshausen,3.439175498,0.13874468736589662,0.13874468736589662,0.540312197173086,FALSE,FALSE
1978-12-03,Amundsen_Bellingshausen,3.45025162,0.17532865501446393,0.17532865501446393,0.540312197173086,FALSE,FALSE
1978-12-05,Amundsen_Bellingshausen,3.457559178,0.2094655091144486,0.2094655091144486,0.540312197173086,FALSE,FALSE
1978-12-07,Amundsen_Bellingshausen,3.433558075,0.21399783549473472,0.21399783549473472,0.540312197173086,FALSE,FALSE
1978-12-09,Amundsen_Bellingshausen,3.425857648,0.237058929160312,0.237058929160312,0.540312197173086,FALSE,FALSE
1978-12-11,Amundsen_Bellingshausen,3.424855843,0.2700078134275703,0.2700078134275703,0.540312197173086,FALSE,FALSE
1978-12-13,Amundsen_Bellingshausen,3.372064188,0.2554013768316632,0.2554013768316632,0.540312197173086,FALSE,FALSE
1978-12-15,Amundsen_Bellingshausen,3.358772218,0.28557451490774266,0.28557451490774266,0.540312197173086,FALSE,FALSE
1978-12-17,Amundsen_Bellingshausen,3.315337947,0.29193060219096756,0.29193060219096756,0.540312197173086,FALSE,FALSE
1978-12-19,Amundsen_Bellingshausen,3.203718073,0.2374716972164892,0.2374716972164892,0.540312197173086,FALSE,FALSE
1978-12-21,Amundsen_Bellingshausen,3.126930892,0.2260644295461316,0.2260644295461316,0.540312197173086,FALSE,FALSE
1978-12-23,Amundsen_Bellingshausen,3.112675481,0.2847673743732453,0.2847673743732453,0.540312197173086,FALSE,FALSE
1978-12-25,Amundsen_Bellingshausen,3.111851776,0.3631596584878176,0.3631596584878176,0.540312197173086,FALSE,FALSE
1978-12-27,Amundsen_Bellingshausen,3.025352496,0.3608096938721492,0.3608096938721492,0.540312197173086,FALSE,FALSE
1978-12-29,Amundsen_Bellingshausen,2.951917254,0.3751327865085292,0.3751327865085292,0.540312197173086,FALSE,FALSE
1978-12-31,Amundsen_Bellingshausen,2.89373685,0.4069954293792635,0.4069954293792635,0.540312197173086,FALSE,FALSE
1979-01-01,Amundsen_Bellingshausen,2.273059404,-0.16821757204052412,0.16821757204052412,0.540312197173086,FALSE,FALSE
1979-01-02,Amundsen_Bellingshausen,2.775492857,0.3797616464726712,0.3797616464726712,0.540312197173086,FALSE,FALSE
1979-01-04,Amundsen_Bellingshausen,2.734956528,0.4300405759159043,0.4300405759159043,0.540312197173086,FALSE,FALSE
1979-01-06,Amundsen_Bellingshausen,2.624768297,0.4094659709749209,0.4094659709749209,0.540312197173086,FALSE,FALSE
1979-01-08,Amundsen_Bellingshausen,2.502761153,0.37487089792171346,0.37487089792171346,0.540312197173086,FALSE,FALSE
1979-01-10,Amundsen_Bellingshausen,2.465688437,0.4220087750282806,0.4220087750282806,0.540312197173086,FALSE,FALSE
1979-01-12,Amundsen_Bellingshausen,2.375832207,0.4121617375666158,0.4121617375666158,0.540312197173086,FALSE,FALSE
1979-01-14,Amundsen_Bellingshausen,2.261689347,0.3728287026230983,0.3728287026230983,0.540312197173086,FALSE,FALSE
1979-01-16,Amundsen_Bellingshausen,2.171377731,0.3515099741270482,0.3515099741270482,0.540312197173086,FALSE,FALSE
1979-01-18,Amundsen_Bellingshausen,2.126724336,0.3702474477783426,0.3702474477783426,0.540312197173086,FALSE,FALSE
1979-01-20,Amundsen_Bellingshausen,2.026898536,0.32853558476578115,0.32853558476578115,0.540312197173086,FALSE,FALSE
1979-01-22,Amundsen_Bellingshausen,1.920204209,0.2750033502781639,0.2750033502781639,0.540312197173086,FALSE,FALSE
1979-01-24,Amundsen_Bellingshausen,1.832213476,0.23554795250428917,0.23554795250428917,0.540312197173086,FALSE,FALSE
1979-01-26,Amundsen_Bellingshausen,1.766550495,0.2141186366329566,0.2141186366329566,0.540312197173086,FALSE,FALSE
1979-01-28,Amundsen_Bellingshausen,1.719349739,0.20715122562054855,0.20715122562054855,0.540312197173086,FALSE,FALSE
1979-01-30,Amundsen_Bellingshausen,1.621655329,0.14586808166182277,0.14586808166182277,0.540312197173086,FALSE,FALSE
1979-02-01,Amundsen_Bellingshausen,1.558285158,0.11522555070258944,0.11522555070258944,0.540312197173086,FALSE,FALSE
1979-02-03,Amundsen_Bellingshausen,1.5228931000000001,0.10901593975842272,0.10901593975842272,0.540312197173086,FALSE,FALSE
1979-02-05,Amundsen_Bellingshausen,1.449845804,0.06174433084489905,0.06174433084489905,0.540312197173086,FALSE,FALSE
1979-02-07,Amundsen_Bellingshausen,1.441694378,0.07610026497759281,0.07610026497759281,0.540312197173086,FALSE,FALSE
1979-02-09,Amundsen_Bellingshausen,1.406286994,0.06005870705329252,0.06005870705329252,0.540312197173086,FALSE,FALSE
1979-02-11,Amundsen_Bellingshausen,1.297598516,-0.03243934641555612,0.03243934641555612,0.540312197173086,FALSE,FALSE
1979-02-13,Amundsen_Bellingshausen,1.249223153,-0.06795066564658092,0.06795066564658092,0.540312197173086,FALSE,FALSE
1979-02-15,Amundsen_Bellingshausen,1.238469254,-0.06932053740714883,0.06932053740714883,0.540312197173086,FALSE,FALSE
1979-02-17,Amundsen_Bellingshausen,1.224182865,-0.07785655146463122,0.07785655146463122,0.540312197173086,FALSE,FALSE
1979-02-19,Amundsen_Bellingshausen,1.248547401,-0.05152892858639579,0.05152892858639579,0.540312197173086,FALSE,FALSE
1979-02-21,Amundsen_Bellingshausen,1.275634646,-0.02641619760350466,0.02641619760350466,0.540312197173086,FALSE,FALSE
1979-02-23,Amundsen_Bellingshausen,1.283167354,-0.02473803543991892,0.02473803543991892,0.540312197173086,FALSE,FALSE
1979-02-25,Amundsen_Bellingshausen,1.326980489,0.00972529628925,0.00972529628925,0.540312197173086,FALSE,FALSE
1979-02-27,Amundsen_Bellingshausen,1.343941479,0.01425473786928432,0.01425473786928432,0.540312197173086,FALSE,FALSE
1979-03-01,Amundsen_Bellingshausen,1.409657721,0.06487119858547241,0.06487119858547241,0.540312197173086,FALSE,FALSE
1979-03-03,Amundsen_Bellingshausen,1.441696432,0.07955540772309688,0.07955540772309688,0.540312197173086,FALSE,FALSE
1979-03-05,Amundsen_Bellingshausen,1.510808846,0.1294721082403678,0.1294721082403678,0.540312197173086,FALSE,FALSE
1979-03-07,Amundsen_Bellingshausen,1.560228837,0.15817886532750203,0.15817886532750203,0.540312197173086,FALSE,FALSE
1979-03-09,Amundsen_Bellingshausen,1.558483513,0.1342024707908196,0.1342024707908196,0.540312197173086,FALSE,FALSE
1979-03-11,Amundsen_Bellingshausen,1.550563308,0.102460006444534,0.102460006444534,0.540312197173086,FALSE,FALSE
1979-03-13,Amundsen_Bellingshausen,1.553406588,0.07981648610285674,0.07981648610285674,0.540312197173086,FALSE,FALSE
1979-03-15,Amundsen_Bellingshausen,1.574099145,0.0732843495800033,0.0732843495800033,0.540312197173086,FALSE,FALSE
1979-03-17,Amundsen_Bellingshausen,1.569065158,0.03921442369018324,0.03921442369018324,0.540312197173086,FALSE,FALSE
1979-03-19,Amundsen_Bellingshausen,1.630711504,0.06995445358332031,0.06995445358332031,0.540312197173086,FALSE,FALSE
1979-03-21,Amundsen_Bellingshausen,1.686249079,0.09278359799316682,0.09278359799316682,0.540312197173086,FALSE,FALSE
1979-03-23,Amundsen_Bellingshausen,1.823604596,0.19576399627182808,0.19576399627182808,0.540312197173086,FALSE,FALSE
1979-03-25,Amundsen_Bellingshausen,1.868100728,0.2043543514117596,0.2043543514117596,0.540312197173086,FALSE,FALSE
1979-03-27,Amundsen_Bellingshausen,1.864369869,0.1633230874054128,0.1633230874054128,0.540312197173086,FALSE,FALSE
1979-03-29,Amundsen_Bellingshausen,1.960852449,0.2212466642452409,0.2212466642452409,0.540312197173086,FALSE,FALSE
1979-03-31,Amundsen_Bellingshausen,2.023976604,0.2446862882966523,0.2446862882966523,0.540312197173086,FALSE,FALSE
1979-04-01,Amundsen_Bellingshausen,2.620357822,0.8208232106471092,0.8208232106471092,0.540312197173086,TRUE,FALSE
1979-04-02,Amundsen_Bellingshausen,2.073081595,0.2530263238581498,0.2530263238581498,0.540312197173086,FALSE,FALSE
1979-04-04,Amundsen_Bellingshausen,2.145647582,0.28369134898248216,0.28369134898248216,0.540312197173086,FALSE,FALSE
1979-04-06,Amundsen_Bellingshausen,2.19767915,0.29262484891066465,0.29262484891066465,0.540312197173086,FALSE,FALSE
1979-04-08,Amundsen_Bellingshausen,2.263757905,0.3143473298837174,0.3143473298837174,0.540312197173086,FALSE,FALSE
1979-04-10,Amundsen_Bellingshausen,2.37358032,0.37849416514265743,0.37849416514265743,0.540312197173086,FALSE,FALSE
1979-04-12,Amundsen_Bellingshausen,2.412120898,0.36997880703526986,0.36997880703526986,0.540312197173086,FALSE,FALSE
1979-04-14,Amundsen_Bellingshausen,2.445997313,0.3553779424252119,0.3553779424252119,0.540312197173086,FALSE,FALSE
1979-04-16,Amundsen_Bellingshausen,2.463430976,0.3229228160988469,0.3229228160988469,0.540312197173086,FALSE,FALSE
1979-04-18,Amundsen_Bellingshausen,2.53212352,0.34033281989324315,0.34033281989324315,0.540312197173086,FALSE,FALSE
1979-04-20,Amundsen_Bellingshausen,2.619020943,0.37457171064547135,0.37457171064547135,0.540312197173086,FALSE,FALSE
1979-04-22,Amundsen_Bellingshausen,2.609848301,0.3113823031926004,0.3113823031926004,0.540312197173086,FALSE,FALSE
1979-04-24,Amundsen_Bellingshausen,2.668138442,0.3143152043717037,0.3143152043717037,0.540312197173086,FALSE,FALSE
1979-04-26,Amundsen_Bellingshausen,2.713513896,0.30306929777117997,0.30306929777117997,0.540312197173086,FALSE,FALSE
1979-04-28,Amundsen_Bellingshausen,2.727403779,0.2595061740652085,0.2595061740652085,0.540312197173086,FALSE,FALSE
1979-04-30,Amundsen_Bellingshausen,2.722942932,0.1973269549645944,0.1973269549645944,0.540312197173086,FALSE,FALSE
1979-05-01,Amundsen_Bellingshausen,3.398403746,0.8440061086147006,0.8440061086147006,0.540312197173086,TRUE,FALSE
1979-05-02,Amundsen_Bellingshausen,2.719126318,0.13609312418423292,0.13609312418423292,0.540312197173086,FALSE,FALSE
1979-05-04,Amundsen_Bellingshausen,2.844584624,0.20500188943903289,0.20500188943903289,0.540312197173086,FALSE,FALSE
1979-05-06,Amundsen_Bellingshausen,2.932130618,0.23743253944389364,0.23743253944389364,0.540312197173086,FALSE,FALSE
1979-05-08,Amundsen_Bellingshausen,3.01608899,0.2682543952791008,0.2682543952791008,0.540312197173086,FALSE,FALSE
1979-05-10,Amundsen_Bellingshausen,3.098915914,0.3000968119135998,0.3000968119135998,0.540312197173086,FALSE,FALSE
1979-05-12,Amundsen_Bellingshausen,3.171977495,0.3241888628237737,0.3241888628237737,0.540312197173086,FALSE,FALSE
1979-05-14,Amundsen_Bellingshausen,3.253173402,0.3582836681211483,0.3582836681211483,0.540312197173086,FALSE,FALSE
1979-05-16,Amundsen_Bellingshausen,3.312343917,0.37207496091724623,0.37207496091724623,0.540312197173086,FALSE,FALSE
1979-05-18,Amundsen_Bellingshausen,3.30216845,0.3180956023235906,0.3180956023235906,0.540312197173086,FALSE,FALSE
1979-05-20,Amundsen_Bellingshausen,3.330348889,0.303900993061045,0.303900993061045,0.540312197173086,FALSE,FALSE
1979-05-22,Amundsen_Bellingshausen,3.391147042,0.3236123025259259,0.3236123025259259,0.540312197173086,FALSE,FALSE
1979-05-24,Amundsen_Bellingshausen,3.484677179,0.37721374592481904,0.37721374592481904,0.540312197173086,FALSE,FALSE
1979-05-26,Amundsen_Bellingshausen,3.560764176,0.4144012588472692,0.4144012588472692,0.540312197173086,FALSE,FALSE
1979-05-28,Amundsen_Bellingshausen,3.595996191,0.4116340588828171,0.4116340588828171,0.540312197173086,FALSE,FALSE
1979-05-30,Amundsen_Bellingshausen,3.594961186,0.3733711676210074,0.3733711676210074,0.540312197173086,FALSE,FALSE
1979-06-01,Amundsen_Bellingshausen,3.544361363,0.2861858466513785,0.2861858466513785,0.540312197173086,FALSE,FALSE
1979-06-03,Amundsen_Bellingshausen,3.566477538,0.2722988812898808,0.2722988812898808,0.540312197173086,FALSE,FALSE
1979-06-05,Amundsen_Bellingshausen,3.595317075,0.265947878698126,0.265947878698126,0.540312197173086,FALSE,FALSE
1979-06-07,Amundsen_Bellingshausen,3.580555589,0.21711511642215697,0.21711511642215697,0.540312197173086,FALSE,FALSE
1979-06-09,Amundsen_Bellingshausen,3.5848886700000002,0.18880284738011663,0.18880284738011663,0.540312197173086,FALSE,FALSE
1979-06-11,Amundsen_Bellingshausen,3.647496719,0.22049813549014363,0.22049813549014363,0.540312197173086,FALSE,FALSE
1979-06-13,Amundsen_Bellingshausen,3.717699912,0.2618278196703758,0.2618278196703758,0.540312197173086,FALSE,FALSE
1979-06-15,Amundsen_Bellingshausen,3.715005035,0.23255612387140223,0.23255612387140223,0.540312197173086,FALSE,FALSE
1979-06-17,Amundsen_Bellingshausen,3.790587438,0.283588827388086,0.283588827388086,0.540312197173086,FALSE,FALSE
1979-06-19,Amundsen_Bellingshausen,3.838283295,0.3081728419635117,0.3081728419635117,0.540312197173086,FALSE,FALSE
1979-06-21,Amundsen_Bellingshausen,3.831986296,0.27960810971560646,0.27960810971560646,0.540312197173086,FALSE,FALSE
1979-06-23,Amundsen_Bellingshausen,3.812506993,0.23811143476229504,0.23811143476229504,0.540312197173086,FALSE,FALSE
1979-06-25,Amundsen_Bellingshausen,3.831298234,0.23454191722150108,0.23454191722150108,0.540312197173086,FALSE,FALSE
1979-06-27,Amundsen_Bellingshausen,3.870337555,0.2502924556493942,0.2502924556493942,0.540312197173086,FALSE,FALSE
1979-06-29,Amundsen_Bellingshausen,3.893938455,0.24945340363831023,0.24945340363831023,0.540312197173086,FALSE,FALSE
1979-07-01,Amundsen_Bellingshausen,3.944633892,0.27480844610884114,0.27480844610884114,0.540312197173086,FALSE,FALSE
1979-07-03,Amundsen_Bellingshausen,3.933111858,0.23732840603679595,0.23732840603679595,0.540312197173086,FALSE,FALSE
1979-07-05,Amundsen_Bellingshausen,3.854289523,0.13221328439798707,0.13221328439798707,0.540312197173086,FALSE,FALSE
1979-07-07,Amundsen_Bellingshausen,3.865324096,0.11690312116822676,0.11690312116822676,0.540312197173086,FALSE,FALSE
1979-07-09,Amundsen_Bellingshausen,3.960228084,0.18569321800991112,0.18569321800991112,0.540312197173086,FALSE,FALSE
1979-07-11,Amundsen_Bellingshausen,3.945886195,0.14570715180334037,0.14570715180334037,0.540312197173086,FALSE,FALSE
1979-07-13,Amundsen_Bellingshausen,4.000318891,0.17507504357542336,0.17507504357542336,0.540312197173086,FALSE,FALSE
1979-07-15,Amundsen_Bellingshausen,4.053794557,0.20415129866519433,0.20415129866519433,0.540312197173086,FALSE,FALSE
1979-07-17,Amundsen_Bellingshausen,4.034998783,0.16170752741167949,0.16170752741167949,0.540312197173086,FALSE,FALSE
1979-07-19,Amundsen_Bellingshausen,4.069396505,0.1732946861539184,0.1732946861539184,0.540312197173086,FALSE,FALSE
1979-07-21,Amundsen_Bellingshausen,4.068520817,0.15053188923093064,0.15053188923093064,0.540312197173086,FALSE,FALSE
1979-07-23,Amundsen_Bellingshausen,4.15664561,0.21778403180755343,0.21778403180755343,0.540312197173086,FALSE,FALSE
1979-07-25,Amundsen_Bellingshausen,4.220897911,0.26230477933345053,0.26230477933345053,0.540312197173086,FALSE,FALSE
1979-07-27,Amundsen_Bellingshausen,4.194641011,0.21759957514000217,0.21759957514000217,0.540312197173086,FALSE,FALSE
1979-07-29,Amundsen_Bellingshausen,4.151131498,0.1570672234507029,0.1570672234507029,0.540312197173086,FALSE,FALSE
1979-07-31,Amundsen_Bellingshausen,4.099632623,0.09011319148905096,0.09011319148905096,0.540312197173086,FALSE,FALSE
1979-08-01,Amundsen_Bellingshausen,4.119996894,0.10338220722594116,0.10338220722594116,0.540312197173086,FALSE,FALSE
1979-08-02,Amundsen_Bellingshausen,4.129801823,0.1065371324785538,0.1065371324785538,0.540312197173086,FALSE,FALSE
1979-08-04,Amundsen_Bellingshausen,4.036268282,0.00109620439936275,0.00109620439936275,0.540312197173086,FALSE,FALSE
1979-08-06,Amundsen_Bellingshausen,3.931879166,-0.11353695379706608,0.11353695379706608,0.540312197173086,FALSE,FALSE
1979-08-08,Amundsen_Bellingshausen,3.858654126,-0.19580641376774063,0.19580641376774063,0.540312197173086,FALSE,FALSE
1979-08-10,Amundsen_Bellingshausen,3.968766687,-0.09401395264100776,0.09401395264100776,0.540312197173086,FALSE,FALSE
1979-08-12,Amundsen_Bellingshausen,4.030555995,-0.0402957265452013,0.0402957265452013,0.540312197173086,FALSE,FALSE
1979-08-14,Amundsen_Bellingshausen,3.97776328,-0.101385807608668,0.101385807608668,0.540312197173086,FALSE,FALSE
1979-08-16,Amundsen_Bellingshausen,4.014888229,-0.0732576493202588,0.0732576493202588,0.540312197173086,FALSE,FALSE
1979-08-18,Amundsen_Bellingshausen,4.07614424,-0.02182749027104336,0.02182749027104336,0.540312197173086,FALSE,FALSE
1979-08-20,Amundsen_Bellingshausen,4.129176961,0.02113718720207114,0.02113718720207114,0.540312197173086,FALSE,FALSE
1979-08-22,Amundsen_Bellingshausen,4.169956912,0.05228343111376699,0.05228343111376699,0.540312197173086,FALSE,FALSE
1979-08-24,Amundsen_Bellingshausen,4.149246034,0.02304971047873749,0.02304971047873749,0.540312197173086,FALSE,FALSE
1979-08-26,Amundsen_Bellingshausen,4.055137262,-0.07779451168832985,0.07779451168832985,0.540312197173086,FALSE,FALSE
1979-08-28,Amundsen_Bellingshausen,4.015037124,-0.12216617937274332,0.12216617937274332,0.540312197173086,FALSE,FALSE
1979-08-30,Amundsen_Bellingshausen,4.031044681,-0.10744078310775772,0.10744078310775772,0.540312197173086,FALSE,FALSE
1979-09-01,Amundsen_Bellingshausen,3.98335575,-0.15364070376725936,0.15364070376725936,0.540312197173086,FALSE,FALSE
1979-09-03,Amundsen_Bellingshausen,3.947611496,-0.18557139348374507,0.18557139348374507,0.540312197173086,FALSE,FALSE
1979-09-05,Amundsen_Bellingshausen,3.986764925,-0.14072652479479508,0.14072652479479508,0.540312197173086,FALSE,FALSE
1979-09-07,Amundsen_Bellingshausen,4.04930383,-0.07106498323799215,0.07106498323799215,0.540312197173086,FALSE,FALSE
1979-09-09,Amundsen_Bellingshausen,3.986828108,-0.12543355035092765,0.12543355035092765,0.540312197173086,FALSE,FALSE
1979-09-11,Amundsen_Bellingshausen,3.944391308,-0.1591999771354029,0.1591999771354029,0.540312197173086,FALSE,FALSE
1979-09-13,Amundsen_Bellingshausen,3.946744927,-0.14770601245591575,0.14770601245591575,0.540312197173086,FALSE,FALSE
1979-09-15,Amundsen_Bellingshausen,3.945881357,-0.13882404423377093,0.13882404423377093,0.540312197173086,FALSE,FALSE
1979-09-17,Amundsen_Bellingshausen,3.935579655,-0.13863515537647464,0.13863515537647464,0.540312197173086,FALSE,FALSE
1979-09-19,Amundsen_Bellingshausen,3.949636907,-0.11320239979153036,0.11320239979153036,0.540312197173086,FALSE,FALSE
1979-09-21,Amundsen_Bellingshausen,3.949715186,-0.10072384438643,0.10072384438643,0.540312197173086,FALSE,FALSE
1979-09-23,Amundsen_Bellingshausen,3.95641107,-0.08046363214387009,0.08046363214387009,0.540312197173086,FALSE,FALSE
1979-09-25,Amundsen_Bellingshausen,4.02362602,0.0015868324549082,0.0015868324549082,0.540312197173086,FALSE,FALSE
1979-09-27,Amundsen_Bellingshausen,4.055933257,0.05005958503999697,0.05005958503999697,0.540312197173086,FALSE,FALSE
1979-09-29,Amundsen_Bellingshausen,4.066902771,0.0785794446467416,0.0785794446467416,0.540312197173086,FALSE,FALSE
1979-10-01,Amundsen_Bellingshausen,4.0636269,0.0942935783104888,0.0942935783104888,0.540312197173086,FALSE,FALSE
1979-10-03,Amundsen_Bellingshausen,4.067489047,0.11864021806658752,0.11864021806658752,0.540312197173086,FALSE,FALSE
1979-10-05,Amundsen_Bellingshausen,4.049397049,0.1225820148421528,0.1225820148421528,0.540312197173086,FALSE,FALSE
1979-10-07,Amundsen_Bellingshausen,4.000434555,0.09713048155759818,0.09713048155759818,0.540312197173086,FALSE,FALSE
1979-10-09,Amundsen_Bellingshausen,3.966774315,0.08795122860997395,0.08795122860997395,0.540312197173086,FALSE,FALSE
1979-10-11,Amundsen_Bellingshausen,3.907045325,0.05307301490404637,0.05307301490404637,0.540312197173086,FALSE,FALSE
1979-10-13,Amundsen_Bellingshausen,3.869734552,0.04038257034459214,0.04038257034459214,0.540312197173086,FALSE,FALSE
1979-10-15,Amundsen_Bellingshausen,3.853185655,0.04762331683638443,0.04762331683638443,0.540312197173086,FALSE,FALSE
1979-10-17,Amundsen_Bellingshausen,3.797610005,0.01440638828419338,0.01440638828419338,0.540312197173086,FALSE,FALSE
1979-10-19,Amundsen_Bellingshausen,3.770105875,0.00731292077700418,0.00731292077700418,0.540312197173086,FALSE,FALSE
1979-10-21,Amundsen_Bellingshausen,3.78627352,0.04212887983898161,0.04212887983898161,0.540312197173086,FALSE,FALSE
1979-10-23,Amundsen_Bellingshausen,3.730802931,0.00408337690618054,0.00408337690618054,0.540312197173086,FALSE,FALSE
1979-10-25,Amundsen_Bellingshausen,3.71683035,0.00685445128948414,0.00685445128948414,0.540312197173086,FALSE,FALSE
1979-10-27,Amundsen_Bellingshausen,3.724684809,0.03131293229977849,0.03131293229977849,0.540312197173086,FALSE,FALSE
1979-10-29,Amundsen_Bellingshausen,3.709906947,0.03354125624794468,0.03354125624794468,0.540312197173086,FALSE,FALSE
1979-10-31,Amundsen_Bellingshausen,3.737216644,0.07879007498385038,0.07879007498385038,0.540312197173086,FALSE,FALSE
1979-11-01,Amundsen_Bellingshausen,3.68974319,0.04072764561396713,0.04072764561396713,0.540312197173086,FALSE,FALSE
1979-11-02,Amundsen_Bellingshausen,3.743650902,0.10432726119131353,0.10432726119131353,0.540312197173086,FALSE,FALSE
1979-11-04,Amundsen_Bellingshausen,3.670676999,0.05152282403314334,0.05152282403314334,0.540312197173086,FALSE,FALSE
1979-11-06,Amundsen_Bellingshausen,3.637755702,0.03972357420025618,0.03972357420025618,0.540312197173086,FALSE,FALSE
1979-11-08,Amundsen_Bellingshausen,3.64927639,0.0732049343835639,0.0732049343835639,0.540312197173086,FALSE,FALSE
1979-11-10,Amundsen_Bellingshausen,3.601981344,0.04859522927399196,0.04859522927399196,0.540312197173086,FALSE,FALSE
1979-11-12,Amundsen_Bellingshausen,3.584718998,0.05462891574148187,0.05462891574148187,0.540312197173086,FALSE,FALSE
1979-11-14,Amundsen_Bellingshausen,3.621677519,0.11537372016130432,0.11537372016130432,0.540312197173086,FALSE,FALSE
1979-11-16,Amundsen_Bellingshausen,3.659608574,0.17744528133281756,0.17744528133281756,0.540312197173086,FALSE,FALSE
1979-11-18,Amundsen_Bellingshausen,3.711095726,0.25328883142290515,0.25328883142290515,0.540312197173086,FALSE,FALSE
1979-11-20,Amundsen_Bellingshausen,3.722075369,0.28870243359845293,0.28870243359845293,0.540312197173086,FALSE,FALSE
1979-11-22,Amundsen_Bellingshausen,3.724156602,0.3151568560263458,0.3151568560263458,0.540312197173086,FALSE,FALSE
1979-11-24,Amundsen_Bellingshausen,3.735102589,0.3502769318734682,0.3502769318734682,0.540312197173086,FALSE,FALSE
1979-11-26,Amundsen_Bellingshausen,3.723650244,0.3627202733055408,0.3627202733055408,0.540312197173086,FALSE,FALSE
1979-11-28,Amundsen_Bellingshausen,3.688759196,0.351707372601489,0.351707372601489,0.540312197173086,FALSE,FALSE
1979-11-30,Amundsen_Bellingshausen,3.668441711,0.35563295519118476,0.35563295519118476,0.540312197173086,FALSE,FALSE
1979-12-01,Amundsen_Bellingshausen,3.582172877,0.2817420663658967,0.2817420663658967,0.540312197173086,FALSE,FALSE
1979-12-02,Amundsen_Bellingshausen,3.7086986,0.42088044413769543,0.42088044413769543,0.540312197173086,FALSE,FALSE
1979-12-04,Amundsen_Bellingshausen,3.682635315,0.42093790350408833,0.42093790350408833,0.540312197173086,FALSE,FALSE
1979-12-06,Amundsen_Bellingshausen,3.676418352,0.44235444135343105,0.44235444135343105,0.540312197173086,FALSE,FALSE
1979-12-08,Amundsen_Bellingshausen,3.646831811,0.4423190207857602,0.4423190207857602,0.540312197173086,FALSE,FALSE
1979-12-10,Amundsen_Bellingshausen,3.617173358,0.44488600268528344,0.44488600268528344,0.540312197173086,FALSE,FALSE
1979-12-12,Amundsen_Bellingshausen,3.577408066,0.44105799445406335,0.44105799445406335,0.540312197173086,FALSE,FALSE
1979-12-14,Amundsen_Bellingshausen,3.554491387,0.4588358086272568,0.4588358086272568,0.540312197173086,FALSE,FALSE
1979-12-16,Amundsen_Bellingshausen,3.537654267,0.4884957517400154,0.4884957517400154,0.540312197173086,FALSE,FALSE
1979-12-18,Amundsen_Bellingshausen,3.365129162,0.369315640327494,0.369315640327494,0.540312197173086,FALSE,FALSE
1979-12-20,Amundsen_Bellingshausen,3.296707421,0.36212223905840446,0.36212223905840446,0.540312197173086,FALSE,FALSE
1979-12-22,Amundsen_Bellingshausen,3.102217761,0.2369655031101474,0.2369655031101474,0.540312197173086,FALSE,FALSE
1979-12-24,Amundsen_Bellingshausen,2.819556553,0.03055700595820543,0.03055700595820543,0.540312197173086,FALSE,FALSE
1979-12-26,Amundsen_Bellingshausen,2.67117936,-0.03597199641513082,0.03597199641513082,0.540312197173086,FALSE,FALSE
1979-12-28,Amundsen_Bellingshausen,2.554733993,-0.06629800002755992,0.06629800002755992,0.540312197173086,FALSE,FALSE
1979-12-30,Amundsen_Bellingshausen,2.452342193,-0.07962357089678962,0.07962357089678962,0.540312197173086,FALSE,FALSE
1980-01-01,Amundsen_Bellingshausen,2.451842287,0.01056531095947566,0.01056531095947566,0.540312197173086,FALSE,FALSE
1980-01-03,Amundsen_Bellingshausen,2.345107231,-0.00512864142818836,0.00512864142818836,0.540312197173086,FALSE,FALSE
1980-01-05,Amundsen_Bellingshausen,2.272680601,0.01278416116393854,0.01278416116393854,0.540312197173086,FALSE,FALSE
1980-01-07,Amundsen_Bellingshausen,2.194547333,0.02328873200784542,0.02328873200784542,0.540312197173086,FALSE,FALSE
1980-01-09,Amundsen_Bellingshausen,2.099807279,0.01448500037552547,0.01448500037552547,0.540312197173086,FALSE,FALSE
1980-01-11,Amundsen_Bellingshausen,2.060618203,0.05753080753897777,0.05753080753897777,0.540312197173086,FALSE,FALSE
1980-01-13,Amundsen_Bellingshausen,2.018042123,0.09248824877019612,0.09248824877019612,0.540312197173086,FALSE,FALSE
1980-01-15,Amundsen_Bellingshausen,1.987254962,0.13361133168095551,0.13361133168095551,0.540312197173086,FALSE,FALSE
1980-01-17,Amundsen_Bellingshausen,1.932945564,0.1454531758599773,0.1454531758599773,0.540312197173086,FALSE,FALSE
1980-01-19,Amundsen_Bellingshausen,1.910257283,0.1834766617807444,0.1834766617807444,0.540312197173086,FALSE,FALSE
1980-01-21,Amundsen_Bellingshausen,1.830069486,0.1588862436320546,0.1588862436320546,0.540312197173086,FALSE,FALSE
1980-01-23,Amundsen_Bellingshausen,1.761188586,0.14081342160270816,0.14081342160270816,0.540312197173086,FALSE,FALSE
1980-01-25,Amundsen_Bellingshausen,1.679500598,0.10546929788150484,0.10546929788150484,0.540312197173086,FALSE,FALSE
1980-01-27,Amundsen_Bellingshausen,1.607909847,0.0760810805323553,0.0760810805323553,0.540312197173086,FALSE,FALSE
1980-01-29,Amundsen_Bellingshausen,1.572814738,0.07929096295472315,0.07929096295472315,0.540312197173086,FALSE,FALSE
1980-01-31,Amundsen_Bellingshausen,1.552876992,0.09390536586879628,0.09390536586879628,0.540312197173086,FALSE,FALSE
1980-02-01,Amundsen_Bellingshausen,1.329235097,-0.11382451029741047,0.11382451029741047,0.540312197173086,FALSE,FALSE
1980-02-02,Amundsen_Bellingshausen,1.540128442,0.11209455529014913,0.11209455529014913,0.540312197173086,FALSE,FALSE
1980-02-04,Amundsen_Bellingshausen,1.457577819,0.05700569523435783,0.05700569523435783,0.540312197173086,FALSE,FALSE
1980-02-06,Amundsen_Bellingshausen,1.421239697,0.04479179271699518,0.04479179271699518,0.540312197173086,FALSE,FALSE
1980-02-08,Amundsen_Bellingshausen,1.370738782,0.01521590117920368,0.01521590117920368,0.540312197173086,FALSE,FALSE
1980-02-10,Amundsen_Bellingshausen,1.332288706,-0.0054381733213209,0.0054381733213209,0.540312197173086,FALSE,FALSE
1980-02-12,Amundsen_Bellingshausen,1.287614615,-0.03556582570033573,0.03556582570033573,0.540312197173086,FALSE,FALSE
1980-02-14,Amundsen_Bellingshausen,1.246262413,-0.06577478772521106,0.06577478772521106,0.540312197173086,FALSE,FALSE
1980-02-16,Amundsen_Bellingshausen,1.224078303,-0.08037249216331599,0.08037249216331599,0.540312197173086,FALSE,FALSE
1980-02-18,Amundsen_Bellingshausen,1.214521231,-0.08605362878201706,0.08605362878201706,0.540312197173086,FALSE,FALSE
1980-02-20,Amundsen_Bellingshausen,1.241878393,-0.05868463734868645,0.05868463734868645,0.540312197173086,FALSE,FALSE
1980-02-22,Amundsen_Bellingshausen,1.248861558,-0.05565380682457821,0.05565380682457821,0.540312197173086,FALSE,FALSE
1980-02-24,Amundsen_Bellingshausen,1.24436545,-0.06780377841386187,0.06780377841386187,0.540312197173086,FALSE,FALSE
1980-02-26,Amundsen_Bellingshausen,1.236327644,-0.08678394929492139,0.08678394929492139,0.540312197173086,FALSE,FALSE
1980-02-28,Amundsen_Bellingshausen,1.232043309,-0.10488563818247076,0.10488563818247076,0.540312197173086,FALSE,FALSE
1980-03-01,Amundsen_Bellingshausen,1.221387913,-0.1318198647912252,0.1318198647912252,0.540312197173086,FALSE,FALSE
1980-03-03,Amundsen_Bellingshausen,1.25320675,-0.11832782283589992,0.11832782283589992,0.540312197173086,FALSE,FALSE
1980-03-05,Amundsen_Bellingshausen,1.300291051,-0.09121715864969926,0.09121715864969926,0.540312197173086,FALSE,FALSE
1980-03-07,Amundsen_Bellingshausen,1.330729444,-0.08224174885125035,0.08224174885125035,0.540312197173086,FALSE,FALSE
1980-03-09,Amundsen_Bellingshausen,1.335088876,-0.10089981276951132,0.10089981276951132,0.540312197173086,FALSE,FALSE
1980-03-11,Amundsen_Bellingshausen,1.393865806,-0.06676824359026834,0.06676824359026834,0.540312197173086,FALSE,FALSE
1980-03-13,Amundsen_Bellingshausen,1.507145947,0.02016531950068878,0.02016531950068878,0.540312197173086,FALSE,FALSE
1980-03-15,Amundsen_Bellingshausen,1.547898157,0.0327963823175752,0.0327963823175752,0.540312197173086,FALSE,FALSE
1980-03-17,Amundsen_Bellingshausen,1.543043826,-0.00202652654343826,0.00202652654343826,0.540312197173086,FALSE,FALSE
1980-03-19,Amundsen_Bellingshausen,1.583560266,0.00666583817916977,0.00666583817916977,0.540312197173086,FALSE,FALSE
1980-03-21,Amundsen_Bellingshausen,1.57356317,-0.03689003622563258,0.03689003622563258,0.540312197173086,FALSE,FALSE
1980-03-23,Amundsen_Bellingshausen,1.582281315,-0.0633293427653927,0.0633293427653927,0.540312197173086,FALSE,FALSE
1980-03-25,Amundsen_Bellingshausen,1.575826685,-0.10640406744765785,0.10640406744765785,0.540312197173086,FALSE,FALSE
1980-03-27,Amundsen_Bellingshausen,1.561160708,-0.15901675227997303,0.15901675227997303,0.540312197173086,FALSE,FALSE
1980-03-29,Amundsen_Bellingshausen,1.609833881,-0.1494808702698882,0.1494808702698882,0.540312197173086,FALSE,FALSE
1980-03-31,Amundsen_Bellingshausen,1.629250303,-0.17028430835289066,0.17028430835289066,0.540312197173086,FALSE,FALSE
1980-04-01,Amundsen_Bellingshausen,2.391303502,0.5712482308581497,0.5712482308581497,0.540312197173086,TRUE,FALSE
1980-04-02,Amundsen_Bellingshausen,1.596193131,-0.2446668015401019,0.2446668015401019,0.540312197173086,FALSE,FALSE
1980-04-04,Amundsen_Bellingshausen,1.65500662,-0.22834519004397305,0.22834519004397305,0.540312197173086,FALSE,FALSE
1980-04-06,Amundsen_Bellingshausen,1.812009608,-0.115061735623482,0.115061735623482,0.540312197173086,FALSE,FALSE
1980-04-08,Amundsen_Bellingshausen,1.826084405,-0.14599522803761156,0.14599522803761156,0.540312197173086,FALSE,FALSE
1980-04-10,Amundsen_Bellingshausen,1.940450216,-0.07798756204534696,0.07798756204534696,0.540312197173086,FALSE,FALSE
1980-04-12,Amundsen_Bellingshausen,2.020046475,-0.04615670712790276,0.04615670712790276,0.540312197173086,FALSE,FALSE
1980-04-14,Amundsen_Bellingshausen,2.065066599,-0.05032183745074725,0.05032183745074725,0.540312197173086,FALSE,FALSE
1980-04-16,Amundsen_Bellingshausen,2.127931845,-0.03804447607136785,0.03804447607136785,0.540312197173086,FALSE,FALSE
1980-04-18,Amundsen_Bellingshausen,2.232114317,0.01416523984731155,0.01416523984731155,0.540312197173086,FALSE,FALSE
1980-04-20,Amundsen_Bellingshausen,2.297998109,0.02670916314235549,0.02670916314235549,0.540312197173086,FALSE,FALSE
1980-04-22,Amundsen_Bellingshausen,2.374965569,0.04898740065083906,0.04898740065083906,0.540312197173086,FALSE,FALSE
1980-04-24,Amundsen_Bellingshausen,2.506111655,0.12411701037776623,0.12411701037776623,0.540312197173086,FALSE,FALSE
1980-04-26,Amundsen_Bellingshausen,2.578499353,0.13939682963720568,0.13939682963720568,0.540312197173086,FALSE,FALSE
1980-04-28,Amundsen_Bellingshausen,2.660115177,0.16335614914455163,0.16335614914455163,0.540312197173086,FALSE,FALSE
1980-04-30,Amundsen_Bellingshausen,2.763761487,0.20936384961470056,0.20936384961470056,0.540312197173086,FALSE,FALSE
1980-05-01,Amundsen_Bellingshausen,3.582730607,0.9996974131842328,0.9996974131842328,0.540312197173086,TRUE,FALSE
1980-05-02,Amundsen_Bellingshausen,2.836511409,0.22505957776255547,0.22505957776255547,0.540312197173086,FALSE,FALSE
1980-05-04,Amundsen_Bellingshausen,2.908345491,0.24099040230302335,0.24099040230302335,0.540312197173086,FALSE,FALSE
1980-05-06,Amundsen_Bellingshausen,3.017797975,0.2962570469678769,0.2962570469678769,0.540312197173086,FALSE,FALSE
1980-05-08,Amundsen_Bellingshausen,3.138250162,0.36466228213136054,0.36466228213136054,0.540312197173086,FALSE,FALSE
1980-05-10,Amundsen_Bellingshausen,3.207537373,0.3839907930147568,0.3839907930147568,0.540312197173086,FALSE,FALSE
1980-05-12,Amundsen_Bellingshausen,3.207884303,0.33632072572959215,0.33632072572959215,0.540312197173086,FALSE,FALSE
1980-05-14,Amundsen_Bellingshausen,3.280335954,0.3625505333873859,0.3625505333873859,0.540312197173086,FALSE,FALSE
1980-05-16,Amundsen_Bellingshausen,3.390270744,0.42791208509966694,0.42791208509966694,0.540312197173086,FALSE,FALSE
1980-05-18,Amundsen_Bellingshausen,3.512686381,0.5072565399779569,0.5072565399779569,0.540312197173086,FALSE,FALSE
1980-05-20,Amundsen_Bellingshausen,3.579849465,0.5327053197760798,0.5327053197760798,0.540312197173086,FALSE,FALSE
1980-05-22,Amundsen_Bellingshausen,3.58234633,0.4947105337592732,0.4947105337592732,0.540312197173086,FALSE,FALSE
1980-05-24,Amundsen_Bellingshausen,3.616994938,0.4899611704712532,0.4899611704712532,0.540312197173086,FALSE,FALSE
1980-05-26,Amundsen_Bellingshausen,3.709315437,0.5438484375015591,0.5438484375015591,0.540312197173086,TRUE,TRUE
1980-05-28,Amundsen_Bellingshausen,3.809681539,0.6066171064397365,0.6066171064397365,0.540312197173086,TRUE,TRUE
1980-05-30,Amundsen_Bellingshausen,3.913925131,0.673970123875324,0.673970123875324,0.540312197173086,TRUE,TRUE
1980-06-01,Amundsen_Bellingshausen,3.944363558,0.668104062667259,0.668104062667259,0.540312197173086,TRUE,TRUE
1980-06-03,Amundsen_Bellingshausen,3.955621062,0.6437263940119129,0.6437263940119129,0.540312197173086,TRUE,TRUE
1980-06-05,Amundsen_Bellingshausen,3.994471394,0.6479074852132847,0.6479074852132847,0.540312197173086,TRUE,TRUE
1980-06-07,Amundsen_Bellingshausen,4.094670647,0.7147100921895126,0.7147100921895126,0.540312197173086,TRUE,TRUE
1980-06-09,Amundsen_Bellingshausen,4.179006294,0.7672283508587388,0.7672283508587388,0.540312197173086,TRUE,TRUE
1980-06-11,Amundsen_Bellingshausen,4.218270385,0.7765609741390995,0.7765609741390995,0.540312197173086,TRUE,TRUE
1980-06-13,Amundsen_Bellingshausen,4.189680233,0.7202309142232401,0.7202309142232401,0.540312197173086,TRUE,TRUE
1980-06-15,Amundsen_Bellingshausen,4.162522608,0.6675820057547712,0.6675820057547712,0.540312197173086,TRUE,TRUE
1980-06-17,Amundsen_Bellingshausen,4.139586222,0.6208890672860852,0.6208890672860852,0.540312197173086,TRUE,TRUE
1980-06-19,Amundsen_Bellingshausen,4.135824402,0.5945116779351043,0.5945116779351043,0.540312197173086,TRUE,TRUE
1980-06-21,Amundsen_Bellingshausen,4.131313217,0.5679321588197555,0.5679321588197555,0.540312197173086,TRUE,TRUE
1980-06-23,Amundsen_Bellingshausen,4.13385727,0.5483613650579624,0.5483613650579624,0.540312197173086,TRUE,TRUE
1980-06-25,Amundsen_Bellingshausen,4.071276932,0.46302591976764873,0.46302591976764873,0.540312197173086,FALSE,FALSE
1980-06-27,Amundsen_Bellingshausen,4.036156727,0.40402188389463856,0.40402188389463856,0.540312197173086,FALSE,FALSE
1980-06-29,Amundsen_Bellingshausen,4.111165427,0.45410505675238566,0.45410505675238566,0.540312197173086,FALSE,FALSE
1980-07-01,Amundsen_Bellingshausen,4.180975187,0.49823026257965175,0.49823026257965175,0.540312197173086,FALSE,FALSE
1980-07-03,Amundsen_Bellingshausen,4.29404653,0.5851408553522504,0.5851408553522504,0.540312197173086,TRUE,FALSE
1980-07-05,Amundsen_Bellingshausen,4.358148479,0.6228886890459866,0.6228886890459866,0.540312197173086,TRUE,FALSE
1980-07-07,Amundsen_Bellingshausen,4.35944735,0.5979229106366799,0.5979229106366799,0.540312197173086,TRUE,FALSE
1980-07-09,Amundsen_Bellingshausen,4.246096279,0.4586722790554827,0.4586722790554827,0.540312197173086,FALSE,FALSE
1980-07-11,Amundsen_Bellingshausen,4.315226193,0.5024369497958614,0.5024369497958614,0.540312197173086,FALSE,FALSE
1980-07-13,Amundsen_Bellingshausen,4.417744099,0.5802119956844081,0.5802119956844081,0.540312197173086,TRUE,TRUE
1980-07-15,Amundsen_Bellingshausen,4.46779377,0.6062272100601582,0.6062272100601582,0.540312197173086,TRUE,TRUE
1980-07-17,Amundsen_Bellingshausen,4.490702164,0.6058955712621423,0.6058955712621423,0.540312197173086,TRUE,TRUE
1980-07-19,Amundsen_Bellingshausen,4.643363369,0.7361971876293869,0.7361971876293869,0.540312197173086,TRUE,TRUE
1980-07-21,Amundsen_Bellingshausen,4.7450163,0.8164572744550043,0.8164572744550043,0.540312197173086,TRUE,TRUE
1980-07-23,Amundsen_Bellingshausen,4.816218885,0.8673400124243895,0.8673400124243895,0.540312197173086,TRUE,TRUE
1980-07-25,Amundsen_Bellingshausen,4.893095402,0.9251088235626744,0.9251088235626744,0.540312197173086,TRUE,TRUE
1980-07-27,Amundsen_Bellingshausen,4.917709349,0.9319694220933634,0.9319694220933634,0.540312197173086,TRUE,TRUE
1980-07-29,Amundsen_Bellingshausen,4.979272271,0.9772755692399508,0.9772755692399508,0.540312197173086,TRUE,TRUE
1980-07-31,Amundsen_Bellingshausen,5.025275059,1.0086603722259415,1.0086603722259415,0.540312197173086,TRUE,TRUE
1980-08-01,Amundsen_Bellingshausen,5.172579007,1.149314316478554,1.149314316478554,0.540312197173086,TRUE,TRUE
1980-08-02,Amundsen_Bellingshausen,5.049569853,1.0201181867473386,1.0201181867473386,0.540312197173086,TRUE,TRUE
1980-08-04,Amundsen_Bellingshausen,5.104612562,1.0641388041399065,1.0641388041399065,0.540312197173086,TRUE,TRUE
1980-08-06,Amundsen_Bellingshausen,5.068265729,1.0182071528223977,1.0182071528223977,0.540312197173086,TRUE,TRUE
1980-08-08,Amundsen_Bellingshausen,5.000537894,0.9418564706664716,0.9418564706664716,0.540312197173086,TRUE,TRUE
1980-08-10,Amundsen_Bellingshausen,5.073553108,1.0067355065437835,1.0067355065437835,0.540312197173086,TRUE,TRUE
1980-08-12,Amundsen_Bellingshausen,5.093877385,1.0189349723259964,1.0189349723259964,0.540312197173086,TRUE,TRUE
1980-08-14,Amundsen_Bellingshausen,5.207868705,1.1243375458847646,1.1243375458847646,0.540312197173086,TRUE,TRUE
1980-08-16,Amundsen_Bellingshausen,5.296904672,1.203918424652282,1.203918424652282,0.540312197173086,TRUE,TRUE
1980-08-18,Amundsen_Bellingshausen,5.272800224,1.1697824629116085,1.1697824629116085,0.540312197173086,TRUE,TRUE
1980-08-20,Amundsen_Bellingshausen,5.214712501,1.1017592986021771,1.1017592986021771,0.540312197173086,TRUE,TRUE
1980-08-22,Amundsen_Bellingshausen,5.0973204580000004,0.9752044147386753,0.9752044147386753,0.540312197173086,TRUE,TRUE
1980-08-24,Amundsen_Bellingshausen,5.061410409,0.9315806533357938,0.9315806533357938,0.540312197173086,TRUE,TRUE
1980-08-26,Amundsen_Bellingshausen,5.077578481,0.9421606694082164,0.9421606694082164,0.540312197173086,TRUE,TRUE
1980-08-28,Amundsen_Bellingshausen,5.160922944,1.0227042694936204,1.0227042694936204,0.540312197173086,TRUE,TRUE
1980-08-30,Amundsen_Bellingshausen,5.203507494,1.0654480484110147,1.0654480484110147,0.540312197173086,TRUE,TRUE
1980-09-01,Amundsen_Bellingshausen,5.21721278,1.081860456540218,1.081860456540218,0.540312197173086,TRUE,TRUE
1980-09-03,Amundsen_Bellingshausen,5.182846156,1.0523021693436494,1.0523021693436494,0.540312197173086,TRUE,TRUE
1980-09-05,Amundsen_Bellingshausen,5.165103418,1.0410223042837234,1.0410223042837234,0.540312197173086,TRUE,TRUE
1980-09-07,Amundsen_Bellingshausen,5.123930219,1.0075198358228556,1.0075198358228556,0.540312197173086,TRUE,TRUE
1980-09-09,Amundsen_Bellingshausen,5.082816214,0.9748379969494404,0.9748379969494404,0.540312197173086,TRUE,TRUE
1980-09-11,Amundsen_Bellingshausen,4.990599161,0.8915111408922893,0.8915111408922893,0.540312197173086,TRUE,TRUE
1980-09-13,Amundsen_Bellingshausen,4.997818415,0.9081558543315468,0.9081558543315468,0.540312197173086,TRUE,TRUE
1980-09-15,Amundsen_Bellingshausen,5.012244469,0.932682490359702,0.932682490359702,0.540312197173086,TRUE,TRUE
1980-09-17,Amundsen_Bellingshausen,4.974283167,0.9056367530692588,0.9056367530692588,0.540312197173086,TRUE,TRUE
1980-09-19,Amundsen_Bellingshausen,5.058166503,1.0013904965527205,1.0013904965527205,0.540312197173086,TRUE,TRUE
1980-09-21,Amundsen_Bellingshausen,5.165664518,1.1218536219025808,1.1218536219025808,0.540312197173086,TRUE,TRUE
1980-09-23,Amundsen_Bellingshausen,5.248195957,1.2185761888469375,1.2185761888469375,0.540312197173086,TRUE,TRUE
1980-09-25,Amundsen_Bellingshausen,5.190381557,1.176255450309454,1.176255450309454,0.540312197173086,TRUE,TRUE
1980-09-27,Amundsen_Bellingshausen,5.142859341,1.145584311275953,1.145584311275953,0.540312197173086,TRUE,TRUE
1980-09-29,Amundsen_Bellingshausen,5.069730622,1.0907189137817794,1.0907189137817794,0.540312197173086,TRUE,TRUE
1980-10-01,Amundsen_Bellingshausen,4.972623329,1.013342015862285,1.013342015862285,0.540312197173086,TRUE,TRUE
1980-10-03,Amundsen_Bellingshausen,4.88660795,0.94857893455281606,0.94857893455281606,0.540312197173086,TRUE,TRUE
1980-10-05,Amundsen_Bellingshausen,4.890729692,0.9755113700893084,0.9755113700893084,0.540312197173086,TRUE,TRUE
1980-10-07,Amundsen_Bellingshausen,4.892325327,1.0011780086101214,1.0011780086101214,0.540312197173086,TRUE,TRUE
1980-10-09,Amundsen_Bellingshausen,4.950146794,1.083740386920249,1.083740386920249,0.540312197173086,TRUE,TRUE
1980-10-11,Amundsen_Bellingshausen,4.954903458,1.1133076329244629,1.1133076329244629,0.540312197173086,TRUE,TRUE
1980-10-13,Amundsen_Bellingshausen,4.890049384,1.0727335745275353,1.0727335745275353,0.540312197173086,TRUE,TRUE
1980-10-15,Amundsen_Bellingshausen,4.786253257,0.9920866596342384,0.9920866596342384,0.540312197173086,TRUE,TRUE
1980-10-17,Amundsen_Bellingshausen,4.648470178,0.8757250445883225,0.8757250445883225,0.540312197173086,TRUE,TRUE
1980-10-19,Amundsen_Bellingshausen,4.597689159,0.8444071276392702,0.8444071276392702,0.540312197173086,TRUE,TRUE
1980-10-21,Amundsen_Bellingshausen,4.544857726,0.8095446700399971,0.8095446700399971,0.540312197173086,TRUE,TRUE
1980-10-23,Amundsen_Bellingshausen,4.500949936,0.7826535261013885,0.7826535261013885,0.540312197173086,TRUE,TRUE
1980-10-25,Amundsen_Bellingshausen,4.455772244,0.7540819481343268,0.7540819481343268,0.540312197173086,TRUE,TRUE
1980-10-27,Amundsen_Bellingshausen,4.458188532,0.7732356154496971,0.7732356154496971,0.540312197173086,TRUE,TRUE
1980-10-29,Amundsen_Bellingshausen,4.464144683,0.7966022083583826,0.7966022083583826,0.540312197173086,TRUE,TRUE
1980-10-31,Amundsen_Bellingshausen,4.432120477,0.7831049326139667,0.7831049326139667,0.540312197173086,TRUE,TRUE
1980-11-01,Amundsen_Bellingshausen,4.16538211,0.5260584691913137,0.5260584691913137,0.540312197173086,FALSE,FALSE
1980-11-02,Amundsen_Bellingshausen,4.473485001,0.8441198981772504,0.8441198981772504,0.540312197173086,TRUE,TRUE
1980-11-04,Amundsen_Bellingshausen,4.412073406,0.8033683042203568,0.8033683042203568,0.540312197173086,TRUE,TRUE
1980-11-06,Amundsen_Bellingshausen,4.34956007,0.7624105724342027,0.7624105724342027,0.540312197173086,TRUE,TRUE
1980-11-08,Amundsen_Bellingshausen,4.354355604,0.7895433575097068,0.7895433575097068,0.540312197173086,TRUE,TRUE
1980-11-10,Amundsen_Bellingshausen,4.350839327,0.8090320221377847,0.8090320221377847,0.540312197173086,TRUE,TRUE
1980-11-12,Amundsen_Bellingshausen,4.310507369,0.7922575049303631,0.7922575049303631,0.540312197173086,TRUE,TRUE
1980-11-14,Amundsen_Bellingshausen,4.221782672,0.7275134940801697,0.7275134940801697,0.540312197173086,TRUE,TRUE
1980-11-16,Amundsen_Bellingshausen,4.136719794,0.6667163595651098,0.6667163595651098,0.540312197173086,TRUE,TRUE
1980-11-18,Amundsen_Bellingshausen,4.085900307,0.6403093425520674,0.6403093425520674,0.540312197173086,TRUE,TRUE
1980-11-20,Amundsen_Bellingshausen,3.986033075,0.5648629762079249,0.5648629762079249,0.540312197173086,TRUE,TRUE
1980-11-22,Amundsen_Bellingshausen,3.925012701,0.5281335326995733,0.5281335326995733,0.540312197173086,FALSE,FALSE
1980-11-24,Amundsen_Bellingshausen,3.902097607,0.5292458414980121,0.5292458414980121,0.540312197173086,FALSE,FALSE
1980-11-26,Amundsen_Bellingshausen,3.893428285,0.5444156861707365,0.5444156861707365,0.540312197173086,TRUE,FALSE
1980-11-28,Amundsen_Bellingshausen,3.838075886,0.5130760681056765,0.5130760681056765,0.540312197173086,FALSE,FALSE
1980-11-30,Amundsen_Bellingshausen,3.771091567,0.47066075636589666,0.47066075636589666,0.540312197173086,FALSE,FALSE
1980-12-01,Amundsen_Bellingshausen,3.652129457,0.3643113011376955,0.3643113011376955,0.540312197173086,FALSE,FALSE
1980-12-02,Amundsen_Bellingshausen,3.771454167,0.4965312020144639,0.4965312020144639,0.540312197173086,FALSE,FALSE
1980-12-04,Amundsen_Bellingshausen,3.792737628,0.5446439591144485,0.5446439591144485,0.540312197173086,TRUE,TRUE
1980-12-06,Amundsen_Bellingshausen,3.765033449,0.5454732094947348,0.5454732094947348,0.540312197173086,TRUE,TRUE
1980-12-08,Amundsen_Bellingshausen,3.74848047,0.559681751160312,0.559681751160312,0.540312197173086,TRUE,TRUE
1980-12-10,Amundsen_Bellingshausen,3.721549393,0.5667013634275704,0.5667013634275704,0.540312197173086,TRUE,TRUE
1980-12-12,Amundsen_Bellingshausen,3.70341313,0.5867503188316632,0.5867503188316632,0.540312197173086,TRUE,TRUE
1980-12-14,Amundsen_Bellingshausen,3.671145893,0.5979481899077426,0.5979481899077426,0.540312197173086,TRUE,TRUE
1980-12-16,Amundsen_Bellingshausen,3.606348691,0.5829413461909674,0.5829413461909674,0.540312197173086,TRUE,TRUE
1980-12-18,Amundsen_Bellingshausen,3.512962555,0.5467161792164892,0.5467161792164892,0.540312197173086,TRUE,TRUE
1980-12-20,Amundsen_Bellingshausen,3.432572837,0.5317063745461317,0.5317063745461317,0.540312197173086,FALSE,FALSE
1980-12-22,Amundsen_Bellingshausen,3.299301388,0.4713932813732451,0.4713932813732451,0.540312197173086,FALSE,FALSE
1980-12-24,Amundsen_Bellingshausen,3.12050954,0.3718174224878177,0.3718174224878177,0.540312197173086,FALSE,FALSE
1980-12-26,Amundsen_Bellingshausen,2.944695358,0.2801525558721494,0.2801525558721494,0.540312197173086,FALSE,FALSE
1980-12-28,Amundsen_Bellingshausen,2.724334305,0.14754983750852935,0.14754983750852935,0.540312197173086,FALSE,FALSE
1980-12-30,Amundsen_Bellingshausen,2.525185755,0.03844433437926353,0.03844433437926353,0.540312197173086,FALSE,FALSE
1981-01-01,Amundsen_Bellingshausen,2.331822432,-0.10945454404052413,0.10945454404052413,0.540312197173086,FALSE,FALSE
1981-01-03,Amundsen_Bellingshausen,1.982624313,-0.3676115594281883,0.3676115594281883,0.540312197173086,FALSE,FALSE
1981-01-05,Amundsen_Bellingshausen,1.763096271,-0.49680016883606126,0.49680016883606126,0.540312197173086,FALSE,FALSE
1981-01-07,Amundsen_Bellingshausen,1.653050195,-0.5182084059921546,0.5182084059921546,0.540312197173086,FALSE,FALSE
1981-01-09,Amundsen_Bellingshausen,1.530345813,-0.5549764656244747,0.5549764656244747,0.540312197173086,TRUE,FALSE
1981-01-11,Amundsen_Bellingshausen,1.447990873,-0.5550965224610225,0.5550965224610225,0.540312197173086,TRUE,FALSE
1981-01-13,Amundsen_Bellingshausen,1.370355255,-0.5551986192298037,0.5551986192298037,0.540312197173086,TRUE,FALSE
1981-01-15,Amundsen_Bellingshausen,1.297969804,-0.5556738263190444,0.5556738263190444,0.540312197173086,TRUE,FALSE
1981-01-17,Amundsen_Bellingshausen,1.255759181,-0.5317332071400227,0.5317332071400227,0.540312197173086,FALSE,FALSE
1981-01-19,Amundsen_Bellingshausen,1.238567575,-0.48821304621925554,0.48821304621925554,0.540312197173086,FALSE,FALSE
1981-01-21,Amundsen_Bellingshausen,1.237848053,-0.43333518936794535,0.43333518936794535,0.540312197173086,FALSE,FALSE
1981-01-23,Amundsen_Bellingshausen,1.211347425,-0.40902773939729187,0.40902773939729187,0.540312197173086,FALSE,FALSE
1981-01-25,Amundsen_Bellingshausen,1.215257169,-0.3587741311184951,0.3587741311184951,0.540312197173086,FALSE,FALSE
1981-01-27,Amundsen_Bellingshausen,1.215886336,-0.3159424304676446,0.3159424304676446,0.540312197173086,FALSE,FALSE
1981-01-29,Amundsen_Bellingshausen,1.209020152,-0.2845036230452769,0.2845036230452769,0.540312197173086,FALSE,FALSE
1981-01-31,Amundsen_Bellingshausen,1.194301561,-0.2646700651312037,0.2646700651312037,0.540312197173086,FALSE,FALSE
1981-02-01,Amundsen_Bellingshausen,1.022127081,-0.4209325262974104,0.4209325262974104,0.540312197173086,FALSE,FALSE
1981-02-02,Amundsen_Bellingshausen,1.153321801,-0.27471208570985106,0.27471208570985106,0.540312197173086,FALSE,FALSE
1981-02-04,Amundsen_Bellingshausen,1.133709046,-0.266863077765642,0.266863077765642,0.540312197173086,FALSE,FALSE
1981-02-06,Amundsen_Bellingshausen,1.10821211,-0.2682357942830049,0.2682357942830049,0.540312197173086,FALSE,FALSE
1981-02-08,Amundsen_Bellingshausen,1.069768473,-0.2857544078207963,0.2857544078207963,0.540312197173086,FALSE,FALSE
1981-02-10,Amundsen_Bellingshausen,1.055722478,-0.28200440132132076,0.28200440132132076,0.540312197173086,FALSE,FALSE
1981-02-12,Amundsen_Bellingshausen,1.051379651,-0.27180078970033583,0.27180078970033583,0.540312197173086,FALSE,FALSE
1981-02-14,Amundsen_Bellingshausen,1.041661376,-0.27037582472521104,0.27037582472521104,0.540312197173086,FALSE,FALSE
1981-02-16,Amundsen_Bellingshausen,1.001557401,-0.30289339416331607,0.30289339416331607,0.540312197173086,FALSE,FALSE
1981-02-18,Amundsen_Bellingshausen,0.999713113,-0.30086174678201705,0.30086174678201705,0.540312197173086,FALSE,FALSE
1981-02-20,Amundsen_Bellingshausen,0.996187221,-0.30437580934868635,0.30437580934868635,0.540312197173086,FALSE,FALSE
1981-02-22,Amundsen_Bellingshausen,0.993995345,-0.3105200198245782,0.3105200198245782,0.540312197173086,FALSE,FALSE
1981-02-24,Amundsen_Bellingshausen,0.973496083,-0.33867314541386195,0.33867314541386195,0.540312197173086,FALSE,FALSE
1981-02-26,Amundsen_Bellingshausen,0.937869578,-0.3852420152949213,0.3852420152949213,0.540312197173086,FALSE,FALSE
1981-02-28,Amundsen_Bellingshausen,0.929855278,-0.4070736691824708,0.4070736691824708,0.540312197173086,FALSE,FALSE
1981-03-01,Amundsen_Bellingshausen,1.137048573,-0.20773794941452772,0.20773794941452772,0.540312197173086,FALSE,FALSE
1981-03-02,Amundsen_Bellingshausen,0.915139918,-0.4380678597912252,0.4380678597912252,0.540312197173086,FALSE,FALSE
1981-03-04,Amundsen_Bellingshausen,0.891486923,-0.4800476498358998,0.4800476498358998,0.540312197173086,FALSE,FALSE
1981-03-06,Amundsen_Bellingshausen,0.913350709,-0.4781575006496993,0.4781575006496993,0.540312197173086,FALSE,FALSE
1981-03-08,Amundsen_Bellingshausen,0.889318986,-0.5236522068512502,0.5236522068512502,0.540312197173086,FALSE,FALSE
1981-03-10,Amundsen_Bellingshausen,0.917921066,-0.5180676227695112,0.5180676227695112,0.540312197173086,FALSE,FALSE
1981-03-12,Amundsen_Bellingshausen,0.969320428,-0.4913136215902684,0.4913136215902684,0.540312197173086,FALSE,FALSE
1981-03-14,Amundsen_Bellingshausen,1.018090016,-0.4688906114993112,0.4688906114993112,0.540312197173086,FALSE,FALSE
1981-03-16,Amundsen_Bellingshausen,1.088814607,-0.4262871676824249,0.4262871676824249,0.540312197173086,FALSE,FALSE
1981-03-18,Amundsen_Bellingshausen,1.09663783,-0.44843252254343824,0.44843252254343824,0.540312197173086,FALSE,FALSE
1981-03-20,Amundsen_Bellingshausen,1.107918543,-0.4689758848208303,0.4689758848208303,0.540312197173086,FALSE,FALSE
1981-03-22,Amundsen_Bellingshausen,1.124732679,-0.4857205272256324,0.4857205272256324,0.540312197173086,FALSE,FALSE
1981-03-24,Amundsen_Bellingshausen,1.177755486,-0.4678551717653927,0.4678551717653927,0.540312197173086,FALSE,FALSE
1981-03-26,Amundsen_Bellingshausen,1.23047218,-0.4517585724476578,0.4517585724476578,0.540312197173086,FALSE,FALSE
1981-03-28,Amundsen_Bellingshausen,1.270010786,-0.45016667427997303,0.45016667427997303,0.540312197173086,FALSE,FALSE
1981-03-30,Amundsen_Bellingshausen,1.345733607,-0.413581144269888,0.413581144269888,0.540312197173086,FALSE,FALSE
1981-04-01,Amundsen_Bellingshausen,1.438281844,-0.3612527673528907,0.3612527673528907,0.540312197173086,FALSE,FALSE
1981-04-03,Amundsen_Bellingshausen,1.45447689,-0.3863830425401018,0.3863830425401018,0.540312197173086,FALSE,FALSE
1981-04-05,Amundsen_Bellingshausen,1.476181649,-0.4071701610439731,0.4071701610439731,0.540312197173086,FALSE,FALSE
1981-04-07,Amundsen_Bellingshausen,1.477573886,-0.449497457623482,0.449497457623482,0.540312197173086,FALSE,FALSE
1981-04-09,Amundsen_Bellingshausen,1.472949493,-0.4991301400376116,0.4991301400376116,0.540312197173086,FALSE,FALSE
1981-04-11,Amundsen_Bellingshausen,1.469546729,-0.5488910490453469,0.5488910490453469,0.540312197173086,TRUE,FALSE
1981-04-13,Amundsen_Bellingshausen,1.563860701,-0.5023424811279027,0.5023424811279027,0.540312197173086,FALSE,FALSE
1981-04-15,Amundsen_Bellingshausen,1.645562048,-0.4698263884507474,0.4698263884507474,0.540312197173086,FALSE,FALSE
1981-04-17,Amundsen_Bellingshausen,1.707068127,-0.45890819407136774,0.45890819407136774,0.540312197173086,FALSE,FALSE
1981-04-19,Amundsen_Bellingshausen,1.697639685,-0.5203093921526887,0.5203093921526887,0.540312197173086,FALSE,FALSE
1981-04-21,Amundsen_Bellingshausen,1.676512631,-0.5947763148576444,0.5947763148576444,0.540312197173086,TRUE,FALSE
1981-04-23,Amundsen_Bellingshausen,1.757044495,-0.568933673349161,0.568933673349161,0.540312197173086,TRUE,FALSE
1981-04-25,Amundsen_Bellingshausen,1.822466313,-0.5595283316222339,0.5595283316222339,0.540312197173086,TRUE,FALSE
1981-04-27,Amundsen_Bellingshausen,1.928207048,-0.5108954753627946,0.5108954753627946,0.540312197173086,FALSE,FALSE
1981-04-29,Amundsen_Bellingshausen,2.048061417,-0.44869761085544857,0.44869761085544857,0.540312197173086,FALSE,FALSE
1981-05-01,Amundsen_Bellingshausen,2.1459305,-0.4084671373852995,0.4084671373852995,0.540312197173086,FALSE,FALSE
1981-05-03,Amundsen_Bellingshausen,2.195898325,-0.41555350623744447,0.41555350623744447,0.540312197173086,FALSE,FALSE
1981-05-05,Amundsen_Bellingshausen,2.206895023,-0.4604600656969766,0.4604600656969766,0.540312197173086,FALSE,FALSE
1981-05-07,Amundsen_Bellingshausen,2.280375258,-0.44116567003212337,0.44116567003212337,0.540312197173086,FALSE,FALSE
1981-05-09,Amundsen_Bellingshausen,2.457596414,-0.31599146586863913,0.31599146586863913,0.540312197173086,FALSE,FALSE
1981-05-11,Amundsen_Bellingshausen,2.585722053,-0.23782452698524328,0.23782452698524328,0.540312197173086,FALSE,FALSE
1981-05-13,Amundsen_Bellingshausen,2.664207228,-0.207356349270408,0.207356349270408,0.540312197173086,FALSE,FALSE
1981-05-15,Amundsen_Bellingshausen,2.741833394,-0.175952026612614,0.175952026612614,0.540312197173086,FALSE,FALSE
1981-05-17,Amundsen_Bellingshausen,2.76578699,-0.19657166890033295,0.19657166890033295,0.540312197173086,FALSE,FALSE
1981-05-19,Amundsen_Bellingshausen,2.877401804,-0.12802803702204324,0.12802803702204324,0.540312197173086,FALSE,FALSE
1981-05-21,Amundsen_Bellingshausen,2.910761435,-0.13638271022392034,0.13638271022392034,0.540312197173086,FALSE,FALSE
1981-05-23,Amundsen_Bellingshausen,2.947178405,-0.14045739124072698,0.14045739124072698,0.540312197173086,FALSE,FALSE
1981-05-25,Amundsen_Bellingshausen,3.051247816,-0.07578595152874668,0.07578595152874668,0.540312197173086,FALSE,FALSE
1981-05-27,Amundsen_Bellingshausen,3.191962098,0.02649509850155906,0.02649509850155906,0.540312197173086,FALSE,FALSE
1981-05-29,Amundsen_Bellingshausen,3.29586257,0.09279813743973664,0.09279813743973664,0.540312197173086,FALSE,FALSE
1981-05-31,Amundsen_Bellingshausen,3.387962613,0.1480076058753239,0.1480076058753239,0.540312197173086,FALSE,FALSE
1981-06-01,Amundsen_Bellingshausen,3.760267211,0.5020916946513783,0.5020916946513783,0.540312197173086,FALSE,FALSE
1981-06-02,Amundsen_Bellingshausen,3.425605666,0.14934617066725897,0.14934617066725897,0.540312197173086,FALSE,FALSE
1981-06-04,Amundsen_Bellingshausen,3.449515289,0.13762062101191264,0.13762062101191264,0.540312197173086,FALSE,FALSE
1981-06-06,Amundsen_Bellingshausen,3.498334269,0.1517703602132845,0.1517703602132845,0.540312197173086,FALSE,FALSE
1981-06-08,Amundsen_Bellingshausen,3.601688833,0.2217282781895125,0.2217282781895125,0.540312197173086,FALSE,FALSE
1981-06-10,Amundsen_Bellingshausen,3.728471157,0.31669321385873905,0.31669321385873905,0.540312197173086,FALSE,FALSE
1981-06-12,Amundsen_Bellingshausen,3.759567322,0.31785791113909934,0.31785791113909934,0.540312197173086,FALSE,FALSE
1981-06-14,Amundsen_Bellingshausen,3.735217534,0.2657682152232401,0.2657682152232401,0.540312197173086,FALSE,FALSE
1981-06-16,Amundsen_Bellingshausen,3.80620448,0.3112638777547714,0.3112638777547714,0.540312197173086,FALSE,FALSE
1981-06-18,Amundsen_Bellingshausen,3.752765372,0.23406821728608485,0.23406821728608485,0.540312197173086,FALSE,FALSE
1981-06-20,Amundsen_Bellingshausen,3.681238594,0.13992586993510425,0.13992586993510425,0.540312197173086,FALSE,FALSE
1981-06-22,Amundsen_Bellingshausen,3.647772454,0.08439139581975574,0.08439139581975574,0.540312197173086,FALSE,FALSE
1981-06-24,Amundsen_Bellingshausen,3.662509019,0.07701311405796218,0.07701311405796218,0.540312197173086,FALSE,FALSE
1981-06-26,Amundsen_Bellingshausen,3.687920032,0.07966901976764884,0.07966901976764884,0.540312197173086,FALSE,FALSE
1981-06-28,Amundsen_Bellingshausen,3.772167331,0.14003248789463862,0.14003248789463862,0.540312197173086,FALSE,FALSE
1981-06-30,Amundsen_Bellingshausen,3.848537234,0.19147686375238537,0.19147686375238537,0.540312197173086,FALSE,FALSE
1981-07-01,Amundsen_Bellingshausen,4.120675378,0.4508499321088406,0.4508499321088406,0.540312197173086,FALSE,FALSE
1981-07-02,Amundsen_Bellingshausen,3.910841916,0.228096991579652,0.228096991579652,0.540312197173086,FALSE,FALSE
1981-07-04,Amundsen_Bellingshausen,3.901912952,0.1930072773522502,0.1930072773522502,0.540312197173086,FALSE,FALSE
1981-07-06,Amundsen_Bellingshausen,3.852993411,0.11773362104598696,0.11773362104598696,0.540312197173086,FALSE,FALSE
1981-07-08,Amundsen_Bellingshausen,3.876477246,0.11495280663667984,0.11495280663667984,0.540312197173086,FALSE,FALSE
1981-07-10,Amundsen_Bellingshausen,3.864840964,0.07741696405548293,0.07741696405548293,0.540312197173086,FALSE,FALSE
1981-07-12,Amundsen_Bellingshausen,3.952453025,0.13966378179586147,0.13966378179586147,0.540312197173086,FALSE,FALSE
1981-07-14,Amundsen_Bellingshausen,4.027501095,0.18996899168440784,0.18996899168440784,0.540312197173086,FALSE,FALSE
1981-07-16,Amundsen_Bellingshausen,4.101185991,0.23961943106015848,0.23961943106015848,0.540312197173086,FALSE,FALSE
1981-07-18,Amundsen_Bellingshausen,4.093068396,0.20826180326214191,0.20826180326214191,0.540312197173086,FALSE,FALSE
1981-07-20,Amundsen_Bellingshausen,4.083908151,0.17674196962938682,0.17674196962938682,0.540312197173086,FALSE,FALSE
1981-07-22,Amundsen_Bellingshausen,4.097061477,0.1685024514550042,0.1685024514550042,0.540312197173086,FALSE,FALSE
1981-07-24,Amundsen_Bellingshausen,4.129422585,0.18054371242439027,0.18054371242439027,0.540312197173086,FALSE,FALSE
1981-07-26,Amundsen_Bellingshausen,4.249736633,0.28175005456267455,0.28175005456267455,0.540312197173086,FALSE,FALSE
1981-07-28,Amundsen_Bellingshausen,4.337015491,0.35127556409336336,0.35127556409336336,0.540312197173086,FALSE,FALSE
1981-07-30,Amundsen_Bellingshausen,4.374482469,0.37248576723995086,0.37248576723995086,0.540312197173086,FALSE,FALSE
1981-08-01,Amundsen_Bellingshausen,4.334746734,0.3181320472259417,0.3181320472259417,0.540312197173086,FALSE,FALSE
1981-08-03,Amundsen_Bellingshausen,4.310661151,0.28120948474733787,0.28120948474733787,0.540312197173086,FALSE,FALSE
1981-08-05,Amundsen_Bellingshausen,4.359533426,0.31905966813990627,0.31905966813990627,0.540312197173086,FALSE,FALSE
1981-08-07,Amundsen_Bellingshausen,4.351499906,0.30144132982239746,0.30144132982239746,0.540312197173086,FALSE,FALSE
1981-08-09,Amundsen_Bellingshausen,4.319545005,0.26086358166647194,0.26086358166647194,0.540312197173086,FALSE,FALSE
1981-08-11,Amundsen_Bellingshausen,4.345936567,0.279118965543784,0.279118965543784,0.540312197173086,FALSE,FALSE
1981-08-13,Amundsen_Bellingshausen,4.323109727,0.2481673143259968,0.2481673143259968,0.540312197173086,FALSE,FALSE
1981-08-15,Amundsen_Bellingshausen,4.274015906,0.19048474688476436,0.19048474688476436,0.540312197173086,FALSE,FALSE
1981-08-17,Amundsen_Bellingshausen,4.250854111,0.15786786365228167,0.15786786365228167,0.540312197173086,FALSE,FALSE
1981-08-19,Amundsen_Bellingshausen,4.244530181,0.14151241991160823,0.14151241991160823,0.540312197173086,FALSE,FALSE
1981-08-21,Amundsen_Bellingshausen,4.247801128,0.13484792560217684,0.13484792560217684,0.540312197173086,FALSE,FALSE
1981-08-23,Amundsen_Bellingshausen,4.264015604,0.1418995607386746,0.1418995607386746,0.540312197173086,FALSE,FALSE
1981-08-25,Amundsen_Bellingshausen,4.222541149,0.0927113933357946,0.0927113933357946,0.540312197173086,FALSE,FALSE
1981-08-27,Amundsen_Bellingshausen,4.2135672,0.0781493884082165,0.0781493884082165,0.540312197173086,FALSE,FALSE
1981-08-29,Amundsen_Bellingshausen,4.204232101,0.06601342649361985,0.06601342649361985,0.540312197173086,FALSE,FALSE
1981-08-31,Amundsen_Bellingshausen,4.244930294,0.10687084841101502,0.10687084841101502,0.540312197173086,FALSE,FALSE
1981-09-01,Amundsen_Bellingshausen,4.368755478,0.23175902423274053,0.23175902423274053,0.540312197173086,FALSE,FALSE
1981-09-02,Amundsen_Bellingshausen,4.301662931,0.1663106075402183,0.1663106075402183,0.540312197173086,FALSE,FALSE
1981-09-04,Amundsen_Bellingshausen,4.283035845,0.15249185834364898,0.15249185834364898,0.540312197173086,FALSE,FALSE
1981-09-06,Amundsen_Bellingshausen,4.243339351,0.11925823728372364,0.11925823728372364,0.540312197173086,FALSE,FALSE
1981-09-08,Amundsen_Bellingshausen,4.239732701,0.12332231782285596,0.12332231782285596,0.540312197173086,FALSE,FALSE
1981-09-10,Amundsen_Bellingshausen,4.293973912,0.18599569494944035,0.18599569494944035,0.540312197173086,FALSE,FALSE
1981-09-12,Amundsen_Bellingshausen,4.371871888,0.27278386789229003,0.27278386789229003,0.540312197173086,FALSE,FALSE
1981-09-14,Amundsen_Bellingshausen,4.432370155,0.3427075943315465,0.3427075943315465,0.540312197173086,FALSE,FALSE
1981-09-16,Amundsen_Bellingshausen,4.427547302,0.3479853233597021,0.3479853233597021,0.540312197173086,FALSE,FALSE
1981-09-18,Amundsen_Bellingshausen,4.424881194,0.3562347800692587,0.3562347800692587,0.540312197173086,FALSE,FALSE
1981-09-20,Amundsen_Bellingshausen,4.430605467,0.37382946055272104,0.37382946055272104,0.540312197173086,FALSE,FALSE
1981-09-22,Amundsen_Bellingshausen,4.414454774,0.37064387790258113,0.37064387790258113,0.540312197173086,FALSE,FALSE
1981-09-24,Amundsen_Bellingshausen,4.345775307,0.3161555388469379,0.3161555388469379,0.540312197173086,FALSE,FALSE
1981-09-26,Amundsen_Bellingshausen,4.236956934,0.22283082730945392,0.22283082730945392,0.540312197173086,FALSE,FALSE
1981-09-28,Amundsen_Bellingshausen,4.213096509,0.2158214792759523,0.2158214792759523,0.540312197173086,FALSE,FALSE
1981-09-30,Amundsen_Bellingshausen,4.22700656,0.24799485178178005,0.24799485178178005,0.540312197173086,FALSE,FALSE
1981-10-01,Amundsen_Bellingshausen,4.274386889,0.3050535673104884,0.3050535673104884,0.540312197173086,FALSE,FALSE
1981-10-02,Amundsen_Bellingshausen,4.222822819,0.263541505862285,0.263541505862285,0.540312197173086,FALSE,FALSE
1981-10-04,Amundsen_Bellingshausen,4.302982708,0.36495369255281584,0.36495369255281584,0.540312197173086,FALSE,FALSE
1981-10-06,Amundsen_Bellingshausen,4.341890255,0.42667193308930873,0.42667193308930873,0.540312197173086,FALSE,FALSE
1981-10-08,Amundsen_Bellingshausen,4.365025838,0.4738785196101216,0.4738785196101216,0.540312197173086,FALSE,FALSE
1981-10-10,Amundsen_Bellingshausen,4.358495375,0.4920889679202496,0.4920889679202496,0.540312197173086,FALSE,FALSE
1981-10-12,Amundsen_Bellingshausen,4.303577085,0.46198125992446215,0.46198125992446215,0.540312197173086,FALSE,FALSE
1981-10-14,Amundsen_Bellingshausen,4.242322403,0.42500659352753534,0.42500659352753534,0.540312197173086,FALSE,FALSE
1981-10-16,Amundsen_Bellingshausen,4.247137488,0.452970890634238,0.452970890634238,0.540312197173086,FALSE,FALSE
1981-10-18,Amundsen_Bellingshausen,4.219324817,0.4465796835883227,0.4465796835883227,0.540312197173086,FALSE,FALSE
1981-10-20,Amundsen_Bellingshausen,4.176742794,0.4234607626392703,0.4234607626392703,0.540312197173086,FALSE,FALSE
1981-10-22,Amundsen_Bellingshausen,4.140414153,0.4051010970399971,0.4051010970399971,0.540312197173086,FALSE,FALSE
1981-10-24,Amundsen_Bellingshausen,4.116308307,0.3980118971013886,0.3980118971013886,0.540312197173086,FALSE,FALSE
1981-10-26,Amundsen_Bellingshausen,4.192470124,0.4907798281343263,0.4907798281343263,0.540312197173086,FALSE,FALSE
1981-10-28,Amundsen_Bellingshausen,4.21967224,0.5347193234496972,0.5347193234496972,0.540312197173086,FALSE,FALSE
1981-10-30,Amundsen_Bellingshausen,4.067849233,0.4003067583583824,0.4003067583583824,0.540312197173086,FALSE,FALSE
1981-11-01,Amundsen_Bellingshausen,3.927921316,0.2789057716139669,0.2789057716139669,0.540312197173086,FALSE,FALSE
1981-11-03,Amundsen_Bellingshausen,3.867039392,0.2376742891772503,0.2376742891772503,0.540312197173086,FALSE,FALSE
1981-11-05,Amundsen_Bellingshausen,3.823575907,0.2148708052203565,0.2148708052203565,0.540312197173086,FALSE,FALSE
1981-11-07,Amundsen_Bellingshausen,3.774187274,0.18703777643420283,0.18703777643420283,0.540312197173086,FALSE,FALSE
1981-11-09,Amundsen_Bellingshausen,3.720319714,0.15550746750970657,0.15550746750970657,0.540312197173086,FALSE,FALSE
1981-11-11,Amundsen_Bellingshausen,3.682949325,0.14114202013778465,0.14114202013778465,0.540312197173086,FALSE,FALSE
1981-11-13,Amundsen_Bellingshausen,3.652182067,0.13393220293036334,0.13393220293036334,0.540312197173086,FALSE,FALSE
1981-11-15,Amundsen_Bellingshausen,3.602960108,0.10869093008016996,0.10869093008016996,0.540312197173086,FALSE,FALSE
1981-11-17,Amundsen_Bellingshausen,3.575822541,0.10581910656510952,0.10581910656510952,0.540312197173086,FALSE,FALSE
1981-11-19,Amundsen_Bellingshausen,3.58524581,0.1396548455520672,0.1396548455520672,0.540312197173086,FALSE,FALSE
1981-11-21,Amundsen_Bellingshausen,3.509698946,0.08852884720792487,0.08852884720792487,0.540312197173086,FALSE,FALSE
1981-11-23,Amundsen_Bellingshausen,3.442386444,0.04550727569957313,0.04550727569957313,0.540312197173086,FALSE,FALSE
1981-11-25,Amundsen_Bellingshausen,3.425465862,0.05261409649801196,0.05261409649801196,0.540312197173086,FALSE,FALSE
1981-11-27,Amundsen_Bellingshausen,3.392009701,0.04299710217073649,0.04299710217073649,0.540312197173086,FALSE,FALSE
1981-11-29,Amundsen_Bellingshausen,3.347352233,0.02235241510567665,0.02235241510567665,0.540312197173086,FALSE,FALSE
1981-12-01,Amundsen_Bellingshausen,3.326694876,0.02626406536589654,0.02626406536589654,0.540312197173086,FALSE,FALSE
1981-12-03,Amundsen_Bellingshausen,3.312113209,0.03719024401446402,0.03719024401446402,0.540312197173086,FALSE,FALSE
1981-12-05,Amundsen_Bellingshausen,3.283827505,0.0357338361144488,0.0357338361144488,0.540312197173086,FALSE,FALSE
1981-12-07,Amundsen_Bellingshausen,3.228511558,0.00895131849473473,0.00895131849473473,0.540312197173086,FALSE,FALSE
1981-12-09,Amundsen_Bellingshausen,3.203732423,0.01493370416031192,0.01493370416031192,0.540312197173086,FALSE,FALSE
1981-12-11,Amundsen_Bellingshausen,3.153191335,-0.00165669457242989,0.00165669457242989,0.540312197173086,FALSE,FALSE
1981-12-13,Amundsen_Bellingshausen,3.121671263,0.00500845183166331,0.00500845183166331,0.540312197173086,FALSE,FALSE
1981-12-15,Amundsen_Bellingshausen,3.073226861,2.915790774293825e-5,2.915790774293825e-5,0.540312197173086,FALSE,FALSE
1981-12-17,Amundsen_Bellingshausen,2.967951052,-0.05545629280903252,0.05545629280903252,0.540312197173086,FALSE,FALSE
1981-12-19,Amundsen_Bellingshausen,2.816412129,-0.14983424678351076,0.14983424678351076,0.540312197173086,FALSE,FALSE
1981-12-21,Amundsen_Bellingshausen,2.644649876,-0.25621658645386836,0.25621658645386836,0.540312197173086,FALSE,FALSE
1981-12-23,Amundsen_Bellingshausen,2.580217138,-0.24769096862675477,0.24769096862675477,0.540312197173086,FALSE,FALSE
1981-12-25,Amundsen_Bellingshausen,2.464391113,-0.2843010045121823,0.2843010045121823,0.540312197173086,FALSE,FALSE
1981-12-27,Amundsen_Bellingshausen,2.298948314,-0.3655944881278508,0.3655944881278508,0.540312197173086,FALSE,FALSE
1981-12-29,Amundsen_Bellingshausen,2.233405288,-0.3433791794914707,0.3433791794914707,0.540312197173086,FALSE,FALSE
1981-12-31,Amundsen_Bellingshausen,2.113681102,-0.3730603186207362,0.3730603186207362,0.540312197173086,FALSE,FALSE
1982-01-01,Amundsen_Bellingshausen,1.696586583,-0.7446903930405242,0.7446903930405242,0.540312197173086,TRUE,FALSE
1982-01-02,Amundsen_Bellingshausen,2.053232414,-0.34249879652732895,0.34249879652732895,0.540312197173086,FALSE,FALSE
1982-01-04,Amundsen_Bellingshausen,1.969528581,-0.3353873710840958,0.3353873710840958,0.540312197173086,FALSE,FALSE
1982-01-06,Amundsen_Bellingshausen,1.934201468,-0.28110085802507934,0.28110085802507934,0.540312197173086,FALSE,FALSE
1982-01-08,Amundsen_Bellingshausen,1.870749874,-0.2571403810782864,0.2571403810782864,0.540312197173086,FALSE,FALSE
1982-01-10,Amundsen_Bellingshausen,1.791392431,-0.25228723097171923,0.25228723097171923,0.540312197173086,FALSE,FALSE
1982-01-12,Amundsen_Bellingshausen,1.743979648,-0.21969082143338436,0.21969082143338436,0.540312197173086,FALSE,FALSE
1982-01-14,Amundsen_Bellingshausen,1.68929057,-0.19957007437690155,0.19957007437690155,0.540312197173086,FALSE,FALSE
1982-01-16,Amundsen_Bellingshausen,1.653935002,-0.1659327548729519,0.1659327548729519,0.540312197173086,FALSE,FALSE
1982-01-18,Amundsen_Bellingshausen,1.621528833,-0.13494805522165754,0.13494805522165754,0.540312197173086,FALSE,FALSE
1982-01-20,Amundsen_Bellingshausen,1.543650925,-0.15471202623421898,0.15471202623421898,0.540312197173086,FALSE,FALSE
1982-01-22,Amundsen_Bellingshausen,1.486910038,-0.1582908207218361,0.1582908207218361,0.540312197173086,FALSE,FALSE
1982-01-24,Amundsen_Bellingshausen,1.453544353,-0.14312117049571071,0.14312117049571071,0.540312197173086,FALSE,FALSE
1982-01-26,Amundsen_Bellingshausen,1.456294913,-0.09613694536704331,0.09613694536704331,0.540312197173086,FALSE,FALSE
1982-01-28,Amundsen_Bellingshausen,1.471617413,-0.04058110037945162,0.04058110037945162,0.540312197173086,FALSE,FALSE
1982-01-30,Amundsen_Bellingshausen,1.475804785,1.7537661822775164e-05,1.7537661822775164e-05,0.540312197173086,FALSE,FALSE
1982-02-01,Amundsen_Bellingshausen,1.412184249,-0.03087535829741039,0.03087535829741039,0.540312197173086,FALSE,FALSE
1982-02-03,Amundsen_Bellingshausen,1.345823774,-0.06805338624157731,0.06805338624157731,0.540312197173086,FALSE,FALSE
1982-02-05,Amundsen_Bellingshausen,1.313247741,-0.07485373215510083,0.07485373215510083,0.540312197173086,FALSE,FALSE
1982-02-07,Amundsen_Bellingshausen,1.32228263,-0.04331148302240728,0.04331148302240728,0.540312197173086,FALSE,FALSE
1982-02-09,Amundsen_Bellingshausen,1.330371868,-0.01585641894670741,0.01585641894670741,0.540312197173086,FALSE,FALSE
1982-02-11,Amundsen_Bellingshausen,1.298340142,-0.03169772041555618,0.03169772041555618,0.540312197173086,FALSE,FALSE
1982-02-13,Amundsen_Bellingshausen,1.291030888,-0.02614293064658079,0.02614293064658079,0.540312197173086,FALSE,FALSE
1982-02-15,Amundsen_Bellingshausen,1.285280042,-0.02250974940714889,0.02250974940714889,0.540312197173086,FALSE,FALSE
1982-02-17,Amundsen_Bellingshausen,1.28090694,-0.02113247646463123,0.02113247646463123,0.540312197173086,FALSE,FALSE
1982-02-19,Amundsen_Bellingshausen,1.294089132,-0.00598719758639565,0.00598719758639565,0.540312197173086,FALSE,FALSE
1982-02-21,Amundsen_Bellingshausen,1.279853679,-0.02219716460350485,0.02219716460350485,0.540312197173086,FALSE,FALSE
1982-02-23,Amundsen_Bellingshausen,1.274659636,-0.03324575343991887,0.03324575343991887,0.540312197173086,FALSE,FALSE
1982-02-25,Amundsen_Bellingshausen,1.295965583,-0.02128960971075,0.02128960971075,0.540312197173086,FALSE,FALSE
1982-02-27,Amundsen_Bellingshausen,1.293220463,-0.03646627813071568,0.03646627813071568,0.540312197173086,FALSE,FALSE
1982-03-01,Amundsen_Bellingshausen,1.259493617,-0.08529290541452772,0.08529290541452772,0.540312197173086,FALSE,FALSE
1982-03-03,Amundsen_Bellingshausen,1.274581607,-0.0875594172769032,0.0875594172769032,0.540312197173086,FALSE,FALSE
1982-03-05,Amundsen_Bellingshausen,1.258510144,-0.12282659375963224,0.12282659375963224,0.540312197173086,FALSE,FALSE
1982-03-07,Amundsen_Bellingshausen,1.254258836,-0.1477911356724979,0.1477911356724979,0.540312197173086,FALSE,FALSE
1982-03-09,Amundsen_Bellingshausen,1.239994092,-0.1842869502091804,0.1842869502091804,0.540312197173086,FALSE,FALSE
1982-03-11,Amundsen_Bellingshausen,1.245826044,-0.2022772575554661,0.2022772575554661,0.540312197173086,FALSE,FALSE
1982-03-13,Amundsen_Bellingshausen,1.278347815,-0.1952422868971433,0.1952422868971433,0.540312197173086,FALSE,FALSE
1982-03-15,Amundsen_Bellingshausen,1.382296111,-0.11851868441999658,0.11851868441999658,0.540312197173086,FALSE,FALSE
1982-03-17,Amundsen_Bellingshausen,1.395471261,-0.1343794733098167,0.1343794733098167,0.540312197173086,FALSE,FALSE
1982-03-19,Amundsen_Bellingshausen,1.41163787,-0.1491191804166796,0.1491191804166796,0.540312197173086,FALSE,FALSE
1982-03-21,Amundsen_Bellingshausen,1.473854872,-0.11961060900683318,0.11961060900683318,0.540312197173086,FALSE,FALSE
1982-03-23,Amundsen_Bellingshausen,1.46286839,-0.16497220972817206,0.16497220972817206,0.540312197173086,FALSE,FALSE
1982-03-25,Amundsen_Bellingshausen,1.551540693,-0.11220568358824036,0.11220568358824036,0.540312197173086,FALSE,FALSE
1982-03-27,Amundsen_Bellingshausen,1.586959579,-0.11408720259458716,0.11408720259458716,0.540312197173086,FALSE,FALSE
1982-03-29,Amundsen_Bellingshausen,1.610016658,-0.1295891267547593,0.1295891267547593,0.540312197173086,FALSE,FALSE
1982-03-31,Amundsen_Bellingshausen,1.623948891,-0.15534142470334775,0.15534142470334775,0.540312197173086,FALSE,FALSE
1982-04-01,Amundsen_Bellingshausen,2.117376985,0.3178423736471092,0.3178423736471092,0.540312197173086,FALSE,FALSE
1982-04-02,Amundsen_Bellingshausen,1.639153147,-0.18090212414185025,0.18090212414185025,0.540312197173086,FALSE,FALSE
1982-04-04,Amundsen_Bellingshausen,1.729510587,-0.13244564601751785,0.13244564601751785,0.540312197173086,FALSE,FALSE
1982-04-06,Amundsen_Bellingshausen,1.751381859,-0.15367244208933517,0.15367244208933517,0.540312197173086,FALSE,FALSE
1982-04-08,Amundsen_Bellingshausen,1.784907447,-0.16450312811628254,0.16450312811628254,0.540312197173086,FALSE,FALSE
1982-04-10,Amundsen_Bellingshausen,1.811104298,-0.18398185685734236,0.18398185685734236,0.540312197173086,FALSE,FALSE
1982-04-12,Amundsen_Bellingshausen,1.840085048,-0.20205704296473015,0.20205704296473015,0.540312197173086,FALSE,FALSE
1982-04-14,Amundsen_Bellingshausen,1.888412838,-0.20220653257478793,0.20220653257478793,0.540312197173086,FALSE,FALSE
1982-04-16,Amundsen_Bellingshausen,1.936072936,-0.20443522390115332,0.20443522390115332,0.540312197173086,FALSE,FALSE
1982-04-18,Amundsen_Bellingshausen,1.971061664,-0.22072903610675665,0.22072903610675665,0.540312197173086,FALSE,FALSE
1982-04-20,Amundsen_Bellingshausen,2.012270498,-0.23217873435452896,0.23217873435452896,0.540312197173086,FALSE,FALSE
1982-04-22,Amundsen_Bellingshausen,2.084434013,-0.2140319848073995,0.2140319848073995,0.540312197173086,FALSE,FALSE
1982-04-24,Amundsen_Bellingshausen,2.193363695,-0.16045954262829645,0.16045954262829645,0.540312197173086,FALSE,FALSE
1982-04-26,Amundsen_Bellingshausen,2.243240726,-0.16720387222882005,0.16720387222882005,0.540312197173086,FALSE,FALSE
1982-04-28,Amundsen_Bellingshausen,2.290501559,-0.1773960459347914,0.1773960459347914,0.540312197173086,FALSE,FALSE
1982-04-30,Amundsen_Bellingshausen,2.341884829,-0.1837311480354056,0.1837311480354056,0.540312197173086,FALSE,FALSE
1982-05-01,Amundsen_Bellingshausen,2.889658196,0.3352605586147006,0.3352605586147006,0.540312197173086,FALSE,FALSE
1982-05-02,Amundsen_Bellingshausen,2.444190141,-0.13884305281576692,0.13884305281576692,0.540312197173086,FALSE,FALSE
1982-05-04,Amundsen_Bellingshausen,2.508799628,-0.13078310656096723,0.13078310656096723,0.540312197173086,FALSE,FALSE
1982-05-06,Amundsen_Bellingshausen,2.587901146,-0.10679693255610624,0.10679693255610624,0.540312197173086,FALSE,FALSE
1982-05-08,Amundsen_Bellingshausen,2.665049088,-0.08278550672089935,0.08278550672089935,0.540312197173086,FALSE,FALSE
1982-05-10,Amundsen_Bellingshausen,2.764952397,-0.0338667050864001,0.0338667050864001,0.540312197173086,FALSE,FALSE
1982-05-12,Amundsen_Bellingshausen,2.817762641,-0.03002599117622662,0.03002599117622662,0.540312197173086,FALSE,FALSE
1982-05-14,Amundsen_Bellingshausen,2.829475281,-0.06541445287885139,0.06541445287885139,0.540312197173086,FALSE,FALSE
1982-05-16,Amundsen_Bellingshausen,2.802983701,-0.1372852550827539,0.1372852550827539,0.540312197173086,FALSE,FALSE
1982-05-18,Amundsen_Bellingshausen,2.868531722,-0.11554112567640916,0.11554112567640916,0.540312197173086,FALSE,FALSE
1982-05-20,Amundsen_Bellingshausen,2.90012091,-0.12632698593895508,0.12632698593895508,0.540312197173086,FALSE,FALSE
1982-05-22,Amundsen_Bellingshausen,2.91218367,-0.1553510694740741,0.1553510694740741,0.540312197173086,FALSE,FALSE
1982-05-24,Amundsen_Bellingshausen,2.894558312,-0.21290512107518111,0.21290512107518111,0.540312197173086,FALSE,FALSE
1982-05-26,Amundsen_Bellingshausen,2.940463727,-0.20589919015273095,0.20589919015273095,0.540312197173086,FALSE,FALSE
1982-05-28,Amundsen_Bellingshausen,2.907425225,-0.2769369071171828,0.2769369071171828,0.540312197173086,FALSE,FALSE
1982-05-30,Amundsen_Bellingshausen,2.918310132,-0.3032798863789927,0.3032798863789927,0.540312197173086,FALSE,FALSE
1982-06-01,Amundsen_Bellingshausen,3.001949883,-0.2562256333486217,0.2562256333486217,0.540312197173086,FALSE,FALSE
1982-06-03,Amundsen_Bellingshausen,3.087717438,-0.20646121871011935,0.20646121871011935,0.540312197173086,FALSE,FALSE
1982-06-05,Amundsen_Bellingshausen,3.144832171,-0.1845370253018741,0.1845370253018741,0.540312197173086,FALSE,FALSE
1982-06-07,Amundsen_Bellingshausen,3.176520317,-0.1869201555778428,0.1869201555778428,0.540312197173086,FALSE,FALSE
1982-06-09,Amundsen_Bellingshausen,3.158014538,-0.23807128461988336,0.23807128461988336,0.540312197173086,FALSE,FALSE
1982-06-11,Amundsen_Bellingshausen,3.217758029,-0.20924055450985612,0.20924055450985612,0.540312197173086,FALSE,FALSE
1982-06-13,Amundsen_Bellingshausen,3.29636603,-0.15950606232962403,0.15950606232962403,0.540312197173086,FALSE,FALSE
1982-06-15,Amundsen_Bellingshausen,3.348245969,-0.1342029421285975,0.1342029421285975,0.540312197173086,FALSE,FALSE
1982-06-17,Amundsen_Bellingshausen,3.362405582,-0.14459302861191414,0.14459302861191414,0.540312197173086,FALSE,FALSE
1982-06-19,Amundsen_Bellingshausen,3.345455914,-0.18465453903648843,0.18465453903648843,0.540312197173086,FALSE,FALSE
1982-06-21,Amundsen_Bellingshausen,3.344235103,-0.2081430832843938,0.2081430832843938,0.540312197173086,FALSE,FALSE
1982-06-23,Amundsen_Bellingshausen,3.3503593,-0.2240362582377049,0.2240362582377049,0.540312197173086,FALSE,FALSE
1982-06-25,Amundsen_Bellingshausen,3.30874645,-0.28800986677849894,0.28800986677849894,0.540312197173086,FALSE,FALSE
1982-06-27,Amundsen_Bellingshausen,3.303533909,-0.3165111903506057,0.3165111903506057,0.540312197173086,FALSE,FALSE
1982-06-29,Amundsen_Bellingshausen,3.319342461,-0.32514259036168935,0.32514259036168935,0.540312197173086,FALSE,FALSE
1982-07-01,Amundsen_Bellingshausen,3.37188757,-0.29793787589115883,0.29793787589115883,0.540312197173086,FALSE,FALSE
1982-07-03,Amundsen_Bellingshausen,3.442534503,-0.25324894896320416,0.25324894896320416,0.540312197173086,FALSE,FALSE
1982-07-05,Amundsen_Bellingshausen,3.509821346,-0.2122548926020129,0.2122548926020129,0.540312197173086,FALSE,FALSE
1982-07-07,Amundsen_Bellingshausen,3.565031748,-0.1833892268317734,0.1833892268317734,0.540312197173086,FALSE,FALSE
1982-07-09,Amundsen_Bellingshausen,3.624454163,-0.15008070299008924,0.15008070299008924,0.540312197173086,FALSE,FALSE
1982-07-11,Amundsen_Bellingshausen,3.676257837,-0.12392120619665949,0.12392120619665949,0.540312197173086,FALSE,FALSE
1982-07-13,Amundsen_Bellingshausen,3.771067671,-0.05417617642457673,0.05417617642457673,0.540312197173086,FALSE,FALSE
1982-07-15,Amundsen_Bellingshausen,3.838916912,-0.01072634633480529,0.01072634633480529,0.540312197173086,FALSE,FALSE
1982-07-17,Amundsen_Bellingshausen,3.861656635,-0.01163462058832021,0.01163462058832021,0.540312197173086,FALSE,FALSE
1982-07-19,Amundsen_Bellingshausen,3.806932434,-0.08916938484608172,0.08916938484608172,0.540312197173086,FALSE,FALSE
1982-07-21,Amundsen_Bellingshausen,3.697229823,-0.22075910476906913,0.22075910476906913,0.540312197173086,FALSE,FALSE
1982-07-23,Amundsen_Bellingshausen,3.723260118,-0.21560146019244675,0.21560146019244675,0.540312197173086,FALSE,FALSE
1982-07-25,Amundsen_Bellingshausen,3.717505481,-0.24108765066654936,0.24108765066654936,0.540312197173086,FALSE,FALSE
1982-07-27,Amundsen_Bellingshausen,3.688016348,-0.2890250878599976,0.2890250878599976,0.540312197173086,FALSE,FALSE
1982-07-29,Amundsen_Bellingshausen,3.719920137,-0.274144137549297,0.274144137549297,0.540312197173086,FALSE,FALSE
1982-07-31,Amundsen_Bellingshausen,3.781799376,-0.22772005551094887,0.22772005551094887,0.540312197173086,FALSE,FALSE
1982-08-01,Amundsen_Bellingshausen,4.105821946,0.0892072592259412,0.0892072592259412,0.540312197173086,FALSE,FALSE
1982-08-02,Amundsen_Bellingshausen,3.776032811,-0.24723187952144657,0.24723187952144657,0.540312197173086,FALSE,FALSE
1982-08-04,Amundsen_Bellingshausen,3.760224801,-0.2749472766006371,0.2749472766006371,0.540312197173086,FALSE,FALSE
1982-08-06,Amundsen_Bellingshausen,3.740638007,-0.3047781127970661,0.3047781127970661,0.540312197173086,FALSE,FALSE
1982-08-08,Amundsen_Bellingshausen,3.855203289,-0.1992572507677406,0.1992572507677406,0.540312197173086,FALSE,FALSE
1982-08-10,Amundsen_Bellingshausen,3.92850186,-0.13427877964100787,0.13427877964100787,0.540312197173086,FALSE,FALSE
1982-08-12,Amundsen_Bellingshausen,4.020485069,-0.05036665254520134,0.05036665254520134,0.540312197173086,FALSE,FALSE
1982-08-14,Amundsen_Bellingshausen,4.082055102,0.00290601439133197,0.00290601439133197,0.540312197173086,FALSE,FALSE
1982-08-16,Amundsen_Bellingshausen,4.079768788,-0.00837709032025912,0.00837709032025912,0.540312197173086,FALSE,FALSE
1982-08-18,Amundsen_Bellingshausen,4.045157122,-0.052814608271043,0.052814608271043,0.540312197173086,FALSE,FALSE
1982-08-20,Amundsen_Bellingshausen,4.081399535,-0.02664023879792854,0.02664023879792854,0.540312197173086,FALSE,FALSE
1982-08-22,Amundsen_Bellingshausen,4.084484253,-0.03318922788623268,0.03318922788623268,0.540312197173086,FALSE,FALSE
1982-08-24,Amundsen_Bellingshausen,4.218315455,0.09211913147873751,0.09211913147873751,0.540312197173086,FALSE,FALSE
1982-08-26,Amundsen_Bellingshausen,4.246939849,0.1140080753116708,0.1140080753116708,0.540312197173086,FALSE,FALSE
1982-08-28,Amundsen_Bellingshausen,4.263923995,0.12672069162725652,0.12672069162725652,0.540312197173086,FALSE,FALSE
1982-08-30,Amundsen_Bellingshausen,4.23682506,0.0983395958922424,0.0983395958922424,0.540312197173086,FALSE,FALSE
1982-09-01,Amundsen_Bellingshausen,4.174672239,0.03767578523274118,0.03767578523274118,0.540312197173086,FALSE,FALSE
1982-09-03,Amundsen_Bellingshausen,4.111586179,-0.02159671048374534,0.02159671048374534,0.540312197173086,FALSE,FALSE
1982-09-05,Amundsen_Bellingshausen,4.062025766,-0.06546568379479556,0.06546568379479556,0.540312197173086,FALSE,FALSE
1982-09-07,Amundsen_Bellingshausen,4.0724815,-0.04788731323799222,0.04788731323799222,0.540312197173086,FALSE,FALSE
1982-09-09,Amundsen_Bellingshausen,4.09570532,-0.01655633835092729,0.01655633835092729,0.540312197173086,FALSE,FALSE
1982-09-11,Amundsen_Bellingshausen,4.095739903,-0.00785138213540292,0.00785138213540292,0.540312197173086,FALSE,FALSE
1982-09-13,Amundsen_Bellingshausen,4.073849936,-0.02060100345591564,0.02060100345591564,0.540312197173086,FALSE,FALSE
1982-09-15,Amundsen_Bellingshausen,3.973376543,-0.11132885823377103,0.11132885823377103,0.540312197173086,FALSE,FALSE
1982-09-17,Amundsen_Bellingshausen,3.918223332,-0.15599147837647465,0.15599147837647465,0.540312197173086,FALSE,FALSE
1982-09-19,Amundsen_Bellingshausen,3.98022167,-0.08261763679153011,0.08261763679153011,0.540312197173086,FALSE,FALSE
1982-09-21,Amundsen_Bellingshausen,4.018144868,-0.0322941623864299,0.0322941623864299,0.540312197173086,FALSE,FALSE
1982-09-23,Amundsen_Bellingshausen,4.005786146,-0.03108855614387007,0.03108855614387007,0.540312197173086,FALSE,FALSE
1982-09-25,Amundsen_Bellingshausen,4.048473828,0.02643464045490784,0.02643464045490784,0.540312197173086,FALSE,FALSE
1982-09-27,Amundsen_Bellingshausen,4.133067829,0.12719415703999637,0.12719415703999637,0.540312197173086,FALSE,FALSE
1982-09-29,Amundsen_Bellingshausen,4.206122558,0.21779923164674164,0.21779923164674164,0.540312197173086,FALSE,FALSE
1982-10-01,Amundsen_Bellingshausen,4.141658069,0.17232474731048875,0.17232474731048875,0.540312197173086,FALSE,FALSE
1982-10-03,Amundsen_Bellingshausen,4.061019862,0.11217103306658815,0.11217103306658815,0.540312197173086,FALSE,FALSE
1982-10-05,Amundsen_Bellingshausen,3.970192848,0.04337781384215233,0.04337781384215233,0.540312197173086,FALSE,FALSE
1982-10-07,Amundsen_Bellingshausen,3.88362329,-0.01968078344240176,0.01968078344240176,0.540312197173086,FALSE,FALSE
1982-10-09,Amundsen_Bellingshausen,3.893358821,0.01453573460997414,0.01453573460997414,0.540312197173086,FALSE,FALSE
1982-10-11,Amundsen_Bellingshausen,3.892357397,0.03838508690404652,0.03838508690404652,0.540312197173086,FALSE,FALSE
1982-10-13,Amundsen_Bellingshausen,3.857084982,0.02773300034459191,0.02773300034459191,0.540312197173086,FALSE,FALSE
1982-10-15,Amundsen_Bellingshausen,3.850571581,0.04500924283638463,0.04500924283638463,0.540312197173086,FALSE,FALSE
1982-10-17,Amundsen_Bellingshausen,3.816438063,0.03323444628419336,0.03323444628419336,0.540312197173086,FALSE,FALSE
1982-10-19,Amundsen_Bellingshausen,3.804147271,0.04135431677700429,0.04135431677700429,0.540312197173086,FALSE,FALSE
1982-10-21,Amundsen_Bellingshausen,3.876792864,0.13264822383898167,0.13264822383898167,0.540312197173086,FALSE,FALSE
1982-10-23,Amundsen_Bellingshausen,3.900377781,0.1736582269061806,0.1736582269061806,0.540312197173086,FALSE,FALSE
1982-10-25,Amundsen_Bellingshausen,3.833086779,0.12311088028948404,0.12311088028948404,0.540312197173086,FALSE,FALSE
1982-10-27,Amundsen_Bellingshausen,3.727463652,0.03409177529977825,0.03409177529977825,0.540312197173086,FALSE,FALSE
1982-10-29,Amundsen_Bellingshausen,3.71069878,0.03433308924794476,0.03433308924794476,0.540312197173086,FALSE,FALSE
1982-10-31,Amundsen_Bellingshausen,3.680121606,0.02169503698385044,0.02169503698385044,0.540312197173086,FALSE,FALSE
1982-11-01,Amundsen_Bellingshausen,3.681360588,0.03234504361396695,0.03234504361396695,0.540312197173086,FALSE,FALSE
1982-11-02,Amundsen_Bellingshausen,3.729100441,0.08977680019131329,0.08977680019131329,0.540312197173086,FALSE,FALSE
1982-11-04,Amundsen_Bellingshausen,3.692792219,0.07363804403314367,0.07363804403314367,0.540312197173086,FALSE,FALSE
1982-11-06,Amundsen_Bellingshausen,3.703398248,0.10536612020025604,0.10536612020025604,0.540312197173086,FALSE,FALSE
1982-11-08,Amundsen_Bellingshausen,3.756588462,0.1805170063835639,0.1805170063835639,0.540312197173086,FALSE,FALSE
1982-11-10,Amundsen_Bellingshausen,3.746379181,0.19299306627399204,0.19299306627399204,0.540312197173086,FALSE,FALSE
1982-11-12,Amundsen_Bellingshausen,3.709063782,0.1789736997414817,0.1789736997414817,0.540312197173086,FALSE,FALSE
1982-11-14,Amundsen_Bellingshausen,3.749563863,0.24326006416130452,0.24326006416130452,0.540312197173086,FALSE,FALSE
1982-11-16,Amundsen_Bellingshausen,3.793583392,0.31142009933281756,0.31142009933281756,0.540312197173086,FALSE,FALSE
1982-11-18,Amundsen_Bellingshausen,3.721122555,0.2633156604229052,0.2633156604229052,0.540312197173086,FALSE,FALSE
1982-11-20,Amundsen_Bellingshausen,3.67110776,0.23773482459845272,0.23773482459845272,0.540312197173086,FALSE,FALSE
1982-11-22,Amundsen_Bellingshausen,3.62338814,0.2143883940263458,0.2143883940263458,0.540312197173086,FALSE,FALSE
1982-11-24,Amundsen_Bellingshausen,3.601053985,0.2162283278734685,0.2162283278734685,0.540312197173086,FALSE,FALSE
1982-11-26,Amundsen_Bellingshausen,3.6072163,0.24628632930554104,0.24628632930554104,0.540312197173086,FALSE,FALSE
1982-11-28,Amundsen_Bellingshausen,3.608958549,0.2719067256014891,0.2719067256014891,0.540312197173086,FALSE,FALSE
1982-11-30,Amundsen_Bellingshausen,3.575931541,0.26312278519118504,0.26312278519118504,0.540312197173086,FALSE,FALSE
1982-12-01,Amundsen_Bellingshausen,3.184760507,-0.11567030363410336,0.11567030363410336,0.540312197173086,FALSE,FALSE
1982-12-02,Amundsen_Bellingshausen,3.548954146,0.2611359901376953,0.2611359901376953,0.540312197173086,FALSE,FALSE
1982-12-04,Amundsen_Bellingshausen,3.453731692,0.192034280504088,0.192034280504088,0.540312197173086,FALSE,FALSE
1982-12-06,Amundsen_Bellingshausen,3.388018055,0.15395414435343113,0.15395414435343113,0.540312197173086,FALSE,FALSE
1982-12-08,Amundsen_Bellingshausen,3.343022248,0.13850945778575996,0.13850945778575996,0.540312197173086,FALSE,FALSE
1982-12-10,Amundsen_Bellingshausen,3.341382095,0.16909473968528357,0.16909473968528357,0.540312197173086,FALSE,FALSE
1982-12-12,Amundsen_Bellingshausen,3.272929044,0.1365789724540636,0.1365789724540636,0.540312197173086,FALSE,FALSE
1982-12-14,Amundsen_Bellingshausen,3.193364768,0.0977091896272566,0.0977091896272566,0.540312197173086,FALSE,FALSE
1982-12-16,Amundsen_Bellingshausen,3.092412195,0.04325367974001537,0.04325367974001537,0.540312197173086,FALSE,FALSE
1982-12-18,Amundsen_Bellingshausen,3.037146716,0.04133319432749394,0.04133319432749394,0.540312197173086,FALSE,FALSE
1982-12-20,Amundsen_Bellingshausen,2.971823326,0.03723814405840464,0.03723814405840464,0.540312197173086,FALSE,FALSE
1982-12-22,Amundsen_Bellingshausen,2.906953751,0.04170149311014759,0.04170149311014759,0.540312197173086,FALSE,FALSE
1982-12-24,Amundsen_Bellingshausen,2.86847939,0.07947984295820554,0.07947984295820554,0.540312197173086,FALSE,FALSE
1982-12-26,Amundsen_Bellingshausen,2.798908603,0.09175724658486928,0.09175724658486928,0.540312197173086,FALSE,FALSE
1982-12-28,Amundsen_Bellingshausen,2.739061326,0.11802933297243978,0.11802933297243978,0.540312197173086,FALSE,FALSE
1982-12-30,Amundsen_Bellingshausen,2.710560205,0.17859444110321077,0.17859444110321077,0.540312197173086,FALSE,FALSE
1983-01-01,Amundsen_Bellingshausen,2.687793032,0.2465160559594759,0.2465160559594759,0.540312197173086,FALSE,FALSE
1983-01-03,Amundsen_Bellingshausen,2.568981578,0.2187457055718114,0.2187457055718114,0.540312197173086,FALSE,FALSE
1983-01-05,Amundsen_Bellingshausen,2.439404627,0.1795081871639388,0.1795081871639388,0.540312197173086,FALSE,FALSE
1983-01-07,Amundsen_Bellingshausen,2.313397164,0.14213856300784533,0.14213856300784533,0.540312197173086,FALSE,FALSE
1983-01-09,Amundsen_Bellingshausen,2.235816873,0.15049459437552537,0.15049459437552537,0.540312197173086,FALSE,FALSE
1983-01-11,Amundsen_Bellingshausen,2.081946916,0.07885952053897771,0.07885952053897771,0.540312197173086,FALSE,FALSE
1983-01-13,Amundsen_Bellingshausen,1.990334975,0.06478110077019616,0.06478110077019616,0.540312197173086,FALSE,FALSE
1983-01-15,Amundsen_Bellingshausen,1.900160373,0.04651674268095562,0.04651674268095562,0.540312197173086,FALSE,FALSE
1983-01-17,Amundsen_Bellingshausen,1.83435921,0.04686682185997726,0.04686682185997726,0.540312197173086,FALSE,FALSE
1983-01-19,Amundsen_Bellingshausen,1.821425205,0.09464458378074436,0.09464458378074436,0.540312197173086,FALSE,FALSE
1983-01-21,Amundsen_Bellingshausen,1.776804116,0.10562087363205476,0.10562087363205476,0.540312197173086,FALSE,FALSE
1983-01-23,Amundsen_Bellingshausen,1.732111927,0.11173676260270816,0.11173676260270816,0.540312197173086,FALSE,FALSE
1983-01-25,Amundsen_Bellingshausen,1.682231789,0.10820048888150492,0.10820048888150492,0.540312197173086,FALSE,FALSE
1983-01-27,Amundsen_Bellingshausen,1.669406659,0.13757789253235542,0.13757789253235542,0.540312197173086,FALSE,FALSE
1983-01-29,Amundsen_Bellingshausen,1.651733282,0.15820950695472313,0.15820950695472313,0.540312197173086,FALSE,FALSE
1983-01-31,Amundsen_Bellingshausen,1.617153466,0.1581818398687962,0.1581818398687962,0.540312197173086,FALSE,FALSE
1983-02-01,Amundsen_Bellingshausen,1.295945533,-0.1471140742974104,0.1471140742974104,0.540312197173086,FALSE,FALSE
1983-02-02,Amundsen_Bellingshausen,1.569846032,0.14181214529014907,0.14181214529014907,0.540312197173086,FALSE,FALSE
1983-02-04,Amundsen_Bellingshausen,1.488313163,0.08774103923435783,0.08774103923435783,0.540312197173086,FALSE,FALSE
1983-02-06,Amundsen_Bellingshausen,1.468707881,0.09225997671699517,0.09225997671699517,0.540312197173086,FALSE,FALSE
1983-02-08,Amundsen_Bellingshausen,1.40451989,0.04899700917920358,0.04899700917920358,0.540312197173086,FALSE,FALSE
1983-02-10,Amundsen_Bellingshausen,1.334514767,-0.0032121123213209,0.0032121123213209,0.540312197173086,FALSE,FALSE
1983-02-12,Amundsen_Bellingshausen,1.276011815,-0.04716862570033586,0.04716862570033586,0.540312197173086,FALSE,FALSE
1983-02-14,Amundsen_Bellingshausen,1.262739783,-0.04929741772521101,0.04929741772521101,0.540312197173086,FALSE,FALSE
1983-02-16,Amundsen_Bellingshausen,1.207752273,-0.09669852216331588,0.09669852216331588,0.540312197173086,FALSE,FALSE
1983-02-18,Amundsen_Bellingshausen,1.157304801,-0.14327005878201704,0.14327005878201704,0.540312197173086,FALSE,FALSE
1983-02-20,Amundsen_Bellingshausen,1.221844584,-0.0787184463486863,0.0787184463486863,0.540312197173086,FALSE,FALSE
1983-02-22,Amundsen_Bellingshausen,1.240342566,-0.06417279882457816,0.06417279882457816,0.540312197173086,FALSE,FALSE
1983-02-24,Amundsen_Bellingshausen,1.219795217,-0.09237401141386203,0.09237401141386203,0.540312197173086,FALSE,FALSE
1983-02-26,Amundsen_Bellingshausen,1.2111115670000001,-0.11200002629492124,0.11200002629492124,0.540312197173086,FALSE,FALSE
1983-02-28,Amundsen_Bellingshausen,1.230937814,-0.10599113318247078,0.10599113318247078,0.540312197173086,FALSE,FALSE
1983-03-01,Amundsen_Bellingshausen,1.622433154,0.2776466315854724,0.2776466315854724,0.540312197173086,FALSE,FALSE
1983-03-02,Amundsen_Bellingshausen,1.22386621,-0.1293415677912253,0.1293415677912253,0.540312197173086,FALSE,FALSE
1983-03-04,Amundsen_Bellingshausen,1.237603615,-0.1339309578358998,0.1339309578358998,0.540312197173086,FALSE,FALSE
1983-03-06,Amundsen_Bellingshausen,1.241633034,-0.14987517564969943,0.14987517564969943,0.540312197173086,FALSE,FALSE
1983-03-08,Amundsen_Bellingshausen,1.213630112,-0.19934108085125035,0.19934108085125035,0.540312197173086,FALSE,FALSE
1983-03-10,Amundsen_Bellingshausen,1.232777234,-0.2032114547695112,0.2032114547695112,0.540312197173086,FALSE,FALSE
1983-03-12,Amundsen_Bellingshausen,1.318873468,-0.14176058159026828,0.14176058159026828,0.540312197173086,FALSE,FALSE
1983-03-14,Amundsen_Bellingshausen,1.400610375,-0.08637025249931107,0.08637025249931107,0.540312197173086,FALSE,FALSE
1983-03-16,Amundsen_Bellingshausen,1.452476079,-0.06262569568242493,0.06262569568242493,0.540312197173086,FALSE,FALSE
1983-03-18,Amundsen_Bellingshausen,1.440320573,-0.10474977954343824,0.10474977954343824,0.540312197173086,FALSE,FALSE
1983-03-20,Amundsen_Bellingshausen,1.503847671,-0.0730467568208304,0.0730467568208304,0.540312197173086,FALSE,FALSE
1983-03-22,Amundsen_Bellingshausen,1.588527185,-0.02192602122563247,0.02192602122563247,0.540312197173086,FALSE,FALSE
1983-03-24,Amundsen_Bellingshausen,1.652703211,0.00709255323460733,0.00709255323460733,0.540312197173086,FALSE,FALSE
1983-03-26,Amundsen_Bellingshausen,1.718237876,0.03600712355234226,0.03600712355234226,0.540312197173086,FALSE,FALSE
1983-03-28,Amundsen_Bellingshausen,1.824071365,0.10389390472002692,0.10389390472002692,0.540312197173086,FALSE,FALSE
1983-03-30,Amundsen_Bellingshausen,1.926261639,0.1669468877301119,0.1669468877301119,0.540312197173086,FALSE,FALSE
1983-04-01,Amundsen_Bellingshausen,2.008468785,0.2089341736471091,0.2089341736471091,0.540312197173086,FALSE,FALSE
1983-04-03,Amundsen_Bellingshausen,2.033450629,0.192590696459898,0.192590696459898,0.540312197173086,FALSE,FALSE
1983-04-05,Amundsen_Bellingshausen,2.042623168,0.15927135795602698,0.15927135795602698,0.540312197173086,FALSE,FALSE
1983-04-07,Amundsen_Bellingshausen,2.037834679,0.11076333537651784,0.11076333537651784,0.540312197173086,FALSE,FALSE
1983-04-09,Amundsen_Bellingshausen,2.075603278,0.10352364496238842,0.10352364496238842,0.540312197173086,FALSE,FALSE
1983-04-11,Amundsen_Bellingshausen,2.124550203,0.10611242495465324,0.10611242495465324,0.540312197173086,FALSE,FALSE
1983-04-13,Amundsen_Bellingshausen,2.212828524,0.14662534187209708,0.14662534187209708,0.540312197173086,FALSE,FALSE
1983-04-15,Amundsen_Bellingshausen,2.333283833,0.2178953965492525,0.2178953965492525,0.540312197173086,FALSE,FALSE
1983-04-17,Amundsen_Bellingshausen,2.401178152,0.23520183092863212,0.23520183092863212,0.540312197173086,FALSE,FALSE
1983-04-19,Amundsen_Bellingshausen,2.444288041,0.22633896384731145,0.22633896384731145,0.540312197173086,FALSE,FALSE
1983-04-21,Amundsen_Bellingshausen,2.56789775,0.2966088041423558,0.2966088041423558,0.540312197173086,FALSE,FALSE
1983-04-23,Amundsen_Bellingshausen,2.625435366,0.2994571976508391,0.2994571976508391,0.540312197173086,FALSE,FALSE
1983-04-25,Amundsen_Bellingshausen,2.71303099,0.33103634537776605,0.33103634537776605,0.540312197173086,FALSE,FALSE
1983-04-27,Amundsen_Bellingshausen,2.78187415,0.3427716266372056,0.3427716266372056,0.540312197173086,FALSE,FALSE
1983-04-29,Amundsen_Bellingshausen,2.84966326,0.35290423214455124,0.35290423214455124,0.540312197173086,FALSE,FALSE
1983-05-01,Amundsen_Bellingshausen,2.914046483,0.35964884561470045,0.35964884561470045,0.540312197173086,FALSE,FALSE
1983-05-03,Amundsen_Bellingshausen,2.902328317,0.2908764857625554,0.2908764857625554,0.540312197173086,FALSE,FALSE
1983-05-05,Amundsen_Bellingshausen,2.977906611,0.3105515223030233,0.3105515223030233,0.540312197173086,FALSE,FALSE
1983-05-07,Amundsen_Bellingshausen,3.031050676,0.3095097479678768,0.3095097479678768,0.540312197173086,FALSE,FALSE
1983-05-09,Amundsen_Bellingshausen,3.035990752,0.2624028721313607,0.2624028721313607,0.540312197173086,FALSE,FALSE
1983-05-11,Amundsen_Bellingshausen,3.033748555,0.21020197501475657,0.21020197501475657,0.540312197173086,FALSE,FALSE
1983-05-13,Amundsen_Bellingshausen,2.98992736,0.1183637827295918,0.1183637827295918,0.540312197173086,FALSE,FALSE
1983-05-15,Amundsen_Bellingshausen,3.032625767,0.11484034638738594,0.11484034638738594,0.540312197173086,FALSE,FALSE
1983-05-17,Amundsen_Bellingshausen,3.097306822,0.13494816309966717,0.13494816309966717,0.540312197173086,FALSE,FALSE
1983-05-19,Amundsen_Bellingshausen,3.138329072,0.13289923097795686,0.13289923097795686,0.540312197173086,FALSE,FALSE
1983-05-21,Amundsen_Bellingshausen,3.182121719,0.13497757377607966,0.13497757377607966,0.540312197173086,FALSE,FALSE
1983-05-23,Amundsen_Bellingshausen,3.257008383,0.16937258675927325,0.16937258675927325,0.540312197173086,FALSE,FALSE
1983-05-25,Amundsen_Bellingshausen,3.331659181,0.2046254134712533,0.2046254134712533,0.540312197173086,FALSE,FALSE
1983-05-27,Amundsen_Bellingshausen,3.364258693,0.19879169350155923,0.19879169350155923,0.540312197173086,FALSE,FALSE
1983-05-29,Amundsen_Bellingshausen,3.384195133,0.18113070043973645,0.18113070043973645,0.540312197173086,FALSE,FALSE
1983-05-31,Amundsen_Bellingshausen,3.421557317,0.1816023098753239,0.1816023098753239,0.540312197173086,FALSE,FALSE
1983-06-01,Amundsen_Bellingshausen,3.658886139,0.40071062265137813,0.40071062265137813,0.540312197173086,FALSE,FALSE
1983-06-02,Amundsen_Bellingshausen,3.46935589,0.19309639466725903,0.19309639466725903,0.540312197173086,FALSE,FALSE
1983-06-04,Amundsen_Bellingshausen,3.53242353,0.2205288620119128,0.2205288620119128,0.540312197173086,FALSE,FALSE
1983-06-06,Amundsen_Bellingshausen,3.587581584,0.24101767521328463,0.24101767521328463,0.540312197173086,FALSE,FALSE
1983-06-08,Amundsen_Bellingshausen,3.610042323,0.23008176818951265,0.23008176818951265,0.540312197173086,FALSE,FALSE
1983-06-10,Amundsen_Bellingshausen,3.661884491,0.250106547858739,0.250106547858739,0.540312197173086,FALSE,FALSE
1983-06-12,Amundsen_Bellingshausen,3.71045982,0.2687504091390993,0.2687504091390993,0.540312197173086,FALSE,FALSE
1983-06-14,Amundsen_Bellingshausen,3.703703841,0.23425452222324017,0.23425452222324017,0.540312197173086,FALSE,FALSE
1983-06-16,Amundsen_Bellingshausen,3.666734932,0.17179432975477127,0.17179432975477127,0.540312197173086,FALSE,FALSE
1983-06-18,Amundsen_Bellingshausen,3.599149699,0.08045254428608484,0.08045254428608484,0.540312197173086,FALSE,FALSE
1983-06-20,Amundsen_Bellingshausen,3.495004625,-0.04630809906489563,0.04630809906489563,0.540312197173086,FALSE,FALSE
1983-06-22,Amundsen_Bellingshausen,3.50770656,-0.05567449818024439,0.05567449818024439,0.540312197173086,FALSE,FALSE
1983-06-24,Amundsen_Bellingshausen,3.497136844,-0.08835906094203771,0.08835906094203771,0.540312197173086,FALSE,FALSE
1983-06-26,Amundsen_Bellingshausen,3.52802206,-0.08022895223235116,0.08022895223235116,0.540312197173086,FALSE,FALSE
1983-06-28,Amundsen_Bellingshausen,3.649247086,0.01711224289463864,0.01711224289463864,0.540312197173086,FALSE,FALSE
1983-06-30,Amundsen_Bellingshausen,3.74809917,0.09103879975238538,0.09103879975238538,0.540312197173086,FALSE,FALSE
1983-07-01,Amundsen_Bellingshausen,3.688705979,0.01888053310884085,0.01888053310884085,0.540312197173086,FALSE,FALSE
1983-07-02,Amundsen_Bellingshausen,3.766982702,0.08423777757965212,0.08423777757965212,0.540312197173086,FALSE,FALSE
1983-07-04,Amundsen_Bellingshausen,3.715935544,0.00702986935225036,0.00702986935225036,0.540312197173086,FALSE,FALSE
1983-07-06,Amundsen_Bellingshausen,3.643117349,-0.0921424409540128,0.0921424409540128,0.540312197173086,FALSE,FALSE
1983-07-08,Amundsen_Bellingshausen,3.667736214,-0.09378822536332,0.09378822536332,0.540312197173086,FALSE,FALSE
1983-07-10,Amundsen_Bellingshausen,3.705753524,-0.08167047594451704,0.08167047594451704,0.540312197173086,FALSE,FALSE
1983-07-12,Amundsen_Bellingshausen,3.73794854,-0.07484070320413849,0.07484070320413849,0.540312197173086,FALSE,FALSE
1983-07-14,Amundsen_Bellingshausen,3.729805233,-0.10772687031559204,0.10772687031559204,0.540312197173086,FALSE,FALSE
1983-07-16,Amundsen_Bellingshausen,3.670138186,-0.1914283739398419,0.1914283739398419,0.540312197173086,FALSE,FALSE
1983-07-18,Amundsen_Bellingshausen,3.556161686,-0.32864490673785784,0.32864490673785784,0.540312197173086,FALSE,FALSE
1983-07-20,Amundsen_Bellingshausen,3.545617974,-0.3615482073706135,0.3615482073706135,0.540312197173086,FALSE,FALSE
1983-07-22,Amundsen_Bellingshausen,3.554373934,-0.37418509154499535,0.37418509154499535,0.540312197173086,FALSE,FALSE
1983-07-24,Amundsen_Bellingshausen,3.601408501,-0.3474703715756102,0.3474703715756102,0.540312197173086,FALSE,FALSE
1983-07-26,Amundsen_Bellingshausen,3.607980248,-0.36000633043732577,0.36000633043732577,0.540312197173086,FALSE,FALSE
1983-07-28,Amundsen_Bellingshausen,3.593824926,-0.39191500090663656,0.39191500090663656,0.540312197173086,FALSE,FALSE
1983-07-30,Amundsen_Bellingshausen,3.641550608,-0.3604460937600491,0.3604460937600491,0.540312197173086,FALSE,FALSE
1983-08-01,Amundsen_Bellingshausen,3.655055847,-0.3615588397740588,0.3615588397740588,0.540312197173086,FALSE,FALSE
1983-08-03,Amundsen_Bellingshausen,3.592480796,-0.436970870252662,0.436970870252662,0.540312197173086,FALSE,FALSE
1983-08-05,Amundsen_Bellingshausen,3.492669186,-0.5478045718600932,0.5478045718600932,0.540312197173086,TRUE,TRUE
1983-08-07,Amundsen_Bellingshausen,3.400233433,-0.6498251431776025,0.6498251431776025,0.540312197173086,TRUE,TRUE
1983-08-09,Amundsen_Bellingshausen,3.34196184,-0.716719583333528,0.716719583333528,0.540312197173086,TRUE,TRUE
1983-08-11,Amundsen_Bellingshausen,3.309011262,-0.757806339456216,0.757806339456216,0.540312197173086,TRUE,TRUE
1983-08-13,Amundsen_Bellingshausen,3.307391502,-0.7675509106740033,0.7675509106740033,0.540312197173086,TRUE,TRUE
1983-08-15,Amundsen_Bellingshausen,3.35199961,-0.7315315491152354,0.7315315491152354,0.540312197173086,TRUE,TRUE
1983-08-17,Amundsen_Bellingshausen,3.467343555,-0.6256426923477183,0.6256426923477183,0.540312197173086,TRUE,TRUE
1983-08-19,Amundsen_Bellingshausen,3.506940336,-0.5960774250883918,0.5960774250883918,0.540312197173086,TRUE,TRUE
1983-08-21,Amundsen_Bellingshausen,3.605671361,-0.5072818413978228,0.5072818413978228,0.540312197173086,FALSE,FALSE
1983-08-23,Amundsen_Bellingshausen,3.783191291,-0.33892475226132524,0.33892475226132524,0.540312197173086,FALSE,FALSE
1983-08-25,Amundsen_Bellingshausen,3.792472951,-0.3373568046642057,0.3373568046642057,0.540312197173086,FALSE,FALSE
1983-08-27,Amundsen_Bellingshausen,3.770567623,-0.3648501885917837,0.3648501885917837,0.540312197173086,FALSE,FALSE
1983-08-29,Amundsen_Bellingshausen,3.767880742,-0.3703379325063798,0.3703379325063798,0.540312197173086,FALSE,FALSE
1983-08-31,Amundsen_Bellingshausen,3.746022868,-0.3920365775889856,0.3920365775889856,0.540312197173086,FALSE,FALSE
1983-09-01,Amundsen_Bellingshausen,3.889132645,-0.2478638087672591,0.2478638087672591,0.540312197173086,FALSE,FALSE
1983-09-02,Amundsen_Bellingshausen,3.764895943,-0.3704563804597818,0.3704563804597818,0.540312197173086,FALSE,FALSE
1983-09-04,Amundsen_Bellingshausen,3.839682569,-0.2908614176563509,0.2908614176563509,0.540312197173086,FALSE,FALSE
1983-09-06,Amundsen_Bellingshausen,3.826056642,-0.29802447171627655,0.29802447171627655,0.540312197173086,FALSE,FALSE
1983-09-08,Amundsen_Bellingshausen,3.80605924,-0.3103511431771442,0.3103511431771442,0.540312197173086,FALSE,FALSE
1983-09-10,Amundsen_Bellingshausen,3.881591162,-0.22638705505056,0.22638705505056,0.540312197173086,FALSE,FALSE
1983-09-12,Amundsen_Bellingshausen,3.909069613,-0.19001840710771,0.19001840710771,0.540312197173086,FALSE,FALSE
1983-09-14,Amundsen_Bellingshausen,3.949181871,-0.14048068966845362,0.14048068966845362,0.540312197173086,FALSE,FALSE
1983-09-16,Amundsen_Bellingshausen,3.983486111,-0.09607586764029774,0.09607586764029774,0.540312197173086,FALSE,FALSE
1983-09-18,Amundsen_Bellingshausen,3.941560507,-0.1270859069307413,0.1270859069307413,0.540312197173086,FALSE,FALSE
1983-09-20,Amundsen_Bellingshausen,3.901074711,-0.15570129544727918,0.15570129544727918,0.540312197173086,FALSE,FALSE
1983-09-22,Amundsen_Bellingshausen,3.903796541,-0.14001435509741889,0.14001435509741889,0.540312197173086,FALSE,FALSE
1983-09-24,Amundsen_Bellingshausen,3.923616244,-0.10600352415306212,0.10600352415306212,0.540312197173086,FALSE,FALSE
1983-09-26,Amundsen_Bellingshausen,3.862521853,-0.1516042536905462,0.1516042536905462,0.540312197173086,FALSE,FALSE
1983-09-28,Amundsen_Bellingshausen,3.815726103,-0.18154892672404752,0.18154892672404752,0.540312197173086,FALSE,FALSE
1983-09-30,Amundsen_Bellingshausen,3.758837635,-0.22017407321822047,0.22017407321822047,0.540312197173086,FALSE,FALSE
1983-10-01,Amundsen_Bellingshausen,3.681335817,-0.28799750468951135,0.28799750468951135,0.540312197173086,FALSE,FALSE
1983-10-02,Amundsen_Bellingshausen,3.735933782,-0.2233475311377151,0.2233475311377151,0.540312197173086,FALSE,FALSE
1983-10-04,Amundsen_Bellingshausen,3.746966137,-0.1910628784471844,0.1910628784471844,0.540312197173086,FALSE,FALSE
1983-10-06,Amundsen_Bellingshausen,3.714879849,-0.2003384729106914,0.2003384729106914,0.540312197173086,FALSE,FALSE
1983-10-08,Amundsen_Bellingshausen,3.747818197,-0.14332912138987863,0.14332912138987863,0.540312197173086,FALSE,FALSE
1983-10-10,Amundsen_Bellingshausen,3.718058085,-0.1483483220797508,0.1483483220797508,0.540312197173086,FALSE,FALSE
1983-10-12,Amundsen_Bellingshausen,3.668170456,-0.17342536907553763,0.17342536907553763,0.540312197173086,FALSE,FALSE
1983-10-14,Amundsen_Bellingshausen,3.579530802,-0.237785007472465,0.237785007472465,0.540312197173086,FALSE,FALSE
1983-10-16,Amundsen_Bellingshausen,3.567004986,-0.22716161136576177,0.22716161136576177,0.540312197173086,FALSE,FALSE
1983-10-18,Amundsen_Bellingshausen,3.621131602,-0.15161353141167755,0.15161353141167755,0.540312197173086,FALSE,FALSE
1983-10-20,Amundsen_Bellingshausen,3.647147036,-0.1061349953607298,0.1061349953607298,0.540312197173086,FALSE,FALSE
1983-10-22,Amundsen_Bellingshausen,3.683772294,-0.05154076196000279,0.05154076196000279,0.540312197173086,FALSE,FALSE
1983-10-24,Amundsen_Bellingshausen,3.678221724,-0.04007468589861096,0.04007468589861096,0.540312197173086,FALSE,FALSE
1983-10-26,Amundsen_Bellingshausen,3.644592227,-0.05709806886567348,0.05709806886567348,0.540312197173086,FALSE,FALSE
1983-10-28,Amundsen_Bellingshausen,3.637400452,-0.04755246455030315,0.04755246455030315,0.540312197173086,FALSE,FALSE
1983-10-30,Amundsen_Bellingshausen,3.596072434,-0.07147004064161733,0.07147004064161733,0.540312197173086,FALSE,FALSE
1983-11-01,Amundsen_Bellingshausen,3.564869594,-0.0841459503860329,0.0841459503860329,0.540312197173086,FALSE,FALSE
1983-11-03,Amundsen_Bellingshausen,3.557491708,-0.07187339482274968,0.07187339482274968,0.540312197173086,FALSE,FALSE
1983-11-05,Amundsen_Bellingshausen,3.514555531,-0.09414957077964337,0.09414957077964337,0.540312197173086,FALSE,FALSE
1983-11-07,Amundsen_Bellingshausen,3.445479933,-0.14166956456579705,0.14166956456579705,0.540312197173086,FALSE,FALSE
1983-11-09,Amundsen_Bellingshausen,3.387247635,-0.17756461149029334,0.17756461149029334,0.540312197173086,FALSE,FALSE
1983-11-11,Amundsen_Bellingshausen,3.380464309,-0.16134299586221523,0.16134299586221523,0.540312197173086,FALSE,FALSE
1983-11-13,Amundsen_Bellingshausen,3.336243086,-0.1820067780696366,0.1820067780696366,0.540312197173086,FALSE,FALSE
1983-11-15,Amundsen_Bellingshausen,3.344617612,-0.1496515659198301,0.1496515659198301,0.540312197173086,FALSE,FALSE
1983-11-17,Amundsen_Bellingshausen,3.363983225,-0.10602020943489032,0.10602020943489032,0.540312197173086,FALSE,FALSE
1983-11-19,Amundsen_Bellingshausen,3.320301618,-0.125289346447933,0.125289346447933,0.540312197173086,FALSE,FALSE
1983-11-21,Amundsen_Bellingshausen,3.280520877,-0.14064922179207515,0.14064922179207515,0.540312197173086,FALSE,FALSE
1983-11-23,Amundsen_Bellingshausen,3.273794386,-0.12308478230042665,0.12308478230042665,0.540312197173086,FALSE,FALSE
1983-11-25,Amundsen_Bellingshausen,3.259659122,-0.11319264350198788,0.11319264350198788,0.540312197173086,FALSE,FALSE
1983-11-27,Amundsen_Bellingshausen,3.236908611,-0.11210398782926356,0.11210398782926356,0.540312197173086,FALSE,FALSE
1983-11-29,Amundsen_Bellingshausen,3.196344338,-0.12865547989432358,0.12865547989432358,0.540312197173086,FALSE,FALSE
1983-12-01,Amundsen_Bellingshausen,3.189693028,-0.11073778263410317,0.11073778263410317,0.540312197173086,FALSE,FALSE
1983-12-03,Amundsen_Bellingshausen,3.161814891,-0.1131080739855359,0.1131080739855359,0.540312197173086,FALSE,FALSE
1983-12-05,Amundsen_Bellingshausen,3.10896416,-0.1391295088855511,0.1391295088855511,0.540312197173086,FALSE,FALSE
1983-12-07,Amundsen_Bellingshausen,3.074642809,-0.14491743050526518,0.14491743050526518,0.540312197173086,FALSE,FALSE
1983-12-09,Amundsen_Bellingshausen,3.047200593,-0.14159812583968812,0.14159812583968812,0.540312197173086,FALSE,FALSE
1983-12-11,Amundsen_Bellingshausen,3.016937669,-0.1379103605724299,0.1379103605724299,0.540312197173086,FALSE,FALSE
1983-12-13,Amundsen_Bellingshausen,3.004181661,-0.11248115016833672,0.11248115016833672,0.540312197173086,FALSE,FALSE
1983-12-15,Amundsen_Bellingshausen,2.967429792,-0.10576791109225736,0.10576791109225736,0.540312197173086,FALSE,FALSE
1983-12-17,Amundsen_Bellingshausen,2.920946171,-0.1024611738090324,0.1024611738090324,0.540312197173086,FALSE,FALSE
1983-12-19,Amundsen_Bellingshausen,2.928255263,-0.03799111278351086,0.03799111278351086,0.540312197173086,FALSE,FALSE
1983-12-21,Amundsen_Bellingshausen,2.93085347,0.02998700754613192,0.02998700754613192,0.540312197173086,FALSE,FALSE
1983-12-23,Amundsen_Bellingshausen,2.909294401,0.08138629437324507,0.08138629437324507,0.540312197173086,FALSE,FALSE
1983-12-25,Amundsen_Bellingshausen,2.87409141,0.12539929248781778,0.12539929248781778,0.540312197173086,FALSE,FALSE
1983-12-27,Amundsen_Bellingshausen,2.818270361,0.1537275588721494,0.1537275588721494,0.540312197173086,FALSE,FALSE
1983-12-29,Amundsen_Bellingshausen,2.727496644,0.15071217650852908,0.15071217650852908,0.540312197173086,FALSE,FALSE
1983-12-31,Amundsen_Bellingshausen,2.630218003,0.14347658237926364,0.14347658237926364,0.540312197173086,FALSE,FALSE
1984-01-01,Amundsen_Bellingshausen,1.942290228,-0.4989867480405241,0.4989867480405241,0.540312197173086,FALSE,FALSE
1984-01-02,Amundsen_Bellingshausen,2.578039222,0.18230801147267117,0.18230801147267117,0.540312197173086,FALSE,FALSE
1984-01-04,Amundsen_Bellingshausen,2.507826806,0.20291085391590435,0.20291085391590435,0.540312197173086,FALSE,FALSE
1984-01-06,Amundsen_Bellingshausen,2.411557618,0.19625529197492053,0.19625529197492053,0.540312197173086,FALSE,FALSE
1984-01-08,Amundsen_Bellingshausen,2.252546351,0.12465609592171356,0.12465609592171356,0.540312197173086,FALSE,FALSE
1984-01-10,Amundsen_Bellingshausen,2.123014751,0.07933508902828068,0.07933508902828068,0.540312197173086,FALSE,FALSE
1984-01-12,Amundsen_Bellingshausen,1.889159796,-0.07451067343338447,0.07451067343338447,0.540312197173086,FALSE,FALSE
1984-01-14,Amundsen_Bellingshausen,1.818262534,-0.07059811037690156,0.07059811037690156,0.540312197173086,FALSE,FALSE
1984-01-16,Amundsen_Bellingshausen,1.643265034,-0.1766027228729521,0.1766027228729521,0.540312197173086,FALSE,FALSE
1984-01-18,Amundsen_Bellingshausen,1.530948674,-0.22552821422165747,0.22552821422165747,0.540312197173086,FALSE,FALSE
1984-01-20,Amundsen_Bellingshausen,1.418511738,-0.2798512132342188,0.2798512132342188,0.540312197173086,FALSE,FALSE
1984-01-22,Amundsen_Bellingshausen,1.375517832,-0.26968302672183597,0.26968302672183597,0.540312197173086,FALSE,FALSE
1984-01-24,Amundsen_Bellingshausen,1.318917219,-0.27774830449571075,0.27774830449571075,0.540312197173086,FALSE,FALSE
1984-01-26,Amundsen_Bellingshausen,1.254121456,-0.2983104023670433,0.2983104023670433,0.540312197173086,FALSE,FALSE
1984-01-28,Amundsen_Bellingshausen,1.206379919,-0.3058185943794516,0.3058185943794516,0.540312197173086,FALSE,FALSE
1984-01-30,Amundsen_Bellingshausen,1.187417426,-0.2883698213381771,0.2883698213381771,0.540312197173086,FALSE,FALSE
1984-02-01,Amundsen_Bellingshausen,1.176419023,-0.26664058429741044,0.26664058429741044,0.540312197173086,FALSE,FALSE
1984-02-03,Amundsen_Bellingshausen,1.150909177,-0.26296798324157744,0.26296798324157744,0.540312197173086,FALSE,FALSE
1984-02-05,Amundsen_Bellingshausen,1.186651635,-0.20144983815510087,0.20144983815510087,0.540312197173086,FALSE,FALSE
1984-02-07,Amundsen_Bellingshausen,1.177738484,-0.18785562902240716,0.18785562902240716,0.540312197173086,FALSE,FALSE
1984-02-09,Amundsen_Bellingshausen,1.121166185,-0.2250621019467074,0.2250621019467074,0.540312197173086,FALSE,FALSE
1984-02-11,Amundsen_Bellingshausen,1.109210194,-0.22082766841555612,0.22082766841555612,0.540312197173086,FALSE,FALSE
1984-02-13,Amundsen_Bellingshausen,1.099391481,-0.21778233764658084,0.21778233764658084,0.540312197173086,FALSE,FALSE
1984-02-15,Amundsen_Bellingshausen,1.081851648,-0.2259381434071488,0.2259381434071488,0.540312197173086,FALSE,FALSE
1984-02-17,Amundsen_Bellingshausen,1.086437711,-0.2156017054646311,0.2156017054646311,0.540312197173086,FALSE,FALSE
1984-02-19,Amundsen_Bellingshausen,1.071311402,-0.2287649275863957,0.2287649275863957,0.540312197173086,FALSE,FALSE
1984-02-21,Amundsen_Bellingshausen,1.053464818,-0.24858602560350485,0.24858602560350485,0.540312197173086,FALSE,FALSE
1984-02-23,Amundsen_Bellingshausen,1.039211228,-0.26869416143991876,0.26869416143991876,0.540312197173086,FALSE,FALSE
1984-02-25,Amundsen_Bellingshausen,1.012716958,-0.30453823471075014,0.30453823471075014,0.540312197173086,FALSE,FALSE
1984-02-27,Amundsen_Bellingshausen,1.008566348,-0.3211203931307156,0.3211203931307156,0.540312197173086,FALSE,FALSE
1984-03-01,Amundsen_Bellingshausen,1.475347141,0.12213936320877485,0.12213936320877485,0.540312197173086,FALSE,FALSE
1984-03-02,Amundsen_Bellingshausen,1.037626444,-0.32451458027690316,0.32451458027690316,0.540312197173086,FALSE,FALSE
1984-03-04,Amundsen_Bellingshausen,1.053083897,-0.3282528407596321,0.3282528407596321,0.540312197173086,FALSE,FALSE
1984-03-06,Amundsen_Bellingshausen,1.087302654,-0.314747317672498,0.314747317672498,0.540312197173086,FALSE,FALSE
1984-03-08,Amundsen_Bellingshausen,1.138609612,-0.2856714302091805,0.2856714302091805,0.540312197173086,FALSE,FALSE
1984-03-10,Amundsen_Bellingshausen,1.221187053,-0.2269162485554661,0.2269162485554661,0.540312197173086,FALSE,FALSE
1984-03-12,Amundsen_Bellingshausen,1.265738779,-0.20785132289714325,0.20785132289714325,0.540312197173086,FALSE,FALSE
1984-03-14,Amundsen_Bellingshausen,1.272733733,-0.2280810624199967,0.2280810624199967,0.540312197173086,FALSE,FALSE
1984-03-16,Amundsen_Bellingshausen,1.336136253,-0.1937144813098166,0.1937144813098166,0.540312197173086,FALSE,FALSE
1984-03-18,Amundsen_Bellingshausen,1.373711606,-0.1870454444166796,0.1870454444166796,0.540312197173086,FALSE,FALSE
1984-03-20,Amundsen_Bellingshausen,1.400634396,-0.1928310850068331,0.1928310850068331,0.540312197173086,FALSE,FALSE
1984-03-22,Amundsen_Bellingshausen,1.435560159,-0.19228044072817196,0.19228044072817196,0.540312197173086,FALSE,FALSE
1984-03-24,Amundsen_Bellingshausen,1.517548959,-0.14619741758824034,0.14619741758824034,0.540312197173086,FALSE,FALSE
1984-03-26,Amundsen_Bellingshausen,1.571889358,-0.12915742359458715,0.12915742359458715,0.540312197173086,FALSE,FALSE
1984-03-28,Amundsen_Bellingshausen,1.649451088,-0.09015469675475928,0.09015469675475928,0.540312197173086,FALSE,FALSE
1984-03-30,Amundsen_Bellingshausen,1.70517481,-0.0741155057033478,0.0741155057033478,0.540312197173086,FALSE,FALSE
1984-04-01,Amundsen_Bellingshausen,1.74231861,-0.07773666114185018,0.07773666114185018,0.540312197173086,FALSE,FALSE
1984-04-03,Amundsen_Bellingshausen,1.740935623,-0.12102061001751796,0.12102061001751796,0.540312197173086,FALSE,FALSE
1984-04-05,Amundsen_Bellingshausen,1.741978695,-0.16307560608933525,0.16307560608933525,0.540312197173086,FALSE,FALSE
1984-04-07,Amundsen_Bellingshausen,1.722180904,-0.22722967111628245,0.22722967111628245,0.540312197173086,FALSE,FALSE
1984-04-09,Amundsen_Bellingshausen,1.744204674,-0.2508814808573425,0.2508814808573425,0.540312197173086,FALSE,FALSE
1984-04-11,Amundsen_Bellingshausen,1.82685935,-0.21528274096473,0.21528274096473,0.540312197173086,FALSE,FALSE
1984-04-13,Amundsen_Bellingshausen,1.869731906,-0.22088746457478803,0.22088746457478803,0.540312197173086,FALSE,FALSE
1984-04-15,Amundsen_Bellingshausen,1.954107033,-0.1864011269011532,0.1864011269011532,0.540312197173086,FALSE,FALSE
1984-04-17,Amundsen_Bellingshausen,2.051003973,-0.14078672710675688,0.14078672710675688,0.540312197173086,FALSE,FALSE
1984-04-19,Amundsen_Bellingshausen,2.129865293,-0.11458393935452892,0.11458393935452892,0.540312197173086,FALSE,FALSE
1984-04-21,Amundsen_Bellingshausen,2.201126749,-0.0973392488073994,0.0973392488073994,0.540312197173086,FALSE,FALSE
1984-04-23,Amundsen_Bellingshausen,2.274756076,-0.0790671616282963,0.0790671616282963,0.540312197173086,FALSE,FALSE
1984-04-25,Amundsen_Bellingshausen,2.295971874,-0.11447272422881972,0.11447272422881972,0.540312197173086,FALSE,FALSE
1984-04-27,Amundsen_Bellingshausen,2.325905937,-0.14199166793479143,0.14199166793479143,0.540312197173086,FALSE,FALSE
1984-04-29,Amundsen_Bellingshausen,2.476549817,-0.04906616003540565,0.04906616003540565,0.540312197173086,FALSE,FALSE
1984-05-01,Amundsen_Bellingshausen,2.508300989,-0.07473220481576703,0.07473220481576703,0.540312197173086,FALSE,FALSE
1984-05-03,Amundsen_Bellingshausen,2.550328848,-0.08925388656096711,0.08925388656096711,0.540312197173086,FALSE,FALSE
1984-05-05,Amundsen_Bellingshausen,2.629757523,-0.06494055555610645,0.06494055555610645,0.540312197173086,FALSE,FALSE
1984-05-07,Amundsen_Bellingshausen,2.660892035,-0.08694255972089948,0.08694255972089948,0.540312197173086,FALSE,FALSE
1984-05-09,Amundsen_Bellingshausen,2.695797168,-0.10302193408640026,0.10302193408640026,0.540312197173086,FALSE,FALSE
1984-05-11,Amundsen_Bellingshausen,2.819672769,-0.0281158631762266,0.0281158631762266,0.540312197173086,FALSE,FALSE
1984-05-13,Amundsen_Bellingshausen,2.928772903,0.03388316912114852,0.03388316912114852,0.540312197173086,FALSE,FALSE
1984-05-15,Amundsen_Bellingshausen,2.924201475,-0.01606748108275413,0.01606748108275413,0.540312197173086,FALSE,FALSE
1984-05-17,Amundsen_Bellingshausen,3.016554215,0.03248136732359086,0.03248136732359086,0.540312197173086,FALSE,FALSE
1984-05-19,Amundsen_Bellingshausen,3.123998371,0.09755047506104476,0.09755047506104476,0.540312197173086,FALSE,FALSE
1984-05-21,Amundsen_Bellingshausen,3.171551159,0.10401641952592566,0.10401641952592566,0.540312197173086,FALSE,FALSE
1984-05-23,Amundsen_Bellingshausen,3.18674711,0.07928367692481908,0.07928367692481908,0.540312197173086,FALSE,FALSE
1984-05-25,Amundsen_Bellingshausen,3.238091856,0.09172893884726908,0.09172893884726908,0.540312197173086,FALSE,FALSE
1984-05-27,Amundsen_Bellingshausen,3.279477594,0.09511546188281716,0.09511546188281716,0.540312197173086,FALSE,FALSE
1984-05-29,Amundsen_Bellingshausen,3.270753454,0.04916343562100733,0.04916343562100733,0.540312197173086,FALSE,FALSE
1984-05-31,Amundsen_Bellingshausen,3.216123786,-0.04205173034862186,0.04205173034862186,0.540312197173086,FALSE,FALSE
1984-06-01,Amundsen_Bellingshausen,3.647907397,0.3716479016672589,0.3716479016672589,0.540312197173086,FALSE,FALSE
1984-06-02,Amundsen_Bellingshausen,3.244690141,-0.04948851571011925,0.04948851571011925,0.540312197173086,FALSE,FALSE
1984-06-04,Amundsen_Bellingshausen,3.349244339,0.01987514269812607,0.01987514269812607,0.540312197173086,FALSE,FALSE
1984-06-06,Amundsen_Bellingshausen,3.376479723,0.01303925042215725,0.01303925042215725,0.540312197173086,FALSE,FALSE
1984-06-08,Amundsen_Bellingshausen,3.419587055,0.02350123238011647,0.02350123238011647,0.540312197173086,FALSE,FALSE
1984-06-10,Amundsen_Bellingshausen,3.429893356,0.0028947724901438,0.0028947724901438,0.540312197173086,FALSE,FALSE
1984-06-12,Amundsen_Bellingshausen,3.48256231,0.02669021767037582,0.02669021767037582,0.540312197173086,FALSE,FALSE
1984-06-14,Amundsen_Bellingshausen,3.551069043,0.06862013187140237,0.06862013187140237,0.540312197173086,FALSE,FALSE
1984-06-16,Amundsen_Bellingshausen,3.544723771,0.03772516038808593,0.03772516038808593,0.540312197173086,FALSE,FALSE
1984-06-18,Amundsen_Bellingshausen,3.580842026,0.0507315729635116,0.0507315729635116,0.540312197173086,FALSE,FALSE
1984-06-20,Amundsen_Bellingshausen,3.641530139,0.08915195271560616,0.08915195271560616,0.540312197173086,FALSE,FALSE
1984-06-22,Amundsen_Bellingshausen,3.706298135,0.131902576762295,0.131902576762295,0.540312197173086,FALSE,FALSE
1984-06-24,Amundsen_Bellingshausen,3.70960197,0.11284565322150096,0.11284565322150096,0.540312197173086,FALSE,FALSE
1984-06-26,Amundsen_Bellingshausen,3.735536644,0.11549154464939448,0.11549154464939448,0.540312197173086,FALSE,FALSE
1984-06-28,Amundsen_Bellingshausen,3.75014716,0.10566210863831048,0.10566210863831048,0.540312197173086,FALSE,FALSE
1984-06-30,Amundsen_Bellingshausen,3.90080975,0.23098430410884108,0.23098430410884108,0.540312197173086,FALSE,FALSE
1984-07-01,Amundsen_Bellingshausen,4.192328574,0.5095836495796524,0.5095836495796524,0.540312197173086,FALSE,FALSE
1984-07-02,Amundsen_Bellingshausen,3.97584198,0.280058528036796,0.280058528036796,0.540312197173086,FALSE,FALSE
1984-07-04,Amundsen_Bellingshausen,4.026488337,0.3044120983979872,0.3044120983979872,0.540312197173086,FALSE,FALSE
1984-07-06,Amundsen_Bellingshausen,4.119439345,0.3710183701682266,0.3710183701682266,0.540312197173086,FALSE,FALSE
1984-07-08,Amundsen_Bellingshausen,4.169219632,0.39468476600991087,0.39468476600991087,0.540312197173086,FALSE,FALSE
1984-07-10,Amundsen_Bellingshausen,4.151976427,0.3517973838033406,0.3517973838033406,0.540312197173086,FALSE,FALSE
1984-07-12,Amundsen_Bellingshausen,4.131464814,0.3062209665754234,0.3062209665754234,0.540312197173086,FALSE,FALSE
1984-07-14,Amundsen_Bellingshausen,4.093099327,0.24345606866519456,0.24345606866519456,0.540312197173086,FALSE,FALSE
1984-07-16,Amundsen_Bellingshausen,4.143090162,0.2697989064116797,0.2697989064116797,0.540312197173086,FALSE,FALSE
1984-07-18,Amundsen_Bellingshausen,4.195993324,0.29989150515391794,0.29989150515391794,0.540312197173086,FALSE,FALSE
1984-07-20,Amundsen_Bellingshausen,4.229980462,0.3119915342309314,0.3119915342309314,0.540312197173086,FALSE,FALSE
1984-07-22,Amundsen_Bellingshausen,4.240568676,0.3017070978075531,0.3017070978075531,0.540312197173086,FALSE,FALSE
1984-07-24,Amundsen_Bellingshausen,4.150408971,0.1918158393334508,0.1918158393334508,0.540312197173086,FALSE,FALSE
1984-07-26,Amundsen_Bellingshausen,4.077835771,0.10079433514000248,0.10079433514000248,0.540312197173086,FALSE,FALSE
1984-07-28,Amundsen_Bellingshausen,4.13078851,0.13672423545070345,0.13672423545070345,0.540312197173086,FALSE,FALSE
1984-07-30,Amundsen_Bellingshausen,4.130668471,0.12114903948905108,0.12114903948905108,0.540312197173086,FALSE,FALSE
1984-08-01,Amundsen_Bellingshausen,4.106805204,0.08354051347855318,0.08354051347855318,0.540312197173086,FALSE,FALSE
1984-08-03,Amundsen_Bellingshausen,4.113586049,0.07841397139936301,0.07841397139936301,0.540312197173086,FALSE,FALSE
1984-08-05,Amundsen_Bellingshausen,4.156308884,0.11089276420293448,0.11089276420293448,0.540312197173086,FALSE,FALSE
1984-08-07,Amundsen_Bellingshausen,4.242669865,0.18820932523225944,0.18820932523225944,0.540312197173086,FALSE,FALSE
1984-08-09,Amundsen_Bellingshausen,4.281022381,0.21824174135899188,0.21824174135899188,0.540312197173086,FALSE,FALSE
1984-08-11,Amundsen_Bellingshausen,4.291550847,0.2206991254547983,0.2206991254547983,0.540312197173086,FALSE,FALSE
1984-08-13,Amundsen_Bellingshausen,4.281454715,0.20230562739133173,0.20230562739133173,0.540312197173086,FALSE,FALSE
1984-08-15,Amundsen_Bellingshausen,4.273996563,0.18585068467974075,0.18585068467974075,0.540312197173086,FALSE,FALSE
1984-08-17,Amundsen_Bellingshausen,4.26594867,0.16797693972895722,0.16797693972895722,0.540312197173086,FALSE,FALSE
1984-08-19,Amundsen_Bellingshausen,4.189595544,0.08155577020207172,0.08155577020207172,0.540312197173086,FALSE,FALSE
1984-08-21,Amundsen_Bellingshausen,4.097541539,-0.02013194188623313,0.02013194188623313,0.540312197173086,FALSE,FALSE
1984-08-23,Amundsen_Bellingshausen,3.972649749,-0.15354657452126252,0.15354657452126252,0.540312197173086,FALSE,FALSE
1984-08-25,Amundsen_Bellingshausen,3.917726564,-0.21520520968832943,0.21520520968832943,0.540312197173086,FALSE,FALSE
1984-08-27,Amundsen_Bellingshausen,3.955823186,-0.1813801173727434,0.1813801173727434,0.540312197173086,FALSE,FALSE
1984-08-29,Amundsen_Bellingshausen,3.96642942,-0.17205604410775788,0.17205604410775788,0.540312197173086,FALSE,FALSE
1984-08-31,Amundsen_Bellingshausen,3.911581417,-0.22541503676725935,0.22541503676725935,0.540312197173086,FALSE,FALSE
1984-09-01,Amundsen_Bellingshausen,3.772862891,-0.3624894324597818,0.3624894324597818,0.540312197173086,FALSE,FALSE
1984-09-02,Amundsen_Bellingshausen,3.816436886,-0.31674600348374504,0.31674600348374504,0.540312197173086,FALSE,FALSE
1984-09-04,Amundsen_Bellingshausen,3.716989976,-0.4105014737947954,0.4105014737947954,0.540312197173086,FALSE,FALSE
1984-09-06,Amundsen_Bellingshausen,3.717031683,-0.4033371302379925,0.4033371302379925,0.540312197173086,FALSE,FALSE
1984-09-08,Amundsen_Bellingshausen,3.783979789,-0.32828186935092774,0.32828186935092774,0.540312197173086,FALSE,FALSE
1984-09-10,Amundsen_Bellingshausen,3.797529169,-0.3060621161354029,0.3060621161354029,0.540312197173086,FALSE,FALSE
1984-09-12,Amundsen_Bellingshausen,3.853159211,-0.24129172845591595,0.24129172845591595,0.540312197173086,FALSE,FALSE
1984-09-14,Amundsen_Bellingshausen,3.937008846,-0.14769655523377123,0.14769655523377123,0.540312197173086,FALSE,FALSE
1984-09-16,Amundsen_Bellingshausen,3.826412797,-0.24780201337647467,0.24780201337647467,0.540312197173086,FALSE,FALSE
1984-09-18,Amundsen_Bellingshausen,3.755349872,-0.30748943479153024,0.30748943479153024,0.540312197173086,FALSE,FALSE
1984-09-20,Amundsen_Bellingshausen,3.675501376,-0.37493765438643,0.37493765438643,0.540312197173086,FALSE,FALSE
1984-09-22,Amundsen_Bellingshausen,3.661697787,-0.3751769151438702,0.3751769151438702,0.540312197173086,FALSE,FALSE
1984-09-24,Amundsen_Bellingshausen,3.648853319,-0.3731858685450917,0.3731858685450917,0.540312197173086,FALSE,FALSE
1984-09-26,Amundsen_Bellingshausen,3.618218357,-0.3876553149600035,0.3876553149600035,0.540312197173086,FALSE,FALSE
1984-09-28,Amundsen_Bellingshausen,3.601031757,-0.38729156935325815,0.38729156935325815,0.540312197173086,FALSE,FALSE
1984-09-30,Amundsen_Bellingshausen,3.604100226,-0.36523309568951134,0.36523309568951134,0.540312197173086,FALSE,FALSE
1984-10-01,Amundsen_Bellingshausen,3.577609686,-0.38167162713771496,0.38167162713771496,0.540312197173086,FALSE,FALSE
1984-10-02,Amundsen_Bellingshausen,3.579354282,-0.3694945469334119,0.3694945469334119,0.540312197173086,FALSE,FALSE
1984-10-04,Amundsen_Bellingshausen,3.52431335,-0.4025016841578477,0.4025016841578477,0.540312197173086,FALSE,FALSE
1984-10-06,Amundsen_Bellingshausen,3.563784585,-0.33951948844240176,0.33951948844240176,0.540312197173086,FALSE,FALSE
1984-10-08,Amundsen_Bellingshausen,3.596281904,-0.2825411823900259,0.2825411823900259,0.540312197173086,FALSE,FALSE
1984-10-10,Amundsen_Bellingshausen,3.565016076,-0.2889562340959535,0.2889562340959535,0.540312197173086,FALSE,FALSE
1984-10-12,Amundsen_Bellingshausen,3.602516147,-0.22683583465540824,0.22683583465540824,0.540312197173086,FALSE,FALSE
1984-10-14,Amundsen_Bellingshausen,3.531166008,-0.2743963301636154,0.2743963301636154,0.540312197173086,FALSE,FALSE
1984-10-16,Amundsen_Bellingshausen,3.547542316,-0.2356613007158068,0.2356613007158068,0.540312197173086,FALSE,FALSE
1984-10-18,Amundsen_Bellingshausen,3.518560019,-0.24423293522299572,0.24423293522299572,0.540312197173086,FALSE,FALSE
1984-10-20,Amundsen_Bellingshausen,3.516802214,-0.2273424261610182,0.2273424261610182,0.540312197173086,FALSE,FALSE
1984-10-22,Amundsen_Bellingshausen,3.561797406,-0.16492214809381922,0.16492214809381922,0.540312197173086,FALSE,FALSE
1984-10-24,Amundsen_Bellingshausen,3.614431969,-0.09554392971051584,0.09554392971051584,0.540312197173086,FALSE,FALSE
1984-10-26,Amundsen_Bellingshausen,3.60169099,-0.0916808867002219,0.0916808867002219,0.540312197173086,FALSE,FALSE
1984-10-28,Amundsen_Bellingshausen,3.588098669,-0.08826702175205536,0.08826702175205536,0.540312197173086,FALSE,FALSE
1984-10-30,Amundsen_Bellingshausen,3.588586494,-0.06984007501614986,0.06984007501614986,0.540312197173086,FALSE,FALSE
1984-11-01,Amundsen_Bellingshausen,3.612282503,-0.02704113780868677,0.02704113780868677,0.540312197173086,FALSE,FALSE
1984-11-03,Amundsen_Bellingshausen,3.631436933,0.01228275803314327,0.01228275803314327,0.540312197173086,FALSE,FALSE
1984-11-05,Amundsen_Bellingshausen,3.644148141,0.04611601320025604,0.04611601320025604,0.540312197173086,FALSE,FALSE
1984-11-07,Amundsen_Bellingshausen,3.617825449,0.04175399338356422,0.04175399338356422,0.540312197173086,FALSE,FALSE
1984-11-09,Amundsen_Bellingshausen,3.579585445,0.02619933027399224,0.02619933027399224,0.540312197173086,FALSE,FALSE
1984-11-11,Amundsen_Bellingshausen,3.563125958,0.03303587574148192,0.03303587574148192,0.540312197173086,FALSE,FALSE
1984-11-13,Amundsen_Bellingshausen,3.556888877,0.05058507816130442,0.05058507816130442,0.540312197173086,FALSE,FALSE
1984-11-15,Amundsen_Bellingshausen,3.552340764,0.07017747133281782,0.07017747133281782,0.540312197173086,FALSE,FALSE
1984-11-17,Amundsen_Bellingshausen,3.493145029,0.03533813442290512,0.03533813442290512,0.540312197173086,FALSE,FALSE
1984-11-19,Amundsen_Bellingshausen,3.457351377,0.02397844159845297,0.02397844159845297,0.540312197173086,FALSE,FALSE
1984-11-21,Amundsen_Bellingshausen,3.407830341,-0.00116940497365414,0.00116940497365414,0.540312197173086,FALSE,FALSE
1984-11-23,Amundsen_Bellingshausen,3.365989137,-0.01883652012653147,0.01883652012653147,0.540312197173086,FALSE,FALSE
1984-11-25,Amundsen_Bellingshausen,3.367274186,0.00634421530554085,0.00634421530554085,0.540312197173086,FALSE,FALSE
1984-11-27,Amundsen_Bellingshausen,3.385714404,0.04866258060148887,0.04866258060148887,0.540312197173086,FALSE,FALSE
1984-11-29,Amundsen_Bellingshausen,3.381364828,0.06855607219118509,0.06855607219118509,0.540312197173086,FALSE,FALSE
1984-12-01,Amundsen_Bellingshausen,3.328545266,0.04072711013769536,0.04072711013769536,0.540312197173086,FALSE,FALSE
1984-12-03,Amundsen_Bellingshausen,3.278257137,0.01655972550408835,0.01655972550408835,0.540312197173086,FALSE,FALSE
1984-12-05,Amundsen_Bellingshausen,3.248972304,0.0149083933534313,0.0149083933534313,0.540312197173086,FALSE,FALSE
1984-12-07,Amundsen_Bellingshausen,3.220307431,0.01579464078576009,0.01579464078576009,0.540312197173086,FALSE,FALSE
1984-12-09,Amundsen_Bellingshausen,3.209076174,0.03678881868528316,0.03678881868528316,0.540312197173086,FALSE,FALSE
1984-12-11,Amundsen_Bellingshausen,3.170469373,0.0341193014540635,0.0341193014540635,0.540312197173086,FALSE,FALSE
1984-12-13,Amundsen_Bellingshausen,3.1475055,0.05184992162725654,0.05184992162725654,0.540312197173086,FALSE,FALSE
1984-12-15,Amundsen_Bellingshausen,3.137842567,0.08868405174001515,0.08868405174001515,0.540312197173086,FALSE,FALSE
1984-12-17,Amundsen_Bellingshausen,3.125824189,0.13001066732749367,0.13001066732749367,0.540312197173086,FALSE,FALSE
1984-12-19,Amundsen_Bellingshausen,3.115794901,0.18120971905840477,0.18120971905840477,0.540312197173086,FALSE,FALSE
1984-12-21,Amundsen_Bellingshausen,3.044415563,0.17916330511014733,0.17916330511014733,0.540312197173086,FALSE,FALSE
1984-12-23,Amundsen_Bellingshausen,2.97290763,0.18390808295820535,0.18390808295820535,0.540312197173086,FALSE,FALSE
1984-12-25,Amundsen_Bellingshausen,2.91073852,0.2035871635848694,0.2035871635848694,0.540312197173086,FALSE,FALSE
1984-12-27,Amundsen_Bellingshausen,2.857092522,0.2360605289724398,0.2360605289724398,0.540312197173086,FALSE,FALSE
1984-12-29,Amundsen_Bellingshausen,2.783410751,0.2514449871032105,0.2514449871032105,0.540312197173086,FALSE,FALSE
1984-12-31,Amundsen_Bellingshausen,2.671651525,0.23037454895947596,0.23037454895947596,0.540312197173086,FALSE,FALSE
1985-01-01,Amundsen_Bellingshausen,1.560486379,-0.8807905970405241,0.8807905970405241,0.540312197173086,TRUE,FALSE
1985-01-02,Amundsen_Bellingshausen,2.421247697,0.02551648647267113,0.02551648647267113,0.540312197173086,FALSE,FALSE
1985-01-04,Amundsen_Bellingshausen,2.273184914,-0.03173103808409605,0.03173103808409605,0.540312197173086,FALSE,FALSE
1985-01-06,Amundsen_Bellingshausen,2.076158464,-0.1391438620250791,0.1391438620250791,0.540312197173086,FALSE,FALSE
1985-01-08,Amundsen_Bellingshausen,1.945649269,-0.18224098607828632,0.18224098607828632,0.540312197173086,FALSE,FALSE
1985-01-10,Amundsen_Bellingshausen,1.770868117,-0.2728115449717192,0.2728115449717192,0.540312197173086,FALSE,FALSE
1985-01-12,Amundsen_Bellingshausen,1.671287513,-0.2923829564333844,0.2923829564333844,0.540312197173086,FALSE,FALSE
1985-01-14,Amundsen_Bellingshausen,1.594720185,-0.2941404593769017,0.2941404593769017,0.540312197173086,FALSE,FALSE
1985-01-16,Amundsen_Bellingshausen,1.516123534,-0.3037442228729519,0.3037442228729519,0.540312197173086,FALSE,FALSE
1985-01-18,Amundsen_Bellingshausen,1.437698458,-0.3187784302216574,0.3187784302216574,0.540312197173086,FALSE,FALSE
1985-01-20,Amundsen_Bellingshausen,1.360914525,-0.3374484262342188,0.3374484262342188,0.540312197173086,FALSE,FALSE
1985-01-22,Amundsen_Bellingshausen,1.279732245,-0.36546861372183614,0.36546861372183614,0.540312197173086,FALSE,FALSE
1985-01-24,Amundsen_Bellingshausen,1.227176673,-0.3694888504957108,0.3694888504957108,0.540312197173086,FALSE,FALSE
1985-01-26,Amundsen_Bellingshausen,1.135391191,-0.41704066736704326,0.41704066736704326,0.540312197173086,FALSE,FALSE
1985-01-28,Amundsen_Bellingshausen,1.106575057,-0.4056234563794516,0.4056234563794516,0.540312197173086,FALSE,FALSE
1985-01-30,Amundsen_Bellingshausen,1.088819679,-0.3869675683381773,0.3869675683381773,0.540312197173086,FALSE,FALSE
1985-02-01,Amundsen_Bellingshausen,1.055907717,-0.3871518902974105,0.3871518902974105,0.540312197173086,FALSE,FALSE
1985-02-03,Amundsen_Bellingshausen,1.057824354,-0.3560528062415773,0.3560528062415773,0.540312197173086,FALSE,FALSE
1985-02-05,Amundsen_Bellingshausen,1.039755149,-0.3483463241551008,0.3483463241551008,0.540312197173086,FALSE,FALSE
1985-02-07,Amundsen_Bellingshausen,1.001593973,-0.3640001400224071,0.3640001400224071,0.540312197173086,FALSE,FALSE
1985-02-09,Amundsen_Bellingshausen,0.986970387,-0.35925789994670754,0.35925789994670754,0.540312197173086,FALSE,FALSE
1985-02-11,Amundsen_Bellingshausen,0.990730968,-0.33930689441555617,0.33930689441555617,0.540312197173086,FALSE,FALSE
1985-02-13,Amundsen_Bellingshausen,0.961457308,-0.35571651064658094,0.35571651064658094,0.540312197173086,FALSE,FALSE
1985-02-15,Amundsen_Bellingshausen,0.97991928,-0.32787051140714885,0.32787051140714885,0.540312197173086,FALSE,FALSE
1985-02-17,Amundsen_Bellingshausen,0.966514013,-0.3355254034646312,0.3355254034646312,0.540312197173086,FALSE,FALSE
1985-02-19,Amundsen_Bellingshausen,0.885752133,-0.41432419658639574,0.41432419658639574,0.540312197173086,FALSE,FALSE
1985-02-21,Amundsen_Bellingshausen,0.894006886,-0.4080439576035048,0.4080439576035048,0.540312197173086,FALSE,FALSE
1985-02-23,Amundsen_Bellingshausen,0.882219568,-0.4256858214399189,0.4256858214399189,0.540312197173086,FALSE,FALSE
1985-02-25,Amundsen_Bellingshausen,0.901943723,-0.41531146971075006,0.41531146971075006,0.540312197173086,FALSE,FALSE
1985-02-27,Amundsen_Bellingshausen,0.908653454,-0.4210332871307157,0.4210332871307157,0.540312197173086,FALSE,FALSE
1985-03-01,Amundsen_Bellingshausen,0.915692809,-0.4290937134145276,0.4290937134145276,0.540312197173086,FALSE,FALSE
1985-03-03,Amundsen_Bellingshausen,0.951021246,-0.4111197782769032,0.4111197782769032,0.540312197173086,FALSE,FALSE
1985-03-05,Amundsen_Bellingshausen,0.964886635,-0.4164501027596321,0.4164501027596321,0.540312197173086,FALSE,FALSE
1985-03-07,Amundsen_Bellingshausen,0.965631869,-0.4364181026724979,0.4364181026724979,0.540312197173086,FALSE,FALSE
1985-03-09,Amundsen_Bellingshausen,1.000917229,-0.4233638132091806,0.4233638132091806,0.540312197173086,FALSE,FALSE
1985-03-11,Amundsen_Bellingshausen,1.000375832,-0.4477274695554661,0.4477274695554661,0.540312197173086,FALSE,FALSE
1985-03-13,Amundsen_Bellingshausen,1.006701674,-0.4668884278971432,0.4668884278971432,0.540312197173086,FALSE,FALSE
1985-03-15,Amundsen_Bellingshausen,1.062532139,-0.43828265641999664,0.43828265641999664,0.540312197173086,FALSE,FALSE
1985-03-17,Amundsen_Bellingshausen,1.090860888,-0.43898984630981674,0.43898984630981674,0.540312197173086,FALSE,FALSE
1985-03-19,Amundsen_Bellingshausen,1.154567275,-0.40618977541667967,0.40618977541667967,0.540312197173086,FALSE,FALSE
1985-03-21,Amundsen_Bellingshausen,1.236250097,-0.35721538400683306,0.35721538400683306,0.540312197173086,FALSE,FALSE
1985-03-23,Amundsen_Bellingshausen,1.265740487,-0.362100112728172,0.362100112728172,0.540312197173086,FALSE,FALSE
1985-03-25,Amundsen_Bellingshausen,1.32977282,-0.33397355658824024,0.33397355658824024,0.540312197173086,FALSE,FALSE
1985-03-27,Amundsen_Bellingshausen,1.342481215,-0.35856556659458705,0.35856556659458705,0.540312197173086,FALSE,FALSE
1985-03-29,Amundsen_Bellingshausen,1.396777782,-0.3428280027547592,0.3428280027547592,0.540312197173086,FALSE,FALSE
1985-03-31,Amundsen_Bellingshausen,1.445378582,-0.3339117337033477,0.3339117337033477,0.540312197173086,FALSE,FALSE
1985-04-01,Amundsen_Bellingshausen,1.990483371,0.1909487596471093,0.1909487596471093,0.540312197173086,FALSE,FALSE
1985-04-02,Amundsen_Bellingshausen,1.535574668,-0.2844806031418503,0.2844806031418503,0.540312197173086,FALSE,FALSE
1985-04-04,Amundsen_Bellingshausen,1.574009162,-0.2879470710175178,0.2879470710175178,0.540312197173086,FALSE,FALSE
1985-04-06,Amundsen_Bellingshausen,1.618566433,-0.28648786808933524,0.28648786808933524,0.540312197173086,FALSE,FALSE
1985-04-08,Amundsen_Bellingshausen,1.748739695,-0.2006708801162824,0.2006708801162824,0.540312197173086,FALSE,FALSE
1985-04-10,Amundsen_Bellingshausen,1.816101416,-0.17898473885734245,0.17898473885734245,0.540312197173086,FALSE,FALSE
1985-04-12,Amundsen_Bellingshausen,1.899018516,-0.14312357496473016,0.14312357496473016,0.540312197173086,FALSE,FALSE
1985-04-14,Amundsen_Bellingshausen,1.902375632,-0.18824373857478793,0.18824373857478793,0.540312197173086,FALSE,FALSE
1985-04-16,Amundsen_Bellingshausen,1.831750938,-0.3087572219011532,0.3087572219011532,0.540312197173086,FALSE,FALSE
1985-04-18,Amundsen_Bellingshausen,1.824160357,-0.3676303431067567,0.3676303431067567,0.540312197173086,FALSE,FALSE
1985-04-20,Amundsen_Bellingshausen,1.935120858,-0.30932837435452876,0.30932837435452876,0.540312197173086,FALSE,FALSE
1985-04-22,Amundsen_Bellingshausen,1.983082679,-0.31538331880739956,0.31538331880739956,0.540312197173086,FALSE,FALSE
1985-04-24,Amundsen_Bellingshausen,1.99271548,-0.3611077576282964,0.3611077576282964,0.540312197173086,FALSE,FALSE
1985-04-26,Amundsen_Bellingshausen,2.037936619,-0.3725079792288199,0.3725079792288199,0.540312197173086,FALSE,FALSE
1985-04-28,Amundsen_Bellingshausen,2.149299245,-0.31859835993479146,0.31859835993479146,0.540312197173086,FALSE,FALSE
1985-04-30,Amundsen_Bellingshausen,2.216836454,-0.30877952303540557,0.30877952303540557,0.540312197173086,FALSE,FALSE
1985-05-01,Amundsen_Bellingshausen,2.935659005,0.3812613676147007,0.3812613676147007,0.540312197173086,FALSE,FALSE
1985-05-02,Amundsen_Bellingshausen,2.257861262,-0.32517193181576687,0.32517193181576687,0.540312197173086,FALSE,FALSE
1985-05-04,Amundsen_Bellingshausen,2.359447198,-0.28013553656096724,0.28013553656096724,0.540312197173086,FALSE,FALSE
1985-05-06,Amundsen_Bellingshausen,2.477025423,-0.21767265555610615,0.21767265555610615,0.540312197173086,FALSE,FALSE
1985-05-08,Amundsen_Bellingshausen,2.52301975,-0.2248148447208993,0.2248148447208993,0.540312197173086,FALSE,FALSE
1985-05-10,Amundsen_Bellingshausen,2.590888416,-0.2079306860864003,0.2079306860864003,0.540312197173086,FALSE,FALSE
1985-05-12,Amundsen_Bellingshausen,2.713635025,-0.1341536071762266,0.1341536071762266,0.540312197173086,FALSE,FALSE
1985-05-14,Amundsen_Bellingshausen,2.735617487,-0.15927224687885166,0.15927224687885166,0.540312197173086,FALSE,FALSE
1985-05-16,Amundsen_Bellingshausen,2.742106625,-0.19816233108275405,0.19816233108275405,0.540312197173086,FALSE,FALSE
1985-05-18,Amundsen_Bellingshausen,2.69733062,-0.28674222767640956,0.28674222767640956,0.540312197173086,FALSE,FALSE
1985-05-20,Amundsen_Bellingshausen,2.727311074,-0.29913682193895497,0.29913682193895497,0.540312197173086,FALSE,FALSE
1985-05-22,Amundsen_Bellingshausen,2.819480826,-0.24805391347407424,0.24805391347407424,0.540312197173086,FALSE,FALSE
1985-05-24,Amundsen_Bellingshausen,2.98539725,-0.12206618307518102,0.12206618307518102,0.540312197173086,FALSE,FALSE
1985-05-26,Amundsen_Bellingshausen,3.073955093,-0.07240782415273106,0.07240782415273106,0.540312197173086,FALSE,FALSE
1985-05-28,Amundsen_Bellingshausen,3.145529232,-0.03883290011718277,0.03883290011718277,0.540312197173086,FALSE,FALSE
1985-05-30,Amundsen_Bellingshausen,3.192647485,-0.02894253337899233,0.02894253337899233,0.540312197173086,FALSE,FALSE
1985-06-01,Amundsen_Bellingshausen,3.329094752,0.07091923565137837,0.07091923565137837,0.540312197173086,FALSE,FALSE
1985-06-03,Amundsen_Bellingshausen,3.38937382,0.09519516328988065,0.09519516328988065,0.540312197173086,FALSE,FALSE
1985-06-05,Amundsen_Bellingshausen,3.426496005,0.09712680869812608,0.09712680869812608,0.540312197173086,FALSE,FALSE
1985-06-07,Amundsen_Bellingshausen,3.427583832,0.06414335942215699,0.06414335942215699,0.540312197173086,FALSE,FALSE
1985-06-09,Amundsen_Bellingshausen,3.406930055,0.01084423238011655,0.01084423238011655,0.540312197173086,FALSE,FALSE
1985-06-11,Amundsen_Bellingshausen,3.419350895,-0.00764768850985619,0.00764768850985619,0.540312197173086,FALSE,FALSE
1985-06-13,Amundsen_Bellingshausen,3.462449125,0.00657703267037579,0.00657703267037579,0.540312197173086,FALSE,FALSE
1985-06-15,Amundsen_Bellingshausen,3.545528518,0.06307960687140213,0.06307960687140213,0.540312197173086,FALSE,FALSE
1985-06-17,Amundsen_Bellingshausen,3.591018412,0.08401980138808574,0.08401980138808574,0.540312197173086,FALSE,FALSE
1985-06-19,Amundsen_Bellingshausen,3.600451416,0.07034096296351144,0.07034096296351144,0.540312197173086,FALSE,FALSE
1985-06-21,Amundsen_Bellingshausen,3.670744062,0.11836587571560608,0.11836587571560608,0.540312197173086,FALSE,FALSE
1985-06-23,Amundsen_Bellingshausen,3.7846512,0.21025564176229497,0.21025564176229497,0.540312197173086,FALSE,FALSE
1985-06-25,Amundsen_Bellingshausen,3.806211255,0.20945493822150096,0.20945493822150096,0.540312197173086,FALSE,FALSE
1985-06-27,Amundsen_Bellingshausen,3.800257358,0.1802122586493944,0.1802122586493944,0.540312197173086,FALSE,FALSE
1985-06-29,Amundsen_Bellingshausen,3.770451202,0.1259661506383103,0.1259661506383103,0.540312197173086,FALSE,FALSE
1985-07-01,Amundsen_Bellingshausen,3.731864105,0.0620386591088411,0.0620386591088411,0.540312197173086,FALSE,FALSE
1985-07-03,Amundsen_Bellingshausen,3.691247385,-0.00453606696320418,0.00453606696320418,0.540312197173086,FALSE,FALSE
1985-07-05,Amundsen_Bellingshausen,3.655037138,-0.06703910060201279,0.06703910060201279,0.540312197173086,FALSE,FALSE
1985-07-07,Amundsen_Bellingshausen,3.726825578,-0.02159539683177325,0.02159539683177325,0.540312197173086,FALSE,FALSE
1985-07-09,Amundsen_Bellingshausen,3.751848733,-0.02268613299008892,0.02268613299008892,0.540312197173086,FALSE,FALSE
1985-07-11,Amundsen_Bellingshausen,3.783476246,-0.01670279719665934,0.01670279719665934,0.540312197173086,FALSE,FALSE
1985-07-13,Amundsen_Bellingshausen,3.791944768,-0.03329907942457666,0.03329907942457666,0.540312197173086,FALSE,FALSE
1985-07-15,Amundsen_Bellingshausen,3.809135933,-0.04050732533480561,0.04050732533480561,0.540312197173086,FALSE,FALSE
1985-07-17,Amundsen_Bellingshausen,3.807423728,-0.06586752758832048,0.06586752758832048,0.540312197173086,FALSE,FALSE
1985-07-19,Amundsen_Bellingshausen,3.790092278,-0.10600954084608194,0.10600954084608194,0.540312197173086,FALSE,FALSE
1985-07-21,Amundsen_Bellingshausen,3.816734622,-0.10125430576906912,0.10125430576906912,0.540312197173086,FALSE,FALSE
1985-07-23,Amundsen_Bellingshausen,3.850584925,-0.08827665319244637,0.08827665319244637,0.540312197173086,FALSE,FALSE
1985-07-25,Amundsen_Bellingshausen,3.820125891,-0.13846724066654925,0.13846724066654925,0.540312197173086,FALSE,FALSE
1985-07-27,Amundsen_Bellingshausen,3.803102988,-0.17393844785999768,0.17393844785999768,0.540312197173086,FALSE,FALSE
1985-07-29,Amundsen_Bellingshausen,3.872995933,-0.12106834154929702,0.12106834154929702,0.540312197173086,FALSE,FALSE
1985-07-31,Amundsen_Bellingshausen,3.834430621,-0.1750888105109487,0.1750888105109487,0.540312197173086,FALSE,FALSE
1985-08-01,Amundsen_Bellingshausen,3.891243428,-0.12537125877405852,0.12537125877405852,0.540312197173086,FALSE,FALSE
1985-08-02,Amundsen_Bellingshausen,3.751301949,-0.2719627415214463,0.2719627415214463,0.540312197173086,FALSE,FALSE
1985-08-04,Amundsen_Bellingshausen,3.782762817,-0.2524092606006372,0.2524092606006372,0.540312197173086,FALSE,FALSE
1985-08-06,Amundsen_Bellingshausen,3.790913776,-0.25450234379706593,0.25450234379706593,0.540312197173086,FALSE,FALSE
1985-08-08,Amundsen_Bellingshausen,3.833252733,-0.22120780676774032,0.22120780676774032,0.540312197173086,FALSE,FALSE
1985-08-10,Amundsen_Bellingshausen,3.880331371,-0.18244926864100777,0.18244926864100777,0.540312197173086,FALSE,FALSE
1985-08-12,Amundsen_Bellingshausen,3.88687312,-0.1839786015452014,0.1839786015452014,0.540312197173086,FALSE,FALSE
1985-08-14,Amundsen_Bellingshausen,3.884732864,-0.19441622360866795,0.19441622360866795,0.540312197173086,FALSE,FALSE
1985-08-16,Amundsen_Bellingshausen,3.899710107,-0.1884357713202589,0.1884357713202589,0.540312197173086,FALSE,FALSE
1985-08-18,Amundsen_Bellingshausen,3.944368371,-0.15360335927104307,0.15360335927104307,0.540312197173086,FALSE,FALSE
1985-08-20,Amundsen_Bellingshausen,3.935805495,-0.17223427879792874,0.17223427879792874,0.540312197173086,FALSE,FALSE
1985-08-22,Amundsen_Bellingshausen,3.893705623,-0.2239678578862332,0.2239678578862332,0.540312197173086,FALSE,FALSE
1985-08-24,Amundsen_Bellingshausen,3.872739517,-0.25345680652126257,0.25345680652126257,0.540312197173086,FALSE,FALSE
1985-08-26,Amundsen_Bellingshausen,3.89582802,-0.23710375368832937,0.23710375368832937,0.540312197173086,FALSE,FALSE
1985-08-28,Amundsen_Bellingshausen,3.882159173,-0.25504413037274354,0.25504413037274354,0.540312197173086,FALSE,FALSE
1985-08-30,Amundsen_Bellingshausen,3.858009057,-0.2804764071077579,0.2804764071077579,0.540312197173086,FALSE,FALSE
1985-09-01,Amundsen_Bellingshausen,3.839680009,-0.2973164447672594,0.2973164447672594,0.540312197173086,FALSE,FALSE
1985-09-03,Amundsen_Bellingshausen,3.88347055,-0.24971233948374483,0.24971233948374483,0.540312197173086,FALSE,FALSE
1985-09-05,Amundsen_Bellingshausen,3.934155492,-0.1933359577947953,0.1933359577947953,0.540312197173086,FALSE,FALSE
1985-09-07,Amundsen_Bellingshausen,3.853918628,-0.26645018523799235,0.26645018523799235,0.540312197173086,FALSE,FALSE
1985-09-09,Amundsen_Bellingshausen,3.768470042,-0.3437916163509276,0.3437916163509276,0.540312197173086,FALSE,FALSE
1985-09-11,Amundsen_Bellingshausen,3.731598078,-0.3719932071354029,0.3719932071354029,0.540312197173086,FALSE,FALSE
1985-09-13,Amundsen_Bellingshausen,3.728738803,-0.3657121364559157,0.3657121364559157,0.540312197173086,FALSE,FALSE
1985-09-15,Amundsen_Bellingshausen,3.6897679,-0.394937501233771,0.394937501233771,0.540312197173086,FALSE,FALSE
1985-09-17,Amundsen_Bellingshausen,3.693501216,-0.3807135943764748,0.3807135943764748,0.540312197173086,FALSE,FALSE
1985-09-19,Amundsen_Bellingshausen,3.635707089,-0.4271322177915304,0.4271322177915304,0.540312197173086,FALSE,FALSE
1985-09-21,Amundsen_Bellingshausen,3.556297634,-0.4941413963864303,0.4941413963864303,0.540312197173086,FALSE,FALSE
1985-09-23,Amundsen_Bellingshausen,3.476249074,-0.5606256281438702,0.5606256281438702,0.540312197173086,TRUE,TRUE
1985-09-25,Amundsen_Bellingshausen,3.415538207,-0.6065009805450918,0.6065009805450918,0.540312197173086,TRUE,TRUE
1985-09-27,Amundsen_Bellingshausen,3.40289686,-0.6029768119600036,0.6029768119600036,0.540312197173086,TRUE,TRUE
1985-09-29,Amundsen_Bellingshausen,3.40707367,-0.5812496563532581,0.5812496563532581,0.540312197173086,TRUE,TRUE
1985-10-01,Amundsen_Bellingshausen,3.416577288,-0.5527560336895112,0.5527560336895112,0.540312197173086,TRUE,TRUE
1985-10-03,Amundsen_Bellingshausen,3.48599636,-0.4628524689334119,0.4628524689334119,0.540312197173086,FALSE,FALSE
1985-10-05,Amundsen_Bellingshausen,3.498145464,-0.4286695701578478,0.4286695701578478,0.540312197173086,FALSE,FALSE
1985-10-07,Amundsen_Bellingshausen,3.58804469,-0.315259383442402,0.315259383442402,0.540312197173086,FALSE,FALSE
1985-10-09,Amundsen_Bellingshausen,3.569398778,-0.3094243083900259,0.3094243083900259,0.540312197173086,FALSE,FALSE
1985-10-11,Amundsen_Bellingshausen,3.562143441,-0.2918288690959536,0.2918288690959536,0.540312197173086,FALSE,FALSE
1985-10-13,Amundsen_Bellingshausen,3.594725321,-0.23462666065540816,0.23462666065540816,0.540312197173086,FALSE,FALSE
1985-10-15,Amundsen_Bellingshausen,3.629914942,-0.17564739616361535,0.17564739616361535,0.540312197173086,FALSE,FALSE
1985-10-17,Amundsen_Bellingshausen,3.624067379,-0.15913623771580676,0.15913623771580676,0.540312197173086,FALSE,FALSE
1985-10-19,Amundsen_Bellingshausen,3.620698303,-0.1420946512229957,0.1420946512229957,0.540312197173086,FALSE,FALSE
1985-10-21,Amundsen_Bellingshausen,3.631353763,-0.11279087716101845,0.11279087716101845,0.540312197173086,FALSE,FALSE
1985-10-23,Amundsen_Bellingshausen,3.598186862,-0.12853269209381946,0.12853269209381946,0.540312197173086,FALSE,FALSE
1985-10-25,Amundsen_Bellingshausen,3.575394155,-0.13458174371051568,0.13458174371051568,0.540312197173086,FALSE,FALSE
1985-10-27,Amundsen_Bellingshausen,3.538423253,-0.15494862370022178,0.15494862370022178,0.540312197173086,FALSE,FALSE
1985-10-29,Amundsen_Bellingshausen,3.437889727,-0.2384759637520553,0.2384759637520553,0.540312197173086,FALSE,FALSE
1985-10-31,Amundsen_Bellingshausen,3.45927573,-0.19915083901614983,0.19915083901614983,0.540312197173086,FALSE,FALSE
1985-11-01,Amundsen_Bellingshausen,3.394897931,-0.254117613386033,0.254117613386033,0.540312197173086,FALSE,FALSE
1985-11-02,Amundsen_Bellingshausen,3.441867528,-0.1974561128086867,0.1974561128086867,0.540312197173086,FALSE,FALSE
1985-11-04,Amundsen_Bellingshausen,3.461423633,-0.15773054196685665,0.15773054196685665,0.540312197173086,FALSE,FALSE
1985-11-06,Amundsen_Bellingshausen,3.47118484,-0.1268472877997442,0.1268472877997442,0.540312197173086,FALSE,FALSE
1985-11-08,Amundsen_Bellingshausen,3.478307566,-0.09776388961643612,0.09776388961643612,0.540312197173086,FALSE,FALSE
1985-11-10,Amundsen_Bellingshausen,3.485318852,-0.06806726272600816,0.06806726272600816,0.540312197173086,FALSE,FALSE
1985-11-12,Amundsen_Bellingshausen,3.477156247,-0.05293383525851825,0.05293383525851825,0.540312197173086,FALSE,FALSE
1985-11-14,Amundsen_Bellingshausen,3.42217697,-0.08412682883869538,0.08412682883869538,0.540312197173086,FALSE,FALSE
1985-11-16,Amundsen_Bellingshausen,3.425537276,-0.05662601666718236,0.05662601666718236,0.540312197173086,FALSE,FALSE
1985-11-18,Amundsen_Bellingshausen,3.397059412,-0.06074748257709483,0.06074748257709483,0.540312197173086,FALSE,FALSE
1985-11-20,Amundsen_Bellingshausen,3.352985975,-0.08038696040154703,0.08038696040154703,0.540312197173086,FALSE,FALSE
1985-11-22,Amundsen_Bellingshausen,3.339250544,-0.06974920197365408,0.06974920197365408,0.540312197173086,FALSE,FALSE
1985-11-24,Amundsen_Bellingshausen,3.358618955,-0.02620670212653175,0.02620670212653175,0.540312197173086,FALSE,FALSE
1985-11-26,Amundsen_Bellingshausen,3.325770698,-0.03515927269445917,0.03515927269445917,0.540312197173086,FALSE,FALSE
1985-11-28,Amundsen_Bellingshausen,3.302273779,-0.03477804439851084,0.03477804439851084,0.540312197173086,FALSE,FALSE
1985-11-30,Amundsen_Bellingshausen,3.261611238,-0.05119751780881509,0.05119751780881509,0.540312197173086,FALSE,FALSE
1985-12-01,Amundsen_Bellingshausen,3.06442033,-0.23601048063410343,0.23601048063410343,0.540312197173086,FALSE,FALSE
1985-12-02,Amundsen_Bellingshausen,3.248456715,-0.03936144086230442,0.03936144086230442,0.540312197173086,FALSE,FALSE
1985-12-04,Amundsen_Bellingshausen,3.227717872,-0.03397953949591192,0.03397953949591192,0.540312197173086,FALSE,FALSE
1985-12-06,Amundsen_Bellingshausen,3.183282561,-0.05078134964656877,0.05078134964656877,0.540312197173086,FALSE,FALSE
1985-12-08,Amundsen_Bellingshausen,3.156646922,-0.04786586821423988,0.04786586821423988,0.540312197173086,FALSE,FALSE
1985-12-10,Amundsen_Bellingshausen,3.127529768,-0.04475758731471657,0.04475758731471657,0.540312197173086,FALSE,FALSE
1985-12-12,Amundsen_Bellingshausen,3.050291652,-0.08605841954593663,0.08605841954593663,0.540312197173086,FALSE,FALSE
1985-12-14,Amundsen_Bellingshausen,3.039752661,-0.05590291737274322,0.05590291737274322,0.540312197173086,FALSE,FALSE
1985-12-16,Amundsen_Bellingshausen,3.025492889,-0.02366562625998458,0.02366562625998458,0.540312197173086,FALSE,FALSE
1985-12-18,Amundsen_Bellingshausen,2.974424535,-0.02138898667250632,0.02138898667250632,0.540312197173086,FALSE,FALSE
1985-12-20,Amundsen_Bellingshausen,2.929177655,-0.00540752694159518,0.00540752694159518,0.540312197173086,FALSE,FALSE
1985-12-22,Amundsen_Bellingshausen,2.86575607,5.038121101477167e-4,5.038121101477167e-4,0.540312197173086,FALSE,FALSE
1985-12-24,Amundsen_Bellingshausen,2.785027927,-0.00397162004179474,0.00397162004179474,0.540312197173086,FALSE,FALSE
1985-12-26,Amundsen_Bellingshausen,2.742497947,0.03534659058486911,0.03534659058486911,0.540312197173086,FALSE,FALSE
1985-12-28,Amundsen_Bellingshausen,2.730643579,0.10961158597244004,0.10961158597244004,0.540312197173086,FALSE,FALSE
1985-12-30,Amundsen_Bellingshausen,2.75571339,0.22374762610321053,0.22374762610321053,0.540312197173086,FALSE,FALSE
1986-01-01,Amundsen_Bellingshausen,2.708290752,0.26701377595947573,0.26701377595947573,0.540312197173086,FALSE,FALSE
1986-01-03,Amundsen_Bellingshausen,2.763495519,0.4132596465718117,0.4132596465718117,0.540312197173086,FALSE,FALSE
1986-01-05,Amundsen_Bellingshausen,2.69565736,0.4357609201639385,0.4357609201639385,0.540312197173086,FALSE,FALSE
1986-01-07,Amundsen_Bellingshausen,2.515654255,0.3443956540078452,0.3443956540078452,0.540312197173086,FALSE,FALSE
1986-01-09,Amundsen_Bellingshausen,2.256556169,0.17123389037552528,0.17123389037552528,0.540312197173086,FALSE,FALSE
1986-01-11,Amundsen_Bellingshausen,2.192784951,0.1896975555389777,0.1896975555389777,0.540312197173086,FALSE,FALSE
1986-01-13,Amundsen_Bellingshausen,2.013773622,0.08821974777019626,0.08821974777019626,0.540312197173086,FALSE,FALSE
1986-01-15,Amundsen_Bellingshausen,1.766593326,-0.08705030431904448,0.08705030431904448,0.540312197173086,FALSE,FALSE
1986-01-17,Amundsen_Bellingshausen,1.646806889,-0.1406854991400226,0.1406854991400226,0.540312197173086,FALSE,FALSE
1986-01-19,Amundsen_Bellingshausen,1.571923528,-0.15485709321925567,0.15485709321925567,0.540312197173086,FALSE,FALSE
1986-01-21,Amundsen_Bellingshausen,1.473862096,-0.1973211463679454,0.1973211463679454,0.540312197173086,FALSE,FALSE
1986-01-23,Amundsen_Bellingshausen,1.394044315,-0.226330849397292,0.226330849397292,0.540312197173086,FALSE,FALSE
1986-01-25,Amundsen_Bellingshausen,1.339767469,-0.23426383111849505,0.23426383111849505,0.540312197173086,FALSE,FALSE
1986-01-27,Amundsen_Bellingshausen,1.281426248,-0.2504025184676446,0.2504025184676446,0.540312197173086,FALSE,FALSE
1986-01-29,Amundsen_Bellingshausen,1.220771655,-0.2727521200452767,0.2727521200452767,0.540312197173086,FALSE,FALSE
1986-01-31,Amundsen_Bellingshausen,1.203901272,-0.2550703541312038,0.2550703541312038,0.540312197173086,FALSE,FALSE
1986-02-01,Amundsen_Bellingshausen,1.073201806,-0.3698578012974105,0.3698578012974105,0.540312197173086,FALSE,FALSE
1986-02-02,Amundsen_Bellingshausen,1.188199124,-0.2398347627098509,0.2398347627098509,0.540312197173086,FALSE,FALSE
1986-02-04,Amundsen_Bellingshausen,1.134431369,-0.26614075476564203,0.26614075476564203,0.540312197173086,FALSE,FALSE
1986-02-06,Amundsen_Bellingshausen,1.120938751,-0.25550915328300494,0.25550915328300494,0.540312197173086,FALSE,FALSE
1986-02-08,Amundsen_Bellingshausen,1.087116913,-0.2684059678207964,0.2684059678207964,0.540312197173086,FALSE,FALSE
1986-02-10,Amundsen_Bellingshausen,1.069164422,-0.2685624573213208,0.2685624573213208,0.540312197173086,FALSE,FALSE
1986-02-12,Amundsen_Bellingshausen,1.089366342,-0.23381409870033587,0.23381409870033587,0.540312197173086,FALSE,FALSE
1986-02-14,Amundsen_Bellingshausen,1.098009381,-0.214027819725211,0.214027819725211,0.540312197173086,FALSE,FALSE
1986-02-16,Amundsen_Bellingshausen,1.083181338,-0.22126945716331603,0.22126945716331603,0.540312197173086,FALSE,FALSE
1986-02-18,Amundsen_Bellingshausen,1.06520283,-0.235372029782017,0.235372029782017,0.540312197173086,FALSE,FALSE
1986-02-20,Amundsen_Bellingshausen,1.026034653,-0.2745283773486864,0.2745283773486864,0.540312197173086,FALSE,FALSE
1986-02-22,Amundsen_Bellingshausen,0.984531935,-0.31998342982457817,0.31998342982457817,0.540312197173086,FALSE,FALSE
1986-02-24,Amundsen_Bellingshausen,0.957597299,-0.35457192941386195,0.35457192941386195,0.540312197173086,FALSE,FALSE
1986-02-26,Amundsen_Bellingshausen,0.951427261,-0.37168433229492137,0.37168433229492137,0.540312197173086,FALSE,FALSE
1986-02-28,Amundsen_Bellingshausen,0.950069968,-0.3868589791824708,0.3868589791824708,0.540312197173086,FALSE,FALSE
1986-03-01,Amundsen_Bellingshausen,1.142066496,-0.2027200264145277,0.2027200264145277,0.540312197173086,FALSE,FALSE
1986-03-02,Amundsen_Bellingshausen,0.981232116,-0.3719756617912252,0.3719756617912252,0.540312197173086,FALSE,FALSE
1986-03-04,Amundsen_Bellingshausen,1.025947168,-0.3455874048358998,0.3455874048358998,0.540312197173086,FALSE,FALSE
1986-03-06,Amundsen_Bellingshausen,1.060701881,-0.3308063286496994,0.3308063286496994,0.540312197173086,FALSE,FALSE
1986-03-08,Amundsen_Bellingshausen,1.080660214,-0.3323109788512504,0.3323109788512504,0.540312197173086,FALSE,FALSE
1986-03-10,Amundsen_Bellingshausen,1.067474951,-0.36851373776951135,0.36851373776951135,0.540312197173086,FALSE,FALSE
1986-03-12,Amundsen_Bellingshausen,1.074066654,-0.3865673955902684,0.3865673955902684,0.540312197173086,FALSE,FALSE
1986-03-14,Amundsen_Bellingshausen,1.049825973,-0.4371546544993112,0.4371546544993112,0.540312197173086,FALSE,FALSE
1986-03-16,Amundsen_Bellingshausen,1.036222756,-0.478879018682425,0.478879018682425,0.540312197173086,FALSE,FALSE
1986-03-18,Amundsen_Bellingshausen,1.06053963,-0.4845307225434381,0.4845307225434381,0.540312197173086,FALSE,FALSE
1986-03-20,Amundsen_Bellingshausen,1.073853825,-0.5030406028208303,0.5030406028208303,0.540312197173086,FALSE,FALSE
1986-03-22,Amundsen_Bellingshausen,1.093757715,-0.5166954912256325,0.5166954912256325,0.540312197173086,FALSE,FALSE
1986-03-24,Amundsen_Bellingshausen,1.188329315,-0.45728134276539256,0.45728134276539256,0.540312197173086,FALSE,FALSE
1986-03-26,Amundsen_Bellingshausen,1.232188675,-0.4500420774476579,0.4500420774476579,0.540312197173086,FALSE,FALSE
1986-03-28,Amundsen_Bellingshausen,1.241861429,-0.478316031279973,0.478316031279973,0.540312197173086,FALSE,FALSE
1986-03-30,Amundsen_Bellingshausen,1.267280753,-0.492033998269888,0.492033998269888,0.540312197173086,FALSE,FALSE
1986-04-01,Amundsen_Bellingshausen,1.332613896,-0.4669207153528907,0.4669207153528907,0.540312197173086,FALSE,FALSE
1986-04-03,Amundsen_Bellingshausen,1.35133623,-0.4895237025401018,0.4895237025401018,0.540312197173086,FALSE,FALSE
1986-04-05,Amundsen_Bellingshausen,1.398734801,-0.484617009043973,0.484617009043973,0.540312197173086,FALSE,FALSE
1986-04-07,Amundsen_Bellingshausen,1.415470958,-0.5116003856234821,0.5116003856234821,0.540312197173086,FALSE,FALSE
1986-04-09,Amundsen_Bellingshausen,1.452422462,-0.5196571710376117,0.5196571710376117,0.540312197173086,FALSE,FALSE
1986-04-11,Amundsen_Bellingshausen,1.523262168,-0.4951756100453468,0.4951756100453468,0.540312197173086,FALSE,FALSE
1986-04-13,Amundsen_Bellingshausen,1.585394798,-0.4808083841279027,0.4808083841279027,0.540312197173086,FALSE,FALSE
1986-04-15,Amundsen_Bellingshausen,1.683537273,-0.43185116345074737,0.43185116345074737,0.540312197173086,FALSE,FALSE
1986-04-17,Amundsen_Bellingshausen,1.721622489,-0.4443538320713678,0.4443538320713678,0.540312197173086,FALSE,FALSE
1986-04-19,Amundsen_Bellingshausen,1.750050118,-0.4678989591526886,0.4678989591526886,0.540312197173086,FALSE,FALSE
1986-04-21,Amundsen_Bellingshausen,1.973661563,-0.29762738285764434,0.29762738285764434,0.540312197173086,FALSE,FALSE
1986-04-23,Amundsen_Bellingshausen,2.044368228,-0.28160994034916076,0.28160994034916076,0.540312197173086,FALSE,FALSE
1986-04-25,Amundsen_Bellingshausen,2.138671577,-0.24332306762223377,0.24332306762223377,0.540312197173086,FALSE,FALSE
1986-04-27,Amundsen_Bellingshausen,2.207081585,-0.23202093836279447,0.23202093836279447,0.540312197173086,FALSE,FALSE
1986-04-29,Amundsen_Bellingshausen,2.203503885,-0.2932551428554486,0.2932551428554486,0.540312197173086,FALSE,FALSE
1986-05-01,Amundsen_Bellingshausen,2.336788562,-0.21760907538529928,0.21760907538529928,0.540312197173086,FALSE,FALSE
1986-05-03,Amundsen_Bellingshausen,2.403622682,-0.20782914923744444,0.20782914923744444,0.540312197173086,FALSE,FALSE
1986-05-05,Amundsen_Bellingshausen,2.461013834,-0.2063412546969765,0.2063412546969765,0.540312197173086,FALSE,FALSE
1986-05-07,Amundsen_Bellingshausen,2.617905833,-0.1036350950321232,0.1036350950321232,0.540312197173086,FALSE,FALSE
1986-05-09,Amundsen_Bellingshausen,2.697855043,-0.07573283686863919,0.07573283686863919,0.540312197173086,FALSE,FALSE
1986-05-11,Amundsen_Bellingshausen,2.698255969,-0.1252906109852434,0.1252906109852434,0.540312197173086,FALSE,FALSE
1986-05-13,Amundsen_Bellingshausen,2.784795749,-0.08676782827040785,0.08676782827040785,0.540312197173086,FALSE,FALSE
1986-05-15,Amundsen_Bellingshausen,2.85041133,-0.0673740906126139,0.0673740906126139,0.540312197173086,FALSE,FALSE
1986-05-17,Amundsen_Bellingshausen,2.892812637,-0.06954602190033299,0.06954602190033299,0.540312197173086,FALSE,FALSE
1986-05-19,Amundsen_Bellingshausen,2.983543031,-0.02188681002204307,0.02188681002204307,0.540312197173086,FALSE,FALSE
1986-05-21,Amundsen_Bellingshausen,3.150366379,0.10322223377607952,0.10322223377607952,0.540312197173086,FALSE,FALSE
1986-05-23,Amundsen_Bellingshausen,3.190232022,0.1025962257592732,0.1025962257592732,0.540312197173086,FALSE,FALSE
1986-05-25,Amundsen_Bellingshausen,3.183949575,0.05691580747125346,0.05691580747125346,0.540312197173086,FALSE,FALSE
1986-05-27,Amundsen_Bellingshausen,3.149829444,-0.01563755549844092,0.01563755549844092,0.540312197173086,FALSE,FALSE
1986-05-29,Amundsen_Bellingshausen,3.255059453,0.05199502043973636,0.05199502043973636,0.540312197173086,FALSE,FALSE
1986-05-31,Amundsen_Bellingshausen,3.289256301,0.04930129387532389,0.04930129387532389,0.540312197173086,FALSE,FALSE
1986-06-01,Amundsen_Bellingshausen,3.432582845,0.1744073286513785,0.1744073286513785,0.540312197173086,FALSE,FALSE
1986-06-02,Amundsen_Bellingshausen,3.315334973,0.03907547766725905,0.03907547766725905,0.540312197173086,FALSE,FALSE
1986-06-04,Amundsen_Bellingshausen,3.30832724,-0.00356742798808706,0.00356742798808706,0.540312197173086,FALSE,FALSE
1986-06-06,Amundsen_Bellingshausen,3.40478723,0.05822332121328477,0.05822332121328477,0.540312197173086,FALSE,FALSE
1986-06-08,Amundsen_Bellingshausen,3.459784344,0.0798237891895126,0.0798237891895126,0.540312197173086,FALSE,FALSE
1986-06-10,Amundsen_Bellingshausen,3.478246605,0.0664686618587389,0.0664686618587389,0.540312197173086,FALSE,FALSE
1986-06-12,Amundsen_Bellingshausen,3.466519164,0.02480975313909939,0.02480975313909939,0.540312197173086,FALSE,FALSE
1986-06-14,Amundsen_Bellingshausen,3.414467292,-0.05498202677675978,0.05498202677675978,0.540312197173086,FALSE,FALSE
1986-06-16,Amundsen_Bellingshausen,3.440826988,-0.05411361424522853,0.05411361424522853,0.540312197173086,FALSE,FALSE
1986-06-18,Amundsen_Bellingshausen,3.412452296,-0.10624485871391488,0.10624485871391488,0.540312197173086,FALSE,FALSE
1986-06-20,Amundsen_Bellingshausen,3.265756995,-0.2755557290648958,0.2755557290648958,0.540312197173086,FALSE,FALSE
1986-06-22,Amundsen_Bellingshausen,3.335217673,-0.22816338518024448,0.22816338518024448,0.540312197173086,FALSE,FALSE
1986-06-24,Amundsen_Bellingshausen,3.333932585,-0.25156331994203773,0.25156331994203773,0.540312197173086,FALSE,FALSE
1986-06-26,Amundsen_Bellingshausen,3.360386374,-0.24786463823235128,0.24786463823235128,0.540312197173086,FALSE,FALSE
1986-06-28,Amundsen_Bellingshausen,3.389365232,-0.24276961110536144,0.24276961110536144,0.540312197173086,FALSE,FALSE
1986-06-30,Amundsen_Bellingshausen,3.364254208,-0.2928061622476146,0.2928061622476146,0.540312197173086,FALSE,FALSE
1986-07-01,Amundsen_Bellingshausen,3.806142537,0.13631709110884094,0.13631709110884094,0.540312197173086,FALSE,FALSE
1986-07-02,Amundsen_Bellingshausen,3.365068349,-0.3176765754203479,0.3176765754203479,0.540312197173086,FALSE,FALSE
1986-07-04,Amundsen_Bellingshausen,3.447414629,-0.26149104564774994,0.26149104564774994,0.540312197173086,FALSE,FALSE
1986-07-06,Amundsen_Bellingshausen,3.516963499,-0.21829629095401293,0.21829629095401293,0.540312197173086,FALSE,FALSE
1986-07-08,Amundsen_Bellingshausen,3.548761544,-0.21276289536332005,0.21276289536332005,0.540312197173086,FALSE,FALSE
1986-07-10,Amundsen_Bellingshausen,3.508253404,-0.279170595944517,0.279170595944517,0.540312197173086,FALSE,FALSE
1986-07-12,Amundsen_Bellingshausen,3.443261106,-0.3695281372041386,0.3695281372041386,0.540312197173086,FALSE,FALSE
1986-07-14,Amundsen_Bellingshausen,3.511311863,-0.32622024031559205,0.32622024031559205,0.540312197173086,FALSE,FALSE
1986-07-16,Amundsen_Bellingshausen,3.594714855,-0.266851704939842,0.266851704939842,0.540312197173086,FALSE,FALSE
1986-07-18,Amundsen_Bellingshausen,3.65854958,-0.2262570127378578,0.2262570127378578,0.540312197173086,FALSE,FALSE
1986-07-20,Amundsen_Bellingshausen,3.793229201,-0.1139369803706134,0.1139369803706134,0.540312197173086,FALSE,FALSE
1986-07-22,Amundsen_Bellingshausen,3.934091709,0.00553268345500468,0.00553268345500468,0.540312197173086,FALSE,FALSE
1986-07-24,Amundsen_Bellingshausen,3.989797839,0.04091896642438986,0.04091896642438986,0.540312197173086,FALSE,FALSE
1986-07-26,Amundsen_Bellingshausen,4.031323196,0.06333661756267395,0.06333661756267395,0.540312197173086,FALSE,FALSE
1986-07-28,Amundsen_Bellingshausen,3.983892241,-0.00184768590663653,0.00184768590663653,0.540312197173086,FALSE,FALSE
1986-07-30,Amundsen_Bellingshausen,3.974668039,-0.0273286627600493,0.0273286627600493,0.540312197173086,FALSE,FALSE
1986-08-01,Amundsen_Bellingshausen,4.021604258,0.00498957122594134,0.00498957122594134,0.540312197173086,FALSE,FALSE
1986-08-03,Amundsen_Bellingshausen,4.058953308,0.0295016417473386,0.0295016417473386,0.540312197173086,FALSE,FALSE
1986-08-05,Amundsen_Bellingshausen,4.048970153,0.00849639513990663,0.00849639513990663,0.540312197173086,FALSE,FALSE
1986-08-07,Amundsen_Bellingshausen,4.008958452,-0.04110012417760256,0.04110012417760256,0.540312197173086,FALSE,FALSE
1986-08-09,Amundsen_Bellingshausen,4.048884999,-0.009796424333528,0.009796424333528,0.540312197173086,FALSE,FALSE
1986-08-11,Amundsen_Bellingshausen,4.074784978,0.00796737654378443,0.00796737654378443,0.540312197173086,FALSE,FALSE
1986-08-13,Amundsen_Bellingshausen,4.090641966,0.01569955332599626,0.01569955332599626,0.540312197173086,FALSE,FALSE
1986-08-15,Amundsen_Bellingshausen,4.147950759,0.06441959988476498,0.06441959988476498,0.540312197173086,FALSE,FALSE
1986-08-17,Amundsen_Bellingshausen,4.255207744,0.1622214966522817,0.1622214966522817,0.540312197173086,FALSE,FALSE
1986-08-19,Amundsen_Bellingshausen,4.299890638,0.19687287691160815,0.19687287691160815,0.540312197173086,FALSE,FALSE
1986-08-21,Amundsen_Bellingshausen,4.272596565,0.1596433626021767,0.1596433626021767,0.540312197173086,FALSE,FALSE
1986-08-23,Amundsen_Bellingshausen,4.197039073,0.0749230297386747,0.0749230297386747,0.540312197173086,FALSE,FALSE
1986-08-25,Amundsen_Bellingshausen,4.088448215,-0.04138154066420618,0.04138154066420618,0.540312197173086,FALSE,FALSE
1986-08-27,Amundsen_Bellingshausen,4.04521158,-0.09020623159178331,0.09020623159178331,0.540312197173086,FALSE,FALSE
1986-08-29,Amundsen_Bellingshausen,4.041065022,-0.09715365250638008,0.09715365250638008,0.540312197173086,FALSE,FALSE
1986-08-31,Amundsen_Bellingshausen,3.981132281,-0.1569271645889856,0.1569271645889856,0.540312197173086,FALSE,FALSE
1986-09-01,Amundsen_Bellingshausen,4.094661728,-0.04233472576725905,0.04233472576725905,0.540312197173086,FALSE,FALSE
1986-09-02,Amundsen_Bellingshausen,3.910956386,-0.2243959374597817,0.2243959374597817,0.540312197173086,FALSE,FALSE
1986-09-04,Amundsen_Bellingshausen,3.894846026,-0.2356979606563505,0.2356979606563505,0.540312197173086,FALSE,FALSE
1986-09-06,Amundsen_Bellingshausen,3.857104864,-0.26697624971627665,0.26697624971627665,0.540312197173086,FALSE,FALSE
1986-09-08,Amundsen_Bellingshausen,3.876218991,-0.24019139217714436,0.24019139217714436,0.540312197173086,FALSE,FALSE
1986-09-10,Amundsen_Bellingshausen,3.86589447,-0.24208374705055968,0.24208374705055968,0.540312197173086,FALSE,FALSE
1986-09-12,Amundsen_Bellingshausen,3.902877354,-0.1962106661077101,0.1962106661077101,0.540312197173086,FALSE,FALSE
1986-09-14,Amundsen_Bellingshausen,4.060578206,-0.02908435466845382,0.02908435466845382,0.540312197173086,FALSE,FALSE
1986-09-16,Amundsen_Bellingshausen,4.187365542,0.10780356335970254,0.10780356335970254,0.540312197173086,FALSE,FALSE
1986-09-18,Amundsen_Bellingshausen,4.268598419,0.19995200506925848,0.19995200506925848,0.540312197173086,FALSE,FALSE
1986-09-20,Amundsen_Bellingshausen,4.255569073,0.1987930665527209,0.1987930665527209,0.540312197173086,FALSE,FALSE
1986-09-22,Amundsen_Bellingshausen,4.176249562,0.1324386659025807,0.1324386659025807,0.540312197173086,FALSE,FALSE
1986-09-24,Amundsen_Bellingshausen,4.083959853,0.05434008484693731,0.05434008484693731,0.540312197173086,FALSE,FALSE
1986-09-26,Amundsen_Bellingshausen,4.084055255,0.06992914830945374,0.06992914830945374,0.540312197173086,FALSE,FALSE
1986-09-28,Amundsen_Bellingshausen,4.162380564,0.16510553427595287,0.16510553427595287,0.540312197173086,FALSE,FALSE
1986-09-30,Amundsen_Bellingshausen,4.178174373,0.19916266478177969,0.19916266478177969,0.540312197173086,FALSE,FALSE
1986-10-01,Amundsen_Bellingshausen,4.162884372,0.19355105031048847,0.19355105031048847,0.540312197173086,FALSE,FALSE
1986-10-02,Amundsen_Bellingshausen,4.235140638,0.2758593248622847,0.2758593248622847,0.540312197173086,FALSE,FALSE
1986-10-04,Amundsen_Bellingshausen,4.241337402,0.3033083865528159,0.3033083865528159,0.540312197173086,FALSE,FALSE
1986-10-06,Amundsen_Bellingshausen,4.26516332,0.3499449980893088,0.3499449980893088,0.540312197173086,FALSE,FALSE
1986-10-08,Amundsen_Bellingshausen,4.263137303,0.3719899846101211,0.3719899846101211,0.540312197173086,FALSE,FALSE
1986-10-10,Amundsen_Bellingshausen,4.264988396,0.3985819889202489,0.3985819889202489,0.540312197173086,FALSE,FALSE
1986-10-12,Amundsen_Bellingshausen,4.243742349,0.40214652392446215,0.40214652392446215,0.540312197173086,FALSE,FALSE
1986-10-14,Amundsen_Bellingshausen,4.141895967,0.3245801575275351,0.3245801575275351,0.540312197173086,FALSE,FALSE
1986-10-16,Amundsen_Bellingshausen,4.117187898,0.3230213006342382,0.3230213006342382,0.540312197173086,FALSE,FALSE
1986-10-18,Amundsen_Bellingshausen,4.084623806,0.311878672588322,0.311878672588322,0.540312197173086,FALSE,FALSE
1986-10-20,Amundsen_Bellingshausen,4.037477217,0.2841951856392706,0.2841951856392706,0.540312197173086,FALSE,FALSE
1986-10-22,Amundsen_Bellingshausen,4.02096262,0.28564956403999675,0.28564956403999675,0.540312197173086,FALSE,FALSE
1986-10-24,Amundsen_Bellingshausen,3.989842095,0.2715456851013891,0.2715456851013891,0.540312197173086,FALSE,FALSE
1986-10-26,Amundsen_Bellingshausen,3.96982267,0.26813237413432667,0.26813237413432667,0.540312197173086,FALSE,FALSE
1986-10-28,Amundsen_Bellingshausen,3.90814751,0.22319459344969683,0.22319459344969683,0.540312197173086,FALSE,FALSE
1986-10-30,Amundsen_Bellingshausen,3.909621938,0.2420794633583827,0.2420794633583827,0.540312197173086,FALSE,FALSE
1986-11-01,Amundsen_Bellingshausen,3.950738934,0.30172338961396683,0.30172338961396683,0.540312197173086,FALSE,FALSE
1986-11-03,Amundsen_Bellingshausen,3.856960934,0.22759583117725013,0.22759583117725013,0.540312197173086,FALSE,FALSE
1986-11-05,Amundsen_Bellingshausen,3.82682389,0.21811878822035655,0.21811878822035655,0.540312197173086,FALSE,FALSE
1986-11-07,Amundsen_Bellingshausen,3.769270107,0.18212060943420297,0.18212060943420297,0.540312197173086,FALSE,FALSE
1986-11-09,Amundsen_Bellingshausen,3.752139142,0.1873268955097065,0.1873268955097065,0.540312197173086,FALSE,FALSE
1986-11-11,Amundsen_Bellingshausen,3.764861177,0.2230538721377844,0.2230538721377844,0.540312197173086,FALSE,FALSE
1986-11-13,Amundsen_Bellingshausen,3.74695452,0.22870465593036335,0.22870465593036335,0.540312197173086,FALSE,FALSE
1986-11-15,Amundsen_Bellingshausen,3.73896944,0.24470026208016993,0.24470026208016993,0.540312197173086,FALSE,FALSE
1986-11-17,Amundsen_Bellingshausen,3.75220957,0.28220613556510976,0.28220613556510976,0.540312197173086,FALSE,FALSE
1986-11-19,Amundsen_Bellingshausen,3.770407109,0.3248161445520674,0.3248161445520674,0.540312197173086,FALSE,FALSE
1986-11-21,Amundsen_Bellingshausen,3.696951118,0.27578101920792486,0.27578101920792486,0.540312197173086,FALSE,FALSE
1986-11-23,Amundsen_Bellingshausen,3.660501783,0.26362261469957327,0.26362261469957327,0.540312197173086,FALSE,FALSE
1986-11-25,Amundsen_Bellingshausen,3.656623109,0.28377134349801203,0.28377134349801203,0.540312197173086,FALSE,FALSE
1986-11-27,Amundsen_Bellingshausen,3.646233942,0.29722134317073623,0.29722134317073623,0.540312197173086,FALSE,FALSE
1986-11-29,Amundsen_Bellingshausen,3.625829637,0.3008298191056764,0.3008298191056764,0.540312197173086,FALSE,FALSE
1986-12-01,Amundsen_Bellingshausen,3.647187716,0.34675690536589654,0.34675690536589654,0.540312197173086,FALSE,FALSE
1986-12-03,Amundsen_Bellingshausen,3.58369073,0.3087677650144638,0.3087677650144638,0.540312197173086,FALSE,FALSE
1986-12-05,Amundsen_Bellingshausen,3.545328118,0.29723444911444874,0.29723444911444874,0.540312197173086,FALSE,FALSE
1986-12-07,Amundsen_Bellingshausen,3.466552884,0.24699264449473457,0.24699264449473457,0.540312197173086,FALSE,FALSE
1986-12-09,Amundsen_Bellingshausen,3.370214262,0.18141554316031216,0.18141554316031216,0.540312197173086,FALSE,FALSE
1986-12-11,Amundsen_Bellingshausen,3.373821136,0.2189731064275704,0.2189731064275704,0.540312197173086,FALSE,FALSE
1986-12-13,Amundsen_Bellingshausen,3.324098509,0.20743569783166335,0.20743569783166335,0.540312197173086,FALSE,FALSE
1986-12-15,Amundsen_Bellingshausen,3.246252402,0.17305469890774283,0.17305469890774283,0.540312197173086,FALSE,FALSE
1986-12-17,Amundsen_Bellingshausen,3.105858341,0.08245099619096719,0.08245099619096719,0.540312197173086,FALSE,FALSE
1986-12-19,Amundsen_Bellingshausen,3.088603967,0.12235759121648916,0.12235759121648916,0.540312197173086,FALSE,FALSE
1986-12-21,Amundsen_Bellingshausen,3.042766028,0.1418995655461317,0.1418995655461317,0.540312197173086,FALSE,FALSE
1986-12-23,Amundsen_Bellingshausen,3.010876241,0.1829681343732452,0.1829681343732452,0.540312197173086,FALSE,FALSE
1986-12-25,Amundsen_Bellingshausen,2.974113128,0.2254210104878176,0.2254210104878176,0.540312197173086,FALSE,FALSE
1986-12-27,Amundsen_Bellingshausen,2.924756732,0.2602139298721493,0.2602139298721493,0.540312197173086,FALSE,FALSE
1986-12-29,Amundsen_Bellingshausen,2.795493199,0.2187087315085292,0.2187087315085292,0.540312197173086,FALSE,FALSE
1986-12-31,Amundsen_Bellingshausen,2.755778998,0.2690375773792635,0.2690375773792635,0.540312197173086,FALSE,FALSE
1987-01-01,Amundsen_Bellingshausen,1.931670911,-0.5096060650405241,0.5096060650405241,0.540312197173086,FALSE,FALSE
1987-01-02,Amundsen_Bellingshausen,2.666357049,0.2706258384726712,0.2706258384726712,0.540312197173086,FALSE,FALSE
1987-01-04,Amundsen_Bellingshausen,2.571239119,0.2663231669159041,0.2663231669159041,0.540312197173086,FALSE,FALSE
1987-01-06,Amundsen_Bellingshausen,2.488814345,0.27351201897492095,0.27351201897492095,0.540312197173086,FALSE,FALSE
1987-01-08,Amundsen_Bellingshausen,2.30011744,0.17222718492171385,0.17222718492171385,0.540312197173086,FALSE,FALSE
1987-01-10,Amundsen_Bellingshausen,2.126603045,0.08292338302828073,0.08292338302828073,0.540312197173086,FALSE,FALSE
1987-01-12,Amundsen_Bellingshausen,2.007354281,0.0436838115666156,0.0436838115666156,0.540312197173086,FALSE,FALSE
1987-01-14,Amundsen_Bellingshausen,1.923921869,0.03506122462309835,0.03506122462309835,0.540312197173086,FALSE,FALSE
1987-01-16,Amundsen_Bellingshausen,1.772774768,-0.0470929888729521,0.0470929888729521,0.540312197173086,FALSE,FALSE
1987-01-18,Amundsen_Bellingshausen,1.702320664,-0.05415622422165755,0.05415622422165755,0.540312197173086,FALSE,FALSE
1987-01-20,Amundsen_Bellingshausen,1.635289861,-0.06307309023421892,0.06307309023421892,0.540312197173086,FALSE,FALSE
1987-01-22,Amundsen_Bellingshausen,1.562608671,-0.08259218772183607,0.08259218772183607,0.540312197173086,FALSE,FALSE
1987-01-24,Amundsen_Bellingshausen,1.537920873,-0.05874465049571076,0.05874465049571076,0.540312197173086,FALSE,FALSE
1987-01-26,Amundsen_Bellingshausen,1.440271891,-0.11215996736704326,0.11215996736704326,0.540312197173086,FALSE,FALSE
1987-01-28,Amundsen_Bellingshausen,1.407034467,-0.10516404637945163,0.10516404637945163,0.540312197173086,FALSE,FALSE
1987-01-30,Amundsen_Bellingshausen,1.315496632,-0.16029061533817712,0.16029061533817712,0.540312197173086,FALSE,FALSE
1987-02-01,Amundsen_Bellingshausen,1.294285193,-0.14877441429741056,0.14877441429741056,0.540312197173086,FALSE,FALSE
1987-02-03,Amundsen_Bellingshausen,1.22690819,-0.18696897024157733,0.18696897024157733,0.540312197173086,FALSE,FALSE
1987-02-05,Amundsen_Bellingshausen,1.149806869,-0.23829460415510084,0.23829460415510084,0.540312197173086,FALSE,FALSE
1987-02-07,Amundsen_Bellingshausen,1.120189828,-0.2454042850224072,0.2454042850224072,0.540312197173086,FALSE,FALSE
1987-02-09,Amundsen_Bellingshausen,1.107846518,-0.2383817689467076,0.2383817689467076,0.540312197173086,FALSE,FALSE
1987-02-11,Amundsen_Bellingshausen,1.135442908,-0.1945949544155563,0.1945949544155563,0.540312197173086,FALSE,FALSE
1987-02-13,Amundsen_Bellingshausen,1.130911285,-0.18626253364658085,0.18626253364658085,0.540312197173086,FALSE,FALSE
1987-02-15,Amundsen_Bellingshausen,1.109362258,-0.1984275334071488,0.1984275334071488,0.540312197173086,FALSE,FALSE
1987-02-17,Amundsen_Bellingshausen,1.111972898,-0.19006651846463107,0.19006651846463107,0.540312197173086,FALSE,FALSE
1987-02-19,Amundsen_Bellingshausen,1.099087371,-0.20098895858639576,0.20098895858639576,0.540312197173086,FALSE,FALSE
1987-02-21,Amundsen_Bellingshausen,1.078280275,-0.22377056860350475,0.22377056860350475,0.540312197173086,FALSE,FALSE
1987-02-23,Amundsen_Bellingshausen,1.139339282,-0.16856610743991896,0.16856610743991896,0.540312197173086,FALSE,FALSE
1987-02-25,Amundsen_Bellingshausen,1.150406098,-0.16684909471075016,0.16684909471075016,0.540312197173086,FALSE,FALSE
1987-02-27,Amundsen_Bellingshausen,1.1733833870000001,-0.1563033541307155,0.1563033541307155,0.540312197173086,FALSE,FALSE
1987-03-01,Amundsen_Bellingshausen,1.165833462,-0.17895306041452774,0.17895306041452774,0.540312197173086,FALSE,FALSE
1987-03-03,Amundsen_Bellingshausen,1.154348245,-0.2077927792769032,0.2077927792769032,0.540312197173086,FALSE,FALSE
1987-03-05,Amundsen_Bellingshausen,1.184368965,-0.19696777275963215,0.19696777275963215,0.540312197173086,FALSE,FALSE
1987-03-07,Amundsen_Bellingshausen,1.225614322,-0.17643564967249792,0.17643564967249792,0.540312197173086,FALSE,FALSE
1987-03-09,Amundsen_Bellingshausen,1.222201438,-0.2020796042091806,0.2020796042091806,0.540312197173086,FALSE,FALSE
1987-03-11,Amundsen_Bellingshausen,1.288712664,-0.15939063755546612,0.15939063755546612,0.540312197173086,FALSE,FALSE
1987-03-13,Amundsen_Bellingshausen,1.279752621,-0.19383748089714328,0.19383748089714328,0.540312197173086,FALSE,FALSE
1987-03-15,Amundsen_Bellingshausen,1.268005284,-0.23280951141999665,0.23280951141999665,0.540312197173086,FALSE,FALSE
1987-03-17,Amundsen_Bellingshausen,1.291245686,-0.23860504830981677,0.23860504830981677,0.540312197173086,FALSE,FALSE
1987-03-19,Amundsen_Bellingshausen,1.327752239,-0.2330048114166796,0.2330048114166796,0.540312197173086,FALSE,FALSE
1987-03-21,Amundsen_Bellingshausen,1.349568025,-0.2438974560068332,0.2438974560068332,0.540312197173086,FALSE,FALSE
1987-03-23,Amundsen_Bellingshausen,1.427425523,-0.20041507672817205,0.20041507672817205,0.540312197173086,FALSE,FALSE
1987-03-25,Amundsen_Bellingshausen,1.453374783,-0.2103715935882404,0.2103715935882404,0.540312197173086,FALSE,FALSE
1987-03-27,Amundsen_Bellingshausen,1.468790444,-0.2322563375945872,0.2322563375945872,0.540312197173086,FALSE,FALSE
1987-03-29,Amundsen_Bellingshausen,1.401674552,-0.3379312327547592,0.3379312327547592,0.540312197173086,FALSE,FALSE
1987-03-31,Amundsen_Bellingshausen,1.351754319,-0.4275359967033476,0.4275359967033476,0.540312197173086,FALSE,FALSE
1987-04-01,Amundsen_Bellingshausen,2.146008296,0.3464736846471095,0.3464736846471095,0.540312197173086,FALSE,FALSE
1987-04-02,Amundsen_Bellingshausen,1.383254796,-0.4368004751418504,0.4368004751418504,0.540312197173086,FALSE,FALSE
1987-04-04,Amundsen_Bellingshausen,1.448844986,-0.413111247017518,0.413111247017518,0.540312197173086,FALSE,FALSE
1987-04-06,Amundsen_Bellingshausen,1.473239635,-0.4318146660893352,0.4318146660893352,0.540312197173086,FALSE,FALSE
1987-04-08,Amundsen_Bellingshausen,1.600241132,-0.3491694431162824,0.3491694431162824,0.540312197173086,FALSE,FALSE
1987-04-10,Amundsen_Bellingshausen,1.712804908,-0.28228124685734235,0.28228124685734235,0.540312197173086,FALSE,FALSE
1987-04-12,Amundsen_Bellingshausen,1.778259842,-0.2638822489647301,0.2638822489647301,0.540312197173086,FALSE,FALSE
1987-04-14,Amundsen_Bellingshausen,1.858466513,-0.232152857574788,0.232152857574788,0.540312197173086,FALSE,FALSE
1987-04-16,Amundsen_Bellingshausen,1.910583021,-0.2299251389011532,0.2299251389011532,0.540312197173086,FALSE,FALSE
1987-04-18,Amundsen_Bellingshausen,1.978794779,-0.2129959211067567,0.2129959211067567,0.540312197173086,FALSE,FALSE
1987-04-20,Amundsen_Bellingshausen,2.002755494,-0.2416937383545288,0.2416937383545288,0.540312197173086,FALSE,FALSE
1987-04-22,Amundsen_Bellingshausen,2.022990287,-0.27547571080739974,0.27547571080739974,0.540312197173086,FALSE,FALSE
1987-04-24,Amundsen_Bellingshausen,2.230952338,-0.12287089962829656,0.12287089962829656,0.540312197173086,FALSE,FALSE
1987-04-26,Amundsen_Bellingshausen,2.288909559,-0.12153503922881992,0.12153503922881992,0.540312197173086,FALSE,FALSE
1987-04-28,Amundsen_Bellingshausen,2.277158927,-0.1907386779347915,0.1907386779347915,0.540312197173086,FALSE,FALSE
1987-04-30,Amundsen_Bellingshausen,2.340298239,-0.18531773803540563,0.18531773803540563,0.540312197173086,FALSE,FALSE
1987-05-01,Amundsen_Bellingshausen,3.035112455,0.4807148176147007,0.4807148176147007,0.540312197173086,FALSE,FALSE
1987-05-02,Amundsen_Bellingshausen,2.380124734,-0.2029084598157671,0.2029084598157671,0.540312197173086,FALSE,FALSE
1987-05-04,Amundsen_Bellingshausen,2.496596675,-0.14298605956096688,0.14298605956096688,0.540312197173086,FALSE,FALSE
1987-05-06,Amundsen_Bellingshausen,2.527736045,-0.16696203355610617,0.16696203355610617,0.540312197173086,FALSE,FALSE
1987-05-08,Amundsen_Bellingshausen,2.529572327,-0.2182622677208994,0.2182622677208994,0.540312197173086,FALSE,FALSE
1987-05-10,Amundsen_Bellingshausen,2.663241097,-0.1355780050864004,0.1355780050864004,0.540312197173086,FALSE,FALSE
1987-05-12,Amundsen_Bellingshausen,2.723606198,-0.12418243417622632,0.12418243417622632,0.540312197173086,FALSE,FALSE
1987-05-14,Amundsen_Bellingshausen,2.811041629,-0.08384810487885153,0.08384810487885153,0.540312197173086,FALSE,FALSE
1987-05-16,Amundsen_Bellingshausen,2.921573196,-0.01869576008275375,0.01869576008275375,0.540312197173086,FALSE,FALSE
1987-05-18,Amundsen_Bellingshausen,2.969113922,-0.01495892567640933,0.01495892567640933,0.540312197173086,FALSE,FALSE
1987-05-20,Amundsen_Bellingshausen,3.005167664,-0.02128023193895512,0.02128023193895512,0.540312197173086,FALSE,FALSE
1987-05-22,Amundsen_Bellingshausen,3.072297184,0.00476244452592578,0.00476244452592578,0.540312197173086,FALSE,FALSE
1987-05-24,Amundsen_Bellingshausen,3.079736361,-0.02772707207518099,0.02772707207518099,0.540312197173086,FALSE,FALSE
1987-05-26,Amundsen_Bellingshausen,3.105999184,-0.04036373315273112,0.04036373315273112,0.540312197173086,FALSE,FALSE
1987-05-28,Amundsen_Bellingshausen,3.163213184,-0.02114894811718271,0.02114894811718271,0.540312197173086,FALSE,FALSE
1987-05-30,Amundsen_Bellingshausen,3.252535012,0.03094499362100755,0.03094499362100755,0.540312197173086,FALSE,FALSE
1987-06-01,Amundsen_Bellingshausen,3.272663323,0.01448780665137849,0.01448780665137849,0.540312197173086,FALSE,FALSE
1987-06-03,Amundsen_Bellingshausen,3.333685086,0.03950642928988079,0.03950642928988079,0.540312197173086,FALSE,FALSE
1987-06-05,Amundsen_Bellingshausen,3.43742731,0.1080581136981258,0.1080581136981258,0.540312197173086,FALSE,FALSE
1987-06-07,Amundsen_Bellingshausen,3.512335583,0.1488951104221572,0.1488951104221572,0.540312197173086,FALSE,FALSE
1987-06-09,Amundsen_Bellingshausen,3.526231809,0.13014598638011643,0.13014598638011643,0.540312197173086,FALSE,FALSE
1987-06-11,Amundsen_Bellingshausen,3.589941113,0.16294252949014387,0.16294252949014387,0.540312197173086,FALSE,FALSE
1987-06-13,Amundsen_Bellingshausen,3.622244709,0.16637261667037562,0.16637261667037562,0.540312197173086,FALSE,FALSE
1987-06-15,Amundsen_Bellingshausen,3.647346536,0.16489762487140247,0.16489762487140247,0.540312197173086,FALSE,FALSE
1987-06-17,Amundsen_Bellingshausen,3.679384105,0.1723854943880858,0.1723854943880858,0.540312197173086,FALSE,FALSE
1987-06-19,Amundsen_Bellingshausen,3.732722904,0.2026124509635117,0.2026124509635117,0.540312197173086,FALSE,FALSE
1987-06-21,Amundsen_Bellingshausen,3.786718435,0.23434024871560633,0.23434024871560633,0.540312197173086,FALSE,FALSE
1987-06-23,Amundsen_Bellingshausen,3.796347267,0.2219517087622949,0.2219517087622949,0.540312197173086,FALSE,FALSE
1987-06-25,Amundsen_Bellingshausen,3.881382708,0.2846263912215008,0.2846263912215008,0.540312197173086,FALSE,FALSE
1987-06-27,Amundsen_Bellingshausen,3.874804957,0.25475985764939413,0.25475985764939413,0.540312197173086,FALSE,FALSE
1987-06-29,Amundsen_Bellingshausen,3.882127601,0.23764254963831055,0.23764254963831055,0.540312197173086,FALSE,FALSE
1987-07-01,Amundsen_Bellingshausen,3.962389138,0.2925636921088408,0.2925636921088408,0.540312197173086,FALSE,FALSE
1987-07-03,Amundsen_Bellingshausen,4.078519681,0.38273622903679616,0.38273622903679616,0.540312197173086,FALSE,FALSE
1987-07-05,Amundsen_Bellingshausen,4.162419769,0.4403435303979877,0.4403435303979877,0.540312197173086,FALSE,FALSE
1987-07-07,Amundsen_Bellingshausen,4.231134389,0.4827134141682268,0.4827134141682268,0.540312197173086,FALSE,FALSE
1987-07-09,Amundsen_Bellingshausen,4.238356426,0.4638215600099111,0.4638215600099111,0.540312197173086,FALSE,FALSE
1987-07-11,Amundsen_Bellingshausen,4.262782871,0.4626038278033402,0.4626038278033402,0.540312197173086,FALSE,FALSE
1987-07-13,Amundsen_Bellingshausen,4.366360169,0.5411163215754233,0.5411163215754233,0.540312197173086,TRUE,FALSE
1987-07-15,Amundsen_Bellingshausen,4.395592188,0.5459489296651947,0.5459489296651947,0.540312197173086,TRUE,FALSE
1987-07-17,Amundsen_Bellingshausen,4.370815915,0.49752465941167934,0.49752465941167934,0.540312197173086,FALSE,FALSE
1987-07-19,Amundsen_Bellingshausen,4.360505469,0.4644036501539177,0.4644036501539177,0.540312197173086,FALSE,FALSE
1987-07-21,Amundsen_Bellingshausen,4.346946355,0.4289574272309311,0.4289574272309311,0.540312197173086,FALSE,FALSE
1987-07-23,Amundsen_Bellingshausen,4.348938068,0.4100764898075533,0.4100764898075533,0.540312197173086,FALSE,FALSE
1987-07-25,Amundsen_Bellingshausen,4.402577974,0.4439848423334505,0.4439848423334505,0.540312197173086,FALSE,FALSE
1987-07-27,Amundsen_Bellingshausen,4.534204552,0.5571631161400026,0.5571631161400026,0.540312197173086,TRUE,TRUE
1987-07-29,Amundsen_Bellingshausen,4.695954961,0.7018906864507031,0.7018906864507031,0.540312197173086,TRUE,TRUE
1987-07-31,Amundsen_Bellingshausen,4.749607028,0.740087596489051,0.740087596489051,0.540312197173086,TRUE,TRUE
1987-08-01,Amundsen_Bellingshausen,4.833119786,0.8165050992259415,0.8165050992259415,0.540312197173086,TRUE,TRUE
1987-08-02,Amundsen_Bellingshausen,4.744008132,0.7207434414785538,0.7207434414785538,0.540312197173086,TRUE,TRUE
1987-08-03,Amundsen_Bellingshausen,4.850956235,0.8215045687473381,0.8215045687473381,0.540312197173086,TRUE,TRUE
1987-08-04,Amundsen_Bellingshausen,4.851216066,0.8160439883993629,0.8160439883993629,0.540312197173086,TRUE,TRUE
1987-08-05,Amundsen_Bellingshausen,4.849766148,0.8092923901399063,0.8092923901399063,0.540312197173086,TRUE,TRUE
1987-08-06,Amundsen_Bellingshausen,4.814640657,0.769224537202934,0.769224537202934,0.540312197173086,TRUE,TRUE
1987-08-07,Amundsen_Bellingshausen,4.766005649,0.7159470728223978,0.7159470728223978,0.540312197173086,TRUE,TRUE
1987-08-08,Amundsen_Bellingshausen,4.734486296,0.6800257562322596,0.6800257562322596,0.540312197173086,TRUE,TRUE
1987-08-09,Amundsen_Bellingshausen,4.714660383,0.6559789596664718,0.6559789596664718,0.540312197173086,TRUE,TRUE
1987-08-10,Amundsen_Bellingshausen,4.703731596,0.6409509563589921,0.6409509563589921,0.540312197173086,TRUE,TRUE
1987-08-11,Amundsen_Bellingshausen,4.73808591,0.6712683085437838,0.6712683085437838,0.540312197173086,TRUE,TRUE
1987-08-12,Amundsen_Bellingshausen,4.804663141,0.7338114194547982,0.7338114194547982,0.540312197173086,TRUE,TRUE
1987-08-13,Amundsen_Bellingshausen,4.849068361,0.7741259483259961,0.7741259483259961,0.540312197173086,TRUE,TRUE
1987-08-14,Amundsen_Bellingshausen,4.901290848,0.8221417603913324,0.8221417603913324,0.540312197173086,TRUE,TRUE
1987-08-15,Amundsen_Bellingshausen,4.930236691,0.8467055318847647,0.8467055318847647,0.540312197173086,TRUE,TRUE
1987-08-16,Amundsen_Bellingshausen,4.924882145,0.8367362666797407,0.8367362666797407,0.540312197173086,TRUE,TRUE
1987-08-17,Amundsen_Bellingshausen,4.923819472,0.8308332246522818,0.8308332246522818,0.540312197173086,TRUE,TRUE
1987-08-18,Amundsen_Bellingshausen,4.932961322,0.8349895917289567,0.8349895917289567,0.540312197173086,TRUE,TRUE
1987-08-19,Amundsen_Bellingshausen,4.912830002,0.809812240911608,0.809812240911608,0.540312197173086,TRUE,TRUE
1987-08-20,Amundsen_Bellingshausen,4.880941728,0.7729019542020712,0.7729019542020712,0.540312197173086,TRUE,TRUE
1987-08-21,Amundsen_Bellingshausen,4.805810617,0.6928574146021766,0.6928574146021766,0.540312197173086,TRUE,TRUE
1987-08-22,Amundsen_Bellingshausen,4.750504029,0.632830548113767,0.632830548113767,0.540312197173086,TRUE,TRUE
1987-08-23,Amundsen_Bellingshausen,4.766746754,0.6446307107386744,0.6446307107386744,0.540312197173086,TRUE,TRUE
1987-08-24,Amundsen_Bellingshausen,4.922964928,0.7967686044787374,0.7967686044787374,0.540312197173086,TRUE,TRUE
1987-08-25,Amundsen_Bellingshausen,4.916270208,0.7864404523357944,0.7864404523357944,0.540312197173086,TRUE,TRUE
1987-08-26,Amundsen_Bellingshausen,4.952511572,0.8195797983116702,0.8195797983116702,0.540312197173086,TRUE,TRUE
1987-08-27,Amundsen_Bellingshausen,4.969961032,0.8345432204082162,0.8345432204082162,0.540312197173086,TRUE,TRUE
1987-08-28,Amundsen_Bellingshausen,5.008130653,0.8709273496272569,0.8709273496272569,0.540312197173086,TRUE,TRUE
1987-08-29,Amundsen_Bellingshausen,4.973470974,0.8352522994936198,0.8352522994936198,0.540312197173086,TRUE,TRUE
1987-08-30,Amundsen_Bellingshausen,4.914076456,0.7755909918922423,0.7755909918922423,0.540312197173086,TRUE,TRUE
1987-08-31,Amundsen_Bellingshausen,4.877998872,0.7399394264110146,0.7399394264110146,0.540312197173086,TRUE,TRUE
1987-09-01,Amundsen_Bellingshausen,4.850207008,0.7132105542327407,0.7132105542327407,0.540312197173086,TRUE,TRUE
1987-09-02,Amundsen_Bellingshausen,4.808004663,0.6726523395402184,0.6726523395402184,0.540312197173086,TRUE,TRUE
1987-09-03,Amundsen_Bellingshausen,4.779633129,0.6464502395162546,0.6464502395162546,0.540312197173086,TRUE,TRUE
1987-09-04,Amundsen_Bellingshausen,4.723217975,0.5926739883436491,0.5926739883436491,0.540312197173086,TRUE,TRUE
1987-09-05,Amundsen_Bellingshausen,4.731440407,0.6039489572052048,0.6039489572052048,0.540312197173086,TRUE,TRUE
1987-09-06,Amundsen_Bellingshausen,4.760167485,0.6360863712837235,0.6360863712837235,0.540312197173086,TRUE,TRUE
1987-09-07,Amundsen_Bellingshausen,4.737011836,0.6166430227620072,0.6166430227620072,0.540312197173086,TRUE,TRUE
1987-09-08,Amundsen_Bellingshausen,4.685417225,0.5690068418228558,0.5690068418228558,0.540312197173086,TRUE,TRUE
1987-09-09,Amundsen_Bellingshausen,4.6553768699999996,0.5431152116490718,0.5431152116490718,0.540312197173086,TRUE,TRUE
1987-09-10,Amundsen_Bellingshausen,4.621285399,0.5133071819494397,0.5133071819494397,0.540312197173086,FALSE,FALSE
1987-09-11,Amundsen_Bellingshausen,4.626623247,0.5230319618645973,0.5230319618645973,0.540312197173086,FALSE,FALSE
1987-09-12,Amundsen_Bellingshausen,4.618375102,0.5192870818922897,0.5192870818922897,0.540312197173086,FALSE,FALSE
1987-09-13,Amundsen_Bellingshausen,4.635471459,0.5410205195440838,0.5410205195440838,0.540312197173086,TRUE,TRUE
1987-09-14,Amundsen_Bellingshausen,4.692955304,0.6032927433315463,0.6032927433315463,0.540312197173086,TRUE,TRUE
1987-09-15,Amundsen_Bellingshausen,4.778946924,0.6942415227662293,0.6942415227662293,0.540312197173086,TRUE,TRUE
1987-09-16,Amundsen_Bellingshausen,4.803495529,0.7239335503597024,0.7239335503597024,0.540312197173086,TRUE,TRUE
1987-09-17,Amundsen_Bellingshausen,4.861279057,0.7870642466235251,0.7870642466235251,0.540312197173086,TRUE,TRUE
1987-09-18,Amundsen_Bellingshausen,4.88084243,0.812196016069259,0.812196016069259,0.540312197173086,TRUE,TRUE
1987-09-19,Amundsen_Bellingshausen,4.884268191,0.82142888420847,0.82142888420847,0.540312197173086,TRUE,TRUE
1987-09-20,Amundsen_Bellingshausen,4.883748994,0.826972987552721,0.826972987552721,0.540312197173086,TRUE,TRUE
1987-09-21,Amundsen_Bellingshausen,4.802388874,0.7519498436135699,0.7519498436135699,0.540312197173086,TRUE,TRUE
1987-09-22,Amundsen_Bellingshausen,4.707948787,0.6641378909025812,0.6641378909025812,0.540312197173086,TRUE,TRUE
1987-09-23,Amundsen_Bellingshausen,4.655747097,0.6188723948561297,0.6188723948561297,0.540312197173086,TRUE,TRUE
1987-09-24,Amundsen_Bellingshausen,4.623350469,0.5937307008469377,0.5937307008469377,0.540312197173086,TRUE,TRUE
1987-09-25,Amundsen_Bellingshausen,4.701783025,0.6797438374549083,0.6797438374549083,0.540312197173086,TRUE,TRUE
1987-09-26,Amundsen_Bellingshausen,4.859254715,0.8451286083094534,0.8451286083094534,0.540312197173086,TRUE,TRUE
1987-09-27,Amundsen_Bellingshausen,4.926632747,0.9207590750399968,0.9207590750399968,0.540312197173086,TRUE,TRUE
1987-09-28,Amundsen_Bellingshausen,4.968479758,0.9712047282759526,0.9712047282759526,0.540312197173086,TRUE,TRUE
1987-09-29,Amundsen_Bellingshausen,4.940126788,0.9518034616467416,0.9518034616467416,0.540312197173086,TRUE,TRUE
1987-09-30,Amundsen_Bellingshausen,5.007404948,1.0283932397817792,1.0283932397817792,0.540312197173086,TRUE,TRUE
1987-10-01,Amundsen_Bellingshausen,5.107457038,1.1381237163104885,1.1381237163104885,0.540312197173086,TRUE,TRUE
1987-10-02,Amundsen_Bellingshausen,5.140616296,1.181334982862285,1.181334982862285,0.540312197173086,TRUE,TRUE
1987-10-03,Amundsen_Bellingshausen,5.09740522,1.1485563910665877,1.1485563910665877,0.540312197173086,TRUE,TRUE
1987-10-04,Amundsen_Bellingshausen,4.997460052,1.059431036552816,1.059431036552816,0.540312197173086,TRUE,TRUE
1987-10-05,Amundsen_Bellingshausen,5.04558141,1.118766375842152,1.118766375842152,0.540312197173086,TRUE,TRUE
1987-10-06,Amundsen_Bellingshausen,5.028497915,1.113279593089309,1.113279593089309,0.540312197173086,TRUE,TRUE
1987-10-07,Amundsen_Bellingshausen,4.826854205,0.9235501315575982,0.9235501315575982,0.540312197173086,TRUE,TRUE
1987-10-08,Amundsen_Bellingshausen,4.779467246,0.8883199276101217,0.8883199276101217,0.540312197173086,TRUE,TRUE
1987-10-09,Amundsen_Bellingshausen,4.596641474,0.7178183876099742,0.7178183876099742,0.540312197173086,TRUE,TRUE
1987-10-10,Amundsen_Bellingshausen,4.572241408,0.7058350009202492,0.7058350009202492,0.540312197173086,TRUE,TRUE
1987-10-11,Amundsen_Bellingshausen,4.546692271,0.6927199609040469,0.6927199609040469,0.540312197173086,TRUE,TRUE
1987-10-12,Amundsen_Bellingshausen,4.51733487,0.6757390449244625,0.6757390449244625,0.540312197173086,TRUE,TRUE
1987-10-13,Amundsen_Bellingshausen,4.494037529,0.6646855473445918,0.6646855473445918,0.540312197173086,TRUE,TRUE
1987-10-14,Amundsen_Bellingshausen,4.483841406,0.666525596527535,0.666525596527535,0.540312197173086,TRUE,TRUE
1987-10-15,Amundsen_Bellingshausen,4.452521136,0.6469587978363842,0.6469587978363842,0.540312197173086,TRUE,TRUE
1987-10-16,Amundsen_Bellingshausen,4.393039851,0.5988732536342383,0.5988732536342383,0.540312197173086,TRUE,TRUE
1987-10-17,Amundsen_Bellingshausen,4.351713369,0.5685097522841929,0.5685097522841929,0.540312197173086,TRUE,TRUE
1987-10-18,Amundsen_Bellingshausen,4.310234132,0.537488998588322,0.537488998588322,0.540312197173086,FALSE,FALSE
1987-10-19,Amundsen_Bellingshausen,4.294606861,0.5318139067770042,0.5318139067770042,0.540312197173086,FALSE,FALSE
1987-10-20,Amundsen_Bellingshausen,4.249906993,0.49662496163927017,0.49662496163927017,0.540312197173086,FALSE,FALSE
1987-10-21,Amundsen_Bellingshausen,4.26783998,0.5236953398389814,0.5236953398389814,0.540312197173086,FALSE,FALSE
1987-10-22,Amundsen_Bellingshausen,4.25506839,0.519755334039997,0.519755334039997,0.540312197173086,FALSE,FALSE
1987-10-23,Amundsen_Bellingshausen,4.237719148,0.5109995939061807,0.5109995939061807,0.540312197173086,FALSE,FALSE
1987-10-24,Amundsen_Bellingshausen,4.269195813,0.5508994031013885,0.5508994031013885,0.540312197173086,TRUE,FALSE
1987-10-25,Amundsen_Bellingshausen,4.262580567,0.5526046682894838,0.5526046682894838,0.540312197173086,TRUE,FALSE
1987-10-26,Amundsen_Bellingshausen,4.237633145,0.5359428491343268,0.5359428491343268,0.540312197173086,FALSE,FALSE
1987-10-27,Amundsen_Bellingshausen,4.204790647,0.5114187702997786,0.5114187702997786,0.540312197173086,FALSE,FALSE
1987-10-28,Amundsen_Bellingshausen,4.201000056,0.5160471394496966,0.5160471394496966,0.540312197173086,FALSE,FALSE
1987-10-29,Amundsen_Bellingshausen,4.184395948,0.5080302572479445,0.5080302572479445,0.540312197173086,FALSE,FALSE
1987-10-30,Amundsen_Bellingshausen,4.182131806,0.5145893313583829,0.5145893313583829,0.540312197173086,FALSE,FALSE
1987-10-31,Amundsen_Bellingshausen,4.15322983,0.4948032609838502,0.4948032609838502,0.540312197173086,FALSE,FALSE
1987-11-01,Amundsen_Bellingshausen,4.119322411,0.4703068666139667,0.4703068666139667,0.540312197173086,FALSE,FALSE
1987-11-02,Amundsen_Bellingshausen,4.112665537,0.4733418961913132,0.4733418961913132,0.540312197173086,FALSE,FALSE
1987-11-03,Amundsen_Bellingshausen,4.084855089,0.45548998617725056,0.45548998617725056,0.540312197173086,FALSE,FALSE
1987-11-04,Amundsen_Bellingshausen,4.050635566,0.4314813910331438,0.4314813910331438,0.540312197173086,FALSE,FALSE
1987-11-05,Amundsen_Bellingshausen,4.0290316,0.4203264982203563,0.4203264982203563,0.540312197173086,FALSE,FALSE
1987-11-06,Amundsen_Bellingshausen,4.022190987,0.4241588592002561,0.4241588592002561,0.540312197173086,FALSE,FALSE
1987-11-07,Amundsen_Bellingshausen,3.979426575,0.39227707743420304,0.39227707743420304,0.540312197173086,FALSE,FALSE
1987-11-08,Amundsen_Bellingshausen,3.965050324,0.388978868383564,0.388978868383564,0.540312197173086,FALSE,FALSE
1987-11-09,Amundsen_Bellingshausen,3.935123506,0.3703112595097066,0.3703112595097066,0.540312197173086,FALSE,FALSE
1987-11-10,Amundsen_Bellingshausen,3.907399258,0.3540131432739919,0.3540131432739919,0.540312197173086,FALSE,FALSE
1987-11-11,Amundsen_Bellingshausen,3.869780881,0.32797357613778466,0.32797357613778466,0.540312197173086,FALSE,FALSE
1987-11-12,Amundsen_Bellingshausen,3.86406921,0.33397912774148164,0.33397912774148164,0.540312197173086,FALSE,FALSE
1987-11-13,Amundsen_Bellingshausen,3.802113776,0.2838639119303634,0.2838639119303634,0.540312197173086,FALSE,FALSE
1987-11-14,Amundsen_Bellingshausen,3.780244818,0.2739410191613043,0.2739410191613043,0.540312197173086,FALSE,FALSE
1987-11-15,Amundsen_Bellingshausen,3.771744301,0.27747512308016997,0.27747512308016997,0.540312197173086,FALSE,FALSE
1987-11-16,Amundsen_Bellingshausen,3.744844637,0.26268134433281753,0.26268134433281753,0.540312197173086,FALSE,FALSE
1987-11-17,Amundsen_Bellingshausen,3.723618514,0.25361507956510954,0.25361507956510954,0.540312197173086,FALSE,FALSE
1987-11-18,Amundsen_Bellingshausen,3.6531291870000002,0.19532229242290544,0.19532229242290544,0.540312197173086,FALSE,FALSE
1987-11-19,Amundsen_Bellingshausen,3.665270573,0.2196796085520671,0.2196796085520671,0.540312197173086,FALSE,FALSE
1987-11-20,Amundsen_Bellingshausen,3.67373954,0.24036660459845297,0.24036660459845297,0.540312197173086,FALSE,FALSE
1987-11-21,Amundsen_Bellingshausen,3.678344813,0.2571747142079248,0.2571747142079248,0.540312197173086,FALSE,FALSE
1987-11-22,Amundsen_Bellingshausen,3.687400291,0.2784005450263458,0.2784005450263458,0.540312197173086,FALSE,FALSE
1987-11-23,Amundsen_Bellingshausen,3.686188967,0.2893097986995734,0.2893097986995734,0.540312197173086,FALSE,FALSE
1987-11-24,Amundsen_Bellingshausen,3.669914046,0.28508838887346855,0.28508838887346855,0.540312197173086,FALSE,FALSE
1987-11-25,Amundsen_Bellingshausen,3.639242667,0.26639090149801214,0.26639090149801214,0.540312197173086,FALSE,FALSE
1987-11-26,Amundsen_Bellingshausen,3.64213534,0.28120536930554074,0.28120536930554074,0.540312197173086,FALSE,FALSE
1987-11-27,Amundsen_Bellingshausen,3.57087991,0.22186731117073633,0.22186731117073633,0.540312197173086,FALSE,FALSE
1987-11-28,Amundsen_Bellingshausen,3.556658085,0.2196062616014891,0.2196062616014891,0.540312197173086,FALSE,FALSE
1987-11-29,Amundsen_Bellingshausen,3.540700105,0.21570028710567657,0.21570028710567657,0.540312197173086,FALSE,FALSE
1987-11-30,Amundsen_Bellingshausen,3.525137747,0.21232899119118495,0.21232899119118495,0.540312197173086,FALSE,FALSE
1987-12-01,Amundsen_Bellingshausen,3.500253806,0.19982299536589657,0.19982299536589657,0.540312197173086,FALSE,FALSE
1987-12-02,Amundsen_Bellingshausen,3.533946389,0.2461282331376955,0.2461282331376955,0.540312197173086,FALSE,FALSE
1988-01-14,Amundsen_Bellingshausen,1.264675486,-0.6241851583769016,0.6241851583769016,0.540312197173086,TRUE,TRUE
1988-01-15,Amundsen_Bellingshausen,1.256459994,-0.5971836363190444,0.5971836363190444,0.540312197173086,TRUE,TRUE
1988-01-16,Amundsen_Bellingshausen,1.229521061,-0.590346695872952,0.590346695872952,0.540312197173086,TRUE,TRUE
1988-01-17,Amundsen_Bellingshausen,1.207655015,-0.5798373731400226,0.5798373731400226,0.540312197173086,TRUE,TRUE
1988-01-18,Amundsen_Bellingshausen,1.198462599,-0.5580142892216575,0.5580142892216575,0.540312197173086,TRUE,TRUE
1988-01-19,Amundsen_Bellingshausen,1.179637903,-0.5471427182192556,0.5471427182192556,0.540312197173086,TRUE,TRUE
1988-01-20,Amundsen_Bellingshausen,1.153723647,-0.5446393042342188,0.5446393042342188,0.540312197173086,TRUE,TRUE
1988-01-21,Amundsen_Bellingshausen,1.126403945,-0.5447792973679453,0.5447792973679453,0.540312197173086,TRUE,TRUE
1988-01-22,Amundsen_Bellingshausen,1.093728566,-0.5514722927218361,0.5514722927218361,0.540312197173086,TRUE,TRUE
1988-01-23,Amundsen_Bellingshausen,1.073204272,-0.547170892397292,0.547170892397292,0.540312197173086,TRUE,TRUE
1988-01-24,Amundsen_Bellingshausen,1.053477792,-0.5431877314957108,0.5431877314957108,0.540312197173086,TRUE,TRUE
1988-01-25,Amundsen_Bellingshausen,1.038910948,-0.5351203521184951,0.5351203521184951,0.540312197173086,FALSE,FALSE
1988-01-26,Amundsen_Bellingshausen,1.024765982,-0.5276658763670434,0.5276658763670434,0.540312197173086,FALSE,FALSE
1988-01-27,Amundsen_Bellingshausen,1.020112895,-0.5117158714676446,0.5117158714676446,0.540312197173086,FALSE,FALSE
1988-01-28,Amundsen_Bellingshausen,1.002300952,-0.5098975613794516,0.5098975613794516,0.540312197173086,FALSE,FALSE
1988-01-29,Amundsen_Bellingshausen,1.001069137,-0.4924546380452768,0.4924546380452768,0.540312197173086,FALSE,FALSE
1988-01-30,Amundsen_Bellingshausen,1.00217448,-0.47361276733817714,0.47361276733817714,0.540312197173086,FALSE,FALSE
1988-01-31,Amundsen_Bellingshausen,0.998708893,-0.4602627331312038,0.4602627331312038,0.540312197173086,FALSE,FALSE
1988-02-01,Amundsen_Bellingshausen,1.002746748,-0.4403128592974104,0.4403128592974104,0.540312197173086,FALSE,FALSE
1988-02-02,Amundsen_Bellingshausen,1.001135072,-0.4268988147098509,0.4268988147098509,0.540312197173086,FALSE,FALSE
1988-02-03,Amundsen_Bellingshausen,1.010464206,-0.4034129542415774,0.4034129542415774,0.540312197173086,FALSE,FALSE
1988-02-04,Amundsen_Bellingshausen,0.998465614,-0.4021065097656421,0.4021065097656421,0.540312197173086,FALSE,FALSE
1988-02-05,Amundsen_Bellingshausen,0.967476994,-0.420624479155101,0.420624479155101,0.540312197173086,FALSE,FALSE
1988-02-06,Amundsen_Bellingshausen,0.983286878,-0.39316102628300487,0.39316102628300487,0.540312197173086,FALSE,FALSE
1988-02-07,Amundsen_Bellingshausen,0.984321474,-0.3812726390224072,0.3812726390224072,0.540312197173086,FALSE,FALSE
1988-02-08,Amundsen_Bellingshausen,0.977356471,-0.3781664098207964,0.3781664098207964,0.540312197173086,FALSE,FALSE
1988-02-09,Amundsen_Bellingshausen,0.957206827,-0.38902145994670745,0.38902145994670745,0.540312197173086,FALSE,FALSE
1988-02-10,Amundsen_Bellingshausen,0.975968128,-0.3617587513213209,0.3617587513213209,0.540312197173086,FALSE,FALSE
1988-02-11,Amundsen_Bellingshausen,0.979249999,-0.35078786341555623,0.35078786341555623,0.540312197173086,FALSE,FALSE
1988-02-12,Amundsen_Bellingshausen,0.972462887,-0.35071755370033575,0.35071755370033575,0.540312197173086,FALSE,FALSE
1988-02-13,Amundsen_Bellingshausen,0.972463906,-0.3447099126465809,0.3447099126465809,0.540312197173086,FALSE,FALSE
1988-02-14,Amundsen_Bellingshausen,0.968816535,-0.34322066572521104,0.34322066572521104,0.540312197173086,FALSE,FALSE
1988-02-15,Amundsen_Bellingshausen,0.961563216,-0.34622657540714874,0.34622657540714874,0.540312197173086,FALSE,FALSE
1988-02-16,Amundsen_Bellingshausen,0.952989394,-0.3514614011633159,0.3514614011633159,0.540312197173086,FALSE,FALSE
1988-02-17,Amundsen_Bellingshausen,0.970181422,-0.33185799446463116,0.33185799446463116,0.540312197173086,FALSE,FALSE
1988-02-18,Amundsen_Bellingshausen,0.980151291,-0.32042356878201705,0.32042356878201705,0.540312197173086,FALSE,FALSE
1988-02-19,Amundsen_Bellingshausen,0.963906749,-0.3361695805863958,0.3361695805863958,0.540312197173086,FALSE,FALSE
1988-02-20,Amundsen_Bellingshausen,0.959167395,-0.34139563534868633,0.34139563534868633,0.540312197173086,FALSE,FALSE
1988-02-21,Amundsen_Bellingshausen,0.935456491,-0.3665943526035048,0.3665943526035048,0.540312197173086,FALSE,FALSE
1988-02-22,Amundsen_Bellingshausen,0.931209767,-0.3733055978245782,0.3733055978245782,0.540312197173086,FALSE,FALSE
1988-02-23,Amundsen_Bellingshausen,0.890627684,-0.4172777054399188,0.4172777054399188,0.540312197173086,FALSE,FALSE
1988-02-24,Amundsen_Bellingshausen,0.89296283,-0.419206398413862,0.419206398413862,0.540312197173086,FALSE,FALSE
1988-02-25,Amundsen_Bellingshausen,0.875571841,-0.4416833517107501,0.4416833517107501,0.540312197173086,FALSE,FALSE
1988-02-26,Amundsen_Bellingshausen,0.873208174,-0.4499034192949214,0.4499034192949214,0.540312197173086,FALSE,FALSE
1988-02-27,Amundsen_Bellingshausen,0.919411266,-0.4102754751307156,0.4102754751307156,0.540312197173086,FALSE,FALSE
1988-02-28,Amundsen_Bellingshausen,0.943331714,-0.3935972331824707,0.3935972331824707,0.540312197173086,FALSE,FALSE
1988-03-01,Amundsen_Bellingshausen,0.981086285,-0.3721214927912253,0.3721214927912253,0.540312197173086,FALSE,FALSE
1988-03-02,Amundsen_Bellingshausen,1.026207968,-0.3359330562769032,0.3359330562769032,0.540312197173086,FALSE,FALSE
1988-03-03,Amundsen_Bellingshausen,1.070738522,-0.3007960508358998,0.3007960508358998,0.540312197173086,FALSE,FALSE
1988-03-04,Amundsen_Bellingshausen,1.094048641,-0.28728809675963207,0.28728809675963207,0.540312197173086,FALSE,FALSE
1988-03-05,Amundsen_Bellingshausen,1.094943081,-0.2965651286496993,0.2965651286496993,0.540312197173086,FALSE,FALSE
1988-03-06,Amundsen_Bellingshausen,1.073932764,-0.32811720767249786,0.32811720767249786,0.540312197173086,FALSE,FALSE
1988-03-07,Amundsen_Bellingshausen,1.071081333,-0.3418898598512503,0.3418898598512503,0.540312197173086,FALSE,FALSE
1988-03-08,Amundsen_Bellingshausen,1.06791612,-0.3563649222091805,0.3563649222091805,0.540312197173086,FALSE,FALSE
1988-03-09,Amundsen_Bellingshausen,1.085661771,-0.3503269177695112,0.3503269177695112,0.540312197173086,FALSE,FALSE
1988-03-10,Amundsen_Bellingshausen,1.076319699,-0.37178360255546616,0.37178360255546616,0.540312197173086,FALSE,FALSE
1988-03-11,Amundsen_Bellingshausen,1.10504548,-0.3555885695902683,0.3555885695902683,0.540312197173086,FALSE,FALSE
1988-03-12,Amundsen_Bellingshausen,1.126739412,-0.3468506898971433,0.3468506898971433,0.540312197173086,FALSE,FALSE
1988-03-13,Amundsen_Bellingshausen,1.191654724,-0.2953259034993112,0.2953259034993112,0.540312197173086,FALSE,FALSE
1988-03-14,Amundsen_Bellingshausen,1.19677896,-0.30403583541999657,0.30403583541999657,0.540312197173086,FALSE,FALSE
1988-03-15,Amundsen_Bellingshausen,1.18670009,-0.3284016846824249,0.3284016846824249,0.540312197173086,FALSE,FALSE
1988-03-16,Amundsen_Bellingshausen,1.197079502,-0.33277123230981664,0.33277123230981664,0.540312197173086,FALSE,FALSE
1988-03-17,Amundsen_Bellingshausen,1.195912171,-0.34915818154343814,0.34915818154343814,0.540312197173086,FALSE,FALSE
1988-03-18,Amundsen_Bellingshausen,1.191732205,-0.3690248454166796,0.3690248454166796,0.540312197173086,FALSE,FALSE
1988-03-19,Amundsen_Bellingshausen,1.215004584,-0.3618898438208302,0.3618898438208302,0.540312197173086,FALSE,FALSE
1988-03-20,Amundsen_Bellingshausen,1.240693036,-0.35277244500683325,0.35277244500683325,0.540312197173086,FALSE,FALSE
1988-03-21,Amundsen_Bellingshausen,1.246945962,-0.3635072442256324,0.3635072442256324,0.540312197173086,FALSE,FALSE
1988-03-22,Amundsen_Bellingshausen,1.231248371,-0.396592228728172,0.396592228728172,0.540312197173086,FALSE,FALSE
1988-03-23,Amundsen_Bellingshausen,1.247071379,-0.3985392787653925,0.3985392787653925,0.540312197173086,FALSE,FALSE
1988-03-24,Amundsen_Bellingshausen,1.247341071,-0.4164053055882404,0.4164053055882404,0.540312197173086,FALSE,FALSE
1988-03-25,Amundsen_Bellingshausen,1.246146769,-0.43608398344765775,0.43608398344765775,0.540312197173086,FALSE,FALSE
1988-03-26,Amundsen_Bellingshausen,1.242655774,-0.4583910075945872,0.4583910075945872,0.540312197173086,FALSE,FALSE
1988-03-27,Amundsen_Bellingshausen,1.246148565,-0.4740288952799731,0.4740288952799731,0.540312197173086,FALSE,FALSE
1988-03-28,Amundsen_Bellingshausen,1.26742563,-0.4721801547547593,0.4721801547547593,0.540312197173086,FALSE,FALSE
1988-03-29,Amundsen_Bellingshausen,1.298546159,-0.4607685922698881,0.4607685922698881,0.540312197173086,FALSE,FALSE
1988-03-30,Amundsen_Bellingshausen,1.340868838,-0.4384214777033477,0.4384214777033477,0.540312197173086,FALSE,FALSE
1988-03-31,Amundsen_Bellingshausen,1.371080987,-0.4284536243528907,0.4284536243528907,0.540312197173086,FALSE,FALSE
1988-04-01,Amundsen_Bellingshausen,1.416161418,-0.40389385314185033,0.40389385314185033,0.540312197173086,FALSE,FALSE
1988-04-02,Amundsen_Bellingshausen,1.431548594,-0.40931133854010193,0.40931133854010193,0.540312197173086,FALSE,FALSE
1988-04-03,Amundsen_Bellingshausen,1.447127347,-0.414828886017518,0.414828886017518,0.540312197173086,FALSE,FALSE
1988-04-04,Amundsen_Bellingshausen,1.459060223,-0.42429158704397296,0.42429158704397296,0.540312197173086,FALSE,FALSE
1988-04-05,Amundsen_Bellingshausen,1.448067444,-0.4569868570893352,0.4569868570893352,0.540312197173086,FALSE,FALSE
1988-04-06,Amundsen_Bellingshausen,1.479343258,-0.447728085623482,0.447728085623482,0.540312197173086,FALSE,FALSE
1988-04-07,Amundsen_Bellingshausen,1.542076883,-0.40733369211628245,0.40733369211628245,0.540312197173086,FALSE,FALSE
1988-04-08,Amundsen_Bellingshausen,1.559504716,-0.4125749170376116,0.4125749170376116,0.540312197173086,FALSE,FALSE
1988-04-09,Amundsen_Bellingshausen,1.584735648,-0.4103505068573423,0.4103505068573423,0.540312197173086,FALSE,FALSE
1988-04-10,Amundsen_Bellingshausen,1.587467809,-0.4309699690453468,0.4309699690453468,0.540312197173086,FALSE,FALSE
1988-04-11,Amundsen_Bellingshausen,1.615010368,-0.42713172296473,0.42713172296473,0.540312197173086,FALSE,FALSE
1988-04-12,Amundsen_Bellingshausen,1.654479699,-0.41172348312790286,0.41172348312790286,0.540312197173086,FALSE,FALSE
1988-04-13,Amundsen_Bellingshausen,1.69256575,-0.398053620574788,0.398053620574788,0.540312197173086,FALSE,FALSE
1988-04-14,Amundsen_Bellingshausen,1.737136005,-0.3782524314507474,0.3782524314507474,0.540312197173086,FALSE,FALSE
1988-04-15,Amundsen_Bellingshausen,1.77589793,-0.3646102299011533,0.3646102299011533,0.540312197173086,FALSE,FALSE
1988-04-16,Amundsen_Bellingshausen,1.817356381,-0.3486199400713679,0.3486199400713679,0.540312197173086,FALSE,FALSE
1988-04-17,Amundsen_Bellingshausen,1.8367495,-0.35504120010675666,0.35504120010675666,0.540312197173086,FALSE,FALSE
1988-04-18,Amundsen_Bellingshausen,1.836485292,-0.3814637851526886,0.3814637851526886,0.540312197173086,FALSE,FALSE
1988-04-19,Amundsen_Bellingshausen,1.843716559,-0.4007326733545289,0.4007326733545289,0.540312197173086,FALSE,FALSE
1988-04-20,Amundsen_Bellingshausen,1.862203573,-0.40908537285764446,0.40908537285764446,0.540312197173086,FALSE,FALSE
1988-04-21,Amundsen_Bellingshausen,1.877328274,-0.42113772380739967,0.42113772380739967,0.540312197173086,FALSE,FALSE
1988-04-22,Amundsen_Bellingshausen,1.878771097,-0.44720707134916093,0.44720707134916093,0.540312197173086,FALSE,FALSE
1988-04-23,Amundsen_Bellingshausen,1.91347117,-0.4403520676282964,0.4403520676282964,0.540312197173086,FALSE,FALSE
1988-04-24,Amundsen_Bellingshausen,1.964401189,-0.4175934556222341,0.4175934556222341,0.540312197173086,FALSE,FALSE
1988-04-25,Amundsen_Bellingshausen,2.014174456,-0.39627014222881973,0.39627014222881973,0.540312197173086,FALSE,FALSE
1988-04-26,Amundsen_Bellingshausen,2.046422409,-0.3926801143627947,0.3926801143627947,0.540312197173086,FALSE,FALSE
1988-04-27,Amundsen_Bellingshausen,2.071945245,-0.3959523599347912,0.3959523599347912,0.540312197173086,FALSE,FALSE
1988-04-28,Amundsen_Bellingshausen,2.118183545,-0.3785754828554486,0.3785754828554486,0.540312197173086,FALSE,FALSE
1988-04-29,Amundsen_Bellingshausen,2.144538539,-0.3810774380354056,0.3810774380354056,0.540312197173086,FALSE,FALSE
1988-04-30,Amundsen_Bellingshausen,2.152504813,-0.4018928243852993,0.4018928243852993,0.540312197173086,FALSE,FALSE
1988-05-01,Amundsen_Bellingshausen,2.176729769,-0.40630342481576687,0.40630342481576687,0.540312197173086,FALSE,FALSE
1988-05-02,Amundsen_Bellingshausen,2.219474092,-0.3919777392374444,0.3919777392374444,0.540312197173086,FALSE,FALSE
1988-05-03,Amundsen_Bellingshausen,2.260575259,-0.37900747556096714,0.37900747556096714,0.540312197173086,FALSE,FALSE
1988-05-04,Amundsen_Bellingshausen,2.300251324,-0.3671037646969766,0.3671037646969766,0.540312197173086,FALSE,FALSE
1988-05-05,Amundsen_Bellingshausen,2.335345772,-0.35935230655610617,0.35935230655610617,0.540312197173086,FALSE,FALSE
1988-05-06,Amundsen_Bellingshausen,2.348511416,-0.3730295120321232,0.3730295120321232,0.540312197173086,FALSE,FALSE
1988-05-07,Amundsen_Bellingshausen,2.450627832,-0.2972067627208994,0.2972067627208994,0.540312197173086,FALSE,FALSE
1988-05-08,Amundsen_Bellingshausen,2.490039321,-0.2835485588686395,0.2835485588686395,0.540312197173086,FALSE,FALSE
1988-05-09,Amundsen_Bellingshausen,2.511054403,-0.2877646990864,0.2877646990864,0.540312197173086,FALSE,FALSE
1988-05-10,Amundsen_Bellingshausen,2.526745882,-0.2968006979852431,0.2968006979852431,0.540312197173086,FALSE,FALSE
1988-05-11,Amundsen_Bellingshausen,2.58643021,-0.2613584221762264,0.2613584221762264,0.540312197173086,FALSE,FALSE
1988-05-12,Amundsen_Bellingshausen,2.623920503,-0.2476430742704081,0.2476430742704081,0.540312197173086,FALSE,FALSE
1988-05-13,Amundsen_Bellingshausen,2.697773713,-0.19711602087885136,0.19711602087885136,0.540312197173086,FALSE,FALSE
1988-05-14,Amundsen_Bellingshausen,2.784999777,-0.13278564361261402,0.13278564361261402,0.540312197173086,FALSE,FALSE
1988-05-15,Amundsen_Bellingshausen,2.82312406,-0.11714489608275391,0.11714489608275391,0.540312197173086,FALSE,FALSE
1988-05-16,Amundsen_Bellingshausen,2.875116137,-0.08724252190033299,0.08724252190033299,0.540312197173086,FALSE,FALSE
1988-05-17,Amundsen_Bellingshausen,2.873538691,-0.11053415667640952,0.11053415667640952,0.540312197173086,FALSE,FALSE
1988-05-18,Amundsen_Bellingshausen,2.875655431,-0.12977441002204282,0.12977441002204282,0.540312197173086,FALSE,FALSE
1988-05-19,Amundsen_Bellingshausen,2.855736441,-0.17071145493895523,0.17071145493895523,0.540312197173086,FALSE,FALSE
1988-05-20,Amundsen_Bellingshausen,2.832860502,-0.21428364322392035,0.21428364322392035,0.540312197173086,FALSE,FALSE
1988-05-21,Amundsen_Bellingshausen,2.833133974,-0.2344007654740743,0.2344007654740743,0.540312197173086,FALSE,FALSE
1988-05-22,Amundsen_Bellingshausen,2.821013973,-0.2666218232407269,0.2666218232407269,0.540312197173086,FALSE,FALSE
1988-05-23,Amundsen_Bellingshausen,2.817528253,-0.28993518007518126,0.28993518007518126,0.540312197173086,FALSE,FALSE
1988-05-24,Amundsen_Bellingshausen,2.847598296,-0.2794354715287466,0.2794354715287466,0.540312197173086,FALSE,FALSE
1988-05-25,Amundsen_Bellingshausen,2.917703655,-0.22865926215273105,0.22865926215273105,0.540312197173086,FALSE,FALSE
1988-05-26,Amundsen_Bellingshausen,2.962453504,-0.20301349549844083,0.20301349549844083,0.540312197173086,FALSE,FALSE
1988-05-27,Amundsen_Bellingshausen,2.998293364,-0.18606876811718287,0.18606876811718287,0.540312197173086,FALSE,FALSE
1988-05-28,Amundsen_Bellingshausen,3.017781296,-0.18528313656026363,0.18528313656026363,0.540312197173086,FALSE,FALSE
1988-05-29,Amundsen_Bellingshausen,2.990037357,-0.23155266137899264,0.23155266137899264,0.540312197173086,FALSE,FALSE
1988-05-30,Amundsen_Bellingshausen,3.028339934,-0.2116150731246762,0.2116150731246762,0.540312197173086,FALSE,FALSE
1988-05-31,Amundsen_Bellingshausen,3.066036853,-0.19213866334862173,0.19213866334862173,0.540312197173086,FALSE,FALSE
1988-06-01,Amundsen_Bellingshausen,3.09678445,-0.17947504533274117,0.17947504533274117,0.540312197173086,FALSE,FALSE
1988-06-02,Amundsen_Bellingshausen,3.128028667,-0.16614998971011907,0.16614998971011907,0.540312197173086,FALSE,FALSE
1988-06-03,Amundsen_Bellingshausen,3.146943527,-0.16495114098808727,0.16495114098808727,0.540312197173086,FALSE,FALSE
1988-06-04,Amundsen_Bellingshausen,3.170576331,-0.1587928653018742,0.1587928653018742,0.540312197173086,FALSE,FALSE
1988-06-05,Amundsen_Bellingshausen,3.198945393,-0.1476185157867156,0.1476185157867156,0.540312197173086,FALSE,FALSE
1988-06-06,Amundsen_Bellingshausen,3.253110136,-0.11033033657784276,0.11033033657784276,0.540312197173086,FALSE,FALSE
1988-06-07,Amundsen_Bellingshausen,3.320467483,-0.05949307181048757,0.05949307181048757,0.540312197173086,FALSE,FALSE
1988-06-08,Amundsen_Bellingshausen,3.379171573,-0.01691424961988374,0.01691424961988374,0.540312197173086,FALSE,FALSE
1988-06-09,Amundsen_Bellingshausen,3.415883088,0.00410514485873925,0.00410514485873925,0.540312197173086,FALSE,FALSE
1988-06-10,Amundsen_Bellingshausen,3.447685333,0.0206867494901437,0.0206867494901437,0.540312197173086,FALSE,FALSE
1988-06-11,Amundsen_Bellingshausen,3.468388737,0.0266793261390994,0.0266793261390994,0.540312197173086,FALSE,FALSE
1988-06-12,Amundsen_Bellingshausen,3.479132633,0.02326054067037564,0.02326054067037564,0.540312197173086,FALSE,FALSE
1988-06-13,Amundsen_Bellingshausen,3.471023628,0.00157430922324053,0.00157430922324053,0.540312197173086,FALSE,FALSE
1988-06-14,Amundsen_Bellingshausen,3.467074509,-0.01537440212859753,0.01537440212859753,0.540312197173086,FALSE,FALSE
1988-06-15,Amundsen_Bellingshausen,3.460634105,-0.03430649724522849,0.03430649724522849,0.540312197173086,FALSE,FALSE
1988-06-16,Amundsen_Bellingshausen,3.480283749,-0.02671486161191438,0.02671486161191438,0.540312197173086,FALSE,FALSE
1988-06-17,Amundsen_Bellingshausen,3.496380838,-0.02231631671391509,0.02231631671391509,0.540312197173086,FALSE,FALSE
1988-06-18,Amundsen_Bellingshausen,3.516341287,-0.01376916603648847,0.01376916603648847,0.540312197173086,FALSE,FALSE
1988-06-19,Amundsen_Bellingshausen,3.514129419,-0.02718330506489552,0.02718330506489552,0.540312197173086,FALSE,FALSE
1988-06-20,Amundsen_Bellingshausen,3.540271114,-0.01210707228439389,0.01210707228439389,0.540312197173086,FALSE,FALSE
1988-06-21,Amundsen_Bellingshausen,3.598166177,0.03478511881975565,0.03478511881975565,0.540312197173086,FALSE,FALSE
1988-06-22,Amundsen_Bellingshausen,3.613423063,0.03902750476229499,0.03902750476229499,0.540312197173086,FALSE,FALSE
1988-06-23,Amundsen_Bellingshausen,3.631928668,0.0464327630579624,0.0464327630579624,0.540312197173086,FALSE,FALSE
1988-06-24,Amundsen_Bellingshausen,3.652409692,0.05565337522150093,0.05565337522150093,0.540312197173086,FALSE,FALSE
1988-06-25,Amundsen_Bellingshausen,3.67217014,0.06391912776764874,0.06391912776764874,0.540312197173086,FALSE,FALSE
1988-06-26,Amundsen_Bellingshausen,3.695502422,0.07545732264939442,0.07545732264939442,0.540312197173086,FALSE,FALSE
1988-06-27,Amundsen_Bellingshausen,3.733321978,0.10118713489463892,0.10118713489463892,0.540312197173086,FALSE,FALSE
1988-06-28,Amundsen_Bellingshausen,3.693643087,0.04915803563831034,0.04915803563831034,0.540312197173086,FALSE,FALSE
1988-06-29,Amundsen_Bellingshausen,3.670398772,0.01333840175238521,0.01333840175238521,0.540312197173086,FALSE,FALSE
1988-06-30,Amundsen_Bellingshausen,3.706414757,0.03658931110884111,0.03658931110884111,0.540312197173086,FALSE,FALSE
1988-07-01,Amundsen_Bellingshausen,3.704210522,0.02146559757965205,0.02146559757965205,0.540312197173086,FALSE,FALSE
1988-07-02,Amundsen_Bellingshausen,3.712824808,0.0170413560367959,0.0170413560367959,0.540312197173086,FALSE,FALSE
1988-07-03,Amundsen_Bellingshausen,3.734181605,0.02527593035225006,0.02527593035225006,0.540312197173086,FALSE,FALSE
1988-07-04,Amundsen_Bellingshausen,3.759695556,0.03761931739798729,0.03761931739798729,0.540312197173086,FALSE,FALSE
1988-07-05,Amundsen_Bellingshausen,3.793412485,0.05815269504598719,0.05815269504598719,0.540312197173086,FALSE,FALSE
1988-07-06,Amundsen_Bellingshausen,3.7956342,0.04721322516822646,0.04721322516822646,0.540312197173086,FALSE,FALSE
1988-07-07,Amundsen_Bellingshausen,3.797916567,0.03639212763668009,0.03639212763668009,0.540312197173086,FALSE,FALSE
1988-07-08,Amundsen_Bellingshausen,3.836443868,0.06190900200991089,0.06190900200991089,0.540312197173086,FALSE,FALSE
1988-07-09,Amundsen_Bellingshausen,3.874910484,0.08748648405548298,0.08748648405548298,0.540312197173086,FALSE,FALSE
1988-07-10,Amundsen_Bellingshausen,3.911010498,0.11083145480334045,0.11083145480334045,0.540312197173086,FALSE,FALSE
1988-07-11,Amundsen_Bellingshausen,3.951401474,0.13861223079586127,0.13861223079586127,0.540312197173086,FALSE,FALSE
1988-07-12,Amundsen_Bellingshausen,3.952143478,0.1268996305754233,0.1268996305754233,0.540312197173086,FALSE,FALSE
1988-07-13,Amundsen_Bellingshausen,3.997299687,0.1597675836844079,0.1597675836844079,0.540312197173086,FALSE,FALSE
1988-07-14,Amundsen_Bellingshausen,4.002517554,0.15287429566519428,0.15287429566519428,0.540312197173086,FALSE,FALSE
1988-07-15,Amundsen_Bellingshausen,3.989303488,0.12773692806015813,0.12773692806015813,0.540312197173086,FALSE,FALSE
1988-07-16,Amundsen_Bellingshausen,3.952609702,0.07931844641167984,0.07931844641167984,0.540312197173086,FALSE,FALSE
1988-07-17,Amundsen_Bellingshausen,3.920709908,0.03590331526214241,0.03590331526214241,0.540312197173086,FALSE,FALSE
1988-07-18,Amundsen_Bellingshausen,3.922612009,0.02651019015391798,0.02651019015391798,0.540312197173086,FALSE,FALSE
1988-07-19,Amundsen_Bellingshausen,3.929160401,0.02199421962938652,0.02199421962938652,0.540312197173086,FALSE,FALSE
1988-07-20,Amundsen_Bellingshausen,3.932141695,0.01415276723093095,0.01415276723093095,0.540312197173086,FALSE,FALSE
1988-07-21,Amundsen_Bellingshausen,3.961827386,0.03326836045500458,0.03326836045500458,0.540312197173086,FALSE,FALSE
1988-07-22,Amundsen_Bellingshausen,3.997866481,0.05900490280755344,0.05900490280755344,0.540312197173086,FALSE,FALSE
1988-07-23,Amundsen_Bellingshausen,3.988601883,0.03972301042438975,0.03972301042438975,0.540312197173086,FALSE,FALSE
1988-07-24,Amundsen_Bellingshausen,4.001290042,0.04269691033345069,0.04269691033345069,0.540312197173086,FALSE,FALSE
1988-07-25,Amundsen_Bellingshausen,4.037497465,0.06951088656267457,0.06951088656267457,0.540312197173086,FALSE,FALSE
1988-07-26,Amundsen_Bellingshausen,4.037506743,0.06046530714000209,0.06046530714000209,0.540312197173086,FALSE,FALSE
1988-07-27,Amundsen_Bellingshausen,4.000677305,0.01493737809336348,0.01493737809336348,0.540312197173086,FALSE,FALSE
1988-07-28,Amundsen_Bellingshausen,3.933647368,-0.06041690654929699,0.06041690654929699,0.540312197173086,FALSE,FALSE
1988-07-29,Amundsen_Bellingshausen,3.876894715,-0.12510198676004913,0.12510198676004913,0.540312197173086,FALSE,FALSE
1988-07-30,Amundsen_Bellingshausen,3.835086409,-0.17443302251094872,0.17443302251094872,0.540312197173086,FALSE,FALSE
1988-07-31,Amundsen_Bellingshausen,3.867534554,-0.14908013277405852,0.14908013277405852,0.540312197173086,FALSE,FALSE
1988-08-01,Amundsen_Bellingshausen,3.872137437,-0.1511272535214463,0.1511272535214463,0.540312197173086,FALSE,FALSE
1988-08-02,Amundsen_Bellingshausen,3.933742181,-0.09570948525266187,0.09570948525266187,0.540312197173086,FALSE,FALSE
1988-08-03,Amundsen_Bellingshausen,3.97551939,-0.05965268760063713,0.05965268760063713,0.540312197173086,FALSE,FALSE
1988-08-04,Amundsen_Bellingshausen,4.086340338,0.04586658013990696,0.04586658013990696,0.540312197173086,FALSE,FALSE
1988-08-05,Amundsen_Bellingshausen,4.080694383,0.03527826320293403,0.03527826320293403,0.540312197173086,FALSE,FALSE
1988-08-06,Amundsen_Bellingshausen,4.10008807,0.05002949382239752,0.05002949382239752,0.540312197173086,FALSE,FALSE
1988-08-07,Amundsen_Bellingshausen,4.166587624,0.11212708423225948,0.11212708423225948,0.540312197173086,FALSE,FALSE
1988-08-08,Amundsen_Bellingshausen,4.176417837,0.11773641366647158,0.11773641366647158,0.540312197173086,FALSE,FALSE
1988-08-09,Amundsen_Bellingshausen,4.236512263,0.17373162335899206,0.17373162335899206,0.540312197173086,FALSE,FALSE
1988-08-10,Amundsen_Bellingshausen,4.236860819,0.1700432175437845,0.1700432175437845,0.540312197173086,FALSE,FALSE
1988-08-11,Amundsen_Bellingshausen,4.225092071,0.15424034945479814,0.15424034945479814,0.540312197173086,FALSE,FALSE
1988-08-12,Amundsen_Bellingshausen,4.15796993,0.08302751732599667,0.08302751732599667,0.540312197173086,FALSE,FALSE
1988-08-13,Amundsen_Bellingshausen,4.148431683,0.06928259539133208,0.06928259539133208,0.540312197173086,FALSE,FALSE
1988-08-14,Amundsen_Bellingshausen,4.156694445,0.07316328588476484,0.07316328588476484,0.540312197173086,FALSE,FALSE
1988-08-15,Amundsen_Bellingshausen,4.170836504,0.08269062567974128,0.08269062567974128,0.540312197173086,FALSE,FALSE
1988-08-16,Amundsen_Bellingshausen,4.178634859,0.08564861165228166,0.08564861165228166,0.540312197173086,FALSE,FALSE
1988-08-17,Amundsen_Bellingshausen,4.215655033,0.117683302728957,0.117683302728957,0.540312197173086,FALSE,FALSE
1988-08-18,Amundsen_Bellingshausen,4.220777351,0.11775958991160795,0.11775958991160795,0.540312197173086,FALSE,FALSE
1988-08-19,Amundsen_Bellingshausen,4.322636082,0.2145963082020712,0.2145963082020712,0.540312197173086,FALSE,FALSE
1988-08-20,Amundsen_Bellingshausen,4.411541414,0.2985882116021772,0.2985882116021772,0.540312197173086,FALSE,FALSE
1988-08-21,Amundsen_Bellingshausen,4.442971166,0.32529768511376744,0.32529768511376744,0.540312197173086,FALSE,FALSE
1988-08-22,Amundsen_Bellingshausen,4.443352438,0.3212363947386745,0.3212363947386745,0.540312197173086,FALSE,FALSE
1988-08-23,Amundsen_Bellingshausen,4.433596643,0.30740031947873714,0.30740031947873714,0.540312197173086,FALSE,FALSE
1988-08-24,Amundsen_Bellingshausen,4.435913386,0.30608363033579433,0.30608363033579433,0.540312197173086,FALSE,FALSE
1988-08-25,Amundsen_Bellingshausen,4.429987104,0.29705533031167075,0.29705533031167075,0.540312197173086,FALSE,FALSE
1988-08-26,Amundsen_Bellingshausen,4.422276656,0.28685884440821674,0.28685884440821674,0.540312197173086,FALSE,FALSE
1988-08-27,Amundsen_Bellingshausen,4.437108023,0.29990471962725707,0.29990471962725707,0.540312197173086,FALSE,FALSE
1988-08-28,Amundsen_Bellingshausen,4.446094037,0.30787536249362013,0.30787536249362013,0.540312197173086,FALSE,FALSE
1988-08-29,Amundsen_Bellingshausen,4.496715119,0.35822965489224234,0.35822965489224234,0.540312197173086,FALSE,FALSE
1988-08-30,Amundsen_Bellingshausen,4.539018343,0.400958897411015,0.400958897411015,0.540312197173086,FALSE,FALSE
1988-08-31,Amundsen_Bellingshausen,4.597104882,0.4601084282327408,0.4601084282327408,0.540312197173086,FALSE,FALSE
1988-09-01,Amundsen_Bellingshausen,4.552116666,0.4167643425402181,0.4167643425402181,0.540312197173086,FALSE,FALSE
1988-09-02,Amundsen_Bellingshausen,4.531748865,0.39856597551625494,0.39856597551625494,0.540312197173086,FALSE,FALSE
1988-09-03,Amundsen_Bellingshausen,4.541592828,0.41104884134364905,0.41104884134364905,0.540312197173086,FALSE,FALSE
1988-09-04,Amundsen_Bellingshausen,4.509013805,0.3815223552052052,0.3815223552052052,0.540312197173086,FALSE,FALSE
1988-09-05,Amundsen_Bellingshausen,4.495440031,0.3713589172837235,0.3713589172837235,0.540312197173086,FALSE,FALSE
1988-09-06,Amundsen_Bellingshausen,4.479886132,0.3595173187620073,0.3595173187620073,0.540312197173086,FALSE,FALSE
1988-09-07,Amundsen_Bellingshausen,4.476523511,0.36011312782285554,0.36011312782285554,0.540312197173086,FALSE,FALSE
1988-09-08,Amundsen_Bellingshausen,4.446668989,0.33440733064907224,0.33440733064907224,0.540312197173086,FALSE,FALSE
1988-09-09,Amundsen_Bellingshausen,4.37637955,0.26840133294944035,0.26840133294944035,0.540312197173086,FALSE,FALSE
1988-09-10,Amundsen_Bellingshausen,4.280218885,0.17662759986459697,0.17662759986459697,0.540312197173086,FALSE,FALSE
1988-09-11,Amundsen_Bellingshausen,4.286858589,0.18777056889229016,0.18777056889229016,0.540312197173086,FALSE,FALSE
1988-09-12,Amundsen_Bellingshausen,4.234128768,0.13967782854408384,0.13967782854408384,0.540312197173086,FALSE,FALSE
1988-09-13,Amundsen_Bellingshausen,4.189715271,0.10005271033154628,0.10005271033154628,0.540312197173086,FALSE,FALSE
1988-09-14,Amundsen_Bellingshausen,4.260875604,0.17617020276622863,0.17617020276622863,0.540312197173086,FALSE,FALSE
1988-09-15,Amundsen_Bellingshausen,4.262333158,0.182771179359702,0.182771179359702,0.540312197173086,FALSE,FALSE
1988-09-16,Amundsen_Bellingshausen,4.284270218,0.2100554076235248,0.2100554076235248,0.540312197173086,FALSE,FALSE
1988-09-17,Amundsen_Bellingshausen,4.391164932,0.32251851806925824,0.32251851806925824,0.540312197173086,FALSE,FALSE
1988-09-18,Amundsen_Bellingshausen,4.412585424,0.34974611720847015,0.34974611720847015,0.540312197173086,FALSE,FALSE
1988-09-19,Amundsen_Bellingshausen,4.396389027,0.33961302055272036,0.33961302055272036,0.540312197173086,FALSE,FALSE
1988-09-20,Amundsen_Bellingshausen,4.428301508,0.3778624776135695,0.3778624776135695,0.540312197173086,FALSE,FALSE
1988-09-21,Amundsen_Bellingshausen,4.408736101,0.3649252049025806,0.3649252049025806,0.540312197173086,FALSE,FALSE
1988-09-22,Amundsen_Bellingshausen,4.506281044,0.4694063418561294,0.4694063418561294,0.540312197173086,FALSE,FALSE
1988-09-23,Amundsen_Bellingshausen,4.447389365,0.41776959684693793,0.41776959684693793,0.540312197173086,FALSE,FALSE
1988-09-24,Amundsen_Bellingshausen,4.372589449,0.35055026145490853,0.35055026145490853,0.540312197173086,FALSE,FALSE
1988-09-25,Amundsen_Bellingshausen,4.301222343,0.2870962363094538,0.2870962363094538,0.540312197173086,FALSE,FALSE
1988-09-26,Amundsen_Bellingshausen,4.29359448,0.2877208080399969,0.2877208080399969,0.540312197173086,FALSE,FALSE
1988-09-27,Amundsen_Bellingshausen,4.299369113,0.30209408327595266,0.30209408327595266,0.540312197173086,FALSE,FALSE
1988-09-28,Amundsen_Bellingshausen,4.321454116,0.3331307896467419,0.3331307896467419,0.540312197173086,FALSE,FALSE
1988-09-29,Amundsen_Bellingshausen,4.329314281,0.3503025727817799,0.3503025727817799,0.540312197173086,FALSE,FALSE
1988-09-30,Amundsen_Bellingshausen,4.291060211,0.3217268893104883,0.3217268893104883,0.540312197173086,FALSE,FALSE
1988-10-01,Amundsen_Bellingshausen,4.325414647,0.3661333338622845,0.3661333338622845,0.540312197173086,FALSE,FALSE
1988-10-02,Amundsen_Bellingshausen,4.285883357,0.3370345280665883,0.3370345280665883,0.540312197173086,FALSE,FALSE
1988-10-03,Amundsen_Bellingshausen,4.266810091,0.32878107555281577,0.32878107555281577,0.540312197173086,FALSE,FALSE
1988-10-04,Amundsen_Bellingshausen,4.222034844,0.2952198098421528,0.2952198098421528,0.540312197173086,FALSE,FALSE
1988-10-05,Amundsen_Bellingshausen,4.189255897,0.2740375750893085,0.2740375750893085,0.540312197173086,FALSE,FALSE
1988-10-06,Amundsen_Bellingshausen,4.116711609,0.2134075355575984,0.2134075355575984,0.540312197173086,FALSE,FALSE
1988-10-07,Amundsen_Bellingshausen,4.053748913,0.16260159461012114,0.16260159461012114,0.540312197173086,FALSE,FALSE
1988-10-08,Amundsen_Bellingshausen,4.011125546,0.13230245960997378,0.13230245960997378,0.540312197173086,FALSE,FALSE
1988-10-09,Amundsen_Bellingshausen,3.993345143,0.12693873592024918,0.12693873592024918,0.540312197173086,FALSE,FALSE
1988-10-10,Amundsen_Bellingshausen,4.013669824,0.1596975139040464,0.1596975139040464,0.540312197173086,FALSE,FALSE
1988-10-11,Amundsen_Bellingshausen,4.032390377,0.19079455192446204,0.19079455192446204,0.540312197173086,FALSE,FALSE
1988-10-12,Amundsen_Bellingshausen,4.073904412,0.2445524303445921,0.2445524303445921,0.540312197173086,FALSE,FALSE
1988-10-13,Amundsen_Bellingshausen,4.055766159,0.2384503495275352,0.2384503495275352,0.540312197173086,FALSE,FALSE
1988-10-14,Amundsen_Bellingshausen,4.025494254,0.2199319158363844,0.2199319158363844,0.540312197173086,FALSE,FALSE
1988-10-15,Amundsen_Bellingshausen,4.02177883,0.2276122326342378,0.2276122326342378,0.540312197173086,FALSE,FALSE
1988-10-16,Amundsen_Bellingshausen,4.066964408,0.28376079128419285,0.28376079128419285,0.540312197173086,FALSE,FALSE
1988-10-17,Amundsen_Bellingshausen,4.038780392,0.2660352585883219,0.2660352585883219,0.540312197173086,FALSE,FALSE
1988-10-18,Amundsen_Bellingshausen,4.013592523,0.25079956877700393,0.25079956877700393,0.540312197173086,FALSE,FALSE
1988-10-19,Amundsen_Bellingshausen,4.063391843,0.3101098116392702,0.3101098116392702,0.540312197173086,FALSE,FALSE
1988-10-20,Amundsen_Bellingshausen,4.102992762,0.35884812183898207,0.35884812183898207,0.540312197173086,FALSE,FALSE
1988-10-21,Amundsen_Bellingshausen,4.098195925,0.3628828690399968,0.3628828690399968,0.540312197173086,FALSE,FALSE
1988-10-22,Amundsen_Bellingshausen,4.087798489,0.3610789349061805,0.3610789349061805,0.540312197173086,FALSE,FALSE
1988-10-23,Amundsen_Bellingshausen,4.0696486609999996,0.35135225110138846,0.35135225110138846,0.540312197173086,FALSE,FALSE
1988-10-24,Amundsen_Bellingshausen,4.051308286,0.34133238728948445,0.34133238728948445,0.540312197173086,FALSE,FALSE
1988-10-25,Amundsen_Bellingshausen,4.060991026,0.3593007301343265,0.3593007301343265,0.540312197173086,FALSE,FALSE
1988-10-26,Amundsen_Bellingshausen,4.066220259,0.3728483822997779,0.3728483822997779,0.540312197173086,FALSE,FALSE
1988-10-27,Amundsen_Bellingshausen,4.035788559,0.350835642449697,0.350835642449697,0.540312197173086,FALSE,FALSE
1988-10-28,Amundsen_Bellingshausen,3.98657974,0.3102140492479446,0.3102140492479446,0.540312197173086,FALSE,FALSE
1988-10-29,Amundsen_Bellingshausen,3.965152973,0.2976104983583827,0.2976104983583827,0.540312197173086,FALSE,FALSE
1988-10-30,Amundsen_Bellingshausen,3.94496578,0.28653921098385027,0.28653921098385027,0.540312197173086,FALSE,FALSE
1988-10-31,Amundsen_Bellingshausen,3.919358571,0.27034302661396703,0.27034302661396703,0.540312197173086,FALSE,FALSE
1988-11-01,Amundsen_Bellingshausen,3.907617237,0.26829359619131354,0.26829359619131354,0.540312197173086,FALSE,FALSE
1988-11-02,Amundsen_Bellingshausen,3.864559932,0.23519482917725032,0.23519482917725032,0.540312197173086,FALSE,FALSE
1988-11-03,Amundsen_Bellingshausen,3.848650691,0.22949651603314347,0.22949651603314347,0.540312197173086,FALSE,FALSE
1988-11-04,Amundsen_Bellingshausen,3.840257326,0.2315522242203567,0.2315522242203567,0.540312197173086,FALSE,FALSE
1988-11-05,Amundsen_Bellingshausen,3.821752497,0.22372036920025584,0.22372036920025584,0.540312197173086,FALSE,FALSE
1988-11-06,Amundsen_Bellingshausen,3.818675862,0.23152636443420296,0.23152636443420296,0.540312197173086,FALSE,FALSE
1988-11-07,Amundsen_Bellingshausen,3.800021166,0.22394971038356415,0.22394971038356415,0.540312197173086,FALSE,FALSE
1988-11-08,Amundsen_Bellingshausen,3.780830438,0.2160181915097068,0.2160181915097068,0.540312197173086,FALSE,FALSE
1988-11-09,Amundsen_Bellingshausen,3.776305936,0.222919821273992,0.222919821273992,0.540312197173086,FALSE,FALSE
1988-11-10,Amundsen_Bellingshausen,3.728985982,0.1871786771377848,0.1871786771377848,0.540312197173086,FALSE,FALSE
1988-11-11,Amundsen_Bellingshausen,3.743485309,0.2133952267414818,0.2133952267414818,0.540312197173086,FALSE,FALSE
1988-11-12,Amundsen_Bellingshausen,3.766057654,0.24780778993036323,0.24780778993036323,0.540312197173086,FALSE,FALSE
1988-11-13,Amundsen_Bellingshausen,3.775963786,0.26965998716130457,0.26965998716130457,0.540312197173086,FALSE,FALSE
1988-11-14,Amundsen_Bellingshausen,3.747465332,0.25319615408016993,0.25319615408016993,0.540312197173086,FALSE,FALSE
1988-11-15,Amundsen_Bellingshausen,3.727264181,0.2451008883328174,0.2451008883328174,0.540312197173086,FALSE,FALSE
1988-11-16,Amundsen_Bellingshausen,3.669057064,0.19905362956510952,0.19905362956510952,0.540312197173086,FALSE,FALSE
1988-11-17,Amundsen_Bellingshausen,3.677448312,0.21964141742290533,0.21964141742290533,0.540312197173086,FALSE,FALSE
1988-11-18,Amundsen_Bellingshausen,3.672096935,0.22650597055206712,0.22650597055206712,0.540312197173086,FALSE,FALSE
1988-11-19,Amundsen_Bellingshausen,3.637734978,0.20436204259845292,0.20436204259845292,0.540312197173086,FALSE,FALSE
1988-11-20,Amundsen_Bellingshausen,3.630341903,0.2091718042079251,0.2091718042079251,0.540312197173086,FALSE,FALSE
1988-11-21,Amundsen_Bellingshausen,3.614548737,0.20554899102634572,0.20554899102634572,0.540312197173086,FALSE,FALSE
1988-11-22,Amundsen_Bellingshausen,3.596109073,0.19922990469957336,0.19922990469957336,0.540312197173086,FALSE,FALSE
1988-11-23,Amundsen_Bellingshausen,3.589214071,0.20438841387346815,0.20438841387346815,0.540312197173086,FALSE,FALSE
1988-11-24,Amundsen_Bellingshausen,3.576508776,0.203657010498012,0.203657010498012,0.540312197173086,FALSE,FALSE
1988-11-25,Amundsen_Bellingshausen,3.564512322,0.20358235130554103,0.20358235130554103,0.540312197173086,FALSE,FALSE
1988-11-26,Amundsen_Bellingshausen,3.555125374,0.20611277517073656,0.20611277517073656,0.540312197173086,FALSE,FALSE
1988-11-27,Amundsen_Bellingshausen,3.548722238,0.21167041460148897,0.21167041460148897,0.540312197173086,FALSE,FALSE
1988-11-28,Amundsen_Bellingshausen,3.533373004,0.20837318610567657,0.20837318610567657,0.540312197173086,FALSE,FALSE
1988-11-29,Amundsen_Bellingshausen,3.514078273,0.2012695171911849,0.2012695171911849,0.540312197173086,FALSE,FALSE
1988-11-30,Amundsen_Bellingshausen,3.478174491,0.1777436803658965,0.1777436803658965,0.540312197173086,FALSE,FALSE
1988-12-01,Amundsen_Bellingshausen,3.444751107,0.15693295113769556,0.15693295113769556,0.540312197173086,FALSE,FALSE
1988-12-02,Amundsen_Bellingshausen,3.424067017,0.149144052014464,0.149144052014464,0.540312197173086,FALSE,FALSE
1988-12-03,Amundsen_Bellingshausen,3.403493504,0.1417960925040882,0.1417960925040882,0.540312197173086,FALSE,FALSE
1988-12-04,Amundsen_Bellingshausen,3.387574919,0.13948125011444867,0.13948125011444867,0.540312197173086,FALSE,FALSE
1988-12-05,Amundsen_Bellingshausen,3.385129553,0.15106564235343134,0.15106564235343134,0.540312197173086,FALSE,FALSE
1988-12-06,Amundsen_Bellingshausen,3.383396785,0.1638365454947346,0.1638365454947346,0.540312197173086,FALSE,FALSE
1988-12-07,Amundsen_Bellingshausen,3.390185408,0.18567261778575972,0.18567261778575972,0.540312197173086,FALSE,FALSE
1988-12-08,Amundsen_Bellingshausen,3.369732445,0.1809337261603119,0.1809337261603119,0.540312197173086,FALSE,FALSE
1988-12-09,Amundsen_Bellingshausen,3.345065353,0.17277799768528324,0.17277799768528324,0.540312197173086,FALSE,FALSE
1988-12-10,Amundsen_Bellingshausen,3.34034059,0.18549256042757012,0.18549256042757012,0.540312197173086,FALSE,FALSE
1988-12-11,Amundsen_Bellingshausen,3.311230492,0.1748804204540635,0.1748804204540635,0.540312197173086,FALSE,FALSE
1988-12-12,Amundsen_Bellingshausen,3.26642367,0.14976085883166323,0.14976085883166323,0.540312197173086,FALSE,FALSE
1988-12-13,Amundsen_Bellingshausen,3.234870631,0.13921505262725686,0.13921505262725686,0.540312197173086,FALSE,FALSE
1988-12-14,Amundsen_Bellingshausen,3.18887323,0.11567552690774274,0.11567552690774274,0.540312197173086,FALSE,FALSE
1988-12-15,Amundsen_Bellingshausen,3.163870957,0.11471244174001516,0.11471244174001516,0.540312197173086,FALSE,FALSE
1988-12-16,Amundsen_Bellingshausen,3.155517259,0.13210991419096718,0.13210991419096718,0.540312197173086,FALSE,FALSE
1988-12-17,Amundsen_Bellingshausen,3.121066382,0.12525286032749383,0.12525286032749383,0.540312197173086,FALSE,FALSE
1988-12-18,Amundsen_Bellingshausen,3.074374124,0.1081277482164893,0.1081277482164893,0.540312197173086,FALSE,FALSE
1988-12-19,Amundsen_Bellingshausen,3.027643909,0.09305872705840468,0.09305872705840468,0.540312197173086,FALSE,FALSE
1988-12-20,Amundsen_Bellingshausen,3.008802423,0.10793596054613186,0.10793596054613186,0.540312197173086,FALSE,FALSE
1988-12-21,Amundsen_Bellingshausen,3.004380846,0.1391285881101476,0.1391285881101476,0.540312197173086,FALSE,FALSE
1988-12-22,Amundsen_Bellingshausen,2.995037932,0.16712982537324494,0.16712982537324494,0.540312197173086,FALSE,FALSE
1988-12-23,Amundsen_Bellingshausen,2.983267314,0.19426776695820536,0.19426776695820536,0.540312197173086,FALSE,FALSE
1988-12-24,Amundsen_Bellingshausen,2.978640707,0.2299485894878175,0.2299485894878175,0.540312197173086,FALSE,FALSE
1988-12-25,Amundsen_Bellingshausen,2.962436723,0.25528536658486933,0.25528536658486933,0.540312197173086,FALSE,FALSE
1988-12-26,Amundsen_Bellingshausen,2.912652187,0.24810938487214915,0.24810938487214915,0.540312197173086,FALSE,FALSE
1988-12-27,Amundsen_Bellingshausen,2.84721369,0.22618169697243973,0.22618169697243973,0.540312197173086,FALSE,FALSE
1988-12-28,Amundsen_Bellingshausen,2.7839232799999998,0.20713881250852895,0.20713881250852895,0.540312197173086,FALSE,FALSE
1988-12-29,Amundsen_Bellingshausen,2.781442517,0.2494767531032105,0.2494767531032105,0.540312197173086,FALSE,FALSE
1988-12-30,Amundsen_Bellingshausen,2.720656183,0.23391476237926367,0.23391476237926367,0.540312197173086,FALSE,FALSE
1988-12-31,Amundsen_Bellingshausen,2.659392125,0.21811514895947592,0.21811514895947592,0.540312197173086,FALSE,FALSE
1989-01-01,Amundsen_Bellingshausen,2.549074966,0.10779798995947588,0.10779798995947588,0.540312197173086,FALSE,FALSE
1989-01-02,Amundsen_Bellingshausen,2.481965766,0.08623455547267111,0.08623455547267111,0.540312197173086,FALSE,FALSE
1989-01-03,Amundsen_Bellingshausen,2.427714156,0.07747828357181152,0.07747828357181152,0.540312197173086,FALSE,FALSE
1989-01-04,Amundsen_Bellingshausen,2.31523539,0.01031943791590395,0.01031943791590395,0.540312197173086,FALSE,FALSE
1989-01-05,Amundsen_Bellingshausen,2.262378362,0.00248192216393894,0.00248192216393894,0.540312197173086,FALSE,FALSE
1989-01-06,Amundsen_Bellingshausen,2.191593789,-0.02370853702507913,0.02370853702507913,0.540312197173086,FALSE,FALSE
1989-01-07,Amundsen_Bellingshausen,2.136082176,-0.03517642499215467,0.03517642499215467,0.540312197173086,FALSE,FALSE
1989-01-08,Amundsen_Bellingshausen,2.087421277,-0.04046897807828653,0.04046897807828653,0.540312197173086,FALSE,FALSE
1989-01-09,Amundsen_Bellingshausen,2.005028012,-0.08029426662447481,0.08029426662447481,0.540312197173086,FALSE,FALSE
1989-01-10,Amundsen_Bellingshausen,1.979152686,-0.0645269759717193,0.0645269759717193,0.540312197173086,FALSE,FALSE
1989-01-11,Amundsen_Bellingshausen,1.92000807,-0.08307932546102248,0.08307932546102248,0.540312197173086,FALSE,FALSE
1989-01-12,Amundsen_Bellingshausen,1.911016513,-0.05265395643338433,0.05265395643338433,0.540312197173086,FALSE,FALSE
1989-01-13,Amundsen_Bellingshausen,1.893912118,-0.0316417562298037,0.0316417562298037,0.540312197173086,FALSE,FALSE
1989-01-14,Amundsen_Bellingshausen,1.817938577,-0.07092206737690154,0.07092206737690154,0.540312197173086,FALSE,FALSE
1989-01-15,Amundsen_Bellingshausen,1.735243485,-0.1184001453190444,0.1184001453190444,0.540312197173086,FALSE,FALSE
1989-01-16,Amundsen_Bellingshausen,1.730293459,-0.0895742978729519,0.0895742978729519,0.540312197173086,FALSE,FALSE
1989-01-17,Amundsen_Bellingshausen,1.672288832,-0.11520355614002264,0.11520355614002264,0.540312197173086,FALSE,FALSE
1989-01-18,Amundsen_Bellingshausen,1.628688826,-0.1277880622216574,0.1277880622216574,0.540312197173086,FALSE,FALSE
1989-01-19,Amundsen_Bellingshausen,1.566453973,-0.16032664821925555,0.16032664821925555,0.540312197173086,FALSE,FALSE
1989-01-20,Amundsen_Bellingshausen,1.541047232,-0.15731571923421894,0.15731571923421894,0.540312197173086,FALSE,FALSE
1989-01-21,Amundsen_Bellingshausen,1.497408614,-0.17377462836794533,0.17377462836794533,0.540312197173086,FALSE,FALSE
1989-01-22,Amundsen_Bellingshausen,1.477362789,-0.167838069721836,0.167838069721836,0.540312197173086,FALSE,FALSE
1989-01-23,Amundsen_Bellingshausen,1.437036648,-0.18333851639729185,0.18333851639729185,0.540312197173086,FALSE,FALSE
1989-01-24,Amundsen_Bellingshausen,1.411814295,-0.18485122849571067,0.18485122849571067,0.540312197173086,FALSE,FALSE
1989-01-25,Amundsen_Bellingshausen,1.383122216,-0.19090908411849505,0.19090908411849505,0.540312197173086,FALSE,FALSE
1989-01-26,Amundsen_Bellingshausen,1.37835555,-0.17407630836704335,0.17407630836704335,0.540312197173086,FALSE,FALSE
1989-01-27,Amundsen_Bellingshausen,1.374869998,-0.15695876846764456,0.15695876846764456,0.540312197173086,FALSE,FALSE
1989-01-28,Amundsen_Bellingshausen,1.353574615,-0.15862389837945146,0.15862389837945146,0.540312197173086,FALSE,FALSE
1989-01-29,Amundsen_Bellingshausen,1.337052175,-0.15647160004527683,0.15647160004527683,0.540312197173086,FALSE,FALSE
1989-01-30,Amundsen_Bellingshausen,1.316959337,-0.15882791033817734,0.15882791033817734,0.540312197173086,FALSE,FALSE
1989-01-31,Amundsen_Bellingshausen,1.307929484,-0.15104214213120382,0.15104214213120382,0.540312197173086,FALSE,FALSE
1989-02-01,Amundsen_Bellingshausen,1.300326577,-0.14273303029741036,0.14273303029741036,0.540312197173086,FALSE,FALSE
1989-02-02,Amundsen_Bellingshausen,1.300188771,-0.12784511570985102,0.12784511570985102,0.540312197173086,FALSE,FALSE
1989-02-03,Amundsen_Bellingshausen,1.298039158,-0.11583800224157748,0.11583800224157748,0.540312197173086,FALSE,FALSE
1989-02-04,Amundsen_Bellingshausen,1.297401815,-0.10317030876564216,0.10317030876564216,0.540312197173086,FALSE,FALSE
1989-02-05,Amundsen_Bellingshausen,1.285632375,-0.10246909815510086,0.10246909815510086,0.540312197173086,FALSE,FALSE
1989-02-06,Amundsen_Bellingshausen,1.273999364,-0.10244854028300487,0.10244854028300487,0.540312197173086,FALSE,FALSE
1989-02-07,Amundsen_Bellingshausen,1.272546515,-0.09304759802240724,0.09304759802240724,0.540312197173086,FALSE,FALSE
1989-02-08,Amundsen_Bellingshausen,1.255042735,-0.10048014582079644,0.10048014582079644,0.540312197173086,FALSE,FALSE
1989-02-09,Amundsen_Bellingshausen,1.255483538,-0.09074474894670748,0.09074474894670748,0.540312197173086,FALSE,FALSE
1989-02-10,Amundsen_Bellingshausen,1.2436613,-0.09406557932132076,0.09406557932132076,0.540312197173086,FALSE,FALSE
1989-02-11,Amundsen_Bellingshausen,1.224448652,-0.10558921041555624,0.10558921041555624,0.540312197173086,FALSE,FALSE
1989-02-12,Amundsen_Bellingshausen,1.217909729,-0.10527071170033576,0.10527071170033576,0.540312197173086,FALSE,FALSE
1989-02-13,Amundsen_Bellingshausen,1.18996142,-0.12721239864658096,0.12721239864658096,0.540312197173086,FALSE,FALSE
1989-02-14,Amundsen_Bellingshausen,1.170014957,-0.142022243725211,0.142022243725211,0.540312197173086,FALSE,FALSE
1989-02-15,Amundsen_Bellingshausen,1.152729592,-0.15506019940714877,0.15506019940714877,0.540312197173086,FALSE,FALSE
1989-02-16,Amundsen_Bellingshausen,1.137832216,-0.1666185791633159,0.1666185791633159,0.540312197173086,FALSE,FALSE
1989-02-17,Amundsen_Bellingshausen,1.131245874,-0.1707935424646312,0.1707935424646312,0.540312197173086,FALSE,FALSE
1989-02-18,Amundsen_Bellingshausen,1.143133475,-0.15744138478201708,0.15744138478201708,0.540312197173086,FALSE,FALSE
1989-02-19,Amundsen_Bellingshausen,1.142177575,-0.15789875458639568,0.15789875458639568,0.540312197173086,FALSE,FALSE
1989-02-20,Amundsen_Bellingshausen,1.148155511,-0.15240751934868646,0.15240751934868646,0.540312197173086,FALSE,FALSE
1989-02-21,Amundsen_Bellingshausen,1.161978441,-0.14007240260350473,0.14007240260350473,0.540312197173086,FALSE,FALSE
1989-02-22,Amundsen_Bellingshausen,1.174805426,-0.12970993882457815,0.12970993882457815,0.540312197173086,FALSE,FALSE
1989-02-23,Amundsen_Bellingshausen,1.181938002,-0.12596738743991875,0.12596738743991875,0.540312197173086,FALSE,FALSE
1989-02-24,Amundsen_Bellingshausen,1.183794934,-0.12837429441386194,0.12837429441386194,0.540312197173086,FALSE,FALSE
1989-02-25,Amundsen_Bellingshausen,1.175021497,-0.14223369571075015,0.14223369571075015,0.540312197173086,FALSE,FALSE
1989-02-26,Amundsen_Bellingshausen,1.158795122,-0.16431647129492144,0.16431647129492144,0.540312197173086,FALSE,FALSE
1989-02-27,Amundsen_Bellingshausen,1.146768242,-0.18291849913071556,0.18291849913071556,0.540312197173086,FALSE,FALSE
1989-02-28,Amundsen_Bellingshausen,1.127719496,-0.2092094511824707,0.2092094511824707,0.540312197173086,FALSE,FALSE
1989-03-01,Amundsen_Bellingshausen,1.143754243,-0.2010322794145276,0.2010322794145276,0.540312197173086,FALSE,FALSE
1989-03-02,Amundsen_Bellingshausen,1.151336364,-0.2018714137912252,0.2018714137912252,0.540312197173086,FALSE,FALSE
1989-03-03,Amundsen_Bellingshausen,1.152993476,-0.2091475482769032,0.2091475482769032,0.540312197173086,FALSE,FALSE
1989-03-04,Amundsen_Bellingshausen,1.151519349,-0.2200152238358999,0.2200152238358999,0.540312197173086,FALSE,FALSE
1989-03-05,Amundsen_Bellingshausen,1.140538042,-0.2407986957596322,0.2407986957596322,0.540312197173086,FALSE,FALSE
1989-03-06,Amundsen_Bellingshausen,1.116732246,-0.27477596364969936,0.27477596364969936,0.540312197173086,FALSE,FALSE
1989-03-07,Amundsen_Bellingshausen,1.122926915,-0.2791230566724978,0.2791230566724978,0.540312197173086,FALSE,FALSE
1989-03-08,Amundsen_Bellingshausen,1.128322669,-0.2846485238512504,0.2846485238512504,0.540312197173086,FALSE,FALSE
1989-03-09,Amundsen_Bellingshausen,1.117727341,-0.3065537012091806,0.3065537012091806,0.540312197173086,FALSE,FALSE
1989-03-10,Amundsen_Bellingshausen,1.090697983,-0.34529070576951115,0.34529070576951115,0.540312197173086,FALSE,FALSE
1989-03-11,Amundsen_Bellingshausen,1.105583104,-0.34252019755546614,0.34252019755546614,0.540312197173086,FALSE,FALSE
1989-03-12,Amundsen_Bellingshausen,1.119323015,-0.34131103459026835,0.34131103459026835,0.540312197173086,FALSE,FALSE
1989-03-13,Amundsen_Bellingshausen,1.127314623,-0.3462754788971434,0.3462754788971434,0.540312197173086,FALSE,FALSE
1989-03-14,Amundsen_Bellingshausen,1.139363874,-0.3476167534993111,0.3476167534993111,0.540312197173086,FALSE,FALSE
1989-03-15,Amundsen_Bellingshausen,1.122501235,-0.3783135604199966,0.3783135604199966,0.540312197173086,FALSE,FALSE
1989-03-16,Amundsen_Bellingshausen,1.119229015,-0.39587275968242497,0.39587275968242497,0.540312197173086,FALSE,FALSE
1989-03-17,Amundsen_Bellingshausen,1.142087254,-0.38776348030981667,0.38776348030981667,0.540312197173086,FALSE,FALSE
1989-03-18,Amundsen_Bellingshausen,1.15166826,-0.39340209254343805,0.39340209254343805,0.540312197173086,FALSE,FALSE
1989-03-19,Amundsen_Bellingshausen,1.164391807,-0.3963652434166798,0.3963652434166798,0.540312197173086,FALSE,FALSE
1989-03-20,Amundsen_Bellingshausen,1.18027646,-0.3966179678208304,0.3966179678208304,0.540312197173086,FALSE,FALSE
1989-03-21,Amundsen_Bellingshausen,1.226716363,-0.3667491180068332,0.3667491180068332,0.540312197173086,FALSE,FALSE
1989-03-22,Amundsen_Bellingshausen,1.271286151,-0.3391670552256325,0.3391670552256325,0.540312197173086,FALSE,FALSE
1989-03-23,Amundsen_Bellingshausen,1.304089959,-0.32375064072817206,0.32375064072817206,0.540312197173086,FALSE,FALSE
1989-03-24,Amundsen_Bellingshausen,1.356343769,-0.28926688876539264,0.28926688876539264,0.540312197173086,FALSE,FALSE
1989-03-25,Amundsen_Bellingshausen,1.410338675,-0.25340770158824033,0.25340770158824033,0.540312197173086,FALSE,FALSE
1989-03-26,Amundsen_Bellingshausen,1.423856114,-0.25837463844765796,0.25837463844765796,0.540312197173086,FALSE,FALSE
1989-03-27,Amundsen_Bellingshausen,1.420622023,-0.28042475859458715,0.28042475859458715,0.540312197173086,FALSE,FALSE
1989-03-28,Amundsen_Bellingshausen,1.409046517,-0.31113094327997315,0.31113094327997315,0.540312197173086,FALSE,FALSE
1989-03-29,Amundsen_Bellingshausen,1.397420652,-0.34218513275475915,0.34218513275475915,0.540312197173086,FALSE,FALSE
1989-03-30,Amundsen_Bellingshausen,1.400356911,-0.3589578402698881,0.3589578402698881,0.540312197173086,FALSE,FALSE
1989-03-31,Amundsen_Bellingshausen,1.412717524,-0.36657279170334767,0.36657279170334767,0.540312197173086,FALSE,FALSE
1989-04-01,Amundsen_Bellingshausen,1.451478916,-0.3480556953528908,0.3480556953528908,0.540312197173086,FALSE,FALSE
1989-04-02,Amundsen_Bellingshausen,1.464591244,-0.3554640271418503,0.3554640271418503,0.540312197173086,FALSE,FALSE
1989-04-03,Amundsen_Bellingshausen,1.500897453,-0.3399624795401017,0.3399624795401017,0.540312197173086,FALSE,FALSE
1989-04-04,Amundsen_Bellingshausen,1.575591848,-0.28636438501751793,0.28636438501751793,0.540312197173086,FALSE,FALSE
1989-04-05,Amundsen_Bellingshausen,1.621172297,-0.262179513043973,0.262179513043973,0.540312197173086,FALSE,FALSE
1989-04-06,Amundsen_Bellingshausen,1.637477442,-0.26757685908933526,0.26757685908933526,0.540312197173086,FALSE,FALSE
1989-04-07,Amundsen_Bellingshausen,1.659162096,-0.2679092476234821,0.2679092476234821,0.540312197173086,FALSE,FALSE
1989-04-08,Amundsen_Bellingshausen,1.695971028,-0.25343954711628247,0.25343954711628247,0.540312197173086,FALSE,FALSE
1989-04-09,Amundsen_Bellingshausen,1.713043645,-0.25903598803761163,0.25903598803761163,0.540312197173086,FALSE,FALSE
1989-04-10,Amundsen_Bellingshausen,1.74732401,-0.2477621448573424,0.2477621448573424,0.540312197173086,FALSE,FALSE
1989-04-11,Amundsen_Bellingshausen,1.7833245,-0.23511327804534687,0.23511327804534687,0.540312197173086,FALSE,FALSE
1989-04-12,Amundsen_Bellingshausen,1.813357969,-0.2287841219647302,0.2287841219647302,0.540312197173086,FALSE,FALSE
1989-04-13,Amundsen_Bellingshausen,1.866598096,-0.19960508612790284,0.19960508612790284,0.540312197173086,FALSE,FALSE
1989-04-14,Amundsen_Bellingshausen,1.883388698,-0.2072306725747879,0.2072306725747879,0.540312197173086,FALSE,FALSE
1989-04-15,Amundsen_Bellingshausen,1.919382809,-0.19600562745074737,0.19600562745074737,0.540312197173086,FALSE,FALSE
1989-04-16,Amundsen_Bellingshausen,1.965088523,-0.17541963690115336,0.17541963690115336,0.540312197173086,FALSE,FALSE
1989-04-17,Amundsen_Bellingshausen,2.004608898,-0.16136742307136798,0.16136742307136798,0.540312197173086,FALSE,FALSE
1989-04-18,Amundsen_Bellingshausen,2.021989796,-0.16980090410675652,0.16980090410675652,0.540312197173086,FALSE,FALSE
1989-04-19,Amundsen_Bellingshausen,2.07294583,-0.14500324715268853,0.14500324715268853,0.540312197173086,FALSE,FALSE
1989-04-20,Amundsen_Bellingshausen,2.115467886,-0.12898134635452907,0.12898134635452907,0.540312197173086,FALSE,FALSE
1989-04-21,Amundsen_Bellingshausen,2.160286538,-0.1110024078576446,0.1110024078576446,0.540312197173086,FALSE,FALSE
1989-04-22,Amundsen_Bellingshausen,2.224938259,-0.0735277388073996,0.0735277388073996,0.540312197173086,FALSE,FALSE
1989-04-23,Amundsen_Bellingshausen,2.274413104,-0.05156506434916075,0.05156506434916075,0.540312197173086,FALSE,FALSE
1989-04-24,Amundsen_Bellingshausen,2.32440035,-0.02942288762829648,0.02942288762829648,0.540312197173086,FALSE,FALSE
1989-04-25,Amundsen_Bellingshausen,2.362418592,-0.01957605262223394,0.01957605262223394,0.540312197173086,FALSE,FALSE
1989-04-26,Amundsen_Bellingshausen,2.391911038,-0.01853356022881991,0.01853356022881991,0.540312197173086,FALSE,FALSE
1989-04-27,Amundsen_Bellingshausen,2.431597458,-0.00750506536279438,0.00750506536279438,0.540312197173086,FALSE,FALSE
1989-04-28,Amundsen_Bellingshausen,2.479339784,0.01144217906520861,0.01144217906520861,0.540312197173086,FALSE,FALSE
1989-04-29,Amundsen_Bellingshausen,2.488648264,-0.00811076385544851,0.00811076385544851,0.540312197173086,FALSE,FALSE
1989-04-30,Amundsen_Bellingshausen,2.545099769,0.01948379196459448,0.01948379196459448,0.540312197173086,FALSE,FALSE
1989-05-01,Amundsen_Bellingshausen,2.648151764,0.09375412661470062,0.09375412661470062,0.540312197173086,FALSE,FALSE
1989-05-02,Amundsen_Bellingshausen,2.720417526,0.13738433218423296,0.13738433218423296,0.540312197173086,FALSE,FALSE
1989-05-03,Amundsen_Bellingshausen,2.743036129,0.13158429776255565,0.13158429776255565,0.540312197173086,FALSE,FALSE
1989-05-04,Amundsen_Bellingshausen,2.758512025,0.11892929043903289,0.11892929043903289,0.540312197173086,FALSE,FALSE
1989-05-05,Amundsen_Bellingshausen,2.821106385,0.15375129630302364,0.15375129630302364,0.540312197173086,FALSE,FALSE
1989-05-06,Amundsen_Bellingshausen,2.8659705,0.17127242144389365,0.17127242144389365,0.540312197173086,FALSE,FALSE
1989-05-07,Amundsen_Bellingshausen,2.914355996,0.19281506796787665,0.19281506796787665,0.540312197173086,FALSE,FALSE
1989-05-08,Amundsen_Bellingshausen,2.943927517,0.1960929222791008,0.1960929222791008,0.540312197173086,FALSE,FALSE
1989-05-09,Amundsen_Bellingshausen,2.954083818,0.18049593813136067,0.18049593813136067,0.540312197173086,FALSE,FALSE
1989-05-10,Amundsen_Bellingshausen,2.947171325,0.14835222291359962,0.14835222291359962,0.540312197173086,FALSE,FALSE
1989-05-11,Amundsen_Bellingshausen,2.965290446,0.14174386601475675,0.14174386601475675,0.540312197173086,FALSE,FALSE
1989-05-12,Amundsen_Bellingshausen,3.00762709,0.1598384578237737,0.1598384578237737,0.540312197173086,FALSE,FALSE
1989-05-13,Amundsen_Bellingshausen,3.083091613,0.2115280357295921,0.2115280357295921,0.540312197173086,FALSE,FALSE
1989-05-14,Amundsen_Bellingshausen,3.146510242,0.25162050812114867,0.25162050812114867,0.540312197173086,FALSE,FALSE
1989-05-15,Amundsen_Bellingshausen,3.182829146,0.2650437253873861,0.2650437253873861,0.540312197173086,FALSE,FALSE
1989-05-16,Amundsen_Bellingshausen,3.180645435,0.24037647891724623,0.24037647891724623,0.540312197173086,FALSE,FALSE
1989-05-17,Amundsen_Bellingshausen,3.162978751,0.2006200920996668,0.2006200920996668,0.540312197173086,FALSE,FALSE
1989-05-18,Amundsen_Bellingshausen,3.17431009,0.1902372423235907,0.1902372423235907,0.540312197173086,FALSE,FALSE
1989-05-19,Amundsen_Bellingshausen,3.215272726,0.2098428849779568,0.2098428849779568,0.540312197173086,FALSE,FALSE
1989-05-20,Amundsen_Bellingshausen,3.239747175,0.21329927906104507,0.21329927906104507,0.540312197173086,FALSE,FALSE
1989-05-21,Amundsen_Bellingshausen,3.246734483,0.1995903377760797,0.1995903377760797,0.540312197173086,FALSE,FALSE
1989-05-22,Amundsen_Bellingshausen,3.245954961,0.17842022152592563,0.17842022152592563,0.540312197173086,FALSE,FALSE
1989-05-23,Amundsen_Bellingshausen,3.226151617,0.13851582075927338,0.13851582075927338,0.540312197173086,FALSE,FALSE
1989-05-24,Amundsen_Bellingshausen,3.204534514,0.09707108092481898,0.09707108092481898,0.540312197173086,FALSE,FALSE
1989-05-25,Amundsen_Bellingshausen,3.201738198,0.07470443047125341,0.07470443047125341,0.540312197173086,FALSE,FALSE
1989-05-26,Amundsen_Bellingshausen,3.196036714,0.04967379684726891,0.04967379684726891,0.540312197173086,FALSE,FALSE
1989-05-27,Amundsen_Bellingshausen,3.174514093,0.00904709350155918,0.00904709350155918,0.540312197173086,FALSE,FALSE
1989-05-28,Amundsen_Bellingshausen,3.144915664,-0.03944646811718266,0.03944646811718266,0.540312197173086,FALSE,FALSE
1989-05-29,Amundsen_Bellingshausen,3.135085828,-0.06797860456026372,0.06797860456026372,0.540312197173086,FALSE,FALSE
1989-05-30,Amundsen_Bellingshausen,3.115573839,-0.10601617937899244,0.10601617937899244,0.540312197173086,FALSE,FALSE
1989-05-31,Amundsen_Bellingshausen,3.083889417,-0.1560655901246761,0.1560655901246761,0.540312197173086,FALSE,FALSE
1989-06-01,Amundsen_Bellingshausen,3.063517684,-0.19465783234862188,0.19465783234862188,0.540312197173086,FALSE,FALSE
1989-06-02,Amundsen_Bellingshausen,3.045070886,-0.2311886093327411,0.2311886093327411,0.540312197173086,FALSE,FALSE
1989-06-03,Amundsen_Bellingshausen,3.043037338,-0.25114131871011924,0.25114131871011924,0.540312197173086,FALSE,FALSE
1989-06-04,Amundsen_Bellingshausen,3.047724317,-0.26417035098808705,0.26417035098808705,0.540312197173086,FALSE,FALSE
1989-06-05,Amundsen_Bellingshausen,3.058612524,-0.27075667230187417,0.27075667230187417,0.540312197173086,FALSE,FALSE
1989-06-06,Amundsen_Bellingshausen,3.080886804,-0.26567710478671547,0.26567710478671547,0.540312197173086,FALSE,FALSE
1989-06-07,Amundsen_Bellingshausen,3.190813677,-0.17262679557784288,0.17262679557784288,0.540312197173086,FALSE,FALSE
1989-06-08,Amundsen_Bellingshausen,3.245851284,-0.1341092708104874,0.1341092708104874,0.540312197173086,FALSE,FALSE
1989-06-09,Amundsen_Bellingshausen,3.271446835,-0.12463898761988368,0.12463898761988368,0.540312197173086,FALSE,FALSE
1989-06-10,Amundsen_Bellingshausen,3.332667204,-0.0791107391412611,0.0791107391412611,0.540312197173086,FALSE,FALSE
1989-06-11,Amundsen_Bellingshausen,3.362520688,-0.06447789550985616,0.06447789550985616,0.540312197173086,FALSE,FALSE
1989-06-12,Amundsen_Bellingshausen,3.408871192,-0.03283821886090088,0.03283821886090088,0.540312197173086,FALSE,FALSE
1989-06-13,Amundsen_Bellingshausen,3.438251934,-0.01762015832962404,0.01762015832962404,0.540312197173086,FALSE,FALSE
1989-06-14,Amundsen_Bellingshausen,3.443310888,-0.02613843077675959,0.02613843077675959,0.540312197173086,FALSE,FALSE
1989-06-15,Amundsen_Bellingshausen,3.430172153,-0.05227675812859767,0.05227675812859767,0.540312197173086,FALSE,FALSE
1989-06-16,Amundsen_Bellingshausen,3.384550069,-0.11039053324522864,0.11039053324522864,0.540312197173086,FALSE,FALSE
1989-06-17,Amundsen_Bellingshausen,3.366147604,-0.1408510066119142,0.1408510066119142,0.540312197173086,FALSE,FALSE
1989-06-18,Amundsen_Bellingshausen,3.361638899,-0.15705825571391507,0.15705825571391507,0.540312197173086,FALSE,FALSE
1989-06-19,Amundsen_Bellingshausen,3.368689424,-0.16142102903648858,0.16142102903648858,0.540312197173086,FALSE,FALSE
1989-06-20,Amundsen_Bellingshausen,3.375545918,-0.1657668060648958,0.1657668060648958,0.540312197173086,FALSE,FALSE
1989-06-21,Amundsen_Bellingshausen,3.369699416,-0.18267877028439372,0.18267877028439372,0.540312197173086,FALSE,FALSE
1989-06-22,Amundsen_Bellingshausen,3.360075465,-0.20330559318024433,0.20330559318024433,0.540312197173086,FALSE,FALSE
1989-06-23,Amundsen_Bellingshausen,3.356047138,-0.21834842023770484,0.21834842023770484,0.540312197173086,FALSE,FALSE
1989-06-24,Amundsen_Bellingshausen,3.348933981,-0.23656192394203757,0.23656192394203757,0.540312197173086,FALSE,FALSE
1989-06-25,Amundsen_Bellingshausen,3.371803749,-0.22495256777849892,0.22495256777849892,0.540312197173086,FALSE,FALSE
1989-06-26,Amundsen_Bellingshausen,3.362028985,-0.24622202723235145,0.24622202723235145,0.540312197173086,FALSE,FALSE
1989-06-27,Amundsen_Bellingshausen,3.356168026,-0.2638770733506055,0.2638770733506055,0.540312197173086,FALSE,FALSE
1989-06-28,Amundsen_Bellingshausen,3.345062518,-0.28707232510536107,0.28707232510536107,0.540312197173086,FALSE,FALSE
1989-06-29,Amundsen_Bellingshausen,3.358004481,-0.2864805703616895,0.2864805703616895,0.540312197173086,FALSE,FALSE
1989-06-30,Amundsen_Bellingshausen,3.370129653,-0.286930717247615,0.286930717247615,0.540312197173086,FALSE,FALSE
1989-07-01,Amundsen_Bellingshausen,3.379334263,-0.29049118289115894,0.29049118289115894,0.540312197173086,FALSE,FALSE
1989-07-02,Amundsen_Bellingshausen,3.347539467,-0.335205457420348,0.335205457420348,0.540312197173086,FALSE,FALSE
1989-07-03,Amundsen_Bellingshausen,3.312995188,-0.3827882639632043,0.3827882639632043,0.540312197173086,FALSE,FALSE
1989-07-04,Amundsen_Bellingshausen,3.30773799,-0.40116768464774966,0.40116768464774966,0.540312197173086,FALSE,FALSE
1989-07-05,Amundsen_Bellingshausen,3.335482159,-0.38659407960201264,0.38659407960201264,0.540312197173086,FALSE,FALSE
1989-07-06,Amundsen_Bellingshausen,3.408551138,-0.326708651954013,0.326708651954013,0.540312197173086,FALSE,FALSE
1989-07-07,Amundsen_Bellingshausen,3.437137069,-0.31128390583177357,0.31128390583177357,0.540312197173086,FALSE,FALSE
1989-07-08,Amundsen_Bellingshausen,3.453104383,-0.30842005636332015,0.30842005636332015,0.540312197173086,FALSE,FALSE
1989-07-09,Amundsen_Bellingshausen,3.468504179,-0.30603068699008906,0.30603068699008906,0.540312197173086,FALSE,FALSE
1989-07-10,Amundsen_Bellingshausen,3.474471215,-0.31295278494451706,0.31295278494451706,0.540312197173086,FALSE,FALSE
1989-07-11,Amundsen_Bellingshausen,3.45875159,-0.3414274531966597,0.3414274531966597,0.540312197173086,FALSE,FALSE
1989-07-12,Amundsen_Bellingshausen,3.437919364,-0.3748698792041387,0.3748698792041387,0.540312197173086,FALSE,FALSE
1989-07-13,Amundsen_Bellingshausen,3.416599017,-0.4086448304245769,0.4086448304245769,0.540312197173086,FALSE,FALSE
1989-07-14,Amundsen_Bellingshausen,3.40163779,-0.4358943133155919,0.4358943133155919,0.540312197173086,FALSE,FALSE
1989-07-15,Amundsen_Bellingshausen,3.397401859,-0.4522413993348056,0.4522413993348056,0.540312197173086,FALSE,FALSE
1989-07-16,Amundsen_Bellingshausen,3.389616802,-0.4719497579398419,0.4719497579398419,0.540312197173086,FALSE,FALSE
1989-07-17,Amundsen_Bellingshausen,3.382871388,-0.49041986758832046,0.49041986758832046,0.540312197173086,FALSE,FALSE
1989-07-18,Amundsen_Bellingshausen,3.380187523,-0.5046190697378576,0.5046190697378576,0.540312197173086,FALSE,FALSE
1989-07-19,Amundsen_Bellingshausen,3.415835893,-0.48026592584608174,0.48026592584608174,0.540312197173086,FALSE,FALSE
1989-07-20,Amundsen_Bellingshausen,3.420898479,-0.48626770237061345,0.48626770237061345,0.540312197173086,FALSE,FALSE
1989-07-21,Amundsen_Bellingshausen,3.434562203,-0.4834267247690689,0.4834267247690689,0.540312197173086,FALSE,FALSE
1989-07-22,Amundsen_Bellingshausen,3.404824068,-0.5237349575449954,0.5237349575449954,0.540312197173086,FALSE,FALSE
1989-07-23,Amundsen_Bellingshausen,3.490153503,-0.4487080751924464,0.4487080751924464,0.540312197173086,FALSE,FALSE
1989-07-24,Amundsen_Bellingshausen,3.551422004,-0.39745686857561013,0.39745686857561013,0.540312197173086,FALSE,FALSE
1989-07-25,Amundsen_Bellingshausen,3.573922139,-0.3846709926665493,0.3846709926665493,0.540312197173086,FALSE,FALSE
1989-07-26,Amundsen_Bellingshausen,3.579306939,-0.388679639437326,0.388679639437326,0.540312197173086,FALSE,FALSE
1989-07-27,Amundsen_Bellingshausen,3.557581567,-0.41945986885999753,0.41945986885999753,0.540312197173086,FALSE,FALSE
1989-07-28,Amundsen_Bellingshausen,3.543164792,-0.4425751349066367,0.4425751349066367,0.540312197173086,FALSE,FALSE
1989-07-29,Amundsen_Bellingshausen,3.524405457,-0.46965881754929706,0.46965881754929706,0.540312197173086,FALSE,FALSE
1989-07-30,Amundsen_Bellingshausen,3.509478761,-0.4925179407600493,0.4925179407600493,0.540312197173086,FALSE,FALSE
1989-07-31,Amundsen_Bellingshausen,3.511242122,-0.49827730951094873,0.49827730951094873,0.540312197173086,FALSE,FALSE
1989-08-01,Amundsen_Bellingshausen,3.52910695,-0.48750773677405856,0.48750773677405856,0.540312197173086,FALSE,FALSE
1989-08-02,Amundsen_Bellingshausen,3.521728743,-0.5015359475214463,0.5015359475214463,0.540312197173086,FALSE,FALSE
1989-08-03,Amundsen_Bellingshausen,3.523684461,-0.5057672052526616,0.5057672052526616,0.540312197173086,FALSE,FALSE
1989-08-04,Amundsen_Bellingshausen,3.503505384,-0.5316666936006373,0.5316666936006373,0.540312197173086,FALSE,FALSE
1989-08-05,Amundsen_Bellingshausen,3.463154539,-0.5773192188600933,0.5773192188600933,0.540312197173086,TRUE,FALSE
1989-08-06,Amundsen_Bellingshausen,3.45457225,-0.5908438697970659,0.5908438697970659,0.540312197173086,TRUE,FALSE
1989-08-07,Amundsen_Bellingshausen,3.464212555,-0.5858460211776024,0.5858460211776024,0.540312197173086,TRUE,FALSE
1989-08-08,Amundsen_Bellingshausen,3.515657692,-0.5388028477677405,0.5388028477677405,0.540312197173086,FALSE,FALSE
1989-08-09,Amundsen_Bellingshausen,3.526417416,-0.5322640073335281,0.5322640073335281,0.540312197173086,FALSE,FALSE
1989-08-10,Amundsen_Bellingshausen,3.533275825,-0.5295048146410077,0.5295048146410077,0.540312197173086,FALSE,FALSE
1989-08-11,Amundsen_Bellingshausen,3.653271229,-0.41354637245621584,0.41354637245621584,0.540312197173086,FALSE,FALSE
1989-08-12,Amundsen_Bellingshausen,3.753410876,-0.3174408455452018,0.3174408455452018,0.540312197173086,FALSE,FALSE
1989-08-13,Amundsen_Bellingshausen,3.765814049,-0.30912836367400365,0.30912836367400365,0.540312197173086,FALSE,FALSE
1989-08-14,Amundsen_Bellingshausen,3.741616381,-0.33753270660866797,0.33753270660866797,0.540312197173086,FALSE,FALSE
1989-08-15,Amundsen_Bellingshausen,3.742068917,-0.34146224211523535,0.34146224211523535,0.540312197173086,FALSE,FALSE
1989-08-16,Amundsen_Bellingshausen,3.768085282,-0.3200605963202592,0.3200605963202592,0.540312197173086,FALSE,FALSE
1989-08-17,Amundsen_Bellingshausen,3.771740419,-0.3212458283477182,0.3212458283477182,0.540312197173086,FALSE,FALSE
1989-08-18,Amundsen_Bellingshausen,3.785788998,-0.3121827322710429,0.3121827322710429,0.540312197173086,FALSE,FALSE
1989-08-19,Amundsen_Bellingshausen,3.817138581,-0.28587918008839175,0.28587918008839175,0.540312197173086,FALSE,FALSE
1989-08-20,Amundsen_Bellingshausen,3.830329173,-0.27771060079792864,0.27771060079792864,0.540312197173086,FALSE,FALSE
1989-08-21,Amundsen_Bellingshausen,3.832684484,-0.28026871839782297,0.28026871839782297,0.540312197173086,FALSE,FALSE
1989-08-22,Amundsen_Bellingshausen,3.813720771,-0.30395270988623313,0.30395270988623313,0.540312197173086,FALSE,FALSE
1989-08-23,Amundsen_Bellingshausen,3.823181482,-0.29893456126132545,0.29893456126132545,0.540312197173086,FALSE,FALSE
1989-08-24,Amundsen_Bellingshausen,3.826295026,-0.2999012975212625,0.2999012975212625,0.540312197173086,FALSE,FALSE
1989-08-25,Amundsen_Bellingshausen,3.827914628,-0.30191512766420603,0.30191512766420603,0.540312197173086,FALSE,FALSE
1989-08-26,Amundsen_Bellingshausen,3.837640083,-0.2952916906883294,0.2952916906883294,0.540312197173086,FALSE,FALSE
1989-08-27,Amundsen_Bellingshausen,3.842441892,-0.2929759195917834,0.2929759195917834,0.540312197173086,FALSE,FALSE
1989-08-28,Amundsen_Bellingshausen,3.852911742,-0.2842915613727435,0.2842915613727435,0.540312197173086,FALSE,FALSE
1989-08-29,Amundsen_Bellingshausen,3.833837037,-0.3043816375063799,0.3043816375063799,0.540312197173086,FALSE,FALSE
1989-08-30,Amundsen_Bellingshausen,3.80466372,-0.33382174410775756,0.33382174410775756,0.540312197173086,FALSE,FALSE
1989-08-31,Amundsen_Bellingshausen,3.784789534,-0.35326991158898524,0.35326991158898524,0.540312197173086,FALSE,FALSE
1989-09-01,Amundsen_Bellingshausen,3.775160988,-0.3618354657672591,0.3618354657672591,0.540312197173086,FALSE,FALSE
1989-09-02,Amundsen_Bellingshausen,3.756731666,-0.3786206574597819,0.3786206574597819,0.540312197173086,FALSE,FALSE
1989-09-03,Amundsen_Bellingshausen,3.740931126,-0.392251763483745,0.392251763483745,0.540312197173086,FALSE,FALSE
1989-09-04,Amundsen_Bellingshausen,3.727660309,-0.4028836776563507,0.4028836776563507,0.540312197173086,FALSE,FALSE
1989-09-05,Amundsen_Bellingshausen,3.712226564,-0.41526488579479537,0.41526488579479537,0.540312197173086,FALSE,FALSE
1989-09-06,Amundsen_Bellingshausen,3.690163368,-0.4339177457162768,0.4339177457162768,0.540312197173086,FALSE,FALSE
1989-09-07,Amundsen_Bellingshausen,3.703012854,-0.41735595923799274,0.41735595923799274,0.540312197173086,FALSE,FALSE
1989-09-08,Amundsen_Bellingshausen,3.722293993,-0.3941163901771443,0.3941163901771443,0.540312197173086,FALSE,FALSE
1989-09-09,Amundsen_Bellingshausen,3.722814344,-0.3894473143509276,0.3894473143509276,0.540312197173086,FALSE,FALSE
1989-09-10,Amundsen_Bellingshausen,3.718830928,-0.38914728905055984,0.38914728905055984,0.540312197173086,FALSE,FALSE
1989-09-11,Amundsen_Bellingshausen,3.731119757,-0.37247152813540296,0.37247152813540296,0.540312197173086,FALSE,FALSE
1989-09-12,Amundsen_Bellingshausen,3.720852707,-0.3782353131077101,0.3782353131077101,0.540312197173086,FALSE,FALSE
1989-09-13,Amundsen_Bellingshausen,3.665039824,-0.4294111154559159,0.4294111154559159,0.540312197173086,FALSE,FALSE
1989-09-14,Amundsen_Bellingshausen,3.631076668,-0.4585858926684536,0.4585858926684536,0.540312197173086,FALSE,FALSE
1989-09-15,Amundsen_Bellingshausen,3.608489503,-0.4762158982337712,0.4762158982337712,0.540312197173086,FALSE,FALSE
1989-09-16,Amundsen_Bellingshausen,3.587440594,-0.49212138464029787,0.49212138464029787,0.540312197173086,FALSE,FALSE
1989-09-17,Amundsen_Bellingshausen,3.565082699,-0.5091321113764748,0.5091321113764748,0.540312197173086,FALSE,FALSE
1989-09-18,Amundsen_Bellingshausen,3.538221088,-0.5304253259307417,0.5304253259307417,0.540312197173086,FALSE,FALSE
1989-09-19,Amundsen_Bellingshausen,3.513951677,-0.5488876297915302,0.5488876297915302,0.540312197173086,TRUE,FALSE
1989-09-20,Amundsen_Bellingshausen,3.492309372,-0.5644666344472795,0.5644666344472795,0.540312197173086,TRUE,FALSE
1989-09-21,Amundsen_Bellingshausen,3.479619428,-0.5708196023864303,0.5708196023864303,0.540312197173086,TRUE,FALSE
1989-09-22,Amundsen_Bellingshausen,3.483763211,-0.5600476850974192,0.5600476850974192,0.540312197173086,TRUE,FALSE
1989-09-23,Amundsen_Bellingshausen,3.532869815,-0.50400488714387,0.50400488714387,0.540312197173086,FALSE,FALSE
1989-09-24,Amundsen_Bellingshausen,3.568754114,-0.46086565415306247,0.46086565415306247,0.540312197173086,FALSE,FALSE
1989-09-25,Amundsen_Bellingshausen,3.581987409,-0.4400517785450919,0.4400517785450919,0.540312197173086,FALSE,FALSE
1989-09-26,Amundsen_Bellingshausen,3.59047035,-0.42365575669054634,0.42365575669054634,0.540312197173086,FALSE,FALSE
1989-09-27,Amundsen_Bellingshausen,3.583160974,-0.4227126979600033,0.4227126979600033,0.540312197173086,FALSE,FALSE
1989-09-28,Amundsen_Bellingshausen,3.550420966,-0.44685406372404746,0.44685406372404746,0.540312197173086,FALSE,FALSE
1989-09-29,Amundsen_Bellingshausen,3.538431128,-0.449892198353258,0.449892198353258,0.540312197173086,FALSE,FALSE
1989-09-30,Amundsen_Bellingshausen,3.52247225,-0.4565394582182205,0.4565394582182205,0.540312197173086,FALSE,FALSE
1989-10-01,Amundsen_Bellingshausen,3.509402488,-0.4599308336895111,0.4599308336895111,0.540312197173086,FALSE,FALSE
1989-10-02,Amundsen_Bellingshausen,3.504873397,-0.4544079161377153,0.4544079161377153,0.540312197173086,FALSE,FALSE
1989-10-03,Amundsen_Bellingshausen,3.488838759,-0.460010069933412,0.460010069933412,0.540312197173086,FALSE,FALSE
1989-10-04,Amundsen_Bellingshausen,3.462230249,-0.4757987664471841,0.4757987664471841,0.540312197173086,FALSE,FALSE
1989-10-05,Amundsen_Bellingshausen,3.431147888,-0.4956671461578477,0.4956671461578477,0.540312197173086,FALSE,FALSE
1989-10-06,Amundsen_Bellingshausen,3.393449884,-0.5217684379106915,0.5217684379106915,0.540312197173086,FALSE,FALSE
1989-10-07,Amundsen_Bellingshausen,3.360219045,-0.5430850284424018,0.5430850284424018,0.540312197173086,TRUE,FALSE
1989-10-08,Amundsen_Bellingshausen,3.327592709,-0.5635546093898784,0.5635546093898784,0.540312197173086,TRUE,FALSE
1989-10-09,Amundsen_Bellingshausen,3.284689487,-0.5941335993900259,0.5941335993900259,0.540312197173086,TRUE,FALSE
1989-10-10,Amundsen_Bellingshausen,3.283859933,-0.5825464740797508,0.5825464740797508,0.540312197173086,TRUE,FALSE
1989-10-11,Amundsen_Bellingshausen,3.318043452,-0.5359288580959536,0.5359288580959536,0.540312197173086,FALSE,FALSE
1989-10-12,Amundsen_Bellingshausen,3.305374774,-0.5362210510755374,0.5362210510755374,0.540312197173086,FALSE,FALSE
1989-10-13,Amundsen_Bellingshausen,3.297005009,-0.5323469726554082,0.5323469726554082,0.540312197173086,FALSE,FALSE
1989-10-14,Amundsen_Bellingshausen,3.272909436,-0.5444063734724649,0.5444063734724649,0.540312197173086,TRUE,FALSE
1989-10-15,Amundsen_Bellingshausen,3.29249985,-0.5130624881636154,0.5130624881636154,0.540312197173086,FALSE,FALSE
1989-10-16,Amundsen_Bellingshausen,3.293360878,-0.5008057193657618,0.5008057193657618,0.540312197173086,FALSE,FALSE
1989-10-17,Amundsen_Bellingshausen,3.273232968,-0.5099706487158069,0.5099706487158069,0.540312197173086,FALSE,FALSE
1989-10-18,Amundsen_Bellingshausen,3.277628571,-0.4951165624116776,0.4951165624116776,0.540312197173086,FALSE,FALSE
1989-10-19,Amundsen_Bellingshausen,3.298394648,-0.46439830622299594,0.46439830622299594,0.540312197173086,FALSE,FALSE
1989-10-20,Amundsen_Bellingshausen,3.293044979,-0.46023705236072976,0.46023705236072976,0.540312197173086,FALSE,FALSE
1989-10-21,Amundsen_Bellingshausen,3.321607408,-0.4225372321610182,0.4225372321610182,0.540312197173086,FALSE,FALSE
1989-10-22,Amundsen_Bellingshausen,3.327988096,-0.40732495996000306,0.40732495996000306,0.540312197173086,FALSE,FALSE
1989-10-23,Amundsen_Bellingshausen,3.365539833,-0.3611797210938192,0.3611797210938192,0.540312197173086,FALSE,FALSE
1989-10-24,Amundsen_Bellingshausen,3.390141701,-0.328154708898611,0.328154708898611,0.540312197173086,FALSE,FALSE
1989-10-25,Amundsen_Bellingshausen,3.367723926,-0.3422519727105158,0.3422519727105158,0.540312197173086,FALSE,FALSE
1989-10-26,Amundsen_Bellingshausen,3.329219141,-0.3724711548656736,0.3724711548656736,0.540312197173086,FALSE,FALSE
1989-10-27,Amundsen_Bellingshausen,3.297022834,-0.39634904270022187,0.39634904270022187,0.540312197173086,FALSE,FALSE
1989-10-28,Amundsen_Bellingshausen,3.285901265,-0.3990516515503031,0.3990516515503031,0.540312197173086,FALSE,FALSE
1989-10-29,Amundsen_Bellingshausen,3.274999091,-0.401366599752055,0.401366599752055,0.540312197173086,FALSE,FALSE
1989-10-30,Amundsen_Bellingshausen,3.25724131,-0.41030116464161726,0.41030116464161726,0.540312197173086,FALSE,FALSE
1989-10-31,Amundsen_Bellingshausen,3.2303123,-0.4281142690161497,0.4281142690161497,0.540312197173086,FALSE,FALSE
1989-11-01,Amundsen_Bellingshausen,3.203836837,-0.4451787073860331,0.4451787073860331,0.540312197173086,FALSE,FALSE
1989-11-02,Amundsen_Bellingshausen,3.198119636,-0.4412040048086867,0.4412040048086867,0.540312197173086,FALSE,FALSE
1989-11-03,Amundsen_Bellingshausen,3.189883579,-0.43948152382274985,0.43948152382274985,0.540312197173086,FALSE,FALSE
1989-11-04,Amundsen_Bellingshausen,3.189231956,-0.42992221896685656,0.42992221896685656,0.540312197173086,FALSE,FALSE
1989-11-05,Amundsen_Bellingshausen,3.15882128,-0.44988382177964326,0.44988382177964326,0.540312197173086,FALSE,FALSE
1989-11-06,Amundsen_Bellingshausen,3.177906776,-0.4201253517997441,0.4201253517997441,0.540312197173086,FALSE,FALSE
1989-11-07,Amundsen_Bellingshausen,3.173454244,-0.41369525356579695,0.41369525356579695,0.540312197173086,FALSE,FALSE
1989-11-08,Amundsen_Bellingshausen,3.165825813,-0.4102456426164358,0.4102456426164358,0.540312197173086,FALSE,FALSE
1989-11-09,Amundsen_Bellingshausen,3.179270564,-0.3855416824902935,0.3855416824902935,0.540312197173086,FALSE,FALSE
1989-11-10,Amundsen_Bellingshausen,3.167092498,-0.3862936167260078,0.3862936167260078,0.540312197173086,FALSE,FALSE
1989-11-11,Amundsen_Bellingshausen,3.148904083,-0.39290322186221527,0.39290322186221527,0.540312197173086,FALSE,FALSE
1989-11-12,Amundsen_Bellingshausen,3.135566776,-0.39452330625851806,0.39452330625851806,0.540312197173086,FALSE,FALSE
1989-11-13,Amundsen_Bellingshausen,3.119286148,-0.39896371606963665,0.39896371606963665,0.540312197173086,FALSE,FALSE
1989-11-14,Amundsen_Bellingshausen,3.087246489,-0.4190573098386956,0.4190573098386956,0.540312197173086,FALSE,FALSE
1989-11-15,Amundsen_Bellingshausen,3.079065259,-0.41520391891983,0.41520391891983,0.540312197173086,FALSE,FALSE
1989-11-16,Amundsen_Bellingshausen,3.072660194,-0.4095030986671824,0.4095030986671824,0.540312197173086,FALSE,FALSE
1989-11-17,Amundsen_Bellingshausen,3.047091082,-0.42291235243489034,0.42291235243489034,0.540312197173086,FALSE,FALSE
1989-11-18,Amundsen_Bellingshausen,3.046458641,-0.4113482535770947,0.4113482535770947,0.540312197173086,FALSE,FALSE
1989-11-19,Amundsen_Bellingshausen,3.044174067,-0.40141689744793263,0.40141689744793263,0.540312197173086,FALSE,FALSE
1989-11-20,Amundsen_Bellingshausen,3.031910177,-0.4014627584015473,0.4014627584015473,0.540312197173086,FALSE,FALSE
1989-11-21,Amundsen_Bellingshausen,3.015530724,-0.405639374792075,0.405639374792075,0.540312197173086,FALSE,FALSE
1989-11-22,Amundsen_Bellingshausen,3.009603096,-0.3993966499736538,0.3993966499736538,0.540312197173086,FALSE,FALSE
1989-11-23,Amundsen_Bellingshausen,3.001416431,-0.3954627373004267,0.3954627373004267,0.540312197173086,FALSE,FALSE
1989-11-24,Amundsen_Bellingshausen,2.990184716,-0.3946409411265317,0.3946409411265317,0.540312197173086,FALSE,FALSE
1989-11-25,Amundsen_Bellingshausen,2.98841436,-0.3844374055019877,0.3844374055019877,0.540312197173086,FALSE,FALSE
1989-11-26,Amundsen_Bellingshausen,2.988687384,-0.3722425866944592,0.3722425866944592,0.540312197173086,FALSE,FALSE
1989-11-27,Amundsen_Bellingshausen,2.981065858,-0.3679467408292636,0.3679467408292636,0.540312197173086,FALSE,FALSE
1989-11-28,Amundsen_Bellingshausen,2.976083472,-0.3609683513985109,0.3609683513985109,0.540312197173086,FALSE,FALSE
1989-11-29,Amundsen_Bellingshausen,2.997590431,-0.32740938689432353,0.32740938689432353,0.540312197173086,FALSE,FALSE
1989-11-30,Amundsen_Bellingshausen,3.001224063,-0.31158469280881507,0.31158469280881507,0.540312197173086,FALSE,FALSE
1989-12-01,Amundsen_Bellingshausen,2.996598882,-0.3038319286341036,0.3038319286341036,0.540312197173086,FALSE,FALSE
1989-12-02,Amundsen_Bellingshausen,2.994072855,-0.2937453008623043,0.2937453008623043,0.540312197173086,FALSE,FALSE
1989-12-03,Amundsen_Bellingshausen,2.984727105,-0.2901958599855359,0.2901958599855359,0.540312197173086,FALSE,FALSE
1989-12-04,Amundsen_Bellingshausen,2.961814058,-0.299883353495912,0.299883353495912,0.540312197173086,FALSE,FALSE
1989-12-05,Amundsen_Bellingshausen,2.972254683,-0.2758389858855512,0.2758389858855512,0.540312197173086,FALSE,FALSE
1989-12-06,Amundsen_Bellingshausen,2.962614684,-0.2714492266465687,0.2714492266465687,0.540312197173086,FALSE,FALSE
1989-12-07,Amundsen_Bellingshausen,2.9296448,-0.2899154395052652,0.2899154395052652,0.540312197173086,FALSE,FALSE
1989-12-08,Amundsen_Bellingshausen,2.912863491,-0.2916492992142401,0.2916492992142401,0.540312197173086,FALSE,FALSE
1989-12-09,Amundsen_Bellingshausen,2.914343115,-0.27445560383968814,0.27445560383968814,0.540312197173086,FALSE,FALSE
1989-12-10,Amundsen_Bellingshausen,2.907477838,-0.26480951731471647,0.26480951731471647,0.540312197173086,FALSE,FALSE
1989-12-11,Amundsen_Bellingshausen,2.881940884,-0.2729071455724297,0.2729071455724297,0.540312197173086,FALSE,FALSE
1989-12-12,Amundsen_Bellingshausen,2.853944957,-0.28240511454593653,0.28240511454593653,0.540312197173086,FALSE,FALSE
1989-12-13,Amundsen_Bellingshausen,2.818644207,-0.2980186041683366,0.2980186041683366,0.540312197173086,FALSE,FALSE
1989-12-14,Amundsen_Bellingshausen,2.791935352,-0.30372022637274343,0.30372022637274343,0.540312197173086,FALSE,FALSE
1989-12-15,Amundsen_Bellingshausen,2.769280669,-0.30391703409225723,0.30391703409225723,0.540312197173086,FALSE,FALSE
1989-12-16,Amundsen_Bellingshausen,2.746036537,-0.30312197825998455,0.30312197825998455,0.540312197173086,FALSE,FALSE
1989-12-17,Amundsen_Bellingshausen,2.706643021,-0.3167643238090325,0.3167643238090325,0.540312197173086,FALSE,FALSE
1989-12-18,Amundsen_Bellingshausen,2.654720719,-0.34109280267250597,0.34109280267250597,0.540312197173086,FALSE,FALSE
1989-12-19,Amundsen_Bellingshausen,2.609430213,-0.3568161627835109,0.3568161627835109,0.540312197173086,FALSE,FALSE
1989-12-20,Amundsen_Bellingshausen,2.574540629,-0.36004455294159543,0.36004455294159543,0.540312197173086,FALSE,FALSE
1989-12-21,Amundsen_Bellingshausen,2.546845754,-0.35402070845386824,0.35402070845386824,0.540312197173086,FALSE,FALSE
1989-12-22,Amundsen_Bellingshausen,2.505582959,-0.35966929888985266,0.35966929888985266,0.540312197173086,FALSE,FALSE
1989-12-23,Amundsen_Bellingshausen,2.499593808,-0.32831429862675465,0.32831429862675465,0.540312197173086,FALSE,FALSE
1989-12-24,Amundsen_Bellingshausen,2.46550892,-0.32349062704179454,0.32349062704179454,0.540312197173086,FALSE,FALSE
1989-12-25,Amundsen_Bellingshausen,2.416874338,-0.3318177795121824,0.3318177795121824,0.540312197173086,FALSE,FALSE
1989-12-26,Amundsen_Bellingshausen,2.364654483,-0.342496873415131,0.342496873415131,0.540312197173086,FALSE,FALSE
1989-12-27,Amundsen_Bellingshausen,2.327316505,-0.33722629712785057,0.33722629712785057,0.540312197173086,FALSE,FALSE
1989-12-28,Amundsen_Bellingshausen,2.291594918,-0.32943707502756014,0.32943707502756014,0.540312197173086,FALSE,FALSE
1989-12-29,Amundsen_Bellingshausen,2.290960471,-0.28582399649147083,0.28582399649147083,0.540312197173086,FALSE,FALSE
1989-12-30,Amundsen_Bellingshausen,2.278109993,-0.25385577089678923,0.25385577089678923,0.540312197173086,FALSE,FALSE
1989-12-31,Amundsen_Bellingshausen,2.247825656,-0.2389157646207365,0.2389157646207365,0.540312197173086,FALSE,FALSE
1990-01-01,Amundsen_Bellingshausen,2.206626329,-0.23465064704052407,0.23465064704052407,0.540312197173086,FALSE,FALSE
1990-01-02,Amundsen_Bellingshausen,2.171055527,-0.22467568352732892,0.22467568352732892,0.540312197173086,FALSE,FALSE
1990-01-03,Amundsen_Bellingshausen,2.152169221,-0.19806665142818855,0.19806665142818855,0.540312197173086,FALSE,FALSE
1990-01-04,Amundsen_Bellingshausen,2.12904986,-0.17586609208409598,0.17586609208409598,0.540312197173086,FALSE,FALSE
1990-01-05,Amundsen_Bellingshausen,2.086057504,-0.17383893583606147,0.17383893583606147,0.540312197173086,FALSE,FALSE
1990-01-06,Amundsen_Bellingshausen,2.045835475,-0.1694668510250792,0.1694668510250792,0.540312197173086,FALSE,FALSE
1990-01-07,Amundsen_Bellingshausen,1.998583582,-0.17267501899215465,0.17267501899215465,0.540312197173086,FALSE,FALSE
1990-01-08,Amundsen_Bellingshausen,1.965090535,-0.16279972007828625,0.16279972007828625,0.540312197173086,FALSE,FALSE
1990-01-09,Amundsen_Bellingshausen,1.920672763,-0.16464951562447472,0.16464951562447472,0.540312197173086,FALSE,FALSE
1990-01-10,Amundsen_Bellingshausen,1.874585788,-0.16909387397171916,0.16909387397171916,0.540312197173086,FALSE,FALSE
1990-01-11,Amundsen_Bellingshausen,1.841703278,-0.16138411746102244,0.16138411746102244,0.540312197173086,FALSE,FALSE
1990-01-12,Amundsen_Bellingshausen,1.814943986,-0.14872648343338435,0.14872648343338435,0.540312197173086,FALSE,FALSE
1990-01-13,Amundsen_Bellingshausen,1.773180065,-0.1523738092298037,0.1523738092298037,0.540312197173086,FALSE,FALSE
1990-01-14,Amundsen_Bellingshausen,1.73361089,-0.15524975437690158,0.15524975437690158,0.540312197173086,FALSE,FALSE
1990-01-15,Amundsen_Bellingshausen,1.704142591,-0.14950103931904435,0.14950103931904435,0.540312197173086,FALSE,FALSE
1990-01-16,Amundsen_Bellingshausen,1.647411151,-0.17245660587295197,0.17245660587295197,0.540312197173086,FALSE,FALSE
1990-01-17,Amundsen_Bellingshausen,1.587295001,-0.20019738714002264,0.20019738714002264,0.540312197173086,FALSE,FALSE
1990-01-18,Amundsen_Bellingshausen,1.540285659,-0.21619122922165743,0.21619122922165743,0.540312197173086,FALSE,FALSE
1990-01-19,Amundsen_Bellingshausen,1.519166925,-0.20761369621925563,0.20761369621925563,0.540312197173086,FALSE,FALSE
1990-01-20,Amundsen_Bellingshausen,1.498189504,-0.20017344723421893,0.20017344723421893,0.540312197173086,FALSE,FALSE
1990-01-21,Amundsen_Bellingshausen,1.47228293,-0.19890031236794536,0.19890031236794536,0.540312197173086,FALSE,FALSE
1990-01-22,Amundsen_Bellingshausen,1.448386638,-0.19681422072183621,0.19681422072183621,0.540312197173086,FALSE,FALSE
1990-01-23,Amundsen_Bellingshausen,1.422944779,-0.19743038539729185,0.19743038539729185,0.540312197173086,FALSE,FALSE
1990-01-24,Amundsen_Bellingshausen,1.397850591,-0.1988149324957107,0.1988149324957107,0.540312197173086,FALSE,FALSE
1990-01-25,Amundsen_Bellingshausen,1.383204177,-0.19082712311849503,0.19082712311849503,0.540312197173086,FALSE,FALSE
1990-01-26,Amundsen_Bellingshausen,1.364367716,-0.18806414236704327,0.18806414236704327,0.540312197173086,FALSE,FALSE
1990-01-27,Amundsen_Bellingshausen,1.353163205,-0.17866556146764467,0.17866556146764467,0.540312197173086,FALSE,FALSE
1990-01-28,Amundsen_Bellingshausen,1.320048821,-0.19214969237945145,0.19214969237945145,0.540312197173086,FALSE,FALSE
1990-01-29,Amundsen_Bellingshausen,1.321226489,-0.17229728604527672,0.17229728604527672,0.540312197173086,FALSE,FALSE
1990-01-30,Amundsen_Bellingshausen,1.31882808,-0.15695916733817716,0.15695916733817716,0.540312197173086,FALSE,FALSE
1990-01-31,Amundsen_Bellingshausen,1.320504279,-0.1384673471312039,0.1384673471312039,0.540312197173086,FALSE,FALSE
1990-02-01,Amundsen_Bellingshausen,1.317727887,-0.12533172029741046,0.12533172029741046,0.540312197173086,FALSE,FALSE
1990-02-02,Amundsen_Bellingshausen,1.304693231,-0.12334065570985107,0.12334065570985107,0.540312197173086,FALSE,FALSE
1990-02-03,Amundsen_Bellingshausen,1.306015046,-0.10786211424157743,0.10786211424157743,0.540312197173086,FALSE,FALSE
1990-02-04,Amundsen_Bellingshausen,1.309042181,-0.0915299427656422,0.0915299427656422,0.540312197173086,FALSE,FALSE
1990-02-05,Amundsen_Bellingshausen,1.291221562,-0.09687991115510086,0.09687991115510086,0.540312197173086,FALSE,FALSE
1990-02-06,Amundsen_Bellingshausen,1.284777813,-0.09167009128300484,0.09167009128300484,0.540312197173086,FALSE,FALSE
1990-02-07,Amundsen_Bellingshausen,1.286259512,-0.07933460102240719,0.07933460102240719,0.540312197173086,FALSE,FALSE
1990-02-08,Amundsen_Bellingshausen,1.276932488,-0.0785903928207965,0.0785903928207965,0.540312197173086,FALSE,FALSE
1990-02-09,Amundsen_Bellingshausen,1.256797957,-0.08943032994670741,0.08943032994670741,0.540312197173086,FALSE,FALSE
1990-02-10,Amundsen_Bellingshausen,1.278584039,-0.05914284032132078,0.05914284032132078,0.540312197173086,FALSE,FALSE
1990-02-11,Amundsen_Bellingshausen,1.271726531,-0.05831133141555611,0.05831133141555611,0.540312197173086,FALSE,FALSE
1990-02-12,Amundsen_Bellingshausen,1.268068123,-0.05511231770033587,0.05511231770033587,0.540312197173086,FALSE,FALSE
1990-02-13,Amundsen_Bellingshausen,1.26257075,-0.05460306864658082,0.05460306864658082,0.540312197173086,FALSE,FALSE
1990-02-14,Amundsen_Bellingshausen,1.26550424,-0.04653296072521096,0.04653296072521096,0.540312197173086,FALSE,FALSE
1990-02-15,Amundsen_Bellingshausen,1.262966136,-0.04482365540714883,0.04482365540714883,0.540312197173086,FALSE,FALSE
1990-02-16,Amundsen_Bellingshausen,1.264246181,-0.04020461416331589,0.04020461416331589,0.540312197173086,FALSE,FALSE
1990-02-17,Amundsen_Bellingshausen,1.267207577,-0.0348318394646312,0.0348318394646312,0.540312197173086,FALSE,FALSE
1990-02-18,Amundsen_Bellingshausen,1.250831252,-0.04974360778201703,0.04974360778201703,0.540312197173086,FALSE,FALSE
1990-02-19,Amundsen_Bellingshausen,1.260133986,-0.0399423435863957,0.0399423435863957,0.540312197173086,FALSE,FALSE
1990-02-20,Amundsen_Bellingshausen,1.247990249,-0.05257278134868626,0.05257278134868626,0.540312197173086,FALSE,FALSE
1990-02-21,Amundsen_Bellingshausen,1.252612598,-0.04943824560350474,0.04943824560350474,0.540312197173086,FALSE,FALSE
1990-02-22,Amundsen_Bellingshausen,1.254035827,-0.05047953782457815,0.05047953782457815,0.540312197173086,FALSE,FALSE
1990-02-23,Amundsen_Bellingshausen,1.257922913,-0.04998247643991882,0.04998247643991882,0.540312197173086,FALSE,FALSE
1990-02-24,Amundsen_Bellingshausen,1.268711423,-0.0434578054138619,0.0434578054138619,0.540312197173086,FALSE,FALSE
1990-02-25,Amundsen_Bellingshausen,1.287925731,-0.02932946171075001,0.02932946171075001,0.540312197173086,FALSE,FALSE
1990-02-26,Amundsen_Bellingshausen,1.302295001,-0.02081659229492127,0.02081659229492127,0.540312197173086,FALSE,FALSE
1990-02-27,Amundsen_Bellingshausen,1.304518492,-0.02516824913071569,0.02516824913071569,0.540312197173086,FALSE,FALSE
1990-02-28,Amundsen_Bellingshausen,1.306854323,-0.03007462418247075,0.03007462418247075,0.540312197173086,FALSE,FALSE
1990-03-01,Amundsen_Bellingshausen,1.297200286,-0.04758623641452764,0.04758623641452764,0.540312197173086,FALSE,FALSE
1990-03-02,Amundsen_Bellingshausen,1.287817688,-0.06539008979122518,0.06539008979122518,0.540312197173086,FALSE,FALSE
1990-03-03,Amundsen_Bellingshausen,1.270105031,-0.09203599327690326,0.09203599327690326,0.540312197173086,FALSE,FALSE
1990-03-04,Amundsen_Bellingshausen,1.262005084,-0.10952948883589976,0.10952948883589976,0.540312197173086,FALSE,FALSE
1990-03-05,Amundsen_Bellingshausen,1.281879779,-0.09945695875963212,0.09945695875963212,0.540312197173086,FALSE,FALSE
1990-03-06,Amundsen_Bellingshausen,1.291915274,-0.0995929356496994,0.0995929356496994,0.540312197173086,FALSE,FALSE
1990-03-07,Amundsen_Bellingshausen,1.275469224,-0.12658074767249783,0.12658074767249783,0.540312197173086,FALSE,FALSE
1990-03-08,Amundsen_Bellingshausen,1.26738298,-0.14558821285125023,0.14558821285125023,0.540312197173086,FALSE,FALSE
1990-03-09,Amundsen_Bellingshausen,1.272726035,-0.15155500720918047,0.15155500720918047,0.540312197173086,FALSE,FALSE
1990-03-10,Amundsen_Bellingshausen,1.306545233,-0.12944345576951122,0.12944345576951122,0.540312197173086,FALSE,FALSE
1990-03-11,Amundsen_Bellingshausen,1.313854782,-0.13424851955546613,0.13424851955546613,0.540312197173086,FALSE,FALSE
1990-03-12,Amundsen_Bellingshausen,1.343207254,-0.11742679559026836,0.11742679559026836,0.540312197173086,FALSE,FALSE
1990-03-13,Amundsen_Bellingshausen,1.356703447,-0.11688665489714344,0.11688665489714344,0.540312197173086,FALSE,FALSE
1990-03-14,Amundsen_Bellingshausen,1.388464401,-0.09851622649931112,0.09851622649931112,0.540312197173086,FALSE,FALSE
1990-03-15,Amundsen_Bellingshausen,1.409054437,-0.09176035841999663,0.09176035841999663,0.540312197173086,FALSE,FALSE
1990-03-16,Amundsen_Bellingshausen,1.421048991,-0.09405278368242498,0.09405278368242498,0.540312197173086,FALSE,FALSE
1990-03-17,Amundsen_Bellingshausen,1.436521493,-0.09332924130981655,0.09332924130981655,0.540312197173086,FALSE,FALSE
1990-03-18,Amundsen_Bellingshausen,1.444171796,-0.10089855654343816,0.10089855654343816,0.540312197173086,FALSE,FALSE
1990-03-19,Amundsen_Bellingshausen,1.451608496,-0.1091485544166797,0.1091485544166797,0.540312197173086,FALSE,FALSE
1990-03-20,Amundsen_Bellingshausen,1.454303374,-0.12259105382083035,0.12259105382083035,0.540312197173086,FALSE,FALSE
1990-03-21,Amundsen_Bellingshausen,1.444746353,-0.14871912800683318,0.14871912800683318,0.540312197173086,FALSE,FALSE
1990-03-22,Amundsen_Bellingshausen,1.429204116,-0.18124909022563251,0.18124909022563251,0.540312197173086,FALSE,FALSE
1990-03-23,Amundsen_Bellingshausen,1.418398591,-0.20944200872817187,0.20944200872817187,0.540312197173086,FALSE,FALSE
1990-03-24,Amundsen_Bellingshausen,1.419815234,-0.22579542376539252,0.22579542376539252,0.540312197173086,FALSE,FALSE
1990-03-25,Amundsen_Bellingshausen,1.454683495,-0.20906288158824027,0.20906288158824027,0.540312197173086,FALSE,FALSE
1990-03-26,Amundsen_Bellingshausen,1.476071072,-0.20615968044765776,0.20615968044765776,0.540312197173086,FALSE,FALSE
1990-03-27,Amundsen_Bellingshausen,1.484494458,-0.2165523235945872,0.2165523235945872,0.540312197173086,FALSE,FALSE
1990-03-28,Amundsen_Bellingshausen,1.488987173,-0.23119028727997315,0.23119028727997315,0.540312197173086,FALSE,FALSE
1990-03-29,Amundsen_Bellingshausen,1.497272652,-0.24233313275475932,0.24233313275475932,0.540312197173086,FALSE,FALSE
1990-03-30,Amundsen_Bellingshausen,1.489608483,-0.2697062682698881,0.2697062682698881,0.540312197173086,FALSE,FALSE
1990-03-31,Amundsen_Bellingshausen,1.488103389,-0.2911869267033478,0.2911869267033478,0.540312197173086,FALSE,FALSE
1990-04-01,Amundsen_Bellingshausen,1.508097356,-0.2914372553528908,0.2914372553528908,0.540312197173086,FALSE,FALSE
1990-04-02,Amundsen_Bellingshausen,1.551613845,-0.2684414261418502,0.2684414261418502,0.540312197173086,FALSE,FALSE
1990-04-03,Amundsen_Bellingshausen,1.602605967,-0.23825396554010192,0.23825396554010192,0.540312197173086,FALSE,FALSE
1990-04-04,Amundsen_Bellingshausen,1.62717492,-0.2347813130175178,0.2347813130175178,0.540312197173086,FALSE,FALSE
1990-04-05,Amundsen_Bellingshausen,1.653285492,-0.23006631804397304,0.23006631804397304,0.540312197173086,FALSE,FALSE
1990-04-06,Amundsen_Bellingshausen,1.666291598,-0.23876270308933537,0.23876270308933537,0.540312197173086,FALSE,FALSE
1990-04-07,Amundsen_Bellingshausen,1.682470442,-0.24460090162348205,0.24460090162348205,0.540312197173086,FALSE,FALSE
1990-04-08,Amundsen_Bellingshausen,1.6697316,-0.2796789751162825,0.2796789751162825,0.540312197173086,FALSE,FALSE
1990-04-09,Amundsen_Bellingshausen,1.656004246,-0.3160753870376116,0.3160753870376116,0.540312197173086,FALSE,FALSE
1990-04-10,Amundsen_Bellingshausen,1.658973383,-0.33611277185734245,0.33611277185734245,0.540312197173086,FALSE,FALSE
1990-04-11,Amundsen_Bellingshausen,1.708055906,-0.31038187204534684,0.31038187204534684,0.540312197173086,FALSE,FALSE
1990-04-12,Amundsen_Bellingshausen,1.776567638,-0.26557445296473015,0.26557445296473015,0.540312197173086,FALSE,FALSE
1990-04-13,Amundsen_Bellingshausen,1.829950039,-0.2362531431279027,0.2362531431279027,0.540312197173086,FALSE,FALSE
1990-04-14,Amundsen_Bellingshausen,1.873109471,-0.21750989957478797,0.21750989957478797,0.540312197173086,FALSE,FALSE
1990-04-15,Amundsen_Bellingshausen,1.907310967,-0.20807746945074743,0.20807746945074743,0.540312197173086,FALSE,FALSE
1990-04-16,Amundsen_Bellingshausen,1.938496949,-0.20201121090115337,0.20201121090115337,0.540312197173086,FALSE,FALSE
1990-04-17,Amundsen_Bellingshausen,1.938260381,-0.22771594007136775,0.22771594007136775,0.540312197173086,FALSE,FALSE
1990-04-18,Amundsen_Bellingshausen,1.945431797,-0.2463589031067568,0.2463589031067568,0.540312197173086,FALSE,FALSE
1990-04-19,Amundsen_Bellingshausen,1.988031398,-0.22991767915268868,0.22991767915268868,0.540312197173086,FALSE,FALSE
1990-04-20,Amundsen_Bellingshausen,2.047230562,-0.19721867035452867,0.19721867035452867,0.540312197173086,FALSE,FALSE
1990-04-21,Amundsen_Bellingshausen,2.065157864,-0.20613108185764428,0.20613108185764428,0.540312197173086,FALSE,FALSE
1990-04-22,Amundsen_Bellingshausen,2.097206328,-0.2012596698073996,0.2012596698073996,0.540312197173086,FALSE,FALSE
1990-04-23,Amundsen_Bellingshausen,2.136615489,-0.18936267934916096,0.18936267934916096,0.540312197173086,FALSE,FALSE
1990-04-24,Amundsen_Bellingshausen,2.169443579,-0.1843796586282962,0.1843796586282962,0.540312197173086,FALSE,FALSE
1990-04-25,Amundsen_Bellingshausen,2.192007895,-0.18998674962223383,0.18998674962223383,0.540312197173086,FALSE,FALSE
1990-04-26,Amundsen_Bellingshausen,2.197995354,-0.21244924422881972,0.21244924422881972,0.540312197173086,FALSE,FALSE
1990-04-27,Amundsen_Bellingshausen,2.198587774,-0.2405147493627946,0.2405147493627946,0.540312197173086,FALSE,FALSE
1990-04-28,Amundsen_Bellingshausen,2.16276218,-0.3051354249347913,0.3051354249347913,0.540312197173086,FALSE,FALSE
1990-04-29,Amundsen_Bellingshausen,2.136408308,-0.3603507198554486,0.3603507198554486,0.540312197173086,FALSE,FALSE
1990-04-30,Amundsen_Bellingshausen,2.107570079,-0.4180458980354058,0.4180458980354058,0.540312197173086,FALSE,FALSE
1990-05-01,Amundsen_Bellingshausen,2.083225155,-0.4711724823852994,0.4711724823852994,0.540312197173086,FALSE,FALSE
1990-05-02,Amundsen_Bellingshausen,2.074261529,-0.5087716648157667,0.5087716648157667,0.540312197173086,FALSE,FALSE
1990-05-03,Amundsen_Bellingshausen,2.115764518,-0.4956873132374442,0.4956873132374442,0.540312197173086,FALSE,FALSE
1990-05-04,Amundsen_Bellingshausen,2.195483269,-0.44409946556096713,0.44409946556096713,0.540312197173086,FALSE,FALSE
1990-05-05,Amundsen_Bellingshausen,2.26057167,-0.40678341869697654,0.40678341869697654,0.540312197173086,FALSE,FALSE
1990-05-06,Amundsen_Bellingshausen,2.364763215,-0.32993486355610635,0.32993486355610635,0.540312197173086,FALSE,FALSE
1990-05-07,Amundsen_Bellingshausen,2.444553292,-0.27698763603212306,0.27698763603212306,0.540312197173086,FALSE,FALSE
1990-05-08,Amundsen_Bellingshausen,2.488825824,-0.25900877072089923,0.25900877072089923,0.540312197173086,FALSE,FALSE
1990-05-09,Amundsen_Bellingshausen,2.509817767,-0.2637701128686394,0.2637701128686394,0.540312197173086,FALSE,FALSE
1990-05-10,Amundsen_Bellingshausen,2.536066077,-0.2627530250864001,0.2627530250864001,0.540312197173086,FALSE,FALSE
1990-05-11,Amundsen_Bellingshausen,2.593009498,-0.23053708198524347,0.23053708198524347,0.540312197173086,FALSE,FALSE
1990-05-12,Amundsen_Bellingshausen,2.624709672,-0.22307896017622664,0.22307896017622664,0.540312197173086,FALSE,FALSE
1990-05-13,Amundsen_Bellingshausen,2.687462761,-0.18410081627040809,0.18410081627040809,0.540312197173086,FALSE,FALSE
1990-05-14,Amundsen_Bellingshausen,2.76748331,-0.1274064238788517,0.1274064238788517,0.540312197173086,FALSE,FALSE
1990-05-15,Amundsen_Bellingshausen,2.869679863,-0.04810555761261392,0.04810555761261392,0.540312197173086,FALSE,FALSE
1990-05-16,Amundsen_Bellingshausen,2.924323916,-0.01594504008275388,0.01594504008275388,0.540312197173086,FALSE,FALSE
1990-05-17,Amundsen_Bellingshausen,2.96097297,-0.00138568890033319,0.00138568890033319,0.540312197173086,FALSE,FALSE
1990-05-18,Amundsen_Bellingshausen,2.966189706,-0.01788314167640914,0.01788314167640914,0.540312197173086,FALSE,FALSE
1990-05-19,Amundsen_Bellingshausen,2.974088905,-0.03134093602204313,0.03134093602204313,0.540312197173086,FALSE,FALSE
1990-05-20,Amundsen_Bellingshausen,2.9753855,-0.05106239593895534,0.05106239593895534,0.540312197173086,FALSE,FALSE
1990-05-21,Amundsen_Bellingshausen,2.969434358,-0.0777097872239203,0.0777097872239203,0.540312197173086,FALSE,FALSE
1990-05-22,Amundsen_Bellingshausen,2.974991925,-0.09254281447407432,0.09254281447407432,0.540312197173086,FALSE,FALSE
1990-05-23,Amundsen_Bellingshausen,2.941605967,-0.14602982924072672,0.14602982924072672,0.540312197173086,FALSE,FALSE
1990-05-24,Amundsen_Bellingshausen,2.911491844,-0.1959715890751812,0.1959715890751812,0.540312197173086,FALSE,FALSE
1990-05-25,Amundsen_Bellingshausen,2.902886404,-0.2241473635287465,0.2241473635287465,0.540312197173086,FALSE,FALSE
1990-05-26,Amundsen_Bellingshausen,2.935782877,-0.21058004015273113,0.21058004015273113,0.540312197173086,FALSE,FALSE
1990-05-27,Amundsen_Bellingshausen,3.004591362,-0.16087563749844058,0.16087563749844058,0.540312197173086,FALSE,FALSE
1990-05-28,Amundsen_Bellingshausen,3.076574099,-0.10778803311718256,0.10778803311718256,0.540312197173086,FALSE,FALSE
1990-05-29,Amundsen_Bellingshausen,3.110019668,-0.09304476456026343,0.09304476456026343,0.540312197173086,FALSE,FALSE
1990-05-30,Amundsen_Bellingshausen,3.135425739,-0.08616427937899251,0.08616427937899251,0.540312197173086,FALSE,FALSE
1990-05-31,Amundsen_Bellingshausen,3.127232981,-0.11272202612467595,0.11272202612467595,0.540312197173086,FALSE,FALSE
1990-06-01,Amundsen_Bellingshausen,3.094570198,-0.1636053183486217,0.1636053183486217,0.540312197173086,FALSE,FALSE
1990-06-02,Amundsen_Bellingshausen,3.085001159,-0.1912583363327411,0.1912583363327411,0.540312197173086,FALSE,FALSE
1990-06-03,Amundsen_Bellingshausen,3.10543118,-0.18874747671011916,0.18874747671011916,0.540312197173086,FALSE,FALSE
1990-06-04,Amundsen_Bellingshausen,3.169129646,-0.14276502198808716,0.14276502198808716,0.540312197173086,FALSE,FALSE
1990-06-05,Amundsen_Bellingshausen,3.241835168,-0.08753402830187396,0.08753402830187396,0.540312197173086,FALSE,FALSE
1990-06-06,Amundsen_Bellingshausen,3.287123758,-0.05944015078671549,0.05944015078671549,0.540312197173086,FALSE,FALSE
1990-06-07,Amundsen_Bellingshausen,3.304156061,-0.05928441157784281,0.05928441157784281,0.540312197173086,FALSE,FALSE
1990-06-08,Amundsen_Bellingshausen,3.325102076,-0.05485847881048755,0.05485847881048755,0.540312197173086,FALSE,FALSE
1990-06-09,Amundsen_Bellingshausen,3.333051162,-0.06303466061988372,0.06303466061988372,0.540312197173086,FALSE,FALSE
1990-06-10,Amundsen_Bellingshausen,3.329403296,-0.08237464714126075,0.08237464714126075,0.540312197173086,FALSE,FALSE
1990-06-11,Amundsen_Bellingshausen,3.30979766,-0.11720092350985611,0.11720092350985611,0.540312197173086,FALSE,FALSE
1990-06-12,Amundsen_Bellingshausen,3.293597257,-0.1481121538609007,0.1481121538609007,0.540312197173086,FALSE,FALSE
1990-06-13,Amundsen_Bellingshausen,3.280112167,-0.17575992532962426,0.17575992532962426,0.540312197173086,FALSE,FALSE
1990-06-14,Amundsen_Bellingshausen,3.260411721,-0.20903759777675956,0.20903759777675956,0.540312197173086,FALSE,FALSE
1990-06-15,Amundsen_Bellingshausen,3.2417767,-0.2406722111285977,0.2406722111285977,0.540312197173086,FALSE,FALSE
1990-06-16,Amundsen_Bellingshausen,3.228938002,-0.2660026002452285,0.2660026002452285,0.540312197173086,FALSE,FALSE
1990-06-17,Amundsen_Bellingshausen,3.232132603,-0.27486600761191404,0.27486600761191404,0.540312197173086,FALSE,FALSE
1990-06-18,Amundsen_Bellingshausen,3.247610663,-0.27108649171391486,0.27108649171391486,0.540312197173086,FALSE,FALSE
1990-06-19,Amundsen_Bellingshausen,3.240004879,-0.2901055740364886,0.2901055740364886,0.540312197173086,FALSE,FALSE
1990-06-20,Amundsen_Bellingshausen,3.220783329,-0.32052939506489553,0.32052939506489553,0.540312197173086,FALSE,FALSE
1990-06-21,Amundsen_Bellingshausen,3.204533315,-0.3478448712843938,0.3478448712843938,0.540312197173086,FALSE,FALSE
1990-06-22,Amundsen_Bellingshausen,3.188925387,-0.3744556711802445,0.3744556711802445,0.540312197173086,FALSE,FALSE
1990-06-23,Amundsen_Bellingshausen,3.183509446,-0.390886112237705,0.390886112237705,0.540312197173086,FALSE,FALSE
1990-06-24,Amundsen_Bellingshausen,3.181752995,-0.40374290994203754,0.40374290994203754,0.540312197173086,FALSE,FALSE
1990-06-25,Amundsen_Bellingshausen,3.148461842,-0.448294474778499,0.448294474778499,0.540312197173086,FALSE,FALSE
1990-06-26,Amundsen_Bellingshausen,3.130856656,-0.47739435623235105,0.47739435623235105,0.540312197173086,FALSE,FALSE
1990-06-27,Amundsen_Bellingshausen,3.078232836,-0.5418122633506055,0.5418122633506055,0.540312197173086,TRUE,FALSE
1990-06-28,Amundsen_Bellingshausen,3.042504626,-0.5896302171053613,0.5896302171053613,0.540312197173086,TRUE,FALSE
1990-06-29,Amundsen_Bellingshausen,3.042626234,-0.6018588173616894,0.6018588173616894,0.540312197173086,TRUE,FALSE
1990-06-30,Amundsen_Bellingshausen,3.091418946,-0.5656414242476147,0.5656414242476147,0.540312197173086,TRUE,FALSE
1990-07-01,Amundsen_Bellingshausen,3.156958032,-0.5128674138911591,0.5128674138911591,0.540312197173086,FALSE,FALSE
1990-07-02,Amundsen_Bellingshausen,3.190871834,-0.49187309042034766,0.49187309042034766,0.540312197173086,FALSE,FALSE
1990-07-03,Amundsen_Bellingshausen,3.23542101,-0.4603624419632042,0.4603624419632042,0.540312197173086,FALSE,FALSE
1990-07-04,Amundsen_Bellingshausen,3.259967832,-0.4489378426477497,0.4489378426477497,0.540312197173086,FALSE,FALSE
1990-07-05,Amundsen_Bellingshausen,3.235226909,-0.48684932960201266,0.48684932960201266,0.540312197173086,FALSE,FALSE
1990-07-06,Amundsen_Bellingshausen,3.221461045,-0.5137987449540131,0.5137987449540131,0.540312197173086,FALSE,FALSE
1990-07-07,Amundsen_Bellingshausen,3.241276381,-0.5071445938317733,0.5071445938317733,0.540312197173086,FALSE,FALSE
1990-07-08,Amundsen_Bellingshausen,3.301521228,-0.4600032113633201,0.4600032113633201,0.540312197173086,FALSE,FALSE
1990-07-09,Amundsen_Bellingshausen,3.306494033,-0.46804083299008914,0.46804083299008914,0.540312197173086,FALSE,FALSE
1990-07-10,Amundsen_Bellingshausen,3.273760833,-0.5136631669445171,0.5136631669445171,0.540312197173086,FALSE,FALSE
1990-07-11,Amundsen_Bellingshausen,3.256902388,-0.5432766551966597,0.5432766551966597,0.540312197173086,TRUE,FALSE
1990-07-12,Amundsen_Bellingshausen,3.303442065,-0.5093471782041386,0.5093471782041386,0.540312197173086,FALSE,FALSE
1990-07-13,Amundsen_Bellingshausen,3.371345697,-0.4538981504245765,0.4538981504245765,0.540312197173086,FALSE,FALSE
1990-07-14,Amundsen_Bellingshausen,3.413994834,-0.4235372693155921,0.4235372693155921,0.540312197173086,FALSE,FALSE
1990-07-15,Amundsen_Bellingshausen,3.446659651,-0.4029836073348054,0.4029836073348054,0.540312197173086,FALSE,FALSE
1990-07-16,Amundsen_Bellingshausen,3.46415171,-0.397414849939842,0.397414849939842,0.540312197173086,FALSE,FALSE
1990-07-17,Amundsen_Bellingshausen,3.51628084,-0.3570104155883205,0.3570104155883205,0.540312197173086,FALSE,FALSE
1990-07-18,Amundsen_Bellingshausen,3.557465314,-0.3273412787378578,0.3273412787378578,0.540312197173086,FALSE,FALSE
1990-07-19,Amundsen_Bellingshausen,3.571461723,-0.3246400958460818,0.3246400958460818,0.540312197173086,FALSE,FALSE
1990-07-20,Amundsen_Bellingshausen,3.596470918,-0.31069526337061326,0.31069526337061326,0.540312197173086,FALSE,FALSE
1990-07-21,Amundsen_Bellingshausen,3.613618481,-0.3043704467690689,0.3043704467690689,0.540312197173086,FALSE,FALSE
1990-07-22,Amundsen_Bellingshausen,3.650143078,-0.2784159475449952,0.2784159475449952,0.540312197173086,FALSE,FALSE
1990-07-23,Amundsen_Bellingshausen,3.710793348,-0.2280682301924464,0.2280682301924464,0.540312197173086,FALSE,FALSE
1990-07-24,Amundsen_Bellingshausen,3.764964544,-0.18391432857560996,0.18391432857560996,0.540312197173086,FALSE,FALSE
1990-07-25,Amundsen_Bellingshausen,3.75985539,-0.19873774166654945,0.19873774166654945,0.540312197173086,FALSE,FALSE
1990-07-26,Amundsen_Bellingshausen,3.734524913,-0.23346166543732583,0.23346166543732583,0.540312197173086,FALSE,FALSE
1990-07-27,Amundsen_Bellingshausen,3.740362309,-0.2366791268599977,0.2366791268599977,0.540312197173086,FALSE,FALSE
1990-07-28,Amundsen_Bellingshausen,3.743263128,-0.24247679890663631,0.24247679890663631,0.540312197173086,FALSE,FALSE
1990-07-29,Amundsen_Bellingshausen,3.718978262,-0.2750860125492971,0.2750860125492971,0.540312197173086,FALSE,FALSE
1990-07-30,Amundsen_Bellingshausen,3.728272278,-0.27372442376004935,0.27372442376004935,0.540312197173086,FALSE,FALSE
1990-07-31,Amundsen_Bellingshausen,3.748900788,-0.260618643510949,0.260618643510949,0.540312197173086,FALSE,FALSE
1990-08-01,Amundsen_Bellingshausen,3.754202494,-0.2624121927740588,0.2624121927740588,0.540312197173086,FALSE,FALSE
1990-08-02,Amundsen_Bellingshausen,3.770791026,-0.2524736645214465,0.2524736645214465,0.540312197173086,FALSE,FALSE
1990-08-03,Amundsen_Bellingshausen,3.805856023,-0.2235956432526618,0.2235956432526618,0.540312197173086,FALSE,FALSE
1990-08-04,Amundsen_Bellingshausen,3.847242592,-0.18792948560063705,0.18792948560063705,0.540312197173086,FALSE,FALSE
1990-08-05,Amundsen_Bellingshausen,3.912395033,-0.1280787248600932,0.1280787248600932,0.540312197173086,FALSE,FALSE
1990-08-06,Amundsen_Bellingshausen,3.937468402,-0.10794771779706602,0.10794771779706602,0.540312197173086,FALSE,FALSE
1990-08-07,Amundsen_Bellingshausen,3.948151902,-0.10190667417760224,0.10190667417760224,0.540312197173086,FALSE,FALSE
1990-08-08,Amundsen_Bellingshausen,3.902268575,-0.15219196476774055,0.15219196476774055,0.540312197173086,FALSE,FALSE
1990-08-09,Amundsen_Bellingshausen,3.847934031,-0.21074739233352835,0.21074739233352835,0.540312197173086,FALSE,FALSE
1990-08-10,Amundsen_Bellingshausen,3.778570357,-0.2842102826410078,0.2842102826410078,0.540312197173086,FALSE,FALSE
1990-08-11,Amundsen_Bellingshausen,3.704499386,-0.3623182154562157,0.3623182154562157,0.540312197173086,FALSE,FALSE
1990-08-12,Amundsen_Bellingshausen,3.737725048,-0.3331266735452014,0.3331266735452014,0.540312197173086,FALSE,FALSE
1990-08-13,Amundsen_Bellingshausen,3.727594112,-0.3473483006740037,0.3473483006740037,0.540312197173086,FALSE,FALSE
1990-08-14,Amundsen_Bellingshausen,3.748249158,-0.3308999296086679,0.3308999296086679,0.540312197173086,FALSE,FALSE
1990-08-15,Amundsen_Bellingshausen,3.748835874,-0.3346952851152354,0.3346952851152354,0.540312197173086,FALSE,FALSE
1990-08-16,Amundsen_Bellingshausen,3.74250201,-0.3456438683202592,0.3456438683202592,0.540312197173086,FALSE,FALSE
1990-08-17,Amundsen_Bellingshausen,3.715941638,-0.3770446093477182,0.3770446093477182,0.540312197173086,FALSE,FALSE
1990-08-18,Amundsen_Bellingshausen,3.668174819,-0.42979691127104314,0.42979691127104314,0.540312197173086,FALSE,FALSE
1990-08-19,Amundsen_Bellingshausen,3.61734513,-0.4856726310883918,0.4856726310883918,0.540312197173086,FALSE,FALSE
1990-08-20,Amundsen_Bellingshausen,3.578172676,-0.5298670977979287,0.5298670977979287,0.540312197173086,FALSE,FALSE
1990-08-21,Amundsen_Bellingshausen,3.590081375,-0.522871827397823,0.522871827397823,0.540312197173086,FALSE,FALSE
1990-08-22,Amundsen_Bellingshausen,3.623253252,-0.49442022888623294,0.49442022888623294,0.540312197173086,FALSE,FALSE
1990-08-23,Amundsen_Bellingshausen,3.642699044,-0.4794169992613253,0.4794169992613253,0.540312197173086,FALSE,FALSE
1990-08-24,Amundsen_Bellingshausen,3.748301146,-0.3778951775212622,0.3778951775212622,0.540312197173086,FALSE,FALSE
1990-08-25,Amundsen_Bellingshausen,3.747879444,-0.3819503116642058,0.3819503116642058,0.540312197173086,FALSE,FALSE
1990-08-26,Amundsen_Bellingshausen,3.762116812,-0.3708149616883296,0.3708149616883296,0.540312197173086,FALSE,FALSE
1990-08-27,Amundsen_Bellingshausen,3.778563658,-0.3568541535917835,0.3568541535917835,0.540312197173086,FALSE,FALSE
1990-08-28,Amundsen_Bellingshausen,3.77015223,-0.36705107337274345,0.36705107337274345,0.540312197173086,FALSE,FALSE
1990-08-29,Amundsen_Bellingshausen,3.753384516,-0.3848341585063797,0.3848341585063797,0.540312197173086,FALSE,FALSE
1990-08-30,Amundsen_Bellingshausen,3.764436425,-0.3740490391077578,0.3740490391077578,0.540312197173086,FALSE,FALSE
1990-08-31,Amundsen_Bellingshausen,3.809980521,-0.32807892458898547,0.32807892458898547,0.540312197173086,FALSE,FALSE
1990-09-01,Amundsen_Bellingshausen,3.906859456,-0.23013699776725935,0.23013699776725935,0.540312197173086,FALSE,FALSE
1990-09-02,Amundsen_Bellingshausen,3.9274967,-0.20785562345978192,0.20785562345978192,0.540312197173086,FALSE,FALSE
1990-09-03,Amundsen_Bellingshausen,4.000624351,-0.1325585384837451,0.1325585384837451,0.540312197173086,FALSE,FALSE
1990-09-04,Amundsen_Bellingshausen,4.09712384,-0.03342014665635062,0.03342014665635062,0.540312197173086,FALSE,FALSE
1990-09-05,Amundsen_Bellingshausen,4.107470193,-0.02002125679479505,0.02002125679479505,0.540312197173086,FALSE,FALSE
1990-09-06,Amundsen_Bellingshausen,4.076660735,-0.0474203787162768,0.0474203787162768,0.540312197173086,FALSE,FALSE
1990-09-07,Amundsen_Bellingshausen,4.018653643,-0.10171517023799216,0.10171517023799216,0.540312197173086,FALSE,FALSE
1990-09-08,Amundsen_Bellingshausen,3.972781162,-0.14362922117714438,0.14362922117714438,0.540312197173086,FALSE,FALSE
1990-09-09,Amundsen_Bellingshausen,3.921596098,-0.19066556035092752,0.19066556035092752,0.540312197173086,FALSE,FALSE
1990-09-10,Amundsen_Bellingshausen,3.899794982,-0.2081832350505599,0.2081832350505599,0.540312197173086,FALSE,FALSE
1990-09-11,Amundsen_Bellingshausen,3.856248032,-0.24734325313540317,0.24734325313540317,0.540312197173086,FALSE,FALSE
1990-09-12,Amundsen_Bellingshausen,3.815439877,-0.28364814310771,0.28364814310771,0.540312197173086,FALSE,FALSE
1990-09-13,Amundsen_Bellingshausen,3.838780661,-0.25567027845591594,0.25567027845591594,0.540312197173086,FALSE,FALSE
1990-09-14,Amundsen_Bellingshausen,3.875557396,-0.21410516466845353,0.21410516466845353,0.540312197173086,FALSE,FALSE
1990-09-15,Amundsen_Bellingshausen,3.896514944,-0.18819045723377092,0.18819045723377092,0.540312197173086,FALSE,FALSE
1990-09-16,Amundsen_Bellingshausen,3.894909934,-0.1846520446402975,0.1846520446402975,0.540312197173086,FALSE,FALSE
1990-09-17,Amundsen_Bellingshausen,3.902519674,-0.1716951363764747,0.1716951363764747,0.540312197173086,FALSE,FALSE
1990-09-18,Amundsen_Bellingshausen,3.994814125,-0.07383228893074145,0.07383228893074145,0.540312197173086,FALSE,FALSE
1990-09-19,Amundsen_Bellingshausen,4.075356189,0.01251688220846958,0.01251688220846958,0.540312197173086,FALSE,FALSE
1990-09-20,Amundsen_Bellingshausen,4.05862049,0.00184448355272071,0.00184448355272071,0.540312197173086,FALSE,FALSE
1990-09-21,Amundsen_Bellingshausen,4.029426487,-0.02101254338642988,0.02101254338642988,0.540312197173086,FALSE,FALSE
1990-09-22,Amundsen_Bellingshausen,4.008530097,-0.03528079909741866,0.03528079909741866,0.540312197173086,FALSE,FALSE
1990-09-23,Amundsen_Bellingshausen,4.015094197,-0.02178050514387042,0.02178050514387042,0.540312197173086,FALSE,FALSE
1990-09-24,Amundsen_Bellingshausen,4.052492334,0.02287256584693775,0.02287256584693775,0.540312197173086,FALSE,FALSE
1990-09-25,Amundsen_Bellingshausen,4.078215448,0.05617626045490809,0.05617626045490809,0.540312197173086,FALSE,FALSE
1990-09-26,Amundsen_Bellingshausen,4.051247575,0.0371214683094534,0.0371214683094534,0.540312197173086,FALSE,FALSE
1990-09-27,Amundsen_Bellingshausen,4.012576709,0.00670303703999675,0.00670303703999675,0.540312197173086,FALSE,FALSE
1990-09-28,Amundsen_Bellingshausen,3.970262264,-0.02701276572404731,0.02701276572404731,0.540312197173086,FALSE,FALSE
1990-09-29,Amundsen_Bellingshausen,3.955190892,-0.03313243435325797,0.03313243435325797,0.540312197173086,FALSE,FALSE
1990-09-30,Amundsen_Bellingshausen,3.921312575,-0.0576991332182204,0.0576991332182204,0.540312197173086,FALSE,FALSE
1990-10-01,Amundsen_Bellingshausen,3.880272918,-0.08906040368951107,0.08906040368951107,0.540312197173086,FALSE,FALSE
1990-10-02,Amundsen_Bellingshausen,3.830404383,-0.12887693013771528,0.12887693013771528,0.540312197173086,FALSE,FALSE
1990-10-03,Amundsen_Bellingshausen,3.829927843,-0.11892098593341194,0.11892098593341194,0.540312197173086,FALSE,FALSE
1990-10-04,Amundsen_Bellingshausen,3.830139591,-0.1078894244471842,0.1078894244471842,0.540312197173086,FALSE,FALSE
1990-10-05,Amundsen_Bellingshausen,3.816324004,-0.11049103015784743,0.11049103015784743,0.540312197173086,FALSE,FALSE
1990-10-06,Amundsen_Bellingshausen,3.800531611,-0.11468671091069148,0.11468671091069148,0.540312197173086,FALSE,FALSE
1990-10-07,Amundsen_Bellingshausen,3.807252331,-0.09605174244240187,0.09605174244240187,0.540312197173086,FALSE,FALSE
1990-10-08,Amundsen_Bellingshausen,3.790317747,-0.10082957138987858,0.10082957138987858,0.540312197173086,FALSE,FALSE
1990-10-09,Amundsen_Bellingshausen,3.777679185,-0.10114390139002571,0.10114390139002571,0.540312197173086,FALSE,FALSE
1990-10-10,Amundsen_Bellingshausen,3.779171781,-0.08723462607975074,0.08723462607975074,0.540312197173086,FALSE,FALSE
1990-10-11,Amundsen_Bellingshausen,3.761932412,-0.09203989809595337,0.09203989809595337,0.540312197173086,FALSE,FALSE
1990-10-12,Amundsen_Bellingshausen,3.738484324,-0.10311150107553768,0.10311150107553768,0.540312197173086,FALSE,FALSE
1990-10-13,Amundsen_Bellingshausen,3.724281604,-0.10507037765540785,0.10507037765540785,0.540312197173086,FALSE,FALSE
1990-10-14,Amundsen_Bellingshausen,3.708389846,-0.10892596347246464,0.10892596347246464,0.540312197173086,FALSE,FALSE
1990-10-15,Amundsen_Bellingshausen,3.688410814,-0.1171515241636154,0.1171515241636154,0.540312197173086,FALSE,FALSE
1990-10-16,Amundsen_Bellingshausen,3.681609407,-0.11255719036576206,0.11255719036576206,0.540312197173086,FALSE,FALSE
1990-10-17,Amundsen_Bellingshausen,3.690644457,-0.09255915971580686,0.09255915971580686,0.540312197173086,FALSE,FALSE
1990-10-18,Amundsen_Bellingshausen,3.689067088,-0.08367804541167789,0.08367804541167789,0.540312197173086,FALSE,FALSE
1990-10-19,Amundsen_Bellingshausen,3.716547358,-0.04624559622299573,0.04624559622299573,0.540312197173086,FALSE,FALSE
1990-10-20,Amundsen_Bellingshausen,3.710844768,-0.04243726336072973,0.04243726336072973,0.540312197173086,FALSE,FALSE
1990-10-21,Amundsen_Bellingshausen,3.693624031,-0.05052060916101819,0.05052060916101819,0.540312197173086,FALSE,FALSE
1990-10-22,Amundsen_Bellingshausen,3.705823453,-0.02948960296000313,0.02948960296000313,0.540312197173086,FALSE,FALSE
1990-10-23,Amundsen_Bellingshausen,3.725071496,-0.0016480580938194,0.0016480580938194,0.540312197173086,FALSE,FALSE
1990-10-24,Amundsen_Bellingshausen,3.73941229,0.02111588010138909,0.02111588010138909,0.540312197173086,FALSE,FALSE
1990-10-25,Amundsen_Bellingshausen,3.734044921,0.02406902228948437,0.02406902228948437,0.540312197173086,FALSE,FALSE
1990-10-26,Amundsen_Bellingshausen,3.753587473,0.05189717713432662,0.05189717713432662,0.540312197173086,FALSE,FALSE
1990-10-27,Amundsen_Bellingshausen,3.786980584,0.09360870729977844,0.09360870729977844,0.540312197173086,FALSE,FALSE
1990-10-28,Amundsen_Bellingshausen,3.811855766,0.12690284944969665,0.12690284944969665,0.540312197173086,FALSE,FALSE
1990-10-29,Amundsen_Bellingshausen,3.815822996,0.13945730524794486,0.13945730524794486,0.540312197173086,FALSE,FALSE
1990-10-30,Amundsen_Bellingshausen,3.816321225,0.14877875035838262,0.14877875035838262,0.540312197173086,FALSE,FALSE
1990-10-31,Amundsen_Bellingshausen,3.816849773,0.15842320398385024,0.15842320398385024,0.540312197173086,FALSE,FALSE
1990-11-01,Amundsen_Bellingshausen,3.787150798,0.13813525361396684,0.13813525361396684,0.540312197173086,FALSE,FALSE
1990-11-02,Amundsen_Bellingshausen,3.795298905,0.15597526419131347,0.15597526419131347,0.540312197173086,FALSE,FALSE
1990-11-03,Amundsen_Bellingshausen,3.772524401,0.14315929817725026,0.14315929817725026,0.540312197173086,FALSE,FALSE
1990-11-04,Amundsen_Bellingshausen,3.742606506,0.12345233103314346,0.12345233103314346,0.540312197173086,FALSE,FALSE
1990-11-05,Amundsen_Bellingshausen,3.707206144,0.09850104222035672,0.09850104222035672,0.540312197173086,FALSE,FALSE
1990-11-06,Amundsen_Bellingshausen,3.709244124,0.111211996200256,0.111211996200256,0.540312197173086,FALSE,FALSE
1990-11-07,Amundsen_Bellingshausen,3.73047481,0.14332531243420288,0.14332531243420288,0.540312197173086,FALSE,FALSE
1990-11-08,Amundsen_Bellingshausen,3.717000625,0.14092916938356392,0.14092916938356392,0.540312197173086,FALSE,FALSE
1990-11-09,Amundsen_Bellingshausen,3.700075265,0.1352630185097068,0.1352630185097068,0.540312197173086,FALSE,FALSE
1990-11-10,Amundsen_Bellingshausen,3.669480247,0.11609413227399212,0.11609413227399212,0.540312197173086,FALSE,FALSE
1990-11-11,Amundsen_Bellingshausen,3.647498576,0.10569127113778444,0.10569127113778444,0.540312197173086,FALSE,FALSE
1990-11-12,Amundsen_Bellingshausen,3.62584571,0.09575562774148194,0.09575562774148194,0.540312197173086,FALSE,FALSE
1990-11-13,Amundsen_Bellingshausen,3.575451281,0.05720141693036318,0.05720141693036318,0.540312197173086,FALSE,FALSE
1990-11-14,Amundsen_Bellingshausen,3.53010307,0.02379927116130442,0.02379927116130442,0.540312197173086,FALSE,FALSE
1990-11-15,Amundsen_Bellingshausen,3.502681023,0.00841184508017001,0.00841184508017001,0.540312197173086,FALSE,FALSE
1990-11-16,Amundsen_Bellingshausen,3.460881528,-0.02128176466718256,0.02128176466718256,0.540312197173086,FALSE,FALSE
1990-11-17,Amundsen_Bellingshausen,3.43065959,-0.03934384443489058,0.03934384443489058,0.540312197173086,FALSE,FALSE
1990-11-18,Amundsen_Bellingshausen,3.413919275,-0.04388761957709475,0.04388761957709475,0.540312197173086,FALSE,FALSE
1990-11-19,Amundsen_Bellingshausen,3.392832096,-0.05275886844793298,0.05275886844793298,0.540312197173086,FALSE,FALSE
1990-11-20,Amundsen_Bellingshausen,3.357896715,-0.07547622040154733,0.07547622040154733,0.540312197173086,FALSE,FALSE
1990-11-21,Amundsen_Bellingshausen,3.33946902,-0.08170107879207489,0.08170107879207489,0.540312197173086,FALSE,FALSE
1990-11-22,Amundsen_Bellingshausen,3.330956783,-0.0780429629736541,0.0780429629736541,0.540312197173086,FALSE,FALSE
1990-11-23,Amundsen_Bellingshausen,3.331731208,-0.0651479603004268,0.0651479603004268,0.540312197173086,FALSE,FALSE
1990-11-24,Amundsen_Bellingshausen,3.322093742,-0.06273191512653176,0.06273191512653176,0.540312197173086,FALSE,FALSE
1990-11-25,Amundsen_Bellingshausen,3.314126339,-0.05872542650198786,0.05872542650198786,0.540312197173086,FALSE,FALSE
1990-11-26,Amundsen_Bellingshausen,3.309740894,-0.05118907669445916,0.05118907669445916,0.540312197173086,FALSE,FALSE
1990-11-27,Amundsen_Bellingshausen,3.312012624,-0.03699997482926376,0.03699997482926376,0.540312197173086,FALSE,FALSE
1990-11-28,Amundsen_Bellingshausen,3.292823039,-0.04422878439851097,0.04422878439851097,0.540312197173086,FALSE,FALSE
1990-11-29,Amundsen_Bellingshausen,3.275991596,-0.04900822189432352,0.04900822189432352,0.540312197173086,FALSE,FALSE
1990-11-30,Amundsen_Bellingshausen,3.257453388,-0.055355367808815,0.055355367808815,0.540312197173086,FALSE,FALSE
1990-12-01,Amundsen_Bellingshausen,3.265868562,-0.03456224863410329,0.03456224863410329,0.540312197173086,FALSE,FALSE
1990-12-02,Amundsen_Bellingshausen,3.268339468,-0.01947868786230433,0.01947868786230433,0.540312197173086,FALSE,FALSE
1990-12-03,Amundsen_Bellingshausen,3.24671179,-0.02821117498553604,0.02821117498553604,0.540312197173086,FALSE,FALSE
1990-12-04,Amundsen_Bellingshausen,3.270419818,0.00872240650408828,0.00872240650408828,0.540312197173086,FALSE,FALSE
1990-12-05,Amundsen_Bellingshausen,3.204573165,-0.04352050388555151,0.04352050388555151,0.540312197173086,FALSE,FALSE
1990-12-06,Amundsen_Bellingshausen,3.203615954,-0.03044795664656874,0.03044795664656874,0.540312197173086,FALSE,FALSE
1990-12-07,Amundsen_Bellingshausen,3.221356669,0.00179642949473457,0.00179642949473457,0.540312197173086,FALSE,FALSE
1990-12-08,Amundsen_Bellingshausen,3.216696482,0.01218369178576006,0.01218369178576006,0.540312197173086,FALSE,FALSE
1990-12-09,Amundsen_Bellingshausen,3.203638088,0.01483936916031192,0.01483936916031192,0.540312197173086,FALSE,FALSE
1990-12-10,Amundsen_Bellingshausen,3.182514028,0.01022667268528332,0.01022667268528332,0.540312197173086,FALSE,FALSE
1990-12-11,Amundsen_Bellingshausen,3.150312234,-0.00453579557242989,0.00453579557242989,0.540312197173086,FALSE,FALSE
1990-12-12,Amundsen_Bellingshausen,3.118011492,-0.01833857954593654,0.01833857954593654,0.540312197173086,FALSE,FALSE
1990-12-13,Amundsen_Bellingshausen,3.072293558,-0.04436925316833662,0.04436925316833662,0.540312197173086,FALSE,FALSE
1990-12-14,Amundsen_Bellingshausen,3.031536578,-0.06411900037274343,0.06411900037274343,0.540312197173086,FALSE,FALSE
1990-12-15,Amundsen_Bellingshausen,3.019197611,-0.0540000920922572,0.0540000920922572,0.540312197173086,FALSE,FALSE
1990-12-16,Amundsen_Bellingshausen,3.003425726,-0.04573278925998458,0.04573278925998458,0.540312197173086,FALSE,FALSE
1990-12-17,Amundsen_Bellingshausen,2.985224633,-0.038182711809032537,0.038182711809032537,0.540312197173086,FALSE,FALSE
1990-12-18,Amundsen_Bellingshausen,2.960277113,-0.03553640867250607,0.03553640867250607,0.540312197173086,FALSE,FALSE
1990-12-19,Amundsen_Bellingshausen,2.958825151,-0.00742122478351081,0.00742122478351081,0.540312197173086,FALSE,FALSE
1990-12-20,Amundsen_Bellingshausen,2.954873763,0.02028858105840481,0.02028858105840481,0.540312197173086,FALSE,FALSE
1990-12-21,Amundsen_Bellingshausen,2.94489024,0.04402377754613162,0.04402377754613162,0.540312197173086,FALSE,FALSE
1990-12-22,Amundsen_Bellingshausen,2.910080893,0.04482863511014745,0.04482863511014745,0.540312197173086,FALSE,FALSE
1990-12-23,Amundsen_Bellingshausen,2.865162347,0.03725424037324521,0.03725424037324521,0.540312197173086,FALSE,FALSE
1990-12-24,Amundsen_Bellingshausen,2.823073153,0.03407360595820563,0.03407360595820563,0.540312197173086,FALSE,FALSE
1990-12-25,Amundsen_Bellingshausen,2.794846244,0.04615412648781758,0.04615412648781758,0.540312197173086,FALSE,FALSE
1990-12-26,Amundsen_Bellingshausen,2.796481133,0.08932977658486907,0.08932977658486907,0.540312197173086,FALSE,FALSE
1990-12-27,Amundsen_Bellingshausen,2.795850985,0.13130818287214918,0.13130818287214918,0.540312197173086,FALSE,FALSE
1990-12-28,Amundsen_Bellingshausen,2.720813237,0.09978124397244016,0.09978124397244016,0.540312197173086,FALSE,FALSE
1990-12-29,Amundsen_Bellingshausen,2.6503734,0.07358893250852905,0.07358893250852905,0.540312197173086,FALSE,FALSE
1990-12-30,Amundsen_Bellingshausen,2.574154306,0.04218854210321066,0.04218854210321066,0.540312197173086,FALSE,FALSE
1990-12-31,Amundsen_Bellingshausen,2.510541167,0.02379974637926363,0.02379974637926363,0.540312197173086,FALSE,FALSE
1991-01-01,Amundsen_Bellingshausen,2.452226754,0.0109497779594756,0.0109497779594756,0.540312197173086,FALSE,FALSE
1991-01-02,Amundsen_Bellingshausen,2.438400113,0.04266890247267119,0.04266890247267119,0.540312197173086,FALSE,FALSE
1991-01-03,Amundsen_Bellingshausen,2.413651375,0.06341550257181172,0.06341550257181172,0.540312197173086,FALSE,FALSE
1991-01-04,Amundsen_Bellingshausen,2.376318544,0.07140259191590426,0.07140259191590426,0.540312197173086,FALSE,FALSE
1991-01-05,Amundsen_Bellingshausen,2.358427487,0.0985310471639389,0.0985310471639389,0.540312197173086,FALSE,FALSE
1991-01-06,Amundsen_Bellingshausen,2.31713851,0.10183618397492068,0.10183618397492068,0.540312197173086,FALSE,FALSE
1991-01-07,Amundsen_Bellingshausen,2.281157388,0.1098987870078454,0.1098987870078454,0.540312197173086,FALSE,FALSE
1991-01-08,Amundsen_Bellingshausen,2.209922233,0.08203197792171357,0.08203197792171357,0.540312197173086,FALSE,FALSE
1991-01-09,Amundsen_Bellingshausen,2.175825864,0.0905035853755254,0.0905035853755254,0.540312197173086,FALSE,FALSE
1991-01-10,Amundsen_Bellingshausen,2.131769559,0.08808989702828063,0.08808989702828063,0.540312197173086,FALSE,FALSE
1991-01-11,Amundsen_Bellingshausen,2.088698105,0.08561070953897776,0.08561070953897776,0.540312197173086,FALSE,FALSE
1991-01-12,Amundsen_Bellingshausen,2.03066782,0.06699735056661571,0.06699735056661571,0.540312197173086,FALSE,FALSE
1991-01-13,Amundsen_Bellingshausen,2.040717247,0.11516337277019616,0.11516337277019616,0.540312197173086,FALSE,FALSE
1991-01-14,Amundsen_Bellingshausen,2.019777076,0.1309164316230984,0.1309164316230984,0.540312197173086,FALSE,FALSE
1991-01-15,Amundsen_Bellingshausen,2.015708654,0.16206502368095554,0.16206502368095554,0.540312197173086,FALSE,FALSE
1991-01-16,Amundsen_Bellingshausen,1.986763126,0.16689536912704803,0.16689536912704803,0.540312197173086,FALSE,FALSE
1991-01-17,Amundsen_Bellingshausen,1.980826479,0.19333409085997744,0.19333409085997744,0.540312197173086,FALSE,FALSE
1991-01-18,Amundsen_Bellingshausen,1.96589954,0.2094226517783424,0.2094226517783424,0.540312197173086,FALSE,FALSE
1991-01-19,Amundsen_Bellingshausen,1.95924272,0.2324620987807444,0.2324620987807444,0.540312197173086,FALSE,FALSE
1991-01-20,Amundsen_Bellingshausen,1.943936746,0.24557379476578123,0.24557379476578123,0.540312197173086,FALSE,FALSE
1991-01-21,Amundsen_Bellingshausen,1.933001355,0.2618181126320547,0.2618181126320547,0.540312197173086,FALSE,FALSE
1991-01-22,Amundsen_Bellingshausen,1.923912812,0.2787119532781639,0.2787119532781639,0.540312197173086,FALSE,FALSE
1991-01-23,Amundsen_Bellingshausen,1.909303834,0.288928669602708,0.288928669602708,0.540312197173086,FALSE,FALSE
1991-01-24,Amundsen_Bellingshausen,1.893306011,0.2966404875042892,0.2966404875042892,0.540312197173086,FALSE,FALSE
1991-01-25,Amundsen_Bellingshausen,1.861269514,0.28723821388150483,0.28723821388150483,0.540312197173086,FALSE,FALSE
1991-01-26,Amundsen_Bellingshausen,1.84584269,0.29341083163295667,0.29341083163295667,0.540312197173086,FALSE,FALSE
1991-01-27,Amundsen_Bellingshausen,1.830589054,0.2987602875323554,0.2987602875323554,0.540312197173086,FALSE,FALSE
1991-01-28,Amundsen_Bellingshausen,1.82953067,0.3173321566205485,0.3173321566205485,0.540312197173086,FALSE,FALSE
1991-01-29,Amundsen_Bellingshausen,1.812896259,0.3193724839547232,0.3193724839547232,0.540312197173086,FALSE,FALSE
1991-01-30,Amundsen_Bellingshausen,1.764743657,0.2889564096618227,0.2889564096618227,0.540312197173086,FALSE,FALSE
1991-01-31,Amundsen_Bellingshausen,1.734369362,0.27539773586879623,0.27539773586879623,0.540312197173086,FALSE,FALSE
1991-02-01,Amundsen_Bellingshausen,1.7150297,0.27197009270258965,0.27197009270258965,0.540312197173086,FALSE,FALSE
1991-02-02,Amundsen_Bellingshausen,1.704473641,0.2764397542901491,0.2764397542901491,0.540312197173086,FALSE,FALSE
1991-02-03,Amundsen_Bellingshausen,1.68737073,0.27349356975842265,0.27349356975842265,0.540312197173086,FALSE,FALSE
1991-02-04,Amundsen_Bellingshausen,1.677584174,0.2770120502343578,0.2770120502343578,0.540312197173086,FALSE,FALSE
1991-02-05,Amundsen_Bellingshausen,1.676278515,0.288177041844899,0.288177041844899,0.540312197173086,FALSE,FALSE
1991-02-06,Amundsen_Bellingshausen,1.663636959,0.2871890547169951,0.2871890547169951,0.540312197173086,FALSE,FALSE
1991-02-07,Amundsen_Bellingshausen,1.653537281,0.2879431679775928,0.2879431679775928,0.540312197173086,FALSE,FALSE
1991-02-08,Amundsen_Bellingshausen,1.639630545,0.2841076641792035,0.2841076641792035,0.540312197173086,FALSE,FALSE
1991-02-09,Amundsen_Bellingshausen,1.63139392,0.28516563305329257,0.28516563305329257,0.540312197173086,FALSE,FALSE
1991-02-10,Amundsen_Bellingshausen,1.6683349,0.3306080206786792,0.3306080206786792,0.540312197173086,FALSE,FALSE
1991-02-11,Amundsen_Bellingshausen,1.666242035,0.3362041725844438,0.3362041725844438,0.540312197173086,FALSE,FALSE
1991-02-12,Amundsen_Bellingshausen,1.668982945,0.3458025042996642,0.3458025042996642,0.540312197173086,FALSE,FALSE
1991-02-13,Amundsen_Bellingshausen,1.669683937,0.35251011835341917,0.35251011835341917,0.540312197173086,FALSE,FALSE
1991-02-14,Amundsen_Bellingshausen,1.651835345,0.33979814427478905,0.33979814427478905,0.540312197173086,FALSE,FALSE
1991-02-15,Amundsen_Bellingshausen,1.645575747,0.3377859555928513,0.3377859555928513,0.540312197173086,FALSE,FALSE
1991-02-16,Amundsen_Bellingshausen,1.633934182,0.329483386836684,0.329483386836684,0.540312197173086,FALSE,FALSE
1991-02-17,Amundsen_Bellingshausen,1.629967536,0.32792811953536893,0.32792811953536893,0.540312197173086,FALSE,FALSE
1991-02-18,Amundsen_Bellingshausen,1.626328444,0.32575358421798306,0.32575358421798306,0.540312197173086,FALSE,FALSE
1991-02-19,Amundsen_Bellingshausen,1.629364531,0.32928820141360426,0.32928820141360426,0.540312197173086,FALSE,FALSE
1991-02-20,Amundsen_Bellingshausen,1.618429027,0.31786599665131354,0.31786599665131354,0.540312197173086,FALSE,FALSE
1991-02-21,Amundsen_Bellingshausen,1.605025096,0.30297425239649534,0.30297425239649534,0.540312197173086,FALSE,FALSE
1991-02-22,Amundsen_Bellingshausen,1.598275284,0.2937599191754219,0.2937599191754219,0.540312197173086,FALSE,FALSE
1991-02-23,Amundsen_Bellingshausen,1.587600187,0.2796947975600812,0.2796947975600812,0.540312197173086,FALSE,FALSE
1991-02-24,Amundsen_Bellingshausen,1.568446395,0.2562771665861381,0.2562771665861381,0.540312197173086,FALSE,FALSE
1991-02-25,Amundsen_Bellingshausen,1.571734264,0.25447907128924996,0.25447907128924996,0.540312197173086,FALSE,FALSE
1991-02-26,Amundsen_Bellingshausen,1.570805091,0.24769349770507865,0.24769349770507865,0.540312197173086,FALSE,FALSE
1991-02-27,Amundsen_Bellingshausen,1.583707213,0.25402047186928445,0.25402047186928445,0.540312197173086,FALSE,FALSE
1991-02-28,Amundsen_Bellingshausen,1.606458684,0.2695297368175291,0.2695297368175291,0.540312197173086,FALSE,FALSE
1991-03-01,Amundsen_Bellingshausen,1.653779164,0.30899264158547224,0.30899264158547224,0.540312197173086,FALSE,FALSE
1991-03-02,Amundsen_Bellingshausen,1.663801708,0.3105939302087748,0.3105939302087748,0.540312197173086,FALSE,FALSE
1991-03-03,Amundsen_Bellingshausen,1.644630356,0.28248933172309676,0.28248933172309676,0.540312197173086,FALSE,FALSE
1991-03-04,Amundsen_Bellingshausen,1.614051616,0.24251704316410017,0.24251704316410017,0.540312197173086,FALSE,FALSE
1991-03-05,Amundsen_Bellingshausen,1.602143861,0.2208071232403679,0.2208071232403679,0.540312197173086,FALSE,FALSE
1991-03-06,Amundsen_Bellingshausen,1.614456578,0.22294836835030063,0.22294836835030063,0.540312197173086,FALSE,FALSE
1991-03-07,Amundsen_Bellingshausen,1.613012236,0.2109622643275022,0.2109622643275022,0.540312197173086,FALSE,FALSE
1991-03-08,Amundsen_Bellingshausen,1.636679713,0.22370852014874965,0.22370852014874965,0.540312197173086,FALSE,FALSE
1991-03-09,Amundsen_Bellingshausen,1.641546109,0.2172650667908196,0.2172650667908196,0.540312197173086,FALSE,FALSE
1991-03-10,Amundsen_Bellingshausen,1.668967536,0.2329788472304888,0.2329788472304888,0.540312197173086,FALSE,FALSE
1991-03-11,Amundsen_Bellingshausen,1.715242271,0.26713896944453386,0.26713896944453386,0.540312197173086,FALSE,FALSE
1991-03-12,Amundsen_Bellingshausen,1.739626766,0.27899271640973167,0.27899271640973167,0.540312197173086,FALSE,FALSE
1991-03-13,Amundsen_Bellingshausen,1.766228714,0.2926386121028566,0.2926386121028566,0.540312197173086,FALSE,FALSE
1991-03-14,Amundsen_Bellingshausen,1.805257958,0.31827733050068896,0.31827733050068896,0.540312197173086,FALSE,FALSE
1991-03-15,Amundsen_Bellingshausen,1.809379763,0.3085649675800033,0.3085649675800033,0.540312197173086,FALSE,FALSE
1991-03-16,Amundsen_Bellingshausen,1.812181534,0.29707975931757513,0.29707975931757513,0.540312197173086,FALSE,FALSE
1991-03-17,Amundsen_Bellingshausen,1.815739948,0.2858892136901834,0.2858892136901834,0.540312197173086,FALSE,FALSE
1991-03-18,Amundsen_Bellingshausen,1.816147882,0.27107752945656194,0.27107752945656194,0.540312197173086,FALSE,FALSE
1991-03-19,Amundsen_Bellingshausen,1.837451942,0.2766948915833203,0.2766948915833203,0.540312197173086,FALSE,FALSE
1991-03-20,Amundsen_Bellingshausen,1.864329853,0.28743542517916976,0.28743542517916976,0.540312197173086,FALSE,FALSE
1991-03-21,Amundsen_Bellingshausen,1.885881501,0.2924160199931669,0.2924160199931669,0.540312197173086,FALSE,FALSE
1991-03-22,Amundsen_Bellingshausen,1.8871819,0.2767286937743676,0.2767286937743676,0.540312197173086,FALSE,FALSE
1991-03-23,Amundsen_Bellingshausen,1.924102637,0.2962620372718281,0.2962620372718281,0.540312197173086,FALSE,FALSE
1991-03-24,Amundsen_Bellingshausen,1.945371993,0.29976133523460735,0.29976133523460735,0.540312197173086,FALSE,FALSE
1991-03-25,Amundsen_Bellingshausen,1.979368576,0.3156221994117596,0.3156221994117596,0.540312197173086,FALSE,FALSE
1991-03-26,Amundsen_Bellingshausen,2.002200704,0.319969951552342,0.319969951552342,0.540312197173086,FALSE,FALSE
1991-03-27,Amundsen_Bellingshausen,2.04873493,0.34768814840541307,0.34768814840541307,0.540312197173086,FALSE,FALSE
1991-03-28,Amundsen_Bellingshausen,2.107498015,0.3873205547200269,0.3873205547200269,0.540312197173086,FALSE,FALSE
1991-03-29,Amundsen_Bellingshausen,2.16200237,0.422396585245241,0.422396585245241,0.540312197173086,FALSE,FALSE
1991-03-30,Amundsen_Bellingshausen,2.202076804,0.4427620527301117,0.4427620527301117,0.540312197173086,FALSE,FALSE
1991-03-31,Amundsen_Bellingshausen,2.240254149,0.4609638332966523,0.4609638332966523,0.540312197173086,FALSE,FALSE
1991-04-01,Amundsen_Bellingshausen,2.281507085,0.4819724736471091,0.4819724736471091,0.540312197173086,FALSE,FALSE
1991-04-02,Amundsen_Bellingshausen,2.309962404,0.4899071328581499,0.4899071328581499,0.540312197173086,FALSE,FALSE
1991-04-03,Amundsen_Bellingshausen,2.345506269,0.5046463364598981,0.5046463364598981,0.540312197173086,FALSE,FALSE
1991-04-04,Amundsen_Bellingshausen,2.354822786,0.4928665529824823,0.4928665529824823,0.540312197173086,FALSE,FALSE
1991-04-05,Amundsen_Bellingshausen,2.345027828,0.4616760179560271,0.4616760179560271,0.540312197173086,FALSE,FALSE
1991-04-06,Amundsen_Bellingshausen,2.337864485,0.4328101839106646,0.4328101839106646,0.540312197173086,FALSE,FALSE
1991-04-07,Amundsen_Bellingshausen,2.341895714,0.414824370376518,0.414824370376518,0.540312197173086,FALSE,FALSE
1991-04-08,Amundsen_Bellingshausen,2.347527974,0.39811739888371767,0.39811739888371767,0.540312197173086,FALSE,FALSE
1991-04-09,Amundsen_Bellingshausen,2.391540779,0.4194611459623885,0.4194611459623885,0.540312197173086,FALSE,FALSE
1991-04-10,Amundsen_Bellingshausen,2.433586054,0.4384998991426576,0.4384998991426576,0.540312197173086,FALSE,FALSE
1991-04-11,Amundsen_Bellingshausen,2.458594787,0.4401570089546531,0.4401570089546531,0.540312197173086,FALSE,FALSE
1991-04-12,Amundsen_Bellingshausen,2.472864096,0.4307220050352698,0.4307220050352698,0.540312197173086,FALSE,FALSE
1991-04-13,Amundsen_Bellingshausen,2.49386976,0.4276665778720971,0.4276665778720971,0.540312197173086,FALSE,FALSE
1991-04-14,Amundsen_Bellingshausen,2.489157985,0.3985386144252119,0.3985386144252119,0.540312197173086,FALSE,FALSE
1991-04-15,Amundsen_Bellingshausen,2.503208483,0.3878200465492525,0.3878200465492525,0.540312197173086,FALSE,FALSE
1991-04-16,Amundsen_Bellingshausen,2.50505133,0.3645431700988469,0.3645431700988469,0.540312197173086,FALSE,FALSE
1991-04-17,Amundsen_Bellingshausen,2.550504474,0.384528152928632,0.384528152928632,0.540312197173086,FALSE,FALSE
1991-04-18,Amundsen_Bellingshausen,2.575735417,0.3839447168932435,0.3839447168932435,0.540312197173086,FALSE,FALSE
1991-04-19,Amundsen_Bellingshausen,2.559838211,0.34188913384731157,0.34188913384731157,0.540312197173086,FALSE,FALSE
1991-04-20,Amundsen_Bellingshausen,2.528597696,0.28414846364547097,0.28414846364547097,0.540312197173086,FALSE,FALSE
1991-04-21,Amundsen_Bellingshausen,2.529917531,0.25862858514235576,0.25862858514235576,0.540312197173086,FALSE,FALSE
1991-04-22,Amundsen_Bellingshausen,2.536613569,0.23814757119260044,0.23814757119260044,0.540312197173086,FALSE,FALSE
1991-04-23,Amundsen_Bellingshausen,2.567737751,0.2417595826508392,0.2417595826508392,0.540312197173086,FALSE,FALSE
1991-04-24,Amundsen_Bellingshausen,2.565942733,0.2121194953717036,0.2121194953717036,0.540312197173086,FALSE,FALSE
1991-04-25,Amundsen_Bellingshausen,2.563842268,0.18184762337776617,0.18184762337776617,0.540312197173086,FALSE,FALSE
1991-04-26,Amundsen_Bellingshausen,2.641288306,0.23084370777118,0.23084370777118,0.540312197173086,FALSE,FALSE
1991-04-27,Amundsen_Bellingshausen,2.681620516,0.24251799263720564,0.24251799263720564,0.540312197173086,FALSE,FALSE
1991-04-28,Amundsen_Bellingshausen,2.71417024,0.2462726350652087,0.2462726350652087,0.540312197173086,FALSE,FALSE
1991-04-29,Amundsen_Bellingshausen,2.711600024,0.21484099614455143,0.21484099614455143,0.540312197173086,FALSE,FALSE
1991-04-30,Amundsen_Bellingshausen,2.727052119,0.20143614196459447,0.20143614196459447,0.540312197173086,FALSE,FALSE
1991-05-01,Amundsen_Bellingshausen,2.756025969,0.2016283316147005,0.2016283316147005,0.540312197173086,FALSE,FALSE
1991-05-02,Amundsen_Bellingshausen,2.811283278,0.22825008418423295,0.22825008418423295,0.540312197173086,FALSE,FALSE
1991-05-03,Amundsen_Bellingshausen,2.825347746,0.21389591476255543,0.21389591476255543,0.540312197173086,FALSE,FALSE
1991-05-04,Amundsen_Bellingshausen,2.826709656,0.18712692143903276,0.18712692143903276,0.540312197173086,FALSE,FALSE
1991-05-05,Amundsen_Bellingshausen,2.843741316,0.17638622730302345,0.17638622730302345,0.540312197173086,FALSE,FALSE
1991-05-06,Amundsen_Bellingshausen,2.897109466,0.20241138744389353,0.20241138744389353,0.540312197173086,FALSE,FALSE
1991-05-07,Amundsen_Bellingshausen,2.93234347,0.21080254196787696,0.21080254196787696,0.540312197173086,FALSE,FALSE
1991-05-08,Amundsen_Bellingshausen,2.970612748,0.2227781532791009,0.2227781532791009,0.540312197173086,FALSE,FALSE
1991-05-09,Amundsen_Bellingshausen,3.010217268,0.2366293881313606,0.2366293881313606,0.540312197173086,FALSE,FALSE
1991-05-10,Amundsen_Bellingshausen,3.016390588,0.2175714859136,0.2175714859136,0.540312197173086,FALSE,FALSE
1991-05-11,Amundsen_Bellingshausen,3.043502555,0.2199559750147566,0.2199559750147566,0.540312197173086,FALSE,FALSE
1991-05-12,Amundsen_Bellingshausen,3.080362391,0.2325737588237735,0.2325737588237735,0.540312197173086,FALSE,FALSE
1991-05-13,Amundsen_Bellingshausen,3.035451117,0.16388753972959202,0.16388753972959202,0.540312197173086,FALSE,FALSE
1991-05-14,Amundsen_Bellingshausen,3.082904219,0.1880144851211485,0.1880144851211485,0.540312197173086,FALSE,FALSE
1991-05-15,Amundsen_Bellingshausen,3.136390143,0.21860472238738593,0.21860472238738593,0.540312197173086,FALSE,FALSE
1991-05-16,Amundsen_Bellingshausen,3.139825629,0.1995566729172462,0.1995566729172462,0.540312197173086,FALSE,FALSE
1991-05-17,Amundsen_Bellingshausen,3.128294657,0.16593599809966708,0.16593599809966708,0.540312197173086,FALSE,FALSE
1991-05-18,Amundsen_Bellingshausen,3.125062501,0.1409896533235906,0.1409896533235906,0.540312197173086,FALSE,FALSE
1991-05-19,Amundsen_Bellingshausen,3.156530674,0.15110083297795684,0.15110083297795684,0.540312197173086,FALSE,FALSE
1991-05-20,Amundsen_Bellingshausen,3.234180783,0.20773288706104465,0.20773288706104465,0.540312197173086,FALSE,FALSE
1991-05-21,Amundsen_Bellingshausen,3.297210499,0.2500663537760799,0.2500663537760799,0.540312197173086,FALSE,FALSE
1991-05-22,Amundsen_Bellingshausen,3.35441378,0.2868790405259256,0.2868790405259256,0.540312197173086,FALSE,FALSE
1991-05-23,Amundsen_Bellingshausen,3.384534693,0.29689889675927317,0.29689889675927317,0.540312197173086,FALSE,FALSE
1991-05-24,Amundsen_Bellingshausen,3.389394378,0.28193094492481885,0.28193094492481885,0.540312197173086,FALSE,FALSE
1991-05-25,Amundsen_Bellingshausen,3.396780785,0.26974701747125307,0.26974701747125307,0.540312197173086,FALSE,FALSE
1991-05-26,Amundsen_Bellingshausen,3.450694196,0.3043312788472692,0.3043312788472692,0.540312197173086,FALSE,FALSE
1991-05-27,Amundsen_Bellingshausen,3.516758362,0.35129136250155923,0.35129136250155923,0.540312197173086,FALSE,FALSE
1991-05-28,Amundsen_Bellingshausen,3.539630078,0.3552679458828174,0.3552679458828174,0.540312197173086,FALSE,FALSE
1991-05-29,Amundsen_Bellingshausen,3.53955045,0.3364860174397366,0.3364860174397366,0.540312197173086,FALSE,FALSE
1991-05-30,Amundsen_Bellingshausen,3.567164272,0.34557425362100735,0.34557425362100735,0.540312197173086,FALSE,FALSE
1991-05-31,Amundsen_Bellingshausen,3.632964413,0.39300940587532374,0.39300940587532374,0.540312197173086,FALSE,FALSE
1991-06-01,Amundsen_Bellingshausen,3.68721196,0.4290364436513783,0.4290364436513783,0.540312197173086,FALSE,FALSE
1991-06-02,Amundsen_Bellingshausen,3.701523539,0.425264043667259,0.425264043667259,0.540312197173086,FALSE,FALSE
1991-06-03,Amundsen_Bellingshausen,3.70493464,0.4107559832898806,0.4107559832898806,0.540312197173086,FALSE,FALSE
1991-06-04,Amundsen_Bellingshausen,3.727047962,0.4151532940119127,0.4151532940119127,0.540312197173086,FALSE,FALSE
1991-06-05,Amundsen_Bellingshausen,3.755755602,0.4263864056981257,0.4263864056981257,0.540312197173086,FALSE,FALSE
1991-06-06,Amundsen_Bellingshausen,3.79119777,0.44463386121328474,0.44463386121328474,0.540312197173086,FALSE,FALSE
1991-06-07,Amundsen_Bellingshausen,3.832457909,0.4690174364221571,0.4690174364221571,0.540312197173086,FALSE,FALSE
1991-06-08,Amundsen_Bellingshausen,3.868531148,0.4885705931895128,0.4885705931895128,0.540312197173086,FALSE,FALSE
1991-06-09,Amundsen_Bellingshausen,3.870635833,0.47455001038011657,0.47455001038011657,0.540312197173086,FALSE,FALSE
1991-06-10,Amundsen_Bellingshausen,3.882581233,0.47080328985873887,0.47080328985873887,0.540312197173086,FALSE,FALSE
1991-06-11,Amundsen_Bellingshausen,3.922703937,0.4957053534901439,0.4957053534901439,0.540312197173086,FALSE,FALSE
1991-06-12,Amundsen_Bellingshausen,3.962863387,0.5211539761390993,0.5211539761390993,0.540312197173086,FALSE,FALSE
1991-06-13,Amundsen_Bellingshausen,4.015708656,0.5598365636703759,0.5598365636703759,0.540312197173086,TRUE,TRUE
1991-06-14,Amundsen_Bellingshausen,4.067485304,0.5980359852232402,0.5980359852232402,0.540312197173086,TRUE,TRUE
1991-06-15,Amundsen_Bellingshausen,4.093530348,0.6110814368714022,0.6110814368714022,0.540312197173086,TRUE,TRUE
1991-06-16,Amundsen_Bellingshausen,4.17689188,0.6819512777547718,0.6819512777547718,0.540312197173086,TRUE,TRUE
1991-06-17,Amundsen_Bellingshausen,4.24186636,0.7348677493880862,0.7348677493880862,0.540312197173086,TRUE,TRUE
1991-06-18,Amundsen_Bellingshausen,4.263832415,0.7451352602860855,0.7451352602860855,0.540312197173086,TRUE,TRUE
1991-06-19,Amundsen_Bellingshausen,4.309469995,0.7793595419635113,0.7793595419635113,0.540312197173086,TRUE,TRUE
1991-06-20,Amundsen_Bellingshausen,4.326675273,0.7853625489351046,0.7853625489351046,0.540312197173086,TRUE,TRUE
1991-06-21,Amundsen_Bellingshausen,4.331279891,0.7789017047156066,0.7789017047156066,0.540312197173086,TRUE,TRUE
1991-06-22,Amundsen_Bellingshausen,4.289074672,0.7256936138197556,0.7256936138197556,0.540312197173086,TRUE,TRUE
1991-06-23,Amundsen_Bellingshausen,4.255117898,0.680722339762295,0.680722339762295,0.540312197173086,TRUE,TRUE
1991-06-24,Amundsen_Bellingshausen,4.24495948,0.6594635750579627,0.6594635750579627,0.540312197173086,TRUE,TRUE
1991-06-25,Amundsen_Bellingshausen,4.289239862,0.6924835452215006,0.6924835452215006,0.540312197173086,TRUE,TRUE
1991-06-26,Amundsen_Bellingshausen,4.314596766,0.706345753767649,0.706345753767649,0.540312197173086,TRUE,TRUE
1991-06-27,Amundsen_Bellingshausen,4.293682085,0.6736369856493947,0.6736369856493947,0.540312197173086,TRUE,TRUE
1991-06-28,Amundsen_Bellingshausen,4.232519686,0.6003848428946386,0.6003848428946386,0.540312197173086,TRUE,TRUE
1991-06-29,Amundsen_Bellingshausen,4.186669541,0.5421844896383101,0.5421844896383101,0.540312197173086,TRUE,TRUE
1991-06-30,Amundsen_Bellingshausen,4.173958594,0.5168982237523854,0.5168982237523854,0.540312197173086,FALSE,FALSE
1991-07-01,Amundsen_Bellingshausen,4.173373802,0.5035483561088414,0.5035483561088414,0.540312197173086,FALSE,FALSE
1991-07-02,Amundsen_Bellingshausen,4.127418344,0.4446734195796518,0.4446734195796518,0.540312197173086,FALSE,FALSE
1991-07-03,Amundsen_Bellingshausen,4.143048454,0.4472650020367954,0.4472650020367954,0.540312197173086,FALSE,FALSE
1991-07-04,Amundsen_Bellingshausen,4.166484969,0.4575792943522501,0.4575792943522501,0.540312197173086,FALSE,FALSE
1991-07-05,Amundsen_Bellingshausen,4.180707854,0.4586316153979868,0.4586316153979868,0.540312197173086,FALSE,FALSE
1991-07-06,Amundsen_Bellingshausen,4.197971942,0.4627121520459867,0.4627121520459867,0.540312197173086,FALSE,FALSE
1991-07-07,Amundsen_Bellingshausen,4.256025101,0.5076041261682263,0.5076041261682263,0.540312197173086,FALSE,FALSE
1991-07-08,Amundsen_Bellingshausen,4.318377313,0.55685287363668,0.55685287363668,0.540312197173086,TRUE,TRUE
1991-07-09,Amundsen_Bellingshausen,4.361246479,0.586711613009911,0.586711613009911,0.540312197173086,TRUE,TRUE
1991-07-10,Amundsen_Bellingshausen,4.41499246,0.6275684600554827,0.6275684600554827,0.540312197173086,TRUE,TRUE
1991-07-11,Amundsen_Bellingshausen,4.433666896,0.6334878528033405,0.6334878528033405,0.540312197173086,TRUE,TRUE
1991-07-12,Amundsen_Bellingshausen,4.496944791,0.6841555477958612,0.6841555477958612,0.540312197173086,TRUE,TRUE
1991-07-13,Amundsen_Bellingshausen,4.534590598,0.7093467505754236,0.7093467505754236,0.540312197173086,TRUE,TRUE
1991-07-14,Amundsen_Bellingshausen,4.565630561,0.7280984576844078,0.7280984576844078,0.540312197173086,TRUE,TRUE
1991-07-15,Amundsen_Bellingshausen,4.610115165,0.7604719066651944,0.7604719066651944,0.540312197173086,TRUE,TRUE
1991-07-16,Amundsen_Bellingshausen,4.670174129,0.8086075690601584,0.8086075690601584,0.540312197173086,TRUE,TRUE
1991-07-17,Amundsen_Bellingshausen,4.649647044,0.7763557884116796,0.7763557884116796,0.540312197173086,TRUE,TRUE
1991-07-18,Amundsen_Bellingshausen,4.642213343,0.7574067502621422,0.7574067502621422,0.540312197173086,TRUE,TRUE
1991-07-19,Amundsen_Bellingshausen,4.583455205,0.6873533861539181,0.6873533861539181,0.540312197173086,TRUE,TRUE
1991-07-20,Amundsen_Bellingshausen,4.518161016,0.6109948346293863,0.6109948346293863,0.540312197173086,TRUE,TRUE
1991-07-21,Amundsen_Bellingshausen,4.503778237,0.5857893092309308,0.5857893092309308,0.540312197173086,TRUE,TRUE
1991-07-22,Amundsen_Bellingshausen,4.498340604,0.5697815784550047,0.5697815784550047,0.540312197173086,TRUE,TRUE
1991-07-23,Amundsen_Bellingshausen,4.45719023,0.5183286518075536,0.5183286518075536,0.540312197173086,FALSE,FALSE
1991-07-24,Amundsen_Bellingshausen,4.448987322,0.5001084494243897,0.5001084494243897,0.540312197173086,FALSE,FALSE
1991-07-25,Amundsen_Bellingshausen,4.448932296,0.4903391643334505,0.4903391643334505,0.540312197173086,FALSE,FALSE
1991-07-26,Amundsen_Bellingshausen,4.507720509,0.5397339305626745,0.5397339305626745,0.540312197173086,FALSE,FALSE
1991-07-27,Amundsen_Bellingshausen,4.546784457,0.5697430211400025,0.5697430211400025,0.540312197173086,TRUE,TRUE
1991-07-28,Amundsen_Bellingshausen,4.583487115,0.5977471880933631,0.5977471880933631,0.540312197173086,TRUE,TRUE
1991-07-29,Amundsen_Bellingshausen,4.577583531,0.5835192564507032,0.5835192564507032,0.540312197173086,TRUE,TRUE
1991-07-30,Amundsen_Bellingshausen,4.62932073,0.6273240282399506,0.6273240282399506,0.540312197173086,TRUE,TRUE
1991-07-31,Amundsen_Bellingshausen,4.65563272,0.646113288489051,0.646113288489051,0.540312197173086,TRUE,TRUE
1991-08-01,Amundsen_Bellingshausen,4.656745693,0.6401310062259418,0.6401310062259418,0.540312197173086,TRUE,TRUE
1991-08-02,Amundsen_Bellingshausen,4.661228755,0.6379640644785534,0.6379640644785534,0.540312197173086,TRUE,TRUE
1991-08-03,Amundsen_Bellingshausen,4.672277922,0.6428262557473383,0.6428262557473383,0.540312197173086,TRUE,TRUE
1991-08-04,Amundsen_Bellingshausen,4.680666506,0.6454944283993624,0.6454944283993624,0.540312197173086,TRUE,TRUE
1991-08-05,Amundsen_Bellingshausen,4.739548246,0.6990744881399067,0.6990744881399067,0.540312197173086,TRUE,TRUE
1991-08-06,Amundsen_Bellingshausen,4.812253717,0.766837597202934,0.766837597202934,0.540312197173086,TRUE,TRUE
1991-08-07,Amundsen_Bellingshausen,4.933635762,0.8835771858223973,0.8835771858223973,0.540312197173086,TRUE,TRUE
1991-08-08,Amundsen_Bellingshausen,4.928557923,0.8740973832322592,0.8740973832322592,0.540312197173086,TRUE,TRUE
1991-08-09,Amundsen_Bellingshausen,4.899898906,0.8412174826664716,0.8412174826664716,0.540312197173086,TRUE,TRUE
1991-08-10,Amundsen_Bellingshausen,4.856876091,0.7940954513589924,0.7940954513589924,0.540312197173086,TRUE,TRUE
1991-08-11,Amundsen_Bellingshausen,4.805149709,0.7383321075437843,0.7383321075437843,0.540312197173086,TRUE,TRUE
1991-08-12,Amundsen_Bellingshausen,4.774768419,0.7039166974547983,0.7039166974547983,0.540312197173086,TRUE,TRUE
1991-08-13,Amundsen_Bellingshausen,4.768707889,0.6937654763259964,0.6937654763259964,0.540312197173086,TRUE,TRUE
1991-08-14,Amundsen_Bellingshausen,4.70877898,0.6296298923913319,0.6296298923913319,0.540312197173086,TRUE,TRUE
1991-08-15,Amundsen_Bellingshausen,4.62715886,0.5436277008847643,0.5436277008847643,0.540312197173086,TRUE,TRUE
1991-08-16,Amundsen_Bellingshausen,4.583822067,0.4956761886797407,0.4956761886797407,0.540312197173086,FALSE,FALSE
1991-08-17,Amundsen_Bellingshausen,4.549271255,0.45628500765228175,0.45628500765228175,0.540312197173086,FALSE,FALSE
1991-08-18,Amundsen_Bellingshausen,4.468215878,0.37024414772895664,0.37024414772895664,0.540312197173086,FALSE,FALSE
1991-08-19,Amundsen_Bellingshausen,4.433818902,0.33080114091160784,0.33080114091160784,0.540312197173086,FALSE,FALSE
1991-08-20,Amundsen_Bellingshausen,4.436471898,0.32843212420207113,0.32843212420207113,0.540312197173086,FALSE,FALSE
1991-08-21,Amundsen_Bellingshausen,4.447336094,0.3343828916021767,0.3343828916021767,0.540312197173086,FALSE,FALSE
1991-08-22,Amundsen_Bellingshausen,4.453450176,0.3357766951137666,0.3357766951137666,0.540312197173086,FALSE,FALSE
1991-08-23,Amundsen_Bellingshausen,4.450822497,0.3287064537386746,0.3287064537386746,0.540312197173086,FALSE,FALSE
1991-08-24,Amundsen_Bellingshausen,4.432822133,0.30662580947873774,0.30662580947873774,0.540312197173086,FALSE,FALSE
1991-08-25,Amundsen_Bellingshausen,4.381997316,0.2521675603357938,0.2521675603357938,0.540312197173086,FALSE,FALSE
1991-08-26,Amundsen_Bellingshausen,4.342561291,0.20962951731167043,0.20962951731167043,0.540312197173086,FALSE,FALSE
1991-08-27,Amundsen_Bellingshausen,4.320631042,0.1852132304082161,0.1852132304082161,0.540312197173086,FALSE,FALSE
1991-08-28,Amundsen_Bellingshausen,4.354737786,0.21753448262725697,0.21753448262725697,0.540312197173086,FALSE,FALSE
1991-08-29,Amundsen_Bellingshausen,4.4765061,0.3382874254936201,0.3382874254936201,0.540312197173086,FALSE,FALSE
1991-08-30,Amundsen_Bellingshausen,4.566504425,0.428018960892242,0.428018960892242,0.540312197173086,FALSE,FALSE
1991-08-31,Amundsen_Bellingshausen,4.543184305,0.40512485941101417,0.40512485941101417,0.540312197173086,FALSE,FALSE
1991-09-01,Amundsen_Bellingshausen,4.468516848,0.33152039423274093,0.33152039423274093,0.540312197173086,FALSE,FALSE
1991-09-02,Amundsen_Bellingshausen,4.415553208,0.28020088454021863,0.28020088454021863,0.540312197173086,FALSE,FALSE
1991-09-03,Amundsen_Bellingshausen,4.432070564,0.298887674516255,0.298887674516255,0.540312197173086,FALSE,FALSE
1991-09-04,Amundsen_Bellingshausen,4.452102769,0.321558782343649,0.321558782343649,0.540312197173086,FALSE,FALSE
1991-09-05,Amundsen_Bellingshausen,4.426313194,0.29882174420520435,0.29882174420520435,0.540312197173086,FALSE,FALSE
1991-09-06,Amundsen_Bellingshausen,4.394897177,0.2708160632837231,0.2708160632837231,0.540312197173086,FALSE,FALSE
1991-09-07,Amundsen_Bellingshausen,4.363318474,0.2429496607620072,0.2429496607620072,0.540312197173086,FALSE,FALSE
1991-09-08,Amundsen_Bellingshausen,4.356675392,0.24026500882285529,0.24026500882285529,0.540312197173086,FALSE,FALSE
1991-09-09,Amundsen_Bellingshausen,4.372770473,0.2605088146490724,0.2605088146490724,0.540312197173086,FALSE,FALSE
1991-09-10,Amundsen_Bellingshausen,4.363914527,0.2559363099494405,0.2559363099494405,0.540312197173086,FALSE,FALSE
1991-09-11,Amundsen_Bellingshausen,4.296771208,0.19317992286459695,0.19317992286459695,0.540312197173086,FALSE,FALSE
1991-09-12,Amundsen_Bellingshausen,4.275793643,0.17670562289228986,0.17670562289228986,0.540312197173086,FALSE,FALSE
1991-09-13,Amundsen_Bellingshausen,4.255839942,0.16138900254408384,0.16138900254408384,0.540312197173086,FALSE,FALSE
1991-09-14,Amundsen_Bellingshausen,4.186340306,0.09667774533154638,0.09667774533154638,0.540312197173086,FALSE,FALSE
1991-09-15,Amundsen_Bellingshausen,4.18700345,0.1022980487662286,0.1022980487662286,0.540312197173086,FALSE,FALSE
1991-09-16,Amundsen_Bellingshausen,4.194342988,0.11478100935970216,0.11478100935970216,0.540312197173086,FALSE,FALSE
1991-09-17,Amundsen_Bellingshausen,4.192146599,0.11793178862352516,0.11793178862352516,0.540312197173086,FALSE,FALSE
1991-09-18,Amundsen_Bellingshausen,4.226157613,0.15751119906925837,0.15751119906925837,0.540312197173086,FALSE,FALSE
1991-09-19,Amundsen_Bellingshausen,4.298406191,0.2355668842084695,0.2355668842084695,0.540312197173086,FALSE,FALSE
1991-09-20,Amundsen_Bellingshausen,4.357324466,0.30054845955272036,0.30054845955272036,0.540312197173086,FALSE,FALSE
1991-09-21,Amundsen_Bellingshausen,4.366240835,0.31580180461357,0.31580180461357,0.540312197173086,FALSE,FALSE
1991-09-22,Amundsen_Bellingshausen,4.394488119,0.35067722290258097,0.35067722290258097,0.540312197173086,FALSE,FALSE
1991-09-23,Amundsen_Bellingshausen,4.437382701,0.40050799885612953,0.40050799885612953,0.540312197173086,FALSE,FALSE
1991-09-24,Amundsen_Bellingshausen,4.440943507,0.41132373884693774,0.41132373884693774,0.540312197173086,FALSE,FALSE
1991-09-25,Amundsen_Bellingshausen,4.408338783,0.3862995954549078,0.3862995954549078,0.540312197173086,FALSE,FALSE
1991-09-26,Amundsen_Bellingshausen,4.397294958,0.3831688513094535,0.3831688513094535,0.540312197173086,FALSE,FALSE
1991-09-27,Amundsen_Bellingshausen,4.397329153,0.3914554810399968,0.3914554810399968,0.540312197173086,FALSE,FALSE
1991-09-28,Amundsen_Bellingshausen,4.388634027,0.3913589972759528,0.3913589972759528,0.540312197173086,FALSE,FALSE
1991-09-29,Amundsen_Bellingshausen,4.36516383,0.37684050364674215,0.37684050364674215,0.540312197173086,FALSE,FALSE
1991-09-30,Amundsen_Bellingshausen,4.3550315,0.3760197917817796,0.3760197917817796,0.540312197173086,FALSE,FALSE
1991-10-01,Amundsen_Bellingshausen,4.353802721,0.3844693993104889,0.3844693993104889,0.540312197173086,FALSE,FALSE
1991-10-02,Amundsen_Bellingshausen,4.350640878,0.39135956486228496,0.39135956486228496,0.540312197173086,FALSE,FALSE
1991-10-03,Amundsen_Bellingshausen,4.330104108,0.3812552790665875,0.3812552790665875,0.540312197173086,FALSE,FALSE
1991-10-04,Amundsen_Bellingshausen,4.330611579,0.392582563552816,0.392582563552816,0.540312197173086,FALSE,FALSE
1991-10-05,Amundsen_Bellingshausen,4.332230261,0.4054152268421527,0.4054152268421527,0.540312197173086,FALSE,FALSE
1991-10-06,Amundsen_Bellingshausen,4.316851577,0.40163325508930914,0.40163325508930914,0.540312197173086,FALSE,FALSE
1991-10-07,Amundsen_Bellingshausen,4.30895352,0.4056494465575984,0.4056494465575984,0.540312197173086,FALSE,FALSE
1991-10-08,Amundsen_Bellingshausen,4.319060597,0.4279132786101214,0.4279132786101214,0.540312197173086,FALSE,FALSE
1991-10-09,Amundsen_Bellingshausen,4.324409245,0.4455861586099741,0.4455861586099741,0.540312197173086,FALSE,FALSE
1991-10-10,Amundsen_Bellingshausen,4.324487347,0.458080939920249,0.458080939920249,0.540312197173086,FALSE,FALSE
1991-10-11,Amundsen_Bellingshausen,4.344190305,0.49021799490404616,0.49021799490404616,0.540312197173086,FALSE,FALSE
1991-10-12,Amundsen_Bellingshausen,4.367438139,0.5258423139244623,0.5258423139244623,0.540312197173086,FALSE,FALSE
1991-10-13,Amundsen_Bellingshausen,4.368566823,0.5392148413445921,0.5392148413445921,0.540312197173086,FALSE,FALSE
1991-10-14,Amundsen_Bellingshausen,4.365578341,0.5482625315275351,0.5482625315275351,0.540312197173086,TRUE,FALSE
1991-10-15,Amundsen_Bellingshausen,4.355523112,0.5499607738363848,0.5499607738363848,0.540312197173086,TRUE,FALSE
1991-10-16,Amundsen_Bellingshausen,4.336638233,0.5424716356342385,0.5424716356342385,0.540312197173086,TRUE,FALSE
1991-10-17,Amundsen_Bellingshausen,4.294808771,0.5116051542841928,0.5116051542841928,0.540312197173086,FALSE,FALSE
1991-10-18,Amundsen_Bellingshausen,4.269394612,0.4966494785883224,0.4966494785883224,0.540312197173086,FALSE,FALSE
1991-10-19,Amundsen_Bellingshausen,4.235639444,0.4728464897770044,0.4728464897770044,0.540312197173086,FALSE,FALSE
1991-10-20,Amundsen_Bellingshausen,4.218672358,0.4653903266392705,0.4653903266392705,0.540312197173086,FALSE,FALSE
1991-10-21,Amundsen_Bellingshausen,4.189391166,0.4452465258389817,0.4452465258389817,0.540312197173086,FALSE,FALSE
1991-10-22,Amundsen_Bellingshausen,4.129175184,0.3938621280399972,0.3938621280399972,0.540312197173086,FALSE,FALSE
1991-10-23,Amundsen_Bellingshausen,4.094396524,0.36767696990618104,0.36767696990618104,0.540312197173086,FALSE,FALSE
1991-10-24,Amundsen_Bellingshausen,4.068112871,0.3498164611013892,0.3498164611013892,0.540312197173086,FALSE,FALSE
1991-10-25,Amundsen_Bellingshausen,4.051114245,0.34113834628948414,0.34113834628948414,0.540312197173086,FALSE,FALSE
1991-10-26,Amundsen_Bellingshausen,4.035339048,0.33364875213432654,0.33364875213432654,0.540312197173086,FALSE,FALSE
1991-10-27,Amundsen_Bellingshausen,4.025154169,0.3317822922997786,0.3317822922997786,0.540312197173086,FALSE,FALSE
1991-10-28,Amundsen_Bellingshausen,4.045454876,0.3605019594496968,0.3605019594496968,0.540312197173086,FALSE,FALSE
1991-10-29,Amundsen_Bellingshausen,4.045475849,0.3691101582479446,0.3691101582479446,0.540312197173086,FALSE,FALSE
1991-10-30,Amundsen_Bellingshausen,4.023907145,0.3563646703583827,0.3563646703583827,0.540312197173086,FALSE,FALSE
1991-10-31,Amundsen_Bellingshausen,4.009180157,0.3507535879838506,0.3507535879838506,0.540312197173086,FALSE,FALSE
1991-11-01,Amundsen_Bellingshausen,3.985449824,0.33643427961396677,0.33643427961396677,0.540312197173086,FALSE,FALSE
1991-11-02,Amundsen_Bellingshausen,3.968181019,0.32885737819131355,0.32885737819131355,0.540312197173086,FALSE,FALSE
1991-11-03,Amundsen_Bellingshausen,3.91157947,0.2822143671772501,0.2822143671772501,0.540312197173086,FALSE,FALSE
1991-11-04,Amundsen_Bellingshausen,3.878903515,0.25974934003314365,0.25974934003314365,0.540312197173086,FALSE,FALSE
1991-11-05,Amundsen_Bellingshausen,3.854696704,0.24599160222035676,0.24599160222035676,0.540312197173086,FALSE,FALSE
1991-11-06,Amundsen_Bellingshausen,3.834572979,0.2365408512002558,0.2365408512002558,0.540312197173086,FALSE,FALSE
1991-11-07,Amundsen_Bellingshausen,3.82575256,0.23860306243420304,0.23860306243420304,0.540312197173086,FALSE,FALSE
1991-11-08,Amundsen_Bellingshausen,3.79550325,0.21943179438356397,0.21943179438356397,0.540312197173086,FALSE,FALSE
1991-11-09,Amundsen_Bellingshausen,3.772769715,0.20795746850970653,0.20795746850970653,0.540312197173086,FALSE,FALSE
1991-11-10,Amundsen_Bellingshausen,3.726570464,0.17318434927399196,0.17318434927399196,0.540312197173086,FALSE,FALSE
1991-11-11,Amundsen_Bellingshausen,3.711575837,0.16976853213778442,0.16976853213778442,0.540312197173086,FALSE,FALSE
1991-11-12,Amundsen_Bellingshausen,3.674227462,0.144137379741482,0.144137379741482,0.540312197173086,FALSE,FALSE
1991-11-13,Amundsen_Bellingshausen,3.647743234,0.1294933699303633,0.1294933699303633,0.540312197173086,FALSE,FALSE
1991-11-14,Amundsen_Bellingshausen,3.614601087,0.10829728816130446,0.10829728816130446,0.540312197173086,FALSE,FALSE
1991-11-15,Amundsen_Bellingshausen,3.606092549,0.11182337108016992,0.11182337108016992,0.540312197173086,FALSE,FALSE
1991-11-16,Amundsen_Bellingshausen,3.616606372,0.13444307933281774,0.13444307933281774,0.540312197173086,FALSE,FALSE
1991-11-17,Amundsen_Bellingshausen,3.595820699,0.12581726456510944,0.12581726456510944,0.540312197173086,FALSE,FALSE
1991-11-18,Amundsen_Bellingshausen,3.614781721,0.15697482642290517,0.15697482642290517,0.540312197173086,FALSE,FALSE
1991-11-19,Amundsen_Bellingshausen,3.62009357,0.1745026055520671,0.1745026055520671,0.540312197173086,FALSE,FALSE
1991-11-20,Amundsen_Bellingshausen,3.599312012,0.16593907659845275,0.16593907659845275,0.540312197173086,FALSE,FALSE
1991-11-21,Amundsen_Bellingshausen,3.574901518,0.15373141920792488,0.15373141920792488,0.540312197173086,FALSE,FALSE
1991-11-22,Amundsen_Bellingshausen,3.590799034,0.1817992880263457,0.1817992880263457,0.540312197173086,FALSE,FALSE
1991-11-23,Amundsen_Bellingshausen,3.606214566,0.2093353976995731,0.2093353976995731,0.540312197173086,FALSE,FALSE
1991-11-24,Amundsen_Bellingshausen,3.625038927,0.24021326987346825,0.24021326987346825,0.540312197173086,FALSE,FALSE
1991-11-25,Amundsen_Bellingshausen,3.633323337,0.26047157149801237,0.26047157149801237,0.540312197173086,FALSE,FALSE
1991-11-26,Amundsen_Bellingshausen,3.636936356,0.276006385305541,0.276006385305541,0.540312197173086,FALSE,FALSE
1991-11-27,Amundsen_Bellingshausen,3.640248892,0.2912362931707362,0.2912362931707362,0.540312197173086,FALSE,FALSE
1991-11-28,Amundsen_Bellingshausen,3.636403361,0.29935153760148925,0.29935153760148925,0.540312197173086,FALSE,FALSE
1991-11-29,Amundsen_Bellingshausen,3.612830088,0.2878302701056765,0.2878302701056765,0.540312197173086,FALSE,FALSE
1991-11-30,Amundsen_Bellingshausen,3.626878077,0.31406932119118514,0.31406932119118514,0.540312197173086,FALSE,FALSE
1991-12-01,Amundsen_Bellingshausen,3.608544893,0.30811408236589655,0.30811408236589655,0.540312197173086,FALSE,FALSE
1991-12-02,Amundsen_Bellingshausen,3.620941833,0.3331236771376953,0.3331236771376953,0.540312197173086,FALSE,FALSE
1991-12-03,Amundsen_Bellingshausen,3.608887536,0.3339645710144641,0.3339645710144641,0.540312197173086,FALSE,FALSE
1991-12-04,Amundsen_Bellingshausen,3.638593433,0.3768960215040882,0.3768960215040882,0.540312197173086,FALSE,FALSE
1991-12-05,Amundsen_Bellingshausen,3.613756869,0.36566320011444864,0.36566320011444864,0.540312197173086,FALSE,FALSE
1991-12-06,Amundsen_Bellingshausen,3.610830638,0.3767667273534312,0.3767667273534312,0.540312197173086,FALSE,FALSE
1991-12-07,Amundsen_Bellingshausen,3.630184395,0.41062415549473474,0.41062415549473474,0.540312197173086,FALSE,FALSE
1991-12-08,Amundsen_Bellingshausen,3.611067925,0.4065551347857599,0.4065551347857599,0.540312197173086,FALSE,FALSE
1991-12-09,Amundsen_Bellingshausen,3.612740664,0.4239419451603119,0.4239419451603119,0.540312197173086,FALSE,FALSE
1991-12-10,Amundsen_Bellingshausen,3.631064982,0.4587776266852832,0.4587776266852832,0.540312197173086,FALSE,FALSE
1991-12-11,Amundsen_Bellingshausen,3.6353908,0.4805427704275704,0.4805427704275704,0.540312197173086,FALSE,FALSE
1991-12-12,Amundsen_Bellingshausen,3.616811027,0.4804609554540633,0.4804609554540633,0.540312197173086,FALSE,FALSE
1991-12-13,Amundsen_Bellingshausen,3.610780113,0.49411730183166336,0.49411730183166336,0.540312197173086,FALSE,FALSE
1991-12-14,Amundsen_Bellingshausen,3.57985548,0.4841999016272567,0.4841999016272567,0.540312197173086,FALSE,FALSE
1991-12-15,Amundsen_Bellingshausen,3.550647027,0.47744932390774286,0.47744932390774286,0.540312197173086,FALSE,FALSE
1991-12-16,Amundsen_Bellingshausen,3.519298947,0.4701404317400151,0.4701404317400151,0.540312197173086,FALSE,FALSE
1991-12-17,Amundsen_Bellingshausen,3.495115654,0.4717083091909675,0.4717083091909675,0.540312197173086,FALSE,FALSE
1991-12-18,Amundsen_Bellingshausen,3.468501014,0.4726874923274939,0.4726874923274939,0.540312197173086,FALSE,FALSE
1991-12-19,Amundsen_Bellingshausen,3.456176848,0.4899304722164892,0.4899304722164892,0.540312197173086,FALSE,FALSE
1991-12-20,Amundsen_Bellingshausen,3.447511868,0.5129266860584045,0.5129266860584045,0.540312197173086,FALSE,FALSE
1991-12-21,Amundsen_Bellingshausen,3.474438137,0.5735716745461317,0.5735716745461317,0.540312197173086,TRUE,TRUE
1991-12-22,Amundsen_Bellingshausen,3.477273401,0.6120211431101477,0.6120211431101477,0.540312197173086,TRUE,TRUE
1991-12-23,Amundsen_Bellingshausen,3.47639533,0.648487223373245,0.648487223373245,0.540312197173086,TRUE,TRUE
1991-12-24,Amundsen_Bellingshausen,3.394391197,0.6053916499582055,0.6053916499582055,0.540312197173086,TRUE,TRUE
1991-12-25,Amundsen_Bellingshausen,3.384836783,0.6361446654878176,0.6361446654878176,0.540312197173086,TRUE,TRUE
1991-12-26,Amundsen_Bellingshausen,3.396846932,0.689695575584869,0.689695575584869,0.540312197173086,TRUE,TRUE
1991-12-27,Amundsen_Bellingshausen,3.418802224,0.754259421872149,0.754259421872149,0.540312197173086,TRUE,TRUE
1991-12-28,Amundsen_Bellingshausen,3.376944627,0.7559126339724398,0.7559126339724398,0.540312197173086,TRUE,TRUE
1991-12-29,Amundsen_Bellingshausen,3.371867127,0.795082659508529,0.795082659508529,0.540312197173086,TRUE,TRUE
1991-12-30,Amundsen_Bellingshausen,3.2567266520000002,0.7247608881032108,0.7247608881032108,0.540312197173086,TRUE,TRUE
1991-12-31,Amundsen_Bellingshausen,3.201103392,0.7143619713792635,0.7143619713792635,0.540312197173086,TRUE,TRUE
1992-01-01,Amundsen_Bellingshausen,3.146576091,0.7052991149594758,0.7052991149594758,0.540312197173086,TRUE,TRUE
1992-01-02,Amundsen_Bellingshausen,3.073641479,0.677910268472671,0.677910268472671,0.540312197173086,TRUE,TRUE
1992-01-03,Amundsen_Bellingshausen,3.013320559,0.6630846865718114,0.6630846865718114,0.540312197173086,TRUE,TRUE
1992-01-04,Amundsen_Bellingshausen,2.938651001,0.6337350489159044,0.6337350489159044,0.540312197173086,TRUE,TRUE
1992-01-05,Amundsen_Bellingshausen,2.821999248,0.5621028081639388,0.5621028081639388,0.540312197173086,TRUE,TRUE
1992-01-06,Amundsen_Bellingshausen,2.583252346,0.36795001997492077,0.36795001997492077,0.540312197173086,FALSE,FALSE
1992-01-07,Amundsen_Bellingshausen,2.574039423,0.40278082200784526,0.40278082200784526,0.540312197173086,FALSE,FALSE
1992-01-08,Amundsen_Bellingshausen,2.564603721,0.4367134659217138,0.4367134659217138,0.540312197173086,FALSE,FALSE
1992-01-09,Amundsen_Bellingshausen,2.461766523,0.37644424437552537,0.37644424437552537,0.540312197173086,FALSE,FALSE
1992-01-10,Amundsen_Bellingshausen,2.377360657,0.33368099502828086,0.33368099502828086,0.540312197173086,FALSE,FALSE
1992-01-11,Amundsen_Bellingshausen,2.298684029,0.29559663353897747,0.29559663353897747,0.540312197173086,FALSE,FALSE
1992-01-12,Amundsen_Bellingshausen,2.285352264,0.3216817945666157,0.3216817945666157,0.540312197173086,FALSE,FALSE
1992-01-13,Amundsen_Bellingshausen,2.220651582,0.29509770777019617,0.29509770777019617,0.540312197173086,FALSE,FALSE
1992-01-14,Amundsen_Bellingshausen,2.211201432,0.3223407876230986,0.3223407876230986,0.540312197173086,FALSE,FALSE
1992-01-15,Amundsen_Bellingshausen,2.185833249,0.3321896186809554,0.3321896186809554,0.540312197173086,FALSE,FALSE
1992-01-16,Amundsen_Bellingshausen,2.147039245,0.3271714881270482,0.3271714881270482,0.540312197173086,FALSE,FALSE
1992-01-17,Amundsen_Bellingshausen,2.073962507,0.2864701188599774,0.2864701188599774,0.540312197173086,FALSE,FALSE
1992-01-18,Amundsen_Bellingshausen,2.047128902,0.2906520137783424,0.2906520137783424,0.540312197173086,FALSE,FALSE
1992-01-19,Amundsen_Bellingshausen,2.047439724,0.3206591027807446,0.3206591027807446,0.540312197173086,FALSE,FALSE
1992-01-20,Amundsen_Bellingshausen,2.029084552,0.33072160076578117,0.33072160076578117,0.540312197173086,FALSE,FALSE
1992-01-21,Amundsen_Bellingshausen,1.980471808,0.30928856563205454,0.30928856563205454,0.540312197173086,FALSE,FALSE
1992-01-22,Amundsen_Bellingshausen,1.946526564,0.30132570527816394,0.30132570527816394,0.540312197173086,FALSE,FALSE
1992-01-23,Amundsen_Bellingshausen,1.953291735,0.3329165706027082,0.3329165706027082,0.540312197173086,FALSE,FALSE
1992-01-24,Amundsen_Bellingshausen,1.928238906,0.33157338250428925,0.33157338250428925,0.540312197173086,FALSE,FALSE
1992-01-25,Amundsen_Bellingshausen,1.908870557,0.33483925688150484,0.33483925688150484,0.540312197173086,FALSE,FALSE
1992-01-26,Amundsen_Bellingshausen,1.881926634,0.3294947756329567,0.3294947756329567,0.540312197173086,FALSE,FALSE
1992-01-27,Amundsen_Bellingshausen,1.866520875,0.3346921085323553,0.3346921085323553,0.540312197173086,FALSE,FALSE
1992-01-28,Amundsen_Bellingshausen,1.857243143,0.3450446296205485,0.3450446296205485,0.540312197173086,FALSE,FALSE
1992-01-29,Amundsen_Bellingshausen,1.833436674,0.3399128989547233,0.3399128989547233,0.540312197173086,FALSE,FALSE
1992-01-30,Amundsen_Bellingshausen,1.826166357,0.35037910966182273,0.35037910966182273,0.540312197173086,FALSE,FALSE
1992-01-31,Amundsen_Bellingshausen,1.814946507,0.35597488086879614,0.35597488086879614,0.540312197173086,FALSE,FALSE
1992-02-01,Amundsen_Bellingshausen,1.789076567,0.3460169597025895,0.3460169597025895,0.540312197173086,FALSE,FALSE
1992-02-02,Amundsen_Bellingshausen,1.733932252,0.305898365290149,0.305898365290149,0.540312197173086,FALSE,FALSE
1992-02-03,Amundsen_Bellingshausen,1.702853175,0.2889760147584226,0.2889760147584226,0.540312197173086,FALSE,FALSE
1992-02-04,Amundsen_Bellingshausen,1.660137017,0.25956489323435794,0.25956489323435794,0.540312197173086,FALSE,FALSE
1992-02-05,Amundsen_Bellingshausen,1.621318208,0.23321673484489905,0.23321673484489905,0.540312197173086,FALSE,FALSE
1992-02-06,Amundsen_Bellingshausen,1.624189143,0.24774123871699505,0.24774123871699505,0.540312197173086,FALSE,FALSE
1992-02-07,Amundsen_Bellingshausen,1.600524024,0.2349299109775929,0.2349299109775929,0.540312197173086,FALSE,FALSE
1992-02-08,Amundsen_Bellingshausen,1.573670793,0.2181479121792036,0.2181479121792036,0.540312197173086,FALSE,FALSE
1992-02-09,Amundsen_Bellingshausen,1.548272984,0.20204469705329253,0.20204469705329253,0.540312197173086,FALSE,FALSE
1992-02-10,Amundsen_Bellingshausen,1.51464056,0.17691368067867907,0.17691368067867907,0.540312197173086,FALSE,FALSE
1992-02-11,Amundsen_Bellingshausen,1.47171635,0.14167848758444368,0.14167848758444368,0.540312197173086,FALSE,FALSE
1992-02-12,Amundsen_Bellingshausen,1.447127474,0.12394703329966417,0.12394703329966417,0.540312197173086,FALSE,FALSE
1992-02-13,Amundsen_Bellingshausen,1.451273875,0.13410005635341915,0.13410005635341915,0.540312197173086,FALSE,FALSE
1992-02-14,Amundsen_Bellingshausen,1.418627788,0.10659058727478898,0.10659058727478898,0.540312197173086,FALSE,FALSE
1992-02-15,Amundsen_Bellingshausen,1.417753362,0.10996357059285122,0.10996357059285122,0.540312197173086,FALSE,FALSE
1992-02-16,Amundsen_Bellingshausen,1.406388205,0.10193740983668408,0.10193740983668408,0.540312197173086,FALSE,FALSE
1992-02-17,Amundsen_Bellingshausen,1.408561203,0.10652178653536892,0.10652178653536892,0.540312197173086,FALSE,FALSE
1992-02-18,Amundsen_Bellingshausen,1.399280089,0.09870522921798286,0.09870522921798286,0.540312197173086,FALSE,FALSE
1992-02-19,Amundsen_Bellingshausen,1.38804398,0.08796765041360421,0.08796765041360421,0.540312197173086,FALSE,FALSE
1992-02-20,Amundsen_Bellingshausen,1.384053139,0.08349010865131357,0.08349010865131357,0.540312197173086,FALSE,FALSE
1992-02-21,Amundsen_Bellingshausen,1.356150709,0.05409986539649525,0.05409986539649525,0.540312197173086,FALSE,FALSE
1992-02-22,Amundsen_Bellingshausen,1.360177677,0.05566231217542183,0.05566231217542183,0.540312197173086,FALSE,FALSE
1992-02-23,Amundsen_Bellingshausen,1.331903541,0.02399815156008111,0.02399815156008111,0.540312197173086,FALSE,FALSE
1992-02-24,Amundsen_Bellingshausen,1.320066237,0.00789700858613806,0.00789700858613806,0.540312197173086,FALSE,FALSE
1992-02-25,Amundsen_Bellingshausen,1.330841676,0.01358648328924982,0.01358648328924982,0.540312197173086,FALSE,FALSE
1992-02-26,Amundsen_Bellingshausen,1.320882951,-0.00222864229492136,0.00222864229492136,0.540312197173086,FALSE,FALSE
1992-02-27,Amundsen_Bellingshausen,1.318474383,-0.01121235813071552,0.01121235813071552,0.540312197173086,FALSE,FALSE
1992-02-28,Amundsen_Bellingshausen,1.359797273,0.02286832581752929,0.02286832581752929,0.540312197173086,FALSE,FALSE
1992-03-01,Amundsen_Bellingshausen,1.449248638,0.09604086020877478,0.09604086020877478,0.540312197173086,FALSE,FALSE
1992-03-02,Amundsen_Bellingshausen,1.476546449,0.11440542472309678,0.11440542472309678,0.540312197173086,FALSE,FALSE
1992-03-03,Amundsen_Bellingshausen,1.452884812,0.08135023916410011,0.08135023916410011,0.540312197173086,FALSE,FALSE
1992-03-04,Amundsen_Bellingshausen,1.448097803,0.06676106524036785,0.06676106524036785,0.540312197173086,FALSE,FALSE
1992-03-05,Amundsen_Bellingshausen,1.464861756,0.07335354635030056,0.07335354635030056,0.540312197173086,FALSE,FALSE
1992-03-06,Amundsen_Bellingshausen,1.487446553,0.08539658132750216,0.08539658132750216,0.540312197173086,FALSE,FALSE
1992-03-07,Amundsen_Bellingshausen,1.521139555,0.1081683621487497,0.1081683621487497,0.540312197173086,FALSE,FALSE
1992-03-08,Amundsen_Bellingshausen,1.531362923,0.1070818807908196,0.1070818807908196,0.540312197173086,FALSE,FALSE
1992-03-09,Amundsen_Bellingshausen,1.548954374,0.11296568523048878,0.11296568523048878,0.540312197173086,FALSE,FALSE
1992-03-10,Amundsen_Bellingshausen,1.588963556,0.14086025444453387,0.14086025444453387,0.540312197173086,FALSE,FALSE
1992-03-11,Amundsen_Bellingshausen,1.631988638,0.1713545884097316,0.1713545884097316,0.540312197173086,FALSE,FALSE
1992-03-12,Amundsen_Bellingshausen,1.681257699,0.20766759710285676,0.20766759710285676,0.540312197173086,FALSE,FALSE
1992-03-13,Amundsen_Bellingshausen,1.736297946,0.24931731850068897,0.24931731850068897,0.540312197173086,FALSE,FALSE
1992-03-14,Amundsen_Bellingshausen,1.76255987,0.2617450745800034,0.2617450745800034,0.540312197173086,FALSE,FALSE
1992-03-15,Amundsen_Bellingshausen,1.82651455,0.31141277531757505,0.31141277531757505,0.540312197173086,FALSE,FALSE
1992-03-16,Amundsen_Bellingshausen,1.842595951,0.3127452166901834,0.3127452166901834,0.540312197173086,FALSE,FALSE
1992-03-17,Amundsen_Bellingshausen,1.841781435,0.29671108245656175,0.29671108245656175,0.540312197173086,FALSE,FALSE
1992-03-18,Amundsen_Bellingshausen,1.841650257,0.2808932065833203,0.2808932065833203,0.540312197173086,FALSE,FALSE
1992-03-19,Amundsen_Bellingshausen,1.851737541,0.27484311317916976,0.27484311317916976,0.540312197173086,FALSE,FALSE
1992-03-20,Amundsen_Bellingshausen,1.8781536,0.2846881189931669,0.2846881189931669,0.540312197173086,FALSE,FALSE
1992-03-21,Amundsen_Bellingshausen,1.95494321,0.34449000377436745,0.34449000377436745,0.540312197173086,FALSE,FALSE
1992-03-22,Amundsen_Bellingshausen,2.032751951,0.4049113512718278,0.4049113512718278,0.540312197173086,FALSE,FALSE
1992-03-23,Amundsen_Bellingshausen,2.073729092,0.4281184342346076,0.4281184342346076,0.540312197173086,FALSE,FALSE
1992-03-24,Amundsen_Bellingshausen,2.129629225,0.4658828484117597,0.4658828484117597,0.540312197173086,FALSE,FALSE
1992-03-25,Amundsen_Bellingshausen,2.154775862,0.4725451095523423,0.4725451095523423,0.540312197173086,FALSE,FALSE
1992-03-26,Amundsen_Bellingshausen,2.177120259,0.47607347740541295,0.47607347740541295,0.540312197173086,FALSE,FALSE
1992-03-27,Amundsen_Bellingshausen,2.217862505,0.4976850447200267,0.4976850447200267,0.540312197173086,FALSE,FALSE
1992-03-28,Amundsen_Bellingshausen,2.256646322,0.5170405372452407,0.5170405372452407,0.540312197173086,FALSE,FALSE
1992-03-29,Amundsen_Bellingshausen,2.293378166,0.534063414730112,0.534063414730112,0.540312197173086,FALSE,FALSE
1992-03-30,Amundsen_Bellingshausen,2.334298899,0.5550085832966525,0.5550085832966525,0.540312197173086,TRUE,TRUE
1992-03-31,Amundsen_Bellingshausen,2.384320216,0.5847856046471092,0.5847856046471092,0.540312197173086,TRUE,TRUE
1992-04-01,Amundsen_Bellingshausen,2.413571062,0.59351579085814965,0.59351579085814965,0.540312197173086,TRUE,TRUE
1992-04-02,Amundsen_Bellingshausen,2.432886869,0.592026936459898,0.592026936459898,0.540312197173086,TRUE,TRUE
1992-04-03,Amundsen_Bellingshausen,2.466596428,0.604640194982482,0.604640194982482,0.540312197173086,TRUE,TRUE
1992-04-04,Amundsen_Bellingshausen,2.501765291,0.6184134809560269,0.6184134809560269,0.540312197173086,TRUE,TRUE
1992-04-05,Amundsen_Bellingshausen,2.532389273,0.6273349719106649,0.6273349719106649,0.540312197173086,TRUE,TRUE
1992-04-06,Amundsen_Bellingshausen,2.532790259,0.6057189153765179,0.6057189153765179,0.540312197173086,TRUE,TRUE
1992-04-07,Amundsen_Bellingshausen,2.52544233,0.5760317548837177,0.5760317548837177,0.540312197173086,TRUE,TRUE
1992-04-08,Amundsen_Bellingshausen,2.521107597,0.5490279639623883,0.5490279639623883,0.540312197173086,TRUE,TRUE
1992-04-09,Amundsen_Bellingshausen,2.544674753,0.5495885981426574,0.5495885981426574,0.540312197173086,TRUE,TRUE
1992-04-10,Amundsen_Bellingshausen,2.554223309,0.5357855309546533,0.5357855309546533,0.540312197173086,FALSE,FALSE
1992-04-11,Amundsen_Bellingshausen,2.60835828,0.5662161890352699,0.5662161890352699,0.540312197173086,TRUE,TRUE
1992-04-12,Amundsen_Bellingshausen,2.672037461,0.6058342788720972,0.6058342788720972,0.540312197173086,TRUE,TRUE
1992-04-13,Amundsen_Bellingshausen,2.733932195,0.643312824425212,0.643312824425212,0.540312197173086,TRUE,TRUE
1992-04-14,Amundsen_Bellingshausen,2.765372287,0.6499838505492526,0.6499838505492526,0.540312197173086,TRUE,TRUE
1992-04-15,Amundsen_Bellingshausen,2.784352848,0.6438446880988469,0.6438446880988469,0.540312197173086,TRUE,TRUE
1992-04-16,Amundsen_Bellingshausen,2.829396084,0.663419762928632,0.663419762928632,0.540312197173086,TRUE,TRUE
1992-04-17,Amundsen_Bellingshausen,2.887067916,0.6952772158932432,0.6952772158932432,0.540312197173086,TRUE,TRUE
1992-04-18,Amundsen_Bellingshausen,2.925629348,0.7076802708473116,0.7076802708473116,0.540312197173086,TRUE,TRUE
1992-04-19,Amundsen_Bellingshausen,2.972875409,0.7284261766454709,0.7284261766454709,0.540312197173086,TRUE,TRUE
1992-04-20,Amundsen_Bellingshausen,3.020689363,0.7494004171423554,0.7494004171423554,0.540312197173086,TRUE,TRUE
1992-04-21,Amundsen_Bellingshausen,3.050454537,0.7519885391926002,0.7519885391926002,0.540312197173086,TRUE,TRUE
1992-04-22,Amundsen_Bellingshausen,3.066221006,0.7402428376508392,0.7402428376508392,0.540312197173086,TRUE,TRUE
1992-04-23,Amundsen_Bellingshausen,3.075198967,0.7213757293717036,0.7213757293717036,0.540312197173086,TRUE,TRUE
1992-04-24,Amundsen_Bellingshausen,3.082249053,0.700254408377766,0.700254408377766,0.540312197173086,TRUE,TRUE
1992-04-25,Amundsen_Bellingshausen,3.047237766,0.63679316777118,0.63679316777118,0.540312197173086,TRUE,TRUE
1992-04-26,Amundsen_Bellingshausen,3.0290828,0.5899802766372053,0.5899802766372053,0.540312197173086,TRUE,TRUE
1992-04-27,Amundsen_Bellingshausen,3.012113827,0.5442162220652085,0.5442162220652085,0.540312197173086,TRUE,TRUE
1992-04-28,Amundsen_Bellingshausen,3.010162189,0.5134031611445513,0.5134031611445513,0.540312197173086,FALSE,FALSE
1992-04-29,Amundsen_Bellingshausen,3.039202208,0.5135862309645942,0.5135862309645942,0.540312197173086,FALSE,FALSE
1992-04-30,Amundsen_Bellingshausen,3.092148041,0.5377504036147007,0.5377504036147007,0.540312197173086,FALSE,FALSE
1992-05-01,Amundsen_Bellingshausen,3.157242705,0.5742095111842329,0.5742095111842329,0.540312197173086,TRUE,TRUE
1992-05-02,Amundsen_Bellingshausen,3.215134928,0.6036830967625555,0.6036830967625555,0.540312197173086,TRUE,TRUE
1992-05-03,Amundsen_Bellingshausen,3.262159198,0.622576463439033,0.622576463439033,0.540312197173086,TRUE,TRUE
1992-05-04,Amundsen_Bellingshausen,3.297787279,0.6304321903030234,0.6304321903030234,0.540312197173086,TRUE,TRUE
1992-05-05,Amundsen_Bellingshausen,3.326818825,0.6321207464438938,0.6321207464438938,0.540312197173086,TRUE,TRUE
1992-05-06,Amundsen_Bellingshausen,3.360692361,0.6391514329678767,0.6391514329678767,0.540312197173086,TRUE,TRUE
1992-05-07,Amundsen_Bellingshausen,3.391293209,0.6434586142791008,0.6434586142791008,0.540312197173086,TRUE,TRUE
1992-05-08,Amundsen_Bellingshausen,3.427414295,0.6538264151313609,0.6538264151313609,0.540312197173086,TRUE,TRUE
1992-05-09,Amundsen_Bellingshausen,3.452771227,0.6539521249135998,0.6539521249135998,0.540312197173086,TRUE,TRUE
1992-05-10,Amundsen_Bellingshausen,3.492683475,0.6691368950147569,0.6691368950147569,0.540312197173086,TRUE,TRUE
1992-05-11,Amundsen_Bellingshausen,3.522659707,0.6748710748237734,0.6748710748237734,0.540312197173086,TRUE,TRUE
1992-05-12,Amundsen_Bellingshausen,3.545718645,0.674155067729592,0.674155067729592,0.540312197173086,TRUE,TRUE
1992-05-13,Amundsen_Bellingshausen,3.549760071,0.6548703371211486,0.6548703371211486,0.540312197173086,TRUE,TRUE
1992-05-14,Amundsen_Bellingshausen,3.552425395,0.6346399743873863,0.6346399743873863,0.540312197173086,TRUE,TRUE
1992-05-15,Amundsen_Bellingshausen,3.56558085,0.625311893917246,0.625311893917246,0.540312197173086,TRUE,TRUE
1992-05-16,Amundsen_Bellingshausen,3.586815739,0.6244570800996669,0.6244570800996669,0.540312197173086,TRUE,TRUE
1992-05-17,Amundsen_Bellingshausen,3.582948289,0.5988754413235906,0.5988754413235906,0.540312197173086,TRUE,TRUE
1992-05-18,Amundsen_Bellingshausen,3.58999027,0.5845604289779569,0.5845604289779569,0.540312197173086,TRUE,TRUE
1992-05-19,Amundsen_Bellingshausen,3.603670979,0.5772230830610448,0.5772230830610448,0.540312197173086,TRUE,TRUE
1992-05-20,Amundsen_Bellingshausen,3.616695769,0.5695516237760798,0.5695516237760798,0.540312197173086,TRUE,TRUE
1992-05-21,Amundsen_Bellingshausen,3.645590424,0.5780556845259257,0.5780556845259257,0.540312197173086,TRUE,TRUE
1992-05-22,Amundsen_Bellingshausen,3.635017504,0.5473817077592731,0.5473817077592731,0.540312197173086,TRUE,TRUE
1992-05-23,Amundsen_Bellingshausen,3.610170319,0.5027068859248187,0.5027068859248187,0.540312197173086,FALSE,FALSE
1992-05-24,Amundsen_Bellingshausen,3.660748127,0.5337143594712535,0.5337143594712535,0.540312197173086,FALSE,FALSE
1992-05-25,Amundsen_Bellingshausen,3.721250724,0.5748878068472689,0.5748878068472689,0.540312197173086,TRUE,TRUE
1992-05-26,Amundsen_Bellingshausen,3.759453716,0.5939867165015591,0.5939867165015591,0.540312197173086,TRUE,TRUE
1992-05-27,Amundsen_Bellingshausen,3.785254251,0.6008921188828173,0.6008921188828173,0.540312197173086,TRUE,TRUE
1992-05-28,Amundsen_Bellingshausen,3.814642277,0.6115778444397364,0.6115778444397364,0.540312197173086,TRUE,TRUE
1992-05-29,Amundsen_Bellingshausen,3.821703685,0.6001136666210076,0.6001136666210076,0.540312197173086,TRUE,TRUE
1992-05-30,Amundsen_Bellingshausen,3.835674569,0.5957195618753239,0.5957195618753239,0.540312197173086,TRUE,TRUE
1992-05-31,Amundsen_Bellingshausen,3.855316894,0.5971413776513783,0.5971413776513783,0.540312197173086,TRUE,TRUE
1992-06-01,Amundsen_Bellingshausen,3.864838149,0.588578653667259,0.588578653667259,0.540312197173086,TRUE,TRUE
1992-06-02,Amundsen_Bellingshausen,3.883789401,0.5896107442898808,0.5896107442898808,0.540312197173086,TRUE,TRUE
1992-06-03,Amundsen_Bellingshausen,3.907945223,0.5960505550119128,0.5960505550119128,0.540312197173086,TRUE,TRUE
1992-06-04,Amundsen_Bellingshausen,3.977467301,0.6480981046981258,0.6480981046981258,0.540312197173086,TRUE,TRUE
1992-06-05,Amundsen_Bellingshausen,3.981234722,0.6346708132132846,0.6346708132132846,0.540312197173086,TRUE,TRUE
1992-06-06,Amundsen_Bellingshausen,4.01229841,0.6488579374221568,0.6488579374221568,0.540312197173086,TRUE,TRUE
1992-06-07,Amundsen_Bellingshausen,4.038896586,0.6589360311895125,0.6589360311895125,0.540312197173086,TRUE,TRUE
1992-06-08,Amundsen_Bellingshausen,4.035660904,0.6395750813801167,0.6395750813801167,0.540312197173086,TRUE,TRUE
1992-06-09,Amundsen_Bellingshausen,4.080216599,0.668438655858739,0.668438655858739,0.540312197173086,TRUE,TRUE
1992-06-10,Amundsen_Bellingshausen,4.112355642,0.6853570584901436,0.6853570584901436,0.540312197173086,TRUE,TRUE
1992-06-11,Amundsen_Bellingshausen,4.122526534,0.6808171231390996,0.6808171231390996,0.540312197173086,TRUE,TRUE
1992-06-12,Amundsen_Bellingshausen,4.118224298,0.6623522056703761,0.6623522056703761,0.540312197173086,TRUE,TRUE
1992-06-13,Amundsen_Bellingshausen,4.102240356,0.6327910372232406,0.6327910372232406,0.540312197173086,TRUE,TRUE
1992-06-14,Amundsen_Bellingshausen,4.092244115,0.6097952038714021,0.6097952038714021,0.540312197173086,TRUE,TRUE
1992-06-15,Amundsen_Bellingshausen,4.101726059,0.6067854567547712,0.6067854567547712,0.540312197173086,TRUE,TRUE
1992-06-16,Amundsen_Bellingshausen,4.127804944,0.620806333388086,0.620806333388086,0.540312197173086,TRUE,TRUE
1992-06-17,Amundsen_Bellingshausen,4.139886355,0.6211892002860848,0.6211892002860848,0.540312197173086,TRUE,TRUE
1992-06-18,Amundsen_Bellingshausen,4.169372176,0.639261722963512,0.639261722963512,0.540312197173086,TRUE,TRUE
1992-06-19,Amundsen_Bellingshausen,4.182261694,0.6409489699351045,0.6409489699351045,0.540312197173086,TRUE,TRUE
1992-06-20,Amundsen_Bellingshausen,4.223730304,0.6713521177156063,0.6713521177156063,0.540312197173086,TRUE,TRUE
1992-06-21,Amundsen_Bellingshausen,4.234681817,0.6713007588197559,0.6713007588197559,0.540312197173086,TRUE,TRUE
1992-06-22,Amundsen_Bellingshausen,4.245109505,0.6707139467622953,0.6707139467622953,0.540312197173086,TRUE,TRUE
1992-06-23,Amundsen_Bellingshausen,4.25598918,0.6704932750579626,0.6704932750579626,0.540312197173086,TRUE,TRUE
1992-06-24,Amundsen_Bellingshausen,4.251546524,0.654790207221501,0.654790207221501,0.540312197173086,TRUE,TRUE
1992-06-25,Amundsen_Bellingshausen,4.260407722,0.6521567097676488,0.6521567097676488,0.540312197173086,TRUE,TRUE
1992-06-26,Amundsen_Bellingshausen,4.289034553,0.6689894536493939,0.6689894536493939,0.540312197173086,TRUE,TRUE
1992-06-27,Amundsen_Bellingshausen,4.296611909,0.6644770658946388,0.6644770658946388,0.540312197173086,TRUE,TRUE
1992-06-28,Amundsen_Bellingshausen,4.328131267,0.6836462156383103,0.6836462156383103,0.540312197173086,TRUE,TRUE
1992-06-29,Amundsen_Bellingshausen,4.388496784,0.7314364137523852,0.7314364137523852,0.540312197173086,TRUE,TRUE
1992-06-30,Amundsen_Bellingshausen,4.421366551,0.7515411051088412,0.7515411051088412,0.540312197173086,TRUE,TRUE
1992-07-01,Amundsen_Bellingshausen,4.484990424,0.8022454995796524,0.8022454995796524,0.540312197173086,TRUE,TRUE
1992-07-02,Amundsen_Bellingshausen,4.517901375,0.8221179230367959,0.8221179230367959,0.540312197173086,TRUE,TRUE
1992-07-03,Amundsen_Bellingshausen,4.545423306,0.8365176313522502,0.8365176313522502,0.540312197173086,TRUE,TRUE
1992-07-04,Amundsen_Bellingshausen,4.592073554,0.869997315397987,0.869997315397987,0.540312197173086,TRUE,TRUE
1992-07-05,Amundsen_Bellingshausen,4.624439347,0.8891795570459871,0.8891795570459871,0.540312197173086,TRUE,TRUE
1992-07-06,Amundsen_Bellingshausen,4.652313593,0.9038926181682264,0.9038926181682264,0.540312197173086,TRUE,TRUE
1992-07-07,Amundsen_Bellingshausen,4.657547136,0.8960226966366798,0.8960226966366798,0.540312197173086,TRUE,TRUE
1992-07-08,Amundsen_Bellingshausen,4.677542451,0.9030075850099109,0.9030075850099109,0.540312197173086,TRUE,TRUE
1992-07-09,Amundsen_Bellingshausen,4.717876675,0.9304526750554832,0.9304526750554832,0.540312197173086,TRUE,TRUE
1992-07-10,Amundsen_Bellingshausen,4.75226978,0.9520907368033402,0.9520907368033402,0.540312197173086,TRUE,TRUE
1992-07-11,Amundsen_Bellingshausen,4.787982439,0.9751931957958616,0.9751931957958616,0.540312197173086,TRUE,TRUE
1992-07-12,Amundsen_Bellingshausen,4.798893067,0.9736492195754232,0.9736492195754232,0.540312197173086,TRUE,TRUE
1992-07-13,Amundsen_Bellingshausen,4.85212745,1.0145953466844082,1.0145953466844082,0.540312197173086,TRUE,TRUE
1992-07-14,Amundsen_Bellingshausen,4.891551131,1.0419078726651945,1.0419078726651945,0.540312197173086,TRUE,TRUE
1992-07-15,Amundsen_Bellingshausen,4.889853419,1.0282868590601577,1.0282868590601577,0.540312197173086,TRUE,TRUE
1992-07-16,Amundsen_Bellingshausen,4.841747503,0.9684562474116792,0.9684562474116792,0.540312197173086,TRUE,TRUE
1992-07-17,Amundsen_Bellingshausen,4.799955356,0.9151487632621422,0.9151487632621422,0.540312197173086,TRUE,TRUE
1992-07-18,Amundsen_Bellingshausen,4.771129885,0.8750280661539178,0.8750280661539178,0.540312197173086,TRUE,TRUE
1992-07-19,Amundsen_Bellingshausen,4.745766318,0.8386001366293869,0.8386001366293869,0.540312197173086,TRUE,TRUE
1992-07-20,Amundsen_Bellingshausen,4.741232955,0.8232440272309312,0.8232440272309312,0.540312197173086,TRUE,TRUE
1992-07-21,Amundsen_Bellingshausen,4.766114529,0.8375555034550048,0.8375555034550048,0.540312197173086,TRUE,TRUE
1992-07-22,Amundsen_Bellingshausen,4.800550271,0.8616886928075531,0.8616886928075531,0.540312197173086,TRUE,TRUE
1992-07-23,Amundsen_Bellingshausen,4.758091553,0.8092126804243898,0.8092126804243898,0.540312197173086,TRUE,TRUE
1992-07-24,Amundsen_Bellingshausen,4.70941736,0.7508242283334505,0.7508242283334505,0.540312197173086,TRUE,TRUE
1992-07-25,Amundsen_Bellingshausen,4.637831423,0.6698448445626739,0.6698448445626739,0.540312197173086,TRUE,TRUE
1992-07-26,Amundsen_Bellingshausen,4.581747562,0.6047061261400026,0.6047061261400026,0.540312197173086,TRUE,TRUE
1992-07-27,Amundsen_Bellingshausen,4.542578172,0.5568382450933633,0.5568382450933633,0.540312197173086,TRUE,TRUE
1992-07-28,Amundsen_Bellingshausen,4.574843406,0.5807791314507034,0.5807791314507034,0.540312197173086,TRUE,TRUE
1992-07-29,Amundsen_Bellingshausen,4.597792516,0.5957958142399509,0.5957958142399509,0.540312197173086,TRUE,TRUE
1992-07-30,Amundsen_Bellingshausen,4.591207285,0.5816878534890515,0.5816878534890515,0.540312197173086,TRUE,TRUE
1992-07-31,Amundsen_Bellingshausen,4.595578025,0.5789633382259414,0.5789633382259414,0.540312197173086,TRUE,TRUE
1992-08-01,Amundsen_Bellingshausen,4.593459931,0.5701952404785535,0.5701952404785535,0.540312197173086,TRUE,TRUE
1992-08-02,Amundsen_Bellingshausen,4.694917359,0.6654656927473379,0.6654656927473379,0.540312197173086,TRUE,TRUE
1992-08-03,Amundsen_Bellingshausen,4.800118363,0.7649462853993629,0.7649462853993629,0.540312197173086,TRUE,TRUE
1992-08-04,Amundsen_Bellingshausen,4.835554399,0.795080641139907,0.795080641139907,0.540312197173086,TRUE,TRUE
1992-08-05,Amundsen_Bellingshausen,4.781703849,0.7362877292029344,0.7362877292029344,0.540312197173086,TRUE,TRUE
1992-08-06,Amundsen_Bellingshausen,4.760017407,0.7099588308223979,0.7099588308223979,0.540312197173086,TRUE,TRUE
1992-08-07,Amundsen_Bellingshausen,4.724673405,0.6702128652322594,0.6702128652322594,0.540312197173086,TRUE,TRUE
1992-08-08,Amundsen_Bellingshausen,4.712575849,0.653894425666472,0.653894425666472,0.540312197173086,TRUE,TRUE
1992-08-09,Amundsen_Bellingshausen,4.714264523,0.651483883358992,0.651483883358992,0.540312197173086,TRUE,TRUE
1992-08-10,Amundsen_Bellingshausen,4.703960238,0.6371426365437838,0.6371426365437838,0.540312197173086,TRUE,TRUE
1992-08-11,Amundsen_Bellingshausen,4.660978059,0.590126337454798,0.590126337454798,0.540312197173086,TRUE,TRUE
1992-08-12,Amundsen_Bellingshausen,4.611456877,0.5365144643259967,0.5365144643259967,0.540312197173086,FALSE,FALSE
1992-08-13,Amundsen_Bellingshausen,4.580678263,0.5015291753913322,0.5015291753913322,0.540312197173086,FALSE,FALSE
1992-08-14,Amundsen_Bellingshausen,4.57409757,0.4905664108847647,0.4905664108847647,0.540312197173086,FALSE,FALSE
1992-08-15,Amundsen_Bellingshausen,4.539274088,0.4511282096797409,0.4511282096797409,0.540312197173086,FALSE,FALSE
1992-08-16,Amundsen_Bellingshausen,4.512610443,0.4196241956522817,0.4196241956522817,0.540312197173086,FALSE,FALSE
1992-08-17,Amundsen_Bellingshausen,4.471592653,0.3736209227289571,0.3736209227289571,0.540312197173086,FALSE,FALSE
1992-08-18,Amundsen_Bellingshausen,4.4483988,0.3453810389116079,0.3453810389116079,0.540312197173086,FALSE,FALSE
1992-08-19,Amundsen_Bellingshausen,4.398710457,0.29067068320207134,0.29067068320207134,0.540312197173086,FALSE,FALSE
1992-08-20,Amundsen_Bellingshausen,4.3412976,0.22834439760217684,0.22834439760217684,0.540312197173086,FALSE,FALSE
1992-08-21,Amundsen_Bellingshausen,4.321167426,0.20349394511376673,0.20349394511376673,0.540312197173086,FALSE,FALSE
1992-08-22,Amundsen_Bellingshausen,4.280568247,0.1584522037386744,0.1584522037386744,0.540312197173086,FALSE,FALSE
1992-08-23,Amundsen_Bellingshausen,4.269447692,0.14325136847873754,0.14325136847873754,0.540312197173086,FALSE,FALSE
1992-08-24,Amundsen_Bellingshausen,4.220653332,0.09082357633579452,0.09082357633579452,0.540312197173086,FALSE,FALSE
1992-08-25,Amundsen_Bellingshausen,4.238940673,0.10600889931167055,0.10600889931167055,0.540312197173086,FALSE,FALSE
1992-08-26,Amundsen_Bellingshausen,4.264872065,0.12945425340821615,0.12945425340821615,0.540312197173086,FALSE,FALSE
1992-08-27,Amundsen_Bellingshausen,4.304337489,0.16713418562725657,0.16713418562725657,0.540312197173086,FALSE,FALSE
1992-08-28,Amundsen_Bellingshausen,4.307565615,0.16934694049361987,0.16934694049361987,0.540312197173086,FALSE,FALSE
1992-08-29,Amundsen_Bellingshausen,4.285539336,0.1470538718922425,0.1470538718922425,0.540312197173086,FALSE,FALSE
1992-08-30,Amundsen_Bellingshausen,4.277107957,0.1390485114110147,0.1390485114110147,0.540312197173086,FALSE,FALSE
1992-08-31,Amundsen_Bellingshausen,4.318543289,0.18154683523274073,0.18154683523274073,0.540312197173086,FALSE,FALSE
1992-09-01,Amundsen_Bellingshausen,4.315164344,0.1798120205402185,0.1798120205402185,0.540312197173086,FALSE,FALSE
1992-09-02,Amundsen_Bellingshausen,4.271705471,0.13852258151625474,0.13852258151625474,0.540312197173086,FALSE,FALSE
1992-09-03,Amundsen_Bellingshausen,4.207144236,0.07660024934364973,0.07660024934364973,0.540312197173086,FALSE,FALSE
1992-09-04,Amundsen_Bellingshausen,4.181827546,0.05433609620520485,0.05433609620520485,0.540312197173086,FALSE,FALSE
1992-09-05,Amundsen_Bellingshausen,4.155780075,0.03169896128372329,0.03169896128372329,0.540312197173086,FALSE,FALSE
1992-09-06,Amundsen_Bellingshausen,4.136718209,0.01634939576200711,0.01634939576200711,0.540312197173086,FALSE,FALSE
1992-09-07,Amundsen_Bellingshausen,4.147178178,0.03076779482285552,0.03076779482285552,0.540312197173086,FALSE,FALSE
1992-09-08,Amundsen_Bellingshausen,4.143535301,0.03127364264907228,0.03127364264907228,0.540312197173086,FALSE,FALSE
1992-09-09,Amundsen_Bellingshausen,4.152282081,0.04430386394944019,0.04430386394944019,0.540312197173086,FALSE,FALSE
1992-09-10,Amundsen_Bellingshausen,4.11404131,0.01045002486459711,0.01045002486459711,0.540312197173086,FALSE,FALSE
1992-09-11,Amundsen_Bellingshausen,4.075424997,-0.0236630231077104,0.0236630231077104,0.540312197173086,FALSE,FALSE
1992-09-12,Amundsen_Bellingshausen,4.029947489,-0.06450345045591543,0.06450345045591543,0.540312197173086,FALSE,FALSE
1992-09-13,Amundsen_Bellingshausen,3.970460147,-0.11920241366845374,0.11920241366845374,0.540312197173086,FALSE,FALSE
1992-09-14,Amundsen_Bellingshausen,3.974938679,-0.10976672223377104,0.10976672223377104,0.540312197173086,FALSE,FALSE
1992-09-15,Amundsen_Bellingshausen,3.970665748,-0.10889623064029764,0.10889623064029764,0.540312197173086,FALSE,FALSE
1992-09-16,Amundsen_Bellingshausen,3.970479548,-0.10373526237647468,0.10373526237647468,0.540312197173086,FALSE,FALSE
1992-09-17,Amundsen_Bellingshausen,3.949577987,-0.11906842693074138,0.11906842693074138,0.540312197173086,FALSE,FALSE
1992-09-18,Amundsen_Bellingshausen,3.929884799,-0.1329545077915304,0.1329545077915304,0.540312197173086,FALSE,FALSE
1992-09-19,Amundsen_Bellingshausen,3.894997932,-0.16177807444727943,0.16177807444727943,0.540312197173086,FALSE,FALSE
1992-09-20,Amundsen_Bellingshausen,3.844020886,-0.20641814438643016,0.20641814438643016,0.540312197173086,FALSE,FALSE
1992-09-21,Amundsen_Bellingshausen,3.813691237,-0.23011965909741905,0.23011965909741905,0.540312197173086,FALSE,FALSE
1992-09-22,Amundsen_Bellingshausen,3.799540658,-0.23733404414387005,0.23733404414387005,0.540312197173086,FALSE,FALSE
1992-09-23,Amundsen_Bellingshausen,3.838421294,-0.19119847415306213,0.19119847415306213,0.540312197173086,FALSE,FALSE
1992-09-24,Amundsen_Bellingshausen,3.896171198,-0.12586798954509204,0.12586798954509204,0.540312197173086,FALSE,FALSE
1992-09-25,Amundsen_Bellingshausen,3.957696602,-0.0564295046905463,0.0564295046905463,0.540312197173086,FALSE,FALSE
1992-09-26,Amundsen_Bellingshausen,3.982749401,-0.02312427096000346,0.02312427096000346,0.540312197173086,FALSE,FALSE
1992-09-27,Amundsen_Bellingshausen,3.992075686,-0.00519934372404717,0.00519934372404717,0.540312197173086,FALSE,FALSE
1992-09-28,Amundsen_Bellingshausen,3.986299049,-0.00202427735325816,0.00202427735325816,0.540312197173086,FALSE,FALSE
1992-09-29,Amundsen_Bellingshausen,3.984166242,0.00515453378177976,0.00515453378177976,0.540312197173086,FALSE,FALSE
1992-09-30,Amundsen_Bellingshausen,3.969672524,3.392023104886732e-4,3.392023104886732e-4,0.540312197173086,FALSE,FALSE
1992-10-01,Amundsen_Bellingshausen,3.953144107,-0.00613720613771517,0.00613720613771517,0.540312197173086,FALSE,FALSE
1992-10-02,Amundsen_Bellingshausen,3.906885535,-0.04196329393341225,0.04196329393341225,0.540312197173086,FALSE,FALSE
1992-10-03,Amundsen_Bellingshausen,3.866983118,-0.07104589744718437,0.07104589744718437,0.540312197173086,FALSE,FALSE
1992-10-04,Amundsen_Bellingshausen,3.847724314,-0.07909072015784746,0.07909072015784746,0.540312197173086,FALSE,FALSE
1992-10-05,Amundsen_Bellingshausen,3.841357525,-0.07386079691069147,0.07386079691069147,0.540312197173086,FALSE,FALSE
1992-10-06,Amundsen_Bellingshausen,3.855527235,-0.04777683844240199,0.04777683844240199,0.540312197173086,FALSE,FALSE
1992-10-07,Amundsen_Bellingshausen,3.881152982,-0.00999433638987845,0.00999433638987845,0.540312197173086,FALSE,FALSE
1992-10-08,Amundsen_Bellingshausen,3.940358664,0.06153557760997419,0.06153557760997419,0.540312197173086,FALSE,FALSE
1992-10-09,Amundsen_Bellingshausen,3.961413097,0.09500668992024908,0.09500668992024908,0.540312197173086,FALSE,FALSE
1992-10-10,Amundsen_Bellingshausen,3.928759033,0.07478672290404642,0.07478672290404642,0.540312197173086,FALSE,FALSE
1992-10-11,Amundsen_Bellingshausen,3.856569162,0.01497333692446245,0.01497333692446245,0.540312197173086,FALSE,FALSE
1992-10-12,Amundsen_Bellingshausen,3.819766676,-0.00958530565540805,0.00958530565540805,0.540312197173086,FALSE,FALSE
1992-10-13,Amundsen_Bellingshausen,3.777865062,-0.0394507474724648,0.0394507474724648,0.540312197173086,FALSE,FALSE
1992-10-14,Amundsen_Bellingshausen,3.705554659,-0.1000076791636153,0.1000076791636153,0.540312197173086,FALSE,FALSE
1992-10-15,Amundsen_Bellingshausen,3.672853166,-0.121313431365762,0.121313431365762,0.540312197173086,FALSE,FALSE
1992-10-16,Amundsen_Bellingshausen,3.661554846,-0.12164877071580672,0.12164877071580672,0.540312197173086,FALSE,FALSE
1992-10-17,Amundsen_Bellingshausen,3.66424244,-0.10850269341167752,0.10850269341167752,0.540312197173086,FALSE,FALSE
1992-10-18,Amundsen_Bellingshausen,3.640871069,-0.12192188522299574,0.12192188522299574,0.540312197173086,FALSE,FALSE
1992-10-19,Amundsen_Bellingshausen,3.626378029,-0.12690400236072952,0.12690400236072952,0.540312197173086,FALSE,FALSE
1992-10-20,Amundsen_Bellingshausen,3.596872573,-0.14727206716101815,0.14727206716101815,0.540312197173086,FALSE,FALSE
1992-10-21,Amundsen_Bellingshausen,3.559637271,-0.1756757849600028,0.1756757849600028,0.540312197173086,FALSE,FALSE
1992-10-22,Amundsen_Bellingshausen,3.532055428,-0.1946641260938193,0.1946641260938193,0.540312197173086,FALSE,FALSE
1992-10-23,Amundsen_Bellingshausen,3.517823419,-0.20047299089861115,0.20047299089861115,0.540312197173086,FALSE,FALSE
1992-10-24,Amundsen_Bellingshausen,3.510118034,-0.1998578647105158,0.1998578647105158,0.540312197173086,FALSE,FALSE
1992-10-25,Amundsen_Bellingshausen,3.481041001,-0.22064929486567353,0.22064929486567353,0.540312197173086,FALSE,FALSE
1992-10-26,Amundsen_Bellingshausen,3.463267393,-0.23010448370022152,0.23010448370022152,0.540312197173086,FALSE,FALSE
1992-10-27,Amundsen_Bellingshausen,3.457507302,-0.22744561455030343,0.22744561455030343,0.540312197173086,FALSE,FALSE
1992-10-28,Amundsen_Bellingshausen,3.45538969,-0.22097600075205515,0.22097600075205515,0.540312197173086,FALSE,FALSE
1992-10-29,Amundsen_Bellingshausen,3.456028661,-0.21151381364161723,0.21151381364161723,0.540312197173086,FALSE,FALSE
1992-10-30,Amundsen_Bellingshausen,3.439365437,-0.21906113201614952,0.21906113201614952,0.540312197173086,FALSE,FALSE
1992-10-31,Amundsen_Bellingshausen,3.427133656,-0.22188188838603295,0.22188188838603295,0.540312197173086,FALSE,FALSE
1992-11-01,Amundsen_Bellingshausen,3.409235316,-0.2300883248086865,0.2300883248086865,0.540312197173086,FALSE,FALSE
1992-11-02,Amundsen_Bellingshausen,3.39613346,-0.2332316428227497,0.2332316428227497,0.540312197173086,FALSE,FALSE
1992-11-03,Amundsen_Bellingshausen,3.416980779,-0.20217339596685635,0.20217339596685635,0.540312197173086,FALSE,FALSE
1992-11-04,Amundsen_Bellingshausen,3.419881645,-0.18882345677964363,0.18882345677964363,0.540312197173086,FALSE,FALSE
1992-11-05,Amundsen_Bellingshausen,3.400608989,-0.19742313879974385,0.19742313879974385,0.540312197173086,FALSE,FALSE
1992-11-06,Amundsen_Bellingshausen,3.395756639,-0.19139285856579713,0.19139285856579713,0.540312197173086,FALSE,FALSE
1992-11-07,Amundsen_Bellingshausen,3.433998442,-0.14207301361643587,0.14207301361643587,0.540312197173086,FALSE,FALSE
1992-11-08,Amundsen_Bellingshausen,3.452095888,-0.11271635849029328,0.11271635849029328,0.540312197173086,FALSE,FALSE
1992-11-09,Amundsen_Bellingshausen,3.479795232,-0.07359088272600811,0.07359088272600811,0.540312197173086,FALSE,FALSE
1992-11-10,Amundsen_Bellingshausen,3.474705904,-0.0671014008622155,0.0671014008622155,0.540312197173086,FALSE,FALSE
1992-11-11,Amundsen_Bellingshausen,3.491348884,-0.03874119825851796,0.03874119825851796,0.540312197173086,FALSE,FALSE
1992-11-12,Amundsen_Bellingshausen,3.50869371,-0.0095561540696365,0.0095561540696365,0.540312197173086,FALSE,FALSE
1992-11-13,Amundsen_Bellingshausen,3.512854871,0.00655107216130446,0.00655107216130446,0.540312197173086,FALSE,FALSE
1992-11-14,Amundsen_Bellingshausen,3.491543524,-0.00272565391983015,0.00272565391983015,0.540312197173086,FALSE,FALSE
1992-11-15,Amundsen_Bellingshausen,3.457542554,-0.02462073866718217,0.02462073866718217,0.540312197173086,FALSE,FALSE
1992-11-16,Amundsen_Bellingshausen,3.439163881,-0.03083955343489064,0.03083955343489064,0.540312197173086,FALSE,FALSE
1992-11-17,Amundsen_Bellingshausen,3.424506924,-0.03329997057709466,0.03329997057709466,0.540312197173086,FALSE,FALSE
1992-11-18,Amundsen_Bellingshausen,3.407608446,-0.03798251844793299,0.03798251844793299,0.540312197173086,FALSE,FALSE
1992-11-19,Amundsen_Bellingshausen,3.392358607,-0.04101432840154739,0.04101432840154739,0.540312197173086,FALSE,FALSE
1992-11-20,Amundsen_Bellingshausen,3.380336889,-0.04083320979207494,0.04083320979207494,0.540312197173086,FALSE,FALSE
1992-11-21,Amundsen_Bellingshausen,3.369770097,-0.03922964897365411,0.03922964897365411,0.540312197173086,FALSE,FALSE
1992-11-22,Amundsen_Bellingshausen,3.373179331,-0.0236998373004269,0.0236998373004269,0.540312197173086,FALSE,FALSE
1992-11-23,Amundsen_Bellingshausen,3.348039901,-0.03678575612653168,0.03678575612653168,0.540312197173086,FALSE,FALSE
1992-11-24,Amundsen_Bellingshausen,3.319898904,-0.05295286150198786,0.05295286150198786,0.540312197173086,FALSE,FALSE
1992-11-25,Amundsen_Bellingshausen,3.323789646,-0.03714032469445927,0.03714032469445927,0.540312197173086,FALSE,FALSE
1992-11-26,Amundsen_Bellingshausen,3.325287021,-0.02372557782926376,0.02372557782926376,0.540312197173086,FALSE,FALSE
1992-11-27,Amundsen_Bellingshausen,3.290102006,-0.04694981739851078,0.04694981739851078,0.540312197173086,FALSE,FALSE
1992-11-28,Amundsen_Bellingshausen,3.294490086,-0.03050973189432326,0.03050973189432326,0.540312197173086,FALSE,FALSE
1992-11-29,Amundsen_Bellingshausen,3.311841814,-9.669418088149584e-4,9.669418088149584e-4,0.540312197173086,FALSE,FALSE
1992-11-30,Amundsen_Bellingshausen,3.322973859,0.02254304836589682,0.02254304836589682,0.540312197173086,FALSE,FALSE
1992-12-01,Amundsen_Bellingshausen,3.327992884,0.0401747281376954,0.0401747281376954,0.540312197173086,FALSE,FALSE
1992-12-02,Amundsen_Bellingshausen,3.331788278,0.05686531301446385,0.05686531301446385,0.540312197173086,FALSE,FALSE
1992-12-03,Amundsen_Bellingshausen,3.32567846,0.06398104850408792,0.06398104850408792,0.540312197173086,FALSE,FALSE
1992-12-04,Amundsen_Bellingshausen,3.304217426,0.05612375711444883,0.05612375711444883,0.540312197173086,FALSE,FALSE
1992-12-05,Amundsen_Bellingshausen,3.286765569,0.05270165835343121,0.05270165835343121,0.540312197173086,FALSE,FALSE
1992-12-06,Amundsen_Bellingshausen,3.272807881,0.05324764149473449,0.05324764149473449,0.540312197173086,FALSE,FALSE
1992-12-07,Amundsen_Bellingshausen,3.256886872,0.05237408178575986,0.05237408178575986,0.540312197173086,FALSE,FALSE
1992-12-08,Amundsen_Bellingshausen,3.236727843,0.04792912416031214,0.04792912416031214,0.540312197173086,FALSE,FALSE
1992-12-09,Amundsen_Bellingshausen,3.228541322,0.05625396668528326,0.05625396668528326,0.540312197173086,FALSE,FALSE
1992-12-10,Amundsen_Bellingshausen,3.213533807,0.05868577742757042,0.05868577742757042,0.540312197173086,FALSE,FALSE
1992-12-11,Amundsen_Bellingshausen,3.179475383,0.04312531145406373,0.04312531145406373,0.540312197173086,FALSE,FALSE
1992-12-12,Amundsen_Bellingshausen,3.156569261,0.03990644983166325,0.03990644983166325,0.540312197173086,FALSE,FALSE
1992-12-13,Amundsen_Bellingshausen,3.12641314,0.03075756162725662,0.03075756162725662,0.540312197173086,FALSE,FALSE
1992-12-14,Amundsen_Bellingshausen,3.075026024,0.00182832090774276,0.00182832090774276,0.540312197173086,FALSE,FALSE
1992-12-15,Amundsen_Bellingshausen,3.057151584,0.00799306874001537,0.00799306874001537,0.540312197173086,FALSE,FALSE
1992-12-16,Amundsen_Bellingshausen,3.039772068,0.01636472319096738,0.01636472319096738,0.540312197173086,FALSE,FALSE
1992-12-17,Amundsen_Bellingshausen,3.021469678,0.02565615632749374,0.02565615632749374,0.540312197173086,FALSE,FALSE
1992-12-18,Amundsen_Bellingshausen,3.016287099,0.050040723216489,0.050040723216489,0.540312197173086,FALSE,FALSE
1992-12-19,Amundsen_Bellingshausen,2.987396496,0.05281131405840478,0.05281131405840478,0.540312197173086,FALSE,FALSE
1992-12-20,Amundsen_Bellingshausen,2.998037241,0.09717077854613176,0.09717077854613176,0.540312197173086,FALSE,FALSE
1992-12-21,Amundsen_Bellingshausen,2.969122062,0.10386980411014736,0.10386980411014736,0.540312197173086,FALSE,FALSE
1992-12-22,Amundsen_Bellingshausen,2.903050935,0.07514282837324515,0.07514282837324515,0.540312197173086,FALSE,FALSE
1992-12-23,Amundsen_Bellingshausen,2.859791179,0.07079163195820559,0.07079163195820559,0.540312197173086,FALSE,FALSE
1992-12-24,Amundsen_Bellingshausen,2.795734574,0.04704245648781757,0.04704245648781757,0.540312197173086,FALSE,FALSE
1992-12-25,Amundsen_Bellingshausen,2.725146977,0.01799562058486925,0.01799562058486925,0.540312197173086,FALSE,FALSE
1992-12-26,Amundsen_Bellingshausen,2.676108569,0.01156576687214938,0.01156576687214938,0.540312197173086,FALSE,FALSE
1992-12-27,Amundsen_Bellingshausen,2.603103686,-0.01792830702756021,0.01792830702756021,0.540312197173086,FALSE,FALSE
1992-12-28,Amundsen_Bellingshausen,2.585301728,0.0085172605085293,0.0085172605085293,0.540312197173086,FALSE,FALSE
1992-12-29,Amundsen_Bellingshausen,2.53206387,9.810610321059345e-5,9.810610321059345e-5,0.540312197173086,FALSE,FALSE
1992-12-30,Amundsen_Bellingshausen,2.440608511,-0.04613290962073613,0.04613290962073613,0.540312197173086,FALSE,FALSE
1992-12-31,Amundsen_Bellingshausen,2.440101844,-0.00117513204052421,0.00117513204052421,0.540312197173086,FALSE,FALSE
1993-01-01,Amundsen_Bellingshausen,2.398818241,-0.04245873504052433,0.04245873504052433,0.540312197173086,FALSE,FALSE
1993-01-02,Amundsen_Bellingshausen,2.334123132,-0.06160807852732875,0.06160807852732875,0.540312197173086,FALSE,FALSE
1993-01-03,Amundsen_Bellingshausen,2.270389025,-0.07984684742818837,0.07984684742818837,0.540312197173086,FALSE,FALSE
1993-01-04,Amundsen_Bellingshausen,2.184065462,-0.12085049008409587,0.12085049008409587,0.540312197173086,FALSE,FALSE
1993-01-05,Amundsen_Bellingshausen,2.186023069,-0.07387337083606127,0.07387337083606127,0.540312197173086,FALSE,FALSE
1993-01-06,Amundsen_Bellingshausen,2.144841856,-0.07046047002507905,0.07046047002507905,0.540312197173086,FALSE,FALSE
1993-01-07,Amundsen_Bellingshausen,2.073465577,-0.09779302399215473,0.09779302399215473,0.540312197173086,FALSE,FALSE
1993-01-08,Amundsen_Bellingshausen,2.007239793,-0.12065046207828622,0.12065046207828622,0.540312197173086,FALSE,FALSE
1993-01-09,Amundsen_Bellingshausen,1.987282914,-0.09803936462447482,0.09803936462447482,0.540312197173086,FALSE,FALSE
1993-01-10,Amundsen_Bellingshausen,1.951949991,-0.09172967097171925,0.09172967097171925,0.540312197173086,FALSE,FALSE
1993-01-11,Amundsen_Bellingshausen,1.920420284,-0.08266711146102246,0.08266711146102246,0.540312197173086,FALSE,FALSE
1993-01-12,Amundsen_Bellingshausen,1.878858135,-0.08481233443338443,0.08481233443338443,0.540312197173086,FALSE,FALSE
1993-01-13,Amundsen_Bellingshausen,1.801533426,-0.12402044822980374,0.12402044822980374,0.540312197173086,FALSE,FALSE
1993-01-14,Amundsen_Bellingshausen,1.757907953,-0.1309526913769017,0.1309526913769017,0.540312197173086,FALSE,FALSE
1993-01-15,Amundsen_Bellingshausen,1.709529491,-0.14411413931904438,0.14411413931904438,0.540312197173086,FALSE,FALSE
1993-01-16,Amundsen_Bellingshausen,1.673847818,-0.14601993887295195,0.14601993887295195,0.540312197173086,FALSE,FALSE
1993-01-17,Amundsen_Bellingshausen,1.615466757,-0.17202563114002256,0.17202563114002256,0.540312197173086,FALSE,FALSE
1993-01-18,Amundsen_Bellingshausen,1.596435252,-0.16004163622165746,0.16004163622165746,0.540312197173086,FALSE,FALSE
1993-01-19,Amundsen_Bellingshausen,1.588371368,-0.13840925321925557,0.13840925321925557,0.540312197173086,FALSE,FALSE
1993-01-20,Amundsen_Bellingshausen,1.565621377,-0.13274157423421884,0.13274157423421884,0.540312197173086,FALSE,FALSE
1993-01-21,Amundsen_Bellingshausen,1.519049496,-0.1521337463679453,0.1521337463679453,0.540312197173086,FALSE,FALSE
1993-01-22,Amundsen_Bellingshausen,1.455199297,-0.190001561721836,0.190001561721836,0.540312197173086,FALSE,FALSE
1993-01-23,Amundsen_Bellingshausen,1.420037374,-0.20033779039729183,0.20033779039729183,0.540312197173086,FALSE,FALSE
1993-01-24,Amundsen_Bellingshausen,1.392930758,-0.20373476549571068,0.20373476549571068,0.540312197173086,FALSE,FALSE
1993-01-25,Amundsen_Bellingshausen,1.374244066,-0.1997872341184952,0.1997872341184952,0.540312197173086,FALSE,FALSE
1993-01-26,Amundsen_Bellingshausen,1.329192286,-0.22323957236704328,0.22323957236704328,0.540312197173086,FALSE,FALSE
1993-01-27,Amundsen_Bellingshausen,1.320398748,-0.21143001846764475,0.21143001846764475,0.540312197173086,FALSE,FALSE
1993-01-28,Amundsen_Bellingshausen,1.307815601,-0.2043829123794516,0.2043829123794516,0.540312197173086,FALSE,FALSE
1993-01-29,Amundsen_Bellingshausen,1.306113148,-0.1874106270452769,0.1874106270452769,0.540312197173086,FALSE,FALSE
1993-01-30,Amundsen_Bellingshausen,1.290785965,-0.18500128233817725,0.18500128233817725,0.540312197173086,FALSE,FALSE
1993-01-31,Amundsen_Bellingshausen,1.27855205,-0.18041957613120377,0.18041957613120377,0.540312197173086,FALSE,FALSE
1993-02-01,Amundsen_Bellingshausen,1.254027263,-0.18903234429741045,0.18903234429741045,0.540312197173086,FALSE,FALSE
1993-02-02,Amundsen_Bellingshausen,1.231658022,-0.19637586470985105,0.19637586470985105,0.540312197173086,FALSE,FALSE
1993-02-03,Amundsen_Bellingshausen,1.215207944,-0.1986692162415773,0.1986692162415773,0.540312197173086,FALSE,FALSE
1993-02-04,Amundsen_Bellingshausen,1.205491809,-0.19508031476564217,0.19508031476564217,0.540312197173086,FALSE,FALSE
1993-02-05,Amundsen_Bellingshausen,1.196092656,-0.19200881715510087,0.19200881715510087,0.540312197173086,FALSE,FALSE
1993-02-06,Amundsen_Bellingshausen,1.170459645,-0.2059882592830049,0.2059882592830049,0.540312197173086,FALSE,FALSE
1993-02-07,Amundsen_Bellingshausen,1.147547483,-0.2180466300224071,0.2180466300224071,0.540312197173086,FALSE,FALSE
1993-02-08,Amundsen_Bellingshausen,1.12563863,-0.22988425082079633,0.22988425082079633,0.540312197173086,FALSE,FALSE
1993-02-09,Amundsen_Bellingshausen,1.120644564,-0.22558372294670748,0.22558372294670748,0.540312197173086,FALSE,FALSE
1993-02-10,Amundsen_Bellingshausen,1.103278449,-0.2344484303213208,0.2344484303213208,0.540312197173086,FALSE,FALSE
1993-02-11,Amundsen_Bellingshausen,1.102898644,-0.2271392184155563,0.2271392184155563,0.540312197173086,FALSE,FALSE
1993-02-12,Amundsen_Bellingshausen,1.107877624,-0.2153028167003359,0.2153028167003359,0.540312197173086,FALSE,FALSE
1993-02-13,Amundsen_Bellingshausen,1.097973872,-0.2191999466465808,0.2191999466465808,0.540312197173086,FALSE,FALSE
1993-02-14,Amundsen_Bellingshausen,1.076648697,-0.23538850372521103,0.23538850372521103,0.540312197173086,FALSE,FALSE
1993-02-15,Amundsen_Bellingshausen,1.069133919,-0.2386558724071488,0.2386558724071488,0.540312197173086,FALSE,FALSE
1993-02-16,Amundsen_Bellingshausen,1.051146556,-0.253304239163316,0.253304239163316,0.540312197173086,FALSE,FALSE
1993-02-17,Amundsen_Bellingshausen,1.04968351,-0.25235590646463124,0.25235590646463124,0.540312197173086,FALSE,FALSE
1993-02-18,Amundsen_Bellingshausen,1.069076524,-0.23149833578201703,0.23149833578201703,0.540312197173086,FALSE,FALSE
1993-02-19,Amundsen_Bellingshausen,1.061396124,-0.2386802055863957,0.2386802055863957,0.540312197173086,FALSE,FALSE
1993-02-20,Amundsen_Bellingshausen,1.060598059,-0.23996497134868644,0.23996497134868644,0.540312197173086,FALSE,FALSE
1993-02-21,Amundsen_Bellingshausen,1.072966403,-0.22908444060350489,0.22908444060350489,0.540312197173086,FALSE,FALSE
1993-02-22,Amundsen_Bellingshausen,1.076802156,-0.22771320882457813,0.22771320882457813,0.540312197173086,FALSE,FALSE
1993-02-23,Amundsen_Bellingshausen,1.078247713,-0.22965767643991877,0.22965767643991877,0.540312197173086,FALSE,FALSE
1993-02-24,Amundsen_Bellingshausen,1.086805062,-0.22536416641386192,0.22536416641386192,0.540312197173086,FALSE,FALSE
1993-02-25,Amundsen_Bellingshausen,1.105530607,-0.21172458571075017,0.21172458571075017,0.540312197173086,FALSE,FALSE
1993-02-26,Amundsen_Bellingshausen,1.102353334,-0.22075825929492132,0.22075825929492132,0.540312197173086,FALSE,FALSE
1993-02-27,Amundsen_Bellingshausen,1.150986877,-0.1786998641307156,0.1786998641307156,0.540312197173086,FALSE,FALSE
1993-02-28,Amundsen_Bellingshausen,1.158456119,-0.1784728281824708,0.1784728281824708,0.540312197173086,FALSE,FALSE
1993-03-01,Amundsen_Bellingshausen,1.156138273,-0.1886482494145276,0.1886482494145276,0.540312197173086,FALSE,FALSE
1993-03-02,Amundsen_Bellingshausen,1.204341812,-0.14886596579122524,0.14886596579122524,0.540312197173086,FALSE,FALSE
1993-03-03,Amundsen_Bellingshausen,1.222188021,-0.1399530032769032,0.1399530032769032,0.540312197173086,FALSE,FALSE
1993-03-04,Amundsen_Bellingshausen,1.225162033,-0.14637253983589993,0.14637253983589993,0.540312197173086,FALSE,FALSE
1993-03-05,Amundsen_Bellingshausen,1.219376009,-0.16196072875963208,0.16196072875963208,0.540312197173086,FALSE,FALSE
1993-03-06,Amundsen_Bellingshausen,1.218698317,-0.17280989264969926,0.17280989264969926,0.540312197173086,FALSE,FALSE
1993-03-07,Amundsen_Bellingshausen,1.226665861,-0.17538411067249782,0.17538411067249782,0.540312197173086,FALSE,FALSE
1993-03-08,Amundsen_Bellingshausen,1.225198368,-0.18777282485125024,0.18777282485125024,0.540312197173086,FALSE,FALSE
1993-03-09,Amundsen_Bellingshausen,1.228681138,-0.1955999042091805,0.1955999042091805,0.540312197173086,FALSE,FALSE
1993-03-10,Amundsen_Bellingshausen,1.262327519,-0.17366116976951118,0.17366116976951118,0.540312197173086,FALSE,FALSE
1993-03-11,Amundsen_Bellingshausen,1.255788239,-0.19231506255546615,0.19231506255546615,0.540312197173086,FALSE,FALSE
1993-03-12,Amundsen_Bellingshausen,1.26539019,-0.19524385959026835,0.19524385959026835,0.540312197173086,FALSE,FALSE
1993-03-13,Amundsen_Bellingshausen,1.285441748,-0.18814835389714335,0.18814835389714335,0.540312197173086,FALSE,FALSE
1993-03-14,Amundsen_Bellingshausen,1.314899601,-0.17208102649931112,0.17208102649931112,0.540312197173086,FALSE,FALSE
1993-03-15,Amundsen_Bellingshausen,1.327729905,-0.17308489041999664,0.17308489041999664,0.540312197173086,FALSE,FALSE
1993-03-16,Amundsen_Bellingshausen,1.339107963,-0.1759938116824249,0.1759938116824249,0.540312197173086,FALSE,FALSE
1993-03-17,Amundsen_Bellingshausen,1.34101808,-0.18883265430981663,0.18883265430981663,0.540312197173086,FALSE,FALSE
1993-03-18,Amundsen_Bellingshausen,1.345620042,-0.1994503105434382,0.1994503105434382,0.540312197173086,FALSE,FALSE
1993-03-19,Amundsen_Bellingshausen,1.400066236,-0.16069081441667965,0.16069081441667965,0.540312197173086,FALSE,FALSE
1993-03-20,Amundsen_Bellingshausen,1.399961056,-0.17693337182083035,0.17693337182083035,0.540312197173086,FALSE,FALSE
1993-03-21,Amundsen_Bellingshausen,1.404381961,-0.1890835200068333,0.1890835200068333,0.540312197173086,FALSE,FALSE
1993-03-22,Amundsen_Bellingshausen,1.440917549,-0.16953565722563255,0.16953565722563255,0.540312197173086,FALSE,FALSE
1993-03-23,Amundsen_Bellingshausen,1.501734316,-0.1261062837281719,0.1261062837281719,0.540312197173086,FALSE,FALSE
1993-03-24,Amundsen_Bellingshausen,1.539554244,-0.10605641376539254,0.10605641376539254,0.540312197173086,FALSE,FALSE
1993-03-25,Amundsen_Bellingshausen,1.555677452,-0.10806892458824024,0.10806892458824024,0.540312197173086,FALSE,FALSE
1993-03-26,Amundsen_Bellingshausen,1.567743874,-0.1144868784476578,0.1144868784476578,0.540312197173086,FALSE,FALSE
1993-03-27,Amundsen_Bellingshausen,1.548944276,-0.15210250559458705,0.15210250559458705,0.540312197173086,FALSE,FALSE
1993-03-28,Amundsen_Bellingshausen,1.514368313,-0.205809147279973,0.205809147279973,0.540312197173086,FALSE,FALSE
1993-03-29,Amundsen_Bellingshausen,1.549179652,-0.19042613275475917,0.19042613275475917,0.540312197173086,FALSE,FALSE
1993-03-30,Amundsen_Bellingshausen,1.564455423,-0.19485932826988803,0.19485932826988803,0.540312197173086,FALSE,FALSE
1993-03-31,Amundsen_Bellingshausen,1.604850777,-0.17443953870334772,0.17443953870334772,0.540312197173086,FALSE,FALSE
1993-04-01,Amundsen_Bellingshausen,1.682754497,-0.11678011435289082,0.11678011435289082,0.540312197173086,FALSE,FALSE
1993-04-02,Amundsen_Bellingshausen,1.730054029,-0.09000124214185035,0.09000124214185035,0.540312197173086,FALSE,FALSE
1993-04-03,Amundsen_Bellingshausen,1.752919734,-0.08794019854010182,0.08794019854010182,0.540312197173086,FALSE,FALSE
1993-04-04,Amundsen_Bellingshausen,1.772692316,-0.08926391701751779,0.08926391701751779,0.540312197173086,FALSE,FALSE
1993-04-05,Amundsen_Bellingshausen,1.789119957,-0.09423185304397295,0.09423185304397295,0.540312197173086,FALSE,FALSE
1993-04-06,Amundsen_Bellingshausen,1.793064122,-0.11199017908933516,0.11199017908933516,0.540312197173086,FALSE,FALSE
1993-04-07,Amundsen_Bellingshausen,1.78546942,-0.141601923623482,0.141601923623482,0.540312197173086,FALSE,FALSE
1993-04-08,Amundsen_Bellingshausen,1.794970353,-0.1544402221162824,0.1544402221162824,0.540312197173086,FALSE,FALSE
1993-04-09,Amundsen_Bellingshausen,1.80378352,-0.1682961130376115,0.1682961130376115,0.540312197173086,FALSE,FALSE
1993-04-10,Amundsen_Bellingshausen,1.834314261,-0.16077189385734236,0.16077189385734236,0.540312197173086,FALSE,FALSE
1993-04-11,Amundsen_Bellingshausen,1.844069716,-0.17436806204534694,0.17436806204534694,0.540312197173086,FALSE,FALSE
1993-04-12,Amundsen_Bellingshausen,1.845460992,-0.19668109896473007,0.19668109896473007,0.540312197173086,FALSE,FALSE
1993-04-13,Amundsen_Bellingshausen,1.865707251,-0.20049593112790287,0.20049593112790287,0.540312197173086,FALSE,FALSE
1993-04-14,Amundsen_Bellingshausen,1.895361432,-0.1952579385747879,0.1952579385747879,0.540312197173086,FALSE,FALSE
1993-04-15,Amundsen_Bellingshausen,1.917581734,-0.19780670245074727,0.19780670245074727,0.540312197173086,FALSE,FALSE
1993-04-16,Amundsen_Bellingshausen,1.946069834,-0.19443832590115329,0.19443832590115329,0.540312197173086,FALSE,FALSE
1993-04-17,Amundsen_Bellingshausen,1.975418156,-0.1905581650713679,0.1905581650713679,0.540312197173086,FALSE,FALSE
1993-04-18,Amundsen_Bellingshausen,2.008877324,-0.1829133761067565,0.1829133761067565,0.540312197173086,FALSE,FALSE
1993-04-19,Amundsen_Bellingshausen,2.017377826,-0.20057125115268848,0.20057125115268848,0.540312197173086,FALSE,FALSE
1993-04-20,Amundsen_Bellingshausen,2.034934302,-0.20951493035452895,0.20951493035452895,0.540312197173086,FALSE,FALSE
1993-04-21,Amundsen_Bellingshausen,2.075194366,-0.19609457985764456,0.19609457985764456,0.540312197173086,FALSE,FALSE
1993-04-22,Amundsen_Bellingshausen,2.155623214,-0.1428427838073998,0.1428427838073998,0.540312197173086,FALSE,FALSE
1993-04-23,Amundsen_Bellingshausen,2.207641951,-0.11833621734916112,0.11833621734916112,0.540312197173086,FALSE,FALSE
1993-04-24,Amundsen_Bellingshausen,2.254998809,-0.09882442862829643,0.09882442862829643,0.540312197173086,FALSE,FALSE
1993-04-25,Amundsen_Bellingshausen,2.252710929,-0.12928371562223395,0.12928371562223395,0.540312197173086,FALSE,FALSE
1993-04-26,Amundsen_Bellingshausen,2.276884437,-0.13356016122881975,0.13356016122881975,0.540312197173086,FALSE,FALSE
1993-04-27,Amundsen_Bellingshausen,2.312252872,-0.12684965136279436,0.12684965136279436,0.540312197173086,FALSE,FALSE
1993-04-28,Amundsen_Bellingshausen,2.364845232,-0.1030523729347914,0.1030523729347914,0.540312197173086,FALSE,FALSE
1993-04-29,Amundsen_Bellingshausen,2.428243109,-0.06851591885544872,0.06851591885544872,0.540312197173086,FALSE,FALSE
1993-04-30,Amundsen_Bellingshausen,2.465663844,-0.05995213303540581,0.05995213303540581,0.540312197173086,FALSE,FALSE
1993-05-01,Amundsen_Bellingshausen,2.482666135,-0.07173150238529935,0.07173150238529935,0.540312197173086,FALSE,FALSE
1993-05-02,Amundsen_Bellingshausen,2.511135302,-0.07189789181576689,0.07189789181576689,0.540312197173086,FALSE,FALSE
1993-05-03,Amundsen_Bellingshausen,2.518401667,-0.0930501642374444,0.0930501642374444,0.540312197173086,FALSE,FALSE
1993-05-04,Amundsen_Bellingshausen,2.565901787,-0.07368094756096699,0.07368094756096699,0.540312197173086,FALSE,FALSE
1993-05-05,Amundsen_Bellingshausen,2.604882196,-0.06247289269697642,0.06247289269697642,0.540312197173086,FALSE,FALSE
1993-05-06,Amundsen_Bellingshausen,2.60256551,-0.09213256855610652,0.09213256855610652,0.540312197173086,FALSE,FALSE
1993-05-07,Amundsen_Bellingshausen,2.608657635,-0.11288329303212308,0.11288329303212308,0.540312197173086,FALSE,FALSE
1993-05-08,Amundsen_Bellingshausen,2.614846489,-0.13298810572089925,0.13298810572089925,0.540312197173086,FALSE,FALSE
1993-05-09,Amundsen_Bellingshausen,2.597708496,-0.17587938386863922,0.17587938386863922,0.540312197173086,FALSE,FALSE
1993-05-10,Amundsen_Bellingshausen,2.615526273,-0.1832928290864002,0.1832928290864002,0.540312197173086,FALSE,FALSE
1993-05-11,Amundsen_Bellingshausen,2.668221352,-0.15532522798524306,0.15532522798524306,0.540312197173086,FALSE,FALSE
1993-05-12,Amundsen_Bellingshausen,2.739136377,-0.10865225517622656,0.10865225517622656,0.540312197173086,FALSE,FALSE
1993-05-13,Amundsen_Bellingshausen,2.770435316,-0.10112826127040808,0.10112826127040808,0.540312197173086,FALSE,FALSE
1993-05-14,Amundsen_Bellingshausen,2.789180008,-0.1057097258788513,0.1057097258788513,0.540312197173086,FALSE,FALSE
1993-05-15,Amundsen_Bellingshausen,2.828190677,-0.0895947436126141,0.0895947436126141,0.540312197173086,FALSE,FALSE
1993-05-16,Amundsen_Bellingshausen,2.856827255,-0.08344170108275417,0.08344170108275417,0.540312197173086,FALSE,FALSE
1993-05-17,Amundsen_Bellingshausen,2.855806123,-0.1065525359003332,0.1065525359003332,0.540312197173086,FALSE,FALSE
1993-05-18,Amundsen_Bellingshausen,2.843999088,-0.14007375967640945,0.14007375967640945,0.540312197173086,FALSE,FALSE
1993-05-19,Amundsen_Bellingshausen,2.828679614,-0.17675022702204313,0.17675022702204313,0.540312197173086,FALSE,FALSE
1993-05-20,Amundsen_Bellingshausen,2.805042943,-0.221404952938955,0.221404952938955,0.540312197173086,FALSE,FALSE
1993-05-21,Amundsen_Bellingshausen,2.795049755,-0.25209439022392033,0.25209439022392033,0.540312197173086,FALSE,FALSE
1993-05-22,Amundsen_Bellingshausen,2.799883109,-0.26765163047407414,0.26765163047407414,0.540312197173086,FALSE,FALSE
1993-05-23,Amundsen_Bellingshausen,2.823676313,-0.2639594832407268,0.2639594832407268,0.540312197173086,FALSE,FALSE
1993-05-24,Amundsen_Bellingshausen,2.865587562,-0.24187587107518116,0.24187587107518116,0.540312197173086,FALSE,FALSE
1993-05-25,Amundsen_Bellingshausen,2.926156509,-0.2008772585287466,0.2008772585287466,0.540312197173086,FALSE,FALSE
1993-05-26,Amundsen_Bellingshausen,2.948489149,-0.19787376815273117,0.19787376815273117,0.540312197173086,FALSE,FALSE
1993-05-27,Amundsen_Bellingshausen,2.965552571,-0.19991442849844088,0.19991442849844088,0.540312197173086,FALSE,FALSE
1993-05-28,Amundsen_Bellingshausen,2.973300936,-0.21106119611718288,0.21106119611718288,0.540312197173086,FALSE,FALSE
1993-05-29,Amundsen_Bellingshausen,2.970094852,-0.2329695805602636,0.2329695805602636,0.540312197173086,FALSE,FALSE
1993-05-30,Amundsen_Bellingshausen,2.98282216,-0.2387678583789925,0.2387678583789925,0.540312197173086,FALSE,FALSE
1993-05-31,Amundsen_Bellingshausen,3.009904237,-0.2300507701246759,0.2300507701246759,0.540312197173086,FALSE,FALSE
1993-06-01,Amundsen_Bellingshausen,3.033465867,-0.2247096493486218,0.2247096493486218,0.540312197173086,FALSE,FALSE
1993-06-02,Amundsen_Bellingshausen,3.046373079,-0.2298864163327412,0.2298864163327412,0.540312197173086,FALSE,FALSE
1993-06-03,Amundsen_Bellingshausen,3.077528506,-0.21665015071011903,0.21665015071011903,0.540312197173086,FALSE,FALSE
1993-06-04,Amundsen_Bellingshausen,3.088892982,-0.22300168598808723,0.22300168598808723,0.540312197173086,FALSE,FALSE
1993-06-05,Amundsen_Bellingshausen,3.111481541,-0.21788765530187423,0.21788765530187423,0.540312197173086,FALSE,FALSE
1993-06-06,Amundsen_Bellingshausen,3.144501669,-0.20206223978671556,0.20206223978671556,0.540312197173086,FALSE,FALSE
1993-06-07,Amundsen_Bellingshausen,3.174266096,-0.18917437657784264,0.18917437657784264,0.540312197173086,FALSE,FALSE
1993-06-08,Amundsen_Bellingshausen,3.200712883,-0.1792476718104874,0.1792476718104874,0.540312197173086,FALSE,FALSE
1993-06-09,Amundsen_Bellingshausen,3.25229482,-0.14379100261988365,0.14379100261988365,0.540312197173086,FALSE,FALSE
1993-06-10,Amundsen_Bellingshausen,3.296834097,-0.11494384614126084,0.11494384614126084,0.540312197173086,FALSE,FALSE
1993-06-11,Amundsen_Bellingshausen,3.327251403,-0.0997471805098562,0.0997471805098562,0.540312197173086,FALSE,FALSE
1993-06-12,Amundsen_Bellingshausen,3.355360502,-0.08634890886090085,0.08634890886090085,0.540312197173086,FALSE,FALSE
1993-06-13,Amundsen_Bellingshausen,3.349728651,-0.10614344132962428,0.10614344132962428,0.540312197173086,FALSE,FALSE
1993-06-14,Amundsen_Bellingshausen,3.335011228,-0.13443809077675972,0.13443809077675972,0.540312197173086,FALSE,FALSE
1993-06-15,Amundsen_Bellingshausen,3.315973799,-0.16647511212859767,0.16647511212859767,0.540312197173086,FALSE,FALSE
1993-06-16,Amundsen_Bellingshausen,3.334408912,-0.16053169024522873,0.16053169024522873,0.540312197173086,FALSE,FALSE
1993-06-17,Amundsen_Bellingshausen,3.356699265,-0.15029934561191416,0.15029934561191416,0.540312197173086,FALSE,FALSE
1993-06-18,Amundsen_Bellingshausen,3.393051849,-0.12564530571391508,0.12564530571391508,0.540312197173086,FALSE,FALSE
1993-06-19,Amundsen_Bellingshausen,3.41632971,-0.11378074303648857,0.11378074303648857,0.540312197173086,FALSE,FALSE
1993-06-20,Amundsen_Bellingshausen,3.408726984,-0.13258574006489576,0.13258574006489576,0.540312197173086,FALSE,FALSE
1993-06-21,Amundsen_Bellingshausen,3.399056797,-0.15332138928439365,0.15332138928439365,0.540312197173086,FALSE,FALSE
1993-06-22,Amundsen_Bellingshausen,3.405895198,-0.15748586018024424,0.15748586018024424,0.540312197173086,FALSE,FALSE
1993-06-23,Amundsen_Bellingshausen,3.431943398,-0.1424521602377049,0.1424521602377049,0.540312197173086,FALSE,FALSE
1993-06-24,Amundsen_Bellingshausen,3.472147405,-0.11334849994203776,0.11334849994203776,0.540312197173086,FALSE,FALSE
1993-06-25,Amundsen_Bellingshausen,3.517920428,-0.07883588877849901,0.07883588877849901,0.540312197173086,FALSE,FALSE
1993-06-26,Amundsen_Bellingshausen,3.544247915,-0.06400309723235109,0.06400309723235109,0.540312197173086,FALSE,FALSE
1993-06-27,Amundsen_Bellingshausen,3.574482412,-0.04556268735060564,0.04556268735060564,0.540312197173086,FALSE,FALSE
1993-06-28,Amundsen_Bellingshausen,3.585122801,-0.04701204210536147,0.04701204210536147,0.540312197173086,FALSE,FALSE
1993-06-29,Amundsen_Bellingshausen,3.593888991,-0.05059606036168951,0.05059606036168951,0.540312197173086,FALSE,FALSE
1993-06-30,Amundsen_Bellingshausen,3.606429749,-0.05063062124761464,0.05063062124761464,0.540312197173086,FALSE,FALSE
1993-07-01,Amundsen_Bellingshausen,3.6173563459999998,-0.05246909989115922,0.05246909989115922,0.540312197173086,FALSE,FALSE
1993-07-02,Amundsen_Bellingshausen,3.666249223,-0.01649570142034795,0.01649570142034795,0.540312197173086,FALSE,FALSE
1993-07-03,Amundsen_Bellingshausen,3.727183429,0.03139997703679587,0.03139997703679587,0.540312197173086,FALSE,FALSE
1993-07-04,Amundsen_Bellingshausen,3.815041016,0.10613534135225013,0.10613534135225013,0.540312197173086,FALSE,FALSE
1993-07-05,Amundsen_Bellingshausen,3.852039446,0.12996320739798728,0.12996320739798728,0.540312197173086,FALSE,FALSE
1993-07-06,Amundsen_Bellingshausen,3.89450459,0.15924480004598696,0.15924480004598696,0.540312197173086,FALSE,FALSE
1993-07-07,Amundsen_Bellingshausen,3.911723854,0.1633028791682265,0.1633028791682265,0.540312197173086,FALSE,FALSE
1993-07-08,Amundsen_Bellingshausen,3.897314129,0.13578968963668014,0.13578968963668014,0.540312197173086,FALSE,FALSE
1993-07-09,Amundsen_Bellingshausen,3.884562405,0.11002753900991102,0.11002753900991102,0.540312197173086,FALSE,FALSE
1993-07-10,Amundsen_Bellingshausen,3.855779375,0.06835537505548306,0.06835537505548306,0.540312197173086,FALSE,FALSE
1993-07-11,Amundsen_Bellingshausen,3.843507402,0.04332835880334063,0.04332835880334063,0.540312197173086,FALSE,FALSE
1993-07-12,Amundsen_Bellingshausen,3.8057689200000002,-0.00702032320413836,0.00702032320413836,0.540312197173086,FALSE,FALSE
1993-07-13,Amundsen_Bellingshausen,3.788291531,-0.03695231642457664,0.03695231642457664,0.540312197173086,FALSE,FALSE
1993-07-14,Amundsen_Bellingshausen,3.716138607,-0.12139349631559204,0.12139349631559204,0.540312197173086,FALSE,FALSE
1993-07-15,Amundsen_Bellingshausen,3.680725398,-0.1689178603348056,0.1689178603348056,0.540312197173086,FALSE,FALSE
1993-07-16,Amundsen_Bellingshausen,3.694299346,-0.16726721393984167,0.16726721393984167,0.540312197173086,FALSE,FALSE
1993-07-17,Amundsen_Bellingshausen,3.739416794,-0.1338744615883205,0.1338744615883205,0.540312197173086,FALSE,FALSE
1993-07-18,Amundsen_Bellingshausen,3.795859667,-0.08894692573785745,0.08894692573785745,0.540312197173086,FALSE,FALSE
1993-07-19,Amundsen_Bellingshausen,3.852201702,-0.04390011684608197,0.04390011684608197,0.540312197173086,FALSE,FALSE
1993-07-20,Amundsen_Bellingshausen,3.913766995,0.00660081362938669,0.00660081362938669,0.540312197173086,FALSE,FALSE
1993-07-21,Amundsen_Bellingshausen,3.920869755,0.00288082723093108,0.00288082723093108,0.540312197173086,FALSE,FALSE
1993-07-22,Amundsen_Bellingshausen,3.901448144,-0.02711088154499519,0.02711088154499519,0.540312197173086,FALSE,FALSE
1993-07-23,Amundsen_Bellingshausen,3.889862547,-0.04899903119244664,0.04899903119244664,0.540312197173086,FALSE,FALSE
1993-07-24,Amundsen_Bellingshausen,3.859824227,-0.08905464557561027,0.08905464557561027,0.540312197173086,FALSE,FALSE
1993-07-25,Amundsen_Bellingshausen,3.826071061,-0.1325220706665493,0.1325220706665493,0.540312197173086,FALSE,FALSE
1993-07-26,Amundsen_Bellingshausen,3.776062149,-0.1919244294373259,0.1919244294373259,0.540312197173086,FALSE,FALSE
1993-07-27,Amundsen_Bellingshausen,3.753239241,-0.22380219485999753,0.22380219485999753,0.540312197173086,FALSE,FALSE
1993-07-28,Amundsen_Bellingshausen,3.738432337,-0.2473075899066366,0.2473075899066366,0.540312197173086,FALSE,FALSE
1993-07-29,Amundsen_Bellingshausen,3.74185235,-0.2522119245492971,0.2522119245492971,0.540312197173086,FALSE,FALSE
1993-07-30,Amundsen_Bellingshausen,3.777091228,-0.2249054737600491,0.2249054737600491,0.540312197173086,FALSE,FALSE
1993-07-31,Amundsen_Bellingshausen,3.780399502,-0.22911992951094895,0.22911992951094895,0.540312197173086,FALSE,FALSE
1993-08-01,Amundsen_Bellingshausen,3.741462143,-0.2751525437740585,0.2751525437740585,0.540312197173086,FALSE,FALSE
1993-08-02,Amundsen_Bellingshausen,3.693128905,-0.3301357855214464,0.3301357855214464,0.540312197173086,FALSE,FALSE
1993-08-03,Amundsen_Bellingshausen,3.669532054,-0.359919612252662,0.359919612252662,0.540312197173086,FALSE,FALSE
1993-08-04,Amundsen_Bellingshausen,3.641169682,-0.3940023956006371,0.3940023956006371,0.540312197173086,FALSE,FALSE
1993-08-05,Amundsen_Bellingshausen,3.612498218,-0.4279755398600935,0.4279755398600935,0.540312197173086,FALSE,FALSE
1993-08-06,Amundsen_Bellingshausen,3.584973044,-0.4604430757970661,0.4604430757970661,0.540312197173086,FALSE,FALSE
1993-08-07,Amundsen_Bellingshausen,3.594793273,-0.4552653031776024,0.4552653031776024,0.540312197173086,FALSE,FALSE
1993-08-08,Amundsen_Bellingshausen,3.635315315,-0.4191452247677403,0.4191452247677403,0.540312197173086,FALSE,FALSE
1993-08-09,Amundsen_Bellingshausen,3.6723236950000002,-0.386357728333528,0.386357728333528,0.540312197173086,FALSE,FALSE
1993-08-10,Amundsen_Bellingshausen,3.740788931,-0.3219917086410078,0.3219917086410078,0.540312197173086,FALSE,FALSE
1993-08-11,Amundsen_Bellingshausen,3.830111935,-0.2367056664562157,0.2367056664562157,0.540312197173086,FALSE,FALSE
1993-08-12,Amundsen_Bellingshausen,3.881023053,-0.18982866854520175,0.18982866854520175,0.540312197173086,FALSE,FALSE
1993-08-13,Amundsen_Bellingshausen,3.832585338,-0.2423570746740036,0.2423570746740036,0.540312197173086,FALSE,FALSE
1993-08-14,Amundsen_Bellingshausen,3.774310114,-0.3048389736086681,0.3048389736086681,0.540312197173086,FALSE,FALSE
1993-08-15,Amundsen_Bellingshausen,3.729489812,-0.35404134711523527,0.35404134711523527,0.540312197173086,FALSE,FALSE
1993-08-16,Amundsen_Bellingshausen,3.722990339,-0.3651555393202592,0.3651555393202592,0.540312197173086,FALSE,FALSE
1993-08-17,Amundsen_Bellingshausen,3.697517418,-0.3954688293477182,0.3954688293477182,0.540312197173086,FALSE,FALSE
1993-08-18,Amundsen_Bellingshausen,3.7250354,-0.3729363302710431,0.3729363302710431,0.540312197173086,FALSE,FALSE
1993-08-19,Amundsen_Bellingshausen,3.722095419,-0.3809223420883918,0.3809223420883918,0.540312197173086,FALSE,FALSE
1993-08-20,Amundsen_Bellingshausen,3.724247408,-0.3837923657979285,0.3837923657979285,0.540312197173086,FALSE,FALSE
1993-08-21,Amundsen_Bellingshausen,3.760746613,-0.35220658939782323,0.35220658939782323,0.540312197173086,FALSE,FALSE
1993-08-22,Amundsen_Bellingshausen,3.800148051,-0.3175254298862331,0.3175254298862331,0.540312197173086,FALSE,FALSE
1993-08-23,Amundsen_Bellingshausen,3.848712811,-0.27340323226132535,0.27340323226132535,0.540312197173086,FALSE,FALSE
1993-08-24,Amundsen_Bellingshausen,3.873581605,-0.2526147185212624,0.2526147185212624,0.540312197173086,FALSE,FALSE
1993-08-25,Amundsen_Bellingshausen,3.885296639,-0.24453311666420596,0.24453311666420596,0.540312197173086,FALSE,FALSE
1993-08-26,Amundsen_Bellingshausen,3.884413746,-0.24851802768832965,0.24851802768832965,0.540312197173086,FALSE,FALSE
1993-08-27,Amundsen_Bellingshausen,3.921415702,-0.21400210959178345,0.21400210959178345,0.540312197173086,FALSE,FALSE
1993-08-28,Amundsen_Bellingshausen,3.94091425,-0.19628905337274327,0.19628905337274327,0.540312197173086,FALSE,FALSE
1993-08-29,Amundsen_Bellingshausen,4.041190374,-0.09702830050637969,0.09702830050637969,0.540312197173086,FALSE,FALSE
1993-08-30,Amundsen_Bellingshausen,4.078476674,-0.06000879010775772,0.06000879010775772,0.540312197173086,FALSE,FALSE
1993-08-31,Amundsen_Bellingshausen,4.11416074,-0.02389870558898543,0.02389870558898543,0.540312197173086,FALSE,FALSE
1993-09-01,Amundsen_Bellingshausen,4.125541453,-0.01145500076725891,0.01145500076725891,0.540312197173086,FALSE,FALSE
1993-09-02,Amundsen_Bellingshausen,4.141921911,0.00656958754021808,0.00656958754021808,0.540312197173086,FALSE,FALSE
1993-09-03,Amundsen_Bellingshausen,4.151144671,0.01796178151625493,0.01796178151625493,0.540312197173086,FALSE,FALSE
1993-09-04,Amundsen_Bellingshausen,4.169162123,0.03861813634364974,0.03861813634364974,0.540312197173086,FALSE,FALSE
1993-09-05,Amundsen_Bellingshausen,4.178979683,0.05148823320520446,0.05148823320520446,0.540312197173086,FALSE,FALSE
1993-09-06,Amundsen_Bellingshausen,4.142651557,0.01857044328372303,0.01857044328372303,0.540312197173086,FALSE,FALSE
1993-09-07,Amundsen_Bellingshausen,4.070652727,-0.04971608623799284,0.04971608623799284,0.540312197173086,FALSE,FALSE
1993-09-08,Amundsen_Bellingshausen,3.995410845,-0.12099953817714448,0.12099953817714448,0.540312197173086,FALSE,FALSE
1993-09-09,Amundsen_Bellingshausen,3.937469606,-0.17479205235092765,0.17479205235092765,0.540312197173086,FALSE,FALSE
1993-09-10,Amundsen_Bellingshausen,3.904445825,-0.2035323920505601,0.2035323920505601,0.540312197173086,FALSE,FALSE
1993-09-11,Amundsen_Bellingshausen,3.865222642,-0.23836864313540307,0.23836864313540307,0.540312197173086,FALSE,FALSE
1993-09-12,Amundsen_Bellingshausen,3.857707302,-0.2413807181077101,0.2413807181077101,0.540312197173086,FALSE,FALSE
1993-09-13,Amundsen_Bellingshausen,3.853681899,-0.24076904045591577,0.24076904045591577,0.540312197173086,FALSE,FALSE
1993-09-14,Amundsen_Bellingshausen,3.851212848,-0.23844971266845372,0.23844971266845372,0.540312197173086,FALSE,FALSE
1993-09-15,Amundsen_Bellingshausen,3.90880274,-0.17590266123377107,0.17590266123377107,0.540312197173086,FALSE,FALSE
1993-09-16,Amundsen_Bellingshausen,3.994411505,-0.08515047364029771,0.08515047364029771,0.540312197173086,FALSE,FALSE
1993-09-17,Amundsen_Bellingshausen,4.063531897,-0.01068291337647497,0.01068291337647497,0.540312197173086,FALSE,FALSE
1993-09-18,Amundsen_Bellingshausen,4.092116674,0.02347026006925823,0.02347026006925823,0.540312197173086,FALSE,FALSE
1993-09-19,Amundsen_Bellingshausen,4.115185435,0.05234612820846962,0.05234612820846962,0.540312197173086,FALSE,FALSE
1993-09-20,Amundsen_Bellingshausen,4.120878417,0.06410241055272081,0.06410241055272081,0.540312197173086,FALSE,FALSE
1993-09-21,Amundsen_Bellingshausen,4.131763052,0.08132402161357,0.08132402161357,0.540312197173086,FALSE,FALSE
1993-09-22,Amundsen_Bellingshausen,4.114380845,0.07056994890258128,0.07056994890258128,0.540312197173086,FALSE,FALSE
1993-09-23,Amundsen_Bellingshausen,4.113181101,0.07630639885613011,0.07630639885613011,0.540312197173086,FALSE,FALSE
1993-09-24,Amundsen_Bellingshausen,4.109082617,0.079462848846938,0.079462848846938,0.540312197173086,FALSE,FALSE
1993-09-25,Amundsen_Bellingshausen,4.089399129,0.06735994145490842,0.06735994145490842,0.540312197173086,FALSE,FALSE
1993-09-26,Amundsen_Bellingshausen,4.075178773,0.06105266630945394,0.06105266630945394,0.540312197173086,FALSE,FALSE
1993-09-27,Amundsen_Bellingshausen,4.052181111,0.0463074390399969,0.0463074390399969,0.540312197173086,FALSE,FALSE
1993-09-28,Amundsen_Bellingshausen,4.046868312,0.04959328227595261,0.04959328227595261,0.540312197173086,FALSE,FALSE
1993-09-29,Amundsen_Bellingshausen,4.04295435,0.05463102364674155,0.05463102364674155,0.540312197173086,FALSE,FALSE
1993-09-30,Amundsen_Bellingshausen,4.028499337,0.04948762878178003,0.04948762878178003,0.540312197173086,FALSE,FALSE
1993-10-01,Amundsen_Bellingshausen,4.030535902,0.06120258031048831,0.06120258031048831,0.540312197173086,FALSE,FALSE
1993-10-02,Amundsen_Bellingshausen,4.034974031,0.07569271786228482,0.07569271786228482,0.540312197173086,FALSE,FALSE
1993-10-03,Amundsen_Bellingshausen,4.06081468,0.11196585106658796,0.11196585106658796,0.540312197173086,FALSE,FALSE
1993-10-04,Amundsen_Bellingshausen,4.051543586,0.113514570552816,0.113514570552816,0.540312197173086,FALSE,FALSE
1993-10-05,Amundsen_Bellingshausen,4.021641197,0.0948261628421525,0.0948261628421525,0.540312197173086,FALSE,FALSE
1993-10-06,Amundsen_Bellingshausen,4.016007463,0.10078914108930892,0.10078914108930892,0.540312197173086,FALSE,FALSE
1993-10-07,Amundsen_Bellingshausen,3.974163596,0.07085952255759809,0.07085952255759809,0.540312197173086,FALSE,FALSE
1993-10-08,Amundsen_Bellingshausen,3.905095709,0.0139483906101212,0.0139483906101212,0.540312197173086,FALSE,FALSE
1993-10-09,Amundsen_Bellingshausen,3.828815062,-0.05000802439002605,0.05000802439002605,0.540312197173086,FALSE,FALSE
1993-10-10,Amundsen_Bellingshausen,3.809510343,-0.05689606407975089,0.05689606407975089,0.540312197173086,FALSE,FALSE
1993-10-11,Amundsen_Bellingshausen,3.778597429,-0.07537488109595358,0.07537488109595358,0.540312197173086,FALSE,FALSE
1993-10-12,Amundsen_Bellingshausen,3.738328275,-0.10326755007553734,0.10326755007553734,0.540312197173086,FALSE,FALSE
1993-10-13,Amundsen_Bellingshausen,3.735058364,-0.09429361765540813,0.09429361765540813,0.540312197173086,FALSE,FALSE
1993-10-14,Amundsen_Bellingshausen,3.74968579,-0.06763001947246483,0.06763001947246483,0.540312197173086,FALSE,FALSE
1993-10-15,Amundsen_Bellingshausen,3.760428038,-0.0451343001636153,0.0451343001636153,0.540312197173086,FALSE,FALSE
1993-10-16,Amundsen_Bellingshausen,3.780622254,-0.01354434336576204,0.01354434336576204,0.540312197173086,FALSE,FALSE
1993-10-17,Amundsen_Bellingshausen,3.825702615,0.04249899828419323,0.04249899828419323,0.540312197173086,FALSE,FALSE
1993-10-18,Amundsen_Bellingshausen,3.858844344,0.08609921058832226,0.08609921058832226,0.540312197173086,FALSE,FALSE
1993-10-19,Amundsen_Bellingshausen,3.880746921,0.1179539667770042,0.1179539667770042,0.540312197173086,FALSE,FALSE
1993-10-20,Amundsen_Bellingshausen,3.884374357,0.13109232563927042,0.13109232563927042,0.540312197173086,FALSE,FALSE
1993-10-21,Amundsen_Bellingshausen,3.864829257,0.12068461683898146,0.12068461683898146,0.540312197173086,FALSE,FALSE
1993-10-22,Amundsen_Bellingshausen,3.883104423,0.14779136703999685,0.14779136703999685,0.540312197173086,FALSE,FALSE
1993-10-23,Amundsen_Bellingshausen,3.877959294,0.15123973990618067,0.15123973990618067,0.540312197173086,FALSE,FALSE
1993-10-24,Amundsen_Bellingshausen,3.870116676,0.15182026610138877,0.15182026610138877,0.540312197173086,FALSE,FALSE
1993-10-25,Amundsen_Bellingshausen,3.854187908,0.1442120092894843,0.1442120092894843,0.540312197173086,FALSE,FALSE
1993-10-26,Amundsen_Bellingshausen,3.847242805,0.1455525091343266,0.1455525091343266,0.540312197173086,FALSE,FALSE
1993-10-27,Amundsen_Bellingshausen,3.848281638,0.1549097612997783,0.1549097612997783,0.540312197173086,FALSE,FALSE
1993-10-28,Amundsen_Bellingshausen,3.837082135,0.15212921844969696,0.15212921844969696,0.540312197173086,FALSE,FALSE
1993-10-29,Amundsen_Bellingshausen,3.816507835,0.1401421442479447,0.1401421442479447,0.540312197173086,FALSE,FALSE
1993-10-30,Amundsen_Bellingshausen,3.802983742,0.1354412673583827,0.1354412673583827,0.540312197173086,FALSE,FALSE
1993-10-31,Amundsen_Bellingshausen,3.811560973,0.15313440398385048,0.15313440398385048,0.540312197173086,FALSE,FALSE
1993-11-01,Amundsen_Bellingshausen,3.805583277,0.15656773261396717,0.15656773261396717,0.540312197173086,FALSE,FALSE
1993-11-02,Amundsen_Bellingshausen,3.820842374,0.1815187331913135,0.1815187331913135,0.540312197173086,FALSE,FALSE
1993-11-03,Amundsen_Bellingshausen,3.825787077,0.1964219741772504,0.1964219741772504,0.540312197173086,FALSE,FALSE
1993-11-04,Amundsen_Bellingshausen,3.824082568,0.2049283930331436,0.2049283930331436,0.540312197173086,FALSE,FALSE
1993-11-05,Amundsen_Bellingshausen,3.853277271,0.24457216922035663,0.24457216922035663,0.540312197173086,FALSE,FALSE
1993-11-06,Amundsen_Bellingshausen,3.854183754,0.2561516262002561,0.2561516262002561,0.540312197173086,FALSE,FALSE
1993-11-07,Amundsen_Bellingshausen,3.813462572,0.226313074434203,0.226313074434203,0.540312197173086,FALSE,FALSE
1993-11-08,Amundsen_Bellingshausen,3.768233999,0.1921625433835641,0.1921625433835641,0.540312197173086,FALSE,FALSE
1993-11-09,Amundsen_Bellingshausen,3.719792991,0.15498074450970645,0.15498074450970645,0.540312197173086,FALSE,FALSE
1993-11-10,Amundsen_Bellingshausen,3.667920676,0.11453456127399209,0.11453456127399209,0.540312197173086,FALSE,FALSE
1993-11-11,Amundsen_Bellingshausen,3.644878943,0.10307163813778476,0.10307163813778476,0.540312197173086,FALSE,FALSE
1993-11-12,Amundsen_Bellingshausen,3.616668371,0.08657828874148166,0.08657828874148166,0.540312197173086,FALSE,FALSE
1993-11-13,Amundsen_Bellingshausen,3.571402322,0.05315245793036327,0.05315245793036327,0.540312197173086,FALSE,FALSE
1993-11-14,Amundsen_Bellingshausen,3.531630346,0.02532654716130444,0.02532654716130444,0.540312197173086,FALSE,FALSE
1993-11-15,Amundsen_Bellingshausen,3.536254289,0.04198511108016989,0.04198511108016989,0.540312197173086,FALSE,FALSE
1993-11-16,Amundsen_Bellingshausen,3.532419587,0.05025629433281775,0.05025629433281775,0.540312197173086,FALSE,FALSE
1993-11-17,Amundsen_Bellingshausen,3.526067629,0.05606419456510947,0.05606419456510947,0.540312197173086,FALSE,FALSE
1993-11-18,Amundsen_Bellingshausen,3.503377845,0.04557095042290537,0.04557095042290537,0.540312197173086,FALSE,FALSE
1993-11-19,Amundsen_Bellingshausen,3.483179368,0.03758840355206727,0.03758840355206727,0.540312197173086,FALSE,FALSE
1993-11-20,Amundsen_Bellingshausen,3.430892617,-0.00248031840154716,0.00248031840154716,0.540312197173086,FALSE,FALSE
1993-11-21,Amundsen_Bellingshausen,3.413727504,-0.00744259479207487,0.00744259479207487,0.540312197173086,FALSE,FALSE
1993-11-22,Amundsen_Bellingshausen,3.409820258,8.205120263458099e-4,8.205120263458099e-4,0.540312197173086,FALSE,FALSE
1993-11-23,Amundsen_Bellingshausen,3.413582511,0.01670334269957329,0.01670334269957329,0.540312197173086,FALSE,FALSE
1993-11-24,Amundsen_Bellingshausen,3.404360486,0.01953482887346824,0.01953482887346824,0.540312197173086,FALSE,FALSE
1993-11-25,Amundsen_Bellingshausen,3.406376972,0.03352520649801205,0.03352520649801205,0.540312197173086,FALSE,FALSE
1993-11-26,Amundsen_Bellingshausen,3.382095981,0.02116601030554088,0.02116601030554088,0.540312197173086,FALSE,FALSE
1993-11-27,Amundsen_Bellingshausen,3.358719246,0.00970664717073654,0.00970664717073654,0.540312197173086,FALSE,FALSE
1993-11-28,Amundsen_Bellingshausen,3.33806273,0.00101090660148894,0.00101090660148894,0.540312197173086,FALSE,FALSE
1993-11-29,Amundsen_Bellingshausen,3.313882152,-0.01111766589432328,0.01111766589432328,0.540312197173086,FALSE,FALSE
1993-11-30,Amundsen_Bellingshausen,3.275915525,-0.03689323080881523,0.03689323080881523,0.540312197173086,FALSE,FALSE
1993-12-01,Amundsen_Bellingshausen,3.248040664,-0.05239014663410346,0.05239014663410346,0.540312197173086,FALSE,FALSE
1993-12-02,Amundsen_Bellingshausen,3.210547931,-0.07727022486230473,0.07727022486230473,0.540312197173086,FALSE,FALSE
1993-12-03,Amundsen_Bellingshausen,3.14024786,-0.13467510498553592,0.13467510498553592,0.540312197173086,FALSE,FALSE
1993-12-04,Amundsen_Bellingshausen,3.158670323,-0.10302708849591193,0.10302708849591193,0.540312197173086,FALSE,FALSE
1993-12-05,Amundsen_Bellingshausen,3.145217016,-0.10287665288555116,0.10287665288555116,0.540312197173086,FALSE,FALSE
1993-12-06,Amundsen_Bellingshausen,3.112657348,-0.1214065626465688,0.1214065626465688,0.540312197173086,FALSE,FALSE
1993-12-07,Amundsen_Bellingshausen,3.109132342,-0.11042789750526529,0.11042789750526529,0.540312197173086,FALSE,FALSE
1993-12-08,Amundsen_Bellingshausen,3.10295355,-0.10155924021424,0.10155924021424,0.540312197173086,FALSE,FALSE
1993-12-09,Amundsen_Bellingshausen,3.080360091,-0.10843862783968784,0.10843862783968784,0.540312197173086,FALSE,FALSE
1993-12-10,Amundsen_Bellingshausen,3.073101846,-0.09918550931471648,0.09918550931471648,0.540312197173086,FALSE,FALSE
1993-12-11,Amundsen_Bellingshausen,3.06294694,-0.09190108957242991,0.09190108957242991,0.540312197173086,FALSE,FALSE
1993-12-12,Amundsen_Bellingshausen,3.064169966,-0.07218010554593635,0.07218010554593635,0.540312197173086,FALSE,FALSE
1993-12-13,Amundsen_Bellingshausen,3.075104099,-0.04155871216833695,0.04155871216833695,0.540312197173086,FALSE,FALSE
1993-12-14,Amundsen_Bellingshausen,3.082549175,-0.01310640337274327,0.01310640337274327,0.540312197173086,FALSE,FALSE
1993-12-15,Amundsen_Bellingshausen,3.075465484,0.00226778090774271,0.00226778090774271,0.540312197173086,FALSE,FALSE
1993-12-16,Amundsen_Bellingshausen,3.060858656,0.01170014074001546,0.01170014074001546,0.540312197173086,FALSE,FALSE
1993-12-17,Amundsen_Bellingshausen,3.037327887,0.01392054219096738,0.01392054219096738,0.540312197173086,FALSE,FALSE
1993-12-18,Amundsen_Bellingshausen,2.990712167,-0.00510135467250627,0.00510135467250627,0.540312197173086,FALSE,FALSE
1993-12-19,Amundsen_Bellingshausen,2.970639223,0.00439284721648913,0.00439284721648913,0.540312197173086,FALSE,FALSE
1993-12-20,Amundsen_Bellingshausen,2.95004048,0.01545529805840484,0.01545529805840484,0.540312197173086,FALSE,FALSE
1993-12-21,Amundsen_Bellingshausen,2.923127411,0.02226094854613158,0.02226094854613158,0.540312197173086,FALSE,FALSE
1993-12-22,Amundsen_Bellingshausen,2.890567217,0.02531495911014758,0.02531495911014758,0.540312197173086,FALSE,FALSE
1993-12-23,Amundsen_Bellingshausen,2.851812555,0.02390444837324512,0.02390444837324512,0.540312197173086,FALSE,FALSE
1993-12-24,Amundsen_Bellingshausen,2.812037535,0.02303798795820544,0.02303798795820544,0.540312197173086,FALSE,FALSE
1993-12-25,Amundsen_Bellingshausen,2.774950709,0.02625859148781773,0.02625859148781773,0.540312197173086,FALSE,FALSE
1993-12-26,Amundsen_Bellingshausen,2.703725917,-0.00342543941513095,0.00342543941513095,0.540312197173086,FALSE,FALSE
1993-12-27,Amundsen_Bellingshausen,2.673360857,0.00881805487214926,0.00881805487214926,0.540312197173086,FALSE,FALSE
1993-12-28,Amundsen_Bellingshausen,2.625191189,0.00415919597244007,0.00415919597244007,0.540312197173086,FALSE,FALSE
1993-12-29,Amundsen_Bellingshausen,2.613334391,0.03654992350852915,0.03654992350852915,0.540312197173086,FALSE,FALSE
1993-12-30,Amundsen_Bellingshausen,2.555979743,0.02401397910321057,0.02401397910321057,0.540312197173086,FALSE,FALSE
1993-12-31,Amundsen_Bellingshausen,2.510132996,0.0233915753792635,0.0233915753792635,0.540312197173086,FALSE,FALSE
1994-01-01,Amundsen_Bellingshausen,2.427801599,-0.01347537704052426,0.01347537704052426,0.540312197173086,FALSE,FALSE
1994-01-02,Amundsen_Bellingshausen,2.400475285,0.00474407447267122,0.00474407447267122,0.540312197173086,FALSE,FALSE
1994-01-03,Amundsen_Bellingshausen,2.366118485,0.01588261257181145,0.01588261257181145,0.540312197173086,FALSE,FALSE
1994-01-04,Amundsen_Bellingshausen,2.341536369,0.03662041691590412,0.03662041691590412,0.540312197173086,FALSE,FALSE
1994-01-05,Amundsen_Bellingshausen,2.299107009,0.03921056916393883,0.03921056916393883,0.540312197173086,FALSE,FALSE
1994-01-06,Amundsen_Bellingshausen,2.279880489,0.0645781629749207,0.0645781629749207,0.540312197173086,FALSE,FALSE
1994-01-07,Amundsen_Bellingshausen,2.255586032,0.08432743100784545,0.08432743100784545,0.540312197173086,FALSE,FALSE
1994-01-08,Amundsen_Bellingshausen,2.236103122,0.1082128669217135,0.1082128669217135,0.540312197173086,FALSE,FALSE
1994-01-09,Amundsen_Bellingshausen,2.194580257,0.10925797837552542,0.10925797837552542,0.540312197173086,FALSE,FALSE
1994-01-10,Amundsen_Bellingshausen,2.164617833,0.12093817102828064,0.12093817102828064,0.540312197173086,FALSE,FALSE
1994-01-11,Amundsen_Bellingshausen,2.112085586,0.10899819053897764,0.10899819053897764,0.540312197173086,FALSE,FALSE
1994-01-12,Amundsen_Bellingshausen,2.045535466,0.08186499656661561,0.08186499656661561,0.540312197173086,FALSE,FALSE
1994-01-13,Amundsen_Bellingshausen,2.001895251,0.07634137677019637,0.07634137677019637,0.540312197173086,FALSE,FALSE
1994-01-14,Amundsen_Bellingshausen,1.980285558,0.09142491362309846,0.09142491362309846,0.540312197173086,FALSE,FALSE
1994-01-15,Amundsen_Bellingshausen,1.964519991,0.11087636068095552,0.11087636068095552,0.540312197173086,FALSE,FALSE
1994-01-16,Amundsen_Bellingshausen,1.931499626,0.11163186912704792,0.11163186912704792,0.540312197173086,FALSE,FALSE
1994-01-17,Amundsen_Bellingshausen,1.929599899,0.14210751085997742,0.14210751085997742,0.540312197173086,FALSE,FALSE
1994-01-18,Amundsen_Bellingshausen,1.913591609,0.15711472077834254,0.15711472077834254,0.540312197173086,FALSE,FALSE
1994-01-19,Amundsen_Bellingshausen,1.857327091,0.13054646978074436,0.13054646978074436,0.540312197173086,FALSE,FALSE
1994-01-20,Amundsen_Bellingshausen,1.844214037,0.1458510857657811,0.1458510857657811,0.540312197173086,FALSE,FALSE
1994-01-21,Amundsen_Bellingshausen,1.835175286,0.16399204363205455,0.16399204363205455,0.540312197173086,FALSE,FALSE
1994-01-22,Amundsen_Bellingshausen,1.817656312,0.17245545327816392,0.17245545327816392,0.540312197173086,FALSE,FALSE
1994-01-23,Amundsen_Bellingshausen,1.783405969,0.16303080460270802,0.16303080460270802,0.540312197173086,FALSE,FALSE
1994-01-24,Amundsen_Bellingshausen,1.748923626,0.15225810250428928,0.15225810250428928,0.540312197173086,FALSE,FALSE
1994-01-25,Amundsen_Bellingshausen,1.729019736,0.1549884358815048,0.1549884358815048,0.540312197173086,FALSE,FALSE
1994-01-26,Amundsen_Bellingshausen,1.725047073,0.1726152146329567,0.1726152146329567,0.540312197173086,FALSE,FALSE
1994-01-27,Amundsen_Bellingshausen,1.720079977,0.18825121053235527,0.18825121053235527,0.540312197173086,FALSE,FALSE
1994-01-28,Amundsen_Bellingshausen,1.710981498,0.19878298462054844,0.19878298462054844,0.540312197173086,FALSE,FALSE
1994-01-29,Amundsen_Bellingshausen,1.677702745,0.18417896995472316,0.18417896995472316,0.540312197173086,FALSE,FALSE
1994-01-30,Amundsen_Bellingshausen,1.638033751,0.1622465036618228,0.1622465036618228,0.540312197173086,FALSE,FALSE
1994-01-31,Amundsen_Bellingshausen,1.588808666,0.12983703986879624,0.12983703986879624,0.540312197173086,FALSE,FALSE
1994-02-01,Amundsen_Bellingshausen,1.58016304,0.1371034327025895,0.1371034327025895,0.540312197173086,FALSE,FALSE
1994-02-02,Amundsen_Bellingshausen,1.554303801,0.1262699142901491,0.1262699142901491,0.540312197173086,FALSE,FALSE
1994-02-03,Amundsen_Bellingshausen,1.531179519,0.11730235875842254,0.11730235875842254,0.540312197173086,FALSE,FALSE
1994-02-04,Amundsen_Bellingshausen,1.523784928,0.12321280423435788,0.12321280423435788,0.540312197173086,FALSE,FALSE
1994-02-05,Amundsen_Bellingshausen,1.51337973,0.12527825684489913,0.12527825684489913,0.540312197173086,FALSE,FALSE
1994-02-06,Amundsen_Bellingshausen,1.497653015,0.12120511071699512,0.12120511071699512,0.540312197173086,FALSE,FALSE
1994-02-07,Amundsen_Bellingshausen,1.457251234,0.09165712097759272,0.09165712097759272,0.540312197173086,FALSE,FALSE
1994-02-08,Amundsen_Bellingshausen,1.446319742,0.0907968611792036,0.0907968611792036,0.540312197173086,FALSE,FALSE
1994-02-09,Amundsen_Bellingshausen,1.425500782,0.07927249505329259,0.07927249505329259,0.540312197173086,FALSE,FALSE
1994-02-10,Amundsen_Bellingshausen,1.407767865,0.07004098567867922,0.07004098567867922,0.540312197173086,FALSE,FALSE
1994-02-11,Amundsen_Bellingshausen,1.399209164,0.06917130158444373,0.06917130158444373,0.540312197173086,FALSE,FALSE
1994-02-12,Amundsen_Bellingshausen,1.393263533,0.07008309229966425,0.07008309229966425,0.540312197173086,FALSE,FALSE
1994-02-13,Amundsen_Bellingshausen,1.380862533,0.06368871435341905,0.06368871435341905,0.540312197173086,FALSE,FALSE
1994-02-14,Amundsen_Bellingshausen,1.367236344,0.05519914327478892,0.05519914327478892,0.540312197173086,FALSE,FALSE
1994-02-15,Amundsen_Bellingshausen,1.357331603,0.0495418115928512,0.0495418115928512,0.540312197173086,FALSE,FALSE
1994-02-16,Amundsen_Bellingshausen,1.359590596,0.05513980083668413,0.05513980083668413,0.540312197173086,FALSE,FALSE
1994-02-17,Amundsen_Bellingshausen,1.360818216,0.0587787995353688,0.0587787995353688,0.540312197173086,FALSE,FALSE
1994-02-18,Amundsen_Bellingshausen,1.397040043,0.09646518321798304,0.09646518321798304,0.540312197173086,FALSE,FALSE
1994-02-19,Amundsen_Bellingshausen,1.41920949,0.11913316041360432,0.11913316041360432,0.540312197173086,FALSE,FALSE
1994-02-20,Amundsen_Bellingshausen,1.427759548,0.12719651765131368,0.12719651765131368,0.540312197173086,FALSE,FALSE
1994-02-21,Amundsen_Bellingshausen,1.422962619,0.12091177539649522,0.12091177539649522,0.540312197173086,FALSE,FALSE
1994-02-22,Amundsen_Bellingshausen,1.42232565,0.11781028517542191,0.11781028517542191,0.540312197173086,FALSE,FALSE
1994-02-23,Amundsen_Bellingshausen,1.443005634,0.13510024456008107,0.13510024456008107,0.540312197173086,FALSE,FALSE
1994-02-24,Amundsen_Bellingshausen,1.467693346,0.15552411758613793,0.15552411758613793,0.540312197173086,FALSE,FALSE
1994-02-25,Amundsen_Bellingshausen,1.477255858,0.16000066528924983,0.16000066528924983,0.540312197173086,FALSE,FALSE
1994-02-26,Amundsen_Bellingshausen,1.484037711,0.1609261177050787,0.1609261177050787,0.540312197173086,FALSE,FALSE
1994-02-27,Amundsen_Bellingshausen,1.492798654,0.1631119128692844,0.1631119128692844,0.540312197173086,FALSE,FALSE
1994-02-28,Amundsen_Bellingshausen,1.509128923,0.17219997581752922,0.17219997581752922,0.540312197173086,FALSE,FALSE
1994-03-01,Amundsen_Bellingshausen,1.528582525,0.18379600258547235,0.18379600258547235,0.540312197173086,FALSE,FALSE
1994-03-02,Amundsen_Bellingshausen,1.610821294,0.2576135162087747,0.2576135162087747,0.540312197173086,FALSE,FALSE
1994-03-03,Amundsen_Bellingshausen,1.654341536,0.2922005117230968,0.2922005117230968,0.540312197173086,FALSE,FALSE
1994-03-04,Amundsen_Bellingshausen,1.68370678,0.3121722071641002,0.3121722071641002,0.540312197173086,FALSE,FALSE
1994-03-05,Amundsen_Bellingshausen,1.675252949,0.29391621124036793,0.29391621124036793,0.540312197173086,FALSE,FALSE
1994-03-06,Amundsen_Bellingshausen,1.639677919,0.24816970935030055,0.24816970935030055,0.540312197173086,FALSE,FALSE
1994-03-07,Amundsen_Bellingshausen,1.624925149,0.22287517732750217,0.22287517732750217,0.540312197173086,FALSE,FALSE
1994-03-08,Amundsen_Bellingshausen,1.624567359,0.21159616614874976,0.21159616614874976,0.540312197173086,FALSE,FALSE
1994-03-09,Amundsen_Bellingshausen,1.633882465,0.2096014227908194,0.2096014227908194,0.540312197173086,FALSE,FALSE
1994-03-10,Amundsen_Bellingshausen,1.645012153,0.20902346423048868,0.20902346423048868,0.540312197173086,FALSE,FALSE
1994-03-11,Amundsen_Bellingshausen,1.671263186,0.2231598844445339,0.2231598844445339,0.540312197173086,FALSE,FALSE
1994-03-12,Amundsen_Bellingshausen,1.687793643,0.22715959340973169,0.22715959340973169,0.540312197173086,FALSE,FALSE
1994-03-13,Amundsen_Bellingshausen,1.702819291,0.2292291891028566,0.2292291891028566,0.540312197173086,FALSE,FALSE
1994-03-14,Amundsen_Bellingshausen,1.73090018,0.24391955250068875,0.24391955250068875,0.540312197173086,FALSE,FALSE
1994-03-15,Amundsen_Bellingshausen,1.749452819,0.24863802358000345,0.24863802358000345,0.540312197173086,FALSE,FALSE
1994-03-16,Amundsen_Bellingshausen,1.772760972,0.25765919731757503,0.25765919731757503,0.540312197173086,FALSE,FALSE
1994-03-17,Amundsen_Bellingshausen,1.792240211,0.2623894766901833,0.2623894766901833,0.540312197173086,FALSE,FALSE
1994-03-18,Amundsen_Bellingshausen,1.841582595,0.2965122424565618,0.2965122424565618,0.540312197173086,FALSE,FALSE
1994-03-19,Amundsen_Bellingshausen,1.876589098,0.3158320475833203,0.3158320475833203,0.540312197173086,FALSE,FALSE
1994-03-20,Amundsen_Bellingshausen,1.905458278,0.32856385017916967,0.32856385017916967,0.540312197173086,FALSE,FALSE
1994-03-21,Amundsen_Bellingshausen,1.925589554,0.33212407299316693,0.33212407299316693,0.540312197173086,FALSE,FALSE
1994-03-22,Amundsen_Bellingshausen,1.930009259,0.3195560527743675,0.3195560527743675,0.540312197173086,FALSE,FALSE
1994-03-23,Amundsen_Bellingshausen,1.944872259,0.3170316592718281,0.3170316592718281,0.540312197173086,FALSE,FALSE
1994-03-24,Amundsen_Bellingshausen,1.956977078,0.31136642023460737,0.31136642023460737,0.540312197173086,FALSE,FALSE
1994-03-25,Amundsen_Bellingshausen,1.963777016,0.3000306394117598,0.3000306394117598,0.540312197173086,FALSE,FALSE
1994-03-26,Amundsen_Bellingshausen,1.975542429,0.29331167655234225,0.29331167655234225,0.540312197173086,FALSE,FALSE
1994-03-27,Amundsen_Bellingshausen,1.993737764,0.2926909824054129,0.2926909824054129,0.540312197173086,FALSE,FALSE
1994-03-28,Amundsen_Bellingshausen,1.998007707,0.2778302467200269,0.2778302467200269,0.540312197173086,FALSE,FALSE
1994-03-29,Amundsen_Bellingshausen,2.027181626,0.2875758412452407,0.2875758412452407,0.540312197173086,FALSE,FALSE
1994-03-30,Amundsen_Bellingshausen,2.056146536,0.29683178473011185,0.29683178473011185,0.540312197173086,FALSE,FALSE
1994-03-31,Amundsen_Bellingshausen,2.092481277,0.31319096129665236,0.31319096129665236,0.540312197173086,FALSE,FALSE
1994-04-01,Amundsen_Bellingshausen,2.134389388,0.3348547766471095,0.3348547766471095,0.540312197173086,FALSE,FALSE
1994-04-02,Amundsen_Bellingshausen,2.168995767,0.3489404958581499,0.3489404958581499,0.540312197173086,FALSE,FALSE
1994-04-03,Amundsen_Bellingshausen,2.209027,0.368167067459898,0.368167067459898,0.540312197173086,FALSE,FALSE
1994-04-04,Amundsen_Bellingshausen,2.249642826,0.3876865929824822,0.3876865929824822,0.540312197173086,FALSE,FALSE
1994-04-05,Amundsen_Bellingshausen,2.28108999,0.3977381799560269,0.3977381799560269,0.540312197173086,FALSE,FALSE
1994-04-06,Amundsen_Bellingshausen,2.338926931,0.4338726299106648,0.4338726299106648,0.540312197173086,FALSE,FALSE
1994-04-07,Amundsen_Bellingshausen,2.372028169,0.44495682537651793,0.44495682537651793,0.540312197173086,FALSE,FALSE
1994-04-08,Amundsen_Bellingshausen,2.391279971,0.44186939588371743,0.44186939588371743,0.540312197173086,FALSE,FALSE
1994-04-09,Amundsen_Bellingshausen,2.407004002,0.4349243689623883,0.4349243689623883,0.540312197173086,FALSE,FALSE
1994-04-10,Amundsen_Bellingshausen,2.426803231,0.4317170761426576,0.4317170761426576,0.540312197173086,FALSE,FALSE
1994-04-11,Amundsen_Bellingshausen,2.463993086,0.44555530795465303,0.44555530795465303,0.540312197173086,FALSE,FALSE
1994-04-12,Amundsen_Bellingshausen,2.480851025,0.4387089340352701,0.4387089340352701,0.540312197173086,FALSE,FALSE
1994-04-13,Amundsen_Bellingshausen,2.467141232,0.40093804987209714,0.40093804987209714,0.540312197173086,FALSE,FALSE
1994-04-14,Amundsen_Bellingshausen,2.437716138,0.3470967674252119,0.3470967674252119,0.540312197173086,FALSE,FALSE
1994-04-15,Amundsen_Bellingshausen,2.457343336,0.34195489954925273,0.34195489954925273,0.540312197173086,FALSE,FALSE
1994-04-16,Amundsen_Bellingshausen,2.51632219,0.3758140300988466,0.3758140300988466,0.540312197173086,FALSE,FALSE
1994-04-17,Amundsen_Bellingshausen,2.559936735,0.3939604139286321,0.3939604139286321,0.540312197173086,FALSE,FALSE
1994-04-18,Amundsen_Bellingshausen,2.60102302,0.40923231989324327,0.40923231989324327,0.540312197173086,FALSE,FALSE
1994-04-19,Amundsen_Bellingshausen,2.638920255,0.4209711778473113,0.4209711778473113,0.540312197173086,FALSE,FALSE
1994-04-20,Amundsen_Bellingshausen,2.681177422,0.4367281896454714,0.4367281896454714,0.540312197173086,FALSE,FALSE
1994-04-21,Amundsen_Bellingshausen,2.71500762,0.4437186741423558,0.4437186741423558,0.540312197173086,FALSE,FALSE
1994-04-22,Amundsen_Bellingshausen,2.737440899,0.4389749011926005,0.4389749011926005,0.540312197173086,FALSE,FALSE
1994-04-23,Amundsen_Bellingshausen,2.755830814,0.4298526456508389,0.4298526456508389,0.540312197173086,FALSE,FALSE
1994-04-24,Amundsen_Bellingshausen,2.80192692,0.4481036823717037,0.4481036823717037,0.540312197173086,FALSE,FALSE
1994-04-25,Amundsen_Bellingshausen,2.813938498,0.4319438533777662,0.4319438533777662,0.540312197173086,FALSE,FALSE
1994-04-26,Amundsen_Bellingshausen,2.838290882,0.42784628377118006,0.42784628377118006,0.540312197173086,FALSE,FALSE
1994-04-27,Amundsen_Bellingshausen,2.871115525,0.43201300163720546,0.43201300163720546,0.540312197173086,FALSE,FALSE
1994-04-28,Amundsen_Bellingshausen,2.891378422,0.42348081706520846,0.42348081706520846,0.540312197173086,FALSE,FALSE
1994-04-29,Amundsen_Bellingshausen,2.902798804,0.4060397761445515,0.4060397761445515,0.540312197173086,FALSE,FALSE
1994-04-30,Amundsen_Bellingshausen,2.889285111,0.3636691339645943,0.3636691339645943,0.540312197173086,FALSE,FALSE
1994-05-01,Amundsen_Bellingshausen,2.890562582,0.33616494461470037,0.33616494461470037,0.540312197173086,FALSE,FALSE
1994-05-02,Amundsen_Bellingshausen,2.909185725,0.32615253118423304,0.32615253118423304,0.540312197173086,FALSE,FALSE
1994-05-03,Amundsen_Bellingshausen,2.923903669,0.3124518377625556,0.3124518377625556,0.540312197173086,FALSE,FALSE
1994-05-04,Amundsen_Bellingshausen,2.974898963,0.33531622843903275,0.33531622843903275,0.540312197173086,FALSE,FALSE
1994-05-05,Amundsen_Bellingshausen,3.024126045,0.35677095630302347,0.35677095630302347,0.540312197173086,FALSE,FALSE
1994-05-06,Amundsen_Bellingshausen,3.092735627,0.39803754844389383,0.39803754844389383,0.540312197173086,FALSE,FALSE
1994-05-07,Amundsen_Bellingshausen,3.138267454,0.41672652596787696,0.41672652596787696,0.540312197173086,FALSE,FALSE
1994-05-08,Amundsen_Bellingshausen,3.182369006,0.4345344112791007,0.4345344112791007,0.540312197173086,FALSE,FALSE
1994-05-09,Amundsen_Bellingshausen,3.216861464,0.44327358413136064,0.44327358413136064,0.540312197173086,FALSE,FALSE
1994-05-10,Amundsen_Bellingshausen,3.234445178,0.4356260759135999,0.4356260759135999,0.540312197173086,FALSE,FALSE
1994-05-11,Amundsen_Bellingshausen,3.240113719,0.4165671390147567,0.4165671390147567,0.540312197173086,FALSE,FALSE
1994-05-12,Amundsen_Bellingshausen,3.227952,0.3801633678237737,0.3801633678237737,0.540312197173086,FALSE,FALSE
1994-05-13,Amundsen_Bellingshausen,3.244912725,0.3733491477295918,0.3733491477295918,0.540312197173086,FALSE,FALSE
1994-05-14,Amundsen_Bellingshausen,3.279336929,0.38444719512114833,0.38444719512114833,0.540312197173086,FALSE,FALSE
1994-05-15,Amundsen_Bellingshausen,3.314171258,0.3963858373873861,0.3963858373873861,0.540312197173086,FALSE,FALSE
1994-05-16,Amundsen_Bellingshausen,3.341710779,0.40144182291724606,0.40144182291724606,0.540312197173086,FALSE,FALSE
1994-05-17,Amundsen_Bellingshausen,3.339572809,0.37721415009966686,0.37721415009966686,0.540312197173086,FALSE,FALSE
1994-05-18,Amundsen_Bellingshausen,3.320892993,0.33682014532359084,0.33682014532359084,0.540312197173086,FALSE,FALSE
1994-05-19,Amundsen_Bellingshausen,3.301958822,0.296528980977957,0.296528980977957,0.540312197173086,FALSE,FALSE
1994-05-20,Amundsen_Bellingshausen,3.272640955,0.24619305906104483,0.24619305906104483,0.540312197173086,FALSE,FALSE
1994-05-21,Amundsen_Bellingshausen,3.25382447,0.20668032477607975,0.20668032477607975,0.540312197173086,FALSE,FALSE
1994-05-22,Amundsen_Bellingshausen,3.272100605,0.2045658655259257,0.2045658655259257,0.540312197173086,FALSE,FALSE
1994-05-23,Amundsen_Bellingshausen,3.31984639,0.2322105937592731,0.2322105937592731,0.540312197173086,FALSE,FALSE
1994-05-24,Amundsen_Bellingshausen,3.363601986,0.2561385529248188,0.2561385529248188,0.540312197173086,FALSE,FALSE
1994-05-25,Amundsen_Bellingshausen,3.374488843,0.24745507547125323,0.24745507547125323,0.540312197173086,FALSE,FALSE
1994-05-26,Amundsen_Bellingshausen,3.395929195,0.24956627784726892,0.24956627784726892,0.540312197173086,FALSE,FALSE
1994-05-27,Amundsen_Bellingshausen,3.462016947,0.29654994750155916,0.29654994750155916,0.540312197173086,FALSE,FALSE
1994-05-28,Amundsen_Bellingshausen,3.515167336,0.33080520388281753,0.33080520388281753,0.540312197173086,FALSE,FALSE
1994-05-29,Amundsen_Bellingshausen,3.539317021,0.3362525884397365,0.3362525884397365,0.540312197173086,FALSE,FALSE
1994-05-30,Amundsen_Bellingshausen,3.576108597,0.35451857862100766,0.35451857862100766,0.540312197173086,FALSE,FALSE
1994-05-31,Amundsen_Bellingshausen,3.583925193,0.3439701858753237,0.3439701858753237,0.540312197173086,FALSE,FALSE
1994-06-01,Amundsen_Bellingshausen,3.581480011,0.32330449465137834,0.32330449465137834,0.540312197173086,FALSE,FALSE
1994-06-02,Amundsen_Bellingshausen,3.547869477,0.2716099816672588,0.2716099816672588,0.540312197173086,FALSE,FALSE
1994-06-03,Amundsen_Bellingshausen,3.508945789,0.21476713228988095,0.21476713228988095,0.540312197173086,FALSE,FALSE
1994-06-04,Amundsen_Bellingshausen,3.518010565,0.2061158970119128,0.2061158970119128,0.540312197173086,FALSE,FALSE
1994-06-05,Amundsen_Bellingshausen,3.542543977,0.21317478069812568,0.21317478069812568,0.540312197173086,FALSE,FALSE
1994-06-06,Amundsen_Bellingshausen,3.57146933,0.22490542121328483,0.22490542121328483,0.540312197173086,FALSE,FALSE
1994-06-07,Amundsen_Bellingshausen,3.602954202,0.23951372942215696,0.23951372942215696,0.540312197173086,FALSE,FALSE
1994-06-08,Amundsen_Bellingshausen,3.670447765,0.2904872101895126,0.2904872101895126,0.540312197173086,FALSE,FALSE
1994-06-09,Amundsen_Bellingshausen,3.70102784,0.3049420173801165,0.3049420173801165,0.540312197173086,FALSE,FALSE
1994-06-10,Amundsen_Bellingshausen,3.74445687,0.3326789268587391,0.3326789268587391,0.540312197173086,FALSE,FALSE
1994-06-11,Amundsen_Bellingshausen,3.794581775,0.367583191490144,0.367583191490144,0.540312197173086,FALSE,FALSE
1994-06-12,Amundsen_Bellingshausen,3.843623895,0.40191448413909914,0.40191448413909914,0.540312197173086,FALSE,FALSE
1994-06-13,Amundsen_Bellingshausen,3.907113886,0.4512417936703757,0.4512417936703757,0.540312197173086,FALSE,FALSE
1994-06-14,Amundsen_Bellingshausen,3.941364468,0.4719151492232405,0.4719151492232405,0.540312197173086,FALSE,FALSE
1994-06-15,Amundsen_Bellingshausen,3.940286795,0.45783788387140234,0.45783788387140234,0.540312197173086,FALSE,FALSE
1994-06-16,Amundsen_Bellingshausen,3.928997635,0.4340570327547715,0.4340570327547715,0.540312197173086,FALSE,FALSE
1994-06-17,Amundsen_Bellingshausen,3.91217201,0.4051733993880857,0.4051733993880857,0.540312197173086,FALSE,FALSE
1994-06-18,Amundsen_Bellingshausen,3.922033978,0.403336823286085,0.403336823286085,0.540312197173086,FALSE,FALSE
1994-06-19,Amundsen_Bellingshausen,3.865861762,0.3357513089635118,0.3357513089635118,0.540312197173086,FALSE,FALSE
1994-06-20,Amundsen_Bellingshausen,3.849004787,0.30769206293510454,0.30769206293510454,0.540312197173086,FALSE,FALSE
1994-06-21,Amundsen_Bellingshausen,3.839565302,0.2871871157156063,0.2871871157156063,0.540312197173086,FALSE,FALSE
1994-06-22,Amundsen_Bellingshausen,3.837012605,0.27363154681975566,0.27363154681975566,0.540312197173086,FALSE,FALSE
1994-06-23,Amundsen_Bellingshausen,3.828890504,0.2544949457622949,0.2544949457622949,0.540312197173086,FALSE,FALSE
1994-06-24,Amundsen_Bellingshausen,3.805869713,0.22037380805796225,0.22037380805796225,0.540312197173086,FALSE,FALSE
1994-06-25,Amundsen_Bellingshausen,3.80551794,0.20876162322150105,0.20876162322150105,0.540312197173086,FALSE,FALSE
1994-06-26,Amundsen_Bellingshausen,3.786415635,0.17816462276764877,0.17816462276764877,0.540312197173086,FALSE,FALSE
1994-06-27,Amundsen_Bellingshausen,3.745313099,0.1252679996493944,0.1252679996493944,0.540312197173086,FALSE,FALSE
1994-06-28,Amundsen_Bellingshausen,3.748757048,0.1166222048946386,0.1166222048946386,0.540312197173086,FALSE,FALSE
1994-06-29,Amundsen_Bellingshausen,3.72826789,0.0837828386383106,0.0837828386383106,0.540312197173086,FALSE,FALSE
1994-06-30,Amundsen_Bellingshausen,3.760346403,0.10328603275238502,0.10328603275238502,0.540312197173086,FALSE,FALSE
1994-07-01,Amundsen_Bellingshausen,3.81010102,0.14027557410884084,0.14027557410884084,0.540312197173086,FALSE,FALSE
1994-07-02,Amundsen_Bellingshausen,3.842117046,0.15937212157965197,0.15937212157965197,0.540312197173086,FALSE,FALSE
1994-07-03,Amundsen_Bellingshausen,3.864109548,0.16832609603679582,0.16832609603679582,0.540312197173086,FALSE,FALSE
1994-07-04,Amundsen_Bellingshausen,3.871073146,0.1621674713522503,0.1621674713522503,0.540312197173086,FALSE,FALSE
1994-07-05,Amundsen_Bellingshausen,3.886819102,0.16474286339798727,0.16474286339798727,0.540312197173086,FALSE,FALSE
1994-07-06,Amundsen_Bellingshausen,3.906461975,0.17120218504598703,0.17120218504598703,0.540312197173086,FALSE,FALSE
1994-07-07,Amundsen_Bellingshausen,3.90163331,0.1532123351682264,0.1532123351682264,0.540312197173086,FALSE,FALSE
1994-07-08,Amundsen_Bellingshausen,3.85340227,0.09187783063668008,0.09187783063668008,0.540312197173086,FALSE,FALSE
1994-07-09,Amundsen_Bellingshausen,3.832781147,0.05824628100991091,0.05824628100991091,0.540312197173086,FALSE,FALSE
1994-07-10,Amundsen_Bellingshausen,3.874073979,0.08664997905548288,0.08664997905548288,0.540312197173086,FALSE,FALSE
1994-07-11,Amundsen_Bellingshausen,3.961566462,0.1613874188033404,0.1613874188033404,0.540312197173086,FALSE,FALSE
1994-07-12,Amundsen_Bellingshausen,4.01210706,0.19931781679586136,0.19931781679586136,0.540312197173086,FALSE,FALSE
1994-07-13,Amundsen_Bellingshausen,4.032620492,0.2073766445754237,0.2073766445754237,0.540312197173086,FALSE,FALSE
1994-07-14,Amundsen_Bellingshausen,4.072059034,0.23452693068440755,0.23452693068440755,0.540312197173086,FALSE,FALSE
1994-07-15,Amundsen_Bellingshausen,4.134814089,0.28517083066519433,0.28517083066519433,0.540312197173086,FALSE,FALSE
1994-07-16,Amundsen_Bellingshausen,4.194079326,0.3325127660601579,0.3325127660601579,0.540312197173086,FALSE,FALSE
1994-07-17,Amundsen_Bellingshausen,4.271157209,0.39786595341167974,0.39786595341167974,0.540312197173086,FALSE,FALSE
1994-07-18,Amundsen_Bellingshausen,4.337025417,0.4522188242621428,0.4522188242621428,0.540312197173086,FALSE,FALSE
1994-07-19,Amundsen_Bellingshausen,4.393411275,0.4973094561539182,0.4973094561539182,0.540312197173086,FALSE,FALSE
1994-07-20,Amundsen_Bellingshausen,4.356788951,0.4496227696293871,0.4496227696293871,0.540312197173086,FALSE,FALSE
1994-07-21,Amundsen_Bellingshausen,4.34869439,0.4307054622309314,0.4307054622309314,0.540312197173086,FALSE,FALSE
1994-07-22,Amundsen_Bellingshausen,4.32737431,0.3988152844550043,0.3988152844550043,0.540312197173086,FALSE,FALSE
1994-07-23,Amundsen_Bellingshausen,4.333643285,0.3947817068075534,0.3947817068075534,0.540312197173086,FALSE,FALSE
1994-07-24,Amundsen_Bellingshausen,4.380722167,0.4318432944243899,0.4318432944243899,0.540312197173086,FALSE,FALSE
1994-07-25,Amundsen_Bellingshausen,4.378056662,0.4194635303334504,0.4194635303334504,0.540312197173086,FALSE,FALSE
1994-07-26,Amundsen_Bellingshausen,4.409296335,0.4413097565626738,0.4413097565626738,0.540312197173086,FALSE,FALSE
1994-07-27,Amundsen_Bellingshausen,4.470238423,0.49319698714000193,0.49319698714000193,0.540312197173086,FALSE,FALSE
1994-07-28,Amundsen_Bellingshausen,4.493118251,0.5073783240933638,0.5073783240933638,0.540312197173086,FALSE,FALSE
1994-07-29,Amundsen_Bellingshausen,4.507746992,0.5136827174507035,0.5136827174507035,0.540312197173086,FALSE,FALSE
1994-07-30,Amundsen_Bellingshausen,4.460345299,0.4583485972399508,0.4583485972399508,0.540312197173086,FALSE,FALSE
1994-07-31,Amundsen_Bellingshausen,4.392681654,0.3831622224890516,0.3831622224890516,0.540312197173086,FALSE,FALSE
1994-08-01,Amundsen_Bellingshausen,4.367742199,0.35112751222594163,0.35112751222594163,0.540312197173086,FALSE,FALSE
1994-08-02,Amundsen_Bellingshausen,4.35483817,0.3315734794785534,0.3315734794785534,0.540312197173086,FALSE,FALSE
1994-08-03,Amundsen_Bellingshausen,4.369853555,0.3404018887473379,0.3404018887473379,0.540312197173086,FALSE,FALSE
1994-08-04,Amundsen_Bellingshausen,4.365097137,0.329925059399363,0.329925059399363,0.540312197173086,FALSE,FALSE
1994-08-05,Amundsen_Bellingshausen,4.339258628,0.2987848701399063,0.2987848701399063,0.540312197173086,FALSE,FALSE
1994-08-06,Amundsen_Bellingshausen,4.291383739,0.24596761920293364,0.24596761920293364,0.540312197173086,FALSE,FALSE
1994-08-07,Amundsen_Bellingshausen,4.289251744,0.23919316782239797,0.23919316782239797,0.540312197173086,FALSE,FALSE
1994-08-08,Amundsen_Bellingshausen,4.298739983,0.24427944323225947,0.24427944323225947,0.540312197173086,FALSE,FALSE
1994-08-09,Amundsen_Bellingshausen,4.256668358,0.19798693466647155,0.19798693466647155,0.540312197173086,FALSE,FALSE
1994-08-10,Amundsen_Bellingshausen,4.176073801,0.11329316135899248,0.11329316135899248,0.540312197173086,FALSE,FALSE
1994-08-11,Amundsen_Bellingshausen,4.116519081,0.04970147954378401,0.04970147954378401,0.540312197173086,FALSE,FALSE
1994-08-12,Amundsen_Bellingshausen,4.076733087,0.00588136545479844,0.00588136545479844,0.540312197173086,FALSE,FALSE
1994-08-13,Amundsen_Bellingshausen,4.104063279,0.02912086632599653,0.02912086632599653,0.540312197173086,FALSE,FALSE
1994-08-14,Amundsen_Bellingshausen,4.141709688,0.06256060039133171,0.06256060039133171,0.540312197173086,FALSE,FALSE
1994-08-15,Amundsen_Bellingshausen,4.114590352,0.03105919288476411,0.03105919288476411,0.540312197173086,FALSE,FALSE
1994-08-16,Amundsen_Bellingshausen,4.077738392,-0.01040748632025945,0.01040748632025945,0.540312197173086,FALSE,FALSE
1994-08-17,Amundsen_Bellingshausen,4.019119163,-0.07386708434771805,0.07386708434771805,0.540312197173086,FALSE,FALSE
1994-08-18,Amundsen_Bellingshausen,3.944158506,-0.15381322427104305,0.15381322427104305,0.540312197173086,FALSE,FALSE
1994-08-19,Amundsen_Bellingshausen,3.901414162,-0.20160359908839176,0.20160359908839176,0.540312197173086,FALSE,FALSE
1994-08-20,Amundsen_Bellingshausen,3.913645052,-0.1943947217979285,0.1943947217979285,0.540312197173086,FALSE,FALSE
1994-08-21,Amundsen_Bellingshausen,3.946190074,-0.16676312839782303,0.16676312839782303,0.540312197173086,FALSE,FALSE
1994-08-22,Amundsen_Bellingshausen,3.966926224,-0.15074725688623314,0.15074725688623314,0.540312197173086,FALSE,FALSE
1994-08-23,Amundsen_Bellingshausen,4.029261376,-0.0928546672613253,0.0928546672613253,0.540312197173086,FALSE,FALSE
1994-08-24,Amundsen_Bellingshausen,4.043009918,-0.08318640552126233,0.08318640552126233,0.540312197173086,FALSE,FALSE
1994-08-25,Amundsen_Bellingshausen,4.103728395,-0.02610136066420576,0.02610136066420576,0.540312197173086,FALSE,FALSE
1994-08-26,Amundsen_Bellingshausen,4.21389681,0.08096503631167007,0.08096503631167007,0.540312197173086,FALSE,FALSE
1994-08-27,Amundsen_Bellingshausen,4.212574121,0.07715630940821683,0.07715630940821683,0.540312197173086,FALSE,FALSE
1994-08-28,Amundsen_Bellingshausen,4.152017759,0.01481445562725625,0.01481445562725625,0.540312197173086,FALSE,FALSE
1994-08-29,Amundsen_Bellingshausen,4.083675845,-0.05454282950637967,0.05454282950637967,0.540312197173086,FALSE,FALSE
1994-08-30,Amundsen_Bellingshausen,4.042040915,-0.09644454910775746,0.09644454910775746,0.540312197173086,FALSE,FALSE
1994-08-31,Amundsen_Bellingshausen,4.025708678,-0.11235076758898543,0.11235076758898543,0.540312197173086,FALSE,FALSE
1994-09-01,Amundsen_Bellingshausen,4.000553074,-0.1364433797672593,0.1364433797672593,0.540312197173086,FALSE,FALSE
1994-09-02,Amundsen_Bellingshausen,3.950692007,-0.184660316459782,0.184660316459782,0.540312197173086,FALSE,FALSE
1994-09-03,Amundsen_Bellingshausen,3.883293935,-0.2498889544837448,0.2498889544837448,0.540312197173086,FALSE,FALSE
1994-09-04,Amundsen_Bellingshausen,3.884566867,-0.2459771196563505,0.2459771196563505,0.540312197173086,FALSE,FALSE
1994-09-05,Amundsen_Bellingshausen,3.901612872,-0.22587857779479537,0.22587857779479537,0.540312197173086,FALSE,FALSE
1994-09-06,Amundsen_Bellingshausen,3.908864573,-0.21521654071627697,0.21521654071627697,0.540312197173086,FALSE,FALSE
1994-09-07,Amundsen_Bellingshausen,3.945713675,-0.1746551382379926,0.1746551382379926,0.540312197173086,FALSE,FALSE
1994-09-08,Amundsen_Bellingshausen,3.959496116,-0.1569142671771444,0.1569142671771444,0.540312197173086,FALSE,FALSE
1994-09-09,Amundsen_Bellingshausen,3.936038567,-0.1762230913509275,0.1762230913509275,0.540312197173086,FALSE,FALSE
1994-09-10,Amundsen_Bellingshausen,3.905015491,-0.20296272605056,0.20296272605056,0.540312197173086,FALSE,FALSE
1994-09-11,Amundsen_Bellingshausen,3.851166387,-0.2524248981354029,0.2524248981354029,0.540312197173086,FALSE,FALSE
1994-09-12,Amundsen_Bellingshausen,3.791277826,-0.30781019410771027,0.30781019410771027,0.540312197173086,FALSE,FALSE
1994-09-13,Amundsen_Bellingshausen,3.735730545,-0.35872039445591586,0.35872039445591586,0.540312197173086,FALSE,FALSE
1994-09-14,Amundsen_Bellingshausen,3.708959801,-0.3807027596684538,0.3807027596684538,0.540312197173086,FALSE,FALSE
1994-09-15,Amundsen_Bellingshausen,3.714036943,-0.37066845823377115,0.37066845823377115,0.540312197173086,FALSE,FALSE
1994-09-16,Amundsen_Bellingshausen,3.726720811,-0.3528411676402978,0.3528411676402978,0.540312197173086,FALSE,FALSE
1994-09-17,Amundsen_Bellingshausen,3.727265132,-0.34694967837647495,0.34694967837647495,0.540312197173086,FALSE,FALSE
1994-09-18,Amundsen_Bellingshausen,3.724386061,-0.3442603529307413,0.3442603529307413,0.540312197173086,FALSE,FALSE
1994-09-19,Amundsen_Bellingshausen,3.705362842,-0.3574764647915303,0.3574764647915303,0.540312197173086,FALSE,FALSE
1994-09-20,Amundsen_Bellingshausen,3.675711871,-0.38106413544727946,0.38106413544727946,0.540312197173086,FALSE,FALSE
1994-09-21,Amundsen_Bellingshausen,3.648075446,-0.40236358438643016,0.40236358438643016,0.540312197173086,FALSE,FALSE
1994-09-22,Amundsen_Bellingshausen,3.620549294,-0.42326160209741914,0.42326160209741914,0.540312197173086,FALSE,FALSE
1994-09-23,Amundsen_Bellingshausen,3.589469971,-0.44740473114387,0.44740473114387,0.540312197173086,FALSE,FALSE
1994-09-24,Amundsen_Bellingshausen,3.591967399,-0.4376523691530622,0.4376523691530622,0.540312197173086,FALSE,FALSE
1994-09-25,Amundsen_Bellingshausen,3.581756619,-0.44028256854509173,0.44028256854509173,0.540312197173086,FALSE,FALSE
1994-09-26,Amundsen_Bellingshausen,3.566273118,-0.44785298869054646,0.44785298869054646,0.540312197173086,FALSE,FALSE
1994-09-27,Amundsen_Bellingshausen,3.538874539,-0.4669991329600034,0.4669991329600034,0.540312197173086,FALSE,FALSE
1994-09-28,Amundsen_Bellingshausen,3.5590272,-0.4382478297240473,0.4382478297240473,0.540312197173086,FALSE,FALSE
1994-09-29,Amundsen_Bellingshausen,3.603858088,-0.3844652383532581,0.3844652383532581,0.540312197173086,FALSE,FALSE
1994-09-30,Amundsen_Bellingshausen,3.64375921,-0.33525249821822056,0.33525249821822056,0.540312197173086,FALSE,FALSE
1994-10-01,Amundsen_Bellingshausen,3.680210031,-0.28912329068951115,0.28912329068951115,0.540312197173086,FALSE,FALSE
1994-10-02,Amundsen_Bellingshausen,3.713758417,-0.24552289613771497,0.24552289613771497,0.540312197173086,FALSE,FALSE
1994-10-03,Amundsen_Bellingshausen,3.717699762,-0.23114906693341197,0.23114906693341197,0.540312197173086,FALSE,FALSE
1994-10-04,Amundsen_Bellingshausen,3.738746163,-0.19928285244718413,0.19928285244718413,0.540312197173086,FALSE,FALSE
1994-10-05,Amundsen_Bellingshausen,3.758704121,-0.16811091315784754,0.16811091315784754,0.540312197173086,FALSE,FALSE
1994-10-06,Amundsen_Bellingshausen,3.769565806,-0.14565251591069117,0.14565251591069117,0.540312197173086,FALSE,FALSE
1994-10-07,Amundsen_Bellingshausen,3.771955457,-0.13134861644240203,0.13134861644240203,0.540312197173086,FALSE,FALSE
1994-10-08,Amundsen_Bellingshausen,3.749806947,-0.14134037138987843,0.14134037138987843,0.540312197173086,FALSE,FALSE
1994-10-09,Amundsen_Bellingshausen,3.722354822,-0.15646826439002617,0.15646826439002617,0.540312197173086,FALSE,FALSE
1994-10-10,Amundsen_Bellingshausen,3.718080159,-0.14832624807975092,0.14832624807975092,0.540312197173086,FALSE,FALSE
1994-10-11,Amundsen_Bellingshausen,3.737919041,-0.11605326909595348,0.11605326909595348,0.540312197173086,FALSE,FALSE
1994-10-12,Amundsen_Bellingshausen,3.752654665,-0.08894116007553743,0.08894116007553743,0.540312197173086,FALSE,FALSE
1994-10-13,Amundsen_Bellingshausen,3.75361173,-0.07574025165540821,0.07574025165540821,0.540312197173086,FALSE,FALSE
1994-10-14,Amundsen_Bellingshausen,3.755228823,-0.06208698647246491,0.06208698647246491,0.540312197173086,FALSE,FALSE
1994-10-15,Amundsen_Bellingshausen,3.730068625,-0.07549371316361553,0.07549371316361553,0.540312197173086,FALSE,FALSE
1994-10-16,Amundsen_Bellingshausen,3.729442598,-0.06472399936576201,0.06472399936576201,0.540312197173086,FALSE,FALSE
1994-10-17,Amundsen_Bellingshausen,3.759523277,-0.02368033971580674,0.02368033971580674,0.540312197173086,FALSE,FALSE
1994-10-18,Amundsen_Bellingshausen,3.780666892,0.00792175858832244,0.00792175858832244,0.540312197173086,FALSE,FALSE
1994-10-19,Amundsen_Bellingshausen,3.780961908,0.01816895377700422,0.01816895377700422,0.540312197173086,FALSE,FALSE
1994-10-20,Amundsen_Bellingshausen,3.799526143,0.04624411163927045,0.04624411163927045,0.540312197173086,FALSE,FALSE
1994-10-21,Amundsen_Bellingshausen,3.806381716,0.06223707583898186,0.06223707583898186,0.540312197173086,FALSE,FALSE
1994-10-22,Amundsen_Bellingshausen,3.807440485,0.07212742903999692,0.07212742903999692,0.540312197173086,FALSE,FALSE
1994-10-23,Amundsen_Bellingshausen,3.806834482,0.0801149279061808,0.0801149279061808,0.540312197173086,FALSE,FALSE
1994-10-24,Amundsen_Bellingshausen,3.860210565,0.14191415510138894,0.14191415510138894,0.540312197173086,FALSE,FALSE
1994-10-25,Amundsen_Bellingshausen,3.905713722,0.19573782328948439,0.19573782328948439,0.540312197173086,FALSE,FALSE
1994-10-26,Amundsen_Bellingshausen,3.911707804,0.2100175081343267,0.2100175081343267,0.540312197173086,FALSE,FALSE
1994-10-27,Amundsen_Bellingshausen,3.954897803,0.26152592629977844,0.26152592629977844,0.540312197173086,FALSE,FALSE
1994-10-28,Amundsen_Bellingshausen,3.998517243,0.313564326449697,0.313564326449697,0.540312197173086,FALSE,FALSE
1994-10-29,Amundsen_Bellingshausen,4.030213792,0.3538481012479444,0.3538481012479444,0.540312197173086,FALSE,FALSE
1994-10-30,Amundsen_Bellingshausen,4.065521573,0.39797909835838263,0.39797909835838263,0.540312197173086,FALSE,FALSE
1994-10-31,Amundsen_Bellingshausen,4.11179779,0.4533712209838501,0.4533712209838501,0.540312197173086,FALSE,FALSE
1994-11-01,Amundsen_Bellingshausen,4.145052313,0.4960367686139669,0.4960367686139669,0.540312197173086,FALSE,FALSE
1994-11-02,Amundsen_Bellingshausen,4.157194072,0.5178704311913136,0.5178704311913136,0.540312197173086,FALSE,FALSE
1994-11-03,Amundsen_Bellingshausen,4.127092623,0.4977275201772504,0.4977275201772504,0.540312197173086,FALSE,FALSE
1994-11-04,Amundsen_Bellingshausen,4.094543912,0.4753897370331432,0.4753897370331432,0.540312197173086,FALSE,FALSE
1994-11-05,Amundsen_Bellingshausen,4.051094193,0.4423890912203565,0.4423890912203565,0.540312197173086,FALSE,FALSE
1994-11-06,Amundsen_Bellingshausen,3.958068693,0.36003656520025595,0.36003656520025595,0.540312197173086,FALSE,FALSE
1994-11-07,Amundsen_Bellingshausen,3.904508307,0.3173588094342028,0.3173588094342028,0.540312197173086,FALSE,FALSE
1994-11-08,Amundsen_Bellingshausen,3.846175212,0.270103756383564,0.270103756383564,0.540312197173086,FALSE,FALSE
1994-11-09,Amundsen_Bellingshausen,3.824397443,0.2595851965097067,0.2595851965097067,0.540312197173086,FALSE,FALSE
1994-11-10,Amundsen_Bellingshausen,3.787971213,0.2345850982739921,0.2345850982739921,0.540312197173086,FALSE,FALSE
1994-11-11,Amundsen_Bellingshausen,3.760692582,0.2188852771377845,0.2188852771377845,0.540312197173086,FALSE,FALSE
1994-11-12,Amundsen_Bellingshausen,3.70802484,0.17793475774148204,0.17793475774148204,0.540312197173086,FALSE,FALSE
1994-11-13,Amundsen_Bellingshausen,3.66689873,0.14864886593036353,0.14864886593036353,0.540312197173086,FALSE,FALSE
1994-11-14,Amundsen_Bellingshausen,3.632499648,0.12619584916130444,0.12619584916130444,0.540312197173086,FALSE,FALSE
1994-11-15,Amundsen_Bellingshausen,3.62318135,0.1289121720801698,0.1289121720801698,0.540312197173086,FALSE,FALSE
1994-11-16,Amundsen_Bellingshausen,3.60991253,0.1277492373328175,0.1277492373328175,0.540312197173086,FALSE,FALSE
1994-11-17,Amundsen_Bellingshausen,3.598574888,0.12857145356510946,0.12857145356510946,0.540312197173086,FALSE,FALSE
1994-11-18,Amundsen_Bellingshausen,3.560928904,0.10312200942290506,0.10312200942290506,0.540312197173086,FALSE,FALSE
1994-11-19,Amundsen_Bellingshausen,3.496412237,0.05082127255206714,0.05082127255206714,0.540312197173086,FALSE,FALSE
1994-11-20,Amundsen_Bellingshausen,3.484400959,0.0510280235984526,0.0510280235984526,0.540312197173086,FALSE,FALSE
1994-11-21,Amundsen_Bellingshausen,3.439120208,0.01795010920792483,0.01795010920792483,0.540312197173086,FALSE,FALSE
1994-11-22,Amundsen_Bellingshausen,3.4132853,0.004285554026346,0.004285554026346,0.540312197173086,FALSE,FALSE
1994-11-23,Amundsen_Bellingshausen,3.394568089,-0.00231107930042684,0.00231107930042684,0.540312197173086,FALSE,FALSE
1994-11-24,Amundsen_Bellingshausen,3.380209505,-0.00461615212653176,0.00461615212653176,0.540312197173086,FALSE,FALSE
1994-11-25,Amundsen_Bellingshausen,3.371783287,-0.00106847850198787,0.00106847850198787,0.540312197173086,FALSE,FALSE
1994-11-26,Amundsen_Bellingshausen,3.356937512,-0.00399245869445907,0.00399245869445907,0.540312197173086,FALSE,FALSE
1994-11-27,Amundsen_Bellingshausen,3.374861723,0.02584912417073637,0.02584912417073637,0.540312197173086,FALSE,FALSE
1994-11-28,Amundsen_Bellingshausen,3.386332692,0.04928086860148895,0.04928086860148895,0.540312197173086,FALSE,FALSE
1994-11-29,Amundsen_Bellingshausen,3.396599871,0.07160005310567641,0.07160005310567641,0.540312197173086,FALSE,FALSE
1994-11-30,Amundsen_Bellingshausen,3.39797109,0.08516233419118491,0.08516233419118491,0.540312197173086,FALSE,FALSE
1994-12-01,Amundsen_Bellingshausen,3.405660332,0.1052295213658967,0.1052295213658967,0.540312197173086,FALSE,FALSE
1994-12-02,Amundsen_Bellingshausen,3.414108953,0.12629079713769542,0.12629079713769542,0.540312197173086,FALSE,FALSE
1994-12-03,Amundsen_Bellingshausen,3.422165224,0.14724225901446397,0.14724225901446397,0.540312197173086,FALSE,FALSE
1994-12-04,Amundsen_Bellingshausen,3.42236987,0.16067245850408796,0.16067245850408796,0.540312197173086,FALSE,FALSE
1994-12-05,Amundsen_Bellingshausen,3.411020576,0.16292690711444857,0.16292690711444857,0.540312197173086,FALSE,FALSE
1994-12-06,Amundsen_Bellingshausen,3.38236271,0.1482987993534315,0.1482987993534315,0.540312197173086,FALSE,FALSE
1994-12-07,Amundsen_Bellingshausen,3.353386046,0.1338258064947344,0.1338258064947344,0.540312197173086,FALSE,FALSE
1994-12-08,Amundsen_Bellingshausen,3.32167432,0.11716152978576,0.11716152978576,0.540312197173086,FALSE,FALSE
1994-12-09,Amundsen_Bellingshausen,3.266056793,0.07725807416031216,0.07725807416031216,0.540312197173086,FALSE,FALSE
1994-12-10,Amundsen_Bellingshausen,3.257205912,0.08491855668528325,0.08491855668528325,0.540312197173086,FALSE,FALSE
1994-12-11,Amundsen_Bellingshausen,3.246165706,0.0913176764275705,0.0913176764275705,0.540312197173086,FALSE,FALSE
1994-12-12,Amundsen_Bellingshausen,3.231480346,0.09513027445406363,0.09513027445406363,0.540312197173086,FALSE,FALSE
1994-12-13,Amundsen_Bellingshausen,3.233793352,0.1171305408316634,0.1171305408316634,0.540312197173086,FALSE,FALSE
1994-12-14,Amundsen_Bellingshausen,3.227292453,0.1316368746272567,0.1316368746272567,0.540312197173086,FALSE,FALSE
1994-12-15,Amundsen_Bellingshausen,3.231501567,0.15830386390774276,0.15830386390774276,0.540312197173086,FALSE,FALSE
1994-12-16,Amundsen_Bellingshausen,3.223663421,0.1745049057400152,0.1745049057400152,0.540312197173086,FALSE,FALSE
1994-12-17,Amundsen_Bellingshausen,3.206687797,0.1832804521909672,0.1832804521909672,0.540312197173086,FALSE,FALSE
1994-12-18,Amundsen_Bellingshausen,3.194990665,0.19917714332749403,0.19917714332749403,0.540312197173086,FALSE,FALSE
1994-12-19,Amundsen_Bellingshausen,3.169836562,0.20359018621648903,0.20359018621648903,0.540312197173086,FALSE,FALSE
1994-12-20,Amundsen_Bellingshausen,3.133299521,0.19871433905840472,0.19871433905840472,0.540312197173086,FALSE,FALSE
1994-12-21,Amundsen_Bellingshausen,3.094644393,0.19377793054613157,0.19377793054613157,0.540312197173086,FALSE,FALSE
1994-12-22,Amundsen_Bellingshausen,3.071887966,0.2066357081101473,0.2066357081101473,0.540312197173086,FALSE,FALSE
1994-12-23,Amundsen_Bellingshausen,3.04562815,0.21772004337324535,0.21772004337324535,0.540312197173086,FALSE,FALSE
1994-12-24,Amundsen_Bellingshausen,3.015496553,0.22649700595820563,0.22649700595820563,0.540312197173086,FALSE,FALSE
1994-12-25,Amundsen_Bellingshausen,3.010746709,0.26205459148781785,0.26205459148781785,0.540312197173086,FALSE,FALSE
1994-12-26,Amundsen_Bellingshausen,2.993778069,0.2866267125848694,0.2866267125848694,0.540312197173086,FALSE,FALSE
1994-12-27,Amundsen_Bellingshausen,2.973336863,0.30879406087214933,0.30879406087214933,0.540312197173086,FALSE,FALSE
1994-12-28,Amundsen_Bellingshausen,2.969837465,0.34880547197243983,0.34880547197243983,0.540312197173086,FALSE,FALSE
1994-12-29,Amundsen_Bellingshausen,2.965379192,0.38859472450852905,0.38859472450852905,0.540312197173086,FALSE,FALSE
1994-12-30,Amundsen_Bellingshausen,2.945436895,0.4134711311032104,0.4134711311032104,0.540312197173086,FALSE,FALSE
1994-12-31,Amundsen_Bellingshausen,2.925336547,0.4385951263792638,0.4385951263792638,0.540312197173086,FALSE,FALSE
1995-01-01,Amundsen_Bellingshausen,2.912710128,0.4714331519594759,0.4714331519594759,0.540312197173086,FALSE,FALSE
1995-01-02,Amundsen_Bellingshausen,2.899552496,0.5038212854726711,0.5038212854726711,0.540312197173086,FALSE,FALSE
1995-01-03,Amundsen_Bellingshausen,2.879720213,0.5294843405718117,0.5294843405718117,0.540312197173086,FALSE,FALSE
1995-01-04,Amundsen_Bellingshausen,2.858275294,0.553359341915904,0.553359341915904,0.540312197173086,TRUE,TRUE
1995-01-05,Amundsen_Bellingshausen,2.832057194,0.5721607541639386,0.5721607541639386,0.540312197173086,TRUE,TRUE
1995-01-06,Amundsen_Bellingshausen,2.821579747,0.6062774209749207,0.6062774209749207,0.540312197173086,TRUE,TRUE
1995-01-07,Amundsen_Bellingshausen,2.792619288,0.6213606870078454,0.6213606870078454,0.540312197173086,TRUE,TRUE
1995-01-08,Amundsen_Bellingshausen,2.771527631,0.6436373759217138,0.6436373759217138,0.540312197173086,TRUE,TRUE
1995-01-09,Amundsen_Bellingshausen,2.741721988,0.6563997093755254,0.6563997093755254,0.540312197173086,TRUE,TRUE
1995-01-10,Amundsen_Bellingshausen,2.705470819,0.6617911570282806,0.6617911570282806,0.540312197173086,TRUE,TRUE
1995-01-11,Amundsen_Bellingshausen,2.691427605,0.6883402095389775,0.6883402095389775,0.540312197173086,TRUE,TRUE
1995-01-12,Amundsen_Bellingshausen,2.668154434,0.7044839645666154,0.7044839645666154,0.540312197173086,TRUE,TRUE
1995-01-13,Amundsen_Bellingshausen,2.653664467,0.7281105927701963,0.7281105927701963,0.540312197173086,TRUE,TRUE
1995-01-14,Amundsen_Bellingshausen,2.633409183,0.7445485386230983,0.7445485386230983,0.540312197173086,TRUE,TRUE
1995-01-15,Amundsen_Bellingshausen,2.586001025,0.7323573946809554,0.7323573946809554,0.540312197173086,TRUE,TRUE
1995-01-16,Amundsen_Bellingshausen,2.538803524,0.718935767127048,0.718935767127048,0.540312197173086,TRUE,TRUE
1995-01-17,Amundsen_Bellingshausen,2.50440288,0.7169104918599776,0.7169104918599776,0.540312197173086,TRUE,TRUE
1995-01-18,Amundsen_Bellingshausen,2.474360062,0.7178831737783427,0.7178831737783427,0.540312197173086,TRUE,TRUE
1995-01-19,Amundsen_Bellingshausen,2.427257614,0.7004769927807446,0.7004769927807446,0.540312197173086,TRUE,TRUE
1995-01-20,Amundsen_Bellingshausen,2.368353472,0.669990520765781,0.669990520765781,0.540312197173086,TRUE,TRUE
1995-01-21,Amundsen_Bellingshausen,2.333691274,0.6625080316320546,0.6625080316320546,0.540312197173086,TRUE,TRUE
1995-01-22,Amundsen_Bellingshausen,2.309221284,0.6640204252781639,0.6640204252781639,0.540312197173086,TRUE,TRUE
1995-01-23,Amundsen_Bellingshausen,2.282514763,0.6621395986027081,0.6621395986027081,0.540312197173086,TRUE,TRUE
1995-01-24,Amundsen_Bellingshausen,2.250236575,0.6535710515042894,0.6535710515042894,0.540312197173086,TRUE,TRUE
1995-01-25,Amundsen_Bellingshausen,2.1876195960000002,0.6135882958815051,0.6135882958815051,0.540312197173086,TRUE,TRUE
1995-01-26,Amundsen_Bellingshausen,2.151990256,0.5995583976329566,0.5995583976329566,0.540312197173086,TRUE,TRUE
1995-01-27,Amundsen_Bellingshausen,2.147371781,0.6155430145323553,0.6155430145323553,0.540312197173086,TRUE,TRUE
1995-01-28,Amundsen_Bellingshausen,2.124378231,0.6121797176205486,0.6121797176205486,0.540312197173086,TRUE,TRUE
1995-01-29,Amundsen_Bellingshausen,2.070132238,0.576608462954723,0.576608462954723,0.540312197173086,TRUE,TRUE
1995-01-30,Amundsen_Bellingshausen,2.007554316,0.5317670686618226,0.5317670686618226,0.540312197173086,FALSE,FALSE
1995-01-31,Amundsen_Bellingshausen,1.962602391,0.5036307648687961,0.5036307648687961,0.540312197173086,FALSE,FALSE
1995-02-01,Amundsen_Bellingshausen,1.914998286,0.47193867870258965,0.47193867870258965,0.540312197173086,FALSE,FALSE
1995-02-02,Amundsen_Bellingshausen,1.857354958,0.42932107129014896,0.42932107129014896,0.540312197173086,FALSE,FALSE
1995-02-03,Amundsen_Bellingshausen,1.831694089,0.4178169287584226,0.4178169287584226,0.540312197173086,FALSE,FALSE
1995-02-04,Amundsen_Bellingshausen,1.819291719,0.41871959523435787,0.41871959523435787,0.540312197173086,FALSE,FALSE
1995-02-05,Amundsen_Bellingshausen,1.809769105,0.4216676318448991,0.4216676318448991,0.540312197173086,FALSE,FALSE
1995-02-06,Amundsen_Bellingshausen,1.787914587,0.41146668271699505,0.41146668271699505,0.540312197173086,FALSE,FALSE
1995-02-07,Amundsen_Bellingshausen,1.775680669,0.4100865559775928,0.4100865559775928,0.540312197173086,FALSE,FALSE
1995-02-08,Amundsen_Bellingshausen,1.761039784,0.4055169031792037,0.4055169031792037,0.540312197173086,FALSE,FALSE
1995-02-09,Amundsen_Bellingshausen,1.746652898,0.4004246110532925,0.4004246110532925,0.540312197173086,FALSE,FALSE
1995-02-10,Amundsen_Bellingshausen,1.728039744,0.3903128646786791,0.3903128646786791,0.540312197173086,FALSE,FALSE
1995-02-11,Amundsen_Bellingshausen,1.714817417,0.3847795545844437,0.3847795545844437,0.540312197173086,FALSE,FALSE
1995-02-12,Amundsen_Bellingshausen,1.713460853,0.39028041229966415,0.39028041229966415,0.540312197173086,FALSE,FALSE
1995-02-13,Amundsen_Bellingshausen,1.688258943,0.371085124353419,0.371085124353419,0.540312197173086,FALSE,FALSE
1995-02-14,Amundsen_Bellingshausen,1.666859307,0.35482210627478894,0.35482210627478894,0.540312197173086,FALSE,FALSE
1995-02-15,Amundsen_Bellingshausen,1.657756397,0.3499666055928512,0.3499666055928512,0.540312197173086,FALSE,FALSE
1995-02-16,Amundsen_Bellingshausen,1.656482512,0.352031716836684,0.352031716836684,0.540312197173086,FALSE,FALSE
1995-02-17,Amundsen_Bellingshausen,1.651499476,0.34946005953536874,0.34946005953536874,0.540312197173086,FALSE,FALSE
1995-02-18,Amundsen_Bellingshausen,1.648242181,0.34766732121798305,0.34766732121798305,0.540312197173086,FALSE,FALSE
1995-02-19,Amundsen_Bellingshausen,1.67320543,0.3731291004136043,0.3731291004136043,0.540312197173086,FALSE,FALSE
1995-02-20,Amundsen_Bellingshausen,1.679147737,0.3785847066513137,0.3785847066513137,0.540312197173086,FALSE,FALSE
1995-02-21,Amundsen_Bellingshausen,1.711254689,0.4092038453964952,0.4092038453964952,0.540312197173086,FALSE,FALSE
1995-02-22,Amundsen_Bellingshausen,1.757284175,0.4527688101754217,0.4527688101754217,0.540312197173086,FALSE,FALSE
1995-02-23,Amundsen_Bellingshausen,1.77603134,0.4681259505600812,0.4681259505600812,0.540312197173086,FALSE,FALSE
1995-02-24,Amundsen_Bellingshausen,1.763163211,0.450993982586138,0.450993982586138,0.540312197173086,FALSE,FALSE
1995-02-25,Amundsen_Bellingshausen,1.740308487,0.42305329428925,0.42305329428925,0.540312197173086,FALSE,FALSE
1995-02-26,Amundsen_Bellingshausen,1.724339798,0.4012282047050786,0.4012282047050786,0.540312197173086,FALSE,FALSE
1995-02-27,Amundsen_Bellingshausen,1.721099825,0.3914130838692844,0.3914130838692844,0.540312197173086,FALSE,FALSE
1995-02-28,Amundsen_Bellingshausen,1.717558536,0.3806295888175293,0.3806295888175293,0.540312197173086,FALSE,FALSE
1995-03-01,Amundsen_Bellingshausen,1.690048695,0.3452621725854723,0.3452621725854723,0.540312197173086,FALSE,FALSE
1995-03-02,Amundsen_Bellingshausen,1.68496087,0.3317530922087748,0.3317530922087748,0.540312197173086,FALSE,FALSE
1995-03-03,Amundsen_Bellingshausen,1.670254882,0.30811385772309685,0.30811385772309685,0.540312197173086,FALSE,FALSE
1995-03-04,Amundsen_Bellingshausen,1.671476786,0.2999422131641001,0.2999422131641001,0.540312197173086,FALSE,FALSE
1995-03-05,Amundsen_Bellingshausen,1.689045689,0.3077089512403679,0.3077089512403679,0.540312197173086,FALSE,FALSE
1995-03-06,Amundsen_Bellingshausen,1.678274717,0.28676650735030074,0.28676650735030074,0.540312197173086,FALSE,FALSE
1995-03-07,Amundsen_Bellingshausen,1.651725269,0.24967529732750204,0.24967529732750204,0.540312197173086,FALSE,FALSE
1995-03-08,Amundsen_Bellingshausen,1.657923729,0.24495253614874968,0.24495253614874968,0.540312197173086,FALSE,FALSE
1995-03-09,Amundsen_Bellingshausen,1.69386933,0.26958828779081956,0.26958828779081956,0.540312197173086,FALSE,FALSE
1995-03-10,Amundsen_Bellingshausen,1.734880806,0.2988921172304888,0.2988921172304888,0.540312197173086,FALSE,FALSE
1995-03-11,Amundsen_Bellingshausen,1.738099774,0.28999647244453386,0.28999647244453386,0.540312197173086,FALSE,FALSE
1995-03-12,Amundsen_Bellingshausen,1.748887982,0.28825393240973174,0.28825393240973174,0.540312197173086,FALSE,FALSE
1995-03-13,Amundsen_Bellingshausen,1.758195404,0.2846053021028567,0.2846053021028567,0.540312197173086,FALSE,FALSE
1995-03-14,Amundsen_Bellingshausen,1.772368186,0.28538755850068886,0.28538755850068886,0.540312197173086,FALSE,FALSE
1995-03-15,Amundsen_Bellingshausen,1.786669771,0.2858549755800033,0.2858549755800033,0.540312197173086,FALSE,FALSE
1995-03-16,Amundsen_Bellingshausen,1.821652559,0.306550784317575,0.306550784317575,0.540312197173086,FALSE,FALSE
1995-03-17,Amundsen_Bellingshausen,1.851679397,0.3218286626901834,0.3218286626901834,0.540312197173086,FALSE,FALSE
1995-03-18,Amundsen_Bellingshausen,1.854824819,0.3097544664565619,0.3097544664565619,0.540312197173086,FALSE,FALSE
1995-03-19,Amundsen_Bellingshausen,1.832350865,0.2715938145833203,0.2715938145833203,0.540312197173086,FALSE,FALSE
1995-03-20,Amundsen_Bellingshausen,1.81599402,0.23909959217916965,0.23909959217916965,0.540312197173086,FALSE,FALSE
1995-03-21,Amundsen_Bellingshausen,1.82486235,0.23139686899316692,0.23139686899316692,0.540312197173086,FALSE,FALSE
1995-03-22,Amundsen_Bellingshausen,1.856108035,0.2456548287743676,0.2456548287743676,0.540312197173086,FALSE,FALSE
1995-03-23,Amundsen_Bellingshausen,1.895217769,0.2673771692718281,0.2673771692718281,0.540312197173086,FALSE,FALSE
1995-03-24,Amundsen_Bellingshausen,1.929245499,0.28363484123460747,0.28363484123460747,0.540312197173086,FALSE,FALSE
1995-03-25,Amundsen_Bellingshausen,1.961435679,0.2976893024117597,0.2976893024117597,0.540312197173086,FALSE,FALSE
1995-03-26,Amundsen_Bellingshausen,1.963607884,0.2813771315523421,0.2813771315523421,0.540312197173086,FALSE,FALSE
1995-03-27,Amundsen_Bellingshausen,1.98482746,0.2837806784054129,0.2837806784054129,0.540312197173086,FALSE,FALSE
1995-03-28,Amundsen_Bellingshausen,2.03251086,0.3123333997200268,0.3123333997200268,0.540312197173086,FALSE,FALSE
1995-03-29,Amundsen_Bellingshausen,2.049194961,0.30958917624524074,0.30958917624524074,0.540312197173086,FALSE,FALSE
1995-03-30,Amundsen_Bellingshausen,2.033464435,0.27414968373011184,0.27414968373011184,0.540312197173086,FALSE,FALSE
1995-03-31,Amundsen_Bellingshausen,2.05923349,0.2799431742966523,0.2799431742966523,0.540312197173086,FALSE,FALSE
1995-04-01,Amundsen_Bellingshausen,2.118704883,0.3191702716471092,0.3191702716471092,0.540312197173086,FALSE,FALSE
1995-04-02,Amundsen_Bellingshausen,2.196756027,0.3767007558581499,0.3767007558581499,0.540312197173086,FALSE,FALSE
1995-04-03,Amundsen_Bellingshausen,2.239031514,0.3981715814598983,0.3981715814598983,0.540312197173086,FALSE,FALSE
1995-04-04,Amundsen_Bellingshausen,2.257211784,0.395255550982482,0.395255550982482,0.540312197173086,FALSE,FALSE
1995-04-05,Amundsen_Bellingshausen,2.269183278,0.38583146795602685,0.38583146795602685,0.540312197173086,FALSE,FALSE
1995-04-06,Amundsen_Bellingshausen,2.298619927,0.3935656259106646,0.3935656259106646,0.540312197173086,FALSE,FALSE
1995-04-07,Amundsen_Bellingshausen,2.300690849,0.3736195053765179,0.3736195053765179,0.540312197173086,FALSE,FALSE
1995-04-08,Amundsen_Bellingshausen,2.334077728,0.3846671528837176,0.3846671528837176,0.540312197173086,FALSE,FALSE
1995-04-09,Amundsen_Bellingshausen,2.35903717,0.38695753696238855,0.38695753696238855,0.540312197173086,FALSE,FALSE
1995-04-10,Amundsen_Bellingshausen,2.371033716,0.3759475611426575,0.3759475611426575,0.540312197173086,FALSE,FALSE
1995-04-11,Amundsen_Bellingshausen,2.401482383,0.383044604954653,0.383044604954653,0.540312197173086,FALSE,FALSE
1995-04-12,Amundsen_Bellingshausen,2.423778716,0.38163662503527007,0.38163662503527007,0.540312197173086,FALSE,FALSE
1995-04-13,Amundsen_Bellingshausen,2.441302029,0.37509884687209727,0.37509884687209727,0.540312197173086,FALSE,FALSE
1995-04-14,Amundsen_Bellingshausen,2.453986776,0.36336740542521184,0.36336740542521184,0.540312197173086,FALSE,FALSE
1995-04-15,Amundsen_Bellingshausen,2.488282952,0.3728945155492527,0.3728945155492527,0.540312197173086,FALSE,FALSE
1995-04-16,Amundsen_Bellingshausen,2.460482893,0.3199747330988467,0.3199747330988467,0.540312197173086,FALSE,FALSE
1995-04-17,Amundsen_Bellingshausen,2.419360283,0.2533839619286322,0.2533839619286322,0.540312197173086,FALSE,FALSE
1995-04-18,Amundsen_Bellingshausen,2.438401205,0.2466105048932432,0.2466105048932432,0.540312197173086,FALSE,FALSE
1995-04-19,Amundsen_Bellingshausen,2.468597049,0.25064797184731136,0.25064797184731136,0.540312197173086,FALSE,FALSE
1995-04-20,Amundsen_Bellingshausen,2.472598103,0.2281488706454713,0.2281488706454713,0.540312197173086,FALSE,FALSE
1995-04-21,Amundsen_Bellingshausen,2.471543749,0.20025480314235544,0.20025480314235544,0.540312197173086,FALSE,FALSE
1995-04-22,Amundsen_Bellingshausen,2.527447523,0.22898152519260065,0.22898152519260065,0.540312197173086,FALSE,FALSE
1995-04-23,Amundsen_Bellingshausen,2.535994344,0.2100161756508392,0.2100161756508392,0.540312197173086,FALSE,FALSE
1995-04-24,Amundsen_Bellingshausen,2.537398813,0.18357557537170344,0.18357557537170344,0.540312197173086,FALSE,FALSE
1995-04-25,Amundsen_Bellingshausen,2.554135886,0.1721412413777661,0.1721412413777661,0.540312197173086,FALSE,FALSE
1995-04-26,Amundsen_Bellingshausen,2.579128087,0.1686834887711801,0.1686834887711801,0.540312197173086,FALSE,FALSE
1995-04-27,Amundsen_Bellingshausen,2.644971933,0.20586940963720535,0.20586940963720535,0.540312197173086,FALSE,FALSE
1995-04-28,Amundsen_Bellingshausen,2.678292877,0.2103952720652087,0.2103952720652087,0.540312197173086,FALSE,FALSE
1995-04-29,Amundsen_Bellingshausen,2.766280723,0.2695216951445514,0.2695216951445514,0.540312197173086,FALSE,FALSE
1995-04-30,Amundsen_Bellingshausen,2.825015932,0.29939995496459426,0.29939995496459426,0.540312197173086,FALSE,FALSE
1995-05-01,Amundsen_Bellingshausen,2.845260648,0.29086301061470055,0.29086301061470055,0.540312197173086,FALSE,FALSE
1995-05-02,Amundsen_Bellingshausen,2.874465907,0.2914327131842329,0.2914327131842329,0.540312197173086,FALSE,FALSE
1995-05-03,Amundsen_Bellingshausen,2.89341013,0.2819582987625555,0.2819582987625555,0.540312197173086,FALSE,FALSE
1995-05-04,Amundsen_Bellingshausen,2.894656272,0.25507353743903316,0.25507353743903316,0.540312197173086,FALSE,FALSE
1995-05-05,Amundsen_Bellingshausen,2.879352477,0.21199738830302328,0.21199738830302328,0.540312197173086,FALSE,FALSE
1995-05-06,Amundsen_Bellingshausen,2.890059352,0.19536127344389387,0.19536127344389387,0.540312197173086,FALSE,FALSE
1995-05-07,Amundsen_Bellingshausen,2.919506972,0.19796604396787695,0.19796604396787695,0.540312197173086,FALSE,FALSE
1995-05-08,Amundsen_Bellingshausen,2.960888018,0.2130534232791006,0.2130534232791006,0.540312197173086,FALSE,FALSE
1995-05-09,Amundsen_Bellingshausen,2.995035825,0.22144794513136068,0.22144794513136068,0.540312197173086,FALSE,FALSE
1995-05-10,Amundsen_Bellingshausen,3.023914154,0.2250950519135997,0.2250950519135997,0.540312197173086,FALSE,FALSE
1995-05-11,Amundsen_Bellingshausen,3.039643206,0.21609662601475677,0.21609662601475677,0.540312197173086,FALSE,FALSE
1995-05-12,Amundsen_Bellingshausen,3.060010723,0.21222209082377352,0.21222209082377352,0.540312197173086,FALSE,FALSE
1995-05-13,Amundsen_Bellingshausen,3.062061771,0.1904981937295922,0.1904981937295922,0.540312197173086,FALSE,FALSE
1995-05-14,Amundsen_Bellingshausen,3.066953075,0.1720633411211483,0.1720633411211483,0.540312197173086,FALSE,FALSE
1995-05-15,Amundsen_Bellingshausen,3.092454412,0.174668991387386,0.174668991387386,0.540312197173086,FALSE,FALSE
1995-05-16,Amundsen_Bellingshausen,3.111559793,0.17129083691724611,0.17129083691724611,0.540312197173086,FALSE,FALSE
1995-05-17,Amundsen_Bellingshausen,3.105018194,0.1426595350996669,0.1426595350996669,0.540312197173086,FALSE,FALSE
1995-05-18,Amundsen_Bellingshausen,3.101508573,0.11743572532359048,0.11743572532359048,0.540312197173086,FALSE,FALSE
1995-05-19,Amundsen_Bellingshausen,3.05390923,0.04847938897795689,0.04847938897795689,0.540312197173086,FALSE,FALSE
1995-05-20,Amundsen_Bellingshausen,2.995597366,-0.03085052993895498,0.03085052993895498,0.540312197173086,FALSE,FALSE
1995-05-21,Amundsen_Bellingshausen,2.984278284,-0.06286586122392013,0.06286586122392013,0.540312197173086,FALSE,FALSE
1995-05-22,Amundsen_Bellingshausen,3.012994122,-0.05454061747407435,0.05454061747407435,0.540312197173086,FALSE,FALSE
1995-05-23,Amundsen_Bellingshausen,3.067366598,-0.02026919824072681,0.02026919824072681,0.540312197173086,FALSE,FALSE
1995-05-24,Amundsen_Bellingshausen,3.125824456,0.018361022924819,0.018361022924819,0.540312197173086,FALSE,FALSE
1995-05-25,Amundsen_Bellingshausen,3.160646807,0.03361303947125327,0.03361303947125327,0.540312197173086,FALSE,FALSE
1995-05-26,Amundsen_Bellingshausen,3.22869799,0.08233507284726915,0.08233507284726915,0.540312197173086,FALSE,FALSE
1995-05-27,Amundsen_Bellingshausen,3.257292776,0.0918257765015591,0.0918257765015591,0.540312197173086,FALSE,FALSE
1995-05-28,Amundsen_Bellingshausen,3.273681762,0.08931962988281716,0.08931962988281716,0.540312197173086,FALSE,FALSE
1995-05-29,Amundsen_Bellingshausen,3.314081536,0.1110171034397367,0.1110171034397367,0.540312197173086,FALSE,FALSE
1995-05-30,Amundsen_Bellingshausen,3.34663321,0.1250431916210073,0.1250431916210073,0.540312197173086,FALSE,FALSE
1995-05-31,Amundsen_Bellingshausen,3.37909036,0.13913535287532408,0.13913535287532408,0.540312197173086,FALSE,FALSE
1995-06-01,Amundsen_Bellingshausen,3.407257076,0.14908155965137837,0.14908155965137837,0.540312197173086,FALSE,FALSE
1995-06-02,Amundsen_Bellingshausen,3.409044129,0.13278463366725912,0.13278463366725912,0.540312197173086,FALSE,FALSE
1995-06-03,Amundsen_Bellingshausen,3.385937275,0.09175861828988063,0.09175861828988063,0.540312197173086,FALSE,FALSE
1995-06-04,Amundsen_Bellingshausen,3.353684309,0.04178964101191296,0.04178964101191296,0.540312197173086,FALSE,FALSE
1995-06-05,Amundsen_Bellingshausen,3.344530708,0.01516151169812607,0.01516151169812607,0.540312197173086,FALSE,FALSE
1995-06-06,Amundsen_Bellingshausen,3.339979557,-0.00658435178671545,0.00658435178671545,0.540312197173086,FALSE,FALSE
1995-06-07,Amundsen_Bellingshausen,3.33656204,-0.02687843257784283,0.02687843257784283,0.540312197173086,FALSE,FALSE
1995-06-08,Amundsen_Bellingshausen,3.325225794,-0.05473476081048734,0.05473476081048734,0.540312197173086,FALSE,FALSE
1995-06-09,Amundsen_Bellingshausen,3.341909659,-0.05417616361988342,0.05417616361988342,0.540312197173086,FALSE,FALSE
1995-06-10,Amundsen_Bellingshausen,3.352092625,-0.05968531814126088,0.05968531814126088,0.540312197173086,FALSE,FALSE
1995-06-11,Amundsen_Bellingshausen,3.333773802,-0.09322478150985614,0.09322478150985614,0.540312197173086,FALSE,FALSE
1995-06-12,Amundsen_Bellingshausen,3.341820939,-0.09988847186090057,0.09988847186090057,0.540312197173086,FALSE,FALSE
1995-06-13,Amundsen_Bellingshausen,3.347998039,-0.10787405332962408,0.10787405332962408,0.540312197173086,FALSE,FALSE
1995-06-14,Amundsen_Bellingshausen,3.474019609,0.00457029022324029,0.00457029022324029,0.540312197173086,FALSE,FALSE
1995-06-15,Amundsen_Bellingshausen,3.501961203,0.01951229187140235,0.01951229187140235,0.540312197173086,FALSE,FALSE
1995-06-16,Amundsen_Bellingshausen,3.55328371,0.05834310775477158,0.05834310775477158,0.540312197173086,FALSE,FALSE
1995-06-17,Amundsen_Bellingshausen,3.579267128,0.07226851738808593,0.07226851738808593,0.540312197173086,FALSE,FALSE
1995-06-18,Amundsen_Bellingshausen,3.595164128,0.07646697328608498,0.07646697328608498,0.540312197173086,FALSE,FALSE
1995-06-19,Amundsen_Bellingshausen,3.616399608,0.08628915496351164,0.08628915496351164,0.540312197173086,FALSE,FALSE
1995-06-20,Amundsen_Bellingshausen,3.634341549,0.09302882493510456,0.09302882493510456,0.540312197173086,FALSE,FALSE
1995-06-21,Amundsen_Bellingshausen,3.618888746,0.06651055971560638,0.06651055971560638,0.540312197173086,FALSE,FALSE
1995-06-22,Amundsen_Bellingshausen,3.624039581,0.06065852281975559,0.06065852281975559,0.540312197173086,FALSE,FALSE
1995-06-23,Amundsen_Bellingshausen,3.631694432,0.05729887376229525,0.05729887376229525,0.540312197173086,FALSE,FALSE
1995-06-24,Amundsen_Bellingshausen,3.651791762,0.06629585705796259,0.06629585705796259,0.540312197173086,FALSE,FALSE
1995-06-25,Amundsen_Bellingshausen,3.656282832,0.05952651522150098,0.05952651522150098,0.540312197173086,FALSE,FALSE
1995-06-26,Amundsen_Bellingshausen,3.668875504,0.06062449176764861,0.06062449176764861,0.540312197173086,FALSE,FALSE
1995-06-27,Amundsen_Bellingshausen,3.65463952,0.03459442064939422,0.03459442064939422,0.540312197173086,FALSE,FALSE
1995-06-28,Amundsen_Bellingshausen,3.688660678,0.05652583489463891,0.05652583489463891,0.540312197173086,FALSE,FALSE
1995-06-29,Amundsen_Bellingshausen,3.712459604,0.06797455263831065,0.06797455263831065,0.540312197173086,FALSE,FALSE
1995-06-30,Amundsen_Bellingshausen,3.790022634,0.1329622637523853,0.1329622637523853,0.540312197173086,FALSE,FALSE
1995-07-01,Amundsen_Bellingshausen,3.867483472,0.19765802610884095,0.19765802610884095,0.540312197173086,FALSE,FALSE
1995-07-02,Amundsen_Bellingshausen,3.940672555,0.25792763057965207,0.25792763057965207,0.540312197173086,FALSE,FALSE
1995-07-03,Amundsen_Bellingshausen,3.992692183,0.2969087310367957,0.2969087310367957,0.540312197173086,FALSE,FALSE
1995-07-04,Amundsen_Bellingshausen,3.991764616,0.2828589413522504,0.2828589413522504,0.540312197173086,FALSE,FALSE
1995-07-05,Amundsen_Bellingshausen,3.98992972,0.26785348139798737,0.26785348139798737,0.540312197173086,FALSE,FALSE
1995-07-06,Amundsen_Bellingshausen,3.984944061,0.24968427104598723,0.24968427104598723,0.540312197173086,FALSE,FALSE
1995-07-07,Amundsen_Bellingshausen,3.937212388,0.18879141316822645,0.18879141316822645,0.540312197173086,FALSE,FALSE
1995-07-08,Amundsen_Bellingshausen,3.915205462,0.15368102263667982,0.15368102263667982,0.540312197173086,FALSE,FALSE
1995-07-09,Amundsen_Bellingshausen,3.913112772,0.13857790600991082,0.13857790600991082,0.540312197173086,FALSE,FALSE
1995-07-10,Amundsen_Bellingshausen,3.91430002,0.12687602005548326,0.12687602005548326,0.540312197173086,FALSE,FALSE
1995-07-11,Amundsen_Bellingshausen,3.956419068,0.15624002480334065,0.15624002480334065,0.540312197173086,FALSE,FALSE
1995-07-12,Amundsen_Bellingshausen,4.001336399,0.1885471557958618,0.1885471557958618,0.540312197173086,FALSE,FALSE
1995-07-13,Amundsen_Bellingshausen,4.059766877,0.2345230295754237,0.2345230295754237,0.540312197173086,FALSE,FALSE
1995-07-14,Amundsen_Bellingshausen,4.108704454,0.2711723506844077,0.2711723506844077,0.540312197173086,FALSE,FALSE
1995-07-15,Amundsen_Bellingshausen,4.119017417,0.26937415866519476,0.26937415866519476,0.540312197173086,FALSE,FALSE
1995-07-16,Amundsen_Bellingshausen,4.084828173,0.22326161306015813,0.22326161306015813,0.540312197173086,FALSE,FALSE
1995-07-17,Amundsen_Bellingshausen,4.069998393,0.19670713741167933,0.19670713741167933,0.540312197173086,FALSE,FALSE
1995-07-18,Amundsen_Bellingshausen,4.091617401,0.20681080826214204,0.20681080826214204,0.540312197173086,FALSE,FALSE
1995-07-19,Amundsen_Bellingshausen,4.060104033,0.16400221415391814,0.16400221415391814,0.540312197173086,FALSE,FALSE
1995-07-20,Amundsen_Bellingshausen,4.056211283,0.1490451016293863,0.1490451016293863,0.540312197173086,FALSE,FALSE
1995-07-21,Amundsen_Bellingshausen,4.097056585,0.17906765723093088,0.17906765723093088,0.540312197173086,FALSE,FALSE
1995-07-22,Amundsen_Bellingshausen,4.160956576,0.23239755045500488,0.23239755045500488,0.540312197173086,FALSE,FALSE
1995-07-23,Amundsen_Bellingshausen,4.181140134,0.2422785558075531,0.2422785558075531,0.540312197173086,FALSE,FALSE
1995-07-24,Amundsen_Bellingshausen,4.17113076,0.2222518874243895,0.2222518874243895,0.540312197173086,FALSE,FALSE
1995-07-25,Amundsen_Bellingshausen,4.160673883,0.20208075133345105,0.20208075133345105,0.540312197173086,FALSE,FALSE
1995-07-26,Amundsen_Bellingshausen,4.17295906,0.2049724815626743,0.2049724815626743,0.540312197173086,FALSE,FALSE
1995-07-27,Amundsen_Bellingshausen,4.189133811,0.2120923751400019,0.2120923751400019,0.540312197173086,FALSE,FALSE
1995-07-28,Amundsen_Bellingshausen,4.272657077,0.2869171500933634,0.2869171500933634,0.540312197173086,FALSE,FALSE
1995-07-29,Amundsen_Bellingshausen,4.294260285,0.3001960104507031,0.3001960104507031,0.540312197173086,FALSE,FALSE
1995-07-30,Amundsen_Bellingshausen,4.333212315,0.33121561323995063,0.33121561323995063,0.540312197173086,FALSE,FALSE
1995-07-31,Amundsen_Bellingshausen,4.351409231,0.34188979948905107,0.34188979948905107,0.540312197173086,FALSE,FALSE
1995-08-01,Amundsen_Bellingshausen,4.357905993,0.3412913062259415,0.3412913062259415,0.540312197173086,FALSE,FALSE
1995-08-02,Amundsen_Bellingshausen,4.358863214,0.3355985234785539,0.3355985234785539,0.540312197173086,FALSE,FALSE
1995-08-03,Amundsen_Bellingshausen,4.379904625,0.3504529587473382,0.3504529587473382,0.540312197173086,FALSE,FALSE
1995-08-04,Amundsen_Bellingshausen,4.352578434,0.31740635639936254,0.31740635639936254,0.540312197173086,FALSE,FALSE
1995-08-05,Amundsen_Bellingshausen,4.381436066,0.3409623081399067,0.3409623081399067,0.540312197173086,FALSE,FALSE
1995-08-06,Amundsen_Bellingshausen,4.431648773,0.3862326532029341,0.3862326532029341,0.540312197173086,FALSE,FALSE
1995-08-07,Amundsen_Bellingshausen,4.460439506,0.4103809298223977,0.4103809298223977,0.540312197173086,FALSE,FALSE
1995-08-08,Amundsen_Bellingshausen,4.467830486,0.41336994623226,0.41336994623226,0.540312197173086,FALSE,FALSE
1995-08-09,Amundsen_Bellingshausen,4.500814632,0.44213320866647177,0.44213320866647177,0.540312197173086,FALSE,FALSE
1995-08-10,Amundsen_Bellingshausen,4.543836197,0.4810555573589923,0.4810555573589923,0.540312197173086,FALSE,FALSE
1995-08-11,Amundsen_Bellingshausen,4.618480044,0.5516624425437842,0.5516624425437842,0.540312197173086,TRUE,TRUE
1995-08-12,Amundsen_Bellingshausen,4.704106938,0.6332552164547982,0.6332552164547982,0.540312197173086,TRUE,TRUE
1995-08-13,Amundsen_Bellingshausen,4.735618369,0.6606759563259965,0.6606759563259965,0.540312197173086,TRUE,TRUE
1995-08-14,Amundsen_Bellingshausen,4.773149635,0.6940005473913322,0.6940005473913322,0.540312197173086,TRUE,TRUE
1995-08-15,Amundsen_Bellingshausen,4.807088898,0.7235577388847645,0.7235577388847645,0.540312197173086,TRUE,TRUE
1995-08-16,Amundsen_Bellingshausen,4.776463242,0.6883173636797411,0.6883173636797411,0.540312197173086,TRUE,TRUE
1995-08-17,Amundsen_Bellingshausen,4.726017176,0.6330309286522819,0.6330309286522819,0.540312197173086,TRUE,TRUE
1995-08-18,Amundsen_Bellingshausen,4.692539269,0.5945675387289571,0.5945675387289571,0.540312197173086,TRUE,TRUE
1995-08-19,Amundsen_Bellingshausen,4.645809047,0.5427912859116084,0.5427912859116084,0.540312197173086,TRUE,TRUE
1995-08-20,Amundsen_Bellingshausen,4.574175188,0.4661354142020713,0.4661354142020713,0.540312197173086,FALSE,FALSE
1995-08-21,Amundsen_Bellingshausen,4.541822269,0.4288690666021768,0.4288690666021768,0.540312197173086,FALSE,FALSE
1995-08-22,Amundsen_Bellingshausen,4.562737601,0.4450641201137673,0.4450641201137673,0.540312197173086,FALSE,FALSE
1995-08-23,Amundsen_Bellingshausen,4.60635083,0.4842347867386749,0.4842347867386749,0.540312197173086,FALSE,FALSE
1995-08-24,Amundsen_Bellingshausen,4.658687363,0.5324910394787379,0.5324910394787379,0.540312197173086,FALSE,FALSE
1995-08-25,Amundsen_Bellingshausen,4.686962131,0.5571323753357937,0.5571323753357937,0.540312197173086,TRUE,TRUE
1995-08-26,Amundsen_Bellingshausen,4.695805337,0.5628735633116708,0.5628735633116708,0.540312197173086,TRUE,TRUE
1995-08-27,Amundsen_Bellingshausen,4.712536331,0.5771185194082165,0.5771185194082165,0.540312197173086,TRUE,TRUE
1995-08-28,Amundsen_Bellingshausen,4.722314405,0.5851111016272563,0.5851111016272563,0.540312197173086,TRUE,TRUE
1995-08-29,Amundsen_Bellingshausen,4.711199798,0.5729811234936202,0.5729811234936202,0.540312197173086,TRUE,TRUE
1995-08-30,Amundsen_Bellingshausen,4.657216198,0.5187307338922427,0.5187307338922427,0.540312197173086,FALSE,FALSE
1995-08-31,Amundsen_Bellingshausen,4.582756143,0.4446966974110147,0.4446966974110147,0.540312197173086,FALSE,FALSE
1995-09-01,Amundsen_Bellingshausen,4.539428532,0.4024320782327404,0.4024320782327404,0.540312197173086,FALSE,FALSE
1995-09-02,Amundsen_Bellingshausen,4.484630997,0.34927867354021824,0.34927867354021824,0.540312197173086,FALSE,FALSE
1995-09-03,Amundsen_Bellingshausen,4.445733191,0.3125503015162554,0.3125503015162554,0.540312197173086,FALSE,FALSE
1995-09-04,Amundsen_Bellingshausen,4.412648446,0.2821044593436497,0.2821044593436497,0.540312197173086,FALSE,FALSE
1995-09-05,Amundsen_Bellingshausen,4.429639461,0.3021480112052046,0.3021480112052046,0.540312197173086,FALSE,FALSE
1995-09-06,Amundsen_Bellingshausen,4.513304036,0.38922292228372335,0.38922292228372335,0.540312197173086,FALSE,FALSE
1995-09-07,Amundsen_Bellingshausen,4.544955846,0.4245870327620071,0.4245870327620071,0.540312197173086,FALSE,FALSE
1995-09-08,Amundsen_Bellingshausen,4.56065493,0.44424454682285575,0.44424454682285575,0.540312197173086,FALSE,FALSE
1995-09-09,Amundsen_Bellingshausen,4.604844502,0.492582843649072,0.492582843649072,0.540312197173086,FALSE,FALSE
1995-09-10,Amundsen_Bellingshausen,4.652247066,0.5442688489494403,0.5442688489494403,0.540312197173086,TRUE,TRUE
1995-09-11,Amundsen_Bellingshausen,4.683047159,0.579455873864597,0.579455873864597,0.540312197173086,TRUE,TRUE
1995-09-12,Amundsen_Bellingshausen,4.705694258,0.6066062378922901,0.6066062378922901,0.540312197173086,TRUE,TRUE
1995-09-13,Amundsen_Bellingshausen,4.726046514,0.6315955745440842,0.6315955745440842,0.540312197173086,TRUE,TRUE
1995-09-14,Amundsen_Bellingshausen,4.753922246,0.6642596853315466,0.6642596853315466,0.540312197173086,TRUE,TRUE
1995-09-15,Amundsen_Bellingshausen,4.7531914,0.6684859987662293,0.6684859987662293,0.540312197173086,TRUE,TRUE
1995-09-16,Amundsen_Bellingshausen,4.712914804,0.6333528253597027,0.6333528253597027,0.540312197173086,TRUE,TRUE
1995-09-17,Amundsen_Bellingshausen,4.664624521,0.5904097106235255,0.5904097106235255,0.540312197173086,TRUE,TRUE
1995-09-18,Amundsen_Bellingshausen,4.61953884,0.5508924260692583,0.5508924260692583,0.540312197173086,TRUE,TRUE
1995-09-19,Amundsen_Bellingshausen,4.604563427,0.5417241202084702,0.5417241202084702,0.540312197173086,TRUE,TRUE
1995-09-20,Amundsen_Bellingshausen,4.635894973,0.5791189665527208,0.5791189665527208,0.540312197173086,TRUE,TRUE
1995-09-21,Amundsen_Bellingshausen,4.677123132,0.62668410161357,0.62668410161357,0.540312197173086,TRUE,TRUE
1995-09-22,Amundsen_Bellingshausen,4.705228126,0.6614172299025807,0.6614172299025807,0.540312197173086,TRUE,TRUE
1995-09-23,Amundsen_Bellingshausen,4.679764659,0.6428899568561297,0.6428899568561297,0.540312197173086,TRUE,TRUE
1995-09-24,Amundsen_Bellingshausen,4.632424394,0.6028046258469377,0.6028046258469377,0.540312197173086,TRUE,TRUE
1995-09-25,Amundsen_Bellingshausen,4.563864429,0.5418252414549078,0.5418252414549078,0.540312197173086,TRUE,TRUE
1995-09-26,Amundsen_Bellingshausen,4.49748114,0.4833550333094534,0.4833550333094534,0.540312197173086,FALSE,FALSE
1995-09-27,Amundsen_Bellingshausen,4.45039545,0.4445217780399968,0.4445217780399968,0.540312197173086,FALSE,FALSE
1995-09-28,Amundsen_Bellingshausen,4.417311145,0.42003611527595286,0.42003611527595286,0.540312197173086,FALSE,FALSE
1995-09-29,Amundsen_Bellingshausen,4.400497892,0.4121745656467417,0.4121745656467417,0.540312197173086,FALSE,FALSE
1995-09-30,Amundsen_Bellingshausen,4.387981078,0.4089693697817798,0.4089693697817798,0.540312197173086,FALSE,FALSE
1995-10-01,Amundsen_Bellingshausen,4.365354585,0.39602126331048915,0.39602126331048915,0.540312197173086,FALSE,FALSE
1995-10-02,Amundsen_Bellingshausen,4.32838725,0.3691059368622844,0.3691059368622844,0.540312197173086,FALSE,FALSE
1995-10-03,Amundsen_Bellingshausen,4.288946649,0.3400978200665876,0.3400978200665876,0.540312197173086,FALSE,FALSE
1995-10-04,Amundsen_Bellingshausen,4.242024517,0.30399550155281574,0.30399550155281574,0.540312197173086,FALSE,FALSE
1995-10-05,Amundsen_Bellingshausen,4.180735969,0.25392093484215206,0.25392093484215206,0.540312197173086,FALSE,FALSE
1995-10-06,Amundsen_Bellingshausen,4.150247023,0.23502870108930907,0.23502870108930907,0.540312197173086,FALSE,FALSE
1995-10-07,Amundsen_Bellingshausen,4.135773474,0.2324694005575978,0.2324694005575978,0.540312197173086,FALSE,FALSE
1995-10-08,Amundsen_Bellingshausen,4.145737299,0.2545899806101217,0.2545899806101217,0.540312197173086,FALSE,FALSE
1995-10-09,Amundsen_Bellingshausen,4.140368951,0.2615458646099742,0.2615458646099742,0.540312197173086,FALSE,FALSE
1995-10-10,Amundsen_Bellingshausen,4.06781697,0.20141056292024917,0.20141056292024917,0.540312197173086,FALSE,FALSE
1995-10-11,Amundsen_Bellingshausen,4.04814575,0.19417343990404623,0.19417343990404623,0.540312197173086,FALSE,FALSE
1995-10-12,Amundsen_Bellingshausen,3.977489806,0.13589398092446237,0.13589398092446237,0.540312197173086,FALSE,FALSE
1995-10-13,Amundsen_Bellingshausen,3.931480741,0.10212875934459208,0.10212875934459208,0.540312197173086,FALSE,FALSE
1995-10-14,Amundsen_Bellingshausen,3.882785821,0.06547001152753529,0.06547001152753529,0.540312197173086,FALSE,FALSE
1995-10-15,Amundsen_Bellingshausen,3.848719663,0.04315732483638435,0.04315732483638435,0.540312197173086,FALSE,FALSE
1995-10-16,Amundsen_Bellingshausen,3.802712009,0.00854541163423805,0.00854541163423805,0.540312197173086,FALSE,FALSE
1995-10-17,Amundsen_Bellingshausen,3.788794144,0.0055905272841934,0.0055905272841934,0.540312197173086,FALSE,FALSE
1995-10-18,Amundsen_Bellingshausen,3.757960434,-0.01478469941167759,0.01478469941167759,0.540312197173086,FALSE,FALSE
1995-10-19,Amundsen_Bellingshausen,3.73973022,-0.02306273422299565,0.02306273422299565,0.540312197173086,FALSE,FALSE
1995-10-20,Amundsen_Bellingshausen,3.712945815,-0.0403362163607297,0.0403362163607297,0.540312197173086,FALSE,FALSE
1995-10-21,Amundsen_Bellingshausen,3.702512273,-0.04163236716101837,0.04163236716101837,0.540312197173086,FALSE,FALSE
1995-10-22,Amundsen_Bellingshausen,3.712829404,-0.02248365196000312,0.02248365196000312,0.540312197173086,FALSE,FALSE
1995-10-23,Amundsen_Bellingshausen,3.704644389,-0.02207516509381957,0.02207516509381957,0.540312197173086,FALSE,FALSE
1995-10-24,Amundsen_Bellingshausen,3.679808417,-0.03848799289861127,0.03848799289861127,0.540312197173086,FALSE,FALSE
1995-10-25,Amundsen_Bellingshausen,3.671824718,-0.03815118071051593,0.03815118071051593,0.540312197173086,FALSE,FALSE
1995-10-26,Amundsen_Bellingshausen,3.689762723,-0.01192757286567358,0.01192757286567358,0.540312197173086,FALSE,FALSE
1995-10-27,Amundsen_Bellingshausen,3.667509377,-0.02586249970022169,0.02586249970022169,0.540312197173086,FALSE,FALSE
1995-10-28,Amundsen_Bellingshausen,3.660912263,-0.02404065355030305,0.02404065355030305,0.540312197173086,FALSE,FALSE
1995-10-29,Amundsen_Bellingshausen,3.659502718,-0.01686297275205506,0.01686297275205506,0.540312197173086,FALSE,FALSE
1995-10-30,Amundsen_Bellingshausen,3.65218065,-0.01536182464161717,0.01536182464161717,0.540312197173086,FALSE,FALSE
1995-10-31,Amundsen_Bellingshausen,3.631547908,-0.02687866101614977,0.02687866101614977,0.540312197173086,FALSE,FALSE
1995-11-01,Amundsen_Bellingshausen,3.615758899,-0.03325664538603323,0.03325664538603323,0.540312197173086,FALSE,FALSE
1995-11-02,Amundsen_Bellingshausen,3.607059605,-0.03226403580868675,0.03226403580868675,0.540312197173086,FALSE,FALSE
1995-11-03,Amundsen_Bellingshausen,3.602665554,-0.02669954882274972,0.02669954882274972,0.540312197173086,FALSE,FALSE
1995-11-04,Amundsen_Bellingshausen,3.624921095,0.0057669200331433804,0.0057669200331433804,0.540312197173086,FALSE,FALSE
1995-11-05,Amundsen_Bellingshausen,3.60098463,-0.0077204717796433,0.0077204717796433,0.540312197173086,FALSE,FALSE
1995-11-06,Amundsen_Bellingshausen,3.562633822,-0.03539830579974401,0.03539830579974401,0.540312197173086,FALSE,FALSE
1995-11-07,Amundsen_Bellingshausen,3.525761738,-0.06138775956579723,0.06138775956579723,0.540312197173086,FALSE,FALSE
1995-11-08,Amundsen_Bellingshausen,3.516459089,-0.05961236661643587,0.05961236661643587,0.540312197173086,FALSE,FALSE
1995-11-09,Amundsen_Bellingshausen,3.522438896,-0.04237335049029323,0.04237335049029323,0.540312197173086,FALSE,FALSE
1995-11-10,Amundsen_Bellingshausen,3.522405879,-0.03098023572600805,0.03098023572600805,0.540312197173086,FALSE,FALSE
1995-11-11,Amundsen_Bellingshausen,3.534939077,-0.00686822786221519,0.00686822786221519,0.540312197173086,FALSE,FALSE
1995-11-12,Amundsen_Bellingshausen,3.535304216,0.00521413374148194,0.00521413374148194,0.540312197173086,FALSE,FALSE
1995-11-13,Amundsen_Bellingshausen,3.531567258,0.01331739393036324,0.01331739393036324,0.540312197173086,FALSE,FALSE
1995-11-14,Amundsen_Bellingshausen,3.513936194,0.0076323951613042,0.0076323951613042,0.540312197173086,FALSE,FALSE
1995-11-15,Amundsen_Bellingshausen,3.504660619,0.01039144108016998,0.01039144108016998,0.540312197173086,FALSE,FALSE
1995-11-16,Amundsen_Bellingshausen,3.510232652,0.02806935933281762,0.02806935933281762,0.540312197173086,FALSE,FALSE
1995-11-17,Amundsen_Bellingshausen,3.500610695,0.03060726056510976,0.03060726056510976,0.540312197173086,FALSE,FALSE
1995-11-18,Amundsen_Bellingshausen,3.536985845,0.07917895042290501,0.07917895042290501,0.540312197173086,FALSE,FALSE
1995-11-19,Amundsen_Bellingshausen,3.542158357,0.09656739255206714,0.09656739255206714,0.540312197173086,FALSE,FALSE
1995-11-20,Amundsen_Bellingshausen,3.533875638,0.10050270259845284,0.10050270259845284,0.540312197173086,FALSE,FALSE
1995-11-21,Amundsen_Bellingshausen,3.502420602,0.08125050320792493,0.08125050320792493,0.540312197173086,FALSE,FALSE
1995-11-22,Amundsen_Bellingshausen,3.490140252,0.08114050602634615,0.08114050602634615,0.540312197173086,FALSE,FALSE
1995-11-23,Amundsen_Bellingshausen,3.458340869,0.06146170069957346,0.06146170069957346,0.540312197173086,FALSE,FALSE
1995-11-24,Amundsen_Bellingshausen,3.411371867,0.02654620987346856,0.02654620987346856,0.540312197173086,FALSE,FALSE
1995-11-25,Amundsen_Bellingshausen,3.373571732,7.199664980119813e-4,7.199664980119813e-4,0.540312197173086,FALSE,FALSE
1995-11-26,Amundsen_Bellingshausen,3.368859705,0.00792973430554111,0.00792973430554111,0.540312197173086,FALSE,FALSE
1995-11-27,Amundsen_Bellingshausen,3.356867725,0.00785512617073624,0.00785512617073624,0.540312197173086,FALSE,FALSE
1995-11-28,Amundsen_Bellingshausen,3.332017763,-0.00503406039851084,0.00503406039851084,0.540312197173086,FALSE,FALSE
1995-11-29,Amundsen_Bellingshausen,3.315861154,-0.0091386638943236,0.0091386638943236,0.540312197173086,FALSE,FALSE
1995-11-30,Amundsen_Bellingshausen,3.306463412,-0.00634534380881524,0.00634534380881524,0.540312197173086,FALSE,FALSE
1995-12-01,Amundsen_Bellingshausen,3.310003687,0.00957287636589665,0.00957287636589665,0.540312197173086,FALSE,FALSE
1995-12-02,Amundsen_Bellingshausen,3.309529389,0.02171123313769563,0.02171123313769563,0.540312197173086,FALSE,FALSE
1995-12-03,Amundsen_Bellingshausen,3.309434038,0.03451107301446399,0.03451107301446399,0.540312197173086,FALSE,FALSE
1995-12-04,Amundsen_Bellingshausen,3.311796599,0.05009918750408815,0.05009918750408815,0.540312197173086,FALSE,FALSE
1995-12-05,Amundsen_Bellingshausen,3.292115914,0.04402224511444874,0.04402224511444874,0.540312197173086,FALSE,FALSE
1995-12-06,Amundsen_Bellingshausen,3.275345047,0.04128113635343133,0.04128113635343133,0.540312197173086,FALSE,FALSE
1995-12-07,Amundsen_Bellingshausen,3.281434152,0.06187391249473473,0.06187391249473473,0.540312197173086,FALSE,FALSE
1995-12-08,Amundsen_Bellingshausen,3.28306794,0.07855514978575995,0.07855514978575995,0.540312197173086,FALSE,FALSE
1995-12-09,Amundsen_Bellingshausen,3.251698508,0.06289978916031203,0.06289978916031203,0.540312197173086,FALSE,FALSE
1995-12-10,Amundsen_Bellingshausen,3.278244748,0.10595739268528348,0.10595739268528348,0.540312197173086,FALSE,FALSE
1995-12-11,Amundsen_Bellingshausen,3.27681391,0.12196588042757028,0.12196588042757028,0.540312197173086,FALSE,FALSE
1995-12-12,Amundsen_Bellingshausen,3.250680633,0.1143305614540635,0.1143305614540635,0.540312197173086,FALSE,FALSE
1995-12-13,Amundsen_Bellingshausen,3.227549593,0.11088678183166324,0.11088678183166324,0.540312197173086,FALSE,FALSE
1995-12-14,Amundsen_Bellingshausen,3.183602595,0.08794701662725668,0.08794701662725668,0.540312197173086,FALSE,FALSE
1995-12-15,Amundsen_Bellingshausen,3.144072789,0.07087508590774272,0.07087508590774272,0.540312197173086,FALSE,FALSE
1995-12-16,Amundsen_Bellingshausen,3.122642036,0.07348352074001507,0.07348352074001507,0.540312197173086,FALSE,FALSE
1995-12-17,Amundsen_Bellingshausen,3.08582191,0.06241456519096733,0.06241456519096733,0.540312197173086,FALSE,FALSE
1995-12-18,Amundsen_Bellingshausen,3.054486037,0.05867251532749407,0.05867251532749407,0.540312197173086,FALSE,FALSE
1995-12-19,Amundsen_Bellingshausen,3.03272365,0.06647727421648897,0.06647727421648897,0.540312197173086,FALSE,FALSE
1995-12-20,Amundsen_Bellingshausen,3.042636539,0.10805135705840474,0.10805135705840474,0.540312197173086,FALSE,FALSE
1995-12-21,Amundsen_Bellingshausen,3.003594057,0.10272759454613167,0.10272759454613167,0.540312197173086,FALSE,FALSE
1995-12-22,Amundsen_Bellingshausen,2.990569609,0.12531735111014752,0.12531735111014752,0.540312197173086,FALSE,FALSE
1995-12-23,Amundsen_Bellingshausen,2.972170999,0.14426289237324497,0.14426289237324497,0.540312197173086,FALSE,FALSE
1995-12-24,Amundsen_Bellingshausen,2.957014285,0.16801473795820554,0.16801473795820554,0.540312197173086,FALSE,FALSE
1995-12-25,Amundsen_Bellingshausen,2.930805191,0.1821130734878178,0.1821130734878178,0.540312197173086,FALSE,FALSE
1995-12-26,Amundsen_Bellingshausen,2.905574459,0.19842310258486903,0.19842310258486903,0.540312197173086,FALSE,FALSE
1995-12-27,Amundsen_Bellingshausen,2.864342077,0.1997992748721491,0.1997992748721491,0.540312197173086,FALSE,FALSE
1995-12-28,Amundsen_Bellingshausen,2.852030755,0.23099876197243985,0.23099876197243985,0.540312197173086,FALSE,FALSE
1995-12-29,Amundsen_Bellingshausen,2.849876449,0.2730919815085291,0.2730919815085291,0.540312197173086,FALSE,FALSE
1995-12-30,Amundsen_Bellingshausen,2.809989681,0.2780239171032104,0.2780239171032104,0.540312197173086,FALSE,FALSE
1995-12-31,Amundsen_Bellingshausen,2.794917832,0.30817641137926355,0.30817641137926355,0.540312197173086,FALSE,FALSE
1996-01-01,Amundsen_Bellingshausen,2.762912073,0.3216350969594757,0.3216350969594757,0.540312197173086,FALSE,FALSE
1996-01-02,Amundsen_Bellingshausen,2.718850594,0.3231193834726711,0.3231193834726711,0.540312197173086,FALSE,FALSE
1996-01-03,Amundsen_Bellingshausen,2.674958145,0.32472227257181174,0.32472227257181174,0.540312197173086,FALSE,FALSE
1996-01-04,Amundsen_Bellingshausen,2.682345411,0.3774294589159042,0.3774294589159042,0.540312197173086,FALSE,FALSE
1996-01-05,Amundsen_Bellingshausen,2.678586696,0.41869025616393873,0.41869025616393873,0.540312197173086,FALSE,FALSE
1996-01-06,Amundsen_Bellingshausen,2.657795155,0.4424928289749208,0.4424928289749208,0.540312197173086,FALSE,FALSE
1996-01-07,Amundsen_Bellingshausen,2.639900097,0.4686414960078453,0.4686414960078453,0.540312197173086,FALSE,FALSE
1996-01-08,Amundsen_Bellingshausen,2.607744344,0.4798540889217135,0.4798540889217135,0.540312197173086,FALSE,FALSE
1996-01-09,Amundsen_Bellingshausen,2.588426223,0.5031039443755252,0.5031039443755252,0.540312197173086,FALSE,FALSE
1996-01-10,Amundsen_Bellingshausen,2.548944078,0.5052644160282806,0.5052644160282806,0.540312197173086,FALSE,FALSE
1996-01-11,Amundsen_Bellingshausen,2.499725534,0.49663813853897754,0.49663813853897754,0.540312197173086,FALSE,FALSE
1996-01-12,Amundsen_Bellingshausen,2.448404761,0.4847342915666155,0.4847342915666155,0.540312197173086,FALSE,FALSE
1996-01-13,Amundsen_Bellingshausen,2.416753985,0.4912001107701964,0.4912001107701964,0.540312197173086,FALSE,FALSE
1996-01-14,Amundsen_Bellingshausen,2.380195664,0.49133501962309833,0.49133501962309833,0.540312197173086,FALSE,FALSE
1996-01-15,Amundsen_Bellingshausen,2.332812906,0.4791692756809556,0.4791692756809556,0.540312197173086,FALSE,FALSE
1996-01-16,Amundsen_Bellingshausen,2.286466678,0.466598921127048,0.466598921127048,0.540312197173086,FALSE,FALSE
1996-01-17,Amundsen_Bellingshausen,2.225220427,0.43772803885997735,0.43772803885997735,0.540312197173086,FALSE,FALSE
1996-01-18,Amundsen_Bellingshausen,2.163939989,0.4074631007783427,0.4074631007783427,0.540312197173086,FALSE,FALSE
1996-01-19,Amundsen_Bellingshausen,2.10948326,0.3827026387807446,0.3827026387807446,0.540312197173086,FALSE,FALSE
1996-01-20,Amundsen_Bellingshausen,2.075992917,0.37762996576578134,0.37762996576578134,0.540312197173086,FALSE,FALSE
1996-01-21,Amundsen_Bellingshausen,2.034893414,0.36371017163205455,0.36371017163205455,0.540312197173086,FALSE,FALSE
1996-01-22,Amundsen_Bellingshausen,2.009333737,0.3641328782781639,0.3641328782781639,0.540312197173086,FALSE,FALSE
1996-01-23,Amundsen_Bellingshausen,1.957961519,0.337586354602708,0.337586354602708,0.540312197173086,FALSE,FALSE
1996-01-24,Amundsen_Bellingshausen,1.879378731,0.2827132075042893,0.2827132075042893,0.540312197173086,FALSE,FALSE
1996-01-25,Amundsen_Bellingshausen,1.829554979,0.25552367888150496,0.25552367888150496,0.540312197173086,FALSE,FALSE
1996-01-26,Amundsen_Bellingshausen,1.762487968,0.21005610963295673,0.21005610963295673,0.540312197173086,FALSE,FALSE
1996-01-27,Amundsen_Bellingshausen,1.680870997,0.14904223053235532,0.14904223053235532,0.540312197173086,FALSE,FALSE
1996-01-28,Amundsen_Bellingshausen,1.607960245,0.09576173162054837,0.09576173162054837,0.540312197173086,FALSE,FALSE
1996-01-29,Amundsen_Bellingshausen,1.546244764,0.05272098895472332,0.05272098895472332,0.540312197173086,FALSE,FALSE
1996-01-30,Amundsen_Bellingshausen,1.458926936,-0.01686031133817733,0.01686031133817733,0.540312197173086,FALSE,FALSE
1996-01-31,Amundsen_Bellingshausen,1.413655134,-0.0453164921312037,0.0453164921312037,0.540312197173086,FALSE,FALSE
1996-02-01,Amundsen_Bellingshausen,1.356519719,-0.08653988829741044,0.08653988829741044,0.540312197173086,FALSE,FALSE
1996-02-02,Amundsen_Bellingshausen,1.339288413,-0.08874547370985097,0.08874547370985097,0.540312197173086,FALSE,FALSE
1996-02-03,Amundsen_Bellingshausen,1.302375123,-0.11150203724157735,0.11150203724157735,0.540312197173086,FALSE,FALSE
1996-02-04,Amundsen_Bellingshausen,1.267559481,-0.13301264276564218,0.13301264276564218,0.540312197173086,FALSE,FALSE
1996-02-05,Amundsen_Bellingshausen,1.24881587,-0.13928560315510086,0.13928560315510086,0.540312197173086,FALSE,FALSE
1996-02-06,Amundsen_Bellingshausen,1.239480578,-0.1369673262830049,0.1369673262830049,0.540312197173086,FALSE,FALSE
1996-02-07,Amundsen_Bellingshausen,1.222674452,-0.14291966102240727,0.14291966102240727,0.540312197173086,FALSE,FALSE
1996-02-08,Amundsen_Bellingshausen,1.211961761,-0.14356111982079645,0.14356111982079645,0.540312197173086,FALSE,FALSE
1996-02-09,Amundsen_Bellingshausen,1.199222279,-0.14700600794670748,0.14700600794670748,0.540312197173086,FALSE,FALSE
1996-02-10,Amundsen_Bellingshausen,1.195297175,-0.14242970432132074,0.14242970432132074,0.540312197173086,FALSE,FALSE
1996-02-11,Amundsen_Bellingshausen,1.194281558,-0.1357563044155563,0.1357563044155563,0.540312197173086,FALSE,FALSE
1996-02-12,Amundsen_Bellingshausen,1.179637337,-0.14354310370033585,0.14354310370033585,0.540312197173086,FALSE,FALSE
1996-02-13,Amundsen_Bellingshausen,1.160214565,-0.15695925364658092,0.15695925364658092,0.540312197173086,FALSE,FALSE
1996-02-14,Amundsen_Bellingshausen,1.153639861,-0.15839733972521097,0.15839733972521097,0.540312197173086,FALSE,FALSE
1996-02-15,Amundsen_Bellingshausen,1.121352875,-0.18643691640714888,0.18643691640714888,0.540312197173086,FALSE,FALSE
1996-02-16,Amundsen_Bellingshausen,1.116371257,-0.188079538163316,0.188079538163316,0.540312197173086,FALSE,FALSE
1996-02-17,Amundsen_Bellingshausen,1.094682569,-0.20735684746463123,0.20735684746463123,0.540312197173086,FALSE,FALSE
1996-02-18,Amundsen_Bellingshausen,1.080421237,-0.2201536227820171,0.2201536227820171,0.540312197173086,FALSE,FALSE
1996-02-19,Amundsen_Bellingshausen,1.065025331,-0.23505099858639575,0.23505099858639575,0.540312197173086,FALSE,FALSE
1996-02-20,Amundsen_Bellingshausen,1.037744198,-0.2628188323486864,0.2628188323486864,0.540312197173086,FALSE,FALSE
1996-02-21,Amundsen_Bellingshausen,1.032780865,-0.26926997860350466,0.26926997860350466,0.540312197173086,FALSE,FALSE
1996-02-22,Amundsen_Bellingshausen,1.025309806,-0.2792055588245781,0.2792055588245781,0.540312197173086,FALSE,FALSE
1996-02-23,Amundsen_Bellingshausen,1.013826074,-0.29407931543991883,0.29407931543991883,0.540312197173086,FALSE,FALSE
1996-02-24,Amundsen_Bellingshausen,1.015212014,-0.2969572144138619,0.2969572144138619,0.540312197173086,FALSE,FALSE
1996-02-25,Amundsen_Bellingshausen,1.010853229,-0.30640196371075,0.30640196371075,0.540312197173086,FALSE,FALSE
1996-02-26,Amundsen_Bellingshausen,1.008169748,-0.3149418452949213,0.3149418452949213,0.540312197173086,FALSE,FALSE
1996-02-27,Amundsen_Bellingshausen,1.020664077,-0.30902266413071566,0.30902266413071566,0.540312197173086,FALSE,FALSE
1996-02-28,Amundsen_Bellingshausen,1.042809103,-0.29411984418247084,0.29411984418247084,0.540312197173086,FALSE,FALSE
1996-03-01,Amundsen_Bellingshausen,1.047410016,-0.3057977617912253,0.3057977617912253,0.540312197173086,FALSE,FALSE
1996-03-02,Amundsen_Bellingshausen,1.055444611,-0.3066964132769032,0.3066964132769032,0.540312197173086,FALSE,FALSE
1996-03-03,Amundsen_Bellingshausen,1.070766363,-0.3007682098358999,0.3007682098358999,0.540312197173086,FALSE,FALSE
1996-03-04,Amundsen_Bellingshausen,1.075132452,-0.3062042857596321,0.3062042857596321,0.540312197173086,FALSE,FALSE
1996-03-05,Amundsen_Bellingshausen,1.089876261,-0.30163194864969944,0.30163194864969944,0.540312197173086,FALSE,FALSE
1996-03-06,Amundsen_Bellingshausen,1.100939652,-0.3011103196724978,0.3011103196724978,0.540312197173086,FALSE,FALSE
1996-03-07,Amundsen_Bellingshausen,1.107415062,-0.3055561308512502,0.3055561308512502,0.540312197173086,FALSE,FALSE
1996-03-08,Amundsen_Bellingshausen,1.110289581,-0.31399146120918053,0.31399146120918053,0.540312197173086,FALSE,FALSE
1996-03-09,Amundsen_Bellingshausen,1.107851703,-0.32813698576951134,0.32813698576951134,0.540312197173086,FALSE,FALSE
1996-03-10,Amundsen_Bellingshausen,1.092244103,-0.355859198555466,0.355859198555466,0.540312197173086,FALSE,FALSE
1996-03-11,Amundsen_Bellingshausen,1.060506908,-0.4001271415902683,0.4001271415902683,0.540312197173086,FALSE,FALSE
1996-03-12,Amundsen_Bellingshausen,1.087884844,-0.3857052578971434,0.3857052578971434,0.540312197173086,FALSE,FALSE
1996-03-13,Amundsen_Bellingshausen,1.107211596,-0.3797690314993112,0.3797690314993112,0.540312197173086,FALSE,FALSE
1996-03-14,Amundsen_Bellingshausen,1.123490505,-0.3773242904199967,0.3773242904199967,0.540312197173086,FALSE,FALSE
1996-03-15,Amundsen_Bellingshausen,1.144388255,-0.37071351968242494,0.37071351968242494,0.540312197173086,FALSE,FALSE
1996-03-16,Amundsen_Bellingshausen,1.184579887,-0.3452708473098167,0.3452708473098167,0.540312197173086,FALSE,FALSE
1996-03-17,Amundsen_Bellingshausen,1.213105316,-0.3319650365434381,0.3319650365434381,0.540312197173086,FALSE,FALSE
1996-03-18,Amundsen_Bellingshausen,1.233719264,-0.3270377864166796,0.3270377864166796,0.540312197173086,FALSE,FALSE
1996-03-19,Amundsen_Bellingshausen,1.267746231,-0.3091481968208303,0.3091481968208303,0.540312197173086,FALSE,FALSE
1996-03-20,Amundsen_Bellingshausen,1.293626034,-0.29983944700683307,0.29983944700683307,0.540312197173086,FALSE,FALSE
1996-03-21,Amundsen_Bellingshausen,1.298078605,-0.31237460122563254,0.31237460122563254,0.540312197173086,FALSE,FALSE
1996-03-22,Amundsen_Bellingshausen,1.324173101,-0.303667498728172,0.303667498728172,0.540312197173086,FALSE,FALSE
1996-03-23,Amundsen_Bellingshausen,1.34751686,-0.2980937977653926,0.2980937977653926,0.540312197173086,FALSE,FALSE
1996-03-24,Amundsen_Bellingshausen,1.33864431,-0.32510206658824026,0.32510206658824026,0.540312197173086,FALSE,FALSE
1996-03-25,Amundsen_Bellingshausen,1.328820629,-0.3534101234476579,0.3534101234476579,0.540312197173086,FALSE,FALSE
1996-03-26,Amundsen_Bellingshausen,1.373675443,-0.3273713385945871,0.3273713385945871,0.540312197173086,FALSE,FALSE
1996-03-27,Amundsen_Bellingshausen,1.391774671,-0.328402789279973,0.328402789279973,0.540312197173086,FALSE,FALSE
1996-03-28,Amundsen_Bellingshausen,1.408289598,-0.33131618675475916,0.33131618675475916,0.540312197173086,FALSE,FALSE
1996-03-29,Amundsen_Bellingshausen,1.429552813,-0.3297619382698882,0.3297619382698882,0.540312197173086,FALSE,FALSE
1996-03-30,Amundsen_Bellingshausen,1.448789607,-0.3305007087033478,0.3305007087033478,0.540312197173086,FALSE,FALSE
1996-03-31,Amundsen_Bellingshausen,1.487160712,-0.3123738993528906,0.3123738993528906,0.540312197173086,FALSE,FALSE
1996-04-01,Amundsen_Bellingshausen,1.526327893,-0.29372737814185035,0.29372737814185035,0.540312197173086,FALSE,FALSE
1996-04-02,Amundsen_Bellingshausen,1.546327715,-0.2945322175401017,0.2945322175401017,0.540312197173086,FALSE,FALSE
1996-04-03,Amundsen_Bellingshausen,1.576487471,-0.2854687620175178,0.2854687620175178,0.540312197173086,FALSE,FALSE
1996-04-04,Amundsen_Bellingshausen,1.586686415,-0.29666539504397305,0.29666539504397305,0.540312197173086,FALSE,FALSE
1996-04-05,Amundsen_Bellingshausen,1.599663513,-0.3053907880893352,0.3053907880893352,0.540312197173086,FALSE,FALSE
1996-04-06,Amundsen_Bellingshausen,1.631644984,-0.29542635962348207,0.29542635962348207,0.540312197173086,FALSE,FALSE
1996-04-07,Amundsen_Bellingshausen,1.631730024,-0.3176805511162826,0.3176805511162826,0.540312197173086,FALSE,FALSE
1996-04-08,Amundsen_Bellingshausen,1.647494331,-0.3245853020376115,0.3245853020376115,0.540312197173086,FALSE,FALSE
1996-04-09,Amundsen_Bellingshausen,1.700249115,-0.29483703985734233,0.29483703985734233,0.540312197173086,FALSE,FALSE
1996-04-10,Amundsen_Bellingshausen,1.754578608,-0.26385917004534676,0.26385917004534676,0.540312197173086,FALSE,FALSE
1996-04-11,Amundsen_Bellingshausen,1.800573107,-0.24156898396473017,0.24156898396473017,0.540312197173086,FALSE,FALSE
1996-04-12,Amundsen_Bellingshausen,1.854417854,-0.2117853281279027,0.2117853281279027,0.540312197173086,FALSE,FALSE
1996-04-13,Amundsen_Bellingshausen,1.905797897,-0.18482147357478795,0.18482147357478795,0.540312197173086,FALSE,FALSE
1996-04-14,Amundsen_Bellingshausen,1.932785884,-0.1826025524507473,0.1826025524507473,0.540312197173086,FALSE,FALSE
1996-04-15,Amundsen_Bellingshausen,2.021469798,-0.11903836190115324,0.11903836190115324,0.540312197173086,FALSE,FALSE
1996-04-16,Amundsen_Bellingshausen,2.109638514,-0.05633780707136804,0.05633780707136804,0.540312197173086,FALSE,FALSE
1996-04-17,Amundsen_Bellingshausen,2.239812292,0.04802159189324317,0.04802159189324317,0.540312197173086,FALSE,FALSE
1996-04-18,Amundsen_Bellingshausen,2.349238268,0.1312891908473115,0.1312891908473115,0.540312197173086,FALSE,FALSE
1996-04-19,Amundsen_Bellingshausen,2.393247242,0.1487980096454713,0.1487980096454713,0.540312197173086,FALSE,FALSE
1996-04-20,Amundsen_Bellingshausen,2.442180065,0.17089111914235566,0.17089111914235566,0.540312197173086,FALSE,FALSE
1996-04-21,Amundsen_Bellingshausen,2.540971631,0.24250563319260057,0.24250563319260057,0.540312197173086,FALSE,FALSE
1996-04-22,Amundsen_Bellingshausen,2.588934007,0.26295583865083927,0.26295583865083927,0.540312197173086,FALSE,FALSE
1996-04-23,Amundsen_Bellingshausen,2.644627414,0.2908041763717035,0.2908041763717035,0.540312197173086,FALSE,FALSE
1996-04-24,Amundsen_Bellingshausen,2.716733674,0.3347390293777659,0.3347390293777659,0.540312197173086,FALSE,FALSE
1996-04-25,Amundsen_Bellingshausen,2.772105085,0.36166048677118035,0.36166048677118035,0.540312197173086,FALSE,FALSE
1996-04-26,Amundsen_Bellingshausen,2.803646621,0.3645440976372054,0.3645440976372054,0.540312197173086,FALSE,FALSE
1996-04-27,Amundsen_Bellingshausen,2.813314767,0.34541716206520867,0.34541716206520867,0.540312197173086,FALSE,FALSE
1996-04-28,Amundsen_Bellingshausen,2.801751155,0.30499212714455126,0.30499212714455126,0.540312197173086,FALSE,FALSE
1996-04-29,Amundsen_Bellingshausen,2.798600109,0.2729841319645945,0.2729841319645945,0.540312197173086,FALSE,FALSE
1996-04-30,Amundsen_Bellingshausen,2.837640246,0.2832426086147004,0.2832426086147004,0.540312197173086,FALSE,FALSE
1996-05-01,Amundsen_Bellingshausen,2.865030566,0.28199737218423326,0.28199737218423326,0.540312197173086,FALSE,FALSE
1996-05-02,Amundsen_Bellingshausen,2.881907068,0.27045523676255545,0.27045523676255545,0.540312197173086,FALSE,FALSE
1996-05-03,Amundsen_Bellingshausen,2.883746552,0.2441638174390328,0.2441638174390328,0.540312197173086,FALSE,FALSE
1996-05-04,Amundsen_Bellingshausen,2.90907613,0.2417210413030233,0.2417210413030233,0.540312197173086,FALSE,FALSE
1996-05-05,Amundsen_Bellingshausen,2.934995339,0.24029726044389357,0.24029726044389357,0.540312197173086,FALSE,FALSE
1996-05-06,Amundsen_Bellingshausen,2.935580085,0.21403915696787656,0.21403915696787656,0.540312197173086,FALSE,FALSE
1996-05-07,Amundsen_Bellingshausen,2.934545756,0.1867111612791006,0.1867111612791006,0.540312197173086,FALSE,FALSE
1996-05-08,Amundsen_Bellingshausen,2.911682652,0.1380947721313608,0.1380947721313608,0.540312197173086,FALSE,FALSE
1996-05-09,Amundsen_Bellingshausen,2.904643078,0.10582397591359972,0.10582397591359972,0.540312197173086,FALSE,FALSE
1996-05-10,Amundsen_Bellingshausen,2.899886856,0.0763402760147569,0.0763402760147569,0.540312197173086,FALSE,FALSE
1996-05-11,Amundsen_Bellingshausen,2.907358938,0.05957030582377332,0.05957030582377332,0.540312197173086,FALSE,FALSE
1996-05-12,Amundsen_Bellingshausen,2.902788924,0.0312253467295922,0.0312253467295922,0.540312197173086,FALSE,FALSE
1996-05-13,Amundsen_Bellingshausen,2.958615924,0.06372619012114855,0.06372619012114855,0.540312197173086,FALSE,FALSE
1996-05-14,Amundsen_Bellingshausen,3.023944215,0.10615879438738628,0.10615879438738628,0.540312197173086,FALSE,FALSE
1996-05-15,Amundsen_Bellingshausen,3.139979312,0.19971035591724595,0.19971035591724595,0.540312197173086,FALSE,FALSE
1996-05-16,Amundsen_Bellingshausen,3.143971649,0.18161299009966703,0.18161299009966703,0.540312197173086,FALSE,FALSE
1996-05-17,Amundsen_Bellingshausen,3.132675475,0.14860262732359075,0.14860262732359075,0.540312197173086,FALSE,FALSE
1996-05-18,Amundsen_Bellingshausen,3.12983229,0.12440244897795694,0.12440244897795694,0.540312197173086,FALSE,FALSE
1996-05-19,Amundsen_Bellingshausen,3.150528049,0.12408015306104492,0.12408015306104492,0.540312197173086,FALSE,FALSE
1996-05-20,Amundsen_Bellingshausen,3.182140873,0.13499672777607952,0.13499672777607952,0.540312197173086,FALSE,FALSE
1996-05-21,Amundsen_Bellingshausen,3.178608194,0.111073454525926,0.111073454525926,0.540312197173086,FALSE,FALSE
1996-05-22,Amundsen_Bellingshausen,3.200206038,0.11257024175927333,0.11257024175927333,0.540312197173086,FALSE,FALSE
1996-05-23,Amundsen_Bellingshausen,3.217543525,0.11008009192481882,0.11008009192481882,0.540312197173086,FALSE,FALSE
1996-05-24,Amundsen_Bellingshausen,3.255964753,0.12893098547125348,0.12893098547125348,0.540312197173086,FALSE,FALSE
1996-05-25,Amundsen_Bellingshausen,3.271096317,0.12473339984726906,0.12473339984726906,0.540312197173086,FALSE,FALSE
1996-05-26,Amundsen_Bellingshausen,3.332477207,0.16701020750155937,0.16701020750155937,0.540312197173086,FALSE,FALSE
1996-05-27,Amundsen_Bellingshausen,3.305051744,0.12068961188281736,0.12068961188281736,0.540312197173086,FALSE,FALSE
1996-05-28,Amundsen_Bellingshausen,3.283963535,0.0808991024397363,0.0808991024397363,0.540312197173086,FALSE,FALSE
1996-05-29,Amundsen_Bellingshausen,3.23518006,0.01359004162100729,0.01359004162100729,0.540312197173086,FALSE,FALSE
1996-05-30,Amundsen_Bellingshausen,3.245842557,0.00588754987532391,0.00588754987532391,0.540312197173086,FALSE,FALSE
1996-05-31,Amundsen_Bellingshausen,3.281094039,0.02291852265137839,0.02291852265137839,0.540312197173086,FALSE,FALSE
1996-06-01,Amundsen_Bellingshausen,3.330842547,0.05458305166725896,0.05458305166725896,0.540312197173086,FALSE,FALSE
1996-06-02,Amundsen_Bellingshausen,3.348933738,0.05475508128988071,0.05475508128988071,0.540312197173086,FALSE,FALSE
1996-06-03,Amundsen_Bellingshausen,3.312142567,2.4789901191279995e-4,2.4789901191279995e-4,0.540312197173086,FALSE,FALSE
1996-06-04,Amundsen_Bellingshausen,3.310517591,-0.01885160530187413,0.01885160530187413,0.540312197173086,FALSE,FALSE
1996-06-05,Amundsen_Bellingshausen,3.32134384,-0.02522006878671545,0.02522006878671545,0.540312197173086,FALSE,FALSE
1996-06-06,Amundsen_Bellingshausen,3.34858524,-0.01485523257784304,0.01485523257784304,0.540312197173086,FALSE,FALSE
1996-06-07,Amundsen_Bellingshausen,3.356540447,-0.02342010781048742,0.02342010781048742,0.540312197173086,FALSE,FALSE
1996-06-08,Amundsen_Bellingshausen,3.363337062,-0.03274876061988374,0.03274876061988374,0.540312197173086,FALSE,FALSE
1996-06-09,Amundsen_Bellingshausen,3.349514536,-0.06226340714126088,0.06226340714126088,0.540312197173086,FALSE,FALSE
1996-06-10,Amundsen_Bellingshausen,3.330022916,-0.09697566750985633,0.09697566750985633,0.540312197173086,FALSE,FALSE
1996-06-11,Amundsen_Bellingshausen,3.352088536,-0.08962087486090065,0.08962087486090065,0.540312197173086,FALSE,FALSE
1996-06-12,Amundsen_Bellingshausen,3.388167408,-0.06770468432962407,0.06770468432962407,0.540312197173086,FALSE,FALSE
1996-06-13,Amundsen_Bellingshausen,3.414336952,-0.05511236677675946,0.05511236677675946,0.540312197173086,FALSE,FALSE
1996-06-14,Amundsen_Bellingshausen,3.439924981,-0.04252393012859779,0.04252393012859779,0.540312197173086,FALSE,FALSE
1996-06-15,Amundsen_Bellingshausen,3.487737016,-0.00720358624522843,0.00720358624522843,0.540312197173086,FALSE,FALSE
1996-06-16,Amundsen_Bellingshausen,3.53407421,0.02707559938808579,0.02707559938808579,0.540312197173086,FALSE,FALSE
1996-06-17,Amundsen_Bellingshausen,3.579357277,0.06066012228608519,0.06066012228608519,0.540312197173086,FALSE,FALSE
1996-06-18,Amundsen_Bellingshausen,3.604549394,0.07443894096351178,0.07443894096351178,0.540312197173086,FALSE,FALSE
1996-06-19,Amundsen_Bellingshausen,3.586683291,0.04537056693510433,0.04537056693510433,0.540312197173086,FALSE,FALSE
1996-06-20,Amundsen_Bellingshausen,3.561099154,0.00872096771560615,0.00872096771560615,0.540312197173086,FALSE,FALSE
1996-06-21,Amundsen_Bellingshausen,3.543273744,-0.02010731418024436,0.02010731418024436,0.540312197173086,FALSE,FALSE
1996-06-22,Amundsen_Bellingshausen,3.540345063,-0.03405049523770476,0.03405049523770476,0.540312197173086,FALSE,FALSE
1996-06-23,Amundsen_Bellingshausen,3.547028107,-0.03846779794203758,0.03846779794203758,0.540312197173086,FALSE,FALSE
1996-06-24,Amundsen_Bellingshausen,3.573998677,-0.02275763977849898,0.02275763977849898,0.540312197173086,FALSE,FALSE
1996-06-25,Amundsen_Bellingshausen,3.620039651,0.01178863876764868,0.01178863876764868,0.540312197173086,FALSE,FALSE
1996-06-26,Amundsen_Bellingshausen,3.656967166,0.03692206664939412,0.03692206664939412,0.540312197173086,FALSE,FALSE
1996-06-27,Amundsen_Bellingshausen,3.673016721,0.04088187789463893,0.04088187789463893,0.540312197173086,FALSE,FALSE
1996-06-28,Amundsen_Bellingshausen,3.689408164,0.0449231126383105,0.0449231126383105,0.540312197173086,FALSE,FALSE
1996-06-29,Amundsen_Bellingshausen,3.696103656,0.03904328575238525,0.03904328575238525,0.540312197173086,FALSE,FALSE
1996-06-30,Amundsen_Bellingshausen,3.693974562,0.02414911610884118,0.02414911610884118,0.540312197173086,FALSE,FALSE
1996-07-01,Amundsen_Bellingshausen,3.71799822,0.03525329557965229,0.03525329557965229,0.540312197173086,FALSE,FALSE
1996-07-02,Amundsen_Bellingshausen,3.749812958,0.0540295060367959,0.0540295060367959,0.540312197173086,FALSE,FALSE
1996-07-03,Amundsen_Bellingshausen,3.769751675,0.06084600035225041,0.06084600035225041,0.540312197173086,FALSE,FALSE
1996-07-04,Amundsen_Bellingshausen,3.79991657,0.0778403313979874,0.0778403313979874,0.540312197173086,FALSE,FALSE
1996-07-05,Amundsen_Bellingshausen,3.831844573,0.09658478304598717,0.09658478304598717,0.540312197173086,FALSE,FALSE
1996-07-06,Amundsen_Bellingshausen,3.854252392,0.10583141716822642,0.10583141716822642,0.540312197173086,FALSE,FALSE
1996-07-07,Amundsen_Bellingshausen,3.847596356,0.0860719166366799,0.0860719166366799,0.540312197173086,FALSE,FALSE
1996-07-08,Amundsen_Bellingshausen,3.827423264,0.05288839800991107,0.05288839800991107,0.540312197173086,FALSE,FALSE
1996-07-09,Amundsen_Bellingshausen,3.788354596,9.305960554830684e-4,9.305960554830684e-4,0.540312197173086,FALSE,FALSE
1996-07-10,Amundsen_Bellingshausen,3.80140031,0.0012212668033404401,0.0012212668033404401,0.540312197173086,FALSE,FALSE
1996-07-11,Amundsen_Bellingshausen,3.811352895,-0.0014363482041384,0.0014363482041384,0.540312197173086,FALSE,FALSE
1996-07-12,Amundsen_Bellingshausen,3.799613098,-0.02563074942457666,0.02563074942457666,0.540312197173086,FALSE,FALSE
1996-07-13,Amundsen_Bellingshausen,3.77173969,-0.06579241331559205,0.06579241331559205,0.540312197173086,FALSE,FALSE
1996-07-14,Amundsen_Bellingshausen,3.730871127,-0.11877213133480558,0.11877213133480558,0.540312197173086,FALSE,FALSE
1996-07-15,Amundsen_Bellingshausen,3.736904109,-0.12466245093984174,0.12466245093984174,0.540312197173086,FALSE,FALSE
1996-07-16,Amundsen_Bellingshausen,3.776992706,-0.09629854958832018,0.09629854958832018,0.540312197173086,FALSE,FALSE
1996-07-17,Amundsen_Bellingshausen,3.80525849,-0.07954810273785773,0.07954810273785773,0.540312197173086,FALSE,FALSE
1996-07-18,Amundsen_Bellingshausen,3.862756216,-0.03334560284608168,0.03334560284608168,0.540312197173086,FALSE,FALSE
1996-07-19,Amundsen_Bellingshausen,3.951978432,0.04481225062938687,0.04481225062938687,0.540312197173086,FALSE,FALSE
1996-07-20,Amundsen_Bellingshausen,4.00217116,0.08418223223093069,0.08418223223093069,0.540312197173086,FALSE,FALSE
1996-07-21,Amundsen_Bellingshausen,4.022043735,0.0934847094550042,0.0934847094550042,0.540312197173086,FALSE,FALSE
1996-07-22,Amundsen_Bellingshausen,4.054225396,0.11536381780755312,0.11536381780755312,0.540312197173086,FALSE,FALSE
1996-07-23,Amundsen_Bellingshausen,4.057090147,0.10821127442439016,0.10821127442439016,0.540312197173086,FALSE,FALSE
1996-07-24,Amundsen_Bellingshausen,4.050517687,0.0919245553334509,0.0919245553334509,0.540312197173086,FALSE,FALSE
1996-07-25,Amundsen_Bellingshausen,4.015957985,0.04797140656267418,0.04797140656267418,0.540312197173086,FALSE,FALSE
1996-07-26,Amundsen_Bellingshausen,3.947250335,-0.02979110085999758,0.02979110085999758,0.540312197173086,FALSE,FALSE
1996-07-27,Amundsen_Bellingshausen,3.886489381,-0.0992505459066364,0.0992505459066364,0.540312197173086,FALSE,FALSE
1996-07-28,Amundsen_Bellingshausen,3.829528816,-0.16453545854929708,0.16453545854929708,0.540312197173086,FALSE,FALSE
1996-07-29,Amundsen_Bellingshausen,3.795233955,-0.20676274676004924,0.20676274676004924,0.540312197173086,FALSE,FALSE
1996-07-30,Amundsen_Bellingshausen,3.778133354,-0.2313860775109489,0.2313860775109489,0.540312197173086,FALSE,FALSE
1996-07-31,Amundsen_Bellingshausen,3.804838785,-0.2117759017740588,0.2117759017740588,0.540312197173086,FALSE,FALSE
1996-08-01,Amundsen_Bellingshausen,3.811998606,-0.2112660845214465,0.2112660845214465,0.540312197173086,FALSE,FALSE
1996-08-02,Amundsen_Bellingshausen,3.870294147,-0.15915751925266175,0.15915751925266175,0.540312197173086,FALSE,FALSE
1996-08-03,Amundsen_Bellingshausen,3.972628445,-0.06254363260063744,0.06254363260063744,0.540312197173086,FALSE,FALSE
1996-08-04,Amundsen_Bellingshausen,4.010161343,-0.03031241486009328,0.03031241486009328,0.540312197173086,FALSE,FALSE
1996-08-05,Amundsen_Bellingshausen,4.022330722,-0.02308539779706553,0.02308539779706553,0.540312197173086,FALSE,FALSE
1996-08-06,Amundsen_Bellingshausen,4.033016707,-0.01704186917760264,0.01704186917760264,0.540312197173086,FALSE,FALSE
1996-08-07,Amundsen_Bellingshausen,4.022852285,-0.03160825476774054,0.03160825476774054,0.540312197173086,FALSE,FALSE
1996-08-08,Amundsen_Bellingshausen,4.015906976,-0.04277444733352809,0.04277444733352809,0.540312197173086,FALSE,FALSE
1996-08-09,Amundsen_Bellingshausen,4.026733537,-0.03604710264100763,0.03604710264100763,0.540312197173086,FALSE,FALSE
1996-08-10,Amundsen_Bellingshausen,4.005289954,-0.06152764745621564,0.06152764745621564,0.540312197173086,FALSE,FALSE
1996-08-11,Amundsen_Bellingshausen,3.966063468,-0.10478825354520138,0.10478825354520138,0.540312197173086,FALSE,FALSE
1996-08-12,Amundsen_Bellingshausen,3.914863871,-0.16007854167400337,0.16007854167400337,0.540312197173086,FALSE,FALSE
1996-08-13,Amundsen_Bellingshausen,3.892586222,-0.1865628656086682,0.1865628656086682,0.540312197173086,FALSE,FALSE
1996-08-14,Amundsen_Bellingshausen,3.905854073,-0.17767708611523547,0.17767708611523547,0.540312197173086,FALSE,FALSE
1996-08-15,Amundsen_Bellingshausen,3.906615423,-0.18153045532025924,0.18153045532025924,0.540312197173086,FALSE,FALSE
1996-08-16,Amundsen_Bellingshausen,3.86743545,-0.2255507973477182,0.2255507973477182,0.540312197173086,FALSE,FALSE
1996-08-17,Amundsen_Bellingshausen,3.828078647,-0.2698930832710431,0.2698930832710431,0.540312197173086,FALSE,FALSE
1996-08-18,Amundsen_Bellingshausen,3.83987599,-0.2631417710883919,0.2631417710883919,0.540312197173086,FALSE,FALSE
1996-08-19,Amundsen_Bellingshausen,3.839386876,-0.2686528977979288,0.2686528977979288,0.540312197173086,FALSE,FALSE
1996-08-20,Amundsen_Bellingshausen,3.826079517,-0.2868736853978229,0.2868736853978229,0.540312197173086,FALSE,FALSE
1996-08-21,Amundsen_Bellingshausen,3.80534687,-0.3123266108862328,0.3123266108862328,0.540312197173086,FALSE,FALSE
1996-08-22,Amundsen_Bellingshausen,3.786870272,-0.3352457712613255,0.3352457712613255,0.540312197173086,FALSE,FALSE
1996-08-23,Amundsen_Bellingshausen,3.808746935,-0.3174493885212626,0.3174493885212626,0.540312197173086,FALSE,FALSE
1996-08-24,Amundsen_Bellingshausen,3.880166291,-0.24966346466420575,0.24966346466420575,0.540312197173086,FALSE,FALSE
1996-08-25,Amundsen_Bellingshausen,3.931478972,-0.20145280168832969,0.20145280168832969,0.540312197173086,FALSE,FALSE
1996-08-26,Amundsen_Bellingshausen,3.995458463,-0.1399593485917836,0.1399593485917836,0.540312197173086,FALSE,FALSE
1996-08-27,Amundsen_Bellingshausen,4.068454414,-0.0687488893727437,0.0687488893727437,0.540312197173086,FALSE,FALSE
1996-08-28,Amundsen_Bellingshausen,4.090637642,-0.0475810325063799,0.0475810325063799,0.540312197173086,FALSE,FALSE
1996-08-29,Amundsen_Bellingshausen,4.1578812020000004,0.01939573789224269,0.01939573789224269,0.540312197173086,FALSE,FALSE
1996-08-30,Amundsen_Bellingshausen,4.186136323,0.04807687741101496,0.04807687741101496,0.540312197173086,FALSE,FALSE
1996-08-31,Amundsen_Bellingshausen,4.205178578,0.06818212423274073,0.06818212423274073,0.540312197173086,FALSE,FALSE
1996-09-01,Amundsen_Bellingshausen,4.219583689,0.08423136554021848,0.08423136554021848,0.540312197173086,FALSE,FALSE
1996-09-02,Amundsen_Bellingshausen,4.235089865,0.10190697551625494,0.10190697551625494,0.540312197173086,FALSE,FALSE
1996-09-03,Amundsen_Bellingshausen,4.23078511,0.10024112334364954,0.10024112334364954,0.540312197173086,FALSE,FALSE
1996-09-04,Amundsen_Bellingshausen,4.233192426,0.10570097620520436,0.10570097620520436,0.540312197173086,FALSE,FALSE
1996-09-05,Amundsen_Bellingshausen,4.243965574,0.11988446028372302,0.11988446028372302,0.540312197173086,FALSE,FALSE
1996-09-06,Amundsen_Bellingshausen,4.253549051,0.1331802377620077,0.1331802377620077,0.540312197173086,FALSE,FALSE
1996-09-07,Amundsen_Bellingshausen,4.242672945,0.12626256182285545,0.12626256182285545,0.540312197173086,FALSE,FALSE
1996-09-08,Amundsen_Bellingshausen,4.230144595,0.1178829366490719,0.1178829366490719,0.540312197173086,FALSE,FALSE
1996-09-09,Amundsen_Bellingshausen,4.185791383,0.07781316594943988,0.07781316594943988,0.540312197173086,FALSE,FALSE
1996-09-10,Amundsen_Bellingshausen,4.110950056,0.00735877086459702,0.00735877086459702,0.540312197173086,FALSE,FALSE
1996-09-11,Amundsen_Bellingshausen,4.051052978,-0.04803504210770981,0.04803504210770981,0.540312197173086,FALSE,FALSE
1996-09-12,Amundsen_Bellingshausen,4.042458813,-0.05199212645591622,0.05199212645591622,0.540312197173086,FALSE,FALSE
1996-09-13,Amundsen_Bellingshausen,4.008402878,-0.08125968266845351,0.08125968266845351,0.540312197173086,FALSE,FALSE
1996-09-14,Amundsen_Bellingshausen,3.9943536,-0.09035180123377096,0.09035180123377096,0.540312197173086,FALSE,FALSE
1996-09-15,Amundsen_Bellingshausen,4.010327691,-0.06923428764029804,0.06923428764029804,0.540312197173086,FALSE,FALSE
1996-09-16,Amundsen_Bellingshausen,4.074088632,-1.2617837647521668e-4,1.2617837647521668e-4,0.540312197173086,FALSE,FALSE
1996-09-17,Amundsen_Bellingshausen,4.082288454,0.01364204006925895,0.01364204006925895,0.540312197173086,FALSE,FALSE
1996-09-18,Amundsen_Bellingshausen,4.101322225,0.03848291820846938,0.03848291820846938,0.540312197173086,FALSE,FALSE
1996-09-19,Amundsen_Bellingshausen,4.095798356,0.0390223495527211,0.0390223495527211,0.540312197173086,FALSE,FALSE
1996-09-20,Amundsen_Bellingshausen,4.057041706,0.00660267561356953,0.00660267561356953,0.540312197173086,FALSE,FALSE
1996-09-21,Amundsen_Bellingshausen,4.026917036,-0.01689386009741866,0.01689386009741866,0.540312197173086,FALSE,FALSE
1996-09-22,Amundsen_Bellingshausen,4.005197274,-0.03167742814386987,0.03167742814386987,0.540312197173086,FALSE,FALSE
1996-09-23,Amundsen_Bellingshausen,3.943322612,-0.08629715615306255,0.08629715615306255,0.540312197173086,FALSE,FALSE
1996-09-24,Amundsen_Bellingshausen,3.918366278,-0.10367290954509167,0.10367290954509167,0.540312197173086,FALSE,FALSE
1996-09-25,Amundsen_Bellingshausen,3.88224211,-0.1318839966905463,0.1318839966905463,0.540312197173086,FALSE,FALSE
1996-09-26,Amundsen_Bellingshausen,3.880399238,-0.12547443396000357,0.12547443396000357,0.540312197173086,FALSE,FALSE
1996-09-27,Amundsen_Bellingshausen,3.881732412,-0.1155426177240475,0.1155426177240475,0.540312197173086,FALSE,FALSE
1996-09-28,Amundsen_Bellingshausen,3.868004799,-0.1203185273532581,0.1203185273532581,0.540312197173086,FALSE,FALSE
1996-09-29,Amundsen_Bellingshausen,3.826779416,-0.15223229221822043,0.15223229221822043,0.540312197173086,FALSE,FALSE
1996-09-30,Amundsen_Bellingshausen,3.801715813,-0.1676175086895113,0.1676175086895113,0.540312197173086,FALSE,FALSE
1996-10-01,Amundsen_Bellingshausen,3.770575642,-0.1887056711377153,0.1887056711377153,0.540312197173086,FALSE,FALSE
1996-10-02,Amundsen_Bellingshausen,3.77567316,-0.17317566893341185,0.17317566893341185,0.540312197173086,FALSE,FALSE
1996-10-03,Amundsen_Bellingshausen,3.784216396,-0.15381261944718405,0.15381261944718405,0.540312197173086,FALSE,FALSE
1996-10-04,Amundsen_Bellingshausen,3.790328049,-0.1364869851578474,0.1364869851578474,0.540312197173086,FALSE,FALSE
1996-10-05,Amundsen_Bellingshausen,3.744572455,-0.17064586691069117,0.17064586691069117,0.540312197173086,FALSE,FALSE
1996-10-06,Amundsen_Bellingshausen,3.704363606,-0.198940467442402,0.198940467442402,0.540312197173086,FALSE,FALSE
1996-10-07,Amundsen_Bellingshausen,3.699125028,-0.1920222903898785,0.1920222903898785,0.540312197173086,FALSE,FALSE
1996-10-08,Amundsen_Bellingshausen,3.697990189,-0.18083289739002595,0.18083289739002595,0.540312197173086,FALSE,FALSE
1996-10-09,Amundsen_Bellingshausen,3.684070625,-0.18233578207975087,0.18233578207975087,0.540312197173086,FALSE,FALSE
1996-10-10,Amundsen_Bellingshausen,3.685568936,-0.1684033740959534,0.1684033740959534,0.540312197173086,FALSE,FALSE
1996-10-11,Amundsen_Bellingshausen,3.686770304,-0.1548255210755376,0.1548255210755376,0.540312197173086,FALSE,FALSE
1996-10-12,Amundsen_Bellingshausen,3.657299354,-0.17205262765540796,0.17205262765540796,0.540312197173086,FALSE,FALSE
1996-10-13,Amundsen_Bellingshausen,3.637578496,-0.1797373134724647,0.1797373134724647,0.540312197173086,FALSE,FALSE
1996-10-14,Amundsen_Bellingshausen,3.629118796,-0.17644354216361524,0.17644354216361524,0.540312197173086,FALSE,FALSE
1996-10-15,Amundsen_Bellingshausen,3.633784862,-0.16038173536576172,0.16038173536576172,0.540312197173086,FALSE,FALSE
1996-10-16,Amundsen_Bellingshausen,3.618128804,-0.16507481271580682,0.16507481271580682,0.540312197173086,FALSE,FALSE
1996-10-17,Amundsen_Bellingshausen,3.61162726,-0.1611178734116776,0.1611178734116776,0.540312197173086,FALSE,FALSE
1996-10-18,Amundsen_Bellingshausen,3.610947744,-0.15184521022299569,0.15184521022299569,0.540312197173086,FALSE,FALSE
1996-10-19,Amundsen_Bellingshausen,3.615651782,-0.13763024936072954,0.13763024936072954,0.540312197173086,FALSE,FALSE
1996-10-20,Amundsen_Bellingshausen,3.60731734,-0.13682730016101852,0.13682730016101852,0.540312197173086,FALSE,FALSE
1996-10-21,Amundsen_Bellingshausen,3.601104268,-0.13420878796000313,0.13420878796000313,0.540312197173086,FALSE,FALSE
1996-10-22,Amundsen_Bellingshausen,3.598514612,-0.1282049420938196,0.1282049420938196,0.540312197173086,FALSE,FALSE
1996-10-23,Amundsen_Bellingshausen,3.602841664,-0.11545474589861104,0.11545474589861104,0.540312197173086,FALSE,FALSE
1996-10-24,Amundsen_Bellingshausen,3.605466134,-0.10450976471051598,0.10450976471051598,0.540312197173086,FALSE,FALSE
1996-10-25,Amundsen_Bellingshausen,3.600122927,-0.1015673688656733,0.1015673688656733,0.540312197173086,FALSE,FALSE
1996-10-26,Amundsen_Bellingshausen,3.575057161,-0.11831471570022156,0.11831471570022156,0.540312197173086,FALSE,FALSE
1996-10-27,Amundsen_Bellingshausen,3.540099502,-0.14485341455030332,0.14485341455030332,0.540312197173086,FALSE,FALSE
1996-10-28,Amundsen_Bellingshausen,3.56677499,-0.10959070075205536,0.10959070075205536,0.540312197173086,FALSE,FALSE
1996-10-29,Amundsen_Bellingshausen,3.583635062,-0.08390741264161727,0.08390741264161727,0.540312197173086,FALSE,FALSE
1996-10-30,Amundsen_Bellingshausen,3.568557374,-0.08986919501614965,0.08986919501614965,0.540312197173086,FALSE,FALSE
1996-10-31,Amundsen_Bellingshausen,3.544657583,-0.10435796138603326,0.10435796138603326,0.540312197173086,FALSE,FALSE
1996-11-01,Amundsen_Bellingshausen,3.536859515,-0.10246412580868648,0.10246412580868648,0.540312197173086,FALSE,FALSE
1996-11-02,Amundsen_Bellingshausen,3.515801256,-0.11356384682274978,0.11356384682274978,0.540312197173086,FALSE,FALSE
1996-11-03,Amundsen_Bellingshausen,3.480026409,-0.1391277659668564,0.1391277659668564,0.540312197173086,FALSE,FALSE
1996-11-04,Amundsen_Bellingshausen,3.457817071,-0.1508880307796434,0.1508880307796434,0.540312197173086,FALSE,FALSE
1996-11-05,Amundsen_Bellingshausen,3.422965681,-0.17506644679974404,0.17506644679974404,0.540312197173086,FALSE,FALSE
1996-11-06,Amundsen_Bellingshausen,3.39119104,-0.19595845756579733,0.19595845756579733,0.540312197173086,FALSE,FALSE
1996-11-07,Amundsen_Bellingshausen,3.359262401,-0.21680905461643585,0.21680905461643585,0.540312197173086,FALSE,FALSE
1996-11-08,Amundsen_Bellingshausen,3.343993345,-0.22081890149029348,0.22081890149029348,0.540312197173086,FALSE,FALSE
1996-11-09,Amundsen_Bellingshausen,3.349995835,-0.20339027972600787,0.20339027972600787,0.540312197173086,FALSE,FALSE
1996-11-10,Amundsen_Bellingshausen,3.332755758,-0.2090515468622156,0.2090515468622156,0.540312197173086,FALSE,FALSE
1996-11-11,Amundsen_Bellingshausen,3.313463834,-0.21662624825851795,0.21662624825851795,0.540312197173086,FALSE,FALSE
1996-11-12,Amundsen_Bellingshausen,3.293782594,-0.22446727006963663,0.22446727006963663,0.540312197173086,FALSE,FALSE
1996-11-13,Amundsen_Bellingshausen,3.277104889,-0.22919890983869573,0.22919890983869573,0.540312197173086,FALSE,FALSE
1996-11-14,Amundsen_Bellingshausen,3.273675427,-0.2205937509198299,0.2205937509198299,0.540312197173086,FALSE,FALSE
1996-11-15,Amundsen_Bellingshausen,3.260091453,-0.22207183966718255,0.22207183966718255,0.540312197173086,FALSE,FALSE
1996-11-16,Amundsen_Bellingshausen,3.238601501,-0.23140193343489024,0.23140193343489024,0.540312197173086,FALSE,FALSE
1996-11-17,Amundsen_Bellingshausen,3.218786232,-0.23902066257709495,0.23902066257709495,0.540312197173086,FALSE,FALSE
1996-11-18,Amundsen_Bellingshausen,3.200927101,-0.2446638634479328,0.2446638634479328,0.540312197173086,FALSE,FALSE
1996-11-19,Amundsen_Bellingshausen,3.188886247,-0.24448668840154708,0.24448668840154708,0.540312197173086,FALSE,FALSE
1996-11-20,Amundsen_Bellingshausen,3.199855348,-0.2213147507920752,0.2213147507920752,0.540312197173086,FALSE,FALSE
1996-11-21,Amundsen_Bellingshausen,3.206495157,-0.2025045889736541,0.2025045889736541,0.540312197173086,FALSE,FALSE
1996-11-22,Amundsen_Bellingshausen,3.205784877,-0.19109429130042657,0.19109429130042657,0.540312197173086,FALSE,FALSE
1996-11-23,Amundsen_Bellingshausen,3.191153676,-0.19367198112653172,0.19367198112653172,0.540312197173086,FALSE,FALSE
1996-11-24,Amundsen_Bellingshausen,3.171506261,-0.20134550450198763,0.20134550450198763,0.540312197173086,FALSE,FALSE
1996-11-25,Amundsen_Bellingshausen,3.161125952,-0.1998040186944592,0.1998040186944592,0.540312197173086,FALSE,FALSE
1996-11-26,Amundsen_Bellingshausen,3.147717252,-0.20129534682926353,0.20129534682926353,0.540312197173086,FALSE,FALSE
1996-11-27,Amundsen_Bellingshausen,3.13406647,-0.20298535339851087,0.20298535339851087,0.540312197173086,FALSE,FALSE
1996-11-28,Amundsen_Bellingshausen,3.114377806,-0.2106220118943236,0.2106220118943236,0.540312197173086,FALSE,FALSE
1996-11-29,Amundsen_Bellingshausen,3.093659445,-0.21914931080881497,0.21914931080881497,0.540312197173086,FALSE,FALSE
1996-11-30,Amundsen_Bellingshausen,3.06076864,-0.23966217063410333,0.23966217063410333,0.540312197173086,FALSE,FALSE
1996-12-01,Amundsen_Bellingshausen,3.052595978,-0.2352221778623047,0.2352221778623047,0.540312197173086,FALSE,FALSE
1996-12-02,Amundsen_Bellingshausen,3.025366316,-0.2495566489855361,0.2495566489855361,0.540312197173086,FALSE,FALSE
1996-12-03,Amundsen_Bellingshausen,3.00913579,-0.25256162149591166,0.25256162149591166,0.540312197173086,FALSE,FALSE
1996-12-04,Amundsen_Bellingshausen,3.041053255,-0.20704041388555128,0.20704041388555128,0.540312197173086,FALSE,FALSE
1996-12-05,Amundsen_Bellingshausen,3.03994719,-0.1941167206465688,0.1941167206465688,0.540312197173086,FALSE,FALSE
1996-12-06,Amundsen_Bellingshausen,3.023945506,-0.19561473350526537,0.19561473350526537,0.540312197173086,FALSE,FALSE
1996-12-07,Amundsen_Bellingshausen,2.991621559,-0.21289123121424017,0.21289123121424017,0.540312197173086,FALSE,FALSE
1996-12-08,Amundsen_Bellingshausen,2.984540385,-0.20425833383968817,0.20425833383968817,0.540312197173086,FALSE,FALSE
1996-12-09,Amundsen_Bellingshausen,2.987848223,-0.18443913231471676,0.18443913231471676,0.540312197173086,FALSE,FALSE
1996-12-10,Amundsen_Bellingshausen,2.979731841,-0.17511618857242972,0.17511618857242972,0.540312197173086,FALSE,FALSE
1996-12-11,Amundsen_Bellingshausen,2.968903982,-0.16744608954593643,0.16744608954593643,0.540312197173086,FALSE,FALSE
1996-12-12,Amundsen_Bellingshausen,2.932917806,-0.18374500516833692,0.18374500516833692,0.540312197173086,FALSE,FALSE
1996-12-13,Amundsen_Bellingshausen,2.91591133,-0.17974424837274317,0.17974424837274317,0.540312197173086,FALSE,FALSE
1996-12-14,Amundsen_Bellingshausen,2.887979354,-0.1852183490922572,0.1852183490922572,0.540312197173086,FALSE,FALSE
1996-12-15,Amundsen_Bellingshausen,2.862545323,-0.1866131922599847,0.1866131922599847,0.540312197173086,FALSE,FALSE
1996-12-16,Amundsen_Bellingshausen,2.837368332,-0.18603901280903257,0.18603901280903257,0.540312197173086,FALSE,FALSE
1996-12-17,Amundsen_Bellingshausen,2.830449315,-0.16536420667250606,0.16536420667250606,0.540312197173086,FALSE,FALSE
1996-12-18,Amundsen_Bellingshausen,2.80202247,-0.1642239057835111,0.1642239057835111,0.540312197173086,FALSE,FALSE
1996-12-19,Amundsen_Bellingshausen,2.766817341,-0.16776784094159547,0.16776784094159547,0.540312197173086,FALSE,FALSE
1996-12-20,Amundsen_Bellingshausen,2.715671806,-0.18519465645386823,0.18519465645386823,0.540312197173086,FALSE,FALSE
1996-12-21,Amundsen_Bellingshausen,2.68207746,-0.18317479788985255,0.18317479788985255,0.540312197173086,FALSE,FALSE
1996-12-22,Amundsen_Bellingshausen,2.631748224,-0.196159882626755,0.196159882626755,0.540312197173086,FALSE,FALSE
1996-12-23,Amundsen_Bellingshausen,2.515493551,-0.2735059960417945,0.2735059960417945,0.540312197173086,FALSE,FALSE
1996-12-24,Amundsen_Bellingshausen,2.42752787,-0.3211642475121823,0.3211642475121823,0.540312197173086,FALSE,FALSE
1996-12-25,Amundsen_Bellingshausen,2.376424325,-0.33072703141513093,0.33072703141513093,0.540312197173086,FALSE,FALSE
1996-12-26,Amundsen_Bellingshausen,2.284094708,-0.38044809412785074,0.38044809412785074,0.540312197173086,FALSE,FALSE
1996-12-27,Amundsen_Bellingshausen,2.199694906,-0.4213370870275601,0.4213370870275601,0.540312197173086,FALSE,FALSE
1996-12-28,Amundsen_Bellingshausen,2.136668784,-0.440115683491471,0.440115683491471,0.540312197173086,FALSE,FALSE
1996-12-29,Amundsen_Bellingshausen,2.096145531,-0.4358202328967895,0.4358202328967895,0.540312197173086,FALSE,FALSE
1996-12-30,Amundsen_Bellingshausen,2.006168943,-0.4805724776207363,0.4805724776207363,0.540312197173086,FALSE,FALSE
1996-12-31,Amundsen_Bellingshausen,1.912275028,-0.5290019480405241,0.5290019480405241,0.540312197173086,FALSE,FALSE
1997-01-01,Amundsen_Bellingshausen,1.803624715,-0.6376522610405242,0.6376522610405242,0.540312197173086,TRUE,TRUE
1997-01-02,Amundsen_Bellingshausen,1.754688199,-0.6410430115273289,0.6410430115273289,0.540312197173086,TRUE,TRUE
1997-01-03,Amundsen_Bellingshausen,1.746506135,-0.6037297374281885,0.6037297374281885,0.540312197173086,TRUE,TRUE
1997-01-04,Amundsen_Bellingshausen,1.707972826,-0.5969431260840958,0.5969431260840958,0.540312197173086,TRUE,TRUE
1997-01-05,Amundsen_Bellingshausen,1.683385442,-0.5765109978360612,0.5765109978360612,0.540312197173086,TRUE,TRUE
1997-01-06,Amundsen_Bellingshausen,1.657686241,-0.5576160850250793,0.5576160850250793,0.540312197173086,TRUE,TRUE
1997-01-07,Amundsen_Bellingshausen,1.625045413,-0.5462131879921546,0.5462131879921546,0.540312197173086,TRUE,TRUE
1997-01-08,Amundsen_Bellingshausen,1.613370883,-0.5145193720782864,0.5145193720782864,0.540312197173086,FALSE,FALSE
1997-01-09,Amundsen_Bellingshausen,1.594226228,-0.4910960506244748,0.4910960506244748,0.540312197173086,FALSE,FALSE
1997-01-10,Amundsen_Bellingshausen,1.569878949,-0.4738007129717192,0.4738007129717192,0.540312197173086,FALSE,FALSE
1997-01-11,Amundsen_Bellingshausen,1.522171374,-0.4809160214610224,0.4809160214610224,0.540312197173086,FALSE,FALSE
1997-01-12,Amundsen_Bellingshausen,1.49069622,-0.4729742494333844,0.4729742494333844,0.540312197173086,FALSE,FALSE
1997-01-13,Amundsen_Bellingshausen,1.460924731,-0.46462914322980375,0.46462914322980375,0.540312197173086,FALSE,FALSE
1997-01-14,Amundsen_Bellingshausen,1.442081448,-0.44677919637690167,0.44677919637690167,0.540312197173086,FALSE,FALSE
1997-01-15,Amundsen_Bellingshausen,1.437136518,-0.41650711231904447,0.41650711231904447,0.540312197173086,FALSE,FALSE
1997-01-16,Amundsen_Bellingshausen,1.427363009,-0.392504747872952,0.392504747872952,0.540312197173086,FALSE,FALSE
1997-01-17,Amundsen_Bellingshausen,1.396655824,-0.39083656414002266,0.39083656414002266,0.540312197173086,FALSE,FALSE
1997-01-18,Amundsen_Bellingshausen,1.386386611,-0.37009027722165744,0.37009027722165744,0.540312197173086,FALSE,FALSE
1997-01-19,Amundsen_Bellingshausen,1.390529194,-0.3362514272192556,0.3362514272192556,0.540312197173086,FALSE,FALSE
1997-01-20,Amundsen_Bellingshausen,1.37753173,-0.3208312212342188,0.3208312212342188,0.540312197173086,FALSE,FALSE
1997-01-21,Amundsen_Bellingshausen,1.362880593,-0.30830264936794527,0.30830264936794527,0.540312197173086,FALSE,FALSE
1997-01-22,Amundsen_Bellingshausen,1.340846441,-0.304354417721836,0.304354417721836,0.540312197173086,FALSE,FALSE
1997-01-23,Amundsen_Bellingshausen,1.339946836,-0.2804283283972919,0.2804283283972919,0.540312197173086,FALSE,FALSE
1997-01-24,Amundsen_Bellingshausen,1.319539009,-0.2771265144957107,0.2771265144957107,0.540312197173086,FALSE,FALSE
1997-01-25,Amundsen_Bellingshausen,1.29488893,-0.2791423701184952,0.2791423701184952,0.540312197173086,FALSE,FALSE
1997-01-26,Amundsen_Bellingshausen,1.278150663,-0.27428119536704343,0.27428119536704343,0.540312197173086,FALSE,FALSE
1997-01-27,Amundsen_Bellingshausen,1.26951289,-0.26231587646764476,0.26231587646764476,0.540312197173086,FALSE,FALSE
1997-01-28,Amundsen_Bellingshausen,1.265087055,-0.2471114583794516,0.2471114583794516,0.540312197173086,FALSE,FALSE
1997-01-29,Amundsen_Bellingshausen,1.2719512610000001,-0.22157251404527667,0.22157251404527667,0.540312197173086,FALSE,FALSE
1997-01-30,Amundsen_Bellingshausen,1.277648853,-0.19813839433817715,0.19813839433817715,0.540312197173086,FALSE,FALSE
1997-01-31,Amundsen_Bellingshausen,1.271868609,-0.1871030171312038,0.1871030171312038,0.540312197173086,FALSE,FALSE
1997-02-01,Amundsen_Bellingshausen,1.257656564,-0.18540304329741053,0.18540304329741053,0.540312197173086,FALSE,FALSE
1997-02-02,Amundsen_Bellingshausen,1.246664091,-0.181369795709851,0.181369795709851,0.540312197173086,FALSE,FALSE
1997-02-03,Amundsen_Bellingshausen,1.233774563,-0.1801025972415773,0.1801025972415773,0.540312197173086,FALSE,FALSE
1997-02-04,Amundsen_Bellingshausen,1.220092819,-0.1804793047656421,0.1804793047656421,0.540312197173086,FALSE,FALSE
1997-02-05,Amundsen_Bellingshausen,1.206888628,-0.18121284515510097,0.18121284515510097,0.540312197173086,FALSE,FALSE
1997-02-06,Amundsen_Bellingshausen,1.191482824,-0.18496508028300496,0.18496508028300496,0.540312197173086,FALSE,FALSE
1997-02-07,Amundsen_Bellingshausen,1.18668661,-0.1789075030224072,0.1789075030224072,0.540312197173086,FALSE,FALSE
1997-02-08,Amundsen_Bellingshausen,1.175582141,-0.1799407398207964,0.1799407398207964,0.540312197173086,FALSE,FALSE
1997-02-09,Amundsen_Bellingshausen,1.176293414,-0.1699348729467074,0.1699348729467074,0.540312197173086,FALSE,FALSE
1997-02-10,Amundsen_Bellingshausen,1.16772737,-0.1699995093213209,0.1699995093213209,0.540312197173086,FALSE,FALSE
1997-02-11,Amundsen_Bellingshausen,1.179676164,-0.15036169841555624,0.15036169841555624,0.540312197173086,FALSE,FALSE
1997-02-12,Amundsen_Bellingshausen,1.190509364,-0.13267107670033584,0.13267107670033584,0.540312197173086,FALSE,FALSE
1997-02-13,Amundsen_Bellingshausen,1.199587288,-0.11758653064658088,0.11758653064658088,0.540312197173086,FALSE,FALSE
1997-02-14,Amundsen_Bellingshausen,1.187123269,-0.12491393172521104,0.12491393172521104,0.540312197173086,FALSE,FALSE
1997-02-15,Amundsen_Bellingshausen,1.199623611,-0.10816618040714876,0.10816618040714876,0.540312197173086,FALSE,FALSE
1997-02-16,Amundsen_Bellingshausen,1.18590354,-0.118547255163316,0.118547255163316,0.540312197173086,FALSE,FALSE
1997-02-17,Amundsen_Bellingshausen,1.165857512,-0.13618190446463108,0.13618190446463108,0.540312197173086,FALSE,FALSE
1997-02-18,Amundsen_Bellingshausen,1.158996865,-0.14157799478201705,0.14157799478201705,0.540312197173086,FALSE,FALSE
1997-02-19,Amundsen_Bellingshausen,1.150948978,-0.14912735158639578,0.14912735158639578,0.540312197173086,FALSE,FALSE
1997-02-20,Amundsen_Bellingshausen,1.180267869,-0.12029516134868644,0.12029516134868644,0.540312197173086,FALSE,FALSE
1997-02-21,Amundsen_Bellingshausen,1.193840202,-0.10821064160350467,0.10821064160350467,0.540312197173086,FALSE,FALSE
1997-02-22,Amundsen_Bellingshausen,1.186467744,-0.1180476208245782,0.1180476208245782,0.540312197173086,FALSE,FALSE
1997-02-23,Amundsen_Bellingshausen,1.170535885,-0.1373695044399188,0.1373695044399188,0.540312197173086,FALSE,FALSE
1997-02-24,Amundsen_Bellingshausen,1.158728529,-0.15344069941386196,0.15344069941386196,0.540312197173086,FALSE,FALSE
1997-02-25,Amundsen_Bellingshausen,1.165231279,-0.1520239137107502,0.1520239137107502,0.540312197173086,FALSE,FALSE
1997-02-26,Amundsen_Bellingshausen,1.19742235,-0.12568924329492126,0.12568924329492126,0.540312197173086,FALSE,FALSE
1997-02-27,Amundsen_Bellingshausen,1.237099212,-0.09258752913071566,0.09258752913071566,0.540312197173086,FALSE,FALSE
1997-02-28,Amundsen_Bellingshausen,1.270284292,-0.06664465518247087,0.06664465518247087,0.540312197173086,FALSE,FALSE
1997-03-01,Amundsen_Bellingshausen,1.282805671,-0.06198085141452769,0.06198085141452769,0.540312197173086,FALSE,FALSE
1997-03-02,Amundsen_Bellingshausen,1.269213932,-0.08399384579122526,0.08399384579122526,0.540312197173086,FALSE,FALSE
1997-03-03,Amundsen_Bellingshausen,1.288785677,-0.0733553472769033,0.0733553472769033,0.540312197173086,FALSE,FALSE
1997-03-04,Amundsen_Bellingshausen,1.316805303,-0.05472926983589987,0.05472926983589987,0.540312197173086,FALSE,FALSE
1997-03-05,Amundsen_Bellingshausen,1.350891186,-0.03044555175963226,0.03044555175963226,0.540312197173086,FALSE,FALSE
1997-03-06,Amundsen_Bellingshausen,1.369275831,-0.0222323786496994,0.0222323786496994,0.540312197173086,FALSE,FALSE
1997-03-07,Amundsen_Bellingshausen,1.364029722,-0.03802024967249795,0.03802024967249795,0.540312197173086,FALSE,FALSE
1997-03-08,Amundsen_Bellingshausen,1.364656955,-0.04831423785125022,0.04831423785125022,0.540312197173086,FALSE,FALSE
1997-03-09,Amundsen_Bellingshausen,1.392344365,-0.03193667720918047,0.03193667720918047,0.540312197173086,FALSE,FALSE
1997-03-10,Amundsen_Bellingshausen,1.410447395,-0.02554129376951119,0.02554129376951119,0.540312197173086,FALSE,FALSE
1997-03-11,Amundsen_Bellingshausen,1.422597639,-0.02550566255546615,0.02550566255546615,0.540312197173086,FALSE,FALSE
1997-03-12,Amundsen_Bellingshausen,1.45380053,-0.00683351959026823,0.00683351959026823,0.540312197173086,FALSE,FALSE
1997-03-13,Amundsen_Bellingshausen,1.479823748,0.0062336461028567,0.0062336461028567,0.540312197173086,FALSE,FALSE
1997-03-14,Amundsen_Bellingshausen,1.497457985,0.0104773575006889,0.0104773575006889,0.540312197173086,FALSE,FALSE
1997-03-15,Amundsen_Bellingshausen,1.512231556,0.01141676058000329,0.01141676058000329,0.540312197173086,FALSE,FALSE
1997-03-16,Amundsen_Bellingshausen,1.52609037,0.01098859531757501,0.01098859531757501,0.540312197173086,FALSE,FALSE
1997-03-17,Amundsen_Bellingshausen,1.548569895,0.01871916069018331,0.01871916069018331,0.540312197173086,FALSE,FALSE
1997-03-18,Amundsen_Bellingshausen,1.55527824,0.01020788745656187,0.01020788745656187,0.540312197173086,FALSE,FALSE
1997-03-19,Amundsen_Bellingshausen,1.559118235,-0.00163881541667976,0.00163881541667976,0.540312197173086,FALSE,FALSE
1997-03-20,Amundsen_Bellingshausen,1.559365969,-0.01752845882083042,0.01752845882083042,0.540312197173086,FALSE,FALSE
1997-03-21,Amundsen_Bellingshausen,1.552580534,-0.04088494700683309,0.04088494700683309,0.540312197173086,FALSE,FALSE
1997-03-22,Amundsen_Bellingshausen,1.545132807,-0.06532039922563238,0.06532039922563238,0.540312197173086,FALSE,FALSE
1997-03-23,Amundsen_Bellingshausen,1.554572167,-0.07326843272817207,0.07326843272817207,0.540312197173086,FALSE,FALSE
1997-03-24,Amundsen_Bellingshausen,1.579057583,-0.06655307476539263,0.06655307476539263,0.540312197173086,FALSE,FALSE
1997-03-25,Amundsen_Bellingshausen,1.611578006,-0.05216837058824031,0.05216837058824031,0.540312197173086,FALSE,FALSE
1997-03-26,Amundsen_Bellingshausen,1.635879677,-0.04635107544765793,0.04635107544765793,0.540312197173086,FALSE,FALSE
1997-03-27,Amundsen_Bellingshausen,1.639182313,-0.06186446859458705,0.06186446859458705,0.540312197173086,FALSE,FALSE
1997-03-28,Amundsen_Bellingshausen,1.634040912,-0.08613654827997319,0.08613654827997319,0.540312197173086,FALSE,FALSE
1997-03-29,Amundsen_Bellingshausen,1.639601293,-0.10000449175475934,0.10000449175475934,0.540312197173086,FALSE,FALSE
1997-03-30,Amundsen_Bellingshausen,1.666765627,-0.09254912426988816,0.09254912426988816,0.540312197173086,FALSE,FALSE
1997-03-31,Amundsen_Bellingshausen,1.699767109,-0.07952320670334778,0.07952320670334778,0.540312197173086,FALSE,FALSE
1997-04-01,Amundsen_Bellingshausen,1.74631562,-0.05321899135289065,0.05321899135289065,0.540312197173086,FALSE,FALSE
1997-04-02,Amundsen_Bellingshausen,1.778382546,-0.04167272514185027,0.04167272514185027,0.540312197173086,FALSE,FALSE
1997-04-03,Amundsen_Bellingshausen,1.812949464,-0.02791046854010193,0.02791046854010193,0.540312197173086,FALSE,FALSE
1997-04-04,Amundsen_Bellingshausen,1.859506953,-0.00244928001751798,0.00244928001751798,0.540312197173086,FALSE,FALSE
1997-04-05,Amundsen_Bellingshausen,1.898724075,0.01537226495602706,0.01537226495602706,0.540312197173086,FALSE,FALSE
1997-04-06,Amundsen_Bellingshausen,1.940937408,0.03588310691066465,0.03588310691066465,0.540312197173086,FALSE,FALSE
1997-04-07,Amundsen_Bellingshausen,1.972776341,0.04570499737651801,0.04570499737651801,0.540312197173086,FALSE,FALSE
1997-04-08,Amundsen_Bellingshausen,1.985852217,0.03644164188371746,0.03644164188371746,0.540312197173086,FALSE,FALSE
1997-04-09,Amundsen_Bellingshausen,1.989062281,0.01698264796238846,0.01698264796238846,0.540312197173086,FALSE,FALSE
1997-04-10,Amundsen_Bellingshausen,1.999423753,0.00433759814265766,0.00433759814265766,0.540312197173086,FALSE,FALSE
1997-04-11,Amundsen_Bellingshausen,2.012100272,-0.00633750604534677,0.00633750604534677,0.540312197173086,FALSE,FALSE
1997-04-12,Amundsen_Bellingshausen,2.02567534,-0.01646675096473027,0.01646675096473027,0.540312197173086,FALSE,FALSE
1997-04-13,Amundsen_Bellingshausen,2.02398545,-0.04221773212790269,0.04221773212790269,0.540312197173086,FALSE,FALSE
1997-04-14,Amundsen_Bellingshausen,2.003294894,-0.08732447657478781,0.08732447657478781,0.540312197173086,FALSE,FALSE
1997-04-15,Amundsen_Bellingshausen,1.979640955,-0.13574748145074733,0.13574748145074733,0.540312197173086,FALSE,FALSE
1997-04-16,Amundsen_Bellingshausen,1.961270566,-0.17923759390115324,0.17923759390115324,0.540312197173086,FALSE,FALSE
1997-04-17,Amundsen_Bellingshausen,1.949646182,-0.2163301390713679,0.2163301390713679,0.540312197173086,FALSE,FALSE
1997-04-18,Amundsen_Bellingshausen,1.955137,-0.2366537001067568,0.2366537001067568,0.540312197173086,FALSE,FALSE
1997-04-19,Amundsen_Bellingshausen,1.961102379,-0.2568466981526887,0.2568466981526887,0.540312197173086,FALSE,FALSE
1997-04-20,Amundsen_Bellingshausen,1.956333005,-0.2881162273545288,0.2881162273545288,0.540312197173086,FALSE,FALSE
1997-04-21,Amundsen_Bellingshausen,1.951319887,-0.3199690588576445,0.3199690588576445,0.540312197173086,FALSE,FALSE
1997-04-22,Amundsen_Bellingshausen,2.027258887,-0.2712071108073997,0.2712071108073997,0.540312197173086,FALSE,FALSE
1997-04-23,Amundsen_Bellingshausen,2.05187817,-0.27409999834916077,0.27409999834916077,0.540312197173086,FALSE,FALSE
1997-04-24,Amundsen_Bellingshausen,2.076457195,-0.27736604262829623,0.27736604262829623,0.540312197173086,FALSE,FALSE
1997-04-25,Amundsen_Bellingshausen,2.115216746,-0.2667778986222338,0.2667778986222338,0.540312197173086,FALSE,FALSE
1997-04-26,Amundsen_Bellingshausen,2.171768792,-0.2386758062288199,0.2386758062288199,0.540312197173086,FALSE,FALSE
1997-04-27,Amundsen_Bellingshausen,2.225054338,-0.2140481853627945,0.2140481853627945,0.540312197173086,FALSE,FALSE
1997-04-28,Amundsen_Bellingshausen,2.282207842,-0.18568976293479136,0.18568976293479136,0.540312197173086,FALSE,FALSE
1997-04-29,Amundsen_Bellingshausen,2.315247917,-0.18151111085544835,0.18151111085544835,0.540312197173086,FALSE,FALSE
1997-04-30,Amundsen_Bellingshausen,2.334478014,-0.19113796303540553,0.19113796303540553,0.540312197173086,FALSE,FALSE
1997-05-01,Amundsen_Bellingshausen,2.392527335,-0.16187030238529942,0.16187030238529942,0.540312197173086,FALSE,FALSE
1997-05-02,Amundsen_Bellingshausen,2.440975765,-0.14205742881576677,0.14205742881576677,0.540312197173086,FALSE,FALSE
1997-05-03,Amundsen_Bellingshausen,2.510309315,-0.1011425162374442,0.1011425162374442,0.540312197173086,FALSE,FALSE
1997-05-04,Amundsen_Bellingshausen,2.569938551,-0.06964418356096713,0.06964418356096713,0.540312197173086,FALSE,FALSE
1997-05-05,Amundsen_Bellingshausen,2.626598311,-0.04075677769697661,0.04075677769697661,0.540312197173086,FALSE,FALSE
1997-05-06,Amundsen_Bellingshausen,2.671647025,-0.02305105355610637,0.02305105355610637,0.540312197173086,FALSE,FALSE
1997-05-07,Amundsen_Bellingshausen,2.708298539,-0.01324238903212338,0.01324238903212338,0.540312197173086,FALSE,FALSE
1997-05-08,Amundsen_Bellingshausen,2.722641174,-0.02519342072089925,0.02519342072089925,0.540312197173086,FALSE,FALSE
1997-05-09,Amundsen_Bellingshausen,2.732862561,-0.04072531886863917,0.04072531886863917,0.540312197173086,FALSE,FALSE
1997-05-10,Amundsen_Bellingshausen,2.738116801,-0.06070230108640029,0.06070230108640029,0.540312197173086,FALSE,FALSE
1997-05-11,Amundsen_Bellingshausen,2.752166865,-0.07137971498524331,0.07137971498524331,0.540312197173086,FALSE,FALSE
1997-05-12,Amundsen_Bellingshausen,2.733893072,-0.1138955601762266,0.1138955601762266,0.540312197173086,FALSE,FALSE
1997-05-13,Amundsen_Bellingshausen,2.696655458,-0.17490811927040806,0.17490811927040806,0.540312197173086,FALSE,FALSE
1997-05-14,Amundsen_Bellingshausen,2.700339004,-0.1945507298788516,0.1945507298788516,0.540312197173086,FALSE,FALSE
1997-05-15,Amundsen_Bellingshausen,2.710496599,-0.20728882161261408,0.20728882161261408,0.540312197173086,FALSE,FALSE
1997-05-16,Amundsen_Bellingshausen,2.756174549,-0.18409440708275415,0.18409440708275415,0.540312197173086,FALSE,FALSE
1997-05-17,Amundsen_Bellingshausen,2.812216318,-0.15014234090033307,0.15014234090033307,0.540312197173086,FALSE,FALSE
1997-05-18,Amundsen_Bellingshausen,2.866364839,-0.11770800867640928,0.11770800867640928,0.540312197173086,FALSE,FALSE
1997-05-19,Amundsen_Bellingshausen,2.913831663,-0.09159817802204318,0.09159817802204318,0.540312197173086,FALSE,FALSE
1997-05-20,Amundsen_Bellingshausen,2.952330591,-0.07411730493895519,0.07411730493895519,0.540312197173086,FALSE,FALSE
1997-05-21,Amundsen_Bellingshausen,3.018867204,-0.0282769412239201,0.0282769412239201,0.540312197173086,FALSE,FALSE
1997-05-22,Amundsen_Bellingshausen,3.046322634,-0.02121210547407415,0.02121210547407415,0.540312197173086,FALSE,FALSE
1997-05-23,Amundsen_Bellingshausen,3.057332168,-0.03030362824072696,0.03030362824072696,0.540312197173086,FALSE,FALSE
1997-05-24,Amundsen_Bellingshausen,3.081808688,-0.02565474507518095,0.02565474507518095,0.540312197173086,FALSE,FALSE
1997-05-25,Amundsen_Bellingshausen,3.117384132,-0.00964963552874653,0.00964963552874653,0.540312197173086,FALSE,FALSE
1997-05-26,Amundsen_Bellingshausen,3.160461747,0.01409882984726884,0.01409882984726884,0.540312197173086,FALSE,FALSE
1997-05-27,Amundsen_Bellingshausen,3.196317481,0.03085048150155911,0.03085048150155911,0.540312197173086,FALSE,FALSE
1997-05-28,Amundsen_Bellingshausen,3.23527947,0.05091733788281738,0.05091733788281738,0.540312197173086,FALSE,FALSE
1997-05-29,Amundsen_Bellingshausen,3.244347329,0.04128289643973648,0.04128289643973648,0.540312197173086,FALSE,FALSE
1997-05-30,Amundsen_Bellingshausen,3.247983231,0.02639321262100757,0.02639321262100757,0.540312197173086,FALSE,FALSE
1997-05-31,Amundsen_Bellingshausen,3.250375271,0.01042026387532368,0.01042026387532368,0.540312197173086,FALSE,FALSE
1997-06-01,Amundsen_Bellingshausen,3.251011848,-0.00716366834862158,0.00716366834862158,0.540312197173086,FALSE,FALSE
1997-06-02,Amundsen_Bellingshausen,3.24958504,-0.02667445533274115,0.02667445533274115,0.540312197173086,FALSE,FALSE
1997-06-03,Amundsen_Bellingshausen,3.264553437,-0.02962521971011922,0.02962521971011922,0.540312197173086,FALSE,FALSE
1997-06-04,Amundsen_Bellingshausen,3.237313857,-0.074580810988087,0.074580810988087,0.540312197173086,FALSE,FALSE
1997-06-05,Amundsen_Bellingshausen,3.190506117,-0.13886307930187414,0.13886307930187414,0.540312197173086,FALSE,FALSE
1997-06-06,Amundsen_Bellingshausen,3.188688293,-0.1578756157867156,0.1578756157867156,0.540312197173086,FALSE,FALSE
1997-06-07,Amundsen_Bellingshausen,3.23284939,-0.1305910825778427,0.1305910825778427,0.540312197173086,FALSE,FALSE
1997-06-08,Amundsen_Bellingshausen,3.262212765,-0.11774778981048728,0.11774778981048728,0.540312197173086,FALSE,FALSE
1997-06-09,Amundsen_Bellingshausen,3.302267805,-0.09381801761988352,0.09381801761988352,0.540312197173086,FALSE,FALSE
1997-06-10,Amundsen_Bellingshausen,3.319413771,-0.09236417214126114,0.09236417214126114,0.540312197173086,FALSE,FALSE
1997-06-11,Amundsen_Bellingshausen,3.365900928,-0.06109765550985635,0.06109765550985635,0.540312197173086,FALSE,FALSE
1997-06-12,Amundsen_Bellingshausen,3.414810309,-0.02689910186090083,0.02689910186090083,0.540312197173086,FALSE,FALSE
1997-06-13,Amundsen_Bellingshausen,3.45250063,-0.00337146232962437,0.00337146232962437,0.540312197173086,FALSE,FALSE
1997-06-14,Amundsen_Bellingshausen,3.481177119,0.01172780022324015,0.01172780022324015,0.540312197173086,FALSE,FALSE
1997-06-15,Amundsen_Bellingshausen,3.490359129,0.00791021787140211,0.00791021787140211,0.540312197173086,FALSE,FALSE
1997-06-16,Amundsen_Bellingshausen,3.481270013,-0.01367058924522846,0.01367058924522846,0.540312197173086,FALSE,FALSE
1997-06-17,Amundsen_Bellingshausen,3.476761447,-0.03023716361191431,0.03023716361191431,0.540312197173086,FALSE,FALSE
1997-06-18,Amundsen_Bellingshausen,3.485511759,-0.03318539571391499,0.03318539571391499,0.540312197173086,FALSE,FALSE
1997-06-19,Amundsen_Bellingshausen,3.472583137,-0.05752731603648842,0.05752731603648842,0.540312197173086,FALSE,FALSE
1997-06-20,Amundsen_Bellingshausen,3.4879869549999998,-0.05332576906489583,0.05332576906489583,0.540312197173086,FALSE,FALSE
1997-06-21,Amundsen_Bellingshausen,3.512433751,-0.03994443528439362,0.03994443528439362,0.540312197173086,FALSE,FALSE
1997-06-22,Amundsen_Bellingshausen,3.505509711,-0.05787134718024411,0.05787134718024411,0.540312197173086,FALSE,FALSE
1997-06-23,Amundsen_Bellingshausen,3.483954493,-0.0904410652377048,0.0904410652377048,0.540312197173086,FALSE,FALSE
1997-06-24,Amundsen_Bellingshausen,3.477784651,-0.10771125394203772,0.10771125394203772,0.540312197173086,FALSE,FALSE
1997-06-25,Amundsen_Bellingshausen,3.464849207,-0.13190710977849918,0.13190710977849918,0.540312197173086,FALSE,FALSE
1997-06-26,Amundsen_Bellingshausen,3.463506949,-0.14474406323235112,0.14474406323235112,0.540312197173086,FALSE,FALSE
1997-06-27,Amundsen_Bellingshausen,3.445653132,-0.1743919673506058,0.1743919673506058,0.540312197173086,FALSE,FALSE
1997-06-28,Amundsen_Bellingshausen,3.411352795,-0.22078204810536128,0.22078204810536128,0.540312197173086,FALSE,FALSE
1997-06-29,Amundsen_Bellingshausen,3.433445847,-0.21103920436168933,0.21103920436168933,0.540312197173086,FALSE,FALSE
1997-06-30,Amundsen_Bellingshausen,3.461202759,-0.19585761124761492,0.19585761124761492,0.540312197173086,FALSE,FALSE
1997-07-01,Amundsen_Bellingshausen,3.517227353,-0.152598092891159,0.152598092891159,0.540312197173086,FALSE,FALSE
1997-07-02,Amundsen_Bellingshausen,3.624480235,-0.05826468942034779,0.05826468942034779,0.540312197173086,FALSE,FALSE
1997-07-03,Amundsen_Bellingshausen,3.698247324,0.00246387203679576,0.00246387203679576,0.540312197173086,FALSE,FALSE
1997-07-04,Amundsen_Bellingshausen,3.747546806,0.03864113135225011,0.03864113135225011,0.540312197173086,FALSE,FALSE
1997-07-05,Amundsen_Bellingshausen,3.78384679,0.06177055139798737,0.06177055139798737,0.540312197173086,FALSE,FALSE
1997-07-06,Amundsen_Bellingshausen,3.843636368,0.10837657804598688,0.10837657804598688,0.540312197173086,FALSE,FALSE
1997-07-07,Amundsen_Bellingshausen,3.889156977,0.14073600216822646,0.14073600216822646,0.540312197173086,FALSE,FALSE
1997-07-08,Amundsen_Bellingshausen,3.9424418979999998,0.18091745863667977,0.18091745863667977,0.540312197173086,FALSE,FALSE
1997-07-09,Amundsen_Bellingshausen,3.987542994,0.21300812800991095,0.21300812800991095,0.540312197173086,FALSE,FALSE
1997-07-10,Amundsen_Bellingshausen,4.004797121,0.21737312105548323,0.21737312105548323,0.540312197173086,FALSE,FALSE
1997-07-11,Amundsen_Bellingshausen,3.968603359,0.16842431580334027,0.16842431580334027,0.540312197173086,FALSE,FALSE
1997-07-12,Amundsen_Bellingshausen,3.916048702,0.10325945879586128,0.10325945879586128,0.540312197173086,FALSE,FALSE
1997-07-13,Amundsen_Bellingshausen,3.878830191,0.05358634357542335,0.05358634357542335,0.540312197173086,FALSE,FALSE
1997-07-14,Amundsen_Bellingshausen,3.862056337,0.02452423368440781,0.02452423368440781,0.540312197173086,FALSE,FALSE
1997-07-15,Amundsen_Bellingshausen,3.845525591,-0.00411766733480556,0.00411766733480556,0.540312197173086,FALSE,FALSE
1997-07-16,Amundsen_Bellingshausen,3.857768177,-0.0037983829398418,0.0037983829398418,0.540312197173086,FALSE,FALSE
1997-07-17,Amundsen_Bellingshausen,3.866627604,-0.00666365158832027,0.00666365158832027,0.540312197173086,FALSE,FALSE
1997-07-18,Amundsen_Bellingshausen,3.892886653,0.00808006026214247,0.00808006026214247,0.540312197173086,FALSE,FALSE
1997-07-19,Amundsen_Bellingshausen,3.901824754,0.0057229351539183,0.0057229351539183,0.540312197173086,FALSE,FALSE
1997-07-20,Amundsen_Bellingshausen,3.868620897,-0.03854528437061333,0.03854528437061333,0.540312197173086,FALSE,FALSE
1997-07-21,Amundsen_Bellingshausen,3.812877641,-0.10511128676906888,0.10511128676906888,0.540312197173086,FALSE,FALSE
1997-07-22,Amundsen_Bellingshausen,3.807338963,-0.12122006254499552,0.12122006254499552,0.540312197173086,FALSE,FALSE
1997-07-23,Amundsen_Bellingshausen,3.830107451,-0.1087541271924466,0.1087541271924466,0.540312197173086,FALSE,FALSE
1997-07-24,Amundsen_Bellingshausen,3.86547943,-0.08339944257560994,0.08339944257560994,0.540312197173086,FALSE,FALSE
1997-07-25,Amundsen_Bellingshausen,3.868787775,-0.08980535666654932,0.08980535666654932,0.540312197173086,FALSE,FALSE
1997-07-26,Amundsen_Bellingshausen,3.906038276,-0.06194830243732596,0.06194830243732596,0.540312197173086,FALSE,FALSE
1997-07-27,Amundsen_Bellingshausen,3.953652812,-0.02338862385999762,0.02338862385999762,0.540312197173086,FALSE,FALSE
1997-07-28,Amundsen_Bellingshausen,3.981267038,-0.00447288890663655,0.00447288890663655,0.540312197173086,FALSE,FALSE
1997-07-29,Amundsen_Bellingshausen,3.973932297,-0.02013197754929674,0.02013197754929674,0.540312197173086,FALSE,FALSE
1997-07-30,Amundsen_Bellingshausen,3.98644303,-0.01555367176004907,0.01555367176004907,0.540312197173086,FALSE,FALSE
1997-07-31,Amundsen_Bellingshausen,3.993875443,-0.01564398851094894,0.01564398851094894,0.540312197173086,FALSE,FALSE
1997-08-01,Amundsen_Bellingshausen,4.023441242,0.006826555225941,0.006826555225941,0.540312197173086,FALSE,FALSE
1997-08-02,Amundsen_Bellingshausen,4.103670671,0.0804059804785533,0.0804059804785533,0.540312197173086,FALSE,FALSE
1997-08-03,Amundsen_Bellingshausen,4.169790315,0.14033864874733837,0.14033864874733837,0.540312197173086,FALSE,FALSE
1997-08-04,Amundsen_Bellingshausen,4.224729298,0.1895572203993625,0.1895572203993625,0.540312197173086,FALSE,FALSE
1997-08-05,Amundsen_Bellingshausen,4.235428343,0.1949545851399064,0.1949545851399064,0.540312197173086,FALSE,FALSE
1997-08-06,Amundsen_Bellingshausen,4.212979301,0.1675631812029339,0.1675631812029339,0.540312197173086,FALSE,FALSE
1997-08-07,Amundsen_Bellingshausen,4.226423353,0.17636477682239793,0.17636477682239793,0.540312197173086,FALSE,FALSE
1997-08-08,Amundsen_Bellingshausen,4.18948217,0.13502163023225933,0.13502163023225933,0.540312197173086,FALSE,FALSE
1997-08-09,Amundsen_Bellingshausen,4.16376479,0.10508336666647188,0.10508336666647188,0.540312197173086,FALSE,FALSE
1997-08-10,Amundsen_Bellingshausen,4.143293519,0.08051287935899243,0.08051287935899243,0.540312197173086,FALSE,FALSE
1997-08-11,Amundsen_Bellingshausen,4.144832929,0.07801532754378382,0.07801532754378382,0.540312197173086,FALSE,FALSE
1997-08-12,Amundsen_Bellingshausen,4.125375642,0.05452392045479826,0.05452392045479826,0.540312197173086,FALSE,FALSE
1997-08-13,Amundsen_Bellingshausen,4.1099407039999996,0.03499829132599608,0.03499829132599608,0.540312197173086,FALSE,FALSE
1997-08-14,Amundsen_Bellingshausen,4.092834002,0.01368491439133201,0.01368491439133201,0.540312197173086,FALSE,FALSE
1997-08-15,Amundsen_Bellingshausen,4.083373652,-1.5750711523576655e-4,1.5750711523576655e-4,0.540312197173086,FALSE,FALSE
1997-08-16,Amundsen_Bellingshausen,4.1008903,0.01274442167974054,0.01274442167974054,0.540312197173086,FALSE,FALSE
1997-08-17,Amundsen_Bellingshausen,4.107810507,0.01482425965228184,0.01482425965228184,0.540312197173086,FALSE,FALSE
1997-08-18,Amundsen_Bellingshausen,4.11225314,0.01428140972895697,0.01428140972895697,0.540312197173086,FALSE,FALSE
1997-08-19,Amundsen_Bellingshausen,4.139456211,0.03643844991160794,0.03643844991160794,0.540312197173086,FALSE,FALSE
1997-08-20,Amundsen_Bellingshausen,4.168451316,0.06041154220207101,0.06041154220207101,0.540312197173086,FALSE,FALSE
1997-08-21,Amundsen_Bellingshausen,4.200173494,0.08722029160217737,0.08722029160217737,0.540312197173086,FALSE,FALSE
1997-08-22,Amundsen_Bellingshausen,4.177907787,0.06023430611376668,0.06023430611376668,0.540312197173086,FALSE,FALSE
1997-08-23,Amundsen_Bellingshausen,4.118124738,-0.00399130526132562,0.00399130526132562,0.540312197173086,FALSE,FALSE
1997-08-24,Amundsen_Bellingshausen,4.133444218,0.00724789447873774,0.00724789447873774,0.540312197173086,FALSE,FALSE
1997-08-25,Amundsen_Bellingshausen,4.093485138,-0.03634461766420571,0.03634461766420571,0.540312197173086,FALSE,FALSE
1997-08-26,Amundsen_Bellingshausen,4.081955567,-0.05097620668832992,0.05097620668832992,0.540312197173086,FALSE,FALSE
1997-08-27,Amundsen_Bellingshausen,4.091533008,-0.04388480359178359,0.04388480359178359,0.540312197173086,FALSE,FALSE
1997-08-28,Amundsen_Bellingshausen,4.087745892,-0.04945741137274329,0.04945741137274329,0.540312197173086,FALSE,FALSE
1997-08-29,Amundsen_Bellingshausen,4.061803715,-0.07641495950637989,0.07641495950637989,0.540312197173086,FALSE,FALSE
1997-08-30,Amundsen_Bellingshausen,4.014965394,-0.1235200701077579,0.1235200701077579,0.540312197173086,FALSE,FALSE
1997-08-31,Amundsen_Bellingshausen,4.007714972,-0.13034447358898582,0.13034447358898582,0.540312197173086,FALSE,FALSE
1997-09-01,Amundsen_Bellingshausen,4.053629783,-0.08336667076725934,0.08336667076725934,0.540312197173086,FALSE,FALSE
1997-09-02,Amundsen_Bellingshausen,4.096473478,-0.03887884545978171,0.03887884545978171,0.540312197173086,FALSE,FALSE
1997-09-03,Amundsen_Bellingshausen,4.132667179,-5.15710483744769e-4,5.15710483744769e-4,0.540312197173086,FALSE,FALSE
1997-09-04,Amundsen_Bellingshausen,4.125206597,-0.00533738965635066,0.00533738965635066,0.540312197173086,FALSE,FALSE
1997-09-05,Amundsen_Bellingshausen,4.098512711,-0.02897873879479551,0.02897873879479551,0.540312197173086,FALSE,FALSE
1997-09-06,Amundsen_Bellingshausen,4.054132302,-0.06994881171627654,0.06994881171627654,0.540312197173086,FALSE,FALSE
1997-09-07,Amundsen_Bellingshausen,4.040772235,-0.07959657823799215,0.07959657823799215,0.540312197173086,FALSE,FALSE
1997-09-08,Amundsen_Bellingshausen,4.063188761,-0.05322162217714421,0.05322162217714421,0.540312197173086,FALSE,FALSE
1997-09-09,Amundsen_Bellingshausen,4.096857875,-0.01540378335092729,0.01540378335092729,0.540312197173086,FALSE,FALSE
1997-09-10,Amundsen_Bellingshausen,4.087838488,-0.02013972905055983,0.02013972905055983,0.540312197173086,FALSE,FALSE
1997-09-11,Amundsen_Bellingshausen,4.11430187,0.01071058486459719,0.01071058486459719,0.540312197173086,FALSE,FALSE
1997-09-12,Amundsen_Bellingshausen,4.127571227,0.02848320689228956,0.02848320689228956,0.540312197173086,FALSE,FALSE
1997-09-13,Amundsen_Bellingshausen,4.154249148,0.05979820854408402,0.05979820854408402,0.540312197173086,FALSE,FALSE
1997-09-14,Amundsen_Bellingshausen,4.208446625,0.11878406433154608,0.11878406433154608,0.540312197173086,FALSE,FALSE
1997-09-15,Amundsen_Bellingshausen,4.192947489,0.10824208776622868,0.10824208776622868,0.540312197173086,FALSE,FALSE
1997-09-16,Amundsen_Bellingshausen,4.183738185,0.10417620635970248,0.10417620635970248,0.540312197173086,FALSE,FALSE
1997-09-17,Amundsen_Bellingshausen,4.189568356,0.11535354562352484,0.11535354562352484,0.540312197173086,FALSE,FALSE
1997-09-18,Amundsen_Bellingshausen,4.222599824,0.1539534100692581,0.1539534100692581,0.540312197173086,FALSE,FALSE
1997-09-19,Amundsen_Bellingshausen,4.292370862,0.22953155520847,0.22953155520847,0.540312197173086,FALSE,FALSE
1997-09-20,Amundsen_Bellingshausen,4.35814315,0.30136714355272076,0.30136714355272076,0.540312197173086,FALSE,FALSE
1997-09-21,Amundsen_Bellingshausen,4.401962562,0.3515235316135694,0.3515235316135694,0.540312197173086,FALSE,FALSE
1997-09-22,Amundsen_Bellingshausen,4.417870311,0.37405941490258066,0.37405941490258066,0.540312197173086,FALSE,FALSE
1997-09-23,Amundsen_Bellingshausen,4.461840386,0.4249656838561302,0.4249656838561302,0.540312197173086,FALSE,FALSE
1997-09-24,Amundsen_Bellingshausen,4.507553448,0.477933679846938,0.477933679846938,0.540312197173086,FALSE,FALSE
1997-09-25,Amundsen_Bellingshausen,4.559156379,0.5371171914549082,0.5371171914549082,0.540312197173086,FALSE,FALSE
1997-09-26,Amundsen_Bellingshausen,4.600407853,0.5862817463094538,0.5862817463094538,0.540312197173086,TRUE,TRUE
1997-09-27,Amundsen_Bellingshausen,4.630533843,0.6246601710399968,0.6246601710399968,0.540312197173086,TRUE,TRUE
1997-09-28,Amundsen_Bellingshausen,4.651975212,0.6547001822759526,0.6547001822759526,0.540312197173086,TRUE,TRUE
1997-09-29,Amundsen_Bellingshausen,4.642472033,0.6541487066467417,0.6541487066467417,0.540312197173086,TRUE,TRUE
1997-09-30,Amundsen_Bellingshausen,4.652314657,0.6733029487817794,0.6733029487817794,0.540312197173086,TRUE,TRUE
1997-10-01,Amundsen_Bellingshausen,4.676803383,0.707470061310489,0.707470061310489,0.540312197173086,TRUE,TRUE
1997-10-02,Amundsen_Bellingshausen,4.647357584,0.6880762708622847,0.6880762708622847,0.540312197173086,TRUE,TRUE
1997-10-03,Amundsen_Bellingshausen,4.646221007,0.6973721780665882,0.6973721780665882,0.540312197173086,TRUE,TRUE
1997-10-04,Amundsen_Bellingshausen,4.6117962,0.6737671845528155,0.6737671845528155,0.540312197173086,TRUE,TRUE
1997-10-05,Amundsen_Bellingshausen,4.559635491,0.6328204568421523,0.6328204568421523,0.540312197173086,TRUE,TRUE
1997-10-06,Amundsen_Bellingshausen,4.493123257,0.5779049350893084,0.5779049350893084,0.540312197173086,TRUE,TRUE
1997-10-07,Amundsen_Bellingshausen,4.455213826,0.5519097525575978,0.5519097525575978,0.540312197173086,TRUE,TRUE
1997-10-08,Amundsen_Bellingshausen,4.432220278,0.5410729596101214,0.5410729596101214,0.540312197173086,TRUE,TRUE
1997-10-09,Amundsen_Bellingshausen,4.438768073,0.5599449866099744,0.5599449866099744,0.540312197173086,TRUE,TRUE
1997-10-10,Amundsen_Bellingshausen,4.463744756,0.5973383489202488,0.5973383489202488,0.540312197173086,TRUE,TRUE
1997-10-11,Amundsen_Bellingshausen,4.466729772,0.6127574619040463,0.6127574619040463,0.540312197173086,TRUE,TRUE
1997-10-12,Amundsen_Bellingshausen,4.40334198,0.5617461549244629,0.5617461549244629,0.540312197173086,TRUE,TRUE
1997-10-13,Amundsen_Bellingshausen,4.37365646,0.5443044783445923,0.5443044783445923,0.540312197173086,TRUE,TRUE
1997-10-14,Amundsen_Bellingshausen,4.377579469,0.5602636595275348,0.5602636595275348,0.540312197173086,TRUE,TRUE
1997-10-15,Amundsen_Bellingshausen,4.378106536,0.5725441978363843,0.5725441978363843,0.540312197173086,TRUE,TRUE
1997-10-16,Amundsen_Bellingshausen,4.378055525,0.5838889276342378,0.5838889276342378,0.540312197173086,TRUE,TRUE
1997-10-17,Amundsen_Bellingshausen,4.356814622,0.5736110052841932,0.5736110052841932,0.540312197173086,TRUE,TRUE
1997-10-18,Amundsen_Bellingshausen,4.316379768,0.5436346345883223,0.5436346345883223,0.540312197173086,TRUE,TRUE
1997-10-19,Amundsen_Bellingshausen,4.250101983,0.48730902877700455,0.48730902877700455,0.540312197173086,FALSE,FALSE
1997-10-20,Amundsen_Bellingshausen,4.188680923,0.43539889163927015,0.43539889163927015,0.540312197173086,FALSE,FALSE
1997-10-21,Amundsen_Bellingshausen,4.151045863,0.4069012228389819,0.4069012228389819,0.540312197173086,FALSE,FALSE
1997-10-22,Amundsen_Bellingshausen,4.126265188,0.3909521320399967,0.3909521320399967,0.540312197173086,FALSE,FALSE
1997-10-23,Amundsen_Bellingshausen,4.121728168,0.3950086139061803,0.3950086139061803,0.540312197173086,FALSE,FALSE
1997-10-24,Amundsen_Bellingshausen,4.13305383,0.4147574201013886,0.4147574201013886,0.540312197173086,FALSE,FALSE
1997-10-25,Amundsen_Bellingshausen,4.160793374,0.450817475289484,0.450817475289484,0.540312197173086,FALSE,FALSE
1997-10-26,Amundsen_Bellingshausen,4.194577483,0.49288718713432633,0.49288718713432633,0.540312197173086,FALSE,FALSE
1997-10-27,Amundsen_Bellingshausen,4.205774707,0.5124028302997781,0.5124028302997781,0.540312197173086,FALSE,FALSE
1997-10-28,Amundsen_Bellingshausen,4.217536081,0.5325831644496972,0.5325831644496972,0.540312197173086,FALSE,FALSE
1997-10-29,Amundsen_Bellingshausen,4.238876266,0.5625105752479449,0.5625105752479449,0.540312197173086,TRUE,FALSE
1997-10-30,Amundsen_Bellingshausen,4.225177166,0.5576346913583827,0.5576346913583827,0.540312197173086,TRUE,FALSE
1997-10-31,Amundsen_Bellingshausen,4.194380355,0.5359537859838501,0.5359537859838501,0.540312197173086,FALSE,FALSE
1997-11-01,Amundsen_Bellingshausen,4.1980314,0.5490158556139666,0.5490158556139666,0.540312197173086,TRUE,TRUE
1997-11-02,Amundsen_Bellingshausen,4.224560336,0.585236695191313,0.585236695191313,0.540312197173086,TRUE,TRUE
1997-11-03,Amundsen_Bellingshausen,4.22955403,0.6001889271772503,0.6001889271772503,0.540312197173086,TRUE,TRUE
1997-11-04,Amundsen_Bellingshausen,4.227952332,0.6087981570331435,0.6087981570331435,0.540312197173086,TRUE,TRUE
1997-11-05,Amundsen_Bellingshausen,4.229906567,0.6212014652203561,0.6212014652203561,0.540312197173086,TRUE,TRUE
1997-11-06,Amundsen_Bellingshausen,4.220148599,0.6221164712002558,0.6221164712002558,0.540312197173086,TRUE,TRUE
1997-11-07,Amundsen_Bellingshausen,4.208872112,0.6217226144342027,0.6217226144342027,0.540312197173086,TRUE,TRUE
1997-11-08,Amundsen_Bellingshausen,4.242323114,0.6662516583835645,0.6662516583835645,0.540312197173086,TRUE,TRUE
1997-11-09,Amundsen_Bellingshausen,4.319787888,0.7549756415097062,0.7549756415097062,0.540312197173086,TRUE,TRUE
1997-11-10,Amundsen_Bellingshausen,4.346933787,0.7935476722739923,0.7935476722739923,0.540312197173086,TRUE,TRUE
1997-11-11,Amundsen_Bellingshausen,4.340861386,0.7990540811377849,0.7990540811377849,0.540312197173086,TRUE,TRUE
1997-11-12,Amundsen_Bellingshausen,4.32515397,0.7950638877414815,0.7950638877414815,0.540312197173086,TRUE,TRUE
1997-11-13,Amundsen_Bellingshausen,4.316534966,0.7982851019303632,0.7982851019303632,0.540312197173086,TRUE,TRUE
1997-11-14,Amundsen_Bellingshausen,4.296143237,0.7898394381613043,0.7898394381613043,0.540312197173086,TRUE,TRUE
1997-11-15,Amundsen_Bellingshausen,4.274714804,0.7804456260801702,0.7804456260801702,0.540312197173086,TRUE,TRUE
1997-11-16,Amundsen_Bellingshausen,4.263566247,0.7814029543328176,0.7814029543328176,0.540312197173086,TRUE,TRUE
1997-11-17,Amundsen_Bellingshausen,4.277497801,0.8074943665651095,0.8074943665651095,0.540312197173086,TRUE,TRUE
1997-11-18,Amundsen_Bellingshausen,4.283096989,0.8252900944229049,0.8252900944229049,0.540312197173086,TRUE,TRUE
1997-11-19,Amundsen_Bellingshausen,4.262728335,0.8171373705520675,0.8171373705520675,0.540312197173086,TRUE,TRUE
1997-11-20,Amundsen_Bellingshausen,4.273003041,0.8396301055984527,0.8396301055984527,0.540312197173086,TRUE,TRUE
1997-11-21,Amundsen_Bellingshausen,4.28487331,0.863703211207925,0.863703211207925,0.540312197173086,TRUE,TRUE
1997-11-22,Amundsen_Bellingshausen,4.282149736,0.873149990026346,0.873149990026346,0.540312197173086,TRUE,TRUE
1997-11-23,Amundsen_Bellingshausen,4.247419691,0.8505405226995735,0.8505405226995735,0.540312197173086,TRUE,TRUE
1997-11-24,Amundsen_Bellingshausen,4.217541344,0.8327156868734682,0.8327156868734682,0.540312197173086,TRUE,TRUE
1997-11-25,Amundsen_Bellingshausen,4.208368635,0.8355168694980124,0.8355168694980124,0.540312197173086,TRUE,TRUE
1997-11-26,Amundsen_Bellingshausen,4.195438479,0.8345085083055408,0.8345085083055408,0.540312197173086,TRUE,TRUE
1997-11-27,Amundsen_Bellingshausen,4.110049091,0.761036492170736,0.761036492170736,0.540312197173086,TRUE,TRUE
1997-11-28,Amundsen_Bellingshausen,4.025150775,0.6880989516014893,0.6880989516014893,0.540312197173086,TRUE,TRUE
1997-11-29,Amundsen_Bellingshausen,3.956495919,0.6314961011056766,0.6314961011056766,0.540312197173086,TRUE,TRUE
1997-11-30,Amundsen_Bellingshausen,3.914992259,0.6021835031911849,0.6021835031911849,0.540312197173086,TRUE,TRUE
1997-12-01,Amundsen_Bellingshausen,3.873295459,0.5728646483658966,0.5728646483658966,0.540312197173086,TRUE,TRUE
1997-12-02,Amundsen_Bellingshausen,3.866381162,0.5785630061376956,0.5785630061376956,0.540312197173086,TRUE,TRUE
1997-12-03,Amundsen_Bellingshausen,3.848838057,0.573915092014464,0.573915092014464,0.540312197173086,TRUE,TRUE
1997-12-04,Amundsen_Bellingshausen,3.840303328,0.5786059165040882,0.5786059165040882,0.540312197173086,TRUE,TRUE
1997-12-05,Amundsen_Bellingshausen,3.831343797,0.5832501281144489,0.5832501281144489,0.540312197173086,TRUE,TRUE
1997-12-06,Amundsen_Bellingshausen,3.817673766,0.5836098553534312,0.5836098553534312,0.540312197173086,TRUE,TRUE
1997-12-07,Amundsen_Bellingshausen,3.816388571,0.5968283314947347,0.5968283314947347,0.540312197173086,TRUE,TRUE
1997-12-08,Amundsen_Bellingshausen,3.809230564,0.6047177737857599,0.6047177737857599,0.540312197173086,TRUE,TRUE
1997-12-09,Amundsen_Bellingshausen,3.797861939,0.6090632201603121,0.6090632201603121,0.540312197173086,TRUE,TRUE
1997-12-10,Amundsen_Bellingshausen,3.768122461,0.5958351056852833,0.5958351056852833,0.540312197173086,TRUE,TRUE
1997-12-11,Amundsen_Bellingshausen,3.749590287,0.5947422574275705,0.5947422574275705,0.540312197173086,TRUE,TRUE
1997-12-12,Amundsen_Bellingshausen,3.720562403,0.5842123314540637,0.5842123314540637,0.540312197173086,TRUE,TRUE
1997-12-13,Amundsen_Bellingshausen,3.701819296,0.5851564848316633,0.5851564848316633,0.540312197173086,TRUE,TRUE
1997-12-14,Amundsen_Bellingshausen,3.668924435,0.5732688566272568,0.5732688566272568,0.540312197173086,TRUE,TRUE
1997-12-15,Amundsen_Bellingshausen,3.62712448,0.5539267769077427,0.5539267769077427,0.540312197173086,TRUE,TRUE
1997-12-16,Amundsen_Bellingshausen,3.59113444,0.5419759247400151,0.5419759247400151,0.540312197173086,TRUE,TRUE
1997-12-17,Amundsen_Bellingshausen,3.566161772,0.5427544271909674,0.5427544271909674,0.540312197173086,TRUE,TRUE
1997-12-18,Amundsen_Bellingshausen,3.555499282,0.5596857603274938,0.5596857603274938,0.540312197173086,TRUE,TRUE
1997-12-19,Amundsen_Bellingshausen,3.505989847,0.539743471216489,0.539743471216489,0.540312197173086,FALSE,FALSE
1997-12-20,Amundsen_Bellingshausen,3.462647201,0.5280620190584044,0.5280620190584044,0.540312197173086,FALSE,FALSE
1997-12-21,Amundsen_Bellingshausen,3.432341192,0.5314747295461317,0.5314747295461317,0.540312197173086,FALSE,FALSE
1997-12-22,Amundsen_Bellingshausen,3.383133746,0.5178814881101474,0.5178814881101474,0.540312197173086,FALSE,FALSE
1997-12-23,Amundsen_Bellingshausen,3.293595529,0.4656874223732452,0.4656874223732452,0.540312197173086,FALSE,FALSE
1997-12-24,Amundsen_Bellingshausen,3.199198316,0.4101987689582054,0.4101987689582054,0.540312197173086,FALSE,FALSE
1997-12-25,Amundsen_Bellingshausen,3.154115144,0.4054230264878176,0.4054230264878176,0.540312197173086,FALSE,FALSE
1997-12-26,Amundsen_Bellingshausen,3.078586922,0.3714355655848691,0.3714355655848691,0.540312197173086,FALSE,FALSE
1997-12-27,Amundsen_Bellingshausen,2.952730869,0.28818806687214904,0.28818806687214904,0.540312197173086,FALSE,FALSE
1997-12-28,Amundsen_Bellingshausen,2.897174076,0.27614208297244014,0.27614208297244014,0.540312197173086,FALSE,FALSE
1997-12-29,Amundsen_Bellingshausen,2.824171575,0.247387107508529,0.247387107508529,0.540312197173086,FALSE,FALSE
1997-12-30,Amundsen_Bellingshausen,2.739040349,0.20707458510321075,0.20707458510321075,0.540312197173086,FALSE,FALSE
1997-12-31,Amundsen_Bellingshausen,2.691513897,0.20477247637926377,0.20477247637926377,0.540312197173086,FALSE,FALSE
1998-01-01,Amundsen_Bellingshausen,2.596698281,0.15542130495947593,0.15542130495947593,0.540312197173086,FALSE,FALSE
1998-01-02,Amundsen_Bellingshausen,2.471603155,0.07587194447267098,0.07587194447267098,0.540312197173086,FALSE,FALSE
1998-01-03,Amundsen_Bellingshausen,2.389931832,0.03969595957181138,0.03969595957181138,0.540312197173086,FALSE,FALSE
1998-01-04,Amundsen_Bellingshausen,2.277304777,-0.02761117508409594,0.02761117508409594,0.540312197173086,FALSE,FALSE
1998-01-05,Amundsen_Bellingshausen,2.174258366,-0.08563807383606115,0.08563807383606115,0.540312197173086,FALSE,FALSE
1998-01-06,Amundsen_Bellingshausen,2.109656389,-0.1056459370250793,0.1056459370250793,0.540312197173086,FALSE,FALSE
1998-01-07,Amundsen_Bellingshausen,1.977102948,-0.19415565299215465,0.19415565299215465,0.540312197173086,FALSE,FALSE
1998-01-08,Amundsen_Bellingshausen,1.850767574,-0.2771226810782863,0.2771226810782863,0.540312197173086,FALSE,FALSE
1998-01-09,Amundsen_Bellingshausen,1.805583299,-0.2797389796244747,0.2797389796244747,0.540312197173086,FALSE,FALSE
1998-01-10,Amundsen_Bellingshausen,1.758236384,-0.2854432779717193,0.2854432779717193,0.540312197173086,FALSE,FALSE
1998-01-11,Amundsen_Bellingshausen,1.694329721,-0.30875767446102254,0.30875767446102254,0.540312197173086,FALSE,FALSE
1998-01-12,Amundsen_Bellingshausen,1.664506573,-0.2991638964333845,0.2991638964333845,0.540312197173086,FALSE,FALSE
1998-01-13,Amundsen_Bellingshausen,1.630278521,-0.2952753532298038,0.2952753532298038,0.540312197173086,FALSE,FALSE
1998-01-14,Amundsen_Bellingshausen,1.605148356,-0.28371228837690166,0.28371228837690166,0.540312197173086,FALSE,FALSE
1998-01-15,Amundsen_Bellingshausen,1.595043342,-0.25860028831904436,0.25860028831904436,0.540312197173086,FALSE,FALSE
1998-01-16,Amundsen_Bellingshausen,1.577908922,-0.241958834872952,0.241958834872952,0.540312197173086,FALSE,FALSE
1998-01-17,Amundsen_Bellingshausen,1.56567444,-0.22181794814002265,0.22181794814002265,0.540312197173086,FALSE,FALSE
1998-01-18,Amundsen_Bellingshausen,1.572343649,-0.18413323922165747,0.18413323922165747,0.540312197173086,FALSE,FALSE
1998-01-19,Amundsen_Bellingshausen,1.544352991,-0.18242763021925557,0.18242763021925557,0.540312197173086,FALSE,FALSE
1998-01-20,Amundsen_Bellingshausen,1.50783009,-0.19053286123421895,0.19053286123421895,0.540312197173086,FALSE,FALSE
1998-01-21,Amundsen_Bellingshausen,1.466120728,-0.20506251436794545,0.20506251436794545,0.540312197173086,FALSE,FALSE
1998-01-22,Amundsen_Bellingshausen,1.45995216,-0.185248698721836,0.185248698721836,0.540312197173086,FALSE,FALSE
1998-01-23,Amundsen_Bellingshausen,1.451865362,-0.16850980239729196,0.16850980239729196,0.540312197173086,FALSE,FALSE
1998-01-24,Amundsen_Bellingshausen,1.430922557,-0.16574296649571085,0.16574296649571085,0.540312197173086,FALSE,FALSE
1998-01-25,Amundsen_Bellingshausen,1.419770184,-0.15426111611849502,0.15426111611849502,0.540312197173086,FALSE,FALSE
1998-01-26,Amundsen_Bellingshausen,1.413970491,-0.1384613673670434,0.1384613673670434,0.540312197173086,FALSE,FALSE
1998-01-27,Amundsen_Bellingshausen,1.398362923,-0.13346584346764456,0.13346584346764456,0.540312197173086,FALSE,FALSE
1998-01-28,Amundsen_Bellingshausen,1.363917904,-0.14828060937945153,0.14828060937945153,0.540312197173086,FALSE,FALSE
1998-01-29,Amundsen_Bellingshausen,1.347837506,-0.1456862690452767,0.1456862690452767,0.540312197173086,FALSE,FALSE
1998-01-30,Amundsen_Bellingshausen,1.320019647,-0.15576760033817716,0.15576760033817716,0.540312197173086,FALSE,FALSE
1998-01-31,Amundsen_Bellingshausen,1.287857215,-0.17111441113120374,0.17111441113120374,0.540312197173086,FALSE,FALSE
1998-02-01,Amundsen_Bellingshausen,1.237062818,-0.2059967892974104,0.2059967892974104,0.540312197173086,FALSE,FALSE
1998-02-02,Amundsen_Bellingshausen,1.198895693,-0.2291381937098509,0.2291381937098509,0.540312197173086,FALSE,FALSE
1998-02-03,Amundsen_Bellingshausen,1.187763343,-0.2261138172415773,0.2261138172415773,0.540312197173086,FALSE,FALSE
1998-02-04,Amundsen_Bellingshausen,1.168689993,-0.23188213076564201,0.23188213076564201,0.540312197173086,FALSE,FALSE
1998-02-05,Amundsen_Bellingshausen,1.141755184,-0.24634628915510093,0.24634628915510093,0.540312197173086,FALSE,FALSE
1998-02-06,Amundsen_Bellingshausen,1.119549591,-0.25689831328300494,0.25689831328300494,0.540312197173086,FALSE,FALSE
1998-02-07,Amundsen_Bellingshausen,1.107549918,-0.2580441950224073,0.2580441950224073,0.540312197173086,FALSE,FALSE
1998-02-08,Amundsen_Bellingshausen,1.09341705,-0.2621058308207964,0.2621058308207964,0.540312197173086,FALSE,FALSE
1998-02-09,Amundsen_Bellingshausen,1.073476995,-0.27275129194670744,0.27275129194670744,0.540312197173086,FALSE,FALSE
1998-02-10,Amundsen_Bellingshausen,1.034013271,-0.30371360832132077,0.30371360832132077,0.540312197173086,FALSE,FALSE
1998-02-11,Amundsen_Bellingshausen,1.047366022,-0.28267184041555615,0.28267184041555615,0.540312197173086,FALSE,FALSE
1998-02-12,Amundsen_Bellingshausen,1.042570609,-0.2806098317003358,0.2806098317003358,0.540312197173086,FALSE,FALSE
1998-02-13,Amundsen_Bellingshausen,1.029553622,-0.287620196646581,0.287620196646581,0.540312197173086,FALSE,FALSE
1998-02-14,Amundsen_Bellingshausen,1.016728119,-0.2953090817252111,0.2953090817252111,0.540312197173086,FALSE,FALSE
1998-02-15,Amundsen_Bellingshausen,1.002860755,-0.30492903640714886,0.30492903640714886,0.540312197173086,FALSE,FALSE
1998-02-16,Amundsen_Bellingshausen,0.994759185,-0.3096916101633159,0.3096916101633159,0.540312197173086,FALSE,FALSE
1998-02-17,Amundsen_Bellingshausen,0.990103952,-0.31193546446463116,0.31193546446463116,0.540312197173086,FALSE,FALSE
1998-02-18,Amundsen_Bellingshausen,0.975820634,-0.32475422578201707,0.32475422578201707,0.540312197173086,FALSE,FALSE
1998-02-19,Amundsen_Bellingshausen,0.988644744,-0.3114315855863957,0.3114315855863957,0.540312197173086,FALSE,FALSE
1998-02-20,Amundsen_Bellingshausen,0.98811027,-0.3124527603486864,0.3124527603486864,0.540312197173086,FALSE,FALSE
1998-02-21,Amundsen_Bellingshausen,0.972330964,-0.3297198796035048,0.3297198796035048,0.540312197173086,FALSE,FALSE
1998-02-22,Amundsen_Bellingshausen,0.958598145,-0.34591721982457824,0.34591721982457824,0.540312197173086,FALSE,FALSE
1998-02-23,Amundsen_Bellingshausen,0.947409188,-0.3604962014399189,0.3604962014399189,0.540312197173086,FALSE,FALSE
1998-02-24,Amundsen_Bellingshausen,0.947995908,-0.364173320413862,0.364173320413862,0.540312197173086,FALSE,FALSE
1998-02-25,Amundsen_Bellingshausen,0.935388632,-0.3818665607107501,0.3818665607107501,0.540312197173086,FALSE,FALSE
1998-02-26,Amundsen_Bellingshausen,0.920474323,-0.40263727029492136,0.40263727029492136,0.540312197173086,FALSE,FALSE
1998-02-27,Amundsen_Bellingshausen,0.913883261,-0.41580348013071566,0.41580348013071566,0.540312197173086,FALSE,FALSE
1998-02-28,Amundsen_Bellingshausen,0.903222942,-0.4337060051824708,0.4337060051824708,0.540312197173086,FALSE,FALSE
1998-03-01,Amundsen_Bellingshausen,0.892430593,-0.4523559294145276,0.4523559294145276,0.540312197173086,FALSE,FALSE
1998-03-02,Amundsen_Bellingshausen,0.889430766,-0.4637770117912252,0.4637770117912252,0.540312197173086,FALSE,FALSE
1998-03-03,Amundsen_Bellingshausen,0.914487097,-0.4476539272769032,0.4476539272769032,0.540312197173086,FALSE,FALSE
1998-03-04,Amundsen_Bellingshausen,0.964294921,-0.40723965183589983,0.40723965183589983,0.540312197173086,FALSE,FALSE
1998-03-05,Amundsen_Bellingshausen,1.004314376,-0.3770223617596322,0.3770223617596322,0.540312197173086,FALSE,FALSE
1998-03-06,Amundsen_Bellingshausen,1.018270446,-0.3732377636496993,0.3732377636496993,0.540312197173086,FALSE,FALSE
1998-03-07,Amundsen_Bellingshausen,1.027282941,-0.37476703067249795,0.37476703067249795,0.540312197173086,FALSE,FALSE
1998-03-08,Amundsen_Bellingshausen,1.109201019,-0.3037701738512504,0.3037701738512504,0.540312197173086,FALSE,FALSE
1998-03-09,Amundsen_Bellingshausen,1.280636185,-0.1436448572091804,0.1436448572091804,0.540312197173086,FALSE,FALSE
1998-03-10,Amundsen_Bellingshausen,1.330885369,-0.10510331976951126,0.10510331976951126,0.540312197173086,FALSE,FALSE
1998-03-11,Amundsen_Bellingshausen,1.359714116,-0.08838918555546615,0.08838918555546615,0.540312197173086,FALSE,FALSE
1998-03-12,Amundsen_Bellingshausen,1.387330519,-0.07330353059026828,0.07330353059026828,0.540312197173086,FALSE,FALSE
1998-03-13,Amundsen_Bellingshausen,1.407450844,-0.06613925789714337,0.06613925789714337,0.540312197173086,FALSE,FALSE
1998-03-14,Amundsen_Bellingshausen,1.433856131,-0.05312449649931117,0.05312449649931117,0.540312197173086,FALSE,FALSE
1998-03-15,Amundsen_Bellingshausen,1.495410181,-0.00540461441999662,0.00540461441999662,0.540312197173086,FALSE,FALSE
1998-03-16,Amundsen_Bellingshausen,1.469025105,-0.04607666968242485,0.04607666968242485,0.540312197173086,FALSE,FALSE
1998-03-17,Amundsen_Bellingshausen,1.458048619,-0.07180211530981673,0.07180211530981673,0.540312197173086,FALSE,FALSE
1998-03-18,Amundsen_Bellingshausen,1.469177611,-0.07589274154343806,0.07589274154343806,0.540312197173086,FALSE,FALSE
1998-03-19,Amundsen_Bellingshausen,1.486791074,-0.07396597641667957,0.07396597641667957,0.540312197173086,FALSE,FALSE
1998-03-20,Amundsen_Bellingshausen,1.500116567,-0.07677786082083027,0.07677786082083027,0.540312197173086,FALSE,FALSE
1998-03-21,Amundsen_Bellingshausen,1.545622158,-0.04784332300683314,0.04784332300683314,0.540312197173086,FALSE,FALSE
1998-03-22,Amundsen_Bellingshausen,1.595353597,-0.01509960922563258,0.01509960922563258,0.540312197173086,FALSE,FALSE
1998-03-23,Amundsen_Bellingshausen,1.625152572,-0.002688027728172,0.002688027728172,0.540312197173086,FALSE,FALSE
1998-03-24,Amundsen_Bellingshausen,1.647456957,0.00184629923460732,0.00184629923460732,0.540312197173086,FALSE,FALSE
1998-03-25,Amundsen_Bellingshausen,1.649355859,-0.01439051758824039,0.01439051758824039,0.540312197173086,FALSE,FALSE
1998-03-26,Amundsen_Bellingshausen,1.694350844,0.01212009155234206,0.01212009155234206,0.540312197173086,FALSE,FALSE
1998-03-27,Amundsen_Bellingshausen,1.731873512,0.03082673040541284,0.03082673040541284,0.540312197173086,FALSE,FALSE
1998-03-28,Amundsen_Bellingshausen,1.744385763,0.02420830272002683,0.02420830272002683,0.540312197173086,FALSE,FALSE
1998-03-29,Amundsen_Bellingshausen,1.739420208,-1.8557675475916469e-4,1.8557675475916469e-4,0.540312197173086,FALSE,FALSE
1998-03-30,Amundsen_Bellingshausen,1.761401774,0.00208702273011196,0.00208702273011196,0.540312197173086,FALSE,FALSE
1998-03-31,Amundsen_Bellingshausen,1.773290496,-0.00599981970334773,0.00599981970334773,0.540312197173086,FALSE,FALSE
1998-04-01,Amundsen_Bellingshausen,1.780700162,-0.01883444935289069,0.01883444935289069,0.540312197173086,FALSE,FALSE
1998-04-02,Amundsen_Bellingshausen,1.760677809,-0.05937746214185036,0.05937746214185036,0.540312197173086,FALSE,FALSE
1998-04-03,Amundsen_Bellingshausen,1.747355647,-0.09350428554010182,0.09350428554010182,0.540312197173086,FALSE,FALSE
1998-04-04,Amundsen_Bellingshausen,1.740934552,-0.12102168101751798,0.12102168101751798,0.540312197173086,FALSE,FALSE
1998-04-05,Amundsen_Bellingshausen,1.75527369,-0.1280781200439729,0.1280781200439729,0.540312197173086,FALSE,FALSE
1998-04-06,Amundsen_Bellingshausen,1.761403619,-0.1436506820893353,0.1436506820893353,0.540312197173086,FALSE,FALSE
1998-04-07,Amundsen_Bellingshausen,1.792478044,-0.134593299623482,0.134593299623482,0.540312197173086,FALSE,FALSE
1998-04-08,Amundsen_Bellingshausen,1.84565474,-0.1037558351162824,0.1037558351162824,0.540312197173086,FALSE,FALSE
1998-04-09,Amundsen_Bellingshausen,1.883521353,-0.08855828003761168,0.08855828003761168,0.540312197173086,FALSE,FALSE
1998-04-10,Amundsen_Bellingshausen,1.926459606,-0.06862654885734232,0.06862654885734232,0.540312197173086,FALSE,FALSE
1998-04-11,Amundsen_Bellingshausen,1.936715807,-0.08172197104534695,0.08172197104534695,0.540312197173086,FALSE,FALSE
1998-04-12,Amundsen_Bellingshausen,1.954710672,-0.08743141896473006,0.08743141896473006,0.540312197173086,FALSE,FALSE
1998-04-13,Amundsen_Bellingshausen,1.984561073,-0.0816421091279027,0.0816421091279027,0.540312197173086,FALSE,FALSE
1998-04-14,Amundsen_Bellingshausen,2.047193587,-0.04342578357478777,0.04342578357478777,0.540312197173086,FALSE,FALSE
1998-04-15,Amundsen_Bellingshausen,2.115993977,6.055405492526589e-4,6.055405492526589e-4,0.540312197173086,FALSE,FALSE
1998-04-16,Amundsen_Bellingshausen,2.183372391,0.04286423109884652,0.04286423109884652,0.540312197173086,FALSE,FALSE
1998-04-17,Amundsen_Bellingshausen,2.177813139,0.01183681792863211,0.01183681792863211,0.540312197173086,FALSE,FALSE
1998-04-18,Amundsen_Bellingshausen,2.172486368,-0.01930433210675675,0.01930433210675675,0.540312197173086,FALSE,FALSE
1998-04-19,Amundsen_Bellingshausen,2.160660719,-0.05728835815268862,0.05728835815268862,0.540312197173086,FALSE,FALSE
1998-04-20,Amundsen_Bellingshausen,2.192919582,-0.05152965035452883,0.05152965035452883,0.540312197173086,FALSE,FALSE
1998-04-21,Amundsen_Bellingshausen,2.244328149,-0.02696079685764418,0.02696079685764418,0.540312197173086,FALSE,FALSE
1998-04-22,Amundsen_Bellingshausen,2.284384385,-0.0140816128073995,0.0140816128073995,0.540312197173086,FALSE,FALSE
1998-04-23,Amundsen_Bellingshausen,2.363967384,0.03798921565083901,0.03798921565083901,0.540312197173086,FALSE,FALSE
1998-04-24,Amundsen_Bellingshausen,2.401804533,0.04798129537170359,0.04798129537170359,0.540312197173086,FALSE,FALSE
1998-04-25,Amundsen_Bellingshausen,2.418566418,0.03657177337776618,0.03657177337776618,0.540312197173086,FALSE,FALSE
1998-04-26,Amundsen_Bellingshausen,2.480167595,0.06972299677118032,0.06972299677118032,0.540312197173086,FALSE,FALSE
1998-04-27,Amundsen_Bellingshausen,2.509908968,0.07080644463720542,0.07080644463720542,0.540312197173086,FALSE,FALSE
1998-04-28,Amundsen_Bellingshausen,2.528985689,0.06108808406520882,0.06108808406520882,0.540312197173086,FALSE,FALSE
1998-04-29,Amundsen_Bellingshausen,2.56884388,0.07208485214455163,0.07208485214455163,0.540312197173086,FALSE,FALSE
1998-04-30,Amundsen_Bellingshausen,2.632825418,0.10720944096459428,0.10720944096459428,0.540312197173086,FALSE,FALSE
1998-05-01,Amundsen_Bellingshausen,2.691504164,0.13710652661470046,0.13710652661470046,0.540312197173086,FALSE,FALSE
1998-05-02,Amundsen_Bellingshausen,2.704652359,0.12161916518423288,0.12161916518423288,0.540312197173086,FALSE,FALSE
1998-05-03,Amundsen_Bellingshausen,2.745397447,0.1339456157625558,0.1339456157625558,0.540312197173086,FALSE,FALSE
1998-05-04,Amundsen_Bellingshausen,2.767947418,0.12836468343903285,0.12836468343903285,0.540312197173086,FALSE,FALSE
1998-05-05,Amundsen_Bellingshausen,2.768416357,0.10106126830302342,0.10106126830302342,0.540312197173086,FALSE,FALSE
1998-05-06,Amundsen_Bellingshausen,2.779470633,0.08477255444389353,0.08477255444389353,0.540312197173086,FALSE,FALSE
1998-05-07,Amundsen_Bellingshausen,2.85421552,0.13267459196787668,0.13267459196787668,0.540312197173086,FALSE,FALSE
1998-05-08,Amundsen_Bellingshausen,2.924844594,0.17700999927910077,0.17700999927910077,0.540312197173086,FALSE,FALSE
1998-05-09,Amundsen_Bellingshausen,2.971866985,0.1982791051313608,0.1982791051313608,0.540312197173086,FALSE,FALSE
1998-05-10,Amundsen_Bellingshausen,2.99939194,0.20057283791360003,0.20057283791360003,0.540312197173086,FALSE,FALSE
1998-05-11,Amundsen_Bellingshausen,3.05155932,0.2280127400147567,0.2280127400147567,0.540312197173086,FALSE,FALSE
1998-05-12,Amundsen_Bellingshausen,3.086831832,0.23904319982377364,0.23904319982377364,0.540312197173086,FALSE,FALSE
1998-05-13,Amundsen_Bellingshausen,3.139246186,0.2676826087295918,0.2676826087295918,0.540312197173086,FALSE,FALSE
1998-05-14,Amundsen_Bellingshausen,3.172321429,0.2774316951211486,0.2774316951211486,0.540312197173086,FALSE,FALSE
1998-05-15,Amundsen_Bellingshausen,3.150090591,0.23230517038738616,0.23230517038738616,0.540312197173086,FALSE,FALSE
1998-05-16,Amundsen_Bellingshausen,3.122316897,0.1820479409172462,0.1820479409172462,0.540312197173086,FALSE,FALSE
1998-05-17,Amundsen_Bellingshausen,3.141773326,0.17941466709966702,0.17941466709966702,0.540312197173086,FALSE,FALSE
1998-05-18,Amundsen_Bellingshausen,3.20857389,0.22450104232359047,0.22450104232359047,0.540312197173086,FALSE,FALSE
1998-05-19,Amundsen_Bellingshausen,3.260270289,0.25484044797795713,0.25484044797795713,0.540312197173086,FALSE,FALSE
1998-05-20,Amundsen_Bellingshausen,3.288162411,0.26171451506104493,0.26171451506104493,0.540312197173086,FALSE,FALSE
1998-05-21,Amundsen_Bellingshausen,3.325420688,0.2782765427760796,0.2782765427760796,0.540312197173086,FALSE,FALSE
1998-05-22,Amundsen_Bellingshausen,3.369372621,0.30183788152592594,0.30183788152592594,0.540312197173086,FALSE,FALSE
1998-05-23,Amundsen_Bellingshausen,3.398978316,0.3113425197592732,0.3113425197592732,0.540312197173086,FALSE,FALSE
1998-05-24,Amundsen_Bellingshausen,3.432077726,0.324614292924819,0.324614292924819,0.540312197173086,FALSE,FALSE
1998-05-25,Amundsen_Bellingshausen,3.464673876,0.33764010847125325,0.33764010847125325,0.540312197173086,FALSE,FALSE
1998-05-26,Amundsen_Bellingshausen,3.484290804,0.33792788684726904,0.33792788684726904,0.540312197173086,FALSE,FALSE
1998-05-27,Amundsen_Bellingshausen,3.50416594,0.33869894050155924,0.33869894050155924,0.540312197173086,FALSE,FALSE
1998-05-28,Amundsen_Bellingshausen,3.531259476,0.3468973438828171,0.3468973438828171,0.540312197173086,FALSE,FALSE
1998-05-29,Amundsen_Bellingshausen,3.562564912,0.3595004794397365,0.3595004794397365,0.540312197173086,FALSE,FALSE
1998-05-30,Amundsen_Bellingshausen,3.604299979,0.3827099606210074,0.3827099606210074,0.540312197173086,FALSE,FALSE
1998-05-31,Amundsen_Bellingshausen,3.615246488,0.3752914808753238,0.3752914808753238,0.540312197173086,FALSE,FALSE
1998-06-01,Amundsen_Bellingshausen,3.621348539,0.3631730226513783,0.3631730226513783,0.540312197173086,FALSE,FALSE
1998-06-02,Amundsen_Bellingshausen,3.624047414,0.347787918667259,0.347787918667259,0.540312197173086,FALSE,FALSE
1998-06-03,Amundsen_Bellingshausen,3.636718751,0.34254009428988086,0.34254009428988086,0.540312197173086,FALSE,FALSE
1998-06-04,Amundsen_Bellingshausen,3.630213307,0.3183186390119128,0.3183186390119128,0.540312197173086,FALSE,FALSE
1998-06-05,Amundsen_Bellingshausen,3.629999451,0.3006302546981261,0.3006302546981261,0.540312197173086,FALSE,FALSE
1998-06-06,Amundsen_Bellingshausen,3.6550540480000002,0.30849013921328483,0.30849013921328483,0.540312197173086,FALSE,FALSE
1998-06-07,Amundsen_Bellingshausen,3.694777029,0.3313365564221571,0.3313365564221571,0.540312197173086,FALSE,FALSE
1998-06-08,Amundsen_Bellingshausen,3.740633236,0.36067268118951246,0.36067268118951246,0.540312197173086,FALSE,FALSE
1998-06-09,Amundsen_Bellingshausen,3.788760936,0.3926751133801165,0.3926751133801165,0.540312197173086,FALSE,FALSE
1998-06-10,Amundsen_Bellingshausen,3.83869101,0.42691306685873887,0.42691306685873887,0.540312197173086,FALSE,FALSE
1998-06-11,Amundsen_Bellingshausen,3.88098009,0.4539815064901438,0.4539815064901438,0.540312197173086,FALSE,FALSE
1998-06-12,Amundsen_Bellingshausen,3.891502774,0.44979336313909934,0.44979336313909934,0.540312197173086,FALSE,FALSE
1998-06-13,Amundsen_Bellingshausen,3.898766575,0.4428944826703756,0.4428944826703756,0.540312197173086,FALSE,FALSE
1998-06-14,Amundsen_Bellingshausen,3.937984583,0.4685352642232403,0.4685352642232403,0.540312197173086,FALSE,FALSE
1998-06-15,Amundsen_Bellingshausen,3.962041024,0.47959211287140224,0.47959211287140224,0.540312197173086,FALSE,FALSE
1998-06-16,Amundsen_Bellingshausen,3.975249448,0.4803088457547715,0.4803088457547715,0.540312197173086,FALSE,FALSE
1998-06-17,Amundsen_Bellingshausen,3.989926527,0.4829279163880859,0.4829279163880859,0.540312197173086,FALSE,FALSE
1998-06-18,Amundsen_Bellingshausen,3.970647133,0.45194997828608496,0.45194997828608496,0.540312197173086,FALSE,FALSE
1998-06-19,Amundsen_Bellingshausen,3.936878167,0.40676771396351175,0.40676771396351175,0.540312197173086,FALSE,FALSE
1998-06-20,Amundsen_Bellingshausen,3.910128658,0.3688159339351045,0.3688159339351045,0.540312197173086,FALSE,FALSE
1998-06-21,Amundsen_Bellingshausen,3.902834533,0.3504563467156063,0.3504563467156063,0.540312197173086,FALSE,FALSE
1998-06-22,Amundsen_Bellingshausen,3.907895709,0.34451465081975563,0.34451465081975563,0.540312197173086,FALSE,FALSE
1998-06-23,Amundsen_Bellingshausen,3.892338125,0.31794256676229526,0.31794256676229526,0.540312197173086,FALSE,FALSE
1998-06-24,Amundsen_Bellingshausen,3.870114171,0.28461826605796237,0.28461826605796237,0.540312197173086,FALSE,FALSE
1998-06-25,Amundsen_Bellingshausen,3.861379796,0.264623479221501,0.264623479221501,0.540312197173086,FALSE,FALSE
1998-06-26,Amundsen_Bellingshausen,3.856921525,0.24867051276764895,0.24867051276764895,0.540312197173086,FALSE,FALSE
1998-06-27,Amundsen_Bellingshausen,3.876680808,0.25663570864939445,0.25663570864939445,0.540312197173086,FALSE,FALSE
1998-06-28,Amundsen_Bellingshausen,3.915997706,0.2838628628946389,0.2838628628946389,0.540312197173086,FALSE,FALSE
1998-06-29,Amundsen_Bellingshausen,3.93291878,0.2884337286383105,0.2884337286383105,0.540312197173086,FALSE,FALSE
1998-06-30,Amundsen_Bellingshausen,3.916484186,0.25942381575238516,0.25942381575238516,0.540312197173086,FALSE,FALSE
1998-07-01,Amundsen_Bellingshausen,3.884638975,0.2148135291088411,0.2148135291088411,0.540312197173086,FALSE,FALSE
1998-07-02,Amundsen_Bellingshausen,3.884035259,0.20129033457965215,0.20129033457965215,0.540312197173086,FALSE,FALSE
1998-07-03,Amundsen_Bellingshausen,3.874014464,0.1782310120367958,0.1782310120367958,0.540312197173086,FALSE,FALSE
1998-07-04,Amundsen_Bellingshausen,3.843998781,0.13509310635225005,0.13509310635225005,0.540312197173086,FALSE,FALSE
1998-07-05,Amundsen_Bellingshausen,3.82662183,0.10454559139798736,0.10454559139798736,0.540312197173086,FALSE,FALSE
1998-07-06,Amundsen_Bellingshausen,3.814708154,0.07944836404598687,0.07944836404598687,0.540312197173086,FALSE,FALSE
1998-07-07,Amundsen_Bellingshausen,3.81135204,0.06293106516822666,0.06293106516822666,0.540312197173086,FALSE,FALSE
1998-07-08,Amundsen_Bellingshausen,3.806474943,0.04495050363667996,0.04495050363667996,0.540312197173086,FALSE,FALSE
1998-07-09,Amundsen_Bellingshausen,3.798626898,0.02409203200991117,0.02409203200991117,0.540312197173086,FALSE,FALSE
1998-07-10,Amundsen_Bellingshausen,3.770666244,-0.01675775594451689,0.01675775594451689,0.540312197173086,FALSE,FALSE
1998-07-11,Amundsen_Bellingshausen,3.753820769,-0.04635827419665972,0.04635827419665972,0.540312197173086,FALSE,FALSE
1998-07-12,Amundsen_Bellingshausen,3.757125977,-0.05566326620413875,0.05566326620413875,0.540312197173086,FALSE,FALSE
1998-07-13,Amundsen_Bellingshausen,3.762725219,-0.06251862842457667,0.06251862842457667,0.540312197173086,FALSE,FALSE
1998-07-14,Amundsen_Bellingshausen,3.764018472,-0.07351363131559197,0.07351363131559197,0.540312197173086,FALSE,FALSE
1998-07-15,Amundsen_Bellingshausen,3.745336988,-0.10430627033480544,0.10430627033480544,0.540312197173086,FALSE,FALSE
1998-07-16,Amundsen_Bellingshausen,3.73329655,-0.12827000993984194,0.12827000993984194,0.540312197173086,FALSE,FALSE
1998-07-17,Amundsen_Bellingshausen,3.730617092,-0.1426741635883202,0.1426741635883202,0.540312197173086,FALSE,FALSE
1998-07-18,Amundsen_Bellingshausen,3.741503705,-0.1433028877378577,0.1433028877378577,0.540312197173086,FALSE,FALSE
1998-07-19,Amundsen_Bellingshausen,3.780241492,-0.11586032684608184,0.11586032684608184,0.540312197173086,FALSE,FALSE
1998-07-20,Amundsen_Bellingshausen,3.838403294,-0.06876288737061342,0.06876288737061342,0.540312197173086,FALSE,FALSE
1998-07-21,Amundsen_Bellingshausen,3.884069767,-0.03391916076906876,0.03391916076906876,0.540312197173086,FALSE,FALSE
1998-07-22,Amundsen_Bellingshausen,3.898042008,-0.03051701754499536,0.03051701754499536,0.540312197173086,FALSE,FALSE
1998-07-23,Amundsen_Bellingshausen,3.877256737,-0.06160484119244636,0.06160484119244636,0.540312197173086,FALSE,FALSE
1998-07-24,Amundsen_Bellingshausen,3.856803811,-0.0920750615756103,0.0920750615756103,0.540312197173086,FALSE,FALSE
1998-07-25,Amundsen_Bellingshausen,3.86799828,-0.09059485166654913,0.09059485166654913,0.540312197173086,FALSE,FALSE
1998-07-26,Amundsen_Bellingshausen,3.883657536,-0.08432904243732597,0.08432904243732597,0.540312197173086,FALSE,FALSE
1998-07-27,Amundsen_Bellingshausen,3.90765279,-0.06938864585999749,0.06938864585999749,0.540312197173086,FALSE,FALSE
1998-07-28,Amundsen_Bellingshausen,3.937146378,-0.04859354890663647,0.04859354890663647,0.540312197173086,FALSE,FALSE
1998-07-29,Amundsen_Bellingshausen,4.002331283,0.00826700845070327,0.00826700845070327,0.540312197173086,FALSE,FALSE
1998-07-30,Amundsen_Bellingshausen,4.042193472,0.04019677023995083,0.04019677023995083,0.540312197173086,FALSE,FALSE
1998-07-31,Amundsen_Bellingshausen,4.026117325,0.0165978934890516,0.0165978934890516,0.540312197173086,FALSE,FALSE
1998-08-01,Amundsen_Bellingshausen,3.991213964,-0.02540072277405869,0.02540072277405869,0.540312197173086,FALSE,FALSE
1998-08-02,Amundsen_Bellingshausen,3.931054726,-0.09220996452144624,0.09220996452144624,0.540312197173086,FALSE,FALSE
1998-08-03,Amundsen_Bellingshausen,3.923449905,-0.1060017612526618,0.1060017612526618,0.540312197173086,FALSE,FALSE
1998-08-04,Amundsen_Bellingshausen,3.967165902,-0.06800617560063715,0.06800617560063715,0.540312197173086,FALSE,FALSE
1998-08-05,Amundsen_Bellingshausen,4.022045536,-0.01842822186009307,0.01842822186009307,0.540312197173086,FALSE,FALSE
1998-08-06,Amundsen_Bellingshausen,4.033863736,-0.01155238379706613,0.01155238379706613,0.540312197173086,FALSE,FALSE
1998-08-07,Amundsen_Bellingshausen,4.018936452,-0.03112212417760229,0.03112212417760229,0.540312197173086,FALSE,FALSE
1998-08-08,Amundsen_Bellingshausen,3.992210443,-0.06225009676774062,0.06225009676774062,0.540312197173086,FALSE,FALSE
1998-08-09,Amundsen_Bellingshausen,3.952955262,-0.10572616133352808,0.10572616133352808,0.540312197173086,FALSE,FALSE
1998-08-10,Amundsen_Bellingshausen,3.942546075,-0.12023456464100768,0.12023456464100768,0.540312197173086,FALSE,FALSE
1998-08-11,Amundsen_Bellingshausen,3.938923138,-0.12789446345621602,0.12789446345621602,0.540312197173086,FALSE,FALSE
1998-08-12,Amundsen_Bellingshausen,3.936984299,-0.13386742254520145,0.13386742254520145,0.540312197173086,FALSE,FALSE
1998-08-13,Amundsen_Bellingshausen,3.928672824,-0.14626958867400353,0.14626958867400353,0.540312197173086,FALSE,FALSE
1998-08-14,Amundsen_Bellingshausen,3.905988717,-0.17316037060866796,0.17316037060866796,0.540312197173086,FALSE,FALSE
1998-08-15,Amundsen_Bellingshausen,3.919727041,-0.16380411811523565,0.16380411811523565,0.540312197173086,FALSE,FALSE
1998-08-16,Amundsen_Bellingshausen,3.916530297,-0.17161558132025911,0.17161558132025911,0.540312197173086,FALSE,FALSE
1998-08-17,Amundsen_Bellingshausen,3.893197974,-0.1997882733477181,0.1997882733477181,0.540312197173086,FALSE,FALSE
1998-08-18,Amundsen_Bellingshausen,3.899906058,-0.198065672271043,0.198065672271043,0.540312197173086,FALSE,FALSE
1998-08-19,Amundsen_Bellingshausen,3.90416954,-0.19884822108839195,0.19884822108839195,0.540312197173086,FALSE,FALSE
1998-08-20,Amundsen_Bellingshausen,3.91473676,-0.1933030137979288,0.1933030137979288,0.540312197173086,FALSE,FALSE
1998-08-21,Amundsen_Bellingshausen,3.94498573,-0.16796747239782306,0.16796747239782306,0.540312197173086,FALSE,FALSE
1998-08-22,Amundsen_Bellingshausen,4.004531187,-0.11314229388623254,0.11314229388623254,0.540312197173086,FALSE,FALSE
1998-08-23,Amundsen_Bellingshausen,4.046185935,-0.07593010826132573,0.07593010826132573,0.540312197173086,FALSE,FALSE
1998-08-24,Amundsen_Bellingshausen,4.061912213,-0.06428411052126215,0.06428411052126215,0.540312197173086,FALSE,FALSE
1998-08-25,Amundsen_Bellingshausen,4.094234386,-0.03559536966420573,0.03559536966420573,0.540312197173086,FALSE,FALSE
1998-08-26,Amundsen_Bellingshausen,4.096442625,-0.03648914868832964,0.03648914868832964,0.540312197173086,FALSE,FALSE
1998-08-27,Amundsen_Bellingshausen,4.103740595,-0.0316772165917838,0.0316772165917838,0.540312197173086,FALSE,FALSE
1998-08-28,Amundsen_Bellingshausen,4.099714815,-0.03748848837274377,0.03748848837274377,0.540312197173086,FALSE,FALSE
1998-08-29,Amundsen_Bellingshausen,4.108812568,-0.02940610650637953,0.02940610650637953,0.540312197173086,FALSE,FALSE
1998-08-30,Amundsen_Bellingshausen,4.080447389,-0.05803807510775805,0.05803807510775805,0.540312197173086,FALSE,FALSE
1998-08-31,Amundsen_Bellingshausen,4.018401114,-0.11965833158898498,0.11965833158898498,0.540312197173086,FALSE,FALSE
1998-09-01,Amundsen_Bellingshausen,3.969038364,-0.167958089767259,0.167958089767259,0.540312197173086,FALSE,FALSE
1998-09-02,Amundsen_Bellingshausen,3.979683444,-0.1556688794597818,0.1556688794597818,0.540312197173086,FALSE,FALSE
1998-09-03,Amundsen_Bellingshausen,4.010028532,-0.12315435748374526,0.12315435748374526,0.540312197173086,FALSE,FALSE
1998-09-04,Amundsen_Bellingshausen,4.027964956,-0.10257903065635075,0.10257903065635075,0.540312197173086,FALSE,FALSE
1998-09-05,Amundsen_Bellingshausen,4.08194929,-0.04554215979479537,0.04554215979479537,0.540312197173086,FALSE,FALSE
1998-09-06,Amundsen_Bellingshausen,4.120454587,-0.0036265267162765,0.0036265267162765,0.540312197173086,FALSE,FALSE
1998-09-07,Amundsen_Bellingshausen,4.129395529,0.00902671576200742,0.00902671576200742,0.540312197173086,FALSE,FALSE
1998-09-08,Amundsen_Bellingshausen,4.097590936,-0.01881944717714478,0.01881944717714478,0.540312197173086,FALSE,FALSE
1998-09-09,Amundsen_Bellingshausen,4.047311876,-0.06494978235092752,0.06494978235092752,0.540312197173086,FALSE,FALSE
1998-09-10,Amundsen_Bellingshausen,4.036051937,-0.07192628005056001,0.07192628005056001,0.540312197173086,FALSE,FALSE
1998-09-11,Amundsen_Bellingshausen,4.053933405,-0.04965788013540262,0.04965788013540262,0.540312197173086,FALSE,FALSE
1998-09-12,Amundsen_Bellingshausen,4.068529148,-0.03055887210771057,0.03055887210771057,0.540312197173086,FALSE,FALSE
1998-09-13,Amundsen_Bellingshausen,4.095182286,7.313465440841327e-4,7.313465440841327e-4,0.540312197173086,FALSE,FALSE
1998-09-14,Amundsen_Bellingshausen,4.15689285,0.06723028933154662,0.06723028933154662,0.540312197173086,FALSE,FALSE
1998-09-15,Amundsen_Bellingshausen,4.222059535,0.13735413376622851,0.13735413376622851,0.540312197173086,FALSE,FALSE
1998-09-16,Amundsen_Bellingshausen,4.263189982,0.1836280033597024,0.1836280033597024,0.540312197173086,FALSE,FALSE
1998-09-17,Amundsen_Bellingshausen,4.303845376,0.22963056562352513,0.22963056562352513,0.540312197173086,FALSE,FALSE
1998-09-18,Amundsen_Bellingshausen,4.326182034,0.2575356200692589,0.2575356200692589,0.540312197173086,FALSE,FALSE
1998-09-19,Amundsen_Bellingshausen,4.300357788,0.23751848120847008,0.23751848120847008,0.540312197173086,FALSE,FALSE
1998-09-20,Amundsen_Bellingshausen,4.278472588,0.22169658155272032,0.22169658155272032,0.540312197173086,FALSE,FALSE
1998-09-21,Amundsen_Bellingshausen,4.261529443,0.21109041261356953,0.21109041261356953,0.540312197173086,FALSE,FALSE
1998-09-22,Amundsen_Bellingshausen,4.233397927,0.18958703090258133,0.18958703090258133,0.540312197173086,FALSE,FALSE
1998-09-23,Amundsen_Bellingshausen,4.190001207,0.15312650485612966,0.15312650485612966,0.540312197173086,FALSE,FALSE
1998-09-24,Amundsen_Bellingshausen,4.150402491,0.12078272284693804,0.12078272284693804,0.540312197173086,FALSE,FALSE
1998-09-25,Amundsen_Bellingshausen,4.118415402,0.0963762144549083,0.0963762144549083,0.540312197173086,FALSE,FALSE
1998-09-26,Amundsen_Bellingshausen,4.070156334,0.05603022730945373,0.05603022730945373,0.540312197173086,FALSE,FALSE
1998-09-27,Amundsen_Bellingshausen,4.03999495,0.0341212780399962,0.0341212780399962,0.540312197173086,FALSE,FALSE
1998-09-28,Amundsen_Bellingshausen,4.028385111,0.03111008127595305,0.03111008127595305,0.540312197173086,FALSE,FALSE
1998-09-29,Amundsen_Bellingshausen,4.002983697,0.0146603706467423,0.0146603706467423,0.540312197173086,FALSE,FALSE
1998-09-30,Amundsen_Bellingshausen,3.978106509,-9.051992182205204e-4,9.051992182205204e-4,0.540312197173086,FALSE,FALSE
1998-10-01,Amundsen_Bellingshausen,3.968528886,-8.044356895111626e-4,8.044356895111626e-4,0.540312197173086,FALSE,FALSE
1998-10-02,Amundsen_Bellingshausen,3.956425748,-0.00285556513771512,0.00285556513771512,0.540312197173086,FALSE,FALSE
1998-10-03,Amundsen_Bellingshausen,3.941684156,-0.00716467293341205,0.00716467293341205,0.540312197173086,FALSE,FALSE
1998-10-04,Amundsen_Bellingshausen,3.938896547,8.675315528159366e-4,8.675315528159366e-4,0.540312197173086,FALSE,FALSE
1998-10-05,Amundsen_Bellingshausen,3.915181264,-0.0116337701578475,0.0116337701578475,0.540312197173086,FALSE,FALSE
1998-10-06,Amundsen_Bellingshausen,3.900146993,-0.0150713289106914,0.0150713289106914,0.540312197173086,FALSE,FALSE
1998-10-07,Amundsen_Bellingshausen,3.896946407,-0.00635766644240165,0.00635766644240165,0.540312197173086,FALSE,FALSE
1998-10-08,Amundsen_Bellingshausen,3.908316074,0.01716875561012143,0.01716875561012143,0.540312197173086,FALSE,FALSE
1998-10-09,Amundsen_Bellingshausen,3.917107597,0.03828451060997429,0.03828451060997429,0.540312197173086,FALSE,FALSE
1998-10-10,Amundsen_Bellingshausen,3.913854924,0.04744851692024898,0.04744851692024898,0.540312197173086,FALSE,FALSE
1998-10-11,Amundsen_Bellingshausen,3.925469401,0.07149709090404643,0.07149709090404643,0.540312197173086,FALSE,FALSE
1998-10-12,Amundsen_Bellingshausen,3.943107502,0.1015116769244626,0.1015116769244626,0.540312197173086,FALSE,FALSE
1998-10-13,Amundsen_Bellingshausen,3.921921768,0.0925697863445918,0.0925697863445918,0.540312197173086,FALSE,FALSE
1998-10-14,Amundsen_Bellingshausen,3.880550006,0.06323419652753515,0.06323419652753515,0.540312197173086,FALSE,FALSE
1998-10-15,Amundsen_Bellingshausen,3.859708503,0.05414616483638435,0.05414616483638435,0.540312197173086,FALSE,FALSE
1998-10-16,Amundsen_Bellingshausen,3.848582971,0.05441637363423801,0.05441637363423801,0.540312197173086,FALSE,FALSE
1998-10-17,Amundsen_Bellingshausen,3.846126372,0.06292275528419333,0.06292275528419333,0.540312197173086,FALSE,FALSE
1998-10-18,Amundsen_Bellingshausen,3.834585525,0.06184039158832233,0.06184039158832233,0.540312197173086,FALSE,FALSE
1998-10-19,Amundsen_Bellingshausen,3.823519208,0.06072625377700413,0.06072625377700413,0.540312197173086,FALSE,FALSE
1998-10-20,Amundsen_Bellingshausen,3.809161163,0.05587913163927061,0.05587913163927061,0.540312197173086,FALSE,FALSE
1998-10-21,Amundsen_Bellingshausen,3.783179099,0.03903445883898149,0.03903445883898149,0.540312197173086,FALSE,FALSE
1998-10-22,Amundsen_Bellingshausen,3.754872545,0.01955948903999704,0.01955948903999704,0.540312197173086,FALSE,FALSE
1998-10-23,Amundsen_Bellingshausen,3.732316384,0.00559682990618082,0.00559682990618082,0.540312197173086,FALSE,FALSE
1998-10-24,Amundsen_Bellingshausen,3.73702342,0.01872701010138877,0.01872701010138877,0.540312197173086,FALSE,FALSE
1998-10-25,Amundsen_Bellingshausen,3.708137936,-0.00183796271051583,0.00183796271051583,0.540312197173086,FALSE,FALSE
1998-10-26,Amundsen_Bellingshausen,3.670102898,-0.03158739786567333,0.03158739786567333,0.540312197173086,FALSE,FALSE
1998-10-27,Amundsen_Bellingshausen,3.646499433,-0.04687244370022192,0.04687244370022192,0.540312197173086,FALSE,FALSE
1998-10-28,Amundsen_Bellingshausen,3.630600368,-0.05435254855030314,0.05435254855030314,0.540312197173086,FALSE,FALSE
1998-10-29,Amundsen_Bellingshausen,3.624911082,-0.0514546087520551,0.0514546087520551,0.540312197173086,FALSE,FALSE
1998-10-30,Amundsen_Bellingshausen,3.622820642,-0.044721832641617,0.044721832641617,0.540312197173086,FALSE,FALSE
1998-10-31,Amundsen_Bellingshausen,3.585203077,-0.07322349201614964,0.07322349201614964,0.540312197173086,FALSE,FALSE
1998-11-01,Amundsen_Bellingshausen,3.552530796,-0.09648474838603294,0.09648474838603294,0.540312197173086,FALSE,FALSE
1998-11-02,Amundsen_Bellingshausen,3.550591705,-0.08873193580868666,0.08873193580868666,0.540312197173086,FALSE,FALSE
1998-11-03,Amundsen_Bellingshausen,3.526726003,-0.10263909982275,0.10263909982275,0.540312197173086,FALSE,FALSE
1998-11-04,Amundsen_Bellingshausen,3.520249407,-0.09890476796685645,0.09890476796685645,0.540312197173086,FALSE,FALSE
1998-11-05,Amundsen_Bellingshausen,3.532358651,-0.07634645077964342,0.07634645077964342,0.540312197173086,FALSE,FALSE
1998-11-06,Amundsen_Bellingshausen,3.539288175,-0.058743952799744197,0.058743952799744197,0.540312197173086,FALSE,FALSE
1998-11-07,Amundsen_Bellingshausen,3.553221226,-0.03392827156579736,0.03392827156579736,0.540312197173086,FALSE,FALSE
1998-11-08,Amundsen_Bellingshausen,3.561995866,-0.01407558961643573,0.01407558961643573,0.540312197173086,FALSE,FALSE
1998-11-09,Amundsen_Bellingshausen,3.561779446,-0.0030328004902933,0.0030328004902933,0.540312197173086,FALSE,FALSE
1998-11-10,Amundsen_Bellingshausen,3.581266727,0.02788061227399207,0.02788061227399207,0.540312197173086,FALSE,FALSE
1998-11-11,Amundsen_Bellingshausen,3.565505977,0.02369867213778453,0.02369867213778453,0.540312197173086,FALSE,FALSE
1998-11-12,Amundsen_Bellingshausen,3.536317503,0.00622742074148163,0.00622742074148163,0.540312197173086,FALSE,FALSE
1998-11-13,Amundsen_Bellingshausen,3.48865458,-0.02959528406963674,0.02959528406963674,0.540312197173086,FALSE,FALSE
1998-11-14,Amundsen_Bellingshausen,3.460356346,-0.04594745283869539,0.04594745283869539,0.540312197173086,FALSE,FALSE
1998-11-15,Amundsen_Bellingshausen,3.44481304,-0.04945613791982994,0.04945613791982994,0.540312197173086,FALSE,FALSE
1998-11-16,Amundsen_Bellingshausen,3.431441224,-0.05072206866718254,0.05072206866718254,0.540312197173086,FALSE,FALSE
1998-11-17,Amundsen_Bellingshausen,3.411471461,-0.05853197343489036,0.05853197343489036,0.540312197173086,FALSE,FALSE
1998-11-18,Amundsen_Bellingshausen,3.408006939,-0.04979995557709493,0.04979995557709493,0.540312197173086,FALSE,FALSE
1998-11-19,Amundsen_Bellingshausen,3.386016052,-0.05957491244793278,0.05957491244793278,0.540312197173086,FALSE,FALSE
1998-11-20,Amundsen_Bellingshausen,3.367089843,-0.06628309240154717,0.06628309240154717,0.540312197173086,FALSE,FALSE
1998-11-21,Amundsen_Bellingshausen,3.352174054,-0.06899604479207522,0.06899604479207522,0.540312197173086,FALSE,FALSE
1998-11-22,Amundsen_Bellingshausen,3.349998603,-0.05900114297365411,0.05900114297365411,0.540312197173086,FALSE,FALSE
1998-11-23,Amundsen_Bellingshausen,3.314858084,-0.08202108430042676,0.08202108430042676,0.540312197173086,FALSE,FALSE
1998-11-24,Amundsen_Bellingshausen,3.261359671,-0.12346598612653148,0.12346598612653148,0.540312197173086,FALSE,FALSE
1998-11-25,Amundsen_Bellingshausen,3.22055605,-0.15229571550198795,0.15229571550198795,0.540312197173086,FALSE,FALSE
1998-11-26,Amundsen_Bellingshausen,3.193458084,-0.16747188669445912,0.16747188669445912,0.540312197173086,FALSE,FALSE
1998-11-27,Amundsen_Bellingshausen,3.166976131,-0.18203646782926344,0.18203646782926344,0.540312197173086,FALSE,FALSE
1998-11-28,Amundsen_Bellingshausen,3.109516048,-0.2275357753985108,0.2275357753985108,0.540312197173086,FALSE,FALSE
1998-11-29,Amundsen_Bellingshausen,3.060848642,-0.2641511758943236,0.2641511758943236,0.540312197173086,FALSE,FALSE
1998-11-30,Amundsen_Bellingshausen,2.989785722,-0.3230230338088149,0.3230230338088149,0.540312197173086,FALSE,FALSE
1998-12-01,Amundsen_Bellingshausen,2.939674306,-0.3607565046341033,0.3607565046341033,0.540312197173086,FALSE,FALSE
1998-12-02,Amundsen_Bellingshausen,2.884387848,-0.4034303078623047,0.4034303078623047,0.540312197173086,FALSE,FALSE
1998-12-03,Amundsen_Bellingshausen,2.863586531,-0.4113364339855359,0.4113364339855359,0.540312197173086,FALSE,FALSE
1998-12-04,Amundsen_Bellingshausen,2.833021931,-0.4286754804959117,0.4286754804959117,0.540312197173086,FALSE,FALSE
1998-12-05,Amundsen_Bellingshausen,2.778284941,-0.4698087278855514,0.4698087278855514,0.540312197173086,FALSE,FALSE
1998-12-06,Amundsen_Bellingshausen,2.759478532,-0.4745853786465686,0.4745853786465686,0.540312197173086,FALSE,FALSE
1998-12-07,Amundsen_Bellingshausen,2.73276071,-0.4867995295052654,0.4867995295052654,0.540312197173086,FALSE,FALSE
1998-12-08,Amundsen_Bellingshausen,2.703995127,-0.5005176632142398,0.5005176632142398,0.540312197173086,FALSE,FALSE
1998-12-09,Amundsen_Bellingshausen,2.684334318,-0.5044644008396881,0.5044644008396881,0.540312197173086,FALSE,FALSE
1998-12-10,Amundsen_Bellingshausen,2.645293848,-0.5269935073147165,0.5269935073147165,0.540312197173086,FALSE,FALSE
1998-12-11,Amundsen_Bellingshausen,2.606947463,-0.5479005665724297,0.5479005665724297,0.540312197173086,TRUE,TRUE
1998-12-12,Amundsen_Bellingshausen,2.54987684,-0.5864732315459364,0.5864732315459364,0.540312197173086,TRUE,TRUE
1998-12-13,Amundsen_Bellingshausen,2.496235599,-0.620427212168337,0.620427212168337,0.540312197173086,TRUE,TRUE
1998-12-14,Amundsen_Bellingshausen,2.455899185,-0.6397563933727435,0.6397563933727435,0.540312197173086,TRUE,TRUE
1998-12-15,Amundsen_Bellingshausen,2.425727393,-0.6474703100922574,0.6474703100922574,0.540312197173086,TRUE,TRUE
1998-12-16,Amundsen_Bellingshausen,2.372501801,-0.6766567142599849,0.6766567142599849,0.540312197173086,TRUE,TRUE
1998-12-17,Amundsen_Bellingshausen,2.327087359,-0.6963199858090325,0.6963199858090325,0.540312197173086,TRUE,TRUE
1998-12-18,Amundsen_Bellingshausen,2.244683868,-0.7511296536725061,0.7511296536725061,0.540312197173086,TRUE,TRUE
1998-12-19,Amundsen_Bellingshausen,2.212726852,-0.7535195237835111,0.7535195237835111,0.540312197173086,TRUE,TRUE
1998-12-20,Amundsen_Bellingshausen,2.165279305,-0.7693058769415955,0.7693058769415955,0.540312197173086,TRUE,TRUE
1998-12-21,Amundsen_Bellingshausen,2.114647835,-0.7862186274538683,0.7862186274538683,0.540312197173086,TRUE,TRUE
1998-12-22,Amundsen_Bellingshausen,2.083143108,-0.7821091498898527,0.7821091498898527,0.540312197173086,TRUE,TRUE
1998-12-23,Amundsen_Bellingshausen,2.021334354,-0.8065737526267549,0.8065737526267549,0.540312197173086,TRUE,TRUE
1998-12-24,Amundsen_Bellingshausen,1.971598044,-0.8174015030417945,0.8174015030417945,0.540312197173086,TRUE,TRUE
1998-12-25,Amundsen_Bellingshausen,1.912302858,-0.8363892595121822,0.8363892595121822,0.540312197173086,TRUE,TRUE
1998-12-26,Amundsen_Bellingshausen,1.872504459,-0.8346468974151309,0.8346468974151309,0.540312197173086,TRUE,TRUE
1998-12-27,Amundsen_Bellingshausen,1.825550453,-0.8389923491278508,0.8389923491278508,0.540312197173086,TRUE,TRUE
1998-12-28,Amundsen_Bellingshausen,1.791763448,-0.8292685450275601,0.8292685450275601,0.540312197173086,TRUE,TRUE
1998-12-29,Amundsen_Bellingshausen,1.748407777,-0.8283766904914709,0.8283766904914709,0.540312197173086,TRUE,TRUE
1998-12-30,Amundsen_Bellingshausen,1.669247471,-0.8627182928967894,0.8627182928967894,0.540312197173086,TRUE,TRUE
1998-12-31,Amundsen_Bellingshausen,1.622048899,-0.8646925216207364,0.8646925216207364,0.540312197173086,TRUE,TRUE
1999-01-01,Amundsen_Bellingshausen,1.599086384,-0.8421905920405242,0.8421905920405242,0.540312197173086,TRUE,TRUE
1999-01-02,Amundsen_Bellingshausen,1.58034672,-0.8153844905273289,0.8153844905273289,0.540312197173086,TRUE,TRUE
1999-01-03,Amundsen_Bellingshausen,1.562309784,-0.7879260884281885,0.7879260884281885,0.540312197173086,TRUE,TRUE
1999-01-04,Amundsen_Bellingshausen,1.541971051,-0.76294490108409585,0.76294490108409585,0.540312197173086,TRUE,TRUE
1999-01-05,Amundsen_Bellingshausen,1.509761224,-0.7501352158360612,0.7501352158360612,0.540312197173086,TRUE,TRUE
1999-01-06,Amundsen_Bellingshausen,1.491468827,-0.7238334990250792,0.7238334990250792,0.540312197173086,TRUE,TRUE
1999-01-07,Amundsen_Bellingshausen,1.47079985,-0.7004587509921547,0.7004587509921547,0.540312197173086,TRUE,TRUE
1999-01-08,Amundsen_Bellingshausen,1.438335151,-0.6895551040782864,0.6895551040782864,0.540312197173086,TRUE,TRUE
1999-01-09,Amundsen_Bellingshausen,1.416162014,-0.6691602646244748,0.6691602646244748,0.540312197173086,TRUE,TRUE
1999-01-10,Amundsen_Bellingshausen,1.392634059,-0.6510456029717193,0.6510456029717193,0.540312197173086,TRUE,TRUE
1999-01-11,Amundsen_Bellingshausen,1.369374805,-0.6337125904610224,0.6337125904610224,0.540312197173086,TRUE,TRUE
1999-01-12,Amundsen_Bellingshausen,1.33801087,-0.6256595994333845,0.6256595994333845,0.540312197173086,TRUE,TRUE
1999-01-13,Amundsen_Bellingshausen,1.319032467,-0.6065214072298037,0.6065214072298037,0.540312197173086,TRUE,TRUE
1999-01-14,Amundsen_Bellingshausen,1.268359169,-0.6205014753769016,0.6205014753769016,0.540312197173086,TRUE,TRUE
1999-01-15,Amundsen_Bellingshausen,1.237275024,-0.6163686063190446,0.6163686063190446,0.540312197173086,TRUE,TRUE
1999-01-16,Amundsen_Bellingshausen,1.21138356,-0.608484196872952,0.608484196872952,0.540312197173086,TRUE,TRUE
1999-01-17,Amundsen_Bellingshausen,1.17726322,-0.6102291681400227,0.6102291681400227,0.540312197173086,TRUE,TRUE
1999-01-18,Amundsen_Bellingshausen,1.15698631,-0.5994905782216575,0.5994905782216575,0.540312197173086,TRUE,TRUE
1999-01-19,Amundsen_Bellingshausen,1.139916035,-0.5868645862192556,0.5868645862192556,0.540312197173086,TRUE,TRUE
1999-01-20,Amundsen_Bellingshausen,1.120125585,-0.5782373662342188,0.5782373662342188,0.540312197173086,TRUE,TRUE
1999-01-21,Amundsen_Bellingshausen,1.110715581,-0.5604676613679453,0.5604676613679453,0.540312197173086,TRUE,TRUE
1999-01-22,Amundsen_Bellingshausen,1.117157476,-0.528043382721836,0.528043382721836,0.540312197173086,FALSE,FALSE
1999-01-23,Amundsen_Bellingshausen,1.109016728,-0.5113584363972918,0.5113584363972918,0.540312197173086,FALSE,FALSE
1999-01-24,Amundsen_Bellingshausen,1.101006731,-0.4956587924957107,0.4956587924957107,0.540312197173086,FALSE,FALSE
1999-01-25,Amundsen_Bellingshausen,1.087249035,-0.4867822651184952,0.4867822651184952,0.540312197173086,FALSE,FALSE
1999-01-26,Amundsen_Bellingshausen,1.083456245,-0.4689756133670433,0.4689756133670433,0.540312197173086,FALSE,FALSE
1999-01-27,Amundsen_Bellingshausen,1.074683727,-0.4571450394676446,0.4571450394676446,0.540312197173086,FALSE,FALSE
1999-01-28,Amundsen_Bellingshausen,1.058972088,-0.4532264253794516,0.4532264253794516,0.540312197173086,FALSE,FALSE
1999-01-29,Amundsen_Bellingshausen,1.04519543,-0.44832834504527685,0.44832834504527685,0.540312197173086,FALSE,FALSE
1999-01-30,Amundsen_Bellingshausen,1.048717828,-0.4270694193381772,0.4270694193381772,0.540312197173086,FALSE,FALSE
1999-01-31,Amundsen_Bellingshausen,1.049334368,-0.4096372581312038,0.4096372581312038,0.540312197173086,FALSE,FALSE
1999-02-01,Amundsen_Bellingshausen,1.041950086,-0.4011095212974105,0.4011095212974105,0.540312197173086,FALSE,FALSE
1999-02-02,Amundsen_Bellingshausen,1.025106669,-0.402927217709851,0.402927217709851,0.540312197173086,FALSE,FALSE
1999-02-03,Amundsen_Bellingshausen,1.038502626,-0.3753745342415773,0.3753745342415773,0.540312197173086,FALSE,FALSE
1999-02-04,Amundsen_Bellingshausen,1.026890061,-0.3736820627656421,0.3736820627656421,0.540312197173086,FALSE,FALSE
1999-02-05,Amundsen_Bellingshausen,0.987349176,-0.40075229715510086,0.40075229715510086,0.540312197173086,FALSE,FALSE
1999-02-06,Amundsen_Bellingshausen,0.955406438,-0.4210414662830049,0.4210414662830049,0.540312197173086,FALSE,FALSE
1999-02-07,Amundsen_Bellingshausen,0.940585172,-0.4250089410224072,0.4250089410224072,0.540312197173086,FALSE,FALSE
1999-02-08,Amundsen_Bellingshausen,0.93079928,-0.4247236008207964,0.4247236008207964,0.540312197173086,FALSE,FALSE
1999-02-09,Amundsen_Bellingshausen,0.921942218,-0.4242860689467075,0.4242860689467075,0.540312197173086,FALSE,FALSE
1999-02-10,Amundsen_Bellingshausen,0.919391383,-0.4183354963213208,0.4183354963213208,0.540312197173086,FALSE,FALSE
1999-02-11,Amundsen_Bellingshausen,0.907667,-0.4223708624155562,0.4223708624155562,0.540312197173086,FALSE,FALSE
1999-02-12,Amundsen_Bellingshausen,0.896344645,-0.4268357957003358,0.4268357957003358,0.540312197173086,FALSE,FALSE
1999-02-13,Amundsen_Bellingshausen,0.880376547,-0.4367972716465809,0.4367972716465809,0.540312197173086,FALSE,FALSE
1999-02-14,Amundsen_Bellingshausen,0.843901765,-0.468135435725211,0.468135435725211,0.540312197173086,FALSE,FALSE
1999-02-15,Amundsen_Bellingshausen,0.833103419,-0.4746863724071488,0.4746863724071488,0.540312197173086,FALSE,FALSE
1999-02-16,Amundsen_Bellingshausen,0.826638221,-0.477812574163316,0.477812574163316,0.540312197173086,FALSE,FALSE
1999-02-17,Amundsen_Bellingshausen,0.830397127,-0.4716422894646312,0.4716422894646312,0.540312197173086,FALSE,FALSE
1999-02-18,Amundsen_Bellingshausen,0.836233792,-0.464341067782017,0.464341067782017,0.540312197173086,FALSE,FALSE
1999-02-19,Amundsen_Bellingshausen,0.846444696,-0.4536316335863957,0.4536316335863957,0.540312197173086,FALSE,FALSE
1999-02-20,Amundsen_Bellingshausen,0.854640391,-0.4459226393486864,0.4459226393486864,0.540312197173086,FALSE,FALSE
1999-02-21,Amundsen_Bellingshausen,0.863631225,-0.4384196186035048,0.4384196186035048,0.540312197173086,FALSE,FALSE
1999-02-22,Amundsen_Bellingshausen,0.888668608,-0.41584675682457817,0.41584675682457817,0.540312197173086,FALSE,FALSE
1999-02-23,Amundsen_Bellingshausen,0.891210137,-0.4166952524399189,0.4166952524399189,0.540312197173086,FALSE,FALSE
1999-02-24,Amundsen_Bellingshausen,0.868530536,-0.443638692413862,0.443638692413862,0.540312197173086,FALSE,FALSE
1999-02-25,Amundsen_Bellingshausen,0.853303676,-0.4639515167107501,0.4639515167107501,0.540312197173086,FALSE,FALSE
1999-02-26,Amundsen_Bellingshausen,0.844817688,-0.4782939052949214,0.4782939052949214,0.540312197173086,FALSE,FALSE
1999-02-27,Amundsen_Bellingshausen,0.851984133,-0.4777026081307156,0.4777026081307156,0.540312197173086,FALSE,FALSE
1999-02-28,Amundsen_Bellingshausen,0.862774594,-0.4741543531824708,0.4741543531824708,0.540312197173086,FALSE,FALSE
1999-03-01,Amundsen_Bellingshausen,0.871254204,-0.4735323184145277,0.4735323184145277,0.540312197173086,FALSE,FALSE
1999-03-02,Amundsen_Bellingshausen,0.85143846,-0.5017693177912252,0.5017693177912252,0.540312197173086,FALSE,FALSE
1999-03-03,Amundsen_Bellingshausen,0.857920813,-0.5042202112769032,0.5042202112769032,0.540312197173086,FALSE,FALSE
1999-03-04,Amundsen_Bellingshausen,0.850678006,-0.5208565668358999,0.5208565668358999,0.540312197173086,FALSE,FALSE
1999-03-05,Amundsen_Bellingshausen,0.867361614,-0.5139751237596322,0.5139751237596322,0.540312197173086,FALSE,FALSE
1999-03-06,Amundsen_Bellingshausen,0.882914545,-0.5085936646496994,0.5085936646496994,0.540312197173086,FALSE,FALSE
1999-03-07,Amundsen_Bellingshausen,0.885698026,-0.5163519456724979,0.5163519456724979,0.540312197173086,FALSE,FALSE
1999-03-08,Amundsen_Bellingshausen,0.899633557,-0.5133376358512503,0.5133376358512503,0.540312197173086,FALSE,FALSE
1999-03-09,Amundsen_Bellingshausen,0.93731161,-0.48696943220918054,0.48696943220918054,0.540312197173086,FALSE,FALSE
1999-03-10,Amundsen_Bellingshausen,0.948567344,-0.48742134476951127,0.48742134476951127,0.540312197173086,FALSE,FALSE
1999-03-11,Amundsen_Bellingshausen,0.964185493,-0.48391780855546607,0.48391780855546607,0.540312197173086,FALSE,FALSE
1999-03-12,Amundsen_Bellingshausen,0.989864065,-0.4707699845902683,0.4707699845902683,0.540312197173086,FALSE,FALSE
1999-03-13,Amundsen_Bellingshausen,0.993086781,-0.4805033208971433,0.4805033208971433,0.540312197173086,FALSE,FALSE
1999-03-14,Amundsen_Bellingshausen,0.993731945,-0.4932486824993112,0.4932486824993112,0.540312197173086,FALSE,FALSE
1999-03-15,Amundsen_Bellingshausen,0.991331654,-0.5094831414199966,0.5094831414199966,0.540312197173086,FALSE,FALSE
1999-03-16,Amundsen_Bellingshausen,0.999399598,-0.5157021766824249,0.5157021766824249,0.540312197173086,FALSE,FALSE
1999-03-17,Amundsen_Bellingshausen,1.02661706,-0.5032336743098167,0.5032336743098167,0.540312197173086,FALSE,FALSE
1999-03-18,Amundsen_Bellingshausen,1.032777298,-0.5122930545434381,0.5122930545434381,0.540312197173086,FALSE,FALSE
1999-03-19,Amundsen_Bellingshausen,1.025271681,-0.5354853694166797,0.5354853694166797,0.540312197173086,FALSE,FALSE
1999-03-20,Amundsen_Bellingshausen,1.017658249,-0.5592361788208304,0.5592361788208304,0.540312197173086,TRUE,TRUE
1999-03-21,Amundsen_Bellingshausen,1.010302194,-0.5831632870068331,0.5831632870068331,0.540312197173086,TRUE,TRUE
1999-03-22,Amundsen_Bellingshausen,1.007171346,-0.6032818602256325,0.6032818602256325,0.540312197173086,TRUE,TRUE
1999-03-23,Amundsen_Bellingshausen,1.024910077,-0.602930522728172,0.602930522728172,0.540312197173086,TRUE,TRUE
1999-03-24,Amundsen_Bellingshausen,1.056898229,-0.5887124287653926,0.5887124287653926,0.540312197173086,TRUE,TRUE
1999-03-25,Amundsen_Bellingshausen,1.082307849,-0.5814385275882403,0.5814385275882403,0.540312197173086,TRUE,TRUE
1999-03-26,Amundsen_Bellingshausen,1.130719351,-0.5515114014476579,0.5515114014476579,0.540312197173086,TRUE,TRUE
1999-03-27,Amundsen_Bellingshausen,1.15548014,-0.545566641594587,0.545566641594587,0.540312197173086,TRUE,TRUE
1999-03-28,Amundsen_Bellingshausen,1.190214837,-0.529962623279973,0.529962623279973,0.540312197173086,FALSE,FALSE
1999-03-29,Amundsen_Bellingshausen,1.235838089,-0.5037676957547592,0.5037676957547592,0.540312197173086,FALSE,FALSE
1999-03-30,Amundsen_Bellingshausen,1.259355804,-0.4999589472698882,0.4999589472698882,0.540312197173086,FALSE,FALSE
1999-03-31,Amundsen_Bellingshausen,1.289291554,-0.48999876170334766,0.48999876170334766,0.540312197173086,FALSE,FALSE
1999-04-01,Amundsen_Bellingshausen,1.312528551,-0.48700606035289074,0.48700606035289074,0.540312197173086,FALSE,FALSE
1999-04-02,Amundsen_Bellingshausen,1.318208696,-0.5018465751418504,0.5018465751418504,0.540312197173086,FALSE,FALSE
1999-04-03,Amundsen_Bellingshausen,1.32473166,-0.5161282725401017,0.5161282725401017,0.540312197173086,FALSE,FALSE
1999-04-04,Amundsen_Bellingshausen,1.323780899,-0.5381753340175179,0.5381753340175179,0.540312197173086,FALSE,FALSE
1999-04-05,Amundsen_Bellingshausen,1.348209205,-0.5351426050439729,0.5351426050439729,0.540312197173086,FALSE,FALSE
1999-04-06,Amundsen_Bellingshausen,1.376151914,-0.5289023870893352,0.5289023870893352,0.540312197173086,FALSE,FALSE
1999-04-07,Amundsen_Bellingshausen,1.39482288,-0.5322484636234821,0.5322484636234821,0.540312197173086,FALSE,FALSE
1999-04-08,Amundsen_Bellingshausen,1.411000586,-0.5384099891162826,0.5384099891162826,0.540312197173086,FALSE,FALSE
1999-04-09,Amundsen_Bellingshausen,1.407920403,-0.5641592300376115,0.5641592300376115,0.540312197173086,TRUE,TRUE
1999-04-10,Amundsen_Bellingshausen,1.400727263,-0.5943588918573424,0.5943588918573424,0.540312197173086,TRUE,TRUE
1999-04-11,Amundsen_Bellingshausen,1.409858696,-0.6085790820453469,0.6085790820453469,0.540312197173086,TRUE,TRUE
1999-04-12,Amundsen_Bellingshausen,1.415234891,-0.62690719996473,0.62690719996473,0.540312197173086,TRUE,TRUE
1999-04-13,Amundsen_Bellingshausen,1.404694528,-0.6615086541279027,0.6615086541279027,0.540312197173086,TRUE,TRUE
1999-04-14,Amundsen_Bellingshausen,1.411758435,-0.6788609355747879,0.6788609355747879,0.540312197173086,TRUE,TRUE
1999-04-15,Amundsen_Bellingshausen,1.46465794,-0.6507304964507474,0.6507304964507474,0.540312197173086,TRUE,TRUE
1999-04-16,Amundsen_Bellingshausen,1.497018251,-0.6434899089011532,0.6434899089011532,0.540312197173086,TRUE,TRUE
1999-04-17,Amundsen_Bellingshausen,1.525476021,-0.6405003000713678,0.6405003000713678,0.540312197173086,TRUE,TRUE
1999-04-18,Amundsen_Bellingshausen,1.539067917,-0.6527227831067568,0.6527227831067568,0.540312197173086,TRUE,TRUE
1999-04-19,Amundsen_Bellingshausen,1.532402587,-0.6855464901526886,0.6855464901526886,0.540312197173086,TRUE,TRUE
1999-04-20,Amundsen_Bellingshausen,1.534349642,-0.7100995903545289,0.7100995903545289,0.540312197173086,TRUE,TRUE
1999-04-21,Amundsen_Bellingshausen,1.577176898,-0.6941120478576444,0.6941120478576444,0.540312197173086,TRUE,TRUE
1999-04-22,Amundsen_Bellingshausen,1.600765295,-0.6977007028073996,0.6977007028073996,0.540312197173086,TRUE,TRUE
1999-04-23,Amundsen_Bellingshausen,1.607788047,-0.7181901213491608,0.7181901213491608,0.540312197173086,TRUE,TRUE
1999-04-24,Amundsen_Bellingshausen,1.641174634,-0.7126486036282964,0.7126486036282964,0.540312197173086,TRUE,TRUE
1999-04-25,Amundsen_Bellingshausen,1.696505996,-0.685488648622234,0.685488648622234,0.540312197173086,TRUE,TRUE
1999-04-26,Amundsen_Bellingshausen,1.736583985,-0.6738606132288198,0.6738606132288198,0.540312197173086,TRUE,TRUE
1999-04-27,Amundsen_Bellingshausen,1.756394372,-0.6827081513627946,0.6827081513627946,0.540312197173086,TRUE,TRUE
1999-04-28,Amundsen_Bellingshausen,1.773608844,-0.6942887609347914,0.6942887609347914,0.540312197173086,TRUE,TRUE
1999-04-29,Amundsen_Bellingshausen,1.799416247,-0.6973427808554487,0.6973427808554487,0.540312197173086,TRUE,TRUE
1999-04-30,Amundsen_Bellingshausen,1.84320254,-0.6824134370354056,0.6824134370354056,0.540312197173086,TRUE,TRUE
1999-05-01,Amundsen_Bellingshausen,1.865029348,-0.6893682893852995,0.6893682893852995,0.540312197173086,TRUE,TRUE
1999-05-02,Amundsen_Bellingshausen,1.854329775,-0.7287034188157668,0.7287034188157668,0.540312197173086,TRUE,TRUE
1999-05-03,Amundsen_Bellingshausen,1.858554584,-0.7528972472374444,0.7528972472374444,0.540312197173086,TRUE,TRUE
1999-05-04,Amundsen_Bellingshausen,1.902117143,-0.7374655915609671,0.7374655915609671,0.540312197173086,TRUE,TRUE
1999-05-05,Amundsen_Bellingshausen,1.962014023,-0.7053410656969765,0.7053410656969765,0.540312197173086,TRUE,TRUE
1999-05-06,Amundsen_Bellingshausen,2.018557766,-0.6761403125561065,0.6761403125561065,0.540312197173086,TRUE,TRUE
1999-05-07,Amundsen_Bellingshausen,2.051960807,-0.6695801210321233,0.6695801210321233,0.540312197173086,TRUE,TRUE
1999-05-08,Amundsen_Bellingshausen,2.084189548,-0.6636450467208994,0.6636450467208994,0.540312197173086,TRUE,TRUE
1999-05-09,Amundsen_Bellingshausen,2.098288081,-0.6752997988686391,0.6752997988686391,0.540312197173086,TRUE,TRUE
1999-05-10,Amundsen_Bellingshausen,2.125857061,-0.6729620410864001,0.6729620410864001,0.540312197173086,TRUE,TRUE
1999-05-11,Amundsen_Bellingshausen,2.149558486,-0.6739880939852432,0.6739880939852432,0.540312197173086,TRUE,TRUE
1999-05-12,Amundsen_Bellingshausen,2.1474718,-0.7003168321762265,0.7003168321762265,0.540312197173086,TRUE,TRUE
1999-05-13,Amundsen_Bellingshausen,2.157145801,-0.714417776270408,0.714417776270408,0.540312197173086,TRUE,TRUE
1999-05-14,Amundsen_Bellingshausen,2.171723347,-0.7231663868788516,0.7231663868788516,0.540312197173086,TRUE,TRUE
1999-05-15,Amundsen_Bellingshausen,2.183288366,-0.7344970546126137,0.7344970546126137,0.540312197173086,TRUE,TRUE
1999-05-16,Amundsen_Bellingshausen,2.229227086,-0.7110418700827541,0.7110418700827541,0.540312197173086,TRUE,TRUE
1999-05-17,Amundsen_Bellingshausen,2.251613403,-0.7107452559003331,0.7107452559003331,0.540312197173086,TRUE,TRUE
1999-05-18,Amundsen_Bellingshausen,2.332173727,-0.6518991206764095,0.6518991206764095,0.540312197173086,TRUE,TRUE
1999-05-19,Amundsen_Bellingshausen,2.360637878,-0.6447919630220431,0.6447919630220431,0.540312197173086,TRUE,TRUE
1999-05-20,Amundsen_Bellingshausen,2.380414858,-0.6460330379389552,0.6460330379389552,0.540312197173086,TRUE,TRUE
1999-05-21,Amundsen_Bellingshausen,2.386135424,-0.6610087212239204,0.6610087212239204,0.540312197173086,TRUE,TRUE
1999-05-22,Amundsen_Bellingshausen,2.374990305,-0.6925444344740743,0.6925444344740743,0.540312197173086,TRUE,TRUE
1999-05-23,Amundsen_Bellingshausen,2.371513378,-0.7161224182407269,0.7161224182407269,0.540312197173086,TRUE,TRUE
1999-05-24,Amundsen_Bellingshausen,2.357772356,-0.7496910770751812,0.7496910770751812,0.540312197173086,TRUE,TRUE
1999-05-25,Amundsen_Bellingshausen,2.336571332,-0.7904624355287466,0.7904624355287466,0.540312197173086,TRUE,TRUE
1999-05-26,Amundsen_Bellingshausen,2.326343804,-0.820019113152731,0.820019113152731,0.540312197173086,TRUE,TRUE
1999-05-27,Amundsen_Bellingshausen,2.343562009,-0.821904990498441,0.821904990498441,0.540312197173086,TRUE,TRUE
1999-05-28,Amundsen_Bellingshausen,2.386037112,-0.7983250201171828,0.7983250201171828,0.540312197173086,TRUE,TRUE
1999-05-29,Amundsen_Bellingshausen,2.453417361,-0.7496470715602634,0.7496470715602634,0.540312197173086,TRUE,TRUE
1999-05-30,Amundsen_Bellingshausen,2.503598568,-0.7179914503789924,0.7179914503789924,0.540312197173086,TRUE,TRUE
1999-05-31,Amundsen_Bellingshausen,2.541518769,-0.698436238124676,0.698436238124676,0.540312197173086,TRUE,TRUE
1999-06-01,Amundsen_Bellingshausen,2.581720115,-0.6764554013486217,0.6764554013486217,0.540312197173086,TRUE,TRUE
1999-06-02,Amundsen_Bellingshausen,2.641689351,-0.634570144332741,0.634570144332741,0.540312197173086,TRUE,TRUE
1999-06-03,Amundsen_Bellingshausen,2.674903255,-0.6192754017101194,0.6192754017101194,0.540312197173086,TRUE,TRUE
1999-06-04,Amundsen_Bellingshausen,2.711016426,-0.6008782419880871,0.6008782419880871,0.540312197173086,TRUE,TRUE
1999-06-05,Amundsen_Bellingshausen,2.747335863,-0.5820333333018741,0.5820333333018741,0.540312197173086,TRUE,TRUE
1999-06-06,Amundsen_Bellingshausen,2.777720896,-0.5688430127867155,0.5688430127867155,0.540312197173086,TRUE,TRUE
1999-06-07,Amundsen_Bellingshausen,2.807943791,-0.5554966815778428,0.5554966815778428,0.540312197173086,TRUE,TRUE
1999-06-08,Amundsen_Bellingshausen,2.861599295,-0.5183612598104874,0.5183612598104874,0.540312197173086,FALSE,FALSE
1999-06-09,Amundsen_Bellingshausen,2.897683303,-0.4984025196198836,0.4984025196198836,0.540312197173086,FALSE,FALSE
1999-06-10,Amundsen_Bellingshausen,2.895519321,-0.5162586221412608,0.5162586221412608,0.540312197173086,FALSE,FALSE
1999-06-11,Amundsen_Bellingshausen,2.894951541,-0.532047042509856,0.532047042509856,0.540312197173086,FALSE,FALSE
1999-06-12,Amundsen_Bellingshausen,2.908294879,-0.5334145318609007,0.5334145318609007,0.540312197173086,FALSE,FALSE
1999-06-13,Amundsen_Bellingshausen,2.904241075,-0.5516310173296244,0.5516310173296244,0.540312197173086,TRUE,TRUE
1999-06-14,Amundsen_Bellingshausen,2.887856252,-0.5815930667767595,0.5815930667767595,0.540312197173086,TRUE,TRUE
1999-06-15,Amundsen_Bellingshausen,2.872217513,-0.6102313981285978,0.6102313981285978,0.540312197173086,TRUE,TRUE
1999-06-16,Amundsen_Bellingshausen,2.88905263,-0.6058879722452284,0.6058879722452284,0.540312197173086,TRUE,TRUE
1999-06-17,Amundsen_Bellingshausen,2.896142279,-0.610856331611914,0.610856331611914,0.540312197173086,TRUE,TRUE
1999-06-18,Amundsen_Bellingshausen,2.894366572,-0.624330582713915,0.624330582713915,0.540312197173086,TRUE,TRUE
1999-06-19,Amundsen_Bellingshausen,2.940871919,-0.5892385340364883,0.5892385340364883,0.540312197173086,TRUE,TRUE
1999-06-20,Amundsen_Bellingshausen,3.013279582,-0.5280331420648956,0.5280331420648956,0.540312197173086,FALSE,FALSE
1999-06-21,Amundsen_Bellingshausen,3.050788051,-0.5015901352843937,0.5015901352843937,0.540312197173086,FALSE,FALSE
1999-06-22,Amundsen_Bellingshausen,3.075285818,-0.4880952401802445,0.4880952401802445,0.540312197173086,FALSE,FALSE
1999-06-23,Amundsen_Bellingshausen,3.099114842,-0.4752807162377049,0.4752807162377049,0.540312197173086,FALSE,FALSE
1999-06-24,Amundsen_Bellingshausen,3.1103645,-0.4751314049420374,0.4751314049420374,0.540312197173086,FALSE,FALSE
1999-06-25,Amundsen_Bellingshausen,3.120709304,-0.47604701277849903,0.47604701277849903,0.540312197173086,FALSE,FALSE
1999-06-26,Amundsen_Bellingshausen,3.121189292,-0.4870617202323513,0.4870617202323513,0.540312197173086,FALSE,FALSE
1999-06-27,Amundsen_Bellingshausen,3.137506655,-0.4825384443506056,0.4825384443506056,0.540312197173086,FALSE,FALSE
1999-06-28,Amundsen_Bellingshausen,3.154825878,-0.4773089651053613,0.4773089651053613,0.540312197173086,FALSE,FALSE
1999-06-29,Amundsen_Bellingshausen,3.175636358,-0.4688486933616894,0.4688486933616894,0.540312197173086,FALSE,FALSE
1999-06-30,Amundsen_Bellingshausen,3.193742055,-0.4633183152476148,0.4633183152476148,0.540312197173086,FALSE,FALSE
1999-07-01,Amundsen_Bellingshausen,3.216908824,-0.4529166218911591,0.4529166218911591,0.540312197173086,FALSE,FALSE
1999-07-02,Amundsen_Bellingshausen,3.217550633,-0.46519429142034774,0.46519429142034774,0.540312197173086,FALSE,FALSE
1999-07-03,Amundsen_Bellingshausen,3.214674298,-0.4811091539632044,0.4811091539632044,0.540312197173086,FALSE,FALSE
1999-07-04,Amundsen_Bellingshausen,3.241164156,-0.4677415186477498,0.4677415186477498,0.540312197173086,FALSE,FALSE
1999-07-05,Amundsen_Bellingshausen,3.218965318,-0.5031109206020128,0.5031109206020128,0.540312197173086,FALSE,FALSE
1999-07-06,Amundsen_Bellingshausen,3.188042909,-0.547216880954013,0.547216880954013,0.540312197173086,TRUE,TRUE
1999-07-07,Amundsen_Bellingshausen,3.166690098,-0.5817308768317733,0.5817308768317733,0.540312197173086,TRUE,TRUE
1999-07-08,Amundsen_Bellingshausen,3.148744832,-0.6127796073633198,0.6127796073633198,0.540312197173086,TRUE,TRUE
1999-07-09,Amundsen_Bellingshausen,3.130445154,-0.6440897119900892,0.6440897119900892,0.540312197173086,TRUE,TRUE
1999-07-10,Amundsen_Bellingshausen,3.114592667,-0.6728313329445168,0.6728313329445168,0.540312197173086,TRUE,TRUE
1999-07-11,Amundsen_Bellingshausen,3.109820934,-0.6903581091966595,0.6903581091966595,0.540312197173086,TRUE,TRUE
1999-07-12,Amundsen_Bellingshausen,3.142408297,-0.6703809462041388,0.6703809462041388,0.540312197173086,TRUE,TRUE
1999-07-13,Amundsen_Bellingshausen,3.199889996,-0.6253538514245767,0.6253538514245767,0.540312197173086,TRUE,TRUE
1999-07-14,Amundsen_Bellingshausen,3.245270971,-0.592261132315592,0.592261132315592,0.540312197173086,TRUE,TRUE
1999-07-15,Amundsen_Bellingshausen,3.29816154,-0.5514817183348053,0.5514817183348053,0.540312197173086,TRUE,TRUE
1999-07-16,Amundsen_Bellingshausen,3.356811488,-0.5047550719398419,0.5047550719398419,0.540312197173086,FALSE,FALSE
1999-07-17,Amundsen_Bellingshausen,3.419034775,-0.45425648058832024,0.45425648058832024,0.540312197173086,FALSE,FALSE
1999-07-18,Amundsen_Bellingshausen,3.499792888,-0.3850137047378577,0.3850137047378577,0.540312197173086,FALSE,FALSE
1999-07-19,Amundsen_Bellingshausen,3.542197952,-0.3539038668460819,0.3539038668460819,0.540312197173086,FALSE,FALSE
1999-07-20,Amundsen_Bellingshausen,3.561205938,-0.34596024337061326,0.34596024337061326,0.540312197173086,FALSE,FALSE
1999-07-21,Amundsen_Bellingshausen,3.562718851,-0.35527007676906885,0.35527007676906885,0.540312197173086,FALSE,FALSE
1999-07-22,Amundsen_Bellingshausen,3.555136819,-0.3734222065449954,0.3734222065449954,0.540312197173086,FALSE,FALSE
1999-07-23,Amundsen_Bellingshausen,3.545660652,-0.3932009261924465,0.3932009261924465,0.540312197173086,FALSE,FALSE
1999-07-24,Amundsen_Bellingshausen,3.530320768,-0.41855810457560993,0.41855810457560993,0.540312197173086,FALSE,FALSE
1999-07-25,Amundsen_Bellingshausen,3.50348261,-0.4551105216665494,0.4551105216665494,0.540312197173086,FALSE,FALSE
1999-07-26,Amundsen_Bellingshausen,3.495841238,-0.4721453404373257,0.4721453404373257,0.540312197173086,FALSE,FALSE
1999-07-27,Amundsen_Bellingshausen,3.478098907,-0.4989425288599976,0.4989425288599976,0.540312197173086,FALSE,FALSE
1999-07-28,Amundsen_Bellingshausen,3.476536334,-0.5092035929066365,0.5092035929066365,0.540312197173086,FALSE,FALSE
1999-07-29,Amundsen_Bellingshausen,3.492442882,-0.5016213925492967,0.5016213925492967,0.540312197173086,FALSE,FALSE
1999-07-30,Amundsen_Bellingshausen,3.469086156,-0.5329105457600494,0.5329105457600494,0.540312197173086,FALSE,FALSE
1999-07-31,Amundsen_Bellingshausen,3.407973413,-0.6015460185109487,0.6015460185109487,0.540312197173086,TRUE,TRUE
1999-08-01,Amundsen_Bellingshausen,3.387198865,-0.6294158217740589,0.6294158217740589,0.540312197173086,TRUE,TRUE
1999-08-02,Amundsen_Bellingshausen,3.348213649,-0.6750510415214466,0.6750510415214466,0.540312197173086,TRUE,TRUE
1999-08-03,Amundsen_Bellingshausen,3.320285513,-0.7091661532526619,0.7091661532526619,0.540312197173086,TRUE,TRUE
1999-08-04,Amundsen_Bellingshausen,3.335852713,-0.6993193646006373,0.6993193646006373,0.540312197173086,TRUE,TRUE
1999-08-05,Amundsen_Bellingshausen,3.400337274,-0.6401364838600934,0.6401364838600934,0.540312197173086,TRUE,TRUE
1999-08-06,Amundsen_Bellingshausen,3.428895758,-0.616520361797066,0.616520361797066,0.540312197173086,TRUE,TRUE
1999-08-07,Amundsen_Bellingshausen,3.509084044,-0.5409745321776023,0.5409745321776023,0.540312197173086,TRUE,TRUE
1999-08-08,Amundsen_Bellingshausen,3.543312201,-0.5111483387677405,0.5111483387677405,0.540312197173086,FALSE,FALSE
1999-08-09,Amundsen_Bellingshausen,3.559921527,-0.498759896333528,0.498759896333528,0.540312197173086,FALSE,FALSE
1999-08-10,Amundsen_Bellingshausen,3.618341751,-0.4444388886410078,0.4444388886410078,0.540312197173086,FALSE,FALSE
1999-08-11,Amundsen_Bellingshausen,3.671333875,-0.39548372645621566,0.39548372645621566,0.540312197173086,FALSE,FALSE
1999-08-12,Amundsen_Bellingshausen,3.719892933,-0.35095878854520146,0.35095878854520146,0.540312197173086,FALSE,FALSE
1999-08-13,Amundsen_Bellingshausen,3.754052632,-0.3208897806740034,0.3208897806740034,0.540312197173086,FALSE,FALSE
1999-08-14,Amundsen_Bellingshausen,3.744800336,-0.33434875160866806,0.33434875160866806,0.540312197173086,FALSE,FALSE
1999-08-15,Amundsen_Bellingshausen,3.729177685,-0.35435347411523566,0.35435347411523566,0.540312197173086,FALSE,FALSE
1999-08-16,Amundsen_Bellingshausen,3.701662332,-0.38648354632025894,0.38648354632025894,0.540312197173086,FALSE,FALSE
1999-08-17,Amundsen_Bellingshausen,3.706985506,-0.386000741347718,0.386000741347718,0.540312197173086,FALSE,FALSE
1999-08-18,Amundsen_Bellingshausen,3.711775341,-0.38619638927104294,0.38619638927104294,0.540312197173086,FALSE,FALSE
1999-08-19,Amundsen_Bellingshausen,3.67638273,-0.426635031088392,0.426635031088392,0.540312197173086,FALSE,FALSE
1999-08-20,Amundsen_Bellingshausen,3.626185855,-0.4818539187979285,0.4818539187979285,0.540312197173086,FALSE,FALSE
1999-08-21,Amundsen_Bellingshausen,3.622043711,-0.49090949139782314,0.49090949139782314,0.540312197173086,FALSE,FALSE
1999-08-22,Amundsen_Bellingshausen,3.635070678,-0.48260280288623303,0.48260280288623303,0.540312197173086,FALSE,FALSE
1999-08-23,Amundsen_Bellingshausen,3.684602025,-0.4375140182613255,0.4375140182613255,0.540312197173086,FALSE,FALSE
1999-08-24,Amundsen_Bellingshausen,3.764115735,-0.36208058852126257,0.36208058852126257,0.540312197173086,FALSE,FALSE
1999-08-25,Amundsen_Bellingshausen,3.837188497,-0.29264125866420576,0.29264125866420576,0.540312197173086,FALSE,FALSE
1999-08-26,Amundsen_Bellingshausen,3.88499322,-0.2479385536883294,0.2479385536883294,0.540312197173086,FALSE,FALSE
1999-08-27,Amundsen_Bellingshausen,3.919656081,-0.2157617305917836,0.2157617305917836,0.540312197173086,FALSE,FALSE
1999-08-28,Amundsen_Bellingshausen,3.957333022,-0.17987028137274352,0.17987028137274352,0.540312197173086,FALSE,FALSE
1999-08-29,Amundsen_Bellingshausen,3.975835819,-0.16238285550638001,0.16238285550638001,0.540312197173086,FALSE,FALSE
1999-08-30,Amundsen_Bellingshausen,3.981425429,-0.15706003510775757,0.15706003510775757,0.540312197173086,FALSE,FALSE
1999-08-31,Amundsen_Bellingshausen,4.004543453,-0.13351599258898528,0.13351599258898528,0.540312197173086,FALSE,FALSE
1999-09-01,Amundsen_Bellingshausen,4.053955344,-0.08304110976725898,0.08304110976725898,0.540312197173086,FALSE,FALSE
1999-09-02,Amundsen_Bellingshausen,4.082077649,-0.0532746744597814,0.0532746744597814,0.540312197173086,FALSE,FALSE
1999-09-03,Amundsen_Bellingshausen,4.094524988,-0.03865790148374515,0.03865790148374515,0.540312197173086,FALSE,FALSE
1999-09-04,Amundsen_Bellingshausen,4.106967316,-0.02357667065635027,0.02357667065635027,0.540312197173086,FALSE,FALSE
1999-09-05,Amundsen_Bellingshausen,4.112944984,-0.0145464657947949,0.0145464657947949,0.540312197173086,FALSE,FALSE
1999-09-06,Amundsen_Bellingshausen,4.103380776,-0.02070033771627688,0.02070033771627688,0.540312197173086,FALSE,FALSE
1999-09-07,Amundsen_Bellingshausen,4.106863178,-0.0135056352379923,0.0135056352379923,0.540312197173086,FALSE,FALSE
1999-09-08,Amundsen_Bellingshausen,4.110182919,-0.0062274641771447,0.0062274641771447,0.540312197173086,FALSE,FALSE
1999-09-09,Amundsen_Bellingshausen,4.18740627,0.0751446116490726,0.0751446116490726,0.540312197173086,FALSE,FALSE
1999-09-10,Amundsen_Bellingshausen,4.243295005,0.13531678794944035,0.13531678794944035,0.540312197173086,FALSE,FALSE
1999-09-11,Amundsen_Bellingshausen,4.244733182,0.141141896864597,0.141141896864597,0.540312197173086,FALSE,FALSE
1999-09-12,Amundsen_Bellingshausen,4.211428376,0.11234035589228952,0.11234035589228952,0.540312197173086,FALSE,FALSE
1999-09-13,Amundsen_Bellingshausen,4.185872984,0.09142204454408454,0.09142204454408454,0.540312197173086,FALSE,FALSE
1999-09-14,Amundsen_Bellingshausen,4.164279456,0.07461689533154647,0.07461689533154647,0.540312197173086,FALSE,FALSE
1999-09-15,Amundsen_Bellingshausen,4.128215131,0.04350972976622902,0.04350972976622902,0.540312197173086,FALSE,FALSE
1999-09-16,Amundsen_Bellingshausen,4.079422758,-1.3922064029792125e-4,1.3922064029792125e-4,0.540312197173086,FALSE,FALSE
1999-09-17,Amundsen_Bellingshausen,4.076694664,0.00247985362352487,0.00247985362352487,0.540312197173086,FALSE,FALSE
1999-09-18,Amundsen_Bellingshausen,4.064892885,-0.00375352893074154,0.00375352893074154,0.540312197173086,FALSE,FALSE
1999-09-19,Amundsen_Bellingshausen,4.068706389,0.00586708220846965,0.00586708220846965,0.540312197173086,FALSE,FALSE
1999-09-20,Amundsen_Bellingshausen,4.061598115,0.00482210855272047,0.00482210855272047,0.540312197173086,FALSE,FALSE
1999-09-21,Amundsen_Bellingshausen,4.031364181,-0.01907484938643033,0.01907484938643033,0.540312197173086,FALSE,FALSE
1999-09-22,Amundsen_Bellingshausen,3.970084321,-0.0737265750974192,0.0737265750974192,0.540312197173086,FALSE,FALSE
1999-09-23,Amundsen_Bellingshausen,3.926455448,-0.11041925414387022,0.11041925414387022,0.540312197173086,FALSE,FALSE
1999-09-24,Amundsen_Bellingshausen,3.871160419,-0.15845934915306217,0.15845934915306217,0.540312197173086,FALSE,FALSE
1999-09-25,Amundsen_Bellingshausen,3.849500867,-0.17253832054509166,0.17253832054509166,0.540312197173086,FALSE,FALSE
1999-09-26,Amundsen_Bellingshausen,3.845005825,-0.16912028169054638,0.16912028169054638,0.540312197173086,FALSE,FALSE
1999-09-27,Amundsen_Bellingshausen,3.824700024,-0.18117364796000324,0.18117364796000324,0.540312197173086,FALSE,FALSE
1999-09-28,Amundsen_Bellingshausen,3.877773144,-0.11950188572404752,0.11950188572404752,0.540312197173086,FALSE,FALSE
1999-09-29,Amundsen_Bellingshausen,3.933868104,-0.05445522235325795,0.05445522235325795,0.540312197173086,FALSE,FALSE
1999-09-30,Amundsen_Bellingshausen,3.962824481,-0.01618722721822019,0.01618722721822019,0.540312197173086,FALSE,FALSE
1999-10-01,Amundsen_Bellingshausen,4.017005782,0.04767246031048877,0.04767246031048877,0.540312197173086,FALSE,FALSE
1999-10-02,Amundsen_Bellingshausen,4.04372646,0.0844451468622851,0.0844451468622851,0.540312197173086,FALSE,FALSE
1999-10-03,Amundsen_Bellingshausen,4.048722415,0.09987358606658824,0.09987358606658824,0.540312197173086,FALSE,FALSE
1999-10-04,Amundsen_Bellingshausen,4.03935596,0.10132694455281575,0.10132694455281575,0.540312197173086,FALSE,FALSE
1999-10-05,Amundsen_Bellingshausen,4.023507682,0.09669264784215235,0.09669264784215235,0.540312197173086,FALSE,FALSE
1999-10-06,Amundsen_Bellingshausen,3.989198959,0.07398063708930858,0.07398063708930858,0.540312197173086,FALSE,FALSE
1999-10-07,Amundsen_Bellingshausen,3.976453424,0.07314935055759797,0.07314935055759797,0.540312197173086,FALSE,FALSE
1999-10-08,Amundsen_Bellingshausen,3.953124781,0.06197746261012149,0.06197746261012149,0.540312197173086,FALSE,FALSE
1999-10-09,Amundsen_Bellingshausen,3.911444089,0.03262100260997425,0.03262100260997425,0.540312197173086,FALSE,FALSE
1999-10-10,Amundsen_Bellingshausen,3.894085342,0.02767893492024908,0.02767893492024908,0.540312197173086,FALSE,FALSE
1999-10-11,Amundsen_Bellingshausen,3.883928774,0.0299564639040466,0.0299564639040466,0.540312197173086,FALSE,FALSE
1999-10-12,Amundsen_Bellingshausen,3.869839734,0.0282439089244626,0.0282439089244626,0.540312197173086,FALSE,FALSE
1999-10-13,Amundsen_Bellingshausen,3.826037722,-0.00331425965540788,0.00331425965540788,0.540312197173086,FALSE,FALSE
1999-10-14,Amundsen_Bellingshausen,3.762560193,-0.05475561647246474,0.05475561647246474,0.540312197173086,FALSE,FALSE
1999-10-15,Amundsen_Bellingshausen,3.714957621,-0.09060471716361553,0.09060471716361553,0.540312197173086,FALSE,FALSE
1999-10-16,Amundsen_Bellingshausen,3.689830755,-0.10433584236576188,0.10433584236576188,0.540312197173086,FALSE,FALSE
1999-10-17,Amundsen_Bellingshausen,3.672464509,-0.11073910771580664,0.11073910771580664,0.540312197173086,FALSE,FALSE
1999-10-18,Amundsen_Bellingshausen,3.624110837,-0.1486342964116778,0.1486342964116778,0.540312197173086,FALSE,FALSE
1999-10-19,Amundsen_Bellingshausen,3.594788115,-0.1680048392229958,0.1680048392229958,0.540312197173086,FALSE,FALSE
1999-10-20,Amundsen_Bellingshausen,3.572884941,-0.1803970903607297,0.1803970903607297,0.540312197173086,FALSE,FALSE
1999-10-21,Amundsen_Bellingshausen,3.544432923,-0.19971171716101832,0.19971171716101832,0.540312197173086,FALSE,FALSE
1999-10-22,Amundsen_Bellingshausen,3.531022389,-0.2042906669600031,0.2042906669600031,0.540312197173086,FALSE,FALSE
1999-10-23,Amundsen_Bellingshausen,3.526526634,-0.20019292009381928,0.20019292009381928,0.540312197173086,FALSE,FALSE
1999-10-24,Amundsen_Bellingshausen,3.535608155,-0.1826882548986113,0.1826882548986113,0.540312197173086,FALSE,FALSE
1999-10-25,Amundsen_Bellingshausen,3.54353928,-0.16643661871051574,0.16643661871051574,0.540312197173086,FALSE,FALSE
1999-10-26,Amundsen_Bellingshausen,3.548896782,-0.15279351386567352,0.15279351386567352,0.540312197173086,FALSE,FALSE
1999-10-27,Amundsen_Bellingshausen,3.570536163,-0.12283571370022184,0.12283571370022184,0.540312197173086,FALSE,FALSE
1999-10-28,Amundsen_Bellingshausen,3.586665491,-0.098287425550303,0.098287425550303,0.540312197173086,FALSE,FALSE
1999-10-29,Amundsen_Bellingshausen,3.5921477,-0.08421799075205527,0.08421799075205527,0.540312197173086,FALSE,FALSE
1999-10-30,Amundsen_Bellingshausen,3.583853905,-0.08368856964161742,0.08368856964161742,0.540312197173086,FALSE,FALSE
1999-10-31,Amundsen_Bellingshausen,3.579509649,-0.07891692001614992,0.07891692001614992,0.540312197173086,FALSE,FALSE
1999-11-01,Amundsen_Bellingshausen,3.599912323,-0.04910322138603318,0.04910322138603318,0.540312197173086,FALSE,FALSE
1999-11-02,Amundsen_Bellingshausen,3.609079013,-0.03024462780868653,0.03024462780868653,0.540312197173086,FALSE,FALSE
1999-11-03,Amundsen_Bellingshausen,3.647547419,0.01818231617725008,0.01818231617725008,0.540312197173086,FALSE,FALSE
1999-11-04,Amundsen_Bellingshausen,3.662726694,0.0435725190331433,0.0435725190331433,0.540312197173086,FALSE,FALSE
1999-11-05,Amundsen_Bellingshausen,3.658997974,0.05029287222035661,0.05029287222035661,0.540312197173086,FALSE,FALSE
1999-11-06,Amundsen_Bellingshausen,3.659587481,0.06155535320025596,0.06155535320025596,0.540312197173086,FALSE,FALSE
1999-11-07,Amundsen_Bellingshausen,3.665461434,0.07831193643420287,0.07831193643420287,0.540312197173086,FALSE,FALSE
1999-11-08,Amundsen_Bellingshausen,3.669920237,0.093848781383564,0.093848781383564,0.540312197173086,FALSE,FALSE
1999-11-09,Amundsen_Bellingshausen,3.707886164,0.14307391750970666,0.14307391750970666,0.540312197173086,FALSE,FALSE
1999-11-10,Amundsen_Bellingshausen,3.701492715,0.14810660027399214,0.14810660027399214,0.540312197173086,FALSE,FALSE
1999-11-11,Amundsen_Bellingshausen,3.690733048,0.1489257431377844,0.1489257431377844,0.540312197173086,FALSE,FALSE
1999-11-12,Amundsen_Bellingshausen,3.678922944,0.1488328617414818,0.1488328617414818,0.540312197173086,FALSE,FALSE
1999-11-13,Amundsen_Bellingshausen,3.664748877,0.14649901293036338,0.14649901293036338,0.540312197173086,FALSE,FALSE
1999-11-14,Amundsen_Bellingshausen,3.625606019,0.11930222016130454,0.11930222016130454,0.540312197173086,FALSE,FALSE
1999-11-15,Amundsen_Bellingshausen,3.58880495,0.09453577208017006,0.09453577208017006,0.540312197173086,FALSE,FALSE
1999-11-16,Amundsen_Bellingshausen,3.577582024,0.09541873133281742,0.09541873133281742,0.540312197173086,FALSE,FALSE
1999-11-17,Amundsen_Bellingshausen,3.542617641,0.07261420656510964,0.07261420656510964,0.540312197173086,FALSE,FALSE
1999-11-18,Amundsen_Bellingshausen,3.51649948,0.05869258542290501,0.05869258542290501,0.540312197173086,FALSE,FALSE
1999-11-19,Amundsen_Bellingshausen,3.500730233,0.0551392685520673,0.0551392685520673,0.540312197173086,FALSE,FALSE
1999-11-20,Amundsen_Bellingshausen,3.479819339,0.04644640359845287,0.04644640359845287,0.540312197173086,FALSE,FALSE
1999-11-21,Amundsen_Bellingshausen,3.462419234,0.04124913520792495,0.04124913520792495,0.540312197173086,FALSE,FALSE
1999-11-22,Amundsen_Bellingshausen,3.448790991,0.03979124502634601,0.03979124502634601,0.540312197173086,FALSE,FALSE
1999-11-23,Amundsen_Bellingshausen,3.456099517,0.05922034869957349,0.05922034869957349,0.540312197173086,FALSE,FALSE
1999-11-24,Amundsen_Bellingshausen,3.44535856,0.06053290287346824,0.06053290287346824,0.540312197173086,FALSE,FALSE
1999-11-25,Amundsen_Bellingshausen,3.428651003,0.0557992374980123,0.0557992374980123,0.540312197173086,FALSE,FALSE
1999-11-26,Amundsen_Bellingshausen,3.407932076,0.04700210530554072,0.04700210530554072,0.540312197173086,FALSE,FALSE
1999-11-27,Amundsen_Bellingshausen,3.379023647,0.0300110481707363,0.0300110481707363,0.540312197173086,FALSE,FALSE
1999-11-28,Amundsen_Bellingshausen,3.332205283,-0.00484654039851095,0.00484654039851095,0.540312197173086,FALSE,FALSE
1999-11-29,Amundsen_Bellingshausen,3.329644576,0.00464475810567677,0.00464475810567677,0.540312197173086,FALSE,FALSE
1999-11-30,Amundsen_Bellingshausen,3.3171219770000002,0.00431322119118515,0.00431322119118515,0.540312197173086,FALSE,FALSE
1999-12-01,Amundsen_Bellingshausen,3.317021498,0.01659068736589652,0.01659068736589652,0.540312197173086,FALSE,FALSE
1999-12-02,Amundsen_Bellingshausen,3.304533221,0.01671506513769527,0.01671506513769527,0.540312197173086,FALSE,FALSE
1999-12-03,Amundsen_Bellingshausen,3.293629115,0.01870615001446385,0.01870615001446385,0.540312197173086,FALSE,FALSE
1999-12-04,Amundsen_Bellingshausen,3.279421529,0.01772411750408809,0.01772411750408809,0.540312197173086,FALSE,FALSE
1999-12-05,Amundsen_Bellingshausen,3.26975009,0.02165642111444876,0.02165642111444876,0.540312197173086,FALSE,FALSE
1999-12-06,Amundsen_Bellingshausen,3.257064206,0.02300029535343117,0.02300029535343117,0.540312197173086,FALSE,FALSE
1999-12-07,Amundsen_Bellingshausen,3.237729319,0.01816907949473467,0.01816907949473467,0.540312197173086,FALSE,FALSE
1999-12-08,Amundsen_Bellingshausen,3.193951654,-0.01056113621423993,0.01056113621423993,0.540312197173086,FALSE,FALSE
1999-12-09,Amundsen_Bellingshausen,3.14963621,-0.03916250883968786,0.03916250883968786,0.540312197173086,FALSE,FALSE
1999-12-10,Amundsen_Bellingshausen,3.127503031,-0.04478432431471679,0.04478432431471679,0.540312197173086,FALSE,FALSE
1999-12-11,Amundsen_Bellingshausen,3.125594465,-0.02925356457242989,0.02925356457242989,0.540312197173086,FALSE,FALSE
1999-12-12,Amundsen_Bellingshausen,3.1151856000000002,-0.02116447154593626,0.02116447154593626,0.540312197173086,FALSE,FALSE
1999-12-13,Amundsen_Bellingshausen,3.063477814,-0.05318499716833669,0.05318499716833669,0.540312197173086,FALSE,FALSE
1999-12-14,Amundsen_Bellingshausen,3.006678259,-0.08897731937274322,0.08897731937274322,0.540312197173086,FALSE,FALSE
1999-12-15,Amundsen_Bellingshausen,2.908024769,-0.16517293409225742,0.16517293409225742,0.540312197173086,FALSE,FALSE
1999-12-16,Amundsen_Bellingshausen,2.767184557,-0.2819739582599845,0.2819739582599845,0.540312197173086,FALSE,FALSE
1999-12-17,Amundsen_Bellingshausen,2.670777693,-0.35262965180903283,0.35262965180903283,0.540312197173086,FALSE,FALSE
1999-12-18,Amundsen_Bellingshausen,2.563413859,-0.4323996626725059,0.4323996626725059,0.540312197173086,FALSE,FALSE
1999-12-19,Amundsen_Bellingshausen,2.492350527,-0.4738958487835107,0.4738958487835107,0.540312197173086,FALSE,FALSE
1999-12-20,Amundsen_Bellingshausen,2.417915631,-0.5166695509415953,0.5166695509415953,0.540312197173086,FALSE,FALSE
1999-12-21,Amundsen_Bellingshausen,2.397564555,-0.503301907453868,0.503301907453868,0.540312197173086,FALSE,FALSE
1999-12-22,Amundsen_Bellingshausen,2.361209508,-0.5040427498898525,0.5040427498898525,0.540312197173086,FALSE,FALSE
1999-12-23,Amundsen_Bellingshausen,2.296529186,-0.531378920626755,0.531378920626755,0.540312197173086,FALSE,FALSE
1999-12-24,Amundsen_Bellingshausen,2.2594449,-0.5295546470417944,0.5295546470417944,0.540312197173086,FALSE,FALSE
1999-12-25,Amundsen_Bellingshausen,2.239500718,-0.5091913995121824,0.5091913995121824,0.540312197173086,FALSE,FALSE
1999-12-26,Amundsen_Bellingshausen,2.202284454,-0.5048669024151309,0.5048669024151309,0.540312197173086,FALSE,FALSE
1999-12-27,Amundsen_Bellingshausen,2.144201196,-0.5203416061278507,0.5203416061278507,0.540312197173086,FALSE,FALSE
1999-12-28,Amundsen_Bellingshausen,2.020537873,-0.6004941200275602,0.6004941200275602,0.540312197173086,TRUE,TRUE
1999-12-29,Amundsen_Bellingshausen,1.943159544,-0.6336249234914708,0.6336249234914708,0.540312197173086,TRUE,TRUE
1999-12-30,Amundsen_Bellingshausen,1.892932414,-0.6390333498967895,0.6390333498967895,0.540312197173086,TRUE,TRUE
1999-12-31,Amundsen_Bellingshausen,1.860105116,-0.6266363046207364,0.6266363046207364,0.540312197173086,TRUE,TRUE
2000-01-01,Amundsen_Bellingshausen,1.827721001,-0.6135559750405242,0.6135559750405242,0.540312197173086,TRUE,TRUE
2000-01-02,Amundsen_Bellingshausen,1.800725111,-0.595006099527329,0.595006099527329,0.540312197173086,TRUE,TRUE
2000-01-03,Amundsen_Bellingshausen,1.742829563,-0.6074063094281885,0.6074063094281885,0.540312197173086,TRUE,TRUE
2000-01-04,Amundsen_Bellingshausen,1.699901548,-0.6050144040840959,0.6050144040840959,0.540312197173086,TRUE,TRUE
2000-01-05,Amundsen_Bellingshausen,1.669901112,-0.5899953278360612,0.5899953278360612,0.540312197173086,TRUE,TRUE
2000-01-06,Amundsen_Bellingshausen,1.652100991,-0.5632013350250793,0.5632013350250793,0.540312197173086,TRUE,TRUE
2000-01-07,Amundsen_Bellingshausen,1.619175425,-0.5520831759921547,0.5520831759921547,0.540312197173086,TRUE,TRUE
2000-01-08,Amundsen_Bellingshausen,1.551028269,-0.5768619860782864,0.5768619860782864,0.540312197173086,TRUE,TRUE
2000-01-09,Amundsen_Bellingshausen,1.500787341,-0.5845349376244746,0.5845349376244746,0.540312197173086,TRUE,TRUE
2000-01-10,Amundsen_Bellingshausen,1.464066489,-0.5796131729717193,0.5796131729717193,0.540312197173086,TRUE,TRUE
2000-01-11,Amundsen_Bellingshausen,1.445437716,-0.5576496794610224,0.5576496794610224,0.540312197173086,TRUE,TRUE
2000-01-12,Amundsen_Bellingshausen,1.408698016,-0.5549724534333844,0.5549724534333844,0.540312197173086,TRUE,TRUE
2000-01-13,Amundsen_Bellingshausen,1.386422174,-0.5391317002298037,0.5391317002298037,0.540312197173086,FALSE,FALSE
2000-01-14,Amundsen_Bellingshausen,1.365039541,-0.5238211033769016,0.5238211033769016,0.540312197173086,FALSE,FALSE
2000-01-15,Amundsen_Bellingshausen,1.348017549,-0.5056260813190445,0.5056260813190445,0.540312197173086,FALSE,FALSE
2000-01-16,Amundsen_Bellingshausen,1.324420132,-0.495447624872952,0.495447624872952,0.540312197173086,FALSE,FALSE
2000-01-17,Amundsen_Bellingshausen,1.296981973,-0.4905104151400226,0.4905104151400226,0.540312197173086,FALSE,FALSE
2000-01-18,Amundsen_Bellingshausen,1.274595251,-0.48188163722165744,0.48188163722165744,0.540312197173086,FALSE,FALSE
2000-01-19,Amundsen_Bellingshausen,1.249172122,-0.4776084992192555,0.4776084992192555,0.540312197173086,FALSE,FALSE
2000-01-20,Amundsen_Bellingshausen,1.234166935,-0.4641960162342189,0.4641960162342189,0.540312197173086,FALSE,FALSE
2000-01-21,Amundsen_Bellingshausen,1.219182317,-0.45200092536794534,0.45200092536794534,0.540312197173086,FALSE,FALSE
2000-01-22,Amundsen_Bellingshausen,1.203983152,-0.44121770672183613,0.44121770672183613,0.540312197173086,FALSE,FALSE
2000-01-23,Amundsen_Bellingshausen,1.194720086,-0.4256550783972919,0.4256550783972919,0.540312197173086,FALSE,FALSE
2000-01-24,Amundsen_Bellingshausen,1.181460616,-0.4152049074957107,0.4152049074957107,0.540312197173086,FALSE,FALSE
2000-01-25,Amundsen_Bellingshausen,1.159201014,-0.4148302861184951,0.4148302861184951,0.540312197173086,FALSE,FALSE
2000-01-26,Amundsen_Bellingshausen,1.145443252,-0.40698860636704337,0.40698860636704337,0.540312197173086,FALSE,FALSE
2000-01-27,Amundsen_Bellingshausen,1.141016029,-0.39081273746764467,0.39081273746764467,0.540312197173086,FALSE,FALSE
2000-01-28,Amundsen_Bellingshausen,1.142889116,-0.36930939737945145,0.36930939737945145,0.540312197173086,FALSE,FALSE
2000-01-29,Amundsen_Bellingshausen,1.142441143,-0.3510826320452767,0.3510826320452767,0.540312197173086,FALSE,FALSE
2000-01-30,Amundsen_Bellingshausen,1.137657372,-0.3381298753381772,0.3381298753381772,0.540312197173086,FALSE,FALSE
2000-01-31,Amundsen_Bellingshausen,1.116095403,-0.3428762231312037,0.3428762231312037,0.540312197173086,FALSE,FALSE
2000-02-01,Amundsen_Bellingshausen,1.099465055,-0.3435945522974104,0.3435945522974104,0.540312197173086,FALSE,FALSE
2000-02-02,Amundsen_Bellingshausen,1.095689831,-0.3323440557098509,0.3323440557098509,0.540312197173086,FALSE,FALSE
2000-02-03,Amundsen_Bellingshausen,1.092772551,-0.32110460924157747,0.32110460924157747,0.540312197173086,FALSE,FALSE
2000-02-04,Amundsen_Bellingshausen,1.074380699,-0.3261914247656421,0.3261914247656421,0.540312197173086,FALSE,FALSE
2000-02-05,Amundsen_Bellingshausen,1.050806813,-0.337294660155101,0.337294660155101,0.540312197173086,FALSE,FALSE
2000-02-06,Amundsen_Bellingshausen,1.054406017,-0.32204188728300487,0.32204188728300487,0.540312197173086,FALSE,FALSE
2000-02-07,Amundsen_Bellingshausen,1.065083195,-0.30051091802240726,0.30051091802240726,0.540312197173086,FALSE,FALSE
2000-02-08,Amundsen_Bellingshausen,1.0563429,-0.29917998082079644,0.29917998082079644,0.540312197173086,FALSE,FALSE
2000-02-09,Amundsen_Bellingshausen,1.053542558,-0.2926857289467075,0.2926857289467075,0.540312197173086,FALSE,FALSE
2000-02-10,Amundsen_Bellingshausen,1.054154829,-0.2835720503213208,0.2835720503213208,0.540312197173086,FALSE,FALSE
2000-02-11,Amundsen_Bellingshausen,1.047811505,-0.28222635741555613,0.28222635741555613,0.540312197173086,FALSE,FALSE
2000-02-12,Amundsen_Bellingshausen,1.048525487,-0.27465495370033577,0.27465495370033577,0.540312197173086,FALSE,FALSE
2000-02-13,Amundsen_Bellingshausen,1.044675864,-0.2724979546465809,0.2724979546465809,0.540312197173086,FALSE,FALSE
2000-02-14,Amundsen_Bellingshausen,1.051363467,-0.26067373372521097,0.26067373372521097,0.540312197173086,FALSE,FALSE
2000-02-15,Amundsen_Bellingshausen,1.041352849,-0.2664369424071489,0.2664369424071489,0.540312197173086,FALSE,FALSE
2000-02-16,Amundsen_Bellingshausen,1.064488875,-0.23996192016331608,0.23996192016331608,0.540312197173086,FALSE,FALSE
2000-02-17,Amundsen_Bellingshausen,1.073293894,-0.2287455224646311,0.2287455224646311,0.540312197173086,FALSE,FALSE
2000-02-18,Amundsen_Bellingshausen,1.07835956,-0.22221529978201704,0.22221529978201704,0.540312197173086,FALSE,FALSE
2000-02-19,Amundsen_Bellingshausen,1.100226871,-0.1998494585863957,0.1998494585863957,0.540312197173086,FALSE,FALSE
2000-02-20,Amundsen_Bellingshausen,1.125373421,-0.17518960934868644,0.17518960934868644,0.540312197173086,FALSE,FALSE
2000-02-21,Amundsen_Bellingshausen,1.139941755,-0.1621090886035048,0.1621090886035048,0.540312197173086,FALSE,FALSE
2000-02-22,Amundsen_Bellingshausen,1.154453375,-0.1500619898245783,0.1500619898245783,0.540312197173086,FALSE,FALSE
2000-02-23,Amundsen_Bellingshausen,1.17274652,-0.13515886943991884,0.13515886943991884,0.540312197173086,FALSE,FALSE
2000-02-24,Amundsen_Bellingshausen,1.185353255,-0.12681597341386186,0.12681597341386186,0.540312197173086,FALSE,FALSE
2000-02-25,Amundsen_Bellingshausen,1.188591819,-0.1286633737107501,0.1286633737107501,0.540312197173086,FALSE,FALSE
2000-02-26,Amundsen_Bellingshausen,1.191930199,-0.13118139429492137,0.13118139429492137,0.540312197173086,FALSE,FALSE
2000-02-27,Amundsen_Bellingshausen,1.204469297,-0.12521744413071567,0.12521744413071567,0.540312197173086,FALSE,FALSE
2000-02-28,Amundsen_Bellingshausen,1.214438702,-0.12249024518247076,0.12249024518247076,0.540312197173086,FALSE,FALSE
2000-03-01,Amundsen_Bellingshausen,1.224229723,-0.12897805479122515,0.12897805479122515,0.540312197173086,FALSE,FALSE
2000-03-02,Amundsen_Bellingshausen,1.236553043,-0.12558798127690318,0.12558798127690318,0.540312197173086,FALSE,FALSE
2000-03-03,Amundsen_Bellingshausen,1.234223193,-0.1373113798358998,0.1373113798358998,0.540312197173086,FALSE,FALSE
2000-03-04,Amundsen_Bellingshausen,1.229417182,-0.15191955575963223,0.15191955575963223,0.540312197173086,FALSE,FALSE
2000-03-05,Amundsen_Bellingshausen,1.236343627,-0.15516458264969946,0.15516458264969946,0.540312197173086,FALSE,FALSE
2000-03-06,Amundsen_Bellingshausen,1.246222027,-0.15582794467249794,0.15582794467249794,0.540312197173086,FALSE,FALSE
2000-03-07,Amundsen_Bellingshausen,1.228965126,-0.1840060668512502,0.1840060668512502,0.540312197173086,FALSE,FALSE
2000-03-08,Amundsen_Bellingshausen,1.226402029,-0.19787901320918055,0.19787901320918055,0.540312197173086,FALSE,FALSE
2000-03-09,Amundsen_Bellingshausen,1.255560333,-0.1804283557695112,0.1804283557695112,0.540312197173086,FALSE,FALSE
2000-03-10,Amundsen_Bellingshausen,1.273718537,-0.17438476455546614,0.17438476455546614,0.540312197173086,FALSE,FALSE
2000-03-11,Amundsen_Bellingshausen,1.273913853,-0.18672019659026828,0.18672019659026828,0.540312197173086,FALSE,FALSE
2000-03-12,Amundsen_Bellingshausen,1.270800266,-0.2027898358971434,0.2027898358971434,0.540312197173086,FALSE,FALSE
2000-03-13,Amundsen_Bellingshausen,1.283732105,-0.20324852249931125,0.20324852249931125,0.540312197173086,FALSE,FALSE
2000-03-14,Amundsen_Bellingshausen,1.314278465,-0.18653633041999673,0.18653633041999673,0.540312197173086,FALSE,FALSE
2000-03-15,Amundsen_Bellingshausen,1.338833428,-0.17626834668242486,0.17626834668242486,0.540312197173086,FALSE,FALSE
2000-03-16,Amundsen_Bellingshausen,1.365087077,-0.16476365730981657,0.16476365730981657,0.540312197173086,FALSE,FALSE
2000-03-17,Amundsen_Bellingshausen,1.386136599,-0.15893375354343808,0.15893375354343808,0.540312197173086,FALSE,FALSE
2000-03-18,Amundsen_Bellingshausen,1.414552991,-0.14620405941667958,0.14620405941667958,0.540312197173086,FALSE,FALSE
2000-03-19,Amundsen_Bellingshausen,1.443098741,-0.13379568682083032,0.13379568682083032,0.540312197173086,FALSE,FALSE
2000-03-20,Amundsen_Bellingshausen,1.465366984,-0.12809849700683307,0.12809849700683307,0.540312197173086,FALSE,FALSE
2000-03-21,Amundsen_Bellingshausen,1.50741412,-0.10303908622563251,0.10303908622563251,0.540312197173086,FALSE,FALSE
2000-03-22,Amundsen_Bellingshausen,1.520524246,-0.10731635372817204,0.10731635372817204,0.540312197173086,FALSE,FALSE
2000-03-23,Amundsen_Bellingshausen,1.515040689,-0.1305699687653925,0.1305699687653925,0.540312197173086,FALSE,FALSE
2000-03-24,Amundsen_Bellingshausen,1.502674266,-0.16107211058824022,0.16107211058824022,0.540312197173086,FALSE,FALSE
2000-03-25,Amundsen_Bellingshausen,1.509719699,-0.17251105344765794,0.17251105344765794,0.540312197173086,FALSE,FALSE
2000-03-26,Amundsen_Bellingshausen,1.539764114,-0.1612826675945871,0.1612826675945871,0.540312197173086,FALSE,FALSE
2000-03-27,Amundsen_Bellingshausen,1.595824179,-0.12435328127997304,0.12435328127997304,0.540312197173086,FALSE,FALSE
2000-03-28,Amundsen_Bellingshausen,1.632231049,-0.1073747357547592,0.1073747357547592,0.540312197173086,FALSE,FALSE
2000-03-29,Amundsen_Bellingshausen,1.653334446,-0.10598030526988822,0.10598030526988822,0.540312197173086,FALSE,FALSE
2000-03-30,Amundsen_Bellingshausen,1.677272513,-0.10201780270334782,0.10201780270334782,0.540312197173086,FALSE,FALSE
2000-03-31,Amundsen_Bellingshausen,1.714131321,-0.08540329035289074,0.08540329035289074,0.540312197173086,FALSE,FALSE
2000-04-01,Amundsen_Bellingshausen,1.739383776,-0.08067149514185035,0.08067149514185035,0.540312197173086,FALSE,FALSE
2000-04-02,Amundsen_Bellingshausen,1.755716016,-0.08514391654010178,0.08514391654010178,0.540312197173086,FALSE,FALSE
2000-04-03,Amundsen_Bellingshausen,1.759920066,-0.10203616701751785,0.10203616701751785,0.540312197173086,FALSE,FALSE
2000-04-04,Amundsen_Bellingshausen,1.767787057,-0.11556475304397296,0.11556475304397296,0.540312197173086,FALSE,FALSE
2000-04-05,Amundsen_Bellingshausen,1.769420931,-0.1356333700893353,0.1356333700893353,0.540312197173086,FALSE,FALSE
2000-04-06,Amundsen_Bellingshausen,1.768750224,-0.15832111962348216,0.15832111962348216,0.540312197173086,FALSE,FALSE
2000-04-07,Amundsen_Bellingshausen,1.791856438,-0.15755413711628252,0.15755413711628252,0.540312197173086,FALSE,FALSE
2000-04-08,Amundsen_Bellingshausen,1.826199944,-0.1458796890376115,0.1458796890376115,0.540312197173086,FALSE,FALSE
2000-04-09,Amundsen_Bellingshausen,1.830039068,-0.16504708685734237,0.16504708685734237,0.540312197173086,FALSE,FALSE
2000-04-10,Amundsen_Bellingshausen,1.83000405,-0.18843372804534675,0.18843372804534675,0.540312197173086,FALSE,FALSE
2000-04-11,Amundsen_Bellingshausen,1.83005858,-0.2120835109647301,0.2120835109647301,0.540312197173086,FALSE,FALSE
2000-04-12,Amundsen_Bellingshausen,1.844970187,-0.22123299512790284,0.22123299512790284,0.540312197173086,FALSE,FALSE
2000-04-13,Amundsen_Bellingshausen,1.853681516,-0.236937854574788,0.236937854574788,0.540312197173086,FALSE,FALSE
2000-04-14,Amundsen_Bellingshausen,1.873596498,-0.24179193845074745,0.24179193845074745,0.540312197173086,FALSE,FALSE
2000-04-15,Amundsen_Bellingshausen,1.872879822,-0.26762833790115326,0.26762833790115326,0.540312197173086,FALSE,FALSE
2000-04-16,Amundsen_Bellingshausen,1.953082255,-0.21289406607136785,0.21289406607136785,0.540312197173086,FALSE,FALSE
2000-04-17,Amundsen_Bellingshausen,1.964066681,-0.22772401910675663,0.22772401910675663,0.540312197173086,FALSE,FALSE
2000-04-18,Amundsen_Bellingshausen,1.986873998,-0.23107507915268857,0.23107507915268857,0.540312197173086,FALSE,FALSE
2000-04-19,Amundsen_Bellingshausen,1.984352534,-0.260096698354529,0.260096698354529,0.540312197173086,FALSE,FALSE
2000-04-20,Amundsen_Bellingshausen,1.982893898,-0.28839504785764447,0.28839504785764447,0.540312197173086,FALSE,FALSE
2000-04-21,Amundsen_Bellingshausen,1.986039,-0.31242699780739946,0.31242699780739946,0.540312197173086,FALSE,FALSE
2000-04-22,Amundsen_Bellingshausen,1.964879697,-0.36109847134916095,0.36109847134916095,0.540312197173086,FALSE,FALSE
2000-04-23,Amundsen_Bellingshausen,1.943111853,-0.4107113846282964,0.4107113846282964,0.540312197173086,FALSE,FALSE
2000-04-24,Amundsen_Bellingshausen,1.94624038,-0.4357542646222339,0.4357542646222339,0.540312197173086,FALSE,FALSE
2000-04-25,Amundsen_Bellingshausen,1.963642822,-0.4468017762288199,0.4468017762288199,0.540312197173086,FALSE,FALSE
2000-04-26,Amundsen_Bellingshausen,2.001697095,-0.4374054283627946,0.4374054283627946,0.540312197173086,FALSE,FALSE
2000-04-27,Amundsen_Bellingshausen,2.041888592,-0.42600901293479154,0.42600901293479154,0.540312197173086,FALSE,FALSE
2000-04-28,Amundsen_Bellingshausen,2.071152908,-0.4256061198554484,0.4256061198554484,0.540312197173086,FALSE,FALSE
2000-04-29,Amundsen_Bellingshausen,2.078978575,-0.4466374020354058,0.4466374020354058,0.540312197173086,FALSE,FALSE
2000-04-30,Amundsen_Bellingshausen,2.09894261,-0.4554550273852995,0.4554550273852995,0.540312197173086,FALSE,FALSE
2000-05-01,Amundsen_Bellingshausen,2.164989363,-0.4180438308157668,0.4180438308157668,0.540312197173086,FALSE,FALSE
2000-05-02,Amundsen_Bellingshausen,2.254584455,-0.3568673762374446,0.3568673762374446,0.540312197173086,FALSE,FALSE
2000-05-03,Amundsen_Bellingshausen,2.323975287,-0.3156074475609669,0.3156074475609669,0.540312197173086,FALSE,FALSE
2000-05-04,Amundsen_Bellingshausen,2.375966633,-0.2913884556969766,0.2913884556969766,0.540312197173086,FALSE,FALSE
2000-05-05,Amundsen_Bellingshausen,2.433595017,-0.2611030615561063,0.2611030615561063,0.540312197173086,FALSE,FALSE
2000-05-06,Amundsen_Bellingshausen,2.47383509,-0.2477058380321231,0.2477058380321231,0.540312197173086,FALSE,FALSE
2000-05-07,Amundsen_Bellingshausen,2.493085747,-0.25474884772089945,0.25474884772089945,0.540312197173086,FALSE,FALSE
2000-05-08,Amundsen_Bellingshausen,2.516461609,-0.2571262708686395,0.2571262708686395,0.540312197173086,FALSE,FALSE
2000-05-09,Amundsen_Bellingshausen,2.544024607,-0.2547944950864003,0.2547944950864003,0.540312197173086,FALSE,FALSE
2000-05-10,Amundsen_Bellingshausen,2.581100496,-0.24244608398524337,0.24244608398524337,0.540312197173086,FALSE,FALSE
2000-05-11,Amundsen_Bellingshausen,2.594105059,-0.2536835731762266,0.2536835731762266,0.540312197173086,FALSE,FALSE
2000-05-12,Amundsen_Bellingshausen,2.590972911,-0.28059066627040785,0.28059066627040785,0.540312197173086,FALSE,FALSE
2000-05-13,Amundsen_Bellingshausen,2.570715639,-0.3241740948788516,0.3241740948788516,0.540312197173086,FALSE,FALSE
2000-05-14,Amundsen_Bellingshausen,2.572481465,-0.34530395561261384,0.34530395561261384,0.540312197173086,FALSE,FALSE
2000-05-15,Amundsen_Bellingshausen,2.570848029,-0.369420927082754,0.369420927082754,0.540312197173086,FALSE,FALSE
2000-05-16,Amundsen_Bellingshausen,2.589238486,-0.3731201729003328,0.3731201729003328,0.540312197173086,FALSE,FALSE
2000-05-17,Amundsen_Bellingshausen,2.61316596,-0.37090688767640945,0.37090688767640945,0.540312197173086,FALSE,FALSE
2000-05-18,Amundsen_Bellingshausen,2.629266315,-0.3761635260220429,0.3761635260220429,0.540312197173086,FALSE,FALSE
2000-05-19,Amundsen_Bellingshausen,2.652902123,-0.3735457729389551,0.3735457729389551,0.540312197173086,FALSE,FALSE
2000-05-20,Amundsen_Bellingshausen,2.652280112,-0.39486403322392016,0.39486403322392016,0.540312197173086,FALSE,FALSE
2000-05-21,Amundsen_Bellingshausen,2.626665091,-0.44086964847407417,0.44086964847407417,0.540312197173086,FALSE,FALSE
2000-05-22,Amundsen_Bellingshausen,2.619283246,-0.46835255024072664,0.46835255024072664,0.540312197173086,FALSE,FALSE
2000-05-23,Amundsen_Bellingshausen,2.638299002,-0.469164431075181,0.469164431075181,0.540312197173086,FALSE,FALSE
2000-05-24,Amundsen_Bellingshausen,2.668354749,-0.4586790185287466,0.4586790185287466,0.540312197173086,FALSE,FALSE
2000-05-25,Amundsen_Bellingshausen,2.699712356,-0.44665056115273094,0.44665056115273094,0.540312197173086,FALSE,FALSE
2000-05-26,Amundsen_Bellingshausen,2.740551962,-0.42491503749844073,0.42491503749844073,0.540312197173086,FALSE,FALSE
2000-05-27,Amundsen_Bellingshausen,2.790518249,-0.3938438831171829,0.3938438831171829,0.540312197173086,FALSE,FALSE
2000-05-28,Amundsen_Bellingshausen,2.837821858,-0.36524257456026366,0.36524257456026366,0.540312197173086,FALSE,FALSE
2000-05-29,Amundsen_Bellingshausen,2.901721829,-0.31986818937899253,0.31986818937899253,0.540312197173086,FALSE,FALSE
2000-05-30,Amundsen_Bellingshausen,2.951315881,-0.2886391261246759,0.2886391261246759,0.540312197173086,FALSE,FALSE
2000-05-31,Amundsen_Bellingshausen,2.978327436,-0.27984808034862185,0.27984808034862185,0.540312197173086,FALSE,FALSE
2000-06-01,Amundsen_Bellingshausen,2.992409053,-0.28385044233274126,0.28385044233274126,0.540312197173086,FALSE,FALSE
2000-06-02,Amundsen_Bellingshausen,3.025685335,-0.2684933217101193,0.2684933217101193,0.540312197173086,FALSE,FALSE
2000-06-03,Amundsen_Bellingshausen,3.040854889,-0.2710397789880874,0.2710397789880874,0.540312197173086,FALSE,FALSE
2000-06-04,Amundsen_Bellingshausen,3.055174767,-0.2741944293018741,0.2741944293018741,0.540312197173086,FALSE,FALSE
2000-06-05,Amundsen_Bellingshausen,3.059814001,-0.2867499077867155,0.2867499077867155,0.540312197173086,FALSE,FALSE
2000-06-06,Amundsen_Bellingshausen,3.051417098,-0.3120233745778429,0.3120233745778429,0.540312197173086,FALSE,FALSE
2000-06-07,Amundsen_Bellingshausen,3.042355093,-0.33760546181048756,0.33760546181048756,0.540312197173086,FALSE,FALSE
2000-06-08,Amundsen_Bellingshausen,3.030676481,-0.3654093416198836,0.3654093416198836,0.540312197173086,FALSE,FALSE
2000-06-09,Amundsen_Bellingshausen,3.008435816,-0.40334212714126094,0.40334212714126094,0.540312197173086,FALSE,FALSE
2000-06-10,Amundsen_Bellingshausen,2.981052315,-0.4459462685098563,0.4459462685098563,0.540312197173086,FALSE,FALSE
2000-06-11,Amundsen_Bellingshausen,2.971191928,-0.4705174828609006,0.4705174828609006,0.540312197173086,FALSE,FALSE
2000-06-12,Amundsen_Bellingshausen,2.968408297,-0.4874637953296243,0.4874637953296243,0.540312197173086,FALSE,FALSE
2000-06-13,Amundsen_Bellingshausen,2.966557617,-0.5028917017767598,0.5028917017767598,0.540312197173086,FALSE,FALSE
2000-06-14,Amundsen_Bellingshausen,2.982745217,-0.4997036941285975,0.4997036941285975,0.540312197173086,FALSE,FALSE
2000-06-15,Amundsen_Bellingshausen,3.009158734,-0.4857818682452284,0.4857818682452284,0.540312197173086,FALSE,FALSE
2000-06-16,Amundsen_Bellingshausen,3.079877212,-0.4271213986119142,0.4271213986119142,0.540312197173086,FALSE,FALSE
2000-06-17,Amundsen_Bellingshausen,3.120201107,-0.3984960477139148,0.3984960477139148,0.540312197173086,FALSE,FALSE
2000-06-18,Amundsen_Bellingshausen,3.147433083,-0.3826773700364883,0.3826773700364883,0.540312197173086,FALSE,FALSE
2000-06-19,Amundsen_Bellingshausen,3.154249045,-0.3870636790648958,0.3870636790648958,0.540312197173086,FALSE,FALSE
2000-06-20,Amundsen_Bellingshausen,3.164496223,-0.3878819632843937,0.3878819632843937,0.540312197173086,FALSE,FALSE
2000-06-21,Amundsen_Bellingshausen,3.197157997,-0.36622306118024417,0.36622306118024417,0.540312197173086,FALSE,FALSE
2000-06-22,Amundsen_Bellingshausen,3.236422842,-0.33797271623770486,0.33797271623770486,0.540312197173086,FALSE,FALSE
2000-06-23,Amundsen_Bellingshausen,3.260272403,-0.32522350194203753,0.32522350194203753,0.540312197173086,FALSE,FALSE
2000-06-24,Amundsen_Bellingshausen,3.289438835,-0.30731748177849916,0.30731748177849916,0.540312197173086,FALSE,FALSE
2000-06-25,Amundsen_Bellingshausen,3.324854875,-0.283396137232351,0.283396137232351,0.540312197173086,FALSE,FALSE
2000-06-26,Amundsen_Bellingshausen,3.384627547,-0.23541755235060569,0.23541755235060569,0.540312197173086,FALSE,FALSE
2000-06-27,Amundsen_Bellingshausen,3.418713172,-0.21342167110536137,0.21342167110536137,0.540312197173086,FALSE,FALSE
2000-06-28,Amundsen_Bellingshausen,3.453526378,-0.1909586733616897,0.1909586733616897,0.540312197173086,FALSE,FALSE
2000-06-29,Amundsen_Bellingshausen,3.476407661,-0.18065270924761467,0.18065270924761467,0.540312197173086,FALSE,FALSE
2000-06-30,Amundsen_Bellingshausen,3.476901169,-0.192924276891159,0.192924276891159,0.540312197173086,FALSE,FALSE
2000-07-01,Amundsen_Bellingshausen,3.457458881,-0.22528604342034783,0.22528604342034783,0.540312197173086,FALSE,FALSE
2000-07-02,Amundsen_Bellingshausen,3.446561898,-0.2492215539632041,0.2492215539632041,0.540312197173086,FALSE,FALSE
2000-07-03,Amundsen_Bellingshausen,3.435523892,-0.2733817826477498,0.2733817826477498,0.540312197173086,FALSE,FALSE
2000-07-04,Amundsen_Bellingshausen,3.437297007,-0.2847792316020126,0.2847792316020126,0.540312197173086,FALSE,FALSE
2000-07-05,Amundsen_Bellingshausen,3.463596306,-0.2716634839540131,0.2716634839540131,0.540312197173086,FALSE,FALSE
2000-07-06,Amundsen_Bellingshausen,3.512916455,-0.23550451983177337,0.23550451983177337,0.540312197173086,FALSE,FALSE
2000-07-07,Amundsen_Bellingshausen,3.547506957,-0.21401748236332008,0.21401748236332008,0.540312197173086,FALSE,FALSE
2000-07-08,Amundsen_Bellingshausen,3.596394414,-0.17814045199008888,0.17814045199008888,0.540312197173086,FALSE,FALSE
2000-07-09,Amundsen_Bellingshausen,3.631484977,-0.155939022944517,0.155939022944517,0.540312197173086,FALSE,FALSE
2000-07-10,Amundsen_Bellingshausen,3.648375552,-0.15180349119665948,0.15180349119665948,0.540312197173086,FALSE,FALSE
2000-07-11,Amundsen_Bellingshausen,3.658650916,-0.15413832720413856,0.15413832720413856,0.540312197173086,FALSE,FALSE
2000-07-12,Amundsen_Bellingshausen,3.647707984,-0.1775358634245765,0.1775358634245765,0.540312197173086,FALSE,FALSE
2000-07-13,Amundsen_Bellingshausen,3.638052169,-0.1994799343155922,0.1994799343155922,0.540312197173086,FALSE,FALSE
2000-07-14,Amundsen_Bellingshausen,3.627108598,-0.2225346603348055,0.2225346603348055,0.540312197173086,FALSE,FALSE
2000-07-15,Amundsen_Bellingshausen,3.614192702,-0.2473738579398419,0.2473738579398419,0.540312197173086,FALSE,FALSE
2000-07-16,Amundsen_Bellingshausen,3.60915176,-0.2641394955883203,0.2641394955883203,0.540312197173086,FALSE,FALSE
2000-07-17,Amundsen_Bellingshausen,3.578004888,-0.3068017047378575,0.3068017047378575,0.540312197173086,FALSE,FALSE
2000-07-18,Amundsen_Bellingshausen,3.548920154,-0.3471816648460817,0.3471816648460817,0.540312197173086,FALSE,FALSE
2000-07-19,Amundsen_Bellingshausen,3.527161072,-0.3800051093706131,0.3800051093706131,0.540312197173086,FALSE,FALSE
2000-07-20,Amundsen_Bellingshausen,3.546545229,-0.371443698769069,0.371443698769069,0.540312197173086,FALSE,FALSE
2000-07-21,Amundsen_Bellingshausen,3.567547593,-0.36101143254499535,0.36101143254499535,0.540312197173086,FALSE,FALSE
2000-07-22,Amundsen_Bellingshausen,3.624573177,-0.3142884011924467,0.3142884011924467,0.540312197173086,FALSE,FALSE
2000-07-23,Amundsen_Bellingshausen,3.671166151,-0.2777127215756101,0.2777127215756101,0.540312197173086,FALSE,FALSE
2000-07-24,Amundsen_Bellingshausen,3.736906374,-0.2216867576665491,0.2216867576665491,0.540312197173086,FALSE,FALSE
2000-07-25,Amundsen_Bellingshausen,3.764532903,-0.20345367543732573,0.20345367543732573,0.540312197173086,FALSE,FALSE
2000-07-26,Amundsen_Bellingshausen,3.734450201,-0.24259123485999767,0.24259123485999767,0.540312197173086,FALSE,FALSE
2000-07-27,Amundsen_Bellingshausen,3.680301324,-0.30543860290663627,0.30543860290663627,0.540312197173086,FALSE,FALSE
2000-07-28,Amundsen_Bellingshausen,3.637370602,-0.35669367254929707,0.35669367254929707,0.540312197173086,FALSE,FALSE
2000-07-29,Amundsen_Bellingshausen,3.616816696,-0.3851800057600494,0.3851800057600494,0.540312197173086,FALSE,FALSE
2000-07-30,Amundsen_Bellingshausen,3.593432184,-0.4160872475109487,0.4160872475109487,0.540312197173086,FALSE,FALSE
2000-07-31,Amundsen_Bellingshausen,3.587300408,-0.4293142787740587,0.4293142787740587,0.540312197173086,FALSE,FALSE
2000-08-01,Amundsen_Bellingshausen,3.566603241,-0.4566614495214462,0.4566614495214462,0.540312197173086,FALSE,FALSE
2000-08-02,Amundsen_Bellingshausen,3.602791403,-0.42666026325266193,0.42666026325266193,0.540312197173086,FALSE,FALSE
2000-08-03,Amundsen_Bellingshausen,3.668769587,-0.36640249060063734,0.36640249060063734,0.540312197173086,FALSE,FALSE
2000-08-04,Amundsen_Bellingshausen,3.732917279,-0.3075564788600933,0.3075564788600933,0.540312197173086,FALSE,FALSE
2000-08-05,Amundsen_Bellingshausen,3.805318088,-0.24009803179706601,0.24009803179706601,0.540312197173086,FALSE,FALSE
2000-08-06,Amundsen_Bellingshausen,3.880352144,-0.16970643217760228,0.16970643217760228,0.540312197173086,FALSE,FALSE
2000-08-07,Amundsen_Bellingshausen,3.9329429,-0.12151763976774044,0.12151763976774044,0.540312197173086,FALSE,FALSE
2000-08-08,Amundsen_Bellingshausen,3.972396599,-0.08628482433352813,0.08628482433352813,0.540312197173086,FALSE,FALSE
2000-08-09,Amundsen_Bellingshausen,3.978397574,-0.08438306564100762,0.08438306564100762,0.540312197173086,FALSE,FALSE
2000-08-10,Amundsen_Bellingshausen,3.923534993,-0.14328260845621577,0.14328260845621577,0.540312197173086,FALSE,FALSE
2000-08-11,Amundsen_Bellingshausen,3.860395768,-0.21045595354520152,0.21045595354520152,0.540312197173086,FALSE,FALSE
2000-08-12,Amundsen_Bellingshausen,3.83927733,-0.23566508267400368,0.23566508267400368,0.540312197173086,FALSE,FALSE
2000-08-13,Amundsen_Bellingshausen,3.819160756,-0.25998833160866797,0.25998833160866797,0.540312197173086,FALSE,FALSE
2000-08-14,Amundsen_Bellingshausen,3.8023875,-0.2811436591152354,0.2811436591152354,0.540312197173086,FALSE,FALSE
2000-08-15,Amundsen_Bellingshausen,3.794935979,-0.2932098993202592,0.2932098993202592,0.540312197173086,FALSE,FALSE
2000-08-16,Amundsen_Bellingshausen,3.790172298,-0.3028139493477182,0.3028139493477182,0.540312197173086,FALSE,FALSE
2000-08-17,Amundsen_Bellingshausen,3.804403976,-0.29356775427104287,0.29356775427104287,0.540312197173086,FALSE,FALSE
2000-08-18,Amundsen_Bellingshausen,3.838178587,-0.26483917408839197,0.26483917408839197,0.540312197173086,FALSE,FALSE
2000-08-19,Amundsen_Bellingshausen,3.879905331,-0.22813444279792883,0.22813444279792883,0.540312197173086,FALSE,FALSE
2000-08-20,Amundsen_Bellingshausen,3.947570348,-0.16538285439782285,0.16538285439782285,0.540312197173086,FALSE,FALSE
2000-08-21,Amundsen_Bellingshausen,4.005185412,-0.11248806888623264,0.11248806888623264,0.540312197173086,FALSE,FALSE
2000-08-22,Amundsen_Bellingshausen,4.051095023,-0.07102102026132506,0.07102102026132506,0.540312197173086,FALSE,FALSE
2000-08-23,Amundsen_Bellingshausen,4.122364869,-0.00383145452126232,0.00383145452126232,0.540312197173086,FALSE,FALSE
2000-08-24,Amundsen_Bellingshausen,4.177157888,0.04732813233579414,0.04732813233579414,0.540312197173086,FALSE,FALSE
2000-08-25,Amundsen_Bellingshausen,4.225867726,0.09293595231167018,0.09293595231167018,0.540312197173086,FALSE,FALSE
2000-08-26,Amundsen_Bellingshausen,4.257453895,0.1220360834082168,0.1220360834082168,0.540312197173086,FALSE,FALSE
2000-08-27,Amundsen_Bellingshausen,4.243814211,0.10661090762725678,0.10661090762725678,0.540312197173086,FALSE,FALSE
2000-08-28,Amundsen_Bellingshausen,4.19826485,0.06004617549362034,0.06004617549362034,0.540312197173086,FALSE,FALSE
2000-08-29,Amundsen_Bellingshausen,4.161974731,0.02348926689224217,0.02348926689224217,0.540312197173086,FALSE,FALSE
2000-08-30,Amundsen_Bellingshausen,4.104418148,-0.03364129758898571,0.03364129758898571,0.540312197173086,FALSE,FALSE
2000-08-31,Amundsen_Bellingshausen,4.047642088,-0.0893543657672593,0.0893543657672593,0.540312197173086,FALSE,FALSE
2000-09-01,Amundsen_Bellingshausen,4.007894464,-0.12745785945978216,0.12745785945978216,0.540312197173086,FALSE,FALSE
2000-09-02,Amundsen_Bellingshausen,3.987866981,-0.1453159084837452,0.1453159084837452,0.540312197173086,FALSE,FALSE
2000-09-03,Amundsen_Bellingshausen,3.974621121,-0.1559228656563505,0.1559228656563505,0.540312197173086,FALSE,FALSE
2000-09-04,Amundsen_Bellingshausen,3.98936585,-0.13812559979479522,0.13812559979479522,0.540312197173086,FALSE,FALSE
2000-09-05,Amundsen_Bellingshausen,4.036216695,-0.08786441871627648,0.08786441871627648,0.540312197173086,FALSE,FALSE
2000-09-06,Amundsen_Bellingshausen,4.108062478,-0.01230633523799262,0.01230633523799262,0.540312197173086,FALSE,FALSE
2000-09-07,Amundsen_Bellingshausen,4.206914666,0.09050428282285594,0.09050428282285594,0.540312197173086,FALSE,FALSE
2000-09-08,Amundsen_Bellingshausen,4.275966507,0.16370484864907198,0.16370484864907198,0.540312197173086,FALSE,FALSE
2000-09-09,Amundsen_Bellingshausen,4.30693492,0.1989567029494399,0.1989567029494399,0.540312197173086,FALSE,FALSE
2000-09-10,Amundsen_Bellingshausen,4.290925209,0.18733392386459705,0.18733392386459705,0.540312197173086,FALSE,FALSE
2000-09-11,Amundsen_Bellingshausen,4.239584936,0.14049691589228974,0.14049691589228974,0.540312197173086,FALSE,FALSE
2000-09-12,Amundsen_Bellingshausen,4.239974583,0.14552364354408454,0.14552364354408454,0.540312197173086,FALSE,FALSE
2000-09-13,Amundsen_Bellingshausen,4.23045149,0.14078892933154652,0.14078892933154652,0.540312197173086,FALSE,FALSE
2000-09-14,Amundsen_Bellingshausen,4.194865476,0.11016007476622924,0.11016007476622924,0.540312197173086,FALSE,FALSE
2000-09-15,Amundsen_Bellingshausen,4.121576037,0.04201405835970195,0.04201405835970195,0.540312197173086,FALSE,FALSE
2000-09-16,Amundsen_Bellingshausen,4.065656341,-0.00855846937647442,0.00855846937647442,0.540312197173086,FALSE,FALSE
2000-09-17,Amundsen_Bellingshausen,4.054683917,-0.01396249693074125,0.01396249693074125,0.540312197173086,FALSE,FALSE
2000-09-18,Amundsen_Bellingshausen,4.051022172,-0.01181713479153057,0.01181713479153057,0.540312197173086,FALSE,FALSE
2000-09-19,Amundsen_Bellingshausen,4.071484781,0.01470877455272035,0.01470877455272035,0.540312197173086,FALSE,FALSE
2000-09-20,Amundsen_Bellingshausen,4.111937603,0.06149857261357017,0.06149857261357017,0.540312197173086,FALSE,FALSE
2000-09-21,Amundsen_Bellingshausen,4.112495813,0.06868491690258072,0.06868491690258072,0.540312197173086,FALSE,FALSE
2000-09-22,Amundsen_Bellingshausen,4.091832187,0.05495748485612939,0.05495748485612939,0.540312197173086,FALSE,FALSE
2000-09-23,Amundsen_Bellingshausen,4.09358497,0.06396520184693788,0.06396520184693788,0.540312197173086,FALSE,FALSE
2000-09-24,Amundsen_Bellingshausen,4.135370898,0.11333171045490786,0.11333171045490786,0.540312197173086,FALSE,FALSE
2000-09-25,Amundsen_Bellingshausen,4.138765852,0.12463974530945345,0.12463974530945345,0.540312197173086,FALSE,FALSE
2000-09-26,Amundsen_Bellingshausen,4.094829407,0.08895573503999632,0.08895573503999632,0.540312197173086,FALSE,FALSE
2000-09-27,Amundsen_Bellingshausen,4.058215222,0.06094019227595293,0.06094019227595293,0.540312197173086,FALSE,FALSE
2000-09-28,Amundsen_Bellingshausen,4.024622304,0.03629897764674217,0.03629897764674217,0.540312197173086,FALSE,FALSE
2000-09-29,Amundsen_Bellingshausen,4.015975922,0.03696421378177961,0.03696421378177961,0.540312197173086,FALSE,FALSE
2000-09-30,Amundsen_Bellingshausen,4.030003823,0.06067050131048912,0.06067050131048912,0.540312197173086,FALSE,FALSE
2000-10-01,Amundsen_Bellingshausen,4.031202443,0.0719211298622846,0.0719211298622846,0.540312197173086,FALSE,FALSE
2000-10-02,Amundsen_Bellingshausen,4.023354661,0.0745058320665879,0.0745058320665879,0.540312197173086,FALSE,FALSE
2000-10-03,Amundsen_Bellingshausen,4.00829898,0.07026996455281598,0.07026996455281598,0.540312197173086,FALSE,FALSE
2000-10-04,Amundsen_Bellingshausen,3.987771805,0.06095677084215234,0.06095677084215234,0.540312197173086,FALSE,FALSE
2000-10-05,Amundsen_Bellingshausen,3.999535071,0.08431674908930864,0.08431674908930864,0.540312197173086,FALSE,FALSE
2000-10-06,Amundsen_Bellingshausen,4.023197541,0.11989346755759822,0.11989346755759822,0.540312197173086,FALSE,FALSE
2000-10-07,Amundsen_Bellingshausen,4.025082107,0.13393478861012165,0.13393478861012165,0.540312197173086,FALSE,FALSE
2000-10-08,Amundsen_Bellingshausen,4.002904013,0.12408092660997427,0.12408092660997427,0.540312197173086,FALSE,FALSE
2000-10-09,Amundsen_Bellingshausen,3.957496582,0.09109017492024928,0.09109017492024928,0.540312197173086,FALSE,FALSE
2000-10-10,Amundsen_Bellingshausen,3.891549443,0.03757713290404663,0.03757713290404663,0.540312197173086,FALSE,FALSE
2000-10-11,Amundsen_Bellingshausen,3.834973998,-0.00662182707553737,0.00662182707553737,0.540312197173086,FALSE,FALSE
2000-10-12,Amundsen_Bellingshausen,3.799584653,-0.02976732865540787,0.02976732865540787,0.540312197173086,FALSE,FALSE
2000-10-13,Amundsen_Bellingshausen,3.780629298,-0.03668651147246482,0.03668651147246482,0.540312197173086,FALSE,FALSE
2000-10-14,Amundsen_Bellingshausen,3.776092124,-0.02947021416361561,0.02947021416361561,0.540312197173086,FALSE,FALSE
2000-10-15,Amundsen_Bellingshausen,3.757294874,-0.03687172336576205,0.03687172336576205,0.540312197173086,FALSE,FALSE
2000-10-16,Amundsen_Bellingshausen,3.743076909,-0.04012670771580673,0.04012670771580673,0.540312197173086,FALSE,FALSE
2000-10-17,Amundsen_Bellingshausen,3.742762278,-0.02998285541167789,0.02998285541167789,0.540312197173086,FALSE,FALSE
2000-10-18,Amundsen_Bellingshausen,3.747398095,-0.01539485922299599,0.01539485922299599,0.540312197173086,FALSE,FALSE
2000-10-19,Amundsen_Bellingshausen,3.742190057,-0.01109197436072939,0.01109197436072939,0.540312197173086,FALSE,FALSE
2000-10-20,Amundsen_Bellingshausen,3.751592111,0.00744747083898156,0.00744747083898156,0.540312197173086,FALSE,FALSE
2000-10-21,Amundsen_Bellingshausen,3.739245352,0.00393229603999722,0.00393229603999722,0.540312197173086,FALSE,FALSE
2000-10-22,Amundsen_Bellingshausen,3.720070626,-0.00664892809381934,0.00664892809381934,0.540312197173086,FALSE,FALSE
2000-10-23,Amundsen_Bellingshausen,3.721977766,0.00368135610138908,0.00368135610138908,0.540312197173086,FALSE,FALSE
2000-10-24,Amundsen_Bellingshausen,3.757036519,0.04706062028948432,0.04706062028948432,0.540312197173086,FALSE,FALSE
2000-10-25,Amundsen_Bellingshausen,3.768167399,0.06647710313432675,0.06647710313432675,0.540312197173086,FALSE,FALSE
2000-10-26,Amundsen_Bellingshausen,3.762865368,0.06949349129977822,0.06949349129977822,0.540312197173086,FALSE,FALSE
2000-10-27,Amundsen_Bellingshausen,3.761427902,0.07647498544969666,0.07647498544969666,0.540312197173086,FALSE,FALSE
2000-10-28,Amundsen_Bellingshausen,3.761109074,0.08474338324794495,0.08474338324794495,0.540312197173086,FALSE,FALSE
2000-10-29,Amundsen_Bellingshausen,3.781874878,0.1143324033583828,0.1143324033583828,0.540312197173086,FALSE,FALSE
2000-10-30,Amundsen_Bellingshausen,3.793513861,0.1350872919838504,0.1350872919838504,0.540312197173086,FALSE,FALSE
2000-10-31,Amundsen_Bellingshausen,3.797657571,0.14864202661396675,0.14864202661396675,0.540312197173086,FALSE,FALSE
2000-11-01,Amundsen_Bellingshausen,3.824554331,0.1852306901913132,0.1852306901913132,0.540312197173086,FALSE,FALSE
2000-11-02,Amundsen_Bellingshausen,3.835897477,0.20653237417725023,0.20653237417725023,0.540312197173086,FALSE,FALSE
2000-11-03,Amundsen_Bellingshausen,3.834984872,0.2158306970331436,0.2158306970331436,0.540312197173086,FALSE,FALSE
2000-11-04,Amundsen_Bellingshausen,3.8216534,0.21294829822035677,0.21294829822035677,0.540312197173086,FALSE,FALSE
2000-11-05,Amundsen_Bellingshausen,3.829222695,0.23119056720025588,0.23119056720025588,0.540312197173086,FALSE,FALSE
2000-11-06,Amundsen_Bellingshausen,3.830308534,0.24315903643420267,0.24315903643420267,0.540312197173086,FALSE,FALSE
2000-11-07,Amundsen_Bellingshausen,3.814663154,0.2385916983835639,0.2385916983835639,0.540312197173086,FALSE,FALSE
2000-11-08,Amundsen_Bellingshausen,3.798050085,0.23323783850970647,0.23323783850970647,0.540312197173086,FALSE,FALSE
2000-11-09,Amundsen_Bellingshausen,3.78476691,0.2313807952739921,0.2313807952739921,0.540312197173086,FALSE,FALSE
2000-11-10,Amundsen_Bellingshausen,3.765731846,0.2239245411377846,0.2239245411377846,0.540312197173086,FALSE,FALSE
2000-11-11,Amundsen_Bellingshausen,3.760057348,0.22996726574148196,0.22996726574148196,0.540312197173086,FALSE,FALSE
2000-11-12,Amundsen_Bellingshausen,3.753933082,0.2356832179303634,0.2356832179303634,0.540312197173086,FALSE,FALSE
2000-11-13,Amundsen_Bellingshausen,3.750572132,0.24426833316130425,0.24426833316130425,0.540312197173086,FALSE,FALSE
2000-11-14,Amundsen_Bellingshausen,3.739724098,0.2454549200801699,0.2454549200801699,0.540312197173086,FALSE,FALSE
2000-11-15,Amundsen_Bellingshausen,3.72556,0.24339670733281785,0.24339670733281785,0.540312197173086,FALSE,FALSE
2000-11-16,Amundsen_Bellingshausen,3.728466231,0.2584627965651096,0.2584627965651096,0.540312197173086,FALSE,FALSE
2000-11-17,Amundsen_Bellingshausen,3.753438415,0.2956315204229054,0.2956315204229054,0.540312197173086,FALSE,FALSE
2000-11-18,Amundsen_Bellingshausen,3.773170852,0.327579887552067,0.327579887552067,0.540312197173086,FALSE,FALSE
2000-11-19,Amundsen_Bellingshausen,3.779033507,0.34566057159845265,0.34566057159845265,0.540312197173086,FALSE,FALSE
2000-11-20,Amundsen_Bellingshausen,3.762545267,0.34137516820792513,0.34137516820792513,0.540312197173086,FALSE,FALSE
2000-11-21,Amundsen_Bellingshausen,3.753582075,0.3445823290263461,0.3445823290263461,0.540312197173086,FALSE,FALSE
2000-11-22,Amundsen_Bellingshausen,3.730329537,0.3334503686995731,0.3334503686995731,0.540312197173086,FALSE,FALSE
2000-11-23,Amundsen_Bellingshausen,3.703018253,0.3181925958734686,0.3181925958734686,0.540312197173086,FALSE,FALSE
2000-11-24,Amundsen_Bellingshausen,3.679662618,0.3068108524980122,0.3068108524980122,0.540312197173086,FALSE,FALSE
2000-11-25,Amundsen_Bellingshausen,3.654285204,0.2933552333055407,0.2933552333055407,0.540312197173086,FALSE,FALSE
2000-11-26,Amundsen_Bellingshausen,3.661415704,0.31240310517073633,0.31240310517073633,0.540312197173086,FALSE,FALSE
2000-11-27,Amundsen_Bellingshausen,3.664319844,0.3272680206014891,0.3272680206014891,0.540312197173086,FALSE,FALSE
2000-11-28,Amundsen_Bellingshausen,3.665221821,0.3402220031056764,0.3402220031056764,0.540312197173086,FALSE,FALSE
2000-11-29,Amundsen_Bellingshausen,3.658840632,0.3460318761911849,0.3460318761911849,0.540312197173086,FALSE,FALSE
2000-11-30,Amundsen_Bellingshausen,3.633528638,0.33309782736589666,0.33309782736589666,0.540312197173086,FALSE,FALSE
2000-12-01,Amundsen_Bellingshausen,3.625271795,0.33745363913769566,0.33745363913769566,0.540312197173086,FALSE,FALSE
2000-12-02,Amundsen_Bellingshausen,3.635566007,0.3606430420144639,0.3606430420144639,0.540312197173086,FALSE,FALSE
2000-12-03,Amundsen_Bellingshausen,3.609197656,0.34750024450408823,0.34750024450408823,0.540312197173086,FALSE,FALSE
2000-12-04,Amundsen_Bellingshausen,3.58066564,0.3325719711144486,0.3325719711144486,0.540312197173086,FALSE,FALSE
2000-12-05,Amundsen_Bellingshausen,3.549656361,0.3155924503534311,0.3155924503534311,0.540312197173086,FALSE,FALSE
2000-12-06,Amundsen_Bellingshausen,3.530238187,0.31067794749473476,0.31067794749473476,0.540312197173086,FALSE,FALSE
2000-12-07,Amundsen_Bellingshausen,3.511970097,0.3074573067857598,0.3074573067857598,0.540312197173086,FALSE,FALSE
2000-12-08,Amundsen_Bellingshausen,3.499532856,0.31073413716031206,0.31073413716031206,0.540312197173086,FALSE,FALSE
2000-12-09,Amundsen_Bellingshausen,3.486805725,0.31451836968528335,0.31451836968528335,0.540312197173086,FALSE,FALSE
2000-12-10,Amundsen_Bellingshausen,3.481335295,0.32648726542757034,0.32648726542757034,0.540312197173086,FALSE,FALSE
2000-12-11,Amundsen_Bellingshausen,3.446410022,0.3100599504540633,0.3100599504540633,0.540312197173086,FALSE,FALSE
2000-12-12,Amundsen_Bellingshausen,3.398601295,0.2819384838316634,0.2819384838316634,0.540312197173086,FALSE,FALSE
2000-12-13,Amundsen_Bellingshausen,3.37508166,0.2794260816272569,0.2794260816272569,0.540312197173086,FALSE,FALSE
2000-12-14,Amundsen_Bellingshausen,3.365233446,0.2920357429077427,0.2920357429077427,0.540312197173086,FALSE,FALSE
2000-12-15,Amundsen_Bellingshausen,3.351549542,0.30239102674001517,0.30239102674001517,0.540312197173086,FALSE,FALSE
2000-12-16,Amundsen_Bellingshausen,3.32908699,0.30567964519096735,0.30567964519096735,0.540312197173086,FALSE,FALSE
2000-12-17,Amundsen_Bellingshausen,3.291564746,0.295751224327494,0.295751224327494,0.540312197173086,FALSE,FALSE
2000-12-18,Amundsen_Bellingshausen,3.257592199,0.29134582321648894,0.29134582321648894,0.540312197173086,FALSE,FALSE
2000-12-19,Amundsen_Bellingshausen,3.189624656,0.25503947405840455,0.25503947405840455,0.540312197173086,FALSE,FALSE
2000-12-20,Amundsen_Bellingshausen,3.128428685,0.22756222254613157,0.22756222254613157,0.540312197173086,FALSE,FALSE
2000-12-21,Amundsen_Bellingshausen,3.102201265,0.23694900711014769,0.23694900711014769,0.540312197173086,FALSE,FALSE
2000-12-22,Amundsen_Bellingshausen,3.051035103,0.22312699637324496,0.22312699637324496,0.540312197173086,FALSE,FALSE
2000-12-23,Amundsen_Bellingshausen,2.997819236,0.20881968895820568,0.20881968895820568,0.540312197173086,FALSE,FALSE
2000-12-24,Amundsen_Bellingshausen,2.950628064,0.20193594648781765,0.20193594648781765,0.540312197173086,FALSE,FALSE
2000-12-25,Amundsen_Bellingshausen,2.909084982,0.20193362558486916,0.20193362558486916,0.540312197173086,FALSE,FALSE
2000-12-26,Amundsen_Bellingshausen,2.838257677,0.17371487487214932,0.17371487487214932,0.540312197173086,FALSE,FALSE
2000-12-27,Amundsen_Bellingshausen,2.736115317,0.1150833239724398,0.1150833239724398,0.540312197173086,FALSE,FALSE
2000-12-28,Amundsen_Bellingshausen,2.669114011,0.09232954350852918,0.09232954350852918,0.540312197173086,FALSE,FALSE
2000-12-29,Amundsen_Bellingshausen,2.610990363,0.07902459910321058,0.07902459910321058,0.540312197173086,FALSE,FALSE
2000-12-30,Amundsen_Bellingshausen,2.514997711,0.02825629037926358,0.02825629037926358,0.540312197173086,FALSE,FALSE
2000-12-31,Amundsen_Bellingshausen,2.426302942,-0.01497403404052422,0.01497403404052422,0.540312197173086,FALSE,FALSE
2001-01-01,Amundsen_Bellingshausen,2.358038863,-0.0832381130405242,0.0832381130405242,0.540312197173086,FALSE,FALSE
2001-01-02,Amundsen_Bellingshausen,2.313741608,-0.08198960252732901,0.08198960252732901,0.540312197173086,FALSE,FALSE
2001-01-03,Amundsen_Bellingshausen,2.280252371,-0.06998350142818843,0.06998350142818843,0.540312197173086,FALSE,FALSE
2001-01-04,Amundsen_Bellingshausen,2.236812694,-0.06810325808409567,0.06810325808409567,0.540312197173086,FALSE,FALSE
2001-01-05,Amundsen_Bellingshausen,2.215197097,-0.04469934283606136,0.04469934283606136,0.540312197173086,FALSE,FALSE
2001-01-06,Amundsen_Bellingshausen,2.17215895,-0.04314337602507923,0.04314337602507923,0.540312197173086,FALSE,FALSE
2001-01-07,Amundsen_Bellingshausen,2.142062492,-0.02919610899215463,0.02919610899215463,0.540312197173086,FALSE,FALSE
2001-01-08,Amundsen_Bellingshausen,2.132625824,0.00473556892171345,0.00473556892171345,0.540312197173086,FALSE,FALSE
2001-01-09,Amundsen_Bellingshausen,2.094121372,0.00879909337552531,0.00879909337552531,0.540312197173086,FALSE,FALSE
2001-01-10,Amundsen_Bellingshausen,2.074212075,0.03053241302828091,0.03053241302828091,0.540312197173086,FALSE,FALSE
2001-01-11,Amundsen_Bellingshausen,2.053513298,0.05042590253897749,0.05042590253897749,0.540312197173086,FALSE,FALSE
2001-01-12,Amundsen_Bellingshausen,2.02672645,0.06305598056661554,0.06305598056661554,0.540312197173086,FALSE,FALSE
2001-01-13,Amundsen_Bellingshausen,1.991549386,0.06599551177019625,0.06599551177019625,0.540312197173086,FALSE,FALSE
2001-01-14,Amundsen_Bellingshausen,1.979281782,0.09042113762309834,0.09042113762309834,0.540312197173086,FALSE,FALSE
2001-01-15,Amundsen_Bellingshausen,1.948631036,0.09498740568095564,0.09498740568095564,0.540312197173086,FALSE,FALSE
2001-01-16,Amundsen_Bellingshausen,1.94274225,0.122874493127048,0.122874493127048,0.540312197173086,FALSE,FALSE
2001-01-17,Amundsen_Bellingshausen,1.915386079,0.12789369085997726,0.12789369085997726,0.540312197173086,FALSE,FALSE
2001-01-18,Amundsen_Bellingshausen,1.892743987,0.13626709877834253,0.13626709877834253,0.540312197173086,FALSE,FALSE
2001-01-19,Amundsen_Bellingshausen,1.87422454,0.14744391878074437,0.14744391878074437,0.540312197173086,FALSE,FALSE
2001-01-20,Amundsen_Bellingshausen,1.862842036,0.1644790847657811,0.1644790847657811,0.540312197173086,FALSE,FALSE
2001-01-21,Amundsen_Bellingshausen,1.844324037,0.17314079463205467,0.17314079463205467,0.540312197173086,FALSE,FALSE
2001-01-22,Amundsen_Bellingshausen,1.819942803,0.17474194427816392,0.17474194427816392,0.540312197173086,FALSE,FALSE
2001-01-23,Amundsen_Bellingshausen,1.795951585,0.17557642060270817,0.17557642060270817,0.540312197173086,FALSE,FALSE
2001-01-24,Amundsen_Bellingshausen,1.780096221,0.1834306975042892,0.1834306975042892,0.540312197173086,FALSE,FALSE
2001-01-25,Amundsen_Bellingshausen,1.764216809,0.19018550888150496,0.19018550888150496,0.540312197173086,FALSE,FALSE
2001-01-26,Amundsen_Bellingshausen,1.746150924,0.1937190656329566,0.1937190656329566,0.540312197173086,FALSE,FALSE
2001-01-27,Amundsen_Bellingshausen,1.729352709,0.1975239425323554,0.1975239425323554,0.540312197173086,FALSE,FALSE
2001-01-28,Amundsen_Bellingshausen,1.719120106,0.20692159262054857,0.20692159262054857,0.540312197173086,FALSE,FALSE
2001-01-29,Amundsen_Bellingshausen,1.693697148,0.2001733729547233,0.2001733729547233,0.540312197173086,FALSE,FALSE
2001-01-30,Amundsen_Bellingshausen,1.65449986,0.1787126126618228,0.1787126126618228,0.540312197173086,FALSE,FALSE
2001-01-31,Amundsen_Bellingshausen,1.630920178,0.1719485518687962,0.1719485518687962,0.540312197173086,FALSE,FALSE
2001-02-01,Amundsen_Bellingshausen,1.606266992,0.16320738470258944,0.16320738470258944,0.540312197173086,FALSE,FALSE
2001-02-02,Amundsen_Bellingshausen,1.577891311,0.14985742429014892,0.14985742429014892,0.540312197173086,FALSE,FALSE
2001-02-03,Amundsen_Bellingshausen,1.534986657,0.12110949675842252,0.12110949675842252,0.540312197173086,FALSE,FALSE
2001-02-04,Amundsen_Bellingshausen,1.500219138,0.09964701423435796,0.09964701423435796,0.540312197173086,FALSE,FALSE
2001-02-05,Amundsen_Bellingshausen,1.470776821,0.08267534784489916,0.08267534784489916,0.540312197173086,FALSE,FALSE
2001-02-06,Amundsen_Bellingshausen,1.443136369,0.06668846471699519,0.06668846471699519,0.540312197173086,FALSE,FALSE
2001-02-07,Amundsen_Bellingshausen,1.425623341,0.06002922797759291,0.06002922797759291,0.540312197173086,FALSE,FALSE
2001-02-08,Amundsen_Bellingshausen,1.429914051,0.07439117017920349,0.07439117017920349,0.540312197173086,FALSE,FALSE
2001-02-09,Amundsen_Bellingshausen,1.432856268,0.08662798105329261,0.08662798105329261,0.540312197173086,FALSE,FALSE
2001-02-10,Amundsen_Bellingshausen,1.409503498,0.07177661867867924,0.07177661867867924,0.540312197173086,FALSE,FALSE
2001-02-11,Amundsen_Bellingshausen,1.376498886,0.04646102358444382,0.04646102358444382,0.540312197173086,FALSE,FALSE
2001-02-12,Amundsen_Bellingshausen,1.339026453,0.0158460122996642,0.0158460122996642,0.540312197173086,FALSE,FALSE
2001-02-13,Amundsen_Bellingshausen,1.313791517,-0.00338230164658082,0.00338230164658082,0.540312197173086,FALSE,FALSE
2001-02-14,Amundsen_Bellingshausen,1.315261467,0.003224266274789,0.003224266274789,0.540312197173086,FALSE,FALSE
2001-02-15,Amundsen_Bellingshausen,1.317195761,0.00940596959285122,0.00940596959285122,0.540312197173086,FALSE,FALSE
2001-02-16,Amundsen_Bellingshausen,1.308947236,0.0044964408366841,0.0044964408366841,0.540312197173086,FALSE,FALSE
2001-02-17,Amundsen_Bellingshausen,1.280339518,-0.02169989846463127,0.02169989846463127,0.540312197173086,FALSE,FALSE
2001-02-18,Amundsen_Bellingshausen,1.268294579,-0.03228028078201706,0.03228028078201706,0.540312197173086,FALSE,FALSE
2001-02-19,Amundsen_Bellingshausen,1.27766664,-0.02240968958639566,0.02240968958639566,0.540312197173086,FALSE,FALSE
2001-02-20,Amundsen_Bellingshausen,1.309724908,0.00916187765131359,0.00916187765131359,0.540312197173086,FALSE,FALSE
2001-02-21,Amundsen_Bellingshausen,1.322983747,0.02093290339649534,0.02093290339649534,0.540312197173086,FALSE,FALSE
2001-02-22,Amundsen_Bellingshausen,1.315189126,0.01067376117542173,0.01067376117542173,0.540312197173086,FALSE,FALSE
2001-02-23,Amundsen_Bellingshausen,1.339703214,0.03179782456008118,0.03179782456008118,0.540312197173086,FALSE,FALSE
2001-02-24,Amundsen_Bellingshausen,1.387553041,0.07538381258613813,0.07538381258613813,0.540312197173086,FALSE,FALSE
2001-02-25,Amundsen_Bellingshausen,1.431163578,0.11390838528924996,0.11390838528924996,0.540312197173086,FALSE,FALSE
2001-02-26,Amundsen_Bellingshausen,1.459972552,0.13686095870507864,0.13686095870507864,0.540312197173086,FALSE,FALSE
2001-02-27,Amundsen_Bellingshausen,1.48475722,0.1550704788692845,0.1550704788692845,0.540312197173086,FALSE,FALSE
2001-02-28,Amundsen_Bellingshausen,1.496955449,0.1600265018175293,0.1600265018175293,0.540312197173086,FALSE,FALSE
2001-03-01,Amundsen_Bellingshausen,1.524444974,0.17965845158547222,0.17965845158547222,0.540312197173086,FALSE,FALSE
2001-03-02,Amundsen_Bellingshausen,1.512841277,0.15963349920877468,0.15963349920877468,0.540312197173086,FALSE,FALSE
2001-03-03,Amundsen_Bellingshausen,1.477732343,0.1155913187230968,0.1155913187230968,0.540312197173086,FALSE,FALSE
2001-03-04,Amundsen_Bellingshausen,1.484679841,0.11314526816410007,0.11314526816410007,0.540312197173086,FALSE,FALSE
2001-03-05,Amundsen_Bellingshausen,1.524237922,0.1429011842403678,0.1429011842403678,0.540312197173086,FALSE,FALSE
2001-03-06,Amundsen_Bellingshausen,1.554817402,0.16330919235030072,0.16330919235030072,0.540312197173086,FALSE,FALSE
2001-03-07,Amundsen_Bellingshausen,1.58368145,0.18163147832750215,0.18163147832750215,0.540312197173086,FALSE,FALSE
2001-03-08,Amundsen_Bellingshausen,1.60699838,0.19402718714874975,0.19402718714874975,0.540312197173086,FALSE,FALSE
2001-03-09,Amundsen_Bellingshausen,1.643948243,0.2196672007908196,0.2196672007908196,0.540312197173086,FALSE,FALSE
2001-03-10,Amundsen_Bellingshausen,1.65946234,0.22347365123048868,0.22347365123048868,0.540312197173086,FALSE,FALSE
2001-03-11,Amundsen_Bellingshausen,1.682304713,0.23420141144453388,0.23420141144453388,0.540312197173086,FALSE,FALSE
2001-03-12,Amundsen_Bellingshausen,1.714852178,0.25421812840973157,0.25421812840973157,0.540312197173086,FALSE,FALSE
2001-03-13,Amundsen_Bellingshausen,1.739244257,0.2656541551028566,0.2656541551028566,0.540312197173086,FALSE,FALSE
2001-03-14,Amundsen_Bellingshausen,1.761577229,0.2745966015006889,0.2745966015006889,0.540312197173086,FALSE,FALSE
2001-03-15,Amundsen_Bellingshausen,1.758034691,0.25721989558000335,0.25721989558000335,0.540312197173086,FALSE,FALSE
2001-03-16,Amundsen_Bellingshausen,1.753957997,0.2388562223175752,0.2388562223175752,0.540312197173086,FALSE,FALSE
2001-03-17,Amundsen_Bellingshausen,1.761615958,0.2317652236901833,0.2317652236901833,0.540312197173086,FALSE,FALSE
2001-03-18,Amundsen_Bellingshausen,1.766157695,0.2210873424565618,0.2210873424565618,0.540312197173086,FALSE,FALSE
2001-03-19,Amundsen_Bellingshausen,1.788925782,0.2281687315833203,0.2281687315833203,0.540312197173086,FALSE,FALSE
2001-03-20,Amundsen_Bellingshausen,1.815647415,0.2387529871791696,0.2387529871791696,0.540312197173086,FALSE,FALSE
2001-03-21,Amundsen_Bellingshausen,1.841857063,0.2483915819931668,0.2483915819931668,0.540312197173086,FALSE,FALSE
2001-03-22,Amundsen_Bellingshausen,1.875673857,0.2652206507743675,0.2652206507743675,0.540312197173086,FALSE,FALSE
2001-03-23,Amundsen_Bellingshausen,1.913777192,0.285936592271828,0.285936592271828,0.540312197173086,FALSE,FALSE
2001-03-24,Amundsen_Bellingshausen,1.937089393,0.2914787352346073,0.2914787352346073,0.540312197173086,FALSE,FALSE
2001-03-25,Amundsen_Bellingshausen,1.955943851,0.2921974744117597,0.2921974744117597,0.540312197173086,FALSE,FALSE
2001-03-26,Amundsen_Bellingshausen,1.954905161,0.27267440855234204,0.27267440855234204,0.540312197173086,FALSE,FALSE
2001-03-27,Amundsen_Bellingshausen,1.959946751,0.2588999694054128,0.2588999694054128,0.540312197173086,FALSE,FALSE
2001-03-28,Amundsen_Bellingshausen,1.938286647,0.21810918672002688,0.21810918672002688,0.540312197173086,FALSE,FALSE
2001-03-29,Amundsen_Bellingshausen,1.937067014,0.19746122924524068,0.19746122924524068,0.540312197173086,FALSE,FALSE
2001-03-30,Amundsen_Bellingshausen,1.966357632,0.2070428807301119,0.2070428807301119,0.540312197173086,FALSE,FALSE
2001-03-31,Amundsen_Bellingshausen,2.011853446,0.2325631302966522,0.2325631302966522,0.540312197173086,FALSE,FALSE
2001-04-01,Amundsen_Bellingshausen,2.053122345,0.25358773364710907,0.25358773364710907,0.540312197173086,FALSE,FALSE
2001-04-02,Amundsen_Bellingshausen,2.079945757,0.25989048585814967,0.25989048585814967,0.540312197173086,FALSE,FALSE
2001-04-03,Amundsen_Bellingshausen,2.137641696,0.2967817634598984,0.2967817634598984,0.540312197173086,FALSE,FALSE
2001-04-04,Amundsen_Bellingshausen,2.169800871,0.3078446379824822,0.3078446379824822,0.540312197173086,FALSE,FALSE
2001-04-05,Amundsen_Bellingshausen,2.191928999,0.3085771889560269,0.3085771889560269,0.540312197173086,FALSE,FALSE
2001-04-06,Amundsen_Bellingshausen,2.22881923,0.3237649289106648,0.3237649289106648,0.540312197173086,FALSE,FALSE
2001-04-07,Amundsen_Bellingshausen,2.249401499,0.3223301553765181,0.3223301553765181,0.540312197173086,FALSE,FALSE
2001-04-08,Amundsen_Bellingshausen,2.28158096,0.3321703848837174,0.3321703848837174,0.540312197173086,FALSE,FALSE
2001-04-09,Amundsen_Bellingshausen,2.297443877,0.3253642439623885,0.3253642439623885,0.540312197173086,FALSE,FALSE
2001-04-10,Amundsen_Bellingshausen,2.288031083,0.2929449281426575,0.2929449281426575,0.540312197173086,FALSE,FALSE
2001-04-11,Amundsen_Bellingshausen,2.293661194,0.27522341595465294,0.27522341595465294,0.540312197173086,FALSE,FALSE
2001-04-12,Amundsen_Bellingshausen,2.334786854,0.29264476303526976,0.29264476303526976,0.540312197173086,FALSE,FALSE
2001-04-13,Amundsen_Bellingshausen,2.397219035,0.3310158528720972,0.3310158528720972,0.540312197173086,FALSE,FALSE
2001-04-14,Amundsen_Bellingshausen,2.466910217,0.37629084642521216,0.37629084642521216,0.540312197173086,FALSE,FALSE
2001-04-15,Amundsen_Bellingshausen,2.525031494,0.40964305754925245,0.40964305754925245,0.540312197173086,FALSE,FALSE
2001-04-16,Amundsen_Bellingshausen,2.556733557,0.41622539709884654,0.41622539709884654,0.540312197173086,FALSE,FALSE
2001-04-17,Amundsen_Bellingshausen,2.541676716,0.37570039492863216,0.37570039492863216,0.540312197173086,FALSE,FALSE
2001-04-18,Amundsen_Bellingshausen,2.559633641,0.3678429408932433,0.3678429408932433,0.540312197173086,FALSE,FALSE
2001-04-19,Amundsen_Bellingshausen,2.560589619,0.3426405418473113,0.3426405418473113,0.540312197173086,FALSE,FALSE
2001-04-20,Amundsen_Bellingshausen,2.575421242,0.33097200964547113,0.33097200964547113,0.540312197173086,FALSE,FALSE
2001-04-21,Amundsen_Bellingshausen,2.573066143,0.30177719714235574,0.30177719714235574,0.540312197173086,FALSE,FALSE
2001-04-22,Amundsen_Bellingshausen,2.555956213,0.2574902151926004,0.2574902151926004,0.540312197173086,FALSE,FALSE
2001-04-23,Amundsen_Bellingshausen,2.550657124,0.22467895565083928,0.22467895565083928,0.540312197173086,FALSE,FALSE
2001-04-24,Amundsen_Bellingshausen,2.575900831,0.2220775933717034,0.2220775933717034,0.540312197173086,FALSE,FALSE
2001-04-25,Amundsen_Bellingshausen,2.616490032,0.2344953873777662,0.2344953873777662,0.540312197173086,FALSE,FALSE
2001-04-26,Amundsen_Bellingshausen,2.68985131,0.27940671177118004,0.27940671177118004,0.540312197173086,FALSE,FALSE
2001-04-27,Amundsen_Bellingshausen,2.763342131,0.3242396076372054,0.3242396076372054,0.540312197173086,FALSE,FALSE
2001-04-28,Amundsen_Bellingshausen,2.827774292,0.3598766870652086,0.3598766870652086,0.540312197173086,FALSE,FALSE
2001-04-29,Amundsen_Bellingshausen,2.858143097,0.3613840691445516,0.3613840691445516,0.540312197173086,FALSE,FALSE
2001-04-30,Amundsen_Bellingshausen,2.872231404,0.34661542696459424,0.34661542696459424,0.540312197173086,FALSE,FALSE
2001-05-01,Amundsen_Bellingshausen,2.89743529,0.34303765261470076,0.34303765261470076,0.540312197173086,FALSE,FALSE
2001-05-02,Amundsen_Bellingshausen,2.911534648,0.32850145418423304,0.32850145418423304,0.540312197173086,FALSE,FALSE
2001-05-03,Amundsen_Bellingshausen,2.906818964,0.2953671327625558,0.2953671327625558,0.540312197173086,FALSE,FALSE
2001-05-04,Amundsen_Bellingshausen,2.951129208,0.31154647343903275,0.31154647343903275,0.540312197173086,FALSE,FALSE
2001-05-05,Amundsen_Bellingshausen,2.973523256,0.30616816730302343,0.30616816730302343,0.540312197173086,FALSE,FALSE
2001-05-06,Amundsen_Bellingshausen,3.018378207,0.3236801284438937,0.3236801284438937,0.540312197173086,FALSE,FALSE
2001-05-07,Amundsen_Bellingshausen,3.057972023,0.3364310949678768,0.3364310949678768,0.540312197173086,FALSE,FALSE
2001-05-08,Amundsen_Bellingshausen,3.111930208,0.3640956132791006,0.3640956132791006,0.540312197173086,FALSE,FALSE
2001-05-09,Amundsen_Bellingshausen,3.162400317,0.3888124371313606,0.3888124371313606,0.540312197173086,FALSE,FALSE
2001-05-10,Amundsen_Bellingshausen,3.192126651,0.3933075489136,0.3933075489136,0.540312197173086,FALSE,FALSE
2001-05-11,Amundsen_Bellingshausen,3.222519083,0.3989725030147566,0.3989725030147566,0.540312197173086,FALSE,FALSE
2001-05-12,Amundsen_Bellingshausen,3.25960471,0.4118160778237736,0.4118160778237736,0.540312197173086,FALSE,FALSE
2001-05-13,Amundsen_Bellingshausen,3.294831476,0.42326789872959214,0.42326789872959214,0.540312197173086,FALSE,FALSE
2001-05-14,Amundsen_Bellingshausen,3.308943552,0.4140538181211486,0.4140538181211486,0.540312197173086,FALSE,FALSE
2001-05-15,Amundsen_Bellingshausen,3.335303989,0.4175185683873859,0.4175185683873859,0.540312197173086,FALSE,FALSE
2001-05-16,Amundsen_Bellingshausen,3.344380296,0.40411133991724624,0.40411133991724624,0.540312197173086,FALSE,FALSE
2001-05-17,Amundsen_Bellingshausen,3.365295502,0.402936843099667,0.402936843099667,0.540312197173086,FALSE,FALSE
2001-05-18,Amundsen_Bellingshausen,3.369053415,0.38498056732359087,0.38498056732359087,0.540312197173086,FALSE,FALSE
2001-05-19,Amundsen_Bellingshausen,3.365254455,0.35982461397795706,0.35982461397795706,0.540312197173086,FALSE,FALSE
2001-05-20,Amundsen_Bellingshausen,3.334698407,0.30825051106104473,0.30825051106104473,0.540312197173086,FALSE,FALSE
2001-05-21,Amundsen_Bellingshausen,3.320616286,0.2734721407760796,0.2734721407760796,0.540312197173086,FALSE,FALSE
2001-05-22,Amundsen_Bellingshausen,3.323216876,0.25568213652592586,0.25568213652592586,0.540312197173086,FALSE,FALSE
2001-05-23,Amundsen_Bellingshausen,3.316990498,0.2293547017592732,0.2293547017592732,0.540312197173086,FALSE,FALSE
2001-05-24,Amundsen_Bellingshausen,3.291819424,0.1843559909248187,0.1843559909248187,0.540312197173086,FALSE,FALSE
2001-05-25,Amundsen_Bellingshausen,3.273607321,0.14657355347125334,0.14657355347125334,0.540312197173086,FALSE,FALSE
2001-05-26,Amundsen_Bellingshausen,3.281435526,0.13507260884726913,0.13507260884726913,0.540312197173086,FALSE,FALSE
2001-05-27,Amundsen_Bellingshausen,3.306722225,0.1412552255015593,0.1412552255015593,0.540312197173086,FALSE,FALSE
2001-05-28,Amundsen_Bellingshausen,3.359125545,0.17476341288281727,0.17476341288281727,0.540312197173086,FALSE,FALSE
2001-05-29,Amundsen_Bellingshausen,3.376378881,0.17331444843973642,0.17331444843973642,0.540312197173086,FALSE,FALSE
2001-05-30,Amundsen_Bellingshausen,3.362295534,0.1407055156210073,0.1407055156210073,0.540312197173086,FALSE,FALSE
2001-05-31,Amundsen_Bellingshausen,3.327745877,0.08779086987532381,0.08779086987532381,0.540312197173086,FALSE,FALSE
2001-06-01,Amundsen_Bellingshausen,3.325554375,0.06737885865137816,0.06737885865137816,0.540312197173086,FALSE,FALSE
2001-06-02,Amundsen_Bellingshausen,3.339705146,0.06344565066725893,0.06344565066725893,0.540312197173086,FALSE,FALSE
2001-06-03,Amundsen_Bellingshausen,3.332777538,0.03859888128988098,0.03859888128988098,0.540312197173086,FALSE,FALSE
2001-06-04,Amundsen_Bellingshausen,3.349205608,0.03731094001191293,0.03731094001191293,0.540312197173086,FALSE,FALSE
2001-06-05,Amundsen_Bellingshausen,3.387151567,0.05778237069812597,0.05778237069812597,0.540312197173086,FALSE,FALSE
2001-06-06,Amundsen_Bellingshausen,3.472173226,0.1256093172132844,0.1256093172132844,0.540312197173086,FALSE,FALSE
2001-06-07,Amundsen_Bellingshausen,3.542656641,0.17921616842215737,0.17921616842215737,0.540312197173086,FALSE,FALSE
2001-06-08,Amundsen_Bellingshausen,3.597697954,0.21773739918951265,0.21773739918951265,0.540312197173086,FALSE,FALSE
2001-06-09,Amundsen_Bellingshausen,3.637020584,0.2409347613801165,0.2409347613801165,0.540312197173086,FALSE,FALSE
2001-06-10,Amundsen_Bellingshausen,3.648150178,0.23637223485873893,0.23637223485873893,0.540312197173086,FALSE,FALSE
2001-06-11,Amundsen_Bellingshausen,3.664679053,0.23768046949014376,0.23768046949014376,0.540312197173086,FALSE,FALSE
2001-06-12,Amundsen_Bellingshausen,3.680183661,0.2384742501390993,0.2384742501390993,0.540312197173086,FALSE,FALSE
2001-06-13,Amundsen_Bellingshausen,3.674341073,0.21846898067037568,0.21846898067037568,0.540312197173086,FALSE,FALSE
2001-06-14,Amundsen_Bellingshausen,3.665893852,0.1964445332232403,0.1964445332232403,0.540312197173086,FALSE,FALSE
2001-06-15,Amundsen_Bellingshausen,3.696507399,0.21405848787140247,0.21405848787140247,0.540312197173086,FALSE,FALSE
2001-06-16,Amundsen_Bellingshausen,3.740538502,0.24559789975477164,0.24559789975477164,0.540312197173086,FALSE,FALSE
2001-06-17,Amundsen_Bellingshausen,3.772498638,0.26550002738808587,0.26550002738808587,0.540312197173086,FALSE,FALSE
2001-06-18,Amundsen_Bellingshausen,3.790767079,0.2720699242860851,0.2720699242860851,0.540312197173086,FALSE,FALSE
2001-06-19,Amundsen_Bellingshausen,3.799853883,0.2697434299635115,0.2697434299635115,0.540312197173086,FALSE,FALSE
2001-06-20,Amundsen_Bellingshausen,3.802543056,0.2612303319351046,0.2612303319351046,0.540312197173086,FALSE,FALSE
2001-06-21,Amundsen_Bellingshausen,3.807667159,0.25528897271560647,0.25528897271560647,0.540312197173086,FALSE,FALSE
2001-06-22,Amundsen_Bellingshausen,3.83792807,0.2745470118197555,0.2745470118197555,0.540312197173086,FALSE,FALSE
2001-06-23,Amundsen_Bellingshausen,3.878035166,0.30363960776229515,0.30363960776229515,0.540312197173086,FALSE,FALSE
2001-06-24,Amundsen_Bellingshausen,3.922459635,0.33696373005796243,0.33696373005796243,0.540312197173086,FALSE,FALSE
2001-06-25,Amundsen_Bellingshausen,3.944601493,0.3478451762215009,0.3478451762215009,0.540312197173086,FALSE,FALSE
2001-06-26,Amundsen_Bellingshausen,3.922931187,0.31468017476764887,0.31468017476764887,0.540312197173086,FALSE,FALSE
2001-06-27,Amundsen_Bellingshausen,3.884637854,0.26459275464939447,0.26459275464939447,0.540312197173086,FALSE,FALSE
2001-06-28,Amundsen_Bellingshausen,3.892259863,0.26012501989463876,0.26012501989463876,0.540312197173086,FALSE,FALSE
2001-06-29,Amundsen_Bellingshausen,3.881957307,0.23747225563831045,0.23747225563831045,0.540312197173086,FALSE,FALSE
2001-06-30,Amundsen_Bellingshausen,3.883161716,0.22610134575238527,0.22610134575238527,0.540312197173086,FALSE,FALSE
2001-07-01,Amundsen_Bellingshausen,3.875423241,0.20559779510884105,0.20559779510884105,0.540312197173086,FALSE,FALSE
2001-07-02,Amundsen_Bellingshausen,3.851625072,0.1688801475796522,0.1688801475796522,0.540312197173086,FALSE,FALSE
2001-07-03,Amundsen_Bellingshausen,3.830213531,0.13443007903679582,0.13443007903679582,0.540312197173086,FALSE,FALSE
2001-07-04,Amundsen_Bellingshausen,3.81029819,0.10139251535225036,0.10139251535225036,0.540312197173086,FALSE,FALSE
2001-07-05,Amundsen_Bellingshausen,3.843282294,0.12120605539798746,0.12120605539798746,0.540312197173086,FALSE,FALSE
2001-07-06,Amundsen_Bellingshausen,3.898599713,0.16333992304598688,0.16333992304598688,0.540312197173086,FALSE,FALSE
2001-07-07,Amundsen_Bellingshausen,3.928571704,0.1801507291682265,0.1801507291682265,0.540312197173086,FALSE,FALSE
2001-07-08,Amundsen_Bellingshausen,3.97124311,0.20971867063668004,0.20971867063668004,0.540312197173086,FALSE,FALSE
2001-07-09,Amundsen_Bellingshausen,4.012128419,0.2375935530099107,0.2375935530099107,0.540312197173086,FALSE,FALSE
2001-07-10,Amundsen_Bellingshausen,4.07238743,0.2849634300554831,0.2849634300554831,0.540312197173086,FALSE,FALSE
2001-07-11,Amundsen_Bellingshausen,4.127539963,0.3273609198033407,0.3273609198033407,0.540312197173086,FALSE,FALSE
2001-07-12,Amundsen_Bellingshausen,4.167605606,0.3548163627958618,0.3548163627958618,0.540312197173086,FALSE,FALSE
2001-07-13,Amundsen_Bellingshausen,4.18659301,0.3613491625754235,0.3613491625754235,0.540312197173086,FALSE,FALSE
2001-07-14,Amundsen_Bellingshausen,4.223994696,0.3864625926844081,0.3864625926844081,0.540312197173086,FALSE,FALSE
2001-07-15,Amundsen_Bellingshausen,4.2383721,0.3887288416651949,0.3887288416651949,0.540312197173086,FALSE,FALSE
2001-07-16,Amundsen_Bellingshausen,4.224713471,0.3631469110601584,0.3631469110601584,0.540312197173086,FALSE,FALSE
2001-07-17,Amundsen_Bellingshausen,4.258295074,0.38500381841168,0.38500381841168,0.540312197173086,FALSE,FALSE
2001-07-18,Amundsen_Bellingshausen,4.345318287,0.4605116942621419,0.4605116942621419,0.540312197173086,FALSE,FALSE
2001-07-19,Amundsen_Bellingshausen,4.378756992,0.4826551731539177,0.4826551731539177,0.540312197173086,FALSE,FALSE
2001-07-20,Amundsen_Bellingshausen,4.4155248,0.5083586186293867,0.5083586186293867,0.540312197173086,FALSE,FALSE
2001-07-21,Amundsen_Bellingshausen,4.426684447,0.5086955192309315,0.5086955192309315,0.540312197173086,FALSE,FALSE
2001-07-22,Amundsen_Bellingshausen,4.429092217,0.5005331914550046,0.5005331914550046,0.540312197173086,FALSE,FALSE
2001-07-23,Amundsen_Bellingshausen,4.426578478,0.4877168998075532,0.4877168998075532,0.540312197173086,FALSE,FALSE
2001-07-24,Amundsen_Bellingshausen,4.414307407,0.4654285344243898,0.4654285344243898,0.540312197173086,FALSE,FALSE
2001-07-25,Amundsen_Bellingshausen,4.395440969,0.4368478373334508,0.4368478373334508,0.540312197173086,FALSE,FALSE
2001-07-26,Amundsen_Bellingshausen,4.383286377,0.4152997985626743,0.4152997985626743,0.540312197173086,FALSE,FALSE
2001-07-27,Amundsen_Bellingshausen,4.422655235,0.445613799140002,0.445613799140002,0.540312197173086,FALSE,FALSE
2001-07-28,Amundsen_Bellingshausen,4.459780308,0.4740403810933635,0.4740403810933635,0.540312197173086,FALSE,FALSE
2001-07-29,Amundsen_Bellingshausen,4.53185554,0.5377912654507027,0.5377912654507027,0.540312197173086,FALSE,FALSE
2001-07-30,Amundsen_Bellingshausen,4.576912988,0.5749162862399508,0.5749162862399508,0.540312197173086,TRUE,FALSE
2001-07-31,Amundsen_Bellingshausen,4.527875566,0.5183561344890508,0.5183561344890508,0.540312197173086,FALSE,FALSE
2001-08-01,Amundsen_Bellingshausen,4.502956796,0.4863421092259417,0.4863421092259417,0.540312197173086,FALSE,FALSE
2001-08-02,Amundsen_Bellingshausen,4.469424295,0.4461596044785532,0.4461596044785532,0.540312197173086,FALSE,FALSE
2001-08-03,Amundsen_Bellingshausen,4.438802076,0.40935040974733816,0.40935040974733816,0.540312197173086,FALSE,FALSE
2001-08-04,Amundsen_Bellingshausen,4.411294365,0.3761222873993626,0.3761222873993626,0.540312197173086,FALSE,FALSE
2001-08-05,Amundsen_Bellingshausen,4.383005164,0.34253140613990674,0.34253140613990674,0.540312197173086,FALSE,FALSE
2001-08-06,Amundsen_Bellingshausen,4.353009339,0.3075932192029338,0.3075932192029338,0.540312197173086,FALSE,FALSE
2001-08-07,Amundsen_Bellingshausen,4.346460034,0.29640145782239724,0.29640145782239724,0.540312197173086,FALSE,FALSE
2001-08-08,Amundsen_Bellingshausen,4.385767302,0.3313067622322592,0.3313067622322592,0.540312197173086,FALSE,FALSE
2001-08-09,Amundsen_Bellingshausen,4.459810907,0.4011294836664714,0.4011294836664714,0.540312197173086,FALSE,FALSE
2001-08-10,Amundsen_Bellingshausen,4.49274794,0.42996730035899233,0.42996730035899233,0.540312197173086,FALSE,FALSE
2001-08-11,Amundsen_Bellingshausen,4.466009845,0.39919224354378446,0.39919224354378446,0.540312197173086,FALSE,FALSE
2001-08-12,Amundsen_Bellingshausen,4.417084799,0.3462330774547988,0.3462330774547988,0.540312197173086,FALSE,FALSE
2001-08-13,Amundsen_Bellingshausen,4.370161385,0.2952189723259968,0.2952189723259968,0.540312197173086,FALSE,FALSE
2001-08-14,Amundsen_Bellingshausen,4.332234455,0.25308536739133203,0.25308536739133203,0.540312197173086,FALSE,FALSE
2001-08-15,Amundsen_Bellingshausen,4.315361763,0.23183060388476484,0.23183060388476484,0.540312197173086,FALSE,FALSE
2001-08-16,Amundsen_Bellingshausen,4.286090456,0.19794457767974105,0.19794457767974105,0.540312197173086,FALSE,FALSE
2001-08-17,Amundsen_Bellingshausen,4.26180022,0.16881397265228149,0.16881397265228149,0.540312197173086,FALSE,FALSE
2001-08-18,Amundsen_Bellingshausen,4.220061176,0.12208944572895676,0.12208944572895676,0.540312197173086,FALSE,FALSE
2001-08-19,Amundsen_Bellingshausen,4.176721072,0.07370331091160853,0.07370331091160853,0.540312197173086,FALSE,FALSE
2001-08-20,Amundsen_Bellingshausen,4.134766525,0.02672675120207124,0.02672675120207124,0.540312197173086,FALSE,FALSE
2001-08-21,Amundsen_Bellingshausen,4.06811327,-0.04483993239782347,0.04483993239782347,0.540312197173086,FALSE,FALSE
2001-08-22,Amundsen_Bellingshausen,4.02002707,-0.09764641088623272,0.09764641088623272,0.540312197173086,FALSE,FALSE
2001-08-23,Amundsen_Bellingshausen,3.999278417,-0.1228376262613251,0.1228376262613251,0.540312197173086,FALSE,FALSE
2001-08-24,Amundsen_Bellingshausen,4.009289004,-0.1169073195212622,0.1169073195212622,0.540312197173086,FALSE,FALSE
2001-08-25,Amundsen_Bellingshausen,4.038129169,-0.09170058666420557,0.09170058666420557,0.540312197173086,FALSE,FALSE
2001-08-26,Amundsen_Bellingshausen,4.051670858,-0.08126091568832994,0.08126091568832994,0.540312197173086,FALSE,FALSE
2001-08-27,Amundsen_Bellingshausen,4.018266138,-0.11715167359178302,0.11715167359178302,0.540312197173086,FALSE,FALSE
2001-08-28,Amundsen_Bellingshausen,3.961199064,-0.17600423937274323,0.17600423937274323,0.540312197173086,FALSE,FALSE
2001-08-29,Amundsen_Bellingshausen,3.983133389,-0.15508528550638,0.15508528550638,0.540312197173086,FALSE,FALSE
2001-08-30,Amundsen_Bellingshausen,3.98239619,-0.15608927410775797,0.15608927410775797,0.540312197173086,FALSE,FALSE
2001-08-31,Amundsen_Bellingshausen,3.979592337,-0.15846710858898527,0.15846710858898527,0.540312197173086,FALSE,FALSE
2001-09-01,Amundsen_Bellingshausen,3.974627455,-0.1623689987672594,0.1623689987672594,0.540312197173086,FALSE,FALSE
2001-09-02,Amundsen_Bellingshausen,3.966050855,-0.16930146845978156,0.16930146845978156,0.540312197173086,FALSE,FALSE
2001-09-03,Amundsen_Bellingshausen,3.994554801,-0.13862808848374497,0.13862808848374497,0.540312197173086,FALSE,FALSE
2001-09-04,Amundsen_Bellingshausen,4.004106359,-0.12643762765635105,0.12643762765635105,0.540312197173086,FALSE,FALSE
2001-09-05,Amundsen_Bellingshausen,4.00206898,-0.12542246979479543,0.12542246979479543,0.540312197173086,FALSE,FALSE
2001-09-06,Amundsen_Bellingshausen,4.004976904,-0.11910420971627644,0.11910420971627644,0.540312197173086,FALSE,FALSE
2001-09-07,Amundsen_Bellingshausen,4.001217693,-0.11915112023799246,0.11915112023799246,0.540312197173086,FALSE,FALSE
2001-09-08,Amundsen_Bellingshausen,3.972968411,-0.14344197217714427,0.14344197217714427,0.540312197173086,FALSE,FALSE
2001-09-09,Amundsen_Bellingshausen,3.949701467,-0.1625601913509276,0.1625601913509276,0.540312197173086,FALSE,FALSE
2001-09-10,Amundsen_Bellingshausen,3.936745923,-0.17123229405055973,0.17123229405055973,0.540312197173086,FALSE,FALSE
2001-09-11,Amundsen_Bellingshausen,3.967019046,-0.13657223913540317,0.13657223913540317,0.540312197173086,FALSE,FALSE
2001-09-12,Amundsen_Bellingshausen,3.984967142,-0.11412087810771032,0.11412087810771032,0.540312197173086,FALSE,FALSE
2001-09-13,Amundsen_Bellingshausen,4.037541931,-0.05690900845591606,0.05690900845591606,0.540312197173086,FALSE,FALSE
2001-09-14,Amundsen_Bellingshausen,4.068051712,-0.02161084866845364,0.02161084866845364,0.540312197173086,FALSE,FALSE
2001-09-15,Amundsen_Bellingshausen,4.094177883,0.00947248176622928,0.00947248176622928,0.540312197173086,FALSE,FALSE
2001-09-16,Amundsen_Bellingshausen,4.114435351,0.03487337235970234,0.03487337235970234,0.540312197173086,FALSE,FALSE
2001-09-17,Amundsen_Bellingshausen,4.166020911,0.09180610062352557,0.09180610062352557,0.540312197173086,FALSE,FALSE
2001-09-18,Amundsen_Bellingshausen,4.198708096,0.1300616820692584,0.1300616820692584,0.540312197173086,FALSE,FALSE
2001-09-19,Amundsen_Bellingshausen,4.164386278,0.10154697120847,0.10154697120847,0.540312197173086,FALSE,FALSE
2001-09-20,Amundsen_Bellingshausen,4.094046347,0.0372703405527206,0.0372703405527206,0.540312197173086,FALSE,FALSE
2001-09-21,Amundsen_Bellingshausen,4.036114067,-0.01432496338643041,0.01432496338643041,0.540312197173086,FALSE,FALSE
2001-09-22,Amundsen_Bellingshausen,4.01555726,-0.02825363609741948,0.02825363609741948,0.540312197173086,FALSE,FALSE
2001-09-23,Amundsen_Bellingshausen,4.019166298,-0.0177084041438702,0.0177084041438702,0.540312197173086,FALSE,FALSE
2001-09-24,Amundsen_Bellingshausen,4.043069364,0.01344959584693761,0.01344959584693761,0.540312197173086,FALSE,FALSE
2001-09-25,Amundsen_Bellingshausen,4.041177095,0.01913790745490828,0.01913790745490828,0.540312197173086,FALSE,FALSE
2001-09-26,Amundsen_Bellingshausen,4.069789018,0.05566291130945355,0.05566291130945355,0.540312197173086,FALSE,FALSE
2001-09-27,Amundsen_Bellingshausen,4.099684672,0.09381100003999698,0.09381100003999698,0.540312197173086,FALSE,FALSE
2001-09-28,Amundsen_Bellingshausen,4.084767477,0.0874924472759524,0.0874924472759524,0.540312197173086,FALSE,FALSE
2001-09-29,Amundsen_Bellingshausen,4.059210556,0.07088722964674199,0.07088722964674199,0.540312197173086,FALSE,FALSE
2001-09-30,Amundsen_Bellingshausen,4.019708062,0.04069635378177994,0.04069635378177994,0.540312197173086,FALSE,FALSE
2001-10-01,Amundsen_Bellingshausen,3.978364023,0.00903070131048888,0.00903070131048888,0.540312197173086,FALSE,FALSE
2001-10-02,Amundsen_Bellingshausen,3.943771361,-0.01550995213771511,0.01550995213771511,0.540312197173086,FALSE,FALSE
2001-10-03,Amundsen_Bellingshausen,3.917771874,-0.031076954933412,0.031076954933412,0.540312197173086,FALSE,FALSE
2001-10-04,Amundsen_Bellingshausen,3.92266586,-0.01536315544718425,0.01536315544718425,0.540312197173086,FALSE,FALSE
2001-10-05,Amundsen_Bellingshausen,3.883351629,-0.04346340515784774,0.04346340515784774,0.540312197173086,FALSE,FALSE
2001-10-06,Amundsen_Bellingshausen,3.851999154,-0.06321916791069127,0.06321916791069127,0.540312197173086,FALSE,FALSE
2001-10-07,Amundsen_Bellingshausen,3.843233336,-0.06007073744240188,0.06007073744240188,0.540312197173086,FALSE,FALSE
2001-10-08,Amundsen_Bellingshausen,3.823493255,-0.06765406338987878,0.06765406338987878,0.540312197173086,FALSE,FALSE
2001-10-09,Amundsen_Bellingshausen,3.795042347,-0.08378073939002606,0.08378073939002606,0.540312197173086,FALSE,FALSE
2001-10-10,Amundsen_Bellingshausen,3.761899149,-0.1045072580797508,0.1045072580797508,0.540312197173086,FALSE,FALSE
2001-10-11,Amundsen_Bellingshausen,3.668967337,-0.18500497309595332,0.18500497309595332,0.540312197173086,FALSE,FALSE
2001-10-12,Amundsen_Bellingshausen,3.669333731,-0.1722620940755375,0.1722620940755375,0.540312197173086,FALSE,FALSE
2001-10-13,Amundsen_Bellingshausen,3.651739011,-0.17761297065540793,0.17761297065540793,0.540312197173086,FALSE,FALSE
2001-10-14,Amundsen_Bellingshausen,3.610349555,-0.2069662544724649,0.2069662544724649,0.540312197173086,FALSE,FALSE
2001-10-15,Amundsen_Bellingshausen,3.595522302,-0.21004003616361544,0.21004003616361544,0.540312197173086,FALSE,FALSE
2001-10-16,Amundsen_Bellingshausen,3.584733023,-0.20943357436576185,0.20943357436576185,0.540312197173086,FALSE,FALSE
2001-10-17,Amundsen_Bellingshausen,3.559318327,-0.22388528971580657,0.22388528971580657,0.540312197173086,FALSE,FALSE
2001-10-18,Amundsen_Bellingshausen,3.531897653,-0.2408474804116776,0.2408474804116776,0.540312197173086,FALSE,FALSE
2001-10-19,Amundsen_Bellingshausen,3.525099693,-0.23769326122299583,0.23769326122299583,0.540312197173086,FALSE,FALSE
2001-10-20,Amundsen_Bellingshausen,3.496993654,-0.2562883773607294,0.2562883773607294,0.540312197173086,FALSE,FALSE
2001-10-21,Amundsen_Bellingshausen,3.449580093,-0.29456454716101854,0.29456454716101854,0.540312197173086,FALSE,FALSE
2001-10-22,Amundsen_Bellingshausen,3.41316055,-0.3221525059600028,0.3221525059600028,0.540312197173086,FALSE,FALSE
2001-10-23,Amundsen_Bellingshausen,3.376980974,-0.34973858009381953,0.34973858009381953,0.540312197173086,FALSE,FALSE
2001-10-24,Amundsen_Bellingshausen,3.35643449,-0.3618619198986113,0.3618619198986113,0.540312197173086,FALSE,FALSE
2001-10-25,Amundsen_Bellingshausen,3.354041979,-0.355933919710516,0.355933919710516,0.540312197173086,FALSE,FALSE
2001-10-26,Amundsen_Bellingshausen,3.324727605,-0.37696269086567336,0.37696269086567336,0.540312197173086,FALSE,FALSE
2001-10-27,Amundsen_Bellingshausen,3.302521238,-0.3908506387002215,0.3908506387002215,0.540312197173086,FALSE,FALSE
2001-10-28,Amundsen_Bellingshausen,3.301916898,-0.3830360185503032,0.3830360185503032,0.540312197173086,FALSE,FALSE
2001-10-29,Amundsen_Bellingshausen,3.28966837,-0.38669732075205543,0.38669732075205543,0.540312197173086,FALSE,FALSE
2001-10-30,Amundsen_Bellingshausen,3.295444118,-0.3720983566416174,0.3720983566416174,0.540312197173086,FALSE,FALSE
2001-10-31,Amundsen_Bellingshausen,3.290759083,-0.3676674860161495,0.3676674860161495,0.540312197173086,FALSE,FALSE
2001-11-01,Amundsen_Bellingshausen,3.276749099,-0.3722664453860331,0.3722664453860331,0.540312197173086,FALSE,FALSE
2001-11-02,Amundsen_Bellingshausen,3.267839981,-0.3714836598086868,0.3714836598086868,0.540312197173086,FALSE,FALSE
2001-11-03,Amundsen_Bellingshausen,3.230698637,-0.39866646582274967,0.39866646582274967,0.540312197173086,FALSE,FALSE
2001-11-04,Amundsen_Bellingshausen,3.221955935,-0.39719823996685655,0.39719823996685655,0.540312197173086,FALSE,FALSE
2001-11-05,Amundsen_Bellingshausen,3.216865663,-0.39183943877964333,0.39183943877964333,0.540312197173086,FALSE,FALSE
2001-11-06,Amundsen_Bellingshausen,3.205986675,-0.3920454527997439,0.3920454527997439,0.540312197173086,FALSE,FALSE
2001-11-07,Amundsen_Bellingshausen,3.21720273,-0.3699467675657973,0.3699467675657973,0.540312197173086,FALSE,FALSE
2001-11-08,Amundsen_Bellingshausen,3.235871841,-0.3401996146164361,0.3401996146164361,0.540312197173086,FALSE,FALSE
2001-11-09,Amundsen_Bellingshausen,3.231882802,-0.3329294444902935,0.3329294444902935,0.540312197173086,FALSE,FALSE
2001-11-10,Amundsen_Bellingshausen,3.211169803,-0.34221631172600775,0.34221631172600775,0.540312197173086,FALSE,FALSE
2001-11-11,Amundsen_Bellingshausen,3.160546927,-0.38126037786221545,0.38126037786221545,0.540312197173086,FALSE,FALSE
2001-11-12,Amundsen_Bellingshausen,3.127016247,-0.4030738352585184,0.4030738352585184,0.540312197173086,FALSE,FALSE
2001-11-13,Amundsen_Bellingshausen,3.072419707,-0.4458301570696368,0.4458301570696368,0.540312197173086,FALSE,FALSE
2001-11-14,Amundsen_Bellingshausen,3.056233703,-0.4500700958386954,0.4500700958386954,0.540312197173086,FALSE,FALSE
2001-11-15,Amundsen_Bellingshausen,3.020362975,-0.4739062029198302,0.4739062029198302,0.540312197173086,FALSE,FALSE
2001-11-16,Amundsen_Bellingshausen,2.958130527,-0.5240327656671826,0.5240327656671826,0.540312197173086,FALSE,FALSE
2001-11-17,Amundsen_Bellingshausen,2.917648443,-0.5523549914348904,0.5523549914348904,0.540312197173086,TRUE,TRUE
2001-11-18,Amundsen_Bellingshausen,2.882143218,-0.5756636765770948,0.5756636765770948,0.540312197173086,TRUE,TRUE
2001-11-19,Amundsen_Bellingshausen,2.8677265,-0.5778644644479329,0.5778644644479329,0.540312197173086,TRUE,TRUE
2001-11-20,Amundsen_Bellingshausen,2.811565058,-0.6218078774015474,0.6218078774015474,0.540312197173086,TRUE,TRUE
2001-11-21,Amundsen_Bellingshausen,2.790726532,-0.6304435667920751,0.6304435667920751,0.540312197173086,TRUE,TRUE
2001-11-22,Amundsen_Bellingshausen,2.746418188,-0.6625815579736543,0.6625815579736543,0.540312197173086,TRUE,TRUE
2001-11-23,Amundsen_Bellingshausen,2.74124421,-0.6556349583004266,0.6556349583004266,0.540312197173086,TRUE,TRUE
2001-11-24,Amundsen_Bellingshausen,2.708654546,-0.6761711111265316,0.6761711111265316,0.540312197173086,TRUE,TRUE
2001-11-25,Amundsen_Bellingshausen,2.627796479,-0.7450552865019877,0.7450552865019877,0.540312197173086,TRUE,TRUE
2001-11-26,Amundsen_Bellingshausen,2.606775615,-0.754154355694459,0.754154355694459,0.540312197173086,TRUE,TRUE
2001-11-27,Amundsen_Bellingshausen,2.625698425,-0.7233141738292637,0.7233141738292637,0.540312197173086,TRUE,TRUE
2001-11-28,Amundsen_Bellingshausen,2.595605583,-0.7414462403985107,0.7414462403985107,0.540312197173086,TRUE,TRUE
2001-11-29,Amundsen_Bellingshausen,2.589453728,-0.7355460898943234,0.7355460898943234,0.540312197173086,TRUE,TRUE
2001-11-30,Amundsen_Bellingshausen,2.560358002,-0.752450753808815,0.752450753808815,0.540312197173086,TRUE,TRUE
2001-12-01,Amundsen_Bellingshausen,2.510169157,-0.7902616536341034,0.7902616536341034,0.540312197173086,TRUE,TRUE
2001-12-02,Amundsen_Bellingshausen,2.44196795,-0.8458502058623045,0.8458502058623045,0.540312197173086,TRUE,TRUE
2001-12-03,Amundsen_Bellingshausen,2.409684809,-0.8652381559855362,0.8652381559855362,0.540312197173086,TRUE,TRUE
2001-12-04,Amundsen_Bellingshausen,2.37550195,-0.886195461495912,0.886195461495912,0.540312197173086,TRUE,TRUE
2001-12-05,Amundsen_Bellingshausen,2.344896714,-0.9031969548855514,0.9031969548855514,0.540312197173086,TRUE,TRUE
2001-12-06,Amundsen_Bellingshausen,2.311139352,-0.9229245586465686,0.9229245586465686,0.540312197173086,TRUE,TRUE
2001-12-07,Amundsen_Bellingshausen,2.286828099,-0.9327321405052652,0.9327321405052652,0.540312197173086,TRUE,TRUE
2001-12-08,Amundsen_Bellingshausen,2.256769519,-0.94774327121424,0.94774327121424,0.540312197173086,TRUE,TRUE
2001-12-09,Amundsen_Bellingshausen,2.223804365,-0.964994353839688,0.964994353839688,0.540312197173086,TRUE,TRUE
2001-12-10,Amundsen_Bellingshausen,2.178318823,-0.9939685323147164,0.9939685323147164,0.540312197173086,TRUE,TRUE
2001-12-11,Amundsen_Bellingshausen,2.16027631,-0.9945717195724296,0.9945717195724296,0.540312197173086,TRUE,TRUE
2001-12-12,Amundsen_Bellingshausen,2.141781902,-0.9945681695459364,0.9945681695459364,0.540312197173086,TRUE,TRUE
2001-12-13,Amundsen_Bellingshausen,2.127913223,-0.9887495881683366,0.9887495881683366,0.540312197173086,TRUE,TRUE
2001-12-14,Amundsen_Bellingshausen,2.128994746,-0.9666608323727433,0.9666608323727433,0.540312197173086,TRUE,TRUE
2001-12-15,Amundsen_Bellingshausen,2.127533684,-0.9456640190922574,0.9456640190922574,0.540312197173086,TRUE,TRUE
2001-12-16,Amundsen_Bellingshausen,2.123297534,-0.9258609812599844,0.9258609812599844,0.540312197173086,TRUE,TRUE
2001-12-17,Amundsen_Bellingshausen,2.120981924,-0.9024254208090324,0.9024254208090324,0.540312197173086,TRUE,TRUE
2001-12-18,Amundsen_Bellingshausen,2.12469296,-0.8711205616725062,0.8711205616725062,0.540312197173086,TRUE,TRUE
2001-12-19,Amundsen_Bellingshausen,2.110632266,-0.8556141097835108,0.8556141097835108,0.540312197173086,TRUE,TRUE
2001-12-20,Amundsen_Bellingshausen,2.079055251,-0.8555299309415951,0.8555299309415951,0.540312197173086,TRUE,TRUE
2001-12-21,Amundsen_Bellingshausen,2.048886904,-0.8519795584538681,0.8519795584538681,0.540312197173086,TRUE,TRUE
2001-12-22,Amundsen_Bellingshausen,2.022306585,-0.8429456728898526,0.8429456728898526,0.540312197173086,TRUE,TRUE
2001-12-23,Amundsen_Bellingshausen,2.000986907,-0.8269211996267547,0.8269211996267547,0.540312197173086,TRUE,TRUE
2001-12-24,Amundsen_Bellingshausen,1.959208547,-0.8297910000417945,0.8297910000417945,0.540312197173086,TRUE,TRUE
2001-12-25,Amundsen_Bellingshausen,1.928082074,-0.8206100435121824,0.8206100435121824,0.540312197173086,TRUE,TRUE
2001-12-26,Amundsen_Bellingshausen,1.908469766,-0.7986815904151308,0.7986815904151308,0.540312197173086,TRUE,TRUE
2001-12-27,Amundsen_Bellingshausen,1.875447304,-0.7890954981278508,0.7890954981278508,0.540312197173086,TRUE,TRUE
2001-12-28,Amundsen_Bellingshausen,1.867400788,-0.75363120502756,0.75363120502756,0.540312197173086,TRUE,TRUE
2001-12-29,Amundsen_Bellingshausen,1.860099252,-0.7166852154914709,0.7166852154914709,0.540312197173086,TRUE,TRUE
2001-12-30,Amundsen_Bellingshausen,1.822328073,-0.7096376908967894,0.7096376908967894,0.540312197173086,TRUE,TRUE
2001-12-31,Amundsen_Bellingshausen,1.795442805,-0.6912986156207364,0.6912986156207364,0.540312197173086,TRUE,TRUE
2002-01-01,Amundsen_Bellingshausen,1.743805044,-0.6974719320405243,0.6974719320405243,0.540312197173086,TRUE,TRUE
2002-01-02,Amundsen_Bellingshausen,1.683727581,-0.7120036295273289,0.7120036295273289,0.540312197173086,TRUE,TRUE
2002-01-03,Amundsen_Bellingshausen,1.683028697,-0.6672071754281885,0.6672071754281885,0.540312197173086,TRUE,TRUE
2002-01-04,Amundsen_Bellingshausen,1.65228302,-0.6526329320840958,0.6526329320840958,0.540312197173086,TRUE,TRUE
2002-01-05,Amundsen_Bellingshausen,1.597500546,-0.6623958938360612,0.6623958938360612,0.540312197173086,TRUE,TRUE
2002-01-06,Amundsen_Bellingshausen,1.533413393,-0.6818889330250792,0.6818889330250792,0.540312197173086,TRUE,TRUE
2002-01-07,Amundsen_Bellingshausen,1.511270188,-0.6599884129921547,0.6599884129921547,0.540312197173086,TRUE,TRUE
2002-01-08,Amundsen_Bellingshausen,1.485498295,-0.6423919600782864,0.6423919600782864,0.540312197173086,TRUE,TRUE
2002-01-09,Amundsen_Bellingshausen,1.425080411,-0.6602418676244748,0.6602418676244748,0.540312197173086,TRUE,TRUE
2002-01-10,Amundsen_Bellingshausen,1.404551139,-0.6391285229717192,0.6391285229717192,0.540312197173086,TRUE,TRUE
2002-01-11,Amundsen_Bellingshausen,1.395906124,-0.6071812714610225,0.6071812714610225,0.540312197173086,TRUE,TRUE
2002-01-12,Amundsen_Bellingshausen,1.365342873,-0.5983275964333845,0.5983275964333845,0.540312197173086,TRUE,TRUE
2002-01-13,Amundsen_Bellingshausen,1.359003257,-0.5665506172298038,0.5665506172298038,0.540312197173086,TRUE,TRUE
2002-01-14,Amundsen_Bellingshausen,1.329126322,-0.5597343223769016,0.5597343223769016,0.540312197173086,TRUE,TRUE
2002-01-15,Amundsen_Bellingshausen,1.296933239,-0.5567103913190445,0.5567103913190445,0.540312197173086,TRUE,TRUE
2002-01-16,Amundsen_Bellingshausen,1.280675276,-0.539192480872952,0.539192480872952,0.540312197173086,FALSE,FALSE
2002-01-17,Amundsen_Bellingshausen,1.279457732,-0.5080346561400226,0.5080346561400226,0.540312197173086,FALSE,FALSE
2002-01-18,Amundsen_Bellingshausen,1.282567184,-0.4739097042216576,0.4739097042216576,0.540312197173086,FALSE,FALSE
2002-01-19,Amundsen_Bellingshausen,1.280244132,-0.4465364892192556,0.4465364892192556,0.540312197173086,FALSE,FALSE
2002-01-20,Amundsen_Bellingshausen,1.280287945,-0.4180750062342189,0.4180750062342189,0.540312197173086,FALSE,FALSE
2002-01-21,Amundsen_Bellingshausen,1.270824712,-0.4003585303679454,0.4003585303679454,0.540312197173086,FALSE,FALSE
2002-01-22,Amundsen_Bellingshausen,1.242885859,-0.402314999721836,0.402314999721836,0.540312197173086,FALSE,FALSE
2002-01-23,Amundsen_Bellingshausen,1.215177065,-0.4051980993972919,0.4051980993972919,0.540312197173086,FALSE,FALSE
2002-01-24,Amundsen_Bellingshausen,1.212630197,-0.3840353264957108,0.3840353264957108,0.540312197173086,FALSE,FALSE
2002-01-25,Amundsen_Bellingshausen,1.217602919,-0.3564283811184952,0.3564283811184952,0.540312197173086,FALSE,FALSE
2002-01-26,Amundsen_Bellingshausen,1.212715992,-0.33971586636704343,0.33971586636704343,0.540312197173086,FALSE,FALSE
2002-01-27,Amundsen_Bellingshausen,1.222081243,-0.30974752346764456,0.30974752346764456,0.540312197173086,FALSE,FALSE
2002-01-28,Amundsen_Bellingshausen,1.242981846,-0.2692166673794516,0.2692166673794516,0.540312197173086,FALSE,FALSE
2002-01-29,Amundsen_Bellingshausen,1.243056287,-0.25046748804527685,0.25046748804527685,0.540312197173086,FALSE,FALSE
2002-01-30,Amundsen_Bellingshausen,1.239534551,-0.23625269633817725,0.23625269633817725,0.540312197173086,FALSE,FALSE
2002-01-31,Amundsen_Bellingshausen,1.236529509,-0.22244211713120388,0.22244211713120388,0.540312197173086,FALSE,FALSE
2002-02-01,Amundsen_Bellingshausen,1.255224151,-0.1878354562974105,0.1878354562974105,0.540312197173086,FALSE,FALSE
2002-02-02,Amundsen_Bellingshausen,1.258464763,-0.1695691237098509,0.1695691237098509,0.540312197173086,FALSE,FALSE
2002-02-03,Amundsen_Bellingshausen,1.264186976,-0.14969018424157743,0.14969018424157743,0.540312197173086,FALSE,FALSE
2002-02-04,Amundsen_Bellingshausen,1.26666799,-0.13390413376564214,0.13390413376564214,0.540312197173086,FALSE,FALSE
2002-02-05,Amundsen_Bellingshausen,1.256105485,-0.13199598815510094,0.13199598815510094,0.540312197173086,FALSE,FALSE
2002-02-06,Amundsen_Bellingshausen,1.248159062,-0.12828884228300486,0.12828884228300486,0.540312197173086,FALSE,FALSE
2002-02-07,Amundsen_Bellingshausen,1.251230385,-0.11436372802240724,0.11436372802240724,0.540312197173086,FALSE,FALSE
2002-02-08,Amundsen_Bellingshausen,1.2493481,-0.10617478082079644,0.10617478082079644,0.540312197173086,FALSE,FALSE
2002-02-09,Amundsen_Bellingshausen,1.239383188,-0.10684509894670756,0.10684509894670756,0.540312197173086,FALSE,FALSE
2002-02-10,Amundsen_Bellingshausen,1.244521632,-0.09320524732132074,0.09320524732132074,0.540312197173086,FALSE,FALSE
2002-02-11,Amundsen_Bellingshausen,1.257393052,-0.07264481041555615,0.07264481041555615,0.540312197173086,FALSE,FALSE
2002-02-12,Amundsen_Bellingshausen,1.257957238,-0.06522320270033588,0.06522320270033588,0.540312197173086,FALSE,FALSE
2002-02-13,Amundsen_Bellingshausen,1.225101669,-0.09207214964658084,0.09207214964658084,0.540312197173086,FALSE,FALSE
2002-02-14,Amundsen_Bellingshausen,1.215828693,-0.09620850772521106,0.09620850772521106,0.540312197173086,FALSE,FALSE
2002-02-15,Amundsen_Bellingshausen,1.209645416,-0.09814437540714872,0.09814437540714872,0.540312197173086,FALSE,FALSE
2002-02-16,Amundsen_Bellingshausen,1.215869602,-0.08858119316331603,0.08858119316331603,0.540312197173086,FALSE,FALSE
2002-02-17,Amundsen_Bellingshausen,1.217040107,-0.08499930946463108,0.08499930946463108,0.540312197173086,FALSE,FALSE
2002-02-18,Amundsen_Bellingshausen,1.221088291,-0.07948656878201699,0.07948656878201699,0.540312197173086,FALSE,FALSE
2002-02-19,Amundsen_Bellingshausen,1.232766826,-0.06730950358639576,0.06730950358639576,0.540312197173086,FALSE,FALSE
2002-02-20,Amundsen_Bellingshausen,1.226537193,-0.0740258373486864,0.0740258373486864,0.540312197173086,FALSE,FALSE
2002-02-21,Amundsen_Bellingshausen,1.214725547,-0.08732529660350474,0.08732529660350474,0.540312197173086,FALSE,FALSE
2002-02-22,Amundsen_Bellingshausen,1.207186618,-0.09732874682457826,0.09732874682457826,0.540312197173086,FALSE,FALSE
2002-02-23,Amundsen_Bellingshausen,1.225262833,-0.08264255643991891,0.08264255643991891,0.540312197173086,FALSE,FALSE
2002-02-24,Amundsen_Bellingshausen,1.215019007,-0.09715022141386198,0.09715022141386198,0.540312197173086,FALSE,FALSE
2002-02-25,Amundsen_Bellingshausen,1.219326091,-0.0979291017107502,0.0979291017107502,0.540312197173086,FALSE,FALSE
2002-02-26,Amundsen_Bellingshausen,1.208545805,-0.11456578829492137,0.11456578829492137,0.540312197173086,FALSE,FALSE
2002-02-27,Amundsen_Bellingshausen,1.199660617,-0.13002612413071568,0.13002612413071568,0.540312197173086,FALSE,FALSE
2002-02-28,Amundsen_Bellingshausen,1.194115724,-0.1428132231824708,0.1428132231824708,0.540312197173086,FALSE,FALSE
2002-03-01,Amundsen_Bellingshausen,1.202326109,-0.14246041341452775,0.14246041341452775,0.540312197173086,FALSE,FALSE
2002-03-02,Amundsen_Bellingshausen,1.202490605,-0.15071717279122532,0.15071717279122532,0.540312197173086,FALSE,FALSE
2002-03-03,Amundsen_Bellingshausen,1.208179094,-0.1539619302769033,0.1539619302769033,0.540312197173086,FALSE,FALSE
2002-03-04,Amundsen_Bellingshausen,1.224939703,-0.1465948698358999,0.1465948698358999,0.540312197173086,FALSE,FALSE
2002-03-05,Amundsen_Bellingshausen,1.240383168,-0.14095356975963225,0.14095356975963225,0.540312197173086,FALSE,FALSE
2002-03-06,Amundsen_Bellingshausen,1.249669293,-0.1418389166496994,0.1418389166496994,0.540312197173086,FALSE,FALSE
2002-03-07,Amundsen_Bellingshausen,1.239138863,-0.16291110867249792,0.16291110867249792,0.540312197173086,FALSE,FALSE
2002-03-08,Amundsen_Bellingshausen,1.241246851,-0.17172434185125018,0.17172434185125018,0.540312197173086,FALSE,FALSE
2002-03-09,Amundsen_Bellingshausen,1.246831303,-0.1774497392091805,0.1774497392091805,0.540312197173086,FALSE,FALSE
2002-03-10,Amundsen_Bellingshausen,1.257378427,-0.17861026176951134,0.17861026176951134,0.540312197173086,FALSE,FALSE
2002-03-11,Amundsen_Bellingshausen,1.266740022,-0.18136327955546605,0.18136327955546605,0.540312197173086,FALSE,FALSE
2002-03-12,Amundsen_Bellingshausen,1.279790793,-0.18084325659026823,0.18084325659026823,0.540312197173086,FALSE,FALSE
2002-03-13,Amundsen_Bellingshausen,1.293601701,-0.1799884008971433,0.1799884008971433,0.540312197173086,FALSE,FALSE
2002-03-14,Amundsen_Bellingshausen,1.317178708,-0.16980191949931123,0.16980191949931123,0.540312197173086,FALSE,FALSE
2002-03-15,Amundsen_Bellingshausen,1.351280757,-0.14953403841999657,0.14953403841999657,0.540312197173086,FALSE,FALSE
2002-03-16,Amundsen_Bellingshausen,1.376496457,-0.1386053176824249,0.1386053176824249,0.540312197173086,FALSE,FALSE
2002-03-17,Amundsen_Bellingshausen,1.404322355,-0.12552837930981675,0.12552837930981675,0.540312197173086,FALSE,FALSE
2002-03-18,Amundsen_Bellingshausen,1.42976659,-0.1153037625434381,0.1153037625434381,0.540312197173086,FALSE,FALSE
2002-03-19,Amundsen_Bellingshausen,1.440464757,-0.12029229341667969,0.12029229341667969,0.540312197173086,FALSE,FALSE
2002-03-20,Amundsen_Bellingshausen,1.445232432,-0.13166199582083027,0.13166199582083027,0.540312197173086,FALSE,FALSE
2002-03-21,Amundsen_Bellingshausen,1.434722129,-0.1587433520068331,0.1587433520068331,0.540312197173086,FALSE,FALSE
2002-03-22,Amundsen_Bellingshausen,1.420572687,-0.18988051922563257,0.18988051922563257,0.540312197173086,FALSE,FALSE
2002-03-23,Amundsen_Bellingshausen,1.420476627,-0.20736397272817195,0.20736397272817195,0.540312197173086,FALSE,FALSE
2002-03-24,Amundsen_Bellingshausen,1.418059452,-0.22755120576539256,0.22755120576539256,0.540312197173086,FALSE,FALSE
2002-03-25,Amundsen_Bellingshausen,1.423470788,-0.2402755885882404,0.2402755885882404,0.540312197173086,FALSE,FALSE
2002-03-26,Amundsen_Bellingshausen,1.436305689,-0.24592506344765777,0.24592506344765777,0.540312197173086,FALSE,FALSE
2002-03-27,Amundsen_Bellingshausen,1.450372134,-0.25067464759458713,0.25067464759458713,0.540312197173086,FALSE,FALSE
2002-03-28,Amundsen_Bellingshausen,1.489124136,-0.23105332427997305,0.23105332427997305,0.540312197173086,FALSE,FALSE
2002-03-29,Amundsen_Bellingshausen,1.516122613,-0.2234831717547592,0.2234831717547592,0.540312197173086,FALSE,FALSE
2002-03-30,Amundsen_Bellingshausen,1.525437232,-0.2338775192698881,0.2338775192698881,0.540312197173086,FALSE,FALSE
2002-03-31,Amundsen_Bellingshausen,1.539605671,-0.23968464470334783,0.23968464470334783,0.540312197173086,FALSE,FALSE
2002-04-01,Amundsen_Bellingshausen,1.539616282,-0.25991832935289083,0.25991832935289083,0.540312197173086,FALSE,FALSE
2002-04-02,Amundsen_Bellingshausen,1.532273308,-0.28778196314185034,0.28778196314185034,0.540312197173086,FALSE,FALSE
2002-04-03,Amundsen_Bellingshausen,1.530868449,-0.30999148354010186,0.30999148354010186,0.540312197173086,FALSE,FALSE
2002-04-04,Amundsen_Bellingshausen,1.548615015,-0.3133412180175179,0.3133412180175179,0.540312197173086,FALSE,FALSE
2002-04-05,Amundsen_Bellingshausen,1.57318408,-0.3101677300439729,0.3101677300439729,0.540312197173086,FALSE,FALSE
2002-04-06,Amundsen_Bellingshausen,1.601484185,-0.3035701160893354,0.3035701160893354,0.540312197173086,FALSE,FALSE
2002-04-07,Amundsen_Bellingshausen,1.622982811,-0.3040885326234821,0.3040885326234821,0.540312197173086,FALSE,FALSE
2002-04-08,Amundsen_Bellingshausen,1.640108207,-0.30930236811628253,0.30930236811628253,0.540312197173086,FALSE,FALSE
2002-04-09,Amundsen_Bellingshausen,1.63164851,-0.3404311230376116,0.3404311230376116,0.540312197173086,FALSE,FALSE
2002-04-10,Amundsen_Bellingshausen,1.657118681,-0.3379674738573424,0.3379674738573424,0.540312197173086,FALSE,FALSE
2002-04-11,Amundsen_Bellingshausen,1.724866833,-0.29357094504534675,0.29357094504534675,0.540312197173086,FALSE,FALSE
2002-04-12,Amundsen_Bellingshausen,1.776872345,-0.2652697459647302,0.2652697459647302,0.540312197173086,FALSE,FALSE
2002-04-13,Amundsen_Bellingshausen,1.823416136,-0.2427870461279027,0.2427870461279027,0.540312197173086,FALSE,FALSE
2002-04-14,Amundsen_Bellingshausen,1.845596443,-0.2450229275747879,0.2450229275747879,0.540312197173086,FALSE,FALSE
2002-04-15,Amundsen_Bellingshausen,1.879635015,-0.2357534214507473,0.2357534214507473,0.540312197173086,FALSE,FALSE
2002-04-16,Amundsen_Bellingshausen,1.911179402,-0.22932875790115337,0.22932875790115337,0.540312197173086,FALSE,FALSE
2002-04-17,Amundsen_Bellingshausen,1.923925221,-0.24205110007136788,0.24205110007136788,0.540312197173086,FALSE,FALSE
2002-04-18,Amundsen_Bellingshausen,1.947661696,-0.24412900410675675,0.24412900410675675,0.540312197173086,FALSE,FALSE
2002-04-19,Amundsen_Bellingshausen,1.972561086,-0.2453879911526886,0.2453879911526886,0.540312197173086,FALSE,FALSE
2002-04-20,Amundsen_Bellingshausen,2.005881144,-0.23856808835452892,0.23856808835452892,0.540312197173086,FALSE,FALSE
2002-04-21,Amundsen_Bellingshausen,2.03626319,-0.2350257558576443,0.2350257558576443,0.540312197173086,FALSE,FALSE
2002-04-22,Amundsen_Bellingshausen,2.047831283,-0.25063471480739974,0.25063471480739974,0.540312197173086,FALSE,FALSE
2002-04-23,Amundsen_Bellingshausen,2.080778109,-0.2452000593491608,0.2452000593491608,0.540312197173086,FALSE,FALSE
2002-04-24,Amundsen_Bellingshausen,2.09250474,-0.2613184976282965,0.2613184976282965,0.540312197173086,FALSE,FALSE
2002-04-25,Amundsen_Bellingshausen,2.08156245,-0.30043219462223414,0.30043219462223414,0.540312197173086,FALSE,FALSE
2002-04-26,Amundsen_Bellingshausen,2.083342315,-0.32710228322881996,0.32710228322881996,0.540312197173086,FALSE,FALSE
2002-04-27,Amundsen_Bellingshausen,2.100448485,-0.33865403836279473,0.33865403836279473,0.540312197173086,FALSE,FALSE
2002-04-28,Amundsen_Bellingshausen,2.107153539,-0.36074406593479136,0.36074406593479136,0.540312197173086,FALSE,FALSE
2002-04-29,Amundsen_Bellingshausen,2.122306818,-0.3744522098554483,0.3744522098554483,0.540312197173086,FALSE,FALSE
2002-04-30,Amundsen_Bellingshausen,2.143009597,-0.3826063800354058,0.3826063800354058,0.540312197173086,FALSE,FALSE
2002-05-01,Amundsen_Bellingshausen,2.164120398,-0.39027723938529935,0.39027723938529935,0.540312197173086,FALSE,FALSE
2002-05-02,Amundsen_Bellingshausen,2.184561104,-0.3984720898157667,0.3984720898157667,0.540312197173086,FALSE,FALSE
2002-05-03,Amundsen_Bellingshausen,2.202017953,-0.4094338782374445,0.4094338782374445,0.540312197173086,FALSE,FALSE
2002-05-04,Amundsen_Bellingshausen,2.238790506,-0.4007922285609671,0.4007922285609671,0.540312197173086,FALSE,FALSE
2002-05-05,Amundsen_Bellingshausen,2.264571846,-0.40278324269697663,0.40278324269697663,0.540312197173086,FALSE,FALSE
2002-05-06,Amundsen_Bellingshausen,2.306754659,-0.38794341955610623,0.38794341955610623,0.540312197173086,FALSE,FALSE
2002-05-07,Amundsen_Bellingshausen,2.355913166,-0.3656277620321231,0.3656277620321231,0.540312197173086,FALSE,FALSE
2002-05-08,Amundsen_Bellingshausen,2.381055468,-0.3667791267208993,0.3667791267208993,0.540312197173086,FALSE,FALSE
2002-05-09,Amundsen_Bellingshausen,2.379743396,-0.39384448386863946,0.39384448386863946,0.540312197173086,FALSE,FALSE
2002-05-10,Amundsen_Bellingshausen,2.395763029,-0.40305607308640035,0.40305607308640035,0.540312197173086,FALSE,FALSE
2002-05-11,Amundsen_Bellingshausen,2.418580423,-0.4049661569852434,0.4049661569852434,0.540312197173086,FALSE,FALSE
2002-05-12,Amundsen_Bellingshausen,2.44373076,-0.4040578721762267,0.4040578721762267,0.540312197173086,FALSE,FALSE
2002-05-13,Amundsen_Bellingshausen,2.48330341,-0.388260167270408,0.388260167270408,0.540312197173086,FALSE,FALSE
2002-05-14,Amundsen_Bellingshausen,2.528672083,-0.3662176508788515,0.3662176508788515,0.540312197173086,FALSE,FALSE
2002-05-15,Amundsen_Bellingshausen,2.579449446,-0.338335974612614,0.338335974612614,0.540312197173086,FALSE,FALSE
2002-05-16,Amundsen_Bellingshausen,2.612790477,-0.32747847908275407,0.32747847908275407,0.540312197173086,FALSE,FALSE
2002-05-17,Amundsen_Bellingshausen,2.637169194,-0.32518946490033285,0.32518946490033285,0.540312197173086,FALSE,FALSE
2002-05-18,Amundsen_Bellingshausen,2.668942231,-0.3151306166764094,0.3151306166764094,0.540312197173086,FALSE,FALSE
2002-05-19,Amundsen_Bellingshausen,2.691094783,-0.314335058022043,0.314335058022043,0.540312197173086,FALSE,FALSE
2002-05-20,Amundsen_Bellingshausen,2.71258238,-0.31386551593895495,0.31386551593895495,0.540312197173086,FALSE,FALSE
2002-05-21,Amundsen_Bellingshausen,2.717968537,-0.32917560822392034,0.32917560822392034,0.540312197173086,FALSE,FALSE
2002-05-22,Amundsen_Bellingshausen,2.729868765,-0.3376659744740742,0.3376659744740742,0.540312197173086,FALSE,FALSE
2002-05-23,Amundsen_Bellingshausen,2.749518827,-0.33811696924072665,0.33811696924072665,0.540312197173086,FALSE,FALSE
2002-05-24,Amundsen_Bellingshausen,2.771434741,-0.33602869207518093,0.33602869207518093,0.540312197173086,FALSE,FALSE
2002-05-25,Amundsen_Bellingshausen,2.789093324,-0.33794044352874675,0.33794044352874675,0.540312197173086,FALSE,FALSE
2002-05-26,Amundsen_Bellingshausen,2.803861218,-0.34250169915273077,0.34250169915273077,0.540312197173086,FALSE,FALSE
2002-05-27,Amundsen_Bellingshausen,2.821021538,-0.3444454614984407,0.3444454614984407,0.540312197173086,FALSE,FALSE
2002-05-28,Amundsen_Bellingshausen,2.837631862,-0.3467302701171828,0.3467302701171828,0.540312197173086,FALSE,FALSE
2002-05-29,Amundsen_Bellingshausen,2.869750462,-0.3333139705602637,0.3333139705602637,0.540312197173086,FALSE,FALSE
2002-05-30,Amundsen_Bellingshausen,2.902908811,-0.3186812073789924,0.3186812073789924,0.540312197173086,FALSE,FALSE
2002-05-31,Amundsen_Bellingshausen,2.930693177,-0.3092618301246759,0.3092618301246759,0.540312197173086,FALSE,FALSE
2002-06-01,Amundsen_Bellingshausen,2.973153835,-0.2850216813486215,0.2850216813486215,0.540312197173086,FALSE,FALSE
2002-06-02,Amundsen_Bellingshausen,3.018847668,-0.25741182733274126,0.25741182733274126,0.540312197173086,FALSE,FALSE
2002-06-03,Amundsen_Bellingshausen,3.067929517,-0.22624913971011917,0.22624913971011917,0.540312197173086,FALSE,FALSE
2002-06-04,Amundsen_Bellingshausen,3.099028319,-0.21286634898808732,0.21286634898808732,0.540312197173086,FALSE,FALSE
2002-06-05,Amundsen_Bellingshausen,3.117932708,-0.211436488301874,0.211436488301874,0.540312197173086,FALSE,FALSE
2002-06-06,Amundsen_Bellingshausen,3.142199357,-0.20436455178671545,0.20436455178671545,0.540312197173086,FALSE,FALSE
2002-06-07,Amundsen_Bellingshausen,3.16046854,-0.2029719325778427,0.2029719325778427,0.540312197173086,FALSE,FALSE
2002-06-08,Amundsen_Bellingshausen,3.171042115,-0.2089184398104873,0.2089184398104873,0.540312197173086,FALSE,FALSE
2002-06-09,Amundsen_Bellingshausen,3.181660663,-0.2144251596198834,0.2144251596198834,0.540312197173086,FALSE,FALSE
2002-06-10,Amundsen_Bellingshausen,3.194615449,-0.21716249414126088,0.21716249414126088,0.540312197173086,FALSE,FALSE
2002-06-11,Amundsen_Bellingshausen,3.234405249,-0.19259333450985627,0.19259333450985627,0.540312197173086,FALSE,FALSE
2002-06-12,Amundsen_Bellingshausen,3.28423673,-0.15747268086090083,0.15747268086090083,0.540312197173086,FALSE,FALSE
2002-06-13,Amundsen_Bellingshausen,3.331192626,-0.12467946632962423,0.12467946632962423,0.540312197173086,FALSE,FALSE
2002-06-14,Amundsen_Bellingshausen,3.362895586,-0.1065537327767596,0.1065537327767596,0.540312197173086,FALSE,FALSE
2002-06-15,Amundsen_Bellingshausen,3.379899376,-0.10254953512859766,0.10254953512859766,0.540312197173086,FALSE,FALSE
2002-06-16,Amundsen_Bellingshausen,3.406113157,-0.08882744524522845,0.08882744524522845,0.540312197173086,FALSE,FALSE
2002-06-17,Amundsen_Bellingshausen,3.428742992,-0.0782556186119141,0.0782556186119141,0.540312197173086,FALSE,FALSE
2002-06-18,Amundsen_Bellingshausen,3.454585488,-0.06411166671391477,0.06411166671391477,0.540312197173086,FALSE,FALSE
2002-06-19,Amundsen_Bellingshausen,3.50786001,-0.02225044303648848,0.02225044303648848,0.540312197173086,FALSE,FALSE
2002-06-20,Amundsen_Bellingshausen,3.548500417,0.00718769293510446,0.00718769293510446,0.540312197173086,FALSE,FALSE
2002-06-21,Amundsen_Bellingshausen,3.535696197,-0.01668198928439368,0.01668198928439368,0.540312197173086,FALSE,FALSE
2002-06-22,Amundsen_Bellingshausen,3.53022691,-0.0331541481802442,0.0331541481802442,0.540312197173086,FALSE,FALSE
2002-06-23,Amundsen_Bellingshausen,3.544697048,-0.02969851023770475,0.02969851023770475,0.540312197173086,FALSE,FALSE
2002-06-24,Amundsen_Bellingshausen,3.531606445,-0.05388945994203764,0.05388945994203764,0.540312197173086,FALSE,FALSE
2002-06-25,Amundsen_Bellingshausen,3.482012702,-0.11474361477849904,0.11474361477849904,0.540312197173086,FALSE,FALSE
2002-06-26,Amundsen_Bellingshausen,3.442256562,-0.16599445023235138,0.16599445023235138,0.540312197173086,FALSE,FALSE
2002-06-27,Amundsen_Bellingshausen,3.472339333,-0.14770576635060584,0.14770576635060584,0.540312197173086,FALSE,FALSE
2002-06-28,Amundsen_Bellingshausen,3.497416568,-0.1347182751053615,0.1347182751053615,0.540312197173086,FALSE,FALSE
2002-06-29,Amundsen_Bellingshausen,3.533910936,-0.1105741153616897,0.1105741153616897,0.540312197173086,FALSE,FALSE
2002-06-30,Amundsen_Bellingshausen,3.549115302,-0.10794506824761464,0.10794506824761464,0.540312197173086,FALSE,FALSE
2002-07-01,Amundsen_Bellingshausen,3.544804851,-0.12502059489115913,0.12502059489115913,0.540312197173086,FALSE,FALSE
2002-07-02,Amundsen_Bellingshausen,3.55467633,-0.1280685944203479,0.1280685944203479,0.540312197173086,FALSE,FALSE
2002-07-03,Amundsen_Bellingshausen,3.5647851,-0.1309983519632043,0.1309983519632043,0.540312197173086,FALSE,FALSE
2002-07-04,Amundsen_Bellingshausen,3.581531051,-0.12737462364774998,0.12737462364774998,0.540312197173086,FALSE,FALSE
2002-07-05,Amundsen_Bellingshausen,3.603411204,-0.11866503460201284,0.11866503460201284,0.540312197173086,FALSE,FALSE
2002-07-06,Amundsen_Bellingshausen,3.609932507,-0.12532728295401308,0.12532728295401308,0.540312197173086,FALSE,FALSE
2002-07-07,Amundsen_Bellingshausen,3.590193916,-0.15822705883177335,0.15822705883177335,0.540312197173086,FALSE,FALSE
2002-07-08,Amundsen_Bellingshausen,3.605484727,-0.15603971236332015,0.15603971236332015,0.540312197173086,FALSE,FALSE
2002-07-09,Amundsen_Bellingshausen,3.654809401,-0.11972546499008896,0.11972546499008896,0.540312197173086,FALSE,FALSE
2002-07-10,Amundsen_Bellingshausen,3.703903684,-0.08352031594451681,0.08352031594451681,0.540312197173086,FALSE,FALSE
2002-07-11,Amundsen_Bellingshausen,3.721013683,-0.07916536019665976,0.07916536019665976,0.540312197173086,FALSE,FALSE
2002-07-12,Amundsen_Bellingshausen,3.713991309,-0.09879793420413874,0.09879793420413874,0.540312197173086,FALSE,FALSE
2002-07-13,Amundsen_Bellingshausen,3.719303456,-0.10594039142457667,0.10594039142457667,0.540312197173086,FALSE,FALSE
2002-07-14,Amundsen_Bellingshausen,3.728650318,-0.1088817853155919,0.1088817853155919,0.540312197173086,FALSE,FALSE
2002-07-15,Amundsen_Bellingshausen,3.751890854,-0.09775240433480548,0.09775240433480548,0.540312197173086,FALSE,FALSE
2002-07-16,Amundsen_Bellingshausen,3.775984344,-0.08558221593984205,0.08558221593984205,0.540312197173086,FALSE,FALSE
2002-07-17,Amundsen_Bellingshausen,3.820995021,-0.05229623458832044,0.05229623458832044,0.540312197173086,FALSE,FALSE
2002-07-18,Amundsen_Bellingshausen,3.831312755,-0.05349383773785776,0.05349383773785776,0.540312197173086,FALSE,FALSE
2002-07-19,Amundsen_Bellingshausen,3.823072969,-0.07302884984608182,0.07302884984608182,0.540312197173086,FALSE,FALSE
2002-07-20,Amundsen_Bellingshausen,3.80321965,-0.10394653137061338,0.10394653137061338,0.540312197173086,FALSE,FALSE
2002-07-21,Amundsen_Bellingshausen,3.815722635,-0.10226629276906872,0.10226629276906872,0.540312197173086,FALSE,FALSE
2002-07-22,Amundsen_Bellingshausen,3.823012932,-0.10554609354499522,0.10554609354499522,0.540312197173086,FALSE,FALSE
2002-07-23,Amundsen_Bellingshausen,3.869599607,-0.06926197119244648,0.06926197119244648,0.540312197173086,FALSE,FALSE
2002-07-24,Amundsen_Bellingshausen,3.917898054,-0.03098081857560997,0.03098081857560997,0.540312197173086,FALSE,FALSE
2002-07-25,Amundsen_Bellingshausen,3.949904574,-0.00868855766654919,0.00868855766654919,0.540312197173086,FALSE,FALSE
2002-07-26,Amundsen_Bellingshausen,3.974949707,0.00696312856267411,0.00696312856267411,0.540312197173086,FALSE,FALSE
2002-07-27,Amundsen_Bellingshausen,3.988571008,0.01152957214000238,0.01152957214000238,0.540312197173086,FALSE,FALSE
2002-07-28,Amundsen_Bellingshausen,4.003212731,0.01747280409336316,0.01747280409336316,0.540312197173086,FALSE,FALSE
2002-07-29,Amundsen_Bellingshausen,3.994194227,1.299524507030192e-4,1.299524507030192e-4,0.540312197173086,FALSE,FALSE
2002-07-30,Amundsen_Bellingshausen,3.99417731,-0.00781939176004931,0.00781939176004931,0.540312197173086,FALSE,FALSE
2002-07-31,Amundsen_Bellingshausen,3.998914615,-0.01060481651094891,0.01060481651094891,0.540312197173086,FALSE,FALSE
2002-08-01,Amundsen_Bellingshausen,3.959693868,-0.05692081877405863,0.05692081877405863,0.540312197173086,FALSE,FALSE
2002-08-02,Amundsen_Bellingshausen,3.918481795,-0.10478289552144648,0.10478289552144648,0.540312197173086,FALSE,FALSE
2002-08-03,Amundsen_Bellingshausen,3.916310168,-0.11314149825266195,0.11314149825266195,0.540312197173086,FALSE,FALSE
2002-08-04,Amundsen_Bellingshausen,3.957586573,-0.07758550460063729,0.07758550460063729,0.540312197173086,FALSE,FALSE
2002-08-05,Amundsen_Bellingshausen,4.009164596,-0.03130916186009358,0.03130916186009358,0.540312197173086,FALSE,FALSE
2002-08-06,Amundsen_Bellingshausen,4.044148242,-0.0012678777970656,0.0012678777970656,0.540312197173086,FALSE,FALSE
2002-08-07,Amundsen_Bellingshausen,4.070376247,0.0203176708223971,0.0203176708223971,0.540312197173086,FALSE,FALSE
2002-08-08,Amundsen_Bellingshausen,4.059380029,0.00491948923225926,0.00491948923225926,0.540312197173086,FALSE,FALSE
2002-08-09,Amundsen_Bellingshausen,4.018298922,-0.04038250133352861,0.04038250133352861,0.540312197173086,FALSE,FALSE
2002-08-10,Amundsen_Bellingshausen,3.97933658,-0.08344405964100776,0.08344405964100776,0.540312197173086,FALSE,FALSE
2002-08-11,Amundsen_Bellingshausen,3.91620646,-0.15061114145621568,0.15061114145621568,0.540312197173086,FALSE,FALSE
2002-08-12,Amundsen_Bellingshausen,3.889013094,-0.18183862754520153,0.18183862754520153,0.540312197173086,FALSE,FALSE
2002-08-13,Amundsen_Bellingshausen,3.891397468,-0.1835449446740034,0.1835449446740034,0.540312197173086,FALSE,FALSE
2002-08-14,Amundsen_Bellingshausen,3.914260354,-0.16488873360866796,0.16488873360866796,0.540312197173086,FALSE,FALSE
2002-08-15,Amundsen_Bellingshausen,3.904783123,-0.17874803611523538,0.17874803611523538,0.540312197173086,FALSE,FALSE
2002-08-16,Amundsen_Bellingshausen,3.9029639,-0.18518197832025907,0.18518197832025907,0.540312197173086,FALSE,FALSE
2002-08-17,Amundsen_Bellingshausen,3.929232593,-0.16375365434771805,0.16375365434771805,0.540312197173086,FALSE,FALSE
2002-08-18,Amundsen_Bellingshausen,3.933910643,-0.16406108727104307,0.16406108727104307,0.540312197173086,FALSE,FALSE
2002-08-19,Amundsen_Bellingshausen,3.895701187,-0.207316574088392,0.207316574088392,0.540312197173086,FALSE,FALSE
2002-08-20,Amundsen_Bellingshausen,3.861531696,-0.2465080777979285,0.2465080777979285,0.540312197173086,FALSE,FALSE
2002-08-21,Amundsen_Bellingshausen,3.825213503,-0.28773969939782296,0.28773969939782296,0.540312197173086,FALSE,FALSE
2002-08-22,Amundsen_Bellingshausen,3.850360185,-0.267313295886233,0.267313295886233,0.540312197173086,FALSE,FALSE
2002-08-23,Amundsen_Bellingshausen,3.965810455,-0.15630558826132512,0.15630558826132512,0.540312197173086,FALSE,FALSE
2002-08-24,Amundsen_Bellingshausen,4.055611736,-0.07058458752126207,0.07058458752126207,0.540312197173086,FALSE,FALSE
2002-08-25,Amundsen_Bellingshausen,4.119599445,-0.01023031066420543,0.01023031066420543,0.540312197173086,FALSE,FALSE
2002-08-26,Amundsen_Bellingshausen,4.139510362,0.00657858831167068,0.00657858831167068,0.540312197173086,FALSE,FALSE
2002-08-27,Amundsen_Bellingshausen,4.10677785,-0.02863996159178317,0.02863996159178317,0.540312197173086,FALSE,FALSE
2002-08-28,Amundsen_Bellingshausen,4.070662496,-0.0665408073727436,0.0665408073727436,0.540312197173086,FALSE,FALSE
2002-08-29,Amundsen_Bellingshausen,4.110723056,-0.02749561850637949,0.02749561850637949,0.540312197173086,FALSE,FALSE
2002-08-30,Amundsen_Bellingshausen,4.11319732,-0.02528814410775748,0.02528814410775748,0.540312197173086,FALSE,FALSE
2002-08-31,Amundsen_Bellingshausen,4.046800619,-0.09125882658898554,0.09125882658898554,0.540312197173086,FALSE,FALSE
2002-09-01,Amundsen_Bellingshausen,3.981377458,-0.15561899576725935,0.15561899576725935,0.540312197173086,FALSE,FALSE
2002-09-02,Amundsen_Bellingshausen,3.911682406,-0.2236699174597816,0.2236699174597816,0.540312197173086,FALSE,FALSE
2002-09-03,Amundsen_Bellingshausen,3.875380745,-0.25780214448374483,0.25780214448374483,0.540312197173086,FALSE,FALSE
2002-09-04,Amundsen_Bellingshausen,3.904175577,-0.22636840965635052,0.22636840965635052,0.540312197173086,FALSE,FALSE
2002-09-05,Amundsen_Bellingshausen,3.940407389,-0.187084060794795,0.187084060794795,0.540312197173086,FALSE,FALSE
2002-09-06,Amundsen_Bellingshausen,3.969208724,-0.1548723897162767,0.1548723897162767,0.540312197173086,FALSE,FALSE
2002-09-07,Amundsen_Bellingshausen,3.985396125,-0.1349726882379927,0.1349726882379927,0.540312197173086,FALSE,FALSE
2002-09-08,Amundsen_Bellingshausen,4.009777387,-0.1066329961771446,0.1066329961771446,0.540312197173086,FALSE,FALSE
2002-09-09,Amundsen_Bellingshausen,4.041303401,-0.07095825735092731,0.07095825735092731,0.540312197173086,FALSE,FALSE
2002-09-10,Amundsen_Bellingshausen,4.052146278,-0.0558319390505595,0.0558319390505595,0.540312197173086,FALSE,FALSE
2002-09-11,Amundsen_Bellingshausen,4.027523387,-0.07606789813540349,0.07606789813540349,0.540312197173086,FALSE,FALSE
2002-09-12,Amundsen_Bellingshausen,4.016126033,-0.0829619871077103,0.0829619871077103,0.540312197173086,FALSE,FALSE
2002-09-13,Amundsen_Bellingshausen,4.036236495,-0.05821444445591606,0.05821444445591606,0.540312197173086,FALSE,FALSE
2002-09-14,Amundsen_Bellingshausen,4.031286173,-0.05837638766845376,0.05837638766845376,0.540312197173086,FALSE,FALSE
2002-09-15,Amundsen_Bellingshausen,4.007152483,-0.07755291823377153,0.07755291823377153,0.540312197173086,FALSE,FALSE
2002-09-16,Amundsen_Bellingshausen,3.993143708,-0.08641827064029783,0.08641827064029783,0.540312197173086,FALSE,FALSE
2002-09-17,Amundsen_Bellingshausen,3.961279746,-0.1129350643764746,0.1129350643764746,0.540312197173086,FALSE,FALSE
2002-09-18,Amundsen_Bellingshausen,3.930160678,-0.13848573593074143,0.13848573593074143,0.540312197173086,FALSE,FALSE
2002-09-19,Amundsen_Bellingshausen,3.902669466,-0.1601698407915304,0.1601698407915304,0.540312197173086,FALSE,FALSE
2002-09-20,Amundsen_Bellingshausen,3.872823796,-0.18395221044727927,0.18395221044727927,0.540312197173086,FALSE,FALSE
2002-09-21,Amundsen_Bellingshausen,3.847216157,-0.20322287338643008,0.20322287338643008,0.540312197173086,FALSE,FALSE
2002-09-22,Amundsen_Bellingshausen,3.828886799,-0.2149240970974189,0.2149240970974189,0.540312197173086,FALSE,FALSE
2002-09-23,Amundsen_Bellingshausen,3.793367376,-0.24350732614387027,0.24350732614387027,0.540312197173086,FALSE,FALSE
2002-09-24,Amundsen_Bellingshausen,3.770243031,-0.2593767371530622,0.2593767371530622,0.540312197173086,FALSE,FALSE
2002-09-25,Amundsen_Bellingshausen,3.764317199,-0.25772198854509165,0.25772198854509165,0.540312197173086,FALSE,FALSE
2002-09-26,Amundsen_Bellingshausen,3.778583452,-0.23554265469054636,0.23554265469054636,0.540312197173086,FALSE,FALSE
2002-09-27,Amundsen_Bellingshausen,3.784594729,-0.22127894296000328,0.22127894296000328,0.540312197173086,FALSE,FALSE
2002-09-28,Amundsen_Bellingshausen,3.805084611,-0.19219041872404752,0.19219041872404752,0.540312197173086,FALSE,FALSE
2002-09-29,Amundsen_Bellingshausen,3.811868694,-0.17645463235325787,0.17645463235325787,0.540312197173086,FALSE,FALSE
2002-09-30,Amundsen_Bellingshausen,3.822321006,-0.15669070221822023,0.15669070221822023,0.540312197173086,FALSE,FALSE
2002-10-01,Amundsen_Bellingshausen,3.828157973,-0.1411753486895111,0.1411753486895111,0.540312197173086,FALSE,FALSE
2002-10-02,Amundsen_Bellingshausen,3.821354939,-0.13792637413771525,0.13792637413771525,0.540312197173086,FALSE,FALSE
2002-10-03,Amundsen_Bellingshausen,3.854166305,-0.09468252393341192,0.09468252393341192,0.540312197173086,FALSE,FALSE
2002-10-04,Amundsen_Bellingshausen,3.903881528,-0.03414748744718432,0.03414748744718432,0.540312197173086,FALSE,FALSE
2002-10-05,Amundsen_Bellingshausen,3.931368783,0.00455374884215231,0.00455374884215231,0.540312197173086,FALSE,FALSE
2002-10-06,Amundsen_Bellingshausen,3.975838766,0.06062044408930855,0.06062044408930855,0.540312197173086,FALSE,FALSE
2002-10-07,Amundsen_Bellingshausen,3.994525731,0.09122165755759816,0.09122165755759816,0.540312197173086,FALSE,FALSE
2002-10-08,Amundsen_Bellingshausen,4.026829222,0.1356819036101213,0.1356819036101213,0.540312197173086,FALSE,FALSE
2002-10-09,Amundsen_Bellingshausen,4.0363923,0.15756921360997422,0.15756921360997422,0.540312197173086,FALSE,FALSE
2002-10-10,Amundsen_Bellingshausen,4.00990778,0.143501372920249,0.143501372920249,0.540312197173086,FALSE,FALSE
2002-10-11,Amundsen_Bellingshausen,3.987257209,0.1332848989040465,0.1332848989040465,0.540312197173086,FALSE,FALSE
2002-10-12,Amundsen_Bellingshausen,3.981870329,0.1402745039244624,0.1402745039244624,0.540312197173086,FALSE,FALSE
2002-10-13,Amundsen_Bellingshausen,3.972870782,0.1435188003445922,0.1435188003445922,0.540312197173086,FALSE,FALSE
2002-10-14,Amundsen_Bellingshausen,3.952272526,0.13495671652753494,0.13495671652753494,0.540312197173086,FALSE,FALSE
2002-10-15,Amundsen_Bellingshausen,3.944083363,0.1385210248363844,0.1385210248363844,0.540312197173086,FALSE,FALSE
2002-10-16,Amundsen_Bellingshausen,3.931738191,0.1375715936342381,0.1375715936342381,0.540312197173086,FALSE,FALSE
2002-10-17,Amundsen_Bellingshausen,3.913402778,0.1301991612841933,0.1301991612841933,0.540312197173086,FALSE,FALSE
2002-10-18,Amundsen_Bellingshausen,3.912714597,0.13996946358832218,0.13996946358832218,0.540312197173086,FALSE,FALSE
2002-10-19,Amundsen_Bellingshausen,3.908324891,0.14553193677700405,0.14553193677700405,0.540312197173086,FALSE,FALSE
2002-10-20,Amundsen_Bellingshausen,3.90897066,0.1556886286392705,0.1556886286392705,0.540312197173086,FALSE,FALSE
2002-10-21,Amundsen_Bellingshausen,3.929528855,0.1853842148389817,0.1853842148389817,0.540312197173086,FALSE,FALSE
2002-10-22,Amundsen_Bellingshausen,3.935166456,0.1998534000399972,0.1998534000399972,0.540312197173086,FALSE,FALSE
2002-10-23,Amundsen_Bellingshausen,3.996959473,0.2702399189061806,0.2702399189061806,0.540312197173086,FALSE,FALSE
2002-10-24,Amundsen_Bellingshausen,4.022716223,0.30441981310138866,0.30441981310138866,0.540312197173086,FALSE,FALSE
2002-10-25,Amundsen_Bellingshausen,3.991507507,0.2815316082894843,0.2815316082894843,0.540312197173086,FALSE,FALSE
2002-10-26,Amundsen_Bellingshausen,3.973589939,0.2718996431343266,0.2718996431343266,0.540312197173086,FALSE,FALSE
2002-10-27,Amundsen_Bellingshausen,3.920161634,0.22678975729977813,0.22678975729977813,0.540312197173086,FALSE,FALSE
2002-10-28,Amundsen_Bellingshausen,3.877809635,0.19285671844969696,0.19285671844969696,0.540312197173086,FALSE,FALSE
2002-10-29,Amundsen_Bellingshausen,3.829420779,0.15305508824794467,0.15305508824794467,0.540312197173086,FALSE,FALSE
2002-10-30,Amundsen_Bellingshausen,3.819621968,0.15207949335838267,0.15207949335838267,0.540312197173086,FALSE,FALSE
2002-10-31,Amundsen_Bellingshausen,3.802328344,0.14390177498385048,0.14390177498385048,0.540312197173086,FALSE,FALSE
2002-11-01,Amundsen_Bellingshausen,3.781542627,0.13252708261396684,0.13252708261396684,0.540312197173086,FALSE,FALSE
2002-11-02,Amundsen_Bellingshausen,3.75621884,0.1168951991913132,0.1168951991913132,0.540312197173086,FALSE,FALSE
2002-11-03,Amundsen_Bellingshausen,3.720128993,0.09076389017725006,0.09076389017725006,0.540312197173086,FALSE,FALSE
2002-11-04,Amundsen_Bellingshausen,3.711772917,0.09261874203314324,0.09261874203314324,0.540312197173086,FALSE,FALSE
2002-11-05,Amundsen_Bellingshausen,3.717793972,0.10908887022035652,0.10908887022035652,0.540312197173086,FALSE,FALSE
2002-11-06,Amundsen_Bellingshausen,3.709126317,0.11109418920025592,0.11109418920025592,0.540312197173086,FALSE,FALSE
2002-11-07,Amundsen_Bellingshausen,3.69308518,0.10593568243420304,0.10593568243420304,0.540312197173086,FALSE,FALSE
2002-11-08,Amundsen_Bellingshausen,3.689146658,0.11307520238356394,0.11307520238356394,0.540312197173086,FALSE,FALSE
2002-11-09,Amundsen_Bellingshausen,3.692167493,0.12735524650970653,0.12735524650970653,0.540312197173086,FALSE,FALSE
2002-11-10,Amundsen_Bellingshausen,3.693330091,0.13994397627399202,0.13994397627399202,0.540312197173086,FALSE,FALSE
2002-11-11,Amundsen_Bellingshausen,3.690336618,0.1485293131377845,0.1485293131377845,0.540312197173086,FALSE,FALSE
2002-11-12,Amundsen_Bellingshausen,3.668625275,0.13853519274148196,0.13853519274148196,0.540312197173086,FALSE,FALSE
2002-11-13,Amundsen_Bellingshausen,3.654195661,0.13594579693036346,0.13594579693036346,0.540312197173086,FALSE,FALSE
2002-11-14,Amundsen_Bellingshausen,3.65601833,0.14971453116130462,0.14971453116130462,0.540312197173086,FALSE,FALSE
2002-11-15,Amundsen_Bellingshausen,3.638183013,0.14391383508016986,0.14391383508016986,0.540312197173086,FALSE,FALSE
2002-11-16,Amundsen_Bellingshausen,3.619946564,0.13778327133281776,0.13778327133281776,0.540312197173086,FALSE,FALSE
2002-11-17,Amundsen_Bellingshausen,3.599698927,0.12969549256510948,0.12969549256510948,0.540312197173086,FALSE,FALSE
2002-11-18,Amundsen_Bellingshausen,3.58315074,0.125343845422905,0.125343845422905,0.540312197173086,FALSE,FALSE
2002-11-19,Amundsen_Bellingshausen,3.573953626,0.12836266155206744,0.12836266155206744,0.540312197173086,FALSE,FALSE
2002-11-20,Amundsen_Bellingshausen,3.547833828,0.11446089259845273,0.11446089259845273,0.540312197173086,FALSE,FALSE
2002-11-21,Amundsen_Bellingshausen,3.50703634,0.08586624120792496,0.08586624120792496,0.540312197173086,FALSE,FALSE
2002-11-22,Amundsen_Bellingshausen,3.484016419,0.07501667302634596,0.07501667302634596,0.540312197173086,FALSE,FALSE
2002-11-23,Amundsen_Bellingshausen,3.478792424,0.0819132556995732,0.0819132556995732,0.540312197173086,FALSE,FALSE
2002-11-24,Amundsen_Bellingshausen,3.474315714,0.08949005687346823,0.08949005687346823,0.540312197173086,FALSE,FALSE
2002-11-25,Amundsen_Bellingshausen,3.470401895,0.09755012949801234,0.09755012949801234,0.540312197173086,FALSE,FALSE
2002-11-26,Amundsen_Bellingshausen,3.462338333,0.10140836230554084,0.10140836230554084,0.540312197173086,FALSE,FALSE
2002-11-27,Amundsen_Bellingshausen,3.459218303,0.1102057041707365,0.1102057041707365,0.540312197173086,FALSE,FALSE
2002-11-28,Amundsen_Bellingshausen,3.490542661,0.15349083760148918,0.15349083760148918,0.540312197173086,FALSE,FALSE
2002-11-29,Amundsen_Bellingshausen,3.529085714,0.2040858961056764,0.2040858961056764,0.540312197173086,FALSE,FALSE
2002-11-30,Amundsen_Bellingshausen,3.529759785,0.21695102919118492,0.21695102919118492,0.540312197173086,FALSE,FALSE
2002-12-01,Amundsen_Bellingshausen,3.543544149,0.24311333836589677,0.24311333836589677,0.540312197173086,FALSE,FALSE
2002-12-02,Amundsen_Bellingshausen,3.548508979,0.26069082313769565,0.26069082313769565,0.540312197173086,FALSE,FALSE
2002-12-03,Amundsen_Bellingshausen,3.553003621,0.27808065601446375,0.27808065601446375,0.540312197173086,FALSE,FALSE
2002-12-04,Amundsen_Bellingshausen,3.560121731,0.2984243195040883,0.2984243195040883,0.540312197173086,FALSE,FALSE
2002-12-05,Amundsen_Bellingshausen,3.550809008,0.3027153391144486,0.3027153391144486,0.540312197173086,FALSE,FALSE
2002-12-06,Amundsen_Bellingshausen,3.545687998,0.3116240873534313,0.3116240873534313,0.540312197173086,FALSE,FALSE
2002-12-07,Amundsen_Bellingshausen,3.524707216,0.30514697649473455,0.30514697649473455,0.540312197173086,FALSE,FALSE
2002-12-08,Amundsen_Bellingshausen,3.511814917,0.3073021267857601,0.3073021267857601,0.540312197173086,FALSE,FALSE
2002-12-09,Amundsen_Bellingshausen,3.530173324,0.34137460516031215,0.34137460516031215,0.540312197173086,FALSE,FALSE
2002-12-10,Amundsen_Bellingshausen,3.520130217,0.34784286168528356,0.34784286168528356,0.540312197173086,FALSE,FALSE
2002-12-11,Amundsen_Bellingshausen,3.505113825,0.3502657954275703,0.3502657954275703,0.540312197173086,FALSE,FALSE
2002-12-12,Amundsen_Bellingshausen,3.488198424,0.35184835245406365,0.35184835245406365,0.540312197173086,FALSE,FALSE
2002-12-13,Amundsen_Bellingshausen,3.467184815,0.3505220038316632,0.3505220038316632,0.540312197173086,FALSE,FALSE
2002-12-14,Amundsen_Bellingshausen,3.441060555,0.34540497662725667,0.34540497662725667,0.540312197173086,FALSE,FALSE
2002-12-15,Amundsen_Bellingshausen,3.430153818,0.3569561149077427,0.3569561149077427,0.540312197173086,FALSE,FALSE
2002-12-16,Amundsen_Bellingshausen,3.414414888,0.3652563727400153,0.3652563727400153,0.540312197173086,FALSE,FALSE
2002-12-17,Amundsen_Bellingshausen,3.416911362,0.3935040171909674,0.3935040171909674,0.540312197173086,FALSE,FALSE
2002-12-18,Amundsen_Bellingshausen,3.4135785,0.4177649783274937,0.4177649783274937,0.540312197173086,FALSE,FALSE
2002-12-19,Amundsen_Bellingshausen,3.402995986,0.4367496102164892,0.4367496102164892,0.540312197173086,FALSE,FALSE
2002-12-20,Amundsen_Bellingshausen,3.388302023,0.4537168410584047,0.4537168410584047,0.540312197173086,FALSE,FALSE
2002-12-21,Amundsen_Bellingshausen,3.365575172,0.4647087095461315,0.4647087095461315,0.540312197173086,FALSE,FALSE
2002-12-22,Amundsen_Bellingshausen,3.344873259,0.4796210011101474,0.4796210011101474,0.540312197173086,FALSE,FALSE
2002-12-23,Amundsen_Bellingshausen,3.319698796,0.4917906893732451,0.4917906893732451,0.540312197173086,FALSE,FALSE
2002-12-24,Amundsen_Bellingshausen,3.293854052,0.5048545049582054,0.5048545049582054,0.540312197173086,FALSE,FALSE
2002-12-25,Amundsen_Bellingshausen,3.286552861,0.5378607434878178,0.5378607434878178,0.540312197173086,FALSE,FALSE
2002-12-26,Amundsen_Bellingshausen,3.288563157,0.5814118005848692,0.5814118005848692,0.540312197173086,TRUE,TRUE
2002-12-27,Amundsen_Bellingshausen,3.283760845,0.6192180428721494,0.6192180428721494,0.540312197173086,TRUE,TRUE
2002-12-28,Amundsen_Bellingshausen,3.292374144,0.67134215097244,0.67134215097244,0.540312197173086,TRUE,TRUE
2002-12-29,Amundsen_Bellingshausen,3.289935959,0.7131514915085293,0.7131514915085293,0.540312197173086,TRUE,TRUE
2002-12-30,Amundsen_Bellingshausen,3.28430629,0.7523405261032106,0.7523405261032106,0.540312197173086,TRUE,TRUE
2002-12-31,Amundsen_Bellingshausen,3.280448383,0.7937069623792636,0.7937069623792636,0.540312197173086,TRUE,TRUE
2003-01-01,Amundsen_Bellingshausen,3.265100189,0.8238232129594758,0.8238232129594758,0.540312197173086,TRUE,TRUE
2003-01-02,Amundsen_Bellingshausen,3.258833638,0.8631024274726711,0.8631024274726711,0.540312197173086,TRUE,TRUE
2003-01-03,Amundsen_Bellingshausen,3.252538797,0.9023029245718116,0.9023029245718116,0.540312197173086,TRUE,TRUE
2003-01-04,Amundsen_Bellingshausen,3.246312118,0.9413961659159042,0.9413961659159042,0.540312197173086,TRUE,TRUE
2003-01-05,Amundsen_Bellingshausen,3.213918852,0.9540224121639388,0.9540224121639388,0.540312197173086,TRUE,TRUE
2003-01-06,Amundsen_Bellingshausen,3.168130675,0.9528283489749207,0.9528283489749207,0.540312197173086,TRUE,TRUE
2003-01-07,Amundsen_Bellingshausen,3.104079848,0.9328212470078454,0.9328212470078454,0.540312197173086,TRUE,TRUE
2003-01-08,Amundsen_Bellingshausen,3.082307863,0.9544176079217136,0.9544176079217136,0.540312197173086,TRUE,TRUE
2003-01-09,Amundsen_Bellingshausen,3.053009341,0.9676870623755254,0.9676870623755254,0.540312197173086,TRUE,TRUE
2003-01-10,Amundsen_Bellingshausen,2.989225188,0.9455455260282806,0.9455455260282806,0.540312197173086,TRUE,TRUE
2003-01-11,Amundsen_Bellingshausen,2.943236596,0.9401492005389778,0.9401492005389778,0.540312197173086,TRUE,TRUE
2003-01-12,Amundsen_Bellingshausen,2.881890846,0.9182203765666156,0.9182203765666156,0.540312197173086,TRUE,TRUE
2003-01-13,Amundsen_Bellingshausen,2.828790404,0.903236529770196,0.903236529770196,0.540312197173086,TRUE,TRUE
2003-01-14,Amundsen_Bellingshausen,2.775171672,0.8863110276230983,0.8863110276230983,0.540312197173086,TRUE,TRUE
2003-01-15,Amundsen_Bellingshausen,2.732871373,0.8792277426809556,0.8792277426809556,0.540312197173086,TRUE,TRUE
2003-01-16,Amundsen_Bellingshausen,2.726588674,0.9067209171270478,0.9067209171270478,0.540312197173086,TRUE,TRUE
2003-01-17,Amundsen_Bellingshausen,2.69766071,0.9101683218599774,0.9101683218599774,0.540312197173086,TRUE,TRUE
2003-01-18,Amundsen_Bellingshausen,2.669861025,0.9133841367783424,0.9133841367783424,0.540312197173086,TRUE,TRUE
2003-01-19,Amundsen_Bellingshausen,2.580319226,0.8535386047807443,0.8535386047807443,0.540312197173086,TRUE,TRUE
2003-01-20,Amundsen_Bellingshausen,2.53283047,0.8344675187657811,0.8344675187657811,0.540312197173086,TRUE,TRUE
2003-01-21,Amundsen_Bellingshausen,2.494473799,0.8232905566320547,0.8232905566320547,0.540312197173086,TRUE,TRUE
2003-01-22,Amundsen_Bellingshausen,2.458686688,0.8134858292781637,0.8134858292781637,0.540312197173086,TRUE,TRUE
2003-01-23,Amundsen_Bellingshausen,2.401097236,0.7807220716027081,0.7807220716027081,0.540312197173086,TRUE,TRUE
2003-01-24,Amundsen_Bellingshausen,2.364715558,0.7680500345042891,0.7680500345042891,0.540312197173086,TRUE,TRUE
2003-01-25,Amundsen_Bellingshausen,2.338171304,0.7641400038815047,0.7641400038815047,0.540312197173086,TRUE,TRUE
2003-01-26,Amundsen_Bellingshausen,2.285716019,0.7332841606329568,0.7332841606329568,0.540312197173086,TRUE,TRUE
2003-01-27,Amundsen_Bellingshausen,2.254278468,0.7224497015323552,0.7224497015323552,0.540312197173086,TRUE,TRUE
2003-01-28,Amundsen_Bellingshausen,2.215476888,0.7032783746205484,0.7032783746205484,0.540312197173086,TRUE,TRUE
2003-01-29,Amundsen_Bellingshausen,2.196306087,0.7027823119547232,0.7027823119547232,0.540312197173086,TRUE,TRUE
2003-01-30,Amundsen_Bellingshausen,2.180839956,0.7050527086618226,0.7050527086618226,0.540312197173086,TRUE,TRUE
2003-01-31,Amundsen_Bellingshausen,2.154169343,0.6951977168687962,0.6951977168687962,0.540312197173086,TRUE,TRUE
2003-02-01,Amundsen_Bellingshausen,2.129876247,0.6868166397025894,0.6868166397025894,0.540312197173086,TRUE,TRUE
2003-02-02,Amundsen_Bellingshausen,2.108858958,0.6808250712901489,0.6808250712901489,0.540312197173086,TRUE,TRUE
2003-02-03,Amundsen_Bellingshausen,2.090187746,0.6763105857584224,0.6763105857584224,0.540312197173086,TRUE,TRUE
2003-02-04,Amundsen_Bellingshausen,2.041832386,0.6412602622343577,0.6412602622343577,0.540312197173086,TRUE,TRUE
2003-02-05,Amundsen_Bellingshausen,2.000841012,0.6127395388448991,0.6127395388448991,0.540312197173086,TRUE,TRUE
2003-02-06,Amundsen_Bellingshausen,1.975956043,0.5995081387169952,0.5995081387169952,0.540312197173086,TRUE,TRUE
2003-02-07,Amundsen_Bellingshausen,1.976237767,0.6106436539775928,0.6106436539775928,0.540312197173086,TRUE,TRUE
2003-02-08,Amundsen_Bellingshausen,1.969075357,0.6135524761792035,0.6135524761792035,0.540312197173086,TRUE,TRUE
2003-02-09,Amundsen_Bellingshausen,1.950238837,0.6040105500532924,0.6040105500532924,0.540312197173086,TRUE,TRUE
2003-02-10,Amundsen_Bellingshausen,1.938409201,0.6006823216786792,0.6006823216786792,0.540312197173086,TRUE,TRUE
2003-02-11,Amundsen_Bellingshausen,1.935865882,0.6058280195844439,0.6058280195844439,0.540312197173086,TRUE,TRUE
2003-02-12,Amundsen_Bellingshausen,1.912179595,0.5889991542996642,0.5889991542996642,0.540312197173086,TRUE,TRUE
2003-02-13,Amundsen_Bellingshausen,1.903313067,0.5861392483534191,0.5861392483534191,0.540312197173086,TRUE,TRUE
2003-02-14,Amundsen_Bellingshausen,1.890621533,0.578584332274789,0.578584332274789,0.540312197173086,TRUE,TRUE
2003-02-15,Amundsen_Bellingshausen,1.883982599,0.5761928075928513,0.5761928075928513,0.540312197173086,TRUE,TRUE
2003-02-16,Amundsen_Bellingshausen,1.880179599,0.5757288038366841,0.5757288038366841,0.540312197173086,TRUE,TRUE
2003-02-17,Amundsen_Bellingshausen,1.875396655,0.5733572385353689,0.5733572385353689,0.540312197173086,TRUE,TRUE
2003-02-18,Amundsen_Bellingshausen,1.865370623,0.564795763217983,0.564795763217983,0.540312197173086,TRUE,TRUE
2003-02-19,Amundsen_Bellingshausen,1.838964687,0.5388883574136043,0.5388883574136043,0.540312197173086,FALSE,FALSE
2003-02-20,Amundsen_Bellingshausen,1.835657556,0.5350945256513135,0.5350945256513135,0.540312197173086,FALSE,FALSE
2003-02-21,Amundsen_Bellingshausen,1.818433524,0.5163826803964953,0.5163826803964953,0.540312197173086,FALSE,FALSE
2003-02-22,Amundsen_Bellingshausen,1.822191214,0.5176758491754219,0.5176758491754219,0.540312197173086,FALSE,FALSE
2003-02-23,Amundsen_Bellingshausen,1.817251822,0.5093464325600812,0.5093464325600812,0.540312197173086,FALSE,FALSE
2003-02-24,Amundsen_Bellingshausen,1.809254459,0.4970852305861379,0.4970852305861379,0.540312197173086,FALSE,FALSE
2003-02-25,Amundsen_Bellingshausen,1.789445633,0.47219044028924984,0.47219044028924984,0.540312197173086,FALSE,FALSE
2003-02-26,Amundsen_Bellingshausen,1.779139729,0.4560281357050786,0.4560281357050786,0.540312197173086,FALSE,FALSE
2003-02-27,Amundsen_Bellingshausen,1.765367413,0.4356806718692845,0.4356806718692845,0.540312197173086,FALSE,FALSE
2003-02-28,Amundsen_Bellingshausen,1.744198754,0.4072698068175291,0.4072698068175291,0.540312197173086,FALSE,FALSE
2003-03-01,Amundsen_Bellingshausen,1.726443912,0.38165738958547224,0.38165738958547224,0.540312197173086,FALSE,FALSE
2003-03-02,Amundsen_Bellingshausen,1.739258177,0.3860503992087747,0.3860503992087747,0.540312197173086,FALSE,FALSE
2003-03-03,Amundsen_Bellingshausen,1.73394318,0.37180215572309683,0.37180215572309683,0.540312197173086,FALSE,FALSE
2003-03-04,Amundsen_Bellingshausen,1.727404807,0.35587023416410024,0.35587023416410024,0.540312197173086,FALSE,FALSE
2003-03-05,Amundsen_Bellingshausen,1.740817074,0.3594803362403678,0.3594803362403678,0.540312197173086,FALSE,FALSE
2003-03-06,Amundsen_Bellingshausen,1.768134994,0.3766267843503006,0.3766267843503006,0.540312197173086,FALSE,FALSE
2003-03-07,Amundsen_Bellingshausen,1.76000223,0.3579522583275021,0.3579522583275021,0.540312197173086,FALSE,FALSE
2003-03-08,Amundsen_Bellingshausen,1.762860584,0.34988939114874973,0.34988939114874973,0.540312197173086,FALSE,FALSE
2003-03-09,Amundsen_Bellingshausen,1.781353792,0.3570727497908195,0.3570727497908195,0.540312197173086,FALSE,FALSE
2003-03-10,Amundsen_Bellingshausen,1.805891307,0.3699026182304888,0.3699026182304888,0.540312197173086,FALSE,FALSE
2003-03-11,Amundsen_Bellingshausen,1.816598077,0.368494775444534,0.368494775444534,0.540312197173086,FALSE,FALSE
2003-03-12,Amundsen_Bellingshausen,1.821429324,0.3607952744097316,0.3607952744097316,0.540312197173086,FALSE,FALSE
2003-03-13,Amundsen_Bellingshausen,1.852332067,0.37874196510285674,0.37874196510285674,0.540312197173086,FALSE,FALSE
2003-03-14,Amundsen_Bellingshausen,1.856543345,0.3695627175006888,0.3695627175006888,0.540312197173086,FALSE,FALSE
2003-03-15,Amundsen_Bellingshausen,1.843333578,0.34251878258000334,0.34251878258000334,0.540312197173086,FALSE,FALSE
2003-03-16,Amundsen_Bellingshausen,1.858585545,0.34348377031757504,0.34348377031757504,0.540312197173086,FALSE,FALSE
2003-03-17,Amundsen_Bellingshausen,1.892036067,0.3621853326901834,0.3621853326901834,0.540312197173086,FALSE,FALSE
2003-03-18,Amundsen_Bellingshausen,1.931558245,0.3864878924565618,0.3864878924565618,0.540312197173086,FALSE,FALSE
2003-03-19,Amundsen_Bellingshausen,2.008567853,0.4478108025833205,0.4478108025833205,0.540312197173086,FALSE,FALSE
2003-03-20,Amundsen_Bellingshausen,2.010816478,0.43392205017916985,0.43392205017916985,0.540312197173086,FALSE,FALSE
2003-03-21,Amundsen_Bellingshausen,2.040801642,0.4473361609931667,0.4473361609931667,0.540312197173086,FALSE,FALSE
2003-03-22,Amundsen_Bellingshausen,2.113517702,0.5030644957743677,0.5030644957743677,0.540312197173086,FALSE,FALSE
2003-03-23,Amundsen_Bellingshausen,2.146197413,0.5183568132718279,0.5183568132718279,0.540312197173086,FALSE,FALSE
2003-03-24,Amundsen_Bellingshausen,2.175020224,0.5294095662346072,0.5294095662346072,0.540312197173086,FALSE,FALSE
2003-03-25,Amundsen_Bellingshausen,2.205387648,0.5416412714117596,0.5416412714117596,0.540312197173086,TRUE,TRUE
2003-03-26,Amundsen_Bellingshausen,2.252612558,0.5703818055523422,0.5703818055523422,0.540312197173086,TRUE,TRUE
2003-03-27,Amundsen_Bellingshausen,2.286808288,0.5857615064054129,0.5857615064054129,0.540312197173086,TRUE,TRUE
2003-03-28,Amundsen_Bellingshausen,2.301067671,0.5808902107200271,0.5808902107200271,0.540312197173086,TRUE,TRUE
2003-03-29,Amundsen_Bellingshausen,2.328728492,0.589122707245241,0.589122707245241,0.540312197173086,TRUE,TRUE
2003-03-30,Amundsen_Bellingshausen,2.348584775,0.5892700237301118,0.5892700237301118,0.540312197173086,TRUE,TRUE
2003-03-31,Amundsen_Bellingshausen,2.370512406,0.5912220902966523,0.5912220902966523,0.540312197173086,TRUE,TRUE
2003-04-01,Amundsen_Bellingshausen,2.39988983,0.6003552186471091,0.6003552186471091,0.540312197173086,TRUE,TRUE
2003-04-02,Amundsen_Bellingshausen,2.421728178,0.6016729068581497,0.6016729068581497,0.540312197173086,TRUE,TRUE
2003-04-03,Amundsen_Bellingshausen,2.455308105,0.614448172459898,0.614448172459898,0.540312197173086,TRUE,TRUE
2003-04-04,Amundsen_Bellingshausen,2.496913202,0.6349569689824821,0.6349569689824821,0.540312197173086,TRUE,TRUE
2003-04-05,Amundsen_Bellingshausen,2.500575208,0.6172233979560269,0.6172233979560269,0.540312197173086,TRUE,TRUE
2003-04-06,Amundsen_Bellingshausen,2.522736091,0.6176817899106648,0.6176817899106648,0.540312197173086,TRUE,TRUE
2003-04-07,Amundsen_Bellingshausen,2.560841398,0.6337700543765179,0.6337700543765179,0.540312197173086,TRUE,TRUE
2003-04-08,Amundsen_Bellingshausen,2.608397176,0.6589866008837175,0.6589866008837175,0.540312197173086,TRUE,TRUE
2003-04-09,Amundsen_Bellingshausen,2.671944585,0.6998649519623883,0.6998649519623883,0.540312197173086,TRUE,TRUE
2003-04-10,Amundsen_Bellingshausen,2.710089971,0.7150038161426575,0.7150038161426575,0.540312197173086,TRUE,TRUE
2003-04-11,Amundsen_Bellingshausen,2.731865735,0.7134279569546531,0.7134279569546531,0.540312197173086,TRUE,TRUE
2003-04-12,Amundsen_Bellingshausen,2.766675984,0.7245338930352698,0.7245338930352698,0.540312197173086,TRUE,TRUE
2003-04-13,Amundsen_Bellingshausen,2.810548451,0.7443452688720971,0.7443452688720971,0.540312197173086,TRUE,TRUE
2003-04-14,Amundsen_Bellingshausen,2.863939216,0.7733198454252119,0.7733198454252119,0.540312197173086,TRUE,TRUE
2003-04-15,Amundsen_Bellingshausen,2.912522373,0.7971339365492525,0.7971339365492525,0.540312197173086,TRUE,TRUE
2003-04-16,Amundsen_Bellingshausen,2.986066805,0.8455586450988468,0.8455586450988468,0.540312197173086,TRUE,TRUE
2003-04-17,Amundsen_Bellingshausen,3.005858946,0.8398826249286322,0.8398826249286322,0.540312197173086,TRUE,TRUE
2003-04-18,Amundsen_Bellingshausen,3.034098242,0.8423075418932431,0.8423075418932431,0.540312197173086,TRUE,TRUE
2003-04-19,Amundsen_Bellingshausen,3.058723493,0.8407744158473114,0.8407744158473114,0.540312197173086,TRUE,TRUE
2003-04-20,Amundsen_Bellingshausen,3.094220883,0.8497716506454713,0.8497716506454713,0.540312197173086,TRUE,TRUE
2003-04-21,Amundsen_Bellingshausen,3.110723183,0.8394342371423558,0.8394342371423558,0.540312197173086,TRUE,TRUE
2003-04-22,Amundsen_Bellingshausen,3.117227532,0.8187615341926002,0.8187615341926002,0.540312197173086,TRUE,TRUE
2003-04-23,Amundsen_Bellingshausen,3.122121367,0.7961431986508392,0.7961431986508392,0.540312197173086,TRUE,TRUE
2003-04-24,Amundsen_Bellingshausen,3.124598368,0.7707751303717036,0.7707751303717036,0.540312197173086,TRUE,TRUE
2003-04-25,Amundsen_Bellingshausen,3.134592477,0.752597832377766,0.752597832377766,0.540312197173086,TRUE,TRUE
2003-04-26,Amundsen_Bellingshausen,3.14355846,0.7331138617711801,0.7331138617711801,0.540312197173086,TRUE,TRUE
2003-04-27,Amundsen_Bellingshausen,3.164247006,0.7251444826372055,0.7251444826372055,0.540312197173086,TRUE,TRUE
2003-04-28,Amundsen_Bellingshausen,3.2080959,0.7401982950652086,0.7401982950652086,0.540312197173086,TRUE,TRUE
2003-04-29,Amundsen_Bellingshausen,3.230239684,0.7334806561445513,0.7334806561445513,0.540312197173086,TRUE,TRUE
2003-04-30,Amundsen_Bellingshausen,3.235369327,0.7097533499645943,0.7097533499645943,0.540312197173086,TRUE,TRUE
2003-05-01,Amundsen_Bellingshausen,3.222969482,0.6685718446147004,0.6685718446147004,0.540312197173086,TRUE,TRUE
2003-05-02,Amundsen_Bellingshausen,3.211995679,0.6289624851842333,0.6289624851842333,0.540312197173086,TRUE,TRUE
2003-05-03,Amundsen_Bellingshausen,3.201426581,0.5899747497625558,0.5899747497625558,0.540312197173086,TRUE,TRUE
2003-05-04,Amundsen_Bellingshausen,3.220869712,0.5812869774390328,0.5812869774390328,0.540312197173086,TRUE,TRUE
2003-05-05,Amundsen_Bellingshausen,3.232350281,0.5649951923030234,0.5649951923030234,0.540312197173086,TRUE,TRUE
2003-05-06,Amundsen_Bellingshausen,3.235514756,0.5408166774438938,0.5408166774438938,0.540312197173086,TRUE,TRUE
2003-05-07,Amundsen_Bellingshausen,3.222932985,0.5013920569678767,0.5013920569678767,0.540312197173086,FALSE,FALSE
2003-05-08,Amundsen_Bellingshausen,3.207939998,0.4601054032791008,0.4601054032791008,0.540312197173086,FALSE,FALSE
2003-05-09,Amundsen_Bellingshausen,3.260045448,0.4864575681313608,0.4864575681313608,0.540312197173086,FALSE,FALSE
2003-05-10,Amundsen_Bellingshausen,3.285060366,0.4862412639136,0.4862412639136,0.540312197173086,FALSE,FALSE
2003-05-11,Amundsen_Bellingshausen,3.318234687,0.49468810701475663,0.49468810701475663,0.540312197173086,FALSE,FALSE
2003-05-12,Amundsen_Bellingshausen,3.330280436,0.4824918038237733,0.4824918038237733,0.540312197173086,FALSE,FALSE
2003-05-13,Amundsen_Bellingshausen,3.332461008,0.4608974307295921,0.4608974307295921,0.540312197173086,FALSE,FALSE
2003-05-14,Amundsen_Bellingshausen,3.311668081,0.4167783471211486,0.4167783471211486,0.540312197173086,FALSE,FALSE
2003-05-15,Amundsen_Bellingshausen,3.293053208,0.375267787387386,0.375267787387386,0.540312197173086,FALSE,FALSE
2003-05-16,Amundsen_Bellingshausen,3.318515992,0.37824703591724607,0.37824703591724607,0.540312197173086,FALSE,FALSE
2003-05-17,Amundsen_Bellingshausen,3.394695612,0.432336953099667,0.432336953099667,0.540312197173086,FALSE,FALSE
2003-05-18,Amundsen_Bellingshausen,3.447851566,0.46377871832359086,0.46377871832359086,0.540312197173086,FALSE,FALSE
2003-05-19,Amundsen_Bellingshausen,3.486246546,0.4808167049779568,0.4808167049779568,0.540312197173086,FALSE,FALSE
2003-05-20,Amundsen_Bellingshausen,3.522566629,0.4961187330610448,0.4961187330610448,0.540312197173086,FALSE,FALSE
2003-05-21,Amundsen_Bellingshausen,3.562335515,0.5151913697760797,0.5151913697760797,0.540312197173086,FALSE,FALSE
2003-05-22,Amundsen_Bellingshausen,3.580611377,0.5130766375259257,0.5130766375259257,0.540312197173086,FALSE,FALSE
2003-05-23,Amundsen_Bellingshausen,3.605422476,0.5177866797592734,0.5177866797592734,0.540312197173086,FALSE,FALSE
2003-05-24,Amundsen_Bellingshausen,3.648758875,0.5412954419248188,0.5412954419248188,0.540312197173086,TRUE,FALSE
2003-05-25,Amundsen_Bellingshausen,3.673815179,0.5467814114712533,0.5467814114712533,0.540312197173086,TRUE,FALSE
2003-05-26,Amundsen_Bellingshausen,3.681782604,0.5354196868472689,0.5354196868472689,0.540312197173086,FALSE,FALSE
2003-05-27,Amundsen_Bellingshausen,3.665180776,0.49971377650155935,0.49971377650155935,0.540312197173086,FALSE,FALSE
2003-05-28,Amundsen_Bellingshausen,3.650260334,0.4658982018828173,0.4658982018828173,0.540312197173086,FALSE,FALSE
2003-05-29,Amundsen_Bellingshausen,3.62752063,0.4244561974397363,0.4244561974397363,0.540312197173086,FALSE,FALSE
2003-05-30,Amundsen_Bellingshausen,3.610620724,0.3890307056210074,0.3890307056210074,0.540312197173086,FALSE,FALSE
2003-05-31,Amundsen_Bellingshausen,3.576629039,0.3366740318753241,0.3366740318753241,0.540312197173086,FALSE,FALSE
2003-06-01,Amundsen_Bellingshausen,3.544678867,0.28650335065137833,0.28650335065137833,0.540312197173086,FALSE,FALSE
2003-06-02,Amundsen_Bellingshausen,3.528189771,0.251930275667259,0.251930275667259,0.540312197173086,FALSE,FALSE
2003-06-03,Amundsen_Bellingshausen,3.542809427,0.24863077028988068,0.24863077028988068,0.540312197173086,FALSE,FALSE
2003-06-04,Amundsen_Bellingshausen,3.631165509,0.31927084101191294,0.31927084101191294,0.540312197173086,FALSE,FALSE
2003-06-05,Amundsen_Bellingshausen,3.683795784,0.35442658769812585,0.35442658769812585,0.540312197173086,FALSE,FALSE
2003-06-06,Amundsen_Bellingshausen,3.704699683,0.35813577421328446,0.35813577421328446,0.540312197173086,FALSE,FALSE
2003-06-07,Amundsen_Bellingshausen,3.707250988,0.34381051542215735,0.34381051542215735,0.540312197173086,FALSE,FALSE
2003-06-08,Amundsen_Bellingshausen,3.707124773,0.32716421818951247,0.32716421818951247,0.540312197173086,FALSE,FALSE
2003-06-09,Amundsen_Bellingshausen,3.734969479,0.3388836563801165,0.3388836563801165,0.540312197173086,FALSE,FALSE
2003-06-10,Amundsen_Bellingshausen,3.786262489,0.3744845458587389,0.3744845458587389,0.540312197173086,FALSE,FALSE
2003-06-11,Amundsen_Bellingshausen,3.835893505,0.40889492149014384,0.40889492149014384,0.540312197173086,FALSE,FALSE
2003-06-12,Amundsen_Bellingshausen,3.846186593,0.40447718213909933,0.40447718213909933,0.540312197173086,FALSE,FALSE
2003-06-13,Amundsen_Bellingshausen,3.831804515,0.37593242267037574,0.37593242267037574,0.540312197173086,FALSE,FALSE
2003-06-14,Amundsen_Bellingshausen,3.829030864,0.35958154522324026,0.35958154522324026,0.540312197173086,FALSE,FALSE
2003-06-15,Amundsen_Bellingshausen,3.846380158,0.3639312468714024,0.3639312468714024,0.540312197173086,FALSE,FALSE
2003-06-16,Amundsen_Bellingshausen,3.881450494,0.3865098917547716,0.3865098917547716,0.540312197173086,FALSE,FALSE
2003-06-17,Amundsen_Bellingshausen,3.899153108,0.39215449738808594,0.39215449738808594,0.540312197173086,FALSE,FALSE
2003-06-18,Amundsen_Bellingshausen,3.931319074,0.4126219192860851,0.4126219192860851,0.540312197173086,FALSE,FALSE
2003-06-19,Amundsen_Bellingshausen,3.957613316,0.4275028629635118,0.4275028629635118,0.540312197173086,FALSE,FALSE
2003-06-20,Amundsen_Bellingshausen,3.945771231,0.40445850693510454,0.40445850693510454,0.540312197173086,FALSE,FALSE
2003-06-21,Amundsen_Bellingshausen,3.904666062,0.35228787571560627,0.35228787571560627,0.540312197173086,FALSE,FALSE
2003-06-22,Amundsen_Bellingshausen,3.889054825,0.3256737668197558,0.3256737668197558,0.540312197173086,FALSE,FALSE
2003-06-23,Amundsen_Bellingshausen,3.887895026,0.31349946776229487,0.31349946776229487,0.540312197173086,FALSE,FALSE
2003-06-24,Amundsen_Bellingshausen,3.868339568,0.2828436630579625,0.2828436630579625,0.540312197173086,FALSE,FALSE
2003-06-25,Amundsen_Bellingshausen,3.854682584,0.2579262672215008,0.2579262672215008,0.540312197173086,FALSE,FALSE
2003-06-26,Amundsen_Bellingshausen,3.836329411,0.22807839876764868,0.22807839876764868,0.540312197173086,FALSE,FALSE
2003-06-27,Amundsen_Bellingshausen,3.833854899,0.21380979964939417,0.21380979964939417,0.540312197173086,FALSE,FALSE
2003-06-28,Amundsen_Bellingshausen,3.829763454,0.1976286108946388,0.1976286108946388,0.540312197173086,FALSE,FALSE
2003-06-29,Amundsen_Bellingshausen,3.820966529,0.17648147763831057,0.17648147763831057,0.540312197173086,FALSE,FALSE
2003-06-30,Amundsen_Bellingshausen,3.819291808,0.16223143775238524,0.16223143775238524,0.540312197173086,FALSE,FALSE
2003-07-01,Amundsen_Bellingshausen,3.79487326,0.12504781410884114,0.12504781410884114,0.540312197173086,FALSE,FALSE
2003-07-02,Amundsen_Bellingshausen,3.762123021,0.079378096579652,0.079378096579652,0.540312197173086,FALSE,FALSE
2003-07-03,Amundsen_Bellingshausen,3.752683897,0.05690044503679559,0.05690044503679559,0.540312197173086,FALSE,FALSE
2003-07-04,Amundsen_Bellingshausen,3.757785224,0.04887954935225025,0.04887954935225025,0.540312197173086,FALSE,FALSE
2003-07-05,Amundsen_Bellingshausen,3.771040799,0.04896456039798735,0.04896456039798735,0.540312197173086,FALSE,FALSE
2003-07-06,Amundsen_Bellingshausen,3.798147528,0.06288773804598691,0.06288773804598691,0.540312197173086,FALSE,FALSE
2003-07-07,Amundsen_Bellingshausen,3.817255016,0.06883404116822645,0.06883404116822645,0.540312197173086,FALSE,FALSE
2003-07-08,Amundsen_Bellingshausen,3.825210605,0.06368616563668006,0.06368616563668006,0.540312197173086,FALSE,FALSE
2003-07-09,Amundsen_Bellingshausen,3.853313489,0.07877862300991101,0.07877862300991101,0.540312197173086,FALSE,FALSE
2003-07-10,Amundsen_Bellingshausen,3.869109528,0.08168552805548313,0.08168552805548313,0.540312197173086,FALSE,FALSE
2003-07-11,Amundsen_Bellingshausen,3.921582484,0.12140344080334042,0.12140344080334042,0.540312197173086,FALSE,FALSE
2003-07-12,Amundsen_Bellingshausen,3.981780957,0.1689917137958612,0.1689917137958612,0.540312197173086,FALSE,FALSE
2003-07-13,Amundsen_Bellingshausen,4.002461752,0.17721790457542363,0.17721790457542363,0.540312197173086,FALSE,FALSE
2003-07-14,Amundsen_Bellingshausen,3.992405991,0.15487388768440802,0.15487388768440802,0.540312197173086,FALSE,FALSE
2003-07-15,Amundsen_Bellingshausen,3.972959373,0.12331611466519464,0.12331611466519464,0.540312197173086,FALSE,FALSE
2003-07-16,Amundsen_Bellingshausen,3.953239432,0.09167287206015828,0.09167287206015828,0.540312197173086,FALSE,FALSE
2003-07-17,Amundsen_Bellingshausen,3.920007734,0.04671647841167958,0.04671647841167958,0.540312197173086,FALSE,FALSE
2003-07-18,Amundsen_Bellingshausen,3.891079676,0.00627308326214226,0.00627308326214226,0.540312197173086,FALSE,FALSE
2003-07-19,Amundsen_Bellingshausen,3.858729337,-0.03737248184608166,0.03737248184608166,0.540312197173086,FALSE,FALSE
2003-07-20,Amundsen_Bellingshausen,3.875847908,-0.03131827337061343,0.03131827337061343,0.540312197173086,FALSE,FALSE
2003-07-21,Amundsen_Bellingshausen,3.925646969,0.00765804123093127,0.00765804123093127,0.540312197173086,FALSE,FALSE
2003-07-22,Amundsen_Bellingshausen,3.951425543,0.02286651745500467,0.02286651745500467,0.540312197173086,FALSE,FALSE
2003-07-23,Amundsen_Bellingshausen,4.008166264,0.06930468580755322,0.06930468580755322,0.540312197173086,FALSE,FALSE
2003-07-24,Amundsen_Bellingshausen,4.021925077,0.07304620442438958,0.07304620442438958,0.540312197173086,FALSE,FALSE
2003-07-25,Amundsen_Bellingshausen,3.993606428,0.03501329633345085,0.03501329633345085,0.540312197173086,FALSE,FALSE
2003-07-26,Amundsen_Bellingshausen,3.970242541,0.00225596256267435,0.00225596256267435,0.540312197173086,FALSE,FALSE
2003-07-27,Amundsen_Bellingshausen,3.955521362,-0.02152007385999788,0.02152007385999788,0.540312197173086,FALSE,FALSE
2003-07-28,Amundsen_Bellingshausen,3.993354629,0.00761470209336367,0.00761470209336367,0.540312197173086,FALSE,FALSE
2003-07-29,Amundsen_Bellingshausen,4.02442081,0.03035653545070271,0.03035653545070271,0.540312197173086,FALSE,FALSE
2003-07-30,Amundsen_Bellingshausen,4.021344367,0.0193476652399509,0.0193476652399509,0.540312197173086,FALSE,FALSE
2003-07-31,Amundsen_Bellingshausen,3.977325784,-0.03219364751094877,0.03219364751094877,0.540312197173086,FALSE,FALSE
2003-08-01,Amundsen_Bellingshausen,3.951129937,-0.06548474977405849,0.06548474977405849,0.540312197173086,FALSE,FALSE
2003-08-02,Amundsen_Bellingshausen,3.938293903,-0.08497078752144649,0.08497078752144649,0.540312197173086,FALSE,FALSE
2003-08-03,Amundsen_Bellingshausen,3.907911288,-0.12154037825266162,0.12154037825266162,0.540312197173086,FALSE,FALSE
2003-08-04,Amundsen_Bellingshausen,3.905145478,-0.13002659960063712,0.13002659960063712,0.540312197173086,FALSE,FALSE
2003-08-05,Amundsen_Bellingshausen,3.925642105,-0.11483165286009324,0.11483165286009324,0.540312197173086,FALSE,FALSE
2003-08-06,Amundsen_Bellingshausen,3.908965788,-0.13645033179706578,0.13645033179706578,0.540312197173086,FALSE,FALSE
2003-08-07,Amundsen_Bellingshausen,3.89096548,-0.15909309617760226,0.15909309617760226,0.540312197173086,FALSE,FALSE
2003-08-08,Amundsen_Bellingshausen,3.866339635,-0.18812090476774035,0.18812090476774035,0.540312197173086,FALSE,FALSE
2003-08-09,Amundsen_Bellingshausen,3.840668057,-0.2180133663335284,0.2180133663335284,0.540312197173086,FALSE,FALSE
2003-08-10,Amundsen_Bellingshausen,3.80796465,-0.2548159896410076,0.2548159896410076,0.540312197173086,FALSE,FALSE
2003-08-11,Amundsen_Bellingshausen,3.778480466,-0.28833713545621587,0.28833713545621587,0.540312197173086,FALSE,FALSE
2003-08-12,Amundsen_Bellingshausen,3.783548324,-0.28730339754520173,0.28730339754520173,0.540312197173086,FALSE,FALSE
2003-08-13,Amundsen_Bellingshausen,3.795022517,-0.27991989567400344,0.27991989567400344,0.540312197173086,FALSE,FALSE
2003-08-14,Amundsen_Bellingshausen,3.812201115,-0.26694797260866787,0.26694797260866787,0.540312197173086,FALSE,FALSE
2003-08-15,Amundsen_Bellingshausen,3.820515289,-0.26301587011523564,0.26301587011523564,0.540312197173086,FALSE,FALSE
2003-08-16,Amundsen_Bellingshausen,3.803209592,-0.28493628632025914,0.28493628632025914,0.540312197173086,FALSE,FALSE
2003-08-17,Amundsen_Bellingshausen,3.766321321,-0.32666492634771815,0.32666492634771815,0.540312197173086,FALSE,FALSE
2003-08-18,Amundsen_Bellingshausen,3.699295002,-0.39867672827104306,0.39867672827104306,0.540312197173086,FALSE,FALSE
2003-08-19,Amundsen_Bellingshausen,3.642484054,-0.4605337070883917,0.4605337070883917,0.540312197173086,FALSE,FALSE
2003-08-20,Amundsen_Bellingshausen,3.647689678,-0.46035009579792874,0.46035009579792874,0.540312197173086,FALSE,FALSE
2003-08-21,Amundsen_Bellingshausen,3.662786259,-0.4501669433978228,0.4501669433978228,0.540312197173086,FALSE,FALSE
2003-08-22,Amundsen_Bellingshausen,3.691997756,-0.4256757248862328,0.4256757248862328,0.540312197173086,FALSE,FALSE
2003-08-23,Amundsen_Bellingshausen,3.773841308,-0.34827473526132513,0.34827473526132513,0.540312197173086,FALSE,FALSE
2003-08-24,Amundsen_Bellingshausen,3.849946652,-0.27624967152126256,0.27624967152126256,0.540312197173086,FALSE,FALSE
2003-08-25,Amundsen_Bellingshausen,3.915526044,-0.21430371166420592,0.21430371166420592,0.540312197173086,FALSE,FALSE
2003-08-26,Amundsen_Bellingshausen,3.947307816,-0.1856239576883296,0.1856239576883296,0.540312197173086,FALSE,FALSE
2003-08-27,Amundsen_Bellingshausen,3.918367132,-0.21705067959178329,0.21705067959178329,0.540312197173086,FALSE,FALSE
2003-08-28,Amundsen_Bellingshausen,3.901988691,-0.2352146123727432,0.2352146123727432,0.540312197173086,FALSE,FALSE
2003-08-29,Amundsen_Bellingshausen,3.882290629,-0.25592804550637993,0.25592804550637993,0.540312197173086,FALSE,FALSE
2003-08-30,Amundsen_Bellingshausen,3.855482546,-0.2830029181077576,0.2830029181077576,0.540312197173086,FALSE,FALSE
2003-08-31,Amundsen_Bellingshausen,3.826879494,-0.3111799515889855,0.3111799515889855,0.540312197173086,FALSE,FALSE
2003-09-01,Amundsen_Bellingshausen,3.807501949,-0.32949450476725906,0.32949450476725906,0.540312197173086,FALSE,FALSE
2003-09-02,Amundsen_Bellingshausen,3.785553864,-0.3497984594597816,0.3497984594597816,0.540312197173086,FALSE,FALSE
2003-09-03,Amundsen_Bellingshausen,3.781615405,-0.35156748448374486,0.35156748448374486,0.540312197173086,FALSE,FALSE
2003-09-04,Amundsen_Bellingshausen,3.756945783,-0.3735982036563508,0.3735982036563508,0.540312197173086,FALSE,FALSE
2003-09-05,Amundsen_Bellingshausen,3.803640456,-0.3238509937947951,0.3238509937947951,0.540312197173086,FALSE,FALSE
2003-09-06,Amundsen_Bellingshausen,3.812156704,-0.3119244097162768,0.3119244097162768,0.540312197173086,FALSE,FALSE
2003-09-07,Amundsen_Bellingshausen,3.813524146,-0.30684466723799275,0.30684466723799275,0.540312197173086,FALSE,FALSE
2003-09-08,Amundsen_Bellingshausen,3.860477044,-0.25593333917714434,0.25593333917714434,0.540312197173086,FALSE,FALSE
2003-09-09,Amundsen_Bellingshausen,3.884819503,-0.2274421553509276,0.2274421553509276,0.540312197173086,FALSE,FALSE
2003-09-10,Amundsen_Bellingshausen,3.865408116,-0.2425701010505601,0.2425701010505601,0.540312197173086,FALSE,FALSE
2003-09-11,Amundsen_Bellingshausen,3.853581175,-0.2500101101354031,0.2500101101354031,0.540312197173086,FALSE,FALSE
2003-09-12,Amundsen_Bellingshausen,3.91173934,-0.18734868010771025,0.18734868010771025,0.540312197173086,FALSE,FALSE
2003-09-13,Amundsen_Bellingshausen,3.985943833,-0.108507106455916,0.108507106455916,0.540312197173086,FALSE,FALSE
2003-09-14,Amundsen_Bellingshausen,4.033294892,-0.05636766866845377,0.05636766866845377,0.540312197173086,FALSE,FALSE
2003-09-15,Amundsen_Bellingshausen,4.045927252,-0.03877814923377087,0.03877814923377087,0.540312197173086,FALSE,FALSE
2003-09-16,Amundsen_Bellingshausen,4.005937702,-0.07362427664029791,0.07362427664029791,0.540312197173086,FALSE,FALSE
2003-09-17,Amundsen_Bellingshausen,3.969589512,-0.1046252983764746,0.1046252983764746,0.540312197173086,FALSE,FALSE
2003-09-18,Amundsen_Bellingshausen,3.936245575,-0.1324008389307414,0.1324008389307414,0.540312197173086,FALSE,FALSE
2003-09-19,Amundsen_Bellingshausen,3.901497323,-0.1613419837915302,0.1613419837915302,0.540312197173086,FALSE,FALSE
2003-09-20,Amundsen_Bellingshausen,3.868899446,-0.1878765604472794,0.1878765604472794,0.540312197173086,FALSE,FALSE
2003-09-21,Amundsen_Bellingshausen,3.81988879,-0.23055024038643035,0.23055024038643035,0.540312197173086,FALSE,FALSE
2003-09-22,Amundsen_Bellingshausen,3.771727083,-0.272083813097419,0.272083813097419,0.540312197173086,FALSE,FALSE
2003-09-23,Amundsen_Bellingshausen,3.728445774,-0.30842892814387035,0.30842892814387035,0.540312197173086,FALSE,FALSE
2003-09-24,Amundsen_Bellingshausen,3.685772617,-0.3438471511530623,0.3438471511530623,0.540312197173086,FALSE,FALSE
2003-09-25,Amundsen_Bellingshausen,3.639505885,-0.38253330254509166,0.38253330254509166,0.540312197173086,FALSE,FALSE
2003-09-26,Amundsen_Bellingshausen,3.599631222,-0.4144948846905461,0.4144948846905461,0.540312197173086,FALSE,FALSE
2003-09-27,Amundsen_Bellingshausen,3.567028332,-0.4388453399600034,0.4388453399600034,0.540312197173086,FALSE,FALSE
2003-09-28,Amundsen_Bellingshausen,3.54207015,-0.4552048797240475,0.4552048797240475,0.540312197173086,FALSE,FALSE
2003-09-29,Amundsen_Bellingshausen,3.512048088,-0.47627523835325825,0.47627523835325825,0.540312197173086,FALSE,FALSE
2003-09-30,Amundsen_Bellingshausen,3.465529357,-0.5134823512182205,0.5134823512182205,0.540312197173086,FALSE,FALSE
2003-10-01,Amundsen_Bellingshausen,3.439215423,-0.5301178986895114,0.5301178986895114,0.540312197173086,FALSE,FALSE
2003-10-02,Amundsen_Bellingshausen,3.443072059,-0.5162092541377152,0.5162092541377152,0.540312197173086,FALSE,FALSE
2003-10-03,Amundsen_Bellingshausen,3.445229012,-0.5036198169334121,0.5036198169334121,0.540312197173086,FALSE,FALSE
2003-10-04,Amundsen_Bellingshausen,3.443249273,-0.494779742447184,0.494779742447184,0.540312197173086,FALSE,FALSE
2003-10-05,Amundsen_Bellingshausen,3.436643601,-0.4901714331578475,0.4901714331578475,0.540312197173086,FALSE,FALSE
2003-10-06,Amundsen_Bellingshausen,3.439444413,-0.4757739089106914,0.4757739089106914,0.540312197173086,FALSE,FALSE
2003-10-07,Amundsen_Bellingshausen,3.467124883,-0.43617919044240194,0.43617919044240194,0.540312197173086,FALSE,FALSE
2003-10-08,Amundsen_Bellingshausen,3.49693876,-0.3942085583898786,0.3942085583898786,0.540312197173086,FALSE,FALSE
2003-10-09,Amundsen_Bellingshausen,3.532994105,-0.3458289813900257,0.3458289813900257,0.540312197173086,FALSE,FALSE
2003-10-10,Amundsen_Bellingshausen,3.57532116,-0.2910852470797507,0.2910852470797507,0.540312197173086,FALSE,FALSE
2003-10-11,Amundsen_Bellingshausen,3.56606437,-0.28790794009595366,0.28790794009595366,0.540312197173086,FALSE,FALSE
2003-10-12,Amundsen_Bellingshausen,3.55185354,-0.28974228507553734,0.28974228507553734,0.540312197173086,FALSE,FALSE
2003-10-13,Amundsen_Bellingshausen,3.538132536,-0.291219445655408,0.291219445655408,0.540312197173086,FALSE,FALSE
2003-10-14,Amundsen_Bellingshausen,3.522706748,-0.2946090614724648,0.2946090614724648,0.540312197173086,FALSE,FALSE
2003-10-15,Amundsen_Bellingshausen,3.495740497,-0.30982184116361555,0.30982184116361555,0.540312197173086,FALSE,FALSE
2003-10-16,Amundsen_Bellingshausen,3.500061522,-0.2941050753657617,0.2941050753657617,0.540312197173086,FALSE,FALSE
2003-10-17,Amundsen_Bellingshausen,3.493943089,-0.2892605277158067,0.2892605277158067,0.540312197173086,FALSE,FALSE
2003-10-18,Amundsen_Bellingshausen,3.481438526,-0.2913066074116779,0.2913066074116779,0.540312197173086,FALSE,FALSE
2003-10-19,Amundsen_Bellingshausen,3.464043175,-0.29874977922299584,0.29874977922299584,0.540312197173086,FALSE,FALSE
2003-10-20,Amundsen_Bellingshausen,3.461861311,-0.29142072036072975,0.29142072036072975,0.540312197173086,FALSE,FALSE
2003-10-21,Amundsen_Bellingshausen,3.442758737,-0.3013859031610182,0.3013859031610182,0.540312197173086,FALSE,FALSE
2003-10-22,Amundsen_Bellingshausen,3.415066816,-0.320246239960003,0.320246239960003,0.540312197173086,FALSE,FALSE
2003-10-23,Amundsen_Bellingshausen,3.398998488,-0.32772106609381924,0.32772106609381924,0.540312197173086,FALSE,FALSE
2003-10-24,Amundsen_Bellingshausen,3.365734677,-0.35256173289861126,0.35256173289861126,0.540312197173086,FALSE,FALSE
2003-10-25,Amundsen_Bellingshausen,3.338242136,-0.37173376271051595,0.37173376271051595,0.540312197173086,FALSE,FALSE
2003-10-26,Amundsen_Bellingshausen,3.301003512,-0.4006867838656736,0.4006867838656736,0.540312197173086,FALSE,FALSE
2003-10-27,Amundsen_Bellingshausen,3.279018839,-0.4143530377002218,0.4143530377002218,0.540312197173086,FALSE,FALSE
2003-10-28,Amundsen_Bellingshausen,3.271934974,-0.4130179425503031,0.4130179425503031,0.540312197173086,FALSE,FALSE
2003-10-29,Amundsen_Bellingshausen,3.2909591,-0.3854065907520554,0.3854065907520554,0.540312197173086,FALSE,FALSE
2003-10-30,Amundsen_Bellingshausen,3.287702416,-0.3798400586416171,0.3798400586416171,0.540312197173086,FALSE,FALSE
2003-10-31,Amundsen_Bellingshausen,3.296405847,-0.36202072201614977,0.36202072201614977,0.540312197173086,FALSE,FALSE
2003-11-01,Amundsen_Bellingshausen,3.284961333,-0.364054211386033,0.364054211386033,0.540312197173086,FALSE,FALSE
2003-11-02,Amundsen_Bellingshausen,3.273670265,-0.3656533758086869,0.3656533758086869,0.540312197173086,FALSE,FALSE
2003-11-03,Amundsen_Bellingshausen,3.261112466,-0.36825263682274967,0.36825263682274967,0.540312197173086,FALSE,FALSE
2003-11-04,Amundsen_Bellingshausen,3.258014522,-0.3611396529668567,0.3611396529668567,0.540312197173086,FALSE,FALSE
2003-11-05,Amundsen_Bellingshausen,3.249448207,-0.3592568947796435,0.3592568947796435,0.540312197173086,FALSE,FALSE
2003-11-06,Amundsen_Bellingshausen,3.247015705,-0.3510164227997441,0.3510164227997441,0.540312197173086,FALSE,FALSE
2003-11-07,Amundsen_Bellingshausen,3.240579659,-0.3465698385657974,0.3465698385657974,0.540312197173086,FALSE,FALSE
2003-11-08,Amundsen_Bellingshausen,3.241070217,-0.33500123861643605,0.33500123861643605,0.540312197173086,FALSE,FALSE
2003-11-09,Amundsen_Bellingshausen,3.255332113,-0.30948013349029324,0.30948013349029324,0.540312197173086,FALSE,FALSE
2003-11-10,Amundsen_Bellingshausen,3.259825274,-0.29356084072600774,0.29356084072600774,0.540312197173086,FALSE,FALSE
2003-11-11,Amundsen_Bellingshausen,3.274578735,-0.26722856986221544,0.26722856986221544,0.540312197173086,FALSE,FALSE
2003-11-12,Amundsen_Bellingshausen,3.283037625,-0.2470524572585182,0.2470524572585182,0.540312197173086,FALSE,FALSE
2003-11-13,Amundsen_Bellingshausen,3.293571617,-0.22467824706963668,0.22467824706963668,0.540312197173086,FALSE,FALSE
2003-11-14,Amundsen_Bellingshausen,3.306118669,-0.20018512983869563,0.20018512983869563,0.540312197173086,FALSE,FALSE
2003-11-15,Amundsen_Bellingshausen,3.322579557,-0.17168962091982998,0.17168962091982998,0.540312197173086,FALSE,FALSE
2003-11-16,Amundsen_Bellingshausen,3.326971414,-0.15519187866718245,0.15519187866718245,0.540312197173086,FALSE,FALSE
2003-11-17,Amundsen_Bellingshausen,3.313691139,-0.15631229543489056,0.15631229543489056,0.540312197173086,FALSE,FALSE
2003-11-18,Amundsen_Bellingshausen,3.303962283,-0.1538446115770946,0.1538446115770946,0.540312197173086,FALSE,FALSE
2003-11-19,Amundsen_Bellingshausen,3.291752629,-0.1538383354479329,0.1538383354479329,0.540312197173086,FALSE,FALSE
2003-11-20,Amundsen_Bellingshausen,3.280431782,-0.15294115340154724,0.15294115340154724,0.540312197173086,FALSE,FALSE
2003-11-21,Amundsen_Bellingshausen,3.287781709,-0.13338838979207512,0.13338838979207512,0.540312197173086,FALSE,FALSE
2003-11-22,Amundsen_Bellingshausen,3.281195354,-0.12780439197365423,0.12780439197365423,0.540312197173086,FALSE,FALSE
2003-11-23,Amundsen_Bellingshausen,3.268519135,-0.12836003330042667,0.12836003330042667,0.540312197173086,FALSE,FALSE
2003-11-24,Amundsen_Bellingshausen,3.255969733,-0.12885592412653146,0.12885592412653146,0.540312197173086,FALSE,FALSE
2003-11-25,Amundsen_Bellingshausen,3.231976449,-0.14087531650198803,0.14087531650198803,0.540312197173086,FALSE,FALSE
2003-11-26,Amundsen_Bellingshausen,3.214648492,-0.1462814786944593,0.1462814786944593,0.540312197173086,FALSE,FALSE
2003-11-27,Amundsen_Bellingshausen,3.212545989,-0.1364666098292635,0.1364666098292635,0.540312197173086,FALSE,FALSE
2003-11-28,Amundsen_Bellingshausen,3.210416375,-0.12663544839851104,0.12663544839851104,0.540312197173086,FALSE,FALSE
2003-11-29,Amundsen_Bellingshausen,3.203691996,-0.12130782189432354,0.12130782189432354,0.540312197173086,FALSE,FALSE
2003-11-30,Amundsen_Bellingshausen,3.190592173,-0.12221658280881488,0.12221658280881488,0.540312197173086,FALSE,FALSE
2003-12-01,Amundsen_Bellingshausen,3.191897379,-0.10853343163410356,0.10853343163410356,0.540312197173086,FALSE,FALSE
2003-12-02,Amundsen_Bellingshausen,3.201872153,-0.08594600286230447,0.08594600286230447,0.540312197173086,FALSE,FALSE
2003-12-03,Amundsen_Bellingshausen,3.211631084,-0.06329188098553606,0.06329188098553606,0.540312197173086,FALSE,FALSE
2003-12-04,Amundsen_Bellingshausen,3.206507649,-0.05518976249591167,0.05518976249591167,0.540312197173086,FALSE,FALSE
2003-12-05,Amundsen_Bellingshausen,3.190880061,-0.05721360788555119,0.05721360788555119,0.540312197173086,FALSE,FALSE
2003-12-06,Amundsen_Bellingshausen,3.175792497,-0.05827141364656851,0.05827141364656851,0.540312197173086,FALSE,FALSE
2003-12-07,Amundsen_Bellingshausen,3.160836362,-0.05872387750526542,0.05872387750526542,0.540312197173086,FALSE,FALSE
2003-12-08,Amundsen_Bellingshausen,3.149379155,-0.05513363521423997,0.05513363521423997,0.540312197173086,FALSE,FALSE
2003-12-09,Amundsen_Bellingshausen,3.139480004,-0.04931871483968786,0.04931871483968786,0.540312197173086,FALSE,FALSE
2003-12-10,Amundsen_Bellingshausen,3.134763124,-0.0375242313147166,0.0375242313147166,0.540312197173086,FALSE,FALSE
2003-12-11,Amundsen_Bellingshausen,3.137121965,-0.01772606457242975,0.01772606457242975,0.540312197173086,FALSE,FALSE
2003-12-12,Amundsen_Bellingshausen,3.129554612,-0.0067954595459363,0.0067954595459363,0.540312197173086,FALSE,FALSE
2003-12-13,Amundsen_Bellingshausen,3.127907756,0.01124494483166316,0.01124494483166316,0.540312197173086,FALSE,FALSE
2003-12-14,Amundsen_Bellingshausen,3.124394804,0.02873922562725672,0.02873922562725672,0.540312197173086,FALSE,FALSE
2003-12-15,Amundsen_Bellingshausen,3.113566628,0.0403689249077428,0.0403689249077428,0.540312197173086,FALSE,FALSE
2003-12-16,Amundsen_Bellingshausen,3.100893648,0.05173513274001529,0.05173513274001529,0.540312197173086,FALSE,FALSE
2003-12-17,Amundsen_Bellingshausen,3.083843344,0.06043599919096731,0.06043599919096731,0.540312197173086,FALSE,FALSE
2003-12-18,Amundsen_Bellingshausen,3.064926976,0.06911345432749405,0.06911345432749405,0.540312197173086,FALSE,FALSE
2003-12-19,Amundsen_Bellingshausen,3.048402357,0.08215598121648915,0.08215598121648915,0.540312197173086,FALSE,FALSE
2003-12-20,Amundsen_Bellingshausen,3.039805713,0.10522053105840444,0.10522053105840444,0.540312197173086,FALSE,FALSE
2003-12-21,Amundsen_Bellingshausen,3.047087866,0.14622140354613178,0.14622140354613178,0.540312197173086,FALSE,FALSE
2003-12-22,Amundsen_Bellingshausen,3.045697383,0.18044512511014732,0.18044512511014732,0.540312197173086,FALSE,FALSE
2003-12-23,Amundsen_Bellingshausen,3.0178760590000002,0.18996795237324535,0.18996795237324535,0.540312197173086,FALSE,FALSE
2003-12-24,Amundsen_Bellingshausen,2.99951869,0.2105191429582054,0.2105191429582054,0.540312197173086,FALSE,FALSE
2003-12-25,Amundsen_Bellingshausen,3.012952631,0.26426051348781776,0.26426051348781776,0.540312197173086,FALSE,FALSE
2003-12-26,Amundsen_Bellingshausen,3.013715998,0.30656464158486907,0.30656464158486907,0.540312197173086,FALSE,FALSE
2003-12-27,Amundsen_Bellingshausen,2.988087916,0.32354511387214924,0.32354511387214924,0.540312197173086,FALSE,FALSE
2003-12-28,Amundsen_Bellingshausen,2.977161478,0.3561294849724401,0.3561294849724401,0.540312197173086,FALSE,FALSE
2003-12-29,Amundsen_Bellingshausen,2.958519411,0.3817349435085293,0.3817349435085293,0.540312197173086,FALSE,FALSE
2003-12-30,Amundsen_Bellingshausen,2.957994648,0.4260288841032107,0.4260288841032107,0.540312197173086,FALSE,FALSE
2003-12-31,Amundsen_Bellingshausen,2.940669305,0.4539278843792638,0.4539278843792638,0.540312197173086,FALSE,FALSE
2004-01-01,Amundsen_Bellingshausen,2.913495805,0.472218828959476,0.472218828959476,0.540312197173086,FALSE,FALSE
2004-01-02,Amundsen_Bellingshausen,2.850712745,0.4549815344726711,0.4549815344726711,0.540312197173086,FALSE,FALSE
2004-01-03,Amundsen_Bellingshausen,2.769552932,0.4193170595718114,0.4193170595718114,0.540312197173086,FALSE,FALSE
2004-01-04,Amundsen_Bellingshausen,2.738142023,0.43322607091590415,0.43322607091590415,0.540312197173086,FALSE,FALSE
2004-01-05,Amundsen_Bellingshausen,2.712073438,0.4521769981639387,0.4521769981639387,0.540312197173086,FALSE,FALSE
2004-01-06,Amundsen_Bellingshausen,2.683270667,0.4679683409749207,0.4679683409749207,0.540312197173086,FALSE,FALSE
2004-01-07,Amundsen_Bellingshausen,2.649148849,0.4778902480078453,0.4778902480078453,0.540312197173086,FALSE,FALSE
2004-01-08,Amundsen_Bellingshausen,2.631555839,0.5036655839217135,0.5036655839217135,0.540312197173086,FALSE,FALSE
2004-01-09,Amundsen_Bellingshausen,2.605509376,0.5201870973755254,0.5201870973755254,0.540312197173086,FALSE,FALSE
2004-01-10,Amundsen_Bellingshausen,2.55028087,0.5066012080282807,0.5066012080282807,0.540312197173086,FALSE,FALSE
2004-01-11,Amundsen_Bellingshausen,2.527445287,0.5243578915389775,0.5243578915389775,0.540312197173086,FALSE,FALSE
2004-01-12,Amundsen_Bellingshausen,2.475658504,0.5119880345666157,0.5119880345666157,0.540312197173086,FALSE,FALSE
2004-01-13,Amundsen_Bellingshausen,2.468272363,0.54271848877019635,0.54271848877019635,0.540312197173086,TRUE,TRUE
2004-01-14,Amundsen_Bellingshausen,2.483129545,0.5942689006230986,0.5942689006230986,0.540312197173086,TRUE,TRUE
2004-01-15,Amundsen_Bellingshausen,2.457277429,0.6036337986809555,0.6036337986809555,0.540312197173086,TRUE,TRUE
2004-01-16,Amundsen_Bellingshausen,2.398892566,0.5790248091270478,0.5790248091270478,0.540312197173086,TRUE,TRUE
2004-01-17,Amundsen_Bellingshausen,2.339014551,0.5515221628599773,0.5515221628599773,0.540312197173086,TRUE,TRUE
2004-01-18,Amundsen_Bellingshausen,2.316004666,0.5595277777783425,0.5595277777783425,0.540312197173086,TRUE,TRUE
2004-01-19,Amundsen_Bellingshausen,2.290548572,0.5637679507807445,0.5637679507807445,0.540312197173086,TRUE,TRUE
2004-01-20,Amundsen_Bellingshausen,2.21954678,0.5211838287657811,0.5211838287657811,0.540312197173086,FALSE,FALSE
2004-01-21,Amundsen_Bellingshausen,2.205095921,0.5339126786320545,0.5339126786320545,0.540312197173086,FALSE,FALSE
2004-01-22,Amundsen_Bellingshausen,2.19193341,0.5467325512781638,0.5467325512781638,0.540312197173086,TRUE,TRUE
2004-01-23,Amundsen_Bellingshausen,2.168811445,0.5484362806027079,0.5484362806027079,0.540312197173086,TRUE,TRUE
2004-01-24,Amundsen_Bellingshausen,2.137592943,0.5409274195042892,0.5409274195042892,0.540312197173086,TRUE,TRUE
2004-01-25,Amundsen_Bellingshausen,2.121220516,0.547189215881505,0.547189215881505,0.540312197173086,TRUE,TRUE
2004-01-26,Amundsen_Bellingshausen,2.099174063,0.5467422046329566,0.5467422046329566,0.540312197173086,TRUE,TRUE
2004-01-27,Amundsen_Bellingshausen,2.073262377,0.5414336105323552,0.5414336105323552,0.540312197173086,TRUE,TRUE
2004-01-28,Amundsen_Bellingshausen,2.051964405,0.5397658916205486,0.5397658916205486,0.540312197173086,FALSE,FALSE
2004-01-29,Amundsen_Bellingshausen,2.016265728,0.5227419529547233,0.5227419529547233,0.540312197173086,FALSE,FALSE
2004-01-30,Amundsen_Bellingshausen,2.003939662,0.5281524146618228,0.5281524146618228,0.540312197173086,FALSE,FALSE
2004-01-31,Amundsen_Bellingshausen,1.978656877,0.5196852508687961,0.5196852508687961,0.540312197173086,FALSE,FALSE
2004-02-01,Amundsen_Bellingshausen,1.945867954,0.5028083467025894,0.5028083467025894,0.540312197173086,FALSE,FALSE
2004-02-02,Amundsen_Bellingshausen,1.932553707,0.5045198202901491,0.5045198202901491,0.540312197173086,FALSE,FALSE
2004-02-03,Amundsen_Bellingshausen,1.917160976,0.5032838157584225,0.5032838157584225,0.540312197173086,FALSE,FALSE
2004-02-04,Amundsen_Bellingshausen,1.901767473,0.5011953492343579,0.5011953492343579,0.540312197173086,FALSE,FALSE
2004-02-05,Amundsen_Bellingshausen,1.881954417,0.4938529438448991,0.4938529438448991,0.540312197173086,FALSE,FALSE
2004-02-06,Amundsen_Bellingshausen,1.863246195,0.4867982907169952,0.4867982907169952,0.540312197173086,FALSE,FALSE
2004-02-07,Amundsen_Bellingshausen,1.847046758,0.4814526449775929,0.4814526449775929,0.540312197173086,FALSE,FALSE
2004-02-08,Amundsen_Bellingshausen,1.833970924,0.47844804317920353,0.47844804317920353,0.540312197173086,FALSE,FALSE
2004-02-09,Amundsen_Bellingshausen,1.807214256,0.4609859690532925,0.4609859690532925,0.540312197173086,FALSE,FALSE
2004-02-10,Amundsen_Bellingshausen,1.760655368,0.42292848867867927,0.42292848867867927,0.540312197173086,FALSE,FALSE
2004-02-11,Amundsen_Bellingshausen,1.715865827,0.3858279645844438,0.3858279645844438,0.540312197173086,FALSE,FALSE
2004-02-12,Amundsen_Bellingshausen,1.717797376,0.39461693529966424,0.39461693529966424,0.540312197173086,FALSE,FALSE
2004-02-13,Amundsen_Bellingshausen,1.702433203,0.3852593843534191,0.3852593843534191,0.540312197173086,FALSE,FALSE
2004-02-14,Amundsen_Bellingshausen,1.700315521,0.38827832027478903,0.38827832027478903,0.540312197173086,FALSE,FALSE
2004-02-15,Amundsen_Bellingshausen,1.719348691,0.4115588995928512,0.4115588995928512,0.540312197173086,FALSE,FALSE
2004-02-16,Amundsen_Bellingshausen,1.685455373,0.381004577836684,0.381004577836684,0.540312197173086,FALSE,FALSE
2004-02-17,Amundsen_Bellingshausen,1.684400147,0.3823607305353689,0.3823607305353689,0.540312197173086,FALSE,FALSE
2004-02-18,Amundsen_Bellingshausen,1.68258624,0.382011380217983,0.382011380217983,0.540312197173086,FALSE,FALSE
2004-02-19,Amundsen_Bellingshausen,1.666868039,0.36679170941360417,0.36679170941360417,0.540312197173086,FALSE,FALSE
2004-02-20,Amundsen_Bellingshausen,1.690653932,0.39009090165131366,0.39009090165131366,0.540312197173086,FALSE,FALSE
2004-02-21,Amundsen_Bellingshausen,1.710845726,0.4087948823964953,0.4087948823964953,0.540312197173086,FALSE,FALSE
2004-02-22,Amundsen_Bellingshausen,1.687570216,0.3830548511754217,0.3830548511754217,0.540312197173086,FALSE,FALSE
2004-02-23,Amundsen_Bellingshausen,1.67160841,0.3637030205600811,0.3637030205600811,0.540312197173086,FALSE,FALSE
2004-02-24,Amundsen_Bellingshausen,1.656986873,0.34481764458613795,0.34481764458613795,0.540312197173086,FALSE,FALSE
2004-02-25,Amundsen_Bellingshausen,1.650136535,0.3328813422892498,0.3328813422892498,0.540312197173086,FALSE,FALSE
2004-02-26,Amundsen_Bellingshausen,1.665826961,0.3427153677050787,0.3427153677050787,0.540312197173086,FALSE,FALSE
2004-02-27,Amundsen_Bellingshausen,1.681052777,0.3513660358692845,0.3513660358692845,0.540312197173086,FALSE,FALSE
2004-02-28,Amundsen_Bellingshausen,1.701093928,0.3641649808175291,0.3641649808175291,0.540312197173086,FALSE,FALSE
2004-03-01,Amundsen_Bellingshausen,1.709788465,0.35658068720877467,0.35658068720877467,0.540312197173086,FALSE,FALSE
2004-03-02,Amundsen_Bellingshausen,1.717316161,0.35517513672309686,0.35517513672309686,0.540312197173086,FALSE,FALSE
2004-03-03,Amundsen_Bellingshausen,1.764535955,0.3930013821641001,0.3930013821641001,0.540312197173086,FALSE,FALSE
2004-03-04,Amundsen_Bellingshausen,1.822667849,0.4413311112403677,0.4413311112403677,0.540312197173086,FALSE,FALSE
2004-03-05,Amundsen_Bellingshausen,1.840160567,0.44865235735030073,0.44865235735030073,0.540312197173086,FALSE,FALSE
2004-03-06,Amundsen_Bellingshausen,1.833347279,0.43129730732750216,0.43129730732750216,0.540312197173086,FALSE,FALSE
2004-03-07,Amundsen_Bellingshausen,1.825986148,0.4130149551487496,0.4130149551487496,0.540312197173086,FALSE,FALSE
2004-03-08,Amundsen_Bellingshausen,1.833607942,0.4093268997908195,0.4093268997908195,0.540312197173086,FALSE,FALSE
2004-03-09,Amundsen_Bellingshausen,1.820410728,0.3844220392304887,0.3844220392304887,0.540312197173086,FALSE,FALSE
2004-03-10,Amundsen_Bellingshausen,1.848470953,0.400367651444534,0.400367651444534,0.540312197173086,FALSE,FALSE
2004-03-11,Amundsen_Bellingshausen,1.88166995,0.4210359004097317,0.4210359004097317,0.540312197173086,FALSE,FALSE
2004-03-12,Amundsen_Bellingshausen,1.914189314,0.4405992121028566,0.4405992121028566,0.540312197173086,FALSE,FALSE
2004-03-13,Amundsen_Bellingshausen,1.909544838,0.4225642105006888,0.4225642105006888,0.540312197173086,FALSE,FALSE
2004-03-14,Amundsen_Bellingshausen,1.927446501,0.4266317055800033,0.4266317055800033,0.540312197173086,FALSE,FALSE
2004-03-15,Amundsen_Bellingshausen,1.917475949,0.40237417431757505,0.40237417431757505,0.540312197173086,FALSE,FALSE
2004-03-16,Amundsen_Bellingshausen,1.931989434,0.4021386996901832,0.4021386996901832,0.540312197173086,FALSE,FALSE
2004-03-17,Amundsen_Bellingshausen,1.992204908,0.4471345554565618,0.4471345554565618,0.540312197173086,FALSE,FALSE
2004-03-18,Amundsen_Bellingshausen,2.030601613,0.4698445625833203,0.4698445625833203,0.540312197173086,FALSE,FALSE
2004-03-19,Amundsen_Bellingshausen,2.065450926,0.4885564981791697,0.4885564981791697,0.540312197173086,FALSE,FALSE
2004-03-20,Amundsen_Bellingshausen,2.095990519,0.5025250379931667,0.5025250379931667,0.540312197173086,FALSE,FALSE
2004-03-21,Amundsen_Bellingshausen,2.1214214239999998,0.5109682177743673,0.5109682177743673,0.540312197173086,FALSE,FALSE
2004-03-22,Amundsen_Bellingshausen,2.157278518,0.5294379182718281,0.5294379182718281,0.540312197173086,FALSE,FALSE
2004-03-23,Amundsen_Bellingshausen,2.214982752,0.5693720942346074,0.5693720942346074,0.540312197173086,TRUE,FALSE
2004-03-24,Amundsen_Bellingshausen,2.254088264,0.5903418874117596,0.5903418874117596,0.540312197173086,TRUE,FALSE
2004-03-25,Amundsen_Bellingshausen,2.260142812,0.5779120595523419,0.5779120595523419,0.540312197173086,TRUE,FALSE
2004-03-26,Amundsen_Bellingshausen,2.237577393,0.5365306114054129,0.5365306114054129,0.540312197173086,FALSE,FALSE
2004-03-27,Amundsen_Bellingshausen,2.205611794,0.4854343337200271,0.4854343337200271,0.540312197173086,FALSE,FALSE
2004-03-28,Amundsen_Bellingshausen,2.19979111,0.4601853252452408,0.4601853252452408,0.540312197173086,FALSE,FALSE
2004-03-29,Amundsen_Bellingshausen,2.241123286,0.481808534730112,0.481808534730112,0.540312197173086,FALSE,FALSE
2004-03-30,Amundsen_Bellingshausen,2.301801479,0.5225111632966521,0.5225111632966521,0.540312197173086,FALSE,FALSE
2004-03-31,Amundsen_Bellingshausen,2.335053286,0.5355186746471092,0.5355186746471092,0.540312197173086,FALSE,FALSE
2004-04-01,Amundsen_Bellingshausen,2.358352447,0.5382971758581498,0.5382971758581498,0.540312197173086,FALSE,FALSE
2004-04-02,Amundsen_Bellingshausen,2.37659109,0.535731157459898,0.535731157459898,0.540312197173086,FALSE,FALSE
2004-04-03,Amundsen_Bellingshausen,2.383096494,0.5211402609824822,0.5211402609824822,0.540312197173086,FALSE,FALSE
2004-04-04,Amundsen_Bellingshausen,2.394238116,0.5108863059560269,0.5108863059560269,0.540312197173086,FALSE,FALSE
2004-04-05,Amundsen_Bellingshausen,2.428998619,0.5239443179106649,0.5239443179106649,0.540312197173086,FALSE,FALSE
2004-04-06,Amundsen_Bellingshausen,2.469324492,0.5422531483765181,0.5422531483765181,0.540312197173086,TRUE,TRUE
2004-04-07,Amundsen_Bellingshausen,2.553515451,0.6041048758837175,0.6041048758837175,0.540312197173086,TRUE,TRUE
2004-04-08,Amundsen_Bellingshausen,2.593472574,0.6213929409623886,0.6213929409623886,0.540312197173086,TRUE,TRUE
2004-04-09,Amundsen_Bellingshausen,2.627093089,0.6320069341426577,0.6320069341426577,0.540312197173086,TRUE,TRUE
2004-04-10,Amundsen_Bellingshausen,2.644071867,0.6256340889546532,0.6256340889546532,0.540312197173086,TRUE,TRUE
2004-04-11,Amundsen_Bellingshausen,2.689916384,0.6477742930352699,0.6477742930352699,0.540312197173086,TRUE,TRUE
2004-04-12,Amundsen_Bellingshausen,2.736680817,0.6704776348720971,0.6704776348720971,0.540312197173086,TRUE,TRUE
2004-04-13,Amundsen_Bellingshausen,2.743813219,0.6531938484252122,0.6531938484252122,0.540312197173086,TRUE,TRUE
2004-04-14,Amundsen_Bellingshausen,2.738225983,0.6228375465492526,0.6228375465492526,0.540312197173086,TRUE,TRUE
2004-04-15,Amundsen_Bellingshausen,2.735784269,0.5952761090988465,0.5952761090988465,0.540312197173086,TRUE,TRUE
2004-04-16,Amundsen_Bellingshausen,2.739499663,0.5735233419286323,0.5735233419286323,0.540312197173086,TRUE,TRUE
2004-04-17,Amundsen_Bellingshausen,2.749141461,0.5573507608932431,0.5573507608932431,0.540312197173086,TRUE,TRUE
2004-04-18,Amundsen_Bellingshausen,2.763694121,0.5457450438473113,0.5457450438473113,0.540312197173086,TRUE,TRUE
2004-04-19,Amundsen_Bellingshausen,2.781426675,0.5369774426454712,0.5369774426454712,0.540312197173086,FALSE,FALSE
2004-04-20,Amundsen_Bellingshausen,2.807385269,0.5360963231423557,0.5360963231423557,0.540312197173086,FALSE,FALSE
2004-04-21,Amundsen_Bellingshausen,2.865843682,0.5673776841926004,0.5673776841926004,0.540312197173086,TRUE,TRUE
2004-04-22,Amundsen_Bellingshausen,2.917067699,0.591089530650839,0.591089530650839,0.540312197173086,TRUE,TRUE
2004-04-23,Amundsen_Bellingshausen,2.947894906,0.5940716683717038,0.5940716683717038,0.540312197173086,TRUE,TRUE
2004-04-24,Amundsen_Bellingshausen,2.967048632,0.585053987377766,0.585053987377766,0.540312197173086,TRUE,TRUE
2004-04-25,Amundsen_Bellingshausen,2.964974825,0.5545302267711802,0.5545302267711802,0.540312197173086,TRUE,TRUE
2004-04-26,Amundsen_Bellingshausen,2.953865016,0.5147624926372054,0.5147624926372054,0.540312197173086,FALSE,FALSE
2004-04-27,Amundsen_Bellingshausen,2.951407781,0.4835101760652085,0.4835101760652085,0.540312197173086,FALSE,FALSE
2004-04-28,Amundsen_Bellingshausen,2.969102363,0.4723433351445516,0.4723433351445516,0.540312197173086,FALSE,FALSE
2004-04-29,Amundsen_Bellingshausen,2.982299824,0.4566838469645944,0.4566838469645944,0.540312197173086,FALSE,FALSE
2004-04-30,Amundsen_Bellingshausen,2.997671069,0.44327343161470045,0.44327343161470045,0.540312197173086,FALSE,FALSE
2004-05-01,Amundsen_Bellingshausen,3.019166112,0.4361329181842333,0.4361329181842333,0.540312197173086,FALSE,FALSE
2004-05-02,Amundsen_Bellingshausen,3.053368746,0.44191691476255546,0.44191691476255546,0.540312197173086,FALSE,FALSE
2004-05-03,Amundsen_Bellingshausen,3.081813907,0.44223117243903287,0.44223117243903287,0.540312197173086,FALSE,FALSE
2004-05-04,Amundsen_Bellingshausen,3.106002333,0.4386472443030236,0.4386472443030236,0.540312197173086,FALSE,FALSE
2004-05-05,Amundsen_Bellingshausen,3.082799248,0.38810116944389383,0.38810116944389383,0.540312197173086,FALSE,FALSE
2004-05-06,Amundsen_Bellingshausen,3.047600514,0.32605958596787676,0.32605958596787676,0.540312197173086,FALSE,FALSE
2004-05-07,Amundsen_Bellingshausen,3.054988913,0.30715431827910056,0.30715431827910056,0.540312197173086,FALSE,FALSE
2004-05-08,Amundsen_Bellingshausen,3.048576163,0.2749882831313606,0.2749882831313606,0.540312197173086,FALSE,FALSE
2004-05-09,Amundsen_Bellingshausen,3.059256026,0.26043692391359974,0.26043692391359974,0.540312197173086,FALSE,FALSE
2004-05-10,Amundsen_Bellingshausen,3.074786321,0.25123974101475666,0.25123974101475666,0.540312197173086,FALSE,FALSE
2004-05-11,Amundsen_Bellingshausen,3.096418281,0.2486296488237736,0.2486296488237736,0.540312197173086,FALSE,FALSE
2004-05-12,Amundsen_Bellingshausen,3.110741027,0.239177449729592,0.239177449729592,0.540312197173086,FALSE,FALSE
2004-05-13,Amundsen_Bellingshausen,3.155805038,0.2609153041211485,0.2609153041211485,0.540312197173086,FALSE,FALSE
2004-05-14,Amundsen_Bellingshausen,3.21992446,0.3021390393873862,0.3021390393873862,0.540312197173086,FALSE,FALSE
2004-05-15,Amundsen_Bellingshausen,3.27078856,0.3305196039172462,0.3305196039172462,0.540312197173086,FALSE,FALSE
2004-05-16,Amundsen_Bellingshausen,3.303862273,0.341503614099667,0.341503614099667,0.540312197173086,FALSE,FALSE
2004-05-17,Amundsen_Bellingshausen,3.32569808,0.34162523232359066,0.34162523232359066,0.540312197173086,FALSE,FALSE
2004-05-18,Amundsen_Bellingshausen,3.359225553,0.3537957119779569,0.3537957119779569,0.540312197173086,FALSE,FALSE
2004-05-19,Amundsen_Bellingshausen,3.396780462,0.37033256606104503,0.37033256606104503,0.540312197173086,FALSE,FALSE
2004-05-20,Amundsen_Bellingshausen,3.448860043,0.4017158977760795,0.4017158977760795,0.540312197173086,FALSE,FALSE
2004-05-21,Amundsen_Bellingshausen,3.470112704,0.40257796452592576,0.40257796452592576,0.540312197173086,FALSE,FALSE
2004-05-22,Amundsen_Bellingshausen,3.467999322,0.380363525759273,0.380363525759273,0.540312197173086,FALSE,FALSE
2004-05-23,Amundsen_Bellingshausen,3.470197637,0.3627342039248189,0.3627342039248189,0.540312197173086,FALSE,FALSE
2004-05-24,Amundsen_Bellingshausen,3.46588907,0.33885530247125306,0.33885530247125306,0.540312197173086,FALSE,FALSE
2004-05-25,Amundsen_Bellingshausen,3.451700195,0.30533727784726894,0.30533727784726894,0.540312197173086,FALSE,FALSE
2004-05-26,Amundsen_Bellingshausen,3.457001553,0.2915345535015592,0.2915345535015592,0.540312197173086,FALSE,FALSE
2004-05-27,Amundsen_Bellingshausen,3.465654304,0.2812921718828174,0.2812921718828174,0.540312197173086,FALSE,FALSE
2004-05-28,Amundsen_Bellingshausen,3.481123128,0.2780586954397366,0.2780586954397366,0.540312197173086,FALSE,FALSE
2004-05-29,Amundsen_Bellingshausen,3.535568108,0.3139780896210076,0.3139780896210076,0.540312197173086,FALSE,FALSE
2004-05-30,Amundsen_Bellingshausen,3.563020767,0.3230657598753237,0.3230657598753237,0.540312197173086,FALSE,FALSE
2004-05-31,Amundsen_Bellingshausen,3.576675407,0.3184998906513785,0.3184998906513785,0.540312197173086,FALSE,FALSE
2004-06-01,Amundsen_Bellingshausen,3.596607789,0.32034829366725903,0.32034829366725903,0.540312197173086,FALSE,FALSE
2004-06-02,Amundsen_Bellingshausen,3.588412994,0.2942343372898808,0.2942343372898808,0.540312197173086,FALSE,FALSE
2004-06-03,Amundsen_Bellingshausen,3.553765053,0.2418703850119126,0.2418703850119126,0.540312197173086,FALSE,FALSE
2004-06-04,Amundsen_Bellingshausen,3.526601334,0.19723213769812584,0.19723213769812584,0.540312197173086,FALSE,FALSE
2004-06-05,Amundsen_Bellingshausen,3.507855621,0.16129171221328464,0.16129171221328464,0.540312197173086,FALSE,FALSE
2004-06-06,Amundsen_Bellingshausen,3.505812056,0.14237158342215706,0.14237158342215706,0.540312197173086,FALSE,FALSE
2004-06-07,Amundsen_Bellingshausen,3.509524463,0.12956390818951258,0.12956390818951258,0.540312197173086,FALSE,FALSE
2004-06-08,Amundsen_Bellingshausen,3.532769293,0.1366834703801163,0.1366834703801163,0.540312197173086,FALSE,FALSE
2004-06-09,Amundsen_Bellingshausen,3.567796576,0.15601863285873918,0.15601863285873918,0.540312197173086,FALSE,FALSE
2004-06-10,Amundsen_Bellingshausen,3.576548773,0.14955018949014365,0.14955018949014365,0.540312197173086,FALSE,FALSE
2004-06-11,Amundsen_Bellingshausen,3.566110162,0.12440075113909944,0.12440075113909944,0.540312197173086,FALSE,FALSE
2004-06-12,Amundsen_Bellingshausen,3.563164088,0.10729199567037596,0.10729199567037596,0.540312197173086,FALSE,FALSE
2004-06-13,Amundsen_Bellingshausen,3.580004911,0.1105555922232404,0.1105555922232404,0.540312197173086,FALSE,FALSE
2004-06-14,Amundsen_Bellingshausen,3.589954723,0.10750581187140228,0.10750581187140228,0.540312197173086,FALSE,FALSE
2004-06-15,Amundsen_Bellingshausen,3.622924447,0.12798384475477145,0.12798384475477145,0.540312197173086,FALSE,FALSE
2004-06-16,Amundsen_Bellingshausen,3.673982176,0.1669835653880858,0.1669835653880858,0.540312197173086,FALSE,FALSE
2004-06-17,Amundsen_Bellingshausen,3.747576864,0.22887970928608503,0.22887970928608503,0.540312197173086,FALSE,FALSE
2004-06-18,Amundsen_Bellingshausen,3.791263156,0.26115270296351145,0.26115270296351145,0.540312197173086,FALSE,FALSE
2004-06-19,Amundsen_Bellingshausen,3.821053155,0.27974043093510437,0.27974043093510437,0.540312197173086,FALSE,FALSE
2004-06-20,Amundsen_Bellingshausen,3.856328527,0.30395034071560634,0.30395034071560634,0.540312197173086,FALSE,FALSE
2004-06-21,Amundsen_Bellingshausen,3.871196156,0.3078150978197556,0.3078150978197556,0.540312197173086,FALSE,FALSE
2004-06-22,Amundsen_Bellingshausen,3.873283225,0.2988876667622953,0.2988876667622953,0.540312197173086,FALSE,FALSE
2004-06-23,Amundsen_Bellingshausen,3.864274457,0.2787785520579624,0.2787785520579624,0.540312197173086,FALSE,FALSE
2004-06-24,Amundsen_Bellingshausen,3.80631957,0.2095632532215008,0.2095632532215008,0.540312197173086,FALSE,FALSE
2004-06-25,Amundsen_Bellingshausen,3.769122834,0.1608718217676488,0.1608718217676488,0.540312197173086,FALSE,FALSE
2004-06-26,Amundsen_Bellingshausen,3.754811332,0.13476623264939436,0.13476623264939436,0.540312197173086,FALSE,FALSE
2004-06-27,Amundsen_Bellingshausen,3.759320805,0.12718596189463893,0.12718596189463893,0.540312197173086,FALSE,FALSE
2004-06-28,Amundsen_Bellingshausen,3.751966201,0.10748114963831056,0.10748114963831056,0.540312197173086,FALSE,FALSE
2004-06-29,Amundsen_Bellingshausen,3.758167255,0.10110688475238527,0.10110688475238527,0.540312197173086,FALSE,FALSE
2004-06-30,Amundsen_Bellingshausen,3.774956595,0.10513114910884092,0.10513114910884092,0.540312197173086,FALSE,FALSE
2004-07-01,Amundsen_Bellingshausen,3.81711793,0.13437300557965237,0.13437300557965237,0.540312197173086,FALSE,FALSE
2004-07-02,Amundsen_Bellingshausen,3.837965375,0.14218192303679578,0.14218192303679578,0.540312197173086,FALSE,FALSE
2004-07-03,Amundsen_Bellingshausen,3.880913025,0.17200735035225012,0.17200735035225012,0.540312197173086,FALSE,FALSE
2004-07-04,Amundsen_Bellingshausen,3.919711452,0.19763521339798729,0.19763521339798729,0.540312197173086,FALSE,FALSE
2004-07-05,Amundsen_Bellingshausen,3.935227242,0.19996745204598687,0.19996745204598687,0.540312197173086,FALSE,FALSE
2004-07-06,Amundsen_Bellingshausen,3.941540139,0.19311916416822683,0.19311916416822683,0.540312197173086,FALSE,FALSE
2004-07-07,Amundsen_Bellingshausen,3.919055099,0.1575306596366799,0.1575306596366799,0.540312197173086,FALSE,FALSE
2004-07-08,Amundsen_Bellingshausen,3.858656494,0.08412162800991085,0.08412162800991085,0.540312197173086,FALSE,FALSE
2004-07-09,Amundsen_Bellingshausen,3.870652377,0.08322837705548292,0.08322837705548292,0.540312197173086,FALSE,FALSE
2004-07-10,Amundsen_Bellingshausen,3.899984215,0.09980517180334036,0.09980517180334036,0.540312197173086,FALSE,FALSE
2004-07-11,Amundsen_Bellingshausen,3.929959509,0.11717026579586154,0.11717026579586154,0.540312197173086,FALSE,FALSE
2004-07-12,Amundsen_Bellingshausen,3.937997907,0.1127540595754235,0.1127540595754235,0.540312197173086,FALSE,FALSE
2004-07-13,Amundsen_Bellingshausen,3.991526892,0.15399478868440797,0.15399478868440797,0.540312197173086,FALSE,FALSE
2004-07-14,Amundsen_Bellingshausen,4.023279684,0.17363642566519477,0.17363642566519477,0.540312197173086,FALSE,FALSE
2004-07-15,Amundsen_Bellingshausen,4.058372911,0.1968063510601583,0.1968063510601583,0.540312197173086,FALSE,FALSE
2004-07-16,Amundsen_Bellingshausen,4.053264588,0.1799733324116799,0.1799733324116799,0.540312197173086,FALSE,FALSE
2004-07-17,Amundsen_Bellingshausen,4.0456463,0.16083970726214192,0.16083970726214192,0.540312197173086,FALSE,FALSE
2004-07-18,Amundsen_Bellingshausen,4.038690974,0.1425891551539178,0.1425891551539178,0.540312197173086,FALSE,FALSE
2004-07-19,Amundsen_Bellingshausen,4.011788585,0.10462240362938637,0.10462240362938637,0.540312197173086,FALSE,FALSE
2004-07-20,Amundsen_Bellingshausen,3.972719727,0.05473079923093094,0.05473079923093094,0.540312197173086,FALSE,FALSE
2004-07-21,Amundsen_Bellingshausen,3.935098101,0.00653907545500453,0.00653907545500453,0.540312197173086,FALSE,FALSE
2004-07-22,Amundsen_Bellingshausen,3.910366171,-0.02849540719244636,0.02849540719244636,0.540312197173086,FALSE,FALSE
2004-07-23,Amundsen_Bellingshausen,3.86950456,-0.0793743125756099,0.0793743125756099,0.540312197173086,FALSE,FALSE
2004-07-24,Amundsen_Bellingshausen,3.871870128,-0.08672300366654939,0.08672300366654939,0.540312197173086,FALSE,FALSE
2004-07-25,Amundsen_Bellingshausen,3.889119405,-0.07886717343732563,0.07886717343732563,0.540312197173086,FALSE,FALSE
2004-07-26,Amundsen_Bellingshausen,3.8917011,-0.08534033585999756,0.08534033585999756,0.540312197173086,FALSE,FALSE
2004-07-27,Amundsen_Bellingshausen,3.889865267,-0.09587465990663668,0.09587465990663668,0.540312197173086,FALSE,FALSE
2004-07-28,Amundsen_Bellingshausen,3.865364587,-0.12869968754929673,0.12869968754929673,0.540312197173086,FALSE,FALSE
2004-07-29,Amundsen_Bellingshausen,3.849632206,-0.1523644957600494,0.1523644957600494,0.540312197173086,FALSE,FALSE
2004-07-30,Amundsen_Bellingshausen,3.877495899,-0.1320235325109489,0.1320235325109489,0.540312197173086,FALSE,FALSE
2004-07-31,Amundsen_Bellingshausen,3.903562666,-0.11305202077405864,0.11305202077405864,0.540312197173086,FALSE,FALSE
2004-08-01,Amundsen_Bellingshausen,3.952670658,-0.07059403252144625,0.07059403252144625,0.540312197173086,FALSE,FALSE
2004-08-02,Amundsen_Bellingshausen,3.930544701,-0.09890696525266174,0.09890696525266174,0.540312197173086,FALSE,FALSE
2004-08-03,Amundsen_Bellingshausen,3.935668105,-0.09950397260063726,0.09950397260063726,0.540312197173086,FALSE,FALSE
2004-08-04,Amundsen_Bellingshausen,3.933995057,-0.10647870086009316,0.10647870086009316,0.540312197173086,FALSE,FALSE
2004-08-05,Amundsen_Bellingshausen,3.927297016,-0.11811910379706614,0.11811910379706614,0.540312197173086,FALSE,FALSE
2004-08-06,Amundsen_Bellingshausen,3.912684185,-0.13737439117760264,0.13737439117760264,0.540312197173086,FALSE,FALSE
2004-08-07,Amundsen_Bellingshausen,3.917728111,-0.13673242876774028,0.13673242876774028,0.540312197173086,FALSE,FALSE
2004-08-08,Amundsen_Bellingshausen,3.95602934,-0.10265208333352804,0.10265208333352804,0.540312197173086,FALSE,FALSE
2004-08-09,Amundsen_Bellingshausen,3.983425709,-0.07935493064100774,0.07935493064100774,0.540312197173086,FALSE,FALSE
2004-08-10,Amundsen_Bellingshausen,3.963466645,-0.10335095645621584,0.10335095645621584,0.540312197173086,FALSE,FALSE
2004-08-11,Amundsen_Bellingshausen,3.923427161,-0.14742456054520137,0.14742456054520137,0.540312197173086,FALSE,FALSE
2004-08-12,Amundsen_Bellingshausen,3.895933084,-0.17900932867400332,0.17900932867400332,0.540312197173086,FALSE,FALSE
2004-08-13,Amundsen_Bellingshausen,3.897246396,-0.18190269160866812,0.18190269160866812,0.540312197173086,FALSE,FALSE
2004-08-14,Amundsen_Bellingshausen,3.922111345,-0.16141981411523565,0.16141981411523565,0.540312197173086,FALSE,FALSE
2004-08-15,Amundsen_Bellingshausen,3.949870803,-0.13827507532025907,0.13827507532025907,0.540312197173086,FALSE,FALSE
2004-08-16,Amundsen_Bellingshausen,4.000978878,-0.09200736934771836,0.09200736934771836,0.540312197173086,FALSE,FALSE
2004-08-17,Amundsen_Bellingshausen,4.015852823,-0.08211890727104265,0.08211890727104265,0.540312197173086,FALSE,FALSE
2004-08-18,Amundsen_Bellingshausen,4.051273194,-0.05174456708839159,0.05174456708839159,0.540312197173086,FALSE,FALSE
2004-08-19,Amundsen_Bellingshausen,4.068279821,-0.03975995279792865,0.03975995279792865,0.540312197173086,FALSE,FALSE
2004-08-20,Amundsen_Bellingshausen,4.056540935,-0.0564122673978229,0.0564122673978229,0.540312197173086,FALSE,FALSE
2004-08-21,Amundsen_Bellingshausen,4.021045856,-0.09662762488623322,0.09662762488623322,0.540312197173086,FALSE,FALSE
2004-08-22,Amundsen_Bellingshausen,4.063413413,-0.05870263026132516,0.05870263026132516,0.540312197173086,FALSE,FALSE
2004-08-23,Amundsen_Bellingshausen,4.140915301,0.01471897747873729,0.01471897747873729,0.540312197173086,FALSE,FALSE
2004-08-24,Amundsen_Bellingshausen,4.133082477,0.00325272133579446,0.00325272133579446,0.540312197173086,FALSE,FALSE
2004-08-25,Amundsen_Bellingshausen,4.105179339,-0.02775243468832933,0.02775243468832933,0.540312197173086,FALSE,FALSE
2004-08-26,Amundsen_Bellingshausen,4.091059695,-0.04435811659178323,0.04435811659178323,0.540312197173086,FALSE,FALSE
2004-08-27,Amundsen_Bellingshausen,4.110482848,-0.02672045537274314,0.02672045537274314,0.540312197173086,FALSE,FALSE
2004-08-28,Amundsen_Bellingshausen,4.125225915,-0.01299275950638012,0.01299275950638012,0.540312197173086,FALSE,FALSE
2004-08-29,Amundsen_Bellingshausen,4.117879195,-0.02060626910775731,0.02060626910775731,0.540312197173086,FALSE,FALSE
2004-08-30,Amundsen_Bellingshausen,4.103865765,-0.03419368058898531,0.03419368058898531,0.540312197173086,FALSE,FALSE
2004-08-31,Amundsen_Bellingshausen,4.1053275,-0.03166895376725964,0.03166895376725964,0.540312197173086,FALSE,FALSE
2004-09-01,Amundsen_Bellingshausen,4.100966776,-0.03438554745978184,0.03438554745978184,0.540312197173086,FALSE,FALSE
2004-09-02,Amundsen_Bellingshausen,4.106760967,-0.02642192248374542,0.02642192248374542,0.540312197173086,FALSE,FALSE
2004-09-03,Amundsen_Bellingshausen,4.110263841,-0.02028014565635061,0.02028014565635061,0.540312197173086,FALSE,FALSE
2004-09-04,Amundsen_Bellingshausen,4.092418712,-0.03507273779479547,0.03507273779479547,0.540312197173086,FALSE,FALSE
2004-09-05,Amundsen_Bellingshausen,4.063413941,-0.06066717271627642,0.06066717271627642,0.540312197173086,FALSE,FALSE
2004-09-06,Amundsen_Bellingshausen,4.046565264,-0.0738035492379927,0.0738035492379927,0.540312197173086,FALSE,FALSE
2004-09-07,Amundsen_Bellingshausen,4.038082293,-0.07832809017714393,0.07832809017714393,0.540312197173086,FALSE,FALSE
2004-09-08,Amundsen_Bellingshausen,4.02507458,-0.08718707835092765,0.08718707835092765,0.540312197173086,FALSE,FALSE
2004-09-09,Amundsen_Bellingshausen,4.064559281,-0.04341893605055969,0.04341893605055969,0.540312197173086,FALSE,FALSE
2004-09-10,Amundsen_Bellingshausen,4.107681523,0.00409023786459705,0.00409023786459705,0.540312197173086,FALSE,FALSE
2004-09-11,Amundsen_Bellingshausen,4.122108413,0.02302039289229007,0.02302039289229007,0.540312197173086,FALSE,FALSE
2004-09-12,Amundsen_Bellingshausen,4.108619296,0.01416835654408377,0.01416835654408377,0.540312197173086,FALSE,FALSE
2004-09-13,Amundsen_Bellingshausen,4.092626681,0.00296412033154602,0.00296412033154602,0.540312197173086,FALSE,FALSE
2004-09-14,Amundsen_Bellingshausen,4.068789381,-0.01591602023377092,0.01591602023377092,0.540312197173086,FALSE,FALSE
2004-09-15,Amundsen_Bellingshausen,4.038197987,-0.04136399164029747,0.04136399164029747,0.540312197173086,FALSE,FALSE
2004-09-16,Amundsen_Bellingshausen,3.993086361,-0.08112844937647479,0.08112844937647479,0.540312197173086,FALSE,FALSE
2004-09-17,Amundsen_Bellingshausen,3.941342784,-0.1273036299307413,0.1273036299307413,0.540312197173086,FALSE,FALSE
2004-09-18,Amundsen_Bellingshausen,3.896461822,-0.16637748479153025,0.16637748479153025,0.540312197173086,FALSE,FALSE
2004-09-19,Amundsen_Bellingshausen,3.855531366,-0.2012446404472792,0.2012446404472792,0.540312197173086,FALSE,FALSE
2004-09-20,Amundsen_Bellingshausen,3.841545565,-0.20889346538643008,0.20889346538643008,0.540312197173086,FALSE,FALSE
2004-09-21,Amundsen_Bellingshausen,3.816849889,-0.22696100709741884,0.22696100709741884,0.540312197173086,FALSE,FALSE
2004-09-22,Amundsen_Bellingshausen,3.800125229,-0.2367494731438704,0.2367494731438704,0.540312197173086,FALSE,FALSE
2004-09-23,Amundsen_Bellingshausen,3.783205321,-0.2464144471530623,0.2464144471530623,0.540312197173086,FALSE,FALSE
2004-09-24,Amundsen_Bellingshausen,3.812278572,-0.20976061554509196,0.20976061554509196,0.540312197173086,FALSE,FALSE
2004-09-25,Amundsen_Bellingshausen,3.825315395,-0.1888107116905462,0.1888107116905462,0.540312197173086,FALSE,FALSE
2004-09-26,Amundsen_Bellingshausen,3.85272523,-0.15314844196000357,0.15314844196000357,0.540312197173086,FALSE,FALSE
2004-09-27,Amundsen_Bellingshausen,3.860973524,-0.13630150572404753,0.13630150572404753,0.540312197173086,FALSE,FALSE
2004-09-28,Amundsen_Bellingshausen,3.893363393,-0.09495993335325804,0.09495993335325804,0.540312197173086,FALSE,FALSE
2004-09-29,Amundsen_Bellingshausen,3.917014153,-0.06199755521822014,0.06199755521822014,0.540312197173086,FALSE,FALSE
2004-09-30,Amundsen_Bellingshausen,3.927774436,-0.04155888568951127,0.04155888568951127,0.540312197173086,FALSE,FALSE
2004-10-01,Amundsen_Bellingshausen,3.91407527,-0.04520604313771503,0.04520604313771503,0.540312197173086,FALSE,FALSE
2004-10-02,Amundsen_Bellingshausen,3.881140444,-0.06770838493341191,0.06770838493341191,0.540312197173086,FALSE,FALSE
2004-10-03,Amundsen_Bellingshausen,3.821457527,-0.116571488447184,0.116571488447184,0.540312197173086,FALSE,FALSE
2004-10-04,Amundsen_Bellingshausen,3.797822664,-0.1289923701578477,0.1289923701578477,0.540312197173086,FALSE,FALSE
2004-10-05,Amundsen_Bellingshausen,3.774732525,-0.1404857969106912,0.1404857969106912,0.540312197173086,FALSE,FALSE
2004-10-06,Amundsen_Bellingshausen,3.772323924,-0.13098014944240166,0.13098014944240166,0.540312197173086,FALSE,FALSE
2004-10-07,Amundsen_Bellingshausen,3.737658185,-0.15348913338987868,0.15348913338987868,0.540312197173086,FALSE,FALSE
2004-10-08,Amundsen_Bellingshausen,3.687151112,-0.19167197439002592,0.19167197439002592,0.540312197173086,FALSE,FALSE
2004-10-09,Amundsen_Bellingshausen,3.661638609,-0.20476779807975065,0.20476779807975065,0.540312197173086,FALSE,FALSE
2004-10-10,Amundsen_Bellingshausen,3.648694497,-0.2052778130959534,0.2052778130959534,0.540312197173086,FALSE,FALSE
2004-10-11,Amundsen_Bellingshausen,3.646667125,-0.19492870007553753,0.19492870007553753,0.540312197173086,FALSE,FALSE
2004-10-12,Amundsen_Bellingshausen,3.650343323,-0.17900865865540805,0.17900865865540805,0.540312197173086,FALSE,FALSE
2004-10-13,Amundsen_Bellingshausen,3.618358324,-0.19895748547246497,0.19895748547246497,0.540312197173086,FALSE,FALSE
2004-10-14,Amundsen_Bellingshausen,3.578309372,-0.22725296616361537,0.22725296616361537,0.540312197173086,FALSE,FALSE
2004-10-15,Amundsen_Bellingshausen,3.532855687,-0.2613109103657618,0.2613109103657618,0.540312197173086,FALSE,FALSE
2004-10-16,Amundsen_Bellingshausen,3.523428079,-0.25977553771580686,0.25977553771580686,0.540312197173086,FALSE,FALSE
2004-10-17,Amundsen_Bellingshausen,3.531847042,-0.24089809141167784,0.24089809141167784,0.540312197173086,FALSE,FALSE
2004-10-18,Amundsen_Bellingshausen,3.535252649,-0.2275403052229961,0.2275403052229961,0.540312197173086,FALSE,FALSE
2004-10-19,Amundsen_Bellingshausen,3.543076809,-0.2102052223607296,0.2102052223607296,0.540312197173086,FALSE,FALSE
2004-10-20,Amundsen_Bellingshausen,3.545129706,-0.19901493416101831,0.19901493416101831,0.540312197173086,FALSE,FALSE
2004-10-21,Amundsen_Bellingshausen,3.521871171,-0.21344188496000305,0.21344188496000305,0.540312197173086,FALSE,FALSE
2004-10-22,Amundsen_Bellingshausen,3.518113112,-0.2086064420938194,0.2086064420938194,0.540312197173086,FALSE,FALSE
2004-10-23,Amundsen_Bellingshausen,3.524761474,-0.19353493589861115,0.19353493589861115,0.540312197173086,FALSE,FALSE
2004-10-24,Amundsen_Bellingshausen,3.521726433,-0.18824946571051585,0.18824946571051585,0.540312197173086,FALSE,FALSE
2004-10-25,Amundsen_Bellingshausen,3.505961106,-0.19572918986567345,0.19572918986567345,0.540312197173086,FALSE,FALSE
2004-10-26,Amundsen_Bellingshausen,3.505127526,-0.18824435070022183,0.18824435070022183,0.540312197173086,FALSE,FALSE
2004-10-27,Amundsen_Bellingshausen,3.516912831,-0.16804008555030325,0.16804008555030325,0.540312197173086,FALSE,FALSE
2004-10-28,Amundsen_Bellingshausen,3.495288213,-0.1810774777520554,0.1810774777520554,0.540312197173086,FALSE,FALSE
2004-10-29,Amundsen_Bellingshausen,3.510790347,-0.15675212764161728,0.15675212764161728,0.540312197173086,FALSE,FALSE
2004-10-30,Amundsen_Bellingshausen,3.516511391,-0.14191517801614983,0.14191517801614983,0.540312197173086,FALSE,FALSE
2004-10-31,Amundsen_Bellingshausen,3.53363219,-0.11538335438603298,0.11538335438603298,0.540312197173086,FALSE,FALSE
2004-11-01,Amundsen_Bellingshausen,3.536230739,-0.10309290180868658,0.10309290180868658,0.540312197173086,FALSE,FALSE
2004-11-02,Amundsen_Bellingshausen,3.529264201,-0.10010090182274968,0.10010090182274968,0.540312197173086,FALSE,FALSE
2004-11-03,Amundsen_Bellingshausen,3.523226149,-0.09592802596685646,0.09592802596685646,0.540312197173086,FALSE,FALSE
2004-11-04,Amundsen_Bellingshausen,3.504751207,-0.10395389477964344,0.10395389477964344,0.540312197173086,FALSE,FALSE
2004-11-05,Amundsen_Bellingshausen,3.495555592,-0.10247653579974392,0.10247653579974392,0.540312197173086,FALSE,FALSE
2004-11-06,Amundsen_Bellingshausen,3.478068354,-0.10908114356579723,0.10908114356579723,0.540312197173086,FALSE,FALSE
2004-11-07,Amundsen_Bellingshausen,3.47111007,-0.10496138561643598,0.10496138561643598,0.540312197173086,FALSE,FALSE
2004-11-08,Amundsen_Bellingshausen,3.451686412,-0.11312583449029344,0.11312583449029344,0.540312197173086,FALSE,FALSE
2004-11-09,Amundsen_Bellingshausen,3.424693788,-0.12869232672600806,0.12869232672600806,0.540312197173086,FALSE,FALSE
2004-11-10,Amundsen_Bellingshausen,3.440559078,-0.10124822686221524,0.10124822686221524,0.540312197173086,FALSE,FALSE
2004-11-11,Amundsen_Bellingshausen,3.480532981,-0.04955710125851809,0.04955710125851809,0.540312197173086,FALSE,FALSE
2004-11-12,Amundsen_Bellingshausen,3.500726621,-0.01752324306963659,0.01752324306963659,0.540312197173086,FALSE,FALSE
2004-11-13,Amundsen_Bellingshausen,3.496488413,-0.00981538583869579,0.00981538583869579,0.540312197173086,FALSE,FALSE
2004-11-14,Amundsen_Bellingshausen,3.499465218,0.00519604008017005,0.00519604008017005,0.540312197173086,FALSE,FALSE
2004-11-15,Amundsen_Bellingshausen,3.496402961,0.01423966833281742,0.01423966833281742,0.540312197173086,FALSE,FALSE
2004-11-16,Amundsen_Bellingshausen,3.485795306,0.01579187156510952,0.01579187156510952,0.540312197173086,FALSE,FALSE
2004-11-17,Amundsen_Bellingshausen,3.468603762,0.01079686742290508,0.01079686742290508,0.540312197173086,FALSE,FALSE
2004-11-18,Amundsen_Bellingshausen,3.444936887,-6.540774479328881e-4,6.540774479328881e-4,0.540312197173086,FALSE,FALSE
2004-11-19,Amundsen_Bellingshausen,3.43574821,0.00237527459845265,0.00237527459845265,0.540312197173086,FALSE,FALSE
2004-11-20,Amundsen_Bellingshausen,3.436997647,0.01582754820792509,0.01582754820792509,0.540312197173086,FALSE,FALSE
2004-11-21,Amundsen_Bellingshausen,3.420410065,0.01141031902634592,0.01141031902634592,0.540312197173086,FALSE,FALSE
2004-11-22,Amundsen_Bellingshausen,3.381182539,-0.01569662930042659,0.01569662930042659,0.540312197173086,FALSE,FALSE
2004-11-23,Amundsen_Bellingshausen,3.346736131,-0.03808952612653149,0.03808952612653149,0.540312197173086,FALSE,FALSE
2004-11-24,Amundsen_Bellingshausen,3.322416067,-0.05043569850198803,0.05043569850198803,0.540312197173086,FALSE,FALSE
2004-11-25,Amundsen_Bellingshausen,3.30728307,-0.0536469006944591,0.0536469006944591,0.540312197173086,FALSE,FALSE
2004-11-26,Amundsen_Bellingshausen,3.300452394,-0.04856020482926349,0.04856020482926349,0.540312197173086,FALSE,FALSE
2004-11-27,Amundsen_Bellingshausen,3.297673416,-0.03937840739851106,0.03937840739851106,0.540312197173086,FALSE,FALSE
2004-11-28,Amundsen_Bellingshausen,3.2815016,-0.04349821789432351,0.04349821789432351,0.540312197173086,FALSE,FALSE
2004-11-29,Amundsen_Bellingshausen,3.292134661,-0.0206740948088151,0.0206740948088151,0.540312197173086,FALSE,FALSE
2004-11-30,Amundsen_Bellingshausen,3.281192806,-0.01923800463410341,0.01923800463410341,0.540312197173086,FALSE,FALSE
2004-12-01,Amundsen_Bellingshausen,3.260101628,-0.02771652786230438,0.02771652786230438,0.540312197173086,FALSE,FALSE
2004-12-02,Amundsen_Bellingshausen,3.221167365,-0.05375559998553614,0.05375559998553614,0.540312197173086,FALSE,FALSE
2004-12-03,Amundsen_Bellingshausen,3.208445261,-0.05325215049591181,0.05325215049591181,0.540312197173086,FALSE,FALSE
2004-12-04,Amundsen_Bellingshausen,3.195559524,-0.05253414488555119,0.05253414488555119,0.540312197173086,FALSE,FALSE
2004-12-05,Amundsen_Bellingshausen,3.185364905,-0.04869900564656859,0.04869900564656859,0.540312197173086,FALSE,FALSE
2004-12-06,Amundsen_Bellingshausen,3.173282733,-0.04627750650526519,0.04627750650526519,0.540312197173086,FALSE,FALSE
2004-12-07,Amundsen_Bellingshausen,3.149741062,-0.05477172821424014,0.05477172821424014,0.540312197173086,FALSE,FALSE
2004-12-08,Amundsen_Bellingshausen,3.129923376,-0.0588753428396882,0.0588753428396882,0.540312197173086,FALSE,FALSE
2004-12-09,Amundsen_Bellingshausen,3.114550088,-0.05773726731471651,0.05773726731471651,0.540312197173086,FALSE,FALSE
2004-12-10,Amundsen_Bellingshausen,3.116069404,-0.03877862557242961,0.03877862557242961,0.540312197173086,FALSE,FALSE
2004-12-11,Amundsen_Bellingshausen,3.109870228,-0.02647984354593635,0.02647984354593635,0.540312197173086,FALSE,FALSE
2004-12-12,Amundsen_Bellingshausen,3.0854826380000002,-0.03118017316833654,0.03118017316833654,0.540312197173086,FALSE,FALSE
2004-12-13,Amundsen_Bellingshausen,3.069823641,-0.02583193737274314,0.02583193737274314,0.540312197173086,FALSE,FALSE
2004-12-14,Amundsen_Bellingshausen,3.047144959,-0.0260527440922571,0.0260527440922571,0.540312197173086,FALSE,FALSE
2004-12-15,Amundsen_Bellingshausen,3.045711844,-0.00344667125998476,0.00344667125998476,0.540312197173086,FALSE,FALSE
2004-12-16,Amundsen_Bellingshausen,3.052924086,0.02951674119096736,0.02951674119096736,0.540312197173086,FALSE,FALSE
2004-12-17,Amundsen_Bellingshausen,3.054303196,0.05848967432749408,0.05848967432749408,0.540312197173086,FALSE,FALSE
2004-12-18,Amundsen_Bellingshausen,3.03821015,0.07196377421648892,0.07196377421648892,0.540312197173086,FALSE,FALSE
2004-12-19,Amundsen_Bellingshausen,3.027696233,0.09311105105840456,0.09311105105840456,0.540312197173086,FALSE,FALSE
2004-12-20,Amundsen_Bellingshausen,3.010601785,0.10973532254613172,0.10973532254613172,0.540312197173086,FALSE,FALSE
2004-12-21,Amundsen_Bellingshausen,2.999253683,0.13400142511014757,0.13400142511014757,0.540312197173086,FALSE,FALSE
2004-12-22,Amundsen_Bellingshausen,2.977425504,0.14951739737324532,0.14951739737324532,0.540312197173086,FALSE,FALSE
2004-12-23,Amundsen_Bellingshausen,2.946492084,0.15749253695820542,0.15749253695820542,0.540312197173086,FALSE,FALSE
2004-12-24,Amundsen_Bellingshausen,2.926336698,0.17764458048781773,0.17764458048781773,0.540312197173086,FALSE,FALSE
2004-12-25,Amundsen_Bellingshausen,2.901015547,0.19386419058486928,0.19386419058486928,0.540312197173086,FALSE,FALSE
2004-12-26,Amundsen_Bellingshausen,2.88533023,0.22078742787214933,0.22078742787214933,0.540312197173086,FALSE,FALSE
2004-12-27,Amundsen_Bellingshausen,2.787253542,0.16622154897244013,0.16622154897244013,0.540312197173086,FALSE,FALSE
2004-12-28,Amundsen_Bellingshausen,2.747403697,0.17061922950852937,0.17061922950852937,0.540312197173086,FALSE,FALSE
2004-12-29,Amundsen_Bellingshausen,2.689170259,0.15720449510321055,0.15720449510321055,0.540312197173086,FALSE,FALSE
2004-12-30,Amundsen_Bellingshausen,2.656998481,0.1702570603792637,0.1702570603792637,0.540312197173086,FALSE,FALSE
2004-12-31,Amundsen_Bellingshausen,2.649553084,0.2082761079594757,0.2082761079594757,0.540312197173086,FALSE,FALSE
2005-01-01,Amundsen_Bellingshausen,2.630533752,0.18925677595947565,0.18925677595947565,0.540312197173086,FALSE,FALSE
2005-01-02,Amundsen_Bellingshausen,2.584609873,0.1888786624726708,0.1888786624726708,0.540312197173086,FALSE,FALSE
2005-01-03,Amundsen_Bellingshausen,2.551047758,0.20081188557181173,0.20081188557181173,0.540312197173086,FALSE,FALSE
2005-01-04,Amundsen_Bellingshausen,2.477919001,0.17300304891590423,0.17300304891590423,0.540312197173086,FALSE,FALSE
2005-01-05,Amundsen_Bellingshausen,2.335735017,0.07583857716393894,0.07583857716393894,0.540312197173086,FALSE,FALSE
2005-01-06,Amundsen_Bellingshausen,2.171083809,-0.04421851702507906,0.04421851702507906,0.540312197173086,FALSE,FALSE
2005-01-07,Amundsen_Bellingshausen,2.175999723,0.00474112200784526,0.00474112200784526,0.540312197173086,FALSE,FALSE
2005-01-08,Amundsen_Bellingshausen,2.139484187,0.01159393192171354,0.01159393192171354,0.540312197173086,FALSE,FALSE
2005-01-09,Amundsen_Bellingshausen,2.027803647,-0.0575186316244749,0.0575186316244749,0.540312197173086,FALSE,FALSE
2005-01-10,Amundsen_Bellingshausen,1.968618296,-0.0750613659717192,0.0750613659717192,0.540312197173086,FALSE,FALSE
2005-01-11,Amundsen_Bellingshausen,1.943306909,-0.05978048646102252,0.05978048646102252,0.540312197173086,FALSE,FALSE
2005-01-12,Amundsen_Bellingshausen,1.871339888,-0.09233058143338436,0.09233058143338436,0.540312197173086,FALSE,FALSE
2005-01-13,Amundsen_Bellingshausen,1.774455394,-0.15109848022980366,0.15109848022980366,0.540312197173086,FALSE,FALSE
2005-01-14,Amundsen_Bellingshausen,1.708115016,-0.18074562837690156,0.18074562837690156,0.540312197173086,FALSE,FALSE
2005-01-15,Amundsen_Bellingshausen,1.608476103,-0.24516752731904431,0.24516752731904431,0.540312197173086,FALSE,FALSE
2005-01-16,Amundsen_Bellingshausen,1.574678979,-0.245188777872952,0.245188777872952,0.540312197173086,FALSE,FALSE
2005-01-17,Amundsen_Bellingshausen,1.550113433,-0.23737895514002272,0.23737895514002272,0.540312197173086,FALSE,FALSE
2005-01-18,Amundsen_Bellingshausen,1.540893706,-0.2155831822216574,0.2155831822216574,0.540312197173086,FALSE,FALSE
2005-01-19,Amundsen_Bellingshausen,1.53292586,-0.1938547612192556,0.1938547612192556,0.540312197173086,FALSE,FALSE
2005-01-20,Amundsen_Bellingshausen,1.512213579,-0.1861493722342189,0.1861493722342189,0.540312197173086,FALSE,FALSE
2005-01-21,Amundsen_Bellingshausen,1.494081465,-0.1771017773679453,0.1771017773679453,0.540312197173086,FALSE,FALSE
2005-01-22,Amundsen_Bellingshausen,1.452925213,-0.19227564572183595,0.19227564572183595,0.540312197173086,FALSE,FALSE
2005-01-23,Amundsen_Bellingshausen,1.420291887,-0.2000832773972918,0.2000832773972918,0.540312197173086,FALSE,FALSE
2005-01-24,Amundsen_Bellingshausen,1.406809715,-0.1898558084957107,0.1898558084957107,0.540312197173086,FALSE,FALSE
2005-01-25,Amundsen_Bellingshausen,1.399184018,-0.1748472821184952,0.1748472821184952,0.540312197173086,FALSE,FALSE
2005-01-26,Amundsen_Bellingshausen,1.369391135,-0.18304072336704325,0.18304072336704325,0.540312197173086,FALSE,FALSE
2005-01-27,Amundsen_Bellingshausen,1.351510507,-0.18031825946764468,0.18031825946764468,0.540312197173086,FALSE,FALSE
2005-01-28,Amundsen_Bellingshausen,1.333455161,-0.1787433523794515,0.1787433523794515,0.540312197173086,FALSE,FALSE
2005-01-29,Amundsen_Bellingshausen,1.326248244,-0.1672755310452767,0.1672755310452767,0.540312197173086,FALSE,FALSE
2005-01-30,Amundsen_Bellingshausen,1.314890295,-0.1608969523381771,0.1608969523381771,0.540312197173086,FALSE,FALSE
2005-01-31,Amundsen_Bellingshausen,1.290161583,-0.16881004313120385,0.16881004313120385,0.540312197173086,FALSE,FALSE
2005-02-01,Amundsen_Bellingshausen,1.283284827,-0.15977478029741057,0.15977478029741057,0.540312197173086,FALSE,FALSE
2005-02-02,Amundsen_Bellingshausen,1.284762122,-0.14327176470985092,0.14327176470985092,0.540312197173086,FALSE,FALSE
2005-02-03,Amundsen_Bellingshausen,1.281112916,-0.1327642442415773,0.1327642442415773,0.540312197173086,FALSE,FALSE
2005-02-04,Amundsen_Bellingshausen,1.277282006,-0.12329011776564204,0.12329011776564204,0.540312197173086,FALSE,FALSE
2005-02-05,Amundsen_Bellingshausen,1.270857828,-0.11724364515510088,0.11724364515510088,0.540312197173086,FALSE,FALSE
2005-02-06,Amundsen_Bellingshausen,1.251070324,-0.12537758028300483,0.12537758028300483,0.540312197173086,FALSE,FALSE
2005-02-07,Amundsen_Bellingshausen,1.227703879,-0.13789023402240708,0.13789023402240708,0.540312197173086,FALSE,FALSE
2005-02-08,Amundsen_Bellingshausen,1.235113745,-0.12040913582079638,0.12040913582079638,0.540312197173086,FALSE,FALSE
2005-02-09,Amundsen_Bellingshausen,1.224713912,-0.12151437494670758,0.12151437494670758,0.540312197173086,FALSE,FALSE
2005-02-10,Amundsen_Bellingshausen,1.205900508,-0.1318263713213208,0.1318263713213208,0.540312197173086,FALSE,FALSE
2005-02-11,Amundsen_Bellingshausen,1.221890105,-0.10814775741555628,0.10814775741555628,0.540312197173086,FALSE,FALSE
2005-02-12,Amundsen_Bellingshausen,1.22061755,-0.10256289070033577,0.10256289070033577,0.540312197173086,FALSE,FALSE
2005-02-13,Amundsen_Bellingshausen,1.213688939,-0.10348487964658082,0.10348487964658082,0.540312197173086,FALSE,FALSE
2005-02-14,Amundsen_Bellingshausen,1.202632406,-0.10940479472521104,0.10940479472521104,0.540312197173086,FALSE,FALSE
2005-02-15,Amundsen_Bellingshausen,1.202060295,-0.1057294964071489,0.1057294964071489,0.540312197173086,FALSE,FALSE
2005-02-16,Amundsen_Bellingshausen,1.210314926,-0.09413586916331608,0.09413586916331608,0.540312197173086,FALSE,FALSE
2005-02-17,Amundsen_Bellingshausen,1.197019978,-0.10501943846463124,0.10501943846463124,0.540312197173086,FALSE,FALSE
2005-02-18,Amundsen_Bellingshausen,1.193199107,-0.10737575278201694,0.10737575278201694,0.540312197173086,FALSE,FALSE
2005-02-19,Amundsen_Bellingshausen,1.187499867,-0.11257646258639564,0.11257646258639564,0.540312197173086,FALSE,FALSE
2005-02-20,Amundsen_Bellingshausen,1.1829295,-0.1176335303486864,0.1176335303486864,0.540312197173086,FALSE,FALSE
2005-02-21,Amundsen_Bellingshausen,1.181922383,-0.12012846060350468,0.12012846060350468,0.540312197173086,FALSE,FALSE
2005-02-22,Amundsen_Bellingshausen,1.184570039,-0.11994532582457818,0.11994532582457818,0.540312197173086,FALSE,FALSE
2005-02-23,Amundsen_Bellingshausen,1.193538257,-0.11436713243991892,0.11436713243991892,0.540312197173086,FALSE,FALSE
2005-02-24,Amundsen_Bellingshausen,1.17721325,-0.1349559784138619,0.1349559784138619,0.540312197173086,FALSE,FALSE
2005-02-25,Amundsen_Bellingshausen,1.173792627,-0.14346256571075,0.14346256571075,0.540312197173086,FALSE,FALSE
2005-02-26,Amundsen_Bellingshausen,1.16215721,-0.1609543832949214,0.1609543832949214,0.540312197173086,FALSE,FALSE
2005-02-27,Amundsen_Bellingshausen,1.152898276,-0.17678846513071567,0.17678846513071567,0.540312197173086,FALSE,FALSE
2005-02-28,Amundsen_Bellingshausen,1.144675996,-0.19225295118247088,0.19225295118247088,0.540312197173086,FALSE,FALSE
2005-03-01,Amundsen_Bellingshausen,1.14515732,-0.19962920241452764,0.19962920241452764,0.540312197173086,FALSE,FALSE
2005-03-02,Amundsen_Bellingshausen,1.164955736,-0.18825204179122523,0.18825204179122523,0.540312197173086,FALSE,FALSE
2005-03-03,Amundsen_Bellingshausen,1.170763814,-0.19137721027690313,0.19137721027690313,0.540312197173086,FALSE,FALSE
2005-03-04,Amundsen_Bellingshausen,1.165147201,-0.20638737183589995,0.20638737183589995,0.540312197173086,FALSE,FALSE
2005-03-05,Amundsen_Bellingshausen,1.182244474,-0.19909226375963215,0.19909226375963215,0.540312197173086,FALSE,FALSE
2005-03-06,Amundsen_Bellingshausen,1.186462546,-0.20504566364969937,0.20504566364969937,0.540312197173086,FALSE,FALSE
2005-03-07,Amundsen_Bellingshausen,1.196394768,-0.2056552036724979,0.2056552036724979,0.540312197173086,FALSE,FALSE
2005-03-08,Amundsen_Bellingshausen,1.207758943,-0.2052122498512503,0.2052122498512503,0.540312197173086,FALSE,FALSE
2005-03-09,Amundsen_Bellingshausen,1.218735293,-0.20554574920918056,0.20554574920918056,0.540312197173086,FALSE,FALSE
2005-03-10,Amundsen_Bellingshausen,1.233018591,-0.20297009776951125,0.20297009776951125,0.540312197173086,FALSE,FALSE
2005-03-11,Amundsen_Bellingshausen,1.24165662,-0.20644668155546597,0.20644668155546597,0.540312197173086,FALSE,FALSE
2005-03-12,Amundsen_Bellingshausen,1.274019542,-0.18661450759026832,0.18661450759026832,0.540312197173086,FALSE,FALSE
2005-03-13,Amundsen_Bellingshausen,1.298441782,-0.1751483198971433,0.1751483198971433,0.540312197173086,FALSE,FALSE
2005-03-14,Amundsen_Bellingshausen,1.309154465,-0.17782616249931116,0.17782616249931116,0.540312197173086,FALSE,FALSE
2005-03-15,Amundsen_Bellingshausen,1.326438523,-0.17437627241999665,0.17437627241999665,0.540312197173086,FALSE,FALSE
2005-03-16,Amundsen_Bellingshausen,1.365622548,-0.14947922668242497,0.14947922668242497,0.540312197173086,FALSE,FALSE
2005-03-17,Amundsen_Bellingshausen,1.383269069,-0.14658166530981664,0.14658166530981664,0.540312197173086,FALSE,FALSE
2005-03-18,Amundsen_Bellingshausen,1.397711198,-0.14735915454343806,0.14735915454343806,0.540312197173086,FALSE,FALSE
2005-03-19,Amundsen_Bellingshausen,1.4045934899999999,-0.15616356041667978,0.15616356041667978,0.540312197173086,FALSE,FALSE
2005-03-20,Amundsen_Bellingshausen,1.417222486,-0.15967194182083033,0.15967194182083033,0.540312197173086,FALSE,FALSE
2005-03-21,Amundsen_Bellingshausen,1.437193443,-0.1562720380068332,0.1562720380068332,0.540312197173086,FALSE,FALSE
2005-03-22,Amundsen_Bellingshausen,1.435360678,-0.1750925282256326,0.1750925282256326,0.540312197173086,FALSE,FALSE
2005-03-23,Amundsen_Bellingshausen,1.434149982,-0.1936906177281719,0.1936906177281719,0.540312197173086,FALSE,FALSE
2005-03-24,Amundsen_Bellingshausen,1.416601073,-0.22900958476539257,0.22900958476539257,0.540312197173086,FALSE,FALSE
2005-03-25,Amundsen_Bellingshausen,1.410479547,-0.2532668295882403,0.2532668295882403,0.540312197173086,FALSE,FALSE
2005-03-26,Amundsen_Bellingshausen,1.41568725,-0.2665435024476579,0.2665435024476579,0.540312197173086,FALSE,FALSE
2005-03-27,Amundsen_Bellingshausen,1.414334679,-0.2867121025945871,0.2867121025945871,0.540312197173086,FALSE,FALSE
2005-03-28,Amundsen_Bellingshausen,1.44899584,-0.27118162027997306,0.27118162027997306,0.540312197173086,FALSE,FALSE
2005-03-29,Amundsen_Bellingshausen,1.469841193,-0.2697645917547593,0.2697645917547593,0.540312197173086,FALSE,FALSE
2005-03-30,Amundsen_Bellingshausen,1.477416747,-0.2818980042698882,0.2818980042698882,0.540312197173086,FALSE,FALSE
2005-03-31,Amundsen_Bellingshausen,1.47158315,-0.30770716570334766,0.30770716570334766,0.540312197173086,FALSE,FALSE
2005-04-01,Amundsen_Bellingshausen,1.497931331,-0.30160328035289075,0.30160328035289075,0.540312197173086,FALSE,FALSE
2005-04-02,Amundsen_Bellingshausen,1.524936099,-0.29511917214185024,0.29511917214185024,0.540312197173086,FALSE,FALSE
2005-04-03,Amundsen_Bellingshausen,1.552223717,-0.2886362155401019,0.2886362155401019,0.540312197173086,FALSE,FALSE
2005-04-04,Amundsen_Bellingshausen,1.596513607,-0.265442626017518,0.265442626017518,0.540312197173086,FALSE,FALSE
2005-04-05,Amundsen_Bellingshausen,1.650035022,-0.23331678804397304,0.23331678804397304,0.540312197173086,FALSE,FALSE
2005-04-06,Amundsen_Bellingshausen,1.664733202,-0.2403210990893352,0.2403210990893352,0.540312197173086,FALSE,FALSE
2005-04-07,Amundsen_Bellingshausen,1.653423484,-0.27364785962348215,0.27364785962348215,0.540312197173086,FALSE,FALSE
2005-04-08,Amundsen_Bellingshausen,1.640517577,-0.30889299811628246,0.30889299811628246,0.540312197173086,FALSE,FALSE
2005-04-09,Amundsen_Bellingshausen,1.637533163,-0.3345464700376115,0.3345464700376115,0.540312197173086,FALSE,FALSE
2005-04-10,Amundsen_Bellingshausen,1.662859889,-0.3322262658573425,0.3322262658573425,0.540312197173086,FALSE,FALSE
2005-04-11,Amundsen_Bellingshausen,1.674265485,-0.3441722930453468,0.3441722930453468,0.540312197173086,FALSE,FALSE
2005-04-12,Amundsen_Bellingshausen,1.722792071,-0.3193500199647301,0.3193500199647301,0.540312197173086,FALSE,FALSE
2005-04-13,Amundsen_Bellingshausen,1.769839423,-0.2963637591279027,0.2963637591279027,0.540312197173086,FALSE,FALSE
2005-04-14,Amundsen_Bellingshausen,1.800869793,-0.28974957757478803,0.28974957757478803,0.540312197173086,FALSE,FALSE
2005-04-15,Amundsen_Bellingshausen,1.804556032,-0.31083240445074733,0.31083240445074733,0.540312197173086,FALSE,FALSE
2005-04-16,Amundsen_Bellingshausen,1.79362703,-0.3468811299011534,0.3468811299011534,0.540312197173086,FALSE,FALSE
2005-04-17,Amundsen_Bellingshausen,1.789487334,-0.3764889870713679,0.3764889870713679,0.540312197173086,FALSE,FALSE
2005-04-18,Amundsen_Bellingshausen,1.807658705,-0.3841319951067568,0.3841319951067568,0.540312197173086,FALSE,FALSE
2005-04-19,Amundsen_Bellingshausen,1.851064965,-0.3668841121526887,0.3668841121526887,0.540312197173086,FALSE,FALSE
2005-04-20,Amundsen_Bellingshausen,1.872987754,-0.3714614783545289,0.3714614783545289,0.540312197173086,FALSE,FALSE
2005-04-21,Amundsen_Bellingshausen,1.910930951,-0.3603579948576443,0.3603579948576443,0.540312197173086,FALSE,FALSE
2005-04-22,Amundsen_Bellingshausen,1.962426763,-0.3360392348073995,0.3360392348073995,0.540312197173086,FALSE,FALSE
2005-04-23,Amundsen_Bellingshausen,2.000665154,-0.32531301434916093,0.32531301434916093,0.540312197173086,FALSE,FALSE
2005-04-24,Amundsen_Bellingshausen,2.008261507,-0.34556173062829654,0.34556173062829654,0.540312197173086,FALSE,FALSE
2005-04-25,Amundsen_Bellingshausen,2.038245796,-0.343748848622234,0.343748848622234,0.540312197173086,FALSE,FALSE
2005-04-26,Amundsen_Bellingshausen,2.070448774,-0.3399958242288199,0.3399958242288199,0.540312197173086,FALSE,FALSE
2005-04-27,Amundsen_Bellingshausen,2.10254928,-0.3365532433627947,0.3365532433627947,0.540312197173086,FALSE,FALSE
2005-04-28,Amundsen_Bellingshausen,2.134619375,-0.33327822993479117,0.33327822993479117,0.540312197173086,FALSE,FALSE
2005-04-29,Amundsen_Bellingshausen,2.173846077,-0.3229129508554487,0.3229129508554487,0.540312197173086,FALSE,FALSE
2005-04-30,Amundsen_Bellingshausen,2.225010319,-0.30060565803540573,0.30060565803540573,0.540312197173086,FALSE,FALSE
2005-05-01,Amundsen_Bellingshausen,2.248474428,-0.30592320938529927,0.30592320938529927,0.540312197173086,FALSE,FALSE
2005-05-02,Amundsen_Bellingshausen,2.272047969,-0.31098522481576696,0.31098522481576696,0.540312197173086,FALSE,FALSE
2005-05-03,Amundsen_Bellingshausen,2.298386404,-0.31306542723744446,0.31306542723744446,0.540312197173086,FALSE,FALSE
2005-05-04,Amundsen_Bellingshausen,2.367931829,-0.2716509055609668,0.2716509055609668,0.540312197173086,FALSE,FALSE
2005-05-05,Amundsen_Bellingshausen,2.456637279,-0.2107178096969764,0.2107178096969764,0.540312197173086,FALSE,FALSE
2005-05-06,Amundsen_Bellingshausen,2.504859342,-0.18983873655610628,0.18983873655610628,0.540312197173086,FALSE,FALSE
2005-05-07,Amundsen_Bellingshausen,2.540903211,-0.1806377170321234,0.1806377170321234,0.540312197173086,FALSE,FALSE
2005-05-08,Amundsen_Bellingshausen,2.586094831,-0.1617397637208993,0.1617397637208993,0.540312197173086,FALSE,FALSE
2005-05-09,Amundsen_Bellingshausen,2.637408555,-0.13617932486863937,0.13617932486863937,0.540312197173086,FALSE,FALSE
2005-05-10,Amundsen_Bellingshausen,2.695327839,-0.10349126308640022,0.10349126308640022,0.540312197173086,FALSE,FALSE
2005-05-11,Amundsen_Bellingshausen,2.738276515,-0.08527006498524337,0.08527006498524337,0.540312197173086,FALSE,FALSE
2005-05-12,Amundsen_Bellingshausen,2.755034033,-0.09275459917622664,0.09275459917622664,0.540312197173086,FALSE,FALSE
2005-05-13,Amundsen_Bellingshausen,2.754965165,-0.1165984122704078,0.1165984122704078,0.540312197173086,FALSE,FALSE
2005-05-14,Amundsen_Bellingshausen,2.742245526,-0.15264420787885147,0.15264420787885147,0.540312197173086,FALSE,FALSE
2005-05-15,Amundsen_Bellingshausen,2.756387811,-0.1613976096126137,0.1613976096126137,0.540312197173086,FALSE,FALSE
2005-05-16,Amundsen_Bellingshausen,2.805015876,-0.13525308008275383,0.13525308008275383,0.540312197173086,FALSE,FALSE
2005-05-17,Amundsen_Bellingshausen,2.880565314,-0.08179334490033296,0.08179334490033296,0.540312197173086,FALSE,FALSE
2005-05-18,Amundsen_Bellingshausen,2.920723984,-0.06334886367640946,0.06334886367640946,0.540312197173086,FALSE,FALSE
2005-05-19,Amundsen_Bellingshausen,2.935071508,-0.07035833302204297,0.07035833302204297,0.540312197173086,FALSE,FALSE
2005-05-20,Amundsen_Bellingshausen,2.935182766,-0.09126512993895508,0.09126512993895508,0.540312197173086,FALSE,FALSE
2005-05-21,Amundsen_Bellingshausen,2.97203237,-0.07511177522392032,0.07511177522392032,0.540312197173086,FALSE,FALSE
2005-05-22,Amundsen_Bellingshausen,3.041094691,-0.0264400484740741,0.0264400484740741,0.540312197173086,FALSE,FALSE
2005-05-23,Amundsen_Bellingshausen,3.07555716,-0.01207863624072702,0.01207863624072702,0.540312197173086,FALSE,FALSE
2005-05-24,Amundsen_Bellingshausen,3.082458731,-0.02500470207518113,0.02500470207518113,0.540312197173086,FALSE,FALSE
2005-05-25,Amundsen_Bellingshausen,3.082798198,-0.04423556952874685,0.04423556952874685,0.540312197173086,FALSE,FALSE
2005-05-26,Amundsen_Bellingshausen,3.081673946,-0.06468897115273098,0.06468897115273098,0.540312197173086,FALSE,FALSE
2005-05-27,Amundsen_Bellingshausen,3.131692208,-0.03377479149844076,0.03377479149844076,0.540312197173086,FALSE,FALSE
2005-05-28,Amundsen_Bellingshausen,3.184954976,5.928438828175508e-4,5.928438828175508e-4,0.540312197173086,FALSE,FALSE
2005-05-29,Amundsen_Bellingshausen,3.20892597,0.0058615374397366,0.0058615374397366,0.540312197173086,FALSE,FALSE
2005-05-30,Amundsen_Bellingshausen,3.225736342,0.0041463236210073,0.0041463236210073,0.540312197173086,FALSE,FALSE
2005-05-31,Amundsen_Bellingshausen,3.198880891,-0.04107411612467615,0.04107411612467615,0.540312197173086,FALSE,FALSE
2005-06-01,Amundsen_Bellingshausen,3.168591362,-0.08958415434862177,0.08958415434862177,0.540312197173086,FALSE,FALSE
2005-06-02,Amundsen_Bellingshausen,3.154013817,-0.12224567833274104,0.12224567833274104,0.540312197173086,FALSE,FALSE
2005-06-03,Amundsen_Bellingshausen,3.190748299,-0.1034303577101192,0.1034303577101192,0.540312197173086,FALSE,FALSE
2005-06-04,Amundsen_Bellingshausen,3.228712017,-0.0831826509880873,0.0831826509880873,0.540312197173086,FALSE,FALSE
2005-06-05,Amundsen_Bellingshausen,3.232267171,-0.09710202530187396,0.09710202530187396,0.540312197173086,FALSE,FALSE
2005-06-06,Amundsen_Bellingshausen,3.211493648,-0.13507026078671558,0.13507026078671558,0.540312197173086,FALSE,FALSE
2005-06-07,Amundsen_Bellingshausen,3.204842859,-0.15859761357784263,0.15859761357784263,0.540312197173086,FALSE,FALSE
2005-06-08,Amundsen_Bellingshausen,3.236160138,-0.1438004168104876,0.1438004168104876,0.540312197173086,FALSE,FALSE
2005-06-09,Amundsen_Bellingshausen,3.256744784,-0.13934103861988367,0.13934103861988367,0.540312197173086,FALSE,FALSE
2005-06-10,Amundsen_Bellingshausen,3.277464904,-0.13431303914126105,0.13431303914126105,0.540312197173086,FALSE,FALSE
2005-06-11,Amundsen_Bellingshausen,3.321787373,-0.10521121050985638,0.10521121050985638,0.540312197173086,FALSE,FALSE
2005-06-12,Amundsen_Bellingshausen,3.354008563,-0.08770084786090093,0.08770084786090093,0.540312197173086,FALSE,FALSE
2005-06-13,Amundsen_Bellingshausen,3.3964807,-0.05939139232962409,0.05939139232962409,0.540312197173086,FALSE,FALSE
2005-06-14,Amundsen_Bellingshausen,3.442420466,-0.02702885277675948,0.02702885277675948,0.540312197173086,FALSE,FALSE
2005-06-15,Amundsen_Bellingshausen,3.466476989,-0.01597192212859788,0.01597192212859788,0.540312197173086,FALSE,FALSE
2005-06-16,Amundsen_Bellingshausen,3.518600475,0.02365987275477143,0.02365987275477143,0.540312197173086,FALSE,FALSE
2005-06-17,Amundsen_Bellingshausen,3.569697002,0.06269839138808564,0.06269839138808564,0.540312197173086,FALSE,FALSE
2005-06-18,Amundsen_Bellingshausen,3.637982391,0.119285236286085,0.119285236286085,0.540312197173086,FALSE,FALSE
2005-06-19,Amundsen_Bellingshausen,3.686014711,0.15590425796351148,0.15590425796351148,0.540312197173086,FALSE,FALSE
2005-06-20,Amundsen_Bellingshausen,3.724106472,0.18279374793510428,0.18279374793510428,0.540312197173086,FALSE,FALSE
2005-06-21,Amundsen_Bellingshausen,3.75393389,0.20155570371560616,0.20155570371560616,0.540312197173086,FALSE,FALSE
2005-06-22,Amundsen_Bellingshausen,3.754529642,0.19114858381975575,0.19114858381975575,0.540312197173086,FALSE,FALSE
2005-06-23,Amundsen_Bellingshausen,3.762073773,0.18767821476229507,0.18767821476229507,0.540312197173086,FALSE,FALSE
2005-06-24,Amundsen_Bellingshausen,3.798191553,0.21269564805796248,0.21269564805796248,0.540312197173086,FALSE,FALSE
2005-06-25,Amundsen_Bellingshausen,3.836088401,0.23933208422150096,0.23933208422150096,0.540312197173086,FALSE,FALSE
2005-06-26,Amundsen_Bellingshausen,3.848941253,0.2406902407676488,0.2406902407676488,0.540312197173086,FALSE,FALSE
2005-06-27,Amundsen_Bellingshausen,3.859182544,0.23913744464939413,0.23913744464939413,0.540312197173086,FALSE,FALSE
2005-06-28,Amundsen_Bellingshausen,3.866850069,0.23471522589463856,0.23471522589463856,0.540312197173086,FALSE,FALSE
2005-06-29,Amundsen_Bellingshausen,3.907941195,0.26345614363831027,0.26345614363831027,0.540312197173086,FALSE,FALSE
2005-06-30,Amundsen_Bellingshausen,3.920435846,0.2633754757523854,0.2633754757523854,0.540312197173086,FALSE,FALSE
2005-07-01,Amundsen_Bellingshausen,3.927381694,0.25755624810884115,0.25755624810884115,0.540312197173086,FALSE,FALSE
2005-07-02,Amundsen_Bellingshausen,3.97017143,0.2874265055796523,0.2874265055796523,0.540312197173086,FALSE,FALSE
2005-07-03,Amundsen_Bellingshausen,4.034933879,0.3391504270367953,0.3391504270367953,0.540312197173086,FALSE,FALSE
2005-07-04,Amundsen_Bellingshausen,4.048710765,0.33980509035225026,0.33980509035225026,0.540312197173086,FALSE,FALSE
2005-07-05,Amundsen_Bellingshausen,4.051691019,0.329614780397987,0.329614780397987,0.540312197173086,FALSE,FALSE
2005-07-06,Amundsen_Bellingshausen,4.055594332,0.3203345420459871,0.3203345420459871,0.540312197173086,FALSE,FALSE
2005-07-07,Amundsen_Bellingshausen,4.085560892,0.3371399171682268,0.3371399171682268,0.540312197173086,FALSE,FALSE
2005-07-08,Amundsen_Bellingshausen,4.097740827,0.33621638763667994,0.33621638763667994,0.540312197173086,FALSE,FALSE
2005-07-09,Amundsen_Bellingshausen,4.069011997,0.2944771310099106,0.2944771310099106,0.540312197173086,FALSE,FALSE
2005-07-10,Amundsen_Bellingshausen,4.072917899,0.28549389905548317,0.28549389905548317,0.540312197173086,FALSE,FALSE
2005-07-11,Amundsen_Bellingshausen,4.104400381,0.30422133780334004,0.30422133780334004,0.540312197173086,FALSE,FALSE
2005-07-12,Amundsen_Bellingshausen,4.112313517,0.299524273795861,0.299524273795861,0.540312197173086,FALSE,FALSE
2005-07-13,Amundsen_Bellingshausen,4.075758902,0.2505150545754229,0.2505150545754229,0.540312197173086,FALSE,FALSE
2005-07-14,Amundsen_Bellingshausen,4.050090508,0.21255840468440823,0.21255840468440823,0.540312197173086,FALSE,FALSE
2005-07-15,Amundsen_Bellingshausen,4.043643036,0.19399977766519427,0.19399977766519427,0.540312197173086,FALSE,FALSE
2005-07-16,Amundsen_Bellingshausen,4.086631399,0.22506483906015795,0.22506483906015795,0.540312197173086,FALSE,FALSE
2005-07-17,Amundsen_Bellingshausen,4.129394905,0.2561036494116795,0.2561036494116795,0.540312197173086,FALSE,FALSE
2005-07-18,Amundsen_Bellingshausen,4.189093576,0.30428698326214265,0.30428698326214265,0.540312197173086,FALSE,FALSE
2005-07-19,Amundsen_Bellingshausen,4.231258505,0.3351566861539177,0.3351566861539177,0.540312197173086,FALSE,FALSE
2005-07-20,Amundsen_Bellingshausen,4.237624671,0.3304584896293865,0.3304584896293865,0.540312197173086,FALSE,FALSE
2005-07-21,Amundsen_Bellingshausen,4.206360355,0.28837142723093123,0.28837142723093123,0.540312197173086,FALSE,FALSE
2005-07-22,Amundsen_Bellingshausen,4.153822112,0.22526308645500492,0.22526308645500492,0.540312197173086,FALSE,FALSE
2005-07-23,Amundsen_Bellingshausen,4.09259579,0.1537342118075533,0.1537342118075533,0.540312197173086,FALSE,FALSE
2005-07-24,Amundsen_Bellingshausen,4.104975916,0.1560970434243898,0.1560970434243898,0.540312197173086,FALSE,FALSE
2005-07-25,Amundsen_Bellingshausen,4.204986864,0.24639373233345108,0.24639373233345108,0.540312197173086,FALSE,FALSE
2005-07-26,Amundsen_Bellingshausen,4.304634176,0.3366475975626746,0.3366475975626746,0.540312197173086,FALSE,FALSE
2005-07-27,Amundsen_Bellingshausen,4.329835428,0.3527939921400023,0.3527939921400023,0.540312197173086,FALSE,FALSE
2005-07-28,Amundsen_Bellingshausen,4.338634279,0.3528943520933634,0.3528943520933634,0.540312197173086,FALSE,FALSE
2005-07-29,Amundsen_Bellingshausen,4.332281194,0.3382169194507032,0.3382169194507032,0.540312197173086,FALSE,FALSE
2005-07-30,Amundsen_Bellingshausen,4.336438645,0.334441943239951,0.334441943239951,0.540312197173086,FALSE,FALSE
2005-07-31,Amundsen_Bellingshausen,4.354836538,0.345317106489051,0.345317106489051,0.540312197173086,FALSE,FALSE
2005-08-01,Amundsen_Bellingshausen,4.386279137,0.3696644502259412,0.3696644502259412,0.540312197173086,FALSE,FALSE
2005-08-02,Amundsen_Bellingshausen,4.410537485,0.38727279447855345,0.38727279447855345,0.540312197173086,FALSE,FALSE
2005-08-03,Amundsen_Bellingshausen,4.371279555,0.34182788874733827,0.34182788874733827,0.540312197173086,FALSE,FALSE
2005-08-04,Amundsen_Bellingshausen,4.318775583,0.28360350539936263,0.28360350539936263,0.540312197173086,FALSE,FALSE
2005-08-05,Amundsen_Bellingshausen,4.271000819,0.23052706113990684,0.23052706113990684,0.540312197173086,FALSE,FALSE
2005-08-06,Amundsen_Bellingshausen,4.234521659,0.1891055392029344,0.1891055392029344,0.540312197173086,FALSE,FALSE
2005-08-07,Amundsen_Bellingshausen,4.237211454,0.1871528778223972,0.1871528778223972,0.540312197173086,FALSE,FALSE
2005-08-08,Amundsen_Bellingshausen,4.249439586,0.1949790462322598,0.1949790462322598,0.540312197173086,FALSE,FALSE
2005-08-09,Amundsen_Bellingshausen,4.228703333,0.17002190966647213,0.17002190966647213,0.540312197173086,FALSE,FALSE
2005-08-10,Amundsen_Bellingshausen,4.176395557,0.11361491735899244,0.11361491735899244,0.540312197173086,FALSE,FALSE
2005-08-11,Amundsen_Bellingshausen,4.154459556,0.0876419545437841,0.0876419545437841,0.540312197173086,FALSE,FALSE
2005-08-12,Amundsen_Bellingshausen,4.124716888,0.05386516645479844,0.05386516645479844,0.540312197173086,FALSE,FALSE
2005-08-13,Amundsen_Bellingshausen,4.119236757,0.04429434432599688,0.04429434432599688,0.540312197173086,FALSE,FALSE
2005-08-14,Amundsen_Bellingshausen,4.082021294,0.00287220639133156,0.00287220639133156,0.540312197173086,FALSE,FALSE
2005-08-15,Amundsen_Bellingshausen,4.053486704,-0.03004445511523545,0.03004445511523545,0.540312197173086,FALSE,FALSE
2005-08-16,Amundsen_Bellingshausen,4.001440472,-0.08670540632025947,0.08670540632025947,0.540312197173086,FALSE,FALSE
2005-08-17,Amundsen_Bellingshausen,3.977244608,-0.1157416393477182,0.1157416393477182,0.540312197173086,FALSE,FALSE
2005-08-18,Amundsen_Bellingshausen,3.99136579,-0.10660594027104286,0.10660594027104286,0.540312197173086,FALSE,FALSE
2005-08-19,Amundsen_Bellingshausen,4.043358287,-0.05965947408839156,0.05965947408839156,0.540312197173086,FALSE,FALSE
2005-08-20,Amundsen_Bellingshausen,4.068092041,-0.03994773279792874,0.03994773279792874,0.540312197173086,FALSE,FALSE
2005-08-21,Amundsen_Bellingshausen,4.085967864,-0.02698533839782335,0.02698533839782335,0.540312197173086,FALSE,FALSE
2005-08-22,Amundsen_Bellingshausen,4.129931595,0.01225811411376742,0.01225811411376742,0.540312197173086,FALSE,FALSE
2005-08-23,Amundsen_Bellingshausen,4.189229866,0.0671138227386745,0.0671138227386745,0.540312197173086,FALSE,FALSE
2005-08-24,Amundsen_Bellingshausen,4.2145607,0.0883643764787374,0.0883643764787374,0.540312197173086,FALSE,FALSE
2005-08-25,Amundsen_Bellingshausen,4.216195023,0.0863652673357942,0.0863652673357942,0.540312197173086,FALSE,FALSE
2005-08-26,Amundsen_Bellingshausen,4.230970959,0.09803918531167088,0.09803918531167088,0.540312197173086,FALSE,FALSE
2005-08-27,Amundsen_Bellingshausen,4.24739729,0.11197947840821688,0.11197947840821688,0.540312197173086,FALSE,FALSE
2005-08-28,Amundsen_Bellingshausen,4.247709442,0.11050613862725632,0.11050613862725632,0.540312197173086,FALSE,FALSE
2005-08-29,Amundsen_Bellingshausen,4.224660678,0.08644200349362041,0.08644200349362041,0.540312197173086,FALSE,FALSE
2005-08-30,Amundsen_Bellingshausen,4.209119529,0.07063406489224189,0.07063406489224189,0.540312197173086,FALSE,FALSE
2005-08-31,Amundsen_Bellingshausen,4.222720733,0.08466128741101464,0.08466128741101464,0.540312197173086,FALSE,FALSE
2005-09-01,Amundsen_Bellingshausen,4.243444549,0.10644809523274112,0.10644809523274112,0.540312197173086,FALSE,FALSE
2005-09-02,Amundsen_Bellingshausen,4.244919921,0.1095675975402184,0.1095675975402184,0.540312197173086,FALSE,FALSE
2005-09-03,Amundsen_Bellingshausen,4.24177731,0.1085944205162548,0.1085944205162548,0.540312197173086,FALSE,FALSE
2005-09-04,Amundsen_Bellingshausen,4.220067693,0.08952370634364915,0.08952370634364915,0.540312197173086,FALSE,FALSE
2005-09-05,Amundsen_Bellingshausen,4.23172918,0.1042377302052051,0.1042377302052051,0.540312197173086,FALSE,FALSE
2005-09-06,Amundsen_Bellingshausen,4.24829107,0.12420995628372287,0.12420995628372287,0.540312197173086,FALSE,FALSE
2005-09-07,Amundsen_Bellingshausen,4.254604326,0.1342355127620074,0.1342355127620074,0.540312197173086,FALSE,FALSE
2005-09-08,Amundsen_Bellingshausen,4.256016721,0.1396063378228556,0.1396063378228556,0.540312197173086,FALSE,FALSE
2005-09-09,Amundsen_Bellingshausen,4.241152993,0.12889133464907232,0.12889133464907232,0.540312197173086,FALSE,FALSE
2005-09-10,Amundsen_Bellingshausen,4.229418736,0.12144051894944052,0.12144051894944052,0.540312197173086,FALSE,FALSE
2005-09-11,Amundsen_Bellingshausen,4.218654629,0.11506334386459738,0.11506334386459738,0.540312197173086,FALSE,FALSE
2005-09-12,Amundsen_Bellingshausen,4.222837513,0.12374949289228976,0.12374949289228976,0.540312197173086,FALSE,FALSE
2005-09-13,Amundsen_Bellingshausen,4.225670172,0.1312192325440842,0.1312192325440842,0.540312197173086,FALSE,FALSE
2005-09-14,Amundsen_Bellingshausen,4.215941436,0.12627887533154605,0.12627887533154605,0.540312197173086,FALSE,FALSE
2005-09-15,Amundsen_Bellingshausen,4.218638239,0.13393283776622855,0.13393283776622855,0.540312197173086,FALSE,FALSE
2005-09-16,Amundsen_Bellingshausen,4.196169663,0.11660768435970235,0.11660768435970235,0.540312197173086,FALSE,FALSE
2005-09-17,Amundsen_Bellingshausen,4.15878771,0.08457289962352554,0.08457289962352554,0.540312197173086,FALSE,FALSE
2005-09-18,Amundsen_Bellingshausen,4.141761165,0.07311475106925869,0.07311475106925869,0.540312197173086,FALSE,FALSE
2005-09-19,Amundsen_Bellingshausen,4.129455753,0.06661644620846996,0.06661644620846996,0.540312197173086,FALSE,FALSE
2005-09-20,Amundsen_Bellingshausen,4.125577825,0.06880181855272038,0.06880181855272038,0.540312197173086,FALSE,FALSE
2005-09-21,Amundsen_Bellingshausen,4.17477427,0.12433523961357018,0.12433523961357018,0.540312197173086,FALSE,FALSE
2005-09-22,Amundsen_Bellingshausen,4.1786744240000004,0.13486352790258138,0.13486352790258138,0.540312197173086,FALSE,FALSE
2005-09-23,Amundsen_Bellingshausen,4.151314911,0.11444020885612982,0.11444020885612982,0.540312197173086,FALSE,FALSE
2005-09-24,Amundsen_Bellingshausen,4.125940094,0.0963203258469374,0.0963203258469374,0.540312197173086,FALSE,FALSE
2005-09-25,Amundsen_Bellingshausen,4.089540946,0.0675017584549078,0.0675017584549078,0.540312197173086,FALSE,FALSE
2005-09-26,Amundsen_Bellingshausen,4.080715219,0.06658911230945375,0.06658911230945375,0.540312197173086,FALSE,FALSE
2005-09-27,Amundsen_Bellingshausen,4.072941829,0.06706815703999691,0.06706815703999691,0.540312197173086,FALSE,FALSE
2005-09-28,Amundsen_Bellingshausen,4.070905286,0.07363025627595299,0.07363025627595299,0.540312197173086,FALSE,FALSE
2005-09-29,Amundsen_Bellingshausen,4.091007233,0.10268390664674198,0.10268390664674198,0.540312197173086,FALSE,FALSE
2005-09-30,Amundsen_Bellingshausen,4.092238133,0.11322642478178002,0.11322642478178002,0.540312197173086,FALSE,FALSE
2005-10-01,Amundsen_Bellingshausen,4.086731807,0.11739848531048835,0.11739848531048835,0.540312197173086,FALSE,FALSE
2005-10-02,Amundsen_Bellingshausen,4.045541968,0.08626065486228507,0.08626065486228507,0.540312197173086,FALSE,FALSE
2005-10-03,Amundsen_Bellingshausen,4.018983853,0.07013502406658789,0.07013502406658789,0.540312197173086,FALSE,FALSE
2005-10-04,Amundsen_Bellingshausen,4.001560572,0.06353155655281562,0.06353155655281562,0.540312197173086,FALSE,FALSE
2005-10-05,Amundsen_Bellingshausen,3.972387116,0.04557208184215255,0.04557208184215255,0.540312197173086,FALSE,FALSE
2005-10-06,Amundsen_Bellingshausen,3.928480137,0.0132618150893089,0.0132618150893089,0.540312197173086,FALSE,FALSE
2005-10-07,Amundsen_Bellingshausen,3.887803542,-0.01550053144240193,0.01550053144240193,0.540312197173086,FALSE,FALSE
2005-10-08,Amundsen_Bellingshausen,3.871228961,-0.01991835738987868,0.01991835738987868,0.540312197173086,FALSE,FALSE
2005-10-09,Amundsen_Bellingshausen,3.839114044,-0.03970904239002593,0.03970904239002593,0.540312197173086,FALSE,FALSE
2005-10-10,Amundsen_Bellingshausen,3.816232748,-0.0501736590797508,0.0501736590797508,0.540312197173086,FALSE,FALSE
2005-10-11,Amundsen_Bellingshausen,3.802945074,-0.05102723609595339,0.05102723609595339,0.540312197173086,FALSE,FALSE
2005-10-12,Amundsen_Bellingshausen,3.781110725,-0.06048510007553753,0.06048510007553753,0.540312197173086,FALSE,FALSE
2005-10-13,Amundsen_Bellingshausen,3.769640647,-0.0597113346554079,0.0597113346554079,0.540312197173086,FALSE,FALSE
2005-10-14,Amundsen_Bellingshausen,3.785692595,-0.03162321447246485,0.03162321447246485,0.540312197173086,FALSE,FALSE
2005-10-15,Amundsen_Bellingshausen,3.820645288,0.01508294983638469,0.01508294983638469,0.540312197173086,FALSE,FALSE
2005-10-16,Amundsen_Bellingshausen,3.855579146,0.06141254863423828,0.06141254863423828,0.540312197173086,FALSE,FALSE
2005-10-17,Amundsen_Bellingshausen,3.877185463,0.09398184628419326,0.09398184628419326,0.540312197173086,FALSE,FALSE
2005-10-18,Amundsen_Bellingshausen,3.889832569,0.11708743558832246,0.11708743558832246,0.540312197173086,FALSE,FALSE
2005-10-19,Amundsen_Bellingshausen,3.897451745,0.13465879077700427,0.13465879077700427,0.540312197173086,FALSE,FALSE
2005-10-20,Amundsen_Bellingshausen,3.896775833,0.1434938016392704,0.1434938016392704,0.540312197173086,FALSE,FALSE
2005-10-21,Amundsen_Bellingshausen,3.914090503,0.16994586283898183,0.16994586283898183,0.540312197173086,FALSE,FALSE
2005-10-22,Amundsen_Bellingshausen,3.91779697,0.18248391403999695,0.18248391403999695,0.540312197173086,FALSE,FALSE
2005-10-23,Amundsen_Bellingshausen,3.921831118,0.19511156390618067,0.19511156390618067,0.540312197173086,FALSE,FALSE
2005-10-24,Amundsen_Bellingshausen,3.908990526,0.1906941161013891,0.1906941161013891,0.540312197173086,FALSE,FALSE
2005-10-25,Amundsen_Bellingshausen,3.90666518,0.19668928128948424,0.19668928128948424,0.540312197173086,FALSE,FALSE
2005-10-26,Amundsen_Bellingshausen,3.91508862,0.2133983241343267,0.2133983241343267,0.540312197173086,FALSE,FALSE
2005-10-27,Amundsen_Bellingshausen,3.915938436,0.2225665592997781,0.2225665592997781,0.540312197173086,FALSE,FALSE
2005-10-28,Amundsen_Bellingshausen,3.913858142,0.22890522544969685,0.22890522544969685,0.540312197173086,FALSE,FALSE
2005-10-29,Amundsen_Bellingshausen,3.918723391,0.24235770024794467,0.24235770024794467,0.540312197173086,FALSE,FALSE
2005-10-30,Amundsen_Bellingshausen,3.907160757,0.239618282358383,0.239618282358383,0.540312197173086,FALSE,FALSE
2005-10-31,Amundsen_Bellingshausen,3.878221209,0.21979463998385015,0.21979463998385015,0.540312197173086,FALSE,FALSE
2005-11-01,Amundsen_Bellingshausen,3.853866183,0.20485063861396705,0.20485063861396705,0.540312197173086,FALSE,FALSE
2005-11-02,Amundsen_Bellingshausen,3.818925813,0.17960217219131325,0.17960217219131325,0.540312197173086,FALSE,FALSE
2005-11-03,Amundsen_Bellingshausen,3.785576303,0.1562112001772502,0.1562112001772502,0.540312197173086,FALSE,FALSE
2005-11-04,Amundsen_Bellingshausen,3.762286402,0.14313222703314343,0.14313222703314343,0.540312197173086,FALSE,FALSE
2005-11-05,Amundsen_Bellingshausen,3.727808491,0.11910338922035636,0.11910338922035636,0.540312197173086,FALSE,FALSE
2005-11-06,Amundsen_Bellingshausen,3.729925785,0.1318936572002558,0.1318936572002558,0.540312197173086,FALSE,FALSE
2005-11-07,Amundsen_Bellingshausen,3.72410596,0.136956462434203,0.136956462434203,0.540312197173086,FALSE,FALSE
2005-11-08,Amundsen_Bellingshausen,3.715776957,0.1397055013835642,0.1397055013835642,0.540312197173086,FALSE,FALSE
2005-11-09,Amundsen_Bellingshausen,3.707012702,0.14220045550970672,0.14220045550970672,0.540312197173086,FALSE,FALSE
2005-11-10,Amundsen_Bellingshausen,3.682433898,0.12904778327399224,0.12904778327399224,0.540312197173086,FALSE,FALSE
2005-11-11,Amundsen_Bellingshausen,3.682182718,0.14037541313778457,0.14037541313778457,0.540312197173086,FALSE,FALSE
2005-11-12,Amundsen_Bellingshausen,3.680363197,0.15027311474148197,0.15027311474148197,0.540312197173086,FALSE,FALSE
2005-11-13,Amundsen_Bellingshausen,3.670305676,0.15205581193036322,0.15205581193036322,0.540312197173086,FALSE,FALSE
2005-11-14,Amundsen_Bellingshausen,3.670154629,0.1638508301613042,0.1638508301613042,0.540312197173086,FALSE,FALSE
2005-11-15,Amundsen_Bellingshausen,3.695746346,0.2014771680801699,0.2014771680801699,0.540312197173086,FALSE,FALSE
2005-11-16,Amundsen_Bellingshausen,3.70038741,0.21822411733281744,0.21822411733281744,0.540312197173086,FALSE,FALSE
2005-11-17,Amundsen_Bellingshausen,3.712605039,0.2426016045651096,0.2426016045651096,0.540312197173086,FALSE,FALSE
2005-11-18,Amundsen_Bellingshausen,3.706067278,0.24826038342290513,0.24826038342290513,0.540312197173086,FALSE,FALSE
2005-11-19,Amundsen_Bellingshausen,3.707185906,0.2615949415520671,0.2615949415520671,0.540312197173086,FALSE,FALSE
2005-11-20,Amundsen_Bellingshausen,3.680116538,0.24674360259845285,0.24674360259845285,0.540312197173086,FALSE,FALSE
2005-11-21,Amundsen_Bellingshausen,3.636855446,0.2156853472079252,0.2156853472079252,0.540312197173086,FALSE,FALSE
2005-11-22,Amundsen_Bellingshausen,3.633677604,0.22467785802634577,0.22467785802634577,0.540312197173086,FALSE,FALSE
2005-11-23,Amundsen_Bellingshausen,3.640803368,0.24392419969957313,0.24392419969957313,0.540312197173086,FALSE,FALSE
2005-11-24,Amundsen_Bellingshausen,3.623882275,0.23905661787346855,0.23905661787346855,0.540312197173086,FALSE,FALSE
2005-11-25,Amundsen_Bellingshausen,3.615257734,0.2424059684980122,0.2424059684980122,0.540312197173086,FALSE,FALSE
2005-11-26,Amundsen_Bellingshausen,3.607148576,0.24621860530554107,0.24621860530554107,0.540312197173086,FALSE,FALSE
2005-11-27,Amundsen_Bellingshausen,3.591960976,0.24294837717073656,0.24294837717073656,0.540312197173086,FALSE,FALSE
2005-11-28,Amundsen_Bellingshausen,3.582013806,0.24496198260148905,0.24496198260148905,0.540312197173086,FALSE,FALSE
2005-11-29,Amundsen_Bellingshausen,3.567835748,0.2428359301056764,0.2428359301056764,0.540312197173086,FALSE,FALSE
2005-11-30,Amundsen_Bellingshausen,3.555763491,0.2429547351911849,0.2429547351911849,0.540312197173086,FALSE,FALSE
2005-12-01,Amundsen_Bellingshausen,3.525415768,0.2249849573658964,0.2249849573658964,0.540312197173086,FALSE,FALSE
2005-12-02,Amundsen_Bellingshausen,3.487646794,0.1998286381376957,0.1998286381376957,0.540312197173086,FALSE,FALSE
2005-12-03,Amundsen_Bellingshausen,3.483203233,0.20828026801446375,0.20828026801446375,0.540312197173086,FALSE,FALSE
2005-12-04,Amundsen_Bellingshausen,3.488907043,0.22720963150408835,0.22720963150408835,0.540312197173086,FALSE,FALSE
2005-12-05,Amundsen_Bellingshausen,3.480948476,0.23285480711444873,0.23285480711444873,0.540312197173086,FALSE,FALSE
2005-12-06,Amundsen_Bellingshausen,3.465528649,0.2314647383534312,0.2314647383534312,0.540312197173086,FALSE,FALSE
2005-12-07,Amundsen_Bellingshausen,3.440850347,0.22129010749473463,0.22129010749473463,0.540312197173086,FALSE,FALSE
2005-12-08,Amundsen_Bellingshausen,3.405634766,0.20112197578575983,0.20112197578575983,0.540312197173086,FALSE,FALSE
2005-12-09,Amundsen_Bellingshausen,3.388170393,0.19937167416031176,0.19937167416031176,0.540312197173086,FALSE,FALSE
2005-12-10,Amundsen_Bellingshausen,3.352159031,0.17987167568528317,0.17987167568528317,0.540312197173086,FALSE,FALSE
2005-12-11,Amundsen_Bellingshausen,3.335380758,0.18053272842757015,0.18053272842757015,0.540312197173086,FALSE,FALSE
2005-12-12,Amundsen_Bellingshausen,3.320587825,0.18423775345406357,0.18423775345406357,0.540312197173086,FALSE,FALSE
2005-12-13,Amundsen_Bellingshausen,3.292015288,0.17535247683166322,0.17535247683166322,0.540312197173086,FALSE,FALSE
2005-12-14,Amundsen_Bellingshausen,3.270151382,0.17449580362725658,0.17449580362725658,0.540312197173086,FALSE,FALSE
2005-12-15,Amundsen_Bellingshausen,3.238655843,0.16545813990774283,0.16545813990774283,0.540312197173086,FALSE,FALSE
2005-12-16,Amundsen_Bellingshausen,3.20618054,0.15702202474001536,0.15702202474001536,0.540312197173086,FALSE,FALSE
2005-12-17,Amundsen_Bellingshausen,3.1867494,0.16334205519096745,0.16334205519096745,0.540312197173086,FALSE,FALSE
2005-12-18,Amundsen_Bellingshausen,3.157212399,0.16139887732749392,0.16139887732749392,0.540312197173086,FALSE,FALSE
2005-12-19,Amundsen_Bellingshausen,3.126801736,0.16055536021648908,0.16055536021648908,0.540312197173086,FALSE,FALSE
2005-12-20,Amundsen_Bellingshausen,3.102521454,0.16793627205840478,0.16793627205840478,0.540312197173086,FALSE,FALSE
2005-12-21,Amundsen_Bellingshausen,3.05860114,0.15773467754613169,0.15773467754613169,0.540312197173086,FALSE,FALSE
2005-12-22,Amundsen_Bellingshausen,2.995724181,0.13047192311014744,0.13047192311014744,0.540312197173086,FALSE,FALSE
2005-12-23,Amundsen_Bellingshausen,2.92968686,0.10177875337324505,0.10177875337324505,0.540312197173086,FALSE,FALSE
2005-12-24,Amundsen_Bellingshausen,2.886649649,0.09765010195820568,0.09765010195820568,0.540312197173086,FALSE,FALSE
2005-12-25,Amundsen_Bellingshausen,2.831883543,0.08319142548781766,0.08319142548781766,0.540312197173086,FALSE,FALSE
2005-12-26,Amundsen_Bellingshausen,2.786093658,0.07894230158486915,0.07894230158486915,0.540312197173086,FALSE,FALSE
2005-12-27,Amundsen_Bellingshausen,2.753591058,0.08904825587214926,0.08904825587214926,0.540312197173086,FALSE,FALSE
2005-12-28,Amundsen_Bellingshausen,2.669456,0.04842400697243976,0.04842400697243976,0.540312197173086,FALSE,FALSE
2005-12-29,Amundsen_Bellingshausen,2.606714031,0.02992956350852926,0.02992956350852926,0.540312197173086,FALSE,FALSE
2005-12-30,Amundsen_Bellingshausen,2.543194046,0.01122828210321058,0.01122828210321058,0.540312197173086,FALSE,FALSE
2005-12-31,Amundsen_Bellingshausen,2.429243345,-0.05749807562073616,0.05749807562073616,0.540312197173086,FALSE,FALSE
2006-01-01,Amundsen_Bellingshausen,2.400730696,-0.04054628004052407,0.04054628004052407,0.540312197173086,FALSE,FALSE
2006-01-02,Amundsen_Bellingshausen,2.29925924,-0.09647197052732892,0.09647197052732892,0.540312197173086,FALSE,FALSE
2006-01-03,Amundsen_Bellingshausen,2.189013646,-0.16122222642818862,0.16122222642818862,0.540312197173086,FALSE,FALSE
2006-01-04,Amundsen_Bellingshausen,2.097643852,-0.2072721000840958,0.2072721000840958,0.540312197173086,FALSE,FALSE
2006-01-05,Amundsen_Bellingshausen,2.036689244,-0.22320719583606108,0.22320719583606108,0.540312197173086,FALSE,FALSE
2006-01-06,Amundsen_Bellingshausen,1.971064397,-0.24423792902507935,0.24423792902507935,0.540312197173086,FALSE,FALSE
2006-01-07,Amundsen_Bellingshausen,1.887146949,-0.2841116519921547,0.2841116519921547,0.540312197173086,FALSE,FALSE
2006-01-08,Amundsen_Bellingshausen,1.827162559,-0.3007276960782863,0.3007276960782863,0.540312197173086,FALSE,FALSE
2006-01-09,Amundsen_Bellingshausen,1.766757631,-0.3185646476244748,0.3185646476244748,0.540312197173086,FALSE,FALSE
2006-01-10,Amundsen_Bellingshausen,1.721845797,-0.3218338649717192,0.3218338649717192,0.540312197173086,FALSE,FALSE
2006-01-11,Amundsen_Bellingshausen,1.685513224,-0.3175741714610225,0.3175741714610225,0.540312197173086,FALSE,FALSE
2006-01-12,Amundsen_Bellingshausen,1.62914289,-0.3345275794333844,0.3345275794333844,0.540312197173086,FALSE,FALSE
2006-01-13,Amundsen_Bellingshausen,1.601450452,-0.3241034222298038,0.3241034222298038,0.540312197173086,FALSE,FALSE
2006-01-14,Amundsen_Bellingshausen,1.563887019,-0.32497362537690155,0.32497362537690155,0.540312197173086,FALSE,FALSE
2006-01-15,Amundsen_Bellingshausen,1.522437556,-0.33120607431904436,0.33120607431904436,0.540312197173086,FALSE,FALSE
2006-01-16,Amundsen_Bellingshausen,1.50075128,-0.31911647687295197,0.31911647687295197,0.540312197173086,FALSE,FALSE
2006-01-17,Amundsen_Bellingshausen,1.474220681,-0.3132717071400226,0.3132717071400226,0.540312197173086,FALSE,FALSE
2006-01-18,Amundsen_Bellingshausen,1.427058101,-0.3294187872216574,0.3294187872216574,0.540312197173086,FALSE,FALSE
2006-01-19,Amundsen_Bellingshausen,1.397292683,-0.3294879382192555,0.3294879382192555,0.540312197173086,FALSE,FALSE
2006-01-20,Amundsen_Bellingshausen,1.38751649,-0.3108464612342188,0.3108464612342188,0.540312197173086,FALSE,FALSE
2006-01-21,Amundsen_Bellingshausen,1.356946015,-0.31423722736794546,0.31423722736794546,0.540312197173086,FALSE,FALSE
2006-01-22,Amundsen_Bellingshausen,1.268328368,-0.37687249072183615,0.37687249072183615,0.540312197173086,FALSE,FALSE
2006-01-23,Amundsen_Bellingshausen,1.289850435,-0.33052472939729194,0.33052472939729194,0.540312197173086,FALSE,FALSE
2006-01-24,Amundsen_Bellingshausen,1.288840256,-0.3078252674957107,0.3078252674957107,0.540312197173086,FALSE,FALSE
2006-01-25,Amundsen_Bellingshausen,1.284455727,-0.289575573118495,0.289575573118495,0.540312197173086,FALSE,FALSE
2006-01-26,Amundsen_Bellingshausen,1.282018305,-0.2704135533670433,0.2704135533670433,0.540312197173086,FALSE,FALSE
2006-01-27,Amundsen_Bellingshausen,1.264253124,-0.26757564246764476,0.26757564246764476,0.540312197173086,FALSE,FALSE
2006-01-28,Amundsen_Bellingshausen,1.243176083,-0.2690224303794515,0.2690224303794515,0.540312197173086,FALSE,FALSE
2006-01-29,Amundsen_Bellingshausen,1.216429595,-0.27709418004527686,0.27709418004527686,0.540312197173086,FALSE,FALSE
2006-01-30,Amundsen_Bellingshausen,1.191961302,-0.2838259453381773,0.2838259453381773,0.540312197173086,FALSE,FALSE
2006-01-31,Amundsen_Bellingshausen,1.169055231,-0.2899163951312038,0.2899163951312038,0.540312197173086,FALSE,FALSE
2006-02-01,Amundsen_Bellingshausen,1.174127844,-0.2689317632974104,0.2689317632974104,0.540312197173086,FALSE,FALSE
2006-02-02,Amundsen_Bellingshausen,1.177138892,-0.2508949947098509,0.2508949947098509,0.540312197173086,FALSE,FALSE
2006-02-03,Amundsen_Bellingshausen,1.187702389,-0.22617477124157737,0.22617477124157737,0.540312197173086,FALSE,FALSE
2006-02-04,Amundsen_Bellingshausen,1.200597408,-0.1999747157656422,0.1999747157656422,0.540312197173086,FALSE,FALSE
2006-02-05,Amundsen_Bellingshausen,1.1961469,-0.1919545731551009,0.1919545731551009,0.540312197173086,FALSE,FALSE
2006-02-06,Amundsen_Bellingshausen,1.202091757,-0.17435614728300486,0.17435614728300486,0.540312197173086,FALSE,FALSE
2006-02-07,Amundsen_Bellingshausen,1.207240743,-0.15835337002240713,0.15835337002240713,0.540312197173086,FALSE,FALSE
2006-02-08,Amundsen_Bellingshausen,1.204857384,-0.15066549682079633,0.15066549682079633,0.540312197173086,FALSE,FALSE
2006-02-09,Amundsen_Bellingshausen,1.205025078,-0.14120320894670746,0.14120320894670746,0.540312197173086,FALSE,FALSE
2006-02-10,Amundsen_Bellingshausen,1.209928362,-0.12779851732132075,0.12779851732132075,0.540312197173086,FALSE,FALSE
2006-02-11,Amundsen_Bellingshausen,1.200189471,-0.12984839141555615,0.12984839141555615,0.540312197173086,FALSE,FALSE
2006-02-12,Amundsen_Bellingshausen,1.20879008,-0.1143903607003358,0.1143903607003358,0.540312197173086,FALSE,FALSE
2006-02-13,Amundsen_Bellingshausen,1.204518545,-0.1126552736465809,0.1126552736465809,0.540312197173086,FALSE,FALSE
2006-02-14,Amundsen_Bellingshausen,1.187198249,-0.12483895172521108,0.12483895172521108,0.540312197173086,FALSE,FALSE
2006-02-15,Amundsen_Bellingshausen,1.180105029,-0.12768476240714888,0.12768476240714888,0.540312197173086,FALSE,FALSE
2006-02-16,Amundsen_Bellingshausen,1.162386328,-0.142064467163316,0.142064467163316,0.540312197173086,FALSE,FALSE
2006-02-17,Amundsen_Bellingshausen,1.162407546,-0.1396318704646311,0.1396318704646311,0.540312197173086,FALSE,FALSE
2006-02-18,Amundsen_Bellingshausen,1.175797318,-0.12477754178201694,0.12477754178201694,0.540312197173086,FALSE,FALSE
2006-02-19,Amundsen_Bellingshausen,1.172999726,-0.12707660358639572,0.12707660358639572,0.540312197173086,FALSE,FALSE
2006-02-20,Amundsen_Bellingshausen,1.168300236,-0.13226279434868626,0.13226279434868626,0.540312197173086,FALSE,FALSE
2006-02-21,Amundsen_Bellingshausen,1.175339252,-0.12671159160350487,0.12671159160350487,0.540312197173086,FALSE,FALSE
2006-02-22,Amundsen_Bellingshausen,1.205802201,-0.09871316382457818,0.09871316382457818,0.540312197173086,FALSE,FALSE
2006-02-23,Amundsen_Bellingshausen,1.225673356,-0.08223203343991892,0.08223203343991892,0.540312197173086,FALSE,FALSE
2006-02-24,Amundsen_Bellingshausen,1.236805609,-0.07536361941386205,0.07536361941386205,0.540312197173086,FALSE,FALSE
2006-02-25,Amundsen_Bellingshausen,1.251009515,-0.06624567771075007,0.06624567771075007,0.540312197173086,FALSE,FALSE
2006-02-26,Amundsen_Bellingshausen,1.259625097,-0.06348649629492131,0.06348649629492131,0.540312197173086,FALSE,FALSE
2006-02-27,Amundsen_Bellingshausen,1.251132111,-0.07855463013071562,0.07855463013071562,0.540312197173086,FALSE,FALSE
2006-02-28,Amundsen_Bellingshausen,1.217751519,-0.1191774281824709,0.1191774281824709,0.540312197173086,FALSE,FALSE
2006-03-01,Amundsen_Bellingshausen,1.172945484,-0.1718410384145277,0.1718410384145277,0.540312197173086,FALSE,FALSE
2006-03-02,Amundsen_Bellingshausen,1.142135354,-0.21107242379122515,0.21107242379122515,0.540312197173086,FALSE,FALSE
2006-03-03,Amundsen_Bellingshausen,1.12383736,-0.2383036642769032,0.2383036642769032,0.540312197173086,FALSE,FALSE
2006-03-04,Amundsen_Bellingshausen,1.120980387,-0.25055418583589995,0.25055418583589995,0.540312197173086,FALSE,FALSE
2006-03-05,Amundsen_Bellingshausen,1.127225532,-0.2541112057596322,0.2541112057596322,0.540312197173086,FALSE,FALSE
2006-03-06,Amundsen_Bellingshausen,1.127371873,-0.2641363366496994,0.2641363366496994,0.540312197173086,FALSE,FALSE
2006-03-07,Amundsen_Bellingshausen,1.116767947,-0.28528202467249786,0.28528202467249786,0.540312197173086,FALSE,FALSE
2006-03-08,Amundsen_Bellingshausen,1.107347334,-0.3056238588512503,0.3056238588512503,0.540312197173086,FALSE,FALSE
2006-03-09,Amundsen_Bellingshausen,1.085630738,-0.3386503042091804,0.3386503042091804,0.540312197173086,FALSE,FALSE
2006-03-10,Amundsen_Bellingshausen,1.076210141,-0.35977854776951124,0.35977854776951124,0.540312197173086,FALSE,FALSE
2006-03-11,Amundsen_Bellingshausen,1.060797035,-0.38730626655546607,0.38730626655546607,0.540312197173086,FALSE,FALSE
2006-03-12,Amundsen_Bellingshausen,1.046088024,-0.4145460255902684,0.4145460255902684,0.540312197173086,FALSE,FALSE
2006-03-13,Amundsen_Bellingshausen,1.031549451,-0.4420406508971433,0.4420406508971433,0.540312197173086,FALSE,FALSE
2006-03-14,Amundsen_Bellingshausen,1.042611166,-0.4443694614993112,0.4443694614993112,0.540312197173086,FALSE,FALSE
2006-03-15,Amundsen_Bellingshausen,1.04867014,-0.4521446554199966,0.4521446554199966,0.540312197173086,FALSE,FALSE
2006-03-16,Amundsen_Bellingshausen,1.067274977,-0.4478267976824248,0.4478267976824248,0.540312197173086,FALSE,FALSE
2006-03-17,Amundsen_Bellingshausen,1.080431509,-0.4494192253098166,0.4494192253098166,0.540312197173086,FALSE,FALSE
2006-03-18,Amundsen_Bellingshausen,1.075066461,-0.47000389154343813,0.47000389154343813,0.540312197173086,FALSE,FALSE
2006-03-19,Amundsen_Bellingshausen,1.091406452,-0.4693505984166797,0.4693505984166797,0.540312197173086,FALSE,FALSE
2006-03-20,Amundsen_Bellingshausen,1.120006532,-0.4568878958208302,0.4568878958208302,0.540312197173086,FALSE,FALSE
2006-03-21,Amundsen_Bellingshausen,1.145281486,-0.44818399500683315,0.44818399500683315,0.540312197173086,FALSE,FALSE
2006-03-22,Amundsen_Bellingshausen,1.162541475,-0.4479117312256325,0.4479117312256325,0.540312197173086,FALSE,FALSE
2006-03-23,Amundsen_Bellingshausen,1.179973654,-0.4478669457281719,0.4478669457281719,0.540312197173086,FALSE,FALSE
2006-03-24,Amundsen_Bellingshausen,1.21253392,-0.43307673776539257,0.43307673776539257,0.540312197173086,FALSE,FALSE
2006-03-25,Amundsen_Bellingshausen,1.216278306,-0.44746807058824034,0.44746807058824034,0.540312197173086,FALSE,FALSE
2006-03-26,Amundsen_Bellingshausen,1.222294079,-0.45993667344765776,0.45993667344765776,0.540312197173086,FALSE,FALSE
2006-03-27,Amundsen_Bellingshausen,1.24594124,-0.45510554159458705,0.45510554159458705,0.540312197173086,FALSE,FALSE
2006-03-28,Amundsen_Bellingshausen,1.257214382,-0.4629630782799732,0.4629630782799732,0.540312197173086,FALSE,FALSE
2006-03-29,Amundsen_Bellingshausen,1.241891398,-0.4977143867547593,0.4977143867547593,0.540312197173086,FALSE,FALSE
2006-03-30,Amundsen_Bellingshausen,1.256633075,-0.502681676269888,0.502681676269888,0.540312197173086,FALSE,FALSE
2006-03-31,Amundsen_Bellingshausen,1.258134524,-0.5211557917033478,0.5211557917033478,0.540312197173086,FALSE,FALSE
2006-04-01,Amundsen_Bellingshausen,1.250136962,-0.5493976493528907,0.5493976493528907,0.540312197173086,TRUE,FALSE
2006-04-02,Amundsen_Bellingshausen,1.278548551,-0.5415067201418502,0.5415067201418502,0.540312197173086,TRUE,FALSE
2006-04-03,Amundsen_Bellingshausen,1.307037757,-0.5338221755401018,0.5338221755401018,0.540312197173086,FALSE,FALSE
2006-04-04,Amundsen_Bellingshausen,1.294215141,-0.5677410920175179,0.5677410920175179,0.540312197173086,TRUE,TRUE
2006-04-05,Amundsen_Bellingshausen,1.287177756,-0.5961740540439731,0.5961740540439731,0.540312197173086,TRUE,TRUE
2006-04-06,Amundsen_Bellingshausen,1.313957512,-0.5910967890893353,0.5910967890893353,0.540312197173086,TRUE,TRUE
2006-04-07,Amundsen_Bellingshausen,1.368419536,-0.5586518076234821,0.5586518076234821,0.540312197173086,TRUE,TRUE
2006-04-08,Amundsen_Bellingshausen,1.385635166,-0.5637754091162825,0.5637754091162825,0.540312197173086,TRUE,TRUE
2006-04-09,Amundsen_Bellingshausen,1.415137906,-0.5569417270376116,0.5569417270376116,0.540312197173086,TRUE,TRUE
2006-04-10,Amundsen_Bellingshausen,1.464083492,-0.5310026628573423,0.5310026628573423,0.540312197173086,FALSE,FALSE
2006-04-11,Amundsen_Bellingshausen,1.50261078,-0.5158269980453469,0.5158269980453469,0.540312197173086,FALSE,FALSE
2006-04-12,Amundsen_Bellingshausen,1.534536611,-0.50760547996473,0.50760547996473,0.540312197173086,FALSE,FALSE
2006-04-13,Amundsen_Bellingshausen,1.545110026,-0.5210931561279029,0.5210931561279029,0.540312197173086,FALSE,FALSE
2006-04-14,Amundsen_Bellingshausen,1.562392961,-0.528226409574788,0.528226409574788,0.540312197173086,FALSE,FALSE
2006-04-15,Amundsen_Bellingshausen,1.550322948,-0.5650654884507473,0.5650654884507473,0.540312197173086,TRUE,TRUE
2006-04-16,Amundsen_Bellingshausen,1.55491925,-0.5855889099011533,0.5855889099011533,0.540312197173086,TRUE,TRUE
2006-04-17,Amundsen_Bellingshausen,1.572552249,-0.5934240720713679,0.5934240720713679,0.540312197173086,TRUE,TRUE
2006-04-18,Amundsen_Bellingshausen,1.562346027,-0.6294446731067567,0.6294446731067567,0.540312197173086,TRUE,TRUE
2006-04-19,Amundsen_Bellingshausen,1.568188622,-0.6497604551526885,0.6497604551526885,0.540312197173086,TRUE,TRUE
2006-04-20,Amundsen_Bellingshausen,1.67070071,-0.5737485223545289,0.5737485223545289,0.540312197173086,TRUE,TRUE
2006-04-21,Amundsen_Bellingshausen,1.748449437,-0.5228395088576443,0.5228395088576443,0.540312197173086,FALSE,FALSE
2006-04-22,Amundsen_Bellingshausen,1.802421654,-0.4960443438073996,0.4960443438073996,0.540312197173086,FALSE,FALSE
2006-04-23,Amundsen_Bellingshausen,1.837855513,-0.4881226553491609,0.4881226553491609,0.540312197173086,FALSE,FALSE
2006-04-24,Amundsen_Bellingshausen,1.854771684,-0.4990515536282965,0.4990515536282965,0.540312197173086,FALSE,FALSE
2006-04-25,Amundsen_Bellingshausen,1.872958577,-0.5090360676222341,0.5090360676222341,0.540312197173086,FALSE,FALSE
2006-04-26,Amundsen_Bellingshausen,1.880394141,-0.5300504572288198,0.5300504572288198,0.540312197173086,FALSE,FALSE
2006-04-27,Amundsen_Bellingshausen,1.893569128,-0.5455333953627945,0.5455333953627945,0.540312197173086,TRUE,FALSE
2006-04-28,Amundsen_Bellingshausen,1.955233699,-0.5126639059347913,0.5126639059347913,0.540312197173086,FALSE,FALSE
2006-04-29,Amundsen_Bellingshausen,2.031971729,-0.4647872988554486,0.4647872988554486,0.540312197173086,FALSE,FALSE
2006-04-30,Amundsen_Bellingshausen,2.063790458,-0.4618255190354055,0.4618255190354055,0.540312197173086,FALSE,FALSE
2006-05-01,Amundsen_Bellingshausen,2.070274109,-0.4841235283852994,0.4841235283852994,0.540312197173086,FALSE,FALSE
2006-05-02,Amundsen_Bellingshausen,2.079462269,-0.5035709248157669,0.5035709248157669,0.540312197173086,FALSE,FALSE
2006-05-03,Amundsen_Bellingshausen,2.091817154,-0.5196346772374443,0.5196346772374443,0.540312197173086,FALSE,FALSE
2006-05-04,Amundsen_Bellingshausen,2.081087412,-0.558495322560967,0.558495322560967,0.540312197173086,TRUE,FALSE
2006-05-05,Amundsen_Bellingshausen,2.143515362,-0.5238397266969765,0.5238397266969765,0.540312197173086,FALSE,FALSE
2006-05-06,Amundsen_Bellingshausen,2.166459283,-0.5282387955561063,0.5282387955561063,0.540312197173086,FALSE,FALSE
2006-05-07,Amundsen_Bellingshausen,2.180316802,-0.5412241260321231,0.5412241260321231,0.540312197173086,TRUE,FALSE
2006-05-08,Amundsen_Bellingshausen,2.235527474,-0.5123071207208993,0.5123071207208993,0.540312197173086,FALSE,FALSE
2006-05-09,Amundsen_Bellingshausen,2.333195572,-0.44039230786863914,0.44039230786863914,0.540312197173086,FALSE,FALSE
2006-05-10,Amundsen_Bellingshausen,2.39187116,-0.40694794208640017,0.40694794208640017,0.540312197173086,FALSE,FALSE
2006-05-11,Amundsen_Bellingshausen,2.425859577,-0.39768700298524307,0.39768700298524307,0.540312197173086,FALSE,FALSE
2006-05-12,Amundsen_Bellingshausen,2.419988114,-0.42780051817622633,0.42780051817622633,0.540312197173086,FALSE,FALSE
2006-05-13,Amundsen_Bellingshausen,2.39721207,-0.4743515072704078,0.4743515072704078,0.540312197173086,FALSE,FALSE
2006-05-14,Amundsen_Bellingshausen,2.36136697,-0.5335227638788513,0.5335227638788513,0.540312197173086,FALSE,FALSE
2006-05-15,Amundsen_Bellingshausen,2.333453682,-0.5843317386126139,0.5843317386126139,0.540312197173086,TRUE,FALSE
2006-05-16,Amundsen_Bellingshausen,2.371744507,-0.5685244490827541,0.5685244490827541,0.540312197173086,TRUE,FALSE
2006-05-17,Amundsen_Bellingshausen,2.425036443,-0.5373222159003328,0.5373222159003328,0.540312197173086,FALSE,FALSE
2006-05-18,Amundsen_Bellingshausen,2.528376132,-0.45569671567640935,0.45569671567640935,0.540312197173086,FALSE,FALSE
2006-05-19,Amundsen_Bellingshausen,2.57843902,-0.4269908210220432,0.4269908210220432,0.540312197173086,FALSE,FALSE
2006-05-20,Amundsen_Bellingshausen,2.60668687,-0.41976102593895526,0.41976102593895526,0.540312197173086,FALSE,FALSE
2006-05-21,Amundsen_Bellingshausen,2.671659115,-0.3754850302239201,0.3754850302239201,0.540312197173086,FALSE,FALSE
2006-05-22,Amundsen_Bellingshausen,2.746319152,-0.3212155874740743,0.3212155874740743,0.540312197173086,FALSE,FALSE
2006-05-23,Amundsen_Bellingshausen,2.778135913,-0.30949988324072697,0.30949988324072697,0.540312197173086,FALSE,FALSE
2006-05-24,Amundsen_Bellingshausen,2.729446996,-0.37801643707518107,0.37801643707518107,0.540312197173086,FALSE,FALSE
2006-05-25,Amundsen_Bellingshausen,2.702977551,-0.4240562165287467,0.4240562165287467,0.540312197173086,FALSE,FALSE
2006-05-26,Amundsen_Bellingshausen,2.739896321,-0.4064665961527312,0.4064665961527312,0.540312197173086,FALSE,FALSE
2006-05-27,Amundsen_Bellingshausen,2.796169581,-0.3692974184984408,0.3692974184984408,0.540312197173086,FALSE,FALSE
2006-05-28,Amundsen_Bellingshausen,2.844569559,-0.3397925731171827,0.3397925731171827,0.540312197173086,FALSE,FALSE
2006-05-29,Amundsen_Bellingshausen,2.8803374,-0.32272703256026336,0.32272703256026336,0.540312197173086,FALSE,FALSE
2006-05-30,Amundsen_Bellingshausen,2.916906581,-0.3046834373789924,0.3046834373789924,0.540312197173086,FALSE,FALSE
2006-05-31,Amundsen_Bellingshausen,2.947456315,-0.29249869212467594,0.29249869212467594,0.540312197173086,FALSE,FALSE
2006-06-01,Amundsen_Bellingshausen,2.983808627,-0.2743668893486215,0.2743668893486215,0.540312197173086,FALSE,FALSE
2006-06-02,Amundsen_Bellingshausen,3.006436124,-0.26982337133274115,0.26982337133274115,0.540312197173086,FALSE,FALSE
2006-06-03,Amundsen_Bellingshausen,3.000526367,-0.29365228971011925,0.29365228971011925,0.540312197173086,FALSE,FALSE
2006-06-04,Amundsen_Bellingshausen,3.006315369,-0.305579298988087,0.305579298988087,0.540312197173086,FALSE,FALSE
2006-06-05,Amundsen_Bellingshausen,3.022101491,-0.3072677053018742,0.3072677053018742,0.540312197173086,FALSE,FALSE
2006-06-06,Amundsen_Bellingshausen,3.042614318,-0.30394959078671535,0.30394959078671535,0.540312197173086,FALSE,FALSE
2006-06-07,Amundsen_Bellingshausen,3.054166661,-0.30927381157784284,0.30927381157784284,0.540312197173086,FALSE,FALSE
2006-06-08,Amundsen_Bellingshausen,3.032368351,-0.3475922038104873,0.3475922038104873,0.540312197173086,FALSE,FALSE
2006-06-09,Amundsen_Bellingshausen,3.006164801,-0.3899210216198834,0.3899210216198834,0.540312197173086,FALSE,FALSE
2006-06-10,Amundsen_Bellingshausen,3.004734009,-0.40704393414126105,0.40704393414126105,0.540312197173086,FALSE,FALSE
2006-06-11,Amundsen_Bellingshausen,3.038841068,-0.3881575155098562,0.3881575155098562,0.540312197173086,FALSE,FALSE
2006-06-12,Amundsen_Bellingshausen,3.074035754,-0.3676736568609007,0.3676736568609007,0.540312197173086,FALSE,FALSE
2006-06-13,Amundsen_Bellingshausen,3.135545491,-0.3203266013296244,0.3203266013296244,0.540312197173086,FALSE,FALSE
2006-06-14,Amundsen_Bellingshausen,3.203445598,-0.2660037207767596,0.2660037207767596,0.540312197173086,FALSE,FALSE
2006-06-15,Amundsen_Bellingshausen,3.237844019,-0.24460489212859748,0.24460489212859748,0.540312197173086,FALSE,FALSE
2006-06-16,Amundsen_Bellingshausen,3.26452049,-0.2304201122452283,0.2304201122452283,0.540312197173086,FALSE,FALSE
2006-06-17,Amundsen_Bellingshausen,3.258385263,-0.24861334761191412,0.24861334761191412,0.540312197173086,FALSE,FALSE
2006-06-18,Amundsen_Bellingshausen,3.273752683,-0.24494447171391487,0.24494447171391487,0.540312197173086,FALSE,FALSE
2006-06-19,Amundsen_Bellingshausen,3.266436565,-0.2636738880364886,0.2636738880364886,0.540312197173086,FALSE,FALSE
2006-06-20,Amundsen_Bellingshausen,3.274626314,-0.2666864100648958,0.2666864100648958,0.540312197173086,FALSE,FALSE
2006-06-21,Amundsen_Bellingshausen,3.331134814,-0.22124337228439384,0.22124337228439384,0.540312197173086,FALSE,FALSE
2006-06-22,Amundsen_Bellingshausen,3.348702275,-0.21467878318024436,0.21467878318024436,0.540312197173086,FALSE,FALSE
2006-06-23,Amundsen_Bellingshausen,3.375653764,-0.198741794237705,0.198741794237705,0.540312197173086,FALSE,FALSE
2006-06-24,Amundsen_Bellingshausen,3.430719952,-0.1547759529420376,0.1547759529420376,0.540312197173086,FALSE,FALSE
2006-06-25,Amundsen_Bellingshausen,3.490885047,-0.10587126977849914,0.10587126977849914,0.540312197173086,FALSE,FALSE
2006-06-26,Amundsen_Bellingshausen,3.543293906,-0.06495710623235107,0.06495710623235107,0.540312197173086,FALSE,FALSE
2006-06-27,Amundsen_Bellingshausen,3.571913638,-0.04813146135060586,0.04813146135060586,0.540312197173086,FALSE,FALSE
2006-06-28,Amundsen_Bellingshausen,3.559972864,-0.07216197910536115,0.07216197910536115,0.540312197173086,FALSE,FALSE
2006-06-29,Amundsen_Bellingshausen,3.546103824,-0.09838122736168976,0.09838122736168976,0.540312197173086,FALSE,FALSE
2006-06-30,Amundsen_Bellingshausen,3.534221376,-0.12283899424761469,0.12283899424761469,0.540312197173086,FALSE,FALSE
2006-07-01,Amundsen_Bellingshausen,3.503710312,-0.16611513389115906,0.16611513389115906,0.540312197173086,FALSE,FALSE
2006-07-02,Amundsen_Bellingshausen,3.473489511,-0.20925541342034792,0.20925541342034792,0.540312197173086,FALSE,FALSE
2006-07-03,Amundsen_Bellingshausen,3.475438754,-0.22034469796320444,0.22034469796320444,0.540312197173086,FALSE,FALSE
2006-07-04,Amundsen_Bellingshausen,3.477408073,-0.2314976016477499,0.2314976016477499,0.540312197173086,FALSE,FALSE
2006-07-05,Amundsen_Bellingshausen,3.484501346,-0.2375748926020127,0.2375748926020127,0.540312197173086,FALSE,FALSE
2006-07-06,Amundsen_Bellingshausen,3.494132492,-0.2411272979540131,0.2411272979540131,0.540312197173086,FALSE,FALSE
2006-07-07,Amundsen_Bellingshausen,3.487711409,-0.2607095658317733,0.2607095658317733,0.540312197173086,FALSE,FALSE
2006-07-08,Amundsen_Bellingshausen,3.477599838,-0.2839246013633199,0.2839246013633199,0.540312197173086,FALSE,FALSE
2006-07-09,Amundsen_Bellingshausen,3.45942479,-0.3151100759900891,0.3151100759900891,0.540312197173086,FALSE,FALSE
2006-07-10,Amundsen_Bellingshausen,3.425903321,-0.3615206789445171,0.3615206789445171,0.540312197173086,FALSE,FALSE
2006-07-11,Amundsen_Bellingshausen,3.410794146,-0.38938489719665936,0.38938489719665936,0.540312197173086,FALSE,FALSE
2006-07-12,Amundsen_Bellingshausen,3.417099237,-0.39569000620413863,0.39569000620413863,0.540312197173086,FALSE,FALSE
2006-07-13,Amundsen_Bellingshausen,3.429746811,-0.3954970364245769,0.3954970364245769,0.540312197173086,FALSE,FALSE
2006-07-14,Amundsen_Bellingshausen,3.444627964,-0.3929041393155921,0.3929041393155921,0.540312197173086,FALSE,FALSE
2006-07-15,Amundsen_Bellingshausen,3.496028696,-0.35361456233480526,0.35361456233480526,0.540312197173086,FALSE,FALSE
2006-07-16,Amundsen_Bellingshausen,3.543458543,-0.31810801693984203,0.31810801693984203,0.540312197173086,FALSE,FALSE
2006-07-17,Amundsen_Bellingshausen,3.627586202,-0.2457050535883205,0.2457050535883205,0.540312197173086,FALSE,FALSE
2006-07-18,Amundsen_Bellingshausen,3.643205627,-0.24160096573785772,0.24160096573785772,0.540312197173086,FALSE,FALSE
2006-07-19,Amundsen_Bellingshausen,3.643293497,-0.2528083218460817,0.2528083218460817,0.540312197173086,FALSE,FALSE
2006-07-20,Amundsen_Bellingshausen,3.628090155,-0.27907602637061313,0.27907602637061313,0.540312197173086,FALSE,FALSE
2006-07-21,Amundsen_Bellingshausen,3.63186362,-0.2861253077690691,0.2861253077690691,0.540312197173086,FALSE,FALSE
2006-07-22,Amundsen_Bellingshausen,3.67060518,-0.25795384554499545,0.25795384554499545,0.540312197173086,FALSE,FALSE
2006-07-23,Amundsen_Bellingshausen,3.692385602,-0.24647597619244663,0.24647597619244663,0.540312197173086,FALSE,FALSE
2006-07-24,Amundsen_Bellingshausen,3.747863077,-0.20101579557561025,0.20101579557561025,0.540312197173086,FALSE,FALSE
2006-07-25,Amundsen_Bellingshausen,3.791994162,-0.1665989696665493,0.1665989696665493,0.540312197173086,FALSE,FALSE
2006-07-26,Amundsen_Bellingshausen,3.810610561,-0.157376017437326,0.157376017437326,0.540312197173086,FALSE,FALSE
2006-07-27,Amundsen_Bellingshausen,3.806425547,-0.1706158888599978,0.1706158888599978,0.540312197173086,FALSE,FALSE
2006-07-28,Amundsen_Bellingshausen,3.816486768,-0.1692531589066366,0.1692531589066366,0.540312197173086,FALSE,FALSE
2006-07-29,Amundsen_Bellingshausen,3.835243756,-0.1588205185492968,0.1588205185492968,0.540312197173086,FALSE,FALSE
2006-07-30,Amundsen_Bellingshausen,3.852581739,-0.14941496276004915,0.14941496276004915,0.540312197173086,FALSE,FALSE
2006-07-31,Amundsen_Bellingshausen,3.913233183,-0.0962862485109488,0.0962862485109488,0.540312197173086,FALSE,FALSE
2006-08-01,Amundsen_Bellingshausen,3.957841265,-0.05877342177405875,0.05877342177405875,0.540312197173086,FALSE,FALSE
2006-08-02,Amundsen_Bellingshausen,4.002401492,-0.02086319852144669,0.02086319852144669,0.540312197173086,FALSE,FALSE
2006-08-03,Amundsen_Bellingshausen,4.03670291,0.00725124374733798,0.00725124374733798,0.540312197173086,FALSE,FALSE
2006-08-04,Amundsen_Bellingshausen,4.083483118,0.04831104039936296,0.04831104039936296,0.540312197173086,FALSE,FALSE
2006-08-05,Amundsen_Bellingshausen,4.092148829,0.05167507113990677,0.05167507113990677,0.540312197173086,FALSE,FALSE
2006-08-06,Amundsen_Bellingshausen,4.100674036,0.05525791620293407,0.05525791620293407,0.540312197173086,FALSE,FALSE
2006-08-07,Amundsen_Bellingshausen,4.124480853,0.07442227682239722,0.07442227682239722,0.540312197173086,FALSE,FALSE
2006-08-08,Amundsen_Bellingshausen,4.153684262,0.09922372223225916,0.09922372223225916,0.540312197173086,FALSE,FALSE
2006-08-09,Amundsen_Bellingshausen,4.170227155,0.11154573166647186,0.11154573166647186,0.540312197173086,FALSE,FALSE
2006-08-10,Amundsen_Bellingshausen,4.153012685,0.09023204535899244,0.09023204535899244,0.540312197173086,FALSE,FALSE
2006-08-11,Amundsen_Bellingshausen,4.15486429,0.08804668854378406,0.08804668854378406,0.540312197173086,FALSE,FALSE
2006-08-12,Amundsen_Bellingshausen,4.175632014,0.10478029245479804,0.10478029245479804,0.540312197173086,FALSE,FALSE
2006-08-13,Amundsen_Bellingshausen,4.197339822,0.12239740932599652,0.12239740932599652,0.540312197173086,FALSE,FALSE
2006-08-14,Amundsen_Bellingshausen,4.217240121,0.13809103339133166,0.13809103339133166,0.540312197173086,FALSE,FALSE
2006-08-15,Amundsen_Bellingshausen,4.221139455,0.13760829588476486,0.13760829588476486,0.540312197173086,FALSE,FALSE
2006-08-16,Amundsen_Bellingshausen,4.192167143,0.10402126467974072,0.10402126467974072,0.540312197173086,FALSE,FALSE
2006-08-17,Amundsen_Bellingshausen,4.185069757,0.09208350965228183,0.09208350965228183,0.540312197173086,FALSE,FALSE
2006-08-18,Amundsen_Bellingshausen,4.234447964,0.13647623372895712,0.13647623372895712,0.540312197173086,FALSE,FALSE
2006-08-19,Amundsen_Bellingshausen,4.326994393,0.22397663191160788,0.22397663191160788,0.540312197173086,FALSE,FALSE
2006-08-20,Amundsen_Bellingshausen,4.378150391,0.2701106172020715,0.2701106172020715,0.540312197173086,FALSE,FALSE
2006-08-21,Amundsen_Bellingshausen,4.379663324,0.266710121602177,0.266710121602177,0.540312197173086,FALSE,FALSE
2006-08-22,Amundsen_Bellingshausen,4.361342337,0.243668856113767,0.243668856113767,0.540312197173086,FALSE,FALSE
2006-08-23,Amundsen_Bellingshausen,4.410216836,0.2881007927386747,0.2881007927386747,0.540312197173086,FALSE,FALSE
2006-08-24,Amundsen_Bellingshausen,4.442501104,0.31630478047873734,0.31630478047873734,0.540312197173086,FALSE,FALSE
2006-08-25,Amundsen_Bellingshausen,4.462512597,0.33268284133579407,0.33268284133579407,0.540312197173086,FALSE,FALSE
2006-08-26,Amundsen_Bellingshausen,4.470644132,0.3377123583116708,0.3377123583116708,0.540312197173086,FALSE,FALSE
2006-08-27,Amundsen_Bellingshausen,4.429135182,0.2937173704082161,0.2937173704082161,0.540312197173086,FALSE,FALSE
2006-08-28,Amundsen_Bellingshausen,4.394332362,0.25712905862725677,0.25712905862725677,0.540312197173086,FALSE,FALSE
2006-08-29,Amundsen_Bellingshausen,4.386307323,0.24808864849361975,0.24808864849361975,0.540312197173086,FALSE,FALSE
2006-08-30,Amundsen_Bellingshausen,4.414621695,0.2761362308922424,0.2761362308922424,0.540312197173086,FALSE,FALSE
2006-08-31,Amundsen_Bellingshausen,4.406695164,0.26863571841101486,0.26863571841101486,0.540312197173086,FALSE,FALSE
2006-09-01,Amundsen_Bellingshausen,4.381643699,0.2446472452327404,0.2446472452327404,0.540312197173086,FALSE,FALSE
2006-09-02,Amundsen_Bellingshausen,4.370404946,0.23505262254021808,0.23505262254021808,0.540312197173086,FALSE,FALSE
2006-09-03,Amundsen_Bellingshausen,4.351040814,0.21785792451625507,0.21785792451625507,0.540312197173086,FALSE,FALSE
2006-09-04,Amundsen_Bellingshausen,4.352010522,0.2214665353436489,0.2214665353436489,0.540312197173086,FALSE,FALSE
2006-09-05,Amundsen_Bellingshausen,4.333304116,0.20581266620520464,0.20581266620520464,0.540312197173086,FALSE,FALSE
2006-09-06,Amundsen_Bellingshausen,4.32214015,0.19805903628372337,0.19805903628372337,0.540312197173086,FALSE,FALSE
2006-09-07,Amundsen_Bellingshausen,4.310013138,0.18964432476200788,0.18964432476200788,0.540312197173086,FALSE,FALSE
2006-09-08,Amundsen_Bellingshausen,4.260046666,0.14363628282285568,0.14363628282285568,0.540312197173086,FALSE,FALSE
2006-09-09,Amundsen_Bellingshausen,4.207225268,0.09496360964907248,0.09496360964907248,0.540312197173086,FALSE,FALSE
2006-09-10,Amundsen_Bellingshausen,4.170356487,0.0623782699494404,0.0623782699494404,0.540312197173086,FALSE,FALSE
2006-09-11,Amundsen_Bellingshausen,4.13346524,0.02987395486459654,0.02987395486459654,0.540312197173086,FALSE,FALSE
2006-09-12,Amundsen_Bellingshausen,4.111138529,0.01205050889228953,0.01205050889228953,0.540312197173086,FALSE,FALSE
2006-09-13,Amundsen_Bellingshausen,4.078975853,-0.01547508645591566,0.01547508645591566,0.540312197173086,FALSE,FALSE
2006-09-14,Amundsen_Bellingshausen,4.094521665,0.00485910433154668,0.00485910433154668,0.540312197173086,FALSE,FALSE
2006-09-15,Amundsen_Bellingshausen,4.139836384,0.05513098276622852,0.05513098276622852,0.540312197173086,FALSE,FALSE
2006-09-16,Amundsen_Bellingshausen,4.200672245,0.12111026635970212,0.12111026635970212,0.540312197173086,FALSE,FALSE
2006-09-17,Amundsen_Bellingshausen,4.282984866,0.2087700556235248,0.2087700556235248,0.540312197173086,FALSE,FALSE
2006-09-18,Amundsen_Bellingshausen,4.358946965,0.2903005510692589,0.2903005510692589,0.540312197173086,FALSE,FALSE
2006-09-19,Amundsen_Bellingshausen,4.407623483,0.3447841762084698,0.3447841762084698,0.540312197173086,FALSE,FALSE
2006-09-20,Amundsen_Bellingshausen,4.45842777,0.4016517635527208,0.4016517635527208,0.540312197173086,FALSE,FALSE
2006-09-21,Amundsen_Bellingshausen,4.506190093,0.4557510626135697,0.4557510626135697,0.540312197173086,FALSE,FALSE
2006-09-22,Amundsen_Bellingshausen,4.53822584,0.4944149439025809,0.4944149439025809,0.540312197173086,FALSE,FALSE
2006-09-23,Amundsen_Bellingshausen,4.621100562,0.5842258598561294,0.5842258598561294,0.540312197173086,TRUE,TRUE
2006-09-24,Amundsen_Bellingshausen,4.687499422,0.6578796538469378,0.6578796538469378,0.540312197173086,TRUE,TRUE
2006-09-25,Amundsen_Bellingshausen,4.706972588,0.6849334004549084,0.6849334004549084,0.540312197173086,TRUE,TRUE
2006-09-26,Amundsen_Bellingshausen,4.643487321,0.629361214309454,0.629361214309454,0.540312197173086,TRUE,TRUE
2006-09-27,Amundsen_Bellingshausen,4.577349365,0.5714756930399965,0.5714756930399965,0.540312197173086,TRUE,TRUE
2006-09-28,Amundsen_Bellingshausen,4.485915245,0.4886402152759528,0.4886402152759528,0.540312197173086,FALSE,FALSE
2006-09-29,Amundsen_Bellingshausen,4.418588048,0.4302647216467421,0.4302647216467421,0.540312197173086,FALSE,FALSE
2006-09-30,Amundsen_Bellingshausen,4.385490088,0.4064783797817797,0.4064783797817797,0.540312197173086,FALSE,FALSE
2006-10-01,Amundsen_Bellingshausen,4.360355334,0.39102201231048905,0.39102201231048905,0.540312197173086,FALSE,FALSE
2006-10-02,Amundsen_Bellingshausen,4.349167575,0.3898862618622849,0.3898862618622849,0.540312197173086,FALSE,FALSE
2006-10-03,Amundsen_Bellingshausen,4.352756034,0.4039072050665884,0.4039072050665884,0.540312197173086,FALSE,FALSE
2006-10-04,Amundsen_Bellingshausen,4.340408375,0.4023793595528158,0.4023793595528158,0.540312197173086,FALSE,FALSE
2006-10-05,Amundsen_Bellingshausen,4.349378571,0.4225635368421523,0.4225635368421523,0.540312197173086,FALSE,FALSE
2006-10-06,Amundsen_Bellingshausen,4.319271355,0.4040530330893084,0.4040530330893084,0.540312197173086,FALSE,FALSE
2006-10-07,Amundsen_Bellingshausen,4.277092514,0.37378844055759775,0.37378844055759775,0.540312197173086,FALSE,FALSE
2006-10-08,Amundsen_Bellingshausen,4.267573591,0.376426272610121,0.376426272610121,0.540312197173086,FALSE,FALSE
2006-10-09,Amundsen_Bellingshausen,4.261520828,0.38269774160997416,0.38269774160997416,0.540312197173086,FALSE,FALSE
2006-10-10,Amundsen_Bellingshausen,4.257734902,0.39132849492024935,0.39132849492024935,0.540312197173086,FALSE,FALSE
2006-10-11,Amundsen_Bellingshausen,4.253095031,0.3991227209040464,0.3991227209040464,0.540312197173086,FALSE,FALSE
2006-10-12,Amundsen_Bellingshausen,4.250937101,0.40934127592446234,0.40934127592446234,0.540312197173086,FALSE,FALSE
2006-10-13,Amundsen_Bellingshausen,4.239062251,0.409710269344592,0.409710269344592,0.540312197173086,FALSE,FALSE
2006-10-14,Amundsen_Bellingshausen,4.193371684,0.37605587452753486,0.37605587452753486,0.540312197173086,FALSE,FALSE
2006-10-15,Amundsen_Bellingshausen,4.143798663,0.33823632483638466,0.33823632483638466,0.540312197173086,FALSE,FALSE
2006-10-16,Amundsen_Bellingshausen,4.092773435,0.2986068376342379,0.2986068376342379,0.540312197173086,FALSE,FALSE
2006-10-17,Amundsen_Bellingshausen,4.067671601,0.28446798428419307,0.28446798428419307,0.540312197173086,FALSE,FALSE
2006-10-18,Amundsen_Bellingshausen,4.055263701,0.2825185675883226,0.2825185675883226,0.540312197173086,FALSE,FALSE
2006-10-19,Amundsen_Bellingshausen,4.03862298,0.27583002577700455,0.27583002577700455,0.540312197173086,FALSE,FALSE
2006-10-20,Amundsen_Bellingshausen,4.013171145,0.2598891136392707,0.2598891136392707,0.540312197173086,FALSE,FALSE
2006-10-21,Amundsen_Bellingshausen,3.975230547,0.23108590683898145,0.23108590683898145,0.540312197173086,FALSE,FALSE
2006-10-22,Amundsen_Bellingshausen,3.941463418,0.20615036203999715,0.20615036203999715,0.540312197173086,FALSE,FALSE
2006-10-23,Amundsen_Bellingshausen,3.890245391,0.16352583690618072,0.16352583690618072,0.540312197173086,FALSE,FALSE
2006-10-24,Amundsen_Bellingshausen,3.865293234,0.14699682410138903,0.14699682410138903,0.540312197173086,FALSE,FALSE
2006-10-25,Amundsen_Bellingshausen,3.840579963,0.13060406428948437,0.13060406428948437,0.540312197173086,FALSE,FALSE
2006-10-26,Amundsen_Bellingshausen,3.827298124,0.12560782813432647,0.12560782813432647,0.540312197173086,FALSE,FALSE
2006-10-27,Amundsen_Bellingshausen,3.837600563,0.14422868629977836,0.14422868629977836,0.540312197173086,FALSE,FALSE
2006-10-28,Amundsen_Bellingshausen,3.81575252,0.130799603449697,0.130799603449697,0.540312197173086,FALSE,FALSE
2006-10-29,Amundsen_Bellingshausen,3.776767574,0.10040188324794476,0.10040188324794476,0.540312197173086,FALSE,FALSE
2006-10-30,Amundsen_Bellingshausen,3.717841659,0.05029918435838265,0.05029918435838265,0.540312197173086,FALSE,FALSE
2006-10-31,Amundsen_Bellingshausen,3.685853286,0.02742671698385024,0.02742671698385024,0.540312197173086,FALSE,FALSE
2006-11-01,Amundsen_Bellingshausen,3.653528352,0.00451280761396688,0.00451280761396688,0.540312197173086,FALSE,FALSE
2006-11-02,Amundsen_Bellingshausen,3.608662313,-0.03066132780868669,0.03066132780868669,0.540312197173086,FALSE,FALSE
2006-11-03,Amundsen_Bellingshausen,3.565481669,-0.06388343382274986,0.06388343382274986,0.540312197173086,FALSE,FALSE
2006-11-04,Amundsen_Bellingshausen,3.539724965,-0.07942920996685654,0.07942920996685654,0.540312197173086,FALSE,FALSE
2006-11-05,Amundsen_Bellingshausen,3.538487459,-0.07021764277964326,0.07021764277964326,0.540312197173086,FALSE,FALSE
2006-11-06,Amundsen_Bellingshausen,3.518526313,-0.07950581479974383,0.07950581479974383,0.540312197173086,FALSE,FALSE
2006-11-07,Amundsen_Bellingshausen,3.494188624,-0.0929608735657972,0.0929608735657972,0.540312197173086,FALSE,FALSE
2006-11-08,Amundsen_Bellingshausen,3.464114099,-0.1119573566164358,0.1119573566164358,0.540312197173086,FALSE,FALSE
2006-11-09,Amundsen_Bellingshausen,3.433424443,-0.13138780349029355,0.13138780349029355,0.540312197173086,FALSE,FALSE
2006-11-10,Amundsen_Bellingshausen,3.419117543,-0.13426857172600792,0.13426857172600792,0.540312197173086,FALSE,FALSE
2006-11-11,Amundsen_Bellingshausen,3.424102443,-0.11770486186221518,0.11770486186221518,0.540312197173086,FALSE,FALSE
2006-11-12,Amundsen_Bellingshausen,3.433220841,-0.09686924125851835,0.09686924125851835,0.540312197173086,FALSE,FALSE
2006-11-13,Amundsen_Bellingshausen,3.438131386,-0.0801184780696369,0.0801184780696369,0.540312197173086,FALSE,FALSE
2006-11-14,Amundsen_Bellingshausen,3.432666147,-0.07363765183869564,0.07363765183869564,0.540312197173086,FALSE,FALSE
2006-11-15,Amundsen_Bellingshausen,3.437806584,-0.05646259391982999,0.05646259391982999,0.540312197173086,FALSE,FALSE
2006-11-16,Amundsen_Bellingshausen,3.432395967,-0.04976732566718223,0.04976732566718223,0.540312197173086,FALSE,FALSE
2006-11-17,Amundsen_Bellingshausen,3.427276384,-0.04272705043489067,0.04272705043489067,0.540312197173086,FALSE,FALSE
2006-11-18,Amundsen_Bellingshausen,3.418262304,-0.03954459057709458,0.03954459057709458,0.540312197173086,FALSE,FALSE
2006-11-19,Amundsen_Bellingshausen,3.420673955,-0.02491700944793296,0.02491700944793296,0.540312197173086,FALSE,FALSE
2006-11-20,Amundsen_Bellingshausen,3.417025753,-0.01634718240154731,0.01634718240154731,0.540312197173086,FALSE,FALSE
2006-11-21,Amundsen_Bellingshausen,3.429156282,0.0079861832079251,0.0079861832079251,0.540312197173086,FALSE,FALSE
2006-11-22,Amundsen_Bellingshausen,3.435732025,0.026732279026346,0.026732279026346,0.540312197173086,FALSE,FALSE
2006-11-23,Amundsen_Bellingshausen,3.426216002,0.02933683369957318,0.02933683369957318,0.540312197173086,FALSE,FALSE
2006-11-24,Amundsen_Bellingshausen,3.427141013,0.04231535587346835,0.04231535587346835,0.540312197173086,FALSE,FALSE
2006-11-25,Amundsen_Bellingshausen,3.446200901,0.07334913549801225,0.07334913549801225,0.540312197173086,FALSE,FALSE
2006-11-26,Amundsen_Bellingshausen,3.450765374,0.08983540330554085,0.08983540330554085,0.540312197173086,FALSE,FALSE
2006-11-27,Amundsen_Bellingshausen,3.450380923,0.10136832417073638,0.10136832417073638,0.540312197173086,FALSE,FALSE
2006-11-28,Amundsen_Bellingshausen,3.445493663,0.10844183960148925,0.10844183960148925,0.540312197173086,FALSE,FALSE
2006-11-29,Amundsen_Bellingshausen,3.411749285,0.08674946710567655,0.08674946710567655,0.540312197173086,FALSE,FALSE
2006-11-30,Amundsen_Bellingshausen,3.379660846,0.0668520901911851,0.0668520901911851,0.540312197173086,FALSE,FALSE
2006-12-01,Amundsen_Bellingshausen,3.37279819,0.07236737936589677,0.07236737936589677,0.540312197173086,FALSE,FALSE
2006-12-02,Amundsen_Bellingshausen,3.354450009,0.06663185313769526,0.06663185313769526,0.540312197173086,FALSE,FALSE
2006-12-03,Amundsen_Bellingshausen,3.345185909,0.07026294401446398,0.07026294401446398,0.540312197173086,FALSE,FALSE
2006-12-04,Amundsen_Bellingshausen,3.328943018,0.06724560650408806,0.06724560650408806,0.540312197173086,FALSE,FALSE
2006-12-05,Amundsen_Bellingshausen,3.301873548,0.05377987911444881,0.05377987911444881,0.540312197173086,FALSE,FALSE
2006-12-06,Amundsen_Bellingshausen,3.281405436,0.04734152535343128,0.04734152535343128,0.540312197173086,FALSE,FALSE
2006-12-07,Amundsen_Bellingshausen,3.263975902,0.0444156624947345,0.0444156624947345,0.540312197173086,FALSE,FALSE
2006-12-08,Amundsen_Bellingshausen,3.223605256,0.01909246578575985,0.01909246578575985,0.540312197173086,FALSE,FALSE
2006-12-09,Amundsen_Bellingshausen,3.184604516,-0.00419420283968818,0.00419420283968818,0.540312197173086,FALSE,FALSE
2006-12-10,Amundsen_Bellingshausen,3.141407613,-0.03087974231471646,0.03087974231471646,0.540312197173086,FALSE,FALSE
2006-12-11,Amundsen_Bellingshausen,3.113442616,-0.04140541357242977,0.04140541357242977,0.540312197173086,FALSE,FALSE
2006-12-12,Amundsen_Bellingshausen,3.102485193,-0.03386487854593634,0.03386487854593634,0.540312197173086,FALSE,FALSE
2006-12-13,Amundsen_Bellingshausen,3.05559363,-0.06106918116833659,0.06106918116833659,0.540312197173086,FALSE,FALSE
2006-12-14,Amundsen_Bellingshausen,3.020392769,-0.07526280937274343,0.07526280937274343,0.540312197173086,FALSE,FALSE
2006-12-15,Amundsen_Bellingshausen,3.004789132,-0.06840857109225729,0.06840857109225729,0.540312197173086,FALSE,FALSE
2006-12-16,Amundsen_Bellingshausen,2.978668791,-0.07048972425998468,0.07048972425998468,0.540312197173086,FALSE,FALSE
2006-12-17,Amundsen_Bellingshausen,2.939304601,-0.08410274380903271,0.08410274380903271,0.540312197173086,FALSE,FALSE
2006-12-18,Amundsen_Bellingshausen,2.879919718,-0.11589380367250612,0.11589380367250612,0.540312197173086,FALSE,FALSE
2006-12-19,Amundsen_Bellingshausen,2.854219095,-0.112027280783511,0.112027280783511,0.540312197173086,FALSE,FALSE
2006-12-20,Amundsen_Bellingshausen,2.792937269,-0.1416479129415955,0.1416479129415955,0.540312197173086,FALSE,FALSE
2006-12-21,Amundsen_Bellingshausen,2.73242155,-0.16844491245386806,0.16844491245386806,0.540312197173086,FALSE,FALSE
2006-12-22,Amundsen_Bellingshausen,2.72360753,-0.14164472788985227,0.14164472788985227,0.540312197173086,FALSE,FALSE
2006-12-23,Amundsen_Bellingshausen,2.684924735,-0.14298337162675478,0.14298337162675478,0.540312197173086,FALSE,FALSE
2006-12-24,Amundsen_Bellingshausen,2.623478003,-0.16552154404179475,0.16552154404179475,0.540312197173086,FALSE,FALSE
2006-12-25,Amundsen_Bellingshausen,2.572788911,-0.1759032065121824,0.1759032065121824,0.540312197173086,FALSE,FALSE
2006-12-26,Amundsen_Bellingshausen,2.509053977,-0.1980973794151306,0.1980973794151306,0.540312197173086,FALSE,FALSE
2006-12-27,Amundsen_Bellingshausen,2.433921816,-0.23062098612785095,0.23062098612785095,0.540312197173086,FALSE,FALSE
2006-12-28,Amundsen_Bellingshausen,2.298390977,-0.3226410160275601,0.3226410160275601,0.540312197173086,FALSE,FALSE
2006-12-29,Amundsen_Bellingshausen,2.187785025,-0.3889994424914706,0.3889994424914706,0.540312197173086,FALSE,FALSE
2006-12-30,Amundsen_Bellingshausen,2.054267265,-0.4776984988967894,0.4776984988967894,0.540312197173086,FALSE,FALSE
2006-12-31,Amundsen_Bellingshausen,1.921995603,-0.5647458176207363,0.5647458176207363,0.540312197173086,TRUE,TRUE
2007-01-01,Amundsen_Bellingshausen,1.849362681,-0.5919142950405243,0.5919142950405243,0.540312197173086,TRUE,TRUE
2007-01-02,Amundsen_Bellingshausen,1.783923579,-0.6118076315273289,0.6118076315273289,0.540312197173086,TRUE,TRUE
2007-01-03,Amundsen_Bellingshausen,1.740964644,-0.6092712284281885,0.6092712284281885,0.540312197173086,TRUE,TRUE
2007-01-04,Amundsen_Bellingshausen,1.693958282,-0.6109576700840957,0.6109576700840957,0.540312197173086,TRUE,TRUE
2007-01-05,Amundsen_Bellingshausen,1.669360474,-0.5905359658360612,0.5905359658360612,0.540312197173086,TRUE,TRUE
2007-01-06,Amundsen_Bellingshausen,1.603947914,-0.6113544120250793,0.6113544120250793,0.540312197173086,TRUE,TRUE
2007-01-07,Amundsen_Bellingshausen,1.584165786,-0.5870928149921546,0.5870928149921546,0.540312197173086,TRUE,TRUE
2007-01-08,Amundsen_Bellingshausen,1.572806071,-0.5550841840782863,0.5550841840782863,0.540312197173086,TRUE,TRUE
2007-01-09,Amundsen_Bellingshausen,1.566759422,-0.5185628566244747,0.5185628566244747,0.540312197173086,FALSE,FALSE
2007-01-10,Amundsen_Bellingshausen,1.551233619,-0.4924460429717192,0.4924460429717192,0.540312197173086,FALSE,FALSE
2007-01-11,Amundsen_Bellingshausen,1.522813885,-0.4802735104610225,0.4802735104610225,0.540312197173086,FALSE,FALSE
2007-01-12,Amundsen_Bellingshausen,1.500849462,-0.4628210074333845,0.4628210074333845,0.540312197173086,FALSE,FALSE
2007-01-13,Amundsen_Bellingshausen,1.485470829,-0.4400830452298037,0.4400830452298037,0.540312197173086,FALSE,FALSE
2007-01-14,Amundsen_Bellingshausen,1.466339104,-0.4225215403769016,0.4225215403769016,0.540312197173086,FALSE,FALSE
2007-01-15,Amundsen_Bellingshausen,1.442866668,-0.4107769623190445,0.4107769623190445,0.540312197173086,FALSE,FALSE
2007-01-16,Amundsen_Bellingshausen,1.413558008,-0.4063097488729519,0.4063097488729519,0.540312197173086,FALSE,FALSE
2007-01-17,Amundsen_Bellingshausen,1.367209247,-0.42028314114002274,0.42028314114002274,0.540312197173086,FALSE,FALSE
2007-01-18,Amundsen_Bellingshausen,1.344078534,-0.4123983542216574,0.4123983542216574,0.540312197173086,FALSE,FALSE
2007-01-19,Amundsen_Bellingshausen,1.332036422,-0.3947441992192555,0.3947441992192555,0.540312197173086,FALSE,FALSE
2007-01-20,Amundsen_Bellingshausen,1.323690021,-0.3746729302342189,0.3746729302342189,0.540312197173086,FALSE,FALSE
2007-01-21,Amundsen_Bellingshausen,1.303631674,-0.36755156836794534,0.36755156836794534,0.540312197173086,FALSE,FALSE
2007-01-22,Amundsen_Bellingshausen,1.295058672,-0.35014218672183617,0.35014218672183617,0.540312197173086,FALSE,FALSE
2007-01-23,Amundsen_Bellingshausen,1.291853838,-0.3285213263972919,0.3285213263972919,0.540312197173086,FALSE,FALSE
2007-01-24,Amundsen_Bellingshausen,1.298702424,-0.29796309949571076,0.29796309949571076,0.540312197173086,FALSE,FALSE
2007-01-25,Amundsen_Bellingshausen,1.298224151,-0.275807149118495,0.275807149118495,0.540312197173086,FALSE,FALSE
2007-01-26,Amundsen_Bellingshausen,1.297527097,-0.25490476136704343,0.25490476136704343,0.540312197173086,FALSE,FALSE
2007-01-27,Amundsen_Bellingshausen,1.297763482,-0.2340652844676447,0.2340652844676447,0.540312197173086,FALSE,FALSE
2007-01-28,Amundsen_Bellingshausen,1.293355907,-0.21884260637945152,0.21884260637945152,0.540312197173086,FALSE,FALSE
2007-01-29,Amundsen_Bellingshausen,1.276717617,-0.2168061580452767,0.2168061580452767,0.540312197173086,FALSE,FALSE
2007-01-30,Amundsen_Bellingshausen,1.275023205,-0.20076404233817713,0.20076404233817713,0.540312197173086,FALSE,FALSE
2007-01-31,Amundsen_Bellingshausen,1.282451301,-0.17652032513120375,0.17652032513120375,0.540312197173086,FALSE,FALSE
2007-02-01,Amundsen_Bellingshausen,1.277664237,-0.16539537029741047,0.16539537029741047,0.540312197173086,FALSE,FALSE
2007-02-02,Amundsen_Bellingshausen,1.260356106,-0.1676777807098511,0.1676777807098511,0.540312197173086,FALSE,FALSE
2007-02-03,Amundsen_Bellingshausen,1.243710154,-0.17016700624157743,0.17016700624157743,0.540312197173086,FALSE,FALSE
2007-02-04,Amundsen_Bellingshausen,1.236839033,-0.16373309076564202,0.16373309076564202,0.540312197173086,FALSE,FALSE
2007-02-05,Amundsen_Bellingshausen,1.244361666,-0.14373980715510082,0.14373980715510082,0.540312197173086,FALSE,FALSE
2007-02-06,Amundsen_Bellingshausen,1.242020366,-0.1344275382830049,0.1344275382830049,0.540312197173086,FALSE,FALSE
2007-02-07,Amundsen_Bellingshausen,1.234677269,-0.1309168440224071,0.1309168440224071,0.540312197173086,FALSE,FALSE
2007-02-08,Amundsen_Bellingshausen,1.21461855,-0.14090433082079645,0.14090433082079645,0.540312197173086,FALSE,FALSE
2007-02-09,Amundsen_Bellingshausen,1.21286024,-0.13336804694670756,0.13336804694670756,0.540312197173086,FALSE,FALSE
2007-02-10,Amundsen_Bellingshausen,1.201010549,-0.1367163303213208,0.1367163303213208,0.540312197173086,FALSE,FALSE
2007-02-11,Amundsen_Bellingshausen,1.206076185,-0.1239616774155563,0.1239616774155563,0.540312197173086,FALSE,FALSE
2007-02-12,Amundsen_Bellingshausen,1.21440894,-0.1087715007003358,0.1087715007003358,0.540312197173086,FALSE,FALSE
2007-02-13,Amundsen_Bellingshausen,1.203911058,-0.1132627606465808,0.1132627606465808,0.540312197173086,FALSE,FALSE
2007-02-14,Amundsen_Bellingshausen,1.183568525,-0.12846867572521092,0.12846867572521092,0.540312197173086,FALSE,FALSE
2007-02-15,Amundsen_Bellingshausen,1.184147417,-0.12364237440714888,0.12364237440714888,0.540312197173086,FALSE,FALSE
2007-02-16,Amundsen_Bellingshausen,1.20962479,-0.09482600516331607,0.09482600516331607,0.540312197173086,FALSE,FALSE
2007-02-17,Amundsen_Bellingshausen,1.224115436,-0.07792398046463123,0.07792398046463123,0.540312197173086,FALSE,FALSE
2007-02-18,Amundsen_Bellingshausen,1.223106065,-0.07746879478201696,0.07746879478201696,0.540312197173086,FALSE,FALSE
2007-02-19,Amundsen_Bellingshausen,1.231524155,-0.06855217458639573,0.06855217458639573,0.540312197173086,FALSE,FALSE
2007-02-20,Amundsen_Bellingshausen,1.235881567,-0.0646814633486863,0.0646814633486863,0.540312197173086,FALSE,FALSE
2007-02-21,Amundsen_Bellingshausen,1.227792685,-0.07425815860350471,0.07425815860350471,0.540312197173086,FALSE,FALSE
2007-02-22,Amundsen_Bellingshausen,1.239580163,-0.06493520182457813,0.06493520182457813,0.540312197173086,FALSE,FALSE
2007-02-23,Amundsen_Bellingshausen,1.242692469,-0.06521292043991878,0.06521292043991878,0.540312197173086,FALSE,FALSE
2007-02-24,Amundsen_Bellingshausen,1.248814351,-0.06335487741386192,0.06335487741386192,0.540312197173086,FALSE,FALSE
2007-02-25,Amundsen_Bellingshausen,1.240721903,-0.07653328971075002,0.07653328971075002,0.540312197173086,FALSE,FALSE
2007-02-26,Amundsen_Bellingshausen,1.229654684,-0.09345690929492134,0.09345690929492134,0.540312197173086,FALSE,FALSE
2007-02-27,Amundsen_Bellingshausen,1.225035394,-0.10465134713071556,0.10465134713071556,0.540312197173086,FALSE,FALSE
2007-02-28,Amundsen_Bellingshausen,1.239441718,-0.09748722918247088,0.09748722918247088,0.540312197173086,FALSE,FALSE
2007-03-01,Amundsen_Bellingshausen,1.246638803,-0.09814771941452773,0.09814771941452773,0.540312197173086,FALSE,FALSE
2007-03-02,Amundsen_Bellingshausen,1.251326939,-0.10188083879122534,0.10188083879122534,0.540312197173086,FALSE,FALSE
2007-03-03,Amundsen_Bellingshausen,1.26255364,-0.09958738427690328,0.09958738427690328,0.540312197173086,FALSE,FALSE
2007-03-04,Amundsen_Bellingshausen,1.268917854,-0.10261671883589996,0.10261671883589996,0.540312197173086,FALSE,FALSE
2007-03-05,Amundsen_Bellingshausen,1.287691112,-0.09364562575963208,0.09364562575963208,0.540312197173086,FALSE,FALSE
2007-03-06,Amundsen_Bellingshausen,1.301154964,-0.09035324564969938,0.09035324564969938,0.540312197173086,FALSE,FALSE
2007-03-07,Amundsen_Bellingshausen,1.315905301,-0.08614467067249798,0.08614467067249798,0.540312197173086,FALSE,FALSE
2007-03-08,Amundsen_Bellingshausen,1.340139812,-0.07283138085125018,0.07283138085125018,0.540312197173086,FALSE,FALSE
2007-03-09,Amundsen_Bellingshausen,1.359577392,-0.06470365020918045,0.06470365020918045,0.540312197173086,FALSE,FALSE
2007-03-10,Amundsen_Bellingshausen,1.377960493,-0.05802819576951124,0.05802819576951124,0.540312197173086,FALSE,FALSE
2007-03-11,Amundsen_Bellingshausen,1.407602876,-0.04050042555546618,0.04050042555546618,0.540312197173086,FALSE,FALSE
2007-03-12,Amundsen_Bellingshausen,1.426065213,-0.03456883659026832,0.03456883659026832,0.540312197173086,FALSE,FALSE
2007-03-13,Amundsen_Bellingshausen,1.439440147,-0.03414995489714334,0.03414995489714334,0.540312197173086,FALSE,FALSE
2007-03-14,Amundsen_Bellingshausen,1.464323666,-0.02265696149931106,0.02265696149931106,0.540312197173086,FALSE,FALSE
2007-03-15,Amundsen_Bellingshausen,1.48106935,-0.01974544541999656,0.01974544541999656,0.540312197173086,FALSE,FALSE
2007-03-16,Amundsen_Bellingshausen,1.494120759,-0.02098101568242483,0.02098101568242483,0.540312197173086,FALSE,FALSE
2007-03-17,Amundsen_Bellingshausen,1.495769586,-0.03408114830981668,0.03408114830981668,0.540312197173086,FALSE,FALSE
2007-03-18,Amundsen_Bellingshausen,1.471666473,-0.07340387954343819,0.07340387954343819,0.540312197173086,FALSE,FALSE
2007-03-19,Amundsen_Bellingshausen,1.440890685,-0.1198663654166796,0.1198663654166796,0.540312197173086,FALSE,FALSE
2007-03-20,Amundsen_Bellingshausen,1.408046552,-0.16884787582083027,0.16884787582083027,0.540312197173086,FALSE,FALSE
2007-03-21,Amundsen_Bellingshausen,1.383525236,-0.20994024500683303,0.20994024500683303,0.540312197173086,FALSE,FALSE
2007-03-22,Amundsen_Bellingshausen,1.380863289,-0.2295899172256324,0.2295899172256324,0.540312197173086,FALSE,FALSE
2007-03-23,Amundsen_Bellingshausen,1.42716223,-0.200678369728172,0.200678369728172,0.540312197173086,FALSE,FALSE
2007-03-24,Amundsen_Bellingshausen,1.495105664,-0.1505049937653926,0.1505049937653926,0.540312197173086,FALSE,FALSE
2007-03-25,Amundsen_Bellingshausen,1.528508337,-0.1352380395882402,0.1352380395882402,0.540312197173086,FALSE,FALSE
2007-03-26,Amundsen_Bellingshausen,1.540717506,-0.14151324644765784,0.14151324644765784,0.540312197173086,FALSE,FALSE
2007-03-27,Amundsen_Bellingshausen,1.524842786,-0.1762039955945871,0.1762039955945871,0.540312197173086,FALSE,FALSE
2007-03-28,Amundsen_Bellingshausen,1.511066421,-0.2091110392799731,0.2091110392799731,0.540312197173086,FALSE,FALSE
2007-03-29,Amundsen_Bellingshausen,1.509886989,-0.2297187957547593,0.2297187957547593,0.540312197173086,FALSE,FALSE
2007-03-30,Amundsen_Bellingshausen,1.506940082,-0.25237466926988805,0.25237466926988805,0.540312197173086,FALSE,FALSE
2007-03-31,Amundsen_Bellingshausen,1.510208496,-0.26908181970334777,0.26908181970334777,0.540312197173086,FALSE,FALSE
2007-04-01,Amundsen_Bellingshausen,1.529052958,-0.27048165335289065,0.27048165335289065,0.540312197173086,FALSE,FALSE
2007-04-02,Amundsen_Bellingshausen,1.571360204,-0.2486950671418502,0.2486950671418502,0.540312197173086,FALSE,FALSE
2007-04-03,Amundsen_Bellingshausen,1.579342514,-0.2615174185401019,0.2615174185401019,0.540312197173086,FALSE,FALSE
2007-04-04,Amundsen_Bellingshausen,1.577386534,-0.28456969901751794,0.28456969901751794,0.540312197173086,FALSE,FALSE
2007-04-05,Amundsen_Bellingshausen,1.586057927,-0.2972938830439731,0.2972938830439731,0.540312197173086,FALSE,FALSE
2007-04-06,Amundsen_Bellingshausen,1.582198495,-0.3228558060893352,0.3228558060893352,0.540312197173086,FALSE,FALSE
2007-04-07,Amundsen_Bellingshausen,1.580484506,-0.3465868376234822,0.3465868376234822,0.540312197173086,FALSE,FALSE
2007-04-08,Amundsen_Bellingshausen,1.622655695,-0.3267548801162825,0.3267548801162825,0.540312197173086,FALSE,FALSE
2007-04-09,Amundsen_Bellingshausen,1.667348867,-0.3047307660376115,0.3047307660376115,0.540312197173086,FALSE,FALSE
2007-04-10,Amundsen_Bellingshausen,1.709110881,-0.28597527385734245,0.28597527385734245,0.540312197173086,FALSE,FALSE
2007-04-11,Amundsen_Bellingshausen,1.728964693,-0.28947308504534686,0.28947308504534686,0.540312197173086,FALSE,FALSE
2007-04-12,Amundsen_Bellingshausen,1.747656502,-0.2944855889647302,0.2944855889647302,0.540312197173086,FALSE,FALSE
2007-04-13,Amundsen_Bellingshausen,1.762163453,-0.30403972912790267,0.30403972912790267,0.540312197173086,FALSE,FALSE
2007-04-14,Amundsen_Bellingshausen,1.756740332,-0.33387903857478807,0.33387903857478807,0.540312197173086,FALSE,FALSE
2007-04-15,Amundsen_Bellingshausen,1.768615858,-0.3467725784507474,0.3467725784507474,0.540312197173086,FALSE,FALSE
2007-04-16,Amundsen_Bellingshausen,1.821493332,-0.3190148279011533,0.3190148279011533,0.540312197173086,FALSE,FALSE
2007-04-17,Amundsen_Bellingshausen,1.871196336,-0.29477998507136793,0.29477998507136793,0.540312197173086,FALSE,FALSE
2007-04-18,Amundsen_Bellingshausen,1.935872613,-0.2559180871067568,0.2559180871067568,0.540312197173086,FALSE,FALSE
2007-04-19,Amundsen_Bellingshausen,1.997458001,-0.2204910761526886,0.2204910761526886,0.540312197173086,FALSE,FALSE
2007-04-20,Amundsen_Bellingshausen,2.0266637,-0.21778553235452905,0.21778553235452905,0.540312197173086,FALSE,FALSE
2007-04-21,Amundsen_Bellingshausen,2.054939971,-0.21634897485764437,0.21634897485764437,0.540312197173086,FALSE,FALSE
2007-04-22,Amundsen_Bellingshausen,2.099972988,-0.19849300980739937,0.19849300980739937,0.540312197173086,FALSE,FALSE
2007-04-23,Amundsen_Bellingshausen,2.11657016,-0.2094080083491607,0.2094080083491607,0.540312197173086,FALSE,FALSE
2007-04-24,Amundsen_Bellingshausen,2.132270873,-0.2215523646282964,0.2215523646282964,0.540312197173086,FALSE,FALSE
2007-04-25,Amundsen_Bellingshausen,2.138933447,-0.2430611976222341,0.2430611976222341,0.540312197173086,FALSE,FALSE
2007-04-26,Amundsen_Bellingshausen,2.148911398,-0.26153320022881976,0.26153320022881976,0.540312197173086,FALSE,FALSE
2007-04-27,Amundsen_Bellingshausen,2.154923652,-0.2841788713627946,0.2841788713627946,0.540312197173086,FALSE,FALSE
2007-04-28,Amundsen_Bellingshausen,2.190742317,-0.27715528793479116,0.27715528793479116,0.540312197173086,FALSE,FALSE
2007-04-29,Amundsen_Bellingshausen,2.275683759,-0.22107526885544848,0.22107526885544848,0.540312197173086,FALSE,FALSE
2007-04-30,Amundsen_Bellingshausen,2.338395545,-0.1872204320354056,0.1872204320354056,0.540312197173086,FALSE,FALSE
2007-05-01,Amundsen_Bellingshausen,2.418396493,-0.13600114438529953,0.13600114438529953,0.540312197173086,FALSE,FALSE
2007-05-02,Amundsen_Bellingshausen,2.491539795,-0.0914933988157669,0.0914933988157669,0.540312197173086,FALSE,FALSE
2007-05-03,Amundsen_Bellingshausen,2.518986553,-0.09246527823744444,0.09246527823744444,0.540312197173086,FALSE,FALSE
2007-05-04,Amundsen_Bellingshausen,2.552930752,-0.08665198256096707,0.08665198256096707,0.540312197173086,FALSE,FALSE
2007-05-05,Amundsen_Bellingshausen,2.588205569,-0.0791495196969767,0.0791495196969767,0.540312197173086,FALSE,FALSE
2007-05-06,Amundsen_Bellingshausen,2.616666967,-0.07803111155610631,0.07803111155610631,0.540312197173086,FALSE,FALSE
2007-05-07,Amundsen_Bellingshausen,2.654725539,-0.06681538903212303,0.06681538903212303,0.540312197173086,FALSE,FALSE
2007-05-08,Amundsen_Bellingshausen,2.698831691,-0.04900290372089921,0.04900290372089921,0.540312197173086,FALSE,FALSE
2007-05-09,Amundsen_Bellingshausen,2.705907981,-0.06767989886863912,0.06767989886863912,0.540312197173086,FALSE,FALSE
2007-05-10,Amundsen_Bellingshausen,2.721889081,-0.07693002108640012,0.07693002108640012,0.540312197173086,FALSE,FALSE
2007-05-11,Amundsen_Bellingshausen,2.727217527,-0.0963290529852432,0.0963290529852432,0.540312197173086,FALSE,FALSE
2007-05-12,Amundsen_Bellingshausen,2.7552012,-0.09258743217622634,0.09258743217622634,0.540312197173086,FALSE,FALSE
2007-05-13,Amundsen_Bellingshausen,2.810330881,-0.06123269627040795,0.06123269627040795,0.540312197173086,FALSE,FALSE
2007-05-14,Amundsen_Bellingshausen,2.835718228,-0.05917150587885134,0.05917150587885134,0.540312197173086,FALSE,FALSE
2007-05-15,Amundsen_Bellingshausen,2.848019133,-0.06976628761261372,0.06976628761261372,0.540312197173086,FALSE,FALSE
2007-05-16,Amundsen_Bellingshausen,2.838322071,-0.10194688508275408,0.10194688508275408,0.540312197173086,FALSE,FALSE
2007-05-17,Amundsen_Bellingshausen,2.822486418,-0.139872240900333,0.139872240900333,0.540312197173086,FALSE,FALSE
2007-05-18,Amundsen_Bellingshausen,2.827811259,-0.15626158867640916,0.15626158867640916,0.540312197173086,FALSE,FALSE
2007-05-19,Amundsen_Bellingshausen,2.890999863,-0.11442997802204324,0.11442997802204324,0.540312197173086,FALSE,FALSE
2007-05-20,Amundsen_Bellingshausen,2.931079459,-0.09536843693895491,0.09536843693895491,0.540312197173086,FALSE,FALSE
2007-05-21,Amundsen_Bellingshausen,2.963317847,-0.0838262982239204,0.0838262982239204,0.540312197173086,FALSE,FALSE
2007-05-22,Amundsen_Bellingshausen,3.00628815,-0.06124658947407413,0.06124658947407413,0.540312197173086,FALSE,FALSE
2007-05-23,Amundsen_Bellingshausen,3.02184537,-0.06579042624072695,0.06579042624072695,0.540312197173086,FALSE,FALSE
2007-05-24,Amundsen_Bellingshausen,3.045139877,-0.06232355607518114,0.06232355607518114,0.540312197173086,FALSE,FALSE
2007-05-25,Amundsen_Bellingshausen,3.062071847,-0.06496192052874683,0.06496192052874683,0.540312197173086,FALSE,FALSE
2007-05-26,Amundsen_Bellingshausen,3.117592129,-0.02877078815273082,0.02877078815273082,0.540312197173086,FALSE,FALSE
2007-05-27,Amundsen_Bellingshausen,3.15967606,-0.005790939498441,0.005790939498441,0.540312197173086,FALSE,FALSE
2007-05-28,Amundsen_Bellingshausen,3.212617524,0.02825539188281745,0.02825539188281745,0.540312197173086,FALSE,FALSE
2007-05-29,Amundsen_Bellingshausen,3.240661148,0.03759671543973653,0.03759671543973653,0.540312197173086,FALSE,FALSE
2007-05-30,Amundsen_Bellingshausen,3.259704562,0.03811454362100752,0.03811454362100752,0.540312197173086,FALSE,FALSE
2007-05-31,Amundsen_Bellingshausen,3.248649829,0.008694821875324,0.008694821875324,0.540312197173086,FALSE,FALSE
2007-06-01,Amundsen_Bellingshausen,3.253243102,-0.00493241434862179,0.00493241434862179,0.540312197173086,FALSE,FALSE
2007-06-02,Amundsen_Bellingshausen,3.239953942,-0.03630555333274099,0.03630555333274099,0.540312197173086,FALSE,FALSE
2007-06-03,Amundsen_Bellingshausen,3.222918025,-0.07126063171011943,0.07126063171011943,0.540312197173086,FALSE,FALSE
2007-06-04,Amundsen_Bellingshausen,3.201521144,-0.1103735239880872,0.1103735239880872,0.540312197173086,FALSE,FALSE
2007-06-05,Amundsen_Bellingshausen,3.199252857,-0.13011633930187427,0.13011633930187427,0.540312197173086,FALSE,FALSE
2007-06-06,Amundsen_Bellingshausen,3.217979948,-0.1285839607867154,0.1285839607867154,0.540312197173086,FALSE,FALSE
2007-06-07,Amundsen_Bellingshausen,3.262397398,-0.10104307457784278,0.10104307457784278,0.540312197173086,FALSE,FALSE
2007-06-08,Amundsen_Bellingshausen,3.329728044,-0.05023251081048752,0.05023251081048752,0.540312197173086,FALSE,FALSE
2007-06-09,Amundsen_Bellingshausen,3.401966698,0.00588087538011627,0.00588087538011627,0.540312197173086,FALSE,FALSE
2007-06-10,Amundsen_Bellingshausen,3.449455151,0.03767720785873907,0.03767720785873907,0.540312197173086,FALSE,FALSE
2007-06-11,Amundsen_Bellingshausen,3.463561775,0.03656319149014386,0.03656319149014386,0.540312197173086,FALSE,FALSE
2007-06-12,Amundsen_Bellingshausen,3.485310724,0.04360131313909932,0.04360131313909932,0.540312197173086,FALSE,FALSE
2007-06-13,Amundsen_Bellingshausen,3.490952656,0.03508056367037593,0.03508056367037593,0.540312197173086,FALSE,FALSE
2007-06-14,Amundsen_Bellingshausen,3.499798935,0.03034961622324017,0.03034961622324017,0.540312197173086,FALSE,FALSE
2007-06-15,Amundsen_Bellingshausen,3.511550556,0.02910164487140232,0.02910164487140232,0.540312197173086,FALSE,FALSE
2007-06-16,Amundsen_Bellingshausen,3.521180089,0.0262394867547715,0.0262394867547715,0.540312197173086,FALSE,FALSE
2007-06-17,Amundsen_Bellingshausen,3.53983785,0.03283923938808586,0.03283923938808586,0.540312197173086,FALSE,FALSE
2007-06-18,Amundsen_Bellingshausen,3.54718465,0.02848749528608518,0.02848749528608518,0.540312197173086,FALSE,FALSE
2007-06-19,Amundsen_Bellingshausen,3.563475082,0.03336462896351167,0.03336462896351167,0.540312197173086,FALSE,FALSE
2007-06-20,Amundsen_Bellingshausen,3.5496258,0.00831307593510422,0.00831307593510422,0.540312197173086,FALSE,FALSE
2007-06-21,Amundsen_Bellingshausen,3.531907213,-0.02047097328439351,0.02047097328439351,0.540312197173086,FALSE,FALSE
2007-06-22,Amundsen_Bellingshausen,3.499144072,-0.06423698618024432,0.06423698618024432,0.540312197173086,FALSE,FALSE
2007-06-23,Amundsen_Bellingshausen,3.488352442,-0.08604311623770489,0.08604311623770489,0.540312197173086,FALSE,FALSE
2007-06-24,Amundsen_Bellingshausen,3.49486184,-0.09063406494203764,0.09063406494203764,0.540312197173086,FALSE,FALSE
2007-06-25,Amundsen_Bellingshausen,3.515395639,-0.0813606777784992,0.0813606777784992,0.540312197173086,FALSE,FALSE
2007-06-26,Amundsen_Bellingshausen,3.57203546,-0.03621555223235129,0.03621555223235129,0.540312197173086,FALSE,FALSE
2007-06-27,Amundsen_Bellingshausen,3.605952566,-0.01409253335060567,0.01409253335060567,0.540312197173086,FALSE,FALSE
2007-06-28,Amundsen_Bellingshausen,3.610028387,-0.02210645610536144,0.02210645610536144,0.540312197173086,FALSE,FALSE
2007-06-29,Amundsen_Bellingshausen,3.598368217,-0.04611683436168956,0.04611683436168956,0.540312197173086,FALSE,FALSE
2007-06-30,Amundsen_Bellingshausen,3.614060668,-0.04299970224761473,0.04299970224761473,0.540312197173086,FALSE,FALSE
2007-07-01,Amundsen_Bellingshausen,3.634296661,-0.03552878489115896,0.03552878489115896,0.540312197173086,FALSE,FALSE
2007-07-02,Amundsen_Bellingshausen,3.654204906,-0.02854001842034792,0.02854001842034792,0.540312197173086,FALSE,FALSE
2007-07-03,Amundsen_Bellingshausen,3.66363852,-0.03214493196320411,0.03214493196320411,0.540312197173086,FALSE,FALSE
2007-07-04,Amundsen_Bellingshausen,3.67016384,-0.03874183464774994,0.03874183464774994,0.540312197173086,FALSE,FALSE
2007-07-05,Amundsen_Bellingshausen,3.66991934,-0.05215689860201289,0.05215689860201289,0.540312197173086,FALSE,FALSE
2007-07-06,Amundsen_Bellingshausen,3.681798956,-0.0534608339540128,0.0534608339540128,0.540312197173086,FALSE,FALSE
2007-07-07,Amundsen_Bellingshausen,3.735528786,-0.01289218883177323,0.01289218883177323,0.540312197173086,FALSE,FALSE
2007-07-08,Amundsen_Bellingshausen,3.80262337,0.04109893063668002,0.04109893063668002,0.540312197173086,FALSE,FALSE
2007-07-09,Amundsen_Bellingshausen,3.851148324,0.07661345800991093,0.07661345800991093,0.540312197173086,FALSE,FALSE
2007-07-10,Amundsen_Bellingshausen,3.859325747,0.07190174705548324,0.07190174705548324,0.540312197173086,FALSE,FALSE
2007-07-11,Amundsen_Bellingshausen,3.864876301,0.06469725780334024,0.06469725780334024,0.540312197173086,FALSE,FALSE
2007-07-12,Amundsen_Bellingshausen,3.892371378,0.0795821347958614,0.0795821347958614,0.540312197173086,FALSE,FALSE
2007-07-13,Amundsen_Bellingshausen,3.935882365,0.1106385175754232,0.1106385175754232,0.540312197173086,FALSE,FALSE
2007-07-14,Amundsen_Bellingshausen,4.018343362,0.1808112586844084,0.1808112586844084,0.540312197173086,FALSE,FALSE
2007-07-15,Amundsen_Bellingshausen,4.095167284,0.24552402566519493,0.24552402566519493,0.540312197173086,FALSE,FALSE
2007-07-16,Amundsen_Bellingshausen,4.156729649,0.295163089060158,0.295163089060158,0.540312197173086,FALSE,FALSE
2007-07-17,Amundsen_Bellingshausen,4.170737409,0.2974461534116797,0.2974461534116797,0.540312197173086,FALSE,FALSE
2007-07-18,Amundsen_Bellingshausen,4.197852434,0.31304584126214197,0.31304584126214197,0.540312197173086,FALSE,FALSE
2007-07-19,Amundsen_Bellingshausen,4.219083039,0.32298122015391817,0.32298122015391817,0.540312197173086,FALSE,FALSE
2007-07-20,Amundsen_Bellingshausen,4.22181336,0.3146471786293863,0.3146471786293863,0.540312197173086,FALSE,FALSE
2007-07-21,Amundsen_Bellingshausen,4.238818874,0.32082994623093075,0.32082994623093075,0.540312197173086,FALSE,FALSE
2007-07-22,Amundsen_Bellingshausen,4.249212339,0.32065331345500425,0.32065331345500425,0.540312197173086,FALSE,FALSE
2007-07-23,Amundsen_Bellingshausen,4.267697946,0.32883636780755365,0.32883636780755365,0.540312197173086,FALSE,FALSE
2007-07-24,Amundsen_Bellingshausen,4.257827705,0.3089488324243903,0.3089488324243903,0.540312197173086,FALSE,FALSE
2007-07-25,Amundsen_Bellingshausen,4.220499502,0.26190637033345077,0.26190637033345077,0.540312197173086,FALSE,FALSE
2007-07-26,Amundsen_Bellingshausen,4.219080465,0.2510938865626744,0.2510938865626744,0.540312197173086,FALSE,FALSE
2007-07-27,Amundsen_Bellingshausen,4.237234993,0.2601935571400027,0.2601935571400027,0.540312197173086,FALSE,FALSE
2007-07-28,Amundsen_Bellingshausen,4.222646911,0.23690698409336353,0.23690698409336353,0.540312197173086,FALSE,FALSE
2007-07-29,Amundsen_Bellingshausen,4.209220149,0.21515587445070317,0.21515587445070317,0.540312197173086,FALSE,FALSE
2007-07-30,Amundsen_Bellingshausen,4.179166969,0.17717026723995044,0.17717026723995044,0.540312197173086,FALSE,FALSE
2007-07-31,Amundsen_Bellingshausen,4.190476636,0.18095720448905084,0.18095720448905084,0.540312197173086,FALSE,FALSE
2007-08-01,Amundsen_Bellingshausen,4.191345243,0.17473055622594114,0.17473055622594114,0.540312197173086,FALSE,FALSE
2007-08-02,Amundsen_Bellingshausen,4.177409115,0.15414442447855323,0.15414442447855323,0.540312197173086,FALSE,FALSE
2007-08-03,Amundsen_Bellingshausen,4.183919895,0.154468228747338,0.154468228747338,0.540312197173086,FALSE,FALSE
2007-08-04,Amundsen_Bellingshausen,4.221388787,0.1862167093993632,0.1862167093993632,0.540312197173086,FALSE,FALSE
2007-08-05,Amundsen_Bellingshausen,4.224052344,0.18357858613990707,0.18357858613990707,0.540312197173086,FALSE,FALSE
2007-08-06,Amundsen_Bellingshausen,4.168825215,0.12340909520293408,0.12340909520293408,0.540312197173086,FALSE,FALSE
2007-08-07,Amundsen_Bellingshausen,4.122070588,0.07201201182239725,0.07201201182239725,0.540312197173086,FALSE,FALSE
2007-08-08,Amundsen_Bellingshausen,4.052384778,-0.00207576176774004,0.00207576176774004,0.540312197173086,FALSE,FALSE
2007-08-09,Amundsen_Bellingshausen,4.017844683,-0.04083674033352835,0.04083674033352835,0.540312197173086,FALSE,FALSE
2007-08-10,Amundsen_Bellingshausen,4.005748793,-0.05703184664100735,0.05703184664100735,0.540312197173086,FALSE,FALSE
2007-08-11,Amundsen_Bellingshausen,3.946986966,-0.11983063545621596,0.11983063545621596,0.540312197173086,FALSE,FALSE
2007-08-12,Amundsen_Bellingshausen,3.905413162,-0.1654385595452017,0.1654385595452017,0.540312197173086,FALSE,FALSE
2007-08-13,Amundsen_Bellingshausen,3.93700332,-0.1379390926740034,0.1379390926740034,0.540312197173086,FALSE,FALSE
2007-08-14,Amundsen_Bellingshausen,3.940895408,-0.1382536796086682,0.1382536796086682,0.540312197173086,FALSE,FALSE
2007-08-15,Amundsen_Bellingshausen,4.011804134,-0.07172702511523532,0.07172702511523532,0.540312197173086,FALSE,FALSE
2007-08-16,Amundsen_Bellingshausen,4.069319231,-0.0188266473202594,0.0188266473202594,0.540312197173086,FALSE,FALSE
2007-08-17,Amundsen_Bellingshausen,4.064296132,-0.02869011534771814,0.02869011534771814,0.540312197173086,FALSE,FALSE
2007-08-18,Amundsen_Bellingshausen,4.110694341,0.0127226107289573,0.0127226107289573,0.540312197173086,FALSE,FALSE
2007-08-19,Amundsen_Bellingshausen,4.11171712,0.008699358911608,0.008699358911608,0.540312197173086,FALSE,FALSE
2007-08-20,Amundsen_Bellingshausen,4.084848262,-0.02319151179792822,0.02319151179792822,0.540312197173086,FALSE,FALSE
2007-08-21,Amundsen_Bellingshausen,4.043614394,-0.06933880839782347,0.06933880839782347,0.540312197173086,FALSE,FALSE
2007-08-22,Amundsen_Bellingshausen,4.014172385,-0.1035010958862328,0.1035010958862328,0.540312197173086,FALSE,FALSE
2007-08-23,Amundsen_Bellingshausen,3.996917864,-0.12519817926132548,0.12519817926132548,0.540312197173086,FALSE,FALSE
2007-08-24,Amundsen_Bellingshausen,3.982461307,-0.14373501652126253,0.14373501652126253,0.540312197173086,FALSE,FALSE
2007-08-25,Amundsen_Bellingshausen,3.968510633,-0.16131912266420567,0.16131912266420567,0.540312197173086,FALSE,FALSE
2007-08-26,Amundsen_Bellingshausen,4.001422138,-0.13150963568832985,0.13150963568832985,0.540312197173086,FALSE,FALSE
2007-08-27,Amundsen_Bellingshausen,4.057603493,-0.07781431859178323,0.07781431859178323,0.540312197173086,FALSE,FALSE
2007-08-28,Amundsen_Bellingshausen,4.082632795,-0.05457050837274302,0.05457050837274302,0.540312197173086,FALSE,FALSE
2007-08-29,Amundsen_Bellingshausen,4.102057052,-0.03616162250637966,0.03616162250637966,0.540312197173086,FALSE,FALSE
2007-08-30,Amundsen_Bellingshausen,4.140626996,0.00214153189224219,0.00214153189224219,0.540312197173086,FALSE,FALSE
2007-08-31,Amundsen_Bellingshausen,4.151169739,0.01311029341101477,0.01311029341101477,0.540312197173086,FALSE,FALSE
2007-09-01,Amundsen_Bellingshausen,4.188063873,0.05106741923274072,0.05106741923274072,0.540312197173086,FALSE,FALSE
2007-09-02,Amundsen_Bellingshausen,4.144979718,0.00962739454021832,0.00962739454021832,0.540312197173086,FALSE,FALSE
2007-09-03,Amundsen_Bellingshausen,4.117023176,-0.01615971348374501,0.01615971348374501,0.540312197173086,FALSE,FALSE
2007-09-04,Amundsen_Bellingshausen,4.151108036,0.02056404934364941,0.02056404934364941,0.540312197173086,FALSE,FALSE
2007-09-05,Amundsen_Bellingshausen,4.206425659,0.07893420920520455,0.07893420920520455,0.540312197173086,FALSE,FALSE
2007-09-06,Amundsen_Bellingshausen,4.298094028,0.17401291428372367,0.17401291428372367,0.540312197173086,FALSE,FALSE
2007-09-07,Amundsen_Bellingshausen,4.357905627,0.23753681376200753,0.23753681376200753,0.540312197173086,FALSE,FALSE
2007-09-08,Amundsen_Bellingshausen,4.379820438,0.26341005482285595,0.26341005482285595,0.540312197173086,FALSE,FALSE
2007-09-09,Amundsen_Bellingshausen,4.370529072,0.25826741364907235,0.25826741364907235,0.540312197173086,FALSE,FALSE
2007-09-10,Amundsen_Bellingshausen,4.329740409,0.22176219194944036,0.22176219194944036,0.540312197173086,FALSE,FALSE
2007-09-11,Amundsen_Bellingshausen,4.282921039,0.1793297538645966,0.1793297538645966,0.540312197173086,FALSE,FALSE
2007-09-12,Amundsen_Bellingshausen,4.250219228,0.1511312078922895,0.1511312078922895,0.540312197173086,FALSE,FALSE
2007-09-13,Amundsen_Bellingshausen,4.263489845,0.16903890554408374,0.16903890554408374,0.540312197173086,FALSE,FALSE
2007-09-14,Amundsen_Bellingshausen,4.297572745,0.2079101843315465,0.2079101843315465,0.540312197173086,FALSE,FALSE
2007-09-15,Amundsen_Bellingshausen,4.332374798,0.2476693967662289,0.2476693967662289,0.540312197173086,FALSE,FALSE
2007-09-16,Amundsen_Bellingshausen,4.3243699,0.24480792135970209,0.24480792135970209,0.540312197173086,FALSE,FALSE
2007-09-17,Amundsen_Bellingshausen,4.305204803,0.2309899926235248,0.2309899926235248,0.540312197173086,FALSE,FALSE
2007-09-18,Amundsen_Bellingshausen,4.311380445,0.24273403106925873,0.24273403106925873,0.540312197173086,FALSE,FALSE
2007-09-19,Amundsen_Bellingshausen,4.301581026,0.23874171920846976,0.23874171920846976,0.540312197173086,FALSE,FALSE
2007-09-20,Amundsen_Bellingshausen,4.282226002,0.2254499955527205,0.2254499955527205,0.540312197173086,FALSE,FALSE
2007-09-21,Amundsen_Bellingshausen,4.242883797,0.19244476661357,0.19244476661357,0.540312197173086,FALSE,FALSE
2007-09-22,Amundsen_Bellingshausen,4.201249867,0.15743897090258052,0.15743897090258052,0.540312197173086,FALSE,FALSE
2007-09-23,Amundsen_Bellingshausen,4.152249691,0.11537498885612953,0.11537498885612953,0.540312197173086,FALSE,FALSE
2007-09-24,Amundsen_Bellingshausen,4.121067328,0.09144755984693732,0.09144755984693732,0.540312197173086,FALSE,FALSE
2007-09-25,Amundsen_Bellingshausen,4.090016623,0.06797743545490853,0.06797743545490853,0.540312197173086,FALSE,FALSE
2007-09-26,Amundsen_Bellingshausen,4.041553748,0.02742764130945385,0.02742764130945385,0.540312197173086,FALSE,FALSE
2007-09-27,Amundsen_Bellingshausen,4.034192127,0.02831845503999641,0.02831845503999641,0.540312197173086,FALSE,FALSE
2007-09-28,Amundsen_Bellingshausen,4.02683524,0.02956021027595223,0.02956021027595223,0.540312197173086,FALSE,FALSE
2007-09-29,Amundsen_Bellingshausen,4.001506879,0.01318355264674187,0.01318355264674187,0.540312197173086,FALSE,FALSE
2007-09-30,Amundsen_Bellingshausen,3.957131047,-0.02188066121822052,0.02188066121822052,0.540312197173086,FALSE,FALSE
2007-10-01,Amundsen_Bellingshausen,3.943370907,-0.02596241468951143,0.02596241468951143,0.540312197173086,FALSE,FALSE
2007-10-02,Amundsen_Bellingshausen,3.930003505,-0.02927780813771496,0.02927780813771496,0.540312197173086,FALSE,FALSE
2007-10-03,Amundsen_Bellingshausen,3.938003772,-0.01084505693341197,0.01084505693341197,0.540312197173086,FALSE,FALSE
2007-10-04,Amundsen_Bellingshausen,3.918096033,-0.01993298244718433,0.01993298244718433,0.540312197173086,FALSE,FALSE
2007-10-05,Amundsen_Bellingshausen,3.874937278,-0.05187775615784762,0.05187775615784762,0.540312197173086,FALSE,FALSE
2007-10-06,Amundsen_Bellingshausen,3.848374361,-0.06684396091069145,0.06684396091069145,0.540312197173086,FALSE,FALSE
2007-10-07,Amundsen_Bellingshausen,3.842668531,-0.06063554244240166,0.06063554244240166,0.540312197173086,FALSE,FALSE
2007-10-08,Amundsen_Bellingshausen,3.805744194,-0.08540312438987874,0.08540312438987874,0.540312197173086,FALSE,FALSE
2007-10-09,Amundsen_Bellingshausen,3.80819371,-0.07062937639002609,0.07062937639002609,0.540312197173086,FALSE,FALSE
2007-10-10,Amundsen_Bellingshausen,3.803735387,-0.06267102007975067,0.06267102007975067,0.540312197173086,FALSE,FALSE
2007-10-11,Amundsen_Bellingshausen,3.800455135,-0.05351717509595355,0.05351717509595355,0.540312197173086,FALSE,FALSE
2007-10-12,Amundsen_Bellingshausen,3.804626747,-0.03696907807553762,0.03696907807553762,0.540312197173086,FALSE,FALSE
2007-10-13,Amundsen_Bellingshausen,3.838752112,0.00940013034459186,0.00940013034459186,0.540312197173086,FALSE,FALSE
2007-10-14,Amundsen_Bellingshausen,3.853815472,0.03649966252753511,0.03649966252753511,0.540312197173086,FALSE,FALSE
2007-10-15,Amundsen_Bellingshausen,3.855826736,0.05026439783638459,0.05026439783638459,0.540312197173086,FALSE,FALSE
2007-10-16,Amundsen_Bellingshausen,3.846022809,0.05185621163423803,0.05185621163423803,0.540312197173086,FALSE,FALSE
2007-10-17,Amundsen_Bellingshausen,3.844152275,0.06094865828419316,0.06094865828419316,0.540312197173086,FALSE,FALSE
2007-10-18,Amundsen_Bellingshausen,3.830322786,0.05757765258832226,0.05757765258832226,0.540312197173086,FALSE,FALSE
2007-10-19,Amundsen_Bellingshausen,3.822670975,0.05987802077700399,0.05987802077700399,0.540312197173086,FALSE,FALSE
2007-10-20,Amundsen_Bellingshausen,3.854062281,0.10078024963927046,0.10078024963927046,0.540312197173086,FALSE,FALSE
2007-10-21,Amundsen_Bellingshausen,3.855043292,0.11089865183898162,0.11089865183898162,0.540312197173086,FALSE,FALSE
2007-10-22,Amundsen_Bellingshausen,3.808025339,0.07271228303999688,0.07271228303999688,0.540312197173086,FALSE,FALSE
2007-10-23,Amundsen_Bellingshausen,3.75304096,0.02632140590618048,0.02632140590618048,0.540312197173086,FALSE,FALSE
2007-10-24,Amundsen_Bellingshausen,3.753303493,0.03500708310138911,0.03500708310138911,0.540312197173086,FALSE,FALSE
2007-10-25,Amundsen_Bellingshausen,3.781389666,0.07141376728948412,0.07141376728948412,0.540312197173086,FALSE,FALSE
2007-10-26,Amundsen_Bellingshausen,3.793862369,0.09217207313432674,0.09217207313432674,0.540312197173086,FALSE,FALSE
2007-10-27,Amundsen_Bellingshausen,3.803517403,0.11014552629977814,0.11014552629977814,0.540312197173086,FALSE,FALSE
2007-10-28,Amundsen_Bellingshausen,3.786213028,0.10126011144969692,0.10126011144969692,0.540312197173086,FALSE,FALSE
2007-10-29,Amundsen_Bellingshausen,3.735391671,0.0590259802479447,0.0590259802479447,0.540312197173086,FALSE,FALSE
2007-10-30,Amundsen_Bellingshausen,3.724047225,0.05650475035838287,0.05650475035838287,0.540312197173086,FALSE,FALSE
2007-10-31,Amundsen_Bellingshausen,3.718720204,0.0602936349838501,0.0602936349838501,0.540312197173086,FALSE,FALSE
2007-11-01,Amundsen_Bellingshausen,3.706798328,0.05778278361396705,0.05778278361396705,0.540312197173086,FALSE,FALSE
2007-11-02,Amundsen_Bellingshausen,3.67441984,0.03509619919131346,0.03509619919131346,0.540312197173086,FALSE,FALSE
2007-11-03,Amundsen_Bellingshausen,3.681825923,0.05246082017725007,0.05246082017725007,0.540312197173086,FALSE,FALSE
2007-11-04,Amundsen_Bellingshausen,3.687942246,0.06878807103314344,0.06878807103314344,0.540312197173086,FALSE,FALSE
2007-11-05,Amundsen_Bellingshausen,3.705613621,0.09690851922035648,0.09690851922035648,0.540312197173086,FALSE,FALSE
2007-11-06,Amundsen_Bellingshausen,3.71666367,0.11863154220025596,0.11863154220025596,0.540312197173086,FALSE,FALSE
2007-11-07,Amundsen_Bellingshausen,3.720781553,0.13363205543420298,0.13363205543420298,0.540312197173086,FALSE,FALSE
2007-11-08,Amundsen_Bellingshausen,3.730086226,0.15401477038356415,0.15401477038356415,0.540312197173086,FALSE,FALSE
2007-11-09,Amundsen_Bellingshausen,3.762206046,0.1973937995097068,0.1973937995097068,0.540312197173086,FALSE,FALSE
2007-11-10,Amundsen_Bellingshausen,3.763142968,0.20975685327399196,0.20975685327399196,0.540312197173086,FALSE,FALSE
2007-11-11,Amundsen_Bellingshausen,3.771533923,0.2297266181377844,0.2297266181377844,0.540312197173086,FALSE,FALSE
2007-11-12,Amundsen_Bellingshausen,3.769748102,0.2396580197414817,0.2396580197414817,0.540312197173086,FALSE,FALSE
2007-11-13,Amundsen_Bellingshausen,3.761218635,0.2429687709303634,0.2429687709303634,0.540312197173086,FALSE,FALSE
2007-11-14,Amundsen_Bellingshausen,3.757405624,0.2511018251613044,0.2511018251613044,0.540312197173086,FALSE,FALSE
2007-11-15,Amundsen_Bellingshausen,3.751844759,0.25757558108016987,0.25757558108016987,0.540312197173086,FALSE,FALSE
2007-11-16,Amundsen_Bellingshausen,3.728864412,0.2467011193328177,0.2467011193328177,0.540312197173086,FALSE,FALSE
2007-11-17,Amundsen_Bellingshausen,3.697361293,0.2273578585651097,0.2273578585651097,0.540312197173086,FALSE,FALSE
2007-11-18,Amundsen_Bellingshausen,3.648314114,0.19050721942290536,0.19050721942290536,0.540312197173086,FALSE,FALSE
2007-11-19,Amundsen_Bellingshausen,3.607842004,0.16225103955206732,0.16225103955206732,0.540312197173086,FALSE,FALSE
2007-11-20,Amundsen_Bellingshausen,3.600644533,0.1672715975984529,0.1672715975984529,0.540312197173086,FALSE,FALSE
2007-11-21,Amundsen_Bellingshausen,3.606579473,0.18540937420792503,0.18540937420792503,0.540312197173086,FALSE,FALSE
2007-11-22,Amundsen_Bellingshausen,3.593119035,0.1841192890263459,0.1841192890263459,0.540312197173086,FALSE,FALSE
2007-11-23,Amundsen_Bellingshausen,3.557963755,0.16108458669957315,0.16108458669957315,0.540312197173086,FALSE,FALSE
2007-11-24,Amundsen_Bellingshausen,3.535416265,0.15059060787346823,0.15059060787346823,0.540312197173086,FALSE,FALSE
2007-11-25,Amundsen_Bellingshausen,3.490272871,0.11742110549801232,0.11742110549801232,0.540312197173086,FALSE,FALSE
2007-11-26,Amundsen_Bellingshausen,3.476605051,0.11567508030554086,0.11567508030554086,0.540312197173086,FALSE,FALSE
2007-11-27,Amundsen_Bellingshausen,3.474018817,0.12500621817073654,0.12500621817073654,0.540312197173086,FALSE,FALSE
2007-11-28,Amundsen_Bellingshausen,3.47262721,0.13557538660148927,0.13557538660148927,0.540312197173086,FALSE,FALSE
2007-11-29,Amundsen_Bellingshausen,3.471780106,0.14678028810567678,0.14678028810567678,0.540312197173086,FALSE,FALSE
2007-11-30,Amundsen_Bellingshausen,3.462301392,0.14949263619118502,0.14949263619118502,0.540312197173086,FALSE,FALSE
2007-12-01,Amundsen_Bellingshausen,3.444708668,0.1442778573658967,0.1442778573658967,0.540312197173086,FALSE,FALSE
2007-12-02,Amundsen_Bellingshausen,3.425282133,0.13746397713769554,0.13746397713769554,0.540312197173086,FALSE,FALSE
2007-12-03,Amundsen_Bellingshausen,3.396940304,0.1220173390144641,0.1220173390144641,0.540312197173086,FALSE,FALSE
2007-12-04,Amundsen_Bellingshausen,3.388786052,0.12708864050408808,0.12708864050408808,0.540312197173086,FALSE,FALSE
2007-12-05,Amundsen_Bellingshausen,3.369648668,0.12155499911444868,0.12155499911444868,0.540312197173086,FALSE,FALSE
2007-12-06,Amundsen_Bellingshausen,3.358106057,0.12404214635343136,0.12404214635343136,0.540312197173086,FALSE,FALSE
2007-12-07,Amundsen_Bellingshausen,3.351972356,0.13241211649473472,0.13241211649473472,0.540312197173086,FALSE,FALSE
2007-12-08,Amundsen_Bellingshausen,3.338599125,0.13408633478575993,0.13408633478575993,0.540312197173086,FALSE,FALSE
2007-12-09,Amundsen_Bellingshausen,3.306122118,0.1173233991603122,0.1173233991603122,0.540312197173086,FALSE,FALSE
2007-12-10,Amundsen_Bellingshausen,3.270195191,0.09790783568528338,0.09790783568528338,0.540312197173086,FALSE,FALSE
2007-12-11,Amundsen_Bellingshausen,3.259847916,0.1049998864275703,0.1049998864275703,0.540312197173086,FALSE,FALSE
2007-12-12,Amundsen_Bellingshausen,3.235258778,0.09890870645406348,0.09890870645406348,0.540312197173086,FALSE,FALSE
2007-12-13,Amundsen_Bellingshausen,3.23130187,0.11463905883166305,0.11463905883166305,0.540312197173086,FALSE,FALSE
2007-12-14,Amundsen_Bellingshausen,3.226108217,0.13045263862725687,0.13045263862725687,0.540312197173086,FALSE,FALSE
2007-12-15,Amundsen_Bellingshausen,3.235319105,0.1621214019077426,0.1621214019077426,0.540312197173086,FALSE,FALSE
2007-12-16,Amundsen_Bellingshausen,3.235910152,0.1867516367400155,0.1867516367400155,0.540312197173086,FALSE,FALSE
2007-12-17,Amundsen_Bellingshausen,3.215571009,0.19216366419096745,0.19216366419096745,0.540312197173086,FALSE,FALSE
2007-12-18,Amundsen_Bellingshausen,3.217368544,0.221555022327494,0.221555022327494,0.540312197173086,FALSE,FALSE
2007-12-19,Amundsen_Bellingshausen,3.225242005,0.2589956292164892,0.2589956292164892,0.540312197173086,FALSE,FALSE
2007-12-20,Amundsen_Bellingshausen,3.231916761,0.29733157905840457,0.29733157905840457,0.540312197173086,FALSE,FALSE
2007-12-21,Amundsen_Bellingshausen,3.222474048,0.3216075855461318,0.3216075855461318,0.540312197173086,FALSE,FALSE
2007-12-22,Amundsen_Bellingshausen,3.216374272,0.35112201411014743,0.35112201411014743,0.540312197173086,FALSE,FALSE
2007-12-23,Amundsen_Bellingshausen,3.209604144,0.3816960373732452,0.3816960373732452,0.540312197173086,FALSE,FALSE
2007-12-24,Amundsen_Bellingshausen,3.204551436,0.4155518889582055,0.4155518889582055,0.540312197173086,FALSE,FALSE
2007-12-25,Amundsen_Bellingshausen,3.190486382,0.44179426448781767,0.44179426448781767,0.540312197173086,FALSE,FALSE
2007-12-26,Amundsen_Bellingshausen,3.163145643,0.4559942865848692,0.4559942865848692,0.540312197173086,FALSE,FALSE
2007-12-27,Amundsen_Bellingshausen,3.140891036,0.4763482338721494,0.4763482338721494,0.540312197173086,FALSE,FALSE
2007-12-28,Amundsen_Bellingshausen,3.130461545,0.5094295519724401,0.5094295519724401,0.540312197173086,FALSE,FALSE
2007-12-29,Amundsen_Bellingshausen,3.120247263,0.5434627955085292,0.5434627955085292,0.540312197173086,TRUE,FALSE
2007-12-30,Amundsen_Bellingshausen,3.0848644,0.5528986361032104,0.5528986361032104,0.540312197173086,TRUE,FALSE
2007-12-31,Amundsen_Bellingshausen,3.014453839,0.5277124183792639,0.5277124183792639,0.540312197173086,FALSE,FALSE
2008-01-01,Amundsen_Bellingshausen,2.999937741,0.5586607649594759,0.5586607649594759,0.540312197173086,TRUE,TRUE
2008-01-02,Amundsen_Bellingshausen,2.969842511,0.574111300472671,0.574111300472671,0.540312197173086,TRUE,TRUE
2008-01-03,Amundsen_Bellingshausen,2.951711314,0.6014754415718118,0.6014754415718118,0.540312197173086,TRUE,TRUE
2008-01-04,Amundsen_Bellingshausen,2.921034989,0.616119036915904,0.616119036915904,0.540312197173086,TRUE,TRUE
2008-01-05,Amundsen_Bellingshausen,2.893365675,0.6334692351639388,0.6334692351639388,0.540312197173086,TRUE,TRUE
2008-01-06,Amundsen_Bellingshausen,2.859893093,0.6445907669749209,0.6445907669749209,0.540312197173086,TRUE,TRUE
2008-01-07,Amundsen_Bellingshausen,2.797823093,0.6265644920078453,0.6265644920078453,0.540312197173086,TRUE,TRUE
2008-01-08,Amundsen_Bellingshausen,2.760289041,0.6323987859217137,0.6323987859217137,0.540312197173086,TRUE,TRUE
2008-01-09,Amundsen_Bellingshausen,2.708620202,0.6232979233755254,0.6232979233755254,0.540312197173086,TRUE,TRUE
2008-01-10,Amundsen_Bellingshausen,2.66256926,0.6188895980282809,0.6188895980282809,0.540312197173086,TRUE,TRUE
2008-01-11,Amundsen_Bellingshausen,2.609420741,0.6063333455389777,0.6063333455389777,0.540312197173086,TRUE,TRUE
2008-01-12,Amundsen_Bellingshausen,2.566430248,0.6027597785666157,0.6027597785666157,0.540312197173086,TRUE,TRUE
2008-01-13,Amundsen_Bellingshausen,2.50243169,0.5768778157701961,0.5768778157701961,0.540312197173086,TRUE,TRUE
2008-01-14,Amundsen_Bellingshausen,2.457040535,0.5681798906230984,0.5681798906230984,0.540312197173086,TRUE,TRUE
2008-01-15,Amundsen_Bellingshausen,2.4222923180000002,0.5686486876809558,0.5686486876809558,0.540312197173086,TRUE,TRUE
2008-01-16,Amundsen_Bellingshausen,2.346755329,0.5268875721270481,0.5268875721270481,0.540312197173086,FALSE,FALSE
2008-01-17,Amundsen_Bellingshausen,2.277276194,0.4897838058599775,0.4897838058599775,0.540312197173086,FALSE,FALSE
2008-01-18,Amundsen_Bellingshausen,2.235107414,0.4786305257783423,0.4786305257783423,0.540312197173086,FALSE,FALSE
2008-01-19,Amundsen_Bellingshausen,2.179596785,0.45281616378074463,0.45281616378074463,0.540312197173086,FALSE,FALSE
2008-01-20,Amundsen_Bellingshausen,2.141170166,0.4428072147657814,0.4428072147657814,0.540312197173086,FALSE,FALSE
2008-01-21,Amundsen_Bellingshausen,2.06940678,0.39822353763205465,0.39822353763205465,0.540312197173086,FALSE,FALSE
2008-01-22,Amundsen_Bellingshausen,1.985749754,0.3405488952781639,0.3405488952781639,0.540312197173086,FALSE,FALSE
2008-01-23,Amundsen_Bellingshausen,1.926269416,0.3058942516027081,0.3058942516027081,0.540312197173086,FALSE,FALSE
2008-01-24,Amundsen_Bellingshausen,1.88300753,0.2863420065042892,0.2863420065042892,0.540312197173086,FALSE,FALSE
2008-01-25,Amundsen_Bellingshausen,1.819563058,0.24553175788150483,0.24553175788150483,0.540312197173086,FALSE,FALSE
2008-01-26,Amundsen_Bellingshausen,1.754577369,0.2021455106329566,0.2021455106329566,0.540312197173086,FALSE,FALSE
2008-01-27,Amundsen_Bellingshausen,1.732713035,0.2008842685323553,0.2008842685323553,0.540312197173086,FALSE,FALSE
2008-01-28,Amundsen_Bellingshausen,1.722709867,0.2105113536205485,0.2105113536205485,0.540312197173086,FALSE,FALSE
2008-01-29,Amundsen_Bellingshausen,1.724427275,0.23090349995472328,0.23090349995472328,0.540312197173086,FALSE,FALSE
2008-01-30,Amundsen_Bellingshausen,1.713611384,0.2378241366618228,0.2378241366618228,0.540312197173086,FALSE,FALSE
2008-01-31,Amundsen_Bellingshausen,1.707898823,0.24892719686879627,0.24892719686879627,0.540312197173086,FALSE,FALSE
2008-02-01,Amundsen_Bellingshausen,1.70851203,0.2654524227025896,0.2654524227025896,0.540312197173086,FALSE,FALSE
2008-02-02,Amundsen_Bellingshausen,1.693531351,0.2654974642901491,0.2654974642901491,0.540312197173086,FALSE,FALSE
2008-02-03,Amundsen_Bellingshausen,1.68152318,0.2676460197584225,0.2676460197584225,0.540312197173086,FALSE,FALSE
2008-02-04,Amundsen_Bellingshausen,1.6788407,0.27826857623435797,0.27826857623435797,0.540312197173086,FALSE,FALSE
2008-02-05,Amundsen_Bellingshausen,1.672926359,0.2848248858448992,0.2848248858448992,0.540312197173086,FALSE,FALSE
2008-02-06,Amundsen_Bellingshausen,1.654516768,0.278068863716995,0.278068863716995,0.540312197173086,FALSE,FALSE
2008-02-07,Amundsen_Bellingshausen,1.652082769,0.28648865597759277,0.28648865597759277,0.540312197173086,FALSE,FALSE
2008-02-08,Amundsen_Bellingshausen,1.656094334,0.30057145317920364,0.30057145317920364,0.540312197173086,FALSE,FALSE
2008-02-09,Amundsen_Bellingshausen,1.653962671,0.30773438405329245,0.30773438405329245,0.540312197173086,FALSE,FALSE
2008-02-10,Amundsen_Bellingshausen,1.651153058,0.31342617867867917,0.31342617867867917,0.540312197173086,FALSE,FALSE
2008-02-11,Amundsen_Bellingshausen,1.659484109,0.3294462465844439,0.3294462465844439,0.540312197173086,FALSE,FALSE
2008-02-12,Amundsen_Bellingshausen,1.661444864,0.3382644232996641,0.3382644232996641,0.540312197173086,FALSE,FALSE
2008-02-13,Amundsen_Bellingshausen,1.649002725,0.331828906353419,0.331828906353419,0.540312197173086,FALSE,FALSE
2008-02-14,Amundsen_Bellingshausen,1.650621908,0.33858470727478895,0.33858470727478895,0.540312197173086,FALSE,FALSE
2008-02-15,Amundsen_Bellingshausen,1.646763122,0.3389733305928513,0.3389733305928513,0.540312197173086,FALSE,FALSE
2008-02-16,Amundsen_Bellingshausen,1.639994479,0.3355436838366841,0.3355436838366841,0.540312197173086,FALSE,FALSE
2008-02-17,Amundsen_Bellingshausen,1.632725399,0.33068598253536874,0.33068598253536874,0.540312197173086,FALSE,FALSE
2008-02-18,Amundsen_Bellingshausen,1.620413436,0.31983857621798295,0.31983857621798295,0.540312197173086,FALSE,FALSE
2008-02-19,Amundsen_Bellingshausen,1.610356343,0.31028001341360434,0.31028001341360434,0.540312197173086,FALSE,FALSE
2008-02-20,Amundsen_Bellingshausen,1.598479758,0.2979167276513137,0.2979167276513137,0.540312197173086,FALSE,FALSE
2008-02-21,Amundsen_Bellingshausen,1.604229542,0.30217869839649514,0.30217869839649514,0.540312197173086,FALSE,FALSE
2008-02-22,Amundsen_Bellingshausen,1.605135083,0.30061971817542177,0.30061971817542177,0.540312197173086,FALSE,FALSE
2008-02-23,Amundsen_Bellingshausen,1.615317554,0.30741216456008114,0.30741216456008114,0.540312197173086,FALSE,FALSE
2008-02-24,Amundsen_Bellingshausen,1.616505786,0.3043365575861381,0.3043365575861381,0.540312197173086,FALSE,FALSE
2008-02-25,Amundsen_Bellingshausen,1.606989534,0.2897343412892499,0.2897343412892499,0.540312197173086,FALSE,FALSE
2008-02-26,Amundsen_Bellingshausen,1.600382186,0.2772705927050787,0.2772705927050787,0.540312197173086,FALSE,FALSE
2008-02-27,Amundsen_Bellingshausen,1.617894313,0.2882075718692845,0.2882075718692845,0.540312197173086,FALSE,FALSE
2008-02-28,Amundsen_Bellingshausen,1.639004691,0.3020757438175292,0.3020757438175292,0.540312197173086,FALSE,FALSE
2008-03-01,Amundsen_Bellingshausen,1.694228663,0.3410208852087748,0.3410208852087748,0.540312197173086,FALSE,FALSE
2008-03-02,Amundsen_Bellingshausen,1.711117341,0.3489763167230968,0.3489763167230968,0.540312197173086,FALSE,FALSE
2008-03-03,Amundsen_Bellingshausen,1.727170445,0.3556358721641002,0.3556358721641002,0.540312197173086,FALSE,FALSE
2008-03-04,Amundsen_Bellingshausen,1.771997282,0.3906605442403679,0.3906605442403679,0.540312197173086,FALSE,FALSE
2008-03-05,Amundsen_Bellingshausen,1.819895969,0.4283877593503007,0.4283877593503007,0.540312197173086,FALSE,FALSE
2008-03-06,Amundsen_Bellingshausen,1.863621882,0.461571910327502,0.461571910327502,0.540312197173086,FALSE,FALSE
2008-03-07,Amundsen_Bellingshausen,1.8859897,0.4730185071487498,0.4730185071487498,0.540312197173086,FALSE,FALSE
2008-03-08,Amundsen_Bellingshausen,1.90690266,0.4826216177908196,0.4826216177908196,0.540312197173086,FALSE,FALSE
2008-03-09,Amundsen_Bellingshausen,1.904611103,0.4686224142304886,0.4686224142304886,0.540312197173086,FALSE,FALSE
2008-03-10,Amundsen_Bellingshausen,1.900186861,0.4520835594445338,0.4520835594445338,0.540312197173086,FALSE,FALSE
2008-03-11,Amundsen_Bellingshausen,1.913639308,0.4530052584097317,0.4530052584097317,0.540312197173086,FALSE,FALSE
2008-03-12,Amundsen_Bellingshausen,1.914258645,0.44066854310285675,0.44066854310285675,0.540312197173086,FALSE,FALSE
2008-03-13,Amundsen_Bellingshausen,1.897611365,0.4106307375006888,0.4106307375006888,0.540312197173086,FALSE,FALSE
2008-03-14,Amundsen_Bellingshausen,1.902956895,0.40214209958000335,0.40214209958000335,0.540312197173086,FALSE,FALSE
2008-03-15,Amundsen_Bellingshausen,1.927449921,0.4123481463175751,0.4123481463175751,0.540312197173086,FALSE,FALSE
2008-03-16,Amundsen_Bellingshausen,1.956109655,0.4262589206901832,0.4262589206901832,0.540312197173086,FALSE,FALSE
2008-03-17,Amundsen_Bellingshausen,1.983455086,0.4383847334565618,0.4383847334565618,0.540312197173086,FALSE,FALSE
2008-03-18,Amundsen_Bellingshausen,2.020683529,0.45992647858332014,0.45992647858332014,0.540312197173086,FALSE,FALSE
2008-03-19,Amundsen_Bellingshausen,2.020683529,0.4437891011791695,0.4437891011791695,0.540312197173086,FALSE,FALSE
2008-03-20,Amundsen_Bellingshausen,2.090432539,0.49696705799316687,0.49696705799316687,0.540312197173086,FALSE,FALSE
2008-03-21,Amundsen_Bellingshausen,2.159033101,0.5485798947743674,0.5485798947743674,0.540312197173086,TRUE,TRUE
2008-03-22,Amundsen_Bellingshausen,2.262113829,0.634273229271828,0.634273229271828,0.540312197173086,TRUE,TRUE
2008-03-23,Amundsen_Bellingshausen,2.312073457,0.6664627992346073,0.6664627992346073,0.540312197173086,TRUE,TRUE
2008-03-24,Amundsen_Bellingshausen,2.313816494,0.6500701174117598,0.6500701174117598,0.540312197173086,TRUE,TRUE
2008-03-25,Amundsen_Bellingshausen,2.314408986,0.6321782335523423,0.6321782335523423,0.540312197173086,TRUE,TRUE
2008-03-26,Amundsen_Bellingshausen,2.314408986,0.613362204405413,0.613362204405413,0.540312197173086,TRUE,TRUE
2008-03-27,Amundsen_Bellingshausen,2.342514764,0.622337303720027,0.622337303720027,0.540312197173086,TRUE,TRUE
2008-03-28,Amundsen_Bellingshausen,2.379650795,0.6400450102452406,0.6400450102452406,0.540312197173086,TRUE,TRUE
2008-03-29,Amundsen_Bellingshausen,2.412621096,0.653306344730112,0.653306344730112,0.540312197173086,TRUE,TRUE
2008-03-30,Amundsen_Bellingshausen,2.448608321,0.6693180052966523,0.6693180052966523,0.540312197173086,TRUE,TRUE
2008-03-31,Amundsen_Bellingshausen,2.499725288,0.7001906766471093,0.7001906766471093,0.540312197173086,TRUE,TRUE
2008-04-01,Amundsen_Bellingshausen,2.534019371,0.7139640998581496,0.7139640998581496,0.540312197173086,TRUE,TRUE
2008-04-02,Amundsen_Bellingshausen,2.550168776,0.7093088434598982,0.7093088434598982,0.540312197173086,TRUE,TRUE
2008-04-03,Amundsen_Bellingshausen,2.562103609,0.7001473759824819,0.7001473759824819,0.540312197173086,TRUE,TRUE
2008-04-04,Amundsen_Bellingshausen,2.557859204,0.6745073939560271,0.6745073939560271,0.540312197173086,TRUE,TRUE
2008-04-05,Amundsen_Bellingshausen,2.543696675,0.6386423739106648,0.6386423739106648,0.540312197173086,TRUE,TRUE
2008-04-06,Amundsen_Bellingshausen,2.584320714,0.6572493703765179,0.6572493703765179,0.540312197173086,TRUE,TRUE
2008-04-07,Amundsen_Bellingshausen,2.602898243,0.6534876678837174,0.6534876678837174,0.540312197173086,TRUE,TRUE
2008-04-08,Amundsen_Bellingshausen,2.623170064,0.6510904309623884,0.6510904309623884,0.540312197173086,TRUE,TRUE
2008-04-09,Amundsen_Bellingshausen,2.646975434,0.6518892791426574,0.6518892791426574,0.540312197173086,TRUE,TRUE
2008-04-10,Amundsen_Bellingshausen,2.701560596,0.6831228179546533,0.6831228179546533,0.540312197173086,TRUE,TRUE
2008-04-11,Amundsen_Bellingshausen,2.744147871,0.7020057800352699,0.7020057800352699,0.540312197173086,TRUE,TRUE
2008-04-12,Amundsen_Bellingshausen,2.774310865,0.7081076828720971,0.7081076828720971,0.540312197173086,TRUE,TRUE
2008-04-13,Amundsen_Bellingshausen,2.786048411,0.6954290404252119,0.6954290404252119,0.540312197173086,TRUE,TRUE
2008-04-14,Amundsen_Bellingshausen,2.782507126,0.6671186895492527,0.6671186895492527,0.540312197173086,TRUE,TRUE
2008-04-15,Amundsen_Bellingshausen,2.794341626,0.6538334660988467,0.6538334660988467,0.540312197173086,TRUE,TRUE
2008-04-16,Amundsen_Bellingshausen,2.806690101,0.6407137799286322,0.6407137799286322,0.540312197173086,TRUE,TRUE
2008-04-17,Amundsen_Bellingshausen,2.832528429,0.6407377288932432,0.6407377288932432,0.540312197173086,TRUE,TRUE
2008-04-18,Amundsen_Bellingshausen,2.882146182,0.6641971048473114,0.6641971048473114,0.540312197173086,TRUE,TRUE
2008-04-19,Amundsen_Bellingshausen,2.914084988,0.6696357556454711,0.6696357556454711,0.540312197173086,TRUE,TRUE
2008-04-20,Amundsen_Bellingshausen,2.909936451,0.6386475051423557,0.6386475051423557,0.540312197173086,TRUE,TRUE
2008-04-21,Amundsen_Bellingshausen,2.859284838,0.5608188401926006,0.5608188401926006,0.540312197173086,TRUE,TRUE
2008-04-22,Amundsen_Bellingshausen,2.807470742,0.4814925736508391,0.4814925736508391,0.540312197173086,FALSE,FALSE
2008-04-23,Amundsen_Bellingshausen,2.789128651,0.4353054133717036,0.4353054133717036,0.540312197173086,FALSE,FALSE
2008-04-24,Amundsen_Bellingshausen,2.799727251,0.4177326063777662,0.4177326063777662,0.540312197173086,FALSE,FALSE
2008-04-25,Amundsen_Bellingshausen,2.813166523,0.4027219247711802,0.4027219247711802,0.540312197173086,FALSE,FALSE
2008-04-26,Amundsen_Bellingshausen,2.841909674,0.4028071506372055,0.4028071506372055,0.540312197173086,FALSE,FALSE
2008-04-27,Amundsen_Bellingshausen,2.870015216,0.4021176110652087,0.4021176110652087,0.540312197173086,FALSE,FALSE
2008-04-28,Amundsen_Bellingshausen,2.903102355,0.4063433271445516,0.4063433271445516,0.540312197173086,FALSE,FALSE
2008-04-29,Amundsen_Bellingshausen,2.980203272,0.45458729496459416,0.45458729496459416,0.540312197173086,FALSE,FALSE
2008-04-30,Amundsen_Bellingshausen,3.039464843,0.48506720561470074,0.48506720561470074,0.540312197173086,FALSE,FALSE
2008-05-01,Amundsen_Bellingshausen,3.070942015,0.48790882118423307,0.48790882118423307,0.540312197173086,FALSE,FALSE
2008-05-02,Amundsen_Bellingshausen,3.094458558,0.4830067267625555,0.4830067267625555,0.540312197173086,FALSE,FALSE
2008-05-03,Amundsen_Bellingshausen,3.108574926,0.46899219143903315,0.46899219143903315,0.540312197173086,FALSE,FALSE
2008-05-04,Amundsen_Bellingshausen,3.095173634,0.42781854530302343,0.42781854530302343,0.540312197173086,FALSE,FALSE
2008-05-05,Amundsen_Bellingshausen,3.101075247,0.4063771684438935,0.4063771684438935,0.540312197173086,FALSE,FALSE
2008-05-06,Amundsen_Bellingshausen,3.108115549,0.38657462096787665,0.38657462096787665,0.540312197173086,FALSE,FALSE
2008-05-07,Amundsen_Bellingshausen,3.095190443,0.3473558482791006,0.3473558482791006,0.540312197173086,FALSE,FALSE
2008-05-08,Amundsen_Bellingshausen,3.06476418,0.29117630013136075,0.29117630013136075,0.540312197173086,FALSE,FALSE
2008-05-09,Amundsen_Bellingshausen,3.033117017,0.23429791491359975,0.23429791491359975,0.540312197173086,FALSE,FALSE
2008-05-10,Amundsen_Bellingshausen,3.000322035,0.1767754550147567,0.1767754550147567,0.540312197173086,FALSE,FALSE
2008-05-11,Amundsen_Bellingshausen,3.006146176,0.15835754382377365,0.15835754382377365,0.540312197173086,FALSE,FALSE
2008-05-12,Amundsen_Bellingshausen,3.016209565,0.14464598772959203,0.14464598772959203,0.540312197173086,FALSE,FALSE
2008-05-13,Amundsen_Bellingshausen,3.039607795,0.14471806112114827,0.14471806112114827,0.540312197173086,FALSE,FALSE
2008-05-14,Amundsen_Bellingshausen,3.070594886,0.1528094653873859,0.1528094653873859,0.540312197173086,FALSE,FALSE
2008-05-15,Amundsen_Bellingshausen,3.119602519,0.1793335629172459,0.1793335629172459,0.540312197173086,FALSE,FALSE
2008-05-16,Amundsen_Bellingshausen,3.186546634,0.22418797509966693,0.22418797509966693,0.540312197173086,FALSE,FALSE
2008-05-17,Amundsen_Bellingshausen,3.244704974,0.26063212632359045,0.26063212632359045,0.540312197173086,FALSE,FALSE
2008-05-18,Amundsen_Bellingshausen,3.284773179,0.2793433379779571,0.2793433379779571,0.540312197173086,FALSE,FALSE
2008-05-19,Amundsen_Bellingshausen,3.305043708,0.2785958120610448,0.2785958120610448,0.540312197173086,FALSE,FALSE
2008-05-20,Amundsen_Bellingshausen,3.33891378,0.29176963477607964,0.29176963477607964,0.540312197173086,FALSE,FALSE
2008-05-21,Amundsen_Bellingshausen,3.369615852,0.30208111252592573,0.30208111252592573,0.540312197173086,FALSE,FALSE
2008-05-22,Amundsen_Bellingshausen,3.380999839,0.29336404275927297,0.29336404275927297,0.540312197173086,FALSE,FALSE
2008-05-23,Amundsen_Bellingshausen,3.363033002,0.25556956892481875,0.25556956892481875,0.540312197173086,FALSE,FALSE
2008-05-24,Amundsen_Bellingshausen,3.322232232,0.19519846447125344,0.19519846447125344,0.540312197173086,FALSE,FALSE
2008-05-25,Amundsen_Bellingshausen,3.263716634,0.11735371684726914,0.11735371684726914,0.540312197173086,FALSE,FALSE
2008-05-26,Amundsen_Bellingshausen,3.228532341,0.0630653415015594,0.0630653415015594,0.540312197173086,FALSE,FALSE
2008-05-27,Amundsen_Bellingshausen,3.206713816,0.02235168388281749,0.02235168388281749,0.540312197173086,FALSE,FALSE
2008-05-28,Amundsen_Bellingshausen,3.199912984,-0.0031514485602635,0.0031514485602635,0.540312197173086,FALSE,FALSE
2008-05-29,Amundsen_Bellingshausen,3.200048027,-0.02154199137899271,0.02154199137899271,0.540312197173086,FALSE,FALSE
2008-05-30,Amundsen_Bellingshausen,3.22498556,-0.01496944712467618,0.01496944712467618,0.540312197173086,FALSE,FALSE
2008-05-31,Amundsen_Bellingshausen,3.278478805,0.02030328865137853,0.02030328865137853,0.540312197173086,FALSE,FALSE
2008-06-01,Amundsen_Bellingshausen,3.339492916,0.06323342066725912,0.06323342066725912,0.540312197173086,FALSE,FALSE
2008-06-02,Amundsen_Bellingshausen,3.386146165,0.09196750828988076,0.09196750828988076,0.540312197173086,FALSE,FALSE
2008-06-03,Amundsen_Bellingshausen,3.396683625,0.08478895701191291,0.08478895701191291,0.540312197173086,FALSE,FALSE
2008-06-04,Amundsen_Bellingshausen,3.421709411,0.09234021469812605,0.09234021469812605,0.540312197173086,FALSE,FALSE
2008-06-05,Amundsen_Bellingshausen,3.448463678,0.1018997692132846,0.1018997692132846,0.540312197173086,FALSE,FALSE
2008-06-06,Amundsen_Bellingshausen,3.536386828,0.17294635542215708,0.17294635542215708,0.540312197173086,FALSE,FALSE
2008-06-07,Amundsen_Bellingshausen,3.564433105,0.1844725501895126,0.1844725501895126,0.540312197173086,FALSE,FALSE
2008-06-08,Amundsen_Bellingshausen,3.608375939,0.21229011638011652,0.21229011638011652,0.540312197173086,FALSE,FALSE
2008-06-09,Amundsen_Bellingshausen,3.628104399,0.2163264558587392,0.2163264558587392,0.540312197173086,FALSE,FALSE
2008-06-10,Amundsen_Bellingshausen,3.635350191,0.20835160749014392,0.20835160749014392,0.540312197173086,FALSE,FALSE
2008-06-11,Amundsen_Bellingshausen,3.621592576,0.17988316513909908,0.17988316513909908,0.540312197173086,FALSE,FALSE
2008-06-12,Amundsen_Bellingshausen,3.603598646,0.1477265536703758,0.1477265536703758,0.540312197173086,FALSE,FALSE
2008-06-13,Amundsen_Bellingshausen,3.590073458,0.12062413922324032,0.12062413922324032,0.540312197173086,FALSE,FALSE
2008-06-14,Amundsen_Bellingshausen,3.592948442,0.1104995308714023,0.1104995308714023,0.540312197173086,FALSE,FALSE
2008-06-15,Amundsen_Bellingshausen,3.609161163,0.1142205607547715,0.1142205607547715,0.540312197173086,FALSE,FALSE
2008-06-16,Amundsen_Bellingshausen,3.635478033,0.12847942238808585,0.12847942238808585,0.540312197173086,FALSE,FALSE
2008-06-17,Amundsen_Bellingshausen,3.667468697,0.1487715422860849,0.1487715422860849,0.540312197173086,FALSE,FALSE
2008-06-18,Amundsen_Bellingshausen,3.711010215,0.1808997619635115,0.1808997619635115,0.540312197173086,FALSE,FALSE
2008-06-19,Amundsen_Bellingshausen,3.737426087,0.19611336293510415,0.19611336293510415,0.540312197173086,FALSE,FALSE
2008-06-20,Amundsen_Bellingshausen,3.752990964,0.20061277771560615,0.20061277771560615,0.540312197173086,FALSE,FALSE
2008-06-21,Amundsen_Bellingshausen,3.766600451,0.20321939281975565,0.20321939281975565,0.540312197173086,FALSE,FALSE
2008-06-22,Amundsen_Bellingshausen,3.773820058,0.19942449976229515,0.19942449976229515,0.540312197173086,FALSE,FALSE
2008-06-23,Amundsen_Bellingshausen,3.751237579,0.16574167405796247,0.16574167405796247,0.540312197173086,FALSE,FALSE
2008-06-24,Amundsen_Bellingshausen,3.728282005,0.131525688221501,0.131525688221501,0.540312197173086,FALSE,FALSE
2008-06-25,Amundsen_Bellingshausen,3.726019661,0.1177686487676488,0.1177686487676488,0.540312197173086,FALSE,FALSE
2008-06-26,Amundsen_Bellingshausen,3.699301405,0.07925630564939423,0.07925630564939423,0.540312197173086,FALSE,FALSE
2008-06-27,Amundsen_Bellingshausen,3.639090112,0.0069552688946386,0.0069552688946386,0.540312197173086,FALSE,FALSE
2008-06-28,Amundsen_Bellingshausen,3.608822818,-0.03566223336168939,0.03566223336168939,0.540312197173086,FALSE,FALSE
2008-06-29,Amundsen_Bellingshausen,3.594183887,-0.06287648324761497,0.06287648324761497,0.540312197173086,FALSE,FALSE
2008-06-30,Amundsen_Bellingshausen,3.58912805,-0.08069739589115921,0.08069739589115921,0.540312197173086,FALSE,FALSE
2008-07-01,Amundsen_Bellingshausen,3.561340407,-0.12140451742034795,0.12140451742034795,0.540312197173086,FALSE,FALSE
2008-07-02,Amundsen_Bellingshausen,3.565354447,-0.13042900496320442,0.13042900496320442,0.540312197173086,FALSE,FALSE
2008-07-03,Amundsen_Bellingshausen,3.555699391,-0.15320628364774969,0.15320628364774969,0.540312197173086,FALSE,FALSE
2008-07-04,Amundsen_Bellingshausen,3.576398144,-0.14567809460201264,0.14567809460201264,0.540312197173086,FALSE,FALSE
2008-07-05,Amundsen_Bellingshausen,3.546182563,-0.18907722695401308,0.18907722695401308,0.540312197173086,FALSE,FALSE
2008-07-06,Amundsen_Bellingshausen,3.502156232,-0.24626474283177344,0.24626474283177344,0.540312197173086,FALSE,FALSE
2008-07-07,Amundsen_Bellingshausen,3.469999907,-0.29152453236332,0.29152453236332,0.540312197173086,FALSE,FALSE
2008-07-08,Amundsen_Bellingshausen,3.470960872,-0.303573993990089,0.303573993990089,0.540312197173086,FALSE,FALSE
2008-07-09,Amundsen_Bellingshausen,3.468796462,-0.31862753794451715,0.31862753794451715,0.540312197173086,FALSE,FALSE
2008-07-10,Amundsen_Bellingshausen,3.510302153,-0.2898768901966595,0.2898768901966595,0.540312197173086,FALSE,FALSE
2008-07-11,Amundsen_Bellingshausen,3.653952921,-0.15883632220413846,0.15883632220413846,0.540312197173086,FALSE,FALSE
2008-07-12,Amundsen_Bellingshausen,3.785523745,-0.0397201024245768,0.0397201024245768,0.540312197173086,FALSE,FALSE
2008-07-13,Amundsen_Bellingshausen,3.852936703,0.0154045996844081,0.0154045996844081,0.540312197173086,FALSE,FALSE
2008-07-14,Amundsen_Bellingshausen,3.856282841,0.00663958266519459,0.00663958266519459,0.540312197173086,FALSE,FALSE
2008-07-15,Amundsen_Bellingshausen,3.852638232,-0.00892832793984199,0.00892832793984199,0.540312197173086,FALSE,FALSE
2008-07-16,Amundsen_Bellingshausen,3.914266551,0.04097529541167954,0.04097529541167954,0.540312197173086,FALSE,FALSE
2008-07-17,Amundsen_Bellingshausen,3.954970036,0.07016344326214252,0.07016344326214252,0.540312197173086,FALSE,FALSE
2008-07-18,Amundsen_Bellingshausen,3.996078063,0.09997624415391826,0.09997624415391826,0.540312197173086,FALSE,FALSE
2008-07-19,Amundsen_Bellingshausen,4.021972221,0.11480603962938708,0.11480603962938708,0.540312197173086,FALSE,FALSE
2008-07-20,Amundsen_Bellingshausen,4.051758618,0.1337696902309311,0.1337696902309311,0.540312197173086,FALSE,FALSE
2008-07-21,Amundsen_Bellingshausen,4.044718437,0.11615941145500486,0.11615941145500486,0.540312197173086,FALSE,FALSE
2008-07-22,Amundsen_Bellingshausen,4.054663501,0.11580192280755376,0.11580192280755376,0.540312197173086,FALSE,FALSE
2008-07-23,Amundsen_Bellingshausen,4.080409076,0.13153020342438948,0.13153020342438948,0.540312197173086,FALSE,FALSE
2008-07-24,Amundsen_Bellingshausen,4.060900078,0.10230694633345117,0.10230694633345117,0.540312197173086,FALSE,FALSE
2008-07-25,Amundsen_Bellingshausen,4.052159055,0.0841724765626739,0.0841724765626739,0.540312197173086,FALSE,FALSE
2008-07-26,Amundsen_Bellingshausen,4.015746246,0.03870481014000226,0.03870481014000226,0.540312197173086,FALSE,FALSE
2008-07-27,Amundsen_Bellingshausen,3.957633917,-0.02810600990663658,0.02810600990663658,0.540312197173086,FALSE,FALSE
2008-07-28,Amundsen_Bellingshausen,3.923452627,-0.07061164754929683,0.07061164754929683,0.540312197173086,FALSE,FALSE
2008-07-29,Amundsen_Bellingshausen,3.896537891,-0.10545881076004936,0.10545881076004936,0.540312197173086,FALSE,FALSE
2008-07-30,Amundsen_Bellingshausen,3.859635677,-0.14988375451094882,0.14988375451094882,0.540312197173086,FALSE,FALSE
2008-07-31,Amundsen_Bellingshausen,3.857070936,-0.1595437507740587,0.1595437507740587,0.540312197173086,FALSE,FALSE
2008-08-01,Amundsen_Bellingshausen,3.880677907,-0.1425867835214465,0.1425867835214465,0.540312197173086,FALSE,FALSE
2008-08-02,Amundsen_Bellingshausen,3.922811924,-0.10663974225266191,0.10663974225266191,0.540312197173086,FALSE,FALSE
2008-08-03,Amundsen_Bellingshausen,3.979446857,-0.05572522060063711,0.05572522060063711,0.540312197173086,FALSE,FALSE
2008-08-04,Amundsen_Bellingshausen,3.982609523,-0.05786423486009351,0.05786423486009351,0.540312197173086,FALSE,FALSE
2008-08-05,Amundsen_Bellingshausen,3.984412473,-0.06100364679706605,0.06100364679706605,0.540312197173086,FALSE,FALSE
2008-08-06,Amundsen_Bellingshausen,3.976465043,-0.07359353317760231,0.07359353317760231,0.540312197173086,FALSE,FALSE
2008-08-07,Amundsen_Bellingshausen,3.984905261,-0.06955527876774026,0.06955527876774026,0.540312197173086,FALSE,FALSE
2008-08-08,Amundsen_Bellingshausen,3.998396477,-0.06028494633352821,0.06028494633352821,0.540312197173086,FALSE,FALSE
2008-08-09,Amundsen_Bellingshausen,3.969711775,-0.09306886464100785,0.09306886464100785,0.540312197173086,FALSE,FALSE
2008-08-10,Amundsen_Bellingshausen,3.945548303,-0.12126929845621603,0.12126929845621603,0.540312197173086,FALSE,FALSE
2008-08-11,Amundsen_Bellingshausen,3.949619071,-0.12123265054520171,0.12123265054520171,0.540312197173086,FALSE,FALSE
2008-08-12,Amundsen_Bellingshausen,3.965404983,-0.10953742967400348,0.10953742967400348,0.540312197173086,FALSE,FALSE
2008-08-13,Amundsen_Bellingshausen,3.961466959,-0.117682128608668,0.117682128608668,0.540312197173086,FALSE,FALSE
2008-08-14,Amundsen_Bellingshausen,3.951864267,-0.13166689211523552,0.13166689211523552,0.540312197173086,FALSE,FALSE
2008-08-15,Amundsen_Bellingshausen,3.941218927,-0.14692695132025912,0.14692695132025912,0.540312197173086,FALSE,FALSE
2008-08-16,Amundsen_Bellingshausen,3.913864709,-0.17912153834771827,0.17912153834771827,0.540312197173086,FALSE,FALSE
2008-08-17,Amundsen_Bellingshausen,3.919183093,-0.178788637271043,0.178788637271043,0.540312197173086,FALSE,FALSE
2008-08-18,Amundsen_Bellingshausen,3.920339488,-0.18267827308839155,0.18267827308839155,0.540312197173086,FALSE,FALSE
2008-08-19,Amundsen_Bellingshausen,3.944639106,-0.16340066779792872,0.16340066779792872,0.540312197173086,FALSE,FALSE
2008-08-20,Amundsen_Bellingshausen,3.927275018,-0.18567818439782305,0.18567818439782305,0.540312197173086,FALSE,FALSE
2008-08-21,Amundsen_Bellingshausen,3.858791496,-0.25888198488623315,0.25888198488623315,0.540312197173086,FALSE,FALSE
2008-08-22,Amundsen_Bellingshausen,3.82316873,-0.2989473132613254,0.2989473132613254,0.540312197173086,FALSE,FALSE
2008-08-23,Amundsen_Bellingshausen,3.81316287,-0.3130334535212622,0.3130334535212622,0.540312197173086,FALSE,FALSE
2008-08-24,Amundsen_Bellingshausen,3.802196406,-0.32763334966420565,0.32763334966420565,0.540312197173086,FALSE,FALSE
2008-08-25,Amundsen_Bellingshausen,3.840245059,-0.29268671468832963,0.29268671468832963,0.540312197173086,FALSE,FALSE
2008-08-26,Amundsen_Bellingshausen,3.900471736,-0.23494607559178335,0.23494607559178335,0.540312197173086,FALSE,FALSE
2008-08-27,Amundsen_Bellingshausen,3.992456202,-0.14474710137274327,0.14474710137274327,0.540312197173086,FALSE,FALSE
2008-08-28,Amundsen_Bellingshausen,4.066674628,-0.07154404650637947,0.07154404650637947,0.540312197173086,FALSE,FALSE
2008-08-29,Amundsen_Bellingshausen,4.09703879,-0.04144667410775771,0.04144667410775771,0.540312197173086,FALSE,FALSE
2008-08-30,Amundsen_Bellingshausen,4.12319102,-0.01486842558898526,0.01486842558898526,0.540312197173086,FALSE,FALSE
2008-08-31,Amundsen_Bellingshausen,4.177053706,0.04005725223274048,0.04005725223274048,0.540312197173086,FALSE,FALSE
2008-09-01,Amundsen_Bellingshausen,4.213826791,0.07847446754021803,0.07847446754021803,0.540312197173086,FALSE,FALSE
2008-09-02,Amundsen_Bellingshausen,4.217727444,0.08454455451625531,0.08454455451625531,0.540312197173086,FALSE,FALSE
2008-09-03,Amundsen_Bellingshausen,4.216947688,0.08640370134364961,0.08640370134364961,0.540312197173086,FALSE,FALSE
2008-09-04,Amundsen_Bellingshausen,4.19345563,0.06596418020520467,0.06596418020520467,0.540312197173086,FALSE,FALSE
2008-09-05,Amundsen_Bellingshausen,4.187018879,0.0629377652837233,0.0629377652837233,0.540312197173086,FALSE,FALSE
2008-09-06,Amundsen_Bellingshausen,4.136333781,0.01596496776200773,0.01596496776200773,0.540312197173086,FALSE,FALSE
2008-09-07,Amundsen_Bellingshausen,4.096855294,-0.01955508917714432,0.01955508917714432,0.540312197173086,FALSE,FALSE
2008-09-08,Amundsen_Bellingshausen,4.064490803,-0.04777085535092773,0.04777085535092773,0.540312197173086,FALSE,FALSE
2008-09-09,Amundsen_Bellingshausen,4.041049908,-0.06692830905056013,0.06692830905056013,0.540312197173086,FALSE,FALSE
2008-09-10,Amundsen_Bellingshausen,4.008464247,-0.09512703813540302,0.09512703813540302,0.540312197173086,FALSE,FALSE
2008-09-11,Amundsen_Bellingshausen,3.992345545,-0.10674247510771018,0.10674247510771018,0.540312197173086,FALSE,FALSE
2008-09-12,Amundsen_Bellingshausen,3.957321762,-0.13712917745591602,0.13712917745591602,0.540312197173086,FALSE,FALSE
2008-09-13,Amundsen_Bellingshausen,3.924437409,-0.16522515166845375,0.16522515166845375,0.540312197173086,FALSE,FALSE
2008-09-14,Amundsen_Bellingshausen,3.897539623,-0.187165778233771,0.187165778233771,0.540312197173086,FALSE,FALSE
2008-09-15,Amundsen_Bellingshausen,3.8765866940000002,-0.20297528464029743,0.20297528464029743,0.540312197173086,FALSE,FALSE
2008-09-16,Amundsen_Bellingshausen,3.834111747,-0.2401030633764747,0.2401030633764747,0.540312197173086,FALSE,FALSE
2008-09-17,Amundsen_Bellingshausen,3.792244423,-0.27640199093074136,0.27640199093074136,0.540312197173086,FALSE,FALSE
2008-09-18,Amundsen_Bellingshausen,3.766233574,-0.29660573279153013,0.29660573279153013,0.540312197173086,FALSE,FALSE
2008-09-19,Amundsen_Bellingshausen,3.742476806,-0.3142992004472793,0.3142992004472793,0.540312197173086,FALSE,FALSE
2008-09-20,Amundsen_Bellingshausen,3.728888536,-0.32155049438643024,0.32155049438643024,0.540312197173086,FALSE,FALSE
2008-09-21,Amundsen_Bellingshausen,3.700044434,-0.343766462097419,0.343766462097419,0.540312197173086,FALSE,FALSE
2008-09-22,Amundsen_Bellingshausen,3.687059529,-0.34981517314387034,0.34981517314387034,0.540312197173086,FALSE,FALSE
2008-09-23,Amundsen_Bellingshausen,3.690795847,-0.33882392115306237,0.33882392115306237,0.540312197173086,FALSE,FALSE
2008-09-24,Amundsen_Bellingshausen,3.673905728,-0.348133459545092,0.348133459545092,0.540312197173086,FALSE,FALSE
2008-09-25,Amundsen_Bellingshausen,3.64828787,-0.3658382366905464,0.3658382366905464,0.540312197173086,FALSE,FALSE
2008-09-26,Amundsen_Bellingshausen,3.618579749,-0.3872939229600037,0.3872939229600037,0.540312197173086,FALSE,FALSE
2008-09-27,Amundsen_Bellingshausen,3.593745391,-0.4035296387240472,0.4035296387240472,0.540312197173086,FALSE,FALSE
2008-09-28,Amundsen_Bellingshausen,3.594037618,-0.3942857083532578,0.3942857083532578,0.540312197173086,FALSE,FALSE
2008-09-29,Amundsen_Bellingshausen,3.613000921,-0.36601078721822056,0.36601078721822056,0.540312197173086,FALSE,FALSE
2008-09-30,Amundsen_Bellingshausen,3.610421289,-0.3589120326895112,0.3589120326895112,0.540312197173086,FALSE,FALSE
2008-10-01,Amundsen_Bellingshausen,3.585509331,-0.3737719821377152,0.3737719821377152,0.540312197173086,FALSE,FALSE
2008-10-02,Amundsen_Bellingshausen,3.571753575,-0.37709525393341226,0.37709525393341226,0.540312197173086,FALSE,FALSE
2008-10-03,Amundsen_Bellingshausen,3.552452007,-0.38557700844718434,0.38557700844718434,0.540312197173086,FALSE,FALSE
2008-10-04,Amundsen_Bellingshausen,3.54779643,-0.3790186041578476,0.3790186041578476,0.540312197173086,FALSE,FALSE
2008-10-05,Amundsen_Bellingshausen,3.549616391,-0.3656019309106915,0.3656019309106915,0.540312197173086,FALSE,FALSE
2008-10-06,Amundsen_Bellingshausen,3.563441005,-0.33986306844240177,0.33986306844240177,0.540312197173086,FALSE,FALSE
2008-10-07,Amundsen_Bellingshausen,3.549732324,-0.34141499438987877,0.34141499438987877,0.540312197173086,FALSE,FALSE
2008-10-08,Amundsen_Bellingshausen,3.547725916,-0.33109717039002584,0.33109717039002584,0.540312197173086,FALSE,FALSE
2008-10-09,Amundsen_Bellingshausen,3.546751987,-0.31965442007975087,0.31965442007975087,0.540312197173086,FALSE,FALSE
2008-10-10,Amundsen_Bellingshausen,3.527306047,-0.32666626309595337,0.32666626309595337,0.540312197173086,FALSE,FALSE
2008-10-11,Amundsen_Bellingshausen,3.49454062,-0.34705520507553755,0.34705520507553755,0.540312197173086,FALSE,FALSE
2008-10-12,Amundsen_Bellingshausen,3.473641354,-0.35571062765540784,0.35571062765540784,0.540312197173086,FALSE,FALSE
2008-10-13,Amundsen_Bellingshausen,3.471961481,-0.3453543284724647,0.3453543284724647,0.540312197173086,FALSE,FALSE
2008-10-14,Amundsen_Bellingshausen,3.511878772,-0.29368356616361524,0.29368356616361524,0.540312197173086,FALSE,FALSE
2008-10-15,Amundsen_Bellingshausen,3.543162064,-0.2510045333657618,0.2510045333657618,0.540312197173086,FALSE,FALSE
2008-10-16,Amundsen_Bellingshausen,3.534288,-0.24891561671580664,0.24891561671580664,0.540312197173086,FALSE,FALSE
2008-10-17,Amundsen_Bellingshausen,3.535603205,-0.2371419284116776,0.2371419284116776,0.540312197173086,FALSE,FALSE
2008-10-18,Amundsen_Bellingshausen,3.533073844,-0.22971911022299585,0.22971911022299585,0.540312197173086,FALSE,FALSE
2008-10-19,Amundsen_Bellingshausen,3.541908688,-0.2113733433607297,0.2113733433607297,0.540312197173086,FALSE,FALSE
2008-10-20,Amundsen_Bellingshausen,3.543163395,-0.20098124516101823,0.20098124516101823,0.540312197173086,FALSE,FALSE
2008-10-21,Amundsen_Bellingshausen,3.539721065,-0.1955919909600028,0.1955919909600028,0.540312197173086,FALSE,FALSE
2008-10-22,Amundsen_Bellingshausen,3.530481969,-0.19623758509381917,0.19623758509381917,0.540312197173086,FALSE,FALSE
2008-10-23,Amundsen_Bellingshausen,3.494174527,-0.2241218828986109,0.2241218828986109,0.540312197173086,FALSE,FALSE
2008-10-24,Amundsen_Bellingshausen,3.50040709,-0.20956880871051584,0.20956880871051584,0.540312197173086,FALSE,FALSE
2008-10-25,Amundsen_Bellingshausen,3.48931746,-0.21237283586567335,0.21237283586567335,0.540312197173086,FALSE,FALSE
2008-10-26,Amundsen_Bellingshausen,3.459342706,-0.23402917070022156,0.23402917070022156,0.540312197173086,FALSE,FALSE
2008-10-27,Amundsen_Bellingshausen,3.435971123,-0.24898179355030337,0.24898179355030337,0.540312197173086,FALSE,FALSE
2008-10-28,Amundsen_Bellingshausen,3.419267583,-0.2570981077520553,0.2570981077520553,0.540312197173086,FALSE,FALSE
2008-10-29,Amundsen_Bellingshausen,3.390107428,-0.27743504664161733,0.27743504664161733,0.540312197173086,FALSE,FALSE
2008-10-30,Amundsen_Bellingshausen,3.36633809,-0.29208847901614954,0.29208847901614954,0.540312197173086,FALSE,FALSE
2008-10-31,Amundsen_Bellingshausen,3.320560612,-0.32845493238603307,0.32845493238603307,0.540312197173086,FALSE,FALSE
2008-11-01,Amundsen_Bellingshausen,3.328871511,-0.31045212980868664,0.31045212980868664,0.540312197173086,FALSE,FALSE
2008-11-02,Amundsen_Bellingshausen,3.323082518,-0.3062825848227497,0.3062825848227497,0.540312197173086,FALSE,FALSE
2008-11-03,Amundsen_Bellingshausen,3.316330499,-0.30282367596685633,0.30282367596685633,0.540312197173086,FALSE,FALSE
2008-11-04,Amundsen_Bellingshausen,3.298177102,-0.3105279997796435,0.3105279997796435,0.540312197173086,FALSE,FALSE
2008-11-05,Amundsen_Bellingshausen,3.29474174,-0.30329038779974393,0.30329038779974393,0.540312197173086,FALSE,FALSE
2008-11-06,Amundsen_Bellingshausen,3.284220876,-0.30292862156579714,0.30292862156579714,0.540312197173086,FALSE,FALSE
2008-11-07,Amundsen_Bellingshausen,3.296071077,-0.2800003786164358,0.2800003786164358,0.540312197173086,FALSE,FALSE
2008-11-08,Amundsen_Bellingshausen,3.294846263,-0.2699659834902932,0.2699659834902932,0.540312197173086,FALSE,FALSE
2008-11-09,Amundsen_Bellingshausen,3.280677752,-0.27270836272600807,0.27270836272600807,0.540312197173086,FALSE,FALSE
2008-11-10,Amundsen_Bellingshausen,3.261622309,-0.28018499586221557,0.28018499586221557,0.540312197173086,FALSE,FALSE
2008-11-11,Amundsen_Bellingshausen,3.232122569,-0.2979675132585182,0.2979675132585182,0.540312197173086,FALSE,FALSE
2008-11-12,Amundsen_Bellingshausen,3.214240667,-0.3040091970696368,0.3040091970696368,0.540312197173086,FALSE,FALSE
2008-11-13,Amundsen_Bellingshausen,3.2081678,-0.29813599883869557,0.29813599883869557,0.540312197173086,FALSE,FALSE
2008-11-14,Amundsen_Bellingshausen,3.213174539,-0.2810946389198299,0.2810946389198299,0.540312197173086,FALSE,FALSE
2008-11-15,Amundsen_Bellingshausen,3.2236802,-0.2584830926671824,0.2584830926671824,0.540312197173086,FALSE,FALSE
2008-11-16,Amundsen_Bellingshausen,3.229445885,-0.2405575494348904,0.2405575494348904,0.540312197173086,FALSE,FALSE
2008-11-17,Amundsen_Bellingshausen,3.229527038,-0.2282798565770947,0.2282798565770947,0.540312197173086,FALSE,FALSE
2008-11-18,Amundsen_Bellingshausen,3.220879128,-0.2247118364479328,0.2247118364479328,0.540312197173086,FALSE,FALSE
2008-11-19,Amundsen_Bellingshausen,3.200740039,-0.23263289640154736,0.23263289640154736,0.540312197173086,FALSE,FALSE
2008-11-20,Amundsen_Bellingshausen,3.198353678,-0.2228164207920749,0.2228164207920749,0.540312197173086,FALSE,FALSE
2008-11-21,Amundsen_Bellingshausen,3.185243409,-0.22375633697365416,0.22375633697365416,0.540312197173086,FALSE,FALSE
2008-11-22,Amundsen_Bellingshausen,3.162914448,-0.2339647203004267,0.2339647203004267,0.540312197173086,FALSE,FALSE
2008-11-23,Amundsen_Bellingshausen,3.158500726,-0.2263249311265314,0.2263249311265314,0.540312197173086,FALSE,FALSE
2008-11-24,Amundsen_Bellingshausen,3.138309348,-0.2345424175019879,0.2345424175019879,0.540312197173086,FALSE,FALSE
2008-11-25,Amundsen_Bellingshausen,3.148591314,-0.21233865669445917,0.21233865669445917,0.540312197173086,FALSE,FALSE
2008-11-26,Amundsen_Bellingshausen,3.137934534,-0.2110780648292634,0.2110780648292634,0.540312197173086,FALSE,FALSE
2008-11-27,Amundsen_Bellingshausen,3.110924659,-0.22612716439851077,0.22612716439851077,0.540312197173086,FALSE,FALSE
2008-11-28,Amundsen_Bellingshausen,3.056240776,-0.2687590418943233,0.2687590418943233,0.540312197173086,FALSE,FALSE
2008-11-29,Amundsen_Bellingshausen,3.10919738,-0.20361137580881516,0.20361137580881516,0.540312197173086,FALSE,FALSE
2008-11-30,Amundsen_Bellingshausen,3.119041572,-0.1813892386341034,0.1813892386341034,0.540312197173086,FALSE,FALSE
2008-12-01,Amundsen_Bellingshausen,3.104497012,-0.18332114386230455,0.18332114386230455,0.540312197173086,FALSE,FALSE
2008-12-02,Amundsen_Bellingshausen,3.128807306,-0.1461156589855359,0.1461156589855359,0.540312197173086,FALSE,FALSE
2008-12-03,Amundsen_Bellingshausen,3.149770913,-0.11192649849591207,0.11192649849591207,0.540312197173086,FALSE,FALSE
2008-12-04,Amundsen_Bellingshausen,3.152546269,-0.09554739988555117,0.09554739988555117,0.540312197173086,FALSE,FALSE
2008-12-05,Amundsen_Bellingshausen,3.141714186,-0.09234972464656854,0.09234972464656854,0.540312197173086,FALSE,FALSE
2008-12-06,Amundsen_Bellingshausen,3.131324521,-0.08823571850526557,0.08823571850526557,0.540312197173086,FALSE,FALSE
2008-12-07,Amundsen_Bellingshausen,3.131758747,-0.07275404321423995,0.07275404321423995,0.540312197173086,FALSE,FALSE
2008-12-08,Amundsen_Bellingshausen,3.122707073,-0.06609164583968807,0.06609164583968807,0.540312197173086,FALSE,FALSE
2008-12-09,Amundsen_Bellingshausen,3.127387849,-0.0448995063147164,0.0448995063147164,0.540312197173086,FALSE,FALSE
2008-12-10,Amundsen_Bellingshausen,3.119452352,-0.03539567757242956,0.03539567757242956,0.540312197173086,FALSE,FALSE
2008-12-11,Amundsen_Bellingshausen,3.123276859,-0.01307321254593629,0.01307321254593629,0.540312197173086,FALSE,FALSE
2008-12-12,Amundsen_Bellingshausen,3.120285438,0.00362262683166303,0.00362262683166303,0.540312197173086,FALSE,FALSE
2008-12-13,Amundsen_Bellingshausen,3.110389762,0.01473418362725675,0.01473418362725675,0.540312197173086,FALSE,FALSE
2008-12-14,Amundsen_Bellingshausen,3.110498267,0.03730056390774283,0.03730056390774283,0.540312197173086,FALSE,FALSE
2008-12-15,Amundsen_Bellingshausen,3.11999774,0.07083922474001536,0.07083922474001536,0.540312197173086,FALSE,FALSE
2008-12-16,Amundsen_Bellingshausen,3.104976711,0.08156936619096733,0.08156936619096733,0.540312197173086,FALSE,FALSE
2008-12-17,Amundsen_Bellingshausen,3.071604675,0.07579115332749398,0.07579115332749398,0.540312197173086,FALSE,FALSE
2008-12-18,Amundsen_Bellingshausen,3.055948317,0.089701941216489,0.089701941216489,0.540312197173086,FALSE,FALSE
2008-12-19,Amundsen_Bellingshausen,3.042640787,0.1080556050584045,0.1080556050584045,0.540312197173086,FALSE,FALSE
2008-12-20,Amundsen_Bellingshausen,3.010255558,0.10938909554613165,0.10938909554613165,0.540312197173086,FALSE,FALSE
2008-12-21,Amundsen_Bellingshausen,2.955097387,0.08984512911014741,0.08984512911014741,0.540312197173086,FALSE,FALSE
2008-12-22,Amundsen_Bellingshausen,2.949971992,0.1220638853732452,0.1220638853732452,0.540312197173086,FALSE,FALSE
2008-12-23,Amundsen_Bellingshausen,2.974883394,0.18588384695820537,0.18588384695820537,0.540312197173086,FALSE,FALSE
2008-12-24,Amundsen_Bellingshausen,2.925877229,0.1771851114878178,0.1771851114878178,0.540312197173086,FALSE,FALSE
2008-12-25,Amundsen_Bellingshausen,2.863719825,0.15656846858486917,0.15656846858486917,0.540312197173086,FALSE,FALSE
2008-12-26,Amundsen_Bellingshausen,2.810471264,0.14592846187214903,0.14592846187214903,0.540312197173086,FALSE,FALSE
2008-12-27,Amundsen_Bellingshausen,2.789530204,0.16849821097244,0.16849821097244,0.540312197173086,FALSE,FALSE
2008-12-28,Amundsen_Bellingshausen,2.772122761,0.19533829350852905,0.19533829350852905,0.540312197173086,FALSE,FALSE
2008-12-29,Amundsen_Bellingshausen,2.664481722,0.1325159581032107,0.1325159581032107,0.540312197173086,FALSE,FALSE
2008-12-30,Amundsen_Bellingshausen,2.58495442,0.09821299937926352,0.09821299937926352,0.540312197173086,FALSE,FALSE
2008-12-31,Amundsen_Bellingshausen,2.577137677,0.1358607009594759,0.1358607009594759,0.540312197173086,FALSE,FALSE
2009-01-01,Amundsen_Bellingshausen,2.535445669,0.09416869295947584,0.09416869295947584,0.540312197173086,FALSE,FALSE
2009-01-02,Amundsen_Bellingshausen,2.508786232,0.11305502147267088,0.11305502147267088,0.540312197173086,FALSE,FALSE
2009-01-03,Amundsen_Bellingshausen,2.455041759,0.10480588657181178,0.10480588657181178,0.540312197173086,FALSE,FALSE
2009-01-04,Amundsen_Bellingshausen,2.425500839,0.1205848869159043,0.1205848869159043,0.540312197173086,FALSE,FALSE
2009-01-05,Amundsen_Bellingshausen,2.408744655,0.14884821516393876,0.14884821516393876,0.540312197173086,FALSE,FALSE
2009-01-06,Amundsen_Bellingshausen,2.384689256,0.16938692997492089,0.16938692997492089,0.540312197173086,FALSE,FALSE
2009-01-07,Amundsen_Bellingshausen,2.374451201,0.20319260000784525,0.20319260000784525,0.540312197173086,FALSE,FALSE
2009-01-08,Amundsen_Bellingshausen,2.368564128,0.24067387292171372,0.24067387292171372,0.540312197173086,FALSE,FALSE
2009-01-09,Amundsen_Bellingshausen,2.346385848,0.26106356937552544,0.26106356937552544,0.540312197173086,FALSE,FALSE
2009-01-10,Amundsen_Bellingshausen,2.310950099,0.26727043702828057,0.26727043702828057,0.540312197173086,FALSE,FALSE
2009-01-11,Amundsen_Bellingshausen,2.315842685,0.31275528953897735,0.31275528953897735,0.540312197173086,FALSE,FALSE
2009-01-12,Amundsen_Bellingshausen,2.316947274,0.3532768045666155,0.3532768045666155,0.540312197173086,FALSE,FALSE
2009-01-13,Amundsen_Bellingshausen,2.301453321,0.37589944677019616,0.37589944677019616,0.540312197173086,FALSE,FALSE
2009-01-14,Amundsen_Bellingshausen,2.284620362,0.3957597176230985,0.3957597176230985,0.540312197173086,FALSE,FALSE
2009-01-15,Amundsen_Bellingshausen,2.218700511,0.36505688068095576,0.36505688068095576,0.540312197173086,FALSE,FALSE
2009-01-16,Amundsen_Bellingshausen,2.184432668,0.3645649111270479,0.3645649111270479,0.540312197173086,FALSE,FALSE
2009-01-17,Amundsen_Bellingshausen,2.17851742,0.3910250318599773,0.3910250318599773,0.540312197173086,FALSE,FALSE
2009-01-18,Amundsen_Bellingshausen,2.134190839,0.37771395077834247,0.37771395077834247,0.540312197173086,FALSE,FALSE
2009-01-19,Amundsen_Bellingshausen,2.112426976,0.3856463547807445,0.3856463547807445,0.540312197173086,FALSE,FALSE
2009-01-20,Amundsen_Bellingshausen,2.046979918,0.348616966765781,0.348616966765781,0.540312197173086,FALSE,FALSE
2009-01-21,Amundsen_Bellingshausen,1.997591355,0.3264081126320546,0.3264081126320546,0.540312197173086,FALSE,FALSE
2009-01-22,Amundsen_Bellingshausen,1.961202645,0.3160017862781639,0.3160017862781639,0.540312197173086,FALSE,FALSE
2009-01-23,Amundsen_Bellingshausen,1.892401852,0.2720266876027082,0.2720266876027082,0.540312197173086,FALSE,FALSE
2009-01-24,Amundsen_Bellingshausen,1.841496024,0.24483050050428923,0.24483050050428923,0.540312197173086,FALSE,FALSE
2009-01-25,Amundsen_Bellingshausen,1.805980123,0.23194882288150495,0.23194882288150495,0.540312197173086,FALSE,FALSE
2009-01-26,Amundsen_Bellingshausen,1.775686321,0.22325446263295667,0.22325446263295667,0.540312197173086,FALSE,FALSE
2009-01-27,Amundsen_Bellingshausen,1.743467545,0.21163877853235524,0.21163877853235524,0.540312197173086,FALSE,FALSE
2009-01-28,Amundsen_Bellingshausen,1.725955314,0.21375680062054836,0.21375680062054836,0.540312197173086,FALSE,FALSE
2009-01-29,Amundsen_Bellingshausen,1.679856574,0.1863327989547232,0.1863327989547232,0.540312197173086,FALSE,FALSE
2009-01-30,Amundsen_Bellingshausen,1.654092634,0.17830538666182272,0.17830538666182272,0.540312197173086,FALSE,FALSE
2009-01-31,Amundsen_Bellingshausen,1.6100705,0.15109887386879617,0.15109887386879617,0.540312197173086,FALSE,FALSE
2009-02-01,Amundsen_Bellingshausen,1.587279768,0.14422016070258947,0.14422016070258947,0.540312197173086,FALSE,FALSE
2009-02-02,Amundsen_Bellingshausen,1.573729617,0.14569573029014893,0.14569573029014893,0.540312197173086,FALSE,FALSE
2009-02-03,Amundsen_Bellingshausen,1.536449575,0.12257241475842262,0.12257241475842262,0.540312197173086,FALSE,FALSE
2009-02-04,Amundsen_Bellingshausen,1.512010721,0.1114385972343579,0.1114385972343579,0.540312197173086,FALSE,FALSE
2009-02-05,Amundsen_Bellingshausen,1.508604076,0.120502602844899,0.120502602844899,0.540312197173086,FALSE,FALSE
2009-02-06,Amundsen_Bellingshausen,1.532654467,0.15620656271699507,0.15620656271699507,0.540312197173086,FALSE,FALSE
2009-02-07,Amundsen_Bellingshausen,1.549466013,0.1838718999775928,0.1838718999775928,0.540312197173086,FALSE,FALSE
2009-02-08,Amundsen_Bellingshausen,1.548050412,0.19252753117920365,0.19252753117920365,0.540312197173086,FALSE,FALSE
2009-02-09,Amundsen_Bellingshausen,1.526157944,0.17992965705329245,0.17992965705329245,0.540312197173086,FALSE,FALSE
2009-02-10,Amundsen_Bellingshausen,1.51664624,0.1789193606786792,0.1789193606786792,0.540312197173086,FALSE,FALSE
2009-02-11,Amundsen_Bellingshausen,1.485915218,0.1558773555844437,0.1558773555844437,0.540312197173086,FALSE,FALSE
2009-02-12,Amundsen_Bellingshausen,1.467412109,0.14423166829966427,0.14423166829966427,0.540312197173086,FALSE,FALSE
2009-02-13,Amundsen_Bellingshausen,1.440658724,0.12348490535341904,0.12348490535341904,0.540312197173086,FALSE,FALSE
2009-02-14,Amundsen_Bellingshausen,1.423882762,0.11184556127478906,0.11184556127478906,0.540312197173086,FALSE,FALSE
2009-02-15,Amundsen_Bellingshausen,1.422581117,0.1147913255928512,0.1147913255928512,0.540312197173086,FALSE,FALSE
2009-02-16,Amundsen_Bellingshausen,1.421938241,0.11748744583668412,0.11748744583668412,0.540312197173086,FALSE,FALSE
2009-02-17,Amundsen_Bellingshausen,1.427050912,0.12501149553536872,0.12501149553536872,0.540312197173086,FALSE,FALSE
2009-02-18,Amundsen_Bellingshausen,1.41641385,0.11583899021798304,0.11583899021798304,0.540312197173086,FALSE,FALSE
2009-02-19,Amundsen_Bellingshausen,1.387777351,0.08770102141360425,0.08770102141360425,0.540312197173086,FALSE,FALSE
2009-02-20,Amundsen_Bellingshausen,1.391972305,0.09140927465131354,0.09140927465131354,0.540312197173086,FALSE,FALSE
2009-02-21,Amundsen_Bellingshausen,1.41260062,0.11054977639649533,0.11054977639649533,0.540312197173086,FALSE,FALSE
2009-02-22,Amundsen_Bellingshausen,1.432376556,0.12786119117542172,0.12786119117542172,0.540312197173086,FALSE,FALSE
2009-02-23,Amundsen_Bellingshausen,1.425478966,0.11757357656008116,0.11757357656008116,0.540312197173086,FALSE,FALSE
2009-02-24,Amundsen_Bellingshausen,1.417618265,0.10544903658613802,0.10544903658613802,0.540312197173086,FALSE,FALSE
2009-02-25,Amundsen_Bellingshausen,1.435727178,0.11847198528924996,0.11847198528924996,0.540312197173086,FALSE,FALSE
2009-02-26,Amundsen_Bellingshausen,1.437455566,0.11434397270507855,0.11434397270507855,0.540312197173086,FALSE,FALSE
2009-02-27,Amundsen_Bellingshausen,1.463296829,0.1336100878692843,0.1336100878692843,0.540312197173086,FALSE,FALSE
2009-02-28,Amundsen_Bellingshausen,1.491680887,0.15475193981752922,0.15475193981752922,0.540312197173086,FALSE,FALSE
2009-03-01,Amundsen_Bellingshausen,1.51208047,0.16729394758547222,0.16729394758547222,0.540312197173086,FALSE,FALSE
2009-03-02,Amundsen_Bellingshausen,1.531269089,0.17806131120877478,0.17806131120877478,0.540312197173086,FALSE,FALSE
2009-03-03,Amundsen_Bellingshausen,1.587930494,0.22578946972309688,0.22578946972309688,0.540312197173086,FALSE,FALSE
2009-03-04,Amundsen_Bellingshausen,1.639588852,0.2680542791641001,0.2680542791641001,0.540312197173086,FALSE,FALSE
2009-03-05,Amundsen_Bellingshausen,1.699115817,0.31777907924036786,0.31777907924036786,0.540312197173086,FALSE,FALSE
2009-03-06,Amundsen_Bellingshausen,1.728580963,0.3370727533503006,0.3370727533503006,0.540312197173086,FALSE,FALSE
2009-03-07,Amundsen_Bellingshausen,1.729789419,0.32773944732750215,0.32773944732750215,0.540312197173086,FALSE,FALSE
2009-03-08,Amundsen_Bellingshausen,1.732251801,0.3192806081487498,0.3192806081487498,0.540312197173086,FALSE,FALSE
2009-03-09,Amundsen_Bellingshausen,1.732318722,0.30803767979081953,0.30803767979081953,0.540312197173086,FALSE,FALSE
2009-03-10,Amundsen_Bellingshausen,1.739692902,0.3037042132304888,0.3037042132304888,0.540312197173086,FALSE,FALSE
2009-03-11,Amundsen_Bellingshausen,1.751326583,0.3032232814445339,0.3032232814445339,0.540312197173086,FALSE,FALSE
2009-03-12,Amundsen_Bellingshausen,1.745865048,0.28523099840973165,0.28523099840973165,0.540312197173086,FALSE,FALSE
2009-03-13,Amundsen_Bellingshausen,1.747087871,0.2734977691028566,0.2734977691028566,0.540312197173086,FALSE,FALSE
2009-03-14,Amundsen_Bellingshausen,1.731765285,0.2447846575006889,0.2447846575006889,0.540312197173086,FALSE,FALSE
2009-03-15,Amundsen_Bellingshausen,1.718214263,0.21739946758000328,0.21739946758000328,0.540312197173086,FALSE,FALSE
2009-03-16,Amundsen_Bellingshausen,1.724383683,0.20928190831757496,0.20928190831757496,0.540312197173086,FALSE,FALSE
2009-03-17,Amundsen_Bellingshausen,1.720705795,0.19085506069018332,0.19085506069018332,0.540312197173086,FALSE,FALSE
2009-03-18,Amundsen_Bellingshausen,1.716529189,0.1714588364565619,0.1714588364565619,0.540312197173086,FALSE,FALSE
2009-03-19,Amundsen_Bellingshausen,1.704963905,0.1442068545833204,0.1442068545833204,0.540312197173086,FALSE,FALSE
2009-03-20,Amundsen_Bellingshausen,1.703142654,0.12624822617916975,0.12624822617916975,0.540312197173086,FALSE,FALSE
2009-03-21,Amundsen_Bellingshausen,1.726961376,0.13349589499316683,0.13349589499316683,0.540312197173086,FALSE,FALSE
2009-03-22,Amundsen_Bellingshausen,1.750861152,0.14040794577436744,0.14040794577436744,0.540312197173086,FALSE,FALSE
2009-03-23,Amundsen_Bellingshausen,1.764917972,0.13707737227182792,0.13707737227182792,0.540312197173086,FALSE,FALSE
2009-03-24,Amundsen_Bellingshausen,1.76359859,0.11798793223460737,0.11798793223460737,0.540312197173086,FALSE,FALSE
2009-03-25,Amundsen_Bellingshausen,1.765378651,0.1016322744117597,0.1016322744117597,0.540312197173086,FALSE,FALSE
2009-03-26,Amundsen_Bellingshausen,1.764719306,0.08248855355234208,0.08248855355234208,0.540312197173086,FALSE,FALSE
2009-03-27,Amundsen_Bellingshausen,1.774363301,0.07331651940541284,0.07331651940541284,0.540312197173086,FALSE,FALSE
2009-03-28,Amundsen_Bellingshausen,1.807860021,0.08768256072002689,0.08768256072002689,0.540312197173086,FALSE,FALSE
2009-03-29,Amundsen_Bellingshausen,1.831105077,0.09149929224524068,0.09149929224524068,0.540312197173086,FALSE,FALSE
2009-03-30,Amundsen_Bellingshausen,1.853162099,0.09384734773011184,0.09384734773011184,0.540312197173086,FALSE,FALSE
2009-03-31,Amundsen_Bellingshausen,1.898357181,0.11906686529665222,0.11906686529665222,0.540312197173086,FALSE,FALSE
2009-04-01,Amundsen_Bellingshausen,1.953115894,0.15358128264710924,0.15358128264710924,0.540312197173086,FALSE,FALSE
2009-04-02,Amundsen_Bellingshausen,2.015689952,0.1956346808581495,0.1956346808581495,0.540312197173086,FALSE,FALSE
2009-04-03,Amundsen_Bellingshausen,2.081784234,0.2409243014598983,0.2409243014598983,0.540312197173086,FALSE,FALSE
2009-04-04,Amundsen_Bellingshausen,2.126539022,0.2645827889824819,0.2645827889824819,0.540312197173086,FALSE,FALSE
2009-04-05,Amundsen_Bellingshausen,2.156033361,0.272681550956027,0.272681550956027,0.540312197173086,FALSE,FALSE
2009-04-06,Amundsen_Bellingshausen,2.173533649,0.26847934791066463,0.26847934791066463,0.540312197173086,FALSE,FALSE
2009-04-07,Amundsen_Bellingshausen,2.185020212,0.25794886837651787,0.25794886837651787,0.540312197173086,FALSE,FALSE
2009-04-08,Amundsen_Bellingshausen,2.205515823,0.25610524788371736,0.25610524788371736,0.540312197173086,FALSE,FALSE
2009-04-09,Amundsen_Bellingshausen,2.225368953,0.25328931996238824,0.25328931996238824,0.540312197173086,FALSE,FALSE
2009-04-10,Amundsen_Bellingshausen,2.262585608,0.2674994531426578,0.2674994531426578,0.540312197173086,FALSE,FALSE
2009-04-11,Amundsen_Bellingshausen,2.312941908,0.29450412995465314,0.29450412995465314,0.540312197173086,FALSE,FALSE
2009-04-12,Amundsen_Bellingshausen,2.329505376,0.2873632850352701,0.2873632850352701,0.540312197173086,FALSE,FALSE
2009-04-13,Amundsen_Bellingshausen,2.331851126,0.26564794387209734,0.26564794387209734,0.540312197173086,FALSE,FALSE
2009-04-14,Amundsen_Bellingshausen,2.340925456,0.25030608542521193,0.25030608542521193,0.540312197173086,FALSE,FALSE
2009-04-15,Amundsen_Bellingshausen,2.348052548,0.2326641115492527,0.2326641115492527,0.540312197173086,FALSE,FALSE
2009-04-16,Amundsen_Bellingshausen,2.367925438,0.2274172780988466,0.2274172780988466,0.540312197173086,FALSE,FALSE
2009-04-17,Amundsen_Bellingshausen,2.378233391,0.21225706992863236,0.21225706992863236,0.540312197173086,FALSE,FALSE
2009-04-18,Amundsen_Bellingshausen,2.462969885,0.27117918489324344,0.27117918489324344,0.540312197173086,FALSE,FALSE
2009-04-19,Amundsen_Bellingshausen,2.496944314,0.2789952368473112,0.2789952368473112,0.540312197173086,FALSE,FALSE
2009-04-20,Amundsen_Bellingshausen,2.531880861,0.287431628645471,0.287431628645471,0.540312197173086,FALSE,FALSE
2009-04-21,Amundsen_Bellingshausen,2.546866478,0.2755775321423557,0.2755775321423557,0.540312197173086,FALSE,FALSE
2009-04-22,Amundsen_Bellingshausen,2.549899302,0.25143330419260046,0.25143330419260046,0.540312197173086,FALSE,FALSE
2009-04-23,Amundsen_Bellingshausen,2.548256861,0.2222786926508391,0.2222786926508391,0.540312197173086,FALSE,FALSE
2009-04-24,Amundsen_Bellingshausen,2.550118855,0.19629561737170365,0.19629561737170365,0.540312197173086,FALSE,FALSE
2009-04-25,Amundsen_Bellingshausen,2.549473432,0.16747878737776611,0.16747878737776611,0.540312197173086,FALSE,FALSE
2009-04-26,Amundsen_Bellingshausen,2.5220692,0.11162460177117994,0.11162460177117994,0.540312197173086,FALSE,FALSE
2009-04-27,Amundsen_Bellingshausen,2.523246886,0.08414436263720537,0.08414436263720537,0.540312197173086,FALSE,FALSE
2009-04-28,Amundsen_Bellingshausen,2.532130978,0.06423337306520871,0.06423337306520871,0.540312197173086,FALSE,FALSE
2009-04-29,Amundsen_Bellingshausen,2.549175266,0.05241623814455165,0.05241623814455165,0.540312197173086,FALSE,FALSE
2009-04-30,Amundsen_Bellingshausen,2.563860167,0.03824418996459444,0.03824418996459444,0.540312197173086,FALSE,FALSE
2009-05-01,Amundsen_Bellingshausen,2.586140756,0.03174311861470036,0.03174311861470036,0.540312197173086,FALSE,FALSE
2009-05-02,Amundsen_Bellingshausen,2.62807893,0.04504573618423313,0.04504573618423313,0.540312197173086,FALSE,FALSE
2009-05-03,Amundsen_Bellingshausen,2.673070578,0.06161874676255552,0.06161874676255552,0.540312197173086,FALSE,FALSE
2009-05-04,Amundsen_Bellingshausen,2.682241395,0.0426586604390331,0.0426586604390331,0.540312197173086,FALSE,FALSE
2009-05-05,Amundsen_Bellingshausen,2.675217013,0.00786192430302357,0.00786192430302357,0.540312197173086,FALSE,FALSE
2009-05-06,Amundsen_Bellingshausen,2.676342698,-0.0183553805561063,0.0183553805561063,0.540312197173086,FALSE,FALSE
2009-05-07,Amundsen_Bellingshausen,2.726741461,0.00520053296787681,0.00520053296787681,0.540312197173086,FALSE,FALSE
2009-05-08,Amundsen_Bellingshausen,2.770630971,0.0227963762791008,0.0227963762791008,0.540312197173086,FALSE,FALSE
2009-05-09,Amundsen_Bellingshausen,2.804277224,0.03068934413136048,0.03068934413136048,0.540312197173086,FALSE,FALSE
2009-05-10,Amundsen_Bellingshausen,2.827950353,0.02913125091359969,0.02913125091359969,0.540312197173086,FALSE,FALSE
2009-05-11,Amundsen_Bellingshausen,2.869263625,0.0457170450147566,0.0457170450147566,0.540312197173086,FALSE,FALSE
2009-05-12,Amundsen_Bellingshausen,2.895842314,0.04805368182377334,0.04805368182377334,0.540312197173086,FALSE,FALSE
2009-05-13,Amundsen_Bellingshausen,2.906355241,0.03479166372959197,0.03479166372959197,0.540312197173086,FALSE,FALSE
2009-05-14,Amundsen_Bellingshausen,2.896621201,0.00173146712114835,0.00173146712114835,0.540312197173086,FALSE,FALSE
2009-05-15,Amundsen_Bellingshausen,2.869400671,-0.04838474961261374,0.04838474961261374,0.540312197173086,FALSE,FALSE
2009-05-16,Amundsen_Bellingshausen,2.835783924,-0.10448503208275416,0.10448503208275416,0.540312197173086,FALSE,FALSE
2009-05-17,Amundsen_Bellingshausen,2.811582924,-0.15077573490033291,0.15077573490033291,0.540312197173086,FALSE,FALSE
2009-05-18,Amundsen_Bellingshausen,2.784812325,-0.19926052267640948,0.19926052267640948,0.540312197173086,FALSE,FALSE
2009-05-19,Amundsen_Bellingshausen,2.786120187,-0.21930965402204317,0.21930965402204317,0.540312197173086,FALSE,FALSE
2009-05-20,Amundsen_Bellingshausen,2.811354684,-0.21509321193895525,0.21509321193895525,0.540312197173086,FALSE,FALSE
2009-05-21,Amundsen_Bellingshausen,2.84994721,-0.19719693522392048,0.19719693522392048,0.540312197173086,FALSE,FALSE
2009-05-22,Amundsen_Bellingshausen,2.911419137,-0.15611560247407397,0.15611560247407397,0.540312197173086,FALSE,FALSE
2009-05-23,Amundsen_Bellingshausen,2.971234241,-0.11640155524072691,0.11640155524072691,0.540312197173086,FALSE,FALSE
2009-05-24,Amundsen_Bellingshausen,3.008494545,-0.09896888807518112,0.09896888807518112,0.540312197173086,FALSE,FALSE
2009-05-25,Amundsen_Bellingshausen,3.034269338,-0.09276442952874664,0.09276442952874664,0.540312197173086,FALSE,FALSE
2009-05-26,Amundsen_Bellingshausen,3.013546126,-0.13281679115273093,0.13281679115273093,0.540312197173086,FALSE,FALSE
2009-05-27,Amundsen_Bellingshausen,2.999400581,-0.16606641849844062,0.16606641849844062,0.540312197173086,FALSE,FALSE
2009-05-28,Amundsen_Bellingshausen,3.003722533,-0.18063959911718275,0.18063959911718275,0.540312197173086,FALSE,FALSE
2009-05-29,Amundsen_Bellingshausen,3.02901276,-0.17405167256026344,0.17405167256026344,0.540312197173086,FALSE,FALSE
2009-05-30,Amundsen_Bellingshausen,3.046479208,-0.17511081037899243,0.17511081037899243,0.540312197173086,FALSE,FALSE
2009-05-31,Amundsen_Bellingshausen,3.072959721,-0.16699528612467596,0.16699528612467596,0.540312197173086,FALSE,FALSE
2009-06-01,Amundsen_Bellingshausen,3.082285004,-0.17589051234862163,0.17589051234862163,0.540312197173086,FALSE,FALSE
2009-06-02,Amundsen_Bellingshausen,3.112734867,-0.16352462833274117,0.16352462833274117,0.540312197173086,FALSE,FALSE
2009-06-03,Amundsen_Bellingshausen,3.145741,-0.1484376567101191,0.1484376567101191,0.540312197173086,FALSE,FALSE
2009-06-04,Amundsen_Bellingshausen,3.159738682,-0.15215598598808722,0.15215598598808722,0.540312197173086,FALSE,FALSE
2009-06-05,Amundsen_Bellingshausen,3.186269697,-0.14309949930187393,0.14309949930187393,0.540312197173086,FALSE,FALSE
2009-06-06,Amundsen_Bellingshausen,3.214538143,-0.13202576578671543,0.13202576578671543,0.540312197173086,FALSE,FALSE
2009-06-07,Amundsen_Bellingshausen,3.210195836,-0.15324463657784282,0.15324463657784282,0.540312197173086,FALSE,FALSE
2009-06-08,Amundsen_Bellingshausen,3.218009504,-0.16195105081048755,0.16195105081048755,0.540312197173086,FALSE,FALSE
2009-06-09,Amundsen_Bellingshausen,3.218972046,-0.17711377661988337,0.17711377661988337,0.540312197173086,FALSE,FALSE
2009-06-10,Amundsen_Bellingshausen,3.225162527,-0.18661541614126076,0.18661541614126076,0.540312197173086,FALSE,FALSE
2009-06-11,Amundsen_Bellingshausen,3.2270784790000002,-0.199920104509856,0.199920104509856,0.540312197173086,FALSE,FALSE
2009-06-12,Amundsen_Bellingshausen,3.253907876,-0.1878015348609008,0.1878015348609008,0.540312197173086,FALSE,FALSE
2009-06-13,Amundsen_Bellingshausen,3.295253382,-0.16061871032962438,0.16061871032962438,0.540312197173086,FALSE,FALSE
2009-06-14,Amundsen_Bellingshausen,3.310805723,-0.15864359577675957,0.15864359577675957,0.540312197173086,FALSE,FALSE
2009-06-15,Amundsen_Bellingshausen,3.318586966,-0.16386194512859786,0.16386194512859786,0.540312197173086,FALSE,FALSE
2009-06-16,Amundsen_Bellingshausen,3.34672866,-0.14821194224522838,0.14821194224522838,0.540312197173086,FALSE,FALSE
2009-06-17,Amundsen_Bellingshausen,3.326121866,-0.1808767446119144,0.1808767446119144,0.540312197173086,FALSE,FALSE
2009-06-18,Amundsen_Bellingshausen,3.275720543,-0.24297661171391516,0.24297661171391516,0.540312197173086,FALSE,FALSE
2009-06-19,Amundsen_Bellingshausen,3.231012788,-0.29909766503648827,0.29909766503648827,0.540312197173086,FALSE,FALSE
2009-06-20,Amundsen_Bellingshausen,3.197969119,-0.3433436050648955,0.3433436050648955,0.540312197173086,FALSE,FALSE
2009-06-21,Amundsen_Bellingshausen,3.203427852,-0.3489503342843938,0.3489503342843938,0.540312197173086,FALSE,FALSE
2009-06-22,Amundsen_Bellingshausen,3.212951155,-0.3504299031802445,0.3504299031802445,0.540312197173086,FALSE,FALSE
2009-06-23,Amundsen_Bellingshausen,3.222373388,-0.3520221702377051,0.3520221702377051,0.540312197173086,FALSE,FALSE
2009-06-24,Amundsen_Bellingshausen,3.26083522,-0.3246606849420375,0.3246606849420375,0.540312197173086,FALSE,FALSE
2009-06-25,Amundsen_Bellingshausen,3.316382132,-0.28037418477849885,0.28037418477849885,0.540312197173086,FALSE,FALSE
2009-06-26,Amundsen_Bellingshausen,3.349924909,-0.2583261032323514,0.2583261032323514,0.540312197173086,FALSE,FALSE
2009-06-27,Amundsen_Bellingshausen,3.370550914,-0.24949418535060583,0.24949418535060583,0.540312197173086,FALSE,FALSE
2009-06-28,Amundsen_Bellingshausen,3.421429735,-0.21070510810536147,0.21070510810536147,0.540312197173086,FALSE,FALSE
2009-06-29,Amundsen_Bellingshausen,3.481617829,-0.16286722236168938,0.16286722236168938,0.540312197173086,FALSE,FALSE
2009-06-30,Amundsen_Bellingshausen,3.505990552,-0.15106981824761467,0.15106981824761467,0.540312197173086,FALSE,FALSE
2009-07-01,Amundsen_Bellingshausen,3.533255002,-0.1365704438911588,0.1365704438911588,0.540312197173086,FALSE,FALSE
2009-07-02,Amundsen_Bellingshausen,3.563930961,-0.11881396342034778,0.11881396342034778,0.540312197173086,FALSE,FALSE
2009-07-03,Amundsen_Bellingshausen,3.590754149,-0.10502930296320434,0.10502930296320434,0.540312197173086,FALSE,FALSE
2009-07-04,Amundsen_Bellingshausen,3.57378856,-0.13511711464774967,0.13511711464774967,0.540312197173086,FALSE,FALSE
2009-07-05,Amundsen_Bellingshausen,3.544187615,-0.17788862360201296,0.17788862360201296,0.540312197173086,FALSE,FALSE
2009-07-06,Amundsen_Bellingshausen,3.514953535,-0.2203062549540129,0.2203062549540129,0.540312197173086,FALSE,FALSE
2009-07-07,Amundsen_Bellingshausen,3.51339062,-0.23503035483177337,0.23503035483177337,0.540312197173086,FALSE,FALSE
2009-07-08,Amundsen_Bellingshausen,3.545169849,-0.21635459036331992,0.21635459036331992,0.540312197173086,FALSE,FALSE
2009-07-09,Amundsen_Bellingshausen,3.609190996,-0.16534386999008888,0.16534386999008888,0.540312197173086,FALSE,FALSE
2009-07-10,Amundsen_Bellingshausen,3.615910572,-0.17151342794451674,0.17151342794451674,0.540312197173086,FALSE,FALSE
2009-07-11,Amundsen_Bellingshausen,3.582294219,-0.21788482419665955,0.21788482419665955,0.540312197173086,FALSE,FALSE
2009-07-12,Amundsen_Bellingshausen,3.565882165,-0.24690707820413849,0.24690707820413849,0.540312197173086,FALSE,FALSE
2009-07-13,Amundsen_Bellingshausen,3.598042368,-0.22720147942457647,0.22720147942457647,0.540312197173086,FALSE,FALSE
2009-07-14,Amundsen_Bellingshausen,3.614872042,-0.222660061315592,0.222660061315592,0.540312197173086,FALSE,FALSE
2009-07-15,Amundsen_Bellingshausen,3.58794861,-0.26169464833480527,0.26169464833480527,0.540312197173086,FALSE,FALSE
2009-07-16,Amundsen_Bellingshausen,3.590986901,-0.2705796589398419,0.2705796589398419,0.540312197173086,FALSE,FALSE
2009-07-17,Amundsen_Bellingshausen,3.620160332,-0.2531309235883201,0.2531309235883201,0.540312197173086,FALSE,FALSE
2009-07-18,Amundsen_Bellingshausen,3.670243918,-0.2145626747378575,0.2145626747378575,0.540312197173086,FALSE,FALSE
2009-07-19,Amundsen_Bellingshausen,3.684436136,-0.2116656828460819,0.2116656828460819,0.540312197173086,FALSE,FALSE
2009-07-20,Amundsen_Bellingshausen,3.691891445,-0.21527473637061337,0.21527473637061337,0.540312197173086,FALSE,FALSE
2009-07-21,Amundsen_Bellingshausen,3.695566379,-0.22242254876906875,0.22242254876906875,0.540312197173086,FALSE,FALSE
2009-07-22,Amundsen_Bellingshausen,3.699483873,-0.2290751525449952,0.2290751525449952,0.540312197173086,FALSE,FALSE
2009-07-23,Amundsen_Bellingshausen,3.730401132,-0.20846044619244664,0.20846044619244664,0.540312197173086,FALSE,FALSE
2009-07-24,Amundsen_Bellingshausen,3.760852407,-0.1880264655756103,0.1880264655756103,0.540312197173086,FALSE,FALSE
2009-07-25,Amundsen_Bellingshausen,3.767980554,-0.19061257766654904,0.19061257766654904,0.540312197173086,FALSE,FALSE
2009-07-26,Amundsen_Bellingshausen,3.800099285,-0.1678872934373259,0.1678872934373259,0.540312197173086,FALSE,FALSE
2009-07-27,Amundsen_Bellingshausen,3.85510274,-0.12193869585999773,0.12193869585999773,0.540312197173086,FALSE,FALSE
2009-07-28,Amundsen_Bellingshausen,3.894246802,-0.0914931249066364,0.0914931249066364,0.540312197173086,FALSE,FALSE
2009-07-29,Amundsen_Bellingshausen,3.937705678,-0.05635859654929698,0.05635859654929698,0.540312197173086,FALSE,FALSE
2009-07-30,Amundsen_Bellingshausen,3.957829693,-0.04416700876004942,0.04416700876004942,0.540312197173086,FALSE,FALSE
2009-07-31,Amundsen_Bellingshausen,3.987225278,-0.02229415351094887,0.02229415351094887,0.540312197173086,FALSE,FALSE
2009-08-01,Amundsen_Bellingshausen,4.013417182,-0.00319750477405822,0.00319750477405822,0.540312197173086,FALSE,FALSE
2009-08-02,Amundsen_Bellingshausen,4.048949257,0.02568456647855388,0.02568456647855388,0.540312197173086,FALSE,FALSE
2009-08-03,Amundsen_Bellingshausen,4.075221342,0.04576967574733803,0.04576967574733803,0.540312197173086,FALSE,FALSE
2009-08-04,Amundsen_Bellingshausen,4.064979192,0.02980711439936279,0.02980711439936279,0.540312197173086,FALSE,FALSE
2009-08-05,Amundsen_Bellingshausen,4.054556048,0.01408229013990691,0.01408229013990691,0.540312197173086,FALSE,FALSE
2009-08-06,Amundsen_Bellingshausen,4.048302071,0.00288595120293422,0.00288595120293422,0.540312197173086,FALSE,FALSE
2009-08-07,Amundsen_Bellingshausen,4.043985566,-0.00607301017760253,0.00607301017760253,0.540312197173086,FALSE,FALSE
2009-08-08,Amundsen_Bellingshausen,4.058333965,0.00387342523225964,0.00387342523225964,0.540312197173086,FALSE,FALSE
2009-08-09,Amundsen_Bellingshausen,4.0698449310000004,0.01116350766647222,0.01116350766647222,0.540312197173086,FALSE,FALSE
2009-08-10,Amundsen_Bellingshausen,4.11562518,0.05284454035899255,0.05284454035899255,0.540312197173086,FALSE,FALSE
2009-08-11,Amundsen_Bellingshausen,4.182056558,0.11523895654378435,0.11523895654378435,0.540312197173086,FALSE,FALSE
2009-08-12,Amundsen_Bellingshausen,4.231114849,0.16026312745479832,0.16026312745479832,0.540312197173086,FALSE,FALSE
2009-08-13,Amundsen_Bellingshausen,4.258734166,0.1837917533259965,0.1837917533259965,0.540312197173086,FALSE,FALSE
2009-08-14,Amundsen_Bellingshausen,4.320812621,0.24166353339133195,0.24166353339133195,0.540312197173086,FALSE,FALSE
2009-08-15,Amundsen_Bellingshausen,4.351557179,0.2680260198847648,0.2680260198847648,0.540312197173086,FALSE,FALSE
2009-08-16,Amundsen_Bellingshausen,4.359396846,0.271250967679741,0.271250967679741,0.540312197173086,FALSE,FALSE
2009-08-17,Amundsen_Bellingshausen,4.354588499,0.261602251652282,0.261602251652282,0.540312197173086,FALSE,FALSE
2009-08-18,Amundsen_Bellingshausen,4.356605792,0.25863406172895687,0.25863406172895687,0.540312197173086,FALSE,FALSE
2009-08-19,Amundsen_Bellingshausen,4.390263466,0.2872457049116086,0.2872457049116086,0.540312197173086,FALSE,FALSE
2009-08-20,Amundsen_Bellingshausen,4.394294233,0.2862544592020715,0.2862544592020715,0.540312197173086,FALSE,FALSE
2009-08-21,Amundsen_Bellingshausen,4.382959459,0.27000625660217725,0.27000625660217725,0.540312197173086,FALSE,FALSE
2009-08-22,Amundsen_Bellingshausen,4.351388489,0.23371500811376664,0.23371500811376664,0.540312197173086,FALSE,FALSE
2009-08-23,Amundsen_Bellingshausen,4.339773613,0.2176575697386749,0.2176575697386749,0.540312197173086,FALSE,FALSE
2009-08-24,Amundsen_Bellingshausen,4.317902554,0.19170623047873736,0.19170623047873736,0.540312197173086,FALSE,FALSE
2009-08-25,Amundsen_Bellingshausen,4.309980615,0.1801508593357939,0.1801508593357939,0.540312197173086,FALSE,FALSE
2009-08-26,Amundsen_Bellingshausen,4.300590655,0.16765888131167017,0.16765888131167017,0.540312197173086,FALSE,FALSE
2009-08-27,Amundsen_Bellingshausen,4.297897686,0.16247987440821632,0.16247987440821632,0.540312197173086,FALSE,FALSE
2009-08-28,Amundsen_Bellingshausen,4.272721882,0.13551857862725658,0.13551857862725658,0.540312197173086,FALSE,FALSE
2009-08-29,Amundsen_Bellingshausen,4.206766388,0.06854771349362032,0.06854771349362032,0.540312197173086,FALSE,FALSE
2009-08-30,Amundsen_Bellingshausen,4.172823691,0.03433822689224186,0.03433822689224186,0.540312197173086,FALSE,FALSE
2009-08-31,Amundsen_Bellingshausen,4.18001137,0.04195192441101447,0.04195192441101447,0.540312197173086,FALSE,FALSE
2009-09-01,Amundsen_Bellingshausen,4.217023588,0.08002713423274077,0.08002713423274077,0.540312197173086,FALSE,FALSE
2009-09-02,Amundsen_Bellingshausen,4.316129671,0.1807773475402179,0.1807773475402179,0.540312197173086,FALSE,FALSE
2009-09-03,Amundsen_Bellingshausen,4.382905201,0.2497223115162548,0.2497223115162548,0.540312197173086,FALSE,FALSE
2009-09-04,Amundsen_Bellingshausen,4.402855181,0.2723111943436489,0.2723111943436489,0.540312197173086,FALSE,FALSE
2009-09-05,Amundsen_Bellingshausen,4.365549916,0.23805846620520477,0.23805846620520477,0.540312197173086,FALSE,FALSE
2009-09-06,Amundsen_Bellingshausen,4.323419236,0.1993381222837236,0.1993381222837236,0.540312197173086,FALSE,FALSE
2009-09-07,Amundsen_Bellingshausen,4.281399593,0.1610307797620072,0.1610307797620072,0.540312197173086,FALSE,FALSE
2009-09-08,Amundsen_Bellingshausen,4.262415961,0.14600557782285595,0.14600557782285595,0.540312197173086,FALSE,FALSE
2009-09-09,Amundsen_Bellingshausen,4.229649578,0.11738791964907236,0.11738791964907236,0.540312197173086,FALSE,FALSE
2009-09-10,Amundsen_Bellingshausen,4.20120237,0.09322415294943998,0.09322415294943998,0.540312197173086,FALSE,FALSE
2009-09-11,Amundsen_Bellingshausen,4.197848316,0.09425703086459691,0.09425703086459691,0.540312197173086,FALSE,FALSE
2009-09-12,Amundsen_Bellingshausen,4.166275469,0.06718744889229011,0.06718744889229011,0.540312197173086,FALSE,FALSE
2009-09-13,Amundsen_Bellingshausen,4.140116175,0.0456652355440843,0.0456652355440843,0.540312197173086,FALSE,FALSE
2009-09-14,Amundsen_Bellingshausen,4.093565865,0.00390330433154684,0.00390330433154684,0.540312197173086,FALSE,FALSE
2009-09-15,Amundsen_Bellingshausen,4.058546744,-0.02615865723377108,0.02615865723377108,0.540312197173086,FALSE,FALSE
2009-09-16,Amundsen_Bellingshausen,4.00412528,-0.07543669864029745,0.07543669864029745,0.540312197173086,FALSE,FALSE
2009-09-17,Amundsen_Bellingshausen,3.968334978,-0.10587983237647468,0.10587983237647468,0.540312197173086,FALSE,FALSE
2009-09-18,Amundsen_Bellingshausen,3.952187165,-0.11645924893074168,0.11645924893074168,0.540312197173086,FALSE,FALSE
2009-09-19,Amundsen_Bellingshausen,3.956084215,-0.10675509179153007,0.10675509179153007,0.540312197173086,FALSE,FALSE
2009-09-20,Amundsen_Bellingshausen,3.978236541,-0.07853946544727952,0.07853946544727952,0.540312197173086,FALSE,FALSE
2009-09-21,Amundsen_Bellingshausen,4.009402505,-0.04103652538643043,0.04103652538643043,0.540312197173086,FALSE,FALSE
2009-09-22,Amundsen_Bellingshausen,4.05831516,0.01450426390258119,0.01450426390258119,0.540312197173086,FALSE,FALSE
2009-09-23,Amundsen_Bellingshausen,4.097094209,0.06021950685612953,0.06021950685612953,0.540312197173086,FALSE,FALSE
2009-09-24,Amundsen_Bellingshausen,4.093298791,0.06367902284693727,0.06367902284693727,0.540312197173086,FALSE,FALSE
2009-09-25,Amundsen_Bellingshausen,4.077403194,0.05536400645490857,0.05536400645490857,0.540312197173086,FALSE,FALSE
2009-09-26,Amundsen_Bellingshausen,4.084304671,0.07017856430945368,0.07017856430945368,0.540312197173086,FALSE,FALSE
2009-09-27,Amundsen_Bellingshausen,4.087036278,0.08116260603999681,0.08116260603999681,0.540312197173086,FALSE,FALSE
2009-09-28,Amundsen_Bellingshausen,4.060313889,0.06303885927595232,0.06303885927595232,0.540312197173086,FALSE,FALSE
2009-09-29,Amundsen_Bellingshausen,3.999553757,0.01123043064674211,0.01123043064674211,0.540312197173086,FALSE,FALSE
2009-09-30,Amundsen_Bellingshausen,3.951545177,-0.02746653121822051,0.02746653121822051,0.540312197173086,FALSE,FALSE
2009-10-01,Amundsen_Bellingshausen,3.899440607,-0.06989271468951141,0.06989271468951141,0.540312197173086,FALSE,FALSE
2009-10-02,Amundsen_Bellingshausen,3.852745659,-0.10653565413771517,0.10653565413771517,0.540312197173086,FALSE,FALSE
2009-10-03,Amundsen_Bellingshausen,3.808326657,-0.1405221719334122,0.1405221719334122,0.540312197173086,FALSE,FALSE
2009-10-04,Amundsen_Bellingshausen,3.770894212,-0.16713480344718423,0.16713480344718423,0.540312197173086,FALSE,FALSE
2009-10-05,Amundsen_Bellingshausen,3.739356329,-0.18745870515784757,0.18745870515784757,0.540312197173086,FALSE,FALSE
2009-10-06,Amundsen_Bellingshausen,3.682488199,-0.2327301229106915,0.2327301229106915,0.540312197173086,FALSE,FALSE
2009-10-07,Amundsen_Bellingshausen,3.636384042,-0.26692003144240184,0.26692003144240184,0.540312197173086,FALSE,FALSE
2009-10-08,Amundsen_Bellingshausen,3.601839638,-0.28930768038987864,0.28930768038987864,0.540312197173086,FALSE,FALSE
2009-10-09,Amundsen_Bellingshausen,3.585670342,-0.29315274439002614,0.29315274439002614,0.540312197173086,FALSE,FALSE
2009-10-10,Amundsen_Bellingshausen,3.562633668,-0.30377273907975066,0.30377273907975066,0.540312197173086,FALSE,FALSE
2009-10-11,Amundsen_Bellingshausen,3.526115506,-0.3278568040959535,0.3278568040959535,0.540312197173086,FALSE,FALSE
2009-10-12,Amundsen_Bellingshausen,3.460689605,-0.38090622007553776,0.38090622007553776,0.540312197173086,FALSE,FALSE
2009-10-13,Amundsen_Bellingshausen,3.431391941,-0.39796004065540824,0.39796004065540824,0.540312197173086,FALSE,FALSE
2009-10-14,Amundsen_Bellingshausen,3.423391466,-0.39392434347246486,0.39392434347246486,0.540312197173086,FALSE,FALSE
2009-10-15,Amundsen_Bellingshausen,3.418953635,-0.3866087031636156,0.3866087031636156,0.540312197173086,FALSE,FALSE
2009-10-16,Amundsen_Bellingshausen,3.404332051,-0.389834546365762,0.389834546365762,0.540312197173086,FALSE,FALSE
2009-10-17,Amundsen_Bellingshausen,3.39854313,-0.38466048671580655,0.38466048671580655,0.540312197173086,FALSE,FALSE
2009-10-18,Amundsen_Bellingshausen,3.397237385,-0.3755077484116778,0.3755077484116778,0.540312197173086,FALSE,FALSE
2009-10-19,Amundsen_Bellingshausen,3.385292627,-0.37750032722299576,0.37750032722299576,0.540312197173086,FALSE,FALSE
2009-10-20,Amundsen_Bellingshausen,3.358119364,-0.39516266736072936,0.39516266736072936,0.540312197173086,FALSE,FALSE
2009-10-21,Amundsen_Bellingshausen,3.348497013,-0.39564762716101853,0.39564762716101853,0.540312197173086,FALSE,FALSE
2009-10-22,Amundsen_Bellingshausen,3.351531161,-0.3837818949600029,0.3837818949600029,0.540312197173086,FALSE,FALSE
2009-10-23,Amundsen_Bellingshausen,3.339813216,-0.38690633809381936,0.38690633809381936,0.540312197173086,FALSE,FALSE
2009-10-24,Amundsen_Bellingshausen,3.319024747,-0.39927166289861127,0.39927166289861127,0.540312197173086,FALSE,FALSE
2009-10-25,Amundsen_Bellingshausen,3.335595495,-0.3743804037105156,0.3743804037105156,0.540312197173086,FALSE,FALSE
2009-10-26,Amundsen_Bellingshausen,3.333731969,-0.3679583268656734,0.3679583268656734,0.540312197173086,FALSE,FALSE
2009-10-27,Amundsen_Bellingshausen,3.328399562,-0.36497231470022173,0.36497231470022173,0.540312197173086,FALSE,FALSE
2009-10-28,Amundsen_Bellingshausen,3.287312324,-0.39764059255030304,0.39764059255030304,0.540312197173086,FALSE,FALSE
2009-10-29,Amundsen_Bellingshausen,3.276564925,-0.39980076575205503,0.39980076575205503,0.540312197173086,FALSE,FALSE
2009-10-30,Amundsen_Bellingshausen,3.281340348,-0.3862021266416171,0.3862021266416171,0.540312197173086,FALSE,FALSE
2009-10-31,Amundsen_Bellingshausen,3.286611681,-0.3718148880161496,0.3718148880161496,0.540312197173086,FALSE,FALSE
2009-11-01,Amundsen_Bellingshausen,3.281939723,-0.3670758213860332,0.3670758213860332,0.540312197173086,FALSE,FALSE
2009-11-02,Amundsen_Bellingshausen,3.300332038,-0.33899160280868657,0.33899160280868657,0.540312197173086,FALSE,FALSE
2009-11-03,Amundsen_Bellingshausen,3.292033121,-0.33733198182275004,0.33733198182275004,0.540312197173086,FALSE,FALSE
2009-11-04,Amundsen_Bellingshausen,3.278450847,-0.34070332796685676,0.34070332796685676,0.540312197173086,FALSE,FALSE
2009-11-05,Amundsen_Bellingshausen,3.271545371,-0.33715973077964323,0.33715973077964323,0.540312197173086,FALSE,FALSE
2009-11-06,Amundsen_Bellingshausen,3.252401238,-0.345630889799744,0.345630889799744,0.540312197173086,FALSE,FALSE
2009-11-07,Amundsen_Bellingshausen,3.246244913,-0.3409045845657972,0.3409045845657972,0.540312197173086,FALSE,FALSE
2009-11-08,Amundsen_Bellingshausen,3.245075916,-0.33099553961643613,0.33099553961643613,0.540312197173086,FALSE,FALSE
2009-11-09,Amundsen_Bellingshausen,3.253872816,-0.3109394304902935,0.3109394304902935,0.540312197173086,FALSE,FALSE
2009-11-10,Amundsen_Bellingshausen,3.248860856,-0.3045252587260081,0.3045252587260081,0.540312197173086,FALSE,FALSE
2009-11-11,Amundsen_Bellingshausen,3.250205053,-0.2916022518622152,0.2916022518622152,0.540312197173086,FALSE,FALSE
2009-11-12,Amundsen_Bellingshausen,3.225043662,-0.30504642025851814,0.30504642025851814,0.540312197173086,FALSE,FALSE
2009-11-13,Amundsen_Bellingshausen,3.202220502,-0.31602936206963683,0.31602936206963683,0.540312197173086,FALSE,FALSE
2009-11-14,Amundsen_Bellingshausen,3.195789787,-0.31051401183869576,0.31051401183869576,0.540312197173086,FALSE,FALSE
2009-11-15,Amundsen_Bellingshausen,3.191087511,-0.30318166691982995,0.30318166691982995,0.540312197173086,FALSE,FALSE
2009-11-16,Amundsen_Bellingshausen,3.198615938,-0.2835473546671823,0.2835473546671823,0.540312197173086,FALSE,FALSE
2009-11-17,Amundsen_Bellingshausen,3.195392268,-0.2746111664348905,0.2746111664348905,0.540312197173086,FALSE,FALSE
2009-11-18,Amundsen_Bellingshausen,3.197514683,-0.2602922115770947,0.2602922115770947,0.540312197173086,FALSE,FALSE
2009-11-19,Amundsen_Bellingshausen,3.19782197,-0.24776899444793263,0.24776899444793263,0.540312197173086,FALSE,FALSE
2009-11-20,Amundsen_Bellingshausen,3.202745786,-0.23062714940154727,0.23062714940154727,0.540312197173086,FALSE,FALSE
2009-11-21,Amundsen_Bellingshausen,3.19919386,-0.2219762387920752,0.2219762387920752,0.540312197173086,FALSE,FALSE
2009-11-22,Amundsen_Bellingshausen,3.167517918,-0.24148182797365392,0.24148182797365392,0.540312197173086,FALSE,FALSE
2009-11-23,Amundsen_Bellingshausen,3.154217207,-0.24266196130042683,0.24266196130042683,0.540312197173086,FALSE,FALSE
2009-11-24,Amundsen_Bellingshausen,3.140086427,-0.24473923012653165,0.24473923012653165,0.540312197173086,FALSE,FALSE
2009-11-25,Amundsen_Bellingshausen,3.126405522,-0.24644624350198763,0.24644624350198763,0.540312197173086,FALSE,FALSE
2009-11-26,Amundsen_Bellingshausen,3.090798821,-0.27013114969445917,0.27013114969445917,0.540312197173086,FALSE,FALSE
2009-11-27,Amundsen_Bellingshausen,3.066699557,-0.2823130418292634,0.2823130418292634,0.540312197173086,FALSE,FALSE
2009-11-28,Amundsen_Bellingshausen,3.049862947,-0.2871888763985111,0.2871888763985111,0.540312197173086,FALSE,FALSE
2009-11-29,Amundsen_Bellingshausen,3.035602082,-0.2893977358943234,0.2893977358943234,0.540312197173086,FALSE,FALSE
2009-11-30,Amundsen_Bellingshausen,3.014750274,-0.2980584818088152,0.2980584818088152,0.540312197173086,FALSE,FALSE
2009-12-01,Amundsen_Bellingshausen,3.001121733,-0.2993090776341032,0.2993090776341032,0.540312197173086,FALSE,FALSE
2009-12-02,Amundsen_Bellingshausen,2.974203702,-0.31361445386230447,0.31361445386230447,0.540312197173086,FALSE,FALSE
2009-12-03,Amundsen_Bellingshausen,2.955965487,-0.3189574779855362,0.3189574779855362,0.540312197173086,FALSE,FALSE
2009-12-04,Amundsen_Bellingshausen,2.953055264,-0.3086421474959118,0.3086421474959118,0.540312197173086,FALSE,FALSE
2009-12-05,Amundsen_Bellingshausen,2.943721079,-0.3043725898855514,0.3043725898855514,0.540312197173086,FALSE,FALSE
2009-12-06,Amundsen_Bellingshausen,2.950713887,-0.2833500236465687,0.2833500236465687,0.540312197173086,FALSE,FALSE
2009-12-07,Amundsen_Bellingshausen,2.968348715,-0.2512115245052655,0.2512115245052655,0.540312197173086,FALSE,FALSE
2009-12-08,Amundsen_Bellingshausen,2.974195136,-0.23031765421424,0.23031765421424,0.540312197173086,FALSE,FALSE
2009-12-09,Amundsen_Bellingshausen,2.972855833,-0.2159428858396879,0.2159428858396879,0.540312197173086,FALSE,FALSE
2009-12-10,Amundsen_Bellingshausen,2.982778888,-0.1895084673147167,0.1895084673147167,0.540312197173086,FALSE,FALSE
2009-12-11,Amundsen_Bellingshausen,2.976860952,-0.1779870775724297,0.1779870775724297,0.540312197173086,FALSE,FALSE
2009-12-12,Amundsen_Bellingshausen,2.970812865,-0.1655372065459364,0.1655372065459364,0.540312197173086,FALSE,FALSE
2009-12-13,Amundsen_Bellingshausen,2.981130325,-0.13553248616833669,0.13553248616833669,0.540312197173086,FALSE,FALSE
2009-12-14,Amundsen_Bellingshausen,2.986575548,-0.1090800303727435,0.1090800303727435,0.540312197173086,FALSE,FALSE
2009-12-15,Amundsen_Bellingshausen,2.998816637,-0.07438106609225725,0.07438106609225725,0.540312197173086,FALSE,FALSE
2009-12-16,Amundsen_Bellingshausen,3.002187813,-0.04697070225998479,0.04697070225998479,0.540312197173086,FALSE,FALSE
2009-12-17,Amundsen_Bellingshausen,2.996288866,-0.02711847880903262,0.02711847880903262,0.540312197173086,FALSE,FALSE
2009-12-18,Amundsen_Bellingshausen,2.994548169,-0.00126535267250593,0.00126535267250593,0.540312197173086,FALSE,FALSE
2009-12-19,Amundsen_Bellingshausen,2.982158238,0.01591186221648888,0.01591186221648888,0.540312197173086,FALSE,FALSE
2009-12-20,Amundsen_Bellingshausen,2.965070378,0.03048519605840471,0.03048519605840471,0.540312197173086,FALSE,FALSE
2009-12-21,Amundsen_Bellingshausen,2.951982601,0.05111613854613184,0.05111613854613184,0.540312197173086,FALSE,FALSE
2009-12-22,Amundsen_Bellingshausen,2.940767253,0.0755149951101477,0.0755149951101477,0.540312197173086,FALSE,FALSE
2009-12-23,Amundsen_Bellingshausen,2.931397967,0.10348986037324526,0.10348986037324526,0.540312197173086,FALSE,FALSE
2009-12-24,Amundsen_Bellingshausen,2.919527187,0.13052763995820538,0.13052763995820538,0.540312197173086,FALSE,FALSE
2009-12-25,Amundsen_Bellingshausen,2.880800651,0.1321085334878176,0.1321085334878176,0.540312197173086,FALSE,FALSE
2009-12-26,Amundsen_Bellingshausen,2.860149366,0.1529980095848691,0.1529980095848691,0.540312197173086,FALSE,FALSE
2009-12-27,Amundsen_Bellingshausen,2.864473934,0.19993113187214903,0.19993113187214903,0.540312197173086,FALSE,FALSE
2009-12-28,Amundsen_Bellingshausen,2.857883904,0.23685191097243985,0.23685191097243985,0.540312197173086,FALSE,FALSE
2009-12-29,Amundsen_Bellingshausen,2.868464504,0.29168003650852903,0.29168003650852903,0.540312197173086,FALSE,FALSE
2009-12-30,Amundsen_Bellingshausen,2.86696211,0.3349963461032104,0.3349963461032104,0.540312197173086,FALSE,FALSE
2009-12-31,Amundsen_Bellingshausen,2.833895152,0.34715373137926386,0.34715373137926386,0.540312197173086,FALSE,FALSE
2010-01-01,Amundsen_Bellingshausen,2.810787511,0.36951053495947583,0.36951053495947583,0.540312197173086,FALSE,FALSE
2010-01-02,Amundsen_Bellingshausen,2.771257366,0.375526155472671,0.375526155472671,0.540312197173086,FALSE,FALSE
2010-01-03,Amundsen_Bellingshausen,2.719852106,0.3696162335718114,0.3696162335718114,0.540312197173086,FALSE,FALSE
2010-01-04,Amundsen_Bellingshausen,2.652143179,0.347227226915904,0.347227226915904,0.540312197173086,FALSE,FALSE
2010-01-05,Amundsen_Bellingshausen,2.566595425,0.3066989851639388,0.3066989851639388,0.540312197173086,FALSE,FALSE
2010-01-06,Amundsen_Bellingshausen,2.506098787,0.29079646097492073,0.29079646097492073,0.540312197173086,FALSE,FALSE
2010-01-07,Amundsen_Bellingshausen,2.491483748,0.3202251470078452,0.3202251470078452,0.540312197173086,FALSE,FALSE
2010-01-08,Amundsen_Bellingshausen,2.421523437,0.2936331819217135,0.2936331819217135,0.540312197173086,FALSE,FALSE
2010-01-09,Amundsen_Bellingshausen,2.363528445,0.2782061663755253,0.2782061663755253,0.540312197173086,FALSE,FALSE
2010-01-10,Amundsen_Bellingshausen,2.316588401,0.27290873902828094,0.27290873902828094,0.540312197173086,FALSE,FALSE
2010-01-11,Amundsen_Bellingshausen,2.265069528,0.26198213253897773,0.26198213253897773,0.540312197173086,FALSE,FALSE
2010-01-12,Amundsen_Bellingshausen,2.213491655,0.24982118556661548,0.24982118556661548,0.540312197173086,FALSE,FALSE
2010-01-13,Amundsen_Bellingshausen,2.163818799,0.23826492477019623,0.23826492477019623,0.540312197173086,FALSE,FALSE
2010-01-14,Amundsen_Bellingshausen,2.128020593,0.2391599486230984,0.2391599486230984,0.540312197173086,FALSE,FALSE
2010-01-15,Amundsen_Bellingshausen,2.103101827,0.2494581966809557,0.2494581966809557,0.540312197173086,FALSE,FALSE
2010-01-16,Amundsen_Bellingshausen,2.07565095,0.255783193127048,0.255783193127048,0.540312197173086,FALSE,FALSE
2010-01-17,Amundsen_Bellingshausen,2.050042156,0.2625497678599773,0.2625497678599773,0.540312197173086,FALSE,FALSE
2010-01-18,Amundsen_Bellingshausen,2.027315756,0.27083886777834265,0.27083886777834265,0.540312197173086,FALSE,FALSE
2010-01-19,Amundsen_Bellingshausen,1.993615448,0.2668348267807443,0.2668348267807443,0.540312197173086,FALSE,FALSE
2010-01-20,Amundsen_Bellingshausen,1.967932988,0.2695700367657812,0.2695700367657812,0.540312197173086,FALSE,FALSE
2010-01-21,Amundsen_Bellingshausen,1.952570052,0.28138680963205465,0.28138680963205465,0.540312197173086,FALSE,FALSE
2010-01-22,Amundsen_Bellingshausen,1.926316156,0.28111529727816387,0.28111529727816387,0.540312197173086,FALSE,FALSE
2010-01-23,Amundsen_Bellingshausen,1.89855109,0.2781759256027081,0.2781759256027081,0.540312197173086,FALSE,FALSE
2010-01-24,Amundsen_Bellingshausen,1.868289126,0.2716236025042893,0.2716236025042893,0.540312197173086,FALSE,FALSE
2010-01-25,Amundsen_Bellingshausen,1.84406232,0.2700310198815048,0.2700310198815048,0.540312197173086,FALSE,FALSE
2010-01-26,Amundsen_Bellingshausen,1.819773911,0.26734205263295663,0.26734205263295663,0.540312197173086,FALSE,FALSE
2010-01-27,Amundsen_Bellingshausen,1.778233129,0.24640436253235531,0.24640436253235531,0.540312197173086,FALSE,FALSE
2010-01-28,Amundsen_Bellingshausen,1.73602471,0.22382619662054837,0.22382619662054837,0.540312197173086,FALSE,FALSE
2010-01-29,Amundsen_Bellingshausen,1.713854269,0.2203304939547233,0.2203304939547233,0.540312197173086,FALSE,FALSE
2010-01-30,Amundsen_Bellingshausen,1.705414125,0.22962687766182263,0.22962687766182263,0.540312197173086,FALSE,FALSE
2010-01-31,Amundsen_Bellingshausen,1.676521413,0.2175497868687961,0.2175497868687961,0.540312197173086,FALSE,FALSE
2010-02-01,Amundsen_Bellingshausen,1.662645308,0.21958570070258965,0.21958570070258965,0.540312197173086,FALSE,FALSE
2010-02-02,Amundsen_Bellingshausen,1.644566815,0.21653292829014892,0.21653292829014892,0.540312197173086,FALSE,FALSE
2010-02-03,Amundsen_Bellingshausen,1.635825801,0.22194864075842255,0.22194864075842255,0.540312197173086,FALSE,FALSE
2010-02-04,Amundsen_Bellingshausen,1.632239133,0.2316670092343578,0.2316670092343578,0.540312197173086,FALSE,FALSE
2010-02-05,Amundsen_Bellingshausen,1.609622563,0.22152108984489915,0.22152108984489915,0.540312197173086,FALSE,FALSE
2010-02-06,Amundsen_Bellingshausen,1.587567981,0.2111200767169952,0.2111200767169952,0.540312197173086,FALSE,FALSE
2010-02-07,Amundsen_Bellingshausen,1.578130604,0.2125364909775929,0.2125364909775929,0.540312197173086,FALSE,FALSE
2010-02-08,Amundsen_Bellingshausen,1.569293468,0.2137705871792035,0.2137705871792035,0.540312197173086,FALSE,FALSE
2010-02-09,Amundsen_Bellingshausen,1.553870351,0.20764206405329255,0.20764206405329255,0.540312197173086,FALSE,FALSE
2010-02-10,Amundsen_Bellingshausen,1.527421224,0.1896943446786792,0.1896943446786792,0.540312197173086,FALSE,FALSE
2010-02-11,Amundsen_Bellingshausen,1.472891663,0.14285380058444375,0.14285380058444375,0.540312197173086,FALSE,FALSE
2010-02-12,Amundsen_Bellingshausen,1.444414473,0.12123403229966412,0.12123403229966412,0.540312197173086,FALSE,FALSE
2010-02-13,Amundsen_Bellingshausen,1.431349377,0.1141755583534192,0.1141755583534192,0.540312197173086,FALSE,FALSE
2010-02-14,Amundsen_Bellingshausen,1.441379077,0.12934187627478888,0.12934187627478888,0.540312197173086,FALSE,FALSE
2010-02-15,Amundsen_Bellingshausen,1.477185514,0.1693957225928513,0.1693957225928513,0.540312197173086,FALSE,FALSE
2010-02-16,Amundsen_Bellingshausen,1.494754981,0.19030418583668407,0.19030418583668407,0.540312197173086,FALSE,FALSE
2010-02-17,Amundsen_Bellingshausen,1.496318816,0.19427939953536888,0.19427939953536888,0.540312197173086,FALSE,FALSE
2010-02-18,Amundsen_Bellingshausen,1.493442188,0.19286732821798291,0.19286732821798291,0.540312197173086,FALSE,FALSE
2010-02-19,Amundsen_Bellingshausen,1.509787365,0.20971103541360425,0.20971103541360425,0.540312197173086,FALSE,FALSE
2010-02-20,Amundsen_Bellingshausen,1.50180887,0.2012458396513137,0.2012458396513137,0.540312197173086,FALSE,FALSE
2010-02-21,Amundsen_Bellingshausen,1.482518011,0.1804671673964953,0.1804671673964953,0.540312197173086,FALSE,FALSE
2010-02-22,Amundsen_Bellingshausen,1.533000993,0.22848562817542173,0.22848562817542173,0.540312197173086,FALSE,FALSE
2010-02-23,Amundsen_Bellingshausen,1.604265581,0.2963601915600811,0.2963601915600811,0.540312197173086,FALSE,FALSE
2010-02-24,Amundsen_Bellingshausen,1.637380012,0.325210783586138,0.325210783586138,0.540312197173086,FALSE,FALSE
2010-02-25,Amundsen_Bellingshausen,1.651063537,0.3338083442892499,0.3338083442892499,0.540312197173086,FALSE,FALSE
2010-02-26,Amundsen_Bellingshausen,1.678834008,0.3557224147050786,0.3557224147050786,0.540312197173086,FALSE,FALSE
2010-02-27,Amundsen_Bellingshausen,1.681327971,0.35164122986928437,0.35164122986928437,0.540312197173086,FALSE,FALSE
2010-02-28,Amundsen_Bellingshausen,1.657001715,0.32007276781752925,0.32007276781752925,0.540312197173086,FALSE,FALSE
2010-03-01,Amundsen_Bellingshausen,1.638073411,0.29328688858547225,0.29328688858547225,0.540312197173086,FALSE,FALSE
2010-03-02,Amundsen_Bellingshausen,1.673929651,0.32072187320877465,0.32072187320877465,0.540312197173086,FALSE,FALSE
2010-03-03,Amundsen_Bellingshausen,1.703880046,0.3417390217230969,0.3417390217230969,0.540312197173086,FALSE,FALSE
2010-03-04,Amundsen_Bellingshausen,1.723499444,0.35196487116410013,0.35196487116410013,0.540312197173086,FALSE,FALSE
2010-03-05,Amundsen_Bellingshausen,1.73599261,0.3546558722403679,0.3546558722403679,0.540312197173086,FALSE,FALSE
2010-03-06,Amundsen_Bellingshausen,1.771768996,0.3802607863503007,0.3802607863503007,0.540312197173086,FALSE,FALSE
2010-03-07,Amundsen_Bellingshausen,1.791346636,0.3892966643275022,0.3892966643275022,0.540312197173086,FALSE,FALSE
2010-03-08,Amundsen_Bellingshausen,1.7913793,0.3784081071487498,0.3784081071487498,0.540312197173086,FALSE,FALSE
2010-03-09,Amundsen_Bellingshausen,1.811897482,0.3876164397908195,0.3876164397908195,0.540312197173086,FALSE,FALSE
2010-03-10,Amundsen_Bellingshausen,1.811187894,0.37519920523048866,0.37519920523048866,0.540312197173086,FALSE,FALSE
2010-03-11,Amundsen_Bellingshausen,1.806010537,0.35790723544453384,0.35790723544453384,0.540312197173086,FALSE,FALSE
2010-03-12,Amundsen_Bellingshausen,1.80527832,0.34464427040973167,0.34464427040973167,0.540312197173086,FALSE,FALSE
2010-03-13,Amundsen_Bellingshausen,1.820179215,0.34658911310285667,0.34658911310285667,0.540312197173086,FALSE,FALSE
2010-03-14,Amundsen_Bellingshausen,1.835113735,0.3481331075006888,0.3481331075006888,0.540312197173086,FALSE,FALSE
2010-03-15,Amundsen_Bellingshausen,1.847594495,0.34677969958000343,0.34677969958000343,0.540312197173086,FALSE,FALSE
2010-03-16,Amundsen_Bellingshausen,1.858801005,0.343699230317575,0.343699230317575,0.540312197173086,FALSE,FALSE
2010-03-17,Amundsen_Bellingshausen,1.86414321,0.3342924756901833,0.3342924756901833,0.540312197173086,FALSE,FALSE
2010-03-18,Amundsen_Bellingshausen,1.854579167,0.30950881445656186,0.30950881445656186,0.540312197173086,FALSE,FALSE
2010-03-19,Amundsen_Bellingshausen,1.869023875,0.3082668245833202,0.3082668245833202,0.540312197173086,FALSE,FALSE
2010-03-20,Amundsen_Bellingshausen,1.872531955,0.2956375271791696,0.2956375271791696,0.540312197173086,FALSE,FALSE
2010-03-21,Amundsen_Bellingshausen,1.873581,0.2801155189931668,0.2801155189931668,0.540312197173086,FALSE,FALSE
2010-03-22,Amundsen_Bellingshausen,1.866633867,0.2561806607743675,0.2561806607743675,0.540312197173086,FALSE,FALSE
2010-03-23,Amundsen_Bellingshausen,1.867444111,0.239603511271828,0.239603511271828,0.540312197173086,FALSE,FALSE
2010-03-24,Amundsen_Bellingshausen,1.891538644,0.24592798623460732,0.24592798623460732,0.540312197173086,FALSE,FALSE
2010-03-25,Amundsen_Bellingshausen,1.9094439,0.24569752341175977,0.24569752341175977,0.540312197173086,FALSE,FALSE
2010-03-26,Amundsen_Bellingshausen,1.934162393,0.2519316405523422,0.2519316405523422,0.540312197173086,FALSE,FALSE
2010-03-27,Amundsen_Bellingshausen,1.955921122,0.2548743404054128,0.2548743404054128,0.540312197173086,FALSE,FALSE
2010-03-28,Amundsen_Bellingshausen,1.963493405,0.2433159447200268,0.2433159447200268,0.540312197173086,FALSE,FALSE
2010-03-29,Amundsen_Bellingshausen,1.977756852,0.2381510672452407,0.2381510672452407,0.540312197173086,FALSE,FALSE
2010-03-30,Amundsen_Bellingshausen,1.989540144,0.2302253927301119,0.2302253927301119,0.540312197173086,FALSE,FALSE
2010-03-31,Amundsen_Bellingshausen,2.001565403,0.22227508729665213,0.22227508729665213,0.540312197173086,FALSE,FALSE
2010-04-01,Amundsen_Bellingshausen,2.013947601,0.2144129896471092,0.2144129896471092,0.540312197173086,FALSE,FALSE
2010-04-02,Amundsen_Bellingshausen,2.036592344,0.2165370728581499,0.2165370728581499,0.540312197173086,FALSE,FALSE
2010-04-03,Amundsen_Bellingshausen,2.078399624,0.23753969145989795,0.23753969145989795,0.540312197173086,FALSE,FALSE
2010-04-04,Amundsen_Bellingshausen,2.150670241,0.2887140079824819,0.2887140079824819,0.540312197173086,FALSE,FALSE
2010-04-05,Amundsen_Bellingshausen,2.182408278,0.29905646795602703,0.29905646795602703,0.540312197173086,FALSE,FALSE
2010-04-06,Amundsen_Bellingshausen,2.196481545,0.2914272439106649,0.2914272439106649,0.540312197173086,FALSE,FALSE
2010-04-07,Amundsen_Bellingshausen,2.200013325,0.27294198137651793,0.27294198137651793,0.540312197173086,FALSE,FALSE
2010-04-08,Amundsen_Bellingshausen,2.200425375,0.25101479988371755,0.25101479988371755,0.540312197173086,FALSE,FALSE
2010-04-09,Amundsen_Bellingshausen,2.218098296,0.2460186629623884,0.2460186629623884,0.540312197173086,FALSE,FALSE
2010-04-10,Amundsen_Bellingshausen,2.238584499,0.24349834414265747,0.24349834414265747,0.540312197173086,FALSE,FALSE
2010-04-11,Amundsen_Bellingshausen,2.278025067,0.25958728895465333,0.25958728895465333,0.540312197173086,FALSE,FALSE
2010-04-12,Amundsen_Bellingshausen,2.286630575,0.24448848403527013,0.24448848403527013,0.540312197173086,FALSE,FALSE
2010-04-13,Amundsen_Bellingshausen,2.308094273,0.2418910908720973,0.2418910908720973,0.540312197173086,FALSE,FALSE
2010-04-14,Amundsen_Bellingshausen,2.348899079,0.2582797084252122,0.2582797084252122,0.540312197173086,FALSE,FALSE
2010-04-15,Amundsen_Bellingshausen,2.39179648,0.27640804354925264,0.27640804354925264,0.540312197173086,FALSE,FALSE
2010-04-16,Amundsen_Bellingshausen,2.431200112,0.2906919520988467,0.2906919520988467,0.540312197173086,FALSE,FALSE
2010-04-17,Amundsen_Bellingshausen,2.488074678,0.322098356928632,0.322098356928632,0.540312197173086,FALSE,FALSE
2010-04-18,Amundsen_Bellingshausen,2.518512927,0.3267222268932435,0.3267222268932435,0.540312197173086,FALSE,FALSE
2010-04-19,Amundsen_Bellingshausen,2.51900586,0.3010567828473114,0.3010567828473114,0.540312197173086,FALSE,FALSE
2010-04-20,Amundsen_Bellingshausen,2.539284365,0.294835132645471,0.294835132645471,0.540312197173086,FALSE,FALSE
2010-04-21,Amundsen_Bellingshausen,2.572912352,0.3016234061423555,0.3016234061423555,0.540312197173086,FALSE,FALSE
2010-04-22,Amundsen_Bellingshausen,2.635298246,0.3368322481926005,0.3368322481926005,0.540312197173086,FALSE,FALSE
2010-04-23,Amundsen_Bellingshausen,2.699792052,0.3738138836508389,0.3738138836508389,0.540312197173086,FALSE,FALSE
2010-04-24,Amundsen_Bellingshausen,2.74703456,0.39321132237170353,0.39321132237170353,0.540312197173086,FALSE,FALSE
2010-04-25,Amundsen_Bellingshausen,2.781194876,0.39920023137776584,0.39920023137776584,0.540312197173086,FALSE,FALSE
2010-04-26,Amundsen_Bellingshausen,2.818610164,0.40816556577118,0.40816556577118,0.540312197173086,FALSE,FALSE
2010-04-27,Amundsen_Bellingshausen,2.885757847,0.4466553236372053,0.4466553236372053,0.540312197173086,FALSE,FALSE
2010-04-28,Amundsen_Bellingshausen,2.954720156,0.48682255106520866,0.48682255106520866,0.540312197173086,FALSE,FALSE
2010-04-29,Amundsen_Bellingshausen,2.972256791,0.4754977631445514,0.4754977631445514,0.540312197173086,FALSE,FALSE
2010-04-30,Amundsen_Bellingshausen,2.961758082,0.43614210496459416,0.43614210496459416,0.540312197173086,FALSE,FALSE
2010-05-01,Amundsen_Bellingshausen,2.948410788,0.3940131506147005,0.3940131506147005,0.540312197173086,FALSE,FALSE
2010-05-02,Amundsen_Bellingshausen,2.946479136,0.3634459421842333,0.3634459421842333,0.540312197173086,FALSE,FALSE
2010-05-03,Amundsen_Bellingshausen,2.965958698,0.3545068667625557,0.3545068667625557,0.540312197173086,FALSE,FALSE
2010-05-04,Amundsen_Bellingshausen,3.046964177,0.40738144243903296,0.40738144243903296,0.540312197173086,FALSE,FALSE
2010-05-05,Amundsen_Bellingshausen,3.092344177,0.4249890883030236,0.4249890883030236,0.540312197173086,FALSE,FALSE
2010-05-06,Amundsen_Bellingshausen,3.101066778,0.40636869944389353,0.40636869944389353,0.540312197173086,FALSE,FALSE
2010-05-07,Amundsen_Bellingshausen,3.059164759,0.33762383096787696,0.33762383096787696,0.540312197173086,FALSE,FALSE
2010-05-08,Amundsen_Bellingshausen,3.020166432,0.2723318372791006,0.2723318372791006,0.540312197173086,FALSE,FALSE
2010-05-09,Amundsen_Bellingshausen,3.016406297,0.24281841713136076,0.24281841713136076,0.540312197173086,FALSE,FALSE
2010-05-10,Amundsen_Bellingshausen,2.998763656,0.19994455391359975,0.19994455391359975,0.540312197173086,FALSE,FALSE
2010-05-11,Amundsen_Bellingshausen,2.998834241,0.17528766101475668,0.17528766101475668,0.540312197173086,FALSE,FALSE
2010-05-12,Amundsen_Bellingshausen,3.148286395,0.3004977628237735,0.3004977628237735,0.540312197173086,FALSE,FALSE
2010-05-13,Amundsen_Bellingshausen,3.193408324,0.32184474672959196,0.32184474672959196,0.540312197173086,FALSE,FALSE
2010-05-14,Amundsen_Bellingshausen,3.261775254,0.3668855201211483,0.3668855201211483,0.540312197173086,FALSE,FALSE
2010-05-15,Amundsen_Bellingshausen,3.293822517,0.37603709638738625,0.37603709638738625,0.540312197173086,FALSE,FALSE
2010-05-16,Amundsen_Bellingshausen,3.292632846,0.3523638899172461,0.3523638899172461,0.540312197173086,FALSE,FALSE
2010-05-17,Amundsen_Bellingshausen,3.278008758,0.3156500990996669,0.3156500990996669,0.540312197173086,FALSE,FALSE
2010-05-18,Amundsen_Bellingshausen,3.269303186,0.2852303383235908,0.2852303383235908,0.540312197173086,FALSE,FALSE
2010-05-19,Amundsen_Bellingshausen,3.265466678,0.2600368369779571,0.2600368369779571,0.540312197173086,FALSE,FALSE
2010-05-20,Amundsen_Bellingshausen,3.281162594,0.25471469806104485,0.25471469806104485,0.540312197173086,FALSE,FALSE
2010-05-21,Amundsen_Bellingshausen,3.312973962,0.26582981677607975,0.26582981677607975,0.540312197173086,FALSE,FALSE
2010-05-22,Amundsen_Bellingshausen,3.320502352,0.2529676125259259,0.2529676125259259,0.540312197173086,FALSE,FALSE
2010-05-23,Amundsen_Bellingshausen,3.318722598,0.2310868017592731,0.2310868017592731,0.540312197173086,FALSE,FALSE
2010-05-24,Amundsen_Bellingshausen,3.323277299,0.21581386592481877,0.21581386592481877,0.540312197173086,FALSE,FALSE
2010-05-25,Amundsen_Bellingshausen,3.32432726,0.19729349247125327,0.19729349247125327,0.540312197173086,FALSE,FALSE
2010-05-26,Amundsen_Bellingshausen,3.305115146,0.15875222884726892,0.15875222884726892,0.540312197173086,FALSE,FALSE
2010-05-27,Amundsen_Bellingshausen,3.310917781,0.14545078150155932,0.14545078150155932,0.540312197173086,FALSE,FALSE
2010-05-28,Amundsen_Bellingshausen,3.324053209,0.13969107688281746,0.13969107688281746,0.540312197173086,FALSE,FALSE
2010-05-29,Amundsen_Bellingshausen,3.324177136,0.12111270343973636,0.12111270343973636,0.540312197173086,FALSE,FALSE
2010-05-30,Amundsen_Bellingshausen,3.333712888,0.11212286962100748,0.11212286962100748,0.540312197173086,FALSE,FALSE
2010-05-31,Amundsen_Bellingshausen,3.330711282,0.09075627487532412,0.09075627487532412,0.540312197173086,FALSE,FALSE
2010-06-01,Amundsen_Bellingshausen,3.337788676,0.0796131596513785,0.0796131596513785,0.540312197173086,FALSE,FALSE
2010-06-02,Amundsen_Bellingshausen,3.332848429,0.0565889336672587,0.0565889336672587,0.540312197173086,FALSE,FALSE
2010-06-03,Amundsen_Bellingshausen,3.321666584,0.02748792728988069,0.02748792728988069,0.540312197173086,FALSE,FALSE
2010-06-04,Amundsen_Bellingshausen,3.31294434,0.00104967201191286,0.00104967201191286,0.540312197173086,FALSE,FALSE
2010-06-05,Amundsen_Bellingshausen,3.291201213,-0.03816798330187421,0.03816798330187421,0.540312197173086,FALSE,FALSE
2010-06-06,Amundsen_Bellingshausen,3.306681463,-0.03988244578671551,0.03988244578671551,0.540312197173086,FALSE,FALSE
2010-06-07,Amundsen_Bellingshausen,3.330361565,-0.03307890757784282,0.03307890757784282,0.540312197173086,FALSE,FALSE
2010-06-08,Amundsen_Bellingshausen,3.38426915,0.00430859518951276,0.00430859518951276,0.540312197173086,FALSE,FALSE
2010-06-09,Amundsen_Bellingshausen,3.404754632,0.00866880938011638,0.00866880938011638,0.540312197173086,FALSE,FALSE
2010-06-10,Amundsen_Bellingshausen,3.409770562,-0.00200738114126108,0.00200738114126108,0.540312197173086,FALSE,FALSE
2010-06-11,Amundsen_Bellingshausen,3.400482572,-0.02651601150985616,0.02651601150985616,0.540312197173086,FALSE,FALSE
2010-06-12,Amundsen_Bellingshausen,3.385122969,-0.05658644186090056,0.05658644186090056,0.540312197173086,FALSE,FALSE
2010-06-13,Amundsen_Bellingshausen,3.36559262,-0.09027947232962408,0.09027947232962408,0.540312197173086,FALSE,FALSE
2010-06-14,Amundsen_Bellingshausen,3.350210596,-0.11923872277675952,0.11923872277675952,0.540312197173086,FALSE,FALSE
2010-06-15,Amundsen_Bellingshausen,3.343643619,-0.13880529212859782,0.13880529212859782,0.540312197173086,FALSE,FALSE
2010-06-16,Amundsen_Bellingshausen,3.405194142,-0.08974646024522848,0.08974646024522848,0.540312197173086,FALSE,FALSE
2010-06-17,Amundsen_Bellingshausen,3.417425132,-0.08957347861191423,0.08957347861191423,0.540312197173086,FALSE,FALSE
2010-06-18,Amundsen_Bellingshausen,3.426441278,-0.092255876713915,0.092255876713915,0.540312197173086,FALSE,FALSE
2010-06-19,Amundsen_Bellingshausen,3.449763806,-0.08034664703648842,0.08034664703648842,0.540312197173086,FALSE,FALSE
2010-06-20,Amundsen_Bellingshausen,3.496836028,-0.04447669606489546,0.04447669606489546,0.540312197173086,FALSE,FALSE
2010-06-21,Amundsen_Bellingshausen,3.51753262,-0.03484556628439383,0.03484556628439383,0.540312197173086,FALSE,FALSE
2010-06-22,Amundsen_Bellingshausen,3.523034831,-0.04034622718024439,0.04034622718024439,0.540312197173086,FALSE,FALSE
2010-06-23,Amundsen_Bellingshausen,3.513952838,-0.06044272023770514,0.06044272023770514,0.540312197173086,FALSE,FALSE
2010-06-24,Amundsen_Bellingshausen,3.488527619,-0.09696828594203756,0.09696828594203756,0.540312197173086,FALSE,FALSE
2010-06-25,Amundsen_Bellingshausen,3.457467581,-0.1392887357784991,0.1392887357784991,0.540312197173086,FALSE,FALSE
2010-06-26,Amundsen_Bellingshausen,3.469566501,-0.13868451123235115,0.13868451123235115,0.540312197173086,FALSE,FALSE
2010-06-27,Amundsen_Bellingshausen,3.499087557,-0.12095754235060552,0.12095754235060552,0.540312197173086,FALSE,FALSE
2010-06-28,Amundsen_Bellingshausen,3.484901287,-0.14723355610536126,0.14723355610536126,0.540312197173086,FALSE,FALSE
2010-06-29,Amundsen_Bellingshausen,3.496857121,-0.14762793036168942,0.14762793036168942,0.540312197173086,FALSE,FALSE
2010-06-30,Amundsen_Bellingshausen,3.521186947,-0.13587342324761487,0.13587342324761487,0.540312197173086,FALSE,FALSE
2010-07-01,Amundsen_Bellingshausen,3.55857376,-0.1112516858911592,0.1112516858911592,0.540312197173086,FALSE,FALSE
2010-07-02,Amundsen_Bellingshausen,3.579326819,-0.10341810542034802,0.10341810542034802,0.540312197173086,FALSE,FALSE
2010-07-03,Amundsen_Bellingshausen,3.591624854,-0.10415859796320426,0.10415859796320426,0.540312197173086,FALSE,FALSE
2010-07-04,Amundsen_Bellingshausen,3.626002827,-0.08290284764774958,0.08290284764774958,0.540312197173086,FALSE,FALSE
2010-07-05,Amundsen_Bellingshausen,3.678378929,-0.04369730960201279,0.04369730960201279,0.540312197173086,FALSE,FALSE
2010-07-06,Amundsen_Bellingshausen,3.741019538,0.00575974804598722,0.00575974804598722,0.540312197173086,FALSE,FALSE
2010-07-07,Amundsen_Bellingshausen,3.76508326,0.01666228516822654,0.01666228516822654,0.540312197173086,FALSE,FALSE
2010-07-08,Amundsen_Bellingshausen,3.711673883,-0.04985055636332003,0.04985055636332003,0.540312197173086,FALSE,FALSE
2010-07-09,Amundsen_Bellingshausen,3.65664502,-0.117889845990089,0.117889845990089,0.540312197173086,FALSE,FALSE
2010-07-10,Amundsen_Bellingshausen,3.650024613,-0.13739938694451714,0.13739938694451714,0.540312197173086,FALSE,FALSE
2010-07-11,Amundsen_Bellingshausen,3.636292486,-0.16388655719665968,0.16388655719665968,0.540312197173086,FALSE,FALSE
2010-07-12,Amundsen_Bellingshausen,3.660587236,-0.15220200720413857,0.15220200720413857,0.540312197173086,FALSE,FALSE
2010-07-13,Amundsen_Bellingshausen,3.711781547,-0.1134623004245765,0.1134623004245765,0.540312197173086,FALSE,FALSE
2010-07-14,Amundsen_Bellingshausen,3.735331753,-0.10220035031559194,0.10220035031559194,0.540312197173086,FALSE,FALSE
2010-07-15,Amundsen_Bellingshausen,3.735387197,-0.11425606133480536,0.11425606133480536,0.540312197173086,FALSE,FALSE
2010-07-16,Amundsen_Bellingshausen,3.750964441,-0.11060211893984206,0.11060211893984206,0.540312197173086,FALSE,FALSE
2010-07-17,Amundsen_Bellingshausen,3.739754375,-0.13353688058832036,0.13353688058832036,0.540312197173086,FALSE,FALSE
2010-07-18,Amundsen_Bellingshausen,3.684792715,-0.20001387773785773,0.20001387773785773,0.540312197173086,FALSE,FALSE
2010-07-19,Amundsen_Bellingshausen,3.646753246,-0.24934857284608203,0.24934857284608203,0.540312197173086,FALSE,FALSE
2010-07-20,Amundsen_Bellingshausen,3.643364529,-0.2638016523706135,0.2638016523706135,0.540312197173086,FALSE,FALSE
2010-07-21,Amundsen_Bellingshausen,3.64667008,-0.2713188477690691,0.2713188477690691,0.540312197173086,FALSE,FALSE
2010-07-22,Amundsen_Bellingshausen,3.640145197,-0.28841382854499553,0.28841382854499553,0.540312197173086,FALSE,FALSE
2010-07-23,Amundsen_Bellingshausen,3.658153828,-0.2807077501924464,0.2807077501924464,0.540312197173086,FALSE,FALSE
2010-07-24,Amundsen_Bellingshausen,3.657902506,-0.29097636657561,0.29097636657561,0.540312197173086,FALSE,FALSE
2010-07-25,Amundsen_Bellingshausen,3.663526187,-0.29506694466654926,0.29506694466654926,0.540312197173086,FALSE,FALSE
2010-07-26,Amundsen_Bellingshausen,3.634944974,-0.33304160443732567,0.33304160443732567,0.540312197173086,FALSE,FALSE
2010-07-27,Amundsen_Bellingshausen,3.602279082,-0.3747623538599978,0.3747623538599978,0.540312197173086,FALSE,FALSE
2010-07-28,Amundsen_Bellingshausen,3.60196711,-0.38377281690663656,0.38377281690663656,0.540312197173086,FALSE,FALSE
2010-07-29,Amundsen_Bellingshausen,3.650712265,-0.3433520095492968,0.3433520095492968,0.540312197173086,FALSE,FALSE
2010-07-30,Amundsen_Bellingshausen,3.762499226,-0.2394974757600492,0.2394974757600492,0.540312197173086,FALSE,FALSE
2010-07-31,Amundsen_Bellingshausen,3.841782276,-0.1677371555109488,0.1677371555109488,0.540312197173086,FALSE,FALSE
2010-08-01,Amundsen_Bellingshausen,3.906562743,-0.1100519437740588,0.1100519437740588,0.540312197173086,FALSE,FALSE
2010-08-02,Amundsen_Bellingshausen,3.92246856,-0.10079613052144644,0.10079613052144644,0.540312197173086,FALSE,FALSE
2010-08-03,Amundsen_Bellingshausen,3.889612377,-0.13983928925266165,0.13983928925266165,0.540312197173086,FALSE,FALSE
2010-08-04,Amundsen_Bellingshausen,3.85416885,-0.18100322760063703,0.18100322760063703,0.540312197173086,FALSE,FALSE
2010-08-05,Amundsen_Bellingshausen,3.874356468,-0.1661172898600931,0.1661172898600931,0.540312197173086,FALSE,FALSE
2010-08-06,Amundsen_Bellingshausen,3.885998896,-0.15941722379706613,0.15941722379706613,0.540312197173086,FALSE,FALSE
2010-08-07,Amundsen_Bellingshausen,3.857420898,-0.19263767817760247,0.19263767817760247,0.540312197173086,FALSE,FALSE
2010-08-08,Amundsen_Bellingshausen,3.848137427,-0.2063231127677403,0.2063231127677403,0.540312197173086,FALSE,FALSE
2010-08-09,Amundsen_Bellingshausen,3.841587464,-0.21709395933352835,0.21709395933352835,0.540312197173086,FALSE,FALSE
2010-08-10,Amundsen_Bellingshausen,3.873148113,-0.18963252664100771,0.18963252664100771,0.540312197173086,FALSE,FALSE
2010-08-11,Amundsen_Bellingshausen,3.894536814,-0.172280787456216,0.172280787456216,0.540312197173086,FALSE,FALSE
2010-08-12,Amundsen_Bellingshausen,3.930031468,-0.14082025354520145,0.14082025354520145,0.540312197173086,FALSE,FALSE
2010-08-13,Amundsen_Bellingshausen,3.981540992,-0.0934014206740037,0.0934014206740037,0.540312197173086,FALSE,FALSE
2010-08-14,Amundsen_Bellingshausen,4.036822254,-0.0423268336086684,0.0423268336086684,0.540312197173086,FALSE,FALSE
2010-08-15,Amundsen_Bellingshausen,4.052619627,-0.03091153211523512,0.03091153211523512,0.540312197173086,FALSE,FALSE
2010-08-16,Amundsen_Bellingshausen,4.072887037,-0.015258841320259,0.015258841320259,0.540312197173086,FALSE,FALSE
2010-08-17,Amundsen_Bellingshausen,4.116838177,0.02385192965228189,0.02385192965228189,0.540312197173086,FALSE,FALSE
2010-08-18,Amundsen_Bellingshausen,4.187567413,0.08959568272895702,0.08959568272895702,0.540312197173086,FALSE,FALSE
2010-08-19,Amundsen_Bellingshausen,4.214434954,0.1114171929116079,0.1114171929116079,0.540312197173086,FALSE,FALSE
2010-08-20,Amundsen_Bellingshausen,4.180009966,0.07197019220207146,0.07197019220207146,0.540312197173086,FALSE,FALSE
2010-08-21,Amundsen_Bellingshausen,4.12106594,0.00811273760217723,0.00811273760217723,0.540312197173086,FALSE,FALSE
2010-08-22,Amundsen_Bellingshausen,4.064891352,-0.0527821288862329,0.0527821288862329,0.540312197173086,FALSE,FALSE
2010-08-23,Amundsen_Bellingshausen,4.011906653,-0.1102093902613257,0.1102093902613257,0.540312197173086,FALSE,FALSE
2010-08-24,Amundsen_Bellingshausen,4.00058751,-0.12560881352126252,0.12560881352126252,0.540312197173086,FALSE,FALSE
2010-08-25,Amundsen_Bellingshausen,3.979056328,-0.15077342766420587,0.15077342766420587,0.540312197173086,FALSE,FALSE
2010-08-26,Amundsen_Bellingshausen,3.983448103,-0.14948367068832935,0.14948367068832935,0.540312197173086,FALSE,FALSE
2010-08-27,Amundsen_Bellingshausen,3.9727069,-0.16271091159178352,0.16271091159178352,0.540312197173086,FALSE,FALSE
2010-08-28,Amundsen_Bellingshausen,3.981340864,-0.15586243937274347,0.15586243937274347,0.540312197173086,FALSE,FALSE
2010-08-29,Amundsen_Bellingshausen,3.978789098,-0.1594295765063798,0.1594295765063798,0.540312197173086,FALSE,FALSE
2010-08-30,Amundsen_Bellingshausen,3.960938905,-0.17754655910775785,0.17754655910775785,0.540312197173086,FALSE,FALSE
2010-08-31,Amundsen_Bellingshausen,3.975597903,-0.16246154258898526,0.16246154258898526,0.540312197173086,FALSE,FALSE
2010-09-01,Amundsen_Bellingshausen,3.970905,-0.1660914537672591,0.1660914537672591,0.540312197173086,FALSE,FALSE
2010-09-02,Amundsen_Bellingshausen,3.959560246,-0.17579207745978165,0.17579207745978165,0.540312197173086,FALSE,FALSE
2010-09-03,Amundsen_Bellingshausen,3.958792318,-0.17439057148374504,0.17439057148374504,0.540312197173086,FALSE,FALSE
2010-09-04,Amundsen_Bellingshausen,3.954226949,-0.17631703765635054,0.17631703765635054,0.540312197173086,FALSE,FALSE
2010-09-05,Amundsen_Bellingshausen,3.990235517,-0.1372559327947953,0.1372559327947953,0.540312197173086,FALSE,FALSE
2010-09-06,Amundsen_Bellingshausen,4.059218949,-0.06486216471627682,0.06486216471627682,0.540312197173086,FALSE,FALSE
2010-09-07,Amundsen_Bellingshausen,4.092555183,-0.02781363023799254,0.02781363023799254,0.540312197173086,FALSE,FALSE
2010-09-08,Amundsen_Bellingshausen,4.139862833,0.02345244982285521,0.02345244982285521,0.540312197173086,FALSE,FALSE
2010-09-09,Amundsen_Bellingshausen,4.167229318,0.05496765964907268,0.05496765964907268,0.540312197173086,FALSE,FALSE
2010-09-10,Amundsen_Bellingshausen,4.1676046,0.05962638294943989,0.05962638294943989,0.540312197173086,FALSE,FALSE
2010-09-11,Amundsen_Bellingshausen,4.166349774,0.06275848886459734,0.06275848886459734,0.540312197173086,FALSE,FALSE
2010-09-12,Amundsen_Bellingshausen,4.158465295,0.05937727489228983,0.05937727489228983,0.540312197173086,FALSE,FALSE
2010-09-13,Amundsen_Bellingshausen,4.11877985,0.02432891054408426,0.02432891054408426,0.540312197173086,FALSE,FALSE
2010-09-14,Amundsen_Bellingshausen,4.058322314,-0.03134024666845381,0.03134024666845381,0.540312197173086,FALSE,FALSE
2010-09-15,Amundsen_Bellingshausen,4.013274713,-0.07143068823377074,0.07143068823377074,0.540312197173086,FALSE,FALSE
2010-09-16,Amundsen_Bellingshausen,3.955988132,-0.1235738466402978,0.1235738466402978,0.540312197173086,FALSE,FALSE
2010-09-17,Amundsen_Bellingshausen,3.943059418,-0.131155392376475,0.131155392376475,0.540312197173086,FALSE,FALSE
2010-09-18,Amundsen_Bellingshausen,3.904929043,-0.16371737093074137,0.16371737093074137,0.540312197173086,FALSE,FALSE
2010-09-19,Amundsen_Bellingshausen,3.85102917,-0.2118101367915304,0.2118101367915304,0.540312197173086,FALSE,FALSE
2010-09-20,Amundsen_Bellingshausen,3.792007923,-0.2647680834472794,0.2647680834472794,0.540312197173086,FALSE,FALSE
2010-09-21,Amundsen_Bellingshausen,3.761511764,-0.28892726638642996,0.28892726638642996,0.540312197173086,FALSE,FALSE
2010-09-22,Amundsen_Bellingshausen,3.765667744,-0.27814315209741913,0.27814315209741913,0.540312197173086,FALSE,FALSE
2010-09-23,Amundsen_Bellingshausen,3.753512543,-0.2833621591438704,0.2833621591438704,0.540312197173086,FALSE,FALSE
2010-09-24,Amundsen_Bellingshausen,3.755492673,-0.27412709515306233,0.27412709515306233,0.540312197173086,FALSE,FALSE
2010-09-25,Amundsen_Bellingshausen,3.762448409,-0.2595907785450917,0.2595907785450917,0.540312197173086,FALSE,FALSE
2010-09-26,Amundsen_Bellingshausen,3.765307104,-0.24881900269054613,0.24881900269054613,0.540312197173086,FALSE,FALSE
2010-09-27,Amundsen_Bellingshausen,3.796692593,-0.20918107896000349,0.20918107896000349,0.540312197173086,FALSE,FALSE
2010-09-28,Amundsen_Bellingshausen,3.790131224,-0.20714380572404736,0.20714380572404736,0.540312197173086,FALSE,FALSE
2010-09-29,Amundsen_Bellingshausen,3.777416882,-0.21090644435325823,0.21090644435325823,0.540312197173086,FALSE,FALSE
2010-09-30,Amundsen_Bellingshausen,3.755836584,-0.2231751242182205,0.2231751242182205,0.540312197173086,FALSE,FALSE
2010-10-01,Amundsen_Bellingshausen,3.73705383,-0.23227949168951145,0.23227949168951145,0.540312197173086,FALSE,FALSE
2010-10-02,Amundsen_Bellingshausen,3.712864782,-0.2464165311377151,0.2464165311377151,0.540312197173086,FALSE,FALSE
2010-10-03,Amundsen_Bellingshausen,3.689371714,-0.2594771149334121,0.2594771149334121,0.540312197173086,FALSE,FALSE
2010-10-04,Amundsen_Bellingshausen,3.668660882,-0.269368133447184,0.269368133447184,0.540312197173086,FALSE,FALSE
2010-10-05,Amundsen_Bellingshausen,3.659796014,-0.26701902015784773,0.26701902015784773,0.540312197173086,FALSE,FALSE
2010-10-06,Amundsen_Bellingshausen,3.664140437,-0.2510778849106914,0.2510778849106914,0.540312197173086,FALSE,FALSE
2010-10-07,Amundsen_Bellingshausen,3.659090153,-0.24421392044240164,0.24421392044240164,0.540312197173086,FALSE,FALSE
2010-10-08,Amundsen_Bellingshausen,3.653597719,-0.23754959938987863,0.23754959938987863,0.540312197173086,FALSE,FALSE
2010-10-09,Amundsen_Bellingshausen,3.615352777,-0.2634703093900259,0.2634703093900259,0.540312197173086,FALSE,FALSE
2010-10-10,Amundsen_Bellingshausen,3.570936166,-0.29547024107975073,0.29547024107975073,0.540312197173086,FALSE,FALSE
2010-10-11,Amundsen_Bellingshausen,3.547418346,-0.30655396409595337,0.30655396409595337,0.540312197173086,FALSE,FALSE
2010-10-12,Amundsen_Bellingshausen,3.522840143,-0.3187556820755377,0.3187556820755377,0.540312197173086,FALSE,FALSE
2010-10-13,Amundsen_Bellingshausen,3.502754937,-0.32659704465540784,0.32659704465540784,0.540312197173086,FALSE,FALSE
2010-10-14,Amundsen_Bellingshausen,3.484173342,-0.3331424674724648,0.3331424674724648,0.540312197173086,FALSE,FALSE
2010-10-15,Amundsen_Bellingshausen,3.511326834,-0.2942355041636153,0.2942355041636153,0.540312197173086,FALSE,FALSE
2010-10-16,Amundsen_Bellingshausen,3.516565455,-0.27760114236576205,0.27760114236576205,0.540312197173086,FALSE,FALSE
2010-10-17,Amundsen_Bellingshausen,3.51792431,-0.2652793067158066,0.2652793067158066,0.540312197173086,FALSE,FALSE
2010-10-18,Amundsen_Bellingshausen,3.502247465,-0.27049766841167777,0.27049766841167777,0.540312197173086,FALSE,FALSE
2010-10-19,Amundsen_Bellingshausen,3.477544554,-0.2852484002229958,0.2852484002229958,0.540312197173086,FALSE,FALSE
2010-10-20,Amundsen_Bellingshausen,3.424548594,-0.3287334373607296,0.3287334373607296,0.540312197173086,FALSE,FALSE
2010-10-21,Amundsen_Bellingshausen,3.387520706,-0.35662393416101823,0.35662393416101823,0.540312197173086,FALSE,FALSE
2010-10-22,Amundsen_Bellingshausen,3.334722145,-0.4005909109600028,0.4005909109600028,0.540312197173086,FALSE,FALSE
2010-10-23,Amundsen_Bellingshausen,3.314464173,-0.4122553810938192,0.4122553810938192,0.540312197173086,FALSE,FALSE
2010-10-24,Amundsen_Bellingshausen,3.296002906,-0.4222935038986111,0.4222935038986111,0.540312197173086,FALSE,FALSE
2010-10-25,Amundsen_Bellingshausen,3.284947008,-0.42502889071051575,0.42502889071051575,0.540312197173086,FALSE,FALSE
2010-10-26,Amundsen_Bellingshausen,3.288751731,-0.4129385648656734,0.4129385648656734,0.540312197173086,FALSE,FALSE
2010-10-27,Amundsen_Bellingshausen,3.303586657,-0.38978521970022184,0.38978521970022184,0.540312197173086,FALSE,FALSE
2010-10-28,Amundsen_Bellingshausen,3.292359595,-0.392593321550303,0.392593321550303,0.540312197173086,FALSE,FALSE
2010-10-29,Amundsen_Bellingshausen,3.296679551,-0.3796861397520552,0.3796861397520552,0.540312197173086,FALSE,FALSE
2010-10-30,Amundsen_Bellingshausen,3.29012109,-0.3774213846416172,0.3774213846416172,0.540312197173086,FALSE,FALSE
2010-10-31,Amundsen_Bellingshausen,3.270342244,-0.3880843250161496,0.3880843250161496,0.540312197173086,FALSE,FALSE
2010-11-01,Amundsen_Bellingshausen,3.278168221,-0.370847323386033,0.370847323386033,0.540312197173086,FALSE,FALSE
2010-11-02,Amundsen_Bellingshausen,3.277969033,-0.3613546078086865,0.3613546078086865,0.540312197173086,FALSE,FALSE
2010-11-03,Amundsen_Bellingshausen,3.273097551,-0.3562675518227496,0.3562675518227496,0.540312197173086,FALSE,FALSE
2010-11-04,Amundsen_Bellingshausen,3.240210309,-0.3789438659668565,0.3789438659668565,0.540312197173086,FALSE,FALSE
2010-11-05,Amundsen_Bellingshausen,3.252702099,-0.3560030027796435,0.3560030027796435,0.540312197173086,FALSE,FALSE
2010-11-06,Amundsen_Bellingshausen,3.247493193,-0.3505389347997441,0.3505389347997441,0.540312197173086,FALSE,FALSE
2010-11-07,Amundsen_Bellingshausen,3.215726426,-0.37142307156579735,0.37142307156579735,0.540312197173086,FALSE,FALSE
2010-11-08,Amundsen_Bellingshausen,3.17661401,-0.3994574456164357,0.3994574456164357,0.540312197173086,FALSE,FALSE
2010-11-09,Amundsen_Bellingshausen,3.146180054,-0.4186321924902936,0.4186321924902936,0.540312197173086,FALSE,FALSE
2010-11-10,Amundsen_Bellingshausen,3.14575317,-0.4076329447260081,0.4076329447260081,0.540312197173086,FALSE,FALSE
2010-11-11,Amundsen_Bellingshausen,3.133211637,-0.40859566786221535,0.40859566786221535,0.540312197173086,FALSE,FALSE
2010-11-12,Amundsen_Bellingshausen,3.126186598,-0.4039034842585183,0.4039034842585183,0.540312197173086,FALSE,FALSE
2010-11-13,Amundsen_Bellingshausen,3.111771217,-0.4064786470696369,0.4064786470696369,0.540312197173086,FALSE,FALSE
2010-11-14,Amundsen_Bellingshausen,3.088033142,-0.4182706568386956,0.4182706568386956,0.540312197173086,FALSE,FALSE
2010-11-15,Amundsen_Bellingshausen,3.081514095,-0.4127550829198299,0.4127550829198299,0.540312197173086,FALSE,FALSE
2010-11-16,Amundsen_Bellingshausen,3.072569543,-0.4095937496671822,0.4095937496671822,0.540312197173086,FALSE,FALSE
2010-11-17,Amundsen_Bellingshausen,3.059370701,-0.41063273343489026,0.41063273343489026,0.540312197173086,FALSE,FALSE
2010-11-18,Amundsen_Bellingshausen,3.028614403,-0.4291924915770946,0.4291924915770946,0.540312197173086,FALSE,FALSE
2010-11-19,Amundsen_Bellingshausen,3.003624355,-0.44196660944793287,0.44196660944793287,0.540312197173086,FALSE,FALSE
2010-11-20,Amundsen_Bellingshausen,2.952982516,-0.48039041940154714,0.48039041940154714,0.540312197173086,FALSE,FALSE
2010-11-21,Amundsen_Bellingshausen,2.948449287,-0.47272081179207515,0.47272081179207515,0.540312197173086,FALSE,FALSE
2010-11-22,Amundsen_Bellingshausen,2.946618211,-0.462381534973654,0.462381534973654,0.540312197173086,FALSE,FALSE
2010-11-23,Amundsen_Bellingshausen,2.916574135,-0.4803050333004269,0.4803050333004269,0.540312197173086,FALSE,FALSE
2010-11-24,Amundsen_Bellingshausen,2.898237024,-0.48658863312653144,0.48658863312653144,0.540312197173086,FALSE,FALSE
2010-11-25,Amundsen_Bellingshausen,2.88174782,-0.49110394550198766,0.49110394550198766,0.540312197173086,FALSE,FALSE
2010-11-26,Amundsen_Bellingshausen,2.86669296,-0.49423701069445913,0.49423701069445913,0.540312197173086,FALSE,FALSE
2010-11-27,Amundsen_Bellingshausen,2.845696781,-0.5033158178292636,0.5033158178292636,0.540312197173086,FALSE,FALSE
2010-11-28,Amundsen_Bellingshausen,2.835364284,-0.5016875393985107,0.5016875393985107,0.540312197173086,FALSE,FALSE
2010-11-29,Amundsen_Bellingshausen,2.822185574,-0.5028142438943233,0.5028142438943233,0.540312197173086,FALSE,FALSE
2010-11-30,Amundsen_Bellingshausen,2.791085885,-0.5217228708088149,0.5217228708088149,0.540312197173086,FALSE,FALSE
2010-12-01,Amundsen_Bellingshausen,2.766220631,-0.5342101796341034,0.5342101796341034,0.540312197173086,FALSE,FALSE
2010-12-02,Amundsen_Bellingshausen,2.751486624,-0.5363315318623045,0.5363315318623045,0.540312197173086,FALSE,FALSE
2010-12-03,Amundsen_Bellingshausen,2.702485467,-0.5724374979855362,0.5724374979855362,0.540312197173086,TRUE,TRUE
2010-12-04,Amundsen_Bellingshausen,2.68896586,-0.5727315514959117,0.5727315514959117,0.540312197173086,TRUE,TRUE
2010-12-05,Amundsen_Bellingshausen,2.674456196,-0.5736374728855513,0.5736374728855513,0.540312197173086,TRUE,TRUE
2010-12-06,Amundsen_Bellingshausen,2.657106977,-0.5769569336465685,0.5769569336465685,0.540312197173086,TRUE,TRUE
2010-12-07,Amundsen_Bellingshausen,2.663629125,-0.5559311145052654,0.5559311145052654,0.540312197173086,TRUE,TRUE
2010-12-08,Amundsen_Bellingshausen,2.649806529,-0.5547062612142399,0.5547062612142399,0.540312197173086,TRUE,TRUE
2010-12-09,Amundsen_Bellingshausen,2.640133648,-0.5486650708396881,0.5486650708396881,0.540312197173086,TRUE,TRUE
2010-12-10,Amundsen_Bellingshausen,2.62609089,-0.5461964653147167,0.5461964653147167,0.540312197173086,TRUE,TRUE
2010-12-11,Amundsen_Bellingshausen,2.605723522,-0.5491245075724298,0.5491245075724298,0.540312197173086,TRUE,TRUE
2010-12-12,Amundsen_Bellingshausen,2.587224745,-0.5491253265459366,0.5491253265459366,0.540312197173086,TRUE,TRUE
2010-12-13,Amundsen_Bellingshausen,2.55081397,-0.5658488411683367,0.5658488411683367,0.540312197173086,TRUE,TRUE
2010-12-14,Amundsen_Bellingshausen,2.518650388,-0.5770051903727431,0.5770051903727431,0.540312197173086,TRUE,TRUE
2010-12-15,Amundsen_Bellingshausen,2.526270311,-0.546927392092257,0.546927392092257,0.540312197173086,TRUE,TRUE
2010-12-16,Amundsen_Bellingshausen,2.525711039,-0.5234474762599848,0.5234474762599848,0.540312197173086,FALSE,FALSE
2010-12-17,Amundsen_Bellingshausen,2.472201137,-0.5512062078090327,0.5512062078090327,0.540312197173086,TRUE,TRUE
2010-12-18,Amundsen_Bellingshausen,2.446571643,-0.5492418786725062,0.5492418786725062,0.540312197173086,TRUE,TRUE
2010-12-19,Amundsen_Bellingshausen,2.420937053,-0.5453093227835111,0.5453093227835111,0.540312197173086,TRUE,TRUE
2010-12-20,Amundsen_Bellingshausen,2.345601332,-0.5889838499415951,0.5889838499415951,0.540312197173086,TRUE,TRUE
2010-12-21,Amundsen_Bellingshausen,2.312787247,-0.5880792154538681,0.5880792154538681,0.540312197173086,TRUE,TRUE
2010-12-22,Amundsen_Bellingshausen,2.277495077,-0.5877571808898523,0.5877571808898523,0.540312197173086,TRUE,TRUE
2010-12-23,Amundsen_Bellingshausen,2.237835697,-0.5900724096267549,0.5900724096267549,0.540312197173086,TRUE,TRUE
2010-12-24,Amundsen_Bellingshausen,2.174436646,-0.6145629010417943,0.6145629010417943,0.540312197173086,TRUE,TRUE
2010-12-25,Amundsen_Bellingshausen,2.092956523,-0.6557355945121826,0.6557355945121826,0.540312197173086,TRUE,TRUE
2010-12-26,Amundsen_Bellingshausen,2.010824178,-0.6963271784151308,0.6963271784151308,0.540312197173086,TRUE,TRUE
2010-12-27,Amundsen_Bellingshausen,1.992826793,-0.6717160091278507,0.6717160091278507,0.540312197173086,TRUE,TRUE
2010-12-28,Amundsen_Bellingshausen,1.966259515,-0.6547724780275601,0.6547724780275601,0.540312197173086,TRUE,TRUE
2010-12-29,Amundsen_Bellingshausen,1.906647872,-0.6701365954914709,0.6701365954914709,0.540312197173086,TRUE,TRUE
2010-12-30,Amundsen_Bellingshausen,1.794469902,-0.7374958618967895,0.7374958618967895,0.540312197173086,TRUE,TRUE
2010-12-31,Amundsen_Bellingshausen,1.756258174,-0.7304832466207363,0.7304832466207363,0.540312197173086,TRUE,TRUE
2011-01-01,Amundsen_Bellingshausen,1.711804392,-0.7294725840405243,0.7294725840405243,0.540312197173086,TRUE,TRUE
2011-01-02,Amundsen_Bellingshausen,1.672039556,-0.7236916545273289,0.7236916545273289,0.540312197173086,TRUE,TRUE
2011-01-03,Amundsen_Bellingshausen,1.632691954,-0.7175439184281884,0.7175439184281884,0.540312197173086,TRUE,TRUE
2011-01-04,Amundsen_Bellingshausen,1.583387908,-0.7215280440840959,0.7215280440840959,0.540312197173086,TRUE,TRUE
2011-01-05,Amundsen_Bellingshausen,1.578350441,-0.6815459988360613,0.6815459988360613,0.540312197173086,TRUE,TRUE
2011-01-06,Amundsen_Bellingshausen,1.566483971,-0.6488183550250792,0.6488183550250792,0.540312197173086,TRUE,TRUE
2011-01-07,Amundsen_Bellingshausen,1.559119978,-0.6121386229921546,0.6121386229921546,0.540312197173086,TRUE,TRUE
2011-01-08,Amundsen_Bellingshausen,1.546731232,-0.5811590230782864,0.5811590230782864,0.540312197173086,TRUE,TRUE
2011-01-09,Amundsen_Bellingshausen,1.513193844,-0.5721284346244748,0.5721284346244748,0.540312197173086,TRUE,TRUE
2011-01-10,Amundsen_Bellingshausen,1.459450985,-0.5842286769717193,0.5842286769717193,0.540312197173086,TRUE,TRUE
2011-01-11,Amundsen_Bellingshausen,1.430272939,-0.5728144564610225,0.5728144564610225,0.540312197173086,TRUE,TRUE
2011-01-12,Amundsen_Bellingshausen,1.403409578,-0.5602608914333844,0.5602608914333844,0.540312197173086,TRUE,TRUE
2011-01-13,Amundsen_Bellingshausen,1.387895188,-0.5376586862298038,0.5376586862298038,0.540312197173086,FALSE,FALSE
2011-01-14,Amundsen_Bellingshausen,1.376221394,-0.5126392503769015,0.5126392503769015,0.540312197173086,FALSE,FALSE
2011-01-15,Amundsen_Bellingshausen,1.337357882,-0.5162857483190444,0.5162857483190444,0.540312197173086,FALSE,FALSE
2011-01-16,Amundsen_Bellingshausen,1.33831711,-0.481550646872952,0.481550646872952,0.540312197173086,FALSE,FALSE
2011-01-17,Amundsen_Bellingshausen,1.334470002,-0.45302238614002266,0.45302238614002266,0.540312197173086,FALSE,FALSE
2011-01-18,Amundsen_Bellingshausen,1.311923081,-0.4445538072216575,0.4445538072216575,0.540312197173086,FALSE,FALSE
2011-01-19,Amundsen_Bellingshausen,1.293922436,-0.4328581852192557,0.4328581852192557,0.540312197173086,FALSE,FALSE
2011-01-20,Amundsen_Bellingshausen,1.268410069,-0.4299528822342189,0.4299528822342189,0.540312197173086,FALSE,FALSE
2011-01-21,Amundsen_Bellingshausen,1.247609629,-0.4235736133679453,0.4235736133679453,0.540312197173086,FALSE,FALSE
2011-01-22,Amundsen_Bellingshausen,1.249522959,-0.395677899721836,0.395677899721836,0.540312197173086,FALSE,FALSE
2011-01-23,Amundsen_Bellingshausen,1.244004718,-0.3763704463972919,0.3763704463972919,0.540312197173086,FALSE,FALSE
2011-01-24,Amundsen_Bellingshausen,1.231066845,-0.3655986784957108,0.3655986784957108,0.540312197173086,FALSE,FALSE
2011-01-25,Amundsen_Bellingshausen,1.223773555,-0.35025774511849517,0.35025774511849517,0.540312197173086,FALSE,FALSE
2011-01-26,Amundsen_Bellingshausen,1.217090162,-0.33534169636704325,0.33534169636704325,0.540312197173086,FALSE,FALSE
2011-01-27,Amundsen_Bellingshausen,1.221254969,-0.3105737974676446,0.3105737974676446,0.540312197173086,FALSE,FALSE
2011-01-28,Amundsen_Bellingshausen,1.220556507,-0.2916420063794516,0.2916420063794516,0.540312197173086,FALSE,FALSE
2011-01-29,Amundsen_Bellingshausen,1.224821607,-0.2687021680452768,0.2687021680452768,0.540312197173086,FALSE,FALSE
2011-01-30,Amundsen_Bellingshausen,1.221020432,-0.25476681533817724,0.25476681533817724,0.540312197173086,FALSE,FALSE
2011-01-31,Amundsen_Bellingshausen,1.21531197,-0.24365965613120388,0.24365965613120388,0.540312197173086,FALSE,FALSE
2011-02-01,Amundsen_Bellingshausen,1.221914762,-0.22114484529741052,0.22114484529741052,0.540312197173086,FALSE,FALSE
2011-02-02,Amundsen_Bellingshausen,1.216468227,-0.21156565970985097,0.21156565970985097,0.540312197173086,FALSE,FALSE
2011-02-03,Amundsen_Bellingshausen,1.211263677,-0.20261348324157735,0.20261348324157735,0.540312197173086,FALSE,FALSE
2011-02-04,Amundsen_Bellingshausen,1.196698639,-0.20387348476564204,0.20387348476564204,0.540312197173086,FALSE,FALSE
2011-02-05,Amundsen_Bellingshausen,1.181882825,-0.20621864815510096,0.20621864815510096,0.540312197173086,FALSE,FALSE
2011-02-06,Amundsen_Bellingshausen,1.170645645,-0.20580225928300488,0.20580225928300488,0.540312197173086,FALSE,FALSE
2011-02-07,Amundsen_Bellingshausen,1.170350942,-0.1952431710224072,0.1952431710224072,0.540312197173086,FALSE,FALSE
2011-02-08,Amundsen_Bellingshausen,1.170832902,-0.18468997882079652,0.18468997882079652,0.540312197173086,FALSE,FALSE
2011-02-09,Amundsen_Bellingshausen,1.169318814,-0.17690947294670756,0.17690947294670756,0.540312197173086,FALSE,FALSE
2011-02-10,Amundsen_Bellingshausen,1.173487917,-0.16423896232132074,0.16423896232132074,0.540312197173086,FALSE,FALSE
2011-02-11,Amundsen_Bellingshausen,1.157376929,-0.17266093341555622,0.17266093341555622,0.540312197173086,FALSE,FALSE
2011-02-12,Amundsen_Bellingshausen,1.148435912,-0.17474452870033574,0.17474452870033574,0.540312197173086,FALSE,FALSE
2011-02-13,Amundsen_Bellingshausen,1.150828731,-0.16634508764658085,0.16634508764658085,0.540312197173086,FALSE,FALSE
2011-02-14,Amundsen_Bellingshausen,1.14285267,-0.1691845307252111,0.1691845307252111,0.540312197173086,FALSE,FALSE
2011-02-15,Amundsen_Bellingshausen,1.138032567,-0.1697572244071488,0.1697572244071488,0.540312197173086,FALSE,FALSE
2011-02-16,Amundsen_Bellingshausen,1.143760558,-0.16069023716331587,0.16069023716331587,0.540312197173086,FALSE,FALSE
2011-02-17,Amundsen_Bellingshausen,1.151097198,-0.15094221846463118,0.15094221846463118,0.540312197173086,FALSE,FALSE
2011-02-18,Amundsen_Bellingshausen,1.148317916,-0.15225694378201693,0.15225694378201693,0.540312197173086,FALSE,FALSE
2011-02-19,Amundsen_Bellingshausen,1.147685176,-0.15239115358639577,0.15239115358639577,0.540312197173086,FALSE,FALSE
2011-02-20,Amundsen_Bellingshausen,1.135811168,-0.16475186234868633,0.16475186234868633,0.540312197173086,FALSE,FALSE
2011-02-21,Amundsen_Bellingshausen,1.137776164,-0.16427467960350484,0.16427467960350484,0.540312197173086,FALSE,FALSE
2011-02-22,Amundsen_Bellingshausen,1.155266354,-0.1492490108245781,0.1492490108245781,0.540312197173086,FALSE,FALSE
2011-02-23,Amundsen_Bellingshausen,1.184931571,-0.12297381843991896,0.12297381843991896,0.540312197173086,FALSE,FALSE
2011-02-24,Amundsen_Bellingshausen,1.202485149,-0.10968407941386205,0.10968407941386205,0.540312197173086,FALSE,FALSE
2011-02-25,Amundsen_Bellingshausen,1.192547934,-0.12470725871075006,0.12470725871075006,0.540312197173086,FALSE,FALSE
2011-02-26,Amundsen_Bellingshausen,1.195705766,-0.12740582729492145,0.12740582729492145,0.540312197173086,FALSE,FALSE
2011-02-27,Amundsen_Bellingshausen,1.205588712,-0.12409802913071566,0.12409802913071566,0.540312197173086,FALSE,FALSE
2011-02-28,Amundsen_Bellingshausen,1.213813146,-0.1231158011824709,0.1231158011824709,0.540312197173086,FALSE,FALSE
2011-03-01,Amundsen_Bellingshausen,1.205111016,-0.13967550641452764,0.13967550641452764,0.540312197173086,FALSE,FALSE
2011-03-02,Amundsen_Bellingshausen,1.183882355,-0.1693254227912253,0.1693254227912253,0.540312197173086,FALSE,FALSE
2011-03-03,Amundsen_Bellingshausen,1.186321815,-0.1758192092769033,0.1758192092769033,0.540312197173086,FALSE,FALSE
2011-03-04,Amundsen_Bellingshausen,1.198437904,-0.17309666883589991,0.17309666883589991,0.540312197173086,FALSE,FALSE
2011-03-05,Amundsen_Bellingshausen,1.202778835,-0.17855790275963224,0.17855790275963224,0.540312197173086,FALSE,FALSE
2011-03-06,Amundsen_Bellingshausen,1.186010804,-0.20549740564969943,0.20549740564969943,0.540312197173086,FALSE,FALSE
2011-03-07,Amundsen_Bellingshausen,1.208559025,-0.1934909466724979,0.1934909466724979,0.540312197173086,FALSE,FALSE
2011-03-08,Amundsen_Bellingshausen,1.232677213,-0.18029397985125015,0.18029397985125015,0.540312197173086,FALSE,FALSE
2011-03-09,Amundsen_Bellingshausen,1.245386214,-0.17889482820918046,0.17889482820918046,0.540312197173086,FALSE,FALSE
2011-03-10,Amundsen_Bellingshausen,1.258349625,-0.17763906376951133,0.17763906376951133,0.540312197173086,FALSE,FALSE
2011-03-11,Amundsen_Bellingshausen,1.283375947,-0.16472735455546617,0.16472735455546617,0.540312197173086,FALSE,FALSE
2011-03-12,Amundsen_Bellingshausen,1.2923653960000001,-0.1682686535902682,0.1682686535902682,0.540312197173086,FALSE,FALSE
2011-03-13,Amundsen_Bellingshausen,1.317626776,-0.15596332589714337,0.15596332589714337,0.540312197173086,FALSE,FALSE
2011-03-14,Amundsen_Bellingshausen,1.345413889,-0.14156673849931112,0.14156673849931112,0.540312197173086,FALSE,FALSE
2011-03-15,Amundsen_Bellingshausen,1.363518941,-0.1372958544199967,0.1372958544199967,0.540312197173086,FALSE,FALSE
2011-03-16,Amundsen_Bellingshausen,1.400297925,-0.11480384968242484,0.11480384968242484,0.540312197173086,FALSE,FALSE
2011-03-17,Amundsen_Bellingshausen,1.426066074,-0.1037846603098167,0.1037846603098167,0.540312197173086,FALSE,FALSE
2011-03-18,Amundsen_Bellingshausen,1.431322913,-0.11374743954343812,0.11374743954343812,0.540312197173086,FALSE,FALSE
2011-03-19,Amundsen_Bellingshausen,1.427571132,-0.1331859184166797,0.1331859184166797,0.540312197173086,FALSE,FALSE
2011-03-20,Amundsen_Bellingshausen,1.427299689,-0.1495947388208303,0.1495947388208303,0.540312197173086,FALSE,FALSE
2011-03-21,Amundsen_Bellingshausen,1.431756218,-0.16170926300683308,0.16170926300683308,0.540312197173086,FALSE,FALSE
2011-03-22,Amundsen_Bellingshausen,1.416435856,-0.1940173502256324,0.1940173502256324,0.540312197173086,FALSE,FALSE
2011-03-23,Amundsen_Bellingshausen,1.419721568,-0.20811903172817203,0.20811903172817203,0.540312197173086,FALSE,FALSE
2011-03-24,Amundsen_Bellingshausen,1.43718861,-0.20842204776539264,0.20842204776539264,0.540312197173086,FALSE,FALSE
2011-03-25,Amundsen_Bellingshausen,1.445007599,-0.2187387775882403,0.2187387775882403,0.540312197173086,FALSE,FALSE
2011-03-26,Amundsen_Bellingshausen,1.462685287,-0.21954546544765785,0.21954546544765785,0.540312197173086,FALSE,FALSE
2011-03-27,Amundsen_Bellingshausen,1.487202788,-0.21384399359458703,0.21384399359458703,0.540312197173086,FALSE,FALSE
2011-03-28,Amundsen_Bellingshausen,1.500120934,-0.2200565262799732,0.2200565262799732,0.540312197173086,FALSE,FALSE
2011-03-29,Amundsen_Bellingshausen,1.495267574,-0.24433821075475912,0.24433821075475912,0.540312197173086,FALSE,FALSE
2011-03-30,Amundsen_Bellingshausen,1.499201683,-0.2601130682698882,0.2601130682698882,0.540312197173086,FALSE,FALSE
2011-03-31,Amundsen_Bellingshausen,1.508159034,-0.27113128170334777,0.27113128170334777,0.540312197173086,FALSE,FALSE
2011-04-01,Amundsen_Bellingshausen,1.513363133,-0.2861714783528908,0.2861714783528908,0.540312197173086,FALSE,FALSE
2011-04-02,Amundsen_Bellingshausen,1.524503816,-0.29555145514185033,0.29555145514185033,0.540312197173086,FALSE,FALSE
2011-04-03,Amundsen_Bellingshausen,1.558253711,-0.28260622154010173,0.28260622154010173,0.540312197173086,FALSE,FALSE
2011-04-04,Amundsen_Bellingshausen,1.583632799,-0.2783234340175178,0.2783234340175178,0.540312197173086,FALSE,FALSE
2011-04-05,Amundsen_Bellingshausen,1.584097992,-0.299253818043973,0.299253818043973,0.540312197173086,FALSE,FALSE
2011-04-06,Amundsen_Bellingshausen,1.581069334,-0.32398496708933533,0.32398496708933533,0.540312197173086,FALSE,FALSE
2011-04-07,Amundsen_Bellingshausen,1.606203606,-0.3208677376234821,0.3208677376234821,0.540312197173086,FALSE,FALSE
2011-04-08,Amundsen_Bellingshausen,1.639942151,-0.3094684241162824,0.3094684241162824,0.540312197173086,FALSE,FALSE
2011-04-09,Amundsen_Bellingshausen,1.672099337,-0.29998029603761167,0.29998029603761167,0.540312197173086,FALSE,FALSE
2011-04-10,Amundsen_Bellingshausen,1.687071202,-0.30801495285734237,0.30801495285734237,0.540312197173086,FALSE,FALSE
2011-04-11,Amundsen_Bellingshausen,1.723737617,-0.2947001610453468,0.2947001610453468,0.540312197173086,FALSE,FALSE
2011-04-12,Amundsen_Bellingshausen,1.773945258,-0.2681968329647302,0.2681968329647302,0.540312197173086,FALSE,FALSE
2011-04-13,Amundsen_Bellingshausen,1.825190958,-0.24101222412790269,0.24101222412790269,0.540312197173086,FALSE,FALSE
2011-04-14,Amundsen_Bellingshausen,1.85723237,-0.233387000574788,0.233387000574788,0.540312197173086,FALSE,FALSE
2011-04-15,Amundsen_Bellingshausen,1.881150213,-0.2342382234507474,0.2342382234507474,0.540312197173086,FALSE,FALSE
2011-04-16,Amundsen_Bellingshausen,1.942668738,-0.1978394219011532,0.1978394219011532,0.540312197173086,FALSE,FALSE
2011-04-17,Amundsen_Bellingshausen,1.993270354,-0.17270596707136776,0.17270596707136776,0.540312197173086,FALSE,FALSE
2011-04-18,Amundsen_Bellingshausen,2.003824928,-0.1879657721067569,0.1879657721067569,0.540312197173086,FALSE,FALSE
2011-04-19,Amundsen_Bellingshausen,2.021897847,-0.19605123015268863,0.19605123015268863,0.540312197173086,FALSE,FALSE
2011-04-20,Amundsen_Bellingshausen,2.042387367,-0.20206186535452897,0.20206186535452897,0.540312197173086,FALSE,FALSE
2011-04-21,Amundsen_Bellingshausen,2.094234207,-0.17705473885764444,0.17705473885764444,0.540312197173086,FALSE,FALSE
2011-04-22,Amundsen_Bellingshausen,2.114851687,-0.18361431080739976,0.18361431080739976,0.540312197173086,FALSE,FALSE
2011-04-23,Amundsen_Bellingshausen,2.112830513,-0.21314765534916091,0.21314765534916091,0.540312197173086,FALSE,FALSE
2011-04-24,Amundsen_Bellingshausen,2.092275042,-0.26154819562829656,0.26154819562829656,0.540312197173086,FALSE,FALSE
2011-04-25,Amundsen_Bellingshausen,2.079913212,-0.30208143262223386,0.30208143262223386,0.540312197173086,FALSE,FALSE
2011-04-26,Amundsen_Bellingshausen,2.112014064,-0.29843053422882004,0.29843053422882004,0.540312197173086,FALSE,FALSE
2011-04-27,Amundsen_Bellingshausen,2.155913251,-0.2831892723627947,0.2831892723627947,0.540312197173086,FALSE,FALSE
2011-04-28,Amundsen_Bellingshausen,2.18936214,-0.2785354649347913,0.2785354649347913,0.540312197173086,FALSE,FALSE
2011-04-29,Amundsen_Bellingshausen,2.211183711,-0.2855753168554487,0.2855753168554487,0.540312197173086,FALSE,FALSE
2011-04-30,Amundsen_Bellingshausen,2.253144823,-0.27247115403540567,0.27247115403540567,0.540312197173086,FALSE,FALSE
2011-05-01,Amundsen_Bellingshausen,2.302219067,-0.25217857038529967,0.25217857038529967,0.540312197173086,FALSE,FALSE
2011-05-02,Amundsen_Bellingshausen,2.34196328,-0.24106991381576703,0.24106991381576703,0.540312197173086,FALSE,FALSE
2011-05-03,Amundsen_Bellingshausen,2.363320308,-0.24813152323744436,0.24813152323744436,0.540312197173086,FALSE,FALSE
2011-05-04,Amundsen_Bellingshausen,2.375099558,-0.264483176560967,0.264483176560967,0.540312197173086,FALSE,FALSE
2011-05-05,Amundsen_Bellingshausen,2.389835368,-0.2775197206969766,0.2775197206969766,0.540312197173086,FALSE,FALSE
2011-05-06,Amundsen_Bellingshausen,2.428172365,-0.2665257135561063,0.2665257135561063,0.540312197173086,FALSE,FALSE
2011-05-07,Amundsen_Bellingshausen,2.466516161,-0.2550247670321233,0.2550247670321233,0.540312197173086,FALSE,FALSE
2011-05-08,Amundsen_Bellingshausen,2.508199795,-0.2396347997208994,0.2396347997208994,0.540312197173086,FALSE,FALSE
2011-05-09,Amundsen_Bellingshausen,2.52217127,-0.25141660986863945,0.25141660986863945,0.540312197173086,FALSE,FALSE
2011-05-10,Amundsen_Bellingshausen,2.54896832,-0.2498507820864,0.2498507820864,0.540312197173086,FALSE,FALSE
2011-05-11,Amundsen_Bellingshausen,2.614034456,-0.2095121239852431,0.2095121239852431,0.540312197173086,FALSE,FALSE
2011-05-12,Amundsen_Bellingshausen,2.676832078,-0.17095655417622657,0.17095655417622657,0.540312197173086,FALSE,FALSE
2011-05-13,Amundsen_Bellingshausen,2.722866866,-0.14869671127040807,0.14869671127040807,0.540312197173086,FALSE,FALSE
2011-05-14,Amundsen_Bellingshausen,2.770195431,-0.12469430287885164,0.12469430287885164,0.540312197173086,FALSE,FALSE
2011-05-15,Amundsen_Bellingshausen,2.795946714,-0.12183870661261408,0.12183870661261408,0.540312197173086,FALSE,FALSE
2011-05-16,Amundsen_Bellingshausen,2.7901608,-0.15010815608275374,0.15010815608275374,0.540312197173086,FALSE,FALSE
2011-05-17,Amundsen_Bellingshausen,2.762265068,-0.20009359090033296,0.20009359090033296,0.540312197173086,FALSE,FALSE
2011-05-18,Amundsen_Bellingshausen,2.732233275,-0.25183957267640933,0.25183957267640933,0.540312197173086,FALSE,FALSE
2011-05-19,Amundsen_Bellingshausen,2.721561264,-0.28386857702204304,0.28386857702204304,0.540312197173086,FALSE,FALSE
2011-05-20,Amundsen_Bellingshausen,2.735383479,-0.29106441693895535,0.29106441693895535,0.540312197173086,FALSE,FALSE
2011-05-21,Amundsen_Bellingshausen,2.738787133,-0.3083570122239201,0.3083570122239201,0.540312197173086,FALSE,FALSE
2011-05-22,Amundsen_Bellingshausen,2.775057381,-0.2924773584740743,0.2924773584740743,0.540312197173086,FALSE,FALSE
2011-05-23,Amundsen_Bellingshausen,2.830681544,-0.2569542522407269,0.2569542522407269,0.540312197173086,FALSE,FALSE
2011-05-24,Amundsen_Bellingshausen,2.863311542,-0.2441518910751812,0.2441518910751812,0.540312197173086,FALSE,FALSE
2011-05-25,Amundsen_Bellingshausen,2.894656968,-0.23237679952874668,0.23237679952874668,0.540312197173086,FALSE,FALSE
2011-05-26,Amundsen_Bellingshausen,2.904327513,-0.24203540415273084,0.24203540415273084,0.540312197173086,FALSE,FALSE
2011-05-27,Amundsen_Bellingshausen,2.892349591,-0.2731174084984409,0.2731174084984409,0.540312197173086,FALSE,FALSE
2011-05-28,Amundsen_Bellingshausen,2.87817387,-0.30618826211718275,0.30618826211718275,0.540312197173086,FALSE,FALSE
2011-05-29,Amundsen_Bellingshausen,2.884060027,-0.31900440556026366,0.31900440556026366,0.540312197173086,FALSE,FALSE
2011-05-30,Amundsen_Bellingshausen,2.912065726,-0.3095242923789927,0.3095242923789927,0.540312197173086,FALSE,FALSE
2011-05-31,Amundsen_Bellingshausen,2.906650827,-0.3333041801246761,0.3333041801246761,0.540312197173086,FALSE,FALSE
2011-06-01,Amundsen_Bellingshausen,2.90402002,-0.35415549634862176,0.35415549634862176,0.540312197173086,FALSE,FALSE
2011-06-02,Amundsen_Bellingshausen,2.905221669,-0.3710378263327412,0.3710378263327412,0.540312197173086,FALSE,FALSE
2011-06-03,Amundsen_Bellingshausen,2.936969375,-0.35720928171011934,0.35720928171011934,0.540312197173086,FALSE,FALSE
2011-06-04,Amundsen_Bellingshausen,2.957636925,-0.3542577429880871,0.3542577429880871,0.540312197173086,FALSE,FALSE
2011-06-05,Amundsen_Bellingshausen,2.995409207,-0.3339599893018743,0.3339599893018743,0.540312197173086,FALSE,FALSE
2011-06-06,Amundsen_Bellingshausen,3.03305444,-0.3135094687867155,0.3135094687867155,0.540312197173086,FALSE,FALSE
2011-06-07,Amundsen_Bellingshausen,3.065004169,-0.298436303577843,0.298436303577843,0.540312197173086,FALSE,FALSE
2011-06-08,Amundsen_Bellingshausen,3.102512354,-0.2774482008104875,0.2774482008104875,0.540312197173086,FALSE,FALSE
2011-06-09,Amundsen_Bellingshausen,3.146477681,-0.24960814161988365,0.24960814161988365,0.540312197173086,FALSE,FALSE
2011-06-10,Amundsen_Bellingshausen,3.159844159,-0.251933784141261,0.251933784141261,0.540312197173086,FALSE,FALSE
2011-06-11,Amundsen_Bellingshausen,3.179143687,-0.24785489650985637,0.24785489650985637,0.540312197173086,FALSE,FALSE
2011-06-12,Amundsen_Bellingshausen,3.165158565,-0.27655084586090073,0.27655084586090073,0.540312197173086,FALSE,FALSE
2011-06-13,Amundsen_Bellingshausen,3.134547183,-0.3213249093296242,0.3213249093296242,0.540312197173086,FALSE,FALSE
2011-06-14,Amundsen_Bellingshausen,3.139241191,-0.3302081277767597,0.3302081277767597,0.540312197173086,FALSE,FALSE
2011-06-15,Amundsen_Bellingshausen,3.146160065,-0.33628884612859755,0.33628884612859755,0.540312197173086,FALSE,FALSE
2011-06-16,Amundsen_Bellingshausen,3.175257253,-0.3196833492452287,0.3196833492452287,0.540312197173086,FALSE,FALSE
2011-06-17,Amundsen_Bellingshausen,3.201559997,-0.30543861361191427,0.30543861361191427,0.540312197173086,FALSE,FALSE
2011-06-18,Amundsen_Bellingshausen,3.234931842,-0.28376531271391503,0.28376531271391503,0.540312197173086,FALSE,FALSE
2011-06-19,Amundsen_Bellingshausen,3.24537283,-0.2847376230364884,0.2847376230364884,0.540312197173086,FALSE,FALSE
2011-06-20,Amundsen_Bellingshausen,3.233987001,-0.3073257230648956,0.3073257230648956,0.540312197173086,FALSE,FALSE
2011-06-21,Amundsen_Bellingshausen,3.220722973,-0.33165521328439374,0.33165521328439374,0.540312197173086,FALSE,FALSE
2011-06-22,Amundsen_Bellingshausen,3.212065131,-0.3513159271802442,0.3513159271802442,0.540312197173086,FALSE,FALSE
2011-06-23,Amundsen_Bellingshausen,3.22715821,-0.34723734823770513,0.34723734823770513,0.540312197173086,FALSE,FALSE
2011-06-24,Amundsen_Bellingshausen,3.23841489,-0.3470810149420376,0.3470810149420376,0.540312197173086,FALSE,FALSE
2011-06-25,Amundsen_Bellingshausen,3.226008649,-0.3707476677784989,0.3707476677784989,0.540312197173086,FALSE,FALSE
2011-06-26,Amundsen_Bellingshausen,3.220918807,-0.38733220523235135,0.38733220523235135,0.540312197173086,FALSE,FALSE
2011-06-27,Amundsen_Bellingshausen,3.206255986,-0.41378911335060575,0.41378911335060575,0.540312197173086,FALSE,FALSE
2011-06-28,Amundsen_Bellingshausen,3.183998767,-0.44813607610536144,0.44813607610536144,0.540312197173086,FALSE,FALSE
2011-06-29,Amundsen_Bellingshausen,3.183921443,-0.4605636083616895,0.4605636083616895,0.540312197173086,FALSE,FALSE
2011-06-30,Amundsen_Bellingshausen,3.192573873,-0.4644864972476146,0.4644864972476146,0.540312197173086,FALSE,FALSE
2011-07-01,Amundsen_Bellingshausen,3.197134216,-0.4726912298911592,0.4726912298911592,0.540312197173086,FALSE,FALSE
2011-07-02,Amundsen_Bellingshausen,3.199509862,-0.4832350624203477,0.4832350624203477,0.540312197173086,FALSE,FALSE
2011-07-03,Amundsen_Bellingshausen,3.232775473,-0.4630079789632045,0.4630079789632045,0.540312197173086,FALSE,FALSE
2011-07-04,Amundsen_Bellingshausen,3.24804633,-0.4608593446477496,0.4608593446477496,0.540312197173086,FALSE,FALSE
2011-07-05,Amundsen_Bellingshausen,3.252633237,-0.4694430016020128,0.4694430016020128,0.540312197173086,FALSE,FALSE
2011-07-06,Amundsen_Bellingshausen,3.289060623,-0.4461991669540129,0.4461991669540129,0.540312197173086,FALSE,FALSE
2011-07-07,Amundsen_Bellingshausen,3.304634345,-0.4437866298317732,0.4437866298317732,0.540312197173086,FALSE,FALSE
2011-07-08,Amundsen_Bellingshausen,3.338494091,-0.4230303483633202,0.4230303483633202,0.540312197173086,FALSE,FALSE
2011-07-09,Amundsen_Bellingshausen,3.383009316,-0.3915255499900891,0.3915255499900891,0.540312197173086,FALSE,FALSE
2011-07-10,Amundsen_Bellingshausen,3.460792186,-0.326631813944517,0.326631813944517,0.540312197173086,FALSE,FALSE
2011-07-11,Amundsen_Bellingshausen,3.527218145,-0.2729608981966596,0.2729608981966596,0.540312197173086,FALSE,FALSE
2011-07-12,Amundsen_Bellingshausen,3.539181419,-0.27360782420413843,0.27360782420413843,0.540312197173086,FALSE,FALSE
2011-07-13,Amundsen_Bellingshausen,3.543387009,-0.28185683842457676,0.28185683842457676,0.540312197173086,FALSE,FALSE
2011-07-14,Amundsen_Bellingshausen,3.551604035,-0.28592806831559203,0.28592806831559203,0.540312197173086,FALSE,FALSE
2011-07-15,Amundsen_Bellingshausen,3.556356381,-0.2932868773348054,0.2932868773348054,0.540312197173086,FALSE,FALSE
2011-07-16,Amundsen_Bellingshausen,3.555849886,-0.30571667393984203,0.30571667393984203,0.540312197173086,FALSE,FALSE
2011-07-17,Amundsen_Bellingshausen,3.605704185,-0.2675870705883203,0.2675870705883203,0.540312197173086,FALSE,FALSE
2011-07-18,Amundsen_Bellingshausen,3.63408601,-0.2507205827378578,0.2507205827378578,0.540312197173086,FALSE,FALSE
2011-07-19,Amundsen_Bellingshausen,3.628491277,-0.2676105418460817,0.2676105418460817,0.540312197173086,FALSE,FALSE
2011-07-20,Amundsen_Bellingshausen,3.637172904,-0.2699932773706135,0.2699932773706135,0.540312197173086,FALSE,FALSE
2011-07-21,Amundsen_Bellingshausen,3.649737013,-0.26825191476906873,0.26825191476906873,0.540312197173086,FALSE,FALSE
2011-07-22,Amundsen_Bellingshausen,3.631251733,-0.2973072925449953,0.2973072925449953,0.540312197173086,FALSE,FALSE
2011-07-23,Amundsen_Bellingshausen,3.607176224,-0.3316853541924467,0.3316853541924467,0.540312197173086,FALSE,FALSE
2011-07-24,Amundsen_Bellingshausen,3.688047984,-0.2608308885756103,0.2608308885756103,0.540312197173086,FALSE,FALSE
2011-07-25,Amundsen_Bellingshausen,3.772768788,-0.1858243436665492,0.1858243436665492,0.540312197173086,FALSE,FALSE
2011-07-26,Amundsen_Bellingshausen,3.826678707,-0.1413078714373257,0.1413078714373257,0.540312197173086,FALSE,FALSE
2011-07-27,Amundsen_Bellingshausen,3.883250553,-0.09379088285999782,0.09379088285999782,0.540312197173086,FALSE,FALSE
2011-07-28,Amundsen_Bellingshausen,3.948270948,-0.03746897890663669,0.03746897890663669,0.540312197173086,FALSE,FALSE
2011-07-29,Amundsen_Bellingshausen,3.99320661,-8.576645492968105e-4,8.576645492968105e-4,0.540312197173086,FALSE,FALSE
2011-07-30,Amundsen_Bellingshausen,4.013868449,0.01187174723995099,0.01187174723995099,0.540312197173086,FALSE,FALSE
2011-07-31,Amundsen_Bellingshausen,4.043204469,0.03368503748905116,0.03368503748905116,0.540312197173086,FALSE,FALSE
2011-08-01,Amundsen_Bellingshausen,4.071829446,0.0552147592259411,0.0552147592259411,0.540312197173086,FALSE,FALSE
2011-08-02,Amundsen_Bellingshausen,4.10395189,0.08068719947855385,0.08068719947855385,0.540312197173086,FALSE,FALSE
2011-08-03,Amundsen_Bellingshausen,4.138823387,0.1093717207473386,0.1093717207473386,0.540312197173086,FALSE,FALSE
2011-08-04,Amundsen_Bellingshausen,4.191376535,0.15620445739936262,0.15620445739936262,0.540312197173086,FALSE,FALSE
2011-08-05,Amundsen_Bellingshausen,4.239284986,0.19881122813990704,0.19881122813990704,0.540312197173086,FALSE,FALSE
2011-08-06,Amundsen_Bellingshausen,4.288748478,0.24333235820293364,0.24333235820293364,0.540312197173086,FALSE,FALSE
2011-08-07,Amundsen_Bellingshausen,4.311003114,0.26094453782239757,0.26094453782239757,0.540312197173086,FALSE,FALSE
2011-08-08,Amundsen_Bellingshausen,4.323284743,0.26882420323225986,0.26882420323225986,0.540312197173086,FALSE,FALSE
2011-08-09,Amundsen_Bellingshausen,4.340711046,0.2820296226664718,0.2820296226664718,0.540312197173086,FALSE,FALSE
2011-08-10,Amundsen_Bellingshausen,4.328082772,0.26530213235899236,0.26530213235899236,0.540312197173086,FALSE,FALSE
2011-08-11,Amundsen_Bellingshausen,4.288005672,0.2211880705437839,0.2211880705437839,0.540312197173086,FALSE,FALSE
2011-08-12,Amundsen_Bellingshausen,4.266677361,0.19582563945479856,0.19582563945479856,0.540312197173086,FALSE,FALSE
2011-08-13,Amundsen_Bellingshausen,4.314960037,0.24001762432599616,0.24001762432599616,0.540312197173086,FALSE,FALSE
2011-08-14,Amundsen_Bellingshausen,4.359588228,0.2804391403913318,0.2804391403913318,0.540312197173086,FALSE,FALSE
2011-08-15,Amundsen_Bellingshausen,4.406023994,0.32249283488476443,0.32249283488476443,0.540312197173086,FALSE,FALSE
2011-08-16,Amundsen_Bellingshausen,4.456471967,0.3683260886797406,0.3683260886797406,0.540312197173086,FALSE,FALSE
2011-08-17,Amundsen_Bellingshausen,4.448634976,0.35564872865228203,0.35564872865228203,0.540312197173086,FALSE,FALSE
2011-08-18,Amundsen_Bellingshausen,4.428394365,0.33042263472895694,0.33042263472895694,0.540312197173086,FALSE,FALSE
2011-08-19,Amundsen_Bellingshausen,4.422374199,0.3193564379116083,0.3193564379116083,0.540312197173086,FALSE,FALSE
2011-08-20,Amundsen_Bellingshausen,4.404046666,0.29600689220207155,0.29600689220207155,0.540312197173086,FALSE,FALSE
2011-08-21,Amundsen_Bellingshausen,4.416194097,0.30324089460217696,0.30324089460217696,0.540312197173086,FALSE,FALSE
2011-08-22,Amundsen_Bellingshausen,4.435519643,0.31784616211376715,0.31784616211376715,0.540312197173086,FALSE,FALSE
2011-08-23,Amundsen_Bellingshausen,4.439107967,0.3169919237386747,0.3169919237386747,0.540312197173086,FALSE,FALSE
2011-08-24,Amundsen_Bellingshausen,4.418713396,0.2925170724787378,0.2925170724787378,0.540312197173086,FALSE,FALSE
2011-08-25,Amundsen_Bellingshausen,4.390346226,0.2605164703357943,0.2605164703357943,0.540312197173086,FALSE,FALSE
2011-08-26,Amundsen_Bellingshausen,4.421361886,0.28843011231167015,0.28843011231167015,0.540312197173086,FALSE,FALSE
2011-08-27,Amundsen_Bellingshausen,4.446151937,0.3107341254082163,0.3107341254082163,0.540312197173086,FALSE,FALSE
2011-08-28,Amundsen_Bellingshausen,4.447341252,0.31013794862725685,0.31013794862725685,0.540312197173086,FALSE,FALSE
2011-08-29,Amundsen_Bellingshausen,4.473239233,0.33502055849362034,0.33502055849362034,0.540312197173086,FALSE,FALSE
2011-08-30,Amundsen_Bellingshausen,4.502499929,0.3640144648922421,0.3640144648922421,0.540312197173086,FALSE,FALSE
2011-08-31,Amundsen_Bellingshausen,4.489556226,0.35149678041101495,0.35149678041101495,0.540312197173086,FALSE,FALSE
2011-09-01,Amundsen_Bellingshausen,4.459629275,0.32263282123274095,0.32263282123274095,0.540312197173086,FALSE,FALSE
2011-09-02,Amundsen_Bellingshausen,4.414789973,0.27943764954021866,0.27943764954021866,0.540312197173086,FALSE,FALSE
2011-09-03,Amundsen_Bellingshausen,4.373038894,0.23985600451625455,0.23985600451625455,0.540312197173086,FALSE,FALSE
2011-09-04,Amundsen_Bellingshausen,4.317270496,0.1867265093436492,0.1867265093436492,0.540312197173086,FALSE,FALSE
2011-09-05,Amundsen_Bellingshausen,4.29362545,0.1661340002052052,0.1661340002052052,0.540312197173086,FALSE,FALSE
2011-09-06,Amundsen_Bellingshausen,4.280028611,0.15594749728372292,0.15594749728372292,0.540312197173086,FALSE,FALSE
2011-09-07,Amundsen_Bellingshausen,4.300597586,0.18022877276200777,0.18022877276200777,0.540312197173086,FALSE,FALSE
2011-09-08,Amundsen_Bellingshausen,4.340619918,0.22420953482285544,0.22420953482285544,0.540312197173086,FALSE,FALSE
2011-09-09,Amundsen_Bellingshausen,4.407807929,0.2955462706490719,0.2955462706490719,0.540312197173086,FALSE,FALSE
2011-09-10,Amundsen_Bellingshausen,4.452153922,0.34417570494944005,0.34417570494944005,0.540312197173086,FALSE,FALSE
2011-09-11,Amundsen_Bellingshausen,4.431519076,0.3279277908645968,0.3279277908645968,0.540312197173086,FALSE,FALSE
2011-09-12,Amundsen_Bellingshausen,4.395372726,0.2962847058922895,0.2962847058922895,0.540312197173086,FALSE,FALSE
2011-09-13,Amundsen_Bellingshausen,4.354907249,0.26045630954408416,0.26045630954408416,0.540312197173086,FALSE,FALSE
2011-09-14,Amundsen_Bellingshausen,4.314625748,0.22496318733154652,0.22496318733154652,0.540312197173086,FALSE,FALSE
2011-09-15,Amundsen_Bellingshausen,4.266136508,0.18143110676622864,0.18143110676622864,0.540312197173086,FALSE,FALSE
2011-09-16,Amundsen_Bellingshausen,4.193210347,0.11364836835970228,0.11364836835970228,0.540312197173086,FALSE,FALSE
2011-09-17,Amundsen_Bellingshausen,4.121543045,0.04732823462352531,0.04732823462352531,0.540312197173086,FALSE,FALSE
2011-09-18,Amundsen_Bellingshausen,4.11120876,0.04256234606925879,0.04256234606925879,0.540312197173086,FALSE,FALSE
2011-09-19,Amundsen_Bellingshausen,4.134816335,0.07197702820846974,0.07197702820846974,0.540312197173086,FALSE,FALSE
2011-09-20,Amundsen_Bellingshausen,4.223336764,0.1665607575527206,0.1665607575527206,0.540312197173086,FALSE,FALSE
2011-09-21,Amundsen_Bellingshausen,4.304774446,0.25433541561356954,0.25433541561356954,0.540312197173086,FALSE,FALSE
2011-09-22,Amundsen_Bellingshausen,4.321743535,0.27793263890258135,0.27793263890258135,0.540312197173086,FALSE,FALSE
2011-09-23,Amundsen_Bellingshausen,4.307289521,0.27041481885613017,0.27041481885613017,0.540312197173086,FALSE,FALSE
2011-09-24,Amundsen_Bellingshausen,4.271045194,0.2414254258469377,0.2414254258469377,0.540312197173086,FALSE,FALSE
2011-09-25,Amundsen_Bellingshausen,4.231412769,0.20937358145490848,0.20937358145490848,0.540312197173086,FALSE,FALSE
2011-09-26,Amundsen_Bellingshausen,4.192048806,0.1779226993094536,0.1779226993094536,0.540312197173086,FALSE,FALSE
2011-09-27,Amundsen_Bellingshausen,4.164090708,0.15821703603999637,0.15821703603999637,0.540312197173086,FALSE,FALSE
2011-09-28,Amundsen_Bellingshausen,4.13970689,0.1424318602759529,0.1424318602759529,0.540312197173086,FALSE,FALSE
2011-09-29,Amundsen_Bellingshausen,4.151979367,0.163656040646742,0.163656040646742,0.540312197173086,FALSE,FALSE
2011-09-30,Amundsen_Bellingshausen,4.1798507,0.20083899178177989,0.20083899178177989,0.540312197173086,FALSE,FALSE
2011-10-01,Amundsen_Bellingshausen,4.248518484,0.2791851623104886,0.2791851623104886,0.540312197173086,FALSE,FALSE
2011-10-02,Amundsen_Bellingshausen,4.340843733,0.3815624198622847,0.3815624198622847,0.540312197173086,FALSE,FALSE
2011-10-03,Amundsen_Bellingshausen,4.378081971,0.42923314206658825,0.42923314206658825,0.540312197173086,FALSE,FALSE
2011-10-04,Amundsen_Bellingshausen,4.417578632,0.4795496165528154,0.4795496165528154,0.540312197173086,FALSE,FALSE
2011-10-05,Amundsen_Bellingshausen,4.457095258,0.5302802238421522,0.5302802238421522,0.540312197173086,FALSE,FALSE
2011-10-06,Amundsen_Bellingshausen,4.496546842,0.5813285200893086,0.5813285200893086,0.540312197173086,TRUE,FALSE
2011-10-07,Amundsen_Bellingshausen,4.464809808,0.5615057345575982,0.5615057345575982,0.540312197173086,TRUE,FALSE
2011-10-08,Amundsen_Bellingshausen,4.408651091,0.5175037726101217,0.5175037726101217,0.540312197173086,FALSE,FALSE
2011-10-09,Amundsen_Bellingshausen,4.346792077,0.467968990609974,0.467968990609974,0.540312197173086,FALSE,FALSE
2011-10-10,Amundsen_Bellingshausen,4.265897397,0.399490989920249,0.399490989920249,0.540312197173086,FALSE,FALSE
2011-10-11,Amundsen_Bellingshausen,4.187440031,0.33346772090404686,0.33346772090404686,0.540312197173086,FALSE,FALSE
2011-10-12,Amundsen_Bellingshausen,4.130386965,0.28879113992446204,0.28879113992446204,0.540312197173086,FALSE,FALSE
2011-10-13,Amundsen_Bellingshausen,4.088994891,0.25964290934459155,0.25964290934459155,0.540312197173086,FALSE,FALSE
2011-10-14,Amundsen_Bellingshausen,4.05947821,0.24216240052753513,0.24216240052753513,0.540312197173086,FALSE,FALSE
2011-10-15,Amundsen_Bellingshausen,4.050440961,0.24487862283638415,0.24487862283638415,0.540312197173086,FALSE,FALSE
2011-10-16,Amundsen_Bellingshausen,4.043272942,0.24910634463423784,0.24910634463423784,0.540312197173086,FALSE,FALSE
2011-10-17,Amundsen_Bellingshausen,4.011010736,0.2278071192841935,0.2278071192841935,0.540312197173086,FALSE,FALSE
2011-10-18,Amundsen_Bellingshausen,3.970810633,0.1980654995883224,0.1980654995883224,0.540312197173086,FALSE,FALSE
2011-10-19,Amundsen_Bellingshausen,3.917212099,0.15441914477700402,0.15441914477700402,0.540312197173086,FALSE,FALSE
2011-10-20,Amundsen_Bellingshausen,3.859481276,0.10619924463927032,0.10619924463927032,0.540312197173086,FALSE,FALSE
2011-10-21,Amundsen_Bellingshausen,3.786151874,0.04200723383898186,0.04200723383898186,0.540312197173086,FALSE,FALSE
2011-10-22,Amundsen_Bellingshausen,3.754581645,0.01926858903999706,0.01926858903999706,0.540312197173086,FALSE,FALSE
2011-10-23,Amundsen_Bellingshausen,3.723242515,-0.00347703909381946,0.00347703909381946,0.540312197173086,FALSE,FALSE
2011-10-24,Amundsen_Bellingshausen,3.699011367,-0.01928504289861088,0.01928504289861088,0.540312197173086,FALSE,FALSE
2011-10-25,Amundsen_Bellingshausen,3.669306899,-0.04066899971051585,0.04066899971051585,0.540312197173086,FALSE,FALSE
2011-10-26,Amundsen_Bellingshausen,3.633653734,-0.0680365618656733,0.0680365618656733,0.540312197173086,FALSE,FALSE
2011-10-27,Amundsen_Bellingshausen,3.604085153,-0.0892867237002215,0.0892867237002215,0.540312197173086,FALSE,FALSE
2011-10-28,Amundsen_Bellingshausen,3.561280577,-0.12367233955030343,0.12367233955030343,0.540312197173086,FALSE,FALSE
2011-10-29,Amundsen_Bellingshausen,3.522759234,-0.1536064567520552,0.1536064567520552,0.540312197173086,FALSE,FALSE
2011-10-30,Amundsen_Bellingshausen,3.503880392,-0.16366208264161708,0.16366208264161708,0.540312197173086,FALSE,FALSE
2011-10-31,Amundsen_Bellingshausen,3.516224799,-0.14220177001614953,0.14220177001614953,0.540312197173086,FALSE,FALSE
2011-11-01,Amundsen_Bellingshausen,3.526724974,-0.12229057038603308,0.12229057038603308,0.540312197173086,FALSE,FALSE
2011-11-02,Amundsen_Bellingshausen,3.551129122,-0.08819451880868678,0.08819451880868678,0.540312197173086,FALSE,FALSE
2011-11-03,Amundsen_Bellingshausen,3.547473972,-0.08189113082274968,0.08189113082274968,0.540312197173086,FALSE,FALSE
2011-11-04,Amundsen_Bellingshausen,3.533087667,-0.08606650796685633,0.08606650796685633,0.540312197173086,FALSE,FALSE
2011-11-05,Amundsen_Bellingshausen,3.518901851,-0.08980325077964357,0.08980325077964357,0.540312197173086,FALSE,FALSE
2011-11-06,Amundsen_Bellingshausen,3.511034844,-0.08699728379974392,0.08699728379974392,0.540312197173086,FALSE,FALSE
2011-11-07,Amundsen_Bellingshausen,3.49670844,-0.09044105756579723,0.09044105756579723,0.540312197173086,FALSE,FALSE
2011-11-08,Amundsen_Bellingshausen,3.480474507,-0.09559694861643608,0.09559694861643608,0.540312197173086,FALSE,FALSE
2011-11-09,Amundsen_Bellingshausen,3.460017121,-0.10479512549029346,0.10479512549029346,0.540312197173086,FALSE,FALSE
2011-11-10,Amundsen_Bellingshausen,3.425822797,-0.12756331772600804,0.12756331772600804,0.540312197173086,FALSE,FALSE
2011-11-11,Amundsen_Bellingshausen,3.397746233,-0.1440610718622155,0.1440610718622155,0.540312197173086,FALSE,FALSE
2011-11-12,Amundsen_Bellingshausen,3.367747973,-0.162342109258518,0.162342109258518,0.540312197173086,FALSE,FALSE
2011-11-13,Amundsen_Bellingshausen,3.338207567,-0.1800422970696367,0.1800422970696367,0.540312197173086,FALSE,FALSE
2011-11-14,Amundsen_Bellingshausen,3.312967635,-0.19333616383869545,0.19333616383869545,0.540312197173086,FALSE,FALSE
2011-11-15,Amundsen_Bellingshausen,3.301496935,-0.1927722429198302,0.1927722429198302,0.540312197173086,FALSE,FALSE
2011-11-16,Amundsen_Bellingshausen,3.30038658,-0.18177671266718232,0.18177671266718232,0.540312197173086,FALSE,FALSE
2011-11-17,Amundsen_Bellingshausen,3.300697181,-0.1693062534348906,0.1693062534348906,0.540312197173086,FALSE,FALSE
2011-11-18,Amundsen_Bellingshausen,3.299439622,-0.15836727257709482,0.15836727257709482,0.540312197173086,FALSE,FALSE
2011-11-19,Amundsen_Bellingshausen,3.29832556,-0.1472654044479329,0.1472654044479329,0.540312197173086,FALSE,FALSE
2011-11-20,Amundsen_Bellingshausen,3.299526664,-0.13384627140154717,0.13384627140154717,0.540312197173086,FALSE,FALSE
2011-11-21,Amundsen_Bellingshausen,3.314798582,-0.10637151679207511,0.10637151679207511,0.540312197173086,FALSE,FALSE
2011-11-22,Amundsen_Bellingshausen,3.301068229,-0.10793151697365388,0.10793151697365388,0.540312197173086,FALSE,FALSE
2011-11-23,Amundsen_Bellingshausen,3.319580295,-0.07729887330042651,0.07729887330042651,0.540312197173086,FALSE,FALSE
2011-11-24,Amundsen_Bellingshausen,3.319425099,-0.06540055812653156,0.06540055812653156,0.540312197173086,FALSE,FALSE
2011-11-25,Amundsen_Bellingshausen,3.30834221,-0.06450955550198767,0.06450955550198767,0.540312197173086,FALSE,FALSE
2011-11-26,Amundsen_Bellingshausen,3.302547787,-0.05838218369445913,0.05838218369445913,0.540312197173086,FALSE,FALSE
2011-11-27,Amundsen_Bellingshausen,3.288817958,-0.06019464082926351,0.06019464082926351,0.540312197173086,FALSE,FALSE
2011-11-28,Amundsen_Bellingshausen,3.278308133,-0.05874369039851102,0.05874369039851102,0.540312197173086,FALSE,FALSE
2011-11-29,Amundsen_Bellingshausen,3.276024776,-0.04897504189432356,0.04897504189432356,0.540312197173086,FALSE,FALSE
2011-11-30,Amundsen_Bellingshausen,3.262470508,-0.05033824780881524,0.05033824780881524,0.540312197173086,FALSE,FALSE
2011-12-01,Amundsen_Bellingshausen,3.267444587,-0.03298622363410342,0.03298622363410342,0.540312197173086,FALSE,FALSE
2011-12-02,Amundsen_Bellingshausen,3.256121,-0.0316971558623047,0.0316971558623047,0.540312197173086,FALSE,FALSE
2011-12-03,Amundsen_Bellingshausen,3.272664374,-0.00225859098553593,0.00225859098553593,0.540312197173086,FALSE,FALSE
2011-12-04,Amundsen_Bellingshausen,3.284065066,0.02236765450408828,0.02236765450408828,0.540312197173086,FALSE,FALSE
2011-12-05,Amundsen_Bellingshausen,3.268154239,0.0200605701144485,0.0200605701144485,0.540312197173086,FALSE,FALSE
2011-12-06,Amundsen_Bellingshausen,3.256897315,0.02283340435343106,0.02283340435343106,0.540312197173086,FALSE,FALSE
2011-12-07,Amundsen_Bellingshausen,3.245929636,0.02636939649473468,0.02636939649473468,0.540312197173086,FALSE,FALSE
2011-12-08,Amundsen_Bellingshausen,3.239510063,0.03499727278575992,0.03499727278575992,0.540312197173086,FALSE,FALSE
2011-12-09,Amundsen_Bellingshausen,3.216979539,0.02818082016031198,0.02818082016031198,0.540312197173086,FALSE,FALSE
2011-12-10,Amundsen_Bellingshausen,3.204813334,0.03252597868528317,0.03252597868528317,0.540312197173086,FALSE,FALSE
2011-12-11,Amundsen_Bellingshausen,3.16437616,0.0095281304275705,0.0095281304275705,0.540312197173086,FALSE,FALSE
2011-12-12,Amundsen_Bellingshausen,3.151108126,0.01475805445406353,0.01475805445406353,0.540312197173086,FALSE,FALSE
2011-12-13,Amundsen_Bellingshausen,3.130103964,0.01344115283166313,0.01344115283166313,0.540312197173086,FALSE,FALSE
2011-12-14,Amundsen_Bellingshausen,3.152791193,0.0571356146272568,0.0571356146272568,0.540312197173086,FALSE,FALSE
2011-12-15,Amundsen_Bellingshausen,3.155392805,0.08219510190774271,0.08219510190774271,0.540312197173086,FALSE,FALSE
2011-12-16,Amundsen_Bellingshausen,3.148932923,0.09977440774001511,0.09977440774001511,0.540312197173086,FALSE,FALSE
2011-12-17,Amundsen_Bellingshausen,3.157417808,0.13401046319096732,0.13401046319096732,0.540312197173086,FALSE,FALSE
2011-12-18,Amundsen_Bellingshausen,3.15604177,0.16022824832749372,0.16022824832749372,0.540312197173086,FALSE,FALSE
2011-12-19,Amundsen_Bellingshausen,3.149992542,0.1837461662164892,0.1837461662164892,0.540312197173086,FALSE,FALSE
2011-12-20,Amundsen_Bellingshausen,3.146396889,0.21181170705840469,0.21181170705840469,0.540312197173086,FALSE,FALSE
2011-12-21,Amundsen_Bellingshausen,3.149518581,0.2486521185461319,0.2486521185461319,0.540312197173086,FALSE,FALSE
2011-12-22,Amundsen_Bellingshausen,3.142484359,0.2772321011101475,0.2772321011101475,0.540312197173086,FALSE,FALSE
2011-12-23,Amundsen_Bellingshausen,3.133823472,0.30591536537324515,0.30591536537324515,0.540312197173086,FALSE,FALSE
2011-12-24,Amundsen_Bellingshausen,3.106345922,0.3173463749582055,0.3173463749582055,0.540312197173086,FALSE,FALSE
2011-12-25,Amundsen_Bellingshausen,3.09213729,0.3434451724878178,0.3434451724878178,0.540312197173086,FALSE,FALSE
2011-12-26,Amundsen_Bellingshausen,3.082236497,0.37508514058486897,0.37508514058486897,0.540312197173086,FALSE,FALSE
2011-12-27,Amundsen_Bellingshausen,3.079748391,0.4152055888721491,0.4152055888721491,0.540312197173086,FALSE,FALSE
2011-12-28,Amundsen_Bellingshausen,3.072843649,0.4518116559724401,0.4518116559724401,0.540312197173086,FALSE,FALSE
2011-12-29,Amundsen_Bellingshausen,3.053739619,0.4769551515085291,0.4769551515085291,0.540312197173086,FALSE,FALSE
2011-12-30,Amundsen_Bellingshausen,3.039507552,0.5075417881032105,0.5075417881032105,0.540312197173086,FALSE,FALSE
2011-12-31,Amundsen_Bellingshausen,3.015690574,0.5289491533792638,0.5289491533792638,0.540312197173086,FALSE,FALSE
2012-01-01,Amundsen_Bellingshausen,3.000254946,0.5589779699594759,0.5589779699594759,0.540312197173086,TRUE,TRUE
2012-01-02,Amundsen_Bellingshausen,2.986771534,0.5910403234726709,0.5910403234726709,0.540312197173086,TRUE,TRUE
2012-01-03,Amundsen_Bellingshausen,2.978777993,0.6285421205718116,0.6285421205718116,0.540312197173086,TRUE,TRUE
2012-01-04,Amundsen_Bellingshausen,2.942452591,0.6375366389159041,0.6375366389159041,0.540312197173086,TRUE,TRUE
2012-01-05,Amundsen_Bellingshausen,2.919378231,0.6594817911639388,0.6594817911639388,0.540312197173086,TRUE,TRUE
2012-01-06,Amundsen_Bellingshausen,2.875574217,0.6602718909749208,0.6602718909749208,0.540312197173086,TRUE,TRUE
2012-01-07,Amundsen_Bellingshausen,2.84283788,0.6715792790078452,0.6715792790078452,0.540312197173086,TRUE,TRUE
2012-01-08,Amundsen_Bellingshausen,2.795888324,0.6679980689217135,0.6679980689217135,0.540312197173086,TRUE,TRUE
2012-01-09,Amundsen_Bellingshausen,2.743982384,0.6586601053755254,0.6586601053755254,0.540312197173086,TRUE,TRUE
2012-01-10,Amundsen_Bellingshausen,2.679763187,0.6360835250282806,0.6360835250282806,0.540312197173086,TRUE,TRUE
2012-01-11,Amundsen_Bellingshausen,2.58614927,0.5830618745389775,0.5830618745389775,0.540312197173086,TRUE,TRUE
2012-01-12,Amundsen_Bellingshausen,2.559493953,0.5958234835666156,0.5958234835666156,0.540312197173086,TRUE,TRUE
2012-01-13,Amundsen_Bellingshausen,2.464592044,0.5390381697701965,0.5390381697701965,0.540312197173086,FALSE,FALSE
2012-01-14,Amundsen_Bellingshausen,2.380740903,0.4918802586230984,0.4918802586230984,0.540312197173086,FALSE,FALSE
2012-01-15,Amundsen_Bellingshausen,2.303097859,0.44945422868095575,0.44945422868095575,0.540312197173086,FALSE,FALSE
2012-01-16,Amundsen_Bellingshausen,2.270003043,0.450135286127048,0.450135286127048,0.540312197173086,FALSE,FALSE
2012-01-17,Amundsen_Bellingshausen,2.243160982,0.4556685938599774,0.4556685938599774,0.540312197173086,FALSE,FALSE
2012-01-18,Amundsen_Bellingshausen,2.242754209,0.4862773207783426,0.4862773207783426,0.540312197173086,FALSE,FALSE
2012-01-19,Amundsen_Bellingshausen,2.21590257,0.48912194878074433,0.48912194878074433,0.540312197173086,FALSE,FALSE
2012-01-20,Amundsen_Bellingshausen,2.141650086,0.44328713476578097,0.44328713476578097,0.540312197173086,FALSE,FALSE
2012-01-21,Amundsen_Bellingshausen,2.084263818,0.4130805756320548,0.4130805756320548,0.540312197173086,FALSE,FALSE
2012-01-22,Amundsen_Bellingshausen,2.069931021,0.42473016227816385,0.42473016227816385,0.540312197173086,FALSE,FALSE
2012-01-23,Amundsen_Bellingshausen,2.061885118,0.4415099536027083,0.4415099536027083,0.540312197173086,FALSE,FALSE
2012-01-24,Amundsen_Bellingshausen,2.065132846,0.4684673225042893,0.4684673225042893,0.540312197173086,FALSE,FALSE
2012-01-25,Amundsen_Bellingshausen,2.067488345,0.493457044881505,0.493457044881505,0.540312197173086,FALSE,FALSE
2012-01-26,Amundsen_Bellingshausen,2.054012977,0.5015811186329568,0.5015811186329568,0.540312197173086,FALSE,FALSE
2012-01-27,Amundsen_Bellingshausen,2.042487135,0.5106583685323554,0.5106583685323554,0.540312197173086,FALSE,FALSE
2012-01-28,Amundsen_Bellingshausen,2.0265766,0.5143780866205483,0.5143780866205483,0.540312197173086,FALSE,FALSE
2012-01-29,Amundsen_Bellingshausen,2.009323536,0.5157997609547234,0.5157997609547234,0.540312197173086,FALSE,FALSE
2012-01-30,Amundsen_Bellingshausen,1.988010206,0.5122229586618228,0.5122229586618228,0.540312197173086,FALSE,FALSE
2012-01-31,Amundsen_Bellingshausen,1.97684111,0.5178694838687963,0.5178694838687963,0.540312197173086,FALSE,FALSE
2012-02-01,Amundsen_Bellingshausen,1.956979843,0.5139202357025896,0.5139202357025896,0.540312197173086,FALSE,FALSE
2012-02-02,Amundsen_Bellingshausen,1.903936376,0.4759024892901491,0.4759024892901491,0.540312197173086,FALSE,FALSE
2012-02-03,Amundsen_Bellingshausen,1.904683294,0.49080613375842264,0.49080613375842264,0.540312197173086,FALSE,FALSE
2012-02-04,Amundsen_Bellingshausen,1.87700464,0.4764325162343579,0.4764325162343579,0.540312197173086,FALSE,FALSE
2012-02-05,Amundsen_Bellingshausen,1.839728143,0.4516266698448992,0.4516266698448992,0.540312197173086,FALSE,FALSE
2012-02-06,Amundsen_Bellingshausen,1.79486206,0.41841415571699514,0.41841415571699514,0.540312197173086,FALSE,FALSE
2012-02-07,Amundsen_Bellingshausen,1.783864082,0.4182699689775928,0.4182699689775928,0.540312197173086,FALSE,FALSE
2012-02-08,Amundsen_Bellingshausen,1.758377268,0.4028543871792036,0.4028543871792036,0.540312197173086,FALSE,FALSE
2012-02-09,Amundsen_Bellingshausen,1.734255997,0.3880277100532925,0.3880277100532925,0.540312197173086,FALSE,FALSE
2012-02-10,Amundsen_Bellingshausen,1.730216855,0.39248997567867927,0.39248997567867927,0.540312197173086,FALSE,FALSE
2012-02-11,Amundsen_Bellingshausen,1.731049471,0.40101160858444374,0.40101160858444374,0.540312197173086,FALSE,FALSE
2012-02-12,Amundsen_Bellingshausen,1.711921009,0.3887405682996643,0.3887405682996643,0.540312197173086,FALSE,FALSE
2012-02-13,Amundsen_Bellingshausen,1.667397968,0.35022414935341906,0.35022414935341906,0.540312197173086,FALSE,FALSE
2012-02-14,Amundsen_Bellingshausen,1.686681407,0.374644206274789,0.374644206274789,0.540312197173086,FALSE,FALSE
2012-02-15,Amundsen_Bellingshausen,1.667527794,0.35973800259285116,0.35973800259285116,0.540312197173086,FALSE,FALSE
2012-02-16,Amundsen_Bellingshausen,1.646762283,0.34231148783668397,0.34231148783668397,0.540312197173086,FALSE,FALSE
2012-02-17,Amundsen_Bellingshausen,1.628146631,0.32610721453536873,0.32610721453536873,0.540312197173086,FALSE,FALSE
2012-02-18,Amundsen_Bellingshausen,1.599558794,0.29898393421798297,0.29898393421798297,0.540312197173086,FALSE,FALSE
2012-02-19,Amundsen_Bellingshausen,1.595104357,0.29502802741360434,0.29502802741360434,0.540312197173086,FALSE,FALSE
2012-02-20,Amundsen_Bellingshausen,1.580775689,0.2802126586513136,0.2802126586513136,0.540312197173086,FALSE,FALSE
2012-02-21,Amundsen_Bellingshausen,1.570838589,0.2687877453964953,0.2687877453964953,0.540312197173086,FALSE,FALSE
2012-02-22,Amundsen_Bellingshausen,1.586539509,0.2820241441754219,0.2820241441754219,0.540312197173086,FALSE,FALSE
2012-02-23,Amundsen_Bellingshausen,1.60456174,0.2966563505600812,0.2966563505600812,0.540312197173086,FALSE,FALSE
2012-02-24,Amundsen_Bellingshausen,1.635209549,0.3230403205861381,0.3230403205861381,0.540312197173086,FALSE,FALSE
2012-02-25,Amundsen_Bellingshausen,1.656991998,0.33973680528925,0.33973680528925,0.540312197173086,FALSE,FALSE
2012-02-26,Amundsen_Bellingshausen,1.68558312,0.36247152670507865,0.36247152670507865,0.540312197173086,FALSE,FALSE
2012-02-27,Amundsen_Bellingshausen,1.712597063,0.3829103218692844,0.3829103218692844,0.540312197173086,FALSE,FALSE
2012-02-28,Amundsen_Bellingshausen,1.69941745,0.3624885028175293,0.3624885028175293,0.540312197173086,FALSE,FALSE
2012-03-01,Amundsen_Bellingshausen,1.681324801,0.32811702320877467,0.32811702320877467,0.540312197173086,FALSE,FALSE
2012-03-02,Amundsen_Bellingshausen,1.684959721,0.3228186967230968,0.3228186967230968,0.540312197173086,FALSE,FALSE
2012-03-03,Amundsen_Bellingshausen,1.680717489,0.3091829161641002,0.3091829161641002,0.540312197173086,FALSE,FALSE
2012-03-04,Amundsen_Bellingshausen,1.69600105,0.31466431224036784,0.31466431224036784,0.540312197173086,FALSE,FALSE
2012-03-05,Amundsen_Bellingshausen,1.695148233,0.3036400233503007,0.3036400233503007,0.540312197173086,FALSE,FALSE
2012-03-06,Amundsen_Bellingshausen,1.704835673,0.30278570132750215,0.30278570132750215,0.540312197173086,FALSE,FALSE
2012-03-07,Amundsen_Bellingshausen,1.738954303,0.3259831101487498,0.3259831101487498,0.540312197173086,FALSE,FALSE
2012-03-08,Amundsen_Bellingshausen,1.767002157,0.34272111479081957,0.34272111479081957,0.540312197173086,FALSE,FALSE
2012-03-09,Amundsen_Bellingshausen,1.786515242,0.35052655323048865,0.35052655323048865,0.540312197173086,FALSE,FALSE
2012-03-10,Amundsen_Bellingshausen,1.806097589,0.3579942874445339,0.3579942874445339,0.540312197173086,FALSE,FALSE
2012-03-11,Amundsen_Bellingshausen,1.833147198,0.3725131484097317,0.3725131484097317,0.540312197173086,FALSE,FALSE
2012-03-12,Amundsen_Bellingshausen,1.868872669,0.3952825671028566,0.3952825671028566,0.540312197173086,FALSE,FALSE
2012-03-13,Amundsen_Bellingshausen,1.910776125,0.4237954975006888,0.4237954975006888,0.540312197173086,FALSE,FALSE
2012-03-14,Amundsen_Bellingshausen,1.947341578,0.44652678258000345,0.44652678258000345,0.540312197173086,FALSE,FALSE
2012-03-15,Amundsen_Bellingshausen,1.96143679,0.44633501531757513,0.44633501531757513,0.540312197173086,FALSE,FALSE
2012-03-16,Amundsen_Bellingshausen,1.949924723,0.4200739886901834,0.4200739886901834,0.540312197173086,FALSE,FALSE
2012-03-17,Amundsen_Bellingshausen,1.908576698,0.3635063454565619,0.3635063454565619,0.540312197173086,FALSE,FALSE
2012-03-18,Amundsen_Bellingshausen,1.904782601,0.3440255505833203,0.3440255505833203,0.540312197173086,FALSE,FALSE
2012-03-19,Amundsen_Bellingshausen,1.894975486,0.31808105817916976,0.31808105817916976,0.540312197173086,FALSE,FALSE
2012-03-20,Amundsen_Bellingshausen,1.886177794,0.2927123129931668,0.2927123129931668,0.540312197173086,FALSE,FALSE
2012-03-21,Amundsen_Bellingshausen,1.891841882,0.28138867577436755,0.28138867577436755,0.540312197173086,FALSE,FALSE
2012-03-22,Amundsen_Bellingshausen,1.875760936,0.24792033627182808,0.24792033627182808,0.540312197173086,FALSE,FALSE
2012-03-23,Amundsen_Bellingshausen,1.886663193,0.24105253523460737,0.24105253523460737,0.540312197173086,FALSE,FALSE
2012-03-24,Amundsen_Bellingshausen,1.919868612,0.2561222354117596,0.2561222354117596,0.540312197173086,FALSE,FALSE
2012-03-25,Amundsen_Bellingshausen,1.971436895,0.2892061425523422,0.2892061425523422,0.540312197173086,FALSE,FALSE
2012-03-26,Amundsen_Bellingshausen,2.034238654,0.33319187240541304,0.33319187240541304,0.540312197173086,FALSE,FALSE
2012-03-27,Amundsen_Bellingshausen,2.092966894,0.3727894337200268,0.3727894337200268,0.540312197173086,FALSE,FALSE
2012-03-28,Amundsen_Bellingshausen,2.093136714,0.35353092924524065,0.35353092924524065,0.540312197173086,FALSE,FALSE
2012-03-29,Amundsen_Bellingshausen,2.071690716,0.31237596473011187,0.31237596473011187,0.540312197173086,FALSE,FALSE
2012-03-30,Amundsen_Bellingshausen,2.091600823,0.3123105072966521,0.3123105072966521,0.540312197173086,FALSE,FALSE
2012-03-31,Amundsen_Bellingshausen,2.133569933,0.33403532164710925,0.33403532164710925,0.540312197173086,FALSE,FALSE
2012-04-01,Amundsen_Bellingshausen,2.201106106,0.38105083485814983,0.38105083485814983,0.540312197173086,FALSE,FALSE
2012-04-02,Amundsen_Bellingshausen,2.257194538,0.416334605459898,0.416334605459898,0.540312197173086,FALSE,FALSE
2012-04-03,Amundsen_Bellingshausen,2.329600699,0.4676444659824823,0.4676444659824823,0.540312197173086,FALSE,FALSE
2012-04-04,Amundsen_Bellingshausen,2.347201931,0.4638501209560269,0.4638501209560269,0.540312197173086,FALSE,FALSE
2012-04-05,Amundsen_Bellingshausen,2.335967989,0.43091368791066453,0.43091368791066453,0.540312197173086,FALSE,FALSE
2012-04-06,Amundsen_Bellingshausen,2.340009892,0.4129385483765178,0.4129385483765178,0.540312197173086,FALSE,FALSE
2012-04-07,Amundsen_Bellingshausen,2.351728167,0.4023175918837176,0.4023175918837176,0.540312197173086,FALSE,FALSE
2012-04-08,Amundsen_Bellingshausen,2.370677502,0.3985978689623883,0.3985978689623883,0.540312197173086,FALSE,FALSE
2012-04-09,Amundsen_Bellingshausen,2.382746901,0.3876607461426575,0.3876607461426575,0.540312197173086,FALSE,FALSE
2012-04-10,Amundsen_Bellingshausen,2.420952311,0.40251453295465334,0.40251453295465334,0.540312197173086,FALSE,FALSE
2012-04-11,Amundsen_Bellingshausen,2.488150472,0.4460083810352699,0.4460083810352699,0.540312197173086,FALSE,FALSE
2012-04-12,Amundsen_Bellingshausen,2.488471486,0.42226830387209713,0.42226830387209713,0.540312197173086,FALSE,FALSE
2012-04-13,Amundsen_Bellingshausen,2.499747333,0.4091279624252122,0.4091279624252122,0.540312197173086,FALSE,FALSE
2012-04-14,Amundsen_Bellingshausen,2.54240404,0.4270156035492527,0.4270156035492527,0.540312197173086,FALSE,FALSE
2012-04-15,Amundsen_Bellingshausen,2.575096099,0.43458793909884674,0.43458793909884674,0.540312197173086,FALSE,FALSE
2012-04-16,Amundsen_Bellingshausen,2.594534827,0.4285585059286321,0.4285585059286321,0.540312197173086,FALSE,FALSE
2012-04-17,Amundsen_Bellingshausen,2.615178204,0.4233875038932431,0.4233875038932431,0.540312197173086,FALSE,FALSE
2012-04-18,Amundsen_Bellingshausen,2.655799257,0.43785017984731134,0.43785017984731134,0.540312197173086,FALSE,FALSE
2012-04-19,Amundsen_Bellingshausen,2.685647415,0.4411981826454712,0.4411981826454712,0.540312197173086,FALSE,FALSE
2012-04-20,Amundsen_Bellingshausen,2.720168606,0.4488796601423557,0.4488796601423557,0.540312197173086,FALSE,FALSE
2012-04-21,Amundsen_Bellingshausen,2.794550717,0.49608471919260033,0.49608471919260033,0.540312197173086,FALSE,FALSE
2012-04-22,Amundsen_Bellingshausen,2.838482286,0.5125041176508391,0.5125041176508391,0.540312197173086,FALSE,FALSE
2012-04-23,Amundsen_Bellingshausen,2.878380695,0.5245574573717038,0.5245574573717038,0.540312197173086,FALSE,FALSE
2012-04-24,Amundsen_Bellingshausen,2.896309551,0.5143149063777659,0.5143149063777659,0.540312197173086,FALSE,FALSE
2012-04-25,Amundsen_Bellingshausen,2.918175674,0.5077310757711802,0.5077310757711802,0.540312197173086,FALSE,FALSE
2012-04-26,Amundsen_Bellingshausen,2.933520722,0.4944181986372054,0.4944181986372054,0.540312197173086,FALSE,FALSE
2012-04-27,Amundsen_Bellingshausen,2.938304258,0.4704066530652087,0.4704066530652087,0.540312197173086,FALSE,FALSE
2012-04-28,Amundsen_Bellingshausen,2.979026712,0.48226768414455146,0.48226768414455146,0.540312197173086,FALSE,FALSE
2012-04-29,Amundsen_Bellingshausen,3.010668194,0.48505221696459433,0.48505221696459433,0.540312197173086,FALSE,FALSE
2012-04-30,Amundsen_Bellingshausen,3.040191602,0.4857939646147007,0.4857939646147007,0.540312197173086,FALSE,FALSE
2012-05-01,Amundsen_Bellingshausen,3.060476884,0.47744369018423294,0.47744369018423294,0.540312197173086,FALSE,FALSE
2012-05-02,Amundsen_Bellingshausen,3.071350397,0.4598985657625554,0.4598985657625554,0.540312197173086,FALSE,FALSE
2012-05-03,Amundsen_Bellingshausen,3.062674459,0.4230917244390331,0.4230917244390331,0.540312197173086,FALSE,FALSE
2012-05-04,Amundsen_Bellingshausen,3.070104324,0.4027492353030233,0.4027492353030233,0.540312197173086,FALSE,FALSE
2012-05-05,Amundsen_Bellingshausen,3.096379293,0.4016812144438937,0.4016812144438937,0.540312197173086,FALSE,FALSE
2012-05-06,Amundsen_Bellingshausen,3.132767463,0.4112265349678768,0.4112265349678768,0.540312197173086,FALSE,FALSE
2012-05-07,Amundsen_Bellingshausen,3.1579951,0.41016050527910064,0.41016050527910064,0.540312197173086,FALSE,FALSE
2012-05-08,Amundsen_Bellingshausen,3.167341362,0.39375348213136085,0.39375348213136085,0.540312197173086,FALSE,FALSE
2012-05-09,Amundsen_Bellingshausen,3.206641138,0.4078220359136,0.4078220359136,0.540312197173086,FALSE,FALSE
2012-05-10,Amundsen_Bellingshausen,3.249715123,0.4261685430147568,0.4261685430147568,0.540312197173086,FALSE,FALSE
2012-05-11,Amundsen_Bellingshausen,3.291576115,0.44378748282377334,0.44378748282377334,0.540312197173086,FALSE,FALSE
2012-05-12,Amundsen_Bellingshausen,3.322213919,0.4506503417295922,0.4506503417295922,0.540312197173086,FALSE,FALSE
2012-05-13,Amundsen_Bellingshausen,3.350680052,0.4557903181211485,0.4557903181211485,0.540312197173086,FALSE,FALSE
2012-05-14,Amundsen_Bellingshausen,3.34286293,0.425077509387386,0.425077509387386,0.540312197173086,FALSE,FALSE
2012-05-15,Amundsen_Bellingshausen,3.335652946,0.3953839899172462,0.3953839899172462,0.540312197173086,FALSE,FALSE
2012-05-16,Amundsen_Bellingshausen,3.305294922,0.34293626309966685,0.34293626309966685,0.540312197173086,FALSE,FALSE
2012-05-17,Amundsen_Bellingshausen,3.259211309,0.27513846132359054,0.27513846132359054,0.540312197173086,FALSE,FALSE
2012-05-18,Amundsen_Bellingshausen,3.21752194,0.2120920989779571,0.2120920989779571,0.540312197173086,FALSE,FALSE
2012-05-19,Amundsen_Bellingshausen,3.213391975,0.1869440790610448,0.1869440790610448,0.540312197173086,FALSE,FALSE
2012-05-20,Amundsen_Bellingshausen,3.206478226,0.1593340807760799,0.1593340807760799,0.540312197173086,FALSE,FALSE
2012-05-21,Amundsen_Bellingshausen,3.169288809,0.10175406952592604,0.10175406952592604,0.540312197173086,FALSE,FALSE
2012-05-22,Amundsen_Bellingshausen,3.140950682,0.05331488575927334,0.05331488575927334,0.540312197173086,FALSE,FALSE
2012-05-23,Amundsen_Bellingshausen,3.145817462,0.03835402892481898,0.03835402892481898,0.540312197173086,FALSE,FALSE
2012-05-24,Amundsen_Bellingshausen,3.199007946,0.07197417847125331,0.07197417847125331,0.540312197173086,FALSE,FALSE
2012-05-25,Amundsen_Bellingshausen,3.272359359,0.1259964418472692,0.1259964418472692,0.540312197173086,FALSE,FALSE
2012-05-26,Amundsen_Bellingshausen,3.298975471,0.1335084715015591,0.1335084715015591,0.540312197173086,FALSE,FALSE
2012-05-27,Amundsen_Bellingshausen,3.349181365,0.16481923288281752,0.16481923288281752,0.540312197173086,FALSE,FALSE
2012-05-28,Amundsen_Bellingshausen,3.43254805,0.22948361743973633,0.22948361743973633,0.540312197173086,FALSE,FALSE
2012-05-29,Amundsen_Bellingshausen,3.455159735,0.23356971662100756,0.23356971662100756,0.540312197173086,FALSE,FALSE
2012-05-30,Amundsen_Bellingshausen,3.456219916,0.21626490887532368,0.21626490887532368,0.540312197173086,FALSE,FALSE
2012-05-31,Amundsen_Bellingshausen,3.46376304,0.20558752365137825,0.20558752365137825,0.540312197173086,FALSE,FALSE
2012-06-01,Amundsen_Bellingshausen,3.482072177,0.20581268166725897,0.20581268166725897,0.540312197173086,FALSE,FALSE
2012-06-02,Amundsen_Bellingshausen,3.494429591,0.2002509342898806,0.2002509342898806,0.540312197173086,FALSE,FALSE
2012-06-03,Amundsen_Bellingshausen,3.466461067,0.15456639901191285,0.15456639901191285,0.540312197173086,FALSE,FALSE
2012-06-04,Amundsen_Bellingshausen,3.436768755,0.107399558698126,0.107399558698126,0.540312197173086,FALSE,FALSE
2012-06-05,Amundsen_Bellingshausen,3.429120109,0.08255620021328447,0.08255620021328447,0.540312197173086,FALSE,FALSE
2012-06-06,Amundsen_Bellingshausen,3.427333868,0.063893395422157,0.063893395422157,0.540312197173086,FALSE,FALSE
2012-06-07,Amundsen_Bellingshausen,3.441758289,0.06179773418951262,0.06179773418951262,0.540312197173086,FALSE,FALSE
2012-06-08,Amundsen_Bellingshausen,3.453514424,0.05742860138011663,0.05742860138011663,0.540312197173086,FALSE,FALSE
2012-06-09,Amundsen_Bellingshausen,3.458415465,0.04663752185873893,0.04663752185873893,0.540312197173086,FALSE,FALSE
2012-06-10,Amundsen_Bellingshausen,3.442798968,0.01580038449014376,0.01580038449014376,0.540312197173086,FALSE,FALSE
2012-06-11,Amundsen_Bellingshausen,3.446973787,0.00526437613909935,0.00526437613909935,0.540312197173086,FALSE,FALSE
2012-06-12,Amundsen_Bellingshausen,3.45483246,-0.00103963232962422,0.00103963232962422,0.540312197173086,FALSE,FALSE
2012-06-13,Amundsen_Bellingshausen,3.46486483,-0.00458448877675987,0.00458448877675987,0.540312197173086,FALSE,FALSE
2012-06-14,Amundsen_Bellingshausen,3.530916179,0.04846726787140243,0.04846726787140243,0.540312197173086,FALSE,FALSE
2012-06-15,Amundsen_Bellingshausen,3.597707488,0.10276688575477166,0.10276688575477166,0.540312197173086,FALSE,FALSE
2012-06-16,Amundsen_Bellingshausen,3.606244598,0.09924598738808577,0.09924598738808577,0.540312197173086,FALSE,FALSE
2012-06-17,Amundsen_Bellingshausen,3.575894736,0.05719758128608498,0.05719758128608498,0.540312197173086,FALSE,FALSE
2012-06-18,Amundsen_Bellingshausen,3.537863091,0.00775263796351177,0.00775263796351177,0.540312197173086,FALSE,FALSE
2012-06-19,Amundsen_Bellingshausen,3.533178643,-0.00813408106489577,0.00813408106489577,0.540312197173086,FALSE,FALSE
2012-06-20,Amundsen_Bellingshausen,3.533924039,-0.01845414728439376,0.01845414728439376,0.540312197173086,FALSE,FALSE
2012-06-21,Amundsen_Bellingshausen,3.503103919,-0.06027713918024435,0.06027713918024435,0.540312197173086,FALSE,FALSE
2012-06-22,Amundsen_Bellingshausen,3.465337278,-0.10905828023770514,0.10905828023770514,0.540312197173086,FALSE,FALSE
2012-06-23,Amundsen_Bellingshausen,3.451496475,-0.13399942994203773,0.13399942994203773,0.540312197173086,FALSE,FALSE
2012-06-24,Amundsen_Bellingshausen,3.449492267,-0.14726404977849894,0.14726404977849894,0.540312197173086,FALSE,FALSE
2012-06-25,Amundsen_Bellingshausen,3.441370059,-0.1668809532323512,0.1668809532323512,0.540312197173086,FALSE,FALSE
2012-06-26,Amundsen_Bellingshausen,3.425166905,-0.1948781943506055,0.1948781943506055,0.540312197173086,FALSE,FALSE
2012-06-27,Amundsen_Bellingshausen,3.465264106,-0.1668707371053615,0.1668707371053615,0.540312197173086,FALSE,FALSE
2012-06-28,Amundsen_Bellingshausen,3.526586031,-0.11789902036168964,0.11789902036168964,0.540312197173086,FALSE,FALSE
2012-06-29,Amundsen_Bellingshausen,3.544929539,-0.1121308312476148,0.1121308312476148,0.540312197173086,FALSE,FALSE
2012-06-30,Amundsen_Bellingshausen,3.540119789,-0.1297056568911592,0.1297056568911592,0.540312197173086,FALSE,FALSE
2012-07-01,Amundsen_Bellingshausen,3.53163671,-0.15110821442034794,0.15110821442034794,0.540312197173086,FALSE,FALSE
2012-07-02,Amundsen_Bellingshausen,3.539421929,-0.15636152296320427,0.15636152296320427,0.540312197173086,FALSE,FALSE
2012-07-03,Amundsen_Bellingshausen,3.560382759,-0.1485229156477499,0.1485229156477499,0.540312197173086,FALSE,FALSE
2012-07-04,Amundsen_Bellingshausen,3.645371715,-0.07670452360201274,0.07670452360201274,0.540312197173086,FALSE,FALSE
2012-07-05,Amundsen_Bellingshausen,3.71928819,-0.01597159995401309,0.01597159995401309,0.540312197173086,FALSE,FALSE
2012-07-06,Amundsen_Bellingshausen,3.780591845,0.03217087016822662,0.03217087016822662,0.540312197173086,FALSE,FALSE
2012-07-07,Amundsen_Bellingshausen,3.838914485,0.07739004563668006,0.07739004563668006,0.540312197173086,FALSE,FALSE
2012-07-08,Amundsen_Bellingshausen,3.849475452,0.07494058600991105,0.07494058600991105,0.540312197173086,FALSE,FALSE
2012-07-09,Amundsen_Bellingshausen,3.841140282,0.05371628205548307,0.05371628205548307,0.540312197173086,FALSE,FALSE
2012-07-10,Amundsen_Bellingshausen,3.813941623,0.01376257980334028,0.01376257980334028,0.540312197173086,FALSE,FALSE
2012-07-11,Amundsen_Bellingshausen,3.786227658,-0.02656158520413853,0.02656158520413853,0.540312197173086,FALSE,FALSE
2012-07-12,Amundsen_Bellingshausen,3.784240629,-0.04100321842457655,0.04100321842457655,0.540312197173086,FALSE,FALSE
2012-07-13,Amundsen_Bellingshausen,3.815455246,-0.02207685731559205,0.02207685731559205,0.540312197173086,FALSE,FALSE
2012-07-14,Amundsen_Bellingshausen,3.809313591,-0.04032966733480547,0.04032966733480547,0.540312197173086,FALSE,FALSE
2012-07-15,Amundsen_Bellingshausen,3.816065286,-0.04550127393984171,0.04550127393984171,0.540312197173086,FALSE,FALSE
2012-07-16,Amundsen_Bellingshausen,3.875806695,0.00251543941167975,0.00251543941167975,0.540312197173086,FALSE,FALSE
2012-07-17,Amundsen_Bellingshausen,3.886092615,0.00128602226214225,0.00128602226214225,0.540312197173086,FALSE,FALSE
2012-07-18,Amundsen_Bellingshausen,3.836713538,-0.05938828084608172,0.05938828084608172,0.540312197173086,FALSE,FALSE
2012-07-19,Amundsen_Bellingshausen,3.774975069,-0.13219111237061343,0.13219111237061343,0.540312197173086,FALSE,FALSE
2012-07-20,Amundsen_Bellingshausen,3.720950688,-0.1970382397690691,0.1970382397690691,0.540312197173086,FALSE,FALSE
2012-07-21,Amundsen_Bellingshausen,3.710087868,-0.21847115754499535,0.21847115754499535,0.540312197173086,FALSE,FALSE
2012-07-22,Amundsen_Bellingshausen,3.703911177,-0.23495040119244637,0.23495040119244637,0.540312197173086,FALSE,FALSE
2012-07-23,Amundsen_Bellingshausen,3.693631973,-0.2552468995756101,0.2552468995756101,0.540312197173086,FALSE,FALSE
2012-07-24,Amundsen_Bellingshausen,3.671769078,-0.2868240536665492,0.2868240536665492,0.540312197173086,FALSE,FALSE
2012-07-25,Amundsen_Bellingshausen,3.674836825,-0.29314975343732597,0.29314975343732597,0.540312197173086,FALSE,FALSE
2012-07-26,Amundsen_Bellingshausen,3.69606539,-0.2809760458599979,0.2809760458599979,0.540312197173086,FALSE,FALSE
2012-07-27,Amundsen_Bellingshausen,3.746825371,-0.23891455590663657,0.23891455590663657,0.540312197173086,FALSE,FALSE
2012-07-28,Amundsen_Bellingshausen,3.821667566,-0.172396708549297,0.172396708549297,0.540312197173086,FALSE,FALSE
2012-07-29,Amundsen_Bellingshausen,3.823633025,-0.17836367676004938,0.17836367676004938,0.540312197173086,FALSE,FALSE
2012-07-30,Amundsen_Bellingshausen,3.785159756,-0.2243596755109487,0.2243596755109487,0.540312197173086,FALSE,FALSE
2012-07-31,Amundsen_Bellingshausen,3.779420963,-0.23719372377405845,0.23719372377405845,0.540312197173086,FALSE,FALSE
2012-08-01,Amundsen_Bellingshausen,3.828586575,-0.19467811552144632,0.19467811552144632,0.540312197173086,FALSE,FALSE
2012-08-02,Amundsen_Bellingshausen,3.88680129,-0.14265037625266164,0.14265037625266164,0.540312197173086,FALSE,FALSE
2012-08-03,Amundsen_Bellingshausen,3.891427644,-0.14374443360063704,0.14374443360063704,0.540312197173086,FALSE,FALSE
2012-08-04,Amundsen_Bellingshausen,3.868053136,-0.17242062186009344,0.17242062186009344,0.540312197173086,FALSE,FALSE
2012-08-05,Amundsen_Bellingshausen,3.901676442,-0.1437396777970661,0.1437396777970661,0.540312197173086,FALSE,FALSE
2012-08-06,Amundsen_Bellingshausen,3.945963674,-0.10409490217760232,0.10409490217760232,0.540312197173086,FALSE,FALSE
2012-08-07,Amundsen_Bellingshausen,3.969324905,-0.08513563476774033,0.08513563476774033,0.540312197173086,FALSE,FALSE
2012-08-08,Amundsen_Bellingshausen,4.002398607,-0.05628281633352827,0.05628281633352827,0.540312197173086,FALSE,FALSE
2012-08-09,Amundsen_Bellingshausen,4.024043702,-0.03873693764100761,0.03873693764100761,0.540312197173086,FALSE,FALSE
2012-08-10,Amundsen_Bellingshausen,4.018443216,-0.04837438545621619,0.04837438545621619,0.540312197173086,FALSE,FALSE
2012-08-11,Amundsen_Bellingshausen,4.020416758,-0.05043496354520194,0.05043496354520194,0.540312197173086,FALSE,FALSE
2012-08-12,Amundsen_Bellingshausen,3.989799268,-0.08514314467400341,0.08514314467400341,0.540312197173086,FALSE,FALSE
2012-08-13,Amundsen_Bellingshausen,3.934074065,-0.14507502260866811,0.14507502260866811,0.540312197173086,FALSE,FALSE
2012-08-14,Amundsen_Bellingshausen,3.950382377,-0.1331487821152355,0.1331487821152355,0.540312197173086,FALSE,FALSE
2012-08-15,Amundsen_Bellingshausen,3.968741416,-0.11940446232025924,0.11940446232025924,0.540312197173086,FALSE,FALSE
2012-08-16,Amundsen_Bellingshausen,3.964158117,-0.1288281303477179,0.1288281303477179,0.540312197173086,FALSE,FALSE
2012-08-17,Amundsen_Bellingshausen,3.950021668,-0.1479500622710428,0.1479500622710428,0.540312197173086,FALSE,FALSE
2012-08-18,Amundsen_Bellingshausen,3.893821119,-0.20919664208839173,0.20919664208839173,0.540312197173086,FALSE,FALSE
2012-08-19,Amundsen_Bellingshausen,3.840778764,-0.26726100979792866,0.26726100979792866,0.540312197173086,FALSE,FALSE
2012-08-20,Amundsen_Bellingshausen,3.818536574,-0.2944166283978231,0.2944166283978231,0.540312197173086,FALSE,FALSE
2012-08-21,Amundsen_Bellingshausen,3.807959501,-0.30971397988623295,0.30971397988623295,0.540312197173086,FALSE,FALSE
2012-08-22,Amundsen_Bellingshausen,3.788632834,-0.33348320926132535,0.33348320926132535,0.540312197173086,FALSE,FALSE
2012-08-23,Amundsen_Bellingshausen,3.802223462,-0.32397286152126226,0.32397286152126226,0.540312197173086,FALSE,FALSE
2012-08-24,Amundsen_Bellingshausen,3.838643876,-0.29118587966420595,0.29118587966420595,0.540312197173086,FALSE,FALSE
2012-08-25,Amundsen_Bellingshausen,3.926636707,-0.20629506668832945,0.20629506668832945,0.540312197173086,FALSE,FALSE
2012-08-26,Amundsen_Bellingshausen,3.933512261,-0.20190555059178328,0.20190555059178328,0.540312197173086,FALSE,FALSE
2012-08-27,Amundsen_Bellingshausen,3.925903615,-0.21129968837274316,0.21129968837274316,0.540312197173086,FALSE,FALSE
2012-08-28,Amundsen_Bellingshausen,3.934695233,-0.20352344150638,0.20352344150638,0.540312197173086,FALSE,FALSE
2012-08-29,Amundsen_Bellingshausen,3.936375896,-0.20210956810775785,0.20210956810775785,0.540312197173086,FALSE,FALSE
2012-08-30,Amundsen_Bellingshausen,3.911236875,-0.22682257058898525,0.22682257058898525,0.540312197173086,FALSE,FALSE
2012-08-31,Amundsen_Bellingshausen,3.889487275,-0.2475091787672592,0.2475091787672592,0.540312197173086,FALSE,FALSE
2012-09-01,Amundsen_Bellingshausen,3.865009294,-0.2703430294597817,0.2703430294597817,0.540312197173086,FALSE,FALSE
2012-09-02,Amundsen_Bellingshausen,3.820610232,-0.3125726574837451,0.3125726574837451,0.540312197173086,FALSE,FALSE
2012-09-03,Amundsen_Bellingshausen,3.790426837,-0.34011714965635065,0.34011714965635065,0.540312197173086,FALSE,FALSE
2012-09-04,Amundsen_Bellingshausen,3.784850428,-0.3426410217947953,0.3426410217947953,0.540312197173086,FALSE,FALSE
2012-09-05,Amundsen_Bellingshausen,3.777838224,-0.3462428897162768,0.3462428897162768,0.540312197173086,FALSE,FALSE
2012-09-06,Amundsen_Bellingshausen,3.784107454,-0.3362613592379926,0.3362613592379926,0.540312197173086,FALSE,FALSE
2012-09-07,Amundsen_Bellingshausen,3.796269675,-0.32014070817714435,0.32014070817714435,0.540312197173086,FALSE,FALSE
2012-09-08,Amundsen_Bellingshausen,3.816651387,-0.2956102713509279,0.2956102713509279,0.540312197173086,FALSE,FALSE
2012-09-09,Amundsen_Bellingshausen,3.87566923,-0.2323089870505597,0.2323089870505597,0.540312197173086,FALSE,FALSE
2012-09-10,Amundsen_Bellingshausen,3.937850157,-0.16574112813540287,0.16574112813540287,0.540312197173086,FALSE,FALSE
2012-09-11,Amundsen_Bellingshausen,3.99742451,-0.10166351010771012,0.10166351010771012,0.540312197173086,FALSE,FALSE
2012-09-12,Amundsen_Bellingshausen,4.017230985,-0.07721995445591556,0.07721995445591556,0.540312197173086,FALSE,FALSE
2012-09-13,Amundsen_Bellingshausen,4.037675229,-0.05198733166845315,0.05198733166845315,0.540312197173086,FALSE,FALSE
2012-09-14,Amundsen_Bellingshausen,4.112392536,0.02768713476622863,0.02768713476622863,0.540312197173086,FALSE,FALSE
2012-09-15,Amundsen_Bellingshausen,4.118440716,0.0388787373597026,0.0388787373597026,0.540312197173086,FALSE,FALSE
2012-09-16,Amundsen_Bellingshausen,4.082841912,0.00862710162352531,0.00862710162352531,0.540312197173086,FALSE,FALSE
2012-09-17,Amundsen_Bellingshausen,4.034910258,-0.03373615593074142,0.03373615593074142,0.540312197173086,FALSE,FALSE
2012-09-18,Amundsen_Bellingshausen,4.028275777,-0.0345635297915301,0.0345635297915301,0.540312197173086,FALSE,FALSE
2012-09-19,Amundsen_Bellingshausen,4.00364491,-0.05313109644727909,0.05313109644727909,0.540312197173086,FALSE,FALSE
2012-09-20,Amundsen_Bellingshausen,4.003689471,-0.04674955938642977,0.04674955938642977,0.540312197173086,FALSE,FALSE
2012-09-21,Amundsen_Bellingshausen,4.049023805,0.00521290890258097,0.00521290890258097,0.540312197173086,FALSE,FALSE
2012-09-22,Amundsen_Bellingshausen,4.093216377,0.05634167485612984,0.05634167485612984,0.540312197173086,FALSE,FALSE
2012-09-23,Amundsen_Bellingshausen,4.095627135,0.06600736684693764,0.06600736684693764,0.540312197173086,FALSE,FALSE
2012-09-24,Amundsen_Bellingshausen,4.075095552,0.0530563644549078,0.0530563644549078,0.540312197173086,FALSE,FALSE
2012-09-25,Amundsen_Bellingshausen,4.038394932,0.02426882530945384,0.02426882530945384,0.540312197173086,FALSE,FALSE
2012-09-26,Amundsen_Bellingshausen,4.000469082,-0.00540458996000303,0.00540458996000303,0.540312197173086,FALSE,FALSE
2012-09-27,Amundsen_Bellingshausen,4.006247407,0.00897237727595268,0.00897237727595268,0.540312197173086,FALSE,FALSE
2012-09-28,Amundsen_Bellingshausen,4.017462634,0.0291393076467421,0.0291393076467421,0.540312197173086,FALSE,FALSE
2012-09-29,Amundsen_Bellingshausen,4.015366936,0.03635522778178002,0.03635522778178002,0.540312197173086,FALSE,FALSE
2012-09-30,Amundsen_Bellingshausen,4.001183024,0.03184970231048911,0.03184970231048911,0.540312197173086,FALSE,FALSE
2012-10-01,Amundsen_Bellingshausen,3.977532888,0.01825157486228468,0.01825157486228468,0.540312197173086,FALSE,FALSE
2012-10-02,Amundsen_Bellingshausen,3.946708793,-0.00214003593341205,0.00214003593341205,0.540312197173086,FALSE,FALSE
2012-10-03,Amundsen_Bellingshausen,3.89750919,-0.04051982544718413,0.04051982544718413,0.540312197173086,FALSE,FALSE
2012-10-04,Amundsen_Bellingshausen,3.856032704,-0.07078233015784763,0.07078233015784763,0.540312197173086,FALSE,FALSE
2012-10-05,Amundsen_Bellingshausen,3.820791197,-0.09442712491069116,0.09442712491069116,0.540312197173086,FALSE,FALSE
2012-10-06,Amundsen_Bellingshausen,3.782572594,-0.12073147944240192,0.12073147944240192,0.540312197173086,FALSE,FALSE
2012-10-07,Amundsen_Bellingshausen,3.754803432,-0.1363438863898785,0.1363438863898785,0.540312197173086,FALSE,FALSE
2012-10-08,Amundsen_Bellingshausen,3.737819671,-0.14100341539002592,0.14100341539002592,0.540312197173086,FALSE,FALSE
2012-10-09,Amundsen_Bellingshausen,3.738353426,-0.1280529810797506,0.1280529810797506,0.540312197173086,FALSE,FALSE
2012-10-10,Amundsen_Bellingshausen,3.758976113,-0.09499619709595342,0.09499619709595342,0.540312197173086,FALSE,FALSE
2012-10-11,Amundsen_Bellingshausen,3.76060596,-0.08098986507553763,0.08098986507553763,0.540312197173086,FALSE,FALSE
2012-10-12,Amundsen_Bellingshausen,3.737555597,-0.09179638465540796,0.09179638465540796,0.540312197173086,FALSE,FALSE
2012-10-13,Amundsen_Bellingshausen,3.6993275,-0.11798830947246496,0.11798830947246496,0.540312197173086,FALSE,FALSE
2012-10-14,Amundsen_Bellingshausen,3.6905559,-0.11500643816361532,0.11500643816361532,0.540312197173086,FALSE,FALSE
2012-10-15,Amundsen_Bellingshausen,3.68837909,-0.1057875073657617,0.1057875073657617,0.540312197173086,FALSE,FALSE
2012-10-16,Amundsen_Bellingshausen,3.698797166,-0.08440645071580688,0.08440645071580688,0.540312197173086,FALSE,FALSE
2012-10-17,Amundsen_Bellingshausen,3.718797622,-0.05394751141167786,0.05394751141167786,0.540312197173086,FALSE,FALSE
2012-10-18,Amundsen_Bellingshausen,3.736886502,-0.02590645222299592,0.02590645222299592,0.540312197173086,FALSE,FALSE
2012-10-19,Amundsen_Bellingshausen,3.753629869,3.478376392704874e-4,3.478376392704874e-4,0.540312197173086,FALSE,FALSE
2012-10-20,Amundsen_Bellingshausen,3.756530438,0.01238579783898163,0.01238579783898163,0.540312197173086,FALSE,FALSE
2012-10-21,Amundsen_Bellingshausen,3.741805263,0.00649220703999686,0.00649220703999686,0.540312197173086,FALSE,FALSE
2012-10-22,Amundsen_Bellingshausen,3.718204653,-0.00851490109381947,0.00851490109381947,0.540312197173086,FALSE,FALSE
2012-10-23,Amundsen_Bellingshausen,3.709148701,-0.00914770889861094,0.00914770889861094,0.540312197173086,FALSE,FALSE
2012-10-24,Amundsen_Bellingshausen,3.697548776,-0.01242712271051571,0.01242712271051571,0.540312197173086,FALSE,FALSE
2012-10-25,Amundsen_Bellingshausen,3.672318855,-0.02937144086567356,0.02937144086567356,0.540312197173086,FALSE,FALSE
2012-10-26,Amundsen_Bellingshausen,3.636366363,-0.05700551370022166,0.05700551370022166,0.540312197173086,FALSE,FALSE
2012-10-27,Amundsen_Bellingshausen,3.618767048,-0.06618586855030317,0.06618586855030317,0.540312197173086,FALSE,FALSE
2012-10-28,Amundsen_Bellingshausen,3.598579739,-0.07778595175205538,0.07778595175205538,0.540312197173086,FALSE,FALSE
2012-10-29,Amundsen_Bellingshausen,3.603390147,-0.06415232764161738,0.06415232764161738,0.540312197173086,FALSE,FALSE
2012-10-30,Amundsen_Bellingshausen,3.610377045,-0.04804952401614981,0.04804952401614981,0.540312197173086,FALSE,FALSE
2012-10-31,Amundsen_Bellingshausen,3.622009169,-0.02700637538603301,0.02700637538603301,0.540312197173086,FALSE,FALSE
2012-11-01,Amundsen_Bellingshausen,3.608625792,-0.03069784880868642,0.03069784880868642,0.540312197173086,FALSE,FALSE
2012-11-02,Amundsen_Bellingshausen,3.602649545,-0.02671555782275003,0.02671555782275003,0.540312197173086,FALSE,FALSE
2012-11-03,Amundsen_Bellingshausen,3.596144338,-0.02300983696685632,0.02300983696685632,0.540312197173086,FALSE,FALSE
2012-11-04,Amundsen_Bellingshausen,3.597945714,-0.01075938777964324,0.01075938777964324,0.540312197173086,FALSE,FALSE
2012-11-05,Amundsen_Bellingshausen,3.601598735,0.00356660720025603,0.00356660720025603,0.540312197173086,FALSE,FALSE
2012-11-06,Amundsen_Bellingshausen,3.601296322,0.01414682443420289,0.01414682443420289,0.540312197173086,FALSE,FALSE
2012-11-07,Amundsen_Bellingshausen,3.597916041,0.02184458538356404,0.02184458538356404,0.540312197173086,FALSE,FALSE
2012-11-08,Amundsen_Bellingshausen,3.584876684,0.02006443750970676,0.02006443750970676,0.540312197173086,FALSE,FALSE
2012-11-09,Amundsen_Bellingshausen,3.585318329,0.03193221427399218,0.03193221427399218,0.540312197173086,FALSE,FALSE
2012-11-10,Amundsen_Bellingshausen,3.589522555,0.04771525013778444,0.04771525013778444,0.540312197173086,FALSE,FALSE
2012-11-11,Amundsen_Bellingshausen,3.61628237,0.0861922877414818,0.0861922877414818,0.540312197173086,FALSE,FALSE
2012-11-12,Amundsen_Bellingshausen,3.652396349,0.1341464849303633,0.1341464849303633,0.540312197173086,FALSE,FALSE
2012-11-13,Amundsen_Bellingshausen,3.672007991,0.1657041921613045,0.1657041921613045,0.540312197173086,FALSE,FALSE
2012-11-14,Amundsen_Bellingshausen,3.676617743,0.18234856508016992,0.18234856508016992,0.540312197173086,FALSE,FALSE
2012-11-15,Amundsen_Bellingshausen,3.686193721,0.2040304283328176,0.2040304283328176,0.540312197173086,FALSE,FALSE
2012-11-16,Amundsen_Bellingshausen,3.703016538,0.23301310356510951,0.23301310356510951,0.540312197173086,FALSE,FALSE
2012-11-17,Amundsen_Bellingshausen,3.717135423,0.25932852842290544,0.25932852842290544,0.540312197173086,FALSE,FALSE
2012-11-18,Amundsen_Bellingshausen,3.71514348,0.2695525155520673,0.2695525155520673,0.540312197173086,FALSE,FALSE
2012-11-19,Amundsen_Bellingshausen,3.699503518,0.266130582598453,0.266130582598453,0.540312197173086,FALSE,FALSE
2012-11-20,Amundsen_Bellingshausen,3.68804394,0.266873841207925,0.266873841207925,0.540312197173086,FALSE,FALSE
2012-11-21,Amundsen_Bellingshausen,3.68155798,0.27255823402634594,0.27255823402634594,0.540312197173086,FALSE,FALSE
2012-11-22,Amundsen_Bellingshausen,3.661358334,0.2644791656995733,0.2644791656995733,0.540312197173086,FALSE,FALSE
2012-11-23,Amundsen_Bellingshausen,3.64501889,0.2601932328734682,0.2601932328734682,0.540312197173086,FALSE,FALSE
2012-11-24,Amundsen_Bellingshausen,3.616798245,0.24394647949801215,0.24394647949801215,0.540312197173086,FALSE,FALSE
2012-11-25,Amundsen_Bellingshausen,3.588676125,0.22774615430554104,0.22774615430554104,0.540312197173086,FALSE,FALSE
2012-11-26,Amundsen_Bellingshausen,3.567471547,0.2184589481707362,0.2184589481707362,0.540312197173086,FALSE,FALSE
2012-11-27,Amundsen_Bellingshausen,3.552262105,0.2152102816014891,0.2152102816014891,0.540312197173086,FALSE,FALSE
2012-11-28,Amundsen_Bellingshausen,3.558656865,0.2336570471056767,0.2336570471056767,0.540312197173086,FALSE,FALSE
2012-11-29,Amundsen_Bellingshausen,3.564318132,0.25150937619118485,0.25150937619118485,0.540312197173086,FALSE,FALSE
2012-11-30,Amundsen_Bellingshausen,3.567175108,0.26674429736589644,0.26674429736589644,0.540312197173086,FALSE,FALSE
2012-12-01,Amundsen_Bellingshausen,3.561346392,0.2735282361376954,0.2735282361376954,0.540312197173086,FALSE,FALSE
2012-12-02,Amundsen_Bellingshausen,3.541026009,0.26610304401446383,0.26610304401446383,0.540312197173086,FALSE,FALSE
2012-12-03,Amundsen_Bellingshausen,3.494845308,0.23314789650408807,0.23314789650408807,0.540312197173086,FALSE,FALSE
2012-12-04,Amundsen_Bellingshausen,3.469604788,0.22151111911444857,0.22151111911444857,0.540312197173086,FALSE,FALSE
2012-12-05,Amundsen_Bellingshausen,3.467228036,0.23316412535343112,0.23316412535343112,0.540312197173086,FALSE,FALSE
2012-12-06,Amundsen_Bellingshausen,3.464896312,0.24533607249473463,0.24533607249473463,0.540312197173086,FALSE,FALSE
2012-12-07,Amundsen_Bellingshausen,3.44456332,0.2400505297857598,0.2400505297857598,0.540312197173086,FALSE,FALSE
2012-12-08,Amundsen_Bellingshausen,3.433424988,0.24462626916031205,0.24462626916031205,0.540312197173086,FALSE,FALSE
2012-12-09,Amundsen_Bellingshausen,3.43269245,0.26040509468528317,0.26040509468528317,0.540312197173086,FALSE,FALSE
2012-12-10,Amundsen_Bellingshausen,3.443725972,0.2888779424275705,0.2888779424275705,0.540312197173086,FALSE,FALSE
2012-12-11,Amundsen_Bellingshausen,3.436497046,0.30014697445406346,0.30014697445406346,0.540312197173086,FALSE,FALSE
2012-12-12,Amundsen_Bellingshausen,3.423517818,0.30685500683166334,0.30685500683166334,0.540312197173086,FALSE,FALSE
2012-12-13,Amundsen_Bellingshausen,3.438398189,0.34274261062725664,0.34274261062725664,0.540312197173086,FALSE,FALSE
2012-12-14,Amundsen_Bellingshausen,3.44409374,0.3708960369077427,0.3708960369077427,0.540312197173086,FALSE,FALSE
2012-12-15,Amundsen_Bellingshausen,3.448486647,0.3993281317400154,0.3993281317400154,0.540312197173086,FALSE,FALSE
2012-12-16,Amundsen_Bellingshausen,3.453271748,0.4298644031909675,0.4298644031909675,0.540312197173086,FALSE,FALSE
2012-12-17,Amundsen_Bellingshausen,3.443593744,0.4477802223274941,0.4477802223274941,0.540312197173086,FALSE,FALSE
2012-12-18,Amundsen_Bellingshausen,3.441889277,0.4756429012164891,0.4756429012164891,0.540312197173086,FALSE,FALSE
2012-12-19,Amundsen_Bellingshausen,3.441310238,0.5067250560584045,0.5067250560584045,0.540312197173086,FALSE,FALSE
2012-12-20,Amundsen_Bellingshausen,3.416433161,0.5155666985461318,0.5155666985461318,0.540312197173086,FALSE,FALSE
2012-12-21,Amundsen_Bellingshausen,3.376812881,0.5115606231101477,0.5115606231101477,0.540312197173086,FALSE,FALSE
2012-12-22,Amundsen_Bellingshausen,3.315271574,0.4873634673732452,0.4873634673732452,0.540312197173086,FALSE,FALSE
2012-12-23,Amundsen_Bellingshausen,3.262832062,0.47383251495820566,0.47383251495820566,0.540312197173086,FALSE,FALSE
2012-12-24,Amundsen_Bellingshausen,3.224494983,0.4758028654878177,0.4758028654878177,0.540312197173086,FALSE,FALSE
2012-12-25,Amundsen_Bellingshausen,3.159170306,0.4520189495848692,0.4520189495848692,0.540312197173086,FALSE,FALSE
2012-12-26,Amundsen_Bellingshausen,3.141903367,0.47736056487214906,0.47736056487214906,0.540312197173086,FALSE,FALSE
2012-12-27,Amundsen_Bellingshausen,3.111281423,0.4902494299724398,0.4902494299724398,0.540312197173086,FALSE,FALSE
2012-12-28,Amundsen_Bellingshausen,3.061057338,0.4842728705085291,0.4842728705085291,0.540312197173086,FALSE,FALSE
2012-12-29,Amundsen_Bellingshausen,3.010287212,0.4783214481032107,0.4783214481032107,0.540312197173086,FALSE,FALSE
2012-12-30,Amundsen_Bellingshausen,2.971586203,0.4848447823792638,0.4848447823792638,0.540312197173086,FALSE,FALSE
2012-12-31,Amundsen_Bellingshausen,2.953311288,0.5120343119594759,0.5120343119594759,0.540312197173086,FALSE,FALSE
2013-01-01,Amundsen_Bellingshausen,2.900064175,0.4587871989594756,0.4587871989594756,0.540312197173086,FALSE,FALSE
2013-01-02,Amundsen_Bellingshausen,2.874929996,0.47919878547267114,0.47919878547267114,0.540312197173086,FALSE,FALSE
2013-01-03,Amundsen_Bellingshausen,2.797811503,0.4475756305718117,0.4475756305718117,0.540312197173086,FALSE,FALSE
2013-01-04,Amundsen_Bellingshausen,2.738020349,0.4331043969159043,0.4331043969159043,0.540312197173086,FALSE,FALSE
2013-01-05,Amundsen_Bellingshausen,2.692675448,0.4327790081639389,0.4327790081639389,0.540312197173086,FALSE,FALSE
2013-01-06,Amundsen_Bellingshausen,2.634466157,0.4191638309749206,0.4191638309749206,0.540312197173086,FALSE,FALSE
2013-01-07,Amundsen_Bellingshausen,2.570252323,0.39899372200784544,0.39899372200784544,0.540312197173086,FALSE,FALSE
2013-01-08,Amundsen_Bellingshausen,2.469710069,0.3418198139217137,0.3418198139217137,0.540312197173086,FALSE,FALSE
2013-01-09,Amundsen_Bellingshausen,2.383323706,0.2980014273755254,0.2980014273755254,0.540312197173086,FALSE,FALSE
2013-01-10,Amundsen_Bellingshausen,2.343973418,0.3002937560282808,0.3002937560282808,0.540312197173086,FALSE,FALSE
2013-01-11,Amundsen_Bellingshausen,2.275553879,0.2724664835389774,0.2724664835389774,0.540312197173086,FALSE,FALSE
2013-01-12,Amundsen_Bellingshausen,2.181201889,0.2175314195666156,0.2175314195666156,0.540312197173086,FALSE,FALSE
2013-01-13,Amundsen_Bellingshausen,2.178213301,0.25265942677019626,0.25265942677019626,0.540312197173086,FALSE,FALSE
2013-01-14,Amundsen_Bellingshausen,2.14493023,0.25606958562309834,0.25606958562309834,0.540312197173086,FALSE,FALSE
2013-01-15,Amundsen_Bellingshausen,2.096729846,0.24308621568095568,0.24308621568095568,0.540312197173086,FALSE,FALSE
2013-01-16,Amundsen_Bellingshausen,2.097699235,0.2778314781270479,0.2778314781270479,0.540312197173086,FALSE,FALSE
2013-01-17,Amundsen_Bellingshausen,2.080403609,0.29291122085997756,0.29291122085997756,0.540312197173086,FALSE,FALSE
2013-01-18,Amundsen_Bellingshausen,2.070359194,0.3138823057783424,0.3138823057783424,0.540312197173086,FALSE,FALSE
2013-01-19,Amundsen_Bellingshausen,2.049609658,0.3228290367807445,0.3228290367807445,0.540312197173086,FALSE,FALSE
2013-01-20,Amundsen_Bellingshausen,2.025618705,0.327255753765781,0.327255753765781,0.540312197173086,FALSE,FALSE
2013-01-21,Amundsen_Bellingshausen,1.997946983,0.3267637406320547,0.3267637406320547,0.540312197173086,FALSE,FALSE
2013-01-22,Amundsen_Bellingshausen,1.996511155,0.351310296278164,0.351310296278164,0.540312197173086,FALSE,FALSE
2013-01-23,Amundsen_Bellingshausen,1.978261672,0.357886507602708,0.357886507602708,0.540312197173086,FALSE,FALSE
2013-01-24,Amundsen_Bellingshausen,1.92666663,0.33000110650428915,0.33000110650428915,0.540312197173086,FALSE,FALSE
2013-01-25,Amundsen_Bellingshausen,1.87997866,0.3059473598815048,0.3059473598815048,0.540312197173086,FALSE,FALSE
2013-01-26,Amundsen_Bellingshausen,1.855488155,0.30305629663295663,0.30305629663295663,0.540312197173086,FALSE,FALSE
2013-01-27,Amundsen_Bellingshausen,1.847638392,0.31580962553235525,0.31580962553235525,0.540312197173086,FALSE,FALSE
2013-01-28,Amundsen_Bellingshausen,1.824890794,0.31269228062054855,0.31269228062054855,0.540312197173086,FALSE,FALSE
2013-01-29,Amundsen_Bellingshausen,1.805832658,0.31230888295472314,0.31230888295472314,0.540312197173086,FALSE,FALSE
2013-01-30,Amundsen_Bellingshausen,1.775814102,0.3000268546618228,0.3000268546618228,0.540312197173086,FALSE,FALSE
2013-01-31,Amundsen_Bellingshausen,1.756429922,0.29745829586879613,0.29745829586879613,0.540312197173086,FALSE,FALSE
2013-02-01,Amundsen_Bellingshausen,1.735217878,0.2921582707025896,0.2921582707025896,0.540312197173086,FALSE,FALSE
2013-02-02,Amundsen_Bellingshausen,1.728757565,0.300723678290149,0.300723678290149,0.540312197173086,FALSE,FALSE
2013-02-03,Amundsen_Bellingshausen,1.700374864,0.28649770375842265,0.28649770375842265,0.540312197173086,FALSE,FALSE
2013-02-04,Amundsen_Bellingshausen,1.690659308,0.290087184234358,0.290087184234358,0.540312197173086,FALSE,FALSE
2013-02-05,Amundsen_Bellingshausen,1.694461466,0.306359992844899,0.306359992844899,0.540312197173086,FALSE,FALSE
2013-02-06,Amundsen_Bellingshausen,1.685820368,0.309372463716995,0.309372463716995,0.540312197173086,FALSE,FALSE
2013-02-07,Amundsen_Bellingshausen,1.671112116,0.3055180029775928,0.3055180029775928,0.540312197173086,FALSE,FALSE
2013-02-08,Amundsen_Bellingshausen,1.664752021,0.30922914017920355,0.30922914017920355,0.540312197173086,FALSE,FALSE
2013-02-09,Amundsen_Bellingshausen,1.667119353,0.32089106605329243,0.32089106605329243,0.540312197173086,FALSE,FALSE
2013-02-10,Amundsen_Bellingshausen,1.668784557,0.3310576776786791,0.3310576776786791,0.540312197173086,FALSE,FALSE
2013-02-11,Amundsen_Bellingshausen,1.64342486,0.3133869975844439,0.3133869975844439,0.540312197173086,FALSE,FALSE
2013-02-12,Amundsen_Bellingshausen,1.625526455,0.3023460142996641,0.3023460142996641,0.540312197173086,FALSE,FALSE
2013-02-13,Amundsen_Bellingshausen,1.621185335,0.30401151635341916,0.30401151635341916,0.540312197173086,FALSE,FALSE
2013-02-14,Amundsen_Bellingshausen,1.63062144,0.31858423927478907,0.31858423927478907,0.540312197173086,FALSE,FALSE
2013-02-15,Amundsen_Bellingshausen,1.626439386,0.31864959459285114,0.31864959459285114,0.540312197173086,FALSE,FALSE
2013-02-16,Amundsen_Bellingshausen,1.616115816,0.311665020836684,0.311665020836684,0.540312197173086,FALSE,FALSE
2013-02-17,Amundsen_Bellingshausen,1.596163099,0.2941236825353688,0.2941236825353688,0.540312197173086,FALSE,FALSE
2013-02-18,Amundsen_Bellingshausen,1.573756344,0.27318148421798294,0.27318148421798294,0.540312197173086,FALSE,FALSE
2013-02-19,Amundsen_Bellingshausen,1.550556123,0.25047979341360427,0.25047979341360427,0.540312197173086,FALSE,FALSE
2013-02-20,Amundsen_Bellingshausen,1.555391207,0.25482817665131363,0.25482817665131363,0.540312197173086,FALSE,FALSE
2013-02-21,Amundsen_Bellingshausen,1.579693053,0.2776422093964952,0.2776422093964952,0.540312197173086,FALSE,FALSE
2013-02-22,Amundsen_Bellingshausen,1.588558527,0.2840431621754218,0.2840431621754218,0.540312197173086,FALSE,FALSE
2013-02-23,Amundsen_Bellingshausen,1.608458243,0.3005528535600812,0.3005528535600812,0.540312197173086,FALSE,FALSE
2013-02-24,Amundsen_Bellingshausen,1.640314094,0.3281448655861381,0.3281448655861381,0.540312197173086,FALSE,FALSE
2013-02-25,Amundsen_Bellingshausen,1.649257366,0.33200217328924997,0.33200217328924997,0.540312197173086,FALSE,FALSE
2013-02-26,Amundsen_Bellingshausen,1.672767696,0.34965610270507863,0.34965610270507863,0.540312197173086,FALSE,FALSE
2013-02-27,Amundsen_Bellingshausen,1.701388015,0.3717012738692844,0.3717012738692844,0.540312197173086,FALSE,FALSE
2013-02-28,Amundsen_Bellingshausen,1.708699415,0.3717704678175293,0.3717704678175293,0.540312197173086,FALSE,FALSE
2013-03-01,Amundsen_Bellingshausen,1.69958206,0.35479553758547233,0.35479553758547233,0.540312197173086,FALSE,FALSE
2013-03-02,Amundsen_Bellingshausen,1.698833197,0.34562541920877465,0.34562541920877465,0.540312197173086,FALSE,FALSE
2013-03-03,Amundsen_Bellingshausen,1.677070506,0.31492948172309676,0.31492948172309676,0.540312197173086,FALSE,FALSE
2013-03-04,Amundsen_Bellingshausen,1.693737936,0.32220336316410014,0.32220336316410014,0.540312197173086,FALSE,FALSE
2013-03-05,Amundsen_Bellingshausen,1.701628561,0.32029182324036776,0.32029182324036776,0.540312197173086,FALSE,FALSE
2013-03-06,Amundsen_Bellingshausen,1.716190894,0.32468268435030057,0.32468268435030057,0.540312197173086,FALSE,FALSE
2013-03-07,Amundsen_Bellingshausen,1.73588281,0.3338328383275022,0.3338328383275022,0.540312197173086,FALSE,FALSE
2013-03-08,Amundsen_Bellingshausen,1.757058991,0.3440877981487498,0.3440877981487498,0.540312197173086,FALSE,FALSE
2013-03-09,Amundsen_Bellingshausen,1.816698614,0.3924175717908196,0.3924175717908196,0.540312197173086,FALSE,FALSE
2013-03-10,Amundsen_Bellingshausen,1.853883739,0.4178950502304888,0.4178950502304888,0.540312197173086,FALSE,FALSE
2013-03-11,Amundsen_Bellingshausen,1.881050557,0.43294725544453394,0.43294725544453394,0.540312197173086,FALSE,FALSE
2013-03-12,Amundsen_Bellingshausen,1.926735374,0.4661013244097316,0.4661013244097316,0.540312197173086,FALSE,FALSE
2013-03-13,Amundsen_Bellingshausen,1.960299115,0.48670901310285664,0.48670901310285664,0.540312197173086,FALSE,FALSE
2013-03-14,Amundsen_Bellingshausen,1.973864517,0.4868838895006888,0.4868838895006888,0.540312197173086,FALSE,FALSE
2013-03-15,Amundsen_Bellingshausen,2.001204381,0.5003895855800033,0.5003895855800033,0.540312197173086,FALSE,FALSE
2013-03-16,Amundsen_Bellingshausen,2.020903226,0.5058014513175753,0.5058014513175753,0.540312197173086,FALSE,FALSE
2013-03-17,Amundsen_Bellingshausen,2.058399013,0.5285482786901832,0.5285482786901832,0.540312197173086,FALSE,FALSE
2013-03-18,Amundsen_Bellingshausen,2.06791381,0.5228434574565617,0.5228434574565617,0.540312197173086,FALSE,FALSE
2013-03-19,Amundsen_Bellingshausen,2.074673569,0.5139165185833205,0.5139165185833205,0.540312197173086,FALSE,FALSE
2013-03-20,Amundsen_Bellingshausen,2.061396442,0.4845020141791696,0.4845020141791696,0.540312197173086,FALSE,FALSE
2013-03-21,Amundsen_Bellingshausen,2.052320836,0.45885535499316665,0.45885535499316665,0.540312197173086,FALSE,FALSE
2013-03-22,Amundsen_Bellingshausen,2.063680796,0.4532275897743674,0.4532275897743674,0.540312197173086,FALSE,FALSE
2013-03-23,Amundsen_Bellingshausen,2.076082226,0.44824162627182806,0.44824162627182806,0.540312197173086,FALSE,FALSE
2013-03-24,Amundsen_Bellingshausen,2.089111494,0.44350083623460734,0.44350083623460734,0.540312197173086,FALSE,FALSE
2013-03-25,Amundsen_Bellingshausen,2.118453459,0.4547070824117596,0.4547070824117596,0.540312197173086,FALSE,FALSE
2013-03-26,Amundsen_Bellingshausen,2.128044789,0.4458140365523422,0.4458140365523422,0.540312197173086,FALSE,FALSE
2013-03-27,Amundsen_Bellingshausen,2.144333501,0.4432867194054131,0.4432867194054131,0.540312197173086,FALSE,FALSE
2013-03-28,Amundsen_Bellingshausen,2.155632899,0.4354554387200269,0.4354554387200269,0.540312197173086,FALSE,FALSE
2013-03-29,Amundsen_Bellingshausen,2.202154402,0.4625486172452409,0.4625486172452409,0.540312197173086,FALSE,FALSE
2013-03-30,Amundsen_Bellingshausen,2.249210567,0.4898958157301118,0.4898958157301118,0.540312197173086,FALSE,FALSE
2013-03-31,Amundsen_Bellingshausen,2.296751069,0.5174607532966522,0.5174607532966522,0.540312197173086,FALSE,FALSE
2013-04-01,Amundsen_Bellingshausen,2.323176543,0.5236419316471095,0.5236419316471095,0.540312197173086,FALSE,FALSE
2013-04-02,Amundsen_Bellingshausen,2.341006725,0.5209514538581499,0.5209514538581499,0.540312197173086,FALSE,FALSE
2013-04-03,Amundsen_Bellingshausen,2.337400399,0.496540466459898,0.496540466459898,0.540312197173086,FALSE,FALSE
2013-04-04,Amundsen_Bellingshausen,2.347695916,0.4857396829824822,0.4857396829824822,0.540312197173086,FALSE,FALSE
2013-04-05,Amundsen_Bellingshausen,2.382468937,0.49911712695602706,0.49911712695602706,0.540312197173086,FALSE,FALSE
2013-04-06,Amundsen_Bellingshausen,2.374514979,0.4694606779106649,0.4694606779106649,0.540312197173086,FALSE,FALSE
2013-04-07,Amundsen_Bellingshausen,2.342286205,0.4152148613765181,0.4152148613765181,0.540312197173086,FALSE,FALSE
2013-04-08,Amundsen_Bellingshausen,2.319780629,0.37037005388371735,0.37037005388371735,0.540312197173086,FALSE,FALSE
2013-04-09,Amundsen_Bellingshausen,2.334725303,0.36264566996238834,0.36264566996238834,0.540312197173086,FALSE,FALSE
2013-04-10,Amundsen_Bellingshausen,2.290227455,0.2951413001426577,0.2951413001426577,0.540312197173086,FALSE,FALSE
2013-04-11,Amundsen_Bellingshausen,2.303046266,0.2846084879546531,0.2846084879546531,0.540312197173086,FALSE,FALSE
2013-04-12,Amundsen_Bellingshausen,2.321424173,0.27928208203526994,0.27928208203526994,0.540312197173086,FALSE,FALSE
2013-04-13,Amundsen_Bellingshausen,2.332571448,0.26636826587209717,0.26636826587209717,0.540312197173086,FALSE,FALSE
2013-04-14,Amundsen_Bellingshausen,2.344064588,0.2534452174252122,0.2534452174252122,0.540312197173086,FALSE,FALSE
2013-04-15,Amundsen_Bellingshausen,2.350578125,0.2351896885492528,0.2351896885492528,0.540312197173086,FALSE,FALSE
2013-04-16,Amundsen_Bellingshausen,2.347786956,0.20727879609884692,0.20727879609884692,0.540312197173086,FALSE,FALSE
2013-04-17,Amundsen_Bellingshausen,2.359366239,0.19338991792863203,0.19338991792863203,0.540312197173086,FALSE,FALSE
2013-04-18,Amundsen_Bellingshausen,2.37835559,0.18656488989324327,0.18656488989324327,0.540312197173086,FALSE,FALSE
2013-04-19,Amundsen_Bellingshausen,2.371984354,0.15403527684731122,0.15403527684731122,0.540312197173086,FALSE,FALSE
2013-04-20,Amundsen_Bellingshausen,2.357447355,0.11299812264547128,0.11299812264547128,0.540312197173086,FALSE,FALSE
2013-04-21,Amundsen_Bellingshausen,2.36645858,0.0951696341423558,0.0951696341423558,0.540312197173086,FALSE,FALSE
2013-04-22,Amundsen_Bellingshausen,2.405601538,0.1071355401926004,0.1071355401926004,0.540312197173086,FALSE,FALSE
2013-04-23,Amundsen_Bellingshausen,2.463450119,0.13747195065083906,0.13747195065083906,0.540312197173086,FALSE,FALSE
2013-04-24,Amundsen_Bellingshausen,2.47061064,0.11678740237170349,0.11678740237170349,0.540312197173086,FALSE,FALSE
2013-04-25,Amundsen_Bellingshausen,2.520233717,0.138239072377766,0.138239072377766,0.540312197173086,FALSE,FALSE
2013-04-26,Amundsen_Bellingshausen,2.563108612,0.15266401377118033,0.15266401377118033,0.540312197173086,FALSE,FALSE
2013-04-27,Amundsen_Bellingshausen,2.588093053,0.1489905296372056,0.1489905296372056,0.540312197173086,FALSE,FALSE
2013-04-28,Amundsen_Bellingshausen,2.624045538,0.15614793306520847,0.15614793306520847,0.540312197173086,FALSE,FALSE
2013-04-29,Amundsen_Bellingshausen,2.642307262,0.14554823414455154,0.14554823414455154,0.540312197173086,FALSE,FALSE
2013-04-30,Amundsen_Bellingshausen,2.635381291,0.1097653139645942,0.1097653139645942,0.540312197173086,FALSE,FALSE
2013-05-01,Amundsen_Bellingshausen,2.603879498,0.0494818606147005,0.0494818606147005,0.540312197173086,FALSE,FALSE
2013-05-02,Amundsen_Bellingshausen,2.612437961,0.02940476718423301,0.02940476718423301,0.540312197173086,FALSE,FALSE
2013-05-03,Amundsen_Bellingshausen,2.646272802,0.03482097076255552,0.03482097076255552,0.540312197173086,FALSE,FALSE
2013-05-04,Amundsen_Bellingshausen,2.68177749,0.04219475543903295,0.04219475543903295,0.540312197173086,FALSE,FALSE
2013-05-05,Amundsen_Bellingshausen,2.721580556,0.05422546730302358,0.05422546730302358,0.540312197173086,FALSE,FALSE
2013-05-06,Amundsen_Bellingshausen,2.731675459,0.03697738044389354,0.03697738044389354,0.540312197173086,FALSE,FALSE
2013-05-07,Amundsen_Bellingshausen,2.74558109,0.02404016196787672,0.02404016196787672,0.540312197173086,FALSE,FALSE
2013-05-08,Amundsen_Bellingshausen,2.762626803,0.01479220827910055,0.01479220827910055,0.540312197173086,FALSE,FALSE
2013-05-09,Amundsen_Bellingshausen,2.799340934,0.02575305413136064,0.02575305413136064,0.540312197173086,FALSE,FALSE
2013-05-10,Amundsen_Bellingshausen,2.824574377,0.02575527491359963,0.02575527491359963,0.540312197173086,FALSE,FALSE
2013-05-11,Amundsen_Bellingshausen,2.883111285,0.05956470501475675,0.05956470501475675,0.540312197173086,FALSE,FALSE
2013-05-12,Amundsen_Bellingshausen,2.912571297,0.06478266482377348,0.06478266482377348,0.540312197173086,FALSE,FALSE
2013-05-13,Amundsen_Bellingshausen,2.92754147,0.05597789272959197,0.05597789272959197,0.540312197173086,FALSE,FALSE
2013-05-14,Amundsen_Bellingshausen,2.937133575,0.04224384112114832,0.04224384112114832,0.540312197173086,FALSE,FALSE
2013-05-15,Amundsen_Bellingshausen,2.951427334,0.03364191338738598,0.03364191338738598,0.540312197173086,FALSE,FALSE
2013-05-16,Amundsen_Bellingshausen,2.989998449,0.04972949291724582,0.04972949291724582,0.540312197173086,FALSE,FALSE
2013-05-17,Amundsen_Bellingshausen,3.053706962,0.09134830309966711,0.09134830309966711,0.540312197173086,FALSE,FALSE
2013-05-18,Amundsen_Bellingshausen,3.097487793,0.11341494532359064,0.11341494532359064,0.540312197173086,FALSE,FALSE
2013-05-19,Amundsen_Bellingshausen,3.10907568,0.1036458389779571,0.1036458389779571,0.540312197173086,FALSE,FALSE
2013-05-20,Amundsen_Bellingshausen,3.091621456,0.0651735600610448,0.0651735600610448,0.540312197173086,FALSE,FALSE
2013-05-21,Amundsen_Bellingshausen,3.071758424,0.02461427877607969,0.02461427877607969,0.540312197173086,FALSE,FALSE
2013-05-22,Amundsen_Bellingshausen,3.047552863,-0.01998187647407423,0.01998187647407423,0.540312197173086,FALSE,FALSE
2013-05-23,Amundsen_Bellingshausen,3.039725013,-0.04791078324072684,0.04791078324072684,0.540312197173086,FALSE,FALSE
2013-05-24,Amundsen_Bellingshausen,3.048206981,-0.05925645207518126,0.05925645207518126,0.540312197173086,FALSE,FALSE
2013-05-25,Amundsen_Bellingshausen,3.076848175,-0.05018559252874688,0.05018559252874688,0.540312197173086,FALSE,FALSE
2013-05-26,Amundsen_Bellingshausen,3.074496276,-0.07186664115273089,0.07186664115273089,0.540312197173086,FALSE,FALSE
2013-05-27,Amundsen_Bellingshausen,3.064985125,-0.1004818744984406,0.1004818744984406,0.540312197173086,FALSE,FALSE
2013-05-28,Amundsen_Bellingshausen,3.125526119,-0.05883601311718278,0.05883601311718278,0.540312197173086,FALSE,FALSE
2013-05-29,Amundsen_Bellingshausen,3.195867766,-0.0071966665602634,0.0071966665602634,0.540312197173086,FALSE,FALSE
2013-05-30,Amundsen_Bellingshausen,3.204928076,-0.01666194237899265,0.01666194237899265,0.540312197173086,FALSE,FALSE
2013-05-31,Amundsen_Bellingshausen,3.172031321,-0.06792368612467614,0.06792368612467614,0.540312197173086,FALSE,FALSE
2013-06-01,Amundsen_Bellingshausen,3.175817103,-0.0823584133486217,0.0823584133486217,0.540312197173086,FALSE,FALSE
2013-06-02,Amundsen_Bellingshausen,3.235766765,-0.04049273033274092,0.04049273033274092,0.540312197173086,FALSE,FALSE
2013-06-03,Amundsen_Bellingshausen,3.239186295,-0.05499236171011912,0.05499236171011912,0.540312197173086,FALSE,FALSE
2013-06-04,Amundsen_Bellingshausen,3.224136011,-0.08775865698808705,0.08775865698808705,0.540312197173086,FALSE,FALSE
2013-06-05,Amundsen_Bellingshausen,3.2248799950000002,-0.10448920130187388,0.10448920130187388,0.540312197173086,FALSE,FALSE
2013-06-06,Amundsen_Bellingshausen,3.223399901,-0.12316400778671532,0.12316400778671532,0.540312197173086,FALSE,FALSE
2013-06-07,Amundsen_Bellingshausen,3.207672679,-0.15576779357784298,0.15576779357784298,0.540312197173086,FALSE,FALSE
2013-06-08,Amundsen_Bellingshausen,3.202080386,-0.1778801688104874,0.1778801688104874,0.540312197173086,FALSE,FALSE
2013-06-09,Amundsen_Bellingshausen,3.182013902,-0.21407192061988356,0.21407192061988356,0.540312197173086,FALSE,FALSE
2013-06-10,Amundsen_Bellingshausen,3.16416064,-0.24761730314126096,0.24761730314126096,0.540312197173086,FALSE,FALSE
2013-06-11,Amundsen_Bellingshausen,3.140473486,-0.28652509750985633,0.28652509750985633,0.540312197173086,FALSE,FALSE
2013-06-12,Amundsen_Bellingshausen,3.119524098,-0.3221853128609009,0.3221853128609009,0.540312197173086,FALSE,FALSE
2013-06-13,Amundsen_Bellingshausen,3.152548424,-0.3033236683296243,0.3033236683296243,0.540312197173086,FALSE,FALSE
2013-06-14,Amundsen_Bellingshausen,3.23311899,-0.23633032877675977,0.23633032877675977,0.540312197173086,FALSE,FALSE
2013-06-15,Amundsen_Bellingshausen,3.272199167,-0.2102497441285975,0.2102497441285975,0.540312197173086,FALSE,FALSE
2013-06-16,Amundsen_Bellingshausen,3.284312126,-0.2106284762452284,0.2106284762452284,0.540312197173086,FALSE,FALSE
2013-06-17,Amundsen_Bellingshausen,3.258981305,-0.24801730561191437,0.24801730561191437,0.540312197173086,FALSE,FALSE
2013-06-18,Amundsen_Bellingshausen,3.260205558,-0.258491596713915,0.258491596713915,0.540312197173086,FALSE,FALSE
2013-06-19,Amundsen_Bellingshausen,3.246115695,-0.28399475803648855,0.28399475803648855,0.540312197173086,FALSE,FALSE
2013-06-20,Amundsen_Bellingshausen,3.220806556,-0.32050616806489574,0.32050616806489574,0.540312197173086,FALSE,FALSE
2013-06-21,Amundsen_Bellingshausen,3.211214569,-0.3411636172843937,0.3411636172843937,0.540312197173086,FALSE,FALSE
2013-06-22,Amundsen_Bellingshausen,3.189167895,-0.3742131631802441,0.3742131631802441,0.540312197173086,FALSE,FALSE
2013-06-23,Amundsen_Bellingshausen,3.153928295,-0.4204672632377049,0.4204672632377049,0.540312197173086,FALSE,FALSE
2013-06-24,Amundsen_Bellingshausen,3.170325131,-0.41517077394203783,0.41517077394203783,0.540312197173086,FALSE,FALSE
2013-06-25,Amundsen_Bellingshausen,3.232287215,-0.3644691017784991,0.3644691017784991,0.540312197173086,FALSE,FALSE
2013-06-26,Amundsen_Bellingshausen,3.294371609,-0.3138794032323511,0.3138794032323511,0.540312197173086,FALSE,FALSE
2013-06-27,Amundsen_Bellingshausen,3.320443301,-0.29960179835060563,0.29960179835060563,0.540312197173086,FALSE,FALSE
2013-06-28,Amundsen_Bellingshausen,3.331530016,-0.3006048271053614,0.3006048271053614,0.540312197173086,FALSE,FALSE
2013-06-29,Amundsen_Bellingshausen,3.314091444,-0.3303936073616893,0.3303936073616893,0.540312197173086,FALSE,FALSE
2013-06-30,Amundsen_Bellingshausen,3.342004727,-0.3150556432476148,0.3150556432476148,0.540312197173086,FALSE,FALSE
2013-07-01,Amundsen_Bellingshausen,3.351200009,-0.3186254368911592,0.3186254368911592,0.540312197173086,FALSE,FALSE
2013-07-02,Amundsen_Bellingshausen,3.355136704,-0.3276082204203479,0.3276082204203479,0.540312197173086,FALSE,FALSE
2013-07-03,Amundsen_Bellingshausen,3.386192607,-0.3095908449632043,0.3095908449632043,0.540312197173086,FALSE,FALSE
2013-07-04,Amundsen_Bellingshausen,3.423615138,-0.2852905366477496,0.2852905366477496,0.540312197173086,FALSE,FALSE
2013-07-05,Amundsen_Bellingshausen,3.460790692,-0.261285546602013,0.261285546602013,0.540312197173086,FALSE,FALSE
2013-07-06,Amundsen_Bellingshausen,3.481959251,-0.25330053895401283,0.25330053895401283,0.540312197173086,FALSE,FALSE
2013-07-07,Amundsen_Bellingshausen,3.506007138,-0.2424138368317732,0.2424138368317732,0.540312197173086,FALSE,FALSE
2013-07-08,Amundsen_Bellingshausen,3.55104716,-0.21047727936332009,0.21047727936332009,0.540312197173086,FALSE,FALSE
2013-07-09,Amundsen_Bellingshausen,3.555707345,-0.21882752099008895,0.21882752099008895,0.540312197173086,FALSE,FALSE
2013-07-10,Amundsen_Bellingshausen,3.58287513,-0.2045488699445168,0.2045488699445168,0.540312197173086,FALSE,FALSE
2013-07-11,Amundsen_Bellingshausen,3.563261912,-0.23691713119665936,0.23691713119665936,0.540312197173086,FALSE,FALSE
2013-07-12,Amundsen_Bellingshausen,3.545682905,-0.26710633820413854,0.26710633820413854,0.540312197173086,FALSE,FALSE
2013-07-13,Amundsen_Bellingshausen,3.552880522,-0.27236332542457653,0.27236332542457653,0.540312197173086,FALSE,FALSE
2013-07-14,Amundsen_Bellingshausen,3.564184389,-0.27334771431559224,0.27334771431559224,0.540312197173086,FALSE,FALSE
2013-07-15,Amundsen_Bellingshausen,3.573730824,-0.2759124343348054,0.2759124343348054,0.540312197173086,FALSE,FALSE
2013-07-16,Amundsen_Bellingshausen,3.6131626,-0.248403959939842,0.248403959939842,0.540312197173086,FALSE,FALSE
2013-07-17,Amundsen_Bellingshausen,3.671402903,-0.20188835258832016,0.20188835258832016,0.540312197173086,FALSE,FALSE
2013-07-18,Amundsen_Bellingshausen,3.678465675,-0.20634091773785768,0.20634091773785768,0.540312197173086,FALSE,FALSE
2013-07-19,Amundsen_Bellingshausen,3.668785276,-0.2273165428460819,0.2273165428460819,0.540312197173086,FALSE,FALSE
2013-07-20,Amundsen_Bellingshausen,3.700511348,-0.2066548333706133,0.2066548333706133,0.540312197173086,FALSE,FALSE
2013-07-21,Amundsen_Bellingshausen,3.731382503,-0.18660642476906908,0.18660642476906908,0.540312197173086,FALSE,FALSE
2013-07-22,Amundsen_Bellingshausen,3.693710826,-0.2348481995449956,0.2348481995449956,0.540312197173086,FALSE,FALSE
2013-07-23,Amundsen_Bellingshausen,3.656372567,-0.2824890111924465,0.2824890111924465,0.540312197173086,FALSE,FALSE
2013-07-24,Amundsen_Bellingshausen,3.656727393,-0.29215147957560994,0.29215147957560994,0.540312197173086,FALSE,FALSE
2013-07-25,Amundsen_Bellingshausen,3.643386944,-0.3152061876665493,0.3152061876665493,0.540312197173086,FALSE,FALSE
2013-07-26,Amundsen_Bellingshausen,3.648034216,-0.3199523624373257,0.3199523624373257,0.540312197173086,FALSE,FALSE
2013-07-27,Amundsen_Bellingshausen,3.705556104,-0.2714853318599979,0.2714853318599979,0.540312197173086,FALSE,FALSE
2013-07-28,Amundsen_Bellingshausen,3.770105752,-0.2156341749066364,0.2156341749066364,0.540312197173086,FALSE,FALSE
2013-07-29,Amundsen_Bellingshausen,3.859871023,-0.13419325154929673,0.13419325154929673,0.540312197173086,FALSE,FALSE
2013-07-30,Amundsen_Bellingshausen,3.933922109,-0.06807459276004924,0.06807459276004924,0.540312197173086,FALSE,FALSE
2013-07-31,Amundsen_Bellingshausen,4.000169308,-0.00935012351094855,0.00935012351094855,0.540312197173086,FALSE,FALSE
2013-08-01,Amundsen_Bellingshausen,4.066803274,0.0501885872259411,0.0501885872259411,0.540312197173086,FALSE,FALSE
2013-08-02,Amundsen_Bellingshausen,4.125064153,0.10179946247855388,0.10179946247855388,0.540312197173086,FALSE,FALSE
2013-08-03,Amundsen_Bellingshausen,4.140347465,0.1108957987473378,0.1108957987473378,0.540312197173086,FALSE,FALSE
2013-08-04,Amundsen_Bellingshausen,4.13122261,0.0960505323993628,0.0960505323993628,0.540312197173086,FALSE,FALSE
2013-08-05,Amundsen_Bellingshausen,4.096032369,0.05555861113990623,0.05555861113990623,0.540312197173086,FALSE,FALSE
2013-08-06,Amundsen_Bellingshausen,4.076453623,0.03103750320293397,0.03103750320293397,0.540312197173086,FALSE,FALSE
2013-08-07,Amundsen_Bellingshausen,4.072024198,0.0219656218223978,0.0219656218223978,0.540312197173086,FALSE,FALSE
2013-08-08,Amundsen_Bellingshausen,4.034176073,-0.0202844667677402,0.0202844667677402,0.540312197173086,FALSE,FALSE
2013-08-09,Amundsen_Bellingshausen,3.984887638,-0.0737937853335282,0.0737937853335282,0.540312197173086,FALSE,FALSE
2013-08-10,Amundsen_Bellingshausen,3.922075075,-0.1407055646410078,0.1407055646410078,0.540312197173086,FALSE,FALSE
2013-08-11,Amundsen_Bellingshausen,3.899560354,-0.16725724745621573,0.16725724745621573,0.540312197173086,FALSE,FALSE
2013-08-12,Amundsen_Bellingshausen,3.896090652,-0.17476106954520176,0.17476106954520176,0.540312197173086,FALSE,FALSE
2013-08-13,Amundsen_Bellingshausen,3.912973364,-0.16196904867400352,0.16196904867400352,0.540312197173086,FALSE,FALSE
2013-08-14,Amundsen_Bellingshausen,3.908833858,-0.17031522960866807,0.17031522960866807,0.540312197173086,FALSE,FALSE
2013-08-15,Amundsen_Bellingshausen,3.893058697,-0.1904724621152356,0.1904724621152356,0.540312197173086,FALSE,FALSE
2013-08-16,Amundsen_Bellingshausen,3.895789292,-0.1923565863202592,0.1923565863202592,0.540312197173086,FALSE,FALSE
2013-08-17,Amundsen_Bellingshausen,3.893697178,-0.1992890693477181,0.1992890693477181,0.540312197173086,FALSE,FALSE
2013-08-18,Amundsen_Bellingshausen,3.962288785,-0.13568294527104283,0.13568294527104283,0.540312197173086,FALSE,FALSE
2013-08-19,Amundsen_Bellingshausen,4.015964472,-0.0870532890883915,0.0870532890883915,0.540312197173086,FALSE,FALSE
2013-08-20,Amundsen_Bellingshausen,4.020430394,-0.08760937979792871,0.08760937979792871,0.540312197173086,FALSE,FALSE
2013-08-21,Amundsen_Bellingshausen,4.065014986,-0.04793821639782258,0.04793821639782258,0.540312197173086,FALSE,FALSE
2013-08-22,Amundsen_Bellingshausen,4.157703518,0.04003003711376696,0.04003003711376696,0.540312197173086,FALSE,FALSE
2013-08-23,Amundsen_Bellingshausen,4.234468847,0.11235280373867428,0.11235280373867428,0.540312197173086,FALSE,FALSE
2013-08-24,Amundsen_Bellingshausen,4.26659115,0.14039482647873758,0.14039482647873758,0.540312197173086,FALSE,FALSE
2013-08-25,Amundsen_Bellingshausen,4.28060174,0.15077198433579397,0.15077198433579397,0.540312197173086,FALSE,FALSE
2013-08-26,Amundsen_Bellingshausen,4.249475001,0.11654322731167088,0.11654322731167088,0.540312197173086,FALSE,FALSE
2013-08-27,Amundsen_Bellingshausen,4.210678795,0.0752609834082163,0.0752609834082163,0.540312197173086,FALSE,FALSE
2013-08-28,Amundsen_Bellingshausen,4.157313625,0.02011032162725623,0.02011032162725623,0.540312197173086,FALSE,FALSE
2013-08-29,Amundsen_Bellingshausen,4.116080903,-0.02213777150637952,0.02213777150637952,0.540312197173086,FALSE,FALSE
2013-08-30,Amundsen_Bellingshausen,4.149279053,0.01079358889224213,0.01079358889224213,0.540312197173086,FALSE,FALSE
2013-08-31,Amundsen_Bellingshausen,4.175457959,0.03739851341101463,0.03739851341101463,0.540312197173086,FALSE,FALSE
2013-09-01,Amundsen_Bellingshausen,4.198525586,0.06152913223274048,0.06152913223274048,0.540312197173086,FALSE,FALSE
2013-09-02,Amundsen_Bellingshausen,4.265516921,0.13016459754021792,0.13016459754021792,0.540312197173086,FALSE,FALSE
2013-09-03,Amundsen_Bellingshausen,4.330586075,0.19740318551625524,0.19740318551625524,0.540312197173086,FALSE,FALSE
2013-09-04,Amundsen_Bellingshausen,4.303308168,0.17276418134364935,0.17276418134364935,0.540312197173086,FALSE,FALSE
2013-09-05,Amundsen_Bellingshausen,4.259361318,0.13186986820520463,0.13186986820520463,0.540312197173086,FALSE,FALSE
2013-09-06,Amundsen_Bellingshausen,4.226831358,0.10275024428372335,0.10275024428372335,0.540312197173086,FALSE,FALSE
2013-09-07,Amundsen_Bellingshausen,4.179240886,0.05887207276200712,0.05887207276200712,0.540312197173086,FALSE,FALSE
2013-09-08,Amundsen_Bellingshausen,4.140895243,0.02448485982285575,0.02448485982285575,0.540312197173086,FALSE,FALSE
2013-09-09,Amundsen_Bellingshausen,4.160999586,0.04873792764907225,0.04873792764907225,0.540312197173086,FALSE,FALSE
2013-09-10,Amundsen_Bellingshausen,4.20886929,0.10089107294944012,0.10089107294944012,0.540312197173086,FALSE,FALSE
2013-09-11,Amundsen_Bellingshausen,4.245331499,0.14174021386459668,0.14174021386459668,0.540312197173086,FALSE,FALSE
2013-09-12,Amundsen_Bellingshausen,4.286913301,0.18782528089229,0.18782528089229,0.540312197173086,FALSE,FALSE
2013-09-13,Amundsen_Bellingshausen,4.327762654,0.23331171454408395,0.23331171454408395,0.540312197173086,FALSE,FALSE
2013-09-14,Amundsen_Bellingshausen,4.375798106,0.28613554533154684,0.28613554533154684,0.540312197173086,FALSE,FALSE
2013-09-15,Amundsen_Bellingshausen,4.406474356,0.32176895476622924,0.32176895476622924,0.540312197173086,FALSE,FALSE
2013-09-16,Amundsen_Bellingshausen,4.427152737,0.34759075835970243,0.34759075835970243,0.540312197173086,FALSE,FALSE
2013-09-17,Amundsen_Bellingshausen,4.408629046,0.3344142356235249,0.3344142356235249,0.540312197173086,FALSE,FALSE
2013-09-18,Amundsen_Bellingshausen,4.353246281,0.2845998670692582,0.2845998670692582,0.540312197173086,FALSE,FALSE
2013-09-19,Amundsen_Bellingshausen,4.288514464,0.2256751572084701,0.2256751572084701,0.540312197173086,FALSE,FALSE
2013-09-20,Amundsen_Bellingshausen,4.257063404,0.20028739755272085,0.20028739755272085,0.540312197173086,FALSE,FALSE
2013-09-21,Amundsen_Bellingshausen,4.22090061,0.17046157961357,0.17046157961357,0.540312197173086,FALSE,FALSE
2013-09-22,Amundsen_Bellingshausen,4.177257514,0.13344661790258083,0.13344661790258083,0.540312197173086,FALSE,FALSE
2013-09-23,Amundsen_Bellingshausen,4.143371438,0.10649673585612972,0.10649673585612972,0.540312197173086,FALSE,FALSE
2013-09-24,Amundsen_Bellingshausen,4.159160631,0.12954086284693744,0.12954086284693744,0.540312197173086,FALSE,FALSE
2013-09-25,Amundsen_Bellingshausen,4.171964789,0.14992560145490774,0.14992560145490774,0.540312197173086,FALSE,FALSE
2013-09-26,Amundsen_Bellingshausen,4.194642127,0.18051602030945357,0.18051602030945357,0.540312197173086,FALSE,FALSE
2013-09-27,Amundsen_Bellingshausen,4.20224573,0.19637205803999613,0.19637205803999613,0.540312197173086,FALSE,FALSE
2013-09-28,Amundsen_Bellingshausen,4.254920278,0.2576452482759528,0.2576452482759528,0.540312197173086,FALSE,FALSE
2013-09-29,Amundsen_Bellingshausen,4.276888993,0.288565666646742,0.288565666646742,0.540312197173086,FALSE,FALSE
2013-09-30,Amundsen_Bellingshausen,4.280054961,0.3010432527817799,0.3010432527817799,0.540312197173086,FALSE,FALSE
2013-10-01,Amundsen_Bellingshausen,4.248191085,0.27885776331048895,0.27885776331048895,0.540312197173086,FALSE,FALSE
2013-10-02,Amundsen_Bellingshausen,4.22144493,0.2621636168622845,0.2621636168622845,0.540312197173086,FALSE,FALSE
2013-10-03,Amundsen_Bellingshausen,4.194507758,0.24565892906658823,0.24565892906658823,0.540312197173086,FALSE,FALSE
2013-10-04,Amundsen_Bellingshausen,4.152305179,0.21427616355281565,0.21427616355281565,0.540312197173086,FALSE,FALSE
2013-10-05,Amundsen_Bellingshausen,4.11910776,0.1922927258421527,0.1922927258421527,0.540312197173086,FALSE,FALSE
2013-10-06,Amundsen_Bellingshausen,4.086968529,0.17175020708930866,0.17175020708930866,0.540312197173086,FALSE,FALSE
2013-10-07,Amundsen_Bellingshausen,4.050488649,0.14718457555759823,0.14718457555759823,0.540312197173086,FALSE,FALSE
2013-10-08,Amundsen_Bellingshausen,4.027370713,0.13622339461012123,0.13622339461012123,0.540312197173086,FALSE,FALSE
2013-10-09,Amundsen_Bellingshausen,3.979975321,0.10115223460997402,0.10115223460997402,0.540312197173086,FALSE,FALSE
2013-10-10,Amundsen_Bellingshausen,3.918885288,0.05247888092024899,0.05247888092024899,0.540312197173086,FALSE,FALSE
2013-10-11,Amundsen_Bellingshausen,3.879849381,0.02587707090404656,0.02587707090404656,0.540312197173086,FALSE,FALSE
2013-10-12,Amundsen_Bellingshausen,3.844127824,0.00253199892446254,0.00253199892446254,0.540312197173086,FALSE,FALSE
2013-10-13,Amundsen_Bellingshausen,3.828617322,-7.346596554080875e-4,7.346596554080875e-4,0.540312197173086,FALSE,FALSE
2013-10-14,Amundsen_Bellingshausen,3.81749795,1.8214052753506849e-4,1.8214052753506849e-4,0.540312197173086,FALSE,FALSE
2013-10-15,Amundsen_Bellingshausen,3.779637272,-0.02592506616361545,0.02592506616361545,0.540312197173086,FALSE,FALSE
2013-10-16,Amundsen_Bellingshausen,3.763525793,-0.03064080436576199,0.03064080436576199,0.540312197173086,FALSE,FALSE
2013-10-17,Amundsen_Bellingshausen,3.770557766,-0.0126458507158067,0.0126458507158067,0.540312197173086,FALSE,FALSE
2013-10-18,Amundsen_Bellingshausen,3.757446429,-0.01529870441167791,0.01529870441167791,0.540312197173086,FALSE,FALSE
2013-10-19,Amundsen_Bellingshausen,3.730319797,-0.03247315722299593,0.03247315722299593,0.540312197173086,FALSE,FALSE
2013-10-20,Amundsen_Bellingshausen,3.751330597,-0.00195143436072964,0.00195143436072964,0.540312197173086,FALSE,FALSE
2013-10-21,Amundsen_Bellingshausen,3.752208438,0.00806379783898147,0.00806379783898147,0.540312197173086,FALSE,FALSE
2013-10-22,Amundsen_Bellingshausen,3.774969038,0.03965598203999709,0.03965598203999709,0.540312197173086,FALSE,FALSE
2013-10-23,Amundsen_Bellingshausen,3.764446527,0.03772697290618065,0.03772697290618065,0.540312197173086,FALSE,FALSE
2013-10-24,Amundsen_Bellingshausen,3.740684018,0.02238760810138895,0.02238760810138895,0.540312197173086,FALSE,FALSE
2013-10-25,Amundsen_Bellingshausen,3.72985156,0.01987566128948437,0.01987566128948437,0.540312197173086,FALSE,FALSE
2013-10-26,Amundsen_Bellingshausen,3.72925769,0.0275673941343264,0.0275673941343264,0.540312197173086,FALSE,FALSE
2013-10-27,Amundsen_Bellingshausen,3.737064683,0.04369280629977812,0.04369280629977812,0.540312197173086,FALSE,FALSE
2013-10-28,Amundsen_Bellingshausen,3.736209342,0.05125642544969677,0.05125642544969677,0.540312197173086,FALSE,FALSE
2013-10-29,Amundsen_Bellingshausen,3.712267394,0.03590170324794473,0.03590170324794473,0.540312197173086,FALSE,FALSE
2013-10-30,Amundsen_Bellingshausen,3.681916591,0.01437411635838259,0.01437411635838259,0.540312197173086,FALSE,FALSE
2013-10-31,Amundsen_Bellingshausen,3.668201832,0.00977526298385012,0.00977526298385012,0.540312197173086,FALSE,FALSE
2013-11-01,Amundsen_Bellingshausen,3.659728239,0.01071269461396706,0.01071269461396706,0.540312197173086,FALSE,FALSE
2013-11-02,Amundsen_Bellingshausen,3.647286183,0.0079625421913132,0.0079625421913132,0.540312197173086,FALSE,FALSE
2013-11-03,Amundsen_Bellingshausen,3.623728826,-0.00563627682275003,0.00563627682275003,0.540312197173086,FALSE,FALSE
2013-11-04,Amundsen_Bellingshausen,3.58947726,-0.02967691496685676,0.02967691496685676,0.540312197173086,FALSE,FALSE
2013-11-05,Amundsen_Bellingshausen,3.580983216,-0.02772188577964351,0.02772188577964351,0.540312197173086,FALSE,FALSE
2013-11-06,Amundsen_Bellingshausen,3.580501661,-0.01753046679974401,0.01753046679974401,0.540312197173086,FALSE,FALSE
2013-11-07,Amundsen_Bellingshausen,3.564644308,-0.02250518956579705,0.02250518956579705,0.540312197173086,FALSE,FALSE
2013-11-08,Amundsen_Bellingshausen,3.592719968,0.01664851238356401,0.01664851238356401,0.540312197173086,FALSE,FALSE
2013-11-09,Amundsen_Bellingshausen,3.5941342,0.02932195350970667,0.02932195350970667,0.540312197173086,FALSE,FALSE
2013-11-10,Amundsen_Bellingshausen,3.582152936,0.02876682127399199,0.02876682127399199,0.540312197173086,FALSE,FALSE
2013-11-11,Amundsen_Bellingshausen,3.567589048,0.02578174313778447,0.02578174313778447,0.540312197173086,FALSE,FALSE
2013-11-12,Amundsen_Bellingshausen,3.570588443,0.04049836074148194,0.04049836074148194,0.540312197173086,FALSE,FALSE
2013-11-13,Amundsen_Bellingshausen,3.559964617,0.0417147529303632,0.0417147529303632,0.540312197173086,FALSE,FALSE
2013-11-14,Amundsen_Bellingshausen,3.542004599,0.03570080016130461,0.03570080016130461,0.540312197173086,FALSE,FALSE
2013-11-15,Amundsen_Bellingshausen,3.550519518,0.05625034008017016,0.05625034008017016,0.540312197173086,FALSE,FALSE
2013-11-16,Amundsen_Bellingshausen,3.563942381,0.08177908833281755,0.08177908833281755,0.540312197173086,FALSE,FALSE
2013-11-17,Amundsen_Bellingshausen,3.572478204,0.10247476956510936,0.10247476956510936,0.540312197173086,FALSE,FALSE
2013-11-18,Amundsen_Bellingshausen,3.580773102,0.12296620742290544,0.12296620742290544,0.540312197173086,FALSE,FALSE
2013-11-19,Amundsen_Bellingshausen,3.553201903,0.10761093855206738,0.10761093855206738,0.540312197173086,FALSE,FALSE
2013-11-20,Amundsen_Bellingshausen,3.533382568,0.10000963259845276,0.10000963259845276,0.540312197173086,FALSE,FALSE
2013-11-21,Amundsen_Bellingshausen,3.550368732,0.1291986332079249,0.1291986332079249,0.540312197173086,FALSE,FALSE
2013-11-22,Amundsen_Bellingshausen,3.530318722,0.121318976026346,0.121318976026346,0.540312197173086,FALSE,FALSE
2013-11-23,Amundsen_Bellingshausen,3.529848168,0.13296899969957332,0.13296899969957332,0.540312197173086,FALSE,FALSE
2013-11-24,Amundsen_Bellingshausen,3.519487724,0.1346620668734686,0.1346620668734686,0.540312197173086,FALSE,FALSE
2013-11-25,Amundsen_Bellingshausen,3.501360011,0.1285082454980122,0.1285082454980122,0.540312197173086,FALSE,FALSE
2013-11-26,Amundsen_Bellingshausen,3.499571263,0.1386412923055409,0.1386412923055409,0.540312197173086,FALSE,FALSE
2013-11-27,Amundsen_Bellingshausen,3.498270441,0.14925784217073623,0.14925784217073623,0.540312197173086,FALSE,FALSE
2013-11-28,Amundsen_Bellingshausen,3.499283643,0.16223181960148914,0.16223181960148914,0.540312197173086,FALSE,FALSE
2013-11-29,Amundsen_Bellingshausen,3.472373526,0.14737370810567674,0.14737370810567674,0.540312197173086,FALSE,FALSE
2013-11-30,Amundsen_Bellingshausen,3.4683653,0.1555565441911848,0.1555565441911848,0.540312197173086,FALSE,FALSE
2013-12-01,Amundsen_Bellingshausen,3.476855802,0.17642499136589684,0.17642499136589684,0.540312197173086,FALSE,FALSE
2013-12-02,Amundsen_Bellingshausen,3.492622,0.20480384413769537,0.20480384413769537,0.540312197173086,FALSE,FALSE
2013-12-03,Amundsen_Bellingshausen,3.458080056,0.183157091014464,0.183157091014464,0.540312197173086,FALSE,FALSE
2013-12-04,Amundsen_Bellingshausen,3.426850526,0.1651531145040881,0.1651531145040881,0.540312197173086,FALSE,FALSE
2013-12-05,Amundsen_Bellingshausen,3.439732186,0.1916385171144488,0.1916385171144488,0.540312197173086,FALSE,FALSE
2013-12-06,Amundsen_Bellingshausen,3.412046605,0.17798269435343128,0.17798269435343128,0.540312197173086,FALSE,FALSE
2013-12-07,Amundsen_Bellingshausen,3.408913365,0.1893531254947347,0.1893531254947347,0.540312197173086,FALSE,FALSE
2013-12-08,Amundsen_Bellingshausen,3.415446778,0.2109339877857601,0.2109339877857601,0.540312197173086,FALSE,FALSE
2013-12-09,Amundsen_Bellingshausen,3.407514252,0.2187155331603119,0.2187155331603119,0.540312197173086,FALSE,FALSE
2013-12-10,Amundsen_Bellingshausen,3.430605428,0.2583180726852832,0.2583180726852832,0.540312197173086,FALSE,FALSE
2013-12-11,Amundsen_Bellingshausen,3.431310714,0.27646268442757016,0.27646268442757016,0.540312197173086,FALSE,FALSE
2013-12-12,Amundsen_Bellingshausen,3.421910664,0.2855605924540634,0.2855605924540634,0.540312197173086,FALSE,FALSE
2013-12-13,Amundsen_Bellingshausen,3.421913446,0.30525063483166326,0.30525063483166326,0.540312197173086,FALSE,FALSE
2013-12-14,Amundsen_Bellingshausen,3.416744835,0.3210892566272565,0.3210892566272565,0.540312197173086,FALSE,FALSE
2013-12-15,Amundsen_Bellingshausen,3.395353306,0.3221556029077428,0.3221556029077428,0.540312197173086,FALSE,FALSE
2013-12-16,Amundsen_Bellingshausen,3.38267762,0.3335191047400152,0.3335191047400152,0.540312197173086,FALSE,FALSE
2013-12-17,Amundsen_Bellingshausen,3.38770646,0.36429911519096736,0.36429911519096736,0.540312197173086,FALSE,FALSE
2013-12-18,Amundsen_Bellingshausen,3.419054007,0.423240485327494,0.423240485327494,0.540312197173086,FALSE,FALSE
2013-12-19,Amundsen_Bellingshausen,3.440041142,0.4737947662164892,0.4737947662164892,0.540312197173086,FALSE,FALSE
2013-12-20,Amundsen_Bellingshausen,3.468373781,0.5337885990584046,0.5337885990584046,0.540312197173086,FALSE,FALSE
2013-12-21,Amundsen_Bellingshausen,3.467642687,0.5667762245461319,0.5667762245461319,0.540312197173086,TRUE,TRUE
2013-12-22,Amundsen_Bellingshausen,3.477007618,0.6117553601101475,0.6117553601101475,0.540312197173086,TRUE,TRUE
2013-12-23,Amundsen_Bellingshausen,3.459128387,0.631220280373245,0.631220280373245,0.540312197173086,TRUE,TRUE
2013-12-24,Amundsen_Bellingshausen,3.420310216,0.6313106689582053,0.6313106689582053,0.540312197173086,TRUE,TRUE
2013-12-25,Amundsen_Bellingshausen,3.402622658,0.6539305404878175,0.6539305404878175,0.540312197173086,TRUE,TRUE
2013-12-26,Amundsen_Bellingshausen,3.371321555,0.6641701985848694,0.6641701985848694,0.540312197173086,TRUE,TRUE
2013-12-27,Amundsen_Bellingshausen,3.349794583,0.6852517808721492,0.6852517808721492,0.540312197173086,TRUE,TRUE
2013-12-28,Amundsen_Bellingshausen,3.318638124,0.69760613097244,0.69760613097244,0.540312197173086,TRUE,TRUE
2013-12-29,Amundsen_Bellingshausen,3.269105048,0.6923205805085293,0.6923205805085293,0.540312197173086,TRUE,TRUE
2013-12-30,Amundsen_Bellingshausen,3.227608654,0.6956428901032106,0.6956428901032106,0.540312197173086,TRUE,TRUE
2013-12-31,Amundsen_Bellingshausen,3.184966693,0.6982252723792635,0.6982252723792635,0.540312197173086,TRUE,TRUE
2014-01-01,Amundsen_Bellingshausen,3.153452252,0.7121752759594759,0.7121752759594759,0.540312197173086,TRUE,TRUE
2014-01-02,Amundsen_Bellingshausen,3.119088598,0.7233573874726709,0.7233573874726709,0.540312197173086,TRUE,TRUE
2014-01-03,Amundsen_Bellingshausen,3.104190165,0.7539542925718115,0.7539542925718115,0.540312197173086,TRUE,TRUE
2014-01-04,Amundsen_Bellingshausen,3.041916703,0.7370007509159042,0.7370007509159042,0.540312197173086,TRUE,TRUE
2014-01-05,Amundsen_Bellingshausen,2.954024094,0.694127654163939,0.694127654163939,0.540312197173086,TRUE,TRUE
2014-01-06,Amundsen_Bellingshausen,2.904275941,0.6889736149749206,0.6889736149749206,0.540312197173086,TRUE,TRUE
2014-01-07,Amundsen_Bellingshausen,2.886354532,0.7150959310078453,0.7150959310078453,0.540312197173086,TRUE,TRUE
2014-01-08,Amundsen_Bellingshausen,2.84187287,0.7139826149217137,0.7139826149217137,0.540312197173086,TRUE,TRUE
2014-01-09,Amundsen_Bellingshausen,2.813864141,0.7285418623755251,0.7285418623755251,0.540312197173086,TRUE,TRUE
2014-01-10,Amundsen_Bellingshausen,2.806573224,0.7628935620282808,0.7628935620282808,0.540312197173086,TRUE,TRUE
2014-01-11,Amundsen_Bellingshausen,2.770787944,0.7677005485389774,0.7677005485389774,0.540312197173086,TRUE,TRUE
2014-01-12,Amundsen_Bellingshausen,2.748819267,0.7851487975666156,0.7851487975666156,0.540312197173086,TRUE,TRUE
2014-01-13,Amundsen_Bellingshausen,2.720430386,0.7948765117701961,0.7948765117701961,0.540312197173086,TRUE,TRUE
2014-01-14,Amundsen_Bellingshausen,2.683367348,0.7945067036230984,0.7945067036230984,0.540312197173086,TRUE,TRUE
2014-01-15,Amundsen_Bellingshausen,2.632387151,0.7787435206809556,0.7787435206809556,0.540312197173086,TRUE,TRUE
2014-01-16,Amundsen_Bellingshausen,2.589140076,0.7692723191270481,0.7692723191270481,0.540312197173086,TRUE,TRUE
2014-01-17,Amundsen_Bellingshausen,2.561369731,0.7738773428599774,0.7738773428599774,0.540312197173086,TRUE,TRUE
2014-01-18,Amundsen_Bellingshausen,2.519656118,0.7631792297783424,0.7631792297783424,0.540312197173086,TRUE,TRUE
2014-01-19,Amundsen_Bellingshausen,2.488995627,0.7622150057807444,0.7622150057807444,0.540312197173086,TRUE,TRUE
2014-01-20,Amundsen_Bellingshausen,2.470751265,0.7723883137657812,0.7723883137657812,0.540312197173086,TRUE,TRUE
2014-01-21,Amundsen_Bellingshausen,2.449458017,0.7782747746320546,0.7782747746320546,0.540312197173086,TRUE,TRUE
2014-01-22,Amundsen_Bellingshausen,2.4368527,0.7916518412781641,0.7916518412781641,0.540312197173086,TRUE,TRUE
2014-01-23,Amundsen_Bellingshausen,2.396184377,0.7758092126027081,0.7758092126027081,0.540312197173086,TRUE,TRUE
2014-01-24,Amundsen_Bellingshausen,2.348384858,0.7517193345042894,0.7517193345042894,0.540312197173086,TRUE,TRUE
2014-01-25,Amundsen_Bellingshausen,2.316349204,0.7423179038815051,0.7423179038815051,0.540312197173086,TRUE,TRUE
2014-01-26,Amundsen_Bellingshausen,2.293322068,0.7408902096329568,0.7408902096329568,0.540312197173086,TRUE,TRUE
2014-01-27,Amundsen_Bellingshausen,2.259866493,0.7280377265323554,0.7280377265323554,0.540312197173086,TRUE,TRUE
2014-01-28,Amundsen_Bellingshausen,2.215655058,0.7034565446205483,0.7034565446205483,0.540312197173086,TRUE,TRUE
2014-01-29,Amundsen_Bellingshausen,2.208415675,0.7148918999547231,0.7148918999547231,0.540312197173086,TRUE,TRUE
2014-01-30,Amundsen_Bellingshausen,2.206348009,0.7305607616618228,0.7305607616618228,0.540312197173086,TRUE,TRUE
2014-01-31,Amundsen_Bellingshausen,2.177321645,0.7183500188687963,0.7183500188687963,0.540312197173086,TRUE,TRUE
2014-02-01,Amundsen_Bellingshausen,2.146576451,0.7035168437025896,0.7035168437025896,0.540312197173086,TRUE,TRUE
2014-02-02,Amundsen_Bellingshausen,2.123069631,0.6950357442901489,0.6950357442901489,0.540312197173086,TRUE,TRUE
2014-02-03,Amundsen_Bellingshausen,2.094078237,0.6802010767584228,0.6802010767584228,0.540312197173086,TRUE,TRUE
2014-02-04,Amundsen_Bellingshausen,2.070386151,0.669814027234358,0.669814027234358,0.540312197173086,TRUE,TRUE
2014-02-05,Amundsen_Bellingshausen,2.044309232,0.6562077588448989,0.6562077588448989,0.540312197173086,TRUE,TRUE
2014-02-06,Amundsen_Bellingshausen,2.018204511,0.6417566067169951,0.6417566067169951,0.540312197173086,TRUE,TRUE
2014-02-07,Amundsen_Bellingshausen,1.982681961,0.6170878479775928,0.6170878479775928,0.540312197173086,TRUE,TRUE
2014-02-08,Amundsen_Bellingshausen,1.96141991,0.6058970291792036,0.6058970291792036,0.540312197173086,TRUE,TRUE
2014-02-09,Amundsen_Bellingshausen,1.925487606,0.5792593190532924,0.5792593190532924,0.540312197173086,TRUE,TRUE
2014-02-10,Amundsen_Bellingshausen,1.894487194,0.5567603146786793,0.5567603146786793,0.540312197173086,TRUE,TRUE
2014-02-11,Amundsen_Bellingshausen,1.874534126,0.5444962635844437,0.5444962635844437,0.540312197173086,TRUE,TRUE
2014-02-12,Amundsen_Bellingshausen,1.83942951,0.5162490692996642,0.5162490692996642,0.540312197173086,FALSE,FALSE
2014-02-13,Amundsen_Bellingshausen,1.835863805,0.5186899863534191,0.5186899863534191,0.540312197173086,FALSE,FALSE
2014-02-14,Amundsen_Bellingshausen,1.848286775,0.536249574274789,0.536249574274789,0.540312197173086,FALSE,FALSE
2014-02-15,Amundsen_Bellingshausen,1.838237184,0.5304473925928512,0.5304473925928512,0.540312197173086,FALSE,FALSE
2014-02-16,Amundsen_Bellingshausen,1.797409345,0.492958549836684,0.492958549836684,0.540312197173086,FALSE,FALSE
2014-02-17,Amundsen_Bellingshausen,1.787868827,0.4858294105353689,0.4858294105353689,0.540312197173086,FALSE,FALSE
2014-02-18,Amundsen_Bellingshausen,1.800841538,0.500266678217983,0.500266678217983,0.540312197173086,FALSE,FALSE
2014-02-19,Amundsen_Bellingshausen,1.820542675,0.5204663454136043,0.5204663454136043,0.540312197173086,FALSE,FALSE
2014-02-20,Amundsen_Bellingshausen,1.822848997,0.5222859666513135,0.5222859666513135,0.540312197173086,FALSE,FALSE
2014-02-21,Amundsen_Bellingshausen,1.831518348,0.5294675043964951,0.5294675043964951,0.540312197173086,FALSE,FALSE
2014-02-22,Amundsen_Bellingshausen,1.845419234,0.5409038691754218,0.5409038691754218,0.540312197173086,TRUE,TRUE
2014-02-23,Amundsen_Bellingshausen,1.863666275,0.5557608855600811,0.5557608855600811,0.540312197173086,TRUE,TRUE
2014-02-24,Amundsen_Bellingshausen,1.90911515,0.5969459215861381,0.5969459215861381,0.540312197173086,TRUE,TRUE
2014-02-25,Amundsen_Bellingshausen,1.950396281,0.6331410882892499,0.6331410882892499,0.540312197173086,TRUE,TRUE
2014-02-26,Amundsen_Bellingshausen,1.96679407,0.6436824767050786,0.6436824767050786,0.540312197173086,TRUE,TRUE
2014-02-27,Amundsen_Bellingshausen,1.957532914,0.6278461728692843,0.6278461728692843,0.540312197173086,TRUE,TRUE
2014-02-28,Amundsen_Bellingshausen,1.948295213,0.6113662658175292,0.6113662658175292,0.540312197173086,TRUE,TRUE
2014-03-01,Amundsen_Bellingshausen,1.936662268,0.5918757455854724,0.5918757455854724,0.540312197173086,TRUE,TRUE
2014-03-02,Amundsen_Bellingshausen,1.924212277,0.5710044992087748,0.5710044992087748,0.540312197173086,TRUE,TRUE
2014-03-03,Amundsen_Bellingshausen,1.92922913,0.5670881057230968,0.5670881057230968,0.540312197173086,TRUE,TRUE
2014-03-04,Amundsen_Bellingshausen,1.945906886,0.5743723131641001,0.5743723131641001,0.540312197173086,TRUE,TRUE
2014-03-05,Amundsen_Bellingshausen,1.950053215,0.5687164772403679,0.5687164772403679,0.540312197173086,TRUE,TRUE
2014-03-06,Amundsen_Bellingshausen,1.940993699,0.5494854893503007,0.5494854893503007,0.540312197173086,TRUE,TRUE
2014-03-07,Amundsen_Bellingshausen,1.920355824,0.5183058523275021,0.5183058523275021,0.540312197173086,FALSE,FALSE
2014-03-08,Amundsen_Bellingshausen,1.926399054,0.5134278611487497,0.5134278611487497,0.540312197173086,FALSE,FALSE
2014-03-09,Amundsen_Bellingshausen,1.930392358,0.5061113157908195,0.5061113157908195,0.540312197173086,FALSE,FALSE
2014-03-10,Amundsen_Bellingshausen,1.909166291,0.4731776022304888,0.4731776022304888,0.540312197173086,FALSE,FALSE
2014-03-11,Amundsen_Bellingshausen,1.885564482,0.43746118044453386,0.43746118044453386,0.540312197173086,FALSE,FALSE
2014-03-12,Amundsen_Bellingshausen,1.873756367,0.4131223174097316,0.4131223174097316,0.540312197173086,FALSE,FALSE
2014-03-13,Amundsen_Bellingshausen,1.863622119,0.3900320171028566,0.3900320171028566,0.540312197173086,FALSE,FALSE
2014-03-14,Amundsen_Bellingshausen,1.874162926,0.3871822985006887,0.3871822985006887,0.540312197173086,FALSE,FALSE
2014-03-15,Amundsen_Bellingshausen,1.891717543,0.3909027475800033,0.3909027475800033,0.540312197173086,FALSE,FALSE
2014-03-16,Amundsen_Bellingshausen,1.900634049,0.3855322743175751,0.3855322743175751,0.540312197173086,FALSE,FALSE
2014-03-17,Amundsen_Bellingshausen,1.916906456,0.3870557216901833,0.3870557216901833,0.540312197173086,FALSE,FALSE
2014-03-18,Amundsen_Bellingshausen,1.968449897,0.4233795444565618,0.4233795444565618,0.540312197173086,FALSE,FALSE
2014-03-19,Amundsen_Bellingshausen,1.983289021,0.4225319705833204,0.4225319705833204,0.540312197173086,FALSE,FALSE
2014-03-20,Amundsen_Bellingshausen,1.950192039,0.3732976111791697,0.3732976111791697,0.540312197173086,FALSE,FALSE
2014-03-21,Amundsen_Bellingshausen,1.950085667,0.3566201859931668,0.3566201859931668,0.540312197173086,FALSE,FALSE
2014-03-22,Amundsen_Bellingshausen,1.96959528,0.3591420737743676,0.3591420737743676,0.540312197173086,FALSE,FALSE
2014-03-23,Amundsen_Bellingshausen,2.038538469,0.41069786927182816,0.41069786927182816,0.540312197173086,FALSE,FALSE
2014-03-24,Amundsen_Bellingshausen,2.067582084,0.4219714262346075,0.4219714262346075,0.540312197173086,FALSE,FALSE
2014-03-25,Amundsen_Bellingshausen,2.125519681,0.4617733044117598,0.4617733044117598,0.540312197173086,FALSE,FALSE
2014-03-26,Amundsen_Bellingshausen,2.191404575,0.5091738225523421,0.5091738225523421,0.540312197173086,FALSE,FALSE
2014-03-27,Amundsen_Bellingshausen,2.244534985,0.5434882034054129,0.5434882034054129,0.540312197173086,TRUE,TRUE
2014-03-28,Amundsen_Bellingshausen,2.283932765,0.5637553047200268,0.5637553047200268,0.540312197173086,TRUE,TRUE
2014-03-29,Amundsen_Bellingshausen,2.31444812,0.574842335245241,0.574842335245241,0.540312197173086,TRUE,TRUE
2014-03-30,Amundsen_Bellingshausen,2.324603803,0.5652890517301119,0.5652890517301119,0.540312197173086,TRUE,TRUE
2014-03-31,Amundsen_Bellingshausen,2.338750022,0.5594597062966524,0.5594597062966524,0.540312197173086,TRUE,TRUE
2014-04-01,Amundsen_Bellingshausen,2.374228437,0.5746938256471095,0.5746938256471095,0.540312197173086,TRUE,TRUE
2014-04-02,Amundsen_Bellingshausen,2.427586618,0.6075313468581496,0.6075313468581496,0.540312197173086,TRUE,TRUE
2014-04-03,Amundsen_Bellingshausen,2.473845684,0.6329857514598982,0.6329857514598982,0.540312197173086,TRUE,TRUE
2014-04-04,Amundsen_Bellingshausen,2.519446245,0.6574900119824822,0.6574900119824822,0.540312197173086,TRUE,TRUE
2014-04-05,Amundsen_Bellingshausen,2.573242405,0.6898905949560268,0.6898905949560268,0.540312197173086,TRUE,TRUE
2014-04-06,Amundsen_Bellingshausen,2.600553513,0.6954992119106647,0.6954992119106647,0.540312197173086,TRUE,TRUE
2014-04-07,Amundsen_Bellingshausen,2.644130951,0.7170596073765181,0.7170596073765181,0.540312197173086,TRUE,TRUE
2014-04-08,Amundsen_Bellingshausen,2.680026445,0.7306158698837177,0.7306158698837177,0.540312197173086,TRUE,TRUE
2014-04-09,Amundsen_Bellingshausen,2.703698931,0.7316192979623883,0.7316192979623883,0.540312197173086,TRUE,TRUE
2014-04-10,Amundsen_Bellingshausen,2.691799336,0.6967131811426575,0.6967131811426575,0.540312197173086,TRUE,TRUE
2014-04-11,Amundsen_Bellingshausen,2.685434863,0.6669970849546529,0.6669970849546529,0.540312197173086,TRUE,TRUE
2014-04-12,Amundsen_Bellingshausen,2.663003859,0.6208617680352697,0.6208617680352697,0.540312197173086,TRUE,TRUE
2014-04-13,Amundsen_Bellingshausen,2.660972336,0.5947691538720972,0.5947691538720972,0.540312197173086,TRUE,TRUE
2014-04-14,Amundsen_Bellingshausen,2.677401953,0.586782582425212,0.586782582425212,0.540312197173086,TRUE,TRUE
2014-04-15,Amundsen_Bellingshausen,2.728963212,0.6135747755492527,0.6135747755492527,0.540312197173086,TRUE,TRUE
2014-04-16,Amundsen_Bellingshausen,2.770486139,0.6299779790988467,0.6299779790988467,0.540312197173086,TRUE,TRUE
2014-04-17,Amundsen_Bellingshausen,2.792589189,0.6266128679286322,0.6266128679286322,0.540312197173086,TRUE,TRUE
2014-04-18,Amundsen_Bellingshausen,2.820256961,0.6284662608932434,0.6284662608932434,0.540312197173086,TRUE,TRUE
2014-04-19,Amundsen_Bellingshausen,2.842993783,0.6250447058473112,0.6250447058473112,0.540312197173086,TRUE,TRUE
2014-04-20,Amundsen_Bellingshausen,2.856197019,0.6117477866454712,0.6117477866454712,0.540312197173086,TRUE,TRUE
2014-04-21,Amundsen_Bellingshausen,2.866954822,0.5956658761423554,0.5956658761423554,0.540312197173086,TRUE,TRUE
2014-04-22,Amundsen_Bellingshausen,2.888479382,0.5900133841926003,0.5900133841926003,0.540312197173086,TRUE,TRUE
2014-04-23,Amundsen_Bellingshausen,2.912951483,0.5869733146508391,0.5869733146508391,0.540312197173086,TRUE,TRUE
2014-04-24,Amundsen_Bellingshausen,2.924907239,0.5710840013717036,0.5710840013717036,0.540312197173086,TRUE,TRUE
2014-04-25,Amundsen_Bellingshausen,2.923198306,0.5412036613777662,0.5412036613777662,0.540312197173086,TRUE,TRUE
2014-04-26,Amundsen_Bellingshausen,2.925346646,0.5149020477711801,0.5149020477711801,0.540312197173086,FALSE,FALSE
2014-04-27,Amundsen_Bellingshausen,2.910696525,0.4715940016372055,0.4715940016372055,0.540312197173086,FALSE,FALSE
2014-04-28,Amundsen_Bellingshausen,2.930828038,0.46293043306520865,0.46293043306520865,0.540312197173086,FALSE,FALSE
2014-04-29,Amundsen_Bellingshausen,2.960786265,0.4640272371445513,0.4640272371445513,0.540312197173086,FALSE,FALSE
2014-04-30,Amundsen_Bellingshausen,3.001133185,0.4755172079645944,0.4755172079645944,0.540312197173086,FALSE,FALSE
2014-05-01,Amundsen_Bellingshausen,3.030286597,0.47588895961470046,0.47588895961470046,0.540312197173086,FALSE,FALSE
2014-05-02,Amundsen_Bellingshausen,3.033951255,0.45091806118423294,0.45091806118423294,0.540312197173086,FALSE,FALSE
2014-05-03,Amundsen_Bellingshausen,3.016975805,0.4055239737625555,0.4055239737625555,0.540312197173086,FALSE,FALSE
2014-05-04,Amundsen_Bellingshausen,3.030567528,0.39098479343903314,0.39098479343903314,0.540312197173086,FALSE,FALSE
2014-05-05,Amundsen_Bellingshausen,3.01288728,0.3455321913030236,0.3455321913030236,0.540312197173086,FALSE,FALSE
2014-05-06,Amundsen_Bellingshausen,2.990812237,0.29611415844389377,0.29611415844389377,0.540312197173086,FALSE,FALSE
2014-05-07,Amundsen_Bellingshausen,3.003347702,0.2818067739678769,0.2818067739678769,0.540312197173086,FALSE,FALSE
2014-05-08,Amundsen_Bellingshausen,3.034674805,0.28684021027910056,0.28684021027910056,0.540312197173086,FALSE,FALSE
2014-05-09,Amundsen_Bellingshausen,3.086266754,0.31267887413136064,0.31267887413136064,0.540312197173086,FALSE,FALSE
2014-05-10,Amundsen_Bellingshausen,3.122063829,0.32324472691359984,0.32324472691359984,0.540312197173086,FALSE,FALSE
2014-05-11,Amundsen_Bellingshausen,3.156878294,0.3333317140147569,0.3333317140147569,0.540312197173086,FALSE,FALSE
2014-05-12,Amundsen_Bellingshausen,3.193011188,0.34522255582377337,0.34522255582377337,0.540312197173086,FALSE,FALSE
2014-05-13,Amundsen_Bellingshausen,3.220211867,0.34864828972959216,0.34864828972959216,0.540312197173086,FALSE,FALSE
2014-05-14,Amundsen_Bellingshausen,3.22871484,0.33382510612114835,0.33382510612114835,0.540312197173086,FALSE,FALSE
2014-05-15,Amundsen_Bellingshausen,3.25415088,0.33636545938738616,0.33636545938738616,0.540312197173086,FALSE,FALSE
2014-05-16,Amundsen_Bellingshausen,3.270400626,0.33013166991724585,0.33013166991724585,0.540312197173086,FALSE,FALSE
2014-05-17,Amundsen_Bellingshausen,3.279810314,0.3174516550996671,0.3174516550996671,0.540312197173086,FALSE,FALSE
2014-05-18,Amundsen_Bellingshausen,3.286543967,0.3024711193235907,0.3024711193235907,0.540312197173086,FALSE,FALSE
2014-05-19,Amundsen_Bellingshausen,3.294453606,0.2890237649779568,0.2890237649779568,0.540312197173086,FALSE,FALSE
2014-05-20,Amundsen_Bellingshausen,3.294156454,0.26770855806104477,0.26770855806104477,0.540312197173086,FALSE,FALSE
2014-05-21,Amundsen_Bellingshausen,3.30104189,0.25389774477607974,0.25389774477607974,0.540312197173086,FALSE,FALSE
2014-05-22,Amundsen_Bellingshausen,3.337802817,0.27026807752592585,0.27026807752592585,0.540312197173086,FALSE,FALSE
2014-05-23,Amundsen_Bellingshausen,3.385273063,0.29763726675927327,0.29763726675927327,0.540312197173086,FALSE,FALSE
2014-05-24,Amundsen_Bellingshausen,3.413458972,0.3059955389248188,0.3059955389248188,0.540312197173086,FALSE,FALSE
2014-05-25,Amundsen_Bellingshausen,3.435126501,0.3080927334712533,0.3080927334712533,0.540312197173086,FALSE,FALSE
2014-05-26,Amundsen_Bellingshausen,3.452787943,0.30642502584726916,0.30642502584726916,0.540312197173086,FALSE,FALSE
2014-05-27,Amundsen_Bellingshausen,3.4620533,0.2965863005015592,0.2965863005015592,0.540312197173086,FALSE,FALSE
2014-05-28,Amundsen_Bellingshausen,3.48656589,0.3022037578828174,0.3022037578828174,0.540312197173086,FALSE,FALSE
2014-05-29,Amundsen_Bellingshausen,3.507755379,0.30469094643973627,0.30469094643973627,0.540312197173086,FALSE,FALSE
2014-05-30,Amundsen_Bellingshausen,3.514537853,0.2929478346210077,0.2929478346210077,0.540312197173086,FALSE,FALSE
2014-05-31,Amundsen_Bellingshausen,3.56043543,0.32048042287532397,0.32048042287532397,0.540312197173086,FALSE,FALSE
2014-06-01,Amundsen_Bellingshausen,3.605346809,0.34717129265137814,0.34717129265137814,0.540312197173086,FALSE,FALSE
2014-06-02,Amundsen_Bellingshausen,3.625611521,0.3493520256672591,0.3493520256672591,0.540312197173086,FALSE,FALSE
2014-06-03,Amundsen_Bellingshausen,3.623125796,0.32894713928988084,0.32894713928988084,0.540312197173086,FALSE,FALSE
2014-06-04,Amundsen_Bellingshausen,3.638872047,0.3269773790119128,0.3269773790119128,0.540312197173086,FALSE,FALSE
2014-06-05,Amundsen_Bellingshausen,3.664475413,0.3351062166981258,0.3351062166981258,0.540312197173086,FALSE,FALSE
2014-06-06,Amundsen_Bellingshausen,3.676902482,0.33033857321328464,0.33033857321328464,0.540312197173086,FALSE,FALSE
2014-06-07,Amundsen_Bellingshausen,3.665089644,0.3016491714221572,0.3016491714221572,0.540312197173086,FALSE,FALSE
2014-06-08,Amundsen_Bellingshausen,3.647890403,0.2679298481895125,0.2679298481895125,0.540312197173086,FALSE,FALSE
2014-06-09,Amundsen_Bellingshausen,3.657937195,0.2618513723801166,0.2618513723801166,0.540312197173086,FALSE,FALSE
2014-06-10,Amundsen_Bellingshausen,3.687402923,0.2756249798587391,0.2756249798587391,0.540312197173086,FALSE,FALSE
2014-06-11,Amundsen_Bellingshausen,3.684496332,0.25749774849014395,0.25749774849014395,0.540312197173086,FALSE,FALSE
2014-06-12,Amundsen_Bellingshausen,3.657542048,0.21583263713909903,0.21583263713909903,0.540312197173086,FALSE,FALSE
2014-06-13,Amundsen_Bellingshausen,3.656587571,0.200715478670376,0.200715478670376,0.540312197173086,FALSE,FALSE
2014-06-14,Amundsen_Bellingshausen,3.683352722,0.2139034032232403,0.2139034032232403,0.540312197173086,FALSE,FALSE
2014-06-15,Amundsen_Bellingshausen,3.729767322,0.24731841087140216,0.24731841087140216,0.540312197173086,FALSE,FALSE
2014-06-16,Amundsen_Bellingshausen,3.759537163,0.26459656075477156,0.26459656075477156,0.540312197173086,FALSE,FALSE
2014-06-17,Amundsen_Bellingshausen,3.743205999,0.23620738838808597,0.23620738838808597,0.540312197173086,FALSE,FALSE
2014-06-18,Amundsen_Bellingshausen,3.7152304,0.19653324528608485,0.19653324528608485,0.540312197173086,FALSE,FALSE
2014-06-19,Amundsen_Bellingshausen,3.683489945,0.15337949196351142,0.15337949196351142,0.540312197173086,FALSE,FALSE
2014-06-20,Amundsen_Bellingshausen,3.684922661,0.1436099369351043,0.1436099369351043,0.540312197173086,FALSE,FALSE
2014-06-21,Amundsen_Bellingshausen,3.694758774,0.14238058771560613,0.14238058771560613,0.540312197173086,FALSE,FALSE
2014-06-22,Amundsen_Bellingshausen,3.687170305,0.12378924681975569,0.12378924681975569,0.540312197173086,FALSE,FALSE
2014-06-23,Amundsen_Bellingshausen,3.66529354,0.09089798176229502,0.09089798176229502,0.540312197173086,FALSE,FALSE
2014-06-24,Amundsen_Bellingshausen,3.652898586,0.06740268105796243,0.06740268105796243,0.540312197173086,FALSE,FALSE
2014-06-25,Amundsen_Bellingshausen,3.657981243,0.061224926221501,0.061224926221501,0.540312197173086,FALSE,FALSE
2014-06-26,Amundsen_Bellingshausen,3.650105246,0.04185423376764863,0.04185423376764863,0.540312197173086,FALSE,FALSE
2014-06-27,Amundsen_Bellingshausen,3.668292722,0.04824762264939419,0.04824762264939419,0.540312197173086,FALSE,FALSE
2014-06-28,Amundsen_Bellingshausen,3.698242465,0.06610762189463859,0.06610762189463859,0.540312197173086,FALSE,FALSE
2014-06-29,Amundsen_Bellingshausen,3.735670032,0.09118498063831026,0.09118498063831026,0.540312197173086,FALSE,FALSE
2014-06-30,Amundsen_Bellingshausen,3.770478339,0.11341796875238508,0.11341796875238508,0.540312197173086,FALSE,FALSE
2014-07-01,Amundsen_Bellingshausen,3.769261389,0.09943594310884096,0.09943594310884096,0.540312197173086,FALSE,FALSE
2014-07-02,Amundsen_Bellingshausen,3.728196935,0.04545201057965231,0.04545201057965231,0.540312197173086,FALSE,FALSE
2014-07-03,Amundsen_Bellingshausen,3.642755444,-0.05302800796320417,0.05302800796320417,0.540312197173086,FALSE,FALSE
2014-07-04,Amundsen_Bellingshausen,3.621167272,-0.08773840264774968,0.08773840264774968,0.540312197173086,FALSE,FALSE
2014-07-05,Amundsen_Bellingshausen,3.603088438,-0.11898780060201286,0.11898780060201286,0.540312197173086,FALSE,FALSE
2014-07-06,Amundsen_Bellingshausen,3.596840579,-0.13841921095401277,0.13841921095401277,0.540312197173086,FALSE,FALSE
2014-07-07,Amundsen_Bellingshausen,3.581483513,-0.1669374618317736,0.1669374618317736,0.540312197173086,FALSE,FALSE
2014-07-08,Amundsen_Bellingshausen,3.637041994,-0.12448244536331998,0.12448244536331998,0.540312197173086,FALSE,FALSE
2014-07-09,Amundsen_Bellingshausen,3.662821059,-0.11171380699008893,0.11171380699008893,0.540312197173086,FALSE,FALSE
2014-07-10,Amundsen_Bellingshausen,3.732536771,-0.05488722894451703,0.05488722894451703,0.540312197173086,FALSE,FALSE
2014-07-11,Amundsen_Bellingshausen,3.784693967,-0.01548507619665962,0.01548507619665962,0.540312197173086,FALSE,FALSE
2014-07-12,Amundsen_Bellingshausen,3.783155971,-0.0296332722041388,0.0296332722041388,0.540312197173086,FALSE,FALSE
2014-07-13,Amundsen_Bellingshausen,3.721533774,-0.1037100734245766,0.1037100734245766,0.540312197173086,FALSE,FALSE
2014-07-14,Amundsen_Bellingshausen,3.644164185,-0.19336791831559183,0.19336791831559183,0.540312197173086,FALSE,FALSE
2014-07-15,Amundsen_Bellingshausen,3.604470627,-0.2451726313348055,0.2451726313348055,0.540312197173086,FALSE,FALSE
2014-07-16,Amundsen_Bellingshausen,3.642774061,-0.218792498939842,0.218792498939842,0.540312197173086,FALSE,FALSE
2014-07-17,Amundsen_Bellingshausen,3.697548965,-0.17574229058832014,0.17574229058832014,0.540312197173086,FALSE,FALSE
2014-07-18,Amundsen_Bellingshausen,3.774623872,-0.11018272073785784,0.11018272073785784,0.540312197173086,FALSE,FALSE
2014-07-19,Amundsen_Bellingshausen,3.82993452,-0.06616729884608175,0.06616729884608175,0.540312197173086,FALSE,FALSE
2014-07-20,Amundsen_Bellingshausen,3.864353598,-0.04281258337061322,0.04281258337061322,0.540312197173086,FALSE,FALSE
2014-07-21,Amundsen_Bellingshausen,3.878796301,-0.03919262676906898,0.03919262676906898,0.540312197173086,FALSE,FALSE
2014-07-22,Amundsen_Bellingshausen,3.843886674,-0.0846723515449952,0.0846723515449952,0.540312197173086,FALSE,FALSE
2014-07-23,Amundsen_Bellingshausen,3.816468741,-0.12239283719244654,0.12239283719244654,0.540312197173086,FALSE,FALSE
2014-07-24,Amundsen_Bellingshausen,3.868945013,-0.07993385957561028,0.07993385957561028,0.540312197173086,FALSE,FALSE
2014-07-25,Amundsen_Bellingshausen,3.935044718,-0.02354841366654936,0.02354841366654936,0.540312197173086,FALSE,FALSE
2014-07-26,Amundsen_Bellingshausen,3.966732977,-0.00125360143732589,0.00125360143732589,0.540312197173086,FALSE,FALSE
2014-07-27,Amundsen_Bellingshausen,3.9843463,0.00730486414000219,0.00730486414000219,0.540312197173086,FALSE,FALSE
2014-07-28,Amundsen_Bellingshausen,4.001899618,0.0161596910933639,0.0161596910933639,0.540312197173086,FALSE,FALSE
2014-07-29,Amundsen_Bellingshausen,3.974342611,-0.01972166354929694,0.01972166354929694,0.540312197173086,FALSE,FALSE
2014-07-30,Amundsen_Bellingshausen,3.940185496,-0.0618112057600495,0.0618112057600495,0.540312197173086,FALSE,FALSE
2014-07-31,Amundsen_Bellingshausen,3.930416045,-0.07910338651094895,0.07910338651094895,0.540312197173086,FALSE,FALSE
2014-08-01,Amundsen_Bellingshausen,3.932723263,-0.08389142377405845,0.08389142377405845,0.540312197173086,FALSE,FALSE
2014-08-02,Amundsen_Bellingshausen,3.926686369,-0.0965783215214464,0.0965783215214464,0.540312197173086,FALSE,FALSE
2014-08-03,Amundsen_Bellingshausen,3.909469004,-0.11998266225266184,0.11998266225266184,0.540312197173086,FALSE,FALSE
2014-08-04,Amundsen_Bellingshausen,3.94853894,-0.08663313760063707,0.08663313760063707,0.540312197173086,FALSE,FALSE
2014-08-05,Amundsen_Bellingshausen,4.001657917,-0.03881584086009315,0.03881584086009315,0.540312197173086,FALSE,FALSE
2014-08-06,Amundsen_Bellingshausen,4.044386766,-0.00102935379706625,0.00102935379706625,0.540312197173086,FALSE,FALSE
2014-08-07,Amundsen_Bellingshausen,4.055313625,0.00525504882239769,0.00525504882239769,0.540312197173086,FALSE,FALSE
2014-08-08,Amundsen_Bellingshausen,4.035532257,-0.01892828276774061,0.01892828276774061,0.540312197173086,FALSE,FALSE
2014-08-09,Amundsen_Bellingshausen,3.971731721,-0.08694970233352839,0.08694970233352839,0.540312197173086,FALSE,FALSE
2014-08-10,Amundsen_Bellingshausen,3.968952994,-0.09382764564100789,0.09382764564100789,0.540312197173086,FALSE,FALSE
2014-08-11,Amundsen_Bellingshausen,4.008938167,-0.05787943445621568,0.05787943445621568,0.540312197173086,FALSE,FALSE
2014-08-12,Amundsen_Bellingshausen,4.036230071,-0.03462165054520128,0.03462165054520128,0.540312197173086,FALSE,FALSE
2014-08-13,Amundsen_Bellingshausen,4.071791914,-0.00315049867400318,0.00315049867400318,0.540312197173086,FALSE,FALSE
2014-08-14,Amundsen_Bellingshausen,4.086692918,0.00754383039133177,0.00754383039133177,0.540312197173086,FALSE,FALSE
2014-08-15,Amundsen_Bellingshausen,4.090182104,0.00665094488476469,0.00665094488476469,0.540312197173086,FALSE,FALSE
2014-08-16,Amundsen_Bellingshausen,4.060219821,-0.02792605732025954,0.02792605732025954,0.540312197173086,FALSE,FALSE
2014-08-17,Amundsen_Bellingshausen,4.024697746,-0.06828850134771791,0.06828850134771791,0.540312197173086,FALSE,FALSE
2014-08-18,Amundsen_Bellingshausen,4.004829677,-0.09314205327104295,0.09314205327104295,0.540312197173086,FALSE,FALSE
2014-08-19,Amundsen_Bellingshausen,4.057722615,-0.04529514608839147,0.04529514608839147,0.540312197173086,FALSE,FALSE
2014-08-20,Amundsen_Bellingshausen,4.103977087,-0.00406268679792898,0.00406268679792898,0.540312197173086,FALSE,FALSE
2014-08-21,Amundsen_Bellingshausen,4.181919896,0.06896669360217711,0.06896669360217711,0.540312197173086,FALSE,FALSE
2014-08-22,Amundsen_Bellingshausen,4.244658182,0.12698470111376725,0.12698470111376725,0.540312197173086,FALSE,FALSE
2014-08-23,Amundsen_Bellingshausen,4.2904559,0.16833985673867513,0.16833985673867513,0.540312197173086,FALSE,FALSE
2014-08-24,Amundsen_Bellingshausen,4.304696387,0.17850006347873748,0.17850006347873748,0.540312197173086,FALSE,FALSE
2014-08-25,Amundsen_Bellingshausen,4.306372615,0.17654285933579406,0.17654285933579406,0.540312197173086,FALSE,FALSE
2014-08-26,Amundsen_Bellingshausen,4.277000078,0.14406830431167084,0.14406830431167084,0.540312197173086,FALSE,FALSE
2014-08-27,Amundsen_Bellingshausen,4.312472119,0.17705430740821626,0.17705430740821626,0.540312197173086,FALSE,FALSE
2014-08-28,Amundsen_Bellingshausen,4.393969432,0.25676612862725623,0.25676612862725623,0.540312197173086,FALSE,FALSE
2014-08-29,Amundsen_Bellingshausen,4.463527602,0.3253089274936203,0.3253089274936203,0.540312197173086,FALSE,FALSE
2014-08-30,Amundsen_Bellingshausen,4.529222796,0.39073733189224225,0.39073733189224225,0.540312197173086,FALSE,FALSE
2014-08-31,Amundsen_Bellingshausen,4.542955786,0.40489634041101485,0.40489634041101485,0.540312197173086,FALSE,FALSE
2014-09-01,Amundsen_Bellingshausen,4.53980672,0.4028102662327404,0.4028102662327404,0.540312197173086,FALSE,FALSE
2014-09-02,Amundsen_Bellingshausen,4.534745275,0.3993929515402179,0.3993929515402179,0.540312197173086,FALSE,FALSE
2014-09-03,Amundsen_Bellingshausen,4.540871169,0.40768827951625486,0.40768827951625486,0.540312197173086,FALSE,FALSE
2014-09-04,Amundsen_Bellingshausen,4.535027831,0.40448384434364915,0.40448384434364915,0.540312197173086,FALSE,FALSE
2014-09-05,Amundsen_Bellingshausen,4.519279725,0.3917882752052044,0.3917882752052044,0.540312197173086,FALSE,FALSE
2014-09-06,Amundsen_Bellingshausen,4.479243487,0.355162373283723,0.355162373283723,0.540312197173086,FALSE,FALSE
2014-09-07,Amundsen_Bellingshausen,4.421686453,0.30131763976200787,0.30131763976200787,0.540312197173086,FALSE,FALSE
2014-09-08,Amundsen_Bellingshausen,4.388119472,0.27170908882285527,0.27170908882285527,0.540312197173086,FALSE,FALSE
2014-09-09,Amundsen_Bellingshausen,4.355072213,0.24281055464907195,0.24281055464907195,0.540312197173086,FALSE,FALSE
2014-09-10,Amundsen_Bellingshausen,4.348505645,0.2405274279494405,0.2405274279494405,0.540312197173086,FALSE,FALSE
2014-09-11,Amundsen_Bellingshausen,4.333998957,0.23040767186459732,0.23040767186459732,0.540312197173086,FALSE,FALSE
2014-09-12,Amundsen_Bellingshausen,4.310316142,0.21122812189228937,0.21122812189228937,0.540312197173086,FALSE,FALSE
2014-09-13,Amundsen_Bellingshausen,4.268407473,0.17395653354408402,0.17395653354408402,0.540312197173086,FALSE,FALSE
2014-09-14,Amundsen_Bellingshausen,4.224038614,0.1343760533315468,0.1343760533315468,0.540312197173086,FALSE,FALSE
2014-09-15,Amundsen_Bellingshausen,4.175678511,0.09097310976622897,0.09097310976622897,0.540312197173086,FALSE,FALSE
2014-09-16,Amundsen_Bellingshausen,4.12706485,0.04750287135970232,0.04750287135970232,0.540312197173086,FALSE,FALSE
2014-09-17,Amundsen_Bellingshausen,4.101281293,0.02706648262352562,0.02706648262352562,0.540312197173086,FALSE,FALSE
2014-09-18,Amundsen_Bellingshausen,4.114492785,0.04584637106925893,0.04584637106925893,0.540312197173086,FALSE,FALSE
2014-09-19,Amundsen_Bellingshausen,4.137650533,0.07481122620847014,0.07481122620847014,0.540312197173086,FALSE,FALSE
2014-09-20,Amundsen_Bellingshausen,4.191993203,0.1352171965527207,0.1352171965527207,0.540312197173086,FALSE,FALSE
2014-09-21,Amundsen_Bellingshausen,4.2248624,0.17442336961356997,0.17442336961356997,0.540312197173086,FALSE,FALSE
2014-09-22,Amundsen_Bellingshausen,4.240848346,0.19703744990258087,0.19703744990258087,0.540312197173086,FALSE,FALSE
2014-09-23,Amundsen_Bellingshausen,4.221294638,0.1844199358561296,0.1844199358561296,0.540312197173086,FALSE,FALSE
2014-09-24,Amundsen_Bellingshausen,4.189316056,0.15969628784693768,0.15969628784693768,0.540312197173086,FALSE,FALSE
2014-09-25,Amundsen_Bellingshausen,4.15186208,0.12982289245490808,0.12982289245490808,0.540312197173086,FALSE,FALSE
2014-09-26,Amundsen_Bellingshausen,4.15903777,0.14491166330945404,0.14491166330945404,0.540312197173086,FALSE,FALSE
2014-09-27,Amundsen_Bellingshausen,4.194172488,0.188298816039997,0.188298816039997,0.540312197173086,FALSE,FALSE
2014-09-28,Amundsen_Bellingshausen,4.189672813,0.19239778327595225,0.19239778327595225,0.540312197173086,FALSE,FALSE
2014-09-29,Amundsen_Bellingshausen,4.186573798,0.19825047164674237,0.19825047164674237,0.540312197173086,FALSE,FALSE
2014-09-30,Amundsen_Bellingshausen,4.207486043,0.22847433478177992,0.22847433478177992,0.540312197173086,FALSE,FALSE
2014-10-01,Amundsen_Bellingshausen,4.185514194,0.21618087231048833,0.21618087231048833,0.540312197173086,FALSE,FALSE
2014-10-02,Amundsen_Bellingshausen,4.146123227,0.1868419138622852,0.1868419138622852,0.540312197173086,FALSE,FALSE
2014-10-03,Amundsen_Bellingshausen,4.083192237,0.1343434080665875,0.1343434080665875,0.540312197173086,FALSE,FALSE
2014-10-04,Amundsen_Bellingshausen,4.041484782,0.1034557665528162,0.1034557665528162,0.540312197173086,FALSE,FALSE
2014-10-05,Amundsen_Bellingshausen,4.015182101,0.08836706684215212,0.08836706684215212,0.540312197173086,FALSE,FALSE
2014-10-06,Amundsen_Bellingshausen,3.955412624,0.04019430208930874,0.04019430208930874,0.540312197173086,FALSE,FALSE
2014-10-07,Amundsen_Bellingshausen,3.917155346,0.0138512725575981,0.0138512725575981,0.540312197173086,FALSE,FALSE
2014-10-08,Amundsen_Bellingshausen,3.900320204,0.00917288561012119,0.00917288561012119,0.540312197173086,FALSE,FALSE
2014-10-09,Amundsen_Bellingshausen,3.873931578,-0.00489150839002583,0.00489150839002583,0.540312197173086,FALSE,FALSE
2014-10-10,Amundsen_Bellingshausen,3.865877264,-5.291430797509378e-4,5.291430797509378e-4,0.540312197173086,FALSE,FALSE
2014-10-11,Amundsen_Bellingshausen,3.856217796,0.0022454859040466,0.0022454859040466,0.540312197173086,FALSE,FALSE
2014-10-12,Amundsen_Bellingshausen,3.846668789,0.00507296392446265,0.00507296392446265,0.540312197173086,FALSE,FALSE
2014-10-13,Amundsen_Bellingshausen,3.843971583,0.01461960134459206,0.01461960134459206,0.540312197173086,FALSE,FALSE
2014-10-14,Amundsen_Bellingshausen,3.85527351,0.03795770052753511,0.03795770052753511,0.540312197173086,FALSE,FALSE
2014-10-15,Amundsen_Bellingshausen,3.851503756,0.04594141783638461,0.04594141783638461,0.540312197173086,FALSE,FALSE
2014-10-16,Amundsen_Bellingshausen,3.846349497,0.05218289963423794,0.05218289963423794,0.540312197173086,FALSE,FALSE
2014-10-17,Amundsen_Bellingshausen,3.867062237,0.08385862028419311,0.08385862028419311,0.540312197173086,FALSE,FALSE
2014-10-18,Amundsen_Bellingshausen,3.871401879,0.09865674558832228,0.09865674558832228,0.540312197173086,FALSE,FALSE
2014-10-19,Amundsen_Bellingshausen,3.881284653,0.11849169877700394,0.11849169877700394,0.540312197173086,FALSE,FALSE
2014-10-20,Amundsen_Bellingshausen,3.899492096,0.14621006463927033,0.14621006463927033,0.540312197173086,FALSE,FALSE
2014-10-21,Amundsen_Bellingshausen,3.89539631,0.15125166983898186,0.15125166983898186,0.540312197173086,FALSE,FALSE
2014-10-22,Amundsen_Bellingshausen,3.866527571,0.13121451503999726,0.13121451503999726,0.540312197173086,FALSE,FALSE
2014-10-23,Amundsen_Bellingshausen,3.846153842,0.11943428790618071,0.11943428790618071,0.540312197173086,FALSE,FALSE
2014-10-24,Amundsen_Bellingshausen,3.797119622,0.07882321210138876,0.07882321210138876,0.540312197173086,FALSE,FALSE
2014-10-25,Amundsen_Bellingshausen,3.796497365,0.0865214662894842,0.0865214662894842,0.540312197173086,FALSE,FALSE
2014-10-26,Amundsen_Bellingshausen,3.798251754,0.09656145813432636,0.09656145813432636,0.540312197173086,FALSE,FALSE
2014-10-27,Amundsen_Bellingshausen,3.79570018,0.10232830329977816,0.10232830329977816,0.540312197173086,FALSE,FALSE
2014-10-28,Amundsen_Bellingshausen,3.787947619,0.10299470244969688,0.10299470244969688,0.540312197173086,FALSE,FALSE
2014-10-29,Amundsen_Bellingshausen,3.782400648,0.10603495724794464,0.10603495724794464,0.540312197173086,FALSE,FALSE
2014-10-30,Amundsen_Bellingshausen,3.805850862,0.13830838735838258,0.13830838735838258,0.540312197173086,FALSE,FALSE
2014-10-31,Amundsen_Bellingshausen,3.834000919,0.17557434998385046,0.17557434998385046,0.540312197173086,FALSE,FALSE
2014-11-01,Amundsen_Bellingshausen,3.830597726,0.1815821816139671,0.1815821816139671,0.540312197173086,FALSE,FALSE
2014-11-02,Amundsen_Bellingshausen,3.837552115,0.1982284741913132,0.1982284741913132,0.540312197173086,FALSE,FALSE
2014-11-03,Amundsen_Bellingshausen,3.833730061,0.20436495817725,0.20436495817725,0.540312197173086,FALSE,FALSE
2014-11-04,Amundsen_Bellingshausen,3.803821993,0.1846678180331436,0.1846678180331436,0.540312197173086,FALSE,FALSE
2014-11-05,Amundsen_Bellingshausen,3.77882721,0.17012210822035678,0.17012210822035678,0.540312197173086,FALSE,FALSE
2014-11-06,Amundsen_Bellingshausen,3.779553278,0.18152115020025583,0.18152115020025583,0.540312197173086,FALSE,FALSE
2014-11-07,Amundsen_Bellingshausen,3.756862378,0.16971288043420296,0.16971288043420296,0.540312197173086,FALSE,FALSE
2014-11-08,Amundsen_Bellingshausen,3.722367586,0.14629613038356393,0.14629613038356393,0.540312197173086,FALSE,FALSE
2014-11-09,Amundsen_Bellingshausen,3.707307931,0.1424956845097065,0.1424956845097065,0.540312197173086,FALSE,FALSE
2014-11-10,Amundsen_Bellingshausen,3.695784381,0.1423982662739922,0.1423982662739922,0.540312197173086,FALSE,FALSE
2014-11-11,Amundsen_Bellingshausen,3.66005378,0.11824647513778476,0.11824647513778476,0.540312197173086,FALSE,FALSE
2014-11-12,Amundsen_Bellingshausen,3.628575741,0.09848565874148196,0.09848565874148196,0.540312197173086,FALSE,FALSE
2014-11-13,Amundsen_Bellingshausen,3.615801201,0.09755133693036332,0.09755133693036332,0.540312197173086,FALSE,FALSE
2014-11-14,Amundsen_Bellingshausen,3.601528932,0.09522513316130432,0.09522513316130432,0.540312197173086,FALSE,FALSE
2014-11-15,Amundsen_Bellingshausen,3.588491579,0.09422240108016976,0.09422240108016976,0.540312197173086,FALSE,FALSE
2014-11-16,Amundsen_Bellingshausen,3.586893001,0.10472970833281758,0.10472970833281758,0.540312197173086,FALSE,FALSE
2014-11-17,Amundsen_Bellingshausen,3.57067389,0.10067045556510967,0.10067045556510967,0.540312197173086,FALSE,FALSE
2014-11-18,Amundsen_Bellingshausen,3.545834874,0.0880279794229053,0.0880279794229053,0.540312197173086,FALSE,FALSE
2014-11-19,Amundsen_Bellingshausen,3.543349943,0.09775897855206717,0.09775897855206717,0.540312197173086,FALSE,FALSE
2014-11-20,Amundsen_Bellingshausen,3.531230983,0.09785804759845274,0.09785804759845274,0.540312197173086,FALSE,FALSE
2014-11-21,Amundsen_Bellingshausen,3.512873908,0.09170380920792498,0.09170380920792498,0.540312197173086,FALSE,FALSE
2014-11-22,Amundsen_Bellingshausen,3.509602591,0.10060284502634607,0.10060284502634607,0.540312197173086,FALSE,FALSE
2014-11-23,Amundsen_Bellingshausen,3.518432521,0.12155335269957313,0.12155335269957313,0.540312197173086,FALSE,FALSE
2014-11-24,Amundsen_Bellingshausen,3.514438526,0.12961286887346857,0.12961286887346857,0.540312197173086,FALSE,FALSE
2014-11-25,Amundsen_Bellingshausen,3.503981729,0.1311299634980121,0.1311299634980121,0.540312197173086,FALSE,FALSE
2014-11-26,Amundsen_Bellingshausen,3.487302352,0.12637238130554085,0.12637238130554085,0.540312197173086,FALSE,FALSE
2014-11-27,Amundsen_Bellingshausen,3.496133455,0.14712085617073625,0.14712085617073625,0.540312197173086,FALSE,FALSE
2014-11-28,Amundsen_Bellingshausen,3.500799277,0.16374745360148912,0.16374745360148912,0.540312197173086,FALSE,FALSE
2014-11-29,Amundsen_Bellingshausen,3.491262573,0.16626275510567678,0.16626275510567678,0.540312197173086,FALSE,FALSE
2014-11-30,Amundsen_Bellingshausen,3.483750932,0.1709421761911849,0.1709421761911849,0.540312197173086,FALSE,FALSE
2014-12-01,Amundsen_Bellingshausen,3.492672949,0.19224213836589676,0.19224213836589676,0.540312197173086,FALSE,FALSE
2014-12-02,Amundsen_Bellingshausen,3.503265481,0.2154473251376956,0.2154473251376956,0.540312197173086,FALSE,FALSE
2014-12-03,Amundsen_Bellingshausen,3.510364967,0.23544200201446408,0.23544200201446408,0.540312197173086,FALSE,FALSE
2014-12-04,Amundsen_Bellingshausen,3.537932043,0.2762346315040882,0.2762346315040882,0.540312197173086,FALSE,FALSE
2014-12-05,Amundsen_Bellingshausen,3.548647603,0.30055393411444875,0.30055393411444875,0.540312197173086,FALSE,FALSE
2014-12-06,Amundsen_Bellingshausen,3.545494082,0.3114301713534311,0.3114301713534311,0.540312197173086,FALSE,FALSE
2014-12-07,Amundsen_Bellingshausen,3.543715924,0.3241556844947344,0.3241556844947344,0.540312197173086,FALSE,FALSE
2014-12-08,Amundsen_Bellingshausen,3.531598448,0.32708565778575993,0.32708565778575993,0.540312197173086,FALSE,FALSE
2014-12-09,Amundsen_Bellingshausen,3.520832205,0.33203348616031203,0.33203348616031203,0.540312197173086,FALSE,FALSE
2014-12-10,Amundsen_Bellingshausen,3.49835562,0.32606826468528327,0.32606826468528327,0.540312197173086,FALSE,FALSE
2014-12-11,Amundsen_Bellingshausen,3.461784112,0.3069360824275704,0.3069360824275704,0.540312197173086,FALSE,FALSE
2014-12-12,Amundsen_Bellingshausen,3.433315187,0.29696511545406334,0.29696511545406334,0.540312197173086,FALSE,FALSE
2014-12-13,Amundsen_Bellingshausen,3.410931541,0.2942687298316633,0.2942687298316633,0.540312197173086,FALSE,FALSE
2014-12-14,Amundsen_Bellingshausen,3.392404053,0.2967484746272566,0.2967484746272566,0.540312197173086,FALSE,FALSE
2014-12-15,Amundsen_Bellingshausen,3.378958801,0.30576109790774275,0.30576109790774275,0.540312197173086,FALSE,FALSE
2014-12-16,Amundsen_Bellingshausen,3.385840716,0.3366822007400154,0.3366822007400154,0.540312197173086,FALSE,FALSE
2014-12-17,Amundsen_Bellingshausen,3.384694281,0.3612869361909672,0.3612869361909672,0.540312197173086,FALSE,FALSE
2014-12-18,Amundsen_Bellingshausen,3.362633651,0.36682012932749375,0.36682012932749375,0.540312197173086,FALSE,FALSE
2014-12-19,Amundsen_Bellingshausen,3.344854798,0.3786084222164891,0.3786084222164891,0.540312197173086,FALSE,FALSE
2014-12-20,Amundsen_Bellingshausen,3.324106153,0.3895209710584045,0.3895209710584045,0.540312197173086,FALSE,FALSE
2014-12-21,Amundsen_Bellingshausen,3.32004162,0.41917515754613177,0.41917515754613177,0.540312197173086,FALSE,FALSE
2014-12-22,Amundsen_Bellingshausen,3.330887748,0.4656354901101474,0.4656354901101474,0.540312197173086,FALSE,FALSE
2014-12-23,Amundsen_Bellingshausen,3.301487143,0.4735790363732453,0.4735790363732453,0.540312197173086,FALSE,FALSE
2014-12-24,Amundsen_Bellingshausen,3.252577377,0.4635778299582056,0.4635778299582056,0.540312197173086,FALSE,FALSE
2014-12-25,Amundsen_Bellingshausen,3.244049855,0.49535773748781775,0.49535773748781775,0.540312197173086,FALSE,FALSE
2014-12-26,Amundsen_Bellingshausen,3.223754521,0.5166031645848692,0.5166031645848692,0.540312197173086,FALSE,FALSE
2014-12-27,Amundsen_Bellingshausen,3.195044003,0.5305012008721492,0.5305012008721492,0.540312197173086,FALSE,FALSE
2014-12-28,Amundsen_Bellingshausen,3.190065636,0.5690336429724399,0.5690336429724399,0.540312197173086,TRUE,TRUE
2014-12-29,Amundsen_Bellingshausen,3.195932757,0.6191482895085292,0.6191482895085292,0.540312197173086,TRUE,TRUE
2014-12-30,Amundsen_Bellingshausen,3.18995385,0.6579880861032108,0.6579880861032108,0.540312197173086,TRUE,TRUE
2014-12-31,Amundsen_Bellingshausen,3.183393324,0.6966519033792635,0.6966519033792635,0.540312197173086,TRUE,TRUE
2015-01-01,Amundsen_Bellingshausen,3.172562673,0.7312856969594757,0.7312856969594757,0.540312197173086,TRUE,TRUE
2015-01-02,Amundsen_Bellingshausen,3.163180166,0.7674489554726711,0.7674489554726711,0.540312197173086,TRUE,TRUE
2015-01-03,Amundsen_Bellingshausen,3.124822439,0.7745865665718115,0.7745865665718115,0.540312197173086,TRUE,TRUE
2015-01-04,Amundsen_Bellingshausen,3.125358562,0.8204426099159043,0.8204426099159043,0.540312197173086,TRUE,TRUE
2015-01-05,Amundsen_Bellingshausen,3.121863769,0.8619673291639387,0.8619673291639387,0.540312197173086,TRUE,TRUE
2015-01-06,Amundsen_Bellingshausen,3.098951522,0.8836491959749209,0.8836491959749209,0.540312197173086,TRUE,TRUE
2015-01-07,Amundsen_Bellingshausen,3.063291908,0.8920333070078454,0.8920333070078454,0.540312197173086,TRUE,TRUE
2015-01-08,Amundsen_Bellingshausen,3.056864928,0.9289746729217137,0.9289746729217137,0.540312197173086,TRUE,TRUE
2015-01-09,Amundsen_Bellingshausen,3.024700452,0.9393781733755252,0.9393781733755252,0.540312197173086,TRUE,TRUE
2015-01-10,Amundsen_Bellingshausen,3.004636796,0.960957134028281,0.960957134028281,0.540312197173086,TRUE,TRUE
2015-01-11,Amundsen_Bellingshausen,2.98230911,0.9792217145389776,0.9792217145389776,0.540312197173086,TRUE,TRUE
2015-01-12,Amundsen_Bellingshausen,2.97741371,1.0137432405666156,1.0137432405666156,0.540312197173086,TRUE,TRUE
2015-01-13,Amundsen_Bellingshausen,2.958059404,1.0325055297701964,1.0325055297701964,0.540312197173086,TRUE,TRUE
2015-01-14,Amundsen_Bellingshausen,2.95094622,1.0620855756230985,1.0620855756230985,0.540312197173086,TRUE,TRUE
2015-01-15,Amundsen_Bellingshausen,2.929935408,1.0762917776809555,1.0762917776809555,0.540312197173086,TRUE,TRUE
2015-01-16,Amundsen_Bellingshausen,2.873331858,1.0534641011270478,1.0534641011270478,0.540312197173086,TRUE,TRUE
2015-01-17,Amundsen_Bellingshausen,2.801373889,1.0138815008599775,1.0138815008599775,0.540312197173086,TRUE,TRUE
2015-01-18,Amundsen_Bellingshausen,2.744389256,0.9879123677783423,0.9879123677783423,0.540312197173086,TRUE,TRUE
2015-01-19,Amundsen_Bellingshausen,2.684103463,0.9573228417807444,0.9573228417807444,0.540312197173086,TRUE,TRUE
2015-01-20,Amundsen_Bellingshausen,2.625763134,0.9274001827657812,0.9274001827657812,0.540312197173086,TRUE,TRUE
2015-01-21,Amundsen_Bellingshausen,2.570862143,0.8996789006320545,0.8996789006320545,0.540312197173086,TRUE,TRUE
2015-01-22,Amundsen_Bellingshausen,2.510970479,0.865769620278164,0.865769620278164,0.540312197173086,TRUE,TRUE
2015-01-23,Amundsen_Bellingshausen,2.449365721,0.828990556602708,0.828990556602708,0.540312197173086,TRUE,TRUE
2015-01-24,Amundsen_Bellingshausen,2.407820632,0.8111551085042892,0.8111551085042892,0.540312197173086,TRUE,TRUE
2015-01-25,Amundsen_Bellingshausen,2.397616881,0.8235855808815047,0.8235855808815047,0.540312197173086,TRUE,TRUE
2015-01-26,Amundsen_Bellingshausen,2.374454588,0.8220227296329565,0.8220227296329565,0.540312197173086,TRUE,TRUE
2015-01-27,Amundsen_Bellingshausen,2.35229781,0.8204690435323554,0.8204690435323554,0.540312197173086,TRUE,TRUE
2015-01-28,Amundsen_Bellingshausen,2.295273828,0.7830753146205485,0.7830753146205485,0.540312197173086,TRUE,TRUE
2015-01-29,Amundsen_Bellingshausen,2.23169528,0.7381715049547231,0.7381715049547231,0.540312197173086,TRUE,TRUE
2015-01-30,Amundsen_Bellingshausen,2.209368847,0.7335815996618227,0.7335815996618227,0.540312197173086,TRUE,TRUE
2015-01-31,Amundsen_Bellingshausen,2.185416618,0.7264449918687963,0.7264449918687963,0.540312197173086,TRUE,TRUE
2015-02-01,Amundsen_Bellingshausen,2.154305314,0.7112457067025897,0.7112457067025897,0.540312197173086,TRUE,TRUE
2015-02-02,Amundsen_Bellingshausen,2.113835219,0.6858013322901488,0.6858013322901488,0.540312197173086,TRUE,TRUE
2015-02-03,Amundsen_Bellingshausen,2.072438798,0.6585616377584225,0.6585616377584225,0.540312197173086,TRUE,TRUE
2015-02-04,Amundsen_Bellingshausen,2.025008769,0.6244366452343577,0.6244366452343577,0.540312197173086,TRUE,TRUE
2015-02-05,Amundsen_Bellingshausen,1.997178288,0.6090768148448991,0.6090768148448991,0.540312197173086,TRUE,TRUE
2015-02-06,Amundsen_Bellingshausen,1.948903356,0.5724554517169951,0.5724554517169951,0.540312197173086,TRUE,TRUE
2015-02-07,Amundsen_Bellingshausen,1.92630645,0.5607123369775928,0.5607123369775928,0.540312197173086,TRUE,TRUE
2015-02-08,Amundsen_Bellingshausen,1.94464211,0.5891192291792036,0.5891192291792036,0.540312197173086,TRUE,TRUE
2015-02-09,Amundsen_Bellingshausen,1.924999309,0.5787710220532924,0.5787710220532924,0.540312197173086,TRUE,TRUE
2015-02-10,Amundsen_Bellingshausen,1.921579841,0.5838529616786792,0.5838529616786792,0.540312197173086,TRUE,TRUE
2015-02-11,Amundsen_Bellingshausen,1.896525153,0.5664872905844438,0.5664872905844438,0.540312197173086,TRUE,TRUE
2015-02-12,Amundsen_Bellingshausen,1.882450541,0.5592701002996643,0.5592701002996643,0.540312197173086,TRUE,TRUE
2015-02-13,Amundsen_Bellingshausen,1.875332128,0.558158309353419,0.558158309353419,0.540312197173086,TRUE,TRUE
2015-02-14,Amundsen_Bellingshausen,1.879181058,0.5671438572747889,0.5671438572747889,0.540312197173086,TRUE,TRUE
2015-02-15,Amundsen_Bellingshausen,1.891767709,0.5839779175928512,0.5839779175928512,0.540312197173086,TRUE,TRUE
2015-02-16,Amundsen_Bellingshausen,1.916186747,0.61173595183668406,0.61173595183668406,0.540312197173086,TRUE,TRUE
2015-02-17,Amundsen_Bellingshausen,1.926564239,0.6245248225353688,0.6245248225353688,0.540312197173086,TRUE,TRUE
2015-02-18,Amundsen_Bellingshausen,1.928019583,0.627444723217983,0.627444723217983,0.540312197173086,TRUE,TRUE
2015-02-19,Amundsen_Bellingshausen,1.922332658,0.6222563284136042,0.6222563284136042,0.540312197173086,TRUE,TRUE
2015-02-20,Amundsen_Bellingshausen,1.918000098,0.6174370676513137,0.6174370676513137,0.540312197173086,TRUE,TRUE
2015-02-21,Amundsen_Bellingshausen,1.94607885,0.6440280063964952,0.6440280063964952,0.540312197173086,TRUE,TRUE
2015-02-22,Amundsen_Bellingshausen,1.971736524,0.6672211591754218,0.6672211591754218,0.540312197173086,TRUE,TRUE
2015-02-23,Amundsen_Bellingshausen,1.978755944,0.6708505545600811,0.6708505545600811,0.540312197173086,TRUE,TRUE
2015-02-24,Amundsen_Bellingshausen,1.979515589,0.667346360586138,0.667346360586138,0.540312197173086,TRUE,TRUE
2015-02-25,Amundsen_Bellingshausen,1.9775319,0.6602767072892499,0.6602767072892499,0.540312197173086,TRUE,TRUE
2015-02-26,Amundsen_Bellingshausen,1.973982303,0.6508707097050788,0.6508707097050788,0.540312197173086,TRUE,TRUE
2015-02-27,Amundsen_Bellingshausen,1.996354096,0.6666673548692843,0.6666673548692843,0.540312197173086,TRUE,TRUE
2015-02-28,Amundsen_Bellingshausen,1.991677733,0.6547487858175292,0.6547487858175292,0.540312197173086,TRUE,TRUE
2015-03-01,Amundsen_Bellingshausen,1.990718799,0.6459322765854723,0.6459322765854723,0.540312197173086,TRUE,TRUE
2015-03-02,Amundsen_Bellingshausen,2.031260356,0.678052578208775,0.678052578208775,0.540312197173086,TRUE,TRUE
2015-03-03,Amundsen_Bellingshausen,2.063278461,0.7011374367230967,0.7011374367230967,0.540312197173086,TRUE,TRUE
2015-03-04,Amundsen_Bellingshausen,2.072915744,0.7013811711641,0.7013811711641,0.540312197173086,TRUE,TRUE
2015-03-05,Amundsen_Bellingshausen,2.086598694,0.7052619562403679,0.7052619562403679,0.540312197173086,TRUE,TRUE
2015-03-06,Amundsen_Bellingshausen,2.093602418,0.7020942083503008,0.7020942083503008,0.540312197173086,TRUE,TRUE
2015-03-07,Amundsen_Bellingshausen,2.103125082,0.7010751103275021,0.7010751103275021,0.540312197173086,TRUE,TRUE
2015-03-08,Amundsen_Bellingshausen,2.080222613,0.6672514201487498,0.6672514201487498,0.540312197173086,TRUE,TRUE
2015-03-09,Amundsen_Bellingshausen,2.087978044,0.6636970017908197,0.6636970017908197,0.540312197173086,TRUE,TRUE
2015-03-10,Amundsen_Bellingshausen,2.092805022,0.6568163332304886,0.6568163332304886,0.540312197173086,TRUE,TRUE
2015-03-11,Amundsen_Bellingshausen,2.10516794,0.6570646384445338,0.6570646384445338,0.540312197173086,TRUE,TRUE
2015-03-12,Amundsen_Bellingshausen,2.123380163,0.6627461134097319,0.6627461134097319,0.540312197173086,TRUE,TRUE
2015-03-13,Amundsen_Bellingshausen,2.113338616,0.6397485141028567,0.6397485141028567,0.540312197173086,TRUE,TRUE
2015-03-14,Amundsen_Bellingshausen,2.106141112,0.6191604845006888,0.6191604845006888,0.540312197173086,TRUE,TRUE
2015-03-15,Amundsen_Bellingshausen,2.10014151,0.5993267145800032,0.5993267145800032,0.540312197173086,TRUE,TRUE
2015-03-16,Amundsen_Bellingshausen,2.119683403,0.6045816283175749,0.6045816283175749,0.540312197173086,TRUE,TRUE
2015-03-17,Amundsen_Bellingshausen,2.12937533,0.5995245956901831,0.5995245956901831,0.540312197173086,TRUE,TRUE
2015-03-18,Amundsen_Bellingshausen,2.139640339,0.5945699864565619,0.5945699864565619,0.540312197173086,TRUE,TRUE
2015-03-19,Amundsen_Bellingshausen,2.161125723,0.6003686725833204,0.6003686725833204,0.540312197173086,TRUE,TRUE
2015-03-20,Amundsen_Bellingshausen,2.165908774,0.5890143461791697,0.5890143461791697,0.540312197173086,TRUE,TRUE
2015-03-21,Amundsen_Bellingshausen,2.204904432,0.611438950993167,0.611438950993167,0.540312197173086,TRUE,TRUE
2015-03-22,Amundsen_Bellingshausen,2.227972676,0.6175194697743673,0.6175194697743673,0.540312197173086,TRUE,TRUE
2015-03-23,Amundsen_Bellingshausen,2.259811365,0.631970765271828,0.631970765271828,0.540312197173086,TRUE,TRUE
2015-03-24,Amundsen_Bellingshausen,2.293887167,0.6482765092346072,0.6482765092346072,0.540312197173086,TRUE,TRUE
2015-03-25,Amundsen_Bellingshausen,2.373242567,0.7094961904117598,0.7094961904117598,0.540312197173086,TRUE,TRUE
2015-03-26,Amundsen_Bellingshausen,2.4208240070000002,0.7385932545523424,0.7385932545523424,0.540312197173086,TRUE,TRUE
2015-03-27,Amundsen_Bellingshausen,2.460718708,0.7596719264054128,0.7596719264054128,0.540312197173086,TRUE,TRUE
2015-03-28,Amundsen_Bellingshausen,2.496690142,0.7765126817200267,0.7765126817200267,0.540312197173086,TRUE,TRUE
2015-03-29,Amundsen_Bellingshausen,2.556305114,0.8166993292452409,0.8166993292452409,0.540312197173086,TRUE,TRUE
2015-03-30,Amundsen_Bellingshausen,2.596950669,0.8376359177301118,0.8376359177301118,0.540312197173086,TRUE,TRUE
2015-03-31,Amundsen_Bellingshausen,2.617570281,0.8382799652966522,0.8382799652966522,0.540312197173086,TRUE,TRUE
2015-04-01,Amundsen_Bellingshausen,2.603446213,0.8039116016471091,0.8039116016471091,0.540312197173086,TRUE,TRUE
2015-04-02,Amundsen_Bellingshausen,2.578650221,0.7585949498581499,0.7585949498581499,0.540312197173086,TRUE,TRUE
2015-04-03,Amundsen_Bellingshausen,2.563447572,0.722587639459898,0.722587639459898,0.540312197173086,TRUE,TRUE
2015-04-04,Amundsen_Bellingshausen,2.560331711,0.698375477982482,0.698375477982482,0.540312197173086,TRUE,TRUE
2015-04-05,Amundsen_Bellingshausen,2.578035918,0.6946841079560269,0.6946841079560269,0.540312197173086,TRUE,TRUE
2015-04-06,Amundsen_Bellingshausen,2.619605431,0.7145511299106648,0.7145511299106648,0.540312197173086,TRUE,TRUE
2015-04-07,Amundsen_Bellingshausen,2.668833906,0.741762562376518,0.741762562376518,0.540312197173086,TRUE,TRUE
2015-04-08,Amundsen_Bellingshausen,2.71473153,0.7653209548837174,0.7653209548837174,0.540312197173086,TRUE,TRUE
2015-04-09,Amundsen_Bellingshausen,2.739687788,0.7676081549623883,0.7676081549623883,0.540312197173086,TRUE,TRUE
2015-04-10,Amundsen_Bellingshausen,2.76449565,0.7694094951426578,0.7694094951426578,0.540312197173086,TRUE,TRUE
2015-04-11,Amundsen_Bellingshausen,2.753963737,0.735525958954653,0.735525958954653,0.540312197173086,TRUE,TRUE
2015-04-12,Amundsen_Bellingshausen,2.748521107,0.7063790160352701,0.7063790160352701,0.540312197173086,TRUE,TRUE
2015-04-13,Amundsen_Bellingshausen,2.78440941,0.7182062278720971,0.7182062278720971,0.540312197173086,TRUE,TRUE
2015-04-14,Amundsen_Bellingshausen,2.801463717,0.7108443464252119,0.7108443464252119,0.540312197173086,TRUE,TRUE
2015-04-15,Amundsen_Bellingshausen,2.843655881,0.7282674445492527,0.7282674445492527,0.540312197173086,TRUE,TRUE
2015-04-16,Amundsen_Bellingshausen,2.87630929,0.7358011300988467,0.7358011300988467,0.540312197173086,TRUE,TRUE
2015-04-17,Amundsen_Bellingshausen,2.890767181,0.7247908599286323,0.7247908599286323,0.540312197173086,TRUE,TRUE
2015-04-18,Amundsen_Bellingshausen,2.938066858,0.7462761578932433,0.7462761578932433,0.540312197173086,TRUE,TRUE
2015-04-19,Amundsen_Bellingshausen,2.948003497,0.7300544198473116,0.7300544198473116,0.540312197173086,TRUE,TRUE
2015-04-20,Amundsen_Bellingshausen,2.935225271,0.6907760386454713,0.6907760386454713,0.540312197173086,TRUE,TRUE
2015-04-21,Amundsen_Bellingshausen,2.918819183,0.6475302371423557,0.6475302371423557,0.540312197173086,TRUE,TRUE
2015-04-22,Amundsen_Bellingshausen,2.910548838,0.6120828401926004,0.6120828401926004,0.540312197173086,TRUE,TRUE
2015-04-23,Amundsen_Bellingshausen,2.939381961,0.6134037926508391,0.6134037926508391,0.540312197173086,TRUE,TRUE
2015-04-24,Amundsen_Bellingshausen,2.97617164,0.6223484023717036,0.6223484023717036,0.540312197173086,TRUE,TRUE
2015-04-25,Amundsen_Bellingshausen,3.034815058,0.652820413377766,0.652820413377766,0.540312197173086,TRUE,TRUE
2015-04-26,Amundsen_Bellingshausen,3.098664643,0.6882200447711804,0.6882200447711804,0.540312197173086,TRUE,TRUE
2015-04-27,Amundsen_Bellingshausen,3.127755202,0.6886526786372054,0.6886526786372054,0.540312197173086,TRUE,TRUE
2015-04-28,Amundsen_Bellingshausen,3.141182224,0.6732846190652086,0.6732846190652086,0.540312197173086,TRUE,TRUE
2015-04-29,Amundsen_Bellingshausen,3.148842187,0.6520831591445515,0.6520831591445515,0.540312197173086,TRUE,TRUE
2015-04-30,Amundsen_Bellingshausen,3.133508666,0.6078926889645944,0.6078926889645944,0.540312197173086,TRUE,TRUE
2015-05-01,Amundsen_Bellingshausen,3.130139614,0.5757419766147005,0.5757419766147005,0.540312197173086,TRUE,TRUE
2015-05-02,Amundsen_Bellingshausen,3.141157114,0.558123920184233,0.558123920184233,0.540312197173086,TRUE,TRUE
2015-05-03,Amundsen_Bellingshausen,3.142566661,0.5311148297625556,0.5311148297625556,0.540312197173086,FALSE,FALSE
2015-05-04,Amundsen_Bellingshausen,3.157230897,0.5176481624390328,0.5176481624390328,0.540312197173086,FALSE,FALSE
2015-05-05,Amundsen_Bellingshausen,3.177572967,0.5102178783030236,0.5102178783030236,0.540312197173086,FALSE,FALSE
2015-05-06,Amundsen_Bellingshausen,3.236078904,0.5413808254438939,0.5413808254438939,0.540312197173086,TRUE,TRUE
2015-05-07,Amundsen_Bellingshausen,3.283358874,0.5618179459678769,0.5618179459678769,0.540312197173086,TRUE,TRUE
2015-05-08,Amundsen_Bellingshausen,3.321765552,0.5739309572791007,0.5739309572791007,0.540312197173086,TRUE,TRUE
2015-05-09,Amundsen_Bellingshausen,3.350071662,0.5764837821313606,0.5764837821313606,0.540312197173086,TRUE,TRUE
2015-05-10,Amundsen_Bellingshausen,3.37138111,0.5725620079136,0.5725620079136,0.540312197173086,TRUE,TRUE
2015-05-11,Amundsen_Bellingshausen,3.387298364,0.5637517840147566,0.5637517840147566,0.540312197173086,TRUE,TRUE
2015-05-12,Amundsen_Bellingshausen,3.377842706,0.5300540738237736,0.5300540738237736,0.540312197173086,FALSE,FALSE
2015-05-13,Amundsen_Bellingshausen,3.389474995,0.517911417729592,0.517911417729592,0.540312197173086,FALSE,FALSE
2015-05-14,Amundsen_Bellingshausen,3.38318745,0.4882977161211483,0.4882977161211483,0.540312197173086,FALSE,FALSE
2015-05-15,Amundsen_Bellingshausen,3.369135819,0.4513503983873859,0.4513503983873859,0.540312197173086,FALSE,FALSE
2015-05-16,Amundsen_Bellingshausen,3.366096485,0.4258275289172459,0.4258275289172459,0.540312197173086,FALSE,FALSE
2015-05-17,Amundsen_Bellingshausen,3.391551444,0.4291927850996671,0.4291927850996671,0.540312197173086,FALSE,FALSE
2015-05-18,Amundsen_Bellingshausen,3.431325134,0.4472522863235908,0.4472522863235908,0.540312197173086,FALSE,FALSE
2015-05-19,Amundsen_Bellingshausen,3.464262725,0.4588328839779572,0.4588328839779572,0.540312197173086,FALSE,FALSE
2015-05-20,Amundsen_Bellingshausen,3.511853725,0.4854058290610448,0.4854058290610448,0.540312197173086,FALSE,FALSE
2015-05-21,Amundsen_Bellingshausen,3.508565584,0.4614214387760795,0.4614214387760795,0.540312197173086,FALSE,FALSE
2015-05-22,Amundsen_Bellingshausen,3.478396196,0.4108614565259257,0.4108614565259257,0.540312197173086,FALSE,FALSE
2015-05-23,Amundsen_Bellingshausen,3.473489327,0.385853530759273,0.385853530759273,0.540312197173086,FALSE,FALSE
2015-05-24,Amundsen_Bellingshausen,3.479030336,0.371566902924819,0.371566902924819,0.540312197173086,FALSE,FALSE
2015-05-25,Amundsen_Bellingshausen,3.504847157,0.3778133894712532,0.3778133894712532,0.540312197173086,FALSE,FALSE
2015-05-26,Amundsen_Bellingshausen,3.542175084,0.3958121668472691,0.3958121668472691,0.540312197173086,FALSE,FALSE
2015-05-27,Amundsen_Bellingshausen,3.580116562,0.4146495625015594,0.4146495625015594,0.540312197173086,FALSE,FALSE
2015-05-28,Amundsen_Bellingshausen,3.59321835,0.4088562178828172,0.4088562178828172,0.540312197173086,FALSE,FALSE
2015-05-29,Amundsen_Bellingshausen,3.588766596,0.3857021634397366,0.3857021634397366,0.540312197173086,FALSE,FALSE
2015-05-30,Amundsen_Bellingshausen,3.585138843,0.3635488246210077,0.3635488246210077,0.540312197173086,FALSE,FALSE
2015-05-31,Amundsen_Bellingshausen,3.597465565,0.3575105578753237,0.3575105578753237,0.540312197173086,FALSE,FALSE
2015-06-01,Amundsen_Bellingshausen,3.590317767,0.3321422506513785,0.3321422506513785,0.540312197173086,FALSE,FALSE
2015-06-02,Amundsen_Bellingshausen,3.598554852,0.32229535666725884,0.32229535666725884,0.540312197173086,FALSE,FALSE
2015-06-03,Amundsen_Bellingshausen,3.613640786,0.3194621292898807,0.3194621292898807,0.540312197173086,FALSE,FALSE
2015-06-04,Amundsen_Bellingshausen,3.654723449,0.34282878101191283,0.34282878101191283,0.540312197173086,FALSE,FALSE
2015-06-05,Amundsen_Bellingshausen,3.714689681,0.38532048469812574,0.38532048469812574,0.540312197173086,FALSE,FALSE
2015-06-06,Amundsen_Bellingshausen,3.727964448,0.3814005392132844,0.3814005392132844,0.540312197173086,FALSE,FALSE
2015-06-07,Amundsen_Bellingshausen,3.713957269,0.35051679642215694,0.35051679642215694,0.540312197173086,FALSE,FALSE
2015-06-08,Amundsen_Bellingshausen,3.699316663,0.31935610818951243,0.31935610818951243,0.540312197173086,FALSE,FALSE
2015-06-09,Amundsen_Bellingshausen,3.698057806,0.30197198338011644,0.30197198338011644,0.540312197173086,FALSE,FALSE
2015-06-10,Amundsen_Bellingshausen,3.66471375,0.2529358068587393,0.2529358068587393,0.540312197173086,FALSE,FALSE
2015-06-11,Amundsen_Bellingshausen,3.667468087,0.24046950349014384,0.24046950349014384,0.540312197173086,FALSE,FALSE
2015-06-12,Amundsen_Bellingshausen,3.684611338,0.24290192713909908,0.24290192713909908,0.540312197173086,FALSE,FALSE
2015-06-13,Amundsen_Bellingshausen,3.737777512,0.28190541967037586,0.28190541967037586,0.540312197173086,FALSE,FALSE
2015-06-14,Amundsen_Bellingshausen,3.744689041,0.27523972222324034,0.27523972222324034,0.540312197173086,FALSE,FALSE
2015-06-15,Amundsen_Bellingshausen,3.730244927,0.24779601587140257,0.24779601587140257,0.540312197173086,FALSE,FALSE
2015-06-16,Amundsen_Bellingshausen,3.74346346,0.24852285775477156,0.24852285775477156,0.540312197173086,FALSE,FALSE
2015-06-17,Amundsen_Bellingshausen,3.758829605,0.25183099438808565,0.25183099438808565,0.540312197173086,FALSE,FALSE
2015-06-18,Amundsen_Bellingshausen,3.776252551,0.2575553962860848,0.2575553962860848,0.540312197173086,FALSE,FALSE
2015-06-19,Amundsen_Bellingshausen,3.81144618,0.2813357269635115,0.2813357269635115,0.540312197173086,FALSE,FALSE
2015-06-20,Amundsen_Bellingshausen,3.830521353,0.28920862893510435,0.28920862893510435,0.540312197173086,FALSE,FALSE
2015-06-21,Amundsen_Bellingshausen,3.79572233,0.2433441437156061,0.2433441437156061,0.540312197173086,FALSE,FALSE
2015-06-22,Amundsen_Bellingshausen,3.713399146,0.15001808781975567,0.15001808781975567,0.540312197173086,FALSE,FALSE
2015-06-23,Amundsen_Bellingshausen,3.708576285,0.13418072676229498,0.13418072676229498,0.540312197173086,FALSE,FALSE
2015-06-24,Amundsen_Bellingshausen,3.705128702,0.11963279705796248,0.11963279705796248,0.540312197173086,FALSE,FALSE
2015-06-25,Amundsen_Bellingshausen,3.725558023,0.128801706221501,0.128801706221501,0.540312197173086,FALSE,FALSE
2015-06-26,Amundsen_Bellingshausen,3.721477218,0.11322620576764876,0.11322620576764876,0.540312197173086,FALSE,FALSE
2015-06-27,Amundsen_Bellingshausen,3.692515539,0.07247043964939426,0.07247043964939426,0.540312197173086,FALSE,FALSE
2015-06-28,Amundsen_Bellingshausen,3.710672896,0.07853805289463889,0.07853805289463889,0.540312197173086,FALSE,FALSE
2015-06-29,Amundsen_Bellingshausen,3.733697523,0.08921247163831048,0.08921247163831048,0.540312197173086,FALSE,FALSE
2015-06-30,Amundsen_Bellingshausen,3.787162318,0.13010194775238526,0.13010194775238526,0.540312197173086,FALSE,FALSE
2015-07-01,Amundsen_Bellingshausen,3.82509551,0.15527006410884114,0.15527006410884114,0.540312197173086,FALSE,FALSE
2015-07-02,Amundsen_Bellingshausen,3.867171871,0.1844269465796522,0.1844269465796522,0.540312197173086,FALSE,FALSE
2015-07-03,Amundsen_Bellingshausen,3.93108252,0.23529906803679568,0.23529906803679568,0.540312197173086,FALSE,FALSE
2015-07-04,Amundsen_Bellingshausen,3.988359298,0.27945362335225044,0.27945362335225044,0.540312197173086,FALSE,FALSE
2015-07-05,Amundsen_Bellingshausen,4.097366526,0.3752902873979873,0.3752902873979873,0.540312197173086,FALSE,FALSE
2015-07-06,Amundsen_Bellingshausen,4.165701259,0.43044146904598746,0.43044146904598746,0.540312197173086,FALSE,FALSE
2015-07-07,Amundsen_Bellingshausen,4.181070571,0.4326495961682269,0.4326495961682269,0.540312197173086,FALSE,FALSE
2015-07-08,Amundsen_Bellingshausen,4.185372854,0.42384841463667966,0.42384841463667966,0.540312197173086,FALSE,FALSE
2015-07-09,Amundsen_Bellingshausen,4.170519736,0.3959848700099111,0.3959848700099111,0.540312197173086,FALSE,FALSE
2015-07-10,Amundsen_Bellingshausen,4.098380401,0.31095640105548306,0.31095640105548306,0.540312197173086,FALSE,FALSE
2015-07-11,Amundsen_Bellingshausen,4.036973717,0.23679467380334085,0.23679467380334085,0.540312197173086,FALSE,FALSE
2015-07-12,Amundsen_Bellingshausen,4.00164993,0.18886068679586152,0.18886068679586152,0.540312197173086,FALSE,FALSE
2015-07-13,Amundsen_Bellingshausen,3.948921291,0.12367744357542332,0.12367744357542332,0.540312197173086,FALSE,FALSE
2015-07-14,Amundsen_Bellingshausen,3.944162269,0.10663016568440796,0.10663016568440796,0.540312197173086,FALSE,FALSE
2015-07-15,Amundsen_Bellingshausen,3.954916716,0.10527345766519458,0.10527345766519458,0.540312197173086,FALSE,FALSE
2015-07-16,Amundsen_Bellingshausen,3.925992648,0.06442608806015793,0.06442608806015793,0.540312197173086,FALSE,FALSE
2015-07-17,Amundsen_Bellingshausen,3.920752119,0.04746086341167954,0.04746086341167954,0.540312197173086,FALSE,FALSE
2015-07-18,Amundsen_Bellingshausen,3.929217613,0.04441102026214239,0.04441102026214239,0.540312197173086,FALSE,FALSE
2015-07-19,Amundsen_Bellingshausen,3.919368114,0.0232662951539182,0.0232662951539182,0.540312197173086,FALSE,FALSE
2015-07-20,Amundsen_Bellingshausen,3.930647188,0.02348100662938668,0.02348100662938668,0.540312197173086,FALSE,FALSE
2015-07-21,Amundsen_Bellingshausen,3.935915065,0.017926137230931172,0.017926137230931172,0.540312197173086,FALSE,FALSE
2015-07-22,Amundsen_Bellingshausen,3.933838664,0.00527963845500467,0.00527963845500467,0.540312197173086,FALSE,FALSE
2015-07-23,Amundsen_Bellingshausen,3.965338216,0.0264766378075536,0.0264766378075536,0.540312197173086,FALSE,FALSE
2015-07-24,Amundsen_Bellingshausen,4.048132443,0.09925357042438998,0.09925357042438998,0.540312197173086,FALSE,FALSE
2015-07-25,Amundsen_Bellingshausen,4.123254381,0.1646612493334505,0.1646612493334505,0.540312197173086,FALSE,FALSE
2015-07-26,Amundsen_Bellingshausen,4.145486812,0.17750023356267386,0.17750023356267386,0.540312197173086,FALSE,FALSE
2015-07-27,Amundsen_Bellingshausen,4.178770689,0.20172925314000256,0.20172925314000256,0.540312197173086,FALSE,FALSE
2015-07-28,Amundsen_Bellingshausen,4.185510717,0.1997707900933632,0.1997707900933632,0.540312197173086,FALSE,FALSE
2015-07-29,Amundsen_Bellingshausen,4.18749847,0.1934341954507035,0.1934341954507035,0.540312197173086,FALSE,FALSE
2015-07-30,Amundsen_Bellingshausen,4.183886556,0.18188985423995072,0.18188985423995072,0.540312197173086,FALSE,FALSE
2015-07-31,Amundsen_Bellingshausen,4.193886245,0.18436681348905104,0.18436681348905104,0.540312197173086,FALSE,FALSE
2015-08-01,Amundsen_Bellingshausen,4.203523811,0.18690912422594153,0.18690912422594153,0.540312197173086,FALSE,FALSE
2015-08-02,Amundsen_Bellingshausen,4.220724286,0.19745959547855385,0.19745959547855385,0.540312197173086,FALSE,FALSE
2015-08-03,Amundsen_Bellingshausen,4.239846047,0.21039438074733852,0.21039438074733852,0.540312197173086,FALSE,FALSE
2015-08-04,Amundsen_Bellingshausen,4.232122696,0.196950618399363,0.196950618399363,0.540312197173086,FALSE,FALSE
2015-08-05,Amundsen_Bellingshausen,4.234512757,0.19403899913990671,0.19403899913990671,0.540312197173086,FALSE,FALSE
2015-08-06,Amundsen_Bellingshausen,4.120491424,0.07507530420293396,0.07507530420293396,0.540312197173086,FALSE,FALSE
2015-08-07,Amundsen_Bellingshausen,4.098870556,0.04881197982239715,0.04881197982239715,0.540312197173086,FALSE,FALSE
2015-08-08,Amundsen_Bellingshausen,4.052499496,-0.0019610437677402,0.0019610437677402,0.540312197173086,FALSE,FALSE
2015-08-09,Amundsen_Bellingshausen,3.956605724,-0.10207569933352811,0.10207569933352811,0.540312197173086,FALSE,FALSE
2015-08-10,Amundsen_Bellingshausen,3.921366563,-0.1414140766410079,0.1414140766410079,0.540312197173086,FALSE,FALSE
2015-08-11,Amundsen_Bellingshausen,3.933192881,-0.13362472045621576,0.13362472045621576,0.540312197173086,FALSE,FALSE
2015-08-12,Amundsen_Bellingshausen,3.920920679,-0.14993104254520162,0.14993104254520162,0.540312197173086,FALSE,FALSE
2015-08-13,Amundsen_Bellingshausen,3.8796671,-0.1952753126740037,0.1952753126740037,0.540312197173086,FALSE,FALSE
2015-08-14,Amundsen_Bellingshausen,3.822573477,-0.25657561060866785,0.25657561060866785,0.540312197173086,FALSE,FALSE
2015-08-15,Amundsen_Bellingshausen,3.792877591,-0.29065356811523557,0.29065356811523557,0.540312197173086,FALSE,FALSE
2015-08-16,Amundsen_Bellingshausen,3.77992581,-0.30822006832025917,0.30822006832025917,0.540312197173086,FALSE,FALSE
2015-08-17,Amundsen_Bellingshausen,3.800395556,-0.2925906913477183,0.2925906913477183,0.540312197173086,FALSE,FALSE
2015-08-18,Amundsen_Bellingshausen,3.860029968,-0.2379417622710429,0.2379417622710429,0.540312197173086,FALSE,FALSE
2015-08-19,Amundsen_Bellingshausen,3.907266852,-0.195750909088392,0.195750909088392,0.540312197173086,FALSE,FALSE
2015-08-20,Amundsen_Bellingshausen,3.914456037,-0.19358373679792873,0.19358373679792873,0.540312197173086,FALSE,FALSE
2015-08-21,Amundsen_Bellingshausen,3.99755292,-0.11540028239782309,0.11540028239782309,0.540312197173086,FALSE,FALSE
2015-08-22,Amundsen_Bellingshausen,4.105736768,-0.0119367128862331,0.0119367128862331,0.540312197173086,FALSE,FALSE
2015-08-23,Amundsen_Bellingshausen,4.164389361,0.04227331773867426,0.04227331773867426,0.540312197173086,FALSE,FALSE
2015-08-24,Amundsen_Bellingshausen,4.233622305,0.1074259814787375,0.1074259814787375,0.540312197173086,FALSE,FALSE
2015-08-25,Amundsen_Bellingshausen,4.258465621,0.12863586533579419,0.12863586533579419,0.540312197173086,FALSE,FALSE
2015-08-26,Amundsen_Bellingshausen,4.2251237,0.0921919263116706,0.0921919263116706,0.540312197173086,FALSE,FALSE
2015-08-27,Amundsen_Bellingshausen,4.167889541,0.03247172940821663,0.03247172940821663,0.540312197173086,FALSE,FALSE
2015-08-28,Amundsen_Bellingshausen,4.134812028,-0.00239127537274352,0.00239127537274352,0.540312197173086,FALSE,FALSE
2015-08-29,Amundsen_Bellingshausen,4.152338645,0.01411997049362057,0.01411997049362057,0.540312197173086,FALSE,FALSE
2015-08-30,Amundsen_Bellingshausen,4.157095259,0.01860979489224235,0.01860979489224235,0.540312197173086,FALSE,FALSE
2015-08-31,Amundsen_Bellingshausen,4.147242311,0.00918286541101487,0.00918286541101487,0.540312197173086,FALSE,FALSE
2015-09-01,Amundsen_Bellingshausen,4.10988139,-0.02711506376725925,0.02711506376725925,0.540312197173086,FALSE,FALSE
2015-09-02,Amundsen_Bellingshausen,4.080313531,-0.05503879245978194,0.05503879245978194,0.540312197173086,FALSE,FALSE
2015-09-03,Amundsen_Bellingshausen,4.126527215,-0.00665567448374471,0.00665567448374471,0.540312197173086,FALSE,FALSE
2015-09-04,Amundsen_Bellingshausen,4.15134279,0.02079880334364947,0.02079880334364947,0.540312197173086,FALSE,FALSE
2015-09-05,Amundsen_Bellingshausen,4.172280822,0.04478937220520507,0.04478937220520507,0.540312197173086,FALSE,FALSE
2015-09-06,Amundsen_Bellingshausen,4.188659131,0.06457801728372292,0.06457801728372292,0.540312197173086,FALSE,FALSE
2015-09-07,Amundsen_Bellingshausen,4.180451451,0.06008263776200717,0.06008263776200717,0.540312197173086,FALSE,FALSE
2015-09-08,Amundsen_Bellingshausen,4.172182994,0.05577261082285556,0.05577261082285556,0.540312197173086,FALSE,FALSE
2015-09-09,Amundsen_Bellingshausen,4.158320243,0.04605858464907264,0.04605858464907264,0.540312197173086,FALSE,FALSE
2015-09-10,Amundsen_Bellingshausen,4.180602356,0.07262413894943975,0.07262413894943975,0.540312197173086,FALSE,FALSE
2015-09-11,Amundsen_Bellingshausen,4.18295355,0.07936226486459663,0.07936226486459663,0.540312197173086,FALSE,FALSE
2015-09-12,Amundsen_Bellingshausen,4.179480131,0.08039211089228981,0.08039211089228981,0.540312197173086,FALSE,FALSE
2015-09-13,Amundsen_Bellingshausen,4.168860313,0.07440937354408383,0.07440937354408383,0.540312197173086,FALSE,FALSE
2015-09-14,Amundsen_Bellingshausen,4.169652768,0.07999020733154616,0.07999020733154616,0.540312197173086,FALSE,FALSE
2015-09-15,Amundsen_Bellingshausen,4.157025321,0.07231991976622876,0.07231991976622876,0.540312197173086,FALSE,FALSE
2015-09-16,Amundsen_Bellingshausen,4.172833927,0.09327194835970244,0.09327194835970244,0.540312197173086,FALSE,FALSE
2015-09-17,Amundsen_Bellingshausen,4.177785083,0.10357027262352504,0.10357027262352504,0.540312197173086,FALSE,FALSE
2015-09-18,Amundsen_Bellingshausen,4.211751352,0.14310493806925884,0.14310493806925884,0.540312197173086,FALSE,FALSE
2015-09-19,Amundsen_Bellingshausen,4.2682731,0.20543379320846977,0.20543379320846977,0.540312197173086,FALSE,FALSE
2015-09-20,Amundsen_Bellingshausen,4.333551532,0.2767755255527211,0.2767755255527211,0.540312197173086,FALSE,FALSE
2015-09-21,Amundsen_Bellingshausen,4.335303835,0.2848648046135702,0.2848648046135702,0.540312197173086,FALSE,FALSE
2015-09-22,Amundsen_Bellingshausen,4.340215945,0.2964050489025807,0.2964050489025807,0.540312197173086,FALSE,FALSE
2015-09-23,Amundsen_Bellingshausen,4.354095434,0.3172207318561302,0.3172207318561302,0.540312197173086,FALSE,FALSE
2015-09-24,Amundsen_Bellingshausen,4.344352427,0.31473265884693724,0.31473265884693724,0.540312197173086,FALSE,FALSE
2015-09-25,Amundsen_Bellingshausen,4.329950238,0.3079110504549085,0.3079110504549085,0.540312197173086,FALSE,FALSE
2015-09-26,Amundsen_Bellingshausen,4.31227478,0.2981486733094538,0.2981486733094538,0.540312197173086,FALSE,FALSE
2015-09-27,Amundsen_Bellingshausen,4.363131996,0.35725832403999647,0.35725832403999647,0.540312197173086,FALSE,FALSE
2015-09-28,Amundsen_Bellingshausen,4.408503302,0.4112282722759524,0.4112282722759524,0.540312197173086,FALSE,FALSE
2015-09-29,Amundsen_Bellingshausen,4.41056204,0.42223871364674226,0.42223871364674226,0.540312197173086,FALSE,FALSE
2015-09-30,Amundsen_Bellingshausen,4.376894862,0.39788315378178,0.39788315378178,0.540312197173086,FALSE,FALSE
2015-10-01,Amundsen_Bellingshausen,4.34836354,0.379030218310489,0.379030218310489,0.540312197173086,FALSE,FALSE
2015-10-02,Amundsen_Bellingshausen,4.304303508,0.34502219486228514,0.34502219486228514,0.540312197173086,FALSE,FALSE
2015-10-03,Amundsen_Bellingshausen,4.269360114,0.3205112850665883,0.3205112850665883,0.540312197173086,FALSE,FALSE
2015-10-04,Amundsen_Bellingshausen,4.261254785,0.323225769552816,0.323225769552816,0.540312197173086,FALSE,FALSE
2015-10-05,Amundsen_Bellingshausen,4.23325438,0.3064393458421524,0.3064393458421524,0.540312197173086,FALSE,FALSE
2015-10-06,Amundsen_Bellingshausen,4.216619909,0.301401587089309,0.301401587089309,0.540312197173086,FALSE,FALSE
2015-10-07,Amundsen_Bellingshausen,4.164094133,0.26079005955759804,0.26079005955759804,0.540312197173086,FALSE,FALSE
2015-10-08,Amundsen_Bellingshausen,4.121577506,0.2304301876101218,0.2304301876101218,0.540312197173086,FALSE,FALSE
2015-10-09,Amundsen_Bellingshausen,4.081918211,0.2030951246099737,0.2030951246099737,0.540312197173086,FALSE,FALSE
2015-10-10,Amundsen_Bellingshausen,4.048405684,0.18199927692024875,0.18199927692024875,0.540312197173086,FALSE,FALSE
2015-10-11,Amundsen_Bellingshausen,4.040321789,0.18634947890404652,0.18634947890404652,0.540312197173086,FALSE,FALSE
2015-10-12,Amundsen_Bellingshausen,4.0319171,0.1903212749244627,0.1903212749244627,0.540312197173086,FALSE,FALSE
2015-10-13,Amundsen_Bellingshausen,4.050136784,0.2207848023445922,0.2207848023445922,0.540312197173086,FALSE,FALSE
2015-10-14,Amundsen_Bellingshausen,4.070635574,0.2533197645275349,0.2533197645275349,0.540312197173086,FALSE,FALSE
2015-10-15,Amundsen_Bellingshausen,4.068568847,0.26300650883638443,0.26300650883638443,0.540312197173086,FALSE,FALSE
2015-10-16,Amundsen_Bellingshausen,4.062242566,0.2680759686342382,0.2680759686342382,0.540312197173086,FALSE,FALSE
2015-10-17,Amundsen_Bellingshausen,4.053018629,0.2698150122841936,0.2698150122841936,0.540312197173086,FALSE,FALSE
2015-10-18,Amundsen_Bellingshausen,4.067894118,0.29514898458832217,0.29514898458832217,0.540312197173086,FALSE,FALSE
2015-10-19,Amundsen_Bellingshausen,4.08292166,0.32012870577700436,0.32012870577700436,0.540312197173086,FALSE,FALSE
2015-10-20,Amundsen_Bellingshausen,4.103666477,0.3503844456392704,0.3503844456392704,0.540312197173086,FALSE,FALSE
2015-10-21,Amundsen_Bellingshausen,4.134853573,0.39070893283898167,0.39070893283898167,0.540312197173086,FALSE,FALSE
2015-10-22,Amundsen_Bellingshausen,4.112257149,0.37694409303999743,0.37694409303999743,0.540312197173086,FALSE,FALSE
2015-10-23,Amundsen_Bellingshausen,4.111017429,0.38429787490618095,0.38429787490618095,0.540312197173086,FALSE,FALSE
2015-10-24,Amundsen_Bellingshausen,4.1064328,0.3881363901013892,0.3881363901013892,0.540312197173086,FALSE,FALSE
2015-10-25,Amundsen_Bellingshausen,4.11102361,0.4010477112894843,0.4010477112894843,0.540312197173086,FALSE,FALSE
2015-10-26,Amundsen_Bellingshausen,4.110267901,0.4085776051343269,0.4085776051343269,0.540312197173086,FALSE,FALSE
2015-10-27,Amundsen_Bellingshausen,4.098071564,0.4046996872997779,0.4046996872997779,0.540312197173086,FALSE,FALSE
2015-10-28,Amundsen_Bellingshausen,4.078681278,0.39372836144969714,0.39372836144969714,0.540312197173086,FALSE,FALSE
2015-10-29,Amundsen_Bellingshausen,4.051862027,0.3754963362479451,0.3754963362479451,0.540312197173086,FALSE,FALSE
2015-10-30,Amundsen_Bellingshausen,4.005896871,0.3383543963583828,0.3383543963583828,0.540312197173086,FALSE,FALSE
2015-10-31,Amundsen_Bellingshausen,3.978384722,0.3199581529838502,0.3199581529838502,0.540312197173086,FALSE,FALSE
2015-11-01,Amundsen_Bellingshausen,3.956177873,0.3071623286139671,0.3071623286139671,0.540312197173086,FALSE,FALSE
2015-11-02,Amundsen_Bellingshausen,3.93801599,0.29869234919131316,0.29869234919131316,0.540312197173086,FALSE,FALSE
2015-11-03,Amundsen_Bellingshausen,3.919879902,0.2905147991772501,0.2905147991772501,0.540312197173086,FALSE,FALSE
2015-11-04,Amundsen_Bellingshausen,3.923659378,0.30450520303314343,0.30450520303314343,0.540312197173086,FALSE,FALSE
2015-11-05,Amundsen_Bellingshausen,3.924595818,0.31589071622035636,0.31589071622035636,0.540312197173086,FALSE,FALSE
2015-11-06,Amundsen_Bellingshausen,3.925653059,0.32762093120025604,0.32762093120025604,0.540312197173086,FALSE,FALSE
2015-11-07,Amundsen_Bellingshausen,3.928237298,0.34108780043420284,0.34108780043420284,0.540312197173086,FALSE,FALSE
2015-11-08,Amundsen_Bellingshausen,3.938176872,0.3621054163835642,0.3621054163835642,0.540312197173086,FALSE,FALSE
2015-11-09,Amundsen_Bellingshausen,3.928396739,0.3635844925097067,0.3635844925097067,0.540312197173086,FALSE,FALSE
2015-11-10,Amundsen_Bellingshausen,3.921369715,0.367983600273992,0.367983600273992,0.540312197173086,FALSE,FALSE
2015-11-11,Amundsen_Bellingshausen,3.916472246,0.3746649411377847,0.3746649411377847,0.540312197173086,FALSE,FALSE
2015-11-12,Amundsen_Bellingshausen,3.902873,0.37278291774148187,0.37278291774148187,0.540312197173086,FALSE,FALSE
2015-11-13,Amundsen_Bellingshausen,3.877623857,0.35937399293036343,0.35937399293036343,0.540312197173086,FALSE,FALSE
2015-11-14,Amundsen_Bellingshausen,3.865844027,0.3595402281613045,0.3595402281613045,0.540312197173086,FALSE,FALSE
2015-11-15,Amundsen_Bellingshausen,3.84787766,0.35360848208016993,0.35360848208016993,0.540312197173086,FALSE,FALSE
2015-11-16,Amundsen_Bellingshausen,3.826744942,0.34458164933281754,0.34458164933281754,0.540312197173086,FALSE,FALSE
2015-11-17,Amundsen_Bellingshausen,3.843881876,0.37387844156510974,0.37387844156510974,0.540312197173086,FALSE,FALSE
2015-11-18,Amundsen_Bellingshausen,3.827949845,0.3701429504229053,0.3701429504229053,0.540312197173086,FALSE,FALSE
2015-11-19,Amundsen_Bellingshausen,3.806859223,0.3612682585520672,0.3612682585520672,0.540312197173086,FALSE,FALSE
2015-11-20,Amundsen_Bellingshausen,3.789298788,0.3559258525984528,0.3559258525984528,0.540312197173086,FALSE,FALSE
2015-11-21,Amundsen_Bellingshausen,3.787145706,0.365975607207925,0.365975607207925,0.540312197173086,FALSE,FALSE
2015-11-22,Amundsen_Bellingshausen,3.758426031,0.3494262850263459,0.3494262850263459,0.540312197173086,FALSE,FALSE
2015-11-23,Amundsen_Bellingshausen,3.732019465,0.33514029669957335,0.33514029669957335,0.540312197173086,FALSE,FALSE
2015-11-24,Amundsen_Bellingshausen,3.701439019,0.31661336187346834,0.31661336187346834,0.540312197173086,FALSE,FALSE
2015-11-25,Amundsen_Bellingshausen,3.65614744,0.28329567449801196,0.28329567449801196,0.540312197173086,FALSE,FALSE
2015-11-26,Amundsen_Bellingshausen,3.633188695,0.27225872430554077,0.27225872430554077,0.540312197173086,FALSE,FALSE
2015-11-27,Amundsen_Bellingshausen,3.604701117,0.25568851817073623,0.25568851817073623,0.540312197173086,FALSE,FALSE
2015-11-28,Amundsen_Bellingshausen,3.590593854,0.2535420306014893,0.2535420306014893,0.540312197173086,FALSE,FALSE
2015-11-29,Amundsen_Bellingshausen,3.574724297,0.24972447910567652,0.24972447910567652,0.540312197173086,FALSE,FALSE
2015-11-30,Amundsen_Bellingshausen,3.544183745,0.23137498919118515,0.23137498919118515,0.540312197173086,FALSE,FALSE
2015-12-01,Amundsen_Bellingshausen,3.522920119,0.22248930836589675,0.22248930836589675,0.540312197173086,FALSE,FALSE
2015-12-02,Amundsen_Bellingshausen,3.491261525,0.20344336913769556,0.20344336913769556,0.540312197173086,FALSE,FALSE
2015-12-03,Amundsen_Bellingshausen,3.495523857,0.22060089201446376,0.22060089201446376,0.540312197173086,FALSE,FALSE
2015-12-04,Amundsen_Bellingshausen,3.482070292,0.2203728805040881,0.2203728805040881,0.540312197173086,FALSE,FALSE
2015-12-05,Amundsen_Bellingshausen,3.481706394,0.2336127251144489,0.2336127251144489,0.540312197173086,FALSE,FALSE
2015-12-06,Amundsen_Bellingshausen,3.481409822,0.2473459113534311,0.2473459113534311,0.540312197173086,FALSE,FALSE
2015-12-07,Amundsen_Bellingshausen,3.473865123,0.25430488349473457,0.25430488349473457,0.540312197173086,FALSE,FALSE
2015-12-08,Amundsen_Bellingshausen,3.487829005,0.28331621478575997,0.28331621478575997,0.540312197173086,FALSE,FALSE
2015-12-09,Amundsen_Bellingshausen,3.474249923,0.2854512041603119,0.2854512041603119,0.540312197173086,FALSE,FALSE
2015-12-10,Amundsen_Bellingshausen,3.447617908,0.27533055268528317,0.27533055268528317,0.540312197173086,FALSE,FALSE
2015-12-11,Amundsen_Bellingshausen,3.438506713,0.2836586834275705,0.2836586834275705,0.540312197173086,FALSE,FALSE
2015-12-12,Amundsen_Bellingshausen,3.421896453,0.2855463814540635,0.2855463814540635,0.540312197173086,FALSE,FALSE
2015-12-13,Amundsen_Bellingshausen,3.4066282980000002,0.28996548683166345,0.28996548683166345,0.540312197173086,FALSE,FALSE
2015-12-14,Amundsen_Bellingshausen,3.393472621,0.2978170426272566,0.2978170426272566,0.540312197173086,FALSE,FALSE
2015-12-15,Amundsen_Bellingshausen,3.390725929,0.31752822590774255,0.31752822590774255,0.540312197173086,FALSE,FALSE
2015-12-16,Amundsen_Bellingshausen,3.401189807,0.35203129174001546,0.35203129174001546,0.540312197173086,FALSE,FALSE
2015-12-17,Amundsen_Bellingshausen,3.403595551,0.3801882061909674,0.3801882061909674,0.540312197173086,FALSE,FALSE
2015-12-18,Amundsen_Bellingshausen,3.390739676,0.3949261543274938,0.3949261543274938,0.540312197173086,FALSE,FALSE
2015-12-19,Amundsen_Bellingshausen,3.35054844,0.38430206421648894,0.38430206421648894,0.540312197173086,FALSE,FALSE
2015-12-20,Amundsen_Bellingshausen,3.332288225,0.3977030430584048,0.3977030430584048,0.540312197173086,FALSE,FALSE
2015-12-21,Amundsen_Bellingshausen,3.303279851,0.40241338854613184,0.40241338854613184,0.540312197173086,FALSE,FALSE
2015-12-22,Amundsen_Bellingshausen,3.281537523,0.4162852651101474,0.4162852651101474,0.540312197173086,FALSE,FALSE
2015-12-23,Amundsen_Bellingshausen,3.265013068,0.4371049613732452,0.4371049613732452,0.540312197173086,FALSE,FALSE
2015-12-24,Amundsen_Bellingshausen,3.236911831,0.4479122839582055,0.4479122839582055,0.540312197173086,FALSE,FALSE
2015-12-25,Amundsen_Bellingshausen,3.200772017,0.45207989948781746,0.45207989948781746,0.540312197173086,FALSE,FALSE
2015-12-26,Amundsen_Bellingshausen,3.168099528,0.4609481715848691,0.4609481715848691,0.540312197173086,FALSE,FALSE
2015-12-27,Amundsen_Bellingshausen,3.136310648,0.47176784587214904,0.47176784587214904,0.540312197173086,FALSE,FALSE
2015-12-28,Amundsen_Bellingshausen,3.098154303,0.47712230997243976,0.47712230997243976,0.540312197173086,FALSE,FALSE
2015-12-29,Amundsen_Bellingshausen,3.080632131,0.5038476635085294,0.5038476635085294,0.540312197173086,FALSE,FALSE
2015-12-30,Amundsen_Bellingshausen,3.035556338,0.5035905741032107,0.5035905741032107,0.540312197173086,FALSE,FALSE
2015-12-31,Amundsen_Bellingshausen,2.986781892,0.5000404713792639,0.5000404713792639,0.540312197173086,FALSE,FALSE
2016-01-01,Amundsen_Bellingshausen,2.904596836,0.4633198599594759,0.4633198599594759,0.540312197173086,FALSE,FALSE
2016-01-02,Amundsen_Bellingshausen,2.847545771,0.4518145604726711,0.4518145604726711,0.540312197173086,FALSE,FALSE
2016-01-03,Amundsen_Bellingshausen,2.744441947,0.39420607457181145,0.39420607457181145,0.540312197173086,FALSE,FALSE
2016-01-04,Amundsen_Bellingshausen,2.673965638,0.369049685915904,0.369049685915904,0.540312197173086,FALSE,FALSE
2016-01-05,Amundsen_Bellingshausen,2.603184877,0.34328843716393864,0.34328843716393864,0.540312197173086,FALSE,FALSE
2016-01-06,Amundsen_Bellingshausen,2.560253485,0.3449511589749208,0.3449511589749208,0.540312197173086,FALSE,FALSE
2016-01-07,Amundsen_Bellingshausen,2.51651778,0.3452591790078454,0.3452591790078454,0.540312197173086,FALSE,FALSE
2016-01-08,Amundsen_Bellingshausen,2.482413466,0.3545232109217138,0.3545232109217138,0.540312197173086,FALSE,FALSE
2016-01-09,Amundsen_Bellingshausen,2.449444773,0.36412249437552546,0.36412249437552546,0.540312197173086,FALSE,FALSE
2016-01-10,Amundsen_Bellingshausen,2.417557205,0.3738775430282808,0.3738775430282808,0.540312197173086,FALSE,FALSE
2016-01-11,Amundsen_Bellingshausen,2.378063835,0.3749764395389774,0.3749764395389774,0.540312197173086,FALSE,FALSE
2016-01-12,Amundsen_Bellingshausen,2.341052394,0.3773819245666157,0.3773819245666157,0.540312197173086,FALSE,FALSE
2016-01-13,Amundsen_Bellingshausen,2.262610492,0.33705661777019613,0.33705661777019613,0.540312197173086,FALSE,FALSE
2016-01-14,Amundsen_Bellingshausen,2.141663046,0.2528024016230985,0.2528024016230985,0.540312197173086,FALSE,FALSE
2016-01-15,Amundsen_Bellingshausen,2.057955601,0.20431197068095577,0.20431197068095577,0.540312197173086,FALSE,FALSE
2016-01-16,Amundsen_Bellingshausen,2.021783313,0.2019155561270478,0.2019155561270478,0.540312197173086,FALSE,FALSE
2016-01-17,Amundsen_Bellingshausen,1.933434998,0.14594260985997742,0.14594260985997742,0.540312197173086,FALSE,FALSE
2016-01-18,Amundsen_Bellingshausen,1.850202498,0.09372560977834254,0.09372560977834254,0.540312197173086,FALSE,FALSE
2016-01-19,Amundsen_Bellingshausen,1.816159389,0.0893787677807445,0.0893787677807445,0.540312197173086,FALSE,FALSE
2016-01-20,Amundsen_Bellingshausen,1.790019645,0.09165669376578124,0.09165669376578124,0.540312197173086,FALSE,FALSE
2016-01-21,Amundsen_Bellingshausen,1.762147289,0.09096404663205472,0.09096404663205472,0.540312197173086,FALSE,FALSE
2016-01-22,Amundsen_Bellingshausen,1.731448512,0.08624765327816397,0.08624765327816397,0.540312197173086,FALSE,FALSE
2016-01-23,Amundsen_Bellingshausen,1.707038576,0.08666341160270807,0.08666341160270807,0.540312197173086,FALSE,FALSE
2016-01-24,Amundsen_Bellingshausen,1.678887117,0.08222159350428915,0.08222159350428915,0.540312197173086,FALSE,FALSE
2016-01-25,Amundsen_Bellingshausen,1.64740624,0.0733749398815049,0.0733749398815049,0.540312197173086,FALSE,FALSE
2016-01-26,Amundsen_Bellingshausen,1.626187681,0.07375582263295666,0.07375582263295666,0.540312197173086,FALSE,FALSE
2016-01-27,Amundsen_Bellingshausen,1.604677522,0.07284875553235537,0.07284875553235537,0.540312197173086,FALSE,FALSE
2016-01-28,Amundsen_Bellingshausen,1.599024412,0.08682589862054835,0.08682589862054835,0.540312197173086,FALSE,FALSE
2016-01-29,Amundsen_Bellingshausen,1.587848275,0.09432449995472324,0.09432449995472324,0.540312197173086,FALSE,FALSE
2016-01-30,Amundsen_Bellingshausen,1.558682073,0.08289482566182271,0.08289482566182271,0.540312197173086,FALSE,FALSE
2016-01-31,Amundsen_Bellingshausen,1.53993929,0.08096766386879617,0.08096766386879617,0.540312197173086,FALSE,FALSE
2016-02-01,Amundsen_Bellingshausen,1.535178729,0.09211912170258962,0.09211912170258962,0.540312197173086,FALSE,FALSE
2016-02-02,Amundsen_Bellingshausen,1.530202155,0.10216826829014902,0.10216826829014902,0.540312197173086,FALSE,FALSE
2016-02-03,Amundsen_Bellingshausen,1.530457597,0.11658043675842268,0.11658043675842268,0.540312197173086,FALSE,FALSE
2016-02-04,Amundsen_Bellingshausen,1.531916152,0.13134402823435787,0.13134402823435787,0.540312197173086,FALSE,FALSE
2016-02-05,Amundsen_Bellingshausen,1.527301047,0.139199573844899,0.139199573844899,0.540312197173086,FALSE,FALSE
2016-02-06,Amundsen_Bellingshausen,1.513521957,0.13707405271699513,0.13707405271699513,0.540312197173086,FALSE,FALSE
2016-02-07,Amundsen_Bellingshausen,1.505365119,0.13977100597759273,0.13977100597759273,0.540312197173086,FALSE,FALSE
2016-02-08,Amundsen_Bellingshausen,1.487756966,0.13223408517920365,0.13223408517920365,0.540312197173086,FALSE,FALSE
2016-02-09,Amundsen_Bellingshausen,1.484704076,0.1384757890532926,0.1384757890532926,0.540312197173086,FALSE,FALSE
2016-02-10,Amundsen_Bellingshausen,1.467266788,0.12953990867867926,0.12953990867867926,0.540312197173086,FALSE,FALSE
2016-02-11,Amundsen_Bellingshausen,1.448769996,0.1187321335844438,0.1187321335844438,0.540312197173086,FALSE,FALSE
2016-02-12,Amundsen_Bellingshausen,1.439600071,0.11641963029966428,0.11641963029966428,0.540312197173086,FALSE,FALSE
2016-02-13,Amundsen_Bellingshausen,1.432428758,0.11525493935341902,0.11525493935341902,0.540312197173086,FALSE,FALSE
2016-02-14,Amundsen_Bellingshausen,1.438332087,0.12629488627478902,0.12629488627478902,0.540312197173086,FALSE,FALSE
2016-02-15,Amundsen_Bellingshausen,1.432986983,0.12519719159285114,0.12519719159285114,0.540312197173086,FALSE,FALSE
2016-02-16,Amundsen_Bellingshausen,1.426527658,0.12207686283668397,0.12207686283668397,0.540312197173086,FALSE,FALSE
2016-02-17,Amundsen_Bellingshausen,1.414197479,0.11215806253536886,0.11215806253536886,0.540312197173086,FALSE,FALSE
2016-02-18,Amundsen_Bellingshausen,1.447222269,0.14664740921798303,0.14664740921798303,0.540312197173086,FALSE,FALSE
2016-02-19,Amundsen_Bellingshausen,1.468472382,0.16839605241360434,0.16839605241360434,0.540312197173086,FALSE,FALSE
2016-02-20,Amundsen_Bellingshausen,1.460041154,0.15947812365131364,0.15947812365131364,0.540312197173086,FALSE,FALSE
2016-02-21,Amundsen_Bellingshausen,1.438891205,0.13684036139649525,0.13684036139649525,0.540312197173086,FALSE,FALSE
2016-02-22,Amundsen_Bellingshausen,1.422825126,0.1183097611754218,0.1183097611754218,0.540312197173086,FALSE,FALSE
2016-02-23,Amundsen_Bellingshausen,1.408284974,0.10037958456008124,0.10037958456008124,0.540312197173086,FALSE,FALSE
2016-02-24,Amundsen_Bellingshausen,1.38792317,0.07575394158613813,0.07575394158613813,0.540312197173086,FALSE,FALSE
2016-02-25,Amundsen_Bellingshausen,1.403693788,0.08643859528924991,0.08643859528924991,0.540312197173086,FALSE,FALSE
2016-02-26,Amundsen_Bellingshausen,1.402939797,0.0798282037050786,0.0798282037050786,0.540312197173086,FALSE,FALSE
2016-02-27,Amundsen_Bellingshausen,1.406075785,0.07638904386928447,0.07638904386928447,0.540312197173086,FALSE,FALSE
2016-02-28,Amundsen_Bellingshausen,1.420012923,0.08308397581752924,0.08308397581752924,0.540312197173086,FALSE,FALSE
2016-03-01,Amundsen_Bellingshausen,1.424095733,0.07088795520877467,0.07088795520877467,0.540312197173086,FALSE,FALSE
2016-03-02,Amundsen_Bellingshausen,1.430341923,0.06820089872309687,0.06820089872309687,0.540312197173086,FALSE,FALSE
2016-03-03,Amundsen_Bellingshausen,1.438712359,0.06717778616410008,0.06717778616410008,0.540312197173086,FALSE,FALSE
2016-03-04,Amundsen_Bellingshausen,1.454653586,0.07331684824036788,0.07331684824036788,0.540312197173086,FALSE,FALSE
2016-03-05,Amundsen_Bellingshausen,1.453719891,0.06221168135030064,0.06221168135030064,0.540312197173086,FALSE,FALSE
2016-03-06,Amundsen_Bellingshausen,1.461536434,0.05948646232750221,0.05948646232750221,0.540312197173086,FALSE,FALSE
2016-03-07,Amundsen_Bellingshausen,1.479208254,0.06623706114874972,0.06623706114874972,0.540312197173086,FALSE,FALSE
2016-03-08,Amundsen_Bellingshausen,1.497340412,0.0730593697908195,0.0730593697908195,0.540312197173086,FALSE,FALSE
2016-03-09,Amundsen_Bellingshausen,1.518302657,0.08231396823048875,0.08231396823048875,0.540312197173086,FALSE,FALSE
2016-03-10,Amundsen_Bellingshausen,1.535650849,0.08754754744453397,0.08754754744453397,0.540312197173086,FALSE,FALSE
2016-03-11,Amundsen_Bellingshausen,1.549344791,0.08871074140973167,0.08871074140973167,0.540312197173086,FALSE,FALSE
2016-03-12,Amundsen_Bellingshausen,1.551143095,0.07755299310285668,0.07755299310285668,0.540312197173086,FALSE,FALSE
2016-03-13,Amundsen_Bellingshausen,1.59313876,0.10615813250068884,0.10615813250068884,0.540312197173086,FALSE,FALSE
2016-03-14,Amundsen_Bellingshausen,1.646350944,0.1455361485800033,0.1455361485800033,0.540312197173086,FALSE,FALSE
2016-03-15,Amundsen_Bellingshausen,1.67876848,0.1636667053175751,0.1636667053175751,0.540312197173086,FALSE,FALSE
2016-03-16,Amundsen_Bellingshausen,1.695513455,0.16566272069018328,0.16566272069018328,0.540312197173086,FALSE,FALSE
2016-03-17,Amundsen_Bellingshausen,1.685296801,0.14022644845656185,0.14022644845656185,0.540312197173086,FALSE,FALSE
2016-03-18,Amundsen_Bellingshausen,1.692459439,0.1317023885833204,0.1317023885833204,0.540312197173086,FALSE,FALSE
2016-03-19,Amundsen_Bellingshausen,1.71052657,0.13363214217916974,0.13363214217916974,0.540312197173086,FALSE,FALSE
2016-03-20,Amundsen_Bellingshausen,1.742897373,0.14943189199316675,0.14943189199316675,0.540312197173086,FALSE,FALSE
2016-03-21,Amundsen_Bellingshausen,1.767642788,0.1571895817743676,0.1571895817743676,0.540312197173086,FALSE,FALSE
2016-03-22,Amundsen_Bellingshausen,1.796548685,0.16870808527182812,0.16870808527182812,0.540312197173086,FALSE,FALSE
2016-03-23,Amundsen_Bellingshausen,1.812871277,0.16726061923460733,0.16726061923460733,0.540312197173086,FALSE,FALSE
2016-03-24,Amundsen_Bellingshausen,1.780818809,0.11707243241175956,0.11707243241175956,0.540312197173086,FALSE,FALSE
2016-03-25,Amundsen_Bellingshausen,1.766197906,0.08396715355234208,0.08396715355234208,0.540312197173086,FALSE,FALSE
2016-03-26,Amundsen_Bellingshausen,1.797865737,0.09681895540541284,0.09681895540541284,0.540312197173086,FALSE,FALSE
2016-03-27,Amundsen_Bellingshausen,1.822753789,0.10257632872002698,0.10257632872002698,0.540312197173086,FALSE,FALSE
2016-03-28,Amundsen_Bellingshausen,1.818057832,0.0784520472452408,0.0784520472452408,0.540312197173086,FALSE,FALSE
2016-03-29,Amundsen_Bellingshausen,1.818821097,0.05950634573011193,0.05950634573011193,0.540312197173086,FALSE,FALSE
2016-03-30,Amundsen_Bellingshausen,1.849753001,0.07046268529665234,0.07046268529665234,0.540312197173086,FALSE,FALSE
2016-03-31,Amundsen_Bellingshausen,1.878896922,0.0793623106471093,0.0793623106471093,0.540312197173086,FALSE,FALSE
2016-04-01,Amundsen_Bellingshausen,1.895366428,0.07531115685814971,0.07531115685814971,0.540312197173086,FALSE,FALSE
2016-04-02,Amundsen_Bellingshausen,1.940165083,0.09930515045989809,0.09930515045989809,0.540312197173086,FALSE,FALSE
2016-04-03,Amundsen_Bellingshausen,1.995375363,0.1334191299824821,0.1334191299824821,0.540312197173086,FALSE,FALSE
2016-04-04,Amundsen_Bellingshausen,2.023923348,0.14057153795602684,0.14057153795602684,0.540312197173086,FALSE,FALSE
2016-04-05,Amundsen_Bellingshausen,2.033426807,0.12837250591066485,0.12837250591066485,0.540312197173086,FALSE,FALSE
2016-04-06,Amundsen_Bellingshausen,2.025303427,0.0982320833765178,0.0982320833765178,0.540312197173086,FALSE,FALSE
2016-04-07,Amundsen_Bellingshausen,2.016228117,0.06681754188371736,0.06681754188371736,0.540312197173086,FALSE,FALSE
2016-04-08,Amundsen_Bellingshausen,2.02545612,0.05337648696238828,0.05337648696238828,0.540312197173086,FALSE,FALSE
2016-04-09,Amundsen_Bellingshausen,2.03900857,0.0439224151426576,0.0439224151426576,0.540312197173086,FALSE,FALSE
2016-04-10,Amundsen_Bellingshausen,2.055557313,0.03711953495465314,0.03711953495465314,0.540312197173086,FALSE,FALSE
2016-04-11,Amundsen_Bellingshausen,2.066362907,0.02422081603526971,0.02422081603526971,0.540312197173086,FALSE,FALSE
2016-04-12,Amundsen_Bellingshausen,2.099843066,0.03363988387209726,0.03363988387209726,0.540312197173086,FALSE,FALSE
2016-04-13,Amundsen_Bellingshausen,2.114215151,0.02359578042521182,0.02359578042521182,0.540312197173086,FALSE,FALSE
2016-04-14,Amundsen_Bellingshausen,2.135465802,0.02007736554925276,0.02007736554925276,0.540312197173086,FALSE,FALSE
2016-04-15,Amundsen_Bellingshausen,2.140953825,4.456650988466926e-4,4.456650988466926e-4,0.540312197173086,FALSE,FALSE
2016-04-16,Amundsen_Bellingshausen,2.173625449,0.00764912792863237,0.00764912792863237,0.540312197173086,FALSE,FALSE
2016-04-17,Amundsen_Bellingshausen,2.201230424,0.0094397238932431,0.0094397238932431,0.540312197173086,FALSE,FALSE
2016-04-18,Amundsen_Bellingshausen,2.248987202,0.03103812484731127,0.03103812484731127,0.540312197173086,FALSE,FALSE
2016-04-19,Amundsen_Bellingshausen,2.295517667,0.05106843464547106,0.05106843464547106,0.540312197173086,FALSE,FALSE
2016-04-20,Amundsen_Bellingshausen,2.365716503,0.0944275571423554,0.0944275571423554,0.540312197173086,FALSE,FALSE
2016-04-21,Amundsen_Bellingshausen,2.417403312,0.11893731419260024,0.11893731419260024,0.540312197173086,FALSE,FALSE
2016-04-22,Amundsen_Bellingshausen,2.440699555,0.1147213866508392,0.1147213866508392,0.540312197173086,FALSE,FALSE
2016-04-23,Amundsen_Bellingshausen,2.45318812,0.09936488237170372,0.09936488237170372,0.540312197173086,FALSE,FALSE
2016-04-24,Amundsen_Bellingshausen,2.509502994,0.127508349377766,0.127508349377766,0.540312197173086,FALSE,FALSE
2016-04-25,Amundsen_Bellingshausen,2.566167214,0.15572261577118018,0.15572261577118018,0.540312197173086,FALSE,FALSE
2016-04-26,Amundsen_Bellingshausen,2.615596781,0.17649425763720528,0.17649425763720528,0.540312197173086,FALSE,FALSE
2016-04-27,Amundsen_Bellingshausen,2.6219217,0.15402409506520875,0.15402409506520875,0.540312197173086,FALSE,FALSE
2016-04-28,Amundsen_Bellingshausen,2.615701159,0.11894213114455132,0.11894213114455132,0.540312197173086,FALSE,FALSE
2016-04-29,Amundsen_Bellingshausen,2.678933096,0.15331711896459457,0.15331711896459457,0.540312197173086,FALSE,FALSE
2016-04-30,Amundsen_Bellingshausen,2.705718096,0.15132045861470056,0.15132045861470056,0.540312197173086,FALSE,FALSE
2016-05-01,Amundsen_Bellingshausen,2.754850429,0.1718172351842333,0.1718172351842333,0.540312197173086,FALSE,FALSE
2016-05-02,Amundsen_Bellingshausen,2.82805076,0.2165989287625556,0.2165989287625556,0.540312197173086,FALSE,FALSE
2016-05-03,Amundsen_Bellingshausen,2.895627753,0.2560450184390328,0.2560450184390328,0.540312197173086,FALSE,FALSE
2016-05-04,Amundsen_Bellingshausen,2.991771786,0.3244166973030236,0.3244166973030236,0.540312197173086,FALSE,FALSE
2016-05-05,Amundsen_Bellingshausen,3.049041819,0.35434374044389383,0.35434374044389383,0.540312197173086,FALSE,FALSE
2016-05-06,Amundsen_Bellingshausen,3.109748226,0.38820729796787656,0.38820729796787656,0.540312197173086,FALSE,FALSE
2016-05-07,Amundsen_Bellingshausen,3.166422751,0.4185881562791005,0.4185881562791005,0.540312197173086,FALSE,FALSE
2016-05-08,Amundsen_Bellingshausen,3.215431062,0.44184318213136065,0.44184318213136065,0.540312197173086,FALSE,FALSE
2016-05-09,Amundsen_Bellingshausen,3.250731218,0.4519121159135997,0.4519121159135997,0.540312197173086,FALSE,FALSE
2016-05-10,Amundsen_Bellingshausen,3.277746,0.4541994200147568,0.4541994200147568,0.540312197173086,FALSE,FALSE
2016-05-11,Amundsen_Bellingshausen,3.294639332,0.4468506998237736,0.4468506998237736,0.540312197173086,FALSE,FALSE
2016-05-12,Amundsen_Bellingshausen,3.311696028,0.44013245072959206,0.44013245072959206,0.540312197173086,FALSE,FALSE
2016-05-13,Amundsen_Bellingshausen,3.33392793,0.4390381961211487,0.4390381961211487,0.540312197173086,FALSE,FALSE
2016-05-14,Amundsen_Bellingshausen,3.368432145,0.4506467243873859,0.4506467243873859,0.540312197173086,FALSE,FALSE
2016-05-15,Amundsen_Bellingshausen,3.416553243,0.4762842869172461,0.4762842869172461,0.540312197173086,FALSE,FALSE
2016-05-16,Amundsen_Bellingshausen,3.422701504,0.46034284509966694,0.46034284509966694,0.540312197173086,FALSE,FALSE
2016-05-17,Amundsen_Bellingshausen,3.419923103,0.43585025532359056,0.43585025532359056,0.540312197173086,FALSE,FALSE
2016-05-18,Amundsen_Bellingshausen,3.447662356,0.4422325149779569,0.4422325149779569,0.540312197173086,FALSE,FALSE
2016-05-19,Amundsen_Bellingshausen,3.504933699,0.4784858030610448,0.4784858030610448,0.540312197173086,FALSE,FALSE
2016-05-20,Amundsen_Bellingshausen,3.544909992,0.4977658467760797,0.4977658467760797,0.540312197173086,FALSE,FALSE
2016-05-21,Amundsen_Bellingshausen,3.548028062,0.480493322525926,0.480493322525926,0.540312197173086,FALSE,FALSE
2016-05-22,Amundsen_Bellingshausen,3.569239695,0.481603898759273,0.481603898759273,0.540312197173086,FALSE,FALSE
2016-05-23,Amundsen_Bellingshausen,3.60818591,0.5007224769248189,0.5007224769248189,0.540312197173086,FALSE,FALSE
2016-05-24,Amundsen_Bellingshausen,3.640473971,0.5134402034712533,0.5134402034712533,0.540312197173086,FALSE,FALSE
2016-05-25,Amundsen_Bellingshausen,3.670178216,0.5238152988472691,0.5238152988472691,0.540312197173086,FALSE,FALSE
2016-05-26,Amundsen_Bellingshausen,3.692889908,0.5274229085015594,0.5274229085015594,0.540312197173086,FALSE,FALSE
2016-05-27,Amundsen_Bellingshausen,3.69604524,0.5116831078828175,0.5116831078828175,0.540312197173086,FALSE,FALSE
2016-05-28,Amundsen_Bellingshausen,3.7103649929999998,0.5073005604397363,0.5073005604397363,0.540312197173086,FALSE,FALSE
2016-05-29,Amundsen_Bellingshausen,3.729952774,0.5083627556210075,0.5083627556210075,0.540312197173086,FALSE,FALSE
2016-05-30,Amundsen_Bellingshausen,3.721610814,0.48165580687532383,0.48165580687532383,0.540312197173086,FALSE,FALSE
2016-05-31,Amundsen_Bellingshausen,3.720004692,0.46182917565137815,0.46182917565137815,0.540312197173086,FALSE,FALSE
2016-06-01,Amundsen_Bellingshausen,3.702827498,0.4265680026672589,0.4265680026672589,0.540312197173086,FALSE,FALSE
2016-06-02,Amundsen_Bellingshausen,3.712735893,0.4185572362898808,0.4185572362898808,0.540312197173086,FALSE,FALSE
2016-06-03,Amundsen_Bellingshausen,3.729354476,0.41745980801191296,0.41745980801191296,0.540312197173086,FALSE,FALSE
2016-06-04,Amundsen_Bellingshausen,3.766172528,0.4368033316981257,0.4368033316981257,0.540312197173086,FALSE,FALSE
2016-06-05,Amundsen_Bellingshausen,3.82265091,0.47608700121328473,0.47608700121328473,0.540312197173086,FALSE,FALSE
2016-06-06,Amundsen_Bellingshausen,3.884050982,0.5206105094221574,0.5206105094221574,0.540312197173086,FALSE,FALSE
2016-06-07,Amundsen_Bellingshausen,3.920932571,0.5409720161895124,0.5409720161895124,0.540312197173086,TRUE,FALSE
2016-06-08,Amundsen_Bellingshausen,3.915003558,0.5189177353801164,0.5189177353801164,0.540312197173086,FALSE,FALSE
2016-06-09,Amundsen_Bellingshausen,3.885252511,0.4734745678587391,0.4734745678587391,0.540312197173086,FALSE,FALSE
2016-06-10,Amundsen_Bellingshausen,3.874389223,0.4473906394901439,0.4473906394901439,0.540312197173086,FALSE,FALSE
2016-06-11,Amundsen_Bellingshausen,3.889903074,0.44819366313909903,0.44819366313909903,0.540312197173086,FALSE,FALSE
2016-06-12,Amundsen_Bellingshausen,3.899046572,0.4431744796703758,0.4431744796703758,0.540312197173086,FALSE,FALSE
2016-06-13,Amundsen_Bellingshausen,3.879709688,0.4102603692232405,0.4102603692232405,0.540312197173086,FALSE,FALSE
2016-06-14,Amundsen_Bellingshausen,3.882531037,0.40008212587140246,0.40008212587140246,0.540312197173086,FALSE,FALSE
2016-06-15,Amundsen_Bellingshausen,3.883844456,0.3889038537547713,0.3889038537547713,0.540312197173086,FALSE,FALSE
2016-06-16,Amundsen_Bellingshausen,3.874947652,0.3679490413880857,0.3679490413880857,0.540312197173086,FALSE,FALSE
2016-06-17,Amundsen_Bellingshausen,3.865274744,0.3465775892860852,0.3465775892860852,0.540312197173086,FALSE,FALSE
2016-06-18,Amundsen_Bellingshausen,3.862559963,0.3324495099635114,0.3324495099635114,0.540312197173086,FALSE,FALSE
2016-06-19,Amundsen_Bellingshausen,3.852560603,0.3112478789351045,0.3112478789351045,0.540312197173086,FALSE,FALSE
2016-06-20,Amundsen_Bellingshausen,3.853867631,0.30148944471560624,0.30148944471560624,0.540312197173086,FALSE,FALSE
2016-06-21,Amundsen_Bellingshausen,3.85601507,0.2926340118197559,0.2926340118197559,0.540312197173086,FALSE,FALSE
2016-06-22,Amundsen_Bellingshausen,3.865855396,0.2914598377622952,0.2914598377622952,0.540312197173086,FALSE,FALSE
2016-06-23,Amundsen_Bellingshausen,3.907340568,0.32184466305796233,0.32184466305796233,0.540312197173086,FALSE,FALSE
2016-06-24,Amundsen_Bellingshausen,3.905332302,0.3085759852215011,0.3085759852215011,0.540312197173086,FALSE,FALSE
2016-06-25,Amundsen_Bellingshausen,3.861434985,0.2531839727676486,0.2531839727676486,0.540312197173086,FALSE,FALSE
2016-06-26,Amundsen_Bellingshausen,3.807979282,0.1879341826493941,0.1879341826493941,0.540312197173086,FALSE,FALSE
2016-06-27,Amundsen_Bellingshausen,3.771553844,0.13941900089463877,0.13941900089463877,0.540312197173086,FALSE,FALSE
2016-06-28,Amundsen_Bellingshausen,3.762531283,0.1180462316383104,0.1180462316383104,0.540312197173086,FALSE,FALSE
2016-06-29,Amundsen_Bellingshausen,3.740830644,0.0837702737523851,0.0837702737523851,0.540312197173086,FALSE,FALSE
2016-06-30,Amundsen_Bellingshausen,3.753851296,0.08402585010884112,0.08402585010884112,0.540312197173086,FALSE,FALSE
2016-07-01,Amundsen_Bellingshausen,3.804269002,0.121524077579652,0.121524077579652,0.540312197173086,FALSE,FALSE
2016-07-02,Amundsen_Bellingshausen,3.819652467,0.12386901503679582,0.12386901503679582,0.540312197173086,FALSE,FALSE
2016-07-03,Amundsen_Bellingshausen,3.819740004,0.11083432935225002,0.11083432935225002,0.540312197173086,FALSE,FALSE
2016-07-04,Amundsen_Bellingshausen,3.84981859,0.12774235139798715,0.12774235139798715,0.540312197173086,FALSE,FALSE
2016-07-05,Amundsen_Bellingshausen,3.894668238,0.15940844804598697,0.15940844804598697,0.540312197173086,FALSE,FALSE
2016-07-06,Amundsen_Bellingshausen,3.972319354,0.22389837916822675,0.22389837916822675,0.540312197173086,FALSE,FALSE
2016-07-07,Amundsen_Bellingshausen,4.018230307,0.2567058676366796,0.2567058676366796,0.540312197173086,FALSE,FALSE
2016-07-08,Amundsen_Bellingshausen,4.099241992,0.3247071260099106,0.3247071260099106,0.540312197173086,FALSE,FALSE
2016-07-09,Amundsen_Bellingshausen,4.13997704,0.3525530400554828,0.3525530400554828,0.540312197173086,FALSE,FALSE
2016-07-10,Amundsen_Bellingshausen,4.188835675,0.3886566318033404,0.3886566318033404,0.540312197173086,FALSE,FALSE
2016-07-11,Amundsen_Bellingshausen,4.221007149,0.4082179057958615,0.4082179057958615,0.540312197173086,FALSE,FALSE
2016-07-12,Amundsen_Bellingshausen,4.235163004,0.40991915657542366,0.40991915657542366,0.540312197173086,FALSE,FALSE
2016-07-13,Amundsen_Bellingshausen,4.253103209,0.4155711056844078,0.4155711056844078,0.540312197173086,FALSE,FALSE
2016-07-14,Amundsen_Bellingshausen,4.268141683,0.41849842466519416,0.41849842466519416,0.540312197173086,FALSE,FALSE
2016-07-15,Amundsen_Bellingshausen,4.265406371,0.4038398110601582,0.4038398110601582,0.540312197173086,FALSE,FALSE
2016-07-16,Amundsen_Bellingshausen,4.264897062,0.39160580641167986,0.39160580641167986,0.540312197173086,FALSE,FALSE
2016-07-17,Amundsen_Bellingshausen,4.239733208,0.354926615262142,0.354926615262142,0.540312197173086,FALSE,FALSE
2016-07-18,Amundsen_Bellingshausen,4.190548402,0.29444658315391825,0.29444658315391825,0.540312197173086,FALSE,FALSE
2016-07-19,Amundsen_Bellingshausen,4.148347074,0.2411808926293868,0.2411808926293868,0.540312197173086,FALSE,FALSE
2016-07-20,Amundsen_Bellingshausen,4.087238984,0.16925005623093092,0.16925005623093092,0.540312197173086,FALSE,FALSE
2016-07-21,Amundsen_Bellingshausen,4.061636042,0.13307701645500458,0.13307701645500458,0.540312197173086,FALSE,FALSE
2016-07-22,Amundsen_Bellingshausen,4.016620311,0.07775873280755308,0.07775873280755308,0.540312197173086,FALSE,FALSE
2016-07-23,Amundsen_Bellingshausen,4.039694694,0.09081582142438949,0.09081582142438949,0.540312197173086,FALSE,FALSE
2016-07-24,Amundsen_Bellingshausen,4.092756081,0.13416294933345085,0.13416294933345085,0.540312197173086,FALSE,FALSE
2016-07-25,Amundsen_Bellingshausen,4.124829836,0.15684325756267414,0.15684325756267414,0.540312197173086,FALSE,FALSE
2016-07-26,Amundsen_Bellingshausen,4.177640788,0.200599352140002,0.200599352140002,0.540312197173086,FALSE,FALSE
2016-07-27,Amundsen_Bellingshausen,4.212509256,0.22676932909336325,0.22676932909336325,0.540312197173086,FALSE,FALSE
2016-07-28,Amundsen_Bellingshausen,4.17591009,0.18184581545070344,0.18184581545070344,0.540312197173086,FALSE,FALSE
2016-07-29,Amundsen_Bellingshausen,4.17484956,0.1728528582399509,0.1728528582399509,0.540312197173086,FALSE,FALSE
2016-07-30,Amundsen_Bellingshausen,4.187100287,0.177580855489051,0.177580855489051,0.540312197173086,FALSE,FALSE
2016-07-31,Amundsen_Bellingshausen,4.206090203,0.18947551622594097,0.18947551622594097,0.540312197173086,FALSE,FALSE
2016-08-01,Amundsen_Bellingshausen,4.217571475,0.19430678447855332,0.19430678447855332,0.540312197173086,FALSE,FALSE
2016-08-02,Amundsen_Bellingshausen,4.205962214,0.17651054774733854,0.17651054774733854,0.540312197173086,FALSE,FALSE
2016-08-03,Amundsen_Bellingshausen,4.183313968,0.148141890399363,0.148141890399363,0.540312197173086,FALSE,FALSE
2016-08-04,Amundsen_Bellingshausen,4.177436492,0.13696273413990667,0.13696273413990667,0.540312197173086,FALSE,FALSE
2016-08-05,Amundsen_Bellingshausen,4.175312817,0.12989669720293406,0.12989669720293406,0.540312197173086,FALSE,FALSE
2016-08-06,Amundsen_Bellingshausen,4.210583616,0.16052503982239763,0.16052503982239763,0.540312197173086,FALSE,FALSE
2016-08-07,Amundsen_Bellingshausen,4.186375598,0.13191505823225924,0.13191505823225924,0.540312197173086,FALSE,FALSE
2016-08-08,Amundsen_Bellingshausen,4.160550817,0.10186939366647164,0.10186939366647164,0.540312197173086,FALSE,FALSE
2016-08-09,Amundsen_Bellingshausen,4.130564398,0.06778375835899197,0.06778375835899197,0.540312197173086,FALSE,FALSE
2016-08-10,Amundsen_Bellingshausen,4.119183712,0.05236611054378404,0.05236611054378404,0.540312197173086,FALSE,FALSE
2016-08-11,Amundsen_Bellingshausen,4.170017482,0.09916576045479886,0.09916576045479886,0.540312197173086,FALSE,FALSE
2016-08-12,Amundsen_Bellingshausen,4.246986392,0.1720439793259967,0.1720439793259967,0.540312197173086,FALSE,FALSE
2016-08-13,Amundsen_Bellingshausen,4.301782185,0.2226330973913324,0.2226330973913324,0.540312197173086,FALSE,FALSE
2016-08-14,Amundsen_Bellingshausen,4.336572485,0.25304132588476413,0.25304132588476413,0.540312197173086,FALSE,FALSE
2016-08-15,Amundsen_Bellingshausen,4.412864014,0.32471813567974106,0.32471813567974106,0.540312197173086,FALSE,FALSE
2016-08-16,Amundsen_Bellingshausen,4.480535252,0.3875490046522821,0.3875490046522821,0.540312197173086,FALSE,FALSE
2016-08-17,Amundsen_Bellingshausen,4.499511757,0.4015400267289566,0.4015400267289566,0.540312197173086,FALSE,FALSE
2016-08-18,Amundsen_Bellingshausen,4.493672037,0.39065427591160784,0.39065427591160784,0.540312197173086,FALSE,FALSE
2016-08-19,Amundsen_Bellingshausen,4.544636161,0.43659638720207106,0.43659638720207106,0.540312197173086,FALSE,FALSE
2016-08-20,Amundsen_Bellingshausen,4.606821144,0.4938679416021774,0.4938679416021774,0.540312197173086,FALSE,FALSE
2016-08-21,Amundsen_Bellingshausen,4.671994102,0.5543206211137672,0.5543206211137672,0.540312197173086,TRUE,TRUE
2016-08-22,Amundsen_Bellingshausen,4.693398536,0.5712824927386748,0.5712824927386748,0.540312197173086,TRUE,TRUE
2016-08-23,Amundsen_Bellingshausen,4.69566678,0.5694704564787374,0.5694704564787374,0.540312197173086,TRUE,TRUE
2016-08-24,Amundsen_Bellingshausen,4.680662732,0.5508329763357942,0.5508329763357942,0.540312197173086,TRUE,TRUE
2016-08-25,Amundsen_Bellingshausen,4.691211559,0.5582797853116706,0.5582797853116706,0.540312197173086,TRUE,TRUE
2016-08-26,Amundsen_Bellingshausen,4.680256204,0.5448383924082165,0.5448383924082165,0.540312197173086,TRUE,TRUE
2016-08-27,Amundsen_Bellingshausen,4.671096836,0.5338935326272569,0.5338935326272569,0.540312197173086,FALSE,FALSE
2016-08-28,Amundsen_Bellingshausen,4.656987189,0.5187685144936198,0.5187685144936198,0.540312197173086,FALSE,FALSE
2016-08-29,Amundsen_Bellingshausen,4.622440387,0.4839549228922424,0.4839549228922424,0.540312197173086,FALSE,FALSE
2016-08-30,Amundsen_Bellingshausen,4.55398005,0.4159206044110144,0.4159206044110144,0.540312197173086,FALSE,FALSE
2016-08-31,Amundsen_Bellingshausen,4.513969845,0.3769733912327409,0.3769733912327409,0.540312197173086,FALSE,FALSE
2016-09-01,Amundsen_Bellingshausen,4.499423483,0.3640711595402184,0.3640711595402184,0.540312197173086,FALSE,FALSE
2016-09-02,Amundsen_Bellingshausen,4.519597735,0.3864148455162546,0.3864148455162546,0.540312197173086,FALSE,FALSE
2016-09-03,Amundsen_Bellingshausen,4.550606923,0.42006293634364944,0.42006293634364944,0.540312197173086,FALSE,FALSE
2016-09-04,Amundsen_Bellingshausen,4.496088989,0.3685975392052052,0.3685975392052052,0.540312197173086,FALSE,FALSE
2016-09-05,Amundsen_Bellingshausen,4.397957366,0.27387625228372325,0.27387625228372325,0.540312197173086,FALSE,FALSE
2016-09-06,Amundsen_Bellingshausen,4.329514263,0.20914544976200755,0.20914544976200755,0.540312197173086,FALSE,FALSE
2016-09-07,Amundsen_Bellingshausen,4.251271968,0.13486158482285582,0.13486158482285582,0.540312197173086,FALSE,FALSE
2016-09-08,Amundsen_Bellingshausen,4.207323841,0.09506218264907228,0.09506218264907228,0.540312197173086,FALSE,FALSE
2016-09-09,Amundsen_Bellingshausen,4.144223053,0.03624483594944028,0.03624483594944028,0.540312197173086,FALSE,FALSE
2016-09-10,Amundsen_Bellingshausen,4.169083016,0.06549173086459703,0.06549173086459703,0.540312197173086,FALSE,FALSE
2016-09-11,Amundsen_Bellingshausen,4.180673935,0.0815859148922895,0.0815859148922895,0.540312197173086,FALSE,FALSE
2016-09-12,Amundsen_Bellingshausen,4.175679575,0.08122863554408433,0.08122863554408433,0.540312197173086,FALSE,FALSE
2016-09-13,Amundsen_Bellingshausen,4.15911217,0.06944960933154665,0.06944960933154665,0.540312197173086,FALSE,FALSE
2016-09-14,Amundsen_Bellingshausen,4.124988224,0.04028282276622885,0.04028282276622885,0.540312197173086,FALSE,FALSE
2016-09-15,Amundsen_Bellingshausen,4.069913973,-0.00964800564029744,0.00964800564029744,0.540312197173086,FALSE,FALSE
2016-09-16,Amundsen_Bellingshausen,4.023649628,-0.05056518237647456,0.05056518237647456,0.540312197173086,FALSE,FALSE
2016-09-17,Amundsen_Bellingshausen,4.031488876,-0.03715753793074139,0.03715753793074139,0.540312197173086,FALSE,FALSE
2016-09-18,Amundsen_Bellingshausen,4.014640999,-0.04819830779153022,0.04819830779153022,0.540312197173086,FALSE,FALSE
2016-09-19,Amundsen_Bellingshausen,3.974717937,-0.08205806944727945,0.08205806944727945,0.540312197173086,FALSE,FALSE
2016-09-20,Amundsen_Bellingshausen,3.925037473,-0.12540155738643,0.12540155738643,0.540312197173086,FALSE,FALSE
2016-09-21,Amundsen_Bellingshausen,3.893038985,-0.15077191109741905,0.15077191109741905,0.540312197173086,FALSE,FALSE
2016-09-22,Amundsen_Bellingshausen,3.862955193,-0.17391950914387033,0.17391950914387033,0.540312197173086,FALSE,FALSE
2016-09-23,Amundsen_Bellingshausen,3.83667476,-0.19294500815306215,0.19294500815306215,0.540312197173086,FALSE,FALSE
2016-09-24,Amundsen_Bellingshausen,3.809115453,-0.21292373454509184,0.21292373454509184,0.540312197173086,FALSE,FALSE
2016-09-25,Amundsen_Bellingshausen,3.787446171,-0.22667993569054623,0.22667993569054623,0.540312197173086,FALSE,FALSE
2016-09-26,Amundsen_Bellingshausen,3.766352019,-0.23952165296000327,0.23952165296000327,0.540312197173086,FALSE,FALSE
2016-09-27,Amundsen_Bellingshausen,3.743928639,-0.2533463907240474,0.2533463907240474,0.540312197173086,FALSE,FALSE
2016-09-28,Amundsen_Bellingshausen,3.725672166,-0.2626511603532582,0.2626511603532582,0.540312197173086,FALSE,FALSE
2016-09-29,Amundsen_Bellingshausen,3.696935697,-0.28207601121822057,0.28207601121822057,0.540312197173086,FALSE,FALSE
2016-09-30,Amundsen_Bellingshausen,3.691197598,-0.2781357236895112,0.2781357236895112,0.540312197173086,FALSE,FALSE
2016-10-01,Amundsen_Bellingshausen,3.701074529,-0.25820678413771514,0.25820678413771514,0.540312197173086,FALSE,FALSE
2016-10-02,Amundsen_Bellingshausen,3.71386774,-0.23498108893341207,0.23498108893341207,0.540312197173086,FALSE,FALSE
2016-10-03,Amundsen_Bellingshausen,3.711310818,-0.22671819744718436,0.22671819744718436,0.540312197173086,FALSE,FALSE
2016-10-04,Amundsen_Bellingshausen,3.699440003,-0.22737503115784777,0.22737503115784777,0.540312197173086,FALSE,FALSE
2016-10-05,Amundsen_Bellingshausen,3.686213024,-0.22900529791069113,0.22900529791069113,0.540312197173086,FALSE,FALSE
2016-10-06,Amundsen_Bellingshausen,3.677931363,-0.22537271044240192,0.22537271044240192,0.540312197173086,FALSE,FALSE
2016-10-07,Amundsen_Bellingshausen,3.655853708,-0.23529361038987864,0.23529361038987864,0.540312197173086,FALSE,FALSE
2016-10-08,Amundsen_Bellingshausen,3.649839365,-0.22898372139002587,0.22898372139002587,0.540312197173086,FALSE,FALSE
2016-10-09,Amundsen_Bellingshausen,3.651243143,-0.21516326407975095,0.21516326407975095,0.540312197173086,FALSE,FALSE
2016-10-10,Amundsen_Bellingshausen,3.64616502,-0.2078072900959533,0.2078072900959533,0.540312197173086,FALSE,FALSE
2016-10-11,Amundsen_Bellingshausen,3.642810026,-0.19878579907553773,0.19878579907553773,0.540312197173086,FALSE,FALSE
2016-10-12,Amundsen_Bellingshausen,3.614389821,-0.21496216065540796,0.21496216065540796,0.540312197173086,FALSE,FALSE
2016-10-13,Amundsen_Bellingshausen,3.599037624,-0.2182781854724647,0.2182781854724647,0.540312197173086,FALSE,FALSE
2016-10-14,Amundsen_Bellingshausen,3.594062192,-0.21150014616361543,0.21150014616361543,0.540312197173086,FALSE,FALSE
2016-10-15,Amundsen_Bellingshausen,3.567915702,-0.22625089536576184,0.22625089536576184,0.540312197173086,FALSE,FALSE
2016-10-16,Amundsen_Bellingshausen,3.603864295,-0.17933932171580658,0.17933932171580658,0.540312197173086,FALSE,FALSE
2016-10-17,Amundsen_Bellingshausen,3.597826773,-0.17491836041167774,0.17491836041167774,0.540312197173086,FALSE,FALSE
2016-10-18,Amundsen_Bellingshausen,3.608617061,-0.15417589322299596,0.15417589322299596,0.540312197173086,FALSE,FALSE
2016-10-19,Amundsen_Bellingshausen,3.586062172,-0.16721985936072947,0.16721985936072947,0.540312197173086,FALSE,FALSE
2016-10-20,Amundsen_Bellingshausen,3.547241929,-0.1969027111610182,0.1969027111610182,0.540312197173086,FALSE,FALSE
2016-10-21,Amundsen_Bellingshausen,3.532864039,-0.20244901696000284,0.20244901696000284,0.540312197173086,FALSE,FALSE
2016-10-22,Amundsen_Bellingshausen,3.551007052,-0.17571250209381928,0.17571250209381928,0.540312197173086,FALSE,FALSE
2016-10-23,Amundsen_Bellingshausen,3.59153674,-0.1267596698986111,0.1267596698986111,0.540312197173086,FALSE,FALSE
2016-10-24,Amundsen_Bellingshausen,3.608319584,-0.10165631471051562,0.10165631471051562,0.540312197173086,FALSE,FALSE
2016-10-25,Amundsen_Bellingshausen,3.589456224,-0.11223407186567336,0.11223407186567336,0.540312197173086,FALSE,FALSE
2016-10-26,Amundsen_Bellingshausen,3.591195245,-0.10217663170022152,0.10217663170022152,0.540312197173086,FALSE,FALSE
2016-10-27,Amundsen_Bellingshausen,3.609805527,-0.07514738955030342,0.07514738955030342,0.540312197173086,FALSE,FALSE
2016-10-28,Amundsen_Bellingshausen,3.6273413,-0.04902439075205533,0.04902439075205533,0.540312197173086,FALSE,FALSE
2016-10-29,Amundsen_Bellingshausen,3.605886368,-0.06165610664161702,0.06165610664161702,0.540312197173086,FALSE,FALSE
2016-10-30,Amundsen_Bellingshausen,3.590912827,-0.06751374201614979,0.06751374201614979,0.540312197173086,FALSE,FALSE
2016-10-31,Amundsen_Bellingshausen,3.564059139,-0.08495640538603322,0.08495640538603322,0.540312197173086,FALSE,FALSE
2016-11-01,Amundsen_Bellingshausen,3.526081531,-0.11324210980868664,0.11324210980868664,0.540312197173086,FALSE,FALSE
2016-11-02,Amundsen_Bellingshausen,3.466460481,-0.1629046218227499,0.1629046218227499,0.540312197173086,FALSE,FALSE
2016-11-03,Amundsen_Bellingshausen,3.42684891,-0.19230526496685665,0.19230526496685665,0.540312197173086,FALSE,FALSE
2016-11-04,Amundsen_Bellingshausen,3.342055101,-0.2666500007796433,0.2666500007796433,0.540312197173086,FALSE,FALSE
2016-11-05,Amundsen_Bellingshausen,3.36001421,-0.2380179177997439,0.2380179177997439,0.540312197173086,FALSE,FALSE
2016-11-06,Amundsen_Bellingshausen,3.363936155,-0.22321334256579697,0.22321334256579697,0.540312197173086,FALSE,FALSE
2016-11-07,Amundsen_Bellingshausen,3.355342219,-0.22072923661643573,0.22072923661643573,0.540312197173086,FALSE,FALSE
2016-11-08,Amundsen_Bellingshausen,3.349345793,-0.21546645349029347,0.21546645349029347,0.540312197173086,FALSE,FALSE
2016-11-09,Amundsen_Bellingshausen,3.348167795,-0.2052183197260078,0.2052183197260078,0.540312197173086,FALSE,FALSE
2016-11-10,Amundsen_Bellingshausen,3.340278358,-0.20152894686221545,0.20152894686221545,0.540312197173086,FALSE,FALSE
2016-11-11,Amundsen_Bellingshausen,3.317733067,-0.21235701525851836,0.21235701525851836,0.540312197173086,FALSE,FALSE
2016-11-12,Amundsen_Bellingshausen,3.282707918,-0.23554194606963685,0.23554194606963685,0.540312197173086,FALSE,FALSE
2016-11-13,Amundsen_Bellingshausen,3.277480758,-0.22882304083869576,0.22882304083869576,0.540312197173086,FALSE,FALSE
2016-11-14,Amundsen_Bellingshausen,3.253062593,-0.2412065849198299,0.2412065849198299,0.540312197173086,FALSE,FALSE
2016-11-15,Amundsen_Bellingshausen,3.247205492,-0.2349578006671824,0.2349578006671824,0.540312197173086,FALSE,FALSE
2016-11-16,Amundsen_Bellingshausen,3.265229696,-0.20477373843489044,0.20477373843489044,0.540312197173086,FALSE,FALSE
2016-11-17,Amundsen_Bellingshausen,3.262129701,-0.19567719357709468,0.19567719357709468,0.540312197173086,FALSE,FALSE
2016-11-18,Amundsen_Bellingshausen,3.241971066,-0.2036198984479327,0.2036198984479327,0.540312197173086,FALSE,FALSE
2016-11-19,Amundsen_Bellingshausen,3.241899327,-0.19147360840154715,0.19147360840154715,0.540312197173086,FALSE,FALSE
2016-11-20,Amundsen_Bellingshausen,3.224843195,-0.19632690379207496,0.19632690379207496,0.540312197173086,FALSE,FALSE
2016-11-21,Amundsen_Bellingshausen,3.24217636,-0.16682338597365387,0.16682338597365387,0.540312197173086,FALSE,FALSE
2016-11-22,Amundsen_Bellingshausen,3.23354001,-0.16333915830042667,0.16333915830042667,0.540312197173086,FALSE,FALSE
2016-11-23,Amundsen_Bellingshausen,3.197519758,-0.18730589912653173,0.18730589912653173,0.540312197173086,FALSE,FALSE
2016-11-24,Amundsen_Bellingshausen,3.140765751,-0.23208601450198785,0.23208601450198785,0.540312197173086,FALSE,FALSE
2016-11-25,Amundsen_Bellingshausen,3.127308581,-0.2336213896944592,0.2336213896944592,0.540312197173086,FALSE,FALSE
2016-11-26,Amundsen_Bellingshausen,3.107569261,-0.24144333782926353,0.24144333782926353,0.540312197173086,FALSE,FALSE
2016-11-27,Amundsen_Bellingshausen,3.098406479,-0.23864534439851104,0.23864534439851104,0.540312197173086,FALSE,FALSE
2016-11-28,Amundsen_Bellingshausen,3.099019002,-0.2259808158943235,0.2259808158943235,0.540312197173086,FALSE,FALSE
2016-11-29,Amundsen_Bellingshausen,3.099635694,-0.21317306180881523,0.21317306180881523,0.540312197173086,FALSE,FALSE
2016-11-30,Amundsen_Bellingshausen,3.084999266,-0.2154315446341033,0.2154315446341033,0.540312197173086,FALSE,FALSE
2016-12-01,Amundsen_Bellingshausen,3.073263727,-0.21455442886230447,0.21455442886230447,0.540312197173086,FALSE,FALSE
2016-12-02,Amundsen_Bellingshausen,3.07213967,-0.20278329498553616,0.20278329498553616,0.540312197173086,FALSE,FALSE
2016-12-03,Amundsen_Bellingshausen,3.058225481,-0.20347193049591183,0.20347193049591183,0.540312197173086,FALSE,FALSE
2016-12-04,Amundsen_Bellingshausen,3.039717851,-0.20837581788555148,0.20837581788555148,0.540312197173086,FALSE,FALSE
2016-12-05,Amundsen_Bellingshausen,3.019086623,-0.21497728764656857,0.21497728764656857,0.540312197173086,FALSE,FALSE
2016-12-06,Amundsen_Bellingshausen,2.999558036,-0.22000220350526556,0.22000220350526556,0.540312197173086,FALSE,FALSE
2016-12-07,Amundsen_Bellingshausen,2.992578665,-0.21193412521424015,0.21193412521424015,0.540312197173086,FALSE,FALSE
2016-12-08,Amundsen_Bellingshausen,2.952799367,-0.23599935183968812,0.23599935183968812,0.540312197173086,FALSE,FALSE
2016-12-09,Amundsen_Bellingshausen,2.917599784,-0.25468757131471653,0.25468757131471653,0.540312197173086,FALSE,FALSE
2016-12-10,Amundsen_Bellingshausen,2.87013463,-0.2847133995724298,0.2847133995724298,0.540312197173086,FALSE,FALSE
2016-12-11,Amundsen_Bellingshausen,2.833957583,-0.30239248854593637,0.30239248854593637,0.540312197173086,FALSE,FALSE
2016-12-12,Amundsen_Bellingshausen,2.816536818,-0.3001259931683369,0.3001259931683369,0.540312197173086,FALSE,FALSE
2016-12-13,Amundsen_Bellingshausen,2.798422395,-0.2972331833727435,0.2972331833727435,0.540312197173086,FALSE,FALSE
2016-12-14,Amundsen_Bellingshausen,2.745660943,-0.3275367600922574,0.3275367600922574,0.540312197173086,FALSE,FALSE
2016-12-15,Amundsen_Bellingshausen,2.71753991,-0.33161860525998454,0.33161860525998454,0.540312197173086,FALSE,FALSE
2016-12-16,Amundsen_Bellingshausen,2.703513388,-0.31989395680903243,0.31989395680903243,0.540312197173086,FALSE,FALSE
2016-12-17,Amundsen_Bellingshausen,2.671013674,-0.324799847672506,0.324799847672506,0.540312197173086,FALSE,FALSE
2016-12-18,Amundsen_Bellingshausen,2.578704177,-0.3875421987835108,0.3875421987835108,0.540312197173086,FALSE,FALSE
2016-12-19,Amundsen_Bellingshausen,2.511505745,-0.42307943694159533,0.42307943694159533,0.540312197173086,FALSE,FALSE
2016-12-20,Amundsen_Bellingshausen,2.460910028,-0.4399564344538685,0.4399564344538685,0.540312197173086,FALSE,FALSE
2016-12-21,Amundsen_Bellingshausen,2.424122052,-0.4411302058898525,0.4411302058898525,0.540312197173086,FALSE,FALSE
2016-12-22,Amundsen_Bellingshausen,2.350794589,-0.4771135176267549,0.4771135176267549,0.540312197173086,FALSE,FALSE
2016-12-23,Amundsen_Bellingshausen,2.246274684,-0.5427248630417947,0.5427248630417947,0.540312197173086,TRUE,TRUE
2016-12-24,Amundsen_Bellingshausen,2.161781398,-0.5869107195121823,0.5869107195121823,0.540312197173086,TRUE,TRUE
2016-12-25,Amundsen_Bellingshausen,2.088734912,-0.6184164444151308,0.6184164444151308,0.540312197173086,TRUE,TRUE
2016-12-26,Amundsen_Bellingshausen,2.041521314,-0.6230214881278506,0.6230214881278506,0.540312197173086,TRUE,TRUE
2016-12-27,Amundsen_Bellingshausen,1.999060949,-0.6219710440275601,0.6219710440275601,0.540312197173086,TRUE,TRUE
2016-12-28,Amundsen_Bellingshausen,1.939211749,-0.6375727184914708,0.6375727184914708,0.540312197173086,TRUE,TRUE
2016-12-29,Amundsen_Bellingshausen,1.923637331,-0.6083284328967895,0.6083284328967895,0.540312197173086,TRUE,TRUE
2016-12-30,Amundsen_Bellingshausen,1.881481946,-0.6052594746207363,0.6052594746207363,0.540312197173086,TRUE,TRUE
2016-12-31,Amundsen_Bellingshausen,1.840968167,-0.6003088090405242,0.6003088090405242,0.540312197173086,TRUE,TRUE
2017-01-01,Amundsen_Bellingshausen,1.811030986,-0.6302459900405242,0.6302459900405242,0.540312197173086,TRUE,TRUE
2017-01-02,Amundsen_Bellingshausen,1.810750538,-0.584980672527329,0.584980672527329,0.540312197173086,TRUE,TRUE
2017-01-03,Amundsen_Bellingshausen,1.798155158,-0.5520807144281885,0.5520807144281885,0.540312197173086,TRUE,TRUE
2017-01-04,Amundsen_Bellingshausen,1.781465285,-0.5234506670840959,0.5234506670840959,0.540312197173086,FALSE,FALSE
2017-01-05,Amundsen_Bellingshausen,1.760430388,-0.4994660518360612,0.4994660518360612,0.540312197173086,FALSE,FALSE
2017-01-06,Amundsen_Bellingshausen,1.715387547,-0.4999147790250793,0.4999147790250793,0.540312197173086,FALSE,FALSE
2017-01-07,Amundsen_Bellingshausen,1.684932378,-0.48632622299215456,0.48632622299215456,0.540312197173086,FALSE,FALSE
2017-01-08,Amundsen_Bellingshausen,1.671903472,-0.4559867830782864,0.4559867830782864,0.540312197173086,FALSE,FALSE
2017-01-09,Amundsen_Bellingshausen,1.636358112,-0.4489641666244748,0.4489641666244748,0.540312197173086,FALSE,FALSE
2017-01-10,Amundsen_Bellingshausen,1.574170803,-0.46950885897171935,0.46950885897171935,0.540312197173086,FALSE,FALSE
2017-01-11,Amundsen_Bellingshausen,1.468659328,-0.5344280674610224,0.5344280674610224,0.540312197173086,FALSE,FALSE
2017-01-12,Amundsen_Bellingshausen,1.410989603,-0.5526808664333844,0.5526808664333844,0.540312197173086,TRUE,FALSE
2017-01-13,Amundsen_Bellingshausen,1.396991592,-0.5285622822298037,0.5285622822298037,0.540312197173086,FALSE,FALSE
2017-01-14,Amundsen_Bellingshausen,1.366175013,-0.5226856313769015,0.5226856313769015,0.540312197173086,FALSE,FALSE
2017-01-15,Amundsen_Bellingshausen,1.356794805,-0.4968488253190444,0.4968488253190444,0.540312197173086,FALSE,FALSE
2017-01-16,Amundsen_Bellingshausen,1.345373059,-0.47449469787295206,0.47449469787295206,0.540312197173086,FALSE,FALSE
2017-01-17,Amundsen_Bellingshausen,1.314960402,-0.47253198614002256,0.47253198614002256,0.540312197173086,FALSE,FALSE
2017-01-18,Amundsen_Bellingshausen,1.292194069,-0.4642828192216575,0.4642828192216575,0.540312197173086,FALSE,FALSE
2017-01-19,Amundsen_Bellingshausen,1.287968056,-0.4388125652192556,0.4388125652192556,0.540312197173086,FALSE,FALSE
2017-01-20,Amundsen_Bellingshausen,1.264282948,-0.4340800032342189,0.4340800032342189,0.540312197173086,FALSE,FALSE
2017-01-21,Amundsen_Bellingshausen,1.252578676,-0.4186045663679454,0.4186045663679454,0.540312197173086,FALSE,FALSE
2017-01-22,Amundsen_Bellingshausen,1.254270308,-0.39093055072183613,0.39093055072183613,0.540312197173086,FALSE,FALSE
2017-01-23,Amundsen_Bellingshausen,1.24864001,-0.371735154397292,0.371735154397292,0.540312197173086,FALSE,FALSE
2017-01-24,Amundsen_Bellingshausen,1.241732641,-0.35493288249571076,0.35493288249571076,0.540312197173086,FALSE,FALSE
2017-01-25,Amundsen_Bellingshausen,1.219152572,-0.3548787281184951,0.3548787281184951,0.540312197173086,FALSE,FALSE
2017-01-26,Amundsen_Bellingshausen,1.196045475,-0.3563863833670433,0.3563863833670433,0.540312197173086,FALSE,FALSE
2017-01-27,Amundsen_Bellingshausen,1.16845566,-0.36337310646764465,0.36337310646764465,0.540312197173086,FALSE,FALSE
2017-01-28,Amundsen_Bellingshausen,1.149804689,-0.3623938243794515,0.3623938243794515,0.540312197173086,FALSE,FALSE
2017-01-29,Amundsen_Bellingshausen,1.147792288,-0.3457314870452768,0.3457314870452768,0.540312197173086,FALSE,FALSE
2017-01-30,Amundsen_Bellingshausen,1.153975915,-0.32181133233817727,0.32181133233817727,0.540312197173086,FALSE,FALSE
2017-01-31,Amundsen_Bellingshausen,1.140831174,-0.3181404521312039,0.3181404521312039,0.540312197173086,FALSE,FALSE
2017-02-01,Amundsen_Bellingshausen,1.116987203,-0.32607240429741036,0.32607240429741036,0.540312197173086,FALSE,FALSE
2017-02-02,Amundsen_Bellingshausen,1.110739861,-0.3172940257098509,0.3172940257098509,0.540312197173086,FALSE,FALSE
2017-02-03,Amundsen_Bellingshausen,1.114018828,-0.2998583322415773,0.2998583322415773,0.540312197173086,FALSE,FALSE
2017-02-04,Amundsen_Bellingshausen,1.109064269,-0.291507854765642,0.291507854765642,0.540312197173086,FALSE,FALSE
2017-02-05,Amundsen_Bellingshausen,1.105904349,-0.2821971241551009,0.2821971241551009,0.540312197173086,FALSE,FALSE
2017-02-06,Amundsen_Bellingshausen,1.111111704,-0.26533620028300486,0.26533620028300486,0.540312197173086,FALSE,FALSE
2017-02-07,Amundsen_Bellingshausen,1.118793223,-0.24680089002240724,0.24680089002240724,0.540312197173086,FALSE,FALSE
2017-02-08,Amundsen_Bellingshausen,1.123094147,-0.23242873382079643,0.23242873382079643,0.540312197173086,FALSE,FALSE
2017-02-09,Amundsen_Bellingshausen,1.135466175,-0.2107621119467076,0.2107621119467076,0.540312197173086,FALSE,FALSE
2017-02-10,Amundsen_Bellingshausen,1.137896235,-0.19983064432132092,0.19983064432132092,0.540312197173086,FALSE,FALSE
2017-02-11,Amundsen_Bellingshausen,1.116951318,-0.2130865444155563,0.2130865444155563,0.540312197173086,FALSE,FALSE
2017-02-12,Amundsen_Bellingshausen,1.113398139,-0.20978230170033577,0.20978230170033577,0.540312197173086,FALSE,FALSE
2017-02-13,Amundsen_Bellingshausen,1.115968482,-0.2012053366465809,0.2012053366465809,0.540312197173086,FALSE,FALSE
2017-02-14,Amundsen_Bellingshausen,1.12445618,-0.1875810207252111,0.1875810207252111,0.540312197173086,FALSE,FALSE
2017-02-15,Amundsen_Bellingshausen,1.147935211,-0.15985458040714873,0.15985458040714873,0.540312197173086,FALSE,FALSE
2017-02-16,Amundsen_Bellingshausen,1.15746975,-0.146981045163316,0.146981045163316,0.540312197173086,FALSE,FALSE
2017-02-17,Amundsen_Bellingshausen,1.150071126,-0.15196829046463112,0.15196829046463112,0.540312197173086,FALSE,FALSE
2017-02-18,Amundsen_Bellingshausen,1.159314322,-0.14126053778201708,0.14126053778201708,0.540312197173086,FALSE,FALSE
2017-02-19,Amundsen_Bellingshausen,1.164413301,-0.13566302858639578,0.13566302858639578,0.540312197173086,FALSE,FALSE
2017-02-20,Amundsen_Bellingshausen,1.189148703,-0.11141432734868628,0.11141432734868628,0.540312197173086,FALSE,FALSE
2017-02-21,Amundsen_Bellingshausen,1.210300458,-0.09175038560350468,0.09175038560350468,0.540312197173086,FALSE,FALSE
2017-02-22,Amundsen_Bellingshausen,1.228476014,-0.07603935082457824,0.07603935082457824,0.540312197173086,FALSE,FALSE
2017-02-23,Amundsen_Bellingshausen,1.227733094,-0.08017229543991888,0.08017229543991888,0.540312197173086,FALSE,FALSE
2017-02-24,Amundsen_Bellingshausen,1.233888151,-0.07828107741386203,0.07828107741386203,0.540312197173086,FALSE,FALSE
2017-02-25,Amundsen_Bellingshausen,1.230341781,-0.08691341171075018,0.08691341171075018,0.540312197173086,FALSE,FALSE
2017-02-26,Amundsen_Bellingshausen,1.218346351,-0.10476524229492123,0.10476524229492123,0.540312197173086,FALSE,FALSE
2017-02-27,Amundsen_Bellingshausen,1.220577661,-0.10910908013071552,0.10910908013071552,0.540312197173086,FALSE,FALSE
2017-02-28,Amundsen_Bellingshausen,1.229062881,-0.10786606618247084,0.10786606618247084,0.540312197173086,FALSE,FALSE
2017-03-01,Amundsen_Bellingshausen,1.253716881,-0.09106964141452778,0.09106964141452778,0.540312197173086,FALSE,FALSE
2017-03-02,Amundsen_Bellingshausen,1.275891536,-0.0773162417912252,0.0773162417912252,0.540312197173086,FALSE,FALSE
2017-03-03,Amundsen_Bellingshausen,1.279272933,-0.08286809127690331,0.08286809127690331,0.540312197173086,FALSE,FALSE
2017-03-04,Amundsen_Bellingshausen,1.266932535,-0.10460203783589984,0.10460203783589984,0.540312197173086,FALSE,FALSE
2017-03-05,Amundsen_Bellingshausen,1.294128668,-0.08720806975963225,0.08720806975963225,0.540312197173086,FALSE,FALSE
2017-03-06,Amundsen_Bellingshausen,1.309380444,-0.08212776564969926,0.08212776564969926,0.540312197173086,FALSE,FALSE
2017-03-07,Amundsen_Bellingshausen,1.345572763,-0.05647720867249783,0.05647720867249783,0.540312197173086,FALSE,FALSE
2017-03-08,Amundsen_Bellingshausen,1.365554632,-0.047416560851250233,0.047416560851250233,0.540312197173086,FALSE,FALSE
2017-03-09,Amundsen_Bellingshausen,1.373249763,-0.05103127920918049,0.05103127920918049,0.540312197173086,FALSE,FALSE
2017-03-10,Amundsen_Bellingshausen,1.396978096,-0.03901059276951124,0.03901059276951124,0.540312197173086,FALSE,FALSE
2017-03-11,Amundsen_Bellingshausen,1.415111525,-0.03299177655546614,0.03299177655546614,0.540312197173086,FALSE,FALSE
2017-03-12,Amundsen_Bellingshausen,1.423611675,-0.03702237459026825,0.03702237459026825,0.540312197173086,FALSE,FALSE
2017-03-13,Amundsen_Bellingshausen,1.447406289,-0.02618381289714344,0.02618381289714344,0.540312197173086,FALSE,FALSE
2017-03-14,Amundsen_Bellingshausen,1.461444878,-0.02553574949931114,0.02553574949931114,0.540312197173086,FALSE,FALSE
2017-03-15,Amundsen_Bellingshausen,1.490259638,-0.01055515741999668,0.01055515741999668,0.540312197173086,FALSE,FALSE
2017-03-16,Amundsen_Bellingshausen,1.520221997,0.00512022231757502,0.00512022231757502,0.540312197173086,FALSE,FALSE
2017-03-17,Amundsen_Bellingshausen,1.54181917,0.01196843569018324,0.01196843569018324,0.540312197173086,FALSE,FALSE
2017-03-18,Amundsen_Bellingshausen,1.53424004,-0.01083031254343813,0.01083031254343813,0.540312197173086,FALSE,FALSE
2017-03-19,Amundsen_Bellingshausen,1.514053198,-0.04670385241667962,0.04670385241667962,0.540312197173086,FALSE,FALSE
2017-03-20,Amundsen_Bellingshausen,1.504659177,-0.07223525082083038,0.07223525082083038,0.540312197173086,FALSE,FALSE
2017-03-21,Amundsen_Bellingshausen,1.527992355,-0.06547312600683308,0.06547312600683308,0.540312197173086,FALSE,FALSE
2017-03-22,Amundsen_Bellingshausen,1.534070275,-0.07638293122563256,0.07638293122563256,0.540312197173086,FALSE,FALSE
2017-03-23,Amundsen_Bellingshausen,1.536598952,-0.09124164772817188,0.09124164772817188,0.540312197173086,FALSE,FALSE
2017-03-24,Amundsen_Bellingshausen,1.543809691,-0.10180096676539252,0.10180096676539252,0.540312197173086,FALSE,FALSE
2017-03-25,Amundsen_Bellingshausen,1.544845572,-0.11890080458824026,0.11890080458824026,0.540312197173086,FALSE,FALSE
2017-03-26,Amundsen_Bellingshausen,1.551938775,-0.13029197744765786,0.13029197744765786,0.540312197173086,FALSE,FALSE
2017-03-27,Amundsen_Bellingshausen,1.568880697,-0.13216608459458712,0.13216608459458712,0.540312197173086,FALSE,FALSE
2017-03-28,Amundsen_Bellingshausen,1.570186373,-0.149991087279973,0.149991087279973,0.540312197173086,FALSE,FALSE
2017-03-29,Amundsen_Bellingshausen,1.595506403,-0.14409938175475934,0.14409938175475934,0.540312197173086,FALSE,FALSE
2017-03-30,Amundsen_Bellingshausen,1.602658954,-0.1566557972698881,0.1566557972698881,0.540312197173086,FALSE,FALSE
2017-03-31,Amundsen_Bellingshausen,1.628485901,-0.15080441470334782,0.15080441470334782,0.540312197173086,FALSE,FALSE
2017-04-01,Amundsen_Bellingshausen,1.642031876,-0.15750273535289083,0.15750273535289083,0.540312197173086,FALSE,FALSE
2017-04-02,Amundsen_Bellingshausen,1.655598879,-0.16445639214185026,0.16445639214185026,0.540312197173086,FALSE,FALSE
2017-04-03,Amundsen_Bellingshausen,1.685079898,-0.15578003454010192,0.15578003454010192,0.540312197173086,FALSE,FALSE
2017-04-04,Amundsen_Bellingshausen,1.70790113,-0.1540551030175179,0.1540551030175179,0.540312197173086,FALSE,FALSE
2017-04-05,Amundsen_Bellingshausen,1.770568165,-0.11278364504397298,0.11278364504397298,0.540312197173086,FALSE,FALSE
2017-04-06,Amundsen_Bellingshausen,1.811919551,-0.09313475008933536,0.09313475008933536,0.540312197173086,FALSE,FALSE
2017-04-07,Amundsen_Bellingshausen,1.838730594,-0.08834074962348204,0.08834074962348204,0.540312197173086,FALSE,FALSE
2017-04-08,Amundsen_Bellingshausen,1.865497528,-0.08391304711628256,0.08391304711628256,0.540312197173086,FALSE,FALSE
2017-04-09,Amundsen_Bellingshausen,1.881417156,-0.09066247703761166,0.09066247703761166,0.540312197173086,FALSE,FALSE
2017-04-10,Amundsen_Bellingshausen,1.910866407,-0.08421974785734232,0.08421974785734232,0.540312197173086,FALSE,FALSE
2017-04-11,Amundsen_Bellingshausen,1.938119898,-0.08031788004534679,0.08031788004534679,0.540312197173086,FALSE,FALSE
2017-04-12,Amundsen_Bellingshausen,1.952893406,-0.08924868496473004,0.08924868496473004,0.540312197173086,FALSE,FALSE
2017-04-13,Amundsen_Bellingshausen,1.984579395,-0.08162378712790286,0.08162378712790286,0.540312197173086,FALSE,FALSE
2017-04-14,Amundsen_Bellingshausen,2.029719927,-0.06089944357478805,0.06089944357478805,0.540312197173086,FALSE,FALSE
2017-04-15,Amundsen_Bellingshausen,2.099807212,-0.01558122445074738,0.01558122445074738,0.540312197173086,FALSE,FALSE
2017-04-16,Amundsen_Bellingshausen,2.146803388,0.00629522809884663,0.00629522809884663,0.540312197173086,FALSE,FALSE
2017-04-17,Amundsen_Bellingshausen,2.179623343,0.01364702192863198,0.01364702192863198,0.540312197173086,FALSE,FALSE
2017-04-18,Amundsen_Bellingshausen,2.185856368,-0.00593433210675664,0.00593433210675664,0.540312197173086,FALSE,FALSE
2017-04-19,Amundsen_Bellingshausen,2.212551492,-0.00539758515268884,0.00539758515268884,0.540312197173086,FALSE,FALSE
2017-04-20,Amundsen_Bellingshausen,2.255913967,0.01146473464547126,0.01146473464547126,0.540312197173086,FALSE,FALSE
2017-04-21,Amundsen_Bellingshausen,2.31055401,0.03926506414235575,0.03926506414235575,0.540312197173086,FALSE,FALSE
2017-04-22,Amundsen_Bellingshausen,2.381845237,0.08337923919260026,0.08337923919260026,0.540312197173086,FALSE,FALSE
2017-04-23,Amundsen_Bellingshausen,2.452857563,0.12687939465083886,0.12687939465083886,0.540312197173086,FALSE,FALSE
2017-04-24,Amundsen_Bellingshausen,2.504839376,0.1510161383717037,0.1510161383717037,0.540312197173086,FALSE,FALSE
2017-04-25,Amundsen_Bellingshausen,2.539117258,0.15712261337776612,0.15712261337776612,0.540312197173086,FALSE,FALSE
2017-04-26,Amundsen_Bellingshausen,2.596191277,0.18574667877118012,0.18574667877118012,0.540312197173086,FALSE,FALSE
2017-04-27,Amundsen_Bellingshausen,2.685666241,0.2465637176372053,0.2465637176372053,0.540312197173086,FALSE,FALSE
2017-04-28,Amundsen_Bellingshausen,2.718771247,0.25087364206520846,0.25087364206520846,0.540312197173086,FALSE,FALSE
2017-04-29,Amundsen_Bellingshausen,2.713755623,0.2169965951445514,0.2169965951445514,0.540312197173086,FALSE,FALSE
2017-04-30,Amundsen_Bellingshausen,2.752487687,0.22687170996459427,0.22687170996459427,0.540312197173086,FALSE,FALSE
2017-05-01,Amundsen_Bellingshausen,2.82079157,0.26639393261470046,0.26639393261470046,0.540312197173086,FALSE,FALSE
2017-05-02,Amundsen_Bellingshausen,2.869475253,0.28644205918423316,0.28644205918423316,0.540312197173086,FALSE,FALSE
2017-05-03,Amundsen_Bellingshausen,2.893206093,0.28175426176255547,0.28175426176255547,0.540312197173086,FALSE,FALSE
2017-05-04,Amundsen_Bellingshausen,2.925288739,0.28570600443903293,0.28570600443903293,0.540312197173086,FALSE,FALSE
2017-05-05,Amundsen_Bellingshausen,2.953450686,0.2860955973030235,0.2860955973030235,0.540312197173086,FALSE,FALSE
2017-05-06,Amundsen_Bellingshausen,2.969952836,0.2752547574438937,0.2752547574438937,0.540312197173086,FALSE,FALSE
2017-05-07,Amundsen_Bellingshausen,2.984213825,0.26267289696787666,0.26267289696787666,0.540312197173086,FALSE,FALSE
2017-05-08,Amundsen_Bellingshausen,3.012257233,0.26442263827910084,0.26442263827910084,0.540312197173086,FALSE,FALSE
2017-05-09,Amundsen_Bellingshausen,3.001189435,0.2276015551313608,0.2276015551313608,0.540312197173086,FALSE,FALSE
2017-05-10,Amundsen_Bellingshausen,3.008824722,0.21000561991359976,0.21000561991359976,0.540312197173086,FALSE,FALSE
2017-05-11,Amundsen_Bellingshausen,3.074437907,0.2508913270147568,0.2508913270147568,0.540312197173086,FALSE,FALSE
2017-05-12,Amundsen_Bellingshausen,3.12197634,0.27418770782377333,0.27418770782377333,0.540312197173086,FALSE,FALSE
2017-05-13,Amundsen_Bellingshausen,3.156966764,0.28540318672959186,0.28540318672959186,0.540312197173086,FALSE,FALSE
2017-05-14,Amundsen_Bellingshausen,3.179620421,0.2847306871211486,0.2847306871211486,0.540312197173086,FALSE,FALSE
2017-05-15,Amundsen_Bellingshausen,3.179090695,0.26130527438738627,0.26130527438738627,0.540312197173086,FALSE,FALSE
2017-05-16,Amundsen_Bellingshausen,3.159845734,0.21957677791724617,0.21957677791724617,0.540312197173086,FALSE,FALSE
2017-05-17,Amundsen_Bellingshausen,3.127704973,0.16534631409966716,0.16534631409966716,0.540312197173086,FALSE,FALSE
2017-05-18,Amundsen_Bellingshausen,3.10961078,0.12553793232359078,0.12553793232359078,0.540312197173086,FALSE,FALSE
2017-05-19,Amundsen_Bellingshausen,3.0850246120000002,0.0795947709779572,0.0795947709779572,0.540312197173086,FALSE,FALSE
2017-05-20,Amundsen_Bellingshausen,3.070470396,0.04402250006104502,0.04402250006104502,0.540312197173086,FALSE,FALSE
2017-05-21,Amundsen_Bellingshausen,3.051244101,0.00409995577607968,0.00409995577607968,0.540312197173086,FALSE,FALSE
2017-05-22,Amundsen_Bellingshausen,3.041310725,-0.02622401447407396,0.02622401447407396,0.540312197173086,FALSE,FALSE
2017-05-23,Amundsen_Bellingshausen,3.051368127,-0.03626766924072688,0.03626766924072688,0.540312197173086,FALSE,FALSE
2017-05-24,Amundsen_Bellingshausen,3.096123037,-0.01134039607518122,0.01134039607518122,0.540312197173086,FALSE,FALSE
2017-05-25,Amundsen_Bellingshausen,3.15339096,0.02635719247125312,0.02635719247125312,0.540312197173086,FALSE,FALSE
2017-05-26,Amundsen_Bellingshausen,3.218205741,0.07184282384726881,0.07184282384726881,0.540312197173086,FALSE,FALSE
2017-05-27,Amundsen_Bellingshausen,3.29120307,0.1257360705015591,0.1257360705015591,0.540312197173086,FALSE,FALSE
2017-05-28,Amundsen_Bellingshausen,3.332316378,0.14795424588281714,0.14795424588281714,0.540312197173086,FALSE,FALSE
2017-05-29,Amundsen_Bellingshausen,3.350708232,0.1476437994397366,0.1476437994397366,0.540312197173086,FALSE,FALSE
2017-05-30,Amundsen_Bellingshausen,3.349826498,0.1282364796210076,0.1282364796210076,0.540312197173086,FALSE,FALSE
2017-05-31,Amundsen_Bellingshausen,3.341092142,0.10113713487532384,0.10113713487532384,0.540312197173086,FALSE,FALSE
2017-06-01,Amundsen_Bellingshausen,3.34041358,0.0822380636513782,0.0822380636513782,0.540312197173086,FALSE,FALSE
2017-06-02,Amundsen_Bellingshausen,3.369361885,0.09310238966725892,0.09310238966725892,0.540312197173086,FALSE,FALSE
2017-06-03,Amundsen_Bellingshausen,3.399870725,0.10569206828988076,0.10569206828988076,0.540312197173086,FALSE,FALSE
2017-06-04,Amundsen_Bellingshausen,3.397249473,0.08535480501191284,0.08535480501191284,0.540312197173086,FALSE,FALSE
2017-06-05,Amundsen_Bellingshausen,3.371258852,0.04188965569812586,0.04188965569812586,0.540312197173086,FALSE,FALSE
2017-06-06,Amundsen_Bellingshausen,3.338652628,-0.00791128078671521,0.00791128078671521,0.540312197173086,FALSE,FALSE
2017-06-07,Amundsen_Bellingshausen,3.3096844499999998,-0.05375602257784306,0.05375602257784306,0.540312197173086,FALSE,FALSE
2017-06-08,Amundsen_Bellingshausen,3.316903818,-0.06305673681048729,0.06305673681048729,0.540312197173086,FALSE,FALSE
2017-06-09,Amundsen_Bellingshausen,3.310549529,-0.08553629361988335,0.08553629361988335,0.540312197173086,FALSE,FALSE
2017-06-10,Amundsen_Bellingshausen,3.309431757,-0.1023461861412609,0.1023461861412609,0.540312197173086,FALSE,FALSE
2017-06-11,Amundsen_Bellingshausen,3.318925596,-0.10807298750985606,0.10807298750985606,0.540312197173086,FALSE,FALSE
2017-06-12,Amundsen_Bellingshausen,3.364154123,-0.07755528786090071,0.07755528786090071,0.540312197173086,FALSE,FALSE
2017-06-13,Amundsen_Bellingshausen,3.422875556,-0.03299653632962407,0.03299653632962407,0.540312197173086,FALSE,FALSE
2017-06-14,Amundsen_Bellingshausen,3.466318363,-0.00313095577675959,0.00313095577675959,0.540312197173086,FALSE,FALSE
2017-06-15,Amundsen_Bellingshausen,3.543285343,0.06083643187140231,0.06083643187140231,0.540312197173086,FALSE,FALSE
2017-06-16,Amundsen_Bellingshausen,3.577667111,0.08272650875477128,0.08272650875477128,0.540312197173086,FALSE,FALSE
2017-06-17,Amundsen_Bellingshausen,3.589639809,0.0826411983880857,0.0826411983880857,0.540312197173086,FALSE,FALSE
2017-06-18,Amundsen_Bellingshausen,3.574002826,0.0553056712860851,0.0553056712860851,0.540312197173086,FALSE,FALSE
2017-06-19,Amundsen_Bellingshausen,3.548244483,0.01813402996351154,0.01813402996351154,0.540312197173086,FALSE,FALSE
2017-06-20,Amundsen_Bellingshausen,3.543176494,0.00186376993510428,0.00186376993510428,0.540312197173086,FALSE,FALSE
2017-06-21,Amundsen_Bellingshausen,3.528482125,-0.0238960612843937,0.0238960612843937,0.540312197173086,FALSE,FALSE
2017-06-22,Amundsen_Bellingshausen,3.557055302,-0.00632575618024411,0.00632575618024411,0.540312197173086,FALSE,FALSE
2017-06-23,Amundsen_Bellingshausen,3.578882705,0.00448714676229489,0.00448714676229489,0.540312197173086,FALSE,FALSE
2017-06-24,Amundsen_Bellingshausen,3.604299572,0.01880366705796232,0.01880366705796232,0.540312197173086,FALSE,FALSE
2017-06-25,Amundsen_Bellingshausen,3.641542384,0.04478606722150102,0.04478606722150102,0.540312197173086,FALSE,FALSE
2017-06-26,Amundsen_Bellingshausen,3.644730524,0.03647951176764863,0.03647951176764863,0.540312197173086,FALSE,FALSE
2017-06-27,Amundsen_Bellingshausen,3.610190812,-0.00985428735060578,0.00985428735060578,0.540312197173086,FALSE,FALSE
2017-06-28,Amundsen_Bellingshausen,3.599863535,-0.03227130810536138,0.03227130810536138,0.540312197173086,FALSE,FALSE
2017-06-29,Amundsen_Bellingshausen,3.60187666,-0.0426083913616897,0.0426083913616897,0.540312197173086,FALSE,FALSE
2017-06-30,Amundsen_Bellingshausen,3.591791179,-0.06526919124761488,0.06526919124761488,0.540312197173086,FALSE,FALSE
2017-07-01,Amundsen_Bellingshausen,3.600139158,-0.06968628789115883,0.06968628789115883,0.540312197173086,FALSE,FALSE
2017-07-02,Amundsen_Bellingshausen,3.604598971,-0.07814595342034769,0.07814595342034769,0.540312197173086,FALSE,FALSE
2017-07-03,Amundsen_Bellingshausen,3.616706387,-0.07907706496320444,0.07907706496320444,0.540312197173086,FALSE,FALSE
2017-07-04,Amundsen_Bellingshausen,3.647570407,-0.06133526764774988,0.06133526764774988,0.540312197173086,FALSE,FALSE
2017-07-05,Amundsen_Bellingshausen,3.655450469,-0.06662576960201294,0.06662576960201294,0.540312197173086,FALSE,FALSE
2017-07-06,Amundsen_Bellingshausen,3.648981543,-0.08627824695401287,0.08627824695401287,0.540312197173086,FALSE,FALSE
2017-07-07,Amundsen_Bellingshausen,3.605615035,-0.14280593983177337,0.14280593983177337,0.540312197173086,FALSE,FALSE
2017-07-08,Amundsen_Bellingshausen,3.554257896,-0.20726654336331984,0.20726654336331984,0.540312197173086,FALSE,FALSE
2017-07-09,Amundsen_Bellingshausen,3.505673955,-0.26886091099008924,0.26886091099008924,0.540312197173086,FALSE,FALSE
2017-07-10,Amundsen_Bellingshausen,3.473992153,-0.31343184694451676,0.31343184694451676,0.540312197173086,FALSE,FALSE
2017-07-11,Amundsen_Bellingshausen,3.471102151,-0.32907689219665937,0.32907689219665937,0.540312197173086,FALSE,FALSE
2017-07-12,Amundsen_Bellingshausen,3.451250098,-0.36153914520413855,0.36153914520413855,0.540312197173086,FALSE,FALSE
2017-07-13,Amundsen_Bellingshausen,3.459395303,-0.3658485444245767,0.3658485444245767,0.540312197173086,FALSE,FALSE
2017-07-14,Amundsen_Bellingshausen,3.440394708,-0.3971373953155921,0.3971373953155921,0.540312197173086,FALSE,FALSE
2017-07-15,Amundsen_Bellingshausen,3.424878421,-0.4247648373348056,0.4247648373348056,0.540312197173086,FALSE,FALSE
2017-07-16,Amundsen_Bellingshausen,3.478011739,-0.38355482093984206,0.38355482093984206,0.540312197173086,FALSE,FALSE
2017-07-17,Amundsen_Bellingshausen,3.58357431,-0.2897169455883204,0.2897169455883204,0.540312197173086,FALSE,FALSE
2017-07-18,Amundsen_Bellingshausen,3.649438434,-0.23536815873785777,0.23536815873785777,0.540312197173086,FALSE,FALSE
2017-07-19,Amundsen_Bellingshausen,3.675053876,-0.22104794284608165,0.22104794284608165,0.540312197173086,FALSE,FALSE
2017-07-20,Amundsen_Bellingshausen,3.723909981,-0.18325620037061352,0.18325620037061352,0.540312197173086,FALSE,FALSE
2017-07-21,Amundsen_Bellingshausen,3.785256516,-0.13273241176906891,0.13273241176906891,0.540312197173086,FALSE,FALSE
2017-07-22,Amundsen_Bellingshausen,3.833051197,-0.09550782854499527,0.09550782854499527,0.540312197173086,FALSE,FALSE
2017-07-23,Amundsen_Bellingshausen,3.850925201,-0.08793637719244662,0.08793637719244662,0.540312197173086,FALSE,FALSE
2017-07-24,Amundsen_Bellingshausen,3.822853369,-0.12602550357560993,0.12602550357560993,0.540312197173086,FALSE,FALSE
2017-07-25,Amundsen_Bellingshausen,3.791714415,-0.1668787166665493,0.1668787166665493,0.540312197173086,FALSE,FALSE
2017-07-26,Amundsen_Bellingshausen,3.776524246,-0.1914623324373257,0.1914623324373257,0.540312197173086,FALSE,FALSE
2017-07-27,Amundsen_Bellingshausen,3.752269972,-0.2247714638599976,0.2247714638599976,0.540312197173086,FALSE,FALSE
2017-07-28,Amundsen_Bellingshausen,3.732526603,-0.2532133239066363,0.2532133239066363,0.540312197173086,FALSE,FALSE
2017-07-29,Amundsen_Bellingshausen,3.74254989,-0.2515143845492971,0.2515143845492971,0.540312197173086,FALSE,FALSE
2017-07-30,Amundsen_Bellingshausen,3.749239455,-0.2527572467600492,0.2527572467600492,0.540312197173086,FALSE,FALSE
2017-07-31,Amundsen_Bellingshausen,3.744018466,-0.2655009655109488,0.2655009655109488,0.540312197173086,FALSE,FALSE
2017-08-01,Amundsen_Bellingshausen,3.749508804,-0.26710588277405867,0.26710588277405867,0.540312197173086,FALSE,FALSE
2017-08-02,Amundsen_Bellingshausen,3.743893976,-0.2793707145214466,0.2793707145214466,0.540312197173086,FALSE,FALSE
2017-08-03,Amundsen_Bellingshausen,3.730808022,-0.29864364425266166,0.29864364425266166,0.540312197173086,FALSE,FALSE
2017-08-04,Amundsen_Bellingshausen,3.716869297,-0.3183027806006371,0.3183027806006371,0.540312197173086,FALSE,FALSE
2017-08-05,Amundsen_Bellingshausen,3.719342751,-0.3211310068600932,0.3211310068600932,0.540312197173086,FALSE,FALSE
2017-08-06,Amundsen_Bellingshausen,3.774051299,-0.27136482079706603,0.27136482079706603,0.540312197173086,FALSE,FALSE
2017-08-07,Amundsen_Bellingshausen,3.854929526,-0.19512905017760265,0.19512905017760265,0.540312197173086,FALSE,FALSE
2017-08-08,Amundsen_Bellingshausen,3.877361759,-0.17709878076774066,0.17709878076774066,0.540312197173086,FALSE,FALSE
2017-08-09,Amundsen_Bellingshausen,3.893466834,-0.1652145893335284,0.1652145893335284,0.540312197173086,FALSE,FALSE
2017-08-10,Amundsen_Bellingshausen,3.87254468,-0.19023595964100792,0.19023595964100792,0.540312197173086,FALSE,FALSE
2017-08-11,Amundsen_Bellingshausen,3.830688327,-0.236129274456216,0.236129274456216,0.540312197173086,FALSE,FALSE
2017-08-12,Amundsen_Bellingshausen,3.812116759,-0.2587349625452018,0.2587349625452018,0.540312197173086,FALSE,FALSE
2017-08-13,Amundsen_Bellingshausen,3.783306705,-0.29163570767400326,0.29163570767400326,0.540312197173086,FALSE,FALSE
2017-08-14,Amundsen_Bellingshausen,3.751487604,-0.3276614836086682,0.3276614836086682,0.540312197173086,FALSE,FALSE
2017-08-15,Amundsen_Bellingshausen,3.74906161,-0.3344695491152354,0.3344695491152354,0.540312197173086,FALSE,FALSE
2017-08-16,Amundsen_Bellingshausen,3.714928325,-0.3732175533202593,0.3732175533202593,0.540312197173086,FALSE,FALSE
2017-08-17,Amundsen_Bellingshausen,3.726317576,-0.3666686713477181,0.3666686713477181,0.540312197173086,FALSE,FALSE
2017-08-18,Amundsen_Bellingshausen,3.757053078,-0.3409186522710428,0.3409186522710428,0.540312197173086,FALSE,FALSE
2017-08-19,Amundsen_Bellingshausen,3.777968201,-0.3250495600883916,0.3250495600883916,0.540312197173086,FALSE,FALSE
2017-08-20,Amundsen_Bellingshausen,3.762336065,-0.34570370879792867,0.34570370879792867,0.540312197173086,FALSE,FALSE
2017-08-21,Amundsen_Bellingshausen,3.741383273,-0.3715699293978232,0.3715699293978232,0.540312197173086,FALSE,FALSE
2017-08-22,Amundsen_Bellingshausen,3.719228624,-0.3984448568862331,0.3984448568862331,0.540312197173086,FALSE,FALSE
2017-08-23,Amundsen_Bellingshausen,3.692004205,-0.4301118382613254,0.4301118382613254,0.540312197173086,FALSE,FALSE
2017-08-24,Amundsen_Bellingshausen,3.73343464,-0.3927616835212624,0.3927616835212624,0.540312197173086,FALSE,FALSE
2017-08-25,Amundsen_Bellingshausen,3.748300127,-0.381529628664206,0.381529628664206,0.540312197173086,FALSE,FALSE
2017-08-26,Amundsen_Bellingshausen,3.763732338,-0.3691994356883294,0.3691994356883294,0.540312197173086,FALSE,FALSE
2017-08-27,Amundsen_Bellingshausen,3.785125724,-0.35029208759178365,0.35029208759178365,0.540312197173086,FALSE,FALSE
2017-08-28,Amundsen_Bellingshausen,3.777815279,-0.3593880243727434,0.3593880243727434,0.540312197173086,FALSE,FALSE
2017-08-29,Amundsen_Bellingshausen,3.826018271,-0.3122004035063797,0.3122004035063797,0.540312197173086,FALSE,FALSE
2017-08-30,Amundsen_Bellingshausen,3.892133262,-0.24635220210775757,0.24635220210775757,0.540312197173086,FALSE,FALSE
2017-08-31,Amundsen_Bellingshausen,3.888159927,-0.24989951858898565,0.24989951858898565,0.540312197173086,FALSE,FALSE
2017-09-01,Amundsen_Bellingshausen,3.862985436,-0.274011017767259,0.274011017767259,0.540312197173086,FALSE,FALSE
2017-09-02,Amundsen_Bellingshausen,3.843848315,-0.29150400845978197,0.29150400845978197,0.540312197173086,FALSE,FALSE
2017-09-03,Amundsen_Bellingshausen,3.831842567,-0.3013403224837452,0.3013403224837452,0.540312197173086,FALSE,FALSE
2017-09-04,Amundsen_Bellingshausen,3.83185832,-0.2986856666563509,0.2986856666563509,0.540312197173086,FALSE,FALSE
2017-09-05,Amundsen_Bellingshausen,3.820659594,-0.3068318557947953,0.3068318557947953,0.540312197173086,FALSE,FALSE
2017-09-06,Amundsen_Bellingshausen,3.807463847,-0.31661726671627655,0.31661726671627655,0.540312197173086,FALSE,FALSE
2017-09-07,Amundsen_Bellingshausen,3.76644664,-0.3539221732379927,0.3539221732379927,0.540312197173086,FALSE,FALSE
2017-09-08,Amundsen_Bellingshausen,3.748301779,-0.3681086041771442,0.3681086041771442,0.540312197173086,FALSE,FALSE
2017-09-09,Amundsen_Bellingshausen,3.71333533,-0.3989263283509277,0.3989263283509277,0.540312197173086,FALSE,FALSE
2017-09-10,Amundsen_Bellingshausen,3.680112827,-0.42786539005056,0.42786539005056,0.540312197173086,FALSE,FALSE
2017-09-11,Amundsen_Bellingshausen,3.643214044,-0.460377241135403,0.460377241135403,0.540312197173086,FALSE,FALSE
2017-09-12,Amundsen_Bellingshausen,3.682799483,-0.4162885371077101,0.4162885371077101,0.540312197173086,FALSE,FALSE
2017-09-13,Amundsen_Bellingshausen,3.761936518,-0.3325144214559157,0.3325144214559157,0.540312197173086,FALSE,FALSE
2017-09-14,Amundsen_Bellingshausen,3.781442869,-0.3082196916684534,0.3082196916684534,0.540312197173086,FALSE,FALSE
2017-09-15,Amundsen_Bellingshausen,3.794066456,-0.2906389452337712,0.2906389452337712,0.540312197173086,FALSE,FALSE
2017-09-16,Amundsen_Bellingshausen,3.799807347,-0.2797546316402979,0.2797546316402979,0.540312197173086,FALSE,FALSE
2017-09-17,Amundsen_Bellingshausen,3.804243971,-0.2699708393764748,0.2699708393764748,0.540312197173086,FALSE,FALSE
2017-09-18,Amundsen_Bellingshausen,3.782686098,-0.28596031593074134,0.28596031593074134,0.540312197173086,FALSE,FALSE
2017-09-19,Amundsen_Bellingshausen,3.775440729,-0.2873985777915302,0.2873985777915302,0.540312197173086,FALSE,FALSE
2017-09-20,Amundsen_Bellingshausen,3.775760136,-0.28101587044727916,0.28101587044727916,0.540312197173086,FALSE,FALSE
2017-09-21,Amundsen_Bellingshausen,3.749322016,-0.30111701438643035,0.30111701438643035,0.540312197173086,FALSE,FALSE
2017-09-22,Amundsen_Bellingshausen,3.736565853,-0.30724504309741896,0.30724504309741896,0.540312197173086,FALSE,FALSE
2017-09-23,Amundsen_Bellingshausen,3.719962996,-0.3169117061438702,0.3169117061438702,0.540312197173086,FALSE,FALSE
2017-09-24,Amundsen_Bellingshausen,3.699561441,-0.33005832715306216,0.33005832715306216,0.540312197173086,FALSE,FALSE
2017-09-25,Amundsen_Bellingshausen,3.684543591,-0.33749559654509165,0.33749559654509165,0.540312197173086,FALSE,FALSE
2017-09-26,Amundsen_Bellingshausen,3.659890534,-0.3542355726905462,0.3542355726905462,0.540312197173086,FALSE,FALSE
2017-09-27,Amundsen_Bellingshausen,3.658038236,-0.34783543596000355,0.34783543596000355,0.540312197173086,FALSE,FALSE
2017-09-28,Amundsen_Bellingshausen,3.634536489,-0.36273854072404754,0.36273854072404754,0.540312197173086,FALSE,FALSE
2017-09-29,Amundsen_Bellingshausen,3.64433717,-0.343986156353258,0.343986156353258,0.540312197173086,FALSE,FALSE
2017-09-30,Amundsen_Bellingshausen,3.668683,-0.31032870821822023,0.31032870821822023,0.540312197173086,FALSE,FALSE
2017-10-01,Amundsen_Bellingshausen,3.702298434,-0.26703488768951145,0.26703488768951145,0.540312197173086,FALSE,FALSE
2017-10-02,Amundsen_Bellingshausen,3.679056955,-0.28022435813771507,0.28022435813771507,0.540312197173086,FALSE,FALSE
2017-10-03,Amundsen_Bellingshausen,3.661708458,-0.28714037093341194,0.28714037093341194,0.540312197173086,FALSE,FALSE
2017-10-04,Amundsen_Bellingshausen,3.62697697,-0.31105204544718434,0.31105204544718434,0.540312197173086,FALSE,FALSE
2017-10-05,Amundsen_Bellingshausen,3.617112605,-0.3097024291578476,0.3097024291578476,0.540312197173086,FALSE,FALSE
2017-10-06,Amundsen_Bellingshausen,3.574987753,-0.3402305689106915,0.3402305689106915,0.540312197173086,FALSE,FALSE
2017-10-07,Amundsen_Bellingshausen,3.540392293,-0.3629117804424018,0.3629117804424018,0.540312197173086,FALSE,FALSE
2017-10-08,Amundsen_Bellingshausen,3.512855291,-0.3782920273898784,0.3782920273898784,0.540312197173086,FALSE,FALSE
2017-10-09,Amundsen_Bellingshausen,3.516676912,-0.36214617439002605,0.36214617439002605,0.540312197173086,FALSE,FALSE
2017-10-10,Amundsen_Bellingshausen,3.537926204,-0.3284802030797507,0.3284802030797507,0.540312197173086,FALSE,FALSE
2017-10-11,Amundsen_Bellingshausen,3.551857855,-0.30211445509595336,0.30211445509595336,0.540312197173086,FALSE,FALSE
2017-10-12,Amundsen_Bellingshausen,3.599384008,-0.24221181707553763,0.24221181707553763,0.540312197173086,FALSE,FALSE
2017-10-13,Amundsen_Bellingshausen,3.612085455,-0.21726652665540813,0.21726652665540813,0.540312197173086,FALSE,FALSE
2017-10-14,Amundsen_Bellingshausen,3.607754744,-0.20956106547246467,0.20956106547246467,0.540312197173086,FALSE,FALSE
2017-10-15,Amundsen_Bellingshausen,3.590573305,-0.2149890331636155,0.2149890331636155,0.540312197173086,FALSE,FALSE
2017-10-16,Amundsen_Bellingshausen,3.586751278,-0.20741531936576196,0.20741531936576196,0.540312197173086,FALSE,FALSE
2017-10-17,Amundsen_Bellingshausen,3.57494176,-0.20826185671580655,0.20826185671580655,0.540312197173086,FALSE,FALSE
2017-10-18,Amundsen_Bellingshausen,3.58587724,-0.1868678934116779,0.1868678934116779,0.540312197173086,FALSE,FALSE
2017-10-19,Amundsen_Bellingshausen,3.629621817,-0.133171137222996,0.133171137222996,0.540312197173086,FALSE,FALSE
2017-10-20,Amundsen_Bellingshausen,3.667091752,-0.08619027936072943,0.08619027936072943,0.540312197173086,FALSE,FALSE
2017-10-21,Amundsen_Bellingshausen,3.686111691,-0.05803294916101853,0.05803294916101853,0.540312197173086,FALSE,FALSE
2017-10-22,Amundsen_Bellingshausen,3.684738305,-0.05057475096000274,0.05057475096000274,0.540312197173086,FALSE,FALSE
2017-10-23,Amundsen_Bellingshausen,3.673856479,-0.05286307509381949,0.05286307509381949,0.540312197173086,FALSE,FALSE
2017-10-24,Amundsen_Bellingshausen,3.64241849,-0.07587791989861126,0.07587791989861126,0.540312197173086,FALSE,FALSE
2017-10-25,Amundsen_Bellingshausen,3.604158248,-0.10581765071051574,0.10581765071051574,0.540312197173086,FALSE,FALSE
2017-10-26,Amundsen_Bellingshausen,3.596390458,-0.10529983786567332,0.10529983786567332,0.540312197173086,FALSE,FALSE
2017-10-27,Amundsen_Bellingshausen,3.604263299,-0.08910857770022185,0.08910857770022185,0.540312197173086,FALSE,FALSE
2017-10-28,Amundsen_Bellingshausen,3.616763583,-0.06818933355030321,0.06818933355030321,0.540312197173086,FALSE,FALSE
2017-10-29,Amundsen_Bellingshausen,3.637117288,-0.03924840275205543,0.03924840275205543,0.540312197173086,FALSE,FALSE
2017-10-30,Amundsen_Bellingshausen,3.639427477,-0.02811499764161729,0.02811499764161729,0.540312197173086,FALSE,FALSE
2017-10-31,Amundsen_Bellingshausen,3.624731941,-0.033694628016149857,0.033694628016149857,0.540312197173086,FALSE,FALSE
2017-11-01,Amundsen_Bellingshausen,3.617388675,-0.03162686938603309,0.03162686938603309,0.540312197173086,FALSE,FALSE
2017-11-02,Amundsen_Bellingshausen,3.615789408,-0.02353423280868671,0.02353423280868671,0.540312197173086,FALSE,FALSE
2017-11-03,Amundsen_Bellingshausen,3.641553337,0.01218823417725012,0.01218823417725012,0.540312197173086,FALSE,FALSE
2017-11-04,Amundsen_Bellingshausen,3.655858303,0.03670412803314349,0.03670412803314349,0.540312197173086,FALSE,FALSE
2017-11-05,Amundsen_Bellingshausen,3.695441739,0.08673663722035663,0.08673663722035663,0.540312197173086,FALSE,FALSE
2017-11-06,Amundsen_Bellingshausen,3.709852496,0.11182036820025588,0.11182036820025588,0.540312197173086,FALSE,FALSE
2017-11-07,Amundsen_Bellingshausen,3.705658878,0.11850938043420278,0.11850938043420278,0.540312197173086,FALSE,FALSE
2017-11-08,Amundsen_Bellingshausen,3.707143501,0.1310720453835641,0.1310720453835641,0.540312197173086,FALSE,FALSE
2017-11-09,Amundsen_Bellingshausen,3.688788702,0.1239764555097067,0.1239764555097067,0.540312197173086,FALSE,FALSE
2017-11-10,Amundsen_Bellingshausen,3.655091518,0.10170540327399193,0.10170540327399193,0.540312197173086,FALSE,FALSE
2017-11-11,Amundsen_Bellingshausen,3.645154572,0.10334726713778464,0.10334726713778464,0.540312197173086,FALSE,FALSE
2017-11-12,Amundsen_Bellingshausen,3.609758002,0.0796679197414818,0.0796679197414818,0.540312197173086,FALSE,FALSE
2017-11-13,Amundsen_Bellingshausen,3.585101013,0.06685114893036337,0.06685114893036337,0.540312197173086,FALSE,FALSE
2017-11-14,Amundsen_Bellingshausen,3.548572421,0.04226862216130422,0.04226862216130422,0.540312197173086,FALSE,FALSE
2017-11-15,Amundsen_Bellingshausen,3.529285579,0.03501640108017012,0.03501640108017012,0.540312197173086,FALSE,FALSE
2017-11-16,Amundsen_Bellingshausen,3.510909302,0.02874600933281756,0.02874600933281756,0.540312197173086,FALSE,FALSE
2017-11-17,Amundsen_Bellingshausen,3.528987565,0.05898413056510954,0.05898413056510954,0.540312197173086,FALSE,FALSE
2017-11-18,Amundsen_Bellingshausen,3.495481091,0.03767419642290504,0.03767419642290504,0.540312197173086,FALSE,FALSE
2017-11-19,Amundsen_Bellingshausen,3.466426238,0.02083527355206715,0.02083527355206715,0.540312197173086,FALSE,FALSE
2017-11-20,Amundsen_Bellingshausen,3.443024177,0.00965124159845265,0.00965124159845265,0.540312197173086,FALSE,FALSE
2017-11-21,Amundsen_Bellingshausen,3.443893305,0.022723206207925,0.022723206207925,0.540312197173086,FALSE,FALSE
2017-11-22,Amundsen_Bellingshausen,3.451448372,0.04244862602634614,0.04244862602634614,0.540312197173086,FALSE,FALSE
2017-11-23,Amundsen_Bellingshausen,3.4370345,0.04015533169957353,0.04015533169957353,0.540312197173086,FALSE,FALSE
2017-11-24,Amundsen_Bellingshausen,3.429296722,0.04447106487346852,0.04447106487346852,0.540312197173086,FALSE,FALSE
2017-11-25,Amundsen_Bellingshausen,3.419054471,0.04620270549801209,0.04620270549801209,0.540312197173086,FALSE,FALSE
2017-11-26,Amundsen_Bellingshausen,3.415725385,0.05479541430554091,0.05479541430554091,0.540312197173086,FALSE,FALSE
2017-11-27,Amundsen_Bellingshausen,3.408311637,0.05929903817073656,0.05929903817073656,0.540312197173086,FALSE,FALSE
2017-11-28,Amundsen_Bellingshausen,3.418533094,0.08148127060148891,0.08148127060148891,0.540312197173086,FALSE,FALSE
2017-11-29,Amundsen_Bellingshausen,3.402659674,0.07765985610567672,0.07765985610567672,0.540312197173086,FALSE,FALSE
2017-11-30,Amundsen_Bellingshausen,3.382189987,0.06938123119118478,0.06938123119118478,0.540312197173086,FALSE,FALSE
2017-12-01,Amundsen_Bellingshausen,3.386503175,0.08607236436589671,0.08607236436589671,0.540312197173086,FALSE,FALSE
2017-12-02,Amundsen_Bellingshausen,3.384684368,0.0968662121376953,0.0968662121376953,0.540312197173086,FALSE,FALSE
2017-12-03,Amundsen_Bellingshausen,3.374179331,0.09925636601446408,0.09925636601446408,0.540312197173086,FALSE,FALSE
2017-12-04,Amundsen_Bellingshausen,3.368041997,0.10634458550408832,0.10634458550408832,0.540312197173086,FALSE,FALSE
2017-12-05,Amundsen_Bellingshausen,3.345432022,0.0973383531144485,0.0973383531144485,0.540312197173086,FALSE,FALSE
2017-12-06,Amundsen_Bellingshausen,3.332553486,0.0984895753534314,0.0984895753534314,0.540312197173086,FALSE,FALSE
2017-12-07,Amundsen_Bellingshausen,3.282294451,0.06273421149473446,0.06273421149473446,0.540312197173086,FALSE,FALSE
2017-12-08,Amundsen_Bellingshausen,3.309631388,0.10511859778576003,0.10511859778576003,0.540312197173086,FALSE,FALSE
2017-12-09,Amundsen_Bellingshausen,3.329146304,0.14034758516031198,0.14034758516031198,0.540312197173086,FALSE,FALSE
2017-12-10,Amundsen_Bellingshausen,3.283804697,0.11151734168528328,0.11151734168528328,0.540312197173086,FALSE,FALSE
2017-12-11,Amundsen_Bellingshausen,3.234915714,0.08006768442757028,0.08006768442757028,0.540312197173086,FALSE,FALSE
2017-12-12,Amundsen_Bellingshausen,3.159272844,0.02292277245406371,0.02292277245406371,0.540312197173086,FALSE,FALSE
2017-12-13,Amundsen_Bellingshausen,3.115325766,-0.00133704516833654,0.00133704516833654,0.540312197173086,FALSE,FALSE
2017-12-14,Amundsen_Bellingshausen,3.065852918,-0.02980266037274326,0.02980266037274326,0.540312197173086,FALSE,FALSE
2017-12-15,Amundsen_Bellingshausen,3.04332995,-0.02986775309225731,0.02986775309225731,0.540312197173086,FALSE,FALSE
2017-12-16,Amundsen_Bellingshausen,3.008391007,-0.04076750825998454,0.04076750825998454,0.540312197173086,FALSE,FALSE
2017-12-17,Amundsen_Bellingshausen,2.986068662,-0.03733868280903252,0.03733868280903252,0.540312197173086,FALSE,FALSE
2017-12-18,Amundsen_Bellingshausen,2.943121796,-0.05269172567250635,0.05269172567250635,0.540312197173086,FALSE,FALSE
2017-12-19,Amundsen_Bellingshausen,2.889836846,-0.07640952978351079,0.07640952978351079,0.540312197173086,FALSE,FALSE
2017-12-20,Amundsen_Bellingshausen,2.857484679,-0.0771005029415952,0.0771005029415952,0.540312197173086,FALSE,FALSE
2017-12-21,Amundsen_Bellingshausen,2.780271905,-0.12059455745386805,0.12059455745386805,0.540312197173086,FALSE,FALSE
2017-12-22,Amundsen_Bellingshausen,2.734360423,-0.13089183488985243,0.13089183488985243,0.540312197173086,FALSE,FALSE
2017-12-23,Amundsen_Bellingshausen,2.646571429,-0.18133667762675465,0.18133667762675465,0.540312197173086,FALSE,FALSE
2017-12-24,Amundsen_Bellingshausen,2.556239059,-0.2327604880417944,0.2327604880417944,0.540312197173086,FALSE,FALSE
2017-12-25,Amundsen_Bellingshausen,2.456206689,-0.2924854285121823,0.2924854285121823,0.540312197173086,FALSE,FALSE
2017-12-26,Amundsen_Bellingshausen,2.356341868,-0.35080948841513093,0.35080948841513093,0.540312197173086,FALSE,FALSE
2017-12-27,Amundsen_Bellingshausen,2.287332998,-0.37720980412785066,0.37720980412785066,0.540312197173086,FALSE,FALSE
2017-12-28,Amundsen_Bellingshausen,2.240432489,-0.38059950402756026,0.38059950402756026,0.540312197173086,FALSE,FALSE
2017-12-29,Amundsen_Bellingshausen,2.190206891,-0.38657757649147095,0.38657757649147095,0.540312197173086,FALSE,FALSE
2017-12-30,Amundsen_Bellingshausen,2.125796591,-0.4061691728967895,0.4061691728967895,0.540312197173086,FALSE,FALSE
2017-12-31,Amundsen_Bellingshausen,2.105849357,-0.38089206362073647,0.38089206362073647,0.540312197173086,FALSE,FALSE
2018-01-01,Amundsen_Bellingshausen,2.083807737,-0.3574692390405243,0.3574692390405243,0.540312197173086,FALSE,FALSE
2018-01-02,Amundsen_Bellingshausen,2.059338345,-0.33639286552732894,0.33639286552732894,0.540312197173086,FALSE,FALSE
2018-01-03,Amundsen_Bellingshausen,2.010051431,-0.3401844414281885,0.3401844414281885,0.540312197173086,FALSE,FALSE
2018-01-04,Amundsen_Bellingshausen,1.99038104,-0.3145349120840959,0.3145349120840959,0.540312197173086,FALSE,FALSE
2018-01-05,Amundsen_Bellingshausen,1.967233092,-0.2926633478360612,0.2926633478360612,0.540312197173086,FALSE,FALSE
2018-01-06,Amundsen_Bellingshausen,1.944356837,-0.2709454890250793,0.2709454890250793,0.540312197173086,FALSE,FALSE
2018-01-07,Amundsen_Bellingshausen,1.898286066,-0.27297253499215457,0.27297253499215457,0.540312197173086,FALSE,FALSE
2018-01-08,Amundsen_Bellingshausen,1.854840023,-0.2730502320782864,0.2730502320782864,0.540312197173086,FALSE,FALSE
2018-01-09,Amundsen_Bellingshausen,1.774181427,-0.3111408516244747,0.3111408516244747,0.540312197173086,FALSE,FALSE
2018-01-10,Amundsen_Bellingshausen,1.72485594,-0.31882372197171915,0.31882372197171915,0.540312197173086,FALSE,FALSE
2018-01-11,Amundsen_Bellingshausen,1.678432979,-0.32465441646102233,0.32465441646102233,0.540312197173086,FALSE,FALSE
2018-01-12,Amundsen_Bellingshausen,1.631817087,-0.33185338243338447,0.33185338243338447,0.540312197173086,FALSE,FALSE
2018-01-13,Amundsen_Bellingshausen,1.57155872,-0.35399515422980365,0.35399515422980365,0.540312197173086,FALSE,FALSE
2018-01-14,Amundsen_Bellingshausen,1.550226131,-0.33863451337690154,0.33863451337690154,0.540312197173086,FALSE,FALSE
2018-01-15,Amundsen_Bellingshausen,1.521296489,-0.3323471413190444,0.3323471413190444,0.540312197173086,FALSE,FALSE
2018-01-16,Amundsen_Bellingshausen,1.505756033,-0.31411172387295205,0.31411172387295205,0.540312197173086,FALSE,FALSE
2018-01-17,Amundsen_Bellingshausen,1.480751851,-0.3067405371400227,0.3067405371400227,0.540312197173086,FALSE,FALSE
2018-01-18,Amundsen_Bellingshausen,1.451379235,-0.3050976532216574,0.3050976532216574,0.540312197173086,FALSE,FALSE
2018-01-19,Amundsen_Bellingshausen,1.421408229,-0.3053723922192555,0.3053723922192555,0.540312197173086,FALSE,FALSE
2018-01-20,Amundsen_Bellingshausen,1.392937427,-0.305425524234219,0.305425524234219,0.540312197173086,FALSE,FALSE
2018-01-21,Amundsen_Bellingshausen,1.368472676,-0.30271056636794524,0.30271056636794524,0.540312197173086,FALSE,FALSE
2018-01-22,Amundsen_Bellingshausen,1.355638809,-0.2895620497218361,0.2895620497218361,0.540312197173086,FALSE,FALSE
2018-01-23,Amundsen_Bellingshausen,1.357937475,-0.26243768939729195,0.26243768939729195,0.540312197173086,FALSE,FALSE
2018-01-24,Amundsen_Bellingshausen,1.350819268,-0.2458462554957108,0.2458462554957108,0.540312197173086,FALSE,FALSE
2018-01-25,Amundsen_Bellingshausen,1.333676373,-0.24035492711849504,0.24035492711849504,0.540312197173086,FALSE,FALSE
2018-01-26,Amundsen_Bellingshausen,1.312069439,-0.24036241936704328,0.24036241936704328,0.540312197173086,FALSE,FALSE
2018-01-27,Amundsen_Bellingshausen,1.297536721,-0.2342920454676447,0.2342920454676447,0.540312197173086,FALSE,FALSE
2018-01-28,Amundsen_Bellingshausen,1.280838256,-0.2313602573794515,0.2313602573794515,0.540312197173086,FALSE,FALSE
2018-01-29,Amundsen_Bellingshausen,1.279538352,-0.21398542304527668,0.21398542304527668,0.540312197173086,FALSE,FALSE
2018-01-30,Amundsen_Bellingshausen,1.271665302,-0.2041219453381773,0.2041219453381773,0.540312197173086,FALSE,FALSE
2018-01-31,Amundsen_Bellingshausen,1.262535235,-0.1964363911312037,0.1964363911312037,0.540312197173086,FALSE,FALSE
2018-02-01,Amundsen_Bellingshausen,1.244440414,-0.1986191932974104,0.1986191932974104,0.540312197173086,FALSE,FALSE
2018-02-02,Amundsen_Bellingshausen,1.230685058,-0.19734882870985104,0.19734882870985104,0.540312197173086,FALSE,FALSE
2018-02-03,Amundsen_Bellingshausen,1.220313983,-0.19356317724157737,0.19356317724157737,0.540312197173086,FALSE,FALSE
2018-02-04,Amundsen_Bellingshausen,1.203387918,-0.1971842057656421,0.1971842057656421,0.540312197173086,FALSE,FALSE
2018-02-05,Amundsen_Bellingshausen,1.177804512,-0.21029696115510088,0.21029696115510088,0.540312197173086,FALSE,FALSE
2018-02-06,Amundsen_Bellingshausen,1.173161448,-0.2032864562830048,0.2032864562830048,0.540312197173086,FALSE,FALSE
2018-02-07,Amundsen_Bellingshausen,1.16476656,-0.2008275530224073,0.2008275530224073,0.540312197173086,FALSE,FALSE
2018-02-08,Amundsen_Bellingshausen,1.155484851,-0.20003802982079644,0.20003802982079644,0.540312197173086,FALSE,FALSE
2018-02-09,Amundsen_Bellingshausen,1.132362756,-0.21386553094670743,0.21386553094670743,0.540312197173086,FALSE,FALSE
2018-02-10,Amundsen_Bellingshausen,1.156381847,-0.1813450323213208,0.1813450323213208,0.540312197173086,FALSE,FALSE
2018-02-11,Amundsen_Bellingshausen,1.153869155,-0.17616870741555624,0.17616870741555624,0.540312197173086,FALSE,FALSE
2018-02-12,Amundsen_Bellingshausen,1.146694474,-0.17648596670033578,0.17648596670033578,0.540312197173086,FALSE,FALSE
2018-02-13,Amundsen_Bellingshausen,1.144511204,-0.17266261464658084,0.17266261464658084,0.540312197173086,FALSE,FALSE
2018-02-14,Amundsen_Bellingshausen,1.1467466100000001,-0.1652905907252109,0.1652905907252109,0.540312197173086,FALSE,FALSE
2018-02-15,Amundsen_Bellingshausen,1.122526414,-0.1852633774071488,0.1852633774071488,0.540312197173086,FALSE,FALSE
2018-02-16,Amundsen_Bellingshausen,1.123005642,-0.1814451531633159,0.1814451531633159,0.540312197173086,FALSE,FALSE
2018-02-17,Amundsen_Bellingshausen,1.123645527,-0.17839388946463108,0.17839388946463108,0.540312197173086,FALSE,FALSE
2018-02-18,Amundsen_Bellingshausen,1.113554842,-0.1870200177820169,0.1870200177820169,0.540312197173086,FALSE,FALSE
2018-02-19,Amundsen_Bellingshausen,1.109948536,-0.19012779358639564,0.19012779358639564,0.540312197173086,FALSE,FALSE
2018-02-20,Amundsen_Bellingshausen,1.156710835,-0.14385219534868643,0.14385219534868643,0.540312197173086,FALSE,FALSE
2018-02-21,Amundsen_Bellingshausen,1.224971414,-0.07707942960350467,0.07707942960350467,0.540312197173086,FALSE,FALSE
2018-02-22,Amundsen_Bellingshausen,1.24197808,-0.06253728482457821,0.06253728482457821,0.540312197173086,FALSE,FALSE
2018-02-23,Amundsen_Bellingshausen,1.259372395,-0.04853299443991887,0.04853299443991887,0.540312197173086,FALSE,FALSE
2018-02-24,Amundsen_Bellingshausen,1.277565846,-0.03460338241386207,0.03460338241386207,0.540312197173086,FALSE,FALSE
2018-02-25,Amundsen_Bellingshausen,1.276212682,-0.04104251071075016,0.04104251071075016,0.540312197173086,FALSE,FALSE
2018-02-26,Amundsen_Bellingshausen,1.272863208,-0.05024838529492137,0.05024838529492137,0.540312197173086,FALSE,FALSE
2018-02-27,Amundsen_Bellingshausen,1.282892153,-0.04679458813071568,0.04679458813071568,0.540312197173086,FALSE,FALSE
2018-02-28,Amundsen_Bellingshausen,1.317231165,-0.01969778218247087,0.01969778218247087,0.540312197173086,FALSE,FALSE
2018-03-01,Amundsen_Bellingshausen,1.337962633,-0.0068238894145276,0.0068238894145276,0.540312197173086,FALSE,FALSE
2018-03-02,Amundsen_Bellingshausen,1.342329404,-0.01087837379122524,0.01087837379122524,0.540312197173086,FALSE,FALSE
2018-03-03,Amundsen_Bellingshausen,1.350308736,-0.0118322882769033,0.0118322882769033,0.540312197173086,FALSE,FALSE
2018-03-04,Amundsen_Bellingshausen,1.36645278,-0.00508179283589993,0.00508179283589993,0.540312197173086,FALSE,FALSE
2018-03-05,Amundsen_Bellingshausen,1.371972512,-0.00936422575963225,0.00936422575963225,0.540312197173086,FALSE,FALSE
2018-03-06,Amundsen_Bellingshausen,1.377895887,-0.01361232264969936,0.01361232264969936,0.540312197173086,FALSE,FALSE
2018-03-07,Amundsen_Bellingshausen,1.378937439,-0.02311253267249791,0.02311253267249791,0.540312197173086,FALSE,FALSE
2018-03-08,Amundsen_Bellingshausen,1.391590652,-0.02138054085125018,0.02138054085125018,0.540312197173086,FALSE,FALSE
2018-03-09,Amundsen_Bellingshausen,1.417335434,-0.00694560820918055,0.00694560820918055,0.540312197173086,FALSE,FALSE
2018-03-10,Amundsen_Bellingshausen,1.43568148,-3.072087695112913e-4,3.072087695112913e-4,0.540312197173086,FALSE,FALSE
2018-03-11,Amundsen_Bellingshausen,1.438825292,-0.00927800955546609,0.00927800955546609,0.540312197173086,FALSE,FALSE
2018-03-12,Amundsen_Bellingshausen,1.433652727,-0.02698132259026842,0.02698132259026842,0.540312197173086,FALSE,FALSE
2018-03-13,Amundsen_Bellingshausen,1.433750866,-0.03983923589714333,0.03983923589714333,0.540312197173086,FALSE,FALSE
2018-03-14,Amundsen_Bellingshausen,1.425873465,-0.06110716249931114,0.06110716249931114,0.540312197173086,FALSE,FALSE
2018-03-15,Amundsen_Bellingshausen,1.412571743,-0.08824305241999664,0.08824305241999664,0.540312197173086,FALSE,FALSE
2018-03-16,Amundsen_Bellingshausen,1.422979522,-0.0921222526824248,0.0921222526824248,0.540312197173086,FALSE,FALSE
2018-03-17,Amundsen_Bellingshausen,1.440248288,-0.08960244630981662,0.08960244630981662,0.540312197173086,FALSE,FALSE
2018-03-18,Amundsen_Bellingshausen,1.469112608,-0.07595774454343807,0.07595774454343807,0.540312197173086,FALSE,FALSE
2018-03-19,Amundsen_Bellingshausen,1.490195261,-0.07056178941667968,0.07056178941667968,0.540312197173086,FALSE,FALSE
2018-03-20,Amundsen_Bellingshausen,1.488301714,-0.08859271382083023,0.08859271382083023,0.540312197173086,FALSE,FALSE
2018-03-21,Amundsen_Bellingshausen,1.494818707,-0.09864677400683308,0.09864677400683308,0.540312197173086,FALSE,FALSE
2018-03-22,Amundsen_Bellingshausen,1.501856962,-0.10859624422563252,0.10859624422563252,0.540312197173086,FALSE,FALSE
2018-03-23,Amundsen_Bellingshausen,1.494227968,-0.13361263172817206,0.13361263172817206,0.540312197173086,FALSE,FALSE
2018-03-24,Amundsen_Bellingshausen,1.488035028,-0.15757562976539252,0.15757562976539252,0.540312197173086,FALSE,FALSE
2018-03-25,Amundsen_Bellingshausen,1.488993025,-0.17475335158824024,0.17475335158824024,0.540312197173086,FALSE,FALSE
2018-03-26,Amundsen_Bellingshausen,1.482354411,-0.19987634144765787,0.19987634144765787,0.540312197173086,FALSE,FALSE
2018-03-27,Amundsen_Bellingshausen,1.460662808,-0.2403839735945872,0.2403839735945872,0.540312197173086,FALSE,FALSE
2018-03-28,Amundsen_Bellingshausen,1.431169354,-0.2890081062799732,0.2890081062799732,0.540312197173086,FALSE,FALSE
2018-03-29,Amundsen_Bellingshausen,1.414942961,-0.3246628237547593,0.3246628237547593,0.540312197173086,FALSE,FALSE
2018-03-30,Amundsen_Bellingshausen,1.412735091,-0.34657966026988807,0.34657966026988807,0.540312197173086,FALSE,FALSE
2018-03-31,Amundsen_Bellingshausen,1.399144207,-0.38014610870334775,0.38014610870334775,0.540312197173086,FALSE,FALSE
2018-04-01,Amundsen_Bellingshausen,1.415835685,-0.3836989263528907,0.3836989263528907,0.540312197173086,FALSE,FALSE
2018-04-02,Amundsen_Bellingshausen,1.440889733,-0.3791655381418504,0.3791655381418504,0.540312197173086,FALSE,FALSE
2018-04-03,Amundsen_Bellingshausen,1.434699534,-0.4061603985401019,0.4061603985401019,0.540312197173086,FALSE,FALSE
2018-04-04,Amundsen_Bellingshausen,1.442193346,-0.41976288701751785,0.41976288701751785,0.540312197173086,FALSE,FALSE
2018-04-05,Amundsen_Bellingshausen,1.451511173,-0.4318406370439729,0.4318406370439729,0.540312197173086,FALSE,FALSE
2018-04-06,Amundsen_Bellingshausen,1.470041394,-0.4350129070893354,0.4350129070893354,0.540312197173086,FALSE,FALSE
2018-04-07,Amundsen_Bellingshausen,1.509935436,-0.4171359076234822,0.4171359076234822,0.540312197173086,FALSE,FALSE
2018-04-08,Amundsen_Bellingshausen,1.547261326,-0.4021492491162824,0.4021492491162824,0.540312197173086,FALSE,FALSE
2018-04-09,Amundsen_Bellingshausen,1.572676093,-0.3994035400376114,0.3994035400376114,0.540312197173086,FALSE,FALSE
2018-04-10,Amundsen_Bellingshausen,1.583169566,-0.4119165888573424,0.4119165888573424,0.540312197173086,FALSE,FALSE
2018-04-11,Amundsen_Bellingshausen,1.578114579,-0.4403231990453469,0.4403231990453469,0.540312197173086,FALSE,FALSE
2018-04-12,Amundsen_Bellingshausen,1.581432389,-0.46070970196473016,0.46070970196473016,0.540312197173086,FALSE,FALSE
2018-04-13,Amundsen_Bellingshausen,1.608533933,-0.45766924912790286,0.45766924912790286,0.540312197173086,FALSE,FALSE
2018-04-14,Amundsen_Bellingshausen,1.623650415,-0.466968955574788,0.466968955574788,0.540312197173086,FALSE,FALSE
2018-04-15,Amundsen_Bellingshausen,1.609427873,-0.5059605634507474,0.5059605634507474,0.540312197173086,FALSE,FALSE
2018-04-16,Amundsen_Bellingshausen,1.609650979,-0.5308571809011533,0.5308571809011533,0.540312197173086,FALSE,FALSE
2018-04-17,Amundsen_Bellingshausen,1.644147035,-0.5218292860713678,0.5218292860713678,0.540312197173086,FALSE,FALSE
2018-04-18,Amundsen_Bellingshausen,1.6365898,-0.5552009001067566,0.5552009001067566,0.540312197173086,TRUE,TRUE
2018-04-19,Amundsen_Bellingshausen,1.637674775,-0.5802743021526886,0.5802743021526886,0.540312197173086,TRUE,TRUE
2018-04-20,Amundsen_Bellingshausen,1.632572501,-0.6118767313545288,0.6118767313545288,0.540312197173086,TRUE,TRUE
2018-04-21,Amundsen_Bellingshausen,1.649252327,-0.6220366188576445,0.6220366188576445,0.540312197173086,TRUE,TRUE
2018-04-22,Amundsen_Bellingshausen,1.664132837,-0.6343331608073997,0.6343331608073997,0.540312197173086,TRUE,TRUE
2018-04-23,Amundsen_Bellingshausen,1.702360809,-0.623617359349161,0.623617359349161,0.540312197173086,TRUE,TRUE
2018-04-24,Amundsen_Bellingshausen,1.756157416,-0.5976658216282964,0.5976658216282964,0.540312197173086,TRUE,TRUE
2018-04-25,Amundsen_Bellingshausen,1.818605155,-0.563389489622234,0.563389489622234,0.540312197173086,TRUE,TRUE
2018-04-26,Amundsen_Bellingshausen,1.856684158,-0.5537604402288199,0.5537604402288199,0.540312197173086,TRUE,TRUE
2018-04-27,Amundsen_Bellingshausen,1.901964586,-0.5371379373627945,0.5371379373627945,0.540312197173086,FALSE,FALSE
2018-04-28,Amundsen_Bellingshausen,1.943475811,-0.5244217939347913,0.5244217939347913,0.540312197173086,FALSE,FALSE
2018-04-29,Amundsen_Bellingshausen,1.959851195,-0.5369078328554486,0.5369078328554486,0.540312197173086,FALSE,FALSE
2018-04-30,Amundsen_Bellingshausen,1.999422998,-0.5261929790354056,0.5261929790354056,0.540312197173086,FALSE,FALSE
2018-05-01,Amundsen_Bellingshausen,2.008061946,-0.5463356913852992,0.5463356913852992,0.540312197173086,TRUE,TRUE
2018-05-02,Amundsen_Bellingshausen,2.006156919,-0.576876274815767,0.576876274815767,0.540312197173086,TRUE,TRUE
2018-05-03,Amundsen_Bellingshausen,2.007127667,-0.6043241642374446,0.6043241642374446,0.540312197173086,TRUE,TRUE
2018-05-04,Amundsen_Bellingshausen,2.033414474,-0.6061682605609668,0.6061682605609668,0.540312197173086,TRUE,TRUE
2018-05-05,Amundsen_Bellingshausen,2.098778889,-0.5685761996969765,0.5685761996969765,0.540312197173086,TRUE,TRUE
2018-05-06,Amundsen_Bellingshausen,2.159006848,-0.5356912305561061,0.5356912305561061,0.540312197173086,FALSE,FALSE
2018-05-07,Amundsen_Bellingshausen,2.231326369,-0.4902145590321232,0.4902145590321232,0.540312197173086,FALSE,FALSE
2018-05-08,Amundsen_Bellingshausen,2.266404487,-0.48143010772089934,0.48143010772089934,0.540312197173086,FALSE,FALSE
2018-05-09,Amundsen_Bellingshausen,2.335128902,-0.4384589778686392,0.4384589778686392,0.540312197173086,FALSE,FALSE
2018-05-10,Amundsen_Bellingshausen,2.417397883,-0.38142121908640014,0.38142121908640014,0.540312197173086,FALSE,FALSE
2018-05-11,Amundsen_Bellingshausen,2.509914242,-0.3136323379852435,0.3136323379852435,0.540312197173086,FALSE,FALSE
2018-05-12,Amundsen_Bellingshausen,2.590341067,-0.25744756517622625,0.25744756517622625,0.540312197173086,FALSE,FALSE
2018-05-13,Amundsen_Bellingshausen,2.654080995,-0.21748258227040784,0.21748258227040784,0.540312197173086,FALSE,FALSE
2018-05-14,Amundsen_Bellingshausen,2.682907826,-0.2119819078788514,0.2119819078788514,0.540312197173086,FALSE,FALSE
2018-05-15,Amundsen_Bellingshausen,2.72909684,-0.18868858061261395,0.18868858061261395,0.540312197173086,FALSE,FALSE
2018-05-16,Amundsen_Bellingshausen,2.768951579,-0.17131737708275407,0.17131737708275407,0.540312197173086,FALSE,FALSE
2018-05-17,Amundsen_Bellingshausen,2.800538167,-0.161820491900333,0.161820491900333,0.540312197173086,FALSE,FALSE
2018-05-18,Amundsen_Bellingshausen,2.857665514,-0.12640733367640955,0.12640733367640955,0.540312197173086,FALSE,FALSE
2018-05-19,Amundsen_Bellingshausen,2.898098194,-0.1073316470220429,0.1073316470220429,0.540312197173086,FALSE,FALSE
2018-05-20,Amundsen_Bellingshausen,2.916033997,-0.11041389893895516,0.11041389893895516,0.540312197173086,FALSE,FALSE
2018-05-21,Amundsen_Bellingshausen,2.907227217,-0.13991692822392032,0.13991692822392032,0.540312197173086,FALSE,FALSE
2018-05-22,Amundsen_Bellingshausen,2.878632429,-0.18890231047407413,0.18890231047407413,0.540312197173086,FALSE,FALSE
2018-05-23,Amundsen_Bellingshausen,2.865798518,-0.22183727824072672,0.22183727824072672,0.540312197173086,FALSE,FALSE
2018-05-24,Amundsen_Bellingshausen,2.883119408,-0.22434402507518092,0.22434402507518092,0.540312197173086,FALSE,FALSE
2018-05-25,Amundsen_Bellingshausen,2.910651251,-0.2163825165287467,0.2163825165287467,0.540312197173086,FALSE,FALSE
2018-05-26,Amundsen_Bellingshausen,2.971167914,-0.17519500315273095,0.17519500315273095,0.540312197173086,FALSE,FALSE
2018-05-27,Amundsen_Bellingshausen,3.005836607,-0.1596303924984408,0.1596303924984408,0.540312197173086,FALSE,FALSE
2018-05-28,Amundsen_Bellingshausen,3.01683752,-0.1675246121171825,0.1675246121171825,0.540312197173086,FALSE,FALSE
2018-05-29,Amundsen_Bellingshausen,3.034971903,-0.16809252956026333,0.16809252956026333,0.540312197173086,FALSE,FALSE
2018-05-30,Amundsen_Bellingshausen,3.038223765,-0.18336625337899237,0.18336625337899237,0.540312197173086,FALSE,FALSE
2018-05-31,Amundsen_Bellingshausen,3.036932686,-0.203022321124676,0.203022321124676,0.540312197173086,FALSE,FALSE
2018-06-01,Amundsen_Bellingshausen,3.071677803,-0.18649771334862164,0.18649771334862164,0.540312197173086,FALSE,FALSE
2018-06-02,Amundsen_Bellingshausen,3.130921299,-0.14533819633274092,0.14533819633274092,0.540312197173086,FALSE,FALSE
2018-06-03,Amundsen_Bellingshausen,3.186235483,-0.1079431737101193,0.1079431737101193,0.540312197173086,FALSE,FALSE
2018-06-04,Amundsen_Bellingshausen,3.220704205,-0.09119046298808708,0.09119046298808708,0.540312197173086,FALSE,FALSE
2018-06-05,Amundsen_Bellingshausen,3.228147936,-0.10122126030187406,0.10122126030187406,0.540312197173086,FALSE,FALSE
2018-06-06,Amundsen_Bellingshausen,3.250154109,-0.09640979978671547,0.09640979978671547,0.540312197173086,FALSE,FALSE
2018-06-07,Amundsen_Bellingshausen,3.26393164,-0.09950883257784282,0.09950883257784282,0.540312197173086,FALSE,FALSE
2018-06-08,Amundsen_Bellingshausen,3.279441878,-0.10051867681048732,0.10051867681048732,0.540312197173086,FALSE,FALSE
2018-06-09,Amundsen_Bellingshausen,3.283490053,-0.1125957696198836,0.1125957696198836,0.540312197173086,FALSE,FALSE
2018-06-10,Amundsen_Bellingshausen,3.270444023,-0.1413339201412609,0.1413339201412609,0.540312197173086,FALSE,FALSE
2018-06-11,Amundsen_Bellingshausen,3.262099281,-0.1648993025098564,0.1648993025098564,0.540312197173086,FALSE,FALSE
2018-06-12,Amundsen_Bellingshausen,3.247430229,-0.19427918186090087,0.19427918186090087,0.540312197173086,FALSE,FALSE
2018-06-13,Amundsen_Bellingshausen,3.24595637,-0.2099157223296242,0.2099157223296242,0.540312197173086,FALSE,FALSE
2018-06-14,Amundsen_Bellingshausen,3.282223169,-0.18722614977675975,0.18722614977675975,0.540312197173086,FALSE,FALSE
2018-06-15,Amundsen_Bellingshausen,3.318526855,-0.16392205612859767,0.16392205612859767,0.540312197173086,FALSE,FALSE
2018-06-16,Amundsen_Bellingshausen,3.357500555,-0.1374400472452284,0.1374400472452284,0.540312197173086,FALSE,FALSE
2018-06-17,Amundsen_Bellingshausen,3.396280307,-0.11071830361191416,0.11071830361191416,0.540312197173086,FALSE,FALSE
2018-06-18,Amundsen_Bellingshausen,3.433622063,-0.08507509171391492,0.08507509171391492,0.540312197173086,FALSE,FALSE
2018-06-19,Amundsen_Bellingshausen,3.454048825,-0.0760616280364883,0.0760616280364883,0.540312197173086,FALSE,FALSE
2018-06-20,Amundsen_Bellingshausen,3.454588818,-0.08672390606489566,0.08672390606489566,0.540312197173086,FALSE,FALSE
2018-06-21,Amundsen_Bellingshausen,3.457711942,-0.09466624428439374,0.09466624428439374,0.540312197173086,FALSE,FALSE
2018-06-22,Amundsen_Bellingshausen,3.4657894910000002,-0.09759156718024407,0.09759156718024407,0.540312197173086,FALSE,FALSE
2018-06-23,Amundsen_Bellingshausen,3.470257831,-0.10413772723770488,0.10413772723770488,0.540312197173086,FALSE,FALSE
2018-06-24,Amundsen_Bellingshausen,3.468054244,-0.11744166094203744,0.11744166094203744,0.540312197173086,FALSE,FALSE
2018-06-25,Amundsen_Bellingshausen,3.488273764,-0.10848255277849894,0.10848255277849894,0.540312197173086,FALSE,FALSE
2018-06-26,Amundsen_Bellingshausen,3.547695528,-0.06055548423235102,0.06055548423235102,0.540312197173086,FALSE,FALSE
2018-06-27,Amundsen_Bellingshausen,3.567216466,-0.05282863335060561,0.05282863335060561,0.540312197173086,FALSE,FALSE
2018-06-28,Amundsen_Bellingshausen,3.583026917,-0.04910792610536108,0.04910792610536108,0.540312197173086,FALSE,FALSE
2018-06-29,Amundsen_Bellingshausen,3.583838299,-0.06064675236168959,0.06064675236168959,0.540312197173086,FALSE,FALSE
2018-06-30,Amundsen_Bellingshausen,3.582298219,-0.07476215124761465,0.07476215124761465,0.540312197173086,FALSE,FALSE
2018-07-01,Amundsen_Bellingshausen,3.5931750669999998,-0.07665037889115922,0.07665037889115922,0.540312197173086,FALSE,FALSE
2018-07-02,Amundsen_Bellingshausen,3.632993621,-0.04975130342034806,0.04975130342034806,0.540312197173086,FALSE,FALSE
2018-07-03,Amundsen_Bellingshausen,3.697798207,0.00201475503679571,0.00201475503679571,0.540312197173086,FALSE,FALSE
2018-07-04,Amundsen_Bellingshausen,3.730611684,0.02170600935225009,0.02170600935225009,0.540312197173086,FALSE,FALSE
2018-07-05,Amundsen_Bellingshausen,3.75517461,0.03309837139798732,0.03309837139798732,0.540312197173086,FALSE,FALSE
2018-07-06,Amundsen_Bellingshausen,3.758420899,0.02316110904598689,0.02316110904598689,0.540312197173086,FALSE,FALSE
2018-07-07,Amundsen_Bellingshausen,3.748252938,-1.6803683177357698e-4,1.6803683177357698e-4,0.540312197173086,FALSE,FALSE
2018-07-08,Amundsen_Bellingshausen,3.754477026,-0.00704741336332004,0.00704741336332004,0.540312197173086,FALSE,FALSE
2018-07-09,Amundsen_Bellingshausen,3.750167034,-0.02436783199008907,0.02436783199008907,0.540312197173086,FALSE,FALSE
2018-07-10,Amundsen_Bellingshausen,3.705343611,-0.08208038894451697,0.08208038894451697,0.540312197173086,FALSE,FALSE
2018-07-11,Amundsen_Bellingshausen,3.674363626,-0.12581541719665967,0.12581541719665967,0.540312197173086,FALSE,FALSE
2018-07-12,Amundsen_Bellingshausen,3.694500024,-0.11828921920413872,0.11828921920413872,0.540312197173086,FALSE,FALSE
2018-07-13,Amundsen_Bellingshausen,3.741269216,-0.08397463142457662,0.08397463142457662,0.540312197173086,FALSE,FALSE
2018-07-14,Amundsen_Bellingshausen,3.82834514,-0.00918696331559187,0.00918696331559187,0.540312197173086,FALSE,FALSE
2018-07-15,Amundsen_Bellingshausen,3.902460286,0.05281702766519469,0.05281702766519469,0.540312197173086,FALSE,FALSE
2018-07-16,Amundsen_Bellingshausen,3.937075064,0.07550850406015819,0.07550850406015819,0.540312197173086,FALSE,FALSE
2018-07-17,Amundsen_Bellingshausen,3.994512974,0.12122171841167972,0.12122171841167972,0.540312197173086,FALSE,FALSE
2018-07-18,Amundsen_Bellingshausen,4.018175623,0.13336903026214264,0.13336903026214264,0.540312197173086,FALSE,FALSE
2018-07-19,Amundsen_Bellingshausen,4.007906545,0.11180472615391812,0.11180472615391812,0.540312197173086,FALSE,FALSE
2018-07-20,Amundsen_Bellingshausen,3.967954008,0.06078782662938664,0.06078782662938664,0.540312197173086,FALSE,FALSE
2018-07-21,Amundsen_Bellingshausen,3.912476513,-0.00551241476906883,0.00551241476906883,0.540312197173086,FALSE,FALSE
2018-07-22,Amundsen_Bellingshausen,3.872248364,-0.05631066154499553,0.05631066154499553,0.540312197173086,FALSE,FALSE
2018-07-23,Amundsen_Bellingshausen,3.821937668,-0.11692391019244663,0.11692391019244663,0.540312197173086,FALSE,FALSE
2018-07-24,Amundsen_Bellingshausen,3.785629671,-0.16324920157560996,0.16324920157560996,0.540312197173086,FALSE,FALSE
2018-07-25,Amundsen_Bellingshausen,3.777533751,-0.18105938066654925,0.18105938066654925,0.540312197173086,FALSE,FALSE
2018-07-26,Amundsen_Bellingshausen,3.76564007,-0.20234650843732593,0.20234650843732593,0.540312197173086,FALSE,FALSE
2018-07-27,Amundsen_Bellingshausen,3.741965811,-0.23507562485999767,0.23507562485999767,0.540312197173086,FALSE,FALSE
2018-07-28,Amundsen_Bellingshausen,3.72671847,-0.2590214569066367,0.2590214569066367,0.540312197173086,FALSE,FALSE
2018-07-29,Amundsen_Bellingshausen,3.746971818,-0.2470924565492969,0.2470924565492969,0.540312197173086,FALSE,FALSE
2018-07-30,Amundsen_Bellingshausen,3.729768965,-0.2722277367600494,0.2722277367600494,0.540312197173086,FALSE,FALSE
2018-07-31,Amundsen_Bellingshausen,3.745758578,-0.263760853510949,0.263760853510949,0.540312197173086,FALSE,FALSE
2018-08-01,Amundsen_Bellingshausen,3.739669756,-0.2769449307740586,0.2769449307740586,0.540312197173086,FALSE,FALSE
2018-08-02,Amundsen_Bellingshausen,3.735098926,-0.2881657645214464,0.2881657645214464,0.540312197173086,FALSE,FALSE
2018-08-03,Amundsen_Bellingshausen,3.742412328,-0.2870393382526619,0.2870393382526619,0.540312197173086,FALSE,FALSE
2018-08-04,Amundsen_Bellingshausen,3.738481912,-0.2966901656006371,0.2966901656006371,0.540312197173086,FALSE,FALSE
2018-08-05,Amundsen_Bellingshausen,3.706171705,-0.3343020528600933,0.3343020528600933,0.540312197173086,FALSE,FALSE
2018-08-06,Amundsen_Bellingshausen,3.708542113,-0.3368740067970659,0.3368740067970659,0.540312197173086,FALSE,FALSE
2018-08-07,Amundsen_Bellingshausen,3.727497898,-0.32256067817760226,0.32256067817760226,0.540312197173086,FALSE,FALSE
2018-08-08,Amundsen_Bellingshausen,3.818422958,-0.23603758176774023,0.23603758176774023,0.540312197173086,FALSE,FALSE
2018-08-09,Amundsen_Bellingshausen,3.884971088,-0.1737103353335283,0.1737103353335283,0.540312197173086,FALSE,FALSE
2018-08-10,Amundsen_Bellingshausen,3.826274506,-0.23650613364100792,0.23650613364100792,0.540312197173086,FALSE,FALSE
2018-08-11,Amundsen_Bellingshausen,3.825407147,-0.2414104544562159,0.2414104544562159,0.540312197173086,FALSE,FALSE
2018-08-12,Amundsen_Bellingshausen,3.840884848,-0.2299668735452016,0.2299668735452016,0.540312197173086,FALSE,FALSE
2018-08-13,Amundsen_Bellingshausen,3.828888795,-0.24605361767400336,0.24605361767400336,0.540312197173086,FALSE,FALSE
2018-08-14,Amundsen_Bellingshausen,3.809615301,-0.269533786608668,0.269533786608668,0.540312197173086,FALSE,FALSE
2018-08-15,Amundsen_Bellingshausen,3.78075082,-0.3027803391152353,0.3027803391152353,0.540312197173086,FALSE,FALSE
2018-08-16,Amundsen_Bellingshausen,3.750227955,-0.33791792332025894,0.33791792332025894,0.540312197173086,FALSE,FALSE
2018-08-17,Amundsen_Bellingshausen,3.725661447,-0.3673248003477183,0.3673248003477183,0.540312197173086,FALSE,FALSE
2018-08-18,Amundsen_Bellingshausen,3.71076625,-0.3872054802710432,0.3872054802710432,0.540312197173086,FALSE,FALSE
2018-08-19,Amundsen_Bellingshausen,3.6821803,-0.4208374610883916,0.4208374610883916,0.540312197173086,FALSE,FALSE
2018-08-20,Amundsen_Bellingshausen,3.703988814,-0.4040509597979285,0.4040509597979285,0.540312197173086,FALSE,FALSE
2018-08-21,Amundsen_Bellingshausen,3.78529942,-0.32765378239782317,0.32765378239782317,0.540312197173086,FALSE,FALSE
2018-08-22,Amundsen_Bellingshausen,3.814110735,-0.3035627458862331,0.3035627458862331,0.540312197173086,FALSE,FALSE
2018-08-23,Amundsen_Bellingshausen,3.824076154,-0.2980398892613252,0.2980398892613252,0.540312197173086,FALSE,FALSE
2018-08-24,Amundsen_Bellingshausen,3.783054556,-0.34314176752126224,0.34314176752126224,0.540312197173086,FALSE,FALSE
2018-08-25,Amundsen_Bellingshausen,3.728472311,-0.40135744466420586,0.40135744466420586,0.540312197173086,FALSE,FALSE
2018-08-26,Amundsen_Bellingshausen,3.708087965,-0.4248438086883297,0.4248438086883297,0.540312197173086,FALSE,FALSE
2018-08-27,Amundsen_Bellingshausen,3.693346881,-0.4420709305917834,0.4420709305917834,0.540312197173086,FALSE,FALSE
2018-08-28,Amundsen_Bellingshausen,3.659811788,-0.4773915153727435,0.4773915153727435,0.540312197173086,FALSE,FALSE
2018-08-29,Amundsen_Bellingshausen,3.642985927,-0.49523274750638,0.49523274750638,0.540312197173086,FALSE,FALSE
2018-08-30,Amundsen_Bellingshausen,3.669576777,-0.4689086871077577,0.4689086871077577,0.540312197173086,FALSE,FALSE
2018-08-31,Amundsen_Bellingshausen,3.677794813,-0.4602646325889852,0.4602646325889852,0.540312197173086,FALSE,FALSE
2018-09-01,Amundsen_Bellingshausen,3.669242457,-0.46775399676725904,0.46775399676725904,0.540312197173086,FALSE,FALSE
2018-09-02,Amundsen_Bellingshausen,3.628533479,-0.5068188444597816,0.5068188444597816,0.540312197173086,FALSE,FALSE
2018-09-03,Amundsen_Bellingshausen,3.629494194,-0.5036886954837452,0.5036886954837452,0.540312197173086,FALSE,FALSE
2018-09-04,Amundsen_Bellingshausen,3.630385337,-0.5001586496563508,0.5001586496563508,0.540312197173086,FALSE,FALSE
2018-09-05,Amundsen_Bellingshausen,3.620381267,-0.50711018279479525,0.50711018279479525,0.540312197173086,FALSE,FALSE
2018-09-06,Amundsen_Bellingshausen,3.632571912,-0.4915092017162768,0.4915092017162768,0.540312197173086,FALSE,FALSE
2018-09-07,Amundsen_Bellingshausen,3.62638388,-0.4939849332379924,0.4939849332379924,0.540312197173086,FALSE,FALSE
2018-09-08,Amundsen_Bellingshausen,3.570409218,-0.5460011651771444,0.5460011651771444,0.540312197173086,TRUE,TRUE
2018-09-09,Amundsen_Bellingshausen,3.530021289,-0.5822403693509277,0.5822403693509277,0.540312197173086,TRUE,TRUE
2018-09-10,Amundsen_Bellingshausen,3.482277143,-0.6257010740505597,0.6257010740505597,0.540312197173086,TRUE,TRUE
2018-09-11,Amundsen_Bellingshausen,3.442254075,-0.6613372101354029,0.6613372101354029,0.540312197173086,TRUE,TRUE
2018-09-12,Amundsen_Bellingshausen,3.400884098,-0.6982039221077101,0.6982039221077101,0.540312197173086,TRUE,TRUE
2018-09-13,Amundsen_Bellingshausen,3.356990085,-0.7374608544559158,0.7374608544559158,0.540312197173086,TRUE,TRUE
2018-09-14,Amundsen_Bellingshausen,3.341807721,-0.7478548396684537,0.7478548396684537,0.540312197173086,TRUE,TRUE
2018-09-15,Amundsen_Bellingshausen,3.356929088,-0.7277763132337713,0.7277763132337713,0.540312197173086,TRUE,TRUE
2018-09-16,Amundsen_Bellingshausen,3.378677214,-0.7008847646402976,0.7008847646402976,0.540312197173086,TRUE,TRUE
2018-09-17,Amundsen_Bellingshausen,3.38038355,-0.6938312603764749,0.6938312603764749,0.540312197173086,TRUE,TRUE
2018-09-18,Amundsen_Bellingshausen,3.415314766,-0.6533316479307416,0.6533316479307416,0.540312197173086,TRUE,TRUE
2018-09-19,Amundsen_Bellingshausen,3.567374117,-0.4954651897915303,0.4954651897915303,0.540312197173086,FALSE,FALSE
2018-09-20,Amundsen_Bellingshausen,3.616905668,-0.4398703384472795,0.4398703384472795,0.540312197173086,FALSE,FALSE
2018-09-21,Amundsen_Bellingshausen,3.617259904,-0.4331791263864302,0.4331791263864302,0.540312197173086,FALSE,FALSE
2018-09-22,Amundsen_Bellingshausen,3.643627271,-0.4001836250974189,0.4001836250974189,0.540312197173086,FALSE,FALSE
2018-09-23,Amundsen_Bellingshausen,3.642967474,-0.39390722814387,0.39390722814387,0.540312197173086,FALSE,FALSE
2018-09-24,Amundsen_Bellingshausen,3.631908831,-0.3977109371530622,0.3977109371530622,0.540312197173086,FALSE,FALSE
2018-09-25,Amundsen_Bellingshausen,3.619782933,-0.4022562545450916,0.4022562545450916,0.540312197173086,FALSE,FALSE
2018-09-26,Amundsen_Bellingshausen,3.618408193,-0.3957179136905462,0.3957179136905462,0.540312197173086,FALSE,FALSE
2018-09-27,Amundsen_Bellingshausen,3.568466655,-0.4374070169600035,0.4374070169600035,0.540312197173086,FALSE,FALSE
2018-09-28,Amundsen_Bellingshausen,3.516359536,-0.4809154937240474,0.4809154937240474,0.540312197173086,FALSE,FALSE
2018-09-29,Amundsen_Bellingshausen,3.516350121,-0.47197320535325815,0.47197320535325815,0.540312197173086,FALSE,FALSE
2018-09-30,Amundsen_Bellingshausen,3.538123142,-0.4408885662182205,0.4408885662182205,0.540312197173086,FALSE,FALSE
2018-10-01,Amundsen_Bellingshausen,3.55116307,-0.4181702516895114,0.4181702516895114,0.540312197173086,FALSE,FALSE
2018-10-02,Amundsen_Bellingshausen,3.589928166,-0.3693531471377152,0.3693531471377152,0.540312197173086,FALSE,FALSE
2018-10-03,Amundsen_Bellingshausen,3.611559525,-0.33728930393341194,0.33728930393341194,0.540312197173086,FALSE,FALSE
2018-10-04,Amundsen_Bellingshausen,3.606418617,-0.3316103984471841,0.3316103984471841,0.540312197173086,FALSE,FALSE
2018-10-05,Amundsen_Bellingshausen,3.582422301,-0.3443927331578478,0.3443927331578478,0.540312197173086,FALSE,FALSE
2018-10-06,Amundsen_Bellingshausen,3.565002173,-0.3502161489106914,0.3502161489106914,0.540312197173086,FALSE,FALSE
2018-10-07,Amundsen_Bellingshausen,3.530311795,-0.372992278442402,0.372992278442402,0.540312197173086,FALSE,FALSE
2018-10-08,Amundsen_Bellingshausen,3.501061743,-0.3900855753898784,0.3900855753898784,0.540312197173086,FALSE,FALSE
2018-10-09,Amundsen_Bellingshausen,3.494048221,-0.384774865390026,0.384774865390026,0.540312197173086,FALSE,FALSE
2018-10-10,Amundsen_Bellingshausen,3.49587035,-0.3705360570797507,0.3705360570797507,0.540312197173086,FALSE,FALSE
2018-10-11,Amundsen_Bellingshausen,3.496099915,-0.3578723950959537,0.3578723950959537,0.540312197173086,FALSE,FALSE
2018-10-12,Amundsen_Bellingshausen,3.515919375,-0.32567645007553736,0.32567645007553736,0.540312197173086,FALSE,FALSE
2018-10-13,Amundsen_Bellingshausen,3.514280324,-0.315071657655408,0.315071657655408,0.540312197173086,FALSE,FALSE
2018-10-14,Amundsen_Bellingshausen,3.530719292,-0.28659651747246473,0.28659651747246473,0.540312197173086,FALSE,FALSE
2018-10-15,Amundsen_Bellingshausen,3.585295887,-0.22026645116361543,0.22026645116361543,0.540312197173086,FALSE,FALSE
2018-10-16,Amundsen_Bellingshausen,3.644572921,-0.14959367636576193,0.14959367636576193,0.540312197173086,FALSE,FALSE
2018-10-17,Amundsen_Bellingshausen,3.670269825,-0.11293379171580664,0.11293379171580664,0.540312197173086,FALSE,FALSE
2018-10-18,Amundsen_Bellingshausen,3.672287974,-0.10045715941167764,0.10045715941167764,0.540312197173086,FALSE,FALSE
2018-10-19,Amundsen_Bellingshausen,3.691741609,-0.07105134522299572,0.07105134522299572,0.540312197173086,FALSE,FALSE
2018-10-20,Amundsen_Bellingshausen,3.686275819,-0.06700621236072957,0.06700621236072957,0.540312197173086,FALSE,FALSE
2018-10-21,Amundsen_Bellingshausen,3.659989692,-0.08415494816101843,0.08415494816101843,0.540312197173086,FALSE,FALSE
2018-10-22,Amundsen_Bellingshausen,3.675778924,-0.05953413196000312,0.05953413196000312,0.540312197173086,FALSE,FALSE
2018-10-23,Amundsen_Bellingshausen,3.670778631,-0.05594092309381926,0.05594092309381926,0.540312197173086,FALSE,FALSE
2018-10-24,Amundsen_Bellingshausen,3.694231714,-0.02406469589861126,0.02406469589861126,0.540312197173086,FALSE,FALSE
2018-10-25,Amundsen_Bellingshausen,3.731829161,0.02185326228948403,0.02185326228948403,0.540312197173086,FALSE,FALSE
2018-10-26,Amundsen_Bellingshausen,3.754859774,0.05316947813432637,0.05316947813432637,0.540312197173086,FALSE,FALSE
2018-10-27,Amundsen_Bellingshausen,3.747409175,0.05403729829977832,0.05403729829977832,0.540312197173086,FALSE,FALSE
2018-10-28,Amundsen_Bellingshausen,3.711299477,0.02634656044969663,0.02634656044969663,0.540312197173086,FALSE,FALSE
2018-10-29,Amundsen_Bellingshausen,3.657347788,-0.01901790275205517,0.01901790275205517,0.540312197173086,FALSE,FALSE
2018-10-30,Amundsen_Bellingshausen,3.605982854,-0.06155962064161713,0.06155962064161713,0.540312197173086,FALSE,FALSE
2018-10-31,Amundsen_Bellingshausen,3.563470185,-0.0949563840161498,0.0949563840161498,0.540312197173086,FALSE,FALSE
2018-11-01,Amundsen_Bellingshausen,3.53999707,-0.10901847438603296,0.10901847438603296,0.540312197173086,FALSE,FALSE
2018-11-02,Amundsen_Bellingshausen,3.508141519,-0.1311821218086866,0.1311821218086866,0.540312197173086,FALSE,FALSE
2018-11-03,Amundsen_Bellingshausen,3.474404625,-0.1549604778227498,0.1549604778227498,0.540312197173086,FALSE,FALSE
2018-11-04,Amundsen_Bellingshausen,3.449540333,-0.1696138419668567,0.1696138419668567,0.540312197173086,FALSE,FALSE
2018-11-05,Amundsen_Bellingshausen,3.399197251,-0.2095078507796435,0.2095078507796435,0.540312197173086,FALSE,FALSE
2018-11-06,Amundsen_Bellingshausen,3.356236479,-0.2417956487997439,0.2417956487997439,0.540312197173086,FALSE,FALSE
2018-11-07,Amundsen_Bellingshausen,3.333923809,-0.2532256885657973,0.2532256885657973,0.540312197173086,FALSE,FALSE
2018-11-08,Amundsen_Bellingshausen,3.33203845,-0.2440330056164357,0.2440330056164357,0.540312197173086,FALSE,FALSE
2018-11-09,Amundsen_Bellingshausen,3.332499095,-0.2323131514902932,0.2323131514902932,0.540312197173086,FALSE,FALSE
2018-11-10,Amundsen_Bellingshausen,3.340751326,-0.21263478872600805,0.21263478872600805,0.540312197173086,FALSE,FALSE
2018-11-11,Amundsen_Bellingshausen,3.366233865,-0.17557343986221552,0.17557343986221552,0.540312197173086,FALSE,FALSE
2018-11-12,Amundsen_Bellingshausen,3.35435701,-0.17573307225851795,0.17573307225851795,0.540312197173086,FALSE,FALSE
2018-11-13,Amundsen_Bellingshausen,3.329641722,-0.18860814206963683,0.18860814206963683,0.540312197173086,FALSE,FALSE
2018-11-14,Amundsen_Bellingshausen,3.327994326,-0.1783094728386958,0.1783094728386958,0.540312197173086,FALSE,FALSE
2018-11-15,Amundsen_Bellingshausen,3.312287196,-0.18198198191982984,0.18198198191982984,0.540312197173086,FALSE,FALSE
2018-11-16,Amundsen_Bellingshausen,3.258607381,-0.22355591166718236,0.22355591166718236,0.540312197173086,FALSE,FALSE
2018-11-17,Amundsen_Bellingshausen,3.297386472,-0.17261696243489055,0.17261696243489055,0.540312197173086,FALSE,FALSE
2018-11-18,Amundsen_Bellingshausen,3.299134807,-0.1586720875770946,0.1586720875770946,0.540312197173086,FALSE,FALSE
2018-11-19,Amundsen_Bellingshausen,3.287678229,-0.15791273544793283,0.15791273544793283,0.540312197173086,FALSE,FALSE
2018-11-20,Amundsen_Bellingshausen,3.266350141,-0.167022794401547,0.167022794401547,0.540312197173086,FALSE,FALSE
2018-11-21,Amundsen_Bellingshausen,3.260002133,-0.16116796579207504,0.16116796579207504,0.540312197173086,FALSE,FALSE
2018-11-22,Amundsen_Bellingshausen,3.249407913,-0.15959183297365387,0.15959183297365387,0.540312197173086,FALSE,FALSE
2018-11-23,Amundsen_Bellingshausen,3.239596114,-0.15728305430042688,0.15728305430042688,0.540312197173086,FALSE,FALSE
2018-11-24,Amundsen_Bellingshausen,3.23365446,-0.1511711971265317,0.1511711971265317,0.540312197173086,FALSE,FALSE
2018-11-25,Amundsen_Bellingshausen,3.210173234,-0.16267853150198786,0.16267853150198786,0.540312197173086,FALSE,FALSE
2018-11-26,Amundsen_Bellingshausen,3.183474906,-0.17745506469445926,0.17745506469445926,0.540312197173086,FALSE,FALSE
2018-11-27,Amundsen_Bellingshausen,3.17541984,-0.17359275882926362,0.17359275882926362,0.540312197173086,FALSE,FALSE
2018-11-28,Amundsen_Bellingshausen,3.195014596,-0.14203722739851088,0.14203722739851088,0.540312197173086,FALSE,FALSE
2018-11-29,Amundsen_Bellingshausen,3.203953335,-0.1210464828943234,0.1210464828943234,0.540312197173086,FALSE,FALSE
2018-11-30,Amundsen_Bellingshausen,3.176264524,-0.13654423180881503,0.13654423180881503,0.540312197173086,FALSE,FALSE
2018-12-01,Amundsen_Bellingshausen,3.143810007,-0.15662080363410347,0.15662080363410347,0.540312197173086,FALSE,FALSE
2018-12-02,Amundsen_Bellingshausen,3.138737855,-0.1490803008623045,0.1490803008623045,0.540312197173086,FALSE,FALSE
2018-12-03,Amundsen_Bellingshausen,3.145020028,-0.12990293698553623,0.12990293698553623,0.540312197173086,FALSE,FALSE
2018-12-04,Amundsen_Bellingshausen,3.141520492,-0.1201769194959117,0.1201769194959117,0.540312197173086,FALSE,FALSE
2018-12-05,Amundsen_Bellingshausen,3.144768267,-0.1033254018855514,0.1033254018855514,0.540312197173086,FALSE,FALSE
2018-12-06,Amundsen_Bellingshausen,3.110557972,-0.12350593864656868,0.12350593864656868,0.540312197173086,FALSE,FALSE
2018-12-07,Amundsen_Bellingshausen,3.082710098,-0.1368501415052652,0.1368501415052652,0.540312197173086,FALSE,FALSE
2018-12-08,Amundsen_Bellingshausen,3.055209132,-0.1493036582142402,0.1493036582142402,0.540312197173086,FALSE,FALSE
2018-12-09,Amundsen_Bellingshausen,3.028254679,-0.16054403983968824,0.16054403983968824,0.540312197173086,FALSE,FALSE
2018-12-10,Amundsen_Bellingshausen,3.00889023,-0.16339712531471662,0.16339712531471662,0.540312197173086,FALSE,FALSE
2018-12-11,Amundsen_Bellingshausen,2.988843179,-0.16600485057242986,0.16600485057242986,0.540312197173086,FALSE,FALSE
2018-12-12,Amundsen_Bellingshausen,2.963629894,-0.1727201775459366,0.1727201775459366,0.540312197173086,FALSE,FALSE
2018-12-13,Amundsen_Bellingshausen,2.936327217,-0.1803355941683367,0.1803355941683367,0.540312197173086,FALSE,FALSE
2018-12-14,Amundsen_Bellingshausen,2.91751572,-0.17813985837274338,0.17813985837274338,0.540312197173086,FALSE,FALSE
2018-12-15,Amundsen_Bellingshausen,2.876311867,-0.1968858360922572,0.1968858360922572,0.540312197173086,FALSE,FALSE
2018-12-16,Amundsen_Bellingshausen,2.734033111,-0.3151254042599847,0.3151254042599847,0.540312197173086,FALSE,FALSE
2018-12-17,Amundsen_Bellingshausen,2.681156819,-0.3422505258090327,0.3422505258090327,0.540312197173086,FALSE,FALSE
2018-12-18,Amundsen_Bellingshausen,2.590847297,-0.4049662246725063,0.4049662246725063,0.540312197173086,FALSE,FALSE
2018-12-19,Amundsen_Bellingshausen,2.560355476,-0.4058908997835111,0.4058908997835111,0.540312197173086,FALSE,FALSE
2018-12-20,Amundsen_Bellingshausen,2.502861917,-0.4317232649415952,0.4317232649415952,0.540312197173086,FALSE,FALSE
2018-12-21,Amundsen_Bellingshausen,2.45145343,-0.4494130324538683,0.4494130324538683,0.540312197173086,FALSE,FALSE
2018-12-22,Amundsen_Bellingshausen,2.422726564,-0.4425256938898525,0.4425256938898525,0.540312197173086,FALSE,FALSE
2018-12-23,Amundsen_Bellingshausen,2.387296003,-0.44061210362675496,0.44061210362675496,0.540312197173086,FALSE,FALSE
2018-12-24,Amundsen_Bellingshausen,2.345507456,-0.44349209104179454,0.44349209104179454,0.540312197173086,FALSE,FALSE
2018-12-25,Amundsen_Bellingshausen,2.2312745,-0.5174176175121823,0.5174176175121823,0.540312197173086,FALSE,FALSE
2018-12-26,Amundsen_Bellingshausen,2.17922808,-0.5279232764151307,0.5279232764151307,0.540312197173086,FALSE,FALSE
2018-12-27,Amundsen_Bellingshausen,2.127599527,-0.5369432751278507,0.5369432751278507,0.540312197173086,FALSE,FALSE
2018-12-28,Amundsen_Bellingshausen,2.101889121,-0.5191428720275599,0.5191428720275599,0.540312197173086,FALSE,FALSE
2018-12-29,Amundsen_Bellingshausen,2.052902108,-0.5238823594914708,0.5238823594914708,0.540312197173086,FALSE,FALSE
2018-12-30,Amundsen_Bellingshausen,1.99139064,-0.5405751238967893,0.5405751238967893,0.540312197173086,TRUE,TRUE
2018-12-31,Amundsen_Bellingshausen,1.906844034,-0.5798973866207364,0.5798973866207364,0.540312197173086,TRUE,TRUE
2019-01-01,Amundsen_Bellingshausen,1.848553581,-0.5927233950405242,0.5927233950405242,0.540312197173086,TRUE,TRUE
2019-01-02,Amundsen_Bellingshausen,1.804039693,-0.591691517527329,0.591691517527329,0.540312197173086,TRUE,TRUE
2019-01-03,Amundsen_Bellingshausen,1.770546102,-0.5796897704281885,0.5796897704281885,0.540312197173086,TRUE,TRUE
2019-01-04,Amundsen_Bellingshausen,1.758265357,-0.5466505950840959,0.5466505950840959,0.540312197173086,TRUE,TRUE
2019-01-05,Amundsen_Bellingshausen,1.70459372,-0.5553027198360612,0.5553027198360612,0.540312197173086,TRUE,TRUE
2019-01-06,Amundsen_Bellingshausen,1.681806771,-0.5334955550250793,0.5334955550250793,0.540312197173086,FALSE,FALSE
2019-01-07,Amundsen_Bellingshausen,1.645239164,-0.5260194369921547,0.5260194369921547,0.540312197173086,FALSE,FALSE
2019-01-08,Amundsen_Bellingshausen,1.624926094,-0.5029641610782862,0.5029641610782862,0.540312197173086,FALSE,FALSE
2019-01-09,Amundsen_Bellingshausen,1.597040158,-0.48828212062447474,0.48828212062447474,0.540312197173086,FALSE,FALSE
2019-01-10,Amundsen_Bellingshausen,1.578976415,-0.4647032469717192,0.4647032469717192,0.540312197173086,FALSE,FALSE
2019-01-11,Amundsen_Bellingshausen,1.551023328,-0.45206406746102235,0.45206406746102235,0.540312197173086,FALSE,FALSE
2019-01-12,Amundsen_Bellingshausen,1.51503329,-0.4486371794333843,0.4486371794333843,0.540312197173086,FALSE,FALSE
2019-01-13,Amundsen_Bellingshausen,1.468986757,-0.4565671172298038,0.4565671172298038,0.540312197173086,FALSE,FALSE
2019-01-14,Amundsen_Bellingshausen,1.436383559,-0.4524770853769016,0.4524770853769016,0.540312197173086,FALSE,FALSE
2019-01-15,Amundsen_Bellingshausen,1.432669335,-0.4209742953190445,0.4209742953190445,0.540312197173086,FALSE,FALSE
2019-01-16,Amundsen_Bellingshausen,1.4096791,-0.410188656872952,0.410188656872952,0.540312197173086,FALSE,FALSE
2019-01-17,Amundsen_Bellingshausen,1.351942877,-0.4355495111400227,0.4355495111400227,0.540312197173086,FALSE,FALSE
2019-01-18,Amundsen_Bellingshausen,1.333800276,-0.4226766122216574,0.4226766122216574,0.540312197173086,FALSE,FALSE
2019-01-19,Amundsen_Bellingshausen,1.311085818,-0.4156948032192555,0.4156948032192555,0.540312197173086,FALSE,FALSE
2019-01-20,Amundsen_Bellingshausen,1.283612996,-0.41474995523421887,0.41474995523421887,0.540312197173086,FALSE,FALSE
2019-01-21,Amundsen_Bellingshausen,1.282333317,-0.3888499253679454,0.3888499253679454,0.540312197173086,FALSE,FALSE
2019-01-22,Amundsen_Bellingshausen,1.275522155,-0.3696787037218361,0.3696787037218361,0.540312197173086,FALSE,FALSE
2019-01-23,Amundsen_Bellingshausen,1.261775934,-0.3585992303972918,0.3585992303972918,0.540312197173086,FALSE,FALSE
2019-01-24,Amundsen_Bellingshausen,1.248353142,-0.34831238149571075,0.34831238149571075,0.540312197173086,FALSE,FALSE
2019-01-25,Amundsen_Bellingshausen,1.212825154,-0.3612061461184952,0.3612061461184952,0.540312197173086,FALSE,FALSE
2019-01-26,Amundsen_Bellingshausen,1.206600467,-0.34583139136704344,0.34583139136704344,0.540312197173086,FALSE,FALSE
2019-01-27,Amundsen_Bellingshausen,1.216746018,-0.3150827484676446,0.3150827484676446,0.540312197173086,FALSE,FALSE
2019-01-28,Amundsen_Bellingshausen,1.226716651,-0.2854818623794515,0.2854818623794515,0.540312197173086,FALSE,FALSE
2019-01-29,Amundsen_Bellingshausen,1.223505324,-0.2700184510452768,0.2700184510452768,0.540312197173086,FALSE,FALSE
2019-01-30,Amundsen_Bellingshausen,1.20686397,-0.26892327733817734,0.26892327733817734,0.540312197173086,FALSE,FALSE
2019-01-31,Amundsen_Bellingshausen,1.198633793,-0.26033783313120384,0.26033783313120384,0.540312197173086,FALSE,FALSE
2019-02-01,Amundsen_Bellingshausen,1.203074022,-0.23998558529741043,0.23998558529741043,0.540312197173086,FALSE,FALSE
2019-02-02,Amundsen_Bellingshausen,1.212426932,-0.21560695470985092,0.21560695470985092,0.540312197173086,FALSE,FALSE
2019-02-03,Amundsen_Bellingshausen,1.201655608,-0.21222155224157735,0.21222155224157735,0.540312197173086,FALSE,FALSE
2019-02-04,Amundsen_Bellingshausen,1.204869067,-0.19570305676564215,0.19570305676564215,0.540312197173086,FALSE,FALSE
2019-02-05,Amundsen_Bellingshausen,1.198709933,-0.18939154015510096,0.18939154015510096,0.540312197173086,FALSE,FALSE
2019-02-06,Amundsen_Bellingshausen,1.185910467,-0.19053743728300487,0.19053743728300487,0.540312197173086,FALSE,FALSE
2019-02-07,Amundsen_Bellingshausen,1.18666616,-0.17892795302240727,0.17892795302240727,0.540312197173086,FALSE,FALSE
2019-02-08,Amundsen_Bellingshausen,1.188368562,-0.16715431882079643,0.16715431882079643,0.540312197173086,FALSE,FALSE
2019-02-09,Amundsen_Bellingshausen,1.199536921,-0.1466913659467075,0.1466913659467075,0.540312197173086,FALSE,FALSE
2019-02-10,Amundsen_Bellingshausen,1.21030034,-0.12742653932132075,0.12742653932132075,0.540312197173086,FALSE,FALSE
2019-02-11,Amundsen_Bellingshausen,1.214327508,-0.11571035441555622,0.11571035441555622,0.540312197173086,FALSE,FALSE
2019-02-12,Amundsen_Bellingshausen,1.2051639,-0.11801654070033574,0.11801654070033574,0.540312197173086,FALSE,FALSE
2019-02-13,Amundsen_Bellingshausen,1.184649048,-0.13252477064658086,0.13252477064658086,0.540312197173086,FALSE,FALSE
2019-02-14,Amundsen_Bellingshausen,1.160977665,-0.15105953572521091,0.15105953572521091,0.540312197173086,FALSE,FALSE
2019-02-15,Amundsen_Bellingshausen,1.150375437,-0.1574143544071489,0.1574143544071489,0.540312197173086,FALSE,FALSE
2019-02-16,Amundsen_Bellingshausen,1.139611532,-0.164839263163316,0.164839263163316,0.540312197173086,FALSE,FALSE
2019-02-17,Amundsen_Bellingshausen,1.129424172,-0.17261524446463117,0.17261524446463117,0.540312197173086,FALSE,FALSE
2019-02-18,Amundsen_Bellingshausen,1.122316317,-0.17825854278201714,0.17825854278201714,0.540312197173086,FALSE,FALSE
2019-02-19,Amundsen_Bellingshausen,1.128220253,-0.17185607658639568,0.17185607658639568,0.540312197173086,FALSE,FALSE
2019-02-20,Amundsen_Bellingshausen,1.105134316,-0.19542871434868636,0.19542871434868636,0.540312197173086,FALSE,FALSE
2019-02-21,Amundsen_Bellingshausen,1.112692877,-0.1893579666035048,0.1893579666035048,0.540312197173086,FALSE,FALSE
2019-02-22,Amundsen_Bellingshausen,1.12215567,-0.18235969482457823,0.18235969482457823,0.540312197173086,FALSE,FALSE
2019-02-23,Amundsen_Bellingshausen,1.132968389,-0.1749370004399189,0.1749370004399189,0.540312197173086,FALSE,FALSE
2019-02-24,Amundsen_Bellingshausen,1.145674884,-0.16649434441386202,0.16649434441386202,0.540312197173086,FALSE,FALSE
2019-02-25,Amundsen_Bellingshausen,1.154569398,-0.16268579471075006,0.16268579471075006,0.540312197173086,FALSE,FALSE
2019-02-26,Amundsen_Bellingshausen,1.152471811,-0.17063978229492127,0.17063978229492127,0.540312197173086,FALSE,FALSE
2019-02-27,Amundsen_Bellingshausen,1.152394005,-0.1772927361307155,0.1772927361307155,0.540312197173086,FALSE,FALSE
2019-02-28,Amundsen_Bellingshausen,1.159017334,-0.17791161318247073,0.17791161318247073,0.540312197173086,FALSE,FALSE
2019-03-01,Amundsen_Bellingshausen,1.176111894,-0.16867462841452774,0.16867462841452774,0.540312197173086,FALSE,FALSE
2019-03-02,Amundsen_Bellingshausen,1.199357638,-0.1538501397912253,0.1538501397912253,0.540312197173086,FALSE,FALSE
2019-03-03,Amundsen_Bellingshausen,1.214880494,-0.14726053027690322,0.14726053027690322,0.540312197173086,FALSE,FALSE
2019-03-04,Amundsen_Bellingshausen,1.23225796,-0.13927661283589976,0.13927661283589976,0.540312197173086,FALSE,FALSE
2019-03-05,Amundsen_Bellingshausen,1.224680867,-0.15665587075963217,0.15665587075963217,0.540312197173086,FALSE,FALSE
2019-03-06,Amundsen_Bellingshausen,1.212620313,-0.1788878966496994,0.1788878966496994,0.540312197173086,FALSE,FALSE
2019-03-07,Amundsen_Bellingshausen,1.205839869,-0.19621010267249783,0.19621010267249783,0.540312197173086,FALSE,FALSE
2019-03-08,Amundsen_Bellingshausen,1.212019365,-0.20095182785125032,0.20095182785125032,0.540312197173086,FALSE,FALSE
2019-03-09,Amundsen_Bellingshausen,1.219474261,-0.2048067812091805,0.2048067812091805,0.540312197173086,FALSE,FALSE
2019-03-10,Amundsen_Bellingshausen,1.229949339,-0.2060393497695112,0.2060393497695112,0.540312197173086,FALSE,FALSE
2019-03-11,Amundsen_Bellingshausen,1.240344793,-0.20775850855546607,0.20775850855546607,0.540312197173086,FALSE,FALSE
2019-03-12,Amundsen_Bellingshausen,1.265047072,-0.19558697759026833,0.19558697759026833,0.540312197173086,FALSE,FALSE
2019-03-13,Amundsen_Bellingshausen,1.291966617,-0.18162348489714344,0.18162348489714344,0.540312197173086,FALSE,FALSE
2019-03-14,Amundsen_Bellingshausen,1.314833624,-0.1721470034993111,0.1721470034993111,0.540312197173086,FALSE,FALSE
2019-03-15,Amundsen_Bellingshausen,1.329976929,-0.17083786641999654,0.17083786641999654,0.540312197173086,FALSE,FALSE
2019-03-16,Amundsen_Bellingshausen,1.333608084,-0.18149369068242496,0.18149369068242496,0.540312197173086,FALSE,FALSE
2019-03-17,Amundsen_Bellingshausen,1.337734775,-0.19211595930981673,0.19211595930981673,0.540312197173086,FALSE,FALSE
2019-03-18,Amundsen_Bellingshausen,1.339280524,-0.20578982854343808,0.20578982854343808,0.540312197173086,FALSE,FALSE
2019-03-19,Amundsen_Bellingshausen,1.336585328,-0.2241717224166797,0.2241717224166797,0.540312197173086,FALSE,FALSE
2019-03-20,Amundsen_Bellingshausen,1.344253693,-0.23264073482083036,0.23264073482083036,0.540312197173086,FALSE,FALSE
2019-03-21,Amundsen_Bellingshausen,1.353567541,-0.2398979400068331,0.2398979400068331,0.540312197173086,FALSE,FALSE
2019-03-22,Amundsen_Bellingshausen,1.365097516,-0.2453556902256324,0.2453556902256324,0.540312197173086,FALSE,FALSE
2019-03-23,Amundsen_Bellingshausen,1.385231109,-0.24260949072817195,0.24260949072817195,0.540312197173086,FALSE,FALSE
2019-03-24,Amundsen_Bellingshausen,1.405858909,-0.23975174876539265,0.23975174876539265,0.540312197173086,FALSE,FALSE
2019-03-25,Amundsen_Bellingshausen,1.413079714,-0.25066666258824033,0.25066666258824033,0.540312197173086,FALSE,FALSE
2019-03-26,Amundsen_Bellingshausen,1.412914448,-0.26931630444765786,0.26931630444765786,0.540312197173086,FALSE,FALSE
2019-03-27,Amundsen_Bellingshausen,1.419220308,-0.281826473594587,0.281826473594587,0.540312197173086,FALSE,FALSE
2019-03-28,Amundsen_Bellingshausen,1.41345356,-0.3067239002799731,0.3067239002799731,0.540312197173086,FALSE,FALSE
2019-03-29,Amundsen_Bellingshausen,1.419898346,-0.31970743875475915,0.31970743875475915,0.540312197173086,FALSE,FALSE
2019-03-30,Amundsen_Bellingshausen,1.427364311,-0.33195044026988807,0.33195044026988807,0.540312197173086,FALSE,FALSE
2019-03-31,Amundsen_Bellingshausen,1.430001592,-0.34928872370334774,0.34928872370334774,0.540312197173086,FALSE,FALSE
2019-04-01,Amundsen_Bellingshausen,1.444936801,-0.3545978103528906,0.3545978103528906,0.540312197173086,FALSE,FALSE
2019-04-02,Amundsen_Bellingshausen,1.466778252,-0.3532770191418504,0.3532770191418504,0.540312197173086,FALSE,FALSE
2019-04-03,Amundsen_Bellingshausen,1.473751115,-0.36710881754010183,0.36710881754010183,0.540312197173086,FALSE,FALSE
2019-04-04,Amundsen_Bellingshausen,1.48045623,-0.3815000030175179,0.3815000030175179,0.540312197173086,FALSE,FALSE
2019-04-05,Amundsen_Bellingshausen,1.491294357,-0.3920574530439731,0.3920574530439731,0.540312197173086,FALSE,FALSE
2019-04-06,Amundsen_Bellingshausen,1.509784057,-0.3952702440893352,0.3952702440893352,0.540312197173086,FALSE,FALSE
2019-04-07,Amundsen_Bellingshausen,1.527537811,-0.3995335326234821,0.3995335326234821,0.540312197173086,FALSE,FALSE
2019-04-08,Amundsen_Bellingshausen,1.557067923,-0.3923426521162825,0.3923426521162825,0.540312197173086,FALSE,FALSE
2019-04-09,Amundsen_Bellingshausen,1.592233128,-0.3798465050376117,0.3798465050376117,0.540312197173086,FALSE,FALSE
2019-04-10,Amundsen_Bellingshausen,1.614764936,-0.3803212188573424,0.3803212188573424,0.540312197173086,FALSE,FALSE
2019-04-11,Amundsen_Bellingshausen,1.626717965,-0.3917198130453467,0.3917198130453467,0.540312197173086,FALSE,FALSE
2019-04-12,Amundsen_Bellingshausen,1.630002092,-0.4121399989647301,0.4121399989647301,0.540312197173086,FALSE,FALSE
2019-04-13,Amundsen_Bellingshausen,1.633116016,-0.4330871661279028,0.4330871661279028,0.540312197173086,FALSE,FALSE
2019-04-14,Amundsen_Bellingshausen,1.611985522,-0.4786338485747881,0.4786338485747881,0.540312197173086,FALSE,FALSE
2019-04-15,Amundsen_Bellingshausen,1.598312771,-0.5170756654507473,0.5170756654507473,0.540312197173086,FALSE,FALSE
2019-04-16,Amundsen_Bellingshausen,1.600682094,-0.5398260659011533,0.5398260659011533,0.540312197173086,FALSE,FALSE
2019-04-17,Amundsen_Bellingshausen,1.6293404950000001,-0.5366358260713677,0.5366358260713677,0.540312197173086,FALSE,FALSE
2019-04-18,Amundsen_Bellingshausen,1.657007431,-0.5347832691067567,0.5347832691067567,0.540312197173086,FALSE,FALSE
2019-04-19,Amundsen_Bellingshausen,1.686922838,-0.5310262391526885,0.5310262391526885,0.540312197173086,FALSE,FALSE
2019-04-20,Amundsen_Bellingshausen,1.706029804,-0.5384194283545289,0.5384194283545289,0.540312197173086,FALSE,FALSE
2019-04-21,Amundsen_Bellingshausen,1.730259815,-0.5410291308576445,0.5410291308576445,0.540312197173086,TRUE,FALSE
2019-04-22,Amundsen_Bellingshausen,1.764550718,-0.5339152798073996,0.5339152798073996,0.540312197173086,FALSE,FALSE
2019-04-23,Amundsen_Bellingshausen,1.792969473,-0.5330086953491608,0.5330086953491608,0.540312197173086,FALSE,FALSE
2019-04-24,Amundsen_Bellingshausen,1.809907424,-0.5439158136282964,0.5439158136282964,0.540312197173086,TRUE,TRUE
2019-04-25,Amundsen_Bellingshausen,1.812907181,-0.5690874636222341,0.5690874636222341,0.540312197173086,TRUE,TRUE
2019-04-26,Amundsen_Bellingshausen,1.813922677,-0.5965219212288198,0.5965219212288198,0.540312197173086,TRUE,TRUE
2019-04-27,Amundsen_Bellingshausen,1.818018057,-0.6210844663627946,0.6210844663627946,0.540312197173086,TRUE,TRUE
2019-04-28,Amundsen_Bellingshausen,1.829679434,-0.6382181709347914,0.6382181709347914,0.540312197173086,TRUE,TRUE
2019-04-29,Amundsen_Bellingshausen,1.853159128,-0.6435998998554486,0.6435998998554486,0.540312197173086,TRUE,TRUE
2019-04-30,Amundsen_Bellingshausen,1.869804135,-0.6558118420354055,0.6558118420354055,0.540312197173086,TRUE,TRUE
2019-05-01,Amundsen_Bellingshausen,1.865752806,-0.6886448313852995,0.6886448313852995,0.540312197173086,TRUE,TRUE
2019-05-02,Amundsen_Bellingshausen,1.899015702,-0.6840174918157669,0.6840174918157669,0.540312197173086,TRUE,TRUE
2019-05-03,Amundsen_Bellingshausen,1.929205302,-0.6822465292374444,0.6822465292374444,0.540312197173086,TRUE,TRUE
2019-05-04,Amundsen_Bellingshausen,1.947461194,-0.6921215405609671,0.6921215405609671,0.540312197173086,TRUE,TRUE
2019-05-05,Amundsen_Bellingshausen,1.950808125,-0.7165469636969766,0.7165469636969766,0.540312197173086,TRUE,TRUE
2019-05-06,Amundsen_Bellingshausen,1.980576574,-0.7141215045561062,0.7141215045561062,0.540312197173086,TRUE,TRUE
2019-05-07,Amundsen_Bellingshausen,1.998553776,-0.7229871520321232,0.7229871520321232,0.540312197173086,TRUE,TRUE
2019-05-08,Amundsen_Bellingshausen,1.996843289,-0.7509913057208992,0.7509913057208992,0.540312197173086,TRUE,TRUE
2019-05-09,Amundsen_Bellingshausen,1.98794206,-0.7856458198686394,0.7856458198686394,0.540312197173086,TRUE,TRUE
2019-05-10,Amundsen_Bellingshausen,2.018842436,-0.7799766660864003,0.7799766660864003,0.540312197173086,TRUE,TRUE
2019-05-11,Amundsen_Bellingshausen,2.019422585,-0.8041239949852432,0.8041239949852432,0.540312197173086,TRUE,TRUE
2019-05-12,Amundsen_Bellingshausen,2.007522093,-0.8402665391762265,0.8402665391762265,0.540312197173086,TRUE,TRUE
2019-05-13,Amundsen_Bellingshausen,2.028153742,-0.8434098352704078,0.8434098352704078,0.540312197173086,TRUE,TRUE
2019-05-14,Amundsen_Bellingshausen,2.049040925,-0.8458488088788516,0.8458488088788516,0.540312197173086,TRUE,TRUE
2019-05-15,Amundsen_Bellingshausen,2.07129185,-0.8464935706126138,0.8464935706126138,0.540312197173086,TRUE,TRUE
2019-05-16,Amundsen_Bellingshausen,2.11552329,-0.8247456660827539,0.8247456660827539,0.540312197173086,TRUE,TRUE
2019-05-17,Amundsen_Bellingshausen,2.138178895,-0.8241797639003332,0.8241797639003332,0.540312197173086,TRUE,TRUE
2019-05-18,Amundsen_Bellingshausen,2.167508769,-0.8165640786764095,0.8165640786764095,0.540312197173086,TRUE,TRUE
2019-05-19,Amundsen_Bellingshausen,2.222053446,-0.7833763950220431,0.7833763950220431,0.540312197173086,TRUE,TRUE
2019-05-20,Amundsen_Bellingshausen,2.272649329,-0.7537985669389551,0.7537985669389551,0.540312197173086,TRUE,TRUE
2019-05-21,Amundsen_Bellingshausen,2.349505339,-0.6976388062239205,0.6976388062239205,0.540312197173086,TRUE,TRUE
2019-05-22,Amundsen_Bellingshausen,2.451750901,-0.6157838384740741,0.6157838384740741,0.540312197173086,TRUE,TRUE
2019-05-23,Amundsen_Bellingshausen,2.551552633,-0.5360831632407268,0.5360831632407268,0.540312197173086,FALSE,FALSE
2019-05-24,Amundsen_Bellingshausen,2.575149314,-0.5323141190751812,0.5323141190751812,0.540312197173086,FALSE,FALSE
2019-05-25,Amundsen_Bellingshausen,2.616088109,-0.5109456585287466,0.5109456585287466,0.540312197173086,FALSE,FALSE
2019-05-26,Amundsen_Bellingshausen,2.672235133,-0.47412778415273094,0.47412778415273094,0.540312197173086,FALSE,FALSE
2019-05-27,Amundsen_Bellingshausen,2.752676344,-0.41279065549844063,0.41279065549844063,0.540312197173086,FALSE,FALSE
2019-05-28,Amundsen_Bellingshausen,2.803254129,-0.38110800311718274,0.38110800311718274,0.540312197173086,FALSE,FALSE
2019-05-29,Amundsen_Bellingshausen,2.842387339,-0.36067709356026345,0.36067709356026345,0.540312197173086,FALSE,FALSE
2019-05-30,Amundsen_Bellingshausen,2.900718917,-0.32087110137899266,0.32087110137899266,0.540312197173086,FALSE,FALSE
2019-05-31,Amundsen_Bellingshausen,2.96730217,-0.27265283712467614,0.27265283712467614,0.540312197173086,FALSE,FALSE
2019-06-01,Amundsen_Bellingshausen,3.045462101,-0.21271341534862165,0.21271341534862165,0.540312197173086,FALSE,FALSE
2019-06-02,Amundsen_Bellingshausen,3.097757123,-0.17850237233274102,0.17850237233274102,0.540312197173086,FALSE,FALSE
2019-06-03,Amundsen_Bellingshausen,3.112750637,-0.18142801971011924,0.18142801971011924,0.540312197173086,FALSE,FALSE
2019-06-04,Amundsen_Bellingshausen,3.120395547,-0.19149912098808697,0.19149912098808697,0.540312197173086,FALSE,FALSE
2019-06-05,Amundsen_Bellingshausen,3.150474844,-0.178894352301874,0.178894352301874,0.540312197173086,FALSE,FALSE
2019-06-06,Amundsen_Bellingshausen,3.142487565,-0.20407634378671524,0.20407634378671524,0.540312197173086,FALSE,FALSE
2019-06-07,Amundsen_Bellingshausen,3.15602844,-0.2074120325778428,0.2074120325778428,0.540312197173086,FALSE,FALSE
2019-06-08,Amundsen_Bellingshausen,3.178651755,-0.2013087998104872,0.2013087998104872,0.540312197173086,FALSE,FALSE
2019-06-09,Amundsen_Bellingshausen,3.219916844,-0.17616897861988343,0.17616897861988343,0.540312197173086,FALSE,FALSE
2019-06-10,Amundsen_Bellingshausen,3.256250014,-0.155527929141261,0.155527929141261,0.540312197173086,FALSE,FALSE
2019-06-11,Amundsen_Bellingshausen,3.262834859,-0.1641637245098564,0.1641637245098564,0.540312197173086,FALSE,FALSE
2019-06-12,Amundsen_Bellingshausen,3.309147313,-0.13256209786090078,0.13256209786090078,0.540312197173086,FALSE,FALSE
2019-06-13,Amundsen_Bellingshausen,3.324443264,-0.1314288283296241,0.1314288283296241,0.540312197173086,FALSE,FALSE
2019-06-14,Amundsen_Bellingshausen,3.351450197,-0.11799912177675952,0.11799912177675952,0.540312197173086,FALSE,FALSE
2019-06-15,Amundsen_Bellingshausen,3.371240038,-0.11120887312859784,0.11120887312859784,0.540312197173086,FALSE,FALSE
2019-06-16,Amundsen_Bellingshausen,3.371649758,-0.12329084424522828,0.12329084424522828,0.540312197173086,FALSE,FALSE
2019-06-17,Amundsen_Bellingshausen,3.380948433,-0.12605017761191428,0.12605017761191428,0.540312197173086,FALSE,FALSE
2019-06-18,Amundsen_Bellingshausen,3.410623577,-0.108073577713915,0.108073577713915,0.540312197173086,FALSE,FALSE
2019-06-19,Amundsen_Bellingshausen,3.442428236,-0.08768221703648837,0.08768221703648837,0.540312197173086,FALSE,FALSE
2019-06-20,Amundsen_Bellingshausen,3.462586644,-0.07872608006489568,0.07872608006489568,0.540312197173086,FALSE,FALSE
2019-06-21,Amundsen_Bellingshausen,3.516385924,-0.03599226228439356,0.03599226228439356,0.540312197173086,FALSE,FALSE
2019-06-22,Amundsen_Bellingshausen,3.55090617,-0.01247488818024411,0.01247488818024411,0.540312197173086,FALSE,FALSE
2019-06-23,Amundsen_Bellingshausen,3.561754163,-0.01264139523770513,0.01264139523770513,0.540312197173086,FALSE,FALSE
2019-06-24,Amundsen_Bellingshausen,3.563124297,-0.02237160794203774,0.02237160794203774,0.540312197173086,FALSE,FALSE
2019-06-25,Amundsen_Bellingshausen,3.598263495,0.00150717822150081,0.00150717822150081,0.540312197173086,FALSE,FALSE
2019-06-26,Amundsen_Bellingshausen,3.593724611,-0.01452640123235138,0.01452640123235138,0.540312197173086,FALSE,FALSE
2019-06-27,Amundsen_Bellingshausen,3.609715907,-0.01032919235060569,0.01032919235060569,0.540312197173086,FALSE,FALSE
2019-06-28,Amundsen_Bellingshausen,3.615164838,-0.01697000510536117,0.01697000510536117,0.540312197173086,FALSE,FALSE
2019-06-29,Amundsen_Bellingshausen,3.672199011,0.02771395963831047,0.02771395963831047,0.540312197173086,FALSE,FALSE
2019-06-30,Amundsen_Bellingshausen,3.715083323,0.05802295275238522,0.05802295275238522,0.540312197173086,FALSE,FALSE
2019-07-01,Amundsen_Bellingshausen,3.743798053,0.0739726071088409,0.0739726071088409,0.540312197173086,FALSE,FALSE
2019-07-02,Amundsen_Bellingshausen,3.791101004,0.10835607957965232,0.10835607957965232,0.540312197173086,FALSE,FALSE
2019-07-03,Amundsen_Bellingshausen,3.831481719,0.13569826703679588,0.13569826703679588,0.540312197173086,FALSE,FALSE
2019-07-04,Amundsen_Bellingshausen,3.857579364,0.14867368935225,0.14867368935225,0.540312197173086,FALSE,FALSE
2019-07-05,Amundsen_Bellingshausen,3.863078558,0.14100231939798746,0.14100231939798746,0.540312197173086,FALSE,FALSE
2019-07-06,Amundsen_Bellingshausen,3.869994113,0.1347343230459872,0.1347343230459872,0.540312197173086,FALSE,FALSE
2019-07-07,Amundsen_Bellingshausen,3.872750526,0.12432955116822653,0.12432955116822653,0.540312197173086,FALSE,FALSE
2019-07-08,Amundsen_Bellingshausen,3.911699415,0.15017497563668014,0.15017497563668014,0.540312197173086,FALSE,FALSE
2019-07-09,Amundsen_Bellingshausen,3.962377233,0.1878423670099112,0.1878423670099112,0.540312197173086,FALSE,FALSE
2019-07-10,Amundsen_Bellingshausen,3.991470128,0.20404612805548303,0.20404612805548303,0.540312197173086,FALSE,FALSE
2019-07-11,Amundsen_Bellingshausen,4.033557689,0.23337864580334067,0.23337864580334067,0.540312197173086,FALSE,FALSE
2019-07-12,Amundsen_Bellingshausen,4.053152307,0.2403630637958618,0.2403630637958618,0.540312197173086,FALSE,FALSE
2019-07-13,Amundsen_Bellingshausen,4.043005212,0.21776136457542303,0.21776136457542303,0.540312197173086,FALSE,FALSE
2019-07-14,Amundsen_Bellingshausen,4.076591509,0.239059405684408,0.239059405684408,0.540312197173086,FALSE,FALSE
2019-07-15,Amundsen_Bellingshausen,4.079204377,0.2295611186651945,0.2295611186651945,0.540312197173086,FALSE,FALSE
2019-07-16,Amundsen_Bellingshausen,4.037452239,0.1758856790601584,0.1758856790601584,0.540312197173086,FALSE,FALSE
2019-07-17,Amundsen_Bellingshausen,3.982456641,0.10916538541167986,0.10916538541167986,0.540312197173086,FALSE,FALSE
2019-07-18,Amundsen_Bellingshausen,3.905648183,0.02084159026214216,0.02084159026214216,0.540312197173086,FALSE,FALSE
2019-07-19,Amundsen_Bellingshausen,3.888133282,-0.00796853684608178,0.00796853684608178,0.540312197173086,FALSE,FALSE
2019-07-20,Amundsen_Bellingshausen,3.889163242,-0.01800293937061337,0.01800293937061337,0.540312197173086,FALSE,FALSE
2019-07-21,Amundsen_Bellingshausen,3.920017315,0.00202838723093101,0.00202838723093101,0.540312197173086,FALSE,FALSE
2019-07-22,Amundsen_Bellingshausen,3.927424775,-0.00113425054499538,0.00113425054499538,0.540312197173086,FALSE,FALSE
2019-07-23,Amundsen_Bellingshausen,3.950791928,0.01193034980755358,0.01193034980755358,0.540312197173086,FALSE,FALSE
2019-07-24,Amundsen_Bellingshausen,4.009402322,0.06052344942438958,0.06052344942438958,0.540312197173086,FALSE,FALSE
2019-07-25,Amundsen_Bellingshausen,4.034603723,0.07601059133345078,0.07601059133345078,0.540312197173086,FALSE,FALSE
2019-07-26,Amundsen_Bellingshausen,3.981240918,0.0132543395626743,0.0132543395626743,0.540312197173086,FALSE,FALSE
2019-07-27,Amundsen_Bellingshausen,3.930822733,-0.04621870285999785,0.04621870285999785,0.540312197173086,FALSE,FALSE
2019-07-28,Amundsen_Bellingshausen,3.882333944,-0.1034059829066365,0.1034059829066365,0.540312197173086,FALSE,FALSE
2019-07-29,Amundsen_Bellingshausen,3.890155214,-0.10390906054929694,0.10390906054929694,0.540312197173086,FALSE,FALSE
2019-07-30,Amundsen_Bellingshausen,3.925246565,-0.07675013676004916,0.07675013676004916,0.540312197173086,FALSE,FALSE
2019-07-31,Amundsen_Bellingshausen,3.991016942,-0.0185024895109489,0.0185024895109489,0.540312197173086,FALSE,FALSE
2019-08-01,Amundsen_Bellingshausen,4.056914297,0.04029961022594097,0.04029961022594097,0.540312197173086,FALSE,FALSE
2019-08-02,Amundsen_Bellingshausen,4.051866919,0.02860222847855365,0.02860222847855365,0.540312197173086,FALSE,FALSE
2019-08-03,Amundsen_Bellingshausen,4.016635514,-0.01281615225266197,0.01281615225266197,0.540312197173086,FALSE,FALSE
2019-08-04,Amundsen_Bellingshausen,3.960091341,-0.07508073660063719,0.07508073660063719,0.540312197173086,FALSE,FALSE
2019-08-05,Amundsen_Bellingshausen,3.925549464,-0.1149242938600934,0.1149242938600934,0.540312197173086,FALSE,FALSE
2019-08-06,Amundsen_Bellingshausen,3.920788509,-0.12462761079706608,0.12462761079706608,0.540312197173086,FALSE,FALSE
2019-08-07,Amundsen_Bellingshausen,3.96296563,-0.08709294617760266,0.08709294617760266,0.540312197173086,FALSE,FALSE
2019-08-08,Amundsen_Bellingshausen,3.99497369,-0.05948684976774032,0.05948684976774032,0.540312197173086,FALSE,FALSE
2019-08-09,Amundsen_Bellingshausen,4.006076308,-0.05260511533352829,0.05260511533352829,0.540312197173086,FALSE,FALSE
2019-08-10,Amundsen_Bellingshausen,4.023203166,-0.03957747364100772,0.03957747364100772,0.540312197173086,FALSE,FALSE
2019-08-11,Amundsen_Bellingshausen,4.044487141,-0.02233046045621556,0.02233046045621556,0.540312197173086,FALSE,FALSE
2019-08-12,Amundsen_Bellingshausen,4.0716884780000004,8.367564547988593e-4,8.367564547988593e-4,0.540312197173086,FALSE,FALSE
2019-08-13,Amundsen_Bellingshausen,4.102631675,0.02768926232599611,0.02768926232599611,0.540312197173086,FALSE,FALSE
2019-08-14,Amundsen_Bellingshausen,4.127961038,0.04881195039133157,0.04881195039133157,0.540312197173086,FALSE,FALSE
2019-08-15,Amundsen_Bellingshausen,4.107196667,0.02366550788476473,0.02366550788476473,0.540312197173086,FALSE,FALSE
2019-08-16,Amundsen_Bellingshausen,4.120222843,0.03207696467974053,0.03207696467974053,0.540312197173086,FALSE,FALSE
2019-08-17,Amundsen_Bellingshausen,4.184470087,0.09148383965228211,0.09148383965228211,0.540312197173086,FALSE,FALSE
2019-08-18,Amundsen_Bellingshausen,4.26827636,0.17030462972895677,0.17030462972895677,0.540312197173086,FALSE,FALSE
2019-08-19,Amundsen_Bellingshausen,4.282706263,0.1796885019116079,0.1796885019116079,0.540312197173086,FALSE,FALSE
2019-08-20,Amundsen_Bellingshausen,4.321971522,0.2139317482020715,0.2139317482020715,0.540312197173086,FALSE,FALSE
2019-08-21,Amundsen_Bellingshausen,4.371630367,0.2586771646021768,0.2586771646021768,0.540312197173086,FALSE,FALSE
2019-08-22,Amundsen_Bellingshausen,4.420887046,0.30321356511376685,0.30321356511376685,0.540312197173086,FALSE,FALSE
2019-08-23,Amundsen_Bellingshausen,4.42045553,0.2983394867386746,0.2983394867386746,0.540312197173086,FALSE,FALSE
2019-08-24,Amundsen_Bellingshausen,4.398433347,0.2722370234787377,0.2722370234787377,0.540312197173086,FALSE,FALSE
2019-08-25,Amundsen_Bellingshausen,4.364505608,0.23467585233579413,0.23467585233579413,0.540312197173086,FALSE,FALSE
2019-08-26,Amundsen_Bellingshausen,4.316873592,0.1839418183116708,0.1839418183116708,0.540312197173086,FALSE,FALSE
2019-08-27,Amundsen_Bellingshausen,4.279462797,0.14404498540821642,0.14404498540821642,0.540312197173086,FALSE,FALSE
2019-08-28,Amundsen_Bellingshausen,4.244634779,0.10743147562725676,0.10743147562725676,0.540312197173086,FALSE,FALSE
2019-08-29,Amundsen_Bellingshausen,4.232104786,0.09388611149362004,0.09388611149362004,0.540312197173086,FALSE,FALSE
2019-08-30,Amundsen_Bellingshausen,4.246133722,0.10764825789224196,0.10764825789224196,0.540312197173086,FALSE,FALSE
2019-08-31,Amundsen_Bellingshausen,4.25039727,0.11233782441101424,0.11233782441101424,0.540312197173086,FALSE,FALSE
2019-09-01,Amundsen_Bellingshausen,4.300004461,0.16300800723274111,0.16300800723274111,0.540312197173086,FALSE,FALSE
2019-09-02,Amundsen_Bellingshausen,4.35952962,0.22417729654021823,0.22417729654021823,0.540312197173086,FALSE,FALSE
2019-09-03,Amundsen_Bellingshausen,4.360544418,0.2273615285162549,0.2273615285162549,0.540312197173086,FALSE,FALSE
2019-09-04,Amundsen_Bellingshausen,4.353566247,0.2230222603436491,0.2230222603436491,0.540312197173086,FALSE,FALSE
2019-09-05,Amundsen_Bellingshausen,4.366687752,0.2391963022052046,0.2391963022052046,0.540312197173086,FALSE,FALSE
2019-09-06,Amundsen_Bellingshausen,4.368897859,0.24481674528372288,0.24481674528372288,0.540312197173086,FALSE,FALSE
2019-09-07,Amundsen_Bellingshausen,4.357526623,0.2371578097620075,0.2371578097620075,0.540312197173086,FALSE,FALSE
2019-09-08,Amundsen_Bellingshausen,4.325395895,0.2089855118228554,0.2089855118228554,0.540312197173086,FALSE,FALSE
2019-09-09,Amundsen_Bellingshausen,4.274333127,0.16207146864907251,0.16207146864907251,0.540312197173086,FALSE,FALSE
2019-09-10,Amundsen_Bellingshausen,4.211456995,0.10347877794943994,0.10347877794943994,0.540312197173086,FALSE,FALSE
2019-09-11,Amundsen_Bellingshausen,4.16736786,0.06377657486459665,0.06377657486459665,0.540312197173086,FALSE,FALSE
2019-09-12,Amundsen_Bellingshausen,4.136545572,0.03745755189228994,0.03745755189228994,0.540312197173086,FALSE,FALSE
2019-09-13,Amundsen_Bellingshausen,4.120963844,0.02651290454408439,0.02651290454408439,0.540312197173086,FALSE,FALSE
2019-09-14,Amundsen_Bellingshausen,4.143743876,0.0540813153315467,0.0540813153315467,0.540312197173086,FALSE,FALSE
2019-09-15,Amundsen_Bellingshausen,4.139866884,0.05516148276622879,0.05516148276622879,0.540312197173086,FALSE,FALSE
2019-09-16,Amundsen_Bellingshausen,4.13010795,0.05054597135970251,0.05054597135970251,0.540312197173086,FALSE,FALSE
2019-09-17,Amundsen_Bellingshausen,4.115238924,0.04102411362352498,0.04102411362352498,0.540312197173086,FALSE,FALSE
2019-09-18,Amundsen_Bellingshausen,4.090074824,0.02142841006925877,0.02142841006925877,0.540312197173086,FALSE,FALSE
2019-09-19,Amundsen_Bellingshausen,4.076475381,0.01363607420846957,0.01363607420846957,0.540312197173086,FALSE,FALSE
2019-09-20,Amundsen_Bellingshausen,4.053789118,-0.00298688844727923,0.00298688844727923,0.540312197173086,FALSE,FALSE
2019-09-21,Amundsen_Bellingshausen,4.04082717,-0.00961186038643013,0.00961186038643013,0.540312197173086,FALSE,FALSE
2019-09-22,Amundsen_Bellingshausen,4.026624333,-0.01718656309741906,0.01718656309741906,0.540312197173086,FALSE,FALSE
2019-09-23,Amundsen_Bellingshausen,4.013627498,-0.02324720414387027,0.02324720414387027,0.540312197173086,FALSE,FALSE
2019-09-24,Amundsen_Bellingshausen,4.02982329,2.0352184693805953e-4,2.0352184693805953e-4,0.540312197173086,FALSE,FALSE
2019-09-25,Amundsen_Bellingshausen,4.048006562,0.02596737445490848,0.02596737445490848,0.540312197173086,FALSE,FALSE
2019-09-26,Amundsen_Bellingshausen,4.012008844,-0.0021172626905459,0.0021172626905459,0.540312197173086,FALSE,FALSE
2019-09-27,Amundsen_Bellingshausen,3.968337957,-0.0375357149600033,0.0375357149600033,0.540312197173086,FALSE,FALSE
2019-09-28,Amundsen_Bellingshausen,3.948038947,-0.04923608272404722,0.04923608272404722,0.540312197173086,FALSE,FALSE
2019-09-29,Amundsen_Bellingshausen,3.948002376,-0.04032095035325822,0.04032095035325822,0.540312197173086,FALSE,FALSE
2019-09-30,Amundsen_Bellingshausen,3.952186684,-0.02682502421822041,0.02682502421822041,0.540312197173086,FALSE,FALSE
2019-10-01,Amundsen_Bellingshausen,3.955275132,-0.01405818968951111,0.01405818968951111,0.540312197173086,FALSE,FALSE
2019-10-02,Amundsen_Bellingshausen,3.988437563,0.02915624986228504,0.02915624986228504,0.540312197173086,FALSE,FALSE
2019-10-03,Amundsen_Bellingshausen,4.002836197,0.05398736806658766,0.05398736806658766,0.540312197173086,FALSE,FALSE
2019-10-04,Amundsen_Bellingshausen,4.037342719,0.09931370355281556,0.09931370355281556,0.540312197173086,FALSE,FALSE
2019-10-05,Amundsen_Bellingshausen,4.093972691,0.16715765684215267,0.16715765684215267,0.540312197173086,FALSE,FALSE
2019-10-06,Amundsen_Bellingshausen,4.152538966,0.23732064408930853,0.23732064408930853,0.540312197173086,FALSE,FALSE
2019-10-07,Amundsen_Bellingshausen,4.156162009,0.25285793555759817,0.25285793555759817,0.540312197173086,FALSE,FALSE
2019-10-08,Amundsen_Bellingshausen,4.155976495,0.2648291766101214,0.2648291766101214,0.540312197173086,FALSE,FALSE
2019-10-09,Amundsen_Bellingshausen,4.160441769,0.28161868260997425,0.28161868260997425,0.540312197173086,FALSE,FALSE
2019-10-10,Amundsen_Bellingshausen,4.17275479,0.30634838292024913,0.30634838292024913,0.540312197173086,FALSE,FALSE
2019-10-11,Amundsen_Bellingshausen,4.186137511,0.33216520090404655,0.33216520090404655,0.540312197173086,FALSE,FALSE
2019-10-12,Amundsen_Bellingshausen,4.192518289,0.35092246392446214,0.35092246392446214,0.540312197173086,FALSE,FALSE
2019-10-13,Amundsen_Bellingshausen,4.226014028,0.3966620463445918,0.3966620463445918,0.540312197173086,FALSE,FALSE
2019-10-14,Amundsen_Bellingshausen,4.221375999,0.4040601895275353,0.4040601895275353,0.540312197173086,FALSE,FALSE
2019-10-15,Amundsen_Bellingshausen,4.216991173,0.4114288348363848,0.4114288348363848,0.540312197173086,FALSE,FALSE
2019-10-16,Amundsen_Bellingshausen,4.18815103,0.3939844326342383,0.3939844326342383,0.540312197173086,FALSE,FALSE
2019-10-17,Amundsen_Bellingshausen,4.166490224,0.3832866072841936,0.3832866072841936,0.540312197173086,FALSE,FALSE
2019-10-18,Amundsen_Bellingshausen,4.136234038,0.36348890458832184,0.36348890458832184,0.540312197173086,FALSE,FALSE
2019-10-19,Amundsen_Bellingshausen,4.097397381,0.3346044267770045,0.3346044267770045,0.540312197173086,FALSE,FALSE
2019-10-20,Amundsen_Bellingshausen,4.051631576,0.29834954463927055,0.29834954463927055,0.540312197173086,FALSE,FALSE
2019-10-21,Amundsen_Bellingshausen,4.008428051,0.26428341083898177,0.26428341083898177,0.540312197173086,FALSE,FALSE
2019-10-22,Amundsen_Bellingshausen,3.959122358,0.22380930203999716,0.22380930203999716,0.540312197173086,FALSE,FALSE
2019-10-23,Amundsen_Bellingshausen,3.927142323,0.2004227689061806,0.2004227689061806,0.540312197173086,FALSE,FALSE
2019-10-24,Amundsen_Bellingshausen,3.918770915,0.20047450510138895,0.20047450510138895,0.540312197173086,FALSE,FALSE
2019-10-25,Amundsen_Bellingshausen,3.905063163,0.19508726428948409,0.19508726428948409,0.540312197173086,FALSE,FALSE
2019-10-26,Amundsen_Bellingshausen,3.870433064,0.16874276813432676,0.16874276813432676,0.540312197173086,FALSE,FALSE
2019-10-27,Amundsen_Bellingshausen,3.835232325,0.1418604482997785,0.1418604482997785,0.540312197173086,FALSE,FALSE
2019-10-28,Amundsen_Bellingshausen,3.808615682,0.1236627654496969,0.1236627654496969,0.540312197173086,FALSE,FALSE
2019-10-29,Amundsen_Bellingshausen,3.776942616,0.1005769252479447,0.1005769252479447,0.540312197173086,FALSE,FALSE
2019-10-30,Amundsen_Bellingshausen,3.730738217,0.06319574235838266,0.06319574235838266,0.540312197173086,FALSE,FALSE
2019-10-31,Amundsen_Bellingshausen,3.714935716,0.05650914698385012,0.05650914698385012,0.540312197173086,FALSE,FALSE
2019-11-01,Amundsen_Bellingshausen,3.707556298,0.05854075361396704,0.05854075361396704,0.540312197173086,FALSE,FALSE
2019-11-02,Amundsen_Bellingshausen,3.680355957,0.04103231619131353,0.04103231619131353,0.540312197173086,FALSE,FALSE
2019-11-03,Amundsen_Bellingshausen,3.65027101,0.02090590717725016,0.02090590717725016,0.540312197173086,FALSE,FALSE
2019-11-04,Amundsen_Bellingshausen,3.60989039,-0.00926378496685664,0.00926378496685664,0.540312197173086,FALSE,FALSE
2019-11-05,Amundsen_Bellingshausen,3.583481602,-0.02522349977964344,0.02522349977964344,0.540312197173086,FALSE,FALSE
2019-11-06,Amundsen_Bellingshausen,3.546207259,-0.05182486879974402,0.05182486879974402,0.540312197173086,FALSE,FALSE
2019-11-07,Amundsen_Bellingshausen,3.531368947,-0.05578055056579734,0.05578055056579734,0.540312197173086,FALSE,FALSE
2019-11-08,Amundsen_Bellingshausen,3.531676014,-0.04439544161643605,0.04439544161643605,0.540312197173086,FALSE,FALSE
2019-11-09,Amundsen_Bellingshausen,3.530561251,-0.03425099549029342,0.03425099549029342,0.540312197173086,FALSE,FALSE
2019-11-10,Amundsen_Bellingshausen,3.522568288,-0.03081782672600797,0.03081782672600797,0.540312197173086,FALSE,FALSE
2019-11-11,Amundsen_Bellingshausen,3.507526242,-0.03428106286221544,0.03428106286221544,0.540312197173086,FALSE,FALSE
2019-11-12,Amundsen_Bellingshausen,3.506485681,-0.02360440125851815,0.02360440125851815,0.540312197173086,FALSE,FALSE
2019-11-13,Amundsen_Bellingshausen,3.511682883,-0.00656698106963649,0.00656698106963649,0.540312197173086,FALSE,FALSE
2019-11-14,Amundsen_Bellingshausen,3.51339513,0.00709133116130455,0.00709133116130455,0.540312197173086,FALSE,FALSE
2019-11-15,Amundsen_Bellingshausen,3.49929567,0.00502649208016992,0.00502649208016992,0.540312197173086,FALSE,FALSE
2019-11-16,Amundsen_Bellingshausen,3.462841662,-0.01932163066718217,0.01932163066718217,0.540312197173086,FALSE,FALSE
2019-11-17,Amundsen_Bellingshausen,3.457848088,-0.01215534643489046,0.01215534643489046,0.540312197173086,FALSE,FALSE
2019-11-18,Amundsen_Bellingshausen,3.433966661,-0.02384023357709486,0.02384023357709486,0.540312197173086,FALSE,FALSE
2019-11-19,Amundsen_Bellingshausen,3.410125823,-0.03546514144793278,0.03546514144793278,0.540312197173086,FALSE,FALSE
2019-11-20,Amundsen_Bellingshausen,3.380965752,-0.05240718340154737,0.05240718340154737,0.540312197173086,FALSE,FALSE
2019-11-21,Amundsen_Bellingshausen,3.343118256,-0.07805184279207511,0.07805184279207511,0.540312197173086,FALSE,FALSE
2019-11-22,Amundsen_Bellingshausen,3.331587948,-0.07741179797365394,0.07741179797365394,0.540312197173086,FALSE,FALSE
2019-11-23,Amundsen_Bellingshausen,3.325167743,-0.07171142530042651,0.07171142530042651,0.540312197173086,FALSE,FALSE
2019-11-24,Amundsen_Bellingshausen,3.303193427,-0.08163223012653154,0.08163223012653154,0.540312197173086,FALSE,FALSE
2019-11-25,Amundsen_Bellingshausen,3.294474347,-0.07837741850198787,0.07837741850198787,0.540312197173086,FALSE,FALSE
2019-11-26,Amundsen_Bellingshausen,3.281464481,-0.0794654896944591,0.0794654896944591,0.540312197173086,FALSE,FALSE
2019-11-27,Amundsen_Bellingshausen,3.263976842,-0.08503575682926368,0.08503575682926368,0.540312197173086,FALSE,FALSE
2019-11-28,Amundsen_Bellingshausen,3.250181289,-0.086870534398511,0.086870534398511,0.540312197173086,FALSE,FALSE
2019-11-29,Amundsen_Bellingshausen,3.233333929,-0.09166588889432337,0.09166588889432337,0.540312197173086,FALSE,FALSE
2019-11-30,Amundsen_Bellingshausen,3.223702924,-0.08910583180881515,0.08910583180881515,0.540312197173086,FALSE,FALSE
2019-12-01,Amundsen_Bellingshausen,3.219647218,-0.0807835926341034,0.0807835926341034,0.540312197173086,FALSE,FALSE
2019-12-02,Amundsen_Bellingshausen,3.194798203,-0.09301995286230458,0.09301995286230458,0.540312197173086,FALSE,FALSE
2019-12-03,Amundsen_Bellingshausen,3.187797053,-0.08712591198553588,0.08712591198553588,0.540312197173086,FALSE,FALSE
2019-12-04,Amundsen_Bellingshausen,3.162946769,-0.09875064249591192,0.09875064249591192,0.540312197173086,FALSE,FALSE
2019-12-05,Amundsen_Bellingshausen,3.143228923,-0.10486474588555116,0.10486474588555116,0.540312197173086,FALSE,FALSE
2019-12-06,Amundsen_Bellingshausen,3.12678545,-0.10727846064656887,0.10727846064656887,0.540312197173086,FALSE,FALSE
2019-12-07,Amundsen_Bellingshausen,3.077842842,-0.14171739750526546,0.14171739750526546,0.540312197173086,FALSE,FALSE
2019-12-08,Amundsen_Bellingshausen,3.044045708,-0.16046708221424,0.16046708221424,0.540312197173086,FALSE,FALSE
2019-12-09,Amundsen_Bellingshausen,3.006712082,-0.1820866368396881,0.1820866368396881,0.540312197173086,FALSE,FALSE
2019-12-10,Amundsen_Bellingshausen,2.987114122,-0.1851732333147167,0.1851732333147167,0.540312197173086,FALSE,FALSE
2019-12-11,Amundsen_Bellingshausen,2.976850662,-0.1779973675724298,0.1779973675724298,0.540312197173086,FALSE,FALSE
2019-12-12,Amundsen_Bellingshausen,2.943482662,-0.1928674095459364,0.1928674095459364,0.540312197173086,FALSE,FALSE
2019-12-13,Amundsen_Bellingshausen,2.914687162,-0.20197564916833688,0.20197564916833688,0.540312197173086,FALSE,FALSE
2019-12-14,Amundsen_Bellingshausen,2.862385527,-0.23327005137274348,0.23327005137274348,0.540312197173086,FALSE,FALSE
2019-12-15,Amundsen_Bellingshausen,2.799904715,-0.27329298809225744,0.27329298809225744,0.540312197173086,FALSE,FALSE
2019-12-16,Amundsen_Bellingshausen,2.793186268,-0.2559722472599848,0.2559722472599848,0.540312197173086,FALSE,FALSE
2019-12-17,Amundsen_Bellingshausen,2.744666289,-0.27874105580903263,0.27874105580903263,0.540312197173086,FALSE,FALSE
2019-12-18,Amundsen_Bellingshausen,2.613179708,-0.3826338136725061,0.3826338136725061,0.540312197173086,FALSE,FALSE
2019-12-19,Amundsen_Bellingshausen,2.534345888,-0.4319004877835111,0.4319004877835111,0.540312197173086,FALSE,FALSE
2019-12-20,Amundsen_Bellingshausen,2.492431947,-0.4421532349415953,0.4421532349415953,0.540312197173086,FALSE,FALSE
2019-12-21,Amundsen_Bellingshausen,2.432380948,-0.4684855144538682,0.4684855144538682,0.540312197173086,FALSE,FALSE
2019-12-22,Amundsen_Bellingshausen,2.356472242,-0.5087800158898523,0.5087800158898523,0.540312197173086,FALSE,FALSE
2019-12-23,Amundsen_Bellingshausen,2.265488624,-0.5624194826267548,0.5624194826267548,0.540312197173086,TRUE,TRUE
2019-12-24,Amundsen_Bellingshausen,2.172996764,-0.6160027830417945,0.6160027830417945,0.540312197173086,TRUE,TRUE
2019-12-25,Amundsen_Bellingshausen,2.094154392,-0.6545377255121823,0.6545377255121823,0.540312197173086,TRUE,TRUE
2019-12-26,Amundsen_Bellingshausen,2.04697409,-0.6601772664151309,0.6601772664151309,0.540312197173086,TRUE,TRUE
2019-12-27,Amundsen_Bellingshausen,2.002970912,-0.6615718901278509,0.6615718901278509,0.540312197173086,TRUE,TRUE
2019-12-28,Amundsen_Bellingshausen,1.961369106,-0.65966288702756,0.65966288702756,0.540312197173086,TRUE,TRUE
2019-12-29,Amundsen_Bellingshausen,1.938124676,-0.6386597914914709,0.6386597914914709,0.540312197173086,TRUE,TRUE
2019-12-30,Amundsen_Bellingshausen,1.902602067,-0.6293636968967895,0.6293636968967895,0.540312197173086,TRUE,TRUE
2019-12-31,Amundsen_Bellingshausen,1.877371119,-0.6093703016207364,0.6093703016207364,0.540312197173086,TRUE,TRUE
2020-01-01,Amundsen_Bellingshausen,1.866634857,-0.5746421190405242,0.5746421190405242,0.540312197173086,TRUE,TRUE
2020-01-02,Amundsen_Bellingshausen,1.8541095,-0.5416217105273289,0.5416217105273289,0.540312197173086,TRUE,TRUE
2020-01-03,Amundsen_Bellingshausen,1.829764109,-0.5204717634281883,0.5204717634281883,0.540312197173086,FALSE,FALSE
2020-01-04,Amundsen_Bellingshausen,1.816265391,-0.4886505610840959,0.4886505610840959,0.540312197173086,FALSE,FALSE
2020-01-05,Amundsen_Bellingshausen,1.788552507,-0.47134393283606135,0.47134393283606135,0.540312197173086,FALSE,FALSE
2020-01-06,Amundsen_Bellingshausen,1.756163704,-0.45913862202507927,0.45913862202507927,0.540312197173086,FALSE,FALSE
2020-01-07,Amundsen_Bellingshausen,1.714096613,-0.4571619879921547,0.4571619879921547,0.540312197173086,FALSE,FALSE
2020-01-08,Amundsen_Bellingshausen,1.67882246,-0.4490677950782864,0.4490677950782864,0.540312197173086,FALSE,FALSE
2020-01-09,Amundsen_Bellingshausen,1.677568527,-0.4077537516244747,0.4077537516244747,0.540312197173086,FALSE,FALSE
2020-01-10,Amundsen_Bellingshausen,1.653246976,-0.3904326859717193,0.3904326859717193,0.540312197173086,FALSE,FALSE
2020-01-11,Amundsen_Bellingshausen,1.649357277,-0.3537301184610224,0.3537301184610224,0.540312197173086,FALSE,FALSE
2020-01-12,Amundsen_Bellingshausen,1.638111807,-0.3255586624333844,0.3255586624333844,0.540312197173086,FALSE,FALSE
2020-01-13,Amundsen_Bellingshausen,1.620840951,-0.3047129232298038,0.3047129232298038,0.540312197173086,FALSE,FALSE
2020-01-14,Amundsen_Bellingshausen,1.609643712,-0.2792169323769016,0.2792169323769016,0.540312197173086,FALSE,FALSE
2020-01-15,Amundsen_Bellingshausen,1.573552907,-0.2800907233190444,0.2800907233190444,0.540312197173086,FALSE,FALSE
2020-01-16,Amundsen_Bellingshausen,1.548309193,-0.2715585638729521,0.2715585638729521,0.540312197173086,FALSE,FALSE
2020-01-17,Amundsen_Bellingshausen,1.519730752,-0.2677616361400226,0.2677616361400226,0.540312197173086,FALSE,FALSE
2020-01-18,Amundsen_Bellingshausen,1.486316549,-0.2701603392216574,0.2701603392216574,0.540312197173086,FALSE,FALSE
2020-01-19,Amundsen_Bellingshausen,1.441678364,-0.28510225721925564,0.28510225721925564,0.540312197173086,FALSE,FALSE
2020-01-20,Amundsen_Bellingshausen,1.432697312,-0.26566563923421893,0.26566563923421893,0.540312197173086,FALSE,FALSE
2020-01-21,Amundsen_Bellingshausen,1.417636814,-0.2535464283679454,0.2535464283679454,0.540312197173086,FALSE,FALSE
2020-01-22,Amundsen_Bellingshausen,1.398273361,-0.2469274977218361,0.2469274977218361,0.540312197173086,FALSE,FALSE
2020-01-23,Amundsen_Bellingshausen,1.388015667,-0.232359497397292,0.232359497397292,0.540312197173086,FALSE,FALSE
2020-01-24,Amundsen_Bellingshausen,1.380159425,-0.2165060984957108,0.2165060984957108,0.540312197173086,FALSE,FALSE
2020-01-25,Amundsen_Bellingshausen,1.370719512,-0.20331178811849515,0.20331178811849515,0.540312197173086,FALSE,FALSE
2020-01-26,Amundsen_Bellingshausen,1.353979603,-0.19845225536704336,0.19845225536704336,0.540312197173086,FALSE,FALSE
2020-01-27,Amundsen_Bellingshausen,1.345482467,-0.18634629946764455,0.18634629946764455,0.540312197173086,FALSE,FALSE
2020-01-28,Amundsen_Bellingshausen,1.333886495,-0.17831201837945154,0.17831201837945154,0.540312197173086,FALSE,FALSE
2020-01-29,Amundsen_Bellingshausen,1.317834775,-0.17568900004527688,0.17568900004527688,0.540312197173086,FALSE,FALSE
2020-01-30,Amundsen_Bellingshausen,1.296909634,-0.1788776133381773,0.1788776133381773,0.540312197173086,FALSE,FALSE
2020-01-31,Amundsen_Bellingshausen,1.301471668,-0.15749995813120377,0.15749995813120377,0.540312197173086,FALSE,FALSE
2020-02-01,Amundsen_Bellingshausen,1.308070355,-0.13498925229741054,0.13498925229741054,0.540312197173086,FALSE,FALSE
2020-02-02,Amundsen_Bellingshausen,1.292456707,-0.13557717970985106,0.13557717970985106,0.540312197173086,FALSE,FALSE
2020-02-03,Amundsen_Bellingshausen,1.266355709,-0.14752145124157745,0.14752145124157745,0.540312197173086,FALSE,FALSE
2020-02-04,Amundsen_Bellingshausen,1.255620093,-0.144952030765642,0.144952030765642,0.540312197173086,FALSE,FALSE
2020-02-05,Amundsen_Bellingshausen,1.268024083,-0.12007739015510088,0.12007739015510088,0.540312197173086,FALSE,FALSE
2020-02-06,Amundsen_Bellingshausen,1.258142961,-0.118304943283005,0.118304943283005,0.540312197173086,FALSE,FALSE
2020-02-07,Amundsen_Bellingshausen,1.272369879,-0.0932242340224072,0.0932242340224072,0.540312197173086,FALSE,FALSE
2020-02-08,Amundsen_Bellingshausen,1.280859904,-0.07466297682079648,0.07466297682079648,0.540312197173086,FALSE,FALSE
2020-02-09,Amundsen_Bellingshausen,1.29376467,-0.05246361694670742,0.05246361694670742,0.540312197173086,FALSE,FALSE
2020-02-10,Amundsen_Bellingshausen,1.293829841,-0.04389703832132086,0.04389703832132086,0.540312197173086,FALSE,FALSE
2020-02-11,Amundsen_Bellingshausen,1.316069642,-0.01396822041555623,0.01396822041555623,0.540312197173086,FALSE,FALSE
2020-02-12,Amundsen_Bellingshausen,1.307715227,-0.01546521370033571,0.01546521370033571,0.540312197173086,FALSE,FALSE
2020-02-13,Amundsen_Bellingshausen,1.281725266,-0.03544855264658086,0.03544855264658086,0.540312197173086,FALSE,FALSE
2020-02-14,Amundsen_Bellingshausen,1.264034267,-0.04800293372521103,0.04800293372521103,0.540312197173086,FALSE,FALSE
2020-02-15,Amundsen_Bellingshausen,1.267681522,-0.04010826940714884,0.04010826940714884,0.540312197173086,FALSE,FALSE
2020-02-16,Amundsen_Bellingshausen,1.257167896,-0.04728289916331607,0.04728289916331607,0.540312197173086,FALSE,FALSE
2020-02-17,Amundsen_Bellingshausen,1.259186723,-0.04285269346463116,0.04285269346463116,0.540312197173086,FALSE,FALSE
2020-02-18,Amundsen_Bellingshausen,1.264876325,-0.03569853478201712,0.03569853478201712,0.540312197173086,FALSE,FALSE
2020-02-19,Amundsen_Bellingshausen,1.281675805,-0.01840052458639585,0.01840052458639585,0.540312197173086,FALSE,FALSE
2020-02-20,Amundsen_Bellingshausen,1.297945883,-0.00261714734868645,0.00261714734868645,0.540312197173086,FALSE,FALSE
2020-02-21,Amundsen_Bellingshausen,1.329416877,0.02736603339649535,0.02736603339649535,0.540312197173086,FALSE,FALSE
2020-02-22,Amundsen_Bellingshausen,1.338117341,0.03360197617542182,0.03360197617542182,0.540312197173086,FALSE,FALSE
2020-02-23,Amundsen_Bellingshausen,1.331080277,0.02317488756008123,0.02317488756008123,0.540312197173086,FALSE,FALSE
2020-02-24,Amundsen_Bellingshausen,1.321672432,0.00950320358613798,0.00950320358613798,0.540312197173086,FALSE,FALSE
2020-02-25,Amundsen_Bellingshausen,1.321820454,0.00456526128924994,0.00456526128924994,0.540312197173086,FALSE,FALSE
2020-02-26,Amundsen_Bellingshausen,1.331151385,0.00803979170507873,0.00803979170507873,0.540312197173086,FALSE,FALSE
2020-02-27,Amundsen_Bellingshausen,1.330896027,0.00120928586928448,0.00120928586928448,0.540312197173086,FALSE,FALSE
2020-02-28,Amundsen_Bellingshausen,1.318966864,-0.01796208318247072,0.01796208318247072,0.540312197173086,FALSE,FALSE
2020-03-01,Amundsen_Bellingshausen,1.351580578,-0.00162719979122516,0.00162719979122516,0.540312197173086,FALSE,FALSE
2020-03-02,Amundsen_Bellingshausen,1.354021716,-0.0081193082769031,0.0081193082769031,0.540312197173086,FALSE,FALSE
2020-03-03,Amundsen_Bellingshausen,1.349874287,-0.02166028583589985,0.02166028583589985,0.540312197173086,FALSE,FALSE
2020-03-04,Amundsen_Bellingshausen,1.363701657,-0.01763508075963216,0.01763508075963216,0.540312197173086,FALSE,FALSE
2020-03-05,Amundsen_Bellingshausen,1.370596406,-0.02091180364969935,0.02091180364969935,0.540312197173086,FALSE,FALSE
2020-03-06,Amundsen_Bellingshausen,1.379899062,-0.02215090967249788,0.02215090967249788,0.540312197173086,FALSE,FALSE
2020-03-07,Amundsen_Bellingshausen,1.370861285,-0.04210990785125035,0.04210990785125035,0.540312197173086,FALSE,FALSE
2020-03-08,Amundsen_Bellingshausen,1.368266428,-0.05601461420918041,0.05601461420918041,0.540312197173086,FALSE,FALSE
2020-03-09,Amundsen_Bellingshausen,1.376546461,-0.05944222776951125,0.05944222776951125,0.540312197173086,FALSE,FALSE
2020-03-10,Amundsen_Bellingshausen,1.391617362,-0.05648593955546599,0.05648593955546599,0.540312197173086,FALSE,FALSE
2020-03-11,Amundsen_Bellingshausen,1.406768897,-0.05386515259026825,0.05386515259026825,0.540312197173086,FALSE,FALSE
2020-03-12,Amundsen_Bellingshausen,1.421375988,-0.05221411389714325,0.05221411389714325,0.540312197173086,FALSE,FALSE
2020-03-13,Amundsen_Bellingshausen,1.453887139,-0.03309348849931104,0.03309348849931104,0.540312197173086,FALSE,FALSE
2020-03-14,Amundsen_Bellingshausen,1.476662069,-0.02415272641999655,0.02415272641999655,0.540312197173086,FALSE,FALSE
2020-03-15,Amundsen_Bellingshausen,1.462995232,-0.05210654268242498,0.05210654268242498,0.540312197173086,FALSE,FALSE
2020-03-16,Amundsen_Bellingshausen,1.460910249,-0.06894048530981656,0.06894048530981656,0.540312197173086,FALSE,FALSE
2020-03-17,Amundsen_Bellingshausen,1.47827217,-0.06679818254343806,0.06679818254343806,0.540312197173086,FALSE,FALSE
2020-03-18,Amundsen_Bellingshausen,1.474315977,-0.08644107341667961,0.08644107341667961,0.540312197173086,FALSE,FALSE
2020-03-19,Amundsen_Bellingshausen,1.473025609,-0.10386881882083032,0.10386881882083032,0.540312197173086,FALSE,FALSE
2020-03-20,Amundsen_Bellingshausen,1.493717552,-0.09974792900683328,0.09974792900683328,0.540312197173086,FALSE,FALSE
2020-03-21,Amundsen_Bellingshausen,1.512674445,-0.09777876122563244,0.09777876122563244,0.540312197173086,FALSE,FALSE
2020-03-22,Amundsen_Bellingshausen,1.525929005,-0.1019115947281719,0.1019115947281719,0.540312197173086,FALSE,FALSE
2020-03-23,Amundsen_Bellingshausen,1.528131622,-0.11747903576539254,0.11747903576539254,0.540312197173086,FALSE,FALSE
2020-03-24,Amundsen_Bellingshausen,1.543327986,-0.12041839058824032,0.12041839058824032,0.540312197173086,FALSE,FALSE
2020-03-25,Amundsen_Bellingshausen,1.556500003,-0.12573074944765783,0.12573074944765783,0.540312197173086,FALSE,FALSE
2020-03-26,Amundsen_Bellingshausen,1.576316215,-0.12473056659458703,0.12473056659458703,0.540312197173086,FALSE,FALSE
2020-03-27,Amundsen_Bellingshausen,1.58442553,-0.135751930279973,0.135751930279973,0.540312197173086,FALSE,FALSE
2020-03-28,Amundsen_Bellingshausen,1.617970384,-0.12163540075475932,0.12163540075475932,0.540312197173086,FALSE,FALSE
2020-03-29,Amundsen_Bellingshausen,1.673419362,-0.08589538926988816,0.08589538926988816,0.540312197173086,FALSE,FALSE
2020-03-30,Amundsen_Bellingshausen,1.693554997,-0.08573531870334783,0.08573531870334783,0.540312197173086,FALSE,FALSE
2020-03-31,Amundsen_Bellingshausen,1.717026126,-0.08250848535289079,0.08250848535289079,0.540312197173086,FALSE,FALSE
2020-04-01,Amundsen_Bellingshausen,1.734882833,-0.08517243814185038,0.08517243814185038,0.540312197173086,FALSE,FALSE
2020-04-02,Amundsen_Bellingshausen,1.759740257,-0.0811196755401018,0.0811196755401018,0.540312197173086,FALSE,FALSE
2020-04-03,Amundsen_Bellingshausen,1.742023764,-0.11993246901751786,0.11993246901751786,0.540312197173086,FALSE,FALSE
2020-04-04,Amundsen_Bellingshausen,1.707149911,-0.1762018990439731,0.1762018990439731,0.540312197173086,FALSE,FALSE
2020-04-05,Amundsen_Bellingshausen,1.700012106,-0.2050421950893353,0.2050421950893353,0.540312197173086,FALSE,FALSE
2020-04-06,Amundsen_Bellingshausen,1.6977039,-0.22936744362348205,0.22936744362348205,0.540312197173086,FALSE,FALSE
2020-04-07,Amundsen_Bellingshausen,1.701725447,-0.2476851281162824,0.2476851281162824,0.540312197173086,FALSE,FALSE
2020-04-08,Amundsen_Bellingshausen,1.709046628,-0.2630330050376115,0.2630330050376115,0.540312197173086,FALSE,FALSE
2020-04-09,Amundsen_Bellingshausen,1.711596122,-0.2834900328573424,0.2834900328573424,0.540312197173086,FALSE,FALSE
2020-04-10,Amundsen_Bellingshausen,1.709324579,-0.30911319904534684,0.30911319904534684,0.540312197173086,FALSE,FALSE
2020-04-11,Amundsen_Bellingshausen,1.726581637,-0.3155604539647301,0.3155604539647301,0.540312197173086,FALSE,FALSE
2020-04-12,Amundsen_Bellingshausen,1.772274167,-0.2939290151279028,0.2939290151279028,0.540312197173086,FALSE,FALSE
2020-04-13,Amundsen_Bellingshausen,1.814354505,-0.2762648655747879,0.2762648655747879,0.540312197173086,FALSE,FALSE
2020-04-14,Amundsen_Bellingshausen,1.875882955,-0.23950548145074735,0.23950548145074735,0.540312197173086,FALSE,FALSE
2020-04-15,Amundsen_Bellingshausen,1.943176154,-0.1973320059011532,0.1973320059011532,0.540312197173086,FALSE,FALSE
2020-04-16,Amundsen_Bellingshausen,1.960289564,-0.20568675707136783,0.20568675707136783,0.540312197173086,FALSE,FALSE
2020-04-17,Amundsen_Bellingshausen,1.965823605,-0.22596709510675672,0.22596709510675672,0.540312197173086,FALSE,FALSE
2020-04-18,Amundsen_Bellingshausen,1.967072526,-0.2508765511526887,0.2508765511526887,0.540312197173086,FALSE,FALSE
2020-04-19,Amundsen_Bellingshausen,2.007547951,-0.23690128135452904,0.23690128135452904,0.540312197173086,FALSE,FALSE
2020-04-20,Amundsen_Bellingshausen,2.053484399,-0.2178045468576446,0.2178045468576446,0.540312197173086,FALSE,FALSE
2020-04-21,Amundsen_Bellingshausen,2.095212737,-0.20325326080739936,0.20325326080739936,0.540312197173086,FALSE,FALSE
2020-04-22,Amundsen_Bellingshausen,2.135264792,-0.19071337634916088,0.19071337634916088,0.540312197173086,FALSE,FALSE
2020-04-23,Amundsen_Bellingshausen,2.18367309,-0.17015014762829628,0.17015014762829628,0.540312197173086,FALSE,FALSE
2020-04-24,Amundsen_Bellingshausen,2.228887579,-0.1531070656222342,0.1531070656222342,0.540312197173086,FALSE,FALSE
2020-04-25,Amundsen_Bellingshausen,2.284959964,-0.12548463422881984,0.12548463422881984,0.540312197173086,FALSE,FALSE
2020-04-26,Amundsen_Bellingshausen,2.33522258,-0.1038799433627946,0.1038799433627946,0.540312197173086,FALSE,FALSE
2020-04-27,Amundsen_Bellingshausen,2.368754939,-0.09914266593479136,0.09914266593479136,0.540312197173086,FALSE,FALSE
2020-04-28,Amundsen_Bellingshausen,2.384406344,-0.11235268385544872,0.11235268385544872,0.540312197173086,FALSE,FALSE
2020-04-29,Amundsen_Bellingshausen,2.400655367,-0.12496061003540548,0.12496061003540548,0.540312197173086,FALSE,FALSE
2020-04-30,Amundsen_Bellingshausen,2.457499856,-0.09689778138529936,0.09689778138529936,0.540312197173086,FALSE,FALSE
2020-05-01,Amundsen_Bellingshausen,2.484936563,-0.0980966308157667,0.0980966308157667,0.540312197173086,FALSE,FALSE
2020-05-02,Amundsen_Bellingshausen,2.488216744,-0.12323508723744458,0.12323508723744458,0.540312197173086,FALSE,FALSE
2020-05-03,Amundsen_Bellingshausen,2.511118472,-0.12846426256096688,0.12846426256096688,0.540312197173086,FALSE,FALSE
2020-05-04,Amundsen_Bellingshausen,2.553785978,-0.1135691106969765,0.1135691106969765,0.540312197173086,FALSE,FALSE
2020-05-05,Amundsen_Bellingshausen,2.6025303,-0.09216777855610614,0.09216777855610614,0.540312197173086,FALSE,FALSE
2020-05-06,Amundsen_Bellingshausen,2.64979731,-0.07174361803212337,0.07174361803212337,0.540312197173086,FALSE,FALSE
2020-05-07,Amundsen_Bellingshausen,2.697000083,-0.05083451172089948,0.05083451172089948,0.540312197173086,FALSE,FALSE
2020-05-08,Amundsen_Bellingshausen,2.768713812,-0.00487406786863919,0.00487406786863919,0.540312197173086,FALSE,FALSE
2020-05-09,Amundsen_Bellingshausen,2.818397624,0.01957852191359999,0.01957852191359999,0.540312197173086,FALSE,FALSE
2020-05-10,Amundsen_Bellingshausen,2.868066591,0.04452001101475655,0.04452001101475655,0.540312197173086,FALSE,FALSE
2020-05-11,Amundsen_Bellingshausen,2.874873975,0.02708534282377339,0.02708534282377339,0.540312197173086,FALSE,FALSE
2020-05-12,Amundsen_Bellingshausen,2.869245356,-0.00231822127040803,0.00231822127040803,0.540312197173086,FALSE,FALSE
2020-05-13,Amundsen_Bellingshausen,2.877318333,-0.01757140087885167,0.01757140087885167,0.540312197173086,FALSE,FALSE
2020-05-14,Amundsen_Bellingshausen,2.895039461,-0.02274595961261383,0.02274595961261383,0.540312197173086,FALSE,FALSE
2020-05-15,Amundsen_Bellingshausen,2.910291253,-0.02997770308275393,0.02997770308275393,0.540312197173086,FALSE,FALSE
2020-05-16,Amundsen_Bellingshausen,2.960741302,-0.00161735690033282,0.00161735690033282,0.540312197173086,FALSE,FALSE
2020-05-17,Amundsen_Bellingshausen,3.00534831,0.02127546232359067,0.02127546232359067,0.540312197173086,FALSE,FALSE
2020-05-18,Amundsen_Bellingshausen,3.039852964,0.03442312297795702,0.03442312297795702,0.540312197173086,FALSE,FALSE
2020-05-19,Amundsen_Bellingshausen,3.076039753,0.04959185706104474,0.04959185706104474,0.540312197173086,FALSE,FALSE
2020-05-20,Amundsen_Bellingshausen,3.116005576,0.06886143077607976,0.06886143077607976,0.540312197173086,FALSE,FALSE
2020-05-21,Amundsen_Bellingshausen,3.146584307,0.07904956752592573,0.07904956752592573,0.540312197173086,FALSE,FALSE
2020-05-22,Amundsen_Bellingshausen,3.142693562,0.05505776575927301,0.05505776575927301,0.540312197173086,FALSE,FALSE
2020-05-23,Amundsen_Bellingshausen,3.147730647,0.0402672139248188,0.0402672139248188,0.540312197173086,FALSE,FALSE
2020-05-24,Amundsen_Bellingshausen,3.167302106,0.04026833847125344,0.04026833847125344,0.540312197173086,FALSE,FALSE
2020-05-25,Amundsen_Bellingshausen,3.219929603,0.07356668584726922,0.07356668584726922,0.540312197173086,FALSE,FALSE
2020-05-26,Amundsen_Bellingshausen,3.25453247,0.08906547050155922,0.08906547050155922,0.540312197173086,FALSE,FALSE
2020-05-27,Amundsen_Bellingshausen,3.268528498,0.08416636588281712,0.08416636588281712,0.540312197173086,FALSE,FALSE
2020-05-28,Amundsen_Bellingshausen,3.249910679,0.04684624643973656,0.04684624643973656,0.540312197173086,FALSE,FALSE
2020-05-29,Amundsen_Bellingshausen,3.246685034,0.02509501562100746,0.02509501562100746,0.540312197173086,FALSE,FALSE
2020-05-30,Amundsen_Bellingshausen,3.264342779,0.02438777187532403,0.02438777187532403,0.540312197173086,FALSE,FALSE
2020-05-31,Amundsen_Bellingshausen,3.291653614,0.03347809765137821,0.03347809765137821,0.540312197173086,FALSE,FALSE
2020-06-01,Amundsen_Bellingshausen,3.290319972,0.01406047666725873,0.01406047666725873,0.540312197173086,FALSE,FALSE
2020-06-02,Amundsen_Bellingshausen,3.268434262,-0.02574439471011924,0.02574439471011924,0.540312197173086,FALSE,FALSE
2020-06-03,Amundsen_Bellingshausen,3.270863857,-0.04103081098808703,0.04103081098808703,0.540312197173086,FALSE,FALSE
2020-06-04,Amundsen_Bellingshausen,3.274946167,-0.05442302930187415,0.05442302930187415,0.540312197173086,FALSE,FALSE
2020-06-05,Amundsen_Bellingshausen,3.259492752,-0.08707115678671551,0.08707115678671551,0.540312197173086,FALSE,FALSE
2020-06-06,Amundsen_Bellingshausen,3.229321708,-0.13411876457784278,0.13411876457784278,0.540312197173086,FALSE,FALSE
2020-06-07,Amundsen_Bellingshausen,3.215379427,-0.16458112781048762,0.16458112781048762,0.540312197173086,FALSE,FALSE
2020-06-08,Amundsen_Bellingshausen,3.200726157,-0.1953596656198835,0.1953596656198835,0.540312197173086,FALSE,FALSE
2020-06-09,Amundsen_Bellingshausen,3.179515126,-0.23226281714126085,0.23226281714126085,0.540312197173086,FALSE,FALSE
2020-06-10,Amundsen_Bellingshausen,3.190342775,-0.23665580850985624,0.23665580850985624,0.540312197173086,FALSE,FALSE
2020-06-11,Amundsen_Bellingshausen,3.197636024,-0.24407338686090083,0.24407338686090083,0.540312197173086,FALSE,FALSE
2020-06-12,Amundsen_Bellingshausen,3.211192899,-0.2446791933296244,0.2446791933296244,0.540312197173086,FALSE,FALSE
2020-06-13,Amundsen_Bellingshausen,3.267916747,-0.2015325717767595,0.2015325717767595,0.540312197173086,FALSE,FALSE
2020-06-14,Amundsen_Bellingshausen,3.343339174,-0.13910973712859764,0.13910973712859764,0.540312197173086,FALSE,FALSE
2020-06-15,Amundsen_Bellingshausen,3.41722966,-0.07771094224522868,0.07771094224522868,0.540312197173086,FALSE,FALSE
2020-06-16,Amundsen_Bellingshausen,3.440584633,-0.06641397761191437,0.06641397761191437,0.540312197173086,FALSE,FALSE
2020-06-17,Amundsen_Bellingshausen,3.443155899,-0.07554125571391479,0.07554125571391479,0.540312197173086,FALSE,FALSE
2020-06-18,Amundsen_Bellingshausen,3.456688849,-0.07342160403648856,0.07342160403648856,0.540312197173086,FALSE,FALSE
2020-06-19,Amundsen_Bellingshausen,3.488688757,-0.0526239670648958,0.0526239670648958,0.540312197173086,FALSE,FALSE
2020-06-20,Amundsen_Bellingshausen,3.488627697,-0.06375048928439364,0.06375048928439364,0.540312197173086,FALSE,FALSE
2020-06-21,Amundsen_Bellingshausen,3.503247594,-0.06013346418024445,0.06013346418024445,0.540312197173086,FALSE,FALSE
2020-06-22,Amundsen_Bellingshausen,3.538543244,-0.03585231423770496,0.03585231423770496,0.540312197173086,FALSE,FALSE
2020-06-23,Amundsen_Bellingshausen,3.59437974,0.0088838350579623,0.0088838350579623,0.540312197173086,FALSE,FALSE
2020-06-24,Amundsen_Bellingshausen,3.626883464,0.030127147221501,0.030127147221501,0.540312197173086,FALSE,FALSE
2020-06-25,Amundsen_Bellingshausen,3.63755072,0.02929970776764889,0.02929970776764889,0.540312197173086,FALSE,FALSE
2020-06-26,Amundsen_Bellingshausen,3.640107579,0.02006247964939422,0.02006247964939422,0.540312197173086,FALSE,FALSE
2020-06-27,Amundsen_Bellingshausen,3.663028576,0.03089373289463859,0.03089373289463859,0.540312197173086,FALSE,FALSE
2020-06-28,Amundsen_Bellingshausen,3.694123864,0.04963881263831027,0.04963881263831027,0.540312197173086,FALSE,FALSE
2020-06-29,Amundsen_Bellingshausen,3.722077731,0.0650173607523854,0.0650173607523854,0.540312197173086,FALSE,FALSE
2020-06-30,Amundsen_Bellingshausen,3.754563139,0.08473769310884105,0.08473769310884105,0.540312197173086,FALSE,FALSE
2020-07-01,Amundsen_Bellingshausen,3.788066161,0.10532123657965232,0.10532123657965232,0.540312197173086,FALSE,FALSE
2020-07-02,Amundsen_Bellingshausen,3.836771289,0.14098783703679585,0.14098783703679585,0.540312197173086,FALSE,FALSE
2020-07-03,Amundsen_Bellingshausen,3.882186959,0.17328128435225043,0.17328128435225043,0.540312197173086,FALSE,FALSE
2020-07-04,Amundsen_Bellingshausen,3.911679,0.18960276139798715,0.18960276139798715,0.540312197173086,FALSE,FALSE
2020-07-05,Amundsen_Bellingshausen,3.937245234,0.20198544404598717,0.20198544404598717,0.540312197173086,FALSE,FALSE
2020-07-06,Amundsen_Bellingshausen,3.971977589,0.2235566141682268,0.2235566141682268,0.540312197173086,FALSE,FALSE
2020-07-07,Amundsen_Bellingshausen,3.974342192,0.2128177526366799,0.2128177526366799,0.540312197173086,FALSE,FALSE
2020-07-08,Amundsen_Bellingshausen,3.974302379,0.19976751300991105,0.19976751300991105,0.540312197173086,FALSE,FALSE
2020-07-09,Amundsen_Bellingshausen,3.948548799,0.16112479905548316,0.16112479905548316,0.540312197173086,FALSE,FALSE
2020-07-10,Amundsen_Bellingshausen,3.963958217,0.1637791738033405,0.1637791738033405,0.540312197173086,FALSE,FALSE
2020-07-11,Amundsen_Bellingshausen,3.96534306,0.15255381679586133,0.15255381679586133,0.540312197173086,FALSE,FALSE
2020-07-12,Amundsen_Bellingshausen,3.960890476,0.1356466285754232,0.1356466285754232,0.540312197173086,FALSE,FALSE
2020-07-13,Amundsen_Bellingshausen,3.966345956,0.12881385268440804,0.12881385268440804,0.540312197173086,FALSE,FALSE
2020-07-14,Amundsen_Bellingshausen,3.98534138,0.13569812166519446,0.13569812166519446,0.540312197173086,FALSE,FALSE
2020-07-15,Amundsen_Bellingshausen,4.008053482,0.14648692206015834,0.14648692206015834,0.540312197173086,FALSE,FALSE
2020-07-16,Amundsen_Bellingshausen,4.030070644,0.15677938841167993,0.15677938841167993,0.540312197173086,FALSE,FALSE
2020-07-17,Amundsen_Bellingshausen,4.054680031,0.16987343826214252,0.16987343826214252,0.540312197173086,FALSE,FALSE
2020-07-18,Amundsen_Bellingshausen,4.070958784,0.17485696515391824,0.17485696515391824,0.540312197173086,FALSE,FALSE
2020-07-19,Amundsen_Bellingshausen,4.079803445,0.17263726362938625,0.17263726362938625,0.540312197173086,FALSE,FALSE
2020-07-20,Amundsen_Bellingshausen,4.086455098,0.16846617023093113,0.16846617023093113,0.540312197173086,FALSE,FALSE
2020-07-21,Amundsen_Bellingshausen,4.085530829,0.15697180345500428,0.15697180345500428,0.540312197173086,FALSE,FALSE
2020-07-22,Amundsen_Bellingshausen,4.056861102,0.11799952380755352,0.11799952380755352,0.540312197173086,FALSE,FALSE
2020-07-23,Amundsen_Bellingshausen,4.07392418,0.12504530742438957,0.12504530742438957,0.540312197173086,FALSE,FALSE
2020-07-24,Amundsen_Bellingshausen,4.094953591,0.1363604593334511,0.1363604593334511,0.540312197173086,FALSE,FALSE
2020-07-25,Amundsen_Bellingshausen,4.104948461,0.1369618825626744,0.1369618825626744,0.540312197173086,FALSE,FALSE
2020-07-26,Amundsen_Bellingshausen,4.168967243,0.1919258071400023,0.1919258071400023,0.540312197173086,FALSE,FALSE
2020-07-27,Amundsen_Bellingshausen,4.183027026,0.19728709909336395,0.19728709909336395,0.540312197173086,FALSE,FALSE
2020-07-28,Amundsen_Bellingshausen,4.175268671,0.18120439645070352,0.18120439645070352,0.540312197173086,FALSE,FALSE
2020-07-29,Amundsen_Bellingshausen,4.162845395,0.16084869323995044,0.16084869323995044,0.540312197173086,FALSE,FALSE
2020-07-30,Amundsen_Bellingshausen,4.182618164,0.17309873248905117,0.17309873248905117,0.540312197173086,FALSE,FALSE
2020-07-31,Amundsen_Bellingshausen,4.223264697,0.20665001022594165,0.20665001022594165,0.540312197173086,FALSE,FALSE
2020-08-01,Amundsen_Bellingshausen,4.231571688,0.2083069974785534,0.2083069974785534,0.540312197173086,FALSE,FALSE
2020-08-02,Amundsen_Bellingshausen,4.194350937,0.16489927074733846,0.16489927074733846,0.540312197173086,FALSE,FALSE
2020-08-03,Amundsen_Bellingshausen,4.098881347,0.06370926939936261,0.06370926939936261,0.540312197173086,FALSE,FALSE
2020-08-04,Amundsen_Bellingshausen,4.045552004,0.00507824613990681,0.00507824613990681,0.540312197173086,FALSE,FALSE
2020-08-05,Amundsen_Bellingshausen,4.009687042,-0.03572907779706558,0.03572907779706558,0.540312197173086,FALSE,FALSE
2020-08-06,Amundsen_Bellingshausen,3.980143176,-0.06991540017760256,0.06991540017760256,0.540312197173086,FALSE,FALSE
2020-08-07,Amundsen_Bellingshausen,3.951585072,-0.1028754677677406,0.1028754677677406,0.540312197173086,FALSE,FALSE
2020-08-08,Amundsen_Bellingshausen,3.946382996,-0.11229842733352811,0.11229842733352811,0.540312197173086,FALSE,FALSE
2020-08-09,Amundsen_Bellingshausen,3.979651158,-0.08312948164100797,0.08312948164100797,0.540312197173086,FALSE,FALSE
2020-08-10,Amundsen_Bellingshausen,4.047437912,-0.01937968945621548,0.01937968945621548,0.540312197173086,FALSE,FALSE
2020-08-11,Amundsen_Bellingshausen,4.122997045,0.05214532345479839,0.05214532345479839,0.540312197173086,FALSE,FALSE
2020-08-12,Amundsen_Bellingshausen,4.138030345,0.0630879323259963,0.0630879323259963,0.540312197173086,FALSE,FALSE
2020-08-13,Amundsen_Bellingshausen,4.166468747,0.08731965939133168,0.08731965939133168,0.540312197173086,FALSE,FALSE
2020-08-14,Amundsen_Bellingshausen,4.165977201,0.08244604188476412,0.08244604188476412,0.540312197173086,FALSE,FALSE
2020-08-15,Amundsen_Bellingshausen,4.14415196,0.05600608167974119,0.05600608167974119,0.540312197173086,FALSE,FALSE
2020-08-16,Amundsen_Bellingshausen,4.128983008,0.03599676065228152,0.03599676065228152,0.540312197173086,FALSE,FALSE
2020-08-17,Amundsen_Bellingshausen,4.142436912,0.04446518172895697,0.04446518172895697,0.540312197173086,FALSE,FALSE
2020-08-18,Amundsen_Bellingshausen,4.244631271,0.14161350991160848,0.14161350991160848,0.540312197173086,FALSE,FALSE
2020-08-19,Amundsen_Bellingshausen,4.312947692,0.2049079182020712,0.2049079182020712,0.540312197173086,FALSE,FALSE
2020-08-20,Amundsen_Bellingshausen,4.327704495,0.21475129260217685,0.21475129260217685,0.540312197173086,FALSE,FALSE
2020-08-21,Amundsen_Bellingshausen,4.331871975,0.21419849411376737,0.21419849411376737,0.540312197173086,FALSE,FALSE
2020-08-22,Amundsen_Bellingshausen,4.316874772,0.19475872873867495,0.19475872873867495,0.540312197173086,FALSE,FALSE
2020-08-23,Amundsen_Bellingshausen,4.302060621,0.17586429747873744,0.17586429747873744,0.540312197173086,FALSE,FALSE
2020-08-24,Amundsen_Bellingshausen,4.301230635,0.17140087933579373,0.17140087933579373,0.540312197173086,FALSE,FALSE
2020-08-25,Amundsen_Bellingshausen,4.316297705,0.18336593131167067,0.18336593131167067,0.540312197173086,FALSE,FALSE
2020-08-26,Amundsen_Bellingshausen,4.31362104,0.17820322840821667,0.17820322840821667,0.540312197173086,FALSE,FALSE
2020-08-27,Amundsen_Bellingshausen,4.29784499,0.16064168662725642,0.16064168662725642,0.540312197173086,FALSE,FALSE
2020-08-28,Amundsen_Bellingshausen,4.28865706,0.15043838549362043,0.15043838549362043,0.540312197173086,FALSE,FALSE
2020-08-29,Amundsen_Bellingshausen,4.320201726,0.18171626189224188,0.18171626189224188,0.540312197173086,FALSE,FALSE
2020-08-30,Amundsen_Bellingshausen,4.33844152,0.20038207441101452,0.20038207441101452,0.540312197173086,FALSE,FALSE
2020-08-31,Amundsen_Bellingshausen,4.364545713,0.22754925923274083,0.22754925923274083,0.540312197173086,FALSE,FALSE
2020-09-01,Amundsen_Bellingshausen,4.399975584,0.2646232605402181,0.2646232605402181,0.540312197173086,FALSE,FALSE
2020-09-02,Amundsen_Bellingshausen,4.46257824,0.329395350516255,0.329395350516255,0.540312197173086,FALSE,FALSE
2020-09-03,Amundsen_Bellingshausen,4.539892141,0.40934815434364946,0.40934815434364946,0.540312197173086,FALSE,FALSE
2020-09-04,Amundsen_Bellingshausen,4.577072292,0.4495808422052052,0.4495808422052052,0.540312197173086,FALSE,FALSE
2020-09-05,Amundsen_Bellingshausen,4.596326715,0.4722456012837233,0.4722456012837233,0.540312197173086,FALSE,FALSE
2020-09-06,Amundsen_Bellingshausen,4.618587387,0.4982185737620073,0.4982185737620073,0.540312197173086,FALSE,FALSE
2020-09-07,Amundsen_Bellingshausen,4.621982215,0.5055718318228557,0.5055718318228557,0.540312197173086,FALSE,FALSE
2020-09-08,Amundsen_Bellingshausen,4.609989946,0.49772828764907207,0.49772828764907207,0.540312197173086,FALSE,FALSE
2020-09-09,Amundsen_Bellingshausen,4.586736711,0.4787584939494405,0.4787584939494405,0.540312197173086,FALSE,FALSE
2020-09-10,Amundsen_Bellingshausen,4.497605734,0.39401444886459736,0.39401444886459736,0.540312197173086,FALSE,FALSE
2020-09-11,Amundsen_Bellingshausen,4.431199665,0.33211164489229006,0.33211164489229006,0.540312197173086,FALSE,FALSE
2020-09-12,Amundsen_Bellingshausen,4.382318521,0.2878675815440843,0.2878675815440843,0.540312197173086,FALSE,FALSE
2020-09-13,Amundsen_Bellingshausen,4.359150376,0.2694878153315461,0.2694878153315461,0.540312197173086,FALSE,FALSE
2020-09-14,Amundsen_Bellingshausen,4.348386869,0.26368146776622847,0.26368146776622847,0.540312197173086,FALSE,FALSE
2020-09-15,Amundsen_Bellingshausen,4.31380376,0.2342417813597022,0.2342417813597022,0.540312197173086,FALSE,FALSE
2020-09-16,Amundsen_Bellingshausen,4.235731545,0.16151673462352534,0.16151673462352534,0.540312197173086,FALSE,FALSE
2020-09-17,Amundsen_Bellingshausen,4.193331986,0.12468557206925812,0.12468557206925812,0.540312197173086,FALSE,FALSE
2020-09-18,Amundsen_Bellingshausen,4.171411201,0.10857189420846948,0.10857189420846948,0.540312197173086,FALSE,FALSE
2020-09-19,Amundsen_Bellingshausen,4.159977444,0.1032014375527206,0.1032014375527206,0.540312197173086,FALSE,FALSE
2020-09-20,Amundsen_Bellingshausen,4.150468516,0.10002948561356996,0.10002948561356996,0.540312197173086,FALSE,FALSE
2020-09-21,Amundsen_Bellingshausen,4.144300364,0.10048946790258118,0.10048946790258118,0.540312197173086,FALSE,FALSE
2020-09-22,Amundsen_Bellingshausen,4.147892143,0.11101744085612976,0.11101744085612976,0.540312197173086,FALSE,FALSE
2020-09-23,Amundsen_Bellingshausen,4.12930628,0.09968651184693744,0.09968651184693744,0.540312197173086,FALSE,FALSE
2020-09-24,Amundsen_Bellingshausen,4.097320048,0.07528086045490845,0.07528086045490845,0.540312197173086,FALSE,FALSE
2020-09-25,Amundsen_Bellingshausen,4.073357954,0.0592318473094533,0.0592318473094533,0.540312197173086,FALSE,FALSE
2020-09-26,Amundsen_Bellingshausen,4.058699513,0.05282584103999621,0.05282584103999621,0.540312197173086,FALSE,FALSE
2020-09-27,Amundsen_Bellingshausen,4.03265198,0.03537695027595244,0.03537695027595244,0.540312197173086,FALSE,FALSE
2020-09-28,Amundsen_Bellingshausen,4.026245832,0.03792250564674182,0.03792250564674182,0.540312197173086,FALSE,FALSE
2020-09-29,Amundsen_Bellingshausen,4.021868179,0.04285647078177979,0.04285647078177979,0.540312197173086,FALSE,FALSE
2020-09-30,Amundsen_Bellingshausen,4.014984678,0.045651356310489,0.045651356310489,0.540312197173086,FALSE,FALSE
2020-10-01,Amundsen_Bellingshausen,4.069903329,0.1106220158622846,0.1106220158622846,0.540312197173086,FALSE,FALSE
2020-10-02,Amundsen_Bellingshausen,4.130925225,0.18207639606658832,0.18207639606658832,0.540312197173086,FALSE,FALSE
2020-10-03,Amundsen_Bellingshausen,4.14319622,0.2051672045528159,0.2051672045528159,0.540312197173086,FALSE,FALSE
2020-10-04,Amundsen_Bellingshausen,4.129965028,0.2031499938421524,0.2031499938421524,0.540312197173086,FALSE,FALSE
2020-10-05,Amundsen_Bellingshausen,4.107630716,0.19241239408930877,0.19241239408930877,0.540312197173086,FALSE,FALSE
2020-10-06,Amundsen_Bellingshausen,4.079496424,0.1761923505575984,0.1761923505575984,0.540312197173086,FALSE,FALSE
2020-10-07,Amundsen_Bellingshausen,4.042367393,0.15122007461012155,0.15122007461012155,0.540312197173086,FALSE,FALSE
2020-10-08,Amundsen_Bellingshausen,4.001460199,0.12263711260997434,0.12263711260997434,0.540312197173086,FALSE,FALSE
2020-10-09,Amundsen_Bellingshausen,3.989163983,0.12275757592024927,0.12275757592024927,0.540312197173086,FALSE,FALSE
2020-10-10,Amundsen_Bellingshausen,3.984015692,0.1300433819040463,0.1300433819040463,0.540312197173086,FALSE,FALSE
2020-10-11,Amundsen_Bellingshausen,3.968556684,0.12696085892446263,0.12696085892446263,0.540312197173086,FALSE,FALSE
2020-10-12,Amundsen_Bellingshausen,3.946437282,0.1170853003445922,0.1170853003445922,0.540312197173086,FALSE,FALSE
2020-10-13,Amundsen_Bellingshausen,3.910308423,0.09299261352753518,0.09299261352753518,0.540312197173086,FALSE,FALSE
2020-10-14,Amundsen_Bellingshausen,3.879572158,0.07400981983638477,0.07400981983638477,0.540312197173086,FALSE,FALSE
2020-10-15,Amundsen_Bellingshausen,3.869777924,0.0756113266342382,0.0756113266342382,0.540312197173086,FALSE,FALSE
2020-10-16,Amundsen_Bellingshausen,3.862602412,0.07939879528419347,0.07939879528419347,0.540312197173086,FALSE,FALSE
2020-10-17,Amundsen_Bellingshausen,3.884662539,0.11191740558832208,0.11191740558832208,0.540312197173086,FALSE,FALSE
2020-10-18,Amundsen_Bellingshausen,3.920058154,0.15726519977700404,0.15726519977700404,0.540312197173086,FALSE,FALSE
2020-10-19,Amundsen_Bellingshausen,3.929816276,0.17653424463927037,0.17653424463927037,0.540312197173086,FALSE,FALSE
2020-10-20,Amundsen_Bellingshausen,3.954824718,0.21068007783898143,0.21068007783898143,0.540312197173086,FALSE,FALSE
2020-10-21,Amundsen_Bellingshausen,3.999189182,0.2638761260399969,0.2638761260399969,0.540312197173086,FALSE,FALSE
2020-10-22,Amundsen_Bellingshausen,3.983995729,0.2572761749061807,0.2572761749061807,0.540312197173086,FALSE,FALSE
2020-10-23,Amundsen_Bellingshausen,3.972789252,0.254492842101389,0.254492842101389,0.540312197173086,FALSE,FALSE
2020-10-24,Amundsen_Bellingshausen,3.986736224,0.27676032528948413,0.27676032528948413,0.540312197173086,FALSE,FALSE
2020-10-25,Amundsen_Bellingshausen,3.998781214,0.29709091813432664,0.29709091813432664,0.540312197173086,FALSE,FALSE
2020-10-26,Amundsen_Bellingshausen,3.996248964,0.30287708729977814,0.30287708729977814,0.540312197173086,FALSE,FALSE
2020-10-27,Amundsen_Bellingshausen,3.946881685,0.2619287684496969,0.2619287684496969,0.540312197173086,FALSE,FALSE
2020-10-28,Amundsen_Bellingshausen,3.903567873,0.2272021822479449,0.2272021822479449,0.540312197173086,FALSE,FALSE
2020-10-29,Amundsen_Bellingshausen,3.877506376,0.20996390135838272,0.20996390135838272,0.540312197173086,FALSE,FALSE
2020-10-30,Amundsen_Bellingshausen,3.862709007,0.20428243798385015,0.20428243798385015,0.540312197173086,FALSE,FALSE
2020-10-31,Amundsen_Bellingshausen,3.888657269,0.2396417246139668,0.2396417246139668,0.540312197173086,FALSE,FALSE
2020-11-01,Amundsen_Bellingshausen,3.901825773,0.26250213219131346,0.26250213219131346,0.540312197173086,FALSE,FALSE
2020-11-02,Amundsen_Bellingshausen,3.878964843,0.2495997401772501,0.2495997401772501,0.540312197173086,FALSE,FALSE
2020-11-03,Amundsen_Bellingshausen,3.832086797,0.21293262203314356,0.21293262203314356,0.540312197173086,FALSE,FALSE
2020-11-04,Amundsen_Bellingshausen,3.784696701,0.17599159922035668,0.17599159922035668,0.540312197173086,FALSE,FALSE
2020-11-05,Amundsen_Bellingshausen,3.769667415,0.17163528720025578,0.17163528720025578,0.540312197173086,FALSE,FALSE
2020-11-06,Amundsen_Bellingshausen,3.752798212,0.16564871443420293,0.16564871443420293,0.540312197173086,FALSE,FALSE
2020-11-07,Amundsen_Bellingshausen,3.708828787,0.13275733138356394,0.13275733138356394,0.540312197173086,FALSE,FALSE
2020-11-08,Amundsen_Bellingshausen,3.685386754,0.12057450750970666,0.12057450750970666,0.540312197173086,FALSE,FALSE
2020-11-09,Amundsen_Bellingshausen,3.652724018,0.09933790327399183,0.09933790327399183,0.540312197173086,FALSE,FALSE
2020-11-10,Amundsen_Bellingshausen,3.623468162,0.08166085713778459,0.08166085713778459,0.540312197173086,FALSE,FALSE
2020-11-11,Amundsen_Bellingshausen,3.601680967,0.0715908847414819,0.0715908847414819,0.540312197173086,FALSE,FALSE
2020-11-12,Amundsen_Bellingshausen,3.58203986,0.06378999593036339,0.06378999593036339,0.540312197173086,FALSE,FALSE
2020-11-13,Amundsen_Bellingshausen,3.585523592,0.07921979316130434,0.07921979316130434,0.540312197173086,FALSE,FALSE
2020-11-14,Amundsen_Bellingshausen,3.574151936,0.07988275808016976,0.07988275808016976,0.540312197173086,FALSE,FALSE
2020-11-15,Amundsen_Bellingshausen,3.570221753,0.08805846033281783,0.08805846033281783,0.540312197173086,FALSE,FALSE
2020-11-16,Amundsen_Bellingshausen,3.555857111,0.08585367656510945,0.08585367656510945,0.540312197173086,FALSE,FALSE
2020-11-17,Amundsen_Bellingshausen,3.540184703,0.08237780842290521,0.08237780842290521,0.540312197173086,FALSE,FALSE
2020-11-18,Amundsen_Bellingshausen,3.536022165,0.0904312005520671,0.0904312005520671,0.540312197173086,FALSE,FALSE
2020-11-19,Amundsen_Bellingshausen,3.549996539,0.1166236035984527,0.1166236035984527,0.540312197173086,FALSE,FALSE
2020-11-20,Amundsen_Bellingshausen,3.560192042,0.13902194320792516,0.13902194320792516,0.540312197173086,FALSE,FALSE
2020-11-21,Amundsen_Bellingshausen,3.566977505,0.15797775902634603,0.15797775902634603,0.540312197173086,FALSE,FALSE
2020-11-22,Amundsen_Bellingshausen,3.576527447,0.17964827869957345,0.17964827869957345,0.540312197173086,FALSE,FALSE
2020-11-23,Amundsen_Bellingshausen,3.563931293,0.1791056358734684,0.1791056358734684,0.540312197173086,FALSE,FALSE
2020-11-24,Amundsen_Bellingshausen,3.567420874,0.19456910849801232,0.19456910849801232,0.540312197173086,FALSE,FALSE
2020-11-25,Amundsen_Bellingshausen,3.55842019,0.197490219305541,0.197490219305541,0.540312197173086,FALSE,FALSE
2020-11-26,Amundsen_Bellingshausen,3.553109715,0.20409711617073656,0.20409711617073656,0.540312197173086,FALSE,FALSE
2020-11-27,Amundsen_Bellingshausen,3.530671162,0.19361933860148903,0.19361933860148903,0.540312197173086,FALSE,FALSE
2020-11-28,Amundsen_Bellingshausen,3.50262839,0.1776285721056765,0.1776285721056765,0.540312197173086,FALSE,FALSE
2020-11-29,Amundsen_Bellingshausen,3.49114611,0.1783373541911848,0.1783373541911848,0.540312197173086,FALSE,FALSE
2020-11-30,Amundsen_Bellingshausen,3.471229989,0.17079917836589642,0.17079917836589642,0.540312197173086,FALSE,FALSE
2020-12-01,Amundsen_Bellingshausen,3.441150029,0.15333187313769558,0.15333187313769558,0.540312197173086,FALSE,FALSE
2020-12-02,Amundsen_Bellingshausen,3.414102754,0.13917978901446393,0.13917978901446393,0.540312197173086,FALSE,FALSE
2020-12-03,Amundsen_Bellingshausen,3.38239658,0.12069916850408811,0.12069916850408811,0.540312197173086,FALSE,FALSE
2020-12-04,Amundsen_Bellingshausen,3.360158584,0.11206491511444884,0.11206491511444884,0.540312197173086,FALSE,FALSE
2020-12-05,Amundsen_Bellingshausen,3.340602809,0.10653889835343122,0.10653889835343122,0.540312197173086,FALSE,FALSE
2020-12-06,Amundsen_Bellingshausen,3.363336594,0.1437763544947348,0.1437763544947348,0.540312197173086,FALSE,FALSE
2020-12-07,Amundsen_Bellingshausen,3.368621295,0.16410850478576,0.16410850478576,0.540312197173086,FALSE,FALSE
2020-12-08,Amundsen_Bellingshausen,3.378868164,0.190069445160312,0.190069445160312,0.540312197173086,FALSE,FALSE
2020-12-09,Amundsen_Bellingshausen,3.391866837,0.2195794816852832,0.2195794816852832,0.540312197173086,FALSE,FALSE
2020-12-10,Amundsen_Bellingshausen,3.359358683,0.20451065342757024,0.20451065342757024,0.540312197173086,FALSE,FALSE
2020-12-11,Amundsen_Bellingshausen,3.344538058,0.20818798645406345,0.20818798645406345,0.540312197173086,FALSE,FALSE
2020-12-12,Amundsen_Bellingshausen,3.296923728,0.18026091683166312,0.18026091683166312,0.540312197173086,FALSE,FALSE
2020-12-13,Amundsen_Bellingshausen,3.247243372,0.1515877936272565,0.1515877936272565,0.540312197173086,FALSE,FALSE
2020-12-14,Amundsen_Bellingshausen,3.218749069,0.14555136590774254,0.14555136590774254,0.540312197173086,FALSE,FALSE
2020-12-15,Amundsen_Bellingshausen,3.200304729,0.15114621374001525,0.15114621374001525,0.540312197173086,FALSE,FALSE
2020-12-16,Amundsen_Bellingshausen,3.194733869,0.17132652419096717,0.17132652419096717,0.540312197173086,FALSE,FALSE
2020-12-17,Amundsen_Bellingshausen,3.168476938,0.17266341632749382,0.17266341632749382,0.540312197173086,FALSE,FALSE
2020-12-18,Amundsen_Bellingshausen,3.154723532,0.1884771562164893,0.1884771562164893,0.540312197173086,FALSE,FALSE
2020-12-19,Amundsen_Bellingshausen,3.108241358,0.17365617605840455,0.17365617605840455,0.540312197173086,FALSE,FALSE
2020-12-20,Amundsen_Bellingshausen,3.071932452,0.17106598954613172,0.17106598954613172,0.540312197173086,FALSE,FALSE
2020-12-21,Amundsen_Bellingshausen,2.982203642,0.1169513841101475,0.1169513841101475,0.540312197173086,FALSE,FALSE
2020-12-22,Amundsen_Bellingshausen,2.864152108,0.03624400137324501,0.03624400137324501,0.540312197173086,FALSE,FALSE
2020-12-23,Amundsen_Bellingshausen,2.792857678,0.0038581309582053,0.0038581309582053,0.540312197173086,FALSE,FALSE
2020-12-24,Amundsen_Bellingshausen,2.733682484,-0.01500963351218231,0.01500963351218231,0.540312197173086,FALSE,FALSE
2020-12-25,Amundsen_Bellingshausen,2.69568471,-0.01146664641513073,0.01146664641513073,0.540312197173086,FALSE,FALSE
2020-12-26,Amundsen_Bellingshausen,2.57731627,-0.08722653212785092,0.08722653212785092,0.540312197173086,FALSE,FALSE
2020-12-27,Amundsen_Bellingshausen,2.490956686,-0.13007530702755998,0.13007530702755998,0.540312197173086,FALSE,FALSE
2020-12-28,Amundsen_Bellingshausen,2.443196265,-0.13358820249147074,0.13358820249147074,0.540312197173086,FALSE,FALSE
2020-12-29,Amundsen_Bellingshausen,2.378115926,-0.1538498378967894,0.1538498378967894,0.540312197173086,FALSE,FALSE
2020-12-30,Amundsen_Bellingshausen,2.298224263,-0.1885171576207365,0.1885171576207365,0.540312197173086,FALSE,FALSE
2020-12-31,Amundsen_Bellingshausen,2.227464646,-0.2138123300405241,0.2138123300405241,0.540312197173086,FALSE,FALSE
2021-01-01,Amundsen_Bellingshausen,2.214218094,-0.22705888204052416,0.22705888204052416,0.540312197173086,FALSE,FALSE
2021-01-02,Amundsen_Bellingshausen,2.159543912,-0.2361872985273288,0.2361872985273288,0.540312197173086,FALSE,FALSE
2021-01-03,Amundsen_Bellingshausen,2.042585929,-0.3076499434281885,0.3076499434281885,0.540312197173086,FALSE,FALSE
2021-01-04,Amundsen_Bellingshausen,1.944669554,-0.36024639808409575,0.36024639808409575,0.540312197173086,FALSE,FALSE
2021-01-05,Amundsen_Bellingshausen,1.915155314,-0.3447411258360613,0.3447411258360613,0.540312197173086,FALSE,FALSE
2021-01-06,Amundsen_Bellingshausen,1.86042912,-0.3548732060250792,0.3548732060250792,0.540312197173086,FALSE,FALSE
2021-01-07,Amundsen_Bellingshausen,1.787946638,-0.38331196299215464,0.38331196299215464,0.540312197173086,FALSE,FALSE
2021-01-08,Amundsen_Bellingshausen,1.747562232,-0.3803280230782864,0.3803280230782864,0.540312197173086,FALSE,FALSE
2021-01-09,Amundsen_Bellingshausen,1.709741505,-0.37558077362447473,0.37558077362447473,0.540312197173086,FALSE,FALSE
2021-01-10,Amundsen_Bellingshausen,1.671901768,-0.37177789397171934,0.37177789397171934,0.540312197173086,FALSE,FALSE
2021-01-11,Amundsen_Bellingshausen,1.640586261,-0.3625011344610225,0.3625011344610225,0.540312197173086,FALSE,FALSE
2021-01-12,Amundsen_Bellingshausen,1.595135581,-0.36853488843338433,0.36853488843338433,0.540312197173086,FALSE,FALSE
2021-01-13,Amundsen_Bellingshausen,1.57872093,-0.3468329442298037,0.3468329442298037,0.540312197173086,FALSE,FALSE
2021-01-14,Amundsen_Bellingshausen,1.54374594,-0.3451147043769016,0.3451147043769016,0.540312197173086,FALSE,FALSE
2021-01-15,Amundsen_Bellingshausen,1.522501119,-0.3311425113190445,0.3311425113190445,0.540312197173086,FALSE,FALSE
2021-01-16,Amundsen_Bellingshausen,1.497822816,-0.322044940872952,0.322044940872952,0.540312197173086,FALSE,FALSE
2021-01-17,Amundsen_Bellingshausen,1.476993633,-0.3104987551400227,0.3104987551400227,0.540312197173086,FALSE,FALSE
2021-01-18,Amundsen_Bellingshausen,1.45706254,-0.2994143482216576,0.2994143482216576,0.540312197173086,FALSE,FALSE
2021-01-19,Amundsen_Bellingshausen,1.452945456,-0.27383516521925566,0.27383516521925566,0.540312197173086,FALSE,FALSE
2021-01-20,Amundsen_Bellingshausen,1.439617597,-0.25874535423421885,0.25874535423421885,0.540312197173086,FALSE,FALSE
2021-01-21,Amundsen_Bellingshausen,1.416114446,-0.25506879636794544,0.25506879636794544,0.540312197173086,FALSE,FALSE
2021-01-22,Amundsen_Bellingshausen,1.395826413,-0.2493744457218361,0.2493744457218361,0.540312197173086,FALSE,FALSE
2021-01-23,Amundsen_Bellingshausen,1.398927164,-0.22144800039729184,0.22144800039729184,0.540312197173086,FALSE,FALSE
2021-01-24,Amundsen_Bellingshausen,1.388210867,-0.2084546564957108,0.2084546564957108,0.540312197173086,FALSE,FALSE
2021-01-25,Amundsen_Bellingshausen,1.34648503,-0.22754627011849515,0.22754627011849515,0.540312197173086,FALSE,FALSE
2021-01-26,Amundsen_Bellingshausen,1.325016652,-0.22741520636704335,0.22741520636704335,0.540312197173086,FALSE,FALSE
2021-01-27,Amundsen_Bellingshausen,1.312721855,-0.21910691146764472,0.21910691146764472,0.540312197173086,FALSE,FALSE
2021-01-28,Amundsen_Bellingshausen,1.320158176,-0.19204033737945148,0.19204033737945148,0.540312197173086,FALSE,FALSE
2021-01-29,Amundsen_Bellingshausen,1.315685801,-0.17783797404527668,0.17783797404527668,0.540312197173086,FALSE,FALSE
2021-01-30,Amundsen_Bellingshausen,1.308369343,-0.16741790433817716,0.16741790433817716,0.540312197173086,FALSE,FALSE
2021-01-31,Amundsen_Bellingshausen,1.286797649,-0.17217397713120386,0.17217397713120386,0.540312197173086,FALSE,FALSE
2021-02-01,Amundsen_Bellingshausen,1.24130249,-0.2017571172974104,0.2017571172974104,0.540312197173086,FALSE,FALSE
2021-02-02,Amundsen_Bellingshausen,1.216274588,-0.21175929870985088,0.21175929870985088,0.540312197173086,FALSE,FALSE
2021-02-03,Amundsen_Bellingshausen,1.194480401,-0.2193967592415773,0.2193967592415773,0.540312197173086,FALSE,FALSE
2021-02-04,Amundsen_Bellingshausen,1.195311196,-0.2052609277656421,0.2052609277656421,0.540312197173086,FALSE,FALSE
2021-02-05,Amundsen_Bellingshausen,1.201683071,-0.18641840215510097,0.18641840215510097,0.540312197173086,FALSE,FALSE
2021-02-06,Amundsen_Bellingshausen,1.196997125,-0.1794507792830049,0.1794507792830049,0.540312197173086,FALSE,FALSE
2021-02-07,Amundsen_Bellingshausen,1.188410481,-0.17718363202240717,0.17718363202240717,0.540312197173086,FALSE,FALSE
2021-02-08,Amundsen_Bellingshausen,1.195800725,-0.1597221558207964,0.1597221558207964,0.540312197173086,FALSE,FALSE
2021-02-09,Amundsen_Bellingshausen,1.20002637,-0.14620191694670748,0.14620191694670748,0.540312197173086,FALSE,FALSE
2021-02-10,Amundsen_Bellingshausen,1.196362347,-0.14136453232132085,0.14136453232132085,0.540312197173086,FALSE,FALSE
2021-02-11,Amundsen_Bellingshausen,1.172746326,-0.1572915364155563,0.1572915364155563,0.540312197173086,FALSE,FALSE
2021-02-12,Amundsen_Bellingshausen,1.184029971,-0.13915046970033584,0.13915046970033584,0.540312197173086,FALSE,FALSE
2021-02-13,Amundsen_Bellingshausen,1.200736865,-0.1164369536465808,0.1164369536465808,0.540312197173086,FALSE,FALSE
2021-02-14,Amundsen_Bellingshausen,1.208813916,-0.10322328472521104,0.10322328472521104,0.540312197173086,FALSE,FALSE
2021-02-15,Amundsen_Bellingshausen,1.206838699,-0.10095109240714883,0.10095109240714883,0.540312197173086,FALSE,FALSE
2021-02-16,Amundsen_Bellingshausen,1.230826442,-0.07362435316331606,0.07362435316331606,0.540312197173086,FALSE,FALSE
2021-02-17,Amundsen_Bellingshausen,1.232851922,-0.06918749446463113,0.06918749446463113,0.540312197173086,FALSE,FALSE
2021-02-18,Amundsen_Bellingshausen,1.233207166,-0.06736769378201712,0.06736769378201712,0.540312197173086,FALSE,FALSE
2021-02-19,Amundsen_Bellingshausen,1.238997487,-0.06107884258639573,0.06107884258639573,0.540312197173086,FALSE,FALSE
2021-02-20,Amundsen_Bellingshausen,1.226204167,-0.07435886334868647,0.07435886334868647,0.540312197173086,FALSE,FALSE
2021-02-21,Amundsen_Bellingshausen,1.203815692,-0.09823515160350473,0.09823515160350473,0.540312197173086,FALSE,FALSE
2021-02-22,Amundsen_Bellingshausen,1.215716988,-0.08879837682457814,0.08879837682457814,0.540312197173086,FALSE,FALSE
2021-02-23,Amundsen_Bellingshausen,1.223283449,-0.08462194043991889,0.08462194043991889,0.540312197173086,FALSE,FALSE
2021-02-24,Amundsen_Bellingshausen,1.224943918,-0.08722531041386206,0.08722531041386206,0.540312197173086,FALSE,FALSE
2021-02-25,Amundsen_Bellingshausen,1.222173603,-0.09508158971074998,0.09508158971074998,0.540312197173086,FALSE,FALSE
2021-02-26,Amundsen_Bellingshausen,1.225747695,-0.09736389829492142,0.09736389829492142,0.540312197173086,FALSE,FALSE
2021-02-27,Amundsen_Bellingshausen,1.220906369,-0.10878037213071567,0.10878037213071567,0.540312197173086,FALSE,FALSE
2021-02-28,Amundsen_Bellingshausen,1.227579847,-0.1093491001824709,0.1093491001824709,0.540312197173086,FALSE,FALSE
2021-03-01,Amundsen_Bellingshausen,1.234768639,-0.11001788341452778,0.11001788341452778,0.540312197173086,FALSE,FALSE
2021-03-02,Amundsen_Bellingshausen,1.24855956,-0.10464821779122536,0.10464821779122536,0.540312197173086,FALSE,FALSE
2021-03-03,Amundsen_Bellingshausen,1.259637187,-0.10250383727690315,0.10250383727690315,0.540312197173086,FALSE,FALSE
2021-03-04,Amundsen_Bellingshausen,1.278371901,-0.09316267183589975,0.09316267183589975,0.540312197173086,FALSE,FALSE
2021-03-05,Amundsen_Bellingshausen,1.276194292,-0.10514244575963216,0.10514244575963216,0.540312197173086,FALSE,FALSE
2021-03-06,Amundsen_Bellingshausen,1.273047133,-0.1184610766496994,0.1184610766496994,0.540312197173086,FALSE,FALSE
2021-03-07,Amundsen_Bellingshausen,1.263624274,-0.1384256976724978,0.1384256976724978,0.540312197173086,FALSE,FALSE
2021-03-08,Amundsen_Bellingshausen,1.251148901,-0.1618222918512502,0.1618222918512502,0.540312197173086,FALSE,FALSE
2021-03-09,Amundsen_Bellingshausen,1.250695972,-0.17358507020918057,0.17358507020918057,0.540312197173086,FALSE,FALSE
2021-03-10,Amundsen_Bellingshausen,1.261398389,-0.17459029976951124,0.17459029976951124,0.540312197173086,FALSE,FALSE
2021-03-11,Amundsen_Bellingshausen,1.254444821,-0.19365848055546597,0.19365848055546597,0.540312197173086,FALSE,FALSE
2021-03-12,Amundsen_Bellingshausen,1.243101289,-0.2175327605902684,0.2175327605902684,0.540312197173086,FALSE,FALSE
2021-03-13,Amundsen_Bellingshausen,1.258114141,-0.21547596089714327,0.21547596089714327,0.540312197173086,FALSE,FALSE
2021-03-14,Amundsen_Bellingshausen,1.280606604,-0.2063740234993112,0.2063740234993112,0.540312197173086,FALSE,FALSE
2021-03-15,Amundsen_Bellingshausen,1.294946786,-0.20586800941999672,0.20586800941999672,0.540312197173086,FALSE,FALSE
2021-03-16,Amundsen_Bellingshausen,1.29798534,-0.2171164346824248,0.2171164346824248,0.540312197173086,FALSE,FALSE
2021-03-17,Amundsen_Bellingshausen,1.302887041,-0.2269636933098167,0.2269636933098167,0.540312197173086,FALSE,FALSE
2021-03-18,Amundsen_Bellingshausen,1.297432114,-0.24763823854343817,0.24763823854343817,0.540312197173086,FALSE,FALSE
2021-03-19,Amundsen_Bellingshausen,1.292471517,-0.2682855334166796,0.2682855334166796,0.540312197173086,FALSE,FALSE
2021-03-20,Amundsen_Bellingshausen,1.302222463,-0.27467196482083023,0.27467196482083023,0.540312197173086,FALSE,FALSE
2021-03-21,Amundsen_Bellingshausen,1.314633247,-0.2788322340068332,0.2788322340068332,0.540312197173086,FALSE,FALSE
2021-03-22,Amundsen_Bellingshausen,1.330460918,-0.2799922882256325,0.2799922882256325,0.540312197173086,FALSE,FALSE
2021-03-23,Amundsen_Bellingshausen,1.384616688,-0.24322391172817204,0.24322391172817204,0.540312197173086,FALSE,FALSE
2021-03-24,Amundsen_Bellingshausen,1.433799467,-0.21181119076539257,0.21181119076539257,0.540312197173086,FALSE,FALSE
2021-03-25,Amundsen_Bellingshausen,1.483462724,-0.1802836525882403,0.1802836525882403,0.540312197173086,FALSE,FALSE
2021-03-26,Amundsen_Bellingshausen,1.50913775,-0.1730930024476578,0.1730930024476578,0.540312197173086,FALSE,FALSE
2021-03-27,Amundsen_Bellingshausen,1.502928398,-0.198118383594587,0.198118383594587,0.540312197173086,FALSE,FALSE
2021-03-28,Amundsen_Bellingshausen,1.487685822,-0.2324916382799731,0.2324916382799731,0.540312197173086,FALSE,FALSE
2021-03-29,Amundsen_Bellingshausen,1.477539337,-0.2620664477547592,0.2620664477547592,0.540312197173086,FALSE,FALSE
2021-03-30,Amundsen_Bellingshausen,1.496019663,-0.2632950882698881,0.2632950882698881,0.540312197173086,FALSE,FALSE
2021-03-31,Amundsen_Bellingshausen,1.521777474,-0.25751284170334765,0.25751284170334765,0.540312197173086,FALSE,FALSE
2021-04-01,Amundsen_Bellingshausen,1.55523447,-0.2443001413528907,0.2443001413528907,0.540312197173086,FALSE,FALSE
2021-04-02,Amundsen_Bellingshausen,1.580466184,-0.23958908714185023,0.23958908714185023,0.540312197173086,FALSE,FALSE
2021-04-03,Amundsen_Bellingshausen,1.604018845,-0.2368410875401019,0.2368410875401019,0.540312197173086,FALSE,FALSE
2021-04-04,Amundsen_Bellingshausen,1.625330316,-0.23662591701751776,0.23662591701751776,0.540312197173086,FALSE,FALSE
2021-04-05,Amundsen_Bellingshausen,1.648530764,-0.23482104604397305,0.23482104604397305,0.540312197173086,FALSE,FALSE
2021-04-06,Amundsen_Bellingshausen,1.671908769,-0.2331455320893352,0.2331455320893352,0.540312197173086,FALSE,FALSE
2021-04-07,Amundsen_Bellingshausen,1.693828944,-0.23324239962348203,0.23324239962348203,0.540312197173086,FALSE,FALSE
2021-04-08,Amundsen_Bellingshausen,1.690310456,-0.2591001191162825,0.2591001191162825,0.540312197173086,FALSE,FALSE
2021-04-09,Amundsen_Bellingshausen,1.72796658,-0.2441130530376117,0.2441130530376117,0.540312197173086,FALSE,FALSE
2021-04-10,Amundsen_Bellingshausen,1.785620846,-0.2094653088573424,0.2094653088573424,0.540312197173086,FALSE,FALSE
2021-04-11,Amundsen_Bellingshausen,1.827438865,-0.19099891304534689,0.19099891304534689,0.540312197173086,FALSE,FALSE
2021-04-12,Amundsen_Bellingshausen,1.844813005,-0.1973290859647301,0.1973290859647301,0.540312197173086,FALSE,FALSE
2021-04-13,Amundsen_Bellingshausen,1.853664975,-0.21253820712790272,0.21253820712790272,0.540312197173086,FALSE,FALSE
2021-04-14,Amundsen_Bellingshausen,1.879103928,-0.21151544257478805,0.21151544257478805,0.540312197173086,FALSE,FALSE
2021-04-15,Amundsen_Bellingshausen,1.909431193,-0.20595724345074728,0.20595724345074728,0.540312197173086,FALSE,FALSE
2021-04-16,Amundsen_Bellingshausen,1.962704008,-0.17780415190115328,0.17780415190115328,0.540312197173086,FALSE,FALSE
2021-04-17,Amundsen_Bellingshausen,2.007533009,-0.15844331207136797,0.15844331207136797,0.540312197173086,FALSE,FALSE
2021-04-18,Amundsen_Bellingshausen,2.035773521,-0.15601717910675683,0.15601717910675683,0.540312197173086,FALSE,FALSE
2021-04-19,Amundsen_Bellingshausen,2.020964092,-0.1969849851526888,0.1969849851526888,0.540312197173086,FALSE,FALSE
2021-04-20,Amundsen_Bellingshausen,2.002876737,-0.24157249535452907,0.24157249535452907,0.540312197173086,FALSE,FALSE
2021-04-21,Amundsen_Bellingshausen,2.051173082,-0.22011586385764437,0.22011586385764437,0.540312197173086,FALSE,FALSE
2021-04-22,Amundsen_Bellingshausen,2.076754051,-0.2217119468073996,0.2217119468073996,0.540312197173086,FALSE,FALSE
2021-04-23,Amundsen_Bellingshausen,2.137320424,-0.18865774434916105,0.18865774434916105,0.540312197173086,FALSE,FALSE
2021-04-24,Amundsen_Bellingshausen,2.210438602,-0.1433846356282964,0.1433846356282964,0.540312197173086,FALSE,FALSE
2021-04-25,Amundsen_Bellingshausen,2.260187505,-0.12180713962223376,0.12180713962223376,0.540312197173086,FALSE,FALSE
2021-04-26,Amundsen_Bellingshausen,2.283252662,-0.12719193622881964,0.12719193622881964,0.540312197173086,FALSE,FALSE
2021-04-27,Amundsen_Bellingshausen,2.323725536,-0.11537698736279456,0.11537698736279456,0.540312197173086,FALSE,FALSE
2021-04-28,Amundsen_Bellingshausen,2.335193637,-0.13270396793479122,0.13270396793479122,0.540312197173086,FALSE,FALSE
2021-04-29,Amundsen_Bellingshausen,2.351778367,-0.14498066085544847,0.14498066085544847,0.540312197173086,FALSE,FALSE
2021-04-30,Amundsen_Bellingshausen,2.368551592,-0.15706438503540543,0.15706438503540543,0.540312197173086,FALSE,FALSE
2021-05-01,Amundsen_Bellingshausen,2.417802697,-0.1365949403852995,0.1365949403852995,0.540312197173086,FALSE,FALSE
2021-05-02,Amundsen_Bellingshausen,2.447823431,-0.1352097628157667,0.1352097628157667,0.540312197173086,FALSE,FALSE
2021-05-03,Amundsen_Bellingshausen,2.49294975,-0.1185020812374442,0.1185020812374442,0.540312197173086,FALSE,FALSE
2021-05-04,Amundsen_Bellingshausen,2.546825866,-0.0927568685609672,0.0927568685609672,0.540312197173086,FALSE,FALSE
2021-05-05,Amundsen_Bellingshausen,2.613100028,-0.05425506069697672,0.05425506069697672,0.540312197173086,FALSE,FALSE
2021-05-06,Amundsen_Bellingshausen,2.650055725,-0.04464235355610624,0.04464235355610624,0.540312197173086,FALSE,FALSE
2021-05-07,Amundsen_Bellingshausen,2.662002339,-0.05953858903212339,0.05953858903212339,0.540312197173086,FALSE,FALSE
2021-05-08,Amundsen_Bellingshausen,2.66221958,-0.08561501472089939,0.08561501472089939,0.540312197173086,FALSE,FALSE
2021-05-09,Amundsen_Bellingshausen,2.664076375,-0.10951150486863924,0.10951150486863924,0.540312197173086,FALSE,FALSE
2021-05-10,Amundsen_Bellingshausen,2.664079275,-0.13473982708639998,0.13473982708639998,0.540312197173086,FALSE,FALSE
2021-05-11,Amundsen_Bellingshausen,2.686883933,-0.13666264698524344,0.13666264698524344,0.540312197173086,FALSE,FALSE
2021-05-12,Amundsen_Bellingshausen,2.663971796,-0.18381683617622668,0.18381683617622668,0.540312197173086,FALSE,FALSE
2021-05-13,Amundsen_Bellingshausen,2.622409298,-0.249154279270408,0.249154279270408,0.540312197173086,FALSE,FALSE
2021-05-14,Amundsen_Bellingshausen,2.601701569,-0.2931881648788517,0.2931881648788517,0.540312197173086,FALSE,FALSE
2021-05-15,Amundsen_Bellingshausen,2.598757304,-0.3190281166126141,0.3190281166126141,0.540312197173086,FALSE,FALSE
2021-05-16,Amundsen_Bellingshausen,2.648260721,-0.29200823508275375,0.29200823508275375,0.540312197173086,FALSE,FALSE
2021-05-17,Amundsen_Bellingshausen,2.678636883,-0.2837217759003332,0.2837217759003332,0.540312197173086,FALSE,FALSE
2021-05-18,Amundsen_Bellingshausen,2.707475957,-0.27659689067640914,0.27659689067640914,0.540312197173086,FALSE,FALSE
2021-05-19,Amundsen_Bellingshausen,2.714942145,-0.29048769602204283,0.29048769602204283,0.540312197173086,FALSE,FALSE
2021-05-20,Amundsen_Bellingshausen,2.716093687,-0.31035420893895527,0.31035420893895527,0.540312197173086,FALSE,FALSE
2021-05-21,Amundsen_Bellingshausen,2.751034534,-0.2961096112239203,0.2961096112239203,0.540312197173086,FALSE,FALSE
2021-05-22,Amundsen_Bellingshausen,2.804825883,-0.26270885647407427,0.26270885647407427,0.540312197173086,FALSE,FALSE
2021-05-23,Amundsen_Bellingshausen,2.827275386,-0.26036041024072665,0.26036041024072665,0.540312197173086,FALSE,FALSE
2021-05-24,Amundsen_Bellingshausen,2.822482572,-0.28498086107518095,0.28498086107518095,0.540312197173086,FALSE,FALSE
2021-05-25,Amundsen_Bellingshausen,2.844985177,-0.28204859052874687,0.28204859052874687,0.540312197173086,FALSE,FALSE
2021-05-26,Amundsen_Bellingshausen,2.870636416,-0.275726501152731,0.275726501152731,0.540312197173086,FALSE,FALSE
2021-05-27,Amundsen_Bellingshausen,2.834118063,-0.33134893649844077,0.33134893649844077,0.540312197173086,FALSE,FALSE
2021-05-28,Amundsen_Bellingshausen,2.852384863,-0.3319772691171825,0.3319772691171825,0.540312197173086,FALSE,FALSE
2021-05-29,Amundsen_Bellingshausen,2.859455062,-0.34360937056026364,0.34360937056026364,0.540312197173086,FALSE,FALSE
2021-05-30,Amundsen_Bellingshausen,2.904932224,-0.31665779437899255,0.31665779437899255,0.540312197173086,FALSE,FALSE
2021-05-31,Amundsen_Bellingshausen,2.986918593,-0.25303641412467615,0.25303641412467615,0.540312197173086,FALSE,FALSE
2021-06-01,Amundsen_Bellingshausen,3.031489113,-0.22668640334862156,0.22668640334862156,0.540312197173086,FALSE,FALSE
2021-06-02,Amundsen_Bellingshausen,3.064896164,-0.2113633313327412,0.2113633313327412,0.540312197173086,FALSE,FALSE
2021-06-03,Amundsen_Bellingshausen,3.108327361,-0.18585129571011905,0.18585129571011905,0.540312197173086,FALSE,FALSE
2021-06-04,Amundsen_Bellingshausen,3.127133835,-0.1847608329880872,0.1847608329880872,0.540312197173086,FALSE,FALSE
2021-06-05,Amundsen_Bellingshausen,3.148961288,-0.18040790830187392,0.18040790830187392,0.540312197173086,FALSE,FALSE
2021-06-06,Amundsen_Bellingshausen,3.20344959,-0.14311431878671543,0.14311431878671543,0.540312197173086,FALSE,FALSE
2021-06-07,Amundsen_Bellingshausen,3.253139224,-0.11030124857784296,0.11030124857784296,0.540312197173086,FALSE,FALSE
2021-06-08,Amundsen_Bellingshausen,3.276473325,-0.1034872298104874,0.1034872298104874,0.540312197173086,FALSE,FALSE
2021-06-09,Amundsen_Bellingshausen,3.243573822,-0.15251200061988346,0.15251200061988346,0.540312197173086,FALSE,FALSE
2021-06-10,Amundsen_Bellingshausen,3.18544309,-0.2263348531412608,0.2263348531412608,0.540312197173086,FALSE,FALSE
2021-06-11,Amundsen_Bellingshausen,3.177474587,-0.24952399650985635,0.24952399650985635,0.540312197173086,FALSE,FALSE
2021-06-12,Amundsen_Bellingshausen,3.207769814,-0.2339395968609006,0.2339395968609006,0.540312197173086,FALSE,FALSE
2021-06-13,Amundsen_Bellingshausen,3.251765596,-0.2041064963296244,0.2041064963296244,0.540312197173086,FALSE,FALSE
2021-06-14,Amundsen_Bellingshausen,3.286438687,-0.1830106317767597,0.1830106317767597,0.540312197173086,FALSE,FALSE
2021-06-15,Amundsen_Bellingshausen,3.313353453,-0.16909545812859772,0.16909545812859772,0.540312197173086,FALSE,FALSE
2021-06-16,Amundsen_Bellingshausen,3.333070876,-0.16186972624522866,0.16186972624522866,0.540312197173086,FALSE,FALSE
2021-06-17,Amundsen_Bellingshausen,3.328358628,-0.17863998261191405,0.17863998261191405,0.540312197173086,FALSE,FALSE
2021-06-18,Amundsen_Bellingshausen,3.31133036,-0.20736679471391503,0.20736679471391503,0.540312197173086,FALSE,FALSE
2021-06-19,Amundsen_Bellingshausen,3.384039875,-0.14607057803648835,0.14607057803648835,0.540312197173086,FALSE,FALSE
2021-06-20,Amundsen_Bellingshausen,3.413983945,-0.1273287790648956,0.1273287790648956,0.540312197173086,FALSE,FALSE
2021-06-21,Amundsen_Bellingshausen,3.410893777,-0.14148440928439365,0.14148440928439365,0.540312197173086,FALSE,FALSE
2021-06-22,Amundsen_Bellingshausen,3.387482474,-0.1758985841802443,0.1758985841802443,0.540312197173086,FALSE,FALSE
2021-06-23,Amundsen_Bellingshausen,3.376564893,-0.1978306652377051,0.1978306652377051,0.540312197173086,FALSE,FALSE
2021-06-24,Amundsen_Bellingshausen,3.381037353,-0.2044585519420377,0.2044585519420377,0.540312197173086,FALSE,FALSE
2021-06-25,Amundsen_Bellingshausen,3.395541247,-0.2012150697784989,0.2012150697784989,0.540312197173086,FALSE,FALSE
2021-06-26,Amundsen_Bellingshausen,3.372405991,-0.2358450212323513,0.2358450212323513,0.540312197173086,FALSE,FALSE
2021-06-27,Amundsen_Bellingshausen,3.348750547,-0.27129455235060584,0.27129455235060584,0.540312197173086,FALSE,FALSE
2021-06-28,Amundsen_Bellingshausen,3.353131944,-0.27900289910536147,0.27900289910536147,0.540312197173086,FALSE,FALSE
2021-06-29,Amundsen_Bellingshausen,3.36513298,-0.2793520713616897,0.2793520713616897,0.540312197173086,FALSE,FALSE
2021-06-30,Amundsen_Bellingshausen,3.378698167,-0.27836220324761474,0.27836220324761474,0.540312197173086,FALSE,FALSE
2021-07-01,Amundsen_Bellingshausen,3.38082165,-0.2890037958911589,0.2890037958911589,0.540312197173086,FALSE,FALSE
2021-07-02,Amundsen_Bellingshausen,3.376017885,-0.30672703942034785,0.30672703942034785,0.540312197173086,FALSE,FALSE
2021-07-03,Amundsen_Bellingshausen,3.363673638,-0.3321098139632044,0.3321098139632044,0.540312197173086,FALSE,FALSE
2021-07-04,Amundsen_Bellingshausen,3.354095367,-0.35481030764774957,0.35481030764774957,0.540312197173086,FALSE,FALSE
2021-07-05,Amundsen_Bellingshausen,3.374023579,-0.3480526596020126,0.3480526596020126,0.540312197173086,FALSE,FALSE
2021-07-06,Amundsen_Bellingshausen,3.410321087,-0.32493870295401317,0.32493870295401317,0.540312197173086,FALSE,FALSE
2021-07-07,Amundsen_Bellingshausen,3.45821261,-0.2902083648317735,0.2902083648317735,0.540312197173086,FALSE,FALSE
2021-07-08,Amundsen_Bellingshausen,3.492595229,-0.26892921036332007,0.26892921036332007,0.540312197173086,FALSE,FALSE
2021-07-09,Amundsen_Bellingshausen,3.506676937,-0.2678579289900891,0.2678579289900891,0.540312197173086,FALSE,FALSE
2021-07-10,Amundsen_Bellingshausen,3.484288669,-0.30313533094451683,0.30313533094451683,0.540312197173086,FALSE,FALSE
2021-07-11,Amundsen_Bellingshausen,3.449805663,-0.35037338019665976,0.35037338019665976,0.540312197173086,FALSE,FALSE
2021-07-12,Amundsen_Bellingshausen,3.446587178,-0.3662020652041385,0.3662020652041385,0.540312197173086,FALSE,FALSE
2021-07-13,Amundsen_Bellingshausen,3.516875666,-0.3083681814245769,0.3083681814245769,0.540312197173086,FALSE,FALSE
2021-07-14,Amundsen_Bellingshausen,3.592907135,-0.2446249683155921,0.2446249683155921,0.540312197173086,FALSE,FALSE
2021-07-15,Amundsen_Bellingshausen,3.67689118,-0.17275207833480533,0.17275207833480533,0.540312197173086,FALSE,FALSE
2021-07-16,Amundsen_Bellingshausen,3.755439797,-0.10612676293984168,0.10612676293984168,0.540312197173086,FALSE,FALSE
2021-07-17,Amundsen_Bellingshausen,3.791703802,-0.08158745358832054,0.08158745358832054,0.540312197173086,FALSE,FALSE
2021-07-18,Amundsen_Bellingshausen,3.764711785,-0.12009480773785786,0.12009480773785786,0.540312197173086,FALSE,FALSE
2021-07-19,Amundsen_Bellingshausen,3.710053606,-0.18604821284608208,0.18604821284608208,0.540312197173086,FALSE,FALSE
2021-07-20,Amundsen_Bellingshausen,3.694497918,-0.2126682633706132,0.2126682633706132,0.540312197173086,FALSE,FALSE
2021-07-21,Amundsen_Bellingshausen,3.694633815,-0.22335511276906897,0.22335511276906897,0.540312197173086,FALSE,FALSE
2021-07-22,Amundsen_Bellingshausen,3.767067939,-0.16149108654499544,0.16149108654499544,0.540312197173086,FALSE,FALSE
2021-07-23,Amundsen_Bellingshausen,3.839038892,-0.0998226861924465,0.0998226861924465,0.540312197173086,FALSE,FALSE
2021-07-24,Amundsen_Bellingshausen,3.889197936,-0.05968093657561013,0.05968093657561013,0.540312197173086,FALSE,FALSE
2021-07-25,Amundsen_Bellingshausen,3.913113022,-0.04548010966654914,0.04548010966654914,0.540312197173086,FALSE,FALSE
2021-07-26,Amundsen_Bellingshausen,3.928722161,-0.03926441743732578,0.03926441743732578,0.540312197173086,FALSE,FALSE
2021-07-27,Amundsen_Bellingshausen,3.971642883,-0.00539855285999779,0.00539855285999779,0.540312197173086,FALSE,FALSE
2021-07-28,Amundsen_Bellingshausen,3.986969307,0.00122938009336337,0.00122938009336337,0.540312197173086,FALSE,FALSE
2021-07-29,Amundsen_Bellingshausen,3.962540967,-0.03152330754929711,0.03152330754929711,0.540312197173086,FALSE,FALSE
2021-07-30,Amundsen_Bellingshausen,3.911046195,-0.09095050676004934,0.09095050676004934,0.540312197173086,FALSE,FALSE
2021-07-31,Amundsen_Bellingshausen,3.865382248,-0.14413718351094884,0.14413718351094884,0.540312197173086,FALSE,FALSE
2021-08-01,Amundsen_Bellingshausen,3.8441067,-0.17250798677405843,0.17250798677405843,0.540312197173086,FALSE,FALSE
2021-08-02,Amundsen_Bellingshausen,3.828856176,-0.19440851452144647,0.19440851452144647,0.540312197173086,FALSE,FALSE
2021-08-03,Amundsen_Bellingshausen,3.832949016,-0.19650265025266167,0.19650265025266167,0.540312197173086,FALSE,FALSE
2021-08-04,Amundsen_Bellingshausen,3.834693199,-0.20047887860063707,0.20047887860063707,0.540312197173086,FALSE,FALSE
2021-08-05,Amundsen_Bellingshausen,3.837563004,-0.20291075386009316,0.20291075386009316,0.540312197173086,FALSE,FALSE
2021-08-06,Amundsen_Bellingshausen,3.825049123,-0.2203669967970661,0.2203669967970661,0.540312197173086,FALSE,FALSE
2021-08-07,Amundsen_Bellingshausen,3.7885466,-0.26151197617760236,0.26151197617760236,0.540312197173086,FALSE,FALSE
2021-08-08,Amundsen_Bellingshausen,3.776947371,-0.27751316876774057,0.27751316876774057,0.540312197173086,FALSE,FALSE
2021-08-09,Amundsen_Bellingshausen,3.784689249,-0.2739921743335283,0.2739921743335283,0.540312197173086,FALSE,FALSE
2021-08-10,Amundsen_Bellingshausen,3.768498246,-0.2942823936410077,0.2942823936410077,0.540312197173086,FALSE,FALSE
2021-08-11,Amundsen_Bellingshausen,3.75046235,-0.316355251456216,0.316355251456216,0.540312197173086,FALSE,FALSE
2021-08-12,Amundsen_Bellingshausen,3.787113426,-0.2837382955452017,0.2837382955452017,0.540312197173086,FALSE,FALSE
2021-08-13,Amundsen_Bellingshausen,3.859188219,-0.2157541936740035,0.2157541936740035,0.540312197173086,FALSE,FALSE
2021-08-14,Amundsen_Bellingshausen,3.958314643,-0.120834444608668,0.120834444608668,0.540312197173086,FALSE,FALSE
2021-08-15,Amundsen_Bellingshausen,3.99467326,-0.08885789911523556,0.08885789911523556,0.540312197173086,FALSE,FALSE
2021-08-16,Amundsen_Bellingshausen,4.005262956,-0.08288292232025896,0.08288292232025896,0.540312197173086,FALSE,FALSE
2021-08-17,Amundsen_Bellingshausen,4.065703639,-0.02728260834771845,0.02728260834771845,0.540312197173086,FALSE,FALSE
2021-08-18,Amundsen_Bellingshausen,4.114213427,0.01624169672895714,0.01624169672895714,0.540312197173086,FALSE,FALSE
2021-08-19,Amundsen_Bellingshausen,4.133569012,0.03055125091160793,0.03055125091160793,0.540312197173086,FALSE,FALSE
2021-08-20,Amundsen_Bellingshausen,4.134142488,0.02610271420207155,0.02610271420207155,0.540312197173086,FALSE,FALSE
2021-08-21,Amundsen_Bellingshausen,4.148641757,0.03568855460217701,0.03568855460217701,0.540312197173086,FALSE,FALSE
2021-08-22,Amundsen_Bellingshausen,4.171041564,0.05336808311376728,0.05336808311376728,0.540312197173086,FALSE,FALSE
2021-08-23,Amundsen_Bellingshausen,4.20397099,0.08185494673867488,0.08185494673867488,0.540312197173086,FALSE,FALSE
2021-08-24,Amundsen_Bellingshausen,4.196893393,0.07069706947873744,0.07069706947873744,0.540312197173086,FALSE,FALSE
2021-08-25,Amundsen_Bellingshausen,4.163630734,0.03380097833579398,0.03380097833579398,0.540312197173086,FALSE,FALSE
2021-08-26,Amundsen_Bellingshausen,4.136557714,0.00362594031167073,0.00362594031167073,0.540312197173086,FALSE,FALSE
2021-08-27,Amundsen_Bellingshausen,4.13012756,-0.00529025159178342,0.00529025159178342,0.540312197173086,FALSE,FALSE
2021-08-28,Amundsen_Bellingshausen,4.123971216,-0.01323208737274317,0.01323208737274317,0.540312197173086,FALSE,FALSE
2021-08-29,Amundsen_Bellingshausen,4.085818068,-0.05240060650637979,0.05240060650637979,0.540312197173086,FALSE,FALSE
2021-08-30,Amundsen_Bellingshausen,4.041789744,-0.09669572010775784,0.09669572010775784,0.540312197173086,FALSE,FALSE
2021-08-31,Amundsen_Bellingshausen,3.988079493,-0.14997995258898555,0.14997995258898555,0.540312197173086,FALSE,FALSE
2021-09-01,Amundsen_Bellingshausen,3.949977887,-0.18701856676725903,0.18701856676725903,0.540312197173086,FALSE,FALSE
2021-09-02,Amundsen_Bellingshausen,3.930450244,-0.20490207945978156,0.20490207945978156,0.540312197173086,FALSE,FALSE
2021-09-03,Amundsen_Bellingshausen,3.925159619,-0.20802327048374503,0.20802327048374503,0.540312197173086,FALSE,FALSE
2021-09-04,Amundsen_Bellingshausen,3.921982822,-0.20856116465635077,0.20856116465635077,0.540312197173086,FALSE,FALSE
2021-09-05,Amundsen_Bellingshausen,3.930251601,-0.19723984879479503,0.19723984879479503,0.540312197173086,FALSE,FALSE
2021-09-06,Amundsen_Bellingshausen,3.941566078,-0.1825150357162766,0.1825150357162766,0.540312197173086,FALSE,FALSE
2021-09-07,Amundsen_Bellingshausen,3.922441433,-0.1979273802379926,0.1979273802379926,0.540312197173086,FALSE,FALSE
2021-09-08,Amundsen_Bellingshausen,3.914480383,-0.2019300001771445,0.2019300001771445,0.540312197173086,FALSE,FALSE
2021-09-09,Amundsen_Bellingshausen,3.889293614,-0.22296804435092765,0.22296804435092765,0.540312197173086,FALSE,FALSE
2021-09-10,Amundsen_Bellingshausen,3.852484259,-0.25549395805055974,0.25549395805055974,0.540312197173086,FALSE,FALSE
2021-09-11,Amundsen_Bellingshausen,3.800354598,-0.30323668713540286,0.30323668713540286,0.540312197173086,FALSE,FALSE
2021-09-12,Amundsen_Bellingshausen,3.759465313,-0.33962270710771003,0.33962270710771003,0.540312197173086,FALSE,FALSE
2021-09-13,Amundsen_Bellingshausen,3.723712923,-0.370738016455916,0.370738016455916,0.540312197173086,FALSE,FALSE
2021-09-14,Amundsen_Bellingshausen,3.674959496,-0.4147030646684535,0.4147030646684535,0.540312197173086,FALSE,FALSE
2021-09-15,Amundsen_Bellingshausen,3.639078489,-0.44562691223377104,0.44562691223377104,0.540312197173086,FALSE,FALSE
2021-09-16,Amundsen_Bellingshausen,3.64995597,-0.4296060086402975,0.4296060086402975,0.540312197173086,FALSE,FALSE
2021-09-17,Amundsen_Bellingshausen,3.680689329,-0.39352548137647503,0.39352548137647503,0.540312197173086,FALSE,FALSE
2021-09-18,Amundsen_Bellingshausen,3.687335437,-0.3813109769307412,0.3813109769307412,0.540312197173086,FALSE,FALSE
2021-09-19,Amundsen_Bellingshausen,3.683833132,-0.3790061747915301,0.3790061747915301,0.540312197173086,FALSE,FALSE
2021-09-20,Amundsen_Bellingshausen,3.709818301,-0.34695770544727944,0.34695770544727944,0.540312197173086,FALSE,FALSE
2021-09-21,Amundsen_Bellingshausen,3.711371157,-0.3390678733864303,0.3390678733864303,0.540312197173086,FALSE,FALSE
2021-09-22,Amundsen_Bellingshausen,3.702505241,-0.34130565509741917,0.34130565509741917,0.540312197173086,FALSE,FALSE
2021-09-23,Amundsen_Bellingshausen,3.677675343,-0.35919935914387,0.35919935914387,0.540312197173086,FALSE,FALSE
2021-09-24,Amundsen_Bellingshausen,3.643918784,-0.3857009841530626,0.3857009841530626,0.540312197173086,FALSE,FALSE
2021-09-25,Amundsen_Bellingshausen,3.623754767,-0.39828442054509194,0.39828442054509194,0.540312197173086,FALSE,FALSE
2021-09-26,Amundsen_Bellingshausen,3.607122593,-0.4070035136905461,0.4070035136905461,0.540312197173086,FALSE,FALSE
2021-09-27,Amundsen_Bellingshausen,3.573824264,-0.4320494079600032,0.4320494079600032,0.540312197173086,FALSE,FALSE
2021-09-28,Amundsen_Bellingshausen,3.558326647,-0.43894838272404746,0.43894838272404746,0.540312197173086,FALSE,FALSE
2021-09-29,Amundsen_Bellingshausen,3.53966615,-0.4486571763532581,0.4486571763532581,0.540312197173086,FALSE,FALSE
2021-09-30,Amundsen_Bellingshausen,3.50509952,-0.47391218821822045,0.47391218821822045,0.540312197173086,FALSE,FALSE
2021-10-01,Amundsen_Bellingshausen,3.468734146,-0.5005991756895112,0.5005991756895112,0.540312197173086,FALSE,FALSE
2021-10-02,Amundsen_Bellingshausen,3.431527694,-0.527753619137715,0.527753619137715,0.540312197173086,FALSE,FALSE
2021-10-03,Amundsen_Bellingshausen,3.423554985,-0.525293843933412,0.525293843933412,0.540312197173086,FALSE,FALSE
2021-10-04,Amundsen_Bellingshausen,3.434799315,-0.5032297004471844,0.5032297004471844,0.540312197173086,FALSE,FALSE
2021-10-05,Amundsen_Bellingshausen,3.445818584,-0.4809964501578477,0.4809964501578477,0.540312197173086,FALSE,FALSE
2021-10-06,Amundsen_Bellingshausen,3.438796332,-0.4764219899106914,0.4764219899106914,0.540312197173086,FALSE,FALSE
2021-10-07,Amundsen_Bellingshausen,3.438030414,-0.46527365944240184,0.46527365944240184,0.540312197173086,FALSE,FALSE
2021-10-08,Amundsen_Bellingshausen,3.419907826,-0.4712394923898784,0.4712394923898784,0.540312197173086,FALSE,FALSE
2021-10-09,Amundsen_Bellingshausen,3.389474459,-0.4893486273900258,0.4893486273900258,0.540312197173086,FALSE,FALSE
2021-10-10,Amundsen_Bellingshausen,3.378724081,-0.4876823260797507,0.4876823260797507,0.540312197173086,FALSE,FALSE
2021-10-11,Amundsen_Bellingshausen,3.365740729,-0.48823158109595344,0.48823158109595344,0.540312197173086,FALSE,FALSE
2021-10-12,Amundsen_Bellingshausen,3.353528321,-0.48806750407553734,0.48806750407553734,0.540312197173086,FALSE,FALSE
2021-10-13,Amundsen_Bellingshausen,3.339045601,-0.490306380655408,0.490306380655408,0.540312197173086,FALSE,FALSE
2021-10-14,Amundsen_Bellingshausen,3.312379643,-0.504936166472465,0.504936166472465,0.540312197173086,FALSE,FALSE
2021-10-15,Amundsen_Bellingshausen,3.252028012,-0.5535343261636156,0.5535343261636156,0.540312197173086,TRUE,TRUE
2021-10-16,Amundsen_Bellingshausen,3.240744846,-0.5534217513657618,0.5534217513657618,0.540312197173086,TRUE,TRUE
2021-10-17,Amundsen_Bellingshausen,3.226564166,-0.5566394507158066,0.5566394507158066,0.540312197173086,TRUE,TRUE
2021-10-18,Amundsen_Bellingshausen,3.21533496,-0.5574101734116779,0.5574101734116779,0.540312197173086,TRUE,TRUE
2021-10-19,Amundsen_Bellingshausen,3.213957661,-0.5488352932229961,0.5488352932229961,0.540312197173086,TRUE,TRUE
2021-10-20,Amundsen_Bellingshausen,3.204558226,-0.5487238053607295,0.5487238053607295,0.540312197173086,TRUE,TRUE
2021-10-21,Amundsen_Bellingshausen,3.195152674,-0.5489919661610183,0.5489919661610183,0.540312197173086,TRUE,TRUE
2021-10-22,Amundsen_Bellingshausen,3.194892291,-0.540420764960003,0.540420764960003,0.540312197173086,TRUE,TRUE
2021-10-23,Amundsen_Bellingshausen,3.18431808,-0.5424014740938192,0.5424014740938192,0.540312197173086,TRUE,TRUE
2021-10-24,Amundsen_Bellingshausen,3.162856102,-0.555440307898611,0.555440307898611,0.540312197173086,TRUE,TRUE
2021-10-25,Amundsen_Bellingshausen,3.112891005,-0.597084893710516,0.597084893710516,0.540312197173086,TRUE,TRUE
2021-10-26,Amundsen_Bellingshausen,3.11890463,-0.5827856658656736,0.5827856658656736,0.540312197173086,TRUE,TRUE
2021-10-27,Amundsen_Bellingshausen,3.116545383,-0.5768264937002217,0.5768264937002217,0.540312197173086,TRUE,TRUE
2021-10-28,Amundsen_Bellingshausen,3.101572048,-0.5833808685503032,0.5833808685503032,0.540312197173086,TRUE,TRUE
2021-10-29,Amundsen_Bellingshausen,3.09415458,-0.5822111107520551,0.5822111107520551,0.540312197173086,TRUE,TRUE
2021-10-30,Amundsen_Bellingshausen,3.119265325,-0.548277149641617,0.548277149641617,0.540312197173086,TRUE,TRUE
2021-10-31,Amundsen_Bellingshausen,3.125505047,-0.5329215220161498,0.5329215220161498,0.540312197173086,FALSE,FALSE
2021-11-01,Amundsen_Bellingshausen,3.14200721,-0.507008334386033,0.507008334386033,0.540312197173086,FALSE,FALSE
2021-11-02,Amundsen_Bellingshausen,3.150410715,-0.4889129258086866,0.4889129258086866,0.540312197173086,FALSE,FALSE
2021-11-03,Amundsen_Bellingshausen,3.139655812,-0.48970929082274983,0.48970929082274983,0.540312197173086,FALSE,FALSE
2021-11-04,Amundsen_Bellingshausen,3.135057273,-0.4840969019668564,0.4840969019668564,0.540312197173086,FALSE,FALSE
2021-11-05,Amundsen_Bellingshausen,3.122155548,-0.4865495537796436,0.4865495537796436,0.540312197173086,FALSE,FALSE
2021-11-06,Amundsen_Bellingshausen,3.127148775,-0.4708833527997438,0.4708833527997438,0.540312197173086,FALSE,FALSE
2021-11-07,Amundsen_Bellingshausen,3.15298872,-0.43416077756579696,0.43416077756579696,0.540312197173086,FALSE,FALSE
2021-11-08,Amundsen_Bellingshausen,3.168496851,-0.4075746046164359,0.4075746046164359,0.540312197173086,FALSE,FALSE
2021-11-09,Amundsen_Bellingshausen,3.163209514,-0.4016027324902933,0.4016027324902933,0.540312197173086,FALSE,FALSE
2021-11-10,Amundsen_Bellingshausen,3.131400531,-0.4219855837260078,0.4219855837260078,0.540312197173086,FALSE,FALSE
2021-11-11,Amundsen_Bellingshausen,3.101287085,-0.44052021986221535,0.44052021986221535,0.540312197173086,FALSE,FALSE
2021-11-12,Amundsen_Bellingshausen,3.090628904,-0.4394611782585182,0.4394611782585182,0.540312197173086,FALSE,FALSE
2021-11-13,Amundsen_Bellingshausen,3.082303257,-0.4359466070696367,0.4359466070696367,0.540312197173086,FALSE,FALSE
2021-11-14,Amundsen_Bellingshausen,3.059469955,-0.4468338438386956,0.4468338438386956,0.540312197173086,FALSE,FALSE
2021-11-15,Amundsen_Bellingshausen,3.04167708,-0.4525920979198301,0.4525920979198301,0.540312197173086,FALSE,FALSE
2021-11-16,Amundsen_Bellingshausen,3.032242724,-0.44992056866718233,0.44992056866718233,0.540312197173086,FALSE,FALSE
2021-11-17,Amundsen_Bellingshausen,3.00467522,-0.46532821443489025,0.46532821443489025,0.540312197173086,FALSE,FALSE
2021-11-18,Amundsen_Bellingshausen,2.965481031,-0.4923258635770949,0.4923258635770949,0.540312197173086,FALSE,FALSE
2021-11-19,Amundsen_Bellingshausen,2.958985351,-0.4866056134479329,0.4866056134479329,0.540312197173086,FALSE,FALSE
2021-11-20,Amundsen_Bellingshausen,2.93640324,-0.496969695401547,0.496969695401547,0.540312197173086,FALSE,FALSE
2021-11-21,Amundsen_Bellingshausen,2.915184894,-0.5059852047920752,0.5059852047920752,0.540312197173086,FALSE,FALSE
2021-11-22,Amundsen_Bellingshausen,2.908705644,-0.5002941019736542,0.5002941019736542,0.540312197173086,FALSE,FALSE
2021-11-23,Amundsen_Bellingshausen,2.902940943,-0.49393822530042675,0.49393822530042675,0.540312197173086,FALSE,FALSE
2021-11-24,Amundsen_Bellingshausen,2.892633412,-0.4921922451265317,0.4921922451265317,0.540312197173086,FALSE,FALSE
2021-11-25,Amundsen_Bellingshausen,2.898895225,-0.4739565405019879,0.4739565405019879,0.540312197173086,FALSE,FALSE
2021-11-26,Amundsen_Bellingshausen,2.891210556,-0.4697194146944592,0.4697194146944592,0.540312197173086,FALSE,FALSE
2021-11-27,Amundsen_Bellingshausen,2.859901001,-0.4891115978292637,0.4891115978292637,0.540312197173086,FALSE,FALSE
2021-11-28,Amundsen_Bellingshausen,2.835850854,-0.5012009693985111,0.5012009693985111,0.540312197173086,FALSE,FALSE
2021-11-29,Amundsen_Bellingshausen,2.811217241,-0.5137825768943234,0.5137825768943234,0.540312197173086,FALSE,FALSE
2021-11-30,Amundsen_Bellingshausen,2.806147263,-0.5066614928088149,0.5066614928088149,0.540312197173086,FALSE,FALSE
2021-12-01,Amundsen_Bellingshausen,2.803748935,-0.4966818756341031,0.4966818756341031,0.540312197173086,FALSE,FALSE
2021-12-02,Amundsen_Bellingshausen,2.783514167,-0.5043039888623047,0.5043039888623047,0.540312197173086,FALSE,FALSE
2021-12-03,Amundsen_Bellingshausen,2.76422839,-0.510694574985536,0.510694574985536,0.540312197173086,FALSE,FALSE
2021-12-04,Amundsen_Bellingshausen,2.77239524,-0.489302171495912,0.489302171495912,0.540312197173086,FALSE,FALSE
2021-12-05,Amundsen_Bellingshausen,2.773183668,-0.47491000088555113,0.47491000088555113,0.540312197173086,FALSE,FALSE
2021-12-06,Amundsen_Bellingshausen,2.728285196,-0.5057787146465689,0.5057787146465689,0.540312197173086,FALSE,FALSE
2021-12-07,Amundsen_Bellingshausen,2.724221759,-0.4953384805052652,0.4953384805052652,0.540312197173086,FALSE,FALSE
2021-12-08,Amundsen_Bellingshausen,2.724945086,-0.4795677042142401,0.4795677042142401,0.540312197173086,FALSE,FALSE
2021-12-09,Amundsen_Bellingshausen,2.682622991,-0.5061757278396879,0.5061757278396879,0.540312197173086,FALSE,FALSE
2021-12-10,Amundsen_Bellingshausen,2.692587876,-0.47969947931471646,0.47969947931471646,0.540312197173086,FALSE,FALSE
2021-12-11,Amundsen_Bellingshausen,2.688337402,-0.4665106275724296,0.4665106275724296,0.540312197173086,FALSE,FALSE
2021-12-12,Amundsen_Bellingshausen,2.665231812,-0.4711182595459365,0.4711182595459365,0.540312197173086,FALSE,FALSE
2021-12-13,Amundsen_Bellingshausen,2.64448445,-0.47217836116833656,0.47217836116833656,0.540312197173086,FALSE,FALSE
2021-12-14,Amundsen_Bellingshausen,2.581902924,-0.5137526543727433,0.5137526543727433,0.540312197173086,FALSE,FALSE
2021-12-15,Amundsen_Bellingshausen,2.541752712,-0.5314449910922572,0.5314449910922572,0.540312197173086,FALSE,FALSE
2021-12-16,Amundsen_Bellingshausen,2.534616616,-0.5145418992599846,0.5145418992599846,0.540312197173086,FALSE,FALSE
2021-12-17,Amundsen_Bellingshausen,2.52175753,-0.5016498148090327,0.5016498148090327,0.540312197173086,FALSE,FALSE
2021-12-18,Amundsen_Bellingshausen,2.49431794,-0.501495581672506,0.501495581672506,0.540312197173086,FALSE,FALSE
2021-12-19,Amundsen_Bellingshausen,2.487370827,-0.478875548783511,0.478875548783511,0.540312197173086,FALSE,FALSE
2021-12-20,Amundsen_Bellingshausen,2.428200706,-0.5063844759415952,0.5063844759415952,0.540312197173086,FALSE,FALSE
2021-12-21,Amundsen_Bellingshausen,2.413586611,-0.4872798514538683,0.4872798514538683,0.540312197173086,FALSE,FALSE
2021-12-22,Amundsen_Bellingshausen,2.396848076,-0.46840418188985256,0.46840418188985256,0.540312197173086,FALSE,FALSE
2021-12-23,Amundsen_Bellingshausen,2.363125354,-0.4647827526267547,0.4647827526267547,0.540312197173086,FALSE,FALSE
2021-12-24,Amundsen_Bellingshausen,2.303445303,-0.4855542440417944,0.4855542440417944,0.540312197173086,FALSE,FALSE
2021-12-25,Amundsen_Bellingshausen,2.28183433,-0.4668577875121822,0.4668577875121822,0.540312197173086,FALSE,FALSE
2021-12-26,Amundsen_Bellingshausen,2.276085325,-0.4310660314151309,0.4310660314151309,0.540312197173086,FALSE,FALSE
2021-12-27,Amundsen_Bellingshausen,2.252843884,-0.411698918127851,0.411698918127851,0.540312197173086,FALSE,FALSE
2021-12-28,Amundsen_Bellingshausen,2.211803711,-0.4092282820275601,0.4092282820275601,0.540312197173086,FALSE,FALSE
2021-12-29,Amundsen_Bellingshausen,2.113170048,-0.46361441949147064,0.46361441949147064,0.540312197173086,FALSE,FALSE
2021-12-30,Amundsen_Bellingshausen,2.021488756,-0.5104770078967893,0.5104770078967893,0.540312197173086,FALSE,FALSE
2021-12-31,Amundsen_Bellingshausen,1.995857068,-0.49088435262073626,0.49088435262073626,0.540312197173086,FALSE,FALSE
2022-01-01,Amundsen_Bellingshausen,1.938673919,-0.5026030570405242,0.5026030570405242,0.540312197173086,FALSE,FALSE
2022-01-02,Amundsen_Bellingshausen,1.884580582,-0.5111506285273291,0.5111506285273291,0.540312197173086,FALSE,FALSE
2022-01-03,Amundsen_Bellingshausen,1.793085715,-0.5571501574281885,0.5571501574281885,0.540312197173086,TRUE,FALSE
2022-01-04,Amundsen_Bellingshausen,1.690413318,-0.6145026340840958,0.6145026340840958,0.540312197173086,TRUE,FALSE
2022-01-05,Amundsen_Bellingshausen,1.648204637,-0.6116918028360612,0.6116918028360612,0.540312197173086,TRUE,FALSE
2022-01-06,Amundsen_Bellingshausen,1.650415706,-0.5648866200250793,0.5648866200250793,0.540312197173086,TRUE,FALSE
2022-01-07,Amundsen_Bellingshausen,1.656859646,-0.5143989549921546,0.5143989549921546,0.540312197173086,FALSE,FALSE
2022-01-08,Amundsen_Bellingshausen,1.63736397,-0.49052628507828633,0.49052628507828633,0.540312197173086,FALSE,FALSE
2022-01-09,Amundsen_Bellingshausen,1.61928094,-0.4660413386244748,0.4660413386244748,0.540312197173086,FALSE,FALSE
2022-01-10,Amundsen_Bellingshausen,1.591080218,-0.45259944397171914,0.45259944397171914,0.540312197173086,FALSE,FALSE
2022-01-11,Amundsen_Bellingshausen,1.548344467,-0.4547429284610225,0.4547429284610225,0.540312197173086,FALSE,FALSE
2022-01-12,Amundsen_Bellingshausen,1.539587715,-0.4240827544333845,0.4240827544333845,0.540312197173086,FALSE,FALSE
2022-01-13,Amundsen_Bellingshausen,1.524041236,-0.40151263822980376,0.40151263822980376,0.540312197173086,FALSE,FALSE
2022-01-14,Amundsen_Bellingshausen,1.497522677,-0.3913379673769015,0.3913379673769015,0.540312197173086,FALSE,FALSE
2022-01-15,Amundsen_Bellingshausen,1.480239151,-0.3734044793190445,0.3734044793190445,0.540312197173086,FALSE,FALSE
2022-01-16,Amundsen_Bellingshausen,1.449338113,-0.3705296438729519,0.3705296438729519,0.540312197173086,FALSE,FALSE
2022-01-17,Amundsen_Bellingshausen,1.405900939,-0.38159144914002274,0.38159144914002274,0.540312197173086,FALSE,FALSE
2022-01-18,Amundsen_Bellingshausen,1.393072581,-0.3634043072216575,0.3634043072216575,0.540312197173086,FALSE,FALSE
2022-01-19,Amundsen_Bellingshausen,1.364396426,-0.36238419521925547,0.36238419521925547,0.540312197173086,FALSE,FALSE
2022-01-20,Amundsen_Bellingshausen,1.352371007,-0.345991944234219,0.345991944234219,0.540312197173086,FALSE,FALSE
2022-01-21,Amundsen_Bellingshausen,1.347246456,-0.32393678636794543,0.32393678636794543,0.540312197173086,FALSE,FALSE
2022-01-22,Amundsen_Bellingshausen,1.34557113,-0.29962972872183613,0.29962972872183613,0.540312197173086,FALSE,FALSE
2022-01-23,Amundsen_Bellingshausen,1.337715218,-0.28265994639729186,0.28265994639729186,0.540312197173086,FALSE,FALSE
2022-01-24,Amundsen_Bellingshausen,1.325012731,-0.27165279249571084,0.27165279249571084,0.540312197173086,FALSE,FALSE
2022-01-25,Amundsen_Bellingshausen,1.317093369,-0.25693793111849517,0.25693793111849517,0.540312197173086,FALSE,FALSE
2022-01-26,Amundsen_Bellingshausen,1.311118424,-0.24131343436704333,0.24131343436704333,0.540312197173086,FALSE,FALSE
2022-01-27,Amundsen_Bellingshausen,1.292227912,-0.23960085446764467,0.23960085446764467,0.540312197173086,FALSE,FALSE
2022-01-28,Amundsen_Bellingshausen,1.276884001,-0.23531451237945156,0.23531451237945156,0.540312197173086,FALSE,FALSE
2022-01-29,Amundsen_Bellingshausen,1.280609525,-0.21291425004527675,0.21291425004527675,0.540312197173086,FALSE,FALSE
2022-01-30,Amundsen_Bellingshausen,1.261525244,-0.21426200333817724,0.21426200333817724,0.540312197173086,FALSE,FALSE
2022-01-31,Amundsen_Bellingshausen,1.236534624,-0.22243700213120388,0.22243700213120388,0.540312197173086,FALSE,FALSE
2022-02-01,Amundsen_Bellingshausen,1.210846915,-0.23221269229741037,0.23221269229741037,0.540312197173086,FALSE,FALSE
2022-02-02,Amundsen_Bellingshausen,1.199917643,-0.22811624370985095,0.22811624370985095,0.540312197173086,FALSE,FALSE
2022-02-03,Amundsen_Bellingshausen,1.182699456,-0.23117770424157744,0.23117770424157744,0.540312197173086,FALSE,FALSE
2022-02-04,Amundsen_Bellingshausen,1.165470988,-0.23510113576564207,0.23510113576564207,0.540312197173086,FALSE,FALSE
2022-02-05,Amundsen_Bellingshausen,1.161494591,-0.22660688215510083,0.22660688215510083,0.540312197173086,FALSE,FALSE
2022-02-06,Amundsen_Bellingshausen,1.162081384,-0.21436652028300496,0.21436652028300496,0.540312197173086,FALSE,FALSE
2022-02-07,Amundsen_Bellingshausen,1.145767673,-0.21982644002240723,0.21982644002240723,0.540312197173086,FALSE,FALSE
2022-02-08,Amundsen_Bellingshausen,1.086937807,-0.26858507382079644,0.26858507382079644,0.540312197173086,FALSE,FALSE
2022-02-09,Amundsen_Bellingshausen,1.099520871,-0.24670741594670753,0.24670741594670753,0.540312197173086,FALSE,FALSE
2022-02-10,Amundsen_Bellingshausen,1.128558584,-0.20916829532132075,0.20916829532132075,0.540312197173086,FALSE,FALSE
2022-02-11,Amundsen_Bellingshausen,1.136299295,-0.19373856741555628,0.19373856741555628,0.540312197173086,FALSE,FALSE
2022-02-12,Amundsen_Bellingshausen,1.127752732,-0.19542770870033577,0.19542770870033577,0.540312197173086,FALSE,FALSE
2022-02-13,Amundsen_Bellingshausen,1.104929459,-0.21224435964658084,0.21224435964658084,0.540312197173086,FALSE,FALSE
2022-02-14,Amundsen_Bellingshausen,1.081059972,-0.23097722872521095,0.23097722872521095,0.540312197173086,FALSE,FALSE
2022-02-15,Amundsen_Bellingshausen,1.07466091,-0.2331288814071488,0.2331288814071488,0.540312197173086,FALSE,FALSE
2022-02-16,Amundsen_Bellingshausen,1.096442844,-0.2080079511633159,0.2080079511633159,0.540312197173086,FALSE,FALSE
2022-02-17,Amundsen_Bellingshausen,1.106351716,-0.19568770046463113,0.19568770046463113,0.540312197173086,FALSE,FALSE
2022-02-18,Amundsen_Bellingshausen,1.102842567,-0.1977322927820171,0.1977322927820171,0.540312197173086,FALSE,FALSE
2022-02-19,Amundsen_Bellingshausen,1.099400994,-0.20067533558639572,0.20067533558639572,0.540312197173086,FALSE,FALSE
2022-02-20,Amundsen_Bellingshausen,1.108311544,-0.1922514863486864,0.1922514863486864,0.540312197173086,FALSE,FALSE
2022-02-21,Amundsen_Bellingshausen,1.161158998,-0.14089184560350465,0.14089184560350465,0.540312197173086,FALSE,FALSE
2022-02-22,Amundsen_Bellingshausen,1.164173911,-0.1403414538245782,0.1403414538245782,0.540312197173086,FALSE,FALSE
2022-02-23,Amundsen_Bellingshausen,1.145141433,-0.1627639564399188,0.1627639564399188,0.540312197173086,FALSE,FALSE
2022-02-24,Amundsen_Bellingshausen,1.147619102,-0.16455012641386202,0.16455012641386202,0.540312197173086,FALSE,FALSE
2022-02-25,Amundsen_Bellingshausen,1.149050657,-0.16820453571075,0.16820453571075,0.540312197173086,FALSE,FALSE
2022-02-26,Amundsen_Bellingshausen,1.152211634,-0.1708999592949214,0.1708999592949214,0.540312197173086,FALSE,FALSE
2022-02-27,Amundsen_Bellingshausen,1.159670014,-0.17001672713071558,0.17001672713071558,0.540312197173086,FALSE,FALSE
2022-02-28,Amundsen_Bellingshausen,1.155340994,-0.1815879531824709,0.1815879531824709,0.540312197173086,FALSE,FALSE
2022-03-01,Amundsen_Bellingshausen,1.160325238,-0.1844612844145277,0.1844612844145277,0.540312197173086,FALSE,FALSE
2022-03-02,Amundsen_Bellingshausen,1.164546198,-0.1886615797912252,0.1886615797912252,0.540312197173086,FALSE,FALSE
2022-03-03,Amundsen_Bellingshausen,1.203671801,-0.15846922327690316,0.15846922327690316,0.540312197173086,FALSE,FALSE
2022-03-04,Amundsen_Bellingshausen,1.240295544,-0.13123902883589977,0.13123902883589977,0.540312197173086,FALSE,FALSE
2022-03-05,Amundsen_Bellingshausen,1.262136553,-0.11920018475963225,0.11920018475963225,0.540312197173086,FALSE,FALSE
2022-03-06,Amundsen_Bellingshausen,1.285918435,-0.10558977464969944,0.10558977464969944,0.540312197173086,FALSE,FALSE
2022-03-07,Amundsen_Bellingshausen,1.307868746,-0.09418122567249788,0.09418122567249788,0.540312197173086,FALSE,FALSE
2022-03-08,Amundsen_Bellingshausen,1.324787678,-0.0881835148512502,0.0881835148512502,0.540312197173086,FALSE,FALSE
2022-03-09,Amundsen_Bellingshausen,1.338711173,-0.08556986920918042,0.08556986920918042,0.540312197173086,FALSE,FALSE
2022-03-10,Amundsen_Bellingshausen,1.337646258,-0.09834243076951132,0.09834243076951132,0.540312197173086,FALSE,FALSE
2022-03-11,Amundsen_Bellingshausen,1.337015422,-0.11108787955546616,0.11108787955546616,0.540312197173086,FALSE,FALSE
2022-03-12,Amundsen_Bellingshausen,1.349822671,-0.11081137859026824,0.11081137859026824,0.540312197173086,FALSE,FALSE
2022-03-13,Amundsen_Bellingshausen,1.359773722,-0.11381637989714344,0.11381637989714344,0.540312197173086,FALSE,FALSE
2022-03-14,Amundsen_Bellingshausen,1.369638324,-0.11734230349931107,0.11734230349931107,0.540312197173086,FALSE,FALSE
2022-03-15,Amundsen_Bellingshausen,1.387286316,-0.11352847941999666,0.11352847941999666,0.540312197173086,FALSE,FALSE
2022-03-16,Amundsen_Bellingshausen,1.420568742,-0.09453303268242497,0.09453303268242497,0.540312197173086,FALSE,FALSE
2022-03-17,Amundsen_Bellingshausen,1.464984357,-0.06486637730981659,0.06486637730981659,0.540312197173086,FALSE,FALSE
2022-03-18,Amundsen_Bellingshausen,1.500850336,-0.0442200165434381,0.0442200165434381,0.540312197173086,FALSE,FALSE
2022-03-19,Amundsen_Bellingshausen,1.522114491,-0.03864255941667971,0.03864255941667971,0.540312197173086,FALSE,FALSE
2022-03-20,Amundsen_Bellingshausen,1.526125273,-0.05076915482083044,0.05076915482083044,0.540312197173086,FALSE,FALSE
2022-03-21,Amundsen_Bellingshausen,1.506528286,-0.08693719500683317,0.08693719500683317,0.540312197173086,FALSE,FALSE
2022-03-22,Amundsen_Bellingshausen,1.499101848,-0.11135135822563248,0.11135135822563248,0.540312197173086,FALSE,FALSE
2022-03-23,Amundsen_Bellingshausen,1.51205255,-0.11578804972817204,0.11578804972817204,0.540312197173086,FALSE,FALSE
2022-03-24,Amundsen_Bellingshausen,1.512921427,-0.13268923076539263,0.13268923076539263,0.540312197173086,FALSE,FALSE
2022-03-25,Amundsen_Bellingshausen,1.525382324,-0.13836405258824036,0.13836405258824036,0.540312197173086,FALSE,FALSE
2022-03-26,Amundsen_Bellingshausen,1.508909517,-0.17332123544765787,0.17332123544765787,0.540312197173086,FALSE,FALSE
2022-03-27,Amundsen_Bellingshausen,1.512552375,-0.18849440659458705,0.18849440659458705,0.540312197173086,FALSE,FALSE
2022-03-28,Amundsen_Bellingshausen,1.513825981,-0.206351479279973,0.206351479279973,0.540312197173086,FALSE,FALSE
2022-03-29,Amundsen_Bellingshausen,1.53240491,-0.20720087475475937,0.20720087475475937,0.540312197173086,FALSE,FALSE
2022-03-30,Amundsen_Bellingshausen,1.551953017,-0.20736173426988813,0.20736173426988813,0.540312197173086,FALSE,FALSE
2022-03-31,Amundsen_Bellingshausen,1.568075569,-0.21121474670334783,0.21121474670334783,0.540312197173086,FALSE,FALSE
2022-04-01,Amundsen_Bellingshausen,1.57641563,-0.22311898135289063,0.22311898135289063,0.540312197173086,FALSE,FALSE
2022-04-02,Amundsen_Bellingshausen,1.618260361,-0.20179491014185036,0.20179491014185036,0.540312197173086,FALSE,FALSE
2022-04-03,Amundsen_Bellingshausen,1.644904704,-0.19595522854010183,0.19595522854010183,0.540312197173086,FALSE,FALSE
2022-04-04,Amundsen_Bellingshausen,1.652418846,-0.2095373870175179,0.2095373870175179,0.540312197173086,FALSE,FALSE
2022-04-05,Amundsen_Bellingshausen,1.661872585,-0.221479225043973,0.221479225043973,0.540312197173086,FALSE,FALSE
2022-04-06,Amundsen_Bellingshausen,1.695490189,-0.20956411208933523,0.20956411208933523,0.540312197173086,FALSE,FALSE
2022-04-07,Amundsen_Bellingshausen,1.721158291,-0.20591305262348203,0.20591305262348203,0.540312197173086,FALSE,FALSE
2022-04-08,Amundsen_Bellingshausen,1.753560066,-0.19585050911628257,0.19585050911628257,0.540312197173086,FALSE,FALSE
2022-04-09,Amundsen_Bellingshausen,1.805903731,-0.16617590203761168,0.16617590203761168,0.540312197173086,FALSE,FALSE
2022-04-10,Amundsen_Bellingshausen,1.838545368,-0.15654078685734252,0.15654078685734252,0.540312197173086,FALSE,FALSE
2022-04-11,Amundsen_Bellingshausen,1.85754402,-0.1608937580453469,0.1608937580453469,0.540312197173086,FALSE,FALSE
2022-04-12,Amundsen_Bellingshausen,1.884878804,-0.15726328696473013,0.15726328696473013,0.540312197173086,FALSE,FALSE
2022-04-13,Amundsen_Bellingshausen,1.876084359,-0.1901188231279027,0.1901188231279027,0.540312197173086,FALSE,FALSE
2022-04-14,Amundsen_Bellingshausen,1.881689191,-0.208930179574788,0.208930179574788,0.540312197173086,FALSE,FALSE
2022-04-15,Amundsen_Bellingshausen,1.907093477,-0.20829495945074727,0.20829495945074727,0.540312197173086,FALSE,FALSE
2022-04-16,Amundsen_Bellingshausen,1.940639736,-0.1998684239011532,0.1998684239011532,0.540312197173086,FALSE,FALSE
2022-04-17,Amundsen_Bellingshausen,1.974010819,-0.19196550207136776,0.19196550207136776,0.540312197173086,FALSE,FALSE
2022-04-18,Amundsen_Bellingshausen,2.036263103,-0.15552759710675668,0.15552759710675668,0.540312197173086,FALSE,FALSE
2022-04-19,Amundsen_Bellingshausen,2.092592019,-0.1253570581526886,0.1253570581526886,0.540312197173086,FALSE,FALSE
2022-04-20,Amundsen_Bellingshausen,2.13408967,-0.11035956235452904,0.11035956235452904,0.540312197173086,FALSE,FALSE
2022-04-21,Amundsen_Bellingshausen,2.150177207,-0.12111173885764435,0.12111173885764435,0.540312197173086,FALSE,FALSE
2022-04-22,Amundsen_Bellingshausen,2.158479411,-0.1399865868073995,0.1399865868073995,0.540312197173086,FALSE,FALSE
2022-04-23,Amundsen_Bellingshausen,2.17535411,-0.15062405834916115,0.15062405834916115,0.540312197173086,FALSE,FALSE
2022-04-24,Amundsen_Bellingshausen,2.213288958,-0.14053427962829623,0.14053427962829623,0.540312197173086,FALSE,FALSE
2022-04-25,Amundsen_Bellingshausen,2.217272257,-0.16472238762223412,0.16472238762223412,0.540312197173086,FALSE,FALSE
2022-04-26,Amundsen_Bellingshausen,2.209920116,-0.2005244822288197,0.2005244822288197,0.540312197173086,FALSE,FALSE
2022-04-27,Amundsen_Bellingshausen,2.222783046,-0.21631947736279455,0.21631947736279455,0.540312197173086,FALSE,FALSE
2022-04-28,Amundsen_Bellingshausen,2.245162404,-0.2227352009347916,0.2227352009347916,0.540312197173086,FALSE,FALSE
2022-04-29,Amundsen_Bellingshausen,2.272655799,-0.22410322885544876,0.22410322885544876,0.540312197173086,FALSE,FALSE
2022-04-30,Amundsen_Bellingshausen,2.327425495,-0.19819048203540568,0.19819048203540568,0.540312197173086,FALSE,FALSE
2022-05-01,Amundsen_Bellingshausen,2.379094877,-0.17530276038529946,0.17530276038529946,0.540312197173086,FALSE,FALSE
2022-05-02,Amundsen_Bellingshausen,2.426346457,-0.15668673681576673,0.15668673681576673,0.540312197173086,FALSE,FALSE
2022-05-03,Amundsen_Bellingshausen,2.461946094,-0.14950573723744442,0.14950573723744442,0.540312197173086,FALSE,FALSE
2022-05-04,Amundsen_Bellingshausen,2.477231185,-0.1623515495609671,0.1623515495609671,0.540312197173086,FALSE,FALSE
2022-05-05,Amundsen_Bellingshausen,2.49155202,-0.1758030686969767,0.1758030686969767,0.540312197173086,FALSE,FALSE
2022-05-06,Amundsen_Bellingshausen,2.513563604,-0.18113447455610657,0.18113447455610657,0.540312197173086,FALSE,FALSE
2022-05-07,Amundsen_Bellingshausen,2.540421956,-0.18111897203212335,0.18111897203212335,0.540312197173086,FALSE,FALSE
2022-05-08,Amundsen_Bellingshausen,2.592830993,-0.1550036017208991,0.1550036017208991,0.540312197173086,FALSE,FALSE
2022-05-09,Amundsen_Bellingshausen,2.642451905,-0.13113597486863915,0.13113597486863915,0.540312197173086,FALSE,FALSE
2022-05-10,Amundsen_Bellingshausen,2.665083696,-0.13373540608640022,0.13373540608640022,0.540312197173086,FALSE,FALSE
2022-05-11,Amundsen_Bellingshausen,2.690845667,-0.13270091298524322,0.13270091298524322,0.540312197173086,FALSE,FALSE
2022-05-12,Amundsen_Bellingshausen,2.711079771,-0.13670886117622638,0.13670886117622638,0.540312197173086,FALSE,FALSE
2022-05-13,Amundsen_Bellingshausen,2.756639954,-0.11492362327040784,0.11492362327040784,0.540312197173086,FALSE,FALSE
2022-05-14,Amundsen_Bellingshausen,2.777160208,-0.11772952587885133,0.11772952587885133,0.540312197173086,FALSE,FALSE
2022-05-15,Amundsen_Bellingshausen,2.783771719,-0.13401370161261372,0.13401370161261372,0.540312197173086,FALSE,FALSE
2022-05-16,Amundsen_Bellingshausen,2.788648454,-0.1516205020827539,0.1516205020827539,0.540312197173086,FALSE,FALSE
2022-05-17,Amundsen_Bellingshausen,2.809310099,-0.15304855990033284,0.15304855990033284,0.540312197173086,FALSE,FALSE
2022-05-18,Amundsen_Bellingshausen,2.818128635,-0.16594421267640946,0.16594421267640946,0.540312197173086,FALSE,FALSE
2022-05-19,Amundsen_Bellingshausen,2.811643968,-0.1937858730220432,0.1937858730220432,0.540312197173086,FALSE,FALSE
2022-05-20,Amundsen_Bellingshausen,2.83056115,-0.19588674593895528,0.19588674593895528,0.540312197173086,FALSE,FALSE
2022-05-21,Amundsen_Bellingshausen,2.839408094,-0.20773605122392036,0.20773605122392036,0.540312197173086,FALSE,FALSE
2022-05-22,Amundsen_Bellingshausen,2.841130213,-0.22640452647407416,0.22640452647407416,0.540312197173086,FALSE,FALSE
2022-05-23,Amundsen_Bellingshausen,2.811642148,-0.27599364824072703,0.27599364824072703,0.540312197173086,FALSE,FALSE
2022-05-24,Amundsen_Bellingshausen,2.796918559,-0.3105448740751813,0.3105448740751813,0.540312197173086,FALSE,FALSE
2022-05-25,Amundsen_Bellingshausen,2.810689921,-0.3163438465287469,0.3163438465287469,0.540312197173086,FALSE,FALSE
2022-05-26,Amundsen_Bellingshausen,2.844895583,-0.30146733415273097,0.30146733415273097,0.540312197173086,FALSE,FALSE
2022-05-27,Amundsen_Bellingshausen,2.8952972,-0.2701697994984409,0.2701697994984409,0.540312197173086,FALSE,FALSE
2022-05-28,Amundsen_Bellingshausen,2.923657182,-0.26070495011718275,0.26070495011718275,0.540312197173086,FALSE,FALSE
2022-05-29,Amundsen_Bellingshausen,2.968341782,-0.2347226505602635,0.2347226505602635,0.540312197173086,FALSE,FALSE
2022-05-30,Amundsen_Bellingshausen,3.002454888,-0.21913513037899257,0.21913513037899257,0.540312197173086,FALSE,FALSE
2022-05-31,Amundsen_Bellingshausen,3.038815018,-0.2011399891246759,0.2011399891246759,0.540312197173086,FALSE,FALSE
2022-06-01,Amundsen_Bellingshausen,3.046167303,-0.21200821334862183,0.21200821334862183,0.540312197173086,FALSE,FALSE
2022-06-02,Amundsen_Bellingshausen,3.031510415,-0.244749080332741,0.244749080332741,0.540312197173086,FALSE,FALSE
2022-06-03,Amundsen_Bellingshausen,3.029711198,-0.264467458710119,0.264467458710119,0.540312197173086,FALSE,FALSE
2022-06-04,Amundsen_Bellingshausen,3.008842495,-0.30305217298808707,0.30305217298808707,0.540312197173086,FALSE,FALSE
2022-06-05,Amundsen_Bellingshausen,2.971580609,-0.357788587301874,0.357788587301874,0.540312197173086,FALSE,FALSE
2022-06-06,Amundsen_Bellingshausen,2.930545989,-0.4160179197867153,0.4160179197867153,0.540312197173086,FALSE,FALSE
2022-06-07,Amundsen_Bellingshausen,2.882157684,-0.4812827885778428,0.4812827885778428,0.540312197173086,FALSE,FALSE
2022-06-08,Amundsen_Bellingshausen,2.86028396,-0.5196765948104876,0.5196765948104876,0.540312197173086,FALSE,FALSE
2022-06-09,Amundsen_Bellingshausen,2.852964483,-0.5431213396198835,0.5431213396198835,0.540312197173086,TRUE,TRUE
2022-06-10,Amundsen_Bellingshausen,2.856342396,-0.5554355471412609,0.5554355471412609,0.540312197173086,TRUE,TRUE
2022-06-11,Amundsen_Bellingshausen,2.852707357,-0.5742912265098563,0.5742912265098563,0.540312197173086,TRUE,TRUE
2022-06-12,Amundsen_Bellingshausen,2.852164335,-0.5895450758609009,0.5895450758609009,0.540312197173086,TRUE,TRUE
2022-06-13,Amundsen_Bellingshausen,2.866355086,-0.5895170063296242,0.5895170063296242,0.540312197173086,TRUE,TRUE
2022-06-14,Amundsen_Bellingshausen,2.898480238,-0.5709690807767598,0.5709690807767598,0.540312197173086,TRUE,TRUE
2022-06-15,Amundsen_Bellingshausen,2.928769127,-0.5536797841285979,0.5536797841285979,0.540312197173086,TRUE,TRUE
2022-06-16,Amundsen_Bellingshausen,2.975936059,-0.5190045432452286,0.5190045432452286,0.540312197173086,FALSE,FALSE
2022-06-17,Amundsen_Bellingshausen,3.033499306,-0.47349930461191425,0.47349930461191425,0.540312197173086,FALSE,FALSE
2022-06-18,Amundsen_Bellingshausen,3.059350729,-0.4593464257139148,0.4593464257139148,0.540312197173086,FALSE,FALSE
2022-06-19,Amundsen_Bellingshausen,3.095857868,-0.4342525850364885,0.4342525850364885,0.540312197173086,FALSE,FALSE
2022-06-20,Amundsen_Bellingshausen,3.135223057,-0.40608966706489547,0.40608966706489547,0.540312197173086,FALSE,FALSE
2022-06-21,Amundsen_Bellingshausen,3.177933417,-0.3744447692843935,0.3744447692843935,0.540312197173086,FALSE,FALSE
2022-06-22,Amundsen_Bellingshausen,3.21581402,-0.3475670381802445,0.3475670381802445,0.540312197173086,FALSE,FALSE
2022-06-23,Amundsen_Bellingshausen,3.244930263,-0.32946529523770485,0.32946529523770485,0.540312197173086,FALSE,FALSE
2022-06-24,Amundsen_Bellingshausen,3.269235693,-0.31626021194203746,0.31626021194203746,0.540312197173086,FALSE,FALSE
2022-06-25,Amundsen_Bellingshausen,3.282337421,-0.31441889577849924,0.31441889577849924,0.540312197173086,FALSE,FALSE
2022-06-26,Amundsen_Bellingshausen,3.265866104,-0.3423849082323511,0.3423849082323511,0.540312197173086,FALSE,FALSE
2022-06-27,Amundsen_Bellingshausen,3.253693409,-0.3663516903506059,0.3663516903506059,0.540312197173086,FALSE,FALSE
2022-06-28,Amundsen_Bellingshausen,3.254775611,-0.3773592321053614,0.3773592321053614,0.540312197173086,FALSE,FALSE
2022-06-29,Amundsen_Bellingshausen,3.253041676,-0.3914433753616895,0.3914433753616895,0.540312197173086,FALSE,FALSE
2022-06-30,Amundsen_Bellingshausen,3.23992469,-0.4171356802476147,0.4171356802476147,0.540312197173086,FALSE,FALSE
2022-07-01,Amundsen_Bellingshausen,3.255702536,-0.4141229098911592,0.4141229098911592,0.540312197173086,FALSE,FALSE
2022-07-02,Amundsen_Bellingshausen,3.292310852,-0.3904340724203479,0.3904340724203479,0.540312197173086,FALSE,FALSE
2022-07-03,Amundsen_Bellingshausen,3.341149675,-0.3546337769632042,0.3546337769632042,0.540312197173086,FALSE,FALSE
2022-07-04,Amundsen_Bellingshausen,3.371769374,-0.3371363006477499,0.3371363006477499,0.540312197173086,FALSE,FALSE
2022-07-05,Amundsen_Bellingshausen,3.373315508,-0.3487607306020126,0.3487607306020126,0.540312197173086,FALSE,FALSE
2022-07-06,Amundsen_Bellingshausen,3.363405071,-0.3718547189540131,0.3718547189540131,0.540312197173086,FALSE,FALSE
2022-07-07,Amundsen_Bellingshausen,3.350747734,-0.39767324083177336,0.39767324083177336,0.540312197173086,FALSE,FALSE
2022-07-08,Amundsen_Bellingshausen,3.349150708,-0.41237373136332023,0.41237373136332023,0.540312197173086,FALSE,FALSE
2022-07-09,Amundsen_Bellingshausen,3.373697891,-0.4008369749900891,0.4008369749900891,0.540312197173086,FALSE,FALSE
2022-07-10,Amundsen_Bellingshausen,3.414983198,-0.3724408019445171,0.3724408019445171,0.540312197173086,FALSE,FALSE
2022-07-11,Amundsen_Bellingshausen,3.449180948,-0.3509980951966596,0.3509980951966596,0.540312197173086,FALSE,FALSE
2022-07-12,Amundsen_Bellingshausen,3.491337068,-0.3214521752041386,0.3214521752041386,0.540312197173086,FALSE,FALSE
2022-07-13,Amundsen_Bellingshausen,3.510607186,-0.3146366614245766,0.3146366614245766,0.540312197173086,FALSE,FALSE
2022-07-14,Amundsen_Bellingshausen,3.500067545,-0.3374645583155922,0.3374645583155922,0.540312197173086,FALSE,FALSE
2022-07-15,Amundsen_Bellingshausen,3.497059733,-0.3525835253348055,0.3525835253348055,0.540312197173086,FALSE,FALSE
2022-07-16,Amundsen_Bellingshausen,3.500993733,-0.36057282693984183,0.36057282693984183,0.540312197173086,FALSE,FALSE
2022-07-17,Amundsen_Bellingshausen,3.480101969,-0.3931892865883202,0.3931892865883202,0.540312197173086,FALSE,FALSE
2022-07-18,Amundsen_Bellingshausen,3.447746118,-0.4370604747378577,0.4370604747378577,0.540312197173086,FALSE,FALSE
2022-07-19,Amundsen_Bellingshausen,3.433832053,-0.4622697658460817,0.4622697658460817,0.540312197173086,FALSE,FALSE
2022-07-20,Amundsen_Bellingshausen,3.40692356,-0.5002426213706133,0.5002426213706133,0.540312197173086,FALSE,FALSE
2022-07-21,Amundsen_Bellingshausen,3.40301904,-0.5149698877690687,0.5149698877690687,0.540312197173086,FALSE,FALSE
2022-07-22,Amundsen_Bellingshausen,3.416782944,-0.5117760815449954,0.5117760815449954,0.540312197173086,FALSE,FALSE
2022-07-23,Amundsen_Bellingshausen,3.461540589,-0.4773209891924464,0.4773209891924464,0.540312197173086,FALSE,FALSE
2022-07-24,Amundsen_Bellingshausen,3.490948603,-0.45793026957561,0.45793026957561,0.540312197173086,FALSE,FALSE
2022-07-25,Amundsen_Bellingshausen,3.478556967,-0.4800361646665494,0.4800361646665494,0.540312197173086,FALSE,FALSE
2022-07-26,Amundsen_Bellingshausen,3.465252087,-0.5027344914373257,0.5027344914373257,0.540312197173086,FALSE,FALSE
2022-07-27,Amundsen_Bellingshausen,3.433772853,-0.5432685828599979,0.5432685828599979,0.540312197173086,TRUE,TRUE
2022-07-28,Amundsen_Bellingshausen,3.422828944,-0.5629109829066365,0.5629109829066365,0.540312197173086,TRUE,TRUE
2022-07-29,Amundsen_Bellingshausen,3.415169061,-0.5788952135492971,0.5788952135492971,0.540312197173086,TRUE,TRUE
2022-07-30,Amundsen_Bellingshausen,3.427684624,-0.5743120777600494,0.5743120777600494,0.540312197173086,TRUE,TRUE
2022-07-31,Amundsen_Bellingshausen,3.465331967,-0.5441874645109488,0.5441874645109488,0.540312197173086,TRUE,TRUE
2022-08-01,Amundsen_Bellingshausen,3.505409291,-0.5112053957740588,0.5112053957740588,0.540312197173086,FALSE,FALSE
2022-08-02,Amundsen_Bellingshausen,3.54816189,-0.4751028005214466,0.4751028005214466,0.540312197173086,FALSE,FALSE
2022-08-03,Amundsen_Bellingshausen,3.591628342,-0.4378233242526619,0.4378233242526619,0.540312197173086,FALSE,FALSE
2022-08-04,Amundsen_Bellingshausen,3.632765847,-0.4024062306006373,0.4024062306006373,0.540312197173086,FALSE,FALSE
2022-08-05,Amundsen_Bellingshausen,3.650830132,-0.3896436258600935,0.3896436258600935,0.540312197173086,FALSE,FALSE
2022-08-06,Amundsen_Bellingshausen,3.650650663,-0.394765456797066,0.394765456797066,0.540312197173086,FALSE,FALSE
2022-08-07,Amundsen_Bellingshausen,3.633687165,-0.41637141117760246,0.41637141117760246,0.540312197173086,FALSE,FALSE
2022-08-08,Amundsen_Bellingshausen,3.616776113,-0.43768442676774066,0.43768442676774066,0.540312197173086,FALSE,FALSE
2022-08-09,Amundsen_Bellingshausen,3.652540274,-0.4061411493335281,0.4061411493335281,0.540312197173086,FALSE,FALSE
2022-08-10,Amundsen_Bellingshausen,3.64656062,-0.416220019641008,0.416220019641008,0.540312197173086,FALSE,FALSE
2022-08-11,Amundsen_Bellingshausen,3.626623182,-0.440194419456216,0.440194419456216,0.540312197173086,FALSE,FALSE
2022-08-12,Amundsen_Bellingshausen,3.606631147,-0.4642205745452017,0.4642205745452017,0.540312197173086,FALSE,FALSE
2022-08-13,Amundsen_Bellingshausen,3.604012817,-0.4709295956740034,0.4709295956740034,0.540312197173086,FALSE,FALSE
2022-08-14,Amundsen_Bellingshausen,3.614615147,-0.46453394060866815,0.46453394060866815,0.540312197173086,FALSE,FALSE
2022-08-15,Amundsen_Bellingshausen,3.596123254,-0.48740790511523535,0.48740790511523535,0.540312197173086,FALSE,FALSE
2022-08-16,Amundsen_Bellingshausen,3.611668846,-0.47647703232025895,0.47647703232025895,0.540312197173086,FALSE,FALSE
2022-08-17,Amundsen_Bellingshausen,3.686590697,-0.4063955503477179,0.4063955503477179,0.540312197173086,FALSE,FALSE
2022-08-18,Amundsen_Bellingshausen,3.725608868,-0.37236286227104287,0.37236286227104287,0.540312197173086,FALSE,FALSE
2022-08-19,Amundsen_Bellingshausen,3.710781456,-0.3922363050883919,0.3922363050883919,0.540312197173086,FALSE,FALSE
2022-08-20,Amundsen_Bellingshausen,3.708373753,-0.39966602079792857,0.39966602079792857,0.540312197173086,FALSE,FALSE
2022-08-21,Amundsen_Bellingshausen,3.721027875,-0.3919253273978231,0.3919253273978231,0.540312197173086,FALSE,FALSE
2022-08-22,Amundsen_Bellingshausen,3.691402515,-0.4262709658862329,0.4262709658862329,0.540312197173086,FALSE,FALSE
2022-08-23,Amundsen_Bellingshausen,3.63844534,-0.4836707032613252,0.4836707032613252,0.540312197173086,FALSE,FALSE
2022-08-24,Amundsen_Bellingshausen,3.611677881,-0.5145184425212626,0.5145184425212626,0.540312197173086,FALSE,FALSE
2022-08-25,Amundsen_Bellingshausen,3.585734105,-0.5440956506642061,0.5440956506642061,0.540312197173086,TRUE,FALSE
2022-08-26,Amundsen_Bellingshausen,3.589651541,-0.5432802326883297,0.5432802326883297,0.540312197173086,TRUE,FALSE
2022-08-27,Amundsen_Bellingshausen,3.601277738,-0.5341400735917836,0.5341400735917836,0.540312197173086,FALSE,FALSE
2022-08-28,Amundsen_Bellingshausen,3.614591283,-0.5226120203727431,0.5226120203727431,0.540312197173086,FALSE,FALSE
2022-08-29,Amundsen_Bellingshausen,3.647289806,-0.49092886850638,0.49092886850638,0.540312197173086,FALSE,FALSE
2022-08-30,Amundsen_Bellingshausen,3.649549146,-0.4889363181077578,0.4889363181077578,0.540312197173086,FALSE,FALSE
2022-08-31,Amundsen_Bellingshausen,3.631959909,-0.5060995365889855,0.5060995365889855,0.540312197173086,FALSE,FALSE
2022-09-01,Amundsen_Bellingshausen,3.613671745,-0.5233247087672592,0.5233247087672592,0.540312197173086,FALSE,FALSE
2022-09-02,Amundsen_Bellingshausen,3.572019707,-0.5633326164597818,0.5633326164597818,0.540312197173086,TRUE,FALSE
2022-09-03,Amundsen_Bellingshausen,3.543479265,-0.5897036244837448,0.5897036244837448,0.540312197173086,TRUE,FALSE
2022-09-04,Amundsen_Bellingshausen,3.540928253,-0.5896157336563506,0.5896157336563506,0.540312197173086,TRUE,FALSE
2022-09-05,Amundsen_Bellingshausen,3.557723162,-0.5697682877947954,0.5697682877947954,0.540312197173086,TRUE,FALSE
2022-09-06,Amundsen_Bellingshausen,3.591808591,-0.5322725227162768,0.5322725227162768,0.540312197173086,FALSE,FALSE
2022-09-07,Amundsen_Bellingshausen,3.662152163,-0.4582166502379925,0.4582166502379925,0.540312197173086,FALSE,FALSE
2022-09-08,Amundsen_Bellingshausen,3.705160349,-0.41125003417714456,0.41125003417714456,0.540312197173086,FALSE,FALSE
2022-09-09,Amundsen_Bellingshausen,3.679179525,-0.4330821333509278,0.4330821333509278,0.540312197173086,FALSE,FALSE
2022-09-10,Amundsen_Bellingshausen,3.626163359,-0.4818148580505599,0.4818148580505599,0.540312197173086,FALSE,FALSE
2022-09-11,Amundsen_Bellingshausen,3.594480184,-0.509111101135403,0.509111101135403,0.540312197173086,FALSE,FALSE
2022-09-12,Amundsen_Bellingshausen,3.579373528,-0.5197144921077101,0.5197144921077101,0.540312197173086,FALSE,FALSE
2022-09-13,Amundsen_Bellingshausen,3.582721733,-0.5117292064559158,0.5117292064559158,0.540312197173086,FALSE,FALSE
2022-09-14,Amundsen_Bellingshausen,3.573405036,-0.5162575246684535,0.5162575246684535,0.540312197173086,FALSE,FALSE
2022-09-15,Amundsen_Bellingshausen,3.537668239,-0.5470371622337713,0.5470371622337713,0.540312197173086,TRUE,FALSE
2022-09-16,Amundsen_Bellingshausen,3.514443863,-0.5651181156402978,0.5651181156402978,0.540312197173086,TRUE,FALSE
2022-09-17,Amundsen_Bellingshausen,3.518826313,-0.5553884973764749,0.5553884973764749,0.540312197173086,TRUE,FALSE
2022-09-18,Amundsen_Bellingshausen,3.531138956,-0.5375074579307415,0.5375074579307415,0.540312197173086,FALSE,FALSE
2022-09-19,Amundsen_Bellingshausen,3.571920004,-0.4909193027915304,0.4909193027915304,0.540312197173086,FALSE,FALSE
2022-09-20,Amundsen_Bellingshausen,3.593571179,-0.4632048274472793,0.4632048274472793,0.540312197173086,FALSE,FALSE
2022-09-21,Amundsen_Bellingshausen,3.590478963,-0.4599600673864304,0.4599600673864304,0.540312197173086,FALSE,FALSE
2022-09-22,Amundsen_Bellingshausen,3.580816283,-0.4629946130974192,0.4629946130974192,0.540312197173086,FALSE,FALSE
2022-09-23,Amundsen_Bellingshausen,3.545212868,-0.4916618341438701,0.4916618341438701,0.540312197173086,FALSE,FALSE
2022-09-24,Amundsen_Bellingshausen,3.501575716,-0.5280440521530623,0.5280440521530623,0.540312197173086,FALSE,FALSE
2022-09-25,Amundsen_Bellingshausen,3.466401914,-0.5556372735450918,0.5556372735450918,0.540312197173086,TRUE,TRUE
2022-09-26,Amundsen_Bellingshausen,3.46804681,-0.5460792966905461,0.5460792966905461,0.540312197173086,TRUE,TRUE
2022-09-27,Amundsen_Bellingshausen,3.45947448,-0.5463991919600035,0.5463991919600035,0.540312197173086,TRUE,TRUE
2022-09-28,Amundsen_Bellingshausen,3.431132292,-0.5661427377240473,0.5661427377240473,0.540312197173086,TRUE,TRUE
2022-09-29,Amundsen_Bellingshausen,3.414998278,-0.5733250483532579,0.5733250483532579,0.540312197173086,TRUE,TRUE
2022-09-30,Amundsen_Bellingshausen,3.404192633,-0.5748190752182203,0.5748190752182203,0.540312197173086,TRUE,TRUE
2022-10-01,Amundsen_Bellingshausen,3.382537031,-0.5867962906895112,0.5867962906895112,0.540312197173086,TRUE,TRUE
2022-10-02,Amundsen_Bellingshausen,3.374829694,-0.5844516191377149,0.5844516191377149,0.540312197173086,TRUE,TRUE
2022-10-03,Amundsen_Bellingshausen,3.408571342,-0.5402774869334119,0.5402774869334119,0.540312197173086,FALSE,FALSE
2022-10-04,Amundsen_Bellingshausen,3.451032273,-0.48699674244718416,0.48699674244718416,0.540312197173086,FALSE,FALSE
2022-10-05,Amundsen_Bellingshausen,3.458477651,-0.4683373831578477,0.4683373831578477,0.540312197173086,FALSE,FALSE
2022-10-06,Amundsen_Bellingshausen,3.451962413,-0.46325590891069135,0.46325590891069135,0.540312197173086,FALSE,FALSE
2022-10-07,Amundsen_Bellingshausen,3.433323616,-0.4699804574424018,0.4699804574424018,0.540312197173086,FALSE,FALSE
2022-10-08,Amundsen_Bellingshausen,3.422346794,-0.4688005243898785,0.4688005243898785,0.540312197173086,FALSE,FALSE
2022-10-09,Amundsen_Bellingshausen,3.403764317,-0.4750587693900261,0.4750587693900261,0.540312197173086,FALSE,FALSE
2022-10-10,Amundsen_Bellingshausen,3.398488574,-0.4679178330797509,0.4679178330797509,0.540312197173086,FALSE,FALSE
2022-10-11,Amundsen_Bellingshausen,3.415056054,-0.4389162560959536,0.4389162560959536,0.540312197173086,FALSE,FALSE
2022-10-12,Amundsen_Bellingshausen,3.403462786,-0.4381330390755376,0.4381330390755376,0.540312197173086,FALSE,FALSE
2022-10-13,Amundsen_Bellingshausen,3.383915669,-0.4454363126554082,0.4454363126554082,0.540312197173086,FALSE,FALSE
2022-10-14,Amundsen_Bellingshausen,3.368748889,-0.44856692047246494,0.44856692047246494,0.540312197173086,FALSE,FALSE
2022-10-15,Amundsen_Bellingshausen,3.372755949,-0.43280638916361536,0.43280638916361536,0.540312197173086,FALSE,FALSE
2022-10-16,Amundsen_Bellingshausen,3.397807023,-0.396359574365762,0.396359574365762,0.540312197173086,FALSE,FALSE
2022-10-17,Amundsen_Bellingshausen,3.416923921,-0.3662796957158067,0.3662796957158067,0.540312197173086,FALSE,FALSE
2022-10-18,Amundsen_Bellingshausen,3.408569954,-0.3641751794116779,0.3641751794116779,0.540312197173086,FALSE,FALSE
2022-10-19,Amundsen_Bellingshausen,3.395508519,-0.367284435222996,0.367284435222996,0.540312197173086,FALSE,FALSE
2022-10-20,Amundsen_Bellingshausen,3.383316857,-0.3699651743607295,0.3699651743607295,0.540312197173086,FALSE,FALSE
2022-10-21,Amundsen_Bellingshausen,3.372536627,-0.3716080131610182,0.3716080131610182,0.540312197173086,FALSE,FALSE
2022-10-22,Amundsen_Bellingshausen,3.376578586,-0.358734469960003,0.358734469960003,0.540312197173086,FALSE,FALSE
2022-10-23,Amundsen_Bellingshausen,3.379018343,-0.3477012110938196,0.3477012110938196,0.540312197173086,FALSE,FALSE
2022-10-24,Amundsen_Bellingshausen,3.378760151,-0.3395362588986113,0.3395362588986113,0.540312197173086,FALSE,FALSE
2022-10-25,Amundsen_Bellingshausen,3.374184759,-0.335791139710516,0.335791139710516,0.540312197173086,FALSE,FALSE
2022-10-26,Amundsen_Bellingshausen,3.364542683,-0.33714761286567363,0.33714761286567363,0.540312197173086,FALSE,FALSE
2022-10-27,Amundsen_Bellingshausen,3.345872474,-0.3474994027002216,0.3474994027002216,0.540312197173086,FALSE,FALSE
2022-10-28,Amundsen_Bellingshausen,3.333839512,-0.35111340455030327,0.35111340455030327,0.540312197173086,FALSE,FALSE
2022-10-29,Amundsen_Bellingshausen,3.298051244,-0.3783144467520554,0.3783144467520554,0.540312197173086,FALSE,FALSE
2022-10-30,Amundsen_Bellingshausen,3.323841961,-0.34370051364161736,0.34370051364161736,0.540312197173086,FALSE,FALSE
2022-10-31,Amundsen_Bellingshausen,3.302628698,-0.3557978710161498,0.3557978710161498,0.540312197173086,FALSE,FALSE
2022-11-01,Amundsen_Bellingshausen,3.313317977,-0.33569756738603296,0.33569756738603296,0.540312197173086,FALSE,FALSE
2022-11-02,Amundsen_Bellingshausen,3.32862096,-0.3107026808086868,0.3107026808086868,0.540312197173086,FALSE,FALSE
2022-11-03,Amundsen_Bellingshausen,3.325659465,-0.3037056378227496,0.3037056378227496,0.540312197173086,FALSE,FALSE
2022-11-04,Amundsen_Bellingshausen,3.334982136,-0.2841720389668567,0.2841720389668567,0.540312197173086,FALSE,FALSE
2022-11-05,Amundsen_Bellingshausen,3.350248356,-0.2584567457796436,0.2584567457796436,0.540312197173086,FALSE,FALSE
2022-11-06,Amundsen_Bellingshausen,3.361057495,-0.23697463279974415,0.23697463279974415,0.540312197173086,FALSE,FALSE
2022-11-07,Amundsen_Bellingshausen,3.344125887,-0.24302361056579705,0.24302361056579705,0.540312197173086,FALSE,FALSE
2022-11-08,Amundsen_Bellingshausen,3.347176931,-0.228894524616436,0.228894524616436,0.540312197173086,FALSE,FALSE
2022-11-09,Amundsen_Bellingshausen,3.329346823,-0.2354654234902935,0.2354654234902935,0.540312197173086,FALSE,FALSE
2022-11-10,Amundsen_Bellingshausen,3.331783523,-0.22160259172600805,0.22160259172600805,0.540312197173086,FALSE,FALSE
2022-11-11,Amundsen_Bellingshausen,3.331670276,-0.2101370288622153,0.2101370288622153,0.540312197173086,FALSE,FALSE
2022-11-12,Amundsen_Bellingshausen,3.326970416,-0.20311966625851816,0.20311966625851816,0.540312197173086,FALSE,FALSE
2022-11-13,Amundsen_Bellingshausen,3.31384103,-0.20440883406963684,0.20440883406963684,0.540312197173086,FALSE,FALSE
2022-11-14,Amundsen_Bellingshausen,3.312175223,-0.19412857583869547,0.19412857583869547,0.540312197173086,FALSE,FALSE
2022-11-15,Amundsen_Bellingshausen,3.289092389,-0.20517678891983016,0.20517678891983016,0.540312197173086,FALSE,FALSE
2022-11-16,Amundsen_Bellingshausen,3.264179668,-0.21798362466718224,0.21798362466718224,0.540312197173086,FALSE,FALSE
2022-11-17,Amundsen_Bellingshausen,3.251765992,-0.2182374424348903,0.2182374424348903,0.540312197173086,FALSE,FALSE
2022-11-18,Amundsen_Bellingshausen,3.24752412,-0.21028277457709477,0.21028277457709477,0.540312197173086,FALSE,FALSE
2022-11-19,Amundsen_Bellingshausen,3.238262727,-0.20732823744793283,0.20732823744793283,0.540312197173086,FALSE,FALSE
2022-11-20,Amundsen_Bellingshausen,3.201321318,-0.232051617401547,0.232051617401547,0.540312197173086,FALSE,FALSE
2022-11-21,Amundsen_Bellingshausen,3.199596762,-0.22157333679207492,0.22157333679207492,0.540312197173086,FALSE,FALSE
2022-11-22,Amundsen_Bellingshausen,3.19212252,-0.21687722597365425,0.21687722597365425,0.540312197173086,FALSE,FALSE
2022-11-23,Amundsen_Bellingshausen,3.17577169,-0.22110747830042676,0.22110747830042676,0.540312197173086,FALSE,FALSE
2022-11-24,Amundsen_Bellingshausen,3.151317442,-0.23350821512653175,0.23350821512653175,0.540312197173086,FALSE,FALSE
2022-11-25,Amundsen_Bellingshausen,3.128084507,-0.24476725850198777,0.24476725850198777,0.540312197173086,FALSE,FALSE
2022-11-26,Amundsen_Bellingshausen,3.10264664,-0.25828333069445897,0.25828333069445897,0.540312197173086,FALSE,FALSE
2022-11-27,Amundsen_Bellingshausen,3.103037745,-0.24597485382926365,0.24597485382926365,0.540312197173086,FALSE,FALSE
2022-11-28,Amundsen_Bellingshausen,3.107362029,-0.229689794398511,0.229689794398511,0.540312197173086,FALSE,FALSE
2022-11-29,Amundsen_Bellingshausen,3.103913521,-0.22108629689432344,0.22108629689432344,0.540312197173086,FALSE,FALSE
2022-11-30,Amundsen_Bellingshausen,3.077763688,-0.23504506780881496,0.23504506780881496,0.540312197173086,FALSE,FALSE
2022-12-01,Amundsen_Bellingshausen,3.043260502,-0.2571703086341035,0.2571703086341035,0.540312197173086,FALSE,FALSE
2022-12-02,Amundsen_Bellingshausen,3.015457372,-0.27236078386230433,0.27236078386230433,0.540312197173086,FALSE,FALSE
2022-12-03,Amundsen_Bellingshausen,3.010320988,-0.2646019769855359,0.2646019769855359,0.540312197173086,FALSE,FALSE
2022-12-04,Amundsen_Bellingshausen,2.99935159,-0.262345821495912,0.262345821495912,0.540312197173086,FALSE,FALSE
2022-12-05,Amundsen_Bellingshausen,2.988390392,-0.2597032768855514,0.2597032768855514,0.540312197173086,FALSE,FALSE
2022-12-06,Amundsen_Bellingshausen,2.977008587,-0.2570553236465689,0.2570553236465689,0.540312197173086,FALSE,FALSE
2022-12-07,Amundsen_Bellingshausen,2.98436625,-0.2351939895052655,0.2351939895052655,0.540312197173086,FALSE,FALSE
2022-12-08,Amundsen_Bellingshausen,2.988198643,-0.21631414721424003,0.21631414721424003,0.540312197173086,FALSE,FALSE
2022-12-09,Amundsen_Bellingshausen,2.986579663,-0.2022190558396879,0.2022190558396879,0.540312197173086,FALSE,FALSE
2022-12-10,Amundsen_Bellingshausen,2.994851064,-0.1774362913147165,0.1774362913147165,0.540312197173086,FALSE,FALSE
2022-12-11,Amundsen_Bellingshausen,3.008721537,-0.1461264925724297,0.1461264925724297,0.540312197173086,FALSE,FALSE
2022-12-12,Amundsen_Bellingshausen,3.040405171,-0.0959449005459363,0.0959449005459363,0.540312197173086,FALSE,FALSE
2022-12-13,Amundsen_Bellingshausen,3.037812412,-0.0788503991683367,0.0788503991683367,0.540312197173086,FALSE,FALSE
2022-12-14,Amundsen_Bellingshausen,3.006706998,-0.08894858037274345,0.08894858037274345,0.540312197173086,FALSE,FALSE
2022-12-15,Amundsen_Bellingshausen,3.000806501,-0.07239120209225725,0.07239120209225725,0.540312197173086,FALSE,FALSE
2022-12-16,Amundsen_Bellingshausen,2.978000014,-0.07115850125998469,0.07115850125998469,0.540312197173086,FALSE,FALSE
2022-12-17,Amundsen_Bellingshausen,2.945588401,-0.07781894380903243,0.07781894380903243,0.540312197173086,FALSE,FALSE
2022-12-18,Amundsen_Bellingshausen,2.893084114,-0.10272940767250605,0.10272940767250605,0.540312197173086,FALSE,FALSE
2022-12-19,Amundsen_Bellingshausen,2.818034169,-0.14821220678351077,0.14821220678351077,0.540312197173086,FALSE,FALSE
2022-12-20,Amundsen_Bellingshausen,2.709057754,-0.22552742794159553,0.22552742794159553,0.540312197173086,FALSE,FALSE
2022-12-21,Amundsen_Bellingshausen,2.630909477,-0.26995698545386837,0.26995698545386837,0.540312197173086,FALSE,FALSE
2022-12-22,Amundsen_Bellingshausen,2.482519747,-0.3827325108898525,0.3827325108898525,0.540312197173086,FALSE,FALSE
2022-12-23,Amundsen_Bellingshausen,2.419058211,-0.408849895626755,0.408849895626755,0.540312197173086,FALSE,FALSE
2022-12-24,Amundsen_Bellingshausen,2.359409317,-0.42959023004179464,0.42959023004179464,0.540312197173086,FALSE,FALSE
2022-12-25,Amundsen_Bellingshausen,2.342412928,-0.4062791895121825,0.4062791895121825,0.540312197173086,FALSE,FALSE
2022-12-26,Amundsen_Bellingshausen,2.295872794,-0.4112785624151307,0.4112785624151307,0.540312197173086,FALSE,FALSE
2022-12-27,Amundsen_Bellingshausen,2.237163525,-0.4273792771278506,0.4273792771278506,0.540312197173086,FALSE,FALSE
2022-12-28,Amundsen_Bellingshausen,2.167323833,-0.4537081600275598,0.4537081600275598,0.540312197173086,FALSE,FALSE
2022-12-29,Amundsen_Bellingshausen,2.081228139,-0.495556328491471,0.495556328491471,0.540312197173086,FALSE,FALSE
2022-12-30,Amundsen_Bellingshausen,2.02195046,-0.5100153038967896,0.5100153038967896,0.540312197173086,FALSE,FALSE
2022-12-31,Amundsen_Bellingshausen,1.981139652,-0.5056017686207364,0.5056017686207364,0.540312197173086,FALSE,FALSE
2023-01-01,Amundsen_Bellingshausen,1.912028899,-0.5292480770405241,0.5292480770405241,0.540312197173086,FALSE,FALSE
2023-01-02,Amundsen_Bellingshausen,1.812421352,-0.5833098585273289,0.5833098585273289,0.540312197173086,TRUE,TRUE
2023-01-03,Amundsen_Bellingshausen,1.777299653,-0.5729362194281884,0.5729362194281884,0.540312197173086,TRUE,TRUE
2023-01-04,Amundsen_Bellingshausen,1.711524103,-0.5933918490840959,0.5933918490840959,0.540312197173086,TRUE,TRUE
2023-01-05,Amundsen_Bellingshausen,1.648700589,-0.6111958508360613,0.6111958508360613,0.540312197173086,TRUE,TRUE
2023-01-06,Amundsen_Bellingshausen,1.596418497,-0.6188838290250793,0.6188838290250793,0.540312197173086,TRUE,TRUE
2023-01-07,Amundsen_Bellingshausen,1.582417254,-0.5888413469921545,0.5888413469921545,0.540312197173086,TRUE,TRUE
2023-01-08,Amundsen_Bellingshausen,1.571521169,-0.5563690860782864,0.5563690860782864,0.540312197173086,TRUE,TRUE
2023-01-09,Amundsen_Bellingshausen,1.545509264,-0.5398130146244746,0.5398130146244746,0.540312197173086,FALSE,FALSE
2023-01-10,Amundsen_Bellingshausen,1.517079011,-0.5266006509717192,0.5266006509717192,0.540312197173086,FALSE,FALSE
2023-01-11,Amundsen_Bellingshausen,1.482468665,-0.5206187304610224,0.5206187304610224,0.540312197173086,FALSE,FALSE
2023-01-12,Amundsen_Bellingshausen,1.470877357,-0.4927931124333844,0.4927931124333844,0.540312197173086,FALSE,FALSE
2023-01-13,Amundsen_Bellingshausen,1.469128223,-0.4564256512298037,0.4564256512298037,0.540312197173086,FALSE,FALSE
2023-01-14,Amundsen_Bellingshausen,1.461011531,-0.4278491133769016,0.4278491133769016,0.540312197173086,FALSE,FALSE
2023-01-15,Amundsen_Bellingshausen,1.45672453,-0.3969191003190444,0.3969191003190444,0.540312197173086,FALSE,FALSE
2023-01-16,Amundsen_Bellingshausen,1.448797738,-0.3710700188729521,0.3710700188729521,0.540312197173086,FALSE,FALSE
2023-01-17,Amundsen_Bellingshausen,1.44550357,-0.3419888181400226,0.3419888181400226,0.540312197173086,FALSE,FALSE
2023-01-18,Amundsen_Bellingshausen,1.425761374,-0.33071551422165757,0.33071551422165757,0.540312197173086,FALSE,FALSE
2023-01-19,Amundsen_Bellingshausen,1.41952174,-0.3072588812192556,0.3072588812192556,0.540312197173086,FALSE,FALSE
2023-01-20,Amundsen_Bellingshausen,1.414499237,-0.28386371423421886,0.28386371423421886,0.540312197173086,FALSE,FALSE
2023-01-21,Amundsen_Bellingshausen,1.411631883,-0.25955135936794527,0.25955135936794527,0.540312197173086,FALSE,FALSE
2023-01-22,Amundsen_Bellingshausen,1.410250358,-0.234950500721836,0.234950500721836,0.540312197173086,FALSE,FALSE
2023-01-23,Amundsen_Bellingshausen,1.390000164,-0.23037500039729197,0.23037500039729197,0.540312197173086,FALSE,FALSE
2023-01-24,Amundsen_Bellingshausen,1.361193475,-0.23547204849571068,0.23547204849571068,0.540312197173086,FALSE,FALSE
2023-01-25,Amundsen_Bellingshausen,1.323748923,-0.2502823771184952,0.2502823771184952,0.540312197173086,FALSE,FALSE
2023-01-26,Amundsen_Bellingshausen,1.305452313,-0.24697954536704336,0.24697954536704336,0.540312197173086,FALSE,FALSE
2023-01-27,Amundsen_Bellingshausen,1.296802049,-0.2350267174676446,0.2350267174676446,0.540312197173086,FALSE,FALSE
2023-01-28,Amundsen_Bellingshausen,1.289248898,-0.22294961537945143,0.22294961537945143,0.540312197173086,FALSE,FALSE
2023-01-29,Amundsen_Bellingshausen,1.278807404,-0.21471637104527683,0.21471637104527683,0.540312197173086,FALSE,FALSE
2023-01-30,Amundsen_Bellingshausen,1.266860014,-0.2089272333381773,0.2089272333381773,0.540312197173086,FALSE,FALSE
2023-01-31,Amundsen_Bellingshausen,1.260174301,-0.19879732513120385,0.19879732513120385,0.540312197173086,FALSE,FALSE
2023-02-01,Amundsen_Bellingshausen,1.25342778,-0.1896318272974105,0.1896318272974105,0.540312197173086,FALSE,FALSE
2023-02-02,Amundsen_Bellingshausen,1.247441031,-0.18059285570985104,0.18059285570985104,0.540312197173086,FALSE,FALSE
2023-02-03,Amundsen_Bellingshausen,1.245205368,-0.16867179224157747,0.16867179224157747,0.540312197173086,FALSE,FALSE
2023-02-04,Amundsen_Bellingshausen,1.244888373,-0.15568375076564211,0.15568375076564211,0.540312197173086,FALSE,FALSE
2023-02-05,Amundsen_Bellingshausen,1.239175837,-0.14892563615510102,0.14892563615510102,0.540312197173086,FALSE,FALSE
2023-02-06,Amundsen_Bellingshausen,1.230773076,-0.14567482828300493,0.14567482828300493,0.540312197173086,FALSE,FALSE
2023-02-07,Amundsen_Bellingshausen,1.208038076,-0.15755603702240717,0.15755603702240717,0.540312197173086,FALSE,FALSE
2023-02-08,Amundsen_Bellingshausen,1.19157818,-0.16394470082079635,0.16394470082079635,0.540312197173086,FALSE,FALSE
2023-02-09,Amundsen_Bellingshausen,1.152920487,-0.19330779994670744,0.19330779994670744,0.540312197173086,FALSE,FALSE
2023-02-10,Amundsen_Bellingshausen,1.144429063,-0.1932978163213208,0.1932978163213208,0.540312197173086,FALSE,FALSE
2023-02-11,Amundsen_Bellingshausen,1.13283611,-0.19720175241555624,0.19720175241555624,0.540312197173086,FALSE,FALSE
2023-02-12,Amundsen_Bellingshausen,1.132967074,-0.19021336670033584,0.19021336670033584,0.540312197173086,FALSE,FALSE
2023-02-13,Amundsen_Bellingshausen,1.124222065,-0.1929517536465808,0.1929517536465808,0.540312197173086,FALSE,FALSE
2023-02-14,Amundsen_Bellingshausen,1.114371267,-0.1976659337252109,0.1976659337252109,0.540312197173086,FALSE,FALSE
2023-02-15,Amundsen_Bellingshausen,1.095172571,-0.2126172204071488,0.2126172204071488,0.540312197173086,FALSE,FALSE
2023-02-16,Amundsen_Bellingshausen,1.092040138,-0.21241065716331595,0.21241065716331595,0.540312197173086,FALSE,FALSE
2023-02-17,Amundsen_Bellingshausen,1.121573074,-0.1804663424646311,0.1804663424646311,0.540312197173086,FALSE,FALSE
2023-02-18,Amundsen_Bellingshausen,1.12904854,-0.17152631978201693,0.17152631978201693,0.540312197173086,FALSE,FALSE
2023-02-19,Amundsen_Bellingshausen,1.115437477,-0.1846388525863958,0.1846388525863958,0.540312197173086,FALSE,FALSE
2023-02-20,Amundsen_Bellingshausen,1.09385325,-0.20670978034868637,0.20670978034868637,0.540312197173086,FALSE,FALSE
2023-02-21,Amundsen_Bellingshausen,1.087108102,-0.2149427416035048,0.2149427416035048,0.540312197173086,FALSE,FALSE
2023-02-22,Amundsen_Bellingshausen,1.079595612,-0.2249197528245781,0.2249197528245781,0.540312197173086,FALSE,FALSE
2023-02-23,Amundsen_Bellingshausen,1.090738685,-0.2171667044399188,0.2171667044399188,0.540312197173086,FALSE,FALSE
2023-02-24,Amundsen_Bellingshausen,1.102317735,-0.209851493413862,0.209851493413862,0.540312197173086,FALSE,FALSE
2023-02-25,Amundsen_Bellingshausen,1.105610134,-0.21164505871075012,0.21164505871075012,0.540312197173086,FALSE,FALSE
2023-02-26,Amundsen_Bellingshausen,1.160464248,-0.1626473452949213,0.1626473452949213,0.540312197173086,FALSE,FALSE
2023-02-27,Amundsen_Bellingshausen,1.191675407,-0.13801133413071565,0.13801133413071565,0.540312197173086,FALSE,FALSE
2023-02-28,Amundsen_Bellingshausen,1.195593962,-0.14133498518247078,0.14133498518247078,0.540312197173086,FALSE,FALSE
2023-03-01,Amundsen_Bellingshausen,1.22357965,-0.12120687241452766,0.12120687241452766,0.540312197173086,FALSE,FALSE
2023-03-02,Amundsen_Bellingshausen,1.228511515,-0.12469626279122514,0.12469626279122514,0.540312197173086,FALSE,FALSE
2023-03-03,Amundsen_Bellingshausen,1.215600075,-0.1465409492769032,0.1465409492769032,0.540312197173086,FALSE,FALSE
2023-03-04,Amundsen_Bellingshausen,1.206368027,-0.16516654583589996,0.16516654583589996,0.540312197173086,FALSE,FALSE
2023-03-05,Amundsen_Bellingshausen,1.216944895,-0.16439184275963226,0.16439184275963226,0.540312197173086,FALSE,FALSE
2023-03-06,Amundsen_Bellingshausen,1.230326122,-0.16118208764969943,0.16118208764969943,0.540312197173086,FALSE,FALSE
2023-03-07,Amundsen_Bellingshausen,1.230010736,-0.1720392356724978,0.1720392356724978,0.540312197173086,FALSE,FALSE
2023-03-08,Amundsen_Bellingshausen,1.234561752,-0.1784094408512502,0.1784094408512502,0.540312197173086,FALSE,FALSE
2023-03-09,Amundsen_Bellingshausen,1.225438117,-0.19884292520918057,0.19884292520918057,0.540312197173086,FALSE,FALSE
2023-03-10,Amundsen_Bellingshausen,1.226097159,-0.2098915297695112,0.2098915297695112,0.540312197173086,FALSE,FALSE
2023-03-11,Amundsen_Bellingshausen,1.212968271,-0.23513503055546603,0.23513503055546603,0.540312197173086,FALSE,FALSE
2023-03-12,Amundsen_Bellingshausen,1.188609265,-0.27202478459026835,0.27202478459026835,0.540312197173086,FALSE,FALSE
2023-03-13,Amundsen_Bellingshausen,1.180287706,-0.29330239589714324,0.29330239589714324,0.540312197173086,FALSE,FALSE
2023-03-14,Amundsen_Bellingshausen,1.196348481,-0.29063214649931113,0.29063214649931113,0.540312197173086,FALSE,FALSE
2023-03-15,Amundsen_Bellingshausen,1.235795968,-0.2650188274199967,0.2650188274199967,0.540312197173086,FALSE,FALSE
2023-03-16,Amundsen_Bellingshausen,1.252106381,-0.26299539368242497,0.26299539368242497,0.540312197173086,FALSE,FALSE
2023-03-17,Amundsen_Bellingshausen,1.262003826,-0.2678469083098167,0.2678469083098167,0.540312197173086,FALSE,FALSE
2023-03-18,Amundsen_Bellingshausen,1.269882916,-0.27518743654343814,0.27518743654343814,0.540312197173086,FALSE,FALSE
2023-03-19,Amundsen_Bellingshausen,1.282164558,-0.2785924924166796,0.2785924924166796,0.540312197173086,FALSE,FALSE
2023-03-20,Amundsen_Bellingshausen,1.29730519,-0.2795892378208302,0.2795892378208302,0.540312197173086,FALSE,FALSE
2023-03-21,Amundsen_Bellingshausen,1.30668487,-0.28678061100683316,0.28678061100683316,0.540312197173086,FALSE,FALSE
2023-03-22,Amundsen_Bellingshausen,1.305712563,-0.30474064322563255,0.30474064322563255,0.540312197173086,FALSE,FALSE
2023-03-23,Amundsen_Bellingshausen,1.308037241,-0.3198033587281719,0.3198033587281719,0.540312197173086,FALSE,FALSE
2023-03-24,Amundsen_Bellingshausen,1.314331442,-0.33127921576539254,0.33127921576539254,0.540312197173086,FALSE,FALSE
2023-03-25,Amundsen_Bellingshausen,1.301965771,-0.3617806055882402,0.3617806055882402,0.540312197173086,FALSE,FALSE
2023-03-26,Amundsen_Bellingshausen,1.302377717,-0.3798530354476579,0.3798530354476579,0.540312197173086,FALSE,FALSE
2023-03-27,Amundsen_Bellingshausen,1.320662908,-0.38038387359458703,0.38038387359458703,0.540312197173086,FALSE,FALSE
2023-03-28,Amundsen_Bellingshausen,1.371497494,-0.3486799662799731,0.3486799662799731,0.540312197173086,FALSE,FALSE
2023-03-29,Amundsen_Bellingshausen,1.413810091,-0.32579569375475925,0.32579569375475925,0.540312197173086,FALSE,FALSE
2023-03-30,Amundsen_Bellingshausen,1.416868855,-0.3424458962698882,0.3424458962698882,0.540312197173086,FALSE,FALSE
2023-03-31,Amundsen_Bellingshausen,1.420681255,-0.35860906070334764,0.35860906070334764,0.540312197173086,FALSE,FALSE
2023-04-01,Amundsen_Bellingshausen,1.42725892,-0.3722756913528906,0.3722756913528906,0.540312197173086,FALSE,FALSE
2023-04-02,Amundsen_Bellingshausen,1.432914906,-0.3871403651418503,0.3871403651418503,0.540312197173086,FALSE,FALSE
2023-04-03,Amundsen_Bellingshausen,1.436412949,-0.4044469835401019,0.4044469835401019,0.540312197173086,FALSE,FALSE
2023-04-04,Amundsen_Bellingshausen,1.421446698,-0.4405095350175179,0.4405095350175179,0.540312197173086,FALSE,FALSE
2023-04-05,Amundsen_Bellingshausen,1.404567357,-0.4787844530439731,0.4787844530439731,0.540312197173086,FALSE,FALSE
2023-04-06,Amundsen_Bellingshausen,1.39239217,-0.5126621310893353,0.5126621310893353,0.540312197173086,FALSE,FALSE
2023-04-07,Amundsen_Bellingshausen,1.389436466,-0.537634877623482,0.537634877623482,0.540312197173086,FALSE,FALSE
2023-04-08,Amundsen_Bellingshausen,1.397282922,-0.5521276531162824,0.5521276531162824,0.540312197173086,TRUE,FALSE
2023-04-09,Amundsen_Bellingshausen,1.419677761,-0.5524018720376116,0.5524018720376116,0.540312197173086,TRUE,FALSE
2023-04-10,Amundsen_Bellingshausen,1.448339285,-0.5467468698573423,0.5467468698573423,0.540312197173086,TRUE,FALSE
2023-04-11,Amundsen_Bellingshausen,1.47797741,-0.5404603680453468,0.5404603680453468,0.540312197173086,TRUE,FALSE
2023-04-12,Amundsen_Bellingshausen,1.51759814,-0.52454395096473,0.52454395096473,0.540312197173086,FALSE,FALSE
2023-04-13,Amundsen_Bellingshausen,1.564038675,-0.5021645071279028,0.5021645071279028,0.540312197173086,FALSE,FALSE
2023-04-14,Amundsen_Bellingshausen,1.597740566,-0.49287880457478805,0.49287880457478805,0.540312197173086,FALSE,FALSE
2023-04-15,Amundsen_Bellingshausen,1.607522188,-0.5078662484507475,0.5078662484507475,0.540312197173086,FALSE,FALSE
2023-04-16,Amundsen_Bellingshausen,1.597887762,-0.5426203979011532,0.5426203979011532,0.540312197173086,TRUE,TRUE
2023-04-17,Amundsen_Bellingshausen,1.614041461,-0.5519348600713678,0.5519348600713678,0.540312197173086,TRUE,TRUE
2023-04-18,Amundsen_Bellingshausen,1.611126723,-0.5806639771067568,0.5806639771067568,0.540312197173086,TRUE,TRUE
2023-04-19,Amundsen_Bellingshausen,1.61799744,-0.5999516371526887,0.5999516371526887,0.540312197173086,TRUE,TRUE
2023-04-20,Amundsen_Bellingshausen,1.610513279,-0.6339359533545288,0.6339359533545288,0.540312197173086,TRUE,TRUE
2023-04-21,Amundsen_Bellingshausen,1.630179277,-0.6411096688576443,0.6411096688576443,0.540312197173086,TRUE,TRUE
2023-04-22,Amundsen_Bellingshausen,1.644148957,-0.6543170408073995,0.6543170408073995,0.540312197173086,TRUE,TRUE
2023-04-23,Amundsen_Bellingshausen,1.635762803,-0.690215365349161,0.690215365349161,0.540312197173086,TRUE,TRUE
2023-04-24,Amundsen_Bellingshausen,1.636765785,-0.7170574526282965,0.7170574526282965,0.540312197173086,TRUE,TRUE
2023-04-25,Amundsen_Bellingshausen,1.658280152,-0.7237144926222341,0.7237144926222341,0.540312197173086,TRUE,TRUE
2023-04-26,Amundsen_Bellingshausen,1.689661043,-0.7207835552288198,0.7207835552288198,0.540312197173086,TRUE,TRUE
2023-04-27,Amundsen_Bellingshausen,1.724610751,-0.7144917723627946,0.7144917723627946,0.540312197173086,TRUE,TRUE
2023-04-28,Amundsen_Bellingshausen,1.739690742,-0.7282068629347913,0.7282068629347913,0.540312197173086,TRUE,TRUE
2023-04-29,Amundsen_Bellingshausen,1.786977926,-0.7097811018554485,0.7097811018554485,0.540312197173086,TRUE,TRUE
2023-04-30,Amundsen_Bellingshausen,1.819201177,-0.7064148000354056,0.7064148000354056,0.540312197173086,TRUE,TRUE
2023-05-01,Amundsen_Bellingshausen,1.81953729,-0.7348603473852995,0.7348603473852995,0.540312197173086,TRUE,TRUE
2023-05-02,Amundsen_Bellingshausen,1.797285464,-0.7857477298157669,0.7857477298157669,0.540312197173086,TRUE,TRUE
2023-05-03,Amundsen_Bellingshausen,1.770513292,-0.8409385392374444,0.8409385392374444,0.540312197173086,TRUE,TRUE
2023-05-04,Amundsen_Bellingshausen,1.79730308,-0.842279654560967,0.842279654560967,0.540312197173086,TRUE,TRUE
2023-05-05,Amundsen_Bellingshausen,1.830646231,-0.8367088576969766,0.8367088576969766,0.540312197173086,TRUE,TRUE
2023-05-06,Amundsen_Bellingshausen,1.871894802,-0.8228032765561064,0.8228032765561064,0.540312197173086,TRUE,TRUE
2023-05-07,Amundsen_Bellingshausen,1.916303408,-0.8052375200321231,0.8052375200321231,0.540312197173086,TRUE,TRUE
2023-05-08,Amundsen_Bellingshausen,1.949288018,-0.7985465767208992,0.7985465767208992,0.540312197173086,TRUE,TRUE
2023-05-09,Amundsen_Bellingshausen,1.958348649,-0.8152392308686394,0.8152392308686394,0.540312197173086,TRUE,TRUE
2023-05-10,Amundsen_Bellingshausen,1.996978221,-0.8018408810864002,0.8018408810864002,0.540312197173086,TRUE,TRUE
2023-05-11,Amundsen_Bellingshausen,2.060991899,-0.7625546809852435,0.7625546809852435,0.540312197173086,TRUE,TRUE
2023-05-12,Amundsen_Bellingshausen,2.064195461,-0.7835931711762263,0.7835931711762263,0.540312197173086,TRUE,TRUE
2023-05-13,Amundsen_Bellingshausen,2.06909161,-0.8024719672704079,0.8024719672704079,0.540312197173086,TRUE,TRUE
2023-05-14,Amundsen_Bellingshausen,2.09216399,-0.8027257438788515,0.8027257438788515,0.540312197173086,TRUE,TRUE
2023-05-15,Amundsen_Bellingshausen,2.085217209,-0.8325682116126139,0.8325682116126139,0.540312197173086,TRUE,TRUE
2023-05-16,Amundsen_Bellingshausen,2.053692992,-0.8865759640827537,0.8865759640827537,0.540312197173086,TRUE,TRUE
2023-05-17,Amundsen_Bellingshausen,2.062842236,-0.8995164229003332,0.8995164229003332,0.540312197173086,TRUE,TRUE
2023-05-18,Amundsen_Bellingshausen,2.089794527,-0.8942783206764093,0.8942783206764093,0.540312197173086,TRUE,TRUE
2023-05-19,Amundsen_Bellingshausen,2.096707606,-0.9087222350220432,0.9087222350220432,0.540312197173086,TRUE,TRUE
2023-05-20,Amundsen_Bellingshausen,2.123650449,-0.9027974469389553,0.9027974469389553,0.540312197173086,TRUE,TRUE
2023-05-21,Amundsen_Bellingshausen,2.178916403,-0.8682277422239202,0.8682277422239202,0.540312197173086,TRUE,TRUE
2023-05-22,Amundsen_Bellingshausen,2.195201836,-0.8723329034740743,0.8723329034740743,0.540312197173086,TRUE,TRUE
2023-05-23,Amundsen_Bellingshausen,2.221023555,-0.8666122412407269,0.8666122412407269,0.540312197173086,TRUE,TRUE
2023-05-24,Amundsen_Bellingshausen,2.272888868,-0.8345745650751812,0.8345745650751812,0.540312197173086,TRUE,TRUE
2023-05-25,Amundsen_Bellingshausen,2.322098678,-0.8049350895287466,0.8049350895287466,0.540312197173086,TRUE,TRUE
2023-05-26,Amundsen_Bellingshausen,2.320753632,-0.8256092851527308,0.8256092851527308,0.540312197173086,TRUE,TRUE
2023-05-27,Amundsen_Bellingshausen,2.331019434,-0.8344475654984409,0.8344475654984409,0.540312197173086,TRUE,TRUE
2023-05-28,Amundsen_Bellingshausen,2.378199627,-0.8061625051171828,0.8061625051171828,0.540312197173086,TRUE,TRUE
2023-05-29,Amundsen_Bellingshausen,2.430263012,-0.7728014205602634,0.7728014205602634,0.540312197173086,TRUE,TRUE
2023-05-30,Amundsen_Bellingshausen,2.503720747,-0.7178692713789925,0.7178692713789925,0.540312197173086,TRUE,TRUE
2023-05-31,Amundsen_Bellingshausen,2.540175839,-0.6997791681246759,0.6997791681246759,0.540312197173086,TRUE,TRUE
2023-06-01,Amundsen_Bellingshausen,2.534116226,-0.7240592903486216,0.7240592903486216,0.540312197173086,TRUE,TRUE
2023-06-02,Amundsen_Bellingshausen,2.547293561,-0.728965934332741,0.728965934332741,0.540312197173086,TRUE,TRUE
2023-06-03,Amundsen_Bellingshausen,2.60305641,-0.691122246710119,0.691122246710119,0.540312197173086,TRUE,TRUE
2023-06-04,Amundsen_Bellingshausen,2.602634284,-0.7092603839880871,0.7092603839880871,0.540312197173086,TRUE,TRUE
2023-06-05,Amundsen_Bellingshausen,2.598096782,-0.7312724143018743,0.7312724143018743,0.540312197173086,TRUE,TRUE
2023-06-06,Amundsen_Bellingshausen,2.609521002,-0.7370429067867152,0.7370429067867152,0.540312197173086,TRUE,TRUE
2023-06-07,Amundsen_Bellingshausen,2.632145169,-0.7312953035778427,0.7312953035778427,0.540312197173086,TRUE,TRUE
2023-06-08,Amundsen_Bellingshausen,2.637427982,-0.7425325728104872,0.7425325728104872,0.540312197173086,TRUE,TRUE
2023-06-09,Amundsen_Bellingshausen,2.631980914,-0.7641049086198834,0.7641049086198834,0.540312197173086,TRUE,TRUE
2023-06-10,Amundsen_Bellingshausen,2.629225078,-0.7825528651412608,0.7825528651412608,0.540312197173086,TRUE,TRUE
2023-06-11,Amundsen_Bellingshausen,2.631986754,-0.795011829509856,0.795011829509856,0.540312197173086,TRUE,TRUE
2023-06-12,Amundsen_Bellingshausen,2.639481301,-0.8022281098609008,0.8022281098609008,0.540312197173086,TRUE,TRUE
2023-06-13,Amundsen_Bellingshausen,2.647224909,-0.808647183329624,0.808647183329624,0.540312197173086,TRUE,TRUE
2023-06-14,Amundsen_Bellingshausen,2.672647251,-0.7968020677767598,0.7968020677767598,0.540312197173086,TRUE,TRUE
2023-06-15,Amundsen_Bellingshausen,2.720302071,-0.7621468401285978,0.7621468401285978,0.540312197173086,TRUE,TRUE
2023-06-16,Amundsen_Bellingshausen,2.765855869,-0.7290847332452284,0.7290847332452284,0.540312197173086,TRUE,TRUE
2023-06-17,Amundsen_Bellingshausen,2.796280422,-0.710718188611914,0.710718188611914,0.540312197173086,TRUE,TRUE
2023-06-18,Amundsen_Bellingshausen,2.796002747,-0.7226944077139148,0.7226944077139148,0.540312197173086,TRUE,TRUE
2023-06-19,Amundsen_Bellingshausen,2.771745747,-0.7583647060364882,0.7583647060364882,0.540312197173086,TRUE,TRUE
2023-06-20,Amundsen_Bellingshausen,2.781683967,-0.7596287570648954,0.7596287570648954,0.540312197173086,TRUE,TRUE
2023-06-21,Amundsen_Bellingshausen,2.832085472,-0.7202927142843936,0.7202927142843936,0.540312197173086,TRUE,TRUE
2023-06-22,Amundsen_Bellingshausen,2.886195314,-0.6771857441802442,0.6771857441802442,0.540312197173086,TRUE,TRUE
2023-06-23,Amundsen_Bellingshausen,2.918241839,-0.6561537192377052,0.6561537192377052,0.540312197173086,TRUE,TRUE
2023-06-24,Amundsen_Bellingshausen,2.962719505,-0.6227763999420377,0.6227763999420377,0.540312197173086,TRUE,TRUE
2023-06-25,Amundsen_Bellingshausen,3.024542479,-0.5722138377784991,0.5722138377784991,0.540312197173086,TRUE,TRUE
2023-06-26,Amundsen_Bellingshausen,3.091005939,-0.5172450732323512,0.5172450732323512,0.540312197173086,FALSE,FALSE
2023-06-27,Amundsen_Bellingshausen,3.15327958,-0.4667655193506058,0.4667655193506058,0.540312197173086,FALSE,FALSE
2023-06-28,Amundsen_Bellingshausen,3.176563463,-0.45557138010536136,0.45557138010536136,0.540312197173086,FALSE,FALSE
2023-06-29,Amundsen_Bellingshausen,3.193859347,-0.4506257043616894,0.4506257043616894,0.540312197173086,FALSE,FALSE
2023-06-30,Amundsen_Bellingshausen,3.219932066,-0.4371283042476146,0.4371283042476146,0.540312197173086,FALSE,FALSE
2023-07-01,Amundsen_Bellingshausen,3.239420891,-0.43040455489115903,0.43040455489115903,0.540312197173086,FALSE,FALSE
2023-07-02,Amundsen_Bellingshausen,3.233494225,-0.449250699420348,0.449250699420348,0.540312197173086,FALSE,FALSE
2023-07-03,Amundsen_Bellingshausen,3.174430273,-0.5213531789632042,0.5213531789632042,0.540312197173086,FALSE,FALSE
2023-07-04,Amundsen_Bellingshausen,3.115427464,-0.5934782106477496,0.5934782106477496,0.540312197173086,TRUE,TRUE
2023-07-05,Amundsen_Bellingshausen,3.073951462,-0.6481247766020126,0.6481247766020126,0.540312197173086,TRUE,TRUE
2023-07-06,Amundsen_Bellingshausen,3.052164369,-0.6830954209540128,0.6830954209540128,0.540312197173086,TRUE,TRUE
2023-07-07,Amundsen_Bellingshausen,3.074131426,-0.6742895488317733,0.6742895488317733,0.540312197173086,TRUE,TRUE
2023-07-08,Amundsen_Bellingshausen,3.158302364,-0.6032220753633202,0.6032220753633202,0.540312197173086,TRUE,TRUE
2023-07-09,Amundsen_Bellingshausen,3.234207793,-0.5403270729900891,0.5403270729900891,0.540312197173086,TRUE,TRUE
2023-07-10,Amundsen_Bellingshausen,3.296669584,-0.49075441594451696,0.49075441594451696,0.540312197173086,FALSE,FALSE
2023-07-11,Amundsen_Bellingshausen,3.337844891,-0.4623341521966595,0.4623341521966595,0.540312197173086,FALSE,FALSE
2023-07-12,Amundsen_Bellingshausen,3.349046513,-0.4637427302041388,0.4637427302041388,0.540312197173086,FALSE,FALSE
2023-07-13,Amundsen_Bellingshausen,3.356874297,-0.4683695504245766,0.4683695504245766,0.540312197173086,FALSE,FALSE
2023-07-14,Amundsen_Bellingshausen,3.359643491,-0.4778886123155921,0.4778886123155921,0.540312197173086,FALSE,FALSE
2023-07-15,Amundsen_Bellingshausen,3.365672645,-0.4839706133348054,0.4839706133348054,0.540312197173086,FALSE,FALSE
2023-07-16,Amundsen_Bellingshausen,3.35669824,-0.5048683199398418,0.5048683199398418,0.540312197173086,FALSE,FALSE
2023-07-17,Amundsen_Bellingshausen,3.341610335,-0.5316809205883204,0.5316809205883204,0.540312197173086,FALSE,FALSE
2023-07-18,Amundsen_Bellingshausen,3.298211226,-0.5865953667378578,0.5865953667378578,0.540312197173086,TRUE,FALSE
2023-07-19,Amundsen_Bellingshausen,3.29872331,-0.5973785088460817,0.5973785088460817,0.540312197173086,TRUE,FALSE
2023-07-20,Amundsen_Bellingshausen,3.321082736,-0.5860834453706132,0.5860834453706132,0.540312197173086,TRUE,FALSE
2023-07-21,Amundsen_Bellingshausen,3.360377084,-0.5576118437690689,0.5576118437690689,0.540312197173086,TRUE,FALSE
2023-07-22,Amundsen_Bellingshausen,3.422877846,-0.5056811795449954,0.5056811795449954,0.540312197173086,FALSE,FALSE
2023-07-23,Amundsen_Bellingshausen,3.472574844,-0.4662867341924466,0.4662867341924466,0.540312197173086,FALSE,FALSE
2023-07-24,Amundsen_Bellingshausen,3.495047134,-0.4538317385756101,0.4538317385756101,0.540312197173086,FALSE,FALSE
2023-07-25,Amundsen_Bellingshausen,3.497446132,-0.4611469996665494,0.4611469996665494,0.540312197173086,FALSE,FALSE
2023-07-26,Amundsen_Bellingshausen,3.481016987,-0.486969591437326,0.486969591437326,0.540312197173086,FALSE,FALSE
2023-07-27,Amundsen_Bellingshausen,3.466845578,-0.5101958578599977,0.5101958578599977,0.540312197173086,FALSE,FALSE
2023-07-28,Amundsen_Bellingshausen,3.463948282,-0.5217916449066364,0.5217916449066364,0.540312197173086,FALSE,FALSE
2023-07-29,Amundsen_Bellingshausen,3.447401917,-0.5466623575492968,0.5466623575492968,0.540312197173086,TRUE,TRUE
2023-07-30,Amundsen_Bellingshausen,3.43641196,-0.5655847417600492,0.5655847417600492,0.540312197173086,TRUE,TRUE
2023-07-31,Amundsen_Bellingshausen,3.431641407,-0.5778780245109489,0.5778780245109489,0.540312197173086,TRUE,TRUE
2023-08-01,Amundsen_Bellingshausen,3.463250254,-0.5533644327740586,0.5533644327740586,0.540312197173086,TRUE,TRUE
2023-08-02,Amundsen_Bellingshausen,3.474693152,-0.5485715385214465,0.5485715385214465,0.540312197173086,TRUE,TRUE
2023-08-03,Amundsen_Bellingshausen,3.506987629,-0.5224640372526617,0.5224640372526617,0.540312197173086,FALSE,FALSE
2023-08-04,Amundsen_Bellingshausen,3.549267451,-0.48590462660063727,0.48590462660063727,0.540312197173086,FALSE,FALSE
2023-08-05,Amundsen_Bellingshausen,3.612784857,-0.4276889008600935,0.4276889008600935,0.540312197173086,FALSE,FALSE
2023-08-06,Amundsen_Bellingshausen,3.660546243,-0.38486987679706575,0.38486987679706575,0.540312197173086,FALSE,FALSE
2023-08-07,Amundsen_Bellingshausen,3.700806897,-0.34925167917760236,0.34925167917760236,0.540312197173086,FALSE,FALSE
2023-08-08,Amundsen_Bellingshausen,3.723178353,-0.33128218676774024,0.33128218676774024,0.540312197173086,FALSE,FALSE
2023-08-09,Amundsen_Bellingshausen,3.741120454,-0.3175609693335284,0.3175609693335284,0.540312197173086,FALSE,FALSE
2023-08-10,Amundsen_Bellingshausen,3.709812746,-0.3529678936410079,0.3529678936410079,0.540312197173086,FALSE,FALSE
2023-08-11,Amundsen_Bellingshausen,3.667172157,-0.39964544445621586,0.39964544445621586,0.540312197173086,FALSE,FALSE
2023-08-12,Amundsen_Bellingshausen,3.635698444,-0.4351532775452016,0.4351532775452016,0.540312197173086,FALSE,FALSE
2023-08-13,Amundsen_Bellingshausen,3.615009789,-0.45993262367400334,0.45993262367400334,0.540312197173086,FALSE,FALSE
2023-08-14,Amundsen_Bellingshausen,3.620884805,-0.4582642826086678,0.4582642826086678,0.540312197173086,FALSE,FALSE
2023-08-15,Amundsen_Bellingshausen,3.639568267,-0.44396289211523543,0.44396289211523543,0.540312197173086,FALSE,FALSE
2023-08-16,Amundsen_Bellingshausen,3.640840975,-0.44730490332025896,0.44730490332025896,0.540312197173086,FALSE,FALSE
2023-08-17,Amundsen_Bellingshausen,3.662451053,-0.43053519434771825,0.43053519434771825,0.540312197173086,FALSE,FALSE
2023-08-18,Amundsen_Bellingshausen,3.686128653,-0.4118430772710431,0.4118430772710431,0.540312197173086,FALSE,FALSE
2023-08-19,Amundsen_Bellingshausen,3.695383525,-0.4076342360883918,0.4076342360883918,0.540312197173086,FALSE,FALSE
2023-08-20,Amundsen_Bellingshausen,3.700525802,-0.4075139717979286,0.4075139717979286,0.540312197173086,FALSE,FALSE
2023-08-21,Amundsen_Bellingshausen,3.683504503,-0.42944869939782304,0.42944869939782304,0.540312197173086,FALSE,FALSE
2023-08-22,Amundsen_Bellingshausen,3.6872171480000002,-0.4304563328862327,0.4304563328862327,0.540312197173086,FALSE,FALSE
2023-08-23,Amundsen_Bellingshausen,3.643807837,-0.4783082062613251,0.4783082062613251,0.540312197173086,FALSE,FALSE
2023-08-24,Amundsen_Bellingshausen,3.630993021,-0.4952033025212623,0.4952033025212623,0.540312197173086,FALSE,FALSE
2023-08-25,Amundsen_Bellingshausen,3.632942915,-0.49688684066420574,0.49688684066420574,0.540312197173086,FALSE,FALSE
2023-08-26,Amundsen_Bellingshausen,3.643170072,-0.4897617016883294,0.4897617016883294,0.540312197173086,FALSE,FALSE
2023-08-27,Amundsen_Bellingshausen,3.64352347,-0.4918943415917836,0.4918943415917836,0.540312197173086,FALSE,FALSE
2023-08-28,Amundsen_Bellingshausen,3.648082754,-0.4891205493727435,0.4891205493727435,0.540312197173086,FALSE,FALSE
2023-08-29,Amundsen_Bellingshausen,3.661981645,-0.4762370295063798,0.4762370295063798,0.540312197173086,FALSE,FALSE
2023-08-30,Amundsen_Bellingshausen,3.673547127,-0.4649383371077578,0.4649383371077578,0.540312197173086,FALSE,FALSE
2023-08-31,Amundsen_Bellingshausen,3.640848956,-0.4972104895889853,0.4972104895889853,0.540312197173086,FALSE,FALSE
2023-09-01,Amundsen_Bellingshausen,3.606089883,-0.5309065707672591,0.5309065707672591,0.540312197173086,FALSE,FALSE
2023-09-02,Amundsen_Bellingshausen,3.609563927,-0.5257883964597818,0.5257883964597818,0.540312197173086,FALSE,FALSE
2023-09-03,Amundsen_Bellingshausen,3.641946952,-0.49123593748374494,0.49123593748374494,0.540312197173086,FALSE,FALSE
2023-09-04,Amundsen_Bellingshausen,3.706063744,-0.42448024265635054,0.42448024265635054,0.540312197173086,FALSE,FALSE
2023-09-05,Amundsen_Bellingshausen,3.786036809,-0.34145464079479515,0.34145464079479515,0.540312197173086,FALSE,FALSE
2023-09-06,Amundsen_Bellingshausen,3.874795039,-0.24928607471627684,0.24928607471627684,0.540312197173086,FALSE,FALSE
2023-09-07,Amundsen_Bellingshausen,3.917770601,-0.20259821223799257,0.20259821223799257,0.540312197173086,FALSE,FALSE
2023-09-08,Amundsen_Bellingshausen,3.933314237,-0.18309614617714456,0.18309614617714456,0.540312197173086,FALSE,FALSE
2023-09-09,Amundsen_Bellingshausen,3.934416029,-0.17784562935092785,0.17784562935092785,0.540312197173086,FALSE,FALSE
2023-09-10,Amundsen_Bellingshausen,3.936939158,-0.17103905905055994,0.17103905905055994,0.540312197173086,FALSE,FALSE
2023-09-11,Amundsen_Bellingshausen,3.963234504,-0.14035678113540315,0.14035678113540315,0.540312197173086,FALSE,FALSE
2023-09-12,Amundsen_Bellingshausen,4.001058596,-0.0980294241077102,0.0980294241077102,0.540312197173086,FALSE,FALSE
2023-09-13,Amundsen_Bellingshausen,4.017953317,-0.07649762245591596,0.07649762245591596,0.540312197173086,FALSE,FALSE
2023-09-14,Amundsen_Bellingshausen,4.003094623,-0.08656793766845361,0.08656793766845361,0.540312197173086,FALSE,FALSE
2023-09-15,Amundsen_Bellingshausen,3.993311646,-0.09139375523377112,0.09139375523377112,0.540312197173086,FALSE,FALSE
2023-09-16,Amundsen_Bellingshausen,3.960684679,-0.1188772996402978,0.1188772996402978,0.540312197173086,FALSE,FALSE
2023-09-17,Amundsen_Bellingshausen,3.941212858,-0.13300195237647472,0.13300195237647472,0.540312197173086,FALSE,FALSE
2023-09-18,Amundsen_Bellingshausen,3.932244773,-0.1364016409307416,0.1364016409307416,0.540312197173086,FALSE,FALSE
2023-09-19,Amundsen_Bellingshausen,3.958296724,-0.10454258279153006,0.10454258279153006,0.540312197173086,FALSE,FALSE
2023-09-20,Amundsen_Bellingshausen,3.991624108,-0.06515189844727942,0.06515189844727942,0.540312197173086,FALSE,FALSE
2023-09-21,Amundsen_Bellingshausen,4.015883627,-0.03455540338643015,0.03455540338643015,0.540312197173086,FALSE,FALSE
2023-09-22,Amundsen_Bellingshausen,4.009958213,-0.03385268309741907,0.03385268309741907,0.540312197173086,FALSE,FALSE
2023-09-23,Amundsen_Bellingshausen,4.035785608,-0.00108909414386992,0.00108909414386992,0.540312197173086,FALSE,FALSE
2023-09-24,Amundsen_Bellingshausen,4.066609665,0.03698989684693732,0.03698989684693732,0.540312197173086,FALSE,FALSE
2023-09-25,Amundsen_Bellingshausen,4.068417352,0.04637816445490816,0.04637816445490816,0.540312197173086,FALSE,FALSE
2023-09-26,Amundsen_Bellingshausen,4.037836278,0.02371017130945407,0.02371017130945407,0.540312197173086,FALSE,FALSE
2023-09-27,Amundsen_Bellingshausen,3.987099329,-0.01877434296000357,0.01877434296000357,0.540312197173086,FALSE,FALSE
2023-09-28,Amundsen_Bellingshausen,3.920787622,-0.07648740772404716,0.07648740772404716,0.540312197173086,FALSE,FALSE
2023-09-29,Amundsen_Bellingshausen,3.868786782,-0.11953654435325813,0.11953654435325813,0.540312197173086,FALSE,FALSE
2023-09-30,Amundsen_Bellingshausen,3.826399303,-0.15261240521822028,0.15261240521822028,0.540312197173086,FALSE,FALSE
2023-10-01,Amundsen_Bellingshausen,3.787296577,-0.18203674468951103,0.18203674468951103,0.540312197173086,FALSE,FALSE
2023-10-02,Amundsen_Bellingshausen,3.752248895,-0.207032418137715,0.207032418137715,0.540312197173086,FALSE,FALSE
2023-10-03,Amundsen_Bellingshausen,3.701928795,-0.2469200339334119,0.2469200339334119,0.540312197173086,FALSE,FALSE
2023-10-04,Amundsen_Bellingshausen,3.612563017,-0.3254659984471844,0.3254659984471844,0.540312197173086,FALSE,FALSE
2023-10-05,Amundsen_Bellingshausen,3.537156192,-0.38965884215784774,0.38965884215784774,0.540312197173086,FALSE,FALSE
2023-10-06,Amundsen_Bellingshausen,3.498682791,-0.4165355309106915,0.4165355309106915,0.540312197173086,FALSE,FALSE
2023-10-07,Amundsen_Bellingshausen,3.469864436,-0.4334396374424019,0.4334396374424019,0.540312197173086,FALSE,FALSE
2023-10-08,Amundsen_Bellingshausen,3.465793155,-0.4253541633898785,0.4253541633898785,0.540312197173086,FALSE,FALSE
2023-10-09,Amundsen_Bellingshausen,3.463024402,-0.4157986843900261,0.4157986843900261,0.540312197173086,FALSE,FALSE
2023-10-10,Amundsen_Bellingshausen,3.474008806,-0.39239760107975075,0.39239760107975075,0.540312197173086,FALSE,FALSE
2023-10-11,Amundsen_Bellingshausen,3.475537522,-0.3784347880959533,0.3784347880959533,0.540312197173086,FALSE,FALSE
2023-10-12,Amundsen_Bellingshausen,3.480732447,-0.3608633780755377,0.3608633780755377,0.540312197173086,FALSE,FALSE
2023-10-13,Amundsen_Bellingshausen,3.50599021,-0.3233617716554078,0.3233617716554078,0.540312197173086,FALSE,FALSE
2023-10-14,Amundsen_Bellingshausen,3.515402967,-0.30191284247246486,0.30191284247246486,0.540312197173086,FALSE,FALSE
2023-10-15,Amundsen_Bellingshausen,3.527579716,-0.27798262216361547,0.27798262216361547,0.540312197173086,FALSE,FALSE
2023-10-16,Amundsen_Bellingshausen,3.53239506,-0.2617715373657621,0.2617715373657621,0.540312197173086,FALSE,FALSE
2023-10-17,Amundsen_Bellingshausen,3.525364855,-0.2578387617158069,0.2578387617158069,0.540312197173086,FALSE,FALSE
2023-10-18,Amundsen_Bellingshausen,3.501499465,-0.2712456684116775,0.2712456684116775,0.540312197173086,FALSE,FALSE
2023-10-19,Amundsen_Bellingshausen,3.488104724,-0.27468823022299604,0.27468823022299604,0.540312197173086,FALSE,FALSE
2023-10-20,Amundsen_Bellingshausen,3.454169174,-0.29911285736072957,0.29911285736072957,0.540312197173086,FALSE,FALSE
2023-10-21,Amundsen_Bellingshausen,3.425352937,-0.31879170316101835,0.31879170316101835,0.540312197173086,FALSE,FALSE
2023-10-22,Amundsen_Bellingshausen,3.422871715,-0.3124413409600031,0.3124413409600031,0.540312197173086,FALSE,FALSE
2023-10-23,Amundsen_Bellingshausen,3.429000328,-0.2977192260938195,0.2977192260938195,0.540312197173086,FALSE,FALSE
2023-10-24,Amundsen_Bellingshausen,3.444434646,-0.27386176389861117,0.27386176389861117,0.540312197173086,FALSE,FALSE
2023-10-25,Amundsen_Bellingshausen,3.455874839,-0.254101059710516,0.254101059710516,0.540312197173086,FALSE,FALSE
2023-10-26,Amundsen_Bellingshausen,3.445239263,-0.2564510328656735,0.2564510328656735,0.540312197173086,FALSE,FALSE
2023-10-27,Amundsen_Bellingshausen,3.436896091,-0.2564757857002218,0.2564757857002218,0.540312197173086,FALSE,FALSE
2023-10-28,Amundsen_Bellingshausen,3.452337154,-0.23261576255030336,0.23261576255030336,0.540312197173086,FALSE,FALSE
2023-10-29,Amundsen_Bellingshausen,3.460274344,-0.2160913467520551,0.2160913467520551,0.540312197173086,FALSE,FALSE
2023-10-30,Amundsen_Bellingshausen,3.45058244,-0.2169600346416174,0.2169600346416174,0.540312197173086,FALSE,FALSE
2023-10-31,Amundsen_Bellingshausen,3.449565152,-0.2088614170161498,0.2088614170161498,0.540312197173086,FALSE,FALSE
2023-11-01,Amundsen_Bellingshausen,3.440477043,-0.20853850138603305,0.20853850138603305,0.540312197173086,FALSE,FALSE
2023-11-02,Amundsen_Bellingshausen,3.44195778,-0.19736586080868657,0.19736586080868657,0.540312197173086,FALSE,FALSE
2023-11-03,Amundsen_Bellingshausen,3.43551234,-0.19385276282275,0.19385276282275,0.540312197173086,FALSE,FALSE
2023-11-04,Amundsen_Bellingshausen,3.445921466,-0.1732327089668564,0.1732327089668564,0.540312197173086,FALSE,FALSE
2023-11-05,Amundsen_Bellingshausen,3.437524553,-0.17118054877964362,0.17118054877964362,0.540312197173086,FALSE,FALSE
2023-11-06,Amundsen_Bellingshausen,3.394606295,-0.203425832799744,0.203425832799744,0.540312197173086,FALSE,FALSE
2023-11-07,Amundsen_Bellingshausen,3.36369854,-0.22345095756579705,0.22345095756579705,0.540312197173086,FALSE,FALSE
2023-11-08,Amundsen_Bellingshausen,3.325875161,-0.250196294616436,0.250196294616436,0.540312197173086,FALSE,FALSE
2023-11-09,Amundsen_Bellingshausen,3.283754941,-0.2810573054902932,0.2810573054902932,0.540312197173086,FALSE,FALSE
2023-11-10,Amundsen_Bellingshausen,3.24431673,-0.309069384726008,0.309069384726008,0.540312197173086,FALSE,FALSE
2023-11-11,Amundsen_Bellingshausen,3.21916211,-0.3226451948622153,0.3226451948622153,0.540312197173086,FALSE,FALSE
2023-11-12,Amundsen_Bellingshausen,3.194000611,-0.3360894712585183,0.3360894712585183,0.540312197173086,FALSE,FALSE
2023-11-13,Amundsen_Bellingshausen,3.158158112,-0.3600917520696365,0.3600917520696365,0.540312197173086,FALSE,FALSE
2023-11-14,Amundsen_Bellingshausen,3.120675749,-0.3856280498386955,0.3856280498386955,0.540312197173086,FALSE,FALSE
2023-11-15,Amundsen_Bellingshausen,3.101667377,-0.39260180091983,0.39260180091983,0.540312197173086,FALSE,FALSE
2023-11-16,Amundsen_Bellingshausen,3.083129904,-0.3990333886671822,0.3990333886671822,0.540312197173086,FALSE,FALSE
2023-11-17,Amundsen_Bellingshausen,3.057351373,-0.4126520614348905,0.4126520614348905,0.540312197173086,FALSE,FALSE
2023-11-18,Amundsen_Bellingshausen,3.032845737,-0.42496115757709463,0.42496115757709463,0.540312197173086,FALSE,FALSE
2023-11-19,Amundsen_Bellingshausen,3.014219962,-0.4313710024479329,0.4313710024479329,0.540312197173086,FALSE,FALSE
2023-11-20,Amundsen_Bellingshausen,2.98624778,-0.4471251554015474,0.4471251554015474,0.540312197173086,FALSE,FALSE
2023-11-21,Amundsen_Bellingshausen,2.961661224,-0.4595088747920748,0.4595088747920748,0.540312197173086,FALSE,FALSE
2023-11-22,Amundsen_Bellingshausen,2.940124227,-0.468875518973654,0.468875518973654,0.540312197173086,FALSE,FALSE
2023-11-23,Amundsen_Bellingshausen,2.92906724,-0.4678119283004265,0.4678119283004265,0.540312197173086,FALSE,FALSE
2023-11-24,Amundsen_Bellingshausen,2.91125189,-0.47357376712653165,0.47357376712653165,0.540312197173086,FALSE,FALSE
2023-11-25,Amundsen_Bellingshausen,2.903504799,-0.469346966501988,0.469346966501988,0.540312197173086,FALSE,FALSE
2023-11-26,Amundsen_Bellingshausen,2.894061129,-0.4668688416944593,0.4668688416944593,0.540312197173086,FALSE,FALSE
2023-11-27,Amundsen_Bellingshausen,2.877534448,-0.4714781508292636,0.4714781508292636,0.540312197173086,FALSE,FALSE
2023-11-28,Amundsen_Bellingshausen,2.87927442,-0.45777740339851114,0.45777740339851114,0.540312197173086,FALSE,FALSE
2023-11-29,Amundsen_Bellingshausen,2.86628459,-0.4587152278943236,0.4587152278943236,0.540312197173086,FALSE,FALSE
2023-11-30,Amundsen_Bellingshausen,2.842725138,-0.470083617808815,0.470083617808815,0.540312197173086,FALSE,FALSE
2023-12-01,Amundsen_Bellingshausen,2.803687567,-0.4967432436341035,0.4967432436341035,0.540312197173086,FALSE,FALSE
2023-12-02,Amundsen_Bellingshausen,2.782412258,-0.5054058978623046,0.5054058978623046,0.540312197173086,FALSE,FALSE
2023-12-03,Amundsen_Bellingshausen,2.771083522,-0.503839442985536,0.503839442985536,0.540312197173086,FALSE,FALSE
2023-12-04,Amundsen_Bellingshausen,2.744338374,-0.51735903749591206,0.51735903749591206,0.540312197173086,FALSE,FALSE
2023-12-05,Amundsen_Bellingshausen,2.737175454,-0.5109182148855513,0.5109182148855513,0.540312197173086,FALSE,FALSE
2023-12-06,Amundsen_Bellingshausen,2.747556953,-0.4865069576465686,0.4865069576465686,0.540312197173086,FALSE,FALSE
2023-12-07,Amundsen_Bellingshausen,2.765611788,-0.4539484515052652,0.4539484515052652,0.540312197173086,FALSE,FALSE
2023-12-08,Amundsen_Bellingshausen,2.761417454,-0.44309533621424,0.44309533621424,0.540312197173086,FALSE,FALSE
2023-12-09,Amundsen_Bellingshausen,2.746036915,-0.4427618038396881,0.4427618038396881,0.540312197173086,FALSE,FALSE
2023-12-10,Amundsen_Bellingshausen,2.733488703,-0.4387986523147167,0.4387986523147167,0.540312197173086,FALSE,FALSE
2023-12-11,Amundsen_Bellingshausen,2.73914485,-0.4157031795724295,0.4157031795724295,0.540312197173086,FALSE,FALSE
2023-12-12,Amundsen_Bellingshausen,2.73627371,-0.4000763615459366,0.4000763615459366,0.540312197173086,FALSE,FALSE
2023-12-13,Amundsen_Bellingshausen,2.721925744,-0.3947370671683368,0.3947370671683368,0.540312197173086,FALSE,FALSE
2023-12-14,Amundsen_Bellingshausen,2.708330622,-0.3873249563727432,0.3873249563727432,0.540312197173086,FALSE,FALSE
2023-12-15,Amundsen_Bellingshausen,2.700564869,-0.37263283409225734,0.37263283409225734,0.540312197173086,FALSE,FALSE
2023-12-16,Amundsen_Bellingshausen,2.695935105,-0.3532234102599845,0.3532234102599845,0.540312197173086,FALSE,FALSE
2023-12-17,Amundsen_Bellingshausen,2.686490913,-0.3369164318090325,0.3369164318090325,0.540312197173086,FALSE,FALSE
2023-12-18,Amundsen_Bellingshausen,2.670857394,-0.32495612767250615,0.32495612767250615,0.540312197173086,FALSE,FALSE
2023-12-19,Amundsen_Bellingshausen,2.650980486,-0.315265889783511,0.315265889783511,0.540312197173086,FALSE,FALSE
2023-12-20,Amundsen_Bellingshausen,2.636729414,-0.2978557679415954,0.2978557679415954,0.540312197173086,FALSE,FALSE
2023-12-21,Amundsen_Bellingshausen,2.628388727,-0.27247773545386833,0.27247773545386833,0.540312197173086,FALSE,FALSE
2023-12-22,Amundsen_Bellingshausen,2.639196487,-0.22605577088985251,0.22605577088985251,0.540312197173086,FALSE,FALSE
2023-12-23,Amundsen_Bellingshausen,2.619107641,-0.20880046562675503,0.20880046562675503,0.540312197173086,FALSE,FALSE
2023-12-24,Amundsen_Bellingshausen,2.589061208,-0.1999383390417946,0.1999383390417946,0.540312197173086,FALSE,FALSE
2023-12-25,Amundsen_Bellingshausen,2.565755789,-0.18293632851218256,0.18293632851218256,0.540312197173086,FALSE,FALSE
2023-12-26,Amundsen_Bellingshausen,2.554153134,-0.15299822241513095,0.15299822241513095,0.540312197173086,FALSE,FALSE
2023-12-27,Amundsen_Bellingshausen,2.519094576,-0.1454482261278507,0.1454482261278507,0.540312197173086,FALSE,FALSE
2023-12-28,Amundsen_Bellingshausen,2.492500134,-0.12853185902755992,0.12853185902755992,0.540312197173086,FALSE,FALSE
2023-12-29,Amundsen_Bellingshausen,2.461564765,-0.11521970249147095,0.11521970249147095,0.540312197173086,FALSE,FALSE
2023-12-30,Amundsen_Bellingshausen,2.44585647,-0.08610929389678956,0.08610929389678956,0.540312197173086,FALSE,FALSE
2023-12-31,Amundsen_Bellingshausen,2.424851662,-0.06188975862073631,0.06188975862073631,0.540312197173086,FALSE,FALSE
2024-01-01,Amundsen_Bellingshausen,2.403343379,-0.03793359704052435,0.03793359704052435,0.540312197173086,FALSE,FALSE
2024-01-02,Amundsen_Bellingshausen,2.404841263,0.00911005247267082,0.00911005247267082,0.540312197173086,FALSE,FALSE
2024-01-03,Amundsen_Bellingshausen,2.389595638,0.03935976557181142,0.03935976557181142,0.540312197173086,FALSE,FALSE
2024-01-04,Amundsen_Bellingshausen,2.358911583,0.05399563091590398,0.05399563091590398,0.540312197173086,FALSE,FALSE
2024-01-05,Amundsen_Bellingshausen,2.314306636,0.05441019616393872,0.05441019616393872,0.540312197173086,FALSE,FALSE
2024-01-06,Amundsen_Bellingshausen,2.276462927,0.0611606009749206,0.0611606009749206,0.540312197173086,FALSE,FALSE
2024-01-07,Amundsen_Bellingshausen,2.262287257,0.09102865600784547,0.09102865600784547,0.540312197173086,FALSE,FALSE
2024-01-08,Amundsen_Bellingshausen,2.235948393,0.1080581379217138,0.1080581379217138,0.540312197173086,FALSE,FALSE
2024-01-09,Amundsen_Bellingshausen,2.20828832,0.12296604137552514,0.12296604137552514,0.540312197173086,FALSE,FALSE
2024-01-10,Amundsen_Bellingshausen,2.190148197,0.14646853502828083,0.14646853502828083,0.540312197173086,FALSE,FALSE
2024-01-11,Amundsen_Bellingshausen,2.153942536,0.15085514053897775,0.15085514053897775,0.540312197173086,FALSE,FALSE
2024-01-12,Amundsen_Bellingshausen,2.099983963,0.1363134935666157,0.1363134935666157,0.540312197173086,FALSE,FALSE
2024-01-13,Amundsen_Bellingshausen,2.03028939,0.10473551577019637,0.10473551577019637,0.540312197173086,FALSE,FALSE
2024-01-14,Amundsen_Bellingshausen,1.955030458,0.06616981362309837,0.06616981362309837,0.540312197173086,FALSE,FALSE
2024-01-15,Amundsen_Bellingshausen,1.911323336,0.05767970568095548,0.05767970568095548,0.540312197173086,FALSE,FALSE
2024-01-16,Amundsen_Bellingshausen,1.846766542,0.02689878512704791,0.02689878512704791,0.540312197173086,FALSE,FALSE
2024-01-17,Amundsen_Bellingshausen,1.793200586,0.00570819785997733,0.00570819785997733,0.540312197173086,FALSE,FALSE
2024-01-18,Amundsen_Bellingshausen,1.751472498,-0.00500439022165744,0.00500439022165744,0.540312197173086,FALSE,FALSE
2024-01-19,Amundsen_Bellingshausen,1.70760385,-0.01917677121925565,0.01917677121925565,0.540312197173086,FALSE,FALSE
2024-01-20,Amundsen_Bellingshausen,1.648997426,-0.04936552523421889,0.04936552523421889,0.540312197173086,FALSE,FALSE
2024-01-21,Amundsen_Bellingshausen,1.585024127,-0.0861591153679453,0.0861591153679453,0.540312197173086,FALSE,FALSE
2024-01-22,Amundsen_Bellingshausen,1.546121413,-0.09907944572183602,0.09907944572183602,0.540312197173086,FALSE,FALSE
2024-01-23,Amundsen_Bellingshausen,1.530886594,-0.08948857039729186,0.08948857039729186,0.540312197173086,FALSE,FALSE
2024-01-24,Amundsen_Bellingshausen,1.49903291,-0.09763261349571084,0.09763261349571084,0.540312197173086,FALSE,FALSE
2024-01-25,Amundsen_Bellingshausen,1.480158828,-0.09387247211849514,0.09387247211849514,0.540312197173086,FALSE,FALSE
2024-01-26,Amundsen_Bellingshausen,1.465394833,-0.08703702536704339,0.08703702536704339,0.540312197173086,FALSE,FALSE
2024-01-27,Amundsen_Bellingshausen,1.451339254,-0.08048951246764458,0.08048951246764458,0.540312197173086,FALSE,FALSE
2024-01-28,Amundsen_Bellingshausen,1.429135955,-0.08306255837945153,0.08306255837945153,0.540312197173086,FALSE,FALSE
2024-01-29,Amundsen_Bellingshausen,1.395903769,-0.09762000604527676,0.09762000604527676,0.540312197173086,FALSE,FALSE
2024-01-30,Amundsen_Bellingshausen,1.379254761,-0.09653248633817713,0.09653248633817713,0.540312197173086,FALSE,FALSE
2024-01-31,Amundsen_Bellingshausen,1.374845016,-0.0841266101312037,0.0841266101312037,0.540312197173086,FALSE,FALSE
2024-02-01,Amundsen_Bellingshausen,1.381728149,-0.06133145829741049,0.06133145829741049,0.540312197173086,FALSE,FALSE
2024-02-02,Amundsen_Bellingshausen,1.376409107,-0.05162477970985102,0.05162477970985102,0.540312197173086,FALSE,FALSE
2024-02-03,Amundsen_Bellingshausen,1.369767844,-0.04410931624157732,0.04410931624157732,0.540312197173086,FALSE,FALSE
2024-02-04,Amundsen_Bellingshausen,1.36676932,-0.03380280376564215,0.03380280376564215,0.540312197173086,FALSE,FALSE
2024-02-05,Amundsen_Bellingshausen,1.338171003,-0.04993047015510088,0.04993047015510088,0.540312197173086,FALSE,FALSE
2024-02-06,Amundsen_Bellingshausen,1.301111764,-0.07533614028300484,0.07533614028300484,0.540312197173086,FALSE,FALSE
2024-02-07,Amundsen_Bellingshausen,1.284342434,-0.08125167902240715,0.08125167902240715,0.540312197173086,FALSE,FALSE
2024-02-08,Amundsen_Bellingshausen,1.272088689,-0.08343419182079637,0.08343419182079637,0.540312197173086,FALSE,FALSE
2024-02-09,Amundsen_Bellingshausen,1.244737024,-0.10149126294670752,0.10149126294670752,0.540312197173086,FALSE,FALSE
2024-02-10,Amundsen_Bellingshausen,1.23705782,-0.10066905932132086,0.10066905932132086,0.540312197173086,FALSE,FALSE
2024-02-11,Amundsen_Bellingshausen,1.224169094,-0.10586876841555616,0.10586876841555616,0.540312197173086,FALSE,FALSE
2024-02-12,Amundsen_Bellingshausen,1.218831967,-0.10434847370033572,0.10434847370033572,0.540312197173086,FALSE,FALSE
2024-02-13,Amundsen_Bellingshausen,1.235458514,-0.08171530464658083,0.08171530464658083,0.540312197173086,FALSE,FALSE
2024-02-14,Amundsen_Bellingshausen,1.235877325,-0.0761598757252111,0.0761598757252111,0.540312197173086,FALSE,FALSE
2024-02-15,Amundsen_Bellingshausen,1.221936605,-0.08585318640714878,0.08585318640714878,0.540312197173086,FALSE,FALSE
2024-02-16,Amundsen_Bellingshausen,1.221022526,-0.08342826916331592,0.08342826916331592,0.540312197173086,FALSE,FALSE
2024-02-17,Amundsen_Bellingshausen,1.226771444,-0.07526797246463124,0.07526797246463124,0.540312197173086,FALSE,FALSE
2024-02-18,Amundsen_Bellingshausen,1.23147395,-0.069100909782017,0.069100909782017,0.540312197173086,FALSE,FALSE
2024-02-19,Amundsen_Bellingshausen,1.231181707,-0.06889462258639578,0.06889462258639578,0.540312197173086,FALSE,FALSE
2024-02-20,Amundsen_Bellingshausen,1.229016377,-0.07154665334868637,0.07154665334868637,0.540312197173086,FALSE,FALSE
2024-02-21,Amundsen_Bellingshausen,1.246841358,-0.0552094856035048,0.0552094856035048,0.540312197173086,FALSE,FALSE
2024-02-22,Amundsen_Bellingshausen,1.279747182,-0.02476818282457826,0.02476818282457826,0.540312197173086,FALSE,FALSE
2024-02-23,Amundsen_Bellingshausen,1.295521655,-0.01238373443991891,0.01238373443991891,0.540312197173086,FALSE,FALSE
2024-02-24,Amundsen_Bellingshausen,1.283889925,-0.02827930341386197,0.02827930341386197,0.540312197173086,FALSE,FALSE
2024-02-25,Amundsen_Bellingshausen,1.300580222,-0.01667497071075008,0.01667497071075008,0.540312197173086,FALSE,FALSE
2024-02-26,Amundsen_Bellingshausen,1.311557767,-0.01155382629492129,0.01155382629492129,0.540312197173086,FALSE,FALSE
2024-02-27,Amundsen_Bellingshausen,1.322917579,-0.00676916213071554,0.00676916213071554,0.540312197173086,FALSE,FALSE
2024-02-28,Amundsen_Bellingshausen,1.325152835,-0.01177611218247087,0.01177611218247087,0.540312197173086,FALSE,FALSE
2024-03-01,Amundsen_Bellingshausen,1.343157415,-0.01005036279122517,0.01005036279122517,0.540312197173086,FALSE,FALSE
2024-03-02,Amundsen_Bellingshausen,1.360977698,-0.00116332627690329,0.00116332627690329,0.540312197173086,FALSE,FALSE
2024-03-03,Amundsen_Bellingshausen,1.396565534,0.02503096116410019,0.02503096116410019,0.540312197173086,FALSE,FALSE
2024-03-04,Amundsen_Bellingshausen,1.410539356,0.02920261824036774,0.02920261824036774,0.540312197173086,FALSE,FALSE
2024-03-05,Amundsen_Bellingshausen,1.411365638,0.01985742835030057,0.01985742835030057,0.540312197173086,FALSE,FALSE
2024-03-06,Amundsen_Bellingshausen,1.458565917,0.05651594532750215,0.05651594532750215,0.540312197173086,FALSE,FALSE
2024-03-07,Amundsen_Bellingshausen,1.475971335,0.06300014214874983,0.06300014214874983,0.540312197173086,FALSE,FALSE
2024-03-08,Amundsen_Bellingshausen,1.482901885,0.05862084279081947,0.05862084279081947,0.540312197173086,FALSE,FALSE
2024-03-09,Amundsen_Bellingshausen,1.468006534,0.03201784523048867,0.03201784523048867,0.540312197173086,FALSE,FALSE
2024-03-10,Amundsen_Bellingshausen,1.465470504,0.01736720244453393,0.01736720244453393,0.540312197173086,FALSE,FALSE
2024-03-11,Amundsen_Bellingshausen,1.458578532,-0.00205551759026834,0.00205551759026834,0.540312197173086,FALSE,FALSE
2024-03-12,Amundsen_Bellingshausen,1.43820901,-0.03538109189714333,0.03538109189714333,0.540312197173086,FALSE,FALSE
2024-03-13,Amundsen_Bellingshausen,1.420554806,-0.0664258214993112,0.0664258214993112,0.540312197173086,FALSE,FALSE
2024-03-14,Amundsen_Bellingshausen,1.408760051,-0.0920547444199966,0.0920547444199966,0.540312197173086,FALSE,FALSE
2024-03-15,Amundsen_Bellingshausen,1.387660612,-0.127441162682425,0.127441162682425,0.540312197173086,FALSE,FALSE
2024-03-16,Amundsen_Bellingshausen,1.380651597,-0.1491991373098167,0.1491991373098167,0.540312197173086,FALSE,FALSE
2024-03-17,Amundsen_Bellingshausen,1.390780487,-0.15428986554343815,0.15428986554343815,0.540312197173086,FALSE,FALSE
2024-03-18,Amundsen_Bellingshausen,1.406362649,-0.1543944014166796,0.1543944014166796,0.540312197173086,FALSE,FALSE
2024-03-19,Amundsen_Bellingshausen,1.421272056,-0.15562237182083027,0.15562237182083027,0.540312197173086,FALSE,FALSE
2024-03-20,Amundsen_Bellingshausen,1.421224043,-0.17224143800683311,0.17224143800683311,0.540312197173086,FALSE,FALSE
2024-03-21,Amundsen_Bellingshausen,1.424963289,-0.18548991722563257,0.18548991722563257,0.540312197173086,FALSE,FALSE
2024-03-22,Amundsen_Bellingshausen,1.42197012,-0.20587047972817207,0.20587047972817207,0.540312197173086,FALSE,FALSE
2024-03-23,Amundsen_Bellingshausen,1.459895976,-0.18571468176539252,0.18571468176539252,0.540312197173086,FALSE,FALSE
2024-03-24,Amundsen_Bellingshausen,1.502007217,-0.16173915958824026,0.16173915958824026,0.540312197173086,FALSE,FALSE
2024-03-25,Amundsen_Bellingshausen,1.523711976,-0.15851877644765788,0.15851877644765788,0.540312197173086,FALSE,FALSE
2024-03-26,Amundsen_Bellingshausen,1.54079177,-0.1602550115945871,0.1602550115945871,0.540312197173086,FALSE,FALSE
2024-03-27,Amundsen_Bellingshausen,1.564061476,-0.15611598427997309,0.15611598427997309,0.540312197173086,FALSE,FALSE
2024-03-28,Amundsen_Bellingshausen,1.618444721,-0.12116106375475932,0.12116106375475932,0.540312197173086,FALSE,FALSE
2024-03-29,Amundsen_Bellingshausen,1.639762665,-0.11955208626988822,0.11955208626988822,0.540312197173086,FALSE,FALSE
2024-03-30,Amundsen_Bellingshausen,1.659667895,-0.11962242070334785,0.11962242070334785,0.540312197173086,FALSE,FALSE
2024-03-31,Amundsen_Bellingshausen,1.662700113,-0.13683449835289063,0.13683449835289063,0.540312197173086,FALSE,FALSE
2024-04-01,Amundsen_Bellingshausen,1.68686316,-0.13319211114185037,0.13319211114185037,0.540312197173086,FALSE,FALSE
2024-04-02,Amundsen_Bellingshausen,1.717774039,-0.1230858935401018,0.1230858935401018,0.540312197173086,FALSE,FALSE
2024-04-03,Amundsen_Bellingshausen,1.735668755,-0.12628747801751783,0.12628747801751783,0.540312197173086,FALSE,FALSE
2024-04-04,Amundsen_Bellingshausen,1.738293847,-0.145057963043973,0.145057963043973,0.540312197173086,FALSE,FALSE
2024-04-05,Amundsen_Bellingshausen,1.735249322,-0.16980497908933523,0.16980497908933523,0.540312197173086,FALSE,FALSE
2024-04-06,Amundsen_Bellingshausen,1.754054269,-0.17301707462348204,0.17301707462348204,0.540312197173086,FALSE,FALSE
2024-04-07,Amundsen_Bellingshausen,1.766493468,-0.1829171071162825,0.1829171071162825,0.540312197173086,FALSE,FALSE
2024-04-08,Amundsen_Bellingshausen,1.812089361,-0.15999027203761162,0.15999027203761162,0.540312197173086,FALSE,FALSE
2024-04-09,Amundsen_Bellingshausen,1.847516119,-0.1475700358573424,0.1475700358573424,0.540312197173086,FALSE,FALSE
2024-04-10,Amundsen_Bellingshausen,1.892110458,-0.12632732004534675,0.12632732004534675,0.540312197173086,FALSE,FALSE
2024-04-11,Amundsen_Bellingshausen,1.949278278,-0.09286381296473012,0.09286381296473012,0.540312197173086,FALSE,FALSE
2024-04-12,Amundsen_Bellingshausen,1.9889094,-0.07729378212790272,0.07729378212790272,0.540312197173086,FALSE,FALSE
2024-04-13,Amundsen_Bellingshausen,2.02529918,-0.06532019057478777,0.06532019057478777,0.540312197173086,FALSE,FALSE
2024-04-14,Amundsen_Bellingshausen,2.070220957,-0.04516747945074728,0.04516747945074728,0.540312197173086,FALSE,FALSE
2024-04-15,Amundsen_Bellingshausen,2.0722897,-0.0682184599011535,0.0682184599011535,0.540312197173086,FALSE,FALSE
2024-04-16,Amundsen_Bellingshausen,2.076972392,-0.08900392907136778,0.08900392907136778,0.540312197173086,FALSE,FALSE
2024-04-17,Amundsen_Bellingshausen,2.092663308,-0.09912739210675658,0.09912739210675658,0.540312197173086,FALSE,FALSE
2024-04-18,Amundsen_Bellingshausen,2.116973259,-0.10097581815268876,0.10097581815268876,0.540312197173086,FALSE,FALSE
2024-04-19,Amundsen_Bellingshausen,2.145197189,-0.09925204335452877,0.09925204335452877,0.540312197173086,FALSE,FALSE
2024-04-20,Amundsen_Bellingshausen,2.173544972,-0.09774397385764422,0.09774397385764422,0.540312197173086,FALSE,FALSE
2024-04-21,Amundsen_Bellingshausen,2.200430459,-0.09803553880739946,0.09803553880739946,0.540312197173086,FALSE,FALSE
2024-04-22,Amundsen_Bellingshausen,2.200872291,-0.1251058773491609,0.1251058773491609,0.540312197173086,FALSE,FALSE
2024-04-23,Amundsen_Bellingshausen,2.238688353,-0.11513488462829624,0.11513488462829624,0.540312197173086,FALSE,FALSE
2024-04-24,Amundsen_Bellingshausen,2.278330336,-0.1036643086222342,0.1036643086222342,0.540312197173086,FALSE,FALSE
2024-04-25,Amundsen_Bellingshausen,2.321005717,-0.08943888122882004,0.08943888122882004,0.540312197173086,FALSE,FALSE
2024-04-26,Amundsen_Bellingshausen,2.333107719,-0.10599480436279451,0.10599480436279451,0.540312197173086,FALSE,FALSE
2024-04-27,Amundsen_Bellingshausen,2.309145997,-0.15875160793479148,0.15875160793479148,0.540312197173086,FALSE,FALSE
2024-04-28,Amundsen_Bellingshausen,2.292038246,-0.2047207818554484,0.2047207818554484,0.540312197173086,FALSE,FALSE
2024-04-29,Amundsen_Bellingshausen,2.277142478,-0.2484734990354056,0.2484734990354056,0.540312197173086,FALSE,FALSE
2024-04-30,Amundsen_Bellingshausen,2.287437743,-0.26695989438529955,0.26695989438529955,0.540312197173086,FALSE,FALSE
2024-05-01,Amundsen_Bellingshausen,2.322160925,-0.26087226881576697,0.26087226881576697,0.540312197173086,FALSE,FALSE
2024-05-02,Amundsen_Bellingshausen,2.353238091,-0.25821374023744426,0.25821374023744426,0.540312197173086,FALSE,FALSE
2024-05-03,Amundsen_Bellingshausen,2.354746053,-0.2848366815609671,0.2848366815609671,0.540312197173086,FALSE,FALSE
2024-05-04,Amundsen_Bellingshausen,2.402070142,-0.26528494669697666,0.26528494669697666,0.540312197173086,FALSE,FALSE
2024-05-05,Amundsen_Bellingshausen,2.456434075,-0.2382640035561061,0.2382640035561061,0.540312197173086,FALSE,FALSE
2024-05-06,Amundsen_Bellingshausen,2.499170776,-0.22237015203212307,0.22237015203212307,0.540312197173086,FALSE,FALSE
2024-05-07,Amundsen_Bellingshausen,2.55933592,-0.1884986747208992,0.1884986747208992,0.540312197173086,FALSE,FALSE
2024-05-08,Amundsen_Bellingshausen,2.609967036,-0.1636208438686393,0.1636208438686393,0.540312197173086,FALSE,FALSE
2024-05-09,Amundsen_Bellingshausen,2.617348155,-0.1814709470864,0.1814709470864,0.540312197173086,FALSE,FALSE
2024-05-10,Amundsen_Bellingshausen,2.623922637,-0.1996239429852431,0.1996239429852431,0.540312197173086,FALSE,FALSE
2024-05-11,Amundsen_Bellingshausen,2.635126408,-0.2126622241762264,0.2126622241762264,0.540312197173086,FALSE,FALSE
2024-05-12,Amundsen_Bellingshausen,2.666235398,-0.20532817927040803,0.20532817927040803,0.540312197173086,FALSE,FALSE
2024-05-13,Amundsen_Bellingshausen,2.700022038,-0.19486769587885133,0.19486769587885133,0.540312197173086,FALSE,FALSE
2024-05-14,Amundsen_Bellingshausen,2.749919599,-0.16786582161261387,0.16786582161261387,0.540312197173086,FALSE,FALSE
2024-05-15,Amundsen_Bellingshausen,2.773439877,-0.16682907908275402,0.16682907908275402,0.540312197173086,FALSE,FALSE
2024-05-16,Amundsen_Bellingshausen,2.789298253,-0.1730604059003329,0.1730604059003329,0.540312197173086,FALSE,FALSE
2024-05-17,Amundsen_Bellingshausen,2.814579619,-0.16949322867640948,0.16949322867640948,0.540312197173086,FALSE,FALSE
2024-05-18,Amundsen_Bellingshausen,2.828983657,-0.17644618402204282,0.17644618402204282,0.540312197173086,FALSE,FALSE
2024-05-19,Amundsen_Bellingshausen,2.82179207,-0.2046558259389553,0.2046558259389553,0.540312197173086,FALSE,FALSE
2024-05-20,Amundsen_Bellingshausen,2.851128068,-0.1960160772239203,0.1960160772239203,0.540312197173086,FALSE,FALSE
2024-05-21,Amundsen_Bellingshausen,2.879274783,-0.18825995647407412,0.18825995647407412,0.540312197173086,FALSE,FALSE
2024-05-22,Amundsen_Bellingshausen,2.916386676,-0.1712491202407267,0.1712491202407267,0.540312197173086,FALSE,FALSE
2024-05-23,Amundsen_Bellingshausen,2.988951837,-0.11851159607518102,0.11851159607518102,0.540312197173086,FALSE,FALSE
2024-05-24,Amundsen_Bellingshausen,3.060873105,-0.06616066252874653,0.06616066252874653,0.540312197173086,FALSE,FALSE
2024-05-25,Amundsen_Bellingshausen,3.112598756,-0.03376416115273084,0.03376416115273084,0.540312197173086,FALSE,FALSE
2024-05-26,Amundsen_Bellingshausen,3.146660849,-0.01880615049844092,0.01880615049844092,0.540312197173086,FALSE,FALSE
2024-05-27,Amundsen_Bellingshausen,3.16772196,-0.01664017211718249,0.01664017211718249,0.540312197173086,FALSE,FALSE
2024-05-28,Amundsen_Bellingshausen,3.171875387,-0.03118904556026347,0.03118904556026347,0.540312197173086,FALSE,FALSE
2024-05-29,Amundsen_Bellingshausen,3.167533073,-0.05405694537899253,0.05405694537899253,0.540312197173086,FALSE,FALSE
2024-05-30,Amundsen_Bellingshausen,3.192875233,-0.04707977412467601,0.04707977412467601,0.540312197173086,FALSE,FALSE
2024-05-31,Amundsen_Bellingshausen,3.283115017,0.0249395006513784,0.0249395006513784,0.540312197173086,FALSE,FALSE
2024-06-01,Amundsen_Bellingshausen,3.329770743,0.05351124766725901,0.05351124766725901,0.540312197173086,FALSE,FALSE
2024-06-02,Amundsen_Bellingshausen,3.352453789,0.0582751322898809,0.0582751322898809,0.540312197173086,FALSE,FALSE
2024-06-03,Amundsen_Bellingshausen,3.36971236,0.05781769201191267,0.05781769201191267,0.540312197173086,FALSE,FALSE
2024-06-04,Amundsen_Bellingshausen,3.383936953,0.05456775669812597,0.05456775669812597,0.540312197173086,FALSE,FALSE
2024-06-05,Amundsen_Bellingshausen,3.404268261,0.05770435221328451,0.05770435221328451,0.540312197173086,FALSE,FALSE
2024-06-06,Amundsen_Bellingshausen,3.423080888,0.05964041542215703,0.05964041542215703,0.540312197173086,FALSE,FALSE
2024-06-07,Amundsen_Bellingshausen,3.436363638,0.05640308318951259,0.05640308318951259,0.540312197173086,FALSE,FALSE
2024-06-08,Amundsen_Bellingshausen,3.442582013,0.04649619038011643,0.04649619038011643,0.540312197173086,FALSE,FALSE
2024-06-09,Amundsen_Bellingshausen,3.467850374,0.05607243085873925,0.05607243085873925,0.540312197173086,FALSE,FALSE
2024-06-10,Amundsen_Bellingshausen,3.498624942,0.07162635849014398,0.07162635849014398,0.540312197173086,FALSE,FALSE
2024-06-11,Amundsen_Bellingshausen,3.554324324,0.11261491313909922,0.11261491313909922,0.540312197173086,FALSE,FALSE
2024-06-12,Amundsen_Bellingshausen,3.600674893,0.14480280067037565,0.14480280067037565,0.540312197173086,FALSE,FALSE
2024-06-13,Amundsen_Bellingshausen,3.613181268,0.14373194922324029,0.14373194922324029,0.540312197173086,FALSE,FALSE
2024-06-14,Amundsen_Bellingshausen,3.607428013,0.12497910187140215,0.12497910187140215,0.540312197173086,FALSE,FALSE
2024-06-15,Amundsen_Bellingshausen,3.602809017,0.10786841475477128,0.10786841475477128,0.540312197173086,FALSE,FALSE
2024-06-16,Amundsen_Bellingshausen,3.658026456,0.15102784538808578,0.15102784538808578,0.540312197173086,FALSE,FALSE
2024-06-17,Amundsen_Bellingshausen,3.689875649,0.17117849428608525,0.17117849428608525,0.540312197173086,FALSE,FALSE
2024-06-18,Amundsen_Bellingshausen,3.735391944,0.20528149096351145,0.20528149096351145,0.540312197173086,FALSE,FALSE
2024-06-19,Amundsen_Bellingshausen,3.760794506,0.21948178193510423,0.21948178193510423,0.540312197173086,FALSE,FALSE
2024-06-20,Amundsen_Bellingshausen,3.795818039,0.2434398527156061,0.2434398527156061,0.540312197173086,FALSE,FALSE
2024-06-21,Amundsen_Bellingshausen,3.830587155,0.2672060968197556,0.2672060968197556,0.540312197173086,FALSE,FALSE
2024-06-22,Amundsen_Bellingshausen,3.854413672,0.28001811376229524,0.28001811376229524,0.540312197173086,FALSE,FALSE
2024-06-23,Amundsen_Bellingshausen,3.876051033,0.29055512805796235,0.29055512805796235,0.540312197173086,FALSE,FALSE
2024-06-24,Amundsen_Bellingshausen,3.882307832,0.2855515152215009,0.2855515152215009,0.540312197173086,FALSE,FALSE
2024-06-25,Amundsen_Bellingshausen,3.883168271,0.27491725876764894,0.27491725876764894,0.540312197173086,FALSE,FALSE
2024-06-26,Amundsen_Bellingshausen,3.930418062,0.3103729626493945,0.3103729626493945,0.540312197173086,FALSE,FALSE
2024-06-27,Amundsen_Bellingshausen,3.972382944,0.34024810089463875,0.34024810089463875,0.540312197173086,FALSE,FALSE
2024-06-28,Amundsen_Bellingshausen,3.984170487,0.33968543563831055,0.33968543563831055,0.540312197173086,FALSE,FALSE
2024-06-29,Amundsen_Bellingshausen,3.952790786,0.29573041575238523,0.29573041575238523,0.540312197173086,FALSE,FALSE
2024-06-30,Amundsen_Bellingshausen,3.980054458,0.31022901210884113,0.31022901210884113,0.540312197173086,FALSE,FALSE
2024-07-01,Amundsen_Bellingshausen,3.994481571,0.3117366465796523,0.3117366465796523,0.540312197173086,FALSE,FALSE
2024-07-02,Amundsen_Bellingshausen,3.999780233,0.30399678103679584,0.30399678103679584,0.540312197173086,FALSE,FALSE
2024-07-03,Amundsen_Bellingshausen,4.027488167,0.3185824923522498,0.3185824923522498,0.540312197173086,FALSE,FALSE
2024-07-04,Amundsen_Bellingshausen,4.080761137,0.3586848983979869,0.3586848983979869,0.540312197173086,FALSE,FALSE
2024-07-05,Amundsen_Bellingshausen,4.118533757,0.3832739670459868,0.3832739670459868,0.540312197173086,FALSE,FALSE
2024-07-06,Amundsen_Bellingshausen,4.119778501,0.3713575261682265,0.3713575261682265,0.540312197173086,FALSE,FALSE
2024-07-07,Amundsen_Bellingshausen,4.111383999,0.34985955963668003,0.34985955963668003,0.540312197173086,FALSE,FALSE
2024-07-08,Amundsen_Bellingshausen,4.097651865,0.32311699900991053,0.32311699900991053,0.540312197173086,FALSE,FALSE
2024-07-09,Amundsen_Bellingshausen,4.058301659,0.27087765905548267,0.27087765905548267,0.540312197173086,FALSE,FALSE
2024-07-10,Amundsen_Bellingshausen,4.040319966,0.24014092280334065,0.24014092280334065,0.540312197173086,FALSE,FALSE
2024-07-11,Amundsen_Bellingshausen,4.043882443,0.23109319979586165,0.23109319979586165,0.540312197173086,FALSE,FALSE
2024-07-12,Amundsen_Bellingshausen,4.064045031,0.23880118357542335,0.23880118357542335,0.540312197173086,FALSE,FALSE
2024-07-13,Amundsen_Bellingshausen,4.062258511,0.22472640768440755,0.22472640768440755,0.540312197173086,FALSE,FALSE
2024-07-14,Amundsen_Bellingshausen,4.072461094,0.2228178356651949,0.2228178356651949,0.540312197173086,FALSE,FALSE
2024-07-15,Amundsen_Bellingshausen,4.080050154,0.2184835940601584,0.2184835940601584,0.540312197173086,FALSE,FALSE
2024-07-16,Amundsen_Bellingshausen,4.089633317,0.21634206141167933,0.21634206141167933,0.540312197173086,FALSE,FALSE
2024-07-17,Amundsen_Bellingshausen,4.095431579,0.21062498626214277,0.21062498626214277,0.540312197173086,FALSE,FALSE
2024-07-18,Amundsen_Bellingshausen,4.070670659,0.17456884015391827,0.17456884015391827,0.540312197173086,FALSE,FALSE
2024-07-19,Amundsen_Bellingshausen,4.048292058,0.14112587662938705,0.14112587662938705,0.540312197173086,FALSE,FALSE
2024-07-20,Amundsen_Bellingshausen,4.004500197,0.08651126923093067,0.08651126923093067,0.540312197173086,FALSE,FALSE
2024-07-21,Amundsen_Bellingshausen,4.004199769,0.07564074345500504,0.07564074345500504,0.540312197173086,FALSE,FALSE
2024-07-22,Amundsen_Bellingshausen,4.020369762,0.08150818380755309,0.08150818380755309,0.540312197173086,FALSE,FALSE
2024-07-23,Amundsen_Bellingshausen,4.065940386,0.1170615134243902,0.1170615134243902,0.540312197173086,FALSE,FALSE
2024-07-24,Amundsen_Bellingshausen,4.104256856,0.14566372433345087,0.14566372433345087,0.540312197173086,FALSE,FALSE
2024-07-25,Amundsen_Bellingshausen,4.118758989,0.150772410562674,0.150772410562674,0.540312197173086,FALSE,FALSE
2024-07-26,Amundsen_Bellingshausen,4.067740705,0.0906992691400026,0.0906992691400026,0.540312197173086,FALSE,FALSE
2024-07-27,Amundsen_Bellingshausen,4.056955425,0.07121549809336347,0.07121549809336347,0.540312197173086,FALSE,FALSE
2024-07-28,Amundsen_Bellingshausen,4.083833596,0.08976932145070293,0.08976932145070293,0.540312197173086,FALSE,FALSE
2024-07-29,Amundsen_Bellingshausen,4.118795171,0.11679846923995107,0.11679846923995107,0.540312197173086,FALSE,FALSE
2024-07-30,Amundsen_Bellingshausen,4.174945841,0.16542640948905163,0.16542640948905163,0.540312197173086,FALSE,FALSE
2024-07-31,Amundsen_Bellingshausen,4.241867766,0.22525307922594173,0.22525307922594173,0.540312197173086,FALSE,FALSE
2024-08-01,Amundsen_Bellingshausen,4.285464203,0.26219951247855366,0.26219951247855366,0.540312197173086,FALSE,FALSE
2024-08-02,Amundsen_Bellingshausen,4.296956402,0.26750473574733835,0.26750473574733835,0.540312197173086,FALSE,FALSE
2024-08-03,Amundsen_Bellingshausen,4.376007984,0.3408359063993629,0.3408359063993629,0.540312197173086,FALSE,FALSE
2024-08-04,Amundsen_Bellingshausen,4.456341089,0.41586733113990704,0.41586733113990704,0.540312197173086,FALSE,FALSE
2024-08-05,Amundsen_Bellingshausen,4.497768914,0.4523527942029339,0.4523527942029339,0.540312197173086,FALSE,FALSE
2024-08-06,Amundsen_Bellingshausen,4.535624264,0.4855656878223975,0.4855656878223975,0.540312197173086,FALSE,FALSE
2024-08-07,Amundsen_Bellingshausen,4.551272875,0.49681233523226,0.49681233523226,0.540312197173086,FALSE,FALSE
2024-08-08,Amundsen_Bellingshausen,4.587717517,0.5290360936664715,0.5290360936664715,0.540312197173086,FALSE,FALSE
2024-08-09,Amundsen_Bellingshausen,4.618629651,0.5558490113589922,0.5558490113589922,0.540312197173086,TRUE,TRUE
2024-08-10,Amundsen_Bellingshausen,4.654798515,0.5879809135437846,0.5879809135437846,0.540312197173086,TRUE,TRUE
2024-08-11,Amundsen_Bellingshausen,4.699196905,0.6283451834547984,0.6283451834547984,0.540312197173086,TRUE,TRUE
2024-08-12,Amundsen_Bellingshausen,4.729576259,0.6546338463259964,0.6546338463259964,0.540312197173086,TRUE,TRUE
2024-08-13,Amundsen_Bellingshausen,4.734155112,0.6550060243913318,0.6550060243913318,0.540312197173086,TRUE,TRUE
2024-08-14,Amundsen_Bellingshausen,4.687193183,0.6036620238847643,0.6036620238847643,0.540312197173086,TRUE,TRUE
2024-08-15,Amundsen_Bellingshausen,4.675124026,0.5869781476797407,0.5869781476797407,0.540312197173086,TRUE,TRUE
2024-08-16,Amundsen_Bellingshausen,4.681731977,0.588745729652282,0.588745729652282,0.540312197173086,TRUE,TRUE
2024-08-17,Amundsen_Bellingshausen,4.705789339,0.6078176087289568,0.6078176087289568,0.540312197173086,TRUE,TRUE
2024-08-18,Amundsen_Bellingshausen,4.671046462,0.5680287009116078,0.5680287009116078,0.540312197173086,TRUE,TRUE
2024-08-19,Amundsen_Bellingshausen,4.643984599,0.5359448252020718,0.5359448252020718,0.540312197173086,FALSE,FALSE
2024-08-20,Amundsen_Bellingshausen,4.66514366,0.552190457602177,0.552190457602177,0.540312197173086,TRUE,FALSE
2024-08-21,Amundsen_Bellingshausen,4.615909064,0.49823558311376726,0.49823558311376726,0.540312197173086,FALSE,FALSE
2024-08-22,Amundsen_Bellingshausen,4.588809743,0.4666936997386744,0.4666936997386744,0.540312197173086,FALSE,FALSE
2024-08-23,Amundsen_Bellingshausen,4.586779849,0.4605835254787376,0.4605835254787376,0.540312197173086,FALSE,FALSE
2024-08-24,Amundsen_Bellingshausen,4.581431975,0.45160221933579425,0.45160221933579425,0.540312197173086,FALSE,FALSE
2024-08-25,Amundsen_Bellingshausen,4.576593442,0.4436616683116706,0.4436616683116706,0.540312197173086,FALSE,FALSE
2024-08-26,Amundsen_Bellingshausen,4.547991055,0.41257324340821633,0.41257324340821633,0.540312197173086,FALSE,FALSE
2024-08-27,Amundsen_Bellingshausen,4.507899787,0.37069648362725705,0.37069648362725705,0.540312197173086,FALSE,FALSE
2024-08-28,Amundsen_Bellingshausen,4.459460846,0.32124217149362,0.32124217149362,0.540312197173086,FALSE,FALSE
2024-08-29,Amundsen_Bellingshausen,4.44055137,0.3020659058922419,0.3020659058922419,0.540312197173086,FALSE,FALSE
2024-08-30,Amundsen_Bellingshausen,4.417171302,0.27911185641101444,0.27911185641101444,0.540312197173086,FALSE,FALSE
2024-08-31,Amundsen_Bellingshausen,4.381845093,0.2448486392327407,0.2448486392327407,0.540312197173086,FALSE,FALSE
2024-09-01,Amundsen_Bellingshausen,4.352237379,0.2168850555402182,0.2168850555402182,0.540312197173086,FALSE,FALSE
2024-09-02,Amundsen_Bellingshausen,4.298883639,0.16570074951625458,0.16570074951625458,0.540312197173086,FALSE,FALSE
2024-09-03,Amundsen_Bellingshausen,4.232415668,0.1018716813436491,0.1018716813436491,0.540312197173086,FALSE,FALSE
2024-09-04,Amundsen_Bellingshausen,4.167057993,0.03956654320520503,0.03956654320520503,0.540312197173086,FALSE,FALSE
2024-09-05,Amundsen_Bellingshausen,4.134021554,0.00994044028372354,0.00994044028372354,0.540312197173086,FALSE,FALSE
2024-09-06,Amundsen_Bellingshausen,4.077811851,-0.04255696223799266,0.04255696223799266,0.540312197173086,FALSE,FALSE
2024-09-07,Amundsen_Bellingshausen,4.027867814,-0.08854256917714398,0.08854256917714398,0.540312197173086,FALSE,FALSE
2024-09-08,Amundsen_Bellingshausen,4.035324555,-0.07693710335092785,0.07693710335092785,0.540312197173086,FALSE,FALSE
2024-09-09,Amundsen_Bellingshausen,4.016087902,-0.09189031505056013,0.09189031505056013,0.540312197173086,FALSE,FALSE
2024-09-10,Amundsen_Bellingshausen,3.972807469,-0.1307838161354029,0.1307838161354029,0.540312197173086,FALSE,FALSE
2024-09-11,Amundsen_Bellingshausen,4.016465114,-0.08262290610771039,0.08262290610771039,0.540312197173086,FALSE,FALSE
2024-09-12,Amundsen_Bellingshausen,4.014777604,-0.07967333545591604,0.07967333545591604,0.540312197173086,FALSE,FALSE
2024-09-13,Amundsen_Bellingshausen,4.006247675,-0.08341488566845356,0.08341488566845356,0.540312197173086,FALSE,FALSE
2024-09-14,Amundsen_Bellingshausen,3.98962183,-0.0950835712337712,0.0950835712337712,0.540312197173086,FALSE,FALSE
2024-09-15,Amundsen_Bellingshausen,3.963407726,-0.11615425264029788,0.11615425264029788,0.540312197173086,FALSE,FALSE
2024-09-16,Amundsen_Bellingshausen,3.93414628,-0.1400685303764746,0.1400685303764746,0.540312197173086,FALSE,FALSE
2024-09-17,Amundsen_Bellingshausen,3.908718396,-0.15992801793074163,0.15992801793074163,0.540312197173086,FALSE,FALSE
2024-09-18,Amundsen_Bellingshausen,3.911095419,-0.15174388779153025,0.15174388779153025,0.540312197173086,FALSE,FALSE
2024-09-19,Amundsen_Bellingshausen,3.912481443,-0.14429456344727942,0.14429456344727942,0.540312197173086,FALSE,FALSE
2024-09-20,Amundsen_Bellingshausen,3.903706886,-0.14673214438643,0.14673214438643,0.540312197173086,FALSE,FALSE
2024-09-21,Amundsen_Bellingshausen,3.90688944,-0.136921456097419,0.136921456097419,0.540312197173086,FALSE,FALSE
2024-09-22,Amundsen_Bellingshausen,3.840942855,-0.19593184714387,0.19593184714387,0.540312197173086,FALSE,FALSE
2024-09-23,Amundsen_Bellingshausen,3.794882425,-0.2347373431530624,0.2347373431530624,0.540312197173086,FALSE,FALSE
2024-09-24,Amundsen_Bellingshausen,3.755986698,-0.26605248954509175,0.26605248954509175,0.540312197173086,FALSE,FALSE
2024-09-25,Amundsen_Bellingshausen,3.755001667,-0.2591244396905461,0.2591244396905461,0.540312197173086,FALSE,FALSE
2024-09-26,Amundsen_Bellingshausen,3.763324441,-0.24254923096000347,0.24254923096000347,0.540312197173086,FALSE,FALSE
2024-09-27,Amundsen_Bellingshausen,3.756476894,-0.2407981357240474,0.2407981357240474,0.540312197173086,FALSE,FALSE
2024-09-28,Amundsen_Bellingshausen,3.764818689,-0.22350463735325787,0.22350463735325787,0.540312197173086,FALSE,FALSE
2024-09-29,Amundsen_Bellingshausen,3.810754094,-0.1682576142182204,0.1682576142182204,0.540312197173086,FALSE,FALSE
2024-09-30,Amundsen_Bellingshausen,3.862080057,-0.10725326468951124,0.10725326468951124,0.540312197173086,FALSE,FALSE
2024-10-01,Amundsen_Bellingshausen,3.918006106,-0.04127520713771515,0.04127520713771515,0.540312197173086,FALSE,FALSE
2024-10-02,Amundsen_Bellingshausen,3.955827129,0.00697830006658817,0.00697830006658817,0.540312197173086,FALSE,FALSE
2024-10-03,Amundsen_Bellingshausen,3.957294325,0.01926530955281569,0.01926530955281569,0.540312197173086,FALSE,FALSE
2024-10-04,Amundsen_Bellingshausen,3.952579656,0.02576462184215255,0.02576462184215255,0.540312197173086,FALSE,FALSE
2024-10-05,Amundsen_Bellingshausen,3.937103834,0.02188551208930889,0.02188551208930889,0.540312197173086,FALSE,FALSE
2024-10-06,Amundsen_Bellingshausen,3.933049463,0.02974538955759831,0.02974538955759831,0.540312197173086,FALSE,FALSE
2024-10-07,Amundsen_Bellingshausen,3.942468673,0.05132135461012144,0.05132135461012144,0.540312197173086,FALSE,FALSE
2024-10-08,Amundsen_Bellingshausen,3.940454015,0.06163092860997388,0.06163092860997388,0.540312197173086,FALSE,FALSE
2024-10-09,Amundsen_Bellingshausen,3.937411491,0.0710050839202494,0.0710050839202494,0.540312197173086,FALSE,FALSE
2024-10-10,Amundsen_Bellingshausen,3.920348924,0.06637661390404626,0.06637661390404626,0.540312197173086,FALSE,FALSE
2024-10-11,Amundsen_Bellingshausen,3.896857314,0.05526148892446247,0.05526148892446247,0.540312197173086,FALSE,FALSE
2024-10-12,Amundsen_Bellingshausen,3.869537259,0.04018527734459187,0.04018527734459187,0.540312197173086,FALSE,FALSE
2024-10-13,Amundsen_Bellingshausen,3.848952442,0.03163663252753501,0.03163663252753501,0.540312197173086,FALSE,FALSE
2024-10-14,Amundsen_Bellingshausen,3.858475334,0.05291299583638453,0.05291299583638453,0.540312197173086,FALSE,FALSE
2024-10-15,Amundsen_Bellingshausen,3.858130424,0.06396382663423816,0.06396382663423816,0.540312197173086,FALSE,FALSE
2024-10-16,Amundsen_Bellingshausen,3.844176653,0.06097303628419315,0.06097303628419315,0.540312197173086,FALSE,FALSE
2024-10-17,Amundsen_Bellingshausen,3.838354897,0.06560976358832216,0.06560976358832216,0.540312197173086,FALSE,FALSE
2024-10-18,Amundsen_Bellingshausen,3.813751274,0.05095831977700404,0.05095831977700404,0.540312197173086,FALSE,FALSE
2024-10-19,Amundsen_Bellingshausen,3.81545734,0.06217530863927045,0.06217530863927045,0.540312197173086,FALSE,FALSE
2024-10-20,Amundsen_Bellingshausen,3.806768046,0.06262340583898185,0.06262340583898185,0.540312197173086,FALSE,FALSE
2024-10-21,Amundsen_Bellingshausen,3.781965994,0.04665293803999715,0.04665293803999715,0.540312197173086,FALSE,FALSE
2024-10-22,Amundsen_Bellingshausen,3.80145993,0.07474037590618066,0.07474037590618066,0.540312197173086,FALSE,FALSE
2024-10-23,Amundsen_Bellingshausen,3.78852465,0.07022824010138873,0.07022824010138873,0.540312197173086,FALSE,FALSE
2024-10-24,Amundsen_Bellingshausen,3.772663711,0.06268781228948406,0.06268781228948406,0.540312197173086,FALSE,FALSE
2024-10-25,Amundsen_Bellingshausen,3.781902995,0.08021269913432638,0.08021269913432638,0.540312197173086,FALSE,FALSE
2024-10-26,Amundsen_Bellingshausen,3.76619958,0.07282770329977817,0.07282770329977817,0.540312197173086,FALSE,FALSE
2024-10-27,Amundsen_Bellingshausen,3.752583524,0.06763060744969662,0.06763060744969662,0.540312197173086,FALSE,FALSE
2024-10-28,Amundsen_Bellingshausen,3.753468081,0.07710239024794463,0.07710239024794463,0.540312197173086,FALSE,FALSE
2024-10-29,Amundsen_Bellingshausen,3.734744678,0.067202203358383,0.067202203358383,0.540312197173086,FALSE,FALSE
2024-10-30,Amundsen_Bellingshausen,3.71277018,0.05434361098385043,0.05434361098385043,0.540312197173086,FALSE,FALSE
2024-10-31,Amundsen_Bellingshausen,3.677112366,0.02809682161396676,0.02809682161396676,0.540312197173086,FALSE,FALSE
2024-11-01,Amundsen_Bellingshausen,3.622117986,-0.01720565480868652,0.01720565480868652,0.540312197173086,FALSE,FALSE
2024-11-02,Amundsen_Bellingshausen,3.58237094,-0.04699416282274971,0.04699416282274971,0.540312197173086,FALSE,FALSE
2024-11-03,Amundsen_Bellingshausen,3.618252435,-9.017399668564964e-4,9.017399668564964e-4,0.540312197173086,FALSE,FALSE
2024-11-04,Amundsen_Bellingshausen,3.618928058,0.0102229562203564,0.0102229562203564,0.540312197173086,FALSE,FALSE
2024-11-05,Amundsen_Bellingshausen,3.572270765,-0.02576136279974417,0.02576136279974417,0.540312197173086,FALSE,FALSE
2024-11-06,Amundsen_Bellingshausen,3.564621646,-0.02252785156579717,0.02252785156579717,0.540312197173086,FALSE,FALSE
2024-11-07,Amundsen_Bellingshausen,3.553667424,-0.022404031616436,0.022404031616436,0.540312197173086,FALSE,FALSE
2024-11-08,Amundsen_Bellingshausen,3.569203223,0.00439097650970676,0.00439097650970676,0.540312197173086,FALSE,FALSE
2024-11-09,Amundsen_Bellingshausen,3.585038397,0.03165228227399197,0.03165228227399197,0.540312197173086,FALSE,FALSE
2024-11-10,Amundsen_Bellingshausen,3.605642844,0.06383553913778472,0.06383553913778472,0.540312197173086,FALSE,FALSE
2024-11-11,Amundsen_Bellingshausen,3.622408441,0.09231835874148198,0.09231835874148198,0.540312197173086,FALSE,FALSE
2024-11-12,Amundsen_Bellingshausen,3.614854126,0.09660426193036332,0.09660426193036332,0.540312197173086,FALSE,FALSE
2024-11-13,Amundsen_Bellingshausen,3.581415154,0.07511135516130452,0.07511135516130452,0.540312197173086,FALSE,FALSE
2024-11-14,Amundsen_Bellingshausen,3.556641256,0.06237207808016976,0.06237207808016976,0.540312197173086,FALSE,FALSE
2024-11-15,Amundsen_Bellingshausen,3.523480224,0.04131693133281766,0.04131693133281766,0.540312197173086,FALSE,FALSE
2024-11-16,Amundsen_Bellingshausen,3.485830385,0.01582695056510941,0.01582695056510941,0.540312197173086,FALSE,FALSE
2024-11-17,Amundsen_Bellingshausen,3.480119087,0.02231219242290505,0.02231219242290505,0.540312197173086,FALSE,FALSE
2024-11-18,Amundsen_Bellingshausen,3.505406285,0.05981532055206706,0.05981532055206706,0.540312197173086,FALSE,FALSE
2024-11-19,Amundsen_Bellingshausen,3.501367753,0.0679948175984526,0.0679948175984526,0.540312197173086,FALSE,FALSE
2024-11-20,Amundsen_Bellingshausen,3.476261903,0.05509180420792514,0.05509180420792514,0.540312197173086,FALSE,FALSE
2024-11-21,Amundsen_Bellingshausen,3.462154739,0.05315499302634574,0.05315499302634574,0.540312197173086,FALSE,FALSE
2024-11-22,Amundsen_Bellingshausen,3.438001345,0.0411221766995733,0.0411221766995733,0.540312197173086,FALSE,FALSE
2024-11-23,Amundsen_Bellingshausen,3.403290419,0.01846476187346857,0.01846476187346857,0.540312197173086,FALSE,FALSE
2024-11-24,Amundsen_Bellingshausen,3.408930669,0.03607890349801224,0.03607890349801224,0.540312197173086,FALSE,FALSE
2024-11-25,Amundsen_Bellingshausen,3.413580574,0.05265060330554094,0.05265060330554094,0.540312197173086,FALSE,FALSE
2024-11-26,Amundsen_Bellingshausen,3.393945528,0.04493292917073654,0.04493292917073654,0.540312197173086,FALSE,FALSE
2024-11-27,Amundsen_Bellingshausen,3.395704796,0.05865297260148905,0.05865297260148905,0.540312197173086,FALSE,FALSE
2024-11-28,Amundsen_Bellingshausen,3.378225189,0.05322537110567671,0.05322537110567671,0.540312197173086,FALSE,FALSE
2024-11-29,Amundsen_Bellingshausen,3.380445183,0.0676364271911849,0.0676364271911849,0.540312197173086,FALSE,FALSE
2024-11-30,Amundsen_Bellingshausen,3.375836679,0.07540586836589647,0.07540586836589647,0.540312197173086,FALSE,FALSE
2024-12-01,Amundsen_Bellingshausen,3.372391687,0.08457353113769539,0.08457353113769539,0.540312197173086,FALSE,FALSE
2024-12-02,Amundsen_Bellingshausen,3.380562008,0.10563904301446404,0.10563904301446404,0.540312197173086,FALSE,FALSE
2024-12-03,Amundsen_Bellingshausen,3.364518072,0.10282066050408822,0.10282066050408822,0.540312197173086,FALSE,FALSE
2024-12-04,Amundsen_Bellingshausen,3.349817778,0.10172410911444851,0.10172410911444851,0.540312197173086,FALSE,FALSE
2024-12-05,Amundsen_Bellingshausen,3.361990405,0.12792649435343106,0.12792649435343106,0.540312197173086,FALSE,FALSE
2024-12-06,Amundsen_Bellingshausen,3.376638748,0.1570785084947346,0.1570785084947346,0.540312197173086,FALSE,FALSE
2024-12-07,Amundsen_Bellingshausen,3.372498105,0.16798531478575995,0.16798531478575995,0.540312197173086,FALSE,FALSE
2024-12-08,Amundsen_Bellingshausen,3.385400583,0.196601864160312,0.196601864160312,0.540312197173086,FALSE,FALSE
2024-12-09,Amundsen_Bellingshausen,3.399256815,0.2269694596852836,0.2269694596852836,0.540312197173086,FALSE,FALSE
2024-12-10,Amundsen_Bellingshausen,3.411113001,0.2562649714275702,0.2562649714275702,0.540312197173086,FALSE,FALSE
2024-12-11,Amundsen_Bellingshausen,3.415596013,0.27924594145406356,0.27924594145406356,0.540312197173086,FALSE,FALSE
2024-12-12,Amundsen_Bellingshausen,3.395570614,0.27890780283166317,0.27890780283166317,0.540312197173086,FALSE,FALSE
2024-12-13,Amundsen_Bellingshausen,3.375517508,0.27986192962725687,0.27986192962725687,0.540312197173086,FALSE,FALSE
2024-12-14,Amundsen_Bellingshausen,3.32958968,0.25639197690774296,0.25639197690774296,0.540312197173086,FALSE,FALSE
2024-12-15,Amundsen_Bellingshausen,3.317995752,0.26883723674001514,0.26883723674001514,0.540312197173086,FALSE,FALSE
2024-12-16,Amundsen_Bellingshausen,3.298277087,0.2748697421909676,0.2748697421909676,0.540312197173086,FALSE,FALSE
2024-12-17,Amundsen_Bellingshausen,3.290559963,0.29474644132749406,0.29474644132749406,0.540312197173086,FALSE,FALSE
2024-12-18,Amundsen_Bellingshausen,3.247176019,0.28092964321648894,0.28092964321648894,0.540312197173086,FALSE,FALSE
2024-12-19,Amundsen_Bellingshausen,3.196287856,0.26170267405840475,0.26170267405840475,0.540312197173086,FALSE,FALSE
2024-12-20,Amundsen_Bellingshausen,3.160593209,0.2597267465461317,0.2597267465461317,0.540312197173086,FALSE,FALSE
2024-12-21,Amundsen_Bellingshausen,3.135506209,0.2702539511101474,0.2702539511101474,0.540312197173086,FALSE,FALSE
2024-12-22,Amundsen_Bellingshausen,3.098771527,0.27086342037324496,0.27086342037324496,0.540312197173086,FALSE,FALSE
2024-12-23,Amundsen_Bellingshausen,3.041708304,0.2527087569582056,0.2527087569582056,0.540312197173086,FALSE,FALSE
2024-12-24,Amundsen_Bellingshausen,3.014525765,0.2658336474878178,0.2658336474878178,0.540312197173086,FALSE,FALSE
2024-12-25,Amundsen_Bellingshausen,2.974277927,0.2671265705848693,0.2671265705848693,0.540312197173086,FALSE,FALSE
2024-12-26,Amundsen_Bellingshausen,2.910704647,0.24616184487214943,0.24616184487214943,0.540312197173086,FALSE,FALSE
2024-12-27,Amundsen_Bellingshausen,2.867128898,0.24609690497243977,0.24609690497243977,0.540312197173086,FALSE,FALSE
2024-12-28,Amundsen_Bellingshausen,2.882551697,0.30576722950852897,0.30576722950852897,0.540312197173086,FALSE,FALSE
2024-12-29,Amundsen_Bellingshausen,2.883557327,0.3515915631032107,0.3515915631032107,0.540312197173086,FALSE,FALSE
2024-12-30,Amundsen_Bellingshausen,2.841092876,0.3543514553792635,0.3543514553792635,0.540312197173086,FALSE,FALSE
2024-12-31,Amundsen_Bellingshausen,2.806784758,0.36550778195947586,0.36550778195947586,0.540312197173086,FALSE,FALSE
1978-11-01,East_Antarctica,3.402837047,0.5654285242084902,0.5654285242084902,0.31006724465958424,TRUE,TRUE
1978-11-03,East_Antarctica,3.336672427,0.5478120031491831,0.5478120031491831,0.31006724465958424,TRUE,TRUE
1978-11-05,East_Antarctica,3.262197744,0.5270700045120789,0.5270700045120789,0.31006724465958424,TRUE,TRUE
1978-11-07,East_Antarctica,3.193425275,0.5171555051090815,0.5171555051090815,0.31006724465958424,TRUE,TRUE
1978-11-09,East_Antarctica,3.093771331,0.4814255157520973,0.4814255157520973,0.31006724465958424,TRUE,TRUE
1978-11-11,East_Antarctica,2.930893834,0.3874786582530336,0.3874786582530336,0.31006724465958424,TRUE,TRUE
1978-11-13,East_Antarctica,2.693872189,0.22428120159293252,0.22428120159293252,0.31006724465958424,FALSE,FALSE
1978-11-15,East_Antarctica,2.596238397,0.2046390442722794,0.2046390442722794,0.31006724465958424,FALSE,FALSE
1978-11-17,East_Antarctica,2.495533874,0.184978066498402,0.184978066498402,0.31006724465958424,FALSE,FALSE
1978-11-19,East_Antarctica,2.366272221,0.13869010849229335,0.13869010849229335,0.31006724465958424,FALSE,FALSE
1978-11-21,East_Antarctica,2.290161371,0.14636134247495525,0.14636134247495525,0.31006724465958424,FALSE,FALSE
1978-11-23,East_Antarctica,2.142510548,0.08217923166738217,0.08217923166738217,0.31006724465958424,FALSE,FALSE
1978-11-25,East_Antarctica,2.093302915,0.11501366593433791,0.11501366593433791,0.31006724465958424,FALSE,FALSE
1978-11-27,East_Antarctica,1.997779924,0.0993669946781397,0.0993669946781397,0.31006724465958424,FALSE,FALSE
1978-11-29,East_Antarctica,1.885522119,0.0645939672536111,0.0645939672536111,0.31006724465958424,FALSE,FALSE
1978-12-01,East_Antarctica,1.798198245,0.05217472405196011,0.05217472405196011,0.31006724465958424,FALSE,FALSE
1978-12-03,East_Antarctica,1.73169053,0.05780288846439485,0.05780288846439485,0.31006724465958424,FALSE,FALSE
1978-12-05,East_Antarctica,1.635723844,0.03101472588212206,0.03101472588212206,0.31006724465958424,FALSE,FALSE
1978-12-07,East_Antarctica,1.495560708,-0.0431158233177964,0.0431158233177964,0.31006724465958424,FALSE,FALSE
1978-12-09,East_Antarctica,1.337111397,-0.13881917997494897,0.13881917997494897,0.31006724465958424,FALSE,FALSE
1978-12-11,East_Antarctica,1.230934126,-0.18552966469228305,0.18552966469228305,0.31006724465958424,FALSE,FALSE
1978-12-13,East_Antarctica,1.178841591,-0.18139854953681644,0.18139854953681644,0.31006724465958424,FALSE,FALSE
1978-12-15,East_Antarctica,1.153215553,-0.1540080415755578,0.1540080415755578,0.31006724465958424,FALSE,FALSE
1978-12-17,East_Antarctica,1.132190234,-0.12518788687551918,0.12518788687551918,0.31006724465958424,FALSE,FALSE
1978-12-19,East_Antarctica,1.07008987,-0.1405778175037149,0.1405778175037149,0.31006724465958424,FALSE,FALSE
1978-12-21,East_Antarctica,1.083871038,-0.08316924653435853,0.08316924653435853,0.31006724465958424,FALSE,FALSE
1978-12-23,East_Antarctica,1.0780374130000001,-0.04828575125439771,0.04828575125439771,0.31006724465958424,FALSE,FALSE
1978-12-25,East_Antarctica,1.03126094,-0.05702746910978074,0.05702746910978074,0.31006724465958424,FALSE,FALSE
1978-12-27,East_Antarctica,1.007361925,-0.04534589289013935,0.04534589289013935,0.31006724465958424,FALSE,FALSE
1978-12-29,East_Antarctica,0.974261453,-0.04509173638510355,0.04509173638510355,0.31006724465958424,FALSE,FALSE
1978-12-31,East_Antarctica,0.969291971,-0.01870435138430459,0.01870435138430459,0.31006724465958424,FALSE,FALSE
1979-01-01,East_Antarctica,0.868034177,-0.10496155956975406,0.10496155956975406,0.31006724465958424,FALSE,FALSE
1979-01-02,East_Antarctica,0.966476822,0.00806670334385206,0.00806670334385206,0.31006724465958424,FALSE,FALSE
1979-01-04,East_Antarctica,0.956859242,0.02646639351912128,0.02646639351912128,0.31006724465958424,FALSE,FALSE
1979-01-06,East_Antarctica,0.948775146,0.0450069953494312,0.0450069953494312,0.31006724465958424,FALSE,FALSE
1979-01-08,East_Antarctica,0.920374195,0.04201342806392527,0.04201342806392527,0.31006724465958424,FALSE,FALSE
1979-01-10,East_Antarctica,0.896759279,0.04276383989175025,0.04276383989175025,0.31006724465958424,FALSE,FALSE
1979-01-12,East_Antarctica,0.897790999,0.06729409006205356,0.06729409006205356,0.31006724465958424,FALSE,FALSE
1979-01-14,East_Antarctica,0.868282418,0.06059216497255526,0.06059216497255526,0.31006724465958424,FALSE,FALSE
1979-01-16,East_Antarctica,0.808602041,0.02313636985841738,0.02313636985841738,0.31006724465958424,FALSE,FALSE
1979-01-18,East_Antarctica,0.830875638,0.06701975457762821,0.06701975457762821,0.31006724465958424,FALSE,FALSE
1979-01-20,East_Antarctica,0.835183753,0.0922712823678915,0.0922712823678915,0.31006724465958424,FALSE,FALSE
1979-01-22,East_Antarctica,0.825769258,0.10308224446690972,0.10308224446690972,0.31006724465958424,FALSE,FALSE
1979-01-24,East_Antarctica,0.811079568,0.10784847511238516,0.10784847511238516,0.31006724465958424,FALSE,FALSE
1979-01-26,East_Antarctica,0.756757509,0.07216121954202159,0.07216121954202159,0.31006724465958424,FALSE,FALSE
1979-01-28,East_Antarctica,0.755637776,0.08881241095126857,0.08881241095126857,0.31006724465958424,FALSE,FALSE
1979-01-30,East_Antarctica,0.770055723,0.12014037942735568,0.12014037942735568,0.31006724465958424,FALSE,FALSE
1979-02-01,East_Antarctica,0.761082753,0.12723428635732015,0.12723428635732015,0.31006724465958424,FALSE,FALSE
1979-02-03,East_Antarctica,0.735393456,0.11678648753276943,0.11678648753276943,0.31006724465958424,FALSE,FALSE
1979-02-05,East_Antarctica,0.735151979,0.1309788957453103,0.1309788957453103,0.31006724465958424,FALSE,FALSE
1979-02-07,East_Antarctica,0.721030168,0.1305011227865489,0.1305011227865489,0.31006724465958424,FALSE,FALSE
1979-02-09,East_Antarctica,0.734717789,0.15704175961276223,0.15704175961276223,0.31006724465958424,FALSE,FALSE
1979-02-11,East_Antarctica,0.713769358,0.14789272013291566,0.14789272013291566,0.31006724465958424,FALSE,FALSE
1979-02-13,East_Antarctica,0.723427811,0.16784377370627743,0.16784377370627743,0.31006724465958424,FALSE,FALSE
1979-02-15,East_Antarctica,0.681139842,0.1338841249466044,0.1338841249466044,0.31006724465958424,FALSE,FALSE
1979-02-17,East_Antarctica,0.645782954,0.10443378746764996,0.10443378746764996,0.31006724465958424,FALSE,FALSE
1979-02-19,East_Antarctica,0.663233729,0.12491185388317216,0.12491185388317216,0.31006724465958424,FALSE,FALSE
1979-02-21,East_Antarctica,0.668641598,0.13001334149541532,0.13001334149541532,0.31006724465958424,FALSE,FALSE
1979-02-23,East_Antarctica,0.684957801,0.14242749076374306,0.14242749076374306,0.31006724465958424,FALSE,FALSE
1979-02-25,East_Antarctica,0.735082635,0.18509545827838125,0.18509545827838125,0.31006724465958424,FALSE,FALSE
1979-02-27,East_Antarctica,0.759254851,0.19832345424546172,0.19832345424546172,0.31006724465958424,FALSE,FALSE
1979-03-01,East_Antarctica,0.766970089,0.1916745778711149,0.1916745778711149,0.31006724465958424,FALSE,FALSE
1979-03-03,East_Antarctica,0.746317913,0.15330585236147254,0.15330585236147254,0.31006724465958424,FALSE,FALSE
1979-03-05,East_Antarctica,0.745171864,0.13115828206543267,0.13115828206543267,0.31006724465958424,FALSE,FALSE
1979-03-07,East_Antarctica,0.774173702,0.1360529285068166,0.1360529285068166,0.31006724465958424,FALSE,FALSE
1979-03-09,East_Antarctica,0.805857628,0.1411067377071713,0.1411067377071713,0.31006724465958424,FALSE,FALSE
1979-03-11,East_Antarctica,0.827262234,0.13403198873930466,0.13403198873930466,0.31006724465958424,FALSE,FALSE
1979-03-13,East_Antarctica,0.854857971,0.13197281967602714,0.13197281967602714,0.31006724465958424,FALSE,FALSE
1979-03-15,East_Antarctica,0.892374669,0.1393327475901457,0.1393327475901457,0.31006724465958424,FALSE,FALSE
1979-03-17,East_Antarctica,0.946947962,0.16392109355446982,0.16392109355446982,0.31006724465958424,FALSE,FALSE
1979-03-19,East_Antarctica,0.957880205,0.14564289677196052,0.14564289677196052,0.31006724465958424,FALSE,FALSE
1979-03-21,East_Antarctica,0.968538395,0.12783175071600816,0.12783175071600816,0.31006724465958424,FALSE,FALSE
1979-03-23,East_Antarctica,1.005138194,0.1363345624484753,0.1363345624484753,0.31006724465958424,FALSE,FALSE
1979-03-25,East_Antarctica,1.048790043,0.151890004023832,0.151890004023832,0.31006724465958424,FALSE,FALSE
1979-03-27,East_Antarctica,1.038096754,0.11272911849654554,0.11272911849654554,0.31006724465958424,FALSE,FALSE
1979-03-29,East_Antarctica,1.047180058,0.09260186792108382,0.09260186792108382,0.31006724465958424,FALSE,FALSE
1979-03-31,East_Antarctica,1.075556939,0.09066219673545972,0.09066219673545972,0.31006724465958424,FALSE,FALSE
1979-04-01,East_Antarctica,1.39805932,0.3975416397838769,0.3975416397838769,0.31006724465958424,TRUE,FALSE
1979-04-02,East_Antarctica,1.103875953,0.08745507915887929,0.08745507915887929,0.31006724465958424,FALSE,FALSE
1979-04-04,East_Antarctica,1.099163726,0.05020052930372398,0.05020052930372398,0.31006724465958424,FALSE,FALSE
1979-04-06,East_Antarctica,1.160491276,0.07817922800016719,0.07817922800016719,0.31006724465958424,FALSE,FALSE
1979-04-08,East_Antarctica,1.192927542,0.07666977707838063,0.07666977707838063,0.31006724465958424,FALSE,FALSE
1979-04-10,East_Antarctica,1.258488231,0.10789754636853788,0.10789754636853788,0.31006724465958424,FALSE,FALSE
1979-04-12,East_Antarctica,1.305858505,0.12075719818893638,0.12075719818893638,0.31006724465958424,FALSE,FALSE
1979-04-14,East_Antarctica,1.332130063,0.11248353449878844,0.11248353449878844,0.31006724465958424,FALSE,FALSE
1979-04-16,East_Antarctica,1.372948627,0.11869719562435944,0.11869719562435944,0.31006724465958424,FALSE,FALSE
1979-04-18,East_Antarctica,1.36150623,0.07253890606102731,0.07253890606102731,0.31006724465958424,FALSE,FALSE
1979-04-20,East_Antarctica,1.358893968,0.03504845330417661,0.03504845330417661,0.31006724465958424,FALSE,FALSE
1979-04-22,East_Antarctica,1.384753015,0.02581570284918344,0.02581570284918344,0.31006724465958424,FALSE,FALSE
1979-04-24,East_Antarctica,1.46080931,0.06651528519142746,0.06651528519142746,0.31006724465958424,FALSE,FALSE
1979-04-26,East_Antarctica,1.485731703,0.05577292344951568,0.05577292344951568,0.31006724465958424,FALSE,FALSE
1979-04-28,East_Antarctica,1.549318276,0.0833932981608041,0.0833932981608041,0.31006724465958424,FALSE,FALSE
1979-04-30,East_Antarctica,1.614953376,0.1127860382865411,0.1127860382865411,0.31006724465958424,FALSE,FALSE
1979-05-01,East_Antarctica,1.886698537,0.3663143698401954,0.3663143698401954,0.31006724465958424,TRUE,FALSE
1979-05-02,East_Antarctica,1.623851009,0.08519046529990248,0.08519046529990248,0.31006724465958424,FALSE,FALSE
1979-05-04,East_Antarctica,1.635078887,0.05969960667406759,0.05969960667406759,0.31006724465958424,FALSE,FALSE
1979-05-06,East_Antarctica,1.643876079,0.0315778468822121,0.0315778468822121,0.31006724465958424,FALSE,FALSE
1979-05-08,East_Antarctica,1.686418914,0.03702851298282672,0.03702851298282672,0.31006724465958424,FALSE,FALSE
1979-05-10,East_Antarctica,1.726823896,0.04022365920137694,0.04022365920137694,0.31006724465958424,FALSE,FALSE
1979-05-12,East_Antarctica,1.752444003,0.02859565879287973,0.02859565879287973,0.31006724465958424,FALSE,FALSE
1979-05-14,East_Antarctica,1.810979439,0.0499248425813692,0.0499248425813692,0.31006724465958424,FALSE,FALSE
1979-05-16,East_Antarctica,1.82647447,0.02833560339087371,0.02833560339087371,0.31006724465958424,FALSE,FALSE
1979-05-18,East_Antarctica,1.862434664,0.0274136360454249,0.0274136360454249,0.31006724465958424,FALSE,FALSE
1979-05-20,East_Antarctica,1.852258159,-0.01936236504870625,0.01936236504870625,0.31006724465958424,FALSE,FALSE
1979-05-22,East_Antarctica,1.86312712,-0.04468889753853289,0.04468889753853289,0.31006724465958424,FALSE,FALSE
1979-05-24,East_Antarctica,1.878940853,-0.06447152054097716,0.06447152054097716,0.31006724465958424,FALSE,FALSE
1979-05-26,East_Antarctica,1.93188687,-0.0463198169364214,0.0463198169364214,0.31006724465958424,FALSE,FALSE
1979-05-28,East_Antarctica,2.030112993,0.01811694039476208,0.01811694039476208,0.31006724465958424,FALSE,FALSE
1979-05-30,East_Antarctica,2.078761772,0.03418420657219689,0.03418420657219689,0.31006724465958424,FALSE,FALSE
1979-06-01,East_Antarctica,2.095144854,0.01939653371550553,0.01939653371550553,0.31006724465958424,FALSE,FALSE
1979-06-03,East_Antarctica,2.12548603,0.02007571219354487,0.02007571219354487,0.31006724465958424,FALSE,FALSE
1979-06-05,East_Antarctica,2.128331304,-0.00557615734734318,0.00557615734734318,0.31006724465958424,FALSE,FALSE
1979-06-07,East_Antarctica,2.19356228,0.03186228754840581,0.03186228754840581,0.31006724465958424,FALSE,FALSE
1979-06-09,East_Antarctica,2.209013446,0.01976529276989103,0.01976529276989103,0.31006724465958424,FALSE,FALSE
1979-06-11,East_Antarctica,2.228284735,0.01127254920621556,0.01127254920621556,0.31006724465958424,FALSE,FALSE
1979-06-13,East_Antarctica,2.263377335,0.01792500274647679,0.01792500274647679,0.31006724465958424,FALSE,FALSE
1979-06-15,East_Antarctica,2.266297936,-0.00867645477903966,0.00867645477903966,0.31006724465958424,FALSE,FALSE
1979-06-17,East_Antarctica,2.246785274,-0.0586160019002051,0.0586160019002051,0.31006724465958424,FALSE,FALSE
1979-06-19,East_Antarctica,2.290819771,-0.04538254497085114,0.04538254497085114,0.31006724465958424,FALSE,FALSE
1979-06-21,East_Antarctica,2.345133106,-0.02170877214067346,0.02170877214067346,0.31006724465958424,FALSE,FALSE
1979-06-23,East_Antarctica,2.439271354,0.04248702444063479,0.04248702444063479,0.31006724465958424,FALSE,FALSE
1979-06-25,East_Antarctica,2.454972008,0.0294779706233812,0.0294779706233812,0.31006724465958424,FALSE,FALSE
1979-06-27,East_Antarctica,2.420602633,-0.03184225549935382,0.03184225549935382,0.31006724465958424,FALSE,FALSE
1979-06-29,East_Antarctica,2.448932673,-0.02855583019169438,0.02855583019169438,0.31006724465958424,FALSE,FALSE
1979-07-01,East_Antarctica,2.446853255,-0.05411840945311352,0.05411840945311352,0.31006724465958424,FALSE,FALSE
1979-07-03,East_Antarctica,2.47579186,-0.04748284172767514,0.04748284172767514,0.31006724465958424,FALSE,FALSE
1979-07-05,East_Antarctica,2.5154712360000002,-0.02930670845943428,0.02930670845943428,0.31006724465958424,FALSE,FALSE
1979-07-07,East_Antarctica,2.504185382,-0.06167634009245004,0.06167634009245004,0.31006724465958424,FALSE,FALSE
1979-07-09,East_Antarctica,2.547346596,-0.03955971062662655,0.03955971062662655,0.31006724465958424,FALSE,FALSE
1979-07-11,East_Antarctica,2.515255411,-0.09296707291385252,0.09296707291385252,0.31006724465958424,FALSE,FALSE
1979-07-13,East_Antarctica,2.532647284,-0.09726935887622812,0.09726935887622812,0.31006724465958424,FALSE,FALSE
1979-07-15,East_Antarctica,2.51175679,-0.14030098842062033,0.14030098842062033,0.31006724465958424,FALSE,FALSE
1979-07-17,East_Antarctica,2.517777758,-0.15693712745389643,0.15693712745389643,0.31006724465958424,FALSE,FALSE
1979-07-19,East_Antarctica,2.57441003,-0.12354692888292183,0.12354692888292183,0.31006724465958424,FALSE,FALSE
1979-07-21,East_Antarctica,2.639404992,-0.08244800161456434,0.08244800161456434,0.31006724465958424,FALSE,FALSE
1979-07-23,East_Antarctica,2.603359625,-0.14306684635749356,0.14306684635749356,0.31006724465958424,FALSE,FALSE
1979-07-25,East_Antarctica,2.647972064,-0.12340339108892406,0.12340339108892406,0.31006724465958424,FALSE,FALSE
1979-07-27,East_Antarctica,2.624685067,-0.17157126521361166,0.17157126521361166,0.31006724465958424,FALSE,FALSE
1979-07-29,East_Antarctica,2.598230415,-0.22239449166187697,0.22239449166187697,0.31006724465958424,FALSE,FALSE
1979-07-31,East_Antarctica,2.514993468,-0.32904351436403845,0.32904351436403845,0.31006724465958424,TRUE,FALSE
1979-08-01,East_Antarctica,2.847200682,-0.00804483991355331,0.00804483991355331,0.31006724465958424,FALSE,FALSE
1979-08-02,East_Antarctica,2.478406707,-0.3876416562504144,0.3876416562504144,0.31006724465958424,TRUE,TRUE
1979-08-04,East_Antarctica,2.442873632,-0.4433610166177915,0.4433610166177915,0.31006724465958424,TRUE,TRUE
1979-08-06,East_Antarctica,2.412469711,-0.49212217448146145,0.49212217448146145,0.31006724465958424,TRUE,TRUE
1979-08-08,East_Antarctica,2.308073697,-0.6134443783039689,0.6134443783039689,0.31006724465958424,TRUE,TRUE
1979-08-10,East_Antarctica,2.307095481,-0.6303318329139573,0.6303318329139573,0.31006724465958424,TRUE,TRUE
1979-08-12,East_Antarctica,2.405795213,-0.546938484140072,0.546938484140072,0.31006724465958424,TRUE,TRUE
1979-08-14,East_Antarctica,2.496251705,-0.47159961581095633,0.47159961581095633,0.31006724465958424,TRUE,TRUE
1979-08-16,East_Antarctica,2.787426885,-0.19576586345952807,0.19576586345952807,0.31006724465958424,FALSE,FALSE
1979-08-18,East_Antarctica,2.878183984,-0.1207430640881908,0.1207430640881908,0.31006724465958424,FALSE,FALSE
1979-08-20,East_Antarctica,2.882090003,-0.13262538341612418,0.13262538341612418,0.31006724465958424,FALSE,FALSE
1979-08-22,East_Antarctica,2.933700397,-0.0964549781110806,0.0964549781110806,0.31006724465958424,FALSE,FALSE
1979-08-24,East_Antarctica,2.958880354,-0.08596427184081845,0.08596427184081845,0.31006724465958424,FALSE,FALSE
1979-08-26,East_Antarctica,2.929332491,-0.12904825927309105,0.12904825927309105,0.31006724465958424,FALSE,FALSE
1979-08-28,East_Antarctica,2.934098057,-0.13626330307565215,0.13626330307565215,0.31006724465958424,FALSE,FALSE
1979-08-30,East_Antarctica,2.891711143,-0.18876353877923743,0.18876353877923743,0.31006724465958424,FALSE,FALSE
1979-09-01,East_Antarctica,2.873827829,-0.21502713894641,0.21502713894641,0.31006724465958424,FALSE,FALSE
1979-09-03,East_Antarctica,2.849720678,-0.24605279500466537,0.24605279500466537,0.31006724465958424,FALSE,FALSE
1979-09-05,East_Antarctica,2.838163229,-0.26333825921118725,0.26333825921118725,0.31006724465958424,FALSE,FALSE
1979-09-07,East_Antarctica,2.808555236,-0.2977550688231654,0.2977550688231654,0.31006724465958424,FALSE,FALSE
1979-09-09,East_Antarctica,2.838910315,-0.27156089909778824,0.27156089909778824,0.31006724465958424,FALSE,FALSE
1979-09-11,East_Antarctica,2.844389312,-0.2698610698478201,0.2698610698478201,0.31006724465958424,FALSE,FALSE
1979-09-13,East_Antarctica,2.851419928,-0.26642779213269074,0.26642779213269074,0.31006724465958424,FALSE,FALSE
1979-09-15,East_Antarctica,2.845230871,-0.2761861290719003,0.2761861290719003,0.31006724465958424,FALSE,FALSE
1979-09-17,East_Antarctica,2.790119688,-0.33499136768861515,0.33499136768861515,0.31006724465958424,TRUE,TRUE
1979-09-19,East_Antarctica,2.728262486,-0.4008202350059986,0.4008202350059986,0.31006724465958424,TRUE,TRUE
1979-09-21,East_Antarctica,2.808422881,-0.32506194904721486,0.32506194904721486,0.31006724465958424,TRUE,TRUE
1979-09-23,East_Antarctica,2.775602946,-0.3628611838798368,0.3628611838798368,0.31006724465958424,TRUE,TRUE
1979-09-25,East_Antarctica,2.742499326,-0.4013313172750972,0.4013313172750972,0.31006724465958424,TRUE,TRUE
1979-09-27,East_Antarctica,2.780537767,-0.3683504591251001,0.3683504591251001,0.31006724465958424,TRUE,TRUE
1979-09-29,East_Antarctica,2.823651381,-0.3292476028935529,0.3292476028935529,0.31006724465958424,TRUE,TRUE
1979-10-01,East_Antarctica,2.844398134,-0.31072688804416204,0.31072688804416204,0.31006724465958424,TRUE,TRUE
1979-10-03,East_Antarctica,2.818851399,-0.33597704704063025,0.33597704704063025,0.31006724465958424,TRUE,TRUE
1979-10-05,East_Antarctica,2.759696501,-0.39157488810745855,0.39157488810745855,0.31006724465958424,TRUE,TRUE
1979-10-07,East_Antarctica,2.752479216,-0.3914700341539308,0.3914700341539308,0.31006724465958424,TRUE,TRUE
1979-10-09,East_Antarctica,2.690554112,-0.44260261809335777,0.44260261809335777,0.31006724465958424,TRUE,TRUE
1979-10-11,East_Antarctica,2.658439461,-0.46092013184922154,0.46092013184922154,0.31006724465958424,TRUE,TRUE
1979-10-13,East_Antarctica,2.700429092,-0.40259451034501526,0.40259451034501526,0.31006724465958424,TRUE,TRUE
1979-10-15,East_Antarctica,2.69721004,-0.387404482504218,0.387404482504218,0.31006724465958424,TRUE,TRUE
1979-10-17,East_Antarctica,2.652320491,-0.4122776262503152,0.4122776262503152,0.31006724465958424,TRUE,TRUE
1979-10-19,East_Antarctica,2.624232015,-0.4191248484104517,0.4191248484104517,0.31006724465958424,TRUE,TRUE
1979-10-21,East_Antarctica,2.69247735,-0.3280914595051314,0.3280914595051314,0.31006724465958424,TRUE,TRUE
1979-10-23,East_Antarctica,2.681196281,-0.3143615182398083,0.3143615182398083,0.31006724465958424,TRUE,TRUE
1979-10-25,East_Antarctica,2.652974105,-0.314670888424176,0.314670888424176,0.31006724465958424,TRUE,TRUE
1979-10-27,East_Antarctica,2.629880355,-0.306271197867928,0.306271197867928,0.31006724465958424,FALSE,FALSE
1979-10-29,East_Antarctica,2.687474234,-0.21292440438076232,0.21292440438076232,0.31006724465958424,FALSE,FALSE
1979-10-31,East_Antarctica,2.699887324,-0.1598324974197496,0.1598324974197496,0.31006724465958424,FALSE,FALSE
1979-11-01,East_Antarctica,2.453597299,-0.38381122379150945,0.38381122379150945,0.31006724465958424,TRUE,FALSE
1979-11-02,East_Antarctica,2.723303834,-0.0904824187606934,0.0904824187606934,0.31006724465958424,FALSE,FALSE
1979-11-04,East_Antarctica,2.667178176,-0.09546027258538904,0.09546027258538904,0.31006724465958424,FALSE,FALSE
1979-11-06,East_Antarctica,2.66500468,-0.04133102908192843,0.04133102908192843,0.31006724465958424,FALSE,FALSE
1979-11-08,East_Antarctica,2.673434509,0.02849717456159339,0.02849717456159339,0.31006724465958424,FALSE,FALSE
1979-11-10,East_Antarctica,2.574096997,-0.00440562784291831,0.00440562784291831,0.31006724465958424,FALSE,FALSE
1979-11-12,East_Antarctica,2.582800057,0.07570826895173655,0.07570826895173655,0.31006724465958424,FALSE,FALSE
1979-11-14,East_Antarctica,2.517567946,0.08652117706557094,0.08652117706557094,0.31006724465958424,FALSE,FALSE
1979-11-16,East_Antarctica,2.436112941,0.0847239821156811,0.0847239821156811,0.31006724465958424,FALSE,FALSE
1979-11-18,East_Antarctica,2.324698347,0.05545822832306424,0.05545822832306424,0.31006724465958424,FALSE,FALSE
1979-11-20,East_Antarctica,2.266228226,0.08050621690871562,0.08050621690871562,0.31006724465958424,FALSE,FALSE
1979-11-22,East_Antarctica,2.153868009,0.05191161809363631,0.05191161809363631,0.31006724465958424,FALSE,FALSE
1979-11-24,East_Antarctica,2.049250826,0.03018580109881963,0.03018580109881963,0.31006724465958424,FALSE,FALSE
1979-11-26,East_Antarctica,1.928079328,-0.00998460621076935,0.00998460621076935,0.31006724465958424,FALSE,FALSE
1979-11-28,East_Antarctica,1.837342782,-0.02201702797503291,0.02201702797503291,0.31006724465958424,FALSE,FALSE
1979-11-30,East_Antarctica,1.782717401,-4.241292120241713e-4,4.241292120241713e-4,0.31006724465958424,FALSE,FALSE
1979-12-01,East_Antarctica,1.389763151,-0.35626036994804,0.35626036994804,0.31006724465958424,TRUE,FALSE
1979-12-02,East_Antarctica,1.746784494,0.0371867944694666,0.0371867944694666,0.31006724465958424,FALSE,FALSE
1979-12-04,East_Antarctica,1.721321661,0.08240473846064589,0.08240473846064589,0.31006724465958424,FALSE,FALSE
1979-12-06,East_Antarctica,1.708986251,0.13769844715272272,0.13769844715272272,0.31006724465958424,FALSE,FALSE
1979-12-08,East_Antarctica,1.619514131,0.1126227248569629,0.1126227248569629,0.31006724465958424,FALSE,FALSE
1979-12-10,East_Antarctica,1.480308618,0.03451907817809596,0.03451907817809596,0.31006724465958424,FALSE,FALSE
1979-12-12,East_Antarctica,1.416789896,0.02884107040553774,0.02884107040553774,0.31006724465958424,FALSE,FALSE
1979-12-14,East_Antarctica,1.364943186,0.03160995447227721,0.03160995447227721,0.31006724465958424,FALSE,FALSE
1979-12-16,East_Antarctica,1.238384342,-0.04352238368869776,0.04352238368869776,0.31006724465958424,FALSE,FALSE
1979-12-18,East_Antarctica,1.170602417,-0.06303085914440043,0.06303085914440043,0.31006724465958424,FALSE,FALSE
1979-12-20,East_Antarctica,1.119574183,-0.06890186147833433,0.06890186147833433,0.31006724465958424,FALSE,FALSE
1979-12-22,East_Antarctica,1.094471507,-0.05186065917681182,0.05186065917681182,0.31006724465958424,FALSE,FALSE
1979-12-24,East_Antarctica,1.062985276,-0.04399947761581924,0.04399947761581924,0.31006724465958424,FALSE,FALSE
1979-12-26,East_Antarctica,1.032267,-0.03793860558498574,0.03793860558498574,0.31006724465958424,FALSE,FALSE
1979-12-28,East_Antarctica,1.011983272,-0.02378324887394467,0.02378324887394467,0.31006724465958424,FALSE,FALSE
1979-12-30,East_Antarctica,1.002297537,-0.00114176127232146,0.00114176127232146,0.31006724465958424,FALSE,FALSE
1980-01-01,East_Antarctica,0.998752216,0.02575647943024595,0.02575647943024595,0.31006724465958424,FALSE,FALSE
1980-01-03,East_Antarctica,0.935877139,-0.00833931938607124,0.00833931938607124,0.31006724465958424,FALSE,FALSE
1980-01-05,East_Antarctica,0.95431473,0.03739734833807628,0.03739734833807628,0.31006724465958424,FALSE,FALSE
1980-01-07,East_Antarctica,0.923698083,0.03277483483183319,0.03277483483183319,0.31006724465958424,FALSE,FALSE
1980-01-09,East_Antarctica,0.913157162,0.04709836232434883,0.04709836232434883,0.31006724465958424,FALSE,FALSE
1980-01-11,East_Antarctica,0.910263638,0.0681148600447703,0.0681148600447703,0.31006724465958424,FALSE,FALSE
1980-01-13,East_Antarctica,0.891304601,0.07228667622224294,0.07228667622224294,0.31006724465958424,FALSE,FALSE
1980-01-15,East_Antarctica,0.866997484,0.07049314738867407,0.07049314738867407,0.31006724465958424,FALSE,FALSE
1980-01-17,East_Antarctica,0.831188439,0.05660773478649739,0.05660773478649739,0.31006724465958424,FALSE,FALSE
1980-01-19,East_Antarctica,0.829885281,0.07658762463652213,0.07658762463652213,0.31006724465958424,FALSE,FALSE
1980-01-21,East_Antarctica,0.786825343,0.05411856917644953,0.05411856917644953,0.31006724465958424,FALSE,FALSE
1980-01-23,East_Antarctica,0.762292089,0.0494324516439838,0.0494324516439838,0.31006724465958424,FALSE,FALSE
1980-01-25,East_Antarctica,0.748919616,0.05511178827682661,0.05511178827682661,0.31006724465958424,FALSE,FALSE
1980-01-27,East_Antarctica,0.721713704,0.04611159719855273,0.04611159719855273,0.31006724465958424,FALSE,FALSE
1980-01-29,East_Antarctica,0.68474504,0.0264811891195531,0.0264811891195531,0.31006724465958424,FALSE,FALSE
1980-01-31,East_Antarctica,0.684457816,0.04268019359862751,0.04268019359862751,0.31006724465958424,FALSE,FALSE
1980-02-01,East_Antarctica,0.500772695,-0.1330757716426798,0.1330757716426798,0.31006724465958424,FALSE,FALSE
1980-02-02,East_Antarctica,0.631023215,0.00489755942738345,0.00489755942738345,0.31006724465958424,FALSE,FALSE
1980-02-04,East_Antarctica,0.621854637,0.0105644523974282,0.0105644523974282,0.31006724465958424,FALSE,FALSE
1980-02-06,East_Antarctica,0.580719745,-0.01653369869963317,0.01653369869963317,0.31006724465958424,FALSE,FALSE
1980-02-08,East_Antarctica,0.534660427,-0.04933737931916016,0.04933737931916016,0.31006724465958424,FALSE,FALSE
1980-02-10,East_Antarctica,0.532824861,-0.03879171684545224,0.03879171684545224,0.31006724465958424,FALSE,FALSE
1980-02-12,East_Antarctica,0.513749679,-0.0467637166254139,0.0467637166254139,0.31006724465958424,FALSE,FALSE
1980-02-14,East_Antarctica,0.50116849,-0.04997725904528938,0.04997725904528938,0.31006724465958424,FALSE,FALSE
1980-02-16,East_Antarctica,0.495075677,-0.04889545049132282,0.04889545049132282,0.31006724465958424,FALSE,FALSE
1980-02-18,East_Antarctica,0.468518117,-0.07092890334975854,0.07092890334975854,0.31006724465958424,FALSE,FALSE
1980-02-20,East_Antarctica,0.437593974,-0.10043694300683947,0.10043694300683947,0.31006724465958424,FALSE,FALSE
1980-02-22,East_Antarctica,0.447891041,-0.09223967457582671,0.09223967457582671,0.31006724465958424,FALSE,FALSE
1980-02-24,East_Antarctica,0.423589,-0.12222960808510974,0.12222960808510974,0.31006724465958424,FALSE,FALSE
1980-02-26,East_Antarctica,0.420097522,-0.13493006174501648,0.13493006174501648,0.31006724465958424,FALSE,FALSE
1980-02-28,East_Antarctica,0.398857846,-0.16883233734941666,0.16883233734941666,0.31006724465958424,FALSE,FALSE
1980-03-01,East_Antarctica,0.381390754,-0.20234819369217785,0.20234819369217785,0.31006724465958424,FALSE,FALSE
1980-03-03,East_Antarctica,0.40401609,-0.1990903275671691,0.1990903275671691,0.31006724465958424,FALSE,FALSE
1980-03-05,East_Antarctica,0.430953148,-0.194756558616696,0.194756558616696,0.31006724465958424,FALSE,FALSE
1980-03-07,East_Antarctica,0.433941117,-0.21722145467992765,0.21722145467992765,0.31006724465958424,FALSE,FALSE
1980-03-09,East_Antarctica,0.475213121,-0.20358839744778523,0.20358839744778523,0.31006724465958424,FALSE,FALSE
1980-03-11,East_Antarctica,0.493195993,-0.21475686684745748,0.21475686684745748,0.31006724465958424,FALSE,FALSE
1980-03-13,East_Antarctica,0.500110423,-0.23783248580613855,0.23783248580613855,0.31006724465958424,FALSE,FALSE
1980-03-15,East_Antarctica,0.50362552,-0.26447245825101917,0.26447245825101917,0.31006724465958424,FALSE,FALSE
1980-03-17,East_Antarctica,0.520449949,-0.2772968826089277,0.2772968826089277,0.31006724465958424,FALSE,FALSE
1980-03-19,East_Antarctica,0.509947231,-0.3165945244136643,0.3165945244136643,0.31006724465958424,TRUE,TRUE
1980-03-21,East_Antarctica,0.511209532,-0.3435689139572149,0.3435689139572149,0.31006724465958424,TRUE,TRUE
1980-03-23,East_Antarctica,0.488128333,-0.39470033918511194,0.39470033918511194,0.31006724465958424,TRUE,TRUE
1980-03-25,East_Antarctica,0.501540292,-0.409523911042886,0.409523911042886,0.31006724465958424,TRUE,TRUE
1980-03-27,East_Antarctica,0.518081998,-0.42177480947606794,0.42177480947606794,0.31006724465958424,TRUE,TRUE
1980-03-29,East_Antarctica,0.560843057,-0.4087351974301895,0.4087351974301895,0.31006724465958424,TRUE,TRUE
1980-03-31,East_Antarctica,0.602379064,-0.3981386162161231,0.3981386162161231,0.31006724465958424,TRUE,TRUE
1980-04-01,East_Antarctica,0.90687307,-0.10954780384112071,0.10954780384112071,0.31006724465958424,FALSE,FALSE
1980-04-02,East_Antarctica,0.603471004,-0.42910711128576207,0.42910711128576207,0.31006724465958424,TRUE,TRUE
1980-04-04,East_Antarctica,0.61173434,-0.45381557021888985,0.45381557021888985,0.31006724465958424,TRUE,TRUE
1980-04-06,East_Antarctica,0.6974638,-0.4017596021853338,0.4017596021853338,0.31006724465958424,TRUE,TRUE
1980-04-08,East_Antarctica,0.709802776,-0.42358615235491903,0.42358615235491903,0.31006724465958424,TRUE,TRUE
1980-04-10,East_Antarctica,0.717177088,-0.4506597378974745,0.4506597378974745,0.31006724465958424,TRUE,TRUE
1980-04-12,East_Antarctica,0.751738403,-0.4506312612896415,0.4506312612896415,0.31006724465958424,TRUE,TRUE
1980-04-14,East_Antarctica,0.742612176,-0.494326137008853,0.494326137008853,0.31006724465958424,TRUE,TRUE
1980-04-16,East_Antarctica,0.769462615,-0.5021296821646554,0.5021296821646554,0.31006724465958424,TRUE,TRUE
1980-04-18,East_Antarctica,0.839295805,-0.467087120261669,0.467087120261669,0.31006724465958424,TRUE,TRUE
1980-04-20,East_Antarctica,0.887774124,-0.4535873818045136,0.4535873818045136,0.31006724465958424,TRUE,TRUE
1980-04-22,East_Antarctica,0.932797746,-0.4437816012978114,0.4437816012978114,0.31006724465958424,TRUE,TRUE
1980-04-24,East_Antarctica,0.964129283,-0.4479578690860781,0.4479578690860781,0.31006724465958424,TRUE,TRUE
1980-04-26,East_Antarctica,0.942024362,-0.5058814142795729,0.5058814142795729,0.31006724465958424,TRUE,TRUE
1980-04-28,East_Antarctica,1.02982608,-0.4541871397952073,0.4541871397952073,0.31006724465958424,TRUE,TRUE
1980-04-30,East_Antarctica,1.078082981,-0.4423011861598045,0.4423011861598045,0.31006724465958424,TRUE,TRUE
1980-05-01,East_Antarctica,1.62824418,0.08958363629990251,0.08958363629990251,0.31006724465958424,FALSE,FALSE
1980-05-02,East_Antarctica,1.153316707,-0.403676595900188,0.403676595900188,0.31006724465958424,TRUE,TRUE
1980-05-04,East_Antarctica,1.236951978,-0.35686333354318145,0.35686333354318145,0.31006724465958424,TRUE,TRUE
1980-05-06,East_Antarctica,1.280796897,-0.35002797761909976,0.35002797761909976,0.31006724465958424,TRUE,TRUE
1980-05-08,East_Antarctica,1.293893034,-0.37409249302801495,0.37409249302801495,0.31006724465958424,TRUE,TRUE
1980-05-10,East_Antarctica,1.327050673,-0.3781738414759921,0.3781738414759921,0.31006724465958424,TRUE,TRUE
1980-05-12,East_Antarctica,1.365611226,-0.3768504841390003,0.3768504841390003,0.31006724465958424,TRUE,TRUE
1980-05-14,East_Antarctica,1.427640355,-0.3519766321930067,0.3519766321930067,0.31006724465958424,TRUE,TRUE
1980-05-16,East_Antarctica,1.470312272,-0.34629794681398174,0.34629794681398174,0.31006724465958424,TRUE,TRUE
1980-05-18,East_Antarctica,1.523763478,-0.3295978001778972,0.3295978001778972,0.31006724465958424,TRUE,TRUE
1980-05-20,East_Antarctica,1.60988591,-0.2798945714095642,0.2798945714095642,0.31006724465958424,FALSE,FALSE
1980-05-22,East_Antarctica,1.65567368,-0.2700280892956526,0.2700280892956526,0.31006724465958424,FALSE,FALSE
1980-05-24,East_Antarctica,1.732161617,-0.22876085013455127,0.22876085013455127,0.31006724465958424,FALSE,FALSE
1980-05-26,East_Antarctica,1.771437033,-0.22380263680663415,0.22380263680663415,0.31006724465958424,FALSE,FALSE
1980-05-28,East_Antarctica,1.806781583,-0.22166888919227937,0.22166888919227937,0.31006724465958424,FALSE,FALSE
1980-05-30,East_Antarctica,1.871265739,-0.18908623017186033,0.18908623017186033,0.31006724465958424,FALSE,FALSE
1980-06-01,East_Antarctica,1.861883487,-0.2288702037126145,0.2288702037126145,0.31006724465958424,FALSE,FALSE
1980-06-03,East_Antarctica,1.85554027,-0.26423546126341035,0.26423546126341035,0.31006724465958424,FALSE,FALSE
1980-06-05,East_Antarctica,1.858163732,-0.2896993063221176,0.2896993063221176,0.31006724465958424,FALSE,FALSE
1980-06-07,East_Antarctica,1.885099342,-0.2903765119996369,0.2903765119996369,0.31006724465958424,FALSE,FALSE
1980-06-09,East_Antarctica,1.936594613,-0.26647980740686883,0.26647980740686883,0.31006724465958424,FALSE,FALSE
1980-06-11,East_Antarctica,2.057020903,-0.17409807665471444,0.17409807665471444,0.31006724465958424,FALSE,FALSE
1980-06-13,East_Antarctica,2.133220359,-0.12684828259023417,0.12684828259023417,0.31006724465958424,FALSE,FALSE
1980-06-15,East_Antarctica,2.171377696,-0.11872989091779074,0.11872989091779074,0.31006724465958424,FALSE,FALSE
1980-06-17,East_Antarctica,2.170689599,-0.15009890461998543,0.15009890461998543,0.31006724465958424,FALSE,FALSE
1980-06-19,East_Antarctica,2.202397519,-0.14917823984651024,0.14917823984651024,0.31006724465958424,FALSE,FALSE
1980-06-21,East_Antarctica,2.273866649,-0.10806707074705546,0.10806707074705546,0.31006724465958424,FALSE,FALSE
1980-06-23,East_Antarctica,2.361707403,-0.04961935047131494,0.04961935047131494,0.31006724465958424,FALSE,FALSE
1980-06-25,East_Antarctica,2.382047538,-0.05717168916898263,0.05717168916898263,0.31006724465958424,FALSE,FALSE
1980-06-27,East_Antarctica,2.360249687,-0.1049358361146413,0.1049358361146413,0.31006724465958424,FALSE,FALSE
1980-06-29,East_Antarctica,2.355921715,-0.13347965491101554,0.13347965491101554,0.31006724465958424,FALSE,FALSE
1980-07-01,East_Antarctica,2.366016192,-0.14623073599849912,0.14623073599849912,0.31006724465958424,FALSE,FALSE
1980-07-03,East_Antarctica,2.350024391,-0.18407813582115207,0.18407813582115207,0.31006724465958424,FALSE,FALSE
1980-07-05,East_Antarctica,2.349981262,-0.2053672338230319,0.2053672338230319,0.31006724465958424,FALSE,FALSE
1980-07-07,East_Antarctica,2.434453508,-0.14191165644819614,0.14191165644819614,0.31006724465958424,FALSE,FALSE
1980-07-09,East_Antarctica,2.499751554,-0.09776990574252632,0.09776990574252632,0.31006724465958424,FALSE,FALSE
1980-07-11,East_Antarctica,2.532293651,-0.08672435250396626,0.08672435250396626,0.31006724465958424,FALSE,FALSE
1980-07-13,East_Antarctica,2.546681572,-0.094245454393993,0.094245454393993,0.31006724465958424,FALSE,FALSE
1980-07-15,East_Antarctica,2.520240627,-0.14307689631946774,0.14307689631946774,0.31006724465958424,FALSE,FALSE
1980-07-17,East_Antarctica,2.51415738,-0.17210110918726065,0.17210110918726065,0.31006724465958424,FALSE,FALSE
1980-07-19,East_Antarctica,2.491257777,-0.2185611419042366,0.2185611419042366,0.31006724465958424,FALSE,FALSE
1980-07-21,East_Antarctica,2.508329431,-0.22573581978602597,0.22573581978602597,0.31006724465958424,FALSE,FALSE
1980-07-23,East_Antarctica,2.565249953,-0.19363176129469695,0.19363176129469695,0.31006724465958424,FALSE,FALSE
1980-07-25,East_Antarctica,2.593236246,-0.1906159232314648,0.1906159232314648,0.31006724465958424,FALSE,FALSE
1980-07-27,East_Antarctica,2.607756829,-0.2007755905266535,0.2007755905266535,0.31006724465958424,FALSE,FALSE
1980-07-29,East_Antarctica,2.562439974,-0.270038295110576,0.270038295110576,0.31006724465958424,FALSE,FALSE
1980-07-31,East_Antarctica,2.550071404,-0.3051741179135532,0.3051741179135532,0.31006724465958424,FALSE,FALSE
1980-08-01,East_Antarctica,3.056091279,0.1900429157495855,0.1900429157495855,0.31006724465958424,FALSE,FALSE
1980-08-02,East_Antarctica,2.570391572,-0.3059984105990683,0.3059984105990683,0.31006724465958424,FALSE,FALSE
1980-08-04,East_Antarctica,2.751960148,-0.14365788091906184,0.14365788091906184,0.31006724465958424,FALSE,FALSE
1980-08-06,East_Antarctica,2.785630432,-0.1275775482835706,0.1275775482835706,0.31006724465958424,FALSE,FALSE
1980-08-08,East_Antarctica,2.811919453,-0.11765447952123775,0.11765447952123775,0.31006724465958424,FALSE,FALSE
1980-08-10,East_Antarctica,2.82253734,-0.12259264146070904,0.12259264146070904,0.31006724465958424,FALSE,FALSE
1980-08-12,East_Antarctica,2.918878475,-0.04141174793062863,0.04141174793062863,0.31006724465958424,FALSE,FALSE
1980-08-14,East_Antarctica,2.968751881,-0.00671687175963775,0.00671687175963775,0.31006724465958424,FALSE,FALSE
1980-08-16,East_Antarctica,3.013658554,0.02263055983431305,0.02263055983431305,0.31006724465958424,FALSE,FALSE
1980-08-18,East_Antarctica,3.058006653,0.05116704131448513,0.05116704131448513,0.31006724465958424,FALSE,FALSE
1980-08-20,East_Antarctica,3.072673525,0.05016945126151029,0.05016945126151029,0.31006724465958424,FALSE,FALSE
1980-08-22,East_Antarctica,3.054438471,0.01681947900763214,0.01681947900763214,0.31006724465958424,FALSE,FALSE
1980-08-24,East_Antarctica,3.137562361,0.08578038288509715,0.08578038288509715,0.31006724465958424,FALSE,FALSE
1980-08-26,East_Antarctica,3.185637814,0.12104717022614864,0.12104717022614864,0.31006724465958424,FALSE,FALSE
1980-08-28,East_Antarctica,3.096010202,0.0203586097380648,0.0203586097380648,0.31006724465958424,FALSE,FALSE
1980-08-30,East_Antarctica,3.112165736,0.0273012327949873,0.0273012327949873,0.31006724465958424,FALSE,FALSE
1980-09-01,East_Antarctica,3.108231894,0.01575190658942293,0.01575190658942293,0.31006724465958424,FALSE,FALSE
1980-09-03,East_Antarctica,3.120661981,0.02189264486418141,0.02189264486418141,0.31006724465958424,FALSE,FALSE
1980-09-05,East_Antarctica,3.109393065,0.00538922436207922,0.00538922436207922,0.31006724465958424,FALSE,FALSE
1980-09-07,East_Antarctica,3.013314375,-0.09514041717407418,0.09514041717407418,0.31006724465958424,FALSE,FALSE
1980-09-09,East_Antarctica,3.037616802,-0.07477662819352471,0.07477662819352471,0.31006724465958424,FALSE,FALSE
1980-09-11,East_Antarctica,3.099149736,-0.01691237440991022,0.01691237440991022,0.31006724465958424,FALSE,FALSE
1980-09-13,East_Antarctica,3.153820616,0.03419430073094576,0.03419430073094576,0.31006724465958424,FALSE,FALSE
1980-09-15,East_Antarctica,3.114463154,-0.00877572479412158,0.00877572479412158,0.31006724465958424,FALSE,FALSE
1980-09-17,East_Antarctica,2.996209415,-0.13084322000827564,0.13084322000827564,0.31006724465958424,FALSE,FALSE
1980-09-19,East_Antarctica,2.876051911,-0.2551685069346794,0.2551685069346794,0.31006724465958424,FALSE,FALSE
1980-09-21,East_Antarctica,2.950849296,-0.18504576559649968,0.18504576559649968,0.31006724465958424,FALSE,FALSE
1980-09-23,East_Antarctica,3.129892181,-0.01124770348710502,0.01124770348710502,0.31006724465958424,FALSE,FALSE
1980-09-25,East_Antarctica,3.188906307,0.04246213757322659,0.04246213757322659,0.31006724465958424,FALSE,FALSE
1980-09-27,East_Antarctica,3.188780763,0.03771018644696156,0.03771018644696156,0.31006724465958424,FALSE,FALSE
1980-09-29,East_Antarctica,3.234564838,0.0802836266703939,0.0802836266703939,0.31006724465958424,FALSE,FALSE
1980-10-01,East_Antarctica,3.279323813,0.1239856337798173,0.1239856337798173,0.31006724465958424,FALSE,FALSE
1980-10-03,East_Antarctica,3.32453631,0.17103272431152705,0.17103272431152705,0.31006724465958424,FALSE,FALSE
1980-10-05,East_Antarctica,3.331058576,0.1829853484857069,0.1829853484857069,0.31006724465958424,FALSE,FALSE
1980-10-07,East_Antarctica,3.28711234,0.14815466248319398,0.14815466248319398,0.31006724465958424,FALSE,FALSE
1980-10-09,East_Antarctica,3.2502226849999998,0.12361805662598212,0.12361805662598212,0.31006724465958424,FALSE,FALSE
1980-10-11,East_Antarctica,3.280468257,0.16898841299058986,0.16898841299058986,0.31006724465958424,FALSE,FALSE
1980-10-13,East_Antarctica,3.242938487,0.14888939865352802,0.14888939865352802,0.31006724465958424,FALSE,FALSE
1980-10-15,East_Antarctica,3.227880741,0.15310261569131534,0.15310261569131534,0.31006724465958424,FALSE,FALSE
1980-10-17,East_Antarctica,3.097356946,0.04322752702491872,0.04322752702491872,0.31006724465958424,FALSE,FALSE
1980-10-19,East_Antarctica,3.053489173,0.02129089444660126,0.02129089444660126,0.31006724465958424,FALSE,FALSE
1980-10-21,East_Antarctica,3.034749111,0.02636550963313411,0.02636550963313411,0.31006724465958424,FALSE,FALSE
1980-10-23,East_Antarctica,3.030806927,0.04880037877482524,0.04880037877482524,0.31006724465958424,FALSE,FALSE
1980-10-25,East_Antarctica,3.020591528,0.06820324806197764,0.06820324806197764,0.31006724465958424,FALSE,FALSE
1980-10-27,East_Antarctica,3.027581275,0.10873131768489586,0.10873131768489586,0.31006724465958424,FALSE,FALSE
1980-10-29,East_Antarctica,2.987257463,0.10654472183388508,0.10654472183388508,0.31006724465958424,FALSE,FALSE
1980-10-31,East_Antarctica,2.949372729,0.11196420620849024,0.11196420620849024,0.31006724465958424,FALSE,FALSE
1980-11-01,East_Antarctica,2.496611134,-0.3171751187606935,0.3171751187606935,0.31006724465958424,TRUE,FALSE
1980-11-02,East_Antarctica,2.906500633,0.11764020914918304,0.11764020914918304,0.31006724465958424,FALSE,FALSE
1980-11-04,East_Antarctica,2.801892761,0.06676502151207897,0.06676502151207897,0.31006724465958424,FALSE,FALSE
1980-11-06,East_Antarctica,2.700747902,0.02447813210908123,0.02447813210908123,0.31006724465958424,FALSE,FALSE
1980-11-08,East_Antarctica,2.624276274,0.01193045875209719,0.01193045875209719,0.31006724465958424,FALSE,FALSE
1980-11-10,East_Antarctica,2.538769276,-0.00464589974696627,0.00464589974696627,0.31006724465958424,FALSE,FALSE
1980-11-12,East_Antarctica,2.493344268,0.02375328059293258,0.02375328059293258,0.31006724465958424,FALSE,FALSE
1980-11-14,East_Antarctica,2.430204799,0.03860544627227957,0.03860544627227957,0.31006724465958424,FALSE,FALSE
1980-11-16,East_Antarctica,2.384576525,0.074020717498402,0.074020717498402,0.31006724465958424,FALSE,FALSE
1980-11-18,East_Antarctica,2.363811528,0.13622941549229317,0.13622941549229317,0.31006724465958424,FALSE,FALSE
1980-11-20,East_Antarctica,2.236695588,0.0928955594749552,0.0928955594749552,0.31006724465958424,FALSE,FALSE
1980-11-22,East_Antarctica,2.129060521,0.06872920466738197,0.06872920466738197,0.31006724465958424,FALSE,FALSE
1980-11-24,East_Antarctica,2.003153493,0.02486424393433783,0.02486424393433783,0.31006724465958424,FALSE,FALSE
1980-11-26,East_Antarctica,1.870049691,-0.02836323832186038,0.02836323832186038,0.31006724465958424,FALSE,FALSE
1980-11-28,East_Antarctica,1.729894146,-0.09103400574638898,0.09103400574638898,0.31006724465958424,FALSE,FALSE
1980-11-30,East_Antarctica,1.644009207,-0.10201431394803984,0.10201431394803984,0.31006724465958424,FALSE,FALSE
1980-12-01,East_Antarctica,1.37290939,-0.3366883095305333,0.3366883095305333,0.31006724465958424,TRUE,FALSE
1980-12-02,East_Antarctica,1.616025621,-0.05786202053560529,0.05786202053560529,0.31006724465958424,FALSE,FALSE
1980-12-04,East_Antarctica,1.569592767,-0.03511635111787781,0.03511635111787781,0.31006724465958424,FALSE,FALSE
1980-12-06,East_Antarctica,1.557459467,0.01878293568220357,0.01878293568220357,0.31006724465958424,FALSE,FALSE
1980-12-08,East_Antarctica,1.508796978,0.032866401025051,0.032866401025051,0.31006724465958424,FALSE,FALSE
1980-12-10,East_Antarctica,1.48805539,0.07159159930771697,0.07159159930771697,0.31006724465958424,FALSE,FALSE
1980-12-12,East_Antarctica,1.431011136,0.07077099546318344,0.07077099546318344,0.31006724465958424,FALSE,FALSE
1980-12-14,East_Antarctica,1.368138245,0.06091465042444222,0.06091465042444222,0.31006724465958424,FALSE,FALSE
1980-12-16,East_Antarctica,1.349761394,0.09238327312448068,0.09238327312448068,0.31006724465958424,FALSE,FALSE
1980-12-18,East_Antarctica,1.282050412,0.07138272449628502,0.07138272449628502,0.31006724465958424,FALSE,FALSE
1980-12-20,East_Antarctica,1.217890059,0.05084977446564132,0.05084977446564132,0.31006724465958424,FALSE,FALSE
1980-12-22,East_Antarctica,1.17424556,0.04792239574560209,0.04792239574560209,0.31006724465958424,FALSE,FALSE
1980-12-24,East_Antarctica,1.14792361,0.05963520089021945,0.05963520089021945,0.31006724465958424,FALSE,FALSE
1980-12-26,East_Antarctica,1.136010269,0.08330245110986056,0.08330245110986056,0.31006724465958424,FALSE,FALSE
1980-12-28,East_Antarctica,1.150747064,0.13139387461489638,0.13139387461489638,0.31006724465958424,FALSE,FALSE
1980-12-30,East_Antarctica,1.124355035,0.13635871261569543,0.13635871261569543,0.31006724465958424,FALSE,FALSE
1981-01-01,East_Antarctica,1.100798862,0.12780312543024597,0.12780312543024597,0.31006724465958424,FALSE,FALSE
1981-01-03,East_Antarctica,1.082253359,0.1380369006139288,0.1380369006139288,0.31006724465958424,FALSE,FALSE
1981-01-05,East_Antarctica,1.040732451,0.12381506933807628,0.12381506933807628,0.31006724465958424,FALSE,FALSE
1981-01-07,East_Antarctica,1.011172595,0.12024934683183308,0.12024934683183308,0.31006724465958424,FALSE,FALSE
1981-01-09,East_Antarctica,0.983298205,0.11723940532434884,0.11723940532434884,0.31006724465958424,FALSE,FALSE
1981-01-11,East_Antarctica,0.943986077,0.10183729904477036,0.10183729904477036,0.31006724465958424,FALSE,FALSE
1981-01-13,East_Antarctica,0.929489666,0.110471741222243,0.110471741222243,0.31006724465958424,FALSE,FALSE
1981-01-15,East_Antarctica,0.888948959,0.09244462238867412,0.09244462238867412,0.31006724465958424,FALSE,FALSE
1981-01-17,East_Antarctica,0.842835839,0.06825513478649747,0.06825513478649747,0.31006724465958424,FALSE,FALSE
1981-01-19,East_Antarctica,0.860208107,0.10691045063652216,0.10691045063652216,0.31006724465958424,FALSE,FALSE
1981-01-21,East_Antarctica,0.851534179,0.11882740517644952,0.11882740517644952,0.31006724465958424,FALSE,FALSE
1981-01-23,East_Antarctica,0.828046139,0.1151865016439838,0.1151865016439838,0.31006724465958424,FALSE,FALSE
1981-01-25,East_Antarctica,0.841911799,0.14810397127682662,0.14810397127682662,0.31006724465958424,FALSE,FALSE
1981-01-27,East_Antarctica,0.802279503,0.12667739619855267,0.12667739619855267,0.31006724465958424,FALSE,FALSE
1981-01-29,East_Antarctica,0.789030521,0.13076667011955312,0.13076667011955312,0.31006724465958424,FALSE,FALSE
1981-01-31,East_Antarctica,0.773306246,0.1315286235986275,0.1315286235986275,0.31006724465958424,FALSE,FALSE
1981-02-01,East_Antarctica,0.726851905,0.09300343835732015,0.09300343835732015,0.31006724465958424,FALSE,FALSE
1981-02-02,East_Antarctica,0.758886378,0.13276072242738346,0.13276072242738346,0.31006724465958424,FALSE,FALSE
1981-02-04,East_Antarctica,0.768027665,0.1567374803974282,0.1567374803974282,0.31006724465958424,FALSE,FALSE
1981-02-06,East_Antarctica,0.760445823,0.1631923793003668,0.1631923793003668,0.31006724465958424,FALSE,FALSE
1981-02-08,East_Antarctica,0.749609173,0.16561136668083976,0.16561136668083976,0.31006724465958424,FALSE,FALSE
1981-02-10,East_Antarctica,0.734348919,0.1627323411545477,0.1627323411545477,0.31006724465958424,FALSE,FALSE
1981-02-12,East_Antarctica,0.723557806,0.16304441037458606,0.16304441037458606,0.31006724465958424,FALSE,FALSE
1981-02-14,East_Antarctica,0.716294646,0.1651488969547107,0.1651488969547107,0.31006724465958424,FALSE,FALSE
1981-02-16,East_Antarctica,0.719249043,0.17527791550867722,0.17527791550867722,0.31006724465958424,FALSE,FALSE
1981-02-18,East_Antarctica,0.722393528,0.18294650765024145,0.18294650765024145,0.31006724465958424,FALSE,FALSE
1981-02-20,East_Antarctica,0.690854227,0.15282330999316052,0.15282330999316052,0.31006724465958424,FALSE,FALSE
1981-02-22,East_Antarctica,0.691904646,0.1517739304241733,0.1517739304241733,0.31006724465958424,FALSE,FALSE
1981-02-24,East_Antarctica,0.718713909,0.17289530091489025,0.17289530091489025,0.31006724465958424,FALSE,FALSE
1981-02-26,East_Antarctica,0.72610157,0.1710739862549835,0.1710739862549835,0.31006724465958424,FALSE,FALSE
1981-02-28,East_Antarctica,0.709691805,0.14200162165058328,0.14200162165058328,0.31006724465958424,FALSE,FALSE
1981-03-01,East_Antarctica,0.820462542,0.2451670308711149,0.2451670308711149,0.31006724465958424,FALSE,FALSE
1981-03-02,East_Antarctica,0.683900099,0.10016115130782222,0.10016115130782222,0.31006724465958424,FALSE,FALSE
1981-03-04,East_Antarctica,0.681641935,0.07853551743283094,0.07853551743283094,0.31006724465958424,FALSE,FALSE
1981-03-06,East_Antarctica,0.669547254,0.04383754738330403,0.04383754738330403,0.31006724465958424,FALSE,FALSE
1981-03-08,East_Antarctica,0.704446357,0.05328378532007238,0.05328378532007238,0.31006724465958424,FALSE,FALSE
1981-03-10,East_Antarctica,0.708742336,0.02994081755221478,0.02994081755221478,0.31006724465958424,FALSE,FALSE
1981-03-12,East_Antarctica,0.695148544,-0.01280431584745744,0.01280431584745744,0.31006724465958424,FALSE,FALSE
1981-03-14,East_Antarctica,0.764564277,0.0266213681938614,0.0266213681938614,0.31006724465958424,FALSE,FALSE
1981-03-16,East_Antarctica,0.816623969,0.04852599074898078,0.04852599074898078,0.31006724465958424,FALSE,FALSE
1981-03-18,East_Antarctica,0.801830096,0.00408326439107231,0.00408326439107231,0.31006724465958424,FALSE,FALSE
1981-03-20,East_Antarctica,0.806691852,-0.01984990341366421,0.01984990341366421,0.31006724465958424,FALSE,FALSE
1981-03-22,East_Antarctica,0.829723433,-0.0250550129572149,0.0250550129572149,0.31006724465958424,FALSE,FALSE
1981-03-24,East_Antarctica,0.872458021,-0.01037065118511193,0.01037065118511193,0.31006724465958424,FALSE,FALSE
1981-03-26,East_Antarctica,0.930586031,0.01952182795711399,0.01952182795711399,0.31006724465958424,FALSE,FALSE
1981-03-28,East_Antarctica,0.961417594,0.02156078652393212,0.02156078652393212,0.31006724465958424,FALSE,FALSE
1981-03-30,East_Antarctica,0.972386594,0.00280833956981052,0.00280833956981052,0.31006724465958424,FALSE,FALSE
1981-04-01,East_Antarctica,1.029711216,0.02919353578387684,0.02919353578387684,0.31006724465958424,FALSE,FALSE
1981-04-03,East_Antarctica,1.048906613,0.01632849771423794,0.01632849771423794,0.31006724465958424,FALSE,FALSE
1981-04-05,East_Antarctica,1.042718794,-0.02283111621888989,0.02283111621888989,0.31006724465958424,FALSE,FALSE
1981-04-07,East_Antarctica,1.059039491,-0.04018391118533371,0.04018391118533371,0.31006724465958424,FALSE,FALSE
1981-04-09,East_Antarctica,1.042680892,-0.09070803635491909,0.09070803635491909,0.31006724465958424,FALSE,FALSE
1981-04-11,East_Antarctica,1.08623481,-0.0816020158974744,0.0816020158974744,0.31006724465958424,FALSE,FALSE
1981-04-13,East_Antarctica,1.132522855,-0.0698468092896416,0.0698468092896416,0.31006724465958424,FALSE,FALSE
1981-04-15,East_Antarctica,1.160270029,-0.07666828400885284,0.07666828400885284,0.31006724465958424,FALSE,FALSE
1981-04-17,East_Antarctica,1.181876096,-0.08971620116465528,0.08971620116465528,0.31006724465958424,FALSE,FALSE
1981-04-19,East_Antarctica,1.233431702,-0.07295122326166892,0.07295122326166892,0.31006724465958424,FALSE,FALSE
1981-04-21,East_Antarctica,1.313921869,-0.02743963680451355,0.02743963680451355,0.31006724465958424,FALSE,FALSE
1981-04-23,East_Antarctica,1.36797564,-0.00860370729781134,0.00860370729781134,0.31006724465958424,FALSE,FALSE
1981-04-25,East_Antarctica,1.353531866,-0.05855528608607807,0.05855528608607807,0.31006724465958424,FALSE,FALSE
1981-04-27,East_Antarctica,1.349426448,-0.09847932827957284,0.09847932827957284,0.31006724465958424,FALSE,FALSE
1981-04-29,East_Antarctica,1.378995724,-0.10501749579520749,0.10501749579520749,0.31006724465958424,FALSE,FALSE
1981-05-01,East_Antarctica,1.41789606,-0.10248810715980472,0.10248810715980472,0.31006724465958424,FALSE,FALSE
1981-05-03,East_Antarctica,1.428407277,-0.12858602590018808,0.12858602590018808,0.31006724465958424,FALSE,FALSE
1981-05-05,East_Antarctica,1.477971361,-0.11584395054318142,0.11584395054318142,0.31006724465958424,FALSE,FALSE
1981-05-07,East_Antarctica,1.517949472,-0.1128754026190999,0.1128754026190999,0.31006724465958424,FALSE,FALSE
1981-05-09,East_Antarctica,1.538004075,-0.12998145202801514,0.12998145202801514,0.31006724465958424,FALSE,FALSE
1981-05-11,East_Antarctica,1.592299137,-0.11292537747599218,0.11292537747599218,0.31006724465958424,FALSE,FALSE
1981-05-13,East_Antarctica,1.650821293,-0.0916404171390004,0.0916404171390004,0.31006724465958424,FALSE,FALSE
1981-05-15,East_Antarctica,1.683062748,-0.09655423919300676,0.09655423919300676,0.31006724465958424,FALSE,FALSE
1981-05-17,East_Antarctica,1.727827483,-0.08878273581398166,0.08878273581398166,0.31006724465958424,FALSE,FALSE
1981-05-19,East_Antarctica,1.773918767,-0.07944251117789713,0.07944251117789713,0.31006724465958424,FALSE,FALSE
1981-05-21,East_Antarctica,1.822956056,-0.06682442540956424,0.06682442540956424,0.31006724465958424,FALSE,FALSE
1981-05-23,East_Antarctica,1.873719906,-0.05198186329565257,0.05198186329565257,0.31006724465958424,FALSE,FALSE
1981-05-25,East_Antarctica,1.872758019,-0.08816444813455138,0.08816444813455138,0.31006724465958424,FALSE,FALSE
1981-05-27,East_Antarctica,1.867154396,-0.12808527380663404,0.12808527380663404,0.31006724465958424,FALSE,FALSE
1981-05-29,East_Antarctica,1.933599079,-0.09485139319227942,0.09485139319227942,0.31006724465958424,FALSE,FALSE
1981-05-31,East_Antarctica,1.951715704,-0.10863626517186042,0.10863626517186042,0.31006724465958424,FALSE,FALSE
1981-06-01,East_Antarctica,2.194777753,0.11902943271550548,0.11902943271550548,0.31006724465958424,FALSE,FALSE
1981-06-02,East_Antarctica,2.00125917,-0.08949452071261454,0.08949452071261454,0.31006724465958424,FALSE,FALSE
1981-06-04,East_Antarctica,2.027499143,-0.09227658826341044,0.09227658826341044,0.31006724465958424,FALSE,FALSE
1981-06-06,East_Antarctica,2.034427795,-0.11343524332211752,0.11343524332211752,0.31006724465958424,FALSE,FALSE
1981-06-08,East_Antarctica,2.016022148,-0.15945370599963704,0.15945370599963704,0.31006724465958424,FALSE,FALSE
1981-06-10,East_Antarctica,2.037267926,-0.16580649440686868,0.16580649440686868,0.31006724465958424,FALSE,FALSE
1981-06-12,East_Antarctica,2.07663959,-0.15447938965471453,0.15447938965471453,0.31006724465958424,FALSE,FALSE
1981-06-14,East_Antarctica,2.039721014,-0.2203476275902343,0.2203476275902343,0.31006724465958424,FALSE,FALSE
1981-06-16,East_Antarctica,2.071363462,-0.21874412491779083,0.21874412491779083,0.31006724465958424,FALSE,FALSE
1981-06-18,East_Antarctica,2.152654305,-0.16813419861998558,0.16813419861998558,0.31006724465958424,FALSE,FALSE
1981-06-20,East_Antarctica,2.141664027,-0.20991173184651,0.20991173184651,0.31006724465958424,FALSE,FALSE
1981-06-22,East_Antarctica,2.135773563,-0.2461601567470555,0.2461601567470555,0.31006724465958424,FALSE,FALSE
1981-06-24,East_Antarctica,2.094014904,-0.3173118494713152,0.3173118494713152,0.31006724465958424,TRUE,FALSE
1981-06-26,East_Antarctica,2.147180942,-0.2920382851689829,0.2920382851689829,0.31006724465958424,FALSE,FALSE
1981-06-28,East_Antarctica,2.328458978,-0.13672654511464133,0.13672654511464133,0.31006724465958424,FALSE,FALSE
1981-06-30,East_Antarctica,2.411186149,-0.0782152209110154,0.0782152209110154,0.31006724465958424,FALSE,FALSE
1981-07-01,East_Antarctica,2.866636137,0.3656644725468863,0.3656644725468863,0.31006724465958424,TRUE,FALSE
1981-07-02,East_Antarctica,2.53481521,0.02256828200150096,0.02256828200150096,0.31006724465958424,FALSE,FALSE
1981-07-04,East_Antarctica,2.625182648,0.09108012117884812,0.09108012117884812,0.31006724465958424,FALSE,FALSE
1981-07-06,East_Antarctica,2.621607283,0.06625878717696798,0.06625878717696798,0.31006724465958424,FALSE,FALSE
1981-07-08,East_Antarctica,2.65743098,0.08106581555180403,0.08106581555180403,0.31006724465958424,FALSE,FALSE
1981-07-10,East_Antarctica,2.684126351,0.08660489125747395,0.08660489125747395,0.31006724465958424,FALSE,FALSE
1981-07-12,East_Antarctica,2.723753211,0.10473520749603392,0.10473520749603392,0.31006724465958424,FALSE,FALSE
1981-07-14,East_Antarctica,2.696767162,0.0558401356060072,0.0558401356060072,0.31006724465958424,FALSE,FALSE
1981-07-16,East_Antarctica,2.703021356,0.0397038326805319,0.0397038326805319,0.31006724465958424,FALSE,FALSE
1981-07-18,East_Antarctica,2.741654713,0.05539622381273945,0.05539622381273945,0.31006724465958424,FALSE,FALSE
1981-07-20,East_Antarctica,2.803667532,0.09384861309576342,0.09384861309576342,0.31006724465958424,FALSE,FALSE
1981-07-22,East_Antarctica,2.82295017,0.08888491921397401,0.08888491921397401,0.31006724465958424,FALSE,FALSE
1981-07-24,East_Antarctica,2.826120417,0.06723870270530297,0.06723870270530297,0.31006724465958424,FALSE,FALSE
1981-07-26,East_Antarctica,2.813661253,0.02980908376853497,0.02980908376853497,0.31006724465958424,FALSE,FALSE
1981-07-28,East_Antarctica,2.820916603,0.01238418347334668,0.01238418347334668,0.31006724465958424,FALSE,FALSE
1981-07-30,East_Antarctica,2.871745257,0.03926698788942406,0.03926698788942406,0.31006724465958424,FALSE,FALSE
1981-08-01,East_Antarctica,2.875556966,0.02031144408644669,0.02031144408644669,0.31006724465958424,FALSE,FALSE
1981-08-03,East_Antarctica,2.827676283,-0.04871369959906824,0.04871369959906824,0.31006724465958424,FALSE,FALSE
1981-08-05,East_Antarctica,2.861402793,-0.03421523591906217,0.03421523591906217,0.31006724465958424,FALSE,FALSE
1981-08-07,East_Antarctica,2.923895922,0.01068794171642917,0.01068794171642917,0.31006724465958424,FALSE,FALSE
1981-08-09,East_Antarctica,2.889360448,-0.04021348452123741,0.04021348452123741,0.31006724465958424,FALSE,FALSE
1981-08-11,East_Antarctica,2.8868814,-0.05824858146070877,0.05824858146070877,0.31006724465958424,FALSE,FALSE
1981-08-13,East_Antarctica,2.879946759,-0.08034346393062863,0.08034346393062863,0.31006724465958424,FALSE,FALSE
1981-08-15,East_Antarctica,3.012735918,0.03726716524036222,0.03726716524036222,0.31006724465958424,FALSE,FALSE
1981-08-17,East_Antarctica,3.099655574,0.10862757983431282,0.10862757983431282,0.31006724465958424,FALSE,FALSE
1981-08-19,East_Antarctica,3.106548541,0.09970892931448504,0.09970892931448504,0.31006724465958424,FALSE,FALSE
1981-08-21,East_Antarctica,3.047833248,0.02532917426151026,0.02532917426151026,0.31006724465958424,FALSE,FALSE
1981-08-23,East_Antarctica,3.028261811,-0.00935718099236782,0.00935718099236782,0.31006724465958424,FALSE,FALSE
1981-08-25,East_Antarctica,3.028773403,-0.02300857511490273,0.02300857511490273,0.31006724465958424,FALSE,FALSE
1981-08-27,East_Antarctica,3.008850252,-0.0557403917738517,0.0557403917738517,0.31006724465958424,FALSE,FALSE
1981-08-29,East_Antarctica,2.94031574,-0.13533585226193523,0.13533585226193523,0.31006724465958424,FALSE,FALSE
1981-08-31,East_Antarctica,2.938626997,-0.14623750620501277,0.14623750620501277,0.31006724465958424,FALSE,FALSE
1981-09-01,East_Antarctica,3.357593231,0.26873826305358994,0.26873826305358994,0.31006724465958424,FALSE,FALSE
1981-09-02,East_Antarctica,3.014127594,-0.0783523934105772,0.0783523934105772,0.31006724465958424,FALSE,FALSE
1981-09-04,East_Antarctica,3.16391494,0.06514560386418156,0.06514560386418156,0.31006724465958424,FALSE,FALSE
1981-09-06,East_Antarctica,3.279757634,0.1757537933620794,0.1757537933620794,0.31006724465958424,FALSE,FALSE
1981-09-08,East_Antarctica,3.391397003,0.2829422108259254,0.2829422108259254,0.31006724465958424,FALSE,FALSE
1981-09-10,East_Antarctica,3.30614725,0.1937538198064752,0.1937538198064752,0.31006724465958424,FALSE,FALSE
1981-09-12,East_Antarctica,3.313174183,0.19711207259008967,0.19711207259008967,0.31006724465958424,FALSE,FALSE
1981-09-14,East_Antarctica,3.3631529,0.24352658473094557,0.24352658473094557,0.31006724465958424,FALSE,FALSE
1981-09-16,East_Antarctica,3.408786656,0.28554777720587854,0.28554777720587854,0.31006724465958424,FALSE,FALSE
1981-09-18,East_Antarctica,3.39628846,0.2692358249917244,0.2692358249917244,0.31006724465958424,FALSE,FALSE
1981-09-20,East_Antarctica,3.385616071,0.25439565306532064,0.25439565306532064,0.31006724465958424,FALSE,FALSE
1981-09-22,East_Antarctica,3.269532903,0.13363784140350043,0.13363784140350043,0.31006724465958424,FALSE,FALSE
1981-09-24,East_Antarctica,3.256080001,0.11494011651289472,0.11494011651289472,0.31006724465958424,FALSE,FALSE
1981-09-26,East_Antarctica,3.218630041,0.07218587157322665,0.07218587157322665,0.31006724465958424,FALSE,FALSE
1981-09-28,East_Antarctica,3.227062104,0.07599152744696136,0.07599152744696136,0.31006724465958424,FALSE,FALSE
1981-09-30,East_Antarctica,3.300539757,0.1462585456703942,0.1462585456703942,0.31006724465958424,FALSE,FALSE
1981-10-01,East_Antarctica,3.447122207,0.29199718495583804,0.29199718495583804,0.31006724465958424,FALSE,FALSE
1981-10-02,East_Antarctica,3.332296955,0.17695877577981722,0.17695877577981722,0.31006724465958424,FALSE,FALSE
1981-10-04,East_Antarctica,3.408957608,0.25545402231152714,0.25545402231152714,0.31006724465958424,FALSE,FALSE
1981-10-06,East_Antarctica,3.502759351,0.3546861234857066,0.3546861234857066,0.31006724465958424,TRUE,TRUE
1981-10-08,East_Antarctica,3.56574075,0.4267830724831936,0.4267830724831936,0.31006724465958424,TRUE,TRUE
1981-10-10,East_Antarctica,3.544787336,0.4181827076259826,0.4181827076259826,0.31006724465958424,TRUE,TRUE
1981-10-12,East_Antarctica,3.605887951,0.4944081069905901,0.4944081069905901,0.31006724465958424,TRUE,TRUE
1981-10-14,East_Antarctica,3.561533114,0.467484025653528,0.467484025653528,0.31006724465958424,TRUE,TRUE
1981-10-16,East_Antarctica,3.5215681660000002,0.44679004069131567,0.44679004069131567,0.31006724465958424,TRUE,TRUE
1981-10-18,East_Antarctica,3.487857318,0.4337278990249187,0.4337278990249187,0.31006724465958424,TRUE,TRUE
1981-10-20,East_Antarctica,3.305760363,0.27356208444660135,0.27356208444660135,0.31006724465958424,FALSE,FALSE
1981-10-22,East_Antarctica,3.151109254,0.1427256526331342,0.1427256526331342,0.31006724465958424,FALSE,FALSE
1981-10-24,East_Antarctica,3.119767922,0.1377613737748251,0.1377613737748251,0.31006724465958424,FALSE,FALSE
1981-10-26,East_Antarctica,3.094049892,0.14166161206197758,0.14166161206197758,0.31006724465958424,FALSE,FALSE
1981-10-28,East_Antarctica,3.043332794,0.12448283668489556,0.12448283668489556,0.31006724465958424,FALSE,FALSE
1981-10-30,East_Antarctica,2.967974738,0.08726199683388502,0.08726199683388502,0.31006724465958424,FALSE,FALSE
1981-11-01,East_Antarctica,2.962191682,0.12478315920849026,0.12478315920849026,0.31006724465958424,FALSE,FALSE
1981-11-03,East_Antarctica,2.919637639,0.13077721514918306,0.13077721514918306,0.31006724465958424,FALSE,FALSE
1981-11-05,East_Antarctica,2.841267947,0.10614020751207898,0.10614020751207898,0.31006724465958424,FALSE,FALSE
1981-11-07,East_Antarctica,2.842276544,0.1660067741090816,0.1660067741090816,0.31006724465958424,FALSE,FALSE
1981-11-09,East_Antarctica,2.793667997,0.18132218175209713,0.18132218175209713,0.31006724465958424,FALSE,FALSE
1981-11-11,East_Antarctica,2.715902427,0.17248725125303377,0.17248725125303377,0.31006724465958424,FALSE,FALSE
1981-11-13,East_Antarctica,2.674647623,0.2050566355929324,0.2050566355929324,0.31006724465958424,FALSE,FALSE
1981-11-15,East_Antarctica,2.638440562,0.24684120927227937,0.24684120927227937,0.31006724465958424,FALSE,FALSE
1981-11-17,East_Antarctica,2.603065031,0.2925092234984019,0.2925092234984019,0.31006724465958424,FALSE,FALSE
1981-11-19,East_Antarctica,2.62239643,0.3948143174922931,0.3948143174922931,0.31006724465958424,TRUE,TRUE
1981-11-21,East_Antarctica,2.597775549,0.4539755204749554,0.4539755204749554,0.31006724465958424,TRUE,TRUE
1981-11-23,East_Antarctica,2.476717494,0.41638617766738184,0.41638617766738184,0.31006724465958424,TRUE,TRUE
1981-11-25,East_Antarctica,2.393227148,0.4149378989343375,0.4149378989343375,0.31006724465958424,TRUE,TRUE
1981-11-27,East_Antarctica,2.299375434,0.40096250467813954,0.40096250467813954,0.31006724465958424,TRUE,TRUE
1981-11-29,East_Antarctica,2.261767966,0.44083981425361096,0.44083981425361096,0.31006724465958424,TRUE,TRUE
1981-12-01,East_Antarctica,2.248170716,0.5021471950519603,0.5021471950519603,0.31006724465958424,TRUE,TRUE
1981-12-03,East_Antarctica,2.189361045,0.5154734034643949,0.5154734034643949,0.31006724465958424,TRUE,TRUE
1981-12-05,East_Antarctica,2.068601281,0.463892162882122,0.463892162882122,0.31006724465958424,TRUE,TRUE
1981-12-07,East_Antarctica,1.940399898,0.40172336668220354,0.40172336668220354,0.31006724465958424,TRUE,TRUE
1981-12-09,East_Antarctica,1.853519601,0.377589024025051,0.377589024025051,0.31006724465958424,TRUE,TRUE
1981-12-11,East_Antarctica,1.760521782,0.3440579913077171,0.3440579913077171,0.31006724465958424,TRUE,TRUE
1981-12-13,East_Antarctica,1.725585861,0.3653457204631836,0.3653457204631836,0.31006724465958424,TRUE,TRUE
1981-12-15,East_Antarctica,1.65978723,0.35256363542444236,0.35256363542444236,0.31006724465958424,TRUE,TRUE
1981-12-17,East_Antarctica,1.576615487,0.3192373661244807,0.3192373661244807,0.31006724465958424,TRUE,TRUE
1981-12-19,East_Antarctica,1.491204513,0.280536825496285,0.280536825496285,0.31006724465958424,FALSE,FALSE
1981-12-21,East_Antarctica,1.419946322,0.25290603746564133,0.25290603746564133,0.31006724465958424,FALSE,FALSE
1981-12-23,East_Antarctica,1.314297373,0.18797420874560225,0.18797420874560225,0.31006724465958424,FALSE,FALSE
1981-12-25,East_Antarctica,1.243575662,0.15528725289021938,0.15528725289021938,0.31006724465958424,FALSE,FALSE
1981-12-27,East_Antarctica,1.209326923,0.15661910510986066,0.15661910510986066,0.31006724465958424,FALSE,FALSE
1981-12-29,East_Antarctica,1.175624285,0.1562710956148965,0.1562710956148965,0.31006724465958424,FALSE,FALSE
1981-12-31,East_Antarctica,1.105928031,0.11793170861569537,0.11793170861569537,0.31006724465958424,FALSE,FALSE
1982-01-01,East_Antarctica,0.708852583,-0.26414315356975404,0.26414315356975404,0.31006724465958424,FALSE,FALSE
1982-01-02,East_Antarctica,1.080443372,0.12203325334385208,0.12203325334385208,0.31006724465958424,FALSE,FALSE
1982-01-04,East_Antarctica,1.043244549,0.1128517005191212,0.1128517005191212,0.31006724465958424,FALSE,FALSE
1982-01-06,East_Antarctica,0.940960307,0.03719215634943118,0.03719215634943118,0.31006724465958424,FALSE,FALSE
1982-01-08,East_Antarctica,0.825039246,-0.05332152093607467,0.05332152093607467,0.31006724465958424,FALSE,FALSE
1982-01-10,East_Antarctica,0.799824306,-0.05417113310824972,0.05417113310824972,0.31006724465958424,FALSE,FALSE
1982-01-12,East_Antarctica,0.757894748,-0.07260216093794647,0.07260216093794647,0.31006724465958424,FALSE,FALSE
1982-01-14,East_Antarctica,0.720862785,-0.08682746802744468,0.08682746802744468,0.31006724465958424,FALSE,FALSE
1982-01-16,East_Antarctica,0.696810735,-0.0886549361415826,0.0886549361415826,0.31006724465958424,FALSE,FALSE
1982-01-18,East_Antarctica,0.677382868,-0.08647301542237174,0.08647301542237174,0.31006724465958424,FALSE,FALSE
1982-01-20,East_Antarctica,0.656165366,-0.08674710463210855,0.08674710463210855,0.31006724465958424,FALSE,FALSE
1982-01-22,East_Antarctica,0.601234018,-0.1214529955330903,0.1214529955330903,0.31006724465958424,FALSE,FALSE
1982-01-24,East_Antarctica,0.562361524,-0.14086956888761493,0.14086956888761493,0.31006724465958424,FALSE,FALSE
1982-01-26,East_Antarctica,0.515128357,-0.16946793245797842,0.16946793245797842,0.31006724465958424,FALSE,FALSE
1982-01-28,East_Antarctica,0.515715089,-0.1511102760487315,0.1511102760487315,0.31006724465958424,FALSE,FALSE
1982-01-30,East_Antarctica,0.502917049,-0.14699829457264435,0.14699829457264435,0.31006724465958424,FALSE,FALSE
1982-02-01,East_Antarctica,0.477181557,-0.15666690964267982,0.15666690964267982,0.31006724465958424,FALSE,FALSE
1982-02-03,East_Antarctica,0.49970562,-0.1189013484672305,0.1189013484672305,0.31006724465958424,FALSE,FALSE
1982-02-05,East_Antarctica,0.507170281,-0.09700280225468973,0.09700280225468973,0.31006724465958424,FALSE,FALSE
1982-02-07,East_Antarctica,0.481150325,-0.10937872021345107,0.10937872021345107,0.31006724465958424,FALSE,FALSE
1982-02-09,East_Antarctica,0.473756021,-0.1039200083872377,0.1039200083872377,0.31006724465958424,FALSE,FALSE
1982-02-11,East_Antarctica,0.453144806,-0.1127318318670843,0.1127318318670843,0.31006724465958424,FALSE,FALSE
1982-02-13,East_Antarctica,0.446047068,-0.10953696929372252,0.10953696929372252,0.31006724465958424,FALSE,FALSE
1982-02-15,East_Antarctica,0.443412925,-0.10384279205339558,0.10384279205339558,0.31006724465958424,FALSE,FALSE
1982-02-17,East_Antarctica,0.426181724,-0.11516744253235,0.11516744253235,0.31006724465958424,FALSE,FALSE
1982-02-19,East_Antarctica,0.426328088,-0.11199378711682784,0.11199378711682784,0.31006724465958424,FALSE,FALSE
1982-02-21,East_Antarctica,0.409872866,-0.12875539050458468,0.12875539050458468,0.31006724465958424,FALSE,FALSE
1982-02-23,East_Antarctica,0.398835511,-0.143694799236257,0.143694799236257,0.31006724465958424,FALSE,FALSE
1982-02-25,East_Antarctica,0.418830475,-0.1311567017216188,0.1311567017216188,0.31006724465958424,FALSE,FALSE
1982-02-27,East_Antarctica,0.403598863,-0.15733253375453832,0.15733253375453832,0.31006724465958424,FALSE,FALSE
1982-03-01,East_Antarctica,0.404151948,-0.17114356312888512,0.17114356312888512,0.31006724465958424,FALSE,FALSE
1982-03-03,East_Antarctica,0.394220894,-0.19879116663852753,0.19879116663852753,0.31006724465958424,FALSE,FALSE
1982-03-05,East_Antarctica,0.40360214,-0.21041144193456737,0.21041144193456737,0.31006724465958424,FALSE,FALSE
1982-03-07,East_Antarctica,0.434509136,-0.2036116374931834,0.2036116374931834,0.31006724465958424,FALSE,FALSE
1982-03-09,East_Antarctica,0.482748297,-0.18200259329282875,0.18200259329282875,0.31006724465958424,FALSE,FALSE
1982-03-11,East_Antarctica,0.548450013,-0.14478023226069536,0.14478023226069536,0.31006724465958424,FALSE,FALSE
1982-03-13,East_Antarctica,0.619748549,-0.10313660232397293,0.10313660232397293,0.31006724465958424,FALSE,FALSE
1982-03-15,East_Antarctica,0.655617894,-0.09742402740985424,0.09742402740985424,0.31006724465958424,FALSE,FALSE
1982-03-17,East_Antarctica,0.707705979,-0.07532088944553017,0.07532088944553017,0.31006724465958424,FALSE,FALSE
1982-03-19,East_Antarctica,0.741246552,-0.07099075622803952,0.07099075622803952,0.31006724465958424,FALSE,FALSE
1982-03-21,East_Antarctica,0.751884016,-0.0888226282839919,0.0888226282839919,0.31006724465958424,FALSE,FALSE
1982-03-23,East_Antarctica,0.80243658,-0.06636705155152467,0.06636705155152467,0.31006724465958424,FALSE,FALSE
1982-03-25,East_Antarctica,0.853365603,-0.04353443597616791,0.04353443597616791,0.31006724465958424,FALSE,FALSE
1982-03-27,East_Antarctica,0.950784324,0.02541668849654566,0.02541668849654566,0.31006724465958424,FALSE,FALSE
1982-03-29,East_Antarctica,0.994271546,0.03969335592108392,0.03969335592108392,0.31006724465958424,FALSE,FALSE
1982-03-31,East_Antarctica,1.068177791,0.08328304873545989,0.08328304873545989,0.31006724465958424,FALSE,FALSE
1982-04-01,East_Antarctica,1.563075979,0.5625582987838769,0.5625582987838769,0.31006724465958424,TRUE,FALSE
1982-04-02,East_Antarctica,1.10107849,0.08465761615887923,0.08465761615887923,0.31006724465958424,FALSE,FALSE
1982-04-04,East_Antarctica,1.15818811,0.10922491330372396,0.10922491330372396,0.31006724465958424,FALSE,FALSE
1982-04-06,East_Antarctica,1.219561892,0.13724984400016726,0.13724984400016726,0.31006724465958424,FALSE,FALSE
1982-04-08,East_Antarctica,1.264662189,0.1484044240783806,0.1484044240783806,0.31006724465958424,FALSE,FALSE
1982-04-10,East_Antarctica,1.305365287,0.1547746023685379,0.1547746023685379,0.31006724465958424,FALSE,FALSE
1982-04-12,East_Antarctica,1.380984932,0.19588362518893643,0.19588362518893643,0.31006724465958424,FALSE,FALSE
1982-04-14,East_Antarctica,1.437215859,0.2175693304987885,0.2175693304987885,0.31006724465958424,FALSE,FALSE
1982-04-16,East_Antarctica,1.498091294,0.24383986262435944,0.24383986262435944,0.31006724465958424,FALSE,FALSE
1982-04-18,East_Antarctica,1.545031724,0.25606440006102726,0.25606440006102726,0.31006724465958424,FALSE,FALSE
1982-04-20,East_Antarctica,1.591703553,0.26785803830417665,0.26785803830417665,0.31006724465958424,FALSE,FALSE
1982-04-22,East_Antarctica,1.59300655,0.23406923784918332,0.23406923784918332,0.31006724465958424,FALSE,FALSE
1982-04-24,East_Antarctica,1.594208071,0.1999140461914275,0.1999140461914275,0.31006724465958424,FALSE,FALSE
1982-04-26,East_Antarctica,1.593516238,0.16355745844951586,0.16355745844951586,0.31006724465958424,FALSE,FALSE
1982-04-28,East_Antarctica,1.705165832,0.2392408541608042,0.2392408541608042,0.31006724465958424,FALSE,FALSE
1982-04-30,East_Antarctica,1.773609503,0.2714421652865411,0.2714421652865411,0.31006724465958424,FALSE,FALSE
1982-05-01,East_Antarctica,2.095794095,0.5754099278401954,0.5754099278401954,0.31006724465958424,TRUE,FALSE
1982-05-02,East_Antarctica,1.827817022,0.28915647829990254,0.28915647829990254,0.31006724465958424,FALSE,FALSE
1982-05-04,East_Antarctica,1.800120512,0.22474123167406757,0.22474123167406757,0.31006724465958424,FALSE,FALSE
1982-05-06,East_Antarctica,1.825608601,0.21331036888221225,0.21331036888221225,0.31006724465958424,FALSE,FALSE
1982-05-08,East_Antarctica,1.853111102,0.20372070098282655,0.20372070098282655,0.31006724465958424,FALSE,FALSE
1982-05-10,East_Antarctica,1.862687679,0.17608744220137695,0.17608744220137695,0.31006724465958424,FALSE,FALSE
1982-05-12,East_Antarctica,1.894369091,0.17052074679287976,0.17052074679287976,0.31006724465958424,FALSE,FALSE
1982-05-14,East_Antarctica,1.974764554,0.21370995758136924,0.21370995758136924,0.31006724465958424,FALSE,FALSE
1982-05-16,East_Antarctica,2.076500041,0.2783611743908738,0.2783611743908738,0.31006724465958424,FALSE,FALSE
1982-05-18,East_Antarctica,2.108890312,0.2738692840454251,0.2738692840454251,0.31006724465958424,FALSE,FALSE
1982-05-20,East_Antarctica,2.094690608,0.2230700839512938,0.2230700839512938,0.31006724465958424,FALSE,FALSE
1982-05-22,East_Antarctica,2.102323586,0.194507568461467,0.194507568461467,0.31006724465958424,FALSE,FALSE
1982-05-24,East_Antarctica,2.126628922,0.1832165484590229,0.1832165484590229,0.31006724465958424,FALSE,FALSE
1982-05-26,East_Antarctica,2.206853183,0.2286464960635788,0.2286464960635788,0.31006724465958424,FALSE,FALSE
1982-05-28,East_Antarctica,2.258726967,0.246730914394762,0.246730914394762,0.31006724465958424,FALSE,FALSE
1982-05-30,East_Antarctica,2.295655654,0.2510780885721968,0.2510780885721968,0.31006724465958424,FALSE,FALSE
1982-06-01,East_Antarctica,2.273938574,0.1981902537155058,0.1981902537155058,0.31006724465958424,FALSE,FALSE
1982-06-03,East_Antarctica,2.306441653,0.20103133519354488,0.20103133519354488,0.31006724465958424,FALSE,FALSE
1982-06-05,East_Antarctica,2.333022742,0.1991152806526566,0.1991152806526566,0.31006724465958424,FALSE,FALSE
1982-06-07,East_Antarctica,2.372740837,0.21104084454840555,0.21104084454840555,0.31006724465958424,FALSE,FALSE
1982-06-09,East_Antarctica,2.403512669,0.2142645157698908,0.2142645157698908,0.31006724465958424,FALSE,FALSE
1982-06-11,East_Antarctica,2.416979834,0.19996764820621585,0.19996764820621585,0.31006724465958424,FALSE,FALSE
1982-06-13,East_Antarctica,2.37450183,0.12904949774647667,0.12904949774647667,0.31006724465958424,FALSE,FALSE
1982-06-15,East_Antarctica,2.374711474,0.09973708322096052,0.09973708322096052,0.31006724465958424,FALSE,FALSE
1982-06-17,East_Antarctica,2.420352443,0.11495116709979492,0.11495116709979492,0.31006724465958424,FALSE,FALSE
1982-06-19,East_Antarctica,2.452536341,0.11633402502914914,0.11633402502914914,0.31006724465958424,FALSE,FALSE
1982-06-21,East_Antarctica,2.48935879,0.12251691185932634,0.12251691185932634,0.31006724465958424,FALSE,FALSE
1982-06-23,East_Antarctica,2.526700179,0.12991584944063472,0.12991584944063472,0.31006724465958424,FALSE,FALSE
1982-06-25,East_Antarctica,2.558509501,0.13301546362338135,0.13301546362338135,0.31006724465958424,FALSE,FALSE
1982-06-27,East_Antarctica,2.568177924,0.11573303550064606,0.11573303550064606,0.31006724465958424,FALSE,FALSE
1982-06-29,East_Antarctica,2.662617471,0.18512896780830568,0.18512896780830568,0.31006724465958424,FALSE,FALSE
1982-07-01,East_Antarctica,2.686395545,0.1854238805468862,0.1854238805468862,0.31006724465958424,FALSE,FALSE
1982-07-03,East_Antarctica,2.688240139,0.1649654372723246,0.1649654372723246,0.31006724465958424,FALSE,FALSE
1982-07-05,East_Antarctica,2.658085385,0.11330744054056564,0.11330744054056564,0.31006724465958424,FALSE,FALSE
1982-07-07,East_Antarctica,2.676983777,0.11112205490754956,0.11112205490754956,0.31006724465958424,FALSE,FALSE
1982-07-09,East_Antarctica,2.725667184,0.1387608773733735,0.1387608773733735,0.31006724465958424,FALSE,FALSE
1982-07-11,East_Antarctica,2.781274907,0.1730524230861472,0.1730524230861472,0.31006724465958424,FALSE,FALSE
1982-07-13,East_Antarctica,2.84706704,0.2171503971237723,0.2171503971237723,0.31006724465958424,FALSE,FALSE
1982-07-15,East_Antarctica,2.904694464,0.25263668557937935,0.25263668557937935,0.31006724465958424,FALSE,FALSE
1982-07-17,East_Antarctica,2.836829392,0.1621145065461036,0.1621145065461036,0.31006724465958424,FALSE,FALSE
1982-07-19,East_Antarctica,2.794761985,0.09680502611707809,0.09680502611707809,0.31006724465958424,FALSE,FALSE
1982-07-21,East_Antarctica,2.850958523,0.12910552938543596,0.12910552938543596,0.31006724465958424,FALSE,FALSE
1982-07-23,East_Antarctica,2.970392042,0.22396557064250633,0.22396557064250633,0.31006724465958424,FALSE,FALSE
1982-07-25,East_Antarctica,3.007158674,0.23578321891107556,0.23578321891107556,0.31006724465958424,FALSE,FALSE
1982-07-27,East_Antarctica,3.045218434,0.2489621017863883,0.2489621017863883,0.31006724465958424,FALSE,FALSE
1982-07-29,East_Antarctica,3.083283087,0.2626581803381227,0.2626581803381227,0.31006724465958424,FALSE,FALSE
1982-07-31,East_Antarctica,3.156839174,0.31280219163596135,0.31280219163596135,0.31006724465958424,TRUE,TRUE
1982-08-01,East_Antarctica,3.633049619,0.7778040970864466,0.7778040970864466,0.31006724465958424,TRUE,TRUE
1982-08-02,East_Antarctica,3.219275975,0.3532276117495856,0.3532276117495856,0.31006724465958424,TRUE,TRUE
1982-08-04,East_Antarctica,3.324367464,0.4381328153822084,0.4381328153822084,0.31006724465958424,TRUE,TRUE
1982-08-06,East_Antarctica,3.335590662,0.4309987765185386,0.4309987765185386,0.31006724465958424,TRUE,TRUE
1982-08-08,East_Antarctica,3.383977749,0.4624596736960309,0.4624596736960309,0.31006724465958424,TRUE,TRUE
1982-08-10,East_Antarctica,3.425647229,0.48821991508604246,0.48821991508604246,0.31006724465958424,TRUE,TRUE
1982-08-12,East_Antarctica,3.487368685,0.5346349878599277,0.5346349878599277,0.31006724465958424,TRUE,TRUE
1982-08-14,East_Antarctica,3.582456624,0.6146053031890437,0.6146053031890437,0.31006724465958424,TRUE,TRUE
1982-08-16,East_Antarctica,3.575319082,0.5921263335404721,0.5921263335404721,0.31006724465958424,TRUE,TRUE
1982-08-18,East_Antarctica,3.547165188,0.5482381399118093,0.5482381399118093,0.31006724465958424,TRUE,TRUE
1982-08-20,East_Antarctica,3.574707038,0.5599916515838759,0.5599916515838759,0.31006724465958424,TRUE,TRUE
1982-08-22,East_Antarctica,3.6613314790000002,0.6311761038889196,0.6311761038889196,0.31006724465958424,TRUE,TRUE
1982-08-24,East_Antarctica,3.733042804,0.6881981781591815,0.6881981781591815,0.31006724465958424,TRUE,TRUE
1982-08-26,East_Antarctica,3.775103642,0.7167228917269091,0.7167228917269091,0.31006724465958424,TRUE,TRUE
1982-08-28,East_Antarctica,3.807225542,0.7368641819243478,0.7368641819243478,0.31006724465958424,TRUE,TRUE
1982-08-30,East_Antarctica,3.837739236,0.7572645542207623,0.7572645542207623,0.31006724465958424,TRUE,TRUE
1982-09-01,East_Antarctica,3.817808066,0.7289530980535899,0.7289530980535899,0.31006724465958424,TRUE,TRUE
1982-09-03,East_Antarctica,3.844928599,0.7491551259953346,0.7491551259953346,0.31006724465958424,TRUE,TRUE
1982-09-05,East_Antarctica,3.837023542,0.7355220537888125,0.7355220537888125,0.31006724465958424,TRUE,TRUE
1982-09-07,East_Antarctica,3.8088378450000002,0.7025275401768347,0.7025275401768347,0.31006724465958424,TRUE,TRUE
1982-09-09,East_Antarctica,3.805452654,0.6949814399022118,0.6949814399022118,0.31006724465958424,TRUE,TRUE
1982-09-11,East_Antarctica,3.80043241,0.6861820281521798,0.6861820281521798,0.31006724465958424,TRUE,TRUE
1982-09-13,East_Antarctica,3.758947755,0.6411000348673093,0.6411000348673093,0.31006724465958424,TRUE,TRUE
1982-09-15,East_Antarctica,3.711086421,0.5896694209280997,0.5896694209280997,0.31006724465958424,TRUE,TRUE
1982-09-17,East_Antarctica,3.688046347,0.5629352913113848,0.5629352913113848,0.31006724465958424,TRUE,TRUE
1982-09-19,East_Antarctica,3.727757416,0.5986746949940014,0.5986746949940014,0.31006724465958424,TRUE,TRUE
1982-09-21,East_Antarctica,3.71452136,0.5810365299527853,0.5810365299527853,0.31006724465958424,TRUE,TRUE
1982-09-23,East_Antarctica,3.688954735,0.5504906051201632,0.5504906051201632,0.31006724465958424,TRUE,TRUE
1982-09-25,East_Antarctica,3.707653614,0.5638229707249027,0.5638229707249027,0.31006724465958424,TRUE,TRUE
1982-09-27,East_Antarctica,3.750554516,0.6016662898748995,0.6016662898748995,0.31006724465958424,TRUE,TRUE
1982-09-29,East_Antarctica,3.744183483,0.5912844991064472,0.5912844991064472,0.31006724465958424,TRUE,TRUE
1982-10-01,East_Antarctica,3.781084599,0.6259595769558381,0.6259595769558381,0.31006724465958424,TRUE,TRUE
1982-10-03,East_Antarctica,3.740063506,0.5852350599593694,0.5852350599593694,0.31006724465958424,TRUE,TRUE
1982-10-05,East_Antarctica,3.707735316,0.5564639268925413,0.5564639268925413,0.31006724465958424,TRUE,TRUE
1982-10-07,East_Antarctica,3.675824979,0.5318757288460696,0.5318757288460696,0.31006724465958424,TRUE,TRUE
1982-10-09,East_Antarctica,3.689224718,0.5560679879066424,0.5560679879066424,0.31006724465958424,TRUE,TRUE
1982-10-11,East_Antarctica,3.627914945,0.5085553521507786,0.5085553521507786,0.31006724465958424,TRUE,TRUE
1982-10-13,East_Antarctica,3.71127145,0.6082478476549849,0.6082478476549849,0.31006724465958424,TRUE,TRUE
1982-10-15,East_Antarctica,3.717410769,0.6327962464957819,0.6327962464957819,0.31006724465958424,TRUE,TRUE
1982-10-17,East_Antarctica,3.61458962,0.5499915027496849,0.5499915027496849,0.31006724465958424,TRUE,TRUE
1982-10-19,East_Antarctica,3.52193937,0.4785825065895484,0.4785825065895484,0.31006724465958424,TRUE,TRUE
1982-10-21,East_Antarctica,3.539978518,0.5194097084948686,0.5194097084948686,0.31006724465958424,TRUE,TRUE
1982-10-23,East_Antarctica,3.560063583,0.5645057837601914,0.5645057837601914,0.31006724465958424,TRUE,TRUE
1982-10-25,East_Antarctica,3.469942682,0.5022976885758239,0.5022976885758239,0.31006724465958424,TRUE,TRUE
1982-10-27,East_Antarctica,3.329936712,0.3937851591320718,0.3937851591320718,0.31006724465958424,TRUE,TRUE
1982-10-29,East_Antarctica,3.285941504,0.3855428656192377,0.3855428656192377,0.31006724465958424,TRUE,TRUE
1982-10-31,East_Antarctica,3.267250475,0.4075306535802503,0.4075306535802503,0.31006724465958424,TRUE,TRUE
1982-11-01,East_Antarctica,2.960442575,0.12303405220849052,0.12303405220849052,0.31006724465958424,FALSE,FALSE
1982-11-02,East_Antarctica,3.298942495,0.4851562422393063,0.4851562422393063,0.31006724465958424,TRUE,TRUE
1982-11-04,East_Antarctica,3.222483107,0.4598446584146107,0.4598446584146107,0.31006724465958424,TRUE,TRUE
1982-11-06,East_Antarctica,3.161097534,0.4547618249180716,0.4547618249180716,0.31006724465958424,TRUE,TRUE
1982-11-08,East_Antarctica,3.09883152,0.45389418556159367,0.45389418556159367,0.31006724465958424,TRUE,TRUE
1982-11-10,East_Antarctica,3.115726186,0.5372235611570817,0.5372235611570817,0.31006724465958424,TRUE,TRUE
1982-11-12,East_Antarctica,3.074902395,0.5678106069517366,0.5678106069517366,0.31006724465958424,TRUE,TRUE
1982-11-14,East_Antarctica,3.016346792,0.5853000230655714,0.5853000230655714,0.31006724465958424,TRUE,TRUE
1982-11-16,East_Antarctica,2.944281395,0.5928924361156809,0.5928924361156809,0.31006724465958424,TRUE,TRUE
1982-11-18,East_Antarctica,2.858545445,0.5893053263230641,0.5893053263230641,0.31006724465958424,TRUE,TRUE
1982-11-20,East_Antarctica,2.799851094,0.6141290849087158,0.6141290849087158,0.31006724465958424,TRUE,TRUE
1982-11-22,East_Antarctica,2.7902872,0.6883308090936362,0.6883308090936362,0.31006724465958424,TRUE,TRUE
1982-11-24,East_Antarctica,2.722372859,0.7033078340988195,0.7033078340988195,0.31006724465958424,TRUE,TRUE
1982-11-26,East_Antarctica,2.615816925,0.6777529907892306,0.6777529907892306,0.31006724465958424,TRUE,TRUE
1982-11-28,East_Antarctica,2.52788352,0.6685237100249672,0.6685237100249672,0.31006724465958424,TRUE,TRUE
1982-11-30,East_Antarctica,2.363321102,0.5801795717879759,0.5801795717879759,0.31006724465958424,TRUE,TRUE
1982-12-01,East_Antarctica,1.502915025,-0.24310849594803985,0.24310849594803985,0.31006724465958424,FALSE,FALSE
1982-12-02,East_Antarctica,2.127055615,0.41745791546946687,0.41745791546946687,0.31006724465958424,TRUE,FALSE
1982-12-04,East_Antarctica,1.97277205,0.33385512746064605,0.33385512746064605,0.31006724465958424,TRUE,FALSE
1982-12-06,East_Antarctica,1.824272256,0.2529844521527227,0.2529844521527227,0.31006724465958424,FALSE,FALSE
1982-12-08,East_Antarctica,1.768957538,0.2620661318569628,0.2620661318569628,0.31006724465958424,FALSE,FALSE
1982-12-10,East_Antarctica,1.720065397,0.2742758571780959,0.2742758571780959,0.31006724465958424,FALSE,FALSE
1982-12-12,East_Antarctica,1.577388122,0.1894392964055376,0.1894392964055376,0.31006724465958424,FALSE,FALSE
1982-12-14,East_Antarctica,1.46193692,0.1286036884722772,0.1286036884722772,0.31006724465958424,FALSE,FALSE
1982-12-16,East_Antarctica,1.370875817,0.08896909131130215,0.08896909131130215,0.31006724465958424,FALSE,FALSE
1982-12-18,East_Antarctica,1.340744664,0.1071113878555996,0.1071113878555996,0.31006724465958424,FALSE,FALSE
1982-12-20,East_Antarctica,1.305238494,0.1167624495216657,0.1167624495216657,0.31006724465958424,FALSE,FALSE
1982-12-22,East_Antarctica,1.225919648,0.07958748182318831,0.07958748182318831,0.31006724465958424,FALSE,FALSE
1982-12-24,East_Antarctica,1.174901195,0.06791644138418063,0.06791644138418063,0.31006724465958424,FALSE,FALSE
1982-12-26,East_Antarctica,1.128727019,0.05852141341501427,0.05852141341501427,0.31006724465958424,FALSE,FALSE
1982-12-28,East_Antarctica,1.074780898,0.03901437712605538,0.03901437712605538,0.31006724465958424,FALSE,FALSE
1982-12-30,East_Antarctica,1.019135938,0.01569663972767854,0.01569663972767854,0.31006724465958424,FALSE,FALSE
1983-01-01,East_Antarctica,0.970999553,-0.00199618356975406,0.00199618356975406,0.31006724465958424,FALSE,FALSE
1983-01-03,East_Antarctica,0.928901333,-0.01531512538607127,0.01531512538607127,0.31006724465958424,FALSE,FALSE
1983-01-05,East_Antarctica,0.903057484,-0.01385989766192374,0.01385989766192374,0.31006724465958424,FALSE,FALSE
1983-01-07,East_Antarctica,0.883649454,-0.00727379416816686,0.00727379416816686,0.31006724465958424,FALSE,FALSE
1983-01-09,East_Antarctica,0.845136663,-0.02092213667565112,0.02092213667565112,0.31006724465958424,FALSE,FALSE
1983-01-11,East_Antarctica,0.841033194,-0.0011155839552297,0.0011155839552297,0.31006724465958424,FALSE,FALSE
1983-01-13,East_Antarctica,0.825739277,0.00672135222224301,0.00672135222224301,0.31006724465958424,FALSE,FALSE
1983-01-15,East_Antarctica,0.793080234,-0.00342410261132586,0.00342410261132586,0.31006724465958424,FALSE,FALSE
1983-01-17,East_Antarctica,0.784178474,0.0095977697864974,0.0095977697864974,0.31006724465958424,FALSE,FALSE
1983-01-19,East_Antarctica,0.745186442,-0.00811121436347794,0.00811121436347794,0.31006724465958424,FALSE,FALSE
1983-01-21,East_Antarctica,0.719743659,-0.01296311482355039,0.01296311482355039,0.31006724465958424,FALSE,FALSE
1983-01-23,East_Antarctica,0.725245025,0.01238538764398378,0.01238538764398378,0.31006724465958424,FALSE,FALSE
1983-01-25,East_Antarctica,0.720408921,0.02660109327682658,0.02660109327682658,0.31006724465958424,FALSE,FALSE
1983-01-27,East_Antarctica,0.686088474,0.01048636719855267,0.01048636719855267,0.31006724465958424,FALSE,FALSE
1983-01-29,East_Antarctica,0.675637519,0.0173736681195531,0.0173736681195531,0.31006724465958424,FALSE,FALSE
1983-01-31,East_Antarctica,0.649419053,0.00764143059862754,0.00764143059862754,0.31006724465958424,FALSE,FALSE
1983-02-01,East_Antarctica,0.527833641,-0.10601482564267985,0.10601482564267985,0.31006724465958424,FALSE,FALSE
1983-02-02,East_Antarctica,0.637930957,0.01180530142738345,0.01180530142738345,0.31006724465958424,FALSE,FALSE
1983-02-04,East_Antarctica,0.608338943,-0.00295124160257176,0.00295124160257176,0.31006724465958424,FALSE,FALSE
1983-02-06,East_Antarctica,0.568289672,-0.02896377169963315,0.02896377169963315,0.31006724465958424,FALSE,FALSE
1983-02-08,East_Antarctica,0.56354524,-0.02045256631916026,0.02045256631916026,0.31006724465958424,FALSE,FALSE
1983-02-10,East_Antarctica,0.543913664,-0.02770291384545231,0.02770291384545231,0.31006724465958424,FALSE,FALSE
1983-02-12,East_Antarctica,0.557453537,-0.00305985862541391,0.00305985862541391,0.31006724465958424,FALSE,FALSE
1983-02-14,East_Antarctica,0.550331233,-8.145160452893707e-4,8.145160452893707e-4,0.31006724465958424,FALSE,FALSE
1983-02-16,East_Antarctica,0.51791971,-0.02605141749132278,0.02605141749132278,0.31006724465958424,FALSE,FALSE
1983-02-18,East_Antarctica,0.499784338,-0.03966268234975856,0.03966268234975856,0.31006724465958424,FALSE,FALSE
1983-02-20,East_Antarctica,0.489476668,-0.04855424900683947,0.04855424900683947,0.31006724465958424,FALSE,FALSE
1983-02-22,East_Antarctica,0.465896306,-0.07423440957582672,0.07423440957582672,0.31006724465958424,FALSE,FALSE
1983-02-24,East_Antarctica,0.45560404,-0.09021456808510976,0.09021456808510976,0.31006724465958424,FALSE,FALSE
1983-02-26,East_Antarctica,0.464114829,-0.09091275474501648,0.09091275474501648,0.31006724465958424,FALSE,FALSE
1983-02-28,East_Antarctica,0.434992173,-0.1326980103494167,0.1326980103494167,0.31006724465958424,FALSE,FALSE
1983-03-01,East_Antarctica,0.682344135,0.10704862387111493,0.10704862387111493,0.31006724465958424,FALSE,FALSE
1983-03-02,East_Antarctica,0.462039399,-0.1216995486921778,0.1216995486921778,0.31006724465958424,FALSE,FALSE
1983-03-04,East_Antarctica,0.486927653,-0.11617876456716908,0.11617876456716908,0.31006724465958424,FALSE,FALSE
1983-03-06,East_Antarctica,0.470991587,-0.154718119616696,0.154718119616696,0.31006724465958424,FALSE,FALSE
1983-03-08,East_Antarctica,0.49434114,-0.15682143167992765,0.15682143167992765,0.31006724465958424,FALSE,FALSE
1983-03-10,East_Antarctica,0.546063293,-0.13273822544778524,0.13273822544778524,0.31006724465958424,FALSE,FALSE
1983-03-12,East_Antarctica,0.560691225,-0.14726163484745747,0.14726163484745747,0.31006724465958424,FALSE,FALSE
1983-03-14,East_Antarctica,0.603898629,-0.13404427980613853,0.13404427980613853,0.31006724465958424,FALSE,FALSE
1983-03-16,East_Antarctica,0.622865696,-0.14523228225101925,0.14523228225101925,0.31006724465958424,FALSE,FALSE
1983-03-18,East_Antarctica,0.654943596,-0.14280323560892771,0.14280323560892771,0.31006724465958424,FALSE,FALSE
1983-03-20,East_Antarctica,0.681524392,-0.14501736341366422,0.14501736341366422,0.31006724465958424,FALSE,FALSE
1983-03-22,East_Antarctica,0.737823083,-0.11695536295721488,0.11695536295721488,0.31006724465958424,FALSE,FALSE
1983-03-24,East_Antarctica,0.755954994,-0.12687367818511197,0.12687367818511197,0.31006724465958424,FALSE,FALSE
1983-03-26,East_Antarctica,0.773290324,-0.13777387904288607,0.13777387904288607,0.31006724465958424,FALSE,FALSE
1983-03-28,East_Antarctica,0.807721194,-0.13213561347606795,0.13213561347606795,0.31006724465958424,FALSE,FALSE
1983-03-30,East_Antarctica,0.833346662,-0.13623159243018956,0.13623159243018956,0.31006724465958424,FALSE,FALSE
1983-04-01,East_Antarctica,0.841432465,-0.1590852152161231,0.1590852152161231,0.31006724465958424,FALSE,FALSE
1983-04-03,East_Antarctica,0.870386511,-0.16219160428576207,0.16219160428576207,0.31006724465958424,FALSE,FALSE
1983-04-05,East_Antarctica,0.85741328000000006,-0.20813663021888984,0.20813663021888984,0.31006724465958424,FALSE,FALSE
1983-04-07,East_Antarctica,0.922741475,-0.17648192718533373,0.17648192718533373,0.31006724465958424,FALSE,FALSE
1983-04-09,East_Antarctica,0.994464901,-0.13892402735491904,0.13892402735491904,0.31006724465958424,FALSE,FALSE
1983-04-11,East_Antarctica,1.014565446,-0.15327137989747452,0.15327137989747452,0.31006724465958424,FALSE,FALSE
1983-04-13,East_Antarctica,1.05129232,-0.1510773442896416,0.1510773442896416,0.31006724465958424,FALSE,FALSE
1983-04-15,East_Antarctica,1.07538946,-0.1615488530088529,0.1615488530088529,0.31006724465958424,FALSE,FALSE
1983-04-17,East_Antarctica,1.142669166,-0.12892313116465548,0.12892313116465548,0.31006724465958424,FALSE,FALSE
1983-04-19,East_Antarctica,1.183646431,-0.12273649426166888,0.12273649426166888,0.31006724465958424,FALSE,FALSE
1983-04-21,East_Antarctica,1.22503727,-0.11632423580451356,0.11632423580451356,0.31006724465958424,FALSE,FALSE
1983-04-23,East_Antarctica,1.30560712,-0.0709722272978115,0.0709722272978115,0.31006724465958424,FALSE,FALSE
1983-04-25,East_Antarctica,1.39499962,-0.01708753208607794,0.01708753208607794,0.31006724465958424,FALSE,FALSE
1983-04-27,East_Antarctica,1.434129853,-0.01377592327957288,0.01377592327957288,0.31006724465958424,FALSE,FALSE
1983-04-29,East_Antarctica,1.477232377,-0.0067808427952074,0.0067808427952074,0.31006724465958424,FALSE,FALSE
1983-05-01,East_Antarctica,1.535202132,0.01481796484019537,0.01481796484019537,0.31006724465958424,FALSE,FALSE
1983-05-03,East_Antarctica,1.566751418,0.00975811509981183,0.00975811509981183,0.31006724465958424,FALSE,FALSE
1983-05-05,East_Antarctica,1.577896649,-0.01591866254318152,0.01591866254318152,0.31006724465958424,FALSE,FALSE
1983-05-07,East_Antarctica,1.597394692,-0.03343018261909991,0.03343018261909991,0.31006724465958424,FALSE,FALSE
1983-05-09,East_Antarctica,1.654405334,-0.01358019302801505,0.01358019302801505,0.31006724465958424,FALSE,FALSE
1983-05-11,East_Antarctica,1.697494161,-0.00773035347599204,0.00773035347599204,0.31006724465958424,FALSE,FALSE
1983-05-13,East_Antarctica,1.735878121,-0.00658358913900025,0.00658358913900025,0.31006724465958424,FALSE,FALSE
1983-05-15,East_Antarctica,1.759811177,-0.01980581019300675,0.01980581019300675,0.31006724465958424,FALSE,FALSE
1983-05-17,East_Antarctica,1.821151962,0.00454174318601841,0.00454174318601841,0.31006724465958424,FALSE,FALSE
1983-05-19,East_Antarctica,1.833689909,-0.01967136917789713,0.01967136917789713,0.31006724465958424,FALSE,FALSE
1983-05-21,East_Antarctica,1.867756562,-0.02202391940956416,0.02202391940956416,0.31006724465958424,FALSE,FALSE
1983-05-23,East_Antarctica,1.897464895,-0.02823687429565269,0.02823687429565269,0.31006724465958424,FALSE,FALSE
1983-05-25,East_Antarctica,1.995023466,0.03410099886544859,0.03410099886544859,0.31006724465958424,FALSE,FALSE
1983-05-27,East_Antarctica,2.076861184,0.08162151419336605,0.08162151419336605,0.31006724465958424,FALSE,FALSE
1983-05-29,East_Antarctica,2.139036911,0.11058643880772046,0.11058643880772046,0.31006724465958424,FALSE,FALSE
1983-05-31,East_Antarctica,2.15913982,0.09878785082813968,0.09878785082813968,0.31006724465958424,FALSE,FALSE
1983-06-01,East_Antarctica,2.489450072,0.4137017517155055,0.4137017517155055,0.31006724465958424,TRUE,FALSE
1983-06-02,East_Antarctica,2.173087517,0.08233382628738539,0.08233382628738539,0.31006724465958424,FALSE,FALSE
1983-06-04,East_Antarctica,2.178971136,0.05919540473658946,0.05919540473658946,0.31006724465958424,FALSE,FALSE
1983-06-06,East_Antarctica,2.237213253,0.08935021467788262,0.08935021467788262,0.31006724465958424,FALSE,FALSE
1983-06-08,East_Antarctica,2.274337431,0.09886157700036335,0.09886157700036335,0.31006724465958424,FALSE,FALSE
1983-06-10,East_Antarctica,2.277508709,0.07443428859313128,0.07443428859313128,0.31006724465958424,FALSE,FALSE
1983-06-12,East_Antarctica,2.259786779,0.02866779934528551,0.02866779934528551,0.31006724465958424,FALSE,FALSE
1983-06-14,East_Antarctica,2.302640215,0.04257157340976558,0.04257157340976558,0.31006724465958424,FALSE,FALSE
1983-06-16,East_Antarctica,2.400090205,0.10998261808220944,0.10998261808220944,0.31006724465958424,FALSE,FALSE
1983-06-18,East_Antarctica,2.458090799,0.13730229538001426,0.13730229538001426,0.31006724465958424,FALSE,FALSE
1983-06-20,East_Antarctica,2.400322657,0.04874689815348976,0.04874689815348976,0.31006724465958424,FALSE,FALSE
1983-06-22,East_Antarctica,2.437563808,0.0556300882529448,0.0556300882529448,0.31006724465958424,FALSE,FALSE
1983-06-24,East_Antarctica,2.536546635,0.12521988152868513,0.12521988152868513,0.31006724465958424,FALSE,FALSE
1983-06-26,East_Antarctica,2.564890478,0.12567125083101738,0.12567125083101738,0.31006724465958424,FALSE,FALSE
1983-06-28,East_Antarctica,2.56433434,0.09914881688535848,0.09914881688535848,0.31006724465958424,FALSE,FALSE
1983-06-30,East_Antarctica,2.660047343,0.17064597308898444,0.17064597308898444,0.31006724465958424,FALSE,FALSE
1983-07-01,East_Antarctica,3.036522762,0.5355510975468865,0.5355510975468865,0.31006724465958424,TRUE,FALSE
1983-07-02,East_Antarctica,2.69218617,0.1799392420015007,0.1799392420015007,0.31006724465958424,FALSE,FALSE
1983-07-04,East_Antarctica,2.717124496,0.18302196917884792,0.18302196917884792,0.31006724465958424,FALSE,FALSE
1983-07-06,East_Antarctica,2.762240922,0.20689242617696824,0.20689242617696824,0.31006724465958424,FALSE,FALSE
1983-07-08,East_Antarctica,2.797347341,0.22098217655180408,0.22098217655180408,0.31006724465958424,FALSE,FALSE
1983-07-10,East_Antarctica,2.823191045,0.2256695852574739,0.2256695852574739,0.31006724465958424,FALSE,FALSE
1983-07-12,East_Antarctica,2.858297303,0.239279299496034,0.239279299496034,0.31006724465958424,FALSE,FALSE
1983-07-14,East_Antarctica,2.857910659,0.21698363260600703,0.21698363260600703,0.31006724465958424,FALSE,FALSE
1983-07-16,East_Antarctica,2.881634476,0.21831695268053197,0.21831695268053197,0.31006724465958424,FALSE,FALSE
1983-07-18,East_Antarctica,3.008446314,0.32218782481273944,0.32218782481273944,0.31006724465958424,TRUE,FALSE
1983-07-20,East_Antarctica,3.027155171,0.31733625209576344,0.31733625209576344,0.31006724465958424,TRUE,FALSE
1983-07-22,East_Antarctica,2.998970716,0.2649054652139742,0.2649054652139742,0.31006724465958424,FALSE,FALSE
1983-07-24,East_Antarctica,2.982570664,0.22368894970530295,0.22368894970530295,0.31006724465958424,FALSE,FALSE
1983-07-26,East_Antarctica,2.992613579,0.20876140976853508,0.20876140976853508,0.31006724465958424,FALSE,FALSE
1983-07-28,East_Antarctica,3.014185357,0.20565293747334668,0.20565293747334668,0.31006724465958424,FALSE,FALSE
1983-07-30,East_Antarctica,3.06894291,0.236464640889424,0.236464640889424,0.31006724465958424,FALSE,FALSE
1983-08-01,East_Antarctica,3.090244593,0.2349990710864467,0.2349990710864467,0.31006724465958424,FALSE,FALSE
1983-08-03,East_Antarctica,3.092529685,0.21613970240093172,0.21613970240093172,0.31006724465958424,FALSE,FALSE
1983-08-05,East_Antarctica,3.16024908,0.26463105108093776,0.26463105108093776,0.31006724465958424,FALSE,FALSE
1983-08-07,East_Antarctica,3.223629353,0.31042137271642956,0.31042137271642956,0.31006724465958424,TRUE,TRUE
1983-08-09,East_Antarctica,3.274692764,0.34511883147876254,0.34511883147876254,0.31006724465958424,TRUE,TRUE
1983-08-11,East_Antarctica,3.288428274,0.34329829253929134,0.34329829253929134,0.31006724465958424,TRUE,TRUE
1983-08-13,East_Antarctica,3.318519227,0.3582290040693712,0.3582290040693712,0.31006724465958424,TRUE,TRUE
1983-08-15,East_Antarctica,3.302385099,0.3269163462403619,0.3269163462403619,0.31006724465958424,TRUE,TRUE
1983-08-17,East_Antarctica,3.338391573,0.347363578834313,0.347363578834313,0.31006724465958424,TRUE,TRUE
1983-08-19,East_Antarctica,3.398886138,0.392046526314485,0.392046526314485,0.31006724465958424,TRUE,TRUE
1983-08-21,East_Antarctica,3.463034847,0.44053077326151024,0.44053077326151024,0.31006724465958424,TRUE,TRUE
1983-08-23,East_Antarctica,3.443785787,0.406166795007632,0.406166795007632,0.31006724465958424,TRUE,TRUE
1983-08-25,East_Antarctica,3.334665936,0.282883957885097,0.282883957885097,0.31006724465958424,FALSE,FALSE
1983-08-27,East_Antarctica,3.325800457,0.26120981322614867,0.26120981322614867,0.31006724465958424,FALSE,FALSE
1983-08-29,East_Antarctica,3.367836149,0.29218455673806476,0.29218455673806476,0.31006724465958424,FALSE,FALSE
1983-08-31,East_Antarctica,3.470240422,0.385375918794987,0.385375918794987,0.31006724465958424,TRUE,TRUE
1983-09-01,East_Antarctica,3.711429777,0.6225748090535901,0.6225748090535901,0.31006724465958424,TRUE,TRUE
1983-09-02,East_Antarctica,3.5665732,0.4740932125894228,0.4740932125894228,0.31006724465958424,TRUE,TRUE
1983-09-04,East_Antarctica,3.522112174,0.4233428378641815,0.4233428378641815,0.31006724465958424,TRUE,TRUE
1983-09-06,East_Antarctica,3.52557367,0.4215698293620793,0.4215698293620793,0.31006724465958424,TRUE,TRUE
1983-09-08,East_Antarctica,3.54238909,0.4339342978259255,0.4339342978259255,0.31006724465958424,TRUE,TRUE
1983-09-10,East_Antarctica,3.589144983,0.4767515528064754,0.4767515528064754,0.31006724465958424,TRUE,TRUE
1983-09-12,East_Antarctica,3.630178193,0.5141160825900895,0.5141160825900895,0.31006724465958424,TRUE,TRUE
1983-09-14,East_Antarctica,3.64413196,0.524505644730946,0.524505644730946,0.31006724465958424,TRUE,TRUE
1983-09-16,East_Antarctica,3.654647717,0.5314088382058784,0.5314088382058784,0.31006724465958424,TRUE,TRUE
1983-09-18,East_Antarctica,3.66546515,0.5384125149917245,0.5384125149917245,0.31006724465958424,TRUE,TRUE
1983-09-20,East_Antarctica,3.669643464,0.5384230460653208,0.5384230460653208,0.31006724465958424,TRUE,TRUE
1983-09-22,East_Antarctica,3.697247744,0.5613526824035002,0.5613526824035002,0.31006724465958424,TRUE,TRUE
1983-09-24,East_Antarctica,3.704288613,0.5631487285128949,0.5631487285128949,0.31006724465958424,TRUE,TRUE
1983-09-26,East_Antarctica,3.685684689,0.5392405195732266,0.5392405195732266,0.31006724465958424,TRUE,TRUE
1983-09-28,East_Antarctica,3.710750842,0.5596802654469615,0.5596802654469615,0.31006724465958424,TRUE,TRUE
1983-09-30,East_Antarctica,3.773243066,0.6189618546703941,0.6189618546703941,0.31006724465958424,TRUE,TRUE
1983-10-01,East_Antarctica,3.557146813,0.4020217909558381,0.4020217909558381,0.31006724465958424,TRUE,TRUE
1983-10-02,East_Antarctica,3.739656043,0.5843178637798174,0.5843178637798174,0.31006724465958424,TRUE,TRUE
1983-10-04,East_Antarctica,3.722465437,0.5689618513115269,0.5689618513115269,0.31006724465958424,TRUE,TRUE
1983-10-06,East_Antarctica,3.59303175,0.4449585224857069,0.4449585224857069,0.31006724465958424,TRUE,TRUE
1983-10-08,East_Antarctica,3.576877248,0.437919570483194,0.437919570483194,0.31006724465958424,TRUE,TRUE
1983-10-10,East_Antarctica,3.571864097,0.44525946862598254,0.44525946862598254,0.31006724465958424,TRUE,TRUE
1983-10-12,East_Antarctica,3.54880781,0.43732796599059,0.43732796599059,0.31006724465958424,TRUE,TRUE
1983-10-14,East_Antarctica,3.486147267,0.39209817865352825,0.39209817865352825,0.31006724465958424,TRUE,TRUE
1983-10-16,East_Antarctica,3.463138429,0.3883603036913153,0.3883603036913153,0.31006724465958424,TRUE,TRUE
1983-10-18,East_Antarctica,3.405730053,0.3516006340249187,0.3516006340249187,0.31006724465958424,TRUE,TRUE
1983-10-20,East_Antarctica,3.404518994,0.3723207154466013,0.3723207154466013,0.31006724465958424,TRUE,TRUE
1983-10-22,East_Antarctica,3.453813297,0.44542969563313406,0.44542969563313406,0.31006724465958424,TRUE,TRUE
1983-10-24,East_Antarctica,3.486732481,0.5047259327748255,0.5047259327748255,0.31006724465958424,TRUE,TRUE
1983-10-26,East_Antarctica,3.447363324,0.49497504406197734,0.49497504406197734,0.31006724465958424,TRUE,TRUE
1983-10-28,East_Antarctica,3.423531249,0.5046812916848955,0.5046812916848955,0.31006724465958424,TRUE,TRUE
1983-10-30,East_Antarctica,3.379447663,0.498734921833885,0.498734921833885,0.31006724465958424,TRUE,TRUE
1983-11-01,East_Antarctica,3.364651701,0.5272431782084905,0.5272431782084905,0.31006724465958424,TRUE,TRUE
1983-11-03,East_Antarctica,3.320413814,0.5315533901491833,0.5315533901491833,0.31006724465958424,TRUE,TRUE
1983-11-05,East_Antarctica,3.261930584,0.5268028445120789,0.5268028445120789,0.31006724465958424,TRUE,TRUE
1983-11-07,East_Antarctica,3.221633002,0.5453632321090813,0.5453632321090813,0.31006724465958424,TRUE,TRUE
1983-11-09,East_Antarctica,3.069321219,0.456975403752097,0.456975403752097,0.31006724465958424,TRUE,TRUE
1983-11-11,East_Antarctica,2.990887483,0.4474723072530335,0.4474723072530335,0.31006724465958424,TRUE,TRUE
1983-11-13,East_Antarctica,2.910373289,0.4407823015929324,0.4407823015929324,0.31006724465958424,TRUE,TRUE
1983-11-15,East_Antarctica,2.791578547,0.3999791942722792,0.3999791942722792,0.31006724465958424,TRUE,TRUE
1983-11-17,East_Antarctica,2.703075273,0.3925194654984021,0.3925194654984021,0.31006724465958424,TRUE,TRUE
1983-11-19,East_Antarctica,2.651424148,0.4238420354922931,0.4238420354922931,0.31006724465958424,TRUE,TRUE
1983-11-21,East_Antarctica,2.548177066,0.40437703747495535,0.40437703747495535,0.31006724465958424,TRUE,TRUE
1983-11-23,East_Antarctica,2.359702388,0.2993710716673821,0.2993710716673821,0.31006724465958424,FALSE,FALSE
1983-11-25,East_Antarctica,2.189301217,0.21101196793433785,0.21101196793433785,0.31006724465958424,FALSE,FALSE
1983-11-27,East_Antarctica,2.091177684,0.19276475467813947,0.19276475467813947,0.31006724465958424,FALSE,FALSE
1983-11-29,East_Antarctica,2.024346543,0.20341839125361116,0.20341839125361116,0.31006724465958424,FALSE,FALSE
1983-12-01,East_Antarctica,1.940892491,0.19486897005196013,0.19486897005196013,0.31006724465958424,FALSE,FALSE
1983-12-03,East_Antarctica,1.847457819,0.17357017746439474,0.17357017746439474,0.31006724465958424,FALSE,FALSE
1983-12-05,East_Antarctica,1.793727098,0.1890179798821221,0.1890179798821221,0.31006724465958424,FALSE,FALSE
1983-12-07,East_Antarctica,1.669349966,0.1306734346822036,0.1306734346822036,0.31006724465958424,FALSE,FALSE
1983-12-09,East_Antarctica,1.585991054,0.11006047702505106,0.11006047702505106,0.31006724465958424,FALSE,FALSE
1983-12-11,East_Antarctica,1.533458166,0.11699437530771696,0.11699437530771696,0.31006724465958424,FALSE,FALSE
1983-12-13,East_Antarctica,1.455784905,0.0955447644631835,0.0955447644631835,0.31006724465958424,FALSE,FALSE
1983-12-15,East_Antarctica,1.355919939,0.04869634442444237,0.04869634442444237,0.31006724465958424,FALSE,FALSE
1983-12-17,East_Antarctica,1.30321619,0.04583806912448085,0.04583806912448085,0.31006724465958424,FALSE,FALSE
1983-12-19,East_Antarctica,1.185098604,-0.025569083503715,0.025569083503715,0.31006724465958424,FALSE,FALSE
1983-12-21,East_Antarctica,1.15039389,-0.01664639453435867,0.01664639453435867,0.31006724465958424,FALSE,FALSE
1983-12-23,East_Antarctica,1.128081548,0.00175838374560211,0.00175838374560211,0.31006724465958424,FALSE,FALSE
1983-12-25,East_Antarctica,1.090124755,0.0018363458902193,0.0018363458902193,0.31006724465958424,FALSE,FALSE
1983-12-27,East_Antarctica,1.033465326,-0.01924249189013949,0.01924249189013949,0.31006724465958424,FALSE,FALSE
1983-12-29,East_Antarctica,1.01395051,-0.00540267938510363,0.00540267938510363,0.31006724465958424,FALSE,FALSE
1983-12-31,East_Antarctica,0.970263614,-0.01773270838430452,0.01773270838430452,0.31006724465958424,FALSE,FALSE
1984-01-01,East_Antarctica,0.715799063,-0.25719667356975406,0.25719667356975406,0.31006724465958424,FALSE,FALSE
1984-01-02,East_Antarctica,0.944992463,-0.01341765565614794,0.01341765565614794,0.31006724465958424,FALSE,FALSE
1984-01-04,East_Antarctica,0.918416623,-0.01197622548087873,0.01197622548087873,0.31006724465958424,FALSE,FALSE
1984-01-06,East_Antarctica,0.858912088,-0.04485606265056885,0.04485606265056885,0.31006724465958424,FALSE,FALSE
1984-01-08,East_Antarctica,0.811803629,-0.06655713793607465,0.06655713793607465,0.31006724465958424,FALSE,FALSE
1984-01-10,East_Antarctica,0.774144385,-0.07985105410824966,0.07985105410824966,0.31006724465958424,FALSE,FALSE
1984-01-12,East_Antarctica,0.739790617,-0.09070629193794644,0.09070629193794644,0.31006724465958424,FALSE,FALSE
1984-01-14,East_Antarctica,0.713938884,-0.09375136902744464,0.09375136902744464,0.31006724465958424,FALSE,FALSE
1984-01-16,East_Antarctica,0.671681046,-0.1137846251415826,0.1137846251415826,0.31006724465958424,FALSE,FALSE
1984-01-18,East_Antarctica,0.657182209,-0.10667367442237174,0.10667367442237174,0.31006724465958424,FALSE,FALSE
1984-01-20,East_Antarctica,0.643906423,-0.09900604763210852,0.09900604763210852,0.31006724465958424,FALSE,FALSE
1984-01-22,East_Antarctica,0.628075226,-0.0946117875330903,0.0946117875330903,0.31006724465958424,FALSE,FALSE
1984-01-24,East_Antarctica,0.587335963,-0.11589512988761486,0.11589512988761486,0.31006724465958424,FALSE,FALSE
1984-01-26,East_Antarctica,0.58310135,-0.1014949394579785,0.1014949394579785,0.31006724465958424,FALSE,FALSE
1984-01-28,East_Antarctica,0.571123324,-0.09570204104873148,0.09570204104873148,0.31006724465958424,FALSE,FALSE
1984-01-30,East_Antarctica,0.537871952,-0.11204339157264433,0.11204339157264433,0.31006724465958424,FALSE,FALSE
1984-02-01,East_Antarctica,0.529396271,-0.10445219564267982,0.10445219564267982,0.31006724465958424,FALSE,FALSE
1984-02-03,East_Antarctica,0.516733146,-0.10187382246723052,0.10187382246723052,0.31006724465958424,FALSE,FALSE
1984-02-05,East_Antarctica,0.484614093,-0.11955899025468963,0.11955899025468963,0.31006724465958424,FALSE,FALSE
1984-02-07,East_Antarctica,0.430172907,-0.16035613821345107,0.16035613821345107,0.31006724465958424,FALSE,FALSE
1984-02-09,East_Antarctica,0.439488239,-0.13818779038723772,0.13818779038723772,0.31006724465958424,FALSE,FALSE
1984-02-11,East_Antarctica,0.420680871,-0.1451957668670843,0.1451957668670843,0.31006724465958424,FALSE,FALSE
1984-02-13,East_Antarctica,0.387621961,-0.1679620762937225,0.1679620762937225,0.31006724465958424,FALSE,FALSE
1984-02-15,East_Antarctica,0.382253105,-0.1650026120533956,0.1650026120533956,0.31006724465958424,FALSE,FALSE
1984-02-17,East_Antarctica,0.379355714,-0.16199345253234998,0.16199345253234998,0.31006724465958424,FALSE,FALSE
1984-02-19,East_Antarctica,0.373099411,-0.16522246411682784,0.16522246411682784,0.31006724465958424,FALSE,FALSE
1984-02-21,East_Antarctica,0.397568243,-0.1410600135045847,0.1410600135045847,0.31006724465958424,FALSE,FALSE
1984-02-23,East_Antarctica,0.416525146,-0.12600516423625696,0.12600516423625696,0.31006724465958424,FALSE,FALSE
1984-02-25,East_Antarctica,0.379795147,-0.1701920297216188,0.1701920297216188,0.31006724465958424,FALSE,FALSE
1984-02-27,East_Antarctica,0.359752256,-0.2011791407545383,0.2011791407545383,0.31006724465958424,FALSE,FALSE
1984-03-01,East_Antarctica,0.591575082,0.00783613430782215,0.00783613430782215,0.31006724465958424,FALSE,FALSE
1984-03-02,East_Antarctica,0.437695306,-0.1553167546385275,0.1553167546385275,0.31006724465958424,FALSE,FALSE
1984-03-04,East_Antarctica,0.448346439,-0.16566714293456736,0.16566714293456736,0.31006724465958424,FALSE,FALSE
1984-03-06,East_Antarctica,0.470921751,-0.1671990224931834,0.1671990224931834,0.31006724465958424,FALSE,FALSE
1984-03-08,East_Antarctica,0.468596128,-0.19615476229282872,0.19615476229282872,0.31006724465958424,FALSE,FALSE
1984-03-10,East_Antarctica,0.481659532,-0.21157071326069532,0.21157071326069532,0.31006724465958424,FALSE,FALSE
1984-03-12,East_Antarctica,0.469510373,-0.2533747783239729,0.2533747783239729,0.31006724465958424,FALSE,FALSE
1984-03-14,East_Antarctica,0.503740218,-0.24930170340985425,0.24930170340985425,0.31006724465958424,FALSE,FALSE
1984-03-16,East_Antarctica,0.500150433,-0.2828764354455302,0.2828764354455302,0.31006724465958424,FALSE,FALSE
1984-03-18,East_Antarctica,0.537175275,-0.27506203322803957,0.27506203322803957,0.31006724465958424,FALSE,FALSE
1984-03-20,East_Antarctica,0.583454287,-0.2572523572839919,0.2572523572839919,0.31006724465958424,FALSE,FALSE
1984-03-22,East_Antarctica,0.618847525,-0.24995610655152467,0.24995610655152467,0.31006724465958424,FALSE,FALSE
1984-03-24,East_Antarctica,0.644393814,-0.2525062249761679,0.2525062249761679,0.31006724465958424,FALSE,FALSE
1984-03-26,East_Antarctica,0.727488166,-0.19787946950345436,0.19787946950345436,0.31006724465958424,FALSE,FALSE
1984-03-28,East_Antarctica,0.783828436,-0.17074975407891613,0.17074975407891613,0.31006724465958424,FALSE,FALSE
1984-03-30,East_Antarctica,0.788624514,-0.1962702282645402,0.1962702282645402,0.31006724465958424,FALSE,FALSE
1984-04-01,East_Antarctica,0.809896397,-0.20652447684112063,0.20652447684112063,0.31006724465958424,FALSE,FALSE
1984-04-03,East_Antarctica,0.851738622,-0.19722457469627608,0.19722457469627608,0.31006724465958424,FALSE,FALSE
1984-04-05,East_Antarctica,0.886134906,-0.19617714199983272,0.19617714199983272,0.31006724465958424,FALSE,FALSE
1984-04-07,East_Antarctica,0.933262629,-0.18299513592161945,0.18299513592161945,0.31006724465958424,FALSE,FALSE
1984-04-09,East_Antarctica,0.989329397,-0.1612612876314622,0.1612612876314622,0.31006724465958424,FALSE,FALSE
1984-04-11,East_Antarctica,1.038184114,-0.14691719281106352,0.14691719281106352,0.31006724465958424,FALSE,FALSE
1984-04-13,East_Antarctica,1.11013156,-0.10951496850121156,0.10951496850121156,0.31006724465958424,FALSE,FALSE
1984-04-15,East_Antarctica,1.176307635,-0.07794379637564064,0.07794379637564064,0.31006724465958424,FALSE,FALSE
1984-04-17,East_Antarctica,1.251335007,-0.03763231693897273,0.03763231693897273,0.31006724465958424,FALSE,FALSE
1984-04-19,East_Antarctica,1.243503793,-0.08034172169582354,0.08034172169582354,0.31006724465958424,FALSE,FALSE
1984-04-21,East_Antarctica,1.223692368,-0.13524494415081656,0.13524494415081656,0.31006724465958424,FALSE,FALSE
1984-04-23,East_Antarctica,1.281852592,-0.11244143280857256,0.11244143280857256,0.31006724465958424,FALSE,FALSE
1984-04-25,East_Antarctica,1.338302836,-0.09165594355048425,0.09165594355048425,0.31006724465958424,FALSE,FALSE
1984-04-27,East_Antarctica,1.391749601,-0.07417537683919595,0.07417537683919595,0.31006724465958424,FALSE,FALSE
1984-04-29,East_Antarctica,1.377408878,-0.124758459713459,0.124758459713459,0.31006724465958424,FALSE,FALSE
1984-05-01,East_Antarctica,1.401929333,-0.13673121070009753,0.13673121070009753,0.31006724465958424,FALSE,FALSE
1984-05-03,East_Antarctica,1.447983534,-0.1273957463259323,0.1273957463259323,0.31006724465958424,FALSE,FALSE
1984-05-05,East_Antarctica,1.513714121,-0.09858411111778786,0.09858411111778786,0.31006724465958424,FALSE,FALSE
1984-05-07,East_Antarctica,1.621982437,-0.02740796401717338,0.02740796401717338,0.31006724465958424,FALSE,FALSE
1984-05-09,East_Antarctica,1.66723826,-0.01936197679862306,0.01936197679862306,0.31006724465958424,FALSE,FALSE
1984-05-11,East_Antarctica,1.655715804,-0.06813254020712023,0.06813254020712023,0.31006724465958424,FALSE,FALSE
1984-05-13,East_Antarctica,1.639967426,-0.12108717041863092,0.12108717041863092,0.31006724465958424,FALSE,FALSE
1984-05-15,East_Antarctica,1.695974482,-0.10216438460912625,0.10216438460912625,0.31006724465958424,FALSE,FALSE
1984-05-17,East_Antarctica,1.744094641,-0.09092638695457513,0.09092638695457513,0.31006724465958424,FALSE,FALSE
1984-05-19,East_Antarctica,1.744655864,-0.1269646600487062,0.1269646600487062,0.31006724465958424,FALSE,FALSE
1984-05-21,East_Antarctica,1.729089953,-0.1787260645385329,0.1787260645385329,0.31006724465958424,FALSE,FALSE
1984-05-23,East_Antarctica,1.823554305,-0.11985806854097714,0.11985806854097714,0.31006724465958424,FALSE,FALSE
1984-05-25,East_Antarctica,1.887946903,-0.09025978393642142,0.09025978393642142,0.31006724465958424,FALSE,FALSE
1984-05-27,East_Antarctica,1.892904141,-0.1190919116052378,0.1190919116052378,0.31006724465958424,FALSE,FALSE
1984-05-29,East_Antarctica,1.950467112,-0.09411045342780322,0.09411045342780322,0.31006724465958424,FALSE,FALSE
1984-05-31,East_Antarctica,1.986073953,-0.0896743672844944,0.0896743672844944,0.31006724465958424,FALSE,FALSE
1984-06-01,East_Antarctica,2.472874095,0.38212040428738536,0.38212040428738536,0.31006724465958424,TRUE,FALSE
1984-06-02,East_Antarctica,1.998920735,-0.10648958280645492,0.10648958280645492,0.31006724465958424,FALSE,FALSE
1984-06-04,East_Antarctica,2.052886672,-0.08102078934734314,0.08102078934734314,0.31006724465958424,FALSE,FALSE
1984-06-06,East_Antarctica,2.077671772,-0.0840282204515943,0.0840282204515943,0.31006724465958424,FALSE,FALSE
1984-06-08,East_Antarctica,2.161769888,-0.02747826523010932,0.02747826523010932,0.31006724465958424,FALSE,FALSE
1984-06-10,East_Antarctica,2.212044287,-0.00496789879378445,0.00496789879378445,0.31006724465958424,FALSE,FALSE
1984-06-12,East_Antarctica,2.261376728,0.01592439574647697,0.01592439574647697,0.31006724465958424,FALSE,FALSE
1984-06-14,East_Antarctica,2.35591655,0.08094215922096026,0.08094215922096026,0.31006724465958424,FALSE,FALSE
1984-06-16,East_Antarctica,2.384883248,0.0794819720997948,0.0794819720997948,0.31006724465958424,FALSE,FALSE
1984-06-18,East_Antarctica,2.41132078,0.07511846402914912,0.07511846402914912,0.31006724465958424,FALSE,FALSE
1984-06-20,East_Antarctica,2.459193751,0.09235187285932644,0.09235187285932644,0.31006724465958424,FALSE,FALSE
1984-06-22,East_Antarctica,2.47251334,0.07572901044063451,0.07572901044063451,0.31006724465958424,FALSE,FALSE
1984-06-24,East_Antarctica,2.540730018,0.11523598062338136,0.11523598062338136,0.31006724465958424,FALSE,FALSE
1984-06-26,East_Antarctica,2.625067475,0.17262258650064588,0.17262258650064588,0.31006724465958424,FALSE,FALSE
1984-06-28,East_Antarctica,2.677609959,0.200121455808306,0.200121455808306,0.31006724465958424,FALSE,FALSE
1984-06-30,East_Antarctica,2.690786382,0.1898147175468865,0.1898147175468865,0.31006724465958424,FALSE,FALSE
1984-07-01,East_Antarctica,2.951313027,0.43906609900150073,0.43906609900150073,0.31006724465958424,TRUE,FALSE
1984-07-02,East_Antarctica,2.747322544,0.22404784227232488,0.22404784227232488,0.31006724465958424,FALSE,FALSE
1984-07-04,East_Antarctica,2.774629163,0.22985121854056567,0.22985121854056567,0.31006724465958424,FALSE,FALSE
1984-07-06,East_Antarctica,2.787650855,0.22178913290754965,0.22178913290754965,0.31006724465958424,FALSE,FALSE
1984-07-08,East_Antarctica,2.769334423,0.18242811637337344,0.18242811637337344,0.31006724465958424,FALSE,FALSE
1984-07-10,East_Antarctica,2.768963165,0.1607406810861476,0.1607406810861476,0.31006724465958424,FALSE,FALSE
1984-07-12,East_Antarctica,2.770391566,0.14047492312377186,0.14047492312377186,0.31006724465958424,FALSE,FALSE
1984-07-14,East_Antarctica,2.826974419,0.1749166405793794,0.1749166405793794,0.31006724465958424,FALSE,FALSE
1984-07-16,East_Antarctica,2.754376286,0.0796614005461036,0.0796614005461036,0.31006724465958424,FALSE,FALSE
1984-07-18,East_Antarctica,2.777528073,0.07957111411707807,0.07957111411707807,0.31006724465958424,FALSE,FALSE
1984-07-20,East_Antarctica,2.866670224,0.1448172303854358,0.1448172303854358,0.31006724465958424,FALSE,FALSE
1984-07-22,East_Antarctica,2.971019709,0.2245932376425066,0.2245932376425066,0.31006724465958424,FALSE,FALSE
1984-07-24,East_Antarctica,3.034204548,0.2628290929110757,0.2628290929110757,0.31006724465958424,FALSE,FALSE
1984-07-26,East_Antarctica,3.062103893,0.2658475607863884,0.2658475607863884,0.31006724465958424,FALSE,FALSE
1984-07-28,East_Antarctica,3.092735316,0.272110409338123,0.272110409338123,0.31006724465958424,FALSE,FALSE
1984-07-30,East_Antarctica,3.115525285,0.27148830263596135,0.27148830263596135,0.31006724465958424,FALSE,FALSE
1984-08-01,East_Antarctica,3.17756981,0.3115214467495857,0.3115214467495857,0.31006724465958424,TRUE,FALSE
1984-08-03,East_Antarctica,3.192649091,0.3064144423822084,0.3064144423822084,0.31006724465958424,FALSE,FALSE
1984-08-05,East_Antarctica,3.234246989,0.32965510351853844,0.32965510351853844,0.31006724465958424,TRUE,FALSE
1984-08-07,East_Antarctica,3.18955528,0.2680372046960309,0.2680372046960309,0.31006724465958424,FALSE,FALSE
1984-08-09,East_Antarctica,3.078608589,0.1411812750860424,0.1411812750860424,0.31006724465958424,FALSE,FALSE
1984-08-11,East_Antarctica,3.079939415,0.12720571785992796,0.12720571785992796,0.31006724465958424,FALSE,FALSE
1984-08-13,East_Antarctica,3.071848961,0.10399764018904369,0.10399764018904369,0.31006724465958424,FALSE,FALSE
1984-08-15,East_Antarctica,3.065956867,0.08276411854047216,0.08276411854047216,0.31006724465958424,FALSE,FALSE
1984-08-17,East_Antarctica,3.085838898,0.08691184991180911,0.08691184991180911,0.31006724465958424,FALSE,FALSE
1984-08-19,East_Antarctica,3.10631555,0.0916001635838759,0.0916001635838759,0.31006724465958424,FALSE,FALSE
1984-08-21,East_Antarctica,3.069689508,0.0395341328889196,0.0395341328889196,0.31006724465958424,FALSE,FALSE
1984-08-23,East_Antarctica,3.009616362,-0.03522826384081856,0.03522826384081856,0.31006724465958424,FALSE,FALSE
1984-08-25,East_Antarctica,2.997494428,-0.06088632227309087,0.06088632227309087,0.31006724465958424,FALSE,FALSE
1984-08-27,East_Antarctica,3.059983075,-0.01037828507565219,0.01037828507565219,0.31006724465958424,FALSE,FALSE
1984-08-29,East_Antarctica,3.054832225,-0.02564245677923748,0.02564245677923748,0.31006724465958424,FALSE,FALSE
1984-08-31,East_Antarctica,3.018673825,-0.07018114294641009,0.07018114294641009,0.31006724465958424,FALSE,FALSE
1984-09-01,East_Antarctica,3.360392902,0.2679129145894228,0.2679129145894228,0.31006724465958424,FALSE,FALSE
1984-09-02,East_Antarctica,3.051737374,-0.04403609900466554,0.04403609900466554,0.31006724465958424,FALSE,FALSE
1984-09-04,East_Antarctica,3.087704693,-0.01379679521118726,0.01379679521118726,0.31006724465958424,FALSE,FALSE
1984-09-06,East_Antarctica,3.090917465,-0.01539283982316552,0.01539283982316552,0.31006724465958424,FALSE,FALSE
1984-09-08,East_Antarctica,3.040403602,-0.07006761209778833,0.07006761209778833,0.31006724465958424,FALSE,FALSE
1984-09-10,East_Antarctica,3.110260296,-0.00399008584782034,0.00399008584782034,0.31006724465958424,FALSE,FALSE
1984-09-12,East_Antarctica,3.226311947,0.1084642268673095,0.1084642268673095,0.31006724465958424,FALSE,FALSE
1984-09-14,East_Antarctica,3.253192301,0.13177530092809953,0.13177530092809953,0.31006724465958424,FALSE,FALSE
1984-09-16,East_Antarctica,3.263614876,0.13850382031138508,0.13850382031138508,0.31006724465958424,FALSE,FALSE
1984-09-18,East_Antarctica,3.295336421,0.1662536999940012,0.1662536999940012,0.31006724465958424,FALSE,FALSE
1984-09-20,East_Antarctica,3.29271425,0.15922941995278528,0.15922941995278528,0.31006724465958424,FALSE,FALSE
1984-09-22,East_Antarctica,3.235988846,0.09752471612016356,0.09752471612016356,0.31006724465958424,FALSE,FALSE
1984-09-24,East_Antarctica,3.104990791,-0.03883985227509701,0.03883985227509701,0.31006724465958424,FALSE,FALSE
1984-09-26,East_Antarctica,3.020376825,-0.1285114011251003,0.1285114011251003,0.31006724465958424,FALSE,FALSE
1984-09-28,East_Antarctica,3.015001267,-0.13789771689355268,0.13789771689355268,0.31006724465958424,FALSE,FALSE
1984-09-30,East_Antarctica,2.952931386,-0.20219363604416207,0.20219363604416207,0.31006724465958424,FALSE,FALSE
1984-10-01,East_Antarctica,2.983120573,-0.17221760622018278,0.17221760622018278,0.31006724465958424,FALSE,FALSE
1984-10-02,East_Antarctica,2.993901652,-0.16092679404063048,0.16092679404063048,0.31006724465958424,FALSE,FALSE
1984-10-04,East_Antarctica,2.935453028,-0.21581836110745867,0.21581836110745867,0.31006724465958424,FALSE,FALSE
1984-10-06,East_Antarctica,2.850234045,-0.29371520515393046,0.29371520515393046,0.31006724465958424,FALSE,FALSE
1984-10-08,East_Antarctica,2.825967179,-0.30718955109335777,0.30718955109335777,0.31006724465958424,FALSE,FALSE
1984-10-10,East_Antarctica,2.889604037,-0.2297555558492217,0.2297555558492217,0.31006724465958424,FALSE,FALSE
1984-10-12,East_Antarctica,2.960098287,-0.14292531534501496,0.14292531534501496,0.31006724465958424,FALSE,FALSE
1984-10-14,East_Antarctica,2.971042085,-0.11357243750421776,0.11357243750421776,0.31006724465958424,FALSE,FALSE
1984-10-16,East_Antarctica,2.959418496,-0.10517962125031488,0.10517962125031488,0.31006724465958424,FALSE,FALSE
1984-10-18,East_Antarctica,2.89336125,-0.14999561341045187,0.14999561341045187,0.31006724465958424,FALSE,FALSE
1984-10-20,East_Antarctica,2.945322348,-0.07524646150513137,0.07524646150513137,0.31006724465958424,FALSE,FALSE
1984-10-22,East_Antarctica,3.052621031,0.05706323176019179,0.05706323176019179,0.31006724465958424,FALSE,FALSE
1984-10-24,East_Antarctica,3.085804502,0.11815950857582358,0.11815950857582358,0.31006724465958424,FALSE,FALSE
1984-10-26,East_Antarctica,3.055587543,0.11943599013207208,0.11943599013207208,0.31006724465958424,FALSE,FALSE
1984-10-28,East_Antarctica,3.076312096,0.1759134576192376,0.1759134576192376,0.31006724465958424,FALSE,FALSE
1984-10-30,East_Antarctica,3.023543207,0.16382338558025022,0.16382338558025022,0.31006724465958424,FALSE,FALSE
1984-11-01,East_Antarctica,2.980028806,0.16624255323930637,0.16624255323930637,0.31006724465958424,FALSE,FALSE
1984-11-03,East_Antarctica,2.963326635,0.20068818641461084,0.20068818641461084,0.31006724465958424,FALSE,FALSE
1984-11-05,East_Antarctica,2.928193551,0.22185784191807167,0.22185784191807167,0.31006724465958424,FALSE,FALSE
1984-11-07,East_Antarctica,2.920524065,0.27558673056159355,0.27558673056159355,0.31006724465958424,FALSE,FALSE
1984-11-09,East_Antarctica,2.898298685,0.31979606015708173,0.31979606015708173,0.31006724465958424,TRUE,TRUE
1984-11-11,East_Antarctica,2.849678166,0.3425863779517364,0.3425863779517364,0.31006724465958424,TRUE,TRUE
1984-11-13,East_Antarctica,2.860268999,0.42922223006557125,0.42922223006557125,0.31006724465958424,TRUE,TRUE
1984-11-15,East_Antarctica,2.818522779,0.4671338201156807,0.4671338201156807,0.31006724465958424,TRUE,TRUE
1984-11-17,East_Antarctica,2.775698215,0.506458096323064,0.506458096323064,0.31006724465958424,TRUE,TRUE
1984-11-19,East_Antarctica,2.696435085,0.5107130759087157,0.5107130759087157,0.31006724465958424,TRUE,TRUE
1984-11-21,East_Antarctica,2.557152407,0.45519601609363614,0.45519601609363614,0.31006724465958424,TRUE,TRUE
1984-11-23,East_Antarctica,2.46322248,0.44415745509881965,0.44415745509881965,0.31006724465958424,TRUE,TRUE
1984-11-25,East_Antarctica,2.389470138,0.4514062037892308,0.4514062037892308,0.31006724465958424,TRUE,TRUE
1984-11-27,East_Antarctica,2.280901752,0.4215419420249673,0.4215419420249673,0.31006724465958424,TRUE,TRUE
1984-11-29,East_Antarctica,2.121318668,0.33817713778797565,0.33817713778797565,0.31006724465958424,TRUE,TRUE
1984-12-01,East_Antarctica,1.990688901,0.28109120146946664,0.28109120146946664,0.31006724465958424,FALSE,FALSE
1984-12-03,East_Antarctica,1.827647556,0.188730633460646,0.188730633460646,0.31006724465958424,FALSE,FALSE
1984-12-05,East_Antarctica,1.725142558,0.15385475415272265,0.15385475415272265,0.31006724465958424,FALSE,FALSE
1984-12-07,East_Antarctica,1.616703467,0.10981206085696282,0.10981206085696282,0.31006724465958424,FALSE,FALSE
1984-12-09,East_Antarctica,1.447530919,0.00174137917809602,0.00174137917809602,0.31006724465958424,FALSE,FALSE
1984-12-11,East_Antarctica,1.316343711,-0.07160511459446228,0.07160511459446228,0.31006724465958424,FALSE,FALSE
1984-12-13,East_Antarctica,1.227524697,-0.10580853452772288,0.10580853452772288,0.31006724465958424,FALSE,FALSE
1984-12-15,East_Antarctica,1.146954804,-0.13495192168869785,0.13495192168869785,0.31006724465958424,FALSE,FALSE
1984-12-17,East_Antarctica,1.093712473,-0.13992080314440036,0.13992080314440036,0.31006724465958424,FALSE,FALSE
1984-12-19,East_Antarctica,1.10045205,-0.08802399447833431,0.08802399447833431,0.31006724465958424,FALSE,FALSE
1984-12-21,East_Antarctica,1.065840432,-0.08049173417681188,0.08049173417681188,0.31006724465958424,FALSE,FALSE
1984-12-23,East_Antarctica,1.041561332,-0.06542342161581938,0.06542342161581938,0.31006724465958424,FALSE,FALSE
1984-12-25,East_Antarctica,1.045124714,-0.02508089158498583,0.02508089158498583,0.31006724465958424,FALSE,FALSE
1984-12-27,East_Antarctica,0.986819263,-0.0489472578739446,0.0489472578739446,0.31006724465958424,FALSE,FALSE
1984-12-29,East_Antarctica,0.959711839,-0.04372745927232147,0.04372745927232147,0.31006724465958424,FALSE,FALSE
1984-12-31,East_Antarctica,0.925832764,-0.04716297256975432,0.04716297256975432,0.31006724465958424,FALSE,FALSE
1985-01-01,East_Antarctica,0.82408458,-0.14891115656975407,0.14891115656975407,0.31006724465958424,FALSE,FALSE
1985-01-02,East_Antarctica,0.899502631,-0.05890748765614784,0.05890748765614784,0.31006724465958424,FALSE,FALSE
1985-01-04,East_Antarctica,0.876514876,-0.05387797248087878,0.05387797248087878,0.31006724465958424,FALSE,FALSE
1985-01-06,East_Antarctica,0.871043974,-0.03272417665056881,0.03272417665056881,0.31006724465958424,FALSE,FALSE
1985-01-08,East_Antarctica,0.865974914,-0.01238585293607463,0.01238585293607463,0.31006724465958424,FALSE,FALSE
1985-01-10,East_Antarctica,0.862257206,0.00826176689175028,0.00826176689175028,0.31006724465958424,FALSE,FALSE
1985-01-12,East_Antarctica,0.869901855,0.03940494606205347,0.03940494606205347,0.31006724465958424,FALSE,FALSE
1985-01-14,East_Antarctica,0.827635648,0.01994539497255532,0.01994539497255532,0.31006724465958424,FALSE,FALSE
1985-01-16,East_Antarctica,0.800938307,0.0154726358584174,0.0154726358584174,0.31006724465958424,FALSE,FALSE
1985-01-18,East_Antarctica,0.805498993,0.04164310957762829,0.04164310957762829,0.31006724465958424,FALSE,FALSE
1985-01-20,East_Antarctica,0.790986212,0.04807374136789144,0.04807374136789144,0.31006724465958424,FALSE,FALSE
1985-01-22,East_Antarctica,0.782111549,0.05942453546690973,0.05942453546690973,0.31006724465958424,FALSE,FALSE
1985-01-24,East_Antarctica,0.766069947,0.0628388541123851,0.0628388541123851,0.31006724465958424,FALSE,FALSE
1985-01-26,East_Antarctica,0.761642666,0.07704637654202151,0.07704637654202151,0.31006724465958424,FALSE,FALSE
1985-01-28,East_Antarctica,0.763619023,0.09679365795126849,0.09679365795126849,0.31006724465958424,FALSE,FALSE
1985-01-30,East_Antarctica,0.720453226,0.07053788242735559,0.07053788242735559,0.31006724465958424,FALSE,FALSE
1985-02-01,East_Antarctica,0.705057082,0.07120861535732015,0.07120861535732015,0.31006724465958424,FALSE,FALSE
1985-02-03,East_Antarctica,0.692209323,0.07360235453276953,0.07360235453276953,0.31006724465958424,FALSE,FALSE
1985-02-05,East_Antarctica,0.667977487,0.06380440374531038,0.06380440374531038,0.31006724465958424,FALSE,FALSE
1985-02-07,East_Antarctica,0.633265784,0.04273673878654893,0.04273673878654893,0.31006724465958424,FALSE,FALSE
1985-02-09,East_Antarctica,0.620473648,0.04279761861276232,0.04279761861276232,0.31006724465958424,FALSE,FALSE
1985-02-11,East_Antarctica,0.596661117,0.03078447913291571,0.03078447913291571,0.31006724465958424,FALSE,FALSE
1985-02-13,East_Antarctica,0.56918847400000006,0.01360443670627753,0.01360443670627753,0.31006724465958424,FALSE,FALSE
1985-02-15,East_Antarctica,0.546218823,-0.00103689405339557,0.00103689405339557,0.31006724465958424,FALSE,FALSE
1985-02-17,East_Antarctica,0.5495195,0.00817033346765006,0.00817033346765006,0.31006724465958424,FALSE,FALSE
1985-02-19,East_Antarctica,0.536906314,-0.00141556111682783,0.00141556111682783,0.31006724465958424,FALSE,FALSE
1985-02-21,East_Antarctica,0.532668661,-0.00595959550458469,0.00595959550458469,0.31006724465958424,FALSE,FALSE
1985-02-23,East_Antarctica,0.536903253,-0.005627057236257,0.005627057236257,0.31006724465958424,FALSE,FALSE
1985-02-25,East_Antarctica,0.591328841,0.04134166427838126,0.04134166427838126,0.31006724465958424,FALSE,FALSE
1985-02-27,East_Antarctica,0.629507523,0.06857612624546172,0.06857612624546172,0.31006724465958424,FALSE,FALSE
1985-03-01,East_Antarctica,0.627785054,0.05248954287111485,0.05248954287111485,0.31006724465958424,FALSE,FALSE
1985-03-03,East_Antarctica,0.613094971,0.02008291036147247,0.02008291036147247,0.31006724465958424,FALSE,FALSE
1985-03-05,East_Antarctica,0.625580717,0.01156713506543261,0.01156713506543261,0.31006724465958424,FALSE,FALSE
1985-03-07,East_Antarctica,0.624916314,-0.01320445949318338,0.01320445949318338,0.31006724465958424,FALSE,FALSE
1985-03-09,East_Antarctica,0.634698036,-0.03005285429282878,0.03005285429282878,0.31006724465958424,FALSE,FALSE
1985-03-11,East_Antarctica,0.639164309,-0.05406593626069533,0.05406593626069533,0.31006724465958424,FALSE,FALSE
1985-03-13,East_Antarctica,0.642867748,-0.08001740332397289,0.08001740332397289,0.31006724465958424,FALSE,FALSE
1985-03-15,East_Antarctica,0.67159483,-0.08144709140985429,0.08144709140985429,0.31006724465958424,FALSE,FALSE
1985-03-17,East_Antarctica,0.690561235,-0.09246563344553016,0.09246563344553016,0.31006724465958424,FALSE,FALSE
1985-03-19,East_Antarctica,0.723330999,-0.08890630922803955,0.08890630922803955,0.31006724465958424,FALSE,FALSE
1985-03-21,East_Antarctica,0.707441479,-0.1332651652839919,0.1332651652839919,0.31006724465958424,FALSE,FALSE
1985-03-23,East_Antarctica,0.730994458,-0.13780917355152467,0.13780917355152467,0.31006724465958424,FALSE,FALSE
1985-03-25,East_Antarctica,0.755809651,-0.1410903879761679,0.1410903879761679,0.31006724465958424,FALSE,FALSE
1985-03-27,East_Antarctica,0.791283115,-0.13408452050345432,0.13408452050345432,0.31006724465958424,FALSE,FALSE
1985-03-29,East_Antarctica,0.824064466,-0.13051372407891604,0.13051372407891604,0.31006724465958424,FALSE,FALSE
1985-03-31,East_Antarctica,0.801035695,-0.18385904726454017,0.18385904726454017,0.31006724465958424,FALSE,FALSE
1985-04-01,East_Antarctica,1.208158861,0.20764118078387697,0.20764118078387697,0.31006724465958424,FALSE,FALSE
1985-04-02,East_Antarctica,0.86973473,-0.14668614384112066,0.14668614384112066,0.31006724465958424,FALSE,FALSE
1985-04-04,East_Antarctica,0.950559707,-0.098403489696276,0.098403489696276,0.31006724465958424,FALSE,FALSE
1985-04-06,East_Antarctica,1.023819285,-0.05849276299983264,0.05849276299983264,0.31006724465958424,FALSE,FALSE
1985-04-08,East_Antarctica,1.054611282,-0.06164648292161945,0.06164648292161945,0.31006724465958424,FALSE,FALSE
1985-04-10,East_Antarctica,1.068667489,-0.08192319563146211,0.08192319563146211,0.31006724465958424,FALSE,FALSE
1985-04-12,East_Antarctica,1.070390465,-0.1147108418110636,0.1147108418110636,0.31006724465958424,FALSE,FALSE
1985-04-14,East_Antarctica,1.058825203,-0.16082132550121142,0.16082132550121142,0.31006724465958424,FALSE,FALSE
1985-04-16,East_Antarctica,1.099470417,-0.1547810143756405,0.1547810143756405,0.31006724465958424,FALSE,FALSE
1985-04-18,East_Antarctica,1.184967269,-0.1040000549389728,0.1040000549389728,0.31006724465958424,FALSE,FALSE
1985-04-20,East_Antarctica,1.238534259,-0.08531125569582354,0.08531125569582354,0.31006724465958424,FALSE,FALSE
1985-04-22,East_Antarctica,1.258325839,-0.10061147315081652,0.10061147315081652,0.31006724465958424,FALSE,FALSE
1985-04-24,East_Antarctica,1.297043011,-0.09725101380857248,0.09725101380857248,0.31006724465958424,FALSE,FALSE
1985-04-26,East_Antarctica,1.30447918,-0.12547959955048427,0.12547959955048427,0.31006724465958424,FALSE,FALSE
1985-04-28,East_Antarctica,1.343174786,-0.12275019183919578,0.12275019183919578,0.31006724465958424,FALSE,FALSE
1985-04-30,East_Antarctica,1.380328967,-0.12183837071345892,0.12183837071345892,0.31006724465958424,FALSE,FALSE
1985-05-01,East_Antarctica,1.815788431,0.29540426384019547,0.29540426384019547,0.31006724465958424,FALSE,FALSE
1985-05-02,East_Antarctica,1.432570194,-0.10609034970009756,0.10609034970009756,0.31006724465958424,FALSE,FALSE
1985-05-04,East_Antarctica,1.469998282,-0.1053809983259324,0.1053809983259324,0.31006724465958424,FALSE,FALSE
1985-05-06,East_Antarctica,1.489883169,-0.12241506311778784,0.12241506311778784,0.31006724465958424,FALSE,FALSE
1985-05-08,East_Antarctica,1.549369165,-0.10002123601717328,0.10002123601717328,0.31006724465958424,FALSE,FALSE
1985-05-10,East_Antarctica,1.58334587,-0.103254366798623,0.103254366798623,0.31006724465958424,FALSE,FALSE
1985-05-12,East_Antarctica,1.617891075,-0.10595726920712024,0.10595726920712024,0.31006724465958424,FALSE,FALSE
1985-05-14,East_Antarctica,1.666478517,-0.09457607941863078,0.09457607941863078,0.31006724465958424,FALSE,FALSE
1985-05-16,East_Antarctica,1.709946637,-0.0881922296091262,0.0881922296091262,0.31006724465958424,FALSE,FALSE
1985-05-18,East_Antarctica,1.740635541,-0.09438548695457503,0.09438548695457503,0.31006724465958424,FALSE,FALSE
1985-05-20,East_Antarctica,1.783805778,-0.0878147460487062,0.0878147460487062,0.31006724465958424,FALSE,FALSE
1985-05-22,East_Antarctica,1.824880777,-0.08293524053853285,0.08293524053853285,0.31006724465958424,FALSE,FALSE
1985-05-24,East_Antarctica,1.909291369,-0.03412100454097722,0.03412100454097722,0.31006724465958424,FALSE,FALSE
1985-05-26,East_Antarctica,1.978178132,-2.8554936421398835e-5,2.8554936421398835e-5,0.31006724465958424,FALSE,FALSE
1985-05-28,East_Antarctica,2.013414644,0.00141859139476219,0.00141859139476219,0.31006724465958424,FALSE,FALSE
1985-05-30,East_Antarctica,1.955317449,-0.08926011642780307,0.08926011642780307,0.31006724465958424,FALSE,FALSE
1985-06-01,East_Antarctica,1.934475554,-0.14127276628449437,0.14127276628449437,0.31006724465958424,FALSE,FALSE
1985-06-03,East_Antarctica,2.0282915,-0.07711881780645502,0.07711881780645502,0.31006724465958424,FALSE,FALSE
1985-06-05,East_Antarctica,2.079594582,-0.0543128793473433,0.0543128793473433,0.31006724465958424,FALSE,FALSE
1985-06-07,East_Antarctica,2.18783598,0.02613598754840573,0.02613598754840573,0.31006724465958424,FALSE,FALSE
1985-06-09,East_Antarctica,2.229784317,0.04053616376989089,0.04053616376989089,0.31006724465958424,FALSE,FALSE
1985-06-11,East_Antarctica,2.325397073,0.10838488720621564,0.10838488720621564,0.31006724465958424,FALSE,FALSE
1985-06-13,East_Antarctica,2.400913122,0.1554607897464768,0.1554607897464768,0.31006724465958424,FALSE,FALSE
1985-06-15,East_Antarctica,2.425585523,0.15061113222096045,0.15061113222096045,0.31006724465958424,FALSE,FALSE
1985-06-17,East_Antarctica,2.370111367,0.06471009109979464,0.06471009109979464,0.31006724465958424,FALSE,FALSE
1985-06-19,East_Antarctica,2.35035461,0.01415229402914919,0.01415229402914919,0.31006724465958424,FALSE,FALSE
1985-06-21,East_Antarctica,2.32621904,-0.04062283814067369,0.04062283814067369,0.31006724465958424,FALSE,FALSE
1985-06-23,East_Antarctica,2.2893985,-0.10738582955936549,0.10738582955936549,0.31006724465958424,FALSE,FALSE
1985-06-25,East_Antarctica,2.265454396,-0.16003964137661875,0.16003964137661875,0.31006724465958424,FALSE,FALSE
1985-06-27,East_Antarctica,2.33256886,-0.11987602849935408,0.11987602849935408,0.31006724465958424,FALSE,FALSE
1985-06-29,East_Antarctica,2.421990084,-0.05549841919169429,0.05549841919169429,0.31006724465958424,FALSE,FALSE
1985-07-01,East_Antarctica,2.480747603,-0.0202240614531135,0.0202240614531135,0.31006724465958424,FALSE,FALSE
1985-07-03,East_Antarctica,2.524959383,0.00168468127232479,0.00168468127232479,0.31006724465958424,FALSE,FALSE
1985-07-05,East_Antarctica,2.561064992,0.01628704754056542,0.01628704754056542,0.31006724465958424,FALSE,FALSE
1985-07-07,East_Antarctica,2.604393934,0.03853221190754974,0.03853221190754974,0.31006724465958424,FALSE,FALSE
1985-07-09,East_Antarctica,2.657397103,0.07049079637337341,0.07049079637337341,0.31006724465958424,FALSE,FALSE
1985-07-11,East_Antarctica,2.712960686,0.1047382020861476,0.1047382020861476,0.31006724465958424,FALSE,FALSE
1985-07-13,East_Antarctica,2.673279838,0.04336319512377207,0.04336319512377207,0.31006724465958424,FALSE,FALSE
1985-07-15,East_Antarctica,2.63516972,-0.01688805842062057,0.01688805842062057,0.31006724465958424,FALSE,FALSE
1985-07-17,East_Antarctica,2.64089587,-0.0338190154538962,0.0338190154538962,0.31006724465958424,FALSE,FALSE
1985-07-19,East_Antarctica,2.645014602,-0.05294235688292215,0.05294235688292215,0.31006724465958424,FALSE,FALSE
1985-07-21,East_Antarctica,2.760596467,0.03874347338543593,0.03874347338543593,0.31006724465958424,FALSE,FALSE
1985-07-23,East_Antarctica,2.82598481,0.0795583386425065,0.0795583386425065,0.31006724465958424,FALSE,FALSE
1985-07-25,East_Antarctica,2.852997013,0.08162155791107573,0.08162155791107573,0.31006724465958424,FALSE,FALSE
1985-07-27,East_Antarctica,2.768587494,-0.02766883821361165,0.02766883821361165,0.31006724465958424,FALSE,FALSE
1985-07-29,East_Antarctica,2.752022005,-0.06860290166187699,0.06860290166187699,0.31006724465958424,FALSE,FALSE
1985-07-31,East_Antarctica,2.833493364,-0.01054361836403838,0.01054361836403838,0.31006724465958424,FALSE,FALSE
1985-08-01,East_Antarctica,3.185621029,0.3303755070864467,0.3303755070864467,0.31006724465958424,TRUE,FALSE
1985-08-02,East_Antarctica,2.853344955,-0.01270340825041449,0.01270340825041449,0.31006724465958424,FALSE,FALSE
1985-08-04,East_Antarctica,2.88875788,0.00252323138220855,0.00252323138220855,0.31006724465958424,FALSE,FALSE
1985-08-06,East_Antarctica,2.876713912,-0.02787797348146137,0.02787797348146137,0.31006724465958424,FALSE,FALSE
1985-08-08,East_Antarctica,2.866233193,-0.05528488230396933,0.05528488230396933,0.31006724465958424,FALSE,FALSE
1985-08-10,East_Antarctica,2.926827452,-0.01059986191395756,0.01059986191395756,0.31006724465958424,FALSE,FALSE
1985-08-12,East_Antarctica,2.975170744,0.02243704685992797,0.02243704685992797,0.31006724465958424,FALSE,FALSE
1985-08-14,East_Antarctica,3.032439821,0.06458850018904361,0.06458850018904361,0.31006724465958424,FALSE,FALSE
1985-08-16,East_Antarctica,3.096484095,0.11329134654047213,0.11329134654047213,0.31006724465958424,FALSE,FALSE
1985-08-18,East_Antarctica,3.202225322,0.203298273911809,0.203298273911809,0.31006724465958424,FALSE,FALSE
1985-08-20,East_Antarctica,3.2425193,0.22780391358387583,0.22780391358387583,0.31006724465958424,FALSE,FALSE
1985-08-22,East_Antarctica,3.219775875,0.18962049988891927,0.18962049988891927,0.31006724465958424,FALSE,FALSE
1985-08-24,East_Antarctica,3.253641666,0.20879704015918144,0.20879704015918144,0.31006724465958424,FALSE,FALSE
1985-08-26,East_Antarctica,3.222895391,0.16451464072690936,0.16451464072690936,0.31006724465958424,FALSE,FALSE
1985-08-28,East_Antarctica,3.152560264,0.08219890392434781,0.08219890392434781,0.31006724465958424,FALSE,FALSE
1985-08-30,East_Antarctica,3.186797617,0.1063229352207622,0.1063229352207622,0.31006724465958424,FALSE,FALSE
1985-09-01,East_Antarctica,3.175084415,0.08622944705359004,0.08622944705359004,0.31006724465958424,FALSE,FALSE
1985-09-03,East_Antarctica,3.169711577,0.07393810399533463,0.07393810399533463,0.31006724465958424,FALSE,FALSE
1985-09-05,East_Antarctica,3.175417448,0.07391595978881282,0.07391595978881282,0.31006724465958424,FALSE,FALSE
1985-09-07,East_Antarctica,3.279611205,0.17330090017683464,0.17330090017683464,0.31006724465958424,FALSE,FALSE
1985-09-09,East_Antarctica,3.344701483,0.23423026890221177,0.23423026890221177,0.31006724465958424,FALSE,FALSE
1985-09-11,East_Antarctica,3.425286957,0.31103657515217975,0.31103657515217975,0.31006724465958424,TRUE,FALSE
1985-09-13,East_Antarctica,3.484115272,0.3662675518673093,0.3662675518673093,0.31006724465958424,TRUE,FALSE
1985-09-15,East_Antarctica,3.458645243,0.3372282429280995,0.3372282429280995,0.31006724465958424,TRUE,FALSE
1985-09-17,East_Antarctica,3.403310351,0.278199295311385,0.278199295311385,0.31006724465958424,FALSE,FALSE
1985-09-19,East_Antarctica,3.386095706,0.25701298499400105,0.25701298499400105,0.31006724465958424,FALSE,FALSE
1985-09-21,East_Antarctica,3.29623086,0.16274602995278542,0.16274602995278542,0.31006724465958424,FALSE,FALSE
1985-09-23,East_Antarctica,3.276846469,0.1383823391201635,0.1383823391201635,0.31006724465958424,FALSE,FALSE
1985-09-25,East_Antarctica,3.352540167,0.2087095237249028,0.2087095237249028,0.31006724465958424,FALSE,FALSE
1985-09-27,East_Antarctica,3.410869746,0.2619815198748996,0.2619815198748996,0.31006724465958424,FALSE,FALSE
1985-09-29,East_Antarctica,3.42771872,0.2748197361064473,0.2748197361064473,0.31006724465958424,FALSE,FALSE
1985-10-01,East_Antarctica,3.436796016,0.28167099395583817,0.28167099395583817,0.31006724465958424,FALSE,FALSE
1985-10-03,East_Antarctica,3.458242601,0.3034141549593694,0.3034141549593694,0.31006724465958424,FALSE,FALSE
1985-10-05,East_Antarctica,3.397431221,0.2461598318925415,0.2461598318925415,0.31006724465958424,FALSE,FALSE
1985-10-07,East_Antarctica,3.35820954,0.2142602898460693,0.2142602898460693,0.31006724465958424,FALSE,FALSE
1985-10-09,East_Antarctica,3.288923996,0.15576726590664203,0.15576726590664203,0.31006724465958424,FALSE,FALSE
1985-10-11,East_Antarctica,3.269775002,0.1504154091507783,0.1504154091507783,0.31006724465958424,FALSE,FALSE
1985-10-13,East_Antarctica,3.242132143,0.139108540654985,0.139108540654985,0.31006724465958424,FALSE,FALSE
1985-10-15,East_Antarctica,3.224189913,0.13957539049578216,0.13957539049578216,0.31006724465958424,FALSE,FALSE
1985-10-17,East_Antarctica,3.209012332,0.14441421474968497,0.14441421474968497,0.31006724465958424,FALSE,FALSE
1985-10-19,East_Antarctica,3.19193322,0.14857635658954838,0.14857635658954838,0.31006724465958424,FALSE,FALSE
1985-10-21,East_Antarctica,3.112377507,0.09180869749486886,0.09180869749486886,0.31006724465958424,FALSE,FALSE
1985-10-23,East_Antarctica,3.02512157,0.02956377076019167,0.02956377076019167,0.31006724465958424,FALSE,FALSE
1985-10-25,East_Antarctica,3.002560139,0.03491514557582365,0.03491514557582365,0.31006724465958424,FALSE,FALSE
1985-10-27,East_Antarctica,2.903383852,-0.03276770086792791,0.03276770086792791,0.31006724465958424,FALSE,FALSE
1985-10-29,East_Antarctica,2.849715845,-0.05068279338076253,0.05068279338076253,0.31006724465958424,FALSE,FALSE
1985-10-31,East_Antarctica,2.817788715,-0.04193110641974984,0.04193110641974984,0.31006724465958424,FALSE,FALSE
1985-11-01,East_Antarctica,2.403232534,-0.43417598879150976,0.43417598879150976,0.31006724465958424,TRUE,FALSE
1985-11-02,East_Antarctica,2.781307982,-0.03247827076069365,0.03247827076069365,0.31006724465958424,FALSE,FALSE
1985-11-04,East_Antarctica,2.759219029,-0.00341941958538916,0.00341941958538916,0.31006724465958424,FALSE,FALSE
1985-11-06,East_Antarctica,2.742131448,0.03579573891807142,0.03579573891807142,0.31006724465958424,FALSE,FALSE
1985-11-08,East_Antarctica,2.669876554,0.02493921956159361,0.02493921956159361,0.31006724465958424,FALSE,FALSE
1985-11-10,East_Antarctica,2.565195168,-0.01330745684291834,0.01330745684291834,0.31006724465958424,FALSE,FALSE
1985-11-12,East_Antarctica,2.46910265,-0.03798913804826354,0.03798913804826354,0.31006724465958424,FALSE,FALSE
1985-11-14,East_Antarctica,2.400958905,-0.03008786393442886,0.03008786393442886,0.31006724465958424,FALSE,FALSE
1985-11-16,East_Antarctica,2.32077172,-0.03061723888431888,0.03061723888431888,0.31006724465958424,FALSE,FALSE
1985-11-18,East_Antarctica,2.29920159,0.02996147132306426,0.02996147132306426,0.31006724465958424,FALSE,FALSE
1985-11-20,East_Antarctica,2.198252737,0.01253072790871545,0.01253072790871545,0.31006724465958424,FALSE,FALSE
1985-11-22,East_Antarctica,2.133867127,0.03191073609363615,0.03191073609363615,0.31006724465958424,FALSE,FALSE
1985-11-24,East_Antarctica,2.078184732,0.05911970709881942,0.05911970709881942,0.31006724465958424,FALSE,FALSE
1985-11-26,East_Antarctica,2.033940442,0.09587650778923074,0.09587650778923074,0.31006724465958424,FALSE,FALSE
1985-11-28,East_Antarctica,1.98726686,0.12790705002496727,0.12790705002496727,0.31006724465958424,FALSE,FALSE
1985-11-30,East_Antarctica,1.889709406,0.10656787578797576,0.10656787578797576,0.31006724465958424,FALSE,FALSE
1985-12-01,East_Antarctica,1.355838856,-0.39018466494803983,0.39018466494803983,0.31006724465958424,TRUE,FALSE
1985-12-02,East_Antarctica,1.845131494,0.13553379446946678,0.13553379446946678,0.31006724465958424,FALSE,FALSE
1985-12-04,East_Antarctica,1.70326415,0.06434722746064603,0.06434722746064603,0.31006724465958424,FALSE,FALSE
1985-12-06,East_Antarctica,1.657905283,0.08661747915272278,0.08661747915272278,0.31006724465958424,FALSE,FALSE
1985-12-08,East_Antarctica,1.558694196,0.05180278985696285,0.05180278985696285,0.31006724465958424,FALSE,FALSE
1985-12-10,East_Antarctica,1.485895047,0.04010550717809602,0.04010550717809602,0.31006724465958424,FALSE,FALSE
1985-12-12,East_Antarctica,1.442348823,0.05439999740553758,0.05439999740553758,0.31006724465958424,FALSE,FALSE
1985-12-14,East_Antarctica,1.392521242,0.05918801047227706,0.05918801047227706,0.31006724465958424,FALSE,FALSE
1985-12-16,East_Antarctica,1.27405306,-0.00785366568869783,0.00785366568869783,0.31006724465958424,FALSE,FALSE
1985-12-18,East_Antarctica,1.161385791,-0.07224748514440038,0.07224748514440038,0.31006724465958424,FALSE,FALSE
1985-12-20,East_Antarctica,1.132360494,-0.05611555047833416,0.05611555047833416,0.31006724465958424,FALSE,FALSE
1985-12-22,East_Antarctica,1.092476862,-0.05385530417681172,0.05385530417681172,0.31006724465958424,FALSE,FALSE
1985-12-24,East_Antarctica,1.02884299,-0.07814176361581926,0.07814176361581926,0.31006724465958424,FALSE,FALSE
1985-12-26,East_Antarctica,0.976064753,-0.09414085258498583,0.09414085258498583,0.31006724465958424,FALSE,FALSE
1985-12-28,East_Antarctica,0.934906424,-0.1008600968739446,0.1008600968739446,0.31006724465958424,FALSE,FALSE
1985-12-30,East_Antarctica,0.916839481,-0.08659981727232147,0.08659981727232147,0.31006724465958424,FALSE,FALSE
1986-01-01,East_Antarctica,0.820771676,-0.15222406056975402,0.15222406056975402,0.31006724465958424,FALSE,FALSE
1986-01-03,East_Antarctica,0.832698347,-0.11151811138607126,0.11151811138607126,0.31006724465958424,FALSE,FALSE
1986-01-05,East_Antarctica,0.738026116,-0.1788912656619237,0.1788912656619237,0.31006724465958424,FALSE,FALSE
1986-01-07,East_Antarctica,0.733499409,-0.15742383916816682,0.15742383916816682,0.31006724465958424,FALSE,FALSE
1986-01-09,East_Antarctica,0.713076056,-0.15298274367565112,0.15298274367565112,0.31006724465958424,FALSE,FALSE
1986-01-11,East_Antarctica,0.701029348,-0.14111942995522964,0.14111942995522964,0.31006724465958424,FALSE,FALSE
1986-01-13,East_Antarctica,0.681747437,-0.13727048777775708,0.13727048777775708,0.31006724465958424,FALSE,FALSE
1986-01-15,East_Antarctica,0.64366879,-0.15283554661132592,0.15283554661132592,0.31006724465958424,FALSE,FALSE
1986-01-17,East_Antarctica,0.597081379,-0.1774993252135025,0.1774993252135025,0.31006724465958424,FALSE,FALSE
1986-01-19,East_Antarctica,0.540647222,-0.21265043436347783,0.21265043436347783,0.31006724465958424,FALSE,FALSE
1986-01-21,East_Antarctica,0.542041619,-0.1906651548235504,0.1906651548235504,0.31006724465958424,FALSE,FALSE
1986-01-23,East_Antarctica,0.530568916,-0.1822907213560162,0.1822907213560162,0.31006724465958424,FALSE,FALSE
1986-01-25,East_Antarctica,0.503227824,-0.1905800037231734,0.1905800037231734,0.31006724465958424,FALSE,FALSE
1986-01-27,East_Antarctica,0.513553933,-0.16204817380144731,0.16204817380144731,0.31006724465958424,FALSE,FALSE
1986-01-29,East_Antarctica,0.498571335,-0.15969251588044692,0.15969251588044692,0.31006724465958424,FALSE,FALSE
1986-01-31,East_Antarctica,0.476655432,-0.1651221904013725,0.1651221904013725,0.31006724465958424,FALSE,FALSE
1986-02-01,East_Antarctica,0.43570477,-0.19814369664267975,0.19814369664267975,0.31006724465958424,FALSE,FALSE
1986-02-02,East_Antarctica,0.489060604,-0.13706505157261656,0.13706505157261656,0.31006724465958424,FALSE,FALSE
1986-02-04,East_Antarctica,0.500724627,-0.1105655576025718,0.1105655576025718,0.31006724465958424,FALSE,FALSE
1986-02-06,East_Antarctica,0.481585262,-0.11566818169963317,0.11566818169963317,0.31006724465958424,FALSE,FALSE
1986-02-08,East_Antarctica,0.479282066,-0.1047157403191602,0.1047157403191602,0.31006724465958424,FALSE,FALSE
1986-02-10,East_Antarctica,0.448086491,-0.1235300868454523,0.1235300868454523,0.31006724465958424,FALSE,FALSE
1986-02-12,East_Antarctica,0.429554354,-0.13095904162541389,0.13095904162541389,0.31006724465958424,FALSE,FALSE
1986-02-14,East_Antarctica,0.421679062,-0.12946668704528935,0.12946668704528935,0.31006724465958424,FALSE,FALSE
1986-02-16,East_Antarctica,0.421673701,-0.1222974264913228,0.1222974264913228,0.31006724465958424,FALSE,FALSE
1986-02-18,East_Antarctica,0.392085346,-0.14736167434975855,0.14736167434975855,0.31006724465958424,FALSE,FALSE
1986-02-20,East_Antarctica,0.385460056,-0.15257086100683948,0.15257086100683948,0.31006724465958424,FALSE,FALSE
1986-02-22,East_Antarctica,0.378171359,-0.16195935657582672,0.16195935657582672,0.31006724465958424,FALSE,FALSE
1986-02-24,East_Antarctica,0.387961732,-0.15785687608510973,0.15785687608510973,0.31006724465958424,FALSE,FALSE
1986-02-26,East_Antarctica,0.386883361,-0.1681442227450165,0.1681442227450165,0.31006724465958424,FALSE,FALSE
1986-02-28,East_Antarctica,0.386495467,-0.1811947163494167,0.1811947163494167,0.31006724465958424,FALSE,FALSE
1986-03-01,East_Antarctica,0.411837119,-0.16345839212888513,0.16345839212888513,0.31006724465958424,FALSE,FALSE
1986-03-02,East_Antarctica,0.380421469,-0.2033174786921778,0.2033174786921778,0.31006724465958424,FALSE,FALSE
1986-03-04,East_Antarctica,0.351846451,-0.2512599665671691,0.2512599665671691,0.31006724465958424,FALSE,FALSE
1986-03-06,East_Antarctica,0.326338698,-0.299371008616696,0.299371008616696,0.31006724465958424,FALSE,FALSE
1986-03-08,East_Antarctica,0.333019454,-0.31814311767992765,0.31814311767992765,0.31006724465958424,TRUE,TRUE
1986-03-10,East_Antarctica,0.330014565,-0.34878695344778526,0.34878695344778526,0.31006724465958424,TRUE,TRUE
1986-03-12,East_Antarctica,0.305247982,-0.4027048778474575,0.4027048778474575,0.31006724465958424,TRUE,TRUE
1986-03-14,East_Antarctica,0.32425472,-0.41368818880613856,0.41368818880613856,0.31006724465958424,TRUE,TRUE
1986-03-16,East_Antarctica,0.366757357,-0.4013406212510192,0.4013406212510192,0.31006724465958424,TRUE,TRUE
1986-03-18,East_Antarctica,0.395969464,-0.4017773676089277,0.4017773676089277,0.31006724465958424,TRUE,TRUE
1986-03-20,East_Antarctica,0.391100442,-0.43544131341366427,0.43544131341366427,0.31006724465958424,TRUE,TRUE
1986-03-22,East_Antarctica,0.43180235,-0.42297609595721486,0.42297609595721486,0.31006724465958424,TRUE,TRUE
1986-03-24,East_Antarctica,0.42559394,-0.457234732185112,0.457234732185112,0.31006724465958424,TRUE,TRUE
1986-03-26,East_Antarctica,0.463950217,-0.4471139860428861,0.4471139860428861,0.31006724465958424,TRUE,TRUE
1986-03-28,East_Antarctica,0.535354036,-0.40450277147606795,0.40450277147606795,0.31006724465958424,TRUE,TRUE
1986-03-30,East_Antarctica,0.603892922,-0.3656853324301895,0.3656853324301895,0.31006724465958424,TRUE,TRUE
1986-04-01,East_Antarctica,0.636869989,-0.36364769121612306,0.36364769121612306,0.31006724465958424,TRUE,TRUE
1986-04-03,East_Antarctica,0.636275243,-0.396302872285762,0.396302872285762,0.31006724465958424,TRUE,TRUE
1986-04-05,East_Antarctica,0.671083535,-0.39446637521888994,0.39446637521888994,0.31006724465958424,TRUE,TRUE
1986-04-07,East_Antarctica,0.705626215,-0.39359718718533376,0.39359718718533376,0.31006724465958424,TRUE,TRUE
1986-04-09,East_Antarctica,0.690348747,-0.44304018135491896,0.44304018135491896,0.31006724465958424,TRUE,TRUE
1986-04-11,East_Antarctica,0.692153108,-0.47568371789747455,0.47568371789747455,0.31006724465958424,TRUE,TRUE
1986-04-13,East_Antarctica,0.724117897,-0.4782517672896416,0.4782517672896416,0.31006724465958424,TRUE,TRUE
1986-04-15,East_Antarctica,0.732621347,-0.5043169660088529,0.5043169660088529,0.31006724465958424,TRUE,TRUE
1986-04-17,East_Antarctica,0.784166375,-0.4874259221646554,0.4874259221646554,0.31006724465958424,TRUE,TRUE
1986-04-19,East_Antarctica,0.78830398,-0.518078945261669,0.518078945261669,0.31006724465958424,TRUE,TRUE
1986-04-21,East_Antarctica,0.833556751,-0.5078047548045136,0.5078047548045136,0.31006724465958424,TRUE,TRUE
1986-04-23,East_Antarctica,0.859508791,-0.5170705562978114,0.5170705562978114,0.31006724465958424,TRUE,TRUE
1986-04-25,East_Antarctica,0.882178698,-0.529908454086078,0.529908454086078,0.31006724465958424,TRUE,TRUE
1986-04-27,East_Antarctica,0.964537553,-0.4833682232795729,0.4833682232795729,0.31006724465958424,TRUE,TRUE
1986-04-29,East_Antarctica,1.014592752,-0.4694204677952074,0.4694204677952074,0.31006724465958424,TRUE,TRUE
1986-05-01,East_Antarctica,1.066509471,-0.4538746961598046,0.4538746961598046,0.31006724465958424,TRUE,TRUE
1986-05-03,East_Antarctica,1.133489446,-0.4235038569001881,0.4235038569001881,0.31006724465958424,TRUE,TRUE
1986-05-05,East_Antarctica,1.168539921,-0.4252753905431814,0.4252753905431814,0.31006724465958424,TRUE,TRUE
1986-05-07,East_Antarctica,1.202776891,-0.4280479836190998,0.4280479836190998,0.31006724465958424,TRUE,TRUE
1986-05-09,East_Antarctica,1.230017163,-0.437968364028015,0.437968364028015,0.31006724465958424,TRUE,TRUE
1986-05-11,East_Antarctica,1.275482297,-0.42974221747599217,0.42974221747599217,0.31006724465958424,TRUE,TRUE
1986-05-13,East_Antarctica,1.367236403,-0.3752253071390004,0.3752253071390004,0.31006724465958424,TRUE,TRUE
1986-05-15,East_Antarctica,1.426577668,-0.3530393191930068,0.3530393191930068,0.31006724465958424,TRUE,TRUE
1986-05-17,East_Antarctica,1.461223598,-0.35538662081398176,0.35538662081398176,0.31006724465958424,TRUE,TRUE
1986-05-19,East_Antarctica,1.435438474,-0.4179228041778973,0.4179228041778973,0.31006724465958424,TRUE,TRUE
1986-05-21,East_Antarctica,1.502267307,-0.3875131744095641,0.3875131744095641,0.31006724465958424,TRUE,TRUE
1986-05-23,East_Antarctica,1.535141994,-0.39055977529565267,0.39055977529565267,0.31006724465958424,TRUE,TRUE
1986-05-25,East_Antarctica,1.514297437,-0.44662503013455135,0.44662503013455135,0.31006724465958424,TRUE,TRUE
1986-05-27,East_Antarctica,1.570149587,-0.4250900828066342,0.4250900828066342,0.31006724465958424,TRUE,TRUE
1986-05-29,East_Antarctica,1.56225732,-0.4661931521922793,0.4661931521922793,0.31006724465958424,TRUE,TRUE
1986-05-31,East_Antarctica,1.608695368,-0.4516566011718603,0.4516566011718603,0.31006724465958424,TRUE,TRUE
1986-06-01,East_Antarctica,2.278688463,0.20294014271550553,0.20294014271550553,0.31006724465958424,FALSE,FALSE
1986-06-02,East_Antarctica,1.839131789,-0.25162190171261445,0.25162190171261445,0.31006724465958424,FALSE,FALSE
1986-06-04,East_Antarctica,1.906307702,-0.21346802926341035,0.21346802926341035,0.31006724465958424,FALSE,FALSE
1986-06-06,East_Antarctica,2.083772922,-0.06409011632211747,0.06409011632211747,0.31006724465958424,FALSE,FALSE
1986-06-08,East_Antarctica,2.122160771,-0.05331508299963694,0.05331508299963694,0.31006724465958424,FALSE,FALSE
1986-06-10,East_Antarctica,2.04278206,-0.1602923604068689,0.1602923604068689,0.31006724465958424,FALSE,FALSE
1986-06-12,East_Antarctica,2.136978193,-0.0941407866547146,0.0941407866547146,0.31006724465958424,FALSE,FALSE
1986-06-14,East_Antarctica,2.189218316,-0.07085032559023441,0.07085032559023441,0.31006724465958424,FALSE,FALSE
1986-06-16,East_Antarctica,2.217903049,-0.07220453791779091,0.07220453791779091,0.31006724465958424,FALSE,FALSE
1986-06-18,East_Antarctica,2.265776285,-0.05501221861998573,0.05501221861998573,0.31006724465958424,FALSE,FALSE
1986-06-20,East_Antarctica,2.191436064,-0.16013969484651014,0.16013969484651014,0.31006724465958424,FALSE,FALSE
1986-06-22,East_Antarctica,2.21697862,-0.16495509974705547,0.16495509974705547,0.31006724465958424,FALSE,FALSE
1986-06-24,East_Antarctica,2.22399281,-0.18733394347131505,0.18733394347131505,0.31006724465958424,FALSE,FALSE
1986-06-26,East_Antarctica,2.249491301,-0.1897279261689828,0.1897279261689828,0.31006724465958424,FALSE,FALSE
1986-06-28,East_Antarctica,2.338265269,-0.12692025411464147,0.12692025411464147,0.31006724465958424,FALSE,FALSE
1986-06-30,East_Antarctica,2.473773096,-0.01562827391101562,0.01562827391101562,0.31006724465958424,FALSE,FALSE
1986-07-01,East_Antarctica,2.757967419,0.25699575454688617,0.25699575454688617,0.31006724465958424,FALSE,FALSE
1986-07-02,East_Antarctica,2.503610555,-0.00863637299849928,0.00863637299849928,0.31006724465958424,FALSE,FALSE
1986-07-04,East_Antarctica,2.45641543,-0.07768709682115205,0.07768709682115205,0.31006724465958424,FALSE,FALSE
1986-07-06,East_Antarctica,2.389803134,-0.1655453618230318,0.1655453618230318,0.31006724465958424,FALSE,FALSE
1986-07-08,East_Antarctica,2.409702959,-0.16666220544819588,0.16666220544819588,0.31006724465958424,FALSE,FALSE
1986-07-10,East_Antarctica,2.494327152,-0.10319430774252636,0.10319430774252636,0.31006724465958424,FALSE,FALSE
1986-07-12,East_Antarctica,2.53741238,-0.08160562350396594,0.08160562350396594,0.31006724465958424,FALSE,FALSE
1986-07-14,East_Antarctica,2.635835051,-0.00509197539399286,0.00509197539399286,0.31006724465958424,FALSE,FALSE
1986-07-16,East_Antarctica,2.694106035,0.03078851168053198,0.03078851168053198,0.31006724465958424,FALSE,FALSE
1986-07-18,East_Antarctica,2.721932381,0.03567389181273928,0.03567389181273928,0.31006724465958424,FALSE,FALSE
1986-07-20,East_Antarctica,2.730399848,0.02058092909576325,0.02058092909576325,0.31006724465958424,FALSE,FALSE
1986-07-22,East_Antarctica,2.771608795,0.03754354421397421,0.03754354421397421,0.31006724465958424,FALSE,FALSE
1986-07-24,East_Antarctica,2.787715206,0.02883349170530325,0.02883349170530325,0.31006724465958424,FALSE,FALSE
1986-07-26,East_Antarctica,2.838374899,0.05452272976853534,0.05452272976853534,0.31006724465958424,FALSE,FALSE
1986-07-28,East_Antarctica,2.930371006,0.12183858647334668,0.12183858647334668,0.31006724465958424,FALSE,FALSE
1986-07-30,East_Antarctica,2.937982085,0.1055038158894237,0.1055038158894237,0.31006724465958424,FALSE,FALSE
1986-08-01,East_Antarctica,2.962959124,0.10771360208644688,0.10771360208644688,0.31006724465958424,FALSE,FALSE
1986-08-03,East_Antarctica,2.988783961,0.1123939784009318,0.1123939784009318,0.31006724465958424,FALSE,FALSE
1986-08-05,East_Antarctica,2.999975835,0.1043578060809378,0.1043578060809378,0.31006724465958424,FALSE,FALSE
1986-08-07,East_Antarctica,2.996729908,0.08352192771642919,0.08352192771642919,0.31006724465958424,FALSE,FALSE
1986-08-09,East_Antarctica,2.961908275,0.03233434247876232,0.03233434247876232,0.31006724465958424,FALSE,FALSE
1986-08-11,East_Antarctica,2.936163868,-0.00896611346070885,0.00896611346070885,0.31006724465958424,FALSE,FALSE
1986-08-13,East_Antarctica,2.962434671,0.0021444480693713,0.0021444480693713,0.31006724465958424,FALSE,FALSE
1986-08-15,East_Antarctica,2.970755085,-0.00471366775963799,0.00471366775963799,0.31006724465958424,FALSE,FALSE
1986-08-17,East_Antarctica,2.907575342,-0.08345265216568709,0.08345265216568709,0.31006724465958424,FALSE,FALSE
1986-08-19,East_Antarctica,2.839908931,-0.1669306806855149,0.1669306806855149,0.31006724465958424,FALSE,FALSE
1986-08-21,East_Antarctica,2.813861541,-0.2086425327384895,0.2086425327384895,0.31006724465958424,FALSE,FALSE
1986-08-23,East_Antarctica,2.814318889,-0.223300102992368,0.223300102992368,0.31006724465958424,FALSE,FALSE
1986-08-25,East_Antarctica,2.80426615,-0.2475158281149028,0.2475158281149028,0.31006724465958424,FALSE,FALSE
1986-08-27,East_Antarctica,2.829170043,-0.23542060077385152,0.23542060077385152,0.31006724465958424,FALSE,FALSE
1986-08-29,East_Antarctica,2.830638619,-0.24501297326193505,0.24501297326193505,0.31006724465958424,FALSE,FALSE
1986-08-31,East_Antarctica,2.862851726,-0.22201277720501267,0.22201277720501267,0.31006724465958424,FALSE,FALSE
1986-09-01,East_Antarctica,3.08763464,-0.00122032794641002,0.00122032794641002,0.31006724465958424,FALSE,FALSE
1986-09-02,East_Antarctica,2.8531279,-0.23935208741057723,0.23935208741057723,0.31006724465958424,FALSE,FALSE
1986-09-04,East_Antarctica,2.924058274,-0.17471106213581855,0.17471106213581855,0.31006724465958424,FALSE,FALSE
1986-09-06,East_Antarctica,2.882887975,-0.22111586563792063,0.22111586563792063,0.31006724465958424,FALSE,FALSE
1986-09-08,East_Antarctica,2.855823596,-0.25263119617407437,0.25263119617407437,0.31006724465958424,FALSE,FALSE
1986-09-10,East_Antarctica,2.949328723,-0.16306470719352495,0.16306470719352495,0.31006724465958424,FALSE,FALSE
1986-09-12,East_Antarctica,3.068902931,-0.04715917940991065,0.04715917940991065,0.31006724465958424,FALSE,FALSE
1986-09-14,East_Antarctica,3.114236917,-0.00538939826905426,0.00538939826905426,0.31006724465958424,FALSE,FALSE
1986-09-16,East_Antarctica,3.085981627,-0.03725725179412187,0.03725725179412187,0.31006724465958424,FALSE,FALSE
1986-09-18,East_Antarctica,3.054715181,-0.07233745400827551,0.07233745400827551,0.31006724465958424,FALSE,FALSE
1986-09-20,East_Antarctica,3.023680339,-0.10754007893467898,0.10754007893467898,0.31006724465958424,FALSE,FALSE
1986-09-22,East_Antarctica,2.961246791,-0.17464827059649934,0.17464827059649934,0.31006724465958424,FALSE,FALSE
1986-09-24,East_Antarctica,2.943597104,-0.19754278048710505,0.19754278048710505,0.31006724465958424,FALSE,FALSE
1986-09-26,East_Antarctica,2.868739927,-0.2777042424267733,0.2777042424267733,0.31006724465958424,FALSE,FALSE
1986-09-28,East_Antarctica,2.898960281,-0.25211029555303854,0.25211029555303854,0.31006724465958424,FALSE,FALSE
1986-09-30,East_Antarctica,2.885323132,-0.268958079329606,0.268958079329606,0.31006724465958424,FALSE,FALSE
1986-10-01,East_Antarctica,2.870479035,-0.2846459870441622,0.2846459870441622,0.31006724465958424,FALSE,FALSE
1986-10-02,East_Antarctica,2.903176296,-0.25216188322018285,0.25216188322018285,0.31006724465958424,FALSE,FALSE
1986-10-04,East_Antarctica,2.93498079,-0.218522795688473,0.218522795688473,0.31006724465958424,FALSE,FALSE
1986-10-06,East_Antarctica,2.927415888,-0.22065733951429323,0.22065733951429323,0.31006724465958424,FALSE,FALSE
1986-10-08,East_Antarctica,2.982605359,-0.1563523185168063,0.1563523185168063,0.31006724465958424,FALSE,FALSE
1986-10-10,East_Antarctica,2.941310887,-0.18529374137401744,0.18529374137401744,0.31006724465958424,FALSE,FALSE
1986-10-12,East_Antarctica,2.954751711,-0.1567281330094099,0.1567281330094099,0.31006724465958424,FALSE,FALSE
1986-10-14,East_Antarctica,2.860920267,-0.23312882134647195,0.23312882134647195,0.31006724465958424,FALSE,FALSE
1986-10-16,East_Antarctica,2.779476815,-0.29530131030868434,0.29530131030868434,0.31006724465958424,FALSE,FALSE
1986-10-18,East_Antarctica,2.715934978,-0.33819444097508145,0.33819444097508145,0.31006724465958424,TRUE,TRUE
1986-10-20,East_Antarctica,2.667768858,-0.36442942055339866,0.36442942055339866,0.31006724465958424,TRUE,TRUE
1986-10-22,East_Antarctica,2.470780663,-0.5376029383668657,0.5376029383668657,0.31006724465958424,TRUE,TRUE
1986-10-24,East_Antarctica,2.358981969,-0.623024579225175,0.623024579225175,0.31006724465958424,TRUE,TRUE
1986-10-26,East_Antarctica,2.365966357,-0.5864219229380225,0.5864219229380225,0.31006724465958424,TRUE,TRUE
1986-10-28,East_Antarctica,2.325040768,-0.5938091893151043,0.5938091893151043,0.31006724465958424,TRUE,TRUE
1986-10-30,East_Antarctica,2.315909041,-0.5648037001661153,0.5648037001661153,0.31006724465958424,TRUE,TRUE
1986-11-01,East_Antarctica,2.357286566,-0.4801219567915096,0.4801219567915096,0.31006724465958424,TRUE,TRUE
1986-11-03,East_Antarctica,2.328075579,-0.4607848448508167,0.4607848448508167,0.31006724465958424,TRUE,TRUE
1986-11-05,East_Antarctica,2.386084695,-0.3490430444879209,0.3490430444879209,0.31006724465958424,TRUE,TRUE
1986-11-07,East_Antarctica,2.369261536,-0.3070082338909188,0.3070082338909188,0.31006724465958424,FALSE,FALSE
1986-11-09,East_Antarctica,2.326857197,-0.28548861824790306,0.28548861824790306,0.31006724465958424,FALSE,FALSE
1986-11-11,East_Antarctica,2.345877379,-0.19753779674696623,0.19753779674696623,0.31006724465958424,FALSE,FALSE
1986-11-13,East_Antarctica,2.327112219,-0.1424787684070674,0.1424787684070674,0.31006724465958424,FALSE,FALSE
1986-11-15,East_Antarctica,2.171595798,-0.2200035547277208,0.2200035547277208,0.31006724465958424,FALSE,FALSE
1986-11-17,East_Antarctica,2.029381057,-0.2811747505015978,0.2811747505015978,0.31006724465958424,FALSE,FALSE
1986-11-19,East_Antarctica,1.960485655,-0.2670964575077066,0.2670964575077066,0.31006724465958424,FALSE,FALSE
1986-11-21,East_Antarctica,1.833709842,-0.3100901865250447,0.3100901865250447,0.31006724465958424,TRUE,TRUE
1986-11-23,East_Antarctica,1.743087329,-0.31724398733261805,0.31724398733261805,0.31006724465958424,TRUE,TRUE
1986-11-25,East_Antarctica,1.656314255,-0.3219749940656622,0.3219749940656622,0.31006724465958424,TRUE,TRUE
1986-11-27,East_Antarctica,1.568492298,-0.32992063132186034,0.32992063132186034,0.31006724465958424,TRUE,TRUE
1986-11-29,East_Antarctica,1.493820712,-0.3271074397463889,0.3271074397463889,0.31006724465958424,TRUE,TRUE
1986-12-01,East_Antarctica,1.412517906,-0.33350561494804,0.33350561494804,0.31006724465958424,TRUE,TRUE
1986-12-03,East_Antarctica,1.322356865,-0.35153077653560527,0.35153077653560527,0.31006724465958424,TRUE,TRUE
1986-12-05,East_Antarctica,1.299448498,-0.3052606201178778,0.3052606201178778,0.31006724465958424,FALSE,FALSE
1986-12-07,East_Antarctica,1.254197868,-0.28447866331779625,0.28447866331779625,0.31006724465958424,FALSE,FALSE
1986-12-09,East_Antarctica,1.212338224,-0.2635923529749489,0.2635923529749489,0.31006724465958424,FALSE,FALSE
1986-12-11,East_Antarctica,1.223660715,-0.19280307569228297,0.19280307569228297,0.31006724465958424,FALSE,FALSE
1986-12-13,East_Antarctica,1.151548141,-0.2086919995368166,0.2086919995368166,0.31006724465958424,FALSE,FALSE
1986-12-15,East_Antarctica,1.148080649,-0.15914294557555775,0.15914294557555775,0.31006724465958424,FALSE,FALSE
1986-12-17,East_Antarctica,1.072162049,-0.18521607187551936,0.18521607187551936,0.31006724465958424,FALSE,FALSE
1986-12-19,East_Antarctica,1.066059646,-0.14460804150371498,0.14460804150371498,0.31006724465958424,FALSE,FALSE
1986-12-21,East_Antarctica,1.033285156,-0.13375512853435856,0.13375512853435856,0.31006724465958424,FALSE,FALSE
1986-12-23,East_Antarctica,1.005905338,-0.1204178262543978,0.1204178262543978,0.31006724465958424,FALSE,FALSE
1986-12-25,East_Antarctica,0.995431947,-0.0928564621097806,0.0928564621097806,0.31006724465958424,FALSE,FALSE
1986-12-27,East_Antarctica,0.97642891,-0.07627890789013947,0.07627890789013947,0.31006724465958424,FALSE,FALSE
1986-12-29,East_Antarctica,0.964663123,-0.05469006638510354,0.05469006638510354,0.31006724465958424,FALSE,FALSE
1986-12-31,East_Antarctica,0.933745203,-0.0542511193843046,0.0542511193843046,0.31006724465958424,FALSE,FALSE
1987-01-01,East_Antarctica,0.707202558,-0.26579317856975404,0.26579317856975404,0.31006724465958424,FALSE,FALSE
1987-01-02,East_Antarctica,0.92219091500000006,-0.03621920365614783,0.03621920365614783,0.31006724465958424,FALSE,FALSE
1987-01-04,East_Antarctica,0.889882328,-0.04051052048087877,0.04051052048087877,0.31006724465958424,FALSE,FALSE
1987-01-06,East_Antarctica,0.850543477,-0.05322467365056882,0.05322467365056882,0.31006724465958424,FALSE,FALSE
1987-01-08,East_Antarctica,0.795892843,-0.08246792393607472,0.08246792393607472,0.31006724465958424,FALSE,FALSE
1987-01-10,East_Antarctica,0.756765613,-0.0972298261082497,0.0972298261082497,0.31006724465958424,FALSE,FALSE
1987-01-12,East_Antarctica,0.754400542,-0.07609636693794652,0.07609636693794652,0.31006724465958424,FALSE,FALSE
1987-01-14,East_Antarctica,0.734822486,-0.07286776702744469,0.07286776702744469,0.31006724465958424,FALSE,FALSE
1987-01-16,East_Antarctica,0.688388024,-0.09707764714158262,0.09707764714158262,0.31006724465958424,FALSE,FALSE
1987-01-18,East_Antarctica,0.649579949,-0.11427593442237172,0.11427593442237172,0.31006724465958424,FALSE,FALSE
1987-01-20,East_Antarctica,0.646639727,-0.09627274363210848,0.09627274363210848,0.31006724465958424,FALSE,FALSE
1987-01-22,East_Antarctica,0.621212939,-0.10147407453309032,0.10147407453309032,0.31006724465958424,FALSE,FALSE
1987-01-24,East_Antarctica,0.616818435,-0.08641265788761487,0.08641265788761487,0.31006724465958424,FALSE,FALSE
1987-01-26,East_Antarctica,0.582303858,-0.1022924314579785,0.1022924314579785,0.31006724465958424,FALSE,FALSE
1987-01-28,East_Antarctica,0.604756544,-0.06206882104873146,0.06206882104873146,0.31006724465958424,FALSE,FALSE
1987-01-30,East_Antarctica,0.566340237,-0.08357510657264433,0.08357510657264433,0.31006724465958424,FALSE,FALSE
1987-02-01,East_Antarctica,0.564886476,-0.06896199064267983,0.06896199064267983,0.31006724465958424,FALSE,FALSE
1987-02-03,East_Antarctica,0.556499267,-0.06210770146723055,0.06210770146723055,0.31006724465958424,FALSE,FALSE
1987-02-05,East_Antarctica,0.543249825,-0.06092325825468969,0.06092325825468969,0.31006724465958424,FALSE,FALSE
1987-02-07,East_Antarctica,0.536464125,-0.0540649202134511,0.0540649202134511,0.31006724465958424,FALSE,FALSE
1987-02-09,East_Antarctica,0.521306836,-0.05636919338723767,0.05636919338723767,0.31006724465958424,FALSE,FALSE
1987-02-11,East_Antarctica,0.526378463,-0.03949817486708429,0.03949817486708429,0.31006724465958424,FALSE,FALSE
1987-02-13,East_Antarctica,0.523583486,-0.03200055129372248,0.03200055129372248,0.31006724465958424,FALSE,FALSE
1987-02-15,East_Antarctica,0.509462174,-0.03779354305339555,0.03779354305339555,0.31006724465958424,FALSE,FALSE
1987-02-17,East_Antarctica,0.512370626,-0.02897854053234994,0.02897854053234994,0.31006724465958424,FALSE,FALSE
1987-02-19,East_Antarctica,0.524540392,-0.0137814831168278,0.0137814831168278,0.31006724465958424,FALSE,FALSE
1987-02-21,East_Antarctica,0.499100594,-0.03952766250458467,0.03952766250458467,0.31006724465958424,FALSE,FALSE
1987-02-23,East_Antarctica,0.493782513,-0.04874779723625699,0.04874779723625699,0.31006724465958424,FALSE,FALSE
1987-02-25,East_Antarctica,0.49258534,-0.0574018367216188,0.0574018367216188,0.31006724465958424,FALSE,FALSE
1987-02-27,East_Antarctica,0.465368444,-0.0955629527545383,0.0955629527545383,0.31006724465958424,FALSE,FALSE
1987-03-01,East_Antarctica,0.479385075,-0.09591043612888513,0.09591043612888513,0.31006724465958424,FALSE,FALSE
1987-03-03,East_Antarctica,0.478878276,-0.11413378463852752,0.11413378463852752,0.31006724465958424,FALSE,FALSE
1987-03-05,East_Antarctica,0.491732381,-0.12228120093456736,0.12228120093456736,0.31006724465958424,FALSE,FALSE
1987-03-07,East_Antarctica,0.526477442,-0.1116433314931834,0.1116433314931834,0.31006724465958424,FALSE,FALSE
1987-03-09,East_Antarctica,0.536807088,-0.12794380229282876,0.12794380229282876,0.31006724465958424,FALSE,FALSE
1987-03-11,East_Antarctica,0.542536686,-0.15069355926069528,0.15069355926069528,0.31006724465958424,FALSE,FALSE
1987-03-13,East_Antarctica,0.588754203,-0.13413094832397288,0.13413094832397288,0.31006724465958424,FALSE,FALSE
1987-03-15,East_Antarctica,0.61456811,-0.13847381140985426,0.13847381140985426,0.31006724465958424,FALSE,FALSE
1987-03-17,East_Antarctica,0.613467476,-0.1695593924455302,0.1695593924455302,0.31006724465958424,FALSE,FALSE
1987-03-19,East_Antarctica,0.630014745,-0.1822225632280395,0.1822225632280395,0.31006724465958424,FALSE,FALSE
1987-03-21,East_Antarctica,0.6608753,-0.17983134428399183,0.17983134428399183,0.31006724465958424,FALSE,FALSE
1987-03-23,East_Antarctica,0.667838301,-0.20096533055152463,0.20096533055152463,0.31006724465958424,FALSE,FALSE
1987-03-25,East_Antarctica,0.683841818,-0.2130582209761679,0.2130582209761679,0.31006724465958424,FALSE,FALSE
1987-03-27,East_Antarctica,0.651567184,-0.27380045150345433,0.27380045150345433,0.31006724465958424,FALSE,FALSE
1987-03-29,East_Antarctica,0.677772389,-0.27680580107891606,0.27680580107891606,0.31006724465958424,FALSE,FALSE
1987-03-31,East_Antarctica,0.726955557,-0.2579391852645402,0.2579391852645402,0.31006724465958424,FALSE,FALSE
1987-04-01,East_Antarctica,1.03604268,0.03552499978387691,0.03552499978387691,0.31006724465958424,FALSE,FALSE
1987-04-02,East_Antarctica,0.736530042,-0.2798908318411206,0.2798908318411206,0.31006724465958424,FALSE,FALSE
1987-04-04,East_Antarctica,0.735358665,-0.313604531696276,0.313604531696276,0.31006724465958424,TRUE,FALSE
1987-04-06,East_Antarctica,0.765700291,-0.3166117569998327,0.3166117569998327,0.31006724465958424,TRUE,FALSE
1987-04-08,East_Antarctica,0.805856375,-0.3104013899216195,0.3104013899216195,0.31006724465958424,TRUE,FALSE
1987-04-10,East_Antarctica,0.87479394,-0.2757967446314622,0.2757967446314622,0.31006724465958424,FALSE,FALSE
1987-04-12,East_Antarctica,0.901904193,-0.2831971138110636,0.2831971138110636,0.31006724465958424,FALSE,FALSE
1987-04-14,East_Antarctica,0.920024837,-0.29962169150121143,0.29962169150121143,0.31006724465958424,FALSE,FALSE
1987-04-16,East_Antarctica,0.952959199,-0.3012922323756405,0.3012922323756405,0.31006724465958424,FALSE,FALSE
1987-04-18,East_Antarctica,0.973948648,-0.3150186759389727,0.3150186759389727,0.31006724465958424,TRUE,FALSE
1987-04-20,East_Antarctica,1.028223127,-0.2956223876958235,0.2956223876958235,0.31006724465958424,FALSE,FALSE
1987-04-22,East_Antarctica,1.07555779,-0.28337952215081663,0.28337952215081663,0.31006724465958424,FALSE,FALSE
1987-04-24,East_Antarctica,1.105925545,-0.2883684798085724,0.2883684798085724,0.31006724465958424,FALSE,FALSE
1987-04-26,East_Antarctica,1.13993704,-0.29002173955048427,0.29002173955048427,0.31006724465958424,FALSE,FALSE
1987-04-28,East_Antarctica,1.17574821,-0.29017676783919577,0.29017676783919577,0.31006724465958424,FALSE,FALSE
1987-04-30,East_Antarctica,1.184101327,-0.31806601071345897,0.31806601071345897,0.31006724465958424,TRUE,FALSE
1987-05-01,East_Antarctica,1.641549205,0.1211650378401954,0.1211650378401954,0.31006724465958424,FALSE,FALSE
1987-05-02,East_Antarctica,1.216741062,-0.32191948170009743,0.32191948170009743,0.31006724465958424,TRUE,FALSE
1987-05-04,East_Antarctica,1.291844628,-0.28353465232593233,0.28353465232593233,0.31006724465958424,FALSE,FALSE
1987-05-06,East_Antarctica,1.350943284,-0.2613549481177879,0.2613549481177879,0.31006724465958424,FALSE,FALSE
1987-05-08,East_Antarctica,1.409073633,-0.2403167680171734,0.2403167680171734,0.31006724465958424,FALSE,FALSE
1987-05-10,East_Antarctica,1.441756498,-0.2448437387986231,0.2448437387986231,0.31006724465958424,FALSE,FALSE
1987-05-12,East_Antarctica,1.432079627,-0.29176871720712017,0.29176871720712017,0.31006724465958424,FALSE,FALSE
1987-05-14,East_Antarctica,1.46510621,-0.29594838641863075,0.29594838641863075,0.31006724465958424,FALSE,FALSE
1987-05-16,East_Antarctica,1.546460288,-0.25167857860912624,0.25167857860912624,0.31006724465958424,FALSE,FALSE
1987-05-18,East_Antarctica,1.587381152,-0.24763987595457504,0.24763987595457504,0.31006724465958424,FALSE,FALSE
1987-05-20,East_Antarctica,1.626048845,-0.24557167904870636,0.24557167904870636,0.31006724465958424,FALSE,FALSE
1987-05-22,East_Antarctica,1.660564549,-0.24725146853853275,0.24725146853853275,0.31006724465958424,FALSE,FALSE
1987-05-24,East_Antarctica,1.732781645,-0.2106307285409772,0.2106307285409772,0.31006724465958424,FALSE,FALSE
1987-05-26,East_Antarctica,1.782292584,-0.19591410293642153,0.19591410293642153,0.31006724465958424,FALSE,FALSE
1987-05-28,East_Antarctica,1.804137687,-0.20785836560523777,0.20785836560523777,0.31006724465958424,FALSE,FALSE
1987-05-30,East_Antarctica,1.91871553,-0.12586203542780303,0.12586203542780303,0.31006724465958424,FALSE,FALSE
1987-06-01,East_Antarctica,2.05672258,-0.01902574028449422,0.01902574028449422,0.31006724465958424,FALSE,FALSE
1987-06-03,East_Antarctica,2.157367918,0.05195760019354489,0.05195760019354489,0.31006724465958424,FALSE,FALSE
1987-06-05,East_Antarctica,2.194902564,0.06099510265265673,0.06099510265265673,0.31006724465958424,FALSE,FALSE
1987-06-07,East_Antarctica,2.206950928,0.04525093554840564,0.04525093554840564,0.31006724465958424,FALSE,FALSE
1987-06-09,East_Antarctica,2.2123882520000002,0.02314009876989109,0.02314009876989109,0.31006724465958424,FALSE,FALSE
1987-06-11,East_Antarctica,2.222633492,0.00562130620621559,0.00562130620621559,0.31006724465958424,FALSE,FALSE
1987-06-13,East_Antarctica,2.264964669,0.01951233674647667,0.01951233674647667,0.31006724465958424,FALSE,FALSE
1987-06-15,East_Antarctica,2.27673895,0.0017645592209603,0.0017645592209603,0.31006724465958424,FALSE,FALSE
1987-06-17,East_Antarctica,2.251477758,-0.05392351790020511,0.05392351790020511,0.31006724465958424,FALSE,FALSE
1987-06-19,East_Antarctica,2.244909729,-0.09129258697085074,0.09129258697085074,0.31006724465958424,FALSE,FALSE
1987-06-21,East_Antarctica,2.24957991,-0.11726196814067348,0.11726196814067348,0.31006724465958424,FALSE,FALSE
1987-06-23,East_Antarctica,2.180771542,-0.21601278755936537,0.21601278755936537,0.31006724465958424,FALSE,FALSE
1987-06-25,East_Antarctica,2.098271791,-0.32722224637661856,0.32722224637661856,0.31006724465958424,TRUE,FALSE
1987-06-27,East_Antarctica,2.087843052,-0.36460183649935374,0.36460183649935374,0.31006724465958424,TRUE,FALSE
1987-06-29,East_Antarctica,2.18481594,-0.2926725631916942,0.2926725631916942,0.31006724465958424,FALSE,FALSE
1987-07-01,East_Antarctica,2.242399593,-0.25857207145311367,0.25857207145311367,0.31006724465958424,FALSE,FALSE
1987-07-03,East_Antarctica,2.266426197,-0.2568485047276754,0.2568485047276754,0.31006724465958424,FALSE,FALSE
1987-07-05,East_Antarctica,2.291524013,-0.2532539314594344,0.2532539314594344,0.31006724465958424,FALSE,FALSE
1987-07-07,East_Antarctica,2.392276595,-0.17358512709245044,0.17358512709245044,0.31006724465958424,FALSE,FALSE
1987-07-09,East_Antarctica,2.409526282,-0.17738002462662683,0.17738002462662683,0.31006724465958424,FALSE,FALSE
1987-07-11,East_Antarctica,2.428623012,-0.1795994719138525,0.1795994719138525,0.31006724465958424,FALSE,FALSE
1987-07-13,East_Antarctica,2.388702051,-0.24121459187622785,0.24121459187622785,0.31006724465958424,FALSE,FALSE
1987-07-15,East_Antarctica,2.409741265,-0.24231651342062044,0.24231651342062044,0.31006724465958424,FALSE,FALSE
1987-07-17,East_Antarctica,2.421656293,-0.2530585924538964,0.2530585924538964,0.31006724465958424,FALSE,FALSE
1987-07-19,East_Antarctica,2.406866063,-0.29109089588292214,0.29109089588292214,0.31006724465958424,FALSE,FALSE
1987-07-21,East_Antarctica,2.455933032,-0.2659199616145642,0.2659199616145642,0.31006724465958424,FALSE,FALSE
1987-07-23,East_Antarctica,2.527874651,-0.21855182035749365,0.21855182035749365,0.31006724465958424,FALSE,FALSE
1987-07-25,East_Antarctica,2.602754736,-0.16862071908892418,0.16862071908892418,0.31006724465958424,FALSE,FALSE
1987-07-27,East_Antarctica,2.761061565,-0.03519476721361192,0.03519476721361192,0.31006724465958424,FALSE,FALSE
1987-07-29,East_Antarctica,2.83277023,0.01214532333812279,0.01214532333812279,0.31006724465958424,FALSE,FALSE
1987-07-31,East_Antarctica,2.780865592,-0.06317139036403852,0.06317139036403852,0.31006724465958424,FALSE,FALSE
1987-08-01,East_Antarctica,2.826454842,-0.02879067991355333,0.02879067991355333,0.31006724465958424,FALSE,FALSE
1987-08-02,East_Antarctica,2.892278935,0.02623057174958587,0.02623057174958587,0.31006724465958424,FALSE,FALSE
1987-08-03,East_Antarctica,2.957073789,0.08068380640093142,0.08068380640093142,0.31006724465958424,FALSE,FALSE
1987-08-04,East_Antarctica,2.971346209,0.08511156038220857,0.08511156038220857,0.31006724465958424,FALSE,FALSE
1987-08-05,East_Antarctica,2.972023822,0.07640579308093809,0.07640579308093809,0.31006724465958424,FALSE,FALSE
1987-08-06,East_Antarctica,3.002182206,0.09759032051853866,0.09759032051853866,0.31006724465958424,FALSE,FALSE
1987-08-07,East_Antarctica,3.057187887,0.14397990671642935,0.14397990671642935,0.31006724465958424,FALSE,FALSE
1987-08-08,East_Antarctica,3.080366215,0.1588481396960311,0.1588481396960311,0.31006724465958424,FALSE,FALSE
1987-08-09,East_Antarctica,3.031611475,0.10203754247876252,0.10203754247876252,0.31006724465958424,FALSE,FALSE
1987-08-10,East_Antarctica,3.001947923,0.0645206090860424,0.0645206090860424,0.31006724465958424,FALSE,FALSE
1987-08-11,East_Antarctica,2.988554799,0.04342481753929128,0.04342481753929128,0.31006724465958424,FALSE,FALSE
1987-08-12,East_Antarctica,2.996789417,0.04405571985992784,0.04405571985992784,0.31006724465958424,FALSE,FALSE
1987-08-13,East_Antarctica,3.009774691,0.04948446806937134,0.04948446806937134,0.31006724465958424,FALSE,FALSE
1987-08-14,East_Antarctica,3.031773192,0.06392187118904369,0.06392187118904369,0.31006724465958424,FALSE,FALSE
1987-08-15,East_Antarctica,3.040919323,0.06545057024036183,0.06545057024036183,0.31006724465958424,FALSE,FALSE
1987-08-16,East_Antarctica,3.072965948,0.0897731995404718,0.0897731995404718,0.31006724465958424,FALSE,FALSE
1987-08-17,East_Antarctica,3.046350017,0.05532202283431298,0.05532202283431298,0.31006724465958424,FALSE,FALSE
1987-08-18,East_Antarctica,3.0137822,0.01485515191180919,0.01485515191180919,0.31006724465958424,FALSE,FALSE
1987-08-19,East_Antarctica,2.997029143,-0.00981046868551516,0.00981046868551516,0.31006724465958424,FALSE,FALSE
1987-08-20,East_Antarctica,2.988079418,-0.02663596841612436,0.02663596841612436,0.31006724465958424,FALSE,FALSE
1987-08-21,East_Antarctica,2.962963307,-0.05954076673848974,0.05954076673848974,0.31006724465958424,FALSE,FALSE
1987-08-22,East_Antarctica,2.955618868,-0.0745365071110804,0.0745365071110804,0.31006724465958424,FALSE,FALSE
1987-08-23,East_Antarctica,2.953955618,-0.08366337399236778,0.08366337399236778,0.31006724465958424,FALSE,FALSE
1987-08-24,East_Antarctica,2.932355593,-0.11248903284081856,0.11248903284081856,0.31006724465958424,FALSE,FALSE
1987-08-25,East_Antarctica,2.929613984,-0.12216799411490298,0.12216799411490298,0.31006724465958424,FALSE,FALSE
1987-08-26,East_Antarctica,2.943034786,-0.11534596427309074,0.11534596427309074,0.31006724465958424,FALSE,FALSE
1987-08-27,East_Antarctica,2.973629336,-0.09096130777385136,0.09096130777385136,0.31006724465958424,FALSE,FALSE
1987-08-28,East_Antarctica,2.956104935,-0.11425642507565216,0.11425642507565216,0.31006724465958424,FALSE,FALSE
1987-08-29,East_Antarctica,2.923896969,-0.15175462326193534,0.15175462326193534,0.31006724465958424,FALSE,FALSE
1987-08-30,East_Antarctica,2.920677882,-0.15979679977923755,0.15979679977923755,0.31006724465958424,FALSE,FALSE
1987-08-31,East_Antarctica,2.842987495,-0.2418770082050128,0.2418770082050128,0.31006724465958424,FALSE,FALSE
1987-09-01,East_Antarctica,2.858403317,-0.23045165094641007,0.23045165094641007,0.31006724465958424,FALSE,FALSE
1987-09-02,East_Antarctica,2.886160168,-0.2063198194105773,0.2063198194105773,0.31006724465958424,FALSE,FALSE
1987-09-03,East_Antarctica,2.932815995,-0.16295747800466565,0.16295747800466565,0.31006724465958424,FALSE,FALSE
1987-09-04,East_Antarctica,2.985691301,-0.11307803513581847,0.11307803513581847,0.31006724465958424,FALSE,FALSE
1987-09-05,East_Antarctica,2.943346548,-0.15815494021118726,0.15815494021118726,0.31006724465958424,FALSE,FALSE
1987-09-06,East_Antarctica,2.99765241,-0.10635143063792052,0.10635143063792052,0.31006724465958424,FALSE,FALSE
1987-09-07,East_Antarctica,3.018997886,-0.08731241882316532,0.08731241882316532,0.31006724465958424,FALSE,FALSE
1987-09-08,East_Antarctica,3.005720202,-0.10273459017407438,0.10273459017407438,0.31006724465958424,FALSE,FALSE
1987-09-09,East_Antarctica,3.022281378,-0.08818983609778819,0.08818983609778819,0.31006724465958424,FALSE,FALSE
1987-09-10,East_Antarctica,3.015919108,-0.09647432219352492,0.09647432219352492,0.31006724465958424,FALSE,FALSE
1987-09-11,East_Antarctica,2.981428673,-0.1328217088478203,0.1328217088478203,0.31006724465958424,FALSE,FALSE
1987-09-12,East_Antarctica,2.955257736,-0.16080437440991036,0.16080437440991036,0.31006724465958424,FALSE,FALSE
1987-09-13,East_Antarctica,2.96703316,-0.15081456013269046,0.15081456013269046,0.31006724465958424,FALSE,FALSE
1987-09-14,East_Antarctica,2.98532822,-0.13429809526905423,0.13429809526905423,0.31006724465958424,FALSE,FALSE
1987-09-15,East_Antarctica,2.996601454,-0.12481554607190049,0.12481554607190049,0.31006724465958424,FALSE,FALSE
1987-09-16,East_Antarctica,3.010724694,-0.1125141847941218,0.1125141847941218,0.31006724465958424,FALSE,FALSE
1987-09-17,East_Antarctica,2.999934811,-0.12517624468861488,0.12517624468861488,0.31006724465958424,FALSE,FALSE
1987-09-18,East_Antarctica,3.024356464,-0.10269617100827588,0.10269617100827588,0.31006724465958424,FALSE,FALSE
1987-09-19,East_Antarctica,2.993719779,-0.13536294200599874,0.13536294200599874,0.31006724465958424,FALSE,FALSE
1987-09-20,East_Antarctica,2.975314785,-0.15590563293467907,0.15590563293467907,0.31006724465958424,FALSE,FALSE
1987-09-21,East_Antarctica,2.946949402,-0.18653542804721468,0.18653542804721468,0.31006724465958424,FALSE,FALSE
1987-09-22,East_Antarctica,2.922762468,-0.2131325935964994,0.2131325935964994,0.31006724465958424,FALSE,FALSE
1987-09-23,East_Antarctica,2.900952038,-0.2375120918798368,0.2375120918798368,0.31006724465958424,FALSE,FALSE
1987-09-24,East_Antarctica,2.915964852,-0.22517503248710513,0.22517503248710513,0.31006724465958424,FALSE,FALSE
1987-09-25,East_Antarctica,2.924433737,-0.2193969062750969,0.2193969062750969,0.31006724465958424,FALSE,FALSE
1987-09-26,East_Antarctica,2.975218259,-0.17122591042677326,0.17122591042677326,0.31006724465958424,FALSE,FALSE
1987-09-27,East_Antarctica,3.028546253,-0.12034197312510032,0.12034197312510032,0.31006724465958424,FALSE,FALSE
1987-09-28,East_Antarctica,3.054811957,-0.09625861955303838,0.09625861955303838,0.31006724465958424,FALSE,FALSE
1987-09-29,East_Antarctica,3.067562002,-0.08533698189355299,0.08533698189355299,0.31006724465958424,FALSE,FALSE
1987-09-30,East_Antarctica,3.080083462,-0.07419774932960577,0.07419774932960577,0.31006724465958424,FALSE,FALSE
1987-10-01,East_Antarctica,3.090583694,-0.0645413280441618,0.0645413280441618,0.31006724465958424,FALSE,FALSE
1987-10-02,East_Antarctica,3.075230594,-0.08010758522018246,0.08010758522018246,0.31006724465958424,FALSE,FALSE
1987-10-03,East_Antarctica,3.078469867,-0.07635857904063048,0.07635857904063048,0.31006724465958424,FALSE,FALSE
1987-10-04,East_Antarctica,3.097582998,-0.05592058768847297,0.05592058768847297,0.31006724465958424,FALSE,FALSE
1987-10-05,East_Antarctica,3.089361967,-0.06190942210745875,0.06190942210745875,0.31006724465958424,FALSE,FALSE
1987-10-06,East_Antarctica,3.059710254,-0.08836297351429323,0.08836297351429323,0.31006724465958424,FALSE,FALSE
1987-10-07,East_Antarctica,2.990597193,-0.1533520571539304,0.1533520571539304,0.31006724465958424,FALSE,FALSE
1987-10-08,East_Antarctica,2.985485027,-0.15347265051680603,0.15347265051680603,0.31006724465958424,FALSE,FALSE
1987-10-09,East_Antarctica,2.95959206,-0.17356467009335796,0.17356467009335796,0.31006724465958424,FALSE,FALSE
1987-10-10,East_Antarctica,2.965131571,-0.16147305737401751,0.16147305737401751,0.31006724465958424,FALSE,FALSE
1987-10-11,East_Antarctica,2.933671763,-0.1856878298492215,0.1856878298492215,0.31006724465958424,FALSE,FALSE
1987-10-12,East_Antarctica,2.905683357,-0.20579648700941,0.20579648700941,0.31006724465958424,FALSE,FALSE
1987-10-13,East_Antarctica,2.923255086,-0.1797685163450149,0.1797685163450149,0.31006724465958424,FALSE,FALSE
1987-10-14,East_Antarctica,2.906749422,-0.1872996663464721,0.1872996663464721,0.31006724465958424,FALSE,FALSE
1987-10-15,East_Antarctica,2.915491732,-0.16912279050421786,0.16912279050421786,0.31006724465958424,FALSE,FALSE
1987-10-16,East_Antarctica,2.871198747,-0.20357937830868433,0.20357937830868433,0.31006724465958424,FALSE,FALSE
1987-10-17,East_Antarctica,2.846280311,-0.21831780625031483,0.21831780625031483,0.31006724465958424,FALSE,FALSE
1987-10-18,East_Antarctica,2.834531929,-0.2195974899750812,0.2195974899750812,0.31006724465958424,FALSE,FALSE
1987-10-19,East_Antarctica,2.802370294,-0.2409865694104516,0.2409865694104516,0.31006724465958424,FALSE,FALSE
1987-10-20,East_Antarctica,2.787474974,-0.24472330455339852,0.24472330455339852,0.31006724465958424,FALSE,FALSE
1987-10-21,East_Antarctica,2.787704151,-0.2328646585051315,0.2328646585051315,0.31006724465958424,FALSE,FALSE
1987-10-22,East_Antarctica,2.790070444,-0.21831315736686596,0.21831315736686596,0.31006724465958424,FALSE,FALSE
1987-10-23,East_Antarctica,2.770368087,-0.22518971223980833,0.22518971223980833,0.31006724465958424,FALSE,FALSE
1987-10-24,East_Antarctica,2.781997172,-0.20000937622517467,0.20000937622517467,0.31006724465958424,FALSE,FALSE
1987-10-25,East_Antarctica,2.756562783,-0.21108221042417608,0.21108221042417608,0.31006724465958424,FALSE,FALSE
1987-10-26,East_Antarctica,2.701797136,-0.2505911439380224,0.2505911439380224,0.31006724465958424,FALSE,FALSE
1987-10-27,East_Antarctica,2.66533545,-0.2708161028679279,0.2708161028679279,0.31006724465958424,FALSE,FALSE
1987-10-28,East_Antarctica,2.683171168,-0.23567878931510444,0.23567878931510444,0.31006724465958424,FALSE,FALSE
1987-10-29,East_Antarctica,2.693914928,-0.20648371038076263,0.20648371038076263,0.31006724465958424,FALSE,FALSE
1987-10-30,East_Antarctica,2.693277789,-0.18743495216611497,0.18743495216611497,0.31006724465958424,FALSE,FALSE
1987-10-31,East_Antarctica,2.670909715,-0.1888101064197496,0.1888101064197496,0.31006724465958424,FALSE,FALSE
1987-11-01,East_Antarctica,2.683236812,-0.1541717107915095,0.1541717107915095,0.31006724465958424,FALSE,FALSE
1987-11-02,East_Antarctica,2.688653464,-0.12513278876069345,0.12513278876069345,0.31006724465958424,FALSE,FALSE
1987-11-03,East_Antarctica,2.685460257,-0.10340016685081688,0.10340016685081688,0.31006724465958424,FALSE,FALSE
1987-11-04,East_Antarctica,2.690336711,-0.07230173758538916,0.07230173758538916,0.31006724465958424,FALSE,FALSE
1987-11-05,East_Antarctica,2.668527893,-0.06659984648792117,0.06659984648792117,0.31006724465958424,FALSE,FALSE
1987-11-06,East_Antarctica,2.627090161,-0.07924554808192852,0.07924554808192852,0.31006724465958424,FALSE,FALSE
1987-11-07,East_Antarctica,2.547157378,-0.1291123918909185,0.1291123918909185,0.31006724465958424,FALSE,FALSE
1987-11-08,East_Antarctica,2.47350963,-0.17142770443840627,0.17142770443840627,0.31006724465958424,FALSE,FALSE
1987-11-09,East_Antarctica,2.423384412,-0.188961403247903,0.188961403247903,0.31006724465958424,FALSE,FALSE
1987-11-10,East_Antarctica,2.363802012,-0.2147006128429183,0.2147006128429183,0.31006724465958424,FALSE,FALSE
1987-11-11,East_Antarctica,2.347425807,-0.19598936874696624,0.19598936874696624,0.31006724465958424,FALSE,FALSE
1987-11-12,East_Antarctica,2.264760466,-0.2423313220482637,0.2423313220482637,0.31006724465958424,FALSE,FALSE
1987-11-13,East_Antarctica,2.221457936,-0.2481330514070672,0.2481330514070672,0.31006724465958424,FALSE,FALSE
1987-11-14,East_Antarctica,2.247929849,-0.1831169199344287,0.1831169199344287,0.31006724465958424,FALSE,FALSE
1987-11-15,East_Antarctica,2.235249269,-0.15635008372772052,0.15635008372772052,0.31006724465958424,FALSE,FALSE
1987-11-16,East_Antarctica,2.208301619,-0.14308733988431888,0.14308733988431888,0.31006724465958424,FALSE,FALSE
1987-11-17,East_Antarctica,2.16398118,-0.146574627501598,0.146574627501598,0.31006724465958424,FALSE,FALSE
1987-11-18,East_Antarctica,2.114190867,-0.15504925167693573,0.15504925167693573,0.31006724465958424,FALSE,FALSE
1987-11-19,East_Antarctica,2.08726323,-0.14031888250770663,0.14031888250770663,0.31006724465958424,FALSE,FALSE
1987-11-20,East_Antarctica,2.045520996,-0.1402010130912843,0.1402010130912843,0.31006724465958424,FALSE,FALSE
1987-11-21,East_Antarctica,2.015267486,-0.12853254252504476,0.12853254252504476,0.31006724465958424,FALSE,FALSE
1987-11-22,East_Antarctica,1.976138335,-0.12581805590636377,0.12581805590636377,0.31006724465958424,FALSE,FALSE
1987-11-23,East_Antarctica,1.955532679,-0.10479863733261796,0.10479863733261796,0.31006724465958424,FALSE,FALSE
1987-11-24,East_Antarctica,1.878763961,-0.14030106390118058,0.14030106390118058,0.31006724465958424,FALSE,FALSE
1987-11-25,East_Antarctica,1.828483565,-0.1498056840656623,0.1498056840656623,0.31006724465958424,FALSE,FALSE
1987-11-26,East_Antarctica,1.780935213,-0.15712872121076926,0.15712872121076926,0.31006724465958424,FALSE,FALSE
1987-11-27,East_Antarctica,1.744904379,-0.15350855032186028,0.15350855032186028,0.31006724465958424,FALSE,FALSE
1987-11-28,East_Antarctica,1.71154759,-0.1478122199750329,0.1478122199750329,0.31006724465958424,FALSE,FALSE
1987-11-29,East_Antarctica,1.670690156,-0.15023799574638885,0.15023799574638885,0.31006724465958424,FALSE,FALSE
1987-11-30,East_Antarctica,1.615345704,-0.16779582621202405,0.16779582621202405,0.31006724465958424,FALSE,FALSE
1987-12-01,East_Antarctica,1.572879083,-0.17314443794804002,0.17314443794804002,0.31006724465958424,FALSE,FALSE
1987-12-02,East_Antarctica,1.532971031,-0.17662666853053333,0.17662666853053333,0.31006724465958424,FALSE,FALSE
1988-01-14,East_Antarctica,0.711682203,-0.09600805002744472,0.09600805002744472,0.31006724465958424,FALSE,FALSE
1988-01-15,East_Antarctica,0.694558564,-0.10194577261132588,0.10194577261132588,0.31006724465958424,FALSE,FALSE
1988-01-16,East_Antarctica,0.672872094,-0.11259357714158258,0.11259357714158258,0.31006724465958424,FALSE,FALSE
1988-01-17,East_Antarctica,0.665577325,-0.10900337921350256,0.10900337921350256,0.31006724465958424,FALSE,FALSE
1988-01-18,East_Antarctica,0.65151132,-0.11234456342237176,0.11234456342237176,0.31006724465958424,FALSE,FALSE
1988-01-19,East_Antarctica,0.65835426,-0.09494339636347791,0.09494339636347791,0.31006724465958424,FALSE,FALSE
1988-01-20,East_Antarctica,0.662098108,-0.0808143626321085,0.0808143626321085,0.31006724465958424,FALSE,FALSE
1988-01-21,East_Antarctica,0.638009842,-0.09469693182355043,0.09469693182355043,0.31006724465958424,FALSE,FALSE
1988-01-22,East_Antarctica,0.622991951,-0.09969506253309024,0.09969506253309024,0.31006724465958424,FALSE,FALSE
1988-01-23,East_Antarctica,0.62847775,-0.08438188735601626,0.08438188735601626,0.31006724465958424,FALSE,FALSE
1988-01-24,East_Antarctica,0.620477943,-0.08275314988761484,0.08275314988761484,0.31006724465958424,FALSE,FALSE
1988-01-25,East_Antarctica,0.625417556,-0.06839027172317336,0.06839027172317336,0.31006724465958424,FALSE,FALSE
1988-01-26,East_Antarctica,0.626034743,-0.05856154645797851,0.05856154645797851,0.31006724465958424,FALSE,FALSE
1988-01-27,East_Antarctica,0.598787297,-0.07681480980144728,0.07681480980144728,0.31006724465958424,FALSE,FALSE
1988-01-28,East_Antarctica,0.582399664,-0.08442570104873148,0.08442570104873148,0.31006724465958424,FALSE,FALSE
1988-01-29,East_Antarctica,0.565317477,-0.09294637388044692,0.09294637388044692,0.31006724465958424,FALSE,FALSE
1988-01-30,East_Antarctica,0.556331078,-0.09358426557264432,0.09358426557264432,0.31006724465958424,FALSE,FALSE
1988-01-31,East_Antarctica,0.534494042,-0.10728358040137254,0.10728358040137254,0.31006724465958424,FALSE,FALSE
1988-02-01,East_Antarctica,0.524808054,-0.10904041264267984,0.10904041264267984,0.31006724465958424,FALSE,FALSE
1988-02-02,East_Antarctica,0.506593094,-0.1195325615726166,0.1195325615726166,0.31006724465958424,FALSE,FALSE
1988-02-03,East_Antarctica,0.514477695,-0.10412927346723055,0.10412927346723055,0.31006724465958424,FALSE,FALSE
1988-02-04,East_Antarctica,0.514432976,-0.09685720860257174,0.09685720860257174,0.31006724465958424,FALSE,FALSE
1988-02-05,East_Antarctica,0.525365042,-0.07880804125468965,0.07880804125468965,0.31006724465958424,FALSE,FALSE
1988-02-06,East_Antarctica,0.523575521,-0.07367792269963314,0.07367792269963314,0.31006724465958424,FALSE,FALSE
1988-02-07,East_Antarctica,0.504211255,-0.0863177902134511,0.0863177902134511,0.31006724465958424,FALSE,FALSE
1988-02-08,East_Antarctica,0.505482393,-0.07851541331916023,0.07851541331916023,0.31006724465958424,FALSE,FALSE
1988-02-09,East_Antarctica,0.513462965,-0.06421306438723773,0.06421306438723773,0.31006724465958424,FALSE,FALSE
1988-02-10,East_Antarctica,0.501244631,-0.07037194684545223,0.07037194684545223,0.31006724465958424,FALSE,FALSE
1988-02-11,East_Antarctica,0.501257062,-0.06461957586708433,0.06461957586708433,0.31006724465958424,FALSE,FALSE
1988-02-12,East_Antarctica,0.502422489,-0.05809090662541394,0.05809090662541394,0.31006724465958424,FALSE,FALSE
1988-02-13,East_Antarctica,0.497473863,-0.0581101742937225,0.0581101742937225,0.31006724465958424,FALSE,FALSE
1988-02-14,East_Antarctica,0.493699526,-0.05744622304528934,0.05744622304528934,0.31006724465958424,FALSE,FALSE
1988-02-15,East_Antarctica,0.494922862,-0.05233285505339558,0.05233285505339558,0.31006724465958424,FALSE,FALSE
1988-02-16,East_Antarctica,0.476745801,-0.06722532649132279,0.06722532649132279,0.31006724465958424,FALSE,FALSE
1988-02-17,East_Antarctica,0.461471923,-0.07987724353234998,0.07987724353234998,0.31006724465958424,FALSE,FALSE
1988-02-18,East_Antarctica,0.494322379,-0.04512464134975857,0.04512464134975857,0.31006724465958424,FALSE,FALSE
1988-02-19,East_Antarctica,0.496138264,-0.04218361111682783,0.04218361111682783,0.31006724465958424,FALSE,FALSE
1988-02-20,East_Antarctica,0.493804608,-0.04422630900683949,0.04422630900683949,0.31006724465958424,FALSE,FALSE
1988-02-21,East_Antarctica,0.488858826,-0.04976943050458465,0.04976943050458465,0.31006724465958424,FALSE,FALSE
1988-02-22,East_Antarctica,0.490861625,-0.04926909057582668,0.04926909057582668,0.31006724465958424,FALSE,FALSE
1988-02-23,East_Antarctica,0.472078928,-0.07045138223625697,0.07045138223625697,0.31006724465958424,FALSE,FALSE
1988-02-24,East_Antarctica,0.428515472,-0.11730313608510971,0.11730313608510971,0.31006724465958424,FALSE,FALSE
1988-02-25,East_Antarctica,0.419435525,-0.1305516517216188,0.1305516517216188,0.31006724465958424,FALSE,FALSE
1988-02-26,East_Antarctica,0.413332778,-0.14169480574501647,0.14169480574501647,0.31006724465958424,FALSE,FALSE
1988-02-27,East_Antarctica,0.40934406,-0.15158733675453828,0.15158733675453828,0.31006724465958424,FALSE,FALSE
1988-02-28,East_Antarctica,0.425016426,-0.14267375734941667,0.14267375734941667,0.31006724465958424,FALSE,FALSE
1988-03-01,East_Antarctica,0.494362258,-0.08937668969217782,0.08937668969217782,0.31006724465958424,FALSE,FALSE
1988-03-02,East_Antarctica,0.504247058,-0.08876500263852749,0.08876500263852749,0.31006724465958424,FALSE,FALSE
1988-03-03,East_Antarctica,0.51771976,-0.08538665756716912,0.08538665756716912,0.31006724465958424,FALSE,FALSE
1988-03-04,East_Antarctica,0.543207505,-0.07080607693456731,0.07080607693456731,0.31006724465958424,FALSE,FALSE
1988-03-05,East_Antarctica,0.555368634,-0.07034107261669598,0.07034107261669598,0.31006724465958424,FALSE,FALSE
1988-03-06,East_Antarctica,0.569913474,-0.06820729949318338,0.06820729949318338,0.31006724465958424,FALSE,FALSE
1988-03-07,East_Antarctica,0.573185523,-0.07797704867992761,0.07797704867992761,0.31006724465958424,FALSE,FALSE
1988-03-08,East_Antarctica,0.599977399,-0.06477349129282872,0.06477349129282872,0.31006724465958424,FALSE,FALSE
1988-03-09,East_Antarctica,0.62468962,-0.0541118984477853,0.0541118984477853,0.31006724465958424,FALSE,FALSE
1988-03-10,East_Antarctica,0.650305016,-0.04292522926069531,0.04292522926069531,0.31006724465958424,FALSE,FALSE
1988-03-11,East_Antarctica,0.654597647,-0.05335521284745748,0.05335521284745748,0.31006724465958424,FALSE,FALSE
1988-03-12,East_Antarctica,0.670333111,-0.05255204032397287,0.05255204032397287,0.31006724465958424,FALSE,FALSE
1988-03-13,East_Antarctica,0.66485249,-0.07309041880613854,0.07309041880613854,0.31006724465958424,FALSE,FALSE
1988-03-14,East_Antarctica,0.661497616,-0.09154430540985424,0.09154430540985424,0.31006724465958424,FALSE,FALSE
1988-03-15,East_Antarctica,0.668463822,-0.09963415625101923,0.09963415625101923,0.31006724465958424,FALSE,FALSE
1988-03-16,East_Antarctica,0.674305896,-0.10872097244553014,0.10872097244553014,0.31006724465958424,FALSE,FALSE
1988-03-17,East_Antarctica,0.688974884,-0.10877194760892772,0.10877194760892772,0.31006724465958424,FALSE,FALSE
1988-03-18,East_Antarctica,0.731581532,-0.08065577622803954,0.08065577622803954,0.31006724465958424,FALSE,FALSE
1988-03-19,East_Antarctica,0.759718362,-0.06682339341366428,0.06682339341366428,0.31006724465958424,FALSE,FALSE
1988-03-20,East_Antarctica,0.76941983,-0.07128681428399186,0.07128681428399186,0.31006724465958424,FALSE,FALSE
1988-03-21,East_Antarctica,0.775942739,-0.07883570695721487,0.07883570695721487,0.31006724465958424,FALSE,FALSE
1988-03-22,East_Antarctica,0.788485353,-0.08031827855152462,0.08031827855152462,0.31006724465958424,FALSE,FALSE
1988-03-23,East_Antarctica,0.819524725,-0.06330394718511201,0.06330394718511201,0.31006724465958424,FALSE,FALSE
1988-03-24,East_Antarctica,0.847389033,-0.04951100597616786,0.04951100597616786,0.31006724465958424,FALSE,FALSE
1988-03-25,East_Antarctica,0.855168775,-0.05589542804288605,0.05589542804288605,0.31006724465958424,FALSE,FALSE
1988-03-26,East_Antarctica,0.868189663,-0.05717797250345435,0.05717797250345435,0.31006724465958424,FALSE,FALSE
1988-03-27,East_Antarctica,0.855203325,-0.08465348247606796,0.08465348247606796,0.31006724465958424,FALSE,FALSE
1988-03-28,East_Antarctica,0.869193845,-0.08538434507891612,0.08538434507891612,0.31006724465958424,FALSE,FALSE
1988-03-29,East_Antarctica,0.874707252,-0.09487100243018952,0.09487100243018952,0.31006724465958424,FALSE,FALSE
1988-03-30,East_Antarctica,0.860935446,-0.12395929626454016,0.12395929626454016,0.31006724465958424,FALSE,FALSE
1988-03-31,East_Antarctica,0.830044374,-0.1704733062161231,0.1704733062161231,0.31006724465958424,FALSE,FALSE
1988-04-01,East_Antarctica,0.857889461,-0.1585314128411207,0.1585314128411207,0.31006724465958424,FALSE,FALSE
1988-04-02,East_Antarctica,0.901498988,-0.1310791272857621,0.1310791272857621,0.31006724465958424,FALSE,FALSE
1988-04-03,East_Antarctica,0.931197334,-0.11776586269627598,0.11776586269627598,0.31006724465958424,FALSE,FALSE
1988-04-04,East_Antarctica,0.928368099,-0.13718181121888995,0.13718181121888995,0.31006724465958424,FALSE,FALSE
1988-04-05,East_Antarctica,0.948738843,-0.13357320499983272,0.13357320499983272,0.31006724465958424,FALSE,FALSE
1988-04-06,East_Antarctica,0.969171764,-0.13005163818533372,0.13005163818533372,0.31006724465958424,FALSE,FALSE
1988-04-07,East_Antarctica,0.993990471,-0.1222672939216194,0.1222672939216194,0.31006724465958424,FALSE,FALSE
1988-04-08,East_Antarctica,1.008605756,-0.12478317235491908,0.12478317235491908,0.31006724465958424,FALSE,FALSE
1988-04-09,East_Antarctica,1.007415948,-0.14317473663146218,0.14317473663146218,0.31006724465958424,FALSE,FALSE
1988-04-10,East_Antarctica,1.047438454,-0.1203983718974746,0.1203983718974746,0.31006724465958424,FALSE,FALSE
1988-04-11,East_Antarctica,1.05168741,-0.13341389681106364,0.13341389681106364,0.31006724465958424,FALSE,FALSE
1988-04-12,East_Antarctica,1.036038399,-0.1663312652896416,0.1663312652896416,0.31006724465958424,FALSE,FALSE
1988-04-13,East_Antarctica,1.08603392,-0.13361260850121148,0.13361260850121148,0.31006724465958424,FALSE,FALSE
1988-04-14,East_Antarctica,1.130583648,-0.10635466500885292,0.10635466500885292,0.31006724465958424,FALSE,FALSE
1988-04-15,East_Antarctica,1.180606238,-0.07364519337564057,0.07364519337564057,0.31006724465958424,FALSE,FALSE
1988-04-16,East_Antarctica,1.178213989,-0.09337830816465532,0.09337830816465532,0.31006724465958424,FALSE,FALSE
1988-04-17,East_Antarctica,1.21005387,-0.07891345393897264,0.07891345393897264,0.31006724465958424,FALSE,FALSE
1988-04-18,East_Antarctica,1.242629358,-0.06375356726166892,0.06375356726166892,0.31006724465958424,FALSE,FALSE
1988-04-19,East_Antarctica,1.237308546,-0.0865369686958235,0.0865369686958235,0.31006724465958424,FALSE,FALSE
1988-04-20,East_Antarctica,1.257849949,-0.08351155680451372,0.08351155680451372,0.31006724465958424,FALSE,FALSE
1988-04-21,East_Antarctica,1.238007323,-0.12092998915081664,0.12092998915081664,0.31006724465958424,FALSE,FALSE
1988-04-22,East_Antarctica,1.219383136,-0.15719621129781136,0.15719621129781136,0.31006724465958424,FALSE,FALSE
1988-04-23,East_Antarctica,1.224224131,-0.17006989380857251,0.17006989380857251,0.31006724465958424,FALSE,FALSE
1988-04-24,East_Antarctica,1.2470392,-0.16504795208607814,0.16504795208607814,0.31006724465958424,FALSE,FALSE
1988-04-25,East_Antarctica,1.257249703,-0.17270907655048418,0.17270907655048418,0.31006724465958424,FALSE,FALSE
1988-04-26,East_Antarctica,1.274670513,-0.17323526327957284,0.17323526327957284,0.31006724465958424,FALSE,FALSE
1988-04-27,East_Antarctica,1.262685863,-0.20323911483919588,0.20323911483919588,0.31006724465958424,FALSE,FALSE
1988-04-28,East_Antarctica,1.283118763,-0.20089445679520737,0.20089445679520737,0.31006724465958424,FALSE,FALSE
1988-04-29,East_Antarctica,1.289715012,-0.21245232571345896,0.21245232571345896,0.31006724465958424,FALSE,FALSE
1988-04-30,East_Antarctica,1.29753234,-0.22285182715980456,0.22285182715980456,0.31006724465958424,FALSE,FALSE
1988-05-01,East_Antarctica,1.282578278,-0.2560822657000976,0.2560822657000976,0.31006724465958424,FALSE,FALSE
1988-05-02,East_Antarctica,1.308996956,-0.24799634690018801,0.24799634690018801,0.31006724465958424,FALSE,FALSE
1988-05-03,East_Antarctica,1.356388244,-0.2189910363259324,0.2189910363259324,0.31006724465958424,FALSE,FALSE
1988-05-04,East_Antarctica,1.372581907,-0.2212334045431814,0.2212334045431814,0.31006724465958424,FALSE,FALSE
1988-05-05,East_Antarctica,1.388097218,-0.22420101411778792,0.22420101411778792,0.31006724465958424,FALSE,FALSE
1988-05-06,East_Antarctica,1.39168413,-0.23914074461909984,0.23914074461909984,0.31006724465958424,FALSE,FALSE
1988-05-07,East_Antarctica,1.480969879,-0.16842052201717328,0.16842052201717328,0.31006724465958424,FALSE,FALSE
1988-05-08,East_Antarctica,1.558116921,-0.10986860602801496,0.10986860602801496,0.31006724465958424,FALSE,FALSE
1988-05-09,East_Antarctica,1.588590719,-0.0980095177986231,0.0980095177986231,0.31006724465958424,FALSE,FALSE
1988-05-10,East_Antarctica,1.59634015,-0.10888436447599203,0.10888436447599203,0.31006724465958424,FALSE,FALSE
1988-05-11,East_Antarctica,1.556949943,-0.16689840120712018,0.16689840120712018,0.31006724465958424,FALSE,FALSE
1988-05-12,East_Antarctica,1.593991371,-0.14847033913900032,0.14847033913900032,0.31006724465958424,FALSE,FALSE
1988-05-13,East_Antarctica,1.636272708,-0.12478188841863092,0.12478188841863092,0.31006724465958424,FALSE,FALSE
1988-05-14,East_Antarctica,1.664750148,-0.11486683919300678,0.11486683919300678,0.31006724465958424,FALSE,FALSE
1988-05-15,East_Antarctica,1.701584657,-0.0965542096091263,0.0965542096091263,0.31006724465958424,FALSE,FALSE
1988-05-16,East_Antarctica,1.685272518,-0.13133770081398155,0.13133770081398155,0.31006724465958424,FALSE,FALSE
1988-05-17,East_Antarctica,1.721688714,-0.1133323139545752,0.1133323139545752,0.31006724465958424,FALSE,FALSE
1988-05-18,East_Antarctica,1.783966963,-0.06939431517789729,0.06939431517789729,0.31006724465958424,FALSE,FALSE
1988-05-19,East_Antarctica,1.80354693,-0.06807359404870628,0.06807359404870628,0.31006724465958424,FALSE,FALSE
1988-05-20,East_Antarctica,1.824226114,-0.06555436740956422,0.06555436740956422,0.31006724465958424,FALSE,FALSE
1988-05-21,East_Antarctica,1.831569836,-0.07624618153853291,0.07624618153853291,0.31006724465958424,FALSE,FALSE
1988-05-22,East_Antarctica,1.832586579,-0.09311519029565264,0.09311519029565264,0.31006724465958424,FALSE,FALSE
1988-05-23,East_Antarctica,1.819759106,-0.12365326754097716,0.12365326754097716,0.31006724465958424,FALSE,FALSE
1988-05-24,East_Antarctica,1.830886913,-0.13003555413455126,0.13003555413455126,0.31006724465958424,FALSE,FALSE
1988-05-25,East_Antarctica,1.88353448,-0.09467220693642142,0.09467220693642142,0.31006724465958424,FALSE,FALSE
1988-05-26,East_Antarctica,1.899793203,-0.09544646680663416,0.09544646680663416,0.31006724465958424,FALSE,FALSE
1988-05-27,East_Antarctica,1.908051414,-0.10394463860523784,0.10394463860523784,0.31006724465958424,FALSE,FALSE
1988-05-28,East_Antarctica,1.934944775,-0.0935056971922794,0.0935056971922794,0.31006724465958424,FALSE,FALSE
1988-05-29,East_Antarctica,1.934234539,-0.11034302642780314,0.11034302642780314,0.31006724465958424,FALSE,FALSE
1988-05-30,East_Antarctica,1.96997145,-0.0903805191718603,0.0903805191718603,0.31006724465958424,FALSE,FALSE
1988-05-31,East_Antarctica,2.014751823,-0.0609964972844943,0.0609964972844943,0.31006724465958424,FALSE,FALSE
1988-06-01,East_Antarctica,2.004836305,-0.08591738571261454,0.08591738571261454,0.31006724465958424,FALSE,FALSE
1988-06-02,East_Antarctica,1.955793528,-0.14961678980645488,0.14961678980645488,0.31006724465958424,FALSE,FALSE
1988-06-03,East_Antarctica,1.98075183,-0.1390239012634105,0.1390239012634105,0.31006724465958424,FALSE,FALSE
1988-06-04,East_Antarctica,2.009015838,-0.12489162334734338,0.12489162334734338,0.31006724465958424,FALSE,FALSE
1988-06-05,East_Antarctica,2.056162352,-0.0917006863221177,0.0917006863221177,0.31006724465958424,FALSE,FALSE
1988-06-06,East_Antarctica,2.101059886,-0.06064010645159445,0.06064010645159445,0.31006724465958424,FALSE,FALSE
1988-06-07,East_Antarctica,2.113582257,-0.06189359699963681,0.06189359699963681,0.31006724465958424,FALSE,FALSE
1988-06-08,East_Antarctica,2.124395006,-0.06485314723010926,0.06485314723010926,0.31006724465958424,FALSE,FALSE
1988-06-09,East_Antarctica,2.114329095,-0.08874532540686886,0.08874532540686886,0.31006724465958424,FALSE,FALSE
1988-06-10,East_Antarctica,2.072308273,-0.14470391279378436,0.14470391279378436,0.31006724465958424,FALSE,FALSE
1988-06-11,East_Antarctica,2.098029934,-0.1330890456547147,0.1330890456547147,0.31006724465958424,FALSE,FALSE
1988-06-12,East_Antarctica,2.064141176,-0.181311156253523,0.181311156253523,0.31006724465958424,FALSE,FALSE
1988-06-13,East_Antarctica,2.036090651,-0.2239779905902344,0.2239779905902344,0.31006724465958424,FALSE,FALSE
1988-06-14,East_Antarctica,2.021098733,-0.25387565777903953,0.25387565777903953,0.31006724465958424,FALSE,FALSE
1988-06-15,East_Antarctica,2.090539445,-0.1995681419177906,0.1995681419177906,0.31006724465958424,FALSE,FALSE
1988-06-16,East_Antarctica,2.171843259,-0.13355801690020508,0.13355801690020508,0.31006724465958424,FALSE,FALSE
1988-06-17,East_Antarctica,2.250198962,-0.07058954161998576,0.07058954161998576,0.31006724465958424,FALSE,FALSE
1988-06-18,East_Antarctica,2.270456923,-0.06574539297085114,0.06574539297085114,0.31006724465958424,FALSE,FALSE
1988-06-19,East_Antarctica,2.257121431,-0.0944543278465102,0.0944543278465102,0.31006724465958424,FALSE,FALSE
1988-06-20,East_Antarctica,2.250568337,-0.11627354114067368,0.11627354114067368,0.31006724465958424,FALSE,FALSE
1988-06-21,East_Antarctica,2.216173043,-0.1657606767470554,0.1657606767470554,0.31006724465958424,FALSE,FALSE
1988-06-22,East_Antarctica,2.253713067,-0.1430712625593653,0.1430712625593653,0.31006724465958424,FALSE,FALSE
1988-06-23,East_Antarctica,2.318418235,-0.09290851847131476,0.09290851847131476,0.31006724465958424,FALSE,FALSE
1988-06-24,East_Antarctica,2.363921496,-0.0615725413766186,0.0615725413766186,0.31006724465958424,FALSE,FALSE
1988-06-25,East_Antarctica,2.381767387,-0.05745184016898275,0.05745184016898275,0.31006724465958424,FALSE,FALSE
1988-06-26,East_Antarctica,2.416789586,-0.03565530249935378,0.03565530249935378,0.31006724465958424,FALSE,FALSE
1988-06-27,East_Antarctica,2.394907886,-0.07027763711464141,0.07027763711464141,0.31006724465958424,FALSE,FALSE
1988-06-28,East_Antarctica,2.452647026,-0.02484147719169405,0.02484147719169405,0.31006724465958424,FALSE,FALSE
1988-06-29,East_Antarctica,2.500703654,0.01130228408898448,0.01130228408898448,0.31006724465958424,FALSE,FALSE
1988-06-30,East_Antarctica,2.524931017,0.02395935254688641,0.02395935254688641,0.31006724465958424,FALSE,FALSE
1988-07-01,East_Antarctica,2.550797274,0.03855034600150064,0.03855034600150064,0.31006724465958424,FALSE,FALSE
1988-07-02,East_Antarctica,2.548626678,0.02535197627232488,0.02535197627232488,0.31006724465958424,FALSE,FALSE
1988-07-03,East_Antarctica,2.541975987,0.00787346017884793,0.00787346017884793,0.31006724465958424,FALSE,FALSE
1988-07-04,East_Antarctica,2.546339593,0.00156164854056539,0.00156164854056539,0.31006724465958424,FALSE,FALSE
1988-07-05,East_Antarctica,2.545106491,-0.01024200482303205,0.01024200482303205,0.31006724465958424,FALSE,FALSE
1988-07-06,East_Antarctica,2.535202768,-0.03065895409245023,0.03065895409245023,0.31006724465958424,FALSE,FALSE
1988-07-07,East_Antarctica,2.488813799,-0.08755136544819608,0.08755136544819608,0.31006724465958424,FALSE,FALSE
1988-07-08,East_Antarctica,2.490599613,-0.09630669362662658,0.09630669362662658,0.31006724465958424,FALSE,FALSE
1988-07-09,East_Antarctica,2.488675637,-0.1088458227425262,0.1088458227425262,0.31006724465958424,FALSE,FALSE
1988-07-10,East_Antarctica,2.514840155,-0.09338232891385267,0.09338232891385267,0.31006724465958424,FALSE,FALSE
1988-07-11,East_Antarctica,2.551956812,-0.06706119150396628,0.06706119150396628,0.31006724465958424,FALSE,FALSE
1988-07-12,East_Antarctica,2.567052958,-0.06286368487622784,0.06286368487622784,0.31006724465958424,FALSE,FALSE
1988-07-13,East_Antarctica,2.547223404,-0.09370362239399288,0.09370362239399288,0.31006724465958424,FALSE,FALSE
1988-07-14,East_Antarctica,2.612726803,-0.03933097542062036,0.03933097542062036,0.31006724465958424,FALSE,FALSE
1988-07-15,East_Antarctica,2.61857306,-0.0447444633194678,0.0447444633194678,0.31006724465958424,FALSE,FALSE
1988-07-16,East_Antarctica,2.602043927,-0.07267095845389626,0.07267095845389626,0.31006724465958424,FALSE,FALSE
1988-07-17,East_Antarctica,2.595841527,-0.09041696218726036,0.09041696218726036,0.31006724465958424,FALSE,FALSE
1988-07-18,East_Antarctica,2.556783683,-0.14117327588292206,0.14117327588292206,0.31006724465958424,FALSE,FALSE
1988-07-19,East_Antarctica,2.532754732,-0.17706418690423664,0.17706418690423664,0.31006724465958424,FALSE,FALSE
1988-07-20,East_Antarctica,2.557141376,-0.164711617614564,0.164711617614564,0.31006724465958424,FALSE,FALSE
1988-07-21,East_Antarctica,2.610845017,-0.12322023378602598,0.12322023378602598,0.31006724465958424,FALSE,FALSE
1988-07-22,East_Antarctica,2.645806786,-0.10061968535749344,0.10061968535749344,0.31006724465958424,FALSE,FALSE
1988-07-23,East_Antarctica,2.654029563,-0.10485215129469694,0.10485215129469694,0.31006724465958424,FALSE,FALSE
1988-07-24,East_Antarctica,2.663364832,-0.10801062308892416,0.10801062308892416,0.31006724465958424,FALSE,FALSE
1988-07-25,East_Antarctica,2.685215549,-0.0986366202314648,0.0986366202314648,0.31006724465958424,FALSE,FALSE
1988-07-26,East_Antarctica,2.735340601,-0.06091573121361193,0.06091573121361193,0.31006724465958424,FALSE,FALSE
1988-07-27,East_Antarctica,2.773279474,-0.03525294552665325,0.03525294552665325,0.31006724465958424,FALSE,FALSE
1988-07-28,East_Antarctica,2.791697243,-0.02892766366187693,0.02892766366187693,0.31006724465958424,FALSE,FALSE
1988-07-29,East_Antarctica,2.833394724,9.164548894240454e-4,9.164548894240454e-4,0.31006724465958424,FALSE,FALSE
1988-07-30,East_Antarctica,2.862344728,0.01830774563596149,0.01830774563596149,0.31006724465958424,FALSE,FALSE
1988-07-31,East_Antarctica,2.912419421,0.05717389908644677,0.05717389908644677,0.31006724465958424,FALSE,FALSE
1988-08-01,East_Antarctica,2.972870725,0.1068223617495856,0.1068223617495856,0.31006724465958424,FALSE,FALSE
1988-08-02,East_Antarctica,3.006118363,0.1297283804009317,0.1297283804009317,0.31006724465958424,FALSE,FALSE
1988-08-03,East_Antarctica,3.025995106,0.13976045738220844,0.13976045738220844,0.31006724465958424,FALSE,FALSE
1988-08-04,East_Antarctica,2.969836649,0.07421862008093782,0.07421862008093782,0.31006724465958424,FALSE,FALSE
1988-08-05,East_Antarctica,2.966358985,0.06176709951853842,0.06176709951853842,0.31006724465958424,FALSE,FALSE
1988-08-06,East_Antarctica,2.941883764,0.02867578371642931,0.02867578371642931,0.31006724465958424,FALSE,FALSE
1988-08-07,East_Antarctica,2.98125101,0.05973293469603069,0.05973293469603069,0.31006724465958424,FALSE,FALSE
1988-08-08,East_Antarctica,2.994549843,0.06497591047876261,0.06497591047876261,0.31006724465958424,FALSE,FALSE
1988-08-09,East_Antarctica,2.996226741,0.05879942708604258,0.05879942708604258,0.31006724465958424,FALSE,FALSE
1988-08-10,East_Antarctica,2.989127289,0.04399730753929098,0.04399730753929098,0.31006724465958424,FALSE,FALSE
1988-08-11,East_Antarctica,2.98739704,0.03466334285992767,0.03466334285992767,0.31006724465958424,FALSE,FALSE
1988-08-12,East_Antarctica,2.987016017,0.02672579406937147,0.02672579406937147,0.31006724465958424,FALSE,FALSE
1988-08-13,East_Antarctica,2.975334049,0.00748272818904371,0.00748272818904371,0.31006724465958424,FALSE,FALSE
1988-08-14,East_Antarctica,2.974378752,-0.00109000075963816,0.00109000075963816,0.31006724465958424,FALSE,FALSE
1988-08-15,East_Antarctica,2.976016465,-0.00717628345952814,0.00717628345952814,0.31006724465958424,FALSE,FALSE
1988-08-16,East_Antarctica,3.004101077,0.01307308283431307,0.01307308283431307,0.31006724465958424,FALSE,FALSE
1988-08-17,East_Antarctica,3.034792335,0.03586528691180923,0.03586528691180923,0.31006724465958424,FALSE,FALSE
1988-08-18,East_Antarctica,3.022357675,0.0155180633144849,0.0155180633144849,0.31006724465958424,FALSE,FALSE
1988-08-19,East_Antarctica,3.001404206,-0.01331118041612411,0.01331118041612411,0.31006724465958424,FALSE,FALSE
1988-08-20,East_Antarctica,2.985162631,-0.03734144273848949,0.03734144273848949,0.31006724465958424,FALSE,FALSE
1988-08-21,East_Antarctica,3.07041853,0.0402631548889194,0.0402631548889194,0.31006724465958424,FALSE,FALSE
1988-08-22,East_Antarctica,3.109980945,0.07236195300763226,0.07236195300763226,0.31006724465958424,FALSE,FALSE
1988-08-23,East_Antarctica,3.1067850360000002,0.06194041015918161,0.06194041015918161,0.31006724465958424,FALSE,FALSE
1988-08-24,East_Antarctica,3.134909181,0.0831272028850969,0.0831272028850969,0.31006724465958424,FALSE,FALSE
1988-08-25,East_Antarctica,3.148920847,0.090540096726909,0.090540096726909,0.31006724465958424,FALSE,FALSE
1988-08-26,East_Antarctica,3.136849098,0.0722584542261484,0.0722584542261484,0.31006724465958424,FALSE,FALSE
1988-08-27,East_Antarctica,3.135595032,0.06523367192434781,0.06523367192434781,0.31006724465958424,FALSE,FALSE
1988-08-28,East_Antarctica,3.129977322,0.0543257297380646,0.0543257297380646,0.31006724465958424,FALSE,FALSE
1988-08-29,East_Antarctica,3.069333728,-0.01114095377923751,0.01114095377923751,0.31006724465958424,FALSE,FALSE
1988-08-30,East_Antarctica,2.988551053,-0.0963134502050127,0.0963134502050127,0.31006724465958424,FALSE,FALSE
1988-08-31,East_Antarctica,2.921091177,-0.16776379094641003,0.16776379094641003,0.31006724465958424,FALSE,FALSE
1988-09-01,East_Antarctica,2.947950105,-0.1445298824105774,0.1445298824105774,0.31006724465958424,FALSE,FALSE
1988-09-02,East_Antarctica,2.980473422,-0.11530005100466534,0.11530005100466534,0.31006724465958424,FALSE,FALSE
1988-09-03,East_Antarctica,3.055382169,-0.04338716713581858,0.04338716713581858,0.31006724465958424,FALSE,FALSE
1988-09-04,East_Antarctica,3.124494394,0.02299290578881274,0.02299290578881274,0.31006724465958424,FALSE,FALSE
1988-09-05,East_Antarctica,3.13851695,0.03451310936207941,0.03451310936207941,0.31006724465958424,FALSE,FALSE
1988-09-06,East_Antarctica,3.142549595,0.03623929017683469,0.03623929017683469,0.31006724465958424,FALSE,FALSE
1988-09-07,East_Antarctica,3.137448046,0.02899325382592543,0.02899325382592543,0.31006724465958424,FALSE,FALSE
1988-09-08,East_Antarctica,3.11149147,0.00102025590221144,0.00102025590221144,0.31006724465958424,FALSE,FALSE
1988-09-09,East_Antarctica,3.128637546,0.01624411580647544,0.01624411580647544,0.31006724465958424,FALSE,FALSE
1988-09-10,East_Antarctica,3.192271512,0.07802113015217982,0.07802113015217982,0.31006724465958424,FALSE,FALSE
1988-09-11,East_Antarctica,3.144959495,0.02889738459008972,0.02889738459008972,0.31006724465958424,FALSE,FALSE
1988-09-12,East_Antarctica,3.191010426,0.07316270586730944,0.07316270586730944,0.31006724465958424,FALSE,FALSE
1988-09-13,East_Antarctica,3.213576987,0.09395067173094596,0.09395067173094596,0.31006724465958424,FALSE,FALSE
1988-09-14,East_Antarctica,3.238450895,0.1170338949280998,0.1170338949280998,0.31006724465958424,FALSE,FALSE
1988-09-15,East_Antarctica,3.251717427,0.12847854820587834,0.12847854820587834,0.31006724465958424,FALSE,FALSE
1988-09-16,East_Antarctica,3.220887144,0.09577608831138518,0.09577608831138518,0.31006724465958424,FALSE,FALSE
1988-09-17,East_Antarctica,3.173030193,0.04597755799172454,0.04597755799172454,0.31006724465958424,FALSE,FALSE
1988-09-18,East_Antarctica,3.170674177,0.04159145599400116,0.04159145599400116,0.31006724465958424,FALSE,FALSE
1988-09-19,East_Antarctica,3.226265904,0.0950454860653207,0.0950454860653207,0.31006724465958424,FALSE,FALSE
1988-09-20,East_Antarctica,3.192040997,0.0585561669527852,0.0585561669527852,0.31006724465958424,FALSE,FALSE
1988-09-21,East_Antarctica,3.169893377,0.03399831540350062,0.03399831540350062,0.31006724465958424,FALSE,FALSE
1988-09-22,East_Antarctica,3.014711712,-0.1237524178798366,0.1237524178798366,0.31006724465958424,FALSE,FALSE
1988-09-23,East_Antarctica,3.001480186,-0.13965969848710502,0.13965969848710502,0.31006724465958424,FALSE,FALSE
1988-09-24,East_Antarctica,3.033045943,-0.11078470027509724,0.11078470027509724,0.31006724465958424,FALSE,FALSE
1988-09-25,East_Antarctica,3.038762087,-0.10768208242677346,0.10768208242677346,0.31006724465958424,FALSE,FALSE
1988-09-26,East_Antarctica,3.033181434,-0.11570679212510047,0.11570679212510047,0.31006724465958424,FALSE,FALSE
1988-09-27,East_Antarctica,3.059309948,-0.09176062855303836,0.09176062855303836,0.31006724465958424,FALSE,FALSE
1988-09-28,East_Antarctica,3.065640031,-0.08725895289355279,0.08725895289355279,0.31006724465958424,FALSE,FALSE
1988-09-29,East_Antarctica,3.062140465,-0.09214074632960578,0.09214074632960578,0.31006724465958424,FALSE,FALSE
1988-09-30,East_Antarctica,3.102500041,-0.05262498104416213,0.05262498104416213,0.31006724465958424,FALSE,FALSE
1988-10-01,East_Antarctica,3.154264578,-0.00107360122018285,0.00107360122018285,0.31006724465958424,FALSE,FALSE
1988-10-02,East_Antarctica,3.237772414,0.08294396795936976,0.08294396795936976,0.31006724465958424,FALSE,FALSE
1988-10-03,East_Antarctica,3.227786731,0.07428314531152713,0.07428314531152713,0.31006724465958424,FALSE,FALSE
1988-10-04,East_Antarctica,3.202465782,0.05119439289254135,0.05119439289254135,0.31006724465958424,FALSE,FALSE
1988-10-05,East_Antarctica,3.190771758,0.0426985304857066,0.0426985304857066,0.31006724465958424,FALSE,FALSE
1988-10-06,East_Antarctica,3.171214648,0.02726539784606929,0.02726539784606929,0.31006724465958424,FALSE,FALSE
1988-10-07,East_Antarctica,3.179093075,0.04013539748319372,0.04013539748319372,0.31006724465958424,FALSE,FALSE
1988-10-08,East_Antarctica,3.149707518,0.01655078790664221,0.01655078790664221,0.31006724465958424,FALSE,FALSE
1988-10-09,East_Antarctica,3.12717007,5.654416259823769e-4,5.654416259823769e-4,0.31006724465958424,FALSE,FALSE
1988-10-10,East_Antarctica,3.087773049,-0.03158654384922155,0.03158654384922155,0.31006724465958424,FALSE,FALSE
1988-10-11,East_Antarctica,3.081979645,-0.02950019900940992,0.02950019900940992,0.31006724465958424,FALSE,FALSE
1988-10-12,East_Antarctica,3.032944098,-0.07007950434501486,0.07007950434501486,0.31006724465958424,FALSE,FALSE
1988-10-13,East_Antarctica,3.012912623,-0.0811364653464719,0.0811364653464719,0.31006724465958424,FALSE,FALSE
1988-10-14,East_Antarctica,2.987503374,-0.09711114850421776,0.09711114850421776,0.31006724465958424,FALSE,FALSE
1988-10-15,East_Antarctica,2.963402416,-0.11137570930868446,0.11137570930868446,0.31006724465958424,FALSE,FALSE
1988-10-16,East_Antarctica,2.949130358,-0.11546775925031484,0.11546775925031484,0.31006724465958424,FALSE,FALSE
1988-10-17,East_Antarctica,2.987768853,-0.06636056597508144,0.06636056597508144,0.31006724465958424,FALSE,FALSE
1988-10-18,East_Antarctica,2.98787033,-0.05548653341045195,0.05548653341045195,0.31006724465958424,FALSE,FALSE
1988-10-19,East_Antarctica,2.972918658,-0.05927962055339853,0.05927962055339853,0.31006724465958424,FALSE,FALSE
1988-10-20,East_Antarctica,2.951631137,-0.06893767250513116,0.06893767250513116,0.31006724465958424,FALSE,FALSE
1988-10-21,East_Antarctica,2.964358074,-0.04402552736686571,0.04402552736686571,0.31006724465958424,FALSE,FALSE
1988-10-22,East_Antarctica,2.97036086,-0.02519693923980837,0.02519693923980837,0.31006724465958424,FALSE,FALSE
1988-10-23,East_Antarctica,2.985580442,0.00357389377482508,0.00357389377482508,0.31006724465958424,FALSE,FALSE
1988-10-24,East_Antarctica,2.993165837,0.02552084357582362,0.02552084357582362,0.31006724465958424,FALSE,FALSE
1988-10-25,East_Antarctica,2.942181484,-0.01020679593802276,0.01020679593802276,0.31006724465958424,FALSE,FALSE
1988-10-26,East_Antarctica,2.885552224,-0.05059932886792806,0.05059932886792806,0.31006724465958424,FALSE,FALSE
1988-10-27,East_Antarctica,2.867051208,-0.05179874931510442,0.05179874931510442,0.31006724465958424,FALSE,FALSE
1988-10-28,East_Antarctica,2.870488015,-0.02991062338076267,0.02991062338076267,0.31006724465958424,FALSE,FALSE
1988-10-29,East_Antarctica,2.870249201,-0.01046354016611506,0.01046354016611506,0.31006724465958424,FALSE,FALSE
1988-10-30,East_Antarctica,2.868309215,0.00858939358025034,0.00858939358025034,0.31006724465958424,FALSE,FALSE
1988-10-31,East_Antarctica,2.811591456,-0.02581706679150963,0.02581706679150963,0.31006724465958424,FALSE,FALSE
1988-11-01,East_Antarctica,2.775884435,-0.03790181776069357,0.03790181776069357,0.31006724465958424,FALSE,FALSE
1988-11-02,East_Antarctica,2.733073017,-0.05578740685081662,0.05578740685081662,0.31006724465958424,FALSE,FALSE
1988-11-03,East_Antarctica,2.70718051,-0.05545793858538905,0.05545793858538905,0.31006724465958424,FALSE,FALSE
1988-11-04,East_Antarctica,2.651632858,-0.08349488148792084,0.08349488148792084,0.31006724465958424,FALSE,FALSE
1988-11-05,East_Antarctica,2.582932982,-0.12340272708192844,0.12340272708192844,0.31006724465958424,FALSE,FALSE
1988-11-06,East_Antarctica,2.542592733,-0.13367703689091837,0.13367703689091837,0.31006724465958424,FALSE,FALSE
1988-11-07,East_Antarctica,2.537505628,-0.1074317064384065,0.1074317064384065,0.31006724465958424,FALSE,FALSE
1988-11-08,East_Antarctica,2.55578793,-0.05655788524790273,0.05655788524790273,0.31006724465958424,FALSE,FALSE
1988-11-09,East_Antarctica,2.538266623,-0.04023600184291798,0.04023600184291798,0.31006724465958424,FALSE,FALSE
1988-11-10,East_Antarctica,2.511727804,-0.03168737174696634,0.03168737174696634,0.31006724465958424,FALSE,FALSE
1988-11-11,East_Antarctica,2.48822134,-0.01887044804826354,0.01887044804826354,0.31006724465958424,FALSE,FALSE
1988-11-12,East_Antarctica,2.414160871,-0.05543011640706741,0.05543011640706741,0.31006724465958424,FALSE,FALSE
1988-11-13,East_Antarctica,2.377871177,-0.053175591934429,0.053175591934429,0.31006724465958424,FALSE,FALSE
1988-11-14,East_Antarctica,2.391783614,1.842612722793291e-4,1.842612722793291e-4,0.31006724465958424,FALSE,FALSE
1988-11-15,East_Antarctica,2.382494565,0.03110560611568091,0.03110560611568091,0.31006724465958424,FALSE,FALSE
1988-11-16,East_Antarctica,2.378814552,0.06825874449840219,0.06825874449840219,0.31006724465958424,FALSE,FALSE
1988-11-17,East_Antarctica,2.314001782,0.0447616633230643,0.0447616633230643,0.31006724465958424,FALSE,FALSE
1988-11-18,East_Antarctica,2.175846828,-0.05173528450770659,0.05173528450770659,0.31006724465958424,FALSE,FALSE
1988-11-19,East_Antarctica,2.050278463,-0.13544354609128417,0.13544354609128417,0.31006724465958424,FALSE,FALSE
1988-11-20,East_Antarctica,2.077334342,-0.06646568652504481,0.06646568652504481,0.31006724465958424,FALSE,FALSE
1988-11-21,East_Antarctica,2.07134281,-0.03061358090636368,0.03061358090636368,0.31006724465958424,FALSE,FALSE
1988-11-22,East_Antarctica,1.973200264,-0.08713105233261809,0.08713105233261809,0.31006724465958424,FALSE,FALSE
1988-11-23,East_Antarctica,1.94724663,-0.07181839490118058,0.07181839490118058,0.31006724465958424,FALSE,FALSE
1988-11-24,East_Antarctica,1.922954434,-0.05533481506566229,0.05533481506566229,0.31006724465958424,FALSE,FALSE
1988-11-25,East_Antarctica,1.878331714,-0.05973222021076929,0.05973222021076929,0.31006724465958424,FALSE,FALSE
1988-11-26,East_Antarctica,1.822501811,-0.07591111832186037,0.07591111832186037,0.31006724465958424,FALSE,FALSE
1988-11-27,East_Antarctica,1.794694565,-0.0646652449750329,0.0646652449750329,0.31006724465958424,FALSE,FALSE
1988-11-28,East_Antarctica,1.757838215,-0.06308993674638885,0.06308993674638885,0.31006724465958424,FALSE,FALSE
1988-11-29,East_Antarctica,1.731559573,-0.05158195721202419,0.05158195721202419,0.31006724465958424,FALSE,FALSE
1988-11-30,East_Antarctica,1.692709674,-0.05331384694803987,0.05331384694803987,0.31006724465958424,FALSE,FALSE
1988-12-01,East_Antarctica,1.665733106,-0.04386459353053329,0.04386459353053329,0.31006724465958424,FALSE,FALSE
1988-12-02,East_Antarctica,1.63520881,-0.03867883153560525,0.03867883153560525,0.31006724465958424,FALSE,FALSE
1988-12-03,East_Antarctica,1.614343605,-0.0245733175393541,0.0245733175393541,0.31006724465958424,FALSE,FALSE
1988-12-04,East_Antarctica,1.564792216,-0.03991690211787779,0.03991690211787779,0.31006724465958424,FALSE,FALSE
1988-12-05,East_Antarctica,1.531152909,-0.04013489484727728,0.04013489484727728,0.31006724465958424,FALSE,FALSE
1988-12-06,East_Antarctica,1.521056616,-0.01761991531779627,0.01761991531779627,0.31006724465958424,FALSE,FALSE
1988-12-07,East_Antarctica,1.49183782,-0.0150535861430372,0.0150535861430372,0.31006724465958424,FALSE,FALSE
1988-12-08,East_Antarctica,1.476399477,4.6890002505106665e-4,4.6890002505106665e-4,0.31006724465958424,FALSE,FALSE
1988-12-09,East_Antarctica,1.465031585,0.01924204517809591,0.01924204517809591,0.31006724465958424,FALSE,FALSE
1988-12-10,East_Antarctica,1.438049722,0.02158593130771691,0.02158593130771691,0.31006724465958424,FALSE,FALSE
1988-12-11,East_Antarctica,1.386305458,-0.00164336759446226,0.00164336759446226,0.31006724465958424,FALSE,FALSE
1988-12-12,East_Antarctica,1.33117685,-0.02906329053681644,0.02906329053681644,0.31006724465958424,FALSE,FALSE
1988-12-13,East_Antarctica,1.308881325,-0.02445190652772289,0.02445190652772289,0.31006724465958424,FALSE,FALSE
1988-12-14,East_Antarctica,1.30587559,-0.00134800457555761,0.00134800457555761,0.31006724465958424,FALSE,FALSE
1988-12-15,East_Antarctica,1.299980264,0.0180735383113022,0.0180735383113022,0.31006724465958424,FALSE,FALSE
1988-12-16,East_Antarctica,1.264579596,0.00720147512448066,0.00720147512448066,0.31006724465958424,FALSE,FALSE
1988-12-17,East_Antarctica,1.246505616,0.01287233985559965,0.01287233985559965,0.31006724465958424,FALSE,FALSE
1988-12-18,East_Antarctica,1.223643901,0.01297621349628497,0.01297621349628497,0.31006724465958424,FALSE,FALSE
1988-12-19,East_Antarctica,1.203402234,0.01492618952166569,0.01492618952166569,0.31006724465958424,FALSE,FALSE
1988-12-20,East_Antarctica,1.187183361,0.02014307646564139,0.02014307646564139,0.31006724465958424,FALSE,FALSE
1988-12-21,East_Antarctica,1.175162199,0.0288300328231883,0.0288300328231883,0.31006724465958424,FALSE,FALSE
1988-12-22,East_Antarctica,1.157149372,0.03082620774560207,0.03082620774560207,0.31006724465958424,FALSE,FALSE
1988-12-23,East_Antarctica,1.14983413,0.04284937638418062,0.04284937638418062,0.31006724465958424,FALSE,FALSE
1988-12-24,East_Antarctica,1.134082242,0.04579383289021943,0.04579383289021943,0.31006724465958424,FALSE,FALSE
1988-12-25,East_Antarctica,1.120227884,0.05002227841501416,0.05002227841501416,0.31006724465958424,FALSE,FALSE
1988-12-26,East_Antarctica,1.078576935,0.02586911710986061,0.02586911710986061,0.31006724465958424,FALSE,FALSE
1988-12-27,East_Antarctica,1.024949764,-0.01081675687394456,0.01081675687394456,0.31006724465958424,FALSE,FALSE
1988-12-28,East_Antarctica,1.006146359,-0.01320683038510361,0.01320683038510361,0.31006724465958424,FALSE,FALSE
1988-12-29,East_Antarctica,1.009781204,0.00634190572767856,0.00634190572767856,0.31006724465958424,FALSE,FALSE
1988-12-30,East_Antarctica,0.994729181,0.00673285861569539,0.00673285861569539,0.31006724465958424,FALSE,FALSE
1988-12-31,East_Antarctica,0.987966478,0.01497074143024568,0.01497074143024568,0.31006724465958424,FALSE,FALSE
1989-01-01,East_Antarctica,0.975787965,0.00279222843024595,0.00279222843024595,0.31006724465958424,FALSE,FALSE
1989-01-02,East_Antarctica,0.964329042,0.00591892334385213,0.00591892334385213,0.31006724465958424,FALSE,FALSE
1989-01-03,East_Antarctica,0.939648456,-0.00456800238607124,0.00456800238607124,0.31006724465958424,FALSE,FALSE
1989-01-04,East_Antarctica,0.92515608,-0.00523676848087872,0.00523676848087872,0.31006724465958424,FALSE,FALSE
1989-01-05,East_Antarctica,0.911933943,-0.00498343866192374,0.00498343866192374,0.31006724465958424,FALSE,FALSE
1989-01-06,East_Antarctica,0.879943907,-0.02382424365056878,0.02382424365056878,0.31006724465958424,FALSE,FALSE
1989-01-07,East_Antarctica,0.858160561,-0.03276268716816677,0.03276268716816677,0.31006724465958424,FALSE,FALSE
1989-01-08,East_Antarctica,0.862464959,-0.0158958079360747,0.0158958079360747,0.31006724465958424,FALSE,FALSE
1989-01-09,East_Antarctica,0.860613703,-0.00544509667565118,0.00544509667565118,0.31006724465958424,FALSE,FALSE
1989-01-10,East_Antarctica,0.857597935,0.00360249589175032,0.00360249589175032,0.31006724465958424,FALSE,FALSE
1989-01-11,East_Antarctica,0.851517541,0.0093687630447703,0.0093687630447703,0.31006724465958424,FALSE,FALSE
1989-01-12,East_Antarctica,0.833280371,0.00278346206205348,0.00278346206205348,0.31006724465958424,FALSE,FALSE
1989-01-13,East_Antarctica,0.833890101,0.01487217622224301,0.01487217622224301,0.31006724465958424,FALSE,FALSE
1989-01-14,East_Antarctica,0.803710766,-0.00397948702744466,0.00397948702744466,0.31006724465958424,FALSE,FALSE
1989-01-15,East_Antarctica,0.803810022,0.00730568538867404,0.00730568538867404,0.31006724465958424,FALSE,FALSE
1989-01-16,East_Antarctica,0.802492589,0.01702691785841736,0.01702691785841736,0.31006724465958424,FALSE,FALSE
1989-01-17,East_Antarctica,0.785436914,0.01085620978649748,0.01085620978649748,0.31006724465958424,FALSE,FALSE
1989-01-18,East_Antarctica,0.783591537,0.01973565357762818,0.01973565357762818,0.31006724465958424,FALSE,FALSE
1989-01-19,East_Antarctica,0.786030151,0.03273249463652206,0.03273249463652206,0.31006724465958424,FALSE,FALSE
1989-01-20,East_Antarctica,0.77030929,0.027396819367891512,0.027396819367891512,0.31006724465958424,FALSE,FALSE
1989-01-21,East_Antarctica,0.748435281,0.01572850717644958,0.01572850717644958,0.31006724465958424,FALSE,FALSE
1989-01-22,East_Antarctica,0.742413419,0.01972640546690973,0.01972640546690973,0.31006724465958424,FALSE,FALSE
1989-01-23,East_Antarctica,0.736504386,0.0236447486439838,0.0236447486439838,0.31006724465958424,FALSE,FALSE
1989-01-24,East_Antarctica,0.703083419,-1.476738876148298e-4,1.476738876148298e-4,0.31006724465958424,FALSE,FALSE
1989-01-25,East_Antarctica,0.682986237,-0.01082159072317334,0.01082159072317334,0.31006724465958424,FALSE,FALSE
1989-01-26,East_Antarctica,0.672596859,-0.01199943045797846,0.01199943045797846,0.31006724465958424,FALSE,FALSE
1989-01-27,East_Antarctica,0.661012263,-0.01458984380144723,0.01458984380144723,0.31006724465958424,FALSE,FALSE
1989-01-28,East_Antarctica,0.674466926,0.00764156095126855,0.00764156095126855,0.31006724465958424,FALSE,FALSE
1989-01-29,East_Antarctica,0.676275772,0.01801192111955307,0.01801192111955307,0.31006724465958424,FALSE,FALSE
1989-01-30,East_Antarctica,0.658484194,0.00856885042735566,0.00856885042735566,0.31006724465958424,FALSE,FALSE
1989-01-31,East_Antarctica,0.653044457,0.01126683459862754,0.01126683459862754,0.31006724465958424,FALSE,FALSE
1989-02-01,East_Antarctica,0.641545915,0.00769744835732022,0.00769744835732022,0.31006724465958424,FALSE,FALSE
1989-02-02,East_Antarctica,0.605109125,-0.02101653057261654,0.02101653057261654,0.31006724465958424,FALSE,FALSE
1989-02-03,East_Antarctica,0.619051455,4.444865327695169e-4,4.444865327695169e-4,0.31006724465958424,FALSE,FALSE
1989-02-04,East_Antarctica,0.620921271,0.00963108639742826,0.00963108639742826,0.31006724465958424,FALSE,FALSE
1989-02-05,East_Antarctica,0.61677631,0.01260322674531033,0.01260322674531033,0.31006724465958424,FALSE,FALSE
1989-02-06,East_Antarctica,0.631274663,0.03402121930036683,0.03402121930036683,0.31006724465958424,FALSE,FALSE
1989-02-07,East_Antarctica,0.627036212,0.03650716678654897,0.03650716678654897,0.31006724465958424,FALSE,FALSE
1989-02-08,East_Antarctica,0.598741555,0.01474374868083983,0.01474374868083983,0.31006724465958424,FALSE,FALSE
1989-02-09,East_Antarctica,0.571487867,-0.00618816238723773,0.00618816238723773,0.31006724465958424,FALSE,FALSE
1989-02-10,East_Antarctica,0.566699679,-0.00491689884545232,0.00491689884545232,0.31006724465958424,FALSE,FALSE
1989-02-11,East_Antarctica,0.546632234,-0.01924440386708426,0.01924440386708426,0.31006724465958424,FALSE,FALSE
1989-02-12,East_Antarctica,0.547903092,-0.01261030362541393,0.01261030362541393,0.31006724465958424,FALSE,FALSE
1989-02-13,East_Antarctica,0.553390814,-0.00219322329372251,0.00219322329372251,0.31006724465958424,FALSE,FALSE
1989-02-14,East_Antarctica,0.553858596,0.00271284695471063,0.00271284695471063,0.31006724465958424,FALSE,FALSE
1989-02-15,East_Antarctica,0.56242874,0.01517302294660438,0.01517302294660438,0.31006724465958424,FALSE,FALSE
1989-02-16,East_Antarctica,0.544247828,2.7670050867723006e-4,2.7670050867723006e-4,0.31006724465958424,FALSE,FALSE
1989-02-17,East_Antarctica,0.550204463,0.00885529646765004,0.00885529646765004,0.31006724465958424,FALSE,FALSE
1989-02-18,East_Antarctica,0.549502338,0.01005531765024148,0.01005531765024148,0.31006724465958424,FALSE,FALSE
1989-02-19,East_Antarctica,0.538640418,3.1854288317212376e-4,3.1854288317212376e-4,0.31006724465958424,FALSE,FALSE
1989-02-20,East_Antarctica,0.516278168,-0.02175274900683943,0.02175274900683943,0.31006724465958424,FALSE,FALSE
1989-02-21,East_Antarctica,0.499956025,-0.03867223150458465,0.03867223150458465,0.31006724465958424,FALSE,FALSE
1989-02-22,East_Antarctica,0.510362806,-0.02976790957582675,0.02976790957582675,0.31006724465958424,FALSE,FALSE
1989-02-23,East_Antarctica,0.523286095,-0.01924421523625696,0.01924421523625696,0.31006724465958424,FALSE,FALSE
1989-02-24,East_Antarctica,0.527032856,-0.01878575208510968,0.01878575208510968,0.31006724465958424,FALSE,FALSE
1989-02-25,East_Antarctica,0.552103173,0.00211599627838121,0.00211599627838121,0.31006724465958424,FALSE,FALSE
1989-02-26,East_Antarctica,0.592769169,0.0377415852549835,0.0377415852549835,0.31006724465958424,FALSE,FALSE
1989-02-27,East_Antarctica,0.635870807,0.07493941024546169,0.07493941024546169,0.31006724465958424,FALSE,FALSE
1989-02-28,East_Antarctica,0.663857352,0.09616716865058328,0.09616716865058328,0.31006724465958424,FALSE,FALSE
1989-03-01,East_Antarctica,0.666869459,0.09157394787111496,0.09157394787111496,0.31006724465958424,FALSE,FALSE
1989-03-02,East_Antarctica,0.684131842,0.10039289430782215,0.10039289430782215,0.31006724465958424,FALSE,FALSE
1989-03-03,East_Antarctica,0.703093651,0.11008159036147248,0.11008159036147248,0.31006724465958424,FALSE,FALSE
1989-03-04,East_Antarctica,0.720975306,0.11786888843283094,0.11786888843283094,0.31006724465958424,FALSE,FALSE
1989-03-05,East_Antarctica,0.759868053,0.1458544710654327,0.1458544710654327,0.31006724465958424,FALSE,FALSE
1989-03-06,East_Antarctica,0.78415392799999994,0.15844422138330394,0.15844422138330394,0.31006724465958424,FALSE,FALSE
1989-03-07,East_Antarctica,0.814506651,0.17638587750681656,0.17638587750681656,0.31006724465958424,FALSE,FALSE
1989-03-08,East_Antarctica,0.833292112,0.1821295403200723,0.1821295403200723,0.31006724465958424,FALSE,FALSE
1989-03-09,East_Antarctica,0.820608095,0.15585720470717124,0.15585720470717124,0.31006724465958424,FALSE,FALSE
1989-03-10,East_Antarctica,0.807928083,0.12912656455221472,0.12912656455221472,0.31006724465958424,FALSE,FALSE
1989-03-11,East_Antarctica,0.811623586,0.11839334073930464,0.11839334073930464,0.31006724465958424,FALSE,FALSE
1989-03-12,East_Antarctica,0.832117785,0.12416492515254252,0.12416492515254252,0.31006724465958424,FALSE,FALSE
1989-03-13,East_Antarctica,0.846629927,0.12374477567602704,0.12374477567602704,0.31006724465958424,FALSE,FALSE
1989-03-14,East_Antarctica,0.866032543,0.12808963419386143,0.12808963419386143,0.31006724465958424,FALSE,FALSE
1989-03-15,East_Antarctica,0.884758773,0.1317168515901458,0.1317168515901458,0.31006724465958424,FALSE,FALSE
1989-03-16,East_Antarctica,0.916135839,0.14803786074898073,0.14803786074898073,0.31006724465958424,FALSE,FALSE
1989-03-17,East_Antarctica,0.952366147,0.16933927855446984,0.16933927855446984,0.31006724465958424,FALSE,FALSE
1989-03-18,East_Antarctica,0.979441364,0.18169453239107236,0.18169453239107236,0.31006724465958424,FALSE,FALSE
1989-03-19,East_Antarctica,0.995816327,0.18357901877196048,0.18357901877196048,0.31006724465958424,FALSE,FALSE
1989-03-20,East_Antarctica,1.010915131,0.1843733755863357,0.1843733755863357,0.31006724465958424,FALSE,FALSE
1989-03-21,East_Antarctica,1.03502015,0.19431350571600817,0.19431350571600817,0.31006724465958424,FALSE,FALSE
1989-03-22,East_Antarctica,1.038643277,0.18386483104278517,0.18386483104278517,0.31006724465958424,FALSE,FALSE
1989-03-23,East_Antarctica,1.054323441,0.18551980944847535,0.18551980944847535,0.31006724465958424,FALSE,FALSE
1989-03-24,East_Antarctica,1.069987992,0.187159319814888,0.187159319814888,0.31006724465958424,FALSE,FALSE
1989-03-25,East_Antarctica,1.083795821,0.18689578202383217,0.18689578202383217,0.31006724465958424,FALSE,FALSE
1989-03-26,East_Antarctica,1.104188995,0.19312479195711385,0.19312479195711385,0.31006724465958424,FALSE,FALSE
1989-03-27,East_Antarctica,1.108444414,0.1830767784965457,0.1830767784965457,0.31006724465958424,FALSE,FALSE
1989-03-28,East_Antarctica,1.115163211,0.17530640352393212,0.17530640352393212,0.31006724465958424,FALSE,FALSE
1989-03-29,East_Antarctica,1.113483887,0.1589056969210838,0.1589056969210838,0.31006724465958424,FALSE,FALSE
1989-03-30,East_Antarctica,1.122583355,0.15300510056981045,0.15300510056981045,0.31006724465958424,FALSE,FALSE
1989-03-31,East_Antarctica,1.138880991,0.15398624873545974,0.15398624873545974,0.31006724465958424,FALSE,FALSE
1989-04-01,East_Antarctica,1.140012746,0.13949506578387694,0.13949506578387694,0.31006724465958424,FALSE,FALSE
1989-04-02,East_Antarctica,1.151941901,0.13552102715887937,0.13552102715887937,0.31006724465958424,FALSE,FALSE
1989-04-03,East_Antarctica,1.13263066,0.10005254471423795,0.10005254471423795,0.31006724465958424,FALSE,FALSE
1989-04-04,East_Antarctica,1.106913203,0.05795000630372393,0.05795000630372393,0.31006724465958424,FALSE,FALSE
1989-04-05,East_Antarctica,1.120771732,0.05522182178111001,0.05522182178111001,0.31006724465958424,FALSE,FALSE
1989-04-06,East_Antarctica,1.160380911,0.07806886300016735,0.07806886300016735,0.31006724465958424,FALSE,FALSE
1989-04-07,East_Antarctica,1.200037603,0.1008142008146662,0.1008142008146662,0.31006724465958424,FALSE,FALSE
1989-04-08,East_Antarctica,1.230045576,0.11378781107838054,0.11378781107838054,0.31006724465958424,FALSE,FALSE
1989-04-09,East_Antarctica,1.234831651,0.10144272264508092,0.10144272264508092,0.31006724465958424,FALSE,FALSE
1989-04-10,East_Antarctica,1.234715618,0.08412493336853788,0.08412493336853788,0.31006724465958424,FALSE,FALSE
1989-04-11,East_Antarctica,1.264792209,0.09695538310252538,0.09695538310252538,0.31006724465958424,FALSE,FALSE
1989-04-12,East_Antarctica,1.286449526,0.10134821918893631,0.10134821918893631,0.31006724465958424,FALSE,FALSE
1989-04-13,East_Antarctica,1.302605637,0.10023597271035856,0.10023597271035856,0.31006724465958424,FALSE,FALSE
1989-04-14,East_Antarctica,1.284039568,0.0643930394987886,0.0643930394987886,0.31006724465958424,FALSE,FALSE
1989-04-15,East_Antarctica,1.283419252,0.04648093899114713,0.04648093899114713,0.31006724465958424,FALSE,FALSE
1989-04-16,East_Antarctica,1.299643592,0.04539216062435947,0.04539216062435947,0.31006724465958424,FALSE,FALSE
1989-04-17,East_Antarctica,1.329013382,0.05742108483534469,0.05742108483534469,0.31006724465958424,FALSE,FALSE
1989-04-18,East_Antarctica,1.351534292,0.06256696806102724,0.06256696806102724,0.31006724465958424,FALSE,FALSE
1989-04-19,East_Antarctica,1.357792094,0.0514091687383309,0.0514091687383309,0.31006724465958424,FALSE,FALSE
1989-04-20,East_Antarctica,1.374318409,0.05047289430417656,0.05047289430417656,0.31006724465958424,FALSE,FALSE
1989-04-21,East_Antarctica,1.398257865,0.0568963591954863,0.0568963591954863,0.31006724465958424,FALSE,FALSE
1989-04-22,East_Antarctica,1.426984715,0.06804740284918331,0.06804740284918331,0.31006724465958424,FALSE,FALSE
1989-04-23,East_Antarctica,1.434876281,0.05829693370218858,0.05829693370218858,0.31006724465958424,FALSE,FALSE
1989-04-24,East_Antarctica,1.458658214,0.0643641891914275,0.0643641891914275,0.31006724465958424,FALSE,FALSE
1989-04-25,East_Antarctica,1.519996576,0.107909423913922,0.107909423913922,0.31006724465958424,FALSE,FALSE
1989-04-26,East_Antarctica,1.525453045,0.09549426544951568,0.09549426544951568,0.31006724465958424,FALSE,FALSE
1989-04-27,East_Antarctica,1.527805329,0.07989955272042715,0.07989955272042715,0.31006724465958424,FALSE,FALSE
1989-04-28,East_Antarctica,1.566569476,0.10064449816080412,0.10064449816080412,0.31006724465958424,FALSE,FALSE
1989-04-29,East_Antarctica,1.610675501,0.1266622812047926,0.1266622812047926,0.31006724465958424,FALSE,FALSE
1989-04-30,East_Antarctica,1.618444692,0.11627735428654096,0.11627735428654096,0.31006724465958424,FALSE,FALSE
1989-05-01,East_Antarctica,1.595193457,0.0748092898401953,0.0748092898401953,0.31006724465958424,FALSE,FALSE
1989-05-02,East_Antarctica,1.580943007,0.04228246329990237,0.04228246329990237,0.31006724465958424,FALSE,FALSE
1989-05-03,East_Antarctica,1.589896301,0.0329029980998119,0.0329029980998119,0.31006724465958424,FALSE,FALSE
1989-05-04,East_Antarctica,1.599808457,0.02442917667406763,0.02442917667406763,0.31006724465958424,FALSE,FALSE
1989-05-05,East_Antarctica,1.620003306,0.02618799445681863,0.02618799445681863,0.31006724465958424,FALSE,FALSE
1989-05-06,East_Antarctica,1.643775854,0.03147762188221215,0.03147762188221215,0.31006724465958424,FALSE,FALSE
1989-05-07,East_Antarctica,1.690042498,0.05921762338090008,0.05921762338090008,0.31006724465958424,FALSE,FALSE
1989-05-08,East_Antarctica,1.713786194,0.06439579298282672,0.06439579298282672,0.31006724465958424,FALSE,FALSE
1989-05-09,East_Antarctica,1.765312597,0.09732706997198504,0.09732706997198504,0.31006724465958424,FALSE,FALSE
1989-05-10,East_Antarctica,1.788974217,0.102373980201377,0.102373980201377,0.31006724465958424,FALSE,FALSE
1989-05-11,East_Antarctica,1.805835519,0.10061100452400784,0.10061100452400784,0.31006724465958424,FALSE,FALSE
1989-05-12,East_Antarctica,1.84544659,0.12159824579287992,0.12159824579287992,0.31006724465958424,FALSE,FALSE
1989-05-13,East_Antarctica,1.856419857,0.1139581468609996,0.1139581468609996,0.31006724465958424,FALSE,FALSE
1989-05-14,East_Antarctica,1.842116702,0.08106210558136917,0.08106210558136917,0.31006724465958424,FALSE,FALSE
1989-05-15,East_Antarctica,1.889422783,0.10980579580699334,0.10980579580699334,0.31006724465958424,FALSE,FALSE
1989-05-16,East_Antarctica,1.921704219,0.12356535239087374,0.12356535239087374,0.31006724465958424,FALSE,FALSE
1989-05-17,East_Antarctica,1.938871595,0.12226137618601828,0.12226137618601828,0.31006724465958424,FALSE,FALSE
1989-05-18,East_Antarctica,1.95217086,0.11714983204542496,0.11714983204542496,0.31006724465958424,FALSE,FALSE
1989-05-19,East_Antarctica,1.959312301,0.10595102282210278,0.10595102282210278,0.31006724465958424,FALSE,FALSE
1989-05-20,East_Antarctica,1.957644978,0.08602445395129377,0.08602445395129377,0.31006724465958424,FALSE,FALSE
1989-05-21,East_Antarctica,1.939927794,0.0501473125904357,0.0501473125904357,0.31006724465958424,FALSE,FALSE
1989-05-22,East_Antarctica,1.950142899,0.04232688146146723,0.04232688146146723,0.31006724465958424,FALSE,FALSE
1989-05-23,East_Antarctica,1.98971474,0.0640129707043473,0.0640129707043473,0.31006724465958424,FALSE,FALSE
1989-05-24,East_Antarctica,2.020868712,0.07745633845902278,0.07745633845902278,0.31006724465958424,FALSE,FALSE
1989-05-25,East_Antarctica,2.040527409,0.07960494186544875,0.07960494186544875,0.31006724465958424,FALSE,FALSE
1989-05-26,East_Antarctica,2.068442936,0.0902362490635784,0.0902362490635784,0.31006724465958424,FALSE,FALSE
1989-05-27,East_Antarctica,2.083809692,0.08857002219336585,0.08857002219336585,0.31006724465958424,FALSE,FALSE
1989-05-28,East_Antarctica,2.078669002,0.06667294939476198,0.06667294939476198,0.31006724465958424,FALSE,FALSE
1989-05-29,East_Antarctica,2.097631534,0.06918106180772066,0.06918106180772066,0.31006724465958424,FALSE,FALSE
1989-05-30,East_Antarctica,2.060499383,0.01592181757219668,0.01592181757219668,0.31006724465958424,FALSE,FALSE
1989-05-31,East_Antarctica,2.035860993,-0.02449097617186035,0.02449097617186035,0.31006724465958424,FALSE,FALSE
1989-06-01,East_Antarctica,2.051097282,-0.02465103828449422,0.02465103828449422,0.31006724465958424,FALSE,FALSE
1989-06-02,East_Antarctica,2.107487378,0.01673368728738555,0.01673368728738555,0.31006724465958424,FALSE,FALSE
1989-06-03,East_Antarctica,2.161199652,0.05578933419354515,0.05578933419354515,0.31006724465958424,FALSE,FALSE
1989-06-04,East_Antarctica,2.169306806,0.04953107473658935,0.04953107473658935,0.31006724465958424,FALSE,FALSE
1989-06-05,East_Antarctica,2.182173981,0.04826651965265682,0.04826651965265682,0.31006724465958424,FALSE,FALSE
1989-06-06,East_Antarctica,2.180397144,0.03253410567788251,0.03253410567788251,0.31006724465958424,FALSE,FALSE
1989-06-07,East_Antarctica,2.175824199,0.01412420654840573,0.01412420654840573,0.31006724465958424,FALSE,FALSE
1989-06-08,East_Antarctica,2.161232747,-0.01424310699963671,0.01424310699963671,0.31006724465958424,FALSE,FALSE
1989-06-09,East_Antarctica,2.147571525,-0.04167662823010909,0.04167662823010909,0.31006724465958424,FALSE,FALSE
1989-06-10,East_Antarctica,2.176459138,-0.02661528240686905,0.02661528240686905,0.31006724465958424,FALSE,FALSE
1989-06-11,East_Antarctica,2.25088912,0.03387693420621573,0.03387693420621573,0.31006724465958424,FALSE,FALSE
1989-06-12,East_Antarctica,2.283622298,0.05250331834528543,0.05250331834528543,0.31006724465958424,FALSE,FALSE
1989-06-13,East_Antarctica,2.3128636,0.06741126774647688,0.06741126774647688,0.31006724465958424,FALSE,FALSE
1989-06-14,East_Antarctica,2.334757428,0.07468878640976584,0.07468878640976584,0.31006724465958424,FALSE,FALSE
1989-06-15,East_Antarctica,2.380266412,0.10529202122096049,0.10529202122096049,0.31006724465958424,FALSE,FALSE
1989-06-16,East_Antarctica,2.38339359,0.09328600308220912,0.09328600308220912,0.31006724465958424,FALSE,FALSE
1989-06-17,East_Antarctica,2.352079483,0.04667820709979464,0.04667820709979464,0.31006724465958424,FALSE,FALSE
1989-06-18,East_Antarctica,2.352634314,0.03184581038001433,0.03184581038001433,0.31006724465958424,FALSE,FALSE
1989-06-19,East_Antarctica,2.354313073,0.01811075702914921,0.01811075702914921,0.31006724465958424,FALSE,FALSE
1989-06-20,East_Antarctica,2.353885952,0.00231019315349012,0.00231019315349012,0.31006724465958424,FALSE,FALSE
1989-06-21,East_Antarctica,2.337938084,-0.02890379414067334,0.02890379414067334,0.31006724465958424,FALSE,FALSE
1989-06-22,East_Antarctica,2.327725756,-0.05420796374705539,0.05420796374705539,0.31006724465958424,FALSE,FALSE
1989-06-23,East_Antarctica,2.306968513,-0.08981581655936521,0.08981581655936521,0.31006724465958424,FALSE,FALSE
1989-06-24,East_Antarctica,2.365774255,-0.04555249847131515,0.04555249847131515,0.31006724465958424,FALSE,FALSE
1989-06-25,East_Antarctica,2.387463388,-0.03803064937661871,0.03803064937661871,0.31006724465958424,FALSE,FALSE
1989-06-26,East_Antarctica,2.47852039,0.03930116283101714,0.03930116283101714,0.31006724465958424,FALSE,FALSE
1989-06-27,East_Antarctica,2.522818531,0.07037364250064604,0.07037364250064604,0.31006724465958424,FALSE,FALSE
1989-06-28,East_Antarctica,2.51727156,0.05208603688535884,0.05208603688535884,0.31006724465958424,FALSE,FALSE
1989-06-29,East_Antarctica,2.471165732,-0.00632277119169444,0.00632277119169444,0.31006724465958424,FALSE,FALSE
1989-06-30,East_Antarctica,2.504224843,0.01482347308898424,0.01482347308898424,0.31006724465958424,FALSE,FALSE
1989-07-01,East_Antarctica,2.521019634,0.02004796954688625,0.02004796954688625,0.31006724465958424,FALSE,FALSE
1989-07-02,East_Antarctica,2.525620572,0.01337364400150065,0.01337364400150065,0.31006724465958424,FALSE,FALSE
1989-07-03,East_Antarctica,2.527320965,0.0040462632723246,0.0040462632723246,0.31006724465958424,FALSE,FALSE
1989-07-04,East_Antarctica,2.536762642,0.00266011517884789,0.00266011517884789,0.31006724465958424,FALSE,FALSE
1989-07-05,East_Antarctica,2.520088268,-0.02468967645943465,0.02468967645943465,0.31006724465958424,FALSE,FALSE
1989-07-06,East_Antarctica,2.538156106,-0.01719238982303173,0.01719238982303173,0.31006724465958424,FALSE,FALSE
1989-07-07,East_Antarctica,2.526258988,-0.0396027340924503,0.0396027340924503,0.31006724465958424,FALSE,FALSE
1989-07-08,East_Antarctica,2.512356885,-0.06400827944819598,0.06400827944819598,0.31006724465958424,FALSE,FALSE
1989-07-09,East_Antarctica,2.523206282,-0.06370002462662683,0.06370002462662683,0.31006724465958424,FALSE,FALSE
1989-07-10,East_Antarctica,2.506625016,-0.09089644374252616,0.09089644374252616,0.31006724465958424,FALSE,FALSE
1989-07-11,East_Antarctica,2.541747952,-0.06647453191385244,0.06647453191385244,0.31006724465958424,FALSE,FALSE
1989-07-12,East_Antarctica,2.56219933,-0.05681867350396619,0.05681867350396619,0.31006724465958424,FALSE,FALSE
1989-07-13,East_Antarctica,2.546942876,-0.08297376687622782,0.08297376687622782,0.31006724465958424,FALSE,FALSE
1989-07-14,East_Antarctica,2.536277283,-0.1046497433939928,0.1046497433939928,0.31006724465958424,FALSE,FALSE
1989-07-15,East_Antarctica,2.50930934,-0.14274843842062035,0.14274843842062035,0.31006724465958424,FALSE,FALSE
1989-07-16,East_Antarctica,2.522674622,-0.1406429013194681,0.1406429013194681,0.31006724465958424,FALSE,FALSE
1989-07-17,East_Antarctica,2.52551913,-0.14919575545389607,0.14919575545389607,0.31006724465958424,FALSE,FALSE
1989-07-18,East_Antarctica,2.553981223,-0.13227726618726043,0.13227726618726043,0.31006724465958424,FALSE,FALSE
1989-07-19,East_Antarctica,2.571389071,-0.12656788788292195,0.12656788788292195,0.31006724465958424,FALSE,FALSE
1989-07-20,East_Antarctica,2.562725144,-0.1470937749042367,0.1470937749042367,0.31006724465958424,FALSE,FALSE
1989-07-21,East_Antarctica,2.55894185,-0.16291114361456405,0.16291114361456405,0.31006724465958424,FALSE,FALSE
1989-07-22,East_Antarctica,2.567268058,-0.16679719278602612,0.16679719278602612,0.31006724465958424,FALSE,FALSE
1989-07-23,East_Antarctica,2.582175526,-0.16425094535749363,0.16425094535749363,0.31006724465958424,FALSE,FALSE
1989-07-24,East_Antarctica,2.596808086,-0.16207362829469707,0.16207362829469707,0.31006724465958424,FALSE,FALSE
1989-07-25,East_Antarctica,2.624575135,-0.14680032008892407,0.14680032008892407,0.31006724465958424,FALSE,FALSE
1989-07-26,East_Antarctica,2.643413438,-0.14043873123146478,0.14043873123146478,0.31006724465958424,FALSE,FALSE
1989-07-27,East_Antarctica,2.648316092,-0.14794024021361185,0.14794024021361185,0.31006724465958424,FALSE,FALSE
1989-07-28,East_Antarctica,2.681478024,-0.12705439552665343,0.12705439552665343,0.31006724465958424,FALSE,FALSE
1989-07-29,East_Antarctica,2.669021298,-0.15160360866187703,0.15160360866187703,0.31006724465958424,FALSE,FALSE
1989-07-30,East_Antarctica,2.65167661,-0.1808016591105761,0.1808016591105761,0.31006724465958424,FALSE,FALSE
1989-07-31,East_Antarctica,2.640513146,-0.2035238363640386,0.2035238363640386,0.31006724465958424,FALSE,FALSE
1989-08-01,East_Antarctica,2.640018795,-0.21522672691355327,0.21522672691355327,0.31006724465958424,FALSE,FALSE
1989-08-02,East_Antarctica,2.665732256,-0.2003161072504143,0.2003161072504143,0.31006724465958424,FALSE,FALSE
1989-08-03,East_Antarctica,2.651534732,-0.2248552505990684,0.2248552505990684,0.31006724465958424,FALSE,FALSE
1989-08-04,East_Antarctica,2.651849236,-0.23438541261779156,0.23438541261779156,0.31006724465958424,FALSE,FALSE
1989-08-05,East_Antarctica,2.588474178,-0.30714385091906227,0.30714385091906227,0.31006724465958424,FALSE,FALSE
1989-08-06,East_Antarctica,2.599118333,-0.3054735524814616,0.3054735524814616,0.31006724465958424,FALSE,FALSE
1989-08-07,East_Antarctica,2.606117031,-0.3070909492835705,0.3070909492835705,0.31006724465958424,FALSE,FALSE
1989-08-08,East_Antarctica,2.620912383,-0.3006056923039693,0.3006056923039693,0.31006724465958424,FALSE,FALSE
1989-08-09,East_Antarctica,2.630729715,-0.29884421752123735,0.29884421752123735,0.31006724465958424,FALSE,FALSE
1989-08-10,East_Antarctica,2.625420891,-0.3120064229139574,0.3120064229139574,0.31006724465958424,TRUE,TRUE
1989-08-11,East_Antarctica,2.614507652,-0.3306223294607089,0.3306223294607089,0.31006724465958424,TRUE,TRUE
1989-08-12,East_Antarctica,2.614896305,-0.33783739214007236,0.33783739214007236,0.31006724465958424,TRUE,TRUE
1989-08-13,East_Antarctica,2.629169125,-0.3311210979306285,0.3311210979306285,0.31006724465958424,TRUE,TRUE
1989-08-14,East_Antarctica,2.657204422,-0.31064689881095653,0.31064689881095653,0.31006724465958424,TRUE,TRUE
1989-08-15,East_Antarctica,2.648895845,-0.32657290775963776,0.32657290775963776,0.31006724465958424,TRUE,TRUE
1989-08-16,East_Antarctica,2.600853731,-0.382339017459528,0.382339017459528,0.31006724465958424,TRUE,TRUE
1989-08-17,East_Antarctica,2.593514359,-0.3975136351656872,0.3975136351656872,0.31006724465958424,TRUE,TRUE
1989-08-18,East_Antarctica,2.617643748,-0.381283300088191,0.381283300088191,0.31006724465958424,TRUE,TRUE
1989-08-19,East_Antarctica,2.6564013,-0.35043831168551476,0.35043831168551476,0.31006724465958424,TRUE,TRUE
1989-08-20,East_Antarctica,2.681439583,-0.3332758034161243,0.3332758034161243,0.31006724465958424,TRUE,TRUE
1989-08-21,East_Antarctica,2.712662096,-0.30984197773848976,0.30984197773848976,0.31006724465958424,FALSE,FALSE
1989-08-22,East_Antarctica,2.784186053,-0.24596932211108055,0.24596932211108055,0.31006724465958424,FALSE,FALSE
1989-08-23,East_Antarctica,2.800362763,-0.2372562289923681,0.2372562289923681,0.31006724465958424,FALSE,FALSE
1989-08-24,East_Antarctica,2.748970233,-0.2958743928408185,0.2958743928408185,0.31006724465958424,FALSE,FALSE
1989-08-25,East_Antarctica,2.708662646,-0.34311933211490286,0.34311933211490286,0.31006724465958424,TRUE,TRUE
1989-08-26,East_Antarctica,2.68067367,-0.37770708027309086,0.37770708027309086,0.31006724465958424,TRUE,TRUE
1989-08-27,East_Antarctica,2.697432843,-0.3671578007738514,0.3671578007738514,0.31006724465958424,TRUE,TRUE
1989-08-28,East_Antarctica,2.715877585,-0.3544837750756522,0.3544837750756522,0.31006724465958424,TRUE,TRUE
1989-08-29,East_Antarctica,2.747401064,-0.32825052826193524,0.32825052826193524,0.31006724465958424,TRUE,TRUE
1989-08-30,East_Antarctica,2.728402644,-0.3520720377792377,0.3520720377792377,0.31006724465958424,TRUE,TRUE
1989-08-31,East_Antarctica,2.682499343,-0.4023651602050129,0.4023651602050129,0.31006724465958424,TRUE,TRUE
1989-09-01,East_Antarctica,2.639628537,-0.44922643094641,0.44922643094641,0.31006724465958424,TRUE,TRUE
1989-09-02,East_Antarctica,2.557549016,-0.5349309714105774,0.5349309714105774,0.31006724465958424,TRUE,TRUE
1989-09-03,East_Antarctica,2.562080818,-0.5336926550046655,0.5336926550046655,0.31006724465958424,TRUE,TRUE
1989-09-04,East_Antarctica,2.572931877,-0.5258374591358188,0.5258374591358188,0.31006724465958424,TRUE,TRUE
1989-09-05,East_Antarctica,2.591826112,-0.5096753762111872,0.5096753762111872,0.31006724465958424,TRUE,TRUE
1989-09-06,East_Antarctica,2.632169357,-0.4718344836379207,0.4718344836379207,0.31006724465958424,TRUE,TRUE
1989-09-07,East_Antarctica,2.632928056,-0.4733822488231656,0.4733822488231656,0.31006724465958424,TRUE,TRUE
1989-09-08,East_Antarctica,2.621040661,-0.4874141311740745,0.4874141311740745,0.31006724465958424,TRUE,TRUE
1989-09-09,East_Antarctica,2.640260231,-0.4702109830977883,0.4702109830977883,0.31006724465958424,TRUE,TRUE
1989-09-10,East_Antarctica,2.669095204,-0.4432982261935248,0.4432982261935248,0.31006724465958424,TRUE,TRUE
1989-09-11,East_Antarctica,2.646119561,-0.4681308208478203,0.4681308208478203,0.31006724465958424,TRUE,TRUE
1989-09-12,East_Antarctica,2.627021368,-0.4890407424099106,0.4890407424099106,0.31006724465958424,TRUE,TRUE
1989-09-13,East_Antarctica,2.59957238,-0.5182753401326905,0.5182753401326905,0.31006724465958424,TRUE,TRUE
1989-09-14,East_Antarctica,2.573104753,-0.5465215622690542,0.5465215622690542,0.31006724465958424,TRUE,TRUE
1989-09-15,East_Antarctica,2.565133894,-0.5562831060719002,0.5562831060719002,0.31006724465958424,TRUE,TRUE
1989-09-16,East_Antarctica,2.533878934,-0.5893599447941216,0.5893599447941216,0.31006724465958424,TRUE,TRUE
1989-09-17,East_Antarctica,2.496316136,-0.6287949196886151,0.6287949196886151,0.31006724465958424,TRUE,TRUE
1989-09-18,East_Antarctica,2.474363654,-0.6526889810082759,0.6526889810082759,0.31006724465958424,TRUE,TRUE
1989-09-19,East_Antarctica,2.491182442,-0.6379002790059989,0.6379002790059989,0.31006724465958424,TRUE,TRUE
1989-09-20,East_Antarctica,2.497443789,-0.6337766289346791,0.6337766289346791,0.31006724465958424,TRUE,TRUE
1989-09-21,East_Antarctica,2.498352039,-0.6351327910472149,0.6351327910472149,0.31006724465958424,TRUE,TRUE
1989-09-22,East_Antarctica,2.501093386,-0.6348016755964996,0.6348016755964996,0.31006724465958424,TRUE,TRUE
1989-09-23,East_Antarctica,2.45804928,-0.6804148498798366,0.6804148498798366,0.31006724465958424,TRUE,TRUE
1989-09-24,East_Antarctica,2.444358575,-0.6967813094871054,0.6967813094871054,0.31006724465958424,TRUE,TRUE
1989-09-25,East_Antarctica,2.438321099,-0.7055095442750972,0.7055095442750972,0.31006724465958424,TRUE,TRUE
1989-09-26,East_Antarctica,2.445353868,-0.7010903014267731,0.7010903014267731,0.31006724465958424,TRUE,TRUE
1989-09-27,East_Antarctica,2.469061977,-0.6798262491251004,0.6798262491251004,0.31006724465958424,TRUE,TRUE
1989-09-28,East_Antarctica,2.513244736,-0.6378258405530386,0.6378258405530386,0.31006724465958424,TRUE,TRUE
1989-09-29,East_Antarctica,2.480404396,-0.6724945878935529,0.6724945878935529,0.31006724465958424,TRUE,TRUE
1989-09-30,East_Antarctica,2.4983035,-0.6559777113296059,0.6559777113296059,0.31006724465958424,TRUE,TRUE
1989-10-01,East_Antarctica,2.517158058,-0.6379669640441619,0.6379669640441619,0.31006724465958424,TRUE,TRUE
1989-10-02,East_Antarctica,2.529800362,-0.6255378172201826,0.6255378172201826,0.31006724465958424,TRUE,TRUE
1989-10-03,East_Antarctica,2.516462663,-0.6383657830406304,0.6383657830406304,0.31006724465958424,TRUE,TRUE
1989-10-04,East_Antarctica,2.516761797,-0.636741788688473,0.636741788688473,0.31006724465958424,TRUE,TRUE
1989-10-05,East_Antarctica,2.510384233,-0.6408871561074587,0.6408871561074587,0.31006724465958424,TRUE,TRUE
1989-10-06,East_Antarctica,2.506271902,-0.6418013255142934,0.6418013255142934,0.31006724465958424,TRUE,TRUE
1989-10-07,East_Antarctica,2.498796233,-0.6451530171539304,0.6451530171539304,0.31006724465958424,TRUE,TRUE
1989-10-08,East_Antarctica,2.496215401,-0.642742276516806,0.642742276516806,0.31006724465958424,TRUE,TRUE
1989-10-09,East_Antarctica,2.500043343,-0.6331133870933576,0.6331133870933576,0.31006724465958424,TRUE,TRUE
1989-10-10,East_Antarctica,2.528731398,-0.5978732303740175,0.5978732303740175,0.31006724465958424,TRUE,TRUE
1989-10-11,East_Antarctica,2.532486603,-0.5868729898492213,0.5868729898492213,0.31006724465958424,TRUE,TRUE
1989-10-12,East_Antarctica,2.532364091,-0.5791157530094102,0.5791157530094102,0.31006724465958424,TRUE,TRUE
1989-10-13,East_Antarctica,2.524809379,-0.5782142233450149,0.5782142233450149,0.31006724465958424,TRUE,TRUE
1989-10-14,East_Antarctica,2.516005827,-0.5780432613464721,0.5780432613464721,0.31006724465958424,TRUE,TRUE
1989-10-15,East_Antarctica,2.505082431,-0.5795320915042179,0.5795320915042179,0.31006724465958424,TRUE,TRUE
1989-10-16,East_Antarctica,2.506841027,-0.5679370983086844,0.5679370983086844,0.31006724465958424,TRUE,TRUE
1989-10-17,East_Antarctica,2.498356354,-0.5662417632503152,0.5662417632503152,0.31006724465958424,TRUE,TRUE
1989-10-18,East_Antarctica,2.474158371,-0.5799710479750813,0.5799710479750813,0.31006724465958424,TRUE,TRUE
1989-10-19,East_Antarctica,2.453289451,-0.5900674124104519,0.5900674124104519,0.31006724465958424,TRUE,TRUE
1989-10-20,East_Antarctica,2.448203539,-0.5839947395533986,0.5839947395533986,0.31006724465958424,TRUE,TRUE
1989-10-21,East_Antarctica,2.47635452,-0.5442142895051312,0.5442142895051312,0.31006724465958424,TRUE,TRUE
1989-10-22,East_Antarctica,2.49701705,-0.5113665513668657,0.5113665513668657,0.31006724465958424,TRUE,TRUE
1989-10-23,East_Antarctica,2.510237824,-0.4853199752398085,0.4853199752398085,0.31006724465958424,TRUE,TRUE
1989-10-24,East_Antarctica,2.539023774,-0.4429827742251749,0.4429827742251749,0.31006724465958424,TRUE,TRUE
1989-10-25,East_Antarctica,2.538424202,-0.4292207914241763,0.4292207914241763,0.31006724465958424,TRUE,TRUE
1989-10-26,East_Antarctica,2.527124958,-0.42526332193802263,0.42526332193802263,0.31006724465958424,TRUE,TRUE
1989-10-27,East_Antarctica,2.515601226,-0.42055032686792826,0.42055032686792826,0.31006724465958424,TRUE,TRUE
1989-10-28,East_Antarctica,2.504240894,-0.4146090633151043,0.4146090633151043,0.31006724465958424,TRUE,TRUE
1989-10-29,East_Antarctica,2.4551102,-0.4452884383807625,0.4452884383807625,0.31006724465958424,TRUE,TRUE
1989-10-30,East_Antarctica,2.417616944,-0.463095797166115,0.463095797166115,0.31006724465958424,TRUE,TRUE
1989-10-31,East_Antarctica,2.395703968,-0.4640158534197498,0.4640158534197498,0.31006724465958424,TRUE,TRUE
1989-11-01,East_Antarctica,2.407243373,-0.4301651497915095,0.4301651497915095,0.31006724465958424,TRUE,TRUE
1989-11-02,East_Antarctica,2.414348999,-0.3994372537606936,0.3994372537606936,0.31006724465958424,TRUE,TRUE
1989-11-03,East_Antarctica,2.428821766,-0.3600386578508168,0.3600386578508168,0.31006724465958424,TRUE,TRUE
1989-11-04,East_Antarctica,2.447623295,-0.3150151535853891,0.3150151535853891,0.31006724465958424,TRUE,TRUE
1989-11-05,East_Antarctica,2.468415492,-0.2667122474879209,0.2667122474879209,0.31006724465958424,FALSE,FALSE
1989-11-06,East_Antarctica,2.463674058,-0.2426616510819284,0.2426616510819284,0.31006724465958424,FALSE,FALSE
1989-11-07,East_Antarctica,2.453853174,-0.2224165958909188,0.2224165958909188,0.31006724465958424,FALSE,FALSE
1989-11-08,East_Antarctica,2.439363317,-0.2055740174384062,0.2055740174384062,0.31006724465958424,FALSE,FALSE
1989-11-09,East_Antarctica,2.411101317,-0.20124449824790291,0.20124449824790291,0.31006724465958424,FALSE,FALSE
1989-11-10,East_Antarctica,2.408318814,-0.17018381084291834,0.17018381084291834,0.31006724465958424,FALSE,FALSE
1989-11-11,East_Antarctica,2.382201709,-0.16121346674696646,0.16121346674696646,0.31006724465958424,FALSE,FALSE
1989-11-12,East_Antarctica,2.363272979,-0.1438188090482635,0.1438188090482635,0.31006724465958424,FALSE,FALSE
1989-11-13,East_Antarctica,2.354140339,-0.1154506484070672,0.1154506484070672,0.31006724465958424,FALSE,FALSE
1989-11-14,East_Antarctica,2.377969404,-0.05307736493442894,0.05307736493442894,0.31006724465958424,FALSE,FALSE
1989-11-15,East_Antarctica,2.396980112,0.00538075927227943,0.00538075927227943,0.31006724465958424,FALSE,FALSE
1989-11-16,East_Antarctica,2.367002061,0.01561310211568089,0.01561310211568089,0.31006724465958424,FALSE,FALSE
1989-11-17,East_Antarctica,2.343912175,0.03335636749840187,0.03335636749840187,0.31006724465958424,FALSE,FALSE
1989-11-18,East_Antarctica,2.346240867,0.07700074832306436,0.07700074832306436,0.31006724465958424,FALSE,FALSE
1989-11-19,East_Antarctica,2.301255764,0.07367365149229332,0.07367365149229332,0.31006724465958424,FALSE,FALSE
1989-11-20,East_Antarctica,2.235925513,0.05020350390871586,0.05020350390871586,0.31006724465958424,FALSE,FALSE
1989-11-21,East_Antarctica,2.219998808,0.07619877947495546,0.07619877947495546,0.31006724465958424,FALSE,FALSE
1989-11-22,East_Antarctica,2.18322362,0.08126722909363648,0.08126722909363648,0.31006724465958424,FALSE,FALSE
1989-11-23,East_Antarctica,2.124679039,0.06434772266738209,0.06434772266738209,0.31006724465958424,FALSE,FALSE
1989-11-24,East_Antarctica,2.111175402,0.09211037709881964,0.09211037709881964,0.31006724465958424,FALSE,FALSE
1989-11-25,East_Antarctica,2.114000877,0.13571162793433778,0.13571162793433778,0.31006724465958424,FALSE,FALSE
1989-11-26,East_Antarctica,2.083147773,0.1450838387892306,0.1450838387892306,0.31006724465958424,FALSE,FALSE
1989-11-27,East_Antarctica,2.051798687,0.15338575767813944,0.15338575767813944,0.31006724465958424,FALSE,FALSE
1989-11-28,East_Antarctica,1.986257763,0.1268979530249672,0.1268979530249672,0.31006724465958424,FALSE,FALSE
1989-11-29,East_Antarctica,1.933868885,0.1129407332536112,0.1129407332536112,0.31006724465958424,FALSE,FALSE
1989-11-30,East_Antarctica,1.89959391,0.11645237978797596,0.11645237978797596,0.31006724465958424,FALSE,FALSE
1989-12-01,East_Antarctica,1.850293749,0.10427022805196008,0.10427022805196008,0.31006724465958424,FALSE,FALSE
1989-12-02,East_Antarctica,1.773356862,0.06375916246946667,0.06375916246946667,0.31006724465958424,FALSE,FALSE
1989-12-03,East_Antarctica,1.729549269,0.05566162746439485,0.05566162746439485,0.31006724465958424,FALSE,FALSE
1989-12-04,East_Antarctica,1.664666576,0.02574965346064583,0.02574965346064583,0.31006724465958424,FALSE,FALSE
1989-12-05,East_Antarctica,1.619236331,0.01452721288212211,0.01452721288212211,0.31006724465958424,FALSE,FALSE
1989-12-06,East_Antarctica,1.561031175,-0.01025662884727718,0.01025662884727718,0.31006724465958424,FALSE,FALSE
1989-12-07,East_Antarctica,1.510749163,-0.02792736831779629,0.02792736831779629,0.31006724465958424,FALSE,FALSE
1989-12-08,East_Antarctica,1.434457904,-0.07243350214303712,0.07243350214303712,0.31006724465958424,FALSE,FALSE
1989-12-09,East_Antarctica,1.397286504,-0.07864407297494891,0.07864407297494891,0.31006724465958424,FALSE,FALSE
1989-12-10,East_Antarctica,1.374068694,-0.07172084582190408,0.07172084582190408,0.31006724465958424,FALSE,FALSE
1989-12-11,East_Antarctica,1.337751354,-0.07871243669228312,0.07871243669228312,0.31006724465958424,FALSE,FALSE
1989-12-12,East_Antarctica,1.305517508,-0.0824313175944622,0.0824313175944622,0.31006724465958424,FALSE,FALSE
1989-12-13,East_Antarctica,1.246430431,-0.11380970953681646,0.11380970953681646,0.31006724465958424,FALSE,FALSE
1989-12-14,East_Antarctica,1.217140962,-0.11619226952772288,0.11619226952772288,0.31006724465958424,FALSE,FALSE
1989-12-15,East_Antarctica,1.205239336,-0.1019842585755577,0.1019842585755577,0.31006724465958424,FALSE,FALSE
1989-12-16,East_Antarctica,1.177464974,-0.10444175168869774,0.10444175168869774,0.31006724465958424,FALSE,FALSE
1989-12-17,East_Antarctica,1.152378868,-0.10499925287551926,0.10499925287551926,0.31006724465958424,FALSE,FALSE
1989-12-18,East_Antarctica,1.105890874,-0.12774240214440047,0.12774240214440047,0.31006724465958424,FALSE,FALSE
1989-12-19,East_Antarctica,1.06691091,-0.14375677750371496,0.14375677750371496,0.31006724465958424,FALSE,FALSE
1989-12-20,East_Antarctica,1.03793062,-0.1505454244783342,0.1505454244783342,0.31006724465958424,FALSE,FALSE
1989-12-21,East_Antarctica,1.027931875,-0.13910840953435866,0.13910840953435866,0.31006724465958424,FALSE,FALSE
1989-12-22,East_Antarctica,0.995863957,-0.1504682091768118,0.1504682091768118,0.31006724465958424,FALSE,FALSE
1989-12-23,East_Antarctica,0.970180743,-0.1561424212543978,0.1561424212543978,0.31006724465958424,FALSE,FALSE
1989-12-24,East_Antarctica,0.968072514,-0.13891223961581922,0.13891223961581922,0.31006724465958424,FALSE,FALSE
1989-12-25,East_Antarctica,0.966286031,-0.12200237810978064,0.12200237810978064,0.31006724465958424,FALSE,FALSE
1989-12-26,East_Antarctica,0.931768429,-0.13843717658498578,0.13843717658498578,0.31006724465958424,FALSE,FALSE
1989-12-27,East_Antarctica,0.894410571,-0.15829724689013946,0.15829724689013946,0.31006724465958424,FALSE,FALSE
1989-12-28,East_Antarctica,0.881757694,-0.15400882687394457,0.15400882687394457,0.31006724465958424,FALSE,FALSE
1989-12-29,East_Antarctica,0.868514113,-0.15083907638510352,0.15083907638510352,0.31006724465958424,FALSE,FALSE
1989-12-30,East_Antarctica,0.875717047,-0.1277222512723215,0.1277222512723215,0.31006724465958424,FALSE,FALSE
1989-12-31,East_Antarctica,0.872122558,-0.11587376438430452,0.11587376438430452,0.31006724465958424,FALSE,FALSE
1990-01-01,East_Antarctica,0.845635748,-0.12735998856975406,0.12735998856975406,0.31006724465958424,FALSE,FALSE
1990-01-02,East_Antarctica,0.839807658,-0.11860246065614788,0.11860246065614788,0.31006724465958424,FALSE,FALSE
1990-01-03,East_Antarctica,0.830752141,-0.1134643173860712,0.1134643173860712,0.31006724465958424,FALSE,FALSE
1990-01-04,East_Antarctica,0.80780382,-0.12258902848087884,0.12258902848087884,0.31006724465958424,FALSE,FALSE
1990-01-05,East_Antarctica,0.787242565,-0.1296748166619237,0.1296748166619237,0.31006724465958424,FALSE,FALSE
1990-01-06,East_Antarctica,0.771426793,-0.13234135765056876,0.13234135765056876,0.31006724465958424,FALSE,FALSE
1990-01-07,East_Antarctica,0.767960281,-0.1229629671681668,0.1229629671681668,0.31006724465958424,FALSE,FALSE
1990-01-08,East_Antarctica,0.75404595,-0.12431481693607473,0.12431481693607473,0.31006724465958424,FALSE,FALSE
1990-01-09,East_Antarctica,0.739068704,-0.12699009567565112,0.12699009567565112,0.31006724465958424,FALSE,FALSE
1990-01-10,East_Antarctica,0.728814637,-0.12518080210824967,0.12518080210824967,0.31006724465958424,FALSE,FALSE
1990-01-11,East_Antarctica,0.717827727,-0.12432105095522972,0.12432105095522972,0.31006724465958424,FALSE,FALSE
1990-01-12,East_Antarctica,0.693633378,-0.13686353093794645,0.13686353093794645,0.31006724465958424,FALSE,FALSE
1990-01-13,East_Antarctica,0.694797174,-0.12422075077775709,0.12422075077775709,0.31006724465958424,FALSE,FALSE
1990-01-14,East_Antarctica,0.699767896,-0.10792235702744468,0.10792235702744468,0.31006724465958424,FALSE,FALSE
1990-01-15,East_Antarctica,0.703592065,-0.09291227161132588,0.09291227161132588,0.31006724465958424,FALSE,FALSE
1990-01-16,East_Antarctica,0.701774452,-0.08369121914158262,0.08369121914158262,0.31006724465958424,FALSE,FALSE
1990-01-17,East_Antarctica,0.684120921,-0.09045978321350256,0.09045978321350256,0.31006724465958424,FALSE,FALSE
1990-01-18,East_Antarctica,0.66353041,-0.10032547342237176,0.10032547342237176,0.31006724465958424,FALSE,FALSE
1990-01-19,East_Antarctica,0.642291248,-0.11100640836347786,0.11100640836347786,0.31006724465958424,FALSE,FALSE
1990-01-20,East_Antarctica,0.630187209,-0.1127252616321085,0.1127252616321085,0.31006724465958424,FALSE,FALSE
1990-01-21,East_Antarctica,0.628319199,-0.10438757482355045,0.10438757482355045,0.31006724465958424,FALSE,FALSE
1990-01-22,East_Antarctica,0.622194068,-0.1004929455330903,0.1004929455330903,0.31006724465958424,FALSE,FALSE
1990-01-23,East_Antarctica,0.61612713,-0.09673250735601624,0.09673250735601624,0.31006724465958424,FALSE,FALSE
1990-01-24,East_Antarctica,0.603943084,-0.09928800888761492,0.09928800888761492,0.31006724465958424,FALSE,FALSE
1990-01-25,East_Antarctica,0.594798586,-0.09900924172317338,0.09900924172317338,0.31006724465958424,FALSE,FALSE
1990-01-26,East_Antarctica,0.605115301,-0.07948098845797846,0.07948098845797846,0.31006724465958424,FALSE,FALSE
1990-01-27,East_Antarctica,0.603273305,-0.0723288018014473,0.0723288018014473,0.31006724465958424,FALSE,FALSE
1990-01-28,East_Antarctica,0.612309255,-0.05451611004873147,0.05451611004873147,0.31006724465958424,FALSE,FALSE
1990-01-29,East_Antarctica,0.608111584,-0.05015226688044694,0.05015226688044694,0.31006724465958424,FALSE,FALSE
1990-01-30,East_Antarctica,0.591161596,-0.0587537475726444,0.0587537475726444,0.31006724465958424,FALSE,FALSE
1990-01-31,East_Antarctica,0.556417042,-0.08536058040137251,0.08536058040137251,0.31006724465958424,FALSE,FALSE
1990-02-01,East_Antarctica,0.549045325,-0.08480314164267977,0.08480314164267977,0.31006724465958424,FALSE,FALSE
1990-02-02,East_Antarctica,0.535225255,-0.0909004005726166,0.0909004005726166,0.31006724465958424,FALSE,FALSE
1990-02-03,East_Antarctica,0.561151515,-0.05745545346723046,0.05745545346723046,0.31006724465958424,FALSE,FALSE
1990-02-04,East_Antarctica,0.525362217,-0.08592796760257182,0.08592796760257182,0.31006724465958424,FALSE,FALSE
1990-02-05,East_Antarctica,0.517532231,-0.08664085225468965,0.08664085225468965,0.31006724465958424,FALSE,FALSE
1990-02-06,East_Antarctica,0.500002388,-0.09725105569963322,0.09725105569963322,0.31006724465958424,FALSE,FALSE
1990-02-07,East_Antarctica,0.50299586,-0.0875331852134511,0.0875331852134511,0.31006724465958424,FALSE,FALSE
1990-02-08,East_Antarctica,0.510193693,-0.07380411331916026,0.07380411331916026,0.31006724465958424,FALSE,FALSE
1990-02-09,East_Antarctica,0.515049676,-0.06262635338723777,0.06262635338723777,0.31006724465958424,FALSE,FALSE
1990-02-10,East_Antarctica,0.52288475,-0.04873182784545227,0.04873182784545227,0.31006724465958424,FALSE,FALSE
1990-02-11,East_Antarctica,0.514415134,-0.05146150386708426,0.05146150386708426,0.31006724465958424,FALSE,FALSE
1990-02-12,East_Antarctica,0.495677044,-0.0648363516254139,0.0648363516254139,0.31006724465958424,FALSE,FALSE
1990-02-13,East_Antarctica,0.474469989,-0.08111404829372254,0.08111404829372254,0.31006724465958424,FALSE,FALSE
1990-02-14,East_Antarctica,0.463091699,-0.08805405004528932,0.08805405004528932,0.31006724465958424,FALSE,FALSE
1990-02-15,East_Antarctica,0.429829646,-0.1174260710533956,0.1174260710533956,0.31006724465958424,FALSE,FALSE
1990-02-16,East_Antarctica,0.42625782,-0.1177133074913228,0.1177133074913228,0.31006724465958424,FALSE,FALSE
1990-02-17,East_Antarctica,0.428088805,-0.11326036153234996,0.11326036153234996,0.31006724465958424,FALSE,FALSE
1990-02-18,East_Antarctica,0.454241397,-0.08520562334975856,0.08520562334975856,0.31006724465958424,FALSE,FALSE
1990-02-19,East_Antarctica,0.457253352,-0.08106852311682783,0.08106852311682783,0.31006724465958424,FALSE,FALSE
1990-02-20,East_Antarctica,0.454206991,-0.08382392600683947,0.08382392600683947,0.31006724465958424,FALSE,FALSE
1990-02-21,East_Antarctica,0.417706548,-0.12092170850458468,0.12092170850458468,0.31006724465958424,FALSE,FALSE
1990-02-22,East_Antarctica,0.417680558,-0.12245015757582672,0.12245015757582672,0.31006724465958424,FALSE,FALSE
1990-02-23,East_Antarctica,0.437212281,-0.105318029236257,0.105318029236257,0.31006724465958424,FALSE,FALSE
1990-02-24,East_Antarctica,0.446877662,-0.09894094608510973,0.09894094608510973,0.31006724465958424,FALSE,FALSE
1990-02-25,East_Antarctica,0.441441378,-0.1085457987216188,0.1085457987216188,0.31006724465958424,FALSE,FALSE
1990-02-26,East_Antarctica,0.42682011,-0.1282074737450165,0.1282074737450165,0.31006724465958424,FALSE,FALSE
1990-02-27,East_Antarctica,0.457108843,-0.1038225537545383,0.1038225537545383,0.31006724465958424,FALSE,FALSE
1990-02-28,East_Antarctica,0.457016036,-0.11067414734941666,0.11067414734941666,0.31006724465958424,FALSE,FALSE
1990-03-01,East_Antarctica,0.456984324,-0.11831118712888512,0.11831118712888512,0.31006724465958424,FALSE,FALSE
1990-03-02,East_Antarctica,0.466763962,-0.11697498569217785,0.11697498569217785,0.31006724465958424,FALSE,FALSE
1990-03-03,East_Antarctica,0.468038147,-0.1249739136385275,0.1249739136385275,0.31006724465958424,FALSE,FALSE
1990-03-04,East_Antarctica,0.472863835,-0.13024258256716909,0.13024258256716909,0.31006724465958424,FALSE,FALSE
1990-03-05,East_Antarctica,0.470895153,-0.14311842893456733,0.14311842893456733,0.31006724465958424,FALSE,FALSE
1990-03-06,East_Antarctica,0.475740312,-0.149969394616696,0.149969394616696,0.31006724465958424,FALSE,FALSE
1990-03-07,East_Antarctica,0.48416751,-0.1539532634931834,0.1539532634931834,0.31006724465958424,FALSE,FALSE
1990-03-08,East_Antarctica,0.50671015,-0.14445242167992767,0.14445242167992767,0.31006724465958424,FALSE,FALSE
1990-03-09,East_Antarctica,0.569494912,-0.09525597829282872,0.09525597829282872,0.31006724465958424,FALSE,FALSE
1990-03-10,East_Antarctica,0.579256698,-0.09954482044778525,0.09954482044778525,0.31006724465958424,FALSE,FALSE
1990-03-11,East_Antarctica,0.515903579,-0.17732666626069538,0.17732666626069538,0.31006724465958424,FALSE,FALSE
1990-03-12,East_Antarctica,0.591614423,-0.11633843684745748,0.11633843684745748,0.31006724465958424,FALSE,FALSE
1990-03-13,East_Antarctica,0.614612132,-0.10827301932397292,0.10827301932397292,0.31006724465958424,FALSE,FALSE
1990-03-14,East_Antarctica,0.638324935,-0.09961797380613856,0.09961797380613856,0.31006724465958424,FALSE,FALSE
1990-03-15,East_Antarctica,0.673242405,-0.07979951640985428,0.07979951640985428,0.31006724465958424,FALSE,FALSE
1990-03-16,East_Antarctica,0.696948105,-0.07114987325101918,0.07114987325101918,0.31006724465958424,FALSE,FALSE
1990-03-17,East_Antarctica,0.715770047,-0.06725682144553013,0.06725682144553013,0.31006724465958424,FALSE,FALSE
1990-03-18,East_Antarctica,0.73270222,-0.06504461160892772,0.06504461160892772,0.31006724465958424,FALSE,FALSE
1990-03-19,East_Antarctica,0.758222022,-0.05401528622803953,0.05401528622803953,0.31006724465958424,FALSE,FALSE
1990-03-20,East_Antarctica,0.78310384,-0.04343791541366426,0.04343791541366426,0.31006724465958424,FALSE,FALSE
1990-03-21,East_Antarctica,0.793430298,-0.04727634628399191,0.04727634628399191,0.31006724465958424,FALSE,FALSE
1990-03-22,East_Antarctica,0.794731681,-0.06004676495721484,0.06004676495721484,0.31006724465958424,FALSE,FALSE
1990-03-23,East_Antarctica,0.806910105,-0.06189352655152458,0.06189352655152458,0.31006724465958424,FALSE,FALSE
1990-03-24,East_Antarctica,0.809391583,-0.07343708918511194,0.07343708918511194,0.31006724465958424,FALSE,FALSE
1990-03-25,East_Antarctica,0.802770673,-0.09412936597616783,0.09412936597616783,0.31006724465958424,FALSE,FALSE
1990-03-26,East_Antarctica,0.807817523,-0.10324668004288606,0.10324668004288606,0.31006724465958424,FALSE,FALSE
1990-03-27,East_Antarctica,0.834605161,-0.09076247450345432,0.09076247450345432,0.31006724465958424,FALSE,FALSE
1990-03-28,East_Antarctica,0.890814801,-0.04904200647606793,0.04904200647606793,0.31006724465958424,FALSE,FALSE
1990-03-29,East_Antarctica,0.952520352,-0.00205783807891613,0.00205783807891613,0.31006724465958424,FALSE,FALSE
1990-03-30,East_Antarctica,0.986861248,0.01728299356981044,0.01728299356981044,0.31006724465958424,FALSE,FALSE
1990-03-31,East_Antarctica,1.000750626,0.01585588373545987,0.01585588373545987,0.31006724465958424,FALSE,FALSE
1990-04-01,East_Antarctica,1.038309149,0.03779146878387696,0.03779146878387696,0.31006724465958424,FALSE,FALSE
1990-04-02,East_Antarctica,1.049866448,0.03344557415887928,0.03344557415887928,0.31006724465958424,FALSE,FALSE
1990-04-03,East_Antarctica,1.035488586,0.002910470714238,0.002910470714238,0.31006724465958424,FALSE,FALSE
1990-04-04,East_Antarctica,1.039681058,-0.00928213869627603,0.00928213869627603,0.31006724465958424,FALSE,FALSE
1990-04-05,East_Antarctica,1.067372776,0.00182286578111012,0.00182286578111012,0.31006724465958424,FALSE,FALSE
1990-04-06,East_Antarctica,1.076990187,-0.00532186099983267,0.00532186099983267,0.31006724465958424,FALSE,FALSE
1990-04-07,East_Antarctica,1.095664574,-0.00355882818533381,0.00355882818533381,0.31006724465958424,FALSE,FALSE
1990-04-08,East_Antarctica,1.099850451,-0.01640731392161942,0.01640731392161942,0.31006724465958424,FALSE,FALSE
1990-04-09,East_Antarctica,1.108216917,-0.02517201135491897,0.02517201135491897,0.31006724465958424,FALSE,FALSE
1990-04-10,East_Antarctica,1.140581759,-0.01000892563146216,0.01000892563146216,0.31006724465958424,FALSE,FALSE
1990-04-11,East_Antarctica,1.155578942,-0.0122578838974745,0.0122578838974745,0.31006724465958424,FALSE,FALSE
1990-04-12,East_Antarctica,1.171354384,-0.0137469228110636,0.0137469228110636,0.31006724465958424,FALSE,FALSE
1990-04-13,East_Antarctica,1.182421765,-0.01994789928964158,0.01994789928964158,0.31006724465958424,FALSE,FALSE
1990-04-14,East_Antarctica,1.181321362,-0.03832516650121143,0.03832516650121143,0.31006724465958424,FALSE,FALSE
1990-04-15,East_Antarctica,1.202493829,-0.03444448400885291,0.03444448400885291,0.31006724465958424,FALSE,FALSE
1990-04-16,East_Antarctica,1.269092265,0.0148408336243595,0.0148408336243595,0.31006724465958424,FALSE,FALSE
1990-04-17,East_Antarctica,1.296089353,0.02449705583534456,0.02449705583534456,0.31006724465958424,FALSE,FALSE
1990-04-18,East_Antarctica,1.304444718,0.01547739406102732,0.01547739406102732,0.31006724465958424,FALSE,FALSE
1990-04-19,East_Antarctica,1.309148089,0.00276516373833102,0.00276516373833102,0.31006724465958424,FALSE,FALSE
1990-04-20,East_Antarctica,1.299524725,-0.02432078969582352,0.02432078969582352,0.31006724465958424,FALSE,FALSE
1990-04-21,East_Antarctica,1.293533205,-0.04782830080451372,0.04782830080451372,0.31006724465958424,FALSE,FALSE
1990-04-22,East_Antarctica,1.288115072,-0.0708222401508165,0.0708222401508165,0.31006724465958424,FALSE,FALSE
1990-04-23,East_Antarctica,1.32703645,-0.04954289729781136,0.04954289729781136,0.31006724465958424,FALSE,FALSE
1990-04-24,East_Antarctica,1.339010419,-0.05528360580857239,0.05528360580857239,0.31006724465958424,FALSE,FALSE
1990-04-25,East_Antarctica,1.361059645,-0.05102750708607795,0.05102750708607795,0.31006724465958424,FALSE,FALSE
1990-04-26,East_Antarctica,1.368124539,-0.06183424055048414,0.06183424055048414,0.31006724465958424,FALSE,FALSE
1990-04-27,East_Antarctica,1.38947704,-0.05842873627957279,0.05842873627957279,0.31006724465958424,FALSE,FALSE
1990-04-28,East_Antarctica,1.368345164,-0.0975798138391959,0.0975798138391959,0.31006724465958424,FALSE,FALSE
1990-04-29,East_Antarctica,1.423726887,-0.060286332795207447,0.060286332795207447,0.31006724465958424,FALSE,FALSE
1990-04-30,East_Antarctica,1.451434483,-0.0507328547134589,0.0507328547134589,0.31006724465958424,FALSE,FALSE
1990-05-01,East_Antarctica,1.447892919,-0.07249124815980457,0.07249124815980457,0.31006724465958424,FALSE,FALSE
1990-05-02,East_Antarctica,1.488649838,-0.05001070570009758,0.05001070570009758,0.31006724465958424,FALSE,FALSE
1990-05-03,East_Antarctica,1.515068432,-0.04192487090018804,0.04192487090018804,0.31006724465958424,FALSE,FALSE
1990-05-04,East_Antarctica,1.527759936,-0.04761934432593229,0.04761934432593229,0.31006724465958424,FALSE,FALSE
1990-05-05,East_Antarctica,1.525976255,-0.06783905654318145,0.06783905654318145,0.31006724465958424,FALSE,FALSE
1990-05-06,East_Antarctica,1.528807814,-0.08349041811778779,0.08349041811778779,0.31006724465958424,FALSE,FALSE
1990-05-07,East_Antarctica,1.565801547,-0.0650233276190999,0.0650233276190999,0.31006724465958424,FALSE,FALSE
1990-05-08,East_Antarctica,1.605780799,-0.04360960201717345,0.04360960201717345,0.31006724465958424,FALSE,FALSE
1990-05-09,East_Antarctica,1.603998537,-0.063986990028015,0.063986990028015,0.31006724465958424,FALSE,FALSE
1990-05-10,East_Antarctica,1.59387692,-0.092723316798623,0.092723316798623,0.31006724465958424,FALSE,FALSE
1990-05-11,East_Antarctica,1.569472713,-0.1357518014759922,0.1357518014759922,0.31006724465958424,FALSE,FALSE
1990-05-12,East_Antarctica,1.540234352,-0.18361399220712027,0.18361399220712027,0.31006724465958424,FALSE,FALSE
1990-05-13,East_Antarctica,1.569669115,-0.17279259513900036,0.17279259513900036,0.31006724465958424,FALSE,FALSE
1990-05-14,East_Antarctica,1.607514329,-0.1535402674186308,0.1535402674186308,0.31006724465958424,FALSE,FALSE
1990-05-15,East_Antarctica,1.61592537,-0.16369161719300673,0.16369161719300673,0.31006724465958424,FALSE,FALSE
1990-05-16,East_Antarctica,1.615404397,-0.1827344696091262,0.1827344696091262,0.31006724465958424,FALSE,FALSE
1990-05-17,East_Antarctica,1.605187393,-0.21142282581398164,0.21142282581398164,0.31006724465958424,FALSE,FALSE
1990-05-18,East_Antarctica,1.598410272,-0.23661075595457515,0.23661075595457515,0.31006724465958424,FALSE,FALSE
1990-05-19,East_Antarctica,1.649806939,-0.20355433917789711,0.20355433917789711,0.31006724465958424,FALSE,FALSE
1990-05-20,East_Antarctica,1.68753442,-0.1840861040487063,0.1840861040487063,0.31006724465958424,FALSE,FALSE
1990-05-21,East_Antarctica,1.783506138,-0.10627434340956432,0.10627434340956432,0.31006724465958424,FALSE,FALSE
1990-05-22,East_Antarctica,1.853194804,-0.05462121353853289,0.05462121353853289,0.31006724465958424,FALSE,FALSE
1990-05-23,East_Antarctica,1.891278916,-0.03442285329565253,0.03442285329565253,0.31006724465958424,FALSE,FALSE
1990-05-24,East_Antarctica,1.9140487,-0.02936367354097724,0.02936367354097724,0.31006724465958424,FALSE,FALSE
1990-05-25,East_Antarctica,1.950911631,-0.01001083613455122,0.01001083613455122,0.31006724465958424,FALSE,FALSE
1990-05-26,East_Antarctica,1.978797654,5.909670635786402e-4,5.909670635786402e-4,0.31006724465958424,FALSE,FALSE
1990-05-27,East_Antarctica,1.997187124,0.00194745419336594,0.00194745419336594,0.31006724465958424,FALSE,FALSE
1990-05-28,East_Antarctica,2.020101608,0.00810555539476221,0.00810555539476221,0.31006724465958424,FALSE,FALSE
1990-05-29,East_Antarctica,2.020065603,-0.00838486919227943,0.00838486919227943,0.31006724465958424,FALSE,FALSE
1990-05-30,East_Antarctica,2.000001717,-0.04457584842780315,0.04457584842780315,0.31006724465958424,FALSE,FALSE
1990-05-31,East_Antarctica,1.997540416,-0.06281155317186027,0.06281155317186027,0.31006724465958424,FALSE,FALSE
1990-06-01,East_Antarctica,2.010378871,-0.06536944928449451,0.06536944928449451,0.31006724465958424,FALSE,FALSE
1990-06-02,East_Antarctica,2.035555691,-0.05519799971261463,0.05519799971261463,0.31006724465958424,FALSE,FALSE
1990-06-03,East_Antarctica,2.071713061,-0.03369725680645485,0.03369725680645485,0.31006724465958424,FALSE,FALSE
1990-06-04,East_Antarctica,2.080195496,-0.03958023526341048,0.03958023526341048,0.31006724465958424,FALSE,FALSE
1990-06-05,East_Antarctica,2.102426489,-0.03148097234734326,0.03148097234734326,0.31006724465958424,FALSE,FALSE
1990-06-06,East_Antarctica,2.128700569,-0.01916246932211773,0.01916246932211773,0.31006724465958424,FALSE,FALSE
1990-06-07,East_Antarctica,2.163722462,0.00202246954840568,0.00202246954840568,0.31006724465958424,FALSE,FALSE
1990-06-08,East_Antarctica,2.192243575,0.01676772100036316,0.01676772100036316,0.31006724465958424,FALSE,FALSE
1990-06-09,East_Antarctica,2.171635441,-0.01761271223010929,0.01761271223010929,0.31006724465958424,FALSE,FALSE
1990-06-10,East_Antarctica,2.124870664,-0.07820375640686894,0.07820375640686894,0.31006724465958424,FALSE,FALSE
1990-06-11,East_Antarctica,2.118443188,-0.09856899779378424,0.09856899779378424,0.31006724465958424,FALSE,FALSE
1990-06-12,East_Antarctica,2.147058597,-0.0840603826547146,0.0840603826547146,0.31006724465958424,FALSE,FALSE
1990-06-13,East_Antarctica,2.154745629,-0.09070670325352292,0.09070670325352292,0.31006724465958424,FALSE,FALSE
1990-06-14,East_Antarctica,2.1860996,-0.07396904159023432,0.07396904159023432,0.31006724465958424,FALSE,FALSE
1990-06-15,East_Antarctica,2.239762565,-0.03521182577903969,0.03521182577903969,0.31006724465958424,FALSE,FALSE
1990-06-16,East_Antarctica,2.272002685,-0.01810490191779079,0.01810490191779079,0.31006724465958424,FALSE,FALSE
1990-06-17,East_Antarctica,2.303465112,-0.00193616390020512,0.00193616390020512,0.31006724465958424,FALSE,FALSE
1990-06-18,East_Antarctica,2.364044888,0.04325638438001444,0.04325638438001444,0.31006724465958424,FALSE,FALSE
1990-06-19,East_Antarctica,2.425070861,0.08886854502914909,0.08886854502914909,0.31006724465958424,FALSE,FALSE
1990-06-20,East_Antarctica,2.48857711,0.13700135115349,0.13700135115349,0.31006724465958424,FALSE,FALSE
1990-06-21,East_Antarctica,2.539842802,0.17300092385932642,0.17300092385932642,0.31006724465958424,FALSE,FALSE
1990-06-22,East_Antarctica,2.537766103,0.15583238325294468,0.15583238325294468,0.31006724465958424,FALSE,FALSE
1990-06-23,East_Antarctica,2.551992566,0.15520823644063464,0.15520823644063464,0.31006724465958424,FALSE,FALSE
1990-06-24,East_Antarctica,2.600140181,0.18881342752868505,0.18881342752868505,0.31006724465958424,FALSE,FALSE
1990-06-25,East_Antarctica,2.58227386,0.1567798226233812,0.1567798226233812,0.31006724465958424,FALSE,FALSE
1990-06-26,East_Antarctica,2.592845502,0.1536262748310171,0.1536262748310171,0.31006724465958424,FALSE,FALSE
1990-06-27,East_Antarctica,2.597854152,0.1454092635006461,0.1454092635006461,0.31006724465958424,FALSE,FALSE
1990-06-28,East_Antarctica,2.613238574,0.14805305088535858,0.14805305088535858,0.31006724465958424,FALSE,FALSE
1990-06-29,East_Antarctica,2.580668819,0.10318031580830578,0.10318031580830578,0.31006724465958424,FALSE,FALSE
1990-06-30,East_Antarctica,2.544794006,0.05539263608898448,0.05539263608898448,0.31006724465958424,FALSE,FALSE
1990-07-01,East_Antarctica,2.549706536,0.04873487154688627,0.04873487154688627,0.31006724465958424,FALSE,FALSE
1990-07-02,East_Antarctica,2.597991213,0.08574428500150066,0.08574428500150066,0.31006724465958424,FALSE,FALSE
1990-07-03,East_Antarctica,2.610194833,0.08692013127232467,0.08692013127232467,0.31006724465958424,FALSE,FALSE
1990-07-04,East_Antarctica,2.618352618,0.08425009117884796,0.08425009117884796,0.31006724465958424,FALSE,FALSE
1990-07-05,East_Antarctica,2.639152513,0.09437456854056547,0.09437456854056547,0.31006724465958424,FALSE,FALSE
1990-07-06,East_Antarctica,2.639308831,0.08396033517696821,0.08396033517696821,0.31006724465958424,FALSE,FALSE
1990-07-07,East_Antarctica,2.633545722,0.06768399990754981,0.06768399990754981,0.31006724465958424,FALSE,FALSE
1990-07-08,East_Antarctica,2.645777266,0.0694121015518041,0.0694121015518041,0.31006724465958424,FALSE,FALSE
1990-07-09,East_Antarctica,2.667894718,0.0809884113733732,0.0809884113733732,0.31006724465958424,FALSE,FALSE
1990-07-10,East_Antarctica,2.707235295,0.10971383525747358,0.10971383525747358,0.31006724465958424,FALSE,FALSE
1990-07-11,East_Antarctica,2.765113374,0.1568908900861472,0.1568908900861472,0.31006724465958424,FALSE,FALSE
1990-07-12,East_Antarctica,2.794196049,0.17517804549603389,0.17517804549603389,0.31006724465958424,FALSE,FALSE
1990-07-13,East_Antarctica,2.786823428,0.156906785123772,0.156906785123772,0.31006724465958424,FALSE,FALSE
1990-07-14,East_Antarctica,2.784649935,0.14372290860600723,0.14372290860600723,0.31006724465958424,FALSE,FALSE
1990-07-15,East_Antarctica,2.790463755,0.1384059765793797,0.1384059765793797,0.31006724465958424,FALSE,FALSE
1990-07-16,East_Antarctica,2.765098855,0.10178133168053229,0.10178133168053229,0.31006724465958424,FALSE,FALSE
1990-07-17,East_Antarctica,2.758514141,0.08379925554610379,0.08379925554610379,0.31006724465958424,FALSE,FALSE
1990-07-18,East_Antarctica,2.742412077,0.05615358781273949,0.05615358781273949,0.31006724465958424,FALSE,FALSE
1990-07-19,East_Antarctica,2.743457744,0.04550078511707811,0.04550078511707811,0.31006724465958424,FALSE,FALSE
1990-07-20,East_Antarctica,2.80668573,0.09686681109576334,0.09686681109576334,0.31006724465958424,FALSE,FALSE
1990-07-21,East_Antarctica,2.887165683,0.16531268938543597,0.16531268938543597,0.31006724465958424,FALSE,FALSE
1990-07-22,East_Antarctica,2.925084198,0.19101894721397408,0.19101894721397408,0.31006724465958424,FALSE,FALSE
1990-07-23,East_Antarctica,2.914282999,0.16785652764250658,0.16785652764250658,0.31006724465958424,FALSE,FALSE
1990-07-24,East_Antarctica,2.875933463,0.1170517487053031,0.1170517487053031,0.31006724465958424,FALSE,FALSE
1990-07-25,East_Antarctica,2.860985929,0.08961047391107568,0.08961047391107568,0.31006724465958424,FALSE,FALSE
1990-07-26,East_Antarctica,2.857454427,0.07360225776853513,0.07360225776853513,0.31006724465958424,FALSE,FALSE
1990-07-27,East_Antarctica,2.862943652,0.06668731978638798,0.06668731978638798,0.31006724465958424,FALSE,FALSE
1990-07-28,East_Antarctica,2.881237148,0.07270472847334641,0.07270472847334641,0.31006724465958424,FALSE,FALSE
1990-07-29,East_Antarctica,2.924589374,0.1039644673381228,0.1039644673381228,0.31006724465958424,FALSE,FALSE
1990-07-30,East_Antarctica,2.981490629,0.14901235988942396,0.14901235988942396,0.31006724465958424,FALSE,FALSE
1990-07-31,East_Antarctica,3.03657806,0.1925410776359615,0.1925410776359615,0.31006724465958424,FALSE,FALSE
1990-08-01,East_Antarctica,3.067619249,0.21237372708644653,0.21237372708644653,0.31006724465958424,FALSE,FALSE
1990-08-02,East_Antarctica,3.067997509,0.20194914574958567,0.20194914574958567,0.31006724465958424,FALSE,FALSE
1990-08-03,East_Antarctica,3.092546891,0.2161569084009316,0.2161569084009316,0.31006724465958424,FALSE,FALSE
1990-08-04,East_Antarctica,3.063539381,0.17730473238220856,0.17730473238220856,0.31006724465958424,FALSE,FALSE
1990-08-05,East_Antarctica,3.029449937,0.1338319080809378,0.1338319080809378,0.31006724465958424,FALSE,FALSE
1990-08-06,East_Antarctica,3.057551709,0.15295982351853876,0.15295982351853876,0.31006724465958424,FALSE,FALSE
1990-08-07,East_Antarctica,3.120453225,0.20724524471642924,0.20724524471642924,0.31006724465958424,FALSE,FALSE
1990-08-08,East_Antarctica,3.144034051,0.2225159756960311,0.2225159756960311,0.31006724465958424,FALSE,FALSE
1990-08-09,East_Antarctica,3.155905117,0.22633118447876255,0.22633118447876255,0.31006724465958424,FALSE,FALSE
1990-08-10,East_Antarctica,3.122344848,0.1849175340860425,0.1849175340860425,0.31006724465958424,FALSE,FALSE
1990-08-11,East_Antarctica,3.089403686,0.144273704539291,0.144273704539291,0.31006724465958424,FALSE,FALSE
1990-08-12,East_Antarctica,3.074386557,0.1216528598599278,0.1216528598599278,0.31006724465958424,FALSE,FALSE
1990-08-13,East_Antarctica,3.035227797,0.0749375740693714,0.0749375740693714,0.31006724465958424,FALSE,FALSE
1990-08-14,East_Antarctica,2.988853611,0.02100229018904365,0.02100229018904365,0.31006724465958424,FALSE,FALSE
1990-08-15,East_Antarctica,2.948916199,-0.02655255375963783,0.02655255375963783,0.31006724465958424,FALSE,FALSE
1990-08-16,East_Antarctica,2.965326997,-0.01786575145952795,0.01786575145952795,0.31006724465958424,FALSE,FALSE
1990-08-17,East_Antarctica,3.03789081,0.04686281583431295,0.04686281583431295,0.31006724465958424,FALSE,FALSE
1990-08-18,East_Antarctica,3.079783104,0.08085605591180922,0.08085605591180922,0.31006724465958424,FALSE,FALSE
1990-08-19,East_Antarctica,3.073960076,0.06712046431448515,0.06712046431448515,0.31006724465958424,FALSE,FALSE
1990-08-20,East_Antarctica,3.048747913,0.0340325265838759,0.0340325265838759,0.31006724465958424,FALSE,FALSE
1990-08-21,East_Antarctica,3.067212281,0.04470820726151059,0.04470820726151059,0.31006724465958424,FALSE,FALSE
1990-08-22,East_Antarctica,3.012776237,-0.01737913811108038,0.01737913811108038,0.31006724465958424,FALSE,FALSE
1990-08-23,East_Antarctica,2.903912425,-0.13370656699236785,0.13370656699236785,0.31006724465958424,FALSE,FALSE
1990-08-24,East_Antarctica,2.89955612,-0.14528850584081843,0.14528850584081843,0.31006724465958424,FALSE,FALSE
1990-08-25,East_Antarctica,2.930773238,-0.12100874011490292,0.12100874011490292,0.31006724465958424,FALSE,FALSE
1990-08-26,East_Antarctica,3.045543226,-0.012837524273090919,0.012837524273090919,0.31006724465958424,FALSE,FALSE
1990-08-27,East_Antarctica,3.096167964,0.03157732022614867,0.03157732022614867,0.31006724465958424,FALSE,FALSE
1990-08-28,East_Antarctica,3.076388752,0.00602739192434809,0.00602739192434809,0.31006724465958424,FALSE,FALSE
1990-08-29,East_Antarctica,3.073962903,-0.00168868926193521,0.00168868926193521,0.31006724465958424,FALSE,FALSE
1990-08-30,East_Antarctica,3.06245284,-0.01802184177923749,0.01802184177923749,0.31006724465958424,FALSE,FALSE
1990-08-31,East_Antarctica,3.063170947,-0.02169355620501267,0.02169355620501267,0.31006724465958424,FALSE,FALSE
1990-09-01,East_Antarctica,3.083495714,-0.00535925394641001,0.00535925394641001,0.31006724465958424,FALSE,FALSE
1990-09-02,East_Antarctica,3.102645607,0.01016561958942263,0.01016561958942263,0.31006724465958424,FALSE,FALSE
1990-09-03,East_Antarctica,3.118504791,0.02273131799533434,0.02273131799533434,0.31006724465958424,FALSE,FALSE
1990-09-04,East_Antarctica,3.085441753,-0.01332758313581861,0.01332758313581861,0.31006724465958424,FALSE,FALSE
1990-09-05,East_Antarctica,3.072612278,-0.02888921021118751,0.02888921021118751,0.31006724465958424,FALSE,FALSE
1990-09-06,East_Antarctica,3.059692621,-0.04431121963792073,0.04431121963792073,0.31006724465958424,FALSE,FALSE
1990-09-07,East_Antarctica,3.03838255,-0.06792775482316538,0.06792775482316538,0.31006724465958424,FALSE,FALSE
1990-09-08,East_Antarctica,3.047675271,-0.06077952117407426,0.06077952117407426,0.31006724465958424,FALSE,FALSE
1990-09-09,East_Antarctica,3.069123498,-0.0413477160977882,0.0413477160977882,0.31006724465958424,FALSE,FALSE
1990-09-10,East_Antarctica,3.093761641,-0.01863178919352481,0.01863178919352481,0.31006724465958424,FALSE,FALSE
1990-09-11,East_Antarctica,3.102313952,-0.01193642984782039,0.01193642984782039,0.31006724465958424,FALSE,FALSE
1990-09-12,East_Antarctica,3.147126197,0.03106408659008952,0.03106408659008952,0.31006724465958424,FALSE,FALSE
1990-09-13,East_Antarctica,3.189919724,0.0720720038673095,0.0720720038673095,0.31006724465958424,FALSE,FALSE
1990-09-14,East_Antarctica,3.134335318,0.01470900273094599,0.01470900273094599,0.31006724465958424,FALSE,FALSE
1990-09-15,East_Antarctica,3.131167706,0.00975070592809945,0.00975070592809945,0.31006724465958424,FALSE,FALSE
1990-09-16,East_Antarctica,3.158447049,0.03520817020587818,0.03520817020587818,0.31006724465958424,FALSE,FALSE
1990-09-17,East_Antarctica,3.180814353,0.05570329731138512,0.05570329731138512,0.31006724465958424,FALSE,FALSE
1990-09-18,East_Antarctica,3.202619959,0.0755673239917245,0.0755673239917245,0.31006724465958424,FALSE,FALSE
1990-09-19,East_Antarctica,3.175144316,0.04606159499400109,0.04606159499400109,0.31006724465958424,FALSE,FALSE
1990-09-20,East_Antarctica,3.154597062,0.02337664406532091,0.02337664406532091,0.31006724465958424,FALSE,FALSE
1990-09-21,East_Antarctica,3.15259168,0.01910684995278533,0.01910684995278533,0.31006724465958424,FALSE,FALSE
1990-09-22,East_Antarctica,3.170105806,0.03421074440350047,0.03421074440350047,0.31006724465958424,FALSE,FALSE
1990-09-23,East_Antarctica,3.186640329,0.04817619912016324,0.04817619912016324,0.31006724465958424,FALSE,FALSE
1990-09-24,East_Antarctica,3.191305792,0.05016590751289485,0.05016590751289485,0.31006724465958424,FALSE,FALSE
1990-09-25,East_Antarctica,3.204343469,0.0605128257249028,0.0605128257249028,0.31006724465958424,FALSE,FALSE
1990-09-26,East_Antarctica,3.212028693,0.06558452357322686,0.06558452357322686,0.31006724465958424,FALSE,FALSE
1990-09-27,East_Antarctica,3.206738671,0.05785044487489976,0.05785044487489976,0.31006724465958424,FALSE,FALSE
1990-09-28,East_Antarctica,3.182143626,0.03107304944696132,0.03107304944696132,0.31006724465958424,FALSE,FALSE
1990-09-29,East_Antarctica,3.165633154,0.01273417010644717,0.01273417010644717,0.31006724465958424,FALSE,FALSE
1990-09-30,East_Antarctica,3.156955639,0.00267442767039405,0.00267442767039405,0.31006724465958424,FALSE,FALSE
1990-10-01,East_Antarctica,3.14081047,-0.01431455204416209,0.01431455204416209,0.31006724465958424,FALSE,FALSE
1990-10-02,East_Antarctica,3.157428388,0.00209020877981735,0.00209020877981735,0.31006724465958424,FALSE,FALSE
1990-10-03,East_Antarctica,3.223893806,0.06906535995936958,0.06906535995936958,0.31006724465958424,FALSE,FALSE
1990-10-04,East_Antarctica,3.228871481,0.0753678953115271,0.0753678953115271,0.31006724465958424,FALSE,FALSE
1990-10-05,East_Antarctica,3.258904471,0.1076330818925415,0.1076330818925415,0.31006724465958424,FALSE,FALSE
1990-10-06,East_Antarctica,3.314539377,0.1664661494857067,0.1664661494857067,0.31006724465958424,FALSE,FALSE
1990-10-07,East_Antarctica,3.335432071,0.1914828208460695,0.1914828208460695,0.31006724465958424,FALSE,FALSE
1990-10-08,East_Antarctica,3.396576847,0.25761916948319374,0.25761916948319374,0.31006724465958424,FALSE,FALSE
1990-10-09,East_Antarctica,3.412051317,0.27889458690664215,0.27889458690664215,0.31006724465958424,FALSE,FALSE
1990-10-10,East_Antarctica,3.44900889,0.32240426162598235,0.32240426162598235,0.31006724465958424,TRUE,FALSE
1990-10-11,East_Antarctica,3.391081659,0.27172206615077865,0.27172206615077865,0.31006724465958424,FALSE,FALSE
1990-10-12,East_Antarctica,3.386129185,0.27464934099059013,0.27464934099059013,0.31006724465958424,FALSE,FALSE
1990-10-13,East_Antarctica,3.36968944,0.2666658376549851,0.2666658376549851,0.31006724465958424,FALSE,FALSE
1990-10-14,East_Antarctica,3.346144231,0.25209514265352784,0.25209514265352784,0.31006724465958424,FALSE,FALSE
1990-10-15,East_Antarctica,3.280866075,0.1962515524957822,0.1962515524957822,0.31006724465958424,FALSE,FALSE
1990-10-16,East_Antarctica,3.256599148,0.18182102269131528,0.18182102269131528,0.31006724465958424,FALSE,FALSE
1990-10-17,East_Antarctica,3.284907698,0.2203095807496851,0.2203095807496851,0.31006724465958424,FALSE,FALSE
1990-10-18,East_Antarctica,3.227093797,0.17296437802491882,0.17296437802491882,0.31006724465958424,FALSE,FALSE
1990-10-19,East_Antarctica,3.169382417,0.12602555358954826,0.12602555358954826,0.31006724465958424,FALSE,FALSE
1990-10-20,East_Antarctica,3.20385279,0.1716545114466013,0.1716545114466013,0.31006724465958424,FALSE,FALSE
1990-10-21,East_Antarctica,3.174085444,0.15351663449486885,0.15351663449486885,0.31006724465958424,FALSE,FALSE
1990-10-22,East_Antarctica,3.112130924,0.10374732263313424,0.10374732263313424,0.31006724465958424,FALSE,FALSE
1990-10-23,East_Antarctica,3.068348455,0.07279065576019184,0.07279065576019184,0.31006724465958424,FALSE,FALSE
1990-10-24,East_Antarctica,3.081328181,0.0993216327748252,0.0993216327748252,0.31006724465958424,FALSE,FALSE
1990-10-25,East_Antarctica,3.055767059,0.0881220655758237,0.0881220655758237,0.31006724465958424,FALSE,FALSE
1990-10-26,East_Antarctica,3.078548828,0.12616054806197763,0.12616054806197763,0.31006724465958424,FALSE,FALSE
1990-10-27,East_Antarctica,3.047214943,0.11106339013207212,0.11106339013207212,0.31006724465958424,FALSE,FALSE
1990-10-28,East_Antarctica,3.011799737,0.0929497796848957,0.0929497796848957,0.31006724465958424,FALSE,FALSE
1990-10-29,East_Antarctica,3.020015382,0.11961674361923746,0.11961674361923746,0.31006724465958424,FALSE,FALSE
1990-10-30,East_Antarctica,2.962907899,0.08219515783388509,0.08219515783388509,0.31006724465958424,FALSE,FALSE
1990-10-31,East_Antarctica,2.89268591,0.0329660885802503,0.0329660885802503,0.31006724465958424,FALSE,FALSE
1990-11-01,East_Antarctica,2.850326975,0.01291845220849063,0.01291845220849063,0.31006724465958424,FALSE,FALSE
1990-11-02,East_Antarctica,2.814484049,6.977962393062143e-4,6.977962393062143e-4,0.31006724465958424,FALSE,FALSE
1990-11-03,East_Antarctica,2.781453972,-0.00740645185081678,0.00740645185081678,0.31006724465958424,FALSE,FALSE
1990-11-04,East_Antarctica,2.746431823,-0.01620662558538921,0.01620662558538921,0.31006724465958424,FALSE,FALSE
1990-11-05,East_Antarctica,2.767180375,0.03205263551207915,0.03205263551207915,0.31006724465958424,FALSE,FALSE
1990-11-06,East_Antarctica,2.757449263,0.05111355391807137,0.05111355391807137,0.31006724465958424,FALSE,FALSE
1990-11-07,East_Antarctica,2.697538719,0.02126894910908161,0.02126894910908161,0.31006724465958424,FALSE,FALSE
1990-11-08,East_Antarctica,2.649623715,0.00468638056159376,0.00468638056159376,0.31006724465958424,FALSE,FALSE
1990-11-09,East_Antarctica,2.60095014,-0.01139567524790274,0.01139567524790274,0.31006724465958424,FALSE,FALSE
1990-11-10,East_Antarctica,2.606115858,0.02761323315708175,0.02761323315708175,0.31006724465958424,FALSE,FALSE
1990-11-11,East_Antarctica,2.544615553,0.00120037725303356,0.00120037725303356,0.31006724465958424,FALSE,FALSE
1990-11-12,East_Antarctica,2.558330632,0.05123884395173661,0.05123884395173661,0.31006724465958424,FALSE,FALSE
1990-11-13,East_Antarctica,2.538967928,0.06937694059293253,0.06937694059293253,0.31006724465958424,FALSE,FALSE
1990-11-14,East_Antarctica,2.484637844,0.05359107506557104,0.05359107506557104,0.31006724465958424,FALSE,FALSE
1990-11-15,East_Antarctica,2.447054482,0.05545512927227936,0.05545512927227936,0.31006724465958424,FALSE,FALSE
1990-11-16,East_Antarctica,2.400086209,0.04869725011568082,0.04869725011568082,0.31006724465958424,FALSE,FALSE
1990-11-17,East_Antarctica,2.397143253,0.08658744549840192,0.08658744549840192,0.31006724465958424,FALSE,FALSE
1990-11-18,East_Antarctica,2.338597586,0.06935746732306436,0.06935746732306436,0.31006724465958424,FALSE,FALSE
1990-11-19,East_Antarctica,2.260456957,0.0328748444922935,0.0328748444922935,0.31006724465958424,FALSE,FALSE
1990-11-20,East_Antarctica,2.185819627,9.761790871554156e-5,9.761790871554156e-5,0.31006724465958424,FALSE,FALSE
1990-11-21,East_Antarctica,2.137706482,-0.00609354652504468,0.00609354652504468,0.31006724465958424,FALSE,FALSE
1990-11-22,East_Antarctica,2.086046139,-0.01591025190636363,0.01591025190636363,0.31006724465958424,FALSE,FALSE
1990-11-23,East_Antarctica,1.95815339,-0.10217792633261792,0.10217792633261792,0.31006724465958424,FALSE,FALSE
1990-11-24,East_Antarctica,1.931502652,-0.08756237290118052,0.08756237290118052,0.31006724465958424,FALSE,FALSE
1990-11-25,East_Antarctica,1.898811153,-0.07947809606566225,0.07947809606566225,0.31006724465958424,FALSE,FALSE
1990-11-26,East_Antarctica,1.849318519,-0.08874541521076917,0.08874541521076917,0.31006724465958424,FALSE,FALSE
1990-11-27,East_Antarctica,1.805905738,-0.09250719132186024,0.09250719132186024,0.31006724465958424,FALSE,FALSE
1990-11-28,East_Antarctica,1.7469969,-0.11236290997503272,0.11236290997503272,0.31006724465958424,FALSE,FALSE
1990-11-29,East_Antarctica,1.69628477,-0.12464338174638878,0.12464338174638878,0.31006724465958424,FALSE,FALSE
1990-11-30,East_Antarctica,1.690935376,-0.09220615421202404,0.09220615421202404,0.31006724465958424,FALSE,FALSE
1990-12-01,East_Antarctica,1.668822436,-0.07720108494804001,0.07720108494804001,0.31006724465958424,FALSE,FALSE
1990-12-02,East_Antarctica,1.600317938,-0.1092797615305332,0.1092797615305332,0.31006724465958424,FALSE,FALSE
1990-12-03,East_Antarctica,1.572872465,-0.1010151765356051,0.1010151765356051,0.31006724465958424,FALSE,FALSE
1990-12-04,East_Antarctica,1.537730038,-0.10118688453935398,0.10118688453935398,0.31006724465958424,FALSE,FALSE
1990-12-05,East_Antarctica,1.500507941,-0.10420117711787792,0.10420117711787792,0.31006724465958424,FALSE,FALSE
1990-12-06,East_Antarctica,1.49621846,-0.07506934384727737,0.07506934384727737,0.31006724465958424,FALSE,FALSE
1990-12-07,East_Antarctica,1.497279285,-0.04139724631779629,0.04139724631779629,0.31006724465958424,FALSE,FALSE
1990-12-08,East_Antarctica,1.472221602,-0.03466980414303711,0.03466980414303711,0.31006724465958424,FALSE,FALSE
1990-12-09,East_Antarctica,1.448719794,-0.02721078297494883,0.02721078297494883,0.31006724465958424,FALSE,FALSE
1990-12-10,East_Antarctica,1.428276534,-0.01751300582190396,0.01751300582190396,0.31006724465958424,FALSE,FALSE
1990-12-11,East_Antarctica,1.395138423,-0.0213253676922831,0.0213253676922831,0.31006724465958424,FALSE,FALSE
1990-12-12,East_Antarctica,1.334296227,-0.05365259859446225,0.05365259859446225,0.31006724465958424,FALSE,FALSE
1990-12-13,East_Antarctica,1.35011154,-0.01012860053681641,0.01012860053681641,0.31006724465958424,FALSE,FALSE
1990-12-14,East_Antarctica,1.301806594,-0.03152663752772278,0.03152663752772278,0.31006724465958424,FALSE,FALSE
1990-12-15,East_Antarctica,1.306134612,-0.00108898257555778,0.00108898257555778,0.31006724465958424,FALSE,FALSE
1990-12-16,East_Antarctica,1.293590935,0.01168420931130231,0.01168420931130231,0.31006724465958424,FALSE,FALSE
1990-12-17,East_Antarctica,1.261900075,0.00452195412448075,0.00452195412448075,0.31006724465958424,FALSE,FALSE
1990-12-18,East_Antarctica,1.224093,-0.00954027614440034,0.00954027614440034,0.31006724465958424,FALSE,FALSE
1990-12-19,East_Antarctica,1.198958745,-0.0117089425037149,0.0117089425037149,0.31006724465958424,FALSE,FALSE
1990-12-20,East_Antarctica,1.182755459,-0.0057205854783342,0.0057205854783342,0.31006724465958424,FALSE,FALSE
1990-12-21,East_Antarctica,1.162225828,-0.00481445653435863,0.00481445653435863,0.31006724465958424,FALSE,FALSE
1990-12-22,East_Antarctica,1.149553942,0.00322177582318827,0.00322177582318827,0.31006724465958424,FALSE,FALSE
1990-12-23,East_Antarctica,1.127894983,0.00157181874560219,0.00157181874560219,0.31006724465958424,FALSE,FALSE
1990-12-24,East_Antarctica,1.067752016,-0.03923273761581924,0.03923273761581924,0.31006724465958424,FALSE,FALSE
1990-12-25,East_Antarctica,1.009440416,-0.07884799310978075,0.07884799310978075,0.31006724465958424,FALSE,FALSE
1990-12-26,East_Antarctica,0.98955898,-0.08064662558498581,0.08064662558498581,0.31006724465958424,FALSE,FALSE
1990-12-27,East_Antarctica,0.987752504,-0.06495531389013942,0.06495531389013942,0.31006724465958424,FALSE,FALSE
1990-12-28,East_Antarctica,0.97034065,-0.06542587087394458,0.06542587087394458,0.31006724465958424,FALSE,FALSE
1990-12-29,East_Antarctica,0.955151986,-0.0642012033851036,0.0642012033851036,0.31006724465958424,FALSE,FALSE
1990-12-30,East_Antarctica,0.953933972,-0.04950532627232151,0.04950532627232151,0.31006724465958424,FALSE,FALSE
1990-12-31,East_Antarctica,0.958607132,-0.02938919038430454,0.02938919038430454,0.31006724465958424,FALSE,FALSE
1991-01-01,East_Antarctica,0.95502288,-0.017972856569754,0.017972856569754,0.31006724465958424,FALSE,FALSE
1991-01-02,East_Antarctica,0.905377367,-0.05303275165614785,0.05303275165614785,0.31006724465958424,FALSE,FALSE
1991-01-03,East_Antarctica,0.906592103,-0.03762435538607123,0.03762435538607123,0.31006724465958424,FALSE,FALSE
1991-01-04,East_Antarctica,0.890903671,-0.03948917748087877,0.03948917748087877,0.31006724465958424,FALSE,FALSE
1991-01-05,East_Antarctica,0.899995616,-0.01692176566192371,0.01692176566192371,0.31006724465958424,FALSE,FALSE
1991-01-06,East_Antarctica,0.899304269,-0.00446388165056876,0.00446388165056876,0.31006724465958424,FALSE,FALSE
1991-01-07,East_Antarctica,0.898108195,0.00718494683183323,0.00718494683183323,0.31006724465958424,FALSE,FALSE
1991-01-08,East_Antarctica,0.904831772,0.0264710050639253,0.0264710050639253,0.31006724465958424,FALSE,FALSE
1991-01-09,East_Antarctica,0.892265835,0.02620703532434887,0.02620703532434887,0.31006724465958424,FALSE,FALSE
1991-01-10,East_Antarctica,0.888068198,0.03407275889175032,0.03407275889175032,0.31006724465958424,FALSE,FALSE
1991-01-11,East_Antarctica,0.87961931,0.03747053204477035,0.03747053204477035,0.31006724465958424,FALSE,FALSE
1991-01-12,East_Antarctica,0.875869313,0.04537240406205356,0.04537240406205356,0.31006724465958424,FALSE,FALSE
1991-01-13,East_Antarctica,0.886208842,0.06719091722224302,0.06719091722224302,0.31006724465958424,FALSE,FALSE
1991-01-14,East_Antarctica,0.874755001,0.06706474797255535,0.06706474797255535,0.31006724465958424,FALSE,FALSE
1991-01-15,East_Antarctica,0.879605185,0.08310084838867404,0.08310084838867404,0.31006724465958424,FALSE,FALSE
1991-01-16,East_Antarctica,0.873500962,0.08803529085841744,0.08803529085841744,0.31006724465958424,FALSE,FALSE
1991-01-17,East_Antarctica,0.898160714,0.1235800097864974,0.1235800097864974,0.31006724465958424,FALSE,FALSE
1991-01-18,East_Antarctica,0.894973319,0.13111743557762823,0.13111743557762823,0.31006724465958424,FALSE,FALSE
1991-01-19,East_Antarctica,0.851109337,0.09781168063652212,0.09781168063652212,0.31006724465958424,FALSE,FALSE
1991-01-20,East_Antarctica,0.841570581,0.09865811036789152,0.09865811036789152,0.31006724465958424,FALSE,FALSE
1991-01-21,East_Antarctica,0.818756018,0.08604924417644955,0.08604924417644955,0.31006724465958424,FALSE,FALSE
1991-01-22,East_Antarctica,0.830350789,0.10766377546690976,0.10766377546690976,0.31006724465958424,FALSE,FALSE
1991-01-23,East_Antarctica,0.837049773,0.12419013564398385,0.12419013564398385,0.31006724465958424,FALSE,FALSE
1991-01-24,East_Antarctica,0.827258246,0.1240271531123851,0.1240271531123851,0.31006724465958424,FALSE,FALSE
1991-01-25,East_Antarctica,0.822958874,0.1291510462768266,0.1291510462768266,0.31006724465958424,FALSE,FALSE
1991-01-26,East_Antarctica,0.810878136,0.12628184654202157,0.12628184654202157,0.31006724465958424,FALSE,FALSE
1991-01-27,East_Antarctica,0.790238084,0.11463597719855267,0.11463597719855267,0.31006724465958424,FALSE,FALSE
1991-01-28,East_Antarctica,0.77933214,0.11250677495126848,0.11250677495126848,0.31006724465958424,FALSE,FALSE
1991-01-29,East_Antarctica,0.768399861,0.1101360101195531,0.1101360101195531,0.31006724465958424,FALSE,FALSE
1991-01-30,East_Antarctica,0.749417252,0.09950190842735562,0.09950190842735562,0.31006724465958424,FALSE,FALSE
1991-01-31,East_Antarctica,0.764060167,0.12228254459862752,0.12228254459862752,0.31006724465958424,FALSE,FALSE
1991-02-01,East_Antarctica,0.768346376,0.1344979093573202,0.1344979093573202,0.31006724465958424,FALSE,FALSE
1991-02-02,East_Antarctica,0.754474367,0.12834871142738347,0.12834871142738347,0.31006724465958424,FALSE,FALSE
1991-02-03,East_Antarctica,0.722257738,0.10365076953276953,0.10365076953276953,0.31006724465958424,FALSE,FALSE
1991-02-04,East_Antarctica,0.678521271,0.06723108639742825,0.06723108639742825,0.31006724465958424,FALSE,FALSE
1991-02-05,East_Antarctica,0.619024395,0.01485131174531029,0.01485131174531029,0.31006724465958424,FALSE,FALSE
1991-02-06,East_Antarctica,0.635314747,0.03806130330036683,0.03806130330036683,0.31006724465958424,FALSE,FALSE
1991-02-07,East_Antarctica,0.609882226,0.0193531807865489,0.0193531807865489,0.31006724465958424,FALSE,FALSE
1991-02-08,East_Antarctica,0.63258818000000006,0.04859037368083985,0.04859037368083985,0.31006724465958424,FALSE,FALSE
1991-02-09,East_Antarctica,0.614997195,0.03732116561276233,0.03732116561276233,0.31006724465958424,FALSE,FALSE
1991-02-10,East_Antarctica,0.626471942,0.05485536415454772,0.05485536415454772,0.31006724465958424,FALSE,FALSE
1991-02-11,East_Antarctica,0.626878694,0.06100205613291565,0.06100205613291565,0.31006724465958424,FALSE,FALSE
1991-02-12,East_Antarctica,0.605563459,0.04505006337458606,0.04505006337458606,0.31006724465958424,FALSE,FALSE
1991-02-13,East_Antarctica,0.611098643,0.05551460570627753,0.05551460570627753,0.31006724465958424,FALSE,FALSE
1991-02-14,East_Antarctica,0.600205069,0.04905931995471069,0.04905931995471069,0.31006724465958424,FALSE,FALSE
1991-02-15,East_Antarctica,0.571634516,0.02437879894660444,0.02437879894660444,0.31006724465958424,FALSE,FALSE
1991-02-16,East_Antarctica,0.578335727,0.03436459950867721,0.03436459950867721,0.31006724465958424,FALSE,FALSE
1991-02-17,East_Antarctica,0.619002127,0.07765296046765002,0.07765296046765002,0.31006724465958424,FALSE,FALSE
1991-02-18,East_Antarctica,0.617747164,0.0783001436502414,0.0783001436502414,0.31006724465958424,FALSE,FALSE
1991-02-19,East_Antarctica,0.62261922,0.0842973448831722,0.0842973448831722,0.31006724465958424,FALSE,FALSE
1991-02-20,East_Antarctica,0.60359715,0.06556623299316056,0.06556623299316056,0.31006724465958424,FALSE,FALSE
1991-02-21,East_Antarctica,0.594462255,0.05583399849541537,0.05583399849541537,0.31006724465958424,FALSE,FALSE
1991-02-22,East_Antarctica,0.581501657,0.0413709414241733,0.0413709414241733,0.31006724465958424,FALSE,FALSE
1991-02-23,East_Antarctica,0.581317958,0.03878764776374299,0.03878764776374299,0.31006724465958424,FALSE,FALSE
1991-02-24,East_Antarctica,0.565565159,0.0197465509148903,0.0197465509148903,0.31006724465958424,FALSE,FALSE
1991-02-25,East_Antarctica,0.561355686,0.01136850927838117,0.01136850927838117,0.31006724465958424,FALSE,FALSE
1991-02-26,East_Antarctica,0.557823072,0.00279548825498354,0.00279548825498354,0.31006724465958424,FALSE,FALSE
1991-02-27,East_Antarctica,0.568160288,0.00722889124546166,0.00722889124546166,0.31006724465958424,FALSE,FALSE
1991-02-28,East_Antarctica,0.572443531,0.00475334765058332,0.00475334765058332,0.31006724465958424,FALSE,FALSE
1991-03-01,East_Antarctica,0.548224379,-0.02707113212888512,0.02707113212888512,0.31006724465958424,FALSE,FALSE
1991-03-02,East_Antarctica,0.56209269,-0.02164625769217787,0.02164625769217787,0.31006724465958424,FALSE,FALSE
1991-03-03,East_Antarctica,0.586106739,-0.00690532163852752,0.00690532163852752,0.31006724465958424,FALSE,FALSE
1991-03-04,East_Antarctica,0.586279319,-0.01682709856716913,0.01682709856716913,0.31006724465958424,FALSE,FALSE
1991-03-05,East_Antarctica,0.609501086,-0.00451249593456737,0.00451249593456737,0.31006724465958424,FALSE,FALSE
1991-03-06,East_Antarctica,0.625354905,-3.5480161669598775e-4,3.5480161669598775e-4,0.31006724465958424,FALSE,FALSE
1991-03-07,East_Antarctica,0.637586008,-5.347654931834311e-4,5.347654931834311e-4,0.31006724465958424,FALSE,FALSE
1991-03-08,East_Antarctica,0.661244293,0.01008172132007234,0.01008172132007234,0.31006724465958424,FALSE,FALSE
1991-03-09,East_Antarctica,0.697187737,0.03243684670717128,0.03243684670717128,0.31006724465958424,FALSE,FALSE
1991-03-10,East_Antarctica,0.716183569,0.03738205055221477,0.03738205055221477,0.31006724465958424,FALSE,FALSE
1991-03-11,East_Antarctica,0.752823165,0.05959291973930469,0.05959291973930469,0.31006724465958424,FALSE,FALSE
1991-03-12,East_Antarctica,0.783748763,0.07579590315254248,0.07579590315254248,0.31006724465958424,FALSE,FALSE
1991-03-13,East_Antarctica,0.780107634,0.05722248267602714,0.05722248267602714,0.31006724465958424,FALSE,FALSE
1991-03-14,East_Antarctica,0.798821935,0.06087902619386143,0.06087902619386143,0.31006724465958424,FALSE,FALSE
1991-03-15,East_Antarctica,0.813547864,0.06050594259014574,0.06050594259014574,0.31006724465958424,FALSE,FALSE
1991-03-16,East_Antarctica,0.826315578,0.05821759974898077,0.05821759974898077,0.31006724465958424,FALSE,FALSE
1991-03-17,East_Antarctica,0.81832204099999994,0.03529517255446979,0.03529517255446979,0.31006724465958424,FALSE,FALSE
1991-03-18,East_Antarctica,0.830549001,0.03280216939107228,0.03280216939107228,0.31006724465958424,FALSE,FALSE
1991-03-19,East_Antarctica,0.826267865,0.01403055677196052,0.01403055677196052,0.31006724465958424,FALSE,FALSE
1991-03-20,East_Antarctica,0.829962345,0.00342058958633573,0.00342058958633573,0.31006724465958424,FALSE,FALSE
1991-03-21,East_Antarctica,0.829559299,-0.01114734528399186,0.01114734528399186,0.31006724465958424,FALSE,FALSE
1991-03-22,East_Antarctica,0.843192949,-0.01158549695721489,0.01158549695721489,0.31006724465958424,FALSE,FALSE
1991-03-23,East_Antarctica,0.859486113,-0.00931751855152462,0.00931751855152462,0.31006724465958424,FALSE,FALSE
1991-03-24,East_Antarctica,0.865595721,-0.01723295118511192,0.01723295118511192,0.31006724465958424,FALSE,FALSE
1991-03-25,East_Antarctica,0.862117799,-0.03478223997616792,0.03478223997616792,0.31006724465958424,FALSE,FALSE
1991-03-26,East_Antarctica,0.872488939,-0.03857526404288602,0.03857526404288602,0.31006724465958424,FALSE,FALSE
1991-03-27,East_Antarctica,0.900990766,-0.0243768695034543,0.0243768695034543,0.31006724465958424,FALSE,FALSE
1991-03-28,East_Antarctica,0.90827634,-0.03158046747606791,0.03158046747606791,0.31006724465958424,FALSE,FALSE
1991-03-29,East_Antarctica,0.908278992,-0.04629919807891614,0.04629919807891614,0.31006724465958424,FALSE,FALSE
1991-03-30,East_Antarctica,0.90162473,-0.06795352443018954,0.06795352443018954,0.31006724465958424,FALSE,FALSE
1991-03-31,East_Antarctica,0.894471067,-0.0904236752645402,0.0904236752645402,0.31006724465958424,FALSE,FALSE
1991-04-01,East_Antarctica,0.881725431,-0.11879224921612308,0.11879224921612308,0.31006724465958424,FALSE,FALSE
1991-04-02,East_Antarctica,0.888985942,-0.12743493184112065,0.12743493184112065,0.31006724465958424,FALSE,FALSE
1991-04-03,East_Antarctica,0.900467569,-0.13211054628576202,0.13211054628576202,0.31006724465958424,FALSE,FALSE
1991-04-04,East_Antarctica,0.918594595,-0.1303686016962761,0.1303686016962761,0.31006724465958424,FALSE,FALSE
1991-04-05,East_Antarctica,0.954913093,-0.11063681721888984,0.11063681721888984,0.31006724465958424,FALSE,FALSE
1991-04-06,East_Antarctica,0.958029824,-0.12428222399983269,0.12428222399983269,0.31006724465958424,FALSE,FALSE
1991-04-07,East_Antarctica,0.965309654,-0.13391374818533375,0.13391374818533375,0.31006724465958424,FALSE,FALSE
1991-04-08,East_Antarctica,0.985762369,-0.1304953959216194,0.1304953959216194,0.31006724465958424,FALSE,FALSE
1991-04-09,East_Antarctica,0.983254296,-0.15013463235491897,0.15013463235491897,0.31006724465958424,FALSE,FALSE
1991-04-10,East_Antarctica,0.980605347,-0.16998533763146215,0.16998533763146215,0.31006724465958424,FALSE,FALSE
1991-04-11,East_Antarctica,0.977318563,-0.19051826289747453,0.19051826289747453,0.31006724465958424,FALSE,FALSE
1991-04-12,East_Antarctica,0.966478788,-0.21862251881106365,0.21862251881106365,0.31006724465958424,FALSE,FALSE
1991-04-13,East_Antarctica,0.998608059,-0.2037616052896415,0.2037616052896415,0.31006724465958424,FALSE,FALSE
1991-04-14,East_Antarctica,1.025876566,-0.19376996250121148,0.19376996250121148,0.31006724465958424,FALSE,FALSE
1991-04-15,East_Antarctica,1.050013199,-0.18692511400885303,0.18692511400885303,0.31006724465958424,FALSE,FALSE
1991-04-16,East_Antarctica,1.074639331,-0.17961210037564057,0.17961210037564057,0.31006724465958424,FALSE,FALSE
1991-04-17,East_Antarctica,1.125883909,-0.14570838816465548,0.14570838816465548,0.31006724465958424,FALSE,FALSE
1991-04-18,East_Antarctica,1.174023944,-0.11494337993897276,0.11494337993897276,0.31006724465958424,FALSE,FALSE
1991-04-19,East_Antarctica,1.203502756,-0.102880169261669,0.102880169261669,0.31006724465958424,FALSE,FALSE
1991-04-20,East_Antarctica,1.214254104,-0.10959141069582357,0.10959141069582357,0.31006724465958424,FALSE,FALSE
1991-04-21,East_Antarctica,1.21258481,-0.12877669580451356,0.12877669580451356,0.31006724465958424,FALSE,FALSE
1991-04-22,East_Antarctica,1.215605181,-0.14333213115081667,0.14333213115081667,0.31006724465958424,FALSE,FALSE
1991-04-23,East_Antarctica,1.205923264,-0.17065608329781146,0.17065608329781146,0.31006724465958424,FALSE,FALSE
1991-04-24,East_Antarctica,1.193083147,-0.2012108778085724,0.2012108778085724,0.31006724465958424,FALSE,FALSE
1991-04-25,East_Antarctica,1.17679855,-0.23528860208607805,0.23528860208607805,0.31006724465958424,FALSE,FALSE
1991-04-26,East_Antarctica,1.146203982,-0.28375479755048416,0.28375479755048416,0.31006724465958424,FALSE,FALSE
1991-04-27,East_Antarctica,1.144408728,-0.3034970482795729,0.3034970482795729,0.31006724465958424,FALSE,FALSE
1991-04-28,East_Antarctica,1.1510779820000001,-0.31484699583919573,0.31484699583919573,0.31006724465958424,TRUE,FALSE
1991-04-29,East_Antarctica,1.179466118,-0.3045471017952075,0.3045471017952075,0.31006724465958424,FALSE,FALSE
1991-04-30,East_Antarctica,1.242052927,-0.260114410713459,0.260114410713459,0.31006724465958424,FALSE,FALSE
1991-05-01,East_Antarctica,1.270917053,-0.2494671141598046,0.2494671141598046,0.31006724465958424,FALSE,FALSE
1991-05-02,East_Antarctica,1.281235142,-0.2574254017000974,0.2574254017000974,0.31006724465958424,FALSE,FALSE
1991-05-03,East_Antarctica,1.291494208,-0.2654990949001881,0.2654990949001881,0.31006724465958424,FALSE,FALSE
1991-05-04,East_Antarctica,1.308337888,-0.26704139232593227,0.26704139232593227,0.31006724465958424,FALSE,FALSE
1991-05-05,East_Antarctica,1.33168711,-0.2621282015431814,0.2621282015431814,0.31006724465958424,FALSE,FALSE
1991-05-06,East_Antarctica,1.333399201,-0.2788990311177879,0.2788990311177879,0.31006724465958424,FALSE,FALSE
1991-05-07,East_Antarctica,1.349620662,-0.2812042126190999,0.2812042126190999,0.31006724465958424,FALSE,FALSE
1991-05-08,East_Antarctica,1.37603372,-0.2733566810171735,0.2733566810171735,0.31006724465958424,FALSE,FALSE
1991-05-09,East_Antarctica,1.416113039,-0.251872488028015,0.251872488028015,0.31006724465958424,FALSE,FALSE
1991-05-10,East_Antarctica,1.432900991,-0.25369924579862313,0.25369924579862313,0.31006724465958424,FALSE,FALSE
1991-05-11,East_Antarctica,1.51663388,-0.188590634475992,0.188590634475992,0.31006724465958424,FALSE,FALSE
1991-05-12,East_Antarctica,1.583437105,-0.14041123920712018,0.14041123920712018,0.31006724465958424,FALSE,FALSE
1991-05-13,East_Antarctica,1.604796415,-0.13766529513900028,0.13766529513900028,0.31006724465958424,FALSE,FALSE
1991-05-14,East_Antarctica,1.627999931,-0.13305466541863087,0.13305466541863087,0.31006724465958424,FALSE,FALSE
1991-05-15,East_Antarctica,1.642303783,-0.13731320419300674,0.13731320419300674,0.31006724465958424,FALSE,FALSE
1991-05-16,East_Antarctica,1.663713337,-0.13442552960912635,0.13442552960912635,0.31006724465958424,FALSE,FALSE
1991-05-17,East_Antarctica,1.699487135,-0.11712308381398162,0.11712308381398162,0.31006724465958424,FALSE,FALSE
1991-05-18,East_Antarctica,1.717949457,-0.1170715709545751,0.1170715709545751,0.31006724465958424,FALSE,FALSE
1991-05-19,East_Antarctica,1.723323656,-0.13003762217789716,0.13003762217789716,0.31006724465958424,FALSE,FALSE
1991-05-20,East_Antarctica,1.707886755,-0.16373376904870618,0.16373376904870618,0.31006724465958424,FALSE,FALSE
1991-05-21,East_Antarctica,1.700719582,-0.18906089940956416,0.18906089940956416,0.31006724465958424,FALSE,FALSE
1991-05-22,East_Antarctica,1.70964727,-0.19816874753853275,0.19816874753853275,0.31006724465958424,FALSE,FALSE
1991-05-23,East_Antarctica,1.697599092,-0.2281026772956527,0.2281026772956527,0.31006724465958424,FALSE,FALSE
1991-05-24,East_Antarctica,1.710083048,-0.2333293255409772,0.2333293255409772,0.31006724465958424,FALSE,FALSE
1991-05-25,East_Antarctica,1.705932403,-0.2549900641345513,0.2549900641345513,0.31006724465958424,FALSE,FALSE
1991-05-26,East_Antarctica,1.711388259,-0.2668184279364214,0.2668184279364214,0.31006724465958424,FALSE,FALSE
1991-05-27,East_Antarctica,1.727542929,-0.2676967408066342,0.2676967408066342,0.31006724465958424,FALSE,FALSE
1991-05-28,East_Antarctica,1.734699432,-0.27729662060523785,0.27729662060523785,0.31006724465958424,FALSE,FALSE
1991-05-29,East_Antarctica,1.79013523,-0.2383152421922794,0.2383152421922794,0.31006724465958424,FALSE,FALSE
1991-05-30,East_Antarctica,1.854931085,-0.18964648042780308,0.18964648042780308,0.31006724465958424,FALSE,FALSE
1991-05-31,East_Antarctica,1.923738419,-0.1366135501718604,0.1366135501718604,0.31006724465958424,FALSE,FALSE
1991-06-01,East_Antarctica,1.922363783,-0.15338453728449442,0.15338453728449442,0.31006724465958424,FALSE,FALSE
1991-06-02,East_Antarctica,1.931239105,-0.15951458571261456,0.15951458571261456,0.31006724465958424,FALSE,FALSE
1991-06-03,East_Antarctica,1.931349181,-0.17406113680645485,0.17406113680645485,0.31006724465958424,FALSE,FALSE
1991-06-04,East_Antarctica,1.917749355,-0.20202637626341047,0.20202637626341047,0.31006724465958424,FALSE,FALSE
1991-06-05,East_Antarctica,1.945774856,-0.1881326053473431,0.1881326053473431,0.31006724465958424,FALSE,FALSE
1991-06-06,East_Antarctica,1.946424817,-0.20143822132211753,0.20143822132211753,0.31006724465958424,FALSE,FALSE
1991-06-07,East_Antarctica,1.930192332,-0.2315076604515942,0.2315076604515942,0.31006724465958424,FALSE,FALSE
1991-06-08,East_Antarctica,1.930943354,-0.2445324999996368,0.2445324999996368,0.31006724465958424,FALSE,FALSE
1991-06-09,East_Antarctica,1.902806771,-0.28644138223010907,0.28644138223010907,0.31006724465958424,FALSE,FALSE
1991-06-10,East_Antarctica,1.887852236,-0.3152221844068688,0.3152221844068688,0.31006724465958424,TRUE,FALSE
1991-06-11,East_Antarctica,1.887287045,-0.32972514079378423,0.32972514079378423,0.31006724465958424,TRUE,FALSE
1991-06-12,East_Antarctica,1.908765713,-0.32235326665471464,0.32235326665471464,0.31006724465958424,TRUE,FALSE
1991-06-13,East_Antarctica,1.981798023,-0.26365430925352307,0.26365430925352307,0.31006724465958424,FALSE,FALSE
1991-06-14,East_Antarctica,2.085040646,-0.1750279955902343,0.1750279955902343,0.31006724465958424,FALSE,FALSE
1991-06-15,East_Antarctica,2.111070708,-0.16390368277903944,0.16390368277903944,0.31006724465958424,FALSE,FALSE
1991-06-16,East_Antarctica,2.116768229,-0.17333935791779087,0.17333935791779087,0.31006724465958424,FALSE,FALSE
1991-06-17,East_Antarctica,2.085595747,-0.219805528900205,0.219805528900205,0.31006724465958424,FALSE,FALSE
1991-06-18,East_Antarctica,2.078134815,-0.2426536886199857,0.2426536886199857,0.31006724465958424,FALSE,FALSE
1991-06-19,East_Antarctica,2.115881227,-0.2203210889708509,0.2203210889708509,0.31006724465958424,FALSE,FALSE
1991-06-20,East_Antarctica,2.120192115,-0.23138364384651,0.23138364384651,0.31006724465958424,FALSE,FALSE
1991-06-21,East_Antarctica,2.151097194,-0.21574468414067335,0.21574468414067335,0.31006724465958424,FALSE,FALSE
1991-06-22,East_Antarctica,2.165803854,-0.2161298657470554,0.2161298657470554,0.31006724465958424,FALSE,FALSE
1991-06-23,East_Antarctica,2.179829677,-0.21695465255936552,0.21695465255936552,0.31006724465958424,FALSE,FALSE
1991-06-24,East_Antarctica,2.18816873,-0.2231580234713149,0.2231580234713149,0.31006724465958424,FALSE,FALSE
1991-06-25,East_Antarctica,2.169555534,-0.2559385033766186,0.2559385033766186,0.31006724465958424,FALSE,FALSE
1991-06-26,East_Antarctica,2.136260032,-0.30295919516898273,0.30295919516898273,0.31006724465958424,FALSE,FALSE
1991-06-27,East_Antarctica,2.1255542100000002,-0.3268906784993537,0.3268906784993537,0.31006724465958424,TRUE,TRUE
1991-06-28,East_Antarctica,2.121690519,-0.3434950041146414,0.3434950041146414,0.31006724465958424,TRUE,TRUE
1991-06-29,East_Antarctica,2.134280498,-0.34320800519169437,0.34320800519169437,0.31006724465958424,TRUE,TRUE
1991-06-30,East_Antarctica,2.131482177,-0.3579191929110155,0.3579191929110155,0.31006724465958424,TRUE,TRUE
1991-07-01,East_Antarctica,2.17899212,-0.3219795444531135,0.3219795444531135,0.31006724465958424,TRUE,TRUE
1991-07-02,East_Antarctica,2.204326996,-0.3079199319984993,0.3079199319984993,0.31006724465958424,FALSE,FALSE
1991-07-03,East_Antarctica,2.204056449,-0.31921825272767546,0.31921825272767546,0.31006724465958424,TRUE,TRUE
1991-07-04,East_Antarctica,2.195743884,-0.3383586428211518,0.3383586428211518,0.31006724465958424,TRUE,TRUE
1991-07-05,East_Antarctica,2.175646422,-0.3691315224594347,0.3691315224594347,0.31006724465958424,TRUE,TRUE
1991-07-06,East_Antarctica,2.167685018,-0.3876634778230321,0.3876634778230321,0.31006724465958424,TRUE,TRUE
1991-07-07,East_Antarctica,2.224943302,-0.34091842009245044,0.34091842009245044,0.31006724465958424,TRUE,TRUE
1991-07-08,East_Antarctica,2.256943189,-0.31942197544819617,0.31942197544819617,0.31006724465958424,TRUE,TRUE
1991-07-09,East_Antarctica,2.275551233,-0.31135507362662684,0.31135507362662684,0.31006724465958424,TRUE,TRUE
1991-07-10,East_Antarctica,2.309992481,-0.28752897874252614,0.28752897874252614,0.31006724465958424,FALSE,FALSE
1991-07-11,East_Antarctica,2.338444595,-0.2697778889138527,0.2697778889138527,0.31006724465958424,FALSE,FALSE
1991-07-12,East_Antarctica,2.345665277,-0.2733527265039659,0.2733527265039659,0.31006724465958424,FALSE,FALSE
1991-07-13,East_Antarctica,2.348550933,-0.2813657098762281,0.2813657098762281,0.31006724465958424,FALSE,FALSE
1991-07-14,East_Antarctica,2.365480056,-0.2754469703939928,0.2754469703939928,0.31006724465958424,FALSE,FALSE
1991-07-15,East_Antarctica,2.364083986,-0.2879737924206207,0.2879737924206207,0.31006724465958424,FALSE,FALSE
1991-07-16,East_Antarctica,2.406524116,-0.256793407319468,0.256793407319468,0.31006724465958424,FALSE,FALSE
1991-07-17,East_Antarctica,2.429194691,-0.24552019445389608,0.24552019445389608,0.31006724465958424,FALSE,FALSE
1991-07-18,East_Antarctica,2.476826657,-0.20943183218726036,0.20943183218726036,0.31006724465958424,FALSE,FALSE
1991-07-19,East_Antarctica,2.506508629,-0.19144832988292215,0.19144832988292215,0.31006724465958424,FALSE,FALSE
1991-07-20,East_Antarctica,2.556748816,-0.15307010290423673,0.15307010290423673,0.31006724465958424,FALSE,FALSE
1991-07-21,East_Antarctica,2.592390333,-0.12946266061456413,0.12946266061456413,0.31006724465958424,FALSE,FALSE
1991-07-22,East_Antarctica,2.608873509,-0.125191741786026,0.125191741786026,0.31006724465958424,FALSE,FALSE
1991-07-23,East_Antarctica,2.595921668,-0.1505048033574936,0.1505048033574936,0.31006724465958424,FALSE,FALSE
1991-07-24,East_Antarctica,2.583093357,-0.17578835729469677,0.17578835729469677,0.31006724465958424,FALSE,FALSE
1991-07-25,East_Antarctica,2.626646307,-0.14472914808892412,0.14472914808892412,0.31006724465958424,FALSE,FALSE
1991-07-26,East_Antarctica,2.723143405,-0.06070876423146476,0.06070876423146476,0.31006724465958424,FALSE,FALSE
1991-07-27,East_Antarctica,2.741279699,-0.05497663321361168,0.05497663321361168,0.31006724465958424,FALSE,FALSE
1991-07-28,East_Antarctica,2.696311673,-0.1122207465266536,0.1122207465266536,0.31006724465958424,FALSE,FALSE
1991-07-29,East_Antarctica,2.661365133,-0.15925977366187727,0.15925977366187727,0.31006724465958424,FALSE,FALSE
1991-07-30,East_Antarctica,2.655911709,-0.17656656011057592,0.17656656011057592,0.31006724465958424,FALSE,FALSE
1991-07-31,East_Antarctica,2.681735485,-0.16230149736403865,0.16230149736403865,0.31006724465958424,FALSE,FALSE
1991-08-01,East_Antarctica,2.719644175,-0.1356013469135533,0.1356013469135533,0.31006724465958424,FALSE,FALSE
1991-08-02,East_Antarctica,2.716594127,-0.14945423625041432,0.14945423625041432,0.31006724465958424,FALSE,FALSE
1991-08-03,East_Antarctica,2.699928093,-0.1764618895990684,0.1764618895990684,0.31006724465958424,FALSE,FALSE
1991-08-04,East_Antarctica,2.701509568,-0.18472508061779136,0.18472508061779136,0.31006724465958424,FALSE,FALSE
1991-08-05,East_Antarctica,2.702126641,-0.1934913879190621,0.1934913879190621,0.31006724465958424,FALSE,FALSE
1991-08-06,East_Antarctica,2.753222309,-0.15136957648146154,0.15136957648146154,0.31006724465958424,FALSE,FALSE
1991-08-07,East_Antarctica,2.861953018,-0.05125496228357074,0.05125496228357074,0.31006724465958424,FALSE,FALSE
1991-08-08,East_Antarctica,2.891437392,-0.03008068330396929,0.03008068330396929,0.31006724465958424,FALSE,FALSE
1991-08-09,East_Antarctica,2.857974323,-0.07159960952123745,0.07159960952123745,0.31006724465958424,FALSE,FALSE
1991-08-10,East_Antarctica,2.819240314,-0.11818699991395754,0.11818699991395754,0.31006724465958424,FALSE,FALSE
1991-08-11,East_Antarctica,2.841093814,-0.10403616746070864,0.10403616746070864,0.31006724465958424,FALSE,FALSE
1991-08-12,East_Antarctica,2.891240726,-0.06149297114007224,0.06149297114007224,0.31006724465958424,FALSE,FALSE
1991-08-13,East_Antarctica,2.937918546,-0.02237167693062858,0.02237167693062858,0.31006724465958424,FALSE,FALSE
1991-08-14,East_Antarctica,2.969389546,0.00153822518904345,0.00153822518904345,0.31006724465958424,FALSE,FALSE
1991-08-15,East_Antarctica,3.014191677,0.03872292424036194,0.03872292424036194,0.31006724465958424,FALSE,FALSE
1991-08-16,East_Antarctica,2.989332352,0.00613960354047193,0.00613960354047193,0.31006724465958424,FALSE,FALSE
1991-08-17,East_Antarctica,2.928463392,-0.06256460216568716,0.06256460216568716,0.31006724465958424,FALSE,FALSE
1991-08-18,East_Antarctica,2.884661669,-0.11426537908819068,0.11426537908819068,0.31006724465958424,FALSE,FALSE
1991-08-19,East_Antarctica,2.871042969,-0.13579664268551506,0.13579664268551506,0.31006724465958424,FALSE,FALSE
1991-08-20,East_Antarctica,2.872153163,-0.14256222341612412,0.14256222341612412,0.31006724465958424,FALSE,FALSE
1991-08-21,East_Antarctica,2.885295058,-0.13720901573848954,0.13720901573848954,0.31006724465958424,FALSE,FALSE
1991-08-22,East_Antarctica,2.860164545,-0.16999083011108063,0.16999083011108063,0.31006724465958424,FALSE,FALSE
1991-08-23,East_Antarctica,2.884606749,-0.15301224299236793,0.15301224299236793,0.31006724465958424,FALSE,FALSE
1991-08-24,East_Antarctica,2.924861821,-0.11998280484081868,0.11998280484081868,0.31006724465958424,FALSE,FALSE
1991-08-25,East_Antarctica,2.981981352,-0.0698006261149029,0.0698006261149029,0.31006724465958424,FALSE,FALSE
1991-08-26,East_Antarctica,3.006984312,-0.0513964382730907,0.0513964382730907,0.31006724465958424,FALSE,FALSE
1991-08-27,East_Antarctica,2.99197492,-0.07261572377385139,0.07261572377385139,0.31006724465958424,FALSE,FALSE
1991-08-28,East_Antarctica,2.960427827,-0.1099335330756519,0.1099335330756519,0.31006724465958424,FALSE,FALSE
1991-08-29,East_Antarctica,2.948741505,-0.1269100872619351,0.1269100872619351,0.31006724465958424,FALSE,FALSE
1991-08-30,East_Antarctica,2.920312937,-0.16016174477923784,0.16016174477923784,0.31006724465958424,FALSE,FALSE
1991-08-31,East_Antarctica,2.933409495,-0.151455008205013,0.151455008205013,0.31006724465958424,FALSE,FALSE
1991-09-01,East_Antarctica,2.957135249,-0.13171971894641032,0.13171971894641032,0.31006724465958424,FALSE,FALSE
1991-09-02,East_Antarctica,2.961494757,-0.1309852304105772,0.1309852304105772,0.31006724465958424,FALSE,FALSE
1991-09-03,East_Antarctica,2.945325278,-0.15044819500466566,0.15044819500466566,0.31006724465958424,FALSE,FALSE
1991-09-04,East_Antarctica,2.934477183,-0.1642921531358188,0.1642921531358188,0.31006724465958424,FALSE,FALSE
1991-09-05,East_Antarctica,2.924524135,-0.17697735321118735,0.17697735321118735,0.31006724465958424,FALSE,FALSE
1991-09-06,East_Antarctica,2.975038824,-0.12896501663792082,0.12896501663792082,0.31006724465958424,FALSE,FALSE
1991-09-07,East_Antarctica,3.085955531,-0.0203547738231653,0.0203547738231653,0.31006724465958424,FALSE,FALSE
1991-09-08,East_Antarctica,3.2094554,0.10100060782592556,0.10100060782592556,0.31006724465958424,FALSE,FALSE
1991-09-09,East_Antarctica,3.244118058,0.13364684390221182,0.13364684390221182,0.31006724465958424,FALSE,FALSE
1991-09-10,East_Antarctica,3.222858516,0.1104650858064753,0.1104650858064753,0.31006724465958424,FALSE,FALSE
1991-09-11,East_Antarctica,3.180021581,0.06577119915217988,0.06577119915217988,0.31006724465958424,FALSE,FALSE
1991-09-12,East_Antarctica,3.232723447,0.1166613365900897,0.1166613365900897,0.31006724465958424,FALSE,FALSE
1991-09-13,East_Antarctica,3.213995115,0.09614739486730928,0.09614739486730928,0.31006724465958424,FALSE,FALSE
1991-09-14,East_Antarctica,3.186838107,0.0672117917309456,0.0672117917309456,0.31006724465958424,FALSE,FALSE
1991-09-15,East_Antarctica,3.130712834,0.00929583392809974,0.00929583392809974,0.31006724465958424,FALSE,FALSE
1991-09-16,East_Antarctica,3.113380291,-0.00985858779412174,0.00985858779412174,0.31006724465958424,FALSE,FALSE
1991-09-17,East_Antarctica,3.082413415,-0.04269764068861503,0.04269764068861503,0.31006724465958424,FALSE,FALSE
1991-09-18,East_Antarctica,3.126072433,-9.802020082756435e-4,9.802020082756435e-4,0.31006724465958424,FALSE,FALSE
1991-09-19,East_Antarctica,3.171341282,0.04225856099400138,0.04225856099400138,0.31006724465958424,FALSE,FALSE
1991-09-20,East_Antarctica,3.179456703,0.04823628506532085,0.04823628506532085,0.31006724465958424,FALSE,FALSE
1991-09-21,East_Antarctica,3.149211684,0.01572685395278528,0.01572685395278528,0.31006724465958424,FALSE,FALSE
1991-09-22,East_Antarctica,3.141668269,0.00577320740350062,0.00577320740350062,0.31006724465958424,FALSE,FALSE
1991-09-23,East_Antarctica,3.083714694,-0.05474943587983638,0.05474943587983638,0.31006724465958424,FALSE,FALSE
1991-09-24,East_Antarctica,3.024026834,-0.1171130504871054,0.1171130504871054,0.31006724465958424,FALSE,FALSE
1991-09-25,East_Antarctica,2.969027646,-0.1748029972750973,0.1748029972750973,0.31006724465958424,FALSE,FALSE
1991-09-26,East_Antarctica,2.991730275,-0.1547138944267732,0.1547138944267732,0.31006724465958424,FALSE,FALSE
1991-09-27,East_Antarctica,3.015552061,-0.13333616512510016,0.13333616512510016,0.31006724465958424,FALSE,FALSE
1991-09-28,East_Antarctica,3.026715041,-0.12435553555303835,0.12435553555303835,0.31006724465958424,FALSE,FALSE
1991-09-29,East_Antarctica,3.039942667,-0.1129563168935528,0.1129563168935528,0.31006724465958424,FALSE,FALSE
1991-09-30,East_Antarctica,3.050146797,-0.1041344143296059,0.1041344143296059,0.31006724465958424,FALSE,FALSE
1991-10-01,East_Antarctica,3.029945794,-0.12517922804416193,0.12517922804416193,0.31006724465958424,FALSE,FALSE
1991-10-02,East_Antarctica,2.983333112,-0.17200506722018272,0.17200506722018272,0.31006724465958424,FALSE,FALSE
1991-10-03,East_Antarctica,2.974739522,-0.18008892404063026,0.18008892404063026,0.31006724465958424,FALSE,FALSE
1991-10-04,East_Antarctica,2.963176625,-0.190326960688473,0.190326960688473,0.31006724465958424,FALSE,FALSE
1991-10-05,East_Antarctica,2.956084981,-0.19518640810745855,0.19518640810745855,0.31006724465958424,FALSE,FALSE
1991-10-06,East_Antarctica,2.92074291,-0.2273303175142933,0.2273303175142933,0.31006724465958424,FALSE,FALSE
1991-10-07,East_Antarctica,2.891322927,-0.2526263231539305,0.2526263231539305,0.31006724465958424,FALSE,FALSE
1991-10-08,East_Antarctica,2.901534677,-0.23742300051680632,0.23742300051680632,0.31006724465958424,FALSE,FALSE
1991-10-09,East_Antarctica,2.88500563,-0.2481511000933576,0.2481511000933576,0.31006724465958424,FALSE,FALSE
1991-10-10,East_Antarctica,2.88783341,-0.23877121837401785,0.23877121837401785,0.31006724465958424,FALSE,FALSE
1991-10-11,East_Antarctica,2.882513539,-0.23684605384922144,0.23684605384922144,0.31006724465958424,FALSE,FALSE
1991-10-12,East_Antarctica,2.892460049,-0.21901979500941016,0.21901979500941016,0.31006724465958424,FALSE,FALSE
1991-10-13,East_Antarctica,2.891178302,-0.21184530034501492,0.21184530034501492,0.31006724465958424,FALSE,FALSE
1991-10-14,East_Antarctica,2.910376932,-0.18367215634647183,0.18367215634647183,0.31006724465958424,FALSE,FALSE
1991-10-15,East_Antarctica,2.944522964,-0.14009155850421795,0.14009155850421795,0.31006724465958424,FALSE,FALSE
1991-10-16,East_Antarctica,2.967931478,-0.10684664730868444,0.10684664730868444,0.31006724465958424,FALSE,FALSE
1991-10-17,East_Antarctica,2.938994712,-0.125603405250315,0.125603405250315,0.31006724465958424,FALSE,FALSE
1991-10-18,East_Antarctica,2.885726385,-0.1684030339750815,0.1684030339750815,0.31006724465958424,FALSE,FALSE
1991-10-19,East_Antarctica,2.849041755,-0.19431510841045177,0.19431510841045177,0.31006724465958424,FALSE,FALSE
1991-10-20,East_Antarctica,2.855202849,-0.17699542955339886,0.17699542955339886,0.31006724465958424,FALSE,FALSE
1991-10-21,East_Antarctica,2.842295621,-0.1782731885051314,0.1782731885051314,0.31006724465958424,FALSE,FALSE
1991-10-22,East_Antarctica,2.848967939,-0.15941566236686588,0.15941566236686588,0.31006724465958424,FALSE,FALSE
1991-10-23,East_Antarctica,2.867448696,-0.1281091032398085,0.1281091032398085,0.31006724465958424,FALSE,FALSE
1991-10-24,East_Antarctica,2.834934758,-0.14707179022517458,0.14707179022517458,0.31006724465958424,FALSE,FALSE
1991-10-25,East_Antarctica,2.825432006,-0.142212987424176,0.142212987424176,0.31006724465958424,FALSE,FALSE
1991-10-26,East_Antarctica,2.819459001,-0.13292927893802275,0.13292927893802275,0.31006724465958424,FALSE,FALSE
1991-10-27,East_Antarctica,2.828921386,-0.10723016686792786,0.10723016686792786,0.31006724465958424,FALSE,FALSE
1991-10-28,East_Antarctica,2.835117887,-0.08373207031510432,0.08373207031510432,0.31006724465958424,FALSE,FALSE
1991-10-29,East_Antarctica,2.837210787,-0.06318785138076244,0.06318785138076244,0.31006724465958424,FALSE,FALSE
1991-10-30,East_Antarctica,2.829606498,-0.05110624316611512,0.05110624316611512,0.31006724465958424,FALSE,FALSE
1991-10-31,East_Antarctica,2.807744652,-0.05197516941974989,0.05197516941974989,0.31006724465958424,FALSE,FALSE
1991-11-01,East_Antarctica,2.803140402,-0.03426812079150965,0.03426812079150965,0.31006724465958424,FALSE,FALSE
1991-11-02,East_Antarctica,2.77832896,-0.03545729276069354,0.03545729276069354,0.31006724465958424,FALSE,FALSE
1991-11-03,East_Antarctica,2.729237947,-0.05962247685081667,0.05962247685081667,0.31006724465958424,FALSE,FALSE
1991-11-04,East_Antarctica,2.701595012,-0.06104343658538935,0.06104343658538935,0.31006724465958424,FALSE,FALSE
1991-11-05,East_Antarctica,2.67023555,-0.06489218948792086,0.06489218948792086,0.31006724465958424,FALSE,FALSE
1991-11-06,East_Antarctica,2.617485648,-0.08885006108192828,0.08885006108192828,0.31006724465958424,FALSE,FALSE
1991-11-07,East_Antarctica,2.590736435,-0.08553333489091841,0.08553333489091841,0.31006724465958424,FALSE,FALSE
1991-11-08,East_Antarctica,2.556438118,-0.08849921643840641,0.08849921643840641,0.31006724465958424,FALSE,FALSE
1991-11-09,East_Antarctica,2.524686913,-0.08765890224790285,0.08765890224790285,0.31006724465958424,FALSE,FALSE
1991-11-10,East_Antarctica,2.506753033,-0.07174959184291829,0.07174959184291829,0.31006724465958424,FALSE,FALSE
1991-11-11,East_Antarctica,2.434816801,-0.1085983747469661,0.1085983747469661,0.31006724465958424,FALSE,FALSE
1991-11-12,East_Antarctica,2.374972892,-0.13211889604826332,0.13211889604826332,0.31006724465958424,FALSE,FALSE
1991-11-13,East_Antarctica,2.292341067,-0.17724992040706722,0.17724992040706722,0.31006724465958424,FALSE,FALSE
1991-11-14,East_Antarctica,2.260048289,-0.17099847993442863,0.17099847993442863,0.31006724465958424,FALSE,FALSE
1991-11-15,East_Antarctica,2.18522394,-0.2063754127277204,0.2063754127277204,0.31006724465958424,FALSE,FALSE
1991-11-16,East_Antarctica,2.079486253,-0.2719027058843193,0.2719027058843193,0.31006724465958424,FALSE,FALSE
1991-11-17,East_Antarctica,2.041584751,-0.26897105650159814,0.26897105650159814,0.31006724465958424,FALSE,FALSE
1991-11-18,East_Antarctica,2.009135582,-0.2601045366769359,0.2601045366769359,0.31006724465958424,FALSE,FALSE
1991-11-19,East_Antarctica,1.971862302,-0.25571981050770676,0.25571981050770676,0.31006724465958424,FALSE,FALSE
1991-11-20,East_Antarctica,1.949177002,-0.23654500709128423,0.23654500709128423,0.31006724465958424,FALSE,FALSE
1991-11-21,East_Antarctica,1.933303959,-0.21049606952504463,0.21049606952504463,0.31006724465958424,FALSE,FALSE
1991-11-22,East_Antarctica,1.83329797,-0.2686584209063636,0.2686584209063636,0.31006724465958424,FALSE,FALSE
1991-11-23,East_Antarctica,1.813701258,-0.24663005833261795,0.24663005833261795,0.31006724465958424,FALSE,FALSE
1991-11-24,East_Antarctica,1.748912579,-0.2701524459011806,0.2701524459011806,0.31006724465958424,FALSE,FALSE
1991-11-25,East_Antarctica,1.676279528,-0.30200972106566226,0.30200972106566226,0.31006724465958424,FALSE,FALSE
1991-11-26,East_Antarctica,1.641804924,-0.29625901021076917,0.29625901021076917,0.31006724465958424,FALSE,FALSE
1991-11-27,East_Antarctica,1.601450368,-0.2969625613218603,0.2969625613218603,0.31006724465958424,FALSE,FALSE
1991-11-28,East_Antarctica,1.557397988,-0.30196182197503285,0.30196182197503285,0.31006724465958424,FALSE,FALSE
1991-11-29,East_Antarctica,1.52209888,-0.29882927174638896,0.29882927174638896,0.31006724465958424,FALSE,FALSE
1991-11-30,East_Antarctica,1.468357985,-0.31478354521202423,0.31478354521202423,0.31006724465958424,TRUE,FALSE
1991-12-01,East_Antarctica,1.457008965,-0.28901455594803993,0.28901455594803993,0.31006724465958424,FALSE,FALSE
1991-12-02,East_Antarctica,1.427741173,-0.2818565265305333,0.2818565265305333,0.31006724465958424,FALSE,FALSE
1991-12-03,East_Antarctica,1.357295899,-0.3165917425356053,0.3165917425356053,0.31006724465958424,TRUE,TRUE
1991-12-04,East_Antarctica,1.307615404,-0.33130151853935397,0.33130151853935397,0.31006724465958424,TRUE,TRUE
1991-12-05,East_Antarctica,1.24402026,-0.36068885811787776,0.36068885811787776,0.31006724465958424,TRUE,TRUE
1991-12-06,East_Antarctica,1.261139906,-0.31014789784727737,0.31014789784727737,0.31006724465958424,TRUE,TRUE
1991-12-07,East_Antarctica,1.228569543,-0.31010698831779626,0.31010698831779626,0.31006724465958424,TRUE,TRUE
1991-12-08,East_Antarctica,1.197123943,-0.30976746314303716,0.30976746314303716,0.31006724465958424,FALSE,FALSE
1991-12-09,East_Antarctica,1.178080593,-0.2978499839749489,0.2978499839749489,0.31006724465958424,FALSE,FALSE
1991-12-10,East_Antarctica,1.162364447,-0.283425092821904,0.283425092821904,0.31006724465958424,FALSE,FALSE
1991-12-11,East_Antarctica,1.154532402,-0.26193138869228294,0.26193138869228294,0.31006724465958424,FALSE,FALSE
1991-12-12,East_Antarctica,1.16430401,-0.22364481559446237,0.22364481559446237,0.31006724465958424,FALSE,FALSE
1991-12-13,East_Antarctica,1.146880708,-0.21335943253681644,0.21335943253681644,0.31006724465958424,FALSE,FALSE
1991-12-14,East_Antarctica,1.114223978,-0.2191092535277228,0.2191092535277228,0.31006724465958424,FALSE,FALSE
1991-12-15,East_Antarctica,1.075095376,-0.23212821857555777,0.23212821857555777,0.31006724465958424,FALSE,FALSE
1991-12-16,East_Antarctica,1.066733831,-0.2151728946886977,0.2151728946886977,0.31006724465958424,FALSE,FALSE
1991-12-17,East_Antarctica,1.048103917,-0.20927420387551932,0.20927420387551932,0.31006724465958424,FALSE,FALSE
1991-12-18,East_Antarctica,1.038362171,-0.1952711051444005,0.1952711051444005,0.31006724465958424,FALSE,FALSE
1991-12-19,East_Antarctica,1.043722907,-0.16694478050371497,0.16694478050371497,0.31006724465958424,FALSE,FALSE
1991-12-20,East_Antarctica,1.040366535,-0.14810950947833423,0.14810950947833423,0.31006724465958424,FALSE,FALSE
1991-12-21,East_Antarctica,1.028653731,-0.1383865535343587,0.1383865535343587,0.31006724465958424,FALSE,FALSE
1991-12-22,East_Antarctica,1.036446493,-0.10988567317681186,0.10988567317681186,0.31006724465958424,FALSE,FALSE
1991-12-23,East_Antarctica,1.028544472,-0.09777869225439773,0.09777869225439773,0.31006724465958424,FALSE,FALSE
1991-12-24,East_Antarctica,1.005611262,-0.10137349161581932,0.10137349161581932,0.31006724465958424,FALSE,FALSE
1991-12-25,East_Antarctica,1.015790903,-0.07249750610978056,0.07249750610978056,0.31006724465958424,FALSE,FALSE
1991-12-26,East_Antarctica,1.011633568,-0.05857203758498586,0.05857203758498586,0.31006724465958424,FALSE,FALSE
1991-12-27,East_Antarctica,1.001305602,-0.05140221589013949,0.05140221589013949,0.31006724465958424,FALSE,FALSE
1991-12-28,East_Antarctica,0.992228538,-0.04353798287394461,0.04353798287394461,0.31006724465958424,FALSE,FALSE
1991-12-29,East_Antarctica,0.978466233,-0.04088695638510353,0.04088695638510353,0.31006724465958424,FALSE,FALSE
1991-12-30,East_Antarctica,0.965568348,-0.03787095027232146,0.03787095027232146,0.31006724465958424,FALSE,FALSE
1991-12-31,East_Antarctica,0.966250134,-0.02174618838430453,0.02174618838430453,0.31006724465958424,FALSE,FALSE
1992-01-01,East_Antarctica,0.960779136,-0.01221660056975404,0.01221660056975404,0.31006724465958424,FALSE,FALSE
1992-01-02,East_Antarctica,0.95861895,2.0883134385207835e-4,2.0883134385207835e-4,0.31006724465958424,FALSE,FALSE
1992-01-03,East_Antarctica,0.955062512,0.01084605361392876,0.01084605361392876,0.31006724465958424,FALSE,FALSE
1992-01-04,East_Antarctica,0.94893813,0.01854528151912127,0.01854528151912127,0.31006724465958424,FALSE,FALSE
1992-01-05,East_Antarctica,0.935766549,0.01884916733807629,0.01884916733807629,0.31006724465958424,FALSE,FALSE
1992-01-06,East_Antarctica,0.93092652,0.02715836934943116,0.02715836934943116,0.31006724465958424,FALSE,FALSE
1992-01-07,East_Antarctica,0.915845645,0.02492239683183317,0.02492239683183317,0.31006724465958424,FALSE,FALSE
1992-01-08,East_Antarctica,0.892902552,0.01454178506392533,0.01454178506392533,0.31006724465958424,FALSE,FALSE
1992-01-09,East_Antarctica,0.917674025,0.05161522532434881,0.05161522532434881,0.31006724465958424,FALSE,FALSE
1992-01-10,East_Antarctica,0.883453684,0.0294582448917503,0.0294582448917503,0.31006724465958424,FALSE,FALSE
1992-01-11,East_Antarctica,0.884057995,0.04190921704477035,0.04190921704477035,0.31006724465958424,FALSE,FALSE
1992-01-12,East_Antarctica,0.879148927,0.04865201806205355,0.04865201806205355,0.31006724465958424,FALSE,FALSE
1992-01-13,East_Antarctica,0.842214517,0.02319659222224301,0.02319659222224301,0.31006724465958424,FALSE,FALSE
1992-01-14,East_Antarctica,0.824393264,0.01670301097255533,0.01670301097255533,0.31006724465958424,FALSE,FALSE
1992-01-15,East_Antarctica,0.83252405,0.03601971338867404,0.03601971338867404,0.31006724465958424,FALSE,FALSE
1992-01-16,East_Antarctica,0.831350676,0.0458850048584174,0.0458850048584174,0.31006724465958424,FALSE,FALSE
1992-01-17,East_Antarctica,0.825175419,0.05059471478649746,0.05059471478649746,0.31006724465958424,FALSE,FALSE
1992-01-18,East_Antarctica,0.802231776,0.03837589257762819,0.03837589257762819,0.31006724465958424,FALSE,FALSE
1992-01-19,East_Antarctica,0.786048399,0.03275074263652211,0.03275074263652211,0.31006724465958424,FALSE,FALSE
1992-01-20,East_Antarctica,0.795247952,0.05233548136789146,0.05233548136789146,0.31006724465958424,FALSE,FALSE
1992-01-21,East_Antarctica,0.786786578,0.05407980417644953,0.05407980417644953,0.31006724465958424,FALSE,FALSE
1992-01-22,East_Antarctica,0.746714258,0.02402724446690973,0.02402724446690973,0.31006724465958424,FALSE,FALSE
1992-01-23,East_Antarctica,0.743800408,0.03094077064398381,0.03094077064398381,0.31006724465958424,FALSE,FALSE
1992-01-24,East_Antarctica,0.744480556,0.04124946311238509,0.04124946311238509,0.31006724465958424,FALSE,FALSE
1992-01-25,East_Antarctica,0.728108281,0.03430045327682662,0.03430045327682662,0.31006724465958424,FALSE,FALSE
1992-01-26,East_Antarctica,0.713592392,0.02899610254202156,0.02899610254202156,0.31006724465958424,FALSE,FALSE
1992-01-27,East_Antarctica,0.707578668,0.03197656119855274,0.03197656119855274,0.31006724465958424,FALSE,FALSE
1992-01-28,East_Antarctica,0.690563447,0.02373808195126858,0.02373808195126858,0.31006724465958424,FALSE,FALSE
1992-01-29,East_Antarctica,0.681519072,0.02325522111955302,0.02325522111955302,0.31006724465958424,FALSE,FALSE
1992-01-30,East_Antarctica,0.670525728,0.02061038442735563,0.02061038442735563,0.31006724465958424,FALSE,FALSE
1992-01-31,East_Antarctica,0.662593531,0.02081590859862747,0.02081590859862747,0.31006724465958424,FALSE,FALSE
1992-02-01,East_Antarctica,0.641310998,0.00746253135732022,0.00746253135732022,0.31006724465958424,FALSE,FALSE
1992-02-02,East_Antarctica,0.64321426,0.01708860442738347,0.01708860442738347,0.31006724465958424,FALSE,FALSE
1992-02-03,East_Antarctica,0.626472162,0.00786519353276948,0.00786519353276948,0.31006724465958424,FALSE,FALSE
1992-02-04,East_Antarctica,0.614339767,0.00304958239742825,0.00304958239742825,0.31006724465958424,FALSE,FALSE
1992-02-05,East_Antarctica,0.629517777,0.02534469374531034,0.02534469374531034,0.31006724465958424,FALSE,FALSE
1992-02-06,East_Antarctica,0.63978298,0.04252953630036682,0.04252953630036682,0.31006724465958424,FALSE,FALSE
1992-02-07,East_Antarctica,0.644042344,0.05351329878654898,0.05351329878654898,0.31006724465958424,FALSE,FALSE
1992-02-08,East_Antarctica,0.642814785,0.05881697868083979,0.05881697868083979,0.31006724465958424,FALSE,FALSE
1992-02-09,East_Antarctica,0.634873892,0.05719786261276227,0.05719786261276227,0.31006724465958424,FALSE,FALSE
1992-02-10,East_Antarctica,0.64329782,0.07168124215454774,0.07168124215454774,0.31006724465958424,FALSE,FALSE
1992-02-11,East_Antarctica,0.62627156,0.06039492213291564,0.06039492213291564,0.31006724465958424,FALSE,FALSE
1992-02-12,East_Antarctica,0.613659863,0.05314646737458606,0.05314646737458606,0.31006724465958424,FALSE,FALSE
1992-02-13,East_Antarctica,0.614171683,0.0585876457062775,0.0585876457062775,0.31006724465958424,FALSE,FALSE
1992-02-14,East_Antarctica,0.598556563,0.04741081395471069,0.04741081395471069,0.31006724465958424,FALSE,FALSE
1992-02-15,East_Antarctica,0.583434001,0.03617828394660438,0.03617828394660438,0.31006724465958424,FALSE,FALSE
1992-02-16,East_Antarctica,0.570782344,0.02681121650867723,0.02681121650867723,0.31006724465958424,FALSE,FALSE
1992-02-17,East_Antarctica,0.570800932,0.02945176546765005,0.02945176546765005,0.31006724465958424,FALSE,FALSE
1992-02-18,East_Antarctica,0.570166927,0.03071990665024149,0.03071990665024149,0.31006724465958424,FALSE,FALSE
1992-02-19,East_Antarctica,0.562779683,0.0244578078831722,0.0244578078831722,0.31006724465958424,FALSE,FALSE
1992-02-20,East_Antarctica,0.561501711,0.02347079399316054,0.02347079399316054,0.31006724465958424,FALSE,FALSE
1992-02-21,East_Antarctica,0.556619119,0.01799086249541537,0.01799086249541537,0.31006724465958424,FALSE,FALSE
1992-02-22,East_Antarctica,0.546326633,0.00619591742417324,0.00619591742417324,0.31006724465958424,FALSE,FALSE
1992-02-23,East_Antarctica,0.545102815,0.00257250476374304,0.00257250476374304,0.31006724465958424,FALSE,FALSE
1992-02-24,East_Antarctica,0.52256658,-0.02325202808510973,0.02325202808510973,0.31006724465958424,FALSE,FALSE
1992-02-25,East_Antarctica,0.503739013,-0.04624816372161877,0.04624816372161877,0.31006724465958424,FALSE,FALSE
1992-02-26,East_Antarctica,0.50066384,-0.05436374374501651,0.05436374374501651,0.31006724465958424,FALSE,FALSE
1992-02-27,East_Antarctica,0.518278855,-0.042652541754538247,0.042652541754538247,0.31006724465958424,FALSE,FALSE
1992-02-28,East_Antarctica,0.537707028,-0.02998315534941664,0.02998315534941664,0.31006724465958424,FALSE,FALSE
1992-03-01,East_Antarctica,0.574932692,-0.00880625569217785,0.00880625569217785,0.31006724465958424,FALSE,FALSE
1992-03-02,East_Antarctica,0.59399282,9.807593614724608e-4,9.807593614724608e-4,0.31006724465958424,FALSE,FALSE
1992-03-03,East_Antarctica,0.622222765,0.01911634743283086,0.01911634743283086,0.31006724465958424,FALSE,FALSE
1992-03-04,East_Antarctica,0.644799462,0.0307858800654327,0.0307858800654327,0.31006724465958424,FALSE,FALSE
1992-03-05,East_Antarctica,0.628429107,0.00271940038330398,0.00271940038330398,0.31006724465958424,FALSE,FALSE
1992-03-06,East_Antarctica,0.63807076,-5.001349318345394e-5,5.001349318345394e-5,0.31006724465958424,FALSE,FALSE
1992-03-07,East_Antarctica,0.689077838,0.03791526632007236,0.03791526632007236,0.31006724465958424,FALSE,FALSE
1992-03-08,East_Antarctica,0.716370928,0.05162003770717127,0.05162003770717127,0.31006724465958424,FALSE,FALSE
1992-03-09,East_Antarctica,0.762524296,0.0837227775522148,0.0837227775522148,0.31006724465958424,FALSE,FALSE
1992-03-10,East_Antarctica,0.799752936,0.10652269073930463,0.10652269073930463,0.31006724465958424,FALSE,FALSE
1992-03-11,East_Antarctica,0.82782816,0.11987530015254257,0.11987530015254257,0.31006724465958424,FALSE,FALSE
1992-03-12,East_Antarctica,0.815842276,0.09295712467602713,0.09295712467602713,0.31006724465958424,FALSE,FALSE
1992-03-13,East_Antarctica,0.822048146,0.08410523719386143,0.08410523719386143,0.31006724465958424,FALSE,FALSE
1992-03-14,East_Antarctica,0.83240808,0.07936615859014573,0.07936615859014573,0.31006724465958424,FALSE,FALSE
1992-03-15,East_Antarctica,0.828132003,0.06003402474898078,0.06003402474898078,0.31006724465958424,FALSE,FALSE
1992-03-16,East_Antarctica,0.826408195,0.0433813265544698,0.0433813265544698,0.31006724465958424,FALSE,FALSE
1992-03-17,East_Antarctica,0.839120413,0.04137358139107228,0.04137358139107228,0.31006724465958424,FALSE,FALSE
1992-03-18,East_Antarctica,0.849412734,0.03717542577196042,0.03717542577196042,0.31006724465958424,FALSE,FALSE
1992-03-19,East_Antarctica,0.85065417,0.02411241458633573,0.02411241458633573,0.31006724465958424,FALSE,FALSE
1992-03-20,East_Antarctica,0.843392126,0.00268548171600813,0.00268548171600813,0.31006724465958424,FALSE,FALSE
1992-03-21,East_Antarctica,0.843470009,-0.01130843695721484,0.01130843695721484,0.31006724465958424,FALSE,FALSE
1992-03-22,East_Antarctica,0.854969717,-0.0138339145515246,0.0138339145515246,0.31006724465958424,FALSE,FALSE
1992-03-23,East_Antarctica,0.867649493,-0.01517917918511191,0.01517917918511191,0.31006724465958424,FALSE,FALSE
1992-03-24,East_Antarctica,0.897394382,4.943430238321112e-4,4.943430238321112e-4,0.31006724465958424,FALSE,FALSE
1992-03-25,East_Antarctica,0.917895193,0.00683098995711395,0.00683098995711395,0.31006724465958424,FALSE,FALSE
1992-03-26,East_Antarctica,0.910641338,-0.01472629750345433,0.01472629750345433,0.31006724465958424,FALSE,FALSE
1992-03-27,East_Antarctica,0.89746764,-0.04238916747606791,0.04238916747606791,0.31006724465958424,FALSE,FALSE
1992-03-28,East_Antarctica,0.90644868,-0.04812951007891608,0.04812951007891608,0.31006724465958424,FALSE,FALSE
1992-03-29,East_Antarctica,0.906400154,-0.06317810043018957,0.06317810043018957,0.31006724465958424,FALSE,FALSE
1992-03-30,East_Antarctica,0.927024481,-0.0578702612645402,0.0578702612645402,0.31006724465958424,FALSE,FALSE
1992-03-31,East_Antarctica,0.962059102,-0.03845857821612308,0.03845857821612308,0.31006724465958424,FALSE,FALSE
1992-04-01,East_Antarctica,1.000105854,-0.0163150198411206,0.0163150198411206,0.31006724465958424,FALSE,FALSE
1992-04-02,East_Antarctica,1.0092059,-0.02337221528576205,0.02337221528576205,0.31006724465958424,FALSE,FALSE
1992-04-03,East_Antarctica,1.026803581,-0.022159615696276,0.022159615696276,0.31006724465958424,FALSE,FALSE
1992-04-04,East_Antarctica,1.056941133,-0.00860877721888986,0.00860877721888986,0.31006724465958424,FALSE,FALSE
1992-04-05,East_Antarctica,1.080488711,-0.00182333699983261,0.00182333699983261,0.31006724465958424,FALSE,FALSE
1992-04-06,East_Antarctica,1.113568931,0.01434552881466633,0.01434552881466633,0.31006724465958424,FALSE,FALSE
1992-04-07,East_Antarctica,1.142928049,0.02667028407838057,0.02667028407838057,0.31006724465958424,FALSE,FALSE
1992-04-08,East_Antarctica,1.192153356,0.05876442764508094,0.05876442764508094,0.31006724465958424,FALSE,FALSE
1992-04-09,East_Antarctica,1.229874992,0.07928430736853787,0.07928430736853787,0.31006724465958424,FALSE,FALSE
1992-04-10,East_Antarctica,1.252059305,0.08422247910252545,0.08422247910252545,0.31006724465958424,FALSE,FALSE
1992-04-11,East_Antarctica,1.26781036,0.08270905318893629,0.08270905318893629,0.31006724465958424,FALSE,FALSE
1992-04-12,East_Antarctica,1.303843722,0.10147405771035856,0.10147405771035856,0.31006724465958424,FALSE,FALSE
1992-04-13,East_Antarctica,1.303189198,0.08354266949878864,0.08354266949878864,0.31006724465958424,FALSE,FALSE
1992-04-14,East_Antarctica,1.312753505,0.07581519199114717,0.07581519199114717,0.31006724465958424,FALSE,FALSE
1992-04-15,East_Antarctica,1.34208952,0.08783808862435949,0.08783808862435949,0.31006724465958424,FALSE,FALSE
1992-04-16,East_Antarctica,1.37075534,0.09916304283534472,0.09916304283534472,0.31006724465958424,FALSE,FALSE
1992-04-17,East_Antarctica,1.407145136,0.11817781206102727,0.11817781206102727,0.31006724465958424,FALSE,FALSE
1992-04-18,East_Antarctica,1.417935524,0.111552598738331,0.111552598738331,0.31006724465958424,FALSE,FALSE
1992-04-19,East_Antarctica,1.419622648,0.0957771333041766,0.0957771333041766,0.31006724465958424,FALSE,FALSE
1992-04-20,East_Antarctica,1.408093888,0.06673238219548638,0.06673238219548638,0.31006724465958424,FALSE,FALSE
1992-04-21,East_Antarctica,1.384696039,0.02575872684918345,0.02575872684918345,0.31006724465958424,FALSE,FALSE
1992-04-22,East_Antarctica,1.366195761,-0.01038358629781144,0.01038358629781144,0.31006724465958424,FALSE,FALSE
1992-04-23,East_Antarctica,1.422693008,0.02839898319142753,0.02839898319142753,0.31006724465958424,FALSE,FALSE
1992-04-24,East_Antarctica,1.441800487,0.02971333491392203,0.02971333491392203,0.31006724465958424,FALSE,FALSE
1992-04-25,East_Antarctica,1.467006688,0.03704790844951566,0.03704790844951566,0.31006724465958424,FALSE,FALSE
1992-04-26,East_Antarctica,1.474670652,0.02676487572042707,0.02676487572042707,0.31006724465958424,FALSE,FALSE
1992-04-27,East_Antarctica,1.5179451,0.05202012216080409,0.05202012216080409,0.31006724465958424,FALSE,FALSE
1992-04-28,East_Antarctica,1.539226726,0.0552135062047927,0.0552135062047927,0.31006724465958424,FALSE,FALSE
1992-04-29,East_Antarctica,1.538982168,0.03681483028654098,0.03681483028654098,0.31006724465958424,FALSE,FALSE
1992-04-30,East_Antarctica,1.576855745,0.05647157784019541,0.05647157784019541,0.31006724465958424,FALSE,FALSE
1992-05-01,East_Antarctica,1.617335135,0.07867459129990251,0.07867459129990251,0.31006724465958424,FALSE,FALSE
1992-05-02,East_Antarctica,1.622711436,0.06571813309981178,0.06571813309981178,0.31006724465958424,FALSE,FALSE
1992-05-03,East_Antarctica,1.650446868,0.07506758767406763,0.07506758767406763,0.31006724465958424,FALSE,FALSE
1992-05-04,East_Antarctica,1.682008836,0.0881935244568186,0.0881935244568186,0.31006724465958424,FALSE,FALSE
1992-05-05,East_Antarctica,1.688749468,0.07645123588221203,0.07645123588221203,0.31006724465958424,FALSE,FALSE
1992-05-06,East_Antarctica,1.690147551,0.05932267638090005,0.05932267638090005,0.31006724465958424,FALSE,FALSE
1992-05-07,East_Antarctica,1.641262694,-0.00812770701717346,0.00812770701717346,0.31006724465958424,FALSE,FALSE
1992-05-08,East_Antarctica,1.61268829,-0.05529723702801514,0.05529723702801514,0.31006724465958424,FALSE,FALSE
1992-05-09,East_Antarctica,1.642948258,-0.04365197879862292,0.04365197879862292,0.31006724465958424,FALSE,FALSE
1992-05-10,East_Antarctica,1.66998295,-0.03524156447599203,0.03524156447599203,0.31006724465958424,FALSE,FALSE
1992-05-11,East_Antarctica,1.688155916,-0.03569242820712026,0.03569242820712026,0.31006724465958424,FALSE,FALSE
1992-05-12,East_Antarctica,1.704285229,-0.03817648113900041,0.03817648113900041,0.31006724465958424,FALSE,FALSE
1992-05-13,East_Antarctica,1.764808618,0.00375402158136917,0.00375402158136917,0.31006724465958424,FALSE,FALSE
1992-05-14,East_Antarctica,1.810541532,0.03092454480699324,0.03092454480699324,0.31006724465958424,FALSE,FALSE
1992-05-15,East_Antarctica,1.833702563,0.03556369639087364,0.03556369639087364,0.31006724465958424,FALSE,FALSE
1992-05-16,East_Antarctica,1.874090971,0.05748075218601833,0.05748075218601833,0.31006724465958424,FALSE,FALSE
1992-05-17,East_Antarctica,1.923933802,0.08891277404542497,0.08891277404542497,0.31006724465958424,FALSE,FALSE
1992-05-18,East_Antarctica,1.95175737,0.09839609182210274,0.09839609182210274,0.31006724465958424,FALSE,FALSE
1992-05-19,East_Antarctica,1.983748324,0.11212779995129374,0.11212779995129374,0.31006724465958424,FALSE,FALSE
1992-05-20,East_Antarctica,1.987714858,0.09793437659043568,0.09793437659043568,0.31006724465958424,FALSE,FALSE
1992-05-21,East_Antarctica,1.965309874,0.0574938564614671,0.0574938564614671,0.31006724465958424,FALSE,FALSE
1992-05-22,East_Antarctica,1.956558082,0.0308563127043473,0.0308563127043473,0.31006724465958424,FALSE,FALSE
1992-05-23,East_Antarctica,1.981323749,0.03791137545902279,0.03791137545902279,0.31006724465958424,FALSE,FALSE
1992-05-24,East_Antarctica,2.049390548,0.08846808086544855,0.08846808086544855,0.31006724465958424,FALSE,FALSE
1992-05-25,East_Antarctica,2.093739871,0.11553318406357849,0.11553318406357849,0.31006724465958424,FALSE,FALSE
1992-05-26,East_Antarctica,2.131283934,0.13604426419336568,0.13604426419336568,0.31006724465958424,FALSE,FALSE
1992-05-27,East_Antarctica,2.144012378,0.13201632539476238,0.13201632539476238,0.31006724465958424,FALSE,FALSE
1992-05-28,East_Antarctica,2.155408295,0.1269578228077206,0.1269578228077206,0.31006724465958424,FALSE,FALSE
1992-05-29,East_Antarctica,2.161990937,0.117413371572197,0.117413371572197,0.31006724465958424,FALSE,FALSE
1992-05-30,East_Antarctica,2.156466667,0.09611469782813976,0.09611469782813976,0.31006724465958424,FALSE,FALSE
1992-05-31,East_Antarctica,2.191368172,0.11561985171550536,0.11561985171550536,0.31006724465958424,FALSE,FALSE
1992-06-01,East_Antarctica,2.199949288,0.10919559728738548,0.10919559728738548,0.31006724465958424,FALSE,FALSE
1992-06-02,East_Antarctica,2.19257464,0.0871643221935452,0.0871643221935452,0.31006724465958424,FALSE,FALSE
1992-06-03,East_Antarctica,2.182598275,0.06282254373658969,0.06282254373658969,0.31006724465958424,FALSE,FALSE
1992-06-04,East_Antarctica,2.168232377,0.03432491565265661,0.03432491565265661,0.31006724465958424,FALSE,FALSE
1992-06-05,East_Antarctica,2.182827944,0.03496490567788246,0.03496490567788246,0.31006724465958424,FALSE,FALSE
1992-06-06,East_Antarctica,2.206563602,0.04486360954840585,0.04486360954840585,0.31006724465958424,FALSE,FALSE
1992-06-07,East_Antarctica,2.228106301,0.05263044700036312,0.05263044700036312,0.31006724465958424,FALSE,FALSE
1992-06-08,East_Antarctica,2.236042715,0.04679456176989083,0.04679456176989083,0.31006724465958424,FALSE,FALSE
1992-06-09,East_Antarctica,2.247653653,0.04457923259313112,0.04457923259313112,0.31006724465958424,FALSE,FALSE
1992-06-10,East_Antarctica,2.294797639,0.07778545320621566,0.07778545320621566,0.31006724465958424,FALSE,FALSE
1992-06-11,East_Antarctica,2.315314011,0.08419503134528528,0.08419503134528528,0.31006724465958424,FALSE,FALSE
1992-06-12,East_Antarctica,2.37665914,0.13120680774647697,0.13120680774647697,0.31006724465958424,FALSE,FALSE
1992-06-13,East_Antarctica,2.39596611,0.13589746840976558,0.13589746840976558,0.31006724465958424,FALSE,FALSE
1992-06-14,East_Antarctica,2.40084844,0.12587404922096024,0.12587404922096024,0.31006724465958424,FALSE,FALSE
1992-06-15,East_Antarctica,2.401568508,0.11146092108220929,0.11146092108220929,0.31006724465958424,FALSE,FALSE
1992-06-16,East_Antarctica,2.380854907,0.07545363109979464,0.07545363109979464,0.31006724465958424,FALSE,FALSE
1992-06-17,East_Antarctica,2.394448958,0.07366045438001434,0.07366045438001434,0.31006724465958424,FALSE,FALSE
1992-06-18,East_Antarctica,2.417234407,0.0810320910291491,0.0810320910291491,0.31006724465958424,FALSE,FALSE
1992-06-19,East_Antarctica,2.441328258,0.08975249915348993,0.08975249915348993,0.31006724465958424,FALSE,FALSE
1992-06-20,East_Antarctica,2.425468933,0.0586270548593264,0.0586270548593264,0.31006724465958424,FALSE,FALSE
1992-06-21,East_Antarctica,2.400840221,0.01890650125294479,0.01890650125294479,0.31006724465958424,FALSE,FALSE
1992-06-22,East_Antarctica,2.397669345,8.850154406347954e-4,8.850154406347954e-4,0.31006724465958424,FALSE,FALSE
1992-06-23,East_Antarctica,2.352022199,-0.05930455447131511,0.05930455447131511,0.31006724465958424,FALSE,FALSE
1992-06-24,East_Antarctica,2.312860632,-0.1126334053766187,0.1126334053766187,0.31006724465958424,FALSE,FALSE
1992-06-25,East_Antarctica,2.288490683,-0.15072854416898274,0.15072854416898274,0.31006724465958424,FALSE,FALSE
1992-06-26,East_Antarctica,2.313348422,-0.13909646649935414,0.13909646649935414,0.31006724465958424,FALSE,FALSE
1992-06-27,East_Antarctica,2.36301486,-0.10217066311464151,0.10217066311464151,0.31006724465958424,FALSE,FALSE
1992-06-28,East_Antarctica,2.389232865,-0.08825563819169435,0.08825563819169435,0.31006724465958424,FALSE,FALSE
1992-06-29,East_Antarctica,2.400891651,-0.08850971891101578,0.08850971891101578,0.31006724465958424,FALSE,FALSE
1992-06-30,East_Antarctica,2.410567731,-0.0904039334531137,0.0904039334531137,0.31006724465958424,FALSE,FALSE
1992-07-01,East_Antarctica,2.438384543,-0.07386238499849895,0.07386238499849895,0.31006724465958424,FALSE,FALSE
1992-07-02,East_Antarctica,2.479344893,-0.04392980872767538,0.04392980872767538,0.31006724465958424,FALSE,FALSE
1992-07-03,East_Antarctica,2.505509581,-0.02859294582115179,0.02859294582115179,0.31006724465958424,FALSE,FALSE
1992-07-04,East_Antarctica,2.489818544,-0.0549594004594347,0.0549594004594347,0.31006724465958424,FALSE,FALSE
1992-07-05,East_Antarctica,2.472252018,-0.08309647782303209,0.08309647782303209,0.31006724465958424,FALSE,FALSE
1992-07-06,East_Antarctica,2.430198483,-0.13566323909245037,0.13566323909245037,0.31006724465958424,FALSE,FALSE
1992-07-07,East_Antarctica,2.410000961,-0.1663642034481958,0.1663642034481958,0.31006724465958424,FALSE,FALSE
1992-07-08,East_Antarctica,2.392023568,-0.19488273862662675,0.19488273862662675,0.31006724465958424,FALSE,FALSE
1992-07-09,East_Antarctica,2.376634915,-0.2208865447425263,0.2208865447425263,0.31006724465958424,FALSE,FALSE
1992-07-10,East_Antarctica,2.390294568,-0.21792791591385272,0.21792791591385272,0.31006724465958424,FALSE,FALSE
1992-07-11,East_Antarctica,2.440492873,-0.1785251305039659,0.1785251305039659,0.31006724465958424,FALSE,FALSE
1992-07-12,East_Antarctica,2.466215727,-0.16370091587622815,0.16370091587622815,0.31006724465958424,FALSE,FALSE
1992-07-13,East_Antarctica,2.489477798,-0.151449228393993,0.151449228393993,0.31006724465958424,FALSE,FALSE
1992-07-14,East_Antarctica,2.50615193,-0.14590584842062038,0.14590584842062038,0.31006724465958424,FALSE,FALSE
1992-07-15,East_Antarctica,2.569374303,-0.09394322031946788,0.09394322031946788,0.31006724465958424,FALSE,FALSE
1992-07-16,East_Antarctica,2.602807143,-0.07190774245389608,0.07190774245389608,0.31006724465958424,FALSE,FALSE
1992-07-17,East_Antarctica,2.558737375,-0.1275211141872603,0.1275211141872603,0.31006724465958424,FALSE,FALSE
1992-07-18,East_Antarctica,2.556899609,-0.14105734988292218,0.14105734988292218,0.31006724465958424,FALSE,FALSE
1992-07-19,East_Antarctica,2.599089478,-0.11072944090423675,0.11072944090423675,0.31006724465958424,FALSE,FALSE
1992-07-20,East_Antarctica,2.631660692,-0.09019230161456404,0.09019230161456404,0.31006724465958424,FALSE,FALSE
1992-07-21,East_Antarctica,2.653820998,-0.08024425278602587,0.08024425278602587,0.31006724465958424,FALSE,FALSE
1992-07-22,East_Antarctica,2.706961875,-0.03946459635749333,0.03946459635749333,0.31006724465958424,FALSE,FALSE
1992-07-23,East_Antarctica,2.800255043,0.04137332870530308,0.04137332870530308,0.31006724465958424,FALSE,FALSE
1992-07-24,East_Antarctica,2.853741944,0.08236648891107556,0.08236648891107556,0.31006724465958424,FALSE,FALSE
1992-07-25,East_Antarctica,2.894500252,0.110648082768535,0.110648082768535,0.31006724465958424,FALSE,FALSE
1992-07-26,East_Antarctica,2.907018402,0.11076206978638804,0.11076206978638804,0.31006724465958424,FALSE,FALSE
1992-07-27,East_Antarctica,2.946990185,0.13845776547334676,0.13845776547334676,0.31006724465958424,FALSE,FALSE
1992-07-28,East_Antarctica,2.970449149,0.14982424233812264,0.14982424233812264,0.31006724465958424,FALSE,FALSE
1992-07-29,East_Antarctica,2.957898442,0.12542017288942375,0.12542017288942375,0.31006724465958424,FALSE,FALSE
1992-07-30,East_Antarctica,2.900674511,0.0566375286359615,0.0566375286359615,0.31006724465958424,FALSE,FALSE
1992-07-31,East_Antarctica,2.832521416,-0.02272410591355322,0.02272410591355322,0.31006724465958424,FALSE,FALSE
1992-08-01,East_Antarctica,2.832658458,-0.0333899052504143,0.0333899052504143,0.31006724465958424,FALSE,FALSE
1992-08-02,East_Antarctica,2.848672836,-0.02771714659906843,0.02771714659906843,0.31006724465958424,FALSE,FALSE
1992-08-03,East_Antarctica,2.904388859,0.01815421038220854,0.01815421038220854,0.31006724465958424,FALSE,FALSE
1992-08-04,East_Antarctica,2.922131856,0.02651382708093797,0.02651382708093797,0.31006724465958424,FALSE,FALSE
1992-08-05,East_Antarctica,2.980835224,0.07624333851853837,0.07624333851853837,0.31006724465958424,FALSE,FALSE
1992-08-06,East_Antarctica,3.014653502,0.10144552171642918,0.10144552171642918,0.31006724465958424,FALSE,FALSE
1992-08-07,East_Antarctica,3.018532185,0.09701410969603108,0.09701410969603108,0.31006724465958424,FALSE,FALSE
1992-08-08,East_Antarctica,3.01521294,0.08563900747876252,0.08563900747876252,0.31006724465958424,FALSE,FALSE
1992-08-09,East_Antarctica,3.01496977,0.07754245608604249,0.07754245608604249,0.31006724465958424,FALSE,FALSE
1992-08-10,East_Antarctica,3.003384858,0.05825487653929118,0.05825487653929118,0.31006724465958424,FALSE,FALSE
1992-08-11,East_Antarctica,3.017468583,0.0647348858599277,0.0647348858599277,0.31006724465958424,FALSE,FALSE
1992-08-12,East_Antarctica,2.999939375,0.03964915206937114,0.03964915206937114,0.31006724465958424,FALSE,FALSE
1992-08-13,East_Antarctica,2.961681393,-0.00616992781095637,0.00616992781095637,0.31006724465958424,FALSE,FALSE
1992-08-14,East_Antarctica,2.94769654,-0.02777221275963803,0.02777221275963803,0.31006724465958424,FALSE,FALSE
1992-08-15,East_Antarctica,2.954438844,-0.02875390445952819,0.02875390445952819,0.31006724465958424,FALSE,FALSE
1992-08-16,East_Antarctica,2.957978349,-0.0330496451656872,0.0330496451656872,0.31006724465958424,FALSE,FALSE
1992-08-17,East_Antarctica,2.939222026,-0.05970502208819095,0.05970502208819095,0.31006724465958424,FALSE,FALSE
1992-08-18,East_Antarctica,2.917549447,-0.0892901646855151,0.0892901646855151,0.31006724465958424,FALSE,FALSE
1992-08-19,East_Antarctica,2.95381746,-0.06089792641612446,0.06089792641612446,0.31006724465958424,FALSE,FALSE
1992-08-20,East_Antarctica,2.980078608,-0.04242546573848971,0.04242546573848971,0.31006724465958424,FALSE,FALSE
1992-08-21,East_Antarctica,2.960724539,-0.06943083611108047,0.06943083611108047,0.31006724465958424,FALSE,FALSE
1992-08-22,East_Antarctica,2.941665786,-0.09595320599236778,0.09595320599236778,0.31006724465958424,FALSE,FALSE
1992-08-23,East_Antarctica,2.962508553,-0.08233607284081845,0.08233607284081845,0.31006724465958424,FALSE,FALSE
1992-08-24,East_Antarctica,3.004640335,-0.04714164311490299,0.04714164311490299,0.31006724465958424,FALSE,FALSE
1992-08-25,East_Antarctica,3.009936605,-0.04844414527309082,0.04844414527309082,0.31006724465958424,FALSE,FALSE
1992-08-26,East_Antarctica,2.962186319,-0.10240432477385132,0.10240432477385132,0.31006724465958424,FALSE,FALSE
1992-08-27,East_Antarctica,2.874931724,-0.195429636075652,0.195429636075652,0.31006724465958424,FALSE,FALSE
1992-08-28,East_Antarctica,2.859212894,-0.21643869826193507,0.21643869826193507,0.31006724465958424,FALSE,FALSE
1992-08-29,East_Antarctica,2.872204986,-0.20826969577923785,0.20826969577923785,0.31006724465958424,FALSE,FALSE
1992-08-30,East_Antarctica,2.882582295,-0.20228220820501264,0.20228220820501264,0.31006724465958424,FALSE,FALSE
1992-08-31,East_Antarctica,2.905961996,-0.1828929719464103,0.1828929719464103,0.31006724465958424,FALSE,FALSE
1992-09-01,East_Antarctica,2.962422084,-0.13005790341057732,0.13005790341057732,0.31006724465958424,FALSE,FALSE
1992-09-02,East_Antarctica,3.02451992,-0.07125355300466563,0.07125355300466563,0.31006724465958424,FALSE,FALSE
1992-09-03,East_Antarctica,3.066317306,-0.03245203013581843,0.03245203013581843,0.31006724465958424,FALSE,FALSE
1992-09-04,East_Antarctica,3.067974284,-0.03352720421118738,0.03352720421118738,0.31006724465958424,FALSE,FALSE
1992-09-05,East_Antarctica,3.024394676,-0.07960916463792067,0.07960916463792067,0.31006724465958424,FALSE,FALSE
1992-09-06,East_Antarctica,3.035652145,-0.0706581598231657,0.0706581598231657,0.31006724465958424,FALSE,FALSE
1992-09-07,East_Antarctica,3.009028742,-0.09942605017407448,0.09942605017407448,0.31006724465958424,FALSE,FALSE
1992-09-08,East_Antarctica,3.011123071,-0.09934814309778828,0.09934814309778828,0.31006724465958424,FALSE,FALSE
1992-09-09,East_Antarctica,3.040168995,-0.07222443519352462,0.07222443519352462,0.31006724465958424,FALSE,FALSE
1992-09-10,East_Antarctica,3.075851869,-0.03839851284782014,0.03839851284782014,0.31006724465958424,FALSE,FALSE
1992-09-11,East_Antarctica,3.099759405,-0.01630270540991052,0.01630270540991052,0.31006724465958424,FALSE,FALSE
1992-09-12,East_Antarctica,3.054009392,-0.06383832813269041,0.06383832813269041,0.31006724465958424,FALSE,FALSE
1992-09-13,East_Antarctica,2.968155134,-0.15147118126905434,0.15147118126905434,0.31006724465958424,FALSE,FALSE
1992-09-14,East_Antarctica,2.980067265,-0.14134973507190018,0.14134973507190018,0.31006724465958424,FALSE,FALSE
1992-09-15,East_Antarctica,2.95390826,-0.1693306187941217,0.1693306187941217,0.31006724465958424,FALSE,FALSE
1992-09-16,East_Antarctica,2.861727773,-0.2633832826886149,0.2633832826886149,0.31006724465958424,FALSE,FALSE
1992-09-17,East_Antarctica,2.811589876,-0.3154627590082755,0.3154627590082755,0.31006724465958424,TRUE,FALSE
1992-09-18,East_Antarctica,2.825861155,-0.3032215660059987,0.3032215660059987,0.31006724465958424,FALSE,FALSE
1992-09-19,East_Antarctica,2.800223415,-0.33099700293467915,0.33099700293467915,0.31006724465958424,TRUE,FALSE
1992-09-20,East_Antarctica,2.817466125,-0.3160187050472145,0.3160187050472145,0.31006724465958424,TRUE,FALSE
1992-09-21,East_Antarctica,2.844590207,-0.2913048545964996,0.2913048545964996,0.31006724465958424,FALSE,FALSE
1992-09-22,East_Antarctica,2.838244029,-0.3002201008798364,0.3002201008798364,0.31006724465958424,FALSE,FALSE
1992-09-23,East_Antarctica,2.764532922,-0.37660696248710535,0.37660696248710535,0.31006724465958424,TRUE,TRUE
1992-09-24,East_Antarctica,2.780866163,-0.3629644802750973,0.3629644802750973,0.31006724465958424,TRUE,TRUE
1992-09-25,East_Antarctica,2.766126216,-0.3803179534267733,0.3803179534267733,0.31006724465958424,TRUE,TRUE
1992-09-26,East_Antarctica,2.750585137,-0.3983030891251005,0.3983030891251005,0.31006724465958424,TRUE,TRUE
1992-09-27,East_Antarctica,2.74386478,-0.40720579655303846,0.40720579655303846,0.31006724465958424,TRUE,TRUE
1992-09-28,East_Antarctica,2.742135271,-0.4107637128935529,0.4107637128935529,0.31006724465958424,TRUE,TRUE
1992-09-29,East_Antarctica,2.747534995,-0.40674621632960584,0.40674621632960584,0.31006724465958424,TRUE,TRUE
1992-09-30,East_Antarctica,2.762161216,-0.392963806044162,0.392963806044162,0.31006724465958424,TRUE,TRUE
1992-10-01,East_Antarctica,2.779311066,-0.3760271132201827,0.3760271132201827,0.31006724465958424,TRUE,TRUE
1992-10-02,East_Antarctica,2.906051751,-0.24877669504063027,0.24877669504063027,0.31006724465958424,FALSE,FALSE
1992-10-03,East_Antarctica,2.890217077,-0.26328650868847303,0.26328650868847303,0.31006724465958424,FALSE,FALSE
1992-10-04,East_Antarctica,2.878842083,-0.27242930610745875,0.27242930610745875,0.31006724465958424,FALSE,FALSE
1992-10-05,East_Antarctica,2.865785063,-0.28228816451429317,0.28228816451429317,0.31006724465958424,FALSE,FALSE
1992-10-06,East_Antarctica,2.919013419,-0.22493583115393043,0.22493583115393043,0.31006724465958424,FALSE,FALSE
1992-10-07,East_Antarctica,2.937700058,-0.20125761951680632,0.20125761951680632,0.31006724465958424,FALSE,FALSE
1992-10-08,East_Antarctica,2.931247876,-0.2019088540933578,0.2019088540933578,0.31006724465958424,FALSE,FALSE
1992-10-09,East_Antarctica,2.913488105,-0.21311652337401776,0.21311652337401776,0.31006724465958424,FALSE,FALSE
1992-10-10,East_Antarctica,2.89568452,-0.2236750728492214,0.2236750728492214,0.31006724465958424,FALSE,FALSE
1992-10-11,East_Antarctica,2.885860435,-0.2256194090094099,0.2256194090094099,0.31006724465958424,FALSE,FALSE
1992-10-12,East_Antarctica,2.881288675,-0.2217349273450151,0.2217349273450151,0.31006724465958424,FALSE,FALSE
1992-10-13,East_Antarctica,2.868802356,-0.22524673234647177,0.22524673234647177,0.31006724465958424,FALSE,FALSE
1992-10-14,East_Antarctica,2.843951467,-0.24066305550421777,0.24066305550421777,0.31006724465958424,FALSE,FALSE
1992-10-15,East_Antarctica,2.821592121,-0.25318600430868443,0.25318600430868443,0.31006724465958424,FALSE,FALSE
1992-10-16,East_Antarctica,2.802203087,-0.26239503025031485,0.26239503025031485,0.31006724465958424,FALSE,FALSE
1992-10-17,East_Antarctica,2.775949455,-0.27817996397508127,0.27817996397508127,0.31006724465958424,FALSE,FALSE
1992-10-18,East_Antarctica,2.774109845,-0.26924701841045184,0.26924701841045184,0.31006724465958424,FALSE,FALSE
1992-10-19,East_Antarctica,2.789068164,-0.2431301145533986,0.2431301145533986,0.31006724465958424,FALSE,FALSE
1992-10-20,East_Antarctica,2.798232941,-0.2223358685051311,0.2223358685051311,0.31006724465958424,FALSE,FALSE
1992-10-21,East_Antarctica,2.822215325,-0.18616827636686573,0.18616827636686573,0.31006724465958424,FALSE,FALSE
1992-10-22,East_Antarctica,2.841530191,-0.15402760823980843,0.15402760823980843,0.31006724465958424,FALSE,FALSE
1992-10-23,East_Antarctica,2.826204013,-0.15580253522517484,0.15580253522517484,0.31006724465958424,FALSE,FALSE
1992-10-24,East_Antarctica,2.80305199,-0.16459300342417604,0.16459300342417604,0.31006724465958424,FALSE,FALSE
1992-10-25,East_Antarctica,2.784616398,-0.16777188193802273,0.16777188193802273,0.31006724465958424,FALSE,FALSE
1992-10-26,East_Antarctica,2.797167881,-0.13898367186792804,0.13898367186792804,0.31006724465958424,FALSE,FALSE
1992-10-27,East_Antarctica,2.759399857,-0.15945010031510432,0.15945010031510432,0.31006724465958424,FALSE,FALSE
1992-10-28,East_Antarctica,2.777831842,-0.12256679638076262,0.12256679638076262,0.31006724465958424,FALSE,FALSE
1992-10-29,East_Antarctica,2.767032317,-0.11368042416611512,0.11368042416611512,0.31006724465958424,FALSE,FALSE
1992-10-30,East_Antarctica,2.746768608,-0.11295121341974967,0.11295121341974967,0.31006724465958424,FALSE,FALSE
1992-10-31,East_Antarctica,2.701965087,-0.13544343579150953,0.13544343579150953,0.31006724465958424,FALSE,FALSE
1992-11-01,East_Antarctica,2.661719509,-0.1520667437606935,0.1520667437606935,0.31006724465958424,FALSE,FALSE
1992-11-02,East_Antarctica,2.664139098,-0.12472132585081663,0.12472132585081663,0.31006724465958424,FALSE,FALSE
1992-11-03,East_Antarctica,2.655842937,-0.10679551158538914,0.10679551158538914,0.31006724465958424,FALSE,FALSE
1992-11-04,East_Antarctica,2.672584764,-0.0625429754879212,0.0625429754879212,0.31006724465958424,FALSE,FALSE
1992-11-05,East_Antarctica,2.689420203,-0.01691550608192837,0.01691550608192837,0.31006724465958424,FALSE,FALSE
1992-11-06,East_Antarctica,2.677649464,0.00137969410908134,0.00137969410908134,0.31006724465958424,FALSE,FALSE
1992-11-07,East_Antarctica,2.645881212,9.438775615935312e-4,9.438775615935312e-4,0.31006724465958424,FALSE,FALSE
1992-11-08,East_Antarctica,2.588940766,-0.02340504924790298,0.02340504924790298,0.31006724465958424,FALSE,FALSE
1992-11-09,East_Antarctica,2.568830518,-0.00967210684291819,0.00967210684291819,0.31006724465958424,FALSE,FALSE
1992-11-10,East_Antarctica,2.545652111,0.00223693525303358,0.00223693525303358,0.31006724465958424,FALSE,FALSE
1992-11-11,East_Antarctica,2.512573243,0.00548145495173635,0.00548145495173635,0.31006724465958424,FALSE,FALSE
1992-11-12,East_Antarctica,2.467180417,-0.0024105704070676,0.0024105704070676,0.31006724465958424,FALSE,FALSE
1992-11-13,East_Antarctica,2.416701853,-0.01434491593442866,0.01434491593442866,0.31006724465958424,FALSE,FALSE
1992-11-14,East_Antarctica,2.413718973,0.02211962027227931,0.02211962027227931,0.31006724465958424,FALSE,FALSE
1992-11-15,East_Antarctica,2.38888826,0.03749930111568078,0.03749930111568078,0.31006724465958424,FALSE,FALSE
1992-11-16,East_Antarctica,2.338023477,0.02746766949840218,0.02746766949840218,0.31006724465958424,FALSE,FALSE
1992-11-17,East_Antarctica,2.171754548,-0.09748557067693576,0.09748557067693576,0.31006724465958424,FALSE,FALSE
1992-11-18,East_Antarctica,2.195681543,-0.03190056950770659,0.03190056950770659,0.31006724465958424,FALSE,FALSE
1992-11-19,East_Antarctica,2.188548078,0.00282606890871583,0.00282606890871583,0.31006724465958424,FALSE,FALSE
1992-11-20,East_Antarctica,2.113938296,-0.02986173252504453,0.02986173252504453,0.31006724465958424,FALSE,FALSE
1992-11-21,East_Antarctica,2.04398981,-0.05796658090636386,0.05796658090636386,0.31006724465958424,FALSE,FALSE
1992-11-22,East_Antarctica,2.044006155,-0.01632516133261807,0.01632516133261807,0.31006724465958424,FALSE,FALSE
1992-11-23,East_Antarctica,1.992155838,-0.0269091869011806,0.0269091869011806,0.31006724465958424,FALSE,FALSE
1992-11-24,East_Antarctica,1.914911648,-0.06337760106566237,0.06337760106566237,0.31006724465958424,FALSE,FALSE
1992-11-25,East_Antarctica,1.873024428,-0.06503950621076937,0.06503950621076937,0.31006724465958424,FALSE,FALSE
1992-11-26,East_Antarctica,1.83523431,-0.06317861932186042,0.06317861932186042,0.31006724465958424,FALSE,FALSE
1992-11-27,East_Antarctica,1.766756333,-0.0926034769750328,0.0926034769750328,0.31006724465958424,FALSE,FALSE
1992-11-28,East_Antarctica,1.730317787,-0.09061036474638896,0.09061036474638896,0.31006724465958424,FALSE,FALSE
1992-11-29,East_Antarctica,1.701504946,-0.08163658421202413,0.08163658421202413,0.31006724465958424,FALSE,FALSE
1992-11-30,East_Antarctica,1.676900686,-0.06912283494803995,0.06912283494803995,0.31006724465958424,FALSE,FALSE
1992-12-01,East_Antarctica,1.656590956,-0.05300674353053325,0.05300674353053325,0.31006724465958424,FALSE,FALSE
1992-12-02,East_Antarctica,1.615086667,-0.05880097453560529,0.05880097453560529,0.31006724465958424,FALSE,FALSE
1992-12-03,East_Antarctica,1.588154381,-0.050762541539354,0.050762541539354,0.31006724465958424,FALSE,FALSE
1992-12-04,East_Antarctica,1.555347131,-0.04936198711787787,0.04936198711787787,0.31006724465958424,FALSE,FALSE
1992-12-05,East_Antarctica,1.518875541,-0.05241226284727718,0.05241226284727718,0.31006724465958424,FALSE,FALSE
1992-12-06,East_Antarctica,1.514699454,-0.0239770773177963,0.0239770773177963,0.31006724465958424,FALSE,FALSE
1992-12-07,East_Antarctica,1.508846114,0.00195470785696283,0.00195470785696283,0.31006724465958424,FALSE,FALSE
1992-12-08,East_Antarctica,1.490447667,0.01451709002505108,0.01451709002505108,0.31006724465958424,FALSE,FALSE
1992-12-09,East_Antarctica,1.449681058,0.00389151817809585,0.00389151817809585,0.31006724465958424,FALSE,FALSE
1992-12-10,East_Antarctica,1.429310938,0.01284714730771696,0.01284714730771696,0.31006724465958424,FALSE,FALSE
1992-12-11,East_Antarctica,1.410106101,0.02215727540553769,0.02215727540553769,0.31006724465958424,FALSE,FALSE
1992-12-12,East_Antarctica,1.368842105,0.00860196446318339,0.00860196446318339,0.31006724465958424,FALSE,FALSE
1992-12-13,East_Antarctica,1.32698301,-0.00635022152772291,0.00635022152772291,0.31006724465958424,FALSE,FALSE
1992-12-14,East_Antarctica,1.319649116,0.01242552142444219,0.01242552142444219,0.31006724465958424,FALSE,FALSE
1992-12-15,East_Antarctica,1.293327705,0.01142097931130226,0.01142097931130226,0.31006724465958424,FALSE,FALSE
1992-12-16,East_Antarctica,1.288100652,0.03072253112448075,0.03072253112448075,0.31006724465958424,FALSE,FALSE
1992-12-17,East_Antarctica,1.29667758,0.06304430385559967,0.06304430385559967,0.31006724465958424,FALSE,FALSE
1992-12-18,East_Antarctica,1.265967052,0.05529936449628492,0.05529936449628492,0.31006724465958424,FALSE,FALSE
1992-12-19,East_Antarctica,1.230587562,0.04211151752166575,0.04211151752166575,0.31006724465958424,FALSE,FALSE
1992-12-20,East_Antarctica,1.211708537,0.04466825246564143,0.04466825246564143,0.31006724465958424,FALSE,FALSE
1992-12-21,East_Antarctica,1.211157373,0.06482520682318826,0.06482520682318826,0.31006724465958424,FALSE,FALSE
1992-12-22,East_Antarctica,1.202629712,0.0763065477456022,0.0763065477456022,0.31006724465958424,FALSE,FALSE
1992-12-23,East_Antarctica,1.167243622,0.06025886838418071,0.06025886838418071,0.31006724465958424,FALSE,FALSE
1992-12-24,East_Antarctica,1.128849454,0.04056104489021939,0.04056104489021939,0.31006724465958424,FALSE,FALSE
1992-12-25,East_Antarctica,1.091785535,0.0215799294150143,0.0215799294150143,0.31006724465958424,FALSE,FALSE
1992-12-26,East_Antarctica,1.076619973,0.02391215510986044,0.02391215510986044,0.31006724465958424,FALSE,FALSE
1992-12-27,East_Antarctica,1.056325742,0.02055922112605546,0.02055922112605546,0.31006724465958424,FALSE,FALSE
1992-12-28,East_Antarctica,1.027354412,0.00800122261489644,0.00800122261489644,0.31006724465958424,FALSE,FALSE
1992-12-29,East_Antarctica,1.008590456,0.0051511577276786,0.0051511577276786,0.31006724465958424,FALSE,FALSE
1992-12-30,East_Antarctica,0.985138908,-0.00285741438430453,0.00285741438430453,0.31006724465958424,FALSE,FALSE
1992-12-31,East_Antarctica,0.985730026,0.01273428943024568,0.01273428943024568,0.31006724465958424,FALSE,FALSE
1993-01-01,East_Antarctica,0.962283544,-0.01071219256975397,0.01071219256975397,0.31006724465958424,FALSE,FALSE
1993-01-02,East_Antarctica,0.934624642,-0.02378547665614794,0.02378547665614794,0.31006724465958424,FALSE,FALSE
1993-01-03,East_Antarctica,0.910045782,-0.0341706763860713,0.0341706763860713,0.31006724465958424,FALSE,FALSE
1993-01-04,East_Antarctica,0.870850153,-0.05954269548087876,0.05954269548087876,0.31006724465958424,FALSE,FALSE
1993-01-05,East_Antarctica,0.862910213,-0.05400716866192368,0.05400716866192368,0.31006724465958424,FALSE,FALSE
1993-01-06,East_Antarctica,0.848980868,-0.05478728265056876,0.05478728265056876,0.31006724465958424,FALSE,FALSE
1993-01-07,East_Antarctica,0.837465869,-0.05345737916816684,0.05345737916816684,0.31006724465958424,FALSE,FALSE
1993-01-08,East_Antarctica,0.80372983,-0.0746309369360747,0.0746309369360747,0.31006724465958424,FALSE,FALSE
1993-01-09,East_Antarctica,0.749296118,-0.11676268167565118,0.11676268167565118,0.31006724465958424,FALSE,FALSE
1993-01-10,East_Antarctica,0.737768768,-0.11622667110824968,0.11622667110824968,0.31006724465958424,FALSE,FALSE
1993-01-11,East_Antarctica,0.730794145,-0.11135463295522974,0.11135463295522974,0.31006724465958424,FALSE,FALSE
1993-01-12,East_Antarctica,0.722941638,-0.10755527093794648,0.10755527093794648,0.31006724465958424,FALSE,FALSE
1993-01-13,East_Antarctica,0.704143484,-0.114874440777757,0.114874440777757,0.31006724465958424,FALSE,FALSE
1993-01-14,East_Antarctica,0.703675833,-0.10401442002744464,0.10401442002744464,0.31006724465958424,FALSE,FALSE
1993-01-15,East_Antarctica,0.699413169,-0.09709116761132595,0.09709116761132595,0.31006724465958424,FALSE,FALSE
1993-01-16,East_Antarctica,0.690798866,-0.09466680514158266,0.09466680514158266,0.31006724465958424,FALSE,FALSE
1993-01-17,East_Antarctica,0.671323056,-0.10325764821350258,0.10325764821350258,0.31006724465958424,FALSE,FALSE
1993-01-18,East_Antarctica,0.66030806,-0.1035478234223718,0.1035478234223718,0.31006724465958424,FALSE,FALSE
1993-01-19,East_Antarctica,0.642016596,-0.11128106036347785,0.11128106036347785,0.31006724465958424,FALSE,FALSE
1993-01-20,East_Antarctica,0.64987664,-0.09303583063210852,0.09303583063210852,0.31006724465958424,FALSE,FALSE
1993-01-21,East_Antarctica,0.650500049,-0.0822067248235504,0.0822067248235504,0.31006724465958424,FALSE,FALSE
1993-01-22,East_Antarctica,0.636052923,-0.08663409053309024,0.08663409053309024,0.31006724465958424,FALSE,FALSE
1993-01-23,East_Antarctica,0.608912574,-0.10394706335601622,0.10394706335601622,0.31006724465958424,FALSE,FALSE
1993-01-24,East_Antarctica,0.580305157,-0.12292593588761493,0.12292593588761493,0.31006724465958424,FALSE,FALSE
1993-01-25,East_Antarctica,0.551666351,-0.14214147672317334,0.14214147672317334,0.31006724465958424,FALSE,FALSE
1993-01-26,East_Antarctica,0.552310833,-0.1322854564579785,0.1322854564579785,0.31006724465958424,FALSE,FALSE
1993-01-27,East_Antarctica,0.546213717,-0.1293883898014473,0.1293883898014473,0.31006724465958424,FALSE,FALSE
1993-01-28,East_Antarctica,0.523151299,-0.14367406604873145,0.14367406604873145,0.31006724465958424,FALSE,FALSE
1993-01-29,East_Antarctica,0.52484693,-0.13341692088044688,0.13341692088044688,0.31006724465958424,FALSE,FALSE
1993-01-30,East_Antarctica,0.544842873,-0.10507247057264436,0.10507247057264436,0.31006724465958424,FALSE,FALSE
1993-01-31,East_Antarctica,0.542240232,-0.09953739040137244,0.09953739040137244,0.31006724465958424,FALSE,FALSE
1993-02-01,East_Antarctica,0.527655715,-0.10619275164267984,0.10619275164267984,0.31006724465958424,FALSE,FALSE
1993-02-02,East_Antarctica,0.524655728,-0.10146992757261653,0.10146992757261653,0.31006724465958424,FALSE,FALSE
1993-02-03,East_Antarctica,0.505719816,-0.11288715246723048,0.11288715246723048,0.31006724465958424,FALSE,FALSE
1993-02-04,East_Antarctica,0.506095574,-0.10519461060257174,0.10519461060257174,0.31006724465958424,FALSE,FALSE
1993-02-05,East_Antarctica,0.501138908,-0.1030341752546896,0.1030341752546896,0.31006724465958424,FALSE,FALSE
1993-02-06,East_Antarctica,0.49153872,-0.1057147236996332,0.1057147236996332,0.31006724465958424,FALSE,FALSE
1993-02-07,East_Antarctica,0.469692459,-0.12083658621345106,0.12083658621345106,0.31006724465958424,FALSE,FALSE
1993-02-08,East_Antarctica,0.448422719,-0.13557508731916018,0.13557508731916018,0.31006724465958424,FALSE,FALSE
1993-02-09,East_Antarctica,0.443581395,-0.13409463438723773,0.13409463438723773,0.31006724465958424,FALSE,FALSE
1993-02-10,East_Antarctica,0.439400434,-0.13221614384545227,0.13221614384545227,0.31006724465958424,FALSE,FALSE
1993-02-11,East_Antarctica,0.441245617,-0.12463102086708432,0.12463102086708432,0.31006724465958424,FALSE,FALSE
1993-02-12,East_Antarctica,0.408447077,-0.15206631862541392,0.15206631862541392,0.31006724465958424,FALSE,FALSE
1993-02-13,East_Antarctica,0.411396937,-0.1441871002937225,0.1441871002937225,0.31006724465958424,FALSE,FALSE
1993-02-14,East_Antarctica,0.420376446,-0.13076930304528933,0.13076930304528933,0.31006724465958424,FALSE,FALSE
1993-02-15,East_Antarctica,0.439965989,-0.1072897280533956,0.1072897280533956,0.31006724465958424,FALSE,FALSE
1993-02-16,East_Antarctica,0.434585359,-0.1093857684913228,0.1093857684913228,0.31006724465958424,FALSE,FALSE
1993-02-17,East_Antarctica,0.429204108,-0.11214505853235002,0.11214505853235002,0.31006724465958424,FALSE,FALSE
1993-02-18,East_Antarctica,0.447588556,-0.09185846434975851,0.09185846434975851,0.31006724465958424,FALSE,FALSE
1993-02-19,East_Antarctica,0.463522731,-0.07479914411682781,0.07479914411682781,0.31006724465958424,FALSE,FALSE
1993-02-20,East_Antarctica,0.495891074,-0.04213984300683948,0.04213984300683948,0.31006724465958424,FALSE,FALSE
1993-02-21,East_Antarctica,0.505663313,-0.03296494350458467,0.03296494350458467,0.31006724465958424,FALSE,FALSE
1993-02-22,East_Antarctica,0.471009317,-0.06912139857582672,0.06912139857582672,0.31006724465958424,FALSE,FALSE
1993-02-23,East_Antarctica,0.499701569,-0.04282874123625696,0.04282874123625696,0.31006724465958424,FALSE,FALSE
1993-02-24,East_Antarctica,0.499744494,-0.04607411408510975,0.04607411408510975,0.31006724465958424,FALSE,FALSE
1993-02-25,East_Antarctica,0.485113884,-0.06487329272161879,0.06487329272161879,0.31006724465958424,FALSE,FALSE
1993-02-26,East_Antarctica,0.488576689,-0.06645089474501648,0.06645089474501648,0.31006724465958424,FALSE,FALSE
1993-02-27,East_Antarctica,0.504409147,-0.05652224975453834,0.05652224975453834,0.31006724465958424,FALSE,FALSE
1993-02-28,East_Antarctica,0.50566284,-0.06202734334941673,0.06202734334941673,0.31006724465958424,FALSE,FALSE
1993-03-01,East_Antarctica,0.481355972,-0.09393953912888509,0.09393953912888509,0.31006724465958424,FALSE,FALSE
1993-03-02,East_Antarctica,0.484442717,-0.0992962306921778,0.0992962306921778,0.31006724465958424,FALSE,FALSE
1993-03-03,East_Antarctica,0.479197071,-0.11381498963852754,0.11381498963852754,0.31006724465958424,FALSE,FALSE
1993-03-04,East_Antarctica,0.48771999,-0.1153864275671691,0.1153864275671691,0.31006724465958424,FALSE,FALSE
1993-03-05,East_Antarctica,0.478694985,-0.13531859693456733,0.13531859693456733,0.31006724465958424,FALSE,FALSE
1993-03-06,East_Antarctica,0.48966174,-0.136047966616696,0.136047966616696,0.31006724465958424,FALSE,FALSE
1993-03-07,East_Antarctica,0.506813267,-0.13130750649318346,0.13130750649318346,0.31006724465958424,FALSE,FALSE
1993-03-08,East_Antarctica,0.51842083,-0.13274174167992758,0.13274174167992758,0.31006724465958424,FALSE,FALSE
1993-03-09,East_Antarctica,0.543881875,-0.1208690152928288,0.1208690152928288,0.31006724465958424,FALSE,FALSE
1993-03-10,East_Antarctica,0.545116904,-0.13368461444778523,0.13368461444778523,0.31006724465958424,FALSE,FALSE
1993-03-11,East_Antarctica,0.586858488,-0.10637175726069537,0.10637175726069537,0.31006724465958424,FALSE,FALSE
1993-03-12,East_Antarctica,0.617397461,-0.09055539884745745,0.09055539884745745,0.31006724465958424,FALSE,FALSE
1993-03-13,East_Antarctica,0.626563159,-0.09632199232397289,0.09632199232397289,0.31006724465958424,FALSE,FALSE
1993-03-14,East_Antarctica,0.63322187,-0.1047210388061386,0.1047210388061386,0.31006724465958424,FALSE,FALSE
1993-03-15,East_Antarctica,0.682473819,-0.07056810240985423,0.07056810240985423,0.31006724465958424,FALSE,FALSE
1993-03-16,East_Antarctica,0.727450179,-0.04064779925101924,0.04064779925101924,0.31006724465958424,FALSE,FALSE
1993-03-17,East_Antarctica,0.739551906,-0.04347496244553017,0.04347496244553017,0.31006724465958424,FALSE,FALSE
1993-03-18,East_Antarctica,0.773576581,-0.02417025060892763,0.02417025060892763,0.31006724465958424,FALSE,FALSE
1993-03-19,East_Antarctica,0.805644296,-0.00659301222803954,0.00659301222803954,0.31006724465958424,FALSE,FALSE
1993-03-20,East_Antarctica,0.855931984,0.02939022858633577,0.02939022858633577,0.31006724465958424,FALSE,FALSE
1993-03-21,East_Antarctica,0.868006511,0.02729986671600814,0.02729986671600814,0.31006724465958424,FALSE,FALSE
1993-03-22,East_Antarctica,0.867995208,0.0132167620427851,0.0132167620427851,0.31006724465958424,FALSE,FALSE
1993-03-23,East_Antarctica,0.853472122,-0.01533150955152462,0.01533150955152462,0.31006724465958424,FALSE,FALSE
1993-03-24,East_Antarctica,0.814096585,-0.06873208718511192,0.06873208718511192,0.31006724465958424,FALSE,FALSE
1993-03-25,East_Antarctica,0.810536171,-0.08636386797616791,0.08636386797616791,0.31006724465958424,FALSE,FALSE
1993-03-26,East_Antarctica,0.805130349,-0.10593385404288602,0.10593385404288602,0.31006724465958424,FALSE,FALSE
1993-03-27,East_Antarctica,0.83055287,-0.09481476550345436,0.09481476550345436,0.31006724465958424,FALSE,FALSE
1993-03-28,East_Antarctica,0.846907211,-0.09294959647606792,0.09294959647606792,0.31006724465958424,FALSE,FALSE
1993-03-29,East_Antarctica,0.869293489,-0.08528470107891606,0.08528470107891606,0.31006724465958424,FALSE,FALSE
1993-03-30,East_Antarctica,0.88925967400000006,-0.08031858043018947,0.08031858043018947,0.31006724465958424,FALSE,FALSE
1993-03-31,East_Antarctica,0.905561817,-0.07933292526454017,0.07933292526454017,0.31006724465958424,FALSE,FALSE
1993-04-01,East_Antarctica,0.918838285,-0.08167939521612311,0.08167939521612311,0.31006724465958424,FALSE,FALSE
1993-04-02,East_Antarctica,0.931451534,-0.08496933984112065,0.08496933984112065,0.31006724465958424,FALSE,FALSE
1993-04-03,East_Antarctica,0.934454458,-0.098123657285762,0.098123657285762,0.31006724465958424,FALSE,FALSE
1993-04-04,East_Antarctica,0.922916353,-0.12604684369627606,0.12604684369627606,0.31006724465958424,FALSE,FALSE
1993-04-05,East_Antarctica,0.953161777,-0.11238813321888984,0.11238813321888984,0.31006724465958424,FALSE,FALSE
1993-04-06,East_Antarctica,0.956154139,-0.1261579089998327,0.1261579089998327,0.31006724465958424,FALSE,FALSE
1993-04-07,East_Antarctica,0.97907972,-0.12014368218533378,0.12014368218533378,0.31006724465958424,FALSE,FALSE
1993-04-08,East_Antarctica,0.976066624,-0.14019114092161944,0.14019114092161944,0.31006724465958424,FALSE,FALSE
1993-04-09,East_Antarctica,0.969440807,-0.163948121354919,0.163948121354919,0.31006724465958424,FALSE,FALSE
1993-04-10,East_Antarctica,1.003207047,-0.14738363763146212,0.14738363763146212,0.31006724465958424,FALSE,FALSE
1993-04-11,East_Antarctica,1.029201237,-0.1386355888974744,0.1386355888974744,0.31006724465958424,FALSE,FALSE
1993-04-12,East_Antarctica,1.064781553,-0.12031975381106363,0.12031975381106363,0.31006724465958424,FALSE,FALSE
1993-04-13,East_Antarctica,1.088807411,-0.11356225328964165,0.11356225328964165,0.31006724465958424,FALSE,FALSE
1993-04-14,East_Antarctica,1.103093783,-0.11655274550121142,0.11655274550121142,0.31006724465958424,FALSE,FALSE
1993-04-15,East_Antarctica,1.113835463,-0.1231028500088529,0.1231028500088529,0.31006724465958424,FALSE,FALSE
1993-04-16,East_Antarctica,1.131975226,-0.12227620537564056,0.12227620537564056,0.31006724465958424,FALSE,FALSE
1993-04-17,East_Antarctica,1.177134962,-0.09445733516465538,0.09445733516465538,0.31006724465958424,FALSE,FALSE
1993-04-18,East_Antarctica,1.189802437,-0.09916488693897274,0.09916488693897274,0.31006724465958424,FALSE,FALSE
1993-04-19,East_Antarctica,1.206586344,-0.09979658126166902,0.09979658126166902,0.31006724465958424,FALSE,FALSE
1993-04-20,East_Antarctica,1.211243311,-0.1126022036958234,0.1126022036958234,0.31006724465958424,FALSE,FALSE
1993-04-21,East_Antarctica,1.222495061,-0.11886644480451358,0.11886644480451358,0.31006724465958424,FALSE,FALSE
1993-04-22,East_Antarctica,1.229101694,-0.12983561815081668,0.12983561815081668,0.31006724465958424,FALSE,FALSE
1993-04-23,East_Antarctica,1.245907817,-0.13067153029781142,0.13067153029781142,0.31006724465958424,FALSE,FALSE
1993-04-24,East_Antarctica,1.260412474,-0.13388155080857245,0.13388155080857245,0.31006724465958424,FALSE,FALSE
1993-04-25,East_Antarctica,1.269047959,-0.14303919308607815,0.14303919308607815,0.31006724465958424,FALSE,FALSE
1993-04-26,East_Antarctica,1.26069378,-0.16926499955048424,0.16926499955048424,0.31006724465958424,FALSE,FALSE
1993-04-27,East_Antarctica,1.263627628,-0.1842781482795728,0.1842781482795728,0.31006724465958424,FALSE,FALSE
1993-04-28,East_Antarctica,1.295710876,-0.17021410183919583,0.17021410183919583,0.31006724465958424,FALSE,FALSE
1993-04-29,East_Antarctica,1.311812897,-0.17220032279520736,0.17220032279520736,0.31006724465958424,FALSE,FALSE
1993-04-30,East_Antarctica,1.320756334,-0.18141100371345908,0.18141100371345908,0.31006724465958424,FALSE,FALSE
1993-05-01,East_Antarctica,1.359074291,-0.16130987615980463,0.16130987615980463,0.31006724465958424,FALSE,FALSE
1993-05-02,East_Antarctica,1.392626378,-0.14603416570009742,0.14603416570009742,0.31006724465958424,FALSE,FALSE
1993-05-03,East_Antarctica,1.433769383,-0.1232239199001881,0.1232239199001881,0.31006724465958424,FALSE,FALSE
1993-05-04,East_Antarctica,1.467859992,-0.10751928832593238,0.10751928832593238,0.31006724465958424,FALSE,FALSE
1993-05-05,East_Antarctica,1.495342171,-0.09847314054318136,0.09847314054318136,0.31006724465958424,FALSE,FALSE
1993-05-06,East_Antarctica,1.516635077,-0.09566315511778778,0.09566315511778778,0.31006724465958424,FALSE,FALSE
1993-05-07,East_Antarctica,1.556345166,-0.0744797086190998,0.0744797086190998,0.31006724465958424,FALSE,FALSE
1993-05-08,East_Antarctica,1.57102927,-0.07836113101717346,0.07836113101717346,0.31006724465958424,FALSE,FALSE
1993-05-09,East_Antarctica,1.589021833,-0.07896369402801495,0.07896369402801495,0.31006724465958424,FALSE,FALSE
1993-05-10,East_Antarctica,1.625324057,-0.06127617979862299,0.06127617979862299,0.31006724465958424,FALSE,FALSE
1993-05-11,East_Antarctica,1.647928835,-0.05729567947599201,0.05729567947599201,0.31006724465958424,FALSE,FALSE
1993-05-12,East_Antarctica,1.669813501,-0.05403484320712026,0.05403484320712026,0.31006724465958424,FALSE,FALSE
1993-05-13,East_Antarctica,1.698442676,-0.04401903413900032,0.04401903413900032,0.31006724465958424,FALSE,FALSE
1993-05-14,East_Antarctica,1.723914403,-0.03714019341863084,0.03714019341863084,0.31006724465958424,FALSE,FALSE
1993-05-15,East_Antarctica,1.75190796,-0.02770902719300672,0.02770902719300672,0.31006724465958424,FALSE,FALSE
1993-05-16,East_Antarctica,1.793166099,-0.00497276760912623,0.00497276760912623,0.31006724465958424,FALSE,FALSE
1993-05-17,East_Antarctica,1.78452994,-0.03208027881398156,0.03208027881398156,0.31006724465958424,FALSE,FALSE
1993-05-18,East_Antarctica,1.787528307,-0.04749272095457502,0.04749272095457502,0.31006724465958424,FALSE,FALSE
1993-05-19,East_Antarctica,1.780056478,-0.07330480017789709,0.07330480017789709,0.31006724465958424,FALSE,FALSE
1993-05-20,East_Antarctica,1.776409037,-0.0952114870487062,0.0952114870487062,0.31006724465958424,FALSE,FALSE
1993-05-21,East_Antarctica,1.821418903,-0.06836157840956414,0.06836157840956414,0.31006724465958424,FALSE,FALSE
1993-05-22,East_Antarctica,1.857029327,-0.0507866905385328,0.0507866905385328,0.31006724465958424,FALSE,FALSE
1993-05-23,East_Antarctica,1.884793808,-0.04090796129565266,0.04090796129565266,0.31006724465958424,FALSE,FALSE
1993-05-24,East_Antarctica,1.914190568,-0.02922180554097719,0.02922180554097719,0.31006724465958424,FALSE,FALSE
1993-05-25,East_Antarctica,1.932246885,-0.02867558213455123,0.02867558213455123,0.31006724465958424,FALSE,FALSE
1993-05-26,East_Antarctica,1.953752067,-0.0244546199364215,0.0244546199364215,0.31006724465958424,FALSE,FALSE
1993-05-27,East_Antarctica,1.965634035,-0.02960563480663425,0.02960563480663425,0.31006724465958424,FALSE,FALSE
1993-05-28,East_Antarctica,2.006512735,-0.00548331760523801,0.00548331760523801,0.31006724465958424,FALSE,FALSE
1993-05-29,East_Antarctica,1.995445092,-0.03300538019227939,0.03300538019227939,0.31006724465958424,FALSE,FALSE
1993-05-30,East_Antarctica,2.017391143,-0.02718642242780289,0.02718642242780289,0.31006724465958424,FALSE,FALSE
1993-05-31,East_Antarctica,2.064461262,0.00410929282813965,0.00410929282813965,0.31006724465958424,FALSE,FALSE
1993-06-01,East_Antarctica,2.117198959,0.04145063871550558,0.04145063871550558,0.31006724465958424,FALSE,FALSE
1993-06-02,East_Antarctica,2.151357092,0.0606034012873855,0.0606034012873855,0.31006724465958424,FALSE,FALSE
1993-06-03,East_Antarctica,2.169988799,0.06457848119354503,0.06457848119354503,0.31006724465958424,FALSE,FALSE
1993-06-04,East_Antarctica,2.170414685,0.05063895373658944,0.05063895373658944,0.31006724465958424,FALSE,FALSE
1993-06-05,East_Antarctica,2.210593171,0.07668570965265697,0.07668570965265697,0.31006724465958424,FALSE,FALSE
1993-06-06,East_Antarctica,2.257820496,0.10995745767788234,0.10995745767788234,0.31006724465958424,FALSE,FALSE
1993-06-07,East_Antarctica,2.301518878,0.1398188855484057,0.1398188855484057,0.31006724465958424,FALSE,FALSE
1993-06-08,East_Antarctica,2.320879231,0.14540337700036332,0.14540337700036332,0.31006724465958424,FALSE,FALSE
1993-06-09,East_Antarctica,2.345126278,0.15587812476989082,0.15587812476989082,0.31006724465958424,FALSE,FALSE
1993-06-10,East_Antarctica,2.36185976,0.15878533959313135,0.15878533959313135,0.31006724465958424,FALSE,FALSE
1993-06-11,East_Antarctica,2.385899684,0.16888749820621562,0.16888749820621562,0.31006724465958424,FALSE,FALSE
1993-06-12,East_Antarctica,2.424941037,0.19382205734528535,0.19382205734528535,0.31006724465958424,FALSE,FALSE
1993-06-13,East_Antarctica,2.442917313,0.197464980746477,0.197464980746477,0.31006724465958424,FALSE,FALSE
1993-06-14,East_Antarctica,2.46616989,0.20610124840976596,0.20610124840976596,0.31006724465958424,FALSE,FALSE
1993-06-15,East_Antarctica,2.5261112040000002,0.2511368132209606,0.2511368132209606,0.31006724465958424,FALSE,FALSE
1993-06-16,East_Antarctica,2.553899093,0.26379150608220936,0.26379150608220936,0.31006724465958424,FALSE,FALSE
1993-06-17,East_Antarctica,2.553018033,0.2476167570997947,0.2476167570997947,0.31006724465958424,FALSE,FALSE
1993-06-18,East_Antarctica,2.576417387,0.2556288833800142,0.2556288833800142,0.31006724465958424,FALSE,FALSE
1993-06-19,East_Antarctica,2.624046044,0.28784372802914904,0.28784372802914904,0.31006724465958424,FALSE,FALSE
1993-06-20,East_Antarctica,2.635437122,0.28386136315348987,0.28386136315348987,0.31006724465958424,FALSE,FALSE
1993-06-21,East_Antarctica,2.588258119,0.22141624085932632,0.22141624085932632,0.31006724465958424,FALSE,FALSE
1993-06-22,East_Antarctica,2.576403494,0.19446977425294465,0.19446977425294465,0.31006724465958424,FALSE,FALSE
1993-06-23,East_Antarctica,2.584215154,0.1874308244406344,0.1874308244406344,0.31006724465958424,FALSE,FALSE
1993-06-24,East_Antarctica,2.647807385,0.23648063152868515,0.23648063152868515,0.31006724465958424,FALSE,FALSE
1993-06-25,East_Antarctica,2.666163814,0.2406697766233812,0.2406697766233812,0.31006724465958424,FALSE,FALSE
1993-06-26,East_Antarctica,2.662670162,0.2234509348310172,0.2234509348310172,0.31006724465958424,FALSE,FALSE
1993-06-27,East_Antarctica,2.646638535,0.1941936465006462,0.1941936465006462,0.31006724465958424,FALSE,FALSE
1993-06-28,East_Antarctica,2.644240597,0.17905507388535868,0.17905507388535868,0.31006724465958424,FALSE,FALSE
1993-06-29,East_Antarctica,2.661156018,0.18366751480830557,0.18366751480830557,0.31006724465958424,FALSE,FALSE
1993-06-30,East_Antarctica,2.697169403,0.20776803308898464,0.20776803308898464,0.31006724465958424,FALSE,FALSE
1993-07-01,East_Antarctica,2.702204483,0.20123281854688635,0.20123281854688635,0.31006724465958424,FALSE,FALSE
1993-07-02,East_Antarctica,2.651572936,0.13932600800150086,0.13932600800150086,0.31006724465958424,FALSE,FALSE
1993-07-03,East_Antarctica,2.670781459,0.14750675727232476,0.14750675727232476,0.31006724465958424,FALSE,FALSE
1993-07-04,East_Antarctica,2.657624657,0.12352213017884806,0.12352213017884806,0.31006724465958424,FALSE,FALSE
1993-07-05,East_Antarctica,2.677885147,0.13310720254056552,0.13310720254056552,0.31006724465958424,FALSE,FALSE
1993-07-06,East_Antarctica,2.696685259,0.1413367631769682,0.1413367631769682,0.31006724465958424,FALSE,FALSE
1993-07-07,East_Antarctica,2.702354194,0.13649247190754998,0.13649247190754998,0.31006724465958424,FALSE,FALSE
1993-07-08,East_Antarctica,2.681752021,0.10538685655180392,0.10538685655180392,0.31006724465958424,FALSE,FALSE
1993-07-09,East_Antarctica,2.699894628,0.11298832137337332,0.11298832137337332,0.31006724465958424,FALSE,FALSE
1993-07-10,East_Antarctica,2.75323526,0.1557138002574736,0.1557138002574736,0.31006724465958424,FALSE,FALSE
1993-07-11,East_Antarctica,2.80096548,0.1927429960861473,0.1927429960861473,0.31006724465958424,FALSE,FALSE
1993-07-12,East_Antarctica,2.815713977,0.19669597349603407,0.19669597349603407,0.31006724465958424,FALSE,FALSE
1993-07-13,East_Antarctica,2.8063326,0.17641595712377223,0.17641595712377223,0.31006724465958424,FALSE,FALSE
1993-07-14,East_Antarctica,2.785929116,0.14500208960600736,0.14500208960600736,0.31006724465958424,FALSE,FALSE
1993-07-15,East_Antarctica,2.744878221,0.09282044257937948,0.09282044257937948,0.31006724465958424,FALSE,FALSE
1993-07-16,East_Antarctica,2.768621022,0.10530349868053213,0.10530349868053213,0.31006724465958424,FALSE,FALSE
1993-07-17,East_Antarctica,2.787256761,0.11254187554610384,0.11254187554610384,0.31006724465958424,FALSE,FALSE
1993-07-18,East_Antarctica,2.773198333,0.08693984381273934,0.08693984381273934,0.31006724465958424,FALSE,FALSE
1993-07-19,East_Antarctica,2.788600044,0.09064308511707786,0.09064308511707786,0.31006724465958424,FALSE,FALSE
1993-07-20,East_Antarctica,2.794752513,0.08493359409576362,0.08493359409576362,0.31006724465958424,FALSE,FALSE
1993-07-21,East_Antarctica,2.785189331,0.06333633738543609,0.06333633738543609,0.31006724465958424,FALSE,FALSE
1993-07-22,East_Antarctica,2.85061565,0.11655039921397405,0.11655039921397405,0.31006724465958424,FALSE,FALSE
1993-07-23,East_Antarctica,2.882909484,0.13648301264250629,0.13648301264250629,0.31006724465958424,FALSE,FALSE
1993-07-24,East_Antarctica,2.908778228,0.1498965137053032,0.1498965137053032,0.31006724465958424,FALSE,FALSE
1993-07-25,East_Antarctica,2.914732404,0.14335694891107575,0.14335694891107575,0.31006724465958424,FALSE,FALSE
1993-07-26,East_Antarctica,2.930874639,0.14702246976853495,0.14702246976853495,0.31006724465958424,FALSE,FALSE
1993-07-27,East_Antarctica,2.93661481,0.14035847778638821,0.14035847778638821,0.31006724465958424,FALSE,FALSE
1993-07-28,East_Antarctica,2.915884883,0.10735246347334648,0.10735246347334648,0.31006724465958424,FALSE,FALSE
1993-07-29,East_Antarctica,2.908217777,0.0875928703381228,0.0875928703381228,0.31006724465958424,FALSE,FALSE
1993-07-30,East_Antarctica,2.850387649,0.01790937988942387,0.01790937988942387,0.31006724465958424,FALSE,FALSE
1993-07-31,East_Antarctica,2.839099212,-0.00493777036403875,0.00493777036403875,0.31006724465958424,FALSE,FALSE
1993-08-01,East_Antarctica,2.874511338,0.01926581608644673,0.01926581608644673,0.31006724465958424,FALSE,FALSE
1993-08-02,East_Antarctica,2.886264846,0.02021648274958565,0.02021648274958565,0.31006724465958424,FALSE,FALSE
1993-08-03,East_Antarctica,2.949582992,0.07319300940093143,0.07319300940093143,0.31006724465958424,FALSE,FALSE
1993-08-04,East_Antarctica,2.985091136,0.09885648738220842,0.09885648738220842,0.31006724465958424,FALSE,FALSE
1993-08-05,East_Antarctica,3.001724216,0.10610618708093789,0.10610618708093789,0.31006724465958424,FALSE,FALSE
1993-08-06,East_Antarctica,3.006799347,0.10220746151853843,0.10220746151853843,0.31006724465958424,FALSE,FALSE
1993-08-07,East_Antarctica,2.994951186,0.08174320571642957,0.08174320571642957,0.31006724465958424,FALSE,FALSE
1993-08-08,East_Antarctica,3.0183318,0.09681372469603078,0.09681372469603078,0.31006724465958424,FALSE,FALSE
1993-08-09,East_Antarctica,3.02321313,0.09363919747876226,0.09363919747876226,0.31006724465958424,FALSE,FALSE
1993-08-10,East_Antarctica,3.038218494,0.1007911800860426,0.1007911800860426,0.31006724465958424,FALSE,FALSE
1993-08-11,East_Antarctica,2.986704519,0.04157453753929108,0.04157453753929108,0.31006724465958424,FALSE,FALSE
1993-08-12,East_Antarctica,3.000347776,0.04761407885992774,0.04761407885992774,0.31006724465958424,FALSE,FALSE
1993-08-13,East_Antarctica,3.077622518,0.11733229506937136,0.11733229506937136,0.31006724465958424,FALSE,FALSE
1993-08-14,East_Antarctica,3.105423522,0.13757220118904367,0.13757220118904367,0.31006724465958424,FALSE,FALSE
1993-08-15,East_Antarctica,3.097167798,0.12169904524036212,0.12169904524036212,0.31006724465958424,FALSE,FALSE
1993-08-16,East_Antarctica,3.045968449,0.0627757005404721,0.0627757005404721,0.31006724465958424,FALSE,FALSE
1993-08-17,East_Antarctica,3.060959342,0.06993134783431287,0.06993134783431287,0.31006724465958424,FALSE,FALSE
1993-08-18,East_Antarctica,3.067189832,0.06826278391180907,0.06826278391180907,0.31006724465958424,FALSE,FALSE
1993-08-19,East_Antarctica,3.096914121,0.09007450931448524,0.09007450931448524,0.31006724465958424,FALSE,FALSE
1993-08-20,East_Antarctica,3.130696498,0.11598111158387558,0.11598111158387558,0.31006724465958424,FALSE,FALSE
1993-08-21,East_Antarctica,3.203989942,0.1814858682615106,0.1814858682615106,0.31006724465958424,FALSE,FALSE
1993-08-22,East_Antarctica,3.27186518,0.24170980488891924,0.24170980488891924,0.31006724465958424,FALSE,FALSE
1993-08-23,East_Antarctica,3.284853649,0.24723465700763203,0.24723465700763203,0.31006724465958424,FALSE,FALSE
1993-08-24,East_Antarctica,3.305781309,0.2609366831591813,0.2609366831591813,0.31006724465958424,FALSE,FALSE
1993-08-25,East_Antarctica,3.306137761,0.2543557828850971,0.2543557828850971,0.31006724465958424,FALSE,FALSE
1993-08-26,East_Antarctica,3.26072059,0.20233983972690917,0.20233983972690917,0.31006724465958424,FALSE,FALSE
1993-08-27,East_Antarctica,3.22745642,0.16286577622614873,0.16286577622614873,0.31006724465958424,FALSE,FALSE
1993-08-28,East_Antarctica,3.200984817,0.13062345692434807,0.13062345692434807,0.31006724465958424,FALSE,FALSE
1993-08-29,East_Antarctica,3.161630492,0.08597889973806483,0.08597889973806483,0.31006724465958424,FALSE,FALSE
1993-08-30,East_Antarctica,3.131944414,0.05146973222076223,0.05146973222076223,0.31006724465958424,FALSE,FALSE
1993-08-31,East_Antarctica,3.150774831,0.06591032779498729,0.06591032779498729,0.31006724465958424,FALSE,FALSE
1993-09-01,East_Antarctica,3.203039998,0.11418503005358982,0.11418503005358982,0.31006724465958424,FALSE,FALSE
1993-09-02,East_Antarctica,3.231929863,0.13944987558942268,0.13944987558942268,0.31006724465958424,FALSE,FALSE
1993-09-03,East_Antarctica,3.286120142,0.1903466689953346,0.1903466689953346,0.31006724465958424,FALSE,FALSE
1993-09-04,East_Antarctica,3.252438758,0.1536694218641812,0.1536694218641812,0.31006724465958424,FALSE,FALSE
1993-09-05,East_Antarctica,3.257711394,0.15620990578881289,0.15620990578881289,0.31006724465958424,FALSE,FALSE
1993-09-06,East_Antarctica,3.233054664,0.1290508233620793,0.1290508233620793,0.31006724465958424,FALSE,FALSE
1993-09-07,East_Antarctica,3.244307467,0.13799716217683455,0.13799716217683455,0.31006724465958424,FALSE,FALSE
1993-09-08,East_Antarctica,3.284486928,0.1760321358259258,0.1760321358259258,0.31006724465958424,FALSE,FALSE
1993-09-09,East_Antarctica,3.276792579,0.1663213649022115,0.1663213649022115,0.31006724465958424,FALSE,FALSE
1993-09-10,East_Antarctica,3.267697733,0.15530430280647511,0.15530430280647511,0.31006724465958424,FALSE,FALSE
1993-09-11,East_Antarctica,3.281018114,0.16676773215217988,0.16676773215217988,0.31006724465958424,FALSE,FALSE
1993-09-12,East_Antarctica,3.307747059,0.19168494859008955,0.19168494859008955,0.31006724465958424,FALSE,FALSE
1993-09-13,East_Antarctica,3.321108575,0.20326085486730916,0.20326085486730916,0.31006724465958424,FALSE,FALSE
1993-09-14,East_Antarctica,3.336356417,0.216730101730946,0.216730101730946,0.31006724465958424,FALSE,FALSE
1993-09-15,East_Antarctica,3.35566886,0.23425185992809985,0.23425185992809985,0.31006724465958424,FALSE,FALSE
1993-09-16,East_Antarctica,3.36762125,0.24438237120587836,0.24438237120587836,0.31006724465958424,FALSE,FALSE
1993-09-17,East_Antarctica,3.337140463,0.2120294073113849,0.2120294073113849,0.31006724465958424,FALSE,FALSE
1993-09-18,East_Antarctica,3.318373539,0.1913209039917243,0.1913209039917243,0.31006724465958424,FALSE,FALSE
1993-09-19,East_Antarctica,3.319571881,0.19048915999400107,0.19048915999400107,0.31006724465958424,FALSE,FALSE
1993-09-20,East_Antarctica,3.287459862,0.15623944406532075,0.15623944406532075,0.31006724465958424,FALSE,FALSE
1993-09-21,East_Antarctica,3.259104636,0.12561980595278532,0.12561980595278532,0.31006724465958424,FALSE,FALSE
1993-09-22,East_Antarctica,3.281705622,0.1458105604035005,0.1458105604035005,0.31006724465958424,FALSE,FALSE
1993-09-23,East_Antarctica,3.301070329,0.16260619912016328,0.16260619912016328,0.31006724465958424,FALSE,FALSE
1993-09-24,East_Antarctica,3.262681382,0.12154149751289456,0.12154149751289456,0.31006724465958424,FALSE,FALSE
1993-09-25,East_Antarctica,3.269123797,0.12529315372490313,0.12529315372490313,0.31006724465958424,FALSE,FALSE
1993-09-26,East_Antarctica,3.320212969,0.17376879957322666,0.17376879957322666,0.31006724465958424,FALSE,FALSE
1993-09-27,East_Antarctica,3.378812169,0.2299239428748998,0.2299239428748998,0.31006724465958424,FALSE,FALSE
1993-09-28,East_Antarctica,3.403173213,0.2521026364469616,0.2521026364469616,0.31006724465958424,FALSE,FALSE
1993-09-29,East_Antarctica,3.410146367,0.257247383106447,0.257247383106447,0.31006724465958424,FALSE,FALSE
1993-09-30,East_Antarctica,3.396496223,0.24221501167039428,0.24221501167039428,0.31006724465958424,FALSE,FALSE
1993-10-01,East_Antarctica,3.37414329,0.21901826795583812,0.21901826795583812,0.31006724465958424,FALSE,FALSE
1993-10-02,East_Antarctica,3.417262869,0.2619246897798173,0.2619246897798173,0.31006724465958424,FALSE,FALSE
1993-10-03,East_Antarctica,3.449336864,0.2945084179593698,0.2945084179593698,0.31006724465958424,FALSE,FALSE
1993-10-04,East_Antarctica,3.48883144,0.3353278543115268,0.3353278543115268,0.31006724465958424,TRUE,TRUE
1993-10-05,East_Antarctica,3.568064107,0.41679271789254146,0.41679271789254146,0.31006724465958424,TRUE,TRUE
1993-10-06,East_Antarctica,3.610193106,0.4621198784857068,0.4621198784857068,0.31006724465958424,TRUE,TRUE
1993-10-07,East_Antarctica,3.616226849,0.4722775988460693,0.4722775988460693,0.31006724465958424,TRUE,TRUE
1993-10-08,East_Antarctica,3.609737454,0.4707797764831936,0.4707797764831936,0.31006724465958424,TRUE,TRUE
1993-10-09,East_Antarctica,3.589102275,0.4559455449066423,0.4559455449066423,0.31006724465958424,TRUE,TRUE
1993-10-10,East_Antarctica,3.55387966,0.42727503162598257,0.42727503162598257,0.31006724465958424,TRUE,TRUE
1993-10-11,East_Antarctica,3.52087303,0.4015134371507787,0.4015134371507787,0.31006724465958424,TRUE,TRUE
1993-10-12,East_Antarctica,3.523359432,0.4118795879905899,0.4118795879905899,0.31006724465958424,TRUE,TRUE
1993-10-13,East_Antarctica,3.558019683,0.45499608065498487,0.45499608065498487,0.31006724465958424,TRUE,TRUE
1993-10-14,East_Antarctica,3.546526302,0.4524772136535282,0.4524772136535282,0.31006724465958424,TRUE,TRUE
1993-10-15,East_Antarctica,3.543333402,0.45871887949578216,0.45871887949578216,0.31006724465958424,TRUE,TRUE
1993-10-16,East_Antarctica,3.56131073,0.4865326046913157,0.4865326046913157,0.31006724465958424,TRUE,TRUE
1993-10-17,East_Antarctica,3.546967456,0.482369338749685,0.482369338749685,0.31006724465958424,TRUE,TRUE
1993-10-18,East_Antarctica,3.519703476,0.4655740570249187,0.4655740570249187,0.31006724465958424,TRUE,TRUE
1993-10-19,East_Antarctica,3.501335477,0.4579786135895483,0.4579786135895483,0.31006724465958424,TRUE,TRUE
1993-10-20,East_Antarctica,3.460765911,0.42856763244660145,0.42856763244660145,0.31006724465958424,TRUE,TRUE
1993-10-21,East_Antarctica,3.430202133,0.4096333234948686,0.4096333234948686,0.31006724465958424,TRUE,TRUE
1993-10-22,East_Antarctica,3.352833033,0.34444943163313413,0.34444943163313413,0.31006724465958424,TRUE,TRUE
1993-10-23,East_Antarctica,3.398255168,0.4026973687601916,0.4026973687601916,0.31006724465958424,TRUE,TRUE
1993-10-24,East_Antarctica,3.397529682,0.4155231337748253,0.4155231337748253,0.31006724465958424,TRUE,TRUE
1993-10-25,East_Antarctica,3.379670491,0.412025497575824,0.412025497575824,0.31006724465958424,TRUE,TRUE
1993-10-26,East_Antarctica,3.342078408,0.38969012806197734,0.38969012806197734,0.31006724465958424,TRUE,TRUE
1993-10-27,East_Antarctica,3.333589356,0.397437803132072,0.397437803132072,0.31006724465958424,TRUE,TRUE
1993-10-28,East_Antarctica,3.3139672,0.3951172426848957,0.3951172426848957,0.31006724465958424,TRUE,TRUE
1993-10-29,East_Antarctica,3.290813887,0.3904152486192376,0.3904152486192376,0.31006724465958424,TRUE,TRUE
1993-10-30,East_Antarctica,3.278762789,0.39805004783388487,0.39805004783388487,0.31006724465958424,TRUE,TRUE
1993-10-31,East_Antarctica,3.236110288,0.3763904665802502,0.3763904665802502,0.31006724465958424,TRUE,TRUE
1993-11-01,East_Antarctica,3.206229697,0.3688211742084904,0.3688211742084904,0.31006724465958424,TRUE,TRUE
1993-11-02,East_Antarctica,3.189006425,0.3752201722393065,0.3752201722393065,0.31006724465958424,TRUE,TRUE
1993-11-03,East_Antarctica,3.200666057,0.41180563314918306,0.41180563314918306,0.31006724465958424,TRUE,TRUE
1993-11-04,East_Antarctica,3.190664285,0.4280258364146108,0.4280258364146108,0.31006724465958424,TRUE,TRUE
1993-11-05,East_Antarctica,3.19712693,0.46199919051207905,0.46199919051207905,0.31006724465958424,TRUE,TRUE
1993-11-06,East_Antarctica,3.161148242,0.45481253291807144,0.45481253291807144,0.31006724465958424,TRUE,TRUE
1993-11-07,East_Antarctica,3.120811318,0.4445415481090813,0.4445415481090813,0.31006724465958424,TRUE,TRUE
1993-11-08,East_Antarctica,3.112566053,0.4676287185615937,0.4676287185615937,0.31006724465958424,TRUE,TRUE
1993-11-09,East_Antarctica,3.100097656,0.4877518407520971,0.4877518407520971,0.31006724465958424,TRUE,TRUE
1993-11-10,East_Antarctica,3.085952095,0.507449470157082,0.507449470157082,0.31006724465958424,TRUE,TRUE
1993-11-11,East_Antarctica,3.048356098,0.5049409222530339,0.5049409222530339,0.31006724465958424,TRUE,TRUE
1993-11-12,East_Antarctica,3.01249754,0.5054057519517365,0.5054057519517365,0.31006724465958424,TRUE,TRUE
1993-11-13,East_Antarctica,2.937417892,0.46782690459293264,0.46782690459293264,0.31006724465958424,TRUE,TRUE
1993-11-14,East_Antarctica,2.847753183,0.4167064140655712,0.4167064140655712,0.31006724465958424,TRUE,TRUE
1993-11-15,East_Antarctica,2.795462735,0.4038633822722794,0.4038633822722794,0.31006724465958424,TRUE,TRUE
1993-11-16,East_Antarctica,2.740010844,0.38862188511568085,0.38862188511568085,0.31006724465958424,TRUE,TRUE
1993-11-17,East_Antarctica,2.667116669,0.35656086149840194,0.35656086149840194,0.31006724465958424,TRUE,TRUE
1993-11-18,East_Antarctica,2.652788639,0.3835485203230644,0.3835485203230644,0.31006724465958424,TRUE,TRUE
1993-11-19,East_Antarctica,2.577546042,0.34996392949229316,0.34996392949229316,0.31006724465958424,TRUE,TRUE
1993-11-20,East_Antarctica,2.517477546,0.3317555369087155,0.3317555369087155,0.31006724465958424,TRUE,TRUE
1993-11-21,East_Antarctica,2.437700255,0.2939002264749555,0.2939002264749555,0.31006724465958424,FALSE,FALSE
1993-11-22,East_Antarctica,2.368401368,0.2664449770936361,0.2664449770936361,0.31006724465958424,FALSE,FALSE
1993-11-23,East_Antarctica,2.343467381,0.28313606466738195,0.28313606466738195,0.31006724465958424,FALSE,FALSE
1993-11-24,East_Antarctica,2.286153327,0.2670883020988195,0.2670883020988195,0.31006724465958424,FALSE,FALSE
1993-11-25,East_Antarctica,2.215015247,0.2367259979343379,0.2367259979343379,0.31006724465958424,FALSE,FALSE
1993-11-26,East_Antarctica,2.155865233,0.2178012987892308,0.2178012987892308,0.31006724465958424,FALSE,FALSE
1993-11-27,East_Antarctica,2.120748,0.2223350706781395,0.2223350706781395,0.31006724465958424,FALSE,FALSE
1993-11-28,East_Antarctica,2.094643879,0.23528406902496712,0.23528406902496712,0.31006724465958424,FALSE,FALSE
1993-11-29,East_Antarctica,2.012782626,0.19185447425361105,0.19185447425361105,0.31006724465958424,FALSE,FALSE
1993-11-30,East_Antarctica,1.972638504,0.18949697378797592,0.18949697378797592,0.31006724465958424,FALSE,FALSE
1993-12-01,East_Antarctica,1.932060321,0.1860368000519601,0.1860368000519601,0.31006724465958424,FALSE,FALSE
1993-12-02,East_Antarctica,1.875651044,0.1660533444694667,0.1660533444694667,0.31006724465958424,FALSE,FALSE
1993-12-03,East_Antarctica,1.82022055,0.14633290846439473,0.14633290846439473,0.31006724465958424,FALSE,FALSE
1993-12-04,East_Antarctica,1.770947155,0.13203023246064594,0.13203023246064594,0.31006724465958424,FALSE,FALSE
1993-12-05,East_Antarctica,1.735237739,0.13052862088212214,0.13052862088212214,0.31006724465958424,FALSE,FALSE
1993-12-06,East_Antarctica,1.636868769,0.0655809651527226,0.0655809651527226,0.31006724465958424,FALSE,FALSE
1993-12-07,East_Antarctica,1.595081146,0.0564046146822037,0.0564046146822037,0.31006724465958424,FALSE,FALSE
1993-12-08,East_Antarctica,1.554241226,0.04734981985696285,0.04734981985696285,0.31006724465958424,FALSE,FALSE
1993-12-09,East_Antarctica,1.486038659,0.0101080820250512,0.0101080820250512,0.31006724465958424,FALSE,FALSE
1993-12-10,East_Antarctica,1.465955176,0.02016563617809597,0.02016563617809597,0.31006724465958424,FALSE,FALSE
1993-12-11,East_Antarctica,1.456085646,0.039621855307717,0.039621855307717,0.31006724465958424,FALSE,FALSE
1993-12-12,East_Antarctica,1.43848288,0.05053405440553771,0.05053405440553771,0.31006724465958424,FALSE,FALSE
1993-12-13,East_Antarctica,1.427194006,0.06695386546318338,0.06695386546318338,0.31006724465958424,FALSE,FALSE
1993-12-14,East_Antarctica,1.409176533,0.07584330147227702,0.07584330147227702,0.31006724465958424,FALSE,FALSE
1993-12-15,East_Antarctica,1.391722918,0.08449932342444222,0.08449932342444222,0.31006724465958424,FALSE,FALSE
1993-12-16,East_Antarctica,1.333316336,0.0514096103113022,0.0514096103113022,0.31006724465958424,FALSE,FALSE
1993-12-17,East_Antarctica,1.335701132,0.07832301112448081,0.07832301112448081,0.31006724465958424,FALSE,FALSE
1993-12-18,East_Antarctica,1.307442468,0.07380919185559964,0.07380919185559964,0.31006724465958424,FALSE,FALSE
1993-12-19,East_Antarctica,1.285258139,0.07459045149628496,0.07459045149628496,0.31006724465958424,FALSE,FALSE
1993-12-20,East_Antarctica,1.238982488,0.05050644352166578,0.05050644352166578,0.31006724465958424,FALSE,FALSE
1993-12-21,East_Antarctica,1.215108319,0.04806803446564145,0.04806803446564145,0.31006724465958424,FALSE,FALSE
1993-12-22,East_Antarctica,1.182678779,0.03634661282318818,0.03634661282318818,0.31006724465958424,FALSE,FALSE
1993-12-23,East_Antarctica,1.147268591,0.02094542674560218,0.02094542674560218,0.31006724465958424,FALSE,FALSE
1993-12-24,East_Antarctica,1.123926241,0.01694148738418066,0.01694148738418066,0.31006724465958424,FALSE,FALSE
1993-12-25,East_Antarctica,1.090530802,0.00224239289021932,0.00224239289021932,0.31006724465958424,FALSE,FALSE
1993-12-26,East_Antarctica,1.068243648,-0.00196195758498585,0.00196195758498585,0.31006724465958424,FALSE,FALSE
1993-12-27,East_Antarctica,1.060943537,0.00823571910986054,0.00823571910986054,0.31006724465958424,FALSE,FALSE
1993-12-28,East_Antarctica,1.053716701,0.01795018012605531,0.01795018012605531,0.31006724465958424,FALSE,FALSE
1993-12-29,East_Antarctica,1.047198529,0.02784533961489654,0.02784533961489654,0.31006724465958424,FALSE,FALSE
1993-12-30,East_Antarctica,1.048443915,0.04500461672767852,0.04500461672767852,0.31006724465958424,FALSE,FALSE
1993-12-31,East_Antarctica,1.027501699,0.03950537661569553,0.03950537661569553,0.31006724465958424,FALSE,FALSE
1994-01-01,East_Antarctica,0.996265945,0.02327020843024596,0.02327020843024596,0.31006724465958424,FALSE,FALSE
1994-01-02,East_Antarctica,0.959532189,0.00112207034385214,0.00112207034385214,0.31006724465958424,FALSE,FALSE
1994-01-03,East_Antarctica,0.93063393,-0.01358252838607121,0.01358252838607121,0.31006724465958424,FALSE,FALSE
1994-01-04,East_Antarctica,0.921773543,-0.00861930548087874,0.00861930548087874,0.31006724465958424,FALSE,FALSE
1994-01-05,East_Antarctica,0.909690551,-0.00722683066192375,0.00722683066192375,0.31006724465958424,FALSE,FALSE
1994-01-06,East_Antarctica,0.892585731,-0.01118241965056876,0.01118241965056876,0.31006724465958424,FALSE,FALSE
1994-01-07,East_Antarctica,0.876820948,-0.01410230016816682,0.01410230016816682,0.31006724465958424,FALSE,FALSE
1994-01-08,East_Antarctica,0.877351376,-0.00100939093607466,0.00100939093607466,0.31006724465958424,FALSE,FALSE
1994-01-09,East_Antarctica,0.861624021,-0.00443477867565111,0.00443477867565111,0.31006724465958424,FALSE,FALSE
1994-01-10,East_Antarctica,0.84652053,-0.00747490910824966,0.00747490910824966,0.31006724465958424,FALSE,FALSE
1994-01-11,East_Antarctica,0.824748069,-0.01740070895522971,0.01740070895522971,0.31006724465958424,FALSE,FALSE
1994-01-12,East_Antarctica,0.80249682,-0.02800008893794647,0.02800008893794647,0.31006724465958424,FALSE,FALSE
1994-01-13,East_Antarctica,0.788029787,-0.03098813777775699,0.03098813777775699,0.31006724465958424,FALSE,FALSE
1994-01-14,East_Antarctica,0.744418378,-0.06327187502744469,0.06327187502744469,0.31006724465958424,FALSE,FALSE
1994-01-15,East_Antarctica,0.733525295,-0.06297904161132595,0.06297904161132595,0.31006724465958424,FALSE,FALSE
1994-01-16,East_Antarctica,0.710520797,-0.07494487414158257,0.07494487414158257,0.31006724465958424,FALSE,FALSE
1994-01-17,East_Antarctica,0.701112116,-0.07346858821350255,0.07346858821350255,0.31006724465958424,FALSE,FALSE
1994-01-18,East_Antarctica,0.684867837,-0.07898804642237178,0.07898804642237178,0.31006724465958424,FALSE,FALSE
1994-01-19,East_Antarctica,0.664181185,-0.08911647136347789,0.08911647136347789,0.31006724465958424,FALSE,FALSE
1994-01-20,East_Antarctica,0.67267319,-0.07023928063210849,0.07023928063210849,0.31006724465958424,FALSE,FALSE
1994-01-21,East_Antarctica,0.665498156,-0.06720861782355048,0.06720861782355048,0.31006724465958424,FALSE,FALSE
1994-01-22,East_Antarctica,0.658724275,-0.06396273853309031,0.06396273853309031,0.31006724465958424,FALSE,FALSE
1994-01-23,East_Antarctica,0.662274562,-0.05058507535601619,0.05058507535601619,0.31006724465958424,FALSE,FALSE
1994-01-24,East_Antarctica,0.662852574,-0.0403785188876149,0.0403785188876149,0.31006724465958424,FALSE,FALSE
1994-01-25,East_Antarctica,0.637489456,-0.05631837172317344,0.05631837172317344,0.31006724465958424,FALSE,FALSE
1994-01-26,East_Antarctica,0.622949474,-0.06164681545797845,0.06164681545797845,0.31006724465958424,FALSE,FALSE
1994-01-27,East_Antarctica,0.625962298,-0.04963980880144725,0.04963980880144725,0.31006724465958424,FALSE,FALSE
1994-01-28,East_Antarctica,0.645854343,-0.02097102204873147,0.02097102204873147,0.31006724465958424,FALSE,FALSE
1994-01-29,East_Antarctica,0.656154561,-0.00210928988044689,0.00210928988044689,0.31006724465958424,FALSE,FALSE
1994-01-30,East_Antarctica,0.650112498,1.9715442735568356e-4,1.9715442735568356e-4,0.31006724465958424,FALSE,FALSE
1994-01-31,East_Antarctica,0.621017099,-0.02076052340137246,0.02076052340137246,0.31006724465958424,FALSE,FALSE
1994-02-01,East_Antarctica,0.627091091,-0.00675737564267975,0.00675737564267975,0.31006724465958424,FALSE,FALSE
1994-02-02,East_Antarctica,0.627157693,0.00103203742738344,0.00103203742738344,0.31006724465958424,FALSE,FALSE
1994-02-03,East_Antarctica,0.613320645,-0.00528632346723045,0.00528632346723045,0.31006724465958424,FALSE,FALSE
1994-02-04,East_Antarctica,0.590341721,-0.02094846360257174,0.02094846360257174,0.31006724465958424,FALSE,FALSE
1994-02-05,East_Antarctica,0.578257904,-0.02591517925468967,0.02591517925468967,0.31006724465958424,FALSE,FALSE
1994-02-06,East_Antarctica,0.590939279,-0.00631416469963319,0.00631416469963319,0.31006724465958424,FALSE,FALSE
1994-02-07,East_Antarctica,0.583756069,-0.00677297621345107,0.00677297621345107,0.31006724465958424,FALSE,FALSE
1994-02-08,East_Antarctica,0.5880247,0.00402689368083974,0.00402689368083974,0.31006724465958424,FALSE,FALSE
1994-02-09,East_Antarctica,0.576599177,-0.00107685238723775,0.00107685238723775,0.31006724465958424,FALSE,FALSE
1994-02-10,East_Antarctica,0.556662558,-0.014954019845452299,0.014954019845452299,0.31006724465958424,FALSE,FALSE
1994-02-11,East_Antarctica,0.545816945,-0.02005969286708431,0.02005969286708431,0.31006724465958424,FALSE,FALSE
1994-02-12,East_Antarctica,0.564031812,0.00351841637458605,0.00351841637458605,0.31006724465958424,FALSE,FALSE
1994-02-13,East_Antarctica,0.55979365699999994,0.00420961970627742,0.00420961970627742,0.31006724465958424,FALSE,FALSE
1994-02-14,East_Antarctica,0.558638707,0.00749295795471061,0.00749295795471061,0.31006724465958424,FALSE,FALSE
1994-02-15,East_Antarctica,0.55803666,0.01078094294660436,0.01078094294660436,0.31006724465958424,FALSE,FALSE
1994-02-16,East_Antarctica,0.570720466,0.02674933850867722,0.02674933850867722,0.31006724465958424,FALSE,FALSE
1994-02-17,East_Antarctica,0.58708921,0.04574004346765004,0.04574004346765004,0.31006724465958424,FALSE,FALSE
1994-02-18,East_Antarctica,0.585886465,0.04643944465024141,0.04643944465024141,0.31006724465958424,FALSE,FALSE
1994-02-19,East_Antarctica,0.591881272,0.05355939688317213,0.05355939688317213,0.31006724465958424,FALSE,FALSE
1994-02-20,East_Antarctica,0.607063331,0.06903241399316051,0.06903241399316051,0.31006724465958424,FALSE,FALSE
1994-02-21,East_Antarctica,0.606466118,0.06783786149541537,0.06783786149541537,0.31006724465958424,FALSE,FALSE
1994-02-22,East_Antarctica,0.598596416,0.05846570042417332,0.05846570042417332,0.31006724465958424,FALSE,FALSE
1994-02-23,East_Antarctica,0.590742253,0.04821194276374307,0.04821194276374307,0.31006724465958424,FALSE,FALSE
1994-02-24,East_Antarctica,0.599915543,0.05409693491489031,0.05409693491489031,0.31006724465958424,FALSE,FALSE
1994-02-25,East_Antarctica,0.596245858,0.04625868127838117,0.04625868127838117,0.31006724465958424,FALSE,FALSE
1994-02-26,East_Antarctica,0.59812109,0.04309350625498354,0.04309350625498354,0.31006724465958424,FALSE,FALSE
1994-02-27,East_Antarctica,0.59454505,0.03361365324546173,0.03361365324546173,0.31006724465958424,FALSE,FALSE
1994-02-28,East_Antarctica,0.601328093,0.03363790965058333,0.03363790965058333,0.31006724465958424,FALSE,FALSE
1994-03-01,East_Antarctica,0.601890964,0.02659545287111486,0.02659545287111486,0.31006724465958424,FALSE,FALSE
1994-03-02,East_Antarctica,0.617719123,0.03398017530782216,0.03398017530782216,0.31006724465958424,FALSE,FALSE
1994-03-03,East_Antarctica,0.605633902,0.01262184136147248,0.01262184136147248,0.31006724465958424,FALSE,FALSE
1994-03-04,East_Antarctica,0.59831411,-0.00479230756716908,0.00479230756716908,0.31006724465958424,FALSE,FALSE
1994-03-05,East_Antarctica,0.609325837,-0.00468774493456736,0.00468774493456736,0.31006724465958424,FALSE,FALSE
1994-03-06,East_Antarctica,0.616642857,-0.00906684961669601,0.00906684961669601,0.31006724465958424,FALSE,FALSE
1994-03-07,East_Antarctica,0.625307965,-0.01281280849318344,0.01281280849318344,0.31006724465958424,FALSE,FALSE
1994-03-08,East_Antarctica,0.657661673,0.00649910132007236,0.00649910132007236,0.31006724465958424,FALSE,FALSE
1994-03-09,East_Antarctica,0.684898383,0.02014749270717131,0.02014749270717131,0.31006724465958424,FALSE,FALSE
1994-03-10,East_Antarctica,0.692879995,0.01407847655221472,0.01407847655221472,0.31006724465958424,FALSE,FALSE
1994-03-11,East_Antarctica,0.724628964,0.03139871873930466,0.03139871873930466,0.31006724465958424,FALSE,FALSE
1994-03-12,East_Antarctica,0.740340034,0.03238717415254255,0.03238717415254255,0.31006724465958424,FALSE,FALSE
1994-03-13,East_Antarctica,0.754259365,0.03137421367602711,0.03137421367602711,0.31006724465958424,FALSE,FALSE
1994-03-14,East_Antarctica,0.763389717,0.02544680819386147,0.02544680819386147,0.31006724465958424,FALSE,FALSE
1994-03-15,East_Antarctica,0.761097338,0.00805541659014574,0.00805541659014574,0.31006724465958424,FALSE,FALSE
1994-03-16,East_Antarctica,0.750795432,-0.01730254625101923,0.01730254625101923,0.31006724465958424,FALSE,FALSE
1994-03-17,East_Antarctica,0.762633453,-0.02039341544553019,0.02039341544553019,0.31006724465958424,FALSE,FALSE
1994-03-18,East_Antarctica,0.765074848,-0.03267198360892764,0.03267198360892764,0.31006724465958424,FALSE,FALSE
1994-03-19,East_Antarctica,0.780775104,-0.03146220422803947,0.03146220422803947,0.31006724465958424,FALSE,FALSE
1994-03-20,East_Antarctica,0.808367581,-0.01817417441366431,0.01817417441366431,0.31006724465958424,FALSE,FALSE
1994-03-21,East_Antarctica,0.836356572,-0.00435007228399186,0.00435007228399186,0.31006724465958424,FALSE,FALSE
1994-03-22,East_Antarctica,0.849743172,-0.00503527395721481,0.00503527395721481,0.31006724465958424,FALSE,FALSE
1994-03-23,East_Antarctica,0.875158097,0.00635446544847539,0.00635446544847539,0.31006724465958424,FALSE,FALSE
1994-03-24,East_Antarctica,0.892676754,0.00984808181488805,0.00984808181488805,0.31006724465958424,FALSE,FALSE
1994-03-25,East_Antarctica,0.919322973,0.02242293402383211,0.02242293402383211,0.31006724465958424,FALSE,FALSE
1994-03-26,East_Antarctica,0.938600059,0.02753585595711394,0.02753585595711394,0.31006724465958424,FALSE,FALSE
1994-03-27,East_Antarctica,0.972005342,0.04663770649654564,0.04663770649654564,0.31006724465958424,FALSE,FALSE
1994-03-28,East_Antarctica,0.998606016,0.05874920852393206,0.05874920852393206,0.31006724465958424,FALSE,FALSE
1994-03-29,East_Antarctica,1.011870582,0.05729239192108393,0.05729239192108393,0.31006724465958424,FALSE,FALSE
1994-03-30,East_Antarctica,1.008253978,0.03867572356981041,0.03867572356981041,0.31006724465958424,FALSE,FALSE
1994-03-31,East_Antarctica,1.019679383,0.03478464073545972,0.03478464073545972,0.31006724465958424,FALSE,FALSE
1994-04-01,East_Antarctica,1.042531113,0.04201343278387681,0.04201343278387681,0.31006724465958424,FALSE,FALSE
1994-04-02,East_Antarctica,1.081134018,0.0647131441588793,0.0647131441588793,0.31006724465958424,FALSE,FALSE
1994-04-03,East_Antarctica,1.124602042,0.09202392671423798,0.09202392671423798,0.31006724465958424,FALSE,FALSE
1994-04-04,East_Antarctica,1.15529006,0.10632686330372398,0.10632686330372398,0.31006724465958424,FALSE,FALSE
1994-04-05,East_Antarctica,1.160077949,0.09452803878111005,0.09452803878111005,0.31006724465958424,FALSE,FALSE
1994-04-06,East_Antarctica,1.166017618,0.0837055700001672,0.0837055700001672,0.31006724465958424,FALSE,FALSE
1994-04-07,East_Antarctica,1.174926344,0.07570294181466619,0.07570294181466619,0.31006724465958424,FALSE,FALSE
1994-04-08,East_Antarctica,1.218102337,0.10184457207838048,0.10184457207838048,0.31006724465958424,FALSE,FALSE
1994-04-09,East_Antarctica,1.248284249,0.1148953206450809,0.1148953206450809,0.31006724465958424,FALSE,FALSE
1994-04-10,East_Antarctica,1.268718551,0.11812786636853788,0.11812786636853788,0.31006724465958424,FALSE,FALSE
1994-04-11,East_Antarctica,1.278372035,0.11053520910252557,0.11053520910252557,0.31006724465958424,FALSE,FALSE
1994-04-12,East_Antarctica,1.283677589,0.09857628218893644,0.09857628218893644,0.31006724465958424,FALSE,FALSE
1994-04-13,East_Antarctica,1.320084621,0.11771495671035836,0.11771495671035836,0.31006724465958424,FALSE,FALSE
1994-04-14,East_Antarctica,1.330935412,0.11128888349878864,0.11128888349878864,0.31006724465958424,FALSE,FALSE
1994-04-15,East_Antarctica,1.353099193,0.1161608799911471,0.1161608799911471,0.31006724465958424,FALSE,FALSE
1994-04-16,East_Antarctica,1.373325161,0.11907372962435936,0.11907372962435936,0.31006724465958424,FALSE,FALSE
1994-04-17,East_Antarctica,1.40687274,0.13528044283534468,0.13528044283534468,0.31006724465958424,FALSE,FALSE
1994-04-18,East_Antarctica,1.430895958,0.1419286340610273,0.1419286340610273,0.31006724465958424,FALSE,FALSE
1994-04-19,East_Antarctica,1.456698162,0.15031523673833092,0.15031523673833092,0.31006724465958424,FALSE,FALSE
1994-04-20,East_Antarctica,1.464419467,0.14057395230417646,0.14057395230417646,0.31006724465958424,FALSE,FALSE
1994-04-21,East_Antarctica,1.49072536,0.14936385419548648,0.14936385419548648,0.31006724465958424,FALSE,FALSE
1994-04-22,East_Antarctica,1.500896336,0.14195902384918346,0.14195902384918346,0.31006724465958424,FALSE,FALSE
1994-04-23,East_Antarctica,1.524762082,0.14818273470218868,0.14818273470218868,0.31006724465958424,FALSE,FALSE
1994-04-24,East_Antarctica,1.543170591,0.14887656619142753,0.14887656619142753,0.31006724465958424,FALSE,FALSE
1994-04-25,East_Antarctica,1.547803702,0.1357165499139219,0.1357165499139219,0.31006724465958424,FALSE,FALSE
1994-04-26,East_Antarctica,1.540783387,0.11082460744951585,0.11082460744951585,0.31006724465958424,FALSE,FALSE
1994-04-27,East_Antarctica,1.557656582,0.10975080572042706,0.10975080572042706,0.31006724465958424,FALSE,FALSE
1994-04-28,East_Antarctica,1.574398676,0.1084736981608041,0.1084736981608041,0.31006724465958424,FALSE,FALSE
1994-04-29,East_Antarctica,1.593549192,0.1095359722047926,0.1095359722047926,0.31006724465958424,FALSE,FALSE
1994-04-30,East_Antarctica,1.620523011,0.11835567328654097,0.11835567328654097,0.31006724465958424,FALSE,FALSE
1994-05-01,East_Antarctica,1.642107228,0.12172306084019537,0.12172306084019537,0.31006724465958424,FALSE,FALSE
1994-05-02,East_Antarctica,1.654206336,0.11554579229990258,0.11554579229990258,0.31006724465958424,FALSE,FALSE
1994-05-03,East_Antarctica,1.69587292,0.1388796170998119,0.1388796170998119,0.31006724465958424,FALSE,FALSE
1994-05-04,East_Antarctica,1.719622595,0.1442433146740676,0.1442433146740676,0.31006724465958424,FALSE,FALSE
1994-05-05,East_Antarctica,1.757135581,0.16332026945681857,0.16332026945681857,0.31006724465958424,FALSE,FALSE
1994-05-06,East_Antarctica,1.779287273,0.16698904088221211,0.16698904088221211,0.31006724465958424,FALSE,FALSE
1994-05-07,East_Antarctica,1.795847566,0.1650226913809001,0.1650226913809001,0.31006724465958424,FALSE,FALSE
1994-05-08,East_Antarctica,1.787507359,0.13811695798282653,0.13811695798282653,0.31006724465958424,FALSE,FALSE
1994-05-09,East_Antarctica,1.787134667,0.11914913997198484,0.11914913997198484,0.31006724465958424,FALSE,FALSE
1994-05-10,East_Antarctica,1.822235028,0.1356347912013769,0.1356347912013769,0.31006724465958424,FALSE,FALSE
1994-05-11,East_Antarctica,1.82951493,0.12429041552400788,0.12429041552400788,0.31006724465958424,FALSE,FALSE
1994-05-12,East_Antarctica,1.861581934,0.13773358979287975,0.13773358979287975,0.31006724465958424,FALSE,FALSE
1994-05-13,East_Antarctica,1.885956606,0.14349489586099962,0.14349489586099962,0.31006724465958424,FALSE,FALSE
1994-05-14,East_Antarctica,1.951947859,0.19089326258136907,0.19089326258136907,0.31006724465958424,FALSE,FALSE
1994-05-15,East_Antarctica,2.004667345,0.22505035780699337,0.22505035780699337,0.31006724465958424,FALSE,FALSE
1994-05-16,East_Antarctica,2.040878558,0.24273969139087392,0.24273969139087392,0.31006724465958424,FALSE,FALSE
1994-05-17,East_Antarctica,2.036096469,0.2194862501860182,0.2194862501860182,0.31006724465958424,FALSE,FALSE
1994-05-18,East_Antarctica,2.078251833,0.2432308050454248,0.2432308050454248,0.31006724465958424,FALSE,FALSE
1994-05-19,East_Antarctica,2.109591472,0.25623019382210277,0.25623019382210277,0.31006724465958424,FALSE,FALSE
1994-05-20,East_Antarctica,2.11540777,0.24378724595129375,0.24378724595129375,0.31006724465958424,FALSE,FALSE
1994-05-21,East_Antarctica,2.100936937,0.21115645559043592,0.21115645559043592,0.31006724465958424,FALSE,FALSE
1994-05-22,East_Antarctica,2.086556031,0.1787400134614674,0.1787400134614674,0.31006724465958424,FALSE,FALSE
1994-05-23,East_Antarctica,2.098892172,0.17319040270434716,0.17319040270434716,0.31006724465958424,FALSE,FALSE
1994-05-24,East_Antarctica,2.13204824,0.1886358664590229,0.1886358664590229,0.31006724465958424,FALSE,FALSE
1994-05-25,East_Antarctica,2.182115906,0.22119343886544865,0.22119343886544865,0.31006724465958424,FALSE,FALSE
1994-05-26,East_Antarctica,2.210907148,0.23270046106357856,0.23270046106357856,0.31006724465958424,FALSE,FALSE
1994-05-27,East_Antarctica,2.247167385,0.2519277151933659,0.2519277151933659,0.31006724465958424,FALSE,FALSE
1994-05-28,East_Antarctica,2.300171542,0.28817548939476234,0.28817548939476234,0.31006724465958424,FALSE,FALSE
1994-05-29,East_Antarctica,2.334670185,0.3062197128077204,0.3062197128077204,0.31006724465958424,FALSE,FALSE
1994-05-30,East_Antarctica,2.366494659,0.32191709357219667,0.32191709357219667,0.31006724465958424,TRUE,FALSE
1994-05-31,East_Antarctica,2.311872786,0.25152081682813954,0.25152081682813954,0.31006724465958424,FALSE,FALSE
1994-06-01,East_Antarctica,2.296540933,0.22079261271550576,0.22079261271550576,0.31006724465958424,FALSE,FALSE
1994-06-02,East_Antarctica,2.285375834,0.19462214328738536,0.19462214328738536,0.31006724465958424,FALSE,FALSE
1994-06-03,East_Antarctica,2.259067732,0.15365741419354517,0.15365741419354517,0.31006724465958424,FALSE,FALSE
1994-06-04,East_Antarctica,2.225516903,0.10574117173658948,0.10574117173658948,0.31006724465958424,FALSE,FALSE
1994-06-05,East_Antarctica,2.239534643,0.1056271816526566,0.1056271816526566,0.31006724465958424,FALSE,FALSE
1994-06-06,East_Antarctica,2.263071997,0.1152089586778824,0.1152089586778824,0.31006724465958424,FALSE,FALSE
1994-06-07,East_Antarctica,2.291810417,0.1301104245484059,0.1301104245484059,0.31006724465958424,FALSE,FALSE
1994-06-08,East_Antarctica,2.335833626,0.16035777200036305,0.16035777200036305,0.31006724465958424,FALSE,FALSE
1994-06-09,East_Antarctica,2.323030994,0.1337828407698907,0.1337828407698907,0.31006724465958424,FALSE,FALSE
1994-06-10,East_Antarctica,2.297515082,0.09444066159313104,0.09444066159313104,0.31006724465958424,FALSE,FALSE
1994-06-11,East_Antarctica,2.300351651,0.08333946520621582,0.08333946520621582,0.31006724465958424,FALSE,FALSE
1994-06-12,East_Antarctica,2.290135899,0.05901691934528541,0.05901691934528541,0.31006724465958424,FALSE,FALSE
1994-06-13,East_Antarctica,2.272809067,0.0273567347464767,0.0273567347464767,0.31006724465958424,FALSE,FALSE
1994-06-14,East_Antarctica,2.270024836,0.00995619440976591,0.00995619440976591,0.31006724465958424,FALSE,FALSE
1994-06-15,East_Antarctica,2.266318101,-0.00865628977903965,0.00865628977903965,0.31006724465958424,FALSE,FALSE
1994-06-16,East_Antarctica,2.262821602,-0.02728598491779088,0.02728598491779088,0.31006724465958424,FALSE,FALSE
1994-06-17,East_Antarctica,2.286198242,-0.01920303390020494,0.01920303390020494,0.31006724465958424,FALSE,FALSE
1994-06-18,East_Antarctica,2.325563043,0.00477453938001426,0.00477453938001426,0.31006724465958424,FALSE,FALSE
1994-06-19,East_Antarctica,2.352985517,0.01678320102914909,0.01678320102914909,0.31006724465958424,FALSE,FALSE
1994-06-20,East_Antarctica,2.384286805,0.03271104615348985,0.03271104615348985,0.31006724465958424,FALSE,FALSE
1994-06-21,East_Antarctica,2.387353073,0.02051119485932639,0.02051119485932639,0.31006724465958424,FALSE,FALSE
1994-06-22,East_Antarctica,2.388084724,0.00615100425294468,0.00615100425294468,0.31006724465958424,FALSE,FALSE
1994-06-23,East_Antarctica,2.36871604,-0.02806828955936557,0.02806828955936557,0.31006724465958424,FALSE,FALSE
1994-06-24,East_Antarctica,2.413450523,0.00212376952868487,0.00212376952868487,0.31006724465958424,FALSE,FALSE
1994-06-25,East_Antarctica,2.42575243,2.5839262338145375e-4,2.5839262338145375e-4,0.31006724465958424,FALSE,FALSE
1994-06-26,East_Antarctica,2.463392856,0.02417362883101725,0.02417362883101725,0.31006724465958424,FALSE,FALSE
1994-06-27,East_Antarctica,2.479336406,0.02689151750064589,0.02689151750064589,0.31006724465958424,FALSE,FALSE
1994-06-28,East_Antarctica,2.479115836,0.01393031288535873,0.01393031288535873,0.31006724465958424,FALSE,FALSE
1994-06-29,East_Antarctica,2.493782452,0.01629394880830581,0.01629394880830581,0.31006724465958424,FALSE,FALSE
1994-06-30,East_Antarctica,2.472318008,-0.01708336191101578,0.01708336191101578,0.31006724465958424,FALSE,FALSE
1994-07-01,East_Antarctica,2.467599096,-0.03337256845311387,0.03337256845311387,0.31006724465958424,FALSE,FALSE
1994-07-02,East_Antarctica,2.512968896,7.219680015007057e-4,7.219680015007057e-4,0.31006724465958424,FALSE,FALSE
1994-07-03,East_Antarctica,2.534944678,0.01166997627232469,0.01166997627232469,0.31006724465958424,FALSE,FALSE
1994-07-04,East_Antarctica,2.612225573,0.07812304617884802,0.07812304617884802,0.31006724465958424,FALSE,FALSE
1994-07-05,East_Antarctica,2.658569147,0.11379120254056564,0.11379120254056564,0.31006724465958424,FALSE,FALSE
1994-07-06,East_Antarctica,2.668622768,0.11327427217696816,0.11327427217696816,0.31006724465958424,FALSE,FALSE
1994-07-07,East_Antarctica,2.68113374,0.1152720179075497,0.1152720179075497,0.31006724465958424,FALSE,FALSE
1994-07-08,East_Antarctica,2.656843761,0.08047859655180423,0.08047859655180423,0.31006724465958424,FALSE,FALSE
1994-07-09,East_Antarctica,2.652125706,0.0652193993733734,0.0652193993733734,0.31006724465958424,FALSE,FALSE
1994-07-10,East_Antarctica,2.677104611,0.07958315125747362,0.07958315125747362,0.31006724465958424,FALSE,FALSE
1994-07-11,East_Antarctica,2.67908127,0.0708587860861476,0.0708587860861476,0.31006724465958424,FALSE,FALSE
1994-07-12,East_Antarctica,2.684467508,0.06544950449603393,0.06544950449603393,0.31006724465958424,FALSE,FALSE
1994-07-13,East_Antarctica,2.659450607,0.02953396412377218,0.02953396412377218,0.31006724465958424,FALSE,FALSE
1994-07-14,East_Antarctica,2.686188485,0.04526145860600739,0.04526145860600739,0.31006724465958424,FALSE,FALSE
1994-07-15,East_Antarctica,2.718401923,0.06634414457937954,0.06634414457937954,0.31006724465958424,FALSE,FALSE
1994-07-16,East_Antarctica,2.722212728,0.05889520468053222,0.05889520468053222,0.31006724465958424,FALSE,FALSE
1994-07-17,East_Antarctica,2.732421282,0.05770639654610354,0.05770639654610354,0.31006724465958424,FALSE,FALSE
1994-07-18,East_Antarctica,2.752433002,0.06617451281273956,0.06617451281273956,0.31006724465958424,FALSE,FALSE
1994-07-19,East_Antarctica,2.793859843,0.09590288411707792,0.09590288411707792,0.31006724465958424,FALSE,FALSE
1994-07-20,East_Antarctica,2.791558983,0.08174006409576329,0.08174006409576329,0.31006724465958424,FALSE,FALSE
1994-07-21,East_Antarctica,2.806075745,0.08422275138543567,0.08422275138543567,0.31006724465958424,FALSE,FALSE
1994-07-22,East_Antarctica,2.824225489,0.0901602382139739,0.0901602382139739,0.31006724465958424,FALSE,FALSE
1994-07-23,East_Antarctica,2.797038322,0.05061185064250662,0.05061185064250662,0.31006724465958424,FALSE,FALSE
1994-07-24,East_Antarctica,2.796665735,0.03778402070530307,0.03778402070530307,0.31006724465958424,FALSE,FALSE
1994-07-25,East_Antarctica,2.813183725,0.04180826991107578,0.04180826991107578,0.31006724465958424,FALSE,FALSE
1994-07-26,East_Antarctica,2.781724177,-0.00212799223146475,0.00212799223146475,0.31006724465958424,FALSE,FALSE
1994-07-27,East_Antarctica,2.729704956,-0.06655137621361185,0.06655137621361185,0.31006724465958424,FALSE,FALSE
1994-07-28,East_Antarctica,2.708989097,-0.09954332252665354,0.09954332252665354,0.31006724465958424,FALSE,FALSE
1994-07-29,East_Antarctica,2.675602527,-0.14502237966187703,0.14502237966187703,0.31006724465958424,FALSE,FALSE
1994-07-30,East_Antarctica,2.65779928,-0.17467898911057622,0.17467898911057622,0.31006724465958424,FALSE,FALSE
1994-07-31,East_Antarctica,2.626807589,-0.21722939336403835,0.21722939336403835,0.31006724465958424,FALSE,FALSE
1994-08-01,East_Antarctica,2.62621861,-0.2290269119135533,0.2290269119135533,0.31006724465958424,FALSE,FALSE
1994-08-02,East_Antarctica,2.606556464,-0.25949189925041427,0.25949189925041427,0.31006724465958424,FALSE,FALSE
1994-08-03,East_Antarctica,2.589944762,-0.2864452205990684,0.2864452205990684,0.31006724465958424,FALSE,FALSE
1994-08-04,East_Antarctica,2.598361413,-0.2878732356177913,0.2878732356177913,0.31006724465958424,FALSE,FALSE
1994-08-05,East_Antarctica,2.595533905,-0.30008412391906214,0.30008412391906214,0.31006724465958424,FALSE,FALSE
1994-08-06,East_Antarctica,2.618606851,-0.2859850344814614,0.2859850344814614,0.31006724465958424,FALSE,FALSE
1994-08-07,East_Antarctica,2.652616406,-0.2605915742835707,0.2605915742835707,0.31006724465958424,FALSE,FALSE
1994-08-08,East_Antarctica,2.704872539,-0.216645536303969,0.216645536303969,0.31006724465958424,FALSE,FALSE
1994-08-09,East_Antarctica,2.731023421,-0.19855051152123737,0.19855051152123737,0.31006724465958424,FALSE,FALSE
1994-08-10,East_Antarctica,2.785851793,-0.15157552091395754,0.15157552091395754,0.31006724465958424,FALSE,FALSE
1994-08-11,East_Antarctica,2.819657509,-0.12547247246070903,0.12547247246070903,0.31006724465958424,FALSE,FALSE
1994-08-12,East_Antarctica,2.863887184,-0.08884651314007197,0.08884651314007197,0.31006724465958424,FALSE,FALSE
1994-08-13,East_Antarctica,2.934702415,-0.02558780793062887,0.02558780793062887,0.31006724465958424,FALSE,FALSE
1994-08-14,East_Antarctica,3.005931366,0.03808004518904351,0.03808004518904351,0.31006724465958424,FALSE,FALSE
1994-08-15,East_Antarctica,3.017321416,0.04185266324036219,0.04185266324036219,0.31006724465958424,FALSE,FALSE
1994-08-16,East_Antarctica,3.083617523,0.10042477454047204,0.10042477454047204,0.31006724465958424,FALSE,FALSE
1994-08-17,East_Antarctica,3.114595918,0.12356792383431305,0.12356792383431305,0.31006724465958424,FALSE,FALSE
1994-08-18,East_Antarctica,3.078338172,0.07941112391180916,0.07941112391180916,0.31006724465958424,FALSE,FALSE
1994-08-19,East_Antarctica,3.091755968,0.08491635631448524,0.08491635631448524,0.31006724465958424,FALSE,FALSE
1994-08-20,East_Antarctica,3.141853857,0.12713847058387584,0.12713847058387584,0.31006724465958424,FALSE,FALSE
1994-08-21,East_Antarctica,3.211558361,0.1890542872615102,0.1890542872615102,0.31006724465958424,FALSE,FALSE
1994-08-22,East_Antarctica,3.221167847,0.19101247188891923,0.19101247188891923,0.31006724465958424,FALSE,FALSE
1994-08-23,East_Antarctica,3.247367997,0.20974900500763205,0.20974900500763205,0.31006724465958424,FALSE,FALSE
1994-08-24,East_Antarctica,3.30859457,0.2637499441591813,0.2637499441591813,0.31006724465958424,FALSE,FALSE
1994-08-25,East_Antarctica,3.36669426,0.3149122818850971,0.3149122818850971,0.31006724465958424,TRUE,FALSE
1994-08-26,East_Antarctica,3.361306945,0.30292619472690907,0.30292619472690907,0.31006724465958424,FALSE,FALSE
1994-08-27,East_Antarctica,3.331413829,0.2668231852261487,0.2668231852261487,0.31006724465958424,FALSE,FALSE
1994-08-28,East_Antarctica,3.328929786,0.2585684259243477,0.2585684259243477,0.31006724465958424,FALSE,FALSE
1994-08-29,East_Antarctica,3.31781614,0.24216454773806495,0.24216454773806495,0.31006724465958424,FALSE,FALSE
1994-08-30,East_Antarctica,3.253897126,0.17342244422076236,0.17342244422076236,0.31006724465958424,FALSE,FALSE
1994-08-31,East_Antarctica,3.245413428,0.16054892479498717,0.16054892479498717,0.31006724465958424,FALSE,FALSE
1994-09-01,East_Antarctica,3.226413398,0.13755843005358992,0.13755843005358992,0.31006724465958424,FALSE,FALSE
1994-09-02,East_Antarctica,3.248226172,0.15574618458942258,0.15574618458942258,0.31006724465958424,FALSE,FALSE
1994-09-03,East_Antarctica,3.255878255,0.1601047819953343,0.1601047819953343,0.31006724465958424,FALSE,FALSE
1994-09-04,East_Antarctica,3.25343972,0.1546703838641812,0.1546703838641812,0.31006724465958424,FALSE,FALSE
1994-09-05,East_Antarctica,3.249984909,0.14848342078881285,0.14848342078881285,0.31006724465958424,FALSE,FALSE
1994-09-06,East_Antarctica,3.269499631,0.1654957903620793,0.1654957903620793,0.31006724465958424,FALSE,FALSE
1994-09-07,East_Antarctica,3.266608253,0.1602979481768343,0.1602979481768343,0.31006724465958424,FALSE,FALSE
1994-09-08,East_Antarctica,3.236369505,0.12791471282592548,0.12791471282592548,0.31006724465958424,FALSE,FALSE
1994-09-09,East_Antarctica,3.217005175,0.1065339609022118,0.1065339609022118,0.31006724465958424,FALSE,FALSE
1994-09-10,East_Antarctica,3.173173089,0.06077965880647529,0.06077965880647529,0.31006724465958424,FALSE,FALSE
1994-09-11,East_Antarctica,3.158503458,0.04425307615217999,0.04425307615217999,0.31006724465958424,FALSE,FALSE
1994-09-12,East_Antarctica,3.151787942,0.03572583159008946,0.03572583159008946,0.31006724465958424,FALSE,FALSE
1994-09-13,East_Antarctica,3.176682137,0.05883441686730917,0.05883441686730917,0.31006724465958424,FALSE,FALSE
1994-09-14,East_Antarctica,3.184591141,0.06496482573094564,0.06496482573094564,0.31006724465958424,FALSE,FALSE
1994-09-15,East_Antarctica,3.228276562,0.10685956192809964,0.10685956192809964,0.31006724465958424,FALSE,FALSE
1994-09-16,East_Antarctica,3.250453158,0.12721427920587836,0.12721427920587836,0.31006724465958424,FALSE,FALSE
1994-09-17,East_Antarctica,3.250948738,0.12583768231138492,0.12583768231138492,0.31006724465958424,FALSE,FALSE
1994-09-18,East_Antarctica,3.277306361,0.15025372599172426,0.15025372599172426,0.31006724465958424,FALSE,FALSE
1994-09-19,East_Antarctica,3.303536833,0.17445411199400107,0.17445411199400107,0.31006724465958424,FALSE,FALSE
1994-09-20,East_Antarctica,3.312552742,0.18133232406532063,0.18133232406532063,0.31006724465958424,FALSE,FALSE
1994-09-21,East_Antarctica,3.296051781,0.1625669509527854,0.1625669509527854,0.31006724465958424,FALSE,FALSE
1994-09-22,East_Antarctica,3.287212084,0.1513170224035005,0.1513170224035005,0.31006724465958424,FALSE,FALSE
1994-09-23,East_Antarctica,3.267847561,0.12938343112016337,0.12938343112016337,0.31006724465958424,FALSE,FALSE
1994-09-24,East_Antarctica,3.239746339,0.09860645451289464,0.09860645451289464,0.31006724465958424,FALSE,FALSE
1994-09-25,East_Antarctica,3.239446152,0.0956155087249031,0.0956155087249031,0.31006724465958424,FALSE,FALSE
1994-09-26,East_Antarctica,3.243684871,0.09724070157322684,0.09724070157322684,0.31006724465958424,FALSE,FALSE
1994-09-27,East_Antarctica,3.253941553,0.10505332687489988,0.10505332687489988,0.31006724465958424,FALSE,FALSE
1994-09-28,East_Antarctica,3.204594764,0.05352418744696141,0.05352418744696141,0.31006724465958424,FALSE,FALSE
1994-09-29,East_Antarctica,3.1174467,-0.03545228389355293,0.03545228389355293,0.31006724465958424,FALSE,FALSE
1994-09-30,East_Antarctica,3.032816468,-0.12146474332960588,0.12146474332960588,0.31006724465958424,FALSE,FALSE
1994-10-01,East_Antarctica,2.974333074,-0.180791948044162,0.180791948044162,0.31006724465958424,FALSE,FALSE
1994-10-02,East_Antarctica,2.934567856,-0.22077032322018253,0.22077032322018253,0.31006724465958424,FALSE,FALSE
1994-10-03,East_Antarctica,2.906562903,-0.2482655430406302,0.2482655430406302,0.31006724465958424,FALSE,FALSE
1994-10-04,East_Antarctica,2.867524125,-0.2859794606884729,0.2859794606884729,0.31006724465958424,FALSE,FALSE
1994-10-05,East_Antarctica,2.84128414,-0.3099872491074587,0.3099872491074587,0.31006724465958424,FALSE,FALSE
1994-10-06,East_Antarctica,2.820034665,-0.3280385625142932,0.3280385625142932,0.31006724465958424,TRUE,TRUE
1994-10-07,East_Antarctica,2.804745733,-0.3392035171539307,0.3392035171539307,0.31006724465958424,TRUE,TRUE
1994-10-08,East_Antarctica,2.7699402380000002,-0.369017439516806,0.369017439516806,0.31006724465958424,TRUE,TRUE
1994-10-09,East_Antarctica,2.788535298,-0.3446214320933576,0.3446214320933576,0.31006724465958424,TRUE,TRUE
1994-10-10,East_Antarctica,2.800343632,-0.3262609963740175,0.3262609963740175,0.31006724465958424,TRUE,TRUE
1994-10-11,East_Antarctica,2.820574322,-0.29878527084922135,0.29878527084922135,0.31006724465958424,FALSE,FALSE
1994-10-12,East_Antarctica,2.809001033,-0.3024788110094101,0.3024788110094101,0.31006724465958424,FALSE,FALSE
1994-10-13,East_Antarctica,2.811405608,-0.29161799434501523,0.29161799434501523,0.31006724465958424,FALSE,FALSE
1994-10-14,East_Antarctica,2.843294711,-0.250754377346472,0.250754377346472,0.31006724465958424,FALSE,FALSE
1994-10-15,East_Antarctica,2.855787898,-0.22882662450421787,0.22882662450421787,0.31006724465958424,FALSE,FALSE
1994-10-16,East_Antarctica,2.823795254,-0.25098287130868435,0.25098287130868435,0.31006724465958424,FALSE,FALSE
1994-10-17,East_Antarctica,2.803009791,-0.2615883262503149,0.2615883262503149,0.31006724465958424,FALSE,FALSE
1994-10-18,East_Antarctica,2.821892726,-0.2322366929750812,0.2322366929750812,0.31006724465958424,FALSE,FALSE
1994-10-19,East_Antarctica,2.864127495,-0.17922936841045178,0.17922936841045178,0.31006724465958424,FALSE,FALSE
1994-10-20,East_Antarctica,2.91005031,-0.12214796855339882,0.12214796855339882,0.31006724465958424,FALSE,FALSE
1994-10-21,East_Antarctica,2.914994276,-0.10557453350513146,0.10557453350513146,0.31006724465958424,FALSE,FALSE
1994-10-22,East_Antarctica,2.895846731,-0.1125368703668661,0.1125368703668661,0.31006724465958424,FALSE,FALSE
1994-10-23,East_Antarctica,2.927751435,-0.06780636423980857,0.06780636423980857,0.31006724465958424,FALSE,FALSE
1994-10-24,East_Antarctica,2.925841451,-0.0561650972251746,0.0561650972251746,0.31006724465958424,FALSE,FALSE
1994-10-25,East_Antarctica,2.897772909,-0.06987208442417625,0.06987208442417625,0.31006724465958424,FALSE,FALSE
1994-10-26,East_Antarctica,2.880649024,-0.07173925593802277,0.07173925593802277,0.31006724465958424,FALSE,FALSE
1994-10-27,East_Antarctica,2.90253332,-0.0336182328679282,0.0336182328679282,0.31006724465958424,FALSE,FALSE
1994-10-28,East_Antarctica,2.942752236,0.02390227868489569,0.02390227868489569,0.31006724465958424,FALSE,FALSE
1994-10-29,East_Antarctica,2.943781627,0.04338298861923739,0.04338298861923739,0.31006724465958424,FALSE,FALSE
1994-10-30,East_Antarctica,2.9001708,0.01945805883388507,0.01945805883388507,0.31006724465958424,FALSE,FALSE
1994-10-31,East_Antarctica,2.89810351,0.03838368858025021,0.03838368858025021,0.31006724465958424,FALSE,FALSE
1994-11-01,East_Antarctica,2.874205323,0.03679680020849041,0.03679680020849041,0.31006724465958424,FALSE,FALSE
1994-11-02,East_Antarctica,2.837204904,0.02341865123930642,0.02341865123930642,0.31006724465958424,FALSE,FALSE
1994-11-03,East_Antarctica,2.82830645,0.03944602614918313,0.03944602614918313,0.31006724465958424,FALSE,FALSE
1994-11-04,East_Antarctica,2.83463326,0.07199481141461073,0.07199481141461073,0.31006724465958424,FALSE,FALSE
1994-11-05,East_Antarctica,2.832022299,0.09689455951207916,0.09689455951207916,0.31006724465958424,FALSE,FALSE
1994-11-06,East_Antarctica,2.854221528,0.14788581891807162,0.14788581891807162,0.31006724465958424,FALSE,FALSE
1994-11-07,East_Antarctica,2.892436302,0.21616653210908152,0.21616653210908152,0.31006724465958424,FALSE,FALSE
1994-11-08,East_Antarctica,2.900465202,0.2555278675615935,0.2555278675615935,0.31006724465958424,FALSE,FALSE
1994-11-09,East_Antarctica,2.879753916,0.267408100752097,0.267408100752097,0.31006724465958424,FALSE,FALSE
1994-11-10,East_Antarctica,2.801494399,0.2229917741570819,0.2229917741570819,0.31006724465958424,FALSE,FALSE
1994-11-11,East_Antarctica,2.718462428,0.17504725225303375,0.17504725225303375,0.31006724465958424,FALSE,FALSE
1994-11-12,East_Antarctica,2.648337503,0.14124571495173657,0.14124571495173657,0.31006724465958424,FALSE,FALSE
1994-11-13,East_Antarctica,2.631715761,0.16212477359293276,0.16212477359293276,0.31006724465958424,FALSE,FALSE
1994-11-14,East_Antarctica,2.589220705,0.15817393606557095,0.15817393606557095,0.31006724465958424,FALSE,FALSE
1994-11-15,East_Antarctica,2.552725495,0.16112614227227917,0.16112614227227917,0.31006724465958424,FALSE,FALSE
1994-11-16,East_Antarctica,2.522810155,0.17142119611568107,0.17142119611568107,0.31006724465958424,FALSE,FALSE
1994-11-17,East_Antarctica,2.466385356,0.15582954849840203,0.15582954849840203,0.31006724465958424,FALSE,FALSE
1994-11-18,East_Antarctica,2.393679597,0.12443947832306446,0.12443947832306446,0.31006724465958424,FALSE,FALSE
1994-11-19,East_Antarctica,2.31372573,0.08614361749229316,0.08614361749229316,0.31006724465958424,FALSE,FALSE
1994-11-20,East_Antarctica,2.230927961,0.04520595190871557,0.04520595190871557,0.31006724465958424,FALSE,FALSE
1994-11-21,East_Antarctica,2.192474895,0.04867486647495545,0.04867486647495545,0.31006724465958424,FALSE,FALSE
1994-11-22,East_Antarctica,2.210221589,0.10826519809363644,0.10826519809363644,0.31006724465958424,FALSE,FALSE
1994-11-23,East_Antarctica,2.147796513,0.08746519666738184,0.08746519666738184,0.31006724465958424,FALSE,FALSE
1994-11-24,East_Antarctica,2.130283893,0.11121886809881952,0.11121886809881952,0.31006724465958424,FALSE,FALSE
1994-11-25,East_Antarctica,2.082478546,0.10418929693433764,0.10418929693433764,0.31006724465958424,FALSE,FALSE
1994-11-26,East_Antarctica,2.05779106,0.11972712578923073,0.11972712578923073,0.31006724465958424,FALSE,FALSE
1994-11-27,East_Antarctica,2.003907777,0.10549484767813944,0.10549484767813944,0.31006724465958424,FALSE,FALSE
1994-11-28,East_Antarctica,1.974265875,0.11490606502496714,0.11490606502496714,0.31006724465958424,FALSE,FALSE
1994-11-29,East_Antarctica,1.912608307,0.09168015525361106,0.09168015525361106,0.31006724465958424,FALSE,FALSE
1994-11-30,East_Antarctica,1.878222485,0.09508095478797585,0.09508095478797585,0.31006724465958424,FALSE,FALSE
1994-12-01,East_Antarctica,1.853786599,0.10776307805196006,0.10776307805196006,0.31006724465958424,FALSE,FALSE
1994-12-02,East_Antarctica,1.805392717,0.0957950174694666,0.0957950174694666,0.31006724465958424,FALSE,FALSE
1994-12-03,East_Antarctica,1.763310893,0.08942325146439489,0.08942325146439489,0.31006724465958424,FALSE,FALSE
1994-12-04,East_Antarctica,1.708413636,0.0694967134606459,0.0694967134606459,0.31006724465958424,FALSE,FALSE
1994-12-05,East_Antarctica,1.687674519,0.08296540088212212,0.08296540088212212,0.31006724465958424,FALSE,FALSE
1994-12-06,East_Antarctica,1.664334467,0.0930466631527227,0.0930466631527227,0.31006724465958424,FALSE,FALSE
1994-12-07,East_Antarctica,1.653964737,0.11528820568220356,0.11528820568220356,0.31006724465958424,FALSE,FALSE
1994-12-08,East_Antarctica,1.633737922,0.12684651585696272,0.12684651585696272,0.31006724465958424,FALSE,FALSE
1994-12-09,East_Antarctica,1.601156488,0.1252259110250511,0.1252259110250511,0.31006724465958424,FALSE,FALSE
1994-12-10,East_Antarctica,1.569527455,0.12373791517809596,0.12373791517809596,0.31006724465958424,FALSE,FALSE
1994-12-11,East_Antarctica,1.533646263,0.11718247230771706,0.11718247230771706,0.31006724465958424,FALSE,FALSE
1994-12-12,East_Antarctica,1.475423127,0.08747430140553769,0.08747430140553769,0.31006724465958424,FALSE,FALSE
1994-12-13,East_Antarctica,1.450807219,0.09056707846318356,0.09056707846318356,0.31006724465958424,FALSE,FALSE
1994-12-14,East_Antarctica,1.430415633,0.09708240147227708,0.09708240147227708,0.31006724465958424,FALSE,FALSE
1994-12-15,East_Antarctica,1.406977729,0.09975413442444236,0.09975413442444236,0.31006724465958424,FALSE,FALSE
1994-12-16,East_Antarctica,1.374741992,0.09283526631130212,0.09283526631130212,0.31006724465958424,FALSE,FALSE
1994-12-17,East_Antarctica,1.351088294,0.09371017312448073,0.09371017312448073,0.31006724465958424,FALSE,FALSE
1994-12-18,East_Antarctica,1.347390089,0.11375681285559948,0.11375681285559948,0.31006724465958424,FALSE,FALSE
1994-12-19,East_Antarctica,1.331121989,0.12045430149628487,0.12045430149628487,0.31006724465958424,FALSE,FALSE
1994-12-20,East_Antarctica,1.321930575,0.1334545305216659,0.1334545305216659,0.31006724465958424,FALSE,FALSE
1994-12-21,East_Antarctica,1.295460728,0.1284204434656413,0.1284204434656413,0.31006724465958424,FALSE,FALSE
1994-12-22,East_Antarctica,1.275058203,0.12872603682318817,0.12872603682318817,0.31006724465958424,FALSE,FALSE
1994-12-23,East_Antarctica,1.240907218,0.1145840537456022,0.1145840537456022,0.31006724465958424,FALSE,FALSE
1994-12-24,East_Antarctica,1.217387561,0.11040280738418072,0.11040280738418072,0.31006724465958424,FALSE,FALSE
1994-12-25,East_Antarctica,1.203546213,0.11525780389021945,0.11525780389021945,0.31006724465958424,FALSE,FALSE
1994-12-26,East_Antarctica,1.20832488,0.13811927441501415,0.13811927441501415,0.31006724465958424,FALSE,FALSE
1994-12-27,East_Antarctica,1.208302839,0.15559502110986043,0.15559502110986043,0.31006724465958424,FALSE,FALSE
1994-12-28,East_Antarctica,1.197425065,0.1616585441260554,0.1616585441260554,0.31006724465958424,FALSE,FALSE
1994-12-29,East_Antarctica,1.185937811,0.1665846216148965,0.1665846216148965,0.31006724465958424,FALSE,FALSE
1994-12-30,East_Antarctica,1.184086215,0.18064691672767852,0.18064691672767852,0.31006724465958424,FALSE,FALSE
1994-12-31,East_Antarctica,1.188495613,0.20049929061569535,0.20049929061569535,0.31006724465958424,FALSE,FALSE
1995-01-01,East_Antarctica,1.180074598,0.207078861430246,0.207078861430246,0.31006724465958424,FALSE,FALSE
1995-01-02,East_Antarctica,1.156539441,0.19812932234385217,0.19812932234385217,0.31006724465958424,FALSE,FALSE
1995-01-03,East_Antarctica,1.138415225,0.19419876661392865,0.19419876661392865,0.31006724465958424,FALSE,FALSE
1995-01-04,East_Antarctica,1.12467768,0.19428483151912124,0.19428483151912124,0.31006724465958424,FALSE,FALSE
1995-01-05,East_Antarctica,1.113775699,0.19685831733807635,0.19685831733807635,0.31006724465958424,FALSE,FALSE
1995-01-06,East_Antarctica,1.089542946,0.1857747953494311,0.1857747953494311,0.31006724465958424,FALSE,FALSE
1995-01-07,East_Antarctica,1.049120313,0.15819706483183316,0.15819706483183316,0.31006724465958424,FALSE,FALSE
1995-01-08,East_Antarctica,1.016675947,0.1383151800639253,0.1383151800639253,0.31006724465958424,FALSE,FALSE
1995-01-09,East_Antarctica,0.990255343,0.12419654332434882,0.12419654332434882,0.31006724465958424,FALSE,FALSE
1995-01-10,East_Antarctica,0.976387615,0.12239217589175032,0.12239217589175032,0.31006724465958424,FALSE,FALSE
1995-01-11,East_Antarctica,0.974634125,0.13248534704477033,0.13248534704477033,0.31006724465958424,FALSE,FALSE
1995-01-12,East_Antarctica,0.970392923,0.13989601406205354,0.13989601406205354,0.31006724465958424,FALSE,FALSE
1995-01-13,East_Antarctica,0.964958939,0.14594101422224293,0.14594101422224293,0.31006724465958424,FALSE,FALSE
1995-01-14,East_Antarctica,0.925103625,0.1174133719725553,0.1174133719725553,0.31006724465958424,FALSE,FALSE
1995-01-15,East_Antarctica,0.896859089,0.10035475238867408,0.10035475238867408,0.31006724465958424,FALSE,FALSE
1995-01-16,East_Antarctica,0.878799279,0.09333360785841738,0.09333360785841738,0.31006724465958424,FALSE,FALSE
1995-01-17,East_Antarctica,0.871597833,0.09701712878649749,0.09701712878649749,0.31006724465958424,FALSE,FALSE
1995-01-18,East_Antarctica,0.868602417,0.1047465335776282,0.1047465335776282,0.31006724465958424,FALSE,FALSE
1995-01-19,East_Antarctica,0.865578778,0.11228112163652217,0.11228112163652217,0.31006724465958424,FALSE,FALSE
1995-01-20,East_Antarctica,0.870984404,0.12807193336789147,0.12807193336789147,0.31006724465958424,FALSE,FALSE
1995-01-21,East_Antarctica,0.8483755,0.11566872617644952,0.11566872617644952,0.31006724465958424,FALSE,FALSE
1995-01-22,East_Antarctica,0.836862579,0.11417556546690975,0.11417556546690975,0.31006724465958424,FALSE,FALSE
1995-01-23,East_Antarctica,0.839818375,0.1269587376439838,0.1269587376439838,0.31006724465958424,FALSE,FALSE
1995-01-24,East_Antarctica,0.847052217,0.14382112411238512,0.14382112411238512,0.31006724465958424,FALSE,FALSE
1995-01-25,East_Antarctica,0.850097414,0.15628958627682665,0.15628958627682665,0.31006724465958424,FALSE,FALSE
1995-01-26,East_Antarctica,0.840283044,0.15568675454202152,0.15568675454202152,0.31006724465958424,FALSE,FALSE
1995-01-27,East_Antarctica,0.837734941,0.16213283419855273,0.16213283419855273,0.31006724465958424,FALSE,FALSE
1995-01-28,East_Antarctica,0.846186049,0.17936068395126858,0.17936068395126858,0.31006724465958424,FALSE,FALSE
1995-01-29,East_Antarctica,0.817841034,0.15957718311955305,0.15957718311955305,0.31006724465958424,FALSE,FALSE
1995-01-30,East_Antarctica,0.784615063,0.1346997194273556,0.1346997194273556,0.31006724465958424,FALSE,FALSE
1995-01-31,East_Antarctica,0.754390675,0.11261305259862751,0.11261305259862751,0.31006724465958424,FALSE,FALSE
1995-02-01,East_Antarctica,0.740793901,0.10694543435732018,0.10694543435732018,0.31006724465958424,FALSE,FALSE
1995-02-02,East_Antarctica,0.742572283,0.11644662742738345,0.11644662742738345,0.31006724465958424,FALSE,FALSE
1995-02-03,East_Antarctica,0.749237446,0.13063047753276946,0.13063047753276946,0.31006724465958424,FALSE,FALSE
1995-02-04,East_Antarctica,0.733566162,0.12227597739742824,0.12227597739742824,0.31006724465958424,FALSE,FALSE
1995-02-05,East_Antarctica,0.711252472,0.10707938874531032,0.10707938874531032,0.31006724465958424,FALSE,FALSE
1995-02-06,East_Antarctica,0.688184402,0.0909309583003668,0.0909309583003668,0.31006724465958424,FALSE,FALSE
1995-02-07,East_Antarctica,0.691238506,0.10070946078654897,0.10070946078654897,0.31006724465958424,FALSE,FALSE
1995-02-08,East_Antarctica,0.694281718,0.11028391168083984,0.11028391168083984,0.31006724465958424,FALSE,FALSE
1995-02-09,East_Antarctica,0.69263166,0.11495563061276226,0.11495563061276226,0.31006724465958424,FALSE,FALSE
1995-02-10,East_Antarctica,0.682332614,0.11071603615454773,0.11071603615454773,0.31006724465958424,FALSE,FALSE
1995-02-11,East_Antarctica,0.668381271,0.10250463313291568,0.10250463313291568,0.31006724465958424,FALSE,FALSE
1995-02-12,East_Antarctica,0.658629885,0.09811648937458606,0.09811648937458606,0.31006724465958424,FALSE,FALSE
1995-02-13,East_Antarctica,0.651953787,0.09636974970627744,0.09636974970627744,0.31006724465958424,FALSE,FALSE
1995-02-14,East_Antarctica,0.635705245,0.08455949595471068,0.08455949595471068,0.31006724465958424,FALSE,FALSE
1995-02-15,East_Antarctica,0.647729787,0.10047406994660436,0.10047406994660436,0.31006724465958424,FALSE,FALSE
1995-02-16,East_Antarctica,0.640487001,0.0965158735086772,0.0965158735086772,0.31006724465958424,FALSE,FALSE
1995-02-17,East_Antarctica,0.625373507,0.08402434046765006,0.08402434046765006,0.31006724465958424,FALSE,FALSE
1995-02-18,East_Antarctica,0.606756759,0.06730973865024148,0.06730973865024148,0.31006724465958424,FALSE,FALSE
1995-02-19,East_Antarctica,0.608034141,0.06971226588317214,0.06971226588317214,0.31006724465958424,FALSE,FALSE
1995-02-20,East_Antarctica,0.609842983,0.07181206599316048,0.07181206599316048,0.31006724465958424,FALSE,FALSE
1995-02-21,East_Antarctica,0.634630511,0.09600225449541532,0.09600225449541532,0.31006724465958424,FALSE,FALSE
1995-02-22,East_Antarctica,0.633356092,0.09322537642417328,0.09322537642417328,0.31006724465958424,FALSE,FALSE
1995-02-23,East_Antarctica,0.626117239,0.08358692876374307,0.08358692876374307,0.31006724465958424,FALSE,FALSE
1995-02-24,East_Antarctica,0.63272206,0.08690345191489024,0.08690345191489024,0.31006724465958424,FALSE,FALSE
1995-02-25,East_Antarctica,0.635828196,0.08584101927838117,0.08584101927838117,0.31006724465958424,FALSE,FALSE
1995-02-26,East_Antarctica,0.643152727,0.08812514325498355,0.08812514325498355,0.31006724465958424,FALSE,FALSE
1995-02-27,East_Antarctica,0.65719718,0.09626578324546176,0.09626578324546176,0.31006724465958424,FALSE,FALSE
1995-02-28,East_Antarctica,0.685234495,0.11754431165058332,0.11754431165058332,0.31006724465958424,FALSE,FALSE
1995-03-01,East_Antarctica,0.716236409,0.14094089787111486,0.14094089787111486,0.31006724465958424,FALSE,FALSE
1995-03-02,East_Antarctica,0.732568994,0.14883004630782215,0.14883004630782215,0.31006724465958424,FALSE,FALSE
1995-03-03,East_Antarctica,0.749689233,0.1566771723614725,0.1566771723614725,0.31006724465958424,FALSE,FALSE
1995-03-04,East_Antarctica,0.766292634,0.16318621643283093,0.16318621643283093,0.31006724465958424,FALSE,FALSE
1995-03-05,East_Antarctica,0.788921755,0.1749081730654326,0.1749081730654326,0.31006724465958424,FALSE,FALSE
1995-03-06,East_Antarctica,0.801856113,0.17614640638330403,0.17614640638330403,0.31006724465958424,FALSE,FALSE
1995-03-07,East_Antarctica,0.835624808,0.19750403450681664,0.19750403450681664,0.31006724465958424,FALSE,FALSE
1995-03-08,East_Antarctica,0.878850997,0.2276884253200724,0.2276884253200724,0.31006724465958424,FALSE,FALSE
1995-03-09,East_Antarctica,0.887932983,0.2231820927071713,0.2231820927071713,0.31006724465958424,FALSE,FALSE
1995-03-10,East_Antarctica,0.886086066,0.2072845475522147,0.2072845475522147,0.31006724465958424,FALSE,FALSE
1995-03-11,East_Antarctica,0.882519075,0.18928882973930472,0.18928882973930472,0.31006724465958424,FALSE,FALSE
1995-03-12,East_Antarctica,0.880815567,0.17286270715254248,0.17286270715254248,0.31006724465958424,FALSE,FALSE
1995-03-13,East_Antarctica,0.89123093900000006,0.16834578767602715,0.16834578767602715,0.31006724465958424,FALSE,FALSE
1995-03-14,East_Antarctica,0.903994203,0.16605129419386144,0.16605129419386144,0.31006724465958424,FALSE,FALSE
1995-03-15,East_Antarctica,0.909996186,0.15695426459014572,0.15695426459014572,0.31006724465958424,FALSE,FALSE
1995-03-16,East_Antarctica,0.89843379,0.1303358117489808,0.1303358117489808,0.31006724465958424,FALSE,FALSE
1995-03-17,East_Antarctica,0.888205594,0.10517872555446985,0.10517872555446985,0.31006724465958424,FALSE,FALSE
1995-03-18,East_Antarctica,0.864134753,0.0663879213910723,0.0663879213910723,0.31006724465958424,FALSE,FALSE
1995-03-19,East_Antarctica,0.876933038,0.06469572977196048,0.06469572977196048,0.31006724465958424,FALSE,FALSE
1995-03-20,East_Antarctica,0.875071998,0.04853024258633576,0.04853024258633576,0.31006724465958424,FALSE,FALSE
1995-03-21,East_Antarctica,0.88714422,0.04643757571600815,0.04643757571600815,0.31006724465958424,FALSE,FALSE
1995-03-22,East_Antarctica,0.886425046,0.03164660004278519,0.03164660004278519,0.31006724465958424,FALSE,FALSE
1995-03-23,East_Antarctica,0.917952182,0.04914855044847532,0.04914855044847532,0.31006724465958424,FALSE,FALSE
1995-03-24,East_Antarctica,0.933106778,0.05027810581488801,0.05027810581488801,0.31006724465958424,FALSE,FALSE
1995-03-25,East_Antarctica,0.9493389,0.0524388610238321,0.0524388610238321,0.31006724465958424,FALSE,FALSE
1995-03-26,East_Antarctica,0.966767184,0.0557029809571139,0.0557029809571139,0.31006724465958424,FALSE,FALSE
1995-03-27,East_Antarctica,0.972192237,0.04682460149654566,0.04682460149654566,0.31006724465958424,FALSE,FALSE
1995-03-28,East_Antarctica,0.986136044,0.04627923652393206,0.04627923652393206,0.31006724465958424,FALSE,FALSE
1995-03-29,East_Antarctica,0.988592425,0.03401423492108391,0.03401423492108391,0.31006724465958424,FALSE,FALSE
1995-03-30,East_Antarctica,0.985680892,0.01610263756981045,0.01610263756981045,0.31006724465958424,FALSE,FALSE
1995-03-31,East_Antarctica,0.991066337,0.0061715947354598,0.0061715947354598,0.31006724465958424,FALSE,FALSE
1995-04-01,East_Antarctica,1.021073307,0.0205556267838769,0.0205556267838769,0.31006724465958424,FALSE,FALSE
1995-04-02,East_Antarctica,1.055322001,0.03890112715887928,0.03890112715887928,0.31006724465958424,FALSE,FALSE
1995-04-03,East_Antarctica,1.069173166,0.03659505071423785,0.03659505071423785,0.31006724465958424,FALSE,FALSE
1995-04-04,East_Antarctica,1.051755798,0.00279260130372405,0.00279260130372405,0.31006724465958424,FALSE,FALSE
1995-04-05,East_Antarctica,1.020495011,-0.04505489921888994,0.04505489921888994,0.31006724465958424,FALSE,FALSE
1995-04-06,East_Antarctica,1.009646273,-0.07266577499983273,0.07266577499983273,0.31006724465958424,FALSE,FALSE
1995-04-07,East_Antarctica,1.01022764,-0.08899576218533367,0.08899576218533367,0.31006724465958424,FALSE,FALSE
1995-04-08,East_Antarctica,1.018587468,-0.09767029692161944,0.09767029692161944,0.31006724465958424,FALSE,FALSE
1995-04-09,East_Antarctica,1.032434627,-0.100954301354919,0.100954301354919,0.31006724465958424,FALSE,FALSE
1995-04-10,East_Antarctica,1.064930667,-0.08566001763146214,0.08566001763146214,0.31006724465958424,FALSE,FALSE
1995-04-11,East_Antarctica,1.138392322,-0.02944450389747444,0.02944450389747444,0.31006724465958424,FALSE,FALSE
1995-04-12,East_Antarctica,1.193099774,0.00799846718893637,0.00799846718893637,0.31006724465958424,FALSE,FALSE
1995-04-13,East_Antarctica,1.202684859,3.151947103585684e-4,3.151947103585684e-4,0.31006724465958424,FALSE,FALSE
1995-04-14,East_Antarctica,1.226850477,0.00720394849878847,0.00720394849878847,0.31006724465958424,FALSE,FALSE
1995-04-15,East_Antarctica,1.247241085,0.01030277199114704,0.01030277199114704,0.31006724465958424,FALSE,FALSE
1995-04-16,East_Antarctica,1.232855589,-0.02139584237564062,0.02139584237564062,0.31006724465958424,FALSE,FALSE
1995-04-17,East_Antarctica,1.232937037,-0.03865526016465548,0.03865526016465548,0.31006724465958424,FALSE,FALSE
1995-04-18,East_Antarctica,1.243063309,-0.04590401493897267,0.04590401493897267,0.31006724465958424,FALSE,FALSE
1995-04-19,East_Antarctica,1.280771625,-0.02561130026166891,0.02561130026166891,0.31006724465958424,FALSE,FALSE
1995-04-20,East_Antarctica,1.298184233,-0.02566128169582349,0.02566128169582349,0.31006724465958424,FALSE,FALSE
1995-04-21,East_Antarctica,1.327619123,-0.01374238280451356,0.01374238280451356,0.31006724465958424,FALSE,FALSE
1995-04-22,East_Antarctica,1.346696266,-0.01224104615081667,0.01224104615081667,0.31006724465958424,FALSE,FALSE
1995-04-23,East_Antarctica,1.383712921,0.0071335737021887,0.0071335737021887,0.31006724465958424,FALSE,FALSE
1995-04-24,East_Antarctica,1.417858775,0.02356475019142756,0.02356475019142756,0.31006724465958424,FALSE,FALSE
1995-04-25,East_Antarctica,1.436399891,0.02431273891392194,0.02431273891392194,0.31006724465958424,FALSE,FALSE
1995-04-26,East_Antarctica,1.472697799,0.04273901944951586,0.04273901944951586,0.31006724465958424,FALSE,FALSE
1995-04-27,East_Antarctica,1.502999674,0.05509389772042716,0.05509389772042716,0.31006724465958424,FALSE,FALSE
1995-04-28,East_Antarctica,1.508773157,0.04284817916080419,0.04284817916080419,0.31006724465958424,FALSE,FALSE
1995-04-29,East_Antarctica,1.497190909,0.01317768920479256,0.01317768920479256,0.31006724465958424,FALSE,FALSE
1995-04-30,East_Antarctica,1.496895561,-0.0052717767134589,0.0052717767134589,0.31006724465958424,FALSE,FALSE
1995-05-01,East_Antarctica,1.483688557,-0.0366956101598046,0.0366956101598046,0.31006724465958424,FALSE,FALSE
1995-05-02,East_Antarctica,1.471887222,-0.06677332170009742,0.06677332170009742,0.31006724465958424,FALSE,FALSE
1995-05-03,East_Antarctica,1.556938357,-5.494590018817469e-5,5.494590018817469e-5,0.31006724465958424,FALSE,FALSE
1995-05-04,East_Antarctica,1.613104714,0.03772543367406777,0.03772543367406777,0.31006724465958424,FALSE,FALSE
1995-05-05,East_Antarctica,1.658976859,0.06516154745681857,0.06516154745681857,0.31006724465958424,FALSE,FALSE
1995-05-06,East_Antarctica,1.659538516,0.04724028388221213,0.04724028388221213,0.31006724465958424,FALSE,FALSE
1995-05-07,East_Antarctica,1.724087839,0.0932629643809002,0.0932629643809002,0.31006724465958424,FALSE,FALSE
1995-05-08,East_Antarctica,1.77740848,0.1280180789828267,0.1280180789828267,0.31006724465958424,FALSE,FALSE
1995-05-09,East_Antarctica,1.78690974,0.11892421297198497,0.11892421297198497,0.31006724465958424,FALSE,FALSE
1995-05-10,East_Antarctica,1.817787355,0.13118711820137707,0.13118711820137707,0.31006724465958424,FALSE,FALSE
1995-05-11,East_Antarctica,1.824387348,0.1191628335240078,0.1191628335240078,0.31006724465958424,FALSE,FALSE
1995-05-12,East_Antarctica,1.811326094,0.08747774979287981,0.08747774979287981,0.31006724465958424,FALSE,FALSE
1995-05-13,East_Antarctica,1.821455763,0.07899405286099959,0.07899405286099959,0.31006724465958424,FALSE,FALSE
1995-05-14,East_Antarctica,1.831340059,0.07028546258136914,0.07028546258136914,0.31006724465958424,FALSE,FALSE
1995-05-15,East_Antarctica,1.839058123,0.05944113580699328,0.05944113580699328,0.31006724465958424,FALSE,FALSE
1995-05-16,East_Antarctica,1.851041895,0.05290302839087379,0.05290302839087379,0.31006724465958424,FALSE,FALSE
1995-05-17,East_Antarctica,1.874073671,0.05746345218601845,0.05746345218601845,0.31006724465958424,FALSE,FALSE
1995-05-18,East_Antarctica,1.900471988,0.06545096004542494,0.06545096004542494,0.31006724465958424,FALSE,FALSE
1995-05-19,East_Antarctica,1.909744067,0.0563827888221029,0.0563827888221029,0.31006724465958424,FALSE,FALSE
1995-05-20,East_Antarctica,1.92512982,0.05350929595129372,0.05350929595129372,0.31006724465958424,FALSE,FALSE
1995-05-21,East_Antarctica,1.934661967,0.04488148559043581,0.04488148559043581,0.31006724465958424,FALSE,FALSE
1995-05-22,East_Antarctica,1.951111142,0.04329512446146721,0.04329512446146721,0.31006724465958424,FALSE,FALSE
1995-05-23,East_Antarctica,1.960767241,0.03506547170434748,0.03506547170434748,0.31006724465958424,FALSE,FALSE
1995-05-24,East_Antarctica,1.970964369,0.02755199545902287,0.02755199545902287,0.31006724465958424,FALSE,FALSE
1995-05-25,East_Antarctica,1.971062371,0.0101399038654486,0.0101399038654486,0.31006724465958424,FALSE,FALSE
1995-05-26,East_Antarctica,1.953471089,-0.02473559793642144,0.02473559793642144,0.31006724465958424,FALSE,FALSE
1995-05-27,East_Antarctica,1.957521417,-0.03771825280663421,0.03771825280663421,0.31006724465958424,FALSE,FALSE
1995-05-28,East_Antarctica,1.973520298,-0.03847575460523789,0.03847575460523789,0.31006724465958424,FALSE,FALSE
1995-05-29,East_Antarctica,2.001146483,-0.0273039891922795,0.0273039891922795,0.31006724465958424,FALSE,FALSE
1995-05-30,East_Antarctica,2.019494711,-0.025082854427803,0.025082854427803,0.31006724465958424,FALSE,FALSE
1995-05-31,East_Antarctica,2.037163803,-0.02318816617186048,0.02318816617186048,0.31006724465958424,FALSE,FALSE
1995-06-01,East_Antarctica,2.067969892,-0.00777842828449459,0.00777842828449459,0.31006724465958424,FALSE,FALSE
1995-06-02,East_Antarctica,2.079522487,-0.01123120371261432,0.01123120371261432,0.31006724465958424,FALSE,FALSE
1995-06-03,East_Antarctica,2.065260136,-0.04015018180645491,0.04015018180645491,0.31006724465958424,FALSE,FALSE
1995-06-04,East_Antarctica,2.084791499,-0.03498423226341041,0.03498423226341041,0.31006724465958424,FALSE,FALSE
1995-06-05,East_Antarctica,2.101634916,-0.03227254534734314,0.03227254534734314,0.31006724465958424,FALSE,FALSE
1995-06-06,East_Antarctica,2.126454616,-0.02140842232211737,0.02140842232211737,0.31006724465958424,FALSE,FALSE
1995-06-07,East_Antarctica,2.119224938,-0.04247505445159438,0.04247505445159438,0.31006724465958424,FALSE,FALSE
1995-06-08,East_Antarctica,2.087731045,-0.08774480899963688,0.08774480899963688,0.31006724465958424,FALSE,FALSE
1995-06-09,East_Antarctica,2.062326414,-0.12692173923010897,0.12692173923010897,0.31006724465958424,FALSE,FALSE
1995-06-10,East_Antarctica,2.04953742,-0.1535370004068688,0.1535370004068688,0.31006724465958424,FALSE,FALSE
1995-06-11,East_Antarctica,2.040387779,-0.17662440679378433,0.17662440679378433,0.31006724465958424,FALSE,FALSE
1995-06-12,East_Antarctica,1.986506227,-0.2446127526547146,0.2446127526547146,0.31006724465958424,FALSE,FALSE
1995-06-13,East_Antarctica,1.985714127,-0.2597382052535231,0.2597382052535231,0.31006724465958424,FALSE,FALSE
1995-06-14,East_Antarctica,2.018699236,-0.24136940559023445,0.24136940559023445,0.31006724465958424,FALSE,FALSE
1995-06-15,East_Antarctica,2.052051086,-0.22292330477903952,0.22292330477903952,0.31006724465958424,FALSE,FALSE
1995-06-16,East_Antarctica,2.058560627,-0.23154695991779084,0.23154695991779084,0.31006724465958424,FALSE,FALSE
1995-06-17,East_Antarctica,2.067554081,-0.23784719490020523,0.23784719490020523,0.31006724465958424,FALSE,FALSE
1995-06-18,East_Antarctica,2.089389116,-0.23139938761998555,0.23139938761998555,0.31006724465958424,FALSE,FALSE
1995-06-19,East_Antarctica,2.098165083,-0.2380372329708509,0.2380372329708509,0.31006724465958424,FALSE,FALSE
1995-06-20,East_Antarctica,2.149193289,-0.2023824698465102,0.2023824698465102,0.31006724465958424,FALSE,FALSE
1995-06-21,East_Antarctica,2.211195619,-0.15564625914067332,0.15564625914067332,0.31006724465958424,FALSE,FALSE
1995-06-22,East_Antarctica,2.224748443,-0.15718527674705518,0.15718527674705518,0.31006724465958424,FALSE,FALSE
1995-06-23,East_Antarctica,2.252679823,-0.14410450655936555,0.14410450655936555,0.31006724465958424,FALSE,FALSE
1995-06-24,East_Antarctica,2.249316541,-0.1620102124713152,0.1620102124713152,0.31006724465958424,FALSE,FALSE
1995-06-25,East_Antarctica,2.272493562,-0.15300047537661854,0.15300047537661854,0.31006724465958424,FALSE,FALSE
1995-06-26,East_Antarctica,2.299495715,-0.13972351216898282,0.13972351216898282,0.31006724465958424,FALSE,FALSE
1995-06-27,East_Antarctica,2.327828813,-0.12461607549935394,0.12461607549935394,0.31006724465958424,FALSE,FALSE
1995-06-28,East_Antarctica,2.289507103,-0.1756784201146413,0.1756784201146413,0.31006724465958424,FALSE,FALSE
1995-06-29,East_Antarctica,2.276008357,-0.2014801461916944,0.2014801461916944,0.31006724465958424,FALSE,FALSE
1995-06-30,East_Antarctica,2.253042893,-0.23635847691101564,0.23635847691101564,0.31006724465958424,FALSE,FALSE
1995-07-01,East_Antarctica,2.234834534,-0.2661371304531137,0.2661371304531137,0.31006724465958424,FALSE,FALSE
1995-07-02,East_Antarctica,2.232452066,-0.2797948619984991,0.2797948619984991,0.31006724465958424,FALSE,FALSE
1995-07-03,East_Antarctica,2.227302242,-0.2959724597276754,0.2959724597276754,0.31006724465958424,FALSE,FALSE
1995-07-04,East_Antarctica,2.190053377,-0.344049149821152,0.344049149821152,0.31006724465958424,TRUE,TRUE
1995-07-05,East_Antarctica,2.19122252,-0.35355542445943433,0.35355542445943433,0.31006724465958424,TRUE,TRUE
1995-07-06,East_Antarctica,2.225051728,-0.33029676782303197,0.33029676782303197,0.31006724465958424,TRUE,TRUE
1995-07-07,East_Antarctica,2.250902483,-0.31495923909245027,0.31495923909245027,0.31006724465958424,TRUE,TRUE
1995-07-08,East_Antarctica,2.2445744,-0.3317907644481961,0.3317907644481961,0.31006724465958424,TRUE,TRUE
1995-07-09,East_Antarctica,2.285303534,-0.3016027726266266,0.3016027726266266,0.31006724465958424,FALSE,FALSE
1995-07-10,East_Antarctica,2.331417938,-0.26610352174252627,0.26610352174252627,0.31006724465958424,FALSE,FALSE
1995-07-11,East_Antarctica,2.34911122,-0.2591112639138524,0.2591112639138524,0.31006724465958424,FALSE,FALSE
1995-07-12,East_Antarctica,2.347011629,-0.27200637450396625,0.27200637450396625,0.31006724465958424,FALSE,FALSE
1995-07-13,East_Antarctica,2.385529134,-0.24438750887622795,0.24438750887622795,0.31006724465958424,FALSE,FALSE
1995-07-14,East_Antarctica,2.348355862,-0.2925711643939928,0.2925711643939928,0.31006724465958424,FALSE,FALSE
1995-07-15,East_Antarctica,2.371504619,-0.28055315942062053,0.28055315942062053,0.31006724465958424,FALSE,FALSE
1995-07-16,East_Antarctica,2.359510374,-0.30380714931946784,0.30380714931946784,0.31006724465958424,FALSE,FALSE
1995-07-17,East_Antarctica,2.349175509,-0.3255393764538961,0.3255393764538961,0.31006724465958424,TRUE,FALSE
1995-07-18,East_Antarctica,2.3567545,-0.3295039891872604,0.3295039891872604,0.31006724465958424,TRUE,FALSE
1995-07-19,East_Antarctica,2.390610432,-0.3073465268829221,0.3073465268829221,0.31006724465958424,FALSE,FALSE
1995-07-20,East_Antarctica,2.421452212,-0.2883667069042364,0.2883667069042364,0.31006724465958424,FALSE,FALSE
1995-07-21,East_Antarctica,2.444784613,-0.2770683806145642,0.2770683806145642,0.31006724465958424,FALSE,FALSE
1995-07-22,East_Antarctica,2.493981803,-0.24008344778602583,0.24008344778602583,0.31006724465958424,FALSE,FALSE
1995-07-23,East_Antarctica,2.514847347,-0.2315791243574936,0.2315791243574936,0.31006724465958424,FALSE,FALSE
1995-07-24,East_Antarctica,2.54176419,-0.217117524294697,0.217117524294697,0.31006724465958424,FALSE,FALSE
1995-07-25,East_Antarctica,2.525337858,-0.24603759708892436,0.24603759708892436,0.31006724465958424,FALSE,FALSE
1995-07-26,East_Antarctica,2.536828275,-0.24702389423146487,0.24702389423146487,0.31006724465958424,FALSE,FALSE
1995-07-27,East_Antarctica,2.523526183,-0.27273014921361183,0.27273014921361183,0.31006724465958424,FALSE,FALSE
1995-07-28,East_Antarctica,2.532424846,-0.2761075735266534,0.2761075735266534,0.31006724465958424,FALSE,FALSE
1995-07-29,East_Antarctica,2.551859703,-0.2687652036618773,0.2687652036618773,0.31006724465958424,FALSE,FALSE
1995-07-30,East_Antarctica,2.63656499,-0.195913279110576,0.195913279110576,0.31006724465958424,FALSE,FALSE
1995-07-31,East_Antarctica,2.61460915,-0.2294278323640384,0.2294278323640384,0.31006724465958424,FALSE,FALSE
1995-08-01,East_Antarctica,2.60267089,-0.2525746319135531,0.2525746319135531,0.31006724465958424,FALSE,FALSE
1995-08-02,East_Antarctica,2.570803239,-0.2952451242504144,0.2952451242504144,0.31006724465958424,FALSE,FALSE
1995-08-03,East_Antarctica,2.53419493,-0.34219505259906846,0.34219505259906846,0.31006724465958424,TRUE,TRUE
1995-08-04,East_Antarctica,2.510665308,-0.37556934061779135,0.37556934061779135,0.31006724465958424,TRUE,TRUE
1995-08-05,East_Antarctica,2.504998256,-0.39061977291906214,0.39061977291906214,0.31006724465958424,TRUE,TRUE
1995-08-06,East_Antarctica,2.500199053,-0.4043928324814616,0.4043928324814616,0.31006724465958424,TRUE,TRUE
1995-08-07,East_Antarctica,2.493331966,-0.4198760142835707,0.4198760142835707,0.31006724465958424,TRUE,TRUE
1995-08-08,East_Antarctica,2.536514755,-0.3850033203039694,0.3850033203039694,0.31006724465958424,TRUE,TRUE
1995-08-09,East_Antarctica,2.576293797,-0.3532801355212376,0.3532801355212376,0.31006724465958424,TRUE,TRUE
1995-08-10,East_Antarctica,2.594849601,-0.34257771291395755,0.34257771291395755,0.31006724465958424,TRUE,TRUE
1995-08-11,East_Antarctica,2.613118547,-0.3320114344607088,0.3320114344607088,0.31006724465958424,TRUE,TRUE
1995-08-12,East_Antarctica,2.609997426,-0.3427362711400721,0.3427362711400721,0.31006724465958424,TRUE,TRUE
1995-08-13,East_Antarctica,2.617995004,-0.34229521893062875,0.34229521893062875,0.31006724465958424,TRUE,TRUE
1995-08-14,East_Antarctica,2.6532212570000002,-0.31463006381095626,0.31463006381095626,0.31006724465958424,TRUE,TRUE
1995-08-15,East_Antarctica,2.687887539,-0.28758121375963785,0.28758121375963785,0.31006724465958424,FALSE,FALSE
1995-08-16,East_Antarctica,2.769451621,-0.213741127459528,0.213741127459528,0.31006724465958424,FALSE,FALSE
1995-08-17,East_Antarctica,2.848507472,-0.1425205221656869,0.1425205221656869,0.31006724465958424,FALSE,FALSE
1995-08-18,East_Antarctica,2.895065973,-0.10386107508819098,0.10386107508819098,0.31006724465958424,FALSE,FALSE
1995-08-19,East_Antarctica,2.921764609,-0.08507500268551516,0.08507500268551516,0.31006724465958424,FALSE,FALSE
1995-08-20,East_Antarctica,2.948709086,-0.06600630041612421,0.06600630041612421,0.31006724465958424,FALSE,FALSE
1995-08-21,East_Antarctica,2.95880729,-0.06369678373848942,0.06369678373848942,0.31006724465958424,FALSE,FALSE
1995-08-22,East_Antarctica,2.985742738,-0.04441263711108068,0.04441263711108068,0.31006724465958424,FALSE,FALSE
1995-08-23,East_Antarctica,3.010090057,-0.02752893499236775,0.02752893499236775,0.31006724465958424,FALSE,FALSE
1995-08-24,East_Antarctica,3.025371823,-0.01947280284081864,0.01947280284081864,0.31006724465958424,FALSE,FALSE
1995-08-25,East_Antarctica,2.951570832,-0.10021114611490312,0.10021114611490312,0.31006724465958424,FALSE,FALSE
1995-08-26,East_Antarctica,2.910118236,-0.14826251427309067,0.14826251427309067,0.31006724465958424,FALSE,FALSE
1995-08-27,East_Antarctica,2.907931245,-0.1566593987738516,0.1566593987738516,0.31006724465958424,FALSE,FALSE
1995-08-28,East_Antarctica,2.887586004,-0.182775356075652,0.182775356075652,0.31006724465958424,FALSE,FALSE
1995-08-29,East_Antarctica,2.888708427,-0.1869431652619351,0.1869431652619351,0.31006724465958424,FALSE,FALSE
1995-08-30,East_Antarctica,2.877343086,-0.20313159577923745,0.20313159577923745,0.31006724465958424,FALSE,FALSE
1995-08-31,East_Antarctica,2.863467156,-0.2213973472050128,0.2213973472050128,0.31006724465958424,FALSE,FALSE
1995-09-01,East_Antarctica,2.849991688,-0.23886327994641032,0.23886327994641032,0.31006724465958424,FALSE,FALSE
1995-09-02,East_Antarctica,2.834504072,-0.2579759154105772,0.2579759154105772,0.31006724465958424,FALSE,FALSE
1995-09-03,East_Antarctica,2.838700134,-0.25707333900466534,0.25707333900466534,0.31006724465958424,FALSE,FALSE
1995-09-04,East_Antarctica,2.870439659,-0.22832967713581853,0.22832967713581853,0.31006724465958424,FALSE,FALSE
1995-09-05,East_Antarctica,2.861380253,-0.2401212352111872,0.2401212352111872,0.31006724465958424,FALSE,FALSE
1995-09-06,East_Antarctica,2.905446639,-0.19855720163792068,0.19855720163792068,0.31006724465958424,FALSE,FALSE
1995-09-07,East_Antarctica,2.949221238,-0.1570890668231657,0.1570890668231657,0.31006724465958424,FALSE,FALSE
1995-09-08,East_Antarctica,2.982001861,-0.1264529311740743,0.1264529311740743,0.31006724465958424,FALSE,FALSE
1995-09-09,East_Antarctica,3.021667702,-0.08880351209778858,0.08880351209778858,0.31006724465958424,FALSE,FALSE
1995-09-10,East_Antarctica,3.039391358,-0.07300207219352473,0.07300207219352473,0.31006724465958424,FALSE,FALSE
1995-09-11,East_Antarctica,3.042025864,-0.07222451784782002,0.07222451784782002,0.31006724465958424,FALSE,FALSE
1995-09-12,East_Antarctica,3.038584723,-0.07747738740991039,0.07747738740991039,0.31006724465958424,FALSE,FALSE
1995-09-13,East_Antarctica,3.030156095,-0.087691625132690465,0.087691625132690465,0.31006724465958424,FALSE,FALSE
1995-09-14,East_Antarctica,3.033281881,-0.08634443426905403,0.08634443426905403,0.31006724465958424,FALSE,FALSE
1995-09-15,East_Antarctica,3.021112336,-0.10030466407190052,0.10030466407190052,0.31006724465958424,FALSE,FALSE
1995-09-16,East_Antarctica,3.012348868,-0.11089001079412152,0.11089001079412152,0.31006724465958424,FALSE,FALSE
1995-09-17,East_Antarctica,3.014842343,-0.11026871268861482,0.11026871268861482,0.31006724465958424,FALSE,FALSE
1995-09-18,East_Antarctica,2.985546572,-0.14150606300827562,0.14150606300827562,0.31006724465958424,FALSE,FALSE
1995-09-19,East_Antarctica,3.030097476,-0.09898524500599892,0.09898524500599892,0.31006724465958424,FALSE,FALSE
1995-09-20,East_Antarctica,3.03304058,-0.098179837934679,0.098179837934679,0.31006724465958424,FALSE,FALSE
1995-09-21,East_Antarctica,3.046719442,-0.08676538804721456,0.08676538804721456,0.31006724465958424,FALSE,FALSE
1995-09-22,East_Antarctica,3.042723902,-0.09317115959649946,0.09317115959649946,0.31006724465958424,FALSE,FALSE
1995-09-23,East_Antarctica,3.037713854,-0.10075027587983644,0.10075027587983644,0.31006724465958424,FALSE,FALSE
1995-09-24,East_Antarctica,3.047200845,-0.09393903948710536,0.09393903948710536,0.31006724465958424,FALSE,FALSE
1995-09-25,East_Antarctica,3.016741799,-0.12708884427509703,0.12708884427509703,0.31006724465958424,FALSE,FALSE
1995-09-26,East_Antarctica,2.99908139,-0.14736277942677312,0.14736277942677312,0.31006724465958424,FALSE,FALSE
1995-09-27,East_Antarctica,2.945445491,-0.20344273512510025,0.20344273512510025,0.31006724465958424,FALSE,FALSE
1995-09-28,East_Antarctica,2.870612345,-0.2804582315530384,0.2804582315530384,0.31006724465958424,FALSE,FALSE
1995-09-29,East_Antarctica,2.86690584,-0.285993143893553,0.285993143893553,0.31006724465958424,FALSE,FALSE
1995-09-30,East_Antarctica,2.859133864,-0.295147347329606,0.295147347329606,0.31006724465958424,FALSE,FALSE
1995-10-01,East_Antarctica,2.873912509,-0.28121251304416184,0.28121251304416184,0.31006724465958424,FALSE,FALSE
1995-10-02,East_Antarctica,2.902609376,-0.25272880322018265,0.25272880322018265,0.31006724465958424,FALSE,FALSE
1995-10-03,East_Antarctica,2.892456367,-0.26237207904063053,0.26237207904063053,0.31006724465958424,FALSE,FALSE
1995-10-04,East_Antarctica,2.887984029,-0.26551955668847294,0.26551955668847294,0.31006724465958424,FALSE,FALSE
1995-10-05,East_Antarctica,2.889101485,-0.2621699041074588,0.2621699041074588,0.31006724465958424,FALSE,FALSE
1995-10-06,East_Antarctica,2.910814193,-0.2372590345142931,0.2372590345142931,0.31006724465958424,FALSE,FALSE
1995-10-07,East_Antarctica,2.949562604,-0.19438664615393053,0.19438664615393053,0.31006724465958424,FALSE,FALSE
1995-10-08,East_Antarctica,2.988980281,-0.1499773965168063,0.1499773965168063,0.31006724465958424,FALSE,FALSE
1995-10-09,East_Antarctica,3.04273754,-0.09041919009335776,0.09041919009335776,0.31006724465958424,FALSE,FALSE
1995-10-10,East_Antarctica,3.052614415,-0.07399021337401779,0.07399021337401779,0.31006724465958424,FALSE,FALSE
1995-10-11,East_Antarctica,3.089959842,-0.02939975084922164,0.02939975084922164,0.31006724465958424,FALSE,FALSE
1995-10-12,East_Antarctica,3.09156544,-0.01991440400940991,0.01991440400940991,0.31006724465958424,FALSE,FALSE
1995-10-13,East_Antarctica,3.100175195,-0.00284840734501523,0.00284840734501523,0.31006724465958424,FALSE,FALSE
1995-10-14,East_Antarctica,3.115187426,0.0211383376535279,0.0211383376535279,0.31006724465958424,FALSE,FALSE
1995-10-15,East_Antarctica,3.106340244,0.02172572149578222,0.02172572149578222,0.31006724465958424,FALSE,FALSE
1995-10-16,East_Antarctica,3.090596996,0.01581887069131538,0.01581887069131538,0.31006724465958424,FALSE,FALSE
1995-10-17,East_Antarctica,3.121951996,0.057353878749685,0.057353878749685,0.31006724465958424,FALSE,FALSE
1995-10-18,East_Antarctica,3.089144493,0.03501507402491866,0.03501507402491866,0.31006724465958424,FALSE,FALSE
1995-10-19,East_Antarctica,3.069989005,0.02663214158954829,0.02663214158954829,0.31006724465958424,FALSE,FALSE
1995-10-20,East_Antarctica,3.076584132,0.04438585344660106,0.04438585344660106,0.31006724465958424,FALSE,FALSE
1995-10-21,East_Antarctica,3.077108061,0.05653925149486882,0.05653925149486882,0.31006724465958424,FALSE,FALSE
1995-10-22,East_Antarctica,3.067767962,0.05938436063313412,0.05938436063313412,0.31006724465958424,FALSE,FALSE
1995-10-23,East_Antarctica,3.085116497,0.08955869776019165,0.08955869776019165,0.31006724465958424,FALSE,FALSE
1995-10-24,East_Antarctica,3.104141518,0.1221349697748253,0.1221349697748253,0.31006724465958424,FALSE,FALSE
1995-10-25,East_Antarctica,3.111769391,0.14412439757582396,0.14412439757582396,0.31006724465958424,FALSE,FALSE
1995-10-26,East_Antarctica,3.134448171,0.18205989106197729,0.18205989106197729,0.31006724465958424,FALSE,FALSE
1995-10-27,East_Antarctica,3.1111458,0.174994247132072,0.174994247132072,0.31006724465958424,FALSE,FALSE
1995-10-28,East_Antarctica,3.057413942,0.13856398468489584,0.13856398468489584,0.31006724465958424,FALSE,FALSE
1995-10-29,East_Antarctica,3.02926312,0.12886448161923747,0.12886448161923747,0.31006724465958424,FALSE,FALSE
1995-10-30,East_Antarctica,2.989199039,0.10848629783388476,0.10848629783388476,0.31006724465958424,FALSE,FALSE
1995-10-31,East_Antarctica,2.964505372,0.1047855505802504,0.1047855505802504,0.31006724465958424,FALSE,FALSE
1995-11-01,East_Antarctica,2.917485893,0.08007737020849026,0.08007737020849026,0.31006724465958424,FALSE,FALSE
1995-11-02,East_Antarctica,2.89021705,0.07643079723930635,0.07643079723930635,0.31006724465958424,FALSE,FALSE
1995-11-03,East_Antarctica,2.901765606,0.11290518214918333,0.11290518214918333,0.31006724465958424,FALSE,FALSE
1995-11-04,East_Antarctica,2.860314987,0.097676538414611,0.097676538414611,0.31006724465958424,FALSE,FALSE
1995-11-05,East_Antarctica,2.829313617,0.09418587751207896,0.09418587751207896,0.31006724465958424,FALSE,FALSE
1995-11-06,East_Antarctica,2.704302912,-0.00203279708192827,0.00203279708192827,0.31006724465958424,FALSE,FALSE
1995-11-07,East_Antarctica,2.581673236,-0.09459653389091872,0.09459653389091872,0.31006724465958424,FALSE,FALSE
1995-11-08,East_Antarctica,2.579274347,-0.06566298743840626,0.06566298743840626,0.31006724465958424,FALSE,FALSE
1995-11-09,East_Antarctica,2.579262209,-0.03308360624790296,0.03308360624790296,0.31006724465958424,FALSE,FALSE
1995-11-10,East_Antarctica,2.545092932,-0.03340969284291795,0.03340969284291795,0.31006724465958424,FALSE,FALSE
1995-11-11,East_Antarctica,2.520948759,-0.02246641674696636,0.02246641674696636,0.31006724465958424,FALSE,FALSE
1995-11-12,East_Antarctica,2.501384173,-0.00570761504826355,0.00570761504826355,0.31006724465958424,FALSE,FALSE
1995-11-13,East_Antarctica,2.496013034,0.02642204659293279,0.02642204659293279,0.31006724465958424,FALSE,FALSE
1995-11-14,East_Antarctica,2.490840192,0.059793423065571,0.059793423065571,0.31006724465958424,FALSE,FALSE
1995-11-15,East_Antarctica,2.452129558,0.06053020527227959,0.06053020527227959,0.31006724465958424,FALSE,FALSE
1995-11-16,East_Antarctica,2.395676881,0.04428792211568089,0.04428792211568089,0.31006724465958424,FALSE,FALSE
1995-11-17,East_Antarctica,2.364437285,0.05388147749840222,0.05388147749840222,0.31006724465958424,FALSE,FALSE
1995-11-18,East_Antarctica,2.322455073,0.05321495432306422,0.05321495432306422,0.31006724465958424,FALSE,FALSE
1995-11-19,East_Antarctica,2.292714221,0.06513210849229356,0.06513210849229356,0.31006724465958424,FALSE,FALSE
1995-11-20,East_Antarctica,2.247633772,0.06191176290871558,0.06191176290871558,0.31006724465958424,FALSE,FALSE
1995-11-21,East_Antarctica,2.192164164,0.0483641354749551,0.0483641354749551,0.31006724465958424,FALSE,FALSE
1995-11-22,East_Antarctica,2.11993099,0.01797459909363619,0.01797459909363619,0.31006724465958424,FALSE,FALSE
1995-11-23,East_Antarctica,2.058946406,-0.001384910332618,0.001384910332618,0.31006724465958424,FALSE,FALSE
1995-11-24,East_Antarctica,2.018274798,-7.902269011803575e-4,7.902269011803575e-4,0.31006724465958424,FALSE,FALSE
1995-11-25,East_Antarctica,1.974453336,-0.00383591306566222,0.00383591306566222,0.31006724465958424,FALSE,FALSE
1995-11-26,East_Antarctica,1.941509694,0.00344575978923078,0.00344575978923078,0.31006724465958424,FALSE,FALSE
1995-11-27,East_Antarctica,1.910220737,0.0118078076781396,0.0118078076781396,0.31006724465958424,FALSE,FALSE
1995-11-28,East_Antarctica,1.843857891,-0.01550191897503272,0.01550191897503272,0.31006724465958424,FALSE,FALSE
1995-11-29,East_Antarctica,1.78854543,-0.03238272174638879,0.03238272174638879,0.31006724465958424,FALSE,FALSE
1995-11-30,East_Antarctica,1.772988343,-0.01015318721202418,0.01015318721202418,0.31006724465958424,FALSE,FALSE
1995-12-01,East_Antarctica,1.76052733,0.01450380905196002,0.01450380905196002,0.31006724465958424,FALSE,FALSE
1995-12-02,East_Antarctica,1.729063773,0.01946607346946671,0.01946607346946671,0.31006724465958424,FALSE,FALSE
1995-12-03,East_Antarctica,1.684403761,0.01051611946439479,0.01051611946439479,0.31006724465958424,FALSE,FALSE
1995-12-04,East_Antarctica,1.639395735,4.788124606458499e-4,4.788124606458499e-4,0.31006724465958424,FALSE,FALSE
1995-12-05,East_Antarctica,1.622788657,0.01807953888212221,0.01807953888212221,0.31006724465958424,FALSE,FALSE
1995-12-06,East_Antarctica,1.596568967,0.02528116315272277,0.02528116315272277,0.31006724465958424,FALSE,FALSE
1995-12-07,East_Antarctica,1.581558857,0.04288232568220374,0.04288232568220374,0.31006724465958424,FALSE,FALSE
1995-12-08,East_Antarctica,1.558128317,0.0512369108569628,0.0512369108569628,0.31006724465958424,FALSE,FALSE
1995-12-09,East_Antarctica,1.55503142,0.07910084302505105,0.07910084302505105,0.31006724465958424,FALSE,FALSE
1995-12-10,East_Antarctica,1.544077888,0.09828834817809584,0.09828834817809584,0.31006724465958424,FALSE,FALSE
1995-12-11,East_Antarctica,1.483217386,0.06675359530771696,0.06675359530771696,0.31006724465958424,FALSE,FALSE
1995-12-12,East_Antarctica,1.486668995,0.09872016940553774,0.09872016940553774,0.31006724465958424,FALSE,FALSE
1995-12-13,East_Antarctica,1.472468893,0.11222875246318352,0.11222875246318352,0.31006724465958424,FALSE,FALSE
1995-12-14,East_Antarctica,1.4570355209999999,0.12370228947227702,0.12370228947227702,0.31006724465958424,FALSE,FALSE
1995-12-15,East_Antarctica,1.460603635,0.1533800404244423,0.1533800404244423,0.31006724465958424,FALSE,FALSE
1995-12-16,East_Antarctica,1.434855103,0.15294837731130229,0.15294837731130229,0.31006724465958424,FALSE,FALSE
1995-12-17,East_Antarctica,1.423573216,0.16619509512448083,0.16619509512448083,0.31006724465958424,FALSE,FALSE
1995-12-18,East_Antarctica,1.411230954,0.17759767785559966,0.17759767785559966,0.31006724465958424,FALSE,FALSE
1995-12-19,East_Antarctica,1.328017257,0.11734956949628494,0.11734956949628494,0.31006724465958424,FALSE,FALSE
1995-12-20,East_Antarctica,1.326873983,0.13839793852166582,0.13839793852166582,0.31006724465958424,FALSE,FALSE
1995-12-21,East_Antarctica,1.315913369,0.1488730844656414,0.1488730844656414,0.31006724465958424,FALSE,FALSE
1995-12-22,East_Antarctica,1.317519715,0.1711875488231882,0.1711875488231882,0.31006724465958424,FALSE,FALSE
1995-12-23,East_Antarctica,1.306281856,0.1799586917456022,0.1799586917456022,0.31006724465958424,FALSE,FALSE
1995-12-24,East_Antarctica,1.285331858,0.1783471043841807,0.1783471043841807,0.31006724465958424,FALSE,FALSE
1995-12-25,East_Antarctica,1.234225996,0.1459375868902193,0.1459375868902193,0.31006724465958424,FALSE,FALSE
1995-12-26,East_Antarctica,1.210740593,0.1405349874150141,0.1405349874150141,0.31006724465958424,FALSE,FALSE
1995-12-27,East_Antarctica,1.180288099,0.12758028110986053,0.12758028110986053,0.31006724465958424,FALSE,FALSE
1995-12-28,East_Antarctica,1.159955351,0.12418883012605542,0.12418883012605542,0.31006724465958424,FALSE,FALSE
1995-12-29,East_Antarctica,1.149613306,0.13026011661489645,0.13026011661489645,0.31006724465958424,FALSE,FALSE
1995-12-30,East_Antarctica,1.137098861,0.13365956272767843,0.13365956272767843,0.31006724465958424,FALSE,FALSE
1995-12-31,East_Antarctica,1.117331537,0.12933521461569553,0.12933521461569553,0.31006724465958424,FALSE,FALSE
1996-01-01,East_Antarctica,1.113011287,0.14001555043024594,0.14001555043024594,0.31006724465958424,FALSE,FALSE
1996-01-02,East_Antarctica,1.110062907,0.1516527883438522,0.1516527883438522,0.31006724465958424,FALSE,FALSE
1996-01-03,East_Antarctica,1.10636472,0.1621482616139287,0.1621482616139287,0.31006724465958424,FALSE,FALSE
1996-01-04,East_Antarctica,1.084637487,0.15424463851912118,0.15424463851912118,0.31006724465958424,FALSE,FALSE
1996-01-05,East_Antarctica,1.052264109,0.1353467273380763,0.1353467273380763,0.31006724465958424,FALSE,FALSE
1996-01-06,East_Antarctica,1.044451439,0.1406832883494311,0.1406832883494311,0.31006724465958424,FALSE,FALSE
1996-01-07,East_Antarctica,1.02271246,0.13178921183183312,0.13178921183183312,0.31006724465958424,FALSE,FALSE
1996-01-08,East_Antarctica,1.032313284,0.15395251706392532,0.15395251706392532,0.31006724465958424,FALSE,FALSE
1996-01-09,East_Antarctica,1.028709529,0.16265072932434876,0.16265072932434876,0.31006724465958424,FALSE,FALSE
1996-01-10,East_Antarctica,1.008291448,0.15429600889175032,0.15429600889175032,0.31006724465958424,FALSE,FALSE
1996-01-11,East_Antarctica,1.000434306,0.15828552804477036,0.15828552804477036,0.31006724465958424,FALSE,FALSE
1996-01-12,East_Antarctica,0.971367967,0.14087105806205358,0.14087105806205358,0.31006724465958424,FALSE,FALSE
1996-01-13,East_Antarctica,0.940890704,0.12187277922224292,0.12187277922224292,0.31006724465958424,FALSE,FALSE
1996-01-14,East_Antarctica,0.908958714,0.10126846097255526,0.10126846097255526,0.31006724465958424,FALSE,FALSE
1996-01-15,East_Antarctica,0.90286254,0.10635820338867408,0.10635820338867408,0.31006724465958424,FALSE,FALSE
1996-01-16,East_Antarctica,0.903876042,0.11841037085841744,0.11841037085841744,0.31006724465958424,FALSE,FALSE
1996-01-17,East_Antarctica,0.902834257,0.12825355278649742,0.12825355278649742,0.31006724465958424,FALSE,FALSE
1996-01-18,East_Antarctica,0.853266372,0.08941048857762823,0.08941048857762823,0.31006724465958424,FALSE,FALSE
1996-01-19,East_Antarctica,0.830830157,0.07753250063652206,0.07753250063652206,0.31006724465958424,FALSE,FALSE
1996-01-20,East_Antarctica,0.821778518,0.07886604736789149,0.07886604736789149,0.31006724465958424,FALSE,FALSE
1996-01-21,East_Antarctica,0.819851563,0.08714478917644952,0.08714478917644952,0.31006724465958424,FALSE,FALSE
1996-01-22,East_Antarctica,0.811444651,0.08875763746690968,0.08875763746690968,0.31006724465958424,FALSE,FALSE
1996-01-23,East_Antarctica,0.803146567,0.09028692964398376,0.09028692964398376,0.31006724465958424,FALSE,FALSE
1996-01-24,East_Antarctica,0.797663459,0.09443236611238516,0.09443236611238516,0.31006724465958424,FALSE,FALSE
1996-01-25,East_Antarctica,0.791845697,0.09803786927682656,0.09803786927682656,0.31006724465958424,FALSE,FALSE
1996-01-26,East_Antarctica,0.769069694,0.08447340454202157,0.08447340454202157,0.31006724465958424,FALSE,FALSE
1996-01-27,East_Antarctica,0.768466834,0.09286472719855277,0.09286472719855277,0.31006724465958424,FALSE,FALSE
1996-01-28,East_Antarctica,0.76313292,0.09630755495126853,0.09630755495126853,0.31006724465958424,FALSE,FALSE
1996-01-29,East_Antarctica,0.752927859,0.09466400811955313,0.09466400811955313,0.31006724465958424,FALSE,FALSE
1996-01-30,East_Antarctica,0.732253446,0.08233810242735562,0.08233810242735562,0.31006724465958424,FALSE,FALSE
1996-01-31,East_Antarctica,0.721988465,0.08021084259862754,0.08021084259862754,0.31006724465958424,FALSE,FALSE
1996-02-01,East_Antarctica,0.706966466,0.07311799935732022,0.07311799935732022,0.31006724465958424,FALSE,FALSE
1996-02-02,East_Antarctica,0.699652586,0.07352693042738345,0.07352693042738345,0.31006724465958424,FALSE,FALSE
1996-02-03,East_Antarctica,0.710024415,0.09141744653276952,0.09141744653276952,0.31006724465958424,FALSE,FALSE
1996-02-04,East_Antarctica,0.711744642,0.1004544573974282,0.1004544573974282,0.31006724465958424,FALSE,FALSE
1996-02-05,East_Antarctica,0.714301583,0.11012849974531036,0.11012849974531036,0.31006724465958424,FALSE,FALSE
1996-02-06,East_Antarctica,0.724534426,0.12728098230036675,0.12728098230036675,0.31006724465958424,FALSE,FALSE
1996-02-07,East_Antarctica,0.722695408,0.13216636278654892,0.13216636278654892,0.31006724465958424,FALSE,FALSE
1996-02-08,East_Antarctica,0.703346064,0.1193482576808398,0.1193482576808398,0.31006724465958424,FALSE,FALSE
1996-02-09,East_Antarctica,0.705788268,0.12811223861276233,0.12811223861276233,0.31006724465958424,FALSE,FALSE
1996-02-10,East_Antarctica,0.683458073,0.11184149515454778,0.11184149515454778,0.31006724465958424,FALSE,FALSE
1996-02-11,East_Antarctica,0.664041974,0.09816533613291568,0.09816533613291568,0.31006724465958424,FALSE,FALSE
1996-02-12,East_Antarctica,0.659767341,0.0992539453745861,0.0992539453745861,0.31006724465958424,FALSE,FALSE
1996-02-13,East_Antarctica,0.658466988,0.10288295070627752,0.10288295070627752,0.31006724465958424,FALSE,FALSE
1996-02-14,East_Antarctica,0.654779464,0.10363371495471065,0.10363371495471065,0.31006724465958424,FALSE,FALSE
1996-02-15,East_Antarctica,0.638499503,0.09124378594660444,0.09124378594660444,0.31006724465958424,FALSE,FALSE
1996-02-16,East_Antarctica,0.637873706,0.09390257850867724,0.09390257850867724,0.31006724465958424,FALSE,FALSE
1996-02-17,East_Antarctica,0.623340956,0.08199178946764996,0.08199178946764996,0.31006724465958424,FALSE,FALSE
1996-02-18,East_Antarctica,0.617299762,0.07785274165024147,0.07785274165024147,0.31006724465958424,FALSE,FALSE
1996-02-19,East_Antarctica,0.596095857,0.05777398188317217,0.05777398188317217,0.31006724465958424,FALSE,FALSE
1996-02-20,East_Antarctica,0.613706125,0.07567520799316052,0.07567520799316052,0.31006724465958424,FALSE,FALSE
1996-02-21,East_Antarctica,0.623987391,0.08535913449541532,0.08535913449541532,0.31006724465958424,FALSE,FALSE
1996-02-22,East_Antarctica,0.621541679,0.08141096342417331,0.08141096342417331,0.31006724465958424,FALSE,FALSE
1996-02-23,East_Antarctica,0.643217255,0.10068694476374308,0.10068694476374308,0.31006724465958424,FALSE,FALSE
1996-02-24,East_Antarctica,0.68291535,0.1370967419148903,0.1370967419148903,0.31006724465958424,FALSE,FALSE
1996-02-25,East_Antarctica,0.684761782,0.13477460527838123,0.13477460527838123,0.31006724465958424,FALSE,FALSE
1996-02-26,East_Antarctica,0.644073618,0.08904603425498347,0.08904603425498347,0.31006724465958424,FALSE,FALSE
1996-02-27,East_Antarctica,0.676290489,0.1153590922454617,0.1153590922454617,0.31006724465958424,FALSE,FALSE
1996-02-28,East_Antarctica,0.716658577,0.14896839365058334,0.14896839365058334,0.31006724465958424,FALSE,FALSE
1996-03-01,East_Antarctica,0.714608952,0.13087000430782214,0.13087000430782214,0.31006724465958424,FALSE,FALSE
1996-03-02,East_Antarctica,0.731727661,0.13871560036147246,0.13871560036147246,0.31006724465958424,FALSE,FALSE
1996-03-03,East_Antarctica,0.743932983,0.1408265654328309,0.1408265654328309,0.31006724465958424,FALSE,FALSE
1996-03-04,East_Antarctica,0.746926336,0.13291275406543268,0.13291275406543268,0.31006724465958424,FALSE,FALSE
1996-03-05,East_Antarctica,0.748119696,0.12240998938330394,0.12240998938330394,0.31006724465958424,FALSE,FALSE
1996-03-06,East_Antarctica,0.765815326,0.1276945525068166,0.1276945525068166,0.31006724465958424,FALSE,FALSE
1996-03-07,East_Antarctica,0.791851995,0.1406894233200724,0.1406894233200724,0.31006724465958424,FALSE,FALSE
1996-03-08,East_Antarctica,0.805756805,0.14100591470717128,0.14100591470717128,0.31006724465958424,FALSE,FALSE
1996-03-09,East_Antarctica,0.808250774,0.12944925555221476,0.12944925555221476,0.31006724465958424,FALSE,FALSE
1996-03-10,East_Antarctica,0.831374552,0.13814430673930467,0.13814430673930467,0.31006724465958424,FALSE,FALSE
1996-03-11,East_Antarctica,0.857400905,0.1494480451525425,0.1494480451525425,0.31006724465958424,FALSE,FALSE
1996-03-12,East_Antarctica,0.877472159,0.15458700767602707,0.15458700767602707,0.31006724465958424,FALSE,FALSE
1996-03-13,East_Antarctica,0.877510843,0.1395679341938615,0.1395679341938615,0.31006724465958424,FALSE,FALSE
1996-03-14,East_Antarctica,0.886154257,0.13311233559014568,0.13311233559014568,0.31006724465958424,FALSE,FALSE
1996-03-15,East_Antarctica,0.905640276,0.13754229774898075,0.13754229774898075,0.31006724465958424,FALSE,FALSE
1996-03-16,East_Antarctica,0.887541562,0.10451469355446984,0.10451469355446984,0.31006724465958424,FALSE,FALSE
1996-03-17,East_Antarctica,0.875990982,0.07824415039107235,0.07824415039107235,0.31006724465958424,FALSE,FALSE
1996-03-18,East_Antarctica,0.859243741,0.04700643277196048,0.04700643277196048,0.31006724465958424,FALSE,FALSE
1996-03-19,East_Antarctica,0.870145436,0.04360368058633579,0.04360368058633579,0.31006724465958424,FALSE,FALSE
1996-03-20,East_Antarctica,0.862889749,0.02218310471600815,0.02218310471600815,0.31006724465958424,FALSE,FALSE
1996-03-21,East_Antarctica,0.86182692,0.00704847404278519,0.00704847404278519,0.31006724465958424,FALSE,FALSE
1996-03-22,East_Antarctica,0.88141909,0.01261545844847533,0.01261545844847533,0.31006724465958424,FALSE,FALSE
1996-03-23,East_Antarctica,0.895906524,0.01307785181488807,0.01307785181488807,0.31006724465958424,FALSE,FALSE
1996-03-24,East_Antarctica,0.915254322,0.01835428302383213,0.01835428302383213,0.31006724465958424,FALSE,FALSE
1996-03-25,East_Antarctica,0.940083229,0.02901902595711392,0.02901902595711392,0.31006724465958424,FALSE,FALSE
1996-03-26,East_Antarctica,0.95097191,0.02560427449654567,0.02560427449654567,0.31006724465958424,FALSE,FALSE
1996-03-27,East_Antarctica,0.973827025,0.03397021752393203,0.03397021752393203,0.31006724465958424,FALSE,FALSE
1996-03-28,East_Antarctica,0.982255295,0.02767710492108388,0.02767710492108388,0.31006724465958424,FALSE,FALSE
1996-03-29,East_Antarctica,0.99077447,0.02119621556981044,0.02119621556981044,0.31006724465958424,FALSE,FALSE
1996-03-30,East_Antarctica,1.012437257,0.02754251473545976,0.02754251473545976,0.31006724465958424,FALSE,FALSE
1996-03-31,East_Antarctica,1.014295927,0.01377824678387695,0.01377824678387695,0.31006724465958424,FALSE,FALSE
1996-04-01,East_Antarctica,1.026391641,0.00997076715887934,0.00997076715887934,0.31006724465958424,FALSE,FALSE
1996-04-02,East_Antarctica,1.055300199,0.02272208371423789,0.02272208371423789,0.31006724465958424,FALSE,FALSE
1996-04-03,East_Antarctica,1.065526353,0.01656315630372407,0.01656315630372407,0.31006724465958424,FALSE,FALSE
1996-04-04,East_Antarctica,1.087249495,0.02169958478111011,0.02169958478111011,0.31006724465958424,FALSE,FALSE
1996-04-05,East_Antarctica,1.105939286,0.02362723800016719,0.02362723800016719,0.31006724465958424,FALSE,FALSE
1996-04-06,East_Antarctica,1.144539779,0.04531637681466627,0.04531637681466627,0.31006724465958424,FALSE,FALSE
1996-04-07,East_Antarctica,1.16263647,0.0463787050783806,0.0463787050783806,0.31006724465958424,FALSE,FALSE
1996-04-08,East_Antarctica,1.166916714,0.03352778564508107,0.03352778564508107,0.31006724465958424,FALSE,FALSE
1996-04-09,East_Antarctica,1.147028605,-0.00356207963146215,0.00356207963146215,0.31006724465958424,FALSE,FALSE
1996-04-10,East_Antarctica,1.14835439,-0.01948243589747456,0.01948243589747456,0.31006724465958424,FALSE,FALSE
1996-04-11,East_Antarctica,1.16942074,-0.01568056681106355,0.01568056681106355,0.31006724465958424,FALSE,FALSE
1996-04-12,East_Antarctica,1.200045734,-0.00232393028964161,0.00232393028964161,0.31006724465958424,FALSE,FALSE
1996-04-13,East_Antarctica,1.199441468,-0.0202050605012114,0.0202050605012114,0.31006724465958424,FALSE,FALSE
1996-04-14,East_Antarctica,1.219936674,-0.01700163900885298,0.01700163900885298,0.31006724465958424,FALSE,FALSE
1996-04-15,East_Antarctica,1.23380886,-0.02044257137564065,0.02044257137564065,0.31006724465958424,FALSE,FALSE
1996-04-16,East_Antarctica,1.266069376,-0.00552292116465547,0.00552292116465547,0.31006724465958424,FALSE,FALSE
1996-04-17,East_Antarctica,1.295492191,0.00652486706102717,0.00652486706102717,0.31006724465958424,FALSE,FALSE
1996-04-18,East_Antarctica,1.311729375,0.00534644973833109,0.00534644973833109,0.31006724465958424,FALSE,FALSE
1996-04-19,East_Antarctica,1.311150567,-0.01269494769582335,0.01269494769582335,0.31006724465958424,FALSE,FALSE
1996-04-20,East_Antarctica,1.35065863,0.00929712419548645,0.00929712419548645,0.31006724465958424,FALSE,FALSE
1996-04-21,East_Antarctica,1.35309638,-0.0058409321508166,0.0058409321508166,0.31006724465958424,FALSE,FALSE
1996-04-22,East_Antarctica,1.36683914,-0.00974020729781144,0.00974020729781144,0.31006724465958424,FALSE,FALSE
1996-04-23,East_Antarctica,1.384732733,-0.00956129180857234,0.00956129180857234,0.31006724465958424,FALSE,FALSE
1996-04-24,East_Antarctica,1.396128623,-0.01595852908607797,0.01595852908607797,0.31006724465958424,FALSE,FALSE
1996-04-25,East_Antarctica,1.396273643,-0.03368513655048422,0.03368513655048422,0.31006724465958424,FALSE,FALSE
1996-04-26,East_Antarctica,1.417299926,-0.03060585027957274,0.03060585027957274,0.31006724465958424,FALSE,FALSE
1996-04-27,East_Antarctica,1.460879542,-0.00504543583919581,0.00504543583919581,0.31006724465958424,FALSE,FALSE
1996-04-28,East_Antarctica,1.477460198,-0.00655302179520744,0.00655302179520744,0.31006724465958424,FALSE,FALSE
1996-04-29,East_Antarctica,1.484578339,-0.01758899871345898,0.01758899871345898,0.31006724465958424,FALSE,FALSE
1996-04-30,East_Antarctica,1.48709443,-0.03328973715980465,0.03328973715980465,0.31006724465958424,FALSE,FALSE
1996-05-01,East_Antarctica,1.518346309,-0.02031423470009752,0.02031423470009752,0.31006724465958424,FALSE,FALSE
1996-05-02,East_Antarctica,1.578692807,0.0216995040998118,0.0216995040998118,0.31006724465958424,FALSE,FALSE
1996-05-03,East_Antarctica,1.605518862,0.03013958167406771,0.03013958167406771,0.31006724465958424,FALSE,FALSE
1996-05-04,East_Antarctica,1.633415378,0.03960006645681857,0.03960006645681857,0.31006724465958424,FALSE,FALSE
1996-05-05,East_Antarctica,1.617788409,0.0054901768822122,0.0054901768822122,0.31006724465958424,FALSE,FALSE
1996-05-06,East_Antarctica,1.633308409,0.0024835343809002,0.0024835343809002,0.31006724465958424,FALSE,FALSE
1996-05-07,East_Antarctica,1.680337248,0.03094684698282668,0.03094684698282668,0.31006724465958424,FALSE,FALSE
1996-05-08,East_Antarctica,1.717840541,0.04985501397198488,0.04985501397198488,0.31006724465958424,FALSE,FALSE
1996-05-09,East_Antarctica,1.714857691,0.02825745420137693,0.02825745420137693,0.31006724465958424,FALSE,FALSE
1996-05-10,East_Antarctica,1.719806429,0.01458191452400781,0.01458191452400781,0.31006724465958424,FALSE,FALSE
1996-05-11,East_Antarctica,1.710824624,-0.01302372020712017,0.01302372020712017,0.31006724465958424,FALSE,FALSE
1996-05-12,East_Antarctica,1.772641842,0.03018013186099977,0.03018013186099977,0.31006724465958424,FALSE,FALSE
1996-05-13,East_Antarctica,1.795843781,0.03478918458136926,0.03478918458136926,0.31006724465958424,FALSE,FALSE
1996-05-14,East_Antarctica,1.807882673,0.02826568580699318,0.02826568580699318,0.31006724465958424,FALSE,FALSE
1996-05-15,East_Antarctica,1.863184066,0.06504519939087383,0.06504519939087383,0.31006724465958424,FALSE,FALSE
1996-05-16,East_Antarctica,1.876812571,0.06020235218601844,0.06020235218601844,0.31006724465958424,FALSE,FALSE
1996-05-17,East_Antarctica,1.883865212,0.04884418404542479,0.04884418404542479,0.31006724465958424,FALSE,FALSE
1996-05-18,East_Antarctica,1.897600105,0.04423882682210278,0.04423882682210278,0.31006724465958424,FALSE,FALSE
1996-05-19,East_Antarctica,1.919156521,0.04753599695129362,0.04753599695129362,0.31006724465958424,FALSE,FALSE
1996-05-20,East_Antarctica,1.938024903,0.04824442159043585,0.04824442159043585,0.31006724465958424,FALSE,FALSE
1996-05-21,East_Antarctica,1.973582483,0.06576646546146714,0.06576646546146714,0.31006724465958424,FALSE,FALSE
1996-05-22,East_Antarctica,1.987743005,0.06204123570434738,0.06204123570434738,0.31006724465958424,FALSE,FALSE
1996-05-23,East_Antarctica,2.054184396,0.11077202245902296,0.11077202245902296,0.31006724465958424,FALSE,FALSE
1996-05-24,East_Antarctica,2.132220583,0.17129811586544874,0.17129811586544874,0.31006724465958424,FALSE,FALSE
1996-05-25,East_Antarctica,2.179508113,0.20130142606357837,0.20130142606357837,0.31006724465958424,FALSE,FALSE
1996-05-26,East_Antarctica,2.195666554,0.20042688419336607,0.20042688419336607,0.31006724465958424,FALSE,FALSE
1996-05-27,East_Antarctica,2.212082495,0.20008644239476236,0.20008644239476236,0.31006724465958424,FALSE,FALSE
1996-05-28,East_Antarctica,2.225203011,0.1967525388077207,0.1967525388077207,0.31006724465958424,FALSE,FALSE
1996-05-29,East_Antarctica,2.289519791,0.24494222557219691,0.24494222557219691,0.31006724465958424,FALSE,FALSE
1996-05-30,East_Antarctica,2.2911366970000002,0.23078472782813983,0.23078472782813983,0.31006724465958424,FALSE,FALSE
1996-05-31,East_Antarctica,2.305580566,0.22983224571550576,0.22983224571550576,0.31006724465958424,FALSE,FALSE
1996-06-01,East_Antarctica,2.302493388,0.2117396972873853,0.2117396972873853,0.31006724465958424,FALSE,FALSE
1996-06-02,East_Antarctica,2.332130371,0.2267200531935449,0.2267200531935449,0.31006724465958424,FALSE,FALSE
1996-06-03,East_Antarctica,2.323055352,0.20327962073658945,0.20327962073658945,0.31006724465958424,FALSE,FALSE
1996-06-04,East_Antarctica,2.304728076,0.17082061465265674,0.17082061465265674,0.31006724465958424,FALSE,FALSE
1996-06-05,East_Antarctica,2.273656027,0.12579298867788236,0.12579298867788236,0.31006724465958424,FALSE,FALSE
1996-06-06,East_Antarctica,2.26320108,0.1015010875484057,0.1015010875484057,0.31006724465958424,FALSE,FALSE
1996-06-07,East_Antarctica,2.241385806,0.06590995200036298,0.06590995200036298,0.31006724465958424,FALSE,FALSE
1996-06-08,East_Antarctica,2.292480266,0.10323211276989096,0.10323211276989096,0.31006724465958424,FALSE,FALSE
1996-06-09,East_Antarctica,2.380211414,0.1771369935931313,0.1771369935931313,0.31006724465958424,FALSE,FALSE
1996-06-10,East_Antarctica,2.387471475,0.17045928920621556,0.17045928920621556,0.31006724465958424,FALSE,FALSE
1996-06-11,East_Antarctica,2.392584588,0.16146560834528545,0.16146560834528545,0.31006724465958424,FALSE,FALSE
1996-06-12,East_Antarctica,2.391126129,0.14567379674647674,0.14567379674647674,0.31006724465958424,FALSE,FALSE
1996-06-13,East_Antarctica,2.418274083,0.15820544140976578,0.15820544140976578,0.31006724465958424,FALSE,FALSE
1996-06-14,East_Antarctica,2.461083846,0.18610945522096056,0.18610945522096056,0.31006724465958424,FALSE,FALSE
1996-06-15,East_Antarctica,2.47492371,0.1848161230822094,0.1848161230822094,0.31006724465958424,FALSE,FALSE
1996-06-16,East_Antarctica,2.504793001,0.19939172509979475,0.19939172509979475,0.31006724465958424,FALSE,FALSE
1996-06-17,East_Antarctica,2.538608892,0.2178203883800145,0.2178203883800145,0.31006724465958424,FALSE,FALSE
1996-06-18,East_Antarctica,2.536576755,0.2003744390291491,0.2003744390291491,0.31006724465958424,FALSE,FALSE
1996-06-19,East_Antarctica,2.509061491,0.15748573215349015,0.15748573215349015,0.31006724465958424,FALSE,FALSE
1996-06-20,East_Antarctica,2.538652686,0.17181080785932634,0.17181080785932634,0.31006724465958424,FALSE,FALSE
1996-06-21,East_Antarctica,2.517993583,0.1360598632529446,0.1360598632529446,0.31006724465958424,FALSE,FALSE
1996-06-22,East_Antarctica,2.490854161,0.09406983144063474,0.09406983144063474,0.31006724465958424,FALSE,FALSE
1996-06-23,East_Antarctica,2.459807701,0.04848094752868492,0.04848094752868492,0.31006724465958424,FALSE,FALSE
1996-06-24,East_Antarctica,2.472237128,0.04674309062338144,0.04674309062338144,0.31006724465958424,FALSE,FALSE
1996-06-25,East_Antarctica,2.5111747,0.07195547283101744,0.07195547283101744,0.31006724465958424,FALSE,FALSE
1996-06-26,East_Antarctica,2.543466149,0.09102126050064596,0.09102126050064596,0.31006724465958424,FALSE,FALSE
1996-06-27,East_Antarctica,2.56973979,0.10455426688535852,0.10455426688535852,0.31006724465958424,FALSE,FALSE
1996-06-28,East_Antarctica,2.616333977,0.1388454738083058,0.1388454738083058,0.31006724465958424,FALSE,FALSE
1996-06-29,East_Antarctica,2.658687228,0.16928585808898422,0.16928585808898422,0.31006724465958424,FALSE,FALSE
1996-06-30,East_Antarctica,2.686568412,0.1855967475468865,0.1855967475468865,0.31006724465958424,FALSE,FALSE
1996-07-01,East_Antarctica,2.707258127,0.19501119900150063,0.19501119900150063,0.31006724465958424,FALSE,FALSE
1996-07-02,East_Antarctica,2.729376685,0.20610198327232476,0.20610198327232476,0.31006724465958424,FALSE,FALSE
1996-07-03,East_Antarctica,2.73476039,0.20065786317884804,0.20065786317884804,0.31006724465958424,FALSE,FALSE
1996-07-04,East_Antarctica,2.725241799,0.18046385454056543,0.18046385454056543,0.31006724465958424,FALSE,FALSE
1996-07-05,East_Antarctica,2.729185362,0.17383686617696803,0.17383686617696803,0.31006724465958424,FALSE,FALSE
1996-07-06,East_Antarctica,2.718597927,0.15273620490754958,0.15273620490754958,0.31006724465958424,FALSE,FALSE
1996-07-07,East_Antarctica,2.708294213,0.13192904855180387,0.13192904855180387,0.31006724465958424,FALSE,FALSE
1996-07-08,East_Antarctica,2.684869416,0.09796310937337348,0.09796310937337348,0.31006724465958424,FALSE,FALSE
1996-07-09,East_Antarctica,2.670780822,0.07325936225747398,0.07325936225747398,0.31006724465958424,FALSE,FALSE
1996-07-10,East_Antarctica,2.648370748,0.04014826408614747,0.04014826408614747,0.31006724465958424,FALSE,FALSE
1996-07-11,East_Antarctica,2.619181366,1.6336249603376984e-4,1.6336249603376984e-4,0.31006724465958424,FALSE,FALSE
1996-07-12,East_Antarctica,2.623450734,-0.00646590887622799,0.00646590887622799,0.31006724465958424,FALSE,FALSE
1996-07-13,East_Antarctica,2.605702162,-0.03522486439399275,0.03522486439399275,0.31006724465958424,FALSE,FALSE
1996-07-14,East_Antarctica,2.6176922989999998,-0.03436547942062074,0.03436547942062074,0.31006724465958424,FALSE,FALSE
1996-07-15,East_Antarctica,2.693029258,0.02971173468053223,0.02971173468053223,0.31006724465958424,FALSE,FALSE
1996-07-16,East_Antarctica,2.751595221,0.07688033554610385,0.07688033554610385,0.31006724465958424,FALSE,FALSE
1996-07-17,East_Antarctica,2.749171079,0.0629125898127394,0.0629125898127394,0.31006724465958424,FALSE,FALSE
1996-07-18,East_Antarctica,2.744920641,0.04696368211707824,0.04696368211707824,0.31006724465958424,FALSE,FALSE
1996-07-19,East_Antarctica,2.753981581,0.04416266209576358,0.04416266209576358,0.31006724465958424,FALSE,FALSE
1996-07-20,East_Antarctica,2.76312659,0.04127359638543604,0.04127359638543604,0.31006724465958424,FALSE,FALSE
1996-07-21,East_Antarctica,2.804399559,0.07033430821397424,0.07033430821397424,0.31006724465958424,FALSE,FALSE
1996-07-22,East_Antarctica,2.857485839,0.11105936764250668,0.11105936764250668,0.31006724465958424,FALSE,FALSE
1996-07-23,East_Antarctica,2.866207785,0.10732607070530298,0.10732607070530298,0.31006724465958424,FALSE,FALSE
1996-07-24,East_Antarctica,2.848200396,0.07682494091107595,0.07682494091107595,0.31006724465958424,FALSE,FALSE
1996-07-25,East_Antarctica,2.85172641,0.0678742407685351,0.0678742407685351,0.31006724465958424,FALSE,FALSE
1996-07-26,East_Antarctica,2.860482016,0.06422568378638838,0.06422568378638838,0.31006724465958424,FALSE,FALSE
1996-07-27,East_Antarctica,2.872155902,0.06362348247334637,0.06362348247334637,0.31006724465958424,FALSE,FALSE
1996-07-28,East_Antarctica,2.886090743,0.06546583633812286,0.06546583633812286,0.31006724465958424,FALSE,FALSE
1996-07-29,East_Antarctica,2.843472386,0.01099411688942408,0.01099411688942408,0.31006724465958424,FALSE,FALSE
1996-07-30,East_Antarctica,2.827875732,-0.0161612503640387,0.0161612503640387,0.31006724465958424,FALSE,FALSE
1996-07-31,East_Antarctica,2.822587878,-0.03265764391355308,0.03265764391355308,0.31006724465958424,FALSE,FALSE
1996-08-01,East_Antarctica,2.817751016,-0.04829734725041446,0.04829734725041446,0.31006724465958424,FALSE,FALSE
1996-08-02,East_Antarctica,2.813005913,-0.0633840695990684,0.0633840695990684,0.31006724465958424,FALSE,FALSE
1996-08-03,East_Antarctica,2.866887943,-0.01934670561779139,0.01934670561779139,0.31006724465958424,FALSE,FALSE
1996-08-04,East_Antarctica,2.89605598,4.37951080937804e-4,4.37951080937804e-4,0.31006724465958424,FALSE,FALSE
1996-08-05,East_Antarctica,2.947675105,0.04308321951853866,0.04308321951853866,0.31006724465958424,FALSE,FALSE
1996-08-06,East_Antarctica,2.960602501,0.04739452071642924,0.04739452071642924,0.31006724465958424,FALSE,FALSE
1996-08-07,East_Antarctica,2.966760561,0.04524248569603095,0.04524248569603095,0.31006724465958424,FALSE,FALSE
1996-08-08,East_Antarctica,2.972110356,0.04253642347876241,0.04253642347876241,0.31006724465958424,FALSE,FALSE
1996-08-09,East_Antarctica,2.968069493,0.03064217908604227,0.03064217908604227,0.31006724465958424,FALSE,FALSE
1996-08-10,East_Antarctica,2.978880173,0.03375019153929104,0.03375019153929104,0.31006724465958424,FALSE,FALSE
1996-08-11,East_Antarctica,2.981142468,0.02840877085992765,0.02840877085992765,0.31006724465958424,FALSE,FALSE
1996-08-12,East_Antarctica,2.976978785,0.0166885620693713,0.0166885620693713,0.31006724465958424,FALSE,FALSE
1996-08-13,East_Antarctica,2.980607969,0.01275664818904331,0.01275664818904331,0.31006724465958424,FALSE,FALSE
1996-08-14,East_Antarctica,3.007308945,0.03184019224036216,0.03184019224036216,0.31006724465958424,FALSE,FALSE
1996-08-15,East_Antarctica,3.011748831,0.02855608254047181,0.02855608254047181,0.31006724465958424,FALSE,FALSE
1996-08-16,East_Antarctica,3.033159631,0.0421316368343132,0.0421316368343132,0.31006724465958424,FALSE,FALSE
1996-08-17,East_Antarctica,3.052037806,0.05311075791180908,0.05311075791180908,0.31006724465958424,FALSE,FALSE
1996-08-18,East_Antarctica,3.02750343,0.02066381831448494,0.02066381831448494,0.31006724465958424,FALSE,FALSE
1996-08-19,East_Antarctica,3.006401362,-0.00831402441612416,0.00831402441612416,0.31006724465958424,FALSE,FALSE
1996-08-20,East_Antarctica,3.034808728,0.01230465426151017,0.01230465426151017,0.31006724465958424,FALSE,FALSE
1996-08-21,East_Antarctica,3.026442302,-0.0037130731110806,0.0037130731110806,0.31006724465958424,FALSE,FALSE
1996-08-22,East_Antarctica,3.026256567,-0.01136242499236805,0.01136242499236805,0.31006724465958424,FALSE,FALSE
1996-08-23,East_Antarctica,3.042861933,-0.00198269284081842,0.00198269284081842,0.31006724465958424,FALSE,FALSE
1996-08-24,East_Antarctica,3.069521446,0.01773946788509706,0.01773946788509706,0.31006724465958424,FALSE,FALSE
1996-08-25,East_Antarctica,3.1142198,0.05583904972690901,0.05583904972690901,0.31006724465958424,FALSE,FALSE
1996-08-26,East_Antarctica,3.136270034,0.07167939022614833,0.07167939022614833,0.31006724465958424,FALSE,FALSE
1996-08-27,East_Antarctica,3.130370426,0.06000906592434774,0.06000906592434774,0.31006724465958424,FALSE,FALSE
1996-08-28,East_Antarctica,3.085957775,0.0103061827380646,0.0103061827380646,0.31006724465958424,FALSE,FALSE
1996-08-29,East_Antarctica,3.0736198790000002,-0.00685480277923744,0.00685480277923744,0.31006724465958424,FALSE,FALSE
1996-08-30,East_Antarctica,3.114903636,0.03003913279498737,0.03003913279498737,0.31006724465958424,FALSE,FALSE
1996-08-31,East_Antarctica,3.143316725,0.05446175705358991,0.05446175705358991,0.31006724465958424,FALSE,FALSE
1996-09-01,East_Antarctica,3.160157567,0.06767757958942289,0.06767757958942289,0.31006724465958424,FALSE,FALSE
1996-09-02,East_Antarctica,3.15825286,0.06247938699533462,0.06247938699533462,0.31006724465958424,FALSE,FALSE
1996-09-03,East_Antarctica,3.15540057,0.05663123386418123,0.05663123386418123,0.31006724465958424,FALSE,FALSE
1996-09-04,East_Antarctica,3.162780431,0.06127894278881252,0.06127894278881252,0.31006724465958424,FALSE,FALSE
1996-09-05,East_Antarctica,3.198889828,0.09488598736207932,0.09488598736207932,0.31006724465958424,FALSE,FALSE
1996-09-06,East_Antarctica,3.219236999,0.11292669417683454,0.11292669417683454,0.31006724465958424,FALSE,FALSE
1996-09-07,East_Antarctica,3.206639519,0.0981847268259255,0.0981847268259255,0.31006724465958424,FALSE,FALSE
1996-09-08,East_Antarctica,3.28452107,0.17404985590221145,0.17404985590221145,0.31006724465958424,FALSE,FALSE
1996-09-09,East_Antarctica,3.333724436,0.22133100580647505,0.22133100580647505,0.31006724465958424,FALSE,FALSE
1996-09-10,East_Antarctica,3.397674518,0.2834241361521799,0.2834241361521799,0.31006724465958424,FALSE,FALSE
1996-09-11,East_Antarctica,3.352524772,0.23646266159008977,0.23646266159008977,0.31006724465958424,FALSE,FALSE
1996-09-12,East_Antarctica,3.289917722,0.1720700018673096,0.1720700018673096,0.31006724465958424,FALSE,FALSE
1996-09-13,East_Antarctica,3.265725301,0.1460989857309456,0.1460989857309456,0.31006724465958424,FALSE,FALSE
1996-09-14,East_Antarctica,3.230758382,0.1093413819280995,0.1093413819280995,0.31006724465958424,FALSE,FALSE
1996-09-15,East_Antarctica,3.260484623,0.13724574420587832,0.13724574420587832,0.31006724465958424,FALSE,FALSE
1996-09-16,East_Antarctica,3.299659901,0.17454884531138504,0.17454884531138504,0.31006724465958424,FALSE,FALSE
1996-09-17,East_Antarctica,3.345720008,0.21866737299172412,0.21866737299172412,0.31006724465958424,FALSE,FALSE
1996-09-18,East_Antarctica,3.396517632,0.2674349109940013,0.2674349109940013,0.31006724465958424,FALSE,FALSE
1996-09-19,East_Antarctica,3.433366557,0.3021461390653206,0.3021461390653206,0.31006724465958424,FALSE,FALSE
1996-09-20,East_Antarctica,3.438689407,0.30520457695278536,0.30520457695278536,0.31006724465958424,FALSE,FALSE
1996-09-21,East_Antarctica,3.418864576,0.28296951440350027,0.28296951440350027,0.31006724465958424,FALSE,FALSE
1996-09-22,East_Antarctica,3.383118076,0.24465394612016356,0.24465394612016356,0.31006724465958424,FALSE,FALSE
1996-09-23,East_Antarctica,3.355811987,0.2146721025128948,0.2146721025128948,0.31006724465958424,FALSE,FALSE
1996-09-24,East_Antarctica,3.293544,0.1497133567249027,0.1497133567249027,0.31006724465958424,FALSE,FALSE
1996-09-25,East_Antarctica,3.23656454,0.09012037057322651,0.09012037057322651,0.31006724465958424,FALSE,FALSE
1996-09-26,East_Antarctica,3.246651574,0.0977633478748996,0.0977633478748996,0.31006724465958424,FALSE,FALSE
1996-09-27,East_Antarctica,3.215186805,0.06411622844696163,0.06411622844696163,0.31006724465958424,FALSE,FALSE
1996-09-28,East_Antarctica,3.231358644,0.07845966010644734,0.07845966010644734,0.31006724465958424,FALSE,FALSE
1996-09-29,East_Antarctica,3.251318748,0.09703753667039416,0.09703753667039416,0.31006724465958424,FALSE,FALSE
1996-09-30,East_Antarctica,3.234084749,0.07895972695583797,0.07895972695583797,0.31006724465958424,FALSE,FALSE
1996-10-01,East_Antarctica,3.190164887,0.03482670777981722,0.03482670777981722,0.31006724465958424,FALSE,FALSE
1996-10-02,East_Antarctica,3.230394407,0.07556596095936952,0.07556596095936952,0.31006724465958424,FALSE,FALSE
1996-10-03,East_Antarctica,3.226783873,0.07328028731152703,0.07328028731152703,0.31006724465958424,FALSE,FALSE
1996-10-04,East_Antarctica,3.295676844,0.1444054548925413,0.1444054548925413,0.31006724465958424,FALSE,FALSE
1996-10-05,East_Antarctica,3.318802565,0.17072933748570662,0.17072933748570662,0.31006724465958424,FALSE,FALSE
1996-10-06,East_Antarctica,3.302490455,0.15854120484606948,0.15854120484606948,0.31006724465958424,FALSE,FALSE
1996-10-07,East_Antarctica,3.307953573,0.1689958954831936,0.1689958954831936,0.31006724465958424,FALSE,FALSE
1996-10-08,East_Antarctica,3.279631419,0.1464746889066424,0.1464746889066424,0.31006724465958424,FALSE,FALSE
1996-10-09,East_Antarctica,3.279082848,0.15247821962598218,0.15247821962598218,0.31006724465958424,FALSE,FALSE
1996-10-10,East_Antarctica,3.251951917,0.13259232415077848,0.13259232415077848,0.31006724465958424,FALSE,FALSE
1996-10-11,East_Antarctica,3.267371662,0.15589181799058993,0.15589181799058993,0.31006724465958424,FALSE,FALSE
1996-10-12,East_Antarctica,3.289344717,0.18632111465498505,0.18632111465498505,0.31006724465958424,FALSE,FALSE
1996-10-13,East_Antarctica,3.290019641,0.19597055265352825,0.19597055265352825,0.31006724465958424,FALSE,FALSE
1996-10-14,East_Antarctica,3.252970286,0.16835576349578218,0.16835576349578218,0.31006724465958424,FALSE,FALSE
1996-10-15,East_Antarctica,3.267645332,0.1928672066913153,0.1928672066913153,0.31006724465958424,FALSE,FALSE
1996-10-16,East_Antarctica,3.292964098,0.22836598074968517,0.22836598074968517,0.31006724465958424,FALSE,FALSE
1996-10-17,East_Antarctica,3.339406703,0.2852772840249185,0.2852772840249185,0.31006724465958424,FALSE,FALSE
1996-10-18,East_Antarctica,3.340535391,0.2971785275895482,0.2971785275895482,0.31006724465958424,FALSE,FALSE
1996-10-19,East_Antarctica,3.316529736,0.2843314574466014,0.2843314574466014,0.31006724465958424,FALSE,FALSE
1996-10-20,East_Antarctica,3.263659149,0.2430903394948687,0.2430903394948687,0.31006724465958424,FALSE,FALSE
1996-10-21,East_Antarctica,3.24056997,0.23218636863313424,0.23218636863313424,0.31006724465958424,FALSE,FALSE
1996-10-22,East_Antarctica,3.214710041,0.21915224176019169,0.21915224176019169,0.31006724465958424,FALSE,FALSE
1996-10-23,East_Antarctica,3.152775557,0.17076900877482526,0.17076900877482526,0.31006724465958424,FALSE,FALSE
1996-10-24,East_Antarctica,3.05946722,0.09182222657582396,0.09182222657582396,0.31006724465958424,FALSE,FALSE
1996-10-25,East_Antarctica,3.092881353,0.14049307306197756,0.14049307306197756,0.31006724465958424,FALSE,FALSE
1996-10-26,East_Antarctica,3.095949998,0.15979844513207198,0.15979844513207198,0.31006724465958424,FALSE,FALSE
1996-10-27,East_Antarctica,3.092483175,0.1736332176848956,0.1736332176848956,0.31006724465958424,FALSE,FALSE
1996-10-28,East_Antarctica,3.122162759,0.22176412061923756,0.22176412061923756,0.31006724465958424,FALSE,FALSE
1996-10-29,East_Antarctica,3.093226123,0.2125133818338849,0.2125133818338849,0.31006724465958424,FALSE,FALSE
1996-10-30,East_Antarctica,3.073505455,0.21378563358025016,0.21378563358025016,0.31006724465958424,FALSE,FALSE
1996-10-31,East_Antarctica,3.065709924,0.22830140120849052,0.22830140120849052,0.31006724465958424,FALSE,FALSE
1996-11-01,East_Antarctica,3.001909813,0.18812356023930657,0.18812356023930657,0.31006724465958424,FALSE,FALSE
1996-11-02,East_Antarctica,2.955182155,0.16632173114918336,0.16632173114918336,0.31006724465958424,FALSE,FALSE
1996-11-03,East_Antarctica,2.932522591,0.16988414241461092,0.16988414241461092,0.31006724465958424,FALSE,FALSE
1996-11-04,East_Antarctica,2.87225608,0.13712834051207912,0.13712834051207912,0.31006724465958424,FALSE,FALSE
1996-11-05,East_Antarctica,2.859736926,0.15340121691807165,0.15340121691807165,0.31006724465958424,FALSE,FALSE
1996-11-06,East_Antarctica,2.838123548,0.1618537781090814,0.1618537781090814,0.31006724465958424,FALSE,FALSE
1996-11-07,East_Antarctica,2.78815557,0.1432182355615934,0.1432182355615934,0.31006724465958424,FALSE,FALSE
1996-11-08,East_Antarctica,2.787092864,0.174747048752097,0.174747048752097,0.31006724465958424,FALSE,FALSE
1996-11-09,East_Antarctica,2.742915873,0.1644132481570817,0.1644132481570817,0.31006724465958424,FALSE,FALSE
1996-11-10,East_Antarctica,2.711337857,0.1679226812530339,0.1679226812530339,0.31006724465958424,FALSE,FALSE
1996-11-11,East_Antarctica,2.67551853,0.16842674195173668,0.16842674195173668,0.31006724465958424,FALSE,FALSE
1996-11-12,East_Antarctica,2.640035154,0.1704441665929326,0.1704441665929326,0.31006724465958424,FALSE,FALSE
1996-11-13,East_Antarctica,2.609158122,0.17811135306557135,0.17811135306557135,0.31006724465958424,FALSE,FALSE
1996-11-14,East_Antarctica,2.523258396,0.1316590432722795,0.1316590432722795,0.31006724465958424,FALSE,FALSE
1996-11-15,East_Antarctica,2.4801362239999998,0.1287472651156807,0.1287472651156807,0.31006724465958424,FALSE,FALSE
1996-11-16,East_Antarctica,2.468434211,0.157878403498402,0.157878403498402,0.31006724465958424,FALSE,FALSE
1996-11-17,East_Antarctica,2.410996735,0.14175661632306413,0.14175661632306413,0.31006724465958424,FALSE,FALSE
1996-11-18,East_Antarctica,2.357661123,0.1300790104922935,0.1300790104922935,0.31006724465958424,FALSE,FALSE
1996-11-19,East_Antarctica,2.3130563,0.12733429090871562,0.12733429090871562,0.31006724465958424,FALSE,FALSE
1996-11-20,East_Antarctica,2.275667769,0.1318677404749553,0.1318677404749553,0.31006724465958424,FALSE,FALSE
1996-11-21,East_Antarctica,2.21624636,0.11428996909363633,0.11428996909363633,0.31006724465958424,FALSE,FALSE
1996-11-22,East_Antarctica,2.158171271,0.09783995466738205,0.09783995466738205,0.31006724465958424,FALSE,FALSE
1996-11-23,East_Antarctica,2.083840576,0.0647755510988195,0.0647755510988195,0.31006724465958424,FALSE,FALSE
1996-11-24,East_Antarctica,2.05384556,0.07555631093433779,0.07555631093433779,0.31006724465958424,FALSE,FALSE
1996-11-25,East_Antarctica,2.026668057,0.08860412278923091,0.08860412278923091,0.31006724465958424,FALSE,FALSE
1996-11-26,East_Antarctica,1.984853851,0.08644092167813966,0.08644092167813966,0.31006724465958424,FALSE,FALSE
1996-11-27,East_Antarctica,1.940332747,0.08097293702496722,0.08097293702496722,0.31006724465958424,FALSE,FALSE
1996-11-28,East_Antarctica,1.913601246,0.09267309425361114,0.09267309425361114,0.31006724465958424,FALSE,FALSE
1996-11-29,East_Antarctica,1.869249342,0.08610781178797589,0.08610781178797589,0.31006724465958424,FALSE,FALSE
1996-11-30,East_Antarctica,1.815095567,0.06907204605196005,0.06907204605196005,0.31006724465958424,FALSE,FALSE
1996-12-01,East_Antarctica,1.747932658,0.03833495846946677,0.03833495846946677,0.31006724465958424,FALSE,FALSE
1996-12-02,East_Antarctica,1.758448381,0.0845607394643948,0.0845607394643948,0.31006724465958424,FALSE,FALSE
1996-12-03,East_Antarctica,1.720767274,0.0818503514606459,0.0818503514606459,0.31006724465958424,FALSE,FALSE
1996-12-04,East_Antarctica,1.628139821,0.02343070288212212,0.02343070288212212,0.31006724465958424,FALSE,FALSE
1996-12-05,East_Antarctica,1.628733358,0.05744555415272279,0.05744555415272279,0.31006724465958424,FALSE,FALSE
1996-12-06,East_Antarctica,1.623483121,0.08480658968220367,0.08480658968220367,0.31006724465958424,FALSE,FALSE
1996-12-07,East_Antarctica,1.574118213,0.0672268068569628,0.0672268068569628,0.31006724465958424,FALSE,FALSE
1996-12-08,East_Antarctica,1.538255441,0.06232486402505111,0.06232486402505111,0.31006724465958424,FALSE,FALSE
1996-12-09,East_Antarctica,1.476088058,0.03029851817809592,0.03029851817809592,0.31006724465958424,FALSE,FALSE
1996-12-10,East_Antarctica,1.434247833,0.0177840423077169,0.0177840423077169,0.31006724465958424,FALSE,FALSE
1996-12-11,East_Antarctica,1.381190313,-0.00675851259446225,0.00675851259446225,0.31006724465958424,FALSE,FALSE
1996-12-12,East_Antarctica,1.331956792,-0.02828334853681657,0.02828334853681657,0.31006724465958424,FALSE,FALSE
1996-12-13,East_Antarctica,1.30624919,-0.02708404152772292,0.02708404152772292,0.31006724465958424,FALSE,FALSE
1996-12-14,East_Antarctica,1.299745915,-0.00747767957555778,0.00747767957555778,0.31006724465958424,FALSE,FALSE
1996-12-15,East_Antarctica,1.278015208,-0.00389151768869777,0.00389151768869777,0.31006724465958424,FALSE,FALSE
1996-12-16,East_Antarctica,1.257735872,3.577511244807763e-4,3.577511244807763e-4,0.31006724465958424,FALSE,FALSE
1996-12-17,East_Antarctica,1.25360509,0.01997181385559954,0.01997181385559954,0.31006724465958424,FALSE,FALSE
1996-12-18,East_Antarctica,1.247840656,0.03717296849628493,0.03717296849628493,0.31006724465958424,FALSE,FALSE
1996-12-19,East_Antarctica,1.236504682,0.04802863752166586,0.04802863752166586,0.31006724465958424,FALSE,FALSE
1996-12-20,East_Antarctica,1.189528929,0.02248864446564136,0.02248864446564136,0.31006724465958424,FALSE,FALSE
1996-12-21,East_Antarctica,1.152823184,0.00649101782318828,0.00649101782318828,0.31006724465958424,FALSE,FALSE
1996-12-22,East_Antarctica,1.137991287,0.01166812274560213,0.01166812274560213,0.31006724465958424,FALSE,FALSE
1996-12-23,East_Antarctica,1.123810841,0.01682608738418078,0.01682608738418078,0.31006724465958424,FALSE,FALSE
1996-12-24,East_Antarctica,1.105294181,0.01700577189021945,0.01700577189021945,0.31006724465958424,FALSE,FALSE
1996-12-25,East_Antarctica,1.085476957,0.01527135141501423,0.01527135141501423,0.31006724465958424,FALSE,FALSE
1996-12-26,East_Antarctica,1.089592838,0.0368850201098605,0.0368850201098605,0.31006724465958424,FALSE,FALSE
1996-12-27,East_Antarctica,1.093228739,0.05746221812605534,0.05746221812605534,0.31006724465958424,FALSE,FALSE
1996-12-28,East_Antarctica,1.084191631,0.06483844161489638,0.06483844161489638,0.31006724465958424,FALSE,FALSE
1996-12-29,East_Antarctica,1.07274288,0.06930358172767859,0.06930358172767859,0.31006724465958424,FALSE,FALSE
1996-12-30,East_Antarctica,1.051705821,0.06370949861569553,0.06370949861569553,0.31006724465958424,FALSE,FALSE
1996-12-31,East_Antarctica,1.054244374,0.08124863743024568,0.08124863743024568,0.31006724465958424,FALSE,FALSE
1997-01-01,East_Antarctica,1.043448217,0.07045248043024588,0.07045248043024588,0.31006724465958424,FALSE,FALSE
1997-01-02,East_Antarctica,1.041573534,0.08316341534385219,0.08316341534385219,0.31006724465958424,FALSE,FALSE
1997-01-03,East_Antarctica,1.016921535,0.07270507661392878,0.07270507661392878,0.31006724465958424,FALSE,FALSE
1997-01-04,East_Antarctica,0.945568212,0.01517536351912118,0.01517536351912118,0.31006724465958424,FALSE,FALSE
1997-01-05,East_Antarctica,0.962323928,0.04540654633807628,0.04540654633807628,0.31006724465958424,FALSE,FALSE
1997-01-06,East_Antarctica,0.968397904,0.06462975334943122,0.06462975334943122,0.31006724465958424,FALSE,FALSE
1997-01-07,East_Antarctica,0.969658567,0.07873531883183316,0.07873531883183316,0.31006724465958424,FALSE,FALSE
1997-01-08,East_Antarctica,0.960578053,0.08221728606392531,0.08221728606392531,0.31006724465958424,FALSE,FALSE
1997-01-09,East_Antarctica,0.940133107,0.07407430732434883,0.07407430732434883,0.31006724465958424,FALSE,FALSE
1997-01-10,East_Antarctica,0.931124964,0.07712952489175029,0.07712952489175029,0.31006724465958424,FALSE,FALSE
1997-01-11,East_Antarctica,0.915294169,0.07314539104477036,0.07314539104477036,0.31006724465958424,FALSE,FALSE
1997-01-12,East_Antarctica,0.893691367,0.06319445806205348,0.06319445806205348,0.31006724465958424,FALSE,FALSE
1997-01-13,East_Antarctica,0.902775747,0.08375782222224293,0.08375782222224293,0.31006724465958424,FALSE,FALSE
1997-01-14,East_Antarctica,0.896032258,0.08834200497255529,0.08834200497255529,0.31006724465958424,FALSE,FALSE
1997-01-15,East_Antarctica,0.863188365,0.06668402838867404,0.06668402838867404,0.31006724465958424,FALSE,FALSE
1997-01-16,East_Antarctica,0.847433459,0.06196778785841739,0.06196778785841739,0.31006724465958424,FALSE,FALSE
1997-01-17,East_Antarctica,0.837059397,0.06247869278649742,0.06247869278649742,0.31006724465958424,FALSE,FALSE
1997-01-18,East_Antarctica,0.829796912,0.06594102857762829,0.06594102857762829,0.31006724465958424,FALSE,FALSE
1997-01-19,East_Antarctica,0.796966728,0.04366907163652212,0.04366907163652212,0.31006724465958424,FALSE,FALSE
1997-01-20,East_Antarctica,0.809240736,0.06632826536789149,0.06632826536789149,0.31006724465958424,FALSE,FALSE
1997-01-21,East_Antarctica,0.80624315,0.07353637617644959,0.07353637617644959,0.31006724465958424,FALSE,FALSE
1997-01-22,East_Antarctica,0.789283814,0.06659680046690974,0.06659680046690974,0.31006724465958424,FALSE,FALSE
1997-01-23,East_Antarctica,0.776399558,0.06353992064398384,0.06353992064398384,0.31006724465958424,FALSE,FALSE
1997-01-24,East_Antarctica,0.753838565,0.05060747211238514,0.05060747211238514,0.31006724465958424,FALSE,FALSE
1997-01-25,East_Antarctica,0.75036768,0.05655985227682658,0.05655985227682658,0.31006724465958424,FALSE,FALSE
1997-01-26,East_Antarctica,0.741305838,0.05670954854202159,0.05670954854202159,0.31006724465958424,FALSE,FALSE
1997-01-27,East_Antarctica,0.721324797,0.04572269019855268,0.04572269019855268,0.31006724465958424,FALSE,FALSE
1997-01-28,East_Antarctica,0.713374953,0.04654958795126851,0.04654958795126851,0.31006724465958424,FALSE,FALSE
1997-01-29,East_Antarctica,0.697622933,0.03935908211955308,0.03935908211955308,0.31006724465958424,FALSE,FALSE
1997-01-30,East_Antarctica,0.711728499,0.06181315542735566,0.06181315542735566,0.31006724465958424,FALSE,FALSE
1997-01-31,East_Antarctica,0.72015053,0.07837290759862747,0.07837290759862747,0.31006724465958424,FALSE,FALSE
1997-02-01,East_Antarctica,0.715692111,0.08184364435732017,0.08184364435732017,0.31006724465958424,FALSE,FALSE
1997-02-02,East_Antarctica,0.704754944,0.07862928842738348,0.07862928842738348,0.31006724465958424,FALSE,FALSE
1997-02-03,East_Antarctica,0.692504428,0.0738974595327695,0.0738974595327695,0.31006724465958424,FALSE,FALSE
1997-02-04,East_Antarctica,0.683470173,0.07217998839742823,0.07217998839742823,0.31006724465958424,FALSE,FALSE
1997-02-05,East_Antarctica,0.676877701,0.07270461774531034,0.07270461774531034,0.31006724465958424,FALSE,FALSE
1997-02-06,East_Antarctica,0.667217763,0.06996431930036684,0.06996431930036684,0.31006724465958424,FALSE,FALSE
1997-02-07,East_Antarctica,0.646623121,0.0560940757865489,0.0560940757865489,0.31006724465958424,FALSE,FALSE
1997-02-08,East_Antarctica,0.630993622,0.04699581568083977,0.04699581568083977,0.31006724465958424,FALSE,FALSE
1997-02-09,East_Antarctica,0.618820263,0.04114423361276231,0.04114423361276231,0.31006724465958424,FALSE,FALSE
1997-02-10,East_Antarctica,0.589829406,0.01821282815454772,0.01821282815454772,0.31006724465958424,FALSE,FALSE
1997-02-11,East_Antarctica,0.599423782,0.03354714413291571,0.03354714413291571,0.31006724465958424,FALSE,FALSE
1997-02-12,East_Antarctica,0.604172548,0.04365915237458606,0.04365915237458606,0.31006724465958424,FALSE,FALSE
1997-02-13,East_Antarctica,0.606165069,0.05058103170627748,0.05058103170627748,0.31006724465958424,FALSE,FALSE
1997-02-14,East_Antarctica,0.572228355,0.02108260595471067,0.02108260595471067,0.31006724465958424,FALSE,FALSE
1997-02-15,East_Antarctica,0.550829419,0.00357370194660444,0.00357370194660444,0.31006724465958424,FALSE,FALSE
1997-02-16,East_Antarctica,0.559940808,0.01596968050867719,0.01596968050867719,0.31006724465958424,FALSE,FALSE
1997-02-17,East_Antarctica,0.550863305,0.00951413846765003,0.00951413846765003,0.31006724465958424,FALSE,FALSE
1997-02-18,East_Antarctica,0.543668746,0.00422172565024148,0.00422172565024148,0.31006724465958424,FALSE,FALSE
1997-02-19,East_Antarctica,0.539279278,9.574028831721426e-4,9.574028831721426e-4,0.31006724465958424,FALSE,FALSE
1997-02-20,East_Antarctica,0.551113939,0.01308302199316058,0.01308302199316058,0.31006724465958424,FALSE,FALSE
1997-02-21,East_Antarctica,0.584484629,0.0458563724954153,0.0458563724954153,0.31006724465958424,FALSE,FALSE
1997-02-22,East_Antarctica,0.586513404,0.04638268842417326,0.04638268842417326,0.31006724465958424,FALSE,FALSE
1997-02-23,East_Antarctica,0.621925385,0.07939507476374308,0.07939507476374308,0.31006724465958424,FALSE,FALSE
1997-02-24,East_Antarctica,0.626618873,0.08080026491489023,0.08080026491489023,0.31006724465958424,FALSE,FALSE
1997-02-25,East_Antarctica,0.610736465,0.06074928827838122,0.06074928827838122,0.31006724465958424,FALSE,FALSE
1997-02-26,East_Antarctica,0.588793406,0.03376582225498348,0.03376582225498348,0.31006724465958424,FALSE,FALSE
1997-02-27,East_Antarctica,0.609205467,0.04827407024546171,0.04827407024546171,0.31006724465958424,FALSE,FALSE
1997-02-28,East_Antarctica,0.627288056,0.05959787265058336,0.05959787265058336,0.31006724465958424,FALSE,FALSE
1997-03-01,East_Antarctica,0.664128325,0.08883281387111486,0.08883281387111486,0.31006724465958424,FALSE,FALSE
1997-03-02,East_Antarctica,0.679479464,0.0957405163078222,0.0957405163078222,0.31006724465958424,FALSE,FALSE
1997-03-03,East_Antarctica,0.679902667,0.0868906063614725,0.0868906063614725,0.31006724465958424,FALSE,FALSE
1997-03-04,East_Antarctica,0.678042056,0.07493563843283091,0.07493563843283091,0.31006724465958424,FALSE,FALSE
1997-03-05,East_Antarctica,0.663776776,0.04976319406543261,0.04976319406543261,0.31006724465958424,FALSE,FALSE
1997-03-06,East_Antarctica,0.684924122,0.05921441538330396,0.05921441538330396,0.31006724465958424,FALSE,FALSE
1997-03-07,East_Antarctica,0.713952001,0.07583122750681659,0.07583122750681659,0.31006724465958424,FALSE,FALSE
1997-03-08,East_Antarctica,0.748847086,0.0976845143200724,0.0976845143200724,0.31006724465958424,FALSE,FALSE
1997-03-09,East_Antarctica,0.776940673,0.11218978270717128,0.11218978270717128,0.31006724465958424,FALSE,FALSE
1997-03-10,East_Antarctica,0.782815905,0.10401438655221472,0.10401438655221472,0.31006724465958424,FALSE,FALSE
1997-03-11,East_Antarctica,0.797671533,0.10444128773930472,0.10444128773930472,0.31006724465958424,FALSE,FALSE
1997-03-12,East_Antarctica,0.80567249,0.09771963015254248,0.09771963015254248,0.31006724465958424,FALSE,FALSE
1997-03-13,East_Antarctica,0.819600916,0.09671576467602704,0.09671576467602704,0.31006724465958424,FALSE,FALSE
1997-03-14,East_Antarctica,0.835300999,0.09735809019386144,0.09735809019386144,0.31006724465958424,FALSE,FALSE
1997-03-15,East_Antarctica,0.843675932,0.09063401059014577,0.09063401059014577,0.31006724465958424,FALSE,FALSE
1997-03-16,East_Antarctica,0.856819058,0.0887210797489808,0.0887210797489808,0.31006724465958424,FALSE,FALSE
1997-03-17,East_Antarctica,0.850141448,0.06711457955446987,0.06711457955446987,0.31006724465958424,FALSE,FALSE
1997-03-18,East_Antarctica,0.838739353,0.04099252139107234,0.04099252139107234,0.31006724465958424,FALSE,FALSE
1997-03-19,East_Antarctica,0.842945463,0.03070815477196042,0.03070815477196042,0.31006724465958424,FALSE,FALSE
1997-03-20,East_Antarctica,0.865941353,0.03939959758633571,0.03939959758633571,0.31006724465958424,FALSE,FALSE
1997-03-21,East_Antarctica,0.884097206,0.04339056171600808,0.04339056171600808,0.31006724465958424,FALSE,FALSE
1997-03-22,East_Antarctica,0.914894769,0.06011632304278513,0.06011632304278513,0.31006724465958424,FALSE,FALSE
1997-03-23,East_Antarctica,0.91833339,0.0495297584484754,0.0495297584484754,0.31006724465958424,FALSE,FALSE
1997-03-24,East_Antarctica,0.907871328,0.02504265581488807,0.02504265581488807,0.31006724465958424,FALSE,FALSE
1997-03-25,East_Antarctica,0.908457161,0.01155712202383207,0.01155712202383207,0.31006724465958424,FALSE,FALSE
1997-03-26,East_Antarctica,0.917002942,0.00593873895711394,0.00593873895711394,0.31006724465958424,FALSE,FALSE
1997-03-27,East_Antarctica,0.908585088,-0.01678254750345431,0.01678254750345431,0.31006724465958424,FALSE,FALSE
1997-03-28,East_Antarctica,0.902633172,-0.03722363547606788,0.03722363547606788,0.31006724465958424,FALSE,FALSE
1997-03-29,East_Antarctica,0.919233792,-0.03534439807891609,0.03534439807891609,0.31006724465958424,FALSE,FALSE
1997-03-30,East_Antarctica,0.937425929,-0.03215232543018953,0.03215232543018953,0.31006724465958424,FALSE,FALSE
1997-03-31,East_Antarctica,0.973650033,-0.01124470926454024,0.01124470926454024,0.31006724465958424,FALSE,FALSE
1997-04-01,East_Antarctica,0.994243934,-0.00627374621612308,0.00627374621612308,0.31006724465958424,FALSE,FALSE
1997-04-02,East_Antarctica,1.006371668,-0.01004920584112056,0.01004920584112056,0.31006724465958424,FALSE,FALSE
1997-04-03,East_Antarctica,1.023254399,-0.009323716285762,0.009323716285762,0.31006724465958424,FALSE,FALSE
1997-04-04,East_Antarctica,1.040114664,-0.00884853269627594,0.00884853269627594,0.31006724465958424,FALSE,FALSE
1997-04-05,East_Antarctica,1.055199556,-0.01035035421888985,0.01035035421888985,0.31006724465958424,FALSE,FALSE
1997-04-06,East_Antarctica,1.087876704,0.0055646560001672,0.0055646560001672,0.31006724465958424,FALSE,FALSE
1997-04-07,East_Antarctica,1.103457466,0.00423406381466628,0.00423406381466628,0.31006724465958424,FALSE,FALSE
1997-04-08,East_Antarctica,1.100872492,-0.0153852729216195,0.0153852729216195,0.31006724465958424,FALSE,FALSE
1997-04-09,East_Antarctica,1.155015569,0.0216266406450809,0.0216266406450809,0.31006724465958424,FALSE,FALSE
1997-04-10,East_Antarctica,1.183269916,0.03267923136853779,0.03267923136853779,0.31006724465958424,FALSE,FALSE
1997-04-11,East_Antarctica,1.207906143,0.04006931710252548,0.04006931710252548,0.31006724465958424,FALSE,FALSE
1997-04-12,East_Antarctica,1.233141008,0.04803970118893641,0.04803970118893641,0.31006724465958424,FALSE,FALSE
1997-04-13,East_Antarctica,1.263215466,0.06084580171035836,0.06084580171035836,0.31006724465958424,FALSE,FALSE
1997-04-14,East_Antarctica,1.305265781,0.08561925249878843,0.08561925249878843,0.31006724465958424,FALSE,FALSE
1997-04-15,East_Antarctica,1.321488723,0.08455040999114716,0.08455040999114716,0.31006724465958424,FALSE,FALSE
1997-04-16,East_Antarctica,1.334746713,0.08049528162435937,0.08049528162435937,0.31006724465958424,FALSE,FALSE
1997-04-17,East_Antarctica,1.349274875,0.07768257783534471,0.07768257783534471,0.31006724465958424,FALSE,FALSE
1997-04-18,East_Antarctica,1.377011845,0.08804452106102723,0.08804452106102723,0.31006724465958424,FALSE,FALSE
1997-04-19,East_Antarctica,1.403328111,0.096945185738331,0.096945185738331,0.31006724465958424,FALSE,FALSE
1997-04-20,East_Antarctica,1.428368835,0.10452332030417644,0.10452332030417644,0.31006724465958424,FALSE,FALSE
1997-04-21,East_Antarctica,1.445939837,0.10457833119548644,0.10457833119548644,0.31006724465958424,FALSE,FALSE
1997-04-22,East_Antarctica,1.471028288,0.11209097584918348,0.11209097584918348,0.31006724465958424,FALSE,FALSE
1997-04-23,East_Antarctica,1.485926967,0.10934761970218854,0.10934761970218854,0.31006724465958424,FALSE,FALSE
1997-04-24,East_Antarctica,1.523348762,0.12905473719142746,0.12905473719142746,0.31006724465958424,FALSE,FALSE
1997-04-25,East_Antarctica,1.567478576,0.15539142391392202,0.15539142391392202,0.31006724465958424,FALSE,FALSE
1997-04-26,East_Antarctica,1.631828511,0.2018697314495157,0.2018697314495157,0.31006724465958424,FALSE,FALSE
1997-04-27,East_Antarctica,1.659698466,0.2117926897204272,0.2117926897204272,0.31006724465958424,FALSE,FALSE
1997-04-28,East_Antarctica,1.67851889,0.21259391216080423,0.21259391216080423,0.31006724465958424,FALSE,FALSE
1997-04-29,East_Antarctica,1.694496263,0.2104830432047926,0.2104830432047926,0.31006724465958424,FALSE,FALSE
1997-04-30,East_Antarctica,1.726746842,0.22457950428654103,0.22457950428654103,0.31006724465958424,FALSE,FALSE
1997-05-01,East_Antarctica,1.743038729,0.2226545618401954,0.2226545618401954,0.31006724465958424,FALSE,FALSE
1997-05-02,East_Antarctica,1.772454881,0.2337943372999025,0.2337943372999025,0.31006724465958424,FALSE,FALSE
1997-05-03,East_Antarctica,1.790245378,0.2332520750998119,0.2332520750998119,0.31006724465958424,FALSE,FALSE
1997-05-04,East_Antarctica,1.802212242,0.22683296167406763,0.22683296167406763,0.31006724465958424,FALSE,FALSE
1997-05-05,East_Antarctica,1.763262829,0.16944751745681863,0.16944751745681863,0.31006724465958424,FALSE,FALSE
1997-05-06,East_Antarctica,1.790016566,0.17771833388221214,0.17771833388221214,0.31006724465958424,FALSE,FALSE
1997-05-07,East_Antarctica,1.794210103,0.16338522838090008,0.16338522838090008,0.31006724465958424,FALSE,FALSE
1997-05-08,East_Antarctica,1.824990586,0.1756001849828266,0.1756001849828266,0.31006724465958424,FALSE,FALSE
1997-05-09,East_Antarctica,1.855121417,0.18713588997198505,0.18713588997198505,0.31006724465958424,FALSE,FALSE
1997-05-10,East_Antarctica,1.884908287,0.19830805020137696,0.19830805020137696,0.31006724465958424,FALSE,FALSE
1997-05-11,East_Antarctica,1.903351393,0.1981268785240078,0.1981268785240078,0.31006724465958424,FALSE,FALSE
1997-05-12,East_Antarctica,1.951194151,0.22734580679287977,0.22734580679287977,0.31006724465958424,FALSE,FALSE
1997-05-13,East_Antarctica,1.972285259,0.22982354886099965,0.22982354886099965,0.31006724465958424,FALSE,FALSE
1997-05-14,East_Antarctica,2.005637465,0.24458286858136913,0.24458286858136913,0.31006724465958424,FALSE,FALSE
1997-05-15,East_Antarctica,2.043627374,0.2640103868069934,0.2640103868069934,0.31006724465958424,FALSE,FALSE
1997-05-16,East_Antarctica,2.055423379,0.2572845123908738,0.2572845123908738,0.31006724465958424,FALSE,FALSE
1997-05-17,East_Antarctica,2.092408443,0.2757982241860184,0.2757982241860184,0.31006724465958424,FALSE,FALSE
1997-05-18,East_Antarctica,2.096582714,0.26156168604542507,0.26156168604542507,0.31006724465958424,FALSE,FALSE
1997-05-19,East_Antarctica,2.132607852,0.27924657382210283,0.27924657382210283,0.31006724465958424,FALSE,FALSE
1997-05-20,East_Antarctica,2.1914156,0.31979507595129375,0.31979507595129375,0.31006724465958424,TRUE,FALSE
1997-05-21,East_Antarctica,2.16978457,0.2800040885904358,0.2800040885904358,0.31006724465958424,FALSE,FALSE
1997-05-22,East_Antarctica,2.167474982,0.2596589644614671,0.2596589644614671,0.31006724465958424,FALSE,FALSE
1997-05-23,East_Antarctica,2.160128965,0.23442719570434756,0.23442719570434756,0.31006724465958424,FALSE,FALSE
1997-05-24,East_Antarctica,2.171358137,0.22794576345902273,0.22794576345902273,0.31006724465958424,FALSE,FALSE
1997-05-25,East_Antarctica,2.19179711,0.23087464286544868,0.23087464286544868,0.31006724465958424,FALSE,FALSE
1997-05-26,East_Antarctica,2.191448579,0.21324189206357835,0.21324189206357835,0.31006724465958424,FALSE,FALSE
1997-05-27,East_Antarctica,2.191334152,0.1960944821933659,0.1960944821933659,0.31006724465958424,FALSE,FALSE
1997-05-28,East_Antarctica,2.148954662,0.13695860939476212,0.13695860939476212,0.31006724465958424,FALSE,FALSE
1997-05-29,East_Antarctica,2.129060425,0.10060995280772068,0.10060995280772068,0.31006724465958424,FALSE,FALSE
1997-05-30,East_Antarctica,2.128600417,0.0840228515721968,0.0840228515721968,0.31006724465958424,FALSE,FALSE
1997-05-31,East_Antarctica,2.130429643,0.07007767382813945,0.07007767382813945,0.31006724465958424,FALSE,FALSE
1997-06-01,East_Antarctica,2.133619771,0.05787145071550581,0.05787145071550581,0.31006724465958424,FALSE,FALSE
1997-06-02,East_Antarctica,2.165927419,0.07517372828738544,0.07517372828738544,0.31006724465958424,FALSE,FALSE
1997-06-03,East_Antarctica,2.212578994,0.10716867619354488,0.10716867619354488,0.31006724465958424,FALSE,FALSE
1997-06-04,East_Antarctica,2.218932455,0.09915672373658956,0.09915672373658956,0.31006724465958424,FALSE,FALSE
1997-06-05,East_Antarctica,2.223697366,0.0897899046526569,0.0897899046526569,0.31006724465958424,FALSE,FALSE
1997-06-06,East_Antarctica,2.229991951,0.08212891267788258,0.08212891267788258,0.31006724465958424,FALSE,FALSE
1997-06-07,East_Antarctica,2.230504233,0.06880424054840573,0.06880424054840573,0.31006724465958424,FALSE,FALSE
1997-06-08,East_Antarctica,2.247615779,0.07213992500036337,0.07213992500036337,0.31006724465958424,FALSE,FALSE
1997-06-09,East_Antarctica,2.24288868,0.05364052676989095,0.05364052676989095,0.31006724465958424,FALSE,FALSE
1997-06-10,East_Antarctica,2.270601832,0.06752741159313125,0.06752741159313125,0.31006724465958424,FALSE,FALSE
1997-06-11,East_Antarctica,2.273087351,0.05607516520621569,0.05607516520621569,0.31006724465958424,FALSE,FALSE
1997-06-12,East_Antarctica,2.285548065,0.05442908534528534,0.05442908534528534,0.31006724465958424,FALSE,FALSE
1997-06-13,East_Antarctica,2.301916962,0.05646462974647681,0.05646462974647681,0.31006724465958424,FALSE,FALSE
1997-06-14,East_Antarctica,2.307287936,0.04721929440976558,0.04721929440976558,0.31006724465958424,FALSE,FALSE
1997-06-15,East_Antarctica,2.339180426,0.06420603522096036,0.06420603522096036,0.31006724465958424,FALSE,FALSE
1997-06-16,East_Antarctica,2.361456857,0.07134927008220915,0.07134927008220915,0.31006724465958424,FALSE,FALSE
1997-06-17,East_Antarctica,2.409151048,0.10374977209979486,0.10374977209979486,0.31006724465958424,FALSE,FALSE
1997-06-18,East_Antarctica,2.424635052,0.1038465483800146,0.1038465483800146,0.31006724465958424,FALSE,FALSE
1997-06-19,East_Antarctica,2.452821241,0.11661892502914915,0.11661892502914915,0.31006724465958424,FALSE,FALSE
1997-06-20,East_Antarctica,2.473247456,0.12167169715349012,0.12167169715349012,0.31006724465958424,FALSE,FALSE
1997-06-21,East_Antarctica,2.439384288,0.07254240985932636,0.07254240985932636,0.31006724465958424,FALSE,FALSE
1997-06-22,East_Antarctica,2.391217241,0.00928352125294473,0.00928352125294473,0.31006724465958424,FALSE,FALSE
1997-06-23,East_Antarctica,2.364351608,-0.03243272155936516,0.03243272155936516,0.31006724465958424,FALSE,FALSE
1997-06-24,East_Antarctica,2.399998971,-0.01132778247131494,0.01132778247131494,0.31006724465958424,FALSE,FALSE
1997-06-25,East_Antarctica,2.408134265,-0.017359772376618562,0.017359772376618562,0.31006724465958424,FALSE,FALSE
1997-06-26,East_Antarctica,2.435349856,-0.00386937116898256,0.00386937116898256,0.31006724465958424,FALSE,FALSE
1997-06-27,East_Antarctica,2.447562815,-0.00488207349935398,0.00488207349935398,0.31006724465958424,FALSE,FALSE
1997-06-28,East_Antarctica,2.477363628,0.01217810488535864,0.01217810488535864,0.31006724465958424,FALSE,FALSE
1997-06-29,East_Antarctica,2.509238745,0.03175024180830599,0.03175024180830599,0.31006724465958424,FALSE,FALSE
1997-06-30,East_Antarctica,2.520575928,0.03117455808898439,0.03117455808898439,0.31006724465958424,FALSE,FALSE
1997-07-01,East_Antarctica,2.496910147,-0.00406151745311378,0.00406151745311378,0.31006724465958424,FALSE,FALSE
1997-07-02,East_Antarctica,2.528603709,0.01635678100150084,0.01635678100150084,0.31006724465958424,FALSE,FALSE
1997-07-03,East_Antarctica,2.556254824,0.0329801222723245,0.0329801222723245,0.31006724465958424,FALSE,FALSE
1997-07-04,East_Antarctica,2.578386983,0.04428445617884824,0.04428445617884824,0.31006724465958424,FALSE,FALSE
1997-07-05,East_Antarctica,2.607791736,0.0630137915405653,0.0630137915405653,0.31006724465958424,FALSE,FALSE
1997-07-06,East_Antarctica,2.624012245,0.06866374917696794,0.06866374917696794,0.31006724465958424,FALSE,FALSE
1997-07-07,East_Antarctica,2.612361483,0.0464997609075497,0.0464997609075497,0.31006724465958424,FALSE,FALSE
1997-07-08,East_Antarctica,2.61544438,0.03907921555180405,0.03907921555180405,0.31006724465958424,FALSE,FALSE
1997-07-09,East_Antarctica,2.617983452,0.03107714537337314,0.03107714537337314,0.31006724465958424,FALSE,FALSE
1997-07-10,East_Antarctica,2.662996739,0.06547527925747376,0.06547527925747376,0.31006724465958424,FALSE,FALSE
1997-07-11,East_Antarctica,2.688335583,0.08011309908614761,0.08011309908614761,0.31006724465958424,FALSE,FALSE
1997-07-12,East_Antarctica,2.70444226,0.08542425649603391,0.08542425649603391,0.31006724465958424,FALSE,FALSE
1997-07-13,East_Antarctica,2.671822934,0.0419062911237722,0.0419062911237722,0.31006724465958424,FALSE,FALSE
1997-07-14,East_Antarctica,2.667138137,0.026211110606007,0.026211110606007,0.31006724465958424,FALSE,FALSE
1997-07-15,East_Antarctica,2.653016006,9.58227579379578e-4,9.58227579379578e-4,0.31006724465958424,FALSE,FALSE
1997-07-16,East_Antarctica,2.631955408,-0.03136211531946786,0.03136211531946786,0.31006724465958424,FALSE,FALSE
1997-07-17,East_Antarctica,2.659396655,-0.01531823045389613,0.01531823045389613,0.31006724465958424,FALSE,FALSE
1997-07-18,East_Antarctica,2.700731643,0.01447315381273961,0.01447315381273961,0.31006724465958424,FALSE,FALSE
1997-07-19,East_Antarctica,2.715541597,0.01758463811707811,0.01758463811707811,0.31006724465958424,FALSE,FALSE
1997-07-20,East_Antarctica,2.743711863,0.0338929440957636,0.0338929440957636,0.31006724465958424,FALSE,FALSE
1997-07-21,East_Antarctica,2.763159932,0.04130693838543609,0.04130693838543609,0.31006724465958424,FALSE,FALSE
1997-07-22,East_Antarctica,2.859112274,0.1250470232139742,0.1250470232139742,0.31006724465958424,FALSE,FALSE
1997-07-23,East_Antarctica,2.913003833,0.16657736164250636,0.16657736164250636,0.31006724465958424,FALSE,FALSE
1997-07-24,East_Antarctica,2.942673652,0.183791937705303,0.183791937705303,0.31006724465958424,FALSE,FALSE
1997-07-25,East_Antarctica,2.938967223,0.16759176791107588,0.16759176791107588,0.31006724465958424,FALSE,FALSE
1997-07-26,East_Antarctica,2.95840693,0.17455476076853538,0.17455476076853538,0.31006724465958424,FALSE,FALSE
1997-07-27,East_Antarctica,2.951361801,0.1551054687863882,0.1551054687863882,0.31006724465958424,FALSE,FALSE
1997-07-28,East_Antarctica,2.89187936,0.08334694047334645,0.08334694047334645,0.31006724465958424,FALSE,FALSE
1997-07-29,East_Antarctica,2.810446394,-0.01017851266187719,0.01017851266187719,0.31006724465958424,FALSE,FALSE
1997-07-30,East_Antarctica,2.793076537,-0.03940173211057596,0.03940173211057596,0.31006724465958424,FALSE,FALSE
1997-07-31,East_Antarctica,2.794922196,-0.04911478636403865,0.04911478636403865,0.31006724465958424,FALSE,FALSE
1997-08-01,East_Antarctica,2.783396277,-0.07184924491355327,0.07184924491355327,0.31006724465958424,FALSE,FALSE
1997-08-02,East_Antarctica,2.773623676,-0.0924246872504142,0.0924246872504142,0.31006724465958424,FALSE,FALSE
1997-08-03,East_Antarctica,2.767917529,-0.10847245359906844,0.10847245359906844,0.31006724465958424,FALSE,FALSE
1997-08-04,East_Antarctica,2.728023013,-0.1582116356177914,0.1582116356177914,0.31006724465958424,FALSE,FALSE
1997-08-05,East_Antarctica,2.714707702,-0.18091032691906195,0.18091032691906195,0.31006724465958424,FALSE,FALSE
1997-08-06,East_Antarctica,2.737066497,-0.1675253884814616,0.1675253884814616,0.31006724465958424,FALSE,FALSE
1997-08-07,East_Antarctica,2.722638966,-0.19056901428357076,0.19056901428357076,0.31006724465958424,FALSE,FALSE
1997-08-08,East_Antarctica,2.707093433,-0.2144246423039693,0.2144246423039693,0.31006724465958424,FALSE,FALSE
1997-08-09,East_Antarctica,2.761025598,-0.16854833452123774,0.16854833452123774,0.31006724465958424,FALSE,FALSE
1997-08-10,East_Antarctica,2.836413747,-0.10101356691395758,0.10101356691395758,0.31006724465958424,FALSE,FALSE
1997-08-11,East_Antarctica,2.927522642,-0.0176073394607088,0.0176073394607088,0.31006724465958424,FALSE,FALSE
1997-08-12,East_Antarctica,3.039715122,0.08698142485992788,0.08698142485992788,0.31006724465958424,FALSE,FALSE
1997-08-13,East_Antarctica,3.145362585,0.18507236206937128,0.18507236206937128,0.31006724465958424,FALSE,FALSE
1997-08-14,East_Antarctica,3.224107471,0.25625615018904346,0.25625615018904346,0.31006724465958424,FALSE,FALSE
1997-08-15,East_Antarctica,3.245260358,0.26979160524036194,0.26979160524036194,0.31006724465958424,FALSE,FALSE
1997-08-16,East_Antarctica,3.233262862,0.25007011354047215,0.25007011354047215,0.31006724465958424,FALSE,FALSE
1997-08-17,East_Antarctica,3.218719222,0.22769122783431284,0.22769122783431284,0.31006724465958424,FALSE,FALSE
1997-08-18,East_Antarctica,3.259693321,0.260766272911809,0.260766272911809,0.31006724465958424,FALSE,FALSE
1997-08-19,East_Antarctica,3.294791263,0.2879516513144851,0.2879516513144851,0.31006724465958424,FALSE,FALSE
1997-08-20,East_Antarctica,3.292656655,0.2779412685838758,0.2779412685838758,0.31006724465958424,FALSE,FALSE
1997-08-21,East_Antarctica,3.272809998,0.25030592426151044,0.25030592426151044,0.31006724465958424,FALSE,FALSE
1997-08-22,East_Antarctica,3.240343326,0.2101879508889195,0.2101879508889195,0.31006724465958424,FALSE,FALSE
1997-08-23,East_Antarctica,3.219331765,0.18171277300763225,0.18171277300763225,0.31006724465958424,FALSE,FALSE
1997-08-24,East_Antarctica,3.217837789,0.17299316315918123,0.17299316315918123,0.31006724465958424,FALSE,FALSE
1997-08-25,East_Antarctica,3.224623955,0.17284197688509728,0.17284197688509728,0.31006724465958424,FALSE,FALSE
1997-08-26,East_Antarctica,3.256330811,0.19795006072690935,0.19795006072690935,0.31006724465958424,FALSE,FALSE
1997-08-27,East_Antarctica,3.269453202,0.2048625582261483,0.2048625582261483,0.31006724465958424,FALSE,FALSE
1997-08-28,East_Antarctica,3.290440755,0.22007939492434803,0.22007939492434803,0.31006724465958424,FALSE,FALSE
1997-08-29,East_Antarctica,3.307533242,0.2318816497380647,0.2318816497380647,0.31006724465958424,FALSE,FALSE
1997-08-30,East_Antarctica,3.323867425,0.24339274322076232,0.24339274322076232,0.31006724465958424,FALSE,FALSE
1997-08-31,East_Antarctica,3.282195341,0.19733083779498717,0.19733083779498717,0.31006724465958424,FALSE,FALSE
1997-09-01,East_Antarctica,3.236436854,0.1475818860535898,0.1475818860535898,0.31006724465958424,FALSE,FALSE
1997-09-02,East_Antarctica,3.191978253,0.09949826558942254,0.09949826558942254,0.31006724465958424,FALSE,FALSE
1997-09-03,East_Antarctica,3.179040731,0.08326725799533463,0.08326725799533463,0.31006724465958424,FALSE,FALSE
1997-09-04,East_Antarctica,3.195427118,0.0966577818641814,0.0966577818641814,0.31006724465958424,FALSE,FALSE
1997-09-05,East_Antarctica,3.258985743,0.1574842547888129,0.1574842547888129,0.31006724465958424,FALSE,FALSE
1997-09-06,East_Antarctica,3.271841868,0.16783802736207942,0.16783802736207942,0.31006724465958424,FALSE,FALSE
1997-09-07,East_Antarctica,3.240907524,0.13459721917683432,0.13459721917683432,0.31006724465958424,FALSE,FALSE
1997-09-08,East_Antarctica,3.18965051,0.0811957178259255,0.0811957178259255,0.31006724465958424,FALSE,FALSE
1997-09-09,East_Antarctica,3.148443381,0.0379721669022115,0.0379721669022115,0.31006724465958424,FALSE,FALSE
1997-09-10,East_Antarctica,3.144010813,0.03161738280647519,0.03161738280647519,0.31006724465958424,FALSE,FALSE
1997-09-11,East_Antarctica,3.152870439,0.03862005715217975,0.03862005715217975,0.31006724465958424,FALSE,FALSE
1997-09-12,East_Antarctica,3.188159054,0.07209694359008978,0.07209694359008978,0.31006724465958424,FALSE,FALSE
1997-09-13,East_Antarctica,3.154535271,0.03668755086730924,0.03668755086730924,0.31006724465958424,FALSE,FALSE
1997-09-14,East_Antarctica,3.172129998,0.05250368273094574,0.05250368273094574,0.31006724465958424,FALSE,FALSE
1997-09-15,East_Antarctica,3.136800968,0.01538396792809981,0.01538396792809981,0.31006724465958424,FALSE,FALSE
1997-09-16,East_Antarctica,3.142383714,0.0191448352058785,0.0191448352058785,0.31006724465958424,FALSE,FALSE
1997-09-17,East_Antarctica,3.168702666,0.04359161031138514,0.04359161031138514,0.31006724465958424,FALSE,FALSE
1997-09-18,East_Antarctica,3.171825795,0.04477315999172449,0.04477315999172449,0.31006724465958424,FALSE,FALSE
1997-09-19,East_Antarctica,3.194559138,0.06547641699400097,0.06547641699400097,0.31006724465958424,FALSE,FALSE
1997-09-20,East_Antarctica,3.22020331,0.08898289206532084,0.08898289206532084,0.31006724465958424,FALSE,FALSE
1997-09-21,East_Antarctica,3.254453056,0.12096822595278534,0.12096822595278534,0.31006724465958424,FALSE,FALSE
1997-09-22,East_Antarctica,3.270745657,0.13485059540350042,0.13485059540350042,0.31006724465958424,FALSE,FALSE
1997-09-23,East_Antarctica,3.26451772,0.1260535901201636,0.1260535901201636,0.31006724465958424,FALSE,FALSE
1997-09-24,East_Antarctica,3.248710171,0.10757028651289469,0.10757028651289469,0.31006724465958424,FALSE,FALSE
1997-09-25,East_Antarctica,3.212078798,0.06824815472490275,0.06824815472490275,0.31006724465958424,FALSE,FALSE
1997-09-26,East_Antarctica,3.202337999,0.05589382957322675,0.05589382957322675,0.31006724465958424,FALSE,FALSE
1997-09-27,East_Antarctica,3.14885144,-3.678612510027435e-5,3.678612510027435e-5,0.31006724465958424,FALSE,FALSE
1997-09-28,East_Antarctica,3.119041184,-0.0320293925530386,0.0320293925530386,0.31006724465958424,FALSE,FALSE
1997-09-29,East_Antarctica,3.115073419,-0.03782556489355304,0.03782556489355304,0.31006724465958424,FALSE,FALSE
1997-09-30,East_Antarctica,3.115182215,-0.039098996329606,0.039098996329606,0.31006724465958424,FALSE,FALSE
1997-10-01,East_Antarctica,3.098429282,-0.05669574004416189,0.05669574004416189,0.31006724465958424,FALSE,FALSE
1997-10-02,East_Antarctica,3.114626963,-0.04071121622018259,0.04071121622018259,0.31006724465958424,FALSE,FALSE
1997-10-03,East_Antarctica,3.137641092,-0.01718735404063043,0.01718735404063043,0.31006724465958424,FALSE,FALSE
1997-10-04,East_Antarctica,3.165869484,0.0123658983115269,0.0123658983115269,0.31006724465958424,FALSE,FALSE
1997-10-05,East_Antarctica,3.200016414,0.04874502489254118,0.04874502489254118,0.31006724465958424,FALSE,FALSE
1997-10-06,East_Antarctica,3.267034418,0.11896119048570686,0.11896119048570686,0.31006724465958424,FALSE,FALSE
1997-10-07,East_Antarctica,3.275508968,0.13155971784606946,0.13155971784606946,0.31006724465958424,FALSE,FALSE
1997-10-08,East_Antarctica,3.256289822,0.11733214448319362,0.11733214448319362,0.31006724465958424,FALSE,FALSE
1997-10-09,East_Antarctica,3.213907219,0.08075048890664238,0.08075048890664238,0.31006724465958424,FALSE,FALSE
1997-10-10,East_Antarctica,3.153308194,0.02670356562598241,0.02670356562598241,0.31006724465958424,FALSE,FALSE
1997-10-11,East_Antarctica,3.143197214,0.0238376211507787,0.0238376211507787,0.31006724465958424,FALSE,FALSE
1997-10-12,East_Antarctica,3.14144197,0.02996212599058978,0.02996212599058978,0.31006724465958424,FALSE,FALSE
1997-10-13,East_Antarctica,3.126465815,0.02344221265498491,0.02344221265498491,0.31006724465958424,FALSE,FALSE
1997-10-14,East_Antarctica,3.115895197,0.02184610865352798,0.02184610865352798,0.31006724465958424,FALSE,FALSE
1997-10-15,East_Antarctica,3.121286466,0.03667194349578207,0.03667194349578207,0.31006724465958424,FALSE,FALSE
1997-10-16,East_Antarctica,3.15113867,0.07636054469131537,0.07636054469131537,0.31006724465958424,FALSE,FALSE
1997-10-17,East_Antarctica,3.10801354,0.04341542274968502,0.04341542274968502,0.31006724465958424,FALSE,FALSE
1997-10-18,East_Antarctica,3.075758391,0.02162897202491853,0.02162897202491853,0.31006724465958424,FALSE,FALSE
1997-10-19,East_Antarctica,3.094597524,0.05124066058954835,0.05124066058954835,0.31006724465958424,FALSE,FALSE
1997-10-20,East_Antarctica,2.984982178,-0.04721610055339864,0.04721610055339864,0.31006724465958424,FALSE,FALSE
1997-10-21,East_Antarctica,2.938196198,-0.08237261150513131,0.08237261150513131,0.31006724465958424,FALSE,FALSE
1997-10-22,East_Antarctica,2.925993735,-0.08238986636686585,0.08238986636686585,0.31006724465958424,FALSE,FALSE
1997-10-23,East_Antarctica,2.955116796,-0.04044100323980837,0.04044100323980837,0.31006724465958424,FALSE,FALSE
1997-10-24,East_Antarctica,2.96060069,-0.0214058582251746,0.0214058582251746,0.31006724465958424,FALSE,FALSE
1997-10-25,East_Antarctica,2.964383004,-0.0032619894241761,0.0032619894241761,0.31006724465958424,FALSE,FALSE
1997-10-26,East_Antarctica,2.9475048679999998,-0.00488341193802277,0.00488341193802277,0.31006724465958424,FALSE,FALSE
1997-10-27,East_Antarctica,2.930443073,-0.00570847986792788,0.00570847986792788,0.31006724465958424,FALSE,FALSE
1997-10-28,East_Antarctica,2.906142659,-0.01270729831510442,0.01270729831510442,0.31006724465958424,FALSE,FALSE
1997-10-29,East_Antarctica,2.858364675,-0.04203396338076271,0.04203396338076271,0.31006724465958424,FALSE,FALSE
1997-10-30,East_Antarctica,2.840991252,-0.03972148916611529,0.03972148916611529,0.31006724465958424,FALSE,FALSE
1997-10-31,East_Antarctica,2.80655734,-0.05316248141974977,0.05316248141974977,0.31006724465958424,FALSE,FALSE
1997-11-01,East_Antarctica,2.771387202,-0.06602132079150946,0.06602132079150946,0.31006724465958424,FALSE,FALSE
1997-11-02,East_Antarctica,2.779343219,-0.0344430337606938,0.0344430337606938,0.31006724465958424,FALSE,FALSE
1997-11-03,East_Antarctica,2.779792808,-0.00906761585081694,0.00906761585081694,0.31006724465958424,FALSE,FALSE
1997-11-04,East_Antarctica,2.737601637,-0.02503681158538917,0.02503681158538917,0.31006724465958424,FALSE,FALSE
1997-11-05,East_Antarctica,2.737011367,0.00188362751207904,0.00188362751207904,0.31006724465958424,FALSE,FALSE
1997-11-06,East_Antarctica,2.709453226,0.00311751691807149,0.00311751691807149,0.31006724465958424,FALSE,FALSE
1997-11-07,East_Antarctica,2.716270618,0.04000084810908122,0.04000084810908122,0.31006724465958424,FALSE,FALSE
1997-11-08,East_Antarctica,2.666867837,0.02193050256159345,0.02193050256159345,0.31006724465958424,FALSE,FALSE
1997-11-09,East_Antarctica,2.616721439,0.0043756237520971,0.0043756237520971,0.31006724465958424,FALSE,FALSE
1997-11-10,East_Antarctica,2.613854853,0.03535222815708172,0.03535222815708172,0.31006724465958424,FALSE,FALSE
1997-11-11,East_Antarctica,2.616920306,0.07350513025303362,0.07350513025303362,0.31006724465958424,FALSE,FALSE
1997-11-12,East_Antarctica,2.59711796,0.09002617195173634,0.09002617195173634,0.31006724465958424,FALSE,FALSE
1997-11-13,East_Antarctica,2.613381358,0.14379037059293245,0.14379037059293245,0.31006724465958424,FALSE,FALSE
1997-11-14,East_Antarctica,2.586538016,0.15549124706557116,0.15549124706557116,0.31006724465958424,FALSE,FALSE
1997-11-15,East_Antarctica,2.540806382,0.14920702927227936,0.14920702927227936,0.31006724465958424,FALSE,FALSE
1997-11-16,East_Antarctica,2.499169379,0.14778042011568093,0.14778042011568093,0.31006724465958424,FALSE,FALSE
1997-11-17,East_Antarctica,2.491124394,0.1805685864984019,0.1805685864984019,0.31006724465958424,FALSE,FALSE
1997-11-18,East_Antarctica,2.468011013,0.19877089432306416,0.19877089432306416,0.31006724465958424,FALSE,FALSE
1997-11-19,East_Antarctica,2.408893553,0.1813114404922933,0.1813114404922933,0.31006724465958424,FALSE,FALSE
1997-11-20,East_Antarctica,2.367674238,0.18195222890871587,0.18195222890871587,0.31006724465958424,FALSE,FALSE
1997-11-21,East_Antarctica,2.328487452,0.18468742347495537,0.18468742347495537,0.31006724465958424,FALSE,FALSE
1997-11-22,East_Antarctica,2.272843298,0.17088690709363652,0.17088690709363652,0.31006724465958424,FALSE,FALSE
1997-11-23,East_Antarctica,2.167955225,0.10762390866738204,0.10762390866738204,0.31006724465958424,FALSE,FALSE
1997-11-24,East_Antarctica,2.101461323,0.08239629809881954,0.08239629809881954,0.31006724465958424,FALSE,FALSE
1997-11-25,East_Antarctica,2.046324097,0.06803484793433756,0.06803484793433756,0.31006724465958424,FALSE,FALSE
1997-11-26,East_Antarctica,2.000997572,0.06293363778923089,0.06293363778923089,0.31006724465958424,FALSE,FALSE
1997-11-27,East_Antarctica,1.954274583,0.05586165367813955,0.05586165367813955,0.31006724465958424,FALSE,FALSE
1997-11-28,East_Antarctica,1.900815503,0.04145569302496721,0.04145569302496721,0.31006724465958424,FALSE,FALSE
1997-11-29,East_Antarctica,1.856254195,0.0353260432536111,0.0353260432536111,0.31006724465958424,FALSE,FALSE
1997-11-30,East_Antarctica,1.794176846,0.01103531578797589,0.01103531578797589,0.31006724465958424,FALSE,FALSE
1997-12-01,East_Antarctica,1.733118194,-0.01290532694803991,0.01290532694803991,0.31006724465958424,FALSE,FALSE
1997-12-02,East_Antarctica,1.678077954,-0.03151974553053338,0.03151974553053338,0.31006724465958424,FALSE,FALSE
1997-12-03,East_Antarctica,1.601886908,-0.07200073353560521,0.07200073353560521,0.31006724465958424,FALSE,FALSE
1997-12-04,East_Antarctica,1.552376772,-0.08654015053935415,0.08654015053935415,0.31006724465958424,FALSE,FALSE
1997-12-05,East_Antarctica,1.492762543,-0.11194657511787788,0.11194657511787788,0.31006724465958424,FALSE,FALSE
1997-12-06,East_Antarctica,1.46639532,-0.10489248384727734,0.10489248384727734,0.31006724465958424,FALSE,FALSE
1997-12-07,East_Antarctica,1.4442441,-0.09443243131779644,0.09443243131779644,0.31006724465958424,FALSE,FALSE
1997-12-08,East_Antarctica,1.424502413,-0.08238899314303727,0.08238899314303727,0.31006724465958424,FALSE,FALSE
1997-12-09,East_Antarctica,1.427357957,-0.04857261997494899,0.04857261997494899,0.31006724465958424,FALSE,FALSE
1997-12-10,East_Antarctica,1.425721843,-0.02006769682190401,0.02006769682190401,0.31006724465958424,FALSE,FALSE
1997-12-11,East_Antarctica,1.420882745,0.00441895430771688,0.00441895430771688,0.31006724465958424,FALSE,FALSE
1997-12-12,East_Antarctica,1.412337997,0.02438917140553775,0.02438917140553775,0.31006724465958424,FALSE,FALSE
1997-12-13,East_Antarctica,1.407647267,0.04740712646318346,0.04740712646318346,0.31006724465958424,FALSE,FALSE
1997-12-14,East_Antarctica,1.382737908,0.04940467647227709,0.04940467647227709,0.31006724465958424,FALSE,FALSE
1997-12-15,East_Antarctica,1.349661023,0.0424374284244422,0.0424374284244422,0.31006724465958424,FALSE,FALSE
1997-12-16,East_Antarctica,1.321296828,0.03939010231130213,0.03939010231130213,0.31006724465958424,FALSE,FALSE
1997-12-17,East_Antarctica,1.306513686,0.04913556512448069,0.04913556512448069,0.31006724465958424,FALSE,FALSE
1997-12-18,East_Antarctica,1.317420782,0.08378750585559946,0.08378750585559946,0.31006724465958424,FALSE,FALSE
1997-12-19,East_Antarctica,1.324733988,0.11406630049628497,0.11406630049628497,0.31006724465958424,FALSE,FALSE
1997-12-20,East_Antarctica,1.294660634,0.10618458952166576,0.10618458952166576,0.31006724465958424,FALSE,FALSE
1997-12-21,East_Antarctica,1.288584405,0.12154412046564134,0.12154412046564134,0.31006724465958424,FALSE,FALSE
1997-12-22,East_Antarctica,1.246252521,0.09992035482318816,0.09992035482318816,0.31006724465958424,FALSE,FALSE
1997-12-23,East_Antarctica,1.211686199,0.08536303474560225,0.08536303474560225,0.31006724465958424,FALSE,FALSE
1997-12-24,East_Antarctica,1.204945779,0.09796102538418072,0.09796102538418072,0.31006724465958424,FALSE,FALSE
1997-12-25,East_Antarctica,1.2020871,0.11379869089021932,0.11379869089021932,0.31006724465958424,FALSE,FALSE
1997-12-26,East_Antarctica,1.19502644,0.12482083441501413,0.12482083441501413,0.31006724465958424,FALSE,FALSE
1997-12-27,East_Antarctica,1.175668866,0.12296104810986064,0.12296104810986064,0.31006724465958424,FALSE,FALSE
1997-12-28,East_Antarctica,1.1393490020000001,0.1035824811260555,0.1035824811260555,0.31006724465958424,FALSE,FALSE
1997-12-29,East_Antarctica,1.109778558,0.09042536861489636,0.09042536861489636,0.31006724465958424,FALSE,FALSE
1997-12-30,East_Antarctica,1.109641693,0.10620239472767844,0.10620239472767844,0.31006724465958424,FALSE,FALSE
1997-12-31,East_Antarctica,1.101090643,0.11309432061569548,0.11309432061569548,0.31006724465958424,FALSE,FALSE
1998-01-01,East_Antarctica,1.10467927,0.13168353343024608,0.13168353343024608,0.31006724465958424,FALSE,FALSE
1998-01-02,East_Antarctica,1.098771528,0.14036140934385222,0.14036140934385222,0.31006724465958424,FALSE,FALSE
1998-01-03,East_Antarctica,1.085584928,0.1413684696139288,0.1413684696139288,0.31006724465958424,FALSE,FALSE
1998-01-04,East_Antarctica,1.059623677,0.1292308285191213,0.1292308285191213,0.31006724465958424,FALSE,FALSE
1998-01-05,East_Antarctica,1.03982025,0.12290286833807627,0.12290286833807627,0.31006724465958424,FALSE,FALSE
1998-01-06,East_Antarctica,1.022374605,0.11860645434943118,0.11860645434943118,0.31006724465958424,FALSE,FALSE
1998-01-07,East_Antarctica,1.012152408,0.12122915983183312,0.12122915983183312,0.31006724465958424,FALSE,FALSE
1998-01-08,East_Antarctica,0.986812132,0.10845136506392528,0.10845136506392528,0.31006724465958424,FALSE,FALSE
1998-01-09,East_Antarctica,0.961489717,0.09543091732434884,0.09543091732434884,0.31006724465958424,FALSE,FALSE
1998-01-10,East_Antarctica,0.972829992,0.11883455289175028,0.11883455289175028,0.31006724465958424,FALSE,FALSE
1998-01-11,East_Antarctica,0.970267267,0.1281184890447703,0.1281184890447703,0.31006724465958424,FALSE,FALSE
1998-01-12,East_Antarctica,0.979298346,0.1488014370620535,0.1488014370620535,0.31006724465958424,FALSE,FALSE
1998-01-13,East_Antarctica,0.975028526,0.15601060122224297,0.15601060122224297,0.31006724465958424,FALSE,FALSE
1998-01-14,East_Antarctica,0.962255706,0.1545654529725553,0.1545654529725553,0.31006724465958424,FALSE,FALSE
1998-01-15,East_Antarctica,0.929687646,0.13318330938867406,0.13318330938867406,0.31006724465958424,FALSE,FALSE
1998-01-16,East_Antarctica,0.884262459,0.0987967878584174,0.0987967878584174,0.31006724465958424,FALSE,FALSE
1998-01-17,East_Antarctica,0.866790477,0.09220977278649745,0.09220977278649745,0.31006724465958424,FALSE,FALSE
1998-01-18,East_Antarctica,0.854152897,0.0902970135776282,0.0902970135776282,0.31006724465958424,FALSE,FALSE
1998-01-19,East_Antarctica,0.846877631,0.09357997463652212,0.09357997463652212,0.31006724465958424,FALSE,FALSE
1998-01-20,East_Antarctica,0.833526674,0.0906142033678915,0.0906142033678915,0.31006724465958424,FALSE,FALSE
1998-01-21,East_Antarctica,0.811105093,0.07839831917644957,0.07839831917644957,0.31006724465958424,FALSE,FALSE
1998-01-22,East_Antarctica,0.824783067,0.10209605346690977,0.10209605346690977,0.31006724465958424,FALSE,FALSE
1998-01-23,East_Antarctica,0.798345923,0.08548628564398375,0.08548628564398375,0.31006724465958424,FALSE,FALSE
1998-01-24,East_Antarctica,0.782008401,0.07877730811238515,0.07877730811238515,0.31006724465958424,FALSE,FALSE
1998-01-25,East_Antarctica,0.79346975,0.09966192227682658,0.09966192227682658,0.31006724465958424,FALSE,FALSE
1998-01-26,East_Antarctica,0.764870927,0.08027463754202158,0.08027463754202158,0.31006724465958424,FALSE,FALSE
1998-01-27,East_Antarctica,0.743158647,0.06755654019855273,0.06755654019855273,0.31006724465958424,FALSE,FALSE
1998-01-28,East_Antarctica,0.743833763,0.07700839795126857,0.07700839795126857,0.31006724465958424,FALSE,FALSE
1998-01-29,East_Antarctica,0.739518062,0.08125421111955311,0.08125421111955311,0.31006724465958424,FALSE,FALSE
1998-01-30,East_Antarctica,0.724380094,0.07446475042735567,0.07446475042735567,0.31006724465958424,FALSE,FALSE
1998-01-31,East_Antarctica,0.711663768,0.06988614559862749,0.06988614559862749,0.31006724465958424,FALSE,FALSE
1998-02-01,East_Antarctica,0.703839797,0.06999133035732019,0.06999133035732019,0.31006724465958424,FALSE,FALSE
1998-02-02,East_Antarctica,0.714122699,0.08799704342738346,0.08799704342738346,0.31006724465958424,FALSE,FALSE
1998-02-03,East_Antarctica,0.711025187,0.09241821853276944,0.09241821853276944,0.31006724465958424,FALSE,FALSE
1998-02-04,East_Antarctica,0.701820736,0.09053055139742816,0.09053055139742816,0.31006724465958424,FALSE,FALSE
1998-02-05,East_Antarctica,0.691567479,0.08739439574531038,0.08739439574531038,0.31006724465958424,FALSE,FALSE
1998-02-06,East_Antarctica,0.708017645,0.1107642013003668,0.1107642013003668,0.31006724465958424,FALSE,FALSE
1998-02-07,East_Antarctica,0.711625004,0.12109595878654889,0.12109595878654889,0.31006724465958424,FALSE,FALSE
1998-02-08,East_Antarctica,0.719490085,0.1354922786808398,0.1354922786808398,0.31006724465958424,FALSE,FALSE
1998-02-09,East_Antarctica,0.718196001,0.1405199716127623,0.1405199716127623,0.31006724465958424,FALSE,FALSE
1998-02-10,East_Antarctica,0.70776842,0.13615184215454768,0.13615184215454768,0.31006724465958424,FALSE,FALSE
1998-02-11,East_Antarctica,0.685223077,0.11934643913291564,0.11934643913291564,0.31006724465958424,FALSE,FALSE
1998-02-12,East_Antarctica,0.687762629,0.12724923337458605,0.12724923337458605,0.31006724465958424,FALSE,FALSE
1998-02-13,East_Antarctica,0.689831814,0.13424777670627752,0.13424777670627752,0.31006724465958424,FALSE,FALSE
1998-02-14,East_Antarctica,0.686630321,0.13548457195471064,0.13548457195471064,0.31006724465958424,FALSE,FALSE
1998-02-15,East_Antarctica,0.662139171,0.11488345394660436,0.11488345394660436,0.31006724465958424,FALSE,FALSE
1998-02-16,East_Antarctica,0.640964931,0.09699380350867716,0.09699380350867716,0.31006724465958424,FALSE,FALSE
1998-02-17,East_Antarctica,0.637472642,0.09612347546765,0.09612347546765,0.31006724465958424,FALSE,FALSE
1998-02-18,East_Antarctica,0.633491882,0.0940448616502414,0.0940448616502414,0.31006724465958424,FALSE,FALSE
1998-02-19,East_Antarctica,0.634228656,0.09590678088317216,0.09590678088317216,0.31006724465958424,FALSE,FALSE
1998-02-20,East_Antarctica,0.647563247,0.10953232999316054,0.10953232999316054,0.31006724465958424,FALSE,FALSE
1998-02-21,East_Antarctica,0.645070033,0.10644177649541532,0.10644177649541532,0.31006724465958424,FALSE,FALSE
1998-02-22,East_Antarctica,0.626375972,0.08624525642417324,0.08624525642417324,0.31006724465958424,FALSE,FALSE
1998-02-23,East_Antarctica,0.639244678,0.09671436776374298,0.09671436776374298,0.31006724465958424,FALSE,FALSE
1998-02-24,East_Antarctica,0.652187654,0.10636904591489028,0.10636904591489028,0.31006724465958424,FALSE,FALSE
1998-02-25,East_Antarctica,0.634542588,0.08455541127838118,0.08455541127838118,0.31006724465958424,FALSE,FALSE
1998-02-26,East_Antarctica,0.611980112,0.05695252825498354,0.05695252825498354,0.31006724465958424,FALSE,FALSE
1998-02-27,East_Antarctica,0.614333603,0.05340220624546166,0.05340220624546166,0.31006724465958424,FALSE,FALSE
1998-02-28,East_Antarctica,0.621083306,0.05339312265058327,0.05339312265058327,0.31006724465958424,FALSE,FALSE
1998-03-01,East_Antarctica,0.652209438,0.07691392687111487,0.07691392687111487,0.31006724465958424,FALSE,FALSE
1998-03-02,East_Antarctica,0.684380908,0.10064196030782212,0.10064196030782212,0.31006724465958424,FALSE,FALSE
1998-03-03,East_Antarctica,0.709260449,0.11624838836147244,0.11624838836147244,0.31006724465958424,FALSE,FALSE
1998-03-04,East_Antarctica,0.745738956,0.14263253843283086,0.14263253843283086,0.31006724465958424,FALSE,FALSE
1998-03-05,East_Antarctica,0.768943129,0.1549295470654326,0.1549295470654326,0.31006724465958424,FALSE,FALSE
1998-03-06,East_Antarctica,0.764282677,0.13857297038330396,0.13857297038330396,0.31006724465958424,FALSE,FALSE
1998-03-07,East_Antarctica,0.776367229,0.13824645550681658,0.13824645550681658,0.31006724465958424,FALSE,FALSE
1998-03-08,East_Antarctica,0.82140003,0.1702374583200723,0.1702374583200723,0.31006724465958424,FALSE,FALSE
1998-03-09,East_Antarctica,0.886104423,0.22135353270717129,0.22135353270717129,0.31006724465958424,FALSE,FALSE
1998-03-10,East_Antarctica,0.881881689,0.20308017055221472,0.20308017055221472,0.31006724465958424,FALSE,FALSE
1998-03-11,East_Antarctica,0.923494896,0.2302646507393047,0.2302646507393047,0.31006724465958424,FALSE,FALSE
1998-03-12,East_Antarctica,0.942274712,0.23432185215254253,0.23432185215254253,0.31006724465958424,FALSE,FALSE
1998-03-13,East_Antarctica,0.872568311,0.14968315967602708,0.14968315967602708,0.31006724465958424,FALSE,FALSE
1998-03-14,East_Antarctica,0.888802815,0.15085990619386147,0.15085990619386147,0.31006724465958424,FALSE,FALSE
1998-03-15,East_Antarctica,0.899234446,0.14619252459014576,0.14619252459014576,0.31006724465958424,FALSE,FALSE
1998-03-16,East_Antarctica,0.91609959,0.14800161174898074,0.14800161174898074,0.31006724465958424,FALSE,FALSE
1998-03-17,East_Antarctica,0.922532246,0.1395053775544698,0.1395053775544698,0.31006724465958424,FALSE,FALSE
1998-03-18,East_Antarctica,0.944667208,0.14692037639107236,0.14692037639107236,0.31006724465958424,FALSE,FALSE
1998-03-19,East_Antarctica,0.946646997,0.13440968877196047,0.13440968877196047,0.31006724465958424,FALSE,FALSE
1998-03-20,East_Antarctica,0.948429112,0.12188735658633576,0.12188735658633576,0.31006724465958424,FALSE,FALSE
1998-03-21,East_Antarctica,0.965938546,0.12523190171600806,0.12523190171600806,0.31006724465958424,FALSE,FALSE
1998-03-22,East_Antarctica,0.984034348,0.12925590204278514,0.12925590204278514,0.31006724465958424,FALSE,FALSE
1998-03-23,East_Antarctica,0.992472601,0.1236689694484754,0.1236689694484754,0.31006724465958424,FALSE,FALSE
1998-03-24,East_Antarctica,0.999727391,0.116898718814888,0.116898718814888,0.31006724465958424,FALSE,FALSE
1998-03-25,East_Antarctica,1.023222575,0.12632253602383203,0.12632253602383203,0.31006724465958424,FALSE,FALSE
1998-03-26,East_Antarctica,1.046758662,0.13569445895711396,0.13569445895711396,0.31006724465958424,FALSE,FALSE
1998-03-27,East_Antarctica,1.063662167,0.13829453149654558,0.13829453149654558,0.31006724465958424,FALSE,FALSE
1998-03-28,East_Antarctica,1.0798848109999999,0.14002800352393197,0.14002800352393197,0.31006724465958424,FALSE,FALSE
1998-03-29,East_Antarctica,1.114210272,0.1596320819210839,0.1596320819210839,0.31006724465958424,FALSE,FALSE
1998-03-30,East_Antarctica,1.140123732,0.17054547756981042,0.17054547756981042,0.31006724465958424,FALSE,FALSE
1998-03-31,East_Antarctica,1.160591389,0.1756966467354597,0.1756966467354597,0.31006724465958424,FALSE,FALSE
1998-04-01,East_Antarctica,1.171945848,0.17142816778387693,0.17142816778387693,0.31006724465958424,FALSE,FALSE
1998-04-02,East_Antarctica,1.185756906,0.16933603215887927,0.16933603215887927,0.31006724465958424,FALSE,FALSE
1998-04-03,East_Antarctica,1.203168529,0.170590413714238,0.170590413714238,0.31006724465958424,FALSE,FALSE
1998-04-04,East_Antarctica,1.213312367,0.16434917030372387,0.16434917030372387,0.31006724465958424,FALSE,FALSE
1998-04-05,East_Antarctica,1.228911126,0.16336121578111018,0.16336121578111018,0.31006724465958424,FALSE,FALSE
1998-04-06,East_Antarctica,1.228845253,0.1465332050001673,0.1465332050001673,0.31006724465958424,FALSE,FALSE
1998-04-07,East_Antarctica,1.23847258,0.13924917781466628,0.13924917781466628,0.31006724465958424,FALSE,FALSE
1998-04-08,East_Antarctica,1.248709932,0.13245216707838048,0.13245216707838048,0.31006724465958424,FALSE,FALSE
1998-04-09,East_Antarctica,1.266818705,0.13342977664508093,0.13342977664508093,0.31006724465958424,FALSE,FALSE
1998-04-10,East_Antarctica,1.29138091,0.1407902253685378,0.1407902253685378,0.31006724465958424,FALSE,FALSE
1998-04-11,East_Antarctica,1.299633391,0.13179656510252546,0.13179656510252546,0.31006724465958424,FALSE,FALSE
1998-04-12,East_Antarctica,1.299576714,0.11447540718893644,0.11447540718893644,0.31006724465958424,FALSE,FALSE
1998-04-13,East_Antarctica,1.326022578,0.12365291371035836,0.12365291371035836,0.31006724465958424,FALSE,FALSE
1998-04-14,East_Antarctica,1.34996218,0.13031565149878843,0.13031565149878843,0.31006724465958424,FALSE,FALSE
1998-04-15,East_Antarctica,1.376656711,0.13971839799114716,0.13971839799114716,0.31006724465958424,FALSE,FALSE
1998-04-16,East_Antarctica,1.385613366,0.13136193462435952,0.13136193462435952,0.31006724465958424,FALSE,FALSE
1998-04-17,East_Antarctica,1.393013887,0.12142158983534455,0.12142158983534455,0.31006724465958424,FALSE,FALSE
1998-04-18,East_Antarctica,1.447050352,0.15808302806102725,0.15808302806102725,0.31006724465958424,FALSE,FALSE
1998-04-19,East_Antarctica,1.482837596,0.176454670738331,0.176454670738331,0.31006724465958424,FALSE,FALSE
1998-04-20,East_Antarctica,1.480894896,0.15704938130417645,0.15704938130417645,0.31006724465958424,FALSE,FALSE
1998-04-21,East_Antarctica,1.489039128,0.1476776221954863,0.1476776221954863,0.31006724465958424,FALSE,FALSE
1998-04-22,East_Antarctica,1.505714986,0.1467776738491835,0.1467776738491835,0.31006724465958424,FALSE,FALSE
1998-04-23,East_Antarctica,1.496100291,0.11952094370218869,0.11952094370218869,0.31006724465958424,FALSE,FALSE
1998-04-24,East_Antarctica,1.520486932,0.12619290719142762,0.12619290719142762,0.31006724465958424,FALSE,FALSE
1998-04-25,East_Antarctica,1.52566366,0.11357650791392192,0.11357650791392192,0.31006724465958424,FALSE,FALSE
1998-04-26,East_Antarctica,1.546440763,0.11648198344951588,0.11648198344951588,0.31006724465958424,FALSE,FALSE
1998-04-27,East_Antarctica,1.582748834,0.13484305772042715,0.13484305772042715,0.31006724465958424,FALSE,FALSE
1998-04-28,East_Antarctica,1.607214893,0.14128991516080425,0.14128991516080425,0.31006724465958424,FALSE,FALSE
1998-04-29,East_Antarctica,1.624652002,0.1406387822047925,0.1406387822047925,0.31006724465958424,FALSE,FALSE
1998-04-30,East_Antarctica,1.634723836,0.13255649828654104,0.13255649828654104,0.31006724465958424,FALSE,FALSE
1998-05-01,East_Antarctica,1.650607493,0.13022332584019547,0.13022332584019547,0.31006724465958424,FALSE,FALSE
1998-05-02,East_Antarctica,1.673641272,0.13498072829990249,0.13498072829990249,0.31006724465958424,FALSE,FALSE
1998-05-03,East_Antarctica,1.731683911,0.17469060809981185,0.17469060809981185,0.31006724465958424,FALSE,FALSE
1998-05-04,East_Antarctica,1.761907125,0.1865278446740677,0.1865278446740677,0.31006724465958424,FALSE,FALSE
1998-05-05,East_Antarctica,1.757570979,0.16375566745681858,0.16375566745681858,0.31006724465958424,FALSE,FALSE
1998-05-06,East_Antarctica,1.760209914,0.14791168188221215,0.14791168188221215,0.31006724465958424,FALSE,FALSE
1998-05-07,East_Antarctica,1.750107597,0.1192827223809001,0.1192827223809001,0.31006724465958424,FALSE,FALSE
1998-05-08,East_Antarctica,1.743791339,0.09440093798282656,0.09440093798282656,0.31006724465958424,FALSE,FALSE
1998-05-09,East_Antarctica,1.784770921,0.11678539397198497,0.11678539397198497,0.31006724465958424,FALSE,FALSE
1998-05-10,East_Antarctica,1.82285387,0.13625363320137707,0.13625363320137707,0.31006724465958424,FALSE,FALSE
1998-05-11,East_Antarctica,1.848961479,0.14373696452400786,0.14373696452400786,0.31006724465958424,FALSE,FALSE
1998-05-12,East_Antarctica,1.8635263,0.13967795579287978,0.13967795579287978,0.31006724465958424,FALSE,FALSE
1998-05-13,East_Antarctica,1.88098413,0.13852241986099978,0.13852241986099978,0.31006724465958424,FALSE,FALSE
1998-05-14,East_Antarctica,1.92264904,0.1615944435813692,0.1615944435813692,0.31006724465958424,FALSE,FALSE
1998-05-15,East_Antarctica,1.952300104,0.17268311680699333,0.17268311680699333,0.31006724465958424,FALSE,FALSE
1998-05-16,East_Antarctica,1.977411365,0.17927249839087378,0.17927249839087378,0.31006724465958424,FALSE,FALSE
1998-05-17,East_Antarctica,1.99822149,0.18161127118601827,0.18161127118601827,0.31006724465958424,FALSE,FALSE
1998-05-18,East_Antarctica,2.021970663,0.18694963504542472,0.18694963504542472,0.31006724465958424,FALSE,FALSE
1998-05-19,East_Antarctica,2.012776605,0.1594153268221028,0.1594153268221028,0.31006724465958424,FALSE,FALSE
1998-05-20,East_Antarctica,2.004797136,0.13317661195129382,0.13317661195129382,0.31006724465958424,FALSE,FALSE
1998-05-21,East_Antarctica,1.974881059,0.08510057759043588,0.08510057759043588,0.31006724465958424,FALSE,FALSE
1998-05-22,East_Antarctica,1.964734925,0.0569189074614671,0.0569189074614671,0.31006724465958424,FALSE,FALSE
1998-05-23,East_Antarctica,1.958918007,0.03321623770434745,0.03321623770434745,0.31006724465958424,FALSE,FALSE
1998-05-24,East_Antarctica,1.943452742,4.0368459022888104e-5,4.0368459022888104e-5,0.31006724465958424,FALSE,FALSE
1998-05-25,East_Antarctica,1.979264745,0.01834227786544873,0.01834227786544873,0.31006724465958424,FALSE,FALSE
1998-05-26,East_Antarctica,2.030857952,0.05265126506357842,0.05265126506357842,0.31006724465958424,FALSE,FALSE
1998-05-27,East_Antarctica,2.079641347,0.08440167719336578,0.08440167719336578,0.31006724465958424,FALSE,FALSE
1998-05-28,East_Antarctica,2.138552866,0.1265568133947621,0.1265568133947621,0.31006724465958424,FALSE,FALSE
1998-05-29,East_Antarctica,2.167590552,0.1391400798077207,0.1391400798077207,0.31006724465958424,FALSE,FALSE
1998-05-30,East_Antarctica,2.160672607,0.11609504157219686,0.11609504157219686,0.31006724465958424,FALSE,FALSE
1998-05-31,East_Antarctica,2.123930517,0.06357854782813943,0.06357854782813943,0.31006724465958424,FALSE,FALSE
1998-06-01,East_Antarctica,2.095603683,0.01985536271550581,0.01985536271550581,0.31006724465958424,FALSE,FALSE
1998-06-02,East_Antarctica,2.127360969,0.03660727828738563,0.03660727828738563,0.31006724465958424,FALSE,FALSE
1998-06-03,East_Antarctica,2.167595688,0.06218537019354508,0.06218537019354508,0.31006724465958424,FALSE,FALSE
1998-06-04,East_Antarctica,2.192376611,0.07260087973658935,0.07260087973658935,0.31006724465958424,FALSE,FALSE
1998-06-05,East_Antarctica,2.242230694,0.10832323265265664,0.10832323265265664,0.31006724465958424,FALSE,FALSE
1998-06-06,East_Antarctica,2.26413086,0.1162678216778823,0.1162678216778823,0.31006724465958424,FALSE,FALSE
1998-06-07,East_Antarctica,2.26940755,0.10770755754840566,0.10770755754840566,0.31006724465958424,FALSE,FALSE
1998-06-08,East_Antarctica,2.294070644,0.1185947900003632,0.1185947900003632,0.31006724465958424,FALSE,FALSE
1998-06-09,East_Antarctica,2.251358014,0.06210986076989089,0.06210986076989089,0.31006724465958424,FALSE,FALSE
1998-06-10,East_Antarctica,2.288023357,0.0849489365931313,0.0849489365931313,0.31006724465958424,FALSE,FALSE
1998-06-11,East_Antarctica,2.286550048,0.06953786220621572,0.06953786220621572,0.31006724465958424,FALSE,FALSE
1998-06-12,East_Antarctica,2.310667211,0.07954823134528555,0.07954823134528555,0.31006724465958424,FALSE,FALSE
1998-06-13,East_Antarctica,2.353825731,0.108373398746477,0.108373398746477,0.31006724465958424,FALSE,FALSE
1998-06-14,East_Antarctica,2.336394892,0.0763262504097657,0.0763262504097657,0.31006724465958424,FALSE,FALSE
1998-06-15,East_Antarctica,2.357180093,0.08220570222096057,0.08220570222096057,0.31006724465958424,FALSE,FALSE
1998-06-16,East_Antarctica,2.373238229,0.08313064208220933,0.08313064208220933,0.31006724465958424,FALSE,FALSE
1998-06-17,East_Antarctica,2.394715753,0.08931447709979468,0.08931447709979468,0.31006724465958424,FALSE,FALSE
1998-06-18,East_Antarctica,2.452915092,0.13212658838001445,0.13212658838001445,0.31006724465958424,FALSE,FALSE
1998-06-19,East_Antarctica,2.492406363,0.15620404702914925,0.15620404702914925,0.31006724465958424,FALSE,FALSE
1998-06-20,East_Antarctica,2.509553671,0.15797791215348989,0.15797791215348989,0.31006724465958424,FALSE,FALSE
1998-06-21,East_Antarctica,2.513844279,0.1470024008593267,0.1470024008593267,0.31006724465958424,FALSE,FALSE
1998-06-22,East_Antarctica,2.515174241,0.1332405212529446,0.1332405212529446,0.31006724465958424,FALSE,FALSE
1998-06-23,East_Antarctica,2.470750673,0.07396634344063457,0.07396634344063457,0.31006724465958424,FALSE,FALSE
1998-06-24,East_Antarctica,2.447391524,0.03606477052868495,0.03606477052868495,0.31006724465958424,FALSE,FALSE
1998-06-25,East_Antarctica,2.437385864,0.01189182662338117,0.01189182662338117,0.31006724465958424,FALSE,FALSE
1998-06-26,East_Antarctica,2.445956784,0.00673755683101706,0.00673755683101706,0.31006724465958424,FALSE,FALSE
1998-06-27,East_Antarctica,2.447594095,-0.00485079349935402,0.00485079349935402,0.31006724465958424,FALSE,FALSE
1998-06-28,East_Antarctica,2.463885538,-0.00129998511464135,0.00129998511464135,0.31006724465958424,FALSE,FALSE
1998-06-29,East_Antarctica,2.499525129,0.02203662580830556,0.02203662580830556,0.31006724465958424,FALSE,FALSE
1998-06-30,East_Antarctica,2.56234511,0.0729437400889843,0.0729437400889843,0.31006724465958424,FALSE,FALSE
1998-07-01,East_Antarctica,2.621387635,0.12041597054688637,0.12041597054688637,0.31006724465958424,FALSE,FALSE
1998-07-02,East_Antarctica,2.655690461,0.1434435330015007,0.1434435330015007,0.31006724465958424,FALSE,FALSE
1998-07-03,East_Antarctica,2.67085245,0.14757774827232462,0.14757774827232462,0.31006724465958424,FALSE,FALSE
1998-07-04,East_Antarctica,2.692879047,0.15877652017884802,0.15877652017884802,0.31006724465958424,FALSE,FALSE
1998-07-05,East_Antarctica,2.688764632,0.14398668754056532,0.14398668754056532,0.31006724465958424,FALSE,FALSE
1998-07-06,East_Antarctica,2.713735448,0.15838695217696808,0.15838695217696808,0.31006724465958424,FALSE,FALSE
1998-07-07,East_Antarctica,2.731280947,0.1654192249075499,0.1654192249075499,0.31006724465958424,FALSE,FALSE
1998-07-08,East_Antarctica,2.715884915,0.1395197505518042,0.1395197505518042,0.31006724465958424,FALSE,FALSE
1998-07-09,East_Antarctica,2.700710419,0.11380411237337328,0.11380411237337328,0.31006724465958424,FALSE,FALSE
1998-07-10,East_Antarctica,2.725678843,0.1281573832574736,0.1281573832574736,0.31006724465958424,FALSE,FALSE
1998-07-11,East_Antarctica,2.774987276,0.16676479208614747,0.16676479208614747,0.31006724465958424,FALSE,FALSE
1998-07-12,East_Antarctica,2.831418774,0.21240077049603381,0.21240077049603381,0.31006724465958424,FALSE,FALSE
1998-07-13,East_Antarctica,2.902717001,0.2728003581237721,0.2728003581237721,0.31006724465958424,FALSE,FALSE
1998-07-14,East_Antarctica,2.921617395,0.2806903686060074,0.2806903686060074,0.31006724465958424,FALSE,FALSE
1998-07-15,East_Antarctica,2.946742137,0.2946843585793797,0.2946843585793797,0.31006724465958424,FALSE,FALSE
1998-07-16,East_Antarctica,2.981333845,0.31801632168053207,0.31801632168053207,0.31006724465958424,TRUE,FALSE
1998-07-17,East_Antarctica,3.032915995,0.35820110954610396,0.35820110954610396,0.31006724465958424,TRUE,FALSE
1998-07-18,East_Antarctica,3.010602279,0.3243437898127395,0.3243437898127395,0.31006724465958424,TRUE,FALSE
1998-07-19,East_Antarctica,2.99008133,0.29212437111707823,0.29212437111707823,0.31006724465958424,FALSE,FALSE
1998-07-20,East_Antarctica,2.99536147,0.28554255109576365,0.28554255109576365,0.31006724465958424,FALSE,FALSE
1998-07-21,East_Antarctica,2.997080633,0.2752276393854358,0.2752276393854358,0.31006724465958424,FALSE,FALSE
1998-07-22,East_Antarctica,3.01503396,0.2809687092139739,0.2809687092139739,0.31006724465958424,FALSE,FALSE
1998-07-23,East_Antarctica,3.065862686,0.3194362146425065,0.3194362146425065,0.31006724465958424,TRUE,TRUE
1998-07-24,East_Antarctica,3.141595073,0.3827133587053031,0.3827133587053031,0.31006724465958424,TRUE,TRUE
1998-07-25,East_Antarctica,3.160099505,0.3887240499110755,0.3887240499110755,0.31006724465958424,TRUE,TRUE
1998-07-26,East_Antarctica,3.156333258,0.3724810887685353,0.3724810887685353,0.31006724465958424,TRUE,TRUE
1998-07-27,East_Antarctica,3.183276081,0.387019748786388,0.387019748786388,0.31006724465958424,TRUE,TRUE
1998-07-28,East_Antarctica,3.196205437,0.3876730174733467,0.3876730174733467,0.31006724465958424,TRUE,TRUE
1998-07-29,East_Antarctica,3.202526171,0.381901264338123,0.381901264338123,0.31006724465958424,TRUE,TRUE
1998-07-30,East_Antarctica,3.221368196,0.3888899268894237,0.3888899268894237,0.31006724465958424,TRUE,TRUE
1998-07-31,East_Antarctica,3.251854451,0.4078174686359613,0.4078174686359613,0.31006724465958424,TRUE,TRUE
1998-08-01,East_Antarctica,3.225252139,0.3700066170864469,0.3700066170864469,0.31006724465958424,TRUE,TRUE
1998-08-02,East_Antarctica,3.158586562,0.29253819874958564,0.29253819874958564,0.31006724465958424,FALSE,FALSE
1998-08-03,East_Antarctica,3.105558333,0.22916835040093145,0.22916835040093145,0.31006724465958424,FALSE,FALSE
1998-08-04,East_Antarctica,3.118362039,0.23212739038220853,0.23212739038220853,0.31006724465958424,FALSE,FALSE
1998-08-05,East_Antarctica,3.184563144,0.2889451150809381,0.2889451150809381,0.31006724465958424,FALSE,FALSE
1998-08-06,East_Antarctica,3.212325187,0.3077333015185384,0.3077333015185384,0.31006724465958424,FALSE,FALSE
1998-08-07,East_Antarctica,3.167453532,0.2542455517164295,0.2542455517164295,0.31006724465958424,FALSE,FALSE
1998-08-08,East_Antarctica,3.123689883,0.20217180769603085,0.20217180769603085,0.31006724465958424,FALSE,FALSE
1998-08-09,East_Antarctica,3.11716752,0.18759358747876265,0.18759358747876265,0.31006724465958424,FALSE,FALSE
1998-08-10,East_Antarctica,3.055872006,0.11844469208604248,0.11844469208604248,0.31006724465958424,FALSE,FALSE
1998-08-11,East_Antarctica,3.070708461,0.12557847953929135,0.12557847953929135,0.31006724465958424,FALSE,FALSE
1998-08-12,East_Antarctica,3.092341063,0.13960736585992797,0.13960736585992797,0.31006724465958424,FALSE,FALSE
1998-08-13,East_Antarctica,3.108006104,0.1477158810693715,0.1477158810693715,0.31006724465958424,FALSE,FALSE
1998-08-14,East_Antarctica,3.102514929,0.13466360818904333,0.13466360818904333,0.31006724465958424,FALSE,FALSE
1998-08-15,East_Antarctica,3.138028238,0.162559485240362,0.162559485240362,0.31006724465958424,FALSE,FALSE
1998-08-16,East_Antarctica,3.131231367,0.14803861854047184,0.14803861854047184,0.31006724465958424,FALSE,FALSE
1998-08-17,East_Antarctica,3.10812758,0.11709958583431312,0.11709958583431312,0.31006724465958424,FALSE,FALSE
1998-08-18,East_Antarctica,3.101662409,0.1027353609118089,0.1027353609118089,0.31006724465958424,FALSE,FALSE
1998-08-19,East_Antarctica,3.138527767,0.13168815531448486,0.13168815531448486,0.31006724465958424,FALSE,FALSE
1998-08-20,East_Antarctica,3.152906089,0.13819070258387578,0.13819070258387578,0.31006724465958424,FALSE,FALSE
1998-08-21,East_Antarctica,3.219999973,0.19749589926151057,0.19749589926151057,0.31006724465958424,FALSE,FALSE
1998-08-22,East_Antarctica,3.243294699,0.2131393238889192,0.2131393238889192,0.31006724465958424,FALSE,FALSE
1998-08-23,East_Antarctica,3.28541082,0.2477918280076321,0.2477918280076321,0.31006724465958424,FALSE,FALSE
1998-08-24,East_Antarctica,3.317342452,0.2724978261591815,0.2724978261591815,0.31006724465958424,FALSE,FALSE
1998-08-25,East_Antarctica,3.318948877,0.26716689888509704,0.26716689888509704,0.31006724465958424,FALSE,FALSE
1998-08-26,East_Antarctica,3.294757584,0.2363768337269092,0.2363768337269092,0.31006724465958424,FALSE,FALSE
1998-08-27,East_Antarctica,3.233605018,0.1690143742261485,0.1690143742261485,0.31006724465958424,FALSE,FALSE
1998-08-28,East_Antarctica,3.179804591,0.10944323092434782,0.10944323092434782,0.31006724465958424,FALSE,FALSE
1998-08-29,East_Antarctica,3.19002587,0.11437427773806474,0.11437427773806474,0.31006724465958424,FALSE,FALSE
1998-08-30,East_Antarctica,3.140316002,0.05984132022076238,0.05984132022076238,0.31006724465958424,FALSE,FALSE
1998-08-31,East_Antarctica,3.091265404,0.00640090079498723,0.00640090079498723,0.31006724465958424,FALSE,FALSE
1998-09-01,East_Antarctica,3.121159235,0.0323042670535898,0.0323042670535898,0.31006724465958424,FALSE,FALSE
1998-09-02,East_Antarctica,3.105435444,0.01295545658942254,0.01295545658942254,0.31006724465958424,FALSE,FALSE
1998-09-03,East_Antarctica,3.124195196,0.02842172299533452,0.02842172299533452,0.31006724465958424,FALSE,FALSE
1998-09-04,East_Antarctica,3.188723385,0.08995404886418124,0.08995404886418124,0.31006724465958424,FALSE,FALSE
1998-09-05,East_Antarctica,3.2521614150000002,0.1506599267888129,0.1506599267888129,0.31006724465958424,FALSE,FALSE
1998-09-06,East_Antarctica,3.300410224,0.1964063833620795,0.1964063833620795,0.31006724465958424,FALSE,FALSE
1998-09-07,East_Antarctica,3.347975243,0.24166493817683457,0.24166493817683457,0.31006724465958424,FALSE,FALSE
1998-09-08,East_Antarctica,3.353532112,0.2450773198259255,0.2450773198259255,0.31006724465958424,FALSE,FALSE
1998-09-09,East_Antarctica,3.335322151,0.2248509369022118,0.2248509369022118,0.31006724465958424,FALSE,FALSE
1998-09-10,East_Antarctica,3.307474296,0.19508086580647532,0.19508086580647532,0.31006724465958424,FALSE,FALSE
1998-09-11,East_Antarctica,3.279636459,0.16538607715217957,0.16538607715217957,0.31006724465958424,FALSE,FALSE
1998-09-12,East_Antarctica,3.272236552,0.15617444159008942,0.15617444159008942,0.31006724465958424,FALSE,FALSE
1998-09-13,East_Antarctica,3.360965409,0.2431176888673092,0.2431176888673092,0.31006724465958424,FALSE,FALSE
1998-09-14,East_Antarctica,3.437270001,0.3176436857309457,0.3176436857309457,0.31006724465958424,TRUE,FALSE
1998-09-15,East_Antarctica,3.441386041,0.3199690409280995,0.3199690409280995,0.31006724465958424,TRUE,FALSE
1998-09-16,East_Antarctica,3.429337636,0.3060987572058784,0.3060987572058784,0.31006724465958424,FALSE,FALSE
1998-09-17,East_Antarctica,3.406216799,0.28110574331138505,0.28110574331138505,0.31006724465958424,FALSE,FALSE
1998-09-18,East_Antarctica,3.441843413,0.3147907779917243,0.3147907779917243,0.31006724465958424,TRUE,TRUE
1998-09-19,East_Antarctica,3.475992291,0.346909569994001,0.346909569994001,0.31006724465958424,TRUE,TRUE
1998-09-20,East_Antarctica,3.480098216,0.3488777980653208,0.3488777980653208,0.31006724465958424,TRUE,TRUE
1998-09-21,East_Antarctica,3.47702524,0.34354040995278545,0.34354040995278545,0.31006724465958424,TRUE,TRUE
1998-09-22,East_Antarctica,3.469796257,0.3339011954035005,0.3339011954035005,0.31006724465958424,TRUE,TRUE
1998-09-23,East_Antarctica,3.471403878,0.33293974812016325,0.33293974812016325,0.31006724465958424,TRUE,TRUE
1998-09-24,East_Antarctica,3.468398467,0.32725858251289486,0.32725858251289486,0.31006724465958424,TRUE,TRUE
1998-09-25,East_Antarctica,3.44654752,0.3027168767249031,0.3027168767249031,0.31006724465958424,FALSE,FALSE
1998-09-26,East_Antarctica,3.422704647,0.2762604775732269,0.2762604775732269,0.31006724465958424,FALSE,FALSE
1998-09-27,East_Antarctica,3.421233158,0.27234493187489983,0.27234493187489983,0.31006724465958424,FALSE,FALSE
1998-09-28,East_Antarctica,3.463874135,0.3128035584469617,0.3128035584469617,0.31006724465958424,TRUE,TRUE
1998-09-29,East_Antarctica,3.506458671,0.35355968710644703,0.35355968710644703,0.31006724465958424,TRUE,TRUE
1998-09-30,East_Antarctica,3.564687898,0.4104066866703939,0.4104066866703939,0.31006724465958424,TRUE,TRUE
1998-10-01,East_Antarctica,3.605507402,0.4503823799558382,0.4503823799558382,0.31006724465958424,TRUE,TRUE
1998-10-02,East_Antarctica,3.615154573,0.4598163937798172,0.4598163937798172,0.31006724465958424,TRUE,TRUE
1998-10-03,East_Antarctica,3.598221805,0.4433933589593697,0.4433933589593697,0.31006724465958424,TRUE,TRUE
1998-10-04,East_Antarctica,3.562592637,0.4090890513115269,0.4090890513115269,0.31006724465958424,TRUE,TRUE
1998-10-05,East_Antarctica,3.554830307,0.4035589178925414,0.4035589178925414,0.31006724465958424,TRUE,TRUE
1998-10-06,East_Antarctica,3.580610549,0.4325373214857069,0.4325373214857069,0.31006724465958424,TRUE,TRUE
1998-10-07,East_Antarctica,3.549280453,0.4053312028460696,0.4053312028460696,0.31006724465958424,TRUE,TRUE
1998-10-08,East_Antarctica,3.492308642,0.3533509644831936,0.3533509644831936,0.31006724465958424,TRUE,TRUE
1998-10-09,East_Antarctica,3.507719547,0.3745628169066424,0.3745628169066424,0.31006724465958424,TRUE,TRUE
1998-10-10,East_Antarctica,3.49556263,0.36895800162598213,0.36895800162598213,0.31006724465958424,TRUE,TRUE
1998-10-11,East_Antarctica,3.488210158,0.3688505651507783,0.3688505651507783,0.31006724465958424,TRUE,TRUE
1998-10-12,East_Antarctica,3.509195116,0.3977152719905898,0.3977152719905898,0.31006724465958424,TRUE,TRUE
1998-10-13,East_Antarctica,3.516101915,0.413078312654985,0.413078312654985,0.31006724465958424,TRUE,TRUE
1998-10-14,East_Antarctica,3.50315195,0.40910286165352794,0.40910286165352794,0.31006724465958424,TRUE,TRUE
1998-10-15,East_Antarctica,3.512629127,0.428014604495782,0.428014604495782,0.31006724465958424,TRUE,TRUE
1998-10-16,East_Antarctica,3.495699702,0.4209215766913154,0.4209215766913154,0.31006724465958424,TRUE,TRUE
1998-10-17,East_Antarctica,3.463642154,0.399044036749685,0.399044036749685,0.31006724465958424,TRUE,TRUE
1998-10-18,East_Antarctica,3.420554429,0.3664250100249187,0.3664250100249187,0.31006724465958424,TRUE,TRUE
1998-10-19,East_Antarctica,3.424894556,0.38153769258954817,0.38153769258954817,0.31006724465958424,TRUE,TRUE
1998-10-20,East_Antarctica,3.406830254,0.3746319754466012,0.3746319754466012,0.31006724465958424,TRUE,TRUE
1998-10-21,East_Antarctica,3.383488752,0.3629199424948686,0.3629199424948686,0.31006724465958424,TRUE,TRUE
1998-10-22,East_Antarctica,3.369332086,0.3609484846331341,0.3609484846331341,0.31006724465958424,TRUE,TRUE
1998-10-23,East_Antarctica,3.375718275,0.38016047576019174,0.38016047576019174,0.31006724465958424,TRUE,TRUE
1998-10-24,East_Antarctica,3.330075645,0.3480690967748252,0.3480690967748252,0.31006724465958424,TRUE,TRUE
1998-10-25,East_Antarctica,3.310171295,0.34252630157582376,0.34252630157582376,0.31006724465958424,TRUE,TRUE
1998-10-26,East_Antarctica,3.257921517,0.30553323706197766,0.30553323706197766,0.31006724465958424,FALSE,FALSE
1998-10-27,East_Antarctica,3.213284918,0.27713336513207176,0.27713336513207176,0.31006724465958424,FALSE,FALSE
1998-10-28,East_Antarctica,3.202587405,0.2837374476848957,0.2837374476848957,0.31006724465958424,FALSE,FALSE
1998-10-29,East_Antarctica,3.170685436,0.27028679761923735,0.27028679761923735,0.31006724465958424,FALSE,FALSE
1998-10-30,East_Antarctica,3.161243505,0.28053076383388476,0.28053076383388476,0.31006724465958424,FALSE,FALSE
1998-10-31,East_Antarctica,3.119164038,0.2594442165802504,0.2594442165802504,0.31006724465958424,FALSE,FALSE
1998-11-01,East_Antarctica,3.063186286,0.22577776320849052,0.22577776320849052,0.31006724465958424,FALSE,FALSE
1998-11-02,East_Antarctica,2.989058307,0.17527205423930647,0.17527205423930647,0.31006724465958424,FALSE,FALSE
1998-11-03,East_Antarctica,2.945444388,0.15658396414918307,0.15658396414918307,0.31006724465958424,FALSE,FALSE
1998-11-04,East_Antarctica,2.936236625,0.17359817641461062,0.17359817641461062,0.31006724465958424,FALSE,FALSE
1998-11-05,East_Antarctica,2.938766752,0.20363901251207883,0.20363901251207883,0.31006724465958424,FALSE,FALSE
1998-11-06,East_Antarctica,2.891262803,0.1849270939180716,0.1849270939180716,0.31006724465958424,FALSE,FALSE
1998-11-07,East_Antarctica,2.861521985,0.1852522151090814,0.1852522151090814,0.31006724465958424,FALSE,FALSE
1998-11-08,East_Antarctica,2.802940232,0.1580028975615937,0.1580028975615937,0.31006724465958424,FALSE,FALSE
1998-11-09,East_Antarctica,2.76677544,0.1544296247520971,0.1544296247520971,0.31006724465958424,FALSE,FALSE
1998-11-10,East_Antarctica,2.782034493,0.20353186815708169,0.20353186815708169,0.31006724465958424,FALSE,FALSE
1998-11-11,East_Antarctica,2.755047613,0.2116324372530336,0.2116324372530336,0.31006724465958424,FALSE,FALSE
1998-11-12,East_Antarctica,2.725437988,0.21834619995173643,0.21834619995173643,0.31006724465958424,FALSE,FALSE
1998-11-13,East_Antarctica,2.679564716,0.2099737285929324,0.2099737285929324,0.31006724465958424,FALSE,FALSE
1998-11-14,East_Antarctica,2.594757112,0.16371034306557108,0.16371034306557108,0.31006724465958424,FALSE,FALSE
1998-11-15,East_Antarctica,2.547386936,0.15578758327227948,0.15578758327227948,0.31006724465958424,FALSE,FALSE
1998-11-16,East_Antarctica,2.52476945,0.17338049111568088,0.17338049111568088,0.31006724465958424,FALSE,FALSE
1998-11-17,East_Antarctica,2.461969223,0.15141341549840215,0.15141341549840215,0.31006724465958424,FALSE,FALSE
1998-11-18,East_Antarctica,2.38924197,0.12000185132306428,0.12000185132306428,0.31006724465958424,FALSE,FALSE
1998-11-19,East_Antarctica,2.327026147,0.09944403449229355,0.09944403449229355,0.31006724465958424,FALSE,FALSE
1998-11-20,East_Antarctica,2.277751816,0.09202980690871554,0.09202980690871554,0.31006724465958424,FALSE,FALSE
1998-11-21,East_Antarctica,2.240860101,0.0970600724749553,0.0970600724749553,0.31006724465958424,FALSE,FALSE
1998-11-22,East_Antarctica,2.194650011,0.09269362009363612,0.09269362009363612,0.31006724465958424,FALSE,FALSE
1998-11-23,East_Antarctica,2.142326308,0.08199499166738189,0.08199499166738189,0.31006724465958424,FALSE,FALSE
1998-11-24,East_Antarctica,2.06119507,0.04213004509881957,0.04213004509881957,0.31006724465958424,FALSE,FALSE
1998-11-25,East_Antarctica,2.020571744,0.04228249493433789,0.04228249493433789,0.31006724465958424,FALSE,FALSE
1998-11-26,East_Antarctica,1.959195753,0.02113181878923065,0.02113181878923065,0.31006724465958424,FALSE,FALSE
1998-11-27,East_Antarctica,1.913818482,0.01540555267813958,0.01540555267813958,0.31006724465958424,FALSE,FALSE
1998-11-28,East_Antarctica,1.851084258,-0.00827555197503282,0.00827555197503282,0.31006724465958424,FALSE,FALSE
1998-11-29,East_Antarctica,1.827335815,0.00640766325361119,0.00640766325361119,0.31006724465958424,FALSE,FALSE
1998-11-30,East_Antarctica,1.747911279,-0.03523025121202416,0.03523025121202416,0.31006724465958424,FALSE,FALSE
1998-12-01,East_Antarctica,1.649686644,-0.09633687694803994,0.09633687694803994,0.31006724465958424,FALSE,FALSE
1998-12-02,East_Antarctica,1.548030185,-0.1615675145305333,0.1615675145305333,0.31006724465958424,FALSE,FALSE
1998-12-03,East_Antarctica,1.505464651,-0.16842299053560517,0.16842299053560517,0.31006724465958424,FALSE,FALSE
1998-12-04,East_Antarctica,1.470003564,-0.16891335853935407,0.16891335853935407,0.31006724465958424,FALSE,FALSE
1998-12-05,East_Antarctica,1.45194205,-0.15276706811787788,0.15276706811787788,0.31006724465958424,FALSE,FALSE
1998-12-06,East_Antarctica,1.410051604,-0.16123619984727733,0.16123619984727733,0.31006724465958424,FALSE,FALSE
1998-12-07,East_Antarctica,1.360232731,-0.17844380031779641,0.17844380031779641,0.31006724465958424,FALSE,FALSE
1998-12-08,East_Antarctica,1.336953061,-0.16993834514303718,0.16993834514303718,0.31006724465958424,FALSE,FALSE
1998-12-09,East_Antarctica,1.317851721,-0.15807885597494886,0.15807885597494886,0.31006724465958424,FALSE,FALSE
1998-12-10,East_Antarctica,1.300324115,-0.14546542482190403,0.14546542482190403,0.31006724465958424,FALSE,FALSE
1998-12-11,East_Antarctica,1.28050091,-0.13596288069228302,0.13596288069228302,0.31006724465958424,FALSE,FALSE
1998-12-12,East_Antarctica,1.265931357,-0.1220174685944624,0.1220174685944624,0.31006724465958424,FALSE,FALSE
1998-12-13,East_Antarctica,1.262418853,-0.09782128753681651,0.09782128753681651,0.31006724465958424,FALSE,FALSE
1998-12-14,East_Antarctica,1.250269622,-0.08306360952772285,0.08306360952772285,0.31006724465958424,FALSE,FALSE
1998-12-15,East_Antarctica,1.238304445,-0.06891914957555767,0.06891914957555767,0.31006724465958424,FALSE,FALSE
1998-12-16,East_Antarctica,1.209487658,-0.07241906768869777,0.07241906768869777,0.31006724465958424,FALSE,FALSE
1998-12-17,East_Antarctica,1.170399444,-0.08697867687551919,0.08697867687551919,0.31006724465958424,FALSE,FALSE
1998-12-18,East_Antarctica,1.134880823,-0.0987524531444004,0.0987524531444004,0.31006724465958424,FALSE,FALSE
1998-12-19,East_Antarctica,1.09335012,-0.11731756750371504,0.11731756750371504,0.31006724465958424,FALSE,FALSE
1998-12-20,East_Antarctica,1.0880148,-0.10046124447833416,0.10046124447833416,0.31006724465958424,FALSE,FALSE
1998-12-21,East_Antarctica,1.066382983,-0.1006573015343586,0.1006573015343586,0.31006724465958424,FALSE,FALSE
1998-12-22,East_Antarctica,1.062636114,-0.08369605217681175,0.08369605217681175,0.31006724465958424,FALSE,FALSE
1998-12-23,East_Antarctica,1.054104625,-0.07221853925439792,0.07221853925439792,0.31006724465958424,FALSE,FALSE
1998-12-24,East_Antarctica,1.043868553,-0.06311620061581924,0.06311620061581924,0.31006724465958424,FALSE,FALSE
1998-12-25,East_Antarctica,1.003511892,-0.08477651710978074,0.08477651710978074,0.31006724465958424,FALSE,FALSE
1998-12-26,East_Antarctica,0.974697597,-0.09550800858498576,0.09550800858498576,0.31006724465958424,FALSE,FALSE
1998-12-27,East_Antarctica,0.945822437,-0.10688538089013944,0.10688538089013944,0.31006724465958424,FALSE,FALSE
1998-12-28,East_Antarctica,0.928940382,-0.10682613887394464,0.10682613887394464,0.31006724465958424,FALSE,FALSE
1998-12-29,East_Antarctica,0.902416937,-0.11693625238510352,0.11693625238510352,0.31006724465958424,FALSE,FALSE
1998-12-30,East_Antarctica,0.892749474,-0.11068982427232144,0.11068982427232144,0.31006724465958424,FALSE,FALSE
1998-12-31,East_Antarctica,0.898701983,-0.08929433938430453,0.08929433938430453,0.31006724465958424,FALSE,FALSE
1999-01-01,East_Antarctica,0.895616037,-0.07737969956975399,0.07737969956975399,0.31006724465958424,FALSE,FALSE
1999-01-02,East_Antarctica,0.89431184,-0.06409827865614792,0.06409827865614792,0.31006724465958424,FALSE,FALSE
1999-01-03,East_Antarctica,0.895489924,-0.04872653438607122,0.04872653438607122,0.31006724465958424,FALSE,FALSE
1999-01-04,East_Antarctica,0.898630322,-0.03176252648087874,0.03176252648087874,0.31006724465958424,FALSE,FALSE
1999-01-05,East_Antarctica,0.894944806,-0.02197257566192367,0.02197257566192367,0.31006724465958424,FALSE,FALSE
1999-01-06,East_Antarctica,0.889435573,-0.01433257765056883,0.01433257765056883,0.31006724465958424,FALSE,FALSE
1999-01-07,East_Antarctica,0.879091976,-0.01183127216816681,0.01183127216816681,0.31006724465958424,FALSE,FALSE
1999-01-08,East_Antarctica,0.876055224,-0.00230554293607465,0.00230554293607465,0.31006724465958424,FALSE,FALSE
1999-01-09,East_Antarctica,0.868683398,0.00262459832434891,0.00262459832434891,0.31006724465958424,FALSE,FALSE
1999-01-10,East_Antarctica,0.826855485,-0.02713995410824976,0.02713995410824976,0.31006724465958424,FALSE,FALSE
1999-01-11,East_Antarctica,0.823279064,-0.01886971395522974,0.01886971395522974,0.31006724465958424,FALSE,FALSE
1999-01-12,East_Antarctica,0.806999003,-0.02349790593794643,0.02349790593794643,0.31006724465958424,FALSE,FALSE
1999-01-13,East_Antarctica,0.799965088,-0.01905283677775704,0.01905283677775704,0.31006724465958424,FALSE,FALSE
1999-01-14,East_Antarctica,0.793273854,-0.01441639902744473,0.01441639902744473,0.31006724465958424,FALSE,FALSE
1999-01-15,East_Antarctica,0.801199656,0.00469531938867406,0.00469531938867406,0.31006724465958424,FALSE,FALSE
1999-01-16,East_Antarctica,0.791526904,0.00606123285841742,0.00606123285841742,0.31006724465958424,FALSE,FALSE
1999-01-17,East_Antarctica,0.772508459,-0.00207224521350257,0.00207224521350257,0.31006724465958424,FALSE,FALSE
1999-01-18,East_Antarctica,0.761655386,-0.00220049742237171,0.00220049742237171,0.31006724465958424,FALSE,FALSE
1999-01-19,East_Antarctica,0.76108806,0.00779040363652205,0.00779040363652205,0.31006724465958424,FALSE,FALSE
1999-01-20,East_Antarctica,0.744082721,0.00117025036789142,0.00117025036789142,0.31006724465958424,FALSE,FALSE
1999-01-21,East_Antarctica,0.710786411,-0.02192036282355047,0.02192036282355047,0.31006724465958424,FALSE,FALSE
1999-01-22,East_Antarctica,0.690286505,-0.03240050853309029,0.03240050853309029,0.31006724465958424,FALSE,FALSE
1999-01-23,East_Antarctica,0.707788449,-0.00507118835601616,0.00507118835601616,0.31006724465958424,FALSE,FALSE
1999-01-24,East_Antarctica,0.713248058,0.01001696511238514,0.01001696511238514,0.31006724465958424,FALSE,FALSE
1999-01-25,East_Antarctica,0.705323595,0.01151576727682657,0.01151576727682657,0.31006724465958424,FALSE,FALSE
1999-01-26,East_Antarctica,0.692645129,0.00804883954202151,0.00804883954202151,0.31006724465958424,FALSE,FALSE
1999-01-27,East_Antarctica,0.699209241,0.02360713419855276,0.02360713419855276,0.31006724465958424,FALSE,FALSE
1999-01-28,East_Antarctica,0.702210143,0.03538477795126849,0.03538477795126849,0.31006724465958424,FALSE,FALSE
1999-01-29,East_Antarctica,0.700422392,0.04215854111955308,0.04215854111955308,0.31006724465958424,FALSE,FALSE
1999-01-30,East_Antarctica,0.687733498,0.0378181544273557,0.0378181544273557,0.31006724465958424,FALSE,FALSE
1999-01-31,East_Antarctica,0.683400974,0.04162335159862751,0.04162335159862751,0.31006724465958424,FALSE,FALSE
1999-02-01,East_Antarctica,0.684602896,0.05075442935732022,0.05075442935732022,0.31006724465958424,FALSE,FALSE
1999-02-02,East_Antarctica,0.676668474,0.05054281842738339,0.05054281842738339,0.31006724465958424,FALSE,FALSE
1999-02-03,East_Antarctica,0.672433643,0.05382667453276946,0.05382667453276946,0.31006724465958424,FALSE,FALSE
1999-02-04,East_Antarctica,0.674226125,0.062935940397428225,0.062935940397428225,0.31006724465958424,FALSE,FALSE
1999-02-05,East_Antarctica,0.686275244,0.082102160745310293,0.082102160745310293,0.31006724465958424,FALSE,FALSE
1999-02-06,East_Antarctica,0.677947208,0.08069376430036679,0.08069376430036679,0.31006724465958424,FALSE,FALSE
1999-02-07,East_Antarctica,0.663244548,0.07271550278654892,0.07271550278654892,0.31006724465958424,FALSE,FALSE
1999-02-08,East_Antarctica,0.663180604,0.0791827976808398,0.0791827976808398,0.31006724465958424,FALSE,FALSE
1999-02-09,East_Antarctica,0.644403928,0.066727898612762293,0.066727898612762293,0.31006724465958424,FALSE,FALSE
1999-02-10,East_Antarctica,0.643275512,0.07165893415454772,0.07165893415454772,0.31006724465958424,FALSE,FALSE
1999-02-11,East_Antarctica,0.630513347,0.06463670913291564,0.06463670913291564,0.31006724465958424,FALSE,FALSE
1999-02-12,East_Antarctica,0.632332311,0.07181891537458607,0.07181891537458607,0.31006724465958424,FALSE,FALSE
1999-02-13,East_Antarctica,0.627967033,0.07238299570627749,0.07238299570627749,0.31006724465958424,FALSE,FALSE
1999-02-14,East_Antarctica,0.637605772,0.08646002295471067,0.08646002295471067,0.31006724465958424,FALSE,FALSE
1999-02-15,East_Antarctica,0.629754691,0.08249897394660444,0.08249897394660444,0.31006724465958424,FALSE,FALSE
1999-02-16,East_Antarctica,0.603153534,0.05918240650867723,0.05918240650867723,0.31006724465958424,FALSE,FALSE
1999-02-17,East_Antarctica,0.569447763,0.02809859646765,0.02809859646765,0.31006724465958424,FALSE,FALSE
1999-02-18,East_Antarctica,0.56567451,0.02622748965024146,0.02622748965024146,0.31006724465958424,FALSE,FALSE
1999-02-19,East_Antarctica,0.541998174,0.00367629888317222,0.00367629888317222,0.31006724465958424,FALSE,FALSE
1999-02-20,East_Antarctica,0.526831211,-0.0111997060068395,0.0111997060068395,0.31006724465958424,FALSE,FALSE
1999-02-21,East_Antarctica,0.528158461,-0.01046979550458471,0.01046979550458471,0.31006724465958424,FALSE,FALSE
1999-02-22,East_Antarctica,0.525774261,-0.01435645457582668,0.01435645457582668,0.31006724465958424,FALSE,FALSE
1999-02-23,East_Antarctica,0.554476662,0.01194635176374303,0.01194635176374303,0.31006724465958424,FALSE,FALSE
1999-02-24,East_Antarctica,0.567089092,0.02127048391489028,0.02127048391489028,0.31006724465958424,FALSE,FALSE
1999-02-25,East_Antarctica,0.579040153,0.02905297627838121,0.02905297627838121,0.31006724465958424,FALSE,FALSE
1999-02-26,East_Antarctica,0.631777521,0.07674993725498347,0.07674993725498347,0.31006724465958424,FALSE,FALSE
1999-02-27,East_Antarctica,0.63363938,0.07270798324546168,0.07270798324546168,0.31006724465958424,FALSE,FALSE
1999-02-28,East_Antarctica,0.638304988,0.07061480465058334,0.07061480465058334,0.31006724465958424,FALSE,FALSE
1999-03-01,East_Antarctica,0.63418337,0.05888785887111492,0.05888785887111492,0.31006724465958424,FALSE,FALSE
1999-03-02,East_Antarctica,0.632581716,0.04884276830782219,0.04884276830782219,0.31006724465958424,FALSE,FALSE
1999-03-03,East_Antarctica,0.67155834700000006,0.07854628636147254,0.07854628636147254,0.31006724465958424,FALSE,FALSE
1999-03-04,East_Antarctica,0.68483908,0.08173266243283095,0.08173266243283095,0.31006724465958424,FALSE,FALSE
1999-03-05,East_Antarctica,0.6992853,0.08527171806543266,0.08527171806543266,0.31006724465958424,FALSE,FALSE
1999-03-06,East_Antarctica,0.693780617,0.06807091038330404,0.06807091038330404,0.31006724465958424,FALSE,FALSE
1999-03-07,East_Antarctica,0.720843449,0.08272267550681656,0.08272267550681656,0.31006724465958424,FALSE,FALSE
1999-03-08,East_Antarctica,0.721696056,0.07053348432007234,0.07053348432007234,0.31006724465958424,FALSE,FALSE
1999-03-09,East_Antarctica,0.7302287,0.06547780970717121,0.06547780970717121,0.31006724465958424,FALSE,FALSE
1999-03-10,East_Antarctica,0.75443971,0.07563819155221474,0.07563819155221474,0.31006724465958424,FALSE,FALSE
1999-03-11,East_Antarctica,0.77039356,0.07716331473930471,0.07716331473930471,0.31006724465958424,FALSE,FALSE
1999-03-12,East_Antarctica,0.792051007,0.08409814715254249,0.08409814715254249,0.31006724465958424,FALSE,FALSE
1999-03-13,East_Antarctica,0.80800797,0.08512281867602711,0.08512281867602711,0.31006724465958424,FALSE,FALSE
1999-03-14,East_Antarctica,0.815927035,0.07798412619386141,0.07798412619386141,0.31006724465958424,FALSE,FALSE
1999-03-15,East_Antarctica,0.830445271,0.07740334959014572,0.07740334959014572,0.31006724465958424,FALSE,FALSE
1999-03-16,East_Antarctica,0.842600769,0.07450279074898081,0.07450279074898081,0.31006724465958424,FALSE,FALSE
1999-03-17,East_Antarctica,0.857813225,0.07478635655446986,0.07478635655446986,0.31006724465958424,FALSE,FALSE
1999-03-18,East_Antarctica,0.874200267,0.0764534353910723,0.0764534353910723,0.31006724465958424,FALSE,FALSE
1999-03-19,East_Antarctica,0.89536225,0.0831249417719605,0.0831249417719605,0.31006724465958424,FALSE,FALSE
1999-03-20,East_Antarctica,0.897820563,0.07127880758633576,0.07127880758633576,0.31006724465958424,FALSE,FALSE
1999-03-21,East_Antarctica,0.923760133,0.08305348871600815,0.08305348871600815,0.31006724465958424,FALSE,FALSE
1999-03-22,East_Antarctica,0.936357024,0.08157857804278512,0.08157857804278512,0.31006724465958424,FALSE,FALSE
1999-03-23,East_Antarctica,0.942322177,0.07351854544847536,0.07351854544847536,0.31006724465958424,FALSE,FALSE
1999-03-24,East_Antarctica,0.969522171,0.08669349881488808,0.08669349881488808,0.31006724465958424,FALSE,FALSE
1999-03-25,East_Antarctica,1.007055734,0.11015569502383205,0.11015569502383205,0.31006724465958424,FALSE,FALSE
1999-03-26,East_Antarctica,1.031224567,0.12016036395711394,0.12016036395711394,0.31006724465958424,FALSE,FALSE
1999-03-27,East_Antarctica,1.048800796,0.12343316049654574,0.12343316049654574,0.31006724465958424,FALSE,FALSE
1999-03-28,East_Antarctica,1.039188248,0.09933144052393215,0.09933144052393215,0.31006724465958424,FALSE,FALSE
1999-03-29,East_Antarctica,1.028907683,0.07432949292108382,0.07432949292108382,0.31006724465958424,FALSE,FALSE
1999-03-30,East_Antarctica,1.021098935,0.0515206805698104,0.0515206805698104,0.31006724465958424,FALSE,FALSE
1999-03-31,East_Antarctica,1.037391892,0.05249714973545982,0.05249714973545982,0.31006724465958424,FALSE,FALSE
1999-04-01,East_Antarctica,1.075328422,0.07481074178387681,0.07481074178387681,0.31006724465958424,FALSE,FALSE
1999-04-02,East_Antarctica,1.124714307,0.1082934331588794,0.1082934331588794,0.31006724465958424,FALSE,FALSE
1999-04-03,East_Antarctica,1.153015481,0.12043736571423792,0.12043736571423792,0.31006724465958424,FALSE,FALSE
1999-04-04,East_Antarctica,1.151200496,0.10223729930372394,0.10223729930372394,0.31006724465958424,FALSE,FALSE
1999-04-05,East_Antarctica,1.160323353,0.09477344278111,0.09477344278111,0.31006724465958424,FALSE,FALSE
1999-04-06,East_Antarctica,1.182017829,0.09970578100016736,0.09970578100016736,0.31006724465958424,FALSE,FALSE
1999-04-07,East_Antarctica,1.197623717,0.09840031481466616,0.09840031481466616,0.31006724465958424,FALSE,FALSE
1999-04-08,East_Antarctica,1.207849349,0.09159158407838051,0.09159158407838051,0.31006724465958424,FALSE,FALSE
1999-04-09,East_Antarctica,1.204770592,0.07138166364508103,0.07138166364508103,0.31006724465958424,FALSE,FALSE
1999-04-10,East_Antarctica,1.225327336,0.07473665136853791,0.07473665136853791,0.31006724465958424,FALSE,FALSE
1999-04-11,East_Antarctica,1.242139387,0.07430256110252542,0.07430256110252542,0.31006724465958424,FALSE,FALSE
1999-04-12,East_Antarctica,1.26667226,0.08157095318893637,0.08157095318893637,0.31006724465958424,FALSE,FALSE
1999-04-13,East_Antarctica,1.287047233,0.08467756871035848,0.08467756871035848,0.31006724465958424,FALSE,FALSE
1999-04-14,East_Antarctica,1.322509596,0.10286306749878849,0.10286306749878849,0.31006724465958424,FALSE,FALSE
1999-04-15,East_Antarctica,1.340130566,0.1031922529911471,0.1031922529911471,0.31006724465958424,FALSE,FALSE
1999-04-16,East_Antarctica,1.352820142,0.09856871062435936,0.09856871062435936,0.31006724465958424,FALSE,FALSE
1999-04-17,East_Antarctica,1.370200389,0.09860809183534468,0.09860809183534468,0.31006724465958424,FALSE,FALSE
1999-04-18,East_Antarctica,1.395930656,0.10696333206102726,0.10696333206102726,0.31006724465958424,FALSE,FALSE
1999-04-19,East_Antarctica,1.433070006,0.1266870807383309,0.1266870807383309,0.31006724465958424,FALSE,FALSE
1999-04-20,East_Antarctica,1.472640242,0.14879472730417653,0.14879472730417653,0.31006724465958424,FALSE,FALSE
1999-04-21,East_Antarctica,1.499454471,0.15809296519548632,0.15809296519548632,0.31006724465958424,FALSE,FALSE
1999-04-22,East_Antarctica,1.505901325,0.14696401284918337,0.14696401284918337,0.31006724465958424,FALSE,FALSE
1999-04-23,East_Antarctica,1.510613571,0.13403422370218854,0.13403422370218854,0.31006724465958424,FALSE,FALSE
1999-04-24,East_Antarctica,1.513413233,0.11911920819142764,0.11911920819142764,0.31006724465958424,FALSE,FALSE
1999-04-25,East_Antarctica,1.521162473,0.10907532091392191,0.10907532091392191,0.31006724465958424,FALSE,FALSE
1999-04-26,East_Antarctica,1.54808988,0.1181311004495158,0.1181311004495158,0.31006724465958424,FALSE,FALSE
1999-04-27,East_Antarctica,1.575039013,0.1271332367204272,0.1271332367204272,0.31006724465958424,FALSE,FALSE
1999-04-28,East_Antarctica,1.622870157,0.15694517916080408,0.15694517916080408,0.31006724465958424,FALSE,FALSE
1999-04-29,East_Antarctica,1.642020545,0.15800732520479266,0.15800732520479266,0.31006724465958424,FALSE,FALSE
1999-04-30,East_Antarctica,1.676119529,0.17395219128654094,0.17395219128654094,0.31006724465958424,FALSE,FALSE
1999-05-01,East_Antarctica,1.70121062,0.18082645284019527,0.18082645284019527,0.31006724465958424,FALSE,FALSE
1999-05-02,East_Antarctica,1.71892404,0.18026349629990257,0.18026349629990257,0.31006724465958424,FALSE,FALSE
1999-05-03,East_Antarctica,1.734161435,0.17716813209981197,0.17716813209981197,0.31006724465958424,FALSE,FALSE
1999-05-04,East_Antarctica,1.762032904,0.18665362367406768,0.18665362367406768,0.31006724465958424,FALSE,FALSE
1999-05-05,East_Antarctica,1.791878583,0.19806327145681848,0.19806327145681848,0.31006724465958424,FALSE,FALSE
1999-05-06,East_Antarctica,1.824701882,0.21240364988221216,0.21240364988221216,0.31006724465958424,FALSE,FALSE
1999-05-07,East_Antarctica,1.868109582,0.23728470738090013,0.23728470738090013,0.31006724465958424,FALSE,FALSE
1999-05-08,East_Antarctica,1.904232405,0.2548420039828265,0.2548420039828265,0.31006724465958424,FALSE,FALSE
1999-05-09,East_Antarctica,1.946594848,0.2786093209719849,0.2786093209719849,0.31006724465958424,FALSE,FALSE
1999-05-10,East_Antarctica,1.986595196,0.29999495920137687,0.29999495920137687,0.31006724465958424,FALSE,FALSE
1999-05-11,East_Antarctica,1.999647464,0.2944229495240078,0.2944229495240078,0.31006724465958424,FALSE,FALSE
1999-05-12,East_Antarctica,1.987059239,0.26321089479287973,0.26321089479287973,0.31006724465958424,FALSE,FALSE
1999-05-13,East_Antarctica,1.969244931,0.22678322086099967,0.22678322086099967,0.31006724465958424,FALSE,FALSE
1999-05-14,East_Antarctica,1.959674685,0.19862008858136915,0.19862008858136915,0.31006724465958424,FALSE,FALSE
1999-05-15,East_Antarctica,1.951329443,0.17171245580699335,0.17171245580699335,0.31006724465958424,FALSE,FALSE
1999-05-16,East_Antarctica,1.972148623,0.1740097563908738,0.1740097563908738,0.31006724465958424,FALSE,FALSE
1999-05-17,East_Antarctica,2.006529678,0.1899194591860185,0.1899194591860185,0.31006724465958424,FALSE,FALSE
1999-05-18,East_Antarctica,2.022616543,0.1875955150454247,0.1875955150454247,0.31006724465958424,FALSE,FALSE
1999-05-19,East_Antarctica,2.11831856,0.2649572818221029,0.2649572818221029,0.31006724465958424,FALSE,FALSE
1999-05-20,East_Antarctica,2.141871011,0.27025048695129383,0.27025048695129383,0.31006724465958424,FALSE,FALSE
1999-05-21,East_Antarctica,2.184746271,0.2949657895904356,0.2949657895904356,0.31006724465958424,FALSE,FALSE
1999-05-22,East_Antarctica,2.201643443,0.29382742546146723,0.29382742546146723,0.31006724465958424,FALSE,FALSE
1999-05-23,East_Antarctica,2.203262762,0.2775609927043474,0.2775609927043474,0.31006724465958424,FALSE,FALSE
1999-05-24,East_Antarctica,2.223842635,0.28043026145902283,0.28043026145902283,0.31006724465958424,FALSE,FALSE
1999-05-25,East_Antarctica,2.235710523,0.2747880558654485,0.2747880558654485,0.31006724465958424,FALSE,FALSE
1999-05-26,East_Antarctica,2.237092452,0.25888576506357874,0.25888576506357874,0.31006724465958424,FALSE,FALSE
1999-05-27,East_Antarctica,2.247326155,0.25208648519336596,0.25208648519336596,0.31006724465958424,FALSE,FALSE
1999-05-28,East_Antarctica,2.288804181,0.2768081283947623,0.2768081283947623,0.31006724465958424,FALSE,FALSE
1999-05-29,East_Antarctica,2.314784279,0.2863338068077206,0.2863338068077206,0.31006724465958424,FALSE,FALSE
1999-05-30,East_Antarctica,2.371070526,0.3264929605721969,0.3264929605721969,0.31006724465958424,TRUE,FALSE
1999-05-31,East_Antarctica,2.393785573,0.3334336038281398,0.3334336038281398,0.31006724465958424,TRUE,FALSE
1999-06-01,East_Antarctica,2.364492032,0.2887437117155054,0.2887437117155054,0.31006724465958424,FALSE,FALSE
1999-06-02,East_Antarctica,2.319866046,0.2291123552873855,0.2291123552873855,0.31006724465958424,FALSE,FALSE
1999-06-03,East_Antarctica,2.305459928,0.20004961019354495,0.20004961019354495,0.31006724465958424,FALSE,FALSE
1999-06-04,East_Antarctica,2.310560885,0.1907851537365897,0.1907851537365897,0.31006724465958424,FALSE,FALSE
1999-06-05,East_Antarctica,2.328260058,0.19435259665265692,0.19435259665265692,0.31006724465958424,FALSE,FALSE
1999-06-06,East_Antarctica,2.342749256,0.19488621767788228,0.19488621767788228,0.31006724465958424,FALSE,FALSE
1999-06-07,East_Antarctica,2.352536985,0.1908369925484057,0.1908369925484057,0.31006724465958424,FALSE,FALSE
1999-06-08,East_Antarctica,2.38951873,0.21404287600036295,0.21404287600036295,0.31006724465958424,FALSE,FALSE
1999-06-09,East_Antarctica,2.431259011,0.24201085776989073,0.24201085776989073,0.31006724465958424,FALSE,FALSE
1999-06-10,East_Antarctica,2.452907573,0.2498331525931312,0.2498331525931312,0.31006724465958424,FALSE,FALSE
1999-06-11,East_Antarctica,2.464387515,0.24737532920621552,0.24737532920621552,0.31006724465958424,FALSE,FALSE
1999-06-12,East_Antarctica,2.419400278,0.1882812983452853,0.1882812983452853,0.31006724465958424,FALSE,FALSE
1999-06-13,East_Antarctica,2.391814358,0.14636202574647683,0.14636202574647683,0.31006724465958424,FALSE,FALSE
1999-06-14,East_Antarctica,2.418537964,0.15846932240976574,0.15846932240976574,0.31006724465958424,FALSE,FALSE
1999-06-15,East_Antarctica,2.467553219,0.1925788282209604,0.1925788282209604,0.31006724465958424,FALSE,FALSE
1999-06-16,East_Antarctica,2.508206894,0.21809930708220948,0.21809930708220948,0.31006724465958424,FALSE,FALSE
1999-06-17,East_Antarctica,2.515118677,0.20971740109979464,0.20971740109979464,0.31006724465958424,FALSE,FALSE
1999-06-18,East_Antarctica,2.510932478,0.1901439743800144,0.1901439743800144,0.31006724465958424,FALSE,FALSE
1999-06-19,East_Antarctica,2.526254567,0.19005225102914913,0.19005225102914913,0.31006724465958424,FALSE,FALSE
1999-06-20,East_Antarctica,2.521123884,0.16954812515349005,0.16954812515349005,0.31006724465958424,FALSE,FALSE
1999-06-21,East_Antarctica,2.543328656,0.17648677785932643,0.17648677785932643,0.31006724465958424,FALSE,FALSE
1999-06-22,East_Antarctica,2.590116428,0.2081827082529446,0.2081827082529446,0.31006724465958424,FALSE,FALSE
1999-06-23,East_Antarctica,2.640336384,0.24355205444063444,0.24355205444063444,0.31006724465958424,FALSE,FALSE
1999-06-24,East_Antarctica,2.684064608,0.27273785452868493,0.27273785452868493,0.31006724465958424,FALSE,FALSE
1999-06-25,East_Antarctica,2.712607296,0.2871132586233811,0.2871132586233811,0.31006724465958424,FALSE,FALSE
1999-06-26,East_Antarctica,2.735616708,0.296397480831017,0.296397480831017,0.31006724465958424,FALSE,FALSE
1999-06-27,East_Antarctica,2.752799003,0.30035411450064586,0.30035411450064586,0.31006724465958424,FALSE,FALSE
1999-06-28,East_Antarctica,2.791406422,0.32622089888535877,0.32622089888535877,0.31006724465958424,TRUE,TRUE
1999-06-29,East_Antarctica,2.839273514,0.3617850108083056,0.3617850108083056,0.31006724465958424,TRUE,TRUE
1999-06-30,East_Antarctica,2.909234999,0.4198336290889846,0.4198336290889846,0.31006724465958424,TRUE,TRUE
1999-07-01,East_Antarctica,2.961818424,0.4608467595468864,0.4608467595468864,0.31006724465958424,TRUE,TRUE
1999-07-02,East_Antarctica,2.997144965,0.4848980370015008,0.4848980370015008,0.31006724465958424,TRUE,TRUE
1999-07-03,East_Antarctica,2.975484608,0.4522099062723246,0.4522099062723246,0.31006724465958424,TRUE,TRUE
1999-07-04,East_Antarctica,2.985838042,0.45173551517884825,0.45173551517884825,0.31006724465958424,TRUE,TRUE
1999-07-05,East_Antarctica,2.99455556,0.4497776155405653,0.4497776155405653,0.31006724465958424,TRUE,TRUE
1999-07-06,East_Antarctica,3.014538391,0.4591898951769679,0.4591898951769679,0.31006724465958424,TRUE,TRUE
1999-07-07,East_Antarctica,3.003672675,0.4378109529075496,0.4378109529075496,0.31006724465958424,TRUE,TRUE
1999-07-08,East_Antarctica,3.022146344,0.44578117955180385,0.44578117955180385,0.31006724465958424,TRUE,TRUE
1999-07-09,East_Antarctica,2.979251073,0.3923447663733732,0.3923447663733732,0.31006724465958424,TRUE,TRUE
1999-07-10,East_Antarctica,2.934754786,0.3372333262574738,0.3372333262574738,0.31006724465958424,TRUE,TRUE
1999-07-11,East_Antarctica,2.91956786,0.3113453760861473,0.3113453760861473,0.31006724465958424,TRUE,TRUE
1999-07-12,East_Antarctica,2.957965041,0.33894703749603394,0.33894703749603394,0.31006724465958424,TRUE,TRUE
1999-07-13,East_Antarctica,2.986042558,0.3561259151237719,0.3561259151237719,0.31006724465958424,TRUE,TRUE
1999-07-14,East_Antarctica,2.992346447,0.3514194206060073,0.3514194206060073,0.31006724465958424,TRUE,TRUE
1999-07-15,East_Antarctica,2.977607109,0.3255493305793795,0.3255493305793795,0.31006724465958424,TRUE,TRUE
1999-07-16,East_Antarctica,2.975168091,0.3118505676805321,0.3118505676805321,0.31006724465958424,TRUE,TRUE
1999-07-17,East_Antarctica,2.965244991,0.2905301055461038,0.2905301055461038,0.31006724465958424,FALSE,FALSE
1999-07-18,East_Antarctica,2.945200842,0.2589423528127397,0.2589423528127397,0.31006724465958424,FALSE,FALSE
1999-07-19,East_Antarctica,2.944072812,0.24611585311707795,0.24611585311707795,0.31006724465958424,FALSE,FALSE
1999-07-20,East_Antarctica,2.999532916,0.2897139970957636,0.2897139970957636,0.31006724465958424,FALSE,FALSE
1999-07-21,East_Antarctica,3.039480448,0.3176274543854358,0.3176274543854358,0.31006724465958424,TRUE,TRUE
1999-07-22,East_Antarctica,3.086027839,0.3519625882139743,0.3519625882139743,0.31006724465958424,TRUE,TRUE
1999-07-23,East_Antarctica,3.167152389,0.4207259176425064,0.4207259176425064,0.31006724465958424,TRUE,TRUE
1999-07-24,East_Antarctica,3.2486068,0.48972508570530326,0.48972508570530326,0.31006724465958424,TRUE,TRUE
1999-07-25,East_Antarctica,3.267301538,0.4959260829110757,0.4959260829110757,0.31006724465958424,TRUE,TRUE
1999-07-26,East_Antarctica,3.239419105,0.4555669357685352,0.4555669357685352,0.31006724465958424,TRUE,TRUE
1999-07-27,East_Antarctica,3.180060161,0.3838038287863883,0.3838038287863883,0.31006724465958424,TRUE,TRUE
1999-07-28,East_Antarctica,3.149841028,0.34130860847334654,0.34130860847334654,0.31006724465958424,TRUE,TRUE
1999-07-29,East_Antarctica,3.152360187,0.33173528033812305,0.33173528033812305,0.31006724465958424,TRUE,TRUE
1999-07-30,East_Antarctica,3.140527807,0.3080495378894237,0.3080495378894237,0.31006724465958424,FALSE,FALSE
1999-07-31,East_Antarctica,3.139084431,0.29504744863596155,0.29504744863596155,0.31006724465958424,FALSE,FALSE
1999-08-01,East_Antarctica,3.134892606,0.2796470840864469,0.2796470840864469,0.31006724465958424,FALSE,FALSE
1999-08-02,East_Antarctica,3.169541986,0.3034936227495857,0.3034936227495857,0.31006724465958424,FALSE,FALSE
1999-08-03,East_Antarctica,3.197812915,0.32142293240093167,0.32142293240093167,0.31006724465958424,TRUE,TRUE
1999-08-04,East_Antarctica,3.219312283,0.3330776343822084,0.3330776343822084,0.31006724465958424,TRUE,TRUE
1999-08-05,East_Antarctica,3.238860808,0.34324277908093803,0.34324277908093803,0.31006724465958424,TRUE,TRUE
1999-08-06,East_Antarctica,3.247298776,0.34270689051853864,0.34270689051853864,0.31006724465958424,TRUE,TRUE
1999-08-07,East_Antarctica,3.270308992,0.3571010117164293,0.3571010117164293,0.31006724465958424,TRUE,TRUE
1999-08-08,East_Antarctica,3.271349955,0.3498318796960307,0.3498318796960307,0.31006724465958424,TRUE,TRUE
1999-08-09,East_Antarctica,3.264644004,0.33507007147876244,0.33507007147876244,0.31006724465958424,TRUE,TRUE
1999-08-10,East_Antarctica,3.209629654,0.2722023400860425,0.2722023400860425,0.31006724465958424,FALSE,FALSE
1999-08-11,East_Antarctica,3.145589353,0.20045937153929128,0.20045937153929128,0.31006724465958424,FALSE,FALSE
1999-08-12,East_Antarctica,3.102740035,0.1500063378599279,0.1500063378599279,0.31006724465958424,FALSE,FALSE
1999-08-13,East_Antarctica,3.104964698,0.14467447506937114,0.14467447506937114,0.31006724465958424,FALSE,FALSE
1999-08-14,East_Antarctica,3.144437453,0.17658613218904362,0.17658613218904362,0.31006724465958424,FALSE,FALSE
1999-08-15,East_Antarctica,3.166351788,0.1908830352403621,0.1908830352403621,0.31006724465958424,FALSE,FALSE
1999-08-16,East_Antarctica,3.172937956,0.1897452075404722,0.1897452075404722,0.31006724465958424,FALSE,FALSE
1999-08-17,East_Antarctica,3.155706907,0.1646789128343129,0.1646789128343129,0.31006724465958424,FALSE,FALSE
1999-08-18,East_Antarctica,3.15997702,0.16104997191180903,0.16104997191180903,0.31006724465958424,FALSE,FALSE
1999-08-19,East_Antarctica,3.252507048,0.2456674363144851,0.2456674363144851,0.31006724465958424,FALSE,FALSE
1999-08-20,East_Antarctica,3.291696209,0.2769808225838757,0.2769808225838757,0.31006724465958424,FALSE,FALSE
1999-08-21,East_Antarctica,3.336499871,0.3139957972615104,0.3139957972615104,0.31006724465958424,TRUE,FALSE
1999-08-22,East_Antarctica,3.336649637,0.30649426188891926,0.30649426188891926,0.31006724465958424,FALSE,FALSE
1999-08-23,East_Antarctica,3.378391913,0.34077292100763223,0.34077292100763223,0.31006724465958424,TRUE,TRUE
1999-08-24,East_Antarctica,3.391085531,0.34624090515918127,0.34624090515918127,0.31006724465958424,TRUE,TRUE
1999-08-25,East_Antarctica,3.406772314,0.354990335885097,0.354990335885097,0.31006724465958424,TRUE,TRUE
1999-08-26,East_Antarctica,3.409152648,0.3507718977269092,0.3507718977269092,0.31006724465958424,TRUE,TRUE
1999-08-27,East_Antarctica,3.390855609,0.32626496522614845,0.32626496522614845,0.31006724465958424,TRUE,TRUE
1999-08-28,East_Antarctica,3.362748979,0.29238761892434795,0.29238761892434795,0.31006724465958424,FALSE,FALSE
1999-08-29,East_Antarctica,3.366196804,0.2905452117380647,0.2905452117380647,0.31006724465958424,FALSE,FALSE
1999-08-30,East_Antarctica,3.367400346,0.2869256642207625,0.2869256642207625,0.31006724465958424,FALSE,FALSE
1999-08-31,East_Antarctica,3.359322165,0.2744576617949872,0.2744576617949872,0.31006724465958424,FALSE,FALSE
1999-09-01,East_Antarctica,3.353184334,0.2643293660535897,0.2643293660535897,0.31006724465958424,FALSE,FALSE
1999-09-02,East_Antarctica,3.333126658,0.24064667058942257,0.24064667058942257,0.31006724465958424,FALSE,FALSE
1999-09-03,East_Antarctica,3.363708816,0.2679353429953344,0.2679353429953344,0.31006724465958424,FALSE,FALSE
1999-09-04,East_Antarctica,3.384431583,0.2856622468641814,0.2856622468641814,0.31006724465958424,FALSE,FALSE
1999-09-05,East_Antarctica,3.396821121,0.29531963278881257,0.29531963278881257,0.31006724465958424,FALSE,FALSE
1999-09-06,East_Antarctica,3.400122544,0.2961187033620791,0.2961187033620791,0.31006724465958424,FALSE,FALSE
1999-09-07,East_Antarctica,3.382407723,0.27609741817683453,0.27609741817683453,0.31006724465958424,FALSE,FALSE
1999-09-08,East_Antarctica,3.411955846,0.30350105382592574,0.30350105382592574,0.31006724465958424,FALSE,FALSE
1999-09-09,East_Antarctica,3.4058344,0.29536318590221144,0.29536318590221144,0.31006724465958424,FALSE,FALSE
1999-09-10,East_Antarctica,3.374377827,0.26198439680647523,0.26198439680647523,0.31006724465958424,FALSE,FALSE
1999-09-11,East_Antarctica,3.410661206,0.2964108241521797,0.2964108241521797,0.31006724465958424,FALSE,FALSE
1999-09-12,East_Antarctica,3.400870969,0.28480885859008964,0.28480885859008964,0.31006724465958424,FALSE,FALSE
1999-09-13,East_Antarctica,3.346593978,0.2287462578673094,0.2287462578673094,0.31006724465958424,FALSE,FALSE
1999-09-14,East_Antarctica,3.296007258,0.17638094273094573,0.17638094273094573,0.31006724465958424,FALSE,FALSE
1999-09-15,East_Antarctica,3.206877298,0.08546029792809984,0.08546029792809984,0.31006724465958424,FALSE,FALSE
1999-09-16,East_Antarctica,3.182651859,0.05941298020587826,0.05941298020587826,0.31006724465958424,FALSE,FALSE
1999-09-17,East_Antarctica,3.180121597,0.05501054131138483,0.05501054131138483,0.31006724465958424,FALSE,FALSE
1999-09-18,East_Antarctica,3.192042412,0.06498977699172448,0.06498977699172448,0.31006724465958424,FALSE,FALSE
1999-09-19,East_Antarctica,3.191753106,0.06267038499400135,0.06267038499400135,0.31006724465958424,FALSE,FALSE
1999-09-20,East_Antarctica,3.180802054,0.04958163606532073,0.04958163606532073,0.31006724465958424,FALSE,FALSE
1999-09-21,East_Antarctica,3.216270554,0.08278572395278516,0.08278572395278516,0.31006724465958424,FALSE,FALSE
1999-09-22,East_Antarctica,3.233320726,0.09742566440350052,0.09742566440350052,0.31006724465958424,FALSE,FALSE
1999-09-23,East_Antarctica,3.279372674,0.14090854412016365,0.14090854412016365,0.31006724465958424,FALSE,FALSE
1999-09-24,East_Antarctica,3.311623879,0.17048399451289464,0.17048399451289464,0.31006724465958424,FALSE,FALSE
1999-09-25,East_Antarctica,3.360604119,0.2167734757249029,0.2167734757249029,0.31006724465958424,FALSE,FALSE
1999-09-26,East_Antarctica,3.426014784,0.27957061457322663,0.27957061457322663,0.31006724465958424,FALSE,FALSE
1999-09-27,East_Antarctica,3.440838973,0.29195074687489964,0.29195074687489964,0.31006724465958424,FALSE,FALSE
1999-09-28,East_Antarctica,3.469432676,0.31836209944696137,0.31836209944696137,0.31006724465958424,TRUE,FALSE
1999-09-29,East_Antarctica,3.490369956,0.33747097210644705,0.33747097210644705,0.31006724465958424,TRUE,FALSE
1999-09-30,East_Antarctica,3.499564673,0.34528346167039414,0.34528346167039414,0.31006724465958424,TRUE,FALSE
1999-10-01,East_Antarctica,3.455205636,0.30008061395583807,0.30008061395583807,0.31006724465958424,FALSE,FALSE
1999-10-02,East_Antarctica,3.437169824,0.2818316447798175,0.2818316447798175,0.31006724465958424,FALSE,FALSE
1999-10-03,East_Antarctica,3.477129466,0.32230101995936966,0.32230101995936966,0.31006724465958424,TRUE,TRUE
1999-10-04,East_Antarctica,3.50527611,0.35177252431152706,0.35177252431152706,0.31006724465958424,TRUE,TRUE
1999-10-05,East_Antarctica,3.504695172,0.3534237828925413,0.3534237828925413,0.31006724465958424,TRUE,TRUE
1999-10-06,East_Antarctica,3.481750457,0.33367722948570666,0.33367722948570666,0.31006724465958424,TRUE,TRUE
1999-10-07,East_Antarctica,3.471377906,0.3274286558460693,0.3274286558460693,0.31006724465958424,TRUE,TRUE
1999-10-08,East_Antarctica,3.483793357,0.34483567948319394,0.34483567948319394,0.31006724465958424,TRUE,TRUE
1999-10-09,East_Antarctica,3.510933948,0.3777772179066421,0.3777772179066421,0.31006724465958424,TRUE,TRUE
1999-10-10,East_Antarctica,3.525176828,0.39857219962598256,0.39857219962598256,0.31006724465958424,TRUE,TRUE
1999-10-11,East_Antarctica,3.493572521,0.3742129281507785,0.3742129281507785,0.31006724465958424,TRUE,TRUE
1999-10-12,East_Antarctica,3.487805056,0.37632521199059,0.37632521199059,0.31006724465958424,TRUE,TRUE
1999-10-13,East_Antarctica,3.461056206,0.3580326036549848,0.3580326036549848,0.31006724465958424,TRUE,TRUE
1999-10-14,East_Antarctica,3.412461042,0.3184119536535279,0.3184119536535279,0.31006724465958424,TRUE,TRUE
1999-10-15,East_Antarctica,3.319945504,0.23533098149578224,0.23533098149578224,0.31006724465958424,FALSE,FALSE
1999-10-16,East_Antarctica,3.283765751,0.20898762569131524,0.20898762569131524,0.31006724465958424,FALSE,FALSE
1999-10-17,East_Antarctica,3.253380745,0.1887826277496849,0.1887826277496849,0.31006724465958424,FALSE,FALSE
1999-10-18,East_Antarctica,3.219286913,0.16515749402491853,0.16515749402491853,0.31006724465958424,FALSE,FALSE
1999-10-19,East_Antarctica,3.175125332,0.13176846858954816,0.13176846858954816,0.31006724465958424,FALSE,FALSE
1999-10-20,East_Antarctica,3.122904505,0.09070622644660142,0.09070622644660142,0.31006724465958424,FALSE,FALSE
1999-10-21,East_Antarctica,3.108211055,0.08764224549486865,0.08764224549486865,0.31006724465958424,FALSE,FALSE
1999-10-22,East_Antarctica,3.101046974,0.09266337263313408,0.09266337263313408,0.31006724465958424,FALSE,FALSE
1999-10-23,East_Antarctica,3.058883305,0.0633255057601918,0.0633255057601918,0.31006724465958424,FALSE,FALSE
1999-10-24,East_Antarctica,3.013979165,0.0319726167748251,0.0319726167748251,0.31006724465958424,FALSE,FALSE
1999-10-25,East_Antarctica,2.994929609,0.02728461557582395,0.02728461557582395,0.31006724465958424,FALSE,FALSE
1999-10-26,East_Antarctica,2.980136416,0.02774813606197757,0.02774813606197757,0.31006724465958424,FALSE,FALSE
1999-10-27,East_Antarctica,2.961656628,0.025505075132072,0.025505075132072,0.31006724465958424,FALSE,FALSE
1999-10-28,East_Antarctica,2.920256092,0.00140613468489547,0.00140613468489547,0.31006724465958424,FALSE,FALSE
1999-10-29,East_Antarctica,2.882172593,-0.01822604538076255,0.01822604538076255,0.31006724465958424,FALSE,FALSE
1999-10-30,East_Antarctica,2.827386812,-0.05332592916611523,0.05332592916611523,0.31006724465958424,FALSE,FALSE
1999-10-31,East_Antarctica,2.809602622,-0.05011719941974979,0.05011719941974979,0.31006724465958424,FALSE,FALSE
1999-11-01,East_Antarctica,2.792467667,-0.04494085579150964,0.04494085579150964,0.31006724465958424,FALSE,FALSE
1999-11-02,East_Antarctica,2.806543167,-0.00724308576069354,0.00724308576069354,0.31006724465958424,FALSE,FALSE
1999-11-03,East_Antarctica,2.805198801,0.01633837714918318,0.01633837714918318,0.31006724465958424,FALSE,FALSE
1999-11-04,East_Antarctica,2.798738541,0.03610009241461087,0.03610009241461087,0.31006724465958424,FALSE,FALSE
1999-11-05,East_Antarctica,2.814304972,0.07917723251207898,0.07917723251207898,0.31006724465958424,FALSE,FALSE
1999-11-06,East_Antarctica,2.832891356,0.12655564691807175,0.12655564691807175,0.31006724465958424,FALSE,FALSE
1999-11-07,East_Antarctica,2.781676709,0.1054069391090815,0.1054069391090815,0.31006724465958424,FALSE,FALSE
1999-11-08,East_Antarctica,2.725096717,0.0801593825615936,0.0801593825615936,0.31006724465958424,FALSE,FALSE
1999-11-09,East_Antarctica,2.683831813,0.07148599775209696,0.07148599775209696,0.31006724465958424,FALSE,FALSE
1999-11-10,East_Antarctica,2.672030466,0.09352784115708168,0.09352784115708168,0.31006724465958424,FALSE,FALSE
1999-11-11,East_Antarctica,2.635607537,0.09219236125303354,0.09219236125303354,0.31006724465958424,FALSE,FALSE
1999-11-12,East_Antarctica,2.611737888,0.10464609995173646,0.10464609995173646,0.31006724465958424,FALSE,FALSE
1999-11-13,East_Antarctica,2.590074374,0.12048338659293244,0.12048338659293244,0.31006724465958424,FALSE,FALSE
1999-11-14,East_Antarctica,2.555258709,0.124211940065571,0.124211940065571,0.31006724465958424,FALSE,FALSE
1999-11-15,East_Antarctica,2.525680851,0.13408149827227955,0.13408149827227955,0.31006724465958424,FALSE,FALSE
1999-11-16,East_Antarctica,2.498788052,0.147399093115681,0.147399093115681,0.31006724465958424,FALSE,FALSE
1999-11-17,East_Antarctica,2.454174509,0.14361870149840206,0.14361870149840206,0.31006724465958424,FALSE,FALSE
1999-11-18,East_Antarctica,2.449313051,0.1800729323230641,0.1800729323230641,0.31006724465958424,FALSE,FALSE
1999-11-19,East_Antarctica,2.380373994,0.1527918814922935,0.1527918814922935,0.31006724465958424,FALSE,FALSE
1999-11-20,East_Antarctica,2.353931339,0.1682093299087155,0.1682093299087155,0.31006724465958424,FALSE,FALSE
1999-11-21,East_Antarctica,2.321642456,0.1778424274749555,0.1778424274749555,0.31006724465958424,FALSE,FALSE
1999-11-22,East_Antarctica,2.305978507,0.2040221160936362,0.2040221160936362,0.31006724465958424,FALSE,FALSE
1999-11-23,East_Antarctica,2.298660966,0.2383296496673819,0.2383296496673819,0.31006724465958424,FALSE,FALSE
1999-11-24,East_Antarctica,2.29472213,0.27565710509881924,0.27565710509881924,0.31006724465958424,FALSE,FALSE
1999-11-25,East_Antarctica,2.25896338,0.2806741309343377,0.2806741309343377,0.31006724465958424,FALSE,FALSE
1999-11-26,East_Antarctica,2.211294716,0.27323078178923055,0.27323078178923055,0.31006724465958424,FALSE,FALSE
1999-11-27,East_Antarctica,2.195674926,0.2972619966781398,0.2972619966781398,0.31006724465958424,FALSE,FALSE
1999-11-28,East_Antarctica,2.152131131,0.29277132102496717,0.29277132102496717,0.31006724465958424,FALSE,FALSE
1999-11-29,East_Antarctica,2.09955761,0.2786294582536113,0.2786294582536113,0.31006724465958424,FALSE,FALSE
1999-11-30,East_Antarctica,2.038078197,0.2549366667879758,0.2549366667879758,0.31006724465958424,FALSE,FALSE
1999-12-01,East_Antarctica,1.998381991,0.2523584700519601,0.2523584700519601,0.31006724465958424,FALSE,FALSE
1999-12-02,East_Antarctica,1.972085694,0.2624879944694667,0.2624879944694667,0.31006724465958424,FALSE,FALSE
1999-12-03,East_Antarctica,1.972642336,0.29875469446439484,0.29875469446439484,0.31006724465958424,FALSE,FALSE
1999-12-04,East_Antarctica,1.942929566,0.30401264346064605,0.30401264346064605,0.31006724465958424,FALSE,FALSE
1999-12-05,East_Antarctica,1.897210401,0.29250128288212207,0.29250128288212207,0.31006724465958424,FALSE,FALSE
1999-12-06,East_Antarctica,1.887261121,0.3159733171527228,0.3159733171527228,0.31006724465958424,TRUE,TRUE
1999-12-07,East_Antarctica,1.864483559,0.3258070276822036,0.3258070276822036,0.31006724465958424,TRUE,TRUE
1999-12-08,East_Antarctica,1.833527817,0.3266364108569628,0.3266364108569628,0.31006724465958424,TRUE,TRUE
1999-12-09,East_Antarctica,1.788916694,0.3129861170250512,0.3129861170250512,0.31006724465958424,TRUE,TRUE
1999-12-10,East_Antarctica,1.756961013,0.3111714731780959,0.3111714731780959,0.31006724465958424,TRUE,TRUE
1999-12-11,East_Antarctica,1.699241572,0.282777781307717,0.282777781307717,0.31006724465958424,FALSE,FALSE
1999-12-12,East_Antarctica,1.675393258,0.28744443240553763,0.28744443240553763,0.31006724465958424,FALSE,FALSE
1999-12-13,East_Antarctica,1.636985255,0.2767451144631834,0.2767451144631834,0.31006724465958424,FALSE,FALSE
1999-12-14,East_Antarctica,1.606290768,0.27295753647227716,0.27295753647227716,0.31006724465958424,FALSE,FALSE
1999-12-15,East_Antarctica,1.555519244,0.2482956494244424,0.2482956494244424,0.31006724465958424,FALSE,FALSE
1999-12-16,East_Antarctica,1.489200411,0.2072936853113021,0.2072936853113021,0.31006724465958424,FALSE,FALSE
1999-12-17,East_Antarctica,1.459306777,0.20192865612448083,0.20192865612448083,0.31006724465958424,FALSE,FALSE
1999-12-18,East_Antarctica,1.425308481,0.19167520485559963,0.19167520485559963,0.31006724465958424,FALSE,FALSE
1999-12-19,East_Antarctica,1.386704832,0.17603714449628494,0.17603714449628494,0.31006724465958424,FALSE,FALSE
1999-12-20,East_Antarctica,1.349768272,0.16129222752166572,0.16129222752166572,0.31006724465958424,FALSE,FALSE
1999-12-21,East_Antarctica,1.299664133,0.13262384846564146,0.13262384846564146,0.31006724465958424,FALSE,FALSE
1999-12-22,East_Antarctica,1.245464285,0.09913211882318818,0.09913211882318818,0.31006724465958424,FALSE,FALSE
1999-12-23,East_Antarctica,1.220539148,0.09421598374560224,0.09421598374560224,0.31006724465958424,FALSE,FALSE
1999-12-24,East_Antarctica,1.201419657,0.0944349033841807,0.0944349033841807,0.31006724465958424,FALSE,FALSE
1999-12-25,East_Antarctica,1.152761165,0.06447275589021939,0.06447275589021939,0.31006724465958424,FALSE,FALSE
1999-12-26,East_Antarctica,1.150400403,0.08019479741501412,0.08019479741501412,0.31006724465958424,FALSE,FALSE
1999-12-27,East_Antarctica,1.125315772,0.07260795410986054,0.07260795410986054,0.31006724465958424,FALSE,FALSE
1999-12-28,East_Antarctica,1.098902992,0.06313647112605536,0.06313647112605536,0.31006724465958424,FALSE,FALSE
1999-12-29,East_Antarctica,1.06294727,0.04359408061489645,0.04359408061489645,0.31006724465958424,FALSE,FALSE
1999-12-30,East_Antarctica,1.036426148,0.03298684972767862,0.03298684972767862,0.31006724465958424,FALSE,FALSE
1999-12-31,East_Antarctica,1.020822931,0.03282660861569553,0.03282660861569553,0.31006724465958424,FALSE,FALSE
2000-01-01,East_Antarctica,0.998137012,0.02514127543024602,0.02514127543024602,0.31006724465958424,FALSE,FALSE
2000-01-02,East_Antarctica,0.958362282,-4.783665614793709e-5,4.783665614793709e-5,0.31006724465958424,FALSE,FALSE
2000-01-03,East_Antarctica,0.92337748100000006,-0.02083897738607121,0.02083897738607121,0.31006724465958424,FALSE,FALSE
2000-01-04,East_Antarctica,0.905320747,-0.02507210148087879,0.02507210148087879,0.31006724465958424,FALSE,FALSE
2000-01-05,East_Antarctica,0.845613542,-0.07130383966192366,0.07130383966192366,0.31006724465958424,FALSE,FALSE
2000-01-06,East_Antarctica,0.834613342,-0.06915480865056878,0.06915480865056878,0.31006724465958424,FALSE,FALSE
2000-01-07,East_Antarctica,0.830501061,-0.06042218716816683,0.06042218716816683,0.31006724465958424,FALSE,FALSE
2000-01-08,East_Antarctica,0.805901453,-0.07245931393607463,0.07245931393607463,0.31006724465958424,FALSE,FALSE
2000-01-09,East_Antarctica,0.748006805,-0.11805199467565108,0.11805199467565108,0.31006724465958424,FALSE,FALSE
2000-01-10,East_Antarctica,0.727402169,-0.12659327010824972,0.12659327010824972,0.31006724465958424,FALSE,FALSE
2000-01-11,East_Antarctica,0.710544294,-0.13160448395522972,0.13160448395522972,0.31006724465958424,FALSE,FALSE
2000-01-12,East_Antarctica,0.711388919,-0.11910798993794648,0.11910798993794648,0.31006724465958424,FALSE,FALSE
2000-01-13,East_Antarctica,0.699874189,-0.11914373577775704,0.11914373577775704,0.31006724465958424,FALSE,FALSE
2000-01-14,East_Antarctica,0.671299279,-0.1363909740274447,0.1363909740274447,0.31006724465958424,FALSE,FALSE
2000-01-15,East_Antarctica,0.650794053,-0.14571028361132587,0.14571028361132587,0.31006724465958424,FALSE,FALSE
2000-01-16,East_Antarctica,0.649528896,-0.13593677514158264,0.13593677514158264,0.31006724465958424,FALSE,FALSE
2000-01-17,East_Antarctica,0.633044305,-0.14153639921350258,0.14153639921350258,0.31006724465958424,FALSE,FALSE
2000-01-18,East_Antarctica,0.614903999,-0.14895188442237173,0.14895188442237173,0.31006724465958424,FALSE,FALSE
2000-01-19,East_Antarctica,0.608780256,-0.14451740036347793,0.14451740036347793,0.31006724465958424,FALSE,FALSE
2000-01-20,East_Antarctica,0.600334413,-0.1425780576321085,0.1425780576321085,0.31006724465958424,FALSE,FALSE
2000-01-21,East_Antarctica,0.592517755,-0.1401890188235504,0.1401890188235504,0.31006724465958424,FALSE,FALSE
2000-01-22,East_Antarctica,0.558648486,-0.16403852753309023,0.16403852753309023,0.31006724465958424,FALSE,FALSE
2000-01-23,East_Antarctica,0.532578669,-0.18028096835601623,0.18028096835601623,0.31006724465958424,FALSE,FALSE
2000-01-24,East_Antarctica,0.524025554,-0.17920553888761492,0.17920553888761492,0.31006724465958424,FALSE,FALSE
2000-01-25,East_Antarctica,0.507658532,-0.1861492957231734,0.1861492957231734,0.31006724465958424,FALSE,FALSE
2000-01-26,East_Antarctica,0.497384422,-0.1872118674579785,0.1872118674579785,0.31006724465958424,FALSE,FALSE
2000-01-27,East_Antarctica,0.482192841,-0.1934092658014473,0.1934092658014473,0.31006724465958424,FALSE,FALSE
2000-01-28,East_Antarctica,0.492090238,-0.17473512704873145,0.17473512704873145,0.31006724465958424,FALSE,FALSE
2000-01-29,East_Antarctica,0.485441982,-0.17282186888044693,0.17282186888044693,0.31006724465958424,FALSE,FALSE
2000-01-30,East_Antarctica,0.492700693,-0.15721465057264433,0.15721465057264433,0.31006724465958424,FALSE,FALSE
2000-01-31,East_Antarctica,0.476208705,-0.16556891740137247,0.16556891740137247,0.31006724465958424,FALSE,FALSE
2000-02-01,East_Antarctica,0.471998223,-0.1618502436426798,0.1618502436426798,0.31006724465958424,FALSE,FALSE
2000-02-02,East_Antarctica,0.453091082,-0.1730345735726166,0.1730345735726166,0.31006724465958424,FALSE,FALSE
2000-02-03,East_Antarctica,0.456051423,-0.1625555454672305,0.1625555454672305,0.31006724465958424,FALSE,FALSE
2000-02-04,East_Antarctica,0.443865052,-0.1674251326025718,0.1674251326025718,0.31006724465958424,FALSE,FALSE
2000-02-05,East_Antarctica,0.440261649,-0.16391143425468968,0.16391143425468968,0.31006724465958424,FALSE,FALSE
2000-02-06,East_Antarctica,0.431097064,-0.1661563796996332,0.1661563796996332,0.31006724465958424,FALSE,FALSE
2000-02-07,East_Antarctica,0.44451547,-0.14601357521345104,0.14601357521345104,0.31006724465958424,FALSE,FALSE
2000-02-08,East_Antarctica,0.443350674,-0.1406471323191602,0.1406471323191602,0.31006724465958424,FALSE,FALSE
2000-02-09,East_Antarctica,0.439721995,-0.13795403438723777,0.13795403438723777,0.31006724465958424,FALSE,FALSE
2000-02-10,East_Antarctica,0.437837553,-0.1337790248454523,0.1337790248454523,0.31006724465958424,FALSE,FALSE
2000-02-11,East_Antarctica,0.439103674,-0.1267729638670843,0.1267729638670843,0.31006724465958424,FALSE,FALSE
2000-02-12,East_Antarctica,0.427037493,-0.13347590262541392,0.13347590262541392,0.31006724465958424,FALSE,FALSE
2000-02-13,East_Antarctica,0.441560786,-0.11402325129372254,0.11402325129372254,0.31006724465958424,FALSE,FALSE
2000-02-14,East_Antarctica,0.442059524,-0.10908622504528936,0.10908622504528936,0.31006724465958424,FALSE,FALSE
2000-02-15,East_Antarctica,0.43845581,-0.1087999070533956,0.1087999070533956,0.31006724465958424,FALSE,FALSE
2000-02-16,East_Antarctica,0.446337713,-0.0976334144913228,0.0976334144913228,0.31006724465958424,FALSE,FALSE
2000-02-17,East_Antarctica,0.442075182,-0.09927398453234998,0.09927398453234998,0.31006724465958424,FALSE,FALSE
2000-02-18,East_Antarctica,0.417904107,-0.12154291334975852,0.12154291334975852,0.31006724465958424,FALSE,FALSE
2000-02-19,East_Antarctica,0.433762597,-0.1045592781168278,0.1045592781168278,0.31006724465958424,FALSE,FALSE
2000-02-20,East_Antarctica,0.442998675,-0.09503224200683946,0.09503224200683946,0.31006724465958424,FALSE,FALSE
2000-02-21,East_Antarctica,0.453354999,-0.0852732575045847,0.0852732575045847,0.31006724465958424,FALSE,FALSE
2000-02-22,East_Antarctica,0.458295695,-0.0818350205758267,0.0818350205758267,0.31006724465958424,FALSE,FALSE
2000-02-23,East_Antarctica,0.464449387,-0.07808092323625698,0.07808092323625698,0.31006724465958424,FALSE,FALSE
2000-02-24,East_Antarctica,0.471666925,-0.07415168308510972,0.07415168308510972,0.31006724465958424,FALSE,FALSE
2000-02-25,East_Antarctica,0.482559438,-0.06742773872161878,0.06742773872161878,0.31006724465958424,FALSE,FALSE
2000-02-26,East_Antarctica,0.488133749,-0.06689383474501648,0.06689383474501648,0.31006724465958424,FALSE,FALSE
2000-02-27,East_Antarctica,0.498509319,-0.06242207775453828,0.06242207775453828,0.31006724465958424,FALSE,FALSE
2000-02-28,East_Antarctica,0.514940885,-0.05274929834941666,0.05274929834941666,0.31006724465958424,FALSE,FALSE
2000-03-01,East_Antarctica,0.508857343,-0.07488160469217786,0.07488160469217786,0.31006724465958424,FALSE,FALSE
2000-03-02,East_Antarctica,0.541398654,-0.05161340663852754,0.05161340663852754,0.31006724465958424,FALSE,FALSE
2000-03-03,East_Antarctica,0.549559314,-0.05354710356716907,0.05354710356716907,0.31006724465958424,FALSE,FALSE
2000-03-04,East_Antarctica,0.574530492,-0.03948308993456739,0.03948308993456739,0.31006724465958424,FALSE,FALSE
2000-03-05,East_Antarctica,0.592884637,-0.03282506961669596,0.03282506961669596,0.31006724465958424,FALSE,FALSE
2000-03-06,East_Antarctica,0.606225533,-0.03189524049318337,0.03189524049318337,0.31006724465958424,FALSE,FALSE
2000-03-07,East_Antarctica,0.622552836,-0.02860973567992764,0.02860973567992764,0.31006724465958424,FALSE,FALSE
2000-03-08,East_Antarctica,0.618719552,-0.04603133829282879,0.04603133829282879,0.31006724465958424,FALSE,FALSE
2000-03-09,East_Antarctica,0.632072402,-0.04672911644778521,0.04672911644778521,0.31006724465958424,FALSE,FALSE
2000-03-10,East_Antarctica,0.650626305,-0.04260394026069536,0.04260394026069536,0.31006724465958424,FALSE,FALSE
2000-03-11,East_Antarctica,0.662805915,-0.04514694484745751,0.04514694484745751,0.31006724465958424,FALSE,FALSE
2000-03-12,East_Antarctica,0.670254627,-0.05263052432397286,0.05263052432397286,0.31006724465958424,FALSE,FALSE
2000-03-13,East_Antarctica,0.689739986,-0.04820292280613858,0.04820292280613858,0.31006724465958424,FALSE,FALSE
2000-03-14,East_Antarctica,0.699471039,-0.0535708824098543,0.0535708824098543,0.31006724465958424,FALSE,FALSE
2000-03-15,East_Antarctica,0.719441613,-0.04865636525101924,0.04865636525101924,0.31006724465958424,FALSE,FALSE
2000-03-16,East_Antarctica,0.730889437,-0.05213743144553018,0.05213743144553018,0.31006724465958424,FALSE,FALSE
2000-03-17,East_Antarctica,0.751452228,-0.04629460360892767,0.04629460360892767,0.31006724465958424,FALSE,FALSE
2000-03-18,East_Antarctica,0.779412551,-0.03282475722803957,0.03282475722803957,0.31006724465958424,FALSE,FALSE
2000-03-19,East_Antarctica,0.797046227,-0.0294955284136642,0.0294955284136642,0.31006724465958424,FALSE,FALSE
2000-03-20,East_Antarctica,0.79093961,-0.04976703428399187,0.04976703428399187,0.31006724465958424,FALSE,FALSE
2000-03-21,East_Antarctica,0.769627206,-0.08515123995721485,0.08515123995721485,0.31006724465958424,FALSE,FALSE
2000-03-22,East_Antarctica,0.768286463,-0.1005171685515246,0.1005171685515246,0.31006724465958424,FALSE,FALSE
2000-03-23,East_Antarctica,0.801665823,-0.08116284918511196,0.08116284918511196,0.31006724465958424,FALSE,FALSE
2000-03-24,East_Antarctica,0.830742341,-0.06615769797616788,0.06615769797616788,0.31006724465958424,FALSE,FALSE
2000-03-25,East_Antarctica,0.841208755,-0.06985544804288601,0.06985544804288601,0.31006724465958424,FALSE,FALSE
2000-03-26,East_Antarctica,0.854662823,-0.0707048125034544,0.0707048125034544,0.31006724465958424,FALSE,FALSE
2000-03-27,East_Antarctica,0.885040026,-0.05481678147606794,0.05481678147606794,0.31006724465958424,FALSE,FALSE
2000-03-28,East_Antarctica,0.889243733,-0.06533445707891605,0.06533445707891605,0.31006724465958424,FALSE,FALSE
2000-03-29,East_Antarctica,0.880104556,-0.08947369843018949,0.08947369843018949,0.31006724465958424,FALSE,FALSE
2000-03-30,East_Antarctica,0.883716891,-0.10117785126454026,0.10117785126454026,0.31006724465958424,FALSE,FALSE
2000-03-31,East_Antarctica,0.895138486,-0.10537919421612307,0.10537919421612307,0.31006724465958424,FALSE,FALSE
2000-04-01,East_Antarctica,0.910754555,-0.10566631884112064,0.10566631884112064,0.31006724465958424,FALSE,FALSE
2000-04-02,East_Antarctica,0.940368896,-0.09220921928576208,0.09220921928576208,0.31006724465958424,FALSE,FALSE
2000-04-03,East_Antarctica,0.963341971,-0.08562122569627606,0.08562122569627606,0.31006724465958424,FALSE,FALSE
2000-04-04,East_Antarctica,0.977816087,-0.0877338232188899,0.0877338232188899,0.31006724465958424,FALSE,FALSE
2000-04-05,East_Antarctica,1.00491693,-0.07739511799983267,0.07739511799983267,0.31006724465958424,FALSE,FALSE
2000-04-06,East_Antarctica,1.01943483,-0.07978857218533375,0.07978857218533375,0.31006724465958424,FALSE,FALSE
2000-04-07,East_Antarctica,1.042897859,-0.07335990592161945,0.07335990592161945,0.31006724465958424,FALSE,FALSE
2000-04-08,East_Antarctica,1.068196292,-0.0651926363549189,0.0651926363549189,0.31006724465958424,FALSE,FALSE
2000-04-09,East_Antarctica,1.090521438,-0.06006924663146229,0.06006924663146229,0.31006724465958424,FALSE,FALSE
2000-04-10,East_Antarctica,1.127964187,-0.03987263889747461,0.03987263889747461,0.31006724465958424,FALSE,FALSE
2000-04-11,East_Antarctica,1.18154177,-0.00355953681106369,0.00355953681106369,0.31006724465958424,FALSE,FALSE
2000-04-12,East_Antarctica,1.205590299,0.00322063471035849,0.00322063471035849,0.31006724465958424,FALSE,FALSE
2000-04-13,East_Antarctica,1.221117888,0.00147135949878851,0.00147135949878851,0.31006724465958424,FALSE,FALSE
2000-04-14,East_Antarctica,1.239698583,0.00276026999114709,0.00276026999114709,0.31006724465958424,FALSE,FALSE
2000-04-15,East_Antarctica,1.293740112,0.03948868062435951,0.03948868062435951,0.31006724465958424,FALSE,FALSE
2000-04-16,East_Antarctica,1.324364819,0.05277252183534453,0.05277252183534453,0.31006724465958424,FALSE,FALSE
2000-04-17,East_Antarctica,1.351876726,0.06290940206102724,0.06290940206102724,0.31006724465958424,FALSE,FALSE
2000-04-18,East_Antarctica,1.360304428,0.05392150273833107,0.05392150273833107,0.31006724465958424,FALSE,FALSE
2000-04-19,East_Antarctica,1.387244423,0.0633989083041766,0.0633989083041766,0.31006724465958424,FALSE,FALSE
2000-04-20,East_Antarctica,1.402136244,0.0607747381954864,0.0607747381954864,0.31006724465958424,FALSE,FALSE
2000-04-21,East_Antarctica,1.424244941,0.0653076288491834,0.0653076288491834,0.31006724465958424,FALSE,FALSE
2000-04-22,East_Antarctica,1.439910713,0.06333136570218856,0.06333136570218856,0.31006724465958424,FALSE,FALSE
2000-04-23,East_Antarctica,1.458042386,0.06374836119142757,0.06374836119142757,0.31006724465958424,FALSE,FALSE
2000-04-24,East_Antarctica,1.484406266,0.07231911391392187,0.07231911391392187,0.31006724465958424,FALSE,FALSE
2000-04-25,East_Antarctica,1.510135547,0.08017676744951574,0.08017676744951574,0.31006724465958424,FALSE,FALSE
2000-04-26,East_Antarctica,1.520225427,0.07231965072042712,0.07231965072042712,0.31006724465958424,FALSE,FALSE
2000-04-27,East_Antarctica,1.535689165,0.06976418716080413,0.06976418716080413,0.31006724465958424,FALSE,FALSE
2000-04-28,East_Antarctica,1.553565589,0.06955236920479257,0.06955236920479257,0.31006724465958424,FALSE,FALSE
2000-04-29,East_Antarctica,1.595559559,0.093392221286541,0.093392221286541,0.31006724465958424,FALSE,FALSE
2000-04-30,East_Antarctica,1.635796672,0.11541250484019527,0.11541250484019527,0.31006724465958424,FALSE,FALSE
2000-05-01,East_Antarctica,1.639927874,0.10126733029990254,0.10126733029990254,0.31006724465958424,FALSE,FALSE
2000-05-02,East_Antarctica,1.656623255,0.09962995209981183,0.09962995209981183,0.31006724465958424,FALSE,FALSE
2000-05-03,East_Antarctica,1.719380883,0.1440016026740676,0.1440016026740676,0.31006724465958424,FALSE,FALSE
2000-05-04,East_Antarctica,1.774842863,0.18102755145681848,0.18102755145681848,0.31006724465958424,FALSE,FALSE
2000-05-05,East_Antarctica,1.821232968,0.208934735882212,0.208934735882212,0.31006724465958424,FALSE,FALSE
2000-05-06,East_Antarctica,1.845603441,0.2147785663809001,0.2147785663809001,0.31006724465958424,FALSE,FALSE
2000-05-07,East_Antarctica,1.849673306,0.20028290498282653,0.20028290498282653,0.31006724465958424,FALSE,FALSE
2000-05-08,East_Antarctica,1.908557298,0.240571770971985,0.240571770971985,0.31006724465958424,FALSE,FALSE
2000-05-09,East_Antarctica,1.938869897,0.252269660201377,0.252269660201377,0.31006724465958424,FALSE,FALSE
2000-05-10,East_Antarctica,1.93234577,0.22712125552400783,0.22712125552400783,0.31006724465958424,FALSE,FALSE
2000-05-11,East_Antarctica,1.909830826,0.1859824817928799,0.1859824817928799,0.31006724465958424,FALSE,FALSE
2000-05-12,East_Antarctica,1.912738257,0.1702765468609997,0.1702765468609997,0.31006724465958424,FALSE,FALSE
2000-05-13,East_Antarctica,1.904779136,0.1437245395813691,0.1437245395813691,0.31006724465958424,FALSE,FALSE
2000-05-14,East_Antarctica,1.911145024,0.13152803680699332,0.13152803680699332,0.31006724465958424,FALSE,FALSE
2000-05-15,East_Antarctica,1.940691458,0.14255259139087384,0.14255259139087384,0.31006724465958424,FALSE,FALSE
2000-05-16,East_Antarctica,1.966707729,0.15009751018601825,0.15009751018601825,0.31006724465958424,FALSE,FALSE
2000-05-17,East_Antarctica,1.995639804,0.16061877604542496,0.16061877604542496,0.31006724465958424,FALSE,FALSE
2000-05-18,East_Antarctica,2.043719081,0.19035780282210268,0.19035780282210268,0.31006724465958424,FALSE,FALSE
2000-05-19,East_Antarctica,2.103133206,0.2315126819512936,0.2315126819512936,0.31006724465958424,FALSE,FALSE
2000-05-20,East_Antarctica,2.173219898,0.2834394165904359,0.2834394165904359,0.31006724465958424,FALSE,FALSE
2000-05-21,East_Antarctica,2.242591717,0.334775699461467,0.334775699461467,0.31006724465958424,TRUE,FALSE
2000-05-22,East_Antarctica,2.282214946,0.35651317670434723,0.35651317670434723,0.31006724465958424,TRUE,FALSE
2000-05-23,East_Antarctica,2.294604379,0.35119200545902274,0.35119200545902274,0.31006724465958424,TRUE,FALSE
2000-05-24,East_Antarctica,2.286337644,0.32541517686544874,0.32541517686544874,0.31006724465958424,TRUE,FALSE
2000-05-25,East_Antarctica,2.276865494,0.2986588070635785,0.2986588070635785,0.31006724465958424,FALSE,FALSE
2000-05-26,East_Antarctica,2.289693471,0.29445380119336595,0.29445380119336595,0.31006724465958424,FALSE,FALSE
2000-05-27,East_Antarctica,2.275487076,0.26349102339476227,0.26349102339476227,0.31006724465958424,FALSE,FALSE
2000-05-28,East_Antarctica,2.280286006,0.2518355338077205,0.2518355338077205,0.31006724465958424,FALSE,FALSE
2000-05-29,East_Antarctica,2.31837475,0.2737971845721967,0.2737971845721967,0.31006724465958424,FALSE,FALSE
2000-05-30,East_Antarctica,2.350205111,0.2898531418281398,0.2898531418281398,0.31006724465958424,FALSE,FALSE
2000-05-31,East_Antarctica,2.35551847,0.2797701497155054,0.2797701497155054,0.31006724465958424,FALSE,FALSE
2000-06-01,East_Antarctica,2.332381857,0.2416281662873856,0.2416281662873856,0.31006724465958424,FALSE,FALSE
2000-06-02,East_Antarctica,2.30408885,0.19867853219354492,0.19867853219354492,0.31006724465958424,FALSE,FALSE
2000-06-03,East_Antarctica,2.297709924,0.1779341927365894,0.1779341927365894,0.31006724465958424,FALSE,FALSE
2000-06-04,East_Antarctica,2.334316151,0.20040868965265668,0.20040868965265668,0.31006724465958424,FALSE,FALSE
2000-06-05,East_Antarctica,2.387330804,0.2394677656778823,0.2394677656778823,0.31006724465958424,FALSE,FALSE
2000-06-06,East_Antarctica,2.450394324,0.2886943315484056,0.2886943315484056,0.31006724465958424,FALSE,FALSE
2000-06-07,East_Antarctica,2.521642262,0.346166408000363,0.346166408000363,0.31006724465958424,TRUE,FALSE
2000-06-08,East_Antarctica,2.549849747,0.360601593769891,0.360601593769891,0.31006724465958424,TRUE,FALSE
2000-06-09,East_Antarctica,2.526164268,0.3230898475931312,0.3230898475931312,0.31006724465958424,TRUE,FALSE
2000-06-10,East_Antarctica,2.506087515,0.2890753292062156,0.2890753292062156,0.31006724465958424,FALSE,FALSE
2000-06-11,East_Antarctica,2.542089571,0.3109705913452854,0.3109705913452854,0.31006724465958424,TRUE,TRUE
2000-06-12,East_Antarctica,2.574294036,0.3288417037464768,0.3288417037464768,0.31006724465958424,TRUE,TRUE
2000-06-13,East_Antarctica,2.575361817,0.31529317540976587,0.31529317540976587,0.31006724465958424,TRUE,TRUE
2000-06-14,East_Antarctica,2.614729477,0.3397550862209604,0.3397550862209604,0.31006724465958424,TRUE,TRUE
2000-06-15,East_Antarctica,2.66109607,0.37098848308220944,0.37098848308220944,0.31006724465958424,TRUE,TRUE
2000-06-16,East_Antarctica,2.703263681,0.397862405099795,0.397862405099795,0.31006724465958424,TRUE,TRUE
2000-06-17,East_Antarctica,2.750154732,0.4293662283800144,0.4293662283800144,0.31006724465958424,TRUE,TRUE
2000-06-18,East_Antarctica,2.755517394,0.419315078029149,0.419315078029149,0.31006724465958424,TRUE,TRUE
2000-06-19,East_Antarctica,2.75612044,0.40454468115349007,0.40454468115349007,0.31006724465958424,TRUE,TRUE
2000-06-20,East_Antarctica,2.687614352,0.3207724738593267,0.3207724738593267,0.31006724465958424,TRUE,TRUE
2000-06-21,East_Antarctica,2.653443076,0.2715093562529445,0.2715093562529445,0.31006724465958424,FALSE,FALSE
2000-06-22,East_Antarctica,2.66789236,0.2711080304406348,0.2711080304406348,0.31006724465958424,FALSE,FALSE
2000-06-23,East_Antarctica,2.693955407,0.2826286535286848,0.2826286535286848,0.31006724465958424,FALSE,FALSE
2000-06-24,East_Antarctica,2.683650561,0.25815652362338115,0.25815652362338115,0.31006724465958424,FALSE,FALSE
2000-06-25,East_Antarctica,2.650365275,0.2111460478310172,0.2111460478310172,0.31006724465958424,FALSE,FALSE
2000-06-26,East_Antarctica,2.591143204,0.13869831550064626,0.13869831550064626,0.31006724465958424,FALSE,FALSE
2000-06-27,East_Antarctica,2.585028532,0.1198430088853586,0.1198430088853586,0.31006724465958424,FALSE,FALSE
2000-06-28,East_Antarctica,2.623899681,0.14641117780830593,0.14641117780830593,0.31006724465958424,FALSE,FALSE
2000-06-29,East_Antarctica,2.708788543,0.21938717308898423,0.21938717308898423,0.31006724465958424,FALSE,FALSE
2000-06-30,East_Antarctica,2.758101387,0.25712972254688626,0.25712972254688626,0.31006724465958424,FALSE,FALSE
2000-07-01,East_Antarctica,2.819034118,0.3067871900015007,0.3067871900015007,0.31006724465958424,FALSE,FALSE
2000-07-02,East_Antarctica,2.821993054,0.2987183522723247,0.2987183522723247,0.31006724465958424,FALSE,FALSE
2000-07-03,East_Antarctica,2.797502698,0.2634001711788483,0.2634001711788483,0.31006724465958424,FALSE,FALSE
2000-07-04,East_Antarctica,2.782248435,0.23747049054056557,0.23747049054056557,0.31006724465958424,FALSE,FALSE
2000-07-05,East_Antarctica,2.799967802,0.24461930617696792,0.24461930617696792,0.31006724465958424,FALSE,FALSE
2000-07-06,East_Antarctica,2.804862323,0.23900060090754985,0.23900060090754985,0.31006724465958424,FALSE,FALSE
2000-07-07,East_Antarctica,2.817961356,0.24159619155180412,0.24159619155180412,0.31006724465958424,FALSE,FALSE
2000-07-08,East_Antarctica,2.799661078,0.2127547713733735,0.2127547713733735,0.31006724465958424,FALSE,FALSE
2000-07-09,East_Antarctica,2.798461932,0.2009404722574737,0.2009404722574737,0.31006724465958424,FALSE,FALSE
2000-07-10,East_Antarctica,2.75967303,0.1514505460861475,0.1514505460861475,0.31006724465958424,FALSE,FALSE
2000-07-11,East_Antarctica,2.725047722,0.10602971849603372,0.10602971849603372,0.31006724465958424,FALSE,FALSE
2000-07-12,East_Antarctica,2.682154151,0.05223750812377226,0.05223750812377226,0.31006724465958424,FALSE,FALSE
2000-07-13,East_Antarctica,2.662359502,0.02143247560600736,0.02143247560600736,0.31006724465958424,FALSE,FALSE
2000-07-14,East_Antarctica,2.666759132,0.01470135357937962,0.01470135357937962,0.31006724465958424,FALSE,FALSE
2000-07-15,East_Antarctica,2.685443525,0.02212600168053224,0.02212600168053224,0.31006724465958424,FALSE,FALSE
2000-07-16,East_Antarctica,2.664112931,-0.01060195445389622,0.01060195445389622,0.31006724465958424,FALSE,FALSE
2000-07-17,East_Antarctica,2.60844344,-0.07781504918726068,0.07781504918726068,0.31006724465958424,FALSE,FALSE
2000-07-18,East_Antarctica,2.610242933,-0.0877140258829221,0.0877140258829221,0.31006724465958424,FALSE,FALSE
2000-07-19,East_Antarctica,2.630856131,-0.07896278790423672,0.07896278790423672,0.31006724465958424,FALSE,FALSE
2000-07-20,East_Antarctica,2.682955063,-0.03889793061456403,0.03889793061456403,0.31006724465958424,FALSE,FALSE
2000-07-21,East_Antarctica,2.729502265,-0.00456298578602609,0.00456298578602609,0.31006724465958424,FALSE,FALSE
2000-07-22,East_Antarctica,2.773339576,0.02691310464250662,0.02691310464250662,0.31006724465958424,FALSE,FALSE
2000-07-23,East_Antarctica,2.844165421,0.08528370670530316,0.08528370670530316,0.31006724465958424,FALSE,FALSE
2000-07-24,East_Antarctica,2.843836356,0.07246090091107593,0.07246090091107593,0.31006724465958424,FALSE,FALSE
2000-07-25,East_Antarctica,2.849116589,0.06526441976853503,0.06526441976853503,0.31006724465958424,FALSE,FALSE
2000-07-26,East_Antarctica,2.890882066,0.09462573378638828,0.09462573378638828,0.31006724465958424,FALSE,FALSE
2000-07-27,East_Antarctica,2.942703349,0.1341709294733464,0.1341709294733464,0.31006724465958424,FALSE,FALSE
2000-07-28,East_Antarctica,2.957210948,0.13658604133812302,0.13658604133812302,0.31006724465958424,FALSE,FALSE
2000-07-29,East_Antarctica,3.013997698,0.18151942888942377,0.18151942888942377,0.31006724465958424,FALSE,FALSE
2000-07-30,East_Antarctica,3.04690043,0.20286344763596145,0.20286344763596145,0.31006724465958424,FALSE,FALSE
2000-07-31,East_Antarctica,3.054879964,0.19963444208644665,0.19963444208644665,0.31006724465958424,FALSE,FALSE
2000-08-01,East_Antarctica,3.032286322,0.1662379587495857,0.1662379587495857,0.31006724465958424,FALSE,FALSE
2000-08-02,East_Antarctica,3.086064918,0.20967493540093152,0.20967493540093152,0.31006724465958424,FALSE,FALSE
2000-08-03,East_Antarctica,3.144639685,0.2584050363822086,0.2584050363822086,0.31006724465958424,FALSE,FALSE
2000-08-04,East_Antarctica,3.170835681,0.27521765208093774,0.27521765208093774,0.31006724465958424,FALSE,FALSE
2000-08-05,East_Antarctica,3.167115547,0.26252366151853845,0.26252366151853845,0.31006724465958424,FALSE,FALSE
2000-08-06,East_Antarctica,3.153404354,0.24019637371642943,0.24019637371642943,0.31006724465958424,FALSE,FALSE
2000-08-07,East_Antarctica,3.10770143,0.18618335469603095,0.18618335469603095,0.31006724465958424,FALSE,FALSE
2000-08-08,East_Antarctica,3.102390291,0.1728163584787623,0.1728163584787623,0.31006724465958424,FALSE,FALSE
2000-08-09,East_Antarctica,3.101318607,0.16389129308604256,0.16389129308604256,0.31006724465958424,FALSE,FALSE
2000-08-10,East_Antarctica,3.166341433,0.22121145153929112,0.22121145153929112,0.31006724465958424,FALSE,FALSE
2000-08-11,East_Antarctica,3.274327398,0.3215937008599279,0.3215937008599279,0.31006724465958424,TRUE,FALSE
2000-08-12,East_Antarctica,3.332940108,0.37264988506937113,0.37264988506937113,0.31006724465958424,TRUE,FALSE
2000-08-13,East_Antarctica,3.349040657,0.3811893361890437,0.3811893361890437,0.31006724465958424,TRUE,FALSE
2000-08-14,East_Antarctica,3.288443303,0.31297455024036225,0.31297455024036225,0.31006724465958424,TRUE,FALSE
2000-08-15,East_Antarctica,3.278445834,0.2952530855404718,0.2952530855404718,0.31006724465958424,FALSE,FALSE
2000-08-16,East_Antarctica,3.307011648,0.31598365383431304,0.31598365383431304,0.31006724465958424,TRUE,FALSE
2000-08-17,East_Antarctica,3.226239241,0.22731219291180915,0.22731219291180915,0.31006724465958424,FALSE,FALSE
2000-08-18,East_Antarctica,3.175007154,0.16816754231448527,0.16816754231448527,0.31006724465958424,FALSE,FALSE
2000-08-19,East_Antarctica,3.137265375,0.12254998858387588,0.12254998858387588,0.31006724465958424,FALSE,FALSE
2000-08-20,East_Antarctica,3.08299783,0.06049375626151043,0.06049375626151043,0.31006724465958424,FALSE,FALSE
2000-08-21,East_Antarctica,3.042861614,0.01270623888891941,0.01270623888891941,0.31006724465958424,FALSE,FALSE
2000-08-22,East_Antarctica,2.97763242,-0.05998657199236801,0.05998657199236801,0.31006724465958424,FALSE,FALSE
2000-08-23,East_Antarctica,2.951797348,-0.09304727784081868,0.09304727784081868,0.31006724465958424,FALSE,FALSE
2000-08-24,East_Antarctica,2.934854185,-0.11692779311490308,0.11692779311490308,0.31006724465958424,FALSE,FALSE
2000-08-25,East_Antarctica,2.927197238,-0.13118351227309066,0.13118351227309066,0.31006724465958424,FALSE,FALSE
2000-08-26,East_Antarctica,2.91408311,-0.1505075337738515,0.1505075337738515,0.31006724465958424,FALSE,FALSE
2000-08-27,East_Antarctica,2.887176057,-0.1831853030756521,0.1831853030756521,0.31006724465958424,FALSE,FALSE
2000-08-28,East_Antarctica,2.856692122,-0.21895947026193507,0.21895947026193507,0.31006724465958424,FALSE,FALSE
2000-08-29,East_Antarctica,2.825315765,-0.25515891677923763,0.25515891677923763,0.31006724465958424,FALSE,FALSE
2000-08-30,East_Antarctica,2.776413796,-0.3084507072050129,0.3084507072050129,0.31006724465958424,FALSE,FALSE
2000-08-31,East_Antarctica,2.770931712,-0.31792325594641024,0.31792325594641024,0.31006724465958424,TRUE,FALSE
2000-09-01,East_Antarctica,2.817121229,-0.2753587584105772,0.2753587584105772,0.31006724465958424,FALSE,FALSE
2000-09-02,East_Antarctica,2.847855876,-0.24791759700466545,0.24791759700466545,0.31006724465958424,FALSE,FALSE
2000-09-03,East_Antarctica,2.839239174,-0.2595301621358188,0.2595301621358188,0.31006724465958424,FALSE,FALSE
2000-09-04,East_Antarctica,2.810493198,-0.29100829021118724,0.29100829021118724,0.31006724465958424,FALSE,FALSE
2000-09-05,East_Antarctica,2.759113307,-0.3448905336379209,0.3448905336379209,0.31006724465958424,TRUE,TRUE
2000-09-06,East_Antarctica,2.753349604,-0.35296070082316566,0.35296070082316566,0.31006724465958424,TRUE,TRUE
2000-09-07,East_Antarctica,2.781008803,-0.3274459891740742,0.3274459891740742,0.31006724465958424,TRUE,TRUE
2000-09-08,East_Antarctica,2.780445644,-0.33002557009778855,0.33002557009778855,0.31006724465958424,TRUE,TRUE
2000-09-09,East_Antarctica,2.773222279,-0.3391711511935247,0.3391711511935247,0.31006724465958424,TRUE,TRUE
2000-09-10,East_Antarctica,2.761839099,-0.3524112828478203,0.3524112828478203,0.31006724465958424,TRUE,TRUE
2000-09-11,East_Antarctica,2.744642287,-0.3714198234099104,0.3714198234099104,0.31006724465958424,TRUE,TRUE
2000-09-12,East_Antarctica,2.735394568,-0.3824531521326908,0.3824531521326908,0.31006724465958424,TRUE,TRUE
2000-09-13,East_Antarctica,2.758390654,-0.3612356612690544,0.3612356612690544,0.31006724465958424,TRUE,TRUE
2000-09-14,East_Antarctica,2.753368721,-0.3680482790719002,0.3680482790719002,0.31006724465958424,TRUE,TRUE
2000-09-15,East_Antarctica,2.760933702,-0.36230517679412166,0.36230517679412166,0.31006724465958424,TRUE,TRUE
2000-09-16,East_Antarctica,2.764489873,-0.360621182688615,0.360621182688615,0.31006724465958424,TRUE,TRUE
2000-09-17,East_Antarctica,2.746541246,-0.3805113890082757,0.3805113890082757,0.31006724465958424,TRUE,TRUE
2000-09-18,East_Antarctica,2.794554055,-0.33452866600599895,0.33452866600599895,0.31006724465958424,TRUE,TRUE
2000-09-19,East_Antarctica,2.881337196,-0.24988322193467916,0.24988322193467916,0.31006724465958424,FALSE,FALSE
2000-09-20,East_Antarctica,2.919026992,-0.21445783804721463,0.21445783804721463,0.31006724465958424,FALSE,FALSE
2000-09-21,East_Antarctica,2.913491981,-0.2224030805964996,0.2224030805964996,0.31006724465958424,FALSE,FALSE
2000-09-22,East_Antarctica,2.926967763,-0.21149636687983664,0.21149636687983664,0.31006724465958424,FALSE,FALSE
2000-09-23,East_Antarctica,2.908717691,-0.23242219348710513,0.23242219348710513,0.31006724465958424,FALSE,FALSE
2000-09-24,East_Antarctica,2.903378224,-0.2404524192750972,0.2404524192750972,0.31006724465958424,FALSE,FALSE
2000-09-25,East_Antarctica,2.926207855,-0.22023631442677336,0.22023631442677336,0.31006724465958424,FALSE,FALSE
2000-09-26,East_Antarctica,2.95936976,-0.18951846612510037,0.18951846612510037,0.31006724465958424,FALSE,FALSE
2000-09-27,East_Antarctica,2.969308875,-0.1817617015530386,0.1817617015530386,0.31006724465958424,FALSE,FALSE
2000-09-28,East_Antarctica,2.954987827,-0.19791115689355276,0.19791115689355276,0.31006724465958424,FALSE,FALSE
2000-09-29,East_Antarctica,2.902423669,-0.2518575423296059,0.2518575423296059,0.31006724465958424,FALSE,FALSE
2000-09-30,East_Antarctica,2.836486713,-0.3186383090441618,0.3186383090441618,0.31006724465958424,TRUE,FALSE
2000-10-01,East_Antarctica,2.863561879,-0.2917763002201825,0.2917763002201825,0.31006724465958424,FALSE,FALSE
2000-10-02,East_Antarctica,2.91081278,-0.2440156660406303,0.2440156660406303,0.31006724465958424,FALSE,FALSE
2000-10-03,East_Antarctica,2.970538786,-0.1829647996884729,0.1829647996884729,0.31006724465958424,FALSE,FALSE
2000-10-04,East_Antarctica,2.993321122,-0.15795026710745885,0.15795026710745885,0.31006724465958424,FALSE,FALSE
2000-10-05,East_Antarctica,3.005791588,-0.14228163951429318,0.14228163951429318,0.31006724465958424,FALSE,FALSE
2000-10-06,East_Antarctica,3.015652553,-0.12829669715393077,0.12829669715393077,0.31006724465958424,FALSE,FALSE
2000-10-07,East_Antarctica,3.016347082,-0.12261059551680642,0.12261059551680642,0.31006724465958424,FALSE,FALSE
2000-10-08,East_Antarctica,3.049921201,-0.08323552909335774,0.08323552909335774,0.31006724465958424,FALSE,FALSE
2000-10-09,East_Antarctica,3.079648709,-0.04695591937401744,0.04695591937401744,0.31006724465958424,FALSE,FALSE
2000-10-10,East_Antarctica,3.060831529,-0.05852806384922138,0.05852806384922138,0.31006724465958424,FALSE,FALSE
2000-10-11,East_Antarctica,3.041599598,-0.06988024600941012,0.06988024600941012,0.31006724465958424,FALSE,FALSE
2000-10-12,East_Antarctica,2.885326503,-0.21769709934501513,0.21769709934501513,0.31006724465958424,FALSE,FALSE
2000-10-13,East_Antarctica,2.807664517,-0.2863845713464719,0.2863845713464719,0.31006724465958424,FALSE,FALSE
2000-10-14,East_Antarctica,2.745979528,-0.33863499450421797,0.33863499450421797,0.31006724465958424,TRUE,FALSE
2000-10-15,East_Antarctica,2.740386122,-0.3343920033086847,0.3343920033086847,0.31006724465958424,TRUE,FALSE
2000-10-16,East_Antarctica,2.765605648,-0.29899246925031475,0.29899246925031475,0.31006724465958424,FALSE,FALSE
2000-10-17,East_Antarctica,2.777949385,-0.2761800339750815,0.2761800339750815,0.31006724465958424,FALSE,FALSE
2000-10-18,East_Antarctica,2.75816793,-0.2851889334104518,0.2851889334104518,0.31006724465958424,FALSE,FALSE
2000-10-19,East_Antarctica,2.740283411,-0.2919148675533987,0.2919148675533987,0.31006724465958424,FALSE,FALSE
2000-10-20,East_Antarctica,2.73961459,-0.28095421950513133,0.28095421950513133,0.31006724465958424,FALSE,FALSE
2000-10-21,East_Antarctica,2.744375391,-0.2640082103668657,0.2640082103668657,0.31006724465958424,FALSE,FALSE
2000-10-22,East_Antarctica,2.739033289,-0.2565245102398084,0.2565245102398084,0.31006724465958424,FALSE,FALSE
2000-10-23,East_Antarctica,2.718485209,-0.26352133922517496,0.26352133922517496,0.31006724465958424,FALSE,FALSE
2000-10-24,East_Antarctica,2.712213759,-0.25543123442417626,0.25543123442417626,0.31006724465958424,FALSE,FALSE
2000-10-25,East_Antarctica,2.730813679,-0.2215746009380224,0.2215746009380224,0.31006724465958424,FALSE,FALSE
2000-10-26,East_Antarctica,2.756795284,-0.1793562688679282,0.1793562688679282,0.31006724465958424,FALSE,FALSE
2000-10-27,East_Antarctica,2.769574082,-0.14927587531510422,0.14927587531510422,0.31006724465958424,FALSE,FALSE
2000-10-28,East_Antarctica,2.777224993,-0.1231736453807626,0.1231736453807626,0.31006724465958424,FALSE,FALSE
2000-10-29,East_Antarctica,2.731168631,-0.14954411016611502,0.14954411016611502,0.31006724465958424,FALSE,FALSE
2000-10-30,East_Antarctica,2.744171788,-0.11554803341974962,0.11554803341974962,0.31006724465958424,FALSE,FALSE
2000-10-31,East_Antarctica,2.74790207,-0.0895064527915097,0.0895064527915097,0.31006724465958424,FALSE,FALSE
2000-11-01,East_Antarctica,2.738870917,-0.07491533576069376,0.07491533576069376,0.31006724465958424,FALSE,FALSE
2000-11-02,East_Antarctica,2.713555306,-0.07530511785081684,0.07530511785081684,0.31006724465958424,FALSE,FALSE
2000-11-03,East_Antarctica,2.682923068,-0.07971538058538918,0.07971538058538918,0.31006724465958424,FALSE,FALSE
2000-11-04,East_Antarctica,2.654638392,-0.08048934748792114,0.08048934748792114,0.31006724465958424,FALSE,FALSE
2000-11-05,East_Antarctica,2.648274253,-0.05806145608192858,0.05806145608192858,0.31006724465958424,FALSE,FALSE
2000-11-06,East_Antarctica,2.603428739,-0.07284103089091865,0.07284103089091865,0.31006724465958424,FALSE,FALSE
2000-11-07,East_Antarctica,2.567032169,-0.07790516543840642,0.07790516543840642,0.31006724465958424,FALSE,FALSE
2000-11-08,East_Antarctica,2.52337442,-0.08897139524790276,0.08897139524790276,0.31006724465958424,FALSE,FALSE
2000-11-09,East_Antarctica,2.47657561,-0.10192701484291831,0.10192701484291831,0.31006724465958424,FALSE,FALSE
2000-11-10,East_Antarctica,2.423556062,-0.11985911374696644,0.11985911374696644,0.31006724465958424,FALSE,FALSE
2000-11-11,East_Antarctica,2.380118105,-0.12697368304826329,0.12697368304826329,0.31006724465958424,FALSE,FALSE
2000-11-12,East_Antarctica,2.380886881,-0.0887041064070675,0.0887041064070675,0.31006724465958424,FALSE,FALSE
2000-11-13,East_Antarctica,2.387567824,-0.04347894493442883,0.04347894493442883,0.31006724465958424,FALSE,FALSE
2000-11-14,East_Antarctica,2.37758989,-0.01400946272772074,0.01400946272772074,0.31006724465958424,FALSE,FALSE
2000-11-15,East_Antarctica,2.35832329,0.00693433111568087,0.00693433111568087,0.31006724465958424,FALSE,FALSE
2000-11-16,East_Antarctica,2.293149931,-0.01740587650159808,0.01740587650159808,0.31006724465958424,FALSE,FALSE
2000-11-17,East_Antarctica,2.168053199,-0.10118691967693572,0.10118691967693572,0.31006724465958424,FALSE,FALSE
2000-11-18,East_Antarctica,2.143351654,-0.08423045850770672,0.08423045850770672,0.31006724465958424,FALSE,FALSE
2000-11-19,East_Antarctica,2.130897963,-0.05482404609128455,0.05482404609128455,0.31006724465958424,FALSE,FALSE
2000-11-20,East_Antarctica,2.125232299,-0.01856772952504481,0.01856772952504481,0.31006724465958424,FALSE,FALSE
2000-11-21,East_Antarctica,2.096073434,-0.00588295690636364,0.00588295690636364,0.31006724465958424,FALSE,FALSE
2000-11-22,East_Antarctica,2.033312382,-0.02701893433261792,0.02701893433261792,0.31006724465958424,FALSE,FALSE
2000-11-23,East_Antarctica,2.002789584,-0.01627544090118071,0.01627544090118071,0.31006724465958424,FALSE,FALSE
2000-11-24,East_Antarctica,1.970911894,-0.00737735506566217,0.00737735506566217,0.31006724465958424,FALSE,FALSE
2000-11-25,East_Antarctica,1.917773047,-0.02029088721076921,0.02029088721076921,0.31006724465958424,FALSE,FALSE
2000-11-26,East_Antarctica,1.873115186,-0.02529774332186041,0.02529774332186041,0.31006724465958424,FALSE,FALSE
2000-11-27,East_Antarctica,1.823940353,-0.03541945697503279,0.03541945697503279,0.31006724465958424,FALSE,FALSE
2000-11-28,East_Antarctica,1.770337575,-0.05059057674638878,0.05059057674638878,0.31006724465958424,FALSE,FALSE
2000-11-29,East_Antarctica,1.715247275,-0.06789425521202408,0.06789425521202408,0.31006724465958424,FALSE,FALSE
2000-11-30,East_Antarctica,1.680144627,-0.06587889394803992,0.06587889394803992,0.31006724465958424,FALSE,FALSE
2000-12-01,East_Antarctica,1.634327605,-0.07527009453053335,0.07527009453053335,0.31006724465958424,FALSE,FALSE
2000-12-02,East_Antarctica,1.587720246,-0.08616739553560526,0.08616739553560526,0.31006724465958424,FALSE,FALSE
2000-12-03,East_Antarctica,1.559008802,-0.07990812053935414,0.07990812053935414,0.31006724465958424,FALSE,FALSE
2000-12-04,East_Antarctica,1.515605495,-0.0891036231178779,0.0891036231178779,0.31006724465958424,FALSE,FALSE
2000-12-05,East_Antarctica,1.46304905,-0.10823875384727732,0.10823875384727732,0.31006724465958424,FALSE,FALSE
2000-12-06,East_Antarctica,1.430093475,-0.1085830563177963,0.1085830563177963,0.31006724465958424,FALSE,FALSE
2000-12-07,East_Antarctica,1.412216108,-0.0946752981430372,0.0946752981430372,0.31006724465958424,FALSE,FALSE
2000-12-08,East_Antarctica,1.378810092,-0.09712048497494896,0.09712048497494896,0.31006724465958424,FALSE,FALSE
2000-12-09,East_Antarctica,1.327156217,-0.11863332282190409,0.11863332282190409,0.31006724465958424,FALSE,FALSE
2000-12-10,East_Antarctica,1.321804152,-0.09465963869228312,0.09465963869228312,0.31006724465958424,FALSE,FALSE
2000-12-11,East_Antarctica,1.288454612,-0.09949421359446232,0.09949421359446232,0.31006724465958424,FALSE,FALSE
2000-12-12,East_Antarctica,1.257993577,-0.1022465635368166,0.1022465635368166,0.31006724465958424,FALSE,FALSE
2000-12-13,East_Antarctica,1.235101286,-0.09823194552772296,0.09823194552772296,0.31006724465958424,FALSE,FALSE
2000-12-14,East_Antarctica,1.22488437,-0.08233922457555765,0.08233922457555765,0.31006724465958424,FALSE,FALSE
2000-12-15,East_Antarctica,1.219160854,-0.06274587168869772,0.06274587168869772,0.31006724465958424,FALSE,FALSE
2000-12-16,East_Antarctica,1.206036929,-0.05134119187551933,0.05134119187551933,0.31006724465958424,FALSE,FALSE
2000-12-17,East_Antarctica,1.192911821,-0.0407214551444004,0.0407214551444004,0.31006724465958424,FALSE,FALSE
2000-12-18,East_Antarctica,1.189439924,-0.02122776350371502,0.02122776350371502,0.31006724465958424,FALSE,FALSE
2000-12-19,East_Antarctica,1.125051687,-0.06342435747833419,0.06342435747833419,0.31006724465958424,FALSE,FALSE
2000-12-20,East_Antarctica,1.065756771,-0.1012835135343586,0.1012835135343586,0.31006724465958424,FALSE,FALSE
2000-12-21,East_Antarctica,1.011711084,-0.13462108217681168,0.13462108217681168,0.31006724465958424,FALSE,FALSE
2000-12-22,East_Antarctica,0.962893438,-0.16342972625439778,0.16342972625439778,0.31006724465958424,FALSE,FALSE
2000-12-23,East_Antarctica,0.931677119,-0.17530763461581922,0.17530763461581922,0.31006724465958424,FALSE,FALSE
2000-12-24,East_Antarctica,0.920910838,-0.1673775711097807,0.1673775711097807,0.31006724465958424,FALSE,FALSE
2000-12-25,East_Antarctica,0.917994984,-0.15221062158498577,0.15221062158498577,0.31006724465958424,FALSE,FALSE
2000-12-26,East_Antarctica,0.922107177,-0.13060064089013945,0.13060064089013945,0.31006724465958424,FALSE,FALSE
2000-12-27,East_Antarctica,0.90919645,-0.12657007087394456,0.12657007087394456,0.31006724465958424,FALSE,FALSE
2000-12-28,East_Antarctica,0.90731628,-0.11203690938510358,0.11203690938510358,0.31006724465958424,FALSE,FALSE
2000-12-29,East_Antarctica,0.900649696,-0.10278960227232148,0.10278960227232148,0.31006724465958424,FALSE,FALSE
2000-12-30,East_Antarctica,0.899403569,-0.08859275338430461,0.08859275338430461,0.31006724465958424,FALSE,FALSE
2000-12-31,East_Antarctica,0.921800579,-0.05119515756975434,0.05119515756975434,0.31006724465958424,FALSE,FALSE
2001-01-01,East_Antarctica,0.924232563,-0.04876317356975401,0.04876317356975401,0.31006724465958424,FALSE,FALSE
2001-01-02,East_Antarctica,0.915254557,-0.04315556165614787,0.04315556165614787,0.31006724465958424,FALSE,FALSE
2001-01-03,East_Antarctica,0.902467235,-0.04174922338607123,0.04174922338607123,0.31006724465958424,FALSE,FALSE
2001-01-04,East_Antarctica,0.892983118,-0.03740973048087881,0.03740973048087881,0.31006724465958424,FALSE,FALSE
2001-01-05,East_Antarctica,0.898319296,-0.01859808566192367,0.01859808566192367,0.31006724465958424,FALSE,FALSE
2001-01-06,East_Antarctica,0.885930081,-0.01783806965056877,0.01783806965056877,0.31006724465958424,FALSE,FALSE
2001-01-07,East_Antarctica,0.889652352,-0.00127089616816677,0.00127089616816677,0.31006724465958424,FALSE,FALSE
2001-01-08,East_Antarctica,0.882919206,0.00455843906392527,0.00455843906392527,0.31006724465958424,FALSE,FALSE
2001-01-09,East_Antarctica,0.874289886,0.00823108632434888,0.00823108632434888,0.31006724465958424,FALSE,FALSE
2001-01-10,East_Antarctica,0.879082699,0.02508725989175031,0.02508725989175031,0.31006724465958424,FALSE,FALSE
2001-01-11,East_Antarctica,0.875556967,0.03340818904477027,0.03340818904477027,0.31006724465958424,FALSE,FALSE
2001-01-12,East_Antarctica,0.851396213,0.02089930406205353,0.02089930406205353,0.31006724465958424,FALSE,FALSE
2001-01-13,East_Antarctica,0.814054613,-0.00496331177775699,0.00496331177775699,0.31006724465958424,FALSE,FALSE
2001-01-14,East_Antarctica,0.777227843,-0.03046241002744465,0.03046241002744465,0.31006724465958424,FALSE,FALSE
2001-01-15,East_Antarctica,0.779838335,-0.01666600161132592,0.01666600161132592,0.31006724465958424,FALSE,FALSE
2001-01-16,East_Antarctica,0.78953349,0.00406781885841733,0.00406781885841733,0.31006724465958424,FALSE,FALSE
2001-01-17,East_Antarctica,0.794945955,0.02036525078649742,0.02036525078649742,0.31006724465958424,FALSE,FALSE
2001-01-18,East_Antarctica,0.804627865,0.04077198157762829,0.04077198157762829,0.31006724465958424,FALSE,FALSE
2001-01-19,East_Antarctica,0.791284676,0.03798701963652207,0.03798701963652207,0.31006724465958424,FALSE,FALSE
2001-01-20,East_Antarctica,0.773146961,0.03023449036789149,0.03023449036789149,0.31006724465958424,FALSE,FALSE
2001-01-21,East_Antarctica,0.763504099,0.03079732517644962,0.03079732517644962,0.31006724465958424,FALSE,FALSE
2001-01-22,East_Antarctica,0.760464078,0.03777706446690976,0.03777706446690976,0.31006724465958424,FALSE,FALSE
2001-01-23,East_Antarctica,0.758733648,0.04587401064398377,0.04587401064398377,0.31006724465958424,FALSE,FALSE
2001-01-24,East_Antarctica,0.75080115,0.04757005711238515,0.04757005711238515,0.31006724465958424,FALSE,FALSE
2001-01-25,East_Antarctica,0.748227659,0.05441983127682659,0.05441983127682659,0.31006724465958424,FALSE,FALSE
2001-01-26,East_Antarctica,0.745738822,0.06114253254202151,0.06114253254202151,0.31006724465958424,FALSE,FALSE
2001-01-27,East_Antarctica,0.746386625,0.07078451819855269,0.07078451819855269,0.31006724465958424,FALSE,FALSE
2001-01-28,East_Antarctica,0.748111811,0.08128644595126855,0.08128644595126855,0.31006724465958424,FALSE,FALSE
2001-01-29,East_Antarctica,0.743867068,0.0856032171195531,0.0856032171195531,0.31006724465958424,FALSE,FALSE
2001-01-30,East_Antarctica,0.732966276,0.08305093242735562,0.08305093242735562,0.31006724465958424,FALSE,FALSE
2001-01-31,East_Antarctica,0.723997687,0.08222006459862752,0.08222006459862752,0.31006724465958424,FALSE,FALSE
2001-02-01,East_Antarctica,0.703521643,0.06967317635732018,0.06967317635732018,0.31006724465958424,FALSE,FALSE
2001-02-02,East_Antarctica,0.694454678,0.06832902242738348,0.06832902242738348,0.31006724465958424,FALSE,FALSE
2001-02-03,East_Antarctica,0.686455944,0.06784897553276947,0.06784897553276947,0.31006724465958424,FALSE,FALSE
2001-02-04,East_Antarctica,0.674263709,0.0629735243974282,0.0629735243974282,0.31006724465958424,FALSE,FALSE
2001-02-05,East_Antarctica,0.672447329,0.06827424574531038,0.06827424574531038,0.31006724465958424,FALSE,FALSE
2001-02-06,East_Antarctica,0.635580605,0.03832716130036684,0.03832716130036684,0.31006724465958424,FALSE,FALSE
2001-02-07,East_Antarctica,0.619720659,0.02919161378654888,0.02919161378654888,0.31006724465958424,FALSE,FALSE
2001-02-08,East_Antarctica,0.616093197,0.03209539068083977,0.03209539068083977,0.31006724465958424,FALSE,FALSE
2001-02-09,East_Antarctica,0.604201737,0.02652570761276229,0.02652570761276229,0.31006724465958424,FALSE,FALSE
2001-02-10,East_Antarctica,0.590721512,0.01910493415454772,0.01910493415454772,0.31006724465958424,FALSE,FALSE
2001-02-11,East_Antarctica,0.62334711,0.05747047213291567,0.05747047213291567,0.31006724465958424,FALSE,FALSE
2001-02-12,East_Antarctica,0.621470725,0.06095732937458609,0.06095732937458609,0.31006724465958424,FALSE,FALSE
2001-02-13,East_Antarctica,0.598254351,0.04267031370627749,0.04267031370627749,0.31006724465958424,FALSE,FALSE
2001-02-14,East_Antarctica,0.585065591,0.03391984195471065,0.03391984195471065,0.31006724465958424,FALSE,FALSE
2001-02-15,East_Antarctica,0.578314707,0.03105898994660438,0.03105898994660438,0.31006724465958424,FALSE,FALSE
2001-02-16,East_Antarctica,0.568553344,0.0245822165086772,0.0245822165086772,0.31006724465958424,FALSE,FALSE
2001-02-17,East_Antarctica,0.574170038,0.03282087146765,0.03282087146765,0.31006724465958424,FALSE,FALSE
2001-02-18,East_Antarctica,0.60909749,0.06965046965024146,0.06965046965024146,0.31006724465958424,FALSE,FALSE
2001-02-19,East_Antarctica,0.606132655,0.06781077988317219,0.06781077988317219,0.31006724465958424,FALSE,FALSE
2001-02-20,East_Antarctica,0.620234712,0.08220379499316055,0.08220379499316055,0.31006724465958424,FALSE,FALSE
2001-02-21,East_Antarctica,0.627869914,0.08924165749541535,0.08924165749541535,0.31006724465958424,FALSE,FALSE
2001-02-22,East_Antarctica,0.628412275,0.08828155942417326,0.08828155942417326,0.31006724465958424,FALSE,FALSE
2001-02-23,East_Antarctica,0.640496078,0.097965767763743,0.097965767763743,0.31006724465958424,FALSE,FALSE
2001-02-24,East_Antarctica,0.654071316,0.10825270791489028,0.10825270791489028,0.31006724465958424,FALSE,FALSE
2001-02-25,East_Antarctica,0.654359938,0.10437276127838124,0.10437276127838124,0.31006724465958424,FALSE,FALSE
2001-02-26,East_Antarctica,0.668286636,0.11325905225498356,0.11325905225498356,0.31006724465958424,FALSE,FALSE
2001-02-27,East_Antarctica,0.668100193,0.10716879624546172,0.10716879624546172,0.31006724465958424,FALSE,FALSE
2001-02-28,East_Antarctica,0.65918945,0.09149926665058328,0.09149926665058328,0.31006724465958424,FALSE,FALSE
2001-03-01,East_Antarctica,0.648455985,0.0731604738711149,0.0731604738711149,0.31006724465958424,FALSE,FALSE
2001-03-02,East_Antarctica,0.656471914,0.07273296630782222,0.07273296630782222,0.31006724465958424,FALSE,FALSE
2001-03-03,East_Antarctica,0.670343832,0.07733177136147251,0.07733177136147251,0.31006724465958424,FALSE,FALSE
2001-03-04,East_Antarctica,0.694002517,0.09089609943283096,0.09089609943283096,0.31006724465958424,FALSE,FALSE
2001-03-05,East_Antarctica,0.716972131,0.10295854906543268,0.10295854906543268,0.31006724465958424,FALSE,FALSE
2001-03-06,East_Antarctica,0.73639669,0.11068698338330396,0.11068698338330396,0.31006724465958424,FALSE,FALSE
2001-03-07,East_Antarctica,0.749965029,0.11184425550681654,0.11184425550681654,0.31006724465958424,FALSE,FALSE
2001-03-08,East_Antarctica,0.751885452,0.10072288032007236,0.10072288032007236,0.31006724465958424,FALSE,FALSE
2001-03-09,East_Antarctica,0.770184213,0.1054333227071712,0.1054333227071712,0.31006724465958424,FALSE,FALSE
2001-03-10,East_Antarctica,0.772621382,0.09381986355221472,0.09381986355221472,0.31006724465958424,FALSE,FALSE
2001-03-11,East_Antarctica,0.775827616,0.08259737073930473,0.08259737073930473,0.31006724465958424,FALSE,FALSE
2001-03-12,East_Antarctica,0.788718801,0.08076594115254254,0.08076594115254254,0.31006724465958424,FALSE,FALSE
2001-03-13,East_Antarctica,0.812885865,0.09000071367602713,0.09000071367602713,0.31006724465958424,FALSE,FALSE
2001-03-14,East_Antarctica,0.824457912,0.0865150031938614,0.0865150031938614,0.31006724465958424,FALSE,FALSE
2001-03-15,East_Antarctica,0.806443062,0.05340114059014578,0.05340114059014578,0.31006724465958424,FALSE,FALSE
2001-03-16,East_Antarctica,0.8078014,0.03970342174898078,0.03970342174898078,0.31006724465958424,FALSE,FALSE
2001-03-17,East_Antarctica,0.821182026,0.03815515755446985,0.03815515755446985,0.31006724465958424,FALSE,FALSE
2001-03-18,East_Antarctica,0.849089931,0.05134309939107229,0.05134309939107229,0.31006724465958424,FALSE,FALSE
2001-03-19,East_Antarctica,0.856439074,0.04420176577196044,0.04420176577196044,0.31006724465958424,FALSE,FALSE
2001-03-20,East_Antarctica,0.858849487,0.03230773158633571,0.03230773158633571,0.31006724465958424,FALSE,FALSE
2001-03-21,East_Antarctica,0.88964968,0.04894303571600811,0.04894303571600811,0.31006724465958424,FALSE,FALSE
2001-03-22,East_Antarctica,0.929751933,0.07497348704278517,0.07497348704278517,0.31006724465958424,FALSE,FALSE
2001-03-23,East_Antarctica,0.942571363,0.07376773144847537,0.07376773144847537,0.31006724465958424,FALSE,FALSE
2001-03-24,East_Antarctica,0.947521417,0.06469274481488807,0.06469274481488807,0.31006724465958424,FALSE,FALSE
2001-03-25,East_Antarctica,0.959721561,0.06282152202383207,0.06282152202383207,0.31006724465958424,FALSE,FALSE
2001-03-26,East_Antarctica,0.967636913,0.05657270995711394,0.05657270995711394,0.31006724465958424,FALSE,FALSE
2001-03-27,East_Antarctica,0.971264286,0.04589665049654568,0.04589665049654568,0.31006724465958424,FALSE,FALSE
2001-03-28,East_Antarctica,0.985108692,0.04525188452393203,0.04525188452393203,0.31006724465958424,FALSE,FALSE
2001-03-29,East_Antarctica,1.003739212,0.04916102192108385,0.04916102192108385,0.31006724465958424,FALSE,FALSE
2001-03-30,East_Antarctica,1.009762229,0.04018397456981038,0.04018397456981038,0.31006724465958424,FALSE,FALSE
2001-03-31,East_Antarctica,1.013412886,0.0285181437354598,0.0285181437354598,0.31006724465958424,FALSE,FALSE
2001-04-01,East_Antarctica,1.015812504,0.01529482378387681,0.01529482378387681,0.31006724465958424,FALSE,FALSE
2001-04-02,East_Antarctica,1.027888636,0.01146776215887923,0.01146776215887923,0.31006724465958424,FALSE,FALSE
2001-04-03,East_Antarctica,1.034558346,0.00198023071423802,0.00198023071423802,0.31006724465958424,FALSE,FALSE
2001-04-04,East_Antarctica,1.085830557,0.03686736030372395,0.03686736030372395,0.31006724465958424,FALSE,FALSE
2001-04-05,East_Antarctica,1.109329918,0.04378000778111013,0.04378000778111013,0.31006724465958424,FALSE,FALSE
2001-04-06,East_Antarctica,1.1039372,0.02162515200016734,0.02162515200016734,0.31006724465958424,FALSE,FALSE
2001-04-07,East_Antarctica,1.094913954,-0.00430944818533385,0.00430944818533385,0.31006724465958424,FALSE,FALSE
2001-04-08,East_Antarctica,1.123738171,0.00748040607838063,0.00748040607838063,0.31006724465958424,FALSE,FALSE
2001-04-09,East_Antarctica,1.171173834,0.03778490564508097,0.03778490564508097,0.31006724465958424,FALSE,FALSE
2001-04-10,East_Antarctica,1.193461809,0.04287112436853779,0.04287112436853779,0.31006724465958424,FALSE,FALSE
2001-04-11,East_Antarctica,1.210936944,0.04310011810252545,0.04310011810252545,0.31006724465958424,FALSE,FALSE
2001-04-12,East_Antarctica,1.239758159,0.05465685218893634,0.05465685218893634,0.31006724465958424,FALSE,FALSE
2001-04-13,East_Antarctica,1.260777412,0.05840774771035839,0.05840774771035839,0.31006724465958424,FALSE,FALSE
2001-04-14,East_Antarctica,1.271611349,0.05196482049878859,0.05196482049878859,0.31006724465958424,FALSE,FALSE
2001-04-15,East_Antarctica,1.269840394,0.03290208099114711,0.03290208099114711,0.31006724465958424,FALSE,FALSE
2001-04-16,East_Antarctica,1.271749016,0.01749758462435946,0.01749758462435946,0.31006724465958424,FALSE,FALSE
2001-04-17,East_Antarctica,1.276614985,0.00502268783534454,0.00502268783534454,0.31006724465958424,FALSE,FALSE
2001-04-18,East_Antarctica,1.265884052,-0.02308327193897263,0.02308327193897263,0.31006724465958424,FALSE,FALSE
2001-04-19,East_Antarctica,1.280320888,-0.02606203726166889,0.02606203726166889,0.31006724465958424,FALSE,FALSE
2001-04-20,East_Antarctica,1.315687456,-0.00815805869582342,0.00815805869582342,0.31006724465958424,FALSE,FALSE
2001-04-21,East_Antarctica,1.354049982,0.0126884761954864,0.0126884761954864,0.31006724465958424,FALSE,FALSE
2001-04-22,East_Antarctica,1.403753545,0.04481623284918346,0.04481623284918346,0.31006724465958424,FALSE,FALSE
2001-04-23,East_Antarctica,1.42105061,0.04447126270218859,0.04447126270218859,0.31006724465958424,FALSE,FALSE
2001-04-24,East_Antarctica,1.438324454,0.04403042919142752,0.04403042919142752,0.31006724465958424,FALSE,FALSE
2001-04-25,East_Antarctica,1.409368055,-0.00271909708607798,0.00271909708607798,0.31006724465958424,FALSE,FALSE
2001-04-26,East_Antarctica,1.410475011,-0.01948376855048428,0.01948376855048428,0.31006724465958424,FALSE,FALSE
2001-04-27,East_Antarctica,1.399580062,-0.04832571427957277,0.04832571427957277,0.31006724465958424,FALSE,FALSE
2001-04-28,East_Antarctica,1.450270344,-0.01565463383919585,0.01565463383919585,0.31006724465958424,FALSE,FALSE
2001-04-29,East_Antarctica,1.477510938,-0.00650228179520739,0.00650228179520739,0.31006724465958424,FALSE,FALSE
2001-04-30,East_Antarctica,1.489941055,-0.01222628271345893,0.01222628271345893,0.31006724465958424,FALSE,FALSE
2001-05-01,East_Antarctica,1.54795762,0.02757345284019541,0.02757345284019541,0.31006724465958424,FALSE,FALSE
2001-05-02,East_Antarctica,1.566380011,0.02771946729990238,0.02771946729990238,0.31006724465958424,FALSE,FALSE
2001-05-03,East_Antarctica,1.595066534,0.03807323109981198,0.03807323109981198,0.31006724465958424,FALSE,FALSE
2001-05-04,East_Antarctica,1.592143613,0.01676433267406762,0.01676433267406762,0.31006724465958424,FALSE,FALSE
2001-05-05,East_Antarctica,1.611812399,0.01799708745681849,0.01799708745681849,0.31006724465958424,FALSE,FALSE
2001-05-06,East_Antarctica,1.664719858,0.05242162588221211,0.05242162588221211,0.31006724465958424,FALSE,FALSE
2001-05-07,East_Antarctica,1.689038748,0.05821387338090011,0.05821387338090011,0.31006724465958424,FALSE,FALSE
2001-05-08,East_Antarctica,1.728126639,0.0787362379828267,0.0787362379828267,0.31006724465958424,FALSE,FALSE
2001-05-09,East_Antarctica,1.742347118,0.07436159097198503,0.07436159097198503,0.31006724465958424,FALSE,FALSE
2001-05-10,East_Antarctica,1.722295843,0.0356956062013769,0.0356956062013769,0.31006724465958424,FALSE,FALSE
2001-05-11,East_Antarctica,1.692606345,-0.01261816947599214,0.01261816947599214,0.31006724465958424,FALSE,FALSE
2001-05-12,East_Antarctica,1.678352449,-0.04549589520712027,0.04549589520712027,0.31006724465958424,FALSE,FALSE
2001-05-13,East_Antarctica,1.678289744,-0.06417196613900034,0.06417196613900034,0.31006724465958424,FALSE,FALSE
2001-05-14,East_Antarctica,1.702684326,-0.05837027041863085,0.05837027041863085,0.31006724465958424,FALSE,FALSE
2001-05-15,East_Antarctica,1.730932884,-0.04868410319300675,0.04868410319300675,0.31006724465958424,FALSE,FALSE
2001-05-16,East_Antarctica,1.769949319,-0.02818954760912628,0.02818954760912628,0.31006724465958424,FALSE,FALSE
2001-05-17,East_Antarctica,1.79954572,-0.01706449881398164,0.01706449881398164,0.31006724465958424,FALSE,FALSE
2001-05-18,East_Antarctica,1.824645183,-0.01037584495457522,0.01037584495457522,0.31006724465958424,FALSE,FALSE
2001-05-19,East_Antarctica,1.849972176,-0.00338910217789711,0.00338910217789711,0.31006724465958424,FALSE,FALSE
2001-05-20,East_Antarctica,1.856594727,-0.01502579704870621,0.01502579704870621,0.31006724465958424,FALSE,FALSE
2001-05-21,East_Antarctica,1.877125829,-0.01265465240956431,0.01265465240956431,0.31006724465958424,FALSE,FALSE
2001-05-22,East_Antarctica,1.894341639,-0.01347437853853272,0.01347437853853272,0.31006724465958424,FALSE,FALSE
2001-05-23,East_Antarctica,1.911002779,-0.01469899029565269,0.01469899029565269,0.31006724465958424,FALSE,FALSE
2001-05-24,East_Antarctica,1.952891458,0.0094790844590229,0.0094790844590229,0.31006724465958424,FALSE,FALSE
2001-05-25,East_Antarctica,1.98291028,0.0219878128654487,0.0219878128654487,0.31006724465958424,FALSE,FALSE
2001-05-26,East_Antarctica,2.032407321,0.05420063406357856,0.05420063406357856,0.31006724465958424,FALSE,FALSE
2001-05-27,East_Antarctica,2.046016715,0.05077704519336579,0.05077704519336579,0.31006724465958424,FALSE,FALSE
2001-05-28,East_Antarctica,1.996095912,-0.01590014060523792,0.01590014060523792,0.31006724465958424,FALSE,FALSE
2001-05-29,East_Antarctica,1.957592536,-0.07085793619227942,0.07085793619227942,0.31006724465958424,FALSE,FALSE
2001-05-30,East_Antarctica,2.003226025,-0.04135154042780309,0.04135154042780309,0.31006724465958424,FALSE,FALSE
2001-05-31,East_Antarctica,2.060379831,2.7861828139741363e-5,2.7861828139741363e-5,0.31006724465958424,FALSE,FALSE
2001-06-01,East_Antarctica,2.099082773,0.02333445271550571,0.02333445271550571,0.31006724465958424,FALSE,FALSE
2001-06-02,East_Antarctica,2.086441035,-0.00431265571261452,0.00431265571261452,0.31006724465958424,FALSE,FALSE
2001-06-03,East_Antarctica,2.053741458,-0.05166885980645475,0.05166885980645475,0.31006724465958424,FALSE,FALSE
2001-06-04,East_Antarctica,2.037396597,-0.08237913426341059,0.08237913426341059,0.31006724465958424,FALSE,FALSE
2001-06-05,East_Antarctica,2.047491632,-0.08641582934734338,0.08641582934734338,0.31006724465958424,FALSE,FALSE
2001-06-06,East_Antarctica,2.067853254,-0.08000978432211747,0.08000978432211747,0.31006724465958424,FALSE,FALSE
2001-06-07,East_Antarctica,2.08753895,-0.07416104245159438,0.07416104245159438,0.31006724465958424,FALSE,FALSE
2001-06-08,East_Antarctica,2.118875023,-0.05660083099963664,0.05660083099963664,0.31006724465958424,FALSE,FALSE
2001-06-09,East_Antarctica,2.136157448,-0.05309070523010906,0.05309070523010906,0.31006724465958424,FALSE,FALSE
2001-06-10,East_Antarctica,2.1788181,-0.02425632040686887,0.02425632040686887,0.31006724465958424,FALSE,FALSE
2001-06-11,East_Antarctica,2.244021088,0.02700890220621588,0.02700890220621588,0.31006724465958424,FALSE,FALSE
2001-06-12,East_Antarctica,2.309024599,0.07790561934528517,0.07790561934528517,0.31006724465958424,FALSE,FALSE
2001-06-13,East_Antarctica,2.370716138,0.125263805746477,0.125263805746477,0.31006724465958424,FALSE,FALSE
2001-06-14,East_Antarctica,2.396376419,0.13630777740976585,0.13630777740976585,0.31006724465958424,FALSE,FALSE
2001-06-15,East_Antarctica,2.425258158,0.15028376722096048,0.15028376722096048,0.31006724465958424,FALSE,FALSE
2001-06-16,East_Antarctica,2.410758676,0.12065108908220924,0.12065108908220924,0.31006724465958424,FALSE,FALSE
2001-06-17,East_Antarctica,2.406547771,0.1011464950997949,0.1011464950997949,0.31006724465958424,FALSE,FALSE
2001-06-18,East_Antarctica,2.435709211,0.11492070738001424,0.11492070738001424,0.31006724465958424,FALSE,FALSE
2001-06-19,East_Antarctica,2.461027672,0.12482535602914924,0.12482535602914924,0.31006724465958424,FALSE,FALSE
2001-06-20,East_Antarctica,2.48542311,0.1338473511534901,0.1338473511534901,0.31006724465958424,FALSE,FALSE
2001-06-21,East_Antarctica,2.490417145,0.1235752668593264,0.1235752668593264,0.31006724465958424,FALSE,FALSE
2001-06-22,East_Antarctica,2.535086389,0.15315266925294457,0.15315266925294457,0.31006724465958424,FALSE,FALSE
2001-06-23,East_Antarctica,2.598958578,0.2021742484406346,0.2021742484406346,0.31006724465958424,FALSE,FALSE
2001-06-24,East_Antarctica,2.643813386,0.2324866325286852,0.2324866325286852,0.31006724465958424,FALSE,FALSE
2001-06-25,East_Antarctica,2.647001062,0.22150702462338143,0.22150702462338143,0.31006724465958424,FALSE,FALSE
2001-06-26,East_Antarctica,2.652167354,0.21294812683101716,0.21294812683101716,0.31006724465958424,FALSE,FALSE
2001-06-27,East_Antarctica,2.709452323,0.2570074345006459,0.2570074345006459,0.31006724465958424,FALSE,FALSE
2001-06-28,East_Antarctica,2.72784787,0.26266234688535883,0.26266234688535883,0.31006724465958424,FALSE,FALSE
2001-06-29,East_Antarctica,2.709257018,0.23176851480830596,0.23176851480830596,0.31006724465958424,FALSE,FALSE
2001-06-30,East_Antarctica,2.686977071,0.19757570108898423,0.19757570108898423,0.31006724465958424,FALSE,FALSE
2001-07-01,East_Antarctica,2.693307864,0.1923361995468862,0.1923361995468862,0.31006724465958424,FALSE,FALSE
2001-07-02,East_Antarctica,2.701958284,0.18971135600150069,0.18971135600150069,0.31006724465958424,FALSE,FALSE
2001-07-03,East_Antarctica,2.691985437,0.16871073527232472,0.16871073527232472,0.31006724465958424,FALSE,FALSE
2001-07-04,East_Antarctica,2.656246896,0.12214436917884797,0.12214436917884797,0.31006724465958424,FALSE,FALSE
2001-07-05,East_Antarctica,2.645238392,0.10046044754056548,0.10046044754056548,0.31006724465958424,FALSE,FALSE
2001-07-06,East_Antarctica,2.662624059,0.10727556317696818,0.10727556317696818,0.31006724465958424,FALSE,FALSE
2001-07-07,East_Antarctica,2.700279391,0.1344176689075498,0.1344176689075498,0.31006724465958424,FALSE,FALSE
2001-07-08,East_Antarctica,2.694517016,0.11815185155180384,0.11815185155180384,0.31006724465958424,FALSE,FALSE
2001-07-09,East_Antarctica,2.677048545,0.0901422383733732,0.0901422383733732,0.31006724465958424,FALSE,FALSE
2001-07-10,East_Antarctica,2.67035166,0.07283020025747389,0.07283020025747389,0.31006724465958424,FALSE,FALSE
2001-07-11,East_Antarctica,2.65379629,0.04557380608614725,0.04557380608614725,0.31006724465958424,FALSE,FALSE
2001-07-12,East_Antarctica,2.651709062,0.03269105849603404,0.03269105849603404,0.31006724465958424,FALSE,FALSE
2001-07-13,East_Antarctica,2.684692885,0.05477624212377208,0.05477624212377208,0.31006724465958424,FALSE,FALSE
2001-07-14,East_Antarctica,2.723973786,0.08304675960600738,0.08304675960600738,0.31006724465958424,FALSE,FALSE
2001-07-15,East_Antarctica,2.725205744,0.07314796557937964,0.07314796557937964,0.31006724465958424,FALSE,FALSE
2001-07-16,East_Antarctica,2.677845861,0.0145283376805323,0.0145283376805323,0.31006724465958424,FALSE,FALSE
2001-07-17,East_Antarctica,2.676017449,0.00130256354610391,0.00130256354610391,0.31006724465958424,FALSE,FALSE
2001-07-18,East_Antarctica,2.650926577,-0.03533191218726062,0.03533191218726062,0.31006724465958424,FALSE,FALSE
2001-07-19,East_Antarctica,2.66953085,-0.02842610888292185,0.02842610888292185,0.31006724465958424,FALSE,FALSE
2001-07-20,East_Antarctica,2.693199286,-0.01661963290423651,0.01661963290423651,0.31006724465958424,FALSE,FALSE
2001-07-21,East_Antarctica,2.775168312,0.05331531838543579,0.05331531838543579,0.31006724465958424,FALSE,FALSE
2001-07-22,East_Antarctica,2.817484236,0.08341898521397395,0.08341898521397395,0.31006724465958424,FALSE,FALSE
2001-07-23,East_Antarctica,2.817394874,0.07096840264250659,0.07096840264250659,0.31006724465958424,FALSE,FALSE
2001-07-24,East_Antarctica,2.846502868,0.0876211537053031,0.0876211537053031,0.31006724465958424,FALSE,FALSE
2001-07-25,East_Antarctica,2.903381648,0.13200619291107565,0.13200619291107565,0.31006724465958424,FALSE,FALSE
2001-07-26,East_Antarctica,2.947212013,0.1633598437685353,0.1633598437685353,0.31006724465958424,FALSE,FALSE
2001-07-27,East_Antarctica,3.013377487,0.21712115478638827,0.21712115478638827,0.31006724465958424,FALSE,FALSE
2001-07-28,East_Antarctica,3.06951711,0.2609846904733466,0.2609846904733466,0.31006724465958424,FALSE,FALSE
2001-07-29,East_Antarctica,3.049959453,0.2293345463381229,0.2293345463381229,0.31006724465958424,FALSE,FALSE
2001-07-30,East_Antarctica,3.037133744,0.20465547488942404,0.20465547488942404,0.31006724465958424,FALSE,FALSE
2001-07-31,East_Antarctica,3.053959628,0.2099226456359613,0.2099226456359613,0.31006724465958424,FALSE,FALSE
2001-08-01,East_Antarctica,3.042916343,0.18767082108644664,0.18767082108644664,0.31006724465958424,FALSE,FALSE
2001-08-02,East_Antarctica,3.041021963,0.1749735997495856,0.1749735997495856,0.31006724465958424,FALSE,FALSE
2001-08-03,East_Antarctica,2.980398254,0.10400827140093138,0.10400827140093138,0.31006724465958424,FALSE,FALSE
2001-08-04,East_Antarctica,2.993000438,0.10676578938220872,0.10676578938220872,0.31006724465958424,FALSE,FALSE
2001-08-05,East_Antarctica,2.964175962,0.06855793308093805,0.06855793308093805,0.31006724465958424,FALSE,FALSE
2001-08-06,East_Antarctica,2.971322431,0.06673054551853852,0.06673054551853852,0.31006724465958424,FALSE,FALSE
2001-08-07,East_Antarctica,2.950555865,0.03734788471642947,0.03734788471642947,0.31006724465958424,FALSE,FALSE
2001-08-08,East_Antarctica,2.934612942,0.01309486669603066,0.01309486669603066,0.31006724465958424,FALSE,FALSE
2001-08-09,East_Antarctica,2.951738993,0.02216506047876265,0.02216506047876265,0.31006724465958424,FALSE,FALSE
2001-08-10,East_Antarctica,2.996154904,0.05872759008604245,0.05872759008604245,0.31006724465958424,FALSE,FALSE
2001-08-11,East_Antarctica,3.002024258,0.05689427653929124,0.05689427653929124,0.31006724465958424,FALSE,FALSE
2001-08-12,East_Antarctica,3.037477439,0.08474374185992772,0.08474374185992772,0.31006724465958424,FALSE,FALSE
2001-08-13,East_Antarctica,3.039461585,0.07917136206937148,0.07917136206937148,0.31006724465958424,FALSE,FALSE
2001-08-14,East_Antarctica,3.020206348,0.05235502718904339,0.05235502718904339,0.31006724465958424,FALSE,FALSE
2001-08-15,East_Antarctica,3.029510364,0.05404161124036211,0.05404161124036211,0.31006724465958424,FALSE,FALSE
2001-08-16,East_Antarctica,3.026830265,0.0436375165404721,0.0436375165404721,0.31006724465958424,FALSE,FALSE
2001-08-17,East_Antarctica,3.018870357,0.02784236283431296,0.02784236283431296,0.31006724465958424,FALSE,FALSE
2001-08-18,East_Antarctica,3.059469411,0.06054236291180892,0.06054236291180892,0.31006724465958424,FALSE,FALSE
2001-08-19,East_Antarctica,3.08349064,0.076651028314485,0.076651028314485,0.31006724465958424,FALSE,FALSE
2001-08-20,East_Antarctica,3.115450742,0.10073535558387592,0.10073535558387592,0.31006724465958424,FALSE,FALSE
2001-08-21,East_Antarctica,3.14440745,0.12190337626151047,0.12190337626151047,0.31006724465958424,FALSE,FALSE
2001-08-22,East_Antarctica,3.178335029,0.1481796538889193,0.1481796538889193,0.31006724465958424,FALSE,FALSE
2001-08-23,East_Antarctica,3.176137857,0.1385188650076321,0.1385188650076321,0.31006724465958424,FALSE,FALSE
2001-08-24,East_Antarctica,3.144416104,0.0995714781591812,0.0995714781591812,0.31006724465958424,FALSE,FALSE
2001-08-25,East_Antarctica,3.107645512,0.05586353388509701,0.05586353388509701,0.31006724465958424,FALSE,FALSE
2001-08-26,East_Antarctica,3.099873968,0.04149321772690895,0.04149321772690895,0.31006724465958424,FALSE,FALSE
2001-08-27,East_Antarctica,3.087214453,0.02262380922614859,0.02262380922614859,0.31006724465958424,FALSE,FALSE
2001-08-28,East_Antarctica,3.100615675,0.03025431492434771,0.03025431492434771,0.31006724465958424,FALSE,FALSE
2001-08-29,East_Antarctica,3.068789421,-0.00686217126193522,0.00686217126193522,0.31006724465958424,FALSE,FALSE
2001-08-30,East_Antarctica,3.104820432,0.02434575022076224,0.02434575022076224,0.31006724465958424,FALSE,FALSE
2001-08-31,East_Antarctica,3.102138982,0.01727447879498722,0.01727447879498722,0.31006724465958424,FALSE,FALSE
2001-09-01,East_Antarctica,3.087943416,-9.115519464102384e-4,9.115519464102384e-4,0.31006724465958424,FALSE,FALSE
2001-09-02,East_Antarctica,3.065575328,-0.02690465941057729,0.02690465941057729,0.31006724465958424,FALSE,FALSE
2001-09-03,East_Antarctica,3.074727387,-0.02104608600466573,0.02104608600466573,0.31006724465958424,FALSE,FALSE
2001-09-04,East_Antarctica,3.071918228,-0.0268511081358187,0.0268511081358187,0.31006724465958424,FALSE,FALSE
2001-09-05,East_Antarctica,3.054029131,-0.04747235721118725,0.04747235721118725,0.31006724465958424,FALSE,FALSE
2001-09-06,East_Antarctica,3.060458987,-0.0435448536379206,0.0435448536379206,0.31006724465958424,FALSE,FALSE
2001-09-07,East_Antarctica,3.021769423,-0.08454088182316566,0.08454088182316566,0.31006724465958424,FALSE,FALSE
2001-09-08,East_Antarctica,2.99991243,-0.1085423621740742,0.1085423621740742,0.31006724465958424,FALSE,FALSE
2001-09-09,East_Antarctica,2.99719096,-0.1132802540977882,0.1132802540977882,0.31006724465958424,FALSE,FALSE
2001-09-10,East_Antarctica,2.999038329,-0.113355101193525,0.113355101193525,0.31006724465958424,FALSE,FALSE
2001-09-11,East_Antarctica,2.996847242,-0.11740313984782036,0.11740313984782036,0.31006724465958424,FALSE,FALSE
2001-09-12,East_Antarctica,2.953838366,-0.1622237444099106,0.1622237444099106,0.31006724465958424,FALSE,FALSE
2001-09-13,East_Antarctica,2.979738,-0.1381097201326904,0.1381097201326904,0.31006724465958424,FALSE,FALSE
2001-09-14,East_Antarctica,3.014926788,-0.1046995272690543,0.1046995272690543,0.31006724465958424,FALSE,FALSE
2001-09-15,East_Antarctica,3.014803441,-0.10661355907190018,0.10661355907190018,0.31006724465958424,FALSE,FALSE
2001-09-16,East_Antarctica,3.036332118,-0.08690676079412185,0.08690676079412185,0.31006724465958424,FALSE,FALSE
2001-09-17,East_Antarctica,3.082459695,-0.04265136068861519,0.04265136068861519,0.31006724465958424,FALSE,FALSE
2001-09-18,East_Antarctica,3.159672726,0.03262009099172447,0.03262009099172447,0.31006724465958424,FALSE,FALSE
2001-09-19,East_Antarctica,3.207329702,0.07824698099400118,0.07824698099400118,0.31006724465958424,FALSE,FALSE
2001-09-20,East_Antarctica,3.199843703,0.06862328506532078,0.06862328506532078,0.31006724465958424,FALSE,FALSE
2001-09-21,East_Antarctica,3.190676963,0.05719213295278536,0.05719213295278536,0.31006724465958424,FALSE,FALSE
2001-09-22,East_Antarctica,3.154649803,0.0187547414035003,0.0187547414035003,0.31006724465958424,FALSE,FALSE
2001-09-23,East_Antarctica,3.085026347,-0.05343778287983669,0.05343778287983669,0.31006724465958424,FALSE,FALSE
2001-09-24,East_Antarctica,3.076180874,-0.0649590104871054,0.0649590104871054,0.31006724465958424,FALSE,FALSE
2001-09-25,East_Antarctica,3.112539964,-0.03129067927509688,0.03129067927509688,0.31006724465958424,FALSE,FALSE
2001-09-26,East_Antarctica,3.168293626,0.02184945657322679,0.02184945657322679,0.31006724465958424,FALSE,FALSE
2001-09-27,East_Antarctica,3.217232546,0.06834431987489964,0.06834431987489964,0.31006724465958424,FALSE,FALSE
2001-09-28,East_Antarctica,3.223893131,0.07282255444696162,0.07282255444696162,0.31006724465958424,FALSE,FALSE
2001-09-29,East_Antarctica,3.187954801,0.03505581710644723,0.03505581710644723,0.31006724465958424,FALSE,FALSE
2001-09-30,East_Antarctica,3.183819188,0.02953797667039426,0.02953797667039426,0.31006724465958424,FALSE,FALSE
2001-10-01,East_Antarctica,3.163780156,0.00865513395583805,0.00865513395583805,0.31006724465958424,FALSE,FALSE
2001-10-02,East_Antarctica,3.123328297,-0.03200988222018264,0.03200988222018264,0.31006724465958424,FALSE,FALSE
2001-10-03,East_Antarctica,3.07002358,-0.08480486604063042,0.08480486604063042,0.31006724465958424,FALSE,FALSE
2001-10-04,East_Antarctica,3.004000734,-0.1495028516884731,0.1495028516884731,0.31006724465958424,FALSE,FALSE
2001-10-05,East_Antarctica,2.947630405,-0.20364098410745868,0.20364098410745868,0.31006724465958424,FALSE,FALSE
2001-10-06,East_Antarctica,2.968491888,-0.17958133951429334,0.17958133951429334,0.31006724465958424,FALSE,FALSE
2001-10-07,East_Antarctica,2.972011819,-0.17193743115393056,0.17193743115393056,0.31006724465958424,FALSE,FALSE
2001-10-08,East_Antarctica,2.988352386,-0.15060529151680635,0.15060529151680635,0.31006724465958424,FALSE,FALSE
2001-10-09,East_Antarctica,2.98585348,-0.14730325009335798,0.14730325009335798,0.31006724465958424,FALSE,FALSE
2001-10-10,East_Antarctica,2.984047022,-0.1425576063740177,0.1425576063740177,0.31006724465958424,FALSE,FALSE
2001-10-11,East_Antarctica,2.93866775,-0.18069184284922143,0.18069184284922143,0.31006724465958424,FALSE,FALSE
2001-10-12,East_Antarctica,2.939018515,-0.17246132900941014,0.17246132900941014,0.31006724465958424,FALSE,FALSE
2001-10-13,East_Antarctica,2.919863987,-0.18315961534501524,0.18315961534501524,0.31006724465958424,FALSE,FALSE
2001-10-14,East_Antarctica,2.90090912,-0.19313996834647185,0.19313996834647185,0.31006724465958424,FALSE,FALSE
2001-10-15,East_Antarctica,2.920366911,-0.16424761150421796,0.16424761150421796,0.31006724465958424,FALSE,FALSE
2001-10-16,East_Antarctica,2.90475035,-0.17002777530868451,0.17002777530868451,0.31006724465958424,FALSE,FALSE
2001-10-17,East_Antarctica,2.910592871,-0.15400524625031498,0.15400524625031498,0.31006724465958424,FALSE,FALSE
2001-10-18,East_Antarctica,2.924676565,-0.12945285397508144,0.12945285397508144,0.31006724465958424,FALSE,FALSE
2001-10-19,East_Antarctica,2.941366887,-0.10198997641045172,0.10198997641045172,0.31006724465958424,FALSE,FALSE
2001-10-20,East_Antarctica,2.940552202,-0.09164607655339864,0.09164607655339864,0.31006724465958424,FALSE,FALSE
2001-10-21,East_Antarctica,2.923371994,-0.09719681550513126,0.09719681550513126,0.31006724465958424,FALSE,FALSE
2001-10-22,East_Antarctica,2.904234288,-0.10414931336686584,0.10414931336686584,0.31006724465958424,FALSE,FALSE
2001-10-23,East_Antarctica,2.889369923,-0.10618787623980852,0.10618787623980852,0.31006724465958424,FALSE,FALSE
2001-10-24,East_Antarctica,2.874895673,-0.1071108752251746,0.1071108752251746,0.31006724465958424,FALSE,FALSE
2001-10-25,East_Antarctica,2.825197006,-0.1424479874241764,0.1424479874241764,0.31006724465958424,FALSE,FALSE
2001-10-26,East_Antarctica,2.764836683,-0.1875515969380226,0.1875515969380226,0.31006724465958424,FALSE,FALSE
2001-10-27,East_Antarctica,2.748856386,-0.18729516686792813,0.18729516686792813,0.31006724465958424,FALSE,FALSE
2001-10-28,East_Antarctica,2.722648136,-0.19620182131510425,0.19620182131510425,0.31006724465958424,FALSE,FALSE
2001-10-29,East_Antarctica,2.718238186,-0.18216045238076273,0.18216045238076273,0.31006724465958424,FALSE,FALSE
2001-10-30,East_Antarctica,2.68745439,-0.193258351166115,0.193258351166115,0.31006724465958424,FALSE,FALSE
2001-10-31,East_Antarctica,2.681817215,-0.17790260641974953,0.17790260641974953,0.31006724465958424,FALSE,FALSE
2001-11-01,East_Antarctica,2.677786421,-0.1596221017915096,0.1596221017915096,0.31006724465958424,FALSE,FALSE
2001-11-02,East_Antarctica,2.658287803,-0.1554984497606937,0.1554984497606937,0.31006724465958424,FALSE,FALSE
2001-11-03,East_Antarctica,2.630571904,-0.15828851985081682,0.15828851985081682,0.31006724465958424,FALSE,FALSE
2001-11-04,East_Antarctica,2.559729735,-0.2029087135853893,0.2029087135853893,0.31006724465958424,FALSE,FALSE
2001-11-05,East_Antarctica,2.518787735,-0.2163400044879209,0.2163400044879209,0.31006724465958424,FALSE,FALSE
2001-11-06,East_Antarctica,2.489063796,-0.2172719130819285,0.2172719130819285,0.31006724465958424,FALSE,FALSE
2001-11-07,East_Antarctica,2.437383093,-0.2388866768909188,0.2388866768909188,0.31006724465958424,FALSE,FALSE
2001-11-08,East_Antarctica,2.407086103,-0.23785123143840625,0.23785123143840625,0.31006724465958424,FALSE,FALSE
2001-11-09,East_Antarctica,2.416848873,-0.1954969422479027,0.1954969422479027,0.31006724465958424,FALSE,FALSE
2001-11-10,East_Antarctica,2.375032021,-0.20347060384291815,0.20347060384291815,0.31006724465958424,FALSE,FALSE
2001-11-11,East_Antarctica,2.361589085,-0.18182609074696643,0.18182609074696643,0.31006724465958424,FALSE,FALSE
2001-11-12,East_Antarctica,2.313016724,-0.19407506404826336,0.19407506404826336,0.31006724465958424,FALSE,FALSE
2001-11-13,East_Antarctica,2.284975223,-0.1846157644070674,0.1846157644070674,0.31006724465958424,FALSE,FALSE
2001-11-14,East_Antarctica,2.210720503,-0.22032626593442872,0.22032626593442872,0.31006724465958424,FALSE,FALSE
2001-11-15,East_Antarctica,2.229693371,-0.16190598172772042,0.16190598172772042,0.31006724465958424,FALSE,FALSE
2001-11-16,East_Antarctica,2.200684453,-0.15070450588431905,0.15070450588431905,0.31006724465958424,FALSE,FALSE
2001-11-17,East_Antarctica,2.113990371,-0.19656543650159808,0.19656543650159808,0.31006724465958424,FALSE,FALSE
2001-11-18,East_Antarctica,2.080650374,-0.18858974467693557,0.18858974467693557,0.31006724465958424,FALSE,FALSE
2001-11-19,East_Antarctica,2.06945031,-0.15813180250770653,0.15813180250770653,0.31006724465958424,FALSE,FALSE
2001-11-20,East_Antarctica,2.020297394,-0.16542461509128437,0.16542461509128437,0.31006724465958424,FALSE,FALSE
2001-11-21,East_Antarctica,1.994617227,-0.1491828015250447,0.1491828015250447,0.31006724465958424,FALSE,FALSE
2001-11-22,East_Antarctica,1.948814639,-0.1531417519063636,0.1531417519063636,0.31006724465958424,FALSE,FALSE
2001-11-23,East_Antarctica,1.857481007,-0.2028503093326179,0.2028503093326179,0.31006724465958424,FALSE,FALSE
2001-11-24,East_Antarctica,1.81594137,-0.20312365490118056,0.20312365490118056,0.31006724465958424,FALSE,FALSE
2001-11-25,East_Antarctica,1.740471082,-0.23781816706566228,0.23781816706566228,0.31006724465958424,FALSE,FALSE
2001-11-26,East_Antarctica,1.719742954,-0.2183209802107693,0.2183209802107693,0.31006724465958424,FALSE,FALSE
2001-11-27,East_Antarctica,1.701914329,-0.19649860032186028,0.19649860032186028,0.31006724465958424,FALSE,FALSE
2001-11-28,East_Antarctica,1.691730728,-0.1676290819750328,0.1676290819750328,0.31006724465958424,FALSE,FALSE
2001-11-29,East_Antarctica,1.66694116,-0.15398699174638897,0.15398699174638897,0.31006724465958424,FALSE,FALSE
2001-11-30,East_Antarctica,1.629986562,-0.15315496821202412,0.15315496821202412,0.31006724465958424,FALSE,FALSE
2001-12-01,East_Antarctica,1.616848931,-0.12917458994803988,0.12917458994803988,0.31006724465958424,FALSE,FALSE
2001-12-02,East_Antarctica,1.586791293,-0.1228064065305332,0.1228064065305332,0.31006724465958424,FALSE,FALSE
2001-12-03,East_Antarctica,1.581581379,-0.09230626253560524,0.09230626253560524,0.31006724465958424,FALSE,FALSE
2001-12-04,East_Antarctica,1.546183168,-0.09273375453935406,0.09273375453935406,0.31006724465958424,FALSE,FALSE
2001-12-05,East_Antarctica,1.542500912,-0.06220820611787792,0.06220820611787792,0.31006724465958424,FALSE,FALSE
2001-12-06,East_Antarctica,1.540734883,-0.03055292084727723,0.03055292084727723,0.31006724465958424,FALSE,FALSE
2001-12-07,East_Antarctica,1.515442368,-0.02323416331779637,0.02323416331779637,0.31006724465958424,FALSE,FALSE
2001-12-08,East_Antarctica,1.473561664,-0.03332974214303719,0.03332974214303719,0.31006724465958424,FALSE,FALSE
2001-12-09,East_Antarctica,1.438678787,-0.03725178997494893,0.03725178997494893,0.31006724465958424,FALSE,FALSE
2001-12-10,East_Antarctica,1.44992793,0.00413839017809603,0.00413839017809603,0.31006724465958424,FALSE,FALSE
2001-12-11,East_Antarctica,1.452070537,0.03560674630771698,0.03560674630771698,0.31006724465958424,FALSE,FALSE
2001-12-12,East_Antarctica,1.443211849,0.05526302340553779,0.05526302340553779,0.31006724465958424,FALSE,FALSE
2001-12-13,East_Antarctica,1.382258265,0.02201812446318341,0.02201812446318341,0.31006724465958424,FALSE,FALSE
2001-12-14,East_Antarctica,1.35093499,0.01760175847227718,0.01760175847227718,0.31006724465958424,FALSE,FALSE
2001-12-15,East_Antarctica,1.285440711,-0.0217828835755578,0.0217828835755578,0.31006724465958424,FALSE,FALSE
2001-12-16,East_Antarctica,1.251910848,-0.02999587768869771,0.02999587768869771,0.31006724465958424,FALSE,FALSE
2001-12-17,East_Antarctica,1.237308134,-0.02006998687551919,0.02006998687551919,0.31006724465958424,FALSE,FALSE
2001-12-18,East_Antarctica,1.212174514,-0.02145876214440045,0.02145876214440045,0.31006724465958424,FALSE,FALSE
2001-12-19,East_Antarctica,1.166509944,-0.04415774350371504,0.04415774350371504,0.31006724465958424,FALSE,FALSE
2001-12-20,East_Antarctica,1.10298667,-0.08548937447833427,0.08548937447833427,0.31006724465958424,FALSE,FALSE
2001-12-21,East_Antarctica,1.114784859,-0.05225542553435858,0.05225542553435858,0.31006724465958424,FALSE,FALSE
2001-12-22,East_Antarctica,1.091312953,-0.05501921317681169,0.05501921317681169,0.31006724465958424,FALSE,FALSE
2001-12-23,East_Antarctica,1.039518455,-0.08680470925439776,0.08680470925439776,0.31006724465958424,FALSE,FALSE
2001-12-24,East_Antarctica,1.039552637,-0.06743211661581938,0.06743211661581938,0.31006724465958424,FALSE,FALSE
2001-12-25,East_Antarctica,1.031104212,-0.05718419710978062,0.05718419710978062,0.31006724465958424,FALSE,FALSE
2001-12-26,East_Antarctica,0.994438005,-0.07576760058498577,0.07576760058498577,0.31006724465958424,FALSE,FALSE
2001-12-27,East_Antarctica,0.961369587,-0.09133823089013948,0.09133823089013948,0.31006724465958424,FALSE,FALSE
2001-12-28,East_Antarctica,0.931998873,-0.10376764787394466,0.10376764787394466,0.31006724465958424,FALSE,FALSE
2001-12-29,East_Antarctica,0.910478346,-0.10887484338510356,0.10887484338510356,0.31006724465958424,FALSE,FALSE
2001-12-30,East_Antarctica,0.900365426,-0.10307387227232144,0.10307387227232144,0.31006724465958424,FALSE,FALSE
2001-12-31,East_Antarctica,0.88552346,-0.10247286238430452,0.10247286238430452,0.31006724465958424,FALSE,FALSE
2002-01-01,East_Antarctica,0.874756309,-0.098239427569754,0.098239427569754,0.31006724465958424,FALSE,FALSE
2002-01-02,East_Antarctica,0.852952139,-0.1054579796561479,0.1054579796561479,0.31006724465958424,FALSE,FALSE
2002-01-03,East_Antarctica,0.85592894,-0.0882875183860713,0.0882875183860713,0.31006724465958424,FALSE,FALSE
2002-01-04,East_Antarctica,0.849391276,-0.0810015724808788,0.0810015724808788,0.31006724465958424,FALSE,FALSE
2002-01-05,East_Antarctica,0.865105068,-0.05181231366192374,0.05181231366192374,0.31006724465958424,FALSE,FALSE
2002-01-06,East_Antarctica,0.843414406,-0.06035374465056886,0.06035374465056886,0.31006724465958424,FALSE,FALSE
2002-01-07,East_Antarctica,0.841121153,-0.0498020951681668,0.0498020951681668,0.31006724465958424,FALSE,FALSE
2002-01-08,East_Antarctica,0.807229027,-0.07113173993607469,0.07113173993607469,0.31006724465958424,FALSE,FALSE
2002-01-09,East_Antarctica,0.781447967,-0.08461083267565117,0.08461083267565117,0.31006724465958424,FALSE,FALSE
2002-01-10,East_Antarctica,0.74795278,-0.10604265910824973,0.10604265910824973,0.31006724465958424,FALSE,FALSE
2002-01-11,East_Antarctica,0.734693941,-0.10745483695522973,0.10745483695522973,0.31006724465958424,FALSE,FALSE
2002-01-12,East_Antarctica,0.731102844,-0.09939406493794645,0.09939406493794645,0.31006724465958424,FALSE,FALSE
2002-01-13,East_Antarctica,0.706080739,-0.11293718577775702,0.11293718577775702,0.31006724465958424,FALSE,FALSE
2002-01-14,East_Antarctica,0.689417241,-0.11827301202744468,0.11827301202744468,0.31006724465958424,FALSE,FALSE
2002-01-15,East_Antarctica,0.65851105,-0.13799328661132593,0.13799328661132593,0.31006724465958424,FALSE,FALSE
2002-01-16,East_Antarctica,0.626635398,-0.1588302731415826,0.1588302731415826,0.31006724465958424,FALSE,FALSE
2002-01-17,East_Antarctica,0.616492973,-0.1580877312135025,0.1580877312135025,0.31006724465958424,FALSE,FALSE
2002-01-18,East_Antarctica,0.594330614,-0.16952526942237178,0.16952526942237178,0.31006724465958424,FALSE,FALSE
2002-01-19,East_Antarctica,0.60338526,-0.14991239636347786,0.14991239636347786,0.31006724465958424,FALSE,FALSE
2002-01-20,East_Antarctica,0.600932713,-0.14197975763210857,0.14197975763210857,0.31006724465958424,FALSE,FALSE
2002-01-21,East_Antarctica,0.581974259,-0.15073251482355043,0.15073251482355043,0.31006724465958424,FALSE,FALSE
2002-01-22,East_Antarctica,0.552860153,-0.16982686053309026,0.16982686053309026,0.31006724465958424,FALSE,FALSE
2002-01-23,East_Antarctica,0.523153843,-0.1897057943560162,0.1897057943560162,0.31006724465958424,FALSE,FALSE
2002-01-24,East_Antarctica,0.509865067,-0.19336602588761487,0.19336602588761487,0.31006724465958424,FALSE,FALSE
2002-01-25,East_Antarctica,0.473182202,-0.2206256257231734,0.2206256257231734,0.31006724465958424,FALSE,FALSE
2002-01-26,East_Antarctica,0.484739963,-0.1998563264579785,0.1998563264579785,0.31006724465958424,FALSE,FALSE
2002-01-27,East_Antarctica,0.479238804,-0.1963633028014473,0.1963633028014473,0.31006724465958424,FALSE,FALSE
2002-01-28,East_Antarctica,0.466913453,-0.1999119120487315,0.1999119120487315,0.31006724465958424,FALSE,FALSE
2002-01-29,East_Antarctica,0.458245771,-0.2000180798804469,0.2000180798804469,0.31006724465958424,FALSE,FALSE
2002-01-30,East_Antarctica,0.43998678,-0.20992856357264433,0.20992856357264433,0.31006724465958424,FALSE,FALSE
2002-01-31,East_Antarctica,0.404797272,-0.2369803504013725,0.2369803504013725,0.31006724465958424,FALSE,FALSE
2002-02-01,East_Antarctica,0.397030259,-0.2368182076426798,0.2368182076426798,0.31006724465958424,FALSE,FALSE
2002-02-02,East_Antarctica,0.406166807,-0.21995884857261655,0.21995884857261655,0.31006724465958424,FALSE,FALSE
2002-02-03,East_Antarctica,0.409833923,-0.20877304546723052,0.20877304546723052,0.31006724465958424,FALSE,FALSE
2002-02-04,East_Antarctica,0.400012231,-0.2112779536025718,0.2112779536025718,0.31006724465958424,FALSE,FALSE
2002-02-05,East_Antarctica,0.398296513,-0.20587657025468964,0.20587657025468964,0.31006724465958424,FALSE,FALSE
2002-02-06,East_Antarctica,0.367313456,-0.2299399876996332,0.2299399876996332,0.31006724465958424,FALSE,FALSE
2002-02-07,East_Antarctica,0.322933001,-0.26759604421345107,0.26759604421345107,0.31006724465958424,FALSE,FALSE
2002-02-08,East_Antarctica,0.353796423,-0.23020138331916015,0.23020138331916015,0.31006724465958424,FALSE,FALSE
2002-02-09,East_Antarctica,0.361595114,-0.21608091538723773,0.21608091538723773,0.31006724465958424,FALSE,FALSE
2002-02-10,East_Antarctica,0.345711172,-0.22590540584545227,0.22590540584545227,0.31006724465958424,FALSE,FALSE
2002-02-11,East_Antarctica,0.327701415,-0.2381752228670843,0.2381752228670843,0.31006724465958424,FALSE,FALSE
2002-02-12,East_Antarctica,0.339752268,-0.2207611276254139,0.2207611276254139,0.31006724465958424,FALSE,FALSE
2002-02-13,East_Antarctica,0.341031715,-0.2145523222937225,0.2145523222937225,0.31006724465958424,FALSE,FALSE
2002-02-14,East_Antarctica,0.335010838,-0.21613491104528937,0.21613491104528937,0.31006724465958424,FALSE,FALSE
2002-02-15,East_Antarctica,0.336184213,-0.2110715040533956,0.2110715040533956,0.31006724465958424,FALSE,FALSE
2002-02-16,East_Antarctica,0.347747172,-0.1962239554913228,0.1962239554913228,0.31006724465958424,FALSE,FALSE
2002-02-17,East_Antarctica,0.358107641,-0.18324152553235,0.18324152553235,0.31006724465958424,FALSE,FALSE
2002-02-18,East_Antarctica,0.348410789,-0.19103623134975856,0.19103623134975856,0.31006724465958424,FALSE,FALSE
2002-02-19,East_Antarctica,0.322813117,-0.21550875811682785,0.21550875811682785,0.31006724465958424,FALSE,FALSE
2002-02-20,East_Antarctica,0.303311761,-0.23471915600683943,0.23471915600683943,0.31006724465958424,FALSE,FALSE
2002-02-21,East_Antarctica,0.301366034,-0.23726222250458467,0.23726222250458467,0.31006724465958424,FALSE,FALSE
2002-02-22,East_Antarctica,0.308646826,-0.23148388957582672,0.23148388957582672,0.31006724465958424,FALSE,FALSE
2002-02-23,East_Antarctica,0.316758676,-0.22577163423625696,0.22577163423625696,0.31006724465958424,FALSE,FALSE
2002-02-24,East_Antarctica,0.311364009,-0.23445459908510977,0.23445459908510977,0.31006724465958424,FALSE,FALSE
2002-02-25,East_Antarctica,0.321920437,-0.2280667397216188,0.2280667397216188,0.31006724465958424,FALSE,FALSE
2002-02-26,East_Antarctica,0.309177525,-0.24585005874501648,0.24585005874501648,0.31006724465958424,FALSE,FALSE
2002-02-27,East_Antarctica,0.308070398,-0.25286099875453827,0.25286099875453827,0.31006724465958424,FALSE,FALSE
2002-02-28,East_Antarctica,0.331146584,-0.23654359934941663,0.23654359934941663,0.31006724465958424,FALSE,FALSE
2002-03-01,East_Antarctica,0.341514536,-0.23378097512888513,0.23378097512888513,0.31006724465958424,FALSE,FALSE
2002-03-02,East_Antarctica,0.363655487,-0.22008346069217785,0.22008346069217785,0.31006724465958424,FALSE,FALSE
2002-03-03,East_Antarctica,0.369243547,-0.2237685136385275,0.2237685136385275,0.31006724465958424,FALSE,FALSE
2002-03-04,East_Antarctica,0.374238642,-0.22886777556716908,0.22886777556716908,0.31006724465958424,FALSE,FALSE
2002-03-05,East_Antarctica,0.377398556,-0.23661502593456735,0.23661502593456735,0.31006724465958424,FALSE,FALSE
2002-03-06,East_Antarctica,0.395583108,-0.230126598616696,0.230126598616696,0.31006724465958424,FALSE,FALSE
2002-03-07,East_Antarctica,0.409225348,-0.22889542549318345,0.22889542549318345,0.31006724465958424,FALSE,FALSE
2002-03-08,East_Antarctica,0.434209656,-0.21695291567992764,0.21695291567992764,0.31006724465958424,FALSE,FALSE
2002-03-09,East_Antarctica,0.480599549,-0.18415134129282873,0.18415134129282873,0.31006724465958424,FALSE,FALSE
2002-03-10,East_Antarctica,0.497231633,-0.18156988544778524,0.18156988544778524,0.31006724465958424,FALSE,FALSE
2002-03-11,East_Antarctica,0.491978039,-0.20125220626069537,0.20125220626069537,0.31006724465958424,FALSE,FALSE
2002-03-12,East_Antarctica,0.4914242,-0.2165286598474575,0.2165286598474575,0.31006724465958424,FALSE,FALSE
2002-03-13,East_Antarctica,0.498113997,-0.22477115432397293,0.22477115432397293,0.31006724465958424,FALSE,FALSE
2002-03-14,East_Antarctica,0.506991171,-0.23095173780613856,0.23095173780613856,0.31006724465958424,FALSE,FALSE
2002-03-15,East_Antarctica,0.500165499,-0.2528764224098543,0.2528764224098543,0.31006724465958424,FALSE,FALSE
2002-03-16,East_Antarctica,0.515386293,-0.25271168525101917,0.25271168525101917,0.31006724465958424,FALSE,FALSE
2002-03-17,East_Antarctica,0.536648366,-0.24637850244553017,0.24637850244553017,0.31006724465958424,FALSE,FALSE
2002-03-18,East_Antarctica,0.542094413,-0.2556524186089276,0.2556524186089276,0.31006724465958424,FALSE,FALSE
2002-03-19,East_Antarctica,0.537329189,-0.2749081192280395,0.2749081192280395,0.31006724465958424,FALSE,FALSE
2002-03-20,East_Antarctica,0.537355613,-0.28918614241366425,0.28918614241366425,0.31006724465958424,FALSE,FALSE
2002-03-21,East_Antarctica,0.557471874,-0.2832347702839919,0.2832347702839919,0.31006724465958424,FALSE,FALSE
2002-03-22,East_Antarctica,0.574578631,-0.2801998149572149,0.2801998149572149,0.31006724465958424,FALSE,FALSE
2002-03-23,East_Antarctica,0.591813584,-0.2769900475515247,0.2769900475515247,0.31006724465958424,FALSE,FALSE
2002-03-24,East_Antarctica,0.626577473,-0.25625119918511197,0.25625119918511197,0.31006724465958424,FALSE,FALSE
2002-03-25,East_Antarctica,0.652003465,-0.24489657397616793,0.24489657397616793,0.31006724465958424,FALSE,FALSE
2002-03-26,East_Antarctica,0.660998871,-0.25006533204288606,0.25006533204288606,0.31006724465958424,FALSE,FALSE
2002-03-27,East_Antarctica,0.675460795,-0.24990684050345435,0.24990684050345435,0.31006724465958424,FALSE,FALSE
2002-03-28,East_Antarctica,0.684486664,-0.2553701434760679,0.2553701434760679,0.31006724465958424,FALSE,FALSE
2002-03-29,East_Antarctica,0.681633751,-0.2729444390789161,0.2729444390789161,0.31006724465958424,FALSE,FALSE
2002-03-30,East_Antarctica,0.664014459,-0.3055637954301895,0.3055637954301895,0.31006724465958424,FALSE,FALSE
2002-03-31,East_Antarctica,0.679528585,-0.3053661572645402,0.3053661572645402,0.31006724465958424,FALSE,FALSE
2002-04-01,East_Antarctica,0.685559784,-0.31495789621612313,0.31495789621612313,0.31006724465958424,TRUE,FALSE
2002-04-02,East_Antarctica,0.725136105,-0.29128476884112064,0.29128476884112064,0.31006724465958424,FALSE,FALSE
2002-04-03,East_Antarctica,0.74702116,-0.2855569552857621,0.2855569552857621,0.31006724465958424,FALSE,FALSE
2002-04-04,East_Antarctica,0.782310333,-0.26665286369627605,0.26665286369627605,0.31006724465958424,FALSE,FALSE
2002-04-05,East_Antarctica,0.817432318,-0.24811759221888985,0.24811759221888985,0.31006724465958424,FALSE,FALSE
2002-04-06,East_Antarctica,0.852030232,-0.23028181599983263,0.23028181599983263,0.31006724465958424,FALSE,FALSE
2002-04-07,East_Antarctica,0.862986279,-0.23623712318533377,0.23623712318533377,0.31006724465958424,FALSE,FALSE
2002-04-08,East_Antarctica,0.884634921,-0.23162284392161947,0.23162284392161947,0.31006724465958424,FALSE,FALSE
2002-04-09,East_Antarctica,0.897252782,-0.23613614635491895,0.23613614635491895,0.31006724465958424,FALSE,FALSE
2002-04-10,East_Antarctica,0.922440586,-0.22815009863146216,0.22815009863146216,0.31006724465958424,FALSE,FALSE
2002-04-11,East_Antarctica,0.953728916,-0.21410790989747452,0.21410790989747452,0.31006724465958424,FALSE,FALSE
2002-04-12,East_Antarctica,0.982063013,-0.20303829381106364,0.20303829381106364,0.31006724465958424,FALSE,FALSE
2002-04-13,East_Antarctica,0.998924776,-0.2034448882896416,0.2034448882896416,0.31006724465958424,FALSE,FALSE
2002-04-14,East_Antarctica,1.049599551,-0.17004697750121145,0.17004697750121145,0.31006724465958424,FALSE,FALSE
2002-04-15,East_Antarctica,1.070779367,-0.16615894600885284,0.16615894600885284,0.31006724465958424,FALSE,FALSE
2002-04-16,East_Antarctica,1.104583026,-0.14966840537564052,0.14966840537564052,0.31006724465958424,FALSE,FALSE
2002-04-17,East_Antarctica,1.136552427,-0.13503987016465535,0.13503987016465535,0.31006724465958424,FALSE,FALSE
2002-04-18,East_Antarctica,1.140735365,-0.14823195893897267,0.14823195893897267,0.31006724465958424,FALSE,FALSE
2002-04-19,East_Antarctica,1.160440619,-0.14594230626166893,0.14594230626166893,0.31006724465958424,FALSE,FALSE
2002-04-20,East_Antarctica,1.181492239,-0.14235327569582346,0.14235327569582346,0.31006724465958424,FALSE,FALSE
2002-04-21,East_Antarctica,1.187039069,-0.15432243680451374,0.15432243680451374,0.31006724465958424,FALSE,FALSE
2002-04-22,East_Antarctica,1.198701628,-0.16023568415081657,0.16023568415081657,0.31006724465958424,FALSE,FALSE
2002-04-23,East_Antarctica,1.223533899,-0.15304544829781142,0.15304544829781142,0.31006724465958424,FALSE,FALSE
2002-04-24,East_Antarctica,1.253833422,-0.14046060280857242,0.14046060280857242,0.31006724465958424,FALSE,FALSE
2002-04-25,East_Antarctica,1.297248253,-0.11483889908607804,0.11483889908607804,0.31006724465958424,FALSE,FALSE
2002-04-26,East_Antarctica,1.330276456,-0.09968232355048424,0.09968232355048424,0.31006724465958424,FALSE,FALSE
2002-04-27,East_Antarctica,1.355448222,-0.09245755427957292,0.09245755427957292,0.31006724465958424,FALSE,FALSE
2002-04-28,East_Antarctica,1.38464392,-0.08128105783919581,0.08128105783919581,0.31006724465958424,FALSE,FALSE
2002-04-29,East_Antarctica,1.431207756,-0.05280546379520734,0.05280546379520734,0.31006724465958424,FALSE,FALSE
2002-04-30,East_Antarctica,1.481474045,-0.0206932927134591,0.0206932927134591,0.31006724465958424,FALSE,FALSE
2002-05-01,East_Antarctica,1.517413431,-0.00297073615980458,0.00297073615980458,0.31006724465958424,FALSE,FALSE
2002-05-02,East_Antarctica,1.542487932,0.00382738829990247,0.00382738829990247,0.31006724465958424,FALSE,FALSE
2002-05-03,East_Antarctica,1.562232256,0.00523895309981181,0.00523895309981181,0.31006724465958424,FALSE,FALSE
2002-05-04,East_Antarctica,1.587323153,0.01194387267406771,0.01194387267406771,0.31006724465958424,FALSE,FALSE
2002-05-05,East_Antarctica,1.60775271,0.01393739845681851,0.01393739845681851,0.31006724465958424,FALSE,FALSE
2002-05-06,East_Antarctica,1.640150286,0.02785205388221201,0.02785205388221201,0.31006724465958424,FALSE,FALSE
2002-05-07,East_Antarctica,1.707567952,0.07674307738090014,0.07674307738090014,0.31006724465958424,FALSE,FALSE
2002-05-08,East_Antarctica,1.756950153,0.10755975198282663,0.10755975198282663,0.31006724465958424,FALSE,FALSE
2002-05-09,East_Antarctica,1.781265151,0.11327962397198488,0.11327962397198488,0.31006724465958424,FALSE,FALSE
2002-05-10,East_Antarctica,1.751288325,0.06468808820137695,0.06468808820137695,0.31006724465958424,FALSE,FALSE
2002-05-11,East_Antarctica,1.709460025,0.00423551052400794,0.00423551052400794,0.31006724465958424,FALSE,FALSE
2002-05-12,East_Antarctica,1.676053051,-0.04779529320712017,0.04779529320712017,0.31006724465958424,FALSE,FALSE
2002-05-13,East_Antarctica,1.6812998,-0.06116191013900041,0.06116191013900041,0.31006724465958424,FALSE,FALSE
2002-05-14,East_Antarctica,1.696023543,-0.06503105341863091,0.06503105341863091,0.31006724465958424,FALSE,FALSE
2002-05-15,East_Antarctica,1.737699551,-0.04191743619300681,0.04191743619300681,0.31006724465958424,FALSE,FALSE
2002-05-16,East_Antarctica,1.777954549,-0.02018431760912631,0.02018431760912631,0.31006724465958424,FALSE,FALSE
2002-05-17,East_Antarctica,1.805878987,-0.01073123181398161,0.01073123181398161,0.31006724465958424,FALSE,FALSE
2002-05-18,East_Antarctica,1.801737467,-0.03328356095457518,0.03328356095457518,0.31006724465958424,FALSE,FALSE
2002-05-19,East_Antarctica,1.796879235,-0.05648204317789718,0.05648204317789718,0.31006724465958424,FALSE,FALSE
2002-05-20,East_Antarctica,1.770709876,-0.10091064804870632,0.10091064804870632,0.31006724465958424,FALSE,FALSE
2002-05-21,East_Antarctica,1.777427053,-0.1123534284095642,0.1123534284095642,0.31006724465958424,FALSE,FALSE
2002-05-22,East_Antarctica,1.806762381,-0.10105363653853285,0.10105363653853285,0.31006724465958424,FALSE,FALSE
2002-05-23,East_Antarctica,1.837218729,-0.08848304029565268,0.08848304029565268,0.31006724465958424,FALSE,FALSE
2002-05-24,East_Antarctica,1.84665402,-0.09675835354097728,0.09675835354097728,0.31006724465958424,FALSE,FALSE
2002-05-25,East_Antarctica,1.861384561,-0.09953790613455138,0.09953790613455138,0.31006724465958424,FALSE,FALSE
2002-05-26,East_Antarctica,1.867136807,-0.11106987993642135,0.11106987993642135,0.31006724465958424,FALSE,FALSE
2002-05-27,East_Antarctica,1.850308752,-0.14493091780663425,0.14493091780663425,0.31006724465958424,FALSE,FALSE
2002-05-28,East_Antarctica,1.886884277,-0.12511177560523778,0.12511177560523778,0.31006724465958424,FALSE,FALSE
2002-05-29,East_Antarctica,1.91960259,-0.10884788219227937,0.10884788219227937,0.31006724465958424,FALSE,FALSE
2002-05-30,East_Antarctica,1.924641528,-0.11993603742780312,0.11993603742780312,0.31006724465958424,FALSE,FALSE
2002-05-31,East_Antarctica,1.921783102,-0.13856886717186034,0.13856886717186034,0.31006724465958424,FALSE,FALSE
2002-06-01,East_Antarctica,1.916961251,-0.15878706928449438,0.15878706928449438,0.31006724465958424,FALSE,FALSE
2002-06-02,East_Antarctica,1.896798208,-0.1939554827126144,0.1939554827126144,0.31006724465958424,FALSE,FALSE
2002-06-03,East_Antarctica,1.890444629,-0.21496568880645484,0.21496568880645484,0.31006724465958424,FALSE,FALSE
2002-06-04,East_Antarctica,1.878874821,-0.24090091026341057,0.24090091026341057,0.31006724465958424,FALSE,FALSE
2002-06-05,East_Antarctica,1.881352082,-0.2525553793473432,0.2525553793473432,0.31006724465958424,FALSE,FALSE
2002-06-06,East_Antarctica,1.883624668,-0.2642383703221176,0.2642383703221176,0.31006724465958424,FALSE,FALSE
2002-06-07,East_Antarctica,1.864450746,-0.29724924645159434,0.29724924645159434,0.31006724465958424,FALSE,FALSE
2002-06-08,East_Antarctica,1.864995834,-0.3104800199996369,0.3104800199996369,0.31006724465958424,TRUE,FALSE
2002-06-09,East_Antarctica,1.868356449,-0.32089170423010915,0.32089170423010915,0.31006724465958424,TRUE,FALSE
2002-06-10,East_Antarctica,1.890104888,-0.31296953240686887,0.31296953240686887,0.31006724465958424,TRUE,FALSE
2002-06-11,East_Antarctica,1.935196335,-0.28181585079378424,0.28181585079378424,0.31006724465958424,FALSE,FALSE
2002-06-12,East_Antarctica,1.974200085,-0.2569188946547145,0.2569188946547145,0.31006724465958424,FALSE,FALSE
2002-06-13,East_Antarctica,1.999485041,-0.24596729125352312,0.24596729125352312,0.31006724465958424,FALSE,FALSE
2002-06-14,East_Antarctica,2.032414461,-0.22765418059023412,0.22765418059023412,0.31006724465958424,FALSE,FALSE
2002-06-15,East_Antarctica,2.051766635,-0.22320775577903973,0.22320775577903973,0.31006724465958424,FALSE,FALSE
2002-06-16,East_Antarctica,2.057518416,-0.23258917091779052,0.23258917091779052,0.31006724465958424,FALSE,FALSE
2002-06-17,East_Antarctica,2.056718466,-0.2486828099002052,0.2486828099002052,0.31006724465958424,FALSE,FALSE
2002-06-18,East_Antarctica,2.039320595,-0.2814679086199856,0.2814679086199856,0.31006724465958424,FALSE,FALSE
2002-06-19,East_Antarctica,2.040124796,-0.29607751997085074,0.29607751997085074,0.31006724465958424,FALSE,FALSE
2002-06-20,East_Antarctica,2.078138067,-0.27343769184651023,0.27343769184651023,0.31006724465958424,FALSE,FALSE
2002-06-21,East_Antarctica,2.141074034,-0.22576784414067363,0.22576784414067363,0.31006724465958424,FALSE,FALSE
2002-06-22,East_Antarctica,2.202488279,-0.17944544074705515,0.17944544074705515,0.31006724465958424,FALSE,FALSE
2002-06-23,East_Antarctica,2.235051941,-0.16173238855936534,0.16173238855936534,0.31006724465958424,FALSE,FALSE
2002-06-24,East_Antarctica,2.232129031,-0.17919772247131505,0.17919772247131505,0.31006724465958424,FALSE,FALSE
2002-06-25,East_Antarctica,2.242878594,-0.18261544337661872,0.18261544337661872,0.31006724465958424,FALSE,FALSE
2002-06-26,East_Antarctica,2.252808129,-0.18641109816898285,0.18641109816898285,0.31006724465958424,FALSE,FALSE
2002-06-27,East_Antarctica,2.223531684,-0.22891320449935385,0.22891320449935385,0.31006724465958424,FALSE,FALSE
2002-06-28,East_Antarctica,2.195408073,-0.2697774501146415,0.2697774501146415,0.31006724465958424,FALSE,FALSE
2002-06-29,East_Antarctica,2.208941377,-0.2685471261916943,0.2685471261916943,0.31006724465958424,FALSE,FALSE
2002-06-30,East_Antarctica,2.192478397,-0.29692297291101566,0.29692297291101566,0.31006724465958424,FALSE,FALSE
2002-07-01,East_Antarctica,2.213095275,-0.28787638945311356,0.28787638945311356,0.31006724465958424,FALSE,FALSE
2002-07-02,East_Antarctica,2.24696138,-0.265285547998499,0.265285547998499,0.31006724465958424,FALSE,FALSE
2002-07-03,East_Antarctica,2.26969779,-0.2535769117276754,0.2535769117276754,0.31006724465958424,FALSE,FALSE
2002-07-04,East_Antarctica,2.308420672,-0.22568185482115188,0.22568185482115188,0.31006724465958424,FALSE,FALSE
2002-07-05,East_Antarctica,2.311259378,-0.23351856645943456,0.23351856645943456,0.31006724465958424,FALSE,FALSE
2002-07-06,East_Antarctica,2.323713501,-0.23163499482303207,0.23163499482303207,0.31006724465958424,FALSE,FALSE
2002-07-07,East_Antarctica,2.337208413,-0.2286533090924503,0.2286533090924503,0.31006724465958424,FALSE,FALSE
2002-07-08,East_Antarctica,2.338808541,-0.23755662344819584,0.23755662344819584,0.31006724465958424,FALSE,FALSE
2002-07-09,East_Antarctica,2.344758463,-0.2421478436266269,0.2421478436266269,0.31006724465958424,FALSE,FALSE
2002-07-10,East_Antarctica,2.359750716,-0.23777074374252605,0.23777074374252605,0.31006724465958424,FALSE,FALSE
2002-07-11,East_Antarctica,2.347306109,-0.2609163749138528,0.2609163749138528,0.31006724465958424,FALSE,FALSE
2002-07-12,East_Antarctica,2.327788764,-0.29122923950396595,0.29122923950396595,0.31006724465958424,FALSE,FALSE
2002-07-13,East_Antarctica,2.324784774,-0.3051318688762281,0.3051318688762281,0.31006724465958424,FALSE,FALSE
2002-07-14,East_Antarctica,2.314312497,-0.3266145293939928,0.3266145293939928,0.31006724465958424,TRUE,TRUE
2002-07-15,East_Antarctica,2.317462449,-0.3345953294206203,0.3345953294206203,0.31006724465958424,TRUE,TRUE
2002-07-16,East_Antarctica,2.31030527,-0.35301225331946773,0.35301225331946773,0.31006724465958424,TRUE,TRUE
2002-07-17,East_Antarctica,2.307505666,-0.3672092194538963,0.3672092194538963,0.31006724465958424,TRUE,TRUE
2002-07-18,East_Antarctica,2.344303754,-0.3419547351872607,0.3419547351872607,0.31006724465958424,TRUE,TRUE
2002-07-19,East_Antarctica,2.429680521,-0.2682764378829221,0.2682764378829221,0.31006724465958424,FALSE,FALSE
2002-07-20,East_Antarctica,2.484850135,-0.2249687839042367,0.2249687839042367,0.31006724465958424,FALSE,FALSE
2002-07-21,East_Antarctica,2.493399987,-0.228453006614564,0.228453006614564,0.31006724465958424,FALSE,FALSE
2002-07-22,East_Antarctica,2.528157377,-0.20590787378602604,0.20590787378602604,0.31006724465958424,FALSE,FALSE
2002-07-23,East_Antarctica,2.560074324,-0.1863521473574936,0.1863521473574936,0.31006724465958424,FALSE,FALSE
2002-07-24,East_Antarctica,2.576197688,-0.1826840262946967,0.1826840262946967,0.31006724465958424,FALSE,FALSE
2002-07-25,East_Antarctica,2.588943849,-0.18243160608892417,0.18243160608892417,0.31006724465958424,FALSE,FALSE
2002-07-26,East_Antarctica,2.541007461,-0.24284470823146487,0.24284470823146487,0.31006724465958424,FALSE,FALSE
2002-07-27,East_Antarctica,2.509803146,-0.28645318621361193,0.28645318621361193,0.31006724465958424,FALSE,FALSE
2002-07-28,East_Antarctica,2.499147286,-0.30938513352665353,0.30938513352665353,0.31006724465958424,FALSE,FALSE
2002-07-29,East_Antarctica,2.512535786,-0.3080891206618772,0.3080891206618772,0.31006724465958424,FALSE,FALSE
2002-07-30,East_Antarctica,2.514087249,-0.31839102011057596,0.31839102011057596,0.31006724465958424,TRUE,TRUE
2002-07-31,East_Antarctica,2.4852208,-0.35881618236403856,0.35881618236403856,0.31006724465958424,TRUE,TRUE
2002-08-01,East_Antarctica,2.452457378,-0.4027881439135532,0.4027881439135532,0.31006724465958424,TRUE,TRUE
2002-08-02,East_Antarctica,2.454503293,-0.4115450702504142,0.4115450702504142,0.31006724465958424,TRUE,TRUE
2002-08-03,East_Antarctica,2.46055931,-0.4158306725990686,0.4158306725990686,0.31006724465958424,TRUE,TRUE
2002-08-04,East_Antarctica,2.441514994,-0.4447196546177916,0.4447196546177916,0.31006724465958424,TRUE,TRUE
2002-08-05,East_Antarctica,2.448600015,-0.44701801391906226,0.44701801391906226,0.31006724465958424,TRUE,TRUE
2002-08-06,East_Antarctica,2.495649055,-0.4089428304814615,0.4089428304814615,0.31006724465958424,TRUE,TRUE
2002-08-07,East_Antarctica,2.522806279,-0.39040170128357055,0.39040170128357055,0.31006724465958424,TRUE,TRUE
2002-08-08,East_Antarctica,2.53179744,-0.38972063530396905,0.38972063530396905,0.31006724465958424,TRUE,TRUE
2002-08-09,East_Antarctica,2.587022134,-0.3425517985212374,0.3425517985212374,0.31006724465958424,TRUE,TRUE
2002-08-10,East_Antarctica,2.588865402,-0.34856191191395736,0.34856191191395736,0.31006724465958424,TRUE,TRUE
2002-08-11,East_Antarctica,2.572214829,-0.3729151524607088,0.3729151524607088,0.31006724465958424,TRUE,TRUE
2002-08-12,East_Antarctica,2.560410696,-0.39232300114007224,0.39232300114007224,0.31006724465958424,TRUE,TRUE
2002-08-13,East_Antarctica,2.554383765,-0.4059064579306289,0.4059064579306289,0.31006724465958424,TRUE,TRUE
2002-08-14,East_Antarctica,2.521959918,-0.4458914028109566,0.4458914028109566,0.31006724465958424,TRUE,TRUE
2002-08-15,East_Antarctica,2.522500738,-0.45296801475963777,0.45296801475963777,0.31006724465958424,TRUE,TRUE
2002-08-16,East_Antarctica,2.554148905,-0.42904384345952806,0.42904384345952806,0.31006724465958424,TRUE,TRUE
2002-08-17,East_Antarctica,2.601202939,-0.3898250551656868,0.3898250551656868,0.31006724465958424,TRUE,TRUE
2002-08-18,East_Antarctica,2.687423779,-0.3115032690881909,0.3115032690881909,0.31006724465958424,TRUE,TRUE
2002-08-19,East_Antarctica,2.74489327,-0.261946341685515,0.261946341685515,0.31006724465958424,FALSE,FALSE
2002-08-20,East_Antarctica,2.767197769,-0.2475176174161242,0.2475176174161242,0.31006724465958424,FALSE,FALSE
2002-08-21,East_Antarctica,2.794589696,-0.22791437773848955,0.22791437773848955,0.31006724465958424,FALSE,FALSE
2002-08-22,East_Antarctica,2.779083903,-0.2510714721110805,0.2510714721110805,0.31006724465958424,FALSE,FALSE
2002-08-23,East_Antarctica,2.755569242,-0.282049749992368,0.282049749992368,0.31006724465958424,FALSE,FALSE
2002-08-24,East_Antarctica,2.763091205,-0.2817534208408188,0.2817534208408188,0.31006724465958424,FALSE,FALSE
2002-08-25,East_Antarctica,2.757416697,-0.2943652811149029,0.2943652811149029,0.31006724465958424,FALSE,FALSE
2002-08-26,East_Antarctica,2.784557128,-0.273823622273091,0.273823622273091,0.31006724465958424,FALSE,FALSE
2002-08-27,East_Antarctica,2.803116976,-0.2614736677738514,0.2614736677738514,0.31006724465958424,FALSE,FALSE
2002-08-28,East_Antarctica,2.788867654,-0.28149370607565194,0.28149370607565194,0.31006724465958424,FALSE,FALSE
2002-08-29,East_Antarctica,2.799514236,-0.27613735626193536,0.27613735626193536,0.31006724465958424,FALSE,FALSE
2002-08-30,East_Antarctica,2.805446316,-0.27502836577923784,0.27502836577923784,0.31006724465958424,FALSE,FALSE
2002-08-31,East_Antarctica,2.809291217,-0.27557328620501265,0.27557328620501265,0.31006724465958424,FALSE,FALSE
2002-09-01,East_Antarctica,2.831481272,-0.25737369594641013,0.25737369594641013,0.31006724465958424,FALSE,FALSE
2002-09-02,East_Antarctica,2.836151872,-0.25632811541057743,0.25632811541057743,0.31006724465958424,FALSE,FALSE
2002-09-03,East_Antarctica,2.817683156,-0.27809031700466535,0.27809031700466535,0.31006724465958424,FALSE,FALSE
2002-09-04,East_Antarctica,2.81030399,-0.28846534613581865,0.28846534613581865,0.31006724465958424,FALSE,FALSE
2002-09-05,East_Antarctica,2.844226918,-0.2572745702111874,0.2572745702111874,0.31006724465958424,FALSE,FALSE
2002-09-06,East_Antarctica,2.865768463,-0.2382353776379205,0.2382353776379205,0.31006724465958424,FALSE,FALSE
2002-09-07,East_Antarctica,2.869018803,-0.2372915018231656,0.2372915018231656,0.31006724465958424,FALSE,FALSE
2002-09-08,East_Antarctica,2.896931841,-0.2115229511740746,0.2115229511740746,0.31006724465958424,FALSE,FALSE
2002-09-09,East_Antarctica,2.904277559,-0.2061936550977883,0.2061936550977883,0.31006724465958424,FALSE,FALSE
2002-09-10,East_Antarctica,2.949556565,-0.1628368651935248,0.1628368651935248,0.31006724465958424,FALSE,FALSE
2002-09-11,East_Antarctica,2.984843523,-0.12940685884782033,0.12940685884782033,0.31006724465958424,FALSE,FALSE
2002-09-12,East_Antarctica,3.007643162,-0.10841894840991052,0.10841894840991052,0.31006724465958424,FALSE,FALSE
2002-09-13,East_Antarctica,3.010646748,-0.10720097213269052,0.10720097213269052,0.31006724465958424,FALSE,FALSE
2002-09-14,East_Antarctica,2.97685107,-0.14277524526905427,0.14277524526905427,0.31006724465958424,FALSE,FALSE
2002-09-15,East_Antarctica,2.995178651,-0.12623834907190057,0.12623834907190057,0.31006724465958424,FALSE,FALSE
2002-09-16,East_Antarctica,3.035523297,-0.08771558179412153,0.08771558179412153,0.31006724465958424,FALSE,FALSE
2002-09-17,East_Antarctica,3.069484338,-0.05562671768861493,0.05562671768861493,0.31006724465958424,FALSE,FALSE
2002-09-18,East_Antarctica,3.060087058,-0.06696557700827555,0.06696557700827555,0.31006724465958424,FALSE,FALSE
2002-09-19,East_Antarctica,3.035801957,-0.09328076400599894,0.09328076400599894,0.31006724465958424,FALSE,FALSE
2002-09-20,East_Antarctica,3.044028227,-0.08719219093467911,0.08719219093467911,0.31006724465958424,FALSE,FALSE
2002-09-21,East_Antarctica,3.043490099,-0.08999473104721467,0.08999473104721467,0.31006724465958424,FALSE,FALSE
2002-09-22,East_Antarctica,3.054091773,-0.08180328859649943,0.08180328859649943,0.31006724465958424,FALSE,FALSE
2002-09-23,East_Antarctica,3.048209549,-0.09025458087983652,0.09025458087983652,0.31006724465958424,FALSE,FALSE
2002-09-24,East_Antarctica,3.041826657,-0.09931322748710514,0.09931322748710514,0.31006724465958424,FALSE,FALSE
2002-09-25,East_Antarctica,3.028551829,-0.11527881427509712,0.11527881427509712,0.31006724465958424,FALSE,FALSE
2002-09-26,East_Antarctica,3.015494599,-0.13094957042677313,0.13094957042677313,0.31006724465958424,FALSE,FALSE
2002-09-27,East_Antarctica,3.033183197,-0.11570502912510028,0.11570502912510028,0.31006724465958424,FALSE,FALSE
2002-09-28,East_Antarctica,3.037794165,-0.11327641155303823,0.11327641155303823,0.31006724465958424,FALSE,FALSE
2002-09-29,East_Antarctica,3.074210931,-0.07868805289355274,0.07868805289355274,0.31006724465958424,FALSE,FALSE
2002-09-30,East_Antarctica,3.083808126,-0.07047308532960583,0.07047308532960583,0.31006724465958424,FALSE,FALSE
2002-10-01,East_Antarctica,3.082832578,-0.07229244404416191,0.07229244404416191,0.31006724465958424,FALSE,FALSE
2002-10-02,East_Antarctica,3.118021913,-0.03731626622018247,0.03731626622018247,0.31006724465958424,FALSE,FALSE
2002-10-03,East_Antarctica,3.144316136,-0.01051231004063035,0.01051231004063035,0.31006724465958424,FALSE,FALSE
2002-10-04,East_Antarctica,3.196618788,0.04311520231152688,0.04311520231152688,0.31006724465958424,FALSE,FALSE
2002-10-05,East_Antarctica,3.214691601,0.06342021189254154,0.06342021189254154,0.31006724465958424,FALSE,FALSE
2002-10-06,East_Antarctica,3.185965614,0.03789238648570681,0.03789238648570681,0.31006724465958424,FALSE,FALSE
2002-10-07,East_Antarctica,3.138626672,-0.00532257815393055,0.00532257815393055,0.31006724465958424,FALSE,FALSE
2002-10-08,East_Antarctica,3.118724618,-0.02023305951680631,0.02023305951680631,0.31006724465958424,FALSE,FALSE
2002-10-09,East_Antarctica,3.119421648,-0.01373508209335794,0.01373508209335794,0.31006724465958424,FALSE,FALSE
2002-10-10,East_Antarctica,3.128438052,0.00183342362598226,0.00183342362598226,0.31006724465958424,FALSE,FALSE
2002-10-11,East_Antarctica,3.111299948,-0.00805964484922139,0.00805964484922139,0.31006724465958424,FALSE,FALSE
2002-10-12,East_Antarctica,3.100633546,-0.01084629800940995,0.01084629800940995,0.31006724465958424,FALSE,FALSE
2002-10-13,East_Antarctica,3.107727597,0.00470399465498472,0.00470399465498472,0.31006724465958424,FALSE,FALSE
2002-10-14,East_Antarctica,3.105082002,0.01103291365352809,0.01103291365352809,0.31006724465958424,FALSE,FALSE
2002-10-15,East_Antarctica,3.08884956,0.00423503749578202,0.00423503749578202,0.31006724465958424,FALSE,FALSE
2002-10-16,East_Antarctica,3.06614232,-0.00863580530868457,0.00863580530868457,0.31006724465958424,FALSE,FALSE
2002-10-17,East_Antarctica,3.053872935,-0.01072518225031515,0.01072518225031515,0.31006724465958424,FALSE,FALSE
2002-10-18,East_Antarctica,3.061343771,0.00721435202491882,0.00721435202491882,0.31006724465958424,FALSE,FALSE
2002-10-19,East_Antarctica,3.054595127,0.01123826358954804,0.01123826358954804,0.31006724465958424,FALSE,FALSE
2002-10-20,East_Antarctica,3.036575911,0.00437763244660116,0.00437763244660116,0.31006724465958424,FALSE,FALSE
2002-10-21,East_Antarctica,3.000411099,-0.02015771050513137,0.02015771050513137,0.31006724465958424,FALSE,FALSE
2002-10-22,East_Antarctica,2.989743356,-0.01864024536686592,0.01864024536686592,0.31006724465958424,FALSE,FALSE
2002-10-23,East_Antarctica,2.971846284,-0.02371151523980819,0.02371151523980819,0.31006724465958424,FALSE,FALSE
2002-10-24,East_Antarctica,2.954780364,-0.02722618422517486,0.02722618422517486,0.31006724465958424,FALSE,FALSE
2002-10-25,East_Antarctica,2.962615905,-0.00502908842417637,0.00502908842417637,0.31006724465958424,FALSE,FALSE
2002-10-26,East_Antarctica,2.926918937,-0.02546934293802261,0.02546934293802261,0.31006724465958424,FALSE,FALSE
2002-10-27,East_Antarctica,2.89411117,-0.0420403828679281,0.0420403828679281,0.31006724465958424,FALSE,FALSE
2002-10-28,East_Antarctica,2.874359901,-0.04449005631510427,0.04449005631510427,0.31006724465958424,FALSE,FALSE
2002-10-29,East_Antarctica,2.879951171,-0.02044746738076242,0.02044746738076242,0.31006724465958424,FALSE,FALSE
2002-10-30,East_Antarctica,2.88975415,0.00904140883388482,0.00904140883388482,0.31006724465958424,FALSE,FALSE
2002-10-31,East_Antarctica,2.817487524,-0.04223229741974954,0.04223229741974954,0.31006724465958424,FALSE,FALSE
2002-11-01,East_Antarctica,2.741366074,-0.09604244879150949,0.09604244879150949,0.31006724465958424,FALSE,FALSE
2002-11-02,East_Antarctica,2.660756355,-0.15302989776069342,0.15302989776069342,0.31006724465958424,FALSE,FALSE
2002-11-03,East_Antarctica,2.589501951,-0.19935847285081687,0.19935847285081687,0.31006724465958424,FALSE,FALSE
2002-11-04,East_Antarctica,2.513048656,-0.24958979258538916,0.24958979258538916,0.31006724465958424,FALSE,FALSE
2002-11-05,East_Antarctica,2.490598457,-0.24452928248792105,0.24452928248792105,0.31006724465958424,FALSE,FALSE
2002-11-06,East_Antarctica,2.474662478,-0.2316732310819285,0.2316732310819285,0.31006724465958424,FALSE,FALSE
2002-11-07,East_Antarctica,2.435609521,-0.24066024889091864,0.24066024889091864,0.31006724465958424,FALSE,FALSE
2002-11-08,East_Antarctica,2.393488789,-0.25144854543840633,0.25144854543840633,0.31006724465958424,FALSE,FALSE
2002-11-09,East_Antarctica,2.373262319,-0.2390834962479027,0.2390834962479027,0.31006724465958424,FALSE,FALSE
2002-11-10,East_Antarctica,2.358352006,-0.2201506188429181,0.2201506188429181,0.31006724465958424,FALSE,FALSE
2002-11-11,East_Antarctica,2.309626907,-0.23378826874696612,0.23378826874696612,0.31006724465958424,FALSE,FALSE
2002-11-12,East_Antarctica,2.266112156,-0.24097963204826336,0.24097963204826336,0.31006724465958424,FALSE,FALSE
2002-11-13,East_Antarctica,2.252956601,-0.21663438640706725,0.21663438640706725,0.31006724465958424,FALSE,FALSE
2002-11-14,East_Antarctica,2.256084071,-0.17496269793442876,0.17496269793442876,0.31006724465958424,FALSE,FALSE
2002-11-15,East_Antarctica,2.1994048410000002,-0.1921945117277204,0.1921945117277204,0.31006724465958424,FALSE,FALSE
2002-11-16,East_Antarctica,2.141379011,-0.21000994788431893,0.21000994788431893,0.31006724465958424,FALSE,FALSE
2002-11-17,East_Antarctica,2.11462755,-0.19592825750159815,0.19592825750159815,0.31006724465958424,FALSE,FALSE
2002-11-18,East_Antarctica,2.082111802,-0.18712831667693575,0.18712831667693575,0.31006724465958424,FALSE,FALSE
2002-11-19,East_Antarctica,2.04599113,-0.18159098250770667,0.18159098250770667,0.31006724465958424,FALSE,FALSE
2002-11-20,East_Antarctica,2.000274442,-0.18544756709128452,0.18544756709128452,0.31006724465958424,FALSE,FALSE
2002-11-21,East_Antarctica,1.969787566,-0.17401246252504476,0.17401246252504476,0.31006724465958424,FALSE,FALSE
2002-11-22,East_Antarctica,1.911242522,-0.1907138689063637,0.1907138689063637,0.31006724465958424,FALSE,FALSE
2002-11-23,East_Antarctica,1.871816281,-0.18851503533261793,0.18851503533261793,0.31006724465958424,FALSE,FALSE
2002-11-24,East_Antarctica,1.84203491,-0.1770301149011806,0.1770301149011806,0.31006724465958424,FALSE,FALSE
2002-11-25,East_Antarctica,1.831729069,-0.14656018006566218,0.14656018006566218,0.31006724465958424,FALSE,FALSE
2002-11-26,East_Antarctica,1.81178443,-0.1262795042107694,0.1262795042107694,0.31006724465958424,FALSE,FALSE
2002-11-27,East_Antarctica,1.78376679,-0.1146461393218603,0.1146461393218603,0.31006724465958424,FALSE,FALSE
2002-11-28,East_Antarctica,1.758680992,-0.10067881797503286,0.10067881797503286,0.31006724465958424,FALSE,FALSE
2002-11-29,East_Antarctica,1.717529884,-0.10339826774638894,0.10339826774638894,0.31006724465958424,FALSE,FALSE
2002-11-30,East_Antarctica,1.684241944,-0.0988995862120241,0.0988995862120241,0.31006724465958424,FALSE,FALSE
2002-12-01,East_Antarctica,1.618192796,-0.12783072494803993,0.12783072494803993,0.31006724465958424,FALSE,FALSE
2002-12-02,East_Antarctica,1.612089011,-0.0975086885305334,0.0975086885305334,0.31006724465958424,FALSE,FALSE
2002-12-03,East_Antarctica,1.612295339,-0.0615923025356051,0.0615923025356051,0.31006724465958424,FALSE,FALSE
2002-12-04,East_Antarctica,1.58899999,-0.04991693253935403,0.04991693253935403,0.31006724465958424,FALSE,FALSE
2002-12-05,East_Antarctica,1.549995016,-0.05471410211787786,0.05471410211787786,0.31006724465958424,FALSE,FALSE
2002-12-06,East_Antarctica,1.517016704,-0.05427109984727729,0.05427109984727729,0.31006724465958424,FALSE,FALSE
2002-12-07,East_Antarctica,1.489519933,-0.04915659831779639,0.04915659831779639,0.31006724465958424,FALSE,FALSE
2002-12-08,East_Antarctica,1.478594971,-0.02829643514303725,0.02829643514303725,0.31006724465958424,FALSE,FALSE
2002-12-09,East_Antarctica,1.459015849,-0.01691472797494886,0.01691472797494886,0.31006724465958424,FALSE,FALSE
2002-12-10,East_Antarctica,1.442674952,-0.0031145878219041,0.0031145878219041,0.31006724465958424,FALSE,FALSE
2002-12-11,East_Antarctica,1.438003022,0.02153923130771695,0.02153923130771695,0.31006724465958424,FALSE,FALSE
2002-12-12,East_Antarctica,1.425462034,0.03751320840553762,0.03751320840553762,0.31006724465958424,FALSE,FALSE
2002-12-13,East_Antarctica,1.382085678,0.0218455374631834,0.0218455374631834,0.31006724465958424,FALSE,FALSE
2002-12-14,East_Antarctica,1.347901262,0.01456803047227706,0.01456803047227706,0.31006724465958424,FALSE,FALSE
2002-12-15,East_Antarctica,1.325126261,0.01790266642444238,0.01790266642444238,0.31006724465958424,FALSE,FALSE
2002-12-16,East_Antarctica,1.311394286,0.02948756031130228,0.02948756031130228,0.31006724465958424,FALSE,FALSE
2002-12-17,East_Antarctica,1.304252017,0.04687389612448078,0.04687389612448078,0.31006724465958424,FALSE,FALSE
2002-12-18,East_Antarctica,1.273812631,0.04017935485559953,0.04017935485559953,0.31006724465958424,FALSE,FALSE
2002-12-19,East_Antarctica,1.236982277,0.02631458949628506,0.02631458949628506,0.31006724465958424,FALSE,FALSE
2002-12-20,East_Antarctica,1.209250719,0.0207746745216657,0.0207746745216657,0.31006724465958424,FALSE,FALSE
2002-12-21,East_Antarctica,1.184529076,0.01748879146564141,0.01748879146564141,0.31006724465958424,FALSE,FALSE
2002-12-22,East_Antarctica,1.152831867,0.00649970082318818,0.00649970082318818,0.31006724465958424,FALSE,FALSE
2002-12-23,East_Antarctica,1.124616616,-0.00170654825439786,0.00170654825439786,0.31006724465958424,FALSE,FALSE
2002-12-24,East_Antarctica,1.092738542,-0.01424621161581929,0.01424621161581929,0.31006724465958424,FALSE,FALSE
2002-12-25,East_Antarctica,1.080118618,-0.00816979110978066,0.00816979110978066,0.31006724465958424,FALSE,FALSE
2002-12-26,East_Antarctica,1.049354561,-0.02085104458498588,0.02085104458498588,0.31006724465958424,FALSE,FALSE
2002-12-27,East_Antarctica,1.028577202,-0.02413061589013954,0.02413061589013954,0.31006724465958424,FALSE,FALSE
2002-12-28,East_Antarctica,1.024497614,-0.01126890687394466,0.01126890687394466,0.31006724465958424,FALSE,FALSE
2002-12-29,East_Antarctica,1.003487133,-0.01586605638510363,0.01586605638510363,0.31006724465958424,FALSE,FALSE
2002-12-30,East_Antarctica,0.954777611,-0.04866168727232145,0.04866168727232145,0.31006724465958424,FALSE,FALSE
2002-12-31,East_Antarctica,0.90614512,-0.08185120238430454,0.08185120238430454,0.31006724465958424,FALSE,FALSE
2003-01-01,East_Antarctica,0.872995597,-0.10000013956975408,0.10000013956975408,0.31006724465958424,FALSE,FALSE
2003-01-02,East_Antarctica,0.839746122,-0.11866399665614792,0.11866399665614792,0.31006724465958424,FALSE,FALSE
2003-01-03,East_Antarctica,0.815517818,-0.12869864038607126,0.12869864038607126,0.31006724465958424,FALSE,FALSE
2003-01-04,East_Antarctica,0.798829326,-0.13156352248087877,0.13156352248087877,0.31006724465958424,FALSE,FALSE
2003-01-05,East_Antarctica,0.777222145,-0.13969523666192374,0.13969523666192374,0.31006724465958424,FALSE,FALSE
2003-01-06,East_Antarctica,0.767508435,-0.13625971565056882,0.13625971565056882,0.31006724465958424,FALSE,FALSE
2003-01-07,East_Antarctica,0.770563192,-0.1203600561681668,0.1203600561681668,0.31006724465958424,FALSE,FALSE
2003-01-08,East_Antarctica,0.757843708,-0.12051705893607469,0.12051705893607469,0.31006724465958424,FALSE,FALSE
2003-01-09,East_Antarctica,0.737523537,-0.1285352626756512,0.1285352626756512,0.31006724465958424,FALSE,FALSE
2003-01-10,East_Antarctica,0.733340263,-0.12065517610824972,0.12065517610824972,0.31006724465958424,FALSE,FALSE
2003-01-11,East_Antarctica,0.723773513,-0.11837526495522964,0.11837526495522964,0.31006724465958424,FALSE,FALSE
2003-01-12,East_Antarctica,0.6773987,-0.15309820893794646,0.15309820893794646,0.31006724465958424,FALSE,FALSE
2003-01-13,East_Antarctica,0.687122705,-0.1318952197777571,0.1318952197777571,0.31006724465958424,FALSE,FALSE
2003-01-14,East_Antarctica,0.681719651,-0.1259706020274447,0.1259706020274447,0.31006724465958424,FALSE,FALSE
2003-01-15,East_Antarctica,0.659200329,-0.13730400761132588,0.13730400761132588,0.31006724465958424,FALSE,FALSE
2003-01-16,East_Antarctica,0.653200513,-0.13226515814158257,0.13226515814158257,0.31006724465958424,FALSE,FALSE
2003-01-17,East_Antarctica,0.655614522,-0.11896618221350252,0.11896618221350252,0.31006724465958424,FALSE,FALSE
2003-01-18,East_Antarctica,0.644285989,-0.11956989442237176,0.11956989442237176,0.31006724465958424,FALSE,FALSE
2003-01-19,East_Antarctica,0.625532736,-0.12776492036347786,0.12776492036347786,0.31006724465958424,FALSE,FALSE
2003-01-20,East_Antarctica,0.612223899,-0.13068857163210856,0.13068857163210856,0.31006724465958424,FALSE,FALSE
2003-01-21,East_Antarctica,0.617153724,-0.1155530498235504,0.1155530498235504,0.31006724465958424,FALSE,FALSE
2003-01-22,East_Antarctica,0.623135061,-0.09955195253309024,0.09955195253309024,0.31006724465958424,FALSE,FALSE
2003-01-23,East_Antarctica,0.617647583,-0.095212054356016207,0.095212054356016207,0.31006724465958424,FALSE,FALSE
2003-01-24,East_Antarctica,0.608640145,-0.0945909478876149,0.0945909478876149,0.31006724465958424,FALSE,FALSE
2003-01-25,East_Antarctica,0.609911801,-0.08389602672317342,0.08389602672317342,0.31006724465958424,FALSE,FALSE
2003-01-26,East_Antarctica,0.594745923,-0.0898503664579785,0.0898503664579785,0.31006724465958424,FALSE,FALSE
2003-01-27,East_Antarctica,0.5929011,-0.08270100680144732,0.08270100680144732,0.31006724465958424,FALSE,FALSE
2003-01-28,East_Antarctica,0.57293571,-0.09388965504873148,0.09388965504873148,0.31006724465958424,FALSE,FALSE
2003-01-29,East_Antarctica,0.58701793,-0.0712459208804469,0.0712459208804469,0.31006724465958424,FALSE,FALSE
2003-01-30,East_Antarctica,0.585174895,-0.06474044857264438,0.06474044857264438,0.31006724465958424,FALSE,FALSE
2003-01-31,East_Antarctica,0.587567031,-0.05421059140137252,0.05421059140137252,0.31006724465958424,FALSE,FALSE
2003-02-01,East_Antarctica,0.584466392,-0.04938207464267985,0.04938207464267985,0.31006724465958424,FALSE,FALSE
2003-02-02,East_Antarctica,0.574227453,-0.05189820257261657,0.05189820257261657,0.31006724465958424,FALSE,FALSE
2003-02-03,East_Antarctica,0.563980473,-0.05462649546723053,0.05462649546723053,0.31006724465958424,FALSE,FALSE
2003-02-04,East_Antarctica,0.559814278,-0.05147590660257173,0.05147590660257173,0.31006724465958424,FALSE,FALSE
2003-02-05,East_Antarctica,0.547070717,-0.05710236625468967,0.05710236625468967,0.31006724465958424,FALSE,FALSE
2003-02-06,East_Antarctica,0.535537998,-0.06171544569963316,0.06171544569963316,0.31006724465958424,FALSE,FALSE
2003-02-07,East_Antarctica,0.536778437,-0.05375060821345101,0.05375060821345101,0.31006724465958424,FALSE,FALSE
2003-02-08,East_Antarctica,0.521603033,-0.06239477331916021,0.06239477331916021,0.31006724465958424,FALSE,FALSE
2003-02-09,East_Antarctica,0.507685968,-0.06999006138723773,0.06999006138723773,0.31006724465958424,FALSE,FALSE
2003-02-10,East_Antarctica,0.488267627,-0.0833489508454523,0.0833489508454523,0.31006724465958424,FALSE,FALSE
2003-02-11,East_Antarctica,0.474313495,-0.09156314286708434,0.09156314286708434,0.31006724465958424,FALSE,FALSE
2003-02-12,East_Antarctica,0.474927146,-0.08558624962541389,0.08558624962541389,0.31006724465958424,FALSE,FALSE
2003-02-13,East_Antarctica,0.488858052,-0.06672598529372253,0.06672598529372253,0.31006724465958424,FALSE,FALSE
2003-02-14,East_Antarctica,0.482703141,-0.06844260804528934,0.06844260804528934,0.31006724465958424,FALSE,FALSE
2003-02-15,East_Antarctica,0.492413623,-0.05484209405339557,0.05484209405339557,0.31006724465958424,FALSE,FALSE
2003-02-16,East_Antarctica,0.495410521,-0.04856060649132282,0.04856060649132282,0.31006724465958424,FALSE,FALSE
2003-02-17,East_Antarctica,0.491286705,-0.05006246153235,0.05006246153235,0.31006724465958424,FALSE,FALSE
2003-02-18,East_Antarctica,0.486482064,-0.05296495634975856,0.05296495634975856,0.31006724465958424,FALSE,FALSE
2003-02-19,East_Antarctica,0.50090402,-0.03741785511682782,0.03741785511682782,0.31006724465958424,FALSE,FALSE
2003-02-20,East_Antarctica,0.510591048,-0.02743986900683948,0.02743986900683948,0.31006724465958424,FALSE,FALSE
2003-02-21,East_Antarctica,0.50576884,-0.03285941650458468,0.03285941650458468,0.31006724465958424,FALSE,FALSE
2003-02-22,East_Antarctica,0.483200632,-0.05693008357582668,0.05693008357582668,0.31006724465958424,FALSE,FALSE
2003-02-23,East_Antarctica,0.475304029,-0.06722628123625696,0.06722628123625696,0.31006724465958424,FALSE,FALSE
2003-02-24,East_Antarctica,0.480157389,-0.06566121908510975,0.06566121908510975,0.31006724465958424,FALSE,FALSE
2003-02-25,East_Antarctica,0.48136634,-0.06862083672161878,0.06862083672161878,0.31006724465958424,FALSE,FALSE
2003-02-26,East_Antarctica,0.486194729,-0.06883285474501649,0.06883285474501649,0.31006724465958424,FALSE,FALSE
2003-02-27,East_Antarctica,0.498301977,-0.06262941975453828,0.06262941975453828,0.31006724465958424,FALSE,FALSE
2003-02-28,East_Antarctica,0.509310927,-0.05837925634941665,0.05837925634941665,0.31006724465958424,FALSE,FALSE
2003-03-01,East_Antarctica,0.518544243,-0.05675126812888509,0.05675126812888509,0.31006724465958424,FALSE,FALSE
2003-03-02,East_Antarctica,0.510121144,-0.07361780369217785,0.07361780369217785,0.31006724465958424,FALSE,FALSE
2003-03-03,East_Antarctica,0.519832179,-0.07317988163852751,0.07317988163852751,0.31006724465958424,FALSE,FALSE
2003-03-04,East_Antarctica,0.524136194,-0.0789702235671691,0.0789702235671691,0.31006724465958424,FALSE,FALSE
2003-03-05,East_Antarctica,0.524773052,-0.08924052993456733,0.08924052993456733,0.31006724465958424,FALSE,FALSE
2003-03-06,East_Antarctica,0.539983011,-0.08572669561669599,0.08572669561669599,0.31006724465958424,FALSE,FALSE
2003-03-07,East_Antarctica,0.554542836,-0.08357793749318343,0.08357793749318343,0.31006724465958424,FALSE,FALSE
2003-03-08,East_Antarctica,0.563658928,-0.08750364367992769,0.08750364367992769,0.31006724465958424,FALSE,FALSE
2003-03-09,East_Antarctica,0.564810368,-0.0999405222928288,0.0999405222928288,0.31006724465958424,FALSE,FALSE
2003-03-10,East_Antarctica,0.59173083,-0.0870706884477852,0.0870706884477852,0.31006724465958424,FALSE,FALSE
2003-03-11,East_Antarctica,0.598535991,-0.09469425426069532,0.09469425426069532,0.31006724465958424,FALSE,FALSE
2003-03-12,East_Antarctica,0.605414277,-0.10253858284745754,0.10253858284745754,0.31006724465958424,FALSE,FALSE
2003-03-13,East_Antarctica,0.590967572,-0.13191757932397286,0.13191757932397286,0.31006724465958424,FALSE,FALSE
2003-03-14,East_Antarctica,0.609119419,-0.12882348980613856,0.12882348980613856,0.31006724465958424,FALSE,FALSE
2003-03-15,East_Antarctica,0.64120529,-0.11183663140985424,0.11183663140985424,0.31006724465958424,FALSE,FALSE
2003-03-16,East_Antarctica,0.665439765,-0.1026582132510192,0.1026582132510192,0.31006724465958424,FALSE,FALSE
2003-03-17,East_Antarctica,0.67162256,-0.11140430844553018,0.11140430844553018,0.31006724465958424,FALSE,FALSE
2003-03-18,East_Antarctica,0.689234229,-0.1085126026089277,0.1085126026089277,0.31006724465958424,FALSE,FALSE
2003-03-19,East_Antarctica,0.711116762,-0.10112054622803957,0.10112054622803957,0.31006724465958424,FALSE,FALSE
2003-03-20,East_Antarctica,0.742052938,-0.08448881741366421,0.08448881741366421,0.31006724465958424,FALSE,FALSE
2003-03-21,East_Antarctica,0.773638819,-0.06706782528399191,0.06706782528399191,0.31006724465958424,FALSE,FALSE
2003-03-22,East_Antarctica,0.837449395,-0.01732905095721482,0.01732905095721482,0.31006724465958424,FALSE,FALSE
2003-03-23,East_Antarctica,0.869538759,7.3512744847537e-4,7.3512744847537e-4,0.31006724465958424,FALSE,FALSE
2003-03-24,East_Antarctica,0.864746745,-0.01808192718511192,0.01808192718511192,0.31006724465958424,FALSE,FALSE
2003-03-25,East_Antarctica,0.886011131,-0.01088890797616792,0.01088890797616792,0.31006724465958424,FALSE,FALSE
2003-03-26,East_Antarctica,0.896433033,-0.01463117004288605,0.01463117004288605,0.31006724465958424,FALSE,FALSE
2003-03-27,East_Antarctica,0.91647149000000006,-0.0088961455034543,0.0088961455034543,0.31006724465958424,FALSE,FALSE
2003-03-28,East_Antarctica,0.919467194,-0.02038961347606793,0.02038961347606793,0.31006724465958424,FALSE,FALSE
2003-03-29,East_Antarctica,0.932745912,-0.02183227807891608,0.02183227807891608,0.31006724465958424,FALSE,FALSE
2003-03-30,East_Antarctica,0.953872712,-0.01570554243018951,0.01570554243018951,0.31006724465958424,FALSE,FALSE
2003-03-31,East_Antarctica,0.965917603,-0.01897713926454025,0.01897713926454025,0.31006724465958424,FALSE,FALSE
2003-04-01,East_Antarctica,0.961784438,-0.03873324221612306,0.03873324221612306,0.31006724465958424,FALSE,FALSE
2003-04-02,East_Antarctica,0.958066327,-0.05835454684112062,0.05835454684112062,0.31006724465958424,FALSE,FALSE
2003-04-03,East_Antarctica,0.973704365,-0.05887375028576203,0.05887375028576203,0.31006724465958424,FALSE,FALSE
2003-04-04,East_Antarctica,1.00927247,-0.03969072669627604,0.03969072669627604,0.31006724465958424,FALSE,FALSE
2003-04-05,East_Antarctica,1.02911258,-0.03643733021888984,0.03643733021888984,0.31006724465958424,FALSE,FALSE
2003-04-06,East_Antarctica,1.0195326,-0.0627794479998327,0.0627794479998327,0.31006724465958424,FALSE,FALSE
2003-04-07,East_Antarctica,1.031700455,-0.0675229471853338,0.0675229471853338,0.31006724465958424,FALSE,FALSE
2003-04-08,East_Antarctica,1.065460014,-0.05079775092161953,0.05079775092161953,0.31006724465958424,FALSE,FALSE
2003-04-09,East_Antarctica,1.085334586,-0.0480543423549189,0.0480543423549189,0.31006724465958424,FALSE,FALSE
2003-04-10,East_Antarctica,1.118379811,-0.03221087363146213,0.03221087363146213,0.31006724465958424,FALSE,FALSE
2003-04-11,East_Antarctica,1.140631902,-0.02720492389747453,0.02720492389747453,0.31006724465958424,FALSE,FALSE
2003-04-12,East_Antarctica,1.163541115,-0.02156019181106372,0.02156019181106372,0.31006724465958424,FALSE,FALSE
2003-04-13,East_Antarctica,1.172045843,-0.0303238212896415,0.0303238212896415,0.31006724465958424,FALSE,FALSE
2003-04-14,East_Antarctica,1.183523147,-0.03612338150121141,0.03612338150121141,0.31006724465958424,FALSE,FALSE
2003-04-15,East_Antarctica,1.208925811,-0.02801250200885285,0.02801250200885285,0.31006724465958424,FALSE,FALSE
2003-04-16,East_Antarctica,1.224514193,-0.02973723837564046,0.02973723837564046,0.31006724465958424,FALSE,FALSE
2003-04-17,East_Antarctica,1.228040405,-0.04355189216465538,0.04355189216465538,0.31006724465958424,FALSE,FALSE
2003-04-18,East_Antarctica,1.228055733,-0.0609115909389728,0.0609115909389728,0.31006724465958424,FALSE,FALSE
2003-04-19,East_Antarctica,1.25331871,-0.05306421526166893,0.05306421526166893,0.31006724465958424,FALSE,FALSE
2003-04-20,East_Antarctica,1.275515974,-0.04832954069582351,0.04832954069582351,0.31006724465958424,FALSE,FALSE
2003-04-21,East_Antarctica,1.306103235,-0.03525827080451371,0.03525827080451371,0.31006724465958424,FALSE,FALSE
2003-04-22,East_Antarctica,1.337302102,-0.02163521015081659,0.02163521015081659,0.31006724465958424,FALSE,FALSE
2003-04-23,East_Antarctica,1.36533305,-0.01124629729781134,0.01124629729781134,0.31006724465958424,FALSE,FALSE
2003-04-24,East_Antarctica,1.357426565,-0.03686745980857253,0.03686745980857253,0.31006724465958424,FALSE,FALSE
2003-04-25,East_Antarctica,1.374162063,-0.03792508908607805,0.03792508908607805,0.31006724465958424,FALSE,FALSE
2003-04-26,East_Antarctica,1.395185637,-0.03477314255048425,0.03477314255048425,0.31006724465958424,FALSE,FALSE
2003-04-27,East_Antarctica,1.444276094,-0.00362968227957294,0.00362968227957294,0.31006724465958424,FALSE,FALSE
2003-04-28,East_Antarctica,1.471818209,0.0058932311608042,0.0058932311608042,0.31006724465958424,FALSE,FALSE
2003-04-29,East_Antarctica,1.505918613,0.02190539320479256,0.02190539320479256,0.31006724465958424,FALSE,FALSE
2003-04-30,East_Antarctica,1.531644246,0.02947690828654092,0.02947690828654092,0.31006724465958424,FALSE,FALSE
2003-05-01,East_Antarctica,1.553256106,0.03287193884019546,0.03287193884019546,0.31006724465958424,FALSE,FALSE
2003-05-02,East_Antarctica,1.610501447,0.07184090329990256,0.07184090329990256,0.31006724465958424,FALSE,FALSE
2003-05-03,East_Antarctica,1.65215857,0.095165267099812,0.095165267099812,0.31006724465958424,FALSE,FALSE
2003-05-04,East_Antarctica,1.667571467,0.0921921866740676,0.0921921866740676,0.31006724465958424,FALSE,FALSE
2003-05-05,East_Antarctica,1.654521983,0.06070667145681852,0.06070667145681852,0.31006724465958424,FALSE,FALSE
2003-05-06,East_Antarctica,1.685653559,0.07335532688221202,0.07335532688221202,0.31006724465958424,FALSE,FALSE
2003-05-07,East_Antarctica,1.714927694,0.08410281938090014,0.08410281938090014,0.31006724465958424,FALSE,FALSE
2003-05-08,East_Antarctica,1.731610904,0.08222050298282668,0.08222050298282668,0.31006724465958424,FALSE,FALSE
2003-05-09,East_Antarctica,1.735806062,0.06782053497198492,0.06782053497198492,0.31006724465958424,FALSE,FALSE
2003-05-10,East_Antarctica,1.739828942,0.0532287052013769,0.0532287052013769,0.31006724465958424,FALSE,FALSE
2003-05-11,East_Antarctica,1.789018796,0.08379428152400781,0.08379428152400781,0.31006724465958424,FALSE,FALSE
2003-05-12,East_Antarctica,1.812056081,0.08820773679287974,0.08820773679287974,0.31006724465958424,FALSE,FALSE
2003-05-13,East_Antarctica,1.816250966,0.0737892558609996,0.0737892558609996,0.31006724465958424,FALSE,FALSE
2003-05-14,East_Antarctica,1.828180685,0.06712608858136915,0.06712608858136915,0.31006724465958424,FALSE,FALSE
2003-05-15,East_Antarctica,1.856616706,0.0769997188069933,0.0769997188069933,0.31006724465958424,FALSE,FALSE
2003-05-16,East_Antarctica,1.894070952,0.09593208539087383,0.09593208539087383,0.31006724465958424,FALSE,FALSE
2003-05-17,East_Antarctica,1.914451636,0.09784141718601824,0.09784141718601824,0.31006724465958424,FALSE,FALSE
2003-05-18,East_Antarctica,1.906307901,0.0712868730454248,0.0712868730454248,0.31006724465958424,FALSE,FALSE
2003-05-19,East_Antarctica,1.918320612,0.06495933382210284,0.06495933382210284,0.31006724465958424,FALSE,FALSE
2003-05-20,East_Antarctica,1.950770815,0.07915029095129378,0.07915029095129378,0.31006724465958424,FALSE,FALSE
2003-05-21,East_Antarctica,1.984631191,0.09485070959043584,0.09485070959043584,0.31006724465958424,FALSE,FALSE
2003-05-22,East_Antarctica,2.002518086,0.094702068461467,0.094702068461467,0.31006724465958424,FALSE,FALSE
2003-05-23,East_Antarctica,2.030519734,0.10481796470434725,0.10481796470434725,0.31006724465958424,FALSE,FALSE
2003-05-24,East_Antarctica,2.047722569,0.10431019545902263,0.10431019545902263,0.31006724465958424,FALSE,FALSE
2003-05-25,East_Antarctica,2.079440027,0.11851755986544864,0.11851755986544864,0.31006724465958424,FALSE,FALSE
2003-05-26,East_Antarctica,2.076126102,0.09791941506357849,0.09791941506357849,0.31006724465958424,FALSE,FALSE
2003-05-27,East_Antarctica,2.110180673,0.11494100319336575,0.11494100319336575,0.31006724465958424,FALSE,FALSE
2003-05-28,East_Antarctica,2.13976597,0.12776991739476218,0.12776991739476218,0.31006724465958424,FALSE,FALSE
2003-05-29,East_Antarctica,2.166978668,0.1385281958077207,0.1385281958077207,0.31006724465958424,FALSE,FALSE
2003-05-30,East_Antarctica,2.190580982,0.14600341657219706,0.14600341657219706,0.31006724465958424,FALSE,FALSE
2003-05-31,East_Antarctica,2.223878565,0.16352659582813978,0.16352659582813978,0.31006724465958424,FALSE,FALSE
2003-06-01,East_Antarctica,2.251218994,0.1754706737155054,0.1754706737155054,0.31006724465958424,FALSE,FALSE
2003-06-02,East_Antarctica,2.265980816,0.17522712528738538,0.17522712528738538,0.31006724465958424,FALSE,FALSE
2003-06-03,East_Antarctica,2.291164781,0.18575446319354505,0.18575446319354505,0.31006724465958424,FALSE,FALSE
2003-06-04,East_Antarctica,2.307307879,0.1875321477365897,0.1875321477365897,0.31006724465958424,FALSE,FALSE
2003-06-05,East_Antarctica,2.315766963,0.18185950165265696,0.18185950165265696,0.31006724465958424,FALSE,FALSE
2003-06-06,East_Antarctica,2.317744364,0.1698813256778826,0.1698813256778826,0.31006724465958424,FALSE,FALSE
2003-06-07,East_Antarctica,2.297140526,0.1354405335484059,0.1354405335484059,0.31006724465958424,FALSE,FALSE
2003-06-08,East_Antarctica,2.31564319,0.14016733600036302,0.14016733600036302,0.31006724465958424,FALSE,FALSE
2003-06-09,East_Antarctica,2.351214728,0.16196657476989085,0.16196657476989085,0.31006724465958424,FALSE,FALSE
2003-06-10,East_Antarctica,2.371121196,0.16804677559313097,0.16804677559313097,0.31006724465958424,FALSE,FALSE
2003-06-11,East_Antarctica,2.37979951,0.16278732420621544,0.16278732420621544,0.31006724465958424,FALSE,FALSE
2003-06-12,East_Antarctica,2.400425,0.1693060203452852,0.1693060203452852,0.31006724465958424,FALSE,FALSE
2003-06-13,East_Antarctica,2.418201233,0.17274890074647686,0.17274890074647686,0.31006724465958424,FALSE,FALSE
2003-06-14,East_Antarctica,2.455056763,0.19498812140976576,0.19498812140976576,0.31006724465958424,FALSE,FALSE
2003-06-15,East_Antarctica,2.50525115,0.23027675922096025,0.23027675922096025,0.31006724465958424,FALSE,FALSE
2003-06-16,East_Antarctica,2.548388031,0.2582804440822093,0.2582804440822093,0.31006724465958424,FALSE,FALSE
2003-06-17,East_Antarctica,2.524852844,0.21945156809979505,0.21945156809979505,0.31006724465958424,FALSE,FALSE
2003-06-18,East_Antarctica,2.500075736,0.17928723238001432,0.17928723238001432,0.31006724465958424,FALSE,FALSE
2003-06-19,East_Antarctica,2.478012946,0.1418106300291493,0.1418106300291493,0.31006724465958424,FALSE,FALSE
2003-06-20,East_Antarctica,2.492170987,0.14059522815349013,0.14059522815349013,0.31006724465958424,FALSE,FALSE
2003-06-21,East_Antarctica,2.512967759,0.14612588085932643,0.14612588085932643,0.31006724465958424,FALSE,FALSE
2003-06-22,East_Antarctica,2.517798948,0.13586522825294445,0.13586522825294445,0.31006724465958424,FALSE,FALSE
2003-06-23,East_Antarctica,2.550842291,0.15405796144063455,0.15405796144063455,0.31006724465958424,FALSE,FALSE
2003-06-24,East_Antarctica,2.601858967,0.1905322135286851,0.1905322135286851,0.31006724465958424,FALSE,FALSE
2003-06-25,East_Antarctica,2.630049997,0.20455595962338124,0.20455595962338124,0.31006724465958424,FALSE,FALSE
2003-06-26,East_Antarctica,2.68487197,0.24565274283101737,0.24565274283101737,0.31006724465958424,FALSE,FALSE
2003-06-27,East_Antarctica,2.727717369,0.2752724805006461,0.2752724805006461,0.31006724465958424,FALSE,FALSE
2003-06-28,East_Antarctica,2.734654913,0.2694693898853586,0.2694693898853586,0.31006724465958424,FALSE,FALSE
2003-06-29,East_Antarctica,2.727845582,0.2503570788083058,0.2503570788083058,0.31006724465958424,FALSE,FALSE
2003-06-30,East_Antarctica,2.748573976,0.2591726060889843,0.2591726060889843,0.31006724465958424,FALSE,FALSE
2003-07-01,East_Antarctica,2.763943051,0.26297138654688634,0.26297138654688634,0.31006724465958424,FALSE,FALSE
2003-07-02,East_Antarctica,2.786724014,0.27447708600150067,0.27447708600150067,0.31006724465958424,FALSE,FALSE
2003-07-03,East_Antarctica,2.800085266,0.27681056427232464,0.27681056427232464,0.31006724465958424,FALSE,FALSE
2003-07-04,East_Antarctica,2.823435646,0.2893331191788482,0.2893331191788482,0.31006724465958424,FALSE,FALSE
2003-07-05,East_Antarctica,2.818170281,0.2733923365405655,0.2733923365405655,0.31006724465958424,FALSE,FALSE
2003-07-06,East_Antarctica,2.788239888,0.2328913921769682,0.2328913921769682,0.31006724465958424,FALSE,FALSE
2003-07-07,East_Antarctica,2.749222742,0.1833610199075499,0.1833610199075499,0.31006724465958424,FALSE,FALSE
2003-07-08,East_Antarctica,2.798236135,0.22187097055180385,0.22187097055180385,0.31006724465958424,FALSE,FALSE
2003-07-09,East_Antarctica,2.833377789,0.24647148237337335,0.24647148237337335,0.31006724465958424,FALSE,FALSE
2003-07-10,East_Antarctica,2.840116189,0.2425947292574739,0.2425947292574739,0.31006724465958424,FALSE,FALSE
2003-07-11,East_Antarctica,2.816640001,0.20841751708614753,0.20841751708614753,0.31006724465958424,FALSE,FALSE
2003-07-12,East_Antarctica,2.824327011,0.20530900749603376,0.20530900749603376,0.31006724465958424,FALSE,FALSE
2003-07-13,East_Antarctica,2.836762705,0.206846062123772,0.206846062123772,0.31006724465958424,FALSE,FALSE
2003-07-14,East_Antarctica,2.8330226,0.1920955736060073,0.1920955736060073,0.31006724465958424,FALSE,FALSE
2003-07-15,East_Antarctica,2.843699828,0.1916420495793796,0.1916420495793796,0.31006724465958424,FALSE,FALSE
2003-07-16,East_Antarctica,2.829077742,0.16576021868053203,0.16576021868053203,0.31006724465958424,FALSE,FALSE
2003-07-17,East_Antarctica,2.857464863,0.1827499775461039,0.1827499775461039,0.31006724465958424,FALSE,FALSE
2003-07-18,East_Antarctica,2.877880102,0.1916216128127397,0.1916216128127397,0.31006724465958424,FALSE,FALSE
2003-07-19,East_Antarctica,2.880998145,0.183041186117078,0.183041186117078,0.31006724465958424,FALSE,FALSE
2003-07-20,East_Antarctica,2.880388093,0.17056917409576355,0.17056917409576355,0.31006724465958424,FALSE,FALSE
2003-07-21,East_Antarctica,2.843602902,0.12174990838543608,0.12174990838543608,0.31006724465958424,FALSE,FALSE
2003-07-22,East_Antarctica,2.799233155,0.06516790421397411,0.06516790421397411,0.31006724465958424,FALSE,FALSE
2003-07-23,East_Antarctica,2.748514423,0.00208795164250652,0.00208795164250652,0.31006724465958424,FALSE,FALSE
2003-07-24,East_Antarctica,2.766589094,0.0077073797053031,0.0077073797053031,0.31006724465958424,FALSE,FALSE
2003-07-25,East_Antarctica,2.756089169,-0.01528628608892423,0.01528628608892423,0.31006724465958424,FALSE,FALSE
2003-07-26,East_Antarctica,2.766940311,-0.0169118582314649,0.0169118582314649,0.31006724465958424,FALSE,FALSE
2003-07-27,East_Antarctica,2.771569382,-0.02468695021361178,0.02468695021361178,0.31006724465958424,FALSE,FALSE
2003-07-28,East_Antarctica,2.795430054,-0.01310236552665333,0.01310236552665333,0.31006724465958424,FALSE,FALSE
2003-07-29,East_Antarctica,2.835442259,0.01481735233812298,0.01481735233812298,0.31006724465958424,FALSE,FALSE
2003-07-30,East_Antarctica,2.918681456,0.08620318688942374,0.08620318688942374,0.31006724465958424,FALSE,FALSE
2003-07-31,East_Antarctica,2.969108891,0.1250719086359613,0.1250719086359613,0.31006724465958424,FALSE,FALSE
2003-08-01,East_Antarctica,3.011613766,0.15636824408644667,0.15636824408644667,0.31006724465958424,FALSE,FALSE
2003-08-02,East_Antarctica,3.004953396,0.13890503274958554,0.13890503274958554,0.31006724465958424,FALSE,FALSE
2003-08-03,East_Antarctica,3.0293223,0.1529323174009316,0.1529323174009316,0.31006724465958424,FALSE,FALSE
2003-08-04,East_Antarctica,3.004057053,0.11782240438220848,0.11782240438220848,0.31006724465958424,FALSE,FALSE
2003-08-05,East_Antarctica,3.024534374,0.12891634508093786,0.12891634508093786,0.31006724465958424,FALSE,FALSE
2003-08-06,East_Antarctica,3.049177405,0.1445855195185386,0.1445855195185386,0.31006724465958424,FALSE,FALSE
2003-08-07,East_Antarctica,3.108353535,0.19514555471642936,0.19514555471642936,0.31006724465958424,FALSE,FALSE
2003-08-08,East_Antarctica,3.178003923,0.2564858476960308,0.2564858476960308,0.31006724465958424,FALSE,FALSE
2003-08-09,East_Antarctica,3.188251643,0.25867771047876253,0.25867771047876253,0.31006724465958424,FALSE,FALSE
2003-08-10,East_Antarctica,3.192021067,0.2545937530860427,0.2545937530860427,0.31006724465958424,FALSE,FALSE
2003-08-11,East_Antarctica,3.134153024,0.18902304253929136,0.18902304253929136,0.31006724465958424,FALSE,FALSE
2003-08-12,East_Antarctica,3.064696917,0.11196321985992784,0.11196321985992784,0.31006724465958424,FALSE,FALSE
2003-08-13,East_Antarctica,3.080162405,0.11987218206937111,0.11987218206937111,0.31006724465958424,FALSE,FALSE
2003-08-14,East_Antarctica,3.05746541,0.08961408918904334,0.08961408918904334,0.31006724465958424,FALSE,FALSE
2003-08-15,East_Antarctica,3.040362982,0.06489422924036203,0.06489422924036203,0.31006724465958424,FALSE,FALSE
2003-08-16,East_Antarctica,3.019086319,0.03589357054047193,0.03589357054047193,0.31006724465958424,FALSE,FALSE
2003-08-17,East_Antarctica,3.035257885,0.04422989083431306,0.04422989083431306,0.31006724465958424,FALSE,FALSE
2003-08-18,East_Antarctica,3.032589037,0.03366198891180927,0.03366198891180927,0.31006724465958424,FALSE,FALSE
2003-08-19,East_Antarctica,3.000946348,-0.00589326368551512,0.00589326368551512,0.31006724465958424,FALSE,FALSE
2003-08-20,East_Antarctica,3.014349781,-3.656054161242928e-4,3.656054161242928e-4,0.31006724465958424,FALSE,FALSE
2003-08-21,East_Antarctica,2.95494153,-0.06756254373848947,0.06756254373848947,0.31006724465958424,FALSE,FALSE
2003-08-22,East_Antarctica,2.917589992,-0.11256538311108066,0.11256538311108066,0.31006724465958424,FALSE,FALSE
2003-08-23,East_Antarctica,2.87018438,-0.16743461199236798,0.16743461199236798,0.31006724465958424,FALSE,FALSE
2003-08-24,East_Antarctica,2.846194517,-0.1986501088408188,0.1986501088408188,0.31006724465958424,FALSE,FALSE
2003-08-25,East_Antarctica,2.866369522,-0.1854124561149031,0.1854124561149031,0.31006724465958424,FALSE,FALSE
2003-08-26,East_Antarctica,2.976501854,-0.08187889627309097,0.08187889627309097,0.31006724465958424,FALSE,FALSE
2003-08-27,East_Antarctica,3.053213403,-0.01137724077385149,0.01137724077385149,0.31006724465958424,FALSE,FALSE
2003-08-28,East_Antarctica,3.078485159,0.00812379892434789,0.00812379892434789,0.31006724465958424,FALSE,FALSE
2003-08-29,East_Antarctica,3.077329829,0.00167823673806477,0.00167823673806477,0.31006724465958424,FALSE,FALSE
2003-08-30,East_Antarctica,3.029624093,-0.05085058877923787,0.05085058877923787,0.31006724465958424,FALSE,FALSE
2003-08-31,East_Antarctica,3.033731671,-0.05113283220501286,0.05113283220501286,0.31006724465958424,FALSE,FALSE
2003-09-01,East_Antarctica,3.088446257,-4.087109464099292e-4,4.087109464099292e-4,0.31006724465958424,FALSE,FALSE
2003-09-02,East_Antarctica,3.139898752,0.04741876458942284,0.04741876458942284,0.31006724465958424,FALSE,FALSE
2003-09-03,East_Antarctica,3.131461909,0.03568843599533444,0.03568843599533444,0.31006724465958424,FALSE,FALSE
2003-09-04,East_Antarctica,3.135195394,0.03642605786418151,0.03642605786418151,0.31006724465958424,FALSE,FALSE
2003-09-05,East_Antarctica,3.177303849,0.07580236078881253,0.07580236078881253,0.31006724465958424,FALSE,FALSE
2003-09-06,East_Antarctica,3.204415419,0.10041157836207935,0.10041157836207935,0.31006724465958424,FALSE,FALSE
2003-09-07,East_Antarctica,3.230678094,0.12436778917683444,0.12436778917683444,0.31006724465958424,FALSE,FALSE
2003-09-08,East_Antarctica,3.192228341,0.08377354882592547,0.08377354882592547,0.31006724465958424,FALSE,FALSE
2003-09-09,East_Antarctica,3.154011406,0.04354019190221159,0.04354019190221159,0.31006724465958424,FALSE,FALSE
2003-09-10,East_Antarctica,3.121142128,0.00874869780647502,0.00874869780647502,0.31006724465958424,FALSE,FALSE
2003-09-11,East_Antarctica,3.114353965,1.0358315217962044e-4,1.0358315217962044e-4,0.31006724465958424,FALSE,FALSE
2003-09-12,East_Antarctica,3.106322722,-0.00973938840991062,0.00973938840991062,0.31006724465958424,FALSE,FALSE
2003-09-13,East_Antarctica,3.115206133,-0.00264158713269058,0.00264158713269058,0.31006724465958424,FALSE,FALSE
2003-09-14,East_Antarctica,3.094842276,-0.02478403926905414,0.02478403926905414,0.31006724465958424,FALSE,FALSE
2003-09-15,East_Antarctica,3.094857225,-0.02655977507190021,0.02655977507190021,0.31006724465958424,FALSE,FALSE
2003-09-16,East_Antarctica,3.106220485,-0.01701839379412151,0.01701839379412151,0.31006724465958424,FALSE,FALSE
2003-09-17,East_Antarctica,3.111211037,-0.01390001868861512,0.01390001868861512,0.31006724465958424,FALSE,FALSE
2003-09-18,East_Antarctica,3.15492782,0.02787518499172447,0.02787518499172447,0.31006724465958424,FALSE,FALSE
2003-09-19,East_Antarctica,3.213024407,0.08394168599400098,0.08394168599400098,0.31006724465958424,FALSE,FALSE
2003-09-20,East_Antarctica,3.257185662,0.12596524406532073,0.12596524406532073,0.31006724465958424,FALSE,FALSE
2003-09-21,East_Antarctica,3.250693852,0.11720902195278526,0.11720902195278526,0.31006724465958424,FALSE,FALSE
2003-09-22,East_Antarctica,3.242907109,0.10701204740350034,0.10701204740350034,0.31006724465958424,FALSE,FALSE
2003-09-23,East_Antarctica,3.28453304,0.14606891012016332,0.14606891012016332,0.31006724465958424,FALSE,FALSE
2003-09-24,East_Antarctica,3.367660788,0.22652090351289456,0.22652090351289456,0.31006724465958424,FALSE,FALSE
2003-09-25,East_Antarctica,3.392865826,0.24903518272490288,0.24903518272490288,0.31006724465958424,FALSE,FALSE
2003-09-26,East_Antarctica,3.356274873,0.20983070357322653,0.20983070357322653,0.31006724465958424,FALSE,FALSE
2003-09-27,East_Antarctica,3.314834758,0.1659465318748996,0.1659465318748996,0.31006724465958424,FALSE,FALSE
2003-09-28,East_Antarctica,3.306325847,0.15525527044696164,0.15525527044696164,0.31006724465958424,FALSE,FALSE
2003-09-29,East_Antarctica,3.299426958,0.14652797410644736,0.14652797410644736,0.31006724465958424,FALSE,FALSE
2003-09-30,East_Antarctica,3.326814199,0.17253298767039427,0.17253298767039427,0.31006724465958424,FALSE,FALSE
2003-10-01,East_Antarctica,3.338026737,0.18290171495583785,0.18290171495583785,0.31006724465958424,FALSE,FALSE
2003-10-02,East_Antarctica,3.337590697,0.18225251777981732,0.18225251777981732,0.31006724465958424,FALSE,FALSE
2003-10-03,East_Antarctica,3.336263207,0.1814347609593696,0.1814347609593696,0.31006724465958424,FALSE,FALSE
2003-10-04,East_Antarctica,3.351891559,0.1983879733115268,0.1983879733115268,0.31006724465958424,FALSE,FALSE
2003-10-05,East_Antarctica,3.353820908,0.20254951889254125,0.20254951889254125,0.31006724465958424,FALSE,FALSE
2003-10-06,East_Antarctica,3.356667079,0.2085938514857069,0.2085938514857069,0.31006724465958424,FALSE,FALSE
2003-10-07,East_Antarctica,3.372500108,0.22855085784606952,0.22855085784606952,0.31006724465958424,FALSE,FALSE
2003-10-08,East_Antarctica,3.384407913,0.24545023548319375,0.24545023548319375,0.31006724465958424,FALSE,FALSE
2003-10-09,East_Antarctica,3.329024157,0.19586742690664227,0.19586742690664227,0.31006724465958424,FALSE,FALSE
2003-10-10,East_Antarctica,3.321583897,0.19497926862598236,0.19497926862598236,0.31006724465958424,FALSE,FALSE
2003-10-11,East_Antarctica,3.298642002,0.1792824091507783,0.1792824091507783,0.31006724465958424,FALSE,FALSE
2003-10-12,East_Antarctica,3.253090577,0.14161073299059002,0.14161073299059002,0.31006724465958424,FALSE,FALSE
2003-10-13,East_Antarctica,3.194205597,0.09118199465498478,0.09118199465498478,0.31006724465958424,FALSE,FALSE
2003-10-14,East_Antarctica,3.17452321,0.08047412165352785,0.08047412165352785,0.31006724465958424,FALSE,FALSE
2003-10-15,East_Antarctica,3.197981784,0.11336726149578212,0.11336726149578212,0.31006724465958424,FALSE,FALSE
2003-10-16,East_Antarctica,3.21998709,0.1452089646913155,0.1452089646913155,0.31006724465958424,FALSE,FALSE
2003-10-17,East_Antarctica,3.24580967,0.18121155274968492,0.18121155274968492,0.31006724465958424,FALSE,FALSE
2003-10-18,East_Antarctica,3.252613926,0.1984845070249186,0.1984845070249186,0.31006724465958424,FALSE,FALSE
2003-10-19,East_Antarctica,3.24021832,0.19686145658954812,0.19686145658954812,0.31006724465958424,FALSE,FALSE
2003-10-20,East_Antarctica,3.250959262,0.2187609834466011,0.2187609834466011,0.31006724465958424,FALSE,FALSE
2003-10-21,East_Antarctica,3.266340673,0.2457718634948689,0.2457718634948689,0.31006724465958424,FALSE,FALSE
2003-10-22,East_Antarctica,3.242051021,0.2336674196331341,0.2336674196331341,0.31006724465958424,FALSE,FALSE
2003-10-23,East_Antarctica,3.190621754,0.19506395476019156,0.19506395476019156,0.31006724465958424,FALSE,FALSE
2003-10-24,East_Antarctica,3.145409581,0.16340303277482526,0.16340303277482526,0.31006724465958424,FALSE,FALSE
2003-10-25,East_Antarctica,3.095334254,0.12768926057582375,0.12768926057582375,0.31006724465958424,FALSE,FALSE
2003-10-26,East_Antarctica,3.081010367,0.12862208706197764,0.12862208706197764,0.31006724465958424,FALSE,FALSE
2003-10-27,East_Antarctica,3.067879622,0.1317280691320719,0.1317280691320719,0.31006724465958424,FALSE,FALSE
2003-10-28,East_Antarctica,3.00479629,0.08594633268489549,0.08594633268489549,0.31006724465958424,FALSE,FALSE
2003-10-29,East_Antarctica,2.916784333,0.01638569461923733,0.01638569461923733,0.31006724465958424,FALSE,FALSE
2003-10-30,East_Antarctica,2.856695444,-0.024017297166115,0.024017297166115,0.31006724465958424,FALSE,FALSE
2003-10-31,East_Antarctica,2.826422758,-0.03329706341974958,0.03329706341974958,0.31006724465958424,FALSE,FALSE
2003-11-01,East_Antarctica,2.835101852,-0.00230667079150936,0.00230667079150936,0.31006724465958424,FALSE,FALSE
2003-11-02,East_Antarctica,2.839878951,0.0260926982393066,0.0260926982393066,0.31006724465958424,FALSE,FALSE
2003-11-03,East_Antarctica,2.847455403,0.05859497914918332,0.05859497914918332,0.31006724465958424,FALSE,FALSE
2003-11-04,East_Antarctica,2.805996539,0.04335809041461092,0.04335809041461092,0.31006724465958424,FALSE,FALSE
2003-11-05,East_Antarctica,2.72956896,-0.00555877948792105,0.00555877948792105,0.31006724465958424,FALSE,FALSE
2003-11-06,East_Antarctica,2.653422027,-0.05291368208192848,0.05291368208192848,0.31006724465958424,FALSE,FALSE
2003-11-07,East_Antarctica,2.643824452,-0.03244531789091853,0.03244531789091853,0.31006724465958424,FALSE,FALSE
2003-11-08,East_Antarctica,2.621663009,-0.02327432543840624,0.02327432543840624,0.31006724465958424,FALSE,FALSE
2003-11-09,East_Antarctica,2.580570229,-0.03177558624790277,0.03177558624790277,0.31006724465958424,FALSE,FALSE
2003-11-10,East_Antarctica,2.596310154,0.01780752915708205,0.01780752915708205,0.31006724465958424,FALSE,FALSE
2003-11-11,East_Antarctica,2.616727114,0.07331193825303384,0.07331193825303384,0.31006724465958424,FALSE,FALSE
2003-11-12,East_Antarctica,2.6190711,0.11197931195173672,0.11197931195173672,0.31006724465958424,FALSE,FALSE
2003-11-13,East_Antarctica,2.577323256,0.10773226859293272,0.10773226859293272,0.31006724465958424,FALSE,FALSE
2003-11-14,East_Antarctica,2.534408889,0.103362120065571,0.103362120065571,0.31006724465958424,FALSE,FALSE
2003-11-15,East_Antarctica,2.478900007,0.0873006542722794,0.0873006542722794,0.31006724465958424,FALSE,FALSE
2003-11-16,East_Antarctica,2.404162915,0.05277395611568103,0.05277395611568103,0.31006724465958424,FALSE,FALSE
2003-11-17,East_Antarctica,2.324512739,0.01395693149840227,0.01395693149840227,0.31006724465958424,FALSE,FALSE
2003-11-18,East_Antarctica,2.261640347,-0.00759977167693559,0.00759977167693559,0.31006724465958424,FALSE,FALSE
2003-11-19,East_Antarctica,2.242938099,0.01535598649229319,0.01535598649229319,0.31006724465958424,FALSE,FALSE
2003-11-20,East_Antarctica,2.241949463,0.05622745390871575,0.05622745390871575,0.31006724465958424,FALSE,FALSE
2003-11-21,East_Antarctica,2.220783625,0.07698359647495545,0.07698359647495545,0.31006724465958424,FALSE,FALSE
2003-11-22,East_Antarctica,2.179721195,0.07776480409363629,0.07776480409363629,0.31006724465958424,FALSE,FALSE
2003-11-23,East_Antarctica,2.124074978,0.06374366166738188,0.06374366166738188,0.31006724465958424,FALSE,FALSE
2003-11-24,East_Antarctica,2.081594331,0.06252930609881924,0.06252930609881924,0.31006724465958424,FALSE,FALSE
2003-11-25,East_Antarctica,2.04201435,0.06372510093433781,0.06372510093433781,0.31006724465958424,FALSE,FALSE
2003-11-26,East_Antarctica,2.020464448,0.08240051378923052,0.08240051378923052,0.31006724465958424,FALSE,FALSE
2003-11-27,East_Antarctica,1.993492445,0.09507951567813966,0.09507951567813966,0.31006724465958424,FALSE,FALSE
2003-11-28,East_Antarctica,1.966742244,0.10738243402496717,0.10738243402496717,0.31006724465958424,FALSE,FALSE
2003-11-29,East_Antarctica,1.963677445,0.1427492932536112,0.1427492932536112,0.31006724465958424,FALSE,FALSE
2003-11-30,East_Antarctica,1.939388853,0.15624732278797593,0.15624732278797593,0.31006724465958424,FALSE,FALSE
2003-12-01,East_Antarctica,1.898801713,0.15277819205195997,0.15277819205195997,0.31006724465958424,FALSE,FALSE
2003-12-02,East_Antarctica,1.81050931,0.10091161046946671,0.10091161046946671,0.31006724465958424,FALSE,FALSE
2003-12-03,East_Antarctica,1.762379958,0.0884923164643947,0.0884923164643947,0.31006724465958424,FALSE,FALSE
2003-12-04,East_Antarctica,1.687331963,0.04841504046064604,0.04841504046064604,0.31006724465958424,FALSE,FALSE
2003-12-05,East_Antarctica,1.628611522,0.02390240388212206,0.02390240388212206,0.31006724465958424,FALSE,FALSE
2003-12-06,East_Antarctica,1.561472075,-0.00981572884727732,0.00981572884727732,0.31006724465958424,FALSE,FALSE
2003-12-07,East_Antarctica,1.496198934,-0.04247759731779643,0.04247759731779643,0.31006724465958424,FALSE,FALSE
2003-12-08,East_Antarctica,1.438560158,-0.06833124814303715,0.06833124814303715,0.31006724465958424,FALSE,FALSE
2003-12-09,East_Antarctica,1.416993725,-0.05893685197494891,0.05893685197494891,0.31006724465958424,FALSE,FALSE
2003-12-10,East_Antarctica,1.388630078,-0.05715946182190401,0.05715946182190401,0.31006724465958424,FALSE,FALSE
2003-12-11,East_Antarctica,1.367026081,-0.04943770969228311,0.04943770969228311,0.31006724465958424,FALSE,FALSE
2003-12-12,East_Antarctica,1.335273999,-0.05267482659446232,0.05267482659446232,0.31006724465958424,FALSE,FALSE
2003-12-13,East_Antarctica,1.291525567,-0.06871457353681643,0.06871457353681643,0.31006724465958424,FALSE,FALSE
2003-12-14,East_Antarctica,1.263513585,-0.06981964652772277,0.06981964652772277,0.31006724465958424,FALSE,FALSE
2003-12-15,East_Antarctica,1.215550984,-0.09167261057555764,0.09167261057555764,0.31006724465958424,FALSE,FALSE
2003-12-16,East_Antarctica,1.17933122,-0.10257550568869787,0.10257550568869787,0.31006724465958424,FALSE,FALSE
2003-12-17,East_Antarctica,1.152218277,-0.10515984387551924,0.10515984387551924,0.31006724465958424,FALSE,FALSE
2003-12-18,East_Antarctica,1.124540724,-0.1090925521444004,0.1090925521444004,0.31006724465958424,FALSE,FALSE
2003-12-19,East_Antarctica,1.101491299,-0.10917638850371492,0.10917638850371492,0.31006724465958424,FALSE,FALSE
2003-12-20,East_Antarctica,1.066721561,-0.12175448347833416,0.12175448347833416,0.31006724465958424,FALSE,FALSE
2003-12-21,East_Antarctica,1.021459051,-0.1455812335343587,0.1455812335343587,0.31006724465958424,FALSE,FALSE
2003-12-22,East_Antarctica,1.012438132,-0.13389403417681178,0.13389403417681178,0.31006724465958424,FALSE,FALSE
2003-12-23,East_Antarctica,1.000916125,-0.12540703925439778,0.12540703925439778,0.31006724465958424,FALSE,FALSE
2003-12-24,East_Antarctica,0.979801686,-0.12718306761581932,0.12718306761581932,0.31006724465958424,FALSE,FALSE
2003-12-25,East_Antarctica,0.964156501,-0.1241319081097806,0.1241319081097806,0.31006724465958424,FALSE,FALSE
2003-12-26,East_Antarctica,0.956412107,-0.11379349858498576,0.11379349858498576,0.31006724465958424,FALSE,FALSE
2003-12-27,East_Antarctica,0.944892521,-0.10781529689013948,0.10781529689013948,0.31006724465958424,FALSE,FALSE
2003-12-28,East_Antarctica,0.926219408,-0.1095471128739446,0.1095471128739446,0.31006724465958424,FALSE,FALSE
2003-12-29,East_Antarctica,0.917074484,-0.10227870538510352,0.10227870538510352,0.31006724465958424,FALSE,FALSE
2003-12-30,East_Antarctica,0.897622191,-0.10581710727232152,0.10581710727232152,0.31006724465958424,FALSE,FALSE
2003-12-31,East_Antarctica,0.879446749,-0.1085495733843046,0.1085495733843046,0.31006724465958424,FALSE,FALSE
2004-01-01,East_Antarctica,0.88902642,-0.08396931656975404,0.08396931656975404,0.31006724465958424,FALSE,FALSE
2004-01-02,East_Antarctica,0.889572231,-0.06883788765614784,0.06883788765614784,0.31006724465958424,FALSE,FALSE
2004-01-03,East_Antarctica,0.899921795,-0.04429466338607124,0.04429466338607124,0.31006724465958424,FALSE,FALSE
2004-01-04,East_Antarctica,0.901825949,-0.02856689948087876,0.02856689948087876,0.31006724465958424,FALSE,FALSE
2004-01-05,East_Antarctica,0.884316509,-0.03260087266192368,0.03260087266192368,0.31006724465958424,FALSE,FALSE
2004-01-06,East_Antarctica,0.866868319,-0.03689983165056876,0.03689983165056876,0.31006724465958424,FALSE,FALSE
2004-01-07,East_Antarctica,0.842311228,-0.04861202016816679,0.04861202016816679,0.31006724465958424,FALSE,FALSE
2004-01-08,East_Antarctica,0.824855787,-0.05350497993607472,0.05350497993607472,0.31006724465958424,FALSE,FALSE
2004-01-09,East_Antarctica,0.810962716,-0.05509608367565111,0.05509608367565111,0.31006724465958424,FALSE,FALSE
2004-01-10,East_Antarctica,0.817046091,-0.03694934810824968,0.03694934810824968,0.31006724465958424,FALSE,FALSE
2004-01-11,East_Antarctica,0.821292175,-0.02085660295522973,0.02085660295522973,0.31006724465958424,FALSE,FALSE
2004-01-12,East_Antarctica,0.818931249,-0.01156565993794644,0.01156565993794644,0.31006724465958424,FALSE,FALSE
2004-01-13,East_Antarctica,0.811147815,-0.00787010977775704,0.00787010977775704,0.31006724465958424,FALSE,FALSE
2004-01-14,East_Antarctica,0.785700328,-0.02198992502744468,0.02198992502744468,0.31006724465958424,FALSE,FALSE
2004-01-15,East_Antarctica,0.797715849,0.00121151238867411,0.00121151238867411,0.31006724465958424,FALSE,FALSE
2004-01-16,East_Antarctica,0.81944238,0.03397670885841741,0.03397670885841741,0.31006724465958424,FALSE,FALSE
2004-01-17,East_Antarctica,0.805257369,0.03067666478649744,0.03067666478649744,0.31006724465958424,FALSE,FALSE
2004-01-18,East_Antarctica,0.782900987,0.01904510357762823,0.01904510357762823,0.31006724465958424,FALSE,FALSE
2004-01-19,East_Antarctica,0.798099905,0.04480224863652216,0.04480224863652216,0.31006724465958424,FALSE,FALSE
2004-01-20,East_Antarctica,0.789120667,0.04620819636789153,0.04620819636789153,0.31006724465958424,FALSE,FALSE
2004-01-21,East_Antarctica,0.768625581,0.03591880717644957,0.03591880717644957,0.31006724465958424,FALSE,FALSE
2004-01-22,East_Antarctica,0.750950187,0.02826317346690976,0.02826317346690976,0.31006724465958424,FALSE,FALSE
2004-01-23,East_Antarctica,0.745465333,0.03260569564398374,0.03260569564398374,0.31006724465958424,FALSE,FALSE
2004-01-24,East_Antarctica,0.74057439,0.03734329711238515,0.03734329711238515,0.31006724465958424,FALSE,FALSE
2004-01-25,East_Antarctica,0.732736448,0.03892862027682664,0.03892862027682664,0.31006724465958424,FALSE,FALSE
2004-01-26,East_Antarctica,0.730490198,0.04589390854202158,0.04589390854202158,0.31006724465958424,FALSE,FALSE
2004-01-27,East_Antarctica,0.732258133,0.0566560261985527,0.0566560261985527,0.31006724465958424,FALSE,FALSE
2004-01-28,East_Antarctica,0.69713252,0.03030715495126856,0.03030715495126856,0.31006724465958424,FALSE,FALSE
2004-01-29,East_Antarctica,0.683844312,0.02558046111955303,0.02558046111955303,0.31006724465958424,FALSE,FALSE
2004-01-30,East_Antarctica,0.671155708,0.02124036442735566,0.02124036442735566,0.31006724465958424,FALSE,FALSE
2004-01-31,East_Antarctica,0.652941755,0.01116413259862747,0.01116413259862747,0.31006724465958424,FALSE,FALSE
2004-02-01,East_Antarctica,0.635953251,0.00210478435732019,0.00210478435732019,0.31006724465958424,FALSE,FALSE
2004-02-02,East_Antarctica,0.617167084,-0.00895857157261659,0.00895857157261659,0.31006724465958424,FALSE,FALSE
2004-02-03,East_Antarctica,0.606844954,-0.01176201446723046,0.01176201446723046,0.31006724465958424,FALSE,FALSE
2004-02-04,East_Antarctica,0.609311417,-0.00197876760257176,0.00197876760257176,0.31006724465958424,FALSE,FALSE
2004-02-05,East_Antarctica,0.598411285,-0.00576179825468969,0.00576179825468969,0.31006724465958424,FALSE,FALSE
2004-02-06,East_Antarctica,0.585667129,-0.01158631469963322,0.01158631469963322,0.31006724465958424,FALSE,FALSE
2004-02-07,East_Antarctica,0.56320866,-0.02732038521345103,0.02732038521345103,0.31006724465958424,FALSE,FALSE
2004-02-08,East_Antarctica,0.537233014,-0.0467647923191602,0.0467647923191602,0.31006724465958424,FALSE,FALSE
2004-02-09,East_Antarctica,0.519566433,-0.05810959638723767,0.05810959638723767,0.31006724465958424,FALSE,FALSE
2004-02-10,East_Antarctica,0.531115983,-0.04050059484545232,0.04050059484545232,0.31006724465958424,FALSE,FALSE
2004-02-11,East_Antarctica,0.543802808,-0.02207382986708428,0.02207382986708428,0.31006724465958424,FALSE,FALSE
2004-02-12,East_Antarctica,0.547398173,-0.01311522262541387,0.01311522262541387,0.31006724465958424,FALSE,FALSE
2004-02-13,East_Antarctica,0.537093847,-0.01849019029372256,0.01849019029372256,0.31006724465958424,FALSE,FALSE
2004-02-14,East_Antarctica,0.508570703,-0.04257504604528939,0.04257504604528939,0.31006724465958424,FALSE,FALSE
2004-02-15,East_Antarctica,0.505475787,-0.04177993005339564,0.04177993005339564,0.31006724465958424,FALSE,FALSE
2004-02-16,East_Antarctica,0.500552455,-0.04341867249132281,0.04341867249132281,0.31006724465958424,FALSE,FALSE
2004-02-17,East_Antarctica,0.496831415,-0.04451775153234999,0.04451775153234999,0.31006724465958424,FALSE,FALSE
2004-02-18,East_Antarctica,0.501559197,-0.0378878233497586,0.0378878233497586,0.31006724465958424,FALSE,FALSE
2004-02-19,East_Antarctica,0.483816498,-0.05450537711682785,0.05450537711682785,0.31006724465958424,FALSE,FALSE
2004-02-20,East_Antarctica,0.463060196,-0.07497072100683949,0.07497072100683949,0.31006724465958424,FALSE,FALSE
2004-02-21,East_Antarctica,0.424237906,-0.11439035050458468,0.11439035050458468,0.31006724465958424,FALSE,FALSE
2004-02-22,East_Antarctica,0.425502248,-0.11462846757582668,0.11462846757582668,0.31006724465958424,FALSE,FALSE
2004-02-23,East_Antarctica,0.432764421,-0.10976588923625696,0.10976588923625696,0.31006724465958424,FALSE,FALSE
2004-02-24,East_Antarctica,0.446601647,-0.09921696108510974,0.09921696108510974,0.31006724465958424,FALSE,FALSE
2004-02-25,East_Antarctica,0.453901624,-0.09608555272161878,0.09608555272161878,0.31006724465958424,FALSE,FALSE
2004-02-26,East_Antarctica,0.443070555,-0.11195702874501652,0.11195702874501652,0.31006724465958424,FALSE,FALSE
2004-02-27,East_Antarctica,0.421252925,-0.1396784717545383,0.1396784717545383,0.31006724465958424,FALSE,FALSE
2004-02-28,East_Antarctica,0.40298722,-0.1647029633494167,0.1647029633494167,0.31006724465958424,FALSE,FALSE
2004-03-01,East_Antarctica,0.429280863,-0.1544580846921778,0.1544580846921778,0.31006724465958424,FALSE,FALSE
2004-03-02,East_Antarctica,0.433581567,-0.15943049363852752,0.15943049363852752,0.31006724465958424,FALSE,FALSE
2004-03-03,East_Antarctica,0.445727978,-0.15737843956716907,0.15737843956716907,0.31006724465958424,FALSE,FALSE
2004-03-04,East_Antarctica,0.469939889,-0.14407369293456734,0.14407369293456734,0.31006724465958424,FALSE,FALSE
2004-03-05,East_Antarctica,0.488812819,-0.136896887616696,0.136896887616696,0.31006724465958424,FALSE,FALSE
2004-03-06,East_Antarctica,0.510673094,-0.12744767949318336,0.12744767949318336,0.31006724465958424,FALSE,FALSE
2004-03-07,East_Antarctica,0.519226786,-0.1319357856799276,0.1319357856799276,0.31006724465958424,FALSE,FALSE
2004-03-08,East_Antarctica,0.529608209,-0.1351426812928287,0.1351426812928287,0.31006724465958424,FALSE,FALSE
2004-03-09,East_Antarctica,0.589895533,-0.08890598544778527,0.08890598544778527,0.31006724465958424,FALSE,FALSE
2004-03-10,East_Antarctica,0.605629881,-0.08760036426069528,0.08760036426069528,0.31006724465958424,FALSE,FALSE
2004-03-11,East_Antarctica,0.616710465,-0.09124239484745744,0.09124239484745744,0.31006724465958424,FALSE,FALSE
2004-03-12,East_Antarctica,0.677597166,-0.04528798532397293,0.04528798532397293,0.31006724465958424,FALSE,FALSE
2004-03-13,East_Antarctica,0.707975705,-0.02996720380613859,0.02996720380613859,0.31006724465958424,FALSE,FALSE
2004-03-14,East_Antarctica,0.726975621,-0.02606630040985425,0.02606630040985425,0.31006724465958424,FALSE,FALSE
2004-03-15,East_Antarctica,0.749431132,-0.01866684625101922,0.01866684625101922,0.31006724465958424,FALSE,FALSE
2004-03-16,East_Antarctica,0.792863539,0.00983667055446979,0.00983667055446979,0.31006724465958424,FALSE,FALSE
2004-03-17,East_Antarctica,0.826422844,0.02867601239107231,0.02867601239107231,0.31006724465958424,FALSE,FALSE
2004-03-18,East_Antarctica,0.837516176,0.02527886777196042,0.02527886777196042,0.31006724465958424,FALSE,FALSE
2004-03-19,East_Antarctica,0.832255662,0.00571390658633574,0.00571390658633574,0.31006724465958424,FALSE,FALSE
2004-03-20,East_Antarctica,0.84457374,0.00386709571600807,0.00386709571600807,0.31006724465958424,FALSE,FALSE
2004-03-21,East_Antarctica,0.854908496,1.3005004278510146e-4,1.3005004278510146e-4,0.31006724465958424,FALSE,FALSE
2004-03-22,East_Antarctica,0.869968921,0.00116528944847538,0.00116528944847538,0.31006724465958424,FALSE,FALSE
2004-03-23,East_Antarctica,0.894160464,0.01133179181488808,0.01133179181488808,0.31006724465958424,FALSE,FALSE
2004-03-24,East_Antarctica,0.918452856,0.02155281702383216,0.02155281702383216,0.31006724465958424,FALSE,FALSE
2004-03-25,East_Antarctica,0.929234373,0.01817016995711395,0.01817016995711395,0.31006724465958424,FALSE,FALSE
2004-03-26,East_Antarctica,0.915357636,-0.01000999950345438,0.01000999950345438,0.31006724465958424,FALSE,FALSE
2004-03-27,East_Antarctica,0.928681197,-0.01117561047606796,0.01117561047606796,0.31006724465958424,FALSE,FALSE
2004-03-28,East_Antarctica,0.937728909,-0.01684928107891603,0.01684928107891603,0.31006724465958424,FALSE,FALSE
2004-03-29,East_Antarctica,0.932832096,-0.03674615843018947,0.03674615843018947,0.31006724465958424,FALSE,FALSE
2004-03-30,East_Antarctica,0.950346866,-0.03454787626454025,0.03454787626454025,0.31006724465958424,FALSE,FALSE
2004-03-31,East_Antarctica,0.969708463,-0.03080921721612306,0.03080921721612306,0.31006724465958424,FALSE,FALSE
2004-04-01,East_Antarctica,1.015593598,-8.272758411207448e-4,8.272758411207448e-4,0.31006724465958424,FALSE,FALSE
2004-04-02,East_Antarctica,1.060829255,0.02825113971423798,0.02825113971423798,0.31006724465958424,FALSE,FALSE
2004-04-03,East_Antarctica,1.079368839,0.030405642303724,0.030405642303724,0.31006724465958424,FALSE,FALSE
2004-04-04,East_Antarctica,1.06537158,-1.783302188897995e-4,1.783302188897995e-4,0.31006724465958424,FALSE,FALSE
2004-04-05,East_Antarctica,1.085140897,0.00282884900016733,0.00282884900016733,0.31006724465958424,FALSE,FALSE
2004-04-06,East_Antarctica,1.0959019,-0.00332150218533366,0.00332150218533366,0.31006724465958424,FALSE,FALSE
2004-04-07,East_Antarctica,1.089895405,-0.02636235992161939,0.02636235992161939,0.31006724465958424,FALSE,FALSE
2004-04-08,East_Antarctica,1.083394891,-0.04999403735491903,0.04999403735491903,0.31006724465958424,FALSE,FALSE
2004-04-09,East_Antarctica,1.100470987,-0.05011969763146218,0.05011969763146218,0.31006724465958424,FALSE,FALSE
2004-04-10,East_Antarctica,1.120983781,-0.04685304489747444,0.04685304489747444,0.31006724465958424,FALSE,FALSE
2004-04-11,East_Antarctica,1.126402467,-0.05869883981106372,0.05869883981106372,0.31006724465958424,FALSE,FALSE
2004-04-12,East_Antarctica,1.138529263,-0.06384040128964164,0.06384040128964164,0.31006724465958424,FALSE,FALSE
2004-04-13,East_Antarctica,1.129564535,-0.09008199350121138,0.09008199350121138,0.31006724465958424,FALSE,FALSE
2004-04-14,East_Antarctica,1.145312736,-0.091625577008853,0.091625577008853,0.31006724465958424,FALSE,FALSE
2004-04-15,East_Antarctica,1.164012156,-0.09023927537564048,0.09023927537564048,0.31006724465958424,FALSE,FALSE
2004-04-16,East_Antarctica,1.179028028,-0.09256426916465532,0.09256426916465532,0.31006724465958424,FALSE,FALSE
2004-04-17,East_Antarctica,1.200055511,-0.08891181293897277,0.08891181293897277,0.31006724465958424,FALSE,FALSE
2004-04-18,East_Antarctica,1.214439188,-0.09194373726166892,0.09194373726166892,0.31006724465958424,FALSE,FALSE
2004-04-19,East_Antarctica,1.220950213,-0.1028953016958234,0.1028953016958234,0.31006724465958424,FALSE,FALSE
2004-04-20,East_Antarctica,1.246699537,-0.0946619688045136,0.0946619688045136,0.31006724465958424,FALSE,FALSE
2004-04-21,East_Antarctica,1.277979729,-0.08095758315081669,0.08095758315081669,0.31006724465958424,FALSE,FALSE
2004-04-22,East_Antarctica,1.310318057,-0.06626129029781147,0.06626129029781147,0.31006724465958424,FALSE,FALSE
2004-04-23,East_Antarctica,1.303692103,-0.09060192180857252,0.09060192180857252,0.31006724465958424,FALSE,FALSE
2004-04-24,East_Antarctica,1.312784423,-0.09930272908607796,0.09930272908607796,0.31006724465958424,FALSE,FALSE
2004-04-25,East_Antarctica,1.35052489,-0.07943388955048425,0.07943388955048425,0.31006724465958424,FALSE,FALSE
2004-04-26,East_Antarctica,1.400209327,-0.04769644927957284,0.04769644927957284,0.31006724465958424,FALSE,FALSE
2004-04-27,East_Antarctica,1.433179572,-0.03274540583919583,0.03274540583919583,0.31006724465958424,FALSE,FALSE
2004-04-28,East_Antarctica,1.461883655,-0.02212956479520733,0.02212956479520733,0.31006724465958424,FALSE,FALSE
2004-04-29,East_Antarctica,1.45716453,-0.04500280771345899,0.04500280771345899,0.31006724465958424,FALSE,FALSE
2004-04-30,East_Antarctica,1.45710357,-0.06328059715980472,0.06328059715980472,0.31006724465958424,FALSE,FALSE
2004-05-01,East_Antarctica,1.462378459,-0.07628208470009756,0.07628208470009756,0.31006724465958424,FALSE,FALSE
2004-05-02,East_Antarctica,1.491135266,-0.06585803690018821,0.06585803690018821,0.31006724465958424,FALSE,FALSE
2004-05-03,East_Antarctica,1.502012799,-0.07336648132593226,0.07336648132593226,0.31006724465958424,FALSE,FALSE
2004-05-04,East_Antarctica,1.533808062,-0.06000724954318137,0.06000724954318137,0.31006724465958424,FALSE,FALSE
2004-05-05,East_Antarctica,1.550564698,-0.06173353411778781,0.06173353411778781,0.31006724465958424,FALSE,FALSE
2004-05-06,East_Antarctica,1.566113506,-0.06471136861909987,0.06471136861909987,0.31006724465958424,FALSE,FALSE
2004-05-07,East_Antarctica,1.602549898,-0.04684050301717346,0.04684050301717346,0.31006724465958424,FALSE,FALSE
2004-05-08,East_Antarctica,1.608998497,-0.05898703002801508,0.05898703002801508,0.31006724465958424,FALSE,FALSE
2004-05-09,East_Antarctica,1.580260844,-0.10633939279862292,0.10633939279862292,0.31006724465958424,FALSE,FALSE
2004-05-10,East_Antarctica,1.588487846,-0.11673666847599208,0.11673666847599208,0.31006724465958424,FALSE,FALSE
2004-05-11,East_Antarctica,1.599165454,-0.1246828902071202,0.1246828902071202,0.31006724465958424,FALSE,FALSE
2004-05-12,East_Antarctica,1.612882644,-0.1295790661390004,0.1295790661390004,0.31006724465958424,FALSE,FALSE
2004-05-13,East_Antarctica,1.590832852,-0.17022174441863092,0.17022174441863092,0.31006724465958424,FALSE,FALSE
2004-05-14,East_Antarctica,1.605789854,-0.1738271331930068,0.1738271331930068,0.31006724465958424,FALSE,FALSE
2004-05-15,East_Antarctica,1.652417019,-0.1457218476091262,0.1457218476091262,0.31006724465958424,FALSE,FALSE
2004-05-16,East_Antarctica,1.701915447,-0.11469477181398167,0.11469477181398167,0.31006724465958424,FALSE,FALSE
2004-05-17,East_Antarctica,1.715623615,-0.11939741295457518,0.11939741295457518,0.31006724465958424,FALSE,FALSE
2004-05-18,East_Antarctica,1.722698779,-0.1306624991778973,0.1306624991778973,0.31006724465958424,FALSE,FALSE
2004-05-19,East_Antarctica,1.738236336,-0.13338418804870633,0.13338418804870633,0.31006724465958424,FALSE,FALSE
2004-05-20,East_Antarctica,1.754928898,-0.13485158340956427,0.13485158340956427,0.31006724465958424,FALSE,FALSE
2004-05-21,East_Antarctica,1.741401833,-0.16641418453853274,0.16641418453853274,0.31006724465958424,FALSE,FALSE
2004-05-22,East_Antarctica,1.729524514,-0.19617725529565264,0.19617725529565264,0.31006724465958424,FALSE,FALSE
2004-05-23,East_Antarctica,1.705076786,-0.23833558754097717,0.23833558754097717,0.31006724465958424,FALSE,FALSE
2004-05-24,East_Antarctica,1.713794404,-0.24712806313455135,0.24712806313455135,0.31006724465958424,FALSE,FALSE
2004-05-25,East_Antarctica,1.721393562,-0.2568131249364214,0.2568131249364214,0.31006724465958424,FALSE,FALSE
2004-05-26,East_Antarctica,1.764136923,-0.23110274680663423,0.23110274680663423,0.31006724465958424,FALSE,FALSE
2004-05-27,East_Antarctica,1.812905178,-0.19909087460523775,0.19909087460523775,0.31006724465958424,FALSE,FALSE
2004-05-28,East_Antarctica,1.837774604,-0.19067586819227933,0.19067586819227933,0.31006724465958424,FALSE,FALSE
2004-05-29,East_Antarctica,1.872795826,-0.17178173942780317,0.17178173942780317,0.31006724465958424,FALSE,FALSE
2004-05-30,East_Antarctica,1.870517848,-0.1898341211718604,0.1898341211718604,0.31006724465958424,FALSE,FALSE
2004-05-31,East_Antarctica,1.861945666,-0.2138026542844944,0.2138026542844944,0.31006724465958424,FALSE,FALSE
2004-06-01,East_Antarctica,1.902875643,-0.18787804771261452,0.18787804771261452,0.31006724465958424,FALSE,FALSE
2004-06-02,East_Antarctica,1.906555615,-0.1988547028064549,0.1988547028064549,0.31006724465958424,FALSE,FALSE
2004-06-03,East_Antarctica,1.940373711,-0.17940202026341057,0.17940202026341057,0.31006724465958424,FALSE,FALSE
2004-06-04,East_Antarctica,1.964590242,-0.16931721934734312,0.16931721934734312,0.31006724465958424,FALSE,FALSE
2004-06-05,East_Antarctica,1.984949317,-0.16291372132211746,0.16291372132211746,0.31006724465958424,FALSE,FALSE
2004-06-06,East_Antarctica,1.992741287,-0.1689587054515942,0.1689587054515942,0.31006724465958424,FALSE,FALSE
2004-06-07,East_Antarctica,1.992871126,-0.1826047279996368,0.1826047279996368,0.31006724465958424,FALSE,FALSE
2004-06-08,East_Antarctica,1.981315429,-0.2079327242301092,0.2079327242301092,0.31006724465958424,FALSE,FALSE
2004-06-09,East_Antarctica,1.989999518,-0.21307490240686877,0.21307490240686877,0.31006724465958424,FALSE,FALSE
2004-06-10,East_Antarctica,1.981528321,-0.23548386479378425,0.23548386479378425,0.31006724465958424,FALSE,FALSE
2004-06-11,East_Antarctica,1.985254416,-0.24586456365471457,0.24586456365471457,0.31006724465958424,FALSE,FALSE
2004-06-12,East_Antarctica,1.990012738,-0.25543959425352325,0.25543959425352325,0.31006724465958424,FALSE,FALSE
2004-06-13,East_Antarctica,2.004436377,-0.255632264590234,0.255632264590234,0.31006724465958424,FALSE,FALSE
2004-06-14,East_Antarctica,2.045846314,-0.2291280767790398,0.2291280767790398,0.31006724465958424,FALSE,FALSE
2004-06-15,East_Antarctica,2.079864334,-0.2102432529177909,0.2102432529177909,0.31006724465958424,FALSE,FALSE
2004-06-16,East_Antarctica,2.083051146,-0.2223501299002053,0.2223501299002053,0.31006724465958424,FALSE,FALSE
2004-06-17,East_Antarctica,2.089608405,-0.23118009861998567,0.23118009861998567,0.31006724465958424,FALSE,FALSE
2004-06-18,East_Antarctica,2.086897319,-0.2493049969708507,0.2493049969708507,0.31006724465958424,FALSE,FALSE
2004-06-19,East_Antarctica,2.106966576,-0.24460918284651,0.24460918284651,0.31006724465958424,FALSE,FALSE
2004-06-20,East_Antarctica,2.159849393,-0.20699248514067348,0.20699248514067348,0.31006724465958424,FALSE,FALSE
2004-06-21,East_Antarctica,2.194805829,-0.1871278907470555,0.1871278907470555,0.31006724465958424,FALSE,FALSE
2004-06-22,East_Antarctica,2.205888557,-0.1908957725593652,0.1908957725593652,0.31006724465958424,FALSE,FALSE
2004-06-23,East_Antarctica,2.224547436,-0.18677931747131504,0.18677931747131504,0.31006724465958424,FALSE,FALSE
2004-06-24,East_Antarctica,2.256605117,-0.16888892037661885,0.16888892037661885,0.31006724465958424,FALSE,FALSE
2004-06-25,East_Antarctica,2.248077455,-0.19114177216898295,0.19114177216898295,0.31006724465958424,FALSE,FALSE
2004-06-26,East_Antarctica,2.224714253,-0.2277306354993538,0.2277306354993538,0.31006724465958424,FALSE,FALSE
2004-06-27,East_Antarctica,2.233559438,-0.23162608511464144,0.23162608511464144,0.31006724465958424,FALSE,FALSE
2004-06-28,East_Antarctica,2.259453045,-0.21803545819169431,0.21803545819169431,0.31006724465958424,FALSE,FALSE
2004-06-29,East_Antarctica,2.267739915,-0.22166145491101563,0.22166145491101563,0.31006724465958424,FALSE,FALSE
2004-06-30,East_Antarctica,2.278159329,-0.22281233545311352,0.22281233545311352,0.31006724465958424,FALSE,FALSE
2004-07-01,East_Antarctica,2.236270909,-0.2759760189984992,0.2759760189984992,0.31006724465958424,FALSE,FALSE
2004-07-02,East_Antarctica,2.237074991,-0.28619971072767525,0.28619971072767525,0.31006724465958424,FALSE,FALSE
2004-07-03,East_Antarctica,2.256762654,-0.2773398728211518,0.2773398728211518,0.31006724465958424,FALSE,FALSE
2004-07-04,East_Antarctica,2.265700648,-0.27907729645943435,0.27907729645943435,0.31006724465958424,FALSE,FALSE
2004-07-05,East_Antarctica,2.260077356,-0.2952711398230319,0.2952711398230319,0.31006724465958424,FALSE,FALSE
2004-07-06,East_Antarctica,2.264715424,-0.3011462980924504,0.3011462980924504,0.31006724465958424,FALSE,FALSE
2004-07-07,East_Antarctica,2.236455576,-0.33990958844819597,0.33990958844819597,0.31006724465958424,TRUE,FALSE
2004-07-08,East_Antarctica,2.244433747,-0.3424725596266267,0.3424725596266267,0.31006724465958424,TRUE,FALSE
2004-07-09,East_Antarctica,2.303735597,-0.29378586274252605,0.29378586274252605,0.31006724465958424,FALSE,FALSE
2004-07-10,East_Antarctica,2.328836916,-0.2793855679138524,0.2793855679138524,0.31006724465958424,FALSE,FALSE
2004-07-11,East_Antarctica,2.344614543,-0.274403460503966,0.274403460503966,0.31006724465958424,FALSE,FALSE
2004-07-12,East_Antarctica,2.372559495,-0.257357147876228,0.257357147876228,0.31006724465958424,FALSE,FALSE
2004-07-13,East_Antarctica,2.437282538,-0.20364448839399296,0.20364448839399296,0.31006724465958424,FALSE,FALSE
2004-07-14,East_Antarctica,2.477356549,-0.1747012294206205,0.1747012294206205,0.31006724465958424,FALSE,FALSE
2004-07-15,East_Antarctica,2.466495709,-0.19682181431946777,0.19682181431946777,0.31006724465958424,FALSE,FALSE
2004-07-16,East_Antarctica,2.454339895,-0.2203749904538963,0.2203749904538963,0.31006724465958424,FALSE,FALSE
2004-07-17,East_Antarctica,2.43356185,-0.2526966391872607,0.2526966391872607,0.31006724465958424,FALSE,FALSE
2004-07-18,East_Antarctica,2.429853101,-0.268103857882922,0.268103857882922,0.31006724465958424,FALSE,FALSE
2004-07-19,East_Antarctica,2.445341198,-0.2644777209042366,0.2644777209042366,0.31006724465958424,FALSE,FALSE
2004-07-20,East_Antarctica,2.471148249,-0.25070474461456405,0.25070474461456405,0.31006724465958424,FALSE,FALSE
2004-07-21,East_Antarctica,2.469556871,-0.2645083797860259,0.2645083797860259,0.31006724465958424,FALSE,FALSE
2004-07-22,East_Antarctica,2.465002531,-0.2814239403574934,0.2814239403574934,0.31006724465958424,FALSE,FALSE
2004-07-23,East_Antarctica,2.514512229,-0.2443694852946967,0.2443694852946967,0.31006724465958424,FALSE,FALSE
2004-07-24,East_Antarctica,2.562730118,-0.20864533708892408,0.20864533708892408,0.31006724465958424,FALSE,FALSE
2004-07-25,East_Antarctica,2.57643239,-0.20741977923146493,0.20741977923146493,0.31006724465958424,FALSE,FALSE
2004-07-26,East_Antarctica,2.568617671,-0.22763866121361165,0.22763866121361165,0.31006724465958424,FALSE,FALSE
2004-07-27,East_Antarctica,2.598422149,-0.21011027052665332,0.21011027052665332,0.31006724465958424,FALSE,FALSE
2004-07-28,East_Antarctica,2.622867616,-0.19775729066187697,0.19775729066187697,0.31006724465958424,FALSE,FALSE
2004-07-29,East_Antarctica,2.6751419,-0.15733636911057625,0.15733636911057625,0.31006724465958424,FALSE,FALSE
2004-07-30,East_Antarctica,2.676441366,-0.1675956163640384,0.1675956163640384,0.31006724465958424,FALSE,FALSE
2004-07-31,East_Antarctica,2.643902784,-0.2113427379135535,0.2113427379135535,0.31006724465958424,FALSE,FALSE
2004-08-01,East_Antarctica,2.598040196,-0.26800816725041443,0.26800816725041443,0.31006724465958424,FALSE,FALSE
2004-08-02,East_Antarctica,2.539334349,-0.3370556335990682,0.3370556335990682,0.31006724465958424,TRUE,FALSE
2004-08-03,East_Antarctica,2.532589485,-0.3536451636177915,0.3536451636177915,0.31006724465958424,TRUE,FALSE
2004-08-04,East_Antarctica,2.542771555,-0.3528464739190622,0.3528464739190622,0.31006724465958424,TRUE,FALSE
2004-08-05,East_Antarctica,2.57027647,-0.3343154154814614,0.3343154154814614,0.31006724465958424,TRUE,FALSE
2004-08-06,East_Antarctica,2.603142853,-0.3100651272835706,0.3100651272835706,0.31006724465958424,FALSE,FALSE
2004-08-07,East_Antarctica,2.654588392,-0.26692968330396916,0.26692968330396916,0.31006724465958424,FALSE,FALSE
2004-08-08,East_Antarctica,2.660658732,-0.26891520052123763,0.26891520052123763,0.31006724465958424,FALSE,FALSE
2004-08-09,East_Antarctica,2.648883153,-0.2885441609139576,0.2885441609139576,0.31006724465958424,FALSE,FALSE
2004-08-10,East_Antarctica,2.658502125,-0.28662785646070876,0.28662785646070876,0.31006724465958424,FALSE,FALSE
2004-08-11,East_Antarctica,2.712405059,-0.2403286381400722,0.2403286381400722,0.31006724465958424,FALSE,FALSE
2004-08-12,East_Antarctica,2.765668572,-0.19462165093062864,0.19462165093062864,0.31006724465958424,FALSE,FALSE
2004-08-13,East_Antarctica,2.772420415,-0.19543090581095648,0.19543090581095648,0.31006724465958424,FALSE,FALSE
2004-08-14,East_Antarctica,2.790703035,-0.184765717759638,0.184765717759638,0.31006724465958424,FALSE,FALSE
2004-08-15,East_Antarctica,2.792257095,-0.1909356534595279,0.1909356534595279,0.31006724465958424,FALSE,FALSE
2004-08-16,East_Antarctica,2.837252414,-0.15377558016568704,0.15377558016568704,0.31006724465958424,FALSE,FALSE
2004-08-17,East_Antarctica,2.826301693,-0.17262535508819088,0.17262535508819088,0.31006724465958424,FALSE,FALSE
2004-08-18,East_Antarctica,2.785627,-0.2212126116855151,0.2212126116855151,0.31006724465958424,FALSE,FALSE
2004-08-19,East_Antarctica,2.798471377,-0.21624400941612443,0.21624400941612443,0.31006724465958424,FALSE,FALSE
2004-08-20,East_Antarctica,2.853485858,-0.16901821573848963,0.16901821573848963,0.31006724465958424,FALSE,FALSE
2004-08-21,East_Antarctica,2.908704779,-0.12145059611108078,0.12145059611108078,0.31006724465958424,FALSE,FALSE
2004-08-22,East_Antarctica,2.938679127,-0.09893986499236808,0.09893986499236808,0.31006724465958424,FALSE,FALSE
2004-08-23,East_Antarctica,2.941376882,-0.10346774384081849,0.10346774384081849,0.31006724465958424,FALSE,FALSE
2004-08-24,East_Antarctica,2.944456982,-0.10732499611490276,0.10732499611490276,0.31006724465958424,FALSE,FALSE
2004-08-25,East_Antarctica,2.940328725,-0.11805202527309078,0.11805202527309078,0.31006724465958424,FALSE,FALSE
2004-08-26,East_Antarctica,2.860737679,-0.2038529647738514,0.2038529647738514,0.31006724465958424,FALSE,FALSE
2004-08-27,East_Antarctica,2.800126216,-0.2702351440756523,0.2702351440756523,0.31006724465958424,FALSE,FALSE
2004-08-28,East_Antarctica,2.77780083,-0.2978507622619353,0.2978507622619353,0.31006724465958424,FALSE,FALSE
2004-08-29,East_Antarctica,2.761102031,-0.3193726507792376,0.3193726507792376,0.31006724465958424,TRUE,TRUE
2004-08-30,East_Antarctica,2.762044874,-0.32281962920501295,0.32281962920501295,0.31006724465958424,TRUE,TRUE
2004-08-31,East_Antarctica,2.773415775,-0.31543919294641,0.31543919294641,0.31006724465958424,TRUE,TRUE
2004-09-01,East_Antarctica,2.745611283,-0.34686870441057716,0.34686870441057716,0.31006724465958424,TRUE,TRUE
2004-09-02,East_Antarctica,2.716977985,-0.37879548800466534,0.37879548800466534,0.31006724465958424,TRUE,TRUE
2004-09-03,East_Antarctica,2.806070694,-0.2926986421358184,0.2926986421358184,0.31006724465958424,FALSE,FALSE
2004-09-04,East_Antarctica,2.847527107,-0.25397438121118743,0.25397438121118743,0.31006724465958424,FALSE,FALSE
2004-09-05,East_Antarctica,2.863835722,-0.24016811863792056,0.24016811863792056,0.31006724465958424,FALSE,FALSE
2004-09-06,East_Antarctica,2.821941749,-0.28436855582316545,0.28436855582316545,0.31006724465958424,FALSE,FALSE
2004-09-07,East_Antarctica,2.85318634,-0.25526845217407423,0.25526845217407423,0.31006724465958424,FALSE,FALSE
2004-09-08,East_Antarctica,2.858589055,-0.25188215909778844,0.25188215909778844,0.31006724465958424,FALSE,FALSE
2004-09-09,East_Antarctica,2.798126437,-0.3142669931935247,0.3142669931935247,0.31006724465958424,TRUE,FALSE
2004-09-10,East_Antarctica,2.816438375,-0.29781200684782005,0.29781200684782005,0.31006724465958424,FALSE,FALSE
2004-09-11,East_Antarctica,2.78260452,-0.3334575904099104,0.3334575904099104,0.31006724465958424,TRUE,FALSE
2004-09-12,East_Antarctica,2.75804754,-0.35980018013269044,0.35980018013269044,0.31006724465958424,TRUE,FALSE
2004-09-13,East_Antarctica,2.816698759,-0.3029275562690543,0.3029275562690543,0.31006724465958424,FALSE,FALSE
2004-09-14,East_Antarctica,2.867028141,-0.25438885907190034,0.25438885907190034,0.31006724465958424,FALSE,FALSE
2004-09-15,East_Antarctica,2.888218247,-0.23502063179412147,0.23502063179412147,0.31006724465958424,FALSE,FALSE
2004-09-16,East_Antarctica,2.88115618,-0.24395487568861496,0.24395487568861496,0.31006724465958424,FALSE,FALSE
2004-09-17,East_Antarctica,2.916208215,-0.21084442000827552,0.21084442000827552,0.31006724465958424,FALSE,FALSE
2004-09-18,East_Antarctica,2.964652948,-0.16442977300599892,0.16442977300599892,0.31006724465958424,FALSE,FALSE
2004-09-19,East_Antarctica,2.967288231,-0.16393218693467926,0.16393218693467926,0.31006724465958424,FALSE,FALSE
2004-09-20,East_Antarctica,2.945945727,-0.18753910304721488,0.18753910304721488,0.31006724465958424,FALSE,FALSE
2004-09-21,East_Antarctica,2.892000105,-0.2438949565964994,0.2438949565964994,0.31006724465958424,FALSE,FALSE
2004-09-22,East_Antarctica,2.883802814,-0.25466131587983654,0.25466131587983654,0.31006724465958424,FALSE,FALSE
2004-09-23,East_Antarctica,2.915329447,-0.22581043748710528,0.22581043748710528,0.31006724465958424,FALSE,FALSE
2004-09-24,East_Antarctica,2.946207292,-0.19762335127509711,0.19762335127509711,0.31006724465958424,FALSE,FALSE
2004-09-25,East_Antarctica,2.957161117,-0.18928305242677324,0.18928305242677324,0.31006724465958424,FALSE,FALSE
2004-09-26,East_Antarctica,2.997546692,-0.15134153412510054,0.15134153412510054,0.31006724465958424,FALSE,FALSE
2004-09-27,East_Antarctica,2.988568802,-0.16250177455303838,0.16250177455303838,0.31006724465958424,FALSE,FALSE
2004-09-28,East_Antarctica,2.990928077,-0.16197090689355287,0.16197090689355287,0.31006724465958424,FALSE,FALSE
2004-09-29,East_Antarctica,3.034541227,-0.11973998432960586,0.11973998432960586,0.31006724465958424,FALSE,FALSE
2004-09-30,East_Antarctica,3.048593133,-0.10653188904416222,0.10653188904416222,0.31006724465958424,FALSE,FALSE
2004-10-01,East_Antarctica,3.058277618,-0.0970605612201827,0.0970605612201827,0.31006724465958424,FALSE,FALSE
2004-10-02,East_Antarctica,3.031284069,-0.1235443770406306,0.1235443770406306,0.31006724465958424,FALSE,FALSE
2004-10-03,East_Antarctica,3.001043734,-0.15245985168847298,0.15245985168847298,0.31006724465958424,FALSE,FALSE
2004-10-04,East_Antarctica,2.994930842,-0.1563405471074586,0.1563405471074586,0.31006724465958424,FALSE,FALSE
2004-10-05,East_Antarctica,3.021040202,-0.1270330255142933,0.1270330255142933,0.31006724465958424,FALSE,FALSE
2004-10-06,East_Antarctica,3.027835502,-0.11611374815393072,0.11611374815393072,0.31006724465958424,FALSE,FALSE
2004-10-07,East_Antarctica,3.02048265,-0.11847502751680627,0.11847502751680627,0.31006724465958424,FALSE,FALSE
2004-10-08,East_Antarctica,3.0152654,-0.11789133009335773,0.11789133009335773,0.31006724465958424,FALSE,FALSE
2004-10-09,East_Antarctica,3.021135637,-0.10546899137401766,0.10546899137401766,0.31006724465958424,FALSE,FALSE
2004-10-10,East_Antarctica,3.093030744,-0.02632884884922148,0.02632884884922148,0.31006724465958424,FALSE,FALSE
2004-10-11,East_Antarctica,3.136616923,0.02513707899059003,0.02513707899059003,0.31006724465958424,FALSE,FALSE
2004-10-12,East_Antarctica,3.159953982,0.05693037965498515,0.05693037965498515,0.31006724465958424,FALSE,FALSE
2004-10-13,East_Antarctica,3.146238705,0.05218961665352806,0.05218961665352806,0.31006724465958424,FALSE,FALSE
2004-10-14,East_Antarctica,3.098696151,0.01408162849578209,0.01408162849578209,0.31006724465958424,FALSE,FALSE
2004-10-15,East_Antarctica,3.018765569,-0.0560125563086844,0.0560125563086844,0.31006724465958424,FALSE,FALSE
2004-10-16,East_Antarctica,2.964092792,-0.10050532525031476,0.10050532525031476,0.31006724465958424,FALSE,FALSE
2004-10-17,East_Antarctica,2.919456855,-0.13467256397508143,0.13467256397508143,0.31006724465958424,FALSE,FALSE
2004-10-18,East_Antarctica,2.888250016,-0.15510684741045155,0.15510684741045155,0.31006724465958424,FALSE,FALSE
2004-10-19,East_Antarctica,2.849516471,-0.1826818075533989,0.1826818075533989,0.31006724465958424,FALSE,FALSE
2004-10-20,East_Antarctica,2.83020081,-0.19036799950513128,0.19036799950513128,0.31006724465958424,FALSE,FALSE
2004-10-21,East_Antarctica,2.81612364,-0.19225996136686607,0.19225996136686607,0.31006724465958424,FALSE,FALSE
2004-10-22,East_Antarctica,2.819550706,-0.17600709323980857,0.17600709323980857,0.31006724465958424,FALSE,FALSE
2004-10-23,East_Antarctica,2.837810093,-0.14419645522517488,0.14419645522517488,0.31006724465958424,FALSE,FALSE
2004-10-24,East_Antarctica,2.804637667,-0.16300732642417604,0.16300732642417604,0.31006724465958424,FALSE,FALSE
2004-10-25,East_Antarctica,2.81247924,-0.1399090399380225,0.1399090399380225,0.31006724465958424,FALSE,FALSE
2004-10-26,East_Antarctica,2.806270771,-0.12988078186792815,0.12988078186792815,0.31006724465958424,FALSE,FALSE
2004-10-27,East_Antarctica,2.780663796,-0.13818616131510453,0.13818616131510453,0.31006724465958424,FALSE,FALSE
2004-10-28,East_Antarctica,2.772609643,-0.1277889953807625,0.1277889953807625,0.31006724465958424,FALSE,FALSE
2004-10-29,East_Antarctica,2.724348512,-0.15636422916611492,0.15636422916611492,0.31006724465958424,FALSE,FALSE
2004-10-30,East_Antarctica,2.669290443,-0.19042937841974972,0.19042937841974972,0.31006724465958424,FALSE,FALSE
2004-10-31,East_Antarctica,2.650590781,-0.18681774179150956,0.18681774179150956,0.31006724465958424,FALSE,FALSE
2004-11-01,East_Antarctica,2.601151197,-0.21263505576069353,0.21263505576069353,0.31006724465958424,FALSE,FALSE
2004-11-02,East_Antarctica,2.515552162,-0.2733082618508167,0.2733082618508167,0.31006724465958424,FALSE,FALSE
2004-11-03,East_Antarctica,2.496510813,-0.2661276355853892,0.2661276355853892,0.31006724465958424,FALSE,FALSE
2004-11-04,East_Antarctica,2.461310694,-0.2738170454879212,0.2738170454879212,0.31006724465958424,FALSE,FALSE
2004-11-05,East_Antarctica,2.455558791,-0.25077691808192837,0.25077691808192837,0.31006724465958424,FALSE,FALSE
2004-11-06,East_Antarctica,2.400105512,-0.2761642578909185,0.2761642578909185,0.31006724465958424,FALSE,FALSE
2004-11-07,East_Antarctica,2.344406759,-0.30053057543840644,0.30053057543840644,0.31006724465958424,FALSE,FALSE
2004-11-08,East_Antarctica,2.331672225,-0.2806735902479027,0.2806735902479027,0.31006724465958424,FALSE,FALSE
2004-11-09,East_Antarctica,2.323061402,-0.25544122284291815,0.25544122284291815,0.31006724465958424,FALSE,FALSE
2004-11-10,East_Antarctica,2.298941902,-0.24447327374696615,0.24447327374696615,0.31006724465958424,FALSE,FALSE
2004-11-11,East_Antarctica,2.273989963,-0.2331018250482635,0.2331018250482635,0.31006724465958424,FALSE,FALSE
2004-11-12,East_Antarctica,2.241398001,-0.22819298640706753,0.22819298640706753,0.31006724465958424,FALSE,FALSE
2004-11-13,East_Antarctica,2.205197337,-0.22584943193442888,0.22584943193442888,0.31006724465958424,FALSE,FALSE
2004-11-14,East_Antarctica,2.203984246,-0.18761510672772053,0.18761510672772053,0.31006724465958424,FALSE,FALSE
2004-11-15,East_Antarctica,2.176964286,-0.1744246728843191,0.1744246728843191,0.31006724465958424,FALSE,FALSE
2004-11-16,East_Antarctica,2.143846424,-0.16670938350159803,0.16670938350159803,0.31006724465958424,FALSE,FALSE
2004-11-17,East_Antarctica,2.09308586,-0.1761542586769358,0.1761542586769358,0.31006724465958424,FALSE,FALSE
2004-11-18,East_Antarctica,2.01721809,-0.21036402250770656,0.21036402250770656,0.31006724465958424,FALSE,FALSE
2004-11-19,East_Antarctica,1.96633063,-0.21939137909128423,0.21939137909128423,0.31006724465958424,FALSE,FALSE
2004-11-20,East_Antarctica,1.935349031,-0.2084509975250446,0.2084509975250446,0.31006724465958424,FALSE,FALSE
2004-11-21,East_Antarctica,1.872296037,-0.22966035390636377,0.22966035390636377,0.31006724465958424,FALSE,FALSE
2004-11-22,East_Antarctica,1.854425919,-0.20590539733261792,0.20590539733261792,0.31006724465958424,FALSE,FALSE
2004-11-23,East_Antarctica,1.836447486,-0.1826175389011806,0.1826175389011806,0.31006724465958424,FALSE,FALSE
2004-11-24,East_Antarctica,1.827490108,-0.1507991410656624,0.1507991410656624,0.31006724465958424,FALSE,FALSE
2004-11-25,East_Antarctica,1.818727945,-0.11933598921076928,0.11933598921076928,0.31006724465958424,FALSE,FALSE
2004-11-26,East_Antarctica,1.821774413,-0.07663851632186036,0.07663851632186036,0.31006724465958424,FALSE,FALSE
2004-11-27,East_Antarctica,1.797949456,-0.0614103539750328,0.0614103539750328,0.31006724465958424,FALSE,FALSE
2004-11-28,East_Antarctica,1.736937819,-0.0839903327463889,0.0839903327463889,0.31006724465958424,FALSE,FALSE
2004-11-29,East_Antarctica,1.671018076,-0.1121234542120242,0.1121234542120242,0.31006724465958424,FALSE,FALSE
2004-11-30,East_Antarctica,1.632313423,-0.11371009794803988,0.11371009794803988,0.31006724465958424,FALSE,FALSE
2004-12-01,East_Antarctica,1.587625838,-0.1219718615305334,0.1219718615305334,0.31006724465958424,FALSE,FALSE
2004-12-02,East_Antarctica,1.559474385,-0.1144132565356053,0.1144132565356053,0.31006724465958424,FALSE,FALSE
2004-12-03,East_Antarctica,1.500729902,-0.13818702053935406,0.13818702053935406,0.31006724465958424,FALSE,FALSE
2004-12-04,East_Antarctica,1.427098609,-0.1776105091178779,0.1776105091178779,0.31006724465958424,FALSE,FALSE
2004-12-05,East_Antarctica,1.379235409,-0.1920523948472772,0.1920523948472772,0.31006724465958424,FALSE,FALSE
2004-12-06,East_Antarctica,1.351094086,-0.18758244531779633,0.18758244531779633,0.31006724465958424,FALSE,FALSE
2004-12-07,East_Antarctica,1.333180879,-0.17371052714303725,0.17371052714303725,0.31006724465958424,FALSE,FALSE
2004-12-08,East_Antarctica,1.327020758,-0.14890981897494893,0.14890981897494893,0.31006724465958424,FALSE,FALSE
2004-12-09,East_Antarctica,1.330875144,-0.1149143958219041,0.1149143958219041,0.31006724465958424,FALSE,FALSE
2004-12-10,East_Antarctica,1.312842987,-0.103620803692283,0.103620803692283,0.31006724465958424,FALSE,FALSE
2004-12-11,East_Antarctica,1.278380956,-0.1095678695944624,0.1095678695944624,0.31006724465958424,FALSE,FALSE
2004-12-12,East_Antarctica,1.243447013,-0.1167931275368166,0.1167931275368166,0.31006724465958424,FALSE,FALSE
2004-12-13,East_Antarctica,1.228960904,-0.10437232752772284,0.10437232752772284,0.31006724465958424,FALSE,FALSE
2004-12-14,East_Antarctica,1.198326049,-0.10889754557555764,0.10889754557555764,0.31006724465958424,FALSE,FALSE
2004-12-15,East_Antarctica,1.188063326,-0.0938433996886978,0.0938433996886978,0.31006724465958424,FALSE,FALSE
2004-12-16,East_Antarctica,1.167686201,-0.08969191987551928,0.08969191987551928,0.31006724465958424,FALSE,FALSE
2004-12-17,East_Antarctica,1.141923077,-0.09171019914440048,0.09171019914440048,0.31006724465958424,FALSE,FALSE
2004-12-18,East_Antarctica,1.117292967,-0.09337472050371498,0.09337472050371498,0.31006724465958424,FALSE,FALSE
2004-12-19,East_Antarctica,1.087387986,-0.10108805847833424,0.10108805847833424,0.31006724465958424,FALSE,FALSE
2004-12-20,East_Antarctica,1.080340296,-0.08669998853435867,0.08669998853435867,0.31006724465958424,FALSE,FALSE
2004-12-21,East_Antarctica,1.066485512,-0.0798466541768117,0.0798466541768117,0.31006724465958424,FALSE,FALSE
2004-12-22,East_Antarctica,1.043532294,-0.0827908702543978,0.0827908702543978,0.31006724465958424,FALSE,FALSE
2004-12-23,East_Antarctica,1.025981695,-0.08100305861581925,0.08100305861581925,0.31006724465958424,FALSE,FALSE
2004-12-24,East_Antarctica,1.022985072,-0.06530333710978065,0.06530333710978065,0.31006724465958424,FALSE,FALSE
2004-12-25,East_Antarctica,1.017685118,-0.05252048758498584,0.05252048758498584,0.31006724465958424,FALSE,FALSE
2004-12-26,East_Antarctica,0.99484206,-0.05786575789013948,0.05786575789013948,0.31006724465958424,FALSE,FALSE
2004-12-27,East_Antarctica,0.980467224,-0.05529929687394464,0.05529929687394464,0.31006724465958424,FALSE,FALSE
2004-12-28,East_Antarctica,0.960488657,-0.05886453238510358,0.05886453238510358,0.31006724465958424,FALSE,FALSE
2004-12-29,East_Antarctica,0.967058052,-0.03638124627232153,0.03638124627232153,0.31006724465958424,FALSE,FALSE
2004-12-30,East_Antarctica,0.960455646,-0.02754067638430457,0.02754067638430457,0.31006724465958424,FALSE,FALSE
2004-12-31,East_Antarctica,0.955096677,-0.01789905956975435,0.01789905956975435,0.31006724465958424,FALSE,FALSE
2005-01-01,East_Antarctica,0.953938431,-0.01905730556975404,0.01905730556975404,0.31006724465958424,FALSE,FALSE
2005-01-02,East_Antarctica,0.950292854,-0.00811726465614792,0.00811726465614792,0.31006724465958424,FALSE,FALSE
2005-01-03,East_Antarctica,0.953314848,0.00909838961392872,0.00909838961392872,0.31006724465958424,FALSE,FALSE
2005-01-04,East_Antarctica,0.941833001,0.01144015251912122,0.01144015251912122,0.31006724465958424,FALSE,FALSE
2005-01-05,East_Antarctica,0.932759327,0.01584194533807625,0.01584194533807625,0.31006724465958424,FALSE,FALSE
2005-01-06,East_Antarctica,0.917665971,0.01389782034943121,0.01389782034943121,0.31006724465958424,FALSE,FALSE
2005-01-07,East_Antarctica,0.91764817,0.02672492183183317,0.02672492183183317,0.31006724465958424,FALSE,FALSE
2005-01-08,East_Antarctica,0.916351605,0.03799083806392533,0.03799083806392533,0.31006724465958424,FALSE,FALSE
2005-01-09,East_Antarctica,0.909045655,0.04298685532434887,0.04298685532434887,0.31006724465958424,FALSE,FALSE
2005-01-10,East_Antarctica,0.907276219,0.05328077989175028,0.05328077989175028,0.31006724465958424,FALSE,FALSE
2005-01-11,East_Antarctica,0.897016854,0.05486807604477028,0.05486807604477028,0.31006724465958424,FALSE,FALSE
2005-01-12,East_Antarctica,0.890428099,0.05993119006205349,0.05993119006205349,0.31006724465958424,FALSE,FALSE
2005-01-13,East_Antarctica,0.868065265,0.049047340222243,0.049047340222243,0.31006724465958424,FALSE,FALSE
2005-01-14,East_Antarctica,0.854223464,0.04653321097255536,0.04653321097255536,0.31006724465958424,FALSE,FALSE
2005-01-15,East_Antarctica,0.830565531,0.03406119438867405,0.03406119438867405,0.31006724465958424,FALSE,FALSE
2005-01-16,East_Antarctica,0.829967408,0.04450173685841741,0.04450173685841741,0.31006724465958424,FALSE,FALSE
2005-01-17,East_Antarctica,0.837814721,0.06323401678649743,0.06323401678649743,0.31006724465958424,FALSE,FALSE
2005-01-18,East_Antarctica,0.846883116,0.08302723257762823,0.08302723257762823,0.31006724465958424,FALSE,FALSE
2005-01-19,East_Antarctica,0.842111789,0.08881413263652216,0.08881413263652216,0.31006724465958424,FALSE,FALSE
2005-01-20,East_Antarctica,0.826441078,0.08352860736789147,0.08352860736789147,0.31006724465958424,FALSE,FALSE
2005-01-21,East_Antarctica,0.785327423,0.05262064917644959,0.05262064917644959,0.31006724465958424,FALSE,FALSE
2005-01-22,East_Antarctica,0.789007337,0.06632032346690975,0.06632032346690975,0.31006724465958424,FALSE,FALSE
2005-01-23,East_Antarctica,0.782352753,0.06949311564398375,0.06949311564398375,0.31006724465958424,FALSE,FALSE
2005-01-24,East_Antarctica,0.762234103,0.05900301011238518,0.05900301011238518,0.31006724465958424,FALSE,FALSE
2005-01-25,East_Antarctica,0.75549297,0.06168514227682664,0.06168514227682664,0.31006724465958424,FALSE,FALSE
2005-01-26,East_Antarctica,0.763400604,0.07880431454202153,0.07880431454202153,0.31006724465958424,FALSE,FALSE
2005-01-27,East_Antarctica,0.765310975,0.08970886819855273,0.08970886819855273,0.31006724465958424,FALSE,FALSE
2005-01-28,East_Antarctica,0.756315637,0.08949027195126857,0.08949027195126857,0.31006724465958424,FALSE,FALSE
2005-01-29,East_Antarctica,0.749026267,0.09076241611955305,0.09076241611955305,0.31006724465958424,FALSE,FALSE
2005-01-30,East_Antarctica,0.737454737,0.08753939342735562,0.08753939342735562,0.31006724465958424,FALSE,FALSE
2005-01-31,East_Antarctica,0.724696561,0.08291893859862753,0.08291893859862753,0.31006724465958424,FALSE,FALSE
2005-02-01,East_Antarctica,0.705188439,0.07133997235732015,0.07133997235732015,0.31006724465958424,FALSE,FALSE
2005-02-02,East_Antarctica,0.709320391,0.08319473542738343,0.08319473542738343,0.31006724465958424,FALSE,FALSE
2005-02-03,East_Antarctica,0.704307769,0.08570080053276952,0.08570080053276952,0.31006724465958424,FALSE,FALSE
2005-02-04,East_Antarctica,0.706105201,0.09481501639742818,0.09481501639742818,0.31006724465958424,FALSE,FALSE
2005-02-05,East_Antarctica,0.70596858,0.1017954967453103,0.1017954967453103,0.31006724465958424,FALSE,FALSE
2005-02-06,East_Antarctica,0.701081178,0.10382773430036683,0.10382773430036683,0.31006724465958424,FALSE,FALSE
2005-02-07,East_Antarctica,0.700554304,0.1100252587865489,0.1100252587865489,0.31006724465958424,FALSE,FALSE
2005-02-08,East_Antarctica,0.697506513,0.1135087066808398,0.1135087066808398,0.31006724465958424,FALSE,FALSE
2005-02-09,East_Antarctica,0.687658226,0.10998219661276232,0.10998219661276232,0.31006724465958424,FALSE,FALSE
2005-02-10,East_Antarctica,0.686431624,0.11481504615454774,0.11481504615454774,0.31006724465958424,FALSE,FALSE
2005-02-11,East_Antarctica,0.680357418,0.11448078013291574,0.11448078013291574,0.31006724465958424,FALSE,FALSE
2005-02-12,East_Antarctica,0.652821707,0.09230831137458606,0.09230831137458606,0.31006724465958424,FALSE,FALSE
2005-02-13,East_Antarctica,0.636587378,0.08100334070627746,0.08100334070627746,0.31006724465958424,FALSE,FALSE
2005-02-14,East_Antarctica,0.612428971,0.0612832219547107,0.0612832219547107,0.31006724465958424,FALSE,FALSE
2005-02-15,East_Antarctica,0.619738538,0.07248282094660441,0.07248282094660441,0.31006724465958424,FALSE,FALSE
2005-02-16,East_Antarctica,0.611776951,0.06780582350867714,0.06780582350867714,0.31006724465958424,FALSE,FALSE
2005-02-17,East_Antarctica,0.590654049,0.04930488246764997,0.04930488246764997,0.31006724465958424,FALSE,FALSE
2005-02-18,East_Antarctica,0.598651502,0.05920448165024139,0.05920448165024139,0.31006724465958424,FALSE,FALSE
2005-02-19,East_Antarctica,0.611680615,0.07335873988317221,0.07335873988317221,0.31006724465958424,FALSE,FALSE
2005-02-20,East_Antarctica,0.619482468,0.08145155099316048,0.08145155099316048,0.31006724465958424,FALSE,FALSE
2005-02-21,East_Antarctica,0.623654676,0.08502641949541534,0.08502641949541534,0.31006724465958424,FALSE,FALSE
2005-02-22,East_Antarctica,0.625534633,0.0854039174241733,0.0854039174241733,0.31006724465958424,FALSE,FALSE
2005-02-23,East_Antarctica,0.603664194,0.06113388376374307,0.06113388376374307,0.31006724465958424,FALSE,FALSE
2005-02-24,East_Antarctica,0.629181709,0.0833631009148903,0.0833631009148903,0.31006724465958424,FALSE,FALSE
2005-02-25,East_Antarctica,0.623737895,0.0737507182783812,0.0737507182783812,0.31006724465958424,FALSE,FALSE
2005-02-26,East_Antarctica,0.61825994,0.06323235625498347,0.06323235625498347,0.31006724465958424,FALSE,FALSE
2005-02-27,East_Antarctica,0.60580455,0.0448731532454617,0.0448731532454617,0.31006724465958424,FALSE,FALSE
2005-02-28,East_Antarctica,0.625870171,0.0581799876505833,0.0581799876505833,0.31006724465958424,FALSE,FALSE
2005-03-01,East_Antarctica,0.64488882300000006,0.06959331187111495,0.06959331187111495,0.31006724465958424,FALSE,FALSE
2005-03-02,East_Antarctica,0.639418223,0.05567927530782213,0.05567927530782213,0.31006724465958424,FALSE,FALSE
2005-03-03,East_Antarctica,0.633697969,0.04068590836147245,0.04068590836147245,0.31006724465958424,FALSE,FALSE
2005-03-04,East_Antarctica,0.617202818,0.01409640043283089,0.01409640043283089,0.31006724465958424,FALSE,FALSE
2005-03-05,East_Antarctica,0.609972178,-0.00404140393456731,0.00404140393456731,0.31006724465958424,FALSE,FALSE
2005-03-06,East_Antarctica,0.623333074,-0.00237663261669596,0.00237663261669596,0.31006724465958424,FALSE,FALSE
2005-03-07,East_Antarctica,0.664490544,0.02636977050681654,0.02636977050681654,0.31006724465958424,FALSE,FALSE
2005-03-08,East_Antarctica,0.666579809,0.01541723732007238,0.01541723732007238,0.31006724465958424,FALSE,FALSE
2005-03-09,East_Antarctica,0.68474414,0.0199932497071712,0.0199932497071712,0.31006724465958424,FALSE,FALSE
2005-03-10,East_Antarctica,0.722553477,0.04375195855221481,0.04375195855221481,0.31006724465958424,FALSE,FALSE
2005-03-11,East_Antarctica,0.752238754,0.05900850873930463,0.05900850873930463,0.31006724465958424,FALSE,FALSE
2005-03-12,East_Antarctica,0.763913545,0.05596068515254249,0.05596068515254249,0.31006724465958424,FALSE,FALSE
2005-03-13,East_Antarctica,0.788157375,0.06527222367602714,0.06527222367602714,0.31006724465958424,FALSE,FALSE
2005-03-14,East_Antarctica,0.822069905,0.08412699619386144,0.08412699619386144,0.31006724465958424,FALSE,FALSE
2005-03-15,East_Antarctica,0.836609598,0.08356767659014575,0.08356767659014575,0.31006724465958424,FALSE,FALSE
2005-03-16,East_Antarctica,0.868750047,0.1006520687489808,0.1006520687489808,0.31006724465958424,FALSE,FALSE
2005-03-17,East_Antarctica,0.879653275,0.09662640655446986,0.09662640655446986,0.31006724465958424,FALSE,FALSE
2005-03-18,East_Antarctica,0.880233478,0.08248664639107228,0.08248664639107228,0.31006724465958424,FALSE,FALSE
2005-03-19,East_Antarctica,0.889994291,0.07775698277196053,0.07775698277196053,0.31006724465958424,FALSE,FALSE
2005-03-20,East_Antarctica,0.894874738,0.06833298258633569,0.06833298258633569,0.31006724465958424,FALSE,FALSE
2005-03-21,East_Antarctica,0.910577536,0.06987089171600813,0.06987089171600813,0.31006724465958424,FALSE,FALSE
2005-03-22,East_Antarctica,0.934140259,0.07936181304278511,0.07936181304278511,0.31006724465958424,FALSE,FALSE
2005-03-23,East_Antarctica,0.944844437,0.07604080544847536,0.07604080544847536,0.31006724465958424,FALSE,FALSE
2005-03-24,East_Antarctica,0.962287667,0.07945899481488805,0.07945899481488805,0.31006724465958424,FALSE,FALSE
2005-03-25,East_Antarctica,0.982176916,0.08527687702383213,0.08527687702383213,0.31006724465958424,FALSE,FALSE
2005-03-26,East_Antarctica,0.989980953,0.07891674995711395,0.07891674995711395,0.31006724465958424,FALSE,FALSE
2005-03-27,East_Antarctica,1.006413929,0.08104629349654568,0.08104629349654568,0.31006724465958424,FALSE,FALSE
2005-03-28,East_Antarctica,1.005883256,0.06602644852393202,0.06602644852393202,0.31006724465958424,FALSE,FALSE
2005-03-29,East_Antarctica,1.034889532,0.08031134192108391,0.08031134192108391,0.31006724465958424,FALSE,FALSE
2005-03-30,East_Antarctica,1.058399189,0.08882093456981044,0.08882093456981044,0.31006724465958424,FALSE,FALSE
2005-03-31,East_Antarctica,1.060816185,0.07592144273545975,0.07592144273545975,0.31006724465958424,FALSE,FALSE
2005-04-01,East_Antarctica,1.067444635,0.06692695478387689,0.06692695478387689,0.31006724465958424,FALSE,FALSE
2005-04-02,East_Antarctica,1.084292165,0.06787129115887924,0.06787129115887924,0.31006724465958424,FALSE,FALSE
2005-04-03,East_Antarctica,1.109497954,0.07691983871423802,0.07691983871423802,0.31006724465958424,FALSE,FALSE
2005-04-04,East_Antarctica,1.126830027,0.07786683030372399,0.07786683030372399,0.31006724465958424,FALSE,FALSE
2005-04-05,East_Antarctica,1.146175893,0.08062598278111,0.08062598278111,0.31006724465958424,FALSE,FALSE
2005-04-06,East_Antarctica,1.167948295,0.08563624700016725,0.08563624700016725,0.31006724465958424,FALSE,FALSE
2005-04-07,East_Antarctica,1.181228822,0.08200541981466625,0.08200541981466625,0.31006724465958424,FALSE,FALSE
2005-04-08,East_Antarctica,1.168006013,0.05174824807838063,0.05174824807838063,0.31006724465958424,FALSE,FALSE
2005-04-09,East_Antarctica,1.156673409,0.02328448064508093,0.02328448064508093,0.31006724465958424,FALSE,FALSE
2005-04-10,East_Antarctica,1.178354951,0.02776426636853779,0.02776426636853779,0.31006724465958424,FALSE,FALSE
2005-04-11,East_Antarctica,1.206637969,0.03880114310252547,0.03880114310252547,0.31006724465958424,FALSE,FALSE
2005-04-12,East_Antarctica,1.240773192,0.0556718851889364,0.0556718851889364,0.31006724465958424,FALSE,FALSE
2005-04-13,East_Antarctica,1.258745207,0.05637554271035849,0.05637554271035849,0.31006724465958424,FALSE,FALSE
2005-04-14,East_Antarctica,1.294199019,0.07455249049878843,0.07455249049878843,0.31006724465958424,FALSE,FALSE
2005-04-15,East_Antarctica,1.284031661,0.04709334799114706,0.04709334799114706,0.31006724465958424,FALSE,FALSE
2005-04-16,East_Antarctica,1.26247994,0.00822850862435942,0.00822850862435942,0.31006724465958424,FALSE,FALSE
2005-04-17,East_Antarctica,1.27940673,0.00781443283534466,0.00781443283534466,0.31006724465958424,FALSE,FALSE
2005-04-18,East_Antarctica,1.281181631,-0.00778569293897279,0.00778569293897279,0.31006724465958424,FALSE,FALSE
2005-04-19,East_Antarctica,1.300385511,-0.00599741426166899,0.00599741426166899,0.31006724465958424,FALSE,FALSE
2005-04-20,East_Antarctica,1.334564007,0.01071849230417654,0.01071849230417654,0.31006724465958424,FALSE,FALSE
2005-04-21,East_Antarctica,1.376589095,0.0352275891954863,0.0352275891954863,0.31006724465958424,FALSE,FALSE
2005-04-22,East_Antarctica,1.414227405,0.05529009284918351,0.05529009284918351,0.31006724465958424,FALSE,FALSE
2005-04-23,East_Antarctica,1.417737752,0.04115840470218868,0.04115840470218868,0.31006724465958424,FALSE,FALSE
2005-04-24,East_Antarctica,1.413616221,0.01932219619142761,0.01932219619142761,0.31006724465958424,FALSE,FALSE
2005-04-25,East_Antarctica,1.439345854,0.02725870191392188,0.02725870191392188,0.31006724465958424,FALSE,FALSE
2005-04-26,East_Antarctica,1.462673036,0.03271425644951575,0.03271425644951575,0.31006724465958424,FALSE,FALSE
2005-04-27,East_Antarctica,1.486644582,0.0387388057204272,0.0387388057204272,0.31006724465958424,FALSE,FALSE
2005-04-28,East_Antarctica,1.502212689,0.0362877111608042,0.0362877111608042,0.31006724465958424,FALSE,FALSE
2005-04-29,East_Antarctica,1.530913075,0.04689985520479256,0.04689985520479256,0.31006724465958424,FALSE,FALSE
2005-04-30,East_Antarctica,1.577433413,0.07526607528654106,0.07526607528654106,0.31006724465958424,FALSE,FALSE
2005-05-01,East_Antarctica,1.610241963,0.08985779584019538,0.08985779584019538,0.31006724465958424,FALSE,FALSE
2005-05-02,East_Antarctica,1.620880846,0.0822203022999024,0.0822203022999024,0.31006724465958424,FALSE,FALSE
2005-05-03,East_Antarctica,1.650088372,0.0930950690998118,0.0930950690998118,0.31006724465958424,FALSE,FALSE
2005-05-04,East_Antarctica,1.684085713,0.10870643267406764,0.10870643267406764,0.31006724465958424,FALSE,FALSE
2005-05-05,East_Antarctica,1.708628211,0.1148128994568185,0.1148128994568185,0.31006724465958424,FALSE,FALSE
2005-05-06,East_Antarctica,1.767543636,0.1552454038822122,0.1552454038822122,0.31006724465958424,FALSE,FALSE
2005-05-07,East_Antarctica,1.810936726,0.1801118513809001,0.1801118513809001,0.31006724465958424,FALSE,FALSE
2005-05-08,East_Antarctica,1.870194647,0.22080424598282655,0.22080424598282655,0.31006724465958424,FALSE,FALSE
2005-05-09,East_Antarctica,1.886876088,0.2188905609719849,0.2188905609719849,0.31006724465958424,FALSE,FALSE
2005-05-10,East_Antarctica,1.897693422,0.21109318520137688,0.21109318520137688,0.31006724465958424,FALSE,FALSE
2005-05-11,East_Antarctica,1.929338491,0.22411397652400789,0.22411397652400789,0.31006724465958424,FALSE,FALSE
2005-05-12,East_Antarctica,1.951398715,0.22755037079287987,0.22755037079287987,0.31006724465958424,FALSE,FALSE
2005-05-13,East_Antarctica,1.995733264,0.25327155386099975,0.25327155386099975,0.31006724465958424,FALSE,FALSE
2005-05-14,East_Antarctica,2.01576966,0.2547150635813693,0.2547150635813693,0.31006724465958424,FALSE,FALSE
2005-05-15,East_Antarctica,2.003612121,0.22399513380699343,0.22399513380699343,0.31006724465958424,FALSE,FALSE
2005-05-16,East_Antarctica,2.020505976,0.22236710939087367,0.22236710939087367,0.31006724465958424,FALSE,FALSE
2005-05-17,East_Antarctica,2.027631627,0.21102140818601825,0.21102140818601825,0.31006724465958424,FALSE,FALSE
2005-05-18,East_Antarctica,2.046682174,0.21166114604542471,0.21166114604542471,0.31006724465958424,FALSE,FALSE
2005-05-19,East_Antarctica,2.030016267,0.17665498882210295,0.17665498882210295,0.31006724465958424,FALSE,FALSE
2005-05-20,East_Antarctica,2.018679133,0.14705860895129377,0.14705860895129377,0.31006724465958424,FALSE,FALSE
2005-05-21,East_Antarctica,2.01854308,0.12876259859043593,0.12876259859043593,0.31006724465958424,FALSE,FALSE
2005-05-22,East_Antarctica,2.010358379,0.10254236146146713,0.10254236146146713,0.31006724465958424,FALSE,FALSE
2005-05-23,East_Antarctica,2.043630484,0.11792871470434728,0.11792871470434728,0.31006724465958424,FALSE,FALSE
2005-05-24,East_Antarctica,2.097420258,0.15400788445902291,0.15400788445902291,0.31006724465958424,FALSE,FALSE
2005-05-25,East_Antarctica,2.116624984,0.15570251686544867,0.15570251686544867,0.31006724465958424,FALSE,FALSE
2005-05-26,East_Antarctica,2.090539974,0.11233328706357848,0.11233328706357848,0.31006724465958424,FALSE,FALSE
2005-05-27,East_Antarctica,2.09723109,0.10199142019336604,0.10199142019336604,0.31006724465958424,FALSE,FALSE
2005-05-28,East_Antarctica,2.093089701,0.08109364839476196,0.08109364839476196,0.31006724465958424,FALSE,FALSE
2005-05-29,East_Antarctica,2.099453084,0.0710026118077205,0.0710026118077205,0.31006724465958424,FALSE,FALSE
2005-05-30,East_Antarctica,2.106438186,0.06186062057219699,0.06186062057219699,0.31006724465958424,FALSE,FALSE
2005-05-31,East_Antarctica,2.151625064,0.09127309482813972,0.09127309482813972,0.31006724465958424,FALSE,FALSE
2005-06-01,East_Antarctica,2.226435738,0.15068741771550576,0.15068741771550576,0.31006724465958424,FALSE,FALSE
2005-06-02,East_Antarctica,2.286299905,0.1955462142873854,0.1955462142873854,0.31006724465958424,FALSE,FALSE
2005-06-03,East_Antarctica,2.324631235,0.21922091719354508,0.21922091719354508,0.31006724465958424,FALSE,FALSE
2005-06-04,East_Antarctica,2.329402796,0.20962706473658965,0.20962706473658965,0.31006724465958424,FALSE,FALSE
2005-06-05,East_Antarctica,2.316999907,0.1830924456526568,0.1830924456526568,0.31006724465958424,FALSE,FALSE
2005-06-06,East_Antarctica,2.352713693,0.20485065467788255,0.20485065467788255,0.31006724465958424,FALSE,FALSE
2005-06-07,East_Antarctica,2.358549277,0.19684928454840556,0.19684928454840556,0.31006724465958424,FALSE,FALSE
2005-06-08,East_Antarctica,2.334984351,0.1595084970003633,0.1595084970003633,0.31006724465958424,FALSE,FALSE
2005-06-09,East_Antarctica,2.328810798,0.139562644769891,0.139562644769891,0.31006724465958424,FALSE,FALSE
2005-06-10,East_Antarctica,2.344095935,0.14102151459313106,0.14102151459313106,0.31006724465958424,FALSE,FALSE
2005-06-11,East_Antarctica,2.33550634,0.11849415420621544,0.11849415420621544,0.31006724465958424,FALSE,FALSE
2005-06-12,East_Antarctica,2.328124072,0.09700509234528544,0.09700509234528544,0.31006724465958424,FALSE,FALSE
2005-06-13,East_Antarctica,2.328654855,0.08320252274647677,0.08320252274647677,0.31006724465958424,FALSE,FALSE
2005-06-14,East_Antarctica,2.320451061,0.06038241940976574,0.06038241940976574,0.31006724465958424,FALSE,FALSE
2005-06-15,East_Antarctica,2.306272317,0.03129792622096028,0.03129792622096028,0.31006724465958424,FALSE,FALSE
2005-06-16,East_Antarctica,2.301181638,0.01107405108220938,0.01107405108220938,0.31006724465958424,FALSE,FALSE
2005-06-17,East_Antarctica,2.288789756,-0.01661151990020526,0.01661151990020526,0.31006724465958424,FALSE,FALSE
2005-06-18,East_Antarctica,2.277833918,-0.04295458561998577,0.04295458561998577,0.31006724465958424,FALSE,FALSE
2005-06-19,East_Antarctica,2.268674927,-0.06752738897085075,0.06752738897085075,0.31006724465958424,FALSE,FALSE
2005-06-20,East_Antarctica,2.297723229,-0.05385252984651023,0.05385252984651023,0.31006724465958424,FALSE,FALSE
2005-06-21,East_Antarctica,2.375232851,0.00839097285932632,0.00839097285932632,0.31006724465958424,FALSE,FALSE
2005-06-22,East_Antarctica,2.414177846,0.03224412625294448,0.03224412625294448,0.31006724465958424,FALSE,FALSE
2005-06-23,East_Antarctica,2.411273632,0.01448930244063451,0.01448930244063451,0.31006724465958424,FALSE,FALSE
2005-06-24,East_Antarctica,2.396987666,-0.01433908747131518,0.01433908747131518,0.31006724465958424,FALSE,FALSE
2005-06-25,East_Antarctica,2.392851664,-0.03264237337661857,0.03264237337661857,0.31006724465958424,FALSE,FALSE
2005-06-26,East_Antarctica,2.383094958,-0.05612426916898272,0.05612426916898272,0.31006724465958424,FALSE,FALSE
2005-06-27,East_Antarctica,2.392202429,-0.0602424594993538,0.0602424594993538,0.31006724465958424,FALSE,FALSE
2005-06-28,East_Antarctica,2.40406765,-0.06111787311464134,0.06111787311464134,0.31006724465958424,FALSE,FALSE
2005-06-29,East_Antarctica,2.437347755,-0.04014074819169444,0.04014074819169444,0.31006724465958424,FALSE,FALSE
2005-06-30,East_Antarctica,2.506349333,0.0169479630889846,0.0169479630889846,0.31006724465958424,FALSE,FALSE
2005-07-01,East_Antarctica,2.594777085,0.09380542054688634,0.09380542054688634,0.31006724465958424,FALSE,FALSE
2005-07-02,East_Antarctica,2.6511392,0.13889227200150067,0.13889227200150067,0.31006724465958424,FALSE,FALSE
2005-07-03,East_Antarctica,2.675452312,0.15217761027232468,0.15217761027232468,0.31006724465958424,FALSE,FALSE
2005-07-04,East_Antarctica,2.635417965,0.10131543817884792,0.10131543817884792,0.31006724465958424,FALSE,FALSE
2005-07-05,East_Antarctica,2.643746235,0.09896829054056556,0.09896829054056556,0.31006724465958424,FALSE,FALSE
2005-07-06,East_Antarctica,2.656852646,0.101504150176968,0.101504150176968,0.31006724465958424,FALSE,FALSE
2005-07-07,East_Antarctica,2.637335082,0.07147335990754966,0.07147335990754966,0.31006724465958424,FALSE,FALSE
2005-07-08,East_Antarctica,2.605868556,0.02950339155180392,0.02950339155180392,0.31006724465958424,FALSE,FALSE
2005-07-09,East_Antarctica,2.617968095,0.03106178837337347,0.03106178837337347,0.31006724465958424,FALSE,FALSE
2005-07-10,East_Antarctica,2.666362542,0.06884108225747365,0.06884108225747365,0.31006724465958424,FALSE,FALSE
2005-07-11,East_Antarctica,2.741226176,0.13300369208614748,0.13300369208614748,0.31006724465958424,FALSE,FALSE
2005-07-12,East_Antarctica,2.758478377,0.1394603734960338,0.1394603734960338,0.31006724465958424,FALSE,FALSE
2005-07-13,East_Antarctica,2.748651309,0.11873466612377204,0.11873466612377204,0.31006724465958424,FALSE,FALSE
2005-07-14,East_Antarctica,2.75293866,0.11201163360600708,0.11201163360600708,0.31006724465958424,FALSE,FALSE
2005-07-15,East_Antarctica,2.745503928,0.09344614957937968,0.09344614957937968,0.31006724465958424,FALSE,FALSE
2005-07-16,East_Antarctica,2.763327355,0.100009831680532,0.100009831680532,0.31006724465958424,FALSE,FALSE
2005-07-17,East_Antarctica,2.833821688,0.15910680254610376,0.15910680254610376,0.31006724465958424,FALSE,FALSE
2005-07-18,East_Antarctica,2.873157013,0.18689852381273964,0.18689852381273964,0.31006724465958424,FALSE,FALSE
2005-07-19,East_Antarctica,2.900711932,0.20275497311707813,0.20275497311707813,0.31006724465958424,FALSE,FALSE
2005-07-20,East_Antarctica,2.917164751,0.20734583209576352,0.20734583209576352,0.31006724465958424,FALSE,FALSE
2005-07-21,East_Antarctica,2.940133203,0.2182802093854357,0.2182802093854357,0.31006724465958424,FALSE,FALSE
2005-07-22,East_Antarctica,2.947129499,0.21306424821397396,0.21306424821397396,0.31006724465958424,FALSE,FALSE
2005-07-23,East_Antarctica,3.010809142,0.2643826706425063,0.2643826706425063,0.31006724465958424,FALSE,FALSE
2005-07-24,East_Antarctica,3.093228335,0.3343466207053032,0.3343466207053032,0.31006724465958424,TRUE,TRUE
2005-07-25,East_Antarctica,3.155709897,0.3843344419110757,0.3843344419110757,0.31006724465958424,TRUE,TRUE
2005-07-26,East_Antarctica,3.168850061,0.38499789176853527,0.38499789176853527,0.31006724465958424,TRUE,TRUE
2005-07-27,East_Antarctica,3.189317665,0.3930613327863881,0.3930613327863881,0.31006724465958424,TRUE,TRUE
2005-07-28,East_Antarctica,3.203617275,0.3950848554733466,0.3950848554733466,0.31006724465958424,TRUE,TRUE
2005-07-29,East_Antarctica,3.210554228,0.38992932133812275,0.38992932133812275,0.31006724465958424,TRUE,TRUE
2005-07-30,East_Antarctica,3.160947007,0.32846873788942377,0.32846873788942377,0.31006724465958424,TRUE,TRUE
2005-07-31,East_Antarctica,3.119200692,0.2751637096359616,0.2751637096359616,0.31006724465958424,FALSE,FALSE
2005-08-01,East_Antarctica,3.103762231,0.24851670908644685,0.24851670908644685,0.31006724465958424,FALSE,FALSE
2005-08-02,East_Antarctica,3.073398514,0.20735015074958563,0.20735015074958563,0.31006724465958424,FALSE,FALSE
2005-08-03,East_Antarctica,3.0860603,0.20967031740093175,0.20967031740093175,0.31006724465958424,FALSE,FALSE
2005-08-04,East_Antarctica,3.146675431,0.26044078238220836,0.26044078238220836,0.31006724465958424,FALSE,FALSE
2005-08-05,East_Antarctica,3.194880726,0.299262697080938,0.299262697080938,0.31006724465958424,FALSE,FALSE
2005-08-06,East_Antarctica,3.245845596,0.3412537105185387,0.3412537105185387,0.31006724465958424,TRUE,FALSE
2005-08-07,East_Antarctica,3.23810644,0.3248984597164295,0.3248984597164295,0.31006724465958424,TRUE,FALSE
2005-08-08,East_Antarctica,3.152079132,0.2305610566960308,0.2305610566960308,0.31006724465958424,FALSE,FALSE
2005-08-09,East_Antarctica,3.141040087,0.2114661544787624,0.2114661544787624,0.31006724465958424,FALSE,FALSE
2005-08-10,East_Antarctica,3.153416158,0.21598884408604269,0.21598884408604269,0.31006724465958424,FALSE,FALSE
2005-08-11,East_Antarctica,3.138281074,0.1931510925392912,0.1931510925392912,0.31006724465958424,FALSE,FALSE
2005-08-12,East_Antarctica,3.113365588,0.16063189085992802,0.16063189085992802,0.31006724465958424,FALSE,FALSE
2005-08-13,East_Antarctica,3.133355065,0.17306484206937123,0.17306484206937123,0.31006724465958424,FALSE,FALSE
2005-08-14,East_Antarctica,3.204321116,0.2364697951890435,0.2364697951890435,0.31006724465958424,FALSE,FALSE
2005-08-15,East_Antarctica,3.264423477,0.28895472424036184,0.28895472424036184,0.31006724465958424,FALSE,FALSE
2005-08-16,East_Antarctica,3.246348558,0.26315580954047224,0.26315580954047224,0.31006724465958424,FALSE,FALSE
2005-08-17,East_Antarctica,3.198231228,0.20720323383431305,0.20720323383431305,0.31006724465958424,FALSE,FALSE
2005-08-18,East_Antarctica,3.237929935,0.23900288691180904,0.23900288691180904,0.31006724465958424,FALSE,FALSE
2005-08-19,East_Antarctica,3.28236055,0.275520938314485,0.275520938314485,0.31006724465958424,FALSE,FALSE
2005-08-20,East_Antarctica,3.299524649,0.2848092625838756,0.2848092625838756,0.31006724465958424,FALSE,FALSE
2005-08-21,East_Antarctica,3.314698196,0.29219412226151054,0.29219412226151054,0.31006724465958424,FALSE,FALSE
2005-08-22,East_Antarctica,3.370167916,0.34001254088891963,0.34001254088891963,0.31006724465958424,TRUE,TRUE
2005-08-23,East_Antarctica,3.448060323,0.410441331007632,0.410441331007632,0.31006724465958424,TRUE,TRUE
2005-08-24,East_Antarctica,3.470943127,0.42609850115918135,0.42609850115918135,0.31006724465958424,TRUE,TRUE
2005-08-25,East_Antarctica,3.471901194,0.42011921588509704,0.42011921588509704,0.31006724465958424,TRUE,TRUE
2005-08-26,East_Antarctica,3.513017853,0.4546371027269091,0.4546371027269091,0.31006724465958424,TRUE,TRUE
2005-08-27,East_Antarctica,3.547919104,0.4833284602261485,0.4833284602261485,0.31006724465958424,TRUE,TRUE
2005-08-28,East_Antarctica,3.548576907,0.4782155469243481,0.4782155469243481,0.31006724465958424,TRUE,TRUE
2005-08-29,East_Antarctica,3.488281729,0.4126301367380649,0.4126301367380649,0.31006724465958424,TRUE,TRUE
2005-08-30,East_Antarctica,3.461556942,0.3810822602207624,0.3810822602207624,0.31006724465958424,TRUE,TRUE
2005-08-31,East_Antarctica,3.482833942,0.3979694387949873,0.3979694387949873,0.31006724465958424,TRUE,TRUE
2005-09-01,East_Antarctica,3.462775206,0.37392023805358976,0.37392023805358976,0.31006724465958424,TRUE,TRUE
2005-09-02,East_Antarctica,3.451262397,0.35878240958942254,0.35878240958942254,0.31006724465958424,TRUE,TRUE
2005-09-03,East_Antarctica,3.470208141,0.37443466799533454,0.37443466799533454,0.31006724465958424,TRUE,TRUE
2005-09-04,East_Antarctica,3.470979153,0.3722098168641814,0.3722098168641814,0.31006724465958424,TRUE,TRUE
2005-09-05,East_Antarctica,3.482260732,0.38075924378881254,0.38075924378881254,0.31006724465958424,TRUE,TRUE
2005-09-06,East_Antarctica,3.531589076,0.42758523536207926,0.42758523536207926,0.31006724465958424,TRUE,TRUE
2005-09-07,East_Antarctica,3.538834101,0.4325237961768345,0.4325237961768345,0.31006724465958424,TRUE,TRUE
2005-09-08,East_Antarctica,3.501911539,0.3934567468259256,0.3934567468259256,0.31006724465958424,TRUE,TRUE
2005-09-09,East_Antarctica,3.489734847,0.37926363290221143,0.37926363290221143,0.31006724465958424,TRUE,TRUE
2005-09-10,East_Antarctica,3.507880967,0.3954875368064754,0.3954875368064754,0.31006724465958424,TRUE,TRUE
2005-09-11,East_Antarctica,3.510196499,0.39594611715217987,0.39594611715217987,0.31006724465958424,TRUE,TRUE
2005-09-12,East_Antarctica,3.476864698,0.36080258759008954,0.36080258759008954,0.31006724465958424,TRUE,TRUE
2005-09-13,East_Antarctica,3.446909839,0.3290621188673093,0.3290621188673093,0.31006724465958424,TRUE,TRUE
2005-09-14,East_Antarctica,3.455368444,0.33574212873094567,0.33574212873094567,0.31006724465958424,TRUE,TRUE
2005-09-15,East_Antarctica,3.487374912,0.3659579119280996,0.3659579119280996,0.31006724465958424,TRUE,TRUE
2005-09-16,East_Antarctica,3.474647835,0.3514089562058782,0.3514089562058782,0.31006724465958424,TRUE,TRUE
2005-09-17,East_Antarctica,3.451091001,0.32597994531138497,0.32597994531138497,0.31006724465958424,TRUE,TRUE
2005-09-18,East_Antarctica,3.405871009,0.2788183739917245,0.2788183739917245,0.31006724465958424,FALSE,FALSE
2005-09-19,East_Antarctica,3.339890645,0.21080792399400128,0.21080792399400128,0.31006724465958424,FALSE,FALSE
2005-09-20,East_Antarctica,3.309546651,0.17832623306532058,0.17832623306532058,0.31006724465958424,FALSE,FALSE
2005-09-21,East_Antarctica,3.282230567,0.14874573695278537,0.14874573695278537,0.31006724465958424,FALSE,FALSE
2005-09-22,East_Antarctica,3.251310294,0.11541523240350048,0.11541523240350048,0.31006724465958424,FALSE,FALSE
2005-09-23,East_Antarctica,3.263120168,0.12465603812016336,0.12465603812016336,0.31006724465958424,FALSE,FALSE
2005-09-24,East_Antarctica,3.301017659,0.15987777451289498,0.15987777451289498,0.31006724465958424,FALSE,FALSE
2005-09-25,East_Antarctica,3.337900301,0.1940696577249028,0.1940696577249028,0.31006724465958424,FALSE,FALSE
2005-09-26,East_Antarctica,3.348974163,0.20252999357322657,0.20252999357322657,0.31006724465958424,FALSE,FALSE
2005-09-27,East_Antarctica,3.393874345,0.24498611887489963,0.24498611887489963,0.31006724465958424,FALSE,FALSE
2005-09-28,East_Antarctica,3.3620957909999998,0.21102521444696132,0.21102521444696132,0.31006724465958424,FALSE,FALSE
2005-09-29,East_Antarctica,3.300023056,0.1471240721064473,0.1471240721064473,0.31006724465958424,FALSE,FALSE
2005-09-30,East_Antarctica,3.256251712,0.10197050067039416,0.10197050067039416,0.31006724465958424,FALSE,FALSE
2005-10-01,East_Antarctica,3.247508243,0.09238322095583797,0.09238322095583797,0.31006724465958424,FALSE,FALSE
2005-10-02,East_Antarctica,3.249478256,0.0941400767798175,0.0941400767798175,0.31006724465958424,FALSE,FALSE
2005-10-03,East_Antarctica,3.242839436,0.08801098995936973,0.08801098995936973,0.31006724465958424,FALSE,FALSE
2005-10-04,East_Antarctica,3.247957491,0.0944539053115272,0.0944539053115272,0.31006724465958424,FALSE,FALSE
2005-10-05,East_Antarctica,3.236803934,0.08553254489254147,0.08553254489254147,0.31006724465958424,FALSE,FALSE
2005-10-06,East_Antarctica,3.238072404,0.08999917648570666,0.08999917648570666,0.31006724465958424,FALSE,FALSE
2005-10-07,East_Antarctica,3.19037037,0.04642111984606956,0.04642111984606956,0.31006724465958424,FALSE,FALSE
2005-10-08,East_Antarctica,3.153792456,0.01483477848319392,0.01483477848319392,0.31006724465958424,FALSE,FALSE
2005-10-09,East_Antarctica,3.12763781,-0.00551892009335786,0.00551892009335786,0.31006724465958424,FALSE,FALSE
2005-10-10,East_Antarctica,3.100255699,-0.02634892937401778,0.02634892937401778,0.31006724465958424,FALSE,FALSE
2005-10-11,East_Antarctica,3.100871037,-0.01848855584922137,0.01848855584922137,0.31006724465958424,FALSE,FALSE
2005-10-12,East_Antarctica,3.123277219,0.01179737499059019,0.01179737499059019,0.31006724465958424,FALSE,FALSE
2005-10-13,East_Antarctica,3.124421981,0.02139837865498473,0.02139837865498473,0.31006724465958424,FALSE,FALSE
2005-10-14,East_Antarctica,3.090696013,-0.00335307534647189,0.00335307534647189,0.31006724465958424,FALSE,FALSE
2005-10-15,East_Antarctica,3.046573222,-0.03804130050421772,0.03804130050421772,0.31006724465958424,FALSE,FALSE
2005-10-16,East_Antarctica,2.992284467,-0.08249365830868438,0.08249365830868438,0.31006724465958424,FALSE,FALSE
2005-10-17,East_Antarctica,2.951007622,-0.11359049525031484,0.11359049525031484,0.31006724465958424,FALSE,FALSE
2005-10-18,East_Antarctica,2.920735721,-0.1333936979750816,0.1333936979750816,0.31006724465958424,FALSE,FALSE
2005-10-19,East_Antarctica,2.894096761,-0.14926010241045162,0.14926010241045162,0.31006724465958424,FALSE,FALSE
2005-10-20,East_Antarctica,2.861975804,-0.17022247455339867,0.17022247455339867,0.31006724465958424,FALSE,FALSE
2005-10-21,East_Antarctica,2.882776503,-0.1377923065051312,0.1377923065051312,0.31006724465958424,FALSE,FALSE
2005-10-22,East_Antarctica,2.869738358,-0.13864524336686568,0.13864524336686568,0.31006724465958424,FALSE,FALSE
2005-10-23,East_Antarctica,2.835602136,-0.15995566323980848,0.15995566323980848,0.31006724465958424,FALSE,FALSE
2005-10-24,East_Antarctica,2.852881701,-0.12912484722517492,0.12912484722517492,0.31006724465958424,FALSE,FALSE
2005-10-25,East_Antarctica,2.888858706,-0.07878628742417604,0.07878628742417604,0.31006724465958424,FALSE,FALSE
2005-10-26,East_Antarctica,2.880255269,-0.07213301093802249,0.07213301093802249,0.31006724465958424,FALSE,FALSE
2005-10-27,East_Antarctica,2.912982714,-0.02316883886792808,0.02316883886792808,0.31006724465958424,FALSE,FALSE
2005-10-28,East_Antarctica,2.921913004,0.00306304668489554,0.00306304668489554,0.31006724465958424,FALSE,FALSE
2005-10-29,East_Antarctica,2.894175165,-0.00622347338076245,0.00622347338076245,0.31006724465958424,FALSE,FALSE
2005-10-30,East_Antarctica,2.834274559,-0.04643818216611528,0.04643818216611528,0.31006724465958424,FALSE,FALSE
2005-10-31,East_Antarctica,2.843320264,-0.01639955741974974,0.01639955741974974,0.31006724465958424,FALSE,FALSE
2005-11-01,East_Antarctica,2.833087827,-0.00432069579150962,0.00432069579150962,0.31006724465958424,FALSE,FALSE
2005-11-02,East_Antarctica,2.821252671,0.00746641823930627,0.00746641823930627,0.31006724465958424,FALSE,FALSE
2005-11-03,East_Antarctica,2.807140885,0.01828046114918313,0.01828046114918313,0.31006724465958424,FALSE,FALSE
2005-11-04,East_Antarctica,2.757652915,-0.00498553358538922,0.00498553358538922,0.31006724465958424,FALSE,FALSE
2005-11-05,East_Antarctica,2.698178788,-0.0369489514879211,0.0369489514879211,0.31006724465958424,FALSE,FALSE
2005-11-06,East_Antarctica,2.686660205,-0.01967550408192853,0.01967550408192853,0.31006724465958424,FALSE,FALSE
2005-11-07,East_Antarctica,2.651195124,-0.02507464589091856,0.02507464589091856,0.31006724465958424,FALSE,FALSE
2005-11-08,East_Antarctica,2.603261188,-0.04167614643840656,0.04167614643840656,0.31006724465958424,FALSE,FALSE
2005-11-09,East_Antarctica,2.562177636,-0.05016817924790295,0.05016817924790295,0.31006724465958424,FALSE,FALSE
2005-11-10,East_Antarctica,2.551839054,-0.02666357084291792,0.02666357084291792,0.31006724465958424,FALSE,FALSE
2005-11-11,East_Antarctica,2.526825327,-0.01658984874696623,0.01658984874696623,0.31006724465958424,FALSE,FALSE
2005-11-12,East_Antarctica,2.49188492,-0.01520686804826354,0.01520686804826354,0.31006724465958424,FALSE,FALSE
2005-11-13,East_Antarctica,2.434947784,-0.03464320340706761,0.03464320340706761,0.31006724465958424,FALSE,FALSE
2005-11-14,East_Antarctica,2.376055117,-0.0549916519344289,0.0549916519344289,0.31006724465958424,FALSE,FALSE
2005-11-15,East_Antarctica,2.345181249,-0.0464181037277207,0.0464181037277207,0.31006724465958424,FALSE,FALSE
2005-11-16,East_Antarctica,2.317670494,-0.03371846488431895,0.03371846488431895,0.31006724465958424,FALSE,FALSE
2005-11-17,East_Antarctica,2.287968037,-0.02258777050159777,0.02258777050159777,0.31006724465958424,FALSE,FALSE
2005-11-18,East_Antarctica,2.255315907,-0.0139242116769358,0.0139242116769358,0.31006724465958424,FALSE,FALSE
2005-11-19,East_Antarctica,2.216950858,-0.01063125450770652,0.01063125450770652,0.31006724465958424,FALSE,FALSE
2005-11-20,East_Antarctica,2.135773411,-0.04994859809128416,0.04994859809128416,0.31006724465958424,FALSE,FALSE
2005-11-21,East_Antarctica,2.042277805,-0.1015222235250448,0.1015222235250448,0.31006724465958424,FALSE,FALSE
2005-11-22,East_Antarctica,1.987611478,-0.11434491290636362,0.11434491290636362,0.31006724465958424,FALSE,FALSE
2005-11-23,East_Antarctica,1.958882432,-0.101448884332618,0.101448884332618,0.31006724465958424,FALSE,FALSE
2005-11-24,East_Antarctica,1.90903271,-0.1100323149011806,0.1100323149011806,0.31006724465958424,FALSE,FALSE
2005-11-25,East_Antarctica,1.843965384,-0.13432386506566218,0.13432386506566218,0.31006724465958424,FALSE,FALSE
2005-11-26,East_Antarctica,1.816166374,-0.12189756021076924,0.12189756021076924,0.31006724465958424,FALSE,FALSE
2005-11-27,East_Antarctica,1.760356939,-0.13805599032186033,0.13805599032186033,0.31006724465958424,FALSE,FALSE
2005-11-28,East_Antarctica,1.723016877,-0.13634293297503275,0.13634293297503275,0.31006724465958424,FALSE,FALSE
2005-11-29,East_Antarctica,1.660065555,-0.1608625967463888,0.1608625967463888,0.31006724465958424,FALSE,FALSE
2005-11-30,East_Antarctica,1.631418461,-0.15172306921202416,0.15172306921202416,0.31006724465958424,FALSE,FALSE
2005-12-01,East_Antarctica,1.579204445,-0.1668190759480399,0.1668190759480399,0.31006724465958424,FALSE,FALSE
2005-12-02,East_Antarctica,1.543537312,-0.16606038753053332,0.16606038753053332,0.31006724465958424,FALSE,FALSE
2005-12-03,East_Antarctica,1.504830157,-0.1690574845356052,0.1690574845356052,0.31006724465958424,FALSE,FALSE
2005-12-04,East_Antarctica,1.429364136,-0.20955278653935405,0.20955278653935405,0.31006724465958424,FALSE,FALSE
2005-12-05,East_Antarctica,1.367304592,-0.23740452611787788,0.23740452611787788,0.31006724465958424,FALSE,FALSE
2005-12-06,East_Antarctica,1.337359878,-0.23392792584727728,0.23392792584727728,0.31006724465958424,FALSE,FALSE
2005-12-07,East_Antarctica,1.302590509,-0.2360860223177963,0.2360860223177963,0.31006724465958424,FALSE,FALSE
2005-12-08,East_Antarctica,1.271983153,-0.2349082531430371,0.2349082531430371,0.31006724465958424,FALSE,FALSE
2005-12-09,East_Antarctica,1.234141957,-0.24178861997494883,0.24178861997494883,0.31006724465958424,FALSE,FALSE
2005-12-10,East_Antarctica,1.219508473,-0.22628106682190396,0.22628106682190396,0.31006724465958424,FALSE,FALSE
2005-12-11,East_Antarctica,1.175018995,-0.24144479569228297,0.24144479569228297,0.31006724465958424,FALSE,FALSE
2005-12-12,East_Antarctica,1.137191137,-0.25075768859446224,0.25075768859446224,0.31006724465958424,FALSE,FALSE
2005-12-13,East_Antarctica,1.108456559,-0.25178358153681657,0.25178358153681657,0.31006724465958424,FALSE,FALSE
2005-12-14,East_Antarctica,1.076716734,-0.256616497527723,0.256616497527723,0.31006724465958424,FALSE,FALSE
2005-12-15,East_Antarctica,1.077865291,-0.22935830357555775,0.22935830357555775,0.31006724465958424,FALSE,FALSE
2005-12-16,East_Antarctica,1.057409123,-0.22449760268869776,0.22449760268869776,0.31006724465958424,FALSE,FALSE
2005-12-17,East_Antarctica,1.043003794,-0.21437432687551916,0.21437432687551916,0.31006724465958424,FALSE,FALSE
2005-12-18,East_Antarctica,1.029842876,-0.2037904001444004,0.2037904001444004,0.31006724465958424,FALSE,FALSE
2005-12-19,East_Antarctica,1.028087279,-0.18258040850371504,0.18258040850371504,0.31006724465958424,FALSE,FALSE
2005-12-20,East_Antarctica,1.009379829,-0.1790962154783342,0.1790962154783342,0.31006724465958424,FALSE,FALSE
2005-12-21,East_Antarctica,1.008835353,-0.15820493153435855,0.15820493153435855,0.31006724465958424,FALSE,FALSE
2005-12-22,East_Antarctica,0.986449288,-0.1598828781768118,0.1598828781768118,0.31006724465958424,FALSE,FALSE
2005-12-23,East_Antarctica,0.976291566,-0.15003159825439782,0.15003159825439782,0.31006724465958424,FALSE,FALSE
2005-12-24,East_Antarctica,0.956378686,-0.1506060676158193,0.1506060676158193,0.31006724465958424,FALSE,FALSE
2005-12-25,East_Antarctica,0.924863854,-0.1634245551097806,0.1634245551097806,0.31006724465958424,FALSE,FALSE
2005-12-26,East_Antarctica,0.913986583,-0.15621902258498577,0.15621902258498577,0.31006724465958424,FALSE,FALSE
2005-12-27,East_Antarctica,0.909730135,-0.14297768289013946,0.14297768289013946,0.31006724465958424,FALSE,FALSE
2005-12-28,East_Antarctica,0.904160923,-0.13160559787394466,0.13160559787394466,0.31006724465958424,FALSE,FALSE
2005-12-29,East_Antarctica,0.915572263,-0.1037809263851035,0.1037809263851035,0.31006724465958424,FALSE,FALSE
2005-12-30,East_Antarctica,0.928653538,-0.07478576027232153,0.07478576027232153,0.31006724465958424,FALSE,FALSE
2005-12-31,East_Antarctica,0.930404472,-0.05759185038430459,0.05759185038430459,0.31006724465958424,FALSE,FALSE
2006-01-01,East_Antarctica,0.926887094,-0.046108642569754,0.046108642569754,0.31006724465958424,FALSE,FALSE
2006-01-02,East_Antarctica,0.915531343,-0.04287877565614784,0.04287877565614784,0.31006724465958424,FALSE,FALSE
2006-01-03,East_Antarctica,0.907728396,-0.03648806238607127,0.03648806238607127,0.31006724465958424,FALSE,FALSE
2006-01-04,East_Antarctica,0.890326684,-0.04006616448087874,0.04006616448087874,0.31006724465958424,FALSE,FALSE
2006-01-05,East_Antarctica,0.872917976,-0.04399940566192373,0.04399940566192373,0.31006724465958424,FALSE,FALSE
2006-01-06,East_Antarctica,0.87292226,-0.03084589065056886,0.03084589065056886,0.31006724465958424,FALSE,FALSE
2006-01-07,East_Antarctica,0.883291428,-0.00763182016816677,0.00763182016816677,0.31006724465958424,FALSE,FALSE
2006-01-08,East_Antarctica,0.891724865,0.01336409806392535,0.01336409806392535,0.31006724465958424,FALSE,FALSE
2006-01-09,East_Antarctica,0.8711625,0.00510370032434881,0.00510370032434881,0.31006724465958424,FALSE,FALSE
2006-01-10,East_Antarctica,0.853690715,-3.0472410824966545e-4,3.0472410824966545e-4,0.31006724465958424,FALSE,FALSE
2006-01-11,East_Antarctica,0.844655191,0.00250641304477028,0.00250641304477028,0.31006724465958424,FALSE,FALSE
2006-01-12,East_Antarctica,0.829540539,-9.563699379464552e-4,9.563699379464552e-4,0.31006724465958424,FALSE,FALSE
2006-01-13,East_Antarctica,0.830776939,0.01175901422224301,0.01175901422224301,0.31006724465958424,FALSE,FALSE
2006-01-14,East_Antarctica,0.840432392,0.03274213897255529,0.03274213897255529,0.31006724465958424,FALSE,FALSE
2006-01-15,East_Antarctica,0.838520894,0.04201655738867405,0.04201655738867405,0.31006724465958424,FALSE,FALSE
2006-01-16,East_Antarctica,0.827516241,0.04205056985841737,0.04205056985841737,0.31006724465958424,FALSE,FALSE
2006-01-17,East_Antarctica,0.816548368,0.04196766378649741,0.04196766378649741,0.31006724465958424,FALSE,FALSE
2006-01-18,East_Antarctica,0.810599196,0.0467433125776282,0.0467433125776282,0.31006724465958424,FALSE,FALSE
2006-01-19,East_Antarctica,0.814209402,0.06091174563652213,0.06091174563652213,0.31006724465958424,FALSE,FALSE
2006-01-20,East_Antarctica,0.806386223,0.06347375236789143,0.06347375236789143,0.31006724465958424,FALSE,FALSE
2006-01-21,East_Antarctica,0.782722595,0.05001582117644954,0.05001582117644954,0.31006724465958424,FALSE,FALSE
2006-01-22,East_Antarctica,0.775400061,0.05271304746690974,0.05271304746690974,0.31006724465958424,FALSE,FALSE
2006-01-23,East_Antarctica,0.769282788,0.05642315064398384,0.05642315064398384,0.31006724465958424,FALSE,FALSE
2006-01-24,East_Antarctica,0.754679761,0.05144866811238513,0.05144866811238513,0.31006724465958424,FALSE,FALSE
2006-01-25,East_Antarctica,0.734256522,0.04044869427682662,0.04044869427682662,0.31006724465958424,FALSE,FALSE
2006-01-26,East_Antarctica,0.739106175,0.05450988554202152,0.05450988554202152,0.31006724465958424,FALSE,FALSE
2006-01-27,East_Antarctica,0.735022967,0.05942086019855275,0.05942086019855275,0.31006724465958424,FALSE,FALSE
2006-01-28,East_Antarctica,0.735442175,0.06861680995126851,0.06861680995126851,0.31006724465958424,FALSE,FALSE
2006-01-29,East_Antarctica,0.719062641,0.06079879011955302,0.06079879011955302,0.31006724465958424,FALSE,FALSE
2006-01-30,East_Antarctica,0.703311982,0.05339663842735565,0.05339663842735565,0.31006724465958424,FALSE,FALSE
2006-01-31,East_Antarctica,0.681470387,0.03969276459862747,0.03969276459862747,0.31006724465958424,FALSE,FALSE
2006-02-01,East_Antarctica,0.655575525,0.02172705835732025,0.02172705835732025,0.31006724465958424,FALSE,FALSE
2006-02-02,East_Antarctica,0.636826634,0.01070097842738337,0.01070097842738337,0.31006724465958424,FALSE,FALSE
2006-02-03,East_Antarctica,0.639894721,0.02128775253276949,0.02128775253276949,0.31006724465958424,FALSE,FALSE
2006-02-04,East_Antarctica,0.653827888,0.04253770339742824,0.04253770339742824,0.31006724465958424,FALSE,FALSE
2006-02-05,East_Antarctica,0.642838348,0.03866526474531029,0.03866526474531029,0.31006724465958424,FALSE,FALSE
2006-02-06,East_Antarctica,0.609949288,0.01269584430036685,0.01269584430036685,0.31006724465958424,FALSE,FALSE
2006-02-07,East_Antarctica,0.585586209,-0.00494283621345104,0.00494283621345104,0.31006724465958424,FALSE,FALSE
2006-02-08,East_Antarctica,0.590419167,0.00642136068083976,0.00642136068083976,0.31006724465958424,FALSE,FALSE
2006-02-09,East_Antarctica,0.583291507,0.00561547761276226,0.00561547761276226,0.31006724465958424,FALSE,FALSE
2006-02-10,East_Antarctica,0.585690436,0.01407385815454775,0.01407385815454775,0.31006724465958424,FALSE,FALSE
2006-02-11,East_Antarctica,0.582627408,0.0167507701329157,0.0167507701329157,0.31006724465958424,FALSE,FALSE
2006-02-12,East_Antarctica,0.574810122,0.01429672637458612,0.01429672637458612,0.31006724465958424,FALSE,FALSE
2006-02-13,East_Antarctica,0.569920185,0.01433614770627744,0.01433614770627744,0.31006724465958424,FALSE,FALSE
2006-02-14,East_Antarctica,0.554489322,0.00334357295471066,0.00334357295471066,0.31006724465958424,FALSE,FALSE
2006-02-15,East_Antarctica,0.558801009,0.01154529194660436,0.01154529194660436,0.31006724465958424,FALSE,FALSE
2006-02-16,East_Antarctica,0.561325938,0.01735481050867715,0.01735481050867715,0.31006724465958424,FALSE,FALSE
2006-02-17,East_Antarctica,0.557721476,0.01637230946765,0.01637230946765,0.31006724465958424,FALSE,FALSE
2006-02-18,East_Antarctica,0.527819569,-0.01162745134975851,0.01162745134975851,0.31006724465958424,FALSE,FALSE
2006-02-19,East_Antarctica,0.526660371,-0.01166150411682787,0.01166150411682787,0.31006724465958424,FALSE,FALSE
2006-02-20,East_Antarctica,0.53462874,-0.00340217700683942,0.00340217700683942,0.31006724465958424,FALSE,FALSE
2006-02-21,East_Antarctica,0.531469055,-0.00715920150458471,0.00715920150458471,0.31006724465958424,FALSE,FALSE
2006-02-22,East_Antarctica,0.538610768,-0.00151994757582674,0.00151994757582674,0.31006724465958424,FALSE,FALSE
2006-02-23,East_Antarctica,0.55572198,0.01319166976374297,0.01319166976374297,0.31006724465958424,FALSE,FALSE
2006-02-24,East_Antarctica,0.569351662,0.02353305391489024,0.02353305391489024,0.31006724465958424,FALSE,FALSE
2006-02-25,East_Antarctica,0.567544655,0.01755747827838116,0.01755747827838116,0.31006724465958424,FALSE,FALSE
2006-02-26,East_Antarctica,0.589569501,0.03454191725498357,0.03454191725498357,0.31006724465958424,FALSE,FALSE
2006-02-27,East_Antarctica,0.613386507,0.05245511024546168,0.05245511024546168,0.31006724465958424,FALSE,FALSE
2006-02-28,East_Antarctica,0.620352379,0.05266219565058328,0.05266219565058328,0.31006724465958424,FALSE,FALSE
2006-03-01,East_Antarctica,0.591166874,0.0158713628711149,0.0158713628711149,0.31006724465958424,FALSE,FALSE
2006-03-02,East_Antarctica,0.575587718,-0.00815122969217785,0.00815122969217785,0.31006724465958424,FALSE,FALSE
2006-03-03,East_Antarctica,0.608262157,0.01525009636147245,0.01525009636147245,0.31006724465958424,FALSE,FALSE
2006-03-04,East_Antarctica,0.633225105,0.03011868743283086,0.03011868743283086,0.31006724465958424,FALSE,FALSE
2006-03-05,East_Antarctica,0.635605925,0.02159234306543267,0.02159234306543267,0.31006724465958424,FALSE,FALSE
2006-03-06,East_Antarctica,0.6502996,0.02458989338330397,0.02458989338330397,0.31006724465958424,FALSE,FALSE
2006-03-07,East_Antarctica,0.672867926,0.03474715250681659,0.03474715250681659,0.31006724465958424,FALSE,FALSE
2006-03-08,East_Antarctica,0.683873319,0.0327107473200724,0.0327107473200724,0.31006724465958424,FALSE,FALSE
2006-03-09,East_Antarctica,0.69295469,0.02820379970717124,0.02820379970717124,0.31006724465958424,FALSE,FALSE
2006-03-10,East_Antarctica,0.688000141,0.0091986225522147,0.0091986225522147,0.31006724465958424,FALSE,FALSE
2006-03-11,East_Antarctica,0.714004191,0.02077394573930469,0.02077394573930469,0.31006724465958424,FALSE,FALSE
2006-03-12,East_Antarctica,0.729275775,0.02132291515254247,0.02132291515254247,0.31006724465958424,FALSE,FALSE
2006-03-13,East_Antarctica,0.721324067,-0.00156108432397295,0.00156108432397295,0.31006724465958424,FALSE,FALSE
2006-03-14,East_Antarctica,0.72861714,-0.00932576880613855,0.00932576880613855,0.31006724465958424,FALSE,FALSE
2006-03-15,East_Antarctica,0.723713987,-0.02932793440985426,0.02932793440985426,0.31006724465958424,FALSE,FALSE
2006-03-16,East_Antarctica,0.732187854,-0.03591012425101925,0.03591012425101925,0.31006724465958424,FALSE,FALSE
2006-03-17,East_Antarctica,0.748633223,-0.03439364544553014,0.03439364544553014,0.31006724465958424,FALSE,FALSE
2006-03-18,East_Antarctica,0.746943552,-0.05080327960892772,0.05080327960892772,0.31006724465958424,FALSE,FALSE
2006-03-19,East_Antarctica,0.763379744,-0.04885756422803955,0.04885756422803955,0.31006724465958424,FALSE,FALSE
2006-03-20,East_Antarctica,0.795417519,-0.03112423641366424,0.03112423641366424,0.31006724465958424,FALSE,FALSE
2006-03-21,East_Antarctica,0.814185667,-0.02652097728399194,0.02652097728399194,0.31006724465958424,FALSE,FALSE
2006-03-22,East_Antarctica,0.81379291,-0.04098553595721488,0.04098553595721488,0.31006724465958424,FALSE,FALSE
2006-03-23,East_Antarctica,0.829143356,-0.03966027555152462,0.03966027555152462,0.31006724465958424,FALSE,FALSE
2006-03-24,East_Antarctica,0.838366125,-0.044462547185112,0.044462547185112,0.31006724465958424,FALSE,FALSE
2006-03-25,East_Antarctica,0.845062052,-0.05183798697616793,0.05183798697616793,0.31006724465958424,FALSE,FALSE
2006-03-26,East_Antarctica,0.854166643,-0.05689756004288604,0.05689756004288604,0.31006724465958424,FALSE,FALSE
2006-03-27,East_Antarctica,0.873485498,-0.05188213750345438,0.05188213750345438,0.31006724465958424,FALSE,FALSE
2006-03-28,East_Antarctica,0.9007183,-0.03913850747606795,0.03913850747606795,0.31006724465958424,FALSE,FALSE
2006-03-29,East_Antarctica,0.90619873,-0.04837946007891614,0.04837946007891614,0.31006724465958424,FALSE,FALSE
2006-03-30,East_Antarctica,0.921898603,-0.04767965143018948,0.04767965143018948,0.31006724465958424,FALSE,FALSE
2006-03-31,East_Antarctica,0.93110409,-0.05379065226454016,0.05379065226454016,0.31006724465958424,FALSE,FALSE
2006-04-01,East_Antarctica,0.941974239,-0.05854344121612309,0.05854344121612309,0.31006724465958424,FALSE,FALSE
2006-04-02,East_Antarctica,0.962450472,-0.05397040184112067,0.05397040184112067,0.31006724465958424,FALSE,FALSE
2006-04-03,East_Antarctica,0.963624843,-0.06895327228576209,0.06895327228576209,0.31006724465958424,FALSE,FALSE
2006-04-04,East_Antarctica,0.961314156,-0.08764904069627599,0.08764904069627599,0.31006724465958424,FALSE,FALSE
2006-04-05,East_Antarctica,0.952980226,-0.11256968421888992,0.11256968421888992,0.31006724465958424,FALSE,FALSE
2006-04-06,East_Antarctica,0.963908816,-0.11840323199983271,0.11840323199983271,0.31006724465958424,FALSE,FALSE
2006-04-07,East_Antarctica,0.980194223,-0.11902917918533372,0.11902917918533372,0.31006724465958424,FALSE,FALSE
2006-04-08,East_Antarctica,0.991631319,-0.12462644592161942,0.12462644592161942,0.31006724465958424,FALSE,FALSE
2006-04-09,East_Antarctica,1.004930849,-0.12845807935491904,0.12845807935491904,0.31006724465958424,FALSE,FALSE
2006-04-10,East_Antarctica,1.011591297,-0.1389993876314621,0.1389993876314621,0.31006724465958424,FALSE,FALSE
2006-04-11,East_Antarctica,1.04065431,-0.12718251589747442,0.12718251589747442,0.31006724465958424,FALSE,FALSE
2006-04-12,East_Antarctica,1.077975638,-0.10712566881106356,0.10712566881106356,0.31006724465958424,FALSE,FALSE
2006-04-13,East_Antarctica,1.091217338,-0.11115232628964145,0.11115232628964145,0.31006724465958424,FALSE,FALSE
2006-04-14,East_Antarctica,1.091771202,-0.12787532650121136,0.12787532650121136,0.31006724465958424,FALSE,FALSE
2006-04-15,East_Antarctica,1.08752971,-0.14940860300885284,0.14940860300885284,0.31006724465958424,FALSE,FALSE
2006-04-16,East_Antarctica,1.059251265,-0.19500016637564044,0.19500016637564044,0.31006724465958424,FALSE,FALSE
2006-04-17,East_Antarctica,1.080242648,-0.19134964916465536,0.19134964916465536,0.31006724465958424,FALSE,FALSE
2006-04-18,East_Antarctica,1.09286639,-0.19610093393897277,0.19610093393897277,0.31006724465958424,FALSE,FALSE
2006-04-19,East_Antarctica,1.098316066,-0.208066859261669,0.208066859261669,0.31006724465958424,FALSE,FALSE
2006-04-20,East_Antarctica,1.093426108,-0.2304194066958234,0.2304194066958234,0.31006724465958424,FALSE,FALSE
2006-04-21,East_Antarctica,1.081954639,-0.2594068668045135,0.2594068668045135,0.31006724465958424,FALSE,FALSE
2006-04-22,East_Antarctica,1.098273772,-0.2606635401508166,0.2606635401508166,0.31006724465958424,FALSE,FALSE
2006-04-23,East_Antarctica,1.139299906,-0.23727944129781145,0.23727944129781145,0.31006724465958424,FALSE,FALSE
2006-04-24,East_Antarctica,1.180267841,-0.2140261838085724,0.2140261838085724,0.31006724465958424,FALSE,FALSE
2006-04-25,East_Antarctica,1.174218403,-0.237868749086078,0.237868749086078,0.31006724465958424,FALSE,FALSE
2006-04-26,East_Antarctica,1.155503738,-0.2744550415504843,0.2744550415504843,0.31006724465958424,FALSE,FALSE
2006-04-27,East_Antarctica,1.162117138,-0.2857886382795729,0.2857886382795729,0.31006724465958424,FALSE,FALSE
2006-04-28,East_Antarctica,1.149494425,-0.31643055283919574,0.31643055283919574,0.31006724465958424,TRUE,FALSE
2006-04-29,East_Antarctica,1.150168172,-0.3338450477952073,0.3338450477952073,0.31006724465958424,TRUE,FALSE
2006-04-30,East_Antarctica,1.178466804,-0.3237005337134591,0.3237005337134591,0.31006724465958424,TRUE,FALSE
2006-05-01,East_Antarctica,1.207871375,-0.31251279215980454,0.31251279215980454,0.31006724465958424,TRUE,FALSE
2006-05-02,East_Antarctica,1.255339303,-0.28332124070009757,0.28332124070009757,0.31006724465958424,FALSE,FALSE
2006-05-03,East_Antarctica,1.23421266,-0.32278064290018804,0.32278064290018804,0.31006724465958424,TRUE,FALSE
2006-05-04,East_Antarctica,1.237811065,-0.3375682153259323,0.3375682153259323,0.31006724465958424,TRUE,FALSE
2006-05-05,East_Antarctica,1.25333853,-0.3404767815431815,0.3404767815431815,0.31006724465958424,TRUE,FALSE
2006-05-06,East_Antarctica,1.295918692,-0.3163795401177878,0.3163795401177878,0.31006724465958424,TRUE,FALSE
2006-05-07,East_Antarctica,1.342094248,-0.2887306266190999,0.2887306266190999,0.31006724465958424,FALSE,FALSE
2006-05-08,East_Antarctica,1.376314828,-0.27307557301717345,0.27307557301717345,0.31006724465958424,FALSE,FALSE
2006-05-09,East_Antarctica,1.418763108,-0.249222419028015,0.249222419028015,0.31006724465958424,FALSE,FALSE
2006-05-10,East_Antarctica,1.430961447,-0.255638789798623,0.255638789798623,0.31006724465958424,FALSE,FALSE
2006-05-11,East_Antarctica,1.436830053,-0.2683944614759921,0.2683944614759921,0.31006724465958424,FALSE,FALSE
2006-05-12,East_Antarctica,1.42443642,-0.29941192420712026,0.29941192420712026,0.31006724465958424,FALSE,FALSE
2006-05-13,East_Antarctica,1.465244515,-0.27721719513900034,0.27721719513900034,0.31006724465958424,FALSE,FALSE
2006-05-14,East_Antarctica,1.527703948,-0.2333506484186307,0.2333506484186307,0.31006724465958424,FALSE,FALSE
2006-05-15,East_Antarctica,1.560009523,-0.2196074641930068,0.2196074641930068,0.31006724465958424,FALSE,FALSE
2006-05-16,East_Antarctica,1.606429751,-0.19170911560912615,0.19170911560912615,0.31006724465958424,FALSE,FALSE
2006-05-17,East_Antarctica,1.628981876,-0.18762834281398155,0.18762834281398155,0.31006724465958424,FALSE,FALSE
2006-05-18,East_Antarctica,1.666654867,-0.16836616095457502,0.16836616095457502,0.31006724465958424,FALSE,FALSE
2006-05-19,East_Antarctica,1.685270866,-0.16809041217789722,0.16809041217789722,0.31006724465958424,FALSE,FALSE
2006-05-20,East_Antarctica,1.717953319,-0.15366720504870623,0.15366720504870623,0.31006724465958424,FALSE,FALSE
2006-05-21,East_Antarctica,1.771207303,-0.11857317840956429,0.11857317840956429,0.31006724465958424,FALSE,FALSE
2006-05-22,East_Antarctica,1.797060905,-0.11075511253853287,0.11075511253853287,0.31006724465958424,FALSE,FALSE
2006-05-23,East_Antarctica,1.842732602,-0.08296916729565251,0.08296916729565251,0.31006724465958424,FALSE,FALSE
2006-05-24,East_Antarctica,1.869521068,-0.07389130554097711,0.07389130554097711,0.31006724465958424,FALSE,FALSE
2006-05-25,East_Antarctica,1.881000658,-0.07992180913455127,0.07992180913455127,0.31006724465958424,FALSE,FALSE
2006-05-26,East_Antarctica,1.896443724,-0.08176296293642138,0.08176296293642138,0.31006724465958424,FALSE,FALSE
2006-05-27,East_Antarctica,1.909477898,-0.08576177180663414,0.08576177180663414,0.31006724465958424,FALSE,FALSE
2006-05-28,East_Antarctica,1.893946134,-0.11804991860523796,0.11804991860523796,0.31006724465958424,FALSE,FALSE
2006-05-29,East_Antarctica,1.931760733,-0.0966897391922794,0.0966897391922794,0.31006724465958424,FALSE,FALSE
2006-05-30,East_Antarctica,1.951625072,-0.0929524934278032,0.0929524934278032,0.31006724465958424,FALSE,FALSE
2006-05-31,East_Antarctica,1.954946176,-0.10540579317186038,0.10540579317186038,0.31006724465958424,FALSE,FALSE
2006-06-01,East_Antarctica,1.957548457,-0.1181998632844945,0.1181998632844945,0.31006724465958424,FALSE,FALSE
2006-06-02,East_Antarctica,1.952909656,-0.13784403471261442,0.13784403471261442,0.31006724465958424,FALSE,FALSE
2006-06-03,East_Antarctica,1.956492349,-0.14891796880645505,0.14891796880645505,0.31006724465958424,FALSE,FALSE
2006-06-04,East_Antarctica,1.966388257,-0.15338747426341048,0.15338747426341048,0.31006724465958424,FALSE,FALSE
2006-06-05,East_Antarctica,1.99838148,-0.13552598134734328,0.13552598134734328,0.31006724465958424,FALSE,FALSE
2006-06-06,East_Antarctica,1.99898192,-0.14888111832211748,0.14888111832211748,0.31006724465958424,FALSE,FALSE
2006-06-07,East_Antarctica,2.023303274,-0.1383967184515944,0.1383967184515944,0.31006724465958424,FALSE,FALSE
2006-06-08,East_Antarctica,2.047118401,-0.12835745299963677,0.12835745299963677,0.31006724465958424,FALSE,FALSE
2006-06-09,East_Antarctica,2.092485659,-0.0967624942301093,0.0967624942301093,0.31006724465958424,FALSE,FALSE
2006-06-10,East_Antarctica,2.076549637,-0.126524783406869,0.126524783406869,0.31006724465958424,FALSE,FALSE
2006-06-11,East_Antarctica,2.10447031,-0.11254187579378438,0.11254187579378438,0.31006724465958424,FALSE,FALSE
2006-06-12,East_Antarctica,2.144171242,-0.08694773765471453,0.08694773765471453,0.31006724465958424,FALSE,FALSE
2006-06-13,East_Antarctica,2.204934317,-0.04051801525352294,0.04051801525352294,0.31006724465958424,FALSE,FALSE
2006-06-14,East_Antarctica,2.25757579,-0.00249285159023404,0.00249285159023404,0.31006724465958424,FALSE,FALSE
2006-06-15,East_Antarctica,2.254986417,-0.0199879737790396,0.0199879737790396,0.31006724465958424,FALSE,FALSE
2006-06-16,East_Antarctica,2.257768756,-0.03233883091779077,0.03233883091779077,0.31006724465958424,FALSE,FALSE
2006-06-17,East_Antarctica,2.265895799,-0.03950547690020523,0.03950547690020523,0.31006724465958424,FALSE,FALSE
2006-06-18,East_Antarctica,2.289738366,-0.03105013761998565,0.03105013761998565,0.31006724465958424,FALSE,FALSE
2006-06-19,East_Antarctica,2.29942844,-0.03677387597085113,0.03677387597085113,0.31006724465958424,FALSE,FALSE
2006-06-20,East_Antarctica,2.291347721,-0.06022803784650987,0.06022803784650987,0.31006724465958424,FALSE,FALSE
2006-06-21,East_Antarctica,2.262878275,-0.10396360314067364,0.10396360314067364,0.31006724465958424,FALSE,FALSE
2006-06-22,East_Antarctica,2.27039083,-0.11154288974705516,0.11154288974705516,0.31006724465958424,FALSE,FALSE
2006-06-23,East_Antarctica,2.287536211,-0.10924811855936543,0.10924811855936543,0.31006724465958424,FALSE,FALSE
2006-06-24,East_Antarctica,2.294380938,-0.11694581547131476,0.11694581547131476,0.31006724465958424,FALSE,FALSE
2006-06-25,East_Antarctica,2.334586429,-0.09090760837661892,0.09090760837661892,0.31006724465958424,FALSE,FALSE
2006-06-26,East_Antarctica,2.347388219,-0.09183100816898282,0.09183100816898282,0.31006724465958424,FALSE,FALSE
2006-06-27,East_Antarctica,2.37267242,-0.07977246849935415,0.07977246849935415,0.31006724465958424,FALSE,FALSE
2006-06-28,East_Antarctica,2.399108684,-0.06607683911464113,0.06607683911464113,0.31006724465958424,FALSE,FALSE
2006-06-29,East_Antarctica,2.413565213,-0.06392329019169418,0.06392329019169418,0.31006724465958424,FALSE,FALSE
2006-06-30,East_Antarctica,2.44788892,-0.04151244991101555,0.04151244991101555,0.31006724465958424,FALSE,FALSE
2006-07-01,East_Antarctica,2.496388493,-0.00458317145311371,0.00458317145311371,0.31006724465958424,FALSE,FALSE
2006-07-02,East_Antarctica,2.531469671,0.01922274300150084,0.01922274300150084,0.31006724465958424,FALSE,FALSE
2006-07-03,East_Antarctica,2.56897737,0.0457026682723245,0.0457026682723245,0.31006724465958424,FALSE,FALSE
2006-07-04,East_Antarctica,2.585785603,0.05168307617884826,0.05168307617884826,0.31006724465958424,FALSE,FALSE
2006-07-05,East_Antarctica,2.618958539,0.07418059454056536,0.07418059454056536,0.31006724465958424,FALSE,FALSE
2006-07-06,East_Antarctica,2.682887968,0.12753947217696826,0.12753947217696826,0.31006724465958424,FALSE,FALSE
2006-07-07,East_Antarctica,2.754634941,0.18877321890754972,0.18877321890754972,0.31006724465958424,FALSE,FALSE
2006-07-08,East_Antarctica,2.796456565,0.2200914005518042,0.2200914005518042,0.31006724465958424,FALSE,FALSE
2006-07-09,East_Antarctica,2.737803336,0.15089702937337313,0.15089702937337313,0.31006724465958424,FALSE,FALSE
2006-07-10,East_Antarctica,2.724808508,0.12728704825747394,0.12728704825747394,0.31006724465958424,FALSE,FALSE
2006-07-11,East_Antarctica,2.714839612,0.10661712808614744,0.10661712808614744,0.31006724465958424,FALSE,FALSE
2006-07-12,East_Antarctica,2.753809164,0.13479116049603412,0.13479116049603412,0.31006724465958424,FALSE,FALSE
2006-07-13,East_Antarctica,2.746697952,0.11678130912377194,0.11678130912377194,0.31006724465958424,FALSE,FALSE
2006-07-14,East_Antarctica,2.755249233,0.114322206606007,0.114322206606007,0.31006724465958424,FALSE,FALSE
2006-07-15,East_Antarctica,2.736088014,0.08403023557937939,0.08403023557937939,0.31006724465958424,FALSE,FALSE
2006-07-16,East_Antarctica,2.718684604,0.05536708068053198,0.05536708068053198,0.31006724465958424,FALSE,FALSE
2006-07-17,East_Antarctica,2.715920684,0.04120579854610362,0.04120579854610362,0.31006724465958424,FALSE,FALSE
2006-07-18,East_Antarctica,2.728928072,0.04266958281273947,0.04266958281273947,0.31006724465958424,FALSE,FALSE
2006-07-19,East_Antarctica,2.746699321,0.04874236211707794,0.04874236211707794,0.31006724465958424,FALSE,FALSE
2006-07-20,East_Antarctica,2.806292838,0.09647391909576351,0.09647391909576351,0.31006724465958424,FALSE,FALSE
2006-07-21,East_Antarctica,2.813102031,0.091249037385436,0.091249037385436,0.31006724465958424,FALSE,FALSE
2006-07-22,East_Antarctica,2.786655103,0.05258985221397427,0.05258985221397427,0.31006724465958424,FALSE,FALSE
2006-07-23,East_Antarctica,2.790453327,0.0440268556425063,0.0440268556425063,0.31006724465958424,FALSE,FALSE
2006-07-24,East_Antarctica,2.846491771,0.08761005670530331,0.08761005670530331,0.31006724465958424,FALSE,FALSE
2006-07-25,East_Antarctica,2.8580557620000002,0.08668030691107598,0.08668030691107598,0.31006724465958424,FALSE,FALSE
2006-07-26,East_Antarctica,2.828406042,0.04455387276853528,0.04455387276853528,0.31006724465958424,FALSE,FALSE
2006-07-27,East_Antarctica,2.806512878,0.01025654578638812,0.01025654578638812,0.31006724465958424,FALSE,FALSE
2006-07-28,East_Antarctica,2.778848127,-0.02968429252665361,0.02968429252665361,0.31006724465958424,FALSE,FALSE
2006-07-29,East_Antarctica,2.764956702,-0.05566820466187705,0.05566820466187705,0.31006724465958424,FALSE,FALSE
2006-07-30,East_Antarctica,2.772343023,-0.06013524611057619,0.06013524611057619,0.31006724465958424,FALSE,FALSE
2006-07-31,East_Antarctica,2.801296882,-0.04274010036403863,0.04274010036403863,0.31006724465958424,FALSE,FALSE
2006-08-01,East_Antarctica,2.864646347,0.00940082508644657,0.00940082508644657,0.31006724465958424,FALSE,FALSE
2006-08-02,East_Antarctica,2.927712425,0.06166406174958583,0.06166406174958583,0.31006724465958424,FALSE,FALSE
2006-08-03,East_Antarctica,2.941200972,0.06481098940093144,0.06481098940093144,0.31006724465958424,FALSE,FALSE
2006-08-04,East_Antarctica,2.962109612,0.07587496338220845,0.07587496338220845,0.31006724465958424,FALSE,FALSE
2006-08-05,East_Antarctica,3.019225063,0.12360703408093789,0.12360703408093789,0.31006724465958424,FALSE,FALSE
2006-08-06,East_Antarctica,3.050501935,0.1459100495185388,0.1459100495185388,0.31006724465958424,FALSE,FALSE
2006-08-07,East_Antarctica,3.059566931,0.14635895071642935,0.14635895071642935,0.31006724465958424,FALSE,FALSE
2006-08-08,East_Antarctica,3.099906386,0.17838831069603067,0.17838831069603067,0.31006724465958424,FALSE,FALSE
2006-08-09,East_Antarctica,3.135515039,0.2059411064787624,0.2059411064787624,0.31006724465958424,FALSE,FALSE
2006-08-10,East_Antarctica,3.158462697,0.22103538308604256,0.22103538308604256,0.31006724465958424,FALSE,FALSE
2006-08-11,East_Antarctica,3.154194189,0.2090642075392912,0.2090642075392912,0.31006724465958424,FALSE,FALSE
2006-08-12,East_Antarctica,3.099115215,0.1463815178599277,0.1463815178599277,0.31006724465958424,FALSE,FALSE
2006-08-13,East_Antarctica,3.057927369,0.09763714606937146,0.09763714606937146,0.31006724465958424,FALSE,FALSE
2006-08-14,East_Antarctica,3.048589272,0.08073795118904359,0.08073795118904359,0.31006724465958424,FALSE,FALSE
2006-08-15,East_Antarctica,3.081133135,0.105664382240362,0.105664382240362,0.31006724465958424,FALSE,FALSE
2006-08-16,East_Antarctica,3.127656096,0.14446334754047196,0.14446334754047196,0.31006724465958424,FALSE,FALSE
2006-08-17,East_Antarctica,3.205151101,0.2141231068343128,0.2141231068343128,0.31006724465958424,FALSE,FALSE
2006-08-18,East_Antarctica,3.234199683,0.23527263491180905,0.23527263491180905,0.31006724465958424,FALSE,FALSE
2006-08-19,East_Antarctica,3.272305165,0.2654655533144852,0.2654655533144852,0.31006724465958424,FALSE,FALSE
2006-08-20,East_Antarctica,3.245826169,0.23111078258387563,0.23111078258387563,0.31006724465958424,FALSE,FALSE
2006-08-21,East_Antarctica,3.221429645,0.19892557126151056,0.19892557126151056,0.31006724465958424,FALSE,FALSE
2006-08-22,East_Antarctica,3.21179938,0.1816440048889194,0.1816440048889194,0.31006724465958424,FALSE,FALSE
2006-08-23,East_Antarctica,3.185835382,0.1482163900076321,0.1482163900076321,0.31006724465958424,FALSE,FALSE
2006-08-24,East_Antarctica,3.166078001,0.1212333751591812,0.1212333751591812,0.31006724465958424,FALSE,FALSE
2006-08-25,East_Antarctica,3.153637241,0.10185526288509728,0.10185526288509728,0.31006724465958424,FALSE,FALSE
2006-08-26,East_Antarctica,3.158713209,0.1003324587269092,0.1003324587269092,0.31006724465958424,FALSE,FALSE
2006-08-27,East_Antarctica,3.22395375,0.1593631062261487,0.1593631062261487,0.31006724465958424,FALSE,FALSE
2006-08-28,East_Antarctica,3.3261287,0.25576733992434786,0.25576733992434786,0.31006724465958424,FALSE,FALSE
2006-08-29,East_Antarctica,3.433411679,0.35776008673806503,0.35776008673806503,0.31006724465958424,TRUE,TRUE
2006-08-30,East_Antarctica,3.414404791,0.3339301092207623,0.3339301092207623,0.31006724465958424,TRUE,TRUE
2006-08-31,East_Antarctica,3.401412595,0.3165480917949872,0.3165480917949872,0.31006724465958424,TRUE,TRUE
2006-09-01,East_Antarctica,3.426368089,0.33751312105358977,0.33751312105358977,0.31006724465958424,TRUE,TRUE
2006-09-02,East_Antarctica,3.455618069,0.3631380815894225,0.3631380815894225,0.31006724465958424,TRUE,TRUE
2006-09-03,East_Antarctica,3.456304847,0.36053137399533464,0.36053137399533464,0.31006724465958424,TRUE,TRUE
2006-09-04,East_Antarctica,3.436944488,0.33817515186418134,0.33817515186418134,0.31006724465958424,TRUE,TRUE
2006-09-05,East_Antarctica,3.426524673,0.32502318478881254,0.32502318478881254,0.31006724465958424,TRUE,TRUE
2006-09-06,East_Antarctica,3.415587746,0.31158390536207925,0.31158390536207925,0.31006724465958424,TRUE,TRUE
2006-09-07,East_Antarctica,3.415764292,0.3094539871768345,0.3094539871768345,0.31006724465958424,FALSE,FALSE
2006-09-08,East_Antarctica,3.414126604,0.3056718118259254,0.3056718118259254,0.31006724465958424,FALSE,FALSE
2006-09-09,East_Antarctica,3.384784218,0.2743130039022117,0.2743130039022117,0.31006724465958424,FALSE,FALSE
2006-09-10,East_Antarctica,3.354383271,0.24198984080647537,0.24198984080647537,0.31006724465958424,FALSE,FALSE
2006-09-11,East_Antarctica,3.293509994,0.17925961215217967,0.17925961215217967,0.31006724465958424,FALSE,FALSE
2006-09-12,East_Antarctica,3.302543169,0.18648105859008937,0.18648105859008937,0.31006724465958424,FALSE,FALSE
2006-09-13,East_Antarctica,3.340705401,0.2228576808673095,0.2228576808673095,0.31006724465958424,FALSE,FALSE
2006-09-14,East_Antarctica,3.373743909,0.25411759373094567,0.25411759373094567,0.31006724465958424,FALSE,FALSE
2006-09-15,East_Antarctica,3.352632269,0.23121526892809952,0.23121526892809952,0.31006724465958424,FALSE,FALSE
2006-09-16,East_Antarctica,3.359843253,0.23660437420587857,0.23660437420587857,0.31006724465958424,FALSE,FALSE
2006-09-17,East_Antarctica,3.347274539,0.2221634833113848,0.2221634833113848,0.31006724465958424,FALSE,FALSE
2006-09-18,East_Antarctica,3.324202177,0.1971495419917244,0.1971495419917244,0.31006724465958424,FALSE,FALSE
2006-09-19,East_Antarctica,3.329708191,0.2006254699940011,0.2006254699940011,0.31006724465958424,FALSE,FALSE
2006-09-20,East_Antarctica,3.372508311,0.2412878930653206,0.2412878930653206,0.31006724465958424,FALSE,FALSE
2006-09-21,East_Antarctica,3.448616673,0.3151318429527854,0.3151318429527854,0.31006724465958424,TRUE,FALSE
2006-09-22,East_Antarctica,3.452598433,0.31670337140350036,0.31670337140350036,0.31006724465958424,TRUE,FALSE
2006-09-23,East_Antarctica,3.411666226,0.27320209612016333,0.27320209612016333,0.31006724465958424,FALSE,FALSE
2006-09-24,East_Antarctica,3.390477202,0.2493373175128948,0.2493373175128948,0.31006724465958424,FALSE,FALSE
2006-09-25,East_Antarctica,3.397910674,0.2540800307249027,0.2540800307249027,0.31006724465958424,FALSE,FALSE
2006-09-26,East_Antarctica,3.419050887,0.27260671757322674,0.27260671757322674,0.31006724465958424,FALSE,FALSE
2006-09-27,East_Antarctica,3.422027546,0.2731393198748995,0.2731393198748995,0.31006724465958424,FALSE,FALSE
2006-09-28,East_Antarctica,3.395475882,0.24440530544696148,0.24440530544696148,0.31006724465958424,FALSE,FALSE
2006-09-29,East_Antarctica,3.349714773,0.1968157891064473,0.1968157891064473,0.31006724465958424,FALSE,FALSE
2006-09-30,East_Antarctica,3.310501293,0.15622008167039425,0.15622008167039425,0.31006724465958424,FALSE,FALSE
2006-10-01,East_Antarctica,3.309768926,0.15464390395583782,0.15464390395583782,0.31006724465958424,FALSE,FALSE
2006-10-02,East_Antarctica,3.312327717,0.1569895377798174,0.1569895377798174,0.31006724465958424,FALSE,FALSE
2006-10-03,East_Antarctica,3.320880718,0.16605227195936978,0.16605227195936978,0.31006724465958424,FALSE,FALSE
2006-10-04,East_Antarctica,3.34232931,0.1888257243115272,0.1888257243115272,0.31006724465958424,FALSE,FALSE
2006-10-05,East_Antarctica,3.348244947,0.19697355789254137,0.19697355789254137,0.31006724465958424,FALSE,FALSE
2006-10-06,East_Antarctica,3.37379086,0.2257176324857069,0.2257176324857069,0.31006724465958424,FALSE,FALSE
2006-10-07,East_Antarctica,3.387513734,0.24356448384606957,0.24356448384606957,0.31006724465958424,FALSE,FALSE
2006-10-08,East_Antarctica,3.453481714,0.3145240364831938,0.3145240364831938,0.31006724465958424,TRUE,TRUE
2006-10-09,East_Antarctica,3.480140397,0.3469836669066422,0.3469836669066422,0.31006724465958424,TRUE,TRUE
2006-10-10,East_Antarctica,3.488342536,0.36173790762598257,0.36173790762598257,0.31006724465958424,TRUE,TRUE
2006-10-11,East_Antarctica,3.519732048,0.4003724551507783,0.4003724551507783,0.31006724465958424,TRUE,TRUE
2006-10-12,East_Antarctica,3.531052646,0.41957280199059,0.41957280199059,0.31006724465958424,TRUE,TRUE
2006-10-13,East_Antarctica,3.548643289,0.4456196866549851,0.4456196866549851,0.31006724465958424,TRUE,TRUE
2006-10-14,East_Antarctica,3.570464971,0.47641588265352786,0.47641588265352786,0.31006724465958424,TRUE,TRUE
2006-10-15,East_Antarctica,3.555878508,0.4712639854957823,0.4712639854957823,0.31006724465958424,TRUE,TRUE
2006-10-16,East_Antarctica,3.52587408,0.45109595469131536,0.45109595469131536,0.31006724465958424,TRUE,TRUE
2006-10-17,East_Antarctica,3.515963966,0.4513658487496852,0.4513658487496852,0.31006724465958424,TRUE,TRUE
2006-10-18,East_Antarctica,3.542743811,0.4886143920249184,0.4886143920249184,0.31006724465958424,TRUE,TRUE
2006-10-19,East_Antarctica,3.51592348,0.4725666165895483,0.4725666165895483,0.31006724465958424,TRUE,TRUE
2006-10-20,East_Antarctica,3.460872074,0.42867379544660134,0.42867379544660134,0.31006724465958424,TRUE,TRUE
2006-10-21,East_Antarctica,3.431891295,0.4113224854948685,0.4113224854948685,0.31006724465958424,TRUE,TRUE
2006-10-22,East_Antarctica,3.410384951,0.4020013496331343,0.4020013496331343,0.31006724465958424,TRUE,TRUE
2006-10-23,East_Antarctica,3.36673233,0.3711745307601917,0.3711745307601917,0.31006724465958424,TRUE,TRUE
2006-10-24,East_Antarctica,3.355382795,0.3733762467748254,0.3733762467748254,0.31006724465958424,TRUE,TRUE
2006-10-25,East_Antarctica,3.331332944,0.3636879505758239,0.3636879505758239,0.31006724465958424,TRUE,TRUE
2006-10-26,East_Antarctica,3.27692779,0.32453951006197723,0.32453951006197723,0.31006724465958424,TRUE,TRUE
2006-10-27,East_Antarctica,3.271437925,0.3352863721320718,0.3352863721320718,0.31006724465958424,TRUE,TRUE
2006-10-28,East_Antarctica,3.236658011,0.3178080536848955,0.3178080536848955,0.31006724465958424,TRUE,TRUE
2006-10-29,East_Antarctica,3.189887836,0.2894891976192375,0.2894891976192375,0.31006724465958424,FALSE,FALSE
2006-10-30,East_Antarctica,3.17740983,0.2966970888338851,0.2966970888338851,0.31006724465958424,FALSE,FALSE
2006-10-31,East_Antarctica,3.180159773,0.3204399515802505,0.3204399515802505,0.31006724465958424,TRUE,FALSE
2006-11-01,East_Antarctica,3.178799811,0.34139128820849063,0.34139128820849063,0.31006724465958424,TRUE,FALSE
2006-11-02,East_Antarctica,3.16759983,0.3538135772393063,0.3538135772393063,0.31006724465958424,TRUE,FALSE
2006-11-03,East_Antarctica,3.143446801,0.3545863771491833,0.3545863771491833,0.31006724465958424,TRUE,FALSE
2006-11-04,East_Antarctica,3.066201181,0.3035627324146106,0.3035627324146106,0.31006724465958424,FALSE,FALSE
2006-11-05,East_Antarctica,3.001653327,0.2665255875120791,0.2665255875120791,0.31006724465958424,FALSE,FALSE
2006-11-06,East_Antarctica,2.921963598,0.2156278889180716,0.2156278889180716,0.31006724465958424,FALSE,FALSE
2006-11-07,East_Antarctica,2.857016468,0.18074669810908128,0.18074669810908128,0.31006724465958424,FALSE,FALSE
2006-11-08,East_Antarctica,2.822352163,0.17741482856159374,0.17741482856159374,0.31006724465958424,FALSE,FALSE
2006-11-09,East_Antarctica,2.830236186,0.21789037075209716,0.21789037075209716,0.31006724465958424,FALSE,FALSE
2006-11-10,East_Antarctica,2.816865664,0.23836303915708168,0.23836303915708168,0.31006724465958424,FALSE,FALSE
2006-11-11,East_Antarctica,2.788115492,0.2447003162530339,0.2447003162530339,0.31006724465958424,FALSE,FALSE
2006-11-12,East_Antarctica,2.751331032,0.2442392439517365,0.2442392439517365,0.31006724465958424,FALSE,FALSE
2006-11-13,East_Antarctica,2.712175086,0.2425840985929324,0.2425840985929324,0.31006724465958424,FALSE,FALSE
2006-11-14,East_Antarctica,2.670335988,0.23928921906557132,0.23928921906557132,0.31006724465958424,FALSE,FALSE
2006-11-15,East_Antarctica,2.634942529,0.2433431762722793,0.2433431762722793,0.31006724465958424,FALSE,FALSE
2006-11-16,East_Antarctica,2.591462054,0.24007309511568087,0.24007309511568087,0.31006724465958424,FALSE,FALSE
2006-11-17,East_Antarctica,2.56327519,0.2527193824984022,0.2527193824984022,0.31006724465958424,FALSE,FALSE
2006-11-18,East_Antarctica,2.525434088,0.25619396932306415,0.25619396932306415,0.31006724465958424,FALSE,FALSE
2006-11-19,East_Antarctica,2.451293711,0.22371159849229327,0.22371159849229327,0.31006724465958424,FALSE,FALSE
2006-11-20,East_Antarctica,2.38928662,0.2035646109087157,0.2035646109087157,0.31006724465958424,FALSE,FALSE
2006-11-21,East_Antarctica,2.350014648,0.20621461947495545,0.20621461947495545,0.31006724465958424,FALSE,FALSE
2006-11-22,East_Antarctica,2.287609716,0.1856533250936363,0.1856533250936363,0.31006724465958424,FALSE,FALSE
2006-11-23,East_Antarctica,2.251232967,0.19090165066738196,0.19090165066738196,0.31006724465958424,FALSE,FALSE
2006-11-24,East_Antarctica,2.239229869,0.2201648440988193,0.2201648440988193,0.31006724465958424,FALSE,FALSE
2006-11-25,East_Antarctica,2.224520292,0.2462310429343375,0.2462310429343375,0.31006724465958424,FALSE,FALSE
2006-11-26,East_Antarctica,2.157946836,0.21988290178923053,0.21988290178923053,0.31006724465958424,FALSE,FALSE
2006-11-27,East_Antarctica,2.108950635,0.21053770567813945,0.21053770567813945,0.31006724465958424,FALSE,FALSE
2006-11-28,East_Antarctica,2.105655552,0.2462957420249672,0.2462957420249672,0.31006724465958424,FALSE,FALSE
2006-11-29,East_Antarctica,2.056502011,0.2355738592536112,0.2355738592536112,0.31006724465958424,FALSE,FALSE
2006-11-30,East_Antarctica,1.989104567,0.2059630367879759,0.2059630367879759,0.31006724465958424,FALSE,FALSE
2006-12-01,East_Antarctica,1.842015974,0.09599245305196002,0.09599245305196002,0.31006724465958424,FALSE,FALSE
2006-12-02,East_Antarctica,1.783092834,0.07349513446946676,0.07349513446946676,0.31006724465958424,FALSE,FALSE
2006-12-03,East_Antarctica,1.737651824,0.06376418246439486,0.06376418246439486,0.31006724465958424,FALSE,FALSE
2006-12-04,East_Antarctica,1.7074793,0.06856237746064586,0.06856237746064586,0.31006724465958424,FALSE,FALSE
2006-12-05,East_Antarctica,1.62855943,0.02385031188212205,0.02385031188212205,0.31006724465958424,FALSE,FALSE
2006-12-06,East_Antarctica,1.586379682,0.01509187815272272,0.01509187815272272,0.31006724465958424,FALSE,FALSE
2006-12-07,East_Antarctica,1.573758982,0.03508245068220361,0.03508245068220361,0.31006724465958424,FALSE,FALSE
2006-12-08,East_Antarctica,1.544492449,0.03760104285696286,0.03760104285696286,0.31006724465958424,FALSE,FALSE
2006-12-09,East_Antarctica,1.481703117,0.005772540025051,0.005772540025051,0.31006724465958424,FALSE,FALSE
2006-12-10,East_Antarctica,1.436981265,-0.00880827482190405,0.00880827482190405,0.31006724465958424,FALSE,FALSE
2006-12-11,East_Antarctica,1.383325874,-0.03313791669228294,0.03313791669228294,0.31006724465958424,FALSE,FALSE
2006-12-12,East_Antarctica,1.355786648,-0.03216217759446227,0.03216217759446227,0.31006724465958424,FALSE,FALSE
2006-12-13,East_Antarctica,1.348080169,-0.01215997153681658,0.01215997153681658,0.31006724465958424,FALSE,FALSE
2006-12-14,East_Antarctica,1.280948014,-0.05238521752772285,0.05238521752772285,0.31006724465958424,FALSE,FALSE
2006-12-15,East_Antarctica,1.273216453,-0.03400714157555762,0.03400714157555762,0.31006724465958424,FALSE,FALSE
2006-12-16,East_Antarctica,1.257663997,-0.0242427286886977,0.0242427286886977,0.31006724465958424,FALSE,FALSE
2006-12-17,East_Antarctica,1.220024632,-0.03735348887551915,0.03735348887551915,0.31006724465958424,FALSE,FALSE
2006-12-18,East_Antarctica,1.176828823,-0.05680445314440052,0.05680445314440052,0.31006724465958424,FALSE,FALSE
2006-12-19,East_Antarctica,1.127055861,-0.0836118265037149,0.0836118265037149,0.31006724465958424,FALSE,FALSE
2006-12-20,East_Antarctica,1.120542687,-0.06793335747833429,0.06793335747833429,0.31006724465958424,FALSE,FALSE
2006-12-21,East_Antarctica,1.104837832,-0.06220245253435852,0.06220245253435852,0.31006724465958424,FALSE,FALSE
2006-12-22,East_Antarctica,1.082607398,-0.06372476817681183,0.06372476817681183,0.31006724465958424,FALSE,FALSE
2006-12-23,East_Antarctica,1.078912302,-0.04741086225439783,0.04741086225439783,0.31006724465958424,FALSE,FALSE
2006-12-24,East_Antarctica,1.090395137,-0.01658961661581925,0.01658961661581925,0.31006724465958424,FALSE,FALSE
2006-12-25,East_Antarctica,1.059070444,-0.02921796510978058,0.02921796510978058,0.31006724465958424,FALSE,FALSE
2006-12-26,East_Antarctica,1.030729446,-0.03947615958498574,0.03947615958498574,0.31006724465958424,FALSE,FALSE
2006-12-27,East_Antarctica,0.99516535,-0.0575424678901395,0.0575424678901395,0.31006724465958424,FALSE,FALSE
2006-12-28,East_Antarctica,0.989085525,-0.04668099587394458,0.04668099587394458,0.31006724465958424,FALSE,FALSE
2006-12-29,East_Antarctica,0.989741615,-0.02961157438510353,0.02961157438510353,0.31006724465958424,FALSE,FALSE
2006-12-30,East_Antarctica,0.99267217,-0.01076712827232151,0.01076712827232151,0.31006724465958424,FALSE,FALSE
2006-12-31,East_Antarctica,1.005901656,0.01790533361569546,0.01790533361569546,0.31006724465958424,FALSE,FALSE
2007-01-01,East_Antarctica,0.982998495,0.010002758430246,0.010002758430246,0.31006724465958424,FALSE,FALSE
2007-01-02,East_Antarctica,0.954862021,-0.00354809765614794,0.00354809765614794,0.31006724465958424,FALSE,FALSE
2007-01-03,East_Antarctica,0.938638405,-0.00557805338607131,0.00557805338607131,0.31006724465958424,FALSE,FALSE
2007-01-04,East_Antarctica,0.922773921,-0.00761892748087877,0.00761892748087877,0.31006724465958424,FALSE,FALSE
2007-01-05,East_Antarctica,0.90286584,-0.01405154166192368,0.01405154166192368,0.31006724465958424,FALSE,FALSE
2007-01-06,East_Antarctica,0.892626949,-0.01114120165056886,0.01114120165056886,0.31006724465958424,FALSE,FALSE
2007-01-07,East_Antarctica,0.881157684,-0.00976556416816676,0.00976556416816676,0.31006724465958424,FALSE,FALSE
2007-01-08,East_Antarctica,0.876326315,-0.00203445193607465,0.00203445193607465,0.31006724465958424,FALSE,FALSE
2007-01-09,East_Antarctica,0.877521757,0.01146295732434887,0.01146295732434887,0.31006724465958424,FALSE,FALSE
2007-01-10,East_Antarctica,0.855190459,0.0011950198917503,0.0011950198917503,0.31006724465958424,FALSE,FALSE
2007-01-11,East_Antarctica,0.845460466,0.00331168804477033,0.00331168804477033,0.31006724465958424,FALSE,FALSE
2007-01-12,East_Antarctica,0.835354973,0.00485806406205346,0.00485806406205346,0.31006724465958424,FALSE,FALSE
2007-01-13,East_Antarctica,0.819082806,6.48812222430184e-5,6.48812222430184e-5,0.31006724465958424,FALSE,FALSE
2007-01-14,East_Antarctica,0.817787942,0.01009768897255536,0.01009768897255536,0.31006724465958424,FALSE,FALSE
2007-01-15,East_Antarctica,0.823225281,0.02672094438867411,0.02672094438867411,0.31006724465958424,FALSE,FALSE
2007-01-16,East_Antarctica,0.806284893,0.02081922185841733,0.02081922185841733,0.31006724465958424,FALSE,FALSE
2007-01-17,East_Antarctica,0.784427748,0.00984704378649747,0.00984704378649747,0.31006724465958424,FALSE,FALSE
2007-01-18,East_Antarctica,0.754807245,-0.0090486384223718,0.0090486384223718,0.31006724465958424,FALSE,FALSE
2007-01-19,East_Antarctica,0.739944248,-0.01335340836347787,0.01335340836347787,0.31006724465958424,FALSE,FALSE
2007-01-20,East_Antarctica,0.735127541,-0.00778492963210852,0.00778492963210852,0.31006724465958424,FALSE,FALSE
2007-01-21,East_Antarctica,0.724015547,-0.00869122682355039,0.00869122682355039,0.31006724465958424,FALSE,FALSE
2007-01-22,East_Antarctica,0.695604072,-0.02708294153309032,0.02708294153309032,0.31006724465958424,FALSE,FALSE
2007-01-23,East_Antarctica,0.695610675,-0.01724896235601625,0.01724896235601625,0.31006724465958424,FALSE,FALSE
2007-01-24,East_Antarctica,0.672817538,-0.03041355488761488,0.03041355488761488,0.31006724465958424,FALSE,FALSE
2007-01-25,East_Antarctica,0.677117218,-0.01669060972317337,0.01669060972317337,0.31006724465958424,FALSE,FALSE
2007-01-26,East_Antarctica,0.669366031,-0.01523025845797843,0.01523025845797843,0.31006724465958424,FALSE,FALSE
2007-01-27,East_Antarctica,0.659069716,-0.0165323908014473,0.0165323908014473,0.31006724465958424,FALSE,FALSE
2007-01-28,East_Antarctica,0.643996182,-0.02282918304873149,0.02282918304873149,0.31006724465958424,FALSE,FALSE
2007-01-29,East_Antarctica,0.628923128,-0.02934072288044686,0.02934072288044686,0.31006724465958424,FALSE,FALSE
2007-01-30,East_Antarctica,0.630188559,-0.01972678457264431,0.01972678457264431,0.31006724465958424,FALSE,FALSE
2007-01-31,East_Antarctica,0.637445566,-0.00433205640137246,0.00433205640137246,0.31006724465958424,FALSE,FALSE
2007-02-01,East_Antarctica,0.628298008,-0.00555045864267977,0.00555045864267977,0.31006724465958424,FALSE,FALSE
2007-02-02,East_Antarctica,0.634393132,0.00826747642738345,0.00826747642738345,0.31006724465958424,FALSE,FALSE
2007-02-03,East_Antarctica,0.631180309,0.01257334053276948,0.01257334053276948,0.31006724465958424,FALSE,FALSE
2007-02-04,East_Antarctica,0.642621953,0.03133176839742824,0.03133176839742824,0.31006724465958424,FALSE,FALSE
2007-02-05,East_Antarctica,0.632927696,0.02875461274531032,0.02875461274531032,0.31006724465958424,FALSE,FALSE
2007-02-06,East_Antarctica,0.625649516,0.02839607230036678,0.02839607230036678,0.31006724465958424,FALSE,FALSE
2007-02-07,East_Antarctica,0.625121823,0.0345927777865489,0.0345927777865489,0.31006724465958424,FALSE,FALSE
2007-02-08,East_Antarctica,0.605548091,0.02155028468083975,0.02155028468083975,0.31006724465958424,FALSE,FALSE
2007-02-09,East_Antarctica,0.575841453,-0.00183457638723771,0.00183457638723771,0.31006724465958424,FALSE,FALSE
2007-02-10,East_Antarctica,0.582441563,0.01082498515454777,0.01082498515454777,0.31006724465958424,FALSE,FALSE
2007-02-11,East_Antarctica,0.579366476,0.01348983813291571,0.01348983813291571,0.31006724465958424,FALSE,FALSE
2007-02-12,East_Antarctica,0.587794636,0.02728124037458612,0.02728124037458612,0.31006724465958424,FALSE,FALSE
2007-02-13,East_Antarctica,0.578695928,0.0231118907062775,0.0231118907062775,0.31006724465958424,FALSE,FALSE
2007-02-14,East_Antarctica,0.572098592,0.02095284295471067,0.02095284295471067,0.31006724465958424,FALSE,FALSE
2007-02-15,East_Antarctica,0.576255487,0.02899976994660436,0.02899976994660436,0.31006724465958424,FALSE,FALSE
2007-02-16,East_Antarctica,0.56108003,0.01710890250867713,0.01710890250867713,0.31006724465958424,FALSE,FALSE
2007-02-17,East_Antarctica,0.562309095,0.02095992846765004,0.02095992846765004,0.31006724465958424,FALSE,FALSE
2007-02-18,East_Antarctica,0.549033528,0.00958650765024149,0.00958650765024149,0.31006724465958424,FALSE,FALSE
2007-02-19,East_Antarctica,0.538699479,3.7760388317220617e-4,3.7760388317220617e-4,0.31006724465958424,FALSE,FALSE
2007-02-20,East_Antarctica,0.53393611,-0.0040948070068395,0.0040948070068395,0.31006724465958424,FALSE,FALSE
2007-02-21,East_Antarctica,0.516861385,-0.02176687150458467,0.02176687150458467,0.31006724465958424,FALSE,FALSE
2007-02-22,East_Antarctica,0.495576799,-0.04455391657582669,0.04455391657582669,0.31006724465958424,FALSE,FALSE
2007-02-23,East_Antarctica,0.509044835,-0.033485475236257,0.033485475236257,0.31006724465958424,FALSE,FALSE
2007-02-24,East_Antarctica,0.547558577,0.00173996891489025,0.00173996891489025,0.31006724465958424,FALSE,FALSE
2007-02-25,East_Antarctica,0.581587562,0.03160038527838116,0.03160038527838116,0.31006724465958424,FALSE,FALSE
2007-02-26,East_Antarctica,0.587664273,0.03263668925498353,0.03263668925498353,0.31006724465958424,FALSE,FALSE
2007-02-27,East_Antarctica,0.605876409,0.04494501224546166,0.04494501224546166,0.31006724465958424,FALSE,FALSE
2007-02-28,East_Antarctica,0.635561831,0.06787164765058329,0.06787164765058329,0.31006724465958424,FALSE,FALSE
2007-03-01,East_Antarctica,0.634414649,0.05911913787111489,0.05911913787111489,0.31006724465958424,FALSE,FALSE
2007-03-02,East_Antarctica,0.630787167,0.04704821930782221,0.04704821930782221,0.31006724465958424,FALSE,FALSE
2007-03-03,East_Antarctica,0.654640749,0.0616286883614725,0.0616286883614725,0.31006724465958424,FALSE,FALSE
2007-03-04,East_Antarctica,0.666216616,0.06311019843283094,0.06311019843283094,0.31006724465958424,FALSE,FALSE
2007-03-05,East_Antarctica,0.637082299,0.02306871706543267,0.02306871706543267,0.31006724465958424,FALSE,FALSE
2007-03-06,East_Antarctica,0.635868298,0.01015859138330399,0.01015859138330399,0.31006724465958424,FALSE,FALSE
2007-03-07,East_Antarctica,0.637743633,-3.7714049318338105e-4,3.7714049318338105e-4,0.31006724465958424,FALSE,FALSE
2007-03-08,East_Antarctica,0.634230906,-0.01693166567992765,0.01693166567992765,0.31006724465958424,FALSE,FALSE
2007-03-09,East_Antarctica,0.634407792,-0.03034309829282877,0.03034309829282877,0.31006724465958424,FALSE,FALSE
2007-03-10,East_Antarctica,0.654585065,-0.02421645344778522,0.02421645344778522,0.31006724465958424,FALSE,FALSE
2007-03-11,East_Antarctica,0.64796302,-0.04526722526069537,0.04526722526069537,0.31006724465958424,FALSE,FALSE
2007-03-12,East_Antarctica,0.658316885,-0.04963597484745752,0.04963597484745752,0.31006724465958424,FALSE,FALSE
2007-03-13,East_Antarctica,0.681946491,-0.04093866032397286,0.04093866032397286,0.31006724465958424,FALSE,FALSE
2007-03-14,East_Antarctica,0.716050987,-0.02189192180613852,0.02189192180613852,0.31006724465958424,FALSE,FALSE
2007-03-15,East_Antarctica,0.710726131,-0.04231579040985422,0.04231579040985422,0.31006724465958424,FALSE,FALSE
2007-03-16,East_Antarctica,0.709086626,-0.05901135225101917,0.05901135225101917,0.31006724465958424,FALSE,FALSE
2007-03-17,East_Antarctica,0.726049105,-0.05697776344553018,0.05697776344553018,0.31006724465958424,FALSE,FALSE
2007-03-18,East_Antarctica,0.735872993,-0.0618738386089277,0.0618738386089277,0.31006724465958424,FALSE,FALSE
2007-03-19,East_Antarctica,0.740087292,-0.07215001622803952,0.07215001622803952,0.31006724465958424,FALSE,FALSE
2007-03-20,East_Antarctica,0.750365629,-0.07617612641366422,0.07617612641366422,0.31006724465958424,FALSE,FALSE
2007-03-21,East_Antarctica,0.766154201,-0.07455244328399191,0.07455244328399191,0.31006724465958424,FALSE,FALSE
2007-03-22,East_Antarctica,0.804969826,-0.04980861995721486,0.04980861995721486,0.31006724465958424,FALSE,FALSE
2007-03-23,East_Antarctica,0.828547006,-0.04025662555152465,0.04025662555152465,0.31006724465958424,FALSE,FALSE
2007-03-24,East_Antarctica,0.816926228,-0.06590244418511193,0.06590244418511193,0.31006724465958424,FALSE,FALSE
2007-03-25,East_Antarctica,0.83821391,-0.05868612897616787,0.05868612897616787,0.31006724465958424,FALSE,FALSE
2007-03-26,East_Antarctica,0.860559765,-0.05050443804288607,0.05050443804288607,0.31006724465958424,FALSE,FALSE
2007-03-27,East_Antarctica,0.876336048,-0.04903158750345438,0.04903158750345438,0.31006724465958424,FALSE,FALSE
2007-03-28,East_Antarctica,0.9004652,-0.03939160747606796,0.03939160747606796,0.31006724465958424,FALSE,FALSE
2007-03-29,East_Antarctica,0.912923853,-0.04165433707891608,0.04165433707891608,0.31006724465958424,FALSE,FALSE
2007-03-30,East_Antarctica,0.9401378,-0.0294404544301895,0.0294404544301895,0.31006724465958424,FALSE,FALSE
2007-03-31,East_Antarctica,0.928054889,-0.05683985326454022,0.05683985326454022,0.31006724465958424,FALSE,FALSE
2007-04-01,East_Antarctica,0.931376653,-0.06914102721612303,0.06914102721612303,0.31006724465958424,FALSE,FALSE
2007-04-02,East_Antarctica,0.932762541,-0.08365833284112068,0.08365833284112068,0.31006724465958424,FALSE,FALSE
2007-04-03,East_Antarctica,0.934624575,-0.09795354028576209,0.09795354028576209,0.31006724465958424,FALSE,FALSE
2007-04-04,East_Antarctica,0.921939382,-0.127023814696276,0.127023814696276,0.31006724465958424,FALSE,FALSE
2007-04-05,East_Antarctica,0.911029768,-0.15452014221888988,0.15452014221888988,0.31006724465958424,FALSE,FALSE
2007-04-06,East_Antarctica,0.941833758,-0.1404782899998327,0.1404782899998327,0.31006724465958424,FALSE,FALSE
2007-04-07,East_Antarctica,0.949073211,-0.1501501911853338,0.1501501911853338,0.31006724465958424,FALSE,FALSE
2007-04-08,East_Antarctica,1.017799231,-0.09845853392161952,0.09845853392161952,0.31006724465958424,FALSE,FALSE
2007-04-09,East_Antarctica,1.093717533,-0.03967139535491904,0.03967139535491904,0.31006724465958424,FALSE,FALSE
2007-04-10,East_Antarctica,1.133447223,-0.01714346163146229,0.01714346163146229,0.31006724465958424,FALSE,FALSE
2007-04-11,East_Antarctica,1.160564345,-0.00727248089747445,0.00727248089747445,0.31006724465958424,FALSE,FALSE
2007-04-12,East_Antarctica,1.182852251,-0.00224905581106371,0.00224905581106371,0.31006724465958424,FALSE,FALSE
2007-04-13,East_Antarctica,1.205707123,0.0033374587103585,0.0033374587103585,0.31006724465958424,FALSE,FALSE
2007-04-14,East_Antarctica,1.204477055,-0.01516947350121156,0.01516947350121156,0.31006724465958424,FALSE,FALSE
2007-04-15,East_Antarctica,1.224862534,-0.01207577900885303,0.01207577900885303,0.31006724465958424,FALSE,FALSE
2007-04-16,East_Antarctica,1.252349314,-0.00190211737564061,0.00190211737564061,0.31006724465958424,FALSE,FALSE
2007-04-17,East_Antarctica,1.276816604,0.00522430683534458,0.00522430683534458,0.31006724465958424,FALSE,FALSE
2007-04-18,East_Antarctica,1.300733638,0.01176631406102735,0.01176631406102735,0.31006724465958424,FALSE,FALSE
2007-04-19,East_Antarctica,1.312607689,0.00622476373833102,0.00622476373833102,0.31006724465958424,FALSE,FALSE
2007-04-20,East_Antarctica,1.326205524,0.00236000930417645,0.00236000930417645,0.31006724465958424,FALSE,FALSE
2007-04-21,East_Antarctica,1.323702388,-0.01765911780451357,0.01765911780451357,0.31006724465958424,FALSE,FALSE
2007-04-22,East_Antarctica,1.328604311,-0.03033300115081649,0.03033300115081649,0.31006724465958424,FALSE,FALSE
2007-04-23,East_Antarctica,1.328774042,-0.04780530529781135,0.04780530529781135,0.31006724465958424,FALSE,FALSE
2007-04-24,East_Antarctica,1.333672697,-0.06062132780857254,0.06062132780857254,0.31006724465958424,FALSE,FALSE
2007-04-25,East_Antarctica,1.336078785,-0.07600836708607805,0.07600836708607805,0.31006724465958424,FALSE,FALSE
2007-04-26,East_Antarctica,1.337077342,-0.09288143755048428,0.09288143755048428,0.31006724465958424,FALSE,FALSE
2007-04-27,East_Antarctica,1.360976073,-0.08692970327957283,0.08692970327957283,0.31006724465958424,FALSE,FALSE
2007-04-28,East_Antarctica,1.393853847,-0.07207113083919592,0.07207113083919592,0.31006724465958424,FALSE,FALSE
2007-04-29,East_Antarctica,1.414752893,-0.06926032679520744,0.06926032679520744,0.31006724465958424,FALSE,FALSE
2007-04-30,East_Antarctica,1.375921557,-0.12624578071345893,0.12624578071345893,0.31006724465958424,FALSE,FALSE
2007-05-01,East_Antarctica,1.35175831,-0.16862585715980472,0.16862585715980472,0.31006724465958424,FALSE,FALSE
2007-05-02,East_Antarctica,1.331501761,-0.2071587827000976,0.2071587827000976,0.31006724465958424,FALSE,FALSE
2007-05-03,East_Antarctica,1.356888252,-0.20010505090018804,0.20010505090018804,0.31006724465958424,FALSE,FALSE
2007-05-04,East_Antarctica,1.407903791,-0.16747548932593226,0.16747548932593226,0.31006724465958424,FALSE,FALSE
2007-05-05,East_Antarctica,1.469071164,-0.12474414754318142,0.12474414754318142,0.31006724465958424,FALSE,FALSE
2007-05-06,East_Antarctica,1.50908232,-0.1032159121177878,0.1032159121177878,0.31006724465958424,FALSE,FALSE
2007-05-07,East_Antarctica,1.522132865,-0.10869200961909996,0.10869200961909996,0.31006724465958424,FALSE,FALSE
2007-05-08,East_Antarctica,1.551992448,-0.09739795301717336,0.09739795301717336,0.31006724465958424,FALSE,FALSE
2007-05-09,East_Antarctica,1.572751928,-0.09523359902801508,0.09523359902801508,0.31006724465958424,FALSE,FALSE
2007-05-10,East_Antarctica,1.619530459,-0.06706977779862311,0.06706977779862311,0.31006724465958424,FALSE,FALSE
2007-05-11,East_Antarctica,1.631681644,-0.07354287047599217,0.07354287047599217,0.31006724465958424,FALSE,FALSE
2007-05-12,East_Antarctica,1.619025319,-0.10482302520712028,0.10482302520712028,0.31006724465958424,FALSE,FALSE
2007-05-13,East_Antarctica,1.605763159,-0.1366985511390002,0.1366985511390002,0.31006724465958424,FALSE,FALSE
2007-05-14,East_Antarctica,1.618786878,-0.14226771841863073,0.14226771841863073,0.31006724465958424,FALSE,FALSE
2007-05-15,East_Antarctica,1.632509513,-0.14710747419300674,0.14710747419300674,0.31006724465958424,FALSE,FALSE
2007-05-16,East_Antarctica,1.651521855,-0.14661701160912632,0.14661701160912632,0.31006724465958424,FALSE,FALSE
2007-05-17,East_Antarctica,1.679583604,-0.1370266148139816,0.1370266148139816,0.31006724465958424,FALSE,FALSE
2007-05-18,East_Antarctica,1.689153845,-0.145867182954575,0.145867182954575,0.31006724465958424,FALSE,FALSE
2007-05-19,East_Antarctica,1.710090853,-0.14327042517789712,0.14327042517789712,0.31006724465958424,FALSE,FALSE
2007-05-20,East_Antarctica,1.758256352,-0.1133641720487062,0.1133641720487062,0.31006724465958424,FALSE,FALSE
2007-05-21,East_Antarctica,1.777530472,-0.1122500094095642,0.1122500094095642,0.31006724465958424,FALSE,FALSE
2007-05-22,East_Antarctica,1.78836074,-0.11945527753853293,0.11945527753853293,0.31006724465958424,FALSE,FALSE
2007-05-23,East_Antarctica,1.833055528,-0.09264624129565258,0.09264624129565258,0.31006724465958424,FALSE,FALSE
2007-05-24,East_Antarctica,1.815721069,-0.1276913045409771,0.1276913045409771,0.31006724465958424,FALSE,FALSE
2007-05-25,East_Antarctica,1.817433277,-0.1434891901345514,0.1434891901345514,0.31006724465958424,FALSE,FALSE
2007-05-26,East_Antarctica,1.841721275,-0.1364854119364214,0.1364854119364214,0.31006724465958424,FALSE,FALSE
2007-05-27,East_Antarctica,1.847793255,-0.14744641480663412,0.14744641480663412,0.31006724465958424,FALSE,FALSE
2007-05-28,East_Antarctica,1.863837944,-0.14815810860523793,0.14815810860523793,0.31006724465958424,FALSE,FALSE
2007-05-29,East_Antarctica,1.834054286,-0.1943961861922794,0.1943961861922794,0.31006724465958424,FALSE,FALSE
2007-05-30,East_Antarctica,1.870405054,-0.1741725114278032,0.1741725114278032,0.31006724465958424,FALSE,FALSE
2007-05-31,East_Antarctica,1.91833622,-0.14201574917186033,0.14201574917186033,0.31006724465958424,FALSE,FALSE
2007-06-01,East_Antarctica,1.974464121,-0.1012841992844944,0.1012841992844944,0.31006724465958424,FALSE,FALSE
2007-06-02,East_Antarctica,2.002396338,-0.08835735271261447,0.08835735271261447,0.31006724465958424,FALSE,FALSE
2007-06-03,East_Antarctica,2.054146087,-0.05126423080645503,0.05126423080645503,0.31006724465958424,FALSE,FALSE
2007-06-04,East_Antarctica,2.089817781,-0.02995795026341063,0.02995795026341063,0.31006724465958424,FALSE,FALSE
2007-06-05,East_Antarctica,2.140176095,0.00626863365265695,0.00626863365265695,0.31006724465958424,FALSE,FALSE
2007-06-06,East_Antarctica,2.177888255,0.03002521667788249,0.03002521667788249,0.31006724465958424,FALSE,FALSE
2007-06-07,East_Antarctica,2.202483009,0.04078301654840555,0.04078301654840555,0.31006724465958424,FALSE,FALSE
2007-06-08,East_Antarctica,2.203790112,0.02831425800036324,0.02831425800036324,0.31006724465958424,FALSE,FALSE
2007-06-09,East_Antarctica,2.198832654,0.0095845007698907,0.0095845007698907,0.31006724465958424,FALSE,FALSE
2007-06-10,East_Antarctica,2.206418424,0.00334400359313136,0.00334400359313136,0.31006724465958424,FALSE,FALSE
2007-06-11,East_Antarctica,2.242267334,0.02525514820621577,0.02525514820621577,0.31006724465958424,FALSE,FALSE
2007-06-12,East_Antarctica,2.255909969,0.02479098934528556,0.02479098934528556,0.31006724465958424,FALSE,FALSE
2007-06-13,East_Antarctica,2.284737805,0.03928547274647664,0.03928547274647664,0.31006724465958424,FALSE,FALSE
2007-06-14,East_Antarctica,2.330822415,0.07075377340976585,0.07075377340976585,0.31006724465958424,FALSE,FALSE
2007-06-15,East_Antarctica,2.34921029,0.07423589922096019,0.07423589922096019,0.31006724465958424,FALSE,FALSE
2007-06-16,East_Antarctica,2.349125577,0.05901799008220942,0.05901799008220942,0.31006724465958424,FALSE,FALSE
2007-06-17,East_Antarctica,2.375726308,0.0703250320997948,0.0703250320997948,0.31006724465958424,FALSE,FALSE
2007-06-18,East_Antarctica,2.418341942,0.09755343838001453,0.09755343838001453,0.31006724465958424,FALSE,FALSE
2007-06-19,East_Antarctica,2.474654327,0.13845201102914917,0.13845201102914917,0.31006724465958424,FALSE,FALSE
2007-06-20,East_Antarctica,2.550314832,0.19873907315349015,0.19873907315349015,0.31006724465958424,FALSE,FALSE
2007-06-21,East_Antarctica,2.582114901,0.2152730228593267,0.2152730228593267,0.31006724465958424,FALSE,FALSE
2007-06-22,East_Antarctica,2.639994634,0.2580609142529444,0.2580609142529444,0.31006724465958424,FALSE,FALSE
2007-06-23,East_Antarctica,2.677025352,0.2802410224406344,0.2802410224406344,0.31006724465958424,FALSE,FALSE
2007-06-24,East_Antarctica,2.677093285,0.26576653152868523,0.26576653152868523,0.31006724465958424,FALSE,FALSE
2007-06-25,East_Antarctica,2.669078374,0.2435843366233814,0.2435843366233814,0.31006724465958424,FALSE,FALSE
2007-06-26,East_Antarctica,2.667418329,0.22819910183101744,0.22819910183101744,0.31006724465958424,FALSE,FALSE
2007-06-27,East_Antarctica,2.669454657,0.21700976850064624,0.21700976850064624,0.31006724465958424,FALSE,FALSE
2007-06-28,East_Antarctica,2.660784086,0.1955985628853587,0.1955985628853587,0.31006724465958424,FALSE,FALSE
2007-06-29,East_Antarctica,2.674305104,0.19681660080830587,0.19681660080830587,0.31006724465958424,FALSE,FALSE
2007-06-30,East_Antarctica,2.689240502,0.19983913208898452,0.19983913208898452,0.31006724465958424,FALSE,FALSE
2007-07-01,East_Antarctica,2.71304327,0.2120716055468863,0.2120716055468863,0.31006724465958424,FALSE,FALSE
2007-07-02,East_Antarctica,2.708246553,0.1959996250015008,0.1959996250015008,0.31006724465958424,FALSE,FALSE
2007-07-03,East_Antarctica,2.653202281,0.12992757927232468,0.12992757927232468,0.31006724465958424,FALSE,FALSE
2007-07-04,East_Antarctica,2.59084112,0.05673859317884799,0.05673859317884799,0.31006724465958424,FALSE,FALSE
2007-07-05,East_Antarctica,2.543699508,-0.0010784364594345,0.0010784364594345,0.31006724465958424,FALSE,FALSE
2007-07-06,East_Antarctica,2.528767116,-0.02658137982303188,0.02658137982303188,0.31006724465958424,FALSE,FALSE
2007-07-07,East_Antarctica,2.549203105,-0.01665861709245009,0.01665861709245009,0.31006724465958424,FALSE,FALSE
2007-07-08,East_Antarctica,2.53026339,-0.04610177444819596,0.04610177444819596,0.31006724465958424,FALSE,FALSE
2007-07-09,East_Antarctica,2.531925156,-0.05498115062662689,0.05498115062662689,0.31006724465958424,FALSE,FALSE
2007-07-10,East_Antarctica,2.515770466,-0.08175099374252603,0.08175099374252603,0.31006724465958424,FALSE,FALSE
2007-07-11,East_Antarctica,2.459236017,-0.14898646691385276,0.14898646691385276,0.31006724465958424,FALSE,FALSE
2007-07-12,East_Antarctica,2.471340649,-0.14767735450396602,0.14767735450396602,0.31006724465958424,FALSE,FALSE
2007-07-13,East_Antarctica,2.511090362,-0.11882628087622792,0.11882628087622792,0.31006724465958424,FALSE,FALSE
2007-07-14,East_Antarctica,2.539691379,-0.1012356473939926,0.1012356473939926,0.31006724465958424,FALSE,FALSE
2007-07-15,East_Antarctica,2.559625223,-0.09243255542062068,0.09243255542062068,0.31006724465958424,FALSE,FALSE
2007-07-16,East_Antarctica,2.529016206,-0.13430131731946782,0.13430131731946782,0.31006724465958424,FALSE,FALSE
2007-07-17,East_Antarctica,2.497527783,-0.17718710245389646,0.17718710245389646,0.31006724465958424,FALSE,FALSE
2007-07-18,East_Antarctica,2.480199611,-0.20605887818726032,0.20605887818726032,0.31006724465958424,FALSE,FALSE
2007-07-19,East_Antarctica,2.46663579,-0.23132116888292176,0.23132116888292176,0.31006724465958424,FALSE,FALSE
2007-07-20,East_Antarctica,2.474143512,-0.2356754069042366,0.2356754069042366,0.31006724465958424,FALSE,FALSE
2007-07-21,East_Antarctica,2.514481334,-0.20737165961456405,0.20737165961456405,0.31006724465958424,FALSE,FALSE
2007-07-22,East_Antarctica,2.592037763,-0.14202748778602592,0.14202748778602592,0.31006724465958424,FALSE,FALSE
2007-07-23,East_Antarctica,2.678294708,-0.06813176335749338,0.06813176335749338,0.31006724465958424,FALSE,FALSE
2007-07-24,East_Antarctica,2.803687732,0.04480601770530335,0.04480601770530335,0.31006724465958424,FALSE,FALSE
2007-07-25,East_Antarctica,2.852789029,0.08141357391107595,0.08141357391107595,0.31006724465958424,FALSE,FALSE
2007-07-26,East_Antarctica,2.838637629,0.0547854597685351,0.0547854597685351,0.31006724465958424,FALSE,FALSE
2007-07-27,East_Antarctica,2.816482003,0.02022567078638815,0.02022567078638815,0.31006724465958424,FALSE,FALSE
2007-07-28,East_Antarctica,2.829403197,0.02087077747334653,0.02087077747334653,0.31006724465958424,FALSE,FALSE
2007-07-29,East_Antarctica,2.827292282,0.006667375338123,0.006667375338123,0.31006724465958424,FALSE,FALSE
2007-07-30,East_Antarctica,2.801996974,-0.03048129511057595,0.03048129511057595,0.31006724465958424,FALSE,FALSE
2007-07-31,East_Antarctica,2.772763455,-0.07127352736403836,0.07127352736403836,0.31006724465958424,FALSE,FALSE
2007-08-01,East_Antarctica,2.713454575,-0.1417909469135532,0.1417909469135532,0.31006724465958424,FALSE,FALSE
2007-08-02,East_Antarctica,2.696365751,-0.16968261225041426,0.16968261225041426,0.31006724465958424,FALSE,FALSE
2007-08-03,East_Antarctica,2.679927894,-0.19646208859906844,0.19646208859906844,0.31006724465958424,FALSE,FALSE
2007-08-04,East_Antarctica,2.648544691,-0.23768995761779133,0.23768995761779133,0.31006724465958424,FALSE,FALSE
2007-08-05,East_Antarctica,2.671719192,-0.2238988369190622,0.2238988369190622,0.31006724465958424,FALSE,FALSE
2007-08-06,East_Antarctica,2.70733076,-0.19726112548146135,0.19726112548146135,0.31006724465958424,FALSE,FALSE
2007-08-07,East_Antarctica,2.734435813,-0.17877216728357048,0.17877216728357048,0.31006724465958424,FALSE,FALSE
2007-08-08,East_Antarctica,2.797473779,-0.12404429630396896,0.12404429630396896,0.31006724465958424,FALSE,FALSE
2007-08-09,East_Antarctica,2.810711748,-0.11886218452123742,0.11886218452123742,0.31006724465958424,FALSE,FALSE
2007-08-10,East_Antarctica,2.820170713,-0.11725660091395752,0.11725660091395752,0.31006724465958424,FALSE,FALSE
2007-08-11,East_Antarctica,2.892801934,-0.05232804746070885,0.05232804746070885,0.31006724465958424,FALSE,FALSE
2007-08-12,East_Antarctica,2.90520568,-0.04752801714007226,0.04752801714007226,0.31006724465958424,FALSE,FALSE
2007-08-13,East_Antarctica,2.881931343,-0.07835887993062851,0.07835887993062851,0.31006724465958424,FALSE,FALSE
2007-08-14,East_Antarctica,2.855882248,-0.11196907281095658,0.11196907281095658,0.31006724465958424,FALSE,FALSE
2007-08-15,East_Antarctica,2.829348667,-0.14612008575963786,0.14612008575963786,0.31006724465958424,FALSE,FALSE
2007-08-16,East_Antarctica,2.820184549,-0.16300819945952805,0.16300819945952805,0.31006724465958424,FALSE,FALSE
2007-08-17,East_Antarctica,2.835264121,-0.15576387316568718,0.15576387316568718,0.31006724465958424,FALSE,FALSE
2007-08-18,East_Antarctica,2.869302872,-0.12962417608819088,0.12962417608819088,0.31006724465958424,FALSE,FALSE
2007-08-19,East_Antarctica,2.818392107,-0.18844750468551472,0.18844750468551472,0.31006724465958424,FALSE,FALSE
2007-08-20,East_Antarctica,2.82947784,-0.18523754641612425,0.18523754641612425,0.31006724465958424,FALSE,FALSE
2007-08-21,East_Antarctica,2.866588091,-0.1559159827384895,0.1559159827384895,0.31006724465958424,FALSE,FALSE
2007-08-22,East_Antarctica,2.862889767,-0.1672656081110806,0.1672656081110806,0.31006724465958424,FALSE,FALSE
2007-08-23,East_Antarctica,2.916744268,-0.12087472399236798,0.12087472399236798,0.31006724465958424,FALSE,FALSE
2007-08-24,East_Antarctica,2.978853997,-0.06599062884081874,0.06599062884081874,0.31006724465958424,FALSE,FALSE
2007-08-25,East_Antarctica,3.010302864,-0.04147911411490312,0.04147911411490312,0.31006724465958424,FALSE,FALSE
2007-08-26,East_Antarctica,3.006447695,-0.051933055273091,0.051933055273091,0.31006724465958424,FALSE,FALSE
2007-08-27,East_Antarctica,3.030515783,-0.03407486077385169,0.03407486077385169,0.31006724465958424,FALSE,FALSE
2007-08-28,East_Antarctica,3.027509714,-0.04285164607565228,0.04285164607565228,0.31006724465958424,FALSE,FALSE
2007-08-29,East_Antarctica,2.992444767,-0.08320682526193535,0.08320682526193535,0.31006724465958424,FALSE,FALSE
2007-08-30,East_Antarctica,3.019555328,-0.06091935377923763,0.06091935377923763,0.31006724465958424,FALSE,FALSE
2007-08-31,East_Antarctica,3.047493913,-0.03737059020501299,0.03737059020501299,0.31006724465958424,FALSE,FALSE
2007-09-01,East_Antarctica,3.061406042,-0.0274489259464099,0.0274489259464099,0.31006724465958424,FALSE,FALSE
2007-09-02,East_Antarctica,3.102021035,0.00954104758942264,0.00954104758942264,0.31006724465958424,FALSE,FALSE
2007-09-03,East_Antarctica,3.123441865,0.02766839199533466,0.02766839199533466,0.31006724465958424,FALSE,FALSE
2007-09-04,East_Antarctica,3.069008987,-0.02976034913581848,0.02976034913581848,0.31006724465958424,FALSE,FALSE
2007-09-05,East_Antarctica,3.078187859,-0.02331362921118751,0.02331362921118751,0.31006724465958424,FALSE,FALSE
2007-09-06,East_Antarctica,3.074625397,-0.02937844363792052,0.02937844363792052,0.31006724465958424,FALSE,FALSE
2007-09-07,East_Antarctica,3.071685011,-0.03462529382316548,0.03462529382316548,0.31006724465958424,FALSE,FALSE
2007-09-08,East_Antarctica,3.043345114,-0.06510967817407431,0.06510967817407431,0.31006724465958424,FALSE,FALSE
2007-09-09,East_Antarctica,3.066180403,-0.04429081109778821,0.04429081109778821,0.31006724465958424,FALSE,FALSE
2007-09-10,East_Antarctica,3.08856883,-0.02382460019352494,0.02382460019352494,0.31006724465958424,FALSE,FALSE
2007-09-11,East_Antarctica,3.082508925,-0.03174145684782026,0.03174145684782026,0.31006724465958424,FALSE,FALSE
2007-09-12,East_Antarctica,3.076823568,-0.03923854240991042,0.03923854240991042,0.31006724465958424,FALSE,FALSE
2007-09-13,East_Antarctica,3.110296798,-0.00755092213269081,0.00755092213269081,0.31006724465958424,FALSE,FALSE
2007-09-14,East_Antarctica,3.118892986,-7.333292690541171e-4,7.333292690541171e-4,0.31006724465958424,FALSE,FALSE
2007-09-15,East_Antarctica,3.099167139,-0.02224986107190041,0.02224986107190041,0.31006724465958424,FALSE,FALSE
2007-09-16,East_Antarctica,3.091312632,-0.03192624679412148,0.03192624679412148,0.31006724465958424,FALSE,FALSE
2007-09-17,East_Antarctica,3.096229398,-0.02888165768861483,0.02888165768861483,0.31006724465958424,FALSE,FALSE
2007-09-18,East_Antarctica,3.137795676,0.0107430409917244,0.0107430409917244,0.31006724465958424,FALSE,FALSE
2007-09-19,East_Antarctica,3.175580582,0.04649786099400099,0.04649786099400099,0.31006724465958424,FALSE,FALSE
2007-09-20,East_Antarctica,3.184857151,0.05363673306532091,0.05363673306532091,0.31006724465958424,FALSE,FALSE
2007-09-21,East_Antarctica,3.153167266,0.0196824359527854,0.0196824359527854,0.31006724465958424,FALSE,FALSE
2007-09-22,East_Antarctica,3.164266725,0.0283716634035005,0.0283716634035005,0.31006724465958424,FALSE,FALSE
2007-09-23,East_Antarctica,3.17145642,0.03299229012016358,0.03299229012016358,0.31006724465958424,FALSE,FALSE
2007-09-24,East_Antarctica,3.14145639,3.165055128948602e-4,3.165055128948602e-4,0.31006724465958424,FALSE,FALSE
2007-09-25,East_Antarctica,3.114981458,-0.02884918527509716,0.02884918527509716,0.31006724465958424,FALSE,FALSE
2007-09-26,East_Antarctica,3.1176698370000002,-0.02877433242677307,0.02877433242677307,0.31006724465958424,FALSE,FALSE
2007-09-27,East_Antarctica,3.131368998,-0.0175192281251002,0.0175192281251002,0.31006724465958424,FALSE,FALSE
2007-09-28,East_Antarctica,3.17830151,0.02723093344696137,0.02723093344696137,0.31006724465958424,FALSE,FALSE
2007-09-29,East_Antarctica,3.207826614,0.05492763010644719,0.05492763010644719,0.31006724465958424,FALSE,FALSE
2007-09-30,East_Antarctica,3.245649024,0.09136781267039408,0.09136781267039408,0.31006724465958424,FALSE,FALSE
2007-10-01,East_Antarctica,3.254608592,0.09948356995583783,0.09948356995583783,0.31006724465958424,FALSE,FALSE
2007-10-02,East_Antarctica,3.241940308,0.08660212877981754,0.08660212877981754,0.31006724465958424,FALSE,FALSE
2007-10-03,East_Antarctica,3.216966231,0.06213778495936939,0.06213778495936939,0.31006724465958424,FALSE,FALSE
2007-10-04,East_Antarctica,3.187540035,0.03403644931152705,0.03403644931152705,0.31006724465958424,FALSE,FALSE
2007-10-05,East_Antarctica,3.164479105,0.01320771589254121,0.01320771589254121,0.31006724465958424,FALSE,FALSE
2007-10-06,East_Antarctica,3.137489698,-0.01058352951429331,0.01058352951429331,0.31006724465958424,FALSE,FALSE
2007-10-07,East_Antarctica,3.142103542,-0.00184570815393048,0.00184570815393048,0.31006724465958424,FALSE,FALSE
2007-10-08,East_Antarctica,3.147106698,0.00814902048319377,0.00814902048319377,0.31006724465958424,FALSE,FALSE
2007-10-09,East_Antarctica,3.103999685,-0.02915704509335803,0.02915704509335803,0.31006724465958424,FALSE,FALSE
2007-10-10,East_Antarctica,3.048558465,-0.07804616337401749,0.07804616337401749,0.31006724465958424,FALSE,FALSE
2007-10-11,East_Antarctica,3.009370786,-0.10998880684922165,0.10998880684922165,0.31006724465958424,FALSE,FALSE
2007-10-12,East_Antarctica,3.020883168,-0.0905966760094099,0.0905966760094099,0.31006724465958424,FALSE,FALSE
2007-10-13,East_Antarctica,3.074218232,-0.02880537034501484,0.02880537034501484,0.31006724465958424,FALSE,FALSE
2007-10-14,East_Antarctica,3.115963141,0.02191405265352797,0.02191405265352797,0.31006724465958424,FALSE,FALSE
2007-10-15,East_Antarctica,3.153548285,0.06893376249578198,0.06893376249578198,0.31006724465958424,FALSE,FALSE
2007-10-16,East_Antarctica,3.147949363,0.0731712376913154,0.0731712376913154,0.31006724465958424,FALSE,FALSE
2007-10-17,East_Antarctica,3.167673472,0.1030753547496852,0.1030753547496852,0.31006724465958424,FALSE,FALSE
2007-10-18,East_Antarctica,3.176393475,0.1222640560249184,0.1222640560249184,0.31006724465958424,FALSE,FALSE
2007-10-19,East_Antarctica,3.172244692,0.12888782858954828,0.12888782858954828,0.31006724465958424,FALSE,FALSE
2007-10-20,East_Antarctica,3.147886601,0.11568832244660145,0.11568832244660145,0.31006724465958424,FALSE,FALSE
2007-10-21,East_Antarctica,3.108983301,0.08841449149486857,0.08841449149486857,0.31006724465958424,FALSE,FALSE
2007-10-22,East_Antarctica,3.126530129,0.11814652763313394,0.11814652763313394,0.31006724465958424,FALSE,FALSE
2007-10-23,East_Antarctica,3.167334504,0.17177670476019147,0.17177670476019147,0.31006724465958424,FALSE,FALSE
2007-10-24,East_Antarctica,3.212802911,0.23079636277482507,0.23079636277482507,0.31006724465958424,FALSE,FALSE
2007-10-25,East_Antarctica,3.209013217,0.2413682235758237,0.2413682235758237,0.31006724465958424,FALSE,FALSE
2007-10-26,East_Antarctica,3.143314525,0.19092624506197753,0.19092624506197753,0.31006724465958424,FALSE,FALSE
2007-10-27,East_Antarctica,3.062689879,0.12653832613207203,0.12653832613207203,0.31006724465958424,FALSE,FALSE
2007-10-28,East_Antarctica,3.01618397,0.09733401268489585,0.09733401268489585,0.31006724465958424,FALSE,FALSE
2007-10-29,East_Antarctica,3.007910908,0.10751226961923745,0.10751226961923745,0.31006724465958424,FALSE,FALSE
2007-10-30,East_Antarctica,2.968527595,0.08781485383388477,0.08781485383388477,0.31006724465958424,FALSE,FALSE
2007-10-31,East_Antarctica,2.900364117,0.0406442955802504,0.0406442955802504,0.31006724465958424,FALSE,FALSE
2007-11-01,East_Antarctica,2.861819882,0.02441135920849024,0.02441135920849024,0.31006724465958424,FALSE,FALSE
2007-11-02,East_Antarctica,2.818720427,0.00493417423930653,0.00493417423930653,0.31006724465958424,FALSE,FALSE
2007-11-03,East_Antarctica,2.791872524,0.00301210014918318,0.00301210014918318,0.31006724465958424,FALSE,FALSE
2007-11-04,East_Antarctica,2.747839161,-0.01479928758538928,0.01479928758538928,0.31006724465958424,FALSE,FALSE
2007-11-05,East_Antarctica,2.711662243,-0.02346549648792084,0.02346549648792084,0.31006724465958424,FALSE,FALSE
2007-11-06,East_Antarctica,2.686100445,-0.02023526408192832,0.02023526408192832,0.31006724465958424,FALSE,FALSE
2007-11-07,East_Antarctica,2.64168326,-0.03458650989091838,0.03458650989091838,0.31006724465958424,FALSE,FALSE
2007-11-08,East_Antarctica,2.580546868,-0.06439046643840651,0.06439046643840651,0.31006724465958424,FALSE,FALSE
2007-11-09,East_Antarctica,2.476662404,-0.13568341124790306,0.13568341124790306,0.31006724465958424,FALSE,FALSE
2007-11-10,East_Antarctica,2.420114906,-0.15838771884291836,0.15838771884291836,0.31006724465958424,FALSE,FALSE
2007-11-11,East_Antarctica,2.380580247,-0.16283492874696617,0.16283492874696617,0.31006724465958424,FALSE,FALSE
2007-11-12,East_Antarctica,2.362275982,-0.1448158060482636,0.1448158060482636,0.31006724465958424,FALSE,FALSE
2007-11-13,East_Antarctica,2.299557328,-0.17003365940706727,0.17003365940706727,0.31006724465958424,FALSE,FALSE
2007-11-14,East_Antarctica,2.274870739,-0.15617602993442903,0.15617602993442903,0.31006724465958424,FALSE,FALSE
2007-11-15,East_Antarctica,2.209844707,-0.1817546457277208,0.1817546457277208,0.31006724465958424,FALSE,FALSE
2007-11-16,East_Antarctica,2.123213253,-0.22817570588431924,0.22817570588431924,0.31006724465958424,FALSE,FALSE
2007-11-17,East_Antarctica,2.059102268,-0.25145353950159777,0.25145353950159777,0.31006724465958424,FALSE,FALSE
2007-11-18,East_Antarctica,2.051647436,-0.21759268267693568,0.21759268267693568,0.31006724465958424,FALSE,FALSE
2007-11-19,East_Antarctica,2.008067082,-0.2195150305077065,0.2195150305077065,0.31006724465958424,FALSE,FALSE
2007-11-20,East_Antarctica,1.975653145,-0.21006886409128425,0.21006886409128425,0.31006724465958424,FALSE,FALSE
2007-11-21,East_Antarctica,1.931846615,-0.2119534135250447,0.2119534135250447,0.31006724465958424,FALSE,FALSE
2007-11-22,East_Antarctica,1.897943508,-0.20401288290636369,0.20401288290636369,0.31006724465958424,FALSE,FALSE
2007-11-23,East_Antarctica,1.88846232,-0.1718689963326181,0.1718689963326181,0.31006724465958424,FALSE,FALSE
2007-11-24,East_Antarctica,1.863503614,-0.15556141090118047,0.15556141090118047,0.31006724465958424,FALSE,FALSE
2007-11-25,East_Antarctica,1.832151572,-0.1461376770656624,0.1461376770656624,0.31006724465958424,FALSE,FALSE
2007-11-26,East_Antarctica,1.823494812,-0.1145691222107692,0.1145691222107692,0.31006724465958424,FALSE,FALSE
2007-11-27,East_Antarctica,1.811649592,-0.08676333732186037,0.08676333732186037,0.31006724465958424,FALSE,FALSE
2007-11-28,East_Antarctica,1.804265651,-0.05509415897503289,0.05509415897503289,0.31006724465958424,FALSE,FALSE
2007-11-29,East_Antarctica,1.798817453,-0.02211069874638882,0.02211069874638882,0.31006724465958424,FALSE,FALSE
2007-11-30,East_Antarctica,1.764897851,-0.01824367921202419,0.01824367921202419,0.31006724465958424,FALSE,FALSE
2007-12-01,East_Antarctica,1.725520869,-0.02050265194804001,0.02050265194804001,0.31006724465958424,FALSE,FALSE
2007-12-02,East_Antarctica,1.725418528,0.01582082846946675,0.01582082846946675,0.31006724465958424,FALSE,FALSE
2007-12-03,East_Antarctica,1.693393433,0.01950579146439479,0.01950579146439479,0.31006724465958424,FALSE,FALSE
2007-12-04,East_Antarctica,1.670612475,0.03169555246064592,0.03169555246064592,0.31006724465958424,FALSE,FALSE
2007-12-05,East_Antarctica,1.628770579,0.02406146088212213,0.02406146088212213,0.31006724465958424,FALSE,FALSE
2007-12-06,East_Antarctica,1.598363114,0.02707531015272279,0.02707531015272279,0.31006724465958424,FALSE,FALSE
2007-12-07,East_Antarctica,1.559675204,0.02099867268220356,0.02099867268220356,0.31006724465958424,FALSE,FALSE
2007-12-08,East_Antarctica,1.541156087,0.03426468085696288,0.03426468085696288,0.31006724465958424,FALSE,FALSE
2007-12-09,East_Antarctica,1.517265537,0.04133496002505121,0.04133496002505121,0.31006724465958424,FALSE,FALSE
2007-12-10,East_Antarctica,1.487311456,0.04152191617809597,0.04152191617809597,0.31006724465958424,FALSE,FALSE
2007-12-11,East_Antarctica,1.460310665,0.04384687430771694,0.04384687430771694,0.31006724465958424,FALSE,FALSE
2007-12-12,East_Antarctica,1.433542684,0.04559385840553776,0.04559385840553776,0.31006724465958424,FALSE,FALSE
2007-12-13,East_Antarctica,1.399861281,0.03962114046318343,0.03962114046318343,0.31006724465958424,FALSE,FALSE
2007-12-14,East_Antarctica,1.392652742,0.05931951047227724,0.05931951047227724,0.31006724465958424,FALSE,FALSE
2007-12-15,East_Antarctica,1.381123157,0.07389956242444229,0.07389956242444229,0.31006724465958424,FALSE,FALSE
2007-12-16,East_Antarctica,1.373902732,0.09199600631130211,0.09199600631130211,0.31006724465958424,FALSE,FALSE
2007-12-17,East_Antarctica,1.377575258,0.12019713712448075,0.12019713712448075,0.31006724465958424,FALSE,FALSE
2007-12-18,East_Antarctica,1.359048531,0.12541525485559957,0.12541525485559957,0.31006724465958424,FALSE,FALSE
2007-12-19,East_Antarctica,1.326538486,0.115870798496285,0.115870798496285,0.31006724465958424,FALSE,FALSE
2007-12-20,East_Antarctica,1.288344491,0.09986844652166572,0.09986844652166572,0.31006724465958424,FALSE,FALSE
2007-12-21,East_Antarctica,1.271582734,0.10454244946564152,0.10454244946564152,0.31006724465958424,FALSE,FALSE
2007-12-22,East_Antarctica,1.257629353,0.11129718682318825,0.11129718682318825,0.31006724465958424,FALSE,FALSE
2007-12-23,East_Antarctica,1.251695637,0.12537247274560226,0.12537247274560226,0.31006724465958424,FALSE,FALSE
2007-12-24,East_Antarctica,1.238936134,0.13195138038418075,0.13195138038418075,0.31006724465958424,FALSE,FALSE
2007-12-25,East_Antarctica,1.199795774,0.1115073648902194,0.1115073648902194,0.31006724465958424,FALSE,FALSE
2007-12-26,East_Antarctica,1.186650817,0.1164452114150143,0.1164452114150143,0.31006724465958424,FALSE,FALSE
2007-12-27,East_Antarctica,1.176450379,0.1237425611098606,0.1237425611098606,0.31006724465958424,FALSE,FALSE
2007-12-28,East_Antarctica,1.15780736,0.12204083912605546,0.12204083912605546,0.31006724465958424,FALSE,FALSE
2007-12-29,East_Antarctica,1.146245809,0.1268926196148965,0.1268926196148965,0.31006724465958424,FALSE,FALSE
2007-12-30,East_Antarctica,1.149757847,0.14631854872767858,0.14631854872767858,0.31006724465958424,FALSE,FALSE
2007-12-31,East_Antarctica,1.1383137,0.15031737761569552,0.15031737761569552,0.31006724465958424,FALSE,FALSE
2008-01-01,East_Antarctica,1.141973525,0.16897778843024602,0.16897778843024602,0.31006724465958424,FALSE,FALSE
2008-01-02,East_Antarctica,1.129929727,0.17151960834385205,0.17151960834385205,0.31006724465958424,FALSE,FALSE
2008-01-03,East_Antarctica,1.114773806,0.17055734761392882,0.17055734761392882,0.31006724465958424,FALSE,FALSE
2008-01-04,East_Antarctica,1.101009886,0.17061703751912116,0.17061703751912116,0.31006724465958424,FALSE,FALSE
2008-01-05,East_Antarctica,1.095639364,0.17872198233807624,0.17872198233807624,0.31006724465958424,FALSE,FALSE
2008-01-06,East_Antarctica,1.082466519,0.1786983683494312,0.1786983683494312,0.31006724465958424,FALSE,FALSE
2008-01-07,East_Antarctica,1.070513099,0.1795898508318332,0.1795898508318332,0.31006724465958424,FALSE,FALSE
2008-01-08,East_Antarctica,1.081288244,0.20292747706392533,0.20292747706392533,0.31006724465958424,FALSE,FALSE
2008-01-09,East_Antarctica,1.085427874,0.21936907432434893,0.21936907432434893,0.31006724465958424,FALSE,FALSE
2008-01-10,East_Antarctica,1.081749738,0.22775429889175036,0.22775429889175036,0.31006724465958424,FALSE,FALSE
2008-01-11,East_Antarctica,1.079383591,0.23723481304477032,0.23723481304477032,0.31006724465958424,FALSE,FALSE
2008-01-12,East_Antarctica,1.078848543,0.24835163406205363,0.24835163406205363,0.31006724465958424,FALSE,FALSE
2008-01-13,East_Antarctica,1.054075261,0.2350573362222429,0.2350573362222429,0.31006724465958424,FALSE,FALSE
2008-01-14,East_Antarctica,1.005864677,0.19817442397255525,0.19817442397255525,0.31006724465958424,FALSE,FALSE
2008-01-15,East_Antarctica,0.987235621,0.19073128438867404,0.19073128438867404,0.31006724465958424,FALSE,FALSE
2008-01-16,East_Antarctica,0.995809978,0.21034430685841743,0.21034430685841743,0.31006724465958424,FALSE,FALSE
2008-01-17,East_Antarctica,1.007837644,0.23325693978649753,0.23325693978649753,0.31006724465958424,FALSE,FALSE
2008-01-18,East_Antarctica,1.009703508,0.24584762457762832,0.24584762457762832,0.31006724465958424,FALSE,FALSE
2008-01-19,East_Antarctica,0.983907046,0.2306093896365221,0.2306093896365221,0.31006724465958424,FALSE,FALSE
2008-01-20,East_Antarctica,0.984528236,0.24161576536789145,0.24161576536789145,0.31006724465958424,FALSE,FALSE
2008-01-21,East_Antarctica,0.966469825,0.2337630511764496,0.2337630511764496,0.31006724465958424,FALSE,FALSE
2008-01-22,East_Antarctica,0.942373943,0.2196869294669097,0.2196869294669097,0.31006724465958424,FALSE,FALSE
2008-01-23,East_Antarctica,0.917068138,0.20420850064398377,0.20420850064398377,0.31006724465958424,FALSE,FALSE
2008-01-24,East_Antarctica,0.913444155,0.2102130621123851,0.2102130621123851,0.31006724465958424,FALSE,FALSE
2008-01-25,East_Antarctica,0.905035841,0.2112280132768266,0.2112280132768266,0.31006724465958424,FALSE,FALSE
2008-01-26,East_Antarctica,0.887948784,0.20335249454202153,0.20335249454202153,0.31006724465958424,FALSE,FALSE
2008-01-27,East_Antarctica,0.86976531,0.1941632031985527,0.1941632031985527,0.31006724465958424,FALSE,FALSE
2008-01-28,East_Antarctica,0.865617236,0.1987918709512685,0.1987918709512685,0.31006724465958424,FALSE,FALSE
2008-01-29,East_Antarctica,0.870508982,0.21224513111955312,0.21224513111955312,0.31006724465958424,FALSE,FALSE
2008-01-30,East_Antarctica,0.851167653,0.2012523094273556,0.2012523094273556,0.31006724465958424,FALSE,FALSE
2008-01-31,East_Antarctica,0.838837463,0.19705984059862747,0.19705984059862747,0.31006724465958424,FALSE,FALSE
2008-02-01,East_Antarctica,0.808523841,0.17467537435732017,0.17467537435732017,0.31006724465958424,FALSE,FALSE
2008-02-02,East_Antarctica,0.812824425,0.1866987694273834,0.1866987694273834,0.31006724465958424,FALSE,FALSE
2008-02-03,East_Antarctica,0.79644217,0.17783520153276944,0.17783520153276944,0.31006724465958424,FALSE,FALSE
2008-02-04,East_Antarctica,0.793399606,0.18210942139742825,0.18210942139742825,0.31006724465958424,FALSE,FALSE
2008-02-05,East_Antarctica,0.806115184,0.2019421007453104,0.2019421007453104,0.31006724465958424,FALSE,FALSE
2008-02-06,East_Antarctica,0.79760553,0.20035208630036683,0.20035208630036683,0.31006724465958424,FALSE,FALSE
2008-02-07,East_Antarctica,0.772198634,0.18166958878654893,0.18166958878654893,0.31006724465958424,FALSE,FALSE
2008-02-08,East_Antarctica,0.766684264,0.1826864576808398,0.1826864576808398,0.31006724465958424,FALSE,FALSE
2008-02-09,East_Antarctica,0.751656008,0.17397997861276226,0.17397997861276226,0.31006724465958424,FALSE,FALSE
2008-02-10,East_Antarctica,0.770204102,0.19858752415454772,0.19858752415454772,0.31006724465958424,FALSE,FALSE
2008-02-11,East_Antarctica,0.779358271,0.21348163313291568,0.21348163313291568,0.31006724465958424,FALSE,FALSE
2008-02-12,East_Antarctica,0.784230698,0.2237173023745861,0.2237173023745861,0.31006724465958424,FALSE,FALSE
2008-02-13,East_Antarctica,0.766113227,0.21052918970627743,0.21052918970627743,0.31006724465958424,FALSE,FALSE
2008-02-14,East_Antarctica,0.745530724,0.19438497495471063,0.19438497495471063,0.31006724465958424,FALSE,FALSE
2008-02-15,East_Antarctica,0.711815321,0.1645596039466044,0.1645596039466044,0.31006724465958424,FALSE,FALSE
2008-02-16,East_Antarctica,0.740981671,0.1970105435086772,0.1970105435086772,0.31006724465958424,FALSE,FALSE
2008-02-17,East_Antarctica,0.751902031,0.21055286446765,0.21055286446765,0.31006724465958424,FALSE,FALSE
2008-02-18,East_Antarctica,0.747765064,0.20831804365024145,0.20831804365024145,0.31006724465958424,FALSE,FALSE
2008-02-19,East_Antarctica,0.762887686,0.22456581088317215,0.22456581088317215,0.31006724465958424,FALSE,FALSE
2008-02-20,East_Antarctica,0.759784771,0.2217538539931605,0.2217538539931605,0.31006724465958424,FALSE,FALSE
2008-02-21,East_Antarctica,0.788387708,0.24975945149541537,0.24975945149541537,0.31006724465958424,FALSE,FALSE
2008-02-22,East_Antarctica,0.813290646,0.2731599304241733,0.2731599304241733,0.31006724465958424,FALSE,FALSE
2008-02-23,East_Antarctica,0.815289333,0.272759022763743,0.272759022763743,0.31006724465958424,FALSE,FALSE
2008-02-24,East_Antarctica,0.803188673,0.25737006491489023,0.25737006491489023,0.31006724465958424,FALSE,FALSE
2008-02-25,East_Antarctica,0.804338171,0.25435099427838126,0.25435099427838126,0.31006724465958424,FALSE,FALSE
2008-02-26,East_Antarctica,0.809235114,0.25420753025498355,0.25420753025498355,0.31006724465958424,FALSE,FALSE
2008-02-27,East_Antarctica,0.797973428,0.23704203124546175,0.23704203124546175,0.31006724465958424,FALSE,FALSE
2008-02-28,East_Antarctica,0.793373209,0.2256830256505833,0.2256830256505833,0.31006724465958424,FALSE,FALSE
2008-03-01,East_Antarctica,0.839793401,0.25605445330782217,0.25605445330782217,0.31006724465958424,FALSE,FALSE
2008-03-02,East_Antarctica,0.857968808,0.26495674736147246,0.26495674736147246,0.31006724465958424,FALSE,FALSE
2008-03-03,East_Antarctica,0.8894232,0.2863167824328309,0.2863167824328309,0.31006724465958424,FALSE,FALSE
2008-03-04,East_Antarctica,0.861117272,0.24710369006543265,0.24710369006543265,0.31006724465958424,FALSE,FALSE
2008-03-05,East_Antarctica,0.819265773,0.19355606638330403,0.19355606638330403,0.31006724465958424,FALSE,FALSE
2008-03-06,East_Antarctica,0.8320547,0.19393392650681665,0.19393392650681665,0.31006724465958424,FALSE,FALSE
2008-03-07,East_Antarctica,0.85764195,0.20647937832007235,0.20647937832007235,0.31006724465958424,FALSE,FALSE
2008-03-08,East_Antarctica,0.903010404,0.23825951370717124,0.23825951370717124,0.31006724465958424,FALSE,FALSE
2008-03-09,East_Antarctica,0.902393028,0.2235915095522147,0.2235915095522147,0.31006724465958424,FALSE,FALSE
2008-03-10,East_Antarctica,0.912045098,0.21881485273930468,0.21881485273930468,0.31006724465958424,FALSE,FALSE
2008-03-11,East_Antarctica,0.923450766,0.2154979061525425,0.2154979061525425,0.31006724465958424,FALSE,FALSE
2008-03-12,East_Antarctica,0.944024927,0.22113977567602705,0.22113977567602705,0.31006724465958424,FALSE,FALSE
2008-03-13,East_Antarctica,0.954329227,0.21638631819386145,0.21638631819386145,0.31006724465958424,FALSE,FALSE
2008-03-14,East_Antarctica,0.962242471,0.20920054959014575,0.20920054959014575,0.31006724465958424,FALSE,FALSE
2008-03-15,East_Antarctica,0.979748289,0.21165031074898075,0.21165031074898075,0.31006724465958424,FALSE,FALSE
2008-03-16,East_Antarctica,0.991228716,0.2082018475544698,0.2082018475544698,0.31006724465958424,FALSE,FALSE
2008-03-17,East_Antarctica,0.994913859,0.19716702739107228,0.19716702739107228,0.31006724465958424,FALSE,FALSE
2008-03-18,East_Antarctica,1.033527872,0.22129056377196055,0.22129056377196055,0.31006724465958424,FALSE,FALSE
2008-03-19,East_Antarctica,1.033527872,0.2069861165863358,0.2069861165863358,0.31006724465958424,FALSE,FALSE
2008-03-20,East_Antarctica,1.038974104,0.19826745971600812,0.19826745971600812,0.31006724465958424,FALSE,FALSE
2008-03-21,East_Antarctica,1.080566723,0.22578827704278517,0.22578827704278517,0.31006724465958424,FALSE,FALSE
2008-03-22,East_Antarctica,1.123915789,0.2551121574484754,0.2551121574484754,0.31006724465958424,FALSE,FALSE
2008-03-23,East_Antarctica,1.152205671,0.26937699881488797,0.26937699881488797,0.31006724465958424,FALSE,FALSE
2008-03-24,East_Antarctica,1.164849138,0.267949099023832,0.267949099023832,0.31006724465958424,FALSE,FALSE
2008-03-25,East_Antarctica,1.170275219,0.25921101595711404,0.25921101595711404,0.31006724465958424,FALSE,FALSE
2008-03-26,East_Antarctica,1.170878416,0.24551078049654573,0.24551078049654573,0.31006724465958424,FALSE,FALSE
2008-03-27,East_Antarctica,1.160613219,0.2207564115239321,0.2207564115239321,0.31006724465958424,FALSE,FALSE
2008-03-28,East_Antarctica,1.165410133,0.21083194292108387,0.21083194292108387,0.31006724465958424,FALSE,FALSE
2008-03-29,East_Antarctica,1.164167057,0.19458880256981048,0.19458880256981048,0.31006724465958424,FALSE,FALSE
2008-03-30,East_Antarctica,1.167171861,0.1822771187354597,0.1822771187354597,0.31006724465958424,FALSE,FALSE
2008-03-31,East_Antarctica,1.159897991,0.15938031078387693,0.15938031078387693,0.31006724465958424,FALSE,FALSE
2008-04-01,East_Antarctica,1.150886453,0.13446557915887936,0.13446557915887936,0.31006724465958424,FALSE,FALSE
2008-04-02,East_Antarctica,1.150369152,0.11779103671423784,0.11779103671423784,0.31006724465958424,FALSE,FALSE
2008-04-03,East_Antarctica,1.16359341,0.11463021330372404,0.11463021330372404,0.31006724465958424,FALSE,FALSE
2008-04-04,East_Antarctica,1.200920795,0.13537088478111017,0.13537088478111017,0.31006724465958424,FALSE,FALSE
2008-04-05,East_Antarctica,1.223077995,0.1407659470001672,0.1407659470001672,0.31006724465958424,FALSE,FALSE
2008-04-06,East_Antarctica,1.251287301,0.1520638988146663,0.1520638988146663,0.31006724465958424,FALSE,FALSE
2008-04-07,East_Antarctica,1.292056118,0.17579835307838065,0.17579835307838065,0.31006724465958424,FALSE,FALSE
2008-04-08,East_Antarctica,1.306971699,0.173582770645081,0.173582770645081,0.31006724465958424,FALSE,FALSE
2008-04-09,East_Antarctica,1.330351718,0.17976103336853777,0.17976103336853777,0.31006724465958424,FALSE,FALSE
2008-04-10,East_Antarctica,1.328502173,0.16066534710252545,0.16066534710252545,0.31006724465958424,FALSE,FALSE
2008-04-11,East_Antarctica,1.32310965,0.1380083431889363,0.1380083431889363,0.31006724465958424,FALSE,FALSE
2008-04-12,East_Antarctica,1.323105598,0.1207359337103584,0.1207359337103584,0.31006724465958424,FALSE,FALSE
2008-04-13,East_Antarctica,1.342831173,0.12318464449878852,0.12318464449878852,0.31006724465958424,FALSE,FALSE
2008-04-14,East_Antarctica,1.376336858,0.139398544991147,0.139398544991147,0.31006724465958424,FALSE,FALSE
2008-04-15,East_Antarctica,1.387682204,0.13343077262435954,0.13343077262435954,0.31006724465958424,FALSE,FALSE
2008-04-16,East_Antarctica,1.398532581,0.1269402838353446,0.1269402838353446,0.31006724465958424,FALSE,FALSE
2008-04-17,East_Antarctica,1.430197266,0.14122994206102724,0.14122994206102724,0.31006724465958424,FALSE,FALSE
2008-04-18,East_Antarctica,1.449172325,0.14278939973833094,0.14278939973833094,0.31006724465958424,FALSE,FALSE
2008-04-19,East_Antarctica,1.479660644,0.15581512930417651,0.15581512930417651,0.31006724465958424,FALSE,FALSE
2008-04-20,East_Antarctica,1.525704165,0.1843426591954864,0.1843426591954864,0.31006724465958424,FALSE,FALSE
2008-04-21,East_Antarctica,1.563278978,0.20434166584918345,0.20434166584918345,0.31006724465958424,FALSE,FALSE
2008-04-22,East_Antarctica,1.586603226,0.21002387870218864,0.21002387870218864,0.31006724465958424,FALSE,FALSE
2008-04-23,East_Antarctica,1.604599703,0.21030567819142765,0.21030567819142765,0.31006724465958424,FALSE,FALSE
2008-04-24,East_Antarctica,1.609520462,0.19743330991392205,0.19743330991392205,0.31006724465958424,FALSE,FALSE
2008-04-25,East_Antarctica,1.590585476,0.16062669644951577,0.16062669644951577,0.31006724465958424,FALSE,FALSE
2008-04-26,East_Antarctica,1.575129352,0.1272235757204272,0.1272235757204272,0.31006724465958424,FALSE,FALSE
2008-04-27,East_Antarctica,1.605522089,0.1395971111608041,0.1395971111608041,0.31006724465958424,FALSE,FALSE
2008-04-28,East_Antarctica,1.666829884,0.1828166642047926,0.1828166642047926,0.31006724465958424,FALSE,FALSE
2008-04-29,East_Antarctica,1.707566346,0.2053990082865409,0.2053990082865409,0.31006724465958424,FALSE,FALSE
2008-04-30,East_Antarctica,1.706799864,0.18641569684019532,0.18641569684019532,0.31006724465958424,FALSE,FALSE
2008-05-01,East_Antarctica,1.689566694,0.1509061502999025,0.1509061502999025,0.31006724465958424,FALSE,FALSE
2008-05-02,East_Antarctica,1.672862432,0.11586912909981197,0.11586912909981197,0.31006724465958424,FALSE,FALSE
2008-05-03,East_Antarctica,1.645430425,0.0700511446740677,0.0700511446740677,0.31006724465958424,FALSE,FALSE
2008-05-04,East_Antarctica,1.650186167,0.05637085545681852,0.05637085545681852,0.31006724465958424,FALSE,FALSE
2008-05-05,East_Antarctica,1.666944481,0.05464624888221214,0.05464624888221214,0.31006724465958424,FALSE,FALSE
2008-05-06,East_Antarctica,1.695725689,0.06490081438090023,0.06490081438090023,0.31006724465958424,FALSE,FALSE
2008-05-07,East_Antarctica,1.719547331,0.07015692998282663,0.07015692998282663,0.31006724465958424,FALSE,FALSE
2008-05-08,East_Antarctica,1.749167232,0.08118170497198496,0.08118170497198496,0.31006724465958424,FALSE,FALSE
2008-05-09,East_Antarctica,1.775192714,0.08859247720137686,0.08859247720137686,0.31006724465958424,FALSE,FALSE
2008-05-10,East_Antarctica,1.784664213,0.079439698524008,0.079439698524008,0.31006724465958424,FALSE,FALSE
2008-05-11,East_Antarctica,1.769917777,0.04606943279287989,0.04606943279287989,0.31006724465958424,FALSE,FALSE
2008-05-12,East_Antarctica,1.764101929,0.02164021886099965,0.02164021886099965,0.31006724465958424,FALSE,FALSE
2008-05-13,East_Antarctica,1.791515262,0.03046066558136928,0.03046066558136928,0.31006724465958424,FALSE,FALSE
2008-05-14,East_Antarctica,1.832409258,0.05279227080699322,0.05279227080699322,0.31006724465958424,FALSE,FALSE
2008-05-15,East_Antarctica,1.829949854,0.03181098739087384,0.03181098739087384,0.31006724465958424,FALSE,FALSE
2008-05-16,East_Antarctica,1.833877045,0.01726682618601827,0.01726682618601827,0.31006724465958424,FALSE,FALSE
2008-05-17,East_Antarctica,1.849185223,0.01416419504542498,0.01416419504542498,0.31006724465958424,FALSE,FALSE
2008-05-18,East_Antarctica,1.842204563,-0.01115671517789729,0.01115671517789729,0.31006724465958424,FALSE,FALSE
2008-05-19,East_Antarctica,1.824026018,-0.04759450604870619,0.04759450604870619,0.31006724465958424,FALSE,FALSE
2008-05-20,East_Antarctica,1.830126807,-0.05965367440956415,0.05965367440956415,0.31006724465958424,FALSE,FALSE
2008-05-21,East_Antarctica,1.845623839,-0.06219217853853287,0.06219217853853287,0.31006724465958424,FALSE,FALSE
2008-05-22,East_Antarctica,1.889690225,-0.03601154429565256,0.03601154429565256,0.31006724465958424,FALSE,FALSE
2008-05-23,East_Antarctica,1.886559308,-0.05685306554097713,0.05685306554097713,0.31006724465958424,FALSE,FALSE
2008-05-24,East_Antarctica,1.889989219,-0.07093324813455126,0.07093324813455126,0.31006724465958424,FALSE,FALSE
2008-05-25,East_Antarctica,1.8811797,-0.09702698693642152,0.09702698693642152,0.31006724465958424,FALSE,FALSE
2008-05-26,East_Antarctica,1.869981025,-0.12525864480663418,0.12525864480663418,0.31006724465958424,FALSE,FALSE
2008-05-27,East_Antarctica,1.882752243,-0.12924380960523774,0.12924380960523774,0.31006724465958424,FALSE,FALSE
2008-05-28,East_Antarctica,1.911473639,-0.11697683319227936,0.11697683319227936,0.31006724465958424,FALSE,FALSE
2008-05-29,East_Antarctica,1.959392672,-0.08518489342780322,0.08518489342780322,0.31006724465958424,FALSE,FALSE
2008-05-30,East_Antarctica,2.014414962,-0.04593700717186033,0.04593700717186033,0.31006724465958424,FALSE,FALSE
2008-05-31,East_Antarctica,2.042651239,-0.0330970812844944,0.0330970812844944,0.31006724465958424,FALSE,FALSE
2008-06-01,East_Antarctica,2.067329424,-0.02342426671261455,0.02342426671261455,0.31006724465958424,FALSE,FALSE
2008-06-02,East_Antarctica,2.089509828,-0.01590048980645475,0.01590048980645475,0.31006724465958424,FALSE,FALSE
2008-06-03,East_Antarctica,2.115120322,-0.00465540926341034,0.00465540926341034,0.31006724465958424,FALSE,FALSE
2008-06-04,East_Antarctica,2.137099379,0.00319191765265669,0.00319191765265669,0.31006724465958424,FALSE,FALSE
2008-06-05,East_Antarctica,2.169104938,0.02124189967788226,0.02124189967788226,0.31006724465958424,FALSE,FALSE
2008-06-06,East_Antarctica,2.236314583,0.07461459054840569,0.07461459054840569,0.31006724465958424,FALSE,FALSE
2008-06-07,East_Antarctica,2.250243036,0.07476718200036325,0.07476718200036325,0.31006724465958424,FALSE,FALSE
2008-06-08,East_Antarctica,2.25242284,0.0631746867698908,0.0631746867698908,0.31006724465958424,FALSE,FALSE
2008-06-09,East_Antarctica,2.249935009,0.04686058859313125,0.04686058859313125,0.31006724465958424,FALSE,FALSE
2008-06-10,East_Antarctica,2.22956717,0.01255498420621581,0.01255498420621581,0.31006724465958424,FALSE,FALSE
2008-06-11,East_Antarctica,2.21867192,-0.01244705965471482,0.01244705965471482,0.31006724465958424,FALSE,FALSE
2008-06-12,East_Antarctica,2.216666602,-0.02878573025352304,0.02878573025352304,0.31006724465958424,FALSE,FALSE
2008-06-13,East_Antarctica,2.248555966,-0.01151267559023416,0.01151267559023416,0.31006724465958424,FALSE,FALSE
2008-06-14,East_Antarctica,2.26165314,-0.01332125077903967,0.01332125077903967,0.31006724465958424,FALSE,FALSE
2008-06-15,East_Antarctica,2.263651296,-0.02645629091779078,0.02645629091779078,0.31006724465958424,FALSE,FALSE
2008-06-16,East_Antarctica,2.293278912,-0.01212236390020526,0.01212236390020526,0.31006724465958424,FALSE,FALSE
2008-06-17,East_Antarctica,2.309267963,-0.01152054061998564,0.01152054061998564,0.31006724465958424,FALSE,FALSE
2008-06-18,East_Antarctica,2.342935389,0.00673307302914905,0.00673307302914905,0.31006724465958424,FALSE,FALSE
2008-06-19,East_Antarctica,2.352334388,7.586291534900091e-4,7.586291534900091e-4,0.31006724465958424,FALSE,FALSE
2008-06-20,East_Antarctica,2.370346662,0.00350478385932673,0.00350478385932673,0.31006724465958424,FALSE,FALSE
2008-06-21,East_Antarctica,2.407454686,0.02552096625294453,0.02552096625294453,0.31006724465958424,FALSE,FALSE
2008-06-22,East_Antarctica,2.451299654,0.05451532444063467,0.05451532444063467,0.31006724465958424,FALSE,FALSE
2008-06-23,East_Antarctica,2.52189365,0.110566896528685,0.110566896528685,0.31006724465958424,FALSE,FALSE
2008-06-24,East_Antarctica,2.573431901,0.14793786362338146,0.14793786362338146,0.31006724465958424,FALSE,FALSE
2008-06-25,East_Antarctica,2.603074574,0.1638553468310171,0.1638553468310171,0.31006724465958424,FALSE,FALSE
2008-06-26,East_Antarctica,2.603803025,0.151358136500646,0.151358136500646,0.31006724465958424,FALSE,FALSE
2008-06-27,East_Antarctica,2.582778555,0.11759303188535863,0.11759303188535863,0.31006724465958424,FALSE,FALSE
2008-06-28,East_Antarctica,2.55684544,0.0793569368083058,0.0793569368083058,0.31006724465958424,FALSE,FALSE
2008-06-29,East_Antarctica,2.572878343,0.08347697308898461,0.08347697308898461,0.31006724465958424,FALSE,FALSE
2008-06-30,East_Antarctica,2.580307638,0.07933597354688615,0.07933597354688615,0.31006724465958424,FALSE,FALSE
2008-07-01,East_Antarctica,2.566163738,0.05391681000150106,0.05391681000150106,0.31006724465958424,FALSE,FALSE
2008-07-02,East_Antarctica,2.618891185,0.09561648327232453,0.09561648327232453,0.31006724465958424,FALSE,FALSE
2008-07-03,East_Antarctica,2.644662025,0.11055949817884823,0.11055949817884823,0.31006724465958424,FALSE,FALSE
2008-07-04,East_Antarctica,2.645959405,0.10118146054056563,0.10118146054056563,0.31006724465958424,FALSE,FALSE
2008-07-05,East_Antarctica,2.682251127,0.12690263117696787,0.12690263117696787,0.31006724465958424,FALSE,FALSE
2008-07-06,East_Antarctica,2.688631563,0.12276984090754972,0.12276984090754972,0.31006724465958424,FALSE,FALSE
2008-07-07,East_Antarctica,2.660968493,0.08460332855180397,0.08460332855180397,0.31006724465958424,FALSE,FALSE
2008-07-08,East_Antarctica,2.630357947,0.04345164037337312,0.04345164037337312,0.31006724465958424,FALSE,FALSE
2008-07-09,East_Antarctica,2.621706543,0.02418508325747392,0.02418508325747392,0.31006724465958424,FALSE,FALSE
2008-07-10,East_Antarctica,2.652966245,0.04474376108614741,0.04474376108614741,0.31006724465958424,FALSE,FALSE
2008-07-11,East_Antarctica,2.695203933,0.07618592949603409,0.07618592949603409,0.31006724465958424,FALSE,FALSE
2008-07-12,East_Antarctica,2.710840885,0.08092424212377214,0.08092424212377214,0.31006724465958424,FALSE,FALSE
2008-07-13,East_Antarctica,2.727224163,0.08629713660600702,0.08629713660600702,0.31006724465958424,FALSE,FALSE
2008-07-14,East_Antarctica,2.726030617,0.07397283857937964,0.07397283857937964,0.31006724465958424,FALSE,FALSE
2008-07-15,East_Antarctica,2.730206299,0.06688877568053186,0.06688877568053186,0.31006724465958424,FALSE,FALSE
2008-07-16,East_Antarctica,2.747091509,0.07237662354610386,0.07237662354610386,0.31006724465958424,FALSE,FALSE
2008-07-17,East_Antarctica,2.733598775,0.04734028581273941,0.04734028581273941,0.31006724465958424,FALSE,FALSE
2008-07-18,East_Antarctica,2.72190806,0.0239511011170781,0.0239511011170781,0.31006724465958424,FALSE,FALSE
2008-07-19,East_Antarctica,2.756217133,0.04639821409576328,0.04639821409576328,0.31006724465958424,FALSE,FALSE
2008-07-20,East_Antarctica,2.791919052,0.07006605838543578,0.07006605838543578,0.31006724465958424,FALSE,FALSE
2008-07-21,East_Antarctica,2.824225419,0.09016016821397388,0.09016016821397388,0.31006724465958424,FALSE,FALSE
2008-07-22,East_Antarctica,2.836192425,0.08976595364250661,0.08976595364250661,0.31006724465958424,FALSE,FALSE
2008-07-23,East_Antarctica,2.782250259,0.02336854470530314,0.02336854470530314,0.31006724465958424,FALSE,FALSE
2008-07-24,East_Antarctica,2.744987052,-0.02638840308892431,0.02638840308892431,0.31006724465958424,FALSE,FALSE
2008-07-25,East_Antarctica,2.719140676,-0.06471149323146497,0.06471149323146497,0.31006724465958424,FALSE,FALSE
2008-07-26,East_Antarctica,2.736481425,-0.05977490721361178,0.05977490721361178,0.31006724465958424,FALSE,FALSE
2008-07-27,East_Antarctica,2.776921743,-0.0316106765266535,0.0316106765266535,0.31006724465958424,FALSE,FALSE
2008-07-28,East_Antarctica,2.844345883,0.02372097633812275,0.02372097633812275,0.31006724465958424,FALSE,FALSE
2008-07-29,East_Antarctica,2.866040373,0.03356210388942404,0.03356210388942404,0.31006724465958424,FALSE,FALSE
2008-07-30,East_Antarctica,2.868824383,0.02478740063596163,0.02478740063596163,0.31006724465958424,FALSE,FALSE
2008-07-31,East_Antarctica,2.852972746,-0.00227277591355345,0.00227277591355345,0.31006724465958424,FALSE,FALSE
2008-08-01,East_Antarctica,2.816272848,-0.04977551525041424,0.04977551525041424,0.31006724465958424,FALSE,FALSE
2008-08-02,East_Antarctica,2.78755881,-0.08883117259906825,0.08883117259906825,0.31006724465958424,FALSE,FALSE
2008-08-03,East_Antarctica,2.800155488,-0.0860791606177913,0.0860791606177913,0.31006724465958424,FALSE,FALSE
2008-08-04,East_Antarctica,2.835994137,-0.05962389191906192,0.05962389191906192,0.31006724465958424,FALSE,FALSE
2008-08-05,East_Antarctica,2.816932021,-0.08765986448146146,0.08765986448146146,0.31006724465958424,FALSE,FALSE
2008-08-06,East_Antarctica,2.797736868,-0.11547111228357076,0.11547111228357076,0.31006724465958424,FALSE,FALSE
2008-08-07,East_Antarctica,2.747569662,-0.17394841330396904,0.17394841330396904,0.31006724465958424,FALSE,FALSE
2008-08-08,East_Antarctica,2.746074679,-0.18349925352123764,0.18349925352123764,0.31006724465958424,FALSE,FALSE
2008-08-09,East_Antarctica,2.787235921,-0.15019139291395733,0.15019139291395733,0.31006724465958424,FALSE,FALSE
2008-08-10,East_Antarctica,2.83440837,-0.11072161146070902,0.11072161146070902,0.31006724465958424,FALSE,FALSE
2008-08-11,East_Antarctica,2.845693963,-0.10703973414007216,0.10703973414007216,0.31006724465958424,FALSE,FALSE
2008-08-12,East_Antarctica,2.818210069,-0.14208015393062867,0.14208015393062867,0.31006724465958424,FALSE,FALSE
2008-08-13,East_Antarctica,2.850043321,-0.11780799981095667,0.11780799981095667,0.31006724465958424,FALSE,FALSE
2008-08-14,East_Antarctica,2.855998922,-0.11946983075963802,0.11946983075963802,0.31006724465958424,FALSE,FALSE
2008-08-15,East_Antarctica,2.85756253,-0.12563021845952793,0.12563021845952793,0.31006724465958424,FALSE,FALSE
2008-08-16,East_Antarctica,2.851295307,-0.139732687165687,0.139732687165687,0.31006724465958424,FALSE,FALSE
2008-08-17,East_Antarctica,2.839292739,-0.1596343090881911,0.1596343090881911,0.31006724465958424,FALSE,FALSE
2008-08-18,East_Antarctica,2.847547444,-0.15929216768551502,0.15929216768551502,0.31006724465958424,FALSE,FALSE
2008-08-19,East_Antarctica,2.814008547,-0.20070683941612444,0.20070683941612444,0.31006724465958424,FALSE,FALSE
2008-08-20,East_Antarctica,2.779729201,-0.24277487273848977,0.24277487273848977,0.31006724465958424,FALSE,FALSE
2008-08-21,East_Antarctica,2.768563532,-0.26159184311108064,0.26159184311108064,0.31006724465958424,FALSE,FALSE
2008-08-22,East_Antarctica,2.756242094,-0.28137689799236787,0.28137689799236787,0.31006724465958424,FALSE,FALSE
2008-08-23,East_Antarctica,2.760242603,-0.2846020228408186,0.2846020228408186,0.31006724465958424,FALSE,FALSE
2008-08-24,East_Antarctica,2.783398007,-0.26838397111490275,0.26838397111490275,0.31006724465958424,FALSE,FALSE
2008-08-25,East_Antarctica,2.793566037,-0.2648147132730907,0.2648147132730907,0.31006724465958424,FALSE,FALSE
2008-08-26,East_Antarctica,2.767407428,-0.29718321577385165,0.29718321577385165,0.31006724465958424,FALSE,FALSE
2008-08-27,East_Antarctica,2.771851832,-0.29850952807565223,0.29850952807565223,0.31006724465958424,FALSE,FALSE
2008-08-28,East_Antarctica,2.806900418,-0.26875117426193507,0.26875117426193507,0.31006724465958424,FALSE,FALSE
2008-08-29,East_Antarctica,2.868987121,-0.2114875607792377,0.2114875607792377,0.31006724465958424,FALSE,FALSE
2008-08-30,East_Antarctica,2.924282408,-0.160582095205013,0.160582095205013,0.31006724465958424,FALSE,FALSE
2008-08-31,East_Antarctica,2.893603575,-0.19525139294640992,0.19525139294640992,0.31006724465958424,FALSE,FALSE
2008-09-01,East_Antarctica,2.91506612,-0.1774138674105772,0.1774138674105772,0.31006724465958424,FALSE,FALSE
2008-09-02,East_Antarctica,2.957574652,-0.13819882100466563,0.13819882100466563,0.31006724465958424,FALSE,FALSE
2008-09-03,East_Antarctica,2.968104948,-0.1306643881358185,0.1306643881358185,0.31006724465958424,FALSE,FALSE
2008-09-04,East_Antarctica,2.950845517,-0.15065597121118746,0.15065597121118746,0.31006724465958424,FALSE,FALSE
2008-09-05,East_Antarctica,2.895588179,-0.20841566163792047,0.20841566163792047,0.31006724465958424,FALSE,FALSE
2008-09-06,East_Antarctica,2.884474526,-0.22183577882316552,0.22183577882316552,0.31006724465958424,FALSE,FALSE
2008-09-07,East_Antarctica,2.899832418,-0.20862237417407448,0.20862237417407448,0.31006724465958424,FALSE,FALSE
2008-09-08,East_Antarctica,2.8871754,-0.22329581409778856,0.22329581409778856,0.31006724465958424,FALSE,FALSE
2008-09-09,East_Antarctica,2.866367516,-0.2460259141935248,0.2460259141935248,0.31006724465958424,FALSE,FALSE
2008-09-10,East_Antarctica,2.85804653,-0.25620385184782,0.25620385184782,0.31006724465958424,FALSE,FALSE
2008-09-11,East_Antarctica,2.857581093,-0.2584810174099106,0.2584810174099106,0.31006724465958424,FALSE,FALSE
2008-09-12,East_Antarctica,2.889950436,-0.22789728413269073,0.22789728413269073,0.31006724465958424,FALSE,FALSE
2008-09-13,East_Antarctica,2.925269033,-0.194357282269054,0.194357282269054,0.31006724465958424,FALSE,FALSE
2008-09-14,East_Antarctica,2.970199906,-0.15121709407190043,0.15121709407190043,0.31006724465958424,FALSE,FALSE
2008-09-15,East_Antarctica,2.978334994,-0.14490388479412175,0.14490388479412175,0.31006724465958424,FALSE,FALSE
2008-09-16,East_Antarctica,2.949476839,-0.17563421668861512,0.17563421668861512,0.31006724465958424,FALSE,FALSE
2008-09-17,East_Antarctica,2.958810542,-0.16824209300827553,0.16824209300827553,0.31006724465958424,FALSE,FALSE
2008-09-18,East_Antarctica,3.004454443,-0.12462827800599864,0.12462827800599864,0.31006724465958424,FALSE,FALSE
2008-09-19,East_Antarctica,3.024895837,-0.10632458093467934,0.10632458093467934,0.31006724465958424,FALSE,FALSE
2008-09-20,East_Antarctica,2.982790872,-0.15069395804721486,0.15069395804721486,0.31006724465958424,FALSE,FALSE
2008-09-21,East_Antarctica,2.943178033,-0.19271702859649945,0.19271702859649945,0.31006724465958424,FALSE,FALSE
2008-09-22,East_Antarctica,2.967196707,-0.17126742287983676,0.17126742287983676,0.31006724465958424,FALSE,FALSE
2008-09-23,East_Antarctica,3.036898717,-0.1042411674871051,0.1042411674871051,0.31006724465958424,FALSE,FALSE
2008-09-24,East_Antarctica,3.053570112,-0.09026053127509703,0.09026053127509703,0.31006724465958424,FALSE,FALSE
2008-09-25,East_Antarctica,3.094718419,-0.05172575042677341,0.05172575042677341,0.31006724465958424,FALSE,FALSE
2008-09-26,East_Antarctica,3.134433559,-0.01445466712510024,0.01445466712510024,0.31006724465958424,FALSE,FALSE
2008-09-27,East_Antarctica,3.146345131,-0.00472544555303855,0.00472544555303855,0.31006724465958424,FALSE,FALSE
2008-09-28,East_Antarctica,3.148693607,-0.00420537689355304,0.00420537689355304,0.31006724465958424,FALSE,FALSE
2008-09-29,East_Antarctica,3.17494123,0.02066001867039402,0.02066001867039402,0.31006724465958424,FALSE,FALSE
2008-09-30,East_Antarctica,3.194980449,0.03985542695583799,0.03985542695583799,0.31006724465958424,FALSE,FALSE
2008-10-01,East_Antarctica,3.203832937,0.04849475777981738,0.04849475777981738,0.31006724465958424,FALSE,FALSE
2008-10-02,East_Antarctica,3.23103483,0.07620638395936963,0.07620638395936963,0.31006724465958424,FALSE,FALSE
2008-10-03,East_Antarctica,3.245887286,0.09238370031152689,0.09238370031152689,0.31006724465958424,FALSE,FALSE
2008-10-04,East_Antarctica,3.217346048,0.06607465889254138,0.06607465889254138,0.31006724465958424,FALSE,FALSE
2008-10-05,East_Antarctica,3.150765114,0.00269188648570661,0.00269188648570661,0.31006724465958424,FALSE,FALSE
2008-10-06,East_Antarctica,3.140995879,-0.00295337115393046,0.00295337115393046,0.31006724465958424,FALSE,FALSE
2008-10-07,East_Antarctica,3.138103463,-8.542145168060067e-4,8.542145168060067e-4,0.31006724465958424,FALSE,FALSE
2008-10-08,East_Antarctica,3.145211357,0.01205462690664216,0.01205462690664216,0.31006724465958424,FALSE,FALSE
2008-10-09,East_Antarctica,3.161066365,0.03446173662598229,0.03446173662598229,0.31006724465958424,FALSE,FALSE
2008-10-10,East_Antarctica,3.221981057,0.10262146415077832,0.10262146415077832,0.31006724465958424,FALSE,FALSE
2008-10-11,East_Antarctica,3.218553302,0.10707345799059008,0.10707345799059008,0.31006724465958424,FALSE,FALSE
2008-10-12,East_Antarctica,3.199373912,0.09635030965498492,0.09635030965498492,0.31006724465958424,FALSE,FALSE
2008-10-13,East_Antarctica,3.192334006,0.09828491765352788,0.09828491765352788,0.31006724465958424,FALSE,FALSE
2008-10-14,East_Antarctica,3.174773818,0.09015929549578194,0.09015929549578194,0.31006724465958424,FALSE,FALSE
2008-10-15,East_Antarctica,3.154313088,0.07953496269131533,0.07953496269131533,0.31006724465958424,FALSE,FALSE
2008-10-16,East_Antarctica,3.153849389,0.08925127174968495,0.08925127174968495,0.31006724465958424,FALSE,FALSE
2008-10-17,East_Antarctica,3.142001892,0.08787247302491874,0.08787247302491874,0.31006724465958424,FALSE,FALSE
2008-10-18,East_Antarctica,3.130727152,0.0873702885895482,0.0873702885895482,0.31006724465958424,FALSE,FALSE
2008-10-19,East_Antarctica,3.148291149,0.1160928704466011,0.1160928704466011,0.31006724465958424,FALSE,FALSE
2008-10-20,East_Antarctica,3.135208788,0.11463997849486862,0.11463997849486862,0.31006724465958424,FALSE,FALSE
2008-10-21,East_Antarctica,3.120664902,0.11228130063313424,0.11228130063313424,0.31006724465958424,FALSE,FALSE
2008-10-22,East_Antarctica,3.098233001,0.10267520176019174,0.10267520176019174,0.31006724465958424,FALSE,FALSE
2008-10-23,East_Antarctica,3.069244821,0.0872382727748251,0.0872382727748251,0.31006724465958424,FALSE,FALSE
2008-10-24,East_Antarctica,3.054525687,0.08688069357582373,0.08688069357582373,0.31006724465958424,FALSE,FALSE
2008-10-25,East_Antarctica,3.064945944,0.11255766406197763,0.11255766406197763,0.31006724465958424,FALSE,FALSE
2008-10-26,East_Antarctica,3.110807467,0.17465591413207182,0.17465591413207182,0.31006724465958424,FALSE,FALSE
2008-10-27,East_Antarctica,3.089065003,0.17021504568489565,0.17021504568489565,0.31006724465958424,FALSE,FALSE
2008-10-28,East_Antarctica,3.085743501,0.18534486261923755,0.18534486261923755,0.31006724465958424,FALSE,FALSE
2008-10-29,East_Antarctica,3.061964583,0.18125184183388487,0.18125184183388487,0.31006724465958424,FALSE,FALSE
2008-10-30,East_Antarctica,3.049914881,0.19019505958025015,0.19019505958025015,0.31006724465958424,FALSE,FALSE
2008-10-31,East_Antarctica,3.101485142,0.26407661920849046,0.26407661920849046,0.31006724465958424,FALSE,FALSE
2008-11-01,East_Antarctica,3.035805516,0.22201926323930632,0.22201926323930632,0.31006724465958424,FALSE,FALSE
2008-11-02,East_Antarctica,2.993068331,0.20420790714918313,0.20420790714918313,0.31006724465958424,FALSE,FALSE
2008-11-03,East_Antarctica,2.945788939,0.18315049041461065,0.18315049041461065,0.31006724465958424,FALSE,FALSE
2008-11-04,East_Antarctica,2.918990082,0.1838623425120791,0.1838623425120791,0.31006724465958424,FALSE,FALSE
2008-11-05,East_Antarctica,2.891352978,0.1850172689180716,0.1850172689180716,0.31006724465958424,FALSE,FALSE
2008-11-06,East_Antarctica,2.866460471,0.19019070110908132,0.19019070110908132,0.31006724465958424,FALSE,FALSE
2008-11-07,East_Antarctica,2.853790805,0.20885347056159365,0.20885347056159365,0.31006724465958424,FALSE,FALSE
2008-11-08,East_Antarctica,2.830840437,0.2184946217520971,0.2184946217520971,0.31006724465958424,FALSE,FALSE
2008-11-09,East_Antarctica,2.743602216,0.16509959115708206,0.16509959115708206,0.31006724465958424,FALSE,FALSE
2008-11-10,East_Antarctica,2.709309498,0.1658943222530338,0.1658943222530338,0.31006724465958424,FALSE,FALSE
2008-11-11,East_Antarctica,2.704114275,0.1970224869517363,0.1970224869517363,0.31006724465958424,FALSE,FALSE
2008-11-12,East_Antarctica,2.675777517,0.2061865295929328,0.2061865295929328,0.31006724465958424,FALSE,FALSE
2008-11-13,East_Antarctica,2.60660996,0.17556319106557128,0.17556319106557128,0.31006724465958424,FALSE,FALSE
2008-11-14,East_Antarctica,2.54262337,0.1510240172722792,0.1510240172722792,0.31006724465958424,FALSE,FALSE
2008-11-15,East_Antarctica,2.503411777,0.15202281811568108,0.15202281811568108,0.31006724465958424,FALSE,FALSE
2008-11-16,East_Antarctica,2.498093862,0.18753805449840225,0.18753805449840225,0.31006724465958424,FALSE,FALSE
2008-11-17,East_Antarctica,2.466285935,0.1970458163230644,0.1970458163230644,0.31006724465958424,FALSE,FALSE
2008-11-18,East_Antarctica,2.389137692,0.16155557949229316,0.16155557949229316,0.31006724465958424,FALSE,FALSE
2008-11-19,East_Antarctica,2.318355439,0.13263342990871552,0.13263342990871552,0.31006724465958424,FALSE,FALSE
2008-11-20,East_Antarctica,2.3014635,0.1576634714749554,0.1576634714749554,0.31006724465958424,FALSE,FALSE
2008-11-21,East_Antarctica,2.287208609,0.18525221809363623,0.18525221809363623,0.31006724465958424,FALSE,FALSE
2008-11-22,East_Antarctica,2.265267154,0.204935837667382,0.204935837667382,0.31006724465958424,FALSE,FALSE
2008-11-23,East_Antarctica,2.235833162,0.21676813709881948,0.21676813709881948,0.31006724465958424,FALSE,FALSE
2008-11-24,East_Antarctica,2.217905324,0.2396160749343379,0.2396160749343379,0.31006724465958424,FALSE,FALSE
2008-11-25,East_Antarctica,2.207574062,0.26951012778923067,0.26951012778923067,0.31006724465958424,FALSE,FALSE
2008-11-26,East_Antarctica,2.192173039,0.2937601096781397,0.2937601096781397,0.31006724465958424,FALSE,FALSE
2008-11-27,East_Antarctica,2.165478959,0.3061191490249673,0.3061191490249673,0.31006724465958424,FALSE,FALSE
2008-11-28,East_Antarctica,2.138422045,0.3174938932536111,0.3174938932536111,0.31006724465958424,TRUE,FALSE
2008-11-29,East_Antarctica,2.103312782,0.320171251787976,0.320171251787976,0.31006724465958424,TRUE,FALSE
2008-11-30,East_Antarctica,2.053479477,0.3074559560519603,0.3074559560519603,0.31006724465958424,FALSE,FALSE
2008-12-01,East_Antarctica,1.989018687,0.27942098746946664,0.27942098746946664,0.31006724465958424,FALSE,FALSE
2008-12-02,East_Antarctica,1.963451966,0.28956432446439484,0.28956432446439484,0.31006724465958424,FALSE,FALSE
2008-12-03,East_Antarctica,1.943540104,0.30462318146064593,0.30462318146064593,0.31006724465958424,FALSE,FALSE
2008-12-04,East_Antarctica,1.918381678,0.31367255988212217,0.31367255988212217,0.31006724465958424,TRUE,FALSE
2008-12-05,East_Antarctica,1.873155533,0.30186772915272275,0.30186772915272275,0.31006724465958424,FALSE,FALSE
2008-12-06,East_Antarctica,1.822746146,0.2840696146822037,0.2840696146822037,0.31006724465958424,FALSE,FALSE
2008-12-07,East_Antarctica,1.774403853,0.26751244685696274,0.26751244685696274,0.31006724465958424,FALSE,FALSE
2008-12-08,East_Antarctica,1.767827638,0.2918970610250511,0.2918970610250511,0.31006724465958424,FALSE,FALSE
2008-12-09,East_Antarctica,1.693298125,0.24750858517809604,0.24750858517809604,0.31006724465958424,FALSE,FALSE
2008-12-10,East_Antarctica,1.638807231,0.2223434403077169,0.2223434403077169,0.31006724465958424,FALSE,FALSE
2008-12-11,East_Antarctica,1.593185552,0.2052367264055377,0.2052367264055377,0.31006724465958424,FALSE,FALSE
2008-12-12,East_Antarctica,1.579836212,0.2195960714631835,0.2195960714631835,0.31006724465958424,FALSE,FALSE
2008-12-13,East_Antarctica,1.564720393,0.23138716147227711,0.23138716147227711,0.31006724465958424,FALSE,FALSE
2008-12-14,East_Antarctica,1.568141116,0.26091752142444236,0.26091752142444236,0.31006724465958424,FALSE,FALSE
2008-12-15,East_Antarctica,1.547014574,0.2651078483113023,0.2651078483113023,0.31006724465958424,FALSE,FALSE
2008-12-16,East_Antarctica,1.489598391,0.23222027012448063,0.23222027012448063,0.31006724465958424,FALSE,FALSE
2008-12-17,East_Antarctica,1.436722522,0.2030892458555995,0.2030892458555995,0.31006724465958424,FALSE,FALSE
2008-12-18,East_Antarctica,1.40706567,0.19639798249628493,0.19639798249628493,0.31006724465958424,FALSE,FALSE
2008-12-19,East_Antarctica,1.389460274,0.20098422952166572,0.20098422952166572,0.31006724465958424,FALSE,FALSE
2008-12-20,East_Antarctica,1.309595948,0.1425556634656413,0.1425556634656413,0.31006724465958424,FALSE,FALSE
2008-12-21,East_Antarctica,1.301658738,0.1553265718231882,0.1553265718231882,0.31006724465958424,FALSE,FALSE
2008-12-22,East_Antarctica,1.264343489,0.13802032474560222,0.13802032474560222,0.31006724465958424,FALSE,FALSE
2008-12-23,East_Antarctica,1.209617364,0.1026326103841808,0.1026326103841808,0.31006724465958424,FALSE,FALSE
2008-12-24,East_Antarctica,1.176178519,0.08789010989021939,0.08789010989021939,0.31006724465958424,FALSE,FALSE
2008-12-25,East_Antarctica,1.135803533,0.06559792741501425,0.06559792741501425,0.31006724465958424,FALSE,FALSE
2008-12-26,East_Antarctica,1.119047788,0.06633997010986059,0.06633997010986059,0.31006724465958424,FALSE,FALSE
2008-12-27,East_Antarctica,1.096293326,0.06052680512605546,0.06052680512605546,0.31006724465958424,FALSE,FALSE
2008-12-28,East_Antarctica,1.074260971,0.0549077816148964,0.0549077816148964,0.31006724465958424,FALSE,FALSE
2008-12-29,East_Antarctica,1.045097818,0.04165851972767842,0.04165851972767842,0.31006724465958424,FALSE,FALSE
2008-12-30,East_Antarctica,1.025912283,0.03791596061569546,0.03791596061569546,0.31006724465958424,FALSE,FALSE
2008-12-31,East_Antarctica,0.987845879,0.01485014243024562,0.01485014243024562,0.31006724465958424,FALSE,FALSE
2009-01-01,East_Antarctica,0.983783055,0.01078731843024594,0.01078731843024594,0.31006724465958424,FALSE,FALSE
2009-01-02,East_Antarctica,0.961023176,0.00261305734385208,0.00261305734385208,0.31006724465958424,FALSE,FALSE
2009-01-03,East_Antarctica,0.978439745,0.0342232866139287,0.0342232866139287,0.31006724465958424,FALSE,FALSE
2009-01-04,East_Antarctica,0.979083064,0.04869021551912123,0.04869021551912123,0.31006724465958424,FALSE,FALSE
2009-01-05,East_Antarctica,0.969508022,0.05259064033807625,0.05259064033807625,0.31006724465958424,FALSE,FALSE
2009-01-06,East_Antarctica,0.94849917,0.04473101934943113,0.04473101934943113,0.31006724465958424,FALSE,FALSE
2009-01-07,East_Antarctica,0.931218942,0.04029569383183318,0.04029569383183318,0.31006724465958424,FALSE,FALSE
2009-01-08,East_Antarctica,0.927622022,0.04926125506392531,0.04926125506392531,0.31006724465958424,FALSE,FALSE
2009-01-09,East_Antarctica,0.92394097,0.05788217032434883,0.05788217032434883,0.31006724465958424,FALSE,FALSE
2009-01-10,East_Antarctica,0.927556206,0.07356076689175028,0.07356076689175028,0.31006724465958424,FALSE,FALSE
2009-01-11,East_Antarctica,0.906381573,0.06423279504477031,0.06423279504477031,0.31006724465958424,FALSE,FALSE
2009-01-12,East_Antarctica,0.855944457,0.02544754806205351,0.02544754806205351,0.31006724465958424,FALSE,FALSE
2009-01-13,East_Antarctica,0.836095935,0.01707801022224298,0.01707801022224298,0.31006724465958424,FALSE,FALSE
2009-01-14,East_Antarctica,0.841040313,0.03335005997255536,0.03335005997255536,0.31006724465958424,FALSE,FALSE
2009-01-15,East_Antarctica,0.838733199,0.04222886238867407,0.04222886238867407,0.31006724465958424,FALSE,FALSE
2009-01-16,East_Antarctica,0.832760076,0.0472944048584174,0.0472944048584174,0.31006724465958424,FALSE,FALSE
2009-01-17,East_Antarctica,0.823045685,0.04846498078649741,0.04846498078649741,0.31006724465958424,FALSE,FALSE
2009-01-18,East_Antarctica,0.806021828,0.04216594457762823,0.04216594457762823,0.31006724465958424,FALSE,FALSE
2009-01-19,East_Antarctica,0.808459942,0.05516228563652214,0.05516228563652214,0.31006724465958424,FALSE,FALSE
2009-01-20,East_Antarctica,0.804241328,0.06132885736789151,0.06132885736789151,0.31006724465958424,FALSE,FALSE
2009-01-21,East_Antarctica,0.793952693,0.06124591917644961,0.06124591917644961,0.31006724465958424,FALSE,FALSE
2009-01-22,East_Antarctica,0.78841984,0.0657328264669097,0.0657328264669097,0.31006724465958424,FALSE,FALSE
2009-01-23,East_Antarctica,0.781715309,0.06885567164398376,0.06885567164398376,0.31006724465958424,FALSE,FALSE
2009-01-24,East_Antarctica,0.787230099,0.08399900611238509,0.08399900611238509,0.31006724465958424,FALSE,FALSE
2009-01-25,East_Antarctica,0.779958718,0.08615089027682665,0.08615089027682665,0.31006724465958424,FALSE,FALSE
2009-01-26,East_Antarctica,0.779843602,0.09524731254202155,0.09524731254202155,0.31006724465958424,FALSE,FALSE
2009-01-27,East_Antarctica,0.765659068,0.09005696119855278,0.09005696119855278,0.31006724465958424,FALSE,FALSE
2009-01-28,East_Antarctica,0.752762796,0.08593743095126849,0.08593743095126849,0.31006724465958424,FALSE,FALSE
2009-01-29,East_Antarctica,0.758276968,0.10001311711955307,0.10001311711955307,0.31006724465958424,FALSE,FALSE
2009-01-30,East_Antarctica,0.749161461,0.09924611742735567,0.09924611742735567,0.31006724465958424,FALSE,FALSE
2009-01-31,East_Antarctica,0.709880665,0.06810304259862754,0.06810304259862754,0.31006724465958424,FALSE,FALSE
2009-02-01,East_Antarctica,0.691258962,0.05741049535732023,0.05741049535732023,0.31006724465958424,FALSE,FALSE
2009-02-02,East_Antarctica,0.680885712,0.05476005642738346,0.05476005642738346,0.31006724465958424,FALSE,FALSE
2009-02-03,East_Antarctica,0.647414018,0.02880704953276947,0.02880704953276947,0.31006724465958424,FALSE,FALSE
2009-02-04,East_Antarctica,0.591538978,-0.01975120660257179,0.01975120660257179,0.31006724465958424,FALSE,FALSE
2009-02-05,East_Antarctica,0.620349131,0.01617604774531034,0.01617604774531034,0.31006724465958424,FALSE,FALSE
2009-02-06,East_Antarctica,0.651802977,0.05454953330036682,0.05454953330036682,0.31006724465958424,FALSE,FALSE
2009-02-07,East_Antarctica,0.675323329,0.08479428378654896,0.08479428378654896,0.31006724465958424,FALSE,FALSE
2009-02-08,East_Antarctica,0.681984218,0.09798641168083976,0.09798641168083976,0.31006724465958424,FALSE,FALSE
2009-02-09,East_Antarctica,0.673478067,0.09580203761276228,0.09580203761276228,0.31006724465958424,FALSE,FALSE
2009-02-10,East_Antarctica,0.601335311,0.02971873315454776,0.02971873315454776,0.31006724465958424,FALSE,FALSE
2009-02-11,East_Antarctica,0.58347891,0.01760227213291565,0.01760227213291565,0.31006724465958424,FALSE,FALSE
2009-02-12,East_Antarctica,0.590102679,0.0295892833745861,0.0295892833745861,0.31006724465958424,FALSE,FALSE
2009-02-13,East_Antarctica,0.604279026,0.04869498870627753,0.04869498870627753,0.31006724465958424,FALSE,FALSE
2009-02-14,East_Antarctica,0.594727006,0.0435812569547106,0.0435812569547106,0.31006724465958424,FALSE,FALSE
2009-02-15,East_Antarctica,0.586045448,0.03878973094660443,0.03878973094660443,0.31006724465958424,FALSE,FALSE
2009-02-16,East_Antarctica,0.586066931,0.04209580350867714,0.04209580350867714,0.31006724465958424,FALSE,FALSE
2009-02-17,East_Antarctica,0.589615777,0.04826661046765002,0.04826661046765002,0.31006724465958424,FALSE,FALSE
2009-02-18,East_Antarctica,0.572666654,0.0332196336502415,0.0332196336502415,0.31006724465958424,FALSE,FALSE
2009-02-19,East_Antarctica,0.56117526,0.02285338488317212,0.02285338488317212,0.31006724465958424,FALSE,FALSE
2009-02-20,East_Antarctica,0.54656227,0.00853135299316054,0.00853135299316054,0.31006724465958424,FALSE,FALSE
2009-02-21,East_Antarctica,0.567728474,0.02910021749541536,0.02910021749541536,0.31006724465958424,FALSE,FALSE
2009-02-22,East_Antarctica,0.555112854,0.01498213842417328,0.01498213842417328,0.31006724465958424,FALSE,FALSE
2009-02-23,East_Antarctica,0.523339335,-0.01919097523625701,0.01919097523625701,0.31006724465958424,FALSE,FALSE
2009-02-24,East_Antarctica,0.546854695,0.00103608691489021,0.00103608691489021,0.31006724465958424,FALSE,FALSE
2009-02-25,East_Antarctica,0.541492556,-0.00849462072161877,0.00849462072161877,0.31006724465958424,FALSE,FALSE
2009-02-26,East_Antarctica,0.536170428,-0.01885715574501645,0.01885715574501645,0.31006724465958424,FALSE,FALSE
2009-02-27,East_Antarctica,0.568957237,0.00802584024546171,0.00802584024546171,0.31006724465958424,FALSE,FALSE
2009-02-28,East_Antarctica,0.585412612,0.01772242865058337,0.01772242865058337,0.31006724465958424,FALSE,FALSE
2009-03-01,East_Antarctica,0.584348598,0.00905308687111494,0.00905308687111494,0.31006724465958424,FALSE,FALSE
2009-03-02,East_Antarctica,0.593303556,0.00956460830782213,0.00956460830782213,0.31006724465958424,FALSE,FALSE
2009-03-03,East_Antarctica,0.63080249,0.03779042936147248,0.03779042936147248,0.31006724465958424,FALSE,FALSE
2009-03-04,East_Antarctica,0.635629841,0.03252342343283088,0.03252342343283088,0.31006724465958424,FALSE,FALSE
2009-03-05,East_Antarctica,0.619378613,0.00536503106543262,0.00536503106543262,0.31006724465958424,FALSE,FALSE
2009-03-06,East_Antarctica,0.619001949,-0.00670775761669595,0.00670775761669595,0.31006724465958424,FALSE,FALSE
2009-03-07,East_Antarctica,0.625877562,-0.01224321149318341,0.01224321149318341,0.31006724465958424,FALSE,FALSE
2009-03-08,East_Antarctica,0.637531321,-0.01363125067992765,0.01363125067992765,0.31006724465958424,FALSE,FALSE
2009-03-09,East_Antarctica,0.713066911,0.04831602070717122,0.04831602070717122,0.31006724465958424,FALSE,FALSE
2009-03-10,East_Antarctica,0.791682554,0.11288103555221474,0.11288103555221474,0.31006724465958424,FALSE,FALSE
2009-03-11,East_Antarctica,0.789194975,0.0959647297393047,0.0959647297393047,0.31006724465958424,FALSE,FALSE
2009-03-12,East_Antarctica,0.762828859,0.05487599915254249,0.05487599915254249,0.31006724465958424,FALSE,FALSE
2009-03-13,East_Antarctica,0.783050349,0.06016519767602713,0.06016519767602713,0.31006724465958424,FALSE,FALSE
2009-03-14,East_Antarctica,0.786173604,0.04823069519386147,0.04823069519386147,0.31006724465958424,FALSE,FALSE
2009-03-15,East_Antarctica,0.792294904,0.03925298259014576,0.03925298259014576,0.31006724465958424,FALSE,FALSE
2009-03-16,East_Antarctica,0.788756573,0.02065859474898079,0.02065859474898079,0.31006724465958424,FALSE,FALSE
2009-03-17,East_Antarctica,0.802835292,0.01980842355446988,0.01980842355446988,0.31006724465958424,FALSE,FALSE
2009-03-18,East_Antarctica,0.843329577,0.04558274539107232,0.04558274539107232,0.31006724465958424,FALSE,FALSE
2009-03-19,East_Antarctica,0.874022883,0.06178557477196045,0.06178557477196045,0.31006724465958424,FALSE,FALSE
2009-03-20,East_Antarctica,0.86973205,0.04319029458633572,0.04319029458633572,0.31006724465958424,FALSE,FALSE
2009-03-21,East_Antarctica,0.845126619,0.00441997471600807,0.00441997471600807,0.31006724465958424,FALSE,FALSE
2009-03-22,East_Antarctica,0.884750706,0.02997226004278519,0.02997226004278519,0.31006724465958424,FALSE,FALSE
2009-03-23,East_Antarctica,0.869213268,4.0963644847535896e-4,4.0963644847535896e-4,0.31006724465958424,FALSE,FALSE
2009-03-24,East_Antarctica,0.868211828,-0.01461684418511199,0.01461684418511199,0.31006724465958424,FALSE,FALSE
2009-03-25,East_Antarctica,0.890066018,-0.00683402097616792,0.00683402097616792,0.31006724465958424,FALSE,FALSE
2009-03-26,East_Antarctica,0.935921809,0.02485760595711395,0.02485760595711395,0.31006724465958424,FALSE,FALSE
2009-03-27,East_Antarctica,0.994438927,0.06907129149654567,0.06907129149654567,0.31006724465958424,FALSE,FALSE
2009-03-28,East_Antarctica,1.005935482,0.06607867452393201,0.06607867452393201,0.31006724465958424,FALSE,FALSE
2009-03-29,East_Antarctica,1.032993634,0.07841544392108402,0.07841544392108402,0.31006724465958424,FALSE,FALSE
2009-03-30,East_Antarctica,1.053992659,0.08441440456981042,0.08441440456981042,0.31006724465958424,FALSE,FALSE
2009-03-31,East_Antarctica,1.05937389,0.07447914773545983,0.07447914773545983,0.31006724465958424,FALSE,FALSE
2009-04-01,East_Antarctica,1.055318459,0.0548007787838769,0.0548007787838769,0.31006724465958424,FALSE,FALSE
2009-04-02,East_Antarctica,1.051846861,0.03542598715887934,0.03542598715887934,0.31006724465958424,FALSE,FALSE
2009-04-03,East_Antarctica,1.086225522,0.05364740671423806,0.05364740671423806,0.31006724465958424,FALSE,FALSE
2009-04-04,East_Antarctica,1.097696387,0.04873319030372403,0.04873319030372403,0.31006724465958424,FALSE,FALSE
2009-04-05,East_Antarctica,1.102608957,0.03705904678111005,0.03705904678111005,0.31006724465958424,FALSE,FALSE
2009-04-06,East_Antarctica,1.106215736,0.02390368800016729,0.02390368800016729,0.31006724465958424,FALSE,FALSE
2009-04-07,East_Antarctica,1.117601321,0.01837791881466621,0.01837791881466621,0.31006724465958424,FALSE,FALSE
2009-04-08,East_Antarctica,1.127208096,0.0109503310783805,0.0109503310783805,0.31006724465958424,FALSE,FALSE
2009-04-09,East_Antarctica,1.141100225,0.00771129664508096,0.00771129664508096,0.31006724465958424,FALSE,FALSE
2009-04-10,East_Antarctica,1.155492706,0.00490202136853779,0.00490202136853779,0.31006724465958424,FALSE,FALSE
2009-04-11,East_Antarctica,1.201165611,0.03332878510252546,0.03332878510252546,0.31006724465958424,FALSE,FALSE
2009-04-12,East_Antarctica,1.271863069,0.08676176218893628,0.08676176218893628,0.31006724465958424,FALSE,FALSE
2009-04-13,East_Antarctica,1.307749599,0.10537993471035856,0.10537993471035856,0.31006724465958424,FALSE,FALSE
2009-04-14,East_Antarctica,1.327491854,0.10784532549878856,0.10784532549878856,0.31006724465958424,FALSE,FALSE
2009-04-15,East_Antarctica,1.319615194,0.08267688099114712,0.08267688099114712,0.31006724465958424,FALSE,FALSE
2009-04-16,East_Antarctica,1.320218133,0.06596670162435947,0.06596670162435947,0.31006724465958424,FALSE,FALSE
2009-04-17,East_Antarctica,1.344802328,0.07321003083534472,0.07321003083534472,0.31006724465958424,FALSE,FALSE
2009-04-18,East_Antarctica,1.330451897,0.04148457306102737,0.04148457306102737,0.31006724465958424,FALSE,FALSE
2009-04-19,East_Antarctica,1.336413445,0.03003051973833104,0.03003051973833104,0.31006724465958424,FALSE,FALSE
2009-04-20,East_Antarctica,1.372853746,0.04900823130417664,0.04900823130417664,0.31006724465958424,FALSE,FALSE
2009-04-21,East_Antarctica,1.407556452,0.06619494619548627,0.06619494619548627,0.31006724465958424,FALSE,FALSE
2009-04-22,East_Antarctica,1.417757382,0.05882006984918342,0.05882006984918342,0.31006724465958424,FALSE,FALSE
2009-04-23,East_Antarctica,1.433425247,0.05684589970218856,0.05684589970218856,0.31006724465958424,FALSE,FALSE
2009-04-24,East_Antarctica,1.450255673,0.05596164819142757,0.05596164819142757,0.31006724465958424,FALSE,FALSE
2009-04-25,East_Antarctica,1.484415771,0.07232861891392206,0.07232861891392206,0.31006724465958424,FALSE,FALSE
2009-04-26,East_Antarctica,1.48684505,0.056886270449515657,0.056886270449515657,0.31006724465958424,FALSE,FALSE
2009-04-27,East_Antarctica,1.492737787,0.04483201072042719,0.04483201072042719,0.31006724465958424,FALSE,FALSE
2009-04-28,East_Antarctica,1.524263818,0.05833884016080426,0.05833884016080426,0.31006724465958424,FALSE,FALSE
2009-04-29,East_Antarctica,1.517697211,0.03368399120479259,0.03368399120479259,0.31006724465958424,FALSE,FALSE
2009-04-30,East_Antarctica,1.489077422,-0.01308991571345896,0.01308991571345896,0.31006724465958424,FALSE,FALSE
2009-05-01,East_Antarctica,1.487371715,-0.03301245215980453,0.03301245215980453,0.31006724465958424,FALSE,FALSE
2009-05-02,East_Antarctica,1.498796485,-0.03986405870009757,0.03986405870009757,0.31006724465958424,FALSE,FALSE
2009-05-03,East_Antarctica,1.514377083,-0.04261621990018804,0.04261621990018804,0.31006724465958424,FALSE,FALSE
2009-05-04,East_Antarctica,1.549042484,-0.02633679632593222,0.02633679632593222,0.31006724465958424,FALSE,FALSE
2009-05-05,East_Antarctica,1.56218684,-0.03162847154318138,0.03162847154318138,0.31006724465958424,FALSE,FALSE
2009-05-06,East_Antarctica,1.571050968,-0.04124726411778789,0.04124726411778789,0.31006724465958424,FALSE,FALSE
2009-05-07,East_Antarctica,1.580780073,-0.05004480161909996,0.05004480161909996,0.31006724465958424,FALSE,FALSE
2009-05-08,East_Antarctica,1.593035829,-0.05635457201717342,0.05635457201717342,0.31006724465958424,FALSE,FALSE
2009-05-09,East_Antarctica,1.631454216,-0.03653131102801499,0.03653131102801499,0.31006724465958424,FALSE,FALSE
2009-05-10,East_Antarctica,1.622715833,-0.06388440379862304,0.06388440379862304,0.31006724465958424,FALSE,FALSE
2009-05-11,East_Antarctica,1.619743145,-0.08548136947599216,0.08548136947599216,0.31006724465958424,FALSE,FALSE
2009-05-12,East_Antarctica,1.634036486,-0.08981185820712012,0.08981185820712012,0.31006724465958424,FALSE,FALSE
2009-05-13,East_Antarctica,1.649043183,-0.09341852713900024,0.09341852713900024,0.31006724465958424,FALSE,FALSE
2009-05-14,East_Antarctica,1.648562901,-0.1124916954186308,0.1124916954186308,0.31006724465958424,FALSE,FALSE
2009-05-15,East_Antarctica,1.642643379,-0.13697360819300686,0.13697360819300686,0.31006724465958424,FALSE,FALSE
2009-05-16,East_Antarctica,1.659929922,-0.13820894460912636,0.13820894460912636,0.31006724465958424,FALSE,FALSE
2009-05-17,East_Antarctica,1.680077333,-0.1365328858139816,0.1365328858139816,0.31006724465958424,FALSE,FALSE
2009-05-18,East_Antarctica,1.731037278,-0.10398374995457504,0.10398374995457504,0.31006724465958424,FALSE,FALSE
2009-05-19,East_Antarctica,1.770998466,-0.0823628121778972,0.0823628121778972,0.31006724465958424,FALSE,FALSE
2009-05-20,East_Antarctica,1.75869701,-0.11292351404870636,0.11292351404870636,0.31006724465958424,FALSE,FALSE
2009-05-21,East_Antarctica,1.764473465,-0.1253070164095642,0.1253070164095642,0.31006724465958424,FALSE,FALSE
2009-05-22,East_Antarctica,1.761085065,-0.14673095253853274,0.14673095253853274,0.31006724465958424,FALSE,FALSE
2009-05-23,East_Antarctica,1.783007186,-0.14269458329565254,0.14269458329565254,0.31006724465958424,FALSE,FALSE
2009-05-24,East_Antarctica,1.770975248,-0.17243712554097712,0.17243712554097712,0.31006724465958424,FALSE,FALSE
2009-05-25,East_Antarctica,1.789968162,-0.17095430513455123,0.17095430513455123,0.31006724465958424,FALSE,FALSE
2009-05-26,East_Antarctica,1.822215084,-0.15599160293642145,0.15599160293642145,0.31006724465958424,FALSE,FALSE
2009-05-27,East_Antarctica,1.838550883,-0.15668878680663423,0.15668878680663423,0.31006724465958424,FALSE,FALSE
2009-05-28,East_Antarctica,1.87175026,-0.14024579260523784,0.14024579260523784,0.31006724465958424,FALSE,FALSE
2009-05-29,East_Antarctica,1.879633438,-0.14881703419227943,0.14881703419227943,0.31006724465958424,FALSE,FALSE
2009-05-30,East_Antarctica,1.870079784,-0.17449778142780303,0.17449778142780303,0.31006724465958424,FALSE,FALSE
2009-05-31,East_Antarctica,1.874950102,-0.18540186717186047,0.18540186717186047,0.31006724465958424,FALSE,FALSE
2009-06-01,East_Antarctica,1.907827409,-0.16792091128449438,0.16792091128449438,0.31006724465958424,FALSE,FALSE
2009-06-02,East_Antarctica,1.920402166,-0.1703515247126146,0.1703515247126146,0.31006724465958424,FALSE,FALSE
2009-06-03,East_Antarctica,1.944305585,-0.161104732806455,0.161104732806455,0.31006724465958424,FALSE,FALSE
2009-06-04,East_Antarctica,1.957292323,-0.16248340826341057,0.16248340826341057,0.31006724465958424,FALSE,FALSE
2009-06-05,East_Antarctica,1.980328587,-0.15357887434734321,0.15357887434734321,0.31006724465958424,FALSE,FALSE
2009-06-06,East_Antarctica,2.002247088,-0.14561595032211772,0.14561595032211772,0.31006724465958424,FALSE,FALSE
2009-06-07,East_Antarctica,2.015464275,-0.14623571745159447,0.14623571745159447,0.31006724465958424,FALSE,FALSE
2009-06-08,East_Antarctica,2.028342063,-0.14713379099963664,0.14713379099963664,0.31006724465958424,FALSE,FALSE
2009-06-09,East_Antarctica,2.018965172,-0.170282981230109,0.170282981230109,0.31006724465958424,FALSE,FALSE
2009-06-10,East_Antarctica,2.015534515,-0.1875399054068687,0.1875399054068687,0.31006724465958424,FALSE,FALSE
2009-06-11,East_Antarctica,2.013920527,-0.20309165879378455,0.20309165879378455,0.31006724465958424,FALSE,FALSE
2009-06-12,East_Antarctica,2.008515547,-0.2226034326547146,0.2226034326547146,0.31006724465958424,FALSE,FALSE
2009-06-13,East_Antarctica,2.050459642,-0.19499269025352328,0.19499269025352328,0.31006724465958424,FALSE,FALSE
2009-06-14,East_Antarctica,2.077018471,-0.1830501705902341,0.1830501705902341,0.31006724465958424,FALSE,FALSE
2009-06-15,East_Antarctica,2.12684801,-0.14812638077903983,0.14812638077903983,0.31006724465958424,FALSE,FALSE
2009-06-16,East_Antarctica,2.186107359,-0.10400022791779052,0.10400022791779052,0.31006724465958424,FALSE,FALSE
2009-06-17,East_Antarctica,2.22899683,-0.07640444590020534,0.07640444590020534,0.31006724465958424,FALSE,FALSE
2009-06-18,East_Antarctica,2.263343639,-0.05744486461998566,0.05744486461998566,0.31006724465958424,FALSE,FALSE
2009-06-19,East_Antarctica,2.262261966,-0.07394034997085086,0.07394034997085086,0.31006724465958424,FALSE,FALSE
2009-06-20,East_Antarctica,2.247730377,-0.10384538184651015,0.10384538184651015,0.31006724465958424,FALSE,FALSE
2009-06-21,East_Antarctica,2.20622918,-0.1606126981406737,0.1606126981406737,0.31006724465958424,FALSE,FALSE
2009-06-22,East_Antarctica,2.162166472,-0.21976724774705536,0.21976724774705536,0.31006724465958424,FALSE,FALSE
2009-06-23,East_Antarctica,2.164681705,-0.23210262455936537,0.23210262455936537,0.31006724465958424,FALSE,FALSE
2009-06-24,East_Antarctica,2.214508187,-0.19681856647131513,0.19681856647131513,0.31006724465958424,FALSE,FALSE
2009-06-25,East_Antarctica,2.273427387,-0.15206665037661882,0.15206665037661882,0.31006724465958424,FALSE,FALSE
2009-06-26,East_Antarctica,2.32311757,-0.1161016571689828,0.1161016571689828,0.31006724465958424,FALSE,FALSE
2009-06-27,East_Antarctica,2.356114296,-0.09633059249935404,0.09633059249935404,0.31006724465958424,FALSE,FALSE
2009-06-28,East_Antarctica,2.371323361,-0.09386216211464138,0.09386216211464138,0.31006724465958424,FALSE,FALSE
2009-06-29,East_Antarctica,2.392012671,-0.08547583219169441,0.08547583219169441,0.31006724465958424,FALSE,FALSE
2009-06-30,East_Antarctica,2.383228068,-0.10617330191101536,0.10617330191101536,0.31006724465958424,FALSE,FALSE
2009-07-01,East_Antarctica,2.385159154,-0.11581251045311358,0.11581251045311358,0.31006724465958424,FALSE,FALSE
2009-07-02,East_Antarctica,2.380323716,-0.1319232119984992,0.1319232119984992,0.31006724465958424,FALSE,FALSE
2009-07-03,East_Antarctica,2.373235123,-0.15003957872767515,0.15003957872767515,0.31006724465958424,FALSE,FALSE
2009-07-04,East_Antarctica,2.386845228,-0.14725729882115202,0.14725729882115202,0.31006724465958424,FALSE,FALSE
2009-07-05,East_Antarctica,2.388742888,-0.1560350564594346,0.1560350564594346,0.31006724465958424,FALSE,FALSE
2009-07-06,East_Antarctica,2.440631664,-0.11471683182303184,0.11471683182303184,0.31006724465958424,FALSE,FALSE
2009-07-07,East_Antarctica,2.492302656,-0.07355906609245011,0.07355906609245011,0.31006724465958424,FALSE,FALSE
2009-07-08,East_Antarctica,2.509491702,-0.06687346244819592,0.06687346244819592,0.31006724465958424,FALSE,FALSE
2009-07-09,East_Antarctica,2.481317146,-0.10558916062662682,0.10558916062662682,0.31006724465958424,FALSE,FALSE
2009-07-10,East_Antarctica,2.469048271,-0.1284731887425261,0.1284731887425261,0.31006724465958424,FALSE,FALSE
2009-07-11,East_Antarctica,2.447652942,-0.16056954191385264,0.16056954191385264,0.31006724465958424,FALSE,FALSE
2009-07-12,East_Antarctica,2.474234682,-0.144783321503966,0.144783321503966,0.31006724465958424,FALSE,FALSE
2009-07-13,East_Antarctica,2.520916668,-0.10899997487622803,0.10899997487622803,0.31006724465958424,FALSE,FALSE
2009-07-14,East_Antarctica,2.497484544,-0.1434424823939926,0.1434424823939926,0.31006724465958424,FALSE,FALSE
2009-07-15,East_Antarctica,2.515309472,-0.1367483064206203,0.1367483064206203,0.31006724465958424,FALSE,FALSE
2009-07-16,East_Antarctica,2.580178645,-0.08313887831946776,0.08313887831946776,0.31006724465958424,FALSE,FALSE
2009-07-17,East_Antarctica,2.619882886,-0.05483199945389616,0.05483199945389616,0.31006724465958424,FALSE,FALSE
2009-07-18,East_Antarctica,2.613147781,-0.07311070818726062,0.07311070818726062,0.31006724465958424,FALSE,FALSE
2009-07-19,East_Antarctica,2.608104208,-0.0898527508829221,0.0898527508829221,0.31006724465958424,FALSE,FALSE
2009-07-20,East_Antarctica,2.637151205,-0.07266771390423665,0.07266771390423665,0.31006724465958424,FALSE,FALSE
2009-07-21,East_Antarctica,2.668066579,-0.05378641461456412,0.05378641461456412,0.31006724465958424,FALSE,FALSE
2009-07-22,East_Antarctica,2.702146221,-0.0319190297860259,0.0319190297860259,0.31006724465958424,FALSE,FALSE
2009-07-23,East_Antarctica,2.723080918,-0.02334555335749355,0.02334555335749355,0.31006724465958424,FALSE,FALSE
2009-07-24,East_Antarctica,2.725989388,-0.03289232629469696,0.03289232629469696,0.31006724465958424,FALSE,FALSE
2009-07-25,East_Antarctica,2.739248375,-0.0321270800889244,0.0321270800889244,0.31006724465958424,FALSE,FALSE
2009-07-26,East_Antarctica,2.748819116,-0.03503305323146488,0.03503305323146488,0.31006724465958424,FALSE,FALSE
2009-07-27,East_Antarctica,2.71707873,-0.07917760221361192,0.07917760221361192,0.31006724465958424,FALSE,FALSE
2009-07-28,East_Antarctica,2.709230034,-0.09930238552665348,0.09930238552665348,0.31006724465958424,FALSE,FALSE
2009-07-29,East_Antarctica,2.728462388,-0.09216251866187708,0.09216251866187708,0.31006724465958424,FALSE,FALSE
2009-07-30,East_Antarctica,2.749589925,-0.0828883441105761,0.0828883441105761,0.31006724465958424,FALSE,FALSE
2009-07-31,East_Antarctica,2.845108763,0.00107178063596125,0.00107178063596125,0.31006724465958424,FALSE,FALSE
2009-08-01,East_Antarctica,2.919681731,0.06443620908644654,0.06443620908644654,0.31006724465958424,FALSE,FALSE
2009-08-02,East_Antarctica,2.946969234,0.08092087074958565,0.08092087074958565,0.31006724465958424,FALSE,FALSE
2009-08-03,East_Antarctica,2.990413649,0.11402366640093176,0.11402366640093176,0.31006724465958424,FALSE,FALSE
2009-08-04,East_Antarctica,3.04162436,0.1553897113822087,0.1553897113822087,0.31006724465958424,FALSE,FALSE
2009-08-05,East_Antarctica,3.076878553,0.1812605240809377,0.1812605240809377,0.31006724465958424,FALSE,FALSE
2009-08-06,East_Antarctica,3.067385113,0.16279322751853842,0.16279322751853842,0.31006724465958424,FALSE,FALSE
2009-08-07,East_Antarctica,3.029487703,0.1162797227164294,0.1162797227164294,0.31006724465958424,FALSE,FALSE
2009-08-08,East_Antarctica,3.006832178,0.08531410269603068,0.08531410269603068,0.31006724465958424,FALSE,FALSE
2009-08-09,East_Antarctica,2.954800693,0.0252267604787626,0.0252267604787626,0.31006724465958424,FALSE,FALSE
2009-08-10,East_Antarctica,2.888450934,-0.04897637991395731,0.04897637991395731,0.31006724465958424,FALSE,FALSE
2009-08-11,East_Antarctica,2.880921204,-0.06420877746070897,0.06420877746070897,0.31006724465958424,FALSE,FALSE
2009-08-12,East_Antarctica,2.880136572,-0.0725971251400721,0.0725971251400721,0.31006724465958424,FALSE,FALSE
2009-08-13,East_Antarctica,2.913612929,-0.04667729393062858,0.04667729393062858,0.31006724465958424,FALSE,FALSE
2009-08-14,East_Antarctica,2.96498447,-0.00286685081095638,0.00286685081095638,0.31006724465958424,FALSE,FALSE
2009-08-15,East_Antarctica,3.000253138,0.02478438524036219,0.02478438524036219,0.31006724465958424,FALSE,FALSE
2009-08-16,East_Antarctica,3.038855194,0.05566244554047195,0.05566244554047195,0.31006724465958424,FALSE,FALSE
2009-08-17,East_Antarctica,3.087053773,0.09602577883431308,0.09602577883431308,0.31006724465958424,FALSE,FALSE
2009-08-18,East_Antarctica,3.114163536,0.11523648791180909,0.11523648791180909,0.31006724465958424,FALSE,FALSE
2009-08-19,East_Antarctica,3.10836951,0.10152989831448522,0.10152989831448522,0.31006724465958424,FALSE,FALSE
2009-08-20,East_Antarctica,3.117168469,0.10245308258387588,0.10245308258387588,0.31006724465958424,FALSE,FALSE
2009-08-21,East_Antarctica,3.091691204,0.06918713026151035,0.06918713026151035,0.31006724465958424,FALSE,FALSE
2009-08-22,East_Antarctica,3.064564333,0.03440895788891929,0.03440895788891929,0.31006724465958424,FALSE,FALSE
2009-08-23,East_Antarctica,3.025907629,-0.01171136299236774,0.01171136299236774,0.31006724465958424,FALSE,FALSE
2009-08-24,East_Antarctica,2.991826101,-0.05301852484081859,0.05301852484081859,0.31006724465958424,FALSE,FALSE
2009-08-25,East_Antarctica,3.005093938,-0.04668804011490302,0.04668804011490302,0.31006724465958424,FALSE,FALSE
2009-08-26,East_Antarctica,3.063050532,0.00466978172690923,0.00466978172690923,0.31006724465958424,FALSE,FALSE
2009-08-27,East_Antarctica,3.097068268,0.03247762422614864,0.03247762422614864,0.31006724465958424,FALSE,FALSE
2009-08-28,East_Antarctica,3.113980901,0.04361954092434805,0.04361954092434805,0.31006724465958424,FALSE,FALSE
2009-08-29,East_Antarctica,3.120041433,0.04438984073806473,0.04438984073806473,0.31006724465958424,FALSE,FALSE
2009-08-30,East_Antarctica,3.126323394,0.04584871222076225,0.04584871222076225,0.31006724465958424,FALSE,FALSE
2009-08-31,East_Antarctica,3.12609081,0.04122630679498718,0.04122630679498718,0.31006724465958424,FALSE,FALSE
2009-09-01,East_Antarctica,3.154336362,0.06548139405358988,0.06548139405358988,0.31006724465958424,FALSE,FALSE
2009-09-02,East_Antarctica,3.19382263,0.10134264258942284,0.10134264258942284,0.31006724465958424,FALSE,FALSE
2009-09-03,East_Antarctica,3.163119578,0.06734610499533433,0.06734610499533433,0.31006724465958424,FALSE,FALSE
2009-09-04,East_Antarctica,3.129319888,0.03055055186418132,0.03055055186418132,0.31006724465958424,FALSE,FALSE
2009-09-05,East_Antarctica,3.077614389,-0.02388709921118748,0.02388709921118748,0.31006724465958424,FALSE,FALSE
2009-09-06,East_Antarctica,3.071730112,-0.03227372863792066,0.03227372863792066,0.31006724465958424,FALSE,FALSE
2009-09-07,East_Antarctica,3.108329276,0.00201897117683458,0.00201897117683458,0.31006724465958424,FALSE,FALSE
2009-09-08,East_Antarctica,3.077312898,-0.0311418941740742,0.0311418941740742,0.31006724465958424,FALSE,FALSE
2009-09-09,East_Antarctica,3.043708636,-0.06676257809778852,0.06676257809778852,0.31006724465958424,FALSE,FALSE
2009-09-10,East_Antarctica,3.034805959,-0.07758747119352494,0.07758747119352494,0.31006724465958424,FALSE,FALSE
2009-09-11,East_Antarctica,3.035776593,-0.07847378884782019,0.07847378884782019,0.31006724465958424,FALSE,FALSE
2009-09-12,East_Antarctica,3.00627635,-0.10978576040991062,0.10978576040991062,0.31006724465958424,FALSE,FALSE
2009-09-13,East_Antarctica,2.979220788,-0.1386269321326905,0.1386269321326905,0.31006724465958424,FALSE,FALSE
2009-09-14,East_Antarctica,2.986202715,-0.1334236002690541,0.1334236002690541,0.31006724465958424,FALSE,FALSE
2009-09-15,East_Antarctica,2.998185602,-0.12323139807190042,0.12323139807190042,0.31006724465958424,FALSE,FALSE
2009-09-16,East_Antarctica,2.997443804,-0.12579507479412166,0.12579507479412166,0.31006724465958424,FALSE,FALSE
2009-09-17,East_Antarctica,3.000508265,-0.1246027906886149,0.1246027906886149,0.31006724465958424,FALSE,FALSE
2009-09-18,East_Antarctica,3.001843664,-0.12520897100827577,0.12520897100827577,0.31006724465958424,FALSE,FALSE
2009-09-19,East_Antarctica,3.080565906,-0.04851681500599891,0.04851681500599891,0.31006724465958424,FALSE,FALSE
2009-09-20,East_Antarctica,3.155292248,0.02407183006532065,0.02407183006532065,0.31006724465958424,FALSE,FALSE
2009-09-21,East_Antarctica,3.178416758,0.04493192795278533,0.04493192795278533,0.31006724465958424,FALSE,FALSE
2009-09-22,East_Antarctica,3.143001882,0.00710682040350052,0.00710682040350052,0.31006724465958424,FALSE,FALSE
2009-09-23,East_Antarctica,3.138074873,-3.89256879836708e-4,3.89256879836708e-4,0.31006724465958424,FALSE,FALSE
2009-09-24,East_Antarctica,3.160755025,0.01961514051289459,0.01961514051289459,0.31006724465958424,FALSE,FALSE
2009-09-25,East_Antarctica,3.172677546,0.02884690272490298,0.02884690272490298,0.31006724465958424,FALSE,FALSE
2009-09-26,East_Antarctica,3.133731619,-0.0127125504267731,0.0127125504267731,0.31006724465958424,FALSE,FALSE
2009-09-27,East_Antarctica,3.048660895,-0.10022733112510052,0.10022733112510052,0.31006724465958424,FALSE,FALSE
2009-09-28,East_Antarctica,3.031655856,-0.11941472055303848,0.11941472055303848,0.31006724465958424,FALSE,FALSE
2009-09-29,East_Antarctica,3.007215975,-0.145683008893553,0.145683008893553,0.31006724465958424,FALSE,FALSE
2009-09-30,East_Antarctica,2.99515037,-0.15913084132960575,0.15913084132960575,0.31006724465958424,FALSE,FALSE
2009-10-01,East_Antarctica,3.024770287,-0.13035473504416206,0.13035473504416206,0.31006724465958424,FALSE,FALSE
2009-10-02,East_Antarctica,3.070358909,-0.08497927022018281,0.08497927022018281,0.31006724465958424,FALSE,FALSE
2009-10-03,East_Antarctica,3.059476203,-0.0953522430406304,0.0953522430406304,0.31006724465958424,FALSE,FALSE
2009-10-04,East_Antarctica,3.035528862,-0.11797472368847296,0.11797472368847296,0.31006724465958424,FALSE,FALSE
2009-10-05,East_Antarctica,3.000663002,-0.1506083871074586,0.1506083871074586,0.31006724465958424,FALSE,FALSE
2009-10-06,East_Antarctica,2.951075595,-0.19699763251429347,0.19699763251429347,0.31006724465958424,FALSE,FALSE
2009-10-07,East_Antarctica,2.939602718,-0.2043465321539304,0.2043465321539304,0.31006724465958424,FALSE,FALSE
2009-10-08,East_Antarctica,2.907100304,-0.23185737351680613,0.23185737351680613,0.31006724465958424,FALSE,FALSE
2009-10-09,East_Antarctica,2.914971454,-0.21818527609335803,0.21818527609335803,0.31006724465958424,FALSE,FALSE
2009-10-10,East_Antarctica,2.883998467,-0.2426061613740176,0.2426061613740176,0.31006724465958424,FALSE,FALSE
2009-10-11,East_Antarctica,2.873659222,-0.24570037084922136,0.24570037084922136,0.31006724465958424,FALSE,FALSE
2009-10-12,East_Antarctica,2.850516284,-0.26096356000941023,0.26096356000941023,0.31006724465958424,FALSE,FALSE
2009-10-13,East_Antarctica,2.816558016,-0.28646558634501496,0.28646558634501496,0.31006724465958424,FALSE,FALSE
2009-10-14,East_Antarctica,2.79940365,-0.29464543834647206,0.29464543834647206,0.31006724465958424,FALSE,FALSE
2009-10-15,East_Antarctica,2.794120182,-0.29049434050421796,0.29049434050421796,0.31006724465958424,FALSE,FALSE
2009-10-16,East_Antarctica,2.803143721,-0.27163440430868446,0.27163440430868446,0.31006724465958424,FALSE,FALSE
2009-10-17,East_Antarctica,2.831138873,-0.23345924425031497,0.23345924425031497,0.31006724465958424,FALSE,FALSE
2009-10-18,East_Antarctica,2.83212933,-0.2220000889750815,0.2220000889750815,0.31006724465958424,FALSE,FALSE
2009-10-19,East_Antarctica,2.845360688,-0.19799617541045175,0.19799617541045175,0.31006724465958424,FALSE,FALSE
2009-10-20,East_Antarctica,2.86071461,-0.1714836685533987,0.1714836685533987,0.31006724465958424,FALSE,FALSE
2009-10-21,East_Antarctica,2.844398177,-0.17617063250513132,0.17617063250513132,0.31006724465958424,FALSE,FALSE
2009-10-22,East_Antarctica,2.852066631,-0.15631697036686587,0.15631697036686587,0.31006724465958424,FALSE,FALSE
2009-10-23,East_Antarctica,2.853239282,-0.14231851723980826,0.14231851723980826,0.31006724465958424,FALSE,FALSE
2009-10-24,East_Antarctica,2.858684439,-0.1233221092251746,0.1233221092251746,0.31006724465958424,FALSE,FALSE
2009-10-25,East_Antarctica,2.869992064,-0.09765292942417636,0.09765292942417636,0.31006724465958424,FALSE,FALSE
2009-10-26,East_Antarctica,2.827545217,-0.1248430629380226,0.1248430629380226,0.31006724465958424,FALSE,FALSE
2009-10-27,East_Antarctica,2.817054751,-0.11909680186792793,0.11909680186792793,0.31006724465958424,FALSE,FALSE
2009-10-28,East_Antarctica,2.831801066,-0.08704889131510418,0.08704889131510418,0.31006724465958424,FALSE,FALSE
2009-10-29,East_Antarctica,2.802663175,-0.09773546338076232,0.09773546338076232,0.31006724465958424,FALSE,FALSE
2009-10-30,East_Antarctica,2.779889521,-0.10082322016611522,0.10082322016611522,0.31006724465958424,FALSE,FALSE
2009-10-31,East_Antarctica,2.771087161,-0.0886326604197496,0.0886326604197496,0.31006724465958424,FALSE,FALSE
2009-11-01,East_Antarctica,2.751164798,-0.08624372479150955,0.08624372479150955,0.31006724465958424,FALSE,FALSE
2009-11-02,East_Antarctica,2.784801377,-0.02898487576069364,0.02898487576069364,0.31006724465958424,FALSE,FALSE
2009-11-03,East_Antarctica,2.787432389,-0.00142803485081666,0.00142803485081666,0.31006724465958424,FALSE,FALSE
2009-11-04,East_Antarctica,2.801922961,0.03928451241461062,0.03928451241461062,0.31006724465958424,FALSE,FALSE
2009-11-05,East_Antarctica,2.791985838,0.05685809851207901,0.05685809851207901,0.31006724465958424,FALSE,FALSE
2009-11-06,East_Antarctica,2.795355222,0.08901951291807153,0.08901951291807153,0.31006724465958424,FALSE,FALSE
2009-11-07,East_Antarctica,2.780488343,0.10421857310908143,0.10421857310908143,0.31006724465958424,FALSE,FALSE
2009-11-08,East_Antarctica,2.744664708,0.09972737356159378,0.09972737356159378,0.31006724465958424,FALSE,FALSE
2009-11-09,East_Antarctica,2.718642647,0.10629683175209692,0.10629683175209692,0.31006724465958424,FALSE,FALSE
2009-11-10,East_Antarctica,2.707380542,0.12887791715708197,0.12887791715708197,0.31006724465958424,FALSE,FALSE
2009-11-11,East_Antarctica,2.691221876,0.14780670025303388,0.14780670025303388,0.31006724465958424,FALSE,FALSE
2009-11-12,East_Antarctica,2.658291138,0.15119934995173656,0.15119934995173656,0.31006724465958424,FALSE,FALSE
2009-11-13,East_Antarctica,2.605580973,0.13598998559293252,0.13598998559293252,0.31006724465958424,FALSE,FALSE
2009-11-14,East_Antarctica,2.615498223,0.18445145406557104,0.18445145406557104,0.31006724465958424,FALSE,FALSE
2009-11-15,East_Antarctica,2.593399361,0.20180000827227929,0.20180000827227929,0.31006724465958424,FALSE,FALSE
2009-11-16,East_Antarctica,2.560787515,0.2093985561156808,0.2093985561156808,0.31006724465958424,FALSE,FALSE
2009-11-17,East_Antarctica,2.521056377,0.2105005694984019,0.2105005694984019,0.31006724465958424,FALSE,FALSE
2009-11-18,East_Antarctica,2.46537162,0.19613150132306423,0.19613150132306423,0.31006724465958424,FALSE,FALSE
2009-11-19,East_Antarctica,2.434908148,0.20732603549229325,0.20732603549229325,0.31006724465958424,FALSE,FALSE
2009-11-20,East_Antarctica,2.396305502,0.2105834929087158,0.2105834929087158,0.31006724465958424,FALSE,FALSE
2009-11-21,East_Antarctica,2.378176186,0.23437615747495544,0.23437615747495544,0.31006724465958424,FALSE,FALSE
2009-11-22,East_Antarctica,2.365727848,0.2637714570936365,0.2637714570936365,0.31006724465958424,FALSE,FALSE
2009-11-23,East_Antarctica,2.324605569,0.264274252667382,0.264274252667382,0.31006724465958424,FALSE,FALSE
2009-11-24,East_Antarctica,2.250270442,0.2312054170988196,0.2312054170988196,0.31006724465958424,FALSE,FALSE
2009-11-25,East_Antarctica,2.216263689,0.23797443993433753,0.23797443993433753,0.31006724465958424,FALSE,FALSE
2009-11-26,East_Antarctica,2.20472868,0.26666474578923083,0.26666474578923083,0.31006724465958424,FALSE,FALSE
2009-11-27,East_Antarctica,2.172565922,0.27415299267813964,0.27415299267813964,0.31006724465958424,FALSE,FALSE
2009-11-28,East_Antarctica,2.127435046,0.2680752360249672,0.2680752360249672,0.31006724465958424,FALSE,FALSE
2009-11-29,East_Antarctica,2.075960417,0.2550322652536112,0.2550322652536112,0.31006724465958424,FALSE,FALSE
2009-11-30,East_Antarctica,2.031564435,0.2484229047879758,0.2484229047879758,0.31006724465958424,FALSE,FALSE
2009-12-01,East_Antarctica,1.929802439,0.18377891805196,0.18377891805196,0.31006724465958424,FALSE,FALSE
2009-12-02,East_Antarctica,1.827796905,0.11819920546946672,0.11819920546946672,0.31006724465958424,FALSE,FALSE
2009-12-03,East_Antarctica,1.777751144,0.1038635024643948,0.1038635024643948,0.31006724465958424,FALSE,FALSE
2009-12-04,East_Antarctica,1.711722382,0.07280545946064598,0.07280545946064598,0.31006724465958424,FALSE,FALSE
2009-12-05,East_Antarctica,1.670333109,0.06562399088212212,0.06562399088212212,0.31006724465958424,FALSE,FALSE
2009-12-06,East_Antarctica,1.607545776,0.03625797215272275,0.03625797215272275,0.31006724465958424,FALSE,FALSE
2009-12-07,East_Antarctica,1.565254626,0.02657809468220362,0.02657809468220362,0.31006724465958424,FALSE,FALSE
2009-12-08,East_Antarctica,1.548088943,0.04119753685696281,0.04119753685696281,0.31006724465958424,FALSE,FALSE
2009-12-09,East_Antarctica,1.531511581,0.05558100402505106,0.05558100402505106,0.31006724465958424,FALSE,FALSE
2009-12-10,East_Antarctica,1.504146911,0.05835737117809603,0.05835737117809603,0.31006724465958424,FALSE,FALSE
2009-12-11,East_Antarctica,1.460760462,0.04429667130771708,0.04429667130771708,0.31006724465958424,FALSE,FALSE
2009-12-12,East_Antarctica,1.439864105,0.05191527940553775,0.05191527940553775,0.31006724465958424,FALSE,FALSE
2009-12-13,East_Antarctica,1.4188511,0.0586109594631834,0.0586109594631834,0.31006724465958424,FALSE,FALSE
2009-12-14,East_Antarctica,1.390078485,0.05674525347227721,0.05674525347227721,0.31006724465958424,FALSE,FALSE
2009-12-15,East_Antarctica,1.36486553,0.0576419354244424,0.0576419354244424,0.31006724465958424,FALSE,FALSE
2009-12-16,East_Antarctica,1.34583379,0.06392706431130213,0.06392706431130213,0.31006724465958424,FALSE,FALSE
2009-12-17,East_Antarctica,1.320359474,0.06298135312448072,0.06298135312448072,0.31006724465958424,FALSE,FALSE
2009-12-18,East_Antarctica,1.30161456,0.06798128385559954,0.06798128385559954,0.31006724465958424,FALSE,FALSE
2009-12-19,East_Antarctica,1.293309565,0.08264187749628493,0.08264187749628493,0.31006724465958424,FALSE,FALSE
2009-12-20,East_Antarctica,1.281863208,0.09338716352166589,0.09338716352166589,0.31006724465958424,FALSE,FALSE
2009-12-21,East_Antarctica,1.265530034,0.09848974946564136,0.09848974946564136,0.31006724465958424,FALSE,FALSE
2009-12-22,East_Antarctica,1.233677685,0.0873455188231882,0.0873455188231882,0.31006724465958424,FALSE,FALSE
2009-12-23,East_Antarctica,1.219338119,0.09301495474560229,0.09301495474560229,0.31006724465958424,FALSE,FALSE
2009-12-24,East_Antarctica,1.183411765,0.07642701138418073,0.07642701138418073,0.31006724465958424,FALSE,FALSE
2009-12-25,East_Antarctica,1.161713218,0.0734248088902194,0.0734248088902194,0.31006724465958424,FALSE,FALSE
2009-12-26,East_Antarctica,1.162446145,0.09224053941501432,0.09224053941501432,0.31006724465958424,FALSE,FALSE
2009-12-27,East_Antarctica,1.150362811,0.09765499310986048,0.09765499310986048,0.31006724465958424,FALSE,FALSE
2009-12-28,East_Antarctica,1.133990513,0.09822399212605548,0.09822399212605548,0.31006724465958424,FALSE,FALSE
2009-12-29,East_Antarctica,1.135125994,0.11577280461489647,0.11577280461489647,0.31006724465958424,FALSE,FALSE
2009-12-30,East_Antarctica,1.124908335,0.1214690367276785,0.1214690367276785,0.31006724465958424,FALSE,FALSE
2009-12-31,East_Antarctica,1.111133227,0.12313690461569549,0.12313690461569549,0.31006724465958424,FALSE,FALSE
2010-01-01,East_Antarctica,1.074470973,0.10147523643024592,0.10147523643024592,0.31006724465958424,FALSE,FALSE
2010-01-02,East_Antarctica,1.043802108,0.08539198934385206,0.08539198934385206,0.31006724465958424,FALSE,FALSE
2010-01-03,East_Antarctica,1.044838207,0.1006217486139287,0.1006217486139287,0.31006724465958424,FALSE,FALSE
2010-01-04,East_Antarctica,1.051932574,0.12153972551912127,0.12153972551912127,0.31006724465958424,FALSE,FALSE
2010-01-05,East_Antarctica,1.030826776,0.11390939433807634,0.11390939433807634,0.31006724465958424,FALSE,FALSE
2010-01-06,East_Antarctica,1.01232375,0.10855559934943115,0.10855559934943115,0.31006724465958424,FALSE,FALSE
2010-01-07,East_Antarctica,0.990098683,0.09917543483183322,0.09917543483183322,0.31006724465958424,FALSE,FALSE
2010-01-08,East_Antarctica,0.962944988,0.08458422106392527,0.08458422106392527,0.31006724465958424,FALSE,FALSE
2010-01-09,East_Antarctica,0.947438218,0.08137941832434892,0.08137941832434892,0.31006724465958424,FALSE,FALSE
2010-01-10,East_Antarctica,0.934211072,0.08021563289175027,0.08021563289175027,0.31006724465958424,FALSE,FALSE
2010-01-11,East_Antarctica,0.922284419,0.08013564104477033,0.08013564104477033,0.31006724465958424,FALSE,FALSE
2010-01-12,East_Antarctica,0.875448496,0.04495158706205349,0.04495158706205349,0.31006724465958424,FALSE,FALSE
2010-01-13,East_Antarctica,0.864657842,0.04563991722224292,0.04563991722224292,0.31006724465958424,FALSE,FALSE
2010-01-14,East_Antarctica,0.856910001,0.04921974797255535,0.04921974797255535,0.31006724465958424,FALSE,FALSE
2010-01-15,East_Antarctica,0.855745413,0.05924107638867404,0.05924107638867404,0.31006724465958424,FALSE,FALSE
2010-01-16,East_Antarctica,0.844876525,0.05941085385841738,0.05941085385841738,0.31006724465958424,FALSE,FALSE
2010-01-17,East_Antarctica,0.840135229,0.06555452478649748,0.06555452478649748,0.31006724465958424,FALSE,FALSE
2010-01-18,East_Antarctica,0.828493148,0.0646372645776282,0.0646372645776282,0.31006724465958424,FALSE,FALSE
2010-01-19,East_Antarctica,0.810887472,0.0575898156365221,0.0575898156365221,0.31006724465958424,FALSE,FALSE
2010-01-20,East_Antarctica,0.791464759,0.04855228836789149,0.04855228836789149,0.31006724465958424,FALSE,FALSE
2010-01-21,East_Antarctica,0.799284718,0.06657794417644958,0.06657794417644958,0.31006724465958424,FALSE,FALSE
2010-01-22,East_Antarctica,0.80656337,0.08387635646690972,0.08387635646690972,0.31006724465958424,FALSE,FALSE
2010-01-23,East_Antarctica,0.794478896,0.08161925864398378,0.08161925864398378,0.31006724465958424,FALSE,FALSE
2010-01-24,East_Antarctica,0.766241412,0.06301031911238508,0.06301031911238508,0.31006724465958424,FALSE,FALSE
2010-01-25,East_Antarctica,0.733190437,0.03938260927682657,0.03938260927682657,0.31006724465958424,FALSE,FALSE
2010-01-26,East_Antarctica,0.72601006,0.04141377054202155,0.04141377054202155,0.31006724465958424,FALSE,FALSE
2010-01-27,East_Antarctica,0.703704974,0.0281028671985527,0.0281028671985527,0.31006724465958424,FALSE,FALSE
2010-01-28,East_Antarctica,0.704960144,0.03813477895126849,0.03813477895126849,0.31006724465958424,FALSE,FALSE
2010-01-29,East_Antarctica,0.701287235,0.04302338411955309,0.04302338411955309,0.31006724465958424,FALSE,FALSE
2010-01-30,East_Antarctica,0.701225087,0.05130974342735561,0.05130974342735561,0.31006724465958424,FALSE,FALSE
2010-01-31,East_Antarctica,0.696939854,0.05516223159862754,0.05516223159862754,0.31006724465958424,FALSE,FALSE
2010-02-01,East_Antarctica,0.690235893,0.05638742635732019,0.05638742635732019,0.31006724465958424,FALSE,FALSE
2010-02-02,East_Antarctica,0.711889209,0.0857635534273834,0.0857635534273834,0.31006724465958424,FALSE,FALSE
2010-02-03,East_Antarctica,0.721560962,0.10295399353276946,0.10295399353276946,0.31006724465958424,FALSE,FALSE
2010-02-04,East_Antarctica,0.704050884,0.09276069939742826,0.09276069939742826,0.31006724465958424,FALSE,FALSE
2010-02-05,East_Antarctica,0.700460451,0.09628736774531033,0.09628736774531033,0.31006724465958424,FALSE,FALSE
2010-02-06,East_Antarctica,0.69743438,0.10018093630036684,0.10018093630036684,0.31006724465958424,FALSE,FALSE
2010-02-07,East_Antarctica,0.658125575,0.06759652978654895,0.06759652978654895,0.31006724465958424,FALSE,FALSE
2010-02-08,East_Antarctica,0.624659575,0.04066176868083981,0.04066176868083981,0.31006724465958424,FALSE,FALSE
2010-02-09,East_Antarctica,0.64704976,0.06937373061276231,0.06937373061276231,0.31006724465958424,FALSE,FALSE
2010-02-10,East_Antarctica,0.643409304,0.07179272615454768,0.07179272615454768,0.31006724465958424,FALSE,FALSE
2010-02-11,East_Antarctica,0.64053234,0.07465570213291572,0.07465570213291572,0.31006724465958424,FALSE,FALSE
2010-02-12,East_Antarctica,0.607921516,0.04740812037458608,0.04740812037458608,0.31006724465958424,FALSE,FALSE
2010-02-13,East_Antarctica,0.565661869,0.01007783170627751,0.01007783170627751,0.31006724465958424,FALSE,FALSE
2010-02-14,East_Antarctica,0.563249525,0.01210377595471068,0.01210377595471068,0.31006724465958424,FALSE,FALSE
2010-02-15,East_Antarctica,0.589258129,0.04200241194660437,0.04200241194660437,0.31006724465958424,FALSE,FALSE
2010-02-16,East_Antarctica,0.615375059,0.07140393150867719,0.07140393150867719,0.31006724465958424,FALSE,FALSE
2010-02-17,East_Antarctica,0.612881612,0.07153244546765003,0.07153244546765003,0.31006724465958424,FALSE,FALSE
2010-02-18,East_Antarctica,0.563079431,0.02363241065024146,0.02363241065024146,0.31006724465958424,FALSE,FALSE
2010-02-19,East_Antarctica,0.550875073,0.01255319788317221,0.01255319788317221,0.31006724465958424,FALSE,FALSE
2010-02-20,East_Antarctica,0.554020742,0.01598982499316048,0.01598982499316048,0.31006724465958424,FALSE,FALSE
2010-02-21,East_Antarctica,0.573561328,0.03493307149541536,0.03493307149541536,0.31006724465958424,FALSE,FALSE
2010-02-22,East_Antarctica,0.593161337,0.05303062142417325,0.05303062142417325,0.31006724465958424,FALSE,FALSE
2010-02-23,East_Antarctica,0.601268004,0.05873769376374305,0.05873769376374305,0.31006724465958424,FALSE,FALSE
2010-02-24,East_Antarctica,0.624135758,0.07831714991489025,0.07831714991489025,0.31006724465958424,FALSE,FALSE
2010-02-25,East_Antarctica,0.637948427,0.0879612502783812,0.0879612502783812,0.31006724465958424,FALSE,FALSE
2010-02-26,East_Antarctica,0.62083059,0.06580300625498348,0.06580300625498348,0.31006724465958424,FALSE,FALSE
2010-02-27,East_Antarctica,0.632421786,0.0714903892454617,0.0714903892454617,0.31006724465958424,FALSE,FALSE
2010-02-28,East_Antarctica,0.674829058,0.10713887465058336,0.10713887465058336,0.31006724465958424,FALSE,FALSE
2010-03-01,East_Antarctica,0.699036606,0.12374109487111484,0.12374109487111484,0.31006724465958424,FALSE,FALSE
2010-03-02,East_Antarctica,0.689179322,0.10544037430782216,0.10544037430782216,0.31006724465958424,FALSE,FALSE
2010-03-03,East_Antarctica,0.684467871,0.09145581036147243,0.09145581036147243,0.31006724465958424,FALSE,FALSE
2010-03-04,East_Antarctica,0.648743017,0.04563659943283094,0.04563659943283094,0.31006724465958424,FALSE,FALSE
2010-03-05,East_Antarctica,0.658755289,0.04474170706543268,0.04474170706543268,0.31006724465958424,FALSE,FALSE
2010-03-06,East_Antarctica,0.671943954,0.04623424738330395,0.04623424738330395,0.31006724465958424,FALSE,FALSE
2010-03-07,East_Antarctica,0.688349984,0.05022921050681661,0.05022921050681661,0.31006724465958424,FALSE,FALSE
2010-03-08,East_Antarctica,0.711426529,0.06026395732007239,0.06026395732007239,0.31006724465958424,FALSE,FALSE
2010-03-09,East_Antarctica,0.739518994,0.07476810370717124,0.07476810370717124,0.31006724465958424,FALSE,FALSE
2010-03-10,East_Antarctica,0.764114655,0.08531313655221473,0.08531313655221473,0.31006724465958424,FALSE,FALSE
2010-03-11,East_Antarctica,0.790412436,0.09718219073930467,0.09718219073930467,0.31006724465958424,FALSE,FALSE
2010-03-12,East_Antarctica,0.803841651,0.09588879115254256,0.09588879115254256,0.31006724465958424,FALSE,FALSE
2010-03-13,East_Antarctica,0.803787731,0.0809025796760271,0.0809025796760271,0.31006724465958424,FALSE,FALSE
2010-03-14,East_Antarctica,0.82563826,0.0876953511938614,0.0876953511938614,0.31006724465958424,FALSE,FALSE
2010-03-15,East_Antarctica,0.820964184,0.06792226259014578,0.06792226259014578,0.31006724465958424,FALSE,FALSE
2010-03-16,East_Antarctica,0.825938439,0.05784046074898075,0.05784046074898075,0.31006724465958424,FALSE,FALSE
2010-03-17,East_Antarctica,0.801800817,0.0187739485544699,0.0187739485544699,0.31006724465958424,FALSE,FALSE
2010-03-18,East_Antarctica,0.818671419,0.02092458739107228,0.02092458739107228,0.31006724465958424,FALSE,FALSE
2010-03-19,East_Antarctica,0.822956741,0.01071943277196052,0.01071943277196052,0.31006724465958424,FALSE,FALSE
2010-03-20,East_Antarctica,0.825501334,-0.00104042141366422,0.00104042141366422,0.31006724465958424,FALSE,FALSE
2010-03-21,East_Antarctica,0.826696608,-0.01401003628399188,0.01401003628399188,0.31006724465958424,FALSE,FALSE
2010-03-22,East_Antarctica,0.831745779,-0.02303266695721484,0.02303266695721484,0.31006724465958424,FALSE,FALSE
2010-03-23,East_Antarctica,0.840930307,-0.02787332455152458,0.02787332455152458,0.31006724465958424,FALSE,FALSE
2010-03-24,East_Antarctica,0.859085943,-0.023742729185112,0.023742729185112,0.31006724465958424,FALSE,FALSE
2010-03-25,East_Antarctica,0.880235792,-0.01666424697616786,0.01666424697616786,0.31006724465958424,FALSE,FALSE
2010-03-26,East_Antarctica,0.928101084,0.01703688095711397,0.01703688095711397,0.31006724465958424,FALSE,FALSE
2010-03-27,East_Antarctica,0.952929551,0.02756191549654563,0.02756191549654563,0.31006724465958424,FALSE,FALSE
2010-03-28,East_Antarctica,0.972359598,0.03250279052393212,0.03250279052393212,0.31006724465958424,FALSE,FALSE
2010-03-29,East_Antarctica,0.986257933,0.03167974292108389,0.03167974292108389,0.31006724465958424,FALSE,FALSE
2010-03-30,East_Antarctica,1.007925449,0.0383471945698105,0.0383471945698105,0.31006724465958424,FALSE,FALSE
2010-03-31,East_Antarctica,1.012765952,0.02787120973545986,0.02787120973545986,0.31006724465958424,FALSE,FALSE
2010-04-01,East_Antarctica,1.035171035,0.03465335478387699,0.03465335478387699,0.31006724465958424,FALSE,FALSE
2010-04-02,East_Antarctica,1.039438066,0.02301719215887931,0.02301719215887931,0.31006724465958424,FALSE,FALSE
2010-04-03,East_Antarctica,1.052071142,0.01949302671423791,0.01949302671423791,0.31006724465958424,FALSE,FALSE
2010-04-04,East_Antarctica,1.073822797,0.02485960030372402,0.02485960030372402,0.31006724465958424,FALSE,FALSE
2010-04-05,East_Antarctica,1.100321747,0.03477183678111006,0.03477183678111006,0.31006724465958424,FALSE,FALSE
2010-04-06,East_Antarctica,1.111691675,0.02937962700016738,0.02937962700016738,0.31006724465958424,FALSE,FALSE
2010-04-07,East_Antarctica,1.118274977,0.01905157481466624,0.01905157481466624,0.31006724465958424,FALSE,FALSE
2010-04-08,East_Antarctica,1.116427687,1.6992207838062434e-4,1.6992207838062434e-4,0.31006724465958424,FALSE,FALSE
2010-04-09,East_Antarctica,1.135085741,0.00169681264508092,0.00169681264508092,0.31006724465958424,FALSE,FALSE
2010-04-10,East_Antarctica,1.14171022,-0.00888046463146219,0.00888046463146219,0.31006724465958424,FALSE,FALSE
2010-04-11,East_Antarctica,1.125409196,-0.04242762989747462,0.04242762989747462,0.31006724465958424,FALSE,FALSE
2010-04-12,East_Antarctica,1.133937216,-0.05116409081106354,0.05116409081106354,0.31006724465958424,FALSE,FALSE
2010-04-13,East_Antarctica,1.18147527,-0.02089439428964157,0.02089439428964157,0.31006724465958424,FALSE,FALSE
2010-04-14,East_Antarctica,1.237294475,0.01764794649878842,0.01764794649878842,0.31006724465958424,FALSE,FALSE
2010-04-15,East_Antarctica,1.296036988,0.05909867499114707,0.05909867499114707,0.31006724465958424,FALSE,FALSE
2010-04-16,East_Antarctica,1.335693264,0.08144183262435956,0.08144183262435956,0.31006724465958424,FALSE,FALSE
2010-04-17,East_Antarctica,1.365093371,0.09350107383534456,0.09350107383534456,0.31006724465958424,FALSE,FALSE
2010-04-18,East_Antarctica,1.382482125,0.09351480106102716,0.09351480106102716,0.31006724465958424,FALSE,FALSE
2010-04-19,East_Antarctica,1.41542542,0.10904249473833104,0.10904249473833104,0.31006724465958424,FALSE,FALSE
2010-04-20,East_Antarctica,1.447086907,0.12324139230417663,0.12324139230417663,0.31006724465958424,FALSE,FALSE
2010-04-21,East_Antarctica,1.476988012,0.13562650619548644,0.13562650619548644,0.31006724465958424,FALSE,FALSE
2010-04-22,East_Antarctica,1.481705153,0.12276784084918346,0.12276784084918346,0.31006724465958424,FALSE,FALSE
2010-04-23,East_Antarctica,1.490170852,0.1135915047021887,0.1135915047021887,0.31006724465958424,FALSE,FALSE
2010-04-24,East_Antarctica,1.511062709,0.1167686841914275,0.1167686841914275,0.31006724465958424,FALSE,FALSE
2010-04-25,East_Antarctica,1.533104356,0.1210172039139219,0.1210172039139219,0.31006724465958424,FALSE,FALSE
2010-04-26,East_Antarctica,1.546296658,0.11633787844951572,0.11633787844951572,0.31006724465958424,FALSE,FALSE
2010-04-27,East_Antarctica,1.525418493,0.07751271672042725,0.07751271672042725,0.31006724465958424,FALSE,FALSE
2010-04-28,East_Antarctica,1.527935971,0.06201099316080416,0.06201099316080416,0.31006724465958424,FALSE,FALSE
2010-04-29,East_Antarctica,1.554862824,0.07084960420479258,0.07084960420479258,0.31006724465958424,FALSE,FALSE
2010-04-30,East_Antarctica,1.593585076,0.0914177382865411,0.0914177382865411,0.31006724465958424,FALSE,FALSE
2010-05-01,East_Antarctica,1.622731695,0.1023475278401953,0.1023475278401953,0.31006724465958424,FALSE,FALSE
2010-05-02,East_Antarctica,1.631666717,0.09300617329990256,0.09300617329990256,0.31006724465958424,FALSE,FALSE
2010-05-03,East_Antarctica,1.634247653,0.07725435009981196,0.07725435009981196,0.31006724465958424,FALSE,FALSE
2010-05-04,East_Antarctica,1.640864246,0.0654849656740677,0.0654849656740677,0.31006724465958424,FALSE,FALSE
2010-05-05,East_Antarctica,1.681385007,0.08756969545681859,0.08756969545681859,0.31006724465958424,FALSE,FALSE
2010-05-06,East_Antarctica,1.715849167,0.10355093488221212,0.10355093488221212,0.31006724465958424,FALSE,FALSE
2010-05-07,East_Antarctica,1.727483445,0.0966585703809002,0.0966585703809002,0.31006724465958424,FALSE,FALSE
2010-05-08,East_Antarctica,1.768958269,0.1195678679828267,0.1195678679828267,0.31006724465958424,FALSE,FALSE
2010-05-09,East_Antarctica,1.806508451,0.13852292397198496,0.13852292397198496,0.31006724465958424,FALSE,FALSE
2010-05-10,East_Antarctica,1.826251409,0.1396511722013769,0.1396511722013769,0.31006724465958424,FALSE,FALSE
2010-05-11,East_Antarctica,1.830392694,0.12516817952400783,0.12516817952400783,0.31006724465958424,FALSE,FALSE
2010-05-12,East_Antarctica,1.827960932,0.10411258779287992,0.10411258779287992,0.31006724465958424,FALSE,FALSE
2010-05-13,East_Antarctica,1.783302444,0.04084073386099973,0.04084073386099973,0.31006724465958424,FALSE,FALSE
2010-05-14,East_Antarctica,1.781918629,0.02086403258136915,0.02086403258136915,0.31006724465958424,FALSE,FALSE
2010-05-15,East_Antarctica,1.806601605,0.02698461780699324,0.02698461780699324,0.31006724465958424,FALSE,FALSE
2010-05-16,East_Antarctica,1.811939616,0.01380074939087383,0.01380074939087383,0.31006724465958424,FALSE,FALSE
2010-05-17,East_Antarctica,1.805355822,-0.01125439681398154,0.01125439681398154,0.31006724465958424,FALSE,FALSE
2010-05-18,East_Antarctica,1.82180808,-0.01321294795457506,0.01321294795457506,0.31006724465958424,FALSE,FALSE
2010-05-19,East_Antarctica,1.84067995,-0.01268132817789724,0.01268132817789724,0.31006724465958424,FALSE,FALSE
2010-05-20,East_Antarctica,1.837049561,-0.03457096304870633,0.03457096304870633,0.31006724465958424,FALSE,FALSE
2010-05-21,East_Antarctica,1.844224585,-0.04555589640956414,0.04555589640956414,0.31006724465958424,FALSE,FALSE
2010-05-22,East_Antarctica,1.857900456,-0.04991556153853271,0.04991556153853271,0.31006724465958424,FALSE,FALSE
2010-05-23,East_Antarctica,1.897347446,-0.02835432329565268,0.02835432329565268,0.31006724465958424,FALSE,FALSE
2010-05-24,East_Antarctica,1.919642119,-0.02377025454097725,0.02377025454097725,0.31006724465958424,FALSE,FALSE
2010-05-25,East_Antarctica,1.935557246,-0.02536522113455142,0.02536522113455142,0.31006724465958424,FALSE,FALSE
2010-05-26,East_Antarctica,1.945786582,-0.03242010493642144,0.03242010493642144,0.31006724465958424,FALSE,FALSE
2010-05-27,East_Antarctica,1.964273759,-0.03096591080663424,0.03096591080663424,0.31006724465958424,FALSE,FALSE
2010-05-28,East_Antarctica,1.97611788,-0.03587817260523773,0.03587817260523773,0.31006724465958424,FALSE,FALSE
2010-05-29,East_Antarctica,1.977605544,-0.05084492819227937,0.05084492819227937,0.31006724465958424,FALSE,FALSE
2010-05-30,East_Antarctica,1.953673099,-0.09090446642780314,0.09090446642780314,0.31006724465958424,FALSE,FALSE
2010-05-31,East_Antarctica,1.961486688,-0.09886528117186044,0.09886528117186044,0.31006724465958424,FALSE,FALSE
2010-06-01,East_Antarctica,1.998538369,-0.07720995128449437,0.07720995128449437,0.31006724465958424,FALSE,FALSE
2010-06-02,East_Antarctica,2.038883775,-0.05186991571261457,0.05186991571261457,0.31006724465958424,FALSE,FALSE
2010-06-03,East_Antarctica,2.048317316,-0.05709300180645504,0.05709300180645504,0.31006724465958424,FALSE,FALSE
2010-06-04,East_Antarctica,2.081102958,-0.03867277326341067,0.03867277326341067,0.31006724465958424,FALSE,FALSE
2010-06-05,East_Antarctica,2.082172094,-0.05173536734734307,0.05173536734734307,0.31006724465958424,FALSE,FALSE
2010-06-06,East_Antarctica,2.089250149,-0.05861288932211739,0.05861288932211739,0.31006724465958424,FALSE,FALSE
2010-06-07,East_Antarctica,2.07242673,-0.08927326245159417,0.08927326245159417,0.31006724465958424,FALSE,FALSE
2010-06-08,East_Antarctica,2.088625919,-0.08684993499963678,0.08684993499963678,0.31006724465958424,FALSE,FALSE
2010-06-09,East_Antarctica,2.097482208,-0.09176594523010896,0.09176594523010896,0.31006724465958424,FALSE,FALSE
2010-06-10,East_Antarctica,2.091756153,-0.1113182674068689,0.1113182674068689,0.31006724465958424,FALSE,FALSE
2010-06-11,East_Antarctica,2.112198442,-0.1048137437937844,0.1048137437937844,0.31006724465958424,FALSE,FALSE
2010-06-12,East_Antarctica,2.131177335,-0.09994164465471478,0.09994164465471478,0.31006724465958424,FALSE,FALSE
2010-06-13,East_Antarctica,2.138154503,-0.10729782925352316,0.10729782925352316,0.31006724465958424,FALSE,FALSE
2010-06-14,East_Antarctica,2.169180189,-0.09088845259023426,0.09088845259023426,0.31006724465958424,FALSE,FALSE
2010-06-15,East_Antarctica,2.195382541,-0.07959184977903977,0.07959184977903977,0.31006724465958424,FALSE,FALSE
2010-06-16,East_Antarctica,2.210901859,-0.0792057279177909,0.0792057279177909,0.31006724465958424,FALSE,FALSE
2010-06-17,East_Antarctica,2.200368831,-0.10503244490020514,0.10503244490020514,0.31006724465958424,FALSE,FALSE
2010-06-18,East_Antarctica,2.226463243,-0.09432526061998558,0.09432526061998558,0.31006724465958424,FALSE,FALSE
2010-06-19,East_Antarctica,2.24570703,-0.09049528597085076,0.09049528597085076,0.31006724465958424,FALSE,FALSE
2010-06-20,East_Antarctica,2.30023869,-0.05133706884651001,0.05133706884651001,0.31006724465958424,FALSE,FALSE
2010-06-21,East_Antarctica,2.316934189,-0.04990768914067356,0.04990768914067356,0.31006724465958424,FALSE,FALSE
2010-06-22,East_Antarctica,2.298359054,-0.0835746657470553,0.0835746657470553,0.31006724465958424,FALSE,FALSE
2010-06-23,East_Antarctica,2.289707613,-0.10707671655936536,0.10707671655936536,0.31006724465958424,FALSE,FALSE
2010-06-24,East_Antarctica,2.279194003,-0.1321327504713148,0.1321327504713148,0.31006724465958424,FALSE,FALSE
2010-06-25,East_Antarctica,2.263764113,-0.1617299243766186,0.1617299243766186,0.31006724465958424,FALSE,FALSE
2010-06-26,East_Antarctica,2.252899428,-0.18631979916898267,0.18631979916898267,0.31006724465958424,FALSE,FALSE
2010-06-27,East_Antarctica,2.279029487,-0.17341540149935408,0.17341540149935408,0.31006724465958424,FALSE,FALSE
2010-06-28,East_Antarctica,2.305721737,-0.15946378611464151,0.15946378611464151,0.31006724465958424,FALSE,FALSE
2010-06-29,East_Antarctica,2.406869569,-0.0706189341916943,0.0706189341916943,0.31006724465958424,FALSE,FALSE
2010-06-30,East_Antarctica,2.355999987,-0.13340138291101544,0.13340138291101544,0.31006724465958424,FALSE,FALSE
2010-07-01,East_Antarctica,2.381881866,-0.11908979845311364,0.11908979845311364,0.31006724465958424,FALSE,FALSE
2010-07-02,East_Antarctica,2.400019328,-0.11222759999849918,0.11222759999849918,0.31006724465958424,FALSE,FALSE
2010-07-03,East_Antarctica,2.397886817,-0.12538788472767548,0.12538788472767548,0.31006724465958424,FALSE,FALSE
2010-07-04,East_Antarctica,2.418239532,-0.11586299482115205,0.11586299482115205,0.31006724465958424,FALSE,FALSE
2010-07-05,East_Antarctica,2.437417459,-0.10736048545943432,0.10736048545943432,0.31006724465958424,FALSE,FALSE
2010-07-06,East_Antarctica,2.493189982,-0.06215851382303183,0.06215851382303183,0.31006724465958424,FALSE,FALSE
2010-07-07,East_Antarctica,2.527239506,-0.03862221609245031,0.03862221609245031,0.31006724465958424,FALSE,FALSE
2010-07-08,East_Antarctica,2.5064692,-0.06989596444819579,0.06989596444819579,0.31006724465958424,FALSE,FALSE
2010-07-09,East_Antarctica,2.521001056,-0.06590525062662689,0.06590525062662689,0.31006724465958424,FALSE,FALSE
2010-07-10,East_Antarctica,2.503561599,-0.09395986074252605,0.09395986074252605,0.31006724465958424,FALSE,FALSE
2010-07-11,East_Antarctica,2.483521698,-0.12470078591385247,0.12470078591385247,0.31006724465958424,FALSE,FALSE
2010-07-12,East_Antarctica,2.471331545,-0.1476864585039661,0.1476864585039661,0.31006724465958424,FALSE,FALSE
2010-07-13,East_Antarctica,2.519882681,-0.11003396187622803,0.11003396187622803,0.31006724465958424,FALSE,FALSE
2010-07-14,East_Antarctica,2.572422947,-0.06850407939399261,0.06850407939399261,0.31006724465958424,FALSE,FALSE
2010-07-15,East_Antarctica,2.593481245,-0.05857653342062052,0.05857653342062052,0.31006724465958424,FALSE,FALSE
2010-07-16,East_Antarctica,2.588936028,-0.07438149531946792,0.07438149531946792,0.31006724465958424,FALSE,FALSE
2010-07-17,East_Antarctica,2.585592553,-0.08912233245389611,0.08912233245389611,0.31006724465958424,FALSE,FALSE
2010-07-18,East_Antarctica,2.582957175,-0.1033013141872603,0.1033013141872603,0.31006724465958424,FALSE,FALSE
2010-07-19,East_Antarctica,2.609975086,-0.08798187288292203,0.08798187288292203,0.31006724465958424,FALSE,FALSE
2010-07-20,East_Antarctica,2.630138789,-0.07968012990423645,0.07968012990423645,0.31006724465958424,FALSE,FALSE
2010-07-21,East_Antarctica,2.619494949,-0.1023580446145642,0.1023580446145642,0.31006724465958424,FALSE,FALSE
2010-07-22,East_Antarctica,2.617120886,-0.116944364786026,0.116944364786026,0.31006724465958424,FALSE,FALSE
2010-07-23,East_Antarctica,2.592242115,-0.1541843563574936,0.1541843563574936,0.31006724465958424,FALSE,FALSE
2010-07-24,East_Antarctica,2.544429663,-0.21445205129469705,0.21445205129469705,0.31006724465958424,FALSE,FALSE
2010-07-25,East_Antarctica,2.534123429,-0.23725202608892415,0.23725202608892415,0.31006724465958424,FALSE,FALSE
2010-07-26,East_Antarctica,2.570078649,-0.2137735202314648,0.2137735202314648,0.31006724465958424,FALSE,FALSE
2010-07-27,East_Antarctica,2.613481111,-0.18277522121361175,0.18277522121361175,0.31006724465958424,FALSE,FALSE
2010-07-28,East_Antarctica,2.605292094,-0.20324032552665328,0.20324032552665328,0.31006724465958424,FALSE,FALSE
2010-07-29,East_Antarctica,2.607277912,-0.21334699466187737,0.21334699466187737,0.31006724465958424,FALSE,FALSE
2010-07-30,East_Antarctica,2.606222949,-0.22625532011057592,0.22625532011057592,0.31006724465958424,FALSE,FALSE
2010-07-31,East_Antarctica,2.617000842,-0.22703614036403863,0.22703614036403863,0.31006724465958424,FALSE,FALSE
2010-08-01,East_Antarctica,2.630197953,-0.22504756891355315,0.22504756891355315,0.31006724465958424,FALSE,FALSE
2010-08-02,East_Antarctica,2.631960432,-0.23408793125041427,0.23408793125041427,0.31006724465958424,FALSE,FALSE
2010-08-03,East_Antarctica,2.647834556,-0.22855542659906855,0.22855542659906855,0.31006724465958424,FALSE,FALSE
2010-08-04,East_Antarctica,2.685377726,-0.20085692261779145,0.20085692261779145,0.31006724465958424,FALSE,FALSE
2010-08-05,East_Antarctica,2.714333037,-0.18128499191906225,0.18128499191906225,0.31006724465958424,FALSE,FALSE
2010-08-06,East_Antarctica,2.726970493,-0.17762139248146136,0.17762139248146136,0.31006724465958424,FALSE,FALSE
2010-08-07,East_Antarctica,2.749562704,-0.1636452762835705,0.1636452762835705,0.31006724465958424,FALSE,FALSE
2010-08-08,East_Antarctica,2.788184899,-0.13333317630396913,0.13333317630396913,0.31006724465958424,FALSE,FALSE
2010-08-09,East_Antarctica,2.741237504,-0.1883364285212377,0.1883364285212377,0.31006724465958424,FALSE,FALSE
2010-08-10,East_Antarctica,2.749149416,-0.1882778979139577,0.1882778979139577,0.31006724465958424,FALSE,FALSE
2010-08-11,East_Antarctica,2.764053188,-0.1810767934607087,0.1810767934607087,0.31006724465958424,FALSE,FALSE
2010-08-12,East_Antarctica,2.800211668,-0.15252202914007196,0.15252202914007196,0.31006724465958424,FALSE,FALSE
2010-08-13,East_Antarctica,2.826183076,-0.13410714693062875,0.13410714693062875,0.31006724465958424,FALSE,FALSE
2010-08-14,East_Antarctica,2.827724599,-0.1401267218109563,0.1401267218109563,0.31006724465958424,FALSE,FALSE
2010-08-15,East_Antarctica,2.85678718,-0.11868157275963798,0.11868157275963798,0.31006724465958424,FALSE,FALSE
2010-08-16,East_Antarctica,2.864354016,-0.11883873245952792,0.11883873245952792,0.31006724465958424,FALSE,FALSE
2010-08-17,East_Antarctica,2.863414294,-0.12761370016568696,0.12761370016568696,0.31006724465958424,FALSE,FALSE
2010-08-18,East_Antarctica,2.850806632,-0.14812041608819104,0.14812041608819104,0.31006724465958424,FALSE,FALSE
2010-08-19,East_Antarctica,2.826928347,-0.179911264685515,0.179911264685515,0.31006724465958424,FALSE,FALSE
2010-08-20,East_Antarctica,2.813570989,-0.20114439741612425,0.20114439741612425,0.31006724465958424,FALSE,FALSE
2010-08-21,East_Antarctica,2.813765108,-0.2087389657384895,0.2087389657384895,0.31006724465958424,FALSE,FALSE
2010-08-22,East_Antarctica,2.810019912,-0.22013546311108056,0.22013546311108056,0.31006724465958424,FALSE,FALSE
2010-08-23,East_Antarctica,2.790905411,-0.24671358099236815,0.24671358099236815,0.31006724465958424,FALSE,FALSE
2010-08-24,East_Antarctica,2.742408873,-0.3024357528408186,0.3024357528408186,0.31006724465958424,FALSE,FALSE
2010-08-25,East_Antarctica,2.705297172,-0.34648480611490307,0.34648480611490307,0.31006724465958424,TRUE,TRUE
2010-08-26,East_Antarctica,2.67690692,-0.3814738302730909,0.3814738302730909,0.31006724465958424,TRUE,TRUE
2010-08-27,East_Antarctica,2.698884524,-0.3657061197738516,0.3657061197738516,0.31006724465958424,TRUE,TRUE
2010-08-28,East_Antarctica,2.712989396,-0.35737196407565186,0.35737196407565186,0.31006724465958424,TRUE,TRUE
2010-08-29,East_Antarctica,2.672502181,-0.4031494112619351,0.4031494112619351,0.31006724465958424,TRUE,TRUE
2010-08-30,East_Antarctica,2.634983836,-0.4454908457792377,0.4454908457792377,0.31006724465958424,TRUE,TRUE
2010-08-31,East_Antarctica,2.615546361,-0.469318142205013,0.469318142205013,0.31006724465958424,TRUE,TRUE
2010-09-01,East_Antarctica,2.597529506,-0.49132546194641025,0.49132546194641025,0.31006724465958424,TRUE,TRUE
2010-09-02,East_Antarctica,2.644112377,-0.4483676104105774,0.4483676104105774,0.31006724465958424,TRUE,TRUE
2010-09-03,East_Antarctica,2.743828351,-0.35194512200466566,0.35194512200466566,0.31006724465958424,TRUE,TRUE
2010-09-04,East_Antarctica,2.775698432,-0.3230709041358186,0.3230709041358186,0.31006724465958424,TRUE,TRUE
2010-09-05,East_Antarctica,2.791559014,-0.30994247421118715,0.30994247421118715,0.31006724465958424,FALSE,FALSE
2010-09-06,East_Antarctica,2.858721136,-0.24528270463792048,0.24528270463792048,0.31006724465958424,FALSE,FALSE
2010-09-07,East_Antarctica,2.819420949,-0.28688935582316555,0.28688935582316555,0.31006724465958424,FALSE,FALSE
2010-09-08,East_Antarctica,2.822113764,-0.28634102817407436,0.28634102817407436,0.31006724465958424,FALSE,FALSE
2010-09-09,East_Antarctica,2.794879248,-0.3155919660977884,0.3155919660977884,0.31006724465958424,TRUE,FALSE
2010-09-10,East_Antarctica,2.800693358,-0.3117000721935246,0.3117000721935246,0.31006724465958424,TRUE,FALSE
2010-09-11,East_Antarctica,2.811414564,-0.3028358178478201,0.3028358178478201,0.31006724465958424,FALSE,FALSE
2010-09-12,East_Antarctica,2.834377531,-0.28168457940991054,0.28168457940991054,0.31006724465958424,FALSE,FALSE
2010-09-13,East_Antarctica,2.879738114,-0.23810960613269083,0.23810960613269083,0.31006724465958424,FALSE,FALSE
2010-09-14,East_Antarctica,2.820090576,-0.2995357392690541,0.2995357392690541,0.31006724465958424,FALSE,FALSE
2010-09-15,East_Antarctica,2.760201374,-0.36121562607190016,0.36121562607190016,0.31006724465958424,TRUE,TRUE
2010-09-16,East_Antarctica,2.737205432,-0.3860334467941215,0.3860334467941215,0.31006724465958424,TRUE,TRUE
2010-09-17,East_Antarctica,2.734606555,-0.390504500688615,0.390504500688615,0.31006724465958424,TRUE,TRUE
2010-09-18,East_Antarctica,2.733723599,-0.3933290360082755,0.3933290360082755,0.31006724465958424,TRUE,TRUE
2010-09-19,East_Antarctica,2.727580998,-0.40150172300599873,0.40150172300599873,0.31006724465958424,TRUE,TRUE
2010-09-20,East_Antarctica,2.756896418,-0.374323999934679,0.374323999934679,0.31006724465958424,TRUE,TRUE
2010-09-21,East_Antarctica,2.772846919,-0.36063791104721465,0.36063791104721465,0.31006724465958424,TRUE,TRUE
2010-09-22,East_Antarctica,2.809172867,-0.32672219459649954,0.32672219459649954,0.31006724465958424,TRUE,TRUE
2010-09-23,East_Antarctica,2.889596686,-0.2488674438798366,0.2488674438798366,0.31006724465958424,FALSE,FALSE
2010-09-24,East_Antarctica,2.924830856,-0.21630902848710545,0.21630902848710545,0.31006724465958424,FALSE,FALSE
2010-09-25,East_Antarctica,2.960974797,-0.1828558462750971,0.1828558462750971,0.31006724465958424,FALSE,FALSE
2010-09-26,East_Antarctica,2.9148117,-0.2316324694267733,0.2316324694267733,0.31006724465958424,FALSE,FALSE
2010-09-27,East_Antarctica,2.877195445,-0.2716927811251004,0.2716927811251004,0.31006724465958424,FALSE,FALSE
2010-09-28,East_Antarctica,2.891548087,-0.2595224895530386,0.2595224895530386,0.31006724465958424,FALSE,FALSE
2010-09-29,East_Antarctica,2.889194921,-0.26370406289355275,0.26370406289355275,0.31006724465958424,FALSE,FALSE
2010-09-30,East_Antarctica,2.921084792,-0.2331964193296061,0.2331964193296061,0.31006724465958424,FALSE,FALSE
2010-10-01,East_Antarctica,2.930753908,-0.2243711140441622,0.2243711140441622,0.31006724465958424,FALSE,FALSE
2010-10-02,East_Antarctica,2.931848968,-0.2234892112201825,0.2234892112201825,0.31006724465958424,FALSE,FALSE
2010-10-03,East_Antarctica,2.919730127,-0.2350983190406306,0.2350983190406306,0.31006724465958424,FALSE,FALSE
2010-10-04,East_Antarctica,2.929422445,-0.22408114068847285,0.22408114068847285,0.31006724465958424,FALSE,FALSE
2010-10-05,East_Antarctica,2.940754175,-0.21051721410745872,0.21051721410745872,0.31006724465958424,FALSE,FALSE
2010-10-06,East_Antarctica,2.95890434,-0.18916888751429317,0.18916888751429317,0.31006724465958424,FALSE,FALSE
2010-10-07,East_Antarctica,2.935562378,-0.20838687215393037,0.20838687215393037,0.31006724465958424,FALSE,FALSE
2010-10-08,East_Antarctica,2.963772693,-0.17518498451680609,0.17518498451680609,0.31006724465958424,FALSE,FALSE
2010-10-09,East_Antarctica,2.951763169,-0.1813935610933579,0.1813935610933579,0.31006724465958424,FALSE,FALSE
2010-10-10,East_Antarctica,2.910154041,-0.21645058737401743,0.21645058737401743,0.31006724465958424,FALSE,FALSE
2010-10-11,East_Antarctica,2.895795867,-0.22356372584922157,0.22356372584922157,0.31006724465958424,FALSE,FALSE
2010-10-12,East_Antarctica,2.879827973,-0.2316518710094102,0.2316518710094102,0.31006724465958424,FALSE,FALSE
2010-10-13,East_Antarctica,2.835006514,-0.26801708834501525,0.26801708834501525,0.31006724465958424,FALSE,FALSE
2010-10-14,East_Antarctica,2.828152451,-0.2658966373464722,0.2658966373464722,0.31006724465958424,FALSE,FALSE
2010-10-15,East_Antarctica,2.844612628,-0.24000189450421772,0.24000189450421772,0.31006724465958424,FALSE,FALSE
2010-10-16,East_Antarctica,2.886990249,-0.18778787630868443,0.18778787630868443,0.31006724465958424,FALSE,FALSE
2010-10-17,East_Antarctica,2.903810992,-0.16078712525031502,0.16078712525031502,0.31006724465958424,FALSE,FALSE
2010-10-18,East_Antarctica,2.903869781,-0.15025963797508135,0.15025963797508135,0.31006724465958424,FALSE,FALSE
2010-10-19,East_Antarctica,2.891057142,-0.15229972141045156,0.15229972141045156,0.31006724465958424,FALSE,FALSE
2010-10-20,East_Antarctica,2.896233795,-0.13596448355339863,0.13596448355339863,0.31006724465958424,FALSE,FALSE
2010-10-21,East_Antarctica,2.888646983,-0.13192182650513118,0.13192182650513118,0.31006724465958424,FALSE,FALSE
2010-10-22,East_Antarctica,2.88225152,-0.12613208136686582,0.12613208136686582,0.31006724465958424,FALSE,FALSE
2010-10-23,East_Antarctica,2.867789851,-0.12776794823980842,0.12776794823980842,0.31006724465958424,FALSE,FALSE
2010-10-24,East_Antarctica,2.875063845,-0.10694270322517464,0.10694270322517464,0.31006724465958424,FALSE,FALSE
2010-10-25,East_Antarctica,2.828657045,-0.13898794842417628,0.13898794842417628,0.31006724465958424,FALSE,FALSE
2010-10-26,East_Antarctica,2.822277391,-0.13011088893802247,0.13011088893802247,0.31006724465958424,FALSE,FALSE
2010-10-27,East_Antarctica,2.814849648,-0.12130190486792802,0.12130190486792802,0.31006724465958424,FALSE,FALSE
2010-10-28,East_Antarctica,2.810625155,-0.10822480231510444,0.10822480231510444,0.31006724465958424,FALSE,FALSE
2010-10-29,East_Antarctica,2.789774599,-0.1106240393807627,0.1106240393807627,0.31006724465958424,FALSE,FALSE
2010-10-30,East_Antarctica,2.761122007,-0.1195907341661151,0.1195907341661151,0.31006724465958424,FALSE,FALSE
2010-10-31,East_Antarctica,2.723671658,-0.13604816341974946,0.13604816341974946,0.31006724465958424,FALSE,FALSE
2010-11-01,East_Antarctica,2.684929114,-0.15247940879150956,0.15247940879150956,0.31006724465958424,FALSE,FALSE
2010-11-02,East_Antarctica,2.68771181,-0.12607444276069346,0.12607444276069346,0.31006724465958424,FALSE,FALSE
2010-11-03,East_Antarctica,2.666289291,-0.12257113285081678,0.12257113285081678,0.31006724465958424,FALSE,FALSE
2010-11-04,East_Antarctica,2.652385951,-0.11025249758538937,0.11025249758538937,0.31006724465958424,FALSE,FALSE
2010-11-05,East_Antarctica,2.65957455,-0.07555318948792111,0.07555318948792111,0.31006724465958424,FALSE,FALSE
2010-11-06,East_Antarctica,2.656076026,-0.05025968308192841,0.05025968308192841,0.31006724465958424,FALSE,FALSE
2010-11-07,East_Antarctica,2.627556402,-0.0487133678909184,0.0487133678909184,0.31006724465958424,FALSE,FALSE
2010-11-08,East_Antarctica,2.586282035,-0.05865529943840641,0.05865529943840641,0.31006724465958424,FALSE,FALSE
2010-11-09,East_Antarctica,2.562888687,-0.04945712824790282,0.04945712824790282,0.31006724465958424,FALSE,FALSE
2010-11-10,East_Antarctica,2.517886513,-0.06061611184291804,0.06061611184291804,0.31006724465958424,FALSE,FALSE
2010-11-11,East_Antarctica,2.469841872,-0.07357330374696636,0.07357330374696636,0.31006724465958424,FALSE,FALSE
2010-11-12,East_Antarctica,2.434206426,-0.07288536204826368,0.07288536204826368,0.31006724465958424,FALSE,FALSE
2010-11-13,East_Antarctica,2.38042368,-0.08916730740706758,0.08916730740706758,0.31006724465958424,FALSE,FALSE
2010-11-14,East_Antarctica,2.323244858,-0.10780191093442903,0.10780191093442903,0.31006724465958424,FALSE,FALSE
2010-11-15,East_Antarctica,2.271446559,-0.12015279372772047,0.12015279372772047,0.31006724465958424,FALSE,FALSE
2010-11-16,East_Antarctica,2.238222839,-0.11316611988431902,0.11316611988431902,0.31006724465958424,FALSE,FALSE
2010-11-17,East_Antarctica,2.201384414,-0.10917139350159788,0.10917139350159788,0.31006724465958424,FALSE,FALSE
2010-11-18,East_Antarctica,2.181529742,-0.08771037667693582,0.08771037667693582,0.31006724465958424,FALSE,FALSE
2010-11-19,East_Antarctica,2.175082511,-0.05249960150770683,0.05249960150770683,0.31006724465958424,FALSE,FALSE
2010-11-20,East_Antarctica,2.166696078,-0.01902593109128414,0.01902593109128414,0.31006724465958424,FALSE,FALSE
2010-11-21,East_Antarctica,2.11116294,-0.03263708852504488,0.03263708852504488,0.31006724465958424,FALSE,FALSE
2010-11-22,East_Antarctica,2.082264594,-0.01969179690636346,0.01969179690636346,0.31006724465958424,FALSE,FALSE
2010-11-23,East_Antarctica,2.060343459,1.2142667381809248e-5,1.2142667381809248e-5,0.31006724465958424,FALSE,FALSE
2010-11-24,East_Antarctica,2.030555846,0.01149082109881938,0.01149082109881938,0.31006724465958424,FALSE,FALSE
2010-11-25,East_Antarctica,1.989664103,0.01137485393433768,0.01137485393433768,0.31006724465958424,FALSE,FALSE
2010-11-26,East_Antarctica,1.97212512,0.03406118578923078,0.03406118578923078,0.31006724465958424,FALSE,FALSE
2010-11-27,East_Antarctica,1.962064443,0.0636515136781397,0.0636515136781397,0.31006724465958424,FALSE,FALSE
2010-11-28,East_Antarctica,1.934181667,0.07482185702496724,0.07482185702496724,0.31006724465958424,FALSE,FALSE
2010-11-29,East_Antarctica,1.880776102,0.05984795025361111,0.05984795025361111,0.31006724465958424,FALSE,FALSE
2010-11-30,East_Antarctica,1.853380392,0.07023886178797589,0.07023886178797589,0.31006724465958424,FALSE,FALSE
2010-12-01,East_Antarctica,1.830637538,0.08461401705196003,0.08461401705196003,0.31006724465958424,FALSE,FALSE
2010-12-02,East_Antarctica,1.793271771,0.0836740714694666,0.0836740714694666,0.31006724465958424,FALSE,FALSE
2010-12-03,East_Antarctica,1.776860003,0.1029723614643947,0.1029723614643947,0.31006724465958424,FALSE,FALSE
2010-12-04,East_Antarctica,1.797369736,0.158452813460646,0.158452813460646,0.31006724465958424,FALSE,FALSE
2010-12-05,East_Antarctica,1.781315155,0.17660603688212206,0.17660603688212206,0.31006724465958424,FALSE,FALSE
2010-12-06,East_Antarctica,1.761854898,0.19056709415272263,0.19056709415272263,0.31006724465958424,FALSE,FALSE
2010-12-07,East_Antarctica,1.727794789,0.1891182576822037,0.1891182576822037,0.31006724465958424,FALSE,FALSE
2010-12-08,East_Antarctica,1.662772508,0.1558811018569628,0.1558811018569628,0.31006724465958424,FALSE,FALSE
2010-12-09,East_Antarctica,1.606454876,0.13052429902505103,0.13052429902505103,0.31006724465958424,FALSE,FALSE
2010-12-10,East_Antarctica,1.561925741,0.11613620117809598,0.11613620117809598,0.31006724465958424,FALSE,FALSE
2010-12-11,East_Antarctica,1.534494623,0.11803083230771703,0.11803083230771703,0.31006724465958424,FALSE,FALSE
2010-12-12,East_Antarctica,1.517532154,0.12958332840553766,0.12958332840553766,0.31006724465958424,FALSE,FALSE
2010-12-13,East_Antarctica,1.49147961,0.13123946946318354,0.13123946946318354,0.31006724465958424,FALSE,FALSE
2010-12-14,East_Antarctica,1.45291181,0.11957857847227717,0.11957857847227717,0.31006724465958424,FALSE,FALSE
2010-12-15,East_Antarctica,1.390866163,0.0836425684244424,0.0836425684244424,0.31006724465958424,FALSE,FALSE
2010-12-16,East_Antarctica,1.326180776,0.04427405031130216,0.04427405031130216,0.31006724465958424,FALSE,FALSE
2010-12-17,East_Antarctica,1.250955749,-0.00642237187551919,0.00642237187551919,0.31006724465958424,FALSE,FALSE
2010-12-18,East_Antarctica,1.228908678,-0.0047245981444004,0.0047245981444004,0.31006724465958424,FALSE,FALSE
2010-12-19,East_Antarctica,1.1768013,-0.03386638750371507,0.03386638750371507,0.31006724465958424,FALSE,FALSE
2010-12-20,East_Antarctica,1.133478898,-0.05499714647833431,0.05499714647833431,0.31006724465958424,FALSE,FALSE
2010-12-21,East_Antarctica,1.117212695,-0.04982758953435851,0.04982758953435851,0.31006724465958424,FALSE,FALSE
2010-12-22,East_Antarctica,1.103354403,-0.04297776317681179,0.04297776317681179,0.31006724465958424,FALSE,FALSE
2010-12-23,East_Antarctica,1.076107516,-0.05021564825439784,0.05021564825439784,0.31006724465958424,FALSE,FALSE
2010-12-24,East_Antarctica,1.061742704,-0.04524204961581923,0.04524204961581923,0.31006724465958424,FALSE,FALSE
2010-12-25,East_Antarctica,1.046803675,-0.0414847341097806,0.0414847341097806,0.31006724465958424,FALSE,FALSE
2010-12-26,East_Antarctica,1.008288796,-0.0619168095849858,0.0619168095849858,0.31006724465958424,FALSE,FALSE
2010-12-27,East_Antarctica,0.963886836,-0.08882098189013943,0.08882098189013943,0.31006724465958424,FALSE,FALSE
2010-12-28,East_Antarctica,0.939410363,-0.09635615787394458,0.09635615787394458,0.31006724465958424,FALSE,FALSE
2010-12-29,East_Antarctica,0.92135723,-0.09799595938510353,0.09799595938510353,0.31006724465958424,FALSE,FALSE
2010-12-30,East_Antarctica,0.904406892,-0.09903240627232146,0.09903240627232146,0.31006724465958424,FALSE,FALSE
2010-12-31,East_Antarctica,0.869662489,-0.1183338333843046,0.1183338333843046,0.31006724465958424,FALSE,FALSE
2011-01-01,East_Antarctica,0.840428491,-0.13256724556975397,0.13256724556975397,0.31006724465958424,FALSE,FALSE
2011-01-02,East_Antarctica,0.83131628,-0.12709383865614787,0.12709383865614787,0.31006724465958424,FALSE,FALSE
2011-01-03,East_Antarctica,0.820620639,-0.12359581938607124,0.12359581938607124,0.31006724465958424,FALSE,FALSE
2011-01-04,East_Antarctica,0.810378385,-0.12001446348087874,0.12001446348087874,0.31006724465958424,FALSE,FALSE
2011-01-05,East_Antarctica,0.784470517,-0.13244686466192368,0.13244686466192368,0.31006724465958424,FALSE,FALSE
2011-01-06,East_Antarctica,0.759711138,-0.1440570126505688,0.1440570126505688,0.31006724465958424,FALSE,FALSE
2011-01-07,East_Antarctica,0.714495599,-0.17642764916816678,0.17642764916816678,0.31006724465958424,FALSE,FALSE
2011-01-08,East_Antarctica,0.661211362,-0.2171494049360747,0.2171494049360747,0.31006724465958424,FALSE,FALSE
2011-01-09,East_Antarctica,0.664154987,-0.20190381267565116,0.20190381267565116,0.31006724465958424,FALSE,FALSE
2011-01-10,East_Antarctica,0.669601847,-0.18439359210824968,0.18439359210824968,0.31006724465958424,FALSE,FALSE
2011-01-11,East_Antarctica,0.668464613,-0.17368416495522965,0.17368416495522965,0.31006724465958424,FALSE,FALSE
2011-01-12,East_Antarctica,0.648495994,-0.18200091493794648,0.18200091493794648,0.31006724465958424,FALSE,FALSE
2011-01-13,East_Antarctica,0.644338421,-0.17467950377775698,0.17467950377775698,0.31006724465958424,FALSE,FALSE
2011-01-14,East_Antarctica,0.613911756,-0.19377849702744465,0.19377849702744465,0.31006724465958424,FALSE,FALSE
2011-01-15,East_Antarctica,0.61934301,-0.1771613266113259,0.1771613266113259,0.31006724465958424,FALSE,FALSE
2011-01-16,East_Antarctica,0.613229122,-0.1722365491415826,0.1722365491415826,0.31006724465958424,FALSE,FALSE
2011-01-17,East_Antarctica,0.601095791,-0.17348491321350257,0.17348491321350257,0.31006724465958424,FALSE,FALSE
2011-01-18,East_Antarctica,0.593892442,-0.16996344142237174,0.16996344142237174,0.31006724465958424,FALSE,FALSE
2011-01-19,East_Antarctica,0.577529944,-0.17576771236347788,0.17576771236347788,0.31006724465958424,FALSE,FALSE
2011-01-20,East_Antarctica,0.575773545,-0.16713892563210853,0.16713892563210853,0.31006724465958424,FALSE,FALSE
2011-01-21,East_Antarctica,0.553845834,-0.17886093982355045,0.17886093982355045,0.31006724465958424,FALSE,FALSE
2011-01-22,East_Antarctica,0.558662582,-0.16402443153309032,0.16402443153309032,0.31006724465958424,FALSE,FALSE
2011-01-23,East_Antarctica,0.536626402,-0.1762332353560162,0.1762332353560162,0.31006724465958424,FALSE,FALSE
2011-01-24,East_Antarctica,0.517814298,-0.18541679488761487,0.18541679488761487,0.31006724465958424,FALSE,FALSE
2011-01-25,East_Antarctica,0.51847261,-0.1753352177231734,0.1753352177231734,0.31006724465958424,FALSE,FALSE
2011-01-26,East_Antarctica,0.512960172,-0.1716361174579785,0.1716361174579785,0.31006724465958424,FALSE,FALSE
2011-01-27,East_Antarctica,0.49706875,-0.17853335680144727,0.17853335680144727,0.31006724465958424,FALSE,FALSE
2011-01-28,East_Antarctica,0.47882895,-0.1879964150487315,0.1879964150487315,0.31006724465958424,FALSE,FALSE
2011-01-29,East_Antarctica,0.469666982,-0.1885968688804469,0.1885968688804469,0.31006724465958424,FALSE,FALSE
2011-01-30,East_Antarctica,0.464163561,-0.18575178257264435,0.18575178257264435,0.31006724465958424,FALSE,FALSE
2011-01-31,East_Antarctica,0.464135384,-0.1776422384013725,0.1776422384013725,0.31006724465958424,FALSE,FALSE
2011-02-01,East_Antarctica,0.460520084,-0.1733283826426798,0.1733283826426798,0.31006724465958424,FALSE,FALSE
2011-02-02,East_Antarctica,0.453851329,-0.17227432657261654,0.17227432657261654,0.31006724465958424,FALSE,FALSE
2011-02-03,East_Antarctica,0.439230889,-0.1793760794672305,0.1793760794672305,0.31006724465958424,FALSE,FALSE
2011-02-04,East_Antarctica,0.423956119,-0.18733406560257176,0.18733406560257176,0.31006724465958424,FALSE,FALSE
2011-02-05,East_Antarctica,0.406389751,-0.19778333225468964,0.19778333225468964,0.31006724465958424,FALSE,FALSE
2011-02-06,East_Antarctica,0.39360618000000003,-0.20364726369963315,0.20364726369963315,0.31006724465958424,FALSE,FALSE
2011-02-07,East_Antarctica,0.388780252,-0.20174879321345107,0.20174879321345107,0.31006724465958424,FALSE,FALSE
2011-02-08,East_Antarctica,0.382086536,-0.20191127031916023,0.20191127031916023,0.31006724465958424,FALSE,FALSE
2011-02-09,East_Antarctica,0.374190242,-0.20348578738723772,0.20348578738723772,0.31006724465958424,FALSE,FALSE
2011-02-10,East_Antarctica,0.352916926,-0.21869965184545223,0.21869965184545223,0.31006724465958424,FALSE,FALSE
2011-02-11,East_Antarctica,0.354094375,-0.2117822628670843,0.2117822628670843,0.31006724465958424,FALSE,FALSE
2011-02-12,East_Antarctica,0.334691265,-0.2258221306254139,0.2258221306254139,0.31006724465958424,FALSE,FALSE
2011-02-13,East_Antarctica,0.320127029,-0.23545700829372251,0.23545700829372251,0.31006724465958424,FALSE,FALSE
2011-02-14,East_Antarctica,0.324980383,-0.22616536604528936,0.22616536604528936,0.31006724465958424,FALSE,FALSE
2011-02-15,East_Antarctica,0.328105041,-0.2191506760533956,0.2191506760533956,0.31006724465958424,FALSE,FALSE
2011-02-16,East_Antarctica,0.314137654,-0.22983347349132285,0.22983347349132285,0.31006724465958424,FALSE,FALSE
2011-02-17,East_Antarctica,0.305619618,-0.23572954853235,0.23572954853235,0.31006724465958424,FALSE,FALSE
2011-02-18,East_Antarctica,0.326324521,-0.21312249934975855,0.21312249934975855,0.31006724465958424,FALSE,FALSE
2011-02-19,East_Antarctica,0.325055222,-0.21326665311682785,0.21326665311682785,0.31006724465958424,FALSE,FALSE
2011-02-20,East_Antarctica,0.319560422,-0.21847049500683943,0.21847049500683943,0.31006724465958424,FALSE,FALSE
2011-02-21,East_Antarctica,0.340262472,-0.1983657845045847,0.1983657845045847,0.31006724465958424,FALSE,FALSE
2011-02-22,East_Antarctica,0.354984049,-0.18514666657582668,0.18514666657582668,0.31006724465958424,FALSE,FALSE
2011-02-23,East_Antarctica,0.365902634,-0.17662767623625697,0.17662767623625697,0.31006724465958424,FALSE,FALSE
2011-02-24,East_Antarctica,0.345161738,-0.20065687008510977,0.20065687008510977,0.31006724465958424,FALSE,FALSE
2011-02-25,East_Antarctica,0.405024256,-0.14496292072161876,0.14496292072161876,0.31006724465958424,FALSE,FALSE
2011-02-26,East_Antarctica,0.405032542,-0.1499950417450165,0.1499950417450165,0.31006724465958424,FALSE,FALSE
2011-02-27,East_Antarctica,0.405664845,-0.1552665517545383,0.1552665517545383,0.31006724465958424,FALSE,FALSE
2011-02-28,East_Antarctica,0.42213292,-0.14555726334941663,0.14555726334941663,0.31006724465958424,FALSE,FALSE
2011-03-01,East_Antarctica,0.43131526,-0.14398025112888513,0.14398025112888513,0.31006724465958424,FALSE,FALSE
2011-03-02,East_Antarctica,0.394835199,-0.1889037486921778,0.1889037486921778,0.31006724465958424,FALSE,FALSE
2011-03-03,East_Antarctica,0.375740313,-0.21727174763852752,0.21727174763852752,0.31006724465958424,FALSE,FALSE
2011-03-04,East_Antarctica,0.391030048,-0.21207636956716908,0.21207636956716908,0.31006724465958424,FALSE,FALSE
2011-03-05,East_Antarctica,0.472839849,-0.14117373293456736,0.14117373293456736,0.31006724465958424,FALSE,FALSE
2011-03-06,East_Antarctica,0.502755684,-0.12295402261669595,0.12295402261669595,0.31006724465958424,FALSE,FALSE
2011-03-07,East_Antarctica,0.541742537,-0.09637823649318344,0.09637823649318344,0.31006724465958424,FALSE,FALSE
2011-03-08,East_Antarctica,0.596816543,-0.05434602867992766,0.05434602867992766,0.31006724465958424,FALSE,FALSE
2011-03-09,East_Antarctica,0.598276409,-0.06647448129282874,0.06647448129282874,0.31006724465958424,FALSE,FALSE
2011-03-10,East_Antarctica,0.608662905,-0.07013861344778527,0.07013861344778527,0.31006724465958424,FALSE,FALSE
2011-03-11,East_Antarctica,0.637876366,-0.05535387926069535,0.05535387926069535,0.31006724465958424,FALSE,FALSE
2011-03-12,East_Antarctica,0.676129753,-0.03182310684745748,0.03182310684745748,0.31006724465958424,FALSE,FALSE
2011-03-13,East_Antarctica,0.679157815,-0.04372733632397285,0.04372733632397285,0.31006724465958424,FALSE,FALSE
2011-03-14,East_Antarctica,0.71075436,-0.02718854880613852,0.02718854880613852,0.31006724465958424,FALSE,FALSE
2011-03-15,East_Antarctica,0.74592137,-0.00712055140985423,0.00712055140985423,0.31006724465958424,FALSE,FALSE
2011-03-16,East_Antarctica,0.767689204,-4.087742510192616e-4,4.087742510192616e-4,0.31006724465958424,FALSE,FALSE
2011-03-17,East_Antarctica,0.770695579,-0.01233128944553019,0.01233128944553019,0.31006724465958424,FALSE,FALSE
2011-03-18,East_Antarctica,0.806373189,0.00862635739107231,0.00862635739107231,0.31006724465958424,FALSE,FALSE
2011-03-19,East_Antarctica,0.817874295,0.00563698677196045,0.00563698677196045,0.31006724465958424,FALSE,FALSE
2011-03-20,East_Antarctica,0.811865407,-0.01467634841366427,0.01467634841366427,0.31006724465958424,FALSE,FALSE
2011-03-21,East_Antarctica,0.835379843,-0.00532680128399187,0.00532680128399187,0.31006724465958424,FALSE,FALSE
2011-03-22,East_Antarctica,0.849943091,-0.00483535495721487,0.00483535495721487,0.31006724465958424,FALSE,FALSE
2011-03-23,East_Antarctica,0.860275284,-0.00852834755152465,0.00852834755152465,0.31006724465958424,FALSE,FALSE
2011-03-24,East_Antarctica,0.859086674,-0.02374199818511191,0.02374199818511191,0.31006724465958424,FALSE,FALSE
2011-03-25,East_Antarctica,0.836655989,-0.06024404997616783,0.06024404997616783,0.31006724465958424,FALSE,FALSE
2011-03-26,East_Antarctica,0.83835505,-0.07270915304288605,0.07270915304288605,0.31006724465958424,FALSE,FALSE
2011-03-27,East_Antarctica,0.841898499,-0.08346913650345433,0.08346913650345433,0.31006724465958424,FALSE,FALSE
2011-03-28,East_Antarctica,0.837038011,-0.10281879647606797,0.10281879647606797,0.31006724465958424,FALSE,FALSE
2011-03-29,East_Antarctica,0.813513846,-0.1410643440789161,0.1410643440789161,0.31006724465958424,FALSE,FALSE
2011-03-30,East_Antarctica,0.804401247,-0.16517700743018948,0.16517700743018948,0.31006724465958424,FALSE,FALSE
2011-03-31,East_Antarctica,0.809184844,-0.1757098982645402,0.1757098982645402,0.31006724465958424,FALSE,FALSE
2011-04-01,East_Antarctica,0.826094715,-0.1744229652161231,0.1744229652161231,0.31006724465958424,FALSE,FALSE
2011-04-02,East_Antarctica,0.844179342,-0.17224153184112068,0.17224153184112068,0.31006724465958424,FALSE,FALSE
2011-04-03,East_Antarctica,0.890143506,-0.142434609285762,0.142434609285762,0.31006724465958424,FALSE,FALSE
2011-04-04,East_Antarctica,0.932302164,-0.11666103269627603,0.11666103269627603,0.31006724465958424,FALSE,FALSE
2011-04-05,East_Antarctica,0.964329457,-0.10122045321888996,0.10122045321888996,0.31006724465958424,FALSE,FALSE
2011-04-06,East_Antarctica,0.985474142,-0.09683790599983266,0.09683790599983266,0.31006724465958424,FALSE,FALSE
2011-04-07,East_Antarctica,0.971657843,-0.12756555918533374,0.12756555918533374,0.31006724465958424,FALSE,FALSE
2011-04-08,East_Antarctica,0.976548705,-0.13970905992161942,0.13970905992161942,0.31006724465958424,FALSE,FALSE
2011-04-09,East_Antarctica,1.000665373,-0.1327235553549191,0.1327235553549191,0.31006724465958424,FALSE,FALSE
2011-04-10,East_Antarctica,1.074241163,-0.07634952163146225,0.07634952163146225,0.31006724465958424,FALSE,FALSE
2011-04-11,East_Antarctica,1.119481782,-0.04835504389747447,0.04835504389747447,0.31006724465958424,FALSE,FALSE
2011-04-12,East_Antarctica,1.165876605,-0.01922470181106361,0.01922470181106361,0.31006724465958424,FALSE,FALSE
2011-04-13,East_Antarctica,1.197198826,-0.00517083828964159,0.00517083828964159,0.31006724465958424,FALSE,FALSE
2011-04-14,East_Antarctica,1.220608718,9.621894987885682e-4,9.621894987885682e-4,0.31006724465958424,FALSE,FALSE
2011-04-15,East_Antarctica,1.228368204,-0.00857010900885302,0.00857010900885302,0.31006724465958424,FALSE,FALSE
2011-04-16,East_Antarctica,1.246911904,-0.00733952737564047,0.00733952737564047,0.31006724465958424,FALSE,FALSE
2011-04-17,East_Antarctica,1.25650054,-0.01509175716465538,0.01509175716465538,0.31006724465958424,FALSE,FALSE
2011-04-18,East_Antarctica,1.270728816,-0.01823850793897263,0.01823850793897263,0.31006724465958424,FALSE,FALSE
2011-04-19,East_Antarctica,1.291974297,-0.01440862826166888,0.01440862826166888,0.31006724465958424,FALSE,FALSE
2011-04-20,East_Antarctica,1.302662233,-0.0211832816958235,0.0211832816958235,0.31006724465958424,FALSE,FALSE
2011-04-21,East_Antarctica,1.28945096,-0.05191054580451371,0.05191054580451371,0.31006724465958424,FALSE,FALSE
2011-04-22,East_Antarctica,1.299714149,-0.05922316315081666,0.05922316315081666,0.31006724465958424,FALSE,FALSE
2011-04-23,East_Antarctica,1.300970619,-0.07560872829781129,0.07560872829781129,0.31006724465958424,FALSE,FALSE
2011-04-24,East_Antarctica,1.338699485,-0.05559453980857243,0.05559453980857243,0.31006724465958424,FALSE,FALSE
2011-04-25,East_Antarctica,1.378705237,-0.03338191508607813,0.03338191508607813,0.31006724465958424,FALSE,FALSE
2011-04-26,East_Antarctica,1.387633488,-0.04232529155048414,0.04232529155048414,0.31006724465958424,FALSE,FALSE
2011-04-27,East_Antarctica,1.387093024,-0.06081275227957294,0.06081275227957294,0.31006724465958424,FALSE,FALSE
2011-04-28,East_Antarctica,1.409300122,-0.05662485583919574,0.05662485583919574,0.31006724465958424,FALSE,FALSE
2011-04-29,East_Antarctica,1.428561477,-0.05545174279520748,0.05545174279520748,0.31006724465958424,FALSE,FALSE
2011-04-30,East_Antarctica,1.450417532,-0.05174980571345911,0.05174980571345911,0.31006724465958424,FALSE,FALSE
2011-05-01,East_Antarctica,1.474396798,-0.04598736915980472,0.04598736915980472,0.31006724465958424,FALSE,FALSE
2011-05-02,East_Antarctica,1.503707977,-0.03495256670009761,0.03495256670009761,0.31006724465958424,FALSE,FALSE
2011-05-03,East_Antarctica,1.510929592,-0.04606371090018801,0.04606371090018801,0.31006724465958424,FALSE,FALSE
2011-05-04,East_Antarctica,1.515300867,-0.06007841332593222,0.06007841332593222,0.31006724465958424,FALSE,FALSE
2011-05-05,East_Antarctica,1.540101399,-0.05371391254318136,0.05371391254318136,0.31006724465958424,FALSE,FALSE
2011-05-06,East_Antarctica,1.557053394,-0.05524483811778791,0.05524483811778791,0.31006724465958424,FALSE,FALSE
2011-05-07,East_Antarctica,1.567054555,-0.06377031961909996,0.06377031961909996,0.31006724465958424,FALSE,FALSE
2011-05-08,East_Antarctica,1.556280683,-0.09310971801717338,0.09310971801717338,0.31006724465958424,FALSE,FALSE
2011-05-09,East_Antarctica,1.568759248,-0.09922627902801497,0.09922627902801497,0.31006724465958424,FALSE,FALSE
2011-05-10,East_Antarctica,1.581871459,-0.104728777798623,0.104728777798623,0.31006724465958424,FALSE,FALSE
2011-05-11,East_Antarctica,1.60622482,-0.0989996944759921,0.0989996944759921,0.31006724465958424,FALSE,FALSE
2011-05-12,East_Antarctica,1.607287148,-0.11656119620712024,0.11656119620712024,0.31006724465958424,FALSE,FALSE
2011-05-13,East_Antarctica,1.62388078,-0.1185809301390004,0.1185809301390004,0.31006724465958424,FALSE,FALSE
2011-05-14,East_Antarctica,1.676179447,-0.08487514941863084,0.08487514941863084,0.31006724465958424,FALSE,FALSE
2011-05-15,East_Antarctica,1.708487618,-0.07112936919300683,0.07112936919300683,0.31006724465958424,FALSE,FALSE
2011-05-16,East_Antarctica,1.74326032,-0.05487854660912616,0.05487854660912616,0.31006724465958424,FALSE,FALSE
2011-05-17,East_Antarctica,1.779416085,-0.03719413381398162,0.03719413381398162,0.31006724465958424,FALSE,FALSE
2011-05-18,East_Antarctica,1.802551321,-0.03246970695457518,0.03246970695457518,0.31006724465958424,FALSE,FALSE
2011-05-19,East_Antarctica,1.825820571,-0.02754070717789725,0.02754070717789725,0.31006724465958424,FALSE,FALSE
2011-05-20,East_Antarctica,1.869713563,-0.00190696104870635,0.00190696104870635,0.31006724465958424,FALSE,FALSE
2011-05-21,East_Antarctica,1.935884293,0.04610381159043575,0.04610381159043575,0.31006724465958424,FALSE,FALSE
2011-05-22,East_Antarctica,1.983443388,0.07562737046146717,0.07562737046146717,0.31006724465958424,FALSE,FALSE
2011-05-23,East_Antarctica,2.030073801,0.10437203170434728,0.10437203170434728,0.31006724465958424,FALSE,FALSE
2011-05-24,East_Antarctica,2.086987444,0.14357507045902285,0.14357507045902285,0.31006724465958424,FALSE,FALSE
2011-05-25,East_Antarctica,2.116310996,0.15538852886544885,0.15538852886544885,0.31006724465958424,FALSE,FALSE
2011-05-26,East_Antarctica,2.141312538,0.16310585106357878,0.16310585106357878,0.31006724465958424,FALSE,FALSE
2011-05-27,East_Antarctica,2.201963441,0.20672377119336605,0.20672377119336605,0.31006724465958424,FALSE,FALSE
2011-05-28,East_Antarctica,2.254191179,0.24219512639476237,0.24219512639476237,0.31006724465958424,FALSE,FALSE
2011-05-29,East_Antarctica,2.309659116,0.2812086438077208,0.2812086438077208,0.31006724465958424,FALSE,FALSE
2011-05-30,East_Antarctica,2.344799843,0.300222277572197,0.300222277572197,0.31006724465958424,FALSE,FALSE
2011-05-31,East_Antarctica,2.372819031,0.31246706182813977,0.31246706182813977,0.31006724465958424,TRUE,FALSE
2011-06-01,East_Antarctica,2.379688497,0.30394017671550566,0.30394017671550566,0.31006724465958424,FALSE,FALSE
2011-06-02,East_Antarctica,2.380909729,0.29015603828738534,0.29015603828738534,0.31006724465958424,FALSE,FALSE
2011-06-03,East_Antarctica,2.378621438,0.2732111201935452,0.2732111201935452,0.31006724465958424,FALSE,FALSE
2011-06-04,East_Antarctica,2.369230319,0.24945458773658968,0.24945458773658968,0.31006724465958424,FALSE,FALSE
2011-06-05,East_Antarctica,2.381586816,0.2476793546526568,0.2476793546526568,0.31006724465958424,FALSE,FALSE
2011-06-06,East_Antarctica,2.412891088,0.2650280496778823,0.2650280496778823,0.31006724465958424,FALSE,FALSE
2011-06-07,East_Antarctica,2.38465897,0.22295897754840557,0.22295897754840557,0.31006724465958424,FALSE,FALSE
2011-06-08,East_Antarctica,2.373625488,0.19814963400036323,0.19814963400036323,0.31006724465958424,FALSE,FALSE
2011-06-09,East_Antarctica,2.357639072,0.16839091876989087,0.16839091876989087,0.31006724465958424,FALSE,FALSE
2011-06-10,East_Antarctica,2.393719672,0.19064525159313117,0.19064525159313117,0.31006724465958424,FALSE,FALSE
2011-06-11,East_Antarctica,2.422501937,0.2054897512062155,0.2054897512062155,0.31006724465958424,FALSE,FALSE
2011-06-12,East_Antarctica,2.451070898,0.2199519183452856,0.2199519183452856,0.31006724465958424,FALSE,FALSE
2011-06-13,East_Antarctica,2.507257707,0.2618053747464768,0.2618053747464768,0.31006724465958424,FALSE,FALSE
2011-06-14,East_Antarctica,2.536661921,0.27659327940976564,0.27659327940976564,0.31006724465958424,FALSE,FALSE
2011-06-15,East_Antarctica,2.543301876,0.2683274852209605,0.2683274852209605,0.31006724465958424,FALSE,FALSE
2011-06-16,East_Antarctica,2.49978653,0.20967894308220947,0.20967894308220947,0.31006724465958424,FALSE,FALSE
2011-06-17,East_Antarctica,2.503848792,0.19844751609979472,0.19844751609979472,0.31006724465958424,FALSE,FALSE
2011-06-18,East_Antarctica,2.520259358,0.19947085438001455,0.19947085438001455,0.31006724465958424,FALSE,FALSE
2011-06-19,East_Antarctica,2.555667345,0.21946502902914888,0.21946502902914888,0.31006724465958424,FALSE,FALSE
2011-06-20,East_Antarctica,2.546302284,0.19472652515348976,0.19472652515348976,0.31006724465958424,FALSE,FALSE
2011-06-21,East_Antarctica,2.550205293,0.1833634148593264,0.1833634148593264,0.31006724465958424,FALSE,FALSE
2011-06-22,East_Antarctica,2.587008611,0.20507489125294456,0.20507489125294456,0.31006724465958424,FALSE,FALSE
2011-06-23,East_Antarctica,2.624922007,0.2281376774406345,0.2281376774406345,0.31006724465958424,FALSE,FALSE
2011-06-24,East_Antarctica,2.632662438,0.22133568452868513,0.22133568452868513,0.31006724465958424,FALSE,FALSE
2011-06-25,East_Antarctica,2.659832839,0.23433880162338117,0.23433880162338117,0.31006724465958424,FALSE,FALSE
2011-06-26,East_Antarctica,2.677907403,0.2386881758310171,0.2386881758310171,0.31006724465958424,FALSE,FALSE
2011-06-27,East_Antarctica,2.736574348,0.28412945950064605,0.28412945950064605,0.31006724465958424,FALSE,FALSE
2011-06-28,East_Antarctica,2.758062694,0.2928771708853586,0.2928771708853586,0.31006724465958424,FALSE,FALSE
2011-06-29,East_Antarctica,2.755187251,0.27769874780830595,0.27769874780830595,0.31006724465958424,FALSE,FALSE
2011-06-30,East_Antarctica,2.701484665,0.2120832950889846,0.2120832950889846,0.31006724465958424,FALSE,FALSE
2011-07-01,East_Antarctica,2.643918052,0.14294638754688638,0.14294638754688638,0.31006724465958424,FALSE,FALSE
2011-07-02,East_Antarctica,2.65396692,0.14171999200150065,0.14171999200150065,0.31006724465958424,FALSE,FALSE
2011-07-03,East_Antarctica,2.638080596,0.11480589427232468,0.11480589427232468,0.31006724465958424,FALSE,FALSE
2011-07-04,East_Antarctica,2.629653473,0.09555094617884796,0.09555094617884796,0.31006724465958424,FALSE,FALSE
2011-07-05,East_Antarctica,2.631208612,0.0864306675405655,0.0864306675405655,0.31006724465958424,FALSE,FALSE
2011-07-06,East_Antarctica,2.666615893,0.111267397176968,0.111267397176968,0.31006724465958424,FALSE,FALSE
2011-07-07,East_Antarctica,2.698385538,0.1325238159075499,0.1325238159075499,0.31006724465958424,FALSE,FALSE
2011-07-08,East_Antarctica,2.719608924,0.14324375955180413,0.14324375955180413,0.31006724465958424,FALSE,FALSE
2011-07-09,East_Antarctica,2.740643433,0.1537371263733731,0.1537371263733731,0.31006724465958424,FALSE,FALSE
2011-07-10,East_Antarctica,2.798555699,0.20103423925747377,0.20103423925747377,0.31006724465958424,FALSE,FALSE
2011-07-11,East_Antarctica,2.864912186,0.2566897020861476,0.2566897020861476,0.31006724465958424,FALSE,FALSE
2011-07-12,East_Antarctica,2.9174373,0.29841929649603394,0.29841929649603394,0.31006724465958424,FALSE,FALSE
2011-07-13,East_Antarctica,2.955874889,0.325958246123772,0.325958246123772,0.31006724465958424,TRUE,TRUE
2011-07-14,East_Antarctica,2.955177187,0.3142501606060071,0.3142501606060071,0.31006724465958424,TRUE,TRUE
2011-07-15,East_Antarctica,2.966623432,0.3145656535793795,0.3145656535793795,0.31006724465958424,TRUE,TRUE
2011-07-16,East_Antarctica,2.991327496,0.3280099726805319,0.3280099726805319,0.31006724465958424,TRUE,TRUE
2011-07-17,East_Antarctica,3.005527031,0.33081214554610394,0.33081214554610394,0.31006724465958424,TRUE,TRUE
2011-07-18,East_Antarctica,3.013376854,0.3271183648127396,0.3271183648127396,0.31006724465958424,TRUE,TRUE
2011-07-19,East_Antarctica,3.01091489,0.31295793111707804,0.31295793111707804,0.31006724465958424,TRUE,TRUE
2011-07-20,East_Antarctica,2.992366281,0.28254736209576325,0.28254736209576325,0.31006724465958424,FALSE,FALSE
2011-07-21,East_Antarctica,2.975375325,0.2535223313854358,0.2535223313854358,0.31006724465958424,FALSE,FALSE
2011-07-22,East_Antarctica,3.017720917,0.2836556662139742,0.2836556662139742,0.31006724465958424,FALSE,FALSE
2011-07-23,East_Antarctica,2.998576082,0.2521496106425065,0.2521496106425065,0.31006724465958424,FALSE,FALSE
2011-07-24,East_Antarctica,2.983919727,0.2250380127053031,0.2250380127053031,0.31006724465958424,FALSE,FALSE
2011-07-25,East_Antarctica,3.033031324,0.26165586891107573,0.26165586891107573,0.31006724465958424,FALSE,FALSE
2011-07-26,East_Antarctica,3.122490255,0.3386380857685354,0.3386380857685354,0.31006724465958424,TRUE,FALSE
2011-07-27,East_Antarctica,3.124436965,0.3281806327863883,0.3281806327863883,0.31006724465958424,TRUE,FALSE
2011-07-28,East_Antarctica,3.112455785,0.3039233654733464,0.3039233654733464,0.31006724465958424,FALSE,FALSE
2011-07-29,East_Antarctica,3.12603399,0.30540908333812267,0.30540908333812267,0.31006724465958424,FALSE,FALSE
2011-07-30,East_Antarctica,3.144153951,0.31167568188942374,0.31167568188942374,0.31006724465958424,TRUE,FALSE
2011-07-31,East_Antarctica,3.155809441,0.3117724586359616,0.3117724586359616,0.31006724465958424,TRUE,FALSE
2011-08-01,East_Antarctica,3.156444503,0.3011989810864466,0.3011989810864466,0.31006724465958424,FALSE,FALSE
2011-08-02,East_Antarctica,3.140659218,0.2746108547495858,0.2746108547495858,0.31006724465958424,FALSE,FALSE
2011-08-03,East_Antarctica,3.140365094,0.26397511140093144,0.26397511140093144,0.31006724465958424,FALSE,FALSE
2011-08-04,East_Antarctica,3.138719926,0.2524852773822084,0.2524852773822084,0.31006724465958424,FALSE,FALSE
2011-08-05,East_Antarctica,3.166503305,0.27088527608093793,0.27088527608093793,0.31006724465958424,FALSE,FALSE
2011-08-06,East_Antarctica,3.169892557,0.2653006715185384,0.2653006715185384,0.31006724465958424,FALSE,FALSE
2011-08-07,East_Antarctica,3.158636521,0.2454285407164294,0.2454285407164294,0.31006724465958424,FALSE,FALSE
2011-08-08,East_Antarctica,3.129023167,0.20750509169603104,0.20750509169603104,0.31006724465958424,FALSE,FALSE
2011-08-09,East_Antarctica,3.139706279,0.21013234647876233,0.21013234647876233,0.31006724465958424,FALSE,FALSE
2011-08-10,East_Antarctica,3.1538379,0.21641058608604255,0.21641058608604255,0.31006724465958424,FALSE,FALSE
2011-08-11,East_Antarctica,3.182423737,0.23729375553929133,0.23729375553929133,0.31006724465958424,FALSE,FALSE
2011-08-12,East_Antarctica,3.203464111,0.250730413859928,0.250730413859928,0.31006724465958424,FALSE,FALSE
2011-08-13,East_Antarctica,3.214206433,0.2539162100693715,0.2539162100693715,0.31006724465958424,FALSE,FALSE
2011-08-14,East_Antarctica,3.183295199,0.21544387818904331,0.21544387818904331,0.31006724465958424,FALSE,FALSE
2011-08-15,East_Antarctica,3.117599224,0.14213047124036216,0.14213047124036216,0.31006724465958424,FALSE,FALSE
2011-08-16,East_Antarctica,3.099218506,0.11602575754047216,0.11602575754047216,0.31006724465958424,FALSE,FALSE
2011-08-17,East_Antarctica,3.095045932,0.10401793783431312,0.10401793783431312,0.31006724465958424,FALSE,FALSE
2011-08-18,East_Antarctica,3.124819895,0.12589284691180902,0.12589284691180902,0.31006724465958424,FALSE,FALSE
2011-08-19,East_Antarctica,3.120245282,0.113405670314485,0.113405670314485,0.31006724465958424,FALSE,FALSE
2011-08-20,East_Antarctica,3.074133587,0.0594182005838757,0.0594182005838757,0.31006724465958424,FALSE,FALSE
2011-08-21,East_Antarctica,3.118863052,0.0963589782615104,0.0963589782615104,0.31006724465958424,FALSE,FALSE
2011-08-22,East_Antarctica,3.157788427,0.12763305188891927,0.12763305188891927,0.31006724465958424,FALSE,FALSE
2011-08-23,East_Antarctica,3.204735243,0.16711625100763206,0.16711625100763206,0.31006724465958424,FALSE,FALSE
2011-08-24,East_Antarctica,3.214254815,0.16941018915918127,0.16941018915918127,0.31006724465958424,FALSE,FALSE
2011-08-25,East_Antarctica,3.238662326,0.1868803478850971,0.1868803478850971,0.31006724465958424,FALSE,FALSE
2011-08-26,East_Antarctica,3.267403383,0.20902263272690913,0.20902263272690913,0.31006724465958424,FALSE,FALSE
2011-08-27,East_Antarctica,3.283490848,0.21890020422614853,0.21890020422614853,0.31006724465958424,FALSE,FALSE
2011-08-28,East_Antarctica,3.283612321,0.21325096092434803,0.21325096092434803,0.31006724465958424,FALSE,FALSE
2011-08-29,East_Antarctica,3.274051887,0.19840029473806495,0.19840029473806495,0.31006724465958424,FALSE,FALSE
2011-08-30,East_Antarctica,3.294647234,0.21417255222076248,0.21417255222076248,0.31006724465958424,FALSE,FALSE
2011-08-31,East_Antarctica,3.299263357,0.21439885379498724,0.21439885379498724,0.31006724465958424,FALSE,FALSE
2011-09-01,East_Antarctica,3.305113707,0.21625873905358972,0.21625873905358972,0.31006724465958424,FALSE,FALSE
2011-09-02,East_Antarctica,3.294173749,0.20169376158942276,0.20169376158942276,0.31006724465958424,FALSE,FALSE
2011-09-03,East_Antarctica,3.257350833,0.1615773599953343,0.1615773599953343,0.31006724465958424,FALSE,FALSE
2011-09-04,East_Antarctica,3.248079532,0.1493101958641816,0.1493101958641816,0.31006724465958424,FALSE,FALSE
2011-09-05,East_Antarctica,3.196859622,0.09535813378881253,0.09535813378881253,0.31006724465958424,FALSE,FALSE
2011-09-06,East_Antarctica,3.17203909,0.0680352493620795,0.0680352493620795,0.31006724465958424,FALSE,FALSE
2011-09-07,East_Antarctica,3.155287893,0.04897758817683462,0.04897758817683462,0.31006724465958424,FALSE,FALSE
2011-09-08,East_Antarctica,3.179855403,0.07140061082592553,0.07140061082592553,0.31006724465958424,FALSE,FALSE
2011-09-09,East_Antarctica,3.211751405,0.1012801909022114,0.1012801909022114,0.31006724465958424,FALSE,FALSE
2011-09-10,East_Antarctica,3.248521807,0.13612837680647516,0.13612837680647516,0.31006724465958424,FALSE,FALSE
2011-09-11,East_Antarctica,3.305269204,0.1910188221521798,0.1910188221521798,0.31006724465958424,FALSE,FALSE
2011-09-12,East_Antarctica,3.301613758,0.18555164759008935,0.18555164759008935,0.31006724465958424,FALSE,FALSE
2011-09-13,East_Antarctica,3.279269372,0.16142165186730928,0.16142165186730928,0.31006724465958424,FALSE,FALSE
2011-09-14,East_Antarctica,3.256180468,0.13655415273094595,0.13655415273094595,0.31006724465958424,FALSE,FALSE
2011-09-15,East_Antarctica,3.264682836,0.1432658359280996,0.1432658359280996,0.31006724465958424,FALSE,FALSE
2011-09-16,East_Antarctica,3.28619584,0.16295696120587833,0.16295696120587833,0.31006724465958424,FALSE,FALSE
2011-09-17,East_Antarctica,3.336152629,0.21104157331138484,0.21104157331138484,0.31006724465958424,FALSE,FALSE
2011-09-18,East_Antarctica,3.361683325,0.23463068999172432,0.23463068999172432,0.31006724465958424,FALSE,FALSE
2011-09-19,East_Antarctica,3.376763474,0.24768075299400127,0.24768075299400127,0.31006724465958424,FALSE,FALSE
2011-09-20,East_Antarctica,3.392354409,0.261133991065321,0.261133991065321,0.31006724465958424,FALSE,FALSE
2011-09-21,East_Antarctica,3.339560804,0.20607597395278532,0.20607597395278532,0.31006724465958424,FALSE,FALSE
2011-09-22,East_Antarctica,3.319393928,0.18349886640350063,0.18349886640350063,0.31006724465958424,FALSE,FALSE
2011-09-23,East_Antarctica,3.337303198,0.19883906812016328,0.19883906812016328,0.31006724465958424,FALSE,FALSE
2011-09-24,East_Antarctica,3.34189655,0.20075666551289473,0.20075666551289473,0.31006724465958424,FALSE,FALSE
2011-09-25,East_Antarctica,3.334816306,0.19098566272490292,0.19098566272490292,0.31006724465958424,FALSE,FALSE
2011-09-26,East_Antarctica,3.33245403,0.18600986057322677,0.18600986057322677,0.31006724465958424,FALSE,FALSE
2011-09-27,East_Antarctica,3.348075751,0.19918752487489977,0.19918752487489977,0.31006724465958424,FALSE,FALSE
2011-09-28,East_Antarctica,3.325367532,0.17429695544696155,0.17429695544696155,0.31006724465958424,FALSE,FALSE
2011-09-29,East_Antarctica,3.329796981,0.17689799710644705,0.17689799710644705,0.31006724465958424,FALSE,FALSE
2011-09-30,East_Antarctica,3.368430386,0.21414917467039407,0.21414917467039407,0.31006724465958424,FALSE,FALSE
2011-10-01,East_Antarctica,3.359417683,0.2042926609558382,0.2042926609558382,0.31006724465958424,FALSE,FALSE
2011-10-02,East_Antarctica,3.378078182,0.2227400027798172,0.2227400027798172,0.31006724465958424,FALSE,FALSE
2011-10-03,East_Antarctica,3.371367299,0.2165388529593697,0.2165388529593697,0.31006724465958424,FALSE,FALSE
2011-10-04,East_Antarctica,3.380090556,0.2265869703115269,0.2265869703115269,0.31006724465958424,FALSE,FALSE
2011-10-05,East_Antarctica,3.373357226,0.22208583689254136,0.22208583689254136,0.31006724465958424,FALSE,FALSE
2011-10-06,East_Antarctica,3.37635736,0.2282841324857068,0.2282841324857068,0.31006724465958424,FALSE,FALSE
2011-10-07,East_Antarctica,3.318105558,0.1741563078460695,0.1741563078460695,0.31006724465958424,FALSE,FALSE
2011-10-08,East_Antarctica,3.283294203,0.14433652548319387,0.14433652548319387,0.31006724465958424,FALSE,FALSE
2011-10-09,East_Antarctica,3.238661662,0.10550493190664234,0.10550493190664234,0.31006724465958424,FALSE,FALSE
2011-10-10,East_Antarctica,3.177521606,0.05091697762598235,0.05091697762598235,0.31006724465958424,FALSE,FALSE
2011-10-11,East_Antarctica,3.165023251,0.04566365815077855,0.04566365815077855,0.31006724465958424,FALSE,FALSE
2011-10-12,East_Antarctica,3.137460378,0.02598053399059008,0.02598053399059008,0.31006724465958424,FALSE,FALSE
2011-10-13,East_Antarctica,3.096155154,-0.00686844834501521,0.00686844834501521,0.31006724465958424,FALSE,FALSE
2011-10-14,East_Antarctica,3.075262596,-0.018786492346472,0.018786492346472,0.31006724465958424,FALSE,FALSE
2011-10-15,East_Antarctica,3.063806661,-0.02080786150421776,0.02080786150421776,0.31006724465958424,FALSE,FALSE
2011-10-16,East_Antarctica,3.066660218,-0.00811790730868455,0.00811790730868455,0.31006724465958424,FALSE,FALSE
2011-10-17,East_Antarctica,3.060954652,-0.003643465250315,0.003643465250315,0.31006724465958424,FALSE,FALSE
2011-10-18,East_Antarctica,3.059982714,0.00585329502491882,0.00585329502491882,0.31006724465958424,FALSE,FALSE
2011-10-19,East_Antarctica,3.073566051,0.03020918758954804,0.03020918758954804,0.31006724465958424,FALSE,FALSE
2011-10-20,East_Antarctica,3.094091502,0.0618932234466012,0.0618932234466012,0.31006724465958424,FALSE,FALSE
2011-10-21,East_Antarctica,3.118344988,0.09777617849486876,0.09777617849486876,0.31006724465958424,FALSE,FALSE
2011-10-22,East_Antarctica,3.110999738,0.10261613663313396,0.10261613663313396,0.31006724465958424,FALSE,FALSE
2011-10-23,East_Antarctica,3.108930438,0.11337263876019144,0.11337263876019144,0.31006724465958424,FALSE,FALSE
2011-10-24,East_Antarctica,3.12156976,0.1395632117748251,0.1395632117748251,0.31006724465958424,FALSE,FALSE
2011-10-25,East_Antarctica,3.134254488,0.16660949457582364,0.16660949457582364,0.31006724465958424,FALSE,FALSE
2011-10-26,East_Antarctica,3.145628614,0.1932403340619775,0.1932403340619775,0.31006724465958424,FALSE,FALSE
2011-10-27,East_Antarctica,3.156188549,0.22003699613207184,0.22003699613207184,0.31006724465958424,FALSE,FALSE
2011-10-28,East_Antarctica,3.153069596,0.2342196386848956,0.2342196386848956,0.31006724465958424,FALSE,FALSE
2011-10-29,East_Antarctica,3.165184781,0.2647861426192373,0.2647861426192373,0.31006724465958424,FALSE,FALSE
2011-10-30,East_Antarctica,3.198160158,0.3174474168338848,0.3174474168338848,0.31006724465958424,TRUE,TRUE
2011-10-31,East_Antarctica,3.225069064,0.36534924258025026,0.36534924258025026,0.31006724465958424,TRUE,TRUE
2011-11-01,East_Antarctica,3.237971716,0.40056319320849054,0.40056319320849054,0.31006724465958424,TRUE,TRUE
2011-11-02,East_Antarctica,3.232602422,0.4188161692393062,0.4188161692393062,0.31006724465958424,TRUE,TRUE
2011-11-03,East_Antarctica,3.201328298,0.4124678741491832,0.4124678741491832,0.31006724465958424,TRUE,TRUE
2011-11-04,East_Antarctica,3.17225538,0.409616931414611,0.409616931414611,0.31006724465958424,TRUE,TRUE
2011-11-05,East_Antarctica,3.145256108,0.4101283685120789,0.4101283685120789,0.31006724465958424,TRUE,TRUE
2011-11-06,East_Antarctica,3.108284674,0.4019489649180717,0.4019489649180717,0.31006724465958424,TRUE,TRUE
2011-11-07,East_Antarctica,3.030456809,0.35418703910908134,0.35418703910908134,0.31006724465958424,TRUE,TRUE
2011-11-08,East_Antarctica,2.968295964,0.3233586295615938,0.3233586295615938,0.31006724465958424,TRUE,TRUE
2011-11-09,East_Antarctica,2.950679028,0.33833321275209727,0.33833321275209727,0.31006724465958424,TRUE,TRUE
2011-11-10,East_Antarctica,2.894489981,0.31598735615708184,0.31598735615708184,0.31006724465958424,TRUE,TRUE
2011-11-11,East_Antarctica,2.808333537,0.2649183612530339,0.2649183612530339,0.31006724465958424,FALSE,FALSE
2011-11-12,East_Antarctica,2.689278913,0.1821871249517364,0.1821871249517364,0.31006724465958424,FALSE,FALSE
2011-11-13,East_Antarctica,2.587646875,0.1180558875929325,0.1180558875929325,0.31006724465958424,FALSE,FALSE
2011-11-14,East_Antarctica,2.499740262,0.06869349306557115,0.06869349306557115,0.31006724465958424,FALSE,FALSE
2011-11-15,East_Antarctica,2.4511104,0.05951104727227951,0.05951104727227951,0.31006724465958424,FALSE,FALSE
2011-11-16,East_Antarctica,2.402270732,0.05088177311568076,0.05088177311568076,0.31006724465958424,FALSE,FALSE
2011-11-17,East_Antarctica,2.320114706,0.00955889849840208,0.00955889849840208,0.31006724465958424,FALSE,FALSE
2011-11-18,East_Antarctica,2.240013866,-0.02922625267693579,0.02922625267693579,0.31006724465958424,FALSE,FALSE
2011-11-19,East_Antarctica,2.150902044,-0.0766800685077067,0.0766800685077067,0.31006724465958424,FALSE,FALSE
2011-11-20,East_Antarctica,2.090552132,-0.09516987709128431,0.09516987709128431,0.31006724465958424,FALSE,FALSE
2011-11-21,East_Antarctica,2.036703926,-0.10709610252504476,0.10709610252504476,0.31006724465958424,FALSE,FALSE
2011-11-22,East_Antarctica,2.041929043,-0.06002734790636355,0.06002734790636355,0.31006724465958424,FALSE,FALSE
2011-11-23,East_Antarctica,2.047231537,-0.01309977933261796,0.01309977933261796,0.31006724465958424,FALSE,FALSE
2011-11-24,East_Antarctica,2.044824385,0.02575936009881951,0.02575936009881951,0.31006724465958424,FALSE,FALSE
2011-11-25,East_Antarctica,2.040252043,0.0619627939343379,0.0619627939343379,0.31006724465958424,FALSE,FALSE
2011-11-26,East_Antarctica,2.018255378,0.08019144378923082,0.08019144378923082,0.31006724465958424,FALSE,FALSE
2011-11-27,East_Antarctica,2.000604582,0.10219165267813946,0.10219165267813946,0.31006724465958424,FALSE,FALSE
2011-11-28,East_Antarctica,1.99056431,0.13120450002496709,0.13120450002496709,0.31006724465958424,FALSE,FALSE
2011-11-29,East_Antarctica,1.966890613,0.145962461253611,0.145962461253611,0.31006724465958424,FALSE,FALSE
2011-11-30,East_Antarctica,1.929435619,0.14629408878797578,0.14629408878797578,0.31006724465958424,FALSE,FALSE
2011-12-01,East_Antarctica,1.897984739,0.15196121805196006,0.15196121805196006,0.31006724465958424,FALSE,FALSE
2011-12-02,East_Antarctica,1.860168581,0.15057088146946662,0.15057088146946662,0.31006724465958424,FALSE,FALSE
2011-12-03,East_Antarctica,1.842661344,0.16877370246439471,0.16877370246439471,0.31006724465958424,FALSE,FALSE
2011-12-04,East_Antarctica,1.828434097,0.1895171744606459,0.1895171744606459,0.31006724465958424,FALSE,FALSE
2011-12-05,East_Antarctica,1.812726182,0.20801706388212216,0.20801706388212216,0.31006724465958424,FALSE,FALSE
2011-12-06,East_Antarctica,1.786751122,0.2154633181527228,0.2154633181527228,0.31006724465958424,FALSE,FALSE
2011-12-07,East_Antarctica,1.772610808,0.23393427668220368,0.23393427668220368,0.31006724465958424,FALSE,FALSE
2011-12-08,East_Antarctica,1.72727179,0.2203803838569629,0.2203803838569629,0.31006724465958424,FALSE,FALSE
2011-12-09,East_Antarctica,1.689232479,0.21330190202505103,0.21330190202505103,0.31006724465958424,FALSE,FALSE
2011-12-10,East_Antarctica,1.639240782,0.19345124217809584,0.19345124217809584,0.31006724465958424,FALSE,FALSE
2011-12-11,East_Antarctica,1.611409385,0.19494559430771696,0.19494559430771696,0.31006724465958424,FALSE,FALSE
2011-12-12,East_Antarctica,1.575008866,0.1870600404055376,0.1870600404055376,0.31006724465958424,FALSE,FALSE
2011-12-13,East_Antarctica,1.579838502,0.21959836146318357,0.21959836146318357,0.31006724465958424,FALSE,FALSE
2011-12-14,East_Antarctica,1.57273267,0.23939943847227707,0.23939943847227707,0.31006724465958424,FALSE,FALSE
2011-12-15,East_Antarctica,1.554524652,0.2473010574244423,0.2473010574244423,0.31006724465958424,FALSE,FALSE
2011-12-16,East_Antarctica,1.548014747,0.2661080213113023,0.2661080213113023,0.31006724465958424,FALSE,FALSE
2011-12-17,East_Antarctica,1.516237509,0.2588593881244807,0.2588593881244807,0.31006724465958424,FALSE,FALSE
2011-12-18,East_Antarctica,1.444283082,0.21064980585559967,0.21064980585559967,0.31006724465958424,FALSE,FALSE
2011-12-19,East_Antarctica,1.376003815,0.165336127496285,0.165336127496285,0.31006724465958424,FALSE,FALSE
2011-12-20,East_Antarctica,1.35918293,0.1707068855216658,0.1707068855216658,0.31006724465958424,FALSE,FALSE
2011-12-21,East_Antarctica,1.33700563,0.16996534546564135,0.16996534546564135,0.31006724465958424,FALSE,FALSE
2011-12-22,East_Antarctica,1.295002562,0.1486703958231883,0.1486703958231883,0.31006724465958424,FALSE,FALSE
2011-12-23,East_Antarctica,1.260667309,0.1343441447456022,0.1343441447456022,0.31006724465958424,FALSE,FALSE
2011-12-24,East_Antarctica,1.234385222,0.12740046838418073,0.12740046838418073,0.31006724465958424,FALSE,FALSE
2011-12-25,East_Antarctica,1.185517575,0.09722916589021936,0.09722916589021936,0.31006724465958424,FALSE,FALSE
2011-12-26,East_Antarctica,1.169838467,0.09963286141501417,0.09963286141501417,0.31006724465958424,FALSE,FALSE
2011-12-27,East_Antarctica,1.137379969,0.08467215110986048,0.08467215110986048,0.31006724465958424,FALSE,FALSE
2011-12-28,East_Antarctica,1.135758157,0.09999163612605531,0.09999163612605531,0.31006724465958424,FALSE,FALSE
2011-12-29,East_Antarctica,1.125521,0.10616781061489644,0.10616781061489644,0.31006724465958424,FALSE,FALSE
2011-12-30,East_Antarctica,1.102752505,0.09931320672767852,0.09931320672767852,0.31006724465958424,FALSE,FALSE
2011-12-31,East_Antarctica,1.068401713,0.08040539061569552,0.08040539061569552,0.31006724465958424,FALSE,FALSE
2012-01-01,East_Antarctica,1.047249602,0.07425386543024592,0.07425386543024592,0.31006724465958424,FALSE,FALSE
2012-01-02,East_Antarctica,1.038898001,0.08048788234385207,0.08048788234385207,0.31006724465958424,FALSE,FALSE
2012-01-03,East_Antarctica,0.999546441,0.05532998261392874,0.05532998261392874,0.31006724465958424,FALSE,FALSE
2012-01-04,East_Antarctica,0.979530529,0.04913768051912126,0.04913768051912126,0.31006724465958424,FALSE,FALSE
2012-01-05,East_Antarctica,0.957126212,0.04020883033807632,0.04020883033807632,0.31006724465958424,FALSE,FALSE
2012-01-06,East_Antarctica,0.92513678,0.02136862934943118,0.02136862934943118,0.31006724465958424,FALSE,FALSE
2012-01-07,East_Antarctica,0.878560685,-0.01236256316816686,0.01236256316816686,0.31006724465958424,FALSE,FALSE
2012-01-08,East_Antarctica,0.833818769,-0.04454199793607472,0.04454199793607472,0.31006724465958424,FALSE,FALSE
2012-01-09,East_Antarctica,0.777557907,-0.08850089267565109,0.08850089267565109,0.31006724465958424,FALSE,FALSE
2012-01-10,East_Antarctica,0.755129093,-0.09886634610824974,0.09886634610824974,0.31006724465958424,FALSE,FALSE
2012-01-11,East_Antarctica,0.74976299,-0.09238578795522968,0.09238578795522968,0.31006724465958424,FALSE,FALSE
2012-01-12,East_Antarctica,0.751656942,-0.07883996693794648,0.07883996693794648,0.31006724465958424,FALSE,FALSE
2012-01-13,East_Antarctica,0.755905895,-0.06311202977775698,0.06311202977775698,0.31006724465958424,FALSE,FALSE
2012-01-14,East_Antarctica,0.75042184,-0.05726841302744467,0.05726841302744467,0.31006724465958424,FALSE,FALSE
2012-01-15,East_Antarctica,0.729714392,-0.06678994461132592,0.06678994461132592,0.31006724465958424,FALSE,FALSE
2012-01-16,East_Antarctica,0.72054522,-0.06492045114158262,0.06492045114158262,0.31006724465958424,FALSE,FALSE
2012-01-17,East_Antarctica,0.696899731,-0.07768097321350254,0.07768097321350254,0.31006724465958424,FALSE,FALSE
2012-01-18,East_Antarctica,0.690241664,-0.07361421942237178,0.07361421942237178,0.31006724465958424,FALSE,FALSE
2012-01-19,East_Antarctica,0.685406301,-0.0678913553634779,0.0678913553634779,0.31006724465958424,FALSE,FALSE
2012-01-20,East_Antarctica,0.685433258,-0.05747921263210853,0.05747921263210853,0.31006724465958424,FALSE,FALSE
2012-01-21,East_Antarctica,0.662309042,-0.07039773182355047,0.07039773182355047,0.31006724465958424,FALSE,FALSE
2012-01-22,East_Antarctica,0.661137954,-0.06154905953309031,0.06154905953309031,0.31006724465958424,FALSE,FALSE
2012-01-23,East_Antarctica,0.649599085,-0.06326055235601624,0.06326055235601624,0.31006724465958424,FALSE,FALSE
2012-01-24,East_Antarctica,0.622904578,-0.08032651488761489,0.08032651488761489,0.31006724465958424,FALSE,FALSE
2012-01-25,East_Antarctica,0.619782892,-0.07402493572317337,0.07402493572317337,0.31006724465958424,FALSE,FALSE
2012-01-26,East_Antarctica,0.626453457,-0.05814283245797846,0.05814283245797846,0.31006724465958424,FALSE,FALSE
2012-01-27,East_Antarctica,0.615483437,-0.06011866980144731,0.06011866980144731,0.31006724465958424,FALSE,FALSE
2012-01-28,East_Antarctica,0.591666615,-0.07515875004873152,0.07515875004873152,0.31006724465958424,FALSE,FALSE
2012-01-29,East_Antarctica,0.577202966,-0.08106088488044694,0.08106088488044694,0.31006724465958424,FALSE,FALSE
2012-01-30,East_Antarctica,0.54938651,-0.1005288335726443,0.1005288335726443,0.31006724465958424,FALSE,FALSE
2012-01-31,East_Antarctica,0.518445135,-0.12333248740137248,0.12333248740137248,0.31006724465958424,FALSE,FALSE
2012-02-01,East_Antarctica,0.515862175,-0.11798629164267982,0.11798629164267982,0.31006724465958424,FALSE,FALSE
2012-02-02,East_Antarctica,0.52494354,-0.10118211557261658,0.10118211557261658,0.31006724465958424,FALSE,FALSE
2012-02-03,East_Antarctica,0.526772537,-0.09183443146723048,0.09183443146723048,0.31006724465958424,FALSE,FALSE
2012-02-04,East_Antarctica,0.520166432,-0.09112375260257176,0.09112375260257176,0.31006724465958424,FALSE,FALSE
2012-02-05,East_Antarctica,0.506842223,-0.09733086025468962,0.09733086025468962,0.31006724465958424,FALSE,FALSE
2012-02-06,East_Antarctica,0.495373214,-0.10188022969963316,0.10188022969963316,0.31006724465958424,FALSE,FALSE
2012-02-07,East_Antarctica,0.479089722,-0.11143932321345108,0.11143932321345108,0.31006724465958424,FALSE,FALSE
2012-02-08,East_Antarctica,0.489390055,-0.09460775131916022,0.09460775131916022,0.31006724465958424,FALSE,FALSE
2012-02-09,East_Antarctica,0.470530136,-0.10714589338723772,0.10714589338723772,0.31006724465958424,FALSE,FALSE
2012-02-10,East_Antarctica,0.469309058,-0.10230751984545228,0.10230751984545228,0.31006724465958424,FALSE,FALSE
2012-02-11,East_Antarctica,0.463950692,-0.10192594586708432,0.10192594586708432,0.31006724465958424,FALSE,FALSE
2012-02-12,East_Antarctica,0.470063019,-0.09045037662541389,0.09045037662541389,0.31006724465958424,FALSE,FALSE
2012-02-13,East_Antarctica,0.474305482,-0.08127855529372252,0.08127855529372252,0.31006724465958424,FALSE,FALSE
2012-02-14,East_Antarctica,0.476189104,-0.07495664504528937,0.07495664504528937,0.31006724465958424,FALSE,FALSE
2012-02-15,East_Antarctica,0.465182639,-0.08207307805339559,0.08207307805339559,0.31006724465958424,FALSE,FALSE
2012-02-16,East_Antarctica,0.446996149,-0.0969749784913228,0.0969749784913228,0.31006724465958424,FALSE,FALSE
2012-02-17,East_Antarctica,0.469475463,-0.07187370353235001,0.07187370353235001,0.31006724465958424,FALSE,FALSE
2012-02-18,East_Antarctica,0.470696344,-0.06875067634975857,0.06875067634975857,0.31006724465958424,FALSE,FALSE
2012-02-19,East_Antarctica,0.483487789,-0.05483408611682783,0.05483408611682783,0.31006724465958424,FALSE,FALSE
2012-02-20,East_Antarctica,0.486513022,-0.05151789500683945,0.05151789500683945,0.31006724465958424,FALSE,FALSE
2012-02-21,East_Antarctica,0.492103754,-0.04652450250458467,0.04652450250458467,0.31006724465958424,FALSE,FALSE
2012-02-22,East_Antarctica,0.481256188,-0.05887452757582673,0.05887452757582673,0.31006724465958424,FALSE,FALSE
2012-02-23,East_Antarctica,0.448973282,-0.093557028236257,0.093557028236257,0.31006724465958424,FALSE,FALSE
2012-02-24,East_Antarctica,0.489097625,-0.05672098308510975,0.05672098308510975,0.31006724465958424,FALSE,FALSE
2012-02-25,East_Antarctica,0.487806791,-0.06218038572161877,0.06218038572161877,0.31006724465958424,FALSE,FALSE
2012-02-26,East_Antarctica,0.479944539,-0.07508304474501648,0.07508304474501648,0.31006724465958424,FALSE,FALSE
2012-02-27,East_Antarctica,0.464755013,-0.0961763837545383,0.0961763837545383,0.31006724465958424,FALSE,FALSE
2012-02-28,East_Antarctica,0.469651866,-0.0980383173494167,0.0980383173494167,0.31006724465958424,FALSE,FALSE
2012-03-01,East_Antarctica,0.454542897,-0.12919605069217782,0.12919605069217782,0.31006724465958424,FALSE,FALSE
2012-03-02,East_Antarctica,0.458831518,-0.13418054263852752,0.13418054263852752,0.31006724465958424,FALSE,FALSE
2012-03-03,East_Antarctica,0.457011237,-0.14609518056716908,0.14609518056716908,0.31006724465958424,FALSE,FALSE
2012-03-04,East_Antarctica,0.48438596,-0.12962762193456734,0.12962762193456734,0.31006724465958424,FALSE,FALSE
2012-03-05,East_Antarctica,0.513045534,-0.11266417261669603,0.11266417261669603,0.31006724465958424,FALSE,FALSE
2012-03-06,East_Antarctica,0.515509765,-0.1226110084931834,0.1226110084931834,0.31006724465958424,FALSE,FALSE
2012-03-07,East_Antarctica,0.54258663,-0.10857594167992768,0.10857594167992768,0.31006724465958424,FALSE,FALSE
2012-03-08,East_Antarctica,0.570664569,-0.0940863212928288,0.0940863212928288,0.31006724465958424,FALSE,FALSE
2012-03-09,East_Antarctica,0.582207635,-0.0965938834477853,0.0965938834477853,0.31006724465958424,FALSE,FALSE
2012-03-10,East_Antarctica,0.625288579,-0.06794166626069531,0.06794166626069531,0.31006724465958424,FALSE,FALSE
2012-03-11,East_Antarctica,0.667929433,-0.04002342684745752,0.04002342684745752,0.31006724465958424,FALSE,FALSE
2012-03-12,East_Antarctica,0.686890594,-0.03599455732397294,0.03599455732397294,0.31006724465958424,FALSE,FALSE
2012-03-13,East_Antarctica,0.678394322,-0.0595485868061385,0.0595485868061385,0.31006724465958424,FALSE,FALSE
2012-03-14,East_Antarctica,0.716799729,-0.03624219240985427,0.03624219240985427,0.31006724465958424,FALSE,FALSE
2012-03-15,East_Antarctica,0.740549305,-0.02754867325101917,0.02754867325101917,0.31006724465958424,FALSE,FALSE
2012-03-16,East_Antarctica,0.744839498,-0.03818737044553011,0.03818737044553011,0.31006724465958424,FALSE,FALSE
2012-03-17,East_Antarctica,0.766022409,-0.03172442260892771,0.03172442260892771,0.31006724465958424,FALSE,FALSE
2012-03-18,East_Antarctica,0.765480076,-0.04675723222803951,0.04675723222803951,0.31006724465958424,FALSE,FALSE
2012-03-19,East_Antarctica,0.749801516,-0.07674023941366426,0.07674023941366426,0.31006724465958424,FALSE,FALSE
2012-03-20,East_Antarctica,0.783211997,-0.05749464728399189,0.05749464728399189,0.31006724465958424,FALSE,FALSE
2012-03-21,East_Antarctica,0.805625526,-0.04915291995721482,0.04915291995721482,0.31006724465958424,FALSE,FALSE
2012-03-22,East_Antarctica,0.810994825,-0.05780880655152465,0.05780880655152465,0.31006724465958424,FALSE,FALSE
2012-03-23,East_Antarctica,0.837630036,-0.04519863618511199,0.04519863618511199,0.31006724465958424,FALSE,FALSE
2012-03-24,East_Antarctica,0.858876691,-0.03802334797616791,0.03802334797616791,0.31006724465958424,FALSE,FALSE
2012-03-25,East_Antarctica,0.870374336,-0.04068986704288602,0.04068986704288602,0.31006724465958424,FALSE,FALSE
2012-03-26,East_Antarctica,0.918168353,-0.00719928250345436,0.00719928250345436,0.31006724465958424,FALSE,FALSE
2012-03-27,East_Antarctica,0.942350245,0.00249343752393205,0.00249343752393205,0.31006724465958424,FALSE,FALSE
2012-03-28,East_Antarctica,0.968339392,0.01376120192108387,0.01376120192108387,0.31006724465958424,FALSE,FALSE
2012-03-29,East_Antarctica,0.979770092,0.01019183756981045,0.01019183756981045,0.31006724465958424,FALSE,FALSE
2012-03-30,East_Antarctica,0.996599932,0.01170518973545975,0.01170518973545975,0.31006724465958424,FALSE,FALSE
2012-03-31,East_Antarctica,1.012338368,0.0118206877838769,0.0118206877838769,0.31006724465958424,FALSE,FALSE
2012-04-01,East_Antarctica,1.020791477,0.00437060315887927,0.00437060315887927,0.31006724465958424,FALSE,FALSE
2012-04-02,East_Antarctica,1.029918043,-0.00266007228576214,0.00266007228576214,0.31006724465958424,FALSE,FALSE
2012-04-03,East_Antarctica,1.046223584,-0.00273961269627598,0.00273961269627598,0.31006724465958424,FALSE,FALSE
2012-04-04,East_Antarctica,1.058906763,-0.00664314721888992,0.00664314721888992,0.31006724465958424,FALSE,FALSE
2012-04-05,East_Antarctica,1.063119929,-0.01919211899983275,0.01919211899983275,0.31006724465958424,FALSE,FALSE
2012-04-06,East_Antarctica,1.063687002,-0.03553640018533377,0.03553640018533377,0.31006724465958424,FALSE,FALSE
2012-04-07,East_Antarctica,1.084759291,-0.03149847392161953,0.03149847392161953,0.31006724465958424,FALSE,FALSE
2012-04-08,East_Antarctica,1.085342746,-0.04804618235491897,0.04804618235491897,0.31006724465958424,FALSE,FALSE
2012-04-09,East_Antarctica,1.101617184,-0.04897350063146222,0.04897350063146222,0.31006724465958424,FALSE,FALSE
2012-04-10,East_Antarctica,1.116608938,-0.05122788789747457,0.05122788789747457,0.31006724465958424,FALSE,FALSE
2012-04-11,East_Antarctica,1.14316584,-0.04193546681106364,0.04193546681106364,0.31006724465958424,FALSE,FALSE
2012-04-12,East_Antarctica,1.176256165,-0.02611349928964146,0.02611349928964146,0.31006724465958424,FALSE,FALSE
2012-04-13,East_Antarctica,1.18404019,-0.03560633850121153,0.03560633850121153,0.31006724465958424,FALSE,FALSE
2012-04-14,East_Antarctica,1.220162774,-0.01677553900885287,0.01677553900885287,0.31006724465958424,FALSE,FALSE
2012-04-15,East_Antarctica,1.24480331,-0.00944812137564055,0.00944812137564055,0.31006724465958424,FALSE,FALSE
2012-04-16,East_Antarctica,1.265831354,-0.00576094316465547,0.00576094316465547,0.31006724465958424,FALSE,FALSE
2012-04-17,East_Antarctica,1.280203443,-0.00876388093897273,0.00876388093897273,0.31006724465958424,FALSE,FALSE
2012-04-18,East_Antarctica,1.271729131,-0.03465379426166892,0.03465379426166892,0.31006724465958424,FALSE,FALSE
2012-04-19,East_Antarctica,1.285569379,-0.03827613569582344,0.03827613569582344,0.31006724465958424,FALSE,FALSE
2012-04-20,East_Antarctica,1.3197365,-0.02162500580451354,0.02162500580451354,0.31006724465958424,FALSE,FALSE
2012-04-21,East_Antarctica,1.322737589,-0.03619972315081665,0.03619972315081665,0.31006724465958424,FALSE,FALSE
2012-04-22,East_Antarctica,1.327616996,-0.04896235129781146,0.04896235129781146,0.31006724465958424,FALSE,FALSE
2012-04-23,East_Antarctica,1.335988479,-0.05830554580857239,0.05830554580857239,0.31006724465958424,FALSE,FALSE
2012-04-24,East_Antarctica,1.357525132,-0.054562020086078127,0.054562020086078127,0.31006724465958424,FALSE,FALSE
2012-04-25,East_Antarctica,1.379050584,-0.0509081955504842,0.0509081955504842,0.31006724465958424,FALSE,FALSE
2012-04-26,East_Antarctica,1.38864995,-0.05925582627957282,0.05925582627957282,0.31006724465958424,FALSE,FALSE
2012-04-27,East_Antarctica,1.425773285,-0.04015169283919584,0.04015169283919584,0.31006724465958424,FALSE,FALSE
2012-04-28,East_Antarctica,1.479071363,-0.00494185679520731,0.00494185679520731,0.31006724465958424,FALSE,FALSE
2012-04-29,East_Antarctica,1.509565462,0.00739812428654107,0.00739812428654107,0.31006724465958424,FALSE,FALSE
2012-04-30,East_Antarctica,1.514325725,-0.00605844215980466,0.00605844215980466,0.31006724465958424,FALSE,FALSE
2012-05-01,East_Antarctica,1.522103983,-0.01655656070009747,0.01655656070009747,0.31006724465958424,FALSE,FALSE
2012-05-02,East_Antarctica,1.518468865,-0.03852443790018811,0.03852443790018811,0.31006724465958424,FALSE,FALSE
2012-05-03,East_Antarctica,1.510063486,-0.06531579432593237,0.06531579432593237,0.31006724465958424,FALSE,FALSE
2012-05-04,East_Antarctica,1.520040841,-0.07377447054318154,0.07377447054318154,0.31006724465958424,FALSE,FALSE
2012-05-05,East_Antarctica,1.531715392,-0.08058284011778793,0.08058284011778793,0.31006724465958424,FALSE,FALSE
2012-05-06,East_Antarctica,1.592033383,-0.03879149161909989,0.03879149161909989,0.31006724465958424,FALSE,FALSE
2012-05-07,East_Antarctica,1.645621453,-0.00376894801717342,0.00376894801717342,0.31006724465958424,FALSE,FALSE
2012-05-08,East_Antarctica,1.673577092,0.00559156497198487,0.00559156497198487,0.31006724465958424,FALSE,FALSE
2012-05-09,East_Antarctica,1.665738382,-0.02086185479862301,0.02086185479862301,0.31006724465958424,FALSE,FALSE
2012-05-10,East_Antarctica,1.637229901,-0.06799461347599212,0.06799461347599212,0.31006724465958424,FALSE,FALSE
2012-05-11,East_Antarctica,1.594407388,-0.12944095620712015,0.12944095620712015,0.31006724465958424,FALSE,FALSE
2012-05-12,East_Antarctica,1.614800217,-0.12766149313900033,0.12766149313900033,0.31006724465958424,FALSE,FALSE
2012-05-13,East_Antarctica,1.623150036,-0.13790456041863086,0.13790456041863086,0.31006724465958424,FALSE,FALSE
2012-05-14,East_Antarctica,1.646986909,-0.13263007819300676,0.13263007819300676,0.31006724465958424,FALSE,FALSE
2012-05-15,East_Antarctica,1.696422863,-0.10171600360912623,0.10171600360912623,0.31006724465958424,FALSE,FALSE
2012-05-16,East_Antarctica,1.754205259,-0.06240495981398175,0.06240495981398175,0.31006724465958424,FALSE,FALSE
2012-05-17,East_Antarctica,1.767407734,-0.06761329395457505,0.06761329395457505,0.31006724465958424,FALSE,FALSE
2012-05-18,East_Antarctica,1.786528048,-0.06683323017789711,0.06683323017789711,0.31006724465958424,FALSE,FALSE
2012-05-19,East_Antarctica,1.788380645,-0.08323987904870633,0.08323987904870633,0.31006724465958424,FALSE,FALSE
2012-05-20,East_Antarctica,1.809302345,-0.08047813640956414,0.08047813640956414,0.31006724465958424,FALSE,FALSE
2012-05-21,East_Antarctica,1.847343624,-0.06047239353853273,0.06047239353853273,0.31006724465958424,FALSE,FALSE
2012-05-22,East_Antarctica,1.868648725,-0.05705304429565272,0.05705304429565272,0.31006724465958424,FALSE,FALSE
2012-05-23,East_Antarctica,1.912834691,-0.03057768254097714,0.03057768254097714,0.31006724465958424,FALSE,FALSE
2012-05-24,East_Antarctica,1.92531417,-0.03560829713455127,0.03560829713455127,0.31006724465958424,FALSE,FALSE
2012-05-25,East_Antarctica,1.95763881,-0.02056787693642148,0.02056787693642148,0.31006724465958424,FALSE,FALSE
2012-05-26,East_Antarctica,1.96850968,-0.02672998980663421,0.02672998980663421,0.31006724465958424,FALSE,FALSE
2012-05-27,East_Antarctica,2.038337785,0.02634173239476212,0.02634173239476212,0.31006724465958424,FALSE,FALSE
2012-05-28,East_Antarctica,2.10027841,0.07182793780772068,0.07182793780772068,0.31006724465958424,FALSE,FALSE
2012-05-29,East_Antarctica,2.12882659,0.08424902457219696,0.08424902457219696,0.31006724465958424,FALSE,FALSE
2012-05-30,East_Antarctica,2.179025513,0.11867354382813966,0.11867354382813966,0.31006724465958424,FALSE,FALSE
2012-05-31,East_Antarctica,2.204999099,0.12925077871550572,0.12925077871550572,0.31006724465958424,FALSE,FALSE
2012-06-01,East_Antarctica,2.206234663,0.11548097228738552,0.11548097228738552,0.31006724465958424,FALSE,FALSE
2012-06-02,East_Antarctica,2.212469931,0.10705961319354484,0.10705961319354484,0.31006724465958424,FALSE,FALSE
2012-06-03,East_Antarctica,2.215871641,0.09609590973658966,0.09609590973658966,0.31006724465958424,FALSE,FALSE
2012-06-04,East_Antarctica,2.21836291,0.08445544865265697,0.08445544865265697,0.31006724465958424,FALSE,FALSE
2012-06-05,East_Antarctica,2.215384084,0.06752104567788253,0.06752104567788253,0.31006724465958424,FALSE,FALSE
2012-06-06,East_Antarctica,2.231315155,0.069615162548405607,0.069615162548405607,0.31006724465958424,FALSE,FALSE
2012-06-07,East_Antarctica,2.267303864,0.09182801000036322,0.09182801000036322,0.31006724465958424,FALSE,FALSE
2012-06-08,East_Antarctica,2.320935518,0.13168736476989107,0.13168736476989107,0.31006724465958424,FALSE,FALSE
2012-06-09,East_Antarctica,2.411120676,0.20804625559313103,0.20804625559313103,0.31006724465958424,FALSE,FALSE
2012-06-10,East_Antarctica,2.430423384,0.21341119820621568,0.21341119820621568,0.31006724465958424,FALSE,FALSE
2012-06-11,East_Antarctica,2.424930119,0.1938111393452853,0.1938111393452853,0.31006724465958424,FALSE,FALSE
2012-06-12,East_Antarctica,2.419821859,0.17436952674647666,0.17436952674647666,0.31006724465958424,FALSE,FALSE
2012-06-13,East_Antarctica,2.362258816,0.10219017440976597,0.10219017440976597,0.31006724465958424,FALSE,FALSE
2012-06-14,East_Antarctica,2.316648811,0.04167442022096024,0.04167442022096024,0.31006724465958424,FALSE,FALSE
2012-06-15,East_Antarctica,2.286966263,-0.00314132391779065,0.00314132391779065,0.31006724465958424,FALSE,FALSE
2012-06-16,East_Antarctica,2.293306618,-0.01209465790020525,0.01209465790020525,0.31006724465958424,FALSE,FALSE
2012-06-17,East_Antarctica,2.316469465,-0.00431903861998561,0.00431903861998561,0.31006724465958424,FALSE,FALSE
2012-06-18,East_Antarctica,2.334161545,-0.00204077097085075,0.00204077097085075,0.31006724465958424,FALSE,FALSE
2012-06-19,East_Antarctica,2.357632494,0.00605673515349014,0.00605673515349014,0.31006724465958424,FALSE,FALSE
2012-06-20,East_Antarctica,2.360620658,-0.00622122014067327,0.00622122014067327,0.31006724465958424,FALSE,FALSE
2012-06-21,East_Antarctica,2.356373255,-0.02556046474705553,0.02556046474705553,0.31006724465958424,FALSE,FALSE
2012-06-22,East_Antarctica,2.400542731,0.00375840144063444,0.00375840144063444,0.31006724465958424,FALSE,FALSE
2012-06-23,East_Antarctica,2.395427797,-0.015898956471315,0.015898956471315,0.31006724465958424,FALSE,FALSE
2012-06-24,East_Antarctica,2.42397992,-0.00151411737661888,0.00151411737661888,0.31006724465958424,FALSE,FALSE
2012-06-25,East_Antarctica,2.47378828,0.03456905283101719,0.03456905283101719,0.31006724465958424,FALSE,FALSE
2012-06-26,East_Antarctica,2.50842469,0.05597980150064607,0.05597980150064607,0.31006724465958424,FALSE,FALSE
2012-06-27,East_Antarctica,2.526804403,0.06161887988535852,0.06161887988535852,0.31006724465958424,FALSE,FALSE
2012-06-28,East_Antarctica,2.508072631,0.03058412780830588,0.03058412780830588,0.31006724465958424,FALSE,FALSE
2012-06-29,East_Antarctica,2.474296663,-0.0151047069110155,0.0151047069110155,0.31006724465958424,FALSE,FALSE
2012-06-30,East_Antarctica,2.481674769,-0.01929689545311364,0.01929689545311364,0.31006724465958424,FALSE,FALSE
2012-07-01,East_Antarctica,2.541238425,0.02899149700150083,0.02899149700150083,0.31006724465958424,FALSE,FALSE
2012-07-02,East_Antarctica,2.560270367,0.03699566527232489,0.03699566527232489,0.31006724465958424,FALSE,FALSE
2012-07-03,East_Antarctica,2.626485423,0.0923828961788482,0.0923828961788482,0.31006724465958424,FALSE,FALSE
2012-07-04,East_Antarctica,2.641214822,0.09643687754056528,0.09643687754056528,0.31006724465958424,FALSE,FALSE
2012-07-05,East_Antarctica,2.651826173,0.09647767717696798,0.09647767717696798,0.31006724465958424,FALSE,FALSE
2012-07-06,East_Antarctica,2.666273374,0.10041165190754996,0.10041165190754996,0.31006724465958424,FALSE,FALSE
2012-07-07,East_Antarctica,2.658151068,0.08178590355180404,0.08178590355180404,0.31006724465958424,FALSE,FALSE
2012-07-08,East_Antarctica,2.678557316,0.09165100937337334,0.09165100937337334,0.31006724465958424,FALSE,FALSE
2012-07-09,East_Antarctica,2.71379333,0.11627187025747387,0.11627187025747387,0.31006724465958424,FALSE,FALSE
2012-07-10,East_Antarctica,2.717448531,0.10922604708614748,0.10922604708614748,0.31006724465958424,FALSE,FALSE
2012-07-11,East_Antarctica,2.709459594,0.09044159049603406,0.09044159049603406,0.31006724465958424,FALSE,FALSE
2012-07-12,East_Antarctica,2.720400983,0.09048434012377228,0.09048434012377228,0.31006724465958424,FALSE,FALSE
2012-07-13,East_Antarctica,2.711362814,0.07043578760600733,0.07043578760600733,0.31006724465958424,FALSE,FALSE
2012-07-14,East_Antarctica,2.705896621,0.05383884257937943,0.05383884257937943,0.31006724465958424,FALSE,FALSE
2012-07-15,East_Antarctica,2.715268314,0.05195079068053188,0.05195079068053188,0.31006724465958424,FALSE,FALSE
2012-07-16,East_Antarctica,2.741940976,0.06722609054610373,0.06722609054610373,0.31006724465958424,FALSE,FALSE
2012-07-17,East_Antarctica,2.788018485,0.10175999581273933,0.10175999581273933,0.31006724465958424,FALSE,FALSE
2012-07-18,East_Antarctica,2.824097333,0.12614037411707812,0.12614037411707812,0.31006724465958424,FALSE,FALSE
2012-07-19,East_Antarctica,2.775783568,0.0659646490957635,0.0659646490957635,0.31006724465958424,FALSE,FALSE
2012-07-20,East_Antarctica,2.769097279,0.04724428538543579,0.04724428538543579,0.31006724465958424,FALSE,FALSE
2012-07-21,East_Antarctica,2.762846208,0.02878095721397411,0.02878095721397411,0.31006724465958424,FALSE,FALSE
2012-07-22,East_Antarctica,2.78877682,0.04235034864250631,0.04235034864250631,0.31006724465958424,FALSE,FALSE
2012-07-23,East_Antarctica,2.801246106,0.04236439170530293,0.04236439170530293,0.31006724465958424,FALSE,FALSE
2012-07-24,East_Antarctica,2.803313005,0.03193754991107589,0.03193754991107589,0.31006724465958424,FALSE,FALSE
2012-07-25,East_Antarctica,2.846304837,0.06245266776853508,0.06245266776853508,0.31006724465958424,FALSE,FALSE
2012-07-26,East_Antarctica,2.914791334,0.11853500178638798,0.11853500178638798,0.31006724465958424,FALSE,FALSE
2012-07-27,East_Antarctica,2.907936528,0.09940410847334658,0.09940410847334658,0.31006724465958424,FALSE,FALSE
2012-07-28,East_Antarctica,2.935850204,0.1152252973381227,0.1152252973381227,0.31006724465958424,FALSE,FALSE
2012-07-29,East_Antarctica,2.942679031,0.11020076188942383,0.11020076188942383,0.31006724465958424,FALSE,FALSE
2012-07-30,East_Antarctica,2.946968948,0.1029319656359613,0.1029319656359613,0.31006724465958424,FALSE,FALSE
2012-07-31,East_Antarctica,2.972044455,0.11679893308644652,0.11679893308644652,0.31006724465958424,FALSE,FALSE
2012-08-01,East_Antarctica,2.99270535,0.1266569867495857,0.1266569867495857,0.31006724465958424,FALSE,FALSE
2012-08-02,East_Antarctica,3.011967052,0.13557706940093173,0.13557706940093173,0.31006724465958424,FALSE,FALSE
2012-08-03,East_Antarctica,3.036841291,0.15060664238220856,0.15060664238220856,0.31006724465958424,FALSE,FALSE
2012-08-04,East_Antarctica,3.022609997,0.12699196808093793,0.12699196808093793,0.31006724465958424,FALSE,FALSE
2012-08-05,East_Antarctica,3.019570962,0.11497907651853856,0.11497907651853856,0.31006724465958424,FALSE,FALSE
2012-08-06,East_Antarctica,3.016089815,0.10288183471642932,0.10288183471642932,0.31006724465958424,FALSE,FALSE
2012-08-07,East_Antarctica,3.030078196,0.10856012069603072,0.10856012069603072,0.31006724465958424,FALSE,FALSE
2012-08-08,East_Antarctica,3.058869269,0.12929533647876257,0.12929533647876257,0.31006724465958424,FALSE,FALSE
2012-08-09,East_Antarctica,3.06578134,0.12835402608604252,0.12835402608604252,0.31006724465958424,FALSE,FALSE
2012-08-10,East_Antarctica,3.075056683,0.1299267015392913,0.1299267015392913,0.31006724465958424,FALSE,FALSE
2012-08-11,East_Antarctica,3.047010031,0.09427633385992797,0.09427633385992797,0.31006724465958424,FALSE,FALSE
2012-08-12,East_Antarctica,2.999525691,0.03923546806937139,0.03923546806937139,0.31006724465958424,FALSE,FALSE
2012-08-13,East_Antarctica,2.974360476,0.00650915518904371,0.00650915518904371,0.31006724465958424,FALSE,FALSE
2012-08-14,East_Antarctica,2.941879831,-0.0335889217596379,0.0335889217596379,0.31006724465958424,FALSE,FALSE
2012-08-15,East_Antarctica,2.931163762,-0.0520289864595278,0.0520289864595278,0.31006724465958424,FALSE,FALSE
2012-08-16,East_Antarctica,2.972073557,-0.01895443716568712,0.01895443716568712,0.31006724465958424,FALSE,FALSE
2012-08-17,East_Antarctica,2.990022657,-0.00890439108819096,0.00890439108819096,0.31006724465958424,FALSE,FALSE
2012-08-18,East_Antarctica,2.983022846,-0.02381676568551505,0.02381676568551505,0.31006724465958424,FALSE,FALSE
2012-08-19,East_Antarctica,2.980994335,-0.03372105141612414,0.03372105141612414,0.31006724465958424,FALSE,FALSE
2012-08-20,East_Antarctica,3.020744781,-0.00175929273848973,0.00175929273848973,0.31006724465958424,FALSE,FALSE
2012-08-21,East_Antarctica,3.069961304,0.03980592888891943,0.03980592888891943,0.31006724465958424,FALSE,FALSE
2012-08-22,East_Antarctica,3.119130946,0.08151195400763189,0.08151195400763189,0.31006724465958424,FALSE,FALSE
2012-08-23,East_Antarctica,3.091887409,0.04704278315918131,0.04704278315918131,0.31006724465958424,FALSE,FALSE
2012-08-24,East_Antarctica,3.068018628,0.01623664988509698,0.01623664988509698,0.31006724465958424,FALSE,FALSE
2012-08-25,East_Antarctica,3.056304703,-0.00207604727309096,0.00207604727309096,0.31006724465958424,FALSE,FALSE
2012-08-26,East_Antarctica,3.099631067,0.03504042322614831,0.03504042322614831,0.31006724465958424,FALSE,FALSE
2012-08-27,East_Antarctica,3.214321788,0.14396042792434782,0.14396042792434782,0.31006724465958424,FALSE,FALSE
2012-08-28,East_Antarctica,3.224583731,0.14893213873806488,0.14893213873806488,0.31006724465958424,FALSE,FALSE
2012-08-29,East_Antarctica,3.23469646,0.15422177822076222,0.15422177822076222,0.31006724465958424,FALSE,FALSE
2012-08-30,East_Antarctica,3.220032854,0.135168350794987,0.135168350794987,0.31006724465958424,FALSE,FALSE
2012-08-31,East_Antarctica,3.212354079,0.12349911105358968,0.12349911105358968,0.31006724465958424,FALSE,FALSE
2012-09-01,East_Antarctica,3.219099858,0.1266198705894226,0.1266198705894226,0.31006724465958424,FALSE,FALSE
2012-09-02,East_Antarctica,3.21150209,0.11572861699533464,0.11572861699533464,0.31006724465958424,FALSE,FALSE
2012-09-03,East_Antarctica,3.221059182,0.12228984586418123,0.12228984586418123,0.31006724465958424,FALSE,FALSE
2012-09-04,East_Antarctica,3.275397063,0.1738955747888129,0.1738955747888129,0.31006724465958424,FALSE,FALSE
2012-09-05,East_Antarctica,3.345150668,0.24114682736207935,0.24114682736207935,0.31006724465958424,FALSE,FALSE
2012-09-06,East_Antarctica,3.372650849,0.2663405441768343,0.2663405441768343,0.31006724465958424,FALSE,FALSE
2012-09-07,East_Antarctica,3.359680476,0.25122568382592547,0.25122568382592547,0.31006724465958424,FALSE,FALSE
2012-09-08,East_Antarctica,3.384490571,0.2740193569022118,0.2740193569022118,0.31006724465958424,FALSE,FALSE
2012-09-09,East_Antarctica,3.426900493,0.31450706280647545,0.31450706280647545,0.31006724465958424,TRUE,FALSE
2012-09-10,East_Antarctica,3.434146909,0.31989652715217964,0.31989652715217964,0.31006724465958424,TRUE,FALSE
2012-09-11,East_Antarctica,3.425302374,0.3092402635900897,0.3092402635900897,0.31006724465958424,FALSE,FALSE
2012-09-12,East_Antarctica,3.542035026,0.4241873058673096,0.4241873058673096,0.31006724465958424,TRUE,TRUE
2012-09-13,East_Antarctica,3.604204973,0.48457865773094566,0.48457865773094566,0.31006724465958424,TRUE,TRUE
2012-09-14,East_Antarctica,3.567429269,0.4460122689280994,0.4460122689280994,0.31006724465958424,TRUE,TRUE
2012-09-15,East_Antarctica,3.571094733,0.44785585420587815,0.44785585420587815,0.31006724465958424,TRUE,TRUE
2012-09-16,East_Antarctica,3.573636056,0.4485250003113848,0.4485250003113848,0.31006724465958424,TRUE,TRUE
2012-09-17,East_Antarctica,3.573857113,0.4468044779917242,0.4468044779917242,0.31006724465958424,TRUE,TRUE
2012-09-18,East_Antarctica,3.562462836,0.4333801149940011,0.4333801149940011,0.31006724465958424,TRUE,TRUE
2012-09-19,East_Antarctica,3.568673223,0.4374528050653206,0.4374528050653206,0.31006724465958424,TRUE,TRUE
2012-09-20,East_Antarctica,3.598010143,0.46452531295278554,0.46452531295278554,0.31006724465958424,TRUE,TRUE
2012-09-21,East_Antarctica,3.595699229,0.4598041674035005,0.4598041674035005,0.31006724465958424,TRUE,TRUE
2012-09-22,East_Antarctica,3.566822124,0.4283579941201636,0.4283579941201636,0.31006724465958424,TRUE,TRUE
2012-09-23,East_Antarctica,3.520840811,0.37970092651289455,0.37970092651289455,0.31006724465958424,TRUE,TRUE
2012-09-24,East_Antarctica,3.501234103,0.35740345972490273,0.35740345972490273,0.31006724465958424,TRUE,TRUE
2012-09-25,East_Antarctica,3.545370384,0.39892621457322663,0.39892621457322663,0.31006724465958424,TRUE,TRUE
2012-09-26,East_Antarctica,3.523223205,0.3743349788748995,0.3743349788748995,0.31006724465958424,TRUE,TRUE
2012-09-27,East_Antarctica,3.459067358,0.3079967814469615,0.3079967814469615,0.31006724465958424,FALSE,FALSE
2012-09-28,East_Antarctica,3.462967136,0.3100681521064472,0.3100681521064472,0.31006724465958424,TRUE,TRUE
2012-09-29,East_Antarctica,3.497960996,0.3436797846703943,0.3436797846703943,0.31006724465958424,TRUE,TRUE
2012-09-30,East_Antarctica,3.526498872,0.3713738499558379,0.3713738499558379,0.31006724465958424,TRUE,TRUE
2012-10-01,East_Antarctica,3.562190333,0.40685215377981754,0.40685215377981754,0.31006724465958424,TRUE,TRUE
2012-10-02,East_Antarctica,3.597960948,0.4431325019593695,0.4431325019593695,0.31006724465958424,TRUE,TRUE
2012-10-03,East_Antarctica,3.58778256,0.43427897431152696,0.43427897431152696,0.31006724465958424,TRUE,TRUE
2012-10-04,East_Antarctica,3.579933858,0.42866246889254134,0.42866246889254134,0.31006724465958424,TRUE,TRUE
2012-10-05,East_Antarctica,3.576303159,0.4282299314857067,0.4282299314857067,0.31006724465958424,TRUE,TRUE
2012-10-06,East_Antarctica,3.567191252,0.4232420018460696,0.4232420018460696,0.31006724465958424,TRUE,TRUE
2012-10-07,East_Antarctica,3.549992056,0.4110343784831936,0.4110343784831936,0.31006724465958424,TRUE,TRUE
2012-10-08,East_Antarctica,3.498475509,0.3653187789066421,0.3653187789066421,0.31006724465958424,TRUE,TRUE
2012-10-09,East_Antarctica,3.498817969,0.3722133406259824,0.3722133406259824,0.31006724465958424,TRUE,TRUE
2012-10-10,East_Antarctica,3.482263836,0.3629042431507785,0.3629042431507785,0.31006724465958424,TRUE,TRUE
2012-10-11,East_Antarctica,3.462140804,0.3506609599905901,0.3506609599905901,0.31006724465958424,TRUE,TRUE
2012-10-12,East_Antarctica,3.44357669,0.34055308765498493,0.34055308765498493,0.31006724465958424,TRUE,TRUE
2012-10-13,East_Antarctica,3.449962053,0.3559129646535282,0.3559129646535282,0.31006724465958424,TRUE,TRUE
2012-10-14,East_Antarctica,3.437986653,0.353372130495782,0.353372130495782,0.31006724465958424,TRUE,TRUE
2012-10-15,East_Antarctica,3.386806367,0.3120282416913156,0.3120282416913156,0.31006724465958424,TRUE,TRUE
2012-10-16,East_Antarctica,3.39813503,0.3335369127496852,0.3335369127496852,0.31006724465958424,TRUE,TRUE
2012-10-17,East_Antarctica,3.408737321,0.35460790202491843,0.35460790202491843,0.31006724465958424,TRUE,TRUE
2012-10-18,East_Antarctica,3.403972822,0.3606159585895483,0.3606159585895483,0.31006724465958424,TRUE,TRUE
2012-10-19,East_Antarctica,3.420130517,0.3879322384466013,0.3879322384466013,0.31006724465958424,TRUE,TRUE
2012-10-20,East_Antarctica,3.423722177,0.40315336749486885,0.40315336749486885,0.31006724465958424,TRUE,TRUE
2012-10-21,East_Antarctica,3.387061467,0.3786778656331342,0.3786778656331342,0.31006724465958424,TRUE,TRUE
2012-10-22,East_Antarctica,3.304007416,0.3084496167601918,0.3084496167601918,0.31006724465958424,FALSE,FALSE
2012-10-23,East_Antarctica,3.236895611,0.25488906277482526,0.25488906277482526,0.31006724465958424,FALSE,FALSE
2012-10-24,East_Antarctica,3.233341898,0.26569690457582373,0.26569690457582373,0.31006724465958424,FALSE,FALSE
2012-10-25,East_Antarctica,3.224819289,0.2724310090619775,0.2724310090619775,0.31006724465958424,FALSE,FALSE
2012-10-26,East_Antarctica,3.236099091,0.29994753813207176,0.29994753813207176,0.31006724465958424,FALSE,FALSE
2012-10-27,East_Antarctica,3.219898544,0.30104858668489554,0.30104858668489554,0.31006724465958424,FALSE,FALSE
2012-10-28,East_Antarctica,3.243012061,0.34261342261923744,0.34261342261923744,0.31006724465958424,TRUE,TRUE
2012-10-29,East_Antarctica,3.239370389,0.35865764783388476,0.35865764783388476,0.31006724465958424,TRUE,TRUE
2012-10-30,East_Antarctica,3.23118845,0.3714686285802502,0.3714686285802502,0.31006724465958424,TRUE,TRUE
2012-10-31,East_Antarctica,3.256959447,0.4195509242084903,0.4195509242084903,0.31006724465958424,TRUE,TRUE
2012-11-01,East_Antarctica,3.293268222,0.4794819692393064,0.4794819692393064,0.31006724465958424,TRUE,TRUE
2012-11-02,East_Antarctica,3.2955031,0.5066426761491831,0.5066426761491831,0.31006724465958424,TRUE,TRUE
2012-11-03,East_Antarctica,3.248198428,0.4855599794146106,0.4855599794146106,0.31006724465958424,TRUE,TRUE
2012-11-04,East_Antarctica,3.185670262,0.45054252251207894,0.45054252251207894,0.31006724465958424,TRUE,TRUE
2012-11-05,East_Antarctica,3.078430724,0.3720950149180715,0.3720950149180715,0.31006724465958424,TRUE,TRUE
2012-11-06,East_Antarctica,3.005711893,0.3294421231090814,0.3294421231090814,0.31006724465958424,TRUE,TRUE
2012-11-07,East_Antarctica,2.977202797,0.3322654625615935,0.3322654625615935,0.31006724465958424,TRUE,TRUE
2012-11-08,East_Antarctica,2.956218809,0.34387299375209723,0.34387299375209723,0.31006724465958424,TRUE,TRUE
2012-11-09,East_Antarctica,2.924679248,0.34617662315708175,0.34617662315708175,0.31006724465958424,TRUE,TRUE
2012-11-10,East_Antarctica,2.886525797,0.3431106212530337,0.3431106212530337,0.31006724465958424,TRUE,TRUE
2012-11-11,East_Antarctica,2.830902771,0.3238109829517364,0.3238109829517364,0.31006724465958424,TRUE,TRUE
2012-11-12,East_Antarctica,2.787161677,0.31757068959293244,0.31757068959293244,0.31006724465958424,TRUE,TRUE
2012-11-13,East_Antarctica,2.688271071,0.2572243020655711,0.2572243020655711,0.31006724465958424,FALSE,FALSE
2012-11-14,East_Antarctica,2.573757998,0.18215864527227943,0.18215864527227943,0.31006724465958424,FALSE,FALSE
2012-11-15,East_Antarctica,2.495101034,0.14371207511568107,0.14371207511568107,0.31006724465958424,FALSE,FALSE
2012-11-16,East_Antarctica,2.417721568,0.1071657604984022,0.1071657604984022,0.31006724465958424,FALSE,FALSE
2012-11-17,East_Antarctica,2.326041634,0.05680151532306432,0.05680151532306432,0.31006724465958424,FALSE,FALSE
2012-11-18,East_Antarctica,2.25112798,0.02354586749229348,0.02354586749229348,0.31006724465958424,FALSE,FALSE
2012-11-19,East_Antarctica,2.199672307,0.01395029790871582,0.01395029790871582,0.31006724465958424,FALSE,FALSE
2012-11-20,East_Antarctica,2.123752051,-0.02004797752504483,0.02004797752504483,0.31006724465958424,FALSE,FALSE
2012-11-21,East_Antarctica,2.026852666,-0.07510372490636374,0.07510372490636374,0.31006724465958424,FALSE,FALSE
2012-11-22,East_Antarctica,1.97528327,-0.08504804633261798,0.08504804633261798,0.31006724465958424,FALSE,FALSE
2012-11-23,East_Antarctica,1.935369647,-0.08369537790118065,0.08369537790118065,0.31006724465958424,FALSE,FALSE
2012-11-24,East_Antarctica,1.918499696,-0.05978955306566225,0.05978955306566225,0.31006724465958424,FALSE,FALSE
2012-11-25,East_Antarctica,1.893384303,-0.04467963121076934,0.04467963121076934,0.31006724465958424,FALSE,FALSE
2012-11-26,East_Antarctica,1.854712378,-0.04370055132186024,0.04370055132186024,0.31006724465958424,FALSE,FALSE
2012-11-27,East_Antarctica,1.818060446,-0.04129936397503275,0.04129936397503275,0.31006724465958424,FALSE,FALSE
2012-11-28,East_Antarctica,1.77882311,-0.04210504174638885,0.04210504174638885,0.31006724465958424,FALSE,FALSE
2012-11-29,East_Antarctica,1.715359954,-0.06778157621202419,0.06778157621202419,0.31006724465958424,FALSE,FALSE
2012-11-30,East_Antarctica,1.666419058,-0.07960446294803991,0.07960446294803991,0.31006724465958424,FALSE,FALSE
2012-12-01,East_Antarctica,1.623441742,-0.08615595753053329,0.08615595753053329,0.31006724465958424,FALSE,FALSE
2012-12-02,East_Antarctica,1.609704166,-0.06418347553560522,0.06418347553560522,0.31006724465958424,FALSE,FALSE
2012-12-03,East_Antarctica,1.559428086,-0.07948883653935401,0.07948883653935401,0.31006724465958424,FALSE,FALSE
2012-12-04,East_Antarctica,1.546384731,-0.05832438711787779,0.05832438711787779,0.31006724465958424,FALSE,FALSE
2012-12-05,East_Antarctica,1.519564702,-0.05172310184727724,0.05172310184727724,0.31006724465958424,FALSE,FALSE
2012-12-06,East_Antarctica,1.484746165,-0.05393036631779635,0.05393036631779635,0.31006724465958424,FALSE,FALSE
2012-12-07,East_Antarctica,1.469762675,-0.03712873114303727,0.03712873114303727,0.31006724465958424,FALSE,FALSE
2012-12-08,East_Antarctica,1.439184942,-0.03674563497494887,0.03674563497494887,0.31006724465958424,FALSE,FALSE
2012-12-09,East_Antarctica,1.424172833,-0.02161670682190397,0.02161670682190397,0.31006724465958424,FALSE,FALSE
2012-12-10,East_Antarctica,1.421209032,0.00474524130771691,0.00474524130771691,0.31006724465958424,FALSE,FALSE
2012-12-11,East_Antarctica,1.41580432,0.02785549440553758,0.02785549440553758,0.31006724465958424,FALSE,FALSE
2012-12-12,East_Antarctica,1.413236434,0.05299629346318357,0.05299629346318357,0.31006724465958424,FALSE,FALSE
2012-12-13,East_Antarctica,1.398229698,0.06489646647227709,0.06489646647227709,0.31006724465958424,FALSE,FALSE
2012-12-14,East_Antarctica,1.373976439,0.06675284442444229,0.06675284442444229,0.31006724465958424,FALSE,FALSE
2012-12-15,East_Antarctica,1.352272089,0.07036536331130216,0.07036536331130216,0.31006724465958424,FALSE,FALSE
2012-12-16,East_Antarctica,1.320954441,0.06357632012448078,0.06357632012448078,0.31006724465958424,FALSE,FALSE
2012-12-17,East_Antarctica,1.300488567,0.06685529085559949,0.06685529085559949,0.31006724465958424,FALSE,FALSE
2012-12-18,East_Antarctica,1.310225534,0.09955784649628496,0.09955784649628496,0.31006724465958424,FALSE,FALSE
2012-12-19,East_Antarctica,1.292633001,0.1041569565216658,0.1041569565216658,0.31006724465958424,FALSE,FALSE
2012-12-20,East_Antarctica,1.286541243,0.11950095846564146,0.11950095846564146,0.31006724465958424,FALSE,FALSE
2012-12-21,East_Antarctica,1.279934438,0.13360227182318818,0.13360227182318818,0.31006724465958424,FALSE,FALSE
2012-12-22,East_Antarctica,1.270227656,0.14390449174560227,0.14390449174560227,0.31006724465958424,FALSE,FALSE
2012-12-23,East_Antarctica,1.257094975,0.15011022138418073,0.15011022138418073,0.31006724465958424,FALSE,FALSE
2012-12-24,East_Antarctica,1.219326367,0.13103795789021944,0.13103795789021944,0.31006724465958424,FALSE,FALSE
2012-12-25,East_Antarctica,1.197181865,0.12697625941501411,0.12697625941501411,0.31006724465958424,FALSE,FALSE
2012-12-26,East_Antarctica,1.170905884,0.1181980661098605,0.1181980661098605,0.31006724465958424,FALSE,FALSE
2012-12-27,East_Antarctica,1.141735876,0.10596935512605545,0.10596935512605545,0.31006724465958424,FALSE,FALSE
2012-12-28,East_Antarctica,1.126150188,0.10679699861489644,0.10679699861489644,0.31006724465958424,FALSE,FALSE
2012-12-29,East_Antarctica,1.126719401,0.12328010272767842,0.12328010272767842,0.31006724465958424,FALSE,FALSE
2012-12-30,East_Antarctica,1.126106274,0.1381099516156955,0.1381099516156955,0.31006724465958424,FALSE,FALSE
2012-12-31,East_Antarctica,1.119928207,0.1469324704302457,0.1469324704302457,0.31006724465958424,FALSE,FALSE
2013-01-01,East_Antarctica,1.102359455,0.12936371843024597,0.12936371843024597,0.31006724465958424,FALSE,FALSE
2013-01-02,East_Antarctica,1.100477122,0.14206700334385214,0.14206700334385214,0.31006724465958424,FALSE,FALSE
2013-01-03,East_Antarctica,1.082568799,0.13835234061392865,0.13835234061392865,0.31006724465958424,FALSE,FALSE
2013-01-04,East_Antarctica,1.08015788,0.14976503151912124,0.14976503151912124,0.31006724465958424,FALSE,FALSE
2013-01-05,East_Antarctica,1.074144107,0.15722672533807625,0.15722672533807625,0.31006724465958424,FALSE,FALSE
2013-01-06,East_Antarctica,1.072245559,0.16847740834943117,0.16847740834943117,0.31006724465958424,FALSE,FALSE
2013-01-07,East_Antarctica,1.090848004,0.1999247558318331,0.1999247558318331,0.31006724465958424,FALSE,FALSE
2013-01-08,East_Antarctica,1.088345804,0.20998503706392535,0.20998503706392535,0.31006724465958424,FALSE,FALSE
2013-01-09,East_Antarctica,1.078633762,0.2125749623243488,0.2125749623243488,0.31006724465958424,FALSE,FALSE
2013-01-10,East_Antarctica,1.069082155,0.21508671589175032,0.21508671589175032,0.31006724465958424,FALSE,FALSE
2013-01-11,East_Antarctica,1.05889024,0.2167414620447703,0.2167414620447703,0.31006724465958424,FALSE,FALSE
2013-01-12,East_Antarctica,1.057729056,0.2272321470620534,0.2272321470620534,0.31006724465958424,FALSE,FALSE
2013-01-13,East_Antarctica,1.02527822,0.20626029522224287,0.20626029522224287,0.31006724465958424,FALSE,FALSE
2013-01-14,East_Antarctica,1.000584956,0.1928947029725553,0.1928947029725553,0.31006724465958424,FALSE,FALSE
2013-01-15,East_Antarctica,0.980143807,0.18363947038867412,0.18363947038867412,0.31006724465958424,FALSE,FALSE
2013-01-16,East_Antarctica,0.965519848,0.1800541768584174,0.1800541768584174,0.31006724465958424,FALSE,FALSE
2013-01-17,East_Antarctica,0.957751297,0.1831705927864974,0.1831705927864974,0.31006724465958424,FALSE,FALSE
2013-01-18,East_Antarctica,0.955394467,0.1915385835776282,0.1915385835776282,0.31006724465958424,FALSE,FALSE
2013-01-19,East_Antarctica,0.949501812,0.19620415563652205,0.19620415563652205,0.31006724465958424,FALSE,FALSE
2013-01-20,East_Antarctica,0.945262588,0.20235011736789144,0.20235011736789144,0.31006724465958424,FALSE,FALSE
2013-01-21,East_Antarctica,0.938043444,0.20533667017644952,0.20533667017644952,0.31006724465958424,FALSE,FALSE
2013-01-22,East_Antarctica,0.940298426,0.21761141246690976,0.21761141246690976,0.31006724465958424,FALSE,FALSE
2013-01-23,East_Antarctica,0.943857934,0.23099829664398375,0.23099829664398375,0.31006724465958424,FALSE,FALSE
2013-01-24,East_Antarctica,0.942845643,0.23961455011238508,0.23961455011238508,0.31006724465958424,FALSE,FALSE
2013-01-25,East_Antarctica,0.933866457,0.24005862927682664,0.24005862927682664,0.31006724465958424,FALSE,FALSE
2013-01-26,East_Antarctica,0.929650572,0.24505428254202155,0.24505428254202155,0.31006724465958424,FALSE,FALSE
2013-01-27,East_Antarctica,0.91699335,0.24139124319855276,0.24139124319855276,0.31006724465958424,FALSE,FALSE
2013-01-28,East_Antarctica,0.917062263,0.2502368979512686,0.2502368979512686,0.31006724465958424,FALSE,FALSE
2013-01-29,East_Antarctica,0.904839023,0.24657517211955304,0.24657517211955304,0.31006724465958424,FALSE,FALSE
2013-01-30,East_Antarctica,0.903045027,0.25312968342735565,0.25312968342735565,0.31006724465958424,FALSE,FALSE
2013-01-31,East_Antarctica,0.88792696,0.24614933759862756,0.24614933759862756,0.31006724465958424,FALSE,FALSE
2013-02-01,East_Antarctica,0.894099776,0.2602513093573202,0.2602513093573202,0.31006724465958424,FALSE,FALSE
2013-02-02,East_Antarctica,0.890432211,0.26430655542738346,0.26430655542738346,0.31006724465958424,FALSE,FALSE
2013-02-03,East_Antarctica,0.876259196,0.2576522275327695,0.2576522275327695,0.31006724465958424,FALSE,FALSE
2013-02-04,East_Antarctica,0.865254543,0.25396435839742826,0.25396435839742826,0.31006724465958424,FALSE,FALSE
2013-02-05,East_Antarctica,0.86501204,0.2608389567453103,0.2608389567453103,0.31006724465958424,FALSE,FALSE
2013-02-06,East_Antarctica,0.863812998,0.2665595543003668,0.2665595543003668,0.31006724465958424,FALSE,FALSE
2013-02-07,East_Antarctica,0.860781416,0.27025237078654896,0.27025237078654896,0.31006724465958424,FALSE,FALSE
2013-02-08,East_Antarctica,0.848662055,0.2646642486808398,0.2646642486808398,0.31006724465958424,FALSE,FALSE
2013-02-09,East_Antarctica,0.814932751,0.23725672161276223,0.23725672161276223,0.31006724465958424,FALSE,FALSE
2013-02-10,East_Antarctica,0.811831053,0.24021447515454775,0.24021447515454775,0.31006724465958424,FALSE,FALSE
2013-02-11,East_Antarctica,0.84246486,0.2765882221329157,0.2765882221329157,0.31006724465958424,FALSE,FALSE
2013-02-12,East_Antarctica,0.844806537,0.28429314137458606,0.28429314137458606,0.31006724465958424,FALSE,FALSE
2013-02-13,East_Antarctica,0.846691355,0.2911073177062775,0.2911073177062775,0.31006724465958424,FALSE,FALSE
2013-02-14,East_Antarctica,0.844337328,0.2931915789547107,0.2931915789547107,0.31006724465958424,FALSE,FALSE
2013-02-15,East_Antarctica,0.804574376,0.25731865894660444,0.25731865894660444,0.31006724465958424,FALSE,FALSE
2013-02-16,East_Antarctica,0.825776427,0.28180529950867717,0.28180529950867717,0.31006724465958424,FALSE,FALSE
2013-02-17,East_Antarctica,0.83429422,0.29294505346765,0.29294505346765,0.31006724465958424,FALSE,FALSE
2013-02-18,East_Antarctica,0.852524617,0.3130775966502415,0.3130775966502415,0.31006724465958424,TRUE,FALSE
2013-02-19,East_Antarctica,0.847712763,0.30939088788317215,0.30939088788317215,0.31006724465958424,FALSE,FALSE
2013-02-20,East_Antarctica,0.844118276,0.30608735899316053,0.30608735899316053,0.31006724465958424,FALSE,FALSE
2013-02-21,East_Antarctica,0.851415792,0.31278753549541527,0.31278753549541527,0.31006724465958424,TRUE,FALSE
2013-02-22,East_Antarctica,0.856726844,0.3165961284241733,0.3165961284241733,0.31006724465958424,TRUE,FALSE
2013-02-23,East_Antarctica,0.842837569,0.300307258763743,0.300307258763743,0.31006724465958424,FALSE,FALSE
2013-02-24,East_Antarctica,0.862325775,0.3165071669148902,0.3165071669148902,0.31006724465958424,TRUE,FALSE
2013-02-25,East_Antarctica,0.865388934,0.31540175727838127,0.31540175727838127,0.31006724465958424,TRUE,FALSE
2013-02-26,East_Antarctica,0.854301636,0.2992740522549835,0.2992740522549835,0.31006724465958424,FALSE,FALSE
2013-02-27,East_Antarctica,0.842284676,0.2813532792454617,0.2813532792454617,0.31006724465958424,FALSE,FALSE
2013-02-28,East_Antarctica,0.847933566,0.28024338265058335,0.28024338265058335,0.31006724465958424,FALSE,FALSE
2013-03-01,East_Antarctica,0.865429645,0.29013413387111486,0.29013413387111486,0.31006724465958424,FALSE,FALSE
2013-03-02,East_Antarctica,0.867818338,0.28407939030782214,0.28407939030782214,0.31006724465958424,FALSE,FALSE
2013-03-03,East_Antarctica,0.884897867,0.29188580636147243,0.29188580636147243,0.31006724465958424,FALSE,FALSE
2013-03-04,East_Antarctica,0.919515897,0.31640947943283093,0.31640947943283093,0.31006724465958424,TRUE,TRUE
2013-03-05,East_Antarctica,0.936169748,0.3221561660654326,0.3221561660654326,0.31006724465958424,TRUE,TRUE
2013-03-06,East_Antarctica,0.969003267,0.34329356038330394,0.34329356038330394,0.31006724465958424,TRUE,TRUE
2013-03-07,East_Antarctica,1.007244389,0.3691236155068166,0.3691236155068166,0.31006724465958424,TRUE,TRUE
2013-03-08,East_Antarctica,1.022751654,0.37158908232007226,0.37158908232007226,0.31006724465958424,TRUE,TRUE
2013-03-09,East_Antarctica,1.045913497,0.3811626067071712,0.3811626067071712,0.31006724465958424,TRUE,TRUE
2013-03-10,East_Antarctica,1.052042522,0.3732410035522148,0.3732410035522148,0.31006724465958424,TRUE,TRUE
2013-03-11,East_Antarctica,1.041364439,0.34813419373930476,0.34813419373930476,0.31006724465958424,TRUE,TRUE
2013-03-12,East_Antarctica,1.05406912,0.3461162601525426,0.3461162601525426,0.31006724465958424,TRUE,TRUE
2013-03-13,East_Antarctica,1.086219984,0.36333483267602706,0.36333483267602706,0.31006724465958424,TRUE,TRUE
2013-03-14,East_Antarctica,1.121061035,0.38311812619386154,0.38311812619386154,0.31006724465958424,TRUE,TRUE
2013-03-15,East_Antarctica,1.128900653,0.3758587315901458,0.3758587315901458,0.31006724465958424,TRUE,TRUE
2013-03-16,East_Antarctica,1.127899497,0.3598015187489808,0.3598015187489808,0.31006724465958424,TRUE,TRUE
2013-03-17,East_Antarctica,1.160482644,0.37745577555446985,0.37745577555446985,0.31006724465958424,TRUE,TRUE
2013-03-18,East_Antarctica,1.187606887,0.3898600553910724,0.3898600553910724,0.31006724465958424,TRUE,TRUE
2013-03-19,East_Antarctica,1.191222522,0.3789852137719604,0.3789852137719604,0.31006724465958424,TRUE,TRUE
2013-03-20,East_Antarctica,1.196694515,0.3701527595863357,0.3701527595863357,0.31006724465958424,TRUE,TRUE
2013-03-21,East_Antarctica,1.217060327,0.3763536827160081,0.3763536827160081,0.31006724465958424,TRUE,TRUE
2013-03-22,East_Antarctica,1.226256158,0.3714777120427851,0.3714777120427851,0.31006724465958424,TRUE,TRUE
2013-03-23,East_Antarctica,1.232922118,0.36411848644847544,0.36411848644847544,0.31006724465958424,TRUE,TRUE
2013-03-24,East_Antarctica,1.23712282,0.354294147814888,0.354294147814888,0.31006724465958424,TRUE,TRUE
2013-03-25,East_Antarctica,1.246737571,0.34983753202383205,0.34983753202383205,0.31006724465958424,TRUE,TRUE
2013-03-26,East_Antarctica,1.272529842,0.3614656389571139,0.3614656389571139,0.31006724465958424,TRUE,TRUE
2013-03-27,East_Antarctica,1.283967652,0.3586000164965457,0.3586000164965457,0.31006724465958424,TRUE,TRUE
2013-03-28,East_Antarctica,1.29717326,0.3573164525239322,0.3573164525239322,0.31006724465958424,TRUE,TRUE
2013-03-29,East_Antarctica,1.30925161,0.3546734199210839,0.3546734199210839,0.31006724465958424,TRUE,TRUE
2013-03-30,East_Antarctica,1.331991605,0.3624133505698105,0.3624133505698105,0.31006724465958424,TRUE,TRUE
2013-03-31,East_Antarctica,1.352294303,0.3673995607354599,0.3673995607354599,0.31006724465958424,TRUE,TRUE
2013-04-01,East_Antarctica,1.382970907,0.38245322678387694,0.38245322678387694,0.31006724465958424,TRUE,TRUE
2013-04-02,East_Antarctica,1.414808216,0.3983873421588793,0.3983873421588793,0.31006724465958424,TRUE,TRUE
2013-04-03,East_Antarctica,1.428634452,0.396056336714238,0.396056336714238,0.31006724465958424,TRUE,TRUE
2013-04-04,East_Antarctica,1.457827515,0.40886431830372394,0.40886431830372394,0.31006724465958424,TRUE,TRUE
2013-04-05,East_Antarctica,1.480547634,0.41499772378111,0.41499772378111,0.31006724465958424,TRUE,TRUE
2013-04-06,East_Antarctica,1.51047321,0.4281611620001673,0.4281611620001673,0.31006724465958424,TRUE,TRUE
2013-04-07,East_Antarctica,1.51470727,0.4154838678146662,0.4154838678146662,0.31006724465958424,TRUE,TRUE
2013-04-08,East_Antarctica,1.508045317,0.3917875520783807,0.3917875520783807,0.31006724465958424,TRUE,TRUE
2013-04-09,East_Antarctica,1.529418982,0.3960300536450809,0.3960300536450809,0.31006724465958424,TRUE,TRUE
2013-04-10,East_Antarctica,1.553884235,0.40329355036853776,0.40329355036853776,0.31006724465958424,TRUE,TRUE
2013-04-11,East_Antarctica,1.601015442,0.4331786161025255,0.4331786161025255,0.31006724465958424,TRUE,TRUE
2013-04-12,East_Antarctica,1.624634236,0.4395329291889362,0.4395329291889362,0.31006724465958424,TRUE,TRUE
2013-04-13,East_Antarctica,1.649481391,0.4471117267103584,0.4471117267103584,0.31006724465958424,TRUE,TRUE
2013-04-14,East_Antarctica,1.669190463,0.4495439344987886,0.4495439344987886,0.31006724465958424,TRUE,TRUE
2013-04-15,East_Antarctica,1.714147946,0.47720963299114705,0.47720963299114705,0.31006724465958424,TRUE,TRUE
2013-04-16,East_Antarctica,1.699574513,0.4453230816243594,0.4453230816243594,0.31006724465958424,TRUE,TRUE
2013-04-17,East_Antarctica,1.707045004,0.43545270683534465,0.43545270683534465,0.31006724465958424,TRUE,TRUE
2013-04-18,East_Antarctica,1.724372806,0.43540548206102736,0.43540548206102736,0.31006724465958424,TRUE,TRUE
2013-04-19,East_Antarctica,1.711229053,0.40484612773833106,0.40484612773833106,0.31006724465958424,TRUE,TRUE
2013-04-20,East_Antarctica,1.684345844,0.36050032930417664,0.36050032930417664,0.31006724465958424,TRUE,TRUE
2013-04-21,East_Antarctica,1.67340967,0.33204816419548644,0.33204816419548644,0.31006724465958424,TRUE,TRUE
2013-04-22,East_Antarctica,1.682847717,0.32391040484918343,0.32391040484918343,0.31006724465958424,TRUE,TRUE
2013-04-23,East_Antarctica,1.676368968,0.2997896207021886,0.2997896207021886,0.31006724465958424,FALSE,FALSE
2013-04-24,East_Antarctica,1.682740654,0.2884466291914276,0.2884466291914276,0.31006724465958424,FALSE,FALSE
2013-04-25,East_Antarctica,1.68275209,0.2706649379139219,0.2706649379139219,0.31006724465958424,FALSE,FALSE
2013-04-26,East_Antarctica,1.702660661,0.2727018814495157,0.2727018814495157,0.31006724465958424,FALSE,FALSE
2013-04-27,East_Antarctica,1.763200373,0.31529459672042726,0.31529459672042726,0.31006724465958424,TRUE,TRUE
2013-04-28,East_Antarctica,1.819667589,0.3537426111608042,0.3537426111608042,0.31006724465958424,TRUE,TRUE
2013-04-29,East_Antarctica,1.820781698,0.3367684782047926,0.3367684782047926,0.31006724465958424,TRUE,TRUE
2013-04-30,East_Antarctica,1.841121057,0.33895371928654106,0.33895371928654106,0.31006724465958424,TRUE,TRUE
2013-05-01,East_Antarctica,1.859654378,0.3392702108401955,0.3392702108401955,0.31006724465958424,TRUE,TRUE
2013-05-02,East_Antarctica,1.835332655,0.29667211129990245,0.29667211129990245,0.31006724465958424,FALSE,FALSE
2013-05-03,East_Antarctica,1.826773772,0.2697804690998118,0.2697804690998118,0.31006724465958424,FALSE,FALSE
2013-05-04,East_Antarctica,1.856710851,0.2813315706740678,0.2813315706740678,0.31006724465958424,FALSE,FALSE
2013-05-05,East_Antarctica,1.866014267,0.2721989554568185,0.2721989554568185,0.31006724465958424,FALSE,FALSE
2013-05-06,East_Antarctica,1.873051837,0.2607536048822121,0.2607536048822121,0.31006724465958424,FALSE,FALSE
2013-05-07,East_Antarctica,1.89528389,0.2644590153809001,0.2644590153809001,0.31006724465958424,FALSE,FALSE
2013-05-08,East_Antarctica,1.90911154,0.25972113898282667,0.25972113898282667,0.31006724465958424,FALSE,FALSE
2013-05-09,East_Antarctica,1.89881813,0.2308326029719849,0.2308326029719849,0.31006724465958424,FALSE,FALSE
2013-05-10,East_Antarctica,1.912957742,0.22635750520137687,0.22635750520137687,0.31006724465958424,FALSE,FALSE
2013-05-11,East_Antarctica,1.899810688,0.194586173524008,0.194586173524008,0.31006724465958424,FALSE,FALSE
2013-05-12,East_Antarctica,1.90085924,0.17701089579287976,0.17701089579287976,0.31006724465958424,FALSE,FALSE
2013-05-13,East_Antarctica,1.917595697,0.1751339868609998,0.1751339868609998,0.31006724465958424,FALSE,FALSE
2013-05-14,East_Antarctica,1.917069727,0.1560151305813691,0.1560151305813691,0.31006724465958424,FALSE,FALSE
2013-05-15,East_Antarctica,1.914540292,0.13492330480699333,0.13492330480699333,0.31006724465958424,FALSE,FALSE
2013-05-16,East_Antarctica,1.914618774,0.11647990739087376,0.11647990739087376,0.31006724465958424,FALSE,FALSE
2013-05-17,East_Antarctica,1.931304928,0.11469470918601844,0.11469470918601844,0.31006724465958424,FALSE,FALSE
2013-05-18,East_Antarctica,1.944320022,0.10929899404542498,0.10929899404542498,0.31006724465958424,FALSE,FALSE
2013-05-19,East_Antarctica,1.958482962,0.10512168382210274,0.10512168382210274,0.31006724465958424,FALSE,FALSE
2013-05-20,East_Antarctica,1.965637923,0.0940173989512938,0.0940173989512938,0.31006724465958424,FALSE,FALSE
2013-05-21,East_Antarctica,1.98576432,0.09598383859043567,0.09598383859043567,0.31006724465958424,FALSE,FALSE
2013-05-22,East_Antarctica,1.99916835,0.09135233246146712,0.09135233246146712,0.31006724465958424,FALSE,FALSE
2013-05-23,East_Antarctica,2.038825185,0.11312341570434724,0.11312341570434724,0.31006724465958424,FALSE,FALSE
2013-05-24,East_Antarctica,2.082742111,0.13932973745902277,0.13932973745902277,0.31006724465958424,FALSE,FALSE
2013-05-25,East_Antarctica,2.162895989,0.2019735218654486,0.2019735218654486,0.31006724465958424,FALSE,FALSE
2013-05-26,East_Antarctica,2.197194115,0.2189874280635784,0.2189874280635784,0.31006724465958424,FALSE,FALSE
2013-05-27,East_Antarctica,2.235341358,0.24010168819336575,0.24010168819336575,0.31006724465958424,FALSE,FALSE
2013-05-28,East_Antarctica,2.260523905,0.24852785239476205,0.24852785239476205,0.31006724465958424,FALSE,FALSE
2013-05-29,East_Antarctica,2.255962063,0.22751159080772076,0.22751159080772076,0.31006724465958424,FALSE,FALSE
2013-05-30,East_Antarctica,2.265505515,0.22092794957219697,0.22092794957219697,0.31006724465958424,FALSE,FALSE
2013-05-31,East_Antarctica,2.270476308,0.21012433882813977,0.21012433882813977,0.31006724465958424,FALSE,FALSE
2013-06-01,East_Antarctica,2.288549747,0.2128014267155054,0.2128014267155054,0.31006724465958424,FALSE,FALSE
2013-06-02,East_Antarctica,2.344754902,0.2540012112873855,0.2540012112873855,0.31006724465958424,FALSE,FALSE
2013-06-03,East_Antarctica,2.394509338,0.2890990201935453,0.2890990201935453,0.31006724465958424,FALSE,FALSE
2013-06-04,East_Antarctica,2.449097032,0.3293213007365896,0.3293213007365896,0.31006724465958424,TRUE,FALSE
2013-06-05,East_Antarctica,2.474409568,0.3405021066526568,0.3405021066526568,0.31006724465958424,TRUE,FALSE
2013-06-06,East_Antarctica,2.468811151,0.3209481126778826,0.3209481126778826,0.31006724465958424,TRUE,FALSE
2013-06-07,East_Antarctica,2.44039636,0.27869636754840554,0.27869636754840554,0.31006724465958424,FALSE,FALSE
2013-06-08,East_Antarctica,2.403347039,0.22787118500036296,0.22787118500036296,0.31006724465958424,FALSE,FALSE
2013-06-09,East_Antarctica,2.418970627,0.22972247376989108,0.22972247376989108,0.31006724465958424,FALSE,FALSE
2013-06-10,East_Antarctica,2.437902032,0.23482761159313137,0.23482761159313137,0.31006724465958424,FALSE,FALSE
2013-06-11,East_Antarctica,2.460170189,0.2431580032062155,0.2431580032062155,0.31006724465958424,FALSE,FALSE
2013-06-12,East_Antarctica,2.440220084,0.20910110434528528,0.20910110434528528,0.31006724465958424,FALSE,FALSE
2013-06-13,East_Antarctica,2.458423593,0.21297126074647688,0.21297126074647688,0.31006724465958424,FALSE,FALSE
2013-06-14,East_Antarctica,2.486862101,0.2267934594097656,0.2267934594097656,0.31006724465958424,FALSE,FALSE
2013-06-15,East_Antarctica,2.51142293,0.23644853922096057,0.23644853922096057,0.31006724465958424,FALSE,FALSE
2013-06-16,East_Antarctica,2.4886019,0.1984943130822092,0.1984943130822092,0.31006724465958424,FALSE,FALSE
2013-06-17,East_Antarctica,2.486145532,0.18074425609979497,0.18074425609979497,0.31006724465958424,FALSE,FALSE
2013-06-18,East_Antarctica,2.514071965,0.1932834613800143,0.1932834613800143,0.31006724465958424,FALSE,FALSE
2013-06-19,East_Antarctica,2.477256852,0.14105453602914908,0.14105453602914908,0.31006724465958424,FALSE,FALSE
2013-06-20,East_Antarctica,2.469780008,0.11820424915348982,0.11820424915348982,0.31006724465958424,FALSE,FALSE
2013-06-21,East_Antarctica,2.506251192,0.13940931385932664,0.13940931385932664,0.31006724465958424,FALSE,FALSE
2013-06-22,East_Antarctica,2.555453194,0.17351947425294467,0.17351947425294467,0.31006724465958424,FALSE,FALSE
2013-06-23,East_Antarctica,2.586413346,0.18962901644063468,0.18962901644063468,0.31006724465958424,FALSE,FALSE
2013-06-24,East_Antarctica,2.588467213,0.17714045952868496,0.17714045952868496,0.31006724465958424,FALSE,FALSE
2013-06-25,East_Antarctica,2.591376749,0.16588271162338142,0.16588271162338142,0.31006724465958424,FALSE,FALSE
2013-06-26,East_Antarctica,2.558280372,0.11906114483101726,0.11906114483101726,0.31006724465958424,FALSE,FALSE
2013-06-27,East_Antarctica,2.543406748,0.09096185950064628,0.09096185950064628,0.31006724465958424,FALSE,FALSE
2013-06-28,East_Antarctica,2.580372711,0.11518718788535852,0.11518718788535852,0.31006724465958424,FALSE,FALSE
2013-06-29,East_Antarctica,2.617901277,0.14041277380830586,0.14041277380830586,0.31006724465958424,FALSE,FALSE
2013-06-30,East_Antarctica,2.660146636,0.17074526608898433,0.17074526608898433,0.31006724465958424,FALSE,FALSE
2013-07-01,East_Antarctica,2.711160852,0.2101891875468862,0.2101891875468862,0.31006724465958424,FALSE,FALSE
2013-07-02,East_Antarctica,2.739449557,0.2272026290015008,0.2272026290015008,0.31006724465958424,FALSE,FALSE
2013-07-03,East_Antarctica,2.783204021,0.25992931927232465,0.25992931927232465,0.31006724465958424,FALSE,FALSE
2013-07-04,East_Antarctica,2.800873576,0.266771049178848,0.266771049178848,0.31006724465958424,FALSE,FALSE
2013-07-05,East_Antarctica,2.83542215,0.29064420554056536,0.29064420554056536,0.31006724465958424,FALSE,FALSE
2013-07-06,East_Antarctica,2.850426634,0.29507813817696826,0.29507813817696826,0.31006724465958424,FALSE,FALSE
2013-07-07,East_Antarctica,2.914813614,0.3489518919075496,0.3489518919075496,0.31006724465958424,TRUE,FALSE
2013-07-08,East_Antarctica,2.921562377,0.3451972125518039,0.3451972125518039,0.31006724465958424,TRUE,FALSE
2013-07-09,East_Antarctica,2.917124841,0.33021853437337345,0.33021853437337345,0.31006724465958424,TRUE,FALSE
2013-07-10,East_Antarctica,2.889063463,0.2915420032574736,0.2915420032574736,0.31006724465958424,FALSE,FALSE
2013-07-11,East_Antarctica,2.885941951,0.27771946708614736,0.27771946708614736,0.31006724465958424,FALSE,FALSE
2013-07-12,East_Antarctica,2.920838273,0.30182026949603413,0.30182026949603413,0.31006724465958424,FALSE,FALSE
2013-07-13,East_Antarctica,2.944637543,0.31472090012377185,0.31472090012377185,0.31006724465958424,TRUE,FALSE
2013-07-14,East_Antarctica,2.966887103,0.3259600766060071,0.3259600766060071,0.31006724465958424,TRUE,FALSE
2013-07-15,East_Antarctica,2.926163129,0.27410535057937935,0.27410535057937935,0.31006724465958424,FALSE,FALSE
2013-07-16,East_Antarctica,2.874889135,0.21157161168053215,0.21157161168053215,0.31006724465958424,FALSE,FALSE
2013-07-17,East_Antarctica,2.821138022,0.14642313654610373,0.14642313654610373,0.31006724465958424,FALSE,FALSE
2013-07-18,East_Antarctica,2.804132937,0.11787444781273936,0.11787444781273936,0.31006724465958424,FALSE,FALSE
2013-07-19,East_Antarctica,2.776203803,0.07824684411707805,0.07824684411707805,0.31006724465958424,FALSE,FALSE
2013-07-20,East_Antarctica,2.801310762,0.0914918430957634,0.0914918430957634,0.31006724465958424,FALSE,FALSE
2013-07-21,East_Antarctica,2.859505234,0.13765224038543566,0.13765224038543566,0.31006724465958424,FALSE,FALSE
2013-07-22,East_Antarctica,2.866538775,0.13247352421397407,0.13247352421397407,0.31006724465958424,FALSE,FALSE
2013-07-23,East_Antarctica,2.878682326,0.13225585464250633,0.13225585464250633,0.31006724465958424,FALSE,FALSE
2013-07-24,East_Antarctica,2.946453918,0.18757220370530311,0.18757220370530311,0.31006724465958424,FALSE,FALSE
2013-07-25,East_Antarctica,2.991948857,0.22057340191107588,0.22057340191107588,0.31006724465958424,FALSE,FALSE
2013-07-26,East_Antarctica,3.037460705,0.25360853576853515,0.25360853576853515,0.31006724465958424,FALSE,FALSE
2013-07-27,East_Antarctica,3.068091059,0.2718347267863881,0.2718347267863881,0.31006724465958424,FALSE,FALSE
2013-07-28,East_Antarctica,3.079062225,0.2705298054733465,0.2705298054733465,0.31006724465958424,FALSE,FALSE
2013-07-29,East_Antarctica,3.041285546,0.22066063933812297,0.22066063933812297,0.31006724465958424,FALSE,FALSE
2013-07-30,East_Antarctica,3.058117888,0.22563961888942383,0.22563961888942383,0.31006724465958424,FALSE,FALSE
2013-07-31,East_Antarctica,3.096717804,0.2526808216359613,0.2526808216359613,0.31006724465958424,FALSE,FALSE
2013-08-01,East_Antarctica,3.128809631,0.2735641090864469,0.2735641090864469,0.31006724465958424,FALSE,FALSE
2013-08-02,East_Antarctica,3.190662651,0.32461428774958545,0.32461428774958545,0.31006724465958424,TRUE,TRUE
2013-08-03,East_Antarctica,3.209105053,0.3327150704009316,0.3327150704009316,0.31006724465958424,TRUE,TRUE
2013-08-04,East_Antarctica,3.225014855,0.3387802063822085,0.3387802063822085,0.31006724465958424,TRUE,TRUE
2013-08-05,East_Antarctica,3.265557862,0.369939833080938,0.369939833080938,0.31006724465958424,TRUE,TRUE
2013-08-06,East_Antarctica,3.243045251,0.33845336551853844,0.33845336551853844,0.31006724465958424,TRUE,TRUE
2013-08-07,East_Antarctica,3.251334824,0.33812684371642954,0.33812684371642954,0.31006724465958424,TRUE,TRUE
2013-08-08,East_Antarctica,3.253813988,0.332295912696031,0.332295912696031,0.31006724465958424,TRUE,TRUE
2013-08-09,East_Antarctica,3.268489859,0.3389159264787627,0.3389159264787627,0.31006724465958424,TRUE,TRUE
2013-08-10,East_Antarctica,3.256544959,0.3191176450860427,0.3191176450860427,0.31006724465958424,TRUE,TRUE
2013-08-11,East_Antarctica,3.288634283,0.3435043015392911,0.3435043015392911,0.31006724465958424,TRUE,TRUE
2013-08-12,East_Antarctica,3.3220199,0.36928620285992775,0.36928620285992775,0.31006724465958424,TRUE,TRUE
2013-08-13,East_Antarctica,3.405429929,0.44513970606937114,0.44513970606937114,0.31006724465958424,TRUE,TRUE
2013-08-14,East_Antarctica,3.499236904,0.5313855831890435,0.5313855831890435,0.31006724465958424,TRUE,TRUE
2013-08-15,East_Antarctica,3.533814992,0.558346239240362,0.558346239240362,0.31006724465958424,TRUE,TRUE
2013-08-16,East_Antarctica,3.47807059,0.4948778415404722,0.4948778415404722,0.31006724465958424,TRUE,TRUE
2013-08-17,East_Antarctica,3.419845801,0.42881780683431314,0.42881780683431314,0.31006724465958424,TRUE,TRUE
2013-08-18,East_Antarctica,3.355188342,0.35626129391180905,0.35626129391180905,0.31006724465958424,TRUE,TRUE
2013-08-19,East_Antarctica,3.352612623,0.34577301131448523,0.34577301131448523,0.31006724465958424,TRUE,TRUE
2013-08-20,East_Antarctica,3.354347521,0.339632134583876,0.339632134583876,0.31006724465958424,TRUE,TRUE
2013-08-21,East_Antarctica,3.383578564,0.3610744902615104,0.3610744902615104,0.31006724465958424,TRUE,TRUE
2013-08-22,East_Antarctica,3.397810075,0.3676546998889196,0.3676546998889196,0.31006724465958424,TRUE,TRUE
2013-08-23,East_Antarctica,3.365802843,0.32818385100763203,0.32818385100763203,0.31006724465958424,TRUE,TRUE
2013-08-24,East_Antarctica,3.380080334,0.33523570815918147,0.33523570815918147,0.31006724465958424,TRUE,TRUE
2013-08-25,East_Antarctica,3.379085491,0.3273035128850972,0.3273035128850972,0.31006724465958424,TRUE,TRUE
2013-08-26,East_Antarctica,3.429557091,0.3711763407269091,0.3711763407269091,0.31006724465958424,TRUE,TRUE
2013-08-27,East_Antarctica,3.467023964,0.4024333202261485,0.4024333202261485,0.31006724465958424,TRUE,TRUE
2013-08-28,East_Antarctica,3.471359636,0.4009982759243478,0.4009982759243478,0.31006724465958424,TRUE,TRUE
2013-08-29,East_Antarctica,3.452166091,0.37651449873806486,0.37651449873806486,0.31006724465958424,TRUE,TRUE
2013-08-30,East_Antarctica,3.434566602,0.3540919202207622,0.3540919202207622,0.31006724465958424,TRUE,TRUE
2013-08-31,East_Antarctica,3.425334619,0.3404701157949872,0.3404701157949872,0.31006724465958424,TRUE,TRUE
2013-09-01,East_Antarctica,3.461994587,0.37313961905358983,0.37313961905358983,0.31006724465958424,TRUE,TRUE
2013-09-02,East_Antarctica,3.480675596,0.3881956085894229,0.3881956085894229,0.31006724465958424,TRUE,TRUE
2013-09-03,East_Antarctica,3.455556517,0.3597830439953347,0.3597830439953347,0.31006724465958424,TRUE,TRUE
2013-09-04,East_Antarctica,3.408473847,0.30970451086418116,0.30970451086418116,0.31006724465958424,FALSE,FALSE
2013-09-05,East_Antarctica,3.36615757,0.2646560817888126,0.2646560817888126,0.31006724465958424,FALSE,FALSE
2013-09-06,East_Antarctica,3.367359195,0.26335535436207946,0.26335535436207946,0.31006724465958424,FALSE,FALSE
2013-09-07,East_Antarctica,3.36599061,0.2596803051768344,0.2596803051768344,0.31006724465958424,FALSE,FALSE
2013-09-08,East_Antarctica,3.341720807,0.2332660148259258,0.2332660148259258,0.31006724465958424,FALSE,FALSE
2013-09-09,East_Antarctica,3.374148142,0.26367692790221176,0.26367692790221176,0.31006724465958424,FALSE,FALSE
2013-09-10,East_Antarctica,3.420533581,0.30814015080647517,0.30814015080647517,0.31006724465958424,FALSE,FALSE
2013-09-11,East_Antarctica,3.459179033,0.34492865115217963,0.34492865115217963,0.31006724465958424,TRUE,FALSE
2013-09-12,East_Antarctica,3.453432724,0.33737061359008935,0.33737061359008935,0.31006724465958424,TRUE,FALSE
2013-09-13,East_Antarctica,3.458382958,0.34053523786730944,0.34053523786730944,0.31006724465958424,TRUE,FALSE
2013-09-14,East_Antarctica,3.454124963,0.33449864773094573,0.33449864773094573,0.31006724465958424,TRUE,FALSE
2013-09-15,East_Antarctica,3.420213282,0.2987962819280998,0.2987962819280998,0.31006724465958424,FALSE,FALSE
2013-09-16,East_Antarctica,3.355998685,0.23275980620587824,0.23275980620587824,0.31006724465958424,FALSE,FALSE
2013-09-17,East_Antarctica,3.330384608,0.2052735523113851,0.2052735523113851,0.31006724465958424,FALSE,FALSE
2013-09-18,East_Antarctica,3.300258566,0.17320593099172443,0.17320593099172443,0.31006724465958424,FALSE,FALSE
2013-09-19,East_Antarctica,3.284539257,0.15545653599400122,0.15545653599400122,0.31006724465958424,FALSE,FALSE
2013-09-20,East_Antarctica,3.262050209,0.13082979106532067,0.13082979106532067,0.31006724465958424,FALSE,FALSE
2013-09-21,East_Antarctica,3.226257429,0.09277259895278522,0.09277259895278522,0.31006724465958424,FALSE,FALSE
2013-09-22,East_Antarctica,3.237764189,0.1018691274035004,0.1018691274035004,0.31006724465958424,FALSE,FALSE
2013-09-23,East_Antarctica,3.244370069,0.10590593912016331,0.10590593912016331,0.31006724465958424,FALSE,FALSE
2013-09-24,East_Antarctica,3.2359877,0.09484781551289467,0.09484781551289467,0.31006724465958424,FALSE,FALSE
2013-09-25,East_Antarctica,3.217793865,0.07396322172490288,0.07396322172490288,0.31006724465958424,FALSE,FALSE
2013-09-26,East_Antarctica,3.186673017,0.04022884757322664,0.04022884757322664,0.31006724465958424,FALSE,FALSE
2013-09-27,East_Antarctica,3.218287864,0.06939963787489978,0.06939963787489978,0.31006724465958424,FALSE,FALSE
2013-09-28,East_Antarctica,3.209032266,0.05796168944696145,0.05796168944696145,0.31006724465958424,FALSE,FALSE
2013-09-29,East_Antarctica,3.180305805,0.02740682110644732,0.02740682110644732,0.31006724465958424,FALSE,FALSE
2013-09-30,East_Antarctica,3.19994075,0.04565953867039418,0.04565953867039418,0.31006724465958424,FALSE,FALSE
2013-10-01,East_Antarctica,3.243584188,0.0884591659558378,0.0884591659558378,0.31006724465958424,FALSE,FALSE
2013-10-02,East_Antarctica,3.275719108,0.12038092877981744,0.12038092877981744,0.31006724465958424,FALSE,FALSE
2013-10-03,East_Antarctica,3.280073939,0.12524549295936982,0.12524549295936982,0.31006724465958424,FALSE,FALSE
2013-10-04,East_Antarctica,3.310151503,0.15664791731152716,0.15664791731152716,0.31006724465958424,FALSE,FALSE
2013-10-05,East_Antarctica,3.345149884,0.1938784948925414,0.1938784948925414,0.31006724465958424,FALSE,FALSE
2013-10-06,East_Antarctica,3.386833195,0.2387599674857066,0.2387599674857066,0.31006724465958424,FALSE,FALSE
2013-10-07,East_Antarctica,3.394303827,0.2503545768460693,0.2503545768460693,0.31006724465958424,FALSE,FALSE
2013-10-08,East_Antarctica,3.378718934,0.2397612564831939,0.2397612564831939,0.31006724465958424,FALSE,FALSE
2013-10-09,East_Antarctica,3.392275998,0.2591192679066423,0.2591192679066423,0.31006724465958424,FALSE,FALSE
2013-10-10,East_Antarctica,3.404856838,0.2782522096259825,0.2782522096259825,0.31006724465958424,FALSE,FALSE
2013-10-11,East_Antarctica,3.369538073,0.2501784801507787,0.2501784801507787,0.31006724465958424,FALSE,FALSE
2013-10-12,East_Antarctica,3.316999067,0.20551922299058975,0.20551922299058975,0.31006724465958424,FALSE,FALSE
2013-10-13,East_Antarctica,3.320563029,0.21753942665498505,0.21753942665498505,0.31006724465958424,FALSE,FALSE
2013-10-14,East_Antarctica,3.303957445,0.20990835665352803,0.20990835665352803,0.31006724465958424,FALSE,FALSE
2013-10-15,East_Antarctica,3.298315581,0.21370105849578236,0.21370105849578236,0.31006724465958424,FALSE,FALSE
2013-10-16,East_Antarctica,3.338764814,0.2639866886913156,0.2639866886913156,0.31006724465958424,FALSE,FALSE
2013-10-17,East_Antarctica,3.369631635,0.30503351774968523,0.30503351774968523,0.31006724465958424,FALSE,FALSE
2013-10-18,East_Antarctica,3.3799404,0.3258109810249188,0.3258109810249188,0.31006724465958424,TRUE,TRUE
2013-10-19,East_Antarctica,3.393905081,0.35054821758954846,0.35054821758954846,0.31006724465958424,TRUE,TRUE
2013-10-20,East_Antarctica,3.392673557,0.36047527844660143,0.36047527844660143,0.31006724465958424,TRUE,TRUE
2013-10-21,East_Antarctica,3.397219914,0.3766511044948686,0.3766511044948686,0.31006724465958424,TRUE,TRUE
2013-10-22,East_Antarctica,3.41179753,0.403413928633134,0.403413928633134,0.31006724465958424,TRUE,TRUE
2013-10-23,East_Antarctica,3.460661619,0.4651038197601918,0.4651038197601918,0.31006724465958424,TRUE,TRUE
2013-10-24,East_Antarctica,3.444610662,0.46260411377482535,0.46260411377482535,0.31006724465958424,TRUE,TRUE
2013-10-25,East_Antarctica,3.406069431,0.43842443757582394,0.43842443757582394,0.31006724465958424,TRUE,TRUE
2013-10-26,East_Antarctica,3.39012013,0.4377318500619776,0.4377318500619776,0.31006724465958424,TRUE,TRUE
2013-10-27,East_Antarctica,3.367476773,0.43132522013207186,0.43132522013207186,0.31006724465958424,TRUE,TRUE
2013-10-28,East_Antarctica,3.39777531,0.4789253526848958,0.4789253526848958,0.31006724465958424,TRUE,TRUE
2013-10-29,East_Antarctica,3.407829488,0.5074308496192375,0.5074308496192375,0.31006724465958424,TRUE,TRUE
2013-10-30,East_Antarctica,3.383185502,0.5024727608338848,0.5024727608338848,0.31006724465958424,TRUE,TRUE
2013-10-31,East_Antarctica,3.348891818,0.4891719965802501,0.4891719965802501,0.31006724465958424,TRUE,TRUE
2013-11-01,East_Antarctica,3.329356989,0.4919484662084903,0.4919484662084903,0.31006724465958424,TRUE,TRUE
2013-11-02,East_Antarctica,3.288330445,0.47454419223930655,0.47454419223930655,0.31006724465958424,TRUE,TRUE
2013-11-03,East_Antarctica,3.256713003,0.46785257914918343,0.46785257914918343,0.31006724465958424,TRUE,TRUE
2013-11-04,East_Antarctica,3.212134374,0.4494959254146109,0.4494959254146109,0.31006724465958424,TRUE,TRUE
2013-11-05,East_Antarctica,3.193688944,0.4585612045120788,0.4585612045120788,0.31006724465958424,TRUE,TRUE
2013-11-06,East_Antarctica,3.179192837,0.4728571279180715,0.4728571279180715,0.31006724465958424,TRUE,TRUE
2013-11-07,East_Antarctica,3.164609778,0.4883400081090814,0.4883400081090814,0.31006724465958424,TRUE,TRUE
2013-11-08,East_Antarctica,3.121523336,0.4765860015615937,0.4765860015615937,0.31006724465958424,TRUE,TRUE
2013-11-09,East_Antarctica,3.076840686,0.4644948707520973,0.4644948707520973,0.31006724465958424,TRUE,TRUE
2013-11-10,East_Antarctica,3.021936271,0.4434336461570818,0.4434336461570818,0.31006724465958424,TRUE,TRUE
2013-11-11,East_Antarctica,2.95663801,0.4132228342530335,0.4132228342530335,0.31006724465958424,TRUE,TRUE
2013-11-12,East_Antarctica,2.911787707,0.4046959189517363,0.4046959189517363,0.31006724465958424,TRUE,TRUE
2013-11-13,East_Antarctica,2.865536552,0.3959455645929326,0.3959455645929326,0.31006724465958424,TRUE,TRUE
2013-11-14,East_Antarctica,2.789218369,0.358171600065571,0.358171600065571,0.31006724465958424,TRUE,TRUE
2013-11-15,East_Antarctica,2.754113559,0.36251420627227926,0.36251420627227926,0.31006724465958424,TRUE,TRUE
2013-11-16,East_Antarctica,2.700949932,0.3495609731156808,0.3495609731156808,0.31006724465958424,TRUE,TRUE
2013-11-17,East_Antarctica,2.63768023,0.327124422498402,0.327124422498402,0.31006724465958424,TRUE,TRUE
2013-11-18,East_Antarctica,2.574834906,0.3055947873230642,0.3055947873230642,0.31006724465958424,FALSE,FALSE
2013-11-19,East_Antarctica,2.539593438,0.31201132549229316,0.31201132549229316,0.31006724465958424,TRUE,TRUE
2013-11-20,East_Antarctica,2.538966246,0.35324423690871587,0.35324423690871587,0.31006724465958424,TRUE,TRUE
2013-11-21,East_Antarctica,2.527758673,0.3839586444749554,0.3839586444749554,0.31006724465958424,TRUE,TRUE
2013-11-22,East_Antarctica,2.518378003,0.4164216120936364,0.4164216120936364,0.31006724465958424,TRUE,TRUE
2013-11-23,East_Antarctica,2.462460146,0.40212882966738217,0.40212882966738217,0.31006724465958424,TRUE,TRUE
2013-11-24,East_Antarctica,2.401574241,0.3825092160988195,0.3825092160988195,0.31006724465958424,TRUE,TRUE
2013-11-25,East_Antarctica,2.361745389,0.3834561399343379,0.3834561399343379,0.31006724465958424,TRUE,TRUE
2013-11-26,East_Antarctica,2.318555532,0.3804915977892307,0.3804915977892307,0.31006724465958424,TRUE,TRUE
2013-11-27,East_Antarctica,2.277839829,0.3794268996781396,0.3794268996781396,0.31006724465958424,TRUE,TRUE
2013-11-28,East_Antarctica,2.249974166,0.3906143560249671,0.3906143560249671,0.31006724465958424,TRUE,TRUE
2013-11-29,East_Antarctica,2.223412141,0.40248398925361095,0.40248398925361095,0.31006724465958424,TRUE,TRUE
2013-11-30,East_Antarctica,2.193358751,0.41021722078797573,0.41021722078797573,0.31006724465958424,TRUE,TRUE
2013-12-01,East_Antarctica,2.157657734,0.4116342130519599,0.4116342130519599,0.31006724465958424,TRUE,TRUE
2013-12-02,East_Antarctica,2.13095128,0.4213535804694668,0.4213535804694668,0.31006724465958424,TRUE,TRUE
2013-12-03,East_Antarctica,2.066470571,0.3925829294643948,0.3925829294643948,0.31006724465958424,TRUE,TRUE
2013-12-04,East_Antarctica,2.022335688,0.383418765460646,0.383418765460646,0.31006724465958424,TRUE,TRUE
2013-12-05,East_Antarctica,1.996819739,0.3921106208821221,0.3921106208821221,0.31006724465958424,TRUE,TRUE
2013-12-06,East_Antarctica,1.991587991,0.4203001871527228,0.4203001871527228,0.31006724465958424,TRUE,TRUE
2013-12-07,East_Antarctica,1.941140837,0.4024643056822037,0.4024643056822037,0.31006724465958424,TRUE,TRUE
2013-12-08,East_Antarctica,1.88505463,0.3781632238569628,0.3781632238569628,0.31006724465958424,TRUE,TRUE
2013-12-09,East_Antarctica,1.866012785,0.390082208025051,0.390082208025051,0.31006724465958424,TRUE,TRUE
2013-12-10,East_Antarctica,1.813579854,0.367790314178096,0.367790314178096,0.31006724465958424,TRUE,TRUE
2013-12-11,East_Antarctica,1.779326276,0.3628624853077169,0.3628624853077169,0.31006724465958424,TRUE,TRUE
2013-12-12,East_Antarctica,1.74458705,0.3566382244055377,0.3566382244055377,0.31006724465958424,TRUE,TRUE
2013-12-13,East_Antarctica,1.702824371,0.3425842304631834,0.3425842304631834,0.31006724465958424,TRUE,TRUE
2013-12-14,East_Antarctica,1.687757838,0.35442460647227714,0.35442460647227714,0.31006724465958424,TRUE,TRUE
2013-12-15,East_Antarctica,1.690413711,0.38319011642444223,0.38319011642444223,0.31006724465958424,TRUE,TRUE
2013-12-16,East_Antarctica,1.694140272,0.4122335463113022,0.4122335463113022,0.31006724465958424,TRUE,TRUE
2013-12-17,East_Antarctica,1.679098738,0.4217206171244807,0.4217206171244807,0.31006724465958424,TRUE,TRUE
2013-12-18,East_Antarctica,1.637804249,0.4041709728555995,0.4041709728555995,0.31006724465958424,TRUE,TRUE
2013-12-19,East_Antarctica,1.590483561,0.3798158734962851,0.3798158734962851,0.31006724465958424,TRUE,TRUE
2013-12-20,East_Antarctica,1.594064818,0.4055887735216659,0.4055887735216659,0.31006724465958424,TRUE,TRUE
2013-12-21,East_Antarctica,1.566969185,0.39992890046564145,0.39992890046564145,0.31006724465958424,TRUE,TRUE
2013-12-22,East_Antarctica,1.535446445,0.3891142788231883,0.3891142788231883,0.31006724465958424,TRUE,TRUE
2013-12-23,East_Antarctica,1.512029163,0.3857059987456022,0.3857059987456022,0.31006724465958424,TRUE,TRUE
2013-12-24,East_Antarctica,1.475368211,0.36838345738418066,0.36838345738418066,0.31006724465958424,TRUE,TRUE
2013-12-25,East_Antarctica,1.451682623,0.3633942138902193,0.3633942138902193,0.31006724465958424,TRUE,TRUE
2013-12-26,East_Antarctica,1.441981621,0.37177601541501426,0.37177601541501426,0.31006724465958424,TRUE,TRUE
2013-12-27,East_Antarctica,1.430023244,0.3773154261098606,0.3773154261098606,0.31006724465958424,TRUE,TRUE
2013-12-28,East_Antarctica,1.393260392,0.35749387112605535,0.35749387112605535,0.31006724465958424,TRUE,TRUE
2013-12-29,East_Antarctica,1.357890689,0.33853749961489643,0.33853749961489643,0.31006724465958424,TRUE,TRUE
2013-12-30,East_Antarctica,1.303601567,0.3001622687276786,0.3001622687276786,0.31006724465958424,FALSE,FALSE
2013-12-31,East_Antarctica,1.258479481,0.2704831586156954,0.2704831586156954,0.31006724465958424,FALSE,FALSE
2014-01-01,East_Antarctica,1.29058308,0.31758734343024597,0.31758734343024597,0.31006724465958424,TRUE,FALSE
2014-01-02,East_Antarctica,1.29327422,0.33486410134385214,0.33486410134385214,0.31006724465958424,TRUE,FALSE
2014-01-03,East_Antarctica,1.262105386,0.31788892761392873,0.31788892761392873,0.31006724465958424,TRUE,FALSE
2014-01-04,East_Antarctica,1.214733293,0.2843404445191213,0.2843404445191213,0.31006724465958424,FALSE,FALSE
2014-01-05,East_Antarctica,1.173865511,0.2569481293380763,0.2569481293380763,0.31006724465958424,FALSE,FALSE
2014-01-06,East_Antarctica,1.1356184010000001,0.2318502503494313,0.2318502503494313,0.31006724465958424,FALSE,FALSE
2014-01-07,East_Antarctica,1.12133473,0.23041148183183324,0.23041148183183324,0.31006724465958424,FALSE,FALSE
2014-01-08,East_Antarctica,1.087622006,0.20926123906392524,0.20926123906392524,0.31006724465958424,FALSE,FALSE
2014-01-09,East_Antarctica,1.059852629,0.19379382932434897,0.19379382932434897,0.31006724465958424,FALSE,FALSE
2014-01-10,East_Antarctica,1.05139331,0.1973978708917502,0.1973978708917502,0.31006724465958424,FALSE,FALSE
2014-01-11,East_Antarctica,1.040594123,0.1984453450447703,0.1984453450447703,0.31006724465958424,FALSE,FALSE
2014-01-12,East_Antarctica,1.039394983,0.20889807406205352,0.20889807406205352,0.31006724465958424,FALSE,FALSE
2014-01-13,East_Antarctica,1.048486723,0.2294687982222429,0.2294687982222429,0.31006724465958424,FALSE,FALSE
2014-01-14,East_Antarctica,1.051530826,0.24384057297255535,0.24384057297255535,0.31006724465958424,FALSE,FALSE
2014-01-15,East_Antarctica,1.026751174,0.230246837388674,0.230246837388674,0.31006724465958424,FALSE,FALSE
2014-01-16,East_Antarctica,0.988217628,0.2027519568584174,0.2027519568584174,0.31006724465958424,FALSE,FALSE
2014-01-17,East_Antarctica,0.966527433,0.19194672878649743,0.19194672878649743,0.31006724465958424,FALSE,FALSE
2014-01-18,East_Antarctica,0.94964987,0.18579398657762825,0.18579398657762825,0.31006724465958424,FALSE,FALSE
2014-01-19,East_Antarctica,0.955807678,0.2025100216365221,0.2025100216365221,0.31006724465958424,FALSE,FALSE
2014-01-20,East_Antarctica,0.943219412,0.2003069413678915,0.2003069413678915,0.31006724465958424,FALSE,FALSE
2014-01-21,East_Antarctica,0.919139035,0.1864322611764496,0.1864322611764496,0.31006724465958424,FALSE,FALSE
2014-01-22,East_Antarctica,0.924627972,0.20194095846690976,0.20194095846690976,0.31006724465958424,FALSE,FALSE
2014-01-23,East_Antarctica,0.926584663,0.21372502564398377,0.21372502564398377,0.31006724465958424,FALSE,FALSE
2014-01-24,East_Antarctica,0.918047096,0.2148160031123851,0.2148160031123851,0.31006724465958424,FALSE,FALSE
2014-01-25,East_Antarctica,0.899704958,0.20589713027682663,0.20589713027682663,0.31006724465958424,FALSE,FALSE
2014-01-26,East_Antarctica,0.897813983,0.2132176935420216,0.2132176935420216,0.31006724465958424,FALSE,FALSE
2014-01-27,East_Antarctica,0.909263671,0.23366156419855277,0.23366156419855277,0.31006724465958424,FALSE,FALSE
2014-01-28,East_Antarctica,0.917708665,0.25088329995126857,0.25088329995126857,0.31006724465958424,FALSE,FALSE
2014-01-29,East_Antarctica,0.896529933,0.23826608211955305,0.23826608211955305,0.31006724465958424,FALSE,FALSE
2014-01-30,East_Antarctica,0.901790921,0.25187557742735567,0.25187557742735567,0.31006724465958424,FALSE,FALSE
2014-01-31,East_Antarctica,0.890338029,0.24856040659862755,0.24856040659862755,0.31006724465958424,FALSE,FALSE
2014-02-01,East_Antarctica,0.860543166,0.22669469935732023,0.22669469935732023,0.31006724465958424,FALSE,FALSE
2014-02-02,East_Antarctica,0.849677257,0.2235516014273834,0.2235516014273834,0.31006724465958424,FALSE,FALSE
2014-02-03,East_Antarctica,0.827317037,0.20871006853276952,0.20871006853276952,0.31006724465958424,FALSE,FALSE
2014-02-04,East_Antarctica,0.808444654,0.1971544693974282,0.1971544693974282,0.31006724465958424,FALSE,FALSE
2014-02-05,East_Antarctica,0.808438333,0.20426524974531035,0.20426524974531035,0.31006724465958424,FALSE,FALSE
2014-02-06,East_Antarctica,0.810790821,0.2135373773003668,0.2135373773003668,0.31006724465958424,FALSE,FALSE
2014-02-07,East_Antarctica,0.799866671,0.2093376257865489,0.2093376257865489,0.31006724465958424,FALSE,FALSE
2014-02-08,East_Antarctica,0.805853885,0.2218560786808398,0.2218560786808398,0.31006724465958424,FALSE,FALSE
2014-02-09,East_Antarctica,0.813653004,0.23597697461276224,0.23597697461276224,0.31006724465958424,FALSE,FALSE
2014-02-10,East_Antarctica,0.823864694,0.2522481161545477,0.2522481161545477,0.31006724465958424,FALSE,FALSE
2014-02-11,East_Antarctica,0.850639727,0.2847630891329157,0.2847630891329157,0.31006724465958424,FALSE,FALSE
2014-02-12,East_Antarctica,0.851358418,0.2908450223745861,0.2908450223745861,0.31006724465958424,FALSE,FALSE
2014-02-13,East_Antarctica,0.824728679,0.2691446417062775,0.2691446417062775,0.31006724465958424,FALSE,FALSE
2014-02-14,East_Antarctica,0.822391047,0.27124529795471064,0.27124529795471064,0.31006724465958424,FALSE,FALSE
2014-02-15,East_Antarctica,0.814570166,0.2673144489466044,0.2673144489466044,0.31006724465958424,FALSE,FALSE
2014-02-16,East_Antarctica,0.783749688,0.2397785605086772,0.2397785605086772,0.31006724465958424,FALSE,FALSE
2014-02-17,East_Antarctica,0.784390093,0.24304092646764996,0.24304092646764996,0.31006724465958424,FALSE,FALSE
2014-02-18,East_Antarctica,0.752828488,0.21338146765024144,0.21338146765024144,0.31006724465958424,FALSE,FALSE
2014-02-19,East_Antarctica,0.766837647,0.22851577188317215,0.22851577188317215,0.31006724465958424,FALSE,FALSE
2014-02-20,East_Antarctica,0.779079493,0.24104857599316057,0.24104857599316057,0.31006724465958424,FALSE,FALSE
2014-02-21,East_Antarctica,0.788274923,0.24964666649541536,0.24964666649541536,0.31006724465958424,FALSE,FALSE
2014-02-22,East_Antarctica,0.765775173,0.22564445742417327,0.22564445742417327,0.31006724465958424,FALSE,FALSE
2014-02-23,East_Antarctica,0.760308143,0.21777783276374307,0.21777783276374307,0.31006724465958424,FALSE,FALSE
2014-02-24,East_Antarctica,0.750007003,0.20418839491489027,0.20418839491489027,0.31006724465958424,FALSE,FALSE
2014-02-25,East_Antarctica,0.774562241,0.22457506427838125,0.22457506427838125,0.31006724465958424,FALSE,FALSE
2014-02-26,East_Antarctica,0.772804794,0.21777721025498353,0.21777721025498353,0.31006724465958424,FALSE,FALSE
2014-02-27,East_Antarctica,0.770960484,0.21002908724546163,0.21002908724546163,0.31006724465958424,FALSE,FALSE
2014-02-28,East_Antarctica,0.807169768,0.23947958465058328,0.23947958465058328,0.31006724465958424,FALSE,FALSE
2014-03-01,East_Antarctica,0.819223829,0.2439283178711149,0.2439283178711149,0.31006724465958424,FALSE,FALSE
2014-03-02,East_Antarctica,0.81152572,0.22778677230782216,0.22778677230782216,0.31006724465958424,FALSE,FALSE
2014-03-03,East_Antarctica,0.812150761,0.21913870036147257,0.21913870036147257,0.31006724465958424,FALSE,FALSE
2014-03-04,East_Antarctica,0.798851342,0.19574492443283087,0.19574492443283087,0.31006724465958424,FALSE,FALSE
2014-03-05,East_Antarctica,0.78925785,0.1752442680654327,0.1752442680654327,0.31006724465958424,FALSE,FALSE
2014-03-06,East_Antarctica,0.80876744,0.183057733383304,0.183057733383304,0.31006724465958424,FALSE,FALSE
2014-03-07,East_Antarctica,0.804509732,0.16638895850681656,0.16638895850681656,0.31006724465958424,FALSE,FALSE
2014-03-08,East_Antarctica,0.828927142,0.1777645703200723,0.1777645703200723,0.31006724465958424,FALSE,FALSE
2014-03-09,East_Antarctica,0.855248803,0.1904979127071712,0.1904979127071712,0.31006724465958424,FALSE,FALSE
2014-03-10,East_Antarctica,0.855192526,0.1763910075522147,0.1763910075522147,0.31006724465958424,FALSE,FALSE
2014-03-11,East_Antarctica,0.857318457,0.16408821173930466,0.16408821173930466,0.31006724465958424,FALSE,FALSE
2014-03-12,East_Antarctica,0.937419517,0.22946665715254255,0.22946665715254255,0.31006724465958424,FALSE,FALSE
2014-03-13,East_Antarctica,0.948903461,0.2260183096760271,0.2260183096760271,0.31006724465958424,FALSE,FALSE
2014-03-14,East_Antarctica,0.950101653,0.2121587441938615,0.2121587441938615,0.31006724465958424,FALSE,FALSE
2014-03-15,East_Antarctica,0.944719714,0.19167779259014572,0.19167779259014572,0.31006724465958424,FALSE,FALSE
2014-03-16,East_Antarctica,0.953227634,0.18512965574898077,0.18512965574898077,0.31006724465958424,FALSE,FALSE
2014-03-17,East_Antarctica,1.009416746,0.22638987755446993,0.22638987755446993,0.31006724465958424,FALSE,FALSE
2014-03-18,East_Antarctica,1.038965057,0.2412182253910723,0.2412182253910723,0.31006724465958424,FALSE,FALSE
2014-03-19,East_Antarctica,1.040808427,0.22857111877196049,0.22857111877196049,0.31006724465958424,FALSE,FALSE
2014-03-20,East_Antarctica,1.045660687,0.21911893158633575,0.21911893158633575,0.31006724465958424,FALSE,FALSE
2014-03-21,East_Antarctica,1.076980827,0.2362741827160082,0.2362741827160082,0.31006724465958424,FALSE,FALSE
2014-03-22,East_Antarctica,1.111883989,0.2571055430427852,0.2571055430427852,0.31006724465958424,FALSE,FALSE
2014-03-23,East_Antarctica,1.113716889,0.24491325744847536,0.24491325744847536,0.31006724465958424,FALSE,FALSE
2014-03-24,East_Antarctica,1.128745504,0.2459168318148881,0.2459168318148881,0.31006724465958424,FALSE,FALSE
2014-03-25,East_Antarctica,1.161870359,0.26497032002383203,0.26497032002383203,0.31006724465958424,FALSE,FALSE
2014-03-26,East_Antarctica,1.186502719,0.2754385159571139,0.2754385159571139,0.31006724465958424,FALSE,FALSE
2014-03-27,East_Antarctica,1.225579379,0.30021174349654567,0.30021174349654567,0.31006724465958424,FALSE,FALSE
2014-03-28,East_Antarctica,1.25317212,0.31331531252393197,0.31331531252393197,0.31006724465958424,TRUE,FALSE
2014-03-29,East_Antarctica,1.26281307,0.3082348799210839,0.3082348799210839,0.31006724465958424,FALSE,FALSE
2014-03-30,East_Antarctica,1.285544723,0.31596646856981037,0.31596646856981037,0.31006724465958424,TRUE,FALSE
2014-03-31,East_Antarctica,1.297525429,0.3126306867354598,0.3126306867354598,0.31006724465958424,TRUE,FALSE
2014-04-01,East_Antarctica,1.299314975,0.29879729478387684,0.29879729478387684,0.31006724465958424,FALSE,FALSE
2014-04-02,East_Antarctica,1.319163944,0.30274307015887936,0.30274307015887936,0.31006724465958424,FALSE,FALSE
2014-04-03,East_Antarctica,1.342496338,0.30991822271423786,0.30991822271423786,0.31006724465958424,FALSE,FALSE
2014-04-04,East_Antarctica,1.342478498,0.29351530130372394,0.29351530130372394,0.31006724465958424,FALSE,FALSE
2014-04-05,East_Antarctica,1.35514619,0.28959627978111,0.28959627978111,0.31006724465958424,FALSE,FALSE
2014-04-06,East_Antarctica,1.383923025,0.30161097700016737,0.30161097700016737,0.31006724465958424,FALSE,FALSE
2014-04-07,East_Antarctica,1.405469727,0.3062463248146663,0.3062463248146663,0.31006724465958424,FALSE,FALSE
2014-04-08,East_Antarctica,1.436571871,0.3203141060783805,0.3203141060783805,0.31006724465958424,TRUE,TRUE
2014-04-09,East_Antarctica,1.461764708,0.328375779645081,0.328375779645081,0.31006724465958424,TRUE,TRUE
2014-04-10,East_Antarctica,1.496489105,0.3458984203685378,0.3458984203685378,0.31006724465958424,TRUE,TRUE
2014-04-11,East_Antarctica,1.529957632,0.3621208061025254,0.3621208061025254,0.31006724465958424,TRUE,TRUE
2014-04-12,East_Antarctica,1.548456125,0.36335481818893633,0.36335481818893633,0.31006724465958424,TRUE,TRUE
2014-04-13,East_Antarctica,1.569942,0.3675723357103584,0.3675723357103584,0.31006724465958424,TRUE,TRUE
2014-04-14,East_Antarctica,1.571144811,0.35149828249878845,0.35149828249878845,0.31006724465958424,TRUE,TRUE
2014-04-15,East_Antarctica,1.579464926,0.34252661299114706,0.34252661299114706,0.31006724465958424,TRUE,TRUE
2014-04-16,East_Antarctica,1.609108159,0.3548567276243595,0.3548567276243595,0.31006724465958424,TRUE,TRUE
2014-04-17,East_Antarctica,1.610744572,0.3391522748353446,0.3391522748353446,0.31006724465958424,TRUE,TRUE
2014-04-18,East_Antarctica,1.578533211,0.28956588706102737,0.28956588706102737,0.31006724465958424,FALSE,FALSE
2014-04-19,East_Antarctica,1.574999109,0.26861618373833096,0.26861618373833096,0.31006724465958424,FALSE,FALSE
2014-04-20,East_Antarctica,1.583291806,0.2594462913041766,0.2594462913041766,0.31006724465958424,FALSE,FALSE
2014-04-21,East_Antarctica,1.592223991,0.2508624851954864,0.2508624851954864,0.31006724465958424,FALSE,FALSE
2014-04-22,East_Antarctica,1.593369628,0.23443231584918345,0.23443231584918345,0.31006724465958424,FALSE,FALSE
2014-04-23,East_Antarctica,1.621312112,0.24473276470218863,0.24473276470218863,0.31006724465958424,FALSE,FALSE
2014-04-24,East_Antarctica,1.656925775,0.2626317501914275,0.2626317501914275,0.31006724465958424,FALSE,FALSE
2014-04-25,East_Antarctica,1.676988431,0.264901278913922,0.264901278913922,0.31006724465958424,FALSE,FALSE
2014-04-26,East_Antarctica,1.672687452,0.24272867244951568,0.24272867244951568,0.31006724465958424,FALSE,FALSE
2014-04-27,East_Antarctica,1.678125431,0.23021965472042716,0.23021965472042716,0.31006724465958424,FALSE,FALSE
2014-04-28,East_Antarctica,1.671765476,0.2058404981608042,0.2058404981608042,0.31006724465958424,FALSE,FALSE
2014-04-29,East_Antarctica,1.695644967,0.2116317472047926,0.2116317472047926,0.31006724465958424,FALSE,FALSE
2014-04-30,East_Antarctica,1.723878384,0.22171104628654104,0.22171104628654104,0.31006724465958424,FALSE,FALSE
2014-05-01,East_Antarctica,1.731760105,0.21137593784019537,0.21137593784019537,0.31006724465958424,FALSE,FALSE
2014-05-02,East_Antarctica,1.741188567,0.2025280232999025,0.2025280232999025,0.31006724465958424,FALSE,FALSE
2014-05-03,East_Antarctica,1.79085474,0.23386143709981175,0.23386143709981175,0.31006724465958424,FALSE,FALSE
2014-05-04,East_Antarctica,1.801581768,0.2262024876740676,0.2262024876740676,0.31006724465958424,FALSE,FALSE
2014-05-05,East_Antarctica,1.80868597,0.21487065845681852,0.21487065845681852,0.31006724465958424,FALSE,FALSE
2014-05-06,East_Antarctica,1.815924834,0.20362660188221215,0.20362660188221215,0.31006724465958424,FALSE,FALSE
2014-05-07,East_Antarctica,1.775906574,0.1450816993809001,0.1450816993809001,0.31006724465958424,FALSE,FALSE
2014-05-08,East_Antarctica,1.821944841,0.1725544399828267,0.1725544399828267,0.31006724465958424,FALSE,FALSE
2014-05-09,East_Antarctica,1.816005368,0.14801984097198484,0.14801984097198484,0.31006724465958424,FALSE,FALSE
2014-05-10,East_Antarctica,1.78785397,0.10125373320137698,0.10125373320137698,0.31006724465958424,FALSE,FALSE
2014-05-11,East_Antarctica,1.802650797,0.09742628252400798,0.09742628252400798,0.31006724465958424,FALSE,FALSE
2014-05-12,East_Antarctica,1.839486012,0.11563766779287989,0.11563766779287989,0.31006724465958424,FALSE,FALSE
2014-05-13,East_Antarctica,1.894240434,0.15177872386099978,0.15177872386099978,0.31006724465958424,FALSE,FALSE
2014-05-14,East_Antarctica,1.934596697,0.1735421005813691,0.1735421005813691,0.31006724465958424,FALSE,FALSE
2014-05-15,East_Antarctica,1.959784872,0.1801678848069932,0.1801678848069932,0.31006724465958424,FALSE,FALSE
2014-05-16,East_Antarctica,1.979888318,0.18174945139087373,0.18174945139087373,0.31006724465958424,FALSE,FALSE
2014-05-17,East_Antarctica,2.013075204,0.19646498518601851,0.19646498518601851,0.31006724465958424,FALSE,FALSE
2014-05-18,East_Antarctica,2.041558296,0.20653726804542472,0.20653726804542472,0.31006724465958424,FALSE,FALSE
2014-05-19,East_Antarctica,2.084373164,0.23101188582210289,0.23101188582210289,0.31006724465958424,FALSE,FALSE
2014-05-20,East_Antarctica,2.077362394,0.20574186995129384,0.20574186995129384,0.31006724465958424,FALSE,FALSE
2014-05-21,East_Antarctica,2.079234799,0.18945431759043577,0.18945431759043577,0.31006724465958424,FALSE,FALSE
2014-05-22,East_Antarctica,2.069221989,0.16140597146146707,0.16140597146146707,0.31006724465958424,FALSE,FALSE
2014-05-23,East_Antarctica,2.076934359,0.1512325897043474,0.1512325897043474,0.31006724465958424,FALSE,FALSE
2014-05-24,East_Antarctica,2.05736985,0.113957476459023,0.113957476459023,0.31006724465958424,FALSE,FALSE
2014-05-25,East_Antarctica,2.046579469,0.08565700186544878,0.08565700186544878,0.31006724465958424,FALSE,FALSE
2014-05-26,East_Antarctica,2.060780429,0.08257374206357837,0.08257374206357837,0.31006724465958424,FALSE,FALSE
2014-05-27,East_Antarctica,2.086139499,0.09089982919336605,0.09089982919336605,0.31006724465958424,FALSE,FALSE
2014-05-28,East_Antarctica,2.087714983,0.0757189303947623,0.0757189303947623,0.31006724465958424,FALSE,FALSE
2014-05-29,East_Antarctica,2.093008913,0.06455844080772044,0.06455844080772044,0.31006724465958424,FALSE,FALSE
2014-05-30,East_Antarctica,2.150613468,0.10603590257219686,0.10603590257219686,0.31006724465958424,FALSE,FALSE
2014-05-31,East_Antarctica,2.215214106,0.15486213682813954,0.15486213682813954,0.31006724465958424,FALSE,FALSE
2014-06-01,East_Antarctica,2.266265181,0.1905168607155057,0.1905168607155057,0.31006724465958424,FALSE,FALSE
2014-06-02,East_Antarctica,2.296350294,0.20559660328738527,0.20559660328738527,0.31006724465958424,FALSE,FALSE
2014-06-03,East_Antarctica,2.320740753,0.215330435193545,0.215330435193545,0.31006724465958424,FALSE,FALSE
2014-06-04,East_Antarctica,2.321289215,0.20151348373658973,0.20151348373658973,0.31006724465958424,FALSE,FALSE
2014-06-05,East_Antarctica,2.32181286,0.18790539865265687,0.18790539865265687,0.31006724465958424,FALSE,FALSE
2014-06-06,East_Antarctica,2.306733869,0.15887083067788232,0.15887083067788232,0.31006724465958424,FALSE,FALSE
2014-06-07,East_Antarctica,2.327360213,0.16566022054840568,0.16566022054840568,0.31006724465958424,FALSE,FALSE
2014-06-08,East_Antarctica,2.35790128,0.18242542600036327,0.18242542600036327,0.31006724465958424,FALSE,FALSE
2014-06-09,East_Antarctica,2.349978659,0.1607305057698909,0.1607305057698909,0.31006724465958424,FALSE,FALSE
2014-06-10,East_Antarctica,2.333995148,0.13092072759313125,0.13092072759313125,0.31006724465958424,FALSE,FALSE
2014-06-11,East_Antarctica,2.402452998,0.18544081220621544,0.18544081220621544,0.31006724465958424,FALSE,FALSE
2014-06-12,East_Antarctica,2.418373112,0.1872541323452852,0.1872541323452852,0.31006724465958424,FALSE,FALSE
2014-06-13,East_Antarctica,2.484657736,0.2392054037464768,0.2392054037464768,0.31006724465958424,FALSE,FALSE
2014-06-14,East_Antarctica,2.556120042,0.29605140040976563,0.29605140040976563,0.31006724465958424,FALSE,FALSE
2014-06-15,East_Antarctica,2.598609867,0.32363547622096034,0.32363547622096034,0.31006724465958424,TRUE,FALSE
2014-06-16,East_Antarctica,2.580315469,0.29020788208220916,0.29020788208220916,0.31006724465958424,FALSE,FALSE
2014-06-17,East_Antarctica,2.609514781,0.30411350509979496,0.30411350509979496,0.31006724465958424,FALSE,FALSE
2014-06-18,East_Antarctica,2.680404816,0.35961631238001424,0.35961631238001424,0.31006724465958424,TRUE,FALSE
2014-06-19,East_Antarctica,2.702069403,0.36586708702914894,0.36586708702914894,0.31006724465958424,TRUE,FALSE
2014-06-20,East_Antarctica,2.681687021,0.33011126215349007,0.33011126215349007,0.31006724465958424,TRUE,FALSE
2014-06-21,East_Antarctica,2.68762337,0.32078149185932636,0.32078149185932636,0.31006724465958424,TRUE,FALSE
2014-06-22,East_Antarctica,2.671501175,0.2895674552529446,0.2895674552529446,0.31006724465958424,FALSE,FALSE
2014-06-23,East_Antarctica,2.664024292,0.26723996244063475,0.26723996244063475,0.31006724465958424,FALSE,FALSE
2014-06-24,East_Antarctica,2.655800259,0.24447350552868485,0.24447350552868485,0.31006724465958424,FALSE,FALSE
2014-06-25,East_Antarctica,2.682190817,0.2566967796233812,0.2566967796233812,0.31006724465958424,FALSE,FALSE
2014-06-26,East_Antarctica,2.701704631,0.26248540383101737,0.26248540383101737,0.31006724465958424,FALSE,FALSE
2014-06-27,East_Antarctica,2.734163322,0.2817184335006462,0.2817184335006462,0.31006724465958424,FALSE,FALSE
2014-06-28,East_Antarctica,2.746483295,0.28129777188535865,0.28129777188535865,0.31006724465958424,FALSE,FALSE
2014-06-29,East_Antarctica,2.77517482,0.29768631680830593,0.29768631680830593,0.31006724465958424,FALSE,FALSE
2014-06-30,East_Antarctica,2.827567587,0.3381662170889843,0.3381662170889843,0.31006724465958424,TRUE,TRUE
2014-07-01,East_Antarctica,2.858912796,0.3579411315468861,0.3579411315468861,0.31006724465958424,TRUE,TRUE
2014-07-02,East_Antarctica,2.876729404,0.3644824760015011,0.3644824760015011,0.31006724465958424,TRUE,TRUE
2014-07-03,East_Antarctica,2.891209041,0.3679343392723249,0.3679343392723249,0.31006724465958424,TRUE,TRUE
2014-07-04,East_Antarctica,2.892924653,0.35882212617884823,0.35882212617884823,0.31006724465958424,TRUE,TRUE
2014-07-05,East_Antarctica,2.876127842,0.3313498975405653,0.3313498975405653,0.31006724465958424,TRUE,TRUE
2014-07-06,East_Antarctica,2.845342839,0.28999434317696826,0.28999434317696826,0.31006724465958424,FALSE,FALSE
2014-07-07,East_Antarctica,2.785923173,0.2200614509075498,0.2200614509075498,0.31006724465958424,FALSE,FALSE
2014-07-08,East_Antarctica,2.715336255,0.138971090551804,0.138971090551804,0.31006724465958424,FALSE,FALSE
2014-07-09,East_Antarctica,2.698138177,0.11123187037337344,0.11123187037337344,0.31006724465958424,FALSE,FALSE
2014-07-10,East_Antarctica,2.676442008,0.07892054825747374,0.07892054825747374,0.31006724465958424,FALSE,FALSE
2014-07-11,East_Antarctica,2.667086128,0.05886364408614719,0.05886364408614719,0.31006724465958424,FALSE,FALSE
2014-07-12,East_Antarctica,2.681702099,0.06268409549603371,0.06268409549603371,0.31006724465958424,FALSE,FALSE
2014-07-13,East_Antarctica,2.705669734,0.07575309112377226,0.07575309112377226,0.31006724465958424,FALSE,FALSE
2014-07-14,East_Antarctica,2.737594694,0.09666766760600742,0.09666766760600742,0.31006724465958424,FALSE,FALSE
2014-07-15,East_Antarctica,2.750795754,0.09873797557937936,0.09873797557937936,0.31006724465958424,FALSE,FALSE
2014-07-16,East_Antarctica,2.719089656,0.05577213268053205,0.05577213268053205,0.31006724465958424,FALSE,FALSE
2014-07-17,East_Antarctica,2.740824341,0.06610945554610392,0.06610945554610392,0.31006724465958424,FALSE,FALSE
2014-07-18,East_Antarctica,2.808365905,0.12210741581273954,0.12210741581273954,0.31006724465958424,FALSE,FALSE
2014-07-19,East_Antarctica,2.85177485,0.153817891117078,0.153817891117078,0.31006724465958424,FALSE,FALSE
2014-07-20,East_Antarctica,2.912126287,0.20230736809576344,0.20230736809576344,0.31006724465958424,FALSE,FALSE
2014-07-21,East_Antarctica,2.908093635,0.18624064138543608,0.18624064138543608,0.31006724465958424,FALSE,FALSE
2014-07-22,East_Antarctica,2.907358333,0.173293082213974,0.173293082213974,0.31006724465958424,FALSE,FALSE
2014-07-23,East_Antarctica,2.940193691,0.19376721964250665,0.19376721964250665,0.31006724465958424,FALSE,FALSE
2014-07-24,East_Antarctica,2.935057527,0.17617581270530325,0.17617581270530325,0.31006724465958424,FALSE,FALSE
2014-07-25,East_Antarctica,2.916835489,0.14546003391107565,0.14546003391107565,0.31006724465958424,FALSE,FALSE
2014-07-26,East_Antarctica,2.90710071,0.12324854076853509,0.12324854076853509,0.31006724465958424,FALSE,FALSE
2014-07-27,East_Antarctica,2.900152204,0.10389587178638804,0.10389587178638804,0.31006724465958424,FALSE,FALSE
2014-07-28,East_Antarctica,2.967457388,0.1589249684733467,0.1589249684733467,0.31006724465958424,FALSE,FALSE
2014-07-29,East_Antarctica,3.05206448,0.2314395733381227,0.2314395733381227,0.31006724465958424,FALSE,FALSE
2014-07-30,East_Antarctica,3.134910135,0.30243186588942406,0.30243186588942406,0.31006724465958424,FALSE,FALSE
2014-07-31,East_Antarctica,3.109716098,0.26567911563596125,0.26567911563596125,0.31006724465958424,FALSE,FALSE
2014-08-01,East_Antarctica,3.10652978,0.2512842580864465,0.2512842580864465,0.31006724465958424,FALSE,FALSE
2014-08-02,East_Antarctica,3.081603229,0.21555486574958585,0.21555486574958585,0.31006724465958424,FALSE,FALSE
2014-08-03,East_Antarctica,3.132260788,0.25587080540093154,0.25587080540093154,0.31006724465958424,FALSE,FALSE
2014-08-04,East_Antarctica,3.173221338,0.2869866893822084,0.2869866893822084,0.31006724465958424,FALSE,FALSE
2014-08-05,East_Antarctica,3.170856333,0.2752383040809381,0.2752383040809381,0.31006724465958424,FALSE,FALSE
2014-08-06,East_Antarctica,3.167634958,0.2630430725185384,0.2630430725185384,0.31006724465958424,FALSE,FALSE
2014-08-07,East_Antarctica,3.171523633,0.2583156527164294,0.2583156527164294,0.31006724465958424,FALSE,FALSE
2014-08-08,East_Antarctica,3.147631846,0.2261137706960308,0.2261137706960308,0.31006724465958424,FALSE,FALSE
2014-08-09,East_Antarctica,3.083010032,0.15343609947876224,0.15343609947876224,0.31006724465958424,FALSE,FALSE
2014-08-10,East_Antarctica,3.098024372,0.1605970580860423,0.1605970580860423,0.31006724465958424,FALSE,FALSE
2014-08-11,East_Antarctica,3.140790871,0.19566088953929128,0.19566088953929128,0.31006724465958424,FALSE,FALSE
2014-08-12,East_Antarctica,3.137017313,0.1842836158599277,0.1842836158599277,0.31006724465958424,FALSE,FALSE
2014-08-13,East_Antarctica,3.146318586,0.18602836306937132,0.18602836306937132,0.31006724465958424,FALSE,FALSE
2014-08-14,East_Antarctica,3.195125571,0.22727425018904368,0.22727425018904368,0.31006724465958424,FALSE,FALSE
2014-08-15,East_Antarctica,3.226113981,0.2506452282403622,0.2506452282403622,0.31006724465958424,FALSE,FALSE
2014-08-16,East_Antarctica,3.195466556,0.212273807540472,0.212273807540472,0.31006724465958424,FALSE,FALSE
2014-08-17,East_Antarctica,3.167766629,0.17673863483431296,0.17673863483431296,0.31006724465958424,FALSE,FALSE
2014-08-18,East_Antarctica,3.181254672,0.18232762391180923,0.18232762391180923,0.31006724465958424,FALSE,FALSE
2014-08-19,East_Antarctica,3.213041166,0.20620155431448503,0.20620155431448503,0.31006724465958424,FALSE,FALSE
2014-08-20,East_Antarctica,3.250659678,0.23594429158387564,0.23594429158387564,0.31006724465958424,FALSE,FALSE
2014-08-21,East_Antarctica,3.293303828,0.2707997542615104,0.2707997542615104,0.31006724465958424,FALSE,FALSE
2014-08-22,East_Antarctica,3.307058246,0.2769028708889194,0.2769028708889194,0.31006724465958424,FALSE,FALSE
2014-08-23,East_Antarctica,3.284712398,0.24709340600763197,0.24709340600763197,0.31006724465958424,FALSE,FALSE
2014-08-24,East_Antarctica,3.281580001,0.23673537515918144,0.23673537515918144,0.31006724465958424,FALSE,FALSE
2014-08-25,East_Antarctica,3.248732926,0.1969509478850973,0.1969509478850973,0.31006724465958424,FALSE,FALSE
2014-08-26,East_Antarctica,3.269600136,0.21121938572690935,0.21121938572690935,0.31006724465958424,FALSE,FALSE
2014-08-27,East_Antarctica,3.350007174,0.28541653022614843,0.28541653022614843,0.31006724465958424,FALSE,FALSE
2014-08-28,East_Antarctica,3.359514185,0.289152824924348,0.289152824924348,0.31006724465958424,FALSE,FALSE
2014-08-29,East_Antarctica,3.329474194,0.2538226017380647,0.2538226017380647,0.31006724465958424,FALSE,FALSE
2014-08-30,East_Antarctica,3.290391473,0.20991679122076248,0.20991679122076248,0.31006724465958424,FALSE,FALSE
2014-08-31,East_Antarctica,3.30411396,0.2192494567949872,0.2192494567949872,0.31006724465958424,FALSE,FALSE
2014-09-01,East_Antarctica,3.272848187,0.18399321905359,0.18399321905359,0.31006724465958424,FALSE,FALSE
2014-09-02,East_Antarctica,3.264729577,0.17224958958942294,0.17224958958942294,0.31006724465958424,FALSE,FALSE
2014-09-03,East_Antarctica,3.284075586,0.1883021129953346,0.1883021129953346,0.31006724465958424,FALSE,FALSE
2014-09-04,East_Antarctica,3.326073226,0.22730388986418149,0.22730388986418149,0.31006724465958424,FALSE,FALSE
2014-09-05,East_Antarctica,3.383318697,0.28181720878881267,0.28181720878881267,0.31006724465958424,FALSE,FALSE
2014-09-06,East_Antarctica,3.451572617,0.3475687763620794,0.3475687763620794,0.31006724465958424,TRUE,FALSE
2014-09-07,East_Antarctica,3.425486165,0.31917586017683464,0.31917586017683464,0.31006724465958424,TRUE,FALSE
2014-09-08,East_Antarctica,3.408692793,0.3002380008259258,0.3002380008259258,0.31006724465958424,FALSE,FALSE
2014-09-09,East_Antarctica,3.438348178,0.32787696390221166,0.32787696390221166,0.31006724465958424,TRUE,TRUE
2014-09-10,East_Antarctica,3.44870367,0.33631023980647523,0.33631023980647523,0.31006724465958424,TRUE,TRUE
2014-09-11,East_Antarctica,3.473944141,0.3596937591521798,0.3596937591521798,0.31006724465958424,TRUE,TRUE
2014-09-12,East_Antarctica,3.501414827,0.3853527165900896,0.3853527165900896,0.31006724465958424,TRUE,TRUE
2014-09-13,East_Antarctica,3.492495656,0.3746479358673094,0.3746479358673094,0.31006724465958424,TRUE,TRUE
2014-09-14,East_Antarctica,3.458802165,0.3391758497309456,0.3391758497309456,0.31006724465958424,TRUE,TRUE
2014-09-15,East_Antarctica,3.423239774,0.3018227739280994,0.3018227739280994,0.31006724465958424,FALSE,FALSE
2014-09-16,East_Antarctica,3.429959246,0.3067203672058785,0.3067203672058785,0.31006724465958424,FALSE,FALSE
2014-09-17,East_Antarctica,3.447758185,0.32264712931138506,0.32264712931138506,0.31006724465958424,TRUE,TRUE
2014-09-18,East_Antarctica,3.486327815,0.3592751799917244,0.3592751799917244,0.31006724465958424,TRUE,TRUE
2014-09-19,East_Antarctica,3.517191624,0.3881089029940013,0.3881089029940013,0.31006724465958424,TRUE,TRUE
2014-09-20,East_Antarctica,3.497379356,0.36615893806532096,0.36615893806532096,0.31006724465958424,TRUE,TRUE
2014-09-21,East_Antarctica,3.44571512,0.31223028995278534,0.31223028995278534,0.31006724465958424,TRUE,TRUE
2014-09-22,East_Antarctica,3.451431305,0.3155362434035003,0.3155362434035003,0.31006724465958424,TRUE,TRUE
2014-09-23,East_Antarctica,3.484047078,0.34558294812016355,0.34558294812016355,0.31006724465958424,TRUE,TRUE
2014-09-24,East_Antarctica,3.509330659,0.36819077451289495,0.36819077451289495,0.31006724465958424,TRUE,TRUE
2014-09-25,East_Antarctica,3.499524212,0.35569356872490276,0.35569356872490276,0.31006724465958424,TRUE,TRUE
2014-09-26,East_Antarctica,3.493698055,0.34725388557322656,0.34725388557322656,0.31006724465958424,TRUE,TRUE
2014-09-27,East_Antarctica,3.4891916100000002,0.3403033838748999,0.3403033838748999,0.31006724465958424,TRUE,TRUE
2014-09-28,East_Antarctica,3.461116099,0.3100455224469614,0.3100455224469614,0.31006724465958424,FALSE,FALSE
2014-09-29,East_Antarctica,3.462045221,0.30914623710644706,0.30914623710644706,0.31006724465958424,FALSE,FALSE
2014-09-30,East_Antarctica,3.50432462,0.35004340867039385,0.35004340867039385,0.31006724465958424,TRUE,TRUE
2014-10-01,East_Antarctica,3.498520618,0.34339559595583813,0.34339559595583813,0.31006724465958424,TRUE,TRUE
2014-10-02,East_Antarctica,3.502579651,0.34724147177981735,0.34724147177981735,0.31006724465958424,TRUE,TRUE
2014-10-03,East_Antarctica,3.490187055,0.3353586089593694,0.3353586089593694,0.31006724465958424,TRUE,TRUE
2014-10-04,East_Antarctica,3.479511167,0.3260075813115271,0.3260075813115271,0.31006724465958424,TRUE,TRUE
2014-10-05,East_Antarctica,3.492553873,0.34128248389254123,0.34128248389254123,0.31006724465958424,TRUE,TRUE
2014-10-06,East_Antarctica,3.478030425,0.32995719748570673,0.32995719748570673,0.31006724465958424,TRUE,TRUE
2014-10-07,East_Antarctica,3.443402954,0.2994537038460696,0.2994537038460696,0.31006724465958424,FALSE,FALSE
2014-10-08,East_Antarctica,3.400555825,0.2615981474831939,0.2615981474831939,0.31006724465958424,FALSE,FALSE
2014-10-09,East_Antarctica,3.382129075,0.2489723449066421,0.2489723449066421,0.31006724465958424,FALSE,FALSE
2014-10-10,East_Antarctica,3.352948654,0.22634402562598233,0.22634402562598233,0.31006724465958424,FALSE,FALSE
2014-10-11,East_Antarctica,3.305354989,0.18599539615077856,0.18599539615077856,0.31006724465958424,FALSE,FALSE
2014-10-12,East_Antarctica,3.291229674,0.1797498299905902,0.1797498299905902,0.31006724465958424,FALSE,FALSE
2014-10-13,East_Antarctica,3.25925321,0.15622960765498473,0.15622960765498473,0.31006724465958424,FALSE,FALSE
2014-10-14,East_Antarctica,3.2278737,0.133824611653528,0.133824611653528,0.31006724465958424,FALSE,FALSE
2014-10-15,East_Antarctica,3.227550579,0.142936056495782,0.142936056495782,0.31006724465958424,FALSE,FALSE
2014-10-16,East_Antarctica,3.23465403,0.15987590469131563,0.15987590469131563,0.31006724465958424,FALSE,FALSE
2014-10-17,East_Antarctica,3.205070229,0.140472111749685,0.140472111749685,0.31006724465958424,FALSE,FALSE
2014-10-18,East_Antarctica,3.21627222,0.16214280102491865,0.16214280102491865,0.31006724465958424,FALSE,FALSE
2014-10-19,East_Antarctica,3.234240084,0.19088322058954832,0.19088322058954832,0.31006724465958424,FALSE,FALSE
2014-10-20,East_Antarctica,3.225674749,0.1934764704466012,0.1934764704466012,0.31006724465958424,FALSE,FALSE
2014-10-21,East_Antarctica,3.227888172,0.2073193624948688,0.2073193624948688,0.31006724465958424,FALSE,FALSE
2014-10-22,East_Antarctica,3.217185832,0.2088022306331343,0.2088022306331343,0.31006724465958424,FALSE,FALSE
2014-10-23,East_Antarctica,3.2043048,0.2087470007601917,0.2087470007601917,0.31006724465958424,FALSE,FALSE
2014-10-24,East_Antarctica,3.13190709,0.14990054177482515,0.14990054177482515,0.31006724465958424,FALSE,FALSE
2014-10-25,East_Antarctica,3.133999478,0.16635448457582358,0.16635448457582358,0.31006724465958424,FALSE,FALSE
2014-10-26,East_Antarctica,3.158460799,0.20607251906197763,0.20607251906197763,0.31006724465958424,FALSE,FALSE
2014-10-27,East_Antarctica,3.139936802,0.20378524913207177,0.20378524913207177,0.31006724465958424,FALSE,FALSE
2014-10-28,East_Antarctica,3.105822052,0.18697209468489584,0.18697209468489584,0.31006724465958424,FALSE,FALSE
2014-10-29,East_Antarctica,3.033805703,0.13340706461923757,0.13340706461923757,0.31006724465958424,FALSE,FALSE
2014-10-30,East_Antarctica,2.994645128,0.11393238683388508,0.11393238683388508,0.31006724465958424,FALSE,FALSE
2014-10-31,East_Antarctica,2.963459626,0.10373980458025044,0.10373980458025044,0.31006724465958424,FALSE,FALSE
2014-11-01,East_Antarctica,2.89361136,0.0562028372084904,0.0562028372084904,0.31006724465958424,FALSE,FALSE
2014-11-02,East_Antarctica,2.86835565,0.0545693972393062,0.0545693972393062,0.31006724465958424,FALSE,FALSE
2014-11-03,East_Antarctica,2.796176524,0.00731610014918304,0.00731610014918304,0.31006724465958424,FALSE,FALSE
2014-11-04,East_Antarctica,2.758545113,-0.00409333558538937,0.00409333558538937,0.31006724465958424,FALSE,FALSE
2014-11-05,East_Antarctica,2.716438497,-0.01868924248792103,0.01868924248792103,0.31006724465958424,FALSE,FALSE
2014-11-06,East_Antarctica,2.684557024,-0.02177868508192837,0.02177868508192837,0.31006724465958424,FALSE,FALSE
2014-11-07,East_Antarctica,2.636134637,-0.04013513289091852,0.04013513289091852,0.31006724465958424,FALSE,FALSE
2014-11-08,East_Antarctica,2.608408053,-0.03652928143840661,0.03652928143840661,0.31006724465958424,FALSE,FALSE
2014-11-09,East_Antarctica,2.531315363,-0.08103045224790284,0.08103045224790284,0.31006724465958424,FALSE,FALSE
2014-11-10,East_Antarctica,2.476135855,-0.10236676984291826,0.10236676984291826,0.31006724465958424,FALSE,FALSE
2014-11-11,East_Antarctica,2.386054519,-0.1573606567469663,0.1573606567469663,0.31006724465958424,FALSE,FALSE
2014-11-12,East_Antarctica,2.316141745,-0.19095004304826357,0.19095004304826357,0.31006724465958424,FALSE,FALSE
2014-11-13,East_Antarctica,2.241370978,-0.22822000940706744,0.22822000940706744,0.31006724465958424,FALSE,FALSE
2014-11-14,East_Antarctica,2.227803335,-0.2032434339344289,0.2032434339344289,0.31006724465958424,FALSE,FALSE
2014-11-15,East_Antarctica,2.202607746,-0.18899160672772064,0.18899160672772064,0.31006724465958424,FALSE,FALSE
2014-11-16,East_Antarctica,2.175148744,-0.17624021488431918,0.17624021488431918,0.31006724465958424,FALSE,FALSE
2014-11-17,East_Antarctica,2.14329144,-0.1672643675015979,0.1672643675015979,0.31006724465958424,FALSE,FALSE
2014-11-18,East_Antarctica,2.128513618,-0.14072650067693582,0.14072650067693582,0.31006724465958424,FALSE,FALSE
2014-11-19,East_Antarctica,2.121318593,-0.10626351950770684,0.10626351950770684,0.31006724465958424,FALSE,FALSE
2014-11-20,East_Antarctica,2.101226076,-0.08449593309128423,0.08449593309128423,0.31006724465958424,FALSE,FALSE
2014-11-21,East_Antarctica,2.086101148,-0.05769888052504468,0.05769888052504468,0.31006724465958424,FALSE,FALSE
2014-11-22,East_Antarctica,2.071862644,-0.03009374690636379,0.03009374690636379,0.31006724465958424,FALSE,FALSE
2014-11-23,East_Antarctica,2.005525322,-0.05480599433261801,0.05480599433261801,0.31006724465958424,FALSE,FALSE
2014-11-24,East_Antarctica,1.96563561,-0.05342941490118047,0.05342941490118047,0.31006724465958424,FALSE,FALSE
2014-11-25,East_Antarctica,1.950539526,-0.02774972306566225,0.02774972306566225,0.31006724465958424,FALSE,FALSE
2014-11-26,East_Antarctica,1.92618924,-0.01187469421076925,0.01187469421076925,0.31006724465958424,FALSE,FALSE
2014-11-27,East_Antarctica,1.884717711,-0.01369521832186038,0.01369521832186038,0.31006724465958424,FALSE,FALSE
2014-11-28,East_Antarctica,1.872690634,0.01333082402496721,0.01333082402496721,0.31006724465958424,FALSE,FALSE
2014-11-29,East_Antarctica,1.862900613,0.0419724612536112,0.0419724612536112,0.31006724465958424,FALSE,FALSE
2014-11-30,East_Antarctica,1.84254388,0.05940234978797587,0.05940234978797587,0.31006724465958424,FALSE,FALSE
2014-12-01,East_Antarctica,1.822149297,0.07612577605196003,0.07612577605196003,0.31006724465958424,FALSE,FALSE
2014-12-02,East_Antarctica,1.785895361,0.0762976614694666,0.0762976614694666,0.31006724465958424,FALSE,FALSE
2014-12-03,East_Antarctica,1.722316647,0.04842900546439477,0.04842900546439477,0.31006724465958424,FALSE,FALSE
2014-12-04,East_Antarctica,1.693427205,0.05451028246064604,0.05451028246064604,0.31006724465958424,FALSE,FALSE
2014-12-05,East_Antarctica,1.684568144,0.07985902588212213,0.07985902588212213,0.31006724465958424,FALSE,FALSE
2014-12-06,East_Antarctica,1.652158098,0.08087029415272262,0.08087029415272262,0.31006724465958424,FALSE,FALSE
2014-12-07,East_Antarctica,1.609323922,0.0706473906822036,0.0706473906822036,0.31006724465958424,FALSE,FALSE
2014-12-08,East_Antarctica,1.58219297,0.07530156385696274,0.07530156385696274,0.31006724465958424,FALSE,FALSE
2014-12-09,East_Antarctica,1.536701913,0.06077133602505102,0.06077133602505102,0.31006724465958424,FALSE,FALSE
2014-12-10,East_Antarctica,1.521319818,0.07553027817809599,0.07553027817809599,0.31006724465958424,FALSE,FALSE
2014-12-11,East_Antarctica,1.508298546,0.091834755307717,0.091834755307717,0.31006724465958424,FALSE,FALSE
2014-12-12,East_Antarctica,1.498594044,0.11064521840553776,0.11064521840553776,0.31006724465958424,FALSE,FALSE
2014-12-13,East_Antarctica,1.476569789,0.1163296484631835,0.1163296484631835,0.31006724465958424,FALSE,FALSE
2014-12-14,East_Antarctica,1.450516537,0.11718330547227708,0.11718330547227708,0.31006724465958424,FALSE,FALSE
2014-12-15,East_Antarctica,1.402543072,0.09531947742444236,0.09531947742444236,0.31006724465958424,FALSE,FALSE
2014-12-16,East_Antarctica,1.393075971,0.11116924531130223,0.11116924531130223,0.31006724465958424,FALSE,FALSE
2014-12-17,East_Antarctica,1.341567429,0.08418930812448067,0.08418930812448067,0.31006724465958424,FALSE,FALSE
2014-12-18,East_Antarctica,1.327332198,0.09369892185559948,0.09369892185559948,0.31006724465958424,FALSE,FALSE
2014-12-19,East_Antarctica,1.296905857,0.08623816949628504,0.08623816949628504,0.31006724465958424,FALSE,FALSE
2014-12-20,East_Antarctica,1.268791594,0.08031554952166586,0.08031554952166586,0.31006724465958424,FALSE,FALSE
2014-12-21,East_Antarctica,1.253256403,0.08621611846564137,0.08621611846564137,0.31006724465958424,FALSE,FALSE
2014-12-22,East_Antarctica,1.227674188,0.08134202182318817,0.08134202182318817,0.31006724465958424,FALSE,FALSE
2014-12-23,East_Antarctica,1.221957304,0.0956341397456022,0.0956341397456022,0.31006724465958424,FALSE,FALSE
2014-12-24,East_Antarctica,1.208806713,0.1018219593841807,0.1018219593841807,0.31006724465958424,FALSE,FALSE
2014-12-25,East_Antarctica,1.170867726,0.08257931689021936,0.08257931689021936,0.31006724465958424,FALSE,FALSE
2014-12-26,East_Antarctica,1.156355449,0.0861498434150143,0.0861498434150143,0.31006724465958424,FALSE,FALSE
2014-12-27,East_Antarctica,1.13347883,0.0807710121098606,0.0807710121098606,0.31006724465958424,FALSE,FALSE
2014-12-28,East_Antarctica,1.117229144,0.08146262312605534,0.08146262312605534,0.31006724465958424,FALSE,FALSE
2014-12-29,East_Antarctica,1.109934855,0.09058166561489656,0.09058166561489656,0.31006724465958424,FALSE,FALSE
2014-12-30,East_Antarctica,1.103398034,0.09995873572767856,0.09995873572767856,0.31006724465958424,FALSE,FALSE
2014-12-31,East_Antarctica,1.129338296,0.14134197361569545,0.14134197361569545,0.31006724465958424,FALSE,FALSE
2015-01-01,East_Antarctica,1.113660619,0.140664882430246,0.140664882430246,0.31006724465958424,FALSE,FALSE
2015-01-02,East_Antarctica,1.093837779,0.13542766034385212,0.13542766034385212,0.31006724465958424,FALSE,FALSE
2015-01-03,East_Antarctica,1.075894436,0.13167797761392874,0.13167797761392874,0.31006724465958424,FALSE,FALSE
2015-01-04,East_Antarctica,1.049053317,0.11866046851912126,0.11866046851912126,0.31006724465958424,FALSE,FALSE
2015-01-05,East_Antarctica,1.034625083,0.11770770133807618,0.11770770133807618,0.31006724465958424,FALSE,FALSE
2015-01-06,East_Antarctica,1.021332615,0.11756446434943112,0.11756446434943112,0.31006724465958424,FALSE,FALSE
2015-01-07,East_Antarctica,1.004201412,0.1132781638318332,0.1132781638318332,0.31006724465958424,FALSE,FALSE
2015-01-08,East_Antarctica,1.005662981,0.12730221406392528,0.12730221406392528,0.31006724465958424,FALSE,FALSE
2015-01-09,East_Antarctica,0.989461324,0.12340252432434884,0.12340252432434884,0.31006724465958424,FALSE,FALSE
2015-01-10,East_Antarctica,0.986859858,0.13286441889175027,0.13286441889175027,0.31006724465958424,FALSE,FALSE
2015-01-11,East_Antarctica,0.979978608,0.13782983004477034,0.13782983004477034,0.31006724465958424,FALSE,FALSE
2015-01-12,East_Antarctica,0.988378041,0.15788113206205356,0.15788113206205356,0.31006724465958424,FALSE,FALSE
2015-01-13,East_Antarctica,0.991374885,0.172356960222243,0.172356960222243,0.31006724465958424,FALSE,FALSE
2015-01-14,East_Antarctica,0.96643694,0.15874668697255534,0.15874668697255534,0.31006724465958424,FALSE,FALSE
2015-01-15,East_Antarctica,0.945244918,0.14874058138867408,0.14874058138867408,0.31006724465958424,FALSE,FALSE
2015-01-16,East_Antarctica,0.93326571,0.14780003885841742,0.14780003885841742,0.31006724465958424,FALSE,FALSE
2015-01-17,East_Antarctica,0.914341604,0.13976089978649742,0.13976089978649742,0.31006724465958424,FALSE,FALSE
2015-01-18,East_Antarctica,0.907074153,0.1432182695776283,0.1432182695776283,0.31006724465958424,FALSE,FALSE
2015-01-19,East_Antarctica,0.893841222,0.14054356563652215,0.14054356563652215,0.31006724465958424,FALSE,FALSE
2015-01-20,East_Antarctica,0.890129974,0.14721750336789152,0.14721750336789152,0.31006724465958424,FALSE,FALSE
2015-01-21,East_Antarctica,0.886549008,0.1538422341764496,0.1538422341764496,0.31006724465958424,FALSE,FALSE
2015-01-22,East_Antarctica,0.878552879,0.15586586546690973,0.15586586546690973,0.31006724465958424,FALSE,FALSE
2015-01-23,East_Antarctica,0.837850718,0.1249910806439838,0.1249910806439838,0.31006724465958424,FALSE,FALSE
2015-01-24,East_Antarctica,0.847099726,0.14386863311238518,0.14386863311238518,0.31006724465958424,FALSE,FALSE
2015-01-25,East_Antarctica,0.841110718,0.14730289027682664,0.14730289027682664,0.31006724465958424,FALSE,FALSE
2015-01-26,East_Antarctica,0.827887677,0.14329138754202153,0.14329138754202153,0.31006724465958424,FALSE,FALSE
2015-01-27,East_Antarctica,0.800183584,0.12458147719855273,0.12458147719855273,0.31006724465958424,FALSE,FALSE
2015-01-28,East_Antarctica,0.791095439,0.12427007395126854,0.12427007395126854,0.31006724465958424,FALSE,FALSE
2015-01-29,East_Antarctica,0.803322029,0.14505817811955313,0.14505817811955313,0.31006724465958424,FALSE,FALSE
2015-01-30,East_Antarctica,0.822823497,0.17290815342735566,0.17290815342735566,0.31006724465958424,FALSE,FALSE
2015-01-31,East_Antarctica,0.819189718,0.17741209559862747,0.17741209559862747,0.31006724465958424,FALSE,FALSE
2015-02-01,East_Antarctica,0.803597576,0.16974910935732024,0.16974910935732024,0.31006724465958424,FALSE,FALSE
2015-02-02,East_Antarctica,0.786661363,0.16053570742738343,0.16053570742738343,0.31006724465958424,FALSE,FALSE
2015-02-03,East_Antarctica,0.778829977,0.1602230085327695,0.1602230085327695,0.31006724465958424,FALSE,FALSE
2015-02-04,East_Antarctica,0.749850112,0.13855992739742817,0.13855992739742817,0.31006724465958424,FALSE,FALSE
2015-02-05,East_Antarctica,0.726206947,0.12203386374531032,0.12203386374531032,0.31006724465958424,FALSE,FALSE
2015-02-06,East_Antarctica,0.724956143,0.12770269930036682,0.12770269930036682,0.31006724465958424,FALSE,FALSE
2015-02-07,East_Antarctica,0.72552866,0.13499961478654898,0.13499961478654898,0.31006724465958424,FALSE,FALSE
2015-02-08,East_Antarctica,0.704268823,0.12027101668083984,0.12027101668083984,0.31006724465958424,FALSE,FALSE
2015-02-09,East_Antarctica,0.693411033,0.11573500361276225,0.11573500361276225,0.31006724465958424,FALSE,FALSE
2015-02-10,East_Antarctica,0.686269366,0.11465278815454771,0.11465278815454771,0.31006724465958424,FALSE,FALSE
2015-02-11,East_Antarctica,0.698462053,0.13258541513291566,0.13258541513291566,0.31006724465958424,FALSE,FALSE
2015-02-12,East_Antarctica,0.69479041,0.13427701437458606,0.13427701437458606,0.31006724465958424,FALSE,FALSE
2015-02-13,East_Antarctica,0.697854617,0.14227057970627743,0.14227057970627743,0.31006724465958424,FALSE,FALSE
2015-02-14,East_Antarctica,0.685824414,0.1346786649547107,0.1346786649547107,0.31006724465958424,FALSE,FALSE
2015-02-15,East_Antarctica,0.705776404,0.15852068694660437,0.15852068694660437,0.31006724465958424,FALSE,FALSE
2015-02-16,East_Antarctica,0.697979485,0.15400835750867714,0.15400835750867714,0.31006724465958424,FALSE,FALSE
2015-02-17,East_Antarctica,0.702252762,0.16090359546764998,0.16090359546764998,0.31006724465958424,FALSE,FALSE
2015-02-18,East_Antarctica,0.705201314,0.1657542936502414,0.1657542936502414,0.31006724465958424,FALSE,FALSE
2015-02-19,East_Antarctica,0.701510003,0.16318812788317216,0.16318812788317216,0.31006724465958424,FALSE,FALSE
2015-02-20,East_Antarctica,0.685031226,0.14700030899316052,0.14700030899316052,0.31006724465958424,FALSE,FALSE
2015-02-21,East_Antarctica,0.686699008,0.14807075149541538,0.14807075149541538,0.31006724465958424,FALSE,FALSE
2015-02-22,East_Antarctica,0.701887612,0.16175689642417335,0.16175689642417335,0.31006724465958424,FALSE,FALSE
2015-02-23,East_Antarctica,0.701900146,0.15936983576374297,0.15936983576374297,0.31006724465958424,FALSE,FALSE
2015-02-24,East_Antarctica,0.716018885,0.17020027691489026,0.17020027691489026,0.31006724465958424,FALSE,FALSE
2015-02-25,East_Antarctica,0.725082326,0.1750951492783812,0.1750951492783812,0.31006724465958424,FALSE,FALSE
2015-02-26,East_Antarctica,0.728016312,0.17298872825498357,0.17298872825498357,0.31006724465958424,FALSE,FALSE
2015-02-27,East_Antarctica,0.743841656,0.18291025924546167,0.18291025924546167,0.31006724465958424,FALSE,FALSE
2015-02-28,East_Antarctica,0.755447989,0.1877578056505833,0.1877578056505833,0.31006724465958424,FALSE,FALSE
2015-03-01,East_Antarctica,0.750011774,0.17471626287111486,0.17471626287111486,0.31006724465958424,FALSE,FALSE
2015-03-02,East_Antarctica,0.744830182,0.16109123430782213,0.16109123430782213,0.31006724465958424,FALSE,FALSE
2015-03-03,East_Antarctica,0.789299983,0.19628792236147252,0.19628792236147252,0.31006724465958424,FALSE,FALSE
2015-03-04,East_Antarctica,0.827691836,0.2245854184328309,0.2245854184328309,0.31006724465958424,FALSE,FALSE
2015-03-05,East_Antarctica,0.842854028,0.22884044606543263,0.22884044606543263,0.31006724465958424,FALSE,FALSE
2015-03-06,East_Antarctica,0.842420618,0.216710911383304,0.216710911383304,0.31006724465958424,FALSE,FALSE
2015-03-07,East_Antarctica,0.840410191,0.20228941750681664,0.20228941750681664,0.31006724465958424,FALSE,FALSE
2015-03-08,East_Antarctica,0.856721241,0.2055586693200724,0.2055586693200724,0.31006724465958424,FALSE,FALSE
2015-03-09,East_Antarctica,0.845372594,0.18062170370717123,0.18062170370717123,0.31006724465958424,FALSE,FALSE
2015-03-10,East_Antarctica,0.843409457,0.16460793855221478,0.16460793855221478,0.31006724465958424,FALSE,FALSE
2015-03-11,East_Antarctica,0.849930853,0.15670060773930472,0.15670060773930472,0.31006724465958424,FALSE,FALSE
2015-03-12,East_Antarctica,0.87528691300000006,0.16733405315254257,0.16733405315254257,0.31006724465958424,FALSE,FALSE
2015-03-13,East_Antarctica,0.887769729,0.16488457767602704,0.16488457767602704,0.31006724465958424,FALSE,FALSE
2015-03-14,East_Antarctica,0.880769317,0.1428264081938615,0.1428264081938615,0.31006724465958424,FALSE,FALSE
2015-03-15,East_Antarctica,0.919387785,0.1663458635901457,0.1663458635901457,0.31006724465958424,FALSE,FALSE
2015-03-16,East_Antarctica,0.936850197,0.16875221874898083,0.16875221874898083,0.31006724465958424,FALSE,FALSE
2015-03-17,East_Antarctica,0.946555117,0.1635282485544698,0.1635282485544698,0.31006724465958424,FALSE,FALSE
2015-03-18,East_Antarctica,0.947371901,0.14962506939107234,0.14962506939107234,0.31006724465958424,FALSE,FALSE
2015-03-19,East_Antarctica,0.943669427,0.13143211877196048,0.13143211877196048,0.31006724465958424,FALSE,FALSE
2015-03-20,East_Antarctica,0.954491869,0.1279501135863358,0.1279501135863358,0.31006724465958424,FALSE,FALSE
2015-03-21,East_Antarctica,0.962328177,0.12162153271600806,0.12162153271600806,0.31006724465958424,FALSE,FALSE
2015-03-22,East_Antarctica,0.976719819,0.12194137304278518,0.12194137304278518,0.31006724465958424,FALSE,FALSE
2015-03-23,East_Antarctica,0.985748187,0.11694455544847536,0.11694455544847536,0.31006724465958424,FALSE,FALSE
2015-03-24,East_Antarctica,0.998522619,0.11569394681488798,0.11569394681488798,0.31006724465958424,FALSE,FALSE
2015-03-25,East_Antarctica,1.015578817,0.11867877802383207,0.11867877802383207,0.31006724465958424,FALSE,FALSE
2015-03-26,East_Antarctica,1.03727324,0.12620903695711394,0.12620903695711394,0.31006724465958424,FALSE,FALSE
2015-03-27,East_Antarctica,1.05597334,0.13060570449654563,0.13060570449654563,0.31006724465958424,FALSE,FALSE
2015-03-28,East_Antarctica,1.072104216,0.13224740852393213,0.13224740852393213,0.31006724465958424,FALSE,FALSE
2015-03-29,East_Antarctica,1.096740673,0.1421624829210839,0.1421624829210839,0.31006724465958424,FALSE,FALSE
2015-03-30,East_Antarctica,1.10456606,0.1349878055698105,0.1349878055698105,0.31006724465958424,FALSE,FALSE
2015-03-31,East_Antarctica,1.116872589,0.13197784673545976,0.13197784673545976,0.31006724465958424,FALSE,FALSE
2015-04-01,East_Antarctica,1.145599354,0.14508167378387693,0.14508167378387693,0.31006724465958424,FALSE,FALSE
2015-04-02,East_Antarctica,1.153944005,0.13752313115887935,0.13752313115887935,0.31006724465958424,FALSE,FALSE
2015-04-03,East_Antarctica,1.184527785,0.15194966971423796,0.15194966971423796,0.31006724465958424,FALSE,FALSE
2015-04-04,East_Antarctica,1.208609926,0.15964672930372403,0.15964672930372403,0.31006724465958424,FALSE,FALSE
2015-04-05,East_Antarctica,1.220106166,0.1545562557811102,0.1545562557811102,0.31006724465958424,FALSE,FALSE
2015-04-06,East_Antarctica,1.236441515,0.15412946700016741,0.15412946700016741,0.31006724465958424,FALSE,FALSE
2015-04-07,East_Antarctica,1.269438766,0.17021536381466618,0.17021536381466618,0.31006724465958424,FALSE,FALSE
2015-04-08,East_Antarctica,1.292858257,0.17660049207838058,0.17660049207838058,0.31006724465958424,FALSE,FALSE
2015-04-09,East_Antarctica,1.326669624,0.193280695645081,0.193280695645081,0.31006724465958424,FALSE,FALSE
2015-04-10,East_Antarctica,1.338326272,0.1877355873685378,0.1877355873685378,0.31006724465958424,FALSE,FALSE
2015-04-11,East_Antarctica,1.337765769,0.1699289431025255,0.1699289431025255,0.31006724465958424,FALSE,FALSE
2015-04-12,East_Antarctica,1.347331049,0.1622297421889363,0.1622297421889363,0.31006724465958424,FALSE,FALSE
2015-04-13,East_Antarctica,1.370001039,0.16763137471035838,0.16763137471035838,0.31006724465958424,FALSE,FALSE
2015-04-14,East_Antarctica,1.398540616,0.17889408749878857,0.17889408749878857,0.31006724465958424,FALSE,FALSE
2015-04-15,East_Antarctica,1.413418593,0.17648027999114713,0.17648027999114713,0.31006724465958424,FALSE,FALSE
2015-04-16,East_Antarctica,1.428905869,0.1746544376243595,0.1746544376243595,0.31006724465958424,FALSE,FALSE
2015-04-17,East_Antarctica,1.455366692,0.18377439483534452,0.18377439483534452,0.31006724465958424,FALSE,FALSE
2015-04-18,East_Antarctica,1.475187535,0.18622021106102735,0.18622021106102735,0.31006724465958424,FALSE,FALSE
2015-04-19,East_Antarctica,1.493618245,0.18723531973833096,0.18723531973833096,0.31006724465958424,FALSE,FALSE
2015-04-20,East_Antarctica,1.50787008,0.18402456530417657,0.18402456530417657,0.31006724465958424,FALSE,FALSE
2015-04-21,East_Antarctica,1.549588006,0.2082265001954864,0.2082265001954864,0.31006724465958424,FALSE,FALSE
2015-04-22,East_Antarctica,1.557983018,0.19904570584918344,0.19904570584918344,0.31006724465958424,FALSE,FALSE
2015-04-23,East_Antarctica,1.555153848,0.1785745007021886,0.1785745007021886,0.31006724465958424,FALSE,FALSE
2015-04-24,East_Antarctica,1.571489044,0.17719501919142755,0.17719501919142755,0.31006724465958424,FALSE,FALSE
2015-04-25,East_Antarctica,1.605744028,0.1936568759139219,0.1936568759139219,0.31006724465958424,FALSE,FALSE
2015-04-26,East_Antarctica,1.633239904,0.20328112444951585,0.20328112444951585,0.31006724465958424,FALSE,FALSE
2015-04-27,East_Antarctica,1.67164246,0.2237366837204271,0.2237366837204271,0.31006724465958424,FALSE,FALSE
2015-04-28,East_Antarctica,1.690638388,0.22471341016080415,0.22471341016080415,0.31006724465958424,FALSE,FALSE
2015-04-29,East_Antarctica,1.695490821,0.21147760120479253,0.21147760120479253,0.31006724465958424,FALSE,FALSE
2015-04-30,East_Antarctica,1.710409962,0.20824262428654097,0.20824262428654097,0.31006724465958424,FALSE,FALSE
2015-05-01,East_Antarctica,1.735857666,0.2154734988401954,0.2154734988401954,0.31006724465958424,FALSE,FALSE
2015-05-02,East_Antarctica,1.754232614,0.21557207029990244,0.21557207029990244,0.31006724465958424,FALSE,FALSE
2015-05-03,East_Antarctica,1.742948347,0.1859550440998119,0.1859550440998119,0.31006724465958424,FALSE,FALSE
2015-05-04,East_Antarctica,1.746402938,0.17102365767406758,0.17102365767406758,0.31006724465958424,FALSE,FALSE
2015-05-05,East_Antarctica,1.79281187,0.19899655845681852,0.19899655845681852,0.31006724465958424,FALSE,FALSE
2015-05-06,East_Antarctica,1.847238858,0.2349406258822122,0.2349406258822122,0.31006724465958424,FALSE,FALSE
2015-05-07,East_Antarctica,1.880447139,0.24962226438090007,0.24962226438090007,0.31006724465958424,FALSE,FALSE
2015-05-08,East_Antarctica,1.919814887,0.27042448598282665,0.27042448598282665,0.31006724465958424,FALSE,FALSE
2015-05-09,East_Antarctica,1.947442234,0.2794567069719849,0.2794567069719849,0.31006724465958424,FALSE,FALSE
2015-05-10,East_Antarctica,1.953899917,0.26729968020137695,0.26729968020137695,0.31006724465958424,FALSE,FALSE
2015-05-11,East_Antarctica,1.97814483,0.27292031552400786,0.27292031552400786,0.31006724465958424,FALSE,FALSE
2015-05-12,East_Antarctica,2.013089015,0.28924067079287963,0.28924067079287963,0.31006724465958424,FALSE,FALSE
2015-05-13,East_Antarctica,2.026944475,0.28448276486099977,0.28448276486099977,0.31006724465958424,FALSE,FALSE
2015-05-14,East_Antarctica,2.019514292,0.2584596955813694,0.2584596955813694,0.31006724465958424,FALSE,FALSE
2015-05-15,East_Antarctica,2.034046506,0.2544295188069934,0.2544295188069934,0.31006724465958424,FALSE,FALSE
2015-05-16,East_Antarctica,2.07949938,0.28136051339087387,0.28136051339087387,0.31006724465958424,FALSE,FALSE
2015-05-17,East_Antarctica,2.09559633,0.2789861111860181,0.2789861111860181,0.31006724465958424,FALSE,FALSE
2015-05-18,East_Antarctica,2.086333289,0.25131226104542503,0.25131226104542503,0.31006724465958424,FALSE,FALSE
2015-05-19,East_Antarctica,2.104722572,0.2513612938221028,0.2513612938221028,0.31006724465958424,FALSE,FALSE
2015-05-20,East_Antarctica,2.110305387,0.23868486295129365,0.23868486295129365,0.31006724465958424,FALSE,FALSE
2015-05-21,East_Antarctica,2.164325009,0.2745445275904359,0.2745445275904359,0.31006724465958424,FALSE,FALSE
2015-05-22,East_Antarctica,2.226722497,0.3189064794614671,0.3189064794614671,0.31006724465958424,TRUE,FALSE
2015-05-23,East_Antarctica,2.249929165,0.32422739570434755,0.32422739570434755,0.31006724465958424,TRUE,FALSE
2015-05-24,East_Antarctica,2.233551345,0.2901389714590228,0.2901389714590228,0.31006724465958424,FALSE,FALSE
2015-05-25,East_Antarctica,2.213193365,0.25227089786544865,0.25227089786544865,0.31006724465958424,FALSE,FALSE
2015-05-26,East_Antarctica,2.219450709,0.24124402206357876,0.24124402206357876,0.31006724465958424,FALSE,FALSE
2015-05-27,East_Antarctica,2.226561285,0.2313216151933657,0.2313216151933657,0.31006724465958424,FALSE,FALSE
2015-05-28,East_Antarctica,2.233146472,0.2211504193947622,0.2211504193947622,0.31006724465958424,FALSE,FALSE
2015-05-29,East_Antarctica,2.202155935,0.1737054628077206,0.1737054628077206,0.31006724465958424,FALSE,FALSE
2015-05-30,East_Antarctica,2.191861669,0.147284103572197,0.147284103572197,0.31006724465958424,FALSE,FALSE
2015-05-31,East_Antarctica,2.194116326,0.1337643568281397,0.1337643568281397,0.31006724465958424,FALSE,FALSE
2015-06-01,East_Antarctica,2.214571808,0.13882348771550568,0.13882348771550568,0.31006724465958424,FALSE,FALSE
2015-06-02,East_Antarctica,2.259480497,0.16872680628738568,0.16872680628738568,0.31006724465958424,FALSE,FALSE
2015-06-03,East_Antarctica,2.274145251,0.16873493319354527,0.16873493319354527,0.31006724465958424,FALSE,FALSE
2015-06-04,East_Antarctica,2.243113295,0.12333756373658966,0.12333756373658966,0.31006724465958424,FALSE,FALSE
2015-06-05,East_Antarctica,2.24112233,0.10721486865265684,0.10721486865265684,0.31006724465958424,FALSE,FALSE
2015-06-06,East_Antarctica,2.254069797,0.10620675867788254,0.10620675867788254,0.31006724465958424,FALSE,FALSE
2015-06-07,East_Antarctica,2.308094214,0.14639422154840576,0.14639422154840576,0.31006724465958424,FALSE,FALSE
2015-06-08,East_Antarctica,2.345148647,0.16967279300036298,0.16967279300036298,0.31006724465958424,FALSE,FALSE
2015-06-09,East_Antarctica,2.371885076,0.18263692276989071,0.18263692276989071,0.31006724465958424,FALSE,FALSE
2015-06-10,East_Antarctica,2.372822019,0.16974759859313115,0.16974759859313115,0.31006724465958424,FALSE,FALSE
2015-06-11,East_Antarctica,2.368535102,0.15152291620621572,0.15152291620621572,0.31006724465958424,FALSE,FALSE
2015-06-12,East_Antarctica,2.36025741,0.12913843034528538,0.12913843034528538,0.31006724465958424,FALSE,FALSE
2015-06-13,East_Antarctica,2.361261641,0.11580930874647688,0.11580930874647688,0.31006724465958424,FALSE,FALSE
2015-06-14,East_Antarctica,2.387056939,0.12698829740976558,0.12698829740976558,0.31006724465958424,FALSE,FALSE
2015-06-15,East_Antarctica,2.401864388,0.12688999722096028,0.12688999722096028,0.31006724465958424,FALSE,FALSE
2015-06-16,East_Antarctica,2.447036164,0.1569285770822093,0.1569285770822093,0.31006724465958424,FALSE,FALSE
2015-06-17,East_Antarctica,2.470490722,0.16508944609979492,0.16508944609979492,0.31006724465958424,FALSE,FALSE
2015-06-18,East_Antarctica,2.497975624,0.17718712038001438,0.17718712038001438,0.31006724465958424,FALSE,FALSE
2015-06-19,East_Antarctica,2.548310942,0.21210862602914915,0.21210862602914915,0.31006724465958424,FALSE,FALSE
2015-06-20,East_Antarctica,2.56276977,0.21119401115349,0.21119401115349,0.31006724465958424,FALSE,FALSE
2015-06-21,East_Antarctica,2.524197302,0.15735542385932666,0.15735542385932666,0.31006724465958424,FALSE,FALSE
2015-06-22,East_Antarctica,2.488239014,0.10630529425294456,0.10630529425294456,0.31006724465958424,FALSE,FALSE
2015-06-23,East_Antarctica,2.441795091,0.04501076144063454,0.04501076144063454,0.31006724465958424,FALSE,FALSE
2015-06-24,East_Antarctica,2.43598924,0.02466248652868508,0.02466248652868508,0.31006724465958424,FALSE,FALSE
2015-06-25,East_Antarctica,2.435875126,0.01038108862338127,0.01038108862338127,0.31006724465958424,FALSE,FALSE
2015-06-26,East_Antarctica,2.50518903,0.06596980283101717,0.06596980283101717,0.31006724465958424,FALSE,FALSE
2015-06-27,East_Antarctica,2.572993099,0.12054821050064612,0.12054821050064612,0.31006724465958424,FALSE,FALSE
2015-06-28,East_Antarctica,2.629369337,0.16418381388535863,0.16418381388535863,0.31006724465958424,FALSE,FALSE
2015-06-29,East_Antarctica,2.675364393,0.19787588980830595,0.19787588980830595,0.31006724465958424,FALSE,FALSE
2015-06-30,East_Antarctica,2.697775259,0.20837388908898455,0.20837388908898455,0.31006724465958424,FALSE,FALSE
2015-07-01,East_Antarctica,2.666208069,0.16523640454688637,0.16523640454688637,0.31006724465958424,FALSE,FALSE
2015-07-02,East_Antarctica,2.665881031,0.15363410300150093,0.15363410300150093,0.31006724465958424,FALSE,FALSE
2015-07-03,East_Antarctica,2.682144764,0.15887006227232447,0.15887006227232447,0.31006724465958424,FALSE,FALSE
2015-07-04,East_Antarctica,2.718424724,0.18432219717884823,0.18432219717884823,0.31006724465958424,FALSE,FALSE
2015-07-05,East_Antarctica,2.732620513,0.1878425685405656,0.1878425685405656,0.31006724465958424,FALSE,FALSE
2015-07-06,East_Antarctica,2.729547161,0.17419866517696825,0.17419866517696825,0.31006724465958424,FALSE,FALSE
2015-07-07,East_Antarctica,2.726867143,0.16100542090755,0.16100542090755,0.31006724465958424,FALSE,FALSE
2015-07-08,East_Antarctica,2.67465385,0.09828868555180392,0.09828868555180392,0.31006724465958424,FALSE,FALSE
2015-07-09,East_Antarctica,2.630713998,0.04380769137337337,0.04380769137337337,0.31006724465958424,FALSE,FALSE
2015-07-10,East_Antarctica,2.634139753,0.03661829325747368,0.03661829325747368,0.31006724465958424,FALSE,FALSE
2015-07-11,East_Antarctica,2.619121209,0.01089872508614719,0.01089872508614719,0.31006724465958424,FALSE,FALSE
2015-07-12,East_Antarctica,2.525541075,-0.09347692850396604,0.09347692850396604,0.31006724465958424,FALSE,FALSE
2015-07-13,East_Antarctica,2.517275676,-0.11264096687622782,0.11264096687622782,0.31006724465958424,FALSE,FALSE
2015-07-14,East_Antarctica,2.486608889,-0.15431813739399258,0.15431813739399258,0.31006724465958424,FALSE,FALSE
2015-07-15,East_Antarctica,2.490879996,-0.16117778242062064,0.16117778242062064,0.31006724465958424,FALSE,FALSE
2015-07-16,East_Antarctica,2.515650449,-0.14766707431946813,0.14766707431946813,0.31006724465958424,FALSE,FALSE
2015-07-17,East_Antarctica,2.562047038,-0.11266784745389602,0.11266784745389602,0.31006724465958424,FALSE,FALSE
2015-07-18,East_Antarctica,2.612869853,-0.07338863618726066,0.07338863618726066,0.31006724465958424,FALSE,FALSE
2015-07-19,East_Antarctica,2.639992849,-0.057964109882922,0.057964109882922,0.31006724465958424,FALSE,FALSE
2015-07-20,East_Antarctica,2.635182463,-0.07463645590423651,0.07463645590423651,0.31006724465958424,FALSE,FALSE
2015-07-21,East_Antarctica,2.646509896,-0.07534309761456415,0.07534309761456415,0.31006724465958424,FALSE,FALSE
2015-07-22,East_Antarctica,2.669733788,-0.06433146278602608,0.06433146278602608,0.31006724465958424,FALSE,FALSE
2015-07-23,East_Antarctica,2.670946948,-0.07547952335749342,0.07547952335749342,0.31006724465958424,FALSE,FALSE
2015-07-24,East_Antarctica,2.651567561,-0.10731415329469708,0.10731415329469708,0.31006724465958424,FALSE,FALSE
2015-07-25,East_Antarctica,2.64910923,-0.12226622508892417,0.12226622508892417,0.31006724465958424,FALSE,FALSE
2015-07-26,East_Antarctica,2.725568147,-0.05828402223146467,0.05828402223146467,0.31006724465958424,FALSE,FALSE
2015-07-27,East_Antarctica,2.769640177,-0.02661615521361193,0.02661615521361193,0.31006724465958424,FALSE,FALSE
2015-07-28,East_Antarctica,2.767527125,-0.04100529452665347,0.04100529452665347,0.31006724465958424,FALSE,FALSE
2015-07-29,East_Antarctica,2.81849581,-0.00212909666187721,0.00212909666187721,0.31006724465958424,FALSE,FALSE
2015-07-30,East_Antarctica,2.867359189,0.03488091988942399,0.03488091988942399,0.31006724465958424,FALSE,FALSE
2015-07-31,East_Antarctica,2.89048007,0.04644308763596161,0.04644308763596161,0.31006724465958424,FALSE,FALSE
2015-08-01,East_Antarctica,2.848461759,-0.0067837629135532,0.0067837629135532,0.31006724465958424,FALSE,FALSE
2015-08-02,East_Antarctica,2.807525835,-0.05852252825041448,0.05852252825041448,0.31006724465958424,FALSE,FALSE
2015-08-03,East_Antarctica,2.784409038,-0.09198094459906823,0.09198094459906823,0.31006724465958424,FALSE,FALSE
2015-08-04,East_Antarctica,2.79393669,-0.09229795861779166,0.09229795861779166,0.31006724465958424,FALSE,FALSE
2015-08-05,East_Antarctica,2.819744946,-0.07587308291906192,0.07587308291906192,0.31006724465958424,FALSE,FALSE
2015-08-06,East_Antarctica,2.877514951,-0.0270769344814612,0.0270769344814612,0.31006724465958424,FALSE,FALSE
2015-08-07,East_Antarctica,2.882987554,-0.03022042628357058,0.03022042628357058,0.31006724465958424,FALSE,FALSE
2015-08-08,East_Antarctica,2.87900232,-0.042515755303969,0.042515755303969,0.31006724465958424,FALSE,FALSE
2015-08-09,East_Antarctica,2.860216413,-0.0693575195212377,0.0693575195212377,0.31006724465958424,FALSE,FALSE
2015-08-10,East_Antarctica,2.815506374,-0.12192093991395758,0.12192093991395758,0.31006724465958424,FALSE,FALSE
2015-08-11,East_Antarctica,2.798819717,-0.1463102644607086,0.1463102644607086,0.31006724465958424,FALSE,FALSE
2015-08-12,East_Antarctica,2.820808329,-0.13192536814007205,0.13192536814007205,0.31006724465958424,FALSE,FALSE
2015-08-13,East_Antarctica,2.828453846,-0.13183637693062877,0.13183637693062877,0.31006724465958424,FALSE,FALSE
2015-08-14,East_Antarctica,2.792969837,-0.1748814838109567,0.1748814838109567,0.31006724465958424,FALSE,FALSE
2015-08-15,East_Antarctica,2.773324066,-0.20214468675963815,0.20214468675963815,0.31006724465958424,FALSE,FALSE
2015-08-16,East_Antarctica,2.784748166,-0.198444582459528,0.198444582459528,0.31006724465958424,FALSE,FALSE
2015-08-17,East_Antarctica,2.770334959,-0.22069303516568703,0.22069303516568703,0.31006724465958424,FALSE,FALSE
2015-08-18,East_Antarctica,2.789429188,-0.2094978600881907,0.2094978600881907,0.31006724465958424,FALSE,FALSE
2015-08-19,East_Antarctica,2.819622073,-0.18721753868551483,0.18721753868551483,0.31006724465958424,FALSE,FALSE
2015-08-20,East_Antarctica,2.819209728,-0.1955056584161241,0.1955056584161241,0.31006724465958424,FALSE,FALSE
2015-08-21,East_Antarctica,2.785743957,-0.2367601167384894,0.2367601167384894,0.31006724465958424,FALSE,FALSE
2015-08-22,East_Antarctica,2.814889035,-0.21526634011108037,0.21526634011108037,0.31006724465958424,FALSE,FALSE
2015-08-23,East_Antarctica,2.857797992,-0.1798209999923679,0.1798209999923679,0.31006724465958424,FALSE,FALSE
2015-08-24,East_Antarctica,2.86225643,-0.18258819584081865,0.18258819584081865,0.31006724465958424,FALSE,FALSE
2015-08-25,East_Antarctica,2.873011326,-0.17877065211490306,0.17877065211490306,0.31006724465958424,FALSE,FALSE
2015-08-26,East_Antarctica,2.865613155,-0.19276759527309073,0.19276759527309073,0.31006724465958424,FALSE,FALSE
2015-08-27,East_Antarctica,2.872138505,-0.19245213877385137,0.19245213877385137,0.31006724465958424,FALSE,FALSE
2015-08-28,East_Antarctica,2.905929473,-0.16443188707565204,0.16443188707565204,0.31006724465958424,FALSE,FALSE
2015-08-29,East_Antarctica,2.883269531,-0.19238206126193536,0.19238206126193536,0.31006724465958424,FALSE,FALSE
2015-08-30,East_Antarctica,2.832569794,-0.2479048877792378,0.2479048877792378,0.31006724465958424,FALSE,FALSE
2015-08-31,East_Antarctica,2.777286976,-0.30757752720501275,0.30757752720501275,0.31006724465958424,FALSE,FALSE
2015-09-01,East_Antarctica,2.766092077,-0.32276289094641,0.32276289094641,0.31006724465958424,TRUE,FALSE
2015-09-02,East_Antarctica,2.796654246,-0.29582574141057716,0.29582574141057716,0.31006724465958424,FALSE,FALSE
2015-09-03,East_Antarctica,2.783779012,-0.31199446100466544,0.31199446100466544,0.31006724465958424,TRUE,TRUE
2015-09-04,East_Antarctica,2.778032588,-0.32073674813581876,0.32073674813581876,0.31006724465958424,TRUE,TRUE
2015-09-05,East_Antarctica,2.768727021,-0.3327744672111872,0.3327744672111872,0.31006724465958424,TRUE,TRUE
2015-09-06,East_Antarctica,2.741598771,-0.36240506963792063,0.36240506963792063,0.31006724465958424,TRUE,TRUE
2015-09-07,East_Antarctica,2.731808187,-0.3745021178231656,0.3745021178231656,0.31006724465958424,TRUE,TRUE
2015-09-08,East_Antarctica,2.791843104,-0.3166116881740746,0.3166116881740746,0.31006724465958424,TRUE,TRUE
2015-09-09,East_Antarctica,2.827869138,-0.2826020760977883,0.2826020760977883,0.31006724465958424,FALSE,FALSE
2015-09-10,East_Antarctica,2.849772948,-0.26262048219352474,0.26262048219352474,0.31006724465958424,FALSE,FALSE
2015-09-11,East_Antarctica,2.82161194,-0.2926384418478203,0.2926384418478203,0.31006724465958424,FALSE,FALSE
2015-09-12,East_Antarctica,2.853138568,-0.26292354240991056,0.26292354240991056,0.31006724465958424,FALSE,FALSE
2015-09-13,East_Antarctica,2.83045407,-0.2873936501326906,0.2873936501326906,0.31006724465958424,FALSE,FALSE
2015-09-14,East_Antarctica,2.81603851,-0.3035878052690544,0.3035878052690544,0.31006724465958424,FALSE,FALSE
2015-09-15,East_Antarctica,2.868477637,-0.25293936307190057,0.25293936307190057,0.31006724465958424,FALSE,FALSE
2015-09-16,East_Antarctica,2.907486789,-0.21575208979412164,0.21575208979412164,0.31006724465958424,FALSE,FALSE
2015-09-17,East_Antarctica,2.965090997,-0.16002005868861513,0.16002005868861513,0.31006724465958424,FALSE,FALSE
2015-09-18,East_Antarctica,3.014333935,-0.11271870000827588,0.11271870000827588,0.31006724465958424,FALSE,FALSE
2015-09-19,East_Antarctica,3.006303249,-0.1227794720059987,0.1227794720059987,0.31006724465958424,FALSE,FALSE
2015-09-20,East_Antarctica,2.982376744,-0.148843673934679,0.148843673934679,0.31006724465958424,FALSE,FALSE
2015-09-21,East_Antarctica,2.990692589,-0.14279224104721466,0.14279224104721466,0.31006724465958424,FALSE,FALSE
2015-09-22,East_Antarctica,2.993031914,-0.14286314759649965,0.14286314759649965,0.31006724465958424,FALSE,FALSE
2015-09-23,East_Antarctica,2.978581499,-0.15988263087983645,0.15988263087983645,0.31006724465958424,FALSE,FALSE
2015-09-24,East_Antarctica,2.999296562,-0.14184332248710518,0.14184332248710518,0.31006724465958424,FALSE,FALSE
2015-09-25,East_Antarctica,2.953903064,-0.1899275792750972,0.1899275792750972,0.31006724465958424,FALSE,FALSE
2015-09-26,East_Antarctica,2.958612765,-0.18783140442677349,0.18783140442677349,0.31006724465958424,FALSE,FALSE
2015-09-27,East_Antarctica,2.974787206,-0.17410102012510054,0.17410102012510054,0.31006724465958424,FALSE,FALSE
2015-09-28,East_Antarctica,3.004153416,-0.1469171605530386,0.1469171605530386,0.31006724465958424,FALSE,FALSE
2015-09-29,East_Antarctica,3.021747709,-0.13115127489355283,0.13115127489355283,0.31006724465958424,FALSE,FALSE
2015-09-30,East_Antarctica,3.045210621,-0.10907059032960607,0.10907059032960607,0.31006724465958424,FALSE,FALSE
2015-10-01,East_Antarctica,3.065248736,-0.08987628604416198,0.08987628604416198,0.31006724465958424,FALSE,FALSE
2015-10-02,East_Antarctica,3.100745248,-0.05459293122018272,0.05459293122018272,0.31006724465958424,FALSE,FALSE
2015-10-03,East_Antarctica,3.18463244,0.02980399395936972,0.02980399395936972,0.31006724465958424,FALSE,FALSE
2015-10-04,East_Antarctica,3.248352952,0.09484936631152684,0.09484936631152684,0.31006724465958424,FALSE,FALSE
2015-10-05,East_Antarctica,3.280592638,0.12932124889254126,0.12932124889254126,0.31006724465958424,FALSE,FALSE
2015-10-06,East_Antarctica,3.300814243,0.15274101548570673,0.15274101548570673,0.31006724465958424,FALSE,FALSE
2015-10-07,East_Antarctica,3.319463724,0.17551447384606922,0.17551447384606922,0.31006724465958424,FALSE,FALSE
2015-10-08,East_Antarctica,3.355103307,0.2161456294831936,0.2161456294831936,0.31006724465958424,FALSE,FALSE
2015-10-09,East_Antarctica,3.352007601,0.21885087090664213,0.21885087090664213,0.31006724465958424,FALSE,FALSE
2015-10-10,East_Antarctica,3.288539836,0.16193520762598235,0.16193520762598235,0.31006724465958424,FALSE,FALSE
2015-10-11,East_Antarctica,3.293863053,0.17450346015077844,0.17450346015077844,0.31006724465958424,FALSE,FALSE
2015-10-12,East_Antarctica,3.302394939,0.19091509499059,0.19091509499059,0.31006724465958424,FALSE,FALSE
2015-10-13,East_Antarctica,3.289494987,0.1864713846549848,0.1864713846549848,0.31006724465958424,FALSE,FALSE
2015-10-14,East_Antarctica,3.294903545,0.20085445665352797,0.20085445665352797,0.31006724465958424,FALSE,FALSE
2015-10-15,East_Antarctica,3.339185742,0.2545712194957823,0.2545712194957823,0.31006724465958424,FALSE,FALSE
2015-10-16,East_Antarctica,3.34362312,0.2688449946913156,0.2688449946913156,0.31006724465958424,FALSE,FALSE
2015-10-17,East_Antarctica,3.295035822,0.23043770474968503,0.23043770474968503,0.31006724465958424,FALSE,FALSE
2015-10-18,East_Antarctica,3.282256697,0.2281272780249184,0.2281272780249184,0.31006724465958424,FALSE,FALSE
2015-10-19,East_Antarctica,3.258430336,0.21507347258954823,0.21507347258954823,0.31006724465958424,FALSE,FALSE
2015-10-20,East_Antarctica,3.248665008,0.2164667294466014,0.2164667294466014,0.31006724465958424,FALSE,FALSE
2015-10-21,East_Antarctica,3.269143834,0.24857502449486857,0.24857502449486857,0.31006724465958424,FALSE,FALSE
2015-10-22,East_Antarctica,3.245534002,0.23715040063313397,0.23715040063313397,0.31006724465958424,FALSE,FALSE
2015-10-23,East_Antarctica,3.21860131,0.2230435107601916,0.2230435107601916,0.31006724465958424,FALSE,FALSE
2015-10-24,East_Antarctica,3.191232491,0.2092259427748253,0.2092259427748253,0.31006724465958424,FALSE,FALSE
2015-10-25,East_Antarctica,3.213672917,0.2460279235758236,0.2460279235758236,0.31006724465958424,FALSE,FALSE
2015-10-26,East_Antarctica,3.224317618,0.2719293380619776,0.2719293380619776,0.31006724465958424,FALSE,FALSE
2015-10-27,East_Antarctica,3.200603221,0.2644516681320721,0.2644516681320721,0.31006724465958424,FALSE,FALSE
2015-10-28,East_Antarctica,3.179955265,0.2611053076848955,0.2611053076848955,0.31006724465958424,FALSE,FALSE
2015-10-29,East_Antarctica,3.162933113,0.2625344746192373,0.2625344746192373,0.31006724465958424,FALSE,FALSE
2015-10-30,East_Antarctica,3.161264902,0.280552160833885,0.280552160833885,0.31006724465958424,FALSE,FALSE
2015-10-31,East_Antarctica,3.11203193,0.25231210858025044,0.25231210858025044,0.31006724465958424,FALSE,FALSE
2015-11-01,East_Antarctica,3.105034944,0.26762642120849023,0.26762642120849023,0.31006724465958424,FALSE,FALSE
2015-11-02,East_Antarctica,3.109245573,0.2954593202393063,0.2954593202393063,0.31006724465958424,FALSE,FALSE
2015-11-03,East_Antarctica,3.076162925,0.28730250114918343,0.28730250114918343,0.31006724465958424,FALSE,FALSE
2015-11-04,East_Antarctica,3.041455124,0.27881667541461086,0.27881667541461086,0.31006724465958424,FALSE,FALSE
2015-11-05,East_Antarctica,3.003965989,0.26883824951207913,0.26883824951207913,0.31006724465958424,FALSE,FALSE
2015-11-06,East_Antarctica,2.989160605,0.2828248959180715,0.2828248959180715,0.31006724465958424,FALSE,FALSE
2015-11-07,East_Antarctica,2.94875711,0.27248734010908127,0.27248734010908127,0.31006724465958424,FALSE,FALSE
2015-11-08,East_Antarctica,2.919030779,0.27409344456159346,0.27409344456159346,0.31006724465958424,FALSE,FALSE
2015-11-09,East_Antarctica,2.896740793,0.2843949777520973,0.2843949777520973,0.31006724465958424,FALSE,FALSE
2015-11-10,East_Antarctica,2.911316864,0.33281423915708164,0.33281423915708164,0.31006724465958424,TRUE,TRUE
2015-11-11,East_Antarctica,2.911928329,0.3685131532530339,0.3685131532530339,0.31006724465958424,TRUE,TRUE
2015-11-12,East_Antarctica,2.898494698,0.3914029099517364,0.3914029099517364,0.31006724465958424,TRUE,TRUE
2015-11-13,East_Antarctica,2.890113321,0.4205223335929325,0.4205223335929325,0.31006724465958424,TRUE,TRUE
2015-11-14,East_Antarctica,2.868929425,0.4378826560655713,0.4378826560655713,0.31006724465958424,TRUE,TRUE
2015-11-15,East_Antarctica,2.813150059,0.4215507062722792,0.4215507062722792,0.31006724465958424,TRUE,TRUE
2015-11-16,East_Antarctica,2.781861003,0.4304720441156809,0.4304720441156809,0.31006724465958424,TRUE,TRUE
2015-11-17,East_Antarctica,2.714714712,0.4041589044984022,0.4041589044984022,0.31006724465958424,TRUE,TRUE
2015-11-18,East_Antarctica,2.61326212,0.34402200132306415,0.34402200132306415,0.31006724465958424,TRUE,TRUE
2015-11-19,East_Antarctica,2.581298734,0.35371662149229355,0.35371662149229355,0.31006724465958424,TRUE,TRUE
2015-11-20,East_Antarctica,2.575689257,0.3899672479087158,0.3899672479087158,0.31006724465958424,TRUE,TRUE
2015-11-21,East_Antarctica,2.572151698,0.4283516694749552,0.4283516694749552,0.31006724465958424,TRUE,TRUE
2015-11-22,East_Antarctica,2.583669982,0.4817135910936363,0.4817135910936363,0.31006724465958424,TRUE,TRUE
2015-11-23,East_Antarctica,2.503450174,0.4431188576673821,0.4431188576673821,0.31006724465958424,TRUE,TRUE
2015-11-24,East_Antarctica,2.313340704,0.29427567909881924,0.29427567909881924,0.31006724465958424,FALSE,FALSE
2015-11-25,East_Antarctica,2.27441156,0.2961223109343376,0.2961223109343376,0.31006724465958424,FALSE,FALSE
2015-11-26,East_Antarctica,2.28533567,0.34727173578923054,0.34727173578923054,0.31006724465958424,TRUE,FALSE
2015-11-27,East_Antarctica,2.226536717,0.32812378767813977,0.32812378767813977,0.31006724465958424,TRUE,FALSE
2015-11-28,East_Antarctica,2.189580173,0.33022036302496716,0.33022036302496716,0.31006724465958424,TRUE,FALSE
2015-11-29,East_Antarctica,2.103880345,0.282952193253611,0.282952193253611,0.31006724465958424,FALSE,FALSE
2015-11-30,East_Antarctica,2.041633782,0.25849225178797575,0.25849225178797575,0.31006724465958424,FALSE,FALSE
2015-12-01,East_Antarctica,1.998166836,0.2521433150519601,0.2521433150519601,0.31006724465958424,FALSE,FALSE
2015-12-02,East_Antarctica,1.943366609,0.2337689094694666,0.2337689094694666,0.31006724465958424,FALSE,FALSE
2015-12-03,East_Antarctica,1.855458968,0.1815713264643948,0.1815713264643948,0.31006724465958424,FALSE,FALSE
2015-12-04,East_Antarctica,1.807998083,0.16908116046064592,0.16908116046064592,0.31006724465958424,FALSE,FALSE
2015-12-05,East_Antarctica,1.736810298,0.1321011798821221,0.1321011798821221,0.31006724465958424,FALSE,FALSE
2015-12-06,East_Antarctica,1.710007785,0.13871998115272266,0.13871998115272266,0.31006724465958424,FALSE,FALSE
2015-12-07,East_Antarctica,1.6945796,0.1559030686822036,0.1559030686822036,0.31006724465958424,FALSE,FALSE
2015-12-08,East_Antarctica,1.663624891,0.1567334848569628,0.1567334848569628,0.31006724465958424,FALSE,FALSE
2015-12-09,East_Antarctica,1.632546023,0.15661544602505106,0.15661544602505106,0.31006724465958424,FALSE,FALSE
2015-12-10,East_Antarctica,1.569441173,0.12365163317809592,0.12365163317809592,0.31006724465958424,FALSE,FALSE
2015-12-11,East_Antarctica,1.515695491,0.099231700307717,0.099231700307717,0.31006724465958424,FALSE,FALSE
2015-12-12,East_Antarctica,1.440230391,0.05228156540553774,0.05228156540553774,0.31006724465958424,FALSE,FALSE
2015-12-13,East_Antarctica,1.35649509,-0.00374505053681661,0.00374505053681661,0.31006724465958424,FALSE,FALSE
2015-12-14,East_Antarctica,1.31676663,-0.01656660152772282,0.01656660152772282,0.31006724465958424,FALSE,FALSE
2015-12-15,East_Antarctica,1.262892469,-0.04433112557555763,0.04433112557555763,0.31006724465958424,FALSE,FALSE
2015-12-16,East_Antarctica,1.253918754,-0.02798797168869771,0.02798797168869771,0.31006724465958424,FALSE,FALSE
2015-12-17,East_Antarctica,1.259987284,0.00260916312448067,0.00260916312448067,0.31006724465958424,FALSE,FALSE
2015-12-18,East_Antarctica,1.263166799,0.02953352285559951,0.02953352285559951,0.31006724465958424,FALSE,FALSE
2015-12-19,East_Antarctica,1.267371759,0.05670407149628498,0.05670407149628498,0.31006724465958424,FALSE,FALSE
2015-12-20,East_Antarctica,1.220875152,0.03239910752166586,0.03239910752166586,0.31006724465958424,FALSE,FALSE
2015-12-21,East_Antarctica,1.198622541,0.03158225646564139,0.03158225646564139,0.31006724465958424,FALSE,FALSE
2015-12-22,East_Antarctica,1.175882963,0.02955079682318828,0.02955079682318828,0.31006724465958424,FALSE,FALSE
2015-12-23,East_Antarctica,1.166322944,0.0399997797456022,0.0399997797456022,0.31006724465958424,FALSE,FALSE
2015-12-24,East_Antarctica,1.151993453,0.04500869938418073,0.04500869938418073,0.31006724465958424,FALSE,FALSE
2015-12-25,East_Antarctica,1.109369602,0.02108119289021925,0.02108119289021925,0.31006724465958424,FALSE,FALSE
2015-12-26,East_Antarctica,1.077981581,0.00777597541501418,0.00777597541501418,0.31006724465958424,FALSE,FALSE
2015-12-27,East_Antarctica,1.060653135,0.00794531710986046,0.00794531710986046,0.31006724465958424,FALSE,FALSE
2015-12-28,East_Antarctica,1.038789439,0.00302291812605548,0.00302291812605548,0.31006724465958424,FALSE,FALSE
2015-12-29,East_Antarctica,1.01870914,-6.440493851036511e-4,6.440493851036511e-4,0.31006724465958424,FALSE,FALSE
2015-12-30,East_Antarctica,1.030300876,0.02686157772767861,0.02686157772767861,0.31006724465958424,FALSE,FALSE
2015-12-31,East_Antarctica,1.035842601,0.04784627861569535,0.04784627861569535,0.31006724465958424,FALSE,FALSE
2016-01-01,East_Antarctica,1.007298091,0.03430235443024598,0.03430235443024598,0.31006724465958424,FALSE,FALSE
2016-01-02,East_Antarctica,1.009126276,0.05071615734385204,0.05071615734385204,0.31006724465958424,FALSE,FALSE
2016-01-03,East_Antarctica,1.004223876,0.06000741761392869,0.06000741761392869,0.31006724465958424,FALSE,FALSE
2016-01-04,East_Antarctica,0.984270046,0.05387719751912123,0.05387719751912123,0.31006724465958424,FALSE,FALSE
2016-01-05,East_Antarctica,0.941954157,0.02503677533807624,0.02503677533807624,0.31006724465958424,FALSE,FALSE
2016-01-06,East_Antarctica,0.925015526,0.02124737534943122,0.02124737534943122,0.31006724465958424,FALSE,FALSE
2016-01-07,East_Antarctica,0.923189739,0.03226649083183319,0.03226649083183319,0.31006724465958424,FALSE,FALSE
2016-01-08,East_Antarctica,0.924408186,0.04604741906392529,0.04604741906392529,0.31006724465958424,FALSE,FALSE
2016-01-09,East_Antarctica,0.921396085,0.05533728532434889,0.05533728532434889,0.31006724465958424,FALSE,FALSE
2016-01-10,East_Antarctica,0.930396147,0.07640070789175024,0.07640070789175024,0.31006724465958424,FALSE,FALSE
2016-01-11,East_Antarctica,0.927947526,0.08579874804477028,0.08579874804477028,0.31006724465958424,FALSE,FALSE
2016-01-12,East_Antarctica,0.889241606,0.05874469706205354,0.05874469706205354,0.31006724465958424,FALSE,FALSE
2016-01-13,East_Antarctica,0.839671165,0.02065324022224302,0.02065324022224302,0.31006724465958424,FALSE,FALSE
2016-01-14,East_Antarctica,0.830511546,0.0228212929725553,0.0228212929725553,0.31006724465958424,FALSE,FALSE
2016-01-15,East_Antarctica,0.833490494,0.03698615738867406,0.03698615738867406,0.31006724465958424,FALSE,FALSE
2016-01-16,East_Antarctica,0.812747429,0.02728175785841735,0.02728175785841735,0.31006724465958424,FALSE,FALSE
2016-01-17,East_Antarctica,0.813532721,0.0389520167864974,0.0389520167864974,0.31006724465958424,FALSE,FALSE
2016-01-18,East_Antarctica,0.795260133,0.03140424957762822,0.03140424957762822,0.31006724465958424,FALSE,FALSE
2016-01-19,East_Antarctica,0.801286324,0.0479886676365221,0.0479886676365221,0.31006724465958424,FALSE,FALSE
2016-01-20,East_Antarctica,0.802202546,0.05929007536789144,0.05929007536789144,0.31006724465958424,FALSE,FALSE
2016-01-21,East_Antarctica,0.805056397,0.07234962317644955,0.07234962317644955,0.31006724465958424,FALSE,FALSE
2016-01-22,East_Antarctica,0.814199136,0.09151212246690976,0.09151212246690976,0.31006724465958424,FALSE,FALSE
2016-01-23,East_Antarctica,0.824444663,0.11158502564398376,0.11158502564398376,0.31006724465958424,FALSE,FALSE
2016-01-24,East_Antarctica,0.807438814,0.10420772111238508,0.10420772111238508,0.31006724465958424,FALSE,FALSE
2016-01-25,East_Antarctica,0.77419324,0.0803854122768266,0.0803854122768266,0.31006724465958424,FALSE,FALSE
2016-01-26,East_Antarctica,0.740868139,0.05627184954202158,0.05627184954202158,0.31006724465958424,FALSE,FALSE
2016-01-27,East_Antarctica,0.705945238,0.03034313119855269,0.03034313119855269,0.31006724465958424,FALSE,FALSE
2016-01-28,East_Antarctica,0.697992887,0.03116752195126848,0.03116752195126848,0.31006724465958424,FALSE,FALSE
2016-01-29,East_Antarctica,0.688802316,0.03053846511955305,0.03053846511955305,0.31006724465958424,FALSE,FALSE
2016-01-30,East_Antarctica,0.68637145,0.03645610642735564,0.03645610642735564,0.31006724465958424,FALSE,FALSE
2016-01-31,East_Antarctica,0.678874131,0.03709650859862756,0.03709650859862756,0.31006724465958424,FALSE,FALSE
2016-02-01,East_Antarctica,0.655834192,0.02198572535732024,0.02198572535732024,0.31006724465958424,FALSE,FALSE
2016-02-02,East_Antarctica,0.615962454,-0.01016320157261652,0.01016320157261652,0.31006724465958424,FALSE,FALSE
2016-02-03,East_Antarctica,0.613512394,-0.00509457446723049,0.00509457446723049,0.31006724465958424,FALSE,FALSE
2016-02-04,East_Antarctica,0.629883813,0.01859362839742817,0.01859362839742817,0.31006724465958424,FALSE,FALSE
2016-02-05,East_Antarctica,0.651679248,0.04750616474531033,0.04750616474531033,0.31006724465958424,FALSE,FALSE
2016-02-06,East_Antarctica,0.648620882,0.05136743830036683,0.05136743830036683,0.31006724465958424,FALSE,FALSE
2016-02-07,East_Antarctica,0.638350361,0.04782131578654891,0.04782131578654891,0.31006724465958424,FALSE,FALSE
2016-02-08,East_Antarctica,0.613508771,0.0295109646808398,0.0295109646808398,0.31006724465958424,FALSE,FALSE
2016-02-09,East_Antarctica,0.609843207,0.03216717761276233,0.03216717761276233,0.31006724465958424,FALSE,FALSE
2016-02-10,East_Antarctica,0.590487999,0.01887142115454776,0.01887142115454776,0.31006724465958424,FALSE,FALSE
2016-02-11,East_Antarctica,0.559134627,-0.00674201086708425,0.00674201086708425,0.31006724465958424,FALSE,FALSE
2016-02-12,East_Antarctica,0.552458391,-0.00805500462541386,0.00805500462541386,0.31006724465958424,FALSE,FALSE
2016-02-13,East_Antarctica,0.546417076,-0.00916696129372252,0.00916696129372252,0.31006724465958424,FALSE,FALSE
2016-02-14,East_Antarctica,0.52969785,-0.02144789904528932,0.02144789904528932,0.31006724465958424,FALSE,FALSE
2016-02-15,East_Antarctica,0.530813855,-0.01644186205339559,0.01644186205339559,0.31006724465958424,FALSE,FALSE
2016-02-16,East_Antarctica,0.533776705,-0.01019442249132285,0.01019442249132285,0.31006724465958424,FALSE,FALSE
2016-02-17,East_Antarctica,0.556734054,0.01538488746764998,0.01538488746764998,0.31006724465958424,FALSE,FALSE
2016-02-18,East_Antarctica,0.55977952499999994,0.02033250465024139,0.02033250465024139,0.31006724465958424,FALSE,FALSE
2016-02-19,East_Antarctica,0.543448856,0.0051269808831722,0.0051269808831722,0.31006724465958424,FALSE,FALSE
2016-02-20,East_Antarctica,0.547020661,0.00898974399316054,0.00898974399316054,0.31006724465958424,FALSE,FALSE
2016-02-21,East_Antarctica,0.542800857,0.00417260049541534,0.00417260049541534,0.31006724465958424,FALSE,FALSE
2016-02-22,East_Antarctica,0.557236967,0.01710625142417332,0.01710625142417332,0.31006724465958424,FALSE,FALSE
2016-02-23,East_Antarctica,0.557982092,0.01545178176374306,0.01545178176374306,0.31006724465958424,FALSE,FALSE
2016-02-24,East_Antarctica,0.579243154,0.0334245459148903,0.0334245459148903,0.31006724465958424,FALSE,FALSE
2016-02-25,East_Antarctica,0.599310215,0.04932303827838125,0.04932303827838125,0.31006724465958424,FALSE,FALSE
2016-02-26,East_Antarctica,0.618314763,0.0632871792549835,0.0632871792549835,0.31006724465958424,FALSE,FALSE
2016-02-27,East_Antarctica,0.597467466,0.03653606924546171,0.03653606924546171,0.31006724465958424,FALSE,FALSE
2016-02-28,East_Antarctica,0.605773452,0.03808326865058331,0.03808326865058331,0.31006724465958424,FALSE,FALSE
2016-03-01,East_Antarctica,0.625485534,0.04174658630782213,0.04174658630782213,0.31006724465958424,FALSE,FALSE
2016-03-02,East_Antarctica,0.62987191,0.03685984936147246,0.03685984936147246,0.31006724465958424,FALSE,FALSE
2016-03-03,East_Antarctica,0.616876969,0.0137705514328309,0.0137705514328309,0.31006724465958424,FALSE,FALSE
2016-03-04,East_Antarctica,0.62915815,0.01514456806543262,0.01514456806543262,0.31006724465958424,FALSE,FALSE
2016-03-05,East_Antarctica,0.633391786,0.007682079383304,0.007682079383304,0.31006724465958424,FALSE,FALSE
2016-03-06,East_Antarctica,0.645336045,0.00721527150681655,0.00721527150681655,0.31006724465958424,FALSE,FALSE
2016-03-07,East_Antarctica,0.65091946999999994,-2.4310167992769305e-4,2.4310167992769305e-4,0.31006724465958424,FALSE,FALSE
2016-03-08,East_Antarctica,0.671822445,0.00707155470717124,0.00707155470717124,0.31006724465958424,FALSE,FALSE
2016-03-09,East_Antarctica,0.695564682,0.01676316355221474,0.01676316355221474,0.31006724465958424,FALSE,FALSE
2016-03-10,East_Antarctica,0.711995404,0.01876515873930473,0.01876515873930473,0.31006724465958424,FALSE,FALSE
2016-03-11,East_Antarctica,0.764286773,0.05633391315254255,0.05633391315254255,0.31006724465958424,FALSE,FALSE
2016-03-12,East_Antarctica,0.818613542,0.09572839067602712,0.09572839067602712,0.31006724465958424,FALSE,FALSE
2016-03-13,East_Antarctica,0.827230648,0.08928773919386146,0.08928773919386146,0.31006724465958424,FALSE,FALSE
2016-03-14,East_Antarctica,0.85753508,0.10449315859014574,0.10449315859014574,0.31006724465958424,FALSE,FALSE
2016-03-15,East_Antarctica,0.875094962,0.1069969837489808,0.1069969837489808,0.31006724465958424,FALSE,FALSE
2016-03-16,East_Antarctica,0.882381155,0.09935428655446989,0.09935428655446989,0.31006724465958424,FALSE,FALSE
2016-03-17,East_Antarctica,0.910230023,0.11248319139107232,0.11248319139107232,0.31006724465958424,FALSE,FALSE
2016-03-18,East_Antarctica,0.949620287,0.13738297877196048,0.13738297877196048,0.31006724465958424,FALSE,FALSE
2016-03-19,East_Antarctica,0.979658443,0.1531166875863358,0.1531166875863358,0.31006724465958424,FALSE,FALSE
2016-03-20,East_Antarctica,1.00436021,0.1636535657160081,0.1636535657160081,0.31006724465958424,FALSE,FALSE
2016-03-21,East_Antarctica,1.014042509,0.15926406304278518,0.15926406304278518,0.31006724465958424,FALSE,FALSE
2016-03-22,East_Antarctica,1.026193262,0.15738963044847545,0.15738963044847545,0.31006724465958424,FALSE,FALSE
2016-03-23,East_Antarctica,1.056127763,0.17329909081488817,0.17329909081488817,0.31006724465958424,FALSE,FALSE
2016-03-24,East_Antarctica,1.085534449,0.1886344100238322,0.1886344100238322,0.31006724465958424,FALSE,FALSE
2016-03-25,East_Antarctica,1.106030372,0.1949661689571139,0.1949661689571139,0.31006724465958424,FALSE,FALSE
2016-03-26,East_Antarctica,1.120559088,0.19519145249654568,0.19519145249654568,0.31006724465958424,FALSE,FALSE
2016-03-27,East_Antarctica,1.14652142,0.2066646125239321,0.2066646125239321,0.31006724465958424,FALSE,FALSE
2016-03-28,East_Antarctica,1.150626804,0.19604861392108397,0.19604861392108397,0.31006724465958424,FALSE,FALSE
2016-03-29,East_Antarctica,1.181643286,0.2120650315698104,0.2120650315698104,0.31006724465958424,FALSE,FALSE
2016-03-30,East_Antarctica,1.19176932,0.2068745777354597,0.2068745777354597,0.31006724465958424,FALSE,FALSE
2016-03-31,East_Antarctica,1.193501068,0.19298338778387691,0.19298338778387691,0.31006724465958424,FALSE,FALSE
2016-04-01,East_Antarctica,1.209857526,0.19343665215887929,0.19343665215887929,0.31006724465958424,FALSE,FALSE
2016-04-02,East_Antarctica,1.200241856,0.16766374071423806,0.16766374071423806,0.31006724465958424,FALSE,FALSE
2016-04-03,East_Antarctica,1.208245845,0.15928264830372396,0.15928264830372396,0.31006724465958424,FALSE,FALSE
2016-04-04,East_Antarctica,1.209202132,0.14365222178111003,0.14365222178111003,0.31006724465958424,FALSE,FALSE
2016-04-05,East_Antarctica,1.260935861,0.1786238130001674,0.1786238130001674,0.31006724465958424,FALSE,FALSE
2016-04-06,East_Antarctica,1.295805626,0.19658222381466617,0.19658222381466617,0.31006724465958424,FALSE,FALSE
2016-04-07,East_Antarctica,1.312371872,0.1961141070783805,0.1961141070783805,0.31006724465958424,FALSE,FALSE
2016-04-08,East_Antarctica,1.342832319,0.209443390645081,0.209443390645081,0.31006724465958424,FALSE,FALSE
2016-04-09,East_Antarctica,1.36389349,0.21330280536853777,0.21330280536853777,0.31006724465958424,FALSE,FALSE
2016-04-10,East_Antarctica,1.376144535,0.20830770910252536,0.20830770910252536,0.31006724465958424,FALSE,FALSE
2016-04-11,East_Antarctica,1.39973378,0.2146324731889364,0.2146324731889364,0.31006724465958424,FALSE,FALSE
2016-04-12,East_Antarctica,1.432832307,0.23046264271035843,0.23046264271035843,0.31006724465958424,FALSE,FALSE
2016-04-13,East_Antarctica,1.465150729,0.24550420049878863,0.24550420049878863,0.31006724465958424,FALSE,FALSE
2016-04-14,East_Antarctica,1.495097455,0.2581591419911471,0.2581591419911471,0.31006724465958424,FALSE,FALSE
2016-04-15,East_Antarctica,1.523089851,0.2688384196243594,0.2688384196243594,0.31006724465958424,FALSE,FALSE
2016-04-16,East_Antarctica,1.543825672,0.2722333748353447,0.2722333748353447,0.31006724465958424,FALSE,FALSE
2016-04-17,East_Antarctica,1.572728523,0.28376119906102737,0.28376119906102737,0.31006724465958424,FALSE,FALSE
2016-04-18,East_Antarctica,1.56647399,0.260091064738331,0.260091064738331,0.31006724465958424,FALSE,FALSE
2016-04-19,East_Antarctica,1.573629603,0.24978408830417664,0.24978408830417664,0.31006724465958424,FALSE,FALSE
2016-04-20,East_Antarctica,1.578909655,0.23754814919548628,0.23754814919548628,0.31006724465958424,FALSE,FALSE
2016-04-21,East_Antarctica,1.590734095,0.23179678284918337,0.23179678284918337,0.31006724465958424,FALSE,FALSE
2016-04-22,East_Antarctica,1.616195832,0.23961648470218863,0.23961648470218863,0.31006724465958424,FALSE,FALSE
2016-04-23,East_Antarctica,1.63043689,0.23614286519142744,0.23614286519142744,0.31006724465958424,FALSE,FALSE
2016-04-24,East_Antarctica,1.677527912,0.2654407599139219,0.2654407599139219,0.31006724465958424,FALSE,FALSE
2016-04-25,East_Antarctica,1.685237032,0.25527825244951585,0.25527825244951585,0.31006724465958424,FALSE,FALSE
2016-04-26,East_Antarctica,1.677438079,0.22953230272042724,0.22953230272042724,0.31006724465958424,FALSE,FALSE
2016-04-27,East_Antarctica,1.688145313,0.22222033516080408,0.22222033516080408,0.31006724465958424,FALSE,FALSE
2016-04-28,East_Antarctica,1.698955608,0.2149423882047925,0.2149423882047925,0.31006724465958424,FALSE,FALSE
2016-04-29,East_Antarctica,1.698974614,0.19680727628654093,0.19680727628654093,0.31006724465958424,FALSE,FALSE
2016-04-30,East_Antarctica,1.683356287,0.16297211984019544,0.16297211984019544,0.31006724465958424,FALSE,FALSE
2016-05-01,East_Antarctica,1.703240705,0.1645801612999025,0.1645801612999025,0.31006724465958424,FALSE,FALSE
2016-05-02,East_Antarctica,1.725562334,0.1685690310998118,0.1685690310998118,0.31006724465958424,FALSE,FALSE
2016-05-03,East_Antarctica,1.756429762,0.18105048167406768,0.18105048167406768,0.31006724465958424,FALSE,FALSE
2016-05-04,East_Antarctica,1.751563207,0.15774789545681855,0.15774789545681855,0.31006724465958424,FALSE,FALSE
2016-05-05,East_Antarctica,1.747922035,0.1356238028822121,0.1356238028822121,0.31006724465958424,FALSE,FALSE
2016-05-06,East_Antarctica,1.7439312280000001,0.11310635338090023,0.11310635338090023,0.31006724465958424,FALSE,FALSE
2016-05-07,East_Antarctica,1.725239369,0.0758489679828267,0.0758489679828267,0.31006724465958424,FALSE,FALSE
2016-05-08,East_Antarctica,1.720137027,0.05215149997198498,0.05215149997198498,0.31006724465958424,FALSE,FALSE
2016-05-09,East_Antarctica,1.747548478,0.06094824120137687,0.06094824120137687,0.31006724465958424,FALSE,FALSE
2016-05-10,East_Antarctica,1.756371655,0.05114714052400782,0.05114714052400782,0.31006724465958424,FALSE,FALSE
2016-05-11,East_Antarctica,1.77063985,0.04679150579287983,0.04679150579287983,0.31006724465958424,FALSE,FALSE
2016-05-12,East_Antarctica,1.807646933,0.0651852228609997,0.0651852228609997,0.31006724465958424,FALSE,FALSE
2016-05-13,East_Antarctica,1.867174511,0.10611991458136916,0.10611991458136916,0.31006724465958424,FALSE,FALSE
2016-05-14,East_Antarctica,1.903371781,0.12375479380699315,0.12375479380699315,0.31006724465958424,FALSE,FALSE
2016-05-15,East_Antarctica,1.93116742,0.13302855339087372,0.13302855339087372,0.31006724465958424,FALSE,FALSE
2016-05-16,East_Antarctica,1.948179995,0.1315697761860184,0.1315697761860184,0.31006724465958424,FALSE,FALSE
2016-05-17,East_Antarctica,1.966887034,0.13186600604542487,0.13186600604542487,0.31006724465958424,FALSE,FALSE
2016-05-18,East_Antarctica,1.998374797,0.1450135188221029,0.1450135188221029,0.31006724465958424,FALSE,FALSE
2016-05-19,East_Antarctica,1.977127503,0.10550697895129368,0.10550697895129368,0.31006724465958424,FALSE,FALSE
2016-05-20,East_Antarctica,1.969637013,0.07985653159043582,0.07985653159043582,0.31006724465958424,FALSE,FALSE
2016-05-21,East_Antarctica,1.974799712,0.06698369446146724,0.06698369446146724,0.31006724465958424,FALSE,FALSE
2016-05-22,East_Antarctica,1.952185108,0.02648333870434727,0.02648333870434727,0.31006724465958424,FALSE,FALSE
2016-05-23,East_Antarctica,1.950216818,0.00680444445902272,0.00680444445902272,0.31006724465958424,FALSE,FALSE
2016-05-24,East_Antarctica,1.951020552,-0.0099019151345514,0.0099019151345514,0.31006724465958424,FALSE,FALSE
2016-05-25,East_Antarctica,1.957142596,-0.02106409093642147,0.02106409093642147,0.31006724465958424,FALSE,FALSE
2016-05-26,East_Antarctica,1.947522963,-0.0477167068066342,0.0477167068066342,0.31006724465958424,FALSE,FALSE
2016-05-27,East_Antarctica,1.92046877,-0.0915272826052378,0.0915272826052378,0.31006724465958424,FALSE,FALSE
2016-05-28,East_Antarctica,1.881467641,-0.1469828311922794,0.1469828311922794,0.31006724465958424,FALSE,FALSE
2016-05-29,East_Antarctica,1.892401941,-0.1521756244278032,0.1521756244278032,0.31006724465958424,FALSE,FALSE
2016-05-30,East_Antarctica,1.937200935,-0.12315103417186046,0.12315103417186046,0.31006724465958424,FALSE,FALSE
2016-05-31,East_Antarctica,1.965014725,-0.11073359528449432,0.11073359528449432,0.31006724465958424,FALSE,FALSE
2016-06-01,East_Antarctica,2.034593344,-0.05616034671261438,0.05616034671261438,0.31006724465958424,FALSE,FALSE
2016-06-02,East_Antarctica,2.079174991,-0.02623532680645501,0.02623532680645501,0.31006724465958424,FALSE,FALSE
2016-06-03,East_Antarctica,2.117683596,-0.00209213526341045,0.00209213526341045,0.31006724465958424,FALSE,FALSE
2016-06-04,East_Antarctica,2.123496457,-0.01041100434734332,0.01041100434734332,0.31006724465958424,FALSE,FALSE
2016-06-05,East_Antarctica,2.122057244,-0.02580579432211749,0.02580579432211749,0.31006724465958424,FALSE,FALSE
2016-06-06,East_Antarctica,2.095473809,-0.06622618345159426,0.06622618345159426,0.31006724465958424,FALSE,FALSE
2016-06-07,East_Antarctica,2.116160787,-0.05931506699963673,0.05931506699963673,0.31006724465958424,FALSE,FALSE
2016-06-08,East_Antarctica,2.118409195,-0.07083895823010922,0.07083895823010922,0.31006724465958424,FALSE,FALSE
2016-06-09,East_Antarctica,2.126478306,-0.07659611440686875,0.07659611440686875,0.31006724465958424,FALSE,FALSE
2016-06-10,East_Antarctica,2.106292082,-0.1107201037937844,0.1107201037937844,0.31006724465958424,FALSE,FALSE
2016-06-11,East_Antarctica,2.14461333,-0.08650564965471474,0.08650564965471474,0.31006724465958424,FALSE,FALSE
2016-06-12,East_Antarctica,2.202867195,-0.04258513725352309,0.04258513725352309,0.31006724465958424,FALSE,FALSE
2016-06-13,East_Antarctica,2.297312846,0.03724420440976583,0.03724420440976583,0.31006724465958424,FALSE,FALSE
2016-06-14,East_Antarctica,2.385310426,0.11033603522096058,0.11033603522096058,0.31006724465958424,FALSE,FALSE
2016-06-15,East_Antarctica,2.429672092,0.1395645050822094,0.1395645050822094,0.31006724465958424,FALSE,FALSE
2016-06-16,East_Antarctica,2.475458952,0.17005767609979472,0.17005767609979472,0.31006724465958424,FALSE,FALSE
2016-06-17,East_Antarctica,2.481141699,0.16035319538001458,0.16035319538001458,0.31006724465958424,FALSE,FALSE
2016-06-18,East_Antarctica,2.480653649,0.14445133302914925,0.14445133302914925,0.31006724465958424,FALSE,FALSE
2016-06-19,East_Antarctica,2.52515788,0.17358212115349003,0.17358212115349003,0.31006724465958424,FALSE,FALSE
2016-06-20,East_Antarctica,2.546455074,0.17961319585932634,0.17961319585932634,0.31006724465958424,FALSE,FALSE
2016-06-21,East_Antarctica,2.573530961,0.19159724125294453,0.19159724125294453,0.31006724465958424,FALSE,FALSE
2016-06-22,East_Antarctica,2.542887673,0.1461033434406347,0.1461033434406347,0.31006724465958424,FALSE,FALSE
2016-06-23,East_Antarctica,2.52247373,0.11114697652868522,0.11114697652868522,0.31006724465958424,FALSE,FALSE
2016-06-24,East_Antarctica,2.535665371,0.11017133362338116,0.11017133362338116,0.31006724465958424,FALSE,FALSE
2016-06-25,East_Antarctica,2.522908526,0.08368929883101739,0.08368929883101739,0.31006724465958424,FALSE,FALSE
2016-06-26,East_Antarctica,2.54116249,0.08871760150064611,0.08871760150064611,0.31006724465958424,FALSE,FALSE
2016-06-27,East_Antarctica,2.586855505,0.1216699818853586,0.1216699818853586,0.31006724465958424,FALSE,FALSE
2016-06-28,East_Antarctica,2.624505726,0.14701722280830598,0.14701722280830598,0.31006724465958424,FALSE,FALSE
2016-06-29,East_Antarctica,2.63546718,0.14606581008898445,0.14606581008898445,0.31006724465958424,FALSE,FALSE
2016-06-30,East_Antarctica,2.650586993,0.14961532854688642,0.14961532854688642,0.31006724465958424,FALSE,FALSE
2016-07-01,East_Antarctica,2.671669696,0.1594227680015008,0.1594227680015008,0.31006724465958424,FALSE,FALSE
2016-07-02,East_Antarctica,2.64110877,0.1178340682723249,0.1178340682723249,0.31006724465958424,FALSE,FALSE
2016-07-03,East_Antarctica,2.596125294,0.06202276717884825,0.06202276717884825,0.31006724465958424,FALSE,FALSE
2016-07-04,East_Antarctica,2.610309621,0.06553167654056535,0.06553167654056535,0.31006724465958424,FALSE,FALSE
2016-07-05,East_Antarctica,2.643318701,0.08797020517696819,0.08797020517696819,0.31006724465958424,FALSE,FALSE
2016-07-06,East_Antarctica,2.694106328,0.12824460590754994,0.12824460590754994,0.31006724465958424,FALSE,FALSE
2016-07-07,East_Antarctica,2.700492393,0.12412722855180423,0.12412722855180423,0.31006724465958424,FALSE,FALSE
2016-07-08,East_Antarctica,2.691754,0.1048476933733733,0.1048476933733733,0.31006724465958424,FALSE,FALSE
2016-07-09,East_Antarctica,2.730229132,0.1327076722574736,0.1327076722574736,0.31006724465958424,FALSE,FALSE
2016-07-10,East_Antarctica,2.753536341,0.14531385708614764,0.14531385708614764,0.31006724465958424,FALSE,FALSE
2016-07-11,East_Antarctica,2.732560002,0.11354199849603396,0.11354199849603396,0.31006724465958424,FALSE,FALSE
2016-07-12,East_Antarctica,2.73101593,0.10109928712377192,0.10109928712377192,0.31006724465958424,FALSE,FALSE
2016-07-13,East_Antarctica,2.733073918,0.09214689160600732,0.09214689160600732,0.31006724465958424,FALSE,FALSE
2016-07-14,East_Antarctica,2.768766192,0.11670841357937968,0.11670841357937968,0.31006724465958424,FALSE,FALSE
2016-07-15,East_Antarctica,2.824019671,0.16070214768053193,0.16070214768053193,0.31006724465958424,FALSE,FALSE
2016-07-16,East_Antarctica,2.816717615,0.1420027295461037,0.1420027295461037,0.31006724465958424,FALSE,FALSE
2016-07-17,East_Antarctica,2.828145416,0.1418869268127394,0.1418869268127394,0.31006724465958424,FALSE,FALSE
2016-07-18,East_Antarctica,2.851615198,0.1536582391170782,0.1536582391170782,0.31006724465958424,FALSE,FALSE
2016-07-19,East_Antarctica,2.864644492,0.1548255730957635,0.1548255730957635,0.31006724465958424,FALSE,FALSE
2016-07-20,East_Antarctica,2.892908329,0.17105533538543582,0.17105533538543582,0.31006724465958424,FALSE,FALSE
2016-07-21,East_Antarctica,2.922871604,0.1888063532139741,0.1888063532139741,0.31006724465958424,FALSE,FALSE
2016-07-22,East_Antarctica,2.951420845,0.2049943736425064,0.2049943736425064,0.31006724465958424,FALSE,FALSE
2016-07-23,East_Antarctica,2.951228663,0.19234694870530333,0.19234694870530333,0.31006724465958424,FALSE,FALSE
2016-07-24,East_Antarctica,2.947645374,0.17626991891107568,0.17626991891107568,0.31006724465958424,FALSE,FALSE
2016-07-25,East_Antarctica,2.935809921,0.15195775176853532,0.15195775176853532,0.31006724465958424,FALSE,FALSE
2016-07-26,East_Antarctica,2.975688603,0.17943227078638824,0.17943227078638824,0.31006724465958424,FALSE,FALSE
2016-07-27,East_Antarctica,3.024320929,0.2157885094733465,0.2157885094733465,0.31006724465958424,FALSE,FALSE
2016-07-28,East_Antarctica,3.065904566,0.2452796593381228,0.2452796593381228,0.31006724465958424,FALSE,FALSE
2016-07-29,East_Antarctica,3.076986675,0.244508405889424,0.244508405889424,0.31006724465958424,FALSE,FALSE
2016-07-30,East_Antarctica,3.069585736,0.2255487536359615,0.2255487536359615,0.31006724465958424,FALSE,FALSE
2016-07-31,East_Antarctica,3.043475116,0.1882295940864469,0.1882295940864469,0.31006724465958424,FALSE,FALSE
2016-08-01,East_Antarctica,3.007647309,0.14159894574958587,0.14159894574958587,0.31006724465958424,FALSE,FALSE
2016-08-02,East_Antarctica,2.943453378,0.06706339540093165,0.06706339540093165,0.31006724465958424,FALSE,FALSE
2016-08-03,East_Antarctica,2.932675815,0.04644116638220863,0.04644116638220863,0.31006724465958424,FALSE,FALSE
2016-08-04,East_Antarctica,2.933108546,0.03749051708093809,0.03749051708093809,0.31006724465958424,FALSE,FALSE
2016-08-05,East_Antarctica,2.92767687,0.02308498451853857,0.02308498451853857,0.31006724465958424,FALSE,FALSE
2016-08-06,East_Antarctica,2.95382135,0.04061336971642948,0.04061336971642948,0.31006724465958424,FALSE,FALSE
2016-08-07,East_Antarctica,2.970838523,0.04932044769603072,0.04932044769603072,0.31006724465958424,FALSE,FALSE
2016-08-08,East_Antarctica,2.954618588,0.02504465547876266,0.02504465547876266,0.31006724465958424,FALSE,FALSE
2016-08-09,East_Antarctica,2.967902307,0.03047499308604262,0.03047499308604262,0.31006724465958424,FALSE,FALSE
2016-08-10,East_Antarctica,2.986820864,0.04169088253929098,0.04169088253929098,0.31006724465958424,FALSE,FALSE
2016-08-11,East_Antarctica,3.055383272,0.10264957485992764,0.10264957485992764,0.31006724465958424,FALSE,FALSE
2016-08-12,East_Antarctica,3.122484262,0.16219403906937124,0.16219403906937124,0.31006724465958424,FALSE,FALSE
2016-08-13,East_Antarctica,3.153788726,0.18593740518904367,0.18593740518904367,0.31006724465958424,FALSE,FALSE
2016-08-14,East_Antarctica,3.217871537,0.2424027842403622,0.2424027842403622,0.31006724465958424,FALSE,FALSE
2016-08-15,East_Antarctica,3.304885637,0.32169288854047196,0.32169288854047196,0.31006724465958424,TRUE,FALSE
2016-08-16,East_Antarctica,3.373537102,0.3825091078343128,0.3825091078343128,0.31006724465958424,TRUE,FALSE
2016-08-17,East_Antarctica,3.343156722,0.3442296739118089,0.3442296739118089,0.31006724465958424,TRUE,FALSE
2016-08-18,East_Antarctica,3.323820776,0.31698116431448486,0.31698116431448486,0.31006724465958424,TRUE,FALSE
2016-08-19,East_Antarctica,3.297536836,0.2828214495838757,0.2828214495838757,0.31006724465958424,FALSE,FALSE
2016-08-20,East_Antarctica,3.23655564,0.21405156626151056,0.21405156626151056,0.31006724465958424,FALSE,FALSE
2016-08-21,East_Antarctica,3.190434056,0.1602786808889194,0.1602786808889194,0.31006724465958424,FALSE,FALSE
2016-08-22,East_Antarctica,3.16285609,0.12523709800763205,0.12523709800763205,0.31006724465958424,FALSE,FALSE
2016-08-23,East_Antarctica,3.07690672,0.0320620941591816,0.0320620941591816,0.31006724465958424,FALSE,FALSE
2016-08-24,East_Antarctica,3.040688911,-0.01109306711490276,0.01109306711490276,0.31006724465958424,FALSE,FALSE
2016-08-25,East_Antarctica,3.072974639,0.01459388872690903,0.01459388872690903,0.31006724465958424,FALSE,FALSE
2016-08-26,East_Antarctica,3.112559329,0.04796868522614872,0.04796868522614872,0.31006724465958424,FALSE,FALSE
2016-08-27,East_Antarctica,3.137960242,0.06759888192434804,0.06759888192434804,0.31006724465958424,FALSE,FALSE
2016-08-28,East_Antarctica,3.174764467,0.09911287473806496,0.09911287473806496,0.31006724465958424,FALSE,FALSE
2016-08-29,East_Antarctica,3.184467764,0.1039930822207622,0.1039930822207622,0.31006724465958424,FALSE,FALSE
2016-08-30,East_Antarctica,3.168485293,0.083620789794987,0.083620789794987,0.31006724465958424,FALSE,FALSE
2016-08-31,East_Antarctica,3.146629231,0.05777426305358979,0.05777426305358979,0.31006724465958424,FALSE,FALSE
2016-09-01,East_Antarctica,3.093749912,0.00126992458942254,0.00126992458942254,0.31006724465958424,FALSE,FALSE
2016-09-02,East_Antarctica,3.072588862,-0.02318461100466562,0.02318461100466562,0.31006724465958424,FALSE,FALSE
2016-09-03,East_Antarctica,3.046068189,-0.05270114713581853,0.05270114713581853,0.31006724465958424,FALSE,FALSE
2016-09-04,East_Antarctica,3.043433023,-0.05806846521118736,0.05806846521118736,0.31006724465958424,FALSE,FALSE
2016-09-05,East_Antarctica,3.070216902,-0.03378693863792081,0.03378693863792081,0.31006724465958424,FALSE,FALSE
2016-09-06,East_Antarctica,3.074119711,-0.03219059382316569,0.03219059382316569,0.31006724465958424,FALSE,FALSE
2016-09-07,East_Antarctica,3.041570821,-0.0668839711740743,0.0668839711740743,0.31006724465958424,FALSE,FALSE
2016-09-08,East_Antarctica,3.042801124,-0.06767009009778846,0.06767009009778846,0.31006724465958424,FALSE,FALSE
2016-09-09,East_Antarctica,2.989126196,-0.1232672341935248,0.1232672341935248,0.31006724465958424,FALSE,FALSE
2016-09-10,East_Antarctica,2.929134925,-0.18511545684782016,0.18511545684782016,0.31006724465958424,FALSE,FALSE
2016-09-11,East_Antarctica,2.874651075,-0.2414110354099104,0.2414110354099104,0.31006724465958424,FALSE,FALSE
2016-09-12,East_Antarctica,2.834980767,-0.28286695313269083,0.28286695313269083,0.31006724465958424,FALSE,FALSE
2016-09-13,East_Antarctica,2.859478119,-0.2601481962690544,0.2601481962690544,0.31006724465958424,FALSE,FALSE
2016-09-14,East_Antarctica,2.856401653,-0.26501534707190055,0.26501534707190055,0.31006724465958424,FALSE,FALSE
2016-09-15,East_Antarctica,2.846700177,-0.27653870179412143,0.27653870179412143,0.31006724465958424,FALSE,FALSE
2016-09-16,East_Antarctica,2.908048874,-0.21706218168861513,0.21706218168861513,0.31006724465958424,FALSE,FALSE
2016-09-17,East_Antarctica,2.97859884,-0.1484537950082756,0.1484537950082756,0.31006724465958424,FALSE,FALSE
2016-09-18,East_Antarctica,3.004030062,-0.12505265900599882,0.12505265900599882,0.31006724465958424,FALSE,FALSE
2016-09-19,East_Antarctica,2.986316296,-0.14490412193467916,0.14490412193467916,0.31006724465958424,FALSE,FALSE
2016-09-20,East_Antarctica,2.998848015,-0.1346368150472146,0.1346368150472146,0.31006724465958424,FALSE,FALSE
2016-09-21,East_Antarctica,2.990260988,-0.14563407359649938,0.14563407359649938,0.31006724465958424,FALSE,FALSE
2016-09-22,East_Antarctica,2.953936864,-0.18452726587983648,0.18452726587983648,0.31006724465958424,FALSE,FALSE
2016-09-23,East_Antarctica,2.946422829,-0.19471705548710536,0.19471705548710536,0.31006724465958424,FALSE,FALSE
2016-09-24,East_Antarctica,2.931899902,-0.21193074127509703,0.21193074127509703,0.31006724465958424,FALSE,FALSE
2016-09-25,East_Antarctica,2.978382591,-0.16806157842677338,0.16806157842677338,0.31006724465958424,FALSE,FALSE
2016-09-26,East_Antarctica,3.005189591,-0.14369863512510017,0.14369863512510017,0.31006724465958424,FALSE,FALSE
2016-09-27,East_Antarctica,2.963262961,-0.1878076155530386,0.1878076155530386,0.31006724465958424,FALSE,FALSE
2016-09-28,East_Antarctica,2.907388091,-0.24551089289355277,0.24551089289355277,0.31006724465958424,FALSE,FALSE
2016-09-29,East_Antarctica,2.897256419,-0.25702479232960584,0.25702479232960584,0.31006724465958424,FALSE,FALSE
2016-09-30,East_Antarctica,2.885039993,-0.2700850290441621,0.2700850290441621,0.31006724465958424,FALSE,FALSE
2016-10-01,East_Antarctica,2.852655197,-0.30268298222018286,0.30268298222018286,0.31006724465958424,FALSE,FALSE
2016-10-02,East_Antarctica,2.839509539,-0.3153189070406306,0.3153189070406306,0.31006724465958424,TRUE,FALSE
2016-10-03,East_Antarctica,2.870919811,-0.2825837746884732,0.2825837746884732,0.31006724465958424,FALSE,FALSE
2016-10-04,East_Antarctica,2.876905627,-0.27436576210745844,0.27436576210745844,0.31006724465958424,FALSE,FALSE
2016-10-05,East_Antarctica,2.877887429,-0.2701857985142935,0.2701857985142935,0.31006724465958424,FALSE,FALSE
2016-10-06,East_Antarctica,2.882755812,-0.2611934381539305,0.2611934381539305,0.31006724465958424,FALSE,FALSE
2016-10-07,East_Antarctica,2.889959174,-0.2489985035168063,0.2489985035168063,0.31006724465958424,FALSE,FALSE
2016-10-08,East_Antarctica,2.885581285,-0.2475754450933576,0.2475754450933576,0.31006724465958424,FALSE,FALSE
2016-10-09,East_Antarctica,2.854103079,-0.2725015493740175,0.2725015493740175,0.31006724465958424,FALSE,FALSE
2016-10-10,East_Antarctica,2.823230665,-0.2961289278492214,0.2961289278492214,0.31006724465958424,FALSE,FALSE
2016-10-11,East_Antarctica,2.831758381,-0.2797214630094098,0.2797214630094098,0.31006724465958424,FALSE,FALSE
2016-10-12,East_Antarctica,2.833325216,-0.2696983863450151,0.2696983863450151,0.31006724465958424,FALSE,FALSE
2016-10-13,East_Antarctica,2.838054586,-0.2559945023464718,0.2559945023464718,0.31006724465958424,FALSE,FALSE
2016-10-14,East_Antarctica,2.865011371,-0.21960315150421783,0.21960315150421783,0.31006724465958424,FALSE,FALSE
2016-10-15,East_Antarctica,2.86609556,-0.20868256530868431,0.20868256530868431,0.31006724465958424,FALSE,FALSE
2016-10-16,East_Antarctica,2.846467122,-0.218130995250315,0.218130995250315,0.31006724465958424,FALSE,FALSE
2016-10-17,East_Antarctica,2.852025136,-0.20210428297508143,0.20210428297508143,0.31006724465958424,FALSE,FALSE
2016-10-18,East_Antarctica,2.887481775,-0.15587508841045183,0.15587508841045183,0.31006724465958424,FALSE,FALSE
2016-10-19,East_Antarctica,2.877871703,-0.1543265755533989,0.1543265755533989,0.31006724465958424,FALSE,FALSE
2016-10-20,East_Antarctica,2.868746506,-0.15182230350513137,0.15182230350513137,0.31006724465958424,FALSE,FALSE
2016-10-21,East_Antarctica,2.860094912,-0.1482886893668658,0.1482886893668658,0.31006724465958424,FALSE,FALSE
2016-10-22,East_Antarctica,2.846095155,-0.14946264423980837,0.14946264423980837,0.31006724465958424,FALSE,FALSE
2016-10-23,East_Antarctica,2.834380617,-0.14762593122517487,0.14762593122517487,0.31006724465958424,FALSE,FALSE
2016-10-24,East_Antarctica,2.804984564,-0.16266042942417602,0.16266042942417602,0.31006724465958424,FALSE,FALSE
2016-10-25,East_Antarctica,2.817060934,-0.13532734593802245,0.13532734593802245,0.31006724465958424,FALSE,FALSE
2016-10-26,East_Antarctica,2.83002467,-0.10612688286792826,0.10612688286792826,0.31006724465958424,FALSE,FALSE
2016-10-27,East_Antarctica,2.807547931,-0.11130202631510412,0.11130202631510412,0.31006724465958424,FALSE,FALSE
2016-10-28,East_Antarctica,2.75612564,-0.14427299838076246,0.14427299838076246,0.31006724465958424,FALSE,FALSE
2016-10-29,East_Antarctica,2.758220813,-0.1224919281661152,0.1224919281661152,0.31006724465958424,FALSE,FALSE
2016-10-30,East_Antarctica,2.77296748,-0.08675234141974952,0.08675234141974952,0.31006724465958424,FALSE,FALSE
2016-10-31,East_Antarctica,2.773353861,-0.06405466179150965,0.06405466179150965,0.31006724465958424,FALSE,FALSE
2016-11-01,East_Antarctica,2.747099971,-0.06668628176069369,0.06668628176069369,0.31006724465958424,FALSE,FALSE
2016-11-02,East_Antarctica,2.707658311,-0.08120211285081691,0.08120211285081691,0.31006724465958424,FALSE,FALSE
2016-11-03,East_Antarctica,2.682558467,-0.08007998158538943,0.08007998158538943,0.31006724465958424,FALSE,FALSE
2016-11-04,East_Antarctica,2.626634761,-0.10849297848792094,0.10849297848792094,0.31006724465958424,FALSE,FALSE
2016-11-05,East_Antarctica,2.567689437,-0.1386462720819286,0.1386462720819286,0.31006724465958424,FALSE,FALSE
2016-11-06,East_Antarctica,2.501860499,-0.1744092708909184,0.1744092708909184,0.31006724465958424,FALSE,FALSE
2016-11-07,East_Antarctica,2.444892541,-0.2000447934384062,0.2000447934384062,0.31006724465958424,FALSE,FALSE
2016-11-08,East_Antarctica,2.385761405,-0.2265844102479031,0.2265844102479031,0.31006724465958424,FALSE,FALSE
2016-11-09,East_Antarctica,2.311631103,-0.2668715218429183,0.2668715218429183,0.31006724465958424,FALSE,FALSE
2016-11-10,East_Antarctica,2.248225732,-0.29518944374696643,0.29518944374696643,0.31006724465958424,FALSE,FALSE
2016-11-11,East_Antarctica,2.174196736,-0.33289505204826364,0.33289505204826364,0.31006724465958424,TRUE,TRUE
2016-11-12,East_Antarctica,2.131194451,-0.33839653640706757,0.33839653640706757,0.31006724465958424,TRUE,TRUE
2016-11-13,East_Antarctica,2.040719409,-0.390327359934429,0.390327359934429,0.31006724465958424,TRUE,TRUE
2016-11-14,East_Antarctica,1.943838781,-0.44776057172772066,0.44776057172772066,0.31006724465958424,TRUE,TRUE
2016-11-15,East_Antarctica,1.925886381,-0.4255025778843191,0.4255025778843191,0.31006724465958424,TRUE,TRUE
2016-11-16,East_Antarctica,1.859873695,-0.45068211250159784,0.45068211250159784,0.31006724465958424,TRUE,TRUE
2016-11-17,East_Antarctica,1.808278297,-0.4609618216769358,0.4609618216769358,0.31006724465958424,TRUE,TRUE
2016-11-18,East_Antarctica,1.785169095,-0.44241301750770656,0.44241301750770656,0.31006724465958424,TRUE,TRUE
2016-11-19,East_Antarctica,1.761956943,-0.4237650660912844,0.4237650660912844,0.31006724465958424,TRUE,TRUE
2016-11-20,East_Antarctica,1.70267595,-0.4411240785250448,0.4411240785250448,0.31006724465958424,TRUE,TRUE
2016-11-21,East_Antarctica,1.655225819,-0.44673057190636367,0.44673057190636367,0.31006724465958424,TRUE,TRUE
2016-11-22,East_Antarctica,1.638625035,-0.421706281332618,0.421706281332618,0.31006724465958424,TRUE,TRUE
2016-11-23,East_Antarctica,1.600820222,-0.4182448029011805,0.4182448029011805,0.31006724465958424,TRUE,TRUE
2016-11-24,East_Antarctica,1.56786072,-0.4104285290656622,0.4104285290656622,0.31006724465958424,TRUE,TRUE
2016-11-25,East_Antarctica,1.544027623,-0.3940363112107692,0.3940363112107692,0.31006724465958424,TRUE,TRUE
2016-11-26,East_Antarctica,1.535052318,-0.3633606113218604,0.3633606113218604,0.31006724465958424,TRUE,TRUE
2016-11-27,East_Antarctica,1.506919116,-0.35244069397503286,0.35244069397503286,0.31006724465958424,TRUE,TRUE
2016-11-28,East_Antarctica,1.495506877,-0.32542127474638893,0.32542127474638893,0.31006724465958424,TRUE,TRUE
2016-11-29,East_Antarctica,1.485261528,-0.29788000221202404,0.29788000221202404,0.31006724465958424,FALSE,FALSE
2016-11-30,East_Antarctica,1.462761096,-0.28326242494804,0.28326242494804,0.31006724465958424,FALSE,FALSE
2016-12-01,East_Antarctica,1.444400278,-0.2651974215305333,0.2651974215305333,0.31006724465958424,FALSE,FALSE
2016-12-02,East_Antarctica,1.403053894,-0.2708337475356053,0.2708337475356053,0.31006724465958424,FALSE,FALSE
2016-12-03,East_Antarctica,1.369241978,-0.26967494453935403,0.26967494453935403,0.31006724465958424,FALSE,FALSE
2016-12-04,East_Antarctica,1.32111641,-0.28359270811787796,0.28359270811787796,0.31006724465958424,FALSE,FALSE
2016-12-05,East_Antarctica,1.30850699,-0.26278081384727736,0.26278081384727736,0.31006724465958424,FALSE,FALSE
2016-12-06,East_Antarctica,1.2767636,-0.26191293131779636,0.26191293131779636,0.31006724465958424,FALSE,FALSE
2016-12-07,East_Antarctica,1.257629901,-0.24926150514303713,0.24926150514303713,0.31006724465958424,FALSE,FALSE
2016-12-08,East_Antarctica,1.237401398,-0.23852917897494885,0.23852917897494885,0.31006724465958424,FALSE,FALSE
2016-12-09,East_Antarctica,1.22608734,-0.219702199821904,0.219702199821904,0.31006724465958424,FALSE,FALSE
2016-12-10,East_Antarctica,1.176753039,-0.23971075169228295,0.23971075169228295,0.31006724465958424,FALSE,FALSE
2016-12-11,East_Antarctica,1.128137169,-0.25981165659446237,0.25981165659446237,0.31006724465958424,FALSE,FALSE
2016-12-12,East_Antarctica,1.114294245,-0.24594589553681656,0.24594589553681656,0.31006724465958424,FALSE,FALSE
2016-12-13,East_Antarctica,1.114975877,-0.21835735452772287,0.21835735452772287,0.31006724465958424,FALSE,FALSE
2016-12-14,East_Antarctica,1.111993123,-0.19523047157555773,0.19523047157555773,0.31006724465958424,FALSE,FALSE
2016-12-15,East_Antarctica,1.096874754,-0.1850319716886979,0.1850319716886979,0.31006724465958424,FALSE,FALSE
2016-12-16,East_Antarctica,1.092653119,-0.1647250018755193,0.1647250018755193,0.31006724465958424,FALSE,FALSE
2016-12-17,East_Antarctica,1.078269237,-0.15536403914440045,0.15536403914440045,0.31006724465958424,FALSE,FALSE
2016-12-18,East_Antarctica,1.051166069,-0.15950161850371505,0.15950161850371505,0.31006724465958424,FALSE,FALSE
2016-12-19,East_Antarctica,1.024023504,-0.16445254047833413,0.16445254047833413,0.31006724465958424,FALSE,FALSE
2016-12-20,East_Antarctica,1.001740126,-0.16530015853435853,0.16530015853435853,0.31006724465958424,FALSE,FALSE
2016-12-21,East_Antarctica,0.994528278,-0.1518038881768118,0.1518038881768118,0.31006724465958424,FALSE,FALSE
2016-12-22,East_Antarctica,0.979442792,-0.14688037225439787,0.14688037225439787,0.31006724465958424,FALSE,FALSE
2016-12-23,East_Antarctica,0.980727334,-0.12625741961581927,0.12625741961581927,0.31006724465958424,FALSE,FALSE
2016-12-24,East_Antarctica,0.971745659,-0.11654275010978066,0.11654275010978066,0.31006724465958424,FALSE,FALSE
2016-12-25,East_Antarctica,0.969290183,-0.10091542258498576,0.10091542258498576,0.31006724465958424,FALSE,FALSE
2016-12-26,East_Antarctica,0.9656841,-0.08702371789013941,0.08702371789013941,0.31006724465958424,FALSE,FALSE
2016-12-27,East_Antarctica,0.954175269,-0.08159125187394456,0.08159125187394456,0.31006724465958424,FALSE,FALSE
2016-12-28,East_Antarctica,0.967405078,-0.05194811138510358,0.05194811138510358,0.31006724465958424,FALSE,FALSE
2016-12-29,East_Antarctica,0.978363137,-0.02507616127232148,0.02507616127232148,0.31006724465958424,FALSE,FALSE
2016-12-30,East_Antarctica,0.983712291,-0.00428403138430455,0.00428403138430455,0.31006724465958424,FALSE,FALSE
2016-12-31,East_Antarctica,0.978878605,0.00588286843024565,0.00588286843024565,0.31006724465958424,FALSE,FALSE
2017-01-01,East_Antarctica,0.96009963,-0.01289610656975404,0.01289610656975404,0.31006724465958424,FALSE,FALSE
2017-01-02,East_Antarctica,0.975140687,0.01673056834385211,0.01673056834385211,0.31006724465958424,FALSE,FALSE
2017-01-03,East_Antarctica,0.97696547,0.03274901161392873,0.03274901161392873,0.31006724465958424,FALSE,FALSE
2017-01-04,East_Antarctica,0.971476919,0.04108407051912122,0.04108407051912122,0.31006724465958424,FALSE,FALSE
2017-01-05,East_Antarctica,0.960545036,0.04362765433807625,0.04362765433807625,0.31006724465958424,FALSE,FALSE
2017-01-06,East_Antarctica,0.949160362,0.04539221134943116,0.04539221134943116,0.31006724465958424,FALSE,FALSE
2017-01-07,East_Antarctica,0.934747717,0.04382446883183322,0.04382446883183322,0.31006724465958424,FALSE,FALSE
2017-01-08,East_Antarctica,0.928055691,0.04969492406392528,0.04969492406392528,0.31006724465958424,FALSE,FALSE
2017-01-09,East_Antarctica,0.909875005,0.04381620532434882,0.04381620532434882,0.31006724465958424,FALSE,FALSE
2017-01-10,East_Antarctica,0.894723891,0.04072845189175034,0.04072845189175034,0.31006724465958424,FALSE,FALSE
2017-01-11,East_Antarctica,0.891083006,0.04893422804477032,0.04893422804477032,0.31006724465958424,FALSE,FALSE
2017-01-12,East_Antarctica,0.895361265,0.06486435606205354,0.06486435606205354,0.31006724465958424,FALSE,FALSE
2017-01-13,East_Antarctica,0.891759813,0.07274188822224292,0.07274188822224292,0.31006724465958424,FALSE,FALSE
2017-01-14,East_Antarctica,0.863863029,0.05617277597255532,0.05617277597255532,0.31006724465958424,FALSE,FALSE
2017-01-15,East_Antarctica,0.850544243,0.05403990638867406,0.05403990638867406,0.31006724465958424,FALSE,FALSE
2017-01-16,East_Antarctica,0.857800339,0.07233466785841736,0.07233466785841736,0.31006724465958424,FALSE,FALSE
2017-01-17,East_Antarctica,0.841903913,0.06732320878649745,0.06732320878649745,0.31006724465958424,FALSE,FALSE
2017-01-18,East_Antarctica,0.81461142,0.05075553657762821,0.05075553657762821,0.31006724465958424,FALSE,FALSE
2017-01-19,East_Antarctica,0.812724498,0.05942684163652212,0.05942684163652212,0.31006724465958424,FALSE,FALSE
2017-01-20,East_Antarctica,0.820006049,0.07709357836789144,0.07709357836789144,0.31006724465958424,FALSE,FALSE
2017-01-21,East_Antarctica,0.82354654,0.09083976617644962,0.09083976617644962,0.31006724465958424,FALSE,FALSE
2017-01-22,East_Antarctica,0.803704244,0.08101723046690967,0.08101723046690967,0.31006724465958424,FALSE,FALSE
2017-01-23,East_Antarctica,0.803193693,0.09033405564398378,0.09033405564398378,0.31006724465958424,FALSE,FALSE
2017-01-24,East_Antarctica,0.798433174,0.09520208111238516,0.09520208111238516,0.31006724465958424,FALSE,FALSE
2017-01-25,East_Antarctica,0.792158932,0.09835110427682658,0.09835110427682658,0.31006724465958424,FALSE,FALSE
2017-01-26,East_Antarctica,0.770825736,0.08622944654202158,0.08622944654202158,0.31006724465958424,FALSE,FALSE
2017-01-27,East_Antarctica,0.764689599,0.08908749219855272,0.08908749219855272,0.31006724465958424,FALSE,FALSE
2017-01-28,East_Antarctica,0.771355919,0.10453055395126852,0.10453055395126852,0.31006724465958424,FALSE,FALSE
2017-01-29,East_Antarctica,0.756689058,0.09842520711955303,0.09842520711955303,0.31006724465958424,FALSE,FALSE
2017-01-30,East_Antarctica,0.751147243,0.10123189942735566,0.10123189942735566,0.31006724465958424,FALSE,FALSE
2017-01-31,East_Antarctica,0.760744268,0.11896664559862746,0.11896664559862746,0.31006724465958424,FALSE,FALSE
2017-02-01,East_Antarctica,0.75282018,0.11897171335732017,0.11897171335732017,0.31006724465958424,FALSE,FALSE
2017-02-02,East_Antarctica,0.73393993,0.10781427442738344,0.10781427442738344,0.31006724465958424,FALSE,FALSE
2017-02-03,East_Antarctica,0.728528287,0.10992131853276954,0.10992131853276954,0.31006724465958424,FALSE,FALSE
2017-02-04,East_Antarctica,0.716509075,0.10521889039742828,0.10521889039742828,0.31006724465958424,FALSE,FALSE
2017-02-05,East_Antarctica,0.723846091,0.11967300774531033,0.11967300774531033,0.31006724465958424,FALSE,FALSE
2017-02-06,East_Antarctica,0.722611094,0.12535765030036683,0.12535765030036683,0.31006724465958424,FALSE,FALSE
2017-02-07,East_Antarctica,0.676161772,0.08563272678654898,0.08563272678654898,0.31006724465958424,FALSE,FALSE
2017-02-08,East_Antarctica,0.635087081,0.05108927468083979,0.05108927468083979,0.31006724465958424,FALSE,FALSE
2017-02-09,East_Antarctica,0.647243661,0.06956763161276225,0.06956763161276225,0.31006724465958424,FALSE,FALSE
2017-02-10,East_Antarctica,0.656793998,0.08517742015454777,0.08517742015454777,0.31006724465958424,FALSE,FALSE
2017-02-11,East_Antarctica,0.674187089,0.10831045113291572,0.10831045113291572,0.31006724465958424,FALSE,FALSE
2017-02-12,East_Antarctica,0.675794312,0.11528091637458604,0.11528091637458604,0.31006724465958424,FALSE,FALSE
2017-02-13,East_Antarctica,0.680408608,0.1248245707062775,0.1248245707062775,0.31006724465958424,FALSE,FALSE
2017-02-14,East_Antarctica,0.688281792,0.1371360429547106,0.1371360429547106,0.31006724465958424,FALSE,FALSE
2017-02-15,East_Antarctica,0.673825174,0.12656945694660438,0.12656945694660438,0.31006724465958424,FALSE,FALSE
2017-02-16,East_Antarctica,0.662941248,0.11897012050867715,0.11897012050867715,0.31006724465958424,FALSE,FALSE
2017-02-17,East_Antarctica,0.665872835,0.12452366846765006,0.12452366846765006,0.31006724465958424,FALSE,FALSE
2017-02-18,East_Antarctica,0.678041102,0.13859408165024145,0.13859408165024145,0.31006724465958424,FALSE,FALSE
2017-02-19,East_Antarctica,0.677580658,0.13925878288317217,0.13925878288317217,0.31006724465958424,FALSE,FALSE
2017-02-20,East_Antarctica,0.657262621,0.11923170399316052,0.11923170399316052,0.31006724465958424,FALSE,FALSE
2017-02-21,East_Antarctica,0.647044219,0.1084159624954153,0.1084159624954153,0.31006724465958424,FALSE,FALSE
2017-02-22,East_Antarctica,0.628909118,0.08877840242417334,0.08877840242417334,0.31006724465958424,FALSE,FALSE
2017-02-23,East_Antarctica,0.646369634,0.10383932376374304,0.10383932376374304,0.31006724465958424,FALSE,FALSE
2017-02-24,East_Antarctica,0.63719968,0.09138107191489032,0.09138107191489032,0.31006724465958424,FALSE,FALSE
2017-02-25,East_Antarctica,0.612946375,0.06295919827838126,0.06295919827838126,0.31006724465958424,FALSE,FALSE
2017-02-26,East_Antarctica,0.574315079,0.01928749525498352,0.01928749525498352,0.31006724465958424,FALSE,FALSE
2017-02-27,East_Antarctica,0.575557293,0.01462589624546173,0.01462589624546173,0.31006724465958424,FALSE,FALSE
2017-02-28,East_Antarctica,0.596755616,0.02906543265058336,0.02906543265058336,0.31006724465958424,FALSE,FALSE
2017-03-01,East_Antarctica,0.593672566,0.01837705487111485,0.01837705487111485,0.31006724465958424,FALSE,FALSE
2017-03-02,East_Antarctica,0.578488289,-0.00525065869217777,0.00525065869217777,0.31006724465958424,FALSE,FALSE
2017-03-03,East_Antarctica,0.567620473,-0.02539158763852755,0.02539158763852755,0.31006724465958424,FALSE,FALSE
2017-03-04,East_Antarctica,0.554335125,-0.04877129256716905,0.04877129256716905,0.31006724465958424,FALSE,FALSE
2017-03-05,East_Antarctica,0.571369791,-0.04264379093456738,0.04264379093456738,0.31006724465958424,FALSE,FALSE
2017-03-06,East_Antarctica,0.594317874,-0.03139183261669598,0.03139183261669598,0.31006724465958424,FALSE,FALSE
2017-03-07,East_Antarctica,0.620875296,-0.01724547749318339,0.01724547749318339,0.31006724465958424,FALSE,FALSE
2017-03-08,East_Antarctica,0.62752534,-0.02363723167992759,0.02363723167992759,0.31006724465958424,FALSE,FALSE
2017-03-09,East_Antarctica,0.631455405,-0.03329548529282877,0.03329548529282877,0.31006724465958424,FALSE,FALSE
2017-03-10,East_Antarctica,0.651491713,-0.02730980544778527,0.02730980544778527,0.31006724465958424,FALSE,FALSE
2017-03-11,East_Antarctica,0.663022492,-0.03020775326069535,0.03020775326069535,0.31006724465958424,FALSE,FALSE
2017-03-12,East_Antarctica,0.666758828,-0.04119403184745751,0.04119403184745751,0.31006724465958424,FALSE,FALSE
2017-03-13,East_Antarctica,0.66849375,-0.05439140132397291,0.05439140132397291,0.31006724465958424,FALSE,FALSE
2017-03-14,East_Antarctica,0.673953942,-0.06398896680613853,0.06398896680613853,0.31006724465958424,FALSE,FALSE
2017-03-15,East_Antarctica,0.700738168,-0.05230375340985427,0.05230375340985427,0.31006724465958424,FALSE,FALSE
2017-03-16,East_Antarctica,0.713571099,-0.05452687925101918,0.05452687925101918,0.31006724465958424,FALSE,FALSE
2017-03-17,East_Antarctica,0.728981002,-0.05404586644553011,0.05404586644553011,0.31006724465958424,FALSE,FALSE
2017-03-18,East_Antarctica,0.763683481,-0.03406335060892762,0.03406335060892762,0.31006724465958424,FALSE,FALSE
2017-03-19,East_Antarctica,0.800689043,-0.01154826522803953,0.01154826522803953,0.31006724465958424,FALSE,FALSE
2017-03-20,East_Antarctica,0.794090467,-0.03245128841366429,0.03245128841366429,0.31006724465958424,FALSE,FALSE
2017-03-21,East_Antarctica,0.779138879,-0.06156776528399188,0.06156776528399188,0.31006724465958424,FALSE,FALSE
2017-03-22,East_Antarctica,0.803629683,-0.05114876295721482,0.05114876295721482,0.31006724465958424,FALSE,FALSE
2017-03-23,East_Antarctica,0.820639968,-0.04816366355152457,0.04816366355152457,0.31006724465958424,FALSE,FALSE
2017-03-24,East_Antarctica,0.866885757,-0.01594291518511192,0.01594291518511192,0.31006724465958424,FALSE,FALSE
2017-03-25,East_Antarctica,0.895564512,-0.0013355269761679,0.0013355269761679,0.31006724465958424,FALSE,FALSE
2017-03-26,East_Antarctica,0.908868846,-0.00219535704288609,0.00219535704288609,0.31006724465958424,FALSE,FALSE
2017-03-27,East_Antarctica,0.930666822,0.00529918649654559,0.00529918649654559,0.31006724465958424,FALSE,FALSE
2017-03-28,East_Antarctica,0.951707033,0.01185022552393211,0.01185022552393211,0.31006724465958424,FALSE,FALSE
2017-03-29,East_Antarctica,0.948039937,-0.00653825307891609,0.00653825307891609,0.31006724465958424,FALSE,FALSE
2017-03-30,East_Antarctica,0.931666481,-0.03791177343018948,0.03791177343018948,0.31006724465958424,FALSE,FALSE
2017-03-31,East_Antarctica,0.96731363,-0.01758111226454017,0.01758111226454017,0.31006724465958424,FALSE,FALSE
2017-04-01,East_Antarctica,0.984749078,-0.01576860221612308,0.01576860221612308,0.31006724465958424,FALSE,FALSE
2017-04-02,East_Antarctica,1.016856453,4.355791588792623e-4,4.355791588792623e-4,0.31006724465958424,FALSE,FALSE
2017-04-03,East_Antarctica,1.03798897,0.00541085471423796,0.00541085471423796,0.31006724465958424,FALSE,FALSE
2017-04-04,East_Antarctica,1.0705655,0.02160230330372403,0.02160230330372403,0.31006724465958424,FALSE,FALSE
2017-04-05,East_Antarctica,1.08924992,0.0237000097811102,0.0237000097811102,0.31006724465958424,FALSE,FALSE
2017-04-06,East_Antarctica,1.115271417,0.03295936900016727,0.03295936900016727,0.31006724465958424,FALSE,FALSE
2017-04-07,East_Antarctica,1.120110178,0.02088677581466624,0.02088677581466624,0.31006724465958424,FALSE,FALSE
2017-04-08,East_Antarctica,1.132254727,0.01599696207838064,0.01599696207838064,0.31006724465958424,FALSE,FALSE
2017-04-09,East_Antarctica,1.138259563,0.00487063464508108,0.00487063464508108,0.31006724465958424,FALSE,FALSE
2017-04-10,East_Antarctica,1.16418006,0.01358937536853788,0.01358937536853788,0.31006724465958424,FALSE,FALSE
2017-04-11,East_Antarctica,1.207590603,0.03975377710252559,0.03975377710252559,0.31006724465958424,FALSE,FALSE
2017-04-12,East_Antarctica,1.21470486,0.02960355318893648,0.02960355318893648,0.31006724465958424,FALSE,FALSE
2017-04-13,East_Antarctica,1.214547268,0.01217760371035847,0.01217760371035847,0.31006724465958424,FALSE,FALSE
2017-04-14,East_Antarctica,1.209788763,-0.00985776550121153,0.00985776550121153,0.31006724465958424,FALSE,FALSE
2017-04-15,East_Antarctica,1.214090515,-0.02284779800885283,0.02284779800885283,0.31006724465958424,FALSE,FALSE
2017-04-16,East_Antarctica,1.223689221,-0.03056221037564044,0.03056221037564044,0.31006724465958424,FALSE,FALSE
2017-04-17,East_Antarctica,1.241578315,-0.03001398216465545,0.03001398216465545,0.31006724465958424,FALSE,FALSE
2017-04-18,East_Antarctica,1.265026615,-0.02394070893897271,0.02394070893897271,0.31006724465958424,FALSE,FALSE
2017-04-19,East_Antarctica,1.278291713,-0.02809121226166899,0.02809121226166899,0.31006724465958424,FALSE,FALSE
2017-04-20,East_Antarctica,1.297523029,-0.02632248569582351,0.02632248569582351,0.31006724465958424,FALSE,FALSE
2017-04-21,East_Antarctica,1.321019708,-0.02034179780451372,0.02034179780451372,0.31006724465958424,FALSE,FALSE
2017-04-22,East_Antarctica,1.336603688,-0.02233362415081652,0.02233362415081652,0.31006724465958424,FALSE,FALSE
2017-04-23,East_Antarctica,1.39943965,0.02286030270218853,0.02286030270218853,0.31006724465958424,FALSE,FALSE
2017-04-24,East_Antarctica,1.420400773,0.02610674819142744,0.02610674819142744,0.31006724465958424,FALSE,FALSE
2017-04-25,East_Antarctica,1.434064275,0.02197712291392206,0.02197712291392206,0.31006724465958424,FALSE,FALSE
2017-04-26,East_Antarctica,1.444740103,0.01478132344951577,0.01478132344951577,0.31006724465958424,FALSE,FALSE
2017-04-27,East_Antarctica,1.451401052,0.00349527572042718,0.00349527572042718,0.31006724465958424,FALSE,FALSE
2017-04-28,East_Antarctica,1.469272169,0.00334719116080406,0.00334719116080406,0.31006724465958424,FALSE,FALSE
2017-04-29,East_Antarctica,1.472893945,-0.01111927479520735,0.01111927479520735,0.31006724465958424,FALSE,FALSE
2017-04-30,East_Antarctica,1.447336681,-0.0548306567134591,0.0548306567134591,0.31006724465958424,FALSE,FALSE
2017-05-01,East_Antarctica,1.443143708,-0.0772404591598046,0.0772404591598046,0.31006724465958424,FALSE,FALSE
2017-05-02,East_Antarctica,1.5126602,-0.02600034370009751,0.02600034370009751,0.31006724465958424,FALSE,FALSE
2017-05-03,East_Antarctica,1.552016469,-0.0049768339001881,0.0049768339001881,0.31006724465958424,FALSE,FALSE
2017-05-04,East_Antarctica,1.571628499,-0.00375078132593231,0.00375078132593231,0.31006724465958424,FALSE,FALSE
2017-05-05,East_Antarctica,1.559020821,-0.0347944905431814,0.0347944905431814,0.31006724465958424,FALSE,FALSE
2017-05-06,East_Antarctica,1.567159372,-0.04513886011778778,0.04513886011778778,0.31006724465958424,FALSE,FALSE
2017-05-07,East_Antarctica,1.598425946,-0.03239892861909976,0.03239892861909976,0.31006724465958424,FALSE,FALSE
2017-05-08,East_Antarctica,1.628167158,-0.02122324301717348,0.02122324301717348,0.31006724465958424,FALSE,FALSE
2017-05-09,East_Antarctica,1.640826138,-0.02715938902801507,0.02715938902801507,0.31006724465958424,FALSE,FALSE
2017-05-10,East_Antarctica,1.69083762,0.00423738320137689,0.00423738320137689,0.31006724465958424,FALSE,FALSE
2017-05-11,East_Antarctica,1.724168633,0.01894411852400779,0.01894411852400779,0.31006724465958424,FALSE,FALSE
2017-05-12,East_Antarctica,1.723161303,-6.870412071202647e-4,6.870412071202647e-4,0.31006724465958424,FALSE,FALSE
2017-05-13,East_Antarctica,1.743600504,0.00113879386099968,0.00113879386099968,0.31006724465958424,FALSE,FALSE
2017-05-14,East_Antarctica,1.764861877,0.00380728058136914,0.00380728058136914,0.31006724465958424,FALSE,FALSE
2017-05-15,East_Antarctica,1.781753396,0.00213640880699328,0.00213640880699328,0.31006724465958424,FALSE,FALSE
2017-05-16,East_Antarctica,1.808496174,0.01035730739087381,0.01035730739087381,0.31006724465958424,FALSE,FALSE
2017-05-17,East_Antarctica,1.859469856,0.04285963718601837,0.04285963718601837,0.31006724465958424,FALSE,FALSE
2017-05-18,East_Antarctica,1.899994944,0.0649739160454248,0.0649739160454248,0.31006724465958424,FALSE,FALSE
2017-05-19,East_Antarctica,1.890996565,0.03763528682210282,0.03763528682210282,0.31006724465958424,FALSE,FALSE
2017-05-20,East_Antarctica,1.832027333,-0.03959319104870618,0.03959319104870618,0.31006724465958424,FALSE,FALSE
2017-05-21,East_Antarctica,1.822104588,-0.06767589340956426,0.06767589340956426,0.31006724465958424,FALSE,FALSE
2017-05-22,East_Antarctica,1.842394207,-0.06542181053853291,0.06542181053853291,0.31006724465958424,FALSE,FALSE
2017-05-23,East_Antarctica,1.866128154,-0.05957361529565253,0.05957361529565253,0.31006724465958424,FALSE,FALSE
2017-05-24,East_Antarctica,1.867901283,-0.07551109054097727,0.07551109054097727,0.31006724465958424,FALSE,FALSE
2017-05-25,East_Antarctica,1.850674837,-0.1102476301345514,0.1102476301345514,0.31006724465958424,FALSE,FALSE
2017-05-26,East_Antarctica,1.827679497,-0.15052718993642134,0.15052718993642134,0.31006724465958424,FALSE,FALSE
2017-05-27,East_Antarctica,1.805142851,-0.1900968188066341,0.1900968188066341,0.31006724465958424,FALSE,FALSE
2017-05-28,East_Antarctica,1.855658879,-0.1563371736052379,0.1563371736052379,0.31006724465958424,FALSE,FALSE
2017-05-29,East_Antarctica,1.875198578,-0.15325189419227936,0.15325189419227936,0.31006724465958424,FALSE,FALSE
2017-05-30,East_Antarctica,1.90232774,-0.14224982542780307,0.14224982542780307,0.31006724465958424,FALSE,FALSE
2017-05-31,East_Antarctica,1.913049553,-0.14730241617186035,0.14730241617186035,0.31006724465958424,FALSE,FALSE
2017-06-01,East_Antarctica,1.935510662,-0.14023765828449442,0.14023765828449442,0.31006724465958424,FALSE,FALSE
2017-06-02,East_Antarctica,1.965247006,-0.1255066847126145,0.1255066847126145,0.31006724465958424,FALSE,FALSE
2017-06-03,East_Antarctica,1.980406903,-0.12500341480645494,0.12500341480645494,0.31006724465958424,FALSE,FALSE
2017-06-04,East_Antarctica,1.9948259,-0.12494983126341053,0.12494983126341053,0.31006724465958424,FALSE,FALSE
2017-06-05,East_Antarctica,2.021593661,-0.1123138003473434,0.1123138003473434,0.31006724465958424,FALSE,FALSE
2017-06-06,East_Antarctica,2.053861286,-0.0940017523221175,0.0940017523221175,0.31006724465958424,FALSE,FALSE
2017-06-07,East_Antarctica,2.048735714,-0.11296427845159408,0.11296427845159408,0.31006724465958424,FALSE,FALSE
2017-06-08,East_Antarctica,2.129567272,-0.04590858199963676,0.04590858199963676,0.31006724465958424,FALSE,FALSE
2017-06-09,East_Antarctica,2.13837652,-0.05087163323010912,0.05087163323010912,0.31006724465958424,FALSE,FALSE
2017-06-10,East_Antarctica,2.102160277,-0.100914143406869,0.100914143406869,0.31006724465958424,FALSE,FALSE
2017-06-11,East_Antarctica,2.1129122,-0.10409998579378454,0.10409998579378454,0.31006724465958424,FALSE,FALSE
2017-06-12,East_Antarctica,2.127056815,-0.10406216465471464,0.10406216465471464,0.31006724465958424,FALSE,FALSE
2017-06-13,East_Antarctica,2.151796917,-0.09365541525352317,0.09365541525352317,0.31006724465958424,FALSE,FALSE
2017-06-14,East_Antarctica,2.221687927,-0.03838071459023418,0.03838071459023418,0.31006724465958424,FALSE,FALSE
2017-06-15,East_Antarctica,2.301517469,0.02654307822096058,0.02654307822096058,0.31006724465958424,FALSE,FALSE
2017-06-16,East_Antarctica,2.310784012,0.02067642508220935,0.02067642508220935,0.31006724465958424,FALSE,FALSE
2017-06-17,East_Antarctica,2.308530059,0.00312878309979502,0.00312878309979502,0.31006724465958424,FALSE,FALSE
2017-06-18,East_Antarctica,2.318883,-0.00190550361998553,0.00190550361998553,0.31006724465958424,FALSE,FALSE
2017-06-19,East_Antarctica,2.299342439,-0.0368598769708508,0.0368598769708508,0.31006724465958424,FALSE,FALSE
2017-06-20,East_Antarctica,2.326338998,-0.02523676084650983,0.02523676084650983,0.31006724465958424,FALSE,FALSE
2017-06-21,East_Antarctica,2.321501494,-0.04534038414067343,0.04534038414067343,0.31006724465958424,FALSE,FALSE
2017-06-22,East_Antarctica,2.310629829,-0.07130389074705556,0.07130389074705556,0.31006724465958424,FALSE,FALSE
2017-06-23,East_Antarctica,2.306764103,-0.09002022655936548,0.09002022655936548,0.31006724465958424,FALSE,FALSE
2017-06-24,East_Antarctica,2.301029892,-0.11029686147131512,0.11029686147131512,0.31006724465958424,FALSE,FALSE
2017-06-25,East_Antarctica,2.31752558,-0.10796845737661886,0.10796845737661886,0.31006724465958424,FALSE,FALSE
2017-06-26,East_Antarctica,2.39100454,-0.0482146871689828,0.0482146871689828,0.31006724465958424,FALSE,FALSE
2017-06-27,East_Antarctica,2.404002784,-0.04844210449935415,0.04844210449935415,0.31006724465958424,FALSE,FALSE
2017-06-28,East_Antarctica,2.420421914,-0.0447636091146415,0.0447636091146415,0.31006724465958424,FALSE,FALSE
2017-06-29,East_Antarctica,2.445629085,-0.03185941819169402,0.03185941819169402,0.31006724465958424,FALSE,FALSE
2017-06-30,East_Antarctica,2.430740476,-0.05866089391101559,0.05866089391101559,0.31006724465958424,FALSE,FALSE
2017-07-01,East_Antarctica,2.423152538,-0.07781912645311362,0.07781912645311362,0.31006724465958424,FALSE,FALSE
2017-07-02,East_Antarctica,2.397407875,-0.11483905299849928,0.11483905299849928,0.31006724465958424,FALSE,FALSE
2017-07-03,East_Antarctica,2.403525274,-0.11974942772767516,0.11974942772767516,0.31006724465958424,FALSE,FALSE
2017-07-04,East_Antarctica,2.402094936,-0.13200759082115177,0.13200759082115177,0.31006724465958424,FALSE,FALSE
2017-07-05,East_Antarctica,2.381895783,-0.16288216145943446,0.16288216145943446,0.31006724465958424,FALSE,FALSE
2017-07-06,East_Antarctica,2.387631581,-0.16771691482303197,0.16771691482303197,0.31006724465958424,FALSE,FALSE
2017-07-07,East_Antarctica,2.421738775,-0.1441229470924501,0.1441229470924501,0.31006724465958424,FALSE,FALSE
2017-07-08,East_Antarctica,2.443535818,-0.132829346448196,0.132829346448196,0.31006724465958424,FALSE,FALSE
2017-07-09,East_Antarctica,2.447550318,-0.1393559886266269,0.1393559886266269,0.31006724465958424,FALSE,FALSE
2017-07-10,East_Antarctica,2.484623961,-0.1128974987425262,0.1128974987425262,0.31006724465958424,FALSE,FALSE
2017-07-11,East_Antarctica,2.531492731,-0.07672975291385242,0.07672975291385242,0.31006724465958424,FALSE,FALSE
2017-07-12,East_Antarctica,2.535149759,-0.08386824450396624,0.08386824450396624,0.31006724465958424,FALSE,FALSE
2017-07-13,East_Antarctica,2.48550772,-0.14440892287622775,0.14440892287622775,0.31006724465958424,FALSE,FALSE
2017-07-14,East_Antarctica,2.466821804,-0.17410522239399295,0.17410522239399295,0.31006724465958424,FALSE,FALSE
2017-07-15,East_Antarctica,2.486799419,-0.1652583594206205,0.1652583594206205,0.31006724465958424,FALSE,FALSE
2017-07-16,East_Antarctica,2.512037324,-0.1512801993194679,0.1512801993194679,0.31006724465958424,FALSE,FALSE
2017-07-17,East_Antarctica,2.539298295,-0.1354165904538962,0.1354165904538962,0.31006724465958424,FALSE,FALSE
2017-07-18,East_Antarctica,2.567510795,-0.1187476941872605,0.1187476941872605,0.31006724465958424,FALSE,FALSE
2017-07-19,East_Antarctica,2.57645263,-0.12150432888292206,0.12150432888292206,0.31006724465958424,FALSE,FALSE
2017-07-20,East_Antarctica,2.5891104130000002,-0.12070850590423632,0.12070850590423632,0.31006724465958424,FALSE,FALSE
2017-07-21,East_Antarctica,2.633933848,-0.08791914561456426,0.08791914561456426,0.31006724465958424,FALSE,FALSE
2017-07-22,East_Antarctica,2.675814761,-0.05825048978602609,0.05825048978602609,0.31006724465958424,FALSE,FALSE
2017-07-23,East_Antarctica,2.716197958,-0.03022851335749354,0.03022851335749354,0.31006724465958424,FALSE,FALSE
2017-07-24,East_Antarctica,2.749576086,-0.00930562829469705,0.00930562829469705,0.31006724465958424,FALSE,FALSE
2017-07-25,East_Antarctica,2.848088352,0.07671289691107575,0.07671289691107575,0.31006724465958424,FALSE,FALSE
2017-07-26,East_Antarctica,2.939616968,0.15576479876853533,0.15576479876853533,0.31006724465958424,FALSE,FALSE
2017-07-27,East_Antarctica,2.959740249,0.1634839167863884,0.1634839167863884,0.31006724465958424,FALSE,FALSE
2017-07-28,East_Antarctica,2.990041207,0.18150878747334653,0.18150878747334653,0.31006724465958424,FALSE,FALSE
2017-07-29,East_Antarctica,2.990691911,0.17006700433812272,0.17006700433812272,0.31006724465958424,FALSE,FALSE
2017-07-30,East_Antarctica,2.987131648,0.154653378889424,0.154653378889424,0.31006724465958424,FALSE,FALSE
2017-07-31,East_Antarctica,2.953360083,0.10932310063596162,0.10932310063596162,0.31006724465958424,FALSE,FALSE
2017-08-01,East_Antarctica,2.921915489,0.06666996708644657,0.06666996708644657,0.31006724465958424,FALSE,FALSE
2017-08-02,East_Antarctica,2.899170737,0.0331223737495856,0.0331223737495856,0.31006724465958424,FALSE,FALSE
2017-08-03,East_Antarctica,2.915416074,0.03902609140093149,0.03902609140093149,0.31006724465958424,FALSE,FALSE
2017-08-04,East_Antarctica,2.900363362,0.01412871338220833,0.01412871338220833,0.31006724465958424,FALSE,FALSE
2017-08-05,East_Antarctica,2.900443174,0.00482514508093778,0.00482514508093778,0.31006724465958424,FALSE,FALSE
2017-08-06,East_Antarctica,2.953129276,0.04853739051853845,0.04853739051853845,0.31006724465958424,FALSE,FALSE
2017-08-07,East_Antarctica,2.947235601,0.03402762071642939,0.03402762071642939,0.31006724465958424,FALSE,FALSE
2017-08-08,East_Antarctica,2.905554023,-0.01596405230396902,0.01596405230396902,0.31006724465958424,FALSE,FALSE
2017-08-09,East_Antarctica,2.894020758,-0.03555317452123763,0.03555317452123763,0.31006724465958424,FALSE,FALSE
2017-08-10,East_Antarctica,2.947131573,0.00970425908604255,0.00970425908604255,0.31006724465958424,FALSE,FALSE
2017-08-11,East_Antarctica,3.03211155,0.0869815685392914,0.0869815685392914,0.31006724465958424,FALSE,FALSE
2017-08-12,East_Antarctica,3.042140993,0.08940729585992768,0.08940729585992768,0.31006724465958424,FALSE,FALSE
2017-08-13,East_Antarctica,3.046472144,0.08618192106937128,0.08618192106937128,0.31006724465958424,FALSE,FALSE
2017-08-14,East_Antarctica,3.086315161,0.11846384018904343,0.11846384018904343,0.31006724465958424,FALSE,FALSE
2017-08-15,East_Antarctica,3.078121193,0.10265244024036192,0.10265244024036192,0.31006724465958424,FALSE,FALSE
2017-08-16,East_Antarctica,3.076373995,0.093181246540472,0.093181246540472,0.31006724465958424,FALSE,FALSE
2017-08-17,East_Antarctica,3.078797576,0.08776958183431294,0.08776958183431294,0.31006724465958424,FALSE,FALSE
2017-08-18,East_Antarctica,3.033943903,0.03501685491180906,0.03501685491180906,0.31006724465958424,FALSE,FALSE
2017-08-19,East_Antarctica,3.027023009,0.02018339731448515,0.02018339731448515,0.31006724465958424,FALSE,FALSE
2017-08-20,East_Antarctica,3.058435732,0.04372034558387572,0.04372034558387572,0.31006724465958424,FALSE,FALSE
2017-08-21,East_Antarctica,3.091516934,0.06901286026151032,0.06901286026151032,0.31006724465958424,FALSE,FALSE
2017-08-22,East_Antarctica,3.144404817,0.11424944188891928,0.11424944188891928,0.31006724465958424,FALSE,FALSE
2017-08-23,East_Antarctica,3.2135743,0.17595530800763193,0.17595530800763193,0.31006724465958424,FALSE,FALSE
2017-08-24,East_Antarctica,3.203298971,0.15845434515918155,0.15845434515918155,0.31006724465958424,FALSE,FALSE
2017-08-25,East_Antarctica,3.156197756,0.10441577788509716,0.10441577788509716,0.31006724465958424,FALSE,FALSE
2017-08-26,East_Antarctica,3.080138374,0.02175762372690926,0.02175762372690926,0.31006724465958424,FALSE,FALSE
2017-08-27,East_Antarctica,3.060391687,-0.0041989567738514,0.0041989567738514,0.31006724465958424,FALSE,FALSE
2017-08-28,East_Antarctica,3.079013159,0.00865179892434797,0.00865179892434797,0.31006724465958424,FALSE,FALSE
2017-08-29,East_Antarctica,3.098949782,0.02329818973806485,0.02329818973806485,0.31006724465958424,FALSE,FALSE
2017-08-30,East_Antarctica,3.106455386,0.02598070422076226,0.02598070422076226,0.31006724465958424,FALSE,FALSE
2017-08-31,East_Antarctica,3.095998411,0.01113390779498724,0.01113390779498724,0.31006724465958424,FALSE,FALSE
2017-09-01,East_Antarctica,3.101815062,0.01296009405358988,0.01296009405358988,0.31006724465958424,FALSE,FALSE
2017-09-02,East_Antarctica,3.080754338,-0.01172564941057707,0.01172564941057707,0.31006724465958424,FALSE,FALSE
2017-09-03,East_Antarctica,3.0107929430000002,-0.08498053000466532,0.08498053000466532,0.31006724465958424,FALSE,FALSE
2017-09-04,East_Antarctica,2.978199312,-0.12057002413581852,0.12057002413581852,0.31006724465958424,FALSE,FALSE
2017-09-05,East_Antarctica,3.007585244,-0.09391624421118738,0.09391624421118738,0.31006724465958424,FALSE,FALSE
2017-09-06,East_Antarctica,3.001819921,-0.10218391963792062,0.10218391963792062,0.31006724465958424,FALSE,FALSE
2017-09-07,East_Antarctica,3.010372898,-0.09593740682316554,0.09593740682316554,0.31006724465958424,FALSE,FALSE
2017-09-08,East_Antarctica,3.026375658,-0.08207913417407431,0.08207913417407431,0.31006724465958424,FALSE,FALSE
2017-09-09,East_Antarctica,3.007693851,-0.1027773630977884,0.1027773630977884,0.31006724465958424,FALSE,FALSE
2017-09-10,East_Antarctica,2.979701096,-0.13269233419352489,0.13269233419352489,0.31006724465958424,FALSE,FALSE
2017-09-11,East_Antarctica,2.965639258,-0.14861112384782027,0.14861112384782027,0.31006724465958424,FALSE,FALSE
2017-09-12,East_Antarctica,2.946385323,-0.16967678740991057,0.16967678740991057,0.31006724465958424,FALSE,FALSE
2017-09-13,East_Antarctica,2.944136692,-0.1737110281326908,0.1737110281326908,0.31006724465958424,FALSE,FALSE
2017-09-14,East_Antarctica,2.967566469,-0.15205984626905433,0.15205984626905433,0.31006724465958424,FALSE,FALSE
2017-09-15,East_Antarctica,2.987763775,-0.13365322507190047,0.13365322507190047,0.31006724465958424,FALSE,FALSE
2017-09-16,East_Antarctica,2.996605449,-0.12663342979412162,0.12663342979412162,0.31006724465958424,FALSE,FALSE
2017-09-17,East_Antarctica,2.952711863,-0.1723991926886148,0.1723991926886148,0.31006724465958424,FALSE,FALSE
2017-09-18,East_Antarctica,2.963012633,-0.16404000200827573,0.16404000200827573,0.31006724465958424,FALSE,FALSE
2017-09-19,East_Antarctica,2.961152112,-0.16793060900599863,0.16793060900599863,0.31006724465958424,FALSE,FALSE
2017-09-20,East_Antarctica,2.938052317,-0.1931681009346793,0.1931681009346793,0.31006724465958424,FALSE,FALSE
2017-09-21,East_Antarctica,2.918707128,-0.2147777020472148,0.2147777020472148,0.31006724465958424,FALSE,FALSE
2017-09-22,East_Antarctica,2.907976209,-0.2279188525964995,0.2279188525964995,0.31006724465958424,FALSE,FALSE
2017-09-23,East_Antarctica,2.900815474,-0.23764865587983677,0.23764865587983677,0.31006724465958424,FALSE,FALSE
2017-09-24,East_Antarctica,2.86511888,-0.2760210044871054,0.2760210044871054,0.31006724465958424,FALSE,FALSE
2017-09-25,East_Antarctica,2.916138624,-0.2276920192750973,0.2276920192750973,0.31006724465958424,FALSE,FALSE
2017-09-26,East_Antarctica,3.031962107,-0.11448206242677328,0.11448206242677328,0.31006724465958424,FALSE,FALSE
2017-09-27,East_Antarctica,3.082517904,-0.06637032212510041,0.06637032212510041,0.31006724465958424,FALSE,FALSE
2017-09-28,East_Antarctica,3.10743906,-0.04363151655303854,0.04363151655303854,0.31006724465958424,FALSE,FALSE
2017-09-29,East_Antarctica,3.162036473,0.00913748910644729,0.00913748910644729,0.31006724465958424,FALSE,FALSE
2017-09-30,East_Antarctica,3.226449219,0.07216800767039411,0.07216800767039411,0.31006724465958424,FALSE,FALSE
2017-10-01,East_Antarctica,3.303011229,0.14788620695583798,0.14788620695583798,0.31006724465958424,FALSE,FALSE
2017-10-02,East_Antarctica,3.340639118,0.18530093877981724,0.18530093877981724,0.31006724465958424,FALSE,FALSE
2017-10-03,East_Antarctica,3.351822885,0.1969944389593694,0.1969944389593694,0.31006724465958424,FALSE,FALSE
2017-10-04,East_Antarctica,3.367813177,0.21430959131152696,0.21430959131152696,0.31006724465958424,FALSE,FALSE
2017-10-05,East_Antarctica,3.39639372,0.2451223308925412,0.2451223308925412,0.31006724465958424,FALSE,FALSE
2017-10-06,East_Antarctica,3.373214438,0.2251412104857069,0.2251412104857069,0.31006724465958424,FALSE,FALSE
2017-10-07,East_Antarctica,3.309146142,0.16519689184606934,0.16519689184606934,0.31006724465958424,FALSE,FALSE
2017-10-08,East_Antarctica,3.249968889,0.1110112114831936,0.1110112114831936,0.31006724465958424,FALSE,FALSE
2017-10-09,East_Antarctica,3.236567085,0.10341035490664208,0.10341035490664208,0.31006724465958424,FALSE,FALSE
2017-10-10,East_Antarctica,3.214131774,0.08752714562598252,0.08752714562598252,0.31006724465958424,FALSE,FALSE
2017-10-11,East_Antarctica,3.183468244,0.06410865115077868,0.06410865115077868,0.31006724465958424,FALSE,FALSE
2017-10-12,East_Antarctica,3.201280847,0.08980100299059002,0.08980100299059002,0.31006724465958424,FALSE,FALSE
2017-10-13,East_Antarctica,3.202005646,0.09898204365498486,0.09898204365498486,0.31006724465958424,FALSE,FALSE
2017-10-14,East_Antarctica,3.181366851,0.08731776265352797,0.08731776265352797,0.31006724465958424,FALSE,FALSE
2017-10-15,East_Antarctica,3.196555189,0.11194066649578228,0.11194066649578228,0.31006724465958424,FALSE,FALSE
2017-10-16,East_Antarctica,3.216174174,0.14139604869131528,0.14139604869131528,0.31006724465958424,FALSE,FALSE
2017-10-17,East_Antarctica,3.208404943,0.14380682574968515,0.14380682574968515,0.31006724465958424,FALSE,FALSE
2017-10-18,East_Antarctica,3.176465285,0.12233586602491851,0.12233586602491851,0.31006724465958424,FALSE,FALSE
2017-10-19,East_Antarctica,3.163669992,0.12031312858954823,0.12031312858954823,0.31006724465958424,FALSE,FALSE
2017-10-20,East_Antarctica,3.177526002,0.14532772344660128,0.14532772344660128,0.31006724465958424,FALSE,FALSE
2017-10-21,East_Antarctica,3.173551364,0.15298255449486886,0.15298255449486886,0.31006724465958424,FALSE,FALSE
2017-10-22,East_Antarctica,3.172803342,0.16441974063313405,0.16441974063313405,0.31006724465958424,FALSE,FALSE
2017-10-23,East_Antarctica,3.193400777,0.19784297776019155,0.19784297776019155,0.31006724465958424,FALSE,FALSE
2017-10-24,East_Antarctica,3.185892637,0.20388608877482503,0.20388608877482503,0.31006724465958424,FALSE,FALSE
2017-10-25,East_Antarctica,3.16186297,0.19421797657582385,0.19421797657582385,0.31006724465958424,FALSE,FALSE
2017-10-26,East_Antarctica,3.119981212,0.16759293206197734,0.16759293206197734,0.31006724465958424,FALSE,FALSE
2017-10-27,East_Antarctica,3.108409197,0.1722576441320718,0.1722576441320718,0.31006724465958424,FALSE,FALSE
2017-10-28,East_Antarctica,3.109399557,0.19054959968489585,0.19054959968489585,0.31006724465958424,FALSE,FALSE
2017-10-29,East_Antarctica,3.10447517,0.20407653161923767,0.20407653161923767,0.31006724465958424,FALSE,FALSE
2017-10-30,East_Antarctica,3.102326054,0.22161331283388508,0.22161331283388508,0.31006724465958424,FALSE,FALSE
2017-10-31,East_Antarctica,3.076281396,0.2165615745802505,0.2165615745802505,0.31006724465958424,FALSE,FALSE
2017-11-01,East_Antarctica,3.050960487,0.21355196420849065,0.21355196420849065,0.31006724465958424,FALSE,FALSE
2017-11-02,East_Antarctica,2.999566309,0.1857800562393064,0.1857800562393064,0.31006724465958424,FALSE,FALSE
2017-11-03,East_Antarctica,2.942582541,0.15372211714918338,0.15372211714918338,0.31006724465958424,FALSE,FALSE
2017-11-04,East_Antarctica,2.926103285,0.16346483641461074,0.16346483641461074,0.31006724465958424,FALSE,FALSE
2017-11-05,East_Antarctica,2.924775423,0.18964768351207884,0.18964768351207884,0.31006724465958424,FALSE,FALSE
2017-11-06,East_Antarctica,2.929669999,0.2233342899180717,0.2233342899180717,0.31006724465958424,FALSE,FALSE
2017-11-07,East_Antarctica,2.929623766,0.2533539961090816,0.2533539961090816,0.31006724465958424,FALSE,FALSE
2017-11-08,East_Antarctica,2.905641589,0.26070425456159363,0.26070425456159363,0.31006724465958424,FALSE,FALSE
2017-11-09,East_Antarctica,2.854053495,0.24170767975209717,0.24170767975209717,0.31006724465958424,FALSE,FALSE
2017-11-10,East_Antarctica,2.811743507,0.2332408821570819,0.2332408821570819,0.31006724465958424,FALSE,FALSE
2017-11-11,East_Antarctica,2.756320943,0.21290576725303367,0.21290576725303367,0.31006724465958424,FALSE,FALSE
2017-11-12,East_Antarctica,2.692160884,0.1850690959517367,0.1850690959517367,0.31006724465958424,FALSE,FALSE
2017-11-13,East_Antarctica,2.635513475,0.16592248759293282,0.16592248759293282,0.31006724465958424,FALSE,FALSE
2017-11-14,East_Antarctica,2.58815949,0.15711272106557095,0.15711272106557095,0.31006724465958424,FALSE,FALSE
2017-11-15,East_Antarctica,2.547341558,0.15574220527227922,0.15574220527227922,0.31006724465958424,FALSE,FALSE
2017-11-16,East_Antarctica,2.498349914,0.14696095511568075,0.14696095511568075,0.31006724465958424,FALSE,FALSE
2017-11-17,East_Antarctica,2.437392685,0.1268368774984019,0.1268368774984019,0.31006724465958424,FALSE,FALSE
2017-11-18,East_Antarctica,2.38733202,0.11809190132306437,0.11809190132306437,0.31006724465958424,FALSE,FALSE
2017-11-19,East_Antarctica,2.312007224,0.08442511149229315,0.08442511149229315,0.31006724465958424,FALSE,FALSE
2017-11-20,East_Antarctica,2.238588544,0.05286653490871584,0.05286653490871584,0.31006724465958424,FALSE,FALSE
2017-11-21,East_Antarctica,2.155322476,0.01152244747495512,0.01152244747495512,0.31006724465958424,FALSE,FALSE
2017-11-22,East_Antarctica,2.142328149,0.04037175809363624,0.04037175809363624,0.31006724465958424,FALSE,FALSE
2017-11-23,East_Antarctica,2.064542469,0.00421115266738203,0.00421115266738203,0.31006724465958424,FALSE,FALSE
2017-11-24,East_Antarctica,2.004472875,-0.01459214990118074,0.01459214990118074,0.31006724465958424,FALSE,FALSE
2017-11-25,East_Antarctica,1.957600451,-0.02068879806566226,0.02068879806566226,0.31006724465958424,FALSE,FALSE
2017-11-26,East_Antarctica,1.914203846,-0.02386008821076934,0.02386008821076934,0.31006724465958424,FALSE,FALSE
2017-11-27,East_Antarctica,1.899380169,9.672396781397196e-4,9.672396781397196e-4,0.31006724465958424,FALSE,FALSE
2017-11-28,East_Antarctica,1.885790903,0.02643109302496715,0.02643109302496715,0.31006724465958424,FALSE,FALSE
2017-11-29,East_Antarctica,1.831818367,0.010890215253611,0.010890215253611,0.31006724465958424,FALSE,FALSE
2017-11-30,East_Antarctica,1.825995575,0.04285404478797594,0.04285404478797594,0.31006724465958424,FALSE,FALSE
2017-12-01,East_Antarctica,1.812312914,0.06628939305196013,0.06628939305196013,0.31006724465958424,FALSE,FALSE
2017-12-02,East_Antarctica,1.794981569,0.08538386946946663,0.08538386946946663,0.31006724465958424,FALSE,FALSE
2017-12-03,East_Antarctica,1.758604188,0.08471654646439486,0.08471654646439486,0.31006724465958424,FALSE,FALSE
2017-12-04,East_Antarctica,1.720889838,0.08197291546064589,0.08197291546064589,0.31006724465958424,FALSE,FALSE
2017-12-05,East_Antarctica,1.685052979,0.08034386088212209,0.08034386088212209,0.31006724465958424,FALSE,FALSE
2017-12-06,East_Antarctica,1.635092349,0.06380454515272271,0.06380454515272271,0.31006724465958424,FALSE,FALSE
2017-12-07,East_Antarctica,1.592533465,0.05385693368220368,0.05385693368220368,0.31006724465958424,FALSE,FALSE
2017-12-08,East_Antarctica,1.550464539,0.04357313285696285,0.04357313285696285,0.31006724465958424,FALSE,FALSE
2017-12-09,East_Antarctica,1.506459296,0.03052871902505116,0.03052871902505116,0.31006724465958424,FALSE,FALSE
2017-12-10,East_Antarctica,1.492348612,0.04655907217809596,0.04655907217809596,0.31006724465958424,FALSE,FALSE
2017-12-11,East_Antarctica,1.475615462,0.05915167130771692,0.05915167130771692,0.31006724465958424,FALSE,FALSE
2017-12-12,East_Antarctica,1.420280079,0.03233125340553777,0.03233125340553777,0.31006724465958424,FALSE,FALSE
2017-12-13,East_Antarctica,1.375371297,0.01513115646318352,0.01513115646318352,0.31006724465958424,FALSE,FALSE
2017-12-14,East_Antarctica,1.338701854,0.00536862247227709,0.00536862247227709,0.31006724465958424,FALSE,FALSE
2017-12-15,East_Antarctica,1.335828345,0.02860475042444221,0.02860475042444221,0.31006724465958424,FALSE,FALSE
2017-12-16,East_Antarctica,1.270754676,-0.01115204968869787,0.01115204968869787,0.31006724465958424,FALSE,FALSE
2017-12-17,East_Antarctica,1.23707103,-0.02030709087551918,0.02030709087551918,0.31006724465958424,FALSE,FALSE
2017-12-18,East_Antarctica,1.214049378,-0.01958389814440053,0.01958389814440053,0.31006724465958424,FALSE,FALSE
2017-12-19,East_Antarctica,1.19903312,-0.01163456750371505,0.01163456750371505,0.31006724465958424,FALSE,FALSE
2017-12-20,East_Antarctica,1.128519244,-0.05995680047833418,0.05995680047833418,0.31006724465958424,FALSE,FALSE
2017-12-21,East_Antarctica,1.106170285,-0.06086999953435867,0.06086999953435867,0.31006724465958424,FALSE,FALSE
2017-12-22,East_Antarctica,1.069241097,-0.077091069176811855,0.077091069176811855,0.31006724465958424,FALSE,FALSE
2017-12-23,East_Antarctica,1.069286218,-0.05703694625439781,0.05703694625439781,0.31006724465958424,FALSE,FALSE
2017-12-24,East_Antarctica,1.050894083,-0.05609067061581929,0.05609067061581929,0.31006724465958424,FALSE,FALSE
2017-12-25,East_Antarctica,1.017322876,-0.07096553310978071,0.07096553310978071,0.31006724465958424,FALSE,FALSE
2017-12-26,East_Antarctica,0.969002978,-0.10120262758498576,0.10120262758498576,0.31006724465958424,FALSE,FALSE
2017-12-27,East_Antarctica,0.968425596,-0.08428222189013945,0.08428222189013945,0.31006724465958424,FALSE,FALSE
2017-12-28,East_Antarctica,0.953978756,-0.08178776487394457,0.08178776487394457,0.31006724465958424,FALSE,FALSE
2017-12-29,East_Antarctica,0.941348146,-0.0780050433851035,0.0780050433851035,0.31006724465958424,FALSE,FALSE
2017-12-30,East_Antarctica,0.910595325,-0.09284397327232152,0.09284397327232152,0.31006724465958424,FALSE,FALSE
2017-12-31,East_Antarctica,0.869521906,-0.11847441638430456,0.11847441638430456,0.31006724465958424,FALSE,FALSE
2018-01-01,East_Antarctica,0.871388224,-0.10160751256975398,0.10160751256975398,0.31006724465958424,FALSE,FALSE
2018-01-02,East_Antarctica,0.876767658,-0.08164246065614789,0.08164246065614789,0.31006724465958424,FALSE,FALSE
2018-01-03,East_Antarctica,0.860944986,-0.08327147238607124,0.08327147238607124,0.31006724465958424,FALSE,FALSE
2018-01-04,East_Antarctica,0.850577761,-0.07981508748087873,0.07981508748087873,0.31006724465958424,FALSE,FALSE
2018-01-05,East_Antarctica,0.843136362,-0.07378101966192374,0.07378101966192374,0.31006724465958424,FALSE,FALSE
2018-01-06,East_Antarctica,0.827455226,-0.07631292465056883,0.07631292465056883,0.31006724465958424,FALSE,FALSE
2018-01-07,East_Antarctica,0.804375918,-0.08654733016816685,0.08654733016816685,0.31006724465958424,FALSE,FALSE
2018-01-08,East_Antarctica,0.775489249,-0.10287151793607464,0.10287151793607464,0.31006724465958424,FALSE,FALSE
2018-01-09,East_Antarctica,0.769962503,-0.09609629667565112,0.09609629667565112,0.31006724465958424,FALSE,FALSE
2018-01-10,East_Antarctica,0.761420047,-0.09257539210824972,0.09257539210824972,0.31006724465958424,FALSE,FALSE
2018-01-11,East_Antarctica,0.746872076,-0.09527670195522964,0.09527670195522964,0.31006724465958424,FALSE,FALSE
2018-01-12,East_Antarctica,0.72816884,-0.10232806893794644,0.10232806893794644,0.31006724465958424,FALSE,FALSE
2018-01-13,East_Antarctica,0.693161132,-0.12585679277775708,0.12585679277775708,0.31006724465958424,FALSE,FALSE
2018-01-14,East_Antarctica,0.708876345,-0.09881390802744472,0.09881390802744472,0.31006724465958424,FALSE,FALSE
2018-01-15,East_Antarctica,0.710669864,-0.08583447261132593,0.08583447261132593,0.31006724465958424,FALSE,FALSE
2018-01-16,East_Antarctica,0.713011425,-0.07245424614158258,0.07245424614158258,0.31006724465958424,FALSE,FALSE
2018-01-17,East_Antarctica,0.721500104,-0.05308060021350258,0.05308060021350258,0.31006724465958424,FALSE,FALSE
2018-01-18,East_Antarctica,0.708862946,-0.05499293742237177,0.05499293742237177,0.31006724465958424,FALSE,FALSE
2018-01-19,East_Antarctica,0.709467093,-0.0438305633634779,0.0438305633634779,0.31006724465958424,FALSE,FALSE
2018-01-20,East_Antarctica,0.706351234,-0.03656123663210853,0.03656123663210853,0.31006724465958424,FALSE,FALSE
2018-01-21,East_Antarctica,0.705763017,-0.02694375682355043,0.02694375682355043,0.31006724465958424,FALSE,FALSE
2018-01-22,East_Antarctica,0.703409823,-0.01927719053309029,0.01927719053309029,0.31006724465958424,FALSE,FALSE
2018-01-23,East_Antarctica,0.698530069,-0.01432956835601617,0.01432956835601617,0.31006724465958424,FALSE,FALSE
2018-01-24,East_Antarctica,0.684530209,-0.01870088388761492,0.01870088388761492,0.31006724465958424,FALSE,FALSE
2018-01-25,East_Antarctica,0.665767865,-0.02803996272317344,0.02803996272317344,0.31006724465958424,FALSE,FALSE
2018-01-26,East_Antarctica,0.665735844,-0.01886044545797849,0.01886044545797849,0.31006724465958424,FALSE,FALSE
2018-01-27,East_Antarctica,0.648166261,-0.02743584580144731,0.02743584580144731,0.31006724465958424,FALSE,FALSE
2018-01-28,East_Antarctica,0.598623447,-0.06820191804873144,0.06820191804873144,0.31006724465958424,FALSE,FALSE
2018-01-29,East_Antarctica,0.594802956,-0.06346089488044693,0.06346089488044693,0.31006724465958424,FALSE,FALSE
2018-01-30,East_Antarctica,0.576013838,-0.07390150557264441,0.07390150557264441,0.31006724465958424,FALSE,FALSE
2018-01-31,East_Antarctica,0.557862311,-0.08391531140137243,0.08391531140137243,0.31006724465958424,FALSE,FALSE
2018-02-01,East_Antarctica,0.560275113,-0.0735733536426798,0.0735733536426798,0.31006724465958424,FALSE,FALSE
2018-02-02,East_Antarctica,0.508754666,-0.1173709895726166,0.1173709895726166,0.31006724465958424,FALSE,FALSE
2018-02-03,East_Antarctica,0.499553036,-0.1190539324672305,0.1190539324672305,0.31006724465958424,FALSE,FALSE
2018-02-04,East_Antarctica,0.532947114,-0.07834307060257173,0.07834307060257173,0.31006724465958424,FALSE,FALSE
2018-02-05,East_Antarctica,0.537795081,-0.0663780022546897,0.0663780022546897,0.31006724465958424,FALSE,FALSE
2018-02-06,East_Antarctica,0.52489731,-0.07235613369963323,0.07235613369963323,0.31006724465958424,FALSE,FALSE
2018-02-07,East_Antarctica,0.484321534,-0.10620751121345108,0.10620751121345108,0.31006724465958424,FALSE,FALSE
2018-02-08,East_Antarctica,0.48311273,-0.10088507631916022,0.10088507631916022,0.31006724465958424,FALSE,FALSE
2018-02-09,East_Antarctica,0.483112475,-0.09456355438723774,0.09456355438723774,0.31006724465958424,FALSE,FALSE
2018-02-10,East_Antarctica,0.482397096,-0.08921948184545225,0.08921948184545225,0.31006724465958424,FALSE,FALSE
2018-02-11,East_Antarctica,0.457002281,-0.1088743568670843,0.1088743568670843,0.31006724465958424,FALSE,FALSE
2018-02-12,East_Antarctica,0.446664964,-0.11384843162541392,0.11384843162541392,0.31006724465958424,FALSE,FALSE
2018-02-13,East_Antarctica,0.467923647,-0.08766039029372252,0.08766039029372252,0.31006724465958424,FALSE,FALSE
2018-02-14,East_Antarctica,0.496425908,-0.05471984104528932,0.05471984104528932,0.31006724465958424,FALSE,FALSE
2018-02-15,East_Antarctica,0.492746857,-0.05450886005339561,0.05450886005339561,0.31006724465958424,FALSE,FALSE
2018-02-16,East_Antarctica,0.480685241,-0.06328588649132283,0.06328588649132283,0.31006724465958424,FALSE,FALSE
2018-02-17,East_Antarctica,0.453234169,-0.08811499753234997,0.08811499753234997,0.31006724465958424,FALSE,FALSE
2018-02-18,East_Antarctica,0.433799109,-0.10564791134975854,0.10564791134975854,0.31006724465958424,FALSE,FALSE
2018-02-19,East_Antarctica,0.436293526,-0.10202834911682784,0.10202834911682784,0.31006724465958424,FALSE,FALSE
2018-02-20,East_Antarctica,0.435683753,-0.10234716400683946,0.10234716400683946,0.31006724465958424,FALSE,FALSE
2018-02-21,East_Antarctica,0.438716291,-0.0999119655045847,0.0999119655045847,0.31006724465958424,FALSE,FALSE
2018-02-22,East_Antarctica,0.449641886,-0.09048882957582673,0.09048882957582673,0.31006724465958424,FALSE,FALSE
2018-02-23,East_Antarctica,0.447885106,-0.094645204236257,0.094645204236257,0.31006724465958424,FALSE,FALSE
2018-02-24,East_Antarctica,0.437549843,-0.10826876508510974,0.10826876508510974,0.31006724465958424,FALSE,FALSE
2018-02-25,East_Antarctica,0.428470892,-0.1215162847216188,0.1215162847216188,0.31006724465958424,FALSE,FALSE
2018-02-26,East_Antarctica,0.456467166,-0.0985604177450165,0.0985604177450165,0.31006724465958424,FALSE,FALSE
2018-02-27,East_Antarctica,0.472329769,-0.08860162775453828,0.08860162775453828,0.31006724465958424,FALSE,FALSE
2018-02-28,East_Antarctica,0.477796334,-0.08989384934941669,0.08989384934941669,0.31006724465958424,FALSE,FALSE
2018-03-01,East_Antarctica,0.491195547,-0.0840999641288851,0.0840999641288851,0.31006724465958424,FALSE,FALSE
2018-03-02,East_Antarctica,0.50165635,-0.08208259769217785,0.08208259769217785,0.31006724465958424,FALSE,FALSE
2018-03-03,East_Antarctica,0.520568931,-0.0724431296385275,0.0724431296385275,0.31006724465958424,FALSE,FALSE
2018-03-04,East_Antarctica,0.550477065,-0.05262935256716905,0.05262935256716905,0.31006724465958424,FALSE,FALSE
2018-03-05,East_Antarctica,0.564429281,-0.04958430093456734,0.04958430093456734,0.31006724465958424,FALSE,FALSE
2018-03-06,East_Antarctica,0.582057491,-0.04365221561669596,0.04365221561669596,0.31006724465958424,FALSE,FALSE
2018-03-07,East_Antarctica,0.603894763,-0.03422601049318341,0.03422601049318341,0.31006724465958424,FALSE,FALSE
2018-03-08,East_Antarctica,0.6561604,0.00499782832007233,0.00499782832007233,0.31006724465958424,FALSE,FALSE
2018-03-09,East_Antarctica,0.679823065,0.01507217470717126,0.01507217470717126,0.31006724465958424,FALSE,FALSE
2018-03-10,East_Antarctica,0.725750854,0.0469493355522147,0.0469493355522147,0.31006724465958424,FALSE,FALSE
2018-03-11,East_Antarctica,0.785841351,0.09261110573930464,0.09261110573930464,0.31006724465958424,FALSE,FALSE
2018-03-12,East_Antarctica,0.815099866,0.10714700615254248,0.10714700615254248,0.31006724465958424,FALSE,FALSE
2018-03-13,East_Antarctica,0.792265499,0.06938034767602708,0.06938034767602708,0.31006724465958424,FALSE,FALSE
2018-03-14,East_Antarctica,0.792936325,0.05499341619386144,0.05499341619386144,0.31006724465958424,FALSE,FALSE
2018-03-15,East_Antarctica,0.803860913,0.05081899159014569,0.05081899159014569,0.31006724465958424,FALSE,FALSE
2018-03-16,East_Antarctica,0.852301895,0.08420391674898076,0.08420391674898076,0.31006724465958424,FALSE,FALSE
2018-03-17,East_Antarctica,0.889931745,0.1069048765544699,0.1069048765544699,0.31006724465958424,FALSE,FALSE
2018-03-18,East_Antarctica,0.902610089,0.10486325739107227,0.10486325739107227,0.31006724465958424,FALSE,FALSE
2018-03-19,East_Antarctica,0.917125982,0.10488867377196044,0.10488867377196044,0.31006724465958424,FALSE,FALSE
2018-03-20,East_Antarctica,0.955700601,0.12915884558633572,0.12915884558633572,0.31006724465958424,FALSE,FALSE
2018-03-21,East_Antarctica,0.97508872,0.13438207571600813,0.13438207571600813,0.31006724465958424,FALSE,FALSE
2018-03-22,East_Antarctica,1.002356365,0.14757791904278517,0.14757791904278517,0.31006724465958424,FALSE,FALSE
2018-03-23,East_Antarctica,1.029115211,0.1603115794484753,0.1603115794484753,0.31006724465958424,FALSE,FALSE
2018-03-24,East_Antarctica,1.028495794,0.14566712181488797,0.14566712181488797,0.31006724465958424,FALSE,FALSE
2018-03-25,East_Antarctica,1.033505035,0.13660499602383205,0.13660499602383205,0.31006724465958424,FALSE,FALSE
2018-03-26,East_Antarctica,1.039626555,0.12856235195711385,0.12856235195711385,0.31006724465958424,FALSE,FALSE
2018-03-27,East_Antarctica,1.049857763,0.12449012749654575,0.12449012749654575,0.31006724465958424,FALSE,FALSE
2018-03-28,East_Antarctica,1.060020894,0.12016408652393208,0.12016408652393208,0.31006724465958424,FALSE,FALSE
2018-03-29,East_Antarctica,1.045486076,0.0909078859210839,0.0909078859210839,0.31006724465958424,FALSE,FALSE
2018-03-30,East_Antarctica,1.032056122,0.06247786756981044,0.06247786756981044,0.31006724465958424,FALSE,FALSE
2018-03-31,East_Antarctica,1.020039332,0.03514458973545986,0.03514458973545986,0.31006724465958424,FALSE,FALSE
2018-04-01,East_Antarctica,1.014412965,0.01389528478387691,0.01389528478387691,0.31006724465958424,FALSE,FALSE
2018-04-02,East_Antarctica,1.028727317,0.01230644315887929,0.01230644315887929,0.31006724465958424,FALSE,FALSE
2018-04-03,East_Antarctica,1.045447295,0.01286917971423795,0.01286917971423795,0.31006724465958424,FALSE,FALSE
2018-04-04,East_Antarctica,1.070257901,0.02129470430372393,0.02129470430372393,0.31006724465958424,FALSE,FALSE
2018-04-05,East_Antarctica,1.087850769,0.02230085878111021,0.02230085878111021,0.31006724465958424,FALSE,FALSE
2018-04-06,East_Antarctica,1.106559744,0.02424769600016718,0.02424769600016718,0.31006724465958424,FALSE,FALSE
2018-04-07,East_Antarctica,1.140929089,0.04170568681466613,0.04170568681466613,0.31006724465958424,FALSE,FALSE
2018-04-08,East_Antarctica,1.158412202,0.04215443707838062,0.04215443707838062,0.31006724465958424,FALSE,FALSE
2018-04-09,East_Antarctica,1.161934624,0.02854569564508091,0.02854569564508091,0.31006724465958424,FALSE,FALSE
2018-04-10,East_Antarctica,1.136558967,-0.01403171763146216,0.01403171763146216,0.31006724465958424,FALSE,FALSE
2018-04-11,East_Antarctica,1.1152717620000001,-0.05256506389747439,0.05256506389747439,0.31006724465958424,FALSE,FALSE
2018-04-12,East_Antarctica,1.091728281,-0.09337302581106366,0.09337302581106366,0.31006724465958424,FALSE,FALSE
2018-04-13,East_Antarctica,1.105602427,-0.09676723728964154,0.09676723728964154,0.31006724465958424,FALSE,FALSE
2018-04-14,East_Antarctica,1.139757716,-0.07988881250121138,0.07988881250121138,0.31006724465958424,FALSE,FALSE
2018-04-15,East_Antarctica,1.162997016,-0.07394129700885288,0.07394129700885288,0.31006724465958424,FALSE,FALSE
2018-04-16,East_Antarctica,1.167128033,-0.08712339837564054,0.08712339837564054,0.31006724465958424,FALSE,FALSE
2018-04-17,East_Antarctica,1.128725518,-0.1428667791646554,0.1428667791646554,0.31006724465958424,FALSE,FALSE
2018-04-18,East_Antarctica,1.129453222,-0.15951410193897275,0.15951410193897275,0.31006724465958424,FALSE,FALSE
2018-04-19,East_Antarctica,1.13499975,-0.17138317526166902,0.17138317526166902,0.31006724465958424,FALSE,FALSE
2018-04-20,East_Antarctica,1.160578913,-0.16326660169582352,0.16326660169582352,0.31006724465958424,FALSE,FALSE
2018-04-21,East_Antarctica,1.181886033,-0.15947547280451357,0.15947547280451357,0.31006724465958424,FALSE,FALSE
2018-04-22,East_Antarctica,1.179009843,-0.1799274691508166,0.1799274691508166,0.31006724465958424,FALSE,FALSE
2018-04-23,East_Antarctica,1.180921686,-0.19565766129781137,0.19565766129781137,0.31006724465958424,FALSE,FALSE
2018-04-24,East_Antarctica,1.19018311,-0.2041109148085725,0.2041109148085725,0.31006724465958424,FALSE,FALSE
2018-04-25,East_Antarctica,1.215537394,-0.196549758086078,0.196549758086078,0.31006724465958424,FALSE,FALSE
2018-04-26,East_Antarctica,1.231247937,-0.1987108425504842,0.1987108425504842,0.31006724465958424,FALSE,FALSE
2018-04-27,East_Antarctica,1.249269541,-0.19863623527957275,0.19863623527957275,0.31006724465958424,FALSE,FALSE
2018-04-28,East_Antarctica,1.258260307,-0.20766467083919585,0.20766467083919585,0.31006724465958424,FALSE,FALSE
2018-04-29,East_Antarctica,1.273894141,-0.2101190787952074,0.2101190787952074,0.31006724465958424,FALSE,FALSE
2018-04-30,East_Antarctica,1.315373126,-0.1867942117134591,0.1867942117134591,0.31006724465958424,FALSE,FALSE
2018-05-01,East_Antarctica,1.354961785,-0.16542238215980465,0.16542238215980465,0.31006724465958424,FALSE,FALSE
2018-05-02,East_Antarctica,1.368697608,-0.16996293570009757,0.16996293570009757,0.31006724465958424,FALSE,FALSE
2018-05-03,East_Antarctica,1.376446612,-0.18054669090018804,0.18054669090018804,0.31006724465958424,FALSE,FALSE
2018-05-04,East_Antarctica,1.386521785,-0.18885749532593232,0.18885749532593232,0.31006724465958424,FALSE,FALSE
2018-05-05,East_Antarctica,1.41582463,-0.17799068154318154,0.17799068154318154,0.31006724465958424,FALSE,FALSE
2018-05-06,East_Antarctica,1.428959873,-0.18333835911778795,0.18333835911778795,0.31006724465958424,FALSE,FALSE
2018-05-07,East_Antarctica,1.468693574,-0.16213130061909986,0.16213130061909986,0.31006724465958424,FALSE,FALSE
2018-05-08,East_Antarctica,1.483230425,-0.16615997601717347,0.16615997601717347,0.31006724465958424,FALSE,FALSE
2018-05-09,East_Antarctica,1.472578304,-0.19540722302801505,0.19540722302801505,0.31006724465958424,FALSE,FALSE
2018-05-10,East_Antarctica,1.510321985,-0.176278251798623,0.176278251798623,0.31006724465958424,FALSE,FALSE
2018-05-11,East_Antarctica,1.552135622,-0.1530888924759921,0.1530888924759921,0.31006724465958424,FALSE,FALSE
2018-05-12,East_Antarctica,1.590417037,-0.13343130720712026,0.13343130720712026,0.31006724465958424,FALSE,FALSE
2018-05-13,East_Antarctica,1.637546659,-0.10491505113900024,0.10491505113900024,0.31006724465958424,FALSE,FALSE
2018-05-14,East_Antarctica,1.67810077,-0.08295382641863092,0.08295382641863092,0.31006724465958424,FALSE,FALSE
2018-05-15,East_Antarctica,1.692385803,-0.08723118419300668,0.08723118419300668,0.31006724465958424,FALSE,FALSE
2018-05-16,East_Antarctica,1.688784763,-0.10935410360912634,0.10935410360912634,0.31006724465958424,FALSE,FALSE
2018-05-17,East_Antarctica,1.705453854,-0.11115636481398172,0.11115636481398172,0.31006724465958424,FALSE,FALSE
2018-05-18,East_Antarctica,1.739429021,-0.09559200695457504,0.09559200695457504,0.31006724465958424,FALSE,FALSE
2018-05-19,East_Antarctica,1.747785623,-0.10557565517789724,0.10557565517789724,0.31006724465958424,FALSE,FALSE
2018-05-20,East_Antarctica,1.798275041,-0.07334548304870636,0.07334548304870636,0.31006724465958424,FALSE,FALSE
2018-05-21,East_Antarctica,1.848218568,-0.04156191340956416,0.04156191340956416,0.31006724465958424,FALSE,FALSE
2018-05-22,East_Antarctica,1.869659649,-0.03815636853853288,0.03815636853853288,0.31006724465958424,FALSE,FALSE
2018-05-23,East_Antarctica,1.858465847,-0.06723592229565267,0.06723592229565267,0.31006724465958424,FALSE,FALSE
2018-05-24,East_Antarctica,1.80028017,-0.14313220354097722,0.14313220354097722,0.31006724465958424,FALSE,FALSE
2018-05-25,East_Antarctica,1.770488767,-0.1904337001345513,0.1904337001345513,0.31006724465958424,FALSE,FALSE
2018-05-26,East_Antarctica,1.781635793,-0.19657089393642144,0.19657089393642144,0.31006724465958424,FALSE,FALSE
2018-05-27,East_Antarctica,1.789155064,-0.20608460580663412,0.20608460580663412,0.31006724465958424,FALSE,FALSE
2018-05-28,East_Antarctica,1.832589973,-0.1794060796052379,0.1794060796052379,0.31006724465958424,FALSE,FALSE
2018-05-29,East_Antarctica,1.843700139,-0.1847503331922793,0.1847503331922793,0.31006724465958424,FALSE,FALSE
2018-05-30,East_Antarctica,1.850128191,-0.19444937442780308,0.19444937442780308,0.31006724465958424,FALSE,FALSE
2018-05-31,East_Antarctica,1.864898567,-0.19545340217186036,0.19545340217186036,0.31006724465958424,FALSE,FALSE
2018-06-01,East_Antarctica,1.881173604,-0.1945747162844944,0.1945747162844944,0.31006724465958424,FALSE,FALSE
2018-06-02,East_Antarctica,1.924624435,-0.1661292557126146,0.1661292557126146,0.31006724465958424,FALSE,FALSE
2018-06-03,East_Antarctica,1.991157916,-0.11425240180645502,0.11425240180645502,0.31006724465958424,FALSE,FALSE
2018-06-04,East_Antarctica,2.050226526,-0.06954920526341057,0.06954920526341057,0.31006724465958424,FALSE,FALSE
2018-06-05,East_Antarctica,2.051275853,-0.08263160834734329,0.08263160834734329,0.31006724465958424,FALSE,FALSE
2018-06-06,East_Antarctica,2.112249212,-0.03561382632211751,0.03561382632211751,0.31006724465958424,FALSE,FALSE
2018-06-07,East_Antarctica,2.140641693,-0.02105829945159421,0.02105829945159421,0.31006724465958424,FALSE,FALSE
2018-06-08,East_Antarctica,2.172550856,-0.00292499799963685,0.00292499799963685,0.31006724465958424,FALSE,FALSE
2018-06-09,East_Antarctica,2.204435086,0.01518693276989102,0.01518693276989102,0.31006724465958424,FALSE,FALSE
2018-06-10,East_Antarctica,2.205005324,0.00193090359313119,0.00193090359313119,0.31006724465958424,FALSE,FALSE
2018-06-11,East_Antarctica,2.169128592,-0.04788359379378448,0.04788359379378448,0.31006724465958424,FALSE,FALSE
2018-06-12,East_Antarctica,2.139142437,-0.09197654265471478,0.09197654265471478,0.31006724465958424,FALSE,FALSE
2018-06-13,East_Antarctica,2.131454966,-0.11399736625352296,0.11399736625352296,0.31006724465958424,FALSE,FALSE
2018-06-14,East_Antarctica,2.106687817,-0.15338082459023417,0.15338082459023417,0.31006724465958424,FALSE,FALSE
2018-06-15,East_Antarctica,2.105979495,-0.16899489577903948,0.16899489577903948,0.31006724465958424,FALSE,FALSE
2018-06-16,East_Antarctica,2.140727293,-0.14938029391779084,0.14938029391779084,0.31006724465958424,FALSE,FALSE
2018-06-17,East_Antarctica,2.180827325,-0.12457395090020508,0.12457395090020508,0.31006724465958424,FALSE,FALSE
2018-06-18,East_Antarctica,2.173423522,-0.14736498161998535,0.14736498161998535,0.31006724465958424,FALSE,FALSE
2018-06-19,East_Antarctica,2.170061772,-0.16614054397085098,0.16614054397085098,0.31006724465958424,FALSE,FALSE
2018-06-20,East_Antarctica,2.174928334,-0.17664742484650997,0.17664742484650997,0.31006724465958424,FALSE,FALSE
2018-06-21,East_Antarctica,2.172966506,-0.19387537214067363,0.19387537214067363,0.31006724465958424,FALSE,FALSE
2018-06-22,East_Antarctica,2.188375598,-0.19355812174705544,0.19355812174705544,0.31006724465958424,FALSE,FALSE
2018-06-23,East_Antarctica,2.233957912,-0.16282641755936522,0.16282641755936522,0.31006724465958424,FALSE,FALSE
2018-06-24,East_Antarctica,2.268847868,-0.14247888547131504,0.14247888547131504,0.31006724465958424,FALSE,FALSE
2018-06-25,East_Antarctica,2.361816528,-0.06367750937661887,0.06367750937661887,0.31006724465958424,FALSE,FALSE
2018-06-26,East_Antarctica,2.370175487,-0.06904374016898274,0.06904374016898274,0.31006724465958424,FALSE,FALSE
2018-06-27,East_Antarctica,2.383360939,-0.06908394949935381,0.06908394949935381,0.31006724465958424,FALSE,FALSE
2018-06-28,East_Antarctica,2.405034626,-0.06015089711464139,0.06015089711464139,0.31006724465958424,FALSE,FALSE
2018-06-29,East_Antarctica,2.44487264,-0.0326158631916944,0.0326158631916944,0.31006724465958424,FALSE,FALSE
2018-06-30,East_Antarctica,2.475971208,-0.01343016191101575,0.01343016191101575,0.31006724465958424,FALSE,FALSE
2018-07-01,East_Antarctica,2.510420614,0.00944894954688635,0.00944894954688635,0.31006724465958424,FALSE,FALSE
2018-07-02,East_Antarctica,2.540985549,0.02873862100150104,0.02873862100150104,0.31006724465958424,FALSE,FALSE
2018-07-03,East_Antarctica,2.554584013,0.03130931127232461,0.03130931127232461,0.31006724465958424,FALSE,FALSE
2018-07-04,East_Antarctica,2.518250724,-0.01585180282115184,0.01585180282115184,0.31006724465958424,FALSE,FALSE
2018-07-05,East_Antarctica,2.484233819,-0.06054412545943455,0.06054412545943455,0.31006724465958424,FALSE,FALSE
2018-07-06,East_Antarctica,2.520206156,-0.03514233982303194,0.03514233982303194,0.31006724465958424,FALSE,FALSE
2018-07-07,East_Antarctica,2.532430107,-0.03343161509245007,0.03343161509245007,0.31006724465958424,FALSE,FALSE
2018-07-08,East_Antarctica,2.582771887,0.00640672255180385,0.00640672255180385,0.31006724465958424,FALSE,FALSE
2018-07-09,East_Antarctica,2.620889565,0.03398325837337346,0.03398325837337346,0.31006724465958424,FALSE,FALSE
2018-07-10,East_Antarctica,2.601809877,0.00428841725747375,0.00428841725747375,0.31006724465958424,FALSE,FALSE
2018-07-11,East_Antarctica,2.603352744,-0.00486973991385264,0.00486973991385264,0.31006724465958424,FALSE,FALSE
2018-07-12,East_Antarctica,2.625736565,0.00671856149603389,0.00671856149603389,0.31006724465958424,FALSE,FALSE
2018-07-13,East_Antarctica,2.630753853,8.372101237719143e-4,8.372101237719143e-4,0.31006724465958424,FALSE,FALSE
2018-07-14,East_Antarctica,2.579466706,-0.06146032039399296,0.06146032039399296,0.31006724465958424,FALSE,FALSE
2018-07-15,East_Antarctica,2.566320361,-0.08573741742062069,0.08573741742062069,0.31006724465958424,FALSE,FALSE
2018-07-16,East_Antarctica,2.544206331,-0.1191111923194681,0.1191111923194681,0.31006724465958424,FALSE,FALSE
2018-07-17,East_Antarctica,2.538823212,-0.1358916734538962,0.1358916734538962,0.31006724465958424,FALSE,FALSE
2018-07-18,East_Antarctica,2.536692381,-0.14956610818726057,0.14956610818726057,0.31006724465958424,FALSE,FALSE
2018-07-19,East_Antarctica,2.539694431,-0.15826252788292194,0.15826252788292194,0.31006724465958424,FALSE,FALSE
2018-07-20,East_Antarctica,2.585096924,-0.1247219949042364,0.1247219949042364,0.31006724465958424,FALSE,FALSE
2018-07-21,East_Antarctica,2.601315979,-0.12053701461456434,0.12053701461456434,0.31006724465958424,FALSE,FALSE
2018-07-22,East_Antarctica,2.585950306,-0.14811494478602594,0.14811494478602594,0.31006724465958424,FALSE,FALSE
2018-07-23,East_Antarctica,2.579821487,-0.1666049843574937,0.1666049843574937,0.31006724465958424,FALSE,FALSE
2018-07-24,East_Antarctica,2.58449342,-0.17438829429469704,0.17438829429469704,0.31006724465958424,FALSE,FALSE
2018-07-25,East_Antarctica,2.55333821,-0.21803724508892408,0.21803724508892408,0.31006724465958424,FALSE,FALSE
2018-07-26,East_Antarctica,2.540000862,-0.24385130723146495,0.24385130723146495,0.31006724465958424,FALSE,FALSE
2018-07-27,East_Antarctica,2.560577718,-0.23567861421361205,0.23567861421361205,0.31006724465958424,FALSE,FALSE
2018-07-28,East_Antarctica,2.560060728,-0.2484716915266536,0.2484716915266536,0.31006724465958424,FALSE,FALSE
2018-07-29,East_Antarctica,2.61844358,-0.20218132666187705,0.20218132666187705,0.31006724465958424,FALSE,FALSE
2018-07-30,East_Antarctica,2.712555556,-0.11992271311057624,0.11992271311057624,0.31006724465958424,FALSE,FALSE
2018-07-31,East_Antarctica,2.719517346,-0.12451963636403862,0.12451963636403862,0.31006724465958424,FALSE,FALSE
2018-08-01,East_Antarctica,2.73802336,-0.11722216191355316,0.11722216191355316,0.31006724465958424,FALSE,FALSE
2018-08-02,East_Antarctica,2.741624748,-0.12442361525041434,0.12442361525041434,0.31006724465958424,FALSE,FALSE
2018-08-03,East_Antarctica,2.704920329,-0.1714696535990683,0.1714696535990683,0.31006724465958424,FALSE,FALSE
2018-08-04,East_Antarctica,2.661741669,-0.2244929796177915,0.2244929796177915,0.31006724465958424,FALSE,FALSE
2018-08-05,East_Antarctica,2.641668372,-0.25394965691906224,0.25394965691906224,0.31006724465958424,FALSE,FALSE
2018-08-06,East_Antarctica,2.688865614,-0.2157262714814614,0.2157262714814614,0.31006724465958424,FALSE,FALSE
2018-08-07,East_Antarctica,2.777799502,-0.1354084782835705,0.1354084782835705,0.31006724465958424,FALSE,FALSE
2018-08-08,East_Antarctica,2.769457521,-0.15206055430396903,0.15206055430396903,0.31006724465958424,FALSE,FALSE
2018-08-09,East_Antarctica,2.714240748,-0.2153331845212376,0.2153331845212376,0.31006724465958424,FALSE,FALSE
2018-08-10,East_Antarctica,2.674921136,-0.2625061779139575,0.2625061779139575,0.31006724465958424,FALSE,FALSE
2018-08-11,East_Antarctica,2.708299781,-0.2368302004607088,0.2368302004607088,0.31006724465958424,FALSE,FALSE
2018-08-12,East_Antarctica,2.724688353,-0.22804534414007227,0.22804534414007227,0.31006724465958424,FALSE,FALSE
2018-08-13,East_Antarctica,2.757877713,-0.20241250993062865,0.20241250993062865,0.31006724465958424,FALSE,FALSE
2018-08-14,East_Antarctica,2.798612026,-0.16923929481095668,0.16923929481095668,0.31006724465958424,FALSE,FALSE
2018-08-15,East_Antarctica,2.831490143,-0.14397860975963803,0.14397860975963803,0.31006724465958424,FALSE,FALSE
2018-08-16,East_Antarctica,2.827693705,-0.1554990434595278,0.1554990434595278,0.31006724465958424,FALSE,FALSE
2018-08-17,East_Antarctica,2.82185798,-0.1691700141656871,0.1691700141656871,0.31006724465958424,FALSE,FALSE
2018-08-18,East_Antarctica,2.795574686,-0.2033523620881907,0.2033523620881907,0.31006724465958424,FALSE,FALSE
2018-08-19,East_Antarctica,2.771691814,-0.23514779768551497,0.23514779768551497,0.31006724465958424,FALSE,FALSE
2018-08-20,East_Antarctica,2.7616344330000002,-0.253080953416124,0.253080953416124,0.31006724465958424,FALSE,FALSE
2018-08-21,East_Antarctica,2.731448014,-0.29105605973848947,0.29105605973848947,0.31006724465958424,FALSE,FALSE
2018-08-22,East_Antarctica,2.745500461,-0.2846549141110808,0.2846549141110808,0.31006724465958424,FALSE,FALSE
2018-08-23,East_Antarctica,2.836267523,-0.2013514689923679,0.2013514689923679,0.31006724465958424,FALSE,FALSE
2018-08-24,East_Antarctica,2.919310012,-0.12553461384081863,0.12553461384081863,0.31006724465958424,FALSE,FALSE
2018-08-25,East_Antarctica,2.9782521,-0.07352987811490275,0.07352987811490275,0.31006724465958424,FALSE,FALSE
2018-08-26,East_Antarctica,2.969925005,-0.08845574527309097,0.08845574527309097,0.31006724465958424,FALSE,FALSE
2018-08-27,East_Antarctica,2.927378737,-0.1372119067738513,0.1372119067738513,0.31006724465958424,FALSE,FALSE
2018-08-28,East_Antarctica,2.936399014,-0.13396234607565205,0.13396234607565205,0.31006724465958424,FALSE,FALSE
2018-08-29,East_Antarctica,2.952765575,-0.12288601726193528,0.12288601726193528,0.31006724465958424,FALSE,FALSE
2018-08-30,East_Antarctica,2.913109866,-0.16736481577923756,0.16736481577923756,0.31006724465958424,FALSE,FALSE
2018-08-31,East_Antarctica,2.884926185,-0.19993831820501295,0.19993831820501295,0.31006724465958424,FALSE,FALSE
2018-09-01,East_Antarctica,2.923693436,-0.16516153194640992,0.16516153194640992,0.31006724465958424,FALSE,FALSE
2018-09-02,East_Antarctica,2.969076055,-0.12340393241057734,0.12340393241057734,0.31006724465958424,FALSE,FALSE
2018-09-03,East_Antarctica,2.958976569,-0.1367969040046657,0.1367969040046657,0.31006724465958424,FALSE,FALSE
2018-09-04,East_Antarctica,2.939350529,-0.15941880713581869,0.15941880713581869,0.31006724465958424,FALSE,FALSE
2018-09-05,East_Antarctica,2.913382392,-0.1881190962111874,0.1881190962111874,0.31006724465958424,FALSE,FALSE
2018-09-06,East_Antarctica,2.923897893,-0.18010594763792076,0.18010594763792076,0.31006724465958424,FALSE,FALSE
2018-09-07,East_Antarctica,2.90116904,-0.2051412648231654,0.2051412648231654,0.31006724465958424,FALSE,FALSE
2018-09-08,East_Antarctica,2.879858843,-0.22859594917407433,0.22859594917407433,0.31006724465958424,FALSE,FALSE
2018-09-09,East_Antarctica,2.866163429,-0.24430778509778817,0.24430778509778817,0.31006724465958424,FALSE,FALSE
2018-09-10,East_Antarctica,2.822083041,-0.2903103891935248,0.2903103891935248,0.31006724465958424,FALSE,FALSE
2018-09-11,East_Antarctica,2.820418846,-0.2938315358478203,0.2938315358478203,0.31006724465958424,FALSE,FALSE
2018-09-12,East_Antarctica,2.836617308,-0.2794448024099103,0.2794448024099103,0.31006724465958424,FALSE,FALSE
2018-09-13,East_Antarctica,2.833522115,-0.28432560513269056,0.28432560513269056,0.31006724465958424,FALSE,FALSE
2018-09-14,East_Antarctica,2.825213107,-0.29441320826905404,0.29441320826905404,0.31006724465958424,FALSE,FALSE
2018-09-15,East_Antarctica,2.879744075,-0.2416729250719003,0.2416729250719003,0.31006724465958424,FALSE,FALSE
2018-09-16,East_Antarctica,2.886938658,-0.2363002207941216,0.2363002207941216,0.31006724465958424,FALSE,FALSE
2018-09-17,East_Antarctica,2.923925897,-0.2011851586886149,0.2011851586886149,0.31006724465958424,FALSE,FALSE
2018-09-18,East_Antarctica,3.001766058,-0.12528657700827583,0.12528657700827583,0.31006724465958424,FALSE,FALSE
2018-09-19,East_Antarctica,3.051551077,-0.07753164400599877,0.07753164400599877,0.31006724465958424,FALSE,FALSE
2018-09-20,East_Antarctica,3.120696755,-0.01052366293467921,0.01052366293467921,0.31006724465958424,FALSE,FALSE
2018-09-21,East_Antarctica,3.131688014,-0.00179681604721482,0.00179681604721482,0.31006724465958424,FALSE,FALSE
2018-09-22,East_Antarctica,3.123329333,-0.01256572859649951,0.01256572859649951,0.31006724465958424,FALSE,FALSE
2018-09-23,East_Antarctica,3.077172782,-0.0612913478798367,0.0612913478798367,0.31006724465958424,FALSE,FALSE
2018-09-24,East_Antarctica,3.025927052,-0.11521283248710512,0.11521283248710512,0.31006724465958424,FALSE,FALSE
2018-09-25,East_Antarctica,2.997288847,-0.146541796275097,0.146541796275097,0.31006724465958424,FALSE,FALSE
2018-09-26,East_Antarctica,2.973050794,-0.17339337542677313,0.17339337542677313,0.31006724465958424,FALSE,FALSE
2018-09-27,East_Antarctica,3.01097922,-0.1379090061251005,0.1379090061251005,0.31006724465958424,FALSE,FALSE
2018-09-28,East_Antarctica,3.041730227,-0.10934034955303852,0.10934034955303852,0.31006724465958424,FALSE,FALSE
2018-09-29,East_Antarctica,3.105933089,-0.04696589489355274,0.04696589489355274,0.31006724465958424,FALSE,FALSE
2018-09-30,East_Antarctica,3.148173898,-0.0061073133296059,0.0061073133296059,0.31006724465958424,FALSE,FALSE
2018-10-01,East_Antarctica,3.164943178,0.00981815595583812,0.00981815595583812,0.31006724465958424,FALSE,FALSE
2018-10-02,East_Antarctica,3.183279883,0.0279417037798173,0.0279417037798173,0.31006724465958424,FALSE,FALSE
2018-10-03,East_Antarctica,3.185378415,0.03054996895936979,0.03054996895936979,0.31006724465958424,FALSE,FALSE
2018-10-04,East_Antarctica,3.189043906,0.03554032031152721,0.03554032031152721,0.31006724465958424,FALSE,FALSE
2018-10-05,East_Antarctica,3.169611465,0.01834007589254138,0.01834007589254138,0.31006724465958424,FALSE,FALSE
2018-10-06,East_Antarctica,3.16607721,0.01800398248570678,0.01800398248570678,0.31006724465958424,FALSE,FALSE
2018-10-07,East_Antarctica,3.146023442,0.0020741918460696,0.0020741918460696,0.31006724465958424,FALSE,FALSE
2018-10-08,East_Antarctica,3.149220387,0.01026270948319396,0.01026270948319396,0.31006724465958424,FALSE,FALSE
2018-10-09,East_Antarctica,3.164779192,0.03162246190664231,0.03162246190664231,0.31006724465958424,FALSE,FALSE
2018-10-10,East_Antarctica,3.136111776,0.00950714762598226,0.00950714762598226,0.31006724465958424,FALSE,FALSE
2018-10-11,East_Antarctica,3.116202205,-0.00315738784922148,0.00315738784922148,0.31006724465958424,FALSE,FALSE
2018-10-12,East_Antarctica,3.088048282,-0.0234315620094101,0.0234315620094101,0.31006724465958424,FALSE,FALSE
2018-10-13,East_Antarctica,3.074332867,-0.0286907353450152,0.0286907353450152,0.31006724465958424,FALSE,FALSE
2018-10-14,East_Antarctica,3.070292508,-0.02375658034647188,0.02375658034647188,0.31006724465958424,FALSE,FALSE
2018-10-15,East_Antarctica,3.031184584,-0.05342993850421784,0.05342993850421784,0.31006724465958424,FALSE,FALSE
2018-10-16,East_Antarctica,3.02304704,-0.05173108530868475,0.05173108530868475,0.31006724465958424,FALSE,FALSE
2018-10-17,East_Antarctica,3.017670897,-0.04692722025031504,0.04692722025031504,0.31006724465958424,FALSE,FALSE
2018-10-18,East_Antarctica,3.02284896,-0.03128045897508125,0.03128045897508125,0.31006724465958424,FALSE,FALSE
2018-10-19,East_Antarctica,3.034652206,-0.00870465741045167,0.00870465741045167,0.31006724465958424,FALSE,FALSE
2018-10-20,East_Antarctica,3.017075084,-0.01512319455339872,0.01512319455339872,0.31006724465958424,FALSE,FALSE
2018-10-21,East_Antarctica,2.976727972,-0.04384083750513135,0.04384083750513135,0.31006724465958424,FALSE,FALSE
2018-10-22,East_Antarctica,2.94348085,-0.06490275136686607,0.06490275136686607,0.31006724465958424,FALSE,FALSE
2018-10-23,East_Antarctica,2.876062298,-0.11949550123980844,0.11949550123980844,0.31006724465958424,FALSE,FALSE
2018-10-24,East_Antarctica,2.812684514,-0.1693220342251749,0.1693220342251749,0.31006724465958424,FALSE,FALSE
2018-10-25,East_Antarctica,2.752581591,-0.215063402424176,0.215063402424176,0.31006724465958424,FALSE,FALSE
2018-10-26,East_Antarctica,2.738877765,-0.21351051493802276,0.21351051493802276,0.31006724465958424,FALSE,FALSE
2018-10-27,East_Antarctica,2.745925993,-0.19022555986792788,0.19022555986792788,0.31006724465958424,FALSE,FALSE
2018-10-28,East_Antarctica,2.73940857,-0.17944138731510417,0.17944138731510417,0.31006724465958424,FALSE,FALSE
2018-10-29,East_Antarctica,2.72955924,-0.17083939838076256,0.17083939838076256,0.31006724465958424,FALSE,FALSE
2018-10-30,East_Antarctica,2.710305233,-0.17040750816611494,0.17040750816611494,0.31006724465958424,FALSE,FALSE
2018-10-31,East_Antarctica,2.698047222,-0.16167259941974965,0.16167259941974965,0.31006724465958424,FALSE,FALSE
2018-11-01,East_Antarctica,2.67791327,-0.15949525279150967,0.15949525279150967,0.31006724465958424,FALSE,FALSE
2018-11-02,East_Antarctica,2.634036972,-0.17974928076069352,0.17974928076069352,0.31006724465958424,FALSE,FALSE
2018-11-03,East_Antarctica,2.605129618,-0.18373080585081691,0.18373080585081691,0.31006724465958424,FALSE,FALSE
2018-11-04,East_Antarctica,2.510198043,-0.25244040558538927,0.25244040558538927,0.31006724465958424,FALSE,FALSE
2018-11-05,East_Antarctica,2.462524178,-0.2726035614879212,0.2726035614879212,0.31006724465958424,FALSE,FALSE
2018-11-06,East_Antarctica,2.451919688,-0.2544160210819286,0.2544160210819286,0.31006724465958424,FALSE,FALSE
2018-11-07,East_Antarctica,2.418376973,-0.2578927968909186,0.2578927968909186,0.31006724465958424,FALSE,FALSE
2018-11-08,East_Antarctica,2.402225393,-0.24271194143840624,0.24271194143840624,0.31006724465958424,FALSE,FALSE
2018-11-09,East_Antarctica,2.351314246,-0.26103156924790305,0.26103156924790305,0.31006724465958424,FALSE,FALSE
2018-11-10,East_Antarctica,2.329718617,-0.248784007842918,0.248784007842918,0.31006724465958424,FALSE,FALSE
2018-11-11,East_Antarctica,2.262521521,-0.28089365474696626,0.28089365474696626,0.31006724465958424,FALSE,FALSE
2018-11-12,East_Antarctica,2.219898886,-0.2871929020482633,0.2871929020482633,0.31006724465958424,FALSE,FALSE
2018-11-13,East_Antarctica,2.16415281,-0.30543817740706736,0.30543817740706736,0.31006724465958424,FALSE,FALSE
2018-11-14,East_Antarctica,2.107900567,-0.32314620193442867,0.32314620193442867,0.31006724465958424,TRUE,TRUE
2018-11-15,East_Antarctica,2.057829517,-0.33376983572772057,0.33376983572772057,0.31006724465958424,TRUE,TRUE
2018-11-16,East_Antarctica,2.015119685,-0.33626927388431893,0.33626927388431893,0.31006724465958424,TRUE,TRUE
2018-11-17,East_Antarctica,1.970901813,-0.33965399450159794,0.33965399450159794,0.31006724465958424,TRUE,TRUE
2018-11-18,East_Antarctica,1.94207961,-0.3271605086769358,0.3271605086769358,0.31006724465958424,TRUE,TRUE
2018-11-19,East_Antarctica,1.864280456,-0.36330165650770674,0.36330165650770674,0.31006724465958424,TRUE,TRUE
2018-11-20,East_Antarctica,1.849462345,-0.33625966409128427,0.33625966409128427,0.31006724465958424,TRUE,TRUE
2018-11-21,East_Antarctica,1.836327484,-0.3074725445250448,0.3074725445250448,0.31006724465958424,FALSE,FALSE
2018-11-22,East_Antarctica,1.824461735,-0.2774946559063636,0.2774946559063636,0.31006724465958424,FALSE,FALSE
2018-11-23,East_Antarctica,1.807130946,-0.253200370332618,0.253200370332618,0.31006724465958424,FALSE,FALSE
2018-11-24,East_Antarctica,1.776994076,-0.24207094890118053,0.24207094890118053,0.31006724465958424,FALSE,FALSE
2018-11-25,East_Antarctica,1.762282251,-0.21600699806566223,0.21600699806566223,0.31006724465958424,FALSE,FALSE
2018-11-26,East_Antarctica,1.737066192,-0.20099774221076935,0.20099774221076935,0.31006724465958424,FALSE,FALSE
2018-11-27,East_Antarctica,1.733515253,-0.16489767632186036,0.16489767632186036,0.31006724465958424,FALSE,FALSE
2018-11-28,East_Antarctica,1.723605074,-0.13575473597503285,0.13575473597503285,0.31006724465958424,FALSE,FALSE
2018-11-29,East_Antarctica,1.687857065,-0.1330710867463889,0.1330710867463889,0.31006724465958424,FALSE,FALSE
2018-11-30,East_Antarctica,1.678038771,-0.10510275921202417,0.10510275921202417,0.31006724465958424,FALSE,FALSE
2018-12-01,East_Antarctica,1.655912943,-0.09011057794804,0.09011057794804,0.31006724465958424,FALSE,FALSE
2018-12-02,East_Antarctica,1.632705848,-0.07689185153053324,0.07689185153053324,0.31006724465958424,FALSE,FALSE
2018-12-03,East_Antarctica,1.608670397,-0.06521724453560518,0.06521724453560518,0.31006724465958424,FALSE,FALSE
2018-12-04,East_Antarctica,1.569034121,-0.069882801539354,0.069882801539354,0.31006724465958424,FALSE,FALSE
2018-12-05,East_Antarctica,1.549974009,-0.05473510911787782,0.05473510911787782,0.31006724465958424,FALSE,FALSE
2018-12-06,East_Antarctica,1.521104089,-0.05018371484727724,0.05018371484727724,0.31006724465958424,FALSE,FALSE
2018-12-07,East_Antarctica,1.497295018,-0.04138151331779638,0.04138151331779638,0.31006724465958424,FALSE,FALSE
2018-12-08,East_Antarctica,1.432055001,-0.07483640514303724,0.07483640514303724,0.31006724465958424,FALSE,FALSE
2018-12-09,East_Antarctica,1.388733771,-0.08719680597494883,0.08719680597494883,0.31006724465958424,FALSE,FALSE
2018-12-10,East_Antarctica,1.344794669,-0.10099487082190396,0.10099487082190396,0.31006724465958424,FALSE,FALSE
2018-12-11,East_Antarctica,1.325666007,-0.09079778369228308,0.09079778369228308,0.31006724465958424,FALSE,FALSE
2018-12-12,East_Antarctica,1.281090837,-0.10685798859446229,0.10685798859446229,0.31006724465958424,FALSE,FALSE
2018-12-13,East_Antarctica,1.244226586,-0.1160135545368166,0.1160135545368166,0.31006724465958424,FALSE,FALSE
2018-12-14,East_Antarctica,1.218850973,-0.11448225852772298,0.11448225852772298,0.31006724465958424,FALSE,FALSE
2018-12-15,East_Antarctica,1.178990188,-0.1282334065755577,0.1282334065755577,0.31006724465958424,FALSE,FALSE
2018-12-16,East_Antarctica,1.158639231,-0.1232674946886978,0.1232674946886978,0.31006724465958424,FALSE,FALSE
2018-12-17,East_Antarctica,1.121961723,-0.13541639787551918,0.13541639787551918,0.31006724465958424,FALSE,FALSE
2018-12-18,East_Antarctica,1.0850591,-0.14857417614440038,0.14857417614440038,0.31006724465958424,FALSE,FALSE
2018-12-19,East_Antarctica,1.057280514,-0.1533871735037151,0.1533871735037151,0.31006724465958424,FALSE,FALSE
2018-12-20,East_Antarctica,1.01633516,-0.1721408844783343,0.1721408844783343,0.31006724465958424,FALSE,FALSE
2018-12-21,East_Antarctica,0.980835832,-0.18620445253435855,0.18620445253435855,0.31006724465958424,FALSE,FALSE
2018-12-22,East_Antarctica,0.934269993,-0.21206217317681175,0.21206217317681175,0.31006724465958424,FALSE,FALSE
2018-12-23,East_Antarctica,0.907586811,-0.21873635325439775,0.21873635325439775,0.31006724465958424,FALSE,FALSE
2018-12-24,East_Antarctica,0.907609753,-0.19937500061581925,0.19937500061581925,0.31006724465958424,FALSE,FALSE
2018-12-25,East_Antarctica,0.900421704,-0.18786670510978065,0.18786670510978065,0.31006724465958424,FALSE,FALSE
2018-12-26,East_Antarctica,0.893128223,-0.17707738258498573,0.17707738258498573,0.31006724465958424,FALSE,FALSE
2018-12-27,East_Antarctica,0.874364972,-0.1783428458901395,0.1783428458901395,0.31006724465958424,FALSE,FALSE
2018-12-28,East_Antarctica,0.842994259,-0.19277226187394456,0.19277226187394456,0.31006724465958424,FALSE,FALSE
2018-12-29,East_Antarctica,0.808649517,-0.21070367238510357,0.21070367238510357,0.31006724465958424,FALSE,FALSE
2018-12-30,East_Antarctica,0.802028855,-0.2014104432723215,0.2014104432723215,0.31006724465958424,FALSE,FALSE
2018-12-31,East_Antarctica,0.787433538,-0.20056278438430453,0.20056278438430453,0.31006724465958424,FALSE,FALSE
2019-01-01,East_Antarctica,0.725343783,-0.247651953569754,0.247651953569754,0.31006724465958424,FALSE,FALSE
2019-01-02,East_Antarctica,0.711416418,-0.2469937006561479,0.2469937006561479,0.31006724465958424,FALSE,FALSE
2019-01-03,East_Antarctica,0.69043601,-0.2537804483860713,0.2537804483860713,0.31006724465958424,FALSE,FALSE
2019-01-04,East_Antarctica,0.691689319,-0.2387035294808788,0.2387035294808788,0.31006724465958424,FALSE,FALSE
2019-01-05,East_Antarctica,0.679017636,-0.23789974566192373,0.23789974566192373,0.31006724465958424,FALSE,FALSE
2019-01-06,East_Antarctica,0.666936297,-0.2368318536505688,0.2368318536505688,0.31006724465958424,FALSE,FALSE
2019-01-07,East_Antarctica,0.67416644,-0.2167568081681668,0.2167568081681668,0.31006724465958424,FALSE,FALSE
2019-01-08,East_Antarctica,0.672945,-0.20541576693607463,0.20541576693607463,0.31006724465958424,FALSE,FALSE
2019-01-09,East_Antarctica,0.646463775,-0.21959502467565117,0.21959502467565117,0.31006724465958424,FALSE,FALSE
2019-01-10,East_Antarctica,0.629030542,-0.22496489710824977,0.22496489710824977,0.31006724465958424,FALSE,FALSE
2019-01-11,East_Antarctica,0.611481322,-0.23066745595522964,0.23066745595522964,0.31006724465958424,FALSE,FALSE
2019-01-12,East_Antarctica,0.605884887,-0.2246120219379465,0.2246120219379465,0.31006724465958424,FALSE,FALSE
2019-01-13,East_Antarctica,0.588332639,-0.23068528577775704,0.23068528577775704,0.31006724465958424,FALSE,FALSE
2019-01-14,East_Antarctica,0.573166467,-0.23452378602744473,0.23452378602744473,0.31006724465958424,FALSE,FALSE
2019-01-15,East_Antarctica,0.584075634,-0.21242870261132596,0.21242870261132596,0.31006724465958424,FALSE,FALSE
2019-01-16,East_Antarctica,0.576189098,-0.20927657314158263,0.20927657314158263,0.31006724465958424,FALSE,FALSE
2019-01-17,East_Antarctica,0.570654539,-0.2039261652135026,0.2039261652135026,0.31006724465958424,FALSE,FALSE
2019-01-18,East_Antarctica,0.570112363,-0.19374352042237175,0.19374352042237175,0.31006724465958424,FALSE,FALSE
2019-01-19,East_Antarctica,0.565327422,-0.18797023436347793,0.18797023436347793,0.31006724465958424,FALSE,FALSE
2019-01-20,East_Antarctica,0.562235868,-0.1806766026321085,0.1806766026321085,0.31006724465958424,FALSE,FALSE
2019-01-21,East_Antarctica,0.553763977,-0.1789427968235504,0.1789427968235504,0.31006724465958424,FALSE,FALSE
2019-01-22,East_Antarctica,0.544727623,-0.1779593905330903,0.1779593905330903,0.31006724465958424,FALSE,FALSE
2019-01-23,East_Antarctica,0.54105665,-0.17180298735601618,0.17180298735601618,0.31006724465958424,FALSE,FALSE
2019-01-24,East_Antarctica,0.547051872,-0.15617922088761482,0.15617922088761482,0.31006724465958424,FALSE,FALSE
2019-01-25,East_Antarctica,0.551949099,-0.1418587287231734,0.1418587287231734,0.31006724465958424,FALSE,FALSE
2019-01-26,East_Antarctica,0.54773095,-0.1368653394579784,0.1368653394579784,0.31006724465958424,FALSE,FALSE
2019-01-27,East_Antarctica,0.525272093,-0.15033001380144728,0.15033001380144728,0.31006724465958424,FALSE,FALSE
2019-01-28,East_Antarctica,0.522130249,-0.14469511604873142,0.14469511604873142,0.31006724465958424,FALSE,FALSE
2019-01-29,East_Antarctica,0.504334072,-0.1539297788804469,0.1539297788804469,0.31006724465958424,FALSE,FALSE
2019-01-30,East_Antarctica,0.512807069,-0.1371082745726444,0.1371082745726444,0.31006724465958424,FALSE,FALSE
2019-01-31,East_Antarctica,0.506111017,-0.13566660540137243,0.13566660540137243,0.31006724465958424,FALSE,FALSE
2019-02-01,East_Antarctica,0.494628804,-0.13921966264267982,0.13921966264267982,0.31006724465958424,FALSE,FALSE
2019-02-02,East_Antarctica,0.48614965,-0.13997600557261658,0.13997600557261658,0.31006724465958424,FALSE,FALSE
2019-02-03,East_Antarctica,0.4958134,-0.1227935684672305,0.1227935684672305,0.31006724465958424,FALSE,FALSE
2019-02-04,East_Antarctica,0.493353418,-0.1179367666025718,0.1179367666025718,0.31006724465958424,FALSE,FALSE
2019-02-05,East_Antarctica,0.490974415,-0.11319866825468966,0.11319866825468966,0.31006724465958424,FALSE,FALSE
2019-02-06,East_Antarctica,0.495852231,-0.1014012126996332,0.1014012126996332,0.31006724465958424,FALSE,FALSE
2019-02-07,East_Antarctica,0.505017448,-0.08551159721345103,0.08551159721345103,0.31006724465958424,FALSE,FALSE
2019-02-08,East_Antarctica,0.478551798,-0.10544600831916023,0.10544600831916023,0.31006724465958424,FALSE,FALSE
2019-02-09,East_Antarctica,0.468764375,-0.10891165438723772,0.10891165438723772,0.31006724465958424,FALSE,FALSE
2019-02-10,East_Antarctica,0.445087466,-0.1265291118454523,0.1265291118454523,0.31006724465958424,FALSE,FALSE
2019-02-11,East_Antarctica,0.420258027,-0.14561861086708433,0.14561861086708433,0.31006724465958424,FALSE,FALSE
2019-02-12,East_Antarctica,0.430510126,-0.13000326962541392,0.13000326962541392,0.31006724465958424,FALSE,FALSE
2019-02-13,East_Antarctica,0.439497348,-0.11608668929372253,0.11608668929372253,0.31006724465958424,FALSE,FALSE
2019-02-14,East_Antarctica,0.442982229,-0.10816352004528934,0.10816352004528934,0.31006724465958424,FALSE,FALSE
2019-02-15,East_Antarctica,0.445303035,-0.10195268205339558,0.10195268205339558,0.31006724465958424,FALSE,FALSE
2019-02-16,East_Antarctica,0.433758,-0.11021312749132284,0.11021312749132284,0.31006724465958424,FALSE,FALSE
2019-02-17,East_Antarctica,0.425389697,-0.11595946953234998,0.11595946953234998,0.31006724465958424,FALSE,FALSE
2019-02-18,East_Antarctica,0.398135458,-0.14131156234975856,0.14131156234975856,0.31006724465958424,FALSE,FALSE
2019-02-19,East_Antarctica,0.387851556,-0.15047031911682784,0.15047031911682784,0.31006724465958424,FALSE,FALSE
2019-02-20,East_Antarctica,0.3904221,-0.14760881700683948,0.14760881700683948,0.31006724465958424,FALSE,FALSE
2019-02-21,East_Antarctica,0.413597939,-0.12503031750458465,0.12503031750458465,0.31006724465958424,FALSE,FALSE
2019-02-22,East_Antarctica,0.422209562,-0.11792115357582672,0.11792115357582672,0.31006724465958424,FALSE,FALSE
2019-02-23,East_Antarctica,0.405260225,-0.137270085236257,0.137270085236257,0.31006724465958424,FALSE,FALSE
2019-02-24,East_Antarctica,0.402835129,-0.14298347908510972,0.14298347908510972,0.31006724465958424,FALSE,FALSE
2019-02-25,East_Antarctica,0.410242741,-0.13974443572161876,0.13974443572161876,0.31006724465958424,FALSE,FALSE
2019-02-26,East_Antarctica,0.40002641,-0.15500117374501649,0.15500117374501649,0.31006724465958424,FALSE,FALSE
2019-02-27,East_Antarctica,0.394551351,-0.1663800457545383,0.1663800457545383,0.31006724465958424,FALSE,FALSE
2019-02-28,East_Antarctica,0.402310185,-0.1653799983494167,0.1653799983494167,0.31006724465958424,FALSE,FALSE
2019-03-01,East_Antarctica,0.416793735,-0.1585017761288851,0.1585017761288851,0.31006724465958424,FALSE,FALSE
2019-03-02,East_Antarctica,0.414879333,-0.1688596146921778,0.1688596146921778,0.31006724465958424,FALSE,FALSE
2019-03-03,East_Antarctica,0.406252815,-0.18675924563852753,0.18675924563852753,0.31006724465958424,FALSE,FALSE
2019-03-04,East_Antarctica,0.39883466,-0.2042717575671691,0.2042717575671691,0.31006724465958424,FALSE,FALSE
2019-03-05,East_Antarctica,0.418679037,-0.19533454493456737,0.19533454493456737,0.31006724465958424,FALSE,FALSE
2019-03-06,East_Antarctica,0.427203176,-0.198506530616696,0.198506530616696,0.31006724465958424,FALSE,FALSE
2019-03-07,East_Antarctica,0.432224751,-0.2058960224931834,0.2058960224931834,0.31006724465958424,FALSE,FALSE
2019-03-08,East_Antarctica,0.427515721,-0.2236468506799276,0.2236468506799276,0.31006724465958424,FALSE,FALSE
2019-03-09,East_Antarctica,0.440319664,-0.22443122629282872,0.22443122629282872,0.31006724465958424,FALSE,FALSE
2019-03-10,East_Antarctica,0.457788012,-0.2210135064477852,0.2210135064477852,0.31006724465958424,FALSE,FALSE
2019-03-11,East_Antarctica,0.471616119,-0.22161412626069532,0.22161412626069532,0.31006724465958424,FALSE,FALSE
2019-03-12,East_Antarctica,0.480055526,-0.22789733384745747,0.22789733384745747,0.31006724465958424,FALSE,FALSE
2019-03-13,East_Antarctica,0.474056983,-0.24882816832397292,0.24882816832397292,0.31006724465958424,FALSE,FALSE
2019-03-14,East_Antarctica,0.463383748,-0.27455916080613857,0.27455916080613857,0.31006724465958424,FALSE,FALSE
2019-03-15,East_Antarctica,0.489474007,-0.2635679144098543,0.2635679144098543,0.31006724465958424,FALSE,FALSE
2019-03-16,East_Antarctica,0.502168766,-0.2659292122510192,0.2659292122510192,0.31006724465958424,FALSE,FALSE
2019-03-17,East_Antarctica,0.52604489,-0.25698197844553017,0.25698197844553017,0.31006724465958424,FALSE,FALSE
2019-03-18,East_Antarctica,0.557048634,-0.24069819760892763,0.24069819760892763,0.31006724465958424,FALSE,FALSE
2019-03-19,East_Antarctica,0.573565095,-0.23867221322803955,0.23867221322803955,0.31006724465958424,FALSE,FALSE
2019-03-20,East_Antarctica,0.591856814,-0.23468494141366425,0.23468494141366425,0.31006724465958424,FALSE,FALSE
2019-03-21,East_Antarctica,0.633398805,-0.20730783928399188,0.20730783928399188,0.31006724465958424,FALSE,FALSE
2019-03-22,East_Antarctica,0.660220685,-0.1945577609572149,0.1945577609572149,0.31006724465958424,FALSE,FALSE
2019-03-23,East_Antarctica,0.662707458,-0.20609617355152465,0.20609617355152465,0.31006724465958424,FALSE,FALSE
2019-03-24,East_Antarctica,0.652279624,-0.230549048185112,0.230549048185112,0.31006724465958424,FALSE,FALSE
2019-03-25,East_Antarctica,0.672234898,-0.22466514097616783,0.22466514097616783,0.31006724465958424,FALSE,FALSE
2019-03-26,East_Antarctica,0.705320942,-0.2057432610428861,0.2057432610428861,0.31006724465958424,FALSE,FALSE
2019-03-27,East_Antarctica,0.724876037,-0.20049159850345433,0.20049159850345433,0.31006724465958424,FALSE,FALSE
2019-03-28,East_Antarctica,0.737577332,-0.20227947547606795,0.20227947547606795,0.31006724465958424,FALSE,FALSE
2019-03-29,East_Antarctica,0.750821967,-0.20375622307891603,0.20375622307891603,0.31006724465958424,FALSE,FALSE
2019-03-30,East_Antarctica,0.758080079,-0.21149817543018956,0.21149817543018956,0.31006724465958424,FALSE,FALSE
2019-03-31,East_Antarctica,0.803600374,-0.18129436826454023,0.18129436826454023,0.31006724465958424,FALSE,FALSE
2019-04-01,East_Antarctica,0.841722657,-0.15879502321612304,0.15879502321612304,0.31006724465958424,FALSE,FALSE
2019-04-02,East_Antarctica,0.87753853,-0.13888234384112064,0.13888234384112064,0.31006724465958424,FALSE,FALSE
2019-04-03,East_Antarctica,0.89394535,-0.13863276528576207,0.13863276528576207,0.31006724465958424,FALSE,FALSE
2019-04-04,East_Antarctica,0.925073509,-0.12388968769627606,0.12388968769627606,0.31006724465958424,FALSE,FALSE
2019-04-05,East_Antarctica,0.942691624,-0.12285828621888994,0.12285828621888994,0.31006724465958424,FALSE,FALSE
2019-04-06,East_Antarctica,0.964829881,-0.11748216699983272,0.11748216699983272,0.31006724465958424,FALSE,FALSE
2019-04-07,East_Antarctica,0.956244081,-0.14297932118533374,0.14297932118533374,0.31006724465958424,FALSE,FALSE
2019-04-08,East_Antarctica,0.939091051,-0.17716671392161942,0.17716671392161942,0.31006724465958424,FALSE,FALSE
2019-04-09,East_Antarctica,0.965773613,-0.16761531535491905,0.16761531535491905,0.31006724465958424,FALSE,FALSE
2019-04-10,East_Antarctica,0.992897367,-0.15769331763146222,0.15769331763146222,0.31006724465958424,FALSE,FALSE
2019-04-11,East_Antarctica,1.018908016,-0.1489288098974746,0.1489288098974746,0.31006724465958424,FALSE,FALSE
2019-04-12,East_Antarctica,1.033387046,-0.15171426081106354,0.15171426081106354,0.31006724465958424,FALSE,FALSE
2019-04-13,East_Antarctica,1.038296041,-0.1640736232896416,0.1640736232896416,0.31006724465958424,FALSE,FALSE
2019-04-14,East_Antarctica,1.049153132,-0.17049339650121142,0.17049339650121142,0.31006724465958424,FALSE,FALSE
2019-04-15,East_Antarctica,1.076271414,-0.1606668990088529,0.1606668990088529,0.31006724465958424,FALSE,FALSE
2019-04-16,East_Antarctica,1.097183364,-0.1570680673756406,0.1570680673756406,0.31006724465958424,FALSE,FALSE
2019-04-17,East_Antarctica,1.090974405,-0.1806178921646553,0.1806178921646553,0.31006724465958424,FALSE,FALSE
2019-04-18,East_Antarctica,1.084281981,-0.2046853429389728,0.2046853429389728,0.31006724465958424,FALSE,FALSE
2019-04-19,East_Antarctica,1.10121877,-0.20516415526166895,0.20516415526166895,0.31006724465958424,FALSE,FALSE
2019-04-20,East_Antarctica,1.110382901,-0.21346261369582353,0.21346261369582353,0.31006724465958424,FALSE,FALSE
2019-04-21,East_Antarctica,1.134980088,-0.2063814178045136,0.2063814178045136,0.31006724465958424,FALSE,FALSE
2019-04-22,East_Antarctica,1.149229609,-0.20970770315081655,0.20970770315081655,0.31006724465958424,FALSE,FALSE
2019-04-23,East_Antarctica,1.174981162,-0.20159818529781148,0.20159818529781148,0.31006724465958424,FALSE,FALSE
2019-04-24,East_Antarctica,1.219006989,-0.17528703580857252,0.17528703580857252,0.31006724465958424,FALSE,FALSE
2019-04-25,East_Antarctica,1.226870216,-0.18521693608607803,0.18521693608607803,0.31006724465958424,FALSE,FALSE
2019-04-26,East_Antarctica,1.247323373,-0.18263540655048427,0.18263540655048427,0.31006724465958424,FALSE,FALSE
2019-04-27,East_Antarctica,1.257526084,-0.19037969227957283,0.19037969227957283,0.31006724465958424,FALSE,FALSE
2019-04-28,East_Antarctica,1.286373807,-0.17955117083919592,0.17955117083919592,0.31006724465958424,FALSE,FALSE
2019-04-29,East_Antarctica,1.29421651,-0.18979670979520735,0.18979670979520735,0.31006724465958424,FALSE,FALSE
2019-04-30,East_Antarctica,1.273557827,-0.22860951071345892,0.22860951071345892,0.31006724465958424,FALSE,FALSE
2019-05-01,East_Antarctica,1.285854955,-0.2345292121598046,0.2345292121598046,0.31006724465958424,FALSE,FALSE
2019-05-02,East_Antarctica,1.317202881,-0.22145766270009748,0.22145766270009748,0.31006724465958424,FALSE,FALSE
2019-05-03,East_Antarctica,1.365273253,-0.1917200499001881,0.1917200499001881,0.31006724465958424,FALSE,FALSE
2019-05-04,East_Antarctica,1.402903694,-0.1724755863259324,0.1724755863259324,0.31006724465958424,FALSE,FALSE
2019-05-05,East_Antarctica,1.400954838,-0.19286047354318137,0.19286047354318137,0.31006724465958424,FALSE,FALSE
2019-05-06,East_Antarctica,1.412768952,-0.19952928011778792,0.19952928011778792,0.31006724465958424,FALSE,FALSE
2019-05-07,East_Antarctica,1.392903321,-0.23792155361909997,0.23792155361909997,0.31006724465958424,FALSE,FALSE
2019-05-08,East_Antarctica,1.397193346,-0.2521970550171735,0.2521970550171735,0.31006724465958424,FALSE,FALSE
2019-05-09,East_Antarctica,1.420456705,-0.24752882202801496,0.24752882202801496,0.31006724465958424,FALSE,FALSE
2019-05-10,East_Antarctica,1.435070718,-0.25152951879862306,0.25152951879862306,0.31006724465958424,FALSE,FALSE
2019-05-11,East_Antarctica,1.435028266,-0.2701962484759921,0.2701962484759921,0.31006724465958424,FALSE,FALSE
2019-05-12,East_Antarctica,1.45687389,-0.2669744542071202,0.2669744542071202,0.31006724465958424,FALSE,FALSE
2019-05-13,East_Antarctica,1.473756045,-0.2687056651390003,0.2687056651390003,0.31006724465958424,FALSE,FALSE
2019-05-14,East_Antarctica,1.496947401,-0.2641071954186309,0.2641071954186309,0.31006724465958424,FALSE,FALSE
2019-05-15,East_Antarctica,1.511257472,-0.2683595151930067,0.2683595151930067,0.31006724465958424,FALSE,FALSE
2019-05-16,East_Antarctica,1.54395692,-0.2541819466091262,0.2541819466091262,0.31006724465958424,FALSE,FALSE
2019-05-17,East_Antarctica,1.617967145,-0.19864307381398172,0.19864307381398172,0.31006724465958424,FALSE,FALSE
2019-05-18,East_Antarctica,1.63797754,-0.19704348795457505,0.19704348795457505,0.31006724465958424,FALSE,FALSE
2019-05-19,East_Antarctica,1.697139509,-0.1562217691778971,0.1562217691778971,0.31006724465958424,FALSE,FALSE
2019-05-20,East_Antarctica,1.720832812,-0.15078771204870622,0.15078771204870622,0.31006724465958424,FALSE,FALSE
2019-05-21,East_Antarctica,1.743253709,-0.14652677240956424,0.14652677240956424,0.31006724465958424,FALSE,FALSE
2019-05-22,East_Antarctica,1.741319518,-0.16649649953853274,0.16649649953853274,0.31006724465958424,FALSE,FALSE
2019-05-23,East_Antarctica,1.740905414,-0.18479635529565264,0.18479635529565264,0.31006724465958424,FALSE,FALSE
2019-05-24,East_Antarctica,1.772989071,-0.17042330254097715,0.17042330254097715,0.31006724465958424,FALSE,FALSE
2019-05-25,East_Antarctica,1.793670117,-0.1672523501345513,0.1672523501345513,0.31006724465958424,FALSE,FALSE
2019-05-26,East_Antarctica,1.793804046,-0.18440264093642145,0.18440264093642145,0.31006724465958424,FALSE,FALSE
2019-05-27,East_Antarctica,1.790398091,-0.20484157880663423,0.20484157880663423,0.31006724465958424,FALSE,FALSE
2019-05-28,East_Antarctica,1.780653847,-0.23134220560523788,0.23134220560523788,0.31006724465958424,FALSE,FALSE
2019-05-29,East_Antarctica,1.78200803,-0.2464424421922793,0.2464424421922793,0.31006724465958424,FALSE,FALSE
2019-05-30,East_Antarctica,1.813367669,-0.2312098964278031,0.2312098964278031,0.31006724465958424,FALSE,FALSE
2019-05-31,East_Antarctica,1.853324139,-0.20702783017186044,0.20702783017186044,0.31006724465958424,FALSE,FALSE
2019-06-01,East_Antarctica,1.875058473,-0.2006898472844945,0.2006898472844945,0.31006724465958424,FALSE,FALSE
2019-06-02,East_Antarctica,1.8933426,-0.1974110907126145,0.1974110907126145,0.31006724465958424,FALSE,FALSE
2019-06-03,East_Antarctica,1.88294976,-0.2224605578064549,0.2224605578064549,0.31006724465958424,FALSE,FALSE
2019-06-04,East_Antarctica,1.908557045,-0.21121868626341045,0.21121868626341045,0.31006724465958424,FALSE,FALSE
2019-06-05,East_Antarctica,1.93233859,-0.2015688713473431,0.2015688713473431,0.31006724465958424,FALSE,FALSE
2019-06-06,East_Antarctica,1.987217571,-0.1606454673221176,0.1606454673221176,0.31006724465958424,FALSE,FALSE
2019-06-07,East_Antarctica,2.028308667,-0.13339132545159416,0.13339132545159416,0.31006724465958424,FALSE,FALSE
2019-06-08,East_Antarctica,2.030337411,-0.14513844299963674,0.14513844299963674,0.31006724465958424,FALSE,FALSE
2019-06-09,East_Antarctica,2.041545555,-0.14770259823010923,0.14770259823010923,0.31006724465958424,FALSE,FALSE
2019-06-10,East_Antarctica,2.023321904,-0.17975251640686896,0.17975251640686896,0.31006724465958424,FALSE,FALSE
2019-06-11,East_Antarctica,2.057056879,-0.15995530679378422,0.15995530679378422,0.31006724465958424,FALSE,FALSE
2019-06-12,East_Antarctica,2.09875535,-0.13236362965471482,0.13236362965471482,0.31006724465958424,FALSE,FALSE
2019-06-13,East_Antarctica,2.100000783,-0.1454515492535231,0.1454515492535231,0.31006724465958424,FALSE,FALSE
2019-06-14,East_Antarctica,2.093491923,-0.16657671859023404,0.16657671859023404,0.31006724465958424,FALSE,FALSE
2019-06-15,East_Antarctica,2.1122670120000002,-0.1627073787790394,0.1627073787790394,0.31006724465958424,FALSE,FALSE
2019-06-16,East_Antarctica,2.101952412,-0.18815517491779055,0.18815517491779055,0.31006724465958424,FALSE,FALSE
2019-06-17,East_Antarctica,2.082515583,-0.222885692900205,0.222885692900205,0.31006724465958424,FALSE,FALSE
2019-06-18,East_Antarctica,2.098454642,-0.22233386161998547,0.22233386161998547,0.31006724465958424,FALSE,FALSE
2019-06-19,East_Antarctica,2.12943997,-0.20676234597085097,0.20676234597085097,0.31006724465958424,FALSE,FALSE
2019-06-20,East_Antarctica,2.159336497,-0.19223926184651008,0.19223926184651008,0.31006724465958424,FALSE,FALSE
2019-06-21,East_Antarctica,2.189694808,-0.17714707014067343,0.17714707014067343,0.31006724465958424,FALSE,FALSE
2019-06-22,East_Antarctica,2.188672062,-0.19326165774705517,0.19326165774705517,0.31006724465958424,FALSE,FALSE
2019-06-23,East_Antarctica,2.197409623,-0.1993747065593654,0.1993747065593654,0.31006724465958424,FALSE,FALSE
2019-06-24,East_Antarctica,2.228164985,-0.18316176847131516,0.18316176847131516,0.31006724465958424,FALSE,FALSE
2019-06-25,East_Antarctica,2.287527548,-0.13796648937661882,0.13796648937661882,0.31006724465958424,FALSE,FALSE
2019-06-26,East_Antarctica,2.322393944,-0.11682528316898289,0.11682528316898289,0.31006724465958424,FALSE,FALSE
2019-06-27,East_Antarctica,2.316253981,-0.13619090749935392,0.13619090749935392,0.31006724465958424,FALSE,FALSE
2019-06-28,East_Antarctica,2.324213043,-0.14097248011464147,0.14097248011464147,0.31006724465958424,FALSE,FALSE
2019-06-29,East_Antarctica,2.35647602,-0.12101248319169412,0.12101248319169412,0.31006724465958424,FALSE,FALSE
2019-06-30,East_Antarctica,2.332740813,-0.15666055691101555,0.15666055691101555,0.31006724465958424,FALSE,FALSE
2019-07-01,East_Antarctica,2.348250062,-0.15272160245311373,0.15272160245311373,0.31006724465958424,FALSE,FALSE
2019-07-02,East_Antarctica,2.395622834,-0.11662409399849905,0.11662409399849905,0.31006724465958424,FALSE,FALSE
2019-07-03,East_Antarctica,2.41078199,-0.1124927117276755,0.1124927117276755,0.31006724465958424,FALSE,FALSE
2019-07-04,East_Antarctica,2.40487638,-0.12922614682115174,0.12922614682115174,0.31006724465958424,FALSE,FALSE
2019-07-05,East_Antarctica,2.37469955,-0.17007839445943462,0.17007839445943462,0.31006724465958424,FALSE,FALSE
2019-07-06,East_Antarctica,2.390178825,-0.1651696708230319,0.1651696708230319,0.31006724465958424,FALSE,FALSE
2019-07-07,East_Antarctica,2.401005932,-0.16485579009245033,0.16485579009245033,0.31006724465958424,FALSE,FALSE
2019-07-08,East_Antarctica,2.436815502,-0.139549662448196,0.139549662448196,0.31006724465958424,FALSE,FALSE
2019-07-09,East_Antarctica,2.502997625,-0.08390868162662679,0.08390868162662679,0.31006724465958424,FALSE,FALSE
2019-07-10,East_Antarctica,2.55733566,-0.04018579974252612,0.04018579974252612,0.31006724465958424,FALSE,FALSE
2019-07-11,East_Antarctica,2.565179555,-0.04304292891385275,0.04304292891385275,0.31006724465958424,FALSE,FALSE
2019-07-12,East_Antarctica,2.579777483,-0.03924052050396609,0.03924052050396609,0.31006724465958424,FALSE,FALSE
2019-07-13,East_Antarctica,2.621523566,-0.00839307687622792,0.00839307687622792,0.31006724465958424,FALSE,FALSE
2019-07-14,East_Antarctica,2.665910592,0.02498356560600712,0.02498356560600712,0.31006724465958424,FALSE,FALSE
2019-07-15,East_Antarctica,2.699000803,0.0469430245793796,0.0469430245793796,0.31006724465958424,FALSE,FALSE
2019-07-16,East_Antarctica,2.724110133,0.06079260968053202,0.06079260968053202,0.31006724465958424,FALSE,FALSE
2019-07-17,East_Antarctica,2.761762366,0.0870474805461039,0.0870474805461039,0.31006724465958424,FALSE,FALSE
2019-07-18,East_Antarctica,2.779558924,0.09330043481273932,0.09330043481273932,0.31006724465958424,FALSE,FALSE
2019-07-19,East_Antarctica,2.755948427,0.05799146811707789,0.05799146811707789,0.31006724465958424,FALSE,FALSE
2019-07-20,East_Antarctica,2.743163302,0.0333443830957636,0.0333443830957636,0.31006724465958424,FALSE,FALSE
2019-07-21,East_Antarctica,2.731107813,0.00925481938543582,0.00925481938543582,0.31006724465958424,FALSE,FALSE
2019-07-22,East_Antarctica,2.715968097,-0.01809715378602572,0.01809715378602572,0.31006724465958424,FALSE,FALSE
2019-07-23,East_Antarctica,2.70889105,-0.03753542135749344,0.03753542135749344,0.31006724465958424,FALSE,FALSE
2019-07-24,East_Antarctica,2.703748275,-0.05513343929469672,0.05513343929469672,0.31006724465958424,FALSE,FALSE
2019-07-25,East_Antarctica,2.736375658,-0.0349997970889242,0.0349997970889242,0.31006724465958424,FALSE,FALSE
2019-07-26,East_Antarctica,2.786683171,0.00283100176853512,0.00283100176853512,0.31006724465958424,FALSE,FALSE
2019-07-27,East_Antarctica,2.796108225,-1.481072136120254e-4,1.481072136120254e-4,0.31006724465958424,FALSE,FALSE
2019-07-28,East_Antarctica,2.798001636,-0.01053078352665348,0.01053078352665348,0.31006724465958424,FALSE,FALSE
2019-07-29,East_Antarctica,2.800831772,-0.01979313466187715,0.01979313466187715,0.31006724465958424,FALSE,FALSE
2019-07-30,East_Antarctica,2.768699387,-0.06377888211057625,0.06377888211057625,0.31006724465958424,FALSE,FALSE
2019-07-31,East_Antarctica,2.822962764,-0.02107421836403844,0.02107421836403844,0.31006724465958424,FALSE,FALSE
2019-08-01,East_Antarctica,2.819408406,-0.03583711591355332,0.03583711591355332,0.31006724465958424,FALSE,FALSE
2019-08-02,East_Antarctica,2.815301376,-0.05074698725041449,0.05074698725041449,0.31006724465958424,FALSE,FALSE
2019-08-03,East_Antarctica,2.829015735,-0.04737424759906838,0.04737424759906838,0.31006724465958424,FALSE,FALSE
2019-08-04,East_Antarctica,2.801433819,-0.08480082961779134,0.08480082961779134,0.31006724465958424,FALSE,FALSE
2019-08-05,East_Antarctica,2.801016904,-0.09460112491906214,0.09460112491906214,0.31006724465958424,FALSE,FALSE
2019-08-06,East_Antarctica,2.801848,-0.1027438854814613,0.1027438854814613,0.31006724465958424,FALSE,FALSE
2019-08-07,East_Antarctica,2.80907968,-0.10412830028357067,0.10412830028357067,0.31006724465958424,FALSE,FALSE
2019-08-08,East_Antarctica,2.81437314,-0.10714493530396928,0.10714493530396928,0.31006724465958424,FALSE,FALSE
2019-08-09,East_Antarctica,2.791722688,-0.13785124452123745,0.13785124452123745,0.31006724465958424,FALSE,FALSE
2019-08-10,East_Antarctica,2.833695417,-0.10373189691395757,0.10373189691395757,0.31006724465958424,FALSE,FALSE
2019-08-11,East_Antarctica,2.848644975,-0.0964850064607088,0.0964850064607088,0.31006724465958424,FALSE,FALSE
2019-08-12,East_Antarctica,2.851837547,-0.10089615014007204,0.10089615014007204,0.31006724465958424,FALSE,FALSE
2019-08-13,East_Antarctica,2.848522833,-0.11176738993062862,0.11176738993062862,0.31006724465958424,FALSE,FALSE
2019-08-14,East_Antarctica,2.864951237,-0.1029000838109564,0.1029000838109564,0.31006724465958424,FALSE,FALSE
2019-08-15,East_Antarctica,2.907805797,-0.06766295575963799,0.06766295575963799,0.31006724465958424,FALSE,FALSE
2019-08-16,East_Antarctica,2.90023137,-0.08296137845952778,0.08296137845952778,0.31006724465958424,FALSE,FALSE
2019-08-17,East_Antarctica,2.844043333,-0.14698466116568687,0.14698466116568687,0.31006724465958424,FALSE,FALSE
2019-08-18,East_Antarctica,2.853256996,-0.14567005208819106,0.14567005208819106,0.31006724465958424,FALSE,FALSE
2019-08-19,East_Antarctica,2.885801824,-0.12103778768551487,0.12103778768551487,0.31006724465958424,FALSE,FALSE
2019-08-20,East_Antarctica,2.903418199,-0.11129718741612438,0.11129718741612438,0.31006724465958424,FALSE,FALSE
2019-08-21,East_Antarctica,2.96121663,-0.0612874437384896,0.0612874437384896,0.31006724465958424,FALSE,FALSE
2019-08-22,East_Antarctica,2.991169297,-0.03898607811108068,0.03898607811108068,0.31006724465958424,FALSE,FALSE
2019-08-23,East_Antarctica,3.007886295,-0.02973269699236791,0.02973269699236791,0.31006724465958424,FALSE,FALSE
2019-08-24,East_Antarctica,3.045609863,7.65237159181531e-4,7.65237159181531e-4,0.31006724465958424,FALSE,FALSE
2019-08-25,East_Antarctica,3.103208182,0.051426203885097,0.051426203885097,0.31006724465958424,FALSE,FALSE
2019-08-26,East_Antarctica,3.1505404,0.09215964972690928,0.09215964972690928,0.31006724465958424,FALSE,FALSE
2019-08-27,East_Antarctica,3.199720094,0.13512945022614842,0.13512945022614842,0.31006724465958424,FALSE,FALSE
2019-08-28,East_Antarctica,3.2505374,0.18017603992434772,0.18017603992434772,0.31006724465958424,FALSE,FALSE
2019-08-29,East_Antarctica,3.298055624,0.22240403173806467,0.22240403173806467,0.31006724465958424,FALSE,FALSE
2019-08-30,East_Antarctica,3.322591866,0.24211718422076212,0.24211718422076212,0.31006724465958424,FALSE,FALSE
2019-08-31,East_Antarctica,3.355538838,0.27067433479498737,0.27067433479498737,0.31006724465958424,FALSE,FALSE
2019-09-01,East_Antarctica,3.390192549,0.3013375810535899,0.3013375810535899,0.31006724465958424,FALSE,FALSE
2019-09-02,East_Antarctica,3.400733627,0.30825363958942287,0.30825363958942287,0.31006724465958424,FALSE,FALSE
2019-09-03,East_Antarctica,3.370917985,0.27514451199533463,0.27514451199533463,0.31006724465958424,FALSE,FALSE
2019-09-04,East_Antarctica,3.334403443,0.2356341068641812,0.2356341068641812,0.31006724465958424,FALSE,FALSE
2019-09-05,East_Antarctica,3.275018555,0.17351706678881262,0.17351706678881262,0.31006724465958424,FALSE,FALSE
2019-09-06,East_Antarctica,3.254364257,0.15036041636207953,0.15036041636207953,0.31006724465958424,FALSE,FALSE
2019-09-07,East_Antarctica,3.233930054,0.1276197491768345,0.1276197491768345,0.31006724465958424,FALSE,FALSE
2019-09-08,East_Antarctica,3.23202344,0.12356864782592548,0.12356864782592548,0.31006724465958424,FALSE,FALSE
2019-09-09,East_Antarctica,3.265906833,0.15543561890221147,0.15543561890221147,0.31006724465958424,FALSE,FALSE
2019-09-10,East_Antarctica,3.263779688,0.1513862578064753,0.1513862578064753,0.31006724465958424,FALSE,FALSE
2019-09-11,East_Antarctica,3.245917281,0.13166689915217988,0.13166689915217988,0.31006724465958424,FALSE,FALSE
2019-09-12,East_Antarctica,3.266827111,0.15076500059008957,0.15076500059008957,0.31006724465958424,FALSE,FALSE
2019-09-13,East_Antarctica,3.280974637,0.1631269168673093,0.1631269168673093,0.31006724465958424,FALSE,FALSE
2019-09-14,East_Antarctica,3.272011918,0.1523856027309458,0.1523856027309458,0.31006724465958424,FALSE,FALSE
2019-09-15,East_Antarctica,3.318846639,0.19742963892809984,0.19742963892809984,0.31006724465958424,FALSE,FALSE
2019-09-16,East_Antarctica,3.381982629,0.25874375020587825,0.25874375020587825,0.31006724465958424,FALSE,FALSE
2019-09-17,East_Antarctica,3.383574909,0.258463853311385,0.258463853311385,0.31006724465958424,FALSE,FALSE
2019-09-18,East_Antarctica,3.370888118,0.2438354829917242,0.2438354829917242,0.31006724465958424,FALSE,FALSE
2019-09-19,East_Antarctica,3.362800308,0.23371758699400136,0.23371758699400136,0.31006724465958424,FALSE,FALSE
2019-09-20,East_Antarctica,3.326013062,0.1947926440653207,0.1947926440653207,0.31006724465958424,FALSE,FALSE
2019-09-21,East_Antarctica,3.304041083,0.17055625295278531,0.17055625295278531,0.31006724465958424,FALSE,FALSE
2019-09-22,East_Antarctica,3.293268103,0.1573730414035004,0.1573730414035004,0.31006724465958424,FALSE,FALSE
2019-09-23,East_Antarctica,3.295848306,0.1573841761201633,0.1573841761201633,0.31006724465958424,FALSE,FALSE
2019-09-24,East_Antarctica,3.318608811,0.1774689265128946,0.1774689265128946,0.31006724465958424,FALSE,FALSE
2019-09-25,East_Antarctica,3.317044903,0.17321425972490312,0.17321425972490312,0.31006724465958424,FALSE,FALSE
2019-09-26,East_Antarctica,3.324973809,0.17852963957322654,0.17852963957322654,0.31006724465958424,FALSE,FALSE
2019-09-27,East_Antarctica,3.323173932,0.1742857058748997,0.1742857058748997,0.31006724465958424,FALSE,FALSE
2019-09-28,East_Antarctica,3.312651925,0.16158134844696148,0.16158134844696148,0.31006724465958424,FALSE,FALSE
2019-09-29,East_Antarctica,3.317807559,0.16490857510644696,0.16490857510644696,0.31006724465958424,FALSE,FALSE
2019-09-30,East_Antarctica,3.345995644,0.1917144326703939,0.1917144326703939,0.31006724465958424,FALSE,FALSE
2019-10-01,East_Antarctica,3.35618798,0.2010629579558381,0.2010629579558381,0.31006724465958424,FALSE,FALSE
2019-10-02,East_Antarctica,3.322125511,0.1667873317798172,0.1667873317798172,0.31006724465958424,FALSE,FALSE
2019-10-03,East_Antarctica,3.320771699,0.1659432529593694,0.1659432529593694,0.31006724465958424,FALSE,FALSE
2019-10-04,East_Antarctica,3.347747641,0.1942440553115272,0.1942440553115272,0.31006724465958424,FALSE,FALSE
2019-10-05,East_Antarctica,3.336493352,0.18522196289254156,0.18522196289254156,0.31006724465958424,FALSE,FALSE
2019-10-06,East_Antarctica,3.348835023,0.2007617954857066,0.2007617954857066,0.31006724465958424,FALSE,FALSE
2019-10-07,East_Antarctica,3.326930397,0.18298114684606936,0.18298114684606936,0.31006724465958424,FALSE,FALSE
2019-10-08,East_Antarctica,3.323142477,0.184184799483194,0.184184799483194,0.31006724465958424,FALSE,FALSE
2019-10-09,East_Antarctica,3.290545162,0.1573884319066421,0.1573884319066421,0.31006724465958424,FALSE,FALSE
2019-10-10,East_Antarctica,3.260873688,0.13426905962598257,0.13426905962598257,0.31006724465958424,FALSE,FALSE
2019-10-11,East_Antarctica,3.216899218,0.09753962515077852,0.09753962515077852,0.31006724465958424,FALSE,FALSE
2019-10-12,East_Antarctica,3.21719662,0.10571677599059016,0.10571677599059016,0.31006724465958424,FALSE,FALSE
2019-10-13,East_Antarctica,3.185919587,0.08289598465498482,0.08289598465498482,0.31006724465958424,FALSE,FALSE
2019-10-14,East_Antarctica,3.172644431,0.07859534265352819,0.07859534265352819,0.31006724465958424,FALSE,FALSE
2019-10-15,East_Antarctica,3.188655705,0.10404118249578208,0.10404118249578208,0.31006724465958424,FALSE,FALSE
2019-10-16,East_Antarctica,3.215167996,0.14038987069131537,0.14038987069131537,0.31006724465958424,FALSE,FALSE
2019-10-17,East_Antarctica,3.166905777,0.10230765974968524,0.10230765974968524,0.31006724465958424,FALSE,FALSE
2019-10-18,East_Antarctica,3.122306624,0.06817720502491875,0.06817720502491875,0.31006724465958424,FALSE,FALSE
2019-10-19,East_Antarctica,3.061065804,0.0177089405895483,0.0177089405895483,0.31006724465958424,FALSE,FALSE
2019-10-20,East_Antarctica,3.034256914,0.00205863544660145,0.00205863544660145,0.31006724465958424,FALSE,FALSE
2019-10-21,East_Antarctica,3.001424972,-0.01914383750513115,0.01914383750513115,0.31006724465958424,FALSE,FALSE
2019-10-22,East_Antarctica,2.991294362,-0.01708923936686579,0.01708923936686579,0.31006724465958424,FALSE,FALSE
2019-10-23,East_Antarctica,2.990877827,-0.00467997223980853,0.00467997223980853,0.31006724465958424,FALSE,FALSE
2019-10-24,East_Antarctica,2.947800562,-0.0342059862251749,0.0342059862251749,0.31006724465958424,FALSE,FALSE
2019-10-25,East_Antarctica,2.923831169,-0.04381382442417614,0.04381382442417614,0.31006724465958424,FALSE,FALSE
2019-10-26,East_Antarctica,2.897599602,-0.05478867793802244,0.05478867793802244,0.31006724465958424,FALSE,FALSE
2019-10-27,East_Antarctica,2.901076823,-0.03507472986792814,0.03507472986792814,0.31006724465958424,FALSE,FALSE
2019-10-28,East_Antarctica,2.917332456,-0.0015175013151043,0.0015175013151043,0.31006724465958424,FALSE,FALSE
2019-10-29,East_Antarctica,2.929518274,0.02911963561923736,0.02911963561923736,0.31006724465958424,FALSE,FALSE
2019-10-30,East_Antarctica,2.923789612,0.04307687083388512,0.04307687083388512,0.31006724465958424,FALSE,FALSE
2019-10-31,East_Antarctica,2.871008715,0.0112888935802502,0.0112888935802502,0.31006724465958424,FALSE,FALSE
2019-11-01,East_Antarctica,2.757374484,-0.0800340387915095,0.0800340387915095,0.31006724465958424,FALSE,FALSE
2019-11-02,East_Antarctica,2.689202128,-0.1245841247606938,0.1245841247606938,0.31006724465958424,FALSE,FALSE
2019-11-03,East_Antarctica,2.594799613,-0.1940608108508166,0.1940608108508166,0.31006724465958424,FALSE,FALSE
2019-11-04,East_Antarctica,2.482876277,-0.2797621715853893,0.2797621715853893,0.31006724465958424,FALSE,FALSE
2019-11-05,East_Antarctica,2.35894028,-0.37618745948792087,0.37618745948792087,0.31006724465958424,TRUE,TRUE
2019-11-06,East_Antarctica,2.300664091,-0.40567161808192864,0.40567161808192864,0.31006724465958424,TRUE,TRUE
2019-11-07,East_Antarctica,2.271354441,-0.4049153288909184,0.4049153288909184,0.31006724465958424,TRUE,TRUE
2019-11-08,East_Antarctica,2.215419462,-0.42951787243840656,0.42951787243840656,0.31006724465958424,TRUE,TRUE
2019-11-09,East_Antarctica,2.132876707,-0.479469108247903,0.479469108247903,0.31006724465958424,TRUE,TRUE
2019-11-10,East_Antarctica,2.080571157,-0.4979314678429181,0.4979314678429181,0.31006724465958424,TRUE,TRUE
2019-11-11,East_Antarctica,2.033387747,-0.5100274287469664,0.5100274287469664,0.31006724465958424,TRUE,TRUE
2019-11-12,East_Antarctica,1.966191904,-0.5408998840482635,0.5408998840482635,0.31006724465958424,TRUE,TRUE
2019-11-13,East_Antarctica,1.935805933,-0.5337850544070675,0.5337850544070675,0.31006724465958424,TRUE,TRUE
2019-11-14,East_Antarctica,1.897202755,-0.5338440139344289,0.5338440139344289,0.31006724465958424,TRUE,TRUE
2019-11-15,East_Antarctica,1.855590518,-0.5360088347277205,0.5360088347277205,0.31006724465958424,TRUE,TRUE
2019-11-16,East_Antarctica,1.825414649,-0.525974309884319,0.525974309884319,0.31006724465958424,TRUE,TRUE
2019-11-17,East_Antarctica,1.781964395,-0.528591412501598,0.528591412501598,0.31006724465958424,TRUE,TRUE
2019-11-18,East_Antarctica,1.727705897,-0.5415342216769357,0.5415342216769357,0.31006724465958424,TRUE,TRUE
2019-11-19,East_Antarctica,1.709432396,-0.5181497165077067,0.5181497165077067,0.31006724465958424,TRUE,TRUE
2019-11-20,East_Antarctica,1.673047392,-0.5126746170912844,0.5126746170912844,0.31006724465958424,TRUE,TRUE
2019-11-21,East_Antarctica,1.631140939,-0.5126590895250447,0.5126590895250447,0.31006724465958424,TRUE,TRUE
2019-11-22,East_Antarctica,1.590440242,-0.5115161489063638,0.5115161489063638,0.31006724465958424,TRUE,TRUE
2019-11-23,East_Antarctica,1.554658431,-0.505672885332618,0.505672885332618,0.31006724465958424,TRUE,TRUE
2019-11-24,East_Antarctica,1.520706817,-0.49835820790118057,0.49835820790118057,0.31006724465958424,TRUE,TRUE
2019-11-25,East_Antarctica,1.492232312,-0.4860569370656622,0.4860569370656622,0.31006724465958424,TRUE,TRUE
2019-11-26,East_Antarctica,1.450593803,-0.4874701312107692,0.4874701312107692,0.31006724465958424,TRUE,TRUE
2019-11-27,East_Antarctica,1.440393552,-0.4580193773218604,0.4580193773218604,0.31006724465958424,TRUE,TRUE
2019-11-28,East_Antarctica,1.417809213,-0.4415505969750329,0.4415505969750329,0.31006724465958424,TRUE,TRUE
2019-11-29,East_Antarctica,1.384269395,-0.4366587567463889,0.4366587567463889,0.31006724465958424,TRUE,TRUE
2019-11-30,East_Antarctica,1.351842149,-0.4312993812120241,0.4312993812120241,0.31006724465958424,TRUE,TRUE
2019-12-01,East_Antarctica,1.324640288,-0.4213832329480398,0.4213832329480398,0.31006724465958424,TRUE,TRUE
2019-12-02,East_Antarctica,1.328912703,-0.3806849965305332,0.3806849965305332,0.31006724465958424,TRUE,TRUE
2019-12-03,East_Antarctica,1.311414901,-0.3624727405356052,0.3624727405356052,0.31006724465958424,TRUE,TRUE
2019-12-04,East_Antarctica,1.279978461,-0.35893846153935405,0.35893846153935405,0.31006724465958424,TRUE,TRUE
2019-12-05,East_Antarctica,1.290953016,-0.31375610211787786,0.31375610211787786,0.31006724465958424,TRUE,TRUE
2019-12-06,East_Antarctica,1.288643361,-0.2826444428472772,0.2826444428472772,0.31006724465958424,FALSE,FALSE
2019-12-07,East_Antarctica,1.27381432,-0.2648622113177963,0.2648622113177963,0.31006724465958424,FALSE,FALSE
2019-12-08,East_Antarctica,1.230623151,-0.2762682551430371,0.2762682551430371,0.31006724465958424,FALSE,FALSE
2019-12-09,East_Antarctica,1.211340989,-0.2645895879749489,0.2645895879749489,0.31006724465958424,FALSE,FALSE
2019-12-10,East_Antarctica,1.207726195,-0.23806334482190403,0.23806334482190403,0.31006724465958424,FALSE,FALSE
2019-12-11,East_Antarctica,1.196483082,-0.21998070869228292,0.21998070869228292,0.31006724465958424,FALSE,FALSE
2019-12-12,East_Antarctica,1.185785954,-0.2021628715944623,0.2021628715944623,0.31006724465958424,FALSE,FALSE
2019-12-13,East_Antarctica,1.169567841,-0.1906722995368164,0.1906722995368164,0.31006724465958424,FALSE,FALSE
2019-12-14,East_Antarctica,1.173167432,-0.1601657995277228,0.1601657995277228,0.31006724465958424,FALSE,FALSE
2019-12-15,East_Antarctica,1.18271885,-0.1245047445755576,0.1245047445755576,0.31006724465958424,FALSE,FALSE
2019-12-16,East_Antarctica,1.191763963,-0.0901427626886977,0.0901427626886977,0.31006724465958424,FALSE,FALSE
2019-12-17,East_Antarctica,1.183976765,-0.07340135587551933,0.07340135587551933,0.31006724465958424,FALSE,FALSE
2019-12-18,East_Antarctica,1.174281113,-0.0593521631444005,0.0593521631444005,0.31006724465958424,FALSE,FALSE
2019-12-19,East_Antarctica,1.152418871,-0.05824881650371494,0.05824881650371494,0.31006724465958424,FALSE,FALSE
2019-12-20,East_Antarctica,1.145463678,-0.04301236647833417,0.04301236647833417,0.31006724465958424,FALSE,FALSE
2019-12-21,East_Antarctica,1.116664468,-0.05037581653435863,0.05037581653435863,0.31006724465958424,FALSE,FALSE
2019-12-22,East_Antarctica,1.091954111,-0.05437805517681182,0.05437805517681182,0.31006724465958424,FALSE,FALSE
2019-12-23,East_Antarctica,1.081123993,-0.04519917125439776,0.04519917125439776,0.31006724465958424,FALSE,FALSE
2019-12-24,East_Antarctica,1.082329555,-0.02465519861581921,0.02465519861581921,0.31006724465958424,FALSE,FALSE
2019-12-25,East_Antarctica,1.076817026,-0.01147138310978057,0.01147138310978057,0.31006724465958424,FALSE,FALSE
2019-12-26,East_Antarctica,1.077408322,0.00720271641501413,0.00720271641501413,0.31006724465958424,FALSE,FALSE
2019-12-27,East_Antarctica,1.087678723,0.03497090510986056,0.03497090510986056,0.31006724465958424,FALSE,FALSE
2019-12-28,East_Antarctica,1.084666729,0.04890020812605544,0.04890020812605544,0.31006724465958424,FALSE,FALSE
2019-12-29,East_Antarctica,1.067777061,0.04842387161489636,0.04842387161489636,0.31006724465958424,FALSE,FALSE
2019-12-30,East_Antarctica,1.06597301,0.06253371172767852,0.06253371172767852,0.31006724465958424,FALSE,FALSE
2019-12-31,East_Antarctica,1.063425069,0.07542874661569543,0.07542874661569543,0.31006724465958424,FALSE,FALSE
2020-01-01,East_Antarctica,1.057835996,0.08484025943024587,0.08484025943024587,0.31006724465958424,FALSE,FALSE
2020-01-02,East_Antarctica,1.048734259,0.09032414034385206,0.09032414034385206,0.31006724465958424,FALSE,FALSE
2020-01-03,East_Antarctica,1.042266412,0.09804995361392876,0.09804995361392876,0.31006724465958424,FALSE,FALSE
2020-01-04,East_Antarctica,1.042874238,0.11248138951912123,0.11248138951912123,0.31006724465958424,FALSE,FALSE
2020-01-05,East_Antarctica,1.030307098,0.11338971633807626,0.11338971633807626,0.31006724465958424,FALSE,FALSE
2020-01-06,East_Antarctica,1.014061856,0.11029370534943128,0.11029370534943128,0.31006724465958424,FALSE,FALSE
2020-01-07,East_Antarctica,0.989306355,0.09838310683183316,0.09838310683183316,0.31006724465958424,FALSE,FALSE
2020-01-08,East_Antarctica,0.968311442,0.08995067506392529,0.08995067506392529,0.31006724465958424,FALSE,FALSE
2020-01-09,East_Antarctica,0.936876722,0.07081792232434891,0.07081792232434891,0.31006724465958424,FALSE,FALSE
2020-01-10,East_Antarctica,0.925456499,0.07146105989175033,0.07146105989175033,0.31006724465958424,FALSE,FALSE
2020-01-11,East_Antarctica,0.907978574,0.06582979604477035,0.06582979604477035,0.31006724465958424,FALSE,FALSE
2020-01-12,East_Antarctica,0.888564733,0.05806782406205357,0.05806782406205357,0.31006724465958424,FALSE,FALSE
2020-01-13,East_Antarctica,0.886716208,0.06769828322224292,0.06769828322224292,0.31006724465958424,FALSE,FALSE
2020-01-14,East_Antarctica,0.886694929,0.07900467597255534,0.07900467597255534,0.31006724465958424,FALSE,FALSE
2020-01-15,East_Antarctica,0.879477913,0.08297357638867409,0.08297357638867409,0.31006724465958424,FALSE,FALSE
2020-01-16,East_Antarctica,0.880671861,0.09520618985841732,0.09520618985841732,0.31006724465958424,FALSE,FALSE
2020-01-17,East_Antarctica,0.872190884,0.09761017978649744,0.09761017978649744,0.31006724465958424,FALSE,FALSE
2020-01-18,East_Antarctica,0.854090379,0.0902344955776282,0.0902344955776282,0.31006724465958424,FALSE,FALSE
2020-01-19,East_Antarctica,0.840889559,0.08759190263652206,0.08759190263652206,0.31006724465958424,FALSE,FALSE
2020-01-20,East_Antarctica,0.835500054,0.09258758336789152,0.09258758336789152,0.31006724465958424,FALSE,FALSE
2020-01-21,East_Antarctica,0.828253672,0.09554689817644955,0.09554689817644955,0.31006724465958424,FALSE,FALSE
2020-01-22,East_Antarctica,0.801004376,0.07831736246690968,0.07831736246690968,0.31006724465958424,FALSE,FALSE
2020-01-23,East_Antarctica,0.793154555,0.08029491764398378,0.08029491764398378,0.31006724465958424,FALSE,FALSE
2020-01-24,East_Antarctica,0.788906489,0.08567539611238517,0.08567539611238517,0.31006724465958424,FALSE,FALSE
2020-01-25,East_Antarctica,0.802866128,0.1090583002768266,0.1090583002768266,0.31006724465958424,FALSE,FALSE
2020-01-26,East_Antarctica,0.801627298,0.11703100854202152,0.11703100854202152,0.31006724465958424,FALSE,FALSE
2020-01-27,East_Antarctica,0.771302813,0.09570070619855275,0.09570070619855275,0.31006724465958424,FALSE,FALSE
2020-01-28,East_Antarctica,0.756510837,0.089685471951268525,0.089685471951268525,0.31006724465958424,FALSE,FALSE
2020-01-29,East_Antarctica,0.758765695,0.1005018441195531,0.1005018441195531,0.31006724465958424,FALSE,FALSE
2020-01-30,East_Antarctica,0.756286487,0.10637114342735564,0.10637114342735564,0.31006724465958424,FALSE,FALSE
2020-01-31,East_Antarctica,0.729771152,0.0879935295986275,0.0879935295986275,0.31006724465958424,FALSE,FALSE
2020-02-01,East_Antarctica,0.721862907,0.0880144403573202,0.0880144403573202,0.31006724465958424,FALSE,FALSE
2020-02-02,East_Antarctica,0.68915228,0.06302662442738338,0.06302662442738338,0.31006724465958424,FALSE,FALSE
2020-02-03,East_Antarctica,0.672186254,0.05357928553276947,0.05357928553276947,0.31006724465958424,FALSE,FALSE
2020-02-04,East_Antarctica,0.667351659,0.05606147439742826,0.05606147439742826,0.31006724465958424,FALSE,FALSE
2020-02-05,East_Antarctica,0.663574428,0.05940134474531033,0.05940134474531033,0.31006724465958424,FALSE,FALSE
2020-02-06,East_Antarctica,0.667826554,0.07057311030036684,0.07057311030036684,0.31006724465958424,FALSE,FALSE
2020-02-07,East_Antarctica,0.656221337,0.0656922917865489,0.0656922917865489,0.31006724465958424,FALSE,FALSE
2020-02-08,East_Antarctica,0.659083226,0.07508541968083982,0.07508541968083982,0.31006724465958424,FALSE,FALSE
2020-02-09,East_Antarctica,0.675355136,0.09767910661276225,0.09767910661276225,0.31006724465958424,FALSE,FALSE
2020-02-10,East_Antarctica,0.672878554,0.10126197615454768,0.10126197615454768,0.31006724465958424,FALSE,FALSE
2020-02-11,East_Antarctica,0.660144205,0.09426756713291572,0.09426756713291572,0.31006724465958424,FALSE,FALSE
2020-02-12,East_Antarctica,0.662450219,0.1019368233745861,0.1019368233745861,0.31006724465958424,FALSE,FALSE
2020-02-13,East_Antarctica,0.65812569,0.10254165270627746,0.10254165270627746,0.31006724465958424,FALSE,FALSE
2020-02-14,East_Antarctica,0.643607548,0.09246179895471064,0.09246179895471064,0.31006724465958424,FALSE,FALSE
2020-02-15,East_Antarctica,0.613960945,0.06670522794660438,0.06670522794660438,0.31006724465958424,FALSE,FALSE
2020-02-16,East_Antarctica,0.605522112,0.06155098450867713,0.06155098450867713,0.31006724465958424,FALSE,FALSE
2020-02-17,East_Antarctica,0.601368636,0.06001946946765002,0.06001946946765002,0.31006724465958424,FALSE,FALSE
2020-02-18,East_Antarctica,0.612341529,0.0728945086502415,0.0728945086502415,0.31006724465958424,FALSE,FALSE
2020-02-19,East_Antarctica,0.615949702,0.07762782688317216,0.07762782688317216,0.31006724465958424,FALSE,FALSE
2020-02-20,East_Antarctica,0.607446626,0.06941570899316052,0.06941570899316052,0.31006724465958424,FALSE,FALSE
2020-02-21,East_Antarctica,0.589865807,0.05123755049541534,0.05123755049541534,0.31006724465958424,FALSE,FALSE
2020-02-22,East_Antarctica,0.585638483,0.04550776742417328,0.04550776742417328,0.31006724465958424,FALSE,FALSE
2020-02-23,East_Antarctica,0.591771663,0.04924135276374297,0.04924135276374297,0.31006724465958424,FALSE,FALSE
2020-02-24,East_Antarctica,0.602696195,0.05687758691489031,0.05687758691489031,0.31006724465958424,FALSE,FALSE
2020-02-25,East_Antarctica,0.589924478,0.03993730127838124,0.03993730127838124,0.31006724465958424,FALSE,FALSE
2020-02-26,East_Antarctica,0.598302995,0.04327541125498346,0.04327541125498346,0.31006724465958424,FALSE,FALSE
2020-02-27,East_Antarctica,0.584849588,0.02391819124546168,0.02391819124546168,0.31006724465958424,FALSE,FALSE
2020-02-28,East_Antarctica,0.57741983,0.00972964665058329,0.00972964665058329,0.31006724465958424,FALSE,FALSE
2020-03-01,East_Antarctica,0.601115019,0.01737607130782215,0.01737607130782215,0.31006724465958424,FALSE,FALSE
2020-03-02,East_Antarctica,0.618809528,0.02579746736147248,0.02579746736147248,0.31006724465958424,FALSE,FALSE
2020-03-03,East_Antarctica,0.670468766,0.06736234843283095,0.06736234843283095,0.31006724465958424,FALSE,FALSE
2020-03-04,East_Antarctica,0.704376818,0.09036323606543262,0.09036323606543262,0.31006724465958424,FALSE,FALSE
2020-03-05,East_Antarctica,0.745711018,0.12000131138330394,0.12000131138330394,0.31006724465958424,FALSE,FALSE
2020-03-06,East_Antarctica,0.762513558,0.12439278450681655,0.12439278450681655,0.31006724465958424,FALSE,FALSE
2020-03-07,East_Antarctica,0.80704802,0.15588544832007234,0.15588544832007234,0.31006724465958424,FALSE,FALSE
2020-03-08,East_Antarctica,0.841090031,0.17633914070717127,0.17633914070717127,0.31006724465958424,FALSE,FALSE
2020-03-09,East_Antarctica,0.857538732,0.17873721355221472,0.17873721355221472,0.31006724465958424,FALSE,FALSE
2020-03-10,East_Antarctica,0.87622473,0.18299448473930469,0.18299448473930469,0.31006724465958424,FALSE,FALSE
2020-03-11,East_Antarctica,0.888401212,0.1804483521525425,0.1804483521525425,0.31006724465958424,FALSE,FALSE
2020-03-12,East_Antarctica,0.893258875,0.1703737236760271,0.1703737236760271,0.31006724465958424,FALSE,FALSE
2020-03-13,East_Antarctica,0.904180377,0.16623746819386143,0.16623746819386143,0.31006724465958424,FALSE,FALSE
2020-03-14,East_Antarctica,0.916967299,0.1639253775901457,0.1639253775901457,0.31006724465958424,FALSE,FALSE
2020-03-15,East_Antarctica,0.942923874,0.17482589574898078,0.17482589574898078,0.31006724465958424,FALSE,FALSE
2020-03-16,East_Antarctica,0.9543937,0.17136683155446986,0.17136683155446986,0.31006724465958424,FALSE,FALSE
2020-03-17,East_Antarctica,0.968284826,0.1705379943910723,0.1705379943910723,0.31006724465958424,FALSE,FALSE
2020-03-18,East_Antarctica,0.996056077,0.1838187687719605,0.1838187687719605,0.31006724465958424,FALSE,FALSE
2020-03-19,East_Antarctica,1.011105241,0.18456348558633584,0.18456348558633584,0.31006724465958424,FALSE,FALSE
2020-03-20,East_Antarctica,1.024953889,0.18424724471600815,0.18424724471600815,0.31006724465958424,FALSE,FALSE
2020-03-21,East_Antarctica,1.029219668,0.17444122204278523,0.17444122204278523,0.31006724465958424,FALSE,FALSE
2020-03-22,East_Antarctica,1.041210193,0.17240656144847533,0.17240656144847533,0.31006724465958424,FALSE,FALSE
2020-03-23,East_Antarctica,1.053287856,0.17045918381488812,0.17045918381488812,0.31006724465958424,FALSE,FALSE
2020-03-24,East_Antarctica,1.070189263,0.17328922402383218,0.17328922402383218,0.31006724465958424,FALSE,FALSE
2020-03-25,East_Antarctica,1.105161446,0.19409724295711409,0.19409724295711409,0.31006724465958424,FALSE,FALSE
2020-03-26,East_Antarctica,1.15145075,0.2260831144965456,0.2260831144965456,0.31006724465958424,FALSE,FALSE
2020-03-27,East_Antarctica,1.170064012,0.23020720452393215,0.23020720452393215,0.31006724465958424,FALSE,FALSE
2020-03-28,East_Antarctica,1.173536034,0.21895784392108397,0.21895784392108397,0.31006724465958424,FALSE,FALSE
2020-03-29,East_Antarctica,1.182453063,0.21287480856981056,0.21287480856981056,0.31006724465958424,FALSE,FALSE
2020-03-30,East_Antarctica,1.176944923,0.19205018073545976,0.19205018073545976,0.31006724465958424,FALSE,FALSE
2020-03-31,East_Antarctica,1.1713591270000001,0.17084144678387703,0.17084144678387703,0.31006724465958424,FALSE,FALSE
2020-04-01,East_Antarctica,1.170727136,0.15430626215887933,0.15430626215887933,0.31006724465958424,FALSE,FALSE
2020-04-02,East_Antarctica,1.190658636,0.15808052071423795,0.15808052071423795,0.31006724465958424,FALSE,FALSE
2020-04-03,East_Antarctica,1.205724849,0.15676165230372407,0.15676165230372407,0.31006724465958424,FALSE,FALSE
2020-04-04,East_Antarctica,1.1823146,0.1167646897811101,0.1167646897811101,0.31006724465958424,FALSE,FALSE
2020-04-05,East_Antarctica,1.18653564,0.10422359200016729,0.10422359200016729,0.31006724465958424,FALSE,FALSE
2020-04-06,East_Antarctica,1.214671438,0.11544803581466634,0.11544803581466634,0.31006724465958424,FALSE,FALSE
2020-04-07,East_Antarctica,1.247114966,0.13085720107838059,0.13085720107838059,0.31006724465958424,FALSE,FALSE
2020-04-08,East_Antarctica,1.272379153,0.13899022464508093,0.13899022464508093,0.31006724465958424,FALSE,FALSE
2020-04-09,East_Antarctica,1.311991477,0.16140079236853788,0.16140079236853788,0.31006724465958424,FALSE,FALSE
2020-04-10,East_Antarctica,1.331797426,0.16396060010252556,0.16396060010252556,0.31006724465958424,FALSE,FALSE
2020-04-11,East_Antarctica,1.359360694,0.1742593871889364,0.1742593871889364,0.31006724465958424,FALSE,FALSE
2020-04-12,East_Antarctica,1.358655469,0.15628580471035836,0.15628580471035836,0.31006724465958424,FALSE,FALSE
2020-04-13,East_Antarctica,1.354771761,0.1351252324987886,0.1351252324987886,0.31006724465958424,FALSE,FALSE
2020-04-14,East_Antarctica,1.345679963,0.1087416499911471,0.1087416499911471,0.31006724465958424,FALSE,FALSE
2020-04-15,East_Antarctica,1.348004501,0.09375306962435936,0.09375306962435936,0.31006724465958424,FALSE,FALSE
2020-04-16,East_Antarctica,1.36102031,0.08942801283534463,0.08942801283534463,0.31006724465958424,FALSE,FALSE
2020-04-17,East_Antarctica,1.392657541,0.1036902170610272,0.1036902170610272,0.31006724465958424,FALSE,FALSE
2020-04-18,East_Antarctica,1.397242056,0.09085913073833107,0.09085913073833107,0.31006724465958424,FALSE,FALSE
2020-04-19,East_Antarctica,1.413248056,0.08940254130417657,0.08940254130417657,0.31006724465958424,FALSE,FALSE
2020-04-20,East_Antarctica,1.421638715,0.08027720919548642,0.08027720919548642,0.31006724465958424,FALSE,FALSE
2020-04-21,East_Antarctica,1.4132333,0.05429598784918332,0.05429598784918332,0.31006724465958424,FALSE,FALSE
2020-04-22,East_Antarctica,1.401546281,0.0249669337021885,0.0249669337021885,0.31006724465958424,FALSE,FALSE
2020-04-23,East_Antarctica,1.405189706,0.01089568119142758,0.01089568119142758,0.31006724465958424,FALSE,FALSE
2020-04-24,East_Antarctica,1.414067622,0.00198046991392186,0.00198046991392186,0.31006724465958424,FALSE,FALSE
2020-04-25,East_Antarctica,1.440366001,0.01040722144951566,0.01040722144951566,0.31006724465958424,FALSE,FALSE
2020-04-26,East_Antarctica,1.489348496,0.04144271972042723,0.04144271972042723,0.31006724465958424,FALSE,FALSE
2020-04-27,East_Antarctica,1.512851356,0.04692637816080425,0.04692637816080425,0.31006724465958424,FALSE,FALSE
2020-04-28,East_Antarctica,1.509489041,0.02547582120479252,0.02547582120479252,0.31006724465958424,FALSE,FALSE
2020-04-29,East_Antarctica,1.485094169,-0.01707316871345909,0.01707316871345909,0.31006724465958424,FALSE,FALSE
2020-04-30,East_Antarctica,1.485655494,-0.03472867315980466,0.03472867315980466,0.31006724465958424,FALSE,FALSE
2020-05-01,East_Antarctica,1.504250087,-0.03441045670009757,0.03441045670009757,0.31006724465958424,FALSE,FALSE
2020-05-02,East_Antarctica,1.547298989,-0.00969431390018815,0.00969431390018815,0.31006724465958424,FALSE,FALSE
2020-05-03,East_Antarctica,1.596320395,0.02094111467406767,0.02094111467406767,0.31006724465958424,FALSE,FALSE
2020-05-04,East_Antarctica,1.6167547,0.02293938845681853,0.02293938845681853,0.31006724465958424,FALSE,FALSE
2020-05-05,East_Antarctica,1.619263531,0.0069652988822122,0.0069652988822122,0.31006724465958424,FALSE,FALSE
2020-05-06,East_Antarctica,1.633453659,0.00262878438090008,0.00262878438090008,0.31006724465958424,FALSE,FALSE
2020-05-07,East_Antarctica,1.633307525,-0.01608287601717339,0.01608287601717339,0.31006724465958424,FALSE,FALSE
2020-05-08,East_Antarctica,1.651911722,-0.01607380502801514,0.01607380502801514,0.31006724465958424,FALSE,FALSE
2020-05-09,East_Antarctica,1.654371229,-0.03222900779862292,0.03222900779862292,0.31006724465958424,FALSE,FALSE
2020-05-10,East_Antarctica,1.647906824,-0.057317690475992,0.057317690475992,0.31006724465958424,FALSE,FALSE
2020-05-11,East_Antarctica,1.601036279,-0.12281206520712028,0.12281206520712028,0.31006724465958424,FALSE,FALSE
2020-05-12,East_Antarctica,1.580815131,-0.16164657913900027,0.16164657913900027,0.31006724465958424,FALSE,FALSE
2020-05-13,East_Antarctica,1.598123489,-0.16293110741863082,0.16293110741863082,0.31006724465958424,FALSE,FALSE
2020-05-14,East_Antarctica,1.652353321,-0.12726366619300666,0.12726366619300666,0.31006724465958424,FALSE,FALSE
2020-05-15,East_Antarctica,1.695128536,-0.10301033060912634,0.10301033060912634,0.31006724465958424,FALSE,FALSE
2020-05-16,East_Antarctica,1.712526944,-0.10408327481398172,0.10408327481398172,0.31006724465958424,FALSE,FALSE
2020-05-17,East_Antarctica,1.756768054,-0.0782529739545752,0.0782529739545752,0.31006724465958424,FALSE,FALSE
2020-05-18,East_Antarctica,1.789396974,-0.06396430417789722,0.06396430417789722,0.31006724465958424,FALSE,FALSE
2020-05-19,East_Antarctica,1.794672802,-0.07694772204870626,0.07694772204870626,0.31006724465958424,FALSE,FALSE
2020-05-20,East_Antarctica,1.767593271,-0.12218721040956426,0.12218721040956426,0.31006724465958424,FALSE,FALSE
2020-05-21,East_Antarctica,1.797231931,-0.1105840865385328,0.1105840865385328,0.31006724465958424,FALSE,FALSE
2020-05-22,East_Antarctica,1.845862904,-0.07983886529565254,0.07983886529565254,0.31006724465958424,FALSE,FALSE
2020-05-23,East_Antarctica,1.848751652,-0.09466072154097716,0.09466072154097716,0.31006724465958424,FALSE,FALSE
2020-05-24,East_Antarctica,1.884797412,-0.07612505513455137,0.07612505513455137,0.31006724465958424,FALSE,FALSE
2020-05-25,East_Antarctica,1.91006828,-0.06813840693642148,0.06813840693642148,0.31006724465958424,FALSE,FALSE
2020-05-26,East_Antarctica,1.924190174,-0.07104949580663411,0.07104949580663411,0.31006724465958424,FALSE,FALSE
2020-05-27,East_Antarctica,1.949037513,-0.0629585396052379,0.0629585396052379,0.31006724465958424,FALSE,FALSE
2020-05-28,East_Antarctica,1.977902355,-0.05054811719227947,0.05054811719227947,0.31006724465958424,FALSE,FALSE
2020-05-29,East_Antarctica,1.992027736,-0.05254982942780306,0.05254982942780306,0.31006724465958424,FALSE,FALSE
2020-05-30,East_Antarctica,1.992553814,-0.06779815517186027,0.06779815517186027,0.31006724465958424,FALSE,FALSE
2020-05-31,East_Antarctica,2.007456086,-0.06829223428449449,0.06829223428449449,0.31006724465958424,FALSE,FALSE
2020-06-01,East_Antarctica,2.034244127,-0.05650956371261451,0.05650956371261451,0.31006724465958424,FALSE,FALSE
2020-06-02,East_Antarctica,2.035966698,-0.06944361980645475,0.06944361980645475,0.31006724465958424,FALSE,FALSE
2020-06-03,East_Antarctica,2.04141705,-0.07835868126341028,0.07835868126341028,0.31006724465958424,FALSE,FALSE
2020-06-04,East_Antarctica,2.044365766,-0.08954169534734335,0.08954169534734335,0.31006724465958424,FALSE,FALSE
2020-06-05,East_Antarctica,2.045437708,-0.10242533032211742,0.10242533032211742,0.31006724465958424,FALSE,FALSE
2020-06-06,East_Antarctica,2.077049886,-0.0846501064515941,0.0846501064515941,0.31006724465958424,FALSE,FALSE
2020-06-07,East_Antarctica,2.149778666,-0.02569718799963682,0.02569718799963682,0.31006724465958424,FALSE,FALSE
2020-06-08,East_Antarctica,2.206563896,0.01731574276989089,0.01731574276989089,0.31006724465958424,FALSE,FALSE
2020-06-09,East_Antarctica,2.223201776,0.02012735559313094,0.02012735559313094,0.31006724465958424,FALSE,FALSE
2020-06-10,East_Antarctica,2.266834771,0.04982258520621574,0.04982258520621574,0.31006724465958424,FALSE,FALSE
2020-06-11,East_Antarctica,2.282836038,0.0517170583452855,0.0517170583452855,0.31006724465958424,FALSE,FALSE
2020-06-12,East_Antarctica,2.295065453,0.04961312074647672,0.04961312074647672,0.31006724465958424,FALSE,FALSE
2020-06-13,East_Antarctica,2.309582167,0.04951352540976561,0.04951352540976561,0.31006724465958424,FALSE,FALSE
2020-06-14,East_Antarctica,2.347432017,0.07245762622096041,0.07245762622096041,0.31006724465958424,FALSE,FALSE
2020-06-15,East_Antarctica,2.403830815,0.11372322808220936,0.11372322808220936,0.31006724465958424,FALSE,FALSE
2020-06-16,East_Antarctica,2.411742968,0.10634169209979484,0.10634169209979484,0.31006724465958424,FALSE,FALSE
2020-06-17,East_Antarctica,2.398788136,0.07799963238001428,0.07799963238001428,0.31006724465958424,FALSE,FALSE
2020-06-18,East_Antarctica,2.380549455,0.04434713902914922,0.04434713902914922,0.31006724465958424,FALSE,FALSE
2020-06-19,East_Antarctica,2.350980928,-5.948308465102414e-4,5.948308465102414e-4,0.31006724465958424,FALSE,FALSE
2020-06-20,East_Antarctica,2.330809145,-0.03603273314067357,0.03603273314067357,0.31006724465958424,FALSE,FALSE
2020-06-21,East_Antarctica,2.303220847,-0.0787128727470554,0.0787128727470554,0.31006724465958424,FALSE,FALSE
2020-06-22,East_Antarctica,2.321666999,-0.07511733055936531,0.07511733055936531,0.31006724465958424,FALSE,FALSE
2020-06-23,East_Antarctica,2.321534249,-0.08979250447131504,0.08979250447131504,0.31006724465958424,FALSE,FALSE
2020-06-24,East_Antarctica,2.322721125,-0.10277291237661856,0.10277291237661856,0.31006724465958424,FALSE,FALSE
2020-06-25,East_Antarctica,2.318717219,-0.12050200816898292,0.12050200816898292,0.31006724465958424,FALSE,FALSE
2020-06-26,East_Antarctica,2.320557213,-0.1318876754993541,0.1318876754993541,0.31006724465958424,FALSE,FALSE
2020-06-27,East_Antarctica,2.338677294,-0.12650822911464132,0.12650822911464132,0.31006724465958424,FALSE,FALSE
2020-06-28,East_Antarctica,2.381287488,-0.09620101519169431,0.09620101519169431,0.31006724465958424,FALSE,FALSE
2020-06-29,East_Antarctica,2.431974794,-0.05742657591101574,0.05742657591101574,0.31006724465958424,FALSE,FALSE
2020-06-30,East_Antarctica,2.458264808,-0.04270685645311367,0.04270685645311367,0.31006724465958424,FALSE,FALSE
2020-07-01,East_Antarctica,2.413766999,-0.09847992899849922,0.09847992899849922,0.31006724465958424,FALSE,FALSE
2020-07-02,East_Antarctica,2.375736591,-0.14753811072767542,0.14753811072767542,0.31006724465958424,FALSE,FALSE
2020-07-03,East_Antarctica,2.40430629,-0.12979623682115182,0.12979623682115182,0.31006724465958424,FALSE,FALSE
2020-07-04,East_Antarctica,2.443596698,-0.1011812464594346,0.1011812464594346,0.31006724465958424,FALSE,FALSE
2020-07-05,East_Antarctica,2.465911662,-0.08943683382303202,0.08943683382303202,0.31006724465958424,FALSE,FALSE
2020-07-06,East_Antarctica,2.49486626,-0.07099546209245045,0.07099546209245045,0.31006724465958424,FALSE,FALSE
2020-07-07,East_Antarctica,2.481720515,-0.09464464944819584,0.09464464944819584,0.31006724465958424,FALSE,FALSE
2020-07-08,East_Antarctica,2.452204637,-0.13470166962662675,0.13470166962662675,0.31006724465958424,FALSE,FALSE
2020-07-09,East_Antarctica,2.426910908,-0.17061055174252626,0.17061055174252626,0.31006724465958424,FALSE,FALSE
2020-07-10,East_Antarctica,2.482984389,-0.12523809491385274,0.12523809491385274,0.31006724465958424,FALSE,FALSE
2020-07-11,East_Antarctica,2.485883032,-0.13313497150396625,0.13313497150396625,0.31006724465958424,FALSE,FALSE
2020-07-12,East_Antarctica,2.512885666,-0.1170309768762281,0.1170309768762281,0.31006724465958424,FALSE,FALSE
2020-07-13,East_Antarctica,2.557372059,-0.08355496739399282,0.08355496739399282,0.31006724465958424,FALSE,FALSE
2020-07-14,East_Antarctica,2.527248424,-0.12480935442062036,0.12480935442062036,0.31006724465958424,FALSE,FALSE
2020-07-15,East_Antarctica,2.511487975,-0.15182954831946782,0.15182954831946782,0.31006724465958424,FALSE,FALSE
2020-07-16,East_Antarctica,2.494055451,-0.18065943445389632,0.18065943445389632,0.31006724465958424,FALSE,FALSE
2020-07-17,East_Antarctica,2.530787164,-0.1554713251872606,0.1554713251872606,0.31006724465958424,FALSE,FALSE
2020-07-18,East_Antarctica,2.552991965,-0.14496499388292206,0.14496499388292206,0.31006724465958424,FALSE,FALSE
2020-07-19,East_Antarctica,2.585100711,-0.1247182079042366,0.1247182079042366,0.31006724465958424,FALSE,FALSE
2020-07-20,East_Antarctica,2.612571248,-0.10928174561456404,0.10928174561456404,0.31006724465958424,FALSE,FALSE
2020-07-21,East_Antarctica,2.597808703,-0.1362565477860258,0.1362565477860258,0.31006724465958424,FALSE,FALSE
2020-07-22,East_Antarctica,2.611849892,-0.13457657935749356,0.13457657935749356,0.31006724465958424,FALSE,FALSE
2020-07-23,East_Antarctica,2.621222302,-0.1376594122946968,0.1376594122946968,0.31006724465958424,FALSE,FALSE
2020-07-24,East_Antarctica,2.644152337,-0.12722311808892428,0.12722311808892428,0.31006724465958424,FALSE,FALSE
2020-07-25,East_Antarctica,2.687287233,-0.09656493623146468,0.09656493623146468,0.31006724465958424,FALSE,FALSE
2020-07-26,East_Antarctica,2.718817207,-0.07743912521361196,0.07743912521361196,0.31006724465958424,FALSE,FALSE
2020-07-27,East_Antarctica,2.758412958,-0.05011946152665336,0.05011946152665336,0.31006724465958424,FALSE,FALSE
2020-07-28,East_Antarctica,2.77495931,-0.0456655966618773,0.0456655966618773,0.31006724465958424,FALSE,FALSE
2020-07-29,East_Antarctica,2.723449654,-0.10902861511057615,0.10902861511057615,0.31006724465958424,FALSE,FALSE
2020-07-30,East_Antarctica,2.735632728,-0.10840425436403844,0.10840425436403844,0.31006724465958424,FALSE,FALSE
2020-07-31,East_Antarctica,2.747585097,-0.10766042491355332,0.10766042491355332,0.31006724465958424,FALSE,FALSE
2020-08-01,East_Antarctica,2.691958639,-0.17408972425041425,0.17408972425041425,0.31006724465958424,FALSE,FALSE
2020-08-02,East_Antarctica,2.668948424,-0.20744155859906857,0.20744155859906857,0.31006724465958424,FALSE,FALSE
2020-08-03,East_Antarctica,2.682385388,-0.2038492606177913,0.2038492606177913,0.31006724465958424,FALSE,FALSE
2020-08-04,East_Antarctica,2.663434942,-0.2321830869190622,0.2321830869190622,0.31006724465958424,FALSE,FALSE
2020-08-05,East_Antarctica,2.66292487,-0.24166701548146152,0.24166701548146152,0.31006724465958424,FALSE,FALSE
2020-08-06,East_Antarctica,2.676918891,-0.2362890892835705,0.2362890892835705,0.31006724465958424,FALSE,FALSE
2020-08-07,East_Antarctica,2.715196275,-0.2063218003039693,0.2063218003039693,0.31006724465958424,FALSE,FALSE
2020-08-08,East_Antarctica,2.801914781,-0.12765915152123777,0.12765915152123777,0.31006724465958424,FALSE,FALSE
2020-08-09,East_Antarctica,2.819216633,-0.1182106809139576,0.1182106809139576,0.31006724465958424,FALSE,FALSE
2020-08-10,East_Antarctica,2.817759954,-0.1273700274607088,0.1273700274607088,0.31006724465958424,FALSE,FALSE
2020-08-11,East_Antarctica,2.811842218,-0.14089147914007238,0.14089147914007238,0.31006724465958424,FALSE,FALSE
2020-08-12,East_Antarctica,2.817336083,-0.1429541399306289,0.1429541399306289,0.31006724465958424,FALSE,FALSE
2020-08-13,East_Antarctica,2.813305742,-0.15454557881095665,0.15454557881095665,0.31006724465958424,FALSE,FALSE
2020-08-14,East_Antarctica,2.793682174,-0.18178657875963777,0.18178657875963777,0.31006724465958424,FALSE,FALSE
2020-08-15,East_Antarctica,2.753414932,-0.22977781645952788,0.22977781645952788,0.31006724465958424,FALSE,FALSE
2020-08-16,East_Antarctica,2.700007545,-0.2910204491656869,0.2910204491656869,0.31006724465958424,FALSE,FALSE
2020-08-17,East_Antarctica,2.723784133,-0.2751429150881908,0.2751429150881908,0.31006724465958424,FALSE,FALSE
2020-08-18,East_Antarctica,2.758650292,-0.24818931968551497,0.24818931968551497,0.31006724465958424,FALSE,FALSE
2020-08-19,East_Antarctica,2.764320885,-0.2503945014161242,0.2503945014161242,0.31006724465958424,FALSE,FALSE
2020-08-20,East_Antarctica,2.744061155,-0.2784429187384898,0.2784429187384898,0.31006724465958424,FALSE,FALSE
2020-08-21,East_Antarctica,2.742207856,-0.28794751911108074,0.28794751911108074,0.31006724465958424,FALSE,FALSE
2020-08-22,East_Antarctica,2.780611073,-0.25700791899236775,0.25700791899236775,0.31006724465958424,FALSE,FALSE
2020-08-23,East_Antarctica,2.808636052,-0.2362085738408184,0.2362085738408184,0.31006724465958424,FALSE,FALSE
2020-08-24,East_Antarctica,2.821051209,-0.23073076911490276,0.23073076911490276,0.31006724465958424,FALSE,FALSE
2020-08-25,East_Antarctica,2.833143996,-0.22523675427309087,0.22523675427309087,0.31006724465958424,FALSE,FALSE
2020-08-26,East_Antarctica,2.859211308,-0.2053793357738516,0.2053793357738516,0.31006724465958424,FALSE,FALSE
2020-08-27,East_Antarctica,2.968285838,-0.10207552207565218,0.10207552207565218,0.31006724465958424,FALSE,FALSE
2020-08-28,East_Antarctica,3.062980417,-0.01267117526193528,0.01267117526193528,0.31006724465958424,FALSE,FALSE
2020-08-29,East_Antarctica,3.172627609,0.0921529272207624,0.0921529272207624,0.31006724465958424,FALSE,FALSE
2020-08-30,East_Antarctica,3.136961985,0.0520974817949873,0.0520974817949873,0.31006724465958424,FALSE,FALSE
2020-08-31,East_Antarctica,3.146241811,0.05738684305358976,0.05738684305358976,0.31006724465958424,FALSE,FALSE
2020-09-01,East_Antarctica,3.161529709,0.06904972158942257,0.06904972158942257,0.31006724465958424,FALSE,FALSE
2020-09-02,East_Antarctica,3.120236902,0.02446342899533427,0.02446342899533427,0.31006724465958424,FALSE,FALSE
2020-09-03,East_Antarctica,3.085594896,-0.01317444013581869,0.01317444013581869,0.31006724465958424,FALSE,FALSE
2020-09-04,East_Antarctica,3.107453047,0.00595155878881259,0.00595155878881259,0.31006724465958424,FALSE,FALSE
2020-09-05,East_Antarctica,3.105035577,0.00103173636207953,0.00103173636207953,0.31006724465958424,FALSE,FALSE
2020-09-06,East_Antarctica,3.127443308,0.02113300317683464,0.02113300317683464,0.31006724465958424,FALSE,FALSE
2020-09-07,East_Antarctica,3.154057339,0.04560254682592557,0.04560254682592557,0.31006724465958424,FALSE,FALSE
2020-09-08,East_Antarctica,3.178682699,0.06821148490221152,0.06821148490221152,0.31006724465958424,FALSE,FALSE
2020-09-09,East_Antarctica,3.167404175,0.05501074480647539,0.05501074480647539,0.31006724465958424,FALSE,FALSE
2020-09-10,East_Antarctica,3.110321242,-0.00392913984782028,0.00392913984782028,0.31006724465958424,FALSE,FALSE
2020-09-11,East_Antarctica,3.081699983,-0.0343621274099104,0.0343621274099104,0.31006724465958424,FALSE,FALSE
2020-09-12,East_Antarctica,3.110688926,-0.00715879413269071,0.00715879413269071,0.31006724465958424,FALSE,FALSE
2020-09-13,East_Antarctica,3.176510858,0.05688454273094567,0.05688454273094567,0.31006724465958424,FALSE,FALSE
2020-09-14,East_Antarctica,3.205138522,0.08372152192809956,0.08372152192809956,0.31006724465958424,FALSE,FALSE
2020-09-15,East_Antarctica,3.170145252,0.04690637320587854,0.04690637320587854,0.31006724465958424,FALSE,FALSE
2020-09-16,East_Antarctica,3.179003372,0.05389231631138491,0.05389231631138491,0.31006724465958424,FALSE,FALSE
2020-09-17,East_Antarctica,3.162033651,0.03498101599172409,0.03498101599172409,0.31006724465958424,FALSE,FALSE
2020-09-18,East_Antarctica,3.169345739,0.04026301799400134,0.04026301799400134,0.31006724465958424,FALSE,FALSE
2020-09-19,East_Antarctica,3.140708477,0.00948805906532079,0.00948805906532079,0.31006724465958424,FALSE,FALSE
2020-09-20,East_Antarctica,3.123422933,-0.0100618970472146,0.0100618970472146,0.31006724465958424,FALSE,FALSE
2020-09-21,East_Antarctica,3.131669075,-0.00422598659649953,0.00422598659649953,0.31006724465958424,FALSE,FALSE
2020-09-22,East_Antarctica,3.118892567,-0.01957156287983652,0.01957156287983652,0.31006724465958424,FALSE,FALSE
2020-09-23,East_Antarctica,3.090848495,-0.05029138948710532,0.05029138948710532,0.31006724465958424,FALSE,FALSE
2020-09-24,East_Antarctica,3.084492175,-0.05933846827509725,0.05933846827509725,0.31006724465958424,FALSE,FALSE
2020-09-25,East_Antarctica,3.084409217,-0.06203495242677315,0.06203495242677315,0.31006724465958424,FALSE,FALSE
2020-09-26,East_Antarctica,3.080484079,-0.06840414712510023,0.06840414712510023,0.31006724465958424,FALSE,FALSE
2020-09-27,East_Antarctica,3.072348135,-0.07872244155303854,0.07872244155303854,0.31006724465958424,FALSE,FALSE
2020-09-28,East_Antarctica,3.040779705,-0.112119278893553,0.112119278893553,0.31006724465958424,FALSE,FALSE
2020-09-29,East_Antarctica,3.034780203,-0.11950100832960596,0.11950100832960596,0.31006724465958424,FALSE,FALSE
2020-09-30,East_Antarctica,3.043781415,-0.1113436070441618,0.1113436070441618,0.31006724465958424,FALSE,FALSE
2020-10-01,East_Antarctica,3.115214732,-0.04012344722018257,0.04012344722018257,0.31006724465958424,FALSE,FALSE
2020-10-02,East_Antarctica,3.177907183,0.02307873695936946,0.02307873695936946,0.31006724465958424,FALSE,FALSE
2020-10-03,East_Antarctica,3.19625995,0.04275636431152696,0.04275636431152696,0.31006724465958424,FALSE,FALSE
2020-10-04,East_Antarctica,3.149332589,-0.0019388001074585,0.0019388001074585,0.31006724465958424,FALSE,FALSE
2020-10-05,East_Antarctica,3.198296537,0.05022330948570674,0.05022330948570674,0.31006724465958424,FALSE,FALSE
2020-10-06,East_Antarctica,3.174217803,0.03026855284606933,0.03026855284606933,0.31006724465958424,FALSE,FALSE
2020-10-07,East_Antarctica,3.071948356,-0.06700932151680616,0.06700932151680616,0.31006724465958424,FALSE,FALSE
2020-10-08,East_Antarctica,3.049895115,-0.08326161509335783,0.08326161509335783,0.31006724465958424,FALSE,FALSE
2020-10-09,East_Antarctica,3.011168729,-0.11543589937401766,0.11543589937401766,0.31006724465958424,FALSE,FALSE
2020-10-10,East_Antarctica,2.993329523,-0.1260300698492216,0.1260300698492216,0.31006724465958424,FALSE,FALSE
2020-10-11,East_Antarctica,2.982626943,-0.12885290100940994,0.12885290100940994,0.31006724465958424,FALSE,FALSE
2020-10-12,East_Antarctica,2.995926628,-0.1070969743450152,0.1070969743450152,0.31006724465958424,FALSE,FALSE
2020-10-13,East_Antarctica,2.980783442,-0.11326564634647208,0.11326564634647208,0.31006724465958424,FALSE,FALSE
2020-10-14,East_Antarctica,2.984530477,-0.100084045504218,0.100084045504218,0.31006724465958424,FALSE,FALSE
2020-10-15,East_Antarctica,3.008423319,-0.06635480630868473,0.06635480630868473,0.31006724465958424,FALSE,FALSE
2020-10-16,East_Antarctica,2.997346398,-0.06725171925031503,0.06725171925031503,0.31006724465958424,FALSE,FALSE
2020-10-17,East_Antarctica,3.003155244,-0.05097417497508161,0.05097417497508161,0.31006724465958424,FALSE,FALSE
2020-10-18,East_Antarctica,3.024213507,-0.01914335641045195,0.01914335641045195,0.31006724465958424,FALSE,FALSE
2020-10-19,East_Antarctica,3.072446165,0.04024788644660138,0.04024788644660138,0.31006724465958424,FALSE,FALSE
2020-10-20,East_Antarctica,3.105392568,0.08482375849486878,0.08482375849486878,0.31006724465958424,FALSE,FALSE
2020-10-21,East_Antarctica,3.139865963,0.1314823616331342,0.1314823616331342,0.31006724465958424,FALSE,FALSE
2020-10-22,East_Antarctica,3.138561699,0.14300389976019146,0.14300389976019146,0.31006724465958424,FALSE,FALSE
2020-10-23,East_Antarctica,3.115066114,0.13305956577482547,0.13305956577482547,0.31006724465958424,FALSE,FALSE
2020-10-24,East_Antarctica,3.082328835,0.114683841575824,0.114683841575824,0.31006724465958424,FALSE,FALSE
2020-10-25,East_Antarctica,3.064949077,0.11256079706197752,0.11256079706197752,0.31006724465958424,FALSE,FALSE
2020-10-26,East_Antarctica,3.019010716,0.08285916313207187,0.08285916313207187,0.31006724465958424,FALSE,FALSE
2020-10-27,East_Antarctica,2.994374122,0.07552416468489564,0.07552416468489564,0.31006724465958424,FALSE,FALSE
2020-10-28,East_Antarctica,2.986667319,0.08626868061923743,0.08626868061923743,0.31006724465958424,FALSE,FALSE
2020-10-29,East_Antarctica,2.971282012,0.090569270833885,0.090569270833885,0.31006724465958424,FALSE,FALSE
2020-10-30,East_Antarctica,2.944095662,0.08437584058025038,0.08437584058025038,0.31006724465958424,FALSE,FALSE
2020-10-31,East_Antarctica,2.911803718,0.07439519520849025,0.07439519520849025,0.31006724465958424,FALSE,FALSE
2020-11-01,East_Antarctica,2.897387628,0.08360137523930655,0.08360137523930655,0.31006724465958424,FALSE,FALSE
2020-11-02,East_Antarctica,2.798008592,0.00914816814918317,0.00914816814918317,0.31006724465958424,FALSE,FALSE
2020-11-03,East_Antarctica,2.708610982,-0.05402746658538904,0.05402746658538904,0.31006724465958424,FALSE,FALSE
2020-11-04,East_Antarctica,2.680050784,-0.05507695548792091,0.05507695548792091,0.31006724465958424,FALSE,FALSE
2020-11-05,East_Antarctica,2.662946869,-0.04338884008192822,0.04338884008192822,0.31006724465958424,FALSE,FALSE
2020-11-06,East_Antarctica,2.664256703,-0.01201306689091863,0.01201306689091863,0.31006724465958424,FALSE,FALSE
2020-11-07,East_Antarctica,2.656873646,0.0119363115615938,0.0119363115615938,0.31006724465958424,FALSE,FALSE
2020-11-08,East_Antarctica,2.614453195,0.00210737975209696,0.00210737975209696,0.31006724465958424,FALSE,FALSE
2020-11-09,East_Antarctica,2.600523395,0.02202077015708203,0.02202077015708203,0.31006724465958424,FALSE,FALSE
2020-11-10,East_Antarctica,2.553712388,0.01029721225303381,0.01029721225303381,0.31006724465958424,FALSE,FALSE
2020-11-11,East_Antarctica,2.503952924,-0.00313886404826346,0.00313886404826346,0.31006724465958424,FALSE,FALSE
2020-11-12,East_Antarctica,2.430461263,-0.03912972440706719,0.03912972440706719,0.31006724465958424,FALSE,FALSE
2020-11-13,East_Antarctica,2.386082809,-0.04496395993442892,0.04496395993442892,0.31006724465958424,FALSE,FALSE
2020-11-14,East_Antarctica,2.321605199,-0.06999415372772066,0.06999415372772066,0.31006724465958424,FALSE,FALSE
2020-11-15,East_Antarctica,2.263095478,-0.08829348088431921,0.08829348088431921,0.31006724465958424,FALSE,FALSE
2020-11-16,East_Antarctica,2.190848454,-0.11970735350159778,0.11970735350159778,0.31006724465958424,FALSE,FALSE
2020-11-17,East_Antarctica,2.13870591,-0.13053420867693566,0.13053420867693566,0.31006724465958424,FALSE,FALSE
2020-11-18,East_Antarctica,2.092494618,-0.13508749450770674,0.13508749450770674,0.31006724465958424,FALSE,FALSE
2020-11-19,East_Antarctica,2.024566587,-0.16115542209128453,0.16115542209128453,0.31006724465958424,FALSE,FALSE
2020-11-20,East_Antarctica,1.963938264,-0.17986176452504463,0.17986176452504463,0.31006724465958424,FALSE,FALSE
2020-11-21,East_Antarctica,1.928229647,-0.17372674390636367,0.17372674390636367,0.31006724465958424,FALSE,FALSE
2020-11-22,East_Antarctica,1.900367475,-0.1599638413326181,0.1599638413326181,0.31006724465958424,FALSE,FALSE
2020-11-23,East_Antarctica,1.836864932,-0.1822000929011807,0.1822000929011807,0.31006724465958424,FALSE,FALSE
2020-11-24,East_Antarctica,1.820998179,-0.15729107006566223,0.15729107006566223,0.31006724465958424,FALSE,FALSE
2020-11-25,East_Antarctica,1.746791598,-0.19127233621076933,0.19127233621076933,0.31006724465958424,FALSE,FALSE
2020-11-26,East_Antarctica,1.722147076,-0.1762658533218604,0.1762658533218604,0.31006724465958424,FALSE,FALSE
2020-11-27,East_Antarctica,1.68683581,-0.17252399997503276,0.17252399997503276,0.31006724465958424,FALSE,FALSE
2020-11-28,East_Antarctica,1.654410075,-0.16651807674638897,0.16651807674638897,0.31006724465958424,FALSE,FALSE
2020-11-29,East_Antarctica,1.64140512,-0.1417364102120242,0.1417364102120242,0.31006724465958424,FALSE,FALSE
2020-11-30,East_Antarctica,1.629812625,-0.1162108959480399,0.1162108959480399,0.31006724465958424,FALSE,FALSE
2020-12-01,East_Antarctica,1.604082303,-0.10551539653053332,0.10551539653053332,0.31006724465958424,FALSE,FALSE
2020-12-02,East_Antarctica,1.563338269,-0.11054937253560526,0.11054937253560526,0.31006724465958424,FALSE,FALSE
2020-12-03,East_Antarctica,1.556435419,-0.08248150353935402,0.08248150353935402,0.31006724465958424,FALSE,FALSE
2020-12-04,East_Antarctica,1.539343643,-0.06536547511787782,0.06536547511787782,0.31006724465958424,FALSE,FALSE
2020-12-05,East_Antarctica,1.504674293,-0.06661351084727718,0.06661351084727718,0.31006724465958424,FALSE,FALSE
2020-12-06,East_Antarctica,1.466657458,-0.07201907331779633,0.07201907331779633,0.31006724465958424,FALSE,FALSE
2020-12-07,East_Antarctica,1.426975805,-0.07991560114303708,0.07991560114303708,0.31006724465958424,FALSE,FALSE
2020-12-08,East_Antarctica,1.408223005,-0.06770757197494892,0.06770757197494892,0.31006724465958424,FALSE,FALSE
2020-12-09,East_Antarctica,1.420955382,-0.02483415782190401,0.02483415782190401,0.31006724465958424,FALSE,FALSE
2020-12-10,East_Antarctica,1.415529738,-9.340526922829716e-4,9.340526922829716e-4,0.31006724465958424,FALSE,FALSE
2020-12-11,East_Antarctica,1.422630407,0.03468158140553767,0.03468158140553767,0.31006724465958424,FALSE,FALSE
2020-12-12,East_Antarctica,1.415486268,0.05524612746318347,0.05524612746318347,0.31006724465958424,FALSE,FALSE
2020-12-13,East_Antarctica,1.398696474,0.0653632424722772,0.0653632424722772,0.31006724465958424,FALSE,FALSE
2020-12-14,East_Antarctica,1.402751758,0.09552816342444226,0.09552816342444226,0.31006724465958424,FALSE,FALSE
2020-12-15,East_Antarctica,1.363741826,0.08183510031130226,0.08183510031130226,0.31006724465958424,FALSE,FALSE
2020-12-16,East_Antarctica,1.354065389,0.0966872681244808,0.0966872681244808,0.31006724465958424,FALSE,FALSE
2020-12-17,East_Antarctica,1.336677852,0.10304457585559956,0.10304457585559956,0.31006724465958424,FALSE,FALSE
2020-12-18,East_Antarctica,1.328410299,0.11774261149628495,0.11774261149628495,0.31006724465958424,FALSE,FALSE
2020-12-19,East_Antarctica,1.297743382,0.10926733752166572,0.10926733752166572,0.31006724465958424,FALSE,FALSE
2020-12-20,East_Antarctica,1.250280592,0.08324030746564137,0.08324030746564137,0.31006724465958424,FALSE,FALSE
2020-12-21,East_Antarctica,1.242468696,0.0961365298231882,0.0961365298231882,0.31006724465958424,FALSE,FALSE
2020-12-22,East_Antarctica,1.214766603,0.08844343874560212,0.08844343874560212,0.31006724465958424,FALSE,FALSE
2020-12-23,East_Antarctica,1.181584388,0.07459963438418082,0.07459963438418082,0.31006724465958424,FALSE,FALSE
2020-12-24,East_Antarctica,1.149575711,0.06128730189021936,0.06128730189021936,0.31006724465958424,FALSE,FALSE
2020-12-25,East_Antarctica,1.126568573,0.05636296741501412,0.05636296741501412,0.31006724465958424,FALSE,FALSE
2020-12-26,East_Antarctica,1.117509902,0.06480208410986066,0.06480208410986066,0.31006724465958424,FALSE,FALSE
2020-12-27,East_Antarctica,1.088077724,0.0523112031260553,0.0523112031260553,0.31006724465958424,FALSE,FALSE
2020-12-28,East_Antarctica,1.059532405,0.04017921561489634,0.04017921561489634,0.31006724465958424,FALSE,FALSE
2020-12-29,East_Antarctica,1.040248608,0.03680930972767848,0.03680930972767848,0.31006724465958424,FALSE,FALSE
2020-12-30,East_Antarctica,1.004884038,0.01688771561569535,0.01688771561569535,0.31006724465958424,FALSE,FALSE
2020-12-31,East_Antarctica,1.004960324,0.03196458743024566,0.03196458743024566,0.31006724465958424,FALSE,FALSE
2021-01-01,East_Antarctica,0.988055799,0.01506006243024593,0.01506006243024593,0.31006724465958424,FALSE,FALSE
2021-01-02,East_Antarctica,0.982809711,0.02439959234385214,0.02439959234385214,0.31006724465958424,FALSE,FALSE
2021-01-03,East_Antarctica,0.950331997,0.00611553861392877,0.00611553861392877,0.31006724465958424,FALSE,FALSE
2021-01-04,East_Antarctica,0.924309932,-0.00608291648087877,0.00608291648087877,0.31006724465958424,FALSE,FALSE
2021-01-05,East_Antarctica,0.925947559,0.00903017733807631,0.00903017733807631,0.31006724465958424,FALSE,FALSE
2021-01-06,East_Antarctica,0.930186506,0.02641835534943115,0.02641835534943115,0.31006724465958424,FALSE,FALSE
2021-01-07,East_Antarctica,0.92121304,0.03028979183183322,0.03028979183183322,0.31006724465958424,FALSE,FALSE
2021-01-08,East_Antarctica,0.916338221,0.03797745406392527,0.03797745406392527,0.31006724465958424,FALSE,FALSE
2021-01-09,East_Antarctica,0.90722529,0.04116649032434882,0.04116649032434882,0.31006724465958424,FALSE,FALSE
2021-01-10,East_Antarctica,0.895758923,0.04176348389175033,0.04176348389175033,0.31006724465958424,FALSE,FALSE
2021-01-11,East_Antarctica,0.857607514,0.01545873604477032,0.01545873604477032,0.31006724465958424,FALSE,FALSE
2021-01-12,East_Antarctica,0.824468112,-0.00602879693794644,0.00602879693794644,0.31006724465958424,FALSE,FALSE
2021-01-13,East_Antarctica,0.805151628,-0.01386629677775708,0.01386629677775708,0.31006724465958424,FALSE,FALSE
2021-01-14,East_Antarctica,0.784003013,-0.02368724002744471,0.02368724002744471,0.31006724465958424,FALSE,FALSE
2021-01-15,East_Antarctica,0.77672687,-0.01977746661132595,0.01977746661132595,0.31006724465958424,FALSE,FALSE
2021-01-16,East_Antarctica,0.767631531,-0.01783414014158257,0.01783414014158257,0.31006724465958424,FALSE,FALSE
2021-01-17,East_Antarctica,0.740433005,-0.03414769921350258,0.03414769921350258,0.31006724465958424,FALSE,FALSE
2021-01-18,East_Antarctica,0.711562829,-0.05229305442237175,0.05229305442237175,0.31006724465958424,FALSE,FALSE
2021-01-19,East_Antarctica,0.674681423,-0.0786162333634779,0.0786162333634779,0.31006724465958424,FALSE,FALSE
2021-01-20,East_Antarctica,0.669206625,-0.07370584563210847,0.07370584563210847,0.31006724465958424,FALSE,FALSE
2021-01-21,East_Antarctica,0.669764131,-0.06294264282355044,0.06294264282355044,0.31006724465958424,FALSE,FALSE
2021-01-22,East_Antarctica,0.674557036,-0.04812997753309023,0.04812997753309023,0.31006724465958424,FALSE,FALSE
2021-01-23,East_Antarctica,0.661076731,-0.05178290635601623,0.05178290635601623,0.31006724465958424,FALSE,FALSE
2021-01-24,East_Antarctica,0.646126568,-0.05710452488761486,0.05710452488761486,0.31006724465958424,FALSE,FALSE
2021-01-25,East_Antarctica,0.622061889,-0.07174593872317336,0.07174593872317336,0.31006724465958424,FALSE,FALSE
2021-01-26,East_Antarctica,0.60750881,-0.07708747945797845,0.07708747945797845,0.31006724465958424,FALSE,FALSE
2021-01-27,East_Antarctica,0.606526108,-0.06907599880144732,0.06907599880144732,0.31006724465958424,FALSE,FALSE
2021-01-28,East_Antarctica,0.627173278,-0.03965208704873146,0.03965208704873146,0.31006724465958424,FALSE,FALSE
2021-01-29,East_Antarctica,0.625348244,-0.03291560688044692,0.03291560688044692,0.31006724465958424,FALSE,FALSE
2021-01-30,East_Antarctica,0.614986095,-0.03492924857264434,0.03492924857264434,0.31006724465958424,FALSE,FALSE
2021-01-31,East_Antarctica,0.595033409,-0.04674421340137247,0.04674421340137247,0.31006724465958424,FALSE,FALSE
2021-02-01,East_Antarctica,0.585957137,-0.04789132964267983,0.04789132964267983,0.31006724465958424,FALSE,FALSE
2021-02-02,East_Antarctica,0.55445333,-0.0716723255726166,0.0716723255726166,0.31006724465958424,FALSE,FALSE
2021-02-03,East_Antarctica,0.533411879,-0.08519508946723053,0.08519508946723053,0.31006724465958424,FALSE,FALSE
2021-02-04,East_Antarctica,0.544822016,-0.06646816860257176,0.06646816860257176,0.31006724465958424,FALSE,FALSE
2021-02-05,East_Antarctica,0.560062714,-0.04411036925468969,0.04411036925468969,0.31006724465958424,FALSE,FALSE
2021-02-06,East_Antarctica,0.574608332,-0.02264511169963312,0.02264511169963312,0.31006724465958424,FALSE,FALSE
2021-02-07,East_Antarctica,0.566759653,-0.02376939221345109,0.02376939221345109,0.31006724465958424,FALSE,FALSE
2021-02-08,East_Antarctica,0.537574691,-0.04642311531916021,0.04642311531916021,0.31006724465958424,FALSE,FALSE
2021-02-09,East_Antarctica,0.547867453,-0.02980857638723777,0.02980857638723777,0.31006724465958424,FALSE,FALSE
2021-02-10,East_Antarctica,0.546690075,-0.02492650284545228,0.02492650284545228,0.31006724465958424,FALSE,FALSE
2021-02-11,East_Antarctica,0.503169268,-0.06270736986708436,0.06270736986708436,0.31006724465958424,FALSE,FALSE
2021-02-12,East_Antarctica,0.489794026,-0.07071936962541392,0.07071936962541392,0.31006724465958424,FALSE,FALSE
2021-02-13,East_Antarctica,0.503062427,-0.05252161029372249,0.05252161029372249,0.31006724465958424,FALSE,FALSE
2021-02-14,East_Antarctica,0.514012323,-0.03713342604528935,0.03713342604528935,0.31006724465958424,FALSE,FALSE
2021-02-15,East_Antarctica,0.517182885,-0.03007283205339561,0.03007283205339561,0.31006724465958424,FALSE,FALSE
2021-02-16,East_Antarctica,0.503279318,-0.040691809491322783,0.040691809491322783,0.31006724465958424,FALSE,FALSE
2021-02-17,East_Antarctica,0.486891595,-0.05445757153234998,0.05445757153234998,0.31006724465958424,FALSE,FALSE
2021-02-18,East_Antarctica,0.490569746,-0.04887727434975858,0.04887727434975858,0.31006724465958424,FALSE,FALSE
2021-02-19,East_Antarctica,0.480803575,-0.05751830011682785,0.05751830011682785,0.31006724465958424,FALSE,FALSE
2021-02-20,East_Antarctica,0.478972306,-0.05905861100683945,0.05905861100683945,0.31006724465958424,FALSE,FALSE
2021-02-21,East_Antarctica,0.511757601,-0.02687065550458467,0.02687065550458467,0.31006724465958424,FALSE,FALSE
2021-02-22,East_Antarctica,0.53305002,-0.00708069557582669,0.00708069557582669,0.31006724465958424,FALSE,FALSE
2021-02-23,East_Antarctica,0.499653023,-0.042877287236257,0.042877287236257,0.31006724465958424,FALSE,FALSE
2021-02-24,East_Antarctica,0.498566303,-0.04725230508510975,0.04725230508510975,0.31006724465958424,FALSE,FALSE
2021-02-25,East_Antarctica,0.509483635,-0.04050354172161874,0.04050354172161874,0.31006724465958424,FALSE,FALSE
2021-02-26,East_Antarctica,0.522215614,-0.03281196974501643,0.03281196974501643,0.31006724465958424,FALSE,FALSE
2021-02-27,East_Antarctica,0.518563749,-0.042367647754538267,0.042367647754538267,0.31006724465958424,FALSE,FALSE
2021-02-28,East_Antarctica,0.531364216,-0.03632596734941673,0.03632596734941673,0.31006724465958424,FALSE,FALSE
2021-03-01,East_Antarctica,0.54052507,-0.03477044112888505,0.03477044112888505,0.31006724465958424,FALSE,FALSE
2021-03-02,East_Antarctica,0.543603154,-0.04013579369217779,0.04013579369217779,0.31006724465958424,FALSE,FALSE
2021-03-03,East_Antarctica,0.575226725,-0.01778533563852746,0.01778533563852746,0.31006724465958424,FALSE,FALSE
2021-03-04,East_Antarctica,0.583584939,-0.01952147856716912,0.01952147856716912,0.31006724465958424,FALSE,FALSE
2021-03-05,East_Antarctica,0.571423025,-0.04259055693456737,0.04259055693456737,0.31006724465958424,FALSE,FALSE
2021-03-06,East_Antarctica,0.554970676,-0.07073903061669595,0.07073903061669595,0.31006724465958424,FALSE,FALSE
2021-03-07,East_Antarctica,0.555071231,-0.08304954249318341,0.08304954249318341,0.31006724465958424,FALSE,FALSE
2021-03-08,East_Antarctica,0.590036152,-0.0611264196799276,0.0611264196799276,0.31006724465958424,FALSE,FALSE
2021-03-09,East_Antarctica,0.602293224,-0.06245766629282878,0.06245766629282878,0.31006724465958424,FALSE,FALSE
2021-03-10,East_Antarctica,0.637122264,-0.0416792544477852,0.0416792544477852,0.31006724465958424,FALSE,FALSE
2021-03-11,East_Antarctica,0.655909458,-0.03732078726069532,0.03732078726069532,0.31006724465958424,FALSE,FALSE
2021-03-12,East_Antarctica,0.655988895,-0.05196396484745747,0.05196396484745747,0.31006724465958424,FALSE,FALSE
2021-03-13,East_Antarctica,0.662767663,-0.0601174883239729,0.0601174883239729,0.31006724465958424,FALSE,FALSE
2021-03-14,East_Antarctica,0.694462049,-0.04348085980613858,0.04348085980613858,0.31006724465958424,FALSE,FALSE
2021-03-15,East_Antarctica,0.715685627,-0.03735629440985422,0.03735629440985422,0.31006724465958424,FALSE,FALSE
2021-03-16,East_Antarctica,0.749154797,-0.01894318125101923,0.01894318125101923,0.31006724465958424,FALSE,FALSE
2021-03-17,East_Antarctica,0.772850597,-0.01017627144553012,0.01017627144553012,0.31006724465958424,FALSE,FALSE
2021-03-18,East_Antarctica,0.797079723,-6.671086089277134e-4,6.671086089277134e-4,0.31006724465958424,FALSE,FALSE
2021-03-19,East_Antarctica,0.817661773,0.00542446477196045,0.00542446477196045,0.31006724465958424,FALSE,FALSE
2021-03-20,East_Antarctica,0.840729792,0.01418803658633571,0.01418803658633571,0.31006724465958424,FALSE,FALSE
2021-03-21,East_Antarctica,0.886650677,0.04594403271600811,0.04594403271600811,0.31006724465958424,FALSE,FALSE
2021-03-22,East_Antarctica,0.938623517,0.08384507104278516,0.08384507104278516,0.31006724465958424,FALSE,FALSE
2021-03-23,East_Antarctica,0.971856913,0.10305328144847536,0.10305328144847536,0.31006724465958424,FALSE,FALSE
2021-03-24,East_Antarctica,0.985842948,0.10301427581488808,0.10301427581488808,0.31006724465958424,FALSE,FALSE
2021-03-25,East_Antarctica,0.990796101,0.09389606202383216,0.09389606202383216,0.31006724465958424,FALSE,FALSE
2021-03-26,East_Antarctica,0.995037611,0.08397340795711394,0.08397340795711394,0.31006724465958424,FALSE,FALSE
2021-03-27,East_Antarctica,0.991432669,0.06606503349654569,0.06606503349654569,0.31006724465958424,FALSE,FALSE
2021-03-28,East_Antarctica,1.004098239,0.06424143152393202,0.06424143152393202,0.31006724465958424,FALSE,FALSE
2021-03-29,East_Antarctica,1.013082074,0.05850388392108385,0.05850388392108385,0.31006724465958424,FALSE,FALSE
2021-03-30,East_Antarctica,1.030494774,0.06091651956981037,0.06091651956981037,0.31006724465958424,FALSE,FALSE
2021-03-31,East_Antarctica,1.043734105,0.05883936273545975,0.05883936273545975,0.31006724465958424,FALSE,FALSE
2021-04-01,East_Antarctica,1.085833269,0.08531558878387702,0.08531558878387702,0.31006724465958424,FALSE,FALSE
2021-04-02,East_Antarctica,1.111024985,0.09460411115887934,0.09460411115887934,0.31006724465958424,FALSE,FALSE
2021-04-03,East_Antarctica,1.147007932,0.11442981671423792,0.11442981671423792,0.31006724465958424,FALSE,FALSE
2021-04-04,East_Antarctica,1.165030966,0.11606776930372398,0.11606776930372398,0.31006724465958424,FALSE,FALSE
2021-04-05,East_Antarctica,1.178840192,0.11329028178111011,0.11329028178111011,0.31006724465958424,FALSE,FALSE
2021-04-06,East_Antarctica,1.193895391,0.11158334300016735,0.11158334300016735,0.31006724465958424,FALSE,FALSE
2021-04-07,East_Antarctica,1.222123221,0.12289981881466616,0.12289981881466616,0.31006724465958424,FALSE,FALSE
2021-04-08,East_Antarctica,1.241347094,0.12508932907838055,0.12508932907838055,0.31006724465958424,FALSE,FALSE
2021-04-09,East_Antarctica,1.261279732,0.127890803645081,0.127890803645081,0.31006724465958424,FALSE,FALSE
2021-04-10,East_Antarctica,1.286362777,0.1357720923685377,0.1357720923685377,0.31006724465958424,FALSE,FALSE
2021-04-11,East_Antarctica,1.327581166,0.15974434010252558,0.15974434010252558,0.31006724465958424,FALSE,FALSE
2021-04-12,East_Antarctica,1.332967419,0.14786611218893642,0.14786611218893642,0.31006724465958424,FALSE,FALSE
2021-04-13,East_Antarctica,1.3335675,0.13119783571035848,0.13119783571035848,0.31006724465958424,FALSE,FALSE
2021-04-14,East_Antarctica,1.351001144,0.13135461549878855,0.13135461549878855,0.31006724465958424,FALSE,FALSE
2021-04-15,East_Antarctica,1.36408087,0.12714255699114707,0.12714255699114707,0.31006724465958424,FALSE,FALSE
2021-04-16,East_Antarctica,1.407877398,0.15362596662435934,0.15362596662435934,0.31006724465958424,FALSE,FALSE
2021-04-17,East_Antarctica,1.425763291,0.1541709938353446,0.1541709938353446,0.31006724465958424,FALSE,FALSE
2021-04-18,East_Antarctica,1.430572579,0.14160525506102717,0.14160525506102717,0.31006724465958424,FALSE,FALSE
2021-04-19,East_Antarctica,1.479948886,0.17356596073833108,0.17356596073833108,0.31006724465958424,FALSE,FALSE
2021-04-20,East_Antarctica,1.45363045,0.12978493530417645,0.12978493530417645,0.31006724465958424,FALSE,FALSE
2021-04-21,East_Antarctica,1.439213847,0.09785234119548636,0.09785234119548636,0.31006724465958424,FALSE,FALSE
2021-04-22,East_Antarctica,1.448748813,0.08981150084918332,0.08981150084918332,0.31006724465958424,FALSE,FALSE
2021-04-23,East_Antarctica,1.481576133,0.10499678570218852,0.10499678570218852,0.31006724465958424,FALSE,FALSE
2021-04-24,East_Antarctica,1.531919749,0.1376257241914276,0.1376257241914276,0.31006724465958424,FALSE,FALSE
2021-04-25,East_Antarctica,1.575694238,0.16360708591392203,0.16360708591392203,0.31006724465958424,FALSE,FALSE
2021-04-26,East_Antarctica,1.628988807,0.1990300274495158,0.1990300274495158,0.31006724465958424,FALSE,FALSE
2021-04-27,East_Antarctica,1.671794868,0.22388909172042729,0.22388909172042729,0.31006724465958424,FALSE,FALSE
2021-04-28,East_Antarctica,1.678320779,0.21239580116080423,0.21239580116080423,0.31006724465958424,FALSE,FALSE
2021-04-29,East_Antarctica,1.693898639,0.20988541920479253,0.20988541920479253,0.31006724465958424,FALSE,FALSE
2021-04-30,East_Antarctica,1.692083987,0.18991664928654095,0.18991664928654095,0.31006724465958424,FALSE,FALSE
2021-05-01,East_Antarctica,1.689653709,0.16926954184019527,0.16926954184019527,0.31006724465958424,FALSE,FALSE
2021-05-02,East_Antarctica,1.676036592,0.13737604829990246,0.13737604829990246,0.31006724465958424,FALSE,FALSE
2021-05-03,East_Antarctica,1.699919509,0.142926206099812,0.142926206099812,0.31006724465958424,FALSE,FALSE
2021-05-04,East_Antarctica,1.732670428,0.1572911476740677,0.1572911476740677,0.31006724465958424,FALSE,FALSE
2021-05-05,East_Antarctica,1.792200116,0.1983848044568186,0.1983848044568186,0.31006724465958424,FALSE,FALSE
2021-05-06,East_Antarctica,1.819452989,0.20715475688221208,0.20715475688221208,0.31006724465958424,FALSE,FALSE
2021-05-07,East_Antarctica,1.839555385,0.20873051038090007,0.20873051038090007,0.31006724465958424,FALSE,FALSE
2021-05-08,East_Antarctica,1.835346486,0.18595608498282656,0.18595608498282656,0.31006724465958424,FALSE,FALSE
2021-05-09,East_Antarctica,1.839069045,0.17108351797198496,0.17108351797198496,0.31006724465958424,FALSE,FALSE
2021-05-10,East_Antarctica,1.870503841,0.18390360420137689,0.18390360420137689,0.31006724465958424,FALSE,FALSE
2021-05-11,East_Antarctica,1.900720474,0.195495959524008,0.195495959524008,0.31006724465958424,FALSE,FALSE
2021-05-12,East_Antarctica,1.919786826,0.19593848179287976,0.19593848179287976,0.31006724465958424,FALSE,FALSE
2021-05-13,East_Antarctica,1.934263003,0.19180129286099976,0.19180129286099976,0.31006724465958424,FALSE,FALSE
2021-05-14,East_Antarctica,1.940244818,0.1791902215813692,0.1791902215813692,0.31006724465958424,FALSE,FALSE
2021-05-15,East_Antarctica,1.939754618,0.16013763080699328,0.16013763080699328,0.31006724465958424,FALSE,FALSE
2021-05-16,East_Antarctica,1.930279487,0.1321406203908737,0.1321406203908737,0.31006724465958424,FALSE,FALSE
2021-05-17,East_Antarctica,1.947375013,0.13076479418601838,0.13076479418601838,0.31006724465958424,FALSE,FALSE
2021-05-18,East_Antarctica,1.982093067,0.14707203904542498,0.14707203904542498,0.31006724465958424,FALSE,FALSE
2021-05-19,East_Antarctica,2.02496718,0.17160590182210278,0.17160590182210278,0.31006724465958424,FALSE,FALSE
2021-05-20,East_Antarctica,2.023201301,0.15158077695129357,0.15158077695129357,0.31006724465958424,FALSE,FALSE
2021-05-21,East_Antarctica,2.079506316,0.18972583459043557,0.18972583459043557,0.31006724465958424,FALSE,FALSE
2021-05-22,East_Antarctica,2.108145582,0.20032956446146732,0.20032956446146732,0.31006724465958424,FALSE,FALSE
2021-05-23,East_Antarctica,2.074096241,0.14839447170434727,0.14839447170434727,0.31006724465958424,FALSE,FALSE
2021-05-24,East_Antarctica,2.083085867,0.1396734934590227,0.1396734934590227,0.31006724465958424,FALSE,FALSE
2021-05-25,East_Antarctica,2.168924079,0.20800161186544863,0.20800161186544863,0.31006724465958424,FALSE,FALSE
2021-05-26,East_Antarctica,2.206198172,0.2279914850635787,0.2279914850635787,0.31006724465958424,FALSE,FALSE
2021-05-27,East_Antarctica,2.20795389,0.21271422019336603,0.21271422019336603,0.31006724465958424,FALSE,FALSE
2021-05-28,East_Antarctica,2.191276896,0.17928084339476236,0.17928084339476236,0.31006724465958424,FALSE,FALSE
2021-05-29,East_Antarctica,2.155063075,0.1266126028077208,0.1266126028077208,0.31006724465958424,FALSE,FALSE
2021-05-30,East_Antarctica,2.146221149,0.10164358357219694,0.10164358357219694,0.31006724465958424,FALSE,FALSE
2021-05-31,East_Antarctica,2.162988184,0.10263621482813969,0.10263621482813969,0.31006724465958424,FALSE,FALSE
2021-06-01,East_Antarctica,2.221990204,0.1462418837155055,0.1462418837155055,0.31006724465958424,FALSE,FALSE
2021-06-02,East_Antarctica,2.262216074,0.1714623832873854,0.1714623832873854,0.31006724465958424,FALSE,FALSE
2021-06-03,East_Antarctica,2.291094682,0.18568436419354528,0.18568436419354528,0.31006724465958424,FALSE,FALSE
2021-06-04,East_Antarctica,2.301687336,0.18191160473658963,0.18191160473658963,0.31006724465958424,FALSE,FALSE
2021-06-05,East_Antarctica,2.253582916,0.11967545465265685,0.11967545465265685,0.31006724465958424,FALSE,FALSE
2021-06-06,East_Antarctica,2.227751542,0.07988850367788247,0.07988850367788247,0.31006724465958424,FALSE,FALSE
2021-06-07,East_Antarctica,2.211228686,0.04952869354840583,0.04952869354840583,0.31006724465958424,FALSE,FALSE
2021-06-08,East_Antarctica,2.261718183,0.08624232900036333,0.08624232900036333,0.31006724465958424,FALSE,FALSE
2021-06-09,East_Antarctica,2.283938094,0.09468994076989068,0.09468994076989068,0.31006724465958424,FALSE,FALSE
2021-06-10,East_Antarctica,2.28619591,0.08312148959313115,0.08312148959313115,0.31006724465958424,FALSE,FALSE
2021-06-11,East_Antarctica,2.297682148,0.08066996220621547,0.08066996220621547,0.31006724465958424,FALSE,FALSE
2021-06-12,East_Antarctica,2.32660227,0.09548329034528535,0.09548329034528535,0.31006724465958424,FALSE,FALSE
2021-06-13,East_Antarctica,2.30920491,0.06375257774647691,0.06375257774647691,0.31006724465958424,FALSE,FALSE
2021-06-14,East_Antarctica,2.291266128,0.03119748640976594,0.03119748640976594,0.31006724465958424,FALSE,FALSE
2021-06-15,East_Antarctica,2.27384728,-0.00112711077903959,0.00112711077903959,0.31006724465958424,FALSE,FALSE
2021-06-16,East_Antarctica,2.260906489,-0.02920109791779079,0.02920109791779079,0.31006724465958424,FALSE,FALSE
2021-06-17,East_Antarctica,2.312003816,0.00660254009979466,0.00660254009979466,0.31006724465958424,FALSE,FALSE
2021-06-18,East_Antarctica,2.354449199,0.03366069538001426,0.03366069538001426,0.31006724465958424,FALSE,FALSE
2021-06-19,East_Antarctica,2.372210087,0.03600777102914909,0.03600777102914909,0.31006724465958424,FALSE,FALSE
2021-06-20,East_Antarctica,2.362483156,0.01090739715349009,0.01090739715349009,0.31006724465958424,FALSE,FALSE
2021-06-21,East_Antarctica,2.365359066,-0.00148281214067358,0.00148281214067358,0.31006724465958424,FALSE,FALSE
2021-06-22,East_Antarctica,2.360290619,-0.02164310074705522,0.02164310074705522,0.31006724465958424,FALSE,FALSE
2021-06-23,East_Antarctica,2.422589982,0.02580565244063448,0.02580565244063448,0.31006724465958424,FALSE,FALSE
2021-06-24,East_Antarctica,2.464454587,0.05312783352868511,0.05312783352868511,0.31006724465958424,FALSE,FALSE
2021-06-25,East_Antarctica,2.50145408,0.07596004262338107,0.07596004262338107,0.31006724465958424,FALSE,FALSE
2021-06-26,East_Antarctica,2.553051921,0.11383269383101702,0.11383269383101702,0.31006724465958424,FALSE,FALSE
2021-06-27,East_Antarctica,2.570924995,0.118480106500646,0.118480106500646,0.31006724465958424,FALSE,FALSE
2021-06-28,East_Antarctica,2.576136277,0.11095075388535848,0.11095075388535848,0.31006724465958424,FALSE,FALSE
2021-06-29,East_Antarctica,2.577665597,0.10017709380830596,0.10017709380830596,0.31006724465958424,FALSE,FALSE
2021-06-30,East_Antarctica,2.534637703,0.04523633308898445,0.04523633308898445,0.31006724465958424,FALSE,FALSE
2021-07-01,East_Antarctica,2.541615332,0.04064366754688642,0.04064366754688642,0.31006724465958424,FALSE,FALSE
2021-07-02,East_Antarctica,2.569149034,0.05690210600150092,0.05690210600150092,0.31006724465958424,FALSE,FALSE
2021-07-03,East_Antarctica,2.552169916,0.02889521427232466,0.02889521427232466,0.31006724465958424,FALSE,FALSE
2021-07-04,East_Antarctica,2.56213012,0.02802759317884806,0.02802759317884806,0.31006724465958424,FALSE,FALSE
2021-07-05,East_Antarctica,2.583156888,0.03837894354056548,0.03837894354056548,0.31006724465958424,FALSE,FALSE
2021-07-06,East_Antarctica,2.574381273,0.01903277717696827,0.01903277717696827,0.31006724465958424,FALSE,FALSE
2021-07-07,East_Antarctica,2.609666272,0.04380454990754989,0.04380454990754989,0.31006724465958424,FALSE,FALSE
2021-07-08,East_Antarctica,2.666182186,0.08981702155180393,0.08981702155180393,0.31006724465958424,FALSE,FALSE
2021-07-09,East_Antarctica,2.677433486,0.09052717937337328,0.09052717937337328,0.31006724465958424,FALSE,FALSE
2021-07-10,East_Antarctica,2.651328788,0.05380732825747358,0.05380732825747358,0.31006724465958424,FALSE,FALSE
2021-07-11,East_Antarctica,2.602909874,-0.00531260991385273,0.00531260991385273,0.31006724465958424,FALSE,FALSE
2021-07-12,East_Antarctica,2.623766539,0.00474853549603393,0.00474853549603393,0.31006724465958424,FALSE,FALSE
2021-07-13,East_Antarctica,2.693567859,0.06365121612377189,0.06365121612377189,0.31006724465958424,FALSE,FALSE
2021-07-14,East_Antarctica,2.750396937,0.1094699106060073,0.1094699106060073,0.31006724465958424,FALSE,FALSE
2021-07-15,East_Antarctica,2.780207703,0.12814992457937935,0.12814992457937935,0.31006724465958424,FALSE,FALSE
2021-07-16,East_Antarctica,2.816778284,0.15346076068053227,0.15346076068053227,0.31006724465958424,FALSE,FALSE
2021-07-17,East_Antarctica,2.813466569,0.1387516835461038,0.1387516835461038,0.31006724465958424,FALSE,FALSE
2021-07-18,East_Antarctica,2.814695446,0.12843695681273948,0.12843695681273948,0.31006724465958424,FALSE,FALSE
2021-07-19,East_Antarctica,2.889908595,0.1919516361170781,0.1919516361170781,0.31006724465958424,FALSE,FALSE
2021-07-20,East_Antarctica,2.954764,0.2449450810957634,0.2449450810957634,0.31006724465958424,FALSE,FALSE
2021-07-21,East_Antarctica,3.009384087,0.2875310933854358,0.2875310933854358,0.31006724465958424,FALSE,FALSE
2021-07-22,East_Antarctica,3.056286856,0.3222216052139739,0.3222216052139739,0.31006724465958424,TRUE,FALSE
2021-07-23,East_Antarctica,3.08359028,0.3371638086425066,0.3371638086425066,0.31006724465958424,TRUE,FALSE
2021-07-24,East_Antarctica,3.070189517,0.31130780270530334,0.31130780270530334,0.31006724465958424,TRUE,FALSE
2021-07-25,East_Antarctica,3.031222762,0.2598473069110758,0.2598473069110758,0.31006724465958424,FALSE,FALSE
2021-07-26,East_Antarctica,3.019528435,0.23567626576853495,0.23567626576853495,0.31006724465958424,FALSE,FALSE
2021-07-27,East_Antarctica,3.024963008,0.22870667578638804,0.22870667578638804,0.31006724465958424,FALSE,FALSE
2021-07-28,East_Antarctica,3.04804258,0.23951016047334672,0.23951016047334672,0.31006724465958424,FALSE,FALSE
2021-07-29,East_Antarctica,3.063911893,0.24328698633812307,0.24328698633812307,0.31006724465958424,FALSE,FALSE
2021-07-30,East_Antarctica,3.03896473,0.2064864608894239,0.2064864608894239,0.31006724465958424,FALSE,FALSE
2021-07-31,East_Antarctica,2.963439395,0.1194024126359614,0.1194024126359614,0.31006724465958424,FALSE,FALSE
2021-08-01,East_Antarctica,2.906844122,0.05159860008644657,0.05159860008644657,0.31006724465958424,FALSE,FALSE
2021-08-02,East_Antarctica,2.891447585,0.02539922174958553,0.02539922174958553,0.31006724465958424,FALSE,FALSE
2021-08-03,East_Antarctica,2.904385805,0.02799582240093157,0.02799582240093157,0.31006724465958424,FALSE,FALSE
2021-08-04,East_Antarctica,2.936354772,0.05012012338220861,0.05012012338220861,0.31006724465958424,FALSE,FALSE
2021-08-05,East_Antarctica,2.925395734,0.0297777050809378,0.0297777050809378,0.31006724465958424,FALSE,FALSE
2021-08-06,East_Antarctica,2.944471589,0.03987970351853853,0.03987970351853853,0.31006724465958424,FALSE,FALSE
2021-08-07,East_Antarctica,2.964254309,0.05104632871642955,0.05104632871642955,0.31006724465958424,FALSE,FALSE
2021-08-08,East_Antarctica,2.982836086,0.06131801069603071,0.06131801069603071,0.31006724465958424,FALSE,FALSE
2021-08-09,East_Antarctica,2.989018665,0.05944473247876258,0.05944473247876258,0.31006724465958424,FALSE,FALSE
2021-08-10,East_Antarctica,3.024758618,0.0873313040860424,0.0873313040860424,0.31006724465958424,FALSE,FALSE
2021-08-11,East_Antarctica,3.046904995,0.10177501353929096,0.10177501353929096,0.31006724465958424,FALSE,FALSE
2021-08-12,East_Antarctica,3.04531489,0.09258119285992804,0.09258119285992804,0.31006724465958424,FALSE,FALSE
2021-08-13,East_Antarctica,3.065538035,0.10524781206937116,0.10524781206937116,0.31006724465958424,FALSE,FALSE
2021-08-14,East_Antarctica,3.085214406,0.11736308518904348,0.11736308518904348,0.31006724465958424,FALSE,FALSE
2021-08-15,East_Antarctica,3.045809243,0.07034049024036193,0.07034049024036193,0.31006724465958424,FALSE,FALSE
2021-08-16,East_Antarctica,3.035922587,0.05272983854047197,0.05272983854047197,0.31006724465958424,FALSE,FALSE
2021-08-17,East_Antarctica,3.074006733,0.08297873883431306,0.08297873883431306,0.31006724465958424,FALSE,FALSE
2021-08-18,East_Antarctica,3.111482584,0.11255553591180913,0.11255553591180913,0.31006724465958424,FALSE,FALSE
2021-08-19,East_Antarctica,3.099760091,0.09292047931448488,0.09292047931448488,0.31006724465958424,FALSE,FALSE
2021-08-20,East_Antarctica,3.111653588,0.09693820158387556,0.09693820158387556,0.31006724465958424,FALSE,FALSE
2021-08-21,East_Antarctica,3.125017937,0.10251386326151037,0.10251386326151037,0.31006724465958424,FALSE,FALSE
2021-08-22,East_Antarctica,3.141978843,0.1118234678889194,0.1118234678889194,0.31006724465958424,FALSE,FALSE
2021-08-23,East_Antarctica,3.140421363,0.10280237100763225,0.10280237100763225,0.31006724465958424,FALSE,FALSE
2021-08-24,East_Antarctica,3.138808244,0.0939636181591812,0.0939636181591812,0.31006724465958424,FALSE,FALSE
2021-08-25,East_Antarctica,3.164496683,0.11271470488509694,0.11271470488509694,0.31006724465958424,FALSE,FALSE
2021-08-26,East_Antarctica,3.187582757,0.12920200672690907,0.12920200672690907,0.31006724465958424,FALSE,FALSE
2021-08-27,East_Antarctica,3.204805356,0.14021471222614856,0.14021471222614856,0.31006724465958424,FALSE,FALSE
2021-08-28,East_Antarctica,3.201556758,0.1311953979243481,0.1311953979243481,0.31006724465958424,FALSE,FALSE
2021-08-29,East_Antarctica,3.207098418,0.131446825738065,0.131446825738065,0.31006724465958424,FALSE,FALSE
2021-08-30,East_Antarctica,3.152548608,0.07207392622076236,0.07207392622076236,0.31006724465958424,FALSE,FALSE
2021-08-31,East_Antarctica,3.098713218,0.01384871479498706,0.01384871479498706,0.31006724465958424,FALSE,FALSE
2021-09-01,East_Antarctica,3.046208412,-0.0426465559464102,0.0426465559464102,0.31006724465958424,FALSE,FALSE
2021-09-02,East_Antarctica,3.046651239,-0.04582874841057727,0.04582874841057727,0.31006724465958424,FALSE,FALSE
2021-09-03,East_Antarctica,3.085484579,-0.01028889400466548,0.01028889400466548,0.31006724465958424,FALSE,FALSE
2021-09-04,East_Antarctica,3.103652535,0.00488319886418153,0.00488319886418153,0.31006724465958424,FALSE,FALSE
2021-09-05,East_Antarctica,3.140206849,0.03870536078881281,0.03870536078881281,0.31006724465958424,FALSE,FALSE
2021-09-06,East_Antarctica,3.195114818,0.09111097736207928,0.09111097736207928,0.31006724465958424,FALSE,FALSE
2021-09-07,East_Antarctica,3.271212715,0.16490241017683438,0.16490241017683438,0.31006724465958424,FALSE,FALSE
2021-09-08,East_Antarctica,3.320009467,0.21155467482592585,0.21155467482592585,0.31006724465958424,FALSE,FALSE
2021-09-09,East_Antarctica,3.318981139,0.2085099249022115,0.2085099249022115,0.31006724465958424,FALSE,FALSE
2021-09-10,East_Antarctica,3.261236963,0.14884353280647522,0.14884353280647522,0.31006724465958424,FALSE,FALSE
2021-09-11,East_Antarctica,3.239027591,0.12477720915217994,0.12477720915217994,0.31006724465958424,FALSE,FALSE
2021-09-12,East_Antarctica,3.223013021,0.10695091059008945,0.10695091059008945,0.31006724465958424,FALSE,FALSE
2021-09-13,East_Antarctica,3.176968055,0.0591203348673095,0.0591203348673095,0.31006724465958424,FALSE,FALSE
2021-09-14,East_Antarctica,3.087948177,-0.0316781382690543,0.0316781382690543,0.31006724465958424,FALSE,FALSE
2021-09-15,East_Antarctica,3.017664833,-0.10375216707190038,0.10375216707190038,0.31006724465958424,FALSE,FALSE
2021-09-16,East_Antarctica,2.965394483,-0.1578443957941218,0.1578443957941218,0.31006724465958424,FALSE,FALSE
2021-09-17,East_Antarctica,2.905363255,-0.21974780068861488,0.21974780068861488,0.31006724465958424,FALSE,FALSE
2021-09-18,East_Antarctica,2.861232368,-0.26582026700827566,0.26582026700827566,0.31006724465958424,FALSE,FALSE
2021-09-19,East_Antarctica,2.840764969,-0.28831775200599896,0.28831775200599896,0.31006724465958424,FALSE,FALSE
2021-09-20,East_Antarctica,2.905330757,-0.225889660934679,0.225889660934679,0.31006724465958424,FALSE,FALSE
2021-09-21,East_Antarctica,2.98574839,-0.14773644004721476,0.14773644004721476,0.31006724465958424,FALSE,FALSE
2021-09-22,East_Antarctica,3.095905679,-0.03998938259649964,0.03998938259649964,0.31006724465958424,FALSE,FALSE
2021-09-23,East_Antarctica,3.123419384,-0.01504474587983661,0.01504474587983661,0.31006724465958424,FALSE,FALSE
2021-09-24,East_Antarctica,3.150043211,0.0089033265128946,0.0089033265128946,0.31006724465958424,FALSE,FALSE
2021-09-25,East_Antarctica,3.173968648,0.03013800472490269,0.03013800472490269,0.31006724465958424,FALSE,FALSE
2021-09-26,East_Antarctica,3.163917584,0.01747341457322671,0.01747341457322671,0.31006724465958424,FALSE,FALSE
2021-09-27,East_Antarctica,3.128778992,-0.02010923412510035,0.02010923412510035,0.31006724465958424,FALSE,FALSE
2021-09-28,East_Antarctica,3.154836775,0.00376619844696168,0.00376619844696168,0.31006724465958424,FALSE,FALSE
2021-09-29,East_Antarctica,3.143537861,-0.00936112289355284,0.00936112289355284,0.31006724465958424,FALSE,FALSE
2021-09-30,East_Antarctica,3.144953859,-0.00932735232960579,0.00932735232960579,0.31006724465958424,FALSE,FALSE
2021-10-01,East_Antarctica,3.123022879,-0.03210214304416192,0.03210214304416192,0.31006724465958424,FALSE,FALSE
2021-10-02,East_Antarctica,3.103982889,-0.05135529022018259,0.05135529022018259,0.31006724465958424,FALSE,FALSE
2021-10-03,East_Antarctica,3.081540474,-0.07328797204063031,0.07328797204063031,0.31006724465958424,FALSE,FALSE
2021-10-04,East_Antarctica,3.014784227,-0.13871935868847318,0.13871935868847318,0.31006724465958424,FALSE,FALSE
2021-10-05,East_Antarctica,2.968328268,-0.18294312110745856,0.18294312110745856,0.31006724465958424,FALSE,FALSE
2021-10-06,East_Antarctica,2.864096528,-0.28397669951429316,0.28397669951429316,0.31006724465958424,FALSE,FALSE
2021-10-07,East_Antarctica,2.863929311,-0.2800199391539304,0.2800199391539304,0.31006724465958424,FALSE,FALSE
2021-10-08,East_Antarctica,2.831356733,-0.3076009445168064,0.3076009445168064,0.31006724465958424,FALSE,FALSE
2021-10-09,East_Antarctica,2.819731707,-0.31342502309335796,0.31342502309335796,0.31006724465958424,TRUE,TRUE
2021-10-10,East_Antarctica,2.76489247,-0.3617121583740177,0.3617121583740177,0.31006724465958424,TRUE,TRUE
2021-10-11,East_Antarctica,2.720672677,-0.39868691584922145,0.39868691584922145,0.31006724465958424,TRUE,TRUE
2021-10-12,East_Antarctica,2.693995332,-0.41748451200940995,0.41748451200940995,0.31006724465958424,TRUE,TRUE
2021-10-13,East_Antarctica,2.664343919,-0.4386796833450153,0.4386796833450153,0.31006724465958424,TRUE,TRUE
2021-10-14,East_Antarctica,2.684268922,-0.4097801663464722,0.4097801663464722,0.31006724465958424,TRUE,TRUE
2021-10-15,East_Antarctica,2.690012885,-0.39460163750421806,0.39460163750421806,0.31006724465958424,TRUE,TRUE
2021-10-16,East_Antarctica,2.651756401,-0.42302172430868445,0.42302172430868445,0.31006724465958424,TRUE,TRUE
2021-10-17,East_Antarctica,2.672417343,-0.3921807742503152,0.3921807742503152,0.31006724465958424,TRUE,TRUE
2021-10-18,East_Antarctica,2.643675622,-0.41045379697508144,0.41045379697508144,0.31006724465958424,TRUE,TRUE
2021-10-19,East_Antarctica,2.616792879,-0.4265639844104516,0.4265639844104516,0.31006724465958424,TRUE,TRUE
2021-10-20,East_Antarctica,2.561911157,-0.4702871215533988,0.4702871215533988,0.31006724465958424,TRUE,TRUE
2021-10-21,East_Antarctica,2.462631665,-0.5579371445051313,0.5579371445051313,0.31006724465958424,TRUE,TRUE
2021-10-22,East_Antarctica,2.461886921,-0.5464966803668658,0.5464966803668658,0.31006724465958424,TRUE,TRUE
2021-10-23,East_Antarctica,2.432407188,-0.5631506112398084,0.5631506112398084,0.31006724465958424,TRUE,TRUE
2021-10-24,East_Antarctica,2.332224026,-0.6497825222251747,0.6497825222251747,0.31006724465958424,TRUE,TRUE
2021-10-25,East_Antarctica,2.318763756,-0.6488812374241761,0.6488812374241761,0.31006724465958424,TRUE,TRUE
2021-10-26,East_Antarctica,2.301101574,-0.6512867059380225,0.6512867059380225,0.31006724465958424,TRUE,TRUE
2021-10-27,East_Antarctica,2.296979937,-0.6391716158679279,0.6391716158679279,0.31006724465958424,TRUE,TRUE
2021-10-28,East_Antarctica,2.296727608,-0.6221223493151045,0.6221223493151045,0.31006724465958424,TRUE,TRUE
2021-10-29,East_Antarctica,2.291359599,-0.6090390393807623,0.6090390393807623,0.31006724465958424,TRUE,TRUE
2021-10-30,East_Antarctica,2.267138753,-0.6135739881661153,0.6135739881661153,0.31006724465958424,TRUE,TRUE
2021-10-31,East_Antarctica,2.286516388,-0.5732034334197498,0.5732034334197498,0.31006724465958424,TRUE,TRUE
2021-11-01,East_Antarctica,2.317770858,-0.5196376647915097,0.5196376647915097,0.31006724465958424,TRUE,TRUE
2021-11-02,East_Antarctica,2.324315441,-0.4894708117606936,0.4894708117606936,0.31006724465958424,TRUE,TRUE
2021-11-03,East_Antarctica,2.30789122,-0.48096920385081665,0.48096920385081665,0.31006724465958424,TRUE,TRUE
2021-11-04,East_Antarctica,2.295351569,-0.46728687958538906,0.46728687958538906,0.31006724465958424,TRUE,TRUE
2021-11-05,East_Antarctica,2.295453593,-0.439674146487921,0.439674146487921,0.31006724465958424,TRUE,TRUE
2021-11-06,East_Antarctica,2.303684702,-0.40265100708192847,0.40265100708192847,0.31006724465958424,TRUE,TRUE
2021-11-07,East_Antarctica,2.300478037,-0.3757917328909186,0.3757917328909186,0.31006724465958424,TRUE,TRUE
2021-11-08,East_Antarctica,2.273367857,-0.3715694774384062,0.3715694774384062,0.31006724465958424,TRUE,TRUE
2021-11-09,East_Antarctica,2.224665547,-0.387680268247903,0.387680268247903,0.31006724465958424,TRUE,TRUE
2021-11-10,East_Antarctica,2.201713806,-0.37678881884291826,0.37678881884291826,0.31006724465958424,TRUE,TRUE
2021-11-11,East_Antarctica,2.194767119,-0.3486480567469661,0.3486480567469661,0.31006724465958424,TRUE,TRUE
2021-11-12,East_Antarctica,2.155460215,-0.3516315730482633,0.3516315730482633,0.31006724465958424,TRUE,TRUE
2021-11-13,East_Antarctica,2.136609907,-0.3329810804070674,0.3329810804070674,0.31006724465958424,TRUE,TRUE
2021-11-14,East_Antarctica,2.130368762,-0.30067800693442903,0.30067800693442903,0.31006724465958424,FALSE,FALSE
2021-11-15,East_Antarctica,2.119952411,-0.27164694172772075,0.27164694172772075,0.31006724465958424,FALSE,FALSE
2021-11-16,East_Antarctica,2.110309893,-0.24107906588431893,0.24107906588431893,0.31006724465958424,FALSE,FALSE
2021-11-17,East_Antarctica,2.077639203,-0.232916604501598,0.232916604501598,0.31006724465958424,FALSE,FALSE
2021-11-18,East_Antarctica,2.051483808,-0.2177563106769358,0.2177563106769358,0.31006724465958424,FALSE,FALSE
2021-11-19,East_Antarctica,2.050911135,-0.17667097750770644,0.17667097750770644,0.31006724465958424,FALSE,FALSE
2021-11-20,East_Antarctica,2.037220541,-0.1485014680912844,0.1485014680912844,0.31006724465958424,FALSE,FALSE
2021-11-21,East_Antarctica,2.024046432,-0.11975359652504468,0.11975359652504468,0.31006724465958424,FALSE,FALSE
2021-11-22,East_Antarctica,2.002675684,-0.09928070690636348,0.09928070690636348,0.31006724465958424,FALSE,FALSE
2021-11-23,East_Antarctica,1.984355269,-0.07597604733261809,0.07597604733261809,0.31006724465958424,FALSE,FALSE
2021-11-24,East_Antarctica,1.966062119,-0.05300290590118051,0.05300290590118051,0.31006724465958424,FALSE,FALSE
2021-11-25,East_Antarctica,1.959748,-0.01854124906566223,0.01854124906566223,0.31006724465958424,FALSE,FALSE
2021-11-26,East_Antarctica,1.931636772,-0.00642716221076922,0.00642716221076922,0.31006724465958424,FALSE,FALSE
2021-11-27,East_Antarctica,1.892020309,-0.00639262032186027,0.00639262032186027,0.31006724465958424,FALSE,FALSE
2021-11-28,East_Antarctica,1.847920906,-0.01143890397503288,0.01143890397503288,0.31006724465958424,FALSE,FALSE
2021-11-29,East_Antarctica,1.80527571,-0.0156524417463888,0.0156524417463888,0.31006724465958424,FALSE,FALSE
2021-11-30,East_Antarctica,1.76384989,-0.01929164021202423,0.01929164021202423,0.31006724465958424,FALSE,FALSE
2021-12-01,East_Antarctica,1.73525982,-0.01076370094803991,0.01076370094803991,0.31006724465958424,FALSE,FALSE
2021-12-02,East_Antarctica,1.683191002,-0.02640669753053326,0.02640669753053326,0.31006724465958424,FALSE,FALSE
2021-12-03,East_Antarctica,1.626967254,-0.04692038753560523,0.04692038753560523,0.31006724465958424,FALSE,FALSE
2021-12-04,East_Antarctica,1.578060411,-0.06085651153935401,0.06085651153935401,0.31006724465958424,FALSE,FALSE
2021-12-05,East_Antarctica,1.526822844,-0.07788627411787785,0.07788627411787785,0.31006724465958424,FALSE,FALSE
2021-12-06,East_Antarctica,1.497027135,-0.07426066884727733,0.07426066884727733,0.31006724465958424,FALSE,FALSE
2021-12-07,East_Antarctica,1.461780479,-0.07689605231779639,0.07689605231779639,0.31006724465958424,FALSE,FALSE
2021-12-08,East_Antarctica,1.434713054,-0.07217835214303725,0.07217835214303725,0.31006724465958424,FALSE,FALSE
2021-12-09,East_Antarctica,1.407868742,-0.06806183497494889,0.06806183497494889,0.31006724465958424,FALSE,FALSE
2021-12-10,East_Antarctica,1.389364273,-0.05642526682190407,0.05642526682190407,0.31006724465958424,FALSE,FALSE
2021-12-11,East_Antarctica,1.357752212,-0.05871157869228294,0.05871157869228294,0.31006724465958424,FALSE,FALSE
2021-12-12,East_Antarctica,1.358048756,-0.02990006959446223,0.02990006959446223,0.31006724465958424,FALSE,FALSE
2021-12-13,East_Antarctica,1.308778146,-0.05146199453681643,0.05146199453681643,0.31006724465958424,FALSE,FALSE
2021-12-14,East_Antarctica,1.269791157,-0.06354207452772287,0.06354207452772287,0.31006724465958424,FALSE,FALSE
2021-12-15,East_Antarctica,1.257267876,-0.04995571857555769,0.04995571857555769,0.31006724465958424,FALSE,FALSE
2021-12-16,East_Antarctica,1.242166897,-0.03973982868869785,0.03973982868869785,0.31006724465958424,FALSE,FALSE
2021-12-17,East_Antarctica,1.222346733,-0.03503138787551929,0.03503138787551929,0.31006724465958424,FALSE,FALSE
2021-12-18,East_Antarctica,1.16106005,-0.07257322614440054,0.07257322614440054,0.31006724465958424,FALSE,FALSE
2021-12-19,East_Antarctica,1.142365678,-0.06830200950371501,0.06830200950371501,0.31006724465958424,FALSE,FALSE
2021-12-20,East_Antarctica,1.102764078,-0.08571196647833412,0.08571196647833412,0.31006724465958424,FALSE,FALSE
2021-12-21,East_Antarctica,1.089517305,-0.0775229795343586,0.0775229795343586,0.31006724465958424,FALSE,FALSE
2021-12-22,East_Antarctica,1.059835727,-0.08649643917681171,0.08649643917681171,0.31006724465958424,FALSE,FALSE
2021-12-23,East_Antarctica,1.049002517,-0.07732064725439791,0.07732064725439791,0.31006724465958424,FALSE,FALSE
2021-12-24,East_Antarctica,1.042986838,-0.06399791561581925,0.06399791561581925,0.31006724465958424,FALSE,FALSE
2021-12-25,East_Antarctica,1.032188591,-0.05609981810978071,0.05609981810978071,0.31006724465958424,FALSE,FALSE
2021-12-26,East_Antarctica,1.033293592,-0.03691201358498586,0.03691201358498586,0.31006724465958424,FALSE,FALSE
2021-12-27,East_Antarctica,1.05190417,-8.036478901394251e-4,8.036478901394251e-4,0.31006724465958424,FALSE,FALSE
2021-12-28,East_Antarctica,1.064968619,0.02920209812605545,0.02920209812605545,0.31006724465958424,FALSE,FALSE
2021-12-29,East_Antarctica,1.067349676,0.04799648661489653,0.04799648661489653,0.31006724465958424,FALSE,FALSE
2021-12-30,East_Antarctica,1.050367815,0.0469285167276785,0.0469285167276785,0.31006724465958424,FALSE,FALSE
2021-12-31,East_Antarctica,1.015332133,0.02733581061569545,0.02733581061569545,0.31006724465958424,FALSE,FALSE
2022-01-01,East_Antarctica,0.994923473,0.02192773643024592,0.02192773643024592,0.31006724465958424,FALSE,FALSE
2022-01-02,East_Antarctica,0.971330004,0.01291988534385213,0.01291988534385213,0.31006724465958424,FALSE,FALSE
2022-01-03,East_Antarctica,0.944216845,3.86613928760049e-7,3.86613928760049e-7,0.31006724465958424,FALSE,FALSE
2022-01-04,East_Antarctica,0.930282481,-1.1036748087878134e-4,1.1036748087878134e-4,0.31006724465958424,FALSE,FALSE
2022-01-05,East_Antarctica,0.891081592,-0.02583578966192368,0.02583578966192368,0.31006724465958424,FALSE,FALSE
2022-01-06,East_Antarctica,0.855098854,-0.04866929665056885,0.04866929665056885,0.31006724465958424,FALSE,FALSE
2022-01-07,East_Antarctica,0.853052036,-0.0378712121681668,0.0378712121681668,0.31006724465958424,FALSE,FALSE
2022-01-08,East_Antarctica,0.846341633,-0.03201913393607469,0.03201913393607469,0.31006724465958424,FALSE,FALSE
2022-01-09,East_Antarctica,0.834938144,-0.03112065567565114,0.03112065567565114,0.31006724465958424,FALSE,FALSE
2022-01-10,East_Antarctica,0.792654916,-0.06134052310824967,0.06134052310824967,0.31006724465958424,FALSE,FALSE
2022-01-11,East_Antarctica,0.792536221,-0.0496125569552297,0.0496125569552297,0.31006724465958424,FALSE,FALSE
2022-01-12,East_Antarctica,0.790020645,-0.04047626393794645,0.04047626393794645,0.31006724465958424,FALSE,FALSE
2022-01-13,East_Antarctica,0.790725801,-0.02829212377775702,0.02829212377775702,0.31006724465958424,FALSE,FALSE
2022-01-14,East_Antarctica,0.771424901,-0.03626535202744463,0.03626535202744463,0.31006724465958424,FALSE,FALSE
2022-01-15,East_Antarctica,0.755057597,-0.04144673961132594,0.04144673961132594,0.31006724465958424,FALSE,FALSE
2022-01-16,East_Antarctica,0.724271058,-0.06119461314158259,0.06119461314158259,0.31006724465958424,FALSE,FALSE
2022-01-17,East_Antarctica,0.709743573,-0.06483713121350254,0.06483713121350254,0.31006724465958424,FALSE,FALSE
2022-01-18,East_Antarctica,0.68485724,-0.07899864342237173,0.07899864342237173,0.31006724465958424,FALSE,FALSE
2022-01-19,East_Antarctica,0.670888604,-0.08240905236347784,0.08240905236347784,0.31006724465958424,FALSE,FALSE
2022-01-20,East_Antarctica,0.67445959,-0.06845288063210853,0.06845288063210853,0.31006724465958424,FALSE,FALSE
2022-01-21,East_Antarctica,0.675596273,-0.0571105008235504,0.0571105008235504,0.31006724465958424,FALSE,FALSE
2022-01-22,East_Antarctica,0.670804124,-0.05188288953309028,0.05188288953309028,0.31006724465958424,FALSE,FALSE
2022-01-23,East_Antarctica,0.650880537,-0.06197910035601617,0.06197910035601617,0.31006724465958424,FALSE,FALSE
2022-01-24,East_Antarctica,0.63287331,-0.07035778288761485,0.07035778288761485,0.31006724465958424,FALSE,FALSE
2022-01-25,East_Antarctica,0.615371781,-0.07843604672317339,0.07843604672317339,0.31006724465958424,FALSE,FALSE
2022-01-26,East_Antarctica,0.581455866,-0.10314042345797848,0.10314042345797848,0.31006724465958424,FALSE,FALSE
2022-01-27,East_Antarctica,0.565675905,-0.1099262018014473,0.1099262018014473,0.31006724465958424,FALSE,FALSE
2022-01-28,East_Antarctica,0.580231357,-0.08659400804873152,0.08659400804873152,0.31006724465958424,FALSE,FALSE
2022-01-29,East_Antarctica,0.570452725,-0.08781112588044693,0.08781112588044693,0.31006724465958424,FALSE,FALSE
2022-01-30,East_Antarctica,0.56972725,-0.08018809357264434,0.08018809357264434,0.31006724465958424,FALSE,FALSE
2022-01-31,East_Antarctica,0.56668047,-0.07509715240137249,0.07509715240137249,0.31006724465958424,FALSE,FALSE
2022-02-01,East_Antarctica,0.551551329,-0.08229713764267976,0.08229713764267976,0.31006724465958424,FALSE,FALSE
2022-02-02,East_Antarctica,0.541895493,-0.08423016257261662,0.08423016257261662,0.31006724465958424,FALSE,FALSE
2022-02-03,East_Antarctica,0.52971338,-0.0888935884672305,0.0888935884672305,0.31006724465958424,FALSE,FALSE
2022-02-04,East_Antarctica,0.523704113,-0.08758607160257181,0.08758607160257181,0.31006724465958424,FALSE,FALSE
2022-02-05,East_Antarctica,0.51460946,-0.0895636232546897,0.0895636232546897,0.31006724465958424,FALSE,FALSE
2022-02-06,East_Antarctica,0.500747037,-0.09650640669963316,0.09650640669963316,0.31006724465958424,FALSE,FALSE
2022-02-07,East_Antarctica,0.497803386,-0.09272565921345104,0.09272565921345104,0.31006724465958424,FALSE,FALSE
2022-02-08,East_Antarctica,0.483189801,-0.10080800531916025,0.10080800531916025,0.31006724465958424,FALSE,FALSE
2022-02-09,East_Antarctica,0.491055395,-0.08662063438723772,0.08662063438723772,0.31006724465958424,FALSE,FALSE
2022-02-10,East_Antarctica,0.506910105,-0.06470647284545228,0.06470647284545228,0.31006724465958424,FALSE,FALSE
2022-02-11,East_Antarctica,0.511223981,-0.05465265686708431,0.05465265686708431,0.31006724465958424,FALSE,FALSE
2022-02-12,East_Antarctica,0.501376759,-0.05913663662541391,0.05913663662541391,0.31006724465958424,FALSE,FALSE
2022-02-13,East_Antarctica,0.485022328,-0.07056170929372252,0.07056170929372252,0.31006724465958424,FALSE,FALSE
2022-02-14,East_Antarctica,0.466809581,-0.08433616804528937,0.08433616804528937,0.31006724465958424,FALSE,FALSE
2022-02-15,East_Antarctica,0.465672556,-0.08158316105339558,0.08158316105339558,0.31006724465958424,FALSE,FALSE
2022-02-16,East_Antarctica,0.473417842,-0.07055328549132284,0.07055328549132284,0.31006724465958424,FALSE,FALSE
2022-02-17,East_Antarctica,0.462110887,-0.07923827953234996,0.07923827953234996,0.31006724465958424,FALSE,FALSE
2022-02-18,East_Antarctica,0.468836157,-0.07061086334975858,0.07061086334975858,0.31006724465958424,FALSE,FALSE
2022-02-19,East_Antarctica,0.457169127,-0.08115274811682782,0.08115274811682782,0.31006724465958424,FALSE,FALSE
2022-02-20,East_Antarctica,0.454709625,-0.08332129200683946,0.08332129200683946,0.31006724465958424,FALSE,FALSE
2022-02-21,East_Antarctica,0.470116381,-0.06851187550458465,0.06851187550458465,0.31006724465958424,FALSE,FALSE
2022-02-22,East_Antarctica,0.460396151,-0.07973456457582673,0.07973456457582673,0.31006724465958424,FALSE,FALSE
2022-02-23,East_Antarctica,0.443159626,-0.099370684236257,0.099370684236257,0.31006724465958424,FALSE,FALSE
2022-02-24,East_Antarctica,0.442359945,-0.10345866308510976,0.10345866308510976,0.31006724465958424,FALSE,FALSE
2022-02-25,East_Antarctica,0.466394704,-0.0835924727216188,0.0835924727216188,0.31006724465958424,FALSE,FALSE
2022-02-26,East_Antarctica,0.484742319,-0.0702852647450165,0.0702852647450165,0.31006724465958424,FALSE,FALSE
2022-02-27,East_Antarctica,0.505488299,-0.05544309775453826,0.05544309775453826,0.31006724465958424,FALSE,FALSE
2022-02-28,East_Antarctica,0.513440091,-0.05425009234941669,0.05425009234941669,0.31006724465958424,FALSE,FALSE
2022-03-01,East_Antarctica,0.500695749,-0.07459976212888508,0.07459976212888508,0.31006724465958424,FALSE,FALSE
2022-03-02,East_Antarctica,0.499750536,-0.0839884116921778,0.0839884116921778,0.31006724465958424,FALSE,FALSE
2022-03-03,East_Antarctica,0.50889029,-0.08412177063852755,0.08412177063852755,0.31006724465958424,FALSE,FALSE
2022-03-04,East_Antarctica,0.545501789,-0.05760462856716908,0.05760462856716908,0.31006724465958424,FALSE,FALSE
2022-03-05,East_Antarctica,0.586166614,-0.02784696793456731,0.02784696793456731,0.31006724465958424,FALSE,FALSE
2022-03-06,East_Antarctica,0.60384618,-0.02186352661669599,0.02186352661669599,0.31006724465958424,FALSE,FALSE
2022-03-07,East_Antarctica,0.593815272,-0.04430550149318346,0.04430550149318346,0.31006724465958424,FALSE,FALSE
2022-03-08,East_Antarctica,0.615088043,-0.03607452867992766,0.03607452867992766,0.31006724465958424,FALSE,FALSE
2022-03-09,East_Antarctica,0.644269187,-0.02048170329282872,0.02048170329282872,0.31006724465958424,FALSE,FALSE
2022-03-10,East_Antarctica,0.642400556,-0.03640096244778523,0.03640096244778523,0.31006724465958424,FALSE,FALSE
2022-03-11,East_Antarctica,0.675135684,-0.0180945612606953,0.0180945612606953,0.31006724465958424,FALSE,FALSE
2022-03-12,East_Antarctica,0.712114556,0.00416169615254247,0.00416169615254247,0.31006724465958424,FALSE,FALSE
2022-03-13,East_Antarctica,0.717539082,-0.00534606932397285,0.00534606932397285,0.31006724465958424,FALSE,FALSE
2022-03-14,East_Antarctica,0.720085,-0.01785790880613857,0.01785790880613857,0.31006724465958424,FALSE,FALSE
2022-03-15,East_Antarctica,0.733579164,-0.01946275740985426,0.01946275740985426,0.31006724465958424,FALSE,FALSE
2022-03-16,East_Antarctica,0.744394735,-0.02370324325101924,0.02370324325101924,0.31006724465958424,FALSE,FALSE
2022-03-17,East_Antarctica,0.749101947,-0.03392492144553016,0.03392492144553016,0.31006724465958424,FALSE,FALSE
2022-03-18,East_Antarctica,0.770962002,-0.02678482960892769,0.02678482960892769,0.31006724465958424,FALSE,FALSE
2022-03-19,East_Antarctica,0.773429346,-0.0388079622280395,0.0388079622280395,0.31006724465958424,FALSE,FALSE
2022-03-20,East_Antarctica,0.792280795,-0.03426096041366422,0.03426096041366422,0.31006724465958424,FALSE,FALSE
2022-03-21,East_Antarctica,0.781842189,-0.05886445528399187,0.05886445528399187,0.31006724465958424,FALSE,FALSE
2022-03-22,East_Antarctica,0.764202392,-0.09057605395721492,0.09057605395721492,0.31006724465958424,FALSE,FALSE
2022-03-23,East_Antarctica,0.74404591899999994,-0.12475771255152468,0.12475771255152468,0.31006724465958424,FALSE,FALSE
2022-03-24,East_Antarctica,0.763520842,-0.11930783018511192,0.11930783018511192,0.31006724465958424,FALSE,FALSE
2022-03-25,East_Antarctica,0.784790326,-0.1121097129761679,0.1121097129761679,0.31006724465958424,FALSE,FALSE
2022-03-26,East_Antarctica,0.810231375,-0.10083282804288608,0.10083282804288608,0.31006724465958424,FALSE,FALSE
2022-03-27,East_Antarctica,0.838087226,-0.08728040950345439,0.08728040950345439,0.31006724465958424,FALSE,FALSE
2022-03-28,East_Antarctica,0.867628972,-0.07222783547606793,0.07222783547606793,0.31006724465958424,FALSE,FALSE
2022-03-29,East_Antarctica,0.885092676,-0.06948551407891612,0.06948551407891612,0.31006724465958424,FALSE,FALSE
2022-03-30,East_Antarctica,0.921306489,-0.04827176543018952,0.04827176543018952,0.31006724465958424,FALSE,FALSE
2022-03-31,East_Antarctica,0.952078708,-0.03281603426454016,0.03281603426454016,0.31006724465958424,FALSE,FALSE
2022-04-01,East_Antarctica,0.995619131,-0.00489854921612309,0.00489854921612309,0.31006724465958424,FALSE,FALSE
2022-04-02,East_Antarctica,1.007697333,-0.00872354084112059,0.00872354084112059,0.31006724465958424,FALSE,FALSE
2022-04-03,East_Antarctica,1.021060583,-0.01151753228576213,0.01151753228576213,0.31006724465958424,FALSE,FALSE
2022-04-04,East_Antarctica,1.022381862,-0.02658133469627599,0.02658133469627599,0.31006724465958424,FALSE,FALSE
2022-04-05,East_Antarctica,1.024148704,-0.04140120621888998,0.04140120621888998,0.31006724465958424,FALSE,FALSE
2022-04-06,East_Antarctica,1.037288553,-0.04502349499983271,0.04502349499983271,0.31006724465958424,FALSE,FALSE
2022-04-07,East_Antarctica,1.046874496,-0.05234890618533372,0.05234890618533372,0.31006724465958424,FALSE,FALSE
2022-04-08,East_Antarctica,1.070482196,-0.04577556892161949,0.04577556892161949,0.31006724465958424,FALSE,FALSE
2022-04-09,East_Antarctica,1.074222823,-0.05916610535491906,0.05916610535491906,0.31006724465958424,FALSE,FALSE
2022-04-10,East_Antarctica,1.086911517,-0.06367916763146209,0.06367916763146209,0.31006724465958424,FALSE,FALSE
2022-04-11,East_Antarctica,1.116486519,-0.05135030689747455,0.05135030689747455,0.31006724465958424,FALSE,FALSE
2022-04-12,East_Antarctica,1.157310898,-0.02779040881106365,0.02779040881106365,0.31006724465958424,FALSE,FALSE
2022-04-13,East_Antarctica,1.181981125,-0.02038853928964146,0.02038853928964146,0.31006724465958424,FALSE,FALSE
2022-04-14,East_Antarctica,1.204229281,-0.01541724750121154,0.01541724750121154,0.31006724465958424,FALSE,FALSE
2022-04-15,East_Antarctica,1.219148057,-0.01779025600885297,0.01779025600885297,0.31006724465958424,FALSE,FALSE
2022-04-16,East_Antarctica,1.213728549,-0.0405228823756405,0.0405228823756405,0.31006724465958424,FALSE,FALSE
2022-04-17,East_Antarctica,1.220876275,-0.05071602216465543,0.05071602216465543,0.31006724465958424,FALSE,FALSE
2022-04-18,East_Antarctica,1.230391765,-0.0585755589389727,0.0585755589389727,0.31006724465958424,FALSE,FALSE
2022-04-19,East_Antarctica,1.23456128,-0.0718216452616689,0.0718216452616689,0.31006724465958424,FALSE,FALSE
2022-04-20,East_Antarctica,1.263424164,-0.06042135069582355,0.06042135069582355,0.31006724465958424,FALSE,FALSE
2022-04-21,East_Antarctica,1.293604081,-0.04775742480451361,0.04775742480451361,0.31006724465958424,FALSE,FALSE
2022-04-22,East_Antarctica,1.333995925,-0.02494138715081662,0.02494138715081662,0.31006724465958424,FALSE,FALSE
2022-04-23,East_Antarctica,1.369554606,-0.00702474129781149,0.00702474129781149,0.31006724465958424,FALSE,FALSE
2022-04-24,East_Antarctica,1.424333995,0.03003997019142756,0.03003997019142756,0.31006724465958424,FALSE,FALSE
2022-04-25,East_Antarctica,1.454921022,0.04283386991392191,0.04283386991392191,0.31006724465958424,FALSE,FALSE
2022-04-26,East_Antarctica,1.454877633,0.02491885344951572,0.02491885344951572,0.31006724465958424,FALSE,FALSE
2022-04-27,East_Antarctica,1.462679558,0.0147737817204272,0.0147737817204272,0.31006724465958424,FALSE,FALSE
2022-04-28,East_Antarctica,1.455408685,-0.01051629283919575,0.01051629283919575,0.31006724465958424,FALSE,FALSE
2022-04-29,East_Antarctica,1.449875424,-0.03413779579520737,0.03413779579520737,0.31006724465958424,FALSE,FALSE
2022-04-30,East_Antarctica,1.485820408,-0.01634692971345908,0.01634692971345908,0.31006724465958424,FALSE,FALSE
2022-05-01,East_Antarctica,1.528326686,0.00794251884019536,0.00794251884019536,0.31006724465958424,FALSE,FALSE
2022-05-02,East_Antarctica,1.554025585,0.01536504129990246,0.01536504129990246,0.31006724465958424,FALSE,FALSE
2022-05-03,East_Antarctica,1.576829323,0.01983602009981178,0.01983602009981178,0.31006724465958424,FALSE,FALSE
2022-05-04,East_Antarctica,1.593401849,0.01802256867406759,0.01802256867406759,0.31006724465958424,FALSE,FALSE
2022-05-05,East_Antarctica,1.600530772,0.00671546045681847,0.00671546045681847,0.31006724465958424,FALSE,FALSE
2022-05-06,East_Antarctica,1.613840691,0.00154245888221216,0.00154245888221216,0.31006724465958424,FALSE,FALSE
2022-05-07,East_Antarctica,1.623576359,-0.00724851561909978,0.00724851561909978,0.31006724465958424,FALSE,FALSE
2022-05-08,East_Antarctica,1.648096086,-0.00129431501717336,0.00129431501717336,0.31006724465958424,FALSE,FALSE
2022-05-09,East_Antarctica,1.672959598,0.00497407097198499,0.00497407097198499,0.31006724465958424,FALSE,FALSE
2022-05-10,East_Antarctica,1.666739074,-0.01986116279862293,0.01986116279862293,0.31006724465958424,FALSE,FALSE
2022-05-11,East_Antarctica,1.672530436,-0.03269407847599215,0.03269407847599215,0.31006724465958424,FALSE,FALSE
2022-05-12,East_Antarctica,1.72484719,9.988457928797878e-4,9.988457928797878e-4,0.31006724465958424,FALSE,FALSE
2022-05-13,East_Antarctica,1.72485938,-0.01760233013900025,0.01760233013900025,0.31006724465958424,FALSE,FALSE
2022-05-14,East_Antarctica,1.705149812,-0.05590478441863089,0.05590478441863089,0.31006724465958424,FALSE,FALSE
2022-05-15,East_Antarctica,1.716494585,-0.0631224021930068,0.0631224021930068,0.31006724465958424,FALSE,FALSE
2022-05-16,East_Antarctica,1.743298521,-0.0548403456091262,0.0548403456091262,0.31006724465958424,FALSE,FALSE
2022-05-17,East_Antarctica,1.762226192,-0.05438402681398169,0.05438402681398169,0.31006724465958424,FALSE,FALSE
2022-05-18,East_Antarctica,1.774170333,-0.06085069495457507,0.06085069495457507,0.31006724465958424,FALSE,FALSE
2022-05-19,East_Antarctica,1.790318351,-0.06304292717789717,0.06304292717789717,0.31006724465958424,FALSE,FALSE
2022-05-20,East_Antarctica,1.806285113,-0.06533541104870633,0.06533541104870633,0.31006724465958424,FALSE,FALSE
2022-05-21,East_Antarctica,1.795181473,-0.09459900840956426,0.09459900840956426,0.31006724465958424,FALSE,FALSE
2022-05-22,East_Antarctica,1.809239733,-0.09857628453853272,0.09857628453853272,0.31006724465958424,FALSE,FALSE
2022-05-23,East_Antarctica,1.844262143,-0.08143962629565271,0.08143962629565271,0.31006724465958424,FALSE,FALSE
2022-05-24,East_Antarctica,1.888481037,-0.05493133654097715,0.05493133654097715,0.31006724465958424,FALSE,FALSE
2022-05-25,East_Antarctica,1.926271472,-0.03465099513455128,0.03465099513455128,0.31006724465958424,FALSE,FALSE
2022-05-26,East_Antarctica,1.949291166,-0.02891552093642135,0.02891552093642135,0.31006724465958424,FALSE,FALSE
2022-05-27,East_Antarctica,1.954713339,-0.04052633080663415,0.04052633080663415,0.31006724465958424,FALSE,FALSE
2022-05-28,East_Antarctica,1.936437374,-0.0755586786052378,0.0755586786052378,0.31006724465958424,FALSE,FALSE
2022-05-29,East_Antarctica,1.944412828,-0.08403764419227944,0.08403764419227944,0.31006724465958424,FALSE,FALSE
2022-05-30,East_Antarctica,1.952875303,-0.09170226242780322,0.09170226242780322,0.31006724465958424,FALSE,FALSE
2022-05-31,East_Antarctica,1.955184447,-0.10516752217186044,0.10516752217186044,0.31006724465958424,FALSE,FALSE
2022-06-01,East_Antarctica,1.939173352,-0.13657496828449434,0.13657496828449434,0.31006724465958424,FALSE,FALSE
2022-06-02,East_Antarctica,1.920326826,-0.1704268647126146,0.1704268647126146,0.31006724465958424,FALSE,FALSE
2022-06-03,East_Antarctica,1.918067855,-0.18734246280645483,0.18734246280645483,0.31006724465958424,FALSE,FALSE
2022-06-04,East_Antarctica,1.925888064,-0.19388766726341045,0.19388766726341045,0.31006724465958424,FALSE,FALSE
2022-06-05,East_Antarctica,1.945506638,-0.18840082334734332,0.18840082334734332,0.31006724465958424,FALSE,FALSE
2022-06-06,East_Antarctica,1.975739015,-0.17212402332211751,0.17212402332211751,0.31006724465958424,FALSE,FALSE
2022-06-07,East_Antarctica,1.986413296,-0.17528669645159425,0.17528669645159425,0.31006724465958424,FALSE,FALSE
2022-06-08,East_Antarctica,1.988264406,-0.1872114479996367,0.1872114479996367,0.31006724465958424,FALSE,FALSE
2022-06-09,East_Antarctica,1.978139109,-0.21110904423010912,0.21110904423010912,0.31006724465958424,FALSE,FALSE
2022-06-10,East_Antarctica,1.972103512,-0.23097090840686896,0.23097090840686896,0.31006724465958424,FALSE,FALSE
2022-06-11,East_Antarctica,1.947089718,-0.26992246779378437,0.26992246779378437,0.31006724465958424,FALSE,FALSE
2022-06-12,East_Antarctica,1.956978621,-0.27414035865471464,0.27414035865471464,0.31006724465958424,FALSE,FALSE
2022-06-13,East_Antarctica,1.96443493,-0.28101740225352323,0.28101740225352323,0.31006724465958424,FALSE,FALSE
2022-06-14,East_Antarctica,1.99357681,-0.26649183159023426,0.26649183159023426,0.31006724465958424,FALSE,FALSE
2022-06-15,East_Antarctica,2.000305298,-0.27466909277903984,0.27466909277903984,0.31006724465958424,FALSE,FALSE
2022-06-16,East_Antarctica,2.024906666,-0.2652009209177906,0.2652009209177906,0.31006724465958424,FALSE,FALSE
2022-06-17,East_Antarctica,2.072718477,-0.23268279890020516,0.23268279890020516,0.31006724465958424,FALSE,FALSE
2022-06-18,East_Antarctica,2.111677487,-0.20911101661998543,0.20911101661998543,0.31006724465958424,FALSE,FALSE
2022-06-19,East_Antarctica,2.149513227,-0.186689088970851,0.186689088970851,0.31006724465958424,FALSE,FALSE
2022-06-20,East_Antarctica,2.16189407,-0.1896816888465103,0.1896816888465103,0.31006724465958424,FALSE,FALSE
2022-06-21,East_Antarctica,2.179209906,-0.1876319721406734,0.1876319721406734,0.31006724465958424,FALSE,FALSE
2022-06-22,East_Antarctica,2.213990809,-0.16794291074705558,0.16794291074705558,0.31006724465958424,FALSE,FALSE
2022-06-23,East_Antarctica,2.227427621,-0.1693567085593655,0.1693567085593655,0.31006724465958424,FALSE,FALSE
2022-06-24,East_Antarctica,2.231833192,-0.17949356147131512,0.17949356147131512,0.31006724465958424,FALSE,FALSE
2022-06-25,East_Antarctica,2.227894005,-0.19760003237661872,0.19760003237661872,0.31006724465958424,FALSE,FALSE
2022-06-26,East_Antarctica,2.252943816,-0.1862754111689826,0.1862754111689826,0.31006724465958424,FALSE,FALSE
2022-06-27,East_Antarctica,2.269991629,-0.18245325949935376,0.18245325949935376,0.31006724465958424,FALSE,FALSE
2022-06-28,East_Antarctica,2.326631027,-0.13855449611464143,0.13855449611464143,0.31006724465958424,FALSE,FALSE
2022-06-29,East_Antarctica,2.398198443,-0.07929006019169416,0.07929006019169416,0.31006724465958424,FALSE,FALSE
2022-06-30,East_Antarctica,2.420604687,-0.0687966829110156,0.0687966829110156,0.31006724465958424,FALSE,FALSE
2022-07-01,East_Antarctica,2.451555782,-0.0494158824531139,0.0494158824531139,0.31006724465958424,FALSE,FALSE
2022-07-02,East_Antarctica,2.478652177,-0.03359475099849929,0.03359475099849929,0.31006724465958424,FALSE,FALSE
2022-07-03,East_Antarctica,2.483645824,-0.03962887772767543,0.03962887772767543,0.31006724465958424,FALSE,FALSE
2022-07-04,East_Antarctica,2.481145197,-0.05295732982115186,0.05295732982115186,0.31006724465958424,FALSE,FALSE
2022-07-05,East_Antarctica,2.478012034,-0.0667659104594347,0.0667659104594347,0.31006724465958424,FALSE,FALSE
2022-07-06,East_Antarctica,2.464108369,-0.09124012682303206,0.09124012682303206,0.31006724465958424,FALSE,FALSE
2022-07-07,East_Antarctica,2.486745761,-0.07911596109245034,0.07911596109245034,0.31006724465958424,FALSE,FALSE
2022-07-08,East_Antarctica,2.500626839,-0.07573832544819581,0.07573832544819581,0.31006724465958424,FALSE,FALSE
2022-07-09,East_Antarctica,2.492682787,-0.09422351962662656,0.09422351962662656,0.31006724465958424,FALSE,FALSE
2022-07-10,East_Antarctica,2.486253158,-0.11126830174252644,0.11126830174252644,0.31006724465958424,FALSE,FALSE
2022-07-11,East_Antarctica,2.479640411,-0.12858207291385249,0.12858207291385249,0.31006724465958424,FALSE,FALSE
2022-07-12,East_Antarctica,2.471883267,-0.1471347365039661,0.1471347365039661,0.31006724465958424,FALSE,FALSE
2022-07-13,East_Antarctica,2.466380753,-0.1635358898762278,0.1635358898762278,0.31006724465958424,FALSE,FALSE
2022-07-14,East_Antarctica,2.456161584,-0.18476544239399265,0.18476544239399265,0.31006724465958424,FALSE,FALSE
2022-07-15,East_Antarctica,2.474455937,-0.1776018414206204,0.1776018414206204,0.31006724465958424,FALSE,FALSE
2022-07-16,East_Antarctica,2.485588167,-0.17772935631946796,0.17772935631946796,0.31006724465958424,FALSE,FALSE
2022-07-17,East_Antarctica,2.513397498,-0.16131738745389643,0.16131738745389643,0.31006724465958424,FALSE,FALSE
2022-07-18,East_Antarctica,2.535639209,-0.15061928018726034,0.15061928018726034,0.31006724465958424,FALSE,FALSE
2022-07-19,East_Antarctica,2.543221713,-0.1547352458829221,0.1547352458829221,0.31006724465958424,FALSE,FALSE
2022-07-20,East_Antarctica,2.548087253,-0.1617316659042367,0.1617316659042367,0.31006724465958424,FALSE,FALSE
2022-07-21,East_Antarctica,2.512823322,-0.2090296716145641,0.2090296716145641,0.31006724465958424,FALSE,FALSE
2022-07-22,East_Antarctica,2.510659881,-0.22340536978602588,0.22340536978602588,0.31006724465958424,FALSE,FALSE
2022-07-23,East_Antarctica,2.490468233,-0.25595823835749343,0.25595823835749343,0.31006724465958424,FALSE,FALSE
2022-07-24,East_Antarctica,2.479581079,-0.27930063529469695,0.27930063529469695,0.31006724465958424,FALSE,FALSE
2022-07-25,East_Antarctica,2.469166499,-0.3022089560889243,0.3022089560889243,0.31006724465958424,FALSE,FALSE
2022-07-26,East_Antarctica,2.448224305,-0.33562786423146473,0.33562786423146473,0.31006724465958424,TRUE,FALSE
2022-07-27,East_Antarctica,2.483818116,-0.3124382162136117,0.3124382162136117,0.31006724465958424,TRUE,FALSE
2022-07-28,East_Antarctica,2.501218241,-0.3073141785266533,0.3073141785266533,0.31006724465958424,FALSE,FALSE
2022-07-29,East_Antarctica,2.499008325,-0.321616581661877,0.321616581661877,0.31006724465958424,TRUE,FALSE
2022-07-30,East_Antarctica,2.458767497,-0.3737107721105759,0.3737107721105759,0.31006724465958424,TRUE,FALSE
2022-07-31,East_Antarctica,2.517462298,-0.3265746843640387,0.3265746843640387,0.31006724465958424,TRUE,FALSE
2022-08-01,East_Antarctica,2.657054881,-0.1981906409135532,0.1981906409135532,0.31006724465958424,FALSE,FALSE
2022-08-02,East_Antarctica,2.704069074,-0.16197928925041438,0.16197928925041438,0.31006724465958424,FALSE,FALSE
2022-08-03,East_Antarctica,2.693765949,-0.18262403359906856,0.18262403359906856,0.31006724465958424,FALSE,FALSE
2022-08-04,East_Antarctica,2.700586485,-0.18564816361779135,0.18564816361779135,0.31006724465958424,FALSE,FALSE
2022-08-05,East_Antarctica,2.732275342,-0.16334268691906215,0.16334268691906215,0.31006724465958424,FALSE,FALSE
2022-08-06,East_Antarctica,2.761056567,-0.14353531848146162,0.14353531848146162,0.31006724465958424,FALSE,FALSE
2022-08-07,East_Antarctica,2.727182493,-0.1860254872835707,0.1860254872835707,0.31006724465958424,FALSE,FALSE
2022-08-08,East_Antarctica,2.683826789,-0.2376912863039693,0.2376912863039693,0.31006724465958424,FALSE,FALSE
2022-08-09,East_Antarctica,2.65350678,-0.2760671525212377,0.2760671525212377,0.31006724465958424,FALSE,FALSE
2022-08-10,East_Antarctica,2.666660381,-0.2707669329139577,0.2707669329139577,0.31006724465958424,FALSE,FALSE
2022-08-11,East_Antarctica,2.717613389,-0.227516592460709,0.227516592460709,0.31006724465958424,FALSE,FALSE
2022-08-12,East_Antarctica,2.76041489,-0.19231880714007232,0.19231880714007232,0.31006724465958424,FALSE,FALSE
2022-08-13,East_Antarctica,2.7658767,-0.19441352293062852,0.19441352293062852,0.31006724465958424,FALSE,FALSE
2022-08-14,East_Antarctica,2.741011778,-0.22683954281095664,0.22683954281095664,0.31006724465958424,FALSE,FALSE
2022-08-15,East_Antarctica,2.748453833,-0.22701491975963783,0.22701491975963783,0.31006724465958424,FALSE,FALSE
2022-08-16,East_Antarctica,2.801386327,-0.18180642145952808,0.18180642145952808,0.31006724465958424,FALSE,FALSE
2022-08-17,East_Antarctica,2.846707931,-0.1443200631656869,0.1443200631656869,0.31006724465958424,FALSE,FALSE
2022-08-18,East_Antarctica,2.896656589,-0.10227045908819088,0.10227045908819088,0.31006724465958424,FALSE,FALSE
2022-08-19,East_Antarctica,2.8956072,-0.1112324116855148,0.1112324116855148,0.31006724465958424,FALSE,FALSE
2022-08-20,East_Antarctica,2.883588629,-0.13112675741612412,0.13112675741612412,0.31006724465958424,FALSE,FALSE
2022-08-21,East_Antarctica,2.873636548,-0.14886752573848971,0.14886752573848971,0.31006724465958424,FALSE,FALSE
2022-08-22,East_Antarctica,2.852298873,-0.1778565021110805,0.1778565021110805,0.31006724465958424,FALSE,FALSE
2022-08-23,East_Antarctica,2.864211962,-0.1734070299923678,0.1734070299923678,0.31006724465958424,FALSE,FALSE
2022-08-24,East_Antarctica,2.909305261,-0.13553936484081852,0.13553936484081852,0.31006724465958424,FALSE,FALSE
2022-08-25,East_Antarctica,2.928969364,-0.12281261411490307,0.12281261411490307,0.31006724465958424,FALSE,FALSE
2022-08-26,East_Antarctica,2.926083683,-0.13229706727309098,0.13229706727309098,0.31006724465958424,FALSE,FALSE
2022-08-27,East_Antarctica,2.883964413,-0.18062623077385132,0.18062623077385132,0.31006724465958424,FALSE,FALSE
2022-08-28,East_Antarctica,2.834037068,-0.2363242920756519,0.2363242920756519,0.31006724465958424,FALSE,FALSE
2022-08-29,East_Antarctica,2.841394878,-0.23425671426193517,0.23425671426193517,0.31006724465958424,FALSE,FALSE
2022-08-30,East_Antarctica,2.851701295,-0.22877338677923784,0.22877338677923784,0.31006724465958424,FALSE,FALSE
2022-08-31,East_Antarctica,2.848606538,-0.23625796520501297,0.23625796520501297,0.31006724465958424,FALSE,FALSE
2022-09-01,East_Antarctica,2.845754821,-0.24310014694641024,0.24310014694641024,0.31006724465958424,FALSE,FALSE
2022-09-02,East_Antarctica,2.874940071,-0.21753991641057713,0.21753991641057713,0.31006724465958424,FALSE,FALSE
2022-09-03,East_Antarctica,2.875291273,-0.22048220000466537,0.22048220000466537,0.31006724465958424,FALSE,FALSE
2022-09-04,East_Antarctica,2.855899554,-0.24286978213581856,0.24286978213581856,0.31006724465958424,FALSE,FALSE
2022-09-05,East_Antarctica,2.858106152,-0.24339533621118736,0.24339533621118736,0.31006724465958424,FALSE,FALSE
2022-09-06,East_Antarctica,2.870734906,-0.23326893463792064,0.23326893463792064,0.31006724465958424,FALSE,FALSE
2022-09-07,East_Antarctica,2.899662969,-0.20664733582316552,0.20664733582316552,0.31006724465958424,FALSE,FALSE
2022-09-08,East_Antarctica,2.906258995,-0.20219579717407443,0.20219579717407443,0.31006724465958424,FALSE,FALSE
2022-09-09,East_Antarctica,2.941080984,-0.1693902300977883,0.1693902300977883,0.31006724465958424,FALSE,FALSE
2022-09-10,East_Antarctica,2.950719275,-0.1616741551935248,0.1616741551935248,0.31006724465958424,FALSE,FALSE
2022-09-11,East_Antarctica,2.951151969,-0.16309841284782012,0.16309841284782012,0.31006724465958424,FALSE,FALSE
2022-09-12,East_Antarctica,2.98988966,-0.12617245040991065,0.12617245040991065,0.31006724465958424,FALSE,FALSE
2022-09-13,East_Antarctica,2.995534488,-0.12231323213269052,0.12231323213269052,0.31006724465958424,FALSE,FALSE
2022-09-14,East_Antarctica,3.033612552,-0.08601376326905408,0.08601376326905408,0.31006724465958424,FALSE,FALSE
2022-09-15,East_Antarctica,3.027681331,-0.09373566907190024,0.09373566907190024,0.31006724465958424,FALSE,FALSE
2022-09-16,East_Antarctica,2.981326392,-0.1419124867941215,0.1419124867941215,0.31006724465958424,FALSE,FALSE
2022-09-17,East_Antarctica,2.927647745,-0.1974633106886152,0.1974633106886152,0.31006724465958424,FALSE,FALSE
2022-09-18,East_Antarctica,2.897104783,-0.2299478520082756,0.2299478520082756,0.31006724465958424,FALSE,FALSE
2022-09-19,East_Antarctica,2.888422441,-0.24066028000599893,0.24066028000599893,0.31006724465958424,FALSE,FALSE
2022-09-20,East_Antarctica,2.900682558,-0.230537859934679,0.230537859934679,0.31006724465958424,FALSE,FALSE
2022-09-21,East_Antarctica,2.889933241,-0.24355158904721463,0.24355158904721463,0.31006724465958424,FALSE,FALSE
2022-09-22,East_Antarctica,2.883121914,-0.2527731475964994,0.2527731475964994,0.31006724465958424,FALSE,FALSE
2022-09-23,East_Antarctica,2.876251965,-0.2622121648798368,0.2622121648798368,0.31006724465958424,FALSE,FALSE
2022-09-24,East_Antarctica,2.888651269,-0.25248861548710533,0.25248861548710533,0.31006724465958424,FALSE,FALSE
2022-09-25,East_Antarctica,2.861466129,-0.282364514275097,0.282364514275097,0.31006724465958424,FALSE,FALSE
2022-09-26,East_Antarctica,2.838943831,-0.3075003384267734,0.3075003384267734,0.31006724465958424,FALSE,FALSE
2022-09-27,East_Antarctica,2.77555424,-0.3733339861251004,0.3733339861251004,0.31006724465958424,TRUE,TRUE
2022-09-28,East_Antarctica,2.794534826,-0.35653575055303843,0.35653575055303843,0.31006724465958424,TRUE,TRUE
2022-09-29,East_Antarctica,2.757186251,-0.395712732893553,0.395712732893553,0.31006724465958424,TRUE,TRUE
2022-09-30,East_Antarctica,2.744563169,-0.40971804232960585,0.40971804232960585,0.31006724465958424,TRUE,TRUE
2022-10-01,East_Antarctica,2.764180163,-0.3909448590441622,0.3909448590441622,0.31006724465958424,TRUE,TRUE
2022-10-02,East_Antarctica,2.78096986,-0.3743683192201828,0.3743683192201828,0.31006724465958424,TRUE,TRUE
2022-10-03,East_Antarctica,2.842501631,-0.3123268150406302,0.3123268150406302,0.31006724465958424,TRUE,TRUE
2022-10-04,East_Antarctica,2.848171281,-0.30533230468847306,0.30533230468847306,0.31006724465958424,FALSE,FALSE
2022-10-05,East_Antarctica,2.790060895,-0.3612104941074587,0.3612104941074587,0.31006724465958424,TRUE,TRUE
2022-10-06,East_Antarctica,2.74072388,-0.4073493475142933,0.4073493475142933,0.31006724465958424,TRUE,TRUE
2022-10-07,East_Antarctica,2.719974918,-0.4239743321539304,0.4239743321539304,0.31006724465958424,TRUE,TRUE
2022-10-08,East_Antarctica,2.745723803,-0.393233874516806,0.393233874516806,0.31006724465958424,TRUE,TRUE
2022-10-09,East_Antarctica,2.702085758,-0.4310709720933579,0.4310709720933579,0.31006724465958424,TRUE,TRUE
2022-10-10,East_Antarctica,2.687627294,-0.43897733437401776,0.43897733437401776,0.31006724465958424,TRUE,TRUE
2022-10-11,East_Antarctica,2.679155014,-0.4402045788492215,0.4402045788492215,0.31006724465958424,TRUE,TRUE
2022-10-12,East_Antarctica,2.587853238,-0.5236266060094099,0.5236266060094099,0.31006724465958424,TRUE,TRUE
2022-10-13,East_Antarctica,2.558216398,-0.5448072043450152,0.5448072043450152,0.31006724465958424,TRUE,TRUE
2022-10-14,East_Antarctica,2.5321801,-0.5618689883464718,0.5618689883464718,0.31006724465958424,TRUE,TRUE
2022-10-15,East_Antarctica,2.490708182,-0.5939063405042178,0.5939063405042178,0.31006724465958424,TRUE,TRUE
2022-10-16,East_Antarctica,2.430947514,-0.6438306113086845,0.6438306113086845,0.31006724465958424,TRUE,TRUE
2022-10-17,East_Antarctica,2.405316485,-0.6592816322503148,0.6592816322503148,0.31006724465958424,TRUE,TRUE
2022-10-18,East_Antarctica,2.379272131,-0.6748572879750814,0.6748572879750814,0.31006724465958424,TRUE,TRUE
2022-10-19,East_Antarctica,2.391840332,-0.6515165314104516,0.6515165314104516,0.31006724465958424,TRUE,TRUE
2022-10-20,East_Antarctica,2.386789712,-0.6454085665533986,0.6454085665533986,0.31006724465958424,TRUE,TRUE
2022-10-21,East_Antarctica,2.396819757,-0.6237490525051315,0.6237490525051315,0.31006724465958424,TRUE,TRUE
2022-10-22,East_Antarctica,2.37001157,-0.6383720313668659,0.6383720313668659,0.31006724465958424,TRUE,TRUE
2022-10-23,East_Antarctica,2.309151965,-0.6864058342398085,0.6864058342398085,0.31006724465958424,TRUE,TRUE
2022-10-24,East_Antarctica,2.263221079,-0.7187854692251747,0.7187854692251747,0.31006724465958424,TRUE,TRUE
2022-10-25,East_Antarctica,2.272691629,-0.6949533644241761,0.6949533644241761,0.31006724465958424,TRUE,TRUE
2022-10-26,East_Antarctica,2.254108789,-0.6982794909380226,0.6982794909380226,0.31006724465958424,TRUE,TRUE
2022-10-27,East_Antarctica,2.206917543,-0.7292340098679282,0.7292340098679282,0.31006724465958424,TRUE,TRUE
2022-10-28,East_Antarctica,2.168305263,-0.7505446943151042,0.7505446943151042,0.31006724465958424,TRUE,TRUE
2022-10-29,East_Antarctica,2.138518421,-0.7618802173807624,0.7618802173807624,0.31006724465958424,TRUE,TRUE
2022-10-30,East_Antarctica,2.146939021,-0.733773720166115,0.733773720166115,0.31006724465958424,TRUE,TRUE
2022-10-31,East_Antarctica,2.039544477,-0.8201753444197495,0.8201753444197495,0.31006724465958424,TRUE,TRUE
2022-11-01,East_Antarctica,2.005162478,-0.8322460447915097,0.8322460447915097,0.31006724465958424,TRUE,TRUE
2022-11-02,East_Antarctica,1.971520086,-0.8422661667606937,0.8422661667606937,0.31006724465958424,TRUE,TRUE
2022-11-03,East_Antarctica,1.883624896,-0.9052355278508168,0.9052355278508168,0.31006724465958424,TRUE,TRUE
2022-11-04,East_Antarctica,1.859964804,-0.9026736445853892,0.9026736445853892,0.31006724465958424,TRUE,TRUE
2022-11-05,East_Antarctica,1.810521091,-0.924606648487921,0.924606648487921,0.31006724465958424,TRUE,TRUE
2022-11-06,East_Antarctica,1.811573443,-0.8947622660819285,0.8947622660819285,0.31006724465958424,TRUE,TRUE
2022-11-07,East_Antarctica,1.824389148,-0.8518806218909185,0.8518806218909185,0.31006724465958424,TRUE,TRUE
2022-11-08,East_Antarctica,1.828498604,-0.8164387304384064,0.8164387304384064,0.31006724465958424,TRUE,TRUE
2022-11-09,East_Antarctica,1.821533912,-0.7908119032479028,0.7908119032479028,0.31006724465958424,TRUE,TRUE
2022-11-10,East_Antarctica,1.831803135,-0.7466994898429182,0.7466994898429182,0.31006724465958424,TRUE,TRUE
2022-11-11,East_Antarctica,1.829168247,-0.7142469287469664,0.7142469287469664,0.31006724465958424,TRUE,TRUE
2022-11-12,East_Antarctica,1.836288941,-0.6708028470482634,0.6708028470482634,0.31006724465958424,TRUE,TRUE
2022-11-13,East_Antarctica,1.823773937,-0.6458170504070675,0.6458170504070675,0.31006724465958424,TRUE,TRUE
2022-11-14,East_Antarctica,1.816231107,-0.6148156619344289,0.6148156619344289,0.31006724465958424,TRUE,TRUE
2022-11-15,East_Antarctica,1.825995011,-0.5656043417277206,0.5656043417277206,0.31006724465958424,TRUE,TRUE
2022-11-16,East_Antarctica,1.802068273,-0.5493206858843191,0.5493206858843191,0.31006724465958424,TRUE,TRUE
2022-11-17,East_Antarctica,1.740310132,-0.5702456755015979,0.5702456755015979,0.31006724465958424,TRUE,TRUE
2022-11-18,East_Antarctica,1.716390635,-0.5528494836769358,0.5528494836769358,0.31006724465958424,TRUE,TRUE
2022-11-19,East_Antarctica,1.676828232,-0.5507538805077066,0.5507538805077066,0.31006724465958424,TRUE,TRUE
2022-11-20,East_Antarctica,1.64208501,-0.5436369990912844,0.5436369990912844,0.31006724465958424,TRUE,TRUE
2022-11-21,East_Antarctica,1.59807244,-0.5457275885250448,0.5457275885250448,0.31006724465958424,TRUE,TRUE
2022-11-22,East_Antarctica,1.581217859,-0.5207385319063638,0.5207385319063638,0.31006724465958424,TRUE,TRUE
2022-11-23,East_Antarctica,1.562576704,-0.497754612332618,0.497754612332618,0.31006724465958424,TRUE,TRUE
2022-11-24,East_Antarctica,1.545689697,-0.4733753279011806,0.4733753279011806,0.31006724465958424,TRUE,TRUE
2022-11-25,East_Antarctica,1.515738802,-0.4625504470656623,0.4625504470656623,0.31006724465958424,TRUE,TRUE
2022-11-26,East_Antarctica,1.502679389,-0.4353845452107692,0.4353845452107692,0.31006724465958424,TRUE,TRUE
2022-11-27,East_Antarctica,1.477392432,-0.4210204973218603,0.4210204973218603,0.31006724465958424,TRUE,TRUE
2022-11-28,East_Antarctica,1.447152215,-0.4122075949750328,0.4122075949750328,0.31006724465958424,TRUE,TRUE
2022-11-29,East_Antarctica,1.431555427,-0.38937272474638895,0.38937272474638895,0.31006724465958424,TRUE,TRUE
2022-11-30,East_Antarctica,1.406294993,-0.3768465372120242,0.3768465372120242,0.31006724465958424,TRUE,TRUE
2022-12-01,East_Antarctica,1.384326765,-0.36169675594804,0.36169675594804,0.31006724465958424,TRUE,TRUE
2022-12-02,East_Antarctica,1.359305414,-0.35029228553053327,0.35029228553053327,0.31006724465958424,TRUE,TRUE
2022-12-03,East_Antarctica,1.338454976,-0.33543266553560525,0.33543266553560525,0.31006724465958424,TRUE,TRUE
2022-12-04,East_Antarctica,1.331866173,-0.30705074953935396,0.30705074953935396,0.31006724465958424,FALSE,FALSE
2022-12-05,East_Antarctica,1.312488052,-0.2922210661178779,0.2922210661178779,0.31006724465958424,FALSE,FALSE
2022-12-06,East_Antarctica,1.296813109,-0.2744746948472774,0.2744746948472774,0.31006724465958424,FALSE,FALSE
2022-12-07,East_Antarctica,1.278789402,-0.25988712931779645,0.25988712931779645,0.31006724465958424,FALSE,FALSE
2022-12-08,East_Antarctica,1.231628877,-0.2752625291430373,0.2752625291430373,0.31006724465958424,FALSE,FALSE
2022-12-09,East_Antarctica,1.17385125,-0.3020793269749489,0.3020793269749489,0.31006724465958424,FALSE,FALSE
2022-12-10,East_Antarctica,1.132326398,-0.31346314182190405,0.31346314182190405,0.31006724465958424,TRUE,FALSE
2022-12-11,East_Antarctica,1.071503141,-0.344960649692283,0.344960649692283,0.31006724465958424,TRUE,FALSE
2022-12-12,East_Antarctica,1.076487316,-0.3114615095944624,0.3114615095944624,0.31006724465958424,TRUE,FALSE
2022-12-13,East_Antarctica,1.059700377,-0.30053976353681655,0.30053976353681655,0.31006724465958424,FALSE,FALSE
2022-12-14,East_Antarctica,1.043171912,-0.29016131952772284,0.29016131952772284,0.31006724465958424,FALSE,FALSE
2022-12-15,East_Antarctica,1.031287722,-0.27593587257555763,0.27593587257555763,0.31006724465958424,FALSE,FALSE
2022-12-16,East_Antarctica,1.02289856,-0.2590081656886978,0.2590081656886978,0.31006724465958424,FALSE,FALSE
2022-12-17,East_Antarctica,1.007389155,-0.2499889658755192,0.2499889658755192,0.31006724465958424,FALSE,FALSE
2022-12-18,East_Antarctica,0.972454309,-0.2611789671444005,0.2611789671444005,0.31006724465958424,FALSE,FALSE
2022-12-19,East_Antarctica,0.929655155,-0.28101253250371505,0.28101253250371505,0.31006724465958424,FALSE,FALSE
2022-12-20,East_Antarctica,0.915726732,-0.2727493124783342,0.2727493124783342,0.31006724465958424,FALSE,FALSE
2022-12-21,East_Antarctica,0.918621715,-0.2484185695343586,0.2484185695343586,0.31006724465958424,FALSE,FALSE
2022-12-22,East_Antarctica,0.920538928,-0.22579323817681177,0.22579323817681177,0.31006724465958424,FALSE,FALSE
2022-12-23,East_Antarctica,0.909697094,-0.21662607025439784,0.21662607025439784,0.31006724465958424,FALSE,FALSE
2022-12-24,East_Antarctica,0.870385911,-0.23659884261581932,0.23659884261581932,0.31006724465958424,FALSE,FALSE
2022-12-25,East_Antarctica,0.829102864,-0.25918554510978065,0.25918554510978065,0.31006724465958424,FALSE,FALSE
2022-12-26,East_Antarctica,0.79221872,-0.27798688558498574,0.27798688558498574,0.31006724465958424,FALSE,FALSE
2022-12-27,East_Antarctica,0.792873807,-0.25983401089013947,0.25983401089013947,0.31006724465958424,FALSE,FALSE
2022-12-28,East_Antarctica,0.745174747,-0.29059177387394464,0.29059177387394464,0.31006724465958424,FALSE,FALSE
2022-12-29,East_Antarctica,0.718534073,-0.3008191163851035,0.3008191163851035,0.31006724465958424,FALSE,FALSE
2022-12-30,East_Antarctica,0.710079584,-0.29335971427232144,0.29335971427232144,0.31006724465958424,FALSE,FALSE
2022-12-31,East_Antarctica,0.694472168,-0.29352415438430457,0.29352415438430457,0.31006724465958424,FALSE,FALSE
2023-01-01,East_Antarctica,0.675042479,-0.297953257569754,0.297953257569754,0.31006724465958424,FALSE,FALSE
2023-01-02,East_Antarctica,0.664119941,-0.29429017765614784,0.29429017765614784,0.31006724465958424,FALSE,FALSE
2023-01-03,East_Antarctica,0.661723684,-0.28249277438607123,0.28249277438607123,0.31006724465958424,FALSE,FALSE
2023-01-04,East_Antarctica,0.667744406,-0.2626484424808788,0.2626484424808788,0.31006724465958424,FALSE,FALSE
2023-01-05,East_Antarctica,0.661608743,-0.25530863866192366,0.25530863866192366,0.31006724465958424,FALSE,FALSE
2023-01-06,East_Antarctica,0.64888897,-0.2548791806505688,0.2548791806505688,0.31006724465958424,FALSE,FALSE
2023-01-07,East_Antarctica,0.59397355,-0.29694969816816685,0.29694969816816685,0.31006724465958424,FALSE,FALSE
2023-01-08,East_Antarctica,0.578301916,-0.30005885093607465,0.30005885093607465,0.31006724465958424,FALSE,FALSE
2023-01-09,East_Antarctica,0.558822112,-0.30723668767565115,0.30723668767565115,0.31006724465958424,FALSE,FALSE
2023-01-10,East_Antarctica,0.556411843,-0.2975835961082497,0.2975835961082497,0.31006724465958424,FALSE,FALSE
2023-01-11,East_Antarctica,0.549201902,-0.2929468759552297,0.2929468759552297,0.31006724465958424,FALSE,FALSE
2023-01-12,East_Antarctica,0.538219891,-0.29227701793794647,0.29227701793794647,0.31006724465958424,FALSE,FALSE
2023-01-13,East_Antarctica,0.520784565,-0.298233359777757,0.298233359777757,0.31006724465958424,FALSE,FALSE
2023-01-14,East_Antarctica,0.517040264,-0.29064998902744466,0.29064998902744466,0.31006724465958424,FALSE,FALSE
2023-01-15,East_Antarctica,0.517022322,-0.27948201461132594,0.27948201461132594,0.31006724465958424,FALSE,FALSE
2023-01-16,East_Antarctica,0.515799447,-0.2696662241415826,0.2696662241415826,0.31006724465958424,FALSE,FALSE
2023-01-17,East_Antarctica,0.504267527,-0.27031317721350256,0.27031317721350256,0.31006724465958424,FALSE,FALSE
2023-01-18,East_Antarctica,0.478895405,-0.28496047842237177,0.28496047842237177,0.31006724465958424,FALSE,FALSE
2023-01-19,East_Antarctica,0.455054316,-0.2982433403634779,0.2982433403634779,0.31006724465958424,FALSE,FALSE
2023-01-20,East_Antarctica,0.43505805,-0.30785442063210855,0.30785442063210855,0.31006724465958424,FALSE,FALSE
2023-01-21,East_Antarctica,0.421728454,-0.31097831982355045,0.31097831982355045,0.31006724465958424,TRUE,FALSE
2023-01-22,East_Antarctica,0.425867022,-0.2968199915330903,0.2968199915330903,0.31006724465958424,FALSE,FALSE
2023-01-23,East_Antarctica,0.406912234,-0.3059474033560162,0.3059474033560162,0.31006724465958424,FALSE,FALSE
2023-01-24,East_Antarctica,0.37418324,-0.3290478528876149,0.3290478528876149,0.31006724465958424,TRUE,TRUE
2023-01-25,East_Antarctica,0.357768774,-0.3360390537231734,0.3360390537231734,0.31006724465958424,TRUE,TRUE
2023-01-26,East_Antarctica,0.346216717,-0.33837957245797845,0.33837957245797845,0.31006724465958424,TRUE,TRUE
2023-01-27,East_Antarctica,0.323159815,-0.35244229180144726,0.35244229180144726,0.31006724465958424,TRUE,TRUE
2023-01-28,East_Antarctica,0.30487506,-0.3619503050487315,0.3619503050487315,0.31006724465958424,TRUE,TRUE
2023-01-29,East_Antarctica,0.305575474,-0.3526883768804469,0.3526883768804469,0.31006724465958424,TRUE,TRUE
2023-01-30,East_Antarctica,0.30493749,-0.3449778535726444,0.3449778535726444,0.31006724465958424,TRUE,TRUE
2023-01-31,East_Antarctica,0.312297249,-0.3294803734013725,0.3294803734013725,0.31006724465958424,TRUE,TRUE
2023-02-01,East_Antarctica,0.328647737,-0.3052007296426798,0.3052007296426798,0.31006724465958424,FALSE,FALSE
2023-02-02,East_Antarctica,0.318974731,-0.30715092457261656,0.30715092457261656,0.31006724465958424,FALSE,FALSE
2023-02-03,East_Antarctica,0.320766621,-0.29784034746723054,0.29784034746723054,0.31006724465958424,FALSE,FALSE
2023-02-04,East_Antarctica,0.324453154,-0.28683703060257176,0.28683703060257176,0.31006724465958424,FALSE,FALSE
2023-02-05,East_Antarctica,0.321414814,-0.28275826925468966,0.28275826925468966,0.31006724465958424,FALSE,FALSE
2023-02-06,East_Antarctica,0.312861321,-0.28439212269963315,0.28439212269963315,0.31006724465958424,FALSE,FALSE
2023-02-07,East_Antarctica,0.313479146,-0.2770498992134511,0.2770498992134511,0.31006724465958424,FALSE,FALSE
2023-02-08,East_Antarctica,0.30991129,-0.2740865163191602,0.2740865163191602,0.31006724465958424,FALSE,FALSE
2023-02-09,East_Antarctica,0.285635746,-0.2920402833872377,0.2920402833872377,0.31006724465958424,FALSE,FALSE
2023-02-10,East_Antarctica,0.302732627,-0.2688839508454523,0.2688839508454523,0.31006724465958424,FALSE,FALSE
2023-02-11,East_Antarctica,0.309345831,-0.2565308068670843,0.2565308068670843,0.31006724465958424,FALSE,FALSE
2023-02-12,East_Antarctica,0.315501163,-0.2450122326254139,0.2450122326254139,0.31006724465958424,FALSE,FALSE
2023-02-13,East_Antarctica,0.316712013,-0.2388720242937225,0.2388720242937225,0.31006724465958424,FALSE,FALSE
2023-02-14,East_Antarctica,0.322112742,-0.22903300704528937,0.22903300704528937,0.31006724465958424,FALSE,FALSE
2023-02-15,East_Antarctica,0.312920995,-0.2343347220533956,0.2343347220533956,0.31006724465958424,FALSE,FALSE
2023-02-16,East_Antarctica,0.305064108,-0.2389070194913228,0.2389070194913228,0.31006724465958424,FALSE,FALSE
2023-02-17,East_Antarctica,0.304401557,-0.23694760953235,0.23694760953235,0.31006724465958424,FALSE,FALSE
2023-02-18,East_Antarctica,0.305006944,-0.23444007634975855,0.23444007634975855,0.31006724465958424,FALSE,FALSE
2023-02-19,East_Antarctica,0.289175755,-0.24914612011682785,0.24914612011682785,0.31006724465958424,FALSE,FALSE
2023-02-20,East_Antarctica,0.259985663,-0.2780452540068395,0.2780452540068395,0.31006724465958424,FALSE,FALSE
2023-02-21,East_Antarctica,0.250914094,-0.2877141625045847,0.2877141625045847,0.31006724465958424,FALSE,FALSE
2023-02-22,East_Antarctica,0.27527174,-0.2648589755758267,0.2648589755758267,0.31006724465958424,FALSE,FALSE
2023-02-23,East_Antarctica,0.297841408,-0.244688902236257,0.244688902236257,0.31006724465958424,FALSE,FALSE
2023-02-24,East_Antarctica,0.299129305,-0.24668930308510972,0.24668930308510972,0.31006724465958424,FALSE,FALSE
2023-02-25,East_Antarctica,0.307012153,-0.2429750237216188,0.2429750237216188,0.31006724465958424,FALSE,FALSE
2023-02-26,East_Antarctica,0.303397147,-0.2516304367450165,0.2516304367450165,0.31006724465958424,FALSE,FALSE
2023-02-27,East_Antarctica,0.291217414,-0.2697139827545383,0.2697139827545383,0.31006724465958424,FALSE,FALSE
2023-02-28,East_Antarctica,0.293031689,-0.2746584943494167,0.2746584943494167,0.31006724465958424,FALSE,FALSE
2023-03-01,East_Antarctica,0.291846485,-0.2834490261288851,0.2834490261288851,0.31006724465958424,FALSE,FALSE
2023-03-02,East_Antarctica,0.285784454,-0.2979544936921778,0.2979544936921778,0.31006724465958424,FALSE,FALSE
2023-03-03,East_Antarctica,0.285232064,-0.3077799966385275,0.3077799966385275,0.31006724465958424,FALSE,FALSE
2023-03-04,East_Antarctica,0.294343322,-0.3087630955671691,0.3087630955671691,0.31006724465958424,FALSE,FALSE
2023-03-05,East_Antarctica,0.303475551,-0.31053803093456733,0.31053803093456733,0.31006724465958424,TRUE,TRUE
2023-03-06,East_Antarctica,0.287044866,-0.338664840616696,0.338664840616696,0.31006724465958424,TRUE,TRUE
2023-03-07,East_Antarctica,0.301127857,-0.3369929164931834,0.3369929164931834,0.31006724465958424,TRUE,TRUE
2023-03-08,East_Antarctica,0.298697623,-0.3524649486799276,0.3524649486799276,0.31006724465958424,TRUE,TRUE
2023-03-09,East_Antarctica,0.304593284,-0.3601576062928287,0.3601576062928287,0.31006724465958424,TRUE,TRUE
2023-03-10,East_Antarctica,0.28623774,-0.39256377844778523,0.39256377844778523,0.31006724465958424,TRUE,TRUE
2023-03-11,East_Antarctica,0.311180262,-0.38204998326069534,0.38204998326069534,0.31006724465958424,TRUE,TRUE
2023-03-12,East_Antarctica,0.311596284,-0.3963565758474575,0.3963565758474575,0.31006724465958424,TRUE,TRUE
2023-03-13,East_Antarctica,0.322861733,-0.4000234183239729,0.4000234183239729,0.31006724465958424,TRUE,TRUE
2023-03-14,East_Antarctica,0.31205505100000003,-0.4258878578061385,0.4258878578061385,0.31006724465958424,TRUE,TRUE
2023-03-15,East_Antarctica,0.330935331,-0.42210659040985427,0.42210659040985427,0.31006724465958424,TRUE,TRUE
2023-03-16,East_Antarctica,0.376134771,-0.3919632072510192,0.3919632072510192,0.31006724465958424,TRUE,TRUE
2023-03-17,East_Antarctica,0.408324072,-0.3747027964455302,0.3747027964455302,0.31006724465958424,TRUE,TRUE
2023-03-18,East_Antarctica,0.422451108,-0.37529572360892766,0.37529572360892766,0.31006724465958424,TRUE,TRUE
2023-03-19,East_Antarctica,0.431130261,-0.3811070472280395,0.3811070472280395,0.31006724465958424,TRUE,TRUE
2023-03-20,East_Antarctica,0.442308126,-0.38423362941366423,0.38423362941366423,0.31006724465958424,TRUE,TRUE
2023-03-21,East_Antarctica,0.477163173,-0.3635434712839919,0.3635434712839919,0.31006724465958424,TRUE,TRUE
2023-03-22,East_Antarctica,0.519721746,-0.3350566999572149,0.3350566999572149,0.31006724465958424,TRUE,TRUE
2023-03-23,East_Antarctica,0.534869916,-0.3339337155515246,0.3339337155515246,0.31006724465958424,TRUE,TRUE
2023-03-24,East_Antarctica,0.563370396,-0.3194582761851119,0.3194582761851119,0.31006724465958424,TRUE,TRUE
2023-03-25,East_Antarctica,0.582813993,-0.31408604597616785,0.31408604597616785,0.31006724465958424,TRUE,TRUE
2023-03-26,East_Antarctica,0.590815295,-0.3202489080428861,0.3202489080428861,0.31006724465958424,TRUE,TRUE
2023-03-27,East_Antarctica,0.63447183,-0.2908958055034544,0.2908958055034544,0.31006724465958424,FALSE,FALSE
2023-03-28,East_Antarctica,0.673973725,-0.26588308247606796,0.26588308247606796,0.31006724465958424,FALSE,FALSE
2023-03-29,East_Antarctica,0.679975309,-0.27460288107891606,0.27460288107891606,0.31006724465958424,FALSE,FALSE
2023-03-30,East_Antarctica,0.722018355,-0.24755989943018952,0.24755989943018952,0.31006724465958424,FALSE,FALSE
2023-03-31,East_Antarctica,0.73282167,-0.25207307226454023,0.25207307226454023,0.31006724465958424,FALSE,FALSE
2023-04-01,East_Antarctica,0.740654799,-0.2598628812161231,0.2598628812161231,0.31006724465958424,FALSE,FALSE
2023-04-02,East_Antarctica,0.7436408,-0.2727800738411207,0.2727800738411207,0.31006724465958424,FALSE,FALSE
2023-04-03,East_Antarctica,0.730276376,-0.3023017392857621,0.3023017392857621,0.31006724465958424,FALSE,FALSE
2023-04-04,East_Antarctica,0.734604401,-0.314358795696276,0.314358795696276,0.31006724465958424,TRUE,FALSE
2023-04-05,East_Antarctica,0.755872445,-0.30967746521888995,0.30967746521888995,0.31006724465958424,FALSE,FALSE
2023-04-06,East_Antarctica,0.746353398,-0.3359586499998327,0.3359586499998327,0.31006724465958424,TRUE,TRUE
2023-04-07,East_Antarctica,0.757308067,-0.3419153351853338,0.3419153351853338,0.31006724465958424,TRUE,TRUE
2023-04-08,East_Antarctica,0.756775893,-0.3594818719216194,0.3594818719216194,0.31006724465958424,TRUE,TRUE
2023-04-09,East_Antarctica,0.774860876,-0.358528052354919,0.358528052354919,0.31006724465958424,TRUE,TRUE
2023-04-10,East_Antarctica,0.802208453,-0.3483822316314622,0.3483822316314622,0.31006724465958424,TRUE,TRUE
2023-04-11,East_Antarctica,0.835598226,-0.3322385998974745,0.3322385998974745,0.31006724465958424,TRUE,TRUE
2023-04-12,East_Antarctica,0.858465235,-0.3266360718110636,0.3266360718110636,0.31006724465958424,TRUE,TRUE
2023-04-13,East_Antarctica,0.854202322,-0.3481673422896415,0.3481673422896415,0.31006724465958424,TRUE,TRUE
2023-04-14,East_Antarctica,0.856140297,-0.3635062315012114,0.3635062315012114,0.31006724465958424,TRUE,TRUE
2023-04-15,East_Antarctica,0.84893127,-0.3880070430088529,0.3880070430088529,0.31006724465958424,TRUE,TRUE
2023-04-16,East_Antarctica,0.862542371,-0.39170906037564057,0.39170906037564057,0.31006724465958424,TRUE,TRUE
2023-04-17,East_Antarctica,0.876465823,-0.3951264741646554,0.3951264741646554,0.31006724465958424,TRUE,TRUE
2023-04-18,East_Antarctica,0.880391946,-0.4085753779389727,0.4085753779389727,0.31006724465958424,TRUE,TRUE
2023-04-19,East_Antarctica,0.887853671,-0.418529254261669,0.418529254261669,0.31006724465958424,TRUE,TRUE
2023-04-20,East_Antarctica,0.901230089,-0.42261542569582344,0.42261542569582344,0.31006724465958424,TRUE,TRUE
2023-04-21,East_Antarctica,0.9255142,-0.4158473058045137,0.4158473058045137,0.31006724465958424,TRUE,TRUE
2023-04-22,East_Antarctica,0.972438687,-0.38649862515081657,0.38649862515081657,0.31006724465958424,TRUE,TRUE
2023-04-23,East_Antarctica,0.989286245,-0.38729310229781144,0.38729310229781144,0.31006724465958424,TRUE,TRUE
2023-04-24,East_Antarctica,0.992858214,-0.4014358108085725,0.4014358108085725,0.31006724465958424,TRUE,TRUE
2023-04-25,East_Antarctica,1.013156501,-0.39893065108607795,0.39893065108607795,0.31006724465958424,TRUE,TRUE
2023-04-26,East_Antarctica,1.006358132,-0.4236006475504843,0.4236006475504843,0.31006724465958424,TRUE,TRUE
2023-04-27,East_Antarctica,1.00152067,-0.44638510627957295,0.44638510627957295,0.31006724465958424,TRUE,TRUE
2023-04-28,East_Antarctica,1.033579017,-0.43234596083919574,0.43234596083919574,0.31006724465958424,TRUE,TRUE
2023-04-29,East_Antarctica,1.077969569,-0.40604365079520743,0.40604365079520743,0.31006724465958424,TRUE,TRUE
2023-04-30,East_Antarctica,1.119127556,-0.383039781713459,0.383039781713459,0.31006724465958424,TRUE,TRUE
2023-05-01,East_Antarctica,1.132276878,-0.3881072891598045,0.3881072891598045,0.31006724465958424,TRUE,TRUE
2023-05-02,East_Antarctica,1.147181333,-0.3914792107000975,0.3914792107000975,0.31006724465958424,TRUE,TRUE
2023-05-03,East_Antarctica,1.173574615,-0.3834186879001882,0.3834186879001882,0.31006724465958424,TRUE,TRUE
2023-05-04,East_Antarctica,1.173061985,-0.4023172953259324,0.4023172953259324,0.31006724465958424,TRUE,TRUE
2023-05-05,East_Antarctica,1.165188962,-0.42862634954318146,0.42862634954318146,0.31006724465958424,TRUE,TRUE
2023-05-06,East_Antarctica,1.187019401,-0.425278831117788,0.425278831117788,0.31006724465958424,TRUE,TRUE
2023-05-07,East_Antarctica,1.215843329,-0.41498154561909995,0.41498154561909995,0.31006724465958424,TRUE,TRUE
2023-05-08,East_Antarctica,1.246910035,-0.4024803660171734,0.4024803660171734,0.31006724465958424,TRUE,TRUE
2023-05-09,East_Antarctica,1.302164741,-0.3658207860280151,0.3658207860280151,0.31006724465958424,TRUE,TRUE
2023-05-10,East_Antarctica,1.330461276,-0.35613896079862295,0.35613896079862295,0.31006724465958424,TRUE,TRUE
2023-05-11,East_Antarctica,1.320255562,-0.38496895247599205,0.38496895247599205,0.31006724465958424,TRUE,TRUE
2023-05-12,East_Antarctica,1.344758582,-0.3790897622071201,0.3790897622071201,0.31006724465958424,TRUE,TRUE
2023-05-13,East_Antarctica,1.357333835,-0.3851278751390004,0.3851278751390004,0.31006724465958424,TRUE,TRUE
2023-05-14,East_Antarctica,1.379481238,-0.3815733584186307,0.3815733584186307,0.31006724465958424,TRUE,TRUE
2023-05-15,East_Antarctica,1.40120208,-0.37841490719300674,0.37841490719300674,0.31006724465958424,TRUE,TRUE
2023-05-16,East_Antarctica,1.437711949,-0.36042691760912615,0.36042691760912615,0.31006724465958424,TRUE,TRUE
2023-05-17,East_Antarctica,1.459175139,-0.3574350798139816,0.3574350798139816,0.31006724465958424,TRUE,TRUE
2023-05-18,East_Antarctica,1.473316628,-0.36170439995457504,0.36170439995457504,0.31006724465958424,TRUE,TRUE
2023-05-19,East_Antarctica,1.497818017,-0.35554326117789725,0.35554326117789725,0.31006724465958424,TRUE,TRUE
2023-05-20,East_Antarctica,1.560029974,-0.31159055004870617,0.31159055004870617,0.31006724465958424,TRUE,TRUE
2023-05-21,East_Antarctica,1.609477299,-0.2803031824095643,0.2803031824095643,0.31006724465958424,FALSE,FALSE
2023-05-22,East_Antarctica,1.675120245,-0.2326957725385328,0.2326957725385328,0.31006724465958424,FALSE,FALSE
2023-05-23,East_Antarctica,1.697844451,-0.2278573182956527,0.2278573182956527,0.31006724465958424,FALSE,FALSE
2023-05-24,East_Antarctica,1.719949135,-0.22346323854097716,0.22346323854097716,0.31006724465958424,FALSE,FALSE
2023-05-25,East_Antarctica,1.749511477,-0.21141099013455136,0.21141099013455136,0.31006724465958424,FALSE,FALSE
2023-05-26,East_Antarctica,1.731939427,-0.2462672599364215,0.2462672599364215,0.31006724465958424,FALSE,FALSE
2023-05-27,East_Antarctica,1.724464272,-0.27077539780663407,0.27077539780663407,0.31006724465958424,FALSE,FALSE
2023-05-28,East_Antarctica,1.714793421,-0.29720263160523785,0.29720263160523785,0.31006724465958424,FALSE,FALSE
2023-05-29,East_Antarctica,1.722134171,-0.30631630119227937,0.30631630119227937,0.31006724465958424,FALSE,FALSE
2023-05-30,East_Antarctica,1.688991674,-0.35558589142780317,0.35558589142780317,0.31006724465958424,TRUE,TRUE
2023-05-31,East_Antarctica,1.687792684,-0.3725592851718604,0.3725592851718604,0.31006724465958424,TRUE,TRUE
2023-06-01,East_Antarctica,1.720525173,-0.35522314728449444,0.35522314728449444,0.31006724465958424,TRUE,TRUE
2023-06-02,East_Antarctica,1.76271982,-0.3280338707126145,0.3280338707126145,0.31006724465958424,TRUE,TRUE
2023-06-03,East_Antarctica,1.789133641,-0.3162766768064549,0.3162766768064549,0.31006724465958424,TRUE,TRUE
2023-06-04,East_Antarctica,1.80101753,-0.3187582012634105,0.3187582012634105,0.31006724465958424,TRUE,TRUE
2023-06-05,East_Antarctica,1.777070357,-0.3568371043473433,0.3568371043473433,0.31006724465958424,TRUE,TRUE
2023-06-06,East_Antarctica,1.757150405,-0.3907126333221176,0.3907126333221176,0.31006724465958424,TRUE,TRUE
2023-06-07,East_Antarctica,1.763081599,-0.39861839345159433,0.39861839345159433,0.31006724465958424,TRUE,TRUE
2023-06-08,East_Antarctica,1.768372099,-0.4071037549996368,0.4071037549996368,0.31006724465958424,TRUE,TRUE
2023-06-09,East_Antarctica,1.775607689,-0.41364046423010903,0.41364046423010903,0.31006724465958424,TRUE,TRUE
2023-06-10,East_Antarctica,1.755467659,-0.4476067614068688,0.4476067614068688,0.31006724465958424,TRUE,TRUE
2023-06-11,East_Antarctica,1.725682102,-0.4913300837937844,0.4913300837937844,0.31006724465958424,TRUE,TRUE
2023-06-12,East_Antarctica,1.726075345,-0.5050436346547147,0.5050436346547147,0.31006724465958424,TRUE,TRUE
2023-06-13,East_Antarctica,1.736478961,-0.5089733712535232,0.5089733712535232,0.31006724465958424,TRUE,TRUE
2023-06-14,East_Antarctica,1.761699796,-0.4983688455902342,0.4983688455902342,0.31006724465958424,TRUE,TRUE
2023-06-15,East_Antarctica,1.806831662,-0.4681427287790396,0.4681427287790396,0.31006724465958424,TRUE,TRUE
2023-06-16,East_Antarctica,1.850048224,-0.4400593629177907,0.4400593629177907,0.31006724465958424,TRUE,TRUE
2023-06-17,East_Antarctica,1.848279209,-0.4571220669002052,0.4571220669002052,0.31006724465958424,TRUE,TRUE
2023-06-18,East_Antarctica,1.851607235,-0.46918126861998566,0.46918126861998566,0.31006724465958424,TRUE,TRUE
2023-06-19,East_Antarctica,1.841360513,-0.494841802970851,0.494841802970851,0.31006724465958424,TRUE,TRUE
2023-06-20,East_Antarctica,1.835290816,-0.5162849428465099,0.5162849428465099,0.31006724465958424,TRUE,TRUE
2023-06-21,East_Antarctica,1.848211654,-0.5186302241406735,0.5186302241406735,0.31006724465958424,TRUE,TRUE
2023-06-22,East_Antarctica,1.841008975,-0.5409247447470553,0.5409247447470553,0.31006724465958424,TRUE,TRUE
2023-06-23,East_Antarctica,1.824864768,-0.5719195615593653,0.5719195615593653,0.31006724465958424,TRUE,TRUE
2023-06-24,East_Antarctica,1.837921207,-0.573405546471315,0.573405546471315,0.31006724465958424,TRUE,TRUE
2023-06-25,East_Antarctica,1.880892448,-0.5446015893766187,0.5446015893766187,0.31006724465958424,TRUE,TRUE
2023-06-26,East_Antarctica,1.927932298,-0.5112869291689828,0.5112869291689828,0.31006724465958424,TRUE,TRUE
2023-06-27,East_Antarctica,1.947739969,-0.504704919499354,0.504704919499354,0.31006724465958424,TRUE,TRUE
2023-06-28,East_Antarctica,1.968172525,-0.4970129981146414,0.4970129981146414,0.31006724465958424,TRUE,TRUE
2023-06-29,East_Antarctica,2.004909279,-0.4725792241916942,0.4725792241916942,0.31006724465958424,TRUE,TRUE
2023-06-30,East_Antarctica,2.052278884,-0.43712248591101543,0.43712248591101543,0.31006724465958424,TRUE,TRUE
2023-07-01,East_Antarctica,2.092402969,-0.4085686954531136,0.4085686954531136,0.31006724465958424,TRUE,TRUE
2023-07-02,East_Antarctica,2.120759873,-0.3914870549984992,0.3914870549984992,0.31006724465958424,TRUE,TRUE
2023-07-03,East_Antarctica,2.136542373,-0.3867323287276752,0.3867323287276752,0.31006724465958424,TRUE,TRUE
2023-07-04,East_Antarctica,2.123023426,-0.41107910082115184,0.41107910082115184,0.31006724465958424,TRUE,TRUE
2023-07-05,East_Antarctica,2.122880708,-0.42189723645943467,0.42189723645943467,0.31006724465958424,TRUE,TRUE
2023-07-06,East_Antarctica,2.141083261,-0.414265234823032,0.414265234823032,0.31006724465958424,TRUE,TRUE
2023-07-07,East_Antarctica,2.15352864,-0.41233308209245,0.41233308209245,0.31006724465958424,TRUE,TRUE
2023-07-08,East_Antarctica,2.195815879,-0.380549285448196,0.380549285448196,0.31006724465958424,TRUE,TRUE
2023-07-09,East_Antarctica,2.204359532,-0.3825467746266269,0.3825467746266269,0.31006724465958424,TRUE,TRUE
2023-07-10,East_Antarctica,2.194992946,-0.4025285137425261,0.4025285137425261,0.31006724465958424,TRUE,TRUE
2023-07-11,East_Antarctica,2.209013109,-0.3992093749138528,0.3992093749138528,0.31006724465958424,TRUE,TRUE
2023-07-12,East_Antarctica,2.238794006,-0.38022399750396607,0.38022399750396607,0.31006724465958424,TRUE,TRUE
2023-07-13,East_Antarctica,2.244554366,-0.3853622768762279,0.3853622768762279,0.31006724465958424,TRUE,TRUE
2023-07-14,East_Antarctica,2.2413945219999998,-0.399532504393993,0.399532504393993,0.31006724465958424,TRUE,TRUE
2023-07-15,East_Antarctica,2.276083646,-0.3759741324206205,0.3759741324206205,0.31006724465958424,TRUE,TRUE
2023-07-16,East_Antarctica,2.331492503,-0.3318250203194677,0.3318250203194677,0.31006724465958424,TRUE,TRUE
2023-07-17,East_Antarctica,2.365688991,-0.3090258944538964,0.3090258944538964,0.31006724465958424,FALSE,FALSE
2023-07-18,East_Antarctica,2.378596504,-0.3076619851872606,0.3076619851872606,0.31006724465958424,FALSE,FALSE
2023-07-19,East_Antarctica,2.300286135,-0.3976708238829221,0.3976708238829221,0.31006724465958424,TRUE,TRUE
2023-07-20,East_Antarctica,2.289945238,-0.4198736809042365,0.4198736809042365,0.31006724465958424,TRUE,TRUE
2023-07-21,East_Antarctica,2.319676282,-0.402176711614564,0.402176711614564,0.31006724465958424,TRUE,TRUE
2023-07-22,East_Antarctica,2.339516992,-0.39454825878602584,0.39454825878602584,0.31006724465958424,TRUE,TRUE
2023-07-23,East_Antarctica,2.379491325,-0.3669351463574934,0.3669351463574934,0.31006724465958424,TRUE,TRUE
2023-07-24,East_Antarctica,2.4214441,-0.3374376142946969,0.3374376142946969,0.31006724465958424,TRUE,TRUE
2023-07-25,East_Antarctica,2.445084709,-0.32629074608892417,0.32629074608892417,0.31006724465958424,TRUE,TRUE
2023-07-26,East_Antarctica,2.460517606,-0.32333456323146503,0.32333456323146503,0.31006724465958424,TRUE,TRUE
2023-07-27,East_Antarctica,2.465473432,-0.3307829002136118,0.3307829002136118,0.31006724465958424,TRUE,TRUE
2023-07-28,East_Antarctica,2.494709798,-0.3138226215266533,0.3138226215266533,0.31006724465958424,TRUE,TRUE
2023-07-29,East_Antarctica,2.505906759,-0.314718147661877,0.314718147661877,0.31006724465958424,TRUE,TRUE
2023-07-30,East_Antarctica,2.546064732,-0.28641353711057604,0.28641353711057604,0.31006724465958424,FALSE,FALSE
2023-07-31,East_Antarctica,2.629864274,-0.21417270836403857,0.21417270836403857,0.31006724465958424,FALSE,FALSE
2023-08-01,East_Antarctica,2.643065458,-0.21218006391355315,0.21218006391355315,0.31006724465958424,FALSE,FALSE
2023-08-02,East_Antarctica,2.621860522,-0.24418784125041437,0.24418784125041437,0.31006724465958424,FALSE,FALSE
2023-08-03,East_Antarctica,2.641602404,-0.2347875785990685,0.2347875785990685,0.31006724465958424,FALSE,FALSE
2023-08-04,East_Antarctica,2.642962307,-0.24327234161779152,0.24327234161779152,0.31006724465958424,FALSE,FALSE
2023-08-05,East_Antarctica,2.611421304,-0.2841967249190622,0.2841967249190622,0.31006724465958424,FALSE,FALSE
2023-08-06,East_Antarctica,2.588821008,-0.3157708774814614,0.3157708774814614,0.31006724465958424,TRUE,TRUE
2023-08-07,East_Antarctica,2.574883885,-0.33832409528357044,0.33832409528357044,0.31006724465958424,TRUE,TRUE
2023-08-08,East_Antarctica,2.579329167,-0.3421889083039691,0.3421889083039691,0.31006724465958424,TRUE,TRUE
2023-08-09,East_Antarctica,2.574040667,-0.35553326552123776,0.35553326552123776,0.31006724465958424,TRUE,TRUE
2023-08-10,East_Antarctica,2.58126072,-0.35616659391395755,0.35616659391395755,0.31006724465958424,TRUE,TRUE
2023-08-11,East_Antarctica,2.544436223,-0.40069375846070887,0.40069375846070887,0.31006724465958424,TRUE,TRUE
2023-08-12,East_Antarctica,2.55213482,-0.40059887714007214,0.40059887714007214,0.31006724465958424,TRUE,TRUE
2023-08-13,East_Antarctica,2.554232284,-0.4060579389306289,0.4060579389306289,0.31006724465958424,TRUE,TRUE
2023-08-14,East_Antarctica,2.551109606,-0.4167417148109567,0.4167417148109567,0.31006724465958424,TRUE,TRUE
2023-08-15,East_Antarctica,2.535148933,-0.4403198197596381,0.4403198197596381,0.31006724465958424,TRUE,TRUE
2023-08-16,East_Antarctica,2.541903703,-0.441289045459528,0.441289045459528,0.31006724465958424,TRUE,TRUE
2023-08-17,East_Antarctica,2.564387297,-0.42664069716568687,0.42664069716568687,0.31006724465958424,TRUE,TRUE
2023-08-18,East_Antarctica,2.584947873,-0.413979175088191,0.413979175088191,0.31006724465958424,TRUE,TRUE
2023-08-19,East_Antarctica,2.650706407,-0.356133204685515,0.356133204685515,0.31006724465958424,TRUE,TRUE
2023-08-20,East_Antarctica,2.687739512,-0.3269758744161244,0.3269758744161244,0.31006724465958424,TRUE,TRUE
2023-08-21,East_Antarctica,2.758334498,-0.26416957573848965,0.26416957573848965,0.31006724465958424,FALSE,FALSE
2023-08-22,East_Antarctica,2.833706485,-0.19644889011108055,0.19644889011108055,0.31006724465958424,FALSE,FALSE
2023-08-23,East_Antarctica,2.858651053,-0.17896793899236796,0.17896793899236796,0.31006724465958424,FALSE,FALSE
2023-08-24,East_Antarctica,2.851910502,-0.19293412384081865,0.19293412384081865,0.31006724465958424,FALSE,FALSE
2023-08-25,East_Antarctica,2.8490133,-0.2027686781149027,0.2027686781149027,0.31006724465958424,FALSE,FALSE
2023-08-26,East_Antarctica,2.888526545,-0.16985420527309092,0.16985420527309092,0.31006724465958424,FALSE,FALSE
2023-08-27,East_Antarctica,2.906998588,-0.1575920557738515,0.1575920557738515,0.31006724465958424,FALSE,FALSE
2023-08-28,East_Antarctica,2.887567708,-0.1827936520756519,0.1827936520756519,0.31006724465958424,FALSE,FALSE
2023-08-29,East_Antarctica,2.877765281,-0.19788631126193537,0.19788631126193537,0.31006724465958424,FALSE,FALSE
2023-08-30,East_Antarctica,2.909940665,-0.17053401677923752,0.17053401677923752,0.31006724465958424,FALSE,FALSE
2023-08-31,East_Antarctica,2.912458485,-0.17240601820501267,0.17240601820501267,0.31006724465958424,FALSE,FALSE
2023-09-01,East_Antarctica,2.918562763,-0.17029220494640995,0.17029220494640995,0.31006724465958424,FALSE,FALSE
2023-09-02,East_Antarctica,2.979580304,-0.1128996834105771,0.1128996834105771,0.31006724465958424,FALSE,FALSE
2023-09-03,East_Antarctica,2.97113998,-0.12463349300466577,0.12463349300466577,0.31006724465958424,FALSE,FALSE
2023-09-04,East_Antarctica,2.980141989,-0.1186273471358188,0.1186273471358188,0.31006724465958424,FALSE,FALSE
2023-09-05,East_Antarctica,2.976317469,-0.12518401921118727,0.12518401921118727,0.31006724465958424,FALSE,FALSE
2023-09-06,East_Antarctica,2.987894292,-0.11610954863792068,0.11610954863792068,0.31006724465958424,FALSE,FALSE
2023-09-07,East_Antarctica,2.997349833,-0.1089604718231656,0.1089604718231656,0.31006724465958424,FALSE,FALSE
2023-09-08,East_Antarctica,2.973038452,-0.13541634017407445,0.13541634017407445,0.31006724465958424,FALSE,FALSE
2023-09-09,East_Antarctica,2.909699775,-0.2007714390977884,0.2007714390977884,0.31006724465958424,FALSE,FALSE
2023-09-10,East_Antarctica,2.908397686,-0.20399574419352495,0.20399574419352495,0.31006724465958424,FALSE,FALSE
2023-09-11,East_Antarctica,2.881593716,-0.2326566658478204,0.2326566658478204,0.31006724465958424,FALSE,FALSE
2023-09-12,East_Antarctica,2.871293344,-0.2447687664099103,0.2447687664099103,0.31006724465958424,FALSE,FALSE
2023-09-13,East_Antarctica,2.875044431,-0.24280328913269056,0.24280328913269056,0.31006724465958424,FALSE,FALSE
2023-09-14,East_Antarctica,2.861380356,-0.258245959269054,0.258245959269054,0.31006724465958424,FALSE,FALSE
2023-09-15,East_Antarctica,2.807609087,-0.3138079130719005,0.3138079130719005,0.31006724465958424,TRUE,FALSE
2023-09-16,East_Antarctica,2.806452398,-0.31678648079412186,0.31678648079412186,0.31006724465958424,TRUE,FALSE
2023-09-17,East_Antarctica,2.912664446,-0.21244660968861503,0.21244660968861503,0.31006724465958424,FALSE,FALSE
2023-09-18,East_Antarctica,2.990904174,-0.1361484610082755,0.1361484610082755,0.31006724465958424,FALSE,FALSE
2023-09-19,East_Antarctica,2.979389822,-0.14969289900599891,0.14969289900599891,0.31006724465958424,FALSE,FALSE
2023-09-20,East_Antarctica,2.959849023,-0.17137139493467934,0.17137139493467934,0.31006724465958424,FALSE,FALSE
2023-09-21,East_Antarctica,2.963875281,-0.1696095490472147,0.1696095490472147,0.31006724465958424,FALSE,FALSE
2023-09-22,East_Antarctica,2.933624077,-0.2022709845964994,0.2022709845964994,0.31006724465958424,FALSE,FALSE
2023-09-23,East_Antarctica,2.855939249,-0.2825248808798366,0.2825248808798366,0.31006724465958424,FALSE,FALSE
2023-09-24,East_Antarctica,2.793926956,-0.3472129284871053,0.3472129284871053,0.31006724465958424,TRUE,FALSE
2023-09-25,East_Antarctica,2.777714679,-0.3661159642750973,0.3661159642750973,0.31006724465958424,TRUE,FALSE
2023-09-26,East_Antarctica,2.751509472,-0.39493469742677334,0.39493469742677334,0.31006724465958424,TRUE,FALSE
2023-09-27,East_Antarctica,2.771795812,-0.3770924141251002,0.3770924141251002,0.31006724465958424,TRUE,FALSE
2023-09-28,East_Antarctica,2.841673366,-0.30939721055303826,0.30939721055303826,0.31006724465958424,FALSE,FALSE
2023-09-29,East_Antarctica,2.868335219,-0.28456376489355284,0.28456376489355284,0.31006724465958424,FALSE,FALSE
2023-09-30,East_Antarctica,2.900800653,-0.2534805583296058,0.2534805583296058,0.31006724465958424,FALSE,FALSE
2023-10-01,East_Antarctica,2.902176531,-0.25294849104416217,0.25294849104416217,0.31006724465958424,FALSE,FALSE
2023-10-02,East_Antarctica,2.877447088,-0.27789109122018285,0.27789109122018285,0.31006724465958424,FALSE,FALSE
2023-10-03,East_Antarctica,2.861918084,-0.29291036204063037,0.29291036204063037,0.31006724465958424,FALSE,FALSE
2023-10-04,East_Antarctica,2.804492784,-0.3490108016884732,0.3490108016884732,0.31006724465958424,TRUE,TRUE
2023-10-05,East_Antarctica,2.792160332,-0.3591110571074587,0.3591110571074587,0.31006724465958424,TRUE,TRUE
2023-10-06,East_Antarctica,2.777195538,-0.37087768951429334,0.37087768951429334,0.31006724465958424,TRUE,TRUE
2023-10-07,East_Antarctica,2.800531305,-0.34341794515393076,0.34341794515393076,0.31006724465958424,TRUE,TRUE
2023-10-08,East_Antarctica,2.784418084,-0.3545395935168063,0.3545395935168063,0.31006724465958424,TRUE,TRUE
2023-10-09,East_Antarctica,2.746203779,-0.3869529510933578,0.3869529510933578,0.31006724465958424,TRUE,TRUE
2023-10-10,East_Antarctica,2.709192923,-0.41741170537401784,0.41741170537401784,0.31006724465958424,TRUE,TRUE
2023-10-11,East_Antarctica,2.68733429,-0.4320253028492216,0.4320253028492216,0.31006724465958424,TRUE,TRUE
2023-10-12,East_Antarctica,2.696647514,-0.4148323300094101,0.4148323300094101,0.31006724465958424,TRUE,TRUE
2023-10-13,East_Antarctica,2.725086102,-0.37793750034501494,0.37793750034501494,0.31006724465958424,TRUE,TRUE
2023-10-14,East_Antarctica,2.7401262,-0.3539228883464718,0.3539228883464718,0.31006724465958424,TRUE,TRUE
2023-10-15,East_Antarctica,2.771531386,-0.31308313650421793,0.31308313650421793,0.31006724465958424,TRUE,TRUE
2023-10-16,East_Antarctica,2.843716453,-0.23106167230868468,0.23106167230868468,0.31006724465958424,FALSE,FALSE
2023-10-17,East_Antarctica,2.871067329,-0.1935307882503148,0.1935307882503148,0.31006724465958424,FALSE,FALSE
2023-10-18,East_Antarctica,2.888685084,-0.16544433497508138,0.16544433497508138,0.31006724465958424,FALSE,FALSE
2023-10-19,East_Antarctica,2.874762938,-0.16859392541045182,0.16859392541045182,0.31006724465958424,FALSE,FALSE
2023-10-20,East_Antarctica,2.849403663,-0.1827946155533988,0.1827946155533988,0.31006724465958424,FALSE,FALSE
2023-10-21,East_Antarctica,2.823831038,-0.1967377715051315,0.1967377715051315,0.31006724465958424,FALSE,FALSE
2023-10-22,East_Antarctica,2.807198251,-0.2011853503668659,0.2011853503668659,0.31006724465958424,FALSE,FALSE
2023-10-23,East_Antarctica,2.808363031,-0.18719476823980852,0.18719476823980852,0.31006724465958424,FALSE,FALSE
2023-10-24,East_Antarctica,2.814634994,-0.1673715542251748,0.1673715542251748,0.31006724465958424,FALSE,FALSE
2023-10-25,East_Antarctica,2.800256069,-0.1673889244241762,0.1673889244241762,0.31006724465958424,FALSE,FALSE
2023-10-26,East_Antarctica,2.764147461,-0.1882408189380227,0.1882408189380227,0.31006724465958424,FALSE,FALSE
2023-10-27,East_Antarctica,2.740716273,-0.1954352798679282,0.1954352798679282,0.31006724465958424,FALSE,FALSE
2023-10-28,East_Antarctica,2.711137894,-0.20771206331510417,0.20771206331510417,0.31006724465958424,FALSE,FALSE
2023-10-29,East_Antarctica,2.674420367,-0.22597827138076232,0.22597827138076232,0.31006724465958424,FALSE,FALSE
2023-10-30,East_Antarctica,2.658202838,-0.2225099031661153,0.2225099031661153,0.31006724465958424,FALSE,FALSE
2023-10-31,East_Antarctica,2.6290826369999998,-0.2306371844197499,0.2306371844197499,0.31006724465958424,FALSE,FALSE
2023-11-01,East_Antarctica,2.569649355,-0.26775916779150943,0.26775916779150943,0.31006724465958424,FALSE,FALSE
2023-11-02,East_Antarctica,2.526162194,-0.28762405876069375,0.28762405876069375,0.31006724465958424,FALSE,FALSE
2023-11-03,East_Antarctica,2.482805711,-0.30605471285081665,0.30605471285081665,0.31006724465958424,FALSE,FALSE
2023-11-04,East_Antarctica,2.471210742,-0.2914277065853894,0.2914277065853894,0.31006724465958424,FALSE,FALSE
2023-11-05,East_Antarctica,2.476392741,-0.2587349984879208,0.2587349984879208,0.31006724465958424,FALSE,FALSE
2023-11-06,East_Antarctica,2.474263199,-0.2320725100819283,0.2320725100819283,0.31006724465958424,FALSE,FALSE
2023-11-07,East_Antarctica,2.46779874,-0.20847102989091848,0.20847102989091848,0.31006724465958424,FALSE,FALSE
2023-11-08,East_Antarctica,2.441385328,-0.20355200643840643,0.20355200643840643,0.31006724465958424,FALSE,FALSE
2023-11-09,East_Antarctica,2.397996171,-0.21434964424790293,0.21434964424790293,0.31006724465958424,FALSE,FALSE
2023-11-10,East_Antarctica,2.380239242,-0.1982633828429181,0.1982633828429181,0.31006724465958424,FALSE,FALSE
2023-11-11,East_Antarctica,2.360542183,-0.1828729927469661,0.1828729927469661,0.31006724465958424,FALSE,FALSE
2023-11-12,East_Antarctica,2.319253718,-0.18783807004826336,0.18783807004826336,0.31006724465958424,FALSE,FALSE
2023-11-13,East_Antarctica,2.3188007920000002,-0.15079019540706717,0.15079019540706717,0.31006724465958424,FALSE,FALSE
2023-11-14,East_Antarctica,2.294344714,-0.13670205493442866,0.13670205493442866,0.31006724465958424,FALSE,FALSE
2023-11-15,East_Antarctica,2.291377606,-0.10022174672772044,0.10022174672772044,0.31006724465958424,FALSE,FALSE
2023-11-16,East_Antarctica,2.240991387,-0.11039757188431933,0.11039757188431933,0.31006724465958424,FALSE,FALSE
2023-11-17,East_Antarctica,2.188334736,-0.12222107150159812,0.12222107150159812,0.31006724465958424,FALSE,FALSE
2023-11-18,East_Antarctica,2.137886113,-0.13135400567693578,0.13135400567693578,0.31006724465958424,FALSE,FALSE
2023-11-19,East_Antarctica,2.082743512,-0.1448386005077067,0.1448386005077067,0.31006724465958424,FALSE,FALSE
2023-11-20,East_Antarctica,2.030586013,-0.15513599609128417,0.15513599609128417,0.31006724465958424,FALSE,FALSE
2023-11-21,East_Antarctica,1.976781186,-0.16701884252504473,0.16701884252504473,0.31006724465958424,FALSE,FALSE
2023-11-22,East_Antarctica,1.94818678,-0.15376961090636376,0.15376961090636376,0.31006724465958424,FALSE,FALSE
2023-11-23,East_Antarctica,1.914767618,-0.14556369833261806,0.14556369833261806,0.31006724465958424,FALSE,FALSE
2023-11-24,East_Antarctica,1.864187261,-0.1548777639011805,0.1548777639011805,0.31006724465958424,FALSE,FALSE
2023-11-25,East_Antarctica,1.83791063,-0.14037861906566218,0.14037861906566218,0.31006724465958424,FALSE,FALSE
2023-11-26,East_Antarctica,1.797186229,-0.14087770521076926,0.14087770521076926,0.31006724465958424,FALSE,FALSE
2023-11-27,East_Antarctica,1.745609182,-0.15280374732186042,0.15280374732186042,0.31006724465958424,FALSE,FALSE
2023-11-28,East_Antarctica,1.750887465,-0.10847234497503289,0.10847234497503289,0.31006724465958424,FALSE,FALSE
2023-11-29,East_Antarctica,1.727494267,-0.09343388474638892,0.09343388474638892,0.31006724465958424,FALSE,FALSE
2023-11-30,East_Antarctica,1.699469087,-0.08367244321202416,0.08367244321202416,0.31006724465958424,FALSE,FALSE
2023-12-01,East_Antarctica,1.663393833,-0.08262968794803993,0.08262968794803993,0.31006724465958424,FALSE,FALSE
2023-12-02,East_Antarctica,1.588859568,-0.12073813153053337,0.12073813153053337,0.31006724465958424,FALSE,FALSE
2023-12-03,East_Antarctica,1.497634798,-0.17625284353560522,0.17625284353560522,0.31006724465958424,FALSE,FALSE
2023-12-04,East_Antarctica,1.413843618,-0.22507330453935404,0.22507330453935404,0.31006724465958424,FALSE,FALSE
2023-12-05,East_Antarctica,1.355463932,-0.2492451861178779,0.2492451861178779,0.31006724465958424,FALSE,FALSE
2023-12-06,East_Antarctica,1.341114962,-0.2301728418472773,0.2301728418472773,0.31006724465958424,FALSE,FALSE
2023-12-07,East_Antarctica,1.296227311,-0.24244922031779637,0.24244922031779637,0.31006724465958424,FALSE,FALSE
2023-12-08,East_Antarctica,1.278240448,-0.22865095814303715,0.22865095814303715,0.31006724465958424,FALSE,FALSE
2023-12-09,East_Antarctica,1.242109688,-0.2338208889749489,0.2338208889749489,0.31006724465958424,FALSE,FALSE
2023-12-10,East_Antarctica,1.210353869,-0.23543567082190409,0.23543567082190409,0.31006724465958424,FALSE,FALSE
2023-12-11,East_Antarctica,1.218113014,-0.19835077669228296,0.19835077669228296,0.31006724465958424,FALSE,FALSE
2023-12-12,East_Antarctica,1.210139241,-0.17780958459446228,0.17780958459446228,0.31006724465958424,FALSE,FALSE
2023-12-13,East_Antarctica,1.195506112,-0.16473402853681662,0.16473402853681662,0.31006724465958424,FALSE,FALSE
2023-12-14,East_Antarctica,1.172083833,-0.1612493985277228,0.1612493985277228,0.31006724465958424,FALSE,FALSE
2023-12-15,East_Antarctica,1.139627127,-0.16759646757555768,0.16759646757555768,0.31006724465958424,FALSE,FALSE
2023-12-16,East_Antarctica,1.132508393,-0.14939833268869784,0.14939833268869784,0.31006724465958424,FALSE,FALSE
2023-12-17,East_Antarctica,1.118149354,-0.13922876687551922,0.13922876687551922,0.31006724465958424,FALSE,FALSE
2023-12-18,East_Antarctica,1.100833712,-0.13279956414440042,0.13279956414440042,0.31006724465958424,FALSE,FALSE
2023-12-19,East_Antarctica,1.082848671,-0.12781901650371497,0.12781901650371497,0.31006724465958424,FALSE,FALSE
2023-12-20,East_Antarctica,1.065442679,-0.1230333654783342,0.1230333654783342,0.31006724465958424,FALSE,FALSE
2023-12-21,East_Antarctica,1.065018504,-0.10202178053435862,0.10202178053435862,0.31006724465958424,FALSE,FALSE
2023-12-22,East_Antarctica,1.043963387,-0.10236877917681177,0.10236877917681177,0.31006724465958424,FALSE,FALSE
2023-12-23,East_Antarctica,1.030612928,-0.09571023625439778,0.09571023625439778,0.31006724465958424,FALSE,FALSE
2023-12-24,East_Antarctica,1.008772922,-0.09821183161581935,0.09821183161581935,0.31006724465958424,FALSE,FALSE
2023-12-25,East_Antarctica,1.006235713,-0.08205269610978072,0.08205269610978072,0.31006724465958424,FALSE,FALSE
2023-12-26,East_Antarctica,1.001272615,-0.06893299058498581,0.06893299058498581,0.31006724465958424,FALSE,FALSE
2023-12-27,East_Antarctica,0.992620726,-0.0600870918901395,0.0600870918901395,0.31006724465958424,FALSE,FALSE
2023-12-28,East_Antarctica,0.975745979,-0.06002054187394456,0.06002054187394456,0.31006724465958424,FALSE,FALSE
2023-12-29,East_Antarctica,0.965495826,-0.05385736338510361,0.05385736338510361,0.31006724465958424,FALSE,FALSE
2023-12-30,East_Antarctica,0.949630955,-0.05380834327232142,0.05380834327232142,0.31006724465958424,FALSE,FALSE
2023-12-31,East_Antarctica,0.926041584,-0.06195473838430454,0.06195473838430454,0.31006724465958424,FALSE,FALSE
2024-01-01,East_Antarctica,0.908453086,-0.06454265056975406,0.06454265056975406,0.31006724465958424,FALSE,FALSE
2024-01-02,East_Antarctica,0.912142605,-0.04626751365614789,0.04626751365614789,0.31006724465958424,FALSE,FALSE
2024-01-03,East_Antarctica,0.900750043,-0.04346641538607132,0.04346641538607132,0.31006724465958424,FALSE,FALSE
2024-01-04,East_Antarctica,0.879086489,-0.0513063594808788,0.0513063594808788,0.31006724465958424,FALSE,FALSE
2024-01-05,East_Antarctica,0.864030066,-0.05288731566192373,0.05288731566192373,0.31006724465958424,FALSE,FALSE
2024-01-06,East_Antarctica,0.862094572,-0.04167357865056886,0.04167357865056886,0.31006724465958424,FALSE,FALSE
2024-01-07,East_Antarctica,0.85606149,-0.03486175816816683,0.03486175816816683,0.31006724465958424,FALSE,FALSE
2024-01-08,East_Antarctica,0.843260128,-0.03510063893607462,0.03510063893607462,0.31006724465958424,FALSE,FALSE
2024-01-09,East_Antarctica,0.803417673,-0.06264112667565114,0.06264112667565114,0.31006724465958424,FALSE,FALSE
2024-01-10,East_Antarctica,0.785958101,-0.06803733810824975,0.06803733810824975,0.31006724465958424,FALSE,FALSE
2024-01-11,East_Antarctica,0.781710365,-0.06043841295522967,0.06043841295522967,0.31006724465958424,FALSE,FALSE
2024-01-12,East_Antarctica,0.760011359,-0.07048554993794642,0.07048554993794642,0.31006724465958424,FALSE,FALSE
2024-01-13,East_Antarctica,0.761180648,-0.05783727677775707,0.05783727677775707,0.31006724465958424,FALSE,FALSE
2024-01-14,East_Antarctica,0.739416929,-0.06827332402744468,0.06827332402744468,0.31006724465958424,FALSE,FALSE
2024-01-15,East_Antarctica,0.751500249,-0.0450040876113259,0.0450040876113259,0.31006724465958424,FALSE,FALSE
2024-01-16,East_Antarctica,0.752659508,-0.03280616314158258,0.03280616314158258,0.31006724465958424,FALSE,FALSE
2024-01-17,East_Antarctica,0.744807076,-0.0297736282135026,0.0297736282135026,0.31006724465958424,FALSE,FALSE
2024-01-18,East_Antarctica,0.72374781,-0.04010807342237177,0.04010807342237177,0.31006724465958424,FALSE,FALSE
2024-01-19,East_Antarctica,0.695285258,-0.05801239836347793,0.05801239836347793,0.31006724465958424,FALSE,FALSE
2024-01-20,East_Antarctica,0.665001624,-0.07791084663210857,0.07791084663210857,0.31006724465958424,FALSE,FALSE
2024-01-21,East_Antarctica,0.660829649,-0.07187712482355046,0.07187712482355046,0.31006724465958424,FALSE,FALSE
2024-01-22,East_Antarctica,0.667456646,-0.0552303675330903,0.0552303675330903,0.31006724465958424,FALSE,FALSE
2024-01-23,East_Antarctica,0.661407798,-0.05145183935601616,0.05145183935601616,0.31006724465958424,FALSE,FALSE
2024-01-24,East_Antarctica,0.627011133,-0.07621995988761487,0.07621995988761487,0.31006724465958424,FALSE,FALSE
2024-01-25,East_Antarctica,0.592507096,-0.10130073172317344,0.10130073172317344,0.31006724465958424,FALSE,FALSE
2024-01-26,East_Antarctica,0.559951233,-0.1246450564579784,0.1246450564579784,0.31006724465958424,FALSE,FALSE
2024-01-27,East_Antarctica,0.540010217,-0.13559188980144732,0.13559188980144732,0.31006724465958424,FALSE,FALSE
2024-01-28,East_Antarctica,0.515995372,-0.15082999304873146,0.15082999304873146,0.31006724465958424,FALSE,FALSE
2024-01-29,East_Antarctica,0.51773791,-0.1405259408804469,0.1405259408804469,0.31006724465958424,FALSE,FALSE
2024-01-30,East_Antarctica,0.51174223,-0.1381731135726444,0.1381731135726444,0.31006724465958424,FALSE,FALSE
2024-01-31,East_Antarctica,0.494249938,-0.14752768440137248,0.14752768440137248,0.31006724465958424,FALSE,FALSE
2024-02-01,East_Antarctica,0.487601289,-0.1462471776426798,0.1462471776426798,0.31006724465958424,FALSE,FALSE
2024-02-02,East_Antarctica,0.477886142,-0.14823951357261655,0.14823951357261655,0.31006724465958424,FALSE,FALSE
2024-02-03,East_Antarctica,0.455427587,-0.1631793814672305,0.1631793814672305,0.31006724465958424,FALSE,FALSE
2024-02-04,East_Antarctica,0.4584167,-0.15287348460257175,0.15287348460257175,0.31006724465958424,FALSE,FALSE
2024-02-05,East_Antarctica,0.463321142,-0.14085194125468964,0.14085194125468964,0.31006724465958424,FALSE,FALSE
2024-02-06,East_Antarctica,0.48150484,-0.1157486036996332,0.1157486036996332,0.31006724465958424,FALSE,FALSE
2024-02-07,East_Antarctica,0.487533875,-0.10299517021345106,0.10299517021345106,0.31006724465958424,FALSE,FALSE
2024-02-08,East_Antarctica,0.479046921,-0.1049508853191602,0.1049508853191602,0.31006724465958424,FALSE,FALSE
2024-02-09,East_Antarctica,0.457744014,-0.11993201538723774,0.11993201538723774,0.31006724465958424,FALSE,FALSE
2024-02-10,East_Antarctica,0.45226849,-0.11934808784545226,0.11934808784545226,0.31006724465958424,FALSE,FALSE
2024-02-11,East_Antarctica,0.453509383,-0.11236725486708432,0.11236725486708432,0.31006724465958424,FALSE,FALSE
2024-02-12,East_Antarctica,0.458352932,-0.10216046362541392,0.10216046362541392,0.31006724465958424,FALSE,FALSE
2024-02-13,East_Antarctica,0.45229802,-0.1032860172937225,0.1032860172937225,0.31006724465958424,FALSE,FALSE
2024-02-14,East_Antarctica,0.452901129,-0.09824462004528932,0.09824462004528932,0.31006724465958424,FALSE,FALSE
2024-02-15,East_Antarctica,0.441961418,-0.1052942990533956,0.1052942990533956,0.31006724465958424,FALSE,FALSE
2024-02-16,East_Antarctica,0.449874256,-0.09409687149132284,0.09409687149132284,0.31006724465958424,FALSE,FALSE
2024-02-17,East_Antarctica,0.449872286,-0.09147688053234998,0.09147688053234998,0.31006724465958424,FALSE,FALSE
2024-02-18,East_Antarctica,0.445644099,-0.09380292134975854,0.09380292134975854,0.31006724465958424,FALSE,FALSE
2024-02-19,East_Antarctica,0.460860318,-0.07746155711682784,0.07746155711682784,0.31006724465958424,FALSE,FALSE
2024-02-20,East_Antarctica,0.447570598,-0.09046031900683948,0.09046031900683948,0.31006724465958424,FALSE,FALSE
2024-02-21,East_Antarctica,0.432304062,-0.10632419450458468,0.10632419450458468,0.31006724465958424,FALSE,FALSE
2024-02-22,East_Antarctica,0.431647285,-0.10848343057582673,0.10848343057582673,0.31006724465958424,FALSE,FALSE
2024-02-23,East_Antarctica,0.449320161,-0.09321014923625698,0.09321014923625698,0.31006724465958424,FALSE,FALSE
2024-02-24,East_Antarctica,0.455420547,-0.09039806108510973,0.09039806108510973,0.31006724465958424,FALSE,FALSE
2024-02-25,East_Antarctica,0.488325606,-0.06166157072161876,0.06166157072161876,0.31006724465958424,FALSE,FALSE
2024-02-26,East_Antarctica,0.490894005,-0.06413357874501646,0.06413357874501646,0.31006724465958424,FALSE,FALSE
2024-02-27,East_Antarctica,0.483609265,-0.07732213175453828,0.07732213175453828,0.31006724465958424,FALSE,FALSE
2024-02-28,East_Antarctica,0.480080578,-0.0876096053494167,0.0876096053494167,0.31006724465958424,FALSE,FALSE
2024-03-01,East_Antarctica,0.517152074,-0.06658687369217786,0.06658687369217786,0.31006724465958424,FALSE,FALSE
2024-03-02,East_Antarctica,0.521305283,-0.07170677763852751,0.07170677763852751,0.31006724465958424,FALSE,FALSE
2024-03-03,East_Antarctica,0.549269603,-0.05383681456716904,0.05383681456716904,0.31006724465958424,FALSE,FALSE
2024-03-04,East_Antarctica,0.536517419,-0.07749616293456729,0.07749616293456729,0.31006724465958424,FALSE,FALSE
2024-03-05,East_Antarctica,0.559598391,-0.06611131561669603,0.06611131561669603,0.31006724465958424,FALSE,FALSE
2024-03-06,East_Antarctica,0.572339972,-0.06578080149318344,0.06578080149318344,0.31006724465958424,FALSE,FALSE
2024-03-07,East_Antarctica,0.599859252,-0.05130331967992763,0.05130331967992763,0.31006724465958424,FALSE,FALSE
2024-03-08,East_Antarctica,0.614005077,-0.05074581329282879,0.05074581329282879,0.31006724465958424,FALSE,FALSE
2024-03-09,East_Antarctica,0.61230556,-0.06649595844778522,0.06649595844778522,0.31006724465958424,FALSE,FALSE
2024-03-10,East_Antarctica,0.637737114,-0.05549313126069533,0.05549313126069533,0.31006724465958424,FALSE,FALSE
2024-03-11,East_Antarctica,0.645687651,-0.06226520884745745,0.06226520884745745,0.31006724465958424,FALSE,FALSE
2024-03-12,East_Antarctica,0.657205348,-0.06567980332397294,0.06567980332397294,0.31006724465958424,FALSE,FALSE
2024-03-13,East_Antarctica,0.646850536,-0.09109237280613858,0.09109237280613858,0.31006724465958424,FALSE,FALSE
2024-03-14,East_Antarctica,0.647598121,-0.10544380040985424,0.10544380040985424,0.31006724465958424,FALSE,FALSE
2024-03-15,East_Antarctica,0.679817951,-0.08828002725101924,0.08828002725101924,0.31006724465958424,FALSE,FALSE
2024-03-16,East_Antarctica,0.685315632,-0.09771123644553016,0.09771123644553016,0.31006724465958424,FALSE,FALSE
2024-03-17,East_Antarctica,0.672648907,-0.12509792460892766,0.12509792460892766,0.31006724465958424,FALSE,FALSE
2024-03-18,East_Antarctica,0.634574389,-0.17766291922803956,0.17766291922803956,0.31006724465958424,FALSE,FALSE
2024-03-19,East_Antarctica,0.632255286,-0.19428646941366423,0.19428646941366423,0.31006724465958424,FALSE,FALSE
2024-03-20,East_Antarctica,0.652952934,-0.1877537102839919,0.1877537102839919,0.31006724465958424,FALSE,FALSE
2024-03-21,East_Antarctica,0.698558458,-0.1562199879572148,0.1562199879572148,0.31006724465958424,FALSE,FALSE
2024-03-22,East_Antarctica,0.731280038,-0.13752359355152466,0.13752359355152466,0.31006724465958424,FALSE,FALSE
2024-03-23,East_Antarctica,0.769539024,-0.113289648185112,0.113289648185112,0.31006724465958424,FALSE,FALSE
2024-03-24,East_Antarctica,0.790800565,-0.10609947397616792,0.10609947397616792,0.31006724465958424,FALSE,FALSE
2024-03-25,East_Antarctica,0.795741354,-0.11532284904288603,0.11532284904288603,0.31006724465958424,FALSE,FALSE
2024-03-26,East_Antarctica,0.812806672,-0.11256096350345436,0.11256096350345436,0.31006724465958424,FALSE,FALSE
2024-03-27,East_Antarctica,0.844317486,-0.09553932147606792,0.09553932147606792,0.31006724465958424,FALSE,FALSE
2024-03-28,East_Antarctica,0.87331639,-0.08126180007891604,0.08126180007891604,0.31006724465958424,FALSE,FALSE
2024-03-29,East_Antarctica,0.922812061,-0.04676619343018951,0.04676619343018951,0.31006724465958424,FALSE,FALSE
2024-03-30,East_Antarctica,0.957354934,-0.02753980826454016,0.02753980826454016,0.31006724465958424,FALSE,FALSE
2024-03-31,East_Antarctica,0.989935067,-0.01058261321612308,0.01058261321612308,0.31006724465958424,FALSE,FALSE
2024-04-01,East_Antarctica,1.009822923,-0.00659795084112069,0.00659795084112069,0.31006724465958424,FALSE,FALSE
2024-04-02,East_Antarctica,1.023747149,-0.00883096628576196,0.00883096628576196,0.31006724465958424,FALSE,FALSE
2024-04-03,East_Antarctica,1.046121451,-0.00284174569627593,0.00284174569627593,0.31006724465958424,FALSE,FALSE
2024-04-04,East_Antarctica,1.070147795,0.00459788478111011,0.00459788478111011,0.31006724465958424,FALSE,FALSE
2024-04-05,East_Antarctica,1.100776918,0.01846487000016727,0.01846487000016727,0.31006724465958424,FALSE,FALSE
2024-04-06,East_Antarctica,1.117047698,0.01782429581466615,0.01782429581466615,0.31006724465958424,FALSE,FALSE
2024-04-07,East_Antarctica,1.130967029,0.01470926407838058,0.01470926407838058,0.31006724465958424,FALSE,FALSE
2024-04-08,East_Antarctica,1.152540567,0.01915163864508096,0.01915163864508096,0.31006724465958424,FALSE,FALSE
2024-04-09,East_Antarctica,1.192243633,0.04165294836853772,0.04165294836853772,0.31006724465958424,FALSE,FALSE
2024-04-10,East_Antarctica,1.242680037,0.07484321110252545,0.07484321110252545,0.31006724465958424,FALSE,FALSE
2024-04-11,East_Antarctica,1.315215349,0.1301140421889364,0.1301140421889364,0.31006724465958424,FALSE,FALSE
2024-04-12,East_Antarctica,1.373260897,0.17089123271035844,0.17089123271035844,0.31006724465958424,FALSE,FALSE
2024-04-13,East_Antarctica,1.405595546,0.18594901749878856,0.18594901749878856,0.31006724465958424,FALSE,FALSE
2024-04-14,East_Antarctica,1.431338748,0.194400434991147,0.194400434991147,0.31006724465958424,FALSE,FALSE
2024-04-15,East_Antarctica,1.452978303,0.1987268716243595,0.1987268716243595,0.31006724465958424,FALSE,FALSE
2024-04-16,East_Antarctica,1.463955236,0.19236293883534472,0.19236293883534472,0.31006724465958424,FALSE,FALSE
2024-04-17,East_Antarctica,1.460581472,0.17161414806102737,0.17161414806102737,0.31006724465958424,FALSE,FALSE
2024-04-18,East_Antarctica,1.474448813,0.16806588773833098,0.16806588773833098,0.31006724465958424,FALSE,FALSE
2024-04-19,East_Antarctica,1.526398233,0.20255271830417665,0.20255271830417665,0.31006724465958424,FALSE,FALSE
2024-04-20,East_Antarctica,1.561584239,0.2202227331954865,0.2202227331954865,0.31006724465958424,FALSE,FALSE
2024-04-21,East_Antarctica,1.556130072,0.1971927598491834,0.1971927598491834,0.31006724465958424,FALSE,FALSE
2024-04-22,East_Antarctica,1.540629458,0.16405011070218856,0.16405011070218856,0.31006724465958424,FALSE,FALSE
2024-04-23,East_Antarctica,1.536993462,0.14269943719142764,0.14269943719142764,0.31006724465958424,FALSE,FALSE
2024-04-24,East_Antarctica,1.550791356,0.1387042039139219,0.1387042039139219,0.31006724465958424,FALSE,FALSE
2024-04-25,East_Antarctica,1.595100456,0.16514167644951572,0.16514167644951572,0.31006724465958424,FALSE,FALSE
2024-04-26,East_Antarctica,1.64281824,0.19491246372042711,0.19491246372042711,0.31006724465958424,FALSE,FALSE
2024-04-27,East_Antarctica,1.670867347,0.2049423691608041,0.2049423691608041,0.31006724465958424,FALSE,FALSE
2024-04-28,East_Antarctica,1.685215634,0.20120241420479257,0.20120241420479257,0.31006724465958424,FALSE,FALSE
2024-04-29,East_Antarctica,1.681052987,0.17888564928654094,0.17888564928654094,0.31006724465958424,FALSE,FALSE
2024-04-30,East_Antarctica,1.701352393,0.18096822584019545,0.18096822584019545,0.31006724465958424,FALSE,FALSE
2024-05-01,East_Antarctica,1.684569267,0.14590872329990257,0.14590872329990257,0.31006724465958424,FALSE,FALSE
2024-05-02,East_Antarctica,1.685126278,0.12813297509981192,0.12813297509981192,0.31006724465958424,FALSE,FALSE
2024-05-03,East_Antarctica,1.730952408,0.15557312767406772,0.15557312767406772,0.31006724465958424,FALSE,FALSE
2024-05-04,East_Antarctica,1.753027371,0.1592120594568185,0.1592120594568185,0.31006724465958424,FALSE,FALSE
2024-05-05,East_Antarctica,1.783437681,0.17113944888221222,0.17113944888221222,0.31006724465958424,FALSE,FALSE
2024-05-06,East_Antarctica,1.819183093,0.18835821838090008,0.18835821838090008,0.31006724465958424,FALSE,FALSE
2024-05-07,East_Antarctica,1.839374518,0.1899841169828267,0.1899841169828267,0.31006724465958424,FALSE,FALSE
2024-05-08,East_Antarctica,1.854900205,0.18691467797198505,0.18691467797198505,0.31006724465958424,FALSE,FALSE
2024-05-09,East_Antarctica,1.854801268,0.16820103120137686,0.16820103120137686,0.31006724465958424,FALSE,FALSE
2024-05-10,East_Antarctica,1.830346962,0.1251224475240078,0.1251224475240078,0.31006724465958424,FALSE,FALSE
2024-05-11,East_Antarctica,1.811814392,0.08796604779287986,0.08796604779287986,0.31006724465958424,FALSE,FALSE
2024-05-12,East_Antarctica,1.819385907,0.07692419686099972,0.07692419686099972,0.31006724465958424,FALSE,FALSE
2024-05-13,East_Antarctica,1.863965585,0.10291098858136928,0.10291098858136928,0.31006724465958424,FALSE,FALSE
2024-05-14,East_Antarctica,1.903293542,0.12367655480699312,0.12367655480699312,0.31006724465958424,FALSE,FALSE
2024-05-15,East_Antarctica,1.924168821,0.12602995439087383,0.12602995439087383,0.31006724465958424,FALSE,FALSE
2024-05-16,East_Antarctica,1.932555301,0.1159450821860184,0.1159450821860184,0.31006724465958424,FALSE,FALSE
2024-05-17,East_Antarctica,1.972147613,0.13712658504542485,0.13712658504542485,0.31006724465958424,FALSE,FALSE
2024-05-18,East_Antarctica,1.993480668,0.1401193898221027,0.1401193898221027,0.31006724465958424,FALSE,FALSE
2024-05-19,East_Antarctica,1.954719869,0.08309934495129379,0.08309934495129379,0.31006724465958424,FALSE,FALSE
2024-05-20,East_Antarctica,1.9534888480000001,0.06370836659043588,0.06370836659043588,0.31006724465958424,FALSE,FALSE
2024-05-21,East_Antarctica,1.963606654,0.05579063646146709,0.05579063646146709,0.31006724465958424,FALSE,FALSE
2024-05-22,East_Antarctica,1.976895277,0.05119350770434727,0.05119350770434727,0.31006724465958424,FALSE,FALSE
2024-05-23,East_Antarctica,1.977414573,0.03400219945902272,0.03400219945902272,0.31006724465958424,FALSE,FALSE
2024-05-24,East_Antarctica,1.982934518,0.02201205086544866,0.02201205086544866,0.31006724465958424,FALSE,FALSE
2024-05-25,East_Antarctica,1.983680521,0.00547383406357848,0.00547383406357848,0.31006724465958424,FALSE,FALSE
2024-05-26,East_Antarctica,2.005452652,0.01021298219336563,0.01021298219336563,0.31006724465958424,FALSE,FALSE
2024-05-27,East_Antarctica,2.003225111,-0.00877094160523794,0.00877094160523794,0.31006724465958424,FALSE,FALSE
2024-05-28,East_Antarctica,2.004773677,-0.02367679519227916,0.02367679519227916,0.31006724465958424,FALSE,FALSE
2024-05-29,East_Antarctica,2.000781489,-0.04379607642780314,0.04379607642780314,0.31006724465958424,FALSE,FALSE
2024-05-30,East_Antarctica,2.009796103,-0.05055586617186058,0.05055586617186058,0.31006724465958424,FALSE,FALSE
2024-05-31,East_Antarctica,2.034752416,-0.04099590428449451,0.04099590428449451,0.31006724465958424,FALSE,FALSE
2024-06-01,East_Antarctica,2.041706903,-0.04904678771261439,0.04904678771261439,0.31006724465958424,FALSE,FALSE
2024-06-02,East_Antarctica,2.024419898,-0.08099041980645483,0.08099041980645483,0.31006724465958424,FALSE,FALSE
2024-06-03,East_Antarctica,2.001280142,-0.1184955892634103,0.1184955892634103,0.31006724465958424,FALSE,FALSE
2024-06-04,East_Antarctica,2.016832952,-0.11707450934734308,0.11707450934734308,0.31006724465958424,FALSE,FALSE
2024-06-05,East_Antarctica,2.050000971,-0.09786206732211776,0.09786206732211776,0.31006724465958424,FALSE,FALSE
2024-06-06,East_Antarctica,2.066583376,-0.0951166164515942,0.0951166164515942,0.31006724465958424,FALSE,FALSE
2024-06-07,East_Antarctica,2.063189885,-0.11228596899963694,0.11228596899963694,0.31006724465958424,FALSE,FALSE
2024-06-08,East_Antarctica,2.077583598,-0.1116645552301092,0.1116645552301092,0.31006724465958424,FALSE,FALSE
2024-06-09,East_Antarctica,2.092969979,-0.11010444140686904,0.11010444140686904,0.31006724465958424,FALSE,FALSE
2024-06-10,East_Antarctica,2.100643037,-0.11636914879378411,0.11636914879378411,0.31006724465958424,FALSE,FALSE
2024-06-11,East_Antarctica,2.073490649,-0.1576283306547146,0.1576283306547146,0.31006724465958424,FALSE,FALSE
2024-06-12,East_Antarctica,2.061657276,-0.1837950562535231,0.1837950562535231,0.31006724465958424,FALSE,FALSE
2024-06-13,East_Antarctica,2.059424856,-0.2006437855902341,0.2006437855902341,0.31006724465958424,FALSE,FALSE
2024-06-14,East_Antarctica,2.057106045,-0.2178683457790398,0.2178683457790398,0.31006724465958424,FALSE,FALSE
2024-06-15,East_Antarctica,2.038100353,-0.2520072339177908,0.2520072339177908,0.31006724465958424,FALSE,FALSE
2024-06-16,East_Antarctica,2.038056798,-0.2673444779002052,0.2673444779002052,0.31006724465958424,FALSE,FALSE
2024-06-17,East_Antarctica,2.033828032,-0.2869604716199854,0.2869604716199854,0.31006724465958424,FALSE,FALSE
2024-06-18,East_Antarctica,2.040306012,-0.2958963039708511,0.2958963039708511,0.31006724465958424,FALSE,FALSE
2024-06-19,East_Antarctica,2.059702184,-0.2918735748465102,0.2918735748465102,0.31006724465958424,FALSE,FALSE
2024-06-20,East_Antarctica,2.072306264,-0.29453561414067364,0.29453561414067364,0.31006724465958424,FALSE,FALSE
2024-06-21,East_Antarctica,2.081926964,-0.3000067557470554,0.3000067557470554,0.31006724465958424,FALSE,FALSE
2024-06-22,East_Antarctica,2.084207418,-0.3125769115593653,0.3125769115593653,0.31006724465958424,TRUE,TRUE
2024-06-23,East_Antarctica,2.073056509,-0.3382702444713148,0.3382702444713148,0.31006724465958424,TRUE,TRUE
2024-06-24,East_Antarctica,2.018066212,-0.4074278253766188,0.4074278253766188,0.31006724465958424,TRUE,TRUE
2024-06-25,East_Antarctica,1.990576542,-0.44864268516898287,0.44864268516898287,0.31006724465958424,TRUE,TRUE
2024-06-26,East_Antarctica,1.967261402,-0.48518348649935383,0.48518348649935383,0.31006724465958424,TRUE,TRUE
2024-06-27,East_Antarctica,1.968434646,-0.4967508771146414,0.4967508771146414,0.31006724465958424,TRUE,TRUE
2024-06-28,East_Antarctica,1.971931411,-0.5055570921916943,0.5055570921916943,0.31006724465958424,TRUE,TRUE
2024-06-29,East_Antarctica,1.972095325,-0.5173060449110156,0.5173060449110156,0.31006724465958424,TRUE,TRUE
2024-06-30,East_Antarctica,2.004248228,-0.4967234364531139,0.4967234364531139,0.31006724465958424,TRUE,TRUE
2024-07-01,East_Antarctica,2.01653254,-0.4957143879984991,0.4957143879984991,0.31006724465958424,TRUE,TRUE
2024-07-02,East_Antarctica,2.035856284,-0.4874184177276754,0.4874184177276754,0.31006724465958424,TRUE,TRUE
2024-07-03,East_Antarctica,2.083767361,-0.45033516582115185,0.45033516582115185,0.31006724465958424,TRUE,TRUE
2024-07-04,East_Antarctica,2.126490649,-0.41828729545943455,0.41828729545943455,0.31006724465958424,TRUE,TRUE
2024-07-05,East_Antarctica,2.183338125,-0.3720103708230318,0.3720103708230318,0.31006724465958424,TRUE,TRUE
2024-07-06,East_Antarctica,2.268885201,-0.29697652109245043,0.29697652109245043,0.31006724465958424,FALSE,FALSE
2024-07-07,East_Antarctica,2.320521596,-0.2558435684481961,0.2558435684481961,0.31006724465958424,FALSE,FALSE
2024-07-08,East_Antarctica,2.348483915,-0.2384223916266266,0.2384223916266266,0.31006724465958424,FALSE,FALSE
2024-07-09,East_Antarctica,2.351148718,-0.2463727417425261,0.2463727417425261,0.31006724465958424,FALSE,FALSE
2024-07-10,East_Antarctica,2.312222963,-0.2959995209138526,0.2959995209138526,0.31006724465958424,FALSE,FALSE
2024-07-11,East_Antarctica,2.255036458,-0.3639815455039659,0.3639815455039659,0.31006724465958424,TRUE,TRUE
2024-07-12,East_Antarctica,2.242290782,-0.387625860876228,0.387625860876228,0.31006724465958424,TRUE,TRUE
2024-07-13,East_Antarctica,2.251762463,-0.38916456339399286,0.38916456339399286,0.31006724465958424,TRUE,TRUE
2024-07-14,East_Antarctica,2.261516872,-0.3905409064206205,0.3905409064206205,0.31006724465958424,TRUE,TRUE
2024-07-15,East_Antarctica,2.253568146,-0.4097493773194678,0.4097493773194678,0.31006724465958424,TRUE,TRUE
2024-07-16,East_Antarctica,2.237754802,-0.43696008345389625,0.43696008345389625,0.31006724465958424,TRUE,TRUE
2024-07-17,East_Antarctica,2.264092911,-0.4221655781872604,0.4221655781872604,0.31006724465958424,TRUE,TRUE
2024-07-18,East_Antarctica,2.331250166,-0.3667067928829222,0.3667067928829222,0.31006724465958424,TRUE,TRUE
2024-07-19,East_Antarctica,2.37239048,-0.33742843890423657,0.33742843890423657,0.31006724465958424,TRUE,TRUE
2024-07-20,East_Antarctica,2.374570081,-0.34728291261456423,0.34728291261456423,0.31006724465958424,TRUE,TRUE
2024-07-21,East_Antarctica,2.362132144,-0.3719331067860261,0.3719331067860261,0.31006724465958424,TRUE,TRUE
2024-07-22,East_Antarctica,2.362103584,-0.3843228873574933,0.3843228873574933,0.31006724465958424,TRUE,TRUE
2024-07-23,East_Antarctica,2.358112477,-0.4007692372946967,0.4007692372946967,0.31006724465958424,TRUE,TRUE
2024-07-24,East_Antarctica,2.379738382,-0.391637073088924,0.391637073088924,0.31006724465958424,TRUE,TRUE
2024-07-25,East_Antarctica,2.454191671,-0.32966049823146504,0.32966049823146504,0.31006724465958424,TRUE,TRUE
2024-07-26,East_Antarctica,2.528966357,-0.267289975213612,0.267289975213612,0.31006724465958424,FALSE,FALSE
2024-07-27,East_Antarctica,2.535295415,-0.2732370045266532,0.2732370045266532,0.31006724465958424,FALSE,FALSE
2024-07-28,East_Antarctica,2.526910087,-0.29371481966187707,0.29371481966187707,0.31006724465958424,FALSE,FALSE
2024-07-29,East_Antarctica,2.516971525,-0.3155067441105759,0.3155067441105759,0.31006724465958424,TRUE,TRUE
2024-07-30,East_Antarctica,2.500442935,-0.3435940473640384,0.3435940473640384,0.31006724465958424,TRUE,TRUE
2024-07-31,East_Antarctica,2.484234563,-0.3710109589135535,0.3710109589135535,0.31006724465958424,TRUE,TRUE
2024-08-01,East_Antarctica,2.448165533,-0.4178828302504143,0.4178828302504143,0.31006724465958424,TRUE,TRUE
2024-08-02,East_Antarctica,2.402771179,-0.4736188035990682,0.4736188035990682,0.31006724465958424,TRUE,TRUE
2024-08-03,East_Antarctica,2.42202513,-0.4642095186177913,0.4642095186177913,0.31006724465958424,TRUE,TRUE
2024-08-04,East_Antarctica,2.480538437,-0.4150795919190622,0.4150795919190622,0.31006724465958424,TRUE,TRUE
2024-08-05,East_Antarctica,2.554718444,-0.34987344148146127,0.34987344148146127,0.31006724465958424,TRUE,TRUE
2024-08-06,East_Antarctica,2.61532409,-0.29788389028357054,0.29788389028357054,0.31006724465958424,FALSE,FALSE
2024-08-07,East_Antarctica,2.62653428,-0.2949837953039691,0.2949837953039691,0.31006724465958424,FALSE,FALSE
2024-08-08,East_Antarctica,2.601819744,-0.3277541885212374,0.3277541885212374,0.31006724465958424,TRUE,FALSE
2024-08-09,East_Antarctica,2.592963153,-0.3444641609139576,0.3444641609139576,0.31006724465958424,TRUE,FALSE
2024-08-10,East_Antarctica,2.635450767,-0.3096792144607088,0.3096792144607088,0.31006724465958424,FALSE,FALSE
2024-08-11,East_Antarctica,2.698969248,-0.2537644491400721,0.2537644491400721,0.31006724465958424,FALSE,FALSE
2024-08-12,East_Antarctica,2.677943592,-0.2823466309306286,0.2823466309306286,0.31006724465958424,FALSE,FALSE
2024-08-13,East_Antarctica,2.665961897,-0.3018894238109566,0.3018894238109566,0.31006724465958424,FALSE,FALSE
2024-08-14,East_Antarctica,2.665256298,-0.3102124547596379,0.3102124547596379,0.31006724465958424,TRUE,FALSE
2024-08-15,East_Antarctica,2.683211195,-0.2999815534595278,0.2999815534595278,0.31006724465958424,FALSE,FALSE
2024-08-16,East_Antarctica,2.647825137,-0.3432028571656871,0.3432028571656871,0.31006724465958424,TRUE,TRUE
2024-08-17,East_Antarctica,2.62984473,-0.36908231808819103,0.36908231808819103,0.31006724465958424,TRUE,TRUE
2024-08-18,East_Antarctica,2.659109494,-0.347730117685515,0.347730117685515,0.31006724465958424,TRUE,TRUE
2024-08-19,East_Antarctica,2.674705012,-0.34001037441612425,0.34001037441612425,0.31006724465958424,TRUE,TRUE
2024-08-20,East_Antarctica,2.70386444,-0.3186396337384898,0.3186396337384898,0.31006724465958424,TRUE,TRUE
2024-08-21,East_Antarctica,2.736152017,-0.29400335811108036,0.29400335811108036,0.31006724465958424,FALSE,FALSE
2024-08-22,East_Antarctica,2.763457397,-0.27416159499236814,0.27416159499236814,0.31006724465958424,FALSE,FALSE
2024-08-23,East_Antarctica,2.809210615,-0.2356340108408186,0.2356340108408186,0.31006724465958424,FALSE,FALSE
2024-08-24,East_Antarctica,2.807154549,-0.2446274291149031,0.2446274291149031,0.31006724465958424,FALSE,FALSE
2024-08-25,East_Antarctica,2.810098033,-0.24828271727309081,0.24828271727309081,0.31006724465958424,FALSE,FALSE
2024-08-26,East_Antarctica,2.8123387,-0.2522519437738513,0.2522519437738513,0.31006724465958424,FALSE,FALSE
2024-08-27,East_Antarctica,2.892287863,-0.17807349707565212,0.17807349707565212,0.31006724465958424,FALSE,FALSE
2024-08-28,East_Antarctica,2.961281467,-0.11437012526193512,0.11437012526193512,0.31006724465958424,FALSE,FALSE
2024-08-29,East_Antarctica,2.960955397,-0.11951928477923746,0.11951928477923746,0.31006724465958424,FALSE,FALSE
2024-08-30,East_Antarctica,2.927281477,-0.15758302620501263,0.15758302620501263,0.31006724465958424,FALSE,FALSE
2024-08-31,East_Antarctica,2.876214163,-0.2126408049464099,0.2126408049464099,0.31006724465958424,FALSE,FALSE
2024-09-01,East_Antarctica,2.931603243,-0.1608767444105772,0.1608767444105772,0.31006724465958424,FALSE,FALSE
2024-09-02,East_Antarctica,3.011349536,-0.08442393700466555,0.08442393700466555,0.31006724465958424,FALSE,FALSE
2024-09-03,East_Antarctica,3.0285895,-0.0701798361358188,0.0701798361358188,0.31006724465958424,FALSE,FALSE
2024-09-04,East_Antarctica,3.026880077,-0.07462141121118737,0.07462141121118737,0.31006724465958424,FALSE,FALSE
2024-09-05,East_Antarctica,3.015862859,-0.08814098163792083,0.08814098163792083,0.31006724465958424,FALSE,FALSE
2024-09-06,East_Antarctica,3.032330852,-0.07397945282316565,0.07397945282316565,0.31006724465958424,FALSE,FALSE
2024-09-07,East_Antarctica,3.032513043,-0.07594174917407459,0.07594174917407459,0.31006724465958424,FALSE,FALSE
2024-09-08,East_Antarctica,3.045161199,-0.06531001509778855,0.06531001509778855,0.31006724465958424,FALSE,FALSE
2024-09-09,East_Antarctica,3.054727978,-0.05766545219352492,0.05766545219352492,0.31006724465958424,FALSE,FALSE
2024-09-10,East_Antarctica,3.060086775,-0.0541636068478204,0.0541636068478204,0.31006724465958424,FALSE,FALSE
2024-09-11,East_Antarctica,3.0223943,-0.09366781040991023,0.09366781040991023,0.31006724465958424,FALSE,FALSE
2024-09-12,East_Antarctica,3.0223943,-0.09545342013269044,0.09545342013269044,0.31006724465958424,FALSE,FALSE
2024-09-13,East_Antarctica,3.033561692,-0.08606462326905406,0.08606462326905406,0.31006724465958424,FALSE,FALSE
2024-09-14,East_Antarctica,3.079885169,-0.04153183107190017,0.04153183107190017,0.31006724465958424,FALSE,FALSE
2024-09-15,East_Antarctica,3.118464289,-0.00477458979412182,0.00477458979412182,0.31006724465958424,FALSE,FALSE
2024-09-16,East_Antarctica,3.144802142,0.01969108631138505,0.01969108631138505,0.31006724465958424,FALSE,FALSE
2024-09-17,East_Antarctica,3.169848926,0.0427962909917241,0.0427962909917241,0.31006724465958424,FALSE,FALSE
2024-09-18,East_Antarctica,3.176891471,0.04780874999400097,0.04780874999400097,0.31006724465958424,FALSE,FALSE
2024-09-19,East_Antarctica,3.146229911,0.01500949306532062,0.01500949306532062,0.31006724465958424,FALSE,FALSE
2024-09-20,East_Antarctica,3.193733851,0.0602490209527855,0.0602490209527855,0.31006724465958424,FALSE,FALSE
2024-09-21,East_Antarctica,3.23730157,0.10140650840350052,0.10140650840350052,0.31006724465958424,FALSE,FALSE
2024-09-22,East_Antarctica,3.234724332,0.09626020212016329,0.09626020212016329,0.31006724465958424,FALSE,FALSE
2024-09-23,East_Antarctica,3.194491692,0.05335180751289492,0.05335180751289492,0.31006724465958424,FALSE,FALSE
2024-09-24,East_Antarctica,3.196676585,0.05284594172490298,0.05284594172490298,0.31006724465958424,FALSE,FALSE
2024-09-25,East_Antarctica,3.204012969,0.05756879957322658,0.05756879957322658,0.31006724465958424,FALSE,FALSE
2024-09-26,East_Antarctica,3.193273337,0.0443851108748996,0.0443851108748996,0.31006724465958424,FALSE,FALSE
2024-09-27,East_Antarctica,3.190256428,0.03918585144696163,0.03918585144696163,0.31006724465958424,FALSE,FALSE
2024-09-28,East_Antarctica,3.211856217,0.05895723310644696,0.05895723310644696,0.31006724465958424,FALSE,FALSE
2024-09-29,East_Antarctica,3.263799032,0.10951782067039416,0.10951782067039416,0.31006724465958424,FALSE,FALSE
2024-09-30,East_Antarctica,3.310927424,0.15580240195583794,0.15580240195583794,0.31006724465958424,FALSE,FALSE
2024-10-01,East_Antarctica,3.320651668,0.16531348877981733,0.16531348877981733,0.31006724465958424,FALSE,FALSE
2024-10-02,East_Antarctica,3.291118472,0.13629002595936957,0.13629002595936957,0.31006724465958424,FALSE,FALSE
2024-10-03,East_Antarctica,3.261507389,0.10800380331152716,0.10800380331152716,0.31006724465958424,FALSE,FALSE
2024-10-04,East_Antarctica,3.256372703,0.10510131389254118,0.10510131389254118,0.31006724465958424,FALSE,FALSE
2024-10-05,East_Antarctica,3.22332074,0.07524751248570682,0.07524751248570682,0.31006724465958424,FALSE,FALSE
2024-10-06,East_Antarctica,3.150722342,0.00677309184606933,0.00677309184606933,0.31006724465958424,FALSE,FALSE
2024-10-07,East_Antarctica,3.135968952,-0.0029887255168064,0.0029887255168064,0.31006724465958424,FALSE,FALSE
2024-10-08,East_Antarctica,3.096861495,-0.03629523509335763,0.03629523509335763,0.31006724465958424,FALSE,FALSE
2024-10-09,East_Antarctica,3.075108049,-0.05149657937401786,0.05149657937401786,0.31006724465958424,FALSE,FALSE
2024-10-10,East_Antarctica,3.100233118,-0.01912647484922169,0.01912647484922169,0.31006724465958424,FALSE,FALSE
2024-10-11,East_Antarctica,3.127263794,0.01578394999059007,0.01578394999059007,0.31006724465958424,FALSE,FALSE
2024-10-12,East_Antarctica,3.137127689,0.0341040866549851,0.0341040866549851,0.31006724465958424,FALSE,FALSE
2024-10-13,East_Antarctica,3.137342989,0.043293900653528,0.043293900653528,0.31006724465958424,FALSE,FALSE
2024-10-14,East_Antarctica,3.118395788,0.03378126549578209,0.03378126549578209,0.31006724465958424,FALSE,FALSE
2024-10-15,East_Antarctica,3.07019788,-0.00458024530868472,0.00458024530868472,0.31006724465958424,FALSE,FALSE
2024-10-16,East_Antarctica,3.054970183,-0.00962793425031494,0.00962793425031494,0.31006724465958424,FALSE,FALSE
2024-10-17,East_Antarctica,3.038136363,-0.01599305597508138,0.01599305597508138,0.31006724465958424,FALSE,FALSE
2024-10-18,East_Antarctica,3.022306119,-0.02105074441045174,0.02105074441045174,0.31006724465958424,FALSE,FALSE
2024-10-19,East_Antarctica,3.008615766,-0.0235825125533986,0.0235825125533986,0.31006724465958424,FALSE,FALSE
2024-10-20,East_Antarctica,3.018421826,-0.00214698350513131,0.00214698350513131,0.31006724465958424,FALSE,FALSE
2024-10-21,East_Antarctica,3.021588789,0.01320518763313405,0.01320518763313405,0.31006724465958424,FALSE,FALSE
2024-10-22,East_Antarctica,2.990875909,-0.00468189023980825,0.00468189023980825,0.31006724465958424,FALSE,FALSE
2024-10-23,East_Antarctica,2.974175525,-0.00783102322517459,0.00783102322517459,0.31006724465958424,FALSE,FALSE
2024-10-24,East_Antarctica,2.95401923,-0.01362576342417609,0.01362576342417609,0.31006724465958424,FALSE,FALSE
2024-10-25,East_Antarctica,2.889011904,-0.06337637593802237,0.06337637593802237,0.31006724465958424,FALSE,FALSE
2024-10-26,East_Antarctica,2.83550586,-0.10064569286792802,0.10064569286792802,0.31006724465958424,FALSE,FALSE
2024-10-27,East_Antarctica,2.839877677,-0.07897228031510428,0.07897228031510428,0.31006724465958424,FALSE,FALSE
2024-10-28,East_Antarctica,2.787471865,-0.1129267733807624,0.1129267733807624,0.31006724465958424,FALSE,FALSE
2024-10-29,East_Antarctica,2.777051501,-0.10366124016611522,0.10366124016611522,0.31006724465958424,FALSE,FALSE
2024-10-30,East_Antarctica,2.736929837,-0.12278998441974975,0.12278998441974975,0.31006724465958424,FALSE,FALSE
2024-10-31,East_Antarctica,2.738789485,-0.09861903779150973,0.09861903779150973,0.31006724465958424,FALSE,FALSE
2024-11-01,East_Antarctica,2.712231665,-0.1015545877606936,0.1015545877606936,0.31006724465958424,FALSE,FALSE
2024-11-02,East_Antarctica,2.668195286,-0.12066513785081678,0.12066513785081678,0.31006724465958424,FALSE,FALSE
2024-11-03,East_Antarctica,2.649470339,-0.11316810958538914,0.11316810958538914,0.31006724465958424,FALSE,FALSE
2024-11-04,East_Antarctica,2.644258442,-0.09086929748792104,0.09086929748792104,0.31006724465958424,FALSE,FALSE
2024-11-05,East_Antarctica,2.669103613,-0.03723209608192857,0.03723209608192857,0.31006724465958424,FALSE,FALSE
2024-11-06,East_Antarctica,2.649920729,-0.02634904089091838,0.02634904089091838,0.31006724465958424,FALSE,FALSE
2024-11-07,East_Antarctica,2.595248996,-0.04968833843840636,0.04968833843840636,0.31006724465958424,FALSE,FALSE
2024-11-08,East_Antarctica,2.533524198,-0.07882161724790304,0.07882161724790304,0.31006724465958424,FALSE,FALSE
2024-11-09,East_Antarctica,2.518559051,-0.05994357384291815,0.05994357384291815,0.31006724465958424,FALSE,FALSE
2024-11-10,East_Antarctica,2.508627474,-0.03478770174696644,0.03478770174696644,0.31006724465958424,FALSE,FALSE
2024-11-11,East_Antarctica,2.49397333,-0.01311845804826328,0.01311845804826328,0.31006724465958424,FALSE,FALSE
2024-11-12,East_Antarctica,2.447184026,-0.02240696140706744,0.02240696140706744,0.31006724465958424,FALSE,FALSE
2024-11-13,East_Antarctica,2.415055429,-0.01599133993442869,0.01599133993442869,0.31006724465958424,FALSE,FALSE
2024-11-14,East_Antarctica,2.382816106,-0.00878324672772068,0.00878324672772068,0.31006724465958424,FALSE,FALSE
2024-11-15,East_Antarctica,2.331625931,-0.01976302788431905,0.01976302788431905,0.31006724465958424,FALSE,FALSE
2024-11-16,East_Antarctica,2.283546468,-0.027009339501598,0.027009339501598,0.31006724465958424,FALSE,FALSE
2024-11-17,East_Antarctica,2.236902907,-0.03233721167693559,0.03233721167693559,0.31006724465958424,FALSE,FALSE
2024-11-18,East_Antarctica,2.1753261250000002,-0.05225598750770643,0.05225598750770643,0.31006724465958424,FALSE,FALSE
2024-11-19,East_Antarctica,2.126255543,-0.05946646609128425,0.05946646609128425,0.31006724465958424,FALSE,FALSE
2024-11-20,East_Antarctica,2.094883863,-0.04891616552504452,0.04891616552504452,0.31006724465958424,FALSE,FALSE
2024-11-21,East_Antarctica,2.055574947,-0.04638144390636345,0.04638144390636345,0.31006724465958424,FALSE,FALSE
2024-11-22,East_Antarctica,2.025537552,-0.03479376433261816,0.03479376433261816,0.31006724465958424,FALSE,FALSE
2024-11-23,East_Antarctica,1.9864734,-0.03259162490118061,0.03259162490118061,0.31006724465958424,FALSE,FALSE
2024-11-24,East_Antarctica,1.944202709,-0.03408654006566225,0.03408654006566225,0.31006724465958424,FALSE,FALSE
2024-11-25,East_Antarctica,1.892197796,-0.04586613821076923,0.04586613821076923,0.31006724465958424,FALSE,FALSE
2024-11-26,East_Antarctica,1.847212743,-0.0512001863218603,0.0512001863218603,0.31006724465958424,FALSE,FALSE
2024-11-27,East_Antarctica,1.805504242,-0.05385556797503277,0.05385556797503277,0.31006724465958424,FALSE,FALSE
2024-11-28,East_Antarctica,1.810207782,-0.0107203697463889,0.0107203697463889,0.31006724465958424,FALSE,FALSE
2024-11-29,East_Antarctica,1.795687697,0.01254616678797582,0.01254616678797582,0.31006724465958424,FALSE,FALSE
2024-11-30,East_Antarctica,1.800644517,0.05462099605196013,0.05462099605196013,0.31006724465958424,FALSE,FALSE
2024-12-01,East_Antarctica,1.764443391,0.0548456914694666,0.0548456914694666,0.31006724465958424,FALSE,FALSE
2024-12-02,East_Antarctica,1.702815384,0.02892774246439478,0.02892774246439478,0.31006724465958424,FALSE,FALSE
2024-12-03,East_Antarctica,1.633518615,-0.00539830753935399,0.00539830753935399,0.31006724465958424,FALSE,FALSE
2024-12-04,East_Antarctica,1.596981046,-0.00772807211787784,0.00772807211787784,0.31006724465958424,FALSE,FALSE
2024-12-05,East_Antarctica,1.596932204,0.02564440015272273,0.02564440015272273,0.31006724465958424,FALSE,FALSE
2024-12-06,East_Antarctica,1.576106413,0.03742988168220362,0.03742988168220362,0.31006724465958424,FALSE,FALSE
2024-12-07,East_Antarctica,1.525968846,0.01907743985696286,0.01907743985696286,0.31006724465958424,FALSE,FALSE
2024-12-08,East_Antarctica,1.502719073,0.02678849602505106,0.02678849602505106,0.31006724465958424,FALSE,FALSE
2024-12-09,East_Antarctica,1.478431122,0.03264158217809587,0.03264158217809587,0.31006724465958424,FALSE,FALSE
2024-12-10,East_Antarctica,1.443155784,0.02669199330771698,0.02669199330771698,0.31006724465958424,FALSE,FALSE
2024-12-11,East_Antarctica,1.442659817,0.0547109914055377,0.0547109914055377,0.31006724465958424,FALSE,FALSE
2024-12-12,East_Antarctica,1.42060008,0.06035993946318352,0.06035993946318352,0.31006724465958424,FALSE,FALSE
2024-12-13,East_Antarctica,1.378008039,0.04467480747227714,0.04467480747227714,0.31006724465958424,FALSE,FALSE
2024-12-14,East_Antarctica,1.374935823,0.06771222842444224,0.06771222842444224,0.31006724465958424,FALSE,FALSE
2024-12-15,East_Antarctica,1.337045999,0.0551392733113023,0.0551392733113023,0.31006724465958424,FALSE,FALSE
2024-12-16,East_Antarctica,1.287077414,0.02969929312448083,0.02969929312448083,0.31006724465958424,FALSE,FALSE
2024-12-17,East_Antarctica,1.205828466,-0.02780481014440039,0.02780481014440039,0.31006724465958424,FALSE,FALSE
2024-12-18,East_Antarctica,1.184093638,-0.026574049503715,0.026574049503715,0.31006724465958424,FALSE,FALSE
2024-12-19,East_Antarctica,1.155871324,-0.03260472047833418,0.03260472047833418,0.31006724465958424,FALSE,FALSE
2024-12-20,East_Antarctica,1.11683737,-0.05020291453435854,0.05020291453435854,0.31006724465958424,FALSE,FALSE
2024-12-21,East_Antarctica,1.118790047,-0.0275421191768117,0.0275421191768117,0.31006724465958424,FALSE,FALSE
2024-12-22,East_Antarctica,1.107397757,-0.01892540725439784,0.01892540725439784,0.31006724465958424,FALSE,FALSE
2024-12-23,East_Antarctica,1.077764331,-0.02922042261581925,0.02922042261581925,0.31006724465958424,FALSE,FALSE
2024-12-24,East_Antarctica,1.030656765,-0.05763164410978061,0.05763164410978061,0.31006724465958424,FALSE,FALSE
2024-12-25,East_Antarctica,1.004858385,-0.06534722058498588,0.06534722058498588,0.31006724465958424,FALSE,FALSE
2024-12-26,East_Antarctica,0.992820514,-0.05988730389013941,0.05988730389013941,0.31006724465958424,FALSE,FALSE
2024-12-27,East_Antarctica,0.969899187,-0.06586733387394461,0.06586733387394461,0.31006724465958424,FALSE,FALSE
2024-12-28,East_Antarctica,0.92883924,-0.0905139493851036,0.0905139493851036,0.31006724465958424,FALSE,FALSE
2024-12-29,East_Antarctica,0.938010973,-0.06542832527232145,0.06542832527232145,0.31006724465958424,FALSE,FALSE
2024-12-30,East_Antarctica,0.929550976,-0.05844534638430454,0.05844534638430454,0.31006724465958424,FALSE,FALSE
2024-12-31,East_Antarctica,0.916407787,-0.05658794956975432,0.05658794956975432,0.31006724465958424,FALSE,FALSE
1978-11-01,King_Haakon,4.370229848,-0.31287422289220057,0.31287422289220057,0.5877526775549149,FALSE,FALSE
1978-11-03,King_Haakon,4.385143111,-0.27794445609327045,0.27794445609327045,0.5877526775549149,FALSE,FALSE
1978-11-05,King_Haakon,4.389452827,-0.25238376948775176,0.25238376948775176,0.5877526775549149,FALSE,FALSE
1978-11-07,King_Haakon,4.359313866,-0.2595919395853654,0.2595919395853654,0.5877526775549149,FALSE,FALSE
1978-11-09,King_Haakon,4.354530262,-0.239319578895822,0.239319578895822,0.5877526775549149,FALSE,FALSE
1978-11-11,King_Haakon,4.334817318,-0.23140603092884415,0.23140603092884415,0.5877526775549149,FALSE,FALSE
1978-11-13,King_Haakon,4.346604933,-0.18895818313093393,0.18895818313093393,0.5877526775549149,FALSE,FALSE
1978-11-15,King_Haakon,4.295189417,-0.20601316001900472,0.20601316001900472,0.5877526775549149,FALSE,FALSE
1978-11-17,King_Haakon,4.194148385,-0.2681975864245558,0.2681975864245558,0.5877526775549149,FALSE,FALSE
1978-11-19,King_Haakon,4.166306426,-0.25188904803683876,0.25188904803683876,0.5877526775549149,FALSE,FALSE
1978-11-21,King_Haakon,4.109073911,-0.2588793485451024,0.2588793485451024,0.5877526775549149,FALSE,FALSE
1978-11-23,King_Haakon,4.041941667,-0.2688798356385913,0.2688798356385913,0.5877526775549149,FALSE,FALSE
1978-11-25,King_Haakon,3.956193104,-0.28982662165189543,0.28982662165189543,0.5877526775549149,FALSE,FALSE
1978-11-27,King_Haakon,3.821122718,-0.35240948907119574,0.35240948907119574,0.5877526775549149,FALSE,FALSE
1978-11-29,King_Haakon,3.759122625,-0.3352697354025045,0.3352697354025045,0.5877526775549149,FALSE,FALSE
1978-12-01,King_Haakon,3.705716081,-0.3039935297728662,0.3039935297728662,0.5877526775549149,FALSE,FALSE
1978-12-03,King_Haakon,3.712295643,-0.2082977403093285,0.2082977403093285,0.5877526775549149,FALSE,FALSE
1978-12-05,King_Haakon,3.65681523,-0.17133787313894322,0.17133787313894322,0.5877526775549149,FALSE,FALSE
1978-12-07,King_Haakon,3.559524744,-0.1739732902387181,0.1739732902387181,0.5877526775549149,FALSE,FALSE
1978-12-09,King_Haakon,3.538482743,-0.0989329815187956,0.0989329815187956,0.5877526775549149,FALSE,FALSE
1978-12-11,King_Haakon,3.534831498,-0.00486680268729555,0.00486680268729555,0.5877526775549149,FALSE,FALSE
1978-12-13,King_Haakon,3.504563875,0.06461791782048287,0.06461791782048287,0.5877526775549149,FALSE,FALSE
1978-12-15,King_Haakon,3.432290418,0.09453152956924347,0.09453152956924347,0.5877526775549149,FALSE,FALSE
1978-12-17,King_Haakon,3.375504861,0.14276757212369118,0.14276757212369118,0.5877526775549149,FALSE,FALSE
1978-12-19,King_Haakon,3.267160113,0.14267876004853086,0.14267876004853086,0.5877526775549149,FALSE,FALSE
1978-12-21,King_Haakon,3.15889642,0.14621807079604876,0.14621807079604876,0.5877526775549149,FALSE,FALSE
1978-12-23,King_Haakon,3.052958283,0.1552847608264449,0.1552847608264449,0.5877526775549149,FALSE,FALSE
1978-12-25,King_Haakon,2.769100751,-0.01101202049475347,0.01101202049475347,0.5877526775549149,FALSE,FALSE
1978-12-27,King_Haakon,2.610608551,-0.05003499162334801,0.05003499162334801,0.5877526775549149,FALSE,FALSE
1978-12-29,King_Haakon,2.508864572,-0.03104870901515655,0.03104870901515655,0.5877526775549149,FALSE,FALSE
1978-12-31,King_Haakon,2.380427383,-0.03814204912598384,0.03814204912598384,0.5877526775549149,FALSE,FALSE
1979-01-01,King_Haakon,1.81178947,-0.5460802691559734,0.5460802691559734,0.5877526775549149,FALSE,FALSE
1979-01-02,King_Haakon,2.313866715,0.01660427561808442,0.01660427561808442,0.5877526775549149,FALSE,FALSE
1979-01-04,King_Haakon,2.261479799,0.0847680994746991,0.0847680994746991,0.5877526775549149,FALSE,FALSE
1979-01-06,King_Haakon,2.196192363,0.13848680038524552,0.13848680038524552,0.5877526775549149,FALSE,FALSE
1979-01-08,King_Haakon,2.089404889,0.14836951232083329,0.14836951232083329,0.5877526775549149,FALSE,FALSE
1979-01-10,King_Haakon,1.981227881,0.15373539125257674,0.15373539125257674,0.5877526775549149,FALSE,FALSE
1979-01-12,King_Haakon,1.844344996,0.126476746151585,0.126476746151585,0.5877526775549149,FALSE,FALSE
1979-01-14,King_Haakon,1.731200678,0.11824744309789814,0.11824744309789814,0.5877526775549149,FALSE,FALSE
1979-01-16,King_Haakon,1.67614807,0.16275982979315518,0.16275982979315518,0.5877526775549149,FALSE,FALSE
1979-01-18,King_Haakon,1.594697626,0.17521136037898866,0.17521136037898866,0.5877526775549149,FALSE,FALSE
1979-01-20,King_Haakon,1.441303606,0.10978667423477462,0.10978667423477462,0.5877526775549149,FALSE,FALSE
1979-01-22,King_Haakon,1.284918599,0.03516873973989276,0.03516873973989276,0.5877526775549149,FALSE,FALSE
1979-01-24,King_Haakon,1.185072531,0.01061786227371963,0.01061786227371963,0.5877526775549149,FALSE,FALSE
1979-01-26,King_Haakon,1.078653294,-0.02724768678436695,0.02724768678436695,0.5877526775549149,FALSE,FALSE
1979-01-28,King_Haakon,1.004414801,-0.039848853729423477,0.039848853729423477,0.5877526775549149,FALSE,FALSE
1979-01-30,King_Haakon,0.926218367,-0.06300772078391914,0.06300772078391914,0.5877526775549149,FALSE,FALSE
1979-02-01,King_Haakon,0.791163416,-0.1491494226357577,0.1491494226357577,0.5877526775549149,FALSE,FALSE
1979-02-03,King_Haakon,0.677936204,-0.21911218240940367,0.21911218240940367,0.5877526775549149,FALSE,FALSE
1979-02-05,King_Haakon,0.60197371,-0.2569835002293238,0.2569835002293238,0.5877526775549149,FALSE,FALSE
1979-02-07,King_Haakon,0.523429976,-0.30213381321998134,0.30213381321998134,0.5877526775549149,FALSE,FALSE
1979-02-09,King_Haakon,0.484266274,-0.3121795700468165,0.3121795700468165,0.5877526775549149,FALSE,FALSE
1979-02-11,King_Haakon,0.479096214,-0.292819736972065,0.292819736972065,0.5877526775549149,FALSE,FALSE
1979-02-13,King_Haakon,0.472905034,-0.2799173176657282,0.2799173176657282,0.5877526775549149,FALSE,FALSE
1979-02-15,King_Haakon,0.481098204,-0.25892723477363283,0.25892723477363283,0.5877526775549149,FALSE,FALSE
1979-02-17,King_Haakon,0.497485078,-0.23690052694160885,0.23690052694160885,0.5877526775549149,FALSE,FALSE
1979-02-19,King_Haakon,0.512642039,-0.2241212038154855,0.2241212038154855,0.5877526775549149,FALSE,FALSE
1979-02-21,King_Haakon,0.518400196,-0.22960812115582263,0.22960812115582263,0.5877526775549149,FALSE,FALSE
1979-02-23,King_Haakon,0.529229986,-0.2390884413222797,0.2390884413222797,0.5877526775549149,FALSE,FALSE
1979-02-25,King_Haakon,0.521751494,-0.2751128580845895,0.2751128580845895,0.5877526775549149,FALSE,FALSE
1979-02-27,King_Haakon,0.509944522,-0.32278216426057094,0.32278216426057094,0.5877526775549149,FALSE,FALSE
1979-03-01,King_Haakon,0.489350457,-0.385635567668042,0.385635567668042,0.5877526775549149,FALSE,FALSE
1979-03-03,King_Haakon,0.496829546,-0.42589341612482,0.42589341612482,0.5877526775549149,FALSE,FALSE
1979-03-05,King_Haakon,0.501539355,-0.4734787424311633,0.4734787424311633,0.5877526775549149,FALSE,FALSE
1979-03-07,King_Haakon,0.478901519,-0.5521580203526492,0.5521580203526492,0.5877526775549149,FALSE,FALSE
1979-03-09,King_Haakon,0.528103528,-0.5623196986286544,0.5623196986286544,0.5877526775549149,FALSE,FALSE
1979-03-11,King_Haakon,0.555176264,-0.5975962565337021,0.5975962565337021,0.5877526775549149,TRUE,TRUE
1979-03-13,King_Haakon,0.59958582,-0.618184962342308,0.618184962342308,0.5877526775549149,TRUE,TRUE
1979-03-15,King_Haakon,0.62015732,-0.664924053328995,0.664924053328995,0.5877526775549149,TRUE,TRUE
1979-03-17,King_Haakon,0.688938678,-0.6654289767682822,0.6654289767682822,0.5877526775549149,TRUE,TRUE
1979-03-19,King_Haakon,0.754990477,-0.6702981092746154,0.6702981092746154,0.5877526775549149,TRUE,TRUE
1979-03-21,King_Haakon,0.868510225,-0.6289534696625011,0.6289534696625011,0.5877526775549149,TRUE,TRUE
1979-03-23,King_Haakon,1.024338289,-0.546153428404806,0.546153428404806,0.5877526775549149,FALSE,FALSE
1979-03-25,King_Haakon,1.186435072,-0.4575361331279209,0.4575361331279209,0.5877526775549149,FALSE,FALSE
1979-03-27,King_Haakon,1.247059354,-0.47044135445824087,0.47044135445824087,0.5877526775549149,FALSE,FALSE
1979-03-29,King_Haakon,1.400038872,-0.3906399060221557,0.3906399060221557,0.5877526775549149,FALSE,FALSE
1979-03-31,King_Haakon,1.575584237,-0.2875283086012068,0.2875283086012068,0.5877526775549149,FALSE,FALSE
1979-04-01,King_Haakon,3.022423475,1.1234334719489796,1.1234334719489796,0.5877526775549149,TRUE,FALSE
1979-04-02,King_Haakon,1.671289654,-0.2633745410621584,0.2633745410621584,0.5877526775549149,FALSE,FALSE
1979-04-04,King_Haakon,1.757067836,-0.24842000149844568,0.24842000149844568,0.5877526775549149,FALSE,FALSE
1979-04-06,King_Haakon,1.930904664,-0.14484891837013758,0.14484891837013758,0.5877526775549149,FALSE,FALSE
1979-04-08,King_Haakon,2.063262382,-0.08236915713729909,0.08236915713729909,0.5877526775549149,FALSE,FALSE
1979-04-10,King_Haakon,2.204538675,-0.0107531422600009,0.0107531422600009,0.5877526775549149,FALSE,FALSE
1979-04-12,King_Haakon,2.34086626,0.05596189884790403,0.05596189884790403,0.5877526775549149,FALSE,FALSE
1979-04-14,King_Haakon,2.434934291,0.08036260858409028,0.08036260858409028,0.5877526775549149,FALSE,FALSE
1979-04-16,King_Haakon,2.633703269,0.20947778378212376,0.20947778378212376,0.5877526775549149,FALSE,FALSE
1979-04-18,King_Haakon,2.776522333,0.2827514951082035,0.2827514951082035,0.5877526775549149,FALSE,FALSE
1979-04-20,King_Haakon,2.907514389,0.34440158022853806,0.34440158022853806,0.5877526775549149,FALSE,FALSE
1979-04-22,King_Haakon,3.067505127,0.4353486608093231,0.4353486608093231,0.5877526775549149,FALSE,FALSE
1979-04-24,King_Haakon,3.190994188,0.4901873095167639,0.4901873095167639,0.5877526775549149,FALSE,FALSE
1979-04-26,King_Haakon,3.246061139,0.477118057953664,0.477118057953664,0.5877526775549149,FALSE,FALSE
1979-04-28,King_Haakon,3.268367505,0.432081615997455,0.432081615997455,0.5877526775549149,FALSE,FALSE
1979-04-30,King_Haakon,3.221934544,0.3194378749230644,0.3194378749230644,0.5877526775549149,FALSE,FALSE
1979-05-01,King_Haakon,3.68136847,0.7462967775621254,0.7462967775621254,0.5877526775549149,TRUE,FALSE
1979-05-02,King_Haakon,3.241092398,0.27385571663632646,0.27385571663632646,0.5877526775549149,FALSE,FALSE
1979-05-04,King_Haakon,3.285219365,0.2550521790430724,0.2550521790430724,0.5877526775549149,FALSE,FALSE
1979-05-06,King_Haakon,3.362314068,0.2713646250491353,0.2713646250491353,0.5877526775549149,FALSE,FALSE
1979-05-08,King_Haakon,3.328416341,0.17915973879559477,0.17915973879559477,0.5877526775549149,FALSE,FALSE
1979-05-10,King_Haakon,3.37200223,0.16703865634300463,0.16703865634300463,0.5877526775549149,FALSE,FALSE
1979-05-12,King_Haakon,3.434752786,0.1766390210302422,0.1766390210302422,0.5877526775549149,FALSE,FALSE
1979-05-14,King_Haakon,3.532597621,0.22384186766132608,0.22384186766132608,0.5877526775549149,FALSE,FALSE
1979-05-16,King_Haakon,3.588979608,0.2320414920402718,0.2320414920402718,0.5877526775549149,FALSE,FALSE
1979-05-18,King_Haakon,3.591554334,0.1888449039710971,0.1888449039710971,0.5877526775549149,FALSE,FALSE
1979-05-20,King_Haakon,3.590589225,0.14446937411775806,0.14446937411775806,0.5877526775549149,FALSE,FALSE
1979-05-22,King_Haakon,3.67399657,0.1866272207196071,0.1866272207196071,0.5877526775549149,FALSE,FALSE
1979-05-24,King_Haakon,3.742765435,0.21583643181534695,0.21583643181534695,0.5877526775549149,FALSE,FALSE
1979-05-26,King_Haakon,3.795330761,0.23003232521896777,0.23003232521896777,0.5877526775549149,FALSE,FALSE
1979-05-28,King_Haakon,3.79608452,0.19310724974445703,0.19310724974445703,0.5877526775549149,FALSE,FALSE
1979-05-30,King_Haakon,3.791430846,0.15096571620580557,0.15096571620580557,0.5877526775549149,FALSE,FALSE
1979-06-01,King_Haakon,3.798285829,0.12002419141699638,0.12002419141699638,0.5877526775549149,FALSE,FALSE
1979-06-03,King_Haakon,3.90181561,0.18506605538034693,0.18506605538034693,0.5877526775549149,FALSE,FALSE
1979-06-05,King_Haakon,3.950112309,0.1942929348604241,0.1942929348604241,0.5877526775549149,FALSE,FALSE
1979-06-07,King_Haakon,3.991550019,0.19631802724118197,0.19631802724118197,0.5877526775549149,FALSE,FALSE
1979-06-09,King_Haakon,4.010174674,0.1754263715376001,0.1754263715376001,0.5877526775549149,FALSE,FALSE
1979-06-11,King_Haakon,4.082760663,0.20863146176466296,0.20863146176466296,0.5877526775549149,FALSE,FALSE
1979-06-13,King_Haakon,4.165966509,0.25283092593735423,0.25283092593735423,0.5877526775549149,FALSE,FALSE
1979-06-15,King_Haakon,4.196913152,0.2453790413391821,0.2453790413391821,0.5877526775549149,FALSE,FALSE
1979-06-17,King_Haakon,4.203839026,0.21468582919959056,0.21468582919959056,0.5877526775549149,FALSE,FALSE
1979-06-19,King_Haakon,4.235831969,0.20997325621598503,0.20997325621598503,0.5877526775549149,FALSE,FALSE
1979-06-21,King_Haakon,4.287087787,0.2255707315012492,0.2255707315012492,0.5877526775549149,FALSE,FALSE
1979-06-23,King_Haakon,4.375497395,0.2795027731682582,0.2795027731682582,0.5877526775549149,FALSE,FALSE
1979-06-25,King_Haakon,4.40777463,0.2786168213298952,0.2786168213298952,0.5877526775549149,FALSE,FALSE
1979-06-27,King_Haakon,4.462286125,0.3014087746617795,0.3014087746617795,0.5877526775549149,FALSE,FALSE
1979-06-29,King_Haakon,4.495184881,0.3039887951632112,0.3039887951632112,0.5877526775549149,FALSE,FALSE
1979-07-01,King_Haakon,4.577267014,0.35688455142301034,0.35688455142301034,0.5877526775549149,FALSE,FALSE
1979-07-03,King_Haakon,4.661448572,0.4127283594387041,0.4127283594387041,0.5877526775549149,FALSE,FALSE
1979-07-05,King_Haakon,4.654391076,0.37789800820780783,0.37789800820780783,0.5877526775549149,FALSE,FALSE
1979-07-07,King_Haakon,4.668629212,0.3646444517278473,0.3646444517278473,0.5877526775549149,FALSE,FALSE
1979-07-09,King_Haakon,4.658641139,0.3271622081998231,0.3271622081998231,0.5877526775549149,FALSE,FALSE
1979-07-11,King_Haakon,4.737693519,0.37854462125870736,0.37854462125870736,0.5877526775549149,FALSE,FALSE
1979-07-13,King_Haakon,4.771788057,0.3849445964174185,0.3849445964174185,0.5877526775549149,FALSE,FALSE
1979-07-15,King_Haakon,4.782208708,0.3678566592776482,0.3678566592776482,0.5877526775549149,FALSE,FALSE
1979-07-17,King_Haakon,4.760072388,0.31860829644109057,0.31860829644109057,0.5877526775549149,FALSE,FALSE
1979-07-19,King_Haakon,4.72746421,0.25949519150943257,0.25949519150943257,0.5877526775549149,FALSE,FALSE
1979-07-21,King_Haakon,4.747413494,0.25375723508437265,0.25375723508437265,0.5877526775549149,FALSE,FALSE
1979-07-23,King_Haakon,4.691017854,0.17268477904108526,0.17268477904108526,0.5877526775549149,FALSE,FALSE
1979-07-25,King_Haakon,4.705116291,0.1631820585091992,0.1631820585091992,0.5877526775549149,FALSE,FALSE
1979-07-27,King_Haakon,4.69326974,0.12881973208869102,0.12881973208869102,0.5877526775549149,FALSE,FALSE
1979-07-29,King_Haakon,4.709908181,0.12403727476585756,0.12403727476585756,0.5877526775549149,FALSE,FALSE
1979-07-31,King_Haakon,4.700175897,0.09398846452698972,0.09398846452698972,0.5877526775549149,FALSE,FALSE
1979-08-01,King_Haakon,4.864814565,0.24888597612225904,0.24888597612225904,0.5877526775549149,FALSE,FALSE
1979-08-02,King_Haakon,4.661645049,0.03625495735837969,0.03625495735837969,0.5877526775549149,FALSE,FALSE
1979-08-04,King_Haakon,4.650348499,0.00688380009894906,0.00688380009894906,0.5877526775549149,FALSE,FALSE
1979-08-06,King_Haakon,4.637987439,-0.02231001933210397,0.02231001933210397,0.5877526775549149,FALSE,FALSE
1979-08-08,King_Haakon,4.751090968,0.07541162370014476,0.07541162370014476,0.5877526775549149,FALSE,FALSE
1979-08-10,King_Haakon,4.856706576,0.16730905785451,0.16730905785451,0.5877526775549149,FALSE,FALSE
1979-08-12,King_Haakon,4.950430083,0.2491909417897986,0.2491909417897986,0.5877526775549149,FALSE,FALSE
1979-08-14,King_Haakon,4.937907413,0.22691603816482697,0.22691603816482697,0.5877526775549149,FALSE,FALSE
1979-08-16,King_Haakon,4.846274349,0.12783103197404166,0.12783103197404166,0.5877526775549149,FALSE,FALSE
1979-08-18,King_Haakon,4.797414883,0.07372306387888194,0.07372306387888194,0.5877526775549149,FALSE,FALSE
1979-08-20,King_Haakon,4.804209862,0.07673419450230501,0.07673419450230501,0.5877526775549149,FALSE,FALSE
1979-08-22,King_Haakon,4.797021242,0.06640726641213845,0.06640726641213845,0.5877526775549149,FALSE,FALSE
1979-08-24,King_Haakon,4.80410675,0.07018089317620557,0.07018089317620557,0.5877526775549149,FALSE,FALSE
1979-08-26,King_Haakon,4.8449204,0.10668997536232716,0.10668997536232716,0.5877526775549149,FALSE,FALSE
1979-08-28,King_Haakon,4.820286529,0.07593973653832808,0.07593973653832808,0.5877526775549149,FALSE,FALSE
1979-08-30,King_Haakon,4.838651673,0.08577285696778603,0.08577285696778603,0.5877526775549149,FALSE,FALSE
1979-09-01,King_Haakon,4.773136051,0.00976524503420428,0.00976524503420428,0.5877526775549149,FALSE,FALSE
1979-09-03,King_Haakon,4.755477902,-0.01956371979077698,0.01956371979077698,0.5877526775549149,FALSE,FALSE
1979-09-05,King_Haakon,4.80166419,0.01455415445428531,0.01455415445428531,0.5877526775549149,FALSE,FALSE
1979-09-07,King_Haakon,4.805861811,0.0070669917308237,0.0070669917308237,0.5877526775549149,FALSE,FALSE
1979-09-09,King_Haakon,4.786876347,-0.0224383979997258,0.0224383979997258,0.5877526775549149,FALSE,FALSE
1979-09-11,King_Haakon,4.794098227,-0.02383329304245585,0.02383329304245585,0.5877526775549149,FALSE,FALSE
1979-09-13,King_Haakon,4.745730982,-0.07873086987863331,0.07873086987863331,0.5877526775549149,FALSE,FALSE
1979-09-15,King_Haakon,4.731248853,-0.09786011240928529,0.09786011240928529,0.5877526775549149,FALSE,FALSE
1979-09-17,King_Haakon,4.615589781,-0.21649415448517664,0.21649415448517664,0.5877526775549149,FALSE,FALSE
1979-09-19,King_Haakon,4.462985198,-0.3706126389570681,0.3706126389570681,0.5877526775549149,FALSE,FALSE
1979-09-21,King_Haakon,4.405866357,-0.4279953876757192,0.4279953876757192,0.5877526775549149,FALSE,FALSE
1979-09-23,King_Haakon,4.325321602,-0.5077653356769876,0.5077653356769876,0.5877526775549149,FALSE,FALSE
1979-09-25,King_Haakon,4.324690093,-0.506805897312149,0.506805897312149,0.5877526775549149,FALSE,FALSE
1979-09-27,King_Haakon,4.343417682,-0.48591077414845074,0.48591077414845074,0.5877526775549149,FALSE,FALSE
1979-09-29,King_Haakon,4.348133354,-0.4786919352587331,0.4786919352587331,0.5877526775549149,FALSE,FALSE
1979-10-01,King_Haakon,4.320252244,-0.5039751997158337,0.5039751997158337,0.5877526775549149,FALSE,FALSE
1979-10-03,King_Haakon,4.334495139,-0.4872807345925887,0.4872807345925887,0.5877526775549149,FALSE,FALSE
1979-10-05,King_Haakon,4.469204821,-0.35050669367800147,0.35050669367800147,0.5877526775549149,FALSE,FALSE
1979-10-07,King_Haakon,4.425108092,-0.39301357713420426,0.39301357713420426,0.5877526775549149,FALSE,FALSE
1979-10-09,King_Haakon,4.508114837,-0.3084523652153246,0.3084523652153246,0.5877526775549149,FALSE,FALSE
1979-10-11,King_Haakon,4.504552883,-0.3099434305225772,0.3099434305225772,0.5877526775549149,FALSE,FALSE
1979-10-13,King_Haakon,4.467275806,-0.34408139665719073,0.34408139665719073,0.5877526775549149,FALSE,FALSE
1979-10-15,King_Haakon,4.369556998,-0.4370410712203832,0.4370410712203832,0.5877526775549149,FALSE,FALSE
1979-10-17,King_Haakon,4.395529516,-0.40413759681338135,0.40413759681338135,0.5877526775549149,FALSE,FALSE
1979-10-19,King_Haakon,4.390927306,-0.3991542588820467,0.3991542588820467,0.5877526775549149,FALSE,FALSE
1979-10-21,King_Haakon,4.376049491,-0.40189302564843565,0.40189302564843565,0.5877526775549149,FALSE,FALSE
1979-10-23,King_Haakon,4.379348984,-0.3842956551667669,0.3842956551667669,0.5877526775549149,FALSE,FALSE
1979-10-25,King_Haakon,4.369318082,-0.37826674518797887,0.37826674518797887,0.5877526775549149,FALSE,FALSE
1979-10-27,King_Haakon,4.298064751,-0.43209522446301296,0.43209522446301296,0.5877526775549149,FALSE,FALSE
1979-10-29,King_Haakon,4.245219792,-0.46654718674281526,0.46654718674281526,0.5877526775549149,FALSE,FALSE
1979-10-31,King_Haakon,4.126127287,-0.5666612837049083,0.5666612837049083,0.5877526775549149,FALSE,FALSE
1979-11-01,King_Haakon,3.846615013,-0.8364890578922006,0.8364890578922006,0.5877526775549149,TRUE,FALSE
1979-11-02,King_Haakon,4.102898588,-0.5703237047504173,0.5703237047504173,0.5877526775549149,FALSE,FALSE
1979-11-04,King_Haakon,4.126986388,-0.5256578367344789,0.5256578367344789,0.5877526775549149,FALSE,FALSE
1979-11-06,King_Haakon,4.093216953,-0.5373920601668107,0.5373920601668107,0.5877526775549149,FALSE,FALSE
1979-11-08,King_Haakon,4.014605497,-0.5920658075571312,0.5920658075571312,0.5877526775549149,TRUE,TRUE
1979-11-10,King_Haakon,3.894436348,-0.685949397415154,0.685949397415154,0.5877526775549149,TRUE,TRUE
1979-11-12,King_Haakon,3.806897615,-0.7444090661655678,0.7444090661655678,0.5877526775549149,TRUE,TRUE
1979-11-14,King_Haakon,3.665429506,-0.8534654848033623,0.8534654848033623,0.5877526775549149,TRUE,TRUE
1979-11-16,King_Haakon,3.639906368,-0.8424797786140159,0.8424797786140159,0.5877526775549149,TRUE,TRUE
1979-11-18,King_Haakon,3.638122689,-0.802859634286778,0.802859634286778,0.5877526775549149,TRUE,TRUE
1979-11-20,King_Haakon,3.589978911,-0.8039067845108958,0.8039067845108958,0.5877526775549149,TRUE,TRUE
1979-11-22,King_Haakon,3.561435001,-0.7788634369756173,0.7788634369756173,0.5877526775549149,TRUE,TRUE
1979-11-24,King_Haakon,3.47150297,-0.8079197553701873,0.8079197553701873,0.5877526775549149,TRUE,TRUE
1979-11-26,King_Haakon,3.354267898,-0.8564089484429855,0.8564089484429855,0.5877526775549149,TRUE,TRUE
1979-11-28,King_Haakon,3.266185157,-0.868539328677409,0.868539328677409,0.5877526775549149,TRUE,TRUE
1979-11-30,King_Haakon,3.14897723,-0.9036972793873614,0.9036972793873614,0.5877526775549149,TRUE,TRUE
1979-12-01,King_Haakon,2.070766096,-1.9389435147728664,1.9389435147728664,0.5877526775549149,TRUE,TRUE
1979-12-02,King_Haakon,2.977043453,-0.9885928896998945,0.9885928896998945,0.5877526775549149,TRUE,TRUE
1979-12-04,King_Haakon,2.723895566,-1.1508238447420518,1.1508238447420518,0.5877526775549149,TRUE,TRUE
1979-12-06,King_Haakon,2.492385257,-1.2886478816408844,1.2886478816408844,0.5877526775549149,TRUE,TRUE
1979-12-08,King_Haakon,2.295421401,-1.3902148797949088,1.3902148797949088,0.5877526775549149,TRUE,TRUE
1979-12-10,King_Haakon,2.175154219,-1.413632170714786,1.413632170714786,0.5877526775549149,TRUE,TRUE
1979-12-12,King_Haakon,2.070452759,-1.4196487227407353,1.4196487227407353,0.5877526775549149,TRUE,TRUE
1979-12-14,King_Haakon,1.975267825,-1.4139139263080538,1.4139139263080538,0.5877526775549149,TRUE,TRUE
1979-12-16,King_Haakon,1.928822754,-1.3568046388520374,1.3568046388520374,0.5877526775549149,TRUE,TRUE
1979-12-18,King_Haakon,1.880152304,-1.2988862968079813,1.2988862968079813,0.5877526775549149,TRUE,TRUE
1979-12-20,King_Haakon,1.810696224,-1.2583237406460528,1.2583237406460528,0.5877526775549149,TRUE,TRUE
1979-12-22,King_Haakon,1.745559014,-1.2099768774857922,1.2099768774857922,0.5877526775549149,TRUE,TRUE
1979-12-24,King_Haakon,1.674973754,-1.1641984179492189,1.1641984179492189,0.5877526775549149,TRUE,TRUE
1979-12-26,King_Haakon,1.598575326,-1.1220009254921368,1.1220009254921368,0.5877526775549149,TRUE,TRUE
1979-12-28,King_Haakon,1.546584698,-1.0538108775703654,1.0538108775703654,0.5877526775549149,TRUE,TRUE
1979-12-30,King_Haakon,1.44506888,-1.034208709639706,1.034208709639706,0.5877526775549149,TRUE,TRUE
1980-01-01,King_Haakon,1.357870891,-0.9999988481559734,0.9999988481559734,0.5877526775549149,TRUE,TRUE
1980-01-03,King_Haakon,1.350187914,-0.8866555393371558,0.8866555393371558,0.5877526775549149,TRUE,TRUE
1980-01-05,King_Haakon,1.316042392,-0.800923704449966,0.800923704449966,0.5877526775549149,TRUE,TRUE
1980-01-07,King_Haakon,1.207207272,-0.791821744523284,0.791821744523284,0.5877526775549149,TRUE,TRUE
1980-01-09,King_Haakon,1.147467429,-0.7363561325860075,0.7363561325860075,0.5877526775549149,TRUE,TRUE
1980-01-11,King_Haakon,1.093888905,-0.6782521746670223,0.6782521746670223,0.5877526775549149,TRUE,TRUE
1980-01-13,King_Haakon,1.055849646,-0.608923272795215,0.608923272795215,0.5877526775549149,TRUE,TRUE
1980-01-15,King_Haakon,0.998872506,-0.5636072053295836,0.5636072053295836,0.5877526775549149,FALSE,FALSE
1980-01-17,King_Haakon,0.963320822,-0.5023917021114614,0.5023917021114614,0.5877526775549149,FALSE,FALSE
1980-01-19,King_Haakon,0.963794768,-0.4109483993130739,0.4109483993130739,0.5877526775549149,FALSE,FALSE
1980-01-21,King_Haakon,0.918143425,-0.37169783655504407,0.37169783655504407,0.5877526775549149,FALSE,FALSE
1980-01-23,King_Haakon,0.884351713,-0.32692471445799276,0.32692471445799276,0.5877526775549149,FALSE,FALSE
1980-01-25,King_Haakon,0.863249616,-0.27606866964254606,0.27606866964254606,0.5877526775549149,FALSE,FALSE
1980-01-27,King_Haakon,0.846385802,-0.2278418556497831,0.2278418556497831,0.5877526775549149,FALSE,FALSE
1980-01-29,King_Haakon,0.827341421,-0.18860819047728283,0.18860819047728283,0.5877526775549149,FALSE,FALSE
1980-01-31,King_Haakon,0.78674405,-0.17728959353989193,0.17728959353989193,0.5877526775549149,FALSE,FALSE
1980-02-01,King_Haakon,0.6398243,-0.30048853863575764,0.30048853863575764,0.5877526775549149,FALSE,FALSE
1980-02-02,King_Haakon,0.767537076,-0.1504671569620757,0.1504671569620757,0.5877526775549149,FALSE,FALSE
1980-02-04,King_Haakon,0.731119439,-0.1462664198683001,0.1462664198683001,0.5877526775549149,FALSE,FALSE
1980-02-06,King_Haakon,0.688384681,-0.15331831938303053,0.15331831938303053,0.5877526775549149,FALSE,FALSE
1980-02-08,King_Haakon,0.672745501,-0.13773502704552576,0.13773502704552576,0.5877526775549149,FALSE,FALSE
1980-02-10,King_Haakon,0.645749276,-0.13780585932875433,0.13780585932875433,0.5877526775549149,FALSE,FALSE
1980-02-12,King_Haakon,0.6337131,-0.12792274005747994,0.12792274005747994,0.5877526775549149,FALSE,FALSE
1980-02-14,King_Haakon,0.623705186,-0.1218778488775355,0.1218778488775355,0.5877526775549149,FALSE,FALSE
1980-02-16,King_Haakon,0.63795641300000006,-0.09830069943474729,0.09830069943474729,0.5877526775549149,FALSE,FALSE
1980-02-18,King_Haakon,0.624499931,-0.11001853437494569,0.11001853437494569,0.5877526775549149,FALSE,FALSE
1980-02-20,King_Haakon,0.614219476,-0.12700801034395837,0.12700801034395837,0.5877526775549149,FALSE,FALSE
1980-02-22,King_Haakon,0.613290649,-0.1437857835906826,0.1437857835906826,0.5877526775549149,FALSE,FALSE
1980-02-24,King_Haakon,0.591922454,-0.1896969217028391,0.1896969217028391,0.5877526775549149,FALSE,FALSE
1980-02-26,King_Haakon,0.579232966,-0.23470546481975776,0.23470546481975776,0.5877526775549149,FALSE,FALSE
1980-02-28,King_Haakon,0.572644352,-0.28046984075925707,0.28046984075925707,0.5877526775549149,FALSE,FALSE
1980-03-01,King_Haakon,0.56104288,-0.33718437633915455,0.33718437633915455,0.5877526775549149,FALSE,FALSE
1980-03-03,King_Haakon,0.598029752,-0.35032846437726695,0.35032846437726695,0.5877526775549149,FALSE,FALSE
1980-03-05,King_Haakon,0.664035605,-0.33856689280224805,0.33856689280224805,0.5877526775549149,FALSE,FALSE
1980-03-07,King_Haakon,0.725725465,-0.3346216772416788,0.3346216772416788,0.5877526775549149,FALSE,FALSE
1980-03-09,King_Haakon,0.755916298,-0.3653294146728911,0.3653294146728911,0.5877526775549149,FALSE,FALSE
1980-03-11,King_Haakon,0.777404028,-0.40755754237040265,0.40755754237040265,0.5877526775549149,FALSE,FALSE
1980-03-13,King_Haakon,0.759232336,-0.4919257406087343,0.4919257406087343,0.5877526775549149,FALSE,FALSE
1980-03-15,King_Haakon,0.790014285,-0.5294843076624065,0.5294843076624065,0.5877526775549149,FALSE,FALSE
1980-03-17,King_Haakon,0.822409821,-0.5672365068928321,0.5672365068928321,0.5877526775549149,FALSE,FALSE
1980-03-19,King_Haakon,0.814742007,-0.6465024285884047,0.6465024285884047,0.5877526775549149,TRUE,TRUE
1980-03-21,King_Haakon,0.813676354,-0.7202198283252021,0.7202198283252021,0.5877526775549149,TRUE,TRUE
1980-03-23,King_Haakon,0.859605481,-0.7475946377296137,0.7475946377296137,0.5877526775549149,TRUE,TRUE
1980-03-25,King_Haakon,0.961420653,-0.7193341424280313,0.7193341424280313,0.5877526775549149,TRUE,TRUE
1980-03-27,King_Haakon,1.060933497,-0.6932252660468503,0.6932252660468503,0.5877526775549149,TRUE,TRUE
1980-03-29,King_Haakon,1.12559862,-0.7014119522124582,0.7014119522124582,0.5877526775549149,TRUE,TRUE
1980-03-31,King_Haakon,1.205800927,-0.6931890760510204,0.6931890760510204,0.5877526775549149,TRUE,TRUE
1980-04-01,King_Haakon,1.586742227,-0.34792196806215836,0.34792196806215836,0.5877526775549149,FALSE,FALSE
1980-04-02,King_Haakon,1.299671278,-0.6704851073171316,0.6704851073171316,0.5877526775549149,TRUE,TRUE
1980-04-04,King_Haakon,1.348870381,-0.6918094342886107,0.6918094342886107,0.5877526775549149,TRUE,TRUE
1980-04-06,King_Haakon,1.34093267,-0.7697977324255301,0.7697977324255301,0.5877526775549149,TRUE,TRUE
1980-04-08,King_Haakon,1.334863892,-0.8456143641879517,0.8456143641879517,0.5877526775549149,TRUE,TRUE
1980-04-10,King_Haakon,1.332289691,-0.9178037950359494,0.9178037950359494,0.5877526775549149,TRUE,TRUE
1980-04-12,King_Haakon,1.330201941,-0.989531837362595,0.989531837362595,0.5877526775549149,TRUE,TRUE
1980-04-14,King_Haakon,1.353763846,-1.0356423608537613,1.0356423608537613,0.5877526775549149,TRUE,TRUE
1980-04-16,King_Haakon,1.350070082,-1.1089475690499808,1.1089475690499808,0.5877526775549149,TRUE,TRUE
1980-04-18,King_Haakon,1.388496087,-1.139977092285048,1.139977092285048,0.5877526775549149,TRUE,TRUE
1980-04-20,King_Haakon,1.468581603,-1.129096256892764,1.129096256892764,0.5877526775549149,TRUE,TRUE
1980-04-22,King_Haakon,1.546138482,-1.1203982792069267,1.1203982792069267,0.5877526775549149,TRUE,TRUE
1980-04-24,King_Haakon,1.545584518,-1.1893685048331228,1.1893685048331228,0.5877526775549149,TRUE,TRUE
1980-04-26,King_Haakon,1.639707902,-1.1630269152655526,1.1630269152655526,0.5877526775549149,TRUE,TRUE
1980-04-28,King_Haakon,1.693321898,-1.17623205576908,1.17623205576908,0.5877526775549149,TRUE,TRUE
1980-04-30,King_Haakon,1.74294832,-1.1921233724378744,1.1921233724378744,0.5877526775549149,TRUE,TRUE
1980-05-01,King_Haakon,2.14285763,-0.8243790513636737,0.8243790513636737,0.5877526775549149,TRUE,TRUE
1980-05-02,King_Haakon,1.801267756,-1.1976815373661007,1.1976815373661007,0.5877526775549149,TRUE,TRUE
1980-05-04,King_Haakon,1.831126464,-1.2297215526479244,1.2297215526479244,0.5877526775549149,TRUE,TRUE
1980-05-06,King_Haakon,1.838976124,-1.28145301955193,1.28145301955193,0.5877526775549149,TRUE,TRUE
1980-05-08,King_Haakon,1.872975812,-1.3044569095229286,1.3044569095229286,0.5877526775549149,TRUE,TRUE
1980-05-10,King_Haakon,1.90600269,-1.325852540756107,1.325852540756107,0.5877526775549149,TRUE,TRUE
1980-05-12,King_Haakon,2.008193395,-1.2755518534474466,1.2755518534474466,0.5877526775549149,TRUE,TRUE
1980-05-14,King_Haakon,2.042681799,-1.2904695527929335,1.2904695527929335,0.5877526775549149,TRUE,TRUE
1980-05-16,King_Haakon,2.088484396,-1.29163772198855,1.29163772198855,0.5877526775549149,TRUE,TRUE
1980-05-18,King_Haakon,2.144410553,-1.280295571230281,1.280295571230281,0.5877526775549149,TRUE,TRUE
1980-05-20,King_Haakon,2.182003679,-1.2849833780921784,1.2849833780921784,0.5877526775549149,TRUE,TRUE
1980-05-22,King_Haakon,2.214231675,-1.2930975053451332,1.2930975053451332,0.5877526775549149,TRUE,TRUE
1980-05-24,King_Haakon,2.231029016,-1.3152022546972018,1.3152022546972018,0.5877526775549149,TRUE,TRUE
1980-05-26,King_Haakon,2.185783499,-1.3984094523343953,1.3984094523343953,0.5877526775549149,TRUE,TRUE
1980-05-28,King_Haakon,2.148463355,-1.4732504904427262,1.4732504904427262,0.5877526775549149,TRUE,TRUE
1980-05-30,King_Haakon,2.218217984,-1.4410755922082057,1.4410755922082057,0.5877526775549149,TRUE,TRUE
1980-06-01,King_Haakon,2.223459908,-1.47395800646412,1.47395800646412,0.5877526775549149,TRUE,TRUE
1980-06-03,King_Haakon,2.242117344,-1.4941093265537613,1.4941093265537613,0.5877526775549149,TRUE,TRUE
1980-06-05,King_Haakon,2.41507455,-1.3604232272502212,1.3604232272502212,0.5877526775549149,TRUE,TRUE
1980-06-07,King_Haakon,2.457356375,-1.357635754538503,1.357635754538503,0.5877526775549149,TRUE,TRUE
1980-06-09,King_Haakon,2.529836349,-1.3246342734036365,1.3246342734036365,0.5877526775549149,TRUE,TRUE
1980-06-11,King_Haakon,2.583783738,-1.30991041283063,1.30991041283063,0.5877526775549149,TRUE,TRUE
1980-06-13,King_Haakon,2.607958822,-1.3244649077552983,1.3244649077552983,0.5877526775549149,TRUE,TRUE
1980-06-15,King_Haakon,2.680688356,-1.289761143805554,1.289761143805554,0.5877526775549149,TRUE,TRUE
1980-06-17,King_Haakon,2.829722401,-1.1779061002562643,1.1779061002562643,0.5877526775549149,TRUE,TRUE
1980-06-19,King_Haakon,2.908510852,-1.1353162789945452,1.1353162789945452,0.5877526775549149,TRUE,TRUE
1980-06-21,King_Haakon,2.960476167,-1.1184356189075193,1.1184356189075193,0.5877526775549149,TRUE,TRUE
1980-06-23,King_Haakon,3.00767951,-1.105069352882306,1.105069352882306,0.5877526775549149,TRUE,TRUE
1980-06-25,King_Haakon,3.078463126,-1.0667416328060266,1.0667416328060266,0.5877526775549149,TRUE,TRUE
1980-06-27,King_Haakon,3.079056297,-1.0971396991824554,1.0971396991824554,0.5877526775549149,TRUE,TRUE
1980-06-29,King_Haakon,3.06274611,-1.143166975801531,1.143166975801531,0.5877526775549149,TRUE,TRUE
1980-07-01,King_Haakon,3.108729856,-1.1259098266634728,1.1259098266634728,0.5877526775549149,TRUE,TRUE
1980-07-03,King_Haakon,3.217301941,-1.045357577770766,1.045357577770766,0.5877526775549149,TRUE,TRUE
1980-07-05,King_Haakon,3.323966393,-0.9662899331258856,0.9662899331258856,0.5877526775549149,TRUE,TRUE
1980-07-07,King_Haakon,3.392521249,-0.9251925877313084,0.9251925877313084,0.5877526775549149,TRUE,TRUE
1980-07-09,King_Haakon,3.359656906,-0.9856407731206072,0.9856407731206072,0.5877526775549149,TRUE,TRUE
1980-07-11,King_Haakon,3.283501794,-1.089504471337018,1.089504471337018,0.5877526775549149,TRUE,TRUE
1980-07-13,King_Haakon,3.387446961,-1.0131872011527614,1.0131872011527614,0.5877526775549149,TRUE,TRUE
1980-07-15,King_Haakon,3.421963603,-1.0060071959661387,1.0060071959661387,0.5877526775549149,TRUE,TRUE
1980-07-17,King_Haakon,3.492129075,-0.9626765301754588,0.9626765301754588,0.5877526775549149,TRUE,TRUE
1980-07-19,King_Haakon,3.495615345,-0.9853126651790268,0.9853126651790268,0.5877526775549149,TRUE,TRUE
1980-07-21,King_Haakon,3.430664964,-1.0754634810844197,1.0754634810844197,0.5877526775549149,TRUE,TRUE
1980-07-23,King_Haakon,3.484769595,-1.0454991380521386,1.0454991380521386,0.5877526775549149,TRUE,TRUE
1980-07-25,King_Haakon,3.473890683,-1.0794377034016214,1.0794377034016214,0.5877526775549149,TRUE,TRUE
1980-07-27,King_Haakon,3.385790002,-1.189507908146577,1.189507908146577,0.5877526775549149,TRUE,TRUE
1980-07-29,King_Haakon,3.376102681,-1.220065128300714,1.220065128300714,0.5877526775549149,TRUE,TRUE
1980-07-31,King_Haakon,3.3585571340000002,-1.2573714548777404,1.2573714548777404,0.5877526775549149,TRUE,TRUE
1980-08-01,King_Haakon,3.876064669,-0.7493254226416202,0.7493254226416202,0.5877526775549149,TRUE,TRUE
1980-08-02,King_Haakon,3.51671285,-1.1178579037176646,1.1178579037176646,0.5877526775549149,TRUE,TRUE
1980-08-04,King_Haakon,3.614949545,-1.0370995903833142,1.0370995903833142,0.5877526775549149,TRUE,TRUE
1980-08-06,King_Haakon,3.628317313,-1.0398657499150683,1.0398657499150683,0.5877526775549149,TRUE,TRUE
1980-08-08,King_Haakon,3.617987702,-1.064771995654112,1.064771995654112,0.5877526775549149,TRUE,TRUE
1980-08-10,King_Haakon,3.699592575,-0.995973625941637,0.995973625941637,0.5877526775549149,TRUE,TRUE
1980-08-12,King_Haakon,3.696070434,-1.0103193001188302,1.0103193001188302,0.5877526775549149,TRUE,TRUE
1980-08-14,King_Haakon,3.734065181,-0.9809522775268756,0.9809522775268756,0.5877526775549149,TRUE,TRUE
1980-08-16,King_Haakon,3.783625197,-0.937676647377871,0.937676647377871,0.5877526775549149,TRUE,TRUE
1980-08-18,King_Haakon,3.827721561,-0.8979940694347168,0.8979940694347168,0.5877526775549149,TRUE,TRUE
1980-08-20,King_Haakon,3.859288958,-0.8697853614890669,0.8697853614890669,0.5877526775549149,TRUE,TRUE
1980-08-22,King_Haakon,3.844211253,-0.8879857719730957,0.8879857719730957,0.5877526775549149,TRUE,TRUE
1980-08-24,King_Haakon,3.860941304,-0.8749615563189792,0.8749615563189792,0.5877526775549149,TRUE,TRUE
1980-08-26,King_Haakon,3.976502933,-0.7645080059588976,0.7645080059588976,0.5877526775549149,TRUE,TRUE
1980-08-28,King_Haakon,4.070528138,-0.6777908765126446,0.6777908765126446,0.5877526775549149,TRUE,TRUE
1980-08-30,King_Haakon,4.099892516,-0.6580361150149905,0.6580361150149905,0.5877526775549149,TRUE,TRUE
1980-09-01,King_Haakon,4.197284653,-0.5718230343894524,0.5718230343894524,0.5877526775549149,FALSE,FALSE
1980-09-03,King_Haakon,4.222316734,-0.5587582216745925,0.5587582216745925,0.5877526775549149,FALSE,FALSE
1980-09-05,King_Haakon,4.279842377,-0.513206830908973,0.513206830908973,0.5877526775549149,FALSE,FALSE
1980-09-07,King_Haakon,4.354511434,-0.44973778213115345,0.44973778213115345,0.5877526775549149,FALSE,FALSE
1980-09-09,King_Haakon,4.320662449,-0.4932317373689372,0.4932317373689372,0.5877526775549149,FALSE,FALSE
1980-09-11,King_Haakon,4.311308948,-0.5101363324269075,0.5101363324269075,0.5877526775549149,FALSE,FALSE
1980-09-13,King_Haakon,4.233268381,-0.5937392377539759,0.5937392377539759,0.5877526775549149,TRUE,FALSE
1980-09-15,King_Haakon,4.23415313,-0.5966391462009053,0.5966391462009053,0.5877526775549149,TRUE,FALSE
1980-09-17,King_Haakon,4.364372048,-0.4686382796184505,0.4686382796184505,0.5877526775549149,FALSE,FALSE
1980-09-19,King_Haakon,4.403724776,-0.4301480718573778,0.4301480718573778,0.5877526775549149,FALSE,FALSE
1980-09-21,King_Haakon,4.382263514,-0.4513273977684422,0.4513273977684422,0.5877526775549149,FALSE,FALSE
1980-09-23,King_Haakon,4.338572138,-0.49380645897397546,0.49380645897397546,0.5877526775549149,FALSE,FALSE
1980-09-25,King_Haakon,4.29866168,-0.5318075569506027,0.5318075569506027,0.5877526775549149,FALSE,FALSE
1980-09-27,King_Haakon,4.238702288,-0.589401479164791,0.589401479164791,0.5877526775549149,TRUE,TRUE
1980-09-29,King_Haakon,4.17521262,-0.650310521689379,0.650310521689379,0.5877526775549149,TRUE,TRUE
1980-10-01,King_Haakon,4.105821486,-0.7171468285972011,0.7171468285972011,0.5877526775549149,TRUE,TRUE
1980-10-03,King_Haakon,4.135699702,-0.6849805379610983,0.6849805379610983,0.5877526775549149,TRUE,TRUE
1980-10-05,King_Haakon,4.135385257,-0.683492425053065,0.683492425053065,0.5877526775549149,TRUE,TRUE
1980-10-07,King_Haakon,4.049874768,-0.767499732871574,0.767499732871574,0.5877526775549149,TRUE,TRUE
1980-10-09,King_Haakon,4.155905654,-0.6597251441156056,0.6597251441156056,0.5877526775549149,TRUE,TRUE
1980-10-11,King_Haakon,4.192360519,-0.6207342543863881,0.6207342543863881,0.5877526775549149,TRUE,TRUE
1980-10-13,King_Haakon,4.263775989,-0.5454386372851383,0.5454386372851383,0.5877526775549149,FALSE,FALSE
1980-10-15,King_Haakon,4.359710346,-0.44372821041308086,0.44372821041308086,0.5877526775549149,FALSE,FALSE
1980-10-17,King_Haakon,4.390645038,-0.4045724604211598,0.4045724604211598,0.5877526775549149,FALSE,FALSE
1980-10-19,King_Haakon,4.405063836,-0.3792428643431824,0.3792428643431824,0.5877526775549149,FALSE,FALSE
1980-10-21,King_Haakon,4.421776996,-0.3492616296416733,0.3492616296416733,0.5877526775549149,FALSE,FALSE
1980-10-23,King_Haakon,4.443757893,-0.3120522760675808,0.3120522760675808,0.5877526775549149,FALSE,FALSE
1980-10-25,King_Haakon,4.473546449,-0.26547177637183417,0.26547177637183417,0.5877526775549149,FALSE,FALSE
1980-10-27,King_Haakon,4.438067957,-0.28299173230538344,0.28299173230538344,0.5877526775549149,FALSE,FALSE
1980-10-29,King_Haakon,4.461321469,-0.2410099866191704,0.2410099866191704,0.5877526775549149,FALSE,FALSE
1980-10-31,King_Haakon,4.445731158,-0.23737291289220064,0.23737291289220064,0.5877526775549149,FALSE,FALSE
1980-11-01,King_Haakon,4.350460359,-0.3227619337504173,0.3227619337504173,0.5877526775549149,FALSE,FALSE
1980-11-02,King_Haakon,4.439509951,-0.22357761609327031,0.22357761609327031,0.5877526775549149,FALSE,FALSE
1980-11-04,King_Haakon,4.430789688,-0.2110469084877522,0.2110469084877522,0.5877526775549149,FALSE,FALSE
1980-11-06,King_Haakon,4.374340038,-0.24456576758536563,0.24456576758536563,0.5877526775549149,FALSE,FALSE
1980-11-08,King_Haakon,4.343886995,-0.24996284589582185,0.24996284589582185,0.5877526775549149,FALSE,FALSE
1980-11-10,King_Haakon,4.385097181,-0.1811261679288441,0.1811261679288441,0.5877526775549149,FALSE,FALSE
1980-11-12,King_Haakon,4.40830229,-0.12726082613093403,0.12726082613093403,0.5877526775549149,FALSE,FALSE
1980-11-14,King_Haakon,4.334254789,-0.16694778801900423,0.16694778801900423,0.5877526775549149,FALSE,FALSE
1980-11-16,King_Haakon,4.263094635,-0.19925133642455609,0.19925133642455609,0.5877526775549149,FALSE,FALSE
1980-11-18,King_Haakon,4.193268708,-0.22492676603683923,0.22492676603683923,0.5877526775549149,FALSE,FALSE
1980-11-20,King_Haakon,4.130767482,-0.23718577754510228,0.23718577754510228,0.5877526775549149,FALSE,FALSE
1980-11-22,King_Haakon,4.005629339,-0.3051921636385906,0.3051921636385906,0.5877526775549149,FALSE,FALSE
1980-11-24,King_Haakon,3.911278153,-0.3347415726518954,0.3347415726518954,0.5877526775549149,FALSE,FALSE
1980-11-26,King_Haakon,3.825674489,-0.3478577180711957,0.3478577180711957,0.5877526775549149,FALSE,FALSE
1980-11-28,King_Haakon,3.754852497,-0.3395398634025044,0.3395398634025044,0.5877526775549149,FALSE,FALSE
1980-11-30,King_Haakon,3.655138668,-0.3545709427728658,0.3545709427728658,0.5877526775549149,FALSE,FALSE
1980-12-01,King_Haakon,2.944483259,-1.021153083699894,1.021153083699894,0.5877526775549149,TRUE,FALSE
1980-12-02,King_Haakon,3.507138582,-0.4134548013093284,0.4134548013093284,0.5877526775549149,FALSE,FALSE
1980-12-04,King_Haakon,3.384374542,-0.4437785611389429,0.4437785611389429,0.5877526775549149,FALSE,FALSE
1980-12-06,King_Haakon,3.220853046,-0.5126449882387178,0.5126449882387178,0.5877526775549149,FALSE,FALSE
1980-12-08,King_Haakon,3.117016504,-0.5203992205187955,0.5203992205187955,0.5877526775549149,FALSE,FALSE
1980-12-10,King_Haakon,2.988806033,-0.5508922676872956,0.5508922676872956,0.5877526775549149,FALSE,FALSE
1980-12-12,King_Haakon,2.866900333,-0.5730456241795174,0.5730456241795174,0.5877526775549149,FALSE,FALSE
1980-12-14,King_Haakon,2.823079847,-0.5146790414307567,0.5146790414307567,0.5877526775549149,FALSE,FALSE
1980-12-16,King_Haakon,2.704206028,-0.5285312608763086,0.5285312608763086,0.5877526775549149,FALSE,FALSE
1980-12-18,King_Haakon,2.559168193,-0.5653131599514691,0.5653131599514691,0.5877526775549149,FALSE,FALSE
1980-12-20,King_Haakon,2.576513434,-0.43616491520395106,0.43616491520395106,0.5877526775549149,FALSE,FALSE
1980-12-22,King_Haakon,2.534420956,-0.3632525661735553,0.3632525661735553,0.5877526775549149,FALSE,FALSE
1980-12-24,King_Haakon,2.437824686,-0.3422880854947534,0.3422880854947534,0.5877526775549149,FALSE,FALSE
1980-12-26,King_Haakon,2.369104784,-0.29153875862334777,0.29153875862334777,0.5877526775549149,FALSE,FALSE
1980-12-28,King_Haakon,2.28125764,-0.25865564101515615,0.25865564101515615,0.5877526775549149,FALSE,FALSE
1980-12-30,King_Haakon,2.202746669,-0.21582276312598347,0.21582276312598347,0.5877526775549149,FALSE,FALSE
1981-01-01,King_Haakon,2.119911723,-0.23795801615597337,0.23795801615597337,0.5877526775549149,FALSE,FALSE
1981-01-03,King_Haakon,2.002809936,-0.2340335173371559,0.2340335173371559,0.5877526775549149,FALSE,FALSE
1981-01-05,King_Haakon,1.920378286,-0.19658781044996587,0.19658781044996587,0.5877526775549149,FALSE,FALSE
1981-01-07,King_Haakon,1.820198569,-0.17883044752328403,0.17883044752328403,0.5877526775549149,FALSE,FALSE
1981-01-09,King_Haakon,1.714280525,-0.16954303658600756,0.16954303658600756,0.5877526775549149,FALSE,FALSE
1981-01-11,King_Haakon,1.66202817,-0.11011290966702236,0.11011290966702236,0.5877526775549149,FALSE,FALSE
1981-01-13,King_Haakon,1.612077633,-0.05269528579521498,0.05269528579521498,0.5877526775549149,FALSE,FALSE
1981-01-15,King_Haakon,1.49514072,-0.06733899132958365,0.06733899132958365,0.5877526775549149,FALSE,FALSE
1981-01-17,King_Haakon,1.423917915,-0.04179460911146138,0.04179460911146138,0.5877526775549149,FALSE,FALSE
1981-01-19,King_Haakon,1.360631106,-0.01411206131307385,0.01411206131307385,0.5877526775549149,FALSE,FALSE
1981-01-21,King_Haakon,1.294582743,0.004741481444956,0.004741481444956,0.5877526775549149,FALSE,FALSE
1981-01-23,King_Haakon,1.269508382,0.05823195454200713,0.05823195454200713,0.5877526775549149,FALSE,FALSE
1981-01-25,King_Haakon,1.213868628,0.07455034235745384,0.07455034235745384,0.5877526775549149,FALSE,FALSE
1981-01-27,King_Haakon,1.158862146,0.08463448835021681,0.08463448835021681,0.5877526775549149,FALSE,FALSE
1981-01-29,King_Haakon,1.150595953,0.13464634152271726,0.13464634152271726,0.5877526775549149,FALSE,FALSE
1981-01-31,King_Haakon,1.118405471,0.15437182746010802,0.15437182746010802,0.5877526775549149,FALSE,FALSE
1981-02-01,King_Haakon,0.847549105,-0.09276373363575764,0.09276373363575764,0.5877526775549149,FALSE,FALSE
1981-02-02,King_Haakon,1.089543581,0.17153934803792437,0.17153934803792437,0.5877526775549149,FALSE,FALSE
1981-02-04,King_Haakon,1.022840746,0.14545488713169985,0.14545488713169985,0.5877526775549149,FALSE,FALSE
1981-02-06,King_Haakon,0.945966968,0.10426396761696945,0.10426396761696945,0.5877526775549149,FALSE,FALSE
1981-02-08,King_Haakon,0.872692456,0.06221192795447428,0.06221192795447428,0.5877526775549149,FALSE,FALSE
1981-02-10,King_Haakon,0.834102937,0.05054780167124573,0.05054780167124573,0.5877526775549149,FALSE,FALSE
1981-02-12,King_Haakon,0.784444726,0.02280888594252006,0.02280888594252006,0.5877526775549149,FALSE,FALSE
1981-02-14,King_Haakon,0.758699467,0.01311643212246449,0.01311643212246449,0.5877526775549149,FALSE,FALSE
1981-02-16,King_Haakon,0.751183267,0.0149261545652527,0.0149261545652527,0.5877526775549149,FALSE,FALSE
1981-02-18,King_Haakon,0.739969985,0.0054515196250543,0.0054515196250543,0.5877526775549149,FALSE,FALSE
1981-02-20,King_Haakon,0.75367232,0.01244483365604154,0.01244483365604154,0.5877526775549149,FALSE,FALSE
1981-02-22,King_Haakon,0.798594089,0.04151765640931737,0.04151765640931737,0.5877526775549149,FALSE,FALSE
1981-02-24,King_Haakon,0.836505516,0.05488614029716088,0.05488614029716088,0.5877526775549149,FALSE,FALSE
1981-02-26,King_Haakon,0.903744605,0.08980617418024228,0.08980617418024228,0.5877526775549149,FALSE,FALSE
1981-02-28,King_Haakon,0.991935936,0.13882174324074292,0.13882174324074292,0.5877526775549149,FALSE,FALSE
1981-03-01,King_Haakon,1.328012972,0.453026947331958,0.453026947331958,0.5877526775549149,FALSE,FALSE
1981-03-02,King_Haakon,1.022486765,0.12425950866084544,0.12425950866084544,0.5877526775549149,FALSE,FALSE
1981-03-04,King_Haakon,1.04947478,0.10111656362273302,0.10111656362273302,0.5877526775549149,FALSE,FALSE
1981-03-06,King_Haakon,1.028647497,0.02604499919775182,0.02604499919775182,0.5877526775549149,FALSE,FALSE
1981-03-08,King_Haakon,1.058465979,-0.00188116324167886,0.00188116324167886,0.5877526775549149,FALSE,FALSE
1981-03-10,King_Haakon,1.072812523,-0.04843318967289112,0.04843318967289112,0.5877526775549149,FALSE,FALSE
1981-03-12,King_Haakon,1.111199309,-0.07376226137040254,0.07376226137040254,0.5877526775549149,FALSE,FALSE
1981-03-14,King_Haakon,1.131446681,-0.11971139560873434,0.11971139560873434,0.5877526775549149,FALSE,FALSE
1981-03-16,King_Haakon,1.168708182,-0.1507904106624065,0.1507904106624065,0.5877526775549149,FALSE,FALSE
1981-03-18,King_Haakon,1.206670448,-0.18297587989283223,0.18297587989283223,0.5877526775549149,FALSE,FALSE
1981-03-20,King_Haakon,1.272502633,-0.18874180258840467,0.18874180258840467,0.5877526775549149,FALSE,FALSE
1981-03-22,King_Haakon,1.371631883,-0.16226429932520214,0.16226429932520214,0.5877526775549149,FALSE,FALSE
1981-03-24,King_Haakon,1.459551953,-0.1476481657296136,0.1476481657296136,0.5877526775549149,FALSE,FALSE
1981-03-26,King_Haakon,1.524764663,-0.15599013242803128,0.15599013242803128,0.5877526775549149,FALSE,FALSE
1981-03-28,King_Haakon,1.549901343,-0.20425742004685032,0.20425742004685032,0.5877526775549149,FALSE,FALSE
1981-03-30,King_Haakon,1.539592234,-0.28741833821245844,0.28741833821245844,0.5877526775549149,FALSE,FALSE
1981-04-01,King_Haakon,1.591657732,-0.30733227105102046,0.30733227105102046,0.5877526775549149,FALSE,FALSE
1981-04-03,King_Haakon,1.606316787,-0.3638395983171317,0.3638395983171317,0.5877526775549149,FALSE,FALSE
1981-04-05,King_Haakon,1.713570745,-0.3271090702886108,0.3271090702886108,0.5877526775549149,FALSE,FALSE
1981-04-07,King_Haakon,1.786484936,-0.3242454664255301,0.3242454664255301,0.5877526775549149,FALSE,FALSE
1981-04-09,King_Haakon,1.840577538,-0.33990071818795164,0.33990071818795164,0.5877526775549149,FALSE,FALSE
1981-04-11,King_Haakon,1.973571812,-0.2765216740359493,0.2765216740359493,0.5877526775549149,FALSE,FALSE
1981-04-13,King_Haakon,2.032797849,-0.28693592936259504,0.28693592936259504,0.5877526775549149,FALSE,FALSE
1981-04-15,King_Haakon,2.04768933,-0.3417168768537615,0.3417168768537615,0.5877526775549149,FALSE,FALSE
1981-04-17,King_Haakon,2.135168847,-0.32384880404998073,0.32384880404998073,0.5877526775549149,FALSE,FALSE
1981-04-19,King_Haakon,2.150781773,-0.3776914062850482,0.3776914062850482,0.5877526775549149,FALSE,FALSE
1981-04-21,King_Haakon,2.168236315,-0.429441544892764,0.429441544892764,0.5877526775549149,FALSE,FALSE
1981-04-23,King_Haakon,2.178233468,-0.4883032932069265,0.4883032932069265,0.5877526775549149,FALSE,FALSE
1981-04-25,King_Haakon,2.282053279,-0.45289974383312304,0.45289974383312304,0.5877526775549149,FALSE,FALSE
1981-04-27,King_Haakon,2.450911298,-0.3518235192655528,0.3518235192655528,0.5877526775549149,FALSE,FALSE
1981-04-29,King_Haakon,2.53960844,-0.3299455137690801,0.3299455137690801,0.5877526775549149,FALSE,FALSE
1981-05-01,King_Haakon,2.536669388,-0.3984023044378744,0.3984023044378744,0.5877526775549149,FALSE,FALSE
1981-05-03,King_Haakon,2.571296633,-0.4276526603661006,0.4276526603661006,0.5877526775549149,FALSE,FALSE
1981-05-05,King_Haakon,2.598525894,-0.4623221226479246,0.4623221226479246,0.5877526775549149,FALSE,FALSE
1981-05-07,King_Haakon,2.633770454,-0.48665868955193,0.48665868955193,0.5877526775549149,FALSE,FALSE
1981-05-09,King_Haakon,2.643825256,-0.5336074655229286,0.5336074655229286,0.5877526775549149,FALSE,FALSE
1981-05-11,King_Haakon,2.676090919,-0.5557643117561071,0.5557643117561071,0.5877526775549149,FALSE,FALSE
1981-05-13,King_Haakon,2.731029683,-0.5527155654474467,0.5527155654474467,0.5877526775549149,FALSE,FALSE
1981-05-15,King_Haakon,2.876502056,-0.45664929579293334,0.45664929579293334,0.5877526775549149,FALSE,FALSE
1981-05-17,King_Haakon,2.884906454,-0.4952156639885503,0.4952156639885503,0.5877526775549149,FALSE,FALSE
1981-05-19,King_Haakon,2.877801287,-0.5469048372302812,0.5469048372302812,0.5877526775549149,FALSE,FALSE
1981-05-21,King_Haakon,2.827742427,-0.6392446300921786,0.6392446300921786,0.5877526775549149,TRUE,FALSE
1981-05-23,King_Haakon,3.015264021,-0.4920651593451333,0.4920651593451333,0.5877526775549149,FALSE,FALSE
1981-05-25,King_Haakon,3.117125329,-0.42910594169720184,0.42910594169720184,0.5877526775549149,FALSE,FALSE
1981-05-27,King_Haakon,3.15346382,-0.4307291313343953,0.4307291313343953,0.5877526775549149,FALSE,FALSE
1981-05-29,King_Haakon,3.214208785,-0.4075050604427264,0.4075050604427264,0.5877526775549149,FALSE,FALSE
1981-05-31,King_Haakon,3.284105969,-0.37518760720820543,0.37518760720820543,0.5877526775549149,FALSE,FALSE
1981-06-01,King_Haakon,3.938794866,0.2605332284169961,0.2605332284169961,0.5877526775549149,FALSE,FALSE
1981-06-02,King_Haakon,3.33857415,-0.35884376446412025,0.35884376446412025,0.5877526775549149,FALSE,FALSE
1981-06-04,King_Haakon,3.323629269,-0.4125974015537612,0.4125974015537612,0.5877526775549149,FALSE,FALSE
1981-06-06,King_Haakon,3.361756526,-0.413741251250221,0.413741251250221,0.5877526775549149,FALSE,FALSE
1981-06-08,King_Haakon,3.341739813,-0.47325231653850297,0.47325231653850297,0.5877526775549149,FALSE,FALSE
1981-06-10,King_Haakon,3.439312546,-0.4151580764036362,0.4151580764036362,0.5877526775549149,FALSE,FALSE
1981-06-12,King_Haakon,3.538670699,-0.35502345183063033,0.35502345183063033,0.5877526775549149,FALSE,FALSE
1981-06-14,King_Haakon,3.521071435,-0.41135229475529833,0.41135229475529833,0.5877526775549149,FALSE,FALSE
1981-06-16,King_Haakon,3.687667143,-0.2827823568055541,0.2827823568055541,0.5877526775549149,FALSE,FALSE
1981-06-18,King_Haakon,3.82567708,-0.1819514212562643,0.1819514212562643,0.5877526775549149,FALSE,FALSE
1981-06-20,King_Haakon,3.908990992,-0.13483613899454516,0.13483613899454516,0.5877526775549149,FALSE,FALSE
1981-06-22,King_Haakon,3.94138273,-0.1375290559075193,0.1375290559075193,0.5877526775549149,FALSE,FALSE
1981-06-24,King_Haakon,4.005367709,-0.10738115388230618,0.10738115388230618,0.5877526775549149,FALSE,FALSE
1981-06-26,King_Haakon,4.074537092,-0.07066766680602665,0.07066766680602665,0.5877526775549149,FALSE,FALSE
1981-06-28,King_Haakon,4.132161243,-0.04403475318245586,0.04403475318245586,0.5877526775549149,FALSE,FALSE
1981-06-30,King_Haakon,4.224864936,0.01895185019846934,0.01895185019846934,0.5877526775549149,FALSE,FALSE
1981-07-01,King_Haakon,4.564744701,0.3443622384230105,0.3443622384230105,0.5877526775549149,FALSE,FALSE
1981-07-02,King_Haakon,4.236873593,0.00223391033652742,0.00223391033652742,0.5877526775549149,FALSE,FALSE
1981-07-04,King_Haakon,4.205167445,-0.05749207377076626,0.05749207377076626,0.5877526775549149,FALSE,FALSE
1981-07-06,King_Haakon,4.169560963,-0.12069536312588536,0.12069536312588536,0.5877526775549149,FALSE,FALSE
1981-07-08,King_Haakon,4.148159831,-0.16955400573130852,0.16955400573130852,0.5877526775549149,FALSE,FALSE
1981-07-10,King_Haakon,4.27138835,-0.07390932912060766,0.07390932912060766,0.5877526775549149,FALSE,FALSE
1981-07-12,King_Haakon,4.35248803,-0.02051823533701835,0.02051823533701835,0.5877526775549149,FALSE,FALSE
1981-07-14,King_Haakon,4.465705671,0.06507150884723867,0.06507150884723867,0.5877526775549149,FALSE,FALSE
1981-07-16,King_Haakon,4.474502791,0.04653199203386116,0.04653199203386116,0.5877526775549149,FALSE,FALSE
1981-07-18,King_Haakon,4.497329673,0.04252406782454177,0.04252406782454177,0.5877526775549149,FALSE,FALSE
1981-07-20,King_Haakon,4.51767163,0.03674361982097274,0.03674361982097274,0.5877526775549149,FALSE,FALSE
1981-07-22,King_Haakon,4.576297632,0.07016918691558072,0.07016918691558072,0.5877526775549149,FALSE,FALSE
1981-07-24,King_Haakon,4.666136058,0.1358673249478617,0.1358673249478617,0.5877526775549149,FALSE,FALSE
1981-07-26,King_Haakon,4.690907219,0.13757883259837822,0.13757883259837822,0.5877526775549149,FALSE,FALSE
1981-07-28,King_Haakon,4.683800826,0.10850291585342298,0.10850291585342298,0.5877526775549149,FALSE,FALSE
1981-07-30,King_Haakon,4.741894029,0.14572621969928612,0.14572621969928612,0.5877526775549149,FALSE,FALSE
1981-08-01,King_Haakon,4.745906701,0.1299781121222594,0.1299781121222594,0.5877526775549149,FALSE,FALSE
1981-08-03,King_Haakon,4.770691211,0.13612045728233557,0.13612045728233557,0.5877526775549149,FALSE,FALSE
1981-08-05,King_Haakon,4.807519707,0.15547057161668576,0.15547057161668576,0.5877526775549149,FALSE,FALSE
1981-08-07,King_Haakon,4.78649505,0.1183119870849314,0.1183119870849314,0.5877526775549149,FALSE,FALSE
1981-08-09,King_Haakon,4.830602679,0.14784298134588791,0.14784298134588791,0.5877526775549149,FALSE,FALSE
1981-08-11,King_Haakon,4.901212175,0.20564597405836335,0.20564597405836335,0.5877526775549149,FALSE,FALSE
1981-08-13,King_Haakon,4.865312664,0.15892292988116985,0.15892292988116985,0.5877526775549149,FALSE,FALSE
1981-08-15,King_Haakon,4.782127668,0.06711020947312463,0.06711020947312463,0.5877526775549149,FALSE,FALSE
1981-08-17,King_Haakon,4.817403225,0.09610138062212847,0.09610138062212847,0.5877526775549149,FALSE,FALSE
1981-08-19,King_Haakon,4.730350583,0.0046349525652829,0.0046349525652829,0.5877526775549149,FALSE,FALSE
1981-08-21,King_Haakon,4.688138312,-0.04093600748906656,0.04093600748906656,0.5877526775549149,FALSE,FALSE
1981-08-23,King_Haakon,4.675478395,-0.05671862997309596,0.05671862997309596,0.5877526775549149,FALSE,FALSE
1981-08-25,King_Haakon,4.671674613,-0.06422824731897858,0.06422824731897858,0.5877526775549149,FALSE,FALSE
1981-08-27,King_Haakon,4.819014004,0.0780030650411021,0.0780030650411021,0.5877526775549149,FALSE,FALSE
1981-08-29,King_Haakon,4.939803114,0.19148409948735523,0.19148409948735523,0.5877526775549149,FALSE,FALSE
1981-08-31,King_Haakon,4.960505393,0.20257676198500985,0.20257676198500985,0.5877526775549149,FALSE,FALSE
1981-09-01,King_Haakon,4.672432745,-0.09093806096579549,0.09093806096579549,0.5877526775549149,FALSE,FALSE
1981-09-02,King_Haakon,4.923772751,0.15466506361054755,0.15466506361054755,0.5877526775549149,FALSE,FALSE
1981-09-04,King_Haakon,4.817899545,0.03682458932540822,0.03682458932540822,0.5877526775549149,FALSE,FALSE
1981-09-06,King_Haakon,4.735937916,-0.05711129190897246,0.05711129190897246,0.5877526775549149,FALSE,FALSE
1981-09-08,King_Haakon,4.625077099,-0.1791721171311531,0.1791721171311531,0.5877526775549149,FALSE,FALSE
1981-09-10,King_Haakon,4.552791361,-0.2611028253689378,0.2611028253689378,0.5877526775549149,FALSE,FALSE
1981-09-12,King_Haakon,4.608336428,-0.21310885242690691,0.21310885242690691,0.5877526775549149,FALSE,FALSE
1981-09-14,King_Haakon,4.62114708,-0.20586053875397603,0.20586053875397603,0.5877526775549149,FALSE,FALSE
1981-09-16,King_Haakon,4.523408708,-0.3073835682009056,0.3073835682009056,0.5877526775549149,FALSE,FALSE
1981-09-18,King_Haakon,4.494015482,-0.3389948456184504,0.3389948456184504,0.5877526775549149,FALSE,FALSE
1981-09-20,King_Haakon,4.427396056,-0.4064767918573775,0.4064767918573775,0.5877526775549149,FALSE,FALSE
1981-09-22,King_Haakon,4.434506157,-0.39908475476844174,0.39908475476844174,0.5877526775549149,FALSE,FALSE
1981-09-24,King_Haakon,4.485491958,-0.34688663897397554,0.34688663897397554,0.5877526775549149,FALSE,FALSE
1981-09-26,King_Haakon,4.616182465,-0.21428677195060344,0.21428677195060344,0.5877526775549149,FALSE,FALSE
1981-09-28,King_Haakon,4.627198085,-0.200905682164791,0.200905682164791,0.5877526775549149,FALSE,FALSE
1981-09-30,King_Haakon,4.506587973,-0.31893516868937866,0.31893516868937866,0.5877526775549149,FALSE,FALSE
1981-10-01,King_Haakon,4.407206053,-0.4170213907158331,0.4170213907158331,0.5877526775549149,FALSE,FALSE
1981-10-02,King_Haakon,4.404751041,-0.4182172735972012,0.4182172735972012,0.5877526775549149,FALSE,FALSE
1981-10-04,King_Haakon,4.305589189,-0.5150910509610984,0.5150910509610984,0.5877526775549149,FALSE,FALSE
1981-10-06,King_Haakon,4.308171964,-0.5107057180530656,0.5107057180530656,0.5877526775549149,FALSE,FALSE
1981-10-08,King_Haakon,4.307234687,-0.5101398138715734,0.5101398138715734,0.5877526775549149,FALSE,FALSE
1981-10-10,King_Haakon,4.337213737,-0.47841706111560534,0.47841706111560534,0.5877526775549149,FALSE,FALSE
1981-10-12,King_Haakon,4.332358705,-0.4807360683863884,0.4807360683863884,0.5877526775549149,FALSE,FALSE
1981-10-14,King_Haakon,4.311570646,-0.49764398028513845,0.49764398028513845,0.5877526775549149,FALSE,FALSE
1981-10-16,King_Haakon,4.377231751,-0.4262068054130808,0.4262068054130808,0.5877526775549149,FALSE,FALSE
1981-10-18,King_Haakon,4.472989067,-0.3222284314211592,0.3222284314211592,0.5877526775549149,FALSE,FALSE
1981-10-20,King_Haakon,4.469201629,-0.3151050713431829,0.3151050713431829,0.5877526775549149,FALSE,FALSE
1981-10-22,King_Haakon,4.4210278690000004,-0.350010756641673,0.350010756641673,0.5877526775549149,FALSE,FALSE
1981-10-24,King_Haakon,4.391271035,-0.3645391340675808,0.3645391340675808,0.5877526775549149,FALSE,FALSE
1981-10-26,King_Haakon,4.381223799,-0.357794426371834,0.357794426371834,0.5877526775549149,FALSE,FALSE
1981-10-28,King_Haakon,4.397217956,-0.32384173330538335,0.32384173330538335,0.5877526775549149,FALSE,FALSE
1981-10-30,King_Haakon,4.383591244,-0.3187402116191702,0.3187402116191702,0.5877526775549149,FALSE,FALSE
1981-11-01,King_Haakon,4.318301468,-0.3648026028922011,0.3648026028922011,0.5877526775549149,FALSE,FALSE
1981-11-03,King_Haakon,4.2523190809999996,-0.41076848609327055,0.41076848609327055,0.5877526775549149,FALSE,FALSE
1981-11-05,King_Haakon,4.14545993,-0.4963766664877518,0.4963766664877518,0.5877526775549149,FALSE,FALSE
1981-11-07,King_Haakon,4.103851552,-0.5150542535853653,0.5150542535853653,0.5877526775549149,FALSE,FALSE
1981-11-09,King_Haakon,4.118227349,-0.4756224918958223,0.4756224918958223,0.5877526775549149,FALSE,FALSE
1981-11-11,King_Haakon,4.149608509,-0.41661483992884385,0.41661483992884385,0.5877526775549149,FALSE,FALSE
1981-11-13,King_Haakon,4.209889424,-0.325673692130934,0.325673692130934,0.5877526775549149,FALSE,FALSE
1981-11-15,King_Haakon,4.224539059,-0.2766635180190047,0.2766635180190047,0.5877526775549149,FALSE,FALSE
1981-11-17,King_Haakon,4.199045707,-0.2633002644245561,0.2633002644245561,0.5877526775549149,FALSE,FALSE
1981-11-19,King_Haakon,4.125588544,-0.2926069300368388,0.2926069300368388,0.5877526775549149,FALSE,FALSE
1981-11-21,King_Haakon,4.123387198,-0.24456606154510308,0.24456606154510308,0.5877526775549149,FALSE,FALSE
1981-11-23,King_Haakon,4.110756766,-0.20006473663859128,0.20006473663859128,0.5877526775549149,FALSE,FALSE
1981-11-25,King_Haakon,4.140057825,-0.10596190065189504,0.10596190065189504,0.5877526775549149,FALSE,FALSE
1981-11-27,King_Haakon,4.139468562,-0.0340636450711953,0.0340636450711953,0.5877526775549149,FALSE,FALSE
1981-11-29,King_Haakon,4.083783759,-0.01060860140250419,0.01060860140250419,0.5877526775549149,FALSE,FALSE
1981-12-01,King_Haakon,3.982535815,-0.02717379577286616,0.02717379577286616,0.5877526775549149,FALSE,FALSE
1981-12-03,King_Haakon,3.887879873,-0.03271351030932834,0.03271351030932834,0.5877526775549149,FALSE,FALSE
1981-12-05,King_Haakon,3.82423729,-0.00391581313894295,0.00391581313894295,0.5877526775549149,FALSE,FALSE
1981-12-07,King_Haakon,3.791688217,0.05819018276128185,0.05819018276128185,0.5877526775549149,FALSE,FALSE
1981-12-09,King_Haakon,3.743465786,0.10605006148120431,0.10605006148120431,0.5877526775549149,FALSE,FALSE
1981-12-11,King_Haakon,3.687917549,0.14821924831270428,0.14821924831270428,0.5877526775549149,FALSE,FALSE
1981-12-13,King_Haakon,3.603068341,0.16312238382048294,0.16312238382048294,0.5877526775549149,FALSE,FALSE
1981-12-15,King_Haakon,3.469666279,0.1319073905692436,0.1319073905692436,0.5877526775549149,FALSE,FALSE
1981-12-17,King_Haakon,3.400728839,0.16799155012369127,0.16799155012369127,0.5877526775549149,FALSE,FALSE
1981-12-19,King_Haakon,3.312810964,0.18832961104853083,0.18832961104853083,0.5877526775549149,FALSE,FALSE
1981-12-21,King_Haakon,3.229169546,0.2164911967960488,0.2164911967960488,0.5877526775549149,FALSE,FALSE
1981-12-23,King_Haakon,3.183751931,0.286078408826445,0.286078408826445,0.5877526775549149,FALSE,FALSE
1981-12-25,King_Haakon,3.155507397,0.3753946255052467,0.3753946255052467,0.5877526775549149,FALSE,FALSE
1981-12-27,King_Haakon,3.081117952,0.42047440937665215,0.42047440937665215,0.5877526775549149,FALSE,FALSE
1981-12-29,King_Haakon,3.013987803,0.4740745219848437,0.4740745219848437,0.5877526775549149,FALSE,FALSE
1981-12-31,King_Haakon,2.948294599,0.5297251668740164,0.5297251668740164,0.5877526775549149,FALSE,FALSE
1982-01-01,King_Haakon,2.41315548,0.0552857408440266,0.0552857408440266,0.5877526775549149,FALSE,FALSE
1982-01-02,King_Haakon,2.81655743,0.5192949906180844,0.5192949906180844,0.5877526775549149,FALSE,FALSE
1982-01-04,King_Haakon,2.766482259,0.5897705594746991,0.5897705594746991,0.5877526775549149,TRUE,TRUE
1982-01-06,King_Haakon,2.732782461,0.6750768983852455,0.6750768983852455,0.5877526775549149,TRUE,TRUE
1982-01-08,King_Haakon,2.701553208,0.7605178313208334,0.7605178313208334,0.5877526775549149,TRUE,TRUE
1982-01-10,King_Haakon,2.615351955,0.7878594652525768,0.7878594652525768,0.5877526775549149,TRUE,TRUE
1982-01-12,King_Haakon,2.5013664,0.7834981501515852,0.7834981501515852,0.5877526775549149,TRUE,TRUE
1982-01-14,King_Haakon,2.414905321,0.8019520860978981,0.8019520860978981,0.5877526775549149,TRUE,TRUE
1982-01-16,King_Haakon,2.288928592,0.7755403517931552,0.7755403517931552,0.5877526775549149,TRUE,TRUE
1982-01-18,King_Haakon,2.182959854,0.7634735883789885,0.7634735883789885,0.5877526775549149,TRUE,TRUE
1982-01-20,King_Haakon,2.065036277,0.7335193452347746,0.7335193452347746,0.5877526775549149,TRUE,TRUE
1982-01-22,King_Haakon,1.879106102,0.6293562427398927,0.6293562427398927,0.5877526775549149,TRUE,TRUE
1982-01-24,King_Haakon,1.74376094,0.5693062712737196,0.5693062712737196,0.5877526775549149,FALSE,FALSE
1982-01-26,King_Haakon,1.6470044,0.541103419215633,0.541103419215633,0.5877526775549149,FALSE,FALSE
1982-01-28,King_Haakon,1.593706811,0.5494431562705764,0.5494431562705764,0.5877526775549149,FALSE,FALSE
1982-01-30,King_Haakon,1.406457944,0.4172318562160808,0.4172318562160808,0.5877526775549149,FALSE,FALSE
1982-02-01,King_Haakon,1.31422909,0.37391625136424234,0.37391625136424234,0.5877526775549149,FALSE,FALSE
1982-02-03,King_Haakon,1.262237743,0.3651893565905964,0.3651893565905964,0.5877526775549149,FALSE,FALSE
1982-02-05,King_Haakon,1.180700472,0.32174326177067625,0.32174326177067625,0.5877526775549149,FALSE,FALSE
1982-02-07,King_Haakon,1.154400897,0.3288371077800186,0.3288371077800186,0.5877526775549149,FALSE,FALSE
1982-02-09,King_Haakon,1.071219129,0.2747732849531834,0.2747732849531834,0.5877526775549149,FALSE,FALSE
1982-02-11,King_Haakon,0.981294629,0.20937867802793497,0.20937867802793497,0.5877526775549149,FALSE,FALSE
1982-02-13,King_Haakon,0.919581725,0.16675937333427182,0.16675937333427182,0.5877526775549149,FALSE,FALSE
1982-02-15,King_Haakon,0.870544134,0.13051869522636717,0.13051869522636717,0.5877526775549149,FALSE,FALSE
1982-02-17,King_Haakon,0.879590505,0.14520490005839115,0.14520490005839115,0.5877526775549149,FALSE,FALSE
1982-02-19,King_Haakon,0.928885735,0.1921224921845145,0.1921224921845145,0.5877526775549149,FALSE,FALSE
1982-02-21,King_Haakon,0.931287227,0.18327890984417736,0.18327890984417736,0.5877526775549149,FALSE,FALSE
1982-02-23,King_Haakon,0.934113315,0.16579488767772033,0.16579488767772033,0.5877526775549149,FALSE,FALSE
1982-02-25,King_Haakon,0.95766918,0.1608048279154105,0.1608048279154105,0.5877526775549149,FALSE,FALSE
1982-02-27,King_Haakon,1.007251778,0.1745250917394292,0.1745250917394292,0.5877526775549149,FALSE,FALSE
1982-03-01,King_Haakon,1.100836294,0.2258502693319581,0.2258502693319581,0.5877526775549149,FALSE,FALSE
1982-03-03,King_Haakon,1.151610594,0.22888763187518013,0.22888763187518013,0.5877526775549149,FALSE,FALSE
1982-03-05,King_Haakon,1.22363476,0.24861666256883663,0.24861666256883663,0.5877526775549149,FALSE,FALSE
1982-03-07,King_Haakon,1.26337154,0.2323120006473509,0.2323120006473509,0.5877526775549149,FALSE,FALSE
1982-03-09,King_Haakon,1.369488215,0.27906498837134563,0.27906498837134563,0.5877526775549149,FALSE,FALSE
1982-03-11,King_Haakon,1.451958456,0.299185935466298,0.299185935466298,0.5877526775549149,FALSE,FALSE
1982-03-13,King_Haakon,1.535378928,0.317608145657692,0.317608145657692,0.5877526775549149,FALSE,FALSE
1982-03-15,King_Haakon,1.588649221,0.3035678476710051,0.3035678476710051,0.5877526775549149,FALSE,FALSE
1982-03-17,King_Haakon,1.64105018,0.2866825252317178,0.2866825252317178,0.5877526775549149,FALSE,FALSE
1982-03-19,King_Haakon,1.755546961,0.33025837472538466,0.33025837472538466,0.5877526775549149,FALSE,FALSE
1982-03-21,King_Haakon,1.841613135,0.34414944033749895,0.34414944033749895,0.5877526775549149,FALSE,FALSE
1982-03-23,King_Haakon,1.938501602,0.36800988459519424,0.36800988459519424,0.5877526775549149,FALSE,FALSE
1982-03-25,King_Haakon,2.001399893,0.35742868787207893,0.35742868787207893,0.5877526775549149,FALSE,FALSE
1982-03-27,King_Haakon,2.154245331,0.43674462254175905,0.43674462254175905,0.5877526775549149,FALSE,FALSE
1982-03-29,King_Haakon,2.260176998,0.46949821997784413,0.46949821997784413,0.5877526775549149,FALSE,FALSE
1982-03-31,King_Haakon,2.377325556,0.5142130103987934,0.5142130103987934,0.5877526775549149,FALSE,FALSE
1982-04-01,King_Haakon,3.089933567,1.1909435639489796,1.1909435639489796,0.5877526775549149,TRUE,FALSE
1982-04-02,King_Haakon,2.507547265,0.5728830699378415,0.5728830699378415,0.5877526775549149,FALSE,FALSE
1982-04-04,King_Haakon,2.58128645,0.5757986125015542,0.5757986125015542,0.5877526775549149,FALSE,FALSE
1982-04-06,King_Haakon,2.515781285,0.44002770262986246,0.44002770262986246,0.5877526775549149,FALSE,FALSE
1982-04-08,King_Haakon,2.47922636,0.3335948208627011,0.3335948208627011,0.5877526775549149,FALSE,FALSE
1982-04-10,King_Haakon,2.559488271,0.3441964537399995,0.3441964537399995,0.5877526775549149,FALSE,FALSE
1982-04-12,King_Haakon,2.633542505,0.34863814384790404,0.34863814384790404,0.5877526775549149,FALSE,FALSE
1982-04-14,King_Haakon,2.804915388,0.4503437055840904,0.4503437055840904,0.5877526775549149,FALSE,FALSE
1982-04-16,King_Haakon,2.951792602,0.5275671167821234,0.5275671167821234,0.5877526775549149,FALSE,FALSE
1982-04-18,King_Haakon,3.046990091,0.5532192531082036,0.5532192531082036,0.5877526775549149,FALSE,FALSE
1982-04-20,King_Haakon,3.086865335,0.5237525262285381,0.5237525262285381,0.5877526775549149,FALSE,FALSE
1982-04-22,King_Haakon,3.071548701,0.4393922348093233,0.4393922348093233,0.5877526775549149,FALSE,FALSE
1982-04-24,King_Haakon,3.11990206,0.41909518151676384,0.41909518151676384,0.5877526775549149,FALSE,FALSE
1982-04-26,King_Haakon,3.259725386,0.49078230495366393,0.49078230495366393,0.5877526775549149,FALSE,FALSE
1982-04-28,King_Haakon,3.3110409180000002,0.47475502899745514,0.47475502899745514,0.5877526775549149,FALSE,FALSE
1982-04-30,King_Haakon,3.319583845,0.41708717592306455,0.41708717592306455,0.5877526775549149,FALSE,FALSE
1982-05-01,King_Haakon,3.790143422,0.8550717295621255,0.8550717295621255,0.5877526775549149,TRUE,FALSE
1982-05-02,King_Haakon,3.382008399,0.4147717176363264,0.4147717176363264,0.5877526775549149,FALSE,FALSE
1982-05-04,King_Haakon,3.408083559,0.3779163730430723,0.3779163730430723,0.5877526775549149,FALSE,FALSE
1982-05-06,King_Haakon,3.43307855,0.34212910704913524,0.34212910704913524,0.5877526775549149,FALSE,FALSE
1982-05-08,King_Haakon,3.561921719,0.4126651167955946,0.4126651167955946,0.5877526775549149,FALSE,FALSE
1982-05-10,King_Haakon,3.636989589,0.43202601534300467,0.43202601534300467,0.5877526775549149,FALSE,FALSE
1982-05-12,King_Haakon,3.702848498,0.44473473303024225,0.44473473303024225,0.5877526775549149,FALSE,FALSE
1982-05-14,King_Haakon,3.744149279,0.4353935256613264,0.4353935256613264,0.5877526775549149,FALSE,FALSE
1982-05-16,King_Haakon,3.78918654,0.4322484240402722,0.4322484240402722,0.5877526775549149,FALSE,FALSE
1982-05-18,King_Haakon,3.808726667,0.40601723697109726,0.40601723697109726,0.5877526775549149,FALSE,FALSE
1982-05-20,King_Haakon,3.75569933,0.3095794791177582,0.3095794791177582,0.5877526775549149,FALSE,FALSE
1982-05-22,King_Haakon,3.7713185,0.28394915071960725,0.28394915071960725,0.5877526775549149,FALSE,FALSE
1982-05-24,King_Haakon,3.801718202,0.274789198815347,0.274789198815347,0.5877526775549149,FALSE,FALSE
1982-05-26,King_Haakon,3.842952255,0.2776538192189677,0.2776538192189677,0.5877526775549149,FALSE,FALSE
1982-05-28,King_Haakon,3.874317968,0.27134069774445724,0.27134069774445724,0.5877526775549149,FALSE,FALSE
1982-05-30,King_Haakon,3.889218424,0.24875329420580572,0.24875329420580572,0.5877526775549149,FALSE,FALSE
1982-06-01,King_Haakon,3.88389272,0.20563108241699624,0.20563108241699624,0.5877526775549149,FALSE,FALSE
1982-06-03,King_Haakon,3.905466583,0.188717028380347,0.188717028380347,0.5877526775549149,FALSE,FALSE
1982-06-05,King_Haakon,3.995749451,0.239930076860424,0.239930076860424,0.5877526775549149,FALSE,FALSE
1982-06-07,King_Haakon,4.03437498,0.23914298824118196,0.23914298824118196,0.5877526775549149,FALSE,FALSE
1982-06-09,King_Haakon,4.057376167,0.2226278645376003,0.2226278645376003,0.5877526775549149,FALSE,FALSE
1982-06-11,King_Haakon,4.098969542,0.22484034076466264,0.22484034076466264,0.5877526775549149,FALSE,FALSE
1982-06-13,King_Haakon,4.115831032,0.2026954489373538,0.2026954489373538,0.5877526775549149,FALSE,FALSE
1982-06-15,King_Haakon,4.156387042,0.20485293133918292,0.20485293133918292,0.5877526775549149,FALSE,FALSE
1982-06-17,King_Haakon,4.217109724,0.22795652719959092,0.22795652719959092,0.5877526775549149,FALSE,FALSE
1982-06-19,King_Haakon,4.242633555,0.21677484221598495,0.21677484221598495,0.5877526775549149,FALSE,FALSE
1982-06-21,King_Haakon,4.245726615,0.18420955950124895,0.18420955950124895,0.5877526775549149,FALSE,FALSE
1982-06-23,King_Haakon,4.265489863,0.1694952411682582,0.1694952411682582,0.5877526775549149,FALSE,FALSE
1982-06-25,King_Haakon,4.293952734,0.16479492532989592,0.16479492532989592,0.5877526775549149,FALSE,FALSE
1982-06-27,King_Haakon,4.241185431,0.08030808066177908,0.08030808066177908,0.5877526775549149,FALSE,FALSE
1982-06-29,King_Haakon,4.169574358,-0.02162172783678873,0.02162172783678873,0.5877526775549149,FALSE,FALSE
1982-07-01,King_Haakon,4.133181454,-0.08720100857699009,0.08720100857699009,0.5877526775549149,FALSE,FALSE
1982-07-03,King_Haakon,4.19535603,-0.05336418256129605,0.05336418256129605,0.5877526775549149,FALSE,FALSE
1982-07-05,King_Haakon,4.25413699,-0.02235607779219162,0.02235607779219162,0.5877526775549149,FALSE,FALSE
1982-07-07,King_Haakon,4.204705554,-0.09927920627215236,0.09927920627215236,0.5877526775549149,FALSE,FALSE
1982-07-09,King_Haakon,4.15769109,-0.17378784080017695,0.17378784080017695,0.5877526775549149,FALSE,FALSE
1982-07-11,King_Haakon,4.131906942,-0.22724195574129255,0.22724195574129255,0.5877526775549149,FALSE,FALSE
1982-07-13,King_Haakon,4.253177692,-0.13366576858258128,0.13366576858258128,0.5877526775549149,FALSE,FALSE
1982-07-15,King_Haakon,4.318155521,-0.0961965277223511,0.0961965277223511,0.5877526775549149,FALSE,FALSE
1982-07-17,King_Haakon,4.135873295,-0.30559079655890997,0.30559079655890997,0.5877526775549149,FALSE,FALSE
1982-07-19,King_Haakon,4.035876038,-0.43209298049056777,0.43209298049056777,0.5877526775549149,FALSE,FALSE
1982-07-21,King_Haakon,4.21086448,-0.28279177891562757,0.28279177891562757,0.5877526775549149,FALSE,FALSE
1982-07-23,King_Haakon,4.337259124,-0.18107395095891476,0.18107395095891476,0.5877526775549149,FALSE,FALSE
1982-07-25,King_Haakon,4.45382163,-0.088112602490801,0.088112602490801,0.5877526775549149,FALSE,FALSE
1982-07-27,King_Haakon,4.47831249,-0.08613751791130841,0.08613751791130841,0.5877526775549149,FALSE,FALSE
1982-07-29,King_Haakon,4.498940913,-0.08692999323414252,0.08692999323414252,0.5877526775549149,FALSE,FALSE
1982-07-31,King_Haakon,4.578676477,-0.02751095547301041,0.02751095547301041,0.5877526775549149,FALSE,FALSE
1982-08-01,King_Haakon,4.567392631,-0.0485359578777409,0.0485359578777409,0.5877526775549149,FALSE,FALSE
1982-08-02,King_Haakon,4.639144877,0.0137547853583797,0.0137547853583797,0.5877526775549149,FALSE,FALSE
1982-08-04,King_Haakon,4.623251485,-0.02021321390105068,0.02021321390105068,0.5877526775549149,FALSE,FALSE
1982-08-06,King_Haakon,4.629392984,-0.03090447433210386,0.03090447433210386,0.5877526775549149,FALSE,FALSE
1982-08-08,King_Haakon,4.605448471,-0.07023087329985511,0.07023087329985511,0.5877526775549149,FALSE,FALSE
1982-08-10,King_Haakon,4.601560047,-0.08783747114548923,0.08783747114548923,0.5877526775549149,FALSE,FALSE
1982-08-12,King_Haakon,4.613291227,-0.08794791421020065,0.08794791421020065,0.5877526775549149,FALSE,FALSE
1982-08-14,King_Haakon,4.682624852,-0.0283665228351726,0.0283665228351726,0.5877526775549149,FALSE,FALSE
1982-08-16,King_Haakon,4.644695967,-0.07374735002595845,0.07374735002595845,0.5877526775549149,FALSE,FALSE
1982-08-18,King_Haakon,4.5196814850000004,-0.2040103341211177,0.2040103341211177,0.5877526775549149,FALSE,FALSE
1982-08-20,King_Haakon,4.417521777,-0.3099538904976953,0.3099538904976953,0.5877526775549149,FALSE,FALSE
1982-08-22,King_Haakon,4.327802798,-0.4028111775878616,0.4028111775878616,0.5877526775549149,FALSE,FALSE
1982-08-24,King_Haakon,4.200727625,-0.5331982318237944,0.5331982318237944,0.5877526775549149,FALSE,FALSE
1982-08-26,King_Haakon,4.189206219,-0.5490242056376733,0.5490242056376733,0.5877526775549149,FALSE,FALSE
1982-08-28,King_Haakon,4.162332176,-0.582014616461672,0.582014616461672,0.5877526775549149,FALSE,FALSE
1982-08-30,King_Haakon,4.22818638,-0.5246924360322138,0.5246924360322138,0.5877526775549149,FALSE,FALSE
1982-09-01,King_Haakon,4.319515057,-0.44385574896579527,0.44385574896579527,0.5877526775549149,FALSE,FALSE
1982-09-03,King_Haakon,4.361915972,-0.4131256497907767,0.4131256497907767,0.5877526775549149,FALSE,FALSE
1982-09-05,King_Haakon,4.35181642,-0.43529361554571544,0.43529361554571544,0.5877526775549149,FALSE,FALSE
1982-09-07,King_Haakon,4.329294618,-0.46950020126917646,0.46950020126917646,0.5877526775549149,FALSE,FALSE
1982-09-09,King_Haakon,4.335018374,-0.4742963709997259,0.4742963709997259,0.5877526775549149,FALSE,FALSE
1982-09-11,King_Haakon,4.278132225,-0.5397992950424557,0.5397992950424557,0.5877526775549149,FALSE,FALSE
1982-09-13,King_Haakon,4.259751351,-0.5647105008786335,0.5647105008786335,0.5877526775549149,FALSE,FALSE
1982-09-15,King_Haakon,4.324971667,-0.5041372984092858,0.5041372984092858,0.5877526775549149,FALSE,FALSE
1982-09-17,King_Haakon,4.528923561,-0.3031603744851763,0.3031603744851763,0.5877526775549149,FALSE,FALSE
1982-09-19,King_Haakon,4.524494653,-0.3091031839570686,0.3091031839570686,0.5877526775549149,FALSE,FALSE
1982-09-21,King_Haakon,4.458824927,-0.3750368176757189,0.3750368176757189,0.5877526775549149,FALSE,FALSE
1982-09-23,King_Haakon,4.523754308,-0.3093326296769874,0.3093326296769874,0.5877526775549149,FALSE,FALSE
1982-09-25,King_Haakon,4.531132567,-0.3003634233121488,0.3003634233121488,0.5877526775549149,FALSE,FALSE
1982-09-27,King_Haakon,4.515507382,-0.31382107414845084,0.31382107414845084,0.5877526775549149,FALSE,FALSE
1982-09-29,King_Haakon,4.486792344,-0.3400329452587325,0.3400329452587325,0.5877526775549149,FALSE,FALSE
1982-10-01,King_Haakon,4.51366131,-0.31056613371583364,0.31056613371583364,0.5877526775549149,FALSE,FALSE
1982-10-03,King_Haakon,4.40774675,-0.4140291235925888,0.4140291235925888,0.5877526775549149,FALSE,FALSE
1982-10-05,King_Haakon,4.368246407,-0.4514651076780014,0.4514651076780014,0.5877526775549149,FALSE,FALSE
1982-10-07,King_Haakon,4.369526457,-0.4485952121342045,0.4485952121342045,0.5877526775549149,FALSE,FALSE
1982-10-09,King_Haakon,4.389104974,-0.4274622282153242,0.4274622282153242,0.5877526775549149,FALSE,FALSE
1982-10-11,King_Haakon,4.375530529,-0.4389657845225772,0.4389657845225772,0.5877526775549149,FALSE,FALSE
1982-10-13,King_Haakon,4.357247511,-0.45410969165719095,0.45410969165719095,0.5877526775549149,FALSE,FALSE
1982-10-15,King_Haakon,4.35628795,-0.4503101192203838,0.4503101192203838,0.5877526775549149,FALSE,FALSE
1982-10-17,King_Haakon,4.397366587,-0.4023005258133816,0.4023005258133816,0.5877526775549149,FALSE,FALSE
1982-10-19,King_Haakon,4.44242683,-0.3476547348820471,0.3476547348820471,0.5877526775549149,FALSE,FALSE
1982-10-21,King_Haakon,4.448409597,-0.3295329196484351,0.3295329196484351,0.5877526775549149,FALSE,FALSE
1982-10-23,King_Haakon,4.418970492,-0.34467414716676714,0.34467414716676714,0.5877526775549149,FALSE,FALSE
1982-10-25,King_Haakon,4.41426536,-0.33331946718797933,0.33331946718797933,0.5877526775549149,FALSE,FALSE
1982-10-27,King_Haakon,4.433830026,-0.29632994946301316,0.29632994946301316,0.5877526775549149,FALSE,FALSE
1982-10-29,King_Haakon,4.476331723,-0.2354352557428152,0.2354352557428152,0.5877526775549149,FALSE,FALSE
1982-10-31,King_Haakon,4.444825669,-0.2479629017049083,0.2479629017049083,0.5877526775549149,FALSE,FALSE
1982-11-01,King_Haakon,4.227222565,-0.4558815058922008,0.4558815058922008,0.5877526775549149,FALSE,FALSE
1982-11-02,King_Haakon,4.375696453,-0.2975258397504179,0.2975258397504179,0.5877526775549149,FALSE,FALSE
1982-11-04,King_Haakon,4.367479203,-0.28516502173447833,0.28516502173447833,0.5877526775549149,FALSE,FALSE
1982-11-06,King_Haakon,4.314672751,-0.3159362621668107,0.3159362621668107,0.5877526775549149,FALSE,FALSE
1982-11-08,King_Haakon,4.287700036,-0.31897126855713065,0.31897126855713065,0.5877526775549149,FALSE,FALSE
1982-11-10,King_Haakon,4.230288206,-0.3500975394151542,0.3500975394151542,0.5877526775549149,FALSE,FALSE
1982-11-12,King_Haakon,4.241209545,-0.31009713616556756,0.31009713616556756,0.5877526775549149,FALSE,FALSE
1982-11-14,King_Haakon,4.268892482,-0.2500025088033624,0.2500025088033624,0.5877526775549149,FALSE,FALSE
1982-11-16,King_Haakon,4.240944301,-0.24144184561401616,0.24144184561401616,0.5877526775549149,FALSE,FALSE
1982-11-18,King_Haakon,4.210269778,-0.230712545286778,0.230712545286778,0.5877526775549149,FALSE,FALSE
1982-11-20,King_Haakon,4.191468874,-0.20241682151089613,0.20241682151089613,0.5877526775549149,FALSE,FALSE
1982-11-22,King_Haakon,4.116896357,-0.22340208097561745,0.22340208097561745,0.5877526775549149,FALSE,FALSE
1982-11-24,King_Haakon,3.99684752,-0.2825752053701871,0.2825752053701871,0.5877526775549149,FALSE,FALSE
1982-11-26,King_Haakon,3.884749748,-0.3259270984429854,0.3259270984429854,0.5877526775549149,FALSE,FALSE
1982-11-28,King_Haakon,3.797407418,-0.33731706767740866,0.33731706767740866,0.5877526775549149,FALSE,FALSE
1982-11-30,King_Haakon,3.736087046,-0.3165874633873611,0.3165874633873611,0.5877526775549149,FALSE,FALSE
1982-12-01,King_Haakon,3.125972253,-0.883737357772866,0.883737357772866,0.5877526775549149,TRUE,FALSE
1982-12-02,King_Haakon,3.574009278,-0.39162706469989406,0.39162706469989406,0.5877526775549149,FALSE,FALSE
1982-12-04,King_Haakon,3.4713938029999998,-0.4033256077420519,0.4033256077420519,0.5877526775549149,FALSE,FALSE
1982-12-06,King_Haakon,3.399488944,-0.3815441946408846,0.3815441946408846,0.5877526775549149,FALSE,FALSE
1982-12-08,King_Haakon,3.313302354,-0.3723339267949086,0.3723339267949086,0.5877526775549149,FALSE,FALSE
1982-12-10,King_Haakon,3.25888757,-0.32989881971478585,0.32989881971478585,0.5877526775549149,FALSE,FALSE
1982-12-12,King_Haakon,3.208122004,-0.2819794777407356,0.2819794777407356,0.5877526775549149,FALSE,FALSE
1982-12-14,King_Haakon,3.035465064,-0.35371668730805395,0.35371668730805395,0.5877526775549149,FALSE,FALSE
1982-12-16,King_Haakon,2.851613772,-0.43401362085203754,0.43401362085203754,0.5877526775549149,FALSE,FALSE
1982-12-18,King_Haakon,2.729379038,-0.4496595628079816,0.4496595628079816,0.5877526775549149,FALSE,FALSE
1982-12-20,King_Haakon,2.610780581,-0.45823938364605254,0.45823938364605254,0.5877526775549149,FALSE,FALSE
1982-12-22,King_Haakon,2.463766985,-0.4917689064857922,0.4917689064857922,0.5877526775549149,FALSE,FALSE
1982-12-24,King_Haakon,2.358186066,-0.48098610594921887,0.48098610594921887,0.5877526775549149,FALSE,FALSE
1982-12-26,King_Haakon,2.225656181,-0.4949200704921366,0.4949200704921366,0.5877526775549149,FALSE,FALSE
1982-12-28,King_Haakon,2.11137362,-0.4890219555703652,0.4890219555703652,0.5877526775549149,FALSE,FALSE
1982-12-30,King_Haakon,2.012891957,-0.4663856326397062,0.4663856326397062,0.5877526775549149,FALSE,FALSE
1983-01-01,King_Haakon,1.902732633,-0.4551371061559733,0.4551371061559733,0.5877526775549149,FALSE,FALSE
1983-01-03,King_Haakon,1.767147717,-0.46969573633715567,0.46969573633715567,0.5877526775549149,FALSE,FALSE
1983-01-05,King_Haakon,1.674062018,-0.4429040784499658,0.4429040784499658,0.5877526775549149,FALSE,FALSE
1983-01-07,King_Haakon,1.644438086,-0.35459093052328394,0.35459093052328394,0.5877526775549149,FALSE,FALSE
1983-01-09,King_Haakon,1.567607288,-0.31621627358600746,0.31621627358600746,0.5877526775549149,FALSE,FALSE
1983-01-11,King_Haakon,1.508031079,-0.2641100006670223,0.2641100006670223,0.5877526775549149,FALSE,FALSE
1983-01-13,King_Haakon,1.451957163,-0.21281575579521483,0.21281575579521483,0.5877526775549149,FALSE,FALSE
1983-01-15,King_Haakon,1.364701154,-0.1977785573295836,0.1977785573295836,0.5877526775549149,FALSE,FALSE
1983-01-17,King_Haakon,1.328079279,-0.13763324511146147,0.13763324511146147,0.5877526775549149,FALSE,FALSE
1983-01-19,King_Haakon,1.29487741,-0.07986575731307388,0.07986575731307388,0.5877526775549149,FALSE,FALSE
1983-01-21,King_Haakon,1.26750863,-0.02233263155504405,0.02233263155504405,0.5877526775549149,FALSE,FALSE
1983-01-23,King_Haakon,1.197584286,-0.01369214145799269,0.01369214145799269,0.5877526775549149,FALSE,FALSE
1983-01-25,King_Haakon,1.127294016,-0.0120242696425461,0.0120242696425461,0.5877526775549149,FALSE,FALSE
1983-01-27,King_Haakon,1.071720326,-0.00250733164978322,0.00250733164978322,0.5877526775549149,FALSE,FALSE
1983-01-29,King_Haakon,1.059452521,0.04350290952271729,0.04350290952271729,0.5877526775549149,FALSE,FALSE
1983-01-31,King_Haakon,1.015504238,0.05147059446010793,0.05147059446010793,0.5877526775549149,FALSE,FALSE
1983-02-01,King_Haakon,0.932612484,-0.00770035463575768,0.00770035463575768,0.5877526775549149,FALSE,FALSE
1983-02-02,King_Haakon,1.004006942,0.08600270903792429,0.08600270903792429,0.5877526775549149,FALSE,FALSE
1983-02-04,King_Haakon,0.993216712,0.11583085313169984,0.11583085313169984,0.5877526775549149,FALSE,FALSE
1983-02-06,King_Haakon,0.966450349,0.12474734861696946,0.12474734861696946,0.5877526775549149,FALSE,FALSE
1983-02-08,King_Haakon,0.931766625,0.12128609695447425,0.12128609695447425,0.5877526775549149,FALSE,FALSE
1983-02-10,King_Haakon,0.930596629,0.14704149367124564,0.14704149367124564,0.5877526775549149,FALSE,FALSE
1983-02-12,King_Haakon,0.93833916,0.17670331994251998,0.17670331994251998,0.5877526775549149,FALSE,FALSE
1983-02-14,King_Haakon,0.930577607,0.1849945721224645,0.1849945721224645,0.5877526775549149,FALSE,FALSE
1983-02-16,King_Haakon,0.935749697,0.19949258456525265,0.19949258456525265,0.5877526775549149,FALSE,FALSE
1983-02-18,King_Haakon,0.950502014,0.2159835486250543,0.2159835486250543,0.5877526775549149,FALSE,FALSE
1983-02-20,King_Haakon,0.953724219,0.21249673265604163,0.21249673265604163,0.5877526775549149,FALSE,FALSE
1983-02-22,King_Haakon,0.934686811,0.17761037840931737,0.17761037840931737,0.5877526775549149,FALSE,FALSE
1983-02-24,King_Haakon,0.966437964,0.1848185882971609,0.1848185882971609,0.5877526775549149,FALSE,FALSE
1983-02-26,King_Haakon,0.974547667,0.16060923618024223,0.16060923618024223,0.5877526775549149,FALSE,FALSE
1983-02-28,King_Haakon,1.025388774,0.17227458124074302,0.17227458124074302,0.5877526775549149,FALSE,FALSE
1983-03-01,King_Haakon,1.588045878,0.713059853331958,0.713059853331958,0.5877526775549149,TRUE,FALSE
1983-03-02,King_Haakon,1.135299187,0.23707193066084545,0.23707193066084545,0.5877526775549149,FALSE,FALSE
1983-03-04,King_Haakon,1.256890773,0.30853255662273316,0.30853255662273316,0.5877526775549149,FALSE,FALSE
1983-03-06,King_Haakon,1.311687626,0.309085128197752,0.309085128197752,0.5877526775549149,FALSE,FALSE
1983-03-08,King_Haakon,1.377864825,0.31751768275832126,0.31751768275832126,0.5877526775549149,FALSE,FALSE
1983-03-10,King_Haakon,1.387052728,0.2658070153271088,0.2658070153271088,0.5877526775549149,FALSE,FALSE
1983-03-12,King_Haakon,1.416738965,0.23177739462959737,0.23177739462959737,0.5877526775549149,FALSE,FALSE
1983-03-14,King_Haakon,1.49327422,0.24211614339126575,0.24211614339126575,0.5877526775549149,FALSE,FALSE
1983-03-16,King_Haakon,1.529036159,0.20953756633759335,0.20953756633759335,0.5877526775549149,FALSE,FALSE
1983-03-18,King_Haakon,1.555395668,0.1657493401071679,0.1657493401071679,0.5877526775549149,FALSE,FALSE
1983-03-20,King_Haakon,1.59985688,0.13861244441159526,0.13861244441159526,0.5877526775549149,FALSE,FALSE
1983-03-22,King_Haakon,1.633563112,0.09966692967479784,0.09966692967479784,0.5877526775549149,FALSE,FALSE
1983-03-24,King_Haakon,1.681718995,0.07451887627038634,0.07451887627038634,0.5877526775549149,FALSE,FALSE
1983-03-26,King_Haakon,1.707120807,0.0263660115719686,0.0263660115719686,0.5877526775549149,FALSE,FALSE
1983-03-28,King_Haakon,1.695907826,-0.05825093704685025,0.05825093704685025,0.5877526775549149,FALSE,FALSE
1983-03-30,King_Haakon,1.702555268,-0.12445530421245832,0.12445530421245832,0.5877526775549149,FALSE,FALSE
1983-04-01,King_Haakon,1.799232986,-0.09975701705102048,0.09975701705102048,0.5877526775549149,FALSE,FALSE
1983-04-03,King_Haakon,1.854238375,-0.11591801031713156,0.11591801031713156,0.5877526775549149,FALSE,FALSE
1983-04-05,King_Haakon,1.93912371,-0.1015561052886107,0.1015561052886107,0.5877526775549149,FALSE,FALSE
1983-04-07,King_Haakon,2.006663463,-0.1040669394255298,0.1040669394255298,0.5877526775549149,FALSE,FALSE
1983-04-09,King_Haakon,2.054667906,-0.1258103501879515,0.1258103501879515,0.5877526775549149,FALSE,FALSE
1983-04-11,King_Haakon,2.110908584,-0.13918490203594924,0.13918490203594924,0.5877526775549149,FALSE,FALSE
1983-04-13,King_Haakon,2.14268167,-0.1770521083625951,0.1770521083625951,0.5877526775549149,FALSE,FALSE
1983-04-15,King_Haakon,2.155030244,-0.23437596285376117,0.23437596285376117,0.5877526775549149,FALSE,FALSE
1983-04-17,King_Haakon,2.274587182,-0.18443046904998095,0.18443046904998095,0.5877526775549149,FALSE,FALSE
1983-04-19,King_Haakon,2.33942026,-0.1890529192850483,0.1890529192850483,0.5877526775549149,FALSE,FALSE
1983-04-21,King_Haakon,2.364006093,-0.23367176689276417,0.23367176689276417,0.5877526775549149,FALSE,FALSE
1983-04-23,King_Haakon,2.374523126,-0.29201363520692647,0.29201363520692647,0.5877526775549149,FALSE,FALSE
1983-04-25,King_Haakon,2.432663862,-0.30228916083312285,0.30228916083312285,0.5877526775549149,FALSE,FALSE
1983-04-27,King_Haakon,2.53786003,-0.2648747872655526,0.2648747872655526,0.5877526775549149,FALSE,FALSE
1983-04-29,King_Haakon,2.651730697,-0.21782325676907988,0.21782325676907988,0.5877526775549149,FALSE,FALSE
1983-05-01,King_Haakon,2.743228264,-0.1918434284378745,0.1918434284378745,0.5877526775549149,FALSE,FALSE
1983-05-03,King_Haakon,2.833746486,-0.1652028073661009,0.1652028073661009,0.5877526775549149,FALSE,FALSE
1983-05-05,King_Haakon,2.857330765,-0.20351725164792445,0.20351725164792445,0.5877526775549149,FALSE,FALSE
1983-05-07,King_Haakon,2.812434228,-0.30799491555193015,0.30799491555193015,0.5877526775549149,FALSE,FALSE
1983-05-09,King_Haakon,2.937474002,-0.2399587195229285,0.2399587195229285,0.5877526775549149,FALSE,FALSE
1983-05-11,King_Haakon,2.971744146,-0.2601110847561072,0.2601110847561072,0.5877526775549149,FALSE,FALSE
1983-05-13,King_Haakon,3.028603863,-0.2551413854474469,0.2551413854474469,0.5877526775549149,FALSE,FALSE
1983-05-15,King_Haakon,3.07754713,-0.2556042217929333,0.2556042217929333,0.5877526775549149,FALSE,FALSE
1983-05-17,King_Haakon,3.160442886,-0.21967923198855033,0.21967923198855033,0.5877526775549149,FALSE,FALSE
1983-05-19,King_Haakon,3.230781333,-0.19392479123028128,0.19392479123028128,0.5877526775549149,FALSE,FALSE
1983-05-21,King_Haakon,3.269488507,-0.19749855009217843,0.19749855009217843,0.5877526775549149,FALSE,FALSE
1983-05-23,King_Haakon,3.308939095,-0.19839008534513347,0.19839008534513347,0.5877526775549149,FALSE,FALSE
1983-05-25,King_Haakon,3.381469328,-0.16476194269720157,0.16476194269720157,0.5877526775549149,FALSE,FALSE
1983-05-27,King_Haakon,3.429751135,-0.15444181633439502,0.15444181633439502,0.5877526775549149,FALSE,FALSE
1983-05-29,King_Haakon,3.419301388,-0.20241245744272615,0.20241245744272615,0.5877526775549149,FALSE,FALSE
1983-05-31,King_Haakon,3.441022896,-0.21827068020820528,0.21827068020820528,0.5877526775549149,FALSE,FALSE
1983-06-01,King_Haakon,3.912389587,0.2341279494169961,0.2341279494169961,0.5877526775549149,FALSE,FALSE
1983-06-02,King_Haakon,3.486828728,-0.21058918646412028,0.21058918646412028,0.5877526775549149,FALSE,FALSE
1983-06-04,King_Haakon,3.49160868,-0.2446179905537611,0.2446179905537611,0.5877526775549149,FALSE,FALSE
1983-06-06,King_Haakon,3.580099332,-0.1953984452502211,0.1953984452502211,0.5877526775549149,FALSE,FALSE
1983-06-08,King_Haakon,3.644295512,-0.17069661753850296,0.17069661753850296,0.5877526775549149,FALSE,FALSE
1983-06-10,King_Haakon,3.755211672,-0.09925895040363608,0.09925895040363608,0.5877526775549149,FALSE,FALSE
1983-06-12,King_Haakon,3.818418788,-0.07527536283063041,0.07527536283063041,0.5877526775549149,FALSE,FALSE
1983-06-14,King_Haakon,3.766006902,-0.16641682775529842,0.16641682775529842,0.5877526775549149,FALSE,FALSE
1983-06-16,King_Haakon,3.754507839,-0.2159416608055542,0.2159416608055542,0.5877526775549149,FALSE,FALSE
1983-06-18,King_Haakon,3.811283577,-0.19634492425626424,0.19634492425626424,0.5877526775549149,FALSE,FALSE
1983-06-20,King_Haakon,3.885025732,-0.15880139899454537,0.15880139899454537,0.5877526775549149,FALSE,FALSE
1983-06-22,King_Haakon,3.857118166,-0.22179361990751945,0.22179361990751945,0.5877526775549149,FALSE,FALSE
1983-06-24,King_Haakon,3.873387144,-0.23936171888230584,0.23936171888230584,0.5877526775549149,FALSE,FALSE
1983-06-26,King_Haakon,3.972635402,-0.1725693568060267,0.1725693568060267,0.5877526775549149,FALSE,FALSE
1983-06-28,King_Haakon,4.016594788,-0.1596012081824556,0.1596012081824556,0.5877526775549149,FALSE,FALSE
1983-06-30,King_Haakon,3.964253764,-0.24165932180153105,0.24165932180153105,0.5877526775549149,FALSE,FALSE
1983-07-01,King_Haakon,4.462207744,0.24182528142300977,0.24182528142300977,0.5877526775549149,FALSE,FALSE
1983-07-02,King_Haakon,4.04318731,-0.19145237266347248,0.19145237266347248,0.5877526775549149,FALSE,FALSE
1983-07-04,King_Haakon,4.091274564,-0.1713849547707662,0.1713849547707662,0.5877526775549149,FALSE,FALSE
1983-07-06,King_Haakon,4.150020375,-0.14023595112588527,0.14023595112588527,0.5877526775549149,FALSE,FALSE
1983-07-08,King_Haakon,4.199865232,-0.11784860473130898,0.11784860473130898,0.5877526775549149,FALSE,FALSE
1983-07-10,King_Haakon,4.214262123,-0.13103555612060713,0.13103555612060713,0.5877526775549149,FALSE,FALSE
1983-07-12,King_Haakon,4.29756988,-0.07543638533701813,0.07543638533701813,0.5877526775549149,FALSE,FALSE
1983-07-14,King_Haakon,4.342047951,-0.05858621115276197,0.05858621115276197,0.5877526775549149,FALSE,FALSE
1983-07-16,King_Haakon,4.334872366,-0.09309843296613884,0.09309843296613884,0.5877526775549149,FALSE,FALSE
1983-07-18,King_Haakon,4.261790035,-0.1930155701754588,0.1930155701754588,0.5877526775549149,FALSE,FALSE
1983-07-20,King_Haakon,4.247096404,-0.23383160617902732,0.23383160617902732,0.5877526775549149,FALSE,FALSE
1983-07-22,King_Haakon,4.401465724,-0.1046627210844191,0.1046627210844191,0.5877526775549149,FALSE,FALSE
1983-07-24,King_Haakon,4.448761258,-0.08150747505213829,0.08150747505213829,0.5877526775549149,FALSE,FALSE
1983-07-26,King_Haakon,4.561582147,0.00825376059837879,0.00825376059837879,0.5877526775549149,FALSE,FALSE
1983-07-28,King_Haakon,4.628573304,0.05327539385342295,0.05327539385342295,0.5877526775549149,FALSE,FALSE
1983-07-30,King_Haakon,4.690069886,0.09390207669928596,0.09390207669928596,0.5877526775549149,FALSE,FALSE
1983-08-01,King_Haakon,4.726149665,0.11022107612225972,0.11022107612225972,0.5877526775549149,FALSE,FALSE
1983-08-03,King_Haakon,4.645807048,0.01123629428233563,0.01123629428233563,0.5877526775549149,FALSE,FALSE
1983-08-05,King_Haakon,4.642387355,-0.00966178038331389,0.00966178038331389,0.5877526775549149,FALSE,FALSE
1983-08-07,King_Haakon,4.672848342,0.0046652790849313,0.0046652790849313,0.5877526775549149,FALSE,FALSE
1983-08-09,King_Haakon,4.610474942,-0.07228475565411241,0.07228475565411241,0.5877526775549149,FALSE,FALSE
1983-08-11,King_Haakon,4.572244645,-0.1233215559416374,0.1233215559416374,0.5877526775549149,FALSE,FALSE
1983-08-13,King_Haakon,4.557590074,-0.14879966011883017,0.14879966011883017,0.5877526775549149,FALSE,FALSE
1983-08-15,King_Haakon,4.602665191,-0.11235226752687576,0.11235226752687576,0.5877526775549149,FALSE,FALSE
1983-08-17,King_Haakon,4.623239564,-0.0980622803778708,0.0980622803778708,0.5877526775549149,FALSE,FALSE
1983-08-19,King_Haakon,4.678025967,-0.04768966343471703,0.04768966343471703,0.5877526775549149,FALSE,FALSE
1983-08-21,King_Haakon,4.792859345,0.06378502551093312,0.06378502551093312,0.5877526775549149,FALSE,FALSE
1983-08-23,King_Haakon,4.89427849,0.1620814650269038,0.1620814650269038,0.5877526775549149,FALSE,FALSE
1983-08-25,King_Haakon,4.960798529,0.22489566868102084,0.22489566868102084,0.5877526775549149,FALSE,FALSE
1983-08-27,King_Haakon,5.024986981,0.28397604204110216,0.28397604204110216,0.5877526775549149,FALSE,FALSE
1983-08-29,King_Haakon,5.037503711,0.28918469648735545,0.28918469648735545,0.5877526775549149,FALSE,FALSE
1983-08-31,King_Haakon,5.044354545,0.28642591398500983,0.28642591398500983,0.5877526775549149,FALSE,FALSE
1983-09-01,King_Haakon,5.062541734,0.2991709280342043,0.2991709280342043,0.5877526775549149,FALSE,FALSE
1983-09-02,King_Haakon,5.040119654,0.2710119666105477,0.2710119666105477,0.5877526775549149,FALSE,FALSE
1983-09-04,King_Haakon,5.053266175,0.2721912193254079,0.2721912193254079,0.5877526775549149,FALSE,FALSE
1983-09-06,King_Haakon,5.038126194,0.24507698609102757,0.24507698609102757,0.5877526775549149,FALSE,FALSE
1983-09-08,King_Haakon,5.02245307,0.21820385386884664,0.21820385386884664,0.5877526775549149,FALSE,FALSE
1983-09-10,King_Haakon,5.001102998,0.18720881163106284,0.18720881163106284,0.5877526775549149,FALSE,FALSE
1983-09-12,King_Haakon,5.032918975,0.21147369457309304,0.21147369457309304,0.5877526775549149,FALSE,FALSE
1983-09-14,King_Haakon,4.998997382,0.17198976324602366,0.17198976324602366,0.5877526775549149,FALSE,FALSE
1983-09-16,King_Haakon,5.019837671,0.18904539479909488,0.18904539479909488,0.5877526775549149,FALSE,FALSE
1983-09-18,King_Haakon,5.103985109,0.2709747813815495,0.2709747813815495,0.5877526775549149,FALSE,FALSE
1983-09-20,King_Haakon,5.090842433,0.25696958514262214,0.25696958514262214,0.5877526775549149,FALSE,FALSE
1983-09-22,King_Haakon,4.862274232,0.02868332023155773,0.02868332023155773,0.5877526775549149,FALSE,FALSE
1983-09-24,King_Haakon,4.770054086,-0.0623245109739754,0.0623245109739754,0.5877526775549149,FALSE,FALSE
1983-09-26,King_Haakon,4.702900746,-0.12756849095060296,0.12756849095060296,0.5877526775549149,FALSE,FALSE
1983-09-28,King_Haakon,4.718489253,-0.1096145141647904,0.1096145141647904,0.5877526775549149,FALSE,FALSE
1983-09-30,King_Haakon,4.694375901,-0.131147240689379,0.131147240689379,0.5877526775549149,FALSE,FALSE
1983-10-01,King_Haakon,4.67631612,-0.14791132371583338,0.14791132371583338,0.5877526775549149,FALSE,FALSE
1983-10-02,King_Haakon,4.595061455,-0.22790685959720136,0.22790685959720136,0.5877526775549149,FALSE,FALSE
1983-10-04,King_Haakon,4.501744864,-0.31893537596109844,0.31893537596109844,0.5877526775549149,FALSE,FALSE
1983-10-06,King_Haakon,4.502011057,-0.3168666250530654,0.3168666250530654,0.5877526775549149,FALSE,FALSE
1983-10-08,King_Haakon,4.480059962,-0.33731453887157326,0.33731453887157326,0.5877526775549149,FALSE,FALSE
1983-10-10,King_Haakon,4.514031719,-0.30159907911560513,0.30159907911560513,0.5877526775549149,FALSE,FALSE
1983-10-12,King_Haakon,4.554926326,-0.2581684473863879,0.2581684473863879,0.5877526775549149,FALSE,FALSE
1983-10-14,King_Haakon,4.576197609,-0.233017017285138,0.233017017285138,0.5877526775549149,FALSE,FALSE
1983-10-16,King_Haakon,4.685082596,-0.11835596041308084,0.11835596041308084,0.5877526775549149,FALSE,FALSE
1983-10-18,King_Haakon,4.800334007,0.00511650857884049,0.00511650857884049,0.5877526775549149,FALSE,FALSE
1983-10-20,King_Haakon,4.740264411,-0.04404228934318244,0.04404228934318244,0.5877526775549149,FALSE,FALSE
1983-10-22,King_Haakon,4.672143954,-0.09889467164167344,0.09889467164167344,0.5877526775549149,FALSE,FALSE
1983-10-24,King_Haakon,4.655264369,-0.10054580006758052,0.10054580006758052,0.5877526775549149,FALSE,FALSE
1983-10-26,King_Haakon,4.716526106,-0.02249211937183393,0.02249211937183393,0.5877526775549149,FALSE,FALSE
1983-10-28,King_Haakon,4.694284043,-0.02677564630538409,0.02677564630538409,0.5877526775549149,FALSE,FALSE
1983-10-30,King_Haakon,4.614347177,-0.08798427861917002,0.08798427861917002,0.5877526775549149,FALSE,FALSE
1983-11-01,King_Haakon,4.630152182,-0.05295188889220093,0.05295188889220093,0.5877526775549149,FALSE,FALSE
1983-11-03,King_Haakon,4.625382041,-0.03770552609327016,0.03770552609327016,0.5877526775549149,FALSE,FALSE
1983-11-05,King_Haakon,4.615915704,-0.02592089248775231,0.02592089248775231,0.5877526775549149,FALSE,FALSE
1983-11-07,King_Haakon,4.608786268,-0.0101195375853651,0.0101195375853651,0.5877526775549149,FALSE,FALSE
1983-11-09,King_Haakon,4.655450045,0.06160020410417832,0.06160020410417832,0.5877526775549149,FALSE,FALSE
1983-11-11,King_Haakon,4.705883967,0.13966061807115615,0.13966061807115615,0.5877526775549149,FALSE,FALSE
1983-11-13,King_Haakon,4.694538435,0.15897531886906613,0.15897531886906613,0.5877526775549149,FALSE,FALSE
1983-11-15,King_Haakon,4.647868178,0.14666560098099612,0.14666560098099612,0.5877526775549149,FALSE,FALSE
1983-11-17,King_Haakon,4.579389452,0.11704348057544411,0.11704348057544411,0.5877526775549149,FALSE,FALSE
1983-11-19,King_Haakon,4.548414165,0.13021869096316063,0.13021869096316063,0.5877526775549149,FALSE,FALSE
1983-11-21,King_Haakon,4.459424359,0.09147109945489706,0.09147109945489706,0.5877526775549149,FALSE,FALSE
1983-11-23,King_Haakon,4.476668407,0.16584690436140903,0.16584690436140903,0.5877526775549149,FALSE,FALSE
1983-11-25,King_Haakon,4.424099503,0.17807977734810443,0.17807977734810443,0.5877526775549149,FALSE,FALSE
1983-11-27,King_Haakon,4.294021558,0.1204893509288043,0.1204893509288043,0.5877526775549149,FALSE,FALSE
1983-11-29,King_Haakon,4.233696634,0.13930427359749586,0.13930427359749586,0.5877526775549149,FALSE,FALSE
1983-12-01,King_Haakon,4.15498758,0.1452779692271342,0.1452779692271342,0.5877526775549149,FALSE,FALSE
1983-12-03,King_Haakon,4.020438646,0.09984526269067118,0.09984526269067118,0.5877526775549149,FALSE,FALSE
1983-12-05,King_Haakon,3.835867631,0.00771452786105708,0.00771452786105708,0.5877526775549149,FALSE,FALSE
1983-12-07,King_Haakon,3.671224693,-0.06227334123871797,0.06227334123871797,0.5877526775549149,FALSE,FALSE
1983-12-09,King_Haakon,3.565798815,-0.07161690951879551,0.07161690951879551,0.5877526775549149,FALSE,FALSE
1983-12-11,King_Haakon,3.515918305,-0.02377999568729549,0.02377999568729549,0.5877526775549149,FALSE,FALSE
1983-12-13,King_Haakon,3.481387165,0.04144120782048288,0.04144120782048288,0.5877526775549149,FALSE,FALSE
1983-12-15,King_Haakon,3.399860565,0.06210167656924348,0.06210167656924348,0.5877526775549149,FALSE,FALSE
1983-12-17,King_Haakon,3.287095683,0.05435839412369114,0.05435839412369114,0.5877526775549149,FALSE,FALSE
1983-12-19,King_Haakon,3.118348001,-0.00613335195146902,0.00613335195146902,0.5877526775549149,FALSE,FALSE
1983-12-21,King_Haakon,3.056080712,0.0434023627960487,0.0434023627960487,0.5877526775549149,FALSE,FALSE
1983-12-23,King_Haakon,2.887724435,-0.00994908717355524,0.00994908717355524,0.5877526775549149,FALSE,FALSE
1983-12-25,King_Haakon,2.702920501,-0.07719227049475341,0.07719227049475341,0.5877526775549149,FALSE,FALSE
1983-12-27,King_Haakon,2.596443506,-0.06420003662334794,0.06420003662334794,0.5877526775549149,FALSE,FALSE
1983-12-29,King_Haakon,2.505160084,-0.03475319701515644,0.03475319701515644,0.5877526775549149,FALSE,FALSE
1983-12-31,King_Haakon,2.33993868,-0.0786307521259837,0.0786307521259837,0.5877526775549149,FALSE,FALSE
1984-01-01,King_Haakon,1.763935293,-0.5939344461559732,0.5939344461559732,0.5877526775549149,TRUE,FALSE
1984-01-02,King_Haakon,2.219017739,-0.07824470038191578,0.07824470038191578,0.5877526775549149,FALSE,FALSE
1984-01-04,King_Haakon,2.172584379,-0.00412732052530095,0.00412732052530095,0.5877526775549149,FALSE,FALSE
1984-01-06,King_Haakon,2.096208767,0.03850320438524513,0.03850320438524513,0.5877526775549149,FALSE,FALSE
1984-01-08,King_Haakon,2.000686074,0.05965069732083328,0.05965069732083328,0.5877526775549149,FALSE,FALSE
1984-01-10,King_Haakon,1.915095897,0.08760340725257687,0.08760340725257687,0.5877526775549149,FALSE,FALSE
1984-01-12,King_Haakon,1.861242734,0.14337448415158494,0.14337448415158494,0.5877526775549149,FALSE,FALSE
1984-01-14,King_Haakon,1.746784415,0.13383118009789818,0.13383118009789818,0.5877526775549149,FALSE,FALSE
1984-01-16,King_Haakon,1.626023501,0.11263526079315513,0.11263526079315513,0.5877526775549149,FALSE,FALSE
1984-01-18,King_Haakon,1.515305124,0.09581885837898851,0.09581885837898851,0.5877526775549149,FALSE,FALSE
1984-01-20,King_Haakon,1.354243004,0.02272607223477463,0.02272607223477463,0.5877526775549149,FALSE,FALSE
1984-01-22,King_Haakon,1.156606425,-0.09314343426010718,0.09314343426010718,0.5877526775549149,FALSE,FALSE
1984-01-24,King_Haakon,1.068281267,-0.10617340172628054,0.10617340172628054,0.5877526775549149,FALSE,FALSE
1984-01-26,King_Haakon,1.006247154,-0.09965382678436696,0.09965382678436696,0.5877526775549149,FALSE,FALSE
1984-01-28,King_Haakon,0.933737594,-0.1105260607294235,0.1105260607294235,0.5877526775549149,FALSE,FALSE
1984-01-30,King_Haakon,0.924367405,-0.06485868278391915,0.06485868278391915,0.5877526775549149,FALSE,FALSE
1984-02-01,King_Haakon,0.913101537,-0.02721130163575769,0.02721130163575769,0.5877526775549149,FALSE,FALSE
1984-02-03,King_Haakon,0.856276643,-0.0407717434094037,0.0407717434094037,0.5877526775549149,FALSE,FALSE
1984-02-05,King_Haakon,0.844734891,-0.01422231922932382,0.01422231922932382,0.5877526775549149,FALSE,FALSE
1984-02-07,King_Haakon,0.811872359,-0.01369143021998131,0.01369143021998131,0.5877526775549149,FALSE,FALSE
1984-02-09,King_Haakon,0.772316124,-0.02412972004681646,0.02412972004681646,0.5877526775549149,FALSE,FALSE
1984-02-11,King_Haakon,0.742148448,-0.02976750297206498,0.02976750297206498,0.5877526775549149,FALSE,FALSE
1984-02-13,King_Haakon,0.723469032,-0.02935331966572818,0.02935331966572818,0.5877526775549149,FALSE,FALSE
1984-02-15,King_Haakon,0.702668301,-0.03735713777363281,0.03735713777363281,0.5877526775549149,FALSE,FALSE
1984-02-17,King_Haakon,0.713071551,-0.0213140539416089,0.0213140539416089,0.5877526775549149,FALSE,FALSE
1984-02-19,King_Haakon,0.693404795,-0.04335844781548559,0.04335844781548559,0.5877526775549149,FALSE,FALSE
1984-02-21,King_Haakon,0.702502982,-0.04550533515582256,0.04550533515582256,0.5877526775549149,FALSE,FALSE
1984-02-23,King_Haakon,0.72441164,-0.0439067873222797,0.0439067873222797,0.5877526775549149,FALSE,FALSE
1984-02-25,King_Haakon,0.714214574,-0.08264977808458951,0.08264977808458951,0.5877526775549149,FALSE,FALSE
1984-02-27,King_Haakon,0.781806412,-0.05092027426057088,0.05092027426057088,0.5877526775549149,FALSE,FALSE
1984-03-01,King_Haakon,1.392038251,0.49381099466084544,0.49381099466084544,0.5877526775549149,FALSE,FALSE
1984-03-02,King_Haakon,0.960141253,0.03741829087518,0.03741829087518,0.5877526775549149,FALSE,FALSE
1984-03-04,King_Haakon,1.062982329,0.0879642315688367,0.0879642315688367,0.5877526775549149,FALSE,FALSE
1984-03-06,King_Haakon,1.135079429,0.10401988964735076,0.10401988964735076,0.5877526775549149,FALSE,FALSE
1984-03-08,King_Haakon,1.172005302,0.08158207537134565,0.08158207537134565,0.5877526775549149,FALSE,FALSE
1984-03-10,King_Haakon,1.202131738,0.04935921746629801,0.04935921746629801,0.5877526775549149,FALSE,FALSE
1984-03-12,King_Haakon,1.26055484,0.04278405765769189,0.04278405765769189,0.5877526775549149,FALSE,FALSE
1984-03-14,King_Haakon,1.315349092,0.03026771867100497,0.03026771867100497,0.5877526775549149,FALSE,FALSE
1984-03-16,King_Haakon,1.388966707,0.03459905223171788,0.03459905223171788,0.5877526775549149,FALSE,FALSE
1984-03-18,King_Haakon,1.384572848,-0.0407157382746155,0.0407157382746155,0.5877526775549149,FALSE,FALSE
1984-03-20,King_Haakon,1.395735727,-0.10172796766250114,0.10172796766250114,0.5877526775549149,FALSE,FALSE
1984-03-22,King_Haakon,1.370668062,-0.19982365540480584,0.19982365540480584,0.5877526775549149,FALSE,FALSE
1984-03-24,King_Haakon,1.433715756,-0.2102554491279209,0.2102554491279209,0.5877526775549149,FALSE,FALSE
1984-03-26,King_Haakon,1.587598171,-0.12990253745824076,0.12990253745824076,0.5877526775549149,FALSE,FALSE
1984-03-28,King_Haakon,1.61788707,-0.1727917080221557,0.1727917080221557,0.5877526775549149,FALSE,FALSE
1984-03-30,King_Haakon,1.663769681,-0.19934286460120676,0.19934286460120676,0.5877526775549149,FALSE,FALSE
1984-04-01,King_Haakon,1.729162235,-0.20550196006215837,0.20550196006215837,0.5877526775549149,FALSE,FALSE
1984-04-03,King_Haakon,1.845019639,-0.16046819849844574,0.16046819849844574,0.5877526775549149,FALSE,FALSE
1984-04-05,King_Haakon,1.913508271,-0.16224531137013765,0.16224531137013765,0.5877526775549149,FALSE,FALSE
1984-04-07,King_Haakon,2.029913306,-0.115718233137299,0.115718233137299,0.5877526775549149,FALSE,FALSE
1984-04-09,King_Haakon,2.026037469,-0.18925434826000087,0.18925434826000087,0.5877526775549149,FALSE,FALSE
1984-04-11,King_Haakon,2.064955187,-0.21994917415209603,0.21994917415209603,0.5877526775549149,FALSE,FALSE
1984-04-13,King_Haakon,2.027715361,-0.3268563214159097,0.3268563214159097,0.5877526775549149,FALSE,FALSE
1984-04-15,King_Haakon,2.088246493,-0.3359789922178762,0.3359789922178762,0.5877526775549149,FALSE,FALSE
1984-04-17,King_Haakon,2.188719524,-0.3050513138917963,0.3050513138917963,0.5877526775549149,FALSE,FALSE
1984-04-19,King_Haakon,2.316211116,-0.24690169277146223,0.24690169277146223,0.5877526775549149,FALSE,FALSE
1984-04-21,King_Haakon,2.405902522,-0.226253944190677,0.226253944190677,0.5877526775549149,FALSE,FALSE
1984-04-23,King_Haakon,2.533944905,-0.16686197348323617,0.16686197348323617,0.5877526775549149,FALSE,FALSE
1984-04-25,King_Haakon,2.728862793,-0.04008028804633623,0.04008028804633623,0.5877526775549149,FALSE,FALSE
1984-04-27,King_Haakon,2.806450711,-0.02983517800254498,0.02983517800254498,0.5877526775549149,FALSE,FALSE
1984-04-29,King_Haakon,2.872912477,-0.02958419207693552,0.02958419207693552,0.5877526775549149,FALSE,FALSE
1984-05-01,King_Haakon,2.856852818,-0.11038386336367356,0.11038386336367356,0.5877526775549149,FALSE,FALSE
1984-05-03,King_Haakon,2.831752032,-0.19841515395692788,0.19841515395692788,0.5877526775549149,FALSE,FALSE
1984-05-05,King_Haakon,2.87195511,-0.21899433295086457,0.21899433295086457,0.5877526775549149,FALSE,FALSE
1984-05-07,King_Haakon,2.909404434,-0.23985216820440547,0.23985216820440547,0.5877526775549149,FALSE,FALSE
1984-05-09,King_Haakon,3.017945505,-0.18701806865699533,0.18701806865699533,0.5877526775549149,FALSE,FALSE
1984-05-11,King_Haakon,3.182526497,-0.07558726796975757,0.07558726796975757,0.5877526775549149,FALSE,FALSE
1984-05-13,King_Haakon,3.257534697,-0.05122105633867369,0.05122105633867369,0.5877526775549149,FALSE,FALSE
1984-05-15,King_Haakon,3.301856054,-0.05508206195972809,0.05508206195972809,0.5877526775549149,FALSE,FALSE
1984-05-17,King_Haakon,3.371263796,-0.03144563402890288,0.03144563402890288,0.5877526775549149,FALSE,FALSE
1984-05-19,King_Haakon,3.421045086,-0.02507476488224203,0.02507476488224203,0.5877526775549149,FALSE,FALSE
1984-05-21,King_Haakon,3.458009583,-0.02935976628039283,0.02935976628039283,0.5877526775549149,FALSE,FALSE
1984-05-23,King_Haakon,3.463609297,-0.06331970618465288,0.06331970618465288,0.5877526775549149,FALSE,FALSE
1984-05-25,King_Haakon,3.455552571,-0.10974586478103232,0.10974586478103232,0.5877526775549149,FALSE,FALSE
1984-05-27,King_Haakon,3.485637911,-0.11733935925554297,0.11733935925554297,0.5877526775549149,FALSE,FALSE
1984-05-29,King_Haakon,3.551150173,-0.08931495679419443,0.08931495679419443,0.5877526775549149,FALSE,FALSE
1984-05-31,King_Haakon,3.638894242,-0.03936739558300362,0.03936739558300362,0.5877526775549149,FALSE,FALSE
1984-06-01,King_Haakon,4.088333964,0.3909160495358801,0.3909160495358801,0.5877526775549149,FALSE,FALSE
1984-06-02,King_Haakon,3.714961803,-0.00178775161965294,0.00178775161965294,0.5877526775549149,FALSE,FALSE
1984-06-04,King_Haakon,3.796924358,0.04110498386042405,0.04110498386042405,0.5877526775549149,FALSE,FALSE
1984-06-06,King_Haakon,3.816421815,0.02118982324118201,0.02118982324118201,0.5877526775549149,FALSE,FALSE
1984-06-08,King_Haakon,3.891098495,0.05635019253760021,0.05635019253760021,0.5877526775549149,FALSE,FALSE
1984-06-10,King_Haakon,3.917494974,0.04336577276466258,0.04336577276466258,0.5877526775549149,FALSE,FALSE
1984-06-12,King_Haakon,3.957584576,0.04444899293735371,0.04444899293735371,0.5877526775549149,FALSE,FALSE
1984-06-14,King_Haakon,3.991321566,0.03978745533918237,0.03978745533918237,0.5877526775549149,FALSE,FALSE
1984-06-16,King_Haakon,4.013550479,0.02439728219959081,0.02439728219959081,0.5877526775549149,FALSE,FALSE
1984-06-18,King_Haakon,4.028088664,0.0022299512159849,0.0022299512159849,0.5877526775549149,FALSE,FALSE
1984-06-20,King_Haakon,4.062331905,8.148495012489931e-4,8.148495012489931e-4,0.5877526775549149,FALSE,FALSE
1984-06-22,King_Haakon,4.098151602,0.00215698016825793,0.00215698016825793,0.5877526775549149,FALSE,FALSE
1984-06-24,King_Haakon,4.112389866,-0.01676794267010439,0.01676794267010439,0.5877526775549149,FALSE,FALSE
1984-06-26,King_Haakon,4.103541239,-0.0573361113382207,0.0573361113382207,0.5877526775549149,FALSE,FALSE
1984-06-28,King_Haakon,4.126243828,-0.06495225783678915,0.06495225783678915,0.5877526775549149,FALSE,FALSE
1984-06-30,King_Haakon,4.192993025,-0.02738943757699008,0.02738943757699008,0.5877526775549149,FALSE,FALSE
1984-07-01,King_Haakon,4.617740914,0.38310123133652674,0.38310123133652674,0.5877526775549149,FALSE,FALSE
1984-07-02,King_Haakon,4.309276563,0.06055635043870389,0.06055635043870389,0.5877526775549149,FALSE,FALSE
1984-07-04,King_Haakon,4.376143351,0.09965028320780787,0.09965028320780787,0.5877526775549149,FALSE,FALSE
1984-07-06,King_Haakon,4.445402507,0.14141774672784724,0.14141774672784724,0.5877526775549149,FALSE,FALSE
1984-07-08,King_Haakon,4.386851668,0.05537273719982316,0.05537273719982316,0.5877526775549149,FALSE,FALSE
1984-07-10,King_Haakon,4.430126546,0.07097764825870811,0.07097764825870811,0.5877526775549149,FALSE,FALSE
1984-07-12,King_Haakon,4.4964124,0.10956893941741797,0.10956893941741797,0.5877526775549149,FALSE,FALSE
1984-07-14,King_Haakon,4.480653895,0.06630184627764812,0.06630184627764812,0.5877526775549149,FALSE,FALSE
1984-07-16,King_Haakon,4.52431998,0.08285588844108993,0.08285588844108993,0.5877526775549149,FALSE,FALSE
1984-07-18,King_Haakon,4.611630737,0.1436617185094322,0.1436617185094322,0.5877526775549149,FALSE,FALSE
1984-07-20,King_Haakon,4.651404883,0.1577486240843724,0.1577486240843724,0.5877526775549149,FALSE,FALSE
1984-07-22,King_Haakon,4.654770759,0.13643768404108503,0.13643768404108503,0.5877526775549149,FALSE,FALSE
1984-07-24,King_Haakon,4.68884982,0.14691558750919853,0.14691558750919853,0.5877526775549149,FALSE,FALSE
1984-07-26,King_Haakon,4.693728289,0.12927828108869122,0.12927828108869122,0.5877526775549149,FALSE,FALSE
1984-07-28,King_Haakon,4.7132734,0.12740249376585755,0.12740249376585755,0.5877526775549149,FALSE,FALSE
1984-07-30,King_Haakon,4.753053685,0.1468662525269897,0.1468662525269897,0.5877526775549149,FALSE,FALSE
1984-08-01,King_Haakon,4.780845935,0.15545584335838036,0.15545584335838036,0.5877526775549149,FALSE,FALSE
1984-08-03,King_Haakon,4.76247966,0.11901496109894973,0.11901496109894973,0.5877526775549149,FALSE,FALSE
1984-08-05,King_Haakon,4.720305497,0.06000803866789628,0.06000803866789628,0.5877526775549149,FALSE,FALSE
1984-08-07,King_Haakon,4.798649503,0.12297015870014504,0.12297015870014504,0.5877526775549149,FALSE,FALSE
1984-08-09,King_Haakon,4.832379472,0.1429819538545107,0.1429819538545107,0.5877526775549149,FALSE,FALSE
1984-08-11,King_Haakon,4.813511661,0.11227251978979869,0.11227251978979869,0.5877526775549149,FALSE,FALSE
1984-08-13,King_Haakon,4.817026586,0.10603521116482728,0.10603521116482728,0.5877526775549149,FALSE,FALSE
1984-08-15,King_Haakon,4.881553901,0.1631105839740421,0.1631105839740421,0.5877526775549149,FALSE,FALSE
1984-08-17,King_Haakon,4.941277344,0.21758552487888227,0.21758552487888227,0.5877526775549149,FALSE,FALSE
1984-08-19,King_Haakon,4.961066708,0.23359104050230428,0.23359104050230428,0.5877526775549149,FALSE,FALSE
1984-08-21,King_Haakon,4.972360294,0.24174631841213845,0.24174631841213845,0.5877526775549149,FALSE,FALSE
1984-08-23,King_Haakon,4.974262828,0.24033697117620537,0.24033697117620537,0.5877526775549149,FALSE,FALSE
1984-08-25,King_Haakon,4.980774708,0.24254428336232703,0.24254428336232703,0.5877526775549149,FALSE,FALSE
1984-08-27,King_Haakon,5.077610335,0.33326354253832857,0.33326354253832857,0.5877526775549149,FALSE,FALSE
1984-08-29,King_Haakon,5.096606203,0.34372738696778615,0.34372738696778615,0.5877526775549149,FALSE,FALSE
1984-08-31,King_Haakon,5.140062323,0.3766915170342049,0.3766915170342049,0.5877526775549149,FALSE,FALSE
1984-09-01,King_Haakon,5.218601004,0.4494933166105479,0.4494933166105479,0.5877526775549149,FALSE,FALSE
1984-09-02,King_Haakon,5.090755074,0.31571345220922264,0.31571345220922264,0.5877526775549149,FALSE,FALSE
1984-09-04,King_Haakon,5.068119978,0.28100994245428534,0.28100994245428534,0.5877526775549149,FALSE,FALSE
1984-09-06,King_Haakon,5.1457716,0.3469767807308237,0.3469767807308237,0.5877526775549149,FALSE,FALSE
1984-09-08,King_Haakon,5.230812293,0.42149754800027406,0.42149754800027406,0.5877526775549149,FALSE,FALSE
1984-09-10,King_Haakon,5.215627077,0.39769555695754377,0.39769555695754377,0.5877526775549149,FALSE,FALSE
1984-09-12,King_Haakon,5.261113715,0.43665186312136584,0.43665186312136584,0.5877526775549149,FALSE,FALSE
1984-09-14,King_Haakon,5.254082808,0.42497384259071413,0.42497384259071413,0.5877526775549149,FALSE,FALSE
1984-09-16,King_Haakon,5.266879816,0.434795880514824,0.434795880514824,0.5877526775549149,FALSE,FALSE
1984-09-18,King_Haakon,5.204992274,0.37139443704293207,0.37139443704293207,0.5877526775549149,FALSE,FALSE
1984-09-20,King_Haakon,5.220710235,0.38684849032428126,0.38684849032428126,0.5877526775549149,FALSE,FALSE
1984-09-22,King_Haakon,5.197148844,0.3640619063230126,0.3640619063230126,0.5877526775549149,FALSE,FALSE
1984-09-24,King_Haakon,5.182980017,0.35148402668785117,0.35148402668785117,0.5877526775549149,FALSE,FALSE
1984-09-26,King_Haakon,5.089658074,0.26032961785154907,0.26032961785154907,0.5877526775549149,FALSE,FALSE
1984-09-28,King_Haakon,4.946523175,0.11969788574126738,0.11969788574126738,0.5877526775549149,FALSE,FALSE
1984-09-30,King_Haakon,4.833314778,0.00908733428416663,0.00908733428416663,0.5877526775549149,FALSE,FALSE
1984-10-01,King_Haakon,4.658395041,-0.16457327359720075,0.16457327359720075,0.5877526775549149,FALSE,FALSE
1984-10-02,King_Haakon,4.759589072,-0.06218680159258927,0.06218680159258927,0.5877526775549149,FALSE,FALSE
1984-10-04,King_Haakon,4.752703884,-0.06700763067800164,0.06700763067800164,0.5877526775549149,FALSE,FALSE
1984-10-06,King_Haakon,4.82796602,0.00984435086579527,0.00984435086579527,0.5877526775549149,FALSE,FALSE
1984-10-08,King_Haakon,4.799791392,-0.01677581021532415,0.01677581021532415,0.5877526775549149,FALSE,FALSE
1984-10-10,King_Haakon,4.740513575,-0.07398273852257731,0.07398273852257731,0.5877526775549149,FALSE,FALSE
1984-10-12,King_Haakon,4.661363574,-0.14999362865719057,0.14999362865719057,0.5877526775549149,FALSE,FALSE
1984-10-14,King_Haakon,4.585303281,-0.2212947882203835,0.2212947882203835,0.5877526775549149,FALSE,FALSE
1984-10-16,King_Haakon,4.5804406,-0.219226512813381,0.219226512813381,0.5877526775549149,FALSE,FALSE
1984-10-18,King_Haakon,4.605188991,-0.1848925738820464,0.1848925738820464,0.5877526775549149,FALSE,FALSE
1984-10-20,King_Haakon,4.589668,-0.18827451664843584,0.18827451664843584,0.5877526775549149,FALSE,FALSE
1984-10-22,King_Haakon,4.592137882,-0.17150675716676655,0.17150675716676655,0.5877526775549149,FALSE,FALSE
1984-10-24,King_Haakon,4.524800059,-0.22278476818797888,0.22278476818797888,0.5877526775549149,FALSE,FALSE
1984-10-26,King_Haakon,4.468158223,-0.2620017524630134,0.2620017524630134,0.5877526775549149,FALSE,FALSE
1984-10-28,King_Haakon,4.418224735,-0.2935422437428157,0.2935422437428157,0.5877526775549149,FALSE,FALSE
1984-10-30,King_Haakon,4.402007407,-0.29078116370490825,0.29078116370490825,0.5877526775549149,FALSE,FALSE
1984-11-01,King_Haakon,4.366557805,-0.30666448775041744,0.30666448775041744,0.5877526775549149,FALSE,FALSE
1984-11-03,King_Haakon,4.389895064,-0.2627491607344785,0.2627491607344785,0.5877526775549149,FALSE,FALSE
1984-11-05,King_Haakon,4.396124127,-0.2344848861668103,0.2344848861668103,0.5877526775549149,FALSE,FALSE
1984-11-07,King_Haakon,4.373772786,-0.23289851855713103,0.23289851855713103,0.5877526775549149,FALSE,FALSE
1984-11-09,King_Haakon,4.370454805,-0.2099309404151546,0.2099309404151546,0.5877526775549149,FALSE,FALSE
1984-11-11,King_Haakon,4.431349686,-0.1199569951655679,0.1199569951655679,0.5877526775549149,FALSE,FALSE
1984-11-13,King_Haakon,4.433359596,-0.08553539480336259,0.08553539480336259,0.5877526775549149,FALSE,FALSE
1984-11-15,King_Haakon,4.397591833,-0.08479431361401613,0.08479431361401613,0.5877526775549149,FALSE,FALSE
1984-11-17,King_Haakon,4.382826831,-0.05815549228677774,0.05815549228677774,0.5877526775549149,FALSE,FALSE
1984-11-19,King_Haakon,4.348926212,-0.04495948351089574,0.04495948351089574,0.5877526775549149,FALSE,FALSE
1984-11-21,King_Haakon,4.310457838,-0.02984059997561772,0.02984059997561772,0.5877526775549149,FALSE,FALSE
1984-11-23,King_Haakon,4.316711009,0.03728828362981229,0.03728828362981229,0.5877526775549149,FALSE,FALSE
1984-11-25,King_Haakon,4.323565767,0.1128889205570145,0.1128889205570145,0.5877526775549149,FALSE,FALSE
1984-11-27,King_Haakon,4.27939474,0.14467025432259106,0.14467025432259106,0.5877526775549149,FALSE,FALSE
1984-11-29,King_Haakon,4.164218261,0.11154375161263896,0.11154375161263896,0.5877526775549149,FALSE,FALSE
1984-12-01,King_Haakon,4.064945119,0.0993087763001057,0.0993087763001057,0.5877526775549149,FALSE,FALSE
1984-12-03,King_Haakon,3.959673647,0.08495423625794807,0.08495423625794807,0.5877526775549149,FALSE,FALSE
1984-12-05,King_Haakon,3.888784605,0.1077514663591157,0.1077514663591157,0.5877526775549149,FALSE,FALSE
1984-12-07,King_Haakon,3.803877202,0.118240921205091,0.118240921205091,0.5877526775549149,FALSE,FALSE
1984-12-09,King_Haakon,3.762662249,0.17387585928521387,0.17387585928521387,0.5877526775549149,FALSE,FALSE
1984-12-11,King_Haakon,3.684581028,0.1944795462592648,0.1944795462592648,0.5877526775549149,FALSE,FALSE
1984-12-13,King_Haakon,3.588867455,0.19968570369194616,0.19968570369194616,0.5877526775549149,FALSE,FALSE
1984-12-15,King_Haakon,3.494735954,0.2091085611479624,0.2091085611479624,0.5877526775549149,FALSE,FALSE
1984-12-17,King_Haakon,3.351214297,0.17217569619201845,0.17217569619201845,0.5877526775549149,FALSE,FALSE
1984-12-19,King_Haakon,3.172326447,0.10330648235394736,0.10330648235394736,0.5877526775549149,FALSE,FALSE
1984-12-21,King_Haakon,3.0746280010000002,0.11909210951420812,0.11909210951420812,0.5877526775549149,FALSE,FALSE
1984-12-23,King_Haakon,2.913237203,0.0740650310507811,0.0740650310507811,0.5877526775549149,FALSE,FALSE
1984-12-25,King_Haakon,2.801488084,0.08091183250786305,0.08091183250786305,0.5877526775549149,FALSE,FALSE
1984-12-27,King_Haakon,2.679997915,0.07960233942963457,0.07960233942963457,0.5877526775549149,FALSE,FALSE
1984-12-29,King_Haakon,2.546309261,0.06703167136029409,0.06703167136029409,0.5877526775549149,FALSE,FALSE
1984-12-31,King_Haakon,2.404942145,0.04707240584402816,0.04707240584402816,0.5877526775549149,FALSE,FALSE
1985-01-01,King_Haakon,1.537874948,-0.8199947911559733,0.8199947911559733,0.5877526775549149,TRUE,FALSE
1985-01-02,King_Haakon,2.158925645,-0.1383367943819156,0.1383367943819156,0.5877526775549149,FALSE,FALSE
1985-01-04,King_Haakon,1.996474142,-0.1802375575253008,0.1802375575253008,0.5877526775549149,FALSE,FALSE
1985-01-06,King_Haakon,1.909391315,-0.14831424761475476,0.14831424761475476,0.5877526775549149,FALSE,FALSE
1985-01-08,King_Haakon,1.842101476,-0.09893390067916652,0.09893390067916652,0.5877526775549149,FALSE,FALSE
1985-01-10,King_Haakon,1.778547172,-0.04894531774742328,0.04894531774742328,0.5877526775549149,FALSE,FALSE
1985-01-12,King_Haakon,1.641247209,-0.07662104084841492,0.07662104084841492,0.5877526775549149,FALSE,FALSE
1985-01-14,King_Haakon,1.484464223,-0.12848901190210182,0.12848901190210182,0.5877526775549149,FALSE,FALSE
1985-01-16,King_Haakon,1.380870728,-0.1325175122068447,0.1325175122068447,0.5877526775549149,FALSE,FALSE
1985-01-18,King_Haakon,1.316402965,-0.10308330062101144,0.10308330062101144,0.5877526775549149,FALSE,FALSE
1985-01-20,King_Haakon,1.277732038,-0.05378489376522544,0.05378489376522544,0.5877526775549149,FALSE,FALSE
1985-01-22,King_Haakon,1.246737302,-0.00301255726010718,0.00301255726010718,0.5877526775549149,FALSE,FALSE
1985-01-24,King_Haakon,1.220985221,0.0465305522737196,0.0465305522737196,0.5877526775549149,FALSE,FALSE
1985-01-26,King_Haakon,1.206442827,0.10054184621563313,0.10054184621563313,0.5877526775549149,FALSE,FALSE
1985-01-28,King_Haakon,1.200637016,0.15637336127057644,0.15637336127057644,0.5877526775549149,FALSE,FALSE
1985-01-30,King_Haakon,1.152283682,0.1630575942160808,0.1630575942160808,0.5877526775549149,FALSE,FALSE
1985-02-01,King_Haakon,1.131678489,0.19136565036424236,0.19136565036424236,0.5877526775549149,FALSE,FALSE
1985-02-03,King_Haakon,1.107727999,0.2106796125905963,0.2106796125905963,0.5877526775549149,FALSE,FALSE
1985-02-05,King_Haakon,1.056037551,0.19708034077067615,0.19708034077067615,0.5877526775549149,FALSE,FALSE
1985-02-07,King_Haakon,1.008407724,0.1828439347800187,0.1828439347800187,0.5877526775549149,FALSE,FALSE
1985-02-09,King_Haakon,0.960065112,0.1636192679531835,0.1636192679531835,0.5877526775549149,FALSE,FALSE
1985-02-11,King_Haakon,0.950565488,0.17864953702793496,0.17864953702793496,0.5877526775549149,FALSE,FALSE
1985-02-13,King_Haakon,0.934147257,0.1813249053342718,0.1813249053342718,0.5877526775549149,FALSE,FALSE
1985-02-15,King_Haakon,0.950041448,0.2100160092263672,0.2100160092263672,0.5877526775549149,FALSE,FALSE
1985-02-17,King_Haakon,0.933055431,0.19866982605839112,0.19866982605839112,0.5877526775549149,FALSE,FALSE
1985-02-19,King_Haakon,0.959774948,0.2230117051845144,0.2230117051845144,0.5877526775549149,FALSE,FALSE
1985-02-21,King_Haakon,1.014643935,0.26663561784417744,0.26663561784417744,0.5877526775549149,FALSE,FALSE
1985-02-23,King_Haakon,1.065574371,0.29725594367772035,0.29725594367772035,0.5877526775549149,FALSE,FALSE
1985-02-25,King_Haakon,1.150119071,0.3532547189154105,0.3532547189154105,0.5877526775549149,FALSE,FALSE
1985-02-27,King_Haakon,1.2201357,0.38740901373942904,0.38740901373942904,0.5877526775549149,FALSE,FALSE
1985-03-01,King_Haakon,1.258963126,0.38397710133195806,0.38397710133195806,0.5877526775549149,FALSE,FALSE
1985-03-03,King_Haakon,1.269279407,0.34655644487518,0.34655644487518,0.5877526775549149,FALSE,FALSE
1985-03-05,King_Haakon,1.366187382,0.3911692845688366,0.3911692845688366,0.5877526775549149,FALSE,FALSE
1985-03-07,King_Haakon,1.426898049,0.3958385096473509,0.3958385096473509,0.5877526775549149,FALSE,FALSE
1985-03-09,King_Haakon,1.525808251,0.4353850243713455,0.4353850243713455,0.5877526775549149,FALSE,FALSE
1985-03-11,King_Haakon,1.574398552,0.42162603146629785,0.42162603146629785,0.5877526775549149,FALSE,FALSE
1985-03-13,King_Haakon,1.60982819,0.3920574076576919,0.3920574076576919,0.5877526775549149,FALSE,FALSE
1985-03-15,King_Haakon,1.641194012,0.35611263867100496,0.35611263867100496,0.5877526775549149,FALSE,FALSE
1985-03-17,King_Haakon,1.68061601,0.3262483552317179,0.3262483552317179,0.5877526775549149,FALSE,FALSE
1985-03-19,King_Haakon,1.731824424,0.3065358377253846,0.3065358377253846,0.5877526775549149,FALSE,FALSE
1985-03-21,King_Haakon,1.763973367,0.2665096723374989,0.2665096723374989,0.5877526775549149,FALSE,FALSE
1985-03-23,King_Haakon,1.810035229,0.23954351159519405,0.23954351159519405,0.5877526775549149,FALSE,FALSE
1985-03-25,King_Haakon,1.883478538,0.23950733287207915,0.23950733287207915,0.5877526775549149,FALSE,FALSE
1985-03-27,King_Haakon,1.909942651,0.19244194254175917,0.19244194254175917,0.5877526775549149,FALSE,FALSE
1985-03-29,King_Haakon,1.966617577,0.17593879897784426,0.17593879897784426,0.5877526775549149,FALSE,FALSE
1985-03-31,King_Haakon,2.008319417,0.1452068713987933,0.1452068713987933,0.5877526775549149,FALSE,FALSE
1985-04-01,King_Haakon,3.016871887,1.1178818839489797,1.1178818839489797,0.5877526775549149,TRUE,FALSE
1985-04-02,King_Haakon,2.03928754,0.10462334493784176,0.10462334493784176,0.5877526775549149,FALSE,FALSE
1985-04-04,King_Haakon,2.02602228,0.02053444250155411,0.02053444250155411,0.5877526775549149,FALSE,FALSE
1985-04-06,King_Haakon,2.142549758,0.06679617562986229,0.06679617562986229,0.5877526775549149,FALSE,FALSE
1985-04-08,King_Haakon,2.264881296,0.1192497568627009,0.1192497568627009,0.5877526775549149,FALSE,FALSE
1985-04-10,King_Haakon,2.3746556,0.1593637827399994,0.1593637827399994,0.5877526775549149,FALSE,FALSE
1985-04-12,King_Haakon,2.54013988,0.2552355188479041,0.2552355188479041,0.5877526775549149,FALSE,FALSE
1985-04-14,King_Haakon,2.645681113,0.29110943058409067,0.29110943058409067,0.5877526775549149,FALSE,FALSE
1985-04-16,King_Haakon,2.725936512,0.3017110267821237,0.3017110267821237,0.5877526775549149,FALSE,FALSE
1985-04-18,King_Haakon,2.839076612,0.3453057741082035,0.3453057741082035,0.5877526775549149,FALSE,FALSE
1985-04-20,King_Haakon,2.982666565,0.4195537562285381,0.4195537562285381,0.5877526775549149,FALSE,FALSE
1985-04-22,King_Haakon,3.053475826,0.4213193598093232,0.4213193598093232,0.5877526775549149,FALSE,FALSE
1985-04-24,King_Haakon,3.107211629,0.40640475051676406,0.40640475051676406,0.5877526775549149,FALSE,FALSE
1985-04-26,King_Haakon,3.153199169,0.38425608795366406,0.38425608795366406,0.5877526775549149,FALSE,FALSE
1985-04-28,King_Haakon,3.274443356,0.4381574669974549,0.4381574669974549,0.5877526775549149,FALSE,FALSE
1985-04-30,King_Haakon,3.38106257,0.4785659009230647,0.4785659009230647,0.5877526775549149,FALSE,FALSE
1985-05-01,King_Haakon,3.823030209,0.8879585165621258,0.8879585165621258,0.5877526775549149,TRUE,FALSE
1985-05-02,King_Haakon,3.438616835,0.47138015363632624,0.47138015363632624,0.5877526775549149,FALSE,FALSE
1985-05-04,King_Haakon,3.605743839,0.5755766530430724,0.5755766530430724,0.5877526775549149,FALSE,FALSE
1985-05-06,King_Haakon,3.698012503,0.6070630600491356,0.6070630600491356,0.5877526775549149,TRUE,FALSE
1985-05-08,King_Haakon,3.743872948,0.5946163457955946,0.5946163457955946,0.5877526775549149,TRUE,FALSE
1985-05-10,King_Haakon,3.757111549,0.5521479753430047,0.5521479753430047,0.5877526775549149,FALSE,FALSE
1985-05-12,King_Haakon,3.749970505,0.49185674003024227,0.49185674003024227,0.5877526775549149,FALSE,FALSE
1985-05-14,King_Haakon,3.796214697,0.48745894366132614,0.48745894366132614,0.5877526775549149,FALSE,FALSE
1985-05-16,King_Haakon,3.806009654,0.4490715380402719,0.4490715380402719,0.5877526775549149,FALSE,FALSE
1985-05-18,King_Haakon,3.814912058,0.4122026279710971,0.4122026279710971,0.5877526775549149,FALSE,FALSE
1985-05-20,King_Haakon,3.841288825,0.395168974117758,0.395168974117758,0.5877526775549149,FALSE,FALSE
1985-05-22,King_Haakon,3.82151342,0.3341440707196073,0.3341440707196073,0.5877526775549149,FALSE,FALSE
1985-05-24,King_Haakon,3.841138813,0.3142098098153472,0.3142098098153472,0.5877526775549149,FALSE,FALSE
1985-05-26,King_Haakon,3.764817655,0.19951921921896745,0.19951921921896745,0.5877526775549149,FALSE,FALSE
1985-05-28,King_Haakon,3.753570179,0.15059290874445708,0.15059290874445708,0.5877526775549149,FALSE,FALSE
1985-05-30,King_Haakon,3.78570763,0.14524250020580576,0.14524250020580576,0.5877526775549149,FALSE,FALSE
1985-06-01,King_Haakon,3.806329716,0.1280680784169963,0.1280680784169963,0.5877526775549149,FALSE,FALSE
1985-06-03,King_Haakon,3.924733176,0.2079836213803472,0.2079836213803472,0.5877526775549149,FALSE,FALSE
1985-06-05,King_Haakon,3.921642996,0.1658236218604241,0.1658236218604241,0.5877526775549149,FALSE,FALSE
1985-06-07,King_Haakon,3.906949049,0.11171705724118208,0.11171705724118208,0.5877526775549149,FALSE,FALSE
1985-06-09,King_Haakon,3.916183149,0.08143484653760025,0.08143484653760025,0.5877526775549149,FALSE,FALSE
1985-06-11,King_Haakon,3.90966429,0.035535088764662603,0.035535088764662603,0.5877526775549149,FALSE,FALSE
1985-06-13,King_Haakon,3.939597012,0.02646142893735392,0.02646142893735392,0.5877526775549149,FALSE,FALSE
1985-06-15,King_Haakon,4.030309501,0.07877539033918213,0.07877539033918213,0.5877526775549149,FALSE,FALSE
1985-06-17,King_Haakon,4.110909015,0.12175581819959058,0.12175581819959058,0.5877526775549149,FALSE,FALSE
1985-06-19,King_Haakon,4.103364079,0.07750536621598503,0.07750536621598503,0.5877526775549149,FALSE,FALSE
1985-06-21,King_Haakon,4.184266291,0.1227492355012494,0.1227492355012494,0.5877526775549149,FALSE,FALSE
1985-06-23,King_Haakon,4.275687894,0.17969327216825803,0.17969327216825803,0.5877526775549149,FALSE,FALSE
1985-06-25,King_Haakon,4.333641881,0.20448407232989577,0.20448407232989577,0.5877526775549149,FALSE,FALSE
1985-06-27,King_Haakon,4.351000937,0.19012358666177945,0.19012358666177945,0.5877526775549149,FALSE,FALSE
1985-06-29,King_Haakon,4.380891562,0.18969547616321147,0.18969547616321147,0.5877526775549149,FALSE,FALSE
1985-07-01,King_Haakon,4.368135996,0.14775353342301045,0.14775353342301045,0.5877526775549149,FALSE,FALSE
1985-07-03,King_Haakon,4.34532851,0.0966082974387037,0.0966082974387037,0.5877526775549149,FALSE,FALSE
1985-07-05,King_Haakon,4.292767866,0.01627479820780841,0.01627479820780841,0.5877526775549149,FALSE,FALSE
1985-07-07,King_Haakon,4.274034237,-0.02995052327215219,0.02995052327215219,0.5877526775549149,FALSE,FALSE
1985-07-09,King_Haakon,4.242758986,-0.08871994480017698,0.08871994480017698,0.5877526775549149,FALSE,FALSE
1985-07-11,King_Haakon,4.348148512,-0.01100038574129236,0.01100038574129236,0.5877526775549149,FALSE,FALSE
1985-07-13,King_Haakon,4.37517418,-0.01166928058258154,0.01166928058258154,0.5877526775549149,FALSE,FALSE
1985-07-15,King_Haakon,4.367133842,-0.04721820672235122,0.04721820672235122,0.5877526775549149,FALSE,FALSE
1985-07-17,King_Haakon,4.351413845,-0.09005024655890992,0.09005024655890992,0.5877526775549149,FALSE,FALSE
1985-07-19,King_Haakon,4.326743158,-0.14122586049056718,0.14122586049056718,0.5877526775549149,FALSE,FALSE
1985-07-21,King_Haakon,4.394984569,-0.09867168991562723,0.09867168991562723,0.5877526775549149,FALSE,FALSE
1985-07-23,King_Haakon,4.474596087,-0.04373698795891467,0.04373698795891467,0.5877526775549149,FALSE,FALSE
1985-07-25,King_Haakon,4.458330893,-0.0836033394908009,0.0836033394908009,0.5877526775549149,FALSE,FALSE
1985-07-27,King_Haakon,4.448568657,-0.1158813509113088,0.1158813509113088,0.5877526775549149,FALSE,FALSE
1985-07-29,King_Haakon,4.334370533,-0.2515003732341423,0.2515003732341423,0.5877526775549149,FALSE,FALSE
1985-07-31,King_Haakon,4.387189816,-0.2189976164730103,0.2189976164730103,0.5877526775549149,FALSE,FALSE
1985-08-01,King_Haakon,4.935608288,0.31967969912225946,0.31967969912225946,0.5877526775549149,FALSE,FALSE
1985-08-02,King_Haakon,4.352884633,-0.27250545864161957,0.27250545864161957,0.5877526775549149,FALSE,FALSE
1985-08-04,King_Haakon,4.41732623,-0.22613846890105105,0.22613846890105105,0.5877526775549149,FALSE,FALSE
1985-08-06,King_Haakon,4.509432609,-0.15086484933210365,0.15086484933210365,0.5877526775549149,FALSE,FALSE
1985-08-08,King_Haakon,4.614339541,-0.06133980329985533,0.06133980329985533,0.5877526775549149,FALSE,FALSE
1985-08-10,King_Haakon,4.695654714,0.00625719585451012,0.00625719585451012,0.5877526775549149,FALSE,FALSE
1985-08-12,King_Haakon,4.746584751,0.04534560978979929,0.04534560978979929,0.5877526775549149,FALSE,FALSE
1985-08-14,King_Haakon,4.794652035,0.08366066016482776,0.08366066016482776,0.5877526775549149,FALSE,FALSE
1985-08-16,King_Haakon,4.847371508,0.12892819097404207,0.12892819097404207,0.5877526775549149,FALSE,FALSE
1985-08-18,King_Haakon,4.92037407,0.19668225087888216,0.19668225087888216,0.5877526775549149,FALSE,FALSE
1985-08-20,King_Haakon,4.955646473,0.2281708055023044,0.2281708055023044,0.5877526775549149,FALSE,FALSE
1985-08-22,King_Haakon,4.952704049,0.22209007341213916,0.22209007341213916,0.5877526775549149,FALSE,FALSE
1985-08-24,King_Haakon,4.988882014,0.25495615717620534,0.25495615717620534,0.5877526775549149,FALSE,FALSE
1985-08-26,King_Haakon,5.092860552,0.35463012736232713,0.35463012736232713,0.5877526775549149,FALSE,FALSE
1985-08-28,King_Haakon,5.203946157,0.4595993645383283,0.4595993645383283,0.5877526775549149,FALSE,FALSE
1985-08-30,King_Haakon,5.243283941,0.49040512496778543,0.49040512496778543,0.5877526775549149,FALSE,FALSE
1985-09-01,King_Haakon,5.237369252,0.47399844603420416,0.47399844603420416,0.5877526775549149,FALSE,FALSE
1985-09-03,King_Haakon,5.240658924,0.4656173022092229,0.4656173022092229,0.5877526775549149,FALSE,FALSE
1985-09-05,King_Haakon,5.29144708,0.5043370444542852,0.5043370444542852,0.5877526775549149,FALSE,FALSE
1985-09-07,King_Haakon,5.24411064,0.44531582073082365,0.44531582073082365,0.5877526775549149,FALSE,FALSE
1985-09-09,King_Haakon,5.190089444,0.3807746990002743,0.3807746990002743,0.5877526775549149,FALSE,FALSE
1985-09-11,King_Haakon,5.13885267,0.3209211499575444,0.3209211499575444,0.5877526775549149,FALSE,FALSE
1985-09-13,King_Haakon,5.157853598,0.33339174612136624,0.33339174612136624,0.5877526775549149,FALSE,FALSE
1985-09-15,King_Haakon,5.182975149,0.3538661835907142,0.3538661835907142,0.5877526775549149,FALSE,FALSE
1985-09-17,King_Haakon,5.192861633,0.36077769751482336,0.36077769751482336,0.5877526775549149,FALSE,FALSE
1985-09-19,King_Haakon,5.168365433,0.3347675960429317,0.3347675960429317,0.5877526775549149,FALSE,FALSE
1985-09-21,King_Haakon,5.244502754,0.41064100932428094,0.41064100932428094,0.5877526775549149,FALSE,FALSE
1985-09-23,King_Haakon,5.312531915,0.4794449773230127,0.4794449773230127,0.5877526775549149,FALSE,FALSE
1985-09-25,King_Haakon,5.2849022980000004,0.4534063076878514,0.4534063076878514,0.5877526775549149,FALSE,FALSE
1985-09-27,King_Haakon,5.280372507,0.4510440508515492,0.4510440508515492,0.5877526775549149,FALSE,FALSE
1985-09-29,King_Haakon,5.225569899,0.398744609741267,0.398744609741267,0.5877526775549149,FALSE,FALSE
1985-10-01,King_Haakon,5.150754526,0.3265270822841666,0.3265270822841666,0.5877526775549149,FALSE,FALSE
1985-10-03,King_Haakon,5.073105273,0.2513293994074113,0.2513293994074113,0.5877526775549149,FALSE,FALSE
1985-10-05,King_Haakon,5.019190281,0.1994787663219988,0.1994787663219988,0.5877526775549149,FALSE,FALSE
1985-10-07,King_Haakon,5.037776927,0.21965525786579576,0.21965525786579576,0.5877526775549149,FALSE,FALSE
1985-10-09,King_Haakon,4.980383282,0.1638160797846755,0.1638160797846755,0.5877526775549149,FALSE,FALSE
1985-10-11,King_Haakon,4.966147416,0.1516511024774232,0.1516511024774232,0.5877526775549149,FALSE,FALSE
1985-10-13,King_Haakon,4.867530331,0.05617312834280952,0.05617312834280952,0.5877526775549149,FALSE,FALSE
1985-10-15,King_Haakon,4.826319927,0.01972185777961677,0.01972185777961677,0.5877526775549149,FALSE,FALSE
1985-10-17,King_Haakon,4.859330073,0.05966296018661854,0.05966296018661854,0.5877526775549149,FALSE,FALSE
1985-10-19,King_Haakon,4.934370609,0.1442890441179534,0.1442890441179534,0.5877526775549149,FALSE,FALSE
1985-10-21,King_Haakon,5.026410057,0.24846754035156415,0.24846754035156415,0.5877526775549149,FALSE,FALSE
1985-10-23,King_Haakon,5.015173875,0.2515292358332335,0.2515292358332335,0.5877526775549149,FALSE,FALSE
1985-10-25,King_Haakon,4.978051376,0.23046654881202056,0.23046654881202056,0.5877526775549149,FALSE,FALSE
1985-10-27,King_Haakon,4.943098251,0.2129382755369873,0.2129382755369873,0.5877526775549149,FALSE,FALSE
1985-10-29,King_Haakon,4.868995872,0.1572288932571846,0.1572288932571846,0.5877526775549149,FALSE,FALSE
1985-10-31,King_Haakon,4.879240686,0.18645211529509176,0.18645211529509176,0.5877526775549149,FALSE,FALSE
1985-11-01,King_Haakon,4.731738855,0.04863478410779898,0.04863478410779898,0.5877526775549149,FALSE,FALSE
1985-11-02,King_Haakon,4.811702167,0.1384798742495823,0.1384798742495823,0.5877526775549149,FALSE,FALSE
1985-11-04,King_Haakon,4.812605745,0.15996152026552135,0.15996152026552135,0.5877526775549149,FALSE,FALSE
1985-11-06,King_Haakon,4.750058203,0.11944918983318951,0.11944918983318951,0.5877526775549149,FALSE,FALSE
1985-11-08,King_Haakon,4.74632764,0.1396563354428686,0.1396563354428686,0.5877526775549149,FALSE,FALSE
1985-11-10,King_Haakon,4.758976005,0.17859025958484587,0.17859025958484587,0.5877526775549149,FALSE,FALSE
1985-11-12,King_Haakon,4.757024497,0.2057178158344319,0.2057178158344319,0.5877526775549149,FALSE,FALSE
1985-11-14,King_Haakon,4.772685304,0.2537903131966379,0.2537903131966379,0.5877526775549149,FALSE,FALSE
1985-11-16,King_Haakon,4.759373322,0.27698717538598405,0.27698717538598405,0.5877526775549149,FALSE,FALSE
1985-11-18,King_Haakon,4.786023647,0.3450413237132226,0.3450413237132226,0.5877526775549149,FALSE,FALSE
1985-11-20,King_Haakon,4.779289303,0.3854036074891036,0.3854036074891036,0.5877526775549149,FALSE,FALSE
1985-11-22,King_Haakon,4.721165886,0.3808674480243823,0.3808674480243823,0.5877526775549149,FALSE,FALSE
1985-11-24,King_Haakon,4.661950852,0.38252812662981306,0.38252812662981306,0.5877526775549149,FALSE,FALSE
1985-11-26,King_Haakon,4.595137955,0.3844611085570149,0.3844611085570149,0.5877526775549149,FALSE,FALSE
1985-11-28,King_Haakon,4.55769663,0.4229721443225909,0.4229721443225909,0.5877526775549149,FALSE,FALSE
1985-11-30,King_Haakon,4.484601829,0.4319273196126385,0.4319273196126385,0.5877526775549149,FALSE,FALSE
1985-12-01,King_Haakon,3.963071192,-0.0466384187728659,0.0466384187728659,0.5877526775549149,FALSE,FALSE
1985-12-02,King_Haakon,4.394034837,0.42839849430010624,0.42839849430010624,0.5877526775549149,FALSE,FALSE
1985-12-04,King_Haakon,4.299029988,0.4243105772579483,0.4243105772579483,0.5877526775549149,FALSE,FALSE
1985-12-06,King_Haakon,4.25925241,0.4782192713591158,0.4782192713591158,0.5877526775549149,FALSE,FALSE
1985-12-08,King_Haakon,4.156281315,0.4706450342050914,0.4706450342050914,0.5877526775549149,FALSE,FALSE
1985-12-10,King_Haakon,4.06692696,0.4781405702852139,0.4781405702852139,0.5877526775549149,FALSE,FALSE
1985-12-12,King_Haakon,4.025674388,0.5355729062592642,0.5355729062592642,0.5877526775549149,FALSE,FALSE
1985-12-14,King_Haakon,3.946989369,0.5578076176919464,0.5578076176919464,0.5877526775549149,FALSE,FALSE
1985-12-16,King_Haakon,3.894282063,0.6086546701479625,0.6086546701479625,0.5877526775549149,TRUE,TRUE
1985-12-18,King_Haakon,3.775027676,0.5959890751920187,0.5959890751920187,0.5877526775549149,TRUE,TRUE
1985-12-20,King_Haakon,3.659741573,0.590721608353947,0.590721608353947,0.5877526775549149,TRUE,TRUE
1985-12-22,King_Haakon,3.552764282,0.597228390514208,0.597228390514208,0.5877526775549149,TRUE,TRUE
1985-12-24,King_Haakon,3.444599133,0.6054269610507812,0.6054269610507812,0.5877526775549149,TRUE,TRUE
1985-12-26,King_Haakon,3.282065784,0.561489532507863,0.561489532507863,0.5877526775549149,FALSE,FALSE
1985-12-28,King_Haakon,3.160162482,0.5597669064296347,0.5597669064296347,0.5877526775549149,FALSE,FALSE
1985-12-30,King_Haakon,3.016740637,0.5374630473602937,0.5374630473602937,0.5877526775549149,FALSE,FALSE
1986-01-01,King_Haakon,2.837474138,0.4796043988440269,0.4796043988440269,0.5877526775549149,FALSE,FALSE
1986-01-03,King_Haakon,2.774525907,0.5376824536628444,0.5376824536628444,0.5877526775549149,FALSE,FALSE
1986-01-05,King_Haakon,2.670585223,0.5536191265500339,0.5536191265500339,0.5877526775549149,FALSE,FALSE
1986-01-07,King_Haakon,2.579321549,0.5802925324767159,0.5802925324767159,0.5877526775549149,FALSE,FALSE
1986-01-09,King_Haakon,2.446357808,0.5625342464139926,0.5625342464139926,0.5877526775549149,FALSE,FALSE
1986-01-11,King_Haakon,2.361768653,0.5896275733329777,0.5896275733329777,0.5877526775549149,TRUE,FALSE
1986-01-13,King_Haakon,2.23633101,0.5715580912047848,0.5715580912047848,0.5877526775549149,FALSE,FALSE
1986-01-15,King_Haakon,2.167485431,0.6050057196704162,0.6050057196704162,0.5877526775549149,TRUE,TRUE
1986-01-17,King_Haakon,2.100407419,0.6346948948885387,0.6346948948885387,0.5877526775549149,TRUE,TRUE
1986-01-19,King_Haakon,2.053400712,0.6786575446869263,0.6786575446869263,0.5877526775549149,TRUE,TRUE
1986-01-21,King_Haakon,1.957524703,0.667683441444956,0.667683441444956,0.5877526775549149,TRUE,TRUE
1986-01-23,King_Haakon,1.881529718,0.6702532905420071,0.6702532905420071,0.5877526775549149,TRUE,TRUE
1986-01-25,King_Haakon,1.768287688,0.6289694023574539,0.6289694023574539,0.5877526775549149,TRUE,TRUE
1986-01-27,King_Haakon,1.709442021,0.635214363350217,0.635214363350217,0.5877526775549149,TRUE,TRUE
1986-01-29,King_Haakon,1.560991098,0.5450414865227171,0.5450414865227171,0.5877526775549149,FALSE,FALSE
1986-01-31,King_Haakon,1.50439534,0.5403616964601081,0.5403616964601081,0.5877526775549149,FALSE,FALSE
1986-02-01,King_Haakon,1.249926247,0.30961340836424245,0.30961340836424245,0.5877526775549149,FALSE,FALSE
1986-02-02,King_Haakon,1.466688819,0.5486845860379244,0.5486845860379244,0.5877526775549149,FALSE,FALSE
1986-02-04,King_Haakon,1.430235588,0.5528497291316998,0.5528497291316998,0.5877526775549149,FALSE,FALSE
1986-02-06,King_Haakon,1.400116524,0.5584135236169694,0.5584135236169694,0.5877526775549149,FALSE,FALSE
1986-02-08,King_Haakon,1.337527483,0.5270469549544742,0.5270469549544742,0.5877526775549149,FALSE,FALSE
1986-02-10,King_Haakon,1.267878079,0.4843229436712456,0.4843229436712456,0.5877526775549149,FALSE,FALSE
1986-02-12,King_Haakon,1.266869084,0.5052332439425201,0.5052332439425201,0.5877526775549149,FALSE,FALSE
1986-02-14,King_Haakon,1.24063786,0.49505482512246457,0.49505482512246457,0.5877526775549149,FALSE,FALSE
1986-02-16,King_Haakon,1.2365799179999999,0.5003228055652525,0.5003228055652525,0.5877526775549149,FALSE,FALSE
1986-02-18,King_Haakon,1.253256536,0.5187380706250544,0.5187380706250544,0.5877526775549149,FALSE,FALSE
1986-02-20,King_Haakon,1.243462206,0.5022347196560416,0.5022347196560416,0.5877526775549149,FALSE,FALSE
1986-02-22,King_Haakon,1.238686607,0.4816101744093174,0.4816101744093174,0.5877526775549149,FALSE,FALSE
1986-02-24,King_Haakon,1.263311112,0.4816917362971609,0.4816917362971609,0.5877526775549149,FALSE,FALSE
1986-02-26,King_Haakon,1.267527445,0.45358901418024233,0.45358901418024233,0.5877526775549149,FALSE,FALSE
1986-02-28,King_Haakon,1.300559528,0.4474453352407429,0.4474453352407429,0.5877526775549149,FALSE,FALSE
1986-03-01,King_Haakon,2.046828643,1.171842618331958,1.171842618331958,0.5877526775549149,TRUE,FALSE
1986-03-02,King_Haakon,1.307363631,0.4091363746608455,0.4091363746608455,0.5877526775549149,FALSE,FALSE
1986-03-04,King_Haakon,1.308846736,0.3604885196227331,0.3604885196227331,0.5877526775549149,FALSE,FALSE
1986-03-06,King_Haakon,1.275848291,0.2732457931977519,0.2732457931977519,0.5877526775549149,FALSE,FALSE
1986-03-08,King_Haakon,1.302197869,0.2418507267583212,0.2418507267583212,0.5877526775549149,FALSE,FALSE
1986-03-10,King_Haakon,1.358616304,0.23737059132710892,0.23737059132710892,0.5877526775549149,FALSE,FALSE
1986-03-12,King_Haakon,1.508057298,0.3230957276295974,0.3230957276295974,0.5877526775549149,FALSE,FALSE
1986-03-14,King_Haakon,1.636802211,0.38564413439126577,0.38564413439126577,0.5877526775549149,FALSE,FALSE
1986-03-16,King_Haakon,1.793379224,0.4738806313375934,0.4738806313375934,0.5877526775549149,FALSE,FALSE
1986-03-18,King_Haakon,1.941620872,0.551974544107168,0.551974544107168,0.5877526775549149,FALSE,FALSE
1986-03-20,King_Haakon,2.040491982,0.5792475464115951,0.5792475464115951,0.5877526775549149,FALSE,FALSE
1986-03-22,King_Haakon,2.084539211,0.5506430286747979,0.5506430286747979,0.5877526775549149,FALSE,FALSE
1986-03-24,King_Haakon,2.138287647,0.5310875282703862,0.5310875282703862,0.5877526775549149,FALSE,FALSE
1986-03-26,King_Haakon,2.168972911,0.4882181155719687,0.4882181155719687,0.5877526775549149,FALSE,FALSE
1986-03-28,King_Haakon,2.313451783,0.5592930199531498,0.5592930199531498,0.5877526775549149,FALSE,FALSE
1986-03-30,King_Haakon,2.564017872,0.7370072997875416,0.7370072997875416,0.5877526775549149,TRUE,TRUE
1986-04-01,King_Haakon,2.742695601,0.8437055979489794,0.8437055979489794,0.5877526775549149,TRUE,TRUE
1986-04-03,King_Haakon,2.778481594,0.8083252086828685,0.8083252086828685,0.5877526775549149,TRUE,TRUE
1986-04-05,King_Haakon,2.757921907,0.7172420917113893,0.7172420917113893,0.5877526775549149,TRUE,TRUE
1986-04-07,King_Haakon,2.743243041,0.6325126385744699,0.6325126385744699,0.5877526775549149,TRUE,TRUE
1986-04-09,King_Haakon,2.865780249,0.6853019928120485,0.6853019928120485,0.5877526775549149,TRUE,TRUE
1986-04-11,King_Haakon,2.884267265,0.6341737789640507,0.6341737789640507,0.5877526775549149,TRUE,TRUE
1986-04-13,King_Haakon,2.918798186,0.599064407637405,0.599064407637405,0.5877526775549149,TRUE,TRUE
1986-04-15,King_Haakon,2.96020228,0.5707960731462385,0.5707960731462385,0.5877526775549149,FALSE,FALSE
1986-04-17,King_Haakon,2.980463811,0.5214461599500191,0.5214461599500191,0.5877526775549149,FALSE,FALSE
1986-04-19,King_Haakon,3.015899335,0.48742615571495174,0.48742615571495174,0.5877526775549149,FALSE,FALSE
1986-04-21,King_Haakon,3.085392869,0.487715009107236,0.487715009107236,0.5877526775549149,FALSE,FALSE
1986-04-23,King_Haakon,3.186731583,0.5201948217930732,0.5201948217930732,0.5877526775549149,FALSE,FALSE
1986-04-25,King_Haakon,3.241864775,0.5069117521668769,0.5069117521668769,0.5877526775549149,FALSE,FALSE
1986-04-27,King_Haakon,3.24799862,0.44526380273444754,0.44526380273444754,0.5877526775549149,FALSE,FALSE
1986-04-29,King_Haakon,3.247157845,0.37760389123091986,0.37760389123091986,0.5877526775549149,FALSE,FALSE
1986-05-01,King_Haakon,3.258009939,0.32293824656212555,0.32293824656212555,0.5877526775549149,FALSE,FALSE
1986-05-03,King_Haakon,3.278859515,0.27991022163389934,0.27991022163389934,0.5877526775549149,FALSE,FALSE
1986-05-05,King_Haakon,3.227016434,0.16616841735207544,0.16616841735207544,0.5877526775549149,FALSE,FALSE
1986-05-07,King_Haakon,3.21696967,0.0965405264480701,0.0965405264480701,0.5877526775549149,FALSE,FALSE
1986-05-09,King_Haakon,3.241457531,0.06402480947707145,0.06402480947707145,0.5877526775549149,FALSE,FALSE
1986-05-11,King_Haakon,3.301360604,0.06950537324389305,0.06950537324389305,0.5877526775549149,FALSE,FALSE
1986-05-13,King_Haakon,3.36223166,0.0784864115525532,0.0784864115525532,0.5877526775549149,FALSE,FALSE
1986-05-15,King_Haakon,3.427850266,0.09469891420706666,0.09469891420706666,0.5877526775549149,FALSE,FALSE
1986-05-17,King_Haakon,3.440558557,0.06043643901145001,0.06043643901145001,0.5877526775549149,FALSE,FALSE
1986-05-19,King_Haakon,3.455041947,0.03033582276971858,0.03033582276971858,0.5877526775549149,FALSE,FALSE
1986-05-21,King_Haakon,3.463582362,-0.00340469509217866,0.00340469509217866,0.5877526775549149,FALSE,FALSE
1986-05-23,King_Haakon,3.461988371,-0.04534080934513351,0.04534080934513351,0.5877526775549149,FALSE,FALSE
1986-05-25,King_Haakon,3.438833227,-0.10739804369720174,0.10739804369720174,0.5877526775549149,FALSE,FALSE
1986-05-27,King_Haakon,3.430832128,-0.15336082333439505,0.15336082333439505,0.5877526775549149,FALSE,FALSE
1986-05-29,King_Haakon,3.446830501,-0.17488334444272624,0.17488334444272624,0.5877526775549149,FALSE,FALSE
1986-05-31,King_Haakon,3.433426229,-0.22586734720820537,0.22586734720820537,0.5877526775549149,FALSE,FALSE
1986-06-01,King_Haakon,3.555011709,-0.12324992858300376,0.12324992858300376,0.5877526775549149,FALSE,FALSE
1986-06-02,King_Haakon,3.28867306,-0.40874485446412034,0.40874485446412034,0.5877526775549149,FALSE,FALSE
1986-06-04,King_Haakon,3.261757987,-0.47446868355376104,0.47446868355376104,0.5877526775549149,FALSE,FALSE
1986-06-06,King_Haakon,3.251330599,-0.5241671782502211,0.5241671782502211,0.5877526775549149,FALSE,FALSE
1986-06-08,King_Haakon,3.265384232,-0.5496078975385026,0.5496078975385026,0.5877526775549149,FALSE,FALSE
1986-06-10,King_Haakon,3.257617647,-0.5968529754036362,0.5968529754036362,0.5877526775549149,TRUE,TRUE
1986-06-12,King_Haakon,3.024059651,-0.8696344998306302,0.8696344998306302,0.5877526775549149,TRUE,TRUE
1986-06-14,King_Haakon,3.053865273,-0.8785584567552984,0.8785584567552984,0.5877526775549149,TRUE,TRUE
1986-06-16,King_Haakon,3.225181367,-0.7452681328055544,0.7452681328055544,0.5877526775549149,TRUE,TRUE
1986-06-18,King_Haakon,3.374681004,-0.6329474972562643,0.6329474972562643,0.5877526775549149,TRUE,TRUE
1986-06-20,King_Haakon,3.529155274,-0.5146718569945454,0.5146718569945454,0.5877526775549149,FALSE,FALSE
1986-06-22,King_Haakon,3.487784241,-0.5911275449075193,0.5911275449075193,0.5877526775549149,TRUE,TRUE
1986-06-24,King_Haakon,3.465299336,-0.6474495268823057,0.6474495268823057,0.5877526775549149,TRUE,TRUE
1986-06-26,King_Haakon,3.534346358,-0.6108584008060265,0.6108584008060265,0.5877526775549149,TRUE,TRUE
1986-06-28,King_Haakon,3.527881566,-0.6483144301824555,0.6483144301824555,0.5877526775549149,TRUE,TRUE
1986-06-30,King_Haakon,3.536627038,-0.6692860478015312,0.6692860478015312,0.5877526775549149,TRUE,TRUE
1986-07-01,King_Haakon,4.067500554,-0.15288190857698947,0.15288190857698947,0.5877526775549149,FALSE,FALSE
1986-07-02,King_Haakon,3.653684033,-0.5809556496634727,0.5809556496634727,0.5877526775549149,FALSE,FALSE
1986-07-04,King_Haakon,3.697300244,-0.5653592747707661,0.5653592747707661,0.5877526775549149,FALSE,FALSE
1986-07-06,King_Haakon,3.727826658,-0.5624296681258856,0.5624296681258856,0.5877526775549149,FALSE,FALSE
1986-07-08,King_Haakon,3.776449273,-0.5412645637313087,0.5412645637313087,0.5877526775549149,FALSE,FALSE
1986-07-10,King_Haakon,3.871599799,-0.4736978801206071,0.4736978801206071,0.5877526775549149,FALSE,FALSE
1986-07-12,King_Haakon,3.905313512,-0.4676927533370181,0.4676927533370181,0.5877526775549149,FALSE,FALSE
1986-07-14,King_Haakon,3.996939988,-0.40369417415276176,0.40369417415276176,0.5877526775549149,FALSE,FALSE
1986-07-16,King_Haakon,4.07329894,-0.35467185896613884,0.35467185896613884,0.5877526775549149,FALSE,FALSE
1986-07-18,King_Haakon,4.108835842,-0.34596976317545813,0.34596976317545813,0.5877526775549149,FALSE,FALSE
1986-07-20,King_Haakon,4.113423093,-0.3675049171790272,0.3675049171790272,0.5877526775549149,FALSE,FALSE
1986-07-22,King_Haakon,4.120297232,-0.38583121308441903,0.38583121308441903,0.5877526775549149,FALSE,FALSE
1986-07-24,King_Haakon,4.115714477,-0.41455425605213847,0.41455425605213847,0.5877526775549149,FALSE,FALSE
1986-07-26,King_Haakon,4.106649814,-0.4466785724016216,0.4466785724016216,0.5877526775549149,FALSE,FALSE
1986-07-28,King_Haakon,3.971544173,-0.6037537371465769,0.6037537371465769,0.5877526775549149,TRUE,TRUE
1986-07-30,King_Haakon,3.89692067,-0.6992471393007138,0.6992471393007138,0.5877526775549149,TRUE,TRUE
1986-08-01,King_Haakon,3.8527554,-0.7631731888777407,0.7631731888777407,0.5877526775549149,TRUE,TRUE
1986-08-03,King_Haakon,3.796624808,-0.8379459457176646,0.8379459457176646,0.5877526775549149,TRUE,TRUE
1986-08-05,King_Haakon,3.70858954,-0.943459595383314,0.943459595383314,0.5877526775549149,TRUE,TRUE
1986-08-07,King_Haakon,3.721798558,-0.9463845049150684,0.9463845049150684,0.5877526775549149,TRUE,TRUE
1986-08-09,King_Haakon,3.708440517,-0.974319180654112,0.974319180654112,0.5877526775549149,TRUE,TRUE
1986-08-11,King_Haakon,3.962874203,-0.7326919979416369,0.7326919979416369,0.5877526775549149,TRUE,TRUE
1986-08-13,King_Haakon,4.157279685,-0.5491100491188305,0.5491100491188305,0.5877526775549149,FALSE,FALSE
1986-08-15,King_Haakon,4.331071768,-0.38394569052687544,0.38394569052687544,0.5877526775549149,FALSE,FALSE
1986-08-17,King_Haakon,4.421434097,-0.2998677473778715,0.2998677473778715,0.5877526775549149,FALSE,FALSE
1986-08-19,King_Haakon,4.50630531,-0.2194103204347169,0.2194103204347169,0.5877526775549149,FALSE,FALSE
1986-08-21,King_Haakon,4.529363565,-0.19971075448906728,0.19971075448906728,0.5877526775549149,FALSE,FALSE
1986-08-23,King_Haakon,4.532453669,-0.19974335597309612,0.19974335597309612,0.5877526775549149,FALSE,FALSE
1986-08-25,King_Haakon,4.493588547,-0.24231431331897912,0.24231431331897912,0.5877526775549149,FALSE,FALSE
1986-08-27,King_Haakon,4.5283037,-0.2127072389588971,0.2127072389588971,0.5877526775549149,FALSE,FALSE
1986-08-29,King_Haakon,4.534808942,-0.2135100725126451,0.2135100725126451,0.5877526775549149,FALSE,FALSE
1986-08-31,King_Haakon,4.48377014,-0.27415849101499035,0.27415849101499035,0.5877526775549149,FALSE,FALSE
1986-09-01,King_Haakon,4.397970451,-0.3654003549657956,0.3654003549657956,0.5877526775549149,FALSE,FALSE
1986-09-02,King_Haakon,4.473619808,-0.2954878793894524,0.2954878793894524,0.5877526775549149,FALSE,FALSE
1986-09-04,King_Haakon,4.440865502,-0.3402094536745919,0.3402094536745919,0.5877526775549149,FALSE,FALSE
1986-09-06,King_Haakon,4.379100529,-0.413948678908973,0.413948678908973,0.5877526775549149,FALSE,FALSE
1986-09-08,King_Haakon,4.339760943,-0.4644882731311535,0.4644882731311535,0.5877526775549149,FALSE,FALSE
1986-09-10,King_Haakon,4.25810072,-0.5557934663689377,0.5557934663689377,0.5877526775549149,FALSE,FALSE
1986-09-12,King_Haakon,4.179369368,-0.6420759124269075,0.6420759124269075,0.5877526775549149,TRUE,FALSE
1986-09-14,King_Haakon,4.189299629,-0.6377079897539764,0.6377079897539764,0.5877526775549149,TRUE,FALSE
1986-09-16,King_Haakon,4.345401076,-0.48539120020090554,0.48539120020090554,0.5877526775549149,FALSE,FALSE
1986-09-18,King_Haakon,4.424320511,-0.40868981661845005,0.40868981661845005,0.5877526775549149,FALSE,FALSE
1986-09-20,King_Haakon,4.432369785,-0.4015030628573779,0.4015030628573779,0.5877526775549149,FALSE,FALSE
1986-09-22,King_Haakon,4.344991039,-0.4885998727684422,0.4885998727684422,0.5877526775549149,FALSE,FALSE
1986-09-24,King_Haakon,4.329740979,-0.5026376179739751,0.5026376179739751,0.5877526775549149,FALSE,FALSE
1986-09-26,King_Haakon,4.303665239,-0.5268039979506032,0.5268039979506032,0.5877526775549149,FALSE,FALSE
1986-09-28,King_Haakon,4.256228144,-0.5718756231647912,0.5718756231647912,0.5877526775549149,FALSE,FALSE
1986-09-30,King_Haakon,4.235968596,-0.5895545456893787,0.5895545456893787,0.5877526775549149,TRUE,FALSE
1986-10-01,King_Haakon,4.548700367,-0.2755270767158331,0.2755270767158331,0.5877526775549149,FALSE,FALSE
1986-10-02,King_Haakon,4.298211648,-0.5247566665972014,0.5247566665972014,0.5877526775549149,FALSE,FALSE
1986-10-04,King_Haakon,4.339063473,-0.481616766961098,0.481616766961098,0.5877526775549149,FALSE,FALSE
1986-10-06,King_Haakon,4.303668893,-0.515208789053065,0.515208789053065,0.5877526775549149,FALSE,FALSE
1986-10-08,King_Haakon,4.365177162,-0.45219733887157343,0.45219733887157343,0.5877526775549149,FALSE,FALSE
1986-10-10,King_Haakon,4.395614673,-0.4200161251156054,0.4200161251156054,0.5877526775549149,FALSE,FALSE
1986-10-12,King_Haakon,4.44074697,-0.37234780338638807,0.37234780338638807,0.5877526775549149,FALSE,FALSE
1986-10-14,King_Haakon,4.524074328,-0.2851402982851381,0.2851402982851381,0.5877526775549149,FALSE,FALSE
1986-10-16,King_Haakon,4.594115062,-0.20932349441308065,0.20932349441308065,0.5877526775549149,FALSE,FALSE
1986-10-18,King_Haakon,4.575695146,-0.21952235242115936,0.21952235242115936,0.5877526775549149,FALSE,FALSE
1986-10-20,King_Haakon,4.589108254,-0.1951984463431824,0.1951984463431824,0.5877526775549149,FALSE,FALSE
1986-10-22,King_Haakon,4.602553313,-0.16848531264167388,0.16848531264167388,0.5877526775549149,FALSE,FALSE
1986-10-24,King_Haakon,4.588724626,-0.1670855430675804,0.1670855430675804,0.5877526775549149,FALSE,FALSE
1986-10-26,King_Haakon,4.55037961,-0.18863861537183357,0.18863861537183357,0.5877526775549149,FALSE,FALSE
1986-10-28,King_Haakon,4.484124981,-0.23693470830538388,0.23693470830538388,0.5877526775549149,FALSE,FALSE
1986-10-30,King_Haakon,4.423429101,-0.27890235461917,0.27890235461917,0.5877526775549149,FALSE,FALSE
1986-11-01,King_Haakon,4.365111757,-0.3179923138922005,0.3179923138922005,0.5877526775549149,FALSE,FALSE
1986-11-03,King_Haakon,4.330660406,-0.3324271610932703,0.3324271610932703,0.5877526775549149,FALSE,FALSE
1986-11-05,King_Haakon,4.324669534,-0.3171670624877523,0.3171670624877523,0.5877526775549149,FALSE,FALSE
1986-11-07,King_Haakon,4.277755599,-0.34115020658536555,0.34115020658536555,0.5877526775549149,FALSE,FALSE
1986-11-09,King_Haakon,4.23227611,-0.361573730895822,0.361573730895822,0.5877526775549149,FALSE,FALSE
1986-11-11,King_Haakon,4.127925532,-0.43829781692884406,0.43829781692884406,0.5877526775549149,FALSE,FALSE
1986-11-13,King_Haakon,4.052689957,-0.4828731591309338,0.4828731591309338,0.5877526775549149,FALSE,FALSE
1986-11-15,King_Haakon,3.957292156,-0.5439104210190044,0.5439104210190044,0.5877526775549149,FALSE,FALSE
1986-11-17,King_Haakon,3.881762924,-0.5805830474245561,0.5805830474245561,0.5877526775549149,FALSE,FALSE
1986-11-19,King_Haakon,3.890325706,-0.5278697680368389,0.5278697680368389,0.5877526775549149,FALSE,FALSE
1986-11-21,King_Haakon,3.862542367,-0.5054108925451026,0.5054108925451026,0.5877526775549149,FALSE,FALSE
1986-11-23,King_Haakon,3.846139523,-0.4646819796385908,0.4646819796385908,0.5877526775549149,FALSE,FALSE
1986-11-25,King_Haakon,3.830917394,-0.41510233165189536,0.41510233165189536,0.5877526775549149,FALSE,FALSE
1986-11-27,King_Haakon,3.79316904,-0.3803631670711955,0.3803631670711955,0.5877526775549149,FALSE,FALSE
1986-11-29,King_Haakon,3.731298997,-0.3630933634025042,0.3630933634025042,0.5877526775549149,FALSE,FALSE
1986-12-01,King_Haakon,3.6960922960000002,-0.3136173147728658,0.3136173147728658,0.5877526775549149,FALSE,FALSE
1986-12-03,King_Haakon,3.573584906,-0.3470084773093287,0.3470084773093287,0.5877526775549149,FALSE,FALSE
1986-12-05,King_Haakon,3.560133051,-0.26802005213894287,0.26802005213894287,0.5877526775549149,FALSE,FALSE
1986-12-07,King_Haakon,3.49651649,-0.2369815442387182,0.2369815442387182,0.5877526775549149,FALSE,FALSE
1986-12-09,King_Haakon,3.418748932,-0.21866679251879528,0.21866679251879528,0.5877526775549149,FALSE,FALSE
1986-12-11,King_Haakon,3.395286046,-0.14441225468729568,0.14441225468729568,0.5877526775549149,FALSE,FALSE
1986-12-13,King_Haakon,3.318488639,-0.12145731817951733,0.12145731817951733,0.5877526775549149,FALSE,FALSE
1986-12-15,King_Haakon,3.308689219,-0.029069669430756392,0.029069669430756392,0.5877526775549149,FALSE,FALSE
1986-12-17,King_Haakon,3.158013459,-0.07472382987630866,0.07472382987630866,0.5877526775549149,FALSE,FALSE
1986-12-19,King_Haakon,3.101824569,-0.02265678395146908,0.02265678395146908,0.5877526775549149,FALSE,FALSE
1986-12-21,King_Haakon,2.958141186,-0.05453716320395108,0.05453716320395108,0.5877526775549149,FALSE,FALSE
1986-12-23,King_Haakon,2.842561236,-0.05511228617355535,0.05511228617355535,0.5877526775549149,FALSE,FALSE
1986-12-25,King_Haakon,2.734895186,-0.04521758549475319,0.04521758549475319,0.5877526775549149,FALSE,FALSE
1986-12-27,King_Haakon,2.625478805,-0.03516473762334771,0.03516473762334771,0.5877526775549149,FALSE,FALSE
1986-12-29,King_Haakon,2.448295283,-0.09161799801515612,0.09161799801515612,0.5877526775549149,FALSE,FALSE
1986-12-31,King_Haakon,2.364045638,-0.05452379412598374,0.05452379412598374,0.5877526775549149,FALSE,FALSE
1987-01-01,King_Haakon,1.911689396,-0.4461803431559732,0.4461803431559732,0.5877526775549149,FALSE,FALSE
1987-01-02,King_Haakon,2.298095229,8.327896180841954e-4,8.327896180841954e-4,0.5877526775549149,FALSE,FALSE
1987-01-04,King_Haakon,2.233939137,0.05722743747469927,0.05722743747469927,0.5877526775549149,FALSE,FALSE
1987-01-06,King_Haakon,2.15582102,0.0981154573852452,0.0981154573852452,0.5877526775549149,FALSE,FALSE
1987-01-08,King_Haakon,2.115192614,0.17415723732083355,0.17415723732083355,0.5877526775549149,FALSE,FALSE
1987-01-10,King_Haakon,2.069791809,0.24229931925257664,0.24229931925257664,0.5877526775549149,FALSE,FALSE
1987-01-12,King_Haakon,2.012670368,0.2948021181515852,0.2948021181515852,0.5877526775549149,FALSE,FALSE
1987-01-14,King_Haakon,1.952903439,0.3399502040978981,0.3399502040978981,0.5877526775549149,FALSE,FALSE
1987-01-16,King_Haakon,1.900610319,0.3872220787931553,0.3872220787931553,0.5877526775549149,FALSE,FALSE
1987-01-18,King_Haakon,1.85553713,0.43605086437898866,0.43605086437898866,0.5877526775549149,FALSE,FALSE
1987-01-20,King_Haakon,1.782889566,0.4513726342347746,0.4513726342347746,0.5877526775549149,FALSE,FALSE
1987-01-22,King_Haakon,1.719245213,0.4694953537398927,0.4694953537398927,0.5877526775549149,FALSE,FALSE
1987-01-24,King_Haakon,1.713210727,0.5387560582737196,0.5387560582737196,0.5877526775549149,FALSE,FALSE
1987-01-26,King_Haakon,1.629210647,0.5233096662156331,0.5233096662156331,0.5877526775549149,FALSE,FALSE
1987-01-28,King_Haakon,1.610224894,0.5659612392705764,0.5659612392705764,0.5877526775549149,FALSE,FALSE
1987-01-30,King_Haakon,1.521115229,0.5318891412160809,0.5318891412160809,0.5877526775549149,FALSE,FALSE
1987-02-01,King_Haakon,1.464350522,0.5240376833642423,0.5240376833642423,0.5877526775549149,FALSE,FALSE
1987-02-03,King_Haakon,1.414478738,0.5174303515905962,0.5174303515905962,0.5877526775549149,FALSE,FALSE
1987-02-05,King_Haakon,1.395555132,0.5365979217706761,0.5365979217706761,0.5877526775549149,FALSE,FALSE
1987-02-07,King_Haakon,1.35109637,0.5255325807800187,0.5255325807800187,0.5877526775549149,FALSE,FALSE
1987-02-09,King_Haakon,1.341690006,0.5452441619531836,0.5452441619531836,0.5877526775549149,FALSE,FALSE
1987-02-11,King_Haakon,1.321264875,0.549348924027935,0.549348924027935,0.5877526775549149,FALSE,FALSE
1987-02-13,King_Haakon,1.288746049,0.5359236973342718,0.5359236973342718,0.5877526775549149,FALSE,FALSE
1987-02-15,King_Haakon,1.277331372,0.5373059332263671,0.5373059332263671,0.5877526775549149,FALSE,FALSE
1987-02-17,King_Haakon,1.240360457,0.5059748520583911,0.5059748520583911,0.5877526775549149,FALSE,FALSE
1987-02-19,King_Haakon,1.233667757,0.49690451418451453,0.49690451418451453,0.5877526775549149,FALSE,FALSE
1987-02-21,King_Haakon,1.233091493,0.4850831758441775,0.4850831758441775,0.5877526775549149,FALSE,FALSE
1987-02-23,King_Haakon,1.244902272,0.4765838446777203,0.4765838446777203,0.5877526775549149,FALSE,FALSE
1987-02-25,King_Haakon,1.265002894,0.4681385419154105,0.4681385419154105,0.5877526775549149,FALSE,FALSE
1987-02-27,King_Haakon,1.310406229,0.47767954273942914,0.47767954273942914,0.5877526775549149,FALSE,FALSE
1987-03-01,King_Haakon,1.376225116,0.5012390913319581,0.5012390913319581,0.5877526775549149,FALSE,FALSE
1987-03-03,King_Haakon,1.413282693,0.49055973087518,0.49055973087518,0.5877526775549149,FALSE,FALSE
1987-03-05,King_Haakon,1.478682864,0.5036647665688367,0.5036647665688367,0.5877526775549149,FALSE,FALSE
1987-03-07,King_Haakon,1.575524995,0.5444654556473509,0.5444654556473509,0.5877526775549149,FALSE,FALSE
1987-03-09,King_Haakon,1.640980044,0.5505568173713455,0.5505568173713455,0.5877526775549149,FALSE,FALSE
1987-03-11,King_Haakon,1.699947968,0.547175447466298,0.547175447466298,0.5877526775549149,FALSE,FALSE
1987-03-13,King_Haakon,1.75905944,0.5412886576576919,0.5412886576576919,0.5877526775549149,FALSE,FALSE
1987-03-15,King_Haakon,1.807511609,0.5224302356710051,0.5224302356710051,0.5877526775549149,FALSE,FALSE
1987-03-17,King_Haakon,1.816091845,0.4617241902317179,0.4617241902317179,0.5877526775549149,FALSE,FALSE
1987-03-19,King_Haakon,1.901910199,0.4766216127253846,0.4766216127253846,0.5877526775549149,FALSE,FALSE
1987-03-21,King_Haakon,1.941089281,0.44362558633749893,0.44362558633749893,0.5877526775549149,FALSE,FALSE
1987-03-23,King_Haakon,1.983449257,0.4129575395951941,0.4129575395951941,0.5877526775549149,FALSE,FALSE
1987-03-25,King_Haakon,2.073075236,0.42910403087207927,0.42910403087207927,0.5877526775549149,FALSE,FALSE
1987-03-27,King_Haakon,2.225035591,0.5075348825417594,0.5075348825417594,0.5877526775549149,FALSE,FALSE
1987-03-29,King_Haakon,2.314788924,0.5241101459778443,0.5241101459778443,0.5877526775549149,FALSE,FALSE
1987-03-31,King_Haakon,2.397190064,0.5340775183987934,0.5340775183987934,0.5877526775549149,FALSE,FALSE
1987-04-01,King_Haakon,3.093196991,1.1942069879489796,1.1942069879489796,0.5877526775549149,TRUE,FALSE
1987-04-02,King_Haakon,2.469241961,0.5345777659378415,0.5345777659378415,0.5877526775549149,FALSE,FALSE
1987-04-04,King_Haakon,2.552708806,0.5472209685015543,0.5472209685015543,0.5877526775549149,FALSE,FALSE
1987-04-06,King_Haakon,2.636874811,0.5611212286298626,0.5611212286298626,0.5877526775549149,FALSE,FALSE
1987-04-08,King_Haakon,2.675020446,0.5293889068627009,0.5293889068627009,0.5877526775549149,FALSE,FALSE
1987-04-10,King_Haakon,2.704852197,0.48956037973999944,0.48956037973999944,0.5877526775549149,FALSE,FALSE
1987-04-12,King_Haakon,2.799116307,0.514211945847904,0.514211945847904,0.5877526775549149,FALSE,FALSE
1987-04-14,King_Haakon,2.860470222,0.5058985395840905,0.5058985395840905,0.5877526775549149,FALSE,FALSE
1987-04-16,King_Haakon,2.925325002,0.5010995167821237,0.5010995167821237,0.5877526775549149,FALSE,FALSE
1987-04-18,King_Haakon,2.992565659,0.4987948211082034,0.4987948211082034,0.5877526775549149,FALSE,FALSE
1987-04-20,King_Haakon,3.104498698,0.5413858892285379,0.5413858892285379,0.5877526775549149,FALSE,FALSE
1987-04-22,King_Haakon,3.177045645,0.5448891788093233,0.5448891788093233,0.5877526775549149,FALSE,FALSE
1987-04-24,King_Haakon,3.177698287,0.47689140851676415,0.47689140851676415,0.5877526775549149,FALSE,FALSE
1987-04-26,King_Haakon,3.18996392,0.4210208389536638,0.4210208389536638,0.5877526775549149,FALSE,FALSE
1987-04-28,King_Haakon,3.196918262,0.360632372997455,0.360632372997455,0.5877526775549149,FALSE,FALSE
1987-04-30,King_Haakon,3.291876221,0.3893795519230645,0.3893795519230645,0.5877526775549149,FALSE,FALSE
1987-05-01,King_Haakon,3.644279736,0.7092080435621257,0.7092080435621257,0.5877526775549149,TRUE,FALSE
1987-05-02,King_Haakon,3.336291446,0.36905476463632647,0.36905476463632647,0.5877526775549149,FALSE,FALSE
1987-05-04,King_Haakon,3.324865146,0.29469796004307236,0.29469796004307236,0.5877526775549149,FALSE,FALSE
1987-05-06,King_Haakon,3.318886713,0.22793727004913533,0.22793727004913533,0.5877526775549149,FALSE,FALSE
1987-05-08,King_Haakon,3.302823126,0.15356652379559457,0.15356652379559457,0.5877526775549149,FALSE,FALSE
1987-05-10,King_Haakon,3.365842316,0.1608787423430047,0.1608787423430047,0.5877526775549149,FALSE,FALSE
1987-05-12,King_Haakon,3.475930288,0.21781652303024224,0.21781652303024224,0.5877526775549149,FALSE,FALSE
1987-05-14,King_Haakon,3.548163774,0.23940802066132605,0.23940802066132605,0.5877526775549149,FALSE,FALSE
1987-05-16,King_Haakon,3.597897932,0.24095981604027197,0.24095981604027197,0.5877526775549149,FALSE,FALSE
1987-05-18,King_Haakon,3.59509075,0.1923813199710969,0.1923813199710969,0.5877526775549149,FALSE,FALSE
1987-05-20,King_Haakon,3.584521306,0.13840145511775814,0.13840145511775814,0.5877526775549149,FALSE,FALSE
1987-05-22,King_Haakon,3.646085402,0.15871605271960745,0.15871605271960745,0.5877526775549149,FALSE,FALSE
1987-05-24,King_Haakon,3.667366492,0.14043748881534723,0.14043748881534723,0.5877526775549149,FALSE,FALSE
1987-05-26,King_Haakon,3.685073131,0.11977469521896732,0.11977469521896732,0.5877526775549149,FALSE,FALSE
1987-05-28,King_Haakon,3.75202376,0.14904648974445722,0.14904648974445722,0.5877526775549149,FALSE,FALSE
1987-05-30,King_Haakon,3.757436552,0.1169714222058058,0.1169714222058058,0.5877526775549149,FALSE,FALSE
1987-06-01,King_Haakon,3.730108386,0.05184674841699621,0.05184674841699621,0.5877526775549149,FALSE,FALSE
1987-06-03,King_Haakon,3.675978117,-0.04077143761965285,0.04077143761965285,0.5877526775549149,FALSE,FALSE
1987-06-05,King_Haakon,3.655600705,-0.10021866913957612,0.10021866913957612,0.5877526775549149,FALSE,FALSE
1987-06-07,King_Haakon,3.744971136,-0.05026085575881778,0.05026085575881778,0.5877526775549149,FALSE,FALSE
1987-06-09,King_Haakon,3.761049054,-0.07369924846239995,0.07369924846239995,0.5877526775549149,FALSE,FALSE
1987-06-11,King_Haakon,3.796747595,-0.07738160623533741,0.07738160623533741,0.5877526775549149,FALSE,FALSE
1987-06-13,King_Haakon,3.833122643,-0.08001294006264636,0.08001294006264636,0.5877526775549149,FALSE,FALSE
1987-06-15,King_Haakon,3.827387377,-0.12414673366081752,0.12414673366081752,0.5877526775549149,FALSE,FALSE
1987-06-17,King_Haakon,3.815115326,-0.17403787080040933,0.17403787080040933,0.5877526775549149,FALSE,FALSE
1987-06-19,King_Haakon,3.787456107,-0.2384026057840152,0.2384026057840152,0.5877526775549149,FALSE,FALSE
1987-06-21,King_Haakon,3.826446844,-0.23507021149875085,0.23507021149875085,0.5877526775549149,FALSE,FALSE
1987-06-23,King_Haakon,3.928525182,-0.16746943983174178,0.16746943983174178,0.5877526775549149,FALSE,FALSE
1987-06-25,King_Haakon,4.081597486,-0.04756032267010468,0.04756032267010468,0.5877526775549149,FALSE,FALSE
1987-06-27,King_Haakon,4.180001011,0.01912366066177906,0.01912366066177906,0.5877526775549149,FALSE,FALSE
1987-06-29,King_Haakon,4.224014722,0.03281863616321079,0.03281863616321079,0.5877526775549149,FALSE,FALSE
1987-07-01,King_Haakon,4.297604565,0.07722210242301042,0.07722210242301042,0.5877526775549149,FALSE,FALSE
1987-07-03,King_Haakon,4.277776525,0.02905631243870399,0.02905631243870399,0.5877526775549149,FALSE,FALSE
1987-07-05,King_Haakon,4.21406623,-0.06242683779219149,0.06242683779219149,0.5877526775549149,FALSE,FALSE
1987-07-07,King_Haakon,4.122278887,-0.18170587327215235,0.18170587327215235,0.5877526775549149,FALSE,FALSE
1987-07-09,King_Haakon,4.016876526,-0.3146024048001772,0.3146024048001772,0.5877526775549149,FALSE,FALSE
1987-07-11,King_Haakon,3.987598585,-0.371550312741292,0.371550312741292,0.5877526775549149,FALSE,FALSE
1987-07-13,King_Haakon,4.022540211,-0.36430324958258176,0.36430324958258176,0.5877526775549149,FALSE,FALSE
1987-07-15,King_Haakon,4.143146576,-0.2712054727223512,0.2712054727223512,0.5877526775549149,FALSE,FALSE
1987-07-17,King_Haakon,4.182702869,-0.25876122255890976,0.25876122255890976,0.5877526775549149,FALSE,FALSE
1987-07-19,King_Haakon,4.175616266,-0.2923527524905678,0.2923527524905678,0.5877526775549149,FALSE,FALSE
1987-07-21,King_Haakon,4.205056021,-0.2886002379156274,0.2886002379156274,0.5877526775549149,FALSE,FALSE
1987-07-23,King_Haakon,4.366223976,-0.1521090989589151,0.1521090989589151,0.5877526775549149,FALSE,FALSE
1987-07-25,King_Haakon,4.444655676,-0.0972785564908012,0.0972785564908012,0.5877526775549149,FALSE,FALSE
1987-07-27,King_Haakon,4.448331487,-0.11611852091130892,0.11611852091130892,0.5877526775549149,FALSE,FALSE
1987-07-29,King_Haakon,4.482889633,-0.10298127323414263,0.10298127323414263,0.5877526775549149,FALSE,FALSE
1987-07-31,King_Haakon,4.403282701,-0.20290473147301036,0.20290473147301036,0.5877526775549149,FALSE,FALSE
1987-08-01,King_Haakon,4.372097528,-0.2438310608777403,0.2438310608777403,0.5877526775549149,FALSE,FALSE
1987-08-02,King_Haakon,4.393364851,-0.23202524064161967,0.23202524064161967,0.5877526775549149,FALSE,FALSE
1987-08-03,King_Haakon,4.307398716,-0.32717203771766457,0.32717203771766457,0.5877526775549149,FALSE,FALSE
1987-08-04,King_Haakon,4.327440311,-0.3160243879010505,0.3160243879010505,0.5877526775549149,FALSE,FALSE
1987-08-05,King_Haakon,4.328989709,-0.3230594263833142,0.3230594263833142,0.5877526775549149,FALSE,FALSE
1987-08-06,King_Haakon,4.29403082,-0.366266638332104,0.366266638332104,0.5877526775549149,FALSE,FALSE
1987-08-07,King_Haakon,4.259382498,-0.4088005649150688,0.4088005649150688,0.5877526775549149,FALSE,FALSE
1987-08-08,King_Haakon,4.274552182,-0.4011271622998551,0.4011271622998551,0.5877526775549149,FALSE,FALSE
1987-08-09,King_Haakon,4.236042715,-0.4467169826541122,0.4467169826541122,0.5877526775549149,FALSE,FALSE
1987-08-10,King_Haakon,4.22757517,-0.46182234814548995,0.46182234814548995,0.5877526775549149,FALSE,FALSE
1987-08-11,King_Haakon,4.172209864,-0.523356336941637,0.523356336941637,0.5877526775549149,FALSE,FALSE
1987-08-12,King_Haakon,4.223165346,-0.478073795210201,0.478073795210201,0.5877526775549149,FALSE,FALSE
1987-08-13,King_Haakon,4.23856561,-0.4678241241188301,0.4678241241188301,0.5877526775549149,FALSE,FALSE
1987-08-14,King_Haakon,4.214617585,-0.49637378983517255,0.49637378983517255,0.5877526775549149,FALSE,FALSE
1987-08-15,King_Haakon,4.141016301,-0.574001157526876,0.574001157526876,0.5877526775549149,FALSE,FALSE
1987-08-16,King_Haakon,4.15124201,-0.5672013070259583,0.5672013070259583,0.5877526775549149,FALSE,FALSE
1987-08-17,King_Haakon,4.140894606,-0.5804072383778713,0.5804072383778713,0.5877526775549149,FALSE,FALSE
1987-08-18,King_Haakon,4.16832445,-0.5553673691211181,0.5553673691211181,0.5877526775549149,FALSE,FALSE
1987-08-19,King_Haakon,4.249575875,-0.4761397554347173,0.4761397554347173,0.5877526775549149,FALSE,FALSE
1987-08-20,King_Haakon,4.295863695,-0.431611972497695,0.431611972497695,0.5877526775549149,FALSE,FALSE
1987-08-21,King_Haakon,4.343798084,-0.38527623548906664,0.38527623548906664,0.5877526775549149,FALSE,FALSE
1987-08-22,King_Haakon,4.378061892,-0.3525520835878613,0.3525520835878613,0.5877526775549149,FALSE,FALSE
1987-08-23,King_Haakon,4.407073827,-0.3251231979730962,0.3251231979730962,0.5877526775549149,FALSE,FALSE
1987-08-24,King_Haakon,4.407738827,-0.3261870298237941,0.3261870298237941,0.5877526775549149,FALSE,FALSE
1987-08-25,King_Haakon,4.48415715,-0.2517457103189793,0.2517457103189793,0.5877526775549149,FALSE,FALSE
1987-08-26,King_Haakon,4.532170777,-0.20605964763767304,0.20605964763767304,0.5877526775549149,FALSE,FALSE
1987-08-27,King_Haakon,4.551307258,-0.1897036809588979,0.1897036809588979,0.5877526775549149,FALSE,FALSE
1987-08-28,King_Haakon,4.509092601,-0.2352541914616717,0.2352541914616717,0.5877526775549149,FALSE,FALSE
1987-08-29,King_Haakon,4.480689921,-0.2676290935126451,0.2676290935126451,0.5877526775549149,FALSE,FALSE
1987-08-30,King_Haakon,4.462249661,-0.29062915503221376,0.29062915503221376,0.5877526775549149,FALSE,FALSE
1987-08-31,King_Haakon,4.473183986,-0.28474464501499064,0.28474464501499064,0.5877526775549149,FALSE,FALSE
1987-09-01,King_Haakon,4.454995046,-0.3083757599657959,0.3083757599657959,0.5877526775549149,FALSE,FALSE
1987-09-02,King_Haakon,4.417425935,-0.3516817523894522,0.3516817523894522,0.5877526775549149,FALSE,FALSE
1987-09-03,King_Haakon,4.406604175,-0.36843744679077695,0.36843744679077695,0.5877526775549149,FALSE,FALSE
1987-09-04,King_Haakon,4.432704245,-0.34837071067459213,0.34837071067459213,0.5877526775549149,FALSE,FALSE
1987-09-05,King_Haakon,4.448479804,-0.33863023154571525,0.33863023154571525,0.5877526775549149,FALSE,FALSE
1987-09-06,King_Haakon,4.4261454,-0.3669038079089724,0.3669038079089724,0.5877526775549149,FALSE,FALSE
1987-09-07,King_Haakon,4.371236981,-0.427557838269176,0.427557838269176,0.5877526775549149,FALSE,FALSE
1987-09-08,King_Haakon,4.338648263,-0.4656009531311538,0.4656009531311538,0.5877526775549149,FALSE,FALSE
1987-09-09,King_Haakon,4.297164754,-0.5121499909997258,0.5121499909997258,0.5877526775549149,FALSE,FALSE
1987-09-10,King_Haakon,4.316989968,-0.49690421836893783,0.49690421836893783,0.5877526775549149,FALSE,FALSE
1987-09-11,King_Haakon,4.333048737,-0.4848827830424556,0.4848827830424556,0.5877526775549149,FALSE,FALSE
1987-09-12,King_Haakon,4.386220407,-0.4352248734269075,0.4352248734269075,0.5877526775549149,FALSE,FALSE
1987-09-13,King_Haakon,4.463096239,-0.36136561287863334,0.36136561287863334,0.5877526775549149,FALSE,FALSE
1987-09-14,King_Haakon,4.481554906,-0.3454527127539757,0.3454527127539757,0.5877526775549149,FALSE,FALSE
1987-09-15,King_Haakon,4.455629791,-0.3734791744092858,0.3734791744092858,0.5877526775549149,FALSE,FALSE
1987-09-16,King_Haakon,4.483236749,-0.3475555272009059,0.3475555272009059,0.5877526775549149,FALSE,FALSE
1987-09-17,King_Haakon,4.508329848,-0.32375408748517653,0.32375408748517653,0.5877526775549149,FALSE,FALSE
1987-09-18,King_Haakon,4.52137872,-0.31163160761845,0.31163160761845,0.5877526775549149,FALSE,FALSE
1987-09-19,King_Haakon,4.574047468,-0.2595503689570684,0.2595503689570684,0.5877526775549149,FALSE,FALSE
1987-09-20,King_Haakon,4.542777288,-0.2910955598573777,0.2910955598573777,0.5877526775549149,FALSE,FALSE
1987-09-21,King_Haakon,4.61104533,-0.22281641467571944,0.22281641467571944,0.5877526775549149,FALSE,FALSE
1987-09-22,King_Haakon,4.56833424,-0.2652566717684417,0.2652566717684417,0.5877526775549149,FALSE,FALSE
1987-09-23,King_Haakon,4.550163989,-0.28292294867698775,0.28292294867698775,0.5877526775549149,FALSE,FALSE
1987-09-24,King_Haakon,4.522463951,-0.30991464597397567,0.30991464597397567,0.5877526775549149,FALSE,FALSE
1987-09-25,King_Haakon,4.470209294,-0.36128669631214905,0.36128669631214905,0.5877526775549149,FALSE,FALSE
1987-09-26,King_Haakon,4.428777295,-0.4016919419506033,0.4016919419506033,0.5877526775549149,FALSE,FALSE
1987-09-27,King_Haakon,4.372654589,-0.4566738671484511,0.4566738671484511,0.5877526775549149,FALSE,FALSE
1987-09-28,King_Haakon,4.338979628,-0.48912413916479114,0.48912413916479114,0.5877526775549149,FALSE,FALSE
1987-09-29,King_Haakon,4.291580285,-0.5352450042587327,0.5352450042587327,0.5877526775549149,FALSE,FALSE
1987-09-30,King_Haakon,4.260073317,-0.5654498246893791,0.5654498246893791,0.5877526775549149,FALSE,FALSE
1987-10-01,King_Haakon,4.222818805,-0.6014086387158333,0.6014086387158333,0.5877526775549149,TRUE,TRUE
1987-10-02,King_Haakon,4.146215118,-0.6767531965972013,0.6767531965972013,0.5877526775549149,TRUE,TRUE
1987-10-03,King_Haakon,4.113030879,-0.708744994592589,0.708744994592589,0.5877526775549149,TRUE,TRUE
1987-10-04,King_Haakon,4.046397075,-0.7742831649610986,0.7742831649610986,0.5877526775549149,TRUE,TRUE
1987-10-05,King_Haakon,4.023139307,-0.7965722076780013,0.7965722076780013,0.5877526775549149,TRUE,TRUE
1987-10-06,King_Haakon,4.019173302,-0.7997043800530657,0.7997043800530657,0.5877526775549149,TRUE,TRUE
1987-10-07,King_Haakon,3.987158145,-0.8309635241342046,0.8309635241342046,0.5877526775549149,TRUE,TRUE
1987-10-08,King_Haakon,3.972271156,-0.8451033448715735,0.8451033448715735,0.5877526775549149,TRUE,TRUE
1987-10-09,King_Haakon,4.004482496,-0.8120847062153249,0.8120847062153249,0.5877526775549149,TRUE,TRUE
1987-10-10,King_Haakon,4.005097619,-0.8105331791156054,0.8105331791156054,0.5877526775549149,TRUE,TRUE
1987-10-11,King_Haakon,4.08113861,-0.7333577035225769,0.7333577035225769,0.5877526775549149,TRUE,TRUE
1987-10-12,King_Haakon,4.16589112,-0.6472036533863879,0.6472036533863879,0.5877526775549149,TRUE,TRUE
1987-10-13,King_Haakon,4.248471781,-0.5628854216571906,0.5628854216571906,0.5877526775549149,FALSE,FALSE
1987-10-14,King_Haakon,4.281638421,-0.527576205285138,0.527576205285138,0.5877526775549149,FALSE,FALSE
1987-10-15,King_Haakon,4.314673892,-0.4919241772203833,0.4919241772203833,0.5877526775549149,FALSE,FALSE
1987-10-16,King_Haakon,4.381344393,-0.4220941634130808,0.4220941634130808,0.5877526775549149,FALSE,FALSE
1987-10-17,King_Haakon,4.442328619,-0.3573384938133808,0.3573384938133808,0.5877526775549149,FALSE,FALSE
1987-10-18,King_Haakon,4.478907329,-0.3163101694211594,0.3163101694211594,0.5877526775549149,FALSE,FALSE
1987-10-19,King_Haakon,4.544066827,-0.24601473788204675,0.24601473788204675,0.5877526775549149,FALSE,FALSE
1987-10-20,King_Haakon,4.571071858,-0.21323484234318268,0.21323484234318268,0.5877526775549149,FALSE,FALSE
1987-10-21,King_Haakon,4.54926971,-0.2286728066484356,0.2286728066484356,0.5877526775549149,FALSE,FALSE
1987-10-22,King_Haakon,4.453848893,-0.3171897326416735,0.3171897326416735,0.5877526775549149,FALSE,FALSE
1987-10-23,King_Haakon,4.502625815,-0.2610188241667668,0.2610188241667668,0.5877526775549149,FALSE,FALSE
1987-10-24,King_Haakon,4.530303605,-0.2255065640675804,0.2255065640675804,0.5877526775549149,FALSE,FALSE
1987-10-25,King_Haakon,4.579737802,-0.1678470251879789,0.1678470251879789,0.5877526775549149,FALSE,FALSE
1987-10-26,King_Haakon,4.588316714,-0.15070151137183352,0.15070151137183352,0.5877526775549149,FALSE,FALSE
1987-10-27,King_Haakon,4.588743793,-0.14141618246301313,0.14141618246301313,0.5877526775549149,FALSE,FALSE
1987-10-28,King_Haakon,4.619979878,-0.10107981130538413,0.10107981130538413,0.5877526775549149,FALSE,FALSE
1987-10-29,King_Haakon,4.64620134,-0.0655656387428154,0.0655656387428154,0.5877526775549149,FALSE,FALSE
1987-10-30,King_Haakon,4.637013928,-0.06531752761916998,0.06531752761916998,0.5877526775549149,FALSE,FALSE
1987-10-31,King_Haakon,4.598204337,-0.0945842337049081,0.0945842337049081,0.5877526775549149,FALSE,FALSE
1987-11-01,King_Haakon,4.585184108,-0.09791996289220072,0.09791996289220072,0.5877526775549149,FALSE,FALSE
1987-11-02,King_Haakon,4.574651644,-0.09857064875041743,0.09857064875041743,0.5877526775549149,FALSE,FALSE
1987-11-03,King_Haakon,4.563626924,-0.09946064309326984,0.09946064309326984,0.5877526775549149,FALSE,FALSE
1987-11-04,King_Haakon,4.553094852,-0.0995493727344785,0.0995493727344785,0.5877526775549149,FALSE,FALSE
1987-11-05,King_Haakon,4.47857444,-0.1632621564877521,0.1632621564877521,0.5877526775549149,FALSE,FALSE
1987-11-06,King_Haakon,4.464724005,-0.16588500816681062,0.16588500816681062,0.5877526775549149,FALSE,FALSE
1987-11-07,King_Haakon,4.451249348,-0.16765645758536518,0.16765645758536518,0.5877526775549149,FALSE,FALSE
1987-11-08,King_Haakon,4.464747645,-0.14192365955713093,0.14192365955713093,0.5877526775549149,FALSE,FALSE
1987-11-09,King_Haakon,4.474710806,-0.1191390348958219,0.1191390348958219,0.5877526775549149,FALSE,FALSE
1987-11-10,King_Haakon,4.464513268,-0.11587247741515404,0.11587247741515404,0.5877526775549149,FALSE,FALSE
1987-11-11,King_Haakon,4.46548944,-0.10073390892884417,0.10073390892884417,0.5877526775549149,FALSE,FALSE
1987-11-12,King_Haakon,4.447453874,-0.103852807165568,0.103852807165568,0.5877526775549149,FALSE,FALSE
1987-11-13,King_Haakon,4.417767758,-0.11779535813093388,0.11779535813093388,0.5877526775549149,FALSE,FALSE
1987-11-14,King_Haakon,4.393176851,-0.12571813980336266,0.12571813980336266,0.5877526775549149,FALSE,FALSE
1987-11-15,King_Haakon,4.370802795,-0.13039978201900393,0.13039978201900393,0.5877526775549149,FALSE,FALSE
1987-11-16,King_Haakon,4.361847708,-0.12053843861401604,0.12053843861401604,0.5877526775549149,FALSE,FALSE
1987-11-17,King_Haakon,4.399687317,-0.0626586544245562,0.0626586544245562,0.5877526775549149,FALSE,FALSE
1987-11-18,King_Haakon,4.455995495,0.01501317171322202,0.01501317171322202,0.5877526775549149,FALSE,FALSE
1987-11-19,King_Haakon,4.463256032,0.04506055796316133,0.04506055796316133,0.5877526775549149,FALSE,FALSE
1987-11-20,King_Haakon,4.45166434,0.05777864448910375,0.05777864448910375,0.5877526775549149,FALSE,FALSE
1987-11-21,King_Haakon,4.454707801,0.08675454145489692,0.08675454145489692,0.5877526775549149,FALSE,FALSE
1987-11-22,King_Haakon,4.443386785,0.10308834702438308,0.10308834702438308,0.5877526775549149,FALSE,FALSE
1987-11-23,King_Haakon,4.451137504,0.1403160013614091,0.1403160013614091,0.5877526775549149,FALSE,FALSE
1987-11-24,King_Haakon,4.431782519,0.1523597936298131,0.1523597936298131,0.5877526775549149,FALSE,FALSE
1987-11-25,King_Haakon,4.378200151,0.13218042534810426,0.13218042534810426,0.5877526775549149,FALSE,FALSE
1987-11-26,King_Haakon,4.330776805,0.12009995855701484,0.12009995855701484,0.5877526775549149,FALSE,FALSE
1987-11-27,King_Haakon,4.279567128,0.10603492092880452,0.10603492092880452,0.5877526775549149,FALSE,FALSE
1987-11-28,King_Haakon,4.208091293,0.07336680732259104,0.07336680732259104,0.5877526775549149,FALSE,FALSE
1987-11-29,King_Haakon,4.216510733,0.12211837259749549,0.12211837259749549,0.5877526775549149,FALSE,FALSE
1987-11-30,King_Haakon,4.188765061,0.1360905516126385,0.1360905516126385,0.5877526775549149,FALSE,FALSE
1987-12-01,King_Haakon,4.128016077,0.1183064662271338,0.1183064662271338,0.5877526775549149,FALSE,FALSE
1987-12-02,King_Haakon,4.068001552,0.10236520930010597,0.10236520930010597,0.5877526775549149,FALSE,FALSE
1988-01-14,King_Haakon,2.032540499,0.41958726409789815,0.41958726409789815,0.5877526775549149,FALSE,FALSE
1988-01-15,King_Haakon,1.976265351,0.41378563967041626,0.41378563967041626,0.5877526775549149,FALSE,FALSE
1988-01-16,King_Haakon,1.905092812,0.3917045717931551,0.3917045717931551,0.5877526775549149,FALSE,FALSE
1988-01-17,King_Haakon,1.865130463,0.3994179388885386,0.3994179388885386,0.5877526775549149,FALSE,FALSE
1988-01-18,King_Haakon,1.801700899,0.38221463337898864,0.38221463337898864,0.5877526775549149,FALSE,FALSE
1988-01-19,King_Haakon,1.785495347,0.410752179686926,0.410752179686926,0.5877526775549149,FALSE,FALSE
1988-01-20,King_Haakon,1.745962473,0.41444554123477473,0.41444554123477473,0.5877526775549149,FALSE,FALSE
1988-01-21,King_Haakon,1.708820856,0.4189795944449559,0.4189795944449559,0.5877526775549149,FALSE,FALSE
1988-01-22,King_Haakon,1.657566478,0.4078166187398926,0.4078166187398926,0.5877526775549149,FALSE,FALSE
1988-01-23,King_Haakon,1.61260512,0.4013286925420072,0.4013286925420072,0.5877526775549149,FALSE,FALSE
1988-01-24,King_Haakon,1.576438931,0.40198426227371953,0.40198426227371953,0.5877526775549149,FALSE,FALSE
1988-01-25,King_Haakon,1.530093428,0.3907751423574539,0.3907751423574539,0.5877526775549149,FALSE,FALSE
1988-01-26,King_Haakon,1.508128096,0.40222711521563315,0.40222711521563315,0.5877526775549149,FALSE,FALSE
1988-01-27,King_Haakon,1.453170558,0.37894290035021694,0.37894290035021694,0.5877526775549149,FALSE,FALSE
1988-01-28,King_Haakon,1.431856048,0.3875923932705765,0.3875923932705765,0.5877526775549149,FALSE,FALSE
1988-01-29,King_Haakon,1.419392434,0.4034428225227171,0.4034428225227171,0.5877526775549149,FALSE,FALSE
1988-01-30,King_Haakon,1.399353459,0.4101273712160809,0.4101273712160809,0.5877526775549149,FALSE,FALSE
1988-01-31,King_Haakon,1.38108248,0.41704883646010793,0.41704883646010793,0.5877526775549149,FALSE,FALSE
1988-02-01,King_Haakon,1.355350537,0.4150376983642424,0.4150376983642424,0.5877526775549149,FALSE,FALSE
1988-02-02,King_Haakon,1.320196802,0.4021925690379242,0.4021925690379242,0.5877526775549149,FALSE,FALSE
1988-02-03,King_Haakon,1.296934084,0.3998856975905965,0.3998856975905965,0.5877526775549149,FALSE,FALSE
1988-02-04,King_Haakon,1.283368767,0.4059829081316999,0.4059829081316999,0.5877526775549149,FALSE,FALSE
1988-02-05,King_Haakon,1.276497926,0.4175407157706762,0.4175407157706762,0.5877526775549149,FALSE,FALSE
1988-02-06,King_Haakon,1.278461673,0.43675867261696943,0.43675867261696943,0.5877526775549149,FALSE,FALSE
1988-02-07,King_Haakon,1.280881116,0.4553173267800187,0.4553173267800187,0.5877526775549149,FALSE,FALSE
1988-02-08,King_Haakon,1.255488609,0.4450080809544742,0.4450080809544742,0.5877526775549149,FALSE,FALSE
1988-02-09,King_Haakon,1.237844851,0.44139900695318346,0.44139900695318346,0.5877526775549149,FALSE,FALSE
1988-02-10,King_Haakon,1.229370187,0.4458150516712457,0.4458150516712457,0.5877526775549149,FALSE,FALSE
1988-02-11,King_Haakon,1.228032567,0.4561166160279351,0.4561166160279351,0.5877526775549149,FALSE,FALSE
1988-02-12,King_Haakon,1.218675765,0.45703992494252,0.45703992494252,0.5877526775549149,FALSE,FALSE
1988-02-13,King_Haakon,1.197318923,0.4444965713342719,0.4444965713342719,0.5877526775549149,FALSE,FALSE
1988-02-14,King_Haakon,1.195435392,0.4498523571224645,0.4498523571224645,0.5877526775549149,FALSE,FALSE
1988-02-15,King_Haakon,1.176738461,0.4367130222263672,0.4367130222263672,0.5877526775549149,FALSE,FALSE
1988-02-16,King_Haakon,1.168086105,0.43182899256525265,0.43182899256525265,0.5877526775549149,FALSE,FALSE
1988-02-17,King_Haakon,1.14343179,0.4090461850583911,0.4090461850583911,0.5877526775549149,FALSE,FALSE
1988-02-18,King_Haakon,1.136004789,0.4014863236250543,0.4014863236250543,0.5877526775549149,FALSE,FALSE
1988-02-19,King_Haakon,1.137561451,0.4007982081845145,0.4007982081845145,0.5877526775549149,FALSE,FALSE
1988-02-20,King_Haakon,1.168962408,0.42773492165604166,0.42773492165604166,0.5877526775549149,FALSE,FALSE
1988-02-21,King_Haakon,1.172185234,0.42417691684417747,0.42417691684417747,0.5877526775549149,FALSE,FALSE
1988-02-22,King_Haakon,1.138317671,0.38124123840931745,0.38124123840931745,0.5877526775549149,FALSE,FALSE
1988-02-23,King_Haakon,1.080590424,0.3122719966777202,0.3122719966777202,0.5877526775549149,FALSE,FALSE
1988-02-24,King_Haakon,1.134129299,0.3525099232971609,0.3525099232971609,0.5877526775549149,FALSE,FALSE
1988-02-25,King_Haakon,1.155855157,0.35899080491541047,0.35899080491541047,0.5877526775549149,FALSE,FALSE
1988-02-26,King_Haakon,1.174146524,0.3602080931802423,0.3602080931802423,0.5877526775549149,FALSE,FALSE
1988-02-27,King_Haakon,1.175691179,0.3429644927394291,0.3429644927394291,0.5877526775549149,FALSE,FALSE
1988-02-28,King_Haakon,1.179485947,0.32637175424074305,0.32637175424074305,0.5877526775549149,FALSE,FALSE
1988-03-01,King_Haakon,1.206935563,0.3087083066608455,0.3087083066608455,0.5877526775549149,FALSE,FALSE
1988-03-02,King_Haakon,1.258964537,0.33624157487518,0.33624157487518,0.5877526775549149,FALSE,FALSE
1988-03-03,King_Haakon,1.318106151,0.36974793462273314,0.36974793462273314,0.5877526775549149,FALSE,FALSE
1988-03-04,King_Haakon,1.366468254,0.39145015656883664,0.39145015656883664,0.5877526775549149,FALSE,FALSE
1988-03-05,King_Haakon,1.391392854,0.38879035619775193,0.38879035619775193,0.5877526775549149,FALSE,FALSE
1988-03-06,King_Haakon,1.418948275,0.3878887356473508,0.3878887356473508,0.5877526775549149,FALSE,FALSE
1988-03-07,King_Haakon,1.491707631,0.4313604887583211,0.4313604887583211,0.5877526775549149,FALSE,FALSE
1988-03-08,King_Haakon,1.562707388,0.47228416137134555,0.47228416137134555,0.5877526775549149,FALSE,FALSE
1988-03-09,King_Haakon,1.627731456,0.5064857433271088,0.5064857433271088,0.5877526775549149,FALSE,FALSE
1988-03-10,King_Haakon,1.7028405,0.5500679794662979,0.5500679794662979,0.5877526775549149,FALSE,FALSE
1988-03-11,King_Haakon,1.750495985,0.5655344146295973,0.5655344146295973,0.5877526775549149,FALSE,FALSE
1988-03-12,King_Haakon,1.797247769,0.5794769866576919,0.5794769866576919,0.5877526775549149,FALSE,FALSE
1988-03-13,King_Haakon,1.866134854,0.6149767773912658,0.6149767773912658,0.5877526775549149,TRUE,TRUE
1988-03-14,King_Haakon,1.922263848,0.6371824746710051,0.6371824746710051,0.5877526775549149,TRUE,TRUE
1988-03-15,King_Haakon,1.962343805,0.6428452123375934,0.6428452123375934,0.5877526775549149,TRUE,TRUE
1988-03-16,King_Haakon,1.991197723,0.6368300682317178,0.6368300682317178,0.5877526775549149,TRUE,TRUE
1988-03-17,King_Haakon,2.004361844,0.6147155161071678,0.6147155161071678,0.5877526775549149,TRUE,TRUE
1988-03-18,King_Haakon,2.034877051,0.6095884647253846,0.6095884647253846,0.5877526775549149,TRUE,TRUE
1988-03-19,King_Haakon,2.051905402,0.5906609664115954,0.5906609664115954,0.5877526775549149,TRUE,TRUE
1988-03-20,King_Haakon,2.101427565,0.6039638703374988,0.6039638703374988,0.5877526775549149,TRUE,TRUE
1988-03-21,King_Haakon,2.1052457,0.571349517674798,0.571349517674798,0.5877526775549149,FALSE,FALSE
1988-03-22,King_Haakon,2.114837113,0.5443453955951942,0.5443453955951942,0.5877526775549149,FALSE,FALSE
1988-03-23,King_Haakon,2.138067277,0.5308671582703866,0.5308671582703866,0.5877526775549149,FALSE,FALSE
1988-03-24,King_Haakon,2.166021052,0.5220498468720791,0.5220498468720791,0.5877526775549149,FALSE,FALSE
1988-03-25,King_Haakon,2.215502085,0.5347472895719685,0.5347472895719685,0.5877526775549149,FALSE,FALSE
1988-03-26,King_Haakon,2.220321686,0.5028209775417594,0.5028209775417594,0.5877526775549149,FALSE,FALSE
1988-03-27,King_Haakon,2.278785765,0.5246270019531496,0.5246270019531496,0.5877526775549149,FALSE,FALSE
1988-03-28,King_Haakon,2.313729033,0.5230502549778442,0.5230502549778442,0.5877526775549149,FALSE,FALSE
1988-03-29,King_Haakon,2.294662707,0.46765213478754175,0.46765213478754175,0.5877526775549149,FALSE,FALSE
1988-03-30,King_Haakon,2.291052233,0.42793968739879307,0.42793968739879307,0.5877526775549149,FALSE,FALSE
1988-03-31,King_Haakon,2.273018511,0.3740285079489796,0.3740285079489796,0.5877526775549149,FALSE,FALSE
1988-04-01,King_Haakon,2.265590859,0.33092666393784165,0.33092666393784165,0.5877526775549149,FALSE,FALSE
1988-04-02,King_Haakon,2.235168028,0.26501164268286836,0.26501164268286836,0.5877526775549149,FALSE,FALSE
1988-04-03,King_Haakon,2.20665173,0.2011638925015542,0.2011638925015542,0.5877526775549149,FALSE,FALSE
1988-04-04,King_Haakon,2.204782831,0.1641030157113894,0.1641030157113894,0.5877526775549149,FALSE,FALSE
1988-04-05,King_Haakon,2.219739578,0.14398599562986236,0.14398599562986236,0.5877526775549149,FALSE,FALSE
1988-04-06,King_Haakon,2.255848569,0.14511816657446985,0.14511816657446985,0.5877526775549149,FALSE,FALSE
1988-04-07,King_Haakon,2.264491923,0.11886038386270092,0.11886038386270092,0.5877526775549149,FALSE,FALSE
1988-04-08,King_Haakon,2.24998005,0.06950179381204835,0.06950179381204835,0.5877526775549149,FALSE,FALSE
1988-04-09,King_Haakon,2.267172736,0.05188091873999934,0.05188091873999934,0.5877526775549149,FALSE,FALSE
1988-04-10,King_Haakon,2.291173873,0.04108038696405058,0.04108038696405058,0.5877526775549149,FALSE,FALSE
1988-04-11,King_Haakon,2.299068588,0.01416422684790408,0.01416422684790408,0.5877526775549149,FALSE,FALSE
1988-04-12,King_Haakon,2.339177157,0.01944337863740486,0.01944337863740486,0.5877526775549149,FALSE,FALSE
1988-04-13,King_Haakon,2.379946191,0.02537450858409062,0.02537450858409062,0.5877526775549149,FALSE,FALSE
1988-04-14,King_Haakon,2.407405888,0.01799968114623862,0.01799968114623862,0.5877526775549149,FALSE,FALSE
1988-04-15,King_Haakon,2.477432375,0.0532068897821234,0.0532068897821234,0.5877526775549149,FALSE,FALSE
1988-04-16,King_Haakon,2.510960509,0.05194285795001896,0.05194285795001896,0.5877526775549149,FALSE,FALSE
1988-04-17,King_Haakon,2.560831018,0.06706018010820358,0.06706018010820358,0.5877526775549149,FALSE,FALSE
1988-04-18,King_Haakon,2.588504133,0.06003095371495171,0.06003095371495171,0.5877526775549149,FALSE,FALSE
1988-04-19,King_Haakon,2.596278473,0.03316566422853784,0.03316566422853784,0.5877526775549149,FALSE,FALSE
1988-04-20,King_Haakon,2.649698312,0.05202045210723582,0.05202045210723582,0.5877526775549149,FALSE,FALSE
1988-04-21,King_Haakon,2.695658284,0.06350181780932296,0.06350181780932296,0.5877526775549149,FALSE,FALSE
1988-04-22,King_Haakon,2.738815103,0.07227834179307324,0.07227834179307324,0.5877526775549149,FALSE,FALSE
1988-04-23,King_Haakon,2.765823578,0.06501669951676403,0.06501669951676403,0.5877526775549149,FALSE,FALSE
1988-04-24,King_Haakon,2.829188068,0.0942350451668772,0.0942350451668772,0.5877526775549149,FALSE,FALSE
1988-04-25,King_Haakon,2.881557109,0.11261402795366404,0.11261402795366404,0.5877526775549149,FALSE,FALSE
1988-04-26,King_Haakon,2.976367828,0.17363301073444726,0.17363301073444726,0.5877526775549149,FALSE,FALSE
1988-04-27,King_Haakon,3.030814218,0.1945283289974551,0.1945283289974551,0.5877526775549149,FALSE,FALSE
1988-04-28,King_Haakon,3.085369559,0.21581560523092017,0.21581560523092017,0.5877526775549149,FALSE,FALSE
1988-04-29,King_Haakon,3.154286657,0.25178998792306473,0.25178998792306473,0.5877526775549149,FALSE,FALSE
1988-04-30,King_Haakon,3.193156171,0.2580844785621257,0.2580844785621257,0.5877526775549149,FALSE,FALSE
1988-05-01,King_Haakon,3.211185796,0.2439491146363264,0.2439491146363264,0.5877526775549149,FALSE,FALSE
1988-05-02,King_Haakon,3.223946434,0.2249971406338993,0.2249971406338993,0.5877526775549149,FALSE,FALSE
1988-05-03,King_Haakon,3.260421169,0.2302539830430721,0.2302539830430721,0.5877526775549149,FALSE,FALSE
1988-05-04,King_Haakon,3.272196685,0.21134866835207555,0.21134866835207555,0.5877526775549149,FALSE,FALSE
1988-05-05,King_Haakon,3.230856682,0.1399072390491356,0.1399072390491356,0.5877526775549149,FALSE,FALSE
1988-05-06,King_Haakon,3.233224722,0.11279557844807007,0.11279557844807007,0.5877526775549149,FALSE,FALSE
1988-05-07,King_Haakon,3.312829991,0.1635733887955948,0.1635733887955948,0.5877526775549149,FALSE,FALSE
1988-05-08,King_Haakon,3.295228724,0.11779600247707168,0.11779600247707168,0.5877526775549149,FALSE,FALSE
1988-05-09,King_Haakon,3.226458972,0.02149539834300462,0.02149539834300462,0.5877526775549149,FALSE,FALSE
1988-05-10,King_Haakon,3.230644233,-0.001210997756107,0.001210997756107,0.5877526775549149,FALSE,FALSE
1988-05-11,King_Haakon,3.301000942,0.04288717703024236,0.04288717703024236,0.5877526775549149,FALSE,FALSE
1988-05-12,King_Haakon,3.363549539,0.07980429055255334,0.07980429055255334,0.5877526775549149,FALSE,FALSE
1988-05-13,King_Haakon,3.358874152,0.05011839866132606,0.05011839866132606,0.5877526775549149,FALSE,FALSE
1988-05-14,King_Haakon,3.3742050200000002,0.04105366820706679,0.04105366820706679,0.5877526775549149,FALSE,FALSE
1988-05-15,King_Haakon,3.422936437,0.06599832104027215,0.06599832104027215,0.5877526775549149,FALSE,FALSE
1988-05-16,King_Haakon,3.425751429,0.04562931101144985,0.04562931101144985,0.5877526775549149,FALSE,FALSE
1988-05-17,King_Haakon,3.401657411,-0.00105201902890295,0.00105201902890295,0.5877526775549149,FALSE,FALSE
1988-05-18,King_Haakon,3.50684164,0.082135515769719,0.082135515769719,0.5877526775549149,FALSE,FALSE
1988-05-19,King_Haakon,3.538279949,0.09216009811775816,0.09216009811775816,0.5877526775549149,FALSE,FALSE
1988-05-20,King_Haakon,3.564016862,0.09702980490782132,0.09702980490782132,0.5877526775549149,FALSE,FALSE
1988-05-21,King_Haakon,3.580186703,0.09281735371960707,0.09281735371960707,0.5877526775549149,FALSE,FALSE
1988-05-22,King_Haakon,3.61616042,0.10883123965486652,0.10883123965486652,0.5877526775549149,FALSE,FALSE
1988-05-23,King_Haakon,3.670938403,0.1440093998153471,0.1440093998153471,0.5877526775549149,FALSE,FALSE
1988-05-24,King_Haakon,3.712413448,0.16618217730279827,0.16618217730279827,0.5877526775549149,FALSE,FALSE
1988-05-25,King_Haakon,3.767904819,0.2026063832189675,0.2026063832189675,0.5877526775549149,FALSE,FALSE
1988-05-26,King_Haakon,3.783632028,0.1994390766656049,0.1994390766656049,0.5877526775549149,FALSE,FALSE
1988-05-27,King_Haakon,3.786193884,0.18321661374445689,0.18321661374445689,0.5877526775549149,FALSE,FALSE
1988-05-28,King_Haakon,3.776312081,0.1545982355572737,0.1545982355572737,0.5877526775549149,FALSE,FALSE
1988-05-29,King_Haakon,3.802896482,0.16243135220580562,0.16243135220580562,0.5877526775549149,FALSE,FALSE
1988-05-30,King_Haakon,3.81921213,0.15991855379179443,0.15991855379179443,0.5877526775549149,FALSE,FALSE
1988-05-31,King_Haakon,3.850669914,0.1724082764169963,0.1724082764169963,0.5877526775549149,FALSE,FALSE
1988-06-01,King_Haakon,3.901488759,0.20407084453587965,0.20407084453587965,0.5877526775549149,FALSE,FALSE
1988-06-02,King_Haakon,3.962803835,0.2460542803803469,0.2460542803803469,0.5877526775549149,FALSE,FALSE
1988-06-03,King_Haakon,4.008608801,0.27238213044623905,0.27238213044623905,0.5877526775549149,FALSE,FALSE
1988-06-04,King_Haakon,4.023158975,0.2673396008604243,0.2673396008604243,0.5877526775549149,FALSE,FALSE
1988-06-05,King_Haakon,4.03127108,0.2557733027497786,0.2557733027497786,0.5877526775549149,FALSE,FALSE
1988-06-06,King_Haakon,4.003268001,0.20803600924118237,0.20803600924118237,0.5877526775549149,FALSE,FALSE
1988-06-07,King_Haakon,3.982480593,0.16748846346149726,0.16748846346149726,0.5877526775549149,FALSE,FALSE
1988-06-08,King_Haakon,4.0044392,0.16969089753760036,0.16969089753760036,0.5877526775549149,FALSE,FALSE
1988-06-09,King_Haakon,4.060518622,0.20604799959636377,0.20604799959636377,0.5877526775549149,FALSE,FALSE
1988-06-10,King_Haakon,4.136286756,0.2621575547646624,0.2621575547646624,0.5877526775549149,FALSE,FALSE
1988-06-11,King_Haakon,4.19438356,0.30068940916937015,0.30068940916937015,0.5877526775549149,FALSE,FALSE
1988-06-12,King_Haakon,4.269673943,0.3565383599373537,0.3565383599373537,0.5877526775549149,FALSE,FALSE
1988-06-13,King_Haakon,4.312399483,0.3799757532447017,0.3799757532447017,0.5877526775549149,FALSE,FALSE
1988-06-14,King_Haakon,4.349266569,0.3977324583391826,0.3977324583391826,0.5877526775549149,FALSE,FALSE
1988-06-15,King_Haakon,4.347244742,0.3767952421944458,0.3767952421944458,0.5877526775549149,FALSE,FALSE
1988-06-16,King_Haakon,4.354712651,0.36555945419959057,0.36555945419959057,0.5877526775549149,FALSE,FALSE
1988-06-17,King_Haakon,4.349519181,0.3418906797437353,0.3418906797437353,0.5877526775549149,FALSE,FALSE
1988-06-18,King_Haakon,4.3713103,0.3454515872159849,0.3454515872159849,0.5877526775549149,FALSE,FALSE
1988-06-19,King_Haakon,4.391547229,0.3477200980054551,0.3477200980054551,0.5877526775549149,FALSE,FALSE
1988-06-20,King_Haakon,4.426600684,0.36508362850124954,0.36508362850124954,0.5877526775549149,FALSE,FALSE
1988-06-21,King_Haakon,4.427813276,0.34890149009248095,0.34890149009248095,0.5877526775549149,FALSE,FALSE
1988-06-22,King_Haakon,4.411656415,0.3156617931682586,0.3156617931682586,0.5877526775549149,FALSE,FALSE
1988-06-23,King_Haakon,4.400660276,0.2879114131176941,0.2879114131176941,0.5877526775549149,FALSE,FALSE
1988-06-24,King_Haakon,4.392692539,0.26353473032989516,0.26353473032989516,0.5877526775549149,FALSE,FALSE
1988-06-25,King_Haakon,4.406499024,0.2612942651939738,0.2612942651939738,0.5877526775549149,FALSE,FALSE
1988-06-26,King_Haakon,4.393399061,0.2325217106617794,0.2325217106617794,0.5877526775549149,FALSE,FALSE
1988-06-27,King_Haakon,4.320920654,0.1447246578175445,0.1447246578175445,0.5877526775549149,FALSE,FALSE
1988-06-28,King_Haakon,4.33591802,0.14472193416321133,0.14472193416321133,0.5877526775549149,FALSE,FALSE
1988-06-29,King_Haakon,4.284828463,0.0789153771984692,0.0789153771984692,0.5877526775549149,FALSE,FALSE
1988-06-30,King_Haakon,4.241500396,0.02111793342301027,0.02111793342301027,0.5877526775549149,FALSE,FALSE
1988-07-01,King_Haakon,4.235364911,7.252283365266621e-4,7.252283365266621e-4,0.5877526775549149,FALSE,FALSE
1988-07-02,King_Haakon,4.213356841,-0.03536337156129576,0.03536337156129576,0.5877526775549149,FALSE,FALSE
1988-07-03,King_Haakon,4.181298371,-0.08136114777076653,0.08136114777076653,0.5877526775549149,FALSE,FALSE
1988-07-04,King_Haakon,4.178007335,-0.09848573279219151,0.09848573279219151,0.5877526775549149,FALSE,FALSE
1988-07-05,King_Haakon,4.14076561,-0.14949071612588585,0.14949071612588585,0.5877526775549149,FALSE,FALSE
1988-07-06,King_Haakon,4.178787036,-0.12519772427215248,0.12519772427215248,0.5877526775549149,FALSE,FALSE
1988-07-07,King_Haakon,4.226727506,-0.09098633073130902,0.09098633073130902,0.5877526775549149,FALSE,FALSE
1988-07-08,King_Haakon,4.25282403,-0.0786549008001769,0.0786549008001769,0.5877526775549149,FALSE,FALSE
1988-07-09,King_Haakon,4.267206188,-0.07809149112060698,0.07809149112060698,0.5877526775549149,FALSE,FALSE
1988-07-10,King_Haakon,4.348512381,-0.01063651674129229,0.01063651674129229,0.5877526775549149,FALSE,FALSE
1988-07-11,King_Haakon,4.478420228,0.10541396266298177,0.10541396266298177,0.5877526775549149,FALSE,FALSE
1988-07-12,King_Haakon,4.556736657,0.1698931964174184,0.1698931964174184,0.5877526775549149,FALSE,FALSE
1988-07-13,King_Haakon,4.588939563,0.18830540084723868,0.18830540084723868,0.5877526775549149,FALSE,FALSE
1988-07-14,King_Haakon,4.622245626,0.20789357727764823,0.20789357727764823,0.5877526775549149,FALSE,FALSE
1988-07-15,King_Haakon,4.646897689,0.21892689003386143,0.21892689003386143,0.5877526775549149,FALSE,FALSE
1988-07-16,King_Haakon,4.68317324,0.2417091484410907,0.2417091484410907,0.5877526775549149,FALSE,FALSE
1988-07-17,King_Haakon,4.721604337,0.26679873182454106,0.26679873182454106,0.5877526775549149,FALSE,FALSE
1988-07-18,King_Haakon,4.749624068,0.28165504950943276,0.28165504950943276,0.5877526775549149,FALSE,FALSE
1988-07-19,King_Haakon,4.731077789,0.25014977882097345,0.25014977882097345,0.5877526775549149,FALSE,FALSE
1988-07-20,King_Haakon,4.716927973,0.22327171408437252,0.22327171408437252,0.5877526775549149,FALSE,FALSE
1988-07-21,King_Haakon,4.703214914,0.19708646891558068,0.19708646891558068,0.5877526775549149,FALSE,FALSE
1988-07-22,King_Haakon,4.677850568,0.15951749304108542,0.15951749304108542,0.5877526775549149,FALSE,FALSE
1988-07-23,King_Haakon,4.653242005,0.12297327194786156,0.12297327194786156,0.5877526775549149,FALSE,FALSE
1988-07-24,King_Haakon,4.642095722,0.10016148950919844,0.10016148950919844,0.5877526775549149,FALSE,FALSE
1988-07-25,King_Haakon,4.632924724,0.07959633759837903,0.07959633759837903,0.5877526775549149,FALSE,FALSE
1988-07-26,King_Haakon,4.645672326,0.08122231808869085,0.08122231808869085,0.5877526775549149,FALSE,FALSE
1988-07-27,King_Haakon,4.64649537,0.07119745985342352,0.07119745985342352,0.5877526775549149,FALSE,FALSE
1988-07-28,King_Haakon,4.640669724,0.0547988177658576,0.0547988177658576,0.5877526775549149,FALSE,FALSE
1988-07-29,King_Haakon,4.658328314,0.06216050469928635,0.06216050469928635,0.5877526775549149,FALSE,FALSE
1988-07-30,King_Haakon,4.660858981,0.05467154852698908,0.05467154852698908,0.5877526775549149,FALSE,FALSE
1988-07-31,King_Haakon,4.670253936,0.05432534712225934,0.05432534712225934,0.5877526775549149,FALSE,FALSE
1988-08-01,King_Haakon,4.665584273,0.04019418135838037,0.04019418135838037,0.5877526775549149,FALSE,FALSE
1988-08-02,King_Haakon,4.693059337,0.05848858328233586,0.05848858328233586,0.5877526775549149,FALSE,FALSE
1988-08-03,King_Haakon,4.700033332,0.05656863309894966,0.05656863309894966,0.5877526775549149,FALSE,FALSE
1988-08-04,King_Haakon,4.733284549,0.08123541361668618,0.08123541361668618,0.5877526775549149,FALSE,FALSE
1988-08-05,King_Haakon,4.758306455,0.09800899666789586,0.09800899666789586,0.5877526775549149,FALSE,FALSE
1988-08-06,King_Haakon,4.752184256,0.08400119308493093,0.08400119308493093,0.5877526775549149,FALSE,FALSE
1988-08-07,King_Haakon,4.732428644,0.05674929970014464,0.05674929970014464,0.5877526775549149,FALSE,FALSE
1988-08-08,King_Haakon,4.757681537,0.0749218393458877,0.0749218393458877,0.5877526775549149,FALSE,FALSE
1988-08-09,King_Haakon,4.749311118,0.05991359985450995,0.05991359985450995,0.5877526775549149,FALSE,FALSE
1988-08-10,King_Haakon,4.718804344,0.02323814305836258,0.02323814305836258,0.5877526775549149,FALSE,FALSE
1988-08-11,King_Haakon,4.683059123,-0.01818001821020143,0.01818001821020143,0.5877526775549149,FALSE,FALSE
1988-08-12,King_Haakon,4.661475153,-0.04491458111883073,0.04491458111883073,0.5877526775549149,FALSE,FALSE
1988-08-13,King_Haakon,4.656008546,-0.0549828288351728,0.0549828288351728,0.5877526775549149,FALSE,FALSE
1988-08-14,King_Haakon,4.653602126,-0.06141533252687559,0.06141533252687559,0.5877526775549149,FALSE,FALSE
1988-08-15,King_Haakon,4.602900363,-0.11554295402595828,0.11554295402595828,0.5877526775549149,FALSE,FALSE
1988-08-16,King_Haakon,4.543013383,-0.17828846137787124,0.17828846137787124,0.5877526775549149,FALSE,FALSE
1988-08-17,King_Haakon,4.493363434,-0.2303283851211182,0.2303283851211182,0.5877526775549149,FALSE,FALSE
1988-08-18,King_Haakon,4.471819975,-0.25389565543471715,0.25389565543471715,0.5877526775549149,FALSE,FALSE
1988-08-19,King_Haakon,4.455215267,-0.2722604004976956,0.2722604004976956,0.5877526775549149,FALSE,FALSE
1988-08-20,King_Haakon,4.377017478,-0.352056841489067,0.352056841489067,0.5877526775549149,FALSE,FALSE
1988-08-21,King_Haakon,4.349177249,-0.3814367265878609,0.3814367265878609,0.5877526775549149,FALSE,FALSE
1988-08-22,King_Haakon,4.301398902,-0.43079812297309594,0.43079812297309594,0.5877526775549149,FALSE,FALSE
1988-08-23,King_Haakon,4.27195891,-0.4619669468237939,0.4619669468237939,0.5877526775549149,FALSE,FALSE
1988-08-24,King_Haakon,4.253745349,-0.4821575113189791,0.4821575113189791,0.5877526775549149,FALSE,FALSE
1988-08-25,King_Haakon,4.233482131,-0.5047482936376735,0.5047482936376735,0.5877526775549149,FALSE,FALSE
1988-08-26,King_Haakon,4.233855954,-0.5071549849588974,0.5071549849588974,0.5877526775549149,FALSE,FALSE
1988-08-27,King_Haakon,4.255121157,-0.489225635461672,0.489225635461672,0.5877526775549149,FALSE,FALSE
1988-08-28,King_Haakon,4.228735935,-0.5195830795126453,0.5195830795126453,0.5877526775549149,FALSE,FALSE
1988-08-29,King_Haakon,4.197566743,-0.5553120730322139,0.5553120730322139,0.5877526775549149,FALSE,FALSE
1988-08-30,King_Haakon,4.199810135,-0.5581184960149903,0.5581184960149903,0.5877526775549149,FALSE,FALSE
1988-08-31,King_Haakon,4.211968003,-0.5514028029657956,0.5514028029657956,0.5877526775549149,FALSE,FALSE
1988-09-01,King_Haakon,4.244750724,-0.5243569633894518,0.5243569633894518,0.5877526775549149,FALSE,FALSE
1988-09-02,King_Haakon,4.226122084,-0.548919537790777,0.548919537790777,0.5877526775549149,FALSE,FALSE
1988-09-03,King_Haakon,4.259213668,-0.5218612876745921,0.5218612876745921,0.5877526775549149,FALSE,FALSE
1988-09-04,King_Haakon,4.339086764,-0.44802327154571486,0.44802327154571486,0.5877526775549149,FALSE,FALSE
1988-09-05,King_Haakon,4.337136737,-0.4559124709089728,0.4559124709089728,0.5877526775549149,FALSE,FALSE
1988-09-06,King_Haakon,4.343949896,-0.45484492326917625,0.45484492326917625,0.5877526775549149,FALSE,FALSE
1988-09-07,King_Haakon,4.362910781,-0.44133843513115334,0.44133843513115334,0.5877526775549149,FALSE,FALSE
1988-09-08,King_Haakon,4.354602861,-0.4547118839997255,0.4547118839997255,0.5877526775549149,FALSE,FALSE
1988-09-09,King_Haakon,4.394717235,-0.4191769513689376,0.4191769513689376,0.5877526775549149,FALSE,FALSE
1988-09-10,King_Haakon,4.431329851,-0.38660166904245585,0.38660166904245585,0.5877526775549149,FALSE,FALSE
1988-09-11,King_Haakon,4.503350519,-0.3180947614269076,0.3180947614269076,0.5877526775549149,FALSE,FALSE
1988-09-12,King_Haakon,4.48743367,-0.33702818187863404,0.33702818187863404,0.5877526775549149,FALSE,FALSE
1988-09-13,King_Haakon,4.471760152,-0.3552474667539762,0.3552474667539762,0.5877526775549149,FALSE,FALSE
1988-09-14,King_Haakon,4.464065091,-0.36504387440928543,0.36504387440928543,0.5877526775549149,FALSE,FALSE
1988-09-15,King_Haakon,4.599228792,-0.23156348420090556,0.23156348420090556,0.5877526775549149,FALSE,FALSE
1988-09-16,King_Haakon,4.666307946,-0.16577598948517647,0.16577598948517647,0.5877526775549149,FALSE,FALSE
1988-09-17,King_Haakon,4.649958943,-0.18305138461845072,0.18305138461845072,0.5877526775549149,FALSE,FALSE
1988-09-18,King_Haakon,4.697593923,-0.1360039139570679,0.1360039139570679,0.5877526775549149,FALSE,FALSE
1988-09-19,King_Haakon,4.764194045,-0.0696788028573776,0.0696788028573776,0.5877526775549149,FALSE,FALSE
1988-09-20,King_Haakon,4.828085098,-0.00577664667571919,0.00577664667571919,0.5877526775549149,FALSE,FALSE
1988-09-21,King_Haakon,4.817665242,-0.01592566976844178,0.01592566976844178,0.5877526775549149,FALSE,FALSE
1988-09-22,King_Haakon,4.769222315,-0.063864622676987,0.063864622676987,0.5877526775549149,FALSE,FALSE
1988-09-23,King_Haakon,4.788725162,-0.043653434973975,0.043653434973975,0.5877526775549149,FALSE,FALSE
1988-09-24,King_Haakon,4.832253596,7.576056878511039e-4,7.576056878511039e-4,0.5877526775549149,FALSE,FALSE
1988-09-25,King_Haakon,4.808947426,-0.02152181095060346,0.02152181095060346,0.5877526775549149,FALSE,FALSE
1988-09-26,King_Haakon,4.793556392,-0.03577206414845069,0.03577206414845069,0.5877526775549149,FALSE,FALSE
1988-09-27,King_Haakon,4.81016409,-0.01793967716479105,0.01793967716479105,0.5877526775549149,FALSE,FALSE
1988-09-28,King_Haakon,4.846994626,0.02016933674126697,0.02016933674126697,0.5877526775549149,FALSE,FALSE
1988-09-29,King_Haakon,4.945856299,0.120333157310621,0.120333157310621,0.5877526775549149,FALSE,FALSE
1988-09-30,King_Haakon,5.046043333,0.22181588928416665,0.22181588928416665,0.5877526775549149,FALSE,FALSE
1988-10-01,King_Haakon,5.06752343,0.2445551154027985,0.2445551154027985,0.5877526775549149,FALSE,FALSE
1988-10-02,King_Haakon,5.056576743,0.23480086940741085,0.23480086940741085,0.5877526775549149,FALSE,FALSE
1988-10-03,King_Haakon,5.026523494,0.2058432540389017,0.2058432540389017,0.5877526775549149,FALSE,FALSE
1988-10-04,King_Haakon,4.952680673,0.1329691583219983,0.1329691583219983,0.5877526775549149,FALSE,FALSE
1988-10-05,King_Haakon,4.917726759,0.09884907694693457,0.09884907694693457,0.5877526775549149,FALSE,FALSE
1988-10-06,King_Haakon,4.871544162,0.05342249286579559,0.05342249286579559,0.5877526775549149,FALSE,FALSE
1988-10-07,King_Haakon,4.840404506,0.02303000512842601,0.02303000512842601,0.5877526775549149,FALSE,FALSE
1988-10-08,King_Haakon,4.887745483,0.07117828078467525,0.07117828078467525,0.5877526775549149,FALSE,FALSE
1988-10-09,King_Haakon,4.951034863,0.13540406488439505,0.13540406488439505,0.5877526775549149,FALSE,FALSE
1988-10-10,King_Haakon,4.966910596,0.15241428247742306,0.15241428247742306,0.5877526775549149,FALSE,FALSE
1988-10-11,King_Haakon,5.030536728,0.21744195461361215,0.21744195461361215,0.5877526775549149,FALSE,FALSE
1988-10-12,King_Haakon,5.024998018,0.2136408153428091,0.2136408153428091,0.5877526775549149,FALSE,FALSE
1988-10-13,King_Haakon,5.08878435,0.2795697237148618,0.2795697237148618,0.5877526775549149,FALSE,FALSE
1988-10-14,King_Haakon,5.116302409,0.30970433977961687,0.30970433977961687,0.5877526775549149,FALSE,FALSE
1988-10-15,King_Haakon,5.091217713,0.287779156586919,0.287779156586919,0.5877526775549149,FALSE,FALSE
1988-10-16,King_Haakon,5.023548039,0.22388092618661837,0.22388092618661837,0.5877526775549149,FALSE,FALSE
1988-10-17,King_Haakon,5.057565958,0.2623484595788401,0.2623484595788401,0.5877526775549149,FALSE,FALSE
1988-10-18,King_Haakon,5.050265159,0.26018359411795355,0.26018359411795355,0.5877526775549149,FALSE,FALSE
1988-10-19,King_Haakon,5.054972466,0.2706657656568172,0.2706657656568172,0.5877526775549149,FALSE,FALSE
1988-10-20,King_Haakon,5.058858543,0.2809160263515649,0.2809160263515649,0.5877526775549149,FALSE,FALSE
1988-10-21,King_Haakon,5.057945073,0.2869064473583265,0.2869064473583265,0.5877526775549149,FALSE,FALSE
1988-10-22,King_Haakon,5.04258153,0.2789368908332328,0.2789368908332328,0.5877526775549149,FALSE,FALSE
1988-10-23,King_Haakon,5.001064025,0.2452538559324191,0.2452538559324191,0.5877526775549149,FALSE,FALSE
1988-10-24,King_Haakon,4.98344903,0.2358642028120208,0.2358642028120208,0.5877526775549149,FALSE,FALSE
1988-10-25,King_Haakon,4.969657849,0.23063962362816604,0.23063962362816604,0.5877526775549149,FALSE,FALSE
1988-10-26,King_Haakon,4.91553264,0.1853726645369873,0.1853726645369873,0.5877526775549149,FALSE,FALSE
1988-10-27,King_Haakon,4.878701001,0.15764131169461582,0.15764131169461582,0.5877526775549149,FALSE,FALSE
1988-10-28,King_Haakon,4.85247092,0.14070394125718444,0.14070394125718444,0.5877526775549149,FALSE,FALSE
1988-10-29,King_Haakon,4.823000039,0.12066858338083009,0.12066858338083009,0.5877526775549149,FALSE,FALSE
1988-10-30,King_Haakon,4.797214228,0.10442565729509123,0.10442565729509123,0.5877526775549149,FALSE,FALSE
1988-10-31,King_Haakon,4.762890738,0.07978666710779958,0.07978666710779958,0.5877526775549149,FALSE,FALSE
1988-11-01,King_Haakon,4.721207133,0.04798484024958238,0.04798484024958238,0.5877526775549149,FALSE,FALSE
1988-11-02,King_Haakon,4.686557292,0.02346972490672971,0.02346972490672971,0.5877526775549149,FALSE,FALSE
1988-11-03,King_Haakon,4.655449591,0.00280536626552141,0.00280536626552141,0.5877526775549149,FALSE,FALSE
1988-11-04,King_Haakon,4.620940318,-0.02089627848775244,0.02089627848775244,0.5877526775549149,FALSE,FALSE
1988-11-05,King_Haakon,4.605007883,-0.02560113016681065,0.02560113016681065,0.5877526775549149,FALSE,FALSE
1988-11-06,King_Haakon,4.607457158,-0.01144864758536545,0.01144864758536545,0.5877526775549149,FALSE,FALSE
1988-11-07,King_Haakon,4.583048961,-0.02362234355713077,0.02362234355713077,0.5877526775549149,FALSE,FALSE
1988-11-08,King_Haakon,4.575273989,-0.01857585189582167,0.01857585189582167,0.5877526775549149,FALSE,FALSE
1988-11-09,King_Haakon,4.535354107,-0.04503163841515434,0.04503163841515434,0.5877526775549149,FALSE,FALSE
1988-11-10,King_Haakon,4.546032158,-0.02019119092884391,0.02019119092884391,0.5877526775549149,FALSE,FALSE
1988-11-11,King_Haakon,4.557271146,0.00596446483443191,0.00596446483443191,0.5877526775549149,FALSE,FALSE
1988-11-12,King_Haakon,4.558874348,0.0233112318690658,0.0233112318690658,0.5877526775549149,FALSE,FALSE
1988-11-13,King_Haakon,4.519056226,1.612351966375769e-4,1.612351966375769e-4,0.5877526775549149,FALSE,FALSE
1988-11-14,King_Haakon,4.590682766,0.0894801889809953,0.0894801889809953,0.5877526775549149,FALSE,FALSE
1988-11-15,King_Haakon,4.580571505,0.09818535838598395,0.09818535838598395,0.5877526775549149,FALSE,FALSE
1988-11-16,King_Haakon,4.616547492,0.15420152057544367,0.15420152057544367,0.5877526775549149,FALSE,FALSE
1988-11-17,King_Haakon,4.603397025,0.1624147017132218,0.1624147017132218,0.5877526775549149,FALSE,FALSE
1988-11-18,King_Haakon,4.58629233,0.16809685596316104,0.16809685596316104,0.5877526775549149,FALSE,FALSE
1988-11-19,King_Haakon,4.518805034,0.12491933848910364,0.12491933848910364,0.5877526775549149,FALSE,FALSE
1988-11-20,King_Haakon,4.514332163,0.146378903454897,0.146378903454897,0.5877526775549149,FALSE,FALSE
1988-11-21,King_Haakon,4.484473286,0.14417484802438274,0.14417484802438274,0.5877526775549149,FALSE,FALSE
1988-11-22,King_Haakon,4.470213707,0.1593922043614091,0.1593922043614091,0.5877526775549149,FALSE,FALSE
1988-11-23,King_Haakon,4.441042712,0.16161998662981247,0.16161998662981247,0.5877526775549149,FALSE,FALSE
1988-11-24,King_Haakon,4.38646439,0.14044466434810501,0.14044466434810501,0.5877526775549149,FALSE,FALSE
1988-11-25,King_Haakon,4.356524545,0.14584769855701474,0.14584769855701474,0.5877526775549149,FALSE,FALSE
1988-11-26,King_Haakon,4.328318602,0.15478639492880486,0.15478639492880486,0.5877526775549149,FALSE,FALSE
1988-11-27,King_Haakon,4.293453963,0.15872947732259135,0.15872947732259135,0.5877526775549149,FALSE,FALSE
1988-11-28,King_Haakon,4.275014676,0.1806223155974953,0.1806223155974953,0.5877526775549149,FALSE,FALSE
1988-11-29,King_Haakon,4.237432999,0.18475848961263883,0.18475848961263883,0.5877526775549149,FALSE,FALSE
1988-11-30,King_Haakon,4.193812392,0.18410278122713383,0.18410278122713383,0.5877526775549149,FALSE,FALSE
1988-12-01,King_Haakon,4.125391696,0.15975535330010615,0.15975535330010615,0.5877526775549149,FALSE,FALSE
1988-12-02,King_Haakon,4.075065379,0.15447199569067127,0.15447199569067127,0.5877526775549149,FALSE,FALSE
1988-12-03,King_Haakon,4.018830663,0.1441112522579484,0.1441112522579484,0.5877526775549149,FALSE,FALSE
1988-12-04,King_Haakon,3.979820363,0.1516672598610569,0.1516672598610569,0.5877526775549149,FALSE,FALSE
1988-12-05,King_Haakon,3.933135456,0.1521023173591156,0.1521023173591156,0.5877526775549149,FALSE,FALSE
1988-12-06,King_Haakon,3.863083775,0.12958574076128215,0.12958574076128215,0.5877526775549149,FALSE,FALSE
1988-12-07,King_Haakon,3.79533866,0.1097023792050913,0.1097023792050913,0.5877526775549149,FALSE,FALSE
1988-12-08,King_Haakon,3.72819184,0.09077611548120457,0.09077611548120457,0.5877526775549149,FALSE,FALSE
1988-12-09,King_Haakon,3.661298764,0.07251237428521407,0.07251237428521407,0.5877526775549149,FALSE,FALSE
1988-12-10,King_Haakon,3.597519953,0.05782165231270442,0.05782165231270442,0.5877526775549149,FALSE,FALSE
1988-12-11,King_Haakon,3.515522945,0.02542146325926442,0.02542146325926442,0.5877526775549149,FALSE,FALSE
1988-12-12,King_Haakon,3.446301192,0.00635523482048272,0.00635523482048272,0.5877526775549149,FALSE,FALSE
1988-12-13,King_Haakon,3.370038589,-0.01914316230805379,0.01914316230805379,0.5877526775549149,FALSE,FALSE
1988-12-14,King_Haakon,3.293876232,-0.04388265643075639,0.04388265643075639,0.5877526775549149,FALSE,FALSE
1988-12-15,King_Haakon,3.261934927,-0.02369246585203743,0.02369246585203743,0.5877526775549149,FALSE,FALSE
1988-12-16,King_Haakon,3.217818014,-0.01491927487630873,0.01491927487630873,0.5877526775549149,FALSE,FALSE
1988-12-17,King_Haakon,3.161503933,-0.01753466780798129,0.01753466780798129,0.5877526775549149,FALSE,FALSE
1988-12-18,King_Haakon,3.09436529,-0.0301160629514694,0.0301160629514694,0.5877526775549149,FALSE,FALSE
1988-12-19,King_Haakon,3.008712377,-0.06030758764605259,0.06030758764605259,0.5877526775549149,FALSE,FALSE
1988-12-20,King_Haakon,2.949612143,-0.06306620620395131,0.06306620620395131,0.5877526775549149,FALSE,FALSE
1988-12-21,King_Haakon,2.913136042,-0.04239984948579201,0.04239984948579201,0.5877526775549149,FALSE,FALSE
1988-12-22,King_Haakon,2.889537827,-0.00813569517355539,0.00813569517355539,0.5877526775549149,FALSE,FALSE
1988-12-23,King_Haakon,2.829658829,-0.0095133429492189,0.0095133429492189,0.5877526775549149,FALSE,FALSE
1988-12-24,King_Haakon,2.786224865,0.00611209350524655,0.00611209350524655,0.5877526775549149,FALSE,FALSE
1988-12-25,King_Haakon,2.75418088,0.03360462850786305,0.03360462850786305,0.5877526775549149,FALSE,FALSE
1988-12-26,King_Haakon,2.671660847,0.01101730437665216,0.01101730437665216,0.5877526775549149,FALSE,FALSE
1988-12-27,King_Haakon,2.514241091,-0.08615448457036523,0.08615448457036523,0.5877526775549149,FALSE,FALSE
1988-12-28,King_Haakon,2.489210528,-0.05070275301515625,0.05070275301515625,0.5877526775549149,FALSE,FALSE
1988-12-29,King_Haakon,2.487690704,0.00841311436029368,0.00841311436029368,0.5877526775549149,FALSE,FALSE
1988-12-30,King_Haakon,2.423369604,0.00480017187401626,0.00480017187401626,0.5877526775549149,FALSE,FALSE
1988-12-31,King_Haakon,2.34192729,-0.015942449155971872,0.015942449155971872,0.5877526775549149,FALSE,FALSE
1989-01-01,King_Haakon,2.321609512,-0.0362602271559731,0.0362602271559731,0.5877526775549149,FALSE,FALSE
1989-01-02,King_Haakon,2.305905636,0.00864319661808421,0.00864319661808421,0.5877526775549149,FALSE,FALSE
1989-01-03,King_Haakon,2.265222237,0.02837878366284441,0.02837878366284441,0.5877526775549149,FALSE,FALSE
1989-01-04,King_Haakon,2.210199292,0.03348759247469912,0.03348759247469912,0.5877526775549149,FALSE,FALSE
1989-01-05,King_Haakon,2.155273127,0.03830703055003415,0.03830703055003415,0.5877526775549149,FALSE,FALSE
1989-01-06,King_Haakon,2.103928662,0.04622309938524527,0.04622309938524527,0.5877526775549149,FALSE,FALSE
1989-01-07,King_Haakon,2.070540834,0.07151181747671598,0.07151181747671598,0.5877526775549149,FALSE,FALSE
1989-01-08,King_Haakon,2.024604739,0.08356936232083334,0.08356936232083334,0.5877526775549149,FALSE,FALSE
1989-01-09,King_Haakon,1.969447117,0.08562355541399258,0.08562355541399258,0.5877526775549149,FALSE,FALSE
1989-01-10,King_Haakon,1.947170256,0.11967776625257676,0.11967776625257676,0.5877526775549149,FALSE,FALSE
1989-01-11,King_Haakon,1.913071031,0.1409299513329778,0.1409299513329778,0.5877526775549149,FALSE,FALSE
1989-01-12,King_Haakon,1.871129388,0.15326113815158493,0.15326113815158493,0.5877526775549149,FALSE,FALSE
1989-01-13,King_Haakon,1.903149375,0.23837645620478495,0.23837645620478495,0.5877526775549149,FALSE,FALSE
1989-01-14,King_Haakon,1.826831821,0.21387858609789823,0.21387858609789823,0.5877526775549149,FALSE,FALSE
1989-01-15,King_Haakon,1.828941576,0.26646186467041644,0.26646186467041644,0.5877526775549149,FALSE,FALSE
1989-01-16,King_Haakon,1.699384591,0.18599635079315524,0.18599635079315524,0.5877526775549149,FALSE,FALSE
1989-01-17,King_Haakon,1.662746509,0.19703398488853852,0.19703398488853852,0.5877526775549149,FALSE,FALSE
1989-01-18,King_Haakon,1.614124909,0.19463864337898865,0.19463864337898865,0.5877526775549149,FALSE,FALSE
1989-01-19,King_Haakon,1.55291392,0.17817075268692606,0.17817075268692606,0.5877526775549149,FALSE,FALSE
1989-01-20,King_Haakon,1.506152592,0.17463566023477473,0.17463566023477473,0.5877526775549149,FALSE,FALSE
1989-01-21,King_Haakon,1.473743495,0.18390223344495585,0.18390223344495585,0.5877526775549149,FALSE,FALSE
1989-01-22,King_Haakon,1.447466268,0.1977164087398926,0.1977164087398926,0.5877526775549149,FALSE,FALSE
1989-01-23,King_Haakon,1.382958967,0.17168253954200718,0.17168253954200718,0.5877526775549149,FALSE,FALSE
1989-01-24,King_Haakon,1.376658347,0.20220367827371952,0.20220367827371952,0.5877526775549149,FALSE,FALSE
1989-01-25,King_Haakon,1.348624129,0.20930584335745395,0.20930584335745395,0.5877526775549149,FALSE,FALSE
1989-01-26,King_Haakon,1.312477331,0.20657635021563303,0.20657635021563303,0.5877526775549149,FALSE,FALSE
1989-01-27,King_Haakon,1.276647213,0.20241955535021683,0.20241955535021683,0.5877526775549149,FALSE,FALSE
1989-01-28,King_Haakon,1.253414373,0.20915071827057652,0.20915071827057652,0.5877526775549149,FALSE,FALSE
1989-01-29,King_Haakon,1.247149853,0.23120024152271723,0.23120024152271723,0.5877526775549149,FALSE,FALSE
1989-01-30,King_Haakon,1.242799685,0.25357359721608086,0.25357359721608086,0.5877526775549149,FALSE,FALSE
1989-01-31,King_Haakon,1.238331068,0.27429742446010796,0.27429742446010796,0.5877526775549149,FALSE,FALSE
1989-02-01,King_Haakon,1.241373485,0.30106064636424235,0.30106064636424235,0.5877526775549149,FALSE,FALSE
1989-02-02,King_Haakon,1.23075742,0.3127531870379243,0.3127531870379243,0.5877526775549149,FALSE,FALSE
1989-02-03,King_Haakon,1.201223761,0.3041753745905964,0.3041753745905964,0.5877526775549149,FALSE,FALSE
1989-02-04,King_Haakon,1.175420789,0.2980349301316998,0.2980349301316998,0.5877526775549149,FALSE,FALSE
1989-02-05,King_Haakon,1.1485106,0.28955338977067624,0.28955338977067624,0.5877526775549149,FALSE,FALSE
1989-02-06,King_Haakon,1.102088584,0.2603855836169695,0.2603855836169695,0.5877526775549149,FALSE,FALSE
1989-02-07,King_Haakon,1.067351914,0.24178812478001876,0.24178812478001876,0.5877526775549149,FALSE,FALSE
1989-02-08,King_Haakon,1.058662668,0.24818213995447425,0.24818213995447425,0.5877526775549149,FALSE,FALSE
1989-02-09,King_Haakon,1.023297017,0.22685117295318347,0.22685117295318347,0.5877526775549149,FALSE,FALSE
1989-02-10,King_Haakon,0.984796098,0.2012409626712457,0.2012409626712457,0.5877526775549149,FALSE,FALSE
1989-02-11,King_Haakon,0.974110116,0.20219416502793497,0.20219416502793497,0.5877526775549149,FALSE,FALSE
1989-02-12,King_Haakon,0.990689368,0.22905352794252,0.22905352794252,0.5877526775549149,FALSE,FALSE
1989-02-13,King_Haakon,0.997112064,0.24428971233427177,0.24428971233427177,0.5877526775549149,FALSE,FALSE
1989-02-14,King_Haakon,0.999717386,0.2541343511224645,0.2541343511224645,0.5877526775549149,FALSE,FALSE
1989-02-15,King_Haakon,0.978141648,0.23811620922636725,0.23811620922636725,0.5877526775549149,FALSE,FALSE
1989-02-16,King_Haakon,0.971420369,0.2351632565652526,0.2351632565652526,0.5877526775549149,FALSE,FALSE
1989-02-17,King_Haakon,0.98779168,0.2534060750583911,0.2534060750583911,0.5877526775549149,FALSE,FALSE
1989-02-18,King_Haakon,0.995549644,0.2610311786250543,0.2610311786250543,0.5877526775549149,FALSE,FALSE
1989-02-19,King_Haakon,1.002193664,0.26543042118451443,0.26543042118451443,0.5877526775549149,FALSE,FALSE
1989-02-20,King_Haakon,1.019448919,0.2782214326560416,0.2782214326560416,0.5877526775549149,FALSE,FALSE
1989-02-21,King_Haakon,1.063186524,0.3151782068441774,0.3151782068441774,0.5877526775549149,FALSE,FALSE
1989-02-22,King_Haakon,1.087440526,0.3303640934093174,0.3303640934093174,0.5877526775549149,FALSE,FALSE
1989-02-23,King_Haakon,1.083307292,0.31498886467772025,0.31498886467772025,0.5877526775549149,FALSE,FALSE
1989-02-24,King_Haakon,1.098647723,0.3170283472971609,0.3170283472971609,0.5877526775549149,FALSE,FALSE
1989-02-25,King_Haakon,1.130038538,0.3331741859154105,0.3331741859154105,0.5877526775549149,FALSE,FALSE
1989-02-26,King_Haakon,1.159979943,0.34604151218024226,0.34604151218024226,0.5877526775549149,FALSE,FALSE
1989-02-27,King_Haakon,1.215918212,0.3831915257394291,0.3831915257394291,0.5877526775549149,FALSE,FALSE
1989-02-28,King_Haakon,1.232149949,0.37903575624074304,0.37903575624074304,0.5877526775549149,FALSE,FALSE
1989-03-01,King_Haakon,1.259905558,0.38491953333195805,0.38491953333195805,0.5877526775549149,FALSE,FALSE
1989-03-02,King_Haakon,1.286713679,0.38848642266084543,0.38848642266084543,0.5877526775549149,FALSE,FALSE
1989-03-03,King_Haakon,1.295101807,0.37237884487518,0.37237884487518,0.5877526775549149,FALSE,FALSE
1989-03-04,King_Haakon,1.342211654,0.39385343762273306,0.39385343762273306,0.5877526775549149,FALSE,FALSE
1989-03-05,King_Haakon,1.365281534,0.39026343656883666,0.39026343656883666,0.5877526775549149,FALSE,FALSE
1989-03-06,King_Haakon,1.372617425,0.370014927197752,0.370014927197752,0.5877526775549149,FALSE,FALSE
1989-03-07,King_Haakon,1.36639038,0.33533084064735075,0.33533084064735075,0.5877526775549149,FALSE,FALSE
1989-03-08,King_Haakon,1.350029377,0.2896822347583212,0.2896822347583212,0.5877526775549149,FALSE,FALSE
1989-03-09,King_Haakon,1.373709568,0.28328634137134556,0.28328634137134556,0.5877526775549149,FALSE,FALSE
1989-03-10,King_Haakon,1.370807538,0.2495618253271088,0.2495618253271088,0.5877526775549149,FALSE,FALSE
1989-03-11,King_Haakon,1.39736517,0.244592649466298,0.244592649466298,0.5877526775549149,FALSE,FALSE
1989-03-12,King_Haakon,1.44326015,0.25829857962959735,0.25829857962959735,0.5877526775549149,FALSE,FALSE
1989-03-13,King_Haakon,1.485611711,0.26784092865769193,0.26784092865769193,0.5877526775549149,FALSE,FALSE
1989-03-14,King_Haakon,1.553861739,0.3027036623912658,0.3027036623912658,0.5877526775549149,FALSE,FALSE
1989-03-15,King_Haakon,1.596056584,0.3109752106710051,0.3109752106710051,0.5877526775549149,FALSE,FALSE
1989-03-16,King_Haakon,1.627642837,0.30814424433759346,0.30814424433759346,0.5877526775549149,FALSE,FALSE
1989-03-17,King_Haakon,1.604602156,0.25023450123171775,0.25023450123171775,0.5877526775549149,FALSE,FALSE
1989-03-18,King_Haakon,1.599649877,0.2100035491071679,0.2100035491071679,0.5877526775549149,FALSE,FALSE
1989-03-19,King_Haakon,1.605300391,0.1800118047253847,0.1800118047253847,0.5877526775549149,FALSE,FALSE
1989-03-20,King_Haakon,1.629839763,0.16859532741159544,0.16859532741159544,0.5877526775549149,FALSE,FALSE
1989-03-21,King_Haakon,1.627403669,0.12993997433749893,0.12993997433749893,0.5877526775549149,FALSE,FALSE
1989-03-22,King_Haakon,1.653181629,0.1192854466747979,0.1192854466747979,0.5877526775549149,FALSE,FALSE
1989-03-23,King_Haakon,1.684059262,0.11356754459519404,0.11356754459519404,0.5877526775549149,FALSE,FALSE
1989-03-24,King_Haakon,1.687858043,0.08065792427038643,0.08065792427038643,0.5877526775549149,FALSE,FALSE
1989-03-25,King_Haakon,1.699122278,0.05515107287207899,0.05515107287207899,0.5877526775549149,FALSE,FALSE
1989-03-26,King_Haakon,1.744101354,0.0633465585719688,0.0633465585719688,0.5877526775549149,FALSE,FALSE
1989-03-27,King_Haakon,1.785168963,0.06766825454175929,0.06766825454175929,0.5877526775549149,FALSE,FALSE
1989-03-28,King_Haakon,1.79944921,0.04529044695314965,0.04529044695314965,0.5877526775549149,FALSE,FALSE
1989-03-29,King_Haakon,1.820550181,0.02987140297784418,0.02987140297784418,0.5877526775549149,FALSE,FALSE
1989-03-30,King_Haakon,1.846147478,0.01913690578754168,0.01913690578754168,0.5877526775549149,FALSE,FALSE
1989-03-31,King_Haakon,1.877404429,0.01429188339879328,0.01429188339879328,0.5877526775549149,FALSE,FALSE
1989-04-01,King_Haakon,1.915292426,0.01630242294897943,0.01630242294897943,0.5877526775549149,FALSE,FALSE
1989-04-02,King_Haakon,1.950823591,0.01615939593784166,0.01615939593784166,0.5877526775549149,FALSE,FALSE
1989-04-03,King_Haakon,1.966962533,-0.00319385231713154,0.00319385231713154,0.5877526775549149,FALSE,FALSE
1989-04-04,King_Haakon,1.950093807,-0.05539403049844571,0.05539403049844571,0.5877526775549149,FALSE,FALSE
1989-04-05,King_Haakon,1.937370179,-0.10330963628861078,0.10330963628861078,0.5877526775549149,FALSE,FALSE
1989-04-06,King_Haakon,1.935287165,-0.14046641737013754,0.14046641737013754,0.5877526775549149,FALSE,FALSE
1989-04-07,King_Haakon,1.939987531,-0.1707428714255299,0.1707428714255299,0.5877526775549149,FALSE,FALSE
1989-04-08,King_Haakon,1.93237522,-0.21325631913729912,0.21325631913729912,0.5877526775549149,FALSE,FALSE
1989-04-09,King_Haakon,1.952062158,-0.22841609818795172,0.22841609818795172,0.5877526775549149,FALSE,FALSE
1989-04-10,King_Haakon,1.969152036,-0.24613978126000055,0.24613978126000055,0.5877526775549149,FALSE,FALSE
1989-04-11,King_Haakon,1.971075609,-0.2790178770359495,0.2790178770359495,0.5877526775549149,FALSE,FALSE
1989-04-12,King_Haakon,1.98297266,-0.3019317011520959,0.3019317011520959,0.5877526775549149,FALSE,FALSE
1989-04-13,King_Haakon,2.004652013,-0.31508176536259525,0.31508176536259525,0.5877526775549149,FALSE,FALSE
1989-04-14,King_Haakon,2.028727857,-0.3258438254159097,0.3258438254159097,0.5877526775549149,FALSE,FALSE
1989-04-15,King_Haakon,2.084222374,-0.3051838328537615,0.3051838328537615,0.5877526775549149,FALSE,FALSE
1989-04-16,King_Haakon,2.128183629,-0.2960418562178764,0.2960418562178764,0.5877526775549149,FALSE,FALSE
1989-04-17,King_Haakon,2.155041554,-0.30397609704998096,0.30397609704998096,0.5877526775549149,FALSE,FALSE
1989-04-18,King_Haakon,2.198308572,-0.29546226589179625,0.29546226589179625,0.5877526775549149,FALSE,FALSE
1989-04-19,King_Haakon,2.250617797,-0.27785538228504825,0.27785538228504825,0.5877526775549149,FALSE,FALSE
1989-04-20,King_Haakon,2.272241619,-0.2908711897714622,0.2908711897714622,0.5877526775549149,FALSE,FALSE
1989-04-21,King_Haakon,2.293895794,-0.30378206589276413,0.30378206589276413,0.5877526775549149,FALSE,FALSE
1989-04-22,King_Haakon,2.306811334,-0.32534513219067707,0.32534513219067707,0.5877526775549149,FALSE,FALSE
1989-04-23,King_Haakon,2.324088008,-0.3424487532069267,0.3424487532069267,0.5877526775549149,FALSE,FALSE
1989-04-24,King_Haakon,2.298555328,-0.402251550483236,0.402251550483236,0.5877526775549149,FALSE,FALSE
1989-04-25,King_Haakon,2.34895195,-0.3860010728331229,0.3860010728331229,0.5877526775549149,FALSE,FALSE
1989-04-26,King_Haakon,2.379053006,-0.3898900750463361,0.3898900750463361,0.5877526775549149,FALSE,FALSE
1989-04-27,King_Haakon,2.406640849,-0.39609396826555265,0.39609396826555265,0.5877526775549149,FALSE,FALSE
1989-04-28,King_Haakon,2.454092328,-0.38219356100254487,0.38219356100254487,0.5877526775549149,FALSE,FALSE
1989-04-29,King_Haakon,2.531483192,-0.3380707617690799,0.3380707617690799,0.5877526775549149,FALSE,FALSE
1989-04-30,King_Haakon,2.587096438,-0.31540023107693527,0.31540023107693527,0.5877526775549149,FALSE,FALSE
1989-05-01,King_Haakon,2.707734999,-0.22733669343787444,0.22733669343787444,0.5877526775549149,FALSE,FALSE
1989-05-02,King_Haakon,2.8188947,-0.14834198136367371,0.14834198136367371,0.5877526775549149,FALSE,FALSE
1989-05-03,King_Haakon,2.853520675,-0.14542861836610088,0.14542861836610088,0.5877526775549149,FALSE,FALSE
1989-05-04,King_Haakon,2.904772013,-0.1253951729569276,0.1253951729569276,0.5877526775549149,FALSE,FALSE
1989-05-05,King_Haakon,2.937687846,-0.12316017064792416,0.12316017064792416,0.5877526775549149,FALSE,FALSE
1989-05-06,King_Haakon,2.956513712,-0.13443573095086458,0.13443573095086458,0.5877526775549149,FALSE,FALSE
1989-05-07,King_Haakon,2.96393507,-0.15649407355193024,0.15649407355193024,0.5877526775549149,FALSE,FALSE
1989-05-08,King_Haakon,3.004091589,-0.1451650132044051,0.1451650132044051,0.5877526775549149,FALSE,FALSE
1989-05-09,King_Haakon,3.042883277,-0.1345494445229285,0.1345494445229285,0.5877526775549149,FALSE,FALSE
1989-05-10,King_Haakon,3.078865181,-0.12609839265699563,0.12609839265699563,0.5877526775549149,FALSE,FALSE
1989-05-11,King_Haakon,3.12354908,-0.10830615075610694,0.10830615075610694,0.5877526775549149,FALSE,FALSE
1989-05-12,King_Haakon,3.173357073,-0.08475669196975755,0.08475669196975755,0.5877526775549149,FALSE,FALSE
1989-05-13,King_Haakon,3.178827154,-0.10491809444744682,0.10491809444744682,0.5877526775549149,FALSE,FALSE
1989-05-14,King_Haakon,3.199989622,-0.10876613133867384,0.10876613133867384,0.5877526775549149,FALSE,FALSE
1989-05-15,King_Haakon,3.212618835,-0.12053251679293364,0.12053251679293364,0.5877526775549149,FALSE,FALSE
1989-05-16,King_Haakon,3.233161514,-0.12377660195972816,0.12377660195972816,0.5877526775549149,FALSE,FALSE
1989-05-17,King_Haakon,3.269908684,-0.11021343398855032,0.11021343398855032,0.5877526775549149,FALSE,FALSE
1989-05-18,King_Haakon,3.336483856,-0.06622557402890283,0.06622557402890283,0.5877526775549149,FALSE,FALSE
1989-05-19,King_Haakon,3.378219978,-0.04648614623028102,0.04648614623028102,0.5877526775549149,FALSE,FALSE
1989-05-20,King_Haakon,3.407737673,-0.03838217788224174,0.03838217788224174,0.5877526775549149,FALSE,FALSE
1989-05-21,King_Haakon,3.433122092,-0.03386496509217851,0.03386496509217851,0.5877526775549149,FALSE,FALSE
1989-05-22,King_Haakon,3.475669476,-0.01169987328039257,0.01169987328039257,0.5877526775549149,FALSE,FALSE
1989-05-23,King_Haakon,3.531423952,0.02409477165486651,0.02409477165486651,0.5877526775549149,FALSE,FALSE
1989-05-24,King_Haakon,3.546666777,0.01973777381534702,0.01973777381534702,0.5877526775549149,FALSE,FALSE
1989-05-25,King_Haakon,3.559792291,0.01356102030279826,0.01356102030279826,0.5877526775549149,FALSE,FALSE
1989-05-26,King_Haakon,3.571084005,0.00578556921896744,0.00578556921896744,0.5877526775549149,FALSE,FALSE
1989-05-27,King_Haakon,3.606963503,0.02277055166560471,0.02277055166560471,0.5877526775549149,FALSE,FALSE
1989-05-28,King_Haakon,3.659205185,0.05622791474445687,0.05622791474445687,0.5877526775549149,FALSE,FALSE
1989-05-29,King_Haakon,3.689048243,0.06733439755727355,0.06733439755727355,0.5877526775549149,FALSE,FALSE
1989-05-30,King_Haakon,3.71205398,0.07158885020580552,0.07158885020580552,0.5877526775549149,FALSE,FALSE
1989-05-31,King_Haakon,3.772576404,0.11328282779179456,0.11328282779179456,0.5877526775549149,FALSE,FALSE
1989-06-01,King_Haakon,3.805862521,0.12760088341699616,0.12760088341699616,0.5877526775549149,FALSE,FALSE
1989-06-02,King_Haakon,3.814263544,0.11684562953587996,0.11684562953587996,0.5877526775549149,FALSE,FALSE
1989-06-03,King_Haakon,3.835502369,0.1187528143803469,0.1187528143803469,0.5877526775549149,FALSE,FALSE
1989-06-04,King_Haakon,3.855776099,0.1195494284462386,0.1195494284462386,0.5877526775549149,FALSE,FALSE
1989-06-05,King_Haakon,3.910357374,0.15453799986042416,0.15453799986042416,0.5877526775549149,FALSE,FALSE
1989-06-06,King_Haakon,3.912392344,0.13689456674977896,0.13689456674977896,0.5877526775549149,FALSE,FALSE
1989-06-07,King_Haakon,3.936274533,0.1410425412411822,0.1410425412411822,0.5877526775549149,FALSE,FALSE
1989-06-08,King_Haakon,3.953458836,0.13846670646149706,0.13846670646149706,0.5877526775549149,FALSE,FALSE
1989-06-09,King_Haakon,4.015274419,0.1805261165376,0.1805261165376,0.5877526775549149,FALSE,FALSE
1989-06-10,King_Haakon,3.983821548,0.12935092559636363,0.12935092559636363,0.5877526775549149,FALSE,FALSE
1989-06-11,King_Haakon,3.971716683,0.0975874817646627,0.0975874817646627,0.5877526775549149,FALSE,FALSE
1989-06-12,King_Haakon,3.991608811,0.09791466016936969,0.09791466016936969,0.5877526775549149,FALSE,FALSE
1989-06-13,King_Haakon,3.996437011,0.08330142793735362,0.08330142793735362,0.5877526775549149,FALSE,FALSE
1989-06-14,King_Haakon,4.025982972,0.09355924224470202,0.09355924224470202,0.5877526775549149,FALSE,FALSE
1989-06-15,King_Haakon,4.056461873,0.10492776233918244,0.10492776233918244,0.5877526775549149,FALSE,FALSE
1989-06-16,King_Haakon,4.100538823,0.13008932319444577,0.13008932319444577,0.5877526775549149,FALSE,FALSE
1989-06-17,King_Haakon,4.123846037,0.1346928401995906,0.1346928401995906,0.5877526775549149,FALSE,FALSE
1989-06-18,King_Haakon,4.167096832,0.1594683307437359,0.1594683307437359,0.5877526775549149,FALSE,FALSE
1989-06-19,King_Haakon,4.20911677,0.18325805721598432,0.18325805721598432,0.5877526775549149,FALSE,FALSE
1989-06-20,King_Haakon,4.24017961,0.19635247900545497,0.19635247900545497,0.5877526775549149,FALSE,FALSE
1989-06-21,King_Haakon,4.257576241,0.196059185501249,0.196059185501249,0.5877526775549149,FALSE,FALSE
1989-06-22,King_Haakon,4.274178415,0.1952666290924805,0.1952666290924805,0.5877526775549149,FALSE,FALSE
1989-06-23,King_Haakon,4.280251641,0.18425701916825865,0.18425701916825865,0.5877526775549149,FALSE,FALSE
1989-06-24,King_Haakon,4.290299512,0.17755064911769392,0.17755064911769392,0.5877526775549149,FALSE,FALSE
1989-06-25,King_Haakon,4.279390517,0.150232708329896,0.150232708329896,0.5877526775549149,FALSE,FALSE
1989-06-26,King_Haakon,4.303737411,0.1585326521939736,0.1585326521939736,0.5877526775549149,FALSE,FALSE
1989-06-27,King_Haakon,4.299617147,0.13873979666177938,0.13873979666177938,0.5877526775549149,FALSE,FALSE
1989-06-28,King_Haakon,4.304894123,0.1286981268175449,0.1286981268175449,0.5877526775549149,FALSE,FALSE
1989-06-29,King_Haakon,4.337568717,0.14637263116321098,0.14637263116321098,0.5877526775549149,FALSE,FALSE
1989-06-30,King_Haakon,4.392808043,0.1868949571984686,0.1868949571984686,0.5877526775549149,FALSE,FALSE
1989-07-01,King_Haakon,4.415569164,0.19518670142301,0.19518670142301,0.5877526775549149,FALSE,FALSE
1989-07-02,King_Haakon,4.404913345,0.17027366233652683,0.17027366233652683,0.5877526775549149,FALSE,FALSE
1989-07-03,King_Haakon,4.389751892,0.14103167943870343,0.14103167943870343,0.5877526775549149,FALSE,FALSE
1989-07-04,King_Haakon,4.411858122,0.14919860322923384,0.14919860322923384,0.5877526775549149,FALSE,FALSE
1989-07-05,King_Haakon,4.422944203,0.1464511352078084,0.1464511352078084,0.5877526775549149,FALSE,FALSE
1989-07-06,King_Haakon,4.418655697,0.12839937087411446,0.12839937087411446,0.5877526775549149,FALSE,FALSE
1989-07-07,King_Haakon,4.410947539,0.10696277872784776,0.10696277872784776,0.5877526775549149,FALSE,FALSE
1989-07-08,King_Haakon,4.405120855,0.08740701826869124,0.08740701826869124,0.5877526775549149,FALSE,FALSE
1989-07-09,King_Haakon,4.393560232,0.06208130119982247,0.06208130119982247,0.5877526775549149,FALSE,FALSE
1989-07-10,King_Haakon,4.35150452,0.00620684087939249,0.00620684087939249,0.5877526775549149,FALSE,FALSE
1989-07-11,King_Haakon,4.341991612,-0.01715728574129205,0.01715728574129205,0.5877526775549149,FALSE,FALSE
1989-07-12,King_Haakon,4.312649849,-0.06035641633701871,0.06035641633701871,0.5877526775549149,FALSE,FALSE
1989-07-13,King_Haakon,4.290490173,-0.09635328758258144,0.09635328758258144,0.5877526775549149,FALSE,FALSE
1989-07-14,King_Haakon,4.300505485,-0.1001286771527612,0.1001286771527612,0.5877526775549149,FALSE,FALSE
1989-07-15,King_Haakon,4.332700271,-0.08165177772235133,0.08165177772235133,0.5877526775549149,FALSE,FALSE
1989-07-16,King_Haakon,4.382340722,-0.04563007696613841,0.04563007696613841,0.5877526775549149,FALSE,FALSE
1989-07-17,King_Haakon,4.418412642,-0.02305144955890981,0.02305144955890981,0.5877526775549149,FALSE,FALSE
1989-07-18,King_Haakon,4.490674811,0.03586920582454134,0.03586920582454134,0.5877526775549149,FALSE,FALSE
1989-07-19,King_Haakon,4.547286222,0.07931720350943294,0.07931720350943294,0.5877526775549149,FALSE,FALSE
1989-07-20,King_Haakon,4.653708035,0.1727800248209732,0.1727800248209732,0.5877526775549149,FALSE,FALSE
1989-07-21,King_Haakon,4.707330245,0.2136739860843724,0.2136739860843724,0.5877526775549149,FALSE,FALSE
1989-07-22,King_Haakon,4.6925855,0.1864570549155804,0.1864570549155804,0.5877526775549149,FALSE,FALSE
1989-07-23,King_Haakon,4.707031337,0.1886982620410853,0.1886982620410853,0.5877526775549149,FALSE,FALSE
1989-07-24,King_Haakon,4.714788828,0.18452009494786115,0.18452009494786115,0.5877526775549149,FALSE,FALSE
1989-07-25,King_Haakon,4.708738538,0.16680430550919922,0.16680430550919922,0.5877526775549149,FALSE,FALSE
1989-07-26,King_Haakon,4.719353843,0.16602545659837897,0.16602545659837897,0.5877526775549149,FALSE,FALSE
1989-07-27,King_Haakon,4.731038355,0.16658834708869108,0.16658834708869108,0.5877526775549149,FALSE,FALSE
1989-07-28,King_Haakon,4.759330392,0.1840324818534231,0.1840324818534231,0.5877526775549149,FALSE,FALSE
1989-07-29,King_Haakon,4.81843761,0.23256670376585745,0.23256670376585745,0.5877526775549149,FALSE,FALSE
1989-07-30,King_Haakon,4.845519693,0.24935188369928607,0.24935188369928607,0.5877526775549149,FALSE,FALSE
1989-07-31,King_Haakon,4.852800817,0.24661338452698975,0.24661338452698975,0.5877526775549149,FALSE,FALSE
1989-08-01,King_Haakon,4.838272322,0.2223437331222593,0.2223437331222593,0.5877526775549149,FALSE,FALSE
1989-08-02,King_Haakon,4.810350197,0.18496010535838003,0.18496010535838003,0.5877526775549149,FALSE,FALSE
1989-08-03,King_Haakon,4.774385619,0.1398148652823359,0.1398148652823359,0.5877526775549149,FALSE,FALSE
1989-08-04,King_Haakon,4.800834657,0.1573699580989496,0.1573699580989496,0.5877526775549149,FALSE,FALSE
1989-08-05,King_Haakon,4.834455831,0.18240669561668543,0.18240669561668543,0.5877526775549149,FALSE,FALSE
1989-08-06,King_Haakon,4.934802369,0.27450491066789606,0.27450491066789606,0.5877526775549149,FALSE,FALSE
1989-08-07,King_Haakon,4.968328945,0.300145882084931,0.300145882084931,0.5877526775549149,FALSE,FALSE
1989-08-08,King_Haakon,4.944104565,0.26842522070014496,0.26842522070014496,0.5877526775549149,FALSE,FALSE
1989-08-09,King_Haakon,4.93815556,0.25539586234588807,0.25539586234588807,0.5877526775549149,FALSE,FALSE
1989-08-10,King_Haakon,4.96184667,0.27244915185451024,0.27244915185451024,0.5877526775549149,FALSE,FALSE
1989-08-11,King_Haakon,4.98032905,0.2847628490583629,0.2847628490583629,0.5877526775549149,FALSE,FALSE
1989-08-12,King_Haakon,4.981265525,0.2800263837897994,0.2800263837897994,0.5877526775549149,FALSE,FALSE
1989-08-13,King_Haakon,4.985484067,0.27909433288116947,0.27909433288116947,0.5877526775549149,FALSE,FALSE
1989-08-14,King_Haakon,4.968346274,0.25735489916482734,0.25735489916482734,0.5877526775549149,FALSE,FALSE
1989-08-15,King_Haakon,4.984738104,0.26972064547312424,0.26972064547312424,0.5877526775549149,FALSE,FALSE
1989-08-16,King_Haakon,4.977322991,0.2588796739740422,0.2588796739740422,0.5877526775549149,FALSE,FALSE
1989-08-17,King_Haakon,4.974576082,0.2532742376221284,0.2532742376221284,0.5877526775549149,FALSE,FALSE
1989-08-18,King_Haakon,4.944462634,0.2207708148788816,0.2207708148788816,0.5877526775549149,FALSE,FALSE
1989-08-19,King_Haakon,4.867483401,0.14176777056528334,0.14176777056528334,0.5877526775549149,FALSE,FALSE
1989-08-20,King_Haakon,4.841034863,0.11355919550230452,0.11355919550230452,0.5877526775549149,FALSE,FALSE
1989-08-21,King_Haakon,4.820757287,0.0916829675109332,0.0916829675109332,0.5877526775549149,FALSE,FALSE
1989-08-22,King_Haakon,4.841071665,0.11045768941213918,0.11045768941213918,0.5877526775549149,FALSE,FALSE
1989-08-23,King_Haakon,4.898398078,0.1662010530269038,0.1662010530269038,0.5877526775549149,FALSE,FALSE
1989-08-24,King_Haakon,4.937815758,0.20388990117620587,0.20388990117620587,0.5877526775549149,FALSE,FALSE
1989-08-25,King_Haakon,4.938466426,0.2025635656810207,0.2025635656810207,0.5877526775549149,FALSE,FALSE
1989-08-26,King_Haakon,4.937188832,0.19895840736232717,0.19895840736232717,0.5877526775549149,FALSE,FALSE
1989-08-27,King_Haakon,4.978975125,0.23796418604110237,0.23796418604110237,0.5877526775549149,FALSE,FALSE
1989-08-28,King_Haakon,5.038193173,0.29384638053832823,0.29384638053832823,0.5877526775549149,FALSE,FALSE
1989-08-29,King_Haakon,5.066091362,0.31777234748735506,0.31777234748735506,0.5877526775549149,FALSE,FALSE
1989-08-30,King_Haakon,5.086416853,0.33353803696778606,0.33353803696778606,0.5877526775549149,FALSE,FALSE
1989-08-31,King_Haakon,5.065103938,0.30717530698500983,0.30717530698500983,0.5877526775549149,FALSE,FALSE
1989-09-01,King_Haakon,5.051513625,0.2881428190342046,0.2881428190342046,0.5877526775549149,FALSE,FALSE
1989-09-02,King_Haakon,5.023829667,0.2547219796105482,0.2547219796105482,0.5877526775549149,FALSE,FALSE
1989-09-03,King_Haakon,4.993410364,0.2183687422092229,0.2183687422092229,0.5877526775549149,FALSE,FALSE
1989-09-04,King_Haakon,4.972135074,0.19106011832540748,0.19106011832540748,0.5877526775549149,FALSE,FALSE
1989-09-05,King_Haakon,4.952910872,0.16580083645428534,0.16580083645428534,0.5877526775549149,FALSE,FALSE
1989-09-06,King_Haakon,4.920899219,0.12785001109102723,0.12785001109102723,0.5877526775549149,FALSE,FALSE
1989-09-07,King_Haakon,4.884458816,0.08566399673082437,0.08566399673082437,0.5877526775549149,FALSE,FALSE
1989-09-08,King_Haakon,4.865041036,0.06079181986884663,0.06079181986884663,0.5877526775549149,FALSE,FALSE
1989-09-09,King_Haakon,4.837992364,0.02867761900027421,0.02867761900027421,0.5877526775549149,FALSE,FALSE
1989-09-10,King_Haakon,4.841955001,0.02806081463106213,0.02806081463106213,0.5877526775549149,FALSE,FALSE
1989-09-11,King_Haakon,4.887300338,0.06936881795754424,0.06936881795754424,0.5877526775549149,FALSE,FALSE
1989-09-12,King_Haakon,4.928745287,0.10730000657309267,0.10730000657309267,0.5877526775549149,FALSE,FALSE
1989-09-13,King_Haakon,4.982491897,0.1580300451213663,0.1580300451213663,0.5877526775549149,FALSE,FALSE
1989-09-14,King_Haakon,5.039138866,0.21213124724602395,0.21213124724602395,0.5877526775549149,FALSE,FALSE
1989-09-15,King_Haakon,5.058957824,0.22984885859071455,0.22984885859071455,0.5877526775549149,FALSE,FALSE
1989-09-16,King_Haakon,5.077361014,0.2465687377990946,0.2465687377990946,0.5877526775549149,FALSE,FALSE
1989-09-17,King_Haakon,5.096329041,0.2642451055148234,0.2642451055148234,0.5877526775549149,FALSE,FALSE
1989-09-18,King_Haakon,5.106211077,0.2732007493815498,0.2732007493815498,0.5877526775549149,FALSE,FALSE
1989-09-19,King_Haakon,5.156249084,0.32265124704293147,0.32265124704293147,0.5877526775549149,FALSE,FALSE
1989-09-20,King_Haakon,5.176435122,0.3425622741426224,0.3425622741426224,0.5877526775549149,FALSE,FALSE
1989-09-21,King_Haakon,5.212941309,0.3790795643242806,0.3790795643242806,0.5877526775549149,FALSE,FALSE
1989-09-22,King_Haakon,5.260409742,0.4268188302315581,0.4268188302315581,0.5877526775549149,FALSE,FALSE
1989-09-23,King_Haakon,5.290152323,0.45706538532301266,0.45706538532301266,0.5877526775549149,FALSE,FALSE
1989-09-24,King_Haakon,5.293148614,0.4607700170260242,0.4607700170260242,0.5877526775549149,FALSE,FALSE
1989-09-25,King_Haakon,5.277103039,0.44560704868785095,0.44560704868785095,0.5877526775549149,FALSE,FALSE
1989-09-26,King_Haakon,5.232827928,0.4023586910493968,0.4023586910493968,0.5877526775549149,FALSE,FALSE
1989-09-27,King_Haakon,5.179889436,0.350560979851549,0.350560979851549,0.5877526775549149,FALSE,FALSE
1989-09-28,King_Haakon,5.140356169,0.3122524018352095,0.3122524018352095,0.5877526775549149,FALSE,FALSE
1989-09-29,King_Haakon,5.116398521,0.2895732317412669,0.2895732317412669,0.5877526775549149,FALSE,FALSE
1989-09-30,King_Haakon,5.107272469,0.28174932731062086,0.28174932731062086,0.5877526775549149,FALSE,FALSE
1989-10-01,King_Haakon,5.055336869,0.23110942528416611,0.23110942528416611,0.5877526775549149,FALSE,FALSE
1989-10-02,King_Haakon,5.053587622,0.23061930740279912,0.23061930740279912,0.5877526775549149,FALSE,FALSE
1989-10-03,King_Haakon,5.101346346,0.2795704724074106,0.2795704724074106,0.5877526775549149,FALSE,FALSE
1989-10-04,King_Haakon,5.154290369,0.3336101290389015,0.3336101290389015,0.5877526775549149,FALSE,FALSE
1989-10-05,King_Haakon,5.187814886,0.36810337132199855,0.36810337132199855,0.5877526775549149,FALSE,FALSE
1989-10-06,King_Haakon,5.221847827,0.4029701449469352,0.4029701449469352,0.5877526775549149,FALSE,FALSE
1989-10-07,King_Haakon,5.228117078,0.4099954088657958,0.4099954088657958,0.5877526775549149,FALSE,FALSE
1989-10-08,King_Haakon,5.230994165,0.41361966412842666,0.41361966412842666,0.5877526775549149,FALSE,FALSE
1989-10-09,King_Haakon,5.282230962,0.46566375978467534,0.46566375978467534,0.5877526775549149,FALSE,FALSE
1989-10-10,King_Haakon,5.338487195,0.5228563968843947,0.5228563968843947,0.5877526775549149,FALSE,FALSE
1989-10-11,King_Haakon,5.392180025,0.5776837114774231,0.5776837114774231,0.5877526775549149,FALSE,FALSE
1989-10-12,King_Haakon,5.415246357,0.6021515836136118,0.6021515836136118,0.5877526775549149,TRUE,TRUE
1989-10-13,King_Haakon,5.457411591,0.6460543883428089,0.6460543883428089,0.5877526775549149,TRUE,TRUE
1989-10-14,King_Haakon,5.497062349,0.6878477227148618,0.6878477227148618,0.5877526775549149,TRUE,TRUE
1989-10-15,King_Haakon,5.494960745,0.6883626757796169,0.6883626757796169,0.5877526775549149,TRUE,TRUE
1989-10-16,King_Haakon,5.475390579,0.6719520225869191,0.6719520225869191,0.5877526775549149,TRUE,TRUE
1989-10-17,King_Haakon,5.454677803,0.6550106901866188,0.6550106901866188,0.5877526775549149,TRUE,TRUE
1989-10-18,King_Haakon,5.418983334,0.6237658355788405,0.6237658355788405,0.5877526775549149,TRUE,TRUE
1989-10-19,King_Haakon,5.386709106,0.5966275411179529,0.5966275411179529,0.5877526775549149,TRUE,TRUE
1989-10-20,King_Haakon,5.32303231,0.5387256096568178,0.5387256096568178,0.5877526775549149,FALSE,FALSE
1989-10-21,King_Haakon,5.314769,0.5368264833515646,0.5368264833515646,0.5877526775549149,FALSE,FALSE
1989-10-22,King_Haakon,5.293838129,0.5227995033583266,0.5227995033583266,0.5877526775549149,FALSE,FALSE
1989-10-23,King_Haakon,5.241651529,0.4780068898332335,0.4780068898332335,0.5877526775549149,FALSE,FALSE
1989-10-24,King_Haakon,5.130778598,0.3749684289324194,0.3749684289324194,0.5877526775549149,FALSE,FALSE
1989-10-25,King_Haakon,5.099545825,0.3519609978120206,0.3519609978120206,0.5877526775549149,FALSE,FALSE
1989-10-26,King_Haakon,5.021617199,0.2825989736281658,0.2825989736281658,0.5877526775549149,FALSE,FALSE
1989-10-27,King_Haakon,4.980176475,0.25001649953698735,0.25001649953698735,0.5877526775549149,FALSE,FALSE
1989-10-28,King_Haakon,4.926372915,0.2053132256946162,0.2053132256946162,0.5877526775549149,FALSE,FALSE
1989-10-29,King_Haakon,4.934305101,0.22253812225718408,0.22253812225718408,0.5877526775549149,FALSE,FALSE
1989-10-30,King_Haakon,4.920469107,0.21813765138082977,0.21813765138082977,0.5877526775549149,FALSE,FALSE
1989-10-31,King_Haakon,4.865774736,0.17298616529509123,0.17298616529509123,0.5877526775549149,FALSE,FALSE
1989-11-01,King_Haakon,4.81958763,0.1364835591077993,0.1364835591077993,0.5877526775549149,FALSE,FALSE
1989-11-02,King_Haakon,4.809685152,0.13646285924958246,0.13646285924958246,0.5877526775549149,FALSE,FALSE
1989-11-03,King_Haakon,4.81510826,0.1520206929067296,0.1520206929067296,0.5877526775549149,FALSE,FALSE
1989-11-04,King_Haakon,4.83317285,0.18052862526552185,0.18052862526552185,0.5877526775549149,FALSE,FALSE
1989-11-05,King_Haakon,4.823452801,0.18161620451224805,0.18161620451224805,0.5877526775549149,FALSE,FALSE
1989-11-06,King_Haakon,4.826915039,0.19630602583318968,0.19630602583318968,0.5877526775549149,FALSE,FALSE
1989-11-07,King_Haakon,4.811719456,0.19281365041463427,0.19281365041463427,0.5877526775549149,FALSE,FALSE
1989-11-08,King_Haakon,4.810314506,0.20364320144286907,0.20364320144286907,0.5877526775549149,FALSE,FALSE
1989-11-09,King_Haakon,4.776884369,0.1830345281041783,0.1830345281041783,0.5877526775549149,FALSE,FALSE
1989-11-10,King_Haakon,4.756014136,0.17562839058484592,0.17562839058484592,0.5877526775549149,FALSE,FALSE
1989-11-11,King_Haakon,4.732639139,0.1664157900711558,0.1664157900711558,0.5877526775549149,FALSE,FALSE
1989-11-12,King_Haakon,4.705918113,0.15461143183443227,0.15461143183443227,0.5877526775549149,FALSE,FALSE
1989-11-13,King_Haakon,4.659147116,0.12358399986906576,0.12358399986906576,0.5877526775549149,FALSE,FALSE
1989-11-14,King_Haakon,4.625489555,0.10659456419663726,0.10659456419663726,0.5877526775549149,FALSE,FALSE
1989-11-15,King_Haakon,4.589872629,0.08867005198099598,0.08867005198099598,0.5877526775549149,FALSE,FALSE
1989-11-16,King_Haakon,4.572962964,0.09057681738598422,0.09057681738598422,0.5877526775549149,FALSE,FALSE
1989-11-17,King_Haakon,4.550531351,0.08818537957544414,0.08818537957544414,0.5877526775549149,FALSE,FALSE
1989-11-18,King_Haakon,4.488911874,0.04792955071322247,0.04792955071322247,0.5877526775549149,FALSE,FALSE
1989-11-19,King_Haakon,4.43004441,0.01184893596316083,0.01184893596316083,0.5877526775549149,FALSE,FALSE
1989-11-20,King_Haakon,4.368953216,-0.02493247951089561,0.02493247951089561,0.5877526775549149,FALSE,FALSE
1989-11-21,King_Haakon,4.367844393,-1.088665451023374e-4,1.088665451023374e-4,0.5877526775549149,FALSE,FALSE
1989-11-22,King_Haakon,4.382988829,0.04269039102438299,0.04269039102438299,0.5877526775549149,FALSE,FALSE
1989-11-23,King_Haakon,4.354222868,0.04340136536140893,0.04340136536140893,0.5877526775549149,FALSE,FALSE
1989-11-24,King_Haakon,4.349709199,0.070286473629813,0.070286473629813,0.5877526775549149,FALSE,FALSE
1989-11-25,King_Haakon,4.353233628,0.10721390234810446,0.10721390234810446,0.5877526775549149,FALSE,FALSE
1989-11-26,King_Haakon,4.371672772,0.1609959255570148,0.1609959255570148,0.5877526775549149,FALSE,FALSE
1989-11-27,King_Haakon,4.350298569,0.17676636192880402,0.17676636192880402,0.5877526775549149,FALSE,FALSE
1989-11-28,King_Haakon,4.323481912,0.1887574263225913,0.1887574263225913,0.5877526775549149,FALSE,FALSE
1989-11-29,King_Haakon,4.275540604,0.18114824359749537,0.18114824359749537,0.5877526775549149,FALSE,FALSE
1989-11-30,King_Haakon,4.206730297,0.15405578761263872,0.15405578761263872,0.5877526775549149,FALSE,FALSE
1989-12-01,King_Haakon,4.111864245,0.10215463422713356,0.10215463422713356,0.5877526775549149,FALSE,FALSE
1989-12-02,King_Haakon,4.05370575,0.0880694073001056,0.0880694073001056,0.5877526775549149,FALSE,FALSE
1989-12-03,King_Haakon,3.996649773,0.07605638969067163,0.07605638969067163,0.5877526775549149,FALSE,FALSE
1989-12-04,King_Haakon,3.931653696,0.05693428525794841,0.05693428525794841,0.5877526775549149,FALSE,FALSE
1989-12-05,King_Haakon,3.897967964,0.0698148608610567,0.0698148608610567,0.5877526775549149,FALSE,FALSE
1989-12-06,King_Haakon,3.859989458,0.0789563193591154,0.0789563193591154,0.5877526775549149,FALSE,FALSE
1989-12-07,King_Haakon,3.83409502,0.10059698576128184,0.10059698576128184,0.5877526775549149,FALSE,FALSE
1989-12-08,King_Haakon,3.805037167,0.11940088620509126,0.11940088620509126,0.5877526775549149,FALSE,FALSE
1989-12-09,King_Haakon,3.755876077,0.11846035248120446,0.11846035248120446,0.5877526775549149,FALSE,FALSE
1989-12-10,King_Haakon,3.700305149,0.11151875928521404,0.11151875928521404,0.5877526775549149,FALSE,FALSE
1989-12-11,King_Haakon,3.656066093,0.11636779231270468,0.11636779231270468,0.5877526775549149,FALSE,FALSE
1989-12-12,King_Haakon,3.585428714,0.09532723225926444,0.09532723225926444,0.5877526775549149,FALSE,FALSE
1989-12-13,King_Haakon,3.494454046,0.05450808882048275,0.05450808882048275,0.5877526775549149,FALSE,FALSE
1989-12-14,King_Haakon,3.378359049,-0.0108227023080536,0.0108227023080536,0.5877526775549149,FALSE,FALSE
1989-12-15,King_Haakon,3.279877473,-0.05788141543075653,0.05788141543075653,0.5877526775549149,FALSE,FALSE
1989-12-16,King_Haakon,3.197048702,-0.0885786908520374,0.0885786908520374,0.5877526775549149,FALSE,FALSE
1989-12-17,King_Haakon,3.132948615,-0.09978867387630874,0.09978867387630874,0.5877526775549149,FALSE,FALSE
1989-12-18,King_Haakon,3.079055709,-0.09998289180798148,0.09998289180798148,0.5877526775549149,FALSE,FALSE
1989-12-19,King_Haakon,3.036875342,-0.08760601095146914,0.08760601095146914,0.5877526775549149,FALSE,FALSE
1989-12-20,King_Haakon,2.988337876,-0.08068208864605264,0.08068208864605264,0.5877526775549149,FALSE,FALSE
1989-12-21,King_Haakon,2.936109613,-0.0765687362039511,0.0765687362039511,0.5877526775549149,FALSE,FALSE
1989-12-22,King_Haakon,2.916472623,-0.03906326848579189,0.03906326848579189,0.5877526775549149,FALSE,FALSE
1989-12-23,King_Haakon,2.860168806,-0.03750471617355533,0.03750471617355533,0.5877526775549149,FALSE,FALSE
1989-12-24,King_Haakon,2.81780419,-0.02136798194921896,0.02136798194921896,0.5877526775549149,FALSE,FALSE
1989-12-25,King_Haakon,2.76935,-0.01076277149475313,0.01076277149475313,0.5877526775549149,FALSE,FALSE
1989-12-26,King_Haakon,2.74589885,0.02532259850786333,0.02532259850786333,0.5877526775549149,FALSE,FALSE
1989-12-27,King_Haakon,2.686554824,0.02591128137665199,0.02591128137665199,0.5877526775549149,FALSE,FALSE
1989-12-28,King_Haakon,2.63215274,0.03175716442963461,0.03175716442963461,0.5877526775549149,FALSE,FALSE
1989-12-29,King_Haakon,2.575113049,0.0351997679848437,0.0351997679848437,0.5877526775549149,FALSE,FALSE
1989-12-30,King_Haakon,2.551342397,0.07206480736029386,0.07206480736029386,0.5877526775549149,FALSE,FALSE
1989-12-31,King_Haakon,2.479357177,0.06078774487401617,0.06078774487401617,0.5877526775549149,FALSE,FALSE
1990-01-01,King_Haakon,2.410012941,0.05214320184402687,0.05214320184402687,0.5877526775549149,FALSE,FALSE
1990-01-02,King_Haakon,2.37573059,0.07846815061808421,0.07846815061808421,0.5877526775549149,FALSE,FALSE
1990-01-03,King_Haakon,2.322096058,0.08525260466284434,0.08525260466284434,0.5877526775549149,FALSE,FALSE
1990-01-04,King_Haakon,2.304415591,0.1277038914746993,0.1277038914746993,0.5877526775549149,FALSE,FALSE
1990-01-05,King_Haakon,2.295523654,0.17855755755003422,0.17855755755003422,0.5877526775549149,FALSE,FALSE
1990-01-06,King_Haakon,2.227626155,0.16992059238524515,0.16992059238524515,0.5877526775549149,FALSE,FALSE
1990-01-07,King_Haakon,2.215565647,0.216536630476716,0.216536630476716,0.5877526775549149,FALSE,FALSE
1990-01-08,King_Haakon,2.146463334,0.2054279573208333,0.2054279573208333,0.5877526775549149,FALSE,FALSE
1990-01-09,King_Haakon,2.069714604,0.18589104241399257,0.18589104241399257,0.5877526775549149,FALSE,FALSE
1990-01-10,King_Haakon,2.014123686,0.18663119625257685,0.18663119625257685,0.5877526775549149,FALSE,FALSE
1990-01-11,King_Haakon,1.979620595,0.20747951533297784,0.20747951533297784,0.5877526775549149,FALSE,FALSE
1990-01-12,King_Haakon,1.938974072,0.22110582215158492,0.22110582215158492,0.5877526775549149,FALSE,FALSE
1990-01-13,King_Haakon,1.857233918,0.192460999204785,0.192460999204785,0.5877526775549149,FALSE,FALSE
1990-01-14,King_Haakon,1.795922458,0.1829692230978981,0.1829692230978981,0.5877526775549149,FALSE,FALSE
1990-01-15,King_Haakon,1.707704322,0.14522461067041648,0.14522461067041648,0.5877526775549149,FALSE,FALSE
1990-01-16,King_Haakon,1.618608509,0.10522026879315516,0.10522026879315516,0.5877526775549149,FALSE,FALSE
1990-01-17,King_Haakon,1.498482151,0.03276962688853846,0.03276962688853846,0.5877526775549149,FALSE,FALSE
1990-01-18,King_Haakon,1.403213561,-0.01627270462101138,0.01627270462101138,0.5877526775549149,FALSE,FALSE
1990-01-19,King_Haakon,1.363312646,-0.01143052131307387,0.01143052131307387,0.5877526775549149,FALSE,FALSE
1990-01-20,King_Haakon,1.325735115,-0.00578181676522526,0.00578181676522526,0.5877526775549149,FALSE,FALSE
1990-01-21,King_Haakon,1.279617419,-0.01022384255504405,0.01022384255504405,0.5877526775549149,FALSE,FALSE
1990-01-22,King_Haakon,1.212374171,-0.03737568826010729,0.03737568826010729,0.5877526775549149,FALSE,FALSE
1990-01-23,King_Haakon,1.194161235,-0.01711519245799286,0.01711519245799286,0.5877526775549149,FALSE,FALSE
1990-01-24,King_Haakon,1.171777567,-0.00267710172628055,0.00267710172628055,0.5877526775549149,FALSE,FALSE
1990-01-25,King_Haakon,1.134616776,-0.004701509642546,0.004701509642546,0.5877526775549149,FALSE,FALSE
1990-01-26,King_Haakon,1.071635093,-0.0342658877843669,0.0342658877843669,0.5877526775549149,FALSE,FALSE
1990-01-27,King_Haakon,1.060147344,-0.01408031364978312,0.01408031364978312,0.5877526775549149,FALSE,FALSE
1990-01-28,King_Haakon,1.044372188,1.0853327057658292e-4,1.0853327057658292e-4,0.5877526775549149,FALSE,FALSE
1990-01-29,King_Haakon,1.000594361,-0.0153552504772827,0.0153552504772827,0.5877526775549149,FALSE,FALSE
1990-01-30,King_Haakon,0.948527079,-0.04069900878391919,0.04069900878391919,0.5877526775549149,FALSE,FALSE
1990-01-31,King_Haakon,0.894719574,-0.06931406953989194,0.06931406953989194,0.5877526775549149,FALSE,FALSE
1990-02-01,King_Haakon,0.865186607,-0.0751262316357576,0.0751262316357576,0.5877526775549149,FALSE,FALSE
1990-02-02,King_Haakon,0.860104961,-0.05789927196207567,0.05789927196207567,0.5877526775549149,FALSE,FALSE
1990-02-03,King_Haakon,0.846026478,-0.05102190840940368,0.05102190840940368,0.5877526775549149,FALSE,FALSE
1990-02-04,King_Haakon,0.825484301,-0.05190155786830008,0.05190155786830008,0.5877526775549149,FALSE,FALSE
1990-02-05,King_Haakon,0.82617214,-0.03278507022932375,0.03278507022932375,0.5877526775549149,FALSE,FALSE
1990-02-06,King_Haakon,0.811057222,-0.03064577838303062,0.03064577838303062,0.5877526775549149,FALSE,FALSE
1990-02-07,King_Haakon,0.816160985,-0.00940280421998129,0.00940280421998129,0.5877526775549149,FALSE,FALSE
1990-02-08,King_Haakon,0.810543315,6.278695447425875e-5,6.278695447425875e-5,0.5877526775549149,FALSE,FALSE
1990-02-09,King_Haakon,0.793632752,-0.00281309204681645,0.00281309204681645,0.5877526775549149,FALSE,FALSE
1990-02-10,King_Haakon,0.781306724,-0.0022484113287543,0.0022484113287543,0.5877526775549149,FALSE,FALSE
1990-02-11,King_Haakon,0.774501872,0.00258592102793497,0.00258592102793497,0.5877526775549149,FALSE,FALSE
1990-02-12,King_Haakon,0.762764155,0.00112831494252008,0.00112831494252008,0.5877526775549149,FALSE,FALSE
1990-02-13,King_Haakon,0.737415368,-0.01540698366572823,0.01540698366572823,0.5877526775549149,FALSE,FALSE
1990-02-14,King_Haakon,0.729210517,-0.01637251787753557,0.01637251787753557,0.5877526775549149,FALSE,FALSE
1990-02-15,King_Haakon,0.727930873,-0.01209456577363277,0.01209456577363277,0.5877526775549149,FALSE,FALSE
1990-02-16,King_Haakon,0.703797584,-0.03245952843474731,0.03245952843474731,0.5877526775549149,FALSE,FALSE
1990-02-17,King_Haakon,0.67862018,-0.05576542494160885,0.05576542494160885,0.5877526775549149,FALSE,FALSE
1990-02-18,King_Haakon,0.675441777,-0.05907668837494573,0.05907668837494573,0.5877526775549149,FALSE,FALSE
1990-02-19,King_Haakon,0.668820931,-0.0679423118154856,0.0679423118154856,0.5877526775549149,FALSE,FALSE
1990-02-20,King_Haakon,0.668957441,-0.07227004534395842,0.07227004534395842,0.5877526775549149,FALSE,FALSE
1990-02-21,King_Haakon,0.678005195,-0.0700031221558226,0.0700031221558226,0.5877526775549149,FALSE,FALSE
1990-02-22,King_Haakon,0.713882066,-0.04319436659068254,0.04319436659068254,0.5877526775549149,FALSE,FALSE
1990-02-23,King_Haakon,0.73251479,-0.03580363732227976,0.03580363732227976,0.5877526775549149,FALSE,FALSE
1990-02-24,King_Haakon,0.740836735,-0.0407826407028391,0.0407826407028391,0.5877526775549149,FALSE,FALSE
1990-02-25,King_Haakon,0.745970165,-0.05089418708458948,0.05089418708458948,0.5877526775549149,FALSE,FALSE
1990-02-26,King_Haakon,0.763961125,-0.04997730581975768,0.04997730581975768,0.5877526775549149,FALSE,FALSE
1990-02-27,King_Haakon,0.771779659,-0.06094702726057088,0.06094702726057088,0.5877526775549149,FALSE,FALSE
1990-02-28,King_Haakon,0.811409368,-0.04170482475925707,0.04170482475925707,0.5877526775549149,FALSE,FALSE
1990-03-01,King_Haakon,0.82822181,-0.04676421466804204,0.04676421466804204,0.5877526775549149,FALSE,FALSE
1990-03-02,King_Haakon,0.844341992,-0.05388526433915452,0.05388526433915452,0.5877526775549149,FALSE,FALSE
1990-03-03,King_Haakon,0.874830995,-0.04789196712482002,0.04789196712482002,0.5877526775549149,FALSE,FALSE
1990-03-04,King_Haakon,0.901861857,-0.04649635937726693,0.04649635937726693,0.5877526775549149,FALSE,FALSE
1990-03-05,King_Haakon,0.938582612,-0.03643548543116326,0.03643548543116326,0.5877526775549149,FALSE,FALSE
1990-03-06,King_Haakon,0.965527827,-0.03707467080224813,0.03707467080224813,0.5877526775549149,FALSE,FALSE
1990-03-07,King_Haakon,1.020994755,-0.01006478435264912,0.01006478435264912,0.5877526775549149,FALSE,FALSE
1990-03-08,King_Haakon,1.027166429,-0.03318071324167881,0.03318071324167881,0.5877526775549149,FALSE,FALSE
1990-03-09,King_Haakon,1.040331097,-0.0500921296286545,0.0500921296286545,0.5877526775549149,FALSE,FALSE
1990-03-10,King_Haakon,1.11409951,-0.00714620267289123,0.00714620267289123,0.5877526775549149,FALSE,FALSE
1990-03-11,King_Haakon,1.192215874,0.0394433534662979,0.0394433534662979,0.5877526775549149,FALSE,FALSE
1990-03-12,King_Haakon,1.278370707,0.09340913662959748,0.09340913662959748,0.5877526775549149,FALSE,FALSE
1990-03-13,King_Haakon,1.315617088,0.09784630565769192,0.09784630565769192,0.5877526775549149,FALSE,FALSE
1990-03-14,King_Haakon,1.347343142,0.0961850653912657,0.0961850653912657,0.5877526775549149,FALSE,FALSE
1990-03-15,King_Haakon,1.390800478,0.10571910467100508,0.10571910467100508,0.5877526775549149,FALSE,FALSE
1990-03-16,King_Haakon,1.432409745,0.1129111523375934,0.1129111523375934,0.5877526775549149,FALSE,FALSE
1990-03-17,King_Haakon,1.429298962,0.07493130723171793,0.07493130723171793,0.5877526775549149,FALSE,FALSE
1990-03-18,King_Haakon,1.448171245,0.05852491710716778,0.05852491710716778,0.5877526775549149,FALSE,FALSE
1990-03-19,King_Haakon,1.510669855,0.08538126872538454,0.08538126872538454,0.5877526775549149,FALSE,FALSE
1990-03-20,King_Haakon,1.587402405,0.1261579694115953,0.1261579694115953,0.5877526775549149,FALSE,FALSE
1990-03-21,King_Haakon,1.649677209,0.15221351433749897,0.15221351433749897,0.5877526775549149,FALSE,FALSE
1990-03-22,King_Haakon,1.737446415,0.20355023267479777,0.20355023267479777,0.5877526775549149,FALSE,FALSE
1990-03-23,King_Haakon,1.800369881,0.22987816359519408,0.22987816359519408,0.5877526775549149,FALSE,FALSE
1990-03-24,King_Haakon,1.831148991,0.2239488722703864,0.2239488722703864,0.5877526775549149,FALSE,FALSE
1990-03-25,King_Haakon,1.860354454,0.21638324887207916,0.21638324887207916,0.5877526775549149,FALSE,FALSE
1990-03-26,King_Haakon,1.939277077,0.25852228157196877,0.25852228157196877,0.5877526775549149,FALSE,FALSE
1990-03-27,King_Haakon,1.991657381,0.27415667254175924,0.27415667254175924,0.5877526775549149,FALSE,FALSE
1990-03-28,King_Haakon,2.026763236,0.2726044729531496,0.2726044729531496,0.5877526775549149,FALSE,FALSE
1990-03-29,King_Haakon,2.030245522,0.23956674397784417,0.23956674397784417,0.5877526775549149,FALSE,FALSE
1990-03-30,King_Haakon,2.097378842,0.2703682697875416,0.2703682697875416,0.5877526775549149,FALSE,FALSE
1990-03-31,King_Haakon,2.180914708,0.3178021623987932,0.3178021623987932,0.5877526775549149,FALSE,FALSE
1990-04-01,King_Haakon,2.252565034,0.35357503094897935,0.35357503094897935,0.5877526775549149,FALSE,FALSE
1990-04-02,King_Haakon,2.298160638,0.3634964429378418,0.3634964429378418,0.5877526775549149,FALSE,FALSE
1990-04-03,King_Haakon,2.340715222,0.3705588366828685,0.3705588366828685,0.5877526775549149,FALSE,FALSE
1990-04-04,King_Haakon,2.383986729,0.3784988915015544,0.3784988915015544,0.5877526775549149,FALSE,FALSE
1990-04-05,King_Haakon,2.436463945,0.3957841297113891,0.3957841297113891,0.5877526775549149,FALSE,FALSE
1990-04-06,King_Haakon,2.447965661,0.3722120786298624,0.3722120786298624,0.5877526775549149,FALSE,FALSE
1990-04-07,King_Haakon,2.448011304,0.33728090157447,0.33728090157447,0.5877526775549149,FALSE,FALSE
1990-04-08,King_Haakon,2.452910667,0.30727912786270073,0.30727912786270073,0.5877526775549149,FALSE,FALSE
1990-04-09,King_Haakon,2.467968814,0.28749055781204813,0.28749055781204813,0.5877526775549149,FALSE,FALSE
1990-04-10,King_Haakon,2.494454102,0.2791622847399995,0.2791622847399995,0.5877526775549149,FALSE,FALSE
1990-04-11,King_Haakon,2.53876187,0.2886683839640507,0.2886683839640507,0.5877526775549149,FALSE,FALSE
1990-04-12,King_Haakon,2.54576453,0.2608601688479042,0.2608601688479042,0.5877526775549149,FALSE,FALSE
1990-04-13,King_Haakon,2.549639655,0.22990587663740492,0.22990587663740492,0.5877526775549149,FALSE,FALSE
1990-04-14,King_Haakon,2.591456451,0.2368847685840905,0.2368847685840905,0.5877526775549149,FALSE,FALSE
1990-04-15,King_Haakon,2.594561054,0.20515484714623877,0.20515484714623877,0.5877526775549149,FALSE,FALSE
1990-04-16,King_Haakon,2.615935372,0.19170988678212364,0.19170988678212364,0.5877526775549149,FALSE,FALSE
1990-04-17,King_Haakon,2.630866913,0.17184926195001937,0.17184926195001937,0.5877526775549149,FALSE,FALSE
1990-04-18,King_Haakon,2.655551468,0.16178063010820365,0.16178063010820365,0.5877526775549149,FALSE,FALSE
1990-04-19,King_Haakon,2.684533336,0.15606015671495177,0.15606015671495177,0.5877526775549149,FALSE,FALSE
1990-04-20,King_Haakon,2.662398221,0.09928541222853804,0.09928541222853804,0.5877526775549149,FALSE,FALSE
1990-04-21,King_Haakon,2.667758042,0.07008018210723588,0.07008018210723588,0.5877526775549149,FALSE,FALSE
1990-04-22,King_Haakon,2.689595331,0.05743886480932314,0.05743886480932314,0.5877526775549149,FALSE,FALSE
1990-04-23,King_Haakon,2.810984485,0.14444772379307347,0.14444772379307347,0.5877526775549149,FALSE,FALSE
1990-04-24,King_Haakon,2.862536333,0.16172945451676402,0.16172945451676402,0.5877526775549149,FALSE,FALSE
1990-04-25,King_Haakon,2.957841724,0.2228887011668772,0.2228887011668772,0.5877526775549149,FALSE,FALSE
1990-04-26,King_Haakon,3.007132307,0.238189225953664,0.238189225953664,0.5877526775549149,FALSE,FALSE
1990-04-27,King_Haakon,3.059767362,0.2570325447344475,0.2570325447344475,0.5877526775549149,FALSE,FALSE
1990-04-28,King_Haakon,3.09408349,0.25779760099745497,0.25779760099745497,0.5877526775549149,FALSE,FALSE
1990-04-29,King_Haakon,3.167146878,0.2975929242309201,0.2975929242309201,0.5877526775549149,FALSE,FALSE
1990-04-30,King_Haakon,3.220577927,0.3180812579230645,0.3180812579230645,0.5877526775549149,FALSE,FALSE
1990-05-01,King_Haakon,3.263369016,0.3282973235621256,0.3282973235621256,0.5877526775549149,FALSE,FALSE
1990-05-02,King_Haakon,3.269699148,0.30246246663632625,0.30246246663632625,0.5877526775549149,FALSE,FALSE
1990-05-03,King_Haakon,3.298314111,0.299364817633899,0.299364817633899,0.5877526775549149,FALSE,FALSE
1990-05-04,King_Haakon,3.308228043,0.2780608570430725,0.2780608570430725,0.5877526775549149,FALSE,FALSE
1990-05-05,King_Haakon,3.317876254,0.2570282373520758,0.2570282373520758,0.5877526775549149,FALSE,FALSE
1990-05-06,King_Haakon,3.327847697,0.23689825404913556,0.23689825404913556,0.5877526775549149,FALSE,FALSE
1990-05-07,King_Haakon,3.30684357,0.18641442644806985,0.18641442644806985,0.5877526775549149,FALSE,FALSE
1990-05-08,King_Haakon,3.292434354,0.14317775179559478,0.14317775179559478,0.5877526775549149,FALSE,FALSE
1990-05-09,King_Haakon,3.316474794,0.13904207247707134,0.13904207247707134,0.5877526775549149,FALSE,FALSE
1990-05-10,King_Haakon,3.34151334,0.13654976634300464,0.13654976634300464,0.5877526775549149,FALSE,FALSE
1990-05-11,King_Haakon,3.391551021,0.15969579024389313,0.15969579024389313,0.5877526775549149,FALSE,FALSE
1990-05-12,King_Haakon,3.455864888,0.19775112303024223,0.19775112303024223,0.5877526775549149,FALSE,FALSE
1990-05-13,King_Haakon,3.520929899,0.2371846505525532,0.2371846505525532,0.5877526775549149,FALSE,FALSE
1990-05-14,King_Haakon,3.51766345,0.20890769666132636,0.20890769666132636,0.5877526775549149,FALSE,FALSE
1990-05-15,King_Haakon,3.489487497,0.1563361452070664,0.1563361452070664,0.5877526775549149,FALSE,FALSE
1990-05-16,King_Haakon,3.466503491,0.10956537504027208,0.10956537504027208,0.5877526775549149,FALSE,FALSE
1990-05-17,King_Haakon,3.457442908,0.07732079001144987,0.07732079001144987,0.5877526775549149,FALSE,FALSE
1990-05-18,King_Haakon,3.450091678,0.04738224797109725,0.04738224797109725,0.5877526775549149,FALSE,FALSE
1990-05-19,King_Haakon,3.507574223,0.08286809876971901,0.08286809876971901,0.5877526775549149,FALSE,FALSE
1990-05-20,King_Haakon,3.544428922,0.09830907111775788,0.09830907111775788,0.5877526775549149,FALSE,FALSE
1990-05-21,King_Haakon,3.5518458,0.08485874290782158,0.08485874290782158,0.5877526775549149,FALSE,FALSE
1990-05-22,King_Haakon,3.571868213,0.08449886371960735,0.08449886371960735,0.5877526775549149,FALSE,FALSE
1990-05-23,King_Haakon,3.590760338,0.08343115765486653,0.08343115765486653,0.5877526775549149,FALSE,FALSE
1990-05-24,King_Haakon,3.611763382,0.08483437881534694,0.08483437881534694,0.5877526775549149,FALSE,FALSE
1990-05-25,King_Haakon,3.648856071,0.1026248003027983,0.1026248003027983,0.5877526775549149,FALSE,FALSE
1990-05-26,King_Haakon,3.671699272,0.10640083621896768,0.10640083621896768,0.5877526775549149,FALSE,FALSE
1990-05-27,King_Haakon,3.713851126,0.1296581746656047,0.1296581746656047,0.5877526775549149,FALSE,FALSE
1990-05-28,King_Haakon,3.730586047,0.12760877674445714,0.12760877674445714,0.5877526775549149,FALSE,FALSE
1990-05-29,King_Haakon,3.753181091,0.13146724555727385,0.13146724555727385,0.5877526775549149,FALSE,FALSE
1990-05-30,King_Haakon,3.802883528,0.16241839820580584,0.16241839820580584,0.5877526775549149,FALSE,FALSE
1990-05-31,King_Haakon,3.82245749,0.16316391379179462,0.16316391379179462,0.5877526775549149,FALSE,FALSE
1990-06-01,King_Haakon,3.875924578,0.19766294041699609,0.19766294041699609,0.5877526775549149,FALSE,FALSE
1990-06-02,King_Haakon,3.910614676,0.21319676153587963,0.21319676153587963,0.5877526775549149,FALSE,FALSE
1990-06-03,King_Haakon,3.907370661,0.1906211063803469,0.1906211063803469,0.5877526775549149,FALSE,FALSE
1990-06-04,King_Haakon,3.897878563,0.16165189244623868,0.16165189244623868,0.5877526775549149,FALSE,FALSE
1990-06-05,King_Haakon,3.897229756,0.1414103818604242,0.1414103818604242,0.5877526775549149,FALSE,FALSE
1990-06-06,King_Haakon,3.916862468,0.14136469074977898,0.14136469074977898,0.5877526775549149,FALSE,FALSE
1990-06-07,King_Haakon,3.922492911,0.127260919241182,0.127260919241182,0.5877526775549149,FALSE,FALSE
1990-06-08,King_Haakon,3.928619457,0.11362732746149716,0.11362732746149716,0.5877526775549149,FALSE,FALSE
1990-06-09,King_Haakon,3.92860456,0.0938562575376003,0.0938562575376003,0.5877526775549149,FALSE,FALSE
1990-06-10,King_Haakon,3.961795463,0.10732484059636382,0.10732484059636382,0.5877526775549149,FALSE,FALSE
1990-06-11,King_Haakon,3.975724876,0.10159567476466291,0.10159567476466291,0.5877526775549149,FALSE,FALSE
1990-06-12,King_Haakon,4.012052892,0.11835874116936962,0.11835874116936962,0.5877526775549149,FALSE,FALSE
1990-06-13,King_Haakon,4.072466279,0.15933069593735416,0.15933069593735416,0.5877526775549149,FALSE,FALSE
1990-06-14,King_Haakon,4.154429882,0.2220061522447012,0.2220061522447012,0.5877526775549149,FALSE,FALSE
1990-06-15,King_Haakon,4.184543964,0.2330098533391829,0.2330098533391829,0.5877526775549149,FALSE,FALSE
1990-06-16,King_Haakon,4.19913165,0.22868215019444585,0.22868215019444585,0.5877526775549149,FALSE,FALSE
1990-06-17,King_Haakon,4.222267844,0.23311464719959085,0.23311464719959085,0.5877526775549149,FALSE,FALSE
1990-06-18,King_Haakon,4.236678029,0.2290495277437357,0.2290495277437357,0.5877526775549149,FALSE,FALSE
1990-06-19,King_Haakon,4.232440371,0.20658165821598473,0.20658165821598473,0.5877526775549149,FALSE,FALSE
1990-06-20,King_Haakon,4.262238696,0.21841156500545456,0.21841156500545456,0.5877526775549149,FALSE,FALSE
1990-06-21,King_Haakon,4.2784539,0.21693684450124895,0.21693684450124895,0.5877526775549149,FALSE,FALSE
1990-06-22,King_Haakon,4.235394557,0.156482771092481,0.156482771092481,0.5877526775549149,FALSE,FALSE
1990-06-23,King_Haakon,4.221544418,0.1255497961682579,0.1255497961682579,0.5877526775549149,FALSE,FALSE
1990-06-24,King_Haakon,4.205307894,0.0925590311176938,0.0925590311176938,0.5877526775549149,FALSE,FALSE
1990-06-25,King_Haakon,4.199084974,0.0699271653298954,0.0699271653298954,0.5877526775549149,FALSE,FALSE
1990-06-26,King_Haakon,4.184038663,0.03883390419397337,0.03883390419397337,0.5877526775549149,FALSE,FALSE
1990-06-27,King_Haakon,4.1702422,0.00936484966177886,0.00936484966177886,0.5877526775549149,FALSE,FALSE
1990-06-28,King_Haakon,4.140822449,-0.03537354718245567,0.03537354718245567,0.5877526775549149,FALSE,FALSE
1990-06-29,King_Haakon,4.152151418,-0.03904466783678906,0.03904466783678906,0.5877526775549149,FALSE,FALSE
1990-06-30,King_Haakon,4.189925802,-0.01598728380153069,0.01598728380153069,0.5877526775549149,FALSE,FALSE
1990-07-01,King_Haakon,4.232149378,0.01176691542301,0.01176691542301,0.5877526775549149,FALSE,FALSE
1990-07-02,King_Haakon,4.267649929,0.03301024633652716,0.03301024633652716,0.5877526775549149,FALSE,FALSE
1990-07-03,King_Haakon,4.351074361,0.10235414843870404,0.10235414843870404,0.5877526775549149,FALSE,FALSE
1990-07-04,King_Haakon,4.47187609,0.2092165712292342,0.2092165712292342,0.5877526775549149,FALSE,FALSE
1990-07-05,King_Haakon,4.498510836,0.2220177682078086,0.2220177682078086,0.5877526775549149,FALSE,FALSE
1990-07-06,King_Haakon,4.503366783,0.213110456874114,0.213110456874114,0.5877526775549149,FALSE,FALSE
1990-07-07,King_Haakon,4.524832793,0.22084803272784723,0.22084803272784723,0.5877526775549149,FALSE,FALSE
1990-07-08,King_Haakon,4.500957184,0.1832433472686912,0.1832433472686912,0.5877526775549149,FALSE,FALSE
1990-07-09,King_Haakon,4.503476542,0.1719976111998225,0.1719976111998225,0.5877526775549149,FALSE,FALSE
1990-07-10,King_Haakon,4.52996955,0.1846718708793924,0.1846718708793924,0.5877526775549149,FALSE,FALSE
1990-07-11,King_Haakon,4.530126532,0.1709776342587075,0.1709776342587075,0.5877526775549149,FALSE,FALSE
1990-07-12,King_Haakon,4.5091061,0.13609983466298203,0.13609983466298203,0.5877526775549149,FALSE,FALSE
1990-07-13,King_Haakon,4.500747457,0.11390399641741844,0.11390399641741844,0.5877526775549149,FALSE,FALSE
1990-07-14,King_Haakon,4.523043857,0.12240969484723864,0.12240969484723864,0.5877526775549149,FALSE,FALSE
1990-07-15,King_Haakon,4.52509445,0.11074240127764856,0.11074240127764856,0.5877526775549149,FALSE,FALSE
1990-07-16,King_Haakon,4.554171555,0.12620075603386116,0.12620075603386116,0.5877526775549149,FALSE,FALSE
1990-07-17,King_Haakon,4.594882632,0.15341854044109038,0.15341854044109038,0.5877526775549149,FALSE,FALSE
1990-07-18,King_Haakon,4.652615027,0.19780942182454184,0.19780942182454184,0.5877526775549149,FALSE,FALSE
1990-07-19,King_Haakon,4.690324696,0.2223556775094329,0.2223556775094329,0.5877526775549149,FALSE,FALSE
1990-07-20,King_Haakon,4.695873035,0.214945024820973,0.214945024820973,0.5877526775549149,FALSE,FALSE
1990-07-21,King_Haakon,4.702526392,0.20887013308437297,0.20887013308437297,0.5877526775549149,FALSE,FALSE
1990-07-22,King_Haakon,4.756352434,0.2502239889155806,0.2502239889155806,0.5877526775549149,FALSE,FALSE
1990-07-23,King_Haakon,4.784767354,0.26643427904108563,0.26643427904108563,0.5877526775549149,FALSE,FALSE
1990-07-24,King_Haakon,4.843861604,0.31359287094786126,0.31359287094786126,0.5877526775549149,FALSE,FALSE
1990-07-25,King_Haakon,4.899574092,0.35763985950919874,0.35763985950919874,0.5877526775549149,FALSE,FALSE
1990-07-26,King_Haakon,4.924917516,0.3715891295983784,0.3715891295983784,0.5877526775549149,FALSE,FALSE
1990-07-27,King_Haakon,4.914174258,0.34972425008869124,0.34972425008869124,0.5877526775549149,FALSE,FALSE
1990-07-28,King_Haakon,4.887611215,0.312313304853423,0.312313304853423,0.5877526775549149,FALSE,FALSE
1990-07-29,King_Haakon,4.864808527,0.2789376207658574,0.2789376207658574,0.5877526775549149,FALSE,FALSE
1990-07-30,King_Haakon,4.820853343,0.22468553369928568,0.22468553369928568,0.5877526775549149,FALSE,FALSE
1990-07-31,King_Haakon,4.790081335,0.18389390252698945,0.18389390252698945,0.5877526775549149,FALSE,FALSE
1990-08-01,King_Haakon,4.798097958,0.182169369122259,0.182169369122259,0.5877526775549149,FALSE,FALSE
1990-08-02,King_Haakon,4.787405791,0.16201569935838034,0.16201569935838034,0.5877526775549149,FALSE,FALSE
1990-08-03,King_Haakon,4.790540781,0.15597002728233544,0.15597002728233544,0.5877526775549149,FALSE,FALSE
1990-08-04,King_Haakon,4.816007768,0.1725430690989498,0.1725430690989498,0.5877526775549149,FALSE,FALSE
1990-08-05,King_Haakon,4.845649162,0.19360002661668577,0.19360002661668577,0.5877526775549149,FALSE,FALSE
1990-08-06,King_Haakon,4.853564304,0.1932668456678961,0.1932668456678961,0.5877526775549149,FALSE,FALSE
1990-08-07,King_Haakon,4.885228933,0.21704587008493093,0.21704587008493093,0.5877526775549149,FALSE,FALSE
1990-08-08,King_Haakon,4.85829499,0.1826156457001451,0.1826156457001451,0.5877526775549149,FALSE,FALSE
1990-08-09,King_Haakon,4.815625031,0.13286533334588757,0.13286533334588757,0.5877526775549149,FALSE,FALSE
1990-08-10,King_Haakon,4.791246081,0.10184856285451004,0.10184856285451004,0.5877526775549149,FALSE,FALSE
1990-08-11,King_Haakon,4.781859228,0.08629302705836306,0.08629302705836306,0.5877526775549149,FALSE,FALSE
1990-08-12,King_Haakon,4.766410771,0.06517162978979929,0.06517162978979929,0.5877526775549149,FALSE,FALSE
1990-08-13,King_Haakon,4.89993449,0.19354475588116937,0.19354475588116937,0.5877526775549149,FALSE,FALSE
1990-08-14,King_Haakon,5.070854544,0.35986316916482775,0.35986316916482775,0.5877526775549149,FALSE,FALSE
1990-08-15,King_Haakon,5.092077362,0.3770599034731248,0.3770599034731248,0.5877526775549149,FALSE,FALSE
1990-08-16,King_Haakon,5.099342539,0.38089922197404213,0.38089922197404213,0.5877526775549149,FALSE,FALSE
1990-08-17,King_Haakon,5.071688449,0.3503866046221287,0.3503866046221287,0.5877526775549149,FALSE,FALSE
1990-08-18,King_Haakon,5.058321888,0.3346300688788819,0.3346300688788819,0.5877526775549149,FALSE,FALSE
1990-08-19,King_Haakon,5.004944597,0.27922896656528273,0.27922896656528273,0.5877526775549149,FALSE,FALSE
1990-08-20,King_Haakon,4.965156086,0.23768041850230492,0.23768041850230492,0.5877526775549149,FALSE,FALSE
1990-08-21,King_Haakon,4.934025234,0.20495091451093295,0.20495091451093295,0.5877526775549149,FALSE,FALSE
1990-08-22,King_Haakon,4.972639011,0.24202503541213893,0.24202503541213893,0.5877526775549149,FALSE,FALSE
1990-08-23,King_Haakon,4.935108722,0.20291169702690404,0.20291169702690404,0.5877526775549149,FALSE,FALSE
1990-08-24,King_Haakon,4.99043449,0.25650863317620587,0.25650863317620587,0.5877526775549149,FALSE,FALSE
1990-08-25,King_Haakon,4.989915934,0.2540130736810209,0.2540130736810209,0.5877526775549149,FALSE,FALSE
1990-08-26,King_Haakon,4.998822235,0.26059181036232637,0.26059181036232637,0.5877526775549149,FALSE,FALSE
1990-08-27,King_Haakon,4.986331718,0.24532077904110228,0.24532077904110228,0.5877526775549149,FALSE,FALSE
1990-08-28,King_Haakon,4.958144652,0.21379785953832808,0.21379785953832808,0.5877526775549149,FALSE,FALSE
1990-08-29,King_Haakon,4.940802868,0.19248385348735475,0.19248385348735475,0.5877526775549149,FALSE,FALSE
1990-08-30,King_Haakon,4.932150375,0.1792715589677858,0.1792715589677858,0.5877526775549149,FALSE,FALSE
1990-08-31,King_Haakon,4.915984962,0.15805633098500935,0.15805633098500935,0.5877526775549149,FALSE,FALSE
1990-09-01,King_Haakon,4.921160126,0.15778932003420465,0.15778932003420465,0.5877526775549149,FALSE,FALSE
1990-09-02,King_Haakon,4.921332878,0.1522251906105483,0.1522251906105483,0.5877526775549149,FALSE,FALSE
1990-09-03,King_Haakon,4.911676673,0.1366350512092227,0.1366350512092227,0.5877526775549149,FALSE,FALSE
1990-09-04,King_Haakon,4.908824089,0.12774913332540816,0.12774913332540816,0.5877526775549149,FALSE,FALSE
1990-09-05,King_Haakon,4.885207626,0.09809759045428468,0.09809759045428468,0.5877526775549149,FALSE,FALSE
1990-09-06,King_Haakon,4.862916332,0.06986712409102758,0.06986712409102758,0.5877526775549149,FALSE,FALSE
1990-09-07,King_Haakon,4.85124416,0.05244934073082419,0.05244934073082419,0.5877526775549149,FALSE,FALSE
1990-09-08,King_Haakon,4.868684891,0.0644356748688466,0.0644356748688466,0.5877526775549149,FALSE,FALSE
1990-09-09,King_Haakon,4.830038361,0.02072361600027417,0.02072361600027417,0.5877526775549149,FALSE,FALSE
1990-09-10,King_Haakon,4.807628804,-0.00626538236893736,0.00626538236893736,0.5877526775549149,FALSE,FALSE
1990-09-11,King_Haakon,4.789385569,-0.02854595104245572,0.02854595104245572,0.5877526775549149,FALSE,FALSE
1990-09-12,King_Haakon,4.741339616,-0.08010566442690692,0.08010566442690692,0.5877526775549149,FALSE,FALSE
1990-09-13,King_Haakon,4.73612452,-0.08833733187863402,0.08833733187863402,0.5877526775549149,FALSE,FALSE
1990-09-14,King_Haakon,4.681970836,-0.14503678275397647,0.14503678275397647,0.5877526775549149,FALSE,FALSE
1990-09-15,King_Haakon,4.655966459,-0.17314250640928552,0.17314250640928552,0.5877526775549149,FALSE,FALSE
1990-09-16,King_Haakon,4.666831244,-0.16396103220090552,0.16396103220090552,0.5877526775549149,FALSE,FALSE
1990-09-17,King_Haakon,4.717232413,-0.11485152248517672,0.11485152248517672,0.5877526775549149,FALSE,FALSE
1990-09-18,King_Haakon,4.770634297,-0.06237603061845043,0.06237603061845043,0.5877526775549149,FALSE,FALSE
1990-09-19,King_Haakon,4.77392712,-0.05967071695706849,0.05967071695706849,0.5877526775549149,FALSE,FALSE
1990-09-20,King_Haakon,4.757257372,-0.07661547585737782,0.07661547585737782,0.5877526775549149,FALSE,FALSE
1990-09-21,King_Haakon,4.765695103,-0.0681666416757194,0.0681666416757194,0.5877526775549149,FALSE,FALSE
1990-09-22,King_Haakon,4.792392321,-0.04119859076844179,0.04119859076844179,0.5877526775549149,FALSE,FALSE
1990-09-23,King_Haakon,4.840402356,0.00731541832301285,0.00731541832301285,0.5877526775549149,FALSE,FALSE
1990-09-24,King_Haakon,4.902592417,0.07021382002602472,0.07021382002602472,0.5877526775549149,FALSE,FALSE
1990-09-25,King_Haakon,4.931143179,0.09964718868785116,0.09964718868785116,0.5877526775549149,FALSE,FALSE
1990-09-26,King_Haakon,4.96887913,0.13840989304939733,0.13840989304939733,0.5877526775549149,FALSE,FALSE
1990-09-27,King_Haakon,4.951897247,0.12256879085154893,0.12256879085154893,0.5877526775549149,FALSE,FALSE
1990-09-28,King_Haakon,4.94209166,0.11398789283520916,0.11398789283520916,0.5877526775549149,FALSE,FALSE
1990-09-29,King_Haakon,4.935274341,0.10844905174126752,0.10844905174126752,0.5877526775549149,FALSE,FALSE
1990-09-30,King_Haakon,4.964763462,0.13924032031062072,0.13924032031062072,0.5877526775549149,FALSE,FALSE
1990-10-01,King_Haakon,4.996109752,0.17188230828416629,0.17188230828416629,0.5877526775549149,FALSE,FALSE
1990-10-02,King_Haakon,5.005242241,0.18227392640279927,0.18227392640279927,0.5877526775549149,FALSE,FALSE
1990-10-03,King_Haakon,4.980111686,0.1583358124074108,0.1583358124074108,0.5877526775549149,FALSE,FALSE
1990-10-04,King_Haakon,4.955909142,0.13522890203890192,0.13522890203890192,0.5877526775549149,FALSE,FALSE
1990-10-05,King_Haakon,4.970731622,0.15102010732199833,0.15102010732199833,0.5877526775549149,FALSE,FALSE
1990-10-06,King_Haakon,4.967782273,0.14890459094693487,0.14890459094693487,0.5877526775549149,FALSE,FALSE
1990-10-07,King_Haakon,4.96670029,0.14857862086579576,0.14857862086579576,0.5877526775549149,FALSE,FALSE
1990-10-08,King_Haakon,4.933971193,0.11659669212842604,0.11659669212842604,0.5877526775549149,FALSE,FALSE
1990-10-09,King_Haakon,4.896903751,0.08033654878467544,0.08033654878467544,0.5877526775549149,FALSE,FALSE
1990-10-10,King_Haakon,4.884556391,0.06892559288439504,0.06892559288439504,0.5877526775549149,FALSE,FALSE
1990-10-11,King_Haakon,4.836375356,0.02187904247742267,0.02187904247742267,0.5877526775549149,FALSE,FALSE
1990-10-12,King_Haakon,4.858403129,0.04530835561361179,0.04530835561361179,0.5877526775549149,FALSE,FALSE
1990-10-13,King_Haakon,4.884950888,0.07359368534280897,0.07359368534280897,0.5877526775549149,FALSE,FALSE
1990-10-14,King_Haakon,4.936069474,0.12685484771486166,0.12685484771486166,0.5877526775549149,FALSE,FALSE
1990-10-15,King_Haakon,4.975573814,0.1689757447796163,0.1689757447796163,0.5877526775549149,FALSE,FALSE
1990-10-16,King_Haakon,5.053056033,0.24961747658691905,0.24961747658691905,0.5877526775549149,FALSE,FALSE
1990-10-17,King_Haakon,5.189868802,0.3902016891866191,0.3902016891866191,0.5877526775549149,FALSE,FALSE
1990-10-18,King_Haakon,5.221855484,0.42663798557884025,0.42663798557884025,0.5877526775549149,FALSE,FALSE
1990-10-19,King_Haakon,5.242762576,0.4526810111179529,0.4526810111179529,0.5877526775549149,FALSE,FALSE
1990-10-20,King_Haakon,5.26377873,0.4794720296568178,0.4794720296568178,0.5877526775549149,FALSE,FALSE
1990-10-21,King_Haakon,5.229726362,0.4517838453515646,0.4517838453515646,0.5877526775549149,FALSE,FALSE
1990-10-22,King_Haakon,5.112088527,0.3410499013583266,0.3410499013583266,0.5877526775549149,FALSE,FALSE
1990-10-23,King_Haakon,5.055133621,0.2914889818332336,0.2914889818332336,0.5877526775549149,FALSE,FALSE
1990-10-24,King_Haakon,5.052706051,0.29689588193241967,0.29689588193241967,0.5877526775549149,FALSE,FALSE
1990-10-25,King_Haakon,5.079636877,0.3320520498120212,0.3320520498120212,0.5877526775549149,FALSE,FALSE
1990-10-26,King_Haakon,5.056836582,0.31781835662816604,0.31781835662816604,0.5877526775549149,FALSE,FALSE
1990-10-27,King_Haakon,5.025555044,0.2953950685369868,0.2953950685369868,0.5877526775549149,FALSE,FALSE
1990-10-28,King_Haakon,5.01244852,0.29138883069461663,0.29138883069461663,0.5877526775549149,FALSE,FALSE
1990-10-29,King_Haakon,5.031519826,0.31975284725718467,0.31975284725718467,0.5877526775549149,FALSE,FALSE
1990-10-30,King_Haakon,5.011744639,0.3094131833808298,0.3094131833808298,0.5877526775549149,FALSE,FALSE
1990-10-31,King_Haakon,4.986063976,0.2932754052950912,0.2932754052950912,0.5877526775549149,FALSE,FALSE
1990-11-01,King_Haakon,4.972622097,0.28951802610779964,0.28951802610779964,0.5877526775549149,FALSE,FALSE
1990-11-02,King_Haakon,4.911704072,0.23848177924958236,0.23848177924958236,0.5877526775549149,FALSE,FALSE
1990-11-03,King_Haakon,4.863809767,0.20072219990673013,0.20072219990673013,0.5877526775549149,FALSE,FALSE
1990-11-04,King_Haakon,4.851652045,0.1990078202655212,0.1990078202655212,0.5877526775549149,FALSE,FALSE
1990-11-05,King_Haakon,4.834889296,0.1930526995122479,0.1930526995122479,0.5877526775549149,FALSE,FALSE
1990-11-06,King_Haakon,4.833124032,0.20251501883318923,0.20251501883318923,0.5877526775549149,FALSE,FALSE
1990-11-07,King_Haakon,4.844609176,0.22570337041463429,0.22570337041463429,0.5877526775549149,FALSE,FALSE
1990-11-08,King_Haakon,4.85054756,0.24387625544286884,0.24387625544286884,0.5877526775549149,FALSE,FALSE
1990-11-09,King_Haakon,4.846817616,0.2529677751041781,0.2529677751041781,0.5877526775549149,FALSE,FALSE
1990-11-10,King_Haakon,4.826992221,0.24660647558484605,0.24660647558484605,0.5877526775549149,FALSE,FALSE
1990-11-11,King_Haakon,4.728002824,0.16177947507115586,0.16177947507115586,0.5877526775549149,FALSE,FALSE
1990-11-12,King_Haakon,4.702493483,0.15118680183443178,0.15118680183443178,0.5877526775549149,FALSE,FALSE
1990-11-13,King_Haakon,4.7079454610000004,0.17238234486906645,0.17238234486906645,0.5877526775549149,FALSE,FALSE
1990-11-14,King_Haakon,4.709723584,0.19082859319663736,0.19082859319663736,0.5877526775549149,FALSE,FALSE
1990-11-15,King_Haakon,4.695827267,0.194624689980996,0.194624689980996,0.5877526775549149,FALSE,FALSE
1990-11-16,King_Haakon,4.6632412070000004,0.1808550603859844,0.1808550603859844,0.5877526775549149,FALSE,FALSE
1990-11-17,King_Haakon,4.658976329,0.19663035757544375,0.19663035757544375,0.5877526775549149,FALSE,FALSE
1990-11-18,King_Haakon,4.673385282,0.23240295871322217,0.23240295871322217,0.5877526775549149,FALSE,FALSE
1990-11-19,King_Haakon,4.672283731,0.2540882569631613,0.2540882569631613,0.5877526775549149,FALSE,FALSE
1990-11-20,King_Haakon,4.671349324,0.27746362848910433,0.27746362848910433,0.5877526775549149,FALSE,FALSE
1990-11-21,King_Haakon,4.596941834,0.2289885744548972,0.2289885744548972,0.5877526775549149,FALSE,FALSE
1990-11-22,King_Haakon,4.570485368,0.23018693002438265,0.23018693002438265,0.5877526775549149,FALSE,FALSE
1990-11-23,King_Haakon,4.496066587,0.18524508436140863,0.18524508436140863,0.5877526775549149,FALSE,FALSE
1990-11-24,King_Haakon,4.47620559,0.19678286462981287,0.19678286462981287,0.5877526775549149,FALSE,FALSE
1990-11-25,King_Haakon,4.413923986,0.1679042603481049,0.1679042603481049,0.5877526775549149,FALSE,FALSE
1990-11-26,King_Haakon,4.366471125,0.155794278557015,0.155794278557015,0.5877526775549149,FALSE,FALSE
1990-11-27,King_Haakon,4.299468509,0.1259363019288049,0.1259363019288049,0.5877526775549149,FALSE,FALSE
1990-11-28,King_Haakon,4.275256297,0.14053181132259152,0.14053181132259152,0.5877526775549149,FALSE,FALSE
1990-11-29,King_Haakon,4.214172679,0.1197803185974955,0.1197803185974955,0.5877526775549149,FALSE,FALSE
1990-11-30,King_Haakon,4.160031873,0.10735736361263903,0.10735736361263903,0.5877526775549149,FALSE,FALSE
1990-12-01,King_Haakon,4.091218955,0.0815093442271344,0.0815093442271344,0.5877526775549149,FALSE,FALSE
1990-12-02,King_Haakon,3.98976787,0.02413152730010592,0.02413152730010592,0.5877526775549149,FALSE,FALSE
1990-12-03,King_Haakon,3.92123786,6.444766906716914e-4,6.444766906716914e-4,0.5877526775549149,FALSE,FALSE
1990-12-04,King_Haakon,3.846958991,-0.02776041974205156,0.02776041974205156,0.5877526775549149,FALSE,FALSE
1990-12-05,King_Haakon,3.765038246,-0.06311485713894305,0.06311485713894305,0.5877526775549149,FALSE,FALSE
1990-12-06,King_Haakon,3.646486061,-0.13454707764088436,0.13454707764088436,0.5877526775549149,FALSE,FALSE
1990-12-07,King_Haakon,3.614415015,-0.119083019238718,0.119083019238718,0.5877526775549149,FALSE,FALSE
1990-12-08,King_Haakon,3.540615963,-0.14502031779490876,0.14502031779490876,0.5877526775549149,FALSE,FALSE
1990-12-09,King_Haakon,3.485974247,-0.15144147751879533,0.15144147751879533,0.5877526775549149,FALSE,FALSE
1990-12-10,King_Haakon,3.427044898,-0.1617414917147859,0.1617414917147859,0.5877526775549149,FALSE,FALSE
1990-12-11,King_Haakon,3.373232863,-0.16646543768729538,0.16646543768729538,0.5877526775549149,FALSE,FALSE
1990-12-12,King_Haakon,3.283259523,-0.20684195874073552,0.20684195874073552,0.5877526775549149,FALSE,FALSE
1990-12-13,King_Haakon,3.235428489,-0.20451746817951744,0.20451746817951744,0.5877526775549149,FALSE,FALSE
1990-12-14,King_Haakon,3.1851629,-0.20401885130805383,0.20401885130805383,0.5877526775549149,FALSE,FALSE
1990-12-15,King_Haakon,3.150983324,-0.1867755644307567,0.1867755644307567,0.5877526775549149,FALSE,FALSE
1990-12-16,King_Haakon,3.096673422,-0.1889539708520376,0.1889539708520376,0.5877526775549149,FALSE,FALSE
1990-12-17,King_Haakon,3.054989583,-0.17774770587630906,0.17774770587630906,0.5877526775549149,FALSE,FALSE
1990-12-18,King_Haakon,3.001613888,-0.17742471280798133,0.17742471280798133,0.5877526775549149,FALSE,FALSE
1990-12-19,King_Haakon,2.99030221,-0.13417914295146938,0.13417914295146938,0.5877526775549149,FALSE,FALSE
1990-12-20,King_Haakon,2.945880467,-0.12313949764605292,0.12313949764605292,0.5877526775549149,FALSE,FALSE
1990-12-21,King_Haakon,2.942641975,-0.07003637420395137,0.07003637420395137,0.5877526775549149,FALSE,FALSE
1990-12-22,King_Haakon,2.927208324,-0.02832756748579212,0.02832756748579212,0.5877526775549149,FALSE,FALSE
1990-12-23,King_Haakon,2.873564714,-0.0241088081735552,0.0241088081735552,0.5877526775549149,FALSE,FALSE
1990-12-24,King_Haakon,2.804914751,-0.0342574209492188,0.0342574209492188,0.5877526775549149,FALSE,FALSE
1990-12-25,King_Haakon,2.7081915,-0.07192127149475347,0.07192127149475347,0.5877526775549149,FALSE,FALSE
1990-12-26,King_Haakon,2.659303748,-0.06127250349213664,0.06127250349213664,0.5877526775549149,FALSE,FALSE
1990-12-27,King_Haakon,2.655559719,-0.00508382362334769,0.00508382362334769,0.5877526775549149,FALSE,FALSE
1990-12-28,King_Haakon,2.631131796,0.03073622042963464,0.03073622042963464,0.5877526775549149,FALSE,FALSE
1990-12-29,King_Haakon,2.58595419,0.04604090898484347,0.04604090898484347,0.5877526775549149,FALSE,FALSE
1990-12-30,King_Haakon,2.561941171,0.08266358136029384,0.08266358136029384,0.5877526775549149,FALSE,FALSE
1990-12-31,King_Haakon,2.507588712,0.08901927987401637,0.08901927987401637,0.5877526775549149,FALSE,FALSE
1991-01-01,King_Haakon,2.480856833,0.12298709384402652,0.12298709384402652,0.5877526775549149,FALSE,FALSE
1991-01-02,King_Haakon,2.453601745,0.15633930561808418,0.15633930561808418,0.5877526775549149,FALSE,FALSE
1991-01-03,King_Haakon,2.429490305,0.19264685166284412,0.19264685166284412,0.5877526775549149,FALSE,FALSE
1991-01-04,King_Haakon,2.400900992,0.2241892924746991,0.2241892924746991,0.5877526775549149,FALSE,FALSE
1991-01-05,King_Haakon,2.303999075,0.1870329785500342,0.1870329785500342,0.5877526775549149,FALSE,FALSE
1991-01-06,King_Haakon,2.235974424,0.17826886138524545,0.17826886138524545,0.5877526775549149,FALSE,FALSE
1991-01-07,King_Haakon,2.20464651,0.20561749347671587,0.20561749347671587,0.5877526775549149,FALSE,FALSE
1991-01-08,King_Haakon,2.184350851,0.24331547432083345,0.24331547432083345,0.5877526775549149,FALSE,FALSE
1991-01-09,King_Haakon,2.181426408,0.2976028464139926,0.2976028464139926,0.5877526775549149,FALSE,FALSE
1991-01-10,King_Haakon,2.145595624,0.31810313425257664,0.31810313425257664,0.5877526775549149,FALSE,FALSE
1991-01-11,King_Haakon,2.095854107,0.3237130273329778,0.3237130273329778,0.5877526775549149,FALSE,FALSE
1991-01-12,King_Haakon,2.062533512,0.3446652621515849,0.3446652621515849,0.5877526775549149,FALSE,FALSE
1991-01-13,King_Haakon,1.995894305,0.33112138620478504,0.33112138620478504,0.5877526775549149,FALSE,FALSE
1991-01-14,King_Haakon,1.928074607,0.31512137209789826,0.31512137209789826,0.5877526775549149,FALSE,FALSE
1991-01-15,King_Haakon,1.884962139,0.32248242767041635,0.32248242767041635,0.5877526775549149,FALSE,FALSE
1991-01-16,King_Haakon,1.843451309,0.33006306879315517,0.33006306879315517,0.5877526775549149,FALSE,FALSE
1991-01-17,King_Haakon,1.809802583,0.3440900588885385,0.3440900588885385,0.5877526775549149,FALSE,FALSE
1991-01-18,King_Haakon,1.785058538,0.3655722723789885,0.3655722723789885,0.5877526775549149,FALSE,FALSE
1991-01-19,King_Haakon,1.748213274,0.37347010668692615,0.37347010668692615,0.5877526775549149,FALSE,FALSE
1991-01-20,King_Haakon,1.707781546,0.3762646142347747,0.3762646142347747,0.5877526775549149,FALSE,FALSE
1991-01-21,King_Haakon,1.646107099,0.3562658374449559,0.3562658374449559,0.5877526775549149,FALSE,FALSE
1991-01-22,King_Haakon,1.594471619,0.3447217597398926,0.3447217597398926,0.5877526775549149,FALSE,FALSE
1991-01-23,King_Haakon,1.580219826,0.3689433985420072,0.3689433985420072,0.5877526775549149,FALSE,FALSE
1991-01-24,King_Haakon,1.565196044,0.39074137527371944,0.39074137527371944,0.5877526775549149,FALSE,FALSE
1991-01-25,King_Haakon,1.518502124,0.3791838383574539,0.3791838383574539,0.5877526775549149,FALSE,FALSE
1991-01-26,King_Haakon,1.481063714,0.3751627332156331,0.3751627332156331,0.5877526775549149,FALSE,FALSE
1991-01-27,King_Haakon,1.445570672,0.3713430143502168,0.3713430143502168,0.5877526775549149,FALSE,FALSE
1991-01-28,King_Haakon,1.394102811,0.3498391562705765,0.3498391562705765,0.5877526775549149,FALSE,FALSE
1991-01-29,King_Haakon,1.363467968,0.3475183565227171,0.3475183565227171,0.5877526775549149,FALSE,FALSE
1991-01-30,King_Haakon,1.324778868,0.3355527802160809,0.3355527802160809,0.5877526775549149,FALSE,FALSE
1991-01-31,King_Haakon,1.296331683,0.33229803946010805,0.33229803946010805,0.5877526775549149,FALSE,FALSE
1991-02-01,King_Haakon,1.261851287,0.3215384483642424,0.3215384483642424,0.5877526775549149,FALSE,FALSE
1991-02-02,King_Haakon,1.234027959,0.3160237260379244,0.3160237260379244,0.5877526775549149,FALSE,FALSE
1991-02-03,King_Haakon,1.221921644,0.3248732575905964,0.3248732575905964,0.5877526775549149,FALSE,FALSE
1991-02-04,King_Haakon,1.204215201,0.3268293421316999,0.3268293421316999,0.5877526775549149,FALSE,FALSE
1991-02-05,King_Haakon,1.171164009,0.31220679877067614,0.31220679877067614,0.5877526775549149,FALSE,FALSE
1991-02-06,King_Haakon,1.139881147,0.2981781466169695,0.2981781466169695,0.5877526775549149,FALSE,FALSE
1991-02-07,King_Haakon,1.111582834,0.2860190447800187,0.2860190447800187,0.5877526775549149,FALSE,FALSE
1991-02-08,King_Haakon,1.111143174,0.30066264595447423,0.30066264595447423,0.5877526775549149,FALSE,FALSE
1991-02-09,King_Haakon,1.08701078,0.29056493595318345,0.29056493595318345,0.5877526775549149,FALSE,FALSE
1991-02-10,King_Haakon,1.058529071,0.2749739356712456,0.2749739356712456,0.5877526775549149,FALSE,FALSE
1991-02-11,King_Haakon,1.021576225,0.249660274027935,0.249660274027935,0.5877526775549149,FALSE,FALSE
1991-02-12,King_Haakon,1.04625195,0.28461610994252007,0.28461610994252007,0.5877526775549149,FALSE,FALSE
1991-02-13,King_Haakon,1.049962451,0.2971400993342719,0.2971400993342719,0.5877526775549149,FALSE,FALSE
1991-02-14,King_Haakon,1.032962048,0.2873790131224644,0.2873790131224644,0.5877526775549149,FALSE,FALSE
1991-02-15,King_Haakon,0.928513778,0.1884883392263672,0.1884883392263672,0.5877526775549149,FALSE,FALSE
1991-02-16,King_Haakon,0.9431193,0.20686218756525265,0.20686218756525265,0.5877526775549149,FALSE,FALSE
1991-02-17,King_Haakon,0.997066958,0.26268135305839113,0.26268135305839113,0.5877526775549149,FALSE,FALSE
1991-02-18,King_Haakon,0.976636167,0.2421177016250543,0.2421177016250543,0.5877526775549149,FALSE,FALSE
1991-02-19,King_Haakon,0.910400367,0.1736371241845145,0.1736371241845145,0.5877526775549149,FALSE,FALSE
1991-02-20,King_Haakon,0.858532001,0.11730451465604164,0.11730451465604164,0.5877526775549149,FALSE,FALSE
1991-02-21,King_Haakon,0.793451079,0.04544276184417739,0.04544276184417739,0.5877526775549149,FALSE,FALSE
1991-02-22,King_Haakon,0.763817688,0.00674125540931747,0.00674125540931747,0.5877526775549149,FALSE,FALSE
1991-02-23,King_Haakon,0.683142088,-0.08517633932227975,0.08517633932227975,0.5877526775549149,FALSE,FALSE
1991-02-24,King_Haakon,0.673253383,-0.10836599270283909,0.10836599270283909,0.5877526775549149,FALSE,FALSE
1991-02-25,King_Haakon,0.669734327,-0.12713002508458948,0.12713002508458948,0.5877526775549149,FALSE,FALSE
1991-02-26,King_Haakon,0.644959017,-0.16897941381975767,0.16897941381975767,0.5877526775549149,FALSE,FALSE
1991-02-27,King_Haakon,0.616888217,-0.21583846926057093,0.21583846926057093,0.5877526775549149,FALSE,FALSE
1991-02-28,King_Haakon,0.572899266,-0.2802149267592571,0.2802149267592571,0.5877526775549149,FALSE,FALSE
1991-03-01,King_Haakon,0.544967566,-0.330018458668042,0.330018458668042,0.5877526775549149,FALSE,FALSE
1991-03-02,King_Haakon,0.522574856,-0.3756524003391546,0.3756524003391546,0.5877526775549149,FALSE,FALSE
1991-03-03,King_Haakon,0.531246976,-0.39147598612481993,0.39147598612481993,0.5877526775549149,FALSE,FALSE
1991-03-04,King_Haakon,0.53657074,-0.41178747637726687,0.41178747637726687,0.5877526775549149,FALSE,FALSE
1991-03-05,King_Haakon,0.573763486,-0.40125461143116326,0.40125461143116326,0.5877526775549149,FALSE,FALSE
1991-03-06,King_Haakon,0.653860606,-0.3487418918022481,0.3487418918022481,0.5877526775549149,FALSE,FALSE
1991-03-07,King_Haakon,0.676539209,-0.3545203303526492,0.3545203303526492,0.5877526775549149,FALSE,FALSE
1991-03-08,King_Haakon,0.67568869,-0.38465845224167883,0.38465845224167883,0.5877526775549149,FALSE,FALSE
1991-03-09,King_Haakon,0.696313113,-0.3941101136286545,0.3941101136286545,0.5877526775549149,FALSE,FALSE
1991-03-10,King_Haakon,0.745225397,-0.3760203156728912,0.3760203156728912,0.5877526775549149,FALSE,FALSE
1991-03-11,King_Haakon,0.837144489,-0.315628031533702,0.315628031533702,0.5877526775549149,FALSE,FALSE
1991-03-12,King_Haakon,0.981937051,-0.20302451937040267,0.20302451937040267,0.5877526775549149,FALSE,FALSE
1991-03-13,King_Haakon,0.999039078,-0.21873170434230804,0.21873170434230804,0.5877526775549149,FALSE,FALSE
1991-03-14,King_Haakon,0.995358196,-0.25579988060873426,0.25579988060873426,0.5877526775549149,FALSE,FALSE
1991-03-15,King_Haakon,1.023026054,-0.26205531932899495,0.26205531932899495,0.5877526775549149,FALSE,FALSE
1991-03-16,King_Haakon,1.085342029,-0.23415656366240656,0.23415656366240656,0.5877526775549149,FALSE,FALSE
1991-03-17,King_Haakon,1.133562929,-0.22080472576828217,0.22080472576828217,0.5877526775549149,FALSE,FALSE
1991-03-18,King_Haakon,1.196140474,-0.19350585389283223,0.19350585389283223,0.5877526775549149,FALSE,FALSE
1991-03-19,King_Haakon,1.230242431,-0.19504615527461544,0.19504615527461544,0.5877526775549149,FALSE,FALSE
1991-03-20,King_Haakon,1.278241214,-0.18300322158840476,0.18300322158840476,0.5877526775549149,FALSE,FALSE
1991-03-21,King_Haakon,1.324393591,-0.17307010366250108,0.17307010366250108,0.5877526775549149,FALSE,FALSE
1991-03-22,King_Haakon,1.415256003,-0.1186401793252021,0.1186401793252021,0.5877526775549149,FALSE,FALSE
1991-03-23,King_Haakon,1.517141956,-0.05334976140480596,0.05334976140480596,0.5877526775549149,FALSE,FALSE
1991-03-24,King_Haakon,1.642129939,0.03492982027038627,0.03492982027038627,0.5877526775549149,FALSE,FALSE
1991-03-25,King_Haakon,1.743606092,0.09963488687207912,0.09963488687207912,0.5877526775549149,FALSE,FALSE
1991-03-26,King_Haakon,1.903840395,0.22308559957196872,0.22308559957196872,0.5877526775549149,FALSE,FALSE
1991-03-27,King_Haakon,1.944976666,0.2274759575417593,0.2274759575417593,0.5877526775549149,FALSE,FALSE
1991-03-28,King_Haakon,1.982746918,0.22858815495314969,0.22858815495314969,0.5877526775549149,FALSE,FALSE
1991-03-29,King_Haakon,2.058004108,0.2673253299778442,0.2673253299778442,0.5877526775549149,FALSE,FALSE
1991-03-30,King_Haakon,2.124139643,0.2971290707875416,0.2971290707875416,0.5877526775549149,FALSE,FALSE
1991-03-31,King_Haakon,2.16467393,0.30156138439879343,0.30156138439879343,0.5877526775549149,FALSE,FALSE
1991-04-01,King_Haakon,2.164473308,0.2654833049489793,0.2654833049489793,0.5877526775549149,FALSE,FALSE
1991-04-02,King_Haakon,2.186348611,0.25168441593784174,0.25168441593784174,0.5877526775549149,FALSE,FALSE
1991-04-03,King_Haakon,2.246358593,0.2762022076828685,0.2762022076828685,0.5877526775549149,FALSE,FALSE
1991-04-04,King_Haakon,2.299484122,0.29399628450155424,0.29399628450155424,0.5877526775549149,FALSE,FALSE
1991-04-05,King_Haakon,2.335360937,0.29468112171138916,0.29468112171138916,0.5877526775549149,FALSE,FALSE
1991-04-06,King_Haakon,2.399828696,0.3240751136298625,0.3240751136298625,0.5877526775549149,FALSE,FALSE
1991-04-07,King_Haakon,2.428126738,0.31739633557447,0.31739633557447,0.5877526775549149,FALSE,FALSE
1991-04-08,King_Haakon,2.480973623,0.33534208386270103,0.33534208386270103,0.5877526775549149,FALSE,FALSE
1991-04-09,King_Haakon,2.524800803,0.34432254681204855,0.34432254681204855,0.5877526775549149,FALSE,FALSE
1991-04-10,King_Haakon,2.578060106,0.36276828873999944,0.36276828873999944,0.5877526775549149,FALSE,FALSE
1991-04-11,King_Haakon,2.64869958,0.3986060939640508,0.3986060939640508,0.5877526775549149,FALSE,FALSE
1991-04-12,King_Haakon,2.718819184,0.43391482284790417,0.43391482284790417,0.5877526775549149,FALSE,FALSE
1991-04-13,King_Haakon,2.744459677,0.42472589863740495,0.42472589863740495,0.5877526775549149,FALSE,FALSE
1991-04-14,King_Haakon,2.751044822,0.3964731395840904,0.3964731395840904,0.5877526775549149,FALSE,FALSE
1991-04-15,King_Haakon,2.72951323,0.3401070231462384,0.3401070231462384,0.5877526775549149,FALSE,FALSE
1991-04-16,King_Haakon,2.733366629,0.30914114378212343,0.30914114378212343,0.5877526775549149,FALSE,FALSE
1991-04-17,King_Haakon,2.7294532,0.2704355489500192,0.2704355489500192,0.5877526775549149,FALSE,FALSE
1991-04-18,King_Haakon,2.734064134,0.2402932961082036,0.2402932961082036,0.5877526775549149,FALSE,FALSE
1991-04-19,King_Haakon,2.737932107,0.20945892771495167,0.20945892771495167,0.5877526775549149,FALSE,FALSE
1991-04-20,King_Haakon,2.723971096,0.160858287228538,0.160858287228538,0.5877526775549149,FALSE,FALSE
1991-04-21,King_Haakon,2.768825206,0.1711473461072357,0.1711473461072357,0.5877526775549149,FALSE,FALSE
1991-04-22,King_Haakon,2.794927315,0.1627708488093229,0.1627708488093229,0.5877526775549149,FALSE,FALSE
1991-04-23,King_Haakon,2.828150003,0.16161324179307357,0.16161324179307357,0.5877526775549149,FALSE,FALSE
1991-04-24,King_Haakon,2.970049846,0.26924296751676424,0.26924296751676424,0.5877526775549149,FALSE,FALSE
1991-04-25,King_Haakon,3.039579889,0.3046268661668772,0.3046268661668772,0.5877526775549149,FALSE,FALSE
1991-04-26,King_Haakon,3.089994951,0.32105186995366397,0.32105186995366397,0.5877526775549149,FALSE,FALSE
1991-04-27,King_Haakon,3.158250837,0.3555160197344476,0.3555160197344476,0.5877526775549149,FALSE,FALSE
1991-04-28,King_Haakon,3.195213592,0.3589277029974549,0.3589277029974549,0.5877526775549149,FALSE,FALSE
1991-04-29,King_Haakon,3.211232562,0.3416786082309202,0.3416786082309202,0.5877526775549149,FALSE,FALSE
1991-04-30,King_Haakon,3.238615068,0.3361183989230647,0.3361183989230647,0.5877526775549149,FALSE,FALSE
1991-05-01,King_Haakon,3.274585201,0.3395135085621255,0.3395135085621255,0.5877526775549149,FALSE,FALSE
1991-05-02,King_Haakon,3.3079255,0.3406888186363264,0.3406888186363264,0.5877526775549149,FALSE,FALSE
1991-05-03,King_Haakon,3.314903892,0.31595459863389896,0.31595459863389896,0.5877526775549149,FALSE,FALSE
1991-05-04,King_Haakon,3.32859798,0.2984307940430724,0.2984307940430724,0.5877526775549149,FALSE,FALSE
1991-05-05,King_Haakon,3.337224297,0.27637628035207573,0.27637628035207573,0.5877526775549149,FALSE,FALSE
1991-05-06,King_Haakon,3.309218255,0.2182688120491356,0.2182688120491356,0.5877526775549149,FALSE,FALSE
1991-05-07,King_Haakon,3.280943668,0.1605145244480699,0.1605145244480699,0.5877526775549149,FALSE,FALSE
1991-05-08,King_Haakon,3.281613467,0.13235686479559483,0.13235686479559483,0.5877526775549149,FALSE,FALSE
1991-05-09,King_Haakon,3.308992211,0.13155948947707152,0.13155948947707152,0.5877526775549149,FALSE,FALSE
1991-05-10,King_Haakon,3.309310999,0.10434742534300456,0.10434742534300456,0.5877526775549149,FALSE,FALSE
1991-05-11,King_Haakon,3.334832661,0.10297743024389304,0.10297743024389304,0.5877526775549149,FALSE,FALSE
1991-05-12,King_Haakon,3.336579701,0.07846593603024221,0.07846593603024221,0.5877526775549149,FALSE,FALSE
1991-05-13,King_Haakon,3.332338965,0.04859371655255318,0.04859371655255318,0.5877526775549149,FALSE,FALSE
1991-05-14,King_Haakon,3.345043818,0.03628806466132639,0.03628806466132639,0.5877526775549149,FALSE,FALSE
1991-05-15,King_Haakon,3.349429891,0.01627853920706679,0.01627853920706679,0.5877526775549149,FALSE,FALSE
1991-05-16,King_Haakon,3.345673099,-0.01126501695972814,0.01126501695972814,0.5877526775549149,FALSE,FALSE
1991-05-17,King_Haakon,3.354102682,-0.02601943598854994,0.02601943598854994,0.5877526775549149,FALSE,FALSE
1991-05-18,King_Haakon,3.336560908,-0.06614852202890287,0.06614852202890287,0.5877526775549149,FALSE,FALSE
1991-05-19,King_Haakon,3.313610719,-0.11109540523028104,0.11109540523028104,0.5877526775549149,FALSE,FALSE
1991-05-20,King_Haakon,3.244205349,-0.20191450188224191,0.20191450188224191,0.5877526775549149,FALSE,FALSE
1991-05-21,King_Haakon,3.242378664,-0.22460839309217873,0.22460839309217873,0.5877526775549149,FALSE,FALSE
1991-05-22,King_Haakon,3.214858628,-0.2725107212803928,0.2725107212803928,0.5877526775549149,FALSE,FALSE
1991-05-23,King_Haakon,3.184279539,-0.3230496413451336,0.3230496413451336,0.5877526775549149,FALSE,FALSE
1991-05-24,King_Haakon,3.169007446,-0.3579215571846528,0.3579215571846528,0.5877526775549149,FALSE,FALSE
1991-05-25,King_Haakon,3.163400143,-0.3828311276972016,0.3828311276972016,0.5877526775549149,FALSE,FALSE
1991-05-26,King_Haakon,3.18638588,-0.3789125557810325,0.3789125557810325,0.5877526775549149,FALSE,FALSE
1991-05-27,King_Haakon,3.182036373,-0.4021565783343952,0.4021565783343952,0.5877526775549149,FALSE,FALSE
1991-05-28,King_Haakon,3.213759902,-0.3892173682555429,0.3892173682555429,0.5877526775549149,FALSE,FALSE
1991-05-29,King_Haakon,3.213259057,-0.4084547884427261,0.4084547884427261,0.5877526775549149,FALSE,FALSE
1991-05-30,King_Haakon,3.195156552,-0.4453085777941945,0.4453085777941945,0.5877526775549149,FALSE,FALSE
1991-05-31,King_Haakon,3.187010521,-0.4722830552082056,0.4722830552082056,0.5877526775549149,FALSE,FALSE
1991-06-01,King_Haakon,3.196940176,-0.4813214615830037,0.4813214615830037,0.5877526775549149,FALSE,FALSE
1991-06-02,King_Haakon,3.247271051,-0.4501468634641203,0.4501468634641203,0.5877526775549149,FALSE,FALSE
1991-06-03,King_Haakon,3.224800068,-0.491949486619653,0.491949486619653,0.5877526775549149,FALSE,FALSE
1991-06-04,King_Haakon,3.226512547,-0.5097141235537612,0.5097141235537612,0.5877526775549149,FALSE,FALSE
1991-06-05,King_Haakon,3.250549368,-0.5052700061395758,0.5052700061395758,0.5877526775549149,FALSE,FALSE
1991-06-06,King_Haakon,3.332876301,-0.44262147625022097,0.44262147625022097,0.5877526775549149,FALSE,FALSE
1991-06-07,King_Haakon,3.426226855,-0.3690051367588181,0.3690051367588181,0.5877526775549149,FALSE,FALSE
1991-06-08,King_Haakon,3.522526941,-0.29246518853850256,0.29246518853850256,0.5877526775549149,FALSE,FALSE
1991-06-09,King_Haakon,3.64194662,-0.1928016824623997,0.1928016824623997,0.5877526775549149,FALSE,FALSE
1991-06-10,King_Haakon,3.642901796,-0.2115688264036364,0.2115688264036364,0.5877526775549149,FALSE,FALSE
1991-06-11,King_Haakon,3.599130314,-0.2749988872353373,0.2749988872353373,0.5877526775549149,FALSE,FALSE
1991-06-12,King_Haakon,3.600479735,-0.29321441583063024,0.29321441583063024,0.5877526775549149,FALSE,FALSE
1991-06-13,King_Haakon,3.549227379,-0.36390820406264623,0.36390820406264623,0.5877526775549149,FALSE,FALSE
1991-06-14,King_Haakon,3.482195582,-0.4502281477552983,0.4502281477552983,0.5877526775549149,FALSE,FALSE
1991-06-15,King_Haakon,3.469324042,-0.4822100686608173,0.4822100686608173,0.5877526775549149,FALSE,FALSE
1991-06-16,King_Haakon,3.461489707,-0.508959792805554,0.508959792805554,0.5877526775549149,FALSE,FALSE
1991-06-17,King_Haakon,3.487635338,-0.5015178588004092,0.5015178588004092,0.5877526775549149,FALSE,FALSE
1991-06-18,King_Haakon,3.526930115,-0.4806983862562646,0.4806983862562646,0.5877526775549149,FALSE,FALSE
1991-06-19,King_Haakon,3.576549317,-0.4493093957840153,0.4493093957840153,0.5877526775549149,FALSE,FALSE
1991-06-20,King_Haakon,3.592686153,-0.45114097799454544,0.45114097799454544,0.5877526775549149,FALSE,FALSE
1991-06-21,King_Haakon,3.627885332,-0.4336317234987508,0.4336317234987508,0.5877526775549149,FALSE,FALSE
1991-06-22,King_Haakon,3.695277064,-0.38363472190751935,0.38363472190751935,0.5877526775549149,FALSE,FALSE
1991-06-23,King_Haakon,3.720477319,-0.3755173028317418,0.3755173028317418,0.5877526775549149,FALSE,FALSE
1991-06-24,King_Haakon,3.774789725,-0.3379591378823057,0.3379591378823057,0.5877526775549149,FALSE,FALSE
1991-06-25,King_Haakon,3.879805426,-0.2493523826701045,0.2493523826701045,0.5877526775549149,FALSE,FALSE
1991-06-26,King_Haakon,3.940787096,-0.20441766280602636,0.20441766280602636,0.5877526775549149,FALSE,FALSE
1991-06-27,King_Haakon,4.004610418,-0.15626693233822042,0.15626693233822042,0.5877526775549149,FALSE,FALSE
1991-06-28,King_Haakon,4.030011468,-0.14618452818245586,0.14618452818245586,0.5877526775549149,FALSE,FALSE
1991-06-29,King_Haakon,4.09728782,-0.0939082658367889,0.0939082658367889,0.5877526775549149,FALSE,FALSE
1991-06-30,King_Haakon,4.141299737,-0.06461334880153125,0.06461334880153125,0.5877526775549149,FALSE,FALSE
1991-07-01,King_Haakon,4.16217084,-0.05821162257698997,0.05821162257698997,0.5877526775549149,FALSE,FALSE
1991-07-02,King_Haakon,4.216096399,-0.01854328366347246,0.01854328366347246,0.5877526775549149,FALSE,FALSE
1991-07-03,King_Haakon,4.262228449,0.01350823643870402,0.01350823643870402,0.5877526775549149,FALSE,FALSE
1991-07-04,King_Haakon,4.273399594,0.0107400752292337,0.0107400752292337,0.5877526775549149,FALSE,FALSE
1991-07-05,King_Haakon,4.249650937,-0.02684213079219155,0.02684213079219155,0.5877526775549149,FALSE,FALSE
1991-07-06,King_Haakon,4.24555956,-0.04469676612588547,0.04469676612588547,0.5877526775549149,FALSE,FALSE
1991-07-07,King_Haakon,4.25319493,-0.05078983027215233,0.05078983027215233,0.5877526775549149,FALSE,FALSE
1991-07-08,King_Haakon,4.268985938,-0.04872789873130845,0.04872789873130845,0.5877526775549149,FALSE,FALSE
1991-07-09,King_Haakon,4.257502152,-0.07397677880017728,0.07397677880017728,0.5877526775549149,FALSE,FALSE
1991-07-10,King_Haakon,4.280720973,-0.06457670612060706,0.06457670612060706,0.5877526775549149,FALSE,FALSE
1991-07-11,King_Haakon,4.274007696,-0.08514120174129225,0.08514120174129225,0.5877526775549149,FALSE,FALSE
1991-07-12,King_Haakon,4.23901583,-0.1339904353370187,0.1339904353370187,0.5877526775549149,FALSE,FALSE
1991-07-13,King_Haakon,4.221827512,-0.16501594858258173,0.16501594858258173,0.5877526775549149,FALSE,FALSE
1991-07-14,King_Haakon,4.237853662,-0.16278050015276158,0.16278050015276158,0.5877526775549149,FALSE,FALSE
1991-07-15,King_Haakon,4.275758877,-0.1385931717223512,0.1385931717223512,0.5877526775549149,FALSE,FALSE
1991-07-16,King_Haakon,4.302701804,-0.12526899496613897,0.12526899496613897,0.5877526775549149,FALSE,FALSE
1991-07-17,King_Haakon,4.323312166,-0.11815192555890965,0.11815192555890965,0.5877526775549149,FALSE,FALSE
1991-07-18,King_Haakon,4.386102111,-0.06870349417545896,0.06870349417545896,0.5877526775549149,FALSE,FALSE
1991-07-19,King_Haakon,4.433552483,-0.03441653549056767,0.03441653549056767,0.5877526775549149,FALSE,FALSE
1991-07-20,King_Haakon,4.456390369,-0.02453764117902679,0.02453764117902679,0.5877526775549149,FALSE,FALSE
1991-07-21,King_Haakon,4.507866809,0.01421055008437299,0.01421055008437299,0.5877526775549149,FALSE,FALSE
1991-07-22,King_Haakon,4.51815931,0.01203086491558025,0.01203086491558025,0.5877526775549149,FALSE,FALSE
1991-07-23,King_Haakon,4.47100839,-0.04732468495891506,0.04732468495891506,0.5877526775549149,FALSE,FALSE
1991-07-24,King_Haakon,4.397569462,-0.13269927105213863,0.13269927105213863,0.5877526775549149,FALSE,FALSE
1991-07-25,King_Haakon,4.326351474,-0.2155827584908012,0.2155827584908012,0.5877526775549149,FALSE,FALSE
1991-07-26,King_Haakon,4.275807077,-0.2775213094016218,0.2775213094016218,0.5877526775549149,FALSE,FALSE
1991-07-27,King_Haakon,4.213458511,-0.35099149691130904,0.35099149691130904,0.5877526775549149,FALSE,FALSE
1991-07-28,King_Haakon,4.206746971,-0.3685509391465765,0.3685509391465765,0.5877526775549149,FALSE,FALSE
1991-07-29,King_Haakon,4.214399092,-0.3714718142341429,0.3714718142341429,0.5877526775549149,FALSE,FALSE
1991-07-30,King_Haakon,4.214802309,-0.3813655003007135,0.3813655003007135,0.5877526775549149,FALSE,FALSE
1991-07-31,King_Haakon,4.260544222,-0.3456432104730105,0.3456432104730105,0.5877526775549149,FALSE,FALSE
1991-08-01,King_Haakon,4.302661741,-0.31326684787774095,0.31326684787774095,0.5877526775549149,FALSE,FALSE
1991-08-02,King_Haakon,4.378414733,-0.24697535864162035,0.24697535864162035,0.5877526775549149,FALSE,FALSE
1991-08-03,King_Haakon,4.436498228,-0.19807252571766476,0.19807252571766476,0.5877526775549149,FALSE,FALSE
1991-08-04,King_Haakon,4.451582676,-0.1918820229010505,0.1918820229010505,0.5877526775549149,FALSE,FALSE
1991-08-05,King_Haakon,4.48673795,-0.16531118538331402,0.16531118538331402,0.5877526775549149,FALSE,FALSE
1991-08-06,King_Haakon,4.51797744,-0.1423200183321036,0.1423200183321036,0.5877526775549149,FALSE,FALSE
1991-08-07,King_Haakon,4.544586468,-0.12359659491506836,0.12359659491506836,0.5877526775549149,FALSE,FALSE
1991-08-08,King_Haakon,4.576101791,-0.09957755329985483,0.09957755329985483,0.5877526775549149,FALSE,FALSE
1991-08-09,King_Haakon,4.661645918,-0.02111377965411254,0.02111377965411254,0.5877526775549149,FALSE,FALSE
1991-08-10,King_Haakon,4.659569827,-0.02982769114548933,0.02982769114548933,0.5877526775549149,FALSE,FALSE
1991-08-11,King_Haakon,4.662305972,-0.0332602289416366,0.0332602289416366,0.5877526775549149,FALSE,FALSE
1991-08-12,King_Haakon,4.637346782,-0.0638923592102012,0.0638923592102012,0.5877526775549149,FALSE,FALSE
1991-08-13,King_Haakon,4.607511315,-0.09887841911883032,0.09887841911883032,0.5877526775549149,FALSE,FALSE
1991-08-14,King_Haakon,4.570737355,-0.14025401983517227,0.14025401983517227,0.5877526775549149,FALSE,FALSE
1991-08-15,King_Haakon,4.587881632,-0.12713582652687538,0.12713582652687538,0.5877526775549149,FALSE,FALSE
1991-08-16,King_Haakon,4.563174348,-0.15526896902595766,0.15526896902595766,0.5877526775549149,FALSE,FALSE
1991-08-17,King_Haakon,4.573645596,-0.14765624837787072,0.14765624837787072,0.5877526775549149,FALSE,FALSE
1991-08-18,King_Haakon,4.543259702,-0.18043211712111784,0.18043211712111784,0.5877526775549149,FALSE,FALSE
1991-08-19,King_Haakon,4.526441449,-0.19927418143471695,0.19927418143471695,0.5877526775549149,FALSE,FALSE
1991-08-20,King_Haakon,4.518398927,-0.20907674049769565,0.20907674049769565,0.5877526775549149,FALSE,FALSE
1991-08-21,King_Haakon,4.552712246,-0.1763620734890674,0.1763620734890674,0.5877526775549149,FALSE,FALSE
1991-08-22,King_Haakon,4.685614296,-0.04499967958786133,0.04499967958786133,0.5877526775549149,FALSE,FALSE
1991-08-23,King_Haakon,4.730430037,-0.00176698797309615,0.00176698797309615,0.5877526775549149,FALSE,FALSE
1991-08-24,King_Haakon,4.722681639,-0.01124421782379414,0.01124421782379414,0.5877526775549149,FALSE,FALSE
1991-08-25,King_Haakon,4.664818258,-0.07108460231897862,0.07108460231897862,0.5877526775549149,FALSE,FALSE
1991-08-26,King_Haakon,4.619914377,-0.11831604763767344,0.11831604763767344,0.5877526775549149,FALSE,FALSE
1991-08-27,King_Haakon,4.646999867,-0.09401107195889756,0.09401107195889756,0.5877526775549149,FALSE,FALSE
1991-08-28,King_Haakon,4.636307181,-0.10803961146167128,0.10803961146167128,0.5877526775549149,FALSE,FALSE
1991-08-29,King_Haakon,4.623211593,-0.1251074215126451,0.1251074215126451,0.5877526775549149,FALSE,FALSE
1991-08-30,King_Haakon,4.644733482,-0.10814533403221382,0.10814533403221382,0.5877526775549149,FALSE,FALSE
1991-08-31,King_Haakon,4.63431958,-0.12360905101499052,0.12360905101499052,0.5877526775549149,FALSE,FALSE
1991-09-01,King_Haakon,4.636806223,-0.12656458296579576,0.12656458296579576,0.5877526775549149,FALSE,FALSE
1991-09-02,King_Haakon,4.64418285,-0.12492483738945204,0.12492483738945204,0.5877526775549149,FALSE,FALSE
1991-09-03,King_Haakon,4.625067048,-0.14997457379077694,0.14997457379077694,0.5877526775549149,FALSE,FALSE
1991-09-04,King_Haakon,4.616171624,-0.16490333167459248,0.16490333167459248,0.5877526775549149,FALSE,FALSE
1991-09-05,King_Haakon,4.61535616,-0.17175387554571486,0.17175387554571486,0.5877526775549149,FALSE,FALSE
1991-09-06,King_Haakon,4.621978867,-0.17107034090897244,0.17107034090897244,0.5877526775549149,FALSE,FALSE
1991-09-07,King_Haakon,4.646006972,-0.15278784726917571,0.15278784726917571,0.5877526775549149,FALSE,FALSE
1991-09-08,King_Haakon,4.672429554,-0.1318196621311536,0.1318196621311536,0.5877526775549149,FALSE,FALSE
1991-09-09,King_Haakon,4.648080129,-0.16123461599972533,0.16123461599972533,0.5877526775549149,FALSE,FALSE
1991-09-10,King_Haakon,4.629914531,-0.18397965536893768,0.18397965536893768,0.5877526775549149,FALSE,FALSE
1991-09-11,King_Haakon,4.586904284,-0.2310272360424559,0.2310272360424559,0.5877526775549149,FALSE,FALSE
1991-09-12,King_Haakon,4.603611613,-0.21783366742690724,0.21783366742690724,0.5877526775549149,FALSE,FALSE
1991-09-13,King_Haakon,4.586493997,-0.23796785487863392,0.23796785487863392,0.5877526775549149,FALSE,FALSE
1991-09-14,King_Haakon,4.590615554,-0.2363920647539759,0.2363920647539759,0.5877526775549149,FALSE,FALSE
1991-09-15,King_Haakon,4.604210654,-0.2248983114092855,0.2248983114092855,0.5877526775549149,FALSE,FALSE
1991-09-16,King_Haakon,4.640886778,-0.18990549820090585,0.18990549820090585,0.5877526775549149,FALSE,FALSE
1991-09-17,King_Haakon,4.66037298,-0.17171095548517634,0.17171095548517634,0.5877526775549149,FALSE,FALSE
1991-09-18,King_Haakon,4.748076775,-0.08493355261845004,0.08493355261845004,0.5877526775549149,FALSE,FALSE
1991-09-19,King_Haakon,4.787565817,-0.04603201995706829,0.04603201995706829,0.5877526775549149,FALSE,FALSE
1991-09-20,King_Haakon,4.828017663,-0.00585518485737779,0.00585518485737779,0.5877526775549149,FALSE,FALSE
1991-09-21,King_Haakon,4.810455429,-0.02340631567571893,0.02340631567571893,0.5877526775549149,FALSE,FALSE
1991-09-22,King_Haakon,4.827075288,-0.0065156237684425,0.0065156237684425,0.5877526775549149,FALSE,FALSE
1991-09-23,King_Haakon,4.833426414,3.3947632301245534e-4,3.3947632301245534e-4,0.5877526775549149,FALSE,FALSE
1991-09-24,King_Haakon,4.890394586,0.058015989026024777,0.058015989026024777,0.5877526775549149,FALSE,FALSE
1991-09-25,King_Haakon,4.887141645,0.05564565468785076,0.05564565468785076,0.5877526775549149,FALSE,FALSE
1991-09-26,King_Haakon,4.910552838,0.08008360104939705,0.08008360104939705,0.5877526775549149,FALSE,FALSE
1991-09-27,King_Haakon,4.921495089,0.09216663285154958,0.09216663285154958,0.5877526775549149,FALSE,FALSE
1991-09-28,King_Haakon,4.880504563,0.05240079583520885,0.05240079583520885,0.5877526775549149,FALSE,FALSE
1991-09-29,King_Haakon,4.824694265,-0.00213102425873312,0.00213102425873312,0.5877526775549149,FALSE,FALSE
1991-09-30,King_Haakon,4.774615939,-0.05090720268937865,0.05090720268937865,0.5877526775549149,FALSE,FALSE
1991-10-01,King_Haakon,4.718615558,-0.10561188571583369,0.10561188571583369,0.5877526775549149,FALSE,FALSE
1991-10-02,King_Haakon,4.667152845,-0.15581546959720072,0.15581546959720072,0.5877526775549149,FALSE,FALSE
1991-10-03,King_Haakon,4.614191494,-0.20758437959258913,0.20758437959258913,0.5877526775549149,FALSE,FALSE
1991-10-04,King_Haakon,4.575583037,-0.24509720296109805,0.24509720296109805,0.5877526775549149,FALSE,FALSE
1991-10-05,King_Haakon,4.582016521,-0.2376949936780015,0.2376949936780015,0.5877526775549149,FALSE,FALSE
1991-10-06,King_Haakon,4.614542254,-0.20433542805306537,0.20433542805306537,0.5877526775549149,FALSE,FALSE
1991-10-07,King_Haakon,4.604727041,-0.2133946281342043,0.2133946281342043,0.5877526775549149,FALSE,FALSE
1991-10-08,King_Haakon,4.598383641,-0.21899085987157377,0.21899085987157377,0.5877526775549149,FALSE,FALSE
1991-10-09,King_Haakon,4.57988911,-0.23667809221532465,0.23667809221532465,0.5877526775549149,FALSE,FALSE
1991-10-10,King_Haakon,4.579463085,-0.2361677131156048,0.2361677131156048,0.5877526775549149,FALSE,FALSE
1991-10-11,King_Haakon,4.545070921,-0.26942539252257713,0.26942539252257713,0.5877526775549149,FALSE,FALSE
1991-10-12,King_Haakon,4.523652862,-0.28944191138638864,0.28944191138638864,0.5877526775549149,FALSE,FALSE
1991-10-13,King_Haakon,4.492544833,-0.3188123696571905,0.3188123696571905,0.5877526775549149,FALSE,FALSE
1991-10-14,King_Haakon,4.417268897,-0.3919457292851387,0.3919457292851387,0.5877526775549149,FALSE,FALSE
1991-10-15,King_Haakon,4.336686737,-0.4699113322203834,0.4699113322203834,0.5877526775549149,FALSE,FALSE
1991-10-16,King_Haakon,4.305349443,-0.498089113413081,0.498089113413081,0.5877526775549149,FALSE,FALSE
1991-10-17,King_Haakon,4.260817163,-0.5388499498133816,0.5388499498133816,0.5877526775549149,FALSE,FALSE
1991-10-18,King_Haakon,4.181334154,-0.6138833444211595,0.6138833444211595,0.5877526775549149,TRUE,TRUE
1991-10-19,King_Haakon,4.14869295,-0.6413886148820467,0.6413886148820467,0.5877526775549149,TRUE,TRUE
1991-10-20,King_Haakon,4.134234793,-0.6500719073431824,0.6500719073431824,0.5877526775549149,TRUE,TRUE
1991-10-21,King_Haakon,4.119227615,-0.6587149016484357,0.6587149016484357,0.5877526775549149,TRUE,TRUE
1991-10-22,King_Haakon,4.040957091,-0.7300815346416734,0.7300815346416734,0.5877526775549149,TRUE,TRUE
1991-10-23,King_Haakon,4.004626313,-0.7590183261667667,0.7590183261667667,0.5877526775549149,TRUE,TRUE
1991-10-24,King_Haakon,3.991996269,-0.7638139000675808,0.7638139000675808,0.5877526775549149,TRUE,TRUE
1991-10-25,King_Haakon,3.999825976,-0.7477588511879794,0.7477588511879794,0.5877526775549149,TRUE,TRUE
1991-10-26,King_Haakon,3.988072043,-0.750946182371834,0.750946182371834,0.5877526775549149,TRUE,TRUE
1991-10-27,King_Haakon,3.993521178,-0.7366387974630131,0.7366387974630131,0.5877526775549149,TRUE,TRUE
1991-10-28,King_Haakon,3.985625754,-0.7354339353053838,0.7354339353053838,0.5877526775549149,TRUE,TRUE
1991-10-29,King_Haakon,3.972334013,-0.7394329657428154,0.7394329657428154,0.5877526775549149,TRUE,TRUE
1991-10-30,King_Haakon,4.013385926,-0.6889455296191702,0.6889455296191702,0.5877526775549149,TRUE,TRUE
1991-10-31,King_Haakon,4.035770989,-0.657017581704908,0.657017581704908,0.5877526775549149,TRUE,TRUE
1991-11-01,King_Haakon,4.060764384,-0.6223396868922011,0.6223396868922011,0.5877526775549149,TRUE,TRUE
1991-11-02,King_Haakon,4.096521862,-0.5767004307504173,0.5767004307504173,0.5877526775549149,FALSE,FALSE
1991-11-03,King_Haakon,4.154925443,-0.5081621240932703,0.5081621240932703,0.5877526775549149,FALSE,FALSE
1991-11-04,King_Haakon,4.161211315,-0.4914329097344785,0.4914329097344785,0.5877526775549149,FALSE,FALSE
1991-11-05,King_Haakon,4.215004582,-0.4268320144877524,0.4268320144877524,0.5877526775549149,FALSE,FALSE
1991-11-06,King_Haakon,4.25183999,-0.3787690231668108,0.3787690231668108,0.5877526775549149,FALSE,FALSE
1991-11-07,King_Haakon,4.30343874,-0.3154670655853655,0.3154670655853655,0.5877526775549149,FALSE,FALSE
1991-11-08,King_Haakon,4.340156824,-0.2665144805571309,0.2665144805571309,0.5877526775549149,FALSE,FALSE
1991-11-09,King_Haakon,4.387052558,-0.20679728289582225,0.20679728289582225,0.5877526775549149,FALSE,FALSE
1991-11-10,King_Haakon,4.412432358,-0.16795338741515398,0.16795338741515398,0.5877526775549149,FALSE,FALSE
1991-11-11,King_Haakon,4.392049206,-0.1741741429288437,0.1741741429288437,0.5877526775549149,FALSE,FALSE
1991-11-12,King_Haakon,4.373055045,-0.17825163616556772,0.17825163616556772,0.5877526775549149,FALSE,FALSE
1991-11-13,King_Haakon,4.35207614,-0.18348697613093368,0.18348697613093368,0.5877526775549149,FALSE,FALSE
1991-11-14,King_Haakon,4.333009757,-0.1858852338033623,0.1858852338033623,0.5877526775549149,FALSE,FALSE
1991-11-15,King_Haakon,4.305126253,-0.1960763240190042,0.1960763240190042,0.5877526775549149,FALSE,FALSE
1991-11-16,King_Haakon,4.282650699,-0.19973544761401563,0.19973544761401563,0.5877526775549149,FALSE,FALSE
1991-11-17,King_Haakon,4.235071842,-0.2272741294245559,0.2272741294245559,0.5877526775549149,FALSE,FALSE
1991-11-18,King_Haakon,4.162696007,-0.2782863162867777,0.2782863162867777,0.5877526775549149,FALSE,FALSE
1991-11-19,King_Haakon,4.097985484,-0.32020999003683936,0.32020999003683936,0.5877526775549149,FALSE,FALSE
1991-11-20,King_Haakon,4.003710344,-0.3901753515108961,0.3901753515108961,0.5877526775549149,FALSE,FALSE
1991-11-21,King_Haakon,3.954067521,-0.4138857385451029,0.4138857385451029,0.5877526775549149,FALSE,FALSE
1991-11-22,King_Haakon,3.931042815,-0.4092556229756173,0.4092556229756173,0.5877526775549149,FALSE,FALSE
1991-11-23,King_Haakon,3.881704489,-0.4291170136385909,0.4291170136385909,0.5877526775549149,FALSE,FALSE
1991-11-24,King_Haakon,3.847507169,-0.4319155563701873,0.4319155563701873,0.5877526775549149,FALSE,FALSE
1991-11-25,King_Haakon,3.820539515,-0.42548021065189534,0.42548021065189534,0.5877526775549149,FALSE,FALSE
1991-11-26,King_Haakon,3.755131658,-0.4555451884429855,0.4555451884429855,0.5877526775549149,FALSE,FALSE
1991-11-27,King_Haakon,3.683575439,-0.48995676807119537,0.48995676807119537,0.5877526775549149,FALSE,FALSE
1991-11-28,King_Haakon,3.675593925,-0.459130560677409,0.459130560677409,0.5877526775549149,FALSE,FALSE
1991-11-29,King_Haakon,3.701275988,-0.3931163724025044,0.3931163724025044,0.5877526775549149,FALSE,FALSE
1991-11-30,King_Haakon,3.660061578,-0.3926129313873612,0.3926129313873612,0.5877526775549149,FALSE,FALSE
1991-12-01,King_Haakon,3.644842636,-0.3648669747728661,0.3648669747728661,0.5877526775549149,FALSE,FALSE
1991-12-02,King_Haakon,3.604233799,-0.361402543699894,0.361402543699894,0.5877526775549149,FALSE,FALSE
1991-12-03,King_Haakon,3.595850977,-0.3247424063093285,0.3247424063093285,0.5877526775549149,FALSE,FALSE
1991-12-04,King_Haakon,3.57809987,-0.29661954074205177,0.29661954074205177,0.5877526775549149,FALSE,FALSE
1991-12-05,King_Haakon,3.533436625,-0.29471647813894286,0.29471647813894286,0.5877526775549149,FALSE,FALSE
1991-12-06,King_Haakon,3.477141449,-0.30389168964088453,0.30389168964088453,0.5877526775549149,FALSE,FALSE
1991-12-07,King_Haakon,3.417426361,-0.3160716732387181,0.3160716732387181,0.5877526775549149,FALSE,FALSE
1991-12-08,King_Haakon,3.332824985,-0.352811295794909,0.352811295794909,0.5877526775549149,FALSE,FALSE
1991-12-09,King_Haakon,3.253576893,-0.3838388315187955,0.3838388315187955,0.5877526775549149,FALSE,FALSE
1991-12-10,King_Haakon,3.158041319,-0.4307450707147859,0.4307450707147859,0.5877526775549149,FALSE,FALSE
1991-12-11,King_Haakon,3.078539422,-0.4611588786872955,0.4611588786872955,0.5877526775549149,FALSE,FALSE
1991-12-12,King_Haakon,3.025403018,-0.4646984637407354,0.4646984637407354,0.5877526775549149,FALSE,FALSE
1991-12-13,King_Haakon,2.971297684,-0.4686482731795172,0.4686482731795172,0.5877526775549149,FALSE,FALSE
1991-12-14,King_Haakon,2.927106157,-0.4620755943080539,0.4620755943080539,0.5877526775549149,FALSE,FALSE
1991-12-15,King_Haakon,2.893346059,-0.44441282943075633,0.44441282943075633,0.5877526775549149,FALSE,FALSE
1991-12-16,King_Haakon,2.86300729,-0.4226201028520373,0.4226201028520373,0.5877526775549149,FALSE,FALSE
1991-12-17,King_Haakon,2.771723128,-0.4610141608763087,0.4610141608763087,0.5877526775549149,FALSE,FALSE
1991-12-18,King_Haakon,2.680141571,-0.49889702980798134,0.49889702980798134,0.5877526775549149,FALSE,FALSE
1991-12-19,King_Haakon,2.607342695,-0.5171386579514694,0.5171386579514694,0.5877526775549149,FALSE,FALSE
1991-12-20,King_Haakon,2.524776474,-0.5442434906460529,0.5442434906460529,0.5877526775549149,FALSE,FALSE
1991-12-21,King_Haakon,2.408132231,-0.6045461182039511,0.6045461182039511,0.5877526775549149,TRUE,TRUE
1991-12-22,King_Haakon,2.326031274,-0.6295046174857921,0.6295046174857921,0.5877526775549149,TRUE,TRUE
1991-12-23,King_Haakon,2.254712519,-0.6429610031735553,0.6429610031735553,0.5877526775549149,TRUE,TRUE
1991-12-24,King_Haakon,2.189140578,-0.6500315939492189,0.6500315939492189,0.5877526775549149,TRUE,TRUE
1991-12-25,King_Haakon,2.096552628,-0.6835601434947534,0.6835601434947534,0.5877526775549149,TRUE,TRUE
1991-12-26,King_Haakon,2.041285883,-0.6792903684921368,0.6792903684921368,0.5877526775549149,TRUE,TRUE
1991-12-27,King_Haakon,2.005894266,-0.654749276623348,0.654749276623348,0.5877526775549149,TRUE,TRUE
1991-12-28,King_Haakon,1.938394034,-0.6620015415703653,0.6620015415703653,0.5877526775549149,TRUE,TRUE
1991-12-29,King_Haakon,1.881256052,-0.6586572290151564,0.6586572290151564,0.5877526775549149,TRUE,TRUE
1991-12-30,King_Haakon,1.766983114,-0.712294475639706,0.712294475639706,0.5877526775549149,TRUE,TRUE
1991-12-31,King_Haakon,1.693342699,-0.7252267331259836,0.7252267331259836,0.5877526775549149,TRUE,TRUE
1992-01-01,King_Haakon,1.647300735,-0.7105690041559733,0.7105690041559733,0.5877526775549149,TRUE,TRUE
1992-01-02,King_Haakon,1.593374274,-0.7038881653819156,0.7038881653819156,0.5877526775549149,TRUE,TRUE
1992-01-03,King_Haakon,1.536969957,-0.6998734963371558,0.6998734963371558,0.5877526775549149,TRUE,TRUE
1992-01-04,King_Haakon,1.488273341,-0.6884383585253009,0.6884383585253009,0.5877526775549149,TRUE,TRUE
1992-01-05,King_Haakon,1.42807932,-0.688886776449966,0.688886776449966,0.5877526775549149,TRUE,TRUE
1992-01-06,King_Haakon,1.367775701,-0.6899298616147547,0.6899298616147547,0.5877526775549149,TRUE,TRUE
1992-01-07,King_Haakon,1.332330308,-0.6666987085232841,0.6666987085232841,0.5877526775549149,TRUE,TRUE
1992-01-08,King_Haakon,1.284919624,-0.6561157526791666,0.6561157526791666,0.5877526775549149,TRUE,TRUE
1992-01-09,King_Haakon,1.251775557,-0.6320480045860075,0.6320480045860075,0.5877526775549149,TRUE,TRUE
1992-01-10,King_Haakon,1.19009085,-0.6374016397474231,0.6374016397474231,0.5877526775549149,TRUE,TRUE
1992-01-11,King_Haakon,1.147277428,-0.6248636516670223,0.6248636516670223,0.5877526775549149,TRUE,TRUE
1992-01-12,King_Haakon,1.10568995,-0.6121782998484151,0.6121782998484151,0.5877526775549149,TRUE,TRUE
1992-01-13,King_Haakon,1.064280679,-0.600492239795215,0.600492239795215,0.5877526775549149,TRUE,TRUE
1992-01-14,King_Haakon,1.081261488,-0.5316917469021019,0.5316917469021019,0.5877526775549149,FALSE,FALSE
1992-01-15,King_Haakon,1.02761451,-0.5348652013295836,0.5348652013295836,0.5877526775549149,FALSE,FALSE
1992-01-16,King_Haakon,1.007964073,-0.5054241672068449,0.5054241672068449,0.5877526775549149,FALSE,FALSE
1992-01-17,King_Haakon,0.977923503,-0.4877890211114615,0.4877890211114615,0.5877526775549149,FALSE,FALSE
1992-01-18,King_Haakon,0.959189467,-0.4602967986210114,0.4602967986210114,0.5877526775549149,FALSE,FALSE
1992-01-19,King_Haakon,0.947747443,-0.42699572431307387,0.42699572431307387,0.5877526775549149,FALSE,FALSE
1992-01-20,King_Haakon,0.943864197,-0.3876527347652253,0.3876527347652253,0.5877526775549149,FALSE,FALSE
1992-01-21,King_Haakon,0.93383469,-0.3560065715550441,0.3560065715550441,0.5877526775549149,FALSE,FALSE
1992-01-22,King_Haakon,0.880119023,-0.3696308362601073,0.3696308362601073,0.5877526775549149,FALSE,FALSE
1992-01-23,King_Haakon,0.845529391,-0.3657470364579928,0.3657470364579928,0.5877526775549149,FALSE,FALSE
1992-01-24,King_Haakon,0.805363277,-0.36909139172628047,0.36909139172628047,0.5877526775549149,FALSE,FALSE
1992-01-25,King_Haakon,0.782658732,-0.3566595536425461,0.3566595536425461,0.5877526775549149,FALSE,FALSE
1992-01-26,King_Haakon,0.755485933,-0.35041504778436694,0.35041504778436694,0.5877526775549149,FALSE,FALSE
1992-01-27,King_Haakon,0.756255051,-0.3179726066497831,0.3179726066497831,0.5877526775549149,FALSE,FALSE
1992-01-28,King_Haakon,0.73530511,-0.3089585447294235,0.3089585447294235,0.5877526775549149,FALSE,FALSE
1992-01-29,King_Haakon,0.728936272,-0.2870133394772828,0.2870133394772828,0.5877526775549149,FALSE,FALSE
1992-01-30,King_Haakon,0.696140156,-0.2930859317839192,0.2930859317839192,0.5877526775549149,FALSE,FALSE
1992-01-31,King_Haakon,0.672265556,-0.2917680875398919,0.2917680875398919,0.5877526775549149,FALSE,FALSE
1992-02-01,King_Haakon,0.654660364,-0.2856524746357576,0.2856524746357576,0.5877526775549149,FALSE,FALSE
1992-02-02,King_Haakon,0.648393753,-0.26961047996207566,0.26961047996207566,0.5877526775549149,FALSE,FALSE
1992-02-03,King_Haakon,0.620658149,-0.2763902374094036,0.2763902374094036,0.5877526775549149,FALSE,FALSE
1992-02-04,King_Haakon,0.587791261,-0.2895945978683001,0.2895945978683001,0.5877526775549149,FALSE,FALSE
1992-02-05,King_Haakon,0.598821684,-0.2601355262293238,0.2601355262293238,0.5877526775549149,FALSE,FALSE
1992-02-06,King_Haakon,0.593159657,-0.24854334338303063,0.24854334338303063,0.5877526775549149,FALSE,FALSE
1992-02-07,King_Haakon,0.580005285,-0.24555850421998127,0.24555850421998127,0.5877526775549149,FALSE,FALSE
1992-02-08,King_Haakon,0.584676635,-0.22580389304552573,0.22580389304552573,0.5877526775549149,FALSE,FALSE
1992-02-09,King_Haakon,0.568210111,-0.22823573304681655,0.22823573304681655,0.5877526775549149,FALSE,FALSE
1992-02-10,King_Haakon,0.541547305,-0.24200783032875428,0.24200783032875428,0.5877526775549149,FALSE,FALSE
1992-02-11,King_Haakon,0.552303376,-0.219612574972065,0.219612574972065,0.5877526775549149,FALSE,FALSE
1992-02-12,King_Haakon,0.545850449,-0.21578539105747996,0.21578539105747996,0.5877526775549149,FALSE,FALSE
1992-02-13,King_Haakon,0.538442217,-0.21438013466572825,0.21438013466572825,0.5877526775549149,FALSE,FALSE
1992-02-14,King_Haakon,0.519991417,-0.22559161787753557,0.22559161787753557,0.5877526775549149,FALSE,FALSE
1992-02-15,King_Haakon,0.497082435,-0.2429430037736328,0.2429430037736328,0.5877526775549149,FALSE,FALSE
1992-02-16,King_Haakon,0.486391613,-0.24986549943474737,0.24986549943474737,0.5877526775549149,FALSE,FALSE
1992-02-17,King_Haakon,0.477069151,-0.25731645394160885,0.25731645394160885,0.5877526775549149,FALSE,FALSE
1992-02-18,King_Haakon,0.462018448,-0.27250001737494567,0.27250001737494567,0.5877526775549149,FALSE,FALSE
1992-02-19,King_Haakon,0.444598587,-0.29216465581548556,0.29216465581548556,0.5877526775549149,FALSE,FALSE
1992-02-20,King_Haakon,0.449957433,-0.2912700533439584,0.2912700533439584,0.5877526775549149,FALSE,FALSE
1992-02-21,King_Haakon,0.449042277,-0.2989660401558226,0.2989660401558226,0.5877526775549149,FALSE,FALSE
1992-02-22,King_Haakon,0.460149418,-0.2969270145906826,0.2969270145906826,0.5877526775549149,FALSE,FALSE
1992-02-23,King_Haakon,0.465289789,-0.3030286383222797,0.3030286383222797,0.5877526775549149,FALSE,FALSE
1992-02-24,King_Haakon,0.494660343,-0.2869590327028391,0.2869590327028391,0.5877526775549149,FALSE,FALSE
1992-02-25,King_Haakon,0.513329601,-0.2835347510845895,0.2835347510845895,0.5877526775549149,FALSE,FALSE
1992-02-26,King_Haakon,0.523677942,-0.29026048881975774,0.29026048881975774,0.5877526775549149,FALSE,FALSE
1992-02-27,King_Haakon,0.558965572,-0.2737611142605709,0.2737611142605709,0.5877526775549149,FALSE,FALSE
1992-02-28,King_Haakon,0.596239513,-0.25687467975925704,0.25687467975925704,0.5877526775549149,FALSE,FALSE
1992-03-01,King_Haakon,0.652426857,-0.24580039933915457,0.24580039933915457,0.5877526775549149,FALSE,FALSE
1992-03-02,King_Haakon,0.673729952,-0.24899301012482,0.24899301012482,0.5877526775549149,FALSE,FALSE
1992-03-03,King_Haakon,0.682287666,-0.2660705503772669,0.2660705503772669,0.5877526775549149,FALSE,FALSE
1992-03-04,King_Haakon,0.679106703,-0.2959113944311633,0.2959113944311633,0.5877526775549149,FALSE,FALSE
1992-03-05,King_Haakon,0.656278888,-0.3463236098022481,0.3463236098022481,0.5877526775549149,FALSE,FALSE
1992-03-06,King_Haakon,0.611636251,-0.4194232883526492,0.4194232883526492,0.5877526775549149,FALSE,FALSE
1992-03-07,King_Haakon,0.583282633,-0.4770645092416787,0.4770645092416787,0.5877526775549149,FALSE,FALSE
1992-03-08,King_Haakon,0.565115017,-0.5253082096286544,0.5253082096286544,0.5877526775549149,FALSE,FALSE
1992-03-09,King_Haakon,0.58945864,-0.5317870726728912,0.5317870726728912,0.5877526775549149,FALSE,FALSE
1992-03-10,King_Haakon,0.607578774,-0.545193746533702,0.545193746533702,0.5877526775549149,FALSE,FALSE
1992-03-11,King_Haakon,0.621421345,-0.5635402253704026,0.5635402253704026,0.5877526775549149,FALSE,FALSE
1992-03-12,King_Haakon,0.64042686,-0.577343922342308,0.577343922342308,0.5877526775549149,FALSE,FALSE
1992-03-13,King_Haakon,0.666427456,-0.5847306206087343,0.5847306206087343,0.5877526775549149,FALSE,FALSE
1992-03-14,King_Haakon,0.676066253,-0.609015120328995,0.609015120328995,0.5877526775549149,TRUE,TRUE
1992-03-15,King_Haakon,0.676186711,-0.6433118816624065,0.6433118816624065,0.5877526775549149,TRUE,TRUE
1992-03-16,King_Haakon,0.672446619,-0.6819210357682821,0.6819210357682821,0.5877526775549149,TRUE,TRUE
1992-03-17,King_Haakon,0.659513294,-0.7301330338928321,0.7301330338928321,0.5877526775549149,TRUE,TRUE
1992-03-18,King_Haakon,0.663860753,-0.7614278332746154,0.7614278332746154,0.5877526775549149,TRUE,TRUE
1992-03-19,King_Haakon,0.667038583,-0.7942058525884047,0.7942058525884047,0.5877526775549149,TRUE,TRUE
1992-03-20,King_Haakon,0.697491991,-0.799971703662501,0.799971703662501,0.5877526775549149,TRUE,TRUE
1992-03-21,King_Haakon,0.720179305,-0.8137168773252021,0.8137168773252021,0.5877526775549149,TRUE,TRUE
1992-03-22,King_Haakon,0.75196831,-0.8185234074048059,0.8185234074048059,0.5877526775549149,TRUE,TRUE
1992-03-23,King_Haakon,0.799386985,-0.8078131337296136,0.8078131337296136,0.5877526775549149,TRUE,TRUE
1992-03-24,King_Haakon,0.830226504,-0.813744701127921,0.813744701127921,0.5877526775549149,TRUE,TRUE
1992-03-25,King_Haakon,0.85697377,-0.8237810254280313,0.8237810254280313,0.5877526775549149,TRUE,TRUE
1992-03-26,King_Haakon,0.88377276,-0.8337279484582407,0.8337279484582407,0.5877526775549149,TRUE,TRUE
1992-03-27,King_Haakon,0.932440919,-0.8217178440468502,0.8217178440468502,0.5877526775549149,TRUE,TRUE
1992-03-28,King_Haakon,0.955416328,-0.8352624500221558,0.8352624500221558,0.5877526775549149,TRUE,TRUE
1992-03-29,King_Haakon,0.987542219,-0.8394683532124583,0.8394683532124583,0.5877526775549149,TRUE,TRUE
1992-03-30,King_Haakon,1.050658695,-0.8124538506012067,0.8124538506012067,0.5877526775549149,TRUE,TRUE
1992-03-31,King_Haakon,1.132099634,-0.7668903690510205,0.7668903690510205,0.5877526775549149,TRUE,TRUE
1992-04-01,King_Haakon,1.205774861,-0.7288893340621583,0.7288893340621583,0.5877526775549149,TRUE,TRUE
1992-04-02,King_Haakon,1.275226782,-0.6949296033171315,0.6949296033171315,0.5877526775549149,TRUE,TRUE
1992-04-03,King_Haakon,1.310896557,-0.6945912804984458,0.6945912804984458,0.5877526775549149,TRUE,TRUE
1992-04-04,King_Haakon,1.397139128,-0.6435406872886107,0.6435406872886107,0.5877526775549149,TRUE,TRUE
1992-04-05,King_Haakon,1.439013665,-0.6367399173701376,0.6367399173701376,0.5877526775549149,TRUE,TRUE
1992-04-06,King_Haakon,1.505404393,-0.6053260094255299,0.6053260094255299,0.5877526775549149,TRUE,TRUE
1992-04-07,King_Haakon,1.558940456,-0.5866910831372991,0.5866910831372991,0.5877526775549149,FALSE,FALSE
1992-04-08,King_Haakon,1.607698669,-0.5727795871879517,0.5727795871879517,0.5877526775549149,FALSE,FALSE
1992-04-09,King_Haakon,1.623713561,-0.5915782562600007,0.5915782562600007,0.5877526775549149,TRUE,FALSE
1992-04-10,King_Haakon,1.711519129,-0.5385743570359494,0.5385743570359494,0.5877526775549149,FALSE,FALSE
1992-04-11,King_Haakon,1.746075247,-0.5388291141520958,0.5388291141520958,0.5877526775549149,FALSE,FALSE
1992-04-12,King_Haakon,1.757696118,-0.5620376603625952,0.5620376603625952,0.5877526775549149,FALSE,FALSE
1992-04-13,King_Haakon,1.787696205,-0.5668754774159095,0.5668754774159095,0.5877526775549149,FALSE,FALSE
1992-04-14,King_Haakon,1.807765709,-0.5816404978537613,0.5816404978537613,0.5877526775549149,FALSE,FALSE
1992-04-15,King_Haakon,1.815219589,-0.6090058962178764,0.6090058962178764,0.5877526775549149,TRUE,TRUE
1992-04-16,King_Haakon,1.835050108,-0.6239675430499809,0.6239675430499809,0.5877526775549149,TRUE,TRUE
1992-04-17,King_Haakon,1.865713491,-0.6280573468917965,0.6280573468917965,0.5877526775549149,TRUE,TRUE
1992-04-18,King_Haakon,1.869570117,-0.658903062285048,0.658903062285048,0.5877526775549149,TRUE,TRUE
1992-04-19,King_Haakon,1.899145854,-0.6639669547714622,0.6639669547714622,0.5877526775549149,TRUE,TRUE
1992-04-20,King_Haakon,1.913608323,-0.6840695368927641,0.6840695368927641,0.5877526775549149,TRUE,TRUE
1992-04-21,King_Haakon,1.971736805,-0.660419661190677,0.660419661190677,0.5877526775549149,TRUE,TRUE
1992-04-22,King_Haakon,2.031793215,-0.6347435462069266,0.6347435462069266,0.5877526775549149,TRUE,TRUE
1992-04-23,King_Haakon,2.074908088,-0.625898790483236,0.625898790483236,0.5877526775549149,TRUE,TRUE
1992-04-24,King_Haakon,2.11148669,-0.6234663328331229,0.6234663328331229,0.5877526775549149,TRUE,TRUE
1992-04-25,King_Haakon,2.186625155,-0.5823179260463358,0.5823179260463358,0.5877526775549149,FALSE,FALSE
1992-04-26,King_Haakon,2.235147973,-0.5675868442655525,0.5675868442655525,0.5877526775549149,FALSE,FALSE
1992-04-27,King_Haakon,2.286835703,-0.5494501860025451,0.5494501860025451,0.5877526775549149,FALSE,FALSE
1992-04-28,King_Haakon,2.349748954,-0.5198049997690801,0.5198049997690801,0.5877526775549149,FALSE,FALSE
1992-04-29,King_Haakon,2.419129145,-0.4833675240769355,0.4833675240769355,0.5877526775549149,FALSE,FALSE
1992-04-30,King_Haakon,2.443762012,-0.49130968043787426,0.49130968043787426,0.5877526775549149,FALSE,FALSE
1992-05-01,King_Haakon,2.442682415,-0.5245542663636735,0.5245542663636735,0.5877526775549149,FALSE,FALSE
1992-05-02,King_Haakon,2.41457407,-0.5843752233661008,0.5843752233661008,0.5877526775549149,FALSE,FALSE
1992-05-03,King_Haakon,2.406552749,-0.6236144369569279,0.6236144369569279,0.5877526775549149,TRUE,TRUE
1992-05-04,King_Haakon,2.411038146,-0.6498098706479243,0.6498098706479243,0.5877526775549149,TRUE,TRUE
1992-05-05,King_Haakon,2.448571715,-0.6423777279508647,0.6423777279508647,0.5877526775549149,TRUE,TRUE
1992-05-06,King_Haakon,2.484775391,-0.6356537525519301,0.6356537525519301,0.5877526775549149,TRUE,TRUE
1992-05-07,King_Haakon,2.527556894,-0.6216997082044053,0.6216997082044053,0.5877526775549149,TRUE,TRUE
1992-05-08,King_Haakon,2.56132089,-0.6161118315229284,0.6161118315229284,0.5877526775549149,TRUE,TRUE
1992-05-09,King_Haakon,2.641765305,-0.5631982686569956,0.5631982686569956,0.5877526775549149,FALSE,FALSE
1992-05-10,King_Haakon,2.720258561,-0.511596669756107,0.511596669756107,0.5877526775549149,FALSE,FALSE
1992-05-11,King_Haakon,2.780951904,-0.47716186096975743,0.47716186096975743,0.5877526775549149,FALSE,FALSE
1992-05-12,King_Haakon,2.807232956,-0.4765122924474467,0.4765122924474467,0.5877526775549149,FALSE,FALSE
1992-05-13,King_Haakon,2.839332407,-0.46942334633867366,0.46942334633867366,0.5877526775549149,FALSE,FALSE
1992-05-14,King_Haakon,2.861427309,-0.4717240427929332,0.4717240427929332,0.5877526775549149,FALSE,FALSE
1992-05-15,King_Haakon,2.861662576,-0.4952755399597279,0.4952755399597279,0.5877526775549149,FALSE,FALSE
1992-05-16,King_Haakon,2.866352394,-0.5137697239885499,0.5137697239885499,0.5877526775549149,FALSE,FALSE
1992-05-17,King_Haakon,2.936434348,-0.4662750820289028,0.4662750820289028,0.5877526775549149,FALSE,FALSE
1992-05-18,King_Haakon,2.976547271,-0.4481588532302814,0.4481588532302814,0.5877526775549149,FALSE,FALSE
1992-05-19,King_Haakon,2.982496617,-0.46362323388224214,0.46362323388224214,0.5877526775549149,FALSE,FALSE
1992-05-20,King_Haakon,2.977357167,-0.4896298900921785,0.4896298900921785,0.5877526775549149,FALSE,FALSE
1992-05-21,King_Haakon,2.983914075,-0.5034552742803928,0.5034552742803928,0.5877526775549149,FALSE,FALSE
1992-05-22,King_Haakon,2.946478799,-0.5608503813451335,0.5608503813451335,0.5877526775549149,FALSE,FALSE
1992-05-23,King_Haakon,2.901207373,-0.6257216301846529,0.6257216301846529,0.5877526775549149,TRUE,TRUE
1992-05-24,King_Haakon,2.862383414,-0.6838478566972017,0.6838478566972017,0.5877526775549149,TRUE,TRUE
1992-05-25,King_Haakon,2.839546708,-0.7257517277810326,0.7257517277810326,0.5877526775549149,TRUE,TRUE
1992-05-26,King_Haakon,2.861780727,-0.7224122243343949,0.7224122243343949,0.5877526775549149,TRUE,TRUE
1992-05-27,King_Haakon,2.912229324,-0.6907479462555428,0.6907479462555428,0.5877526775549149,TRUE,TRUE
1992-05-28,King_Haakon,2.945119461,-0.6765943844427262,0.6765943844427262,0.5877526775549149,TRUE,TRUE
1992-05-29,King_Haakon,2.941418947,-0.6990461827941945,0.6990461827941945,0.5877526775549149,TRUE,TRUE
1992-05-30,King_Haakon,2.944542502,-0.7147510742082055,0.7147510742082055,0.5877526775549149,TRUE,TRUE
1992-05-31,King_Haakon,2.952745986,-0.7255156515830037,0.7255156515830037,0.5877526775549149,TRUE,TRUE
1992-06-01,King_Haakon,2.989897004,-0.7075209104641202,0.7075209104641202,0.5877526775549149,TRUE,TRUE
1992-06-02,King_Haakon,3.055541372,-0.661208182619653,0.661208182619653,0.5877526775549149,TRUE,TRUE
1992-06-03,King_Haakon,3.120588016,-0.6156386545537611,0.6156386545537611,0.5877526775549149,TRUE,TRUE
1992-06-04,King_Haakon,3.151046989,-0.6047723851395759,0.6047723851395759,0.5877526775549149,TRUE,TRUE
1992-06-05,King_Haakon,3.1912299,-0.584267877250221,0.584267877250221,0.5877526775549149,FALSE,FALSE
1992-06-06,King_Haakon,3.242312461,-0.552919530758818,0.552919530758818,0.5877526775549149,FALSE,FALSE
1992-06-07,King_Haakon,3.242197072,-0.5727950575385026,0.5727950575385026,0.5877526775549149,FALSE,FALSE
1992-06-08,King_Haakon,3.261990867,-0.5727574354623997,0.5727574354623997,0.5877526775549149,FALSE,FALSE
1992-06-09,King_Haakon,3.272571737,-0.5818988854036364,0.5818988854036364,0.5877526775549149,FALSE,FALSE
1992-06-10,King_Haakon,3.316042948,-0.558086253235337,0.558086253235337,0.5877526775549149,FALSE,FALSE
1992-06-11,King_Haakon,3.327265585,-0.5664285658306301,0.5664285658306301,0.5877526775549149,FALSE,FALSE
1992-06-12,King_Haakon,3.36424161,-0.5488939730626461,0.5488939730626461,0.5877526775549149,FALSE,FALSE
1992-06-13,King_Haakon,3.355402769,-0.5770209607552985,0.5770209607552985,0.5877526775549149,FALSE,FALSE
1992-06-14,King_Haakon,3.331583494,-0.6199506166608173,0.6199506166608173,0.5877526775549149,TRUE,TRUE
1992-06-15,King_Haakon,3.290603393,-0.6798461068055541,0.6798461068055541,0.5877526775549149,TRUE,TRUE
1992-06-16,King_Haakon,3.280156492,-0.7089967048004091,0.7089967048004091,0.5877526775549149,TRUE,TRUE
1992-06-17,King_Haakon,3.267931376,-0.7396971252562645,0.7396971252562645,0.5877526775549149,TRUE,TRUE
1992-06-18,King_Haakon,3.334596086,-0.6912626267840154,0.6912626267840154,0.5877526775549149,TRUE,TRUE
1992-06-19,King_Haakon,3.266670024,-0.7771571069945451,0.7771571069945451,0.5877526775549149,TRUE,TRUE
1992-06-20,King_Haakon,3.224717752,-0.8367993034987506,0.8367993034987506,0.5877526775549149,TRUE,TRUE
1992-06-21,King_Haakon,3.22073443,-0.8581773559075194,0.8581773559075194,0.5877526775549149,TRUE,TRUE
1992-06-22,King_Haakon,3.28193234,-0.8140622818317418,0.8140622818317418,0.5877526775549149,TRUE,TRUE
1992-06-23,King_Haakon,3.371158947,-0.7415899158823058,0.7415899158823058,0.5877526775549149,TRUE,TRUE
1992-06-24,King_Haakon,3.464045711,-0.6651120976701046,0.6651120976701046,0.5877526775549149,TRUE,TRUE
1992-06-25,King_Haakon,3.538752197,-0.6064525618060266,0.6064525618060266,0.5877526775549149,TRUE,TRUE
1992-06-26,King_Haakon,3.577741983,-0.5831353673382207,0.5831353673382207,0.5877526775549149,FALSE,FALSE
1992-06-27,King_Haakon,3.601889109,-0.5743068871824555,0.5743068871824555,0.5877526775549149,FALSE,FALSE
1992-06-28,King_Haakon,3.627600936,-0.563595149836789,0.563595149836789,0.5877526775549149,FALSE,FALSE
1992-06-29,King_Haakon,3.6422002,-0.563712885801531,0.563712885801531,0.5877526775549149,FALSE,FALSE
1992-06-30,King_Haakon,3.622454703,-0.5979277595769901,0.5979277595769901,0.5877526775549149,TRUE,TRUE
1992-07-01,King_Haakon,3.608153067,-0.626486615663473,0.626486615663473,0.5877526775549149,TRUE,TRUE
1992-07-02,King_Haakon,3.572654969,-0.6760652435612964,0.6760652435612964,0.5877526775549149,TRUE,TRUE
1992-07-03,King_Haakon,3.560882911,-0.7017766077707659,0.7017766077707659,0.5877526775549149,TRUE,TRUE
1992-07-04,King_Haakon,3.569761673,-0.7067313947921918,0.7067313947921918,0.5877526775549149,TRUE,TRUE
1992-07-05,King_Haakon,3.614380029,-0.6758762971258858,0.6758762971258858,0.5877526775549149,TRUE,TRUE
1992-07-06,King_Haakon,3.662822464,-0.6411622962721526,0.6411622962721526,0.5877526775549149,TRUE,TRUE
1992-07-07,King_Haakon,3.726815087,-0.5908987497313087,0.5908987497313087,0.5877526775549149,TRUE,TRUE
1992-07-08,King_Haakon,3.76029967,-0.5711792608001769,0.5711792608001769,0.5877526775549149,FALSE,FALSE
1992-07-09,King_Haakon,3.797343808,-0.5479538711206073,0.5479538711206073,0.5877526775549149,FALSE,FALSE
1992-07-10,King_Haakon,3.809022044,-0.550126853741292,0.550126853741292,0.5877526775549149,FALSE,FALSE
1992-07-11,King_Haakon,3.869942083,-0.5030641823370181,0.5030641823370181,0.5877526775549149,FALSE,FALSE
1992-07-12,King_Haakon,3.899584206,-0.4872592545825816,0.4872592545825816,0.5877526775549149,FALSE,FALSE
1992-07-13,King_Haakon,3.90620529,-0.49442887215276166,0.49442887215276166,0.5877526775549149,FALSE,FALSE
1992-07-14,King_Haakon,3.930511241,-0.4838408077223515,0.4838408077223515,0.5877526775549149,FALSE,FALSE
1992-07-15,King_Haakon,3.955015195,-0.4729556039661386,0.4729556039661386,0.5877526775549149,FALSE,FALSE
1992-07-16,King_Haakon,3.925159209,-0.5163048825589098,0.5163048825589098,0.5877526775549149,FALSE,FALSE
1992-07-17,King_Haakon,3.971618297,-0.4831873081754585,0.4831873081754585,0.5877526775549149,FALSE,FALSE
1992-07-18,King_Haakon,4.027797181,-0.440171837490567,0.440171837490567,0.5877526775549149,FALSE,FALSE
1992-07-19,King_Haakon,4.072298451,-0.408629559179027,0.408629559179027,0.5877526775549149,FALSE,FALSE
1992-07-20,King_Haakon,4.101519496,-0.3921367629156274,0.3921367629156274,0.5877526775549149,FALSE,FALSE
1992-07-21,King_Haakon,4.14366786,-0.3624605850844196,0.3624605850844196,0.5877526775549149,FALSE,FALSE
1992-07-22,King_Haakon,4.178492769,-0.3398403059589148,0.3398403059589148,0.5877526775549149,FALSE,FALSE
1992-07-23,King_Haakon,4.177475003,-0.3527937300521389,0.3527937300521389,0.5877526775549149,FALSE,FALSE
1992-07-24,King_Haakon,4.156468889,-0.3854653434908011,0.3854653434908011,0.5877526775549149,FALSE,FALSE
1992-07-25,King_Haakon,4.121185055,-0.4321433314016216,0.4321433314016216,0.5877526775549149,FALSE,FALSE
1992-07-26,King_Haakon,4.081848713,-0.48260129491130854,0.48260129491130854,0.5877526775549149,FALSE,FALSE
1992-07-27,King_Haakon,4.045283882,-0.530014028146577,0.530014028146577,0.5877526775549149,FALSE,FALSE
1992-07-28,King_Haakon,4.043157323,-0.5427135832341428,0.5427135832341428,0.5877526775549149,FALSE,FALSE
1992-07-29,King_Haakon,4.039653164,-0.5565146453007142,0.5565146453007142,0.5877526775549149,FALSE,FALSE
1992-07-30,King_Haakon,4.029288842,-0.5768985904730108,0.5768985904730108,0.5877526775549149,FALSE,FALSE
1992-07-31,King_Haakon,4.054907088,-0.5610215008777404,0.5610215008777404,0.5877526775549149,FALSE,FALSE
1992-08-01,King_Haakon,4.063292136,-0.5620979556416197,0.5620979556416197,0.5877526775549149,FALSE,FALSE
1992-08-02,King_Haakon,4.046924254,-0.587646499717664,0.587646499717664,0.5877526775549149,FALSE,FALSE
1992-08-03,King_Haakon,4.059915566,-0.5835491329010507,0.5835491329010507,0.5877526775549149,FALSE,FALSE
1992-08-04,King_Haakon,4.062024992,-0.5900241433833147,0.5900241433833147,0.5877526775549149,TRUE,FALSE
1992-08-05,King_Haakon,4.120513744,-0.5397837143321036,0.5397837143321036,0.5877526775549149,FALSE,FALSE
1992-08-06,King_Haakon,4.149597863,-0.5185851999150684,0.5185851999150684,0.5877526775549149,FALSE,FALSE
1992-08-07,King_Haakon,4.181611464,-0.4940678802998546,0.4940678802998546,0.5877526775549149,FALSE,FALSE
1992-08-08,King_Haakon,4.189991986,-0.49276771165411226,0.49276771165411226,0.5877526775549149,FALSE,FALSE
1992-08-09,King_Haakon,4.191504702,-0.4978928161454901,0.4978928161454901,0.5877526775549149,FALSE,FALSE
1992-08-10,King_Haakon,4.215988949,-0.4795772519416373,0.4795772519416373,0.5877526775549149,FALSE,FALSE
1992-08-11,King_Haakon,4.260567517,-0.4406716242102009,0.4406716242102009,0.5877526775549149,FALSE,FALSE
1992-08-12,King_Haakon,4.346722294,-0.35966744011883023,0.35966744011883023,0.5877526775549149,FALSE,FALSE
1992-08-13,King_Haakon,4.414625152,-0.29636622283517244,0.29636622283517244,0.5877526775549149,FALSE,FALSE
1992-08-14,King_Haakon,4.457763074,-0.25725438452687577,0.25725438452687577,0.5877526775549149,FALSE,FALSE
1992-08-15,King_Haakon,4.512072428,-0.20637088902595835,0.20637088902595835,0.5877526775549149,FALSE,FALSE
1992-08-16,King_Haakon,4.544886316,-0.17641552837787078,0.17641552837787078,0.5877526775549149,FALSE,FALSE
1992-08-17,King_Haakon,4.5961027,-0.1275891191211178,0.1275891191211178,0.5877526775549149,FALSE,FALSE
1992-08-18,King_Haakon,4.613025181,-0.11269044943471672,0.11269044943471672,0.5877526775549149,FALSE,FALSE
1992-08-19,King_Haakon,4.6133977,-0.11407796749769528,0.11407796749769528,0.5877526775549149,FALSE,FALSE
1992-08-20,King_Haakon,4.597307865,-0.13176645448906665,0.13176645448906665,0.5877526775549149,FALSE,FALSE
1992-08-21,King_Haakon,4.576438433,-0.15417554258786126,0.15417554258786126,0.5877526775549149,FALSE,FALSE
1992-08-22,King_Haakon,4.573375044,-0.1588219809730962,0.1588219809730962,0.5877526775549149,FALSE,FALSE
1992-08-23,King_Haakon,4.553492681,-0.18043317582379448,0.18043317582379448,0.5877526775549149,FALSE,FALSE
1992-08-24,King_Haakon,4.547208956,-0.1886939043189786,0.1886939043189786,0.5877526775549149,FALSE,FALSE
1992-08-25,King_Haakon,4.485538274,-0.2526921506376736,0.2526921506376736,0.5877526775549149,FALSE,FALSE
1992-08-26,King_Haakon,4.466461484,-0.2745494549588976,0.2745494549588976,0.5877526775549149,FALSE,FALSE
1992-08-27,King_Haakon,4.464173684,-0.2801731084616712,0.2801731084616712,0.5877526775549149,FALSE,FALSE
1992-08-28,King_Haakon,4.475370219,-0.2729487955126446,0.2729487955126446,0.5877526775549149,FALSE,FALSE
1992-08-29,King_Haakon,4.452243918,-0.30063489803221444,0.30063489803221444,0.5877526775549149,FALSE,FALSE
1992-08-30,King_Haakon,4.464933924,-0.29299470701498986,0.29299470701498986,0.5877526775549149,FALSE,FALSE
1992-08-31,King_Haakon,4.51459253,-0.24877827596579571,0.24877827596579571,0.5877526775549149,FALSE,FALSE
1992-09-01,King_Haakon,4.497831055,-0.2712766323894522,0.2712766323894522,0.5877526775549149,FALSE,FALSE
1992-09-02,King_Haakon,4.472889397,-0.30215222479077664,0.30215222479077664,0.5877526775549149,FALSE,FALSE
1992-09-03,King_Haakon,4.427535509,-0.35353944667459203,0.35353944667459203,0.5877526775549149,FALSE,FALSE
1992-09-04,King_Haakon,4.405539021,-0.38157101454571496,0.38157101454571496,0.5877526775549149,FALSE,FALSE
1992-09-05,King_Haakon,4.416554009,-0.3764951989089722,0.3764951989089722,0.5877526775549149,FALSE,FALSE
1992-09-06,King_Haakon,4.476337861,-0.32245695826917586,0.32245695826917586,0.5877526775549149,FALSE,FALSE
1992-09-07,King_Haakon,4.543556094,-0.26069312213115303,0.26069312213115303,0.5877526775549149,FALSE,FALSE
1992-09-08,King_Haakon,4.592990734,-0.21632401099972576,0.21632401099972576,0.5877526775549149,FALSE,FALSE
1992-09-09,King_Haakon,4.687864065,-0.1260301213689372,0.1260301213689372,0.5877526775549149,FALSE,FALSE
1992-09-10,King_Haakon,4.768019429,-0.0499120910424562,0.0499120910424562,0.5877526775549149,FALSE,FALSE
1992-09-11,King_Haakon,4.789332627,-0.03211265342690694,0.03211265342690694,0.5877526775549149,FALSE,FALSE
1992-09-12,King_Haakon,4.792101626,-0.03236022587863374,0.03236022587863374,0.5877526775549149,FALSE,FALSE
1992-09-13,King_Haakon,4.749084197,-0.07792342175397593,0.07792342175397593,0.5877526775549149,FALSE,FALSE
1992-09-14,King_Haakon,4.700072076,-0.12903688940928593,0.12903688940928593,0.5877526775549149,FALSE,FALSE
1992-09-15,King_Haakon,4.632545916,-0.1982463602009057,0.1982463602009057,0.5877526775549149,FALSE,FALSE
1992-09-16,King_Haakon,4.603013395,-0.22907054048517672,0.22907054048517672,0.5877526775549149,FALSE,FALSE
1992-09-17,King_Haakon,4.530203201,-0.30280712661845044,0.30280712661845044,0.5877526775549149,FALSE,FALSE
1992-09-18,King_Haakon,4.520203024,-0.3133948129570685,0.3133948129570685,0.5877526775549149,FALSE,FALSE
1992-09-19,King_Haakon,4.489800463,-0.3440723848573777,0.3440723848573777,0.5877526775549149,FALSE,FALSE
1992-09-20,King_Haakon,4.464904899,-0.3689568456757186,0.3689568456757186,0.5877526775549149,FALSE,FALSE
1992-09-21,King_Haakon,4.436837876,-0.3967530357684419,0.3967530357684419,0.5877526775549149,FALSE,FALSE
1992-09-22,King_Haakon,4.417365643,-0.41572129467698726,0.41572129467698726,0.5877526775549149,FALSE,FALSE
1992-09-23,King_Haakon,4.376444408,-0.4559341889739752,0.4559341889739752,0.5877526775549149,FALSE,FALSE
1992-09-24,King_Haakon,4.324828634,-0.5066673563121489,0.5066673563121489,0.5877526775549149,FALSE,FALSE
1992-09-25,King_Haakon,4.312776505,-0.5176927319506026,0.5176927319506026,0.5877526775549149,FALSE,FALSE
1992-09-26,King_Haakon,4.298879748,-0.5304487081484508,0.5304487081484508,0.5877526775549149,FALSE,FALSE
1992-09-27,King_Haakon,4.27184069,-0.5562630771647905,0.5562630771647905,0.5877526775549149,FALSE,FALSE
1992-09-28,King_Haakon,4.254568992,-0.5722562972587326,0.5722562972587326,0.5877526775549149,FALSE,FALSE
1992-09-29,King_Haakon,4.229512052,-0.5960110896893793,0.5960110896893793,0.5877526775549149,TRUE,TRUE
1992-09-30,King_Haakon,4.218378532,-0.6058489117158334,0.6058489117158334,0.5877526775549149,TRUE,TRUE
1992-10-01,King_Haakon,4.203549768,-0.6194185465972009,0.6194185465972009,0.5877526775549149,TRUE,TRUE
1992-10-02,King_Haakon,4.186111511,-0.6356643625925891,0.6356643625925891,0.5877526775549149,TRUE,TRUE
1992-10-03,King_Haakon,4.225955047,-0.5947251929610982,0.5947251929610982,0.5877526775549149,TRUE,TRUE
1992-10-04,King_Haakon,4.240102006,-0.5796095086780015,0.5796095086780015,0.5877526775549149,FALSE,FALSE
1992-10-05,King_Haakon,4.271175736,-0.5477019460530652,0.5477019460530652,0.5877526775549149,FALSE,FALSE
1992-10-06,King_Haakon,4.296702567,-0.521419102134205,0.521419102134205,0.5877526775549149,FALSE,FALSE
1992-10-07,King_Haakon,4.324108405,-0.493266095871574,0.493266095871574,0.5877526775549149,FALSE,FALSE
1992-10-08,King_Haakon,4.365701897,-0.4508653052153244,0.4508653052153244,0.5877526775549149,FALSE,FALSE
1992-10-09,King_Haakon,4.394351002,-0.4212797961156056,0.4212797961156056,0.5877526775549149,FALSE,FALSE
1992-10-10,King_Haakon,4.4253035,-0.3891928135225768,0.3891928135225768,0.5877526775549149,FALSE,FALSE
1992-10-11,King_Haakon,4.421257777,-0.39183699638638814,0.39183699638638814,0.5877526775549149,FALSE,FALSE
1992-10-12,King_Haakon,4.447041324,-0.36431587865719095,0.36431587865719095,0.5877526775549149,FALSE,FALSE
1992-10-13,King_Haakon,4.504244118,-0.3049705082851384,0.3049705082851384,0.5877526775549149,FALSE,FALSE
1992-10-14,King_Haakon,4.553262957,-0.2533351122203831,0.2533351122203831,0.5877526775549149,FALSE,FALSE
1992-10-15,King_Haakon,4.607871114,-0.19556744241308088,0.19556744241308088,0.5877526775549149,FALSE,FALSE
1992-10-16,King_Haakon,4.650857434,-0.14880967881338147,0.14880967881338147,0.5877526775549149,FALSE,FALSE
1992-10-17,King_Haakon,4.663907341,-0.1313101574211597,0.1313101574211597,0.5877526775549149,FALSE,FALSE
1992-10-18,King_Haakon,4.652976204,-0.13710536088204694,0.13710536088204694,0.5877526775549149,FALSE,FALSE
1992-10-19,King_Haakon,4.663962682,-0.12034401834318233,0.12034401834318233,0.5877526775549149,FALSE,FALSE
1992-10-20,King_Haakon,4.677591164,-0.10035135264843564,0.10035135264843564,0.5877526775549149,FALSE,FALSE
1992-10-21,King_Haakon,4.712456936,-0.05858168964167376,0.05858168964167376,0.5877526775549149,FALSE,FALSE
1992-10-22,King_Haakon,4.743552477,-0.02009216216676712,0.02009216216676712,0.5877526775549149,FALSE,FALSE
1992-10-23,King_Haakon,4.75533414,-4.760290675802637e-4,4.760290675802637e-4,0.5877526775549149,FALSE,FALSE
1992-10-24,King_Haakon,4.775873979,0.02828915181202074,0.02828915181202074,0.5877526775549149,FALSE,FALSE
1992-10-25,King_Haakon,4.781078869,0.04206064362816608,0.04206064362816608,0.5877526775549149,FALSE,FALSE
1992-10-26,King_Haakon,4.743861516,0.01370154053698691,0.01370154053698691,0.5877526775549149,FALSE,FALSE
1992-10-27,King_Haakon,4.707961838,-0.01309785130538365,0.01309785130538365,0.5877526775549149,FALSE,FALSE
1992-10-28,King_Haakon,4.643127945,-0.06863903374281577,0.06863903374281577,0.5877526775549149,FALSE,FALSE
1992-10-29,King_Haakon,4.621537946,-0.08079350961916987,0.08079350961916987,0.5877526775549149,FALSE,FALSE
1992-10-30,King_Haakon,4.599651856,-0.09313671470490804,0.09313671470490804,0.5877526775549149,FALSE,FALSE
1992-10-31,King_Haakon,4.585937527,-0.09716654389220114,0.09716654389220114,0.5877526775549149,FALSE,FALSE
1992-11-01,King_Haakon,4.580717938,-0.0925043547504174,0.0925043547504174,0.5877526775549149,FALSE,FALSE
1992-11-02,King_Haakon,4.56944525,-0.09364231709326988,0.09364231709326988,0.5877526775549149,FALSE,FALSE
1992-11-03,King_Haakon,4.556273119,-0.09637110573447848,0.09637110573447848,0.5877526775549149,FALSE,FALSE
1992-11-04,King_Haakon,4.530176122,-0.11166047448775183,0.11166047448775183,0.5877526775549149,FALSE,FALSE
1992-11-05,King_Haakon,4.484375683,-0.14623333016681084,0.14623333016681084,0.5877526775549149,FALSE,FALSE
1992-11-06,King_Haakon,4.436079462,-0.18282634358536495,0.18282634358536495,0.5877526775549149,FALSE,FALSE
1992-11-07,King_Haakon,4.405563948,-0.20110735655713088,0.20110735655713088,0.5877526775549149,FALSE,FALSE
1992-11-08,King_Haakon,4.325567698,-0.26828214289582153,0.26828214289582153,0.5877526775549149,FALSE,FALSE
1992-11-09,King_Haakon,4.277846891,-0.30253885441515393,0.30253885441515393,0.5877526775549149,FALSE,FALSE
1992-11-10,King_Haakon,4.286971923,-0.27925142592884367,0.27925142592884367,0.5877526775549149,FALSE,FALSE
1992-11-11,King_Haakon,4.303365049,-0.24794163216556783,0.24794163216556783,0.5877526775549149,FALSE,FALSE
1992-11-12,King_Haakon,4.289554573,-0.2460085431309338,0.2460085431309338,0.5877526775549149,FALSE,FALSE
1992-11-13,King_Haakon,4.305029411,-0.21386557980336285,0.21386557980336285,0.5877526775549149,FALSE,FALSE
1992-11-14,King_Haakon,4.315171247,-0.18603133001900396,0.18603133001900396,0.5877526775549149,FALSE,FALSE
1992-11-15,King_Haakon,4.341817888,-0.14056825861401645,0.14056825861401645,0.5877526775549149,FALSE,FALSE
1992-11-16,King_Haakon,4.3568369,-0.10550907142455568,0.10550907142455568,0.5877526775549149,FALSE,FALSE
1992-11-17,King_Haakon,4.353612489,-0.08736983428677814,0.08736983428677814,0.5877526775549149,FALSE,FALSE
1992-11-18,King_Haakon,4.375962008,-0.04223346603683886,0.04223346603683886,0.5877526775549149,FALSE,FALSE
1992-11-19,King_Haakon,4.3722040700000004,-0.02168162551089558,0.02168162551089558,0.5877526775549149,FALSE,FALSE
1992-11-20,King_Haakon,4.398778497,0.03082523745489762,0.03082523745489762,0.5877526775549149,FALSE,FALSE
1992-11-21,King_Haakon,4.405060793,0.06476235502438232,0.06476235502438232,0.5877526775549149,FALSE,FALSE
1992-11-22,King_Haakon,4.413355285,0.10253378236140875,0.10253378236140875,0.5877526775549149,FALSE,FALSE
1992-11-23,King_Haakon,4.427425444,0.1480027186298125,0.1480027186298125,0.5877526775549149,FALSE,FALSE
1992-11-24,King_Haakon,4.420077921,0.1740581953481044,0.1740581953481044,0.5877526775549149,FALSE,FALSE
1992-11-25,King_Haakon,4.415439223,0.20476237655701457,0.20476237655701457,0.5877526775549149,FALSE,FALSE
1992-11-26,King_Haakon,4.383186128,0.20965392092880464,0.20965392092880464,0.5877526775549149,FALSE,FALSE
1992-11-27,King_Haakon,4.344268655,0.2095441693225908,0.2095441693225908,0.5877526775549149,FALSE,FALSE
1992-11-28,King_Haakon,4.28896279,0.19457042959749593,0.19457042959749593,0.5877526775549149,FALSE,FALSE
1992-11-29,King_Haakon,4.219670135,0.16699562561263903,0.16699562561263903,0.5877526775549149,FALSE,FALSE
1992-11-30,King_Haakon,4.172983081,0.1632734702271339,0.1632734702271339,0.5877526775549149,FALSE,FALSE
1992-12-01,King_Haakon,4.1319264,0.16629005730010604,0.16629005730010604,0.5877526775549149,FALSE,FALSE
1992-12-02,King_Haakon,4.112891981,0.19229859769067129,0.19229859769067129,0.5877526775549149,FALSE,FALSE
1992-12-03,King_Haakon,4.071395,0.19667558925794815,0.19667558925794815,0.5877526775549149,FALSE,FALSE
1992-12-04,King_Haakon,4.024342048,0.1961889448610572,0.1961889448610572,0.5877526775549149,FALSE,FALSE
1992-12-05,King_Haakon,4.000659088,0.2196259493591155,0.2196259493591155,0.5877526775549149,FALSE,FALSE
1992-12-06,King_Haakon,3.98636079,0.2528627557612819,0.2528627557612819,0.5877526775549149,FALSE,FALSE
1992-12-07,King_Haakon,3.934598834,0.2489625532050912,0.2489625532050912,0.5877526775549149,FALSE,FALSE
1992-12-08,King_Haakon,3.913684653,0.2762689284812043,0.2762689284812043,0.5877526775549149,FALSE,FALSE
1992-12-09,King_Haakon,3.862249889,0.2734634992852141,0.2734634992852141,0.5877526775549149,FALSE,FALSE
1992-12-10,King_Haakon,3.815443856,0.2757455553127044,0.2757455553127044,0.5877526775549149,FALSE,FALSE
1992-12-11,King_Haakon,3.780167896,0.2900664142592646,0.2900664142592646,0.5877526775549149,FALSE,FALSE
1992-12-12,King_Haakon,3.741843869,0.301897911820483,0.301897911820483,0.5877526775549149,FALSE,FALSE
1992-12-13,King_Haakon,3.694519643,0.30533789169194625,0.30533789169194625,0.5877526775549149,FALSE,FALSE
1992-12-14,King_Haakon,3.624348721,0.28658983256924353,0.28658983256924353,0.5877526775549149,FALSE,FALSE
1992-12-15,King_Haakon,3.589040816,0.3034134231479624,0.3034134231479624,0.5877526775549149,FALSE,FALSE
1992-12-16,King_Haakon,3.54338641,0.31064912112369125,0.31064912112369125,0.5877526775549149,FALSE,FALSE
1992-12-17,King_Haakon,3.485306968,0.3062683671920188,0.3062683671920188,0.5877526775549149,FALSE,FALSE
1992-12-18,King_Haakon,3.41945939,0.29497803704853087,0.29497803704853087,0.5877526775549149,FALSE,FALSE
1992-12-19,King_Haakon,3.313983455,0.24496349035394704,0.24496349035394704,0.5877526775549149,FALSE,FALSE
1992-12-20,King_Haakon,3.189072541,0.17639419179604854,0.17639419179604854,0.5877526775549149,FALSE,FALSE
1992-12-21,King_Haakon,3.144338269,0.1888023775142078,0.1888023775142078,0.5877526775549149,FALSE,FALSE
1992-12-22,King_Haakon,3.054163167,0.15648964482644478,0.15648964482644478,0.5877526775549149,FALSE,FALSE
1992-12-23,King_Haakon,3.04997615,0.2108039780507811,0.2108039780507811,0.5877526775549149,FALSE,FALSE
1992-12-24,King_Haakon,2.933806759,0.15369398750524654,0.15369398750524654,0.5877526775549149,FALSE,FALSE
1992-12-25,King_Haakon,2.855325346,0.1347490945078631,0.1347490945078631,0.5877526775549149,FALSE,FALSE
1992-12-26,King_Haakon,2.693792035,0.03314849237665207,0.03314849237665207,0.5877526775549149,FALSE,FALSE
1992-12-27,King_Haakon,2.604662577,0.00426700142963465,0.00426700142963465,0.5877526775549149,FALSE,FALSE
1992-12-28,King_Haakon,2.499276414,-0.04063686701515623,0.04063686701515623,0.5877526775549149,FALSE,FALSE
1992-12-29,King_Haakon,2.410794354,-0.06848323563970604,0.06848323563970604,0.5877526775549149,FALSE,FALSE
1992-12-30,King_Haakon,2.303385946,-0.1151834861259835,0.1151834861259835,0.5877526775549149,FALSE,FALSE
1992-12-31,King_Haakon,2.187366399,-0.1705033401559719,0.1705033401559719,0.5877526775549149,FALSE,FALSE
1993-01-01,King_Haakon,2.145732503,-0.21213723615597324,0.21213723615597324,0.5877526775549149,FALSE,FALSE
1993-01-02,King_Haakon,2.112878169,-0.18438427038191563,0.18438427038191563,0.5877526775549149,FALSE,FALSE
1993-01-03,King_Haakon,2.066490688,-0.1703527653371557,0.1703527653371557,0.5877526775549149,FALSE,FALSE
1993-01-04,King_Haakon,2.010803332,-0.1659083675253008,0.1659083675253008,0.5877526775549149,FALSE,FALSE
1993-01-05,King_Haakon,2.013763537,-0.10320255944996592,0.10320255944996592,0.5877526775549149,FALSE,FALSE
1993-01-06,King_Haakon,1.970531709,-0.0871738536147546,0.0871738536147546,0.5877526775549149,FALSE,FALSE
1993-01-07,King_Haakon,1.948991387,-0.05003762952328405,0.05003762952328405,0.5877526775549149,FALSE,FALSE
1993-01-08,King_Haakon,1.906878188,-0.0341571886791665,0.0341571886791665,0.5877526775549149,FALSE,FALSE
1993-01-09,King_Haakon,1.882018676,-0.00180488558600755,0.00180488558600755,0.5877526775549149,FALSE,FALSE
1993-01-10,King_Haakon,1.841141368,0.01364887825257676,0.01364887825257676,0.5877526775549149,FALSE,FALSE
1993-01-11,King_Haakon,1.79579165,0.02365057033297768,0.02365057033297768,0.5877526775549149,FALSE,FALSE
1993-01-12,King_Haakon,1.756109949,0.03824169915158504,0.03824169915158504,0.5877526775549149,FALSE,FALSE
1993-01-13,King_Haakon,1.713810981,0.04903806220478501,0.04903806220478501,0.5877526775549149,FALSE,FALSE
1993-01-14,King_Haakon,1.644634773,0.03168153809789809,0.03168153809789809,0.5877526775549149,FALSE,FALSE
1993-01-15,King_Haakon,1.57782806,0.01534834867041645,0.01534834867041645,0.5877526775549149,FALSE,FALSE
1993-01-16,King_Haakon,1.54050188,0.02711363979315528,0.02711363979315528,0.5877526775549149,FALSE,FALSE
1993-01-17,King_Haakon,1.509984727,0.0442722028885385,0.0442722028885385,0.5877526775549149,FALSE,FALSE
1993-01-18,King_Haakon,1.401434104,-0.01805216162101142,0.01805216162101142,0.5877526775549149,FALSE,FALSE
1993-01-19,King_Haakon,1.352097183,-0.02264598431307396,0.02264598431307396,0.5877526775549149,FALSE,FALSE
1993-01-20,King_Haakon,1.29324078,-0.03827615176522525,0.03827615176522525,0.5877526775549149,FALSE,FALSE
1993-01-21,King_Haakon,1.281476939,-0.00836432255504404,0.00836432255504404,0.5877526775549149,FALSE,FALSE
1993-01-22,King_Haakon,1.260758638,0.0110087787398927,0.0110087787398927,0.5877526775549149,FALSE,FALSE
1993-01-23,King_Haakon,1.236164385,0.02488795754200712,0.02488795754200712,0.5877526775549149,FALSE,FALSE
1993-01-24,King_Haakon,1.2185461930000001,0.04409152427371965,0.04409152427371965,0.5877526775549149,FALSE,FALSE
1993-01-25,King_Haakon,1.18524178,0.0459234943574538,0.0459234943574538,0.5877526775549149,FALSE,FALSE
1993-01-26,King_Haakon,1.13605112,0.03015013921563314,0.03015013921563314,0.5877526775549149,FALSE,FALSE
1993-01-27,King_Haakon,1.047093309,-0.02713434864978303,0.02713434864978303,0.5877526775549149,FALSE,FALSE
1993-01-28,King_Haakon,1.038068519,-0.00619513572942342,0.00619513572942342,0.5877526775549149,FALSE,FALSE
1993-01-29,King_Haakon,1.00163423,-0.01431538147728273,0.01431538147728273,0.5877526775549149,FALSE,FALSE
1993-01-30,King_Haakon,0.964523258,-0.02470282978391913,0.02470282978391913,0.5877526775549149,FALSE,FALSE
1993-01-31,King_Haakon,0.842409505,-0.12162413853989196,0.12162413853989196,0.5877526775549149,FALSE,FALSE
1993-02-01,King_Haakon,0.741989875,-0.19832296363575763,0.19832296363575763,0.5877526775549149,FALSE,FALSE
1993-02-02,King_Haakon,0.801547667,-0.11645656596207564,0.11645656596207564,0.5877526775549149,FALSE,FALSE
1993-02-03,King_Haakon,0.815460237,-0.08158814940940362,0.08158814940940362,0.5877526775549149,FALSE,FALSE
1993-02-04,King_Haakon,0.793940683,-0.08344517586830014,0.08344517586830014,0.5877526775549149,FALSE,FALSE
1993-02-05,King_Haakon,0.777696355,-0.0812608552293238,0.0812608552293238,0.5877526775549149,FALSE,FALSE
1993-02-06,King_Haakon,0.744979748,-0.0967232523830306,0.0967232523830306,0.5877526775549149,FALSE,FALSE
1993-02-07,King_Haakon,0.725585297,-0.09997849221998134,0.09997849221998134,0.5877526775549149,FALSE,FALSE
1993-02-08,King_Haakon,0.70456866,-0.10591186804552576,0.10591186804552576,0.5877526775549149,FALSE,FALSE
1993-02-09,King_Haakon,0.716738845,-0.07970699904681655,0.07970699904681655,0.5877526775549149,FALSE,FALSE
1993-02-10,King_Haakon,0.729503606,-0.05405152932875434,0.05405152932875434,0.5877526775549149,FALSE,FALSE
1993-02-11,King_Haakon,0.713698144,-0.05821780697206502,0.05821780697206502,0.5877526775549149,FALSE,FALSE
1993-02-12,King_Haakon,0.669896473,-0.09173936705747998,0.09173936705747998,0.5877526775549149,FALSE,FALSE
1993-02-13,King_Haakon,0.654569448,-0.09825290366572814,0.09825290366572814,0.5877526775549149,FALSE,FALSE
1993-02-14,King_Haakon,0.615134757,-0.13044827787753557,0.13044827787753557,0.5877526775549149,FALSE,FALSE
1993-02-15,King_Haakon,0.642612002,-0.0974134367736328,0.0974134367736328,0.5877526775549149,FALSE,FALSE
1993-02-16,King_Haakon,0.634398153,-0.10185895943474732,0.10185895943474732,0.5877526775549149,FALSE,FALSE
1993-02-17,King_Haakon,0.616637781,-0.11774782394160888,0.11774782394160888,0.5877526775549149,FALSE,FALSE
1993-02-18,King_Haakon,0.628313002,-0.10620546337494574,0.10620546337494574,0.5877526775549149,FALSE,FALSE
1993-02-19,King_Haakon,0.630298882,-0.1064643608154856,0.1064643608154856,0.5877526775549149,FALSE,FALSE
1993-02-20,King_Haakon,0.588854156,-0.1523733303439584,0.1523733303439584,0.5877526775549149,FALSE,FALSE
1993-02-21,King_Haakon,0.623733755,-0.12427456215582268,0.12427456215582268,0.5877526775549149,FALSE,FALSE
1993-02-22,King_Haakon,0.640955425,-0.11612100759068256,0.11612100759068256,0.5877526775549149,FALSE,FALSE
1993-02-23,King_Haakon,0.6390629,-0.12925552732227974,0.12925552732227974,0.5877526775549149,FALSE,FALSE
1993-02-24,King_Haakon,0.632857143,-0.14876223270283917,0.14876223270283917,0.5877526775549149,FALSE,FALSE
1993-02-25,King_Haakon,0.658153195,-0.13871115708458948,0.13871115708458948,0.5877526775549149,FALSE,FALSE
1993-02-26,King_Haakon,0.688033829,-0.1259046018197577,0.1259046018197577,0.5877526775549149,FALSE,FALSE
1993-02-27,King_Haakon,0.704656317,-0.12807036926057092,0.12807036926057092,0.5877526775549149,FALSE,FALSE
1993-02-28,King_Haakon,0.703926701,-0.14918749175925705,0.14918749175925705,0.5877526775549149,FALSE,FALSE
1993-03-01,King_Haakon,0.681712381,-0.193273643668042,0.193273643668042,0.5877526775549149,FALSE,FALSE
1993-03-02,King_Haakon,0.650868941,-0.24735831533915453,0.24735831533915453,0.5877526775549149,FALSE,FALSE
1993-03-03,King_Haakon,0.630236748,-0.29248621412482,0.29248621412482,0.5877526775549149,FALSE,FALSE
1993-03-04,King_Haakon,0.675776796,-0.27258142037726696,0.27258142037726696,0.5877526775549149,FALSE,FALSE
1993-03-05,King_Haakon,0.742301559,-0.23271653843116324,0.23271653843116324,0.5877526775549149,FALSE,FALSE
1993-03-06,King_Haakon,0.852359057,-0.15024344080224805,0.15024344080224805,0.5877526775549149,FALSE,FALSE
1993-03-07,King_Haakon,0.934724296,-0.0963352433526492,0.0963352433526492,0.5877526775549149,FALSE,FALSE
1993-03-08,King_Haakon,0.929272278,-0.1310748642416788,0.1310748642416788,0.5877526775549149,FALSE,FALSE
1993-03-09,King_Haakon,0.955672603,-0.13475062362865442,0.13475062362865442,0.5877526775549149,FALSE,FALSE
1993-03-10,King_Haakon,1.023466599,-0.09777911367289116,0.09777911367289116,0.5877526775549149,FALSE,FALSE
1993-03-11,King_Haakon,1.083681144,-0.06909137653370201,0.06909137653370201,0.5877526775549149,FALSE,FALSE
1993-03-12,King_Haakon,1.195800397,0.01083882662959734,0.01083882662959734,0.5877526775549149,FALSE,FALSE
1993-03-13,King_Haakon,1.253859789,0.03608900665769199,0.03608900665769199,0.5877526775549149,FALSE,FALSE
1993-03-14,King_Haakon,1.288653983,0.03749590639126565,0.03749590639126565,0.5877526775549149,FALSE,FALSE
1993-03-15,King_Haakon,1.337620601,0.05253922767100505,0.05253922767100505,0.5877526775549149,FALSE,FALSE
1993-03-16,King_Haakon,1.396885997,0.0773874043375935,0.0773874043375935,0.5877526775549149,FALSE,FALSE
1993-03-17,King_Haakon,1.459182012,0.10481435723171796,0.10481435723171796,0.5877526775549149,FALSE,FALSE
1993-03-18,King_Haakon,1.4975093289999999,0.10786300110716772,0.10786300110716772,0.5877526775549149,FALSE,FALSE
1993-03-19,King_Haakon,1.528192357,0.1029037707253846,0.1029037707253846,0.5877526775549149,FALSE,FALSE
1993-03-20,King_Haakon,1.533876525,0.07263208941159527,0.07263208941159527,0.5877526775549149,FALSE,FALSE
1993-03-21,King_Haakon,1.553326191,0.05586249633749896,0.05586249633749896,0.5877526775549149,FALSE,FALSE
1993-03-22,King_Haakon,1.591951044,0.05805486167479778,0.05805486167479778,0.5877526775549149,FALSE,FALSE
1993-03-23,King_Haakon,1.64362077,0.0731290525951942,0.0731290525951942,0.5877526775549149,FALSE,FALSE
1993-03-24,King_Haakon,1.721890213,0.11469009427038634,0.11469009427038634,0.5877526775549149,FALSE,FALSE
1993-03-25,King_Haakon,1.761562422,0.11759121687207896,0.11759121687207896,0.5877526775549149,FALSE,FALSE
1993-03-26,King_Haakon,1.81473718,0.13398238457196876,0.13398238457196876,0.5877526775549149,FALSE,FALSE
1993-03-27,King_Haakon,1.860165122,0.14266441354175918,0.14266441354175918,0.5877526775549149,FALSE,FALSE
1993-03-28,King_Haakon,1.869805759,0.11564699595314964,0.11564699595314964,0.5877526775549149,FALSE,FALSE
1993-03-29,King_Haakon,1.868306051,0.07762727297784422,0.07762727297784422,0.5877526775549149,FALSE,FALSE
1993-03-30,King_Haakon,1.869407486,0.04239691378754173,0.04239691378754173,0.5877526775549149,FALSE,FALSE
1993-03-31,King_Haakon,1.878458904,0.01534635839879317,0.01534635839879317,0.5877526775549149,FALSE,FALSE
1993-04-01,King_Haakon,1.88257282,-0.01641718305102046,0.01641718305102046,0.5877526775549149,FALSE,FALSE
1993-04-02,King_Haakon,1.919252454,-0.01541174106215836,0.01541174106215836,0.5877526775549149,FALSE,FALSE
1993-04-03,King_Haakon,1.964978079,-0.00517830631713156,0.00517830631713156,0.5877526775549149,FALSE,FALSE
1993-04-04,King_Haakon,2.012472891,0.00698505350155409,0.00698505350155409,0.5877526775549149,FALSE,FALSE
1993-04-05,King_Haakon,2.057637992,0.01695817671138932,0.01695817671138932,0.5877526775549149,FALSE,FALSE
1993-04-06,King_Haakon,2.093208237,0.01745465462986217,0.01745465462986217,0.5877526775549149,FALSE,FALSE
1993-04-07,King_Haakon,2.109439743,-0.00129065942553019,0.00129065942553019,0.5877526775549149,FALSE,FALSE
1993-04-08,King_Haakon,2.160317388,0.01468584886270107,0.01468584886270107,0.5877526775549149,FALSE,FALSE
1993-04-09,King_Haakon,2.236331124,0.05585286781204823,0.05585286781204823,0.5877526775549149,FALSE,FALSE
1993-04-10,King_Haakon,2.287923846,0.0726320287399993,0.0726320287399993,0.5877526775549149,FALSE,FALSE
1993-04-11,King_Haakon,2.324014955,0.07392146896405061,0.07392146896405061,0.5877526775549149,FALSE,FALSE
1993-04-12,King_Haakon,2.386305633,0.10140127184790426,0.10140127184790426,0.5877526775549149,FALSE,FALSE
1993-04-13,King_Haakon,2.416219524,0.09648574563740508,0.09648574563740508,0.5877526775549149,FALSE,FALSE
1993-04-14,King_Haakon,2.436633095,0.08206141258409039,0.08206141258409039,0.5877526775549149,FALSE,FALSE
1993-04-15,King_Haakon,2.451030161,0.06162395414623845,0.06162395414623845,0.5877526775549149,FALSE,FALSE
1993-04-16,King_Haakon,2.465840752,0.04161526678212368,0.04161526678212368,0.5877526775549149,FALSE,FALSE
1993-04-17,King_Haakon,2.43289068,-0.02612697104998096,0.02612697104998096,0.5877526775549149,FALSE,FALSE
1993-04-18,King_Haakon,2.392727018,-0.10104381989179644,0.10104381989179644,0.5877526775549149,FALSE,FALSE
1993-04-19,King_Haakon,2.377598836,-0.1508743432850479,0.1508743432850479,0.5877526775549149,FALSE,FALSE
1993-04-20,King_Haakon,2.376811531,-0.1863012777714621,0.1863012777714621,0.5877526775549149,FALSE,FALSE
1993-04-21,King_Haakon,2.382691051,-0.214986808892764,0.214986808892764,0.5877526775549149,FALSE,FALSE
1993-04-22,King_Haakon,2.427897253,-0.20425921319067708,0.20425921319067708,0.5877526775549149,FALSE,FALSE
1993-04-23,King_Haakon,2.458033006,-0.20850375520692663,0.20850375520692663,0.5877526775549149,FALSE,FALSE
1993-04-24,King_Haakon,2.493725494,-0.207081384483236,0.207081384483236,0.5877526775549149,FALSE,FALSE
1993-04-25,King_Haakon,2.509650338,-0.22530268483312277,0.22530268483312277,0.5877526775549149,FALSE,FALSE
1993-04-26,King_Haakon,2.542929267,-0.22601381404633616,0.22601381404633616,0.5877526775549149,FALSE,FALSE
1993-04-27,King_Haakon,2.609158874,-0.19357594326555283,0.19357594326555283,0.5877526775549149,FALSE,FALSE
1993-04-28,King_Haakon,2.708360709,-0.12792518000254516,0.12792518000254516,0.5877526775549149,FALSE,FALSE
1993-04-29,King_Haakon,2.762292483,-0.10726147076908,0.10726147076908,0.5877526775549149,FALSE,FALSE
1993-04-30,King_Haakon,2.813318483,-0.08917818607693517,0.08917818607693517,0.5877526775549149,FALSE,FALSE
1993-05-01,King_Haakon,2.845165316,-0.08990637643787425,0.08990637643787425,0.5877526775549149,FALSE,FALSE
1993-05-02,King_Haakon,2.871675789,-0.09556089236367347,0.09556089236367347,0.5877526775549149,FALSE,FALSE
1993-05-03,King_Haakon,2.861402908,-0.13754638536610075,0.13754638536610075,0.5877526775549149,FALSE,FALSE
1993-05-04,King_Haakon,2.877330318,-0.15283686795692786,0.15283686795692786,0.5877526775549149,FALSE,FALSE
1993-05-05,King_Haakon,2.898708046,-0.16213997064792451,0.16213997064792451,0.5877526775549149,FALSE,FALSE
1993-05-06,King_Haakon,2.91946837,-0.17148107295086443,0.17148107295086443,0.5877526775549149,FALSE,FALSE
1993-05-07,King_Haakon,2.930994988,-0.18943415555192988,0.18943415555192988,0.5877526775549149,FALSE,FALSE
1993-05-08,King_Haakon,2.923035943,-0.22622065920440537,0.22622065920440537,0.5877526775549149,FALSE,FALSE
1993-05-09,King_Haakon,2.930628361,-0.2468043605229284,0.2468043605229284,0.5877526775549149,FALSE,FALSE
1993-05-10,King_Haakon,2.948963049,-0.2560005246569954,0.2560005246569954,0.5877526775549149,FALSE,FALSE
1993-05-11,King_Haakon,2.969763279,-0.2620919517561071,0.2620919517561071,0.5877526775549149,FALSE,FALSE
1993-05-12,King_Haakon,3.057686875,-0.2004268899697577,0.2004268899697577,0.5877526775549149,FALSE,FALSE
1993-05-13,King_Haakon,3.098344952,-0.1854002964474466,0.1854002964474466,0.5877526775549149,FALSE,FALSE
1993-05-14,King_Haakon,3.138684132,-0.17007162133867393,0.17007162133867393,0.5877526775549149,FALSE,FALSE
1993-05-15,King_Haakon,3.16319842,-0.16995293179293336,0.16995293179293336,0.5877526775549149,FALSE,FALSE
1993-05-16,King_Haakon,3.216263404,-0.1406747119597278,0.1406747119597278,0.5877526775549149,FALSE,FALSE
1993-05-17,King_Haakon,3.270283492,-0.1098386259885502,0.1098386259885502,0.5877526775549149,FALSE,FALSE
1993-05-18,King_Haakon,3.332464494,-0.07024493602890303,0.07024493602890303,0.5877526775549149,FALSE,FALSE
1993-05-19,King_Haakon,3.355113924,-0.06959220023028134,0.06959220023028134,0.5877526775549149,FALSE,FALSE
1993-05-20,King_Haakon,3.382650613,-0.0634692378822419,0.0634692378822419,0.5877526775549149,FALSE,FALSE
1993-05-21,King_Haakon,3.378273727,-0.08871333009217874,0.08871333009217874,0.5877526775549149,FALSE,FALSE
1993-05-22,King_Haakon,3.382824767,-0.10454458228039298,0.10454458228039298,0.5877526775549149,FALSE,FALSE
1993-05-23,King_Haakon,3.394708907,-0.11262027334513336,0.11262027334513336,0.5877526775549149,FALSE,FALSE
1993-05-24,King_Haakon,3.392047796,-0.13488120718465302,0.13488120718465302,0.5877526775549149,FALSE,FALSE
1993-05-25,King_Haakon,3.40771399,-0.1385172806972017,0.1385172806972017,0.5877526775549149,FALSE,FALSE
1993-05-26,King_Haakon,3.3891698200000002,-0.17612861578103223,0.17612861578103223,0.5877526775549149,FALSE,FALSE
1993-05-27,King_Haakon,3.361114847,-0.223078104334395,0.223078104334395,0.5877526775549149,FALSE,FALSE
1993-05-28,King_Haakon,3.369519008,-0.2334582622555428,0.2334582622555428,0.5877526775549149,FALSE,FALSE
1993-05-29,King_Haakon,3.388793849,-0.23291999644272643,0.23291999644272643,0.5877526775549149,FALSE,FALSE
1993-05-30,King_Haakon,3.380809423,-0.25965570679419425,0.25965570679419425,0.5877526775549149,FALSE,FALSE
1993-05-31,King_Haakon,3.379260986,-0.2800325902082057,0.2800325902082057,0.5877526775549149,FALSE,FALSE
1993-06-01,King_Haakon,3.368443548,-0.3098180895830036,0.3098180895830036,0.5877526775549149,FALSE,FALSE
1993-06-02,King_Haakon,3.365764652,-0.33165326246411997,0.33165326246411997,0.5877526775549149,FALSE,FALSE
1993-06-03,King_Haakon,3.367992043,-0.34875751161965285,0.34875751161965285,0.5877526775549149,FALSE,FALSE
1993-06-04,King_Haakon,3.362525117,-0.3737015535537611,0.3737015535537611,0.5877526775549149,FALSE,FALSE
1993-06-05,King_Haakon,3.378724393,-0.37709498113957585,0.37709498113957585,0.5877526775549149,FALSE,FALSE
1993-06-06,King_Haakon,3.487465487,-0.28803229025022103,0.28803229025022103,0.5877526775549149,FALSE,FALSE
1993-06-07,King_Haakon,3.520616769,-0.2746152227588179,0.2746152227588179,0.5877526775549149,FALSE,FALSE
1993-06-08,King_Haakon,3.506824699,-0.3081674305385027,0.3081674305385027,0.5877526775549149,FALSE,FALSE
1993-06-09,King_Haakon,3.501261537,-0.33348676546239986,0.33348676546239986,0.5877526775549149,FALSE,FALSE
1993-06-10,King_Haakon,3.527279886,-0.32719073640363616,0.32719073640363616,0.5877526775549149,FALSE,FALSE
1993-06-11,King_Haakon,3.556820357,-0.31730884423533734,0.31730884423533734,0.5877526775549149,FALSE,FALSE
1993-06-12,King_Haakon,3.607813382,-0.2858807688306304,0.2858807688306304,0.5877526775549149,FALSE,FALSE
1993-06-13,King_Haakon,3.644261748,-0.2688738350626463,0.2688738350626463,0.5877526775549149,FALSE,FALSE
1993-06-14,King_Haakon,3.632136407,-0.30028732275529846,0.30028732275529846,0.5877526775549149,FALSE,FALSE
1993-06-15,King_Haakon,3.586178895,-0.3653552156608173,0.3653552156608173,0.5877526775549149,FALSE,FALSE
1993-06-16,King_Haakon,3.544029599,-0.42641990080555425,0.42641990080555425,0.5877526775549149,FALSE,FALSE
1993-06-17,King_Haakon,3.52038099,-0.4687722068004092,0.4687722068004092,0.5877526775549149,FALSE,FALSE
1993-06-18,King_Haakon,3.581163138,-0.4264653632562645,0.4264653632562645,0.5877526775549149,FALSE,FALSE
1993-06-19,King_Haakon,3.588551998,-0.4373067147840155,0.4373067147840155,0.5877526775549149,FALSE,FALSE
1993-06-20,King_Haakon,3.585532639,-0.4582944919945451,0.4582944919945451,0.5877526775549149,FALSE,FALSE
1993-06-21,King_Haakon,3.584230763,-0.4772862924987509,0.4772862924987509,0.5877526775549149,FALSE,FALSE
1993-06-22,King_Haakon,3.584897808,-0.4940139779075192,0.4940139779075192,0.5877526775549149,FALSE,FALSE
1993-06-23,King_Haakon,3.585372928,-0.5106216938317418,0.5106216938317418,0.5877526775549149,FALSE,FALSE
1993-06-24,King_Haakon,3.589992894,-0.522755968882306,0.522755968882306,0.5877526775549149,FALSE,FALSE
1993-06-25,King_Haakon,3.580709308,-0.5484485006701045,0.5484485006701045,0.5877526775549149,FALSE,FALSE
1993-06-26,King_Haakon,3.568415962,-0.5767887968060266,0.5767887968060266,0.5877526775549149,FALSE,FALSE
1993-06-27,King_Haakon,3.555934196,-0.6049431543382209,0.6049431543382209,0.5877526775549149,TRUE,FALSE
1993-06-28,King_Haakon,3.573257499,-0.6029384971824556,0.6029384971824556,0.5877526775549149,TRUE,FALSE
1993-06-29,King_Haakon,3.619953969,-0.5712421168367889,0.5712421168367889,0.5877526775549149,FALSE,FALSE
1993-06-30,King_Haakon,3.652201602,-0.5537114838015311,0.5537114838015311,0.5877526775549149,FALSE,FALSE
1993-07-01,King_Haakon,3.695565357,-0.5248171055769899,0.5248171055769899,0.5877526775549149,FALSE,FALSE
1993-07-02,King_Haakon,3.718769182,-0.515870500663473,0.515870500663473,0.5877526775549149,FALSE,FALSE
1993-07-03,King_Haakon,3.716439194,-0.5322810185612963,0.5322810185612963,0.5877526775549149,FALSE,FALSE
1993-07-04,King_Haakon,3.797564457,-0.4650950617707661,0.4650950617707661,0.5877526775549149,FALSE,FALSE
1993-07-05,King_Haakon,3.83422851,-0.44226455779219176,0.44226455779219176,0.5877526775549149,FALSE,FALSE
1993-07-06,King_Haakon,3.87537527,-0.4148810561258855,0.4148810561258855,0.5877526775549149,FALSE,FALSE
1993-07-07,King_Haakon,3.921253217,-0.3827315432721527,0.3827315432721527,0.5877526775549149,FALSE,FALSE
1993-07-08,King_Haakon,3.973776364,-0.3439374727313087,0.3439374727313087,0.5877526775549149,FALSE,FALSE
1993-07-09,King_Haakon,4.051007766,-0.2804711648001774,0.2804711648001774,0.5877526775549149,FALSE,FALSE
1993-07-10,King_Haakon,4.101845497,-0.24345218212060704,0.24345218212060704,0.5877526775549149,FALSE,FALSE
1993-07-11,King_Haakon,4.125863296,-0.23328560174129187,0.23328560174129187,0.5877526775549149,FALSE,FALSE
1993-07-12,King_Haakon,4.17746493,-0.19554133533701812,0.19554133533701812,0.5877526775549149,FALSE,FALSE
1993-07-13,King_Haakon,4.18992633,-0.1969171305825821,0.1969171305825821,0.5877526775549149,FALSE,FALSE
1993-07-14,King_Haakon,4.157577556,-0.24305660615276192,0.24305660615276192,0.5877526775549149,FALSE,FALSE
1993-07-15,King_Haakon,4.15881095,-0.2555410987223512,0.2555410987223512,0.5877526775549149,FALSE,FALSE
1993-07-16,King_Haakon,4.14031824,-0.2876525589661387,0.2876525589661387,0.5877526775549149,FALSE,FALSE
1993-07-17,King_Haakon,4.125127772,-0.31633631955890973,0.31633631955890973,0.5877526775549149,FALSE,FALSE
1993-07-18,King_Haakon,4.132095676,-0.32270992917545893,0.32270992917545893,0.5877526775549149,FALSE,FALSE
1993-07-19,King_Haakon,4.16017071,-0.30779830849056733,0.30779830849056733,0.5877526775549149,FALSE,FALSE
1993-07-20,King_Haakon,4.201850445,-0.27907756517902715,0.27907756517902715,0.5877526775549149,FALSE,FALSE
1993-07-21,King_Haakon,4.20875632,-0.28489993891562726,0.28489993891562726,0.5877526775549149,FALSE,FALSE
1993-07-22,King_Haakon,4.210221172,-0.29590727308441966,0.29590727308441966,0.5877526775549149,FALSE,FALSE
1993-07-23,King_Haakon,4.218407215,-0.29992585995891474,0.29992585995891474,0.5877526775549149,FALSE,FALSE
1993-07-24,King_Haakon,4.221575435,-0.3086932980521384,0.3086932980521384,0.5877526775549149,FALSE,FALSE
1993-07-25,King_Haakon,4.231752392,-0.31018184049080144,0.31018184049080144,0.5877526775549149,FALSE,FALSE
1993-07-26,King_Haakon,4.275369711,-0.27795867540162167,0.27795867540162167,0.5877526775549149,FALSE,FALSE
1993-07-27,King_Haakon,4.332290392,-0.23215961591130885,0.23215961591130885,0.5877526775549149,FALSE,FALSE
1993-07-28,King_Haakon,4.369641303,-0.20565660714657685,0.20565660714657685,0.5877526775549149,FALSE,FALSE
1993-07-29,King_Haakon,4.390796076,-0.1950748302341427,0.1950748302341427,0.5877526775549149,FALSE,FALSE
1993-07-30,King_Haakon,4.423458857,-0.17270895230071392,0.17270895230071392,0.5877526775549149,FALSE,FALSE
1993-07-31,King_Haakon,4.443776107,-0.16241132547301085,0.16241132547301085,0.5877526775549149,FALSE,FALSE
1993-08-01,King_Haakon,4.444725844,-0.1712027448777409,0.1712027448777409,0.5877526775549149,FALSE,FALSE
1993-08-02,King_Haakon,4.468043843,-0.15734624864161972,0.15734624864161972,0.5877526775549149,FALSE,FALSE
1993-08-03,King_Haakon,4.47643076,-0.15813999371766396,0.15813999371766396,0.5877526775549149,FALSE,FALSE
1993-08-04,King_Haakon,4.463475359,-0.17998933990105037,0.17998933990105037,0.5877526775549149,FALSE,FALSE
1993-08-05,King_Haakon,4.447588642,-0.20446049338331385,0.20446049338331385,0.5877526775549149,FALSE,FALSE
1993-08-06,King_Haakon,4.415315952,-0.24498150633210347,0.24498150633210347,0.5877526775549149,FALSE,FALSE
1993-08-07,King_Haakon,4.380256711,-0.2879263519150683,0.2879263519150683,0.5877526775549149,FALSE,FALSE
1993-08-08,King_Haakon,4.361390261,-0.3142890832998546,0.3142890832998546,0.5877526775549149,FALSE,FALSE
1993-08-09,King_Haakon,4.375905927,-0.30685377065411235,0.30685377065411235,0.5877526775549149,FALSE,FALSE
1993-08-10,King_Haakon,4.392523058,-0.29687446014548957,0.29687446014548957,0.5877526775549149,FALSE,FALSE
1993-08-11,King_Haakon,4.422210519,-0.27335568194163695,0.27335568194163695,0.5877526775549149,FALSE,FALSE
1993-08-12,King_Haakon,4.430587517,-0.27065162421020084,0.27065162421020084,0.5877526775549149,FALSE,FALSE
1993-08-13,King_Haakon,4.459089501,-0.2473002331188301,0.2473002331188301,0.5877526775549149,FALSE,FALSE
1993-08-14,King_Haakon,4.525463085,-0.18552828983517244,0.18552828983517244,0.5877526775549149,FALSE,FALSE
1993-08-15,King_Haakon,4.556500532,-0.15851692652687532,0.15851692652687532,0.5877526775549149,FALSE,FALSE
1993-08-16,King_Haakon,4.552576434,-0.16586688302595842,0.16586688302595842,0.5877526775549149,FALSE,FALSE
1993-08-17,King_Haakon,4.490349673,-0.23095217137787127,0.23095217137787127,0.5877526775549149,FALSE,FALSE
1993-08-18,King_Haakon,4.432616758,-0.29107506112111814,0.29107506112111814,0.5877526775549149,FALSE,FALSE
1993-08-19,King_Haakon,4.452253571,-0.273462059434717,0.273462059434717,0.5877526775549149,FALSE,FALSE
1993-08-20,King_Haakon,4.427054027,-0.3004216404976958,0.3004216404976958,0.5877526775549149,FALSE,FALSE
1993-08-21,King_Haakon,4.357003434,-0.37207088548906686,0.37207088548906686,0.5877526775549149,FALSE,FALSE
1993-08-22,King_Haakon,4.309645137,-0.4209688385878607,0.4209688385878607,0.5877526775549149,FALSE,FALSE
1993-08-23,King_Haakon,4.308175359,-0.424021665973096,0.424021665973096,0.5877526775549149,FALSE,FALSE
1993-08-24,King_Haakon,4.285075732,-0.44885012482379416,0.44885012482379416,0.5877526775549149,FALSE,FALSE
1993-08-25,King_Haakon,4.285990811,-0.44991204931897943,0.44991204931897943,0.5877526775549149,FALSE,FALSE
1993-08-26,King_Haakon,4.348418081,-0.38981234363767303,0.38981234363767303,0.5877526775549149,FALSE,FALSE
1993-08-27,King_Haakon,4.389316154,-0.35169478495889717,0.35169478495889717,0.5877526775549149,FALSE,FALSE
1993-08-28,King_Haakon,4.391470851,-0.35287594146167134,0.35287594146167134,0.5877526775549149,FALSE,FALSE
1993-08-29,King_Haakon,4.423157522,-0.3251614925126445,0.3251614925126445,0.5877526775549149,FALSE,FALSE
1993-08-30,King_Haakon,4.464033144,-0.2888456720322141,0.2888456720322141,0.5877526775549149,FALSE,FALSE
1993-08-31,King_Haakon,4.539496448,-0.2184321830149898,0.2184321830149898,0.5877526775549149,FALSE,FALSE
1993-09-01,King_Haakon,4.553357718,-0.21001308796579551,0.21001308796579551,0.5877526775549149,FALSE,FALSE
1993-09-02,King_Haakon,4.556673544,-0.21243414338945232,0.21243414338945232,0.5877526775549149,FALSE,FALSE
1993-09-03,King_Haakon,4.560152137,-0.2148894847907767,0.2148894847907767,0.5877526775549149,FALSE,FALSE
1993-09-04,King_Haakon,4.58033336,-0.20074159567459215,0.20074159567459215,0.5877526775549149,FALSE,FALSE
1993-09-05,King_Haakon,4.611304202,-0.17580583354571466,0.17580583354571466,0.5877526775549149,FALSE,FALSE
1993-09-06,King_Haakon,4.618633669,-0.17441553890897232,0.17441553890897232,0.5877526775549149,FALSE,FALSE
1993-09-07,King_Haakon,4.624114032,-0.17468078726917646,0.17468078726917646,0.5877526775549149,FALSE,FALSE
1993-09-08,King_Haakon,4.623849041,-0.1804001751311537,0.1804001751311537,0.5877526775549149,FALSE,FALSE
1993-09-09,King_Haakon,4.59824067,-0.21107407499972553,0.21107407499972553,0.5877526775549149,FALSE,FALSE
1993-09-10,King_Haakon,4.594636276,-0.21925791036893735,0.21925791036893735,0.5877526775549149,FALSE,FALSE
1993-09-11,King_Haakon,4.596369619,-0.2215619010424561,0.2215619010424561,0.5877526775549149,FALSE,FALSE
1993-09-12,King_Haakon,4.6213534,-0.20009188042690695,0.20009188042690695,0.5877526775549149,FALSE,FALSE
1993-09-13,King_Haakon,4.625254116,-0.1992077358786339,0.1992077358786339,0.5877526775549149,FALSE,FALSE
1993-09-14,King_Haakon,4.618030705,-0.2089769137539763,0.2089769137539763,0.5877526775549149,FALSE,FALSE
1993-09-15,King_Haakon,4.59614057,-0.23296839540928535,0.23296839540928535,0.5877526775549149,FALSE,FALSE
1993-09-16,King_Haakon,4.601541653,-0.2292506232009055,0.2292506232009055,0.5877526775549149,FALSE,FALSE
1993-09-17,King_Haakon,4.612140019,-0.2199439164851764,0.2199439164851764,0.5877526775549149,FALSE,FALSE
1993-09-18,King_Haakon,4.635170416,-0.19783991161845016,0.19783991161845016,0.5877526775549149,FALSE,FALSE
1993-09-19,King_Haakon,4.632422895,-0.2011749419570679,0.2011749419570679,0.5877526775549149,FALSE,FALSE
1993-09-20,King_Haakon,4.620867435,-0.2130054128573775,0.2130054128573775,0.5877526775549149,FALSE,FALSE
1993-09-21,King_Haakon,4.608492281,-0.2253694636757189,0.2253694636757189,0.5877526775549149,FALSE,FALSE
1993-09-22,King_Haakon,4.599723318,-0.2338675937684425,0.2338675937684425,0.5877526775549149,FALSE,FALSE
1993-09-23,King_Haakon,4.603686472,-0.22940046567698769,0.22940046567698769,0.5877526775549149,FALSE,FALSE
1993-09-24,King_Haakon,4.586373923,-0.2460046739739754,0.2460046739739754,0.5877526775549149,FALSE,FALSE
1993-09-25,King_Haakon,4.587393966,-0.24410202431214945,0.24410202431214945,0.5877526775549149,FALSE,FALSE
1993-09-26,King_Haakon,4.5608536,-0.2696156369506033,0.2696156369506033,0.5877526775549149,FALSE,FALSE
1993-09-27,King_Haakon,4.532368989,-0.2969594671484508,0.2969594671484508,0.5877526775549149,FALSE,FALSE
1993-09-28,King_Haakon,4.511314071,-0.3167896961647907,0.3167896961647907,0.5877526775549149,FALSE,FALSE
1993-09-29,King_Haakon,4.48151753,-0.34530775925873325,0.34530775925873325,0.5877526775549149,FALSE,FALSE
1993-09-30,King_Haakon,4.469783139,-0.35574000268937933,0.35574000268937933,0.5877526775549149,FALSE,FALSE
1993-10-01,King_Haakon,4.48337163,-0.34085581371583373,0.34085581371583373,0.5877526775549149,FALSE,FALSE
1993-10-02,King_Haakon,4.511328362,-0.3116399525972007,0.3116399525972007,0.5877526775549149,FALSE,FALSE
1993-10-03,King_Haakon,4.505463538,-0.3163123355925892,0.3163123355925892,0.5877526775549149,FALSE,FALSE
1993-10-04,King_Haakon,4.495030422,-0.32564981796109826,0.32564981796109826,0.5877526775549149,FALSE,FALSE
1993-10-05,King_Haakon,4.509165221,-0.31054629367800146,0.31054629367800146,0.5877526775549149,FALSE,FALSE
1993-10-06,King_Haakon,4.573413502,-0.24546418005306503,0.24546418005306503,0.5877526775549149,FALSE,FALSE
1993-10-07,King_Haakon,4.582193693,-0.2359279761342048,0.2359279761342048,0.5877526775549149,FALSE,FALSE
1993-10-08,King_Haakon,4.59016312,-0.2272113808715739,0.2272113808715739,0.5877526775549149,FALSE,FALSE
1993-10-09,King_Haakon,4.638924666,-0.17764253621532422,0.17764253621532422,0.5877526775549149,FALSE,FALSE
1993-10-10,King_Haakon,4.663353585,-0.15227721311560494,0.15227721311560494,0.5877526775549149,FALSE,FALSE
1993-10-11,King_Haakon,4.656812914,-0.15768339952257726,0.15768339952257726,0.5877526775549149,FALSE,FALSE
1993-10-12,King_Haakon,4.647361754,-0.16573301938638796,0.16573301938638796,0.5877526775549149,FALSE,FALSE
1993-10-13,King_Haakon,4.590938592,-0.22041861065719104,0.22041861065719104,0.5877526775549149,FALSE,FALSE
1993-10-14,King_Haakon,4.556375187,-0.25283943928513786,0.25283943928513786,0.5877526775549149,FALSE,FALSE
1993-10-15,King_Haakon,4.505183358,-0.3014147112203833,0.3014147112203833,0.5877526775549149,FALSE,FALSE
1993-10-16,King_Haakon,4.482065728,-0.32137282841308057,0.32137282841308057,0.5877526775549149,FALSE,FALSE
1993-10-17,King_Haakon,4.441337066,-0.3583300468133812,0.3583300468133812,0.5877526775549149,FALSE,FALSE
1993-10-18,King_Haakon,4.386313618,-0.4089038804211595,0.4089038804211595,0.5877526775549149,FALSE,FALSE
1993-10-19,King_Haakon,4.332385205,-0.4576963598820471,0.4576963598820471,0.5877526775549149,FALSE,FALSE
1993-10-20,King_Haakon,4.296853822,-0.4874528783431824,0.4874528783431824,0.5877526775549149,FALSE,FALSE
1993-10-21,King_Haakon,4.274975608,-0.5029669086484354,0.5029669086484354,0.5877526775549149,FALSE,FALSE
1993-10-22,King_Haakon,4.227388642,-0.5436499836416733,0.5436499836416733,0.5877526775549149,FALSE,FALSE
1993-10-23,King_Haakon,4.182101334,-0.5815433051667664,0.5815433051667664,0.5877526775549149,FALSE,FALSE
1993-10-24,King_Haakon,4.171474831,-0.5843353380675804,0.5843353380675804,0.5877526775549149,FALSE,FALSE
1993-10-25,King_Haakon,4.142849454,-0.604735373187979,0.604735373187979,0.5877526775549149,TRUE,FALSE
1993-10-26,King_Haakon,4.144376065,-0.5946421603718335,0.5946421603718335,0.5877526775549149,TRUE,FALSE
1993-10-27,King_Haakon,4.167900689,-0.5622592864630134,0.5622592864630134,0.5877526775549149,FALSE,FALSE
1993-10-28,King_Haakon,4.21167717,-0.509382519305384,0.509382519305384,0.5877526775549149,FALSE,FALSE
1993-10-29,King_Haakon,4.254739099,-0.4570278797428155,0.4570278797428155,0.5877526775549149,FALSE,FALSE
1993-10-30,King_Haakon,4.287367928,-0.4149635276191699,0.4149635276191699,0.5877526775549149,FALSE,FALSE
1993-10-31,King_Haakon,4.290463332,-0.40232523870490855,0.40232523870490855,0.5877526775549149,FALSE,FALSE
1993-11-01,King_Haakon,4.291852748,-0.39125132289220055,0.39125132289220055,0.5877526775549149,FALSE,FALSE
1993-11-02,King_Haakon,4.274228753,-0.3989935397504176,0.3989935397504176,0.5877526775549149,FALSE,FALSE
1993-11-03,King_Haakon,4.249003902,-0.41408366509327,0.41408366509327,0.5877526775549149,FALSE,FALSE
1993-11-04,King_Haakon,4.284314673,-0.3683295517344787,0.3683295517344787,0.5877526775549149,FALSE,FALSE
1993-11-05,King_Haakon,4.30960196,-0.332234636487752,0.332234636487752,0.5877526775549149,FALSE,FALSE
1993-11-06,King_Haakon,4.3278308,-0.3027782131668104,0.3027782131668104,0.5877526775549149,FALSE,FALSE
1993-11-07,King_Haakon,4.299952509,-0.31895329658536564,0.31895329658536564,0.5877526775549149,FALSE,FALSE
1993-11-08,King_Haakon,4.276674511,-0.32999679355713063,0.32999679355713063,0.5877526775549149,FALSE,FALSE
1993-11-09,King_Haakon,4.286520101,-0.30732973989582213,0.30732973989582213,0.5877526775549149,FALSE,FALSE
1993-11-10,King_Haakon,4.267361937,-0.31302380841515376,0.31302380841515376,0.5877526775549149,FALSE,FALSE
1993-11-11,King_Haakon,4.254169032,-0.3120543169288439,0.3120543169288439,0.5877526775549149,FALSE,FALSE
1993-11-12,King_Haakon,4.258451835,-0.292854846165568,0.292854846165568,0.5877526775549149,FALSE,FALSE
1993-11-13,King_Haakon,4.26147896,-0.2740841561309342,0.2740841561309342,0.5877526775549149,FALSE,FALSE
1993-11-14,King_Haakon,4.304031164,-0.214863826803362,0.214863826803362,0.5877526775549149,FALSE,FALSE
1993-11-15,King_Haakon,4.313711797,-0.18749078001900443,0.18749078001900443,0.5877526775549149,FALSE,FALSE
1993-11-16,King_Haakon,4.324329002,-0.1580571446140162,0.1580571446140162,0.5877526775549149,FALSE,FALSE
1993-11-17,King_Haakon,4.298796503,-0.16354946842455576,0.16354946842455576,0.5877526775549149,FALSE,FALSE
1993-11-18,King_Haakon,4.292314745,-0.14866757828677812,0.14866757828677812,0.5877526775549149,FALSE,FALSE
1993-11-19,King_Haakon,4.278583856,-0.13961161803683897,0.13961161803683897,0.5877526775549149,FALSE,FALSE
1993-11-20,King_Haakon,4.253395388,-0.14049030751089564,0.14049030751089564,0.5877526775549149,FALSE,FALSE
1993-11-21,King_Haakon,4.225357542,-0.14259571754510247,0.14259571754510247,0.5877526775549149,FALSE,FALSE
1993-11-22,King_Haakon,4.192044973,-0.14825346497561753,0.14825346497561753,0.5877526775549149,FALSE,FALSE
1993-11-23,King_Haakon,4.175329089,-0.1354924136385911,0.1354924136385911,0.5877526775549149,FALSE,FALSE
1993-11-24,King_Haakon,4.126680748,-0.15274197737018724,0.15274197737018724,0.5877526775549149,FALSE,FALSE
1993-11-25,King_Haakon,4.116097746,-0.12992197965189511,0.12992197965189511,0.5877526775549149,FALSE,FALSE
1993-11-26,King_Haakon,4.085545498,-0.12513134844298524,0.12513134844298524,0.5877526775549149,FALSE,FALSE
1993-11-27,King_Haakon,4.01843943,-0.15509277707119562,0.15509277707119562,0.5877526775549149,FALSE,FALSE
1993-11-28,King_Haakon,3.954559986,-0.18016449967740877,0.18016449967740877,0.5877526775549149,FALSE,FALSE
1993-11-29,King_Haakon,3.892800061,-0.2015922994025043,0.2015922994025043,0.5877526775549149,FALSE,FALSE
1993-11-30,King_Haakon,3.84684532,-0.2058291893873614,0.2058291893873614,0.5877526775549149,FALSE,FALSE
1993-12-01,King_Haakon,3.793311363,-0.2163982477728661,0.2163982477728661,0.5877526775549149,FALSE,FALSE
1993-12-02,King_Haakon,3.686131426,-0.27950491669989397,0.27950491669989397,0.5877526775549149,FALSE,FALSE
1993-12-03,King_Haakon,3.629735346,-0.2908580373093286,0.2908580373093286,0.5877526775549149,FALSE,FALSE
1993-12-04,King_Haakon,3.575942031,-0.2987773797420519,0.2987773797420519,0.5877526775549149,FALSE,FALSE
1993-12-05,King_Haakon,3.502566187,-0.32558691613894286,0.32558691613894286,0.5877526775549149,FALSE,FALSE
1993-12-06,King_Haakon,3.42861165,-0.3524214886408843,0.3524214886408843,0.5877526775549149,FALSE,FALSE
1993-12-07,King_Haakon,3.381922251,-0.35157578323871785,0.35157578323871785,0.5877526775549149,FALSE,FALSE
1993-12-08,King_Haakon,3.351794076,-0.3338422047949088,0.3338422047949088,0.5877526775549149,FALSE,FALSE
1993-12-09,King_Haakon,3.273817972,-0.36359775251879567,0.36359775251879567,0.5877526775549149,FALSE,FALSE
1993-12-10,King_Haakon,3.27448394,-0.31430244971478594,0.31430244971478594,0.5877526775549149,FALSE,FALSE
1993-12-11,King_Haakon,3.189388811,-0.35030948968729536,0.35030948968729536,0.5877526775549149,FALSE,FALSE
1993-12-12,King_Haakon,3.166048225,-0.3240532567407355,0.3240532567407355,0.5877526775549149,FALSE,FALSE
1993-12-13,King_Haakon,3.112227188,-0.32771876917951737,0.32771876917951737,0.5877526775549149,FALSE,FALSE
1993-12-14,King_Haakon,3.072431991,-0.3167497603080536,0.3167497603080536,0.5877526775549149,FALSE,FALSE
1993-12-15,King_Haakon,3.018408514,-0.31935037443075664,0.31935037443075664,0.5877526775549149,FALSE,FALSE
1993-12-16,King_Haakon,2.957094418,-0.32853297485203736,0.32853297485203736,0.5877526775549149,FALSE,FALSE
1993-12-17,King_Haakon,2.881658416,-0.3510788728763088,0.3510788728763088,0.5877526775549149,FALSE,FALSE
1993-12-18,King_Haakon,2.795522477,-0.3835161238079814,0.3835161238079814,0.5877526775549149,FALSE,FALSE
1993-12-19,King_Haakon,2.785640773,-0.3388405799514693,0.3388405799514693,0.5877526775549149,FALSE,FALSE
1993-12-20,King_Haakon,2.732884774,-0.3361351906460528,0.3361351906460528,0.5877526775549149,FALSE,FALSE
1993-12-21,King_Haakon,2.673504548,-0.33917380120395135,0.33917380120395135,0.5877526775549149,FALSE,FALSE
1993-12-22,King_Haakon,2.648159136,-0.30737675548579224,0.30737675548579224,0.5877526775549149,FALSE,FALSE
1993-12-23,King_Haakon,2.63454872,-0.26312480217355505,0.26312480217355505,0.5877526775549149,FALSE,FALSE
1993-12-24,King_Haakon,2.579593799,-0.2595783729492189,0.2595783729492189,0.5877526775549149,FALSE,FALSE
1993-12-25,King_Haakon,2.521035213,-0.2590775584947531,0.2590775584947531,0.5877526775549149,FALSE,FALSE
1993-12-26,King_Haakon,2.511097429,-0.2094788224921369,0.2094788224921369,0.5877526775549149,FALSE,FALSE
1993-12-27,King_Haakon,2.506207889,-0.15443565362334777,0.15443565362334777,0.5877526775549149,FALSE,FALSE
1993-12-28,King_Haakon,2.41104904,-0.1893465355703654,0.1893465355703654,0.5877526775549149,FALSE,FALSE
1993-12-29,King_Haakon,2.408237721,-0.13167556001515646,0.13167556001515646,0.5877526775549149,FALSE,FALSE
1993-12-30,King_Haakon,2.377310983,-0.10196660663970604,0.10196660663970604,0.5877526775549149,FALSE,FALSE
1993-12-31,King_Haakon,2.347595105,-0.07097432712598373,0.07097432712598373,0.5877526775549149,FALSE,FALSE
1994-01-01,King_Haakon,2.312411177,-0.04545856215597332,0.04545856215597332,0.5877526775549149,FALSE,FALSE
1994-01-02,King_Haakon,2.283108413,-0.01415402638191576,0.01415402638191576,0.5877526775549149,FALSE,FALSE
1994-01-03,King_Haakon,2.239660119,0.0028166656628441,0.0028166656628441,0.5877526775549149,FALSE,FALSE
1994-01-04,King_Haakon,2.171503842,-0.00520785752530095,0.00520785752530095,0.5877526775549149,FALSE,FALSE
1994-01-05,King_Haakon,2.094978205,-0.02198789144996604,0.02198789144996604,0.5877526775549149,FALSE,FALSE
1994-01-06,King_Haakon,2.035357585,-0.02234797761475482,0.02234797761475482,0.5877526775549149,FALSE,FALSE
1994-01-07,King_Haakon,1.986629341,-0.01239967552328402,0.01239967552328402,0.5877526775549149,FALSE,FALSE
1994-01-08,King_Haakon,1.935123417,-0.00591195967916657,0.00591195967916657,0.5877526775549149,FALSE,FALSE
1994-01-09,King_Haakon,1.879945882,-0.00387767958600759,0.00387767958600759,0.5877526775549149,FALSE,FALSE
1994-01-10,King_Haakon,1.836322965,0.00883047525257674,0.00883047525257674,0.5877526775549149,FALSE,FALSE
1994-01-11,King_Haakon,1.790827373,0.01868629333297766,0.01868629333297766,0.5877526775549149,FALSE,FALSE
1994-01-12,King_Haakon,1.741398168,0.02352991815158489,0.02352991815158489,0.5877526775549149,FALSE,FALSE
1994-01-13,King_Haakon,1.695083971,0.03031105220478514,0.03031105220478514,0.5877526775549149,FALSE,FALSE
1994-01-14,King_Haakon,1.645758859,0.03280562409789822,0.03280562409789822,0.5877526775549149,FALSE,FALSE
1994-01-15,King_Haakon,1.610871449,0.04839173767041638,0.04839173767041638,0.5877526775549149,FALSE,FALSE
1994-01-16,King_Haakon,1.570091774,0.05670353379315518,0.05670353379315518,0.5877526775549149,FALSE,FALSE
1994-01-17,King_Haakon,1.508600414,0.04288788988853853,0.04288788988853853,0.5877526775549149,FALSE,FALSE
1994-01-18,King_Haakon,1.457950942,0.03846467637898865,0.03846467637898865,0.5877526775549149,FALSE,FALSE
1994-01-19,King_Haakon,1.378292027,0.00354885968692619,0.00354885968692619,0.5877526775549149,FALSE,FALSE
1994-01-20,King_Haakon,1.269475501,-0.06204143076522528,0.06204143076522528,0.5877526775549149,FALSE,FALSE
1994-01-21,King_Haakon,1.212251709,-0.07758955255504407,0.07758955255504407,0.5877526775549149,FALSE,FALSE
1994-01-22,King_Haakon,1.163295056,-0.08645480326010735,0.08645480326010735,0.5877526775549149,FALSE,FALSE
1994-01-23,King_Haakon,1.09954647,-0.11172995745799286,0.11172995745799286,0.5877526775549149,FALSE,FALSE
1994-01-24,King_Haakon,1.063372389,-0.11108227972628049,0.11108227972628049,0.5877526775549149,FALSE,FALSE
1994-01-25,King_Haakon,1.02679758,-0.11252070564254613,0.11252070564254613,0.5877526775549149,FALSE,FALSE
1994-01-26,King_Haakon,1.001511599,-0.10438938178436684,0.10438938178436684,0.5877526775549149,FALSE,FALSE
1994-01-27,King_Haakon,0.984066273,-0.09016138464978309,0.09016138464978309,0.5877526775549149,FALSE,FALSE
1994-01-28,King_Haakon,0.941773631,-0.10249002372942352,0.10249002372942352,0.5877526775549149,FALSE,FALSE
1994-01-29,King_Haakon,0.899306628,-0.11664298347728276,0.11664298347728276,0.5877526775549149,FALSE,FALSE
1994-01-30,King_Haakon,0.891807835,-0.09741825278391912,0.09741825278391912,0.5877526775549149,FALSE,FALSE
1994-01-31,King_Haakon,0.879730029,-0.08430361453989199,0.08430361453989199,0.5877526775549149,FALSE,FALSE
1994-02-01,King_Haakon,0.855832249,-0.08448058963575766,0.08448058963575766,0.5877526775549149,FALSE,FALSE
1994-02-02,King_Haakon,0.818563505,-0.0994407279620757,0.0994407279620757,0.5877526775549149,FALSE,FALSE
1994-02-03,King_Haakon,0.771063721,-0.12598466540940367,0.12598466540940367,0.5877526775549149,FALSE,FALSE
1994-02-04,King_Haakon,0.74524394,-0.13214191886830007,0.13214191886830007,0.5877526775549149,FALSE,FALSE
1994-02-05,King_Haakon,0.754131355,-0.10482585522932386,0.10482585522932386,0.5877526775549149,FALSE,FALSE
1994-02-06,King_Haakon,0.750974254,-0.09072874638303063,0.09072874638303063,0.5877526775549149,FALSE,FALSE
1994-02-07,King_Haakon,0.75417612,-0.0713876692199813,0.0713876692199813,0.5877526775549149,FALSE,FALSE
1994-02-08,King_Haakon,0.739492355,-0.07098817304552574,0.07098817304552574,0.5877526775549149,FALSE,FALSE
1994-02-09,King_Haakon,0.72361003,-0.0728358140468165,0.0728358140468165,0.5877526775549149,FALSE,FALSE
1994-02-10,King_Haakon,0.709094193,-0.07446094232875433,0.07446094232875433,0.5877526775549149,FALSE,FALSE
1994-02-11,King_Haakon,0.677738458,-0.094177492972065,0.094177492972065,0.5877526775549149,FALSE,FALSE
1994-02-12,King_Haakon,0.668503391,-0.09313244905747996,0.09313244905747996,0.5877526775549149,FALSE,FALSE
1994-02-13,King_Haakon,0.665380463,-0.08744188866572822,0.08744188866572822,0.5877526775549149,FALSE,FALSE
1994-02-14,King_Haakon,0.679806907,-0.0657761278775355,0.0657761278775355,0.5877526775549149,FALSE,FALSE
1994-02-15,King_Haakon,0.698834997,-0.04119044177363284,0.04119044177363284,0.5877526775549149,FALSE,FALSE
1994-02-16,King_Haakon,0.702808672,-0.03344844043474737,0.03344844043474737,0.5877526775549149,FALSE,FALSE
1994-02-17,King_Haakon,0.678879478,-0.05550612694160883,0.05550612694160883,0.5877526775549149,FALSE,FALSE
1994-02-18,King_Haakon,0.691047134,-0.04347133137494574,0.04347133137494574,0.5877526775549149,FALSE,FALSE
1994-02-19,King_Haakon,0.670689701,-0.06607354181548553,0.06607354181548553,0.5877526775549149,FALSE,FALSE
1994-02-20,King_Haakon,0.682564153,-0.05866333334395846,0.05866333334395846,0.5877526775549149,FALSE,FALSE
1994-02-21,King_Haakon,0.709502647,-0.03850567015582262,0.03850567015582262,0.5877526775549149,FALSE,FALSE
1994-02-22,King_Haakon,0.713172812,-0.04390362059068253,0.04390362059068253,0.5877526775549149,FALSE,FALSE
1994-02-23,King_Haakon,0.719671716,-0.04864671132227971,0.04864671132227971,0.5877526775549149,FALSE,FALSE
1994-02-24,King_Haakon,0.744795586,-0.03682378970283917,0.03682378970283917,0.5877526775549149,FALSE,FALSE
1994-02-25,King_Haakon,0.749447535,-0.04741681708458945,0.04741681708458945,0.5877526775549149,FALSE,FALSE
1994-02-26,King_Haakon,0.797043443,-0.01689498781975773,0.01689498781975773,0.5877526775549149,FALSE,FALSE
1994-02-27,King_Haakon,0.815620216,-0.01710647026057088,0.01710647026057088,0.5877526775549149,FALSE,FALSE
1994-02-28,King_Haakon,0.863659588,0.01054539524074293,0.01054539524074293,0.5877526775549149,FALSE,FALSE
1994-03-01,King_Haakon,0.932762704,0.05777667933195807,0.05777667933195807,0.5877526775549149,FALSE,FALSE
1994-03-02,King_Haakon,0.947944325,0.04971706866084546,0.04971706866084546,0.5877526775549149,FALSE,FALSE
1994-03-03,King_Haakon,0.953650213,0.03092725087518,0.03092725087518,0.5877526775549149,FALSE,FALSE
1994-03-04,King_Haakon,0.980606761,0.03224854462273308,0.03224854462273308,0.5877526775549149,FALSE,FALSE
1994-03-05,King_Haakon,0.964702422,-0.01031567543116329,0.01031567543116329,0.5877526775549149,FALSE,FALSE
1994-03-06,King_Haakon,0.975740506,-0.02686199180224813,0.02686199180224813,0.5877526775549149,FALSE,FALSE
1994-03-07,King_Haakon,1.063479628,0.03242008864735091,0.03242008864735091,0.5877526775549149,FALSE,FALSE
1994-03-08,King_Haakon,1.107977569,0.04763042675832119,0.04763042675832119,0.5877526775549149,FALSE,FALSE
1994-03-09,King_Haakon,1.116805362,0.02638213537134559,0.02638213537134559,0.5877526775549149,FALSE,FALSE
1994-03-10,King_Haakon,1.161351611,0.04010589832710876,0.04010589832710876,0.5877526775549149,FALSE,FALSE
1994-03-11,King_Haakon,1.234922246,0.08214972546629795,0.08214972546629795,0.5877526775549149,FALSE,FALSE
1994-03-12,King_Haakon,1.285927072,0.1009655016295974,0.1009655016295974,0.5877526775549149,FALSE,FALSE
1994-03-13,King_Haakon,1.318789548,0.10101876565769197,0.10101876565769197,0.5877526775549149,FALSE,FALSE
1994-03-14,King_Haakon,1.357618672,0.10646059539126584,0.10646059539126584,0.5877526775549149,FALSE,FALSE
1994-03-15,King_Haakon,1.457182625,0.17210125167100498,0.17210125167100498,0.5877526775549149,FALSE,FALSE
1994-03-16,King_Haakon,1.547062547,0.22756395433759335,0.22756395433759335,0.5877526775549149,FALSE,FALSE
1994-03-17,King_Haakon,1.574209864,0.21984220923171785,0.21984220923171785,0.5877526775549149,FALSE,FALSE
1994-03-18,King_Haakon,1.618273529,0.22862720110716792,0.22862720110716792,0.5877526775549149,FALSE,FALSE
1994-03-19,King_Haakon,1.666210674,0.2409220877253846,0.2409220877253846,0.5877526775549149,FALSE,FALSE
1994-03-20,King_Haakon,1.689445789,0.22820135341159545,0.22820135341159545,0.5877526775549149,FALSE,FALSE
1994-03-21,King_Haakon,1.701922824,0.20445912933749888,0.20445912933749888,0.5877526775549149,FALSE,FALSE
1994-03-22,King_Haakon,1.766526633,0.23263045067479785,0.23263045067479785,0.5877526775549149,FALSE,FALSE
1994-03-23,King_Haakon,1.825917904,0.2554261865951941,0.2554261865951941,0.5877526775549149,FALSE,FALSE
1994-03-24,King_Haakon,1.863770217,0.25657009827038624,0.25657009827038624,0.5877526775549149,FALSE,FALSE
1994-03-25,King_Haakon,1.8927285,0.2487572948720791,0.2487572948720791,0.5877526775549149,FALSE,FALSE
1994-03-26,King_Haakon,1.925735956,0.24498116057196873,0.24498116057196873,0.5877526775549149,FALSE,FALSE
1994-03-27,King_Haakon,1.99427415,0.2767734415417593,0.2767734415417593,0.5877526775549149,FALSE,FALSE
1994-03-28,King_Haakon,2.045417325,0.2912585619531496,0.2912585619531496,0.5877526775549149,FALSE,FALSE
1994-03-29,King_Haakon,2.09276992,0.30209114197784404,0.30209114197784404,0.5877526775549149,FALSE,FALSE
1994-03-30,King_Haakon,2.095664574,0.26865400178754184,0.26865400178754184,0.5877526775549149,FALSE,FALSE
1994-03-31,King_Haakon,2.084833684,0.22172113839879315,0.22172113839879315,0.5877526775549149,FALSE,FALSE
1994-04-01,King_Haakon,2.077784223,0.1787942199489796,0.1787942199489796,0.5877526775549149,FALSE,FALSE
1994-04-02,King_Haakon,2.06817923,0.13351503493784178,0.13351503493784178,0.5877526775549149,FALSE,FALSE
1994-04-03,King_Haakon,2.068229608,0.09807322268286868,0.09807322268286868,0.5877526775549149,FALSE,FALSE
1994-04-04,King_Haakon,2.050236963,0.04474912550155441,0.04474912550155441,0.5877526775549149,FALSE,FALSE
1994-04-05,King_Haakon,2.076201399,0.03552158371138914,0.03552158371138914,0.5877526775549149,FALSE,FALSE
1994-04-06,King_Haakon,2.075258778,-4.948043701378246e-4,4.948043701378246e-4,0.5877526775549149,FALSE,FALSE
1994-04-07,King_Haakon,2.081965673,-0.02876472942552999,0.02876472942552999,0.5877526775549149,FALSE,FALSE
1994-04-08,King_Haakon,2.076868638,-0.06876290113729899,0.06876290113729899,0.5877526775549149,FALSE,FALSE
1994-04-09,King_Haakon,2.12861704,-0.0518612161879517,0.0518612161879517,0.5877526775549149,FALSE,FALSE
1994-04-10,King_Haakon,2.176834978,-0.03845683926000065,0.03845683926000065,0.5877526775549149,FALSE,FALSE
1994-04-11,King_Haakon,2.243967647,-0.00612583903594954,0.00612583903594954,0.5877526775549149,FALSE,FALSE
1994-04-12,King_Haakon,2.295667685,0.01076332384790435,0.01076332384790435,0.5877526775549149,FALSE,FALSE
1994-04-13,King_Haakon,2.365917704,0.04618392563740503,0.04618392563740503,0.5877526775549149,FALSE,FALSE
1994-04-14,King_Haakon,2.393946015,0.03937433258409051,0.03937433258409051,0.5877526775549149,FALSE,FALSE
1994-04-15,King_Haakon,2.372273351,-0.01713285585376134,0.01713285585376134,0.5877526775549149,FALSE,FALSE
1994-04-16,King_Haakon,2.375721394,-0.04850409121787624,0.04850409121787624,0.5877526775549149,FALSE,FALSE
1994-04-17,King_Haakon,2.431119568,-0.02789808304998065,0.02789808304998065,0.5877526775549149,FALSE,FALSE
1994-04-18,King_Haakon,2.496696959,0.00292612110820345,0.00292612110820345,0.5877526775549149,FALSE,FALSE
1994-04-19,King_Haakon,2.518424221,-0.01004895828504803,0.01004895828504803,0.5877526775549149,FALSE,FALSE
1994-04-20,King_Haakon,2.496591681,-0.06652112777146213,0.06652112777146213,0.5877526775549149,FALSE,FALSE
1994-04-21,King_Haakon,2.47031637,-0.1273614898927642,0.1273614898927642,0.5877526775549149,FALSE,FALSE
1994-04-22,King_Haakon,2.466782176,-0.16537429019067673,0.16537429019067673,0.5877526775549149,FALSE,FALSE
1994-04-23,King_Haakon,2.452353184,-0.2141835772069265,0.2141835772069265,0.5877526775549149,FALSE,FALSE
1994-04-24,King_Haakon,2.478795003,-0.2220118754832359,0.2220118754832359,0.5877526775549149,FALSE,FALSE
1994-04-25,King_Haakon,2.50719787,-0.22775515283312275,0.22775515283312275,0.5877526775549149,FALSE,FALSE
1994-04-26,King_Haakon,2.577887373,-0.1910557080463362,0.1910557080463362,0.5877526775549149,FALSE,FALSE
1994-04-27,King_Haakon,2.60973474,-0.19300007726555268,0.19300007726555268,0.5877526775549149,FALSE,FALSE
1994-04-28,King_Haakon,2.61589744,-0.22038844900254517,0.22038844900254517,0.5877526775549149,FALSE,FALSE
1994-04-29,King_Haakon,2.649599529,-0.2199544247690799,0.2199544247690799,0.5877526775549149,FALSE,FALSE
1994-04-30,King_Haakon,2.696920569,-0.2055761000769354,0.2055761000769354,0.5877526775549149,FALSE,FALSE
1994-05-01,King_Haakon,2.73894459,-0.19612710243787437,0.19612710243787437,0.5877526775549149,FALSE,FALSE
1994-05-02,King_Haakon,2.790237913,-0.1769987683636738,0.1769987683636738,0.5877526775549149,FALSE,FALSE
1994-05-03,King_Haakon,2.812565299,-0.18638399436610076,0.18638399436610076,0.5877526775549149,FALSE,FALSE
1994-05-04,King_Haakon,2.850856348,-0.17931083795692748,0.17931083795692748,0.5877526775549149,FALSE,FALSE
1994-05-05,King_Haakon,2.931327259,-0.12952075764792426,0.12952075764792426,0.5877526775549149,FALSE,FALSE
1994-05-06,King_Haakon,2.977993857,-0.11295558595086463,0.11295558595086463,0.5877526775549149,FALSE,FALSE
1994-05-07,King_Haakon,3.008806261,-0.11162288255192988,0.11162288255192988,0.5877526775549149,FALSE,FALSE
1994-05-08,King_Haakon,3.062763356,-0.08649324620440524,0.08649324620440524,0.5877526775549149,FALSE,FALSE
1994-05-09,King_Haakon,3.114426234,-0.06300648752292837,0.06300648752292837,0.5877526775549149,FALSE,FALSE
1994-05-10,King_Haakon,3.147817916,-0.05714565765699531,0.05714565765699531,0.5877526775549149,FALSE,FALSE
1994-05-11,King_Haakon,3.15942293,-0.07243230075610718,0.07243230075610718,0.5877526775549149,FALSE,FALSE
1994-05-12,King_Haakon,3.153914764,-0.10419900096975754,0.10419900096975754,0.5877526775549149,FALSE,FALSE
1994-05-13,King_Haakon,3.142903578,-0.1408416704474469,0.1408416704474469,0.5877526775549149,FALSE,FALSE
1994-05-14,King_Haakon,3.153502006,-0.1552537473386737,0.1552537473386737,0.5877526775549149,FALSE,FALSE
1994-05-15,King_Haakon,3.180660451,-0.15249090079293337,0.15249090079293337,0.5877526775549149,FALSE,FALSE
1994-05-16,King_Haakon,3.211298533,-0.14563958295972812,0.14563958295972812,0.5877526775549149,FALSE,FALSE
1994-05-17,King_Haakon,3.214961791,-0.1651603269885502,0.1651603269885502,0.5877526775549149,FALSE,FALSE
1994-05-18,King_Haakon,3.234375406,-0.16833402402890307,0.16833402402890307,0.5877526775549149,FALSE,FALSE
1994-05-19,King_Haakon,3.244284877,-0.18042124723028108,0.18042124723028108,0.5877526775549149,FALSE,FALSE
1994-05-20,King_Haakon,3.261139752,-0.18498009888224187,0.18498009888224187,0.5877526775549149,FALSE,FALSE
1994-05-21,King_Haakon,3.256690784,-0.2102962730921787,0.2102962730921787,0.5877526775549149,FALSE,FALSE
1994-05-22,King_Haakon,3.250225368,-0.2371439812803926,0.2371439812803926,0.5877526775549149,FALSE,FALSE
1994-05-23,King_Haakon,3.275111894,-0.23221728634513328,0.23221728634513328,0.5877526775549149,FALSE,FALSE
1994-05-24,King_Haakon,3.313421213,-0.21350779018465316,0.21350779018465316,0.5877526775549149,FALSE,FALSE
1994-05-25,King_Haakon,3.344905848,-0.20132542269720188,0.20132542269720188,0.5877526775549149,FALSE,FALSE
1994-05-26,King_Haakon,3.353233034,-0.2120654017810324,0.2120654017810324,0.5877526775549149,FALSE,FALSE
1994-05-27,King_Haakon,3.334370179,-0.2498227723343951,0.2498227723343951,0.5877526775549149,FALSE,FALSE
1994-05-28,King_Haakon,3.312461244,-0.29051602625554285,0.29051602625554285,0.5877526775549149,FALSE,FALSE
1994-05-29,King_Haakon,3.326055409,-0.2956584364427264,0.2956584364427264,0.5877526775549149,FALSE,FALSE
1994-05-30,King_Haakon,3.386699144,-0.2537659857941943,0.2537659857941943,0.5877526775549149,FALSE,FALSE
1994-05-31,King_Haakon,3.407970061,-0.2513235152082056,0.2513235152082056,0.5877526775549149,FALSE,FALSE
1994-06-01,King_Haakon,3.4143232,-0.2639384375830036,0.2639384375830036,0.5877526775549149,FALSE,FALSE
1994-06-02,King_Haakon,3.425829101,-0.27158881346412,0.27158881346412,0.5877526775549149,FALSE,FALSE
1994-06-03,King_Haakon,3.488761101,-0.2279884536196528,0.2279884536196528,0.5877526775549149,FALSE,FALSE
1994-06-04,King_Haakon,3.510984526,-0.22524214455376113,0.22524214455376113,0.5877526775549149,FALSE,FALSE
1994-06-05,King_Haakon,3.532268995,-0.2235503791395761,0.2235503791395761,0.5877526775549149,FALSE,FALSE
1994-06-06,King_Haakon,3.586469196,-0.1890285812502213,0.1890285812502213,0.5877526775549149,FALSE,FALSE
1994-06-07,King_Haakon,3.639144324,-0.15608766775881788,0.15608766775881788,0.5877526775549149,FALSE,FALSE
1994-06-08,King_Haakon,3.713174259,-0.10181787053850266,0.10181787053850266,0.5877526775549149,FALSE,FALSE
1994-06-09,King_Haakon,3.7374418,-0.0973065024623998,0.0973065024623998,0.5877526775549149,FALSE,FALSE
1994-06-10,King_Haakon,3.71297759,-0.1414930324036363,0.1414930324036363,0.5877526775549149,FALSE,FALSE
1994-06-11,King_Haakon,3.691315609,-0.1828135922353371,0.1828135922353371,0.5877526775549149,FALSE,FALSE
1994-06-12,King_Haakon,3.677959713,-0.2157344378306303,0.2157344378306303,0.5877526775549149,FALSE,FALSE
1994-06-13,King_Haakon,3.686545304,-0.22659027906264617,0.22659027906264617,0.5877526775549149,FALSE,FALSE
1994-06-14,King_Haakon,3.706397127,-0.22602660275529865,0.22602660275529865,0.5877526775549149,FALSE,FALSE
1994-06-15,King_Haakon,3.712160599,-0.23937351166081733,0.23937351166081733,0.5877526775549149,FALSE,FALSE
1994-06-16,King_Haakon,3.762651531,-0.20779796880555423,0.20779796880555423,0.5877526775549149,FALSE,FALSE
1994-06-17,King_Haakon,3.81558879,-0.1735644068004092,0.1735644068004092,0.5877526775549149,FALSE,FALSE
1994-06-18,King_Haakon,3.873787251,-0.13384125025626448,0.13384125025626448,0.5877526775549149,FALSE,FALSE
1994-06-19,King_Haakon,3.918745587,-0.10711312578401522,0.10711312578401522,0.5877526775549149,FALSE,FALSE
1994-06-20,King_Haakon,3.987237124,-0.0565900069945453,0.0565900069945453,0.5877526775549149,FALSE,FALSE
1994-06-21,King_Haakon,3.999392085,-0.06212497049875054,0.06212497049875054,0.5877526775549149,FALSE,FALSE
1994-06-22,King_Haakon,3.985310005,-0.09360178090751914,0.09360178090751914,0.5877526775549149,FALSE,FALSE
1994-06-23,King_Haakon,3.966623883,-0.12937073883174177,0.12937073883174177,0.5877526775549149,FALSE,FALSE
1994-06-24,King_Haakon,3.969216477,-0.1435323858823061,0.1435323858823061,0.5877526775549149,FALSE,FALSE
1994-06-25,King_Haakon,3.992861223,-0.1362965856701046,0.1362965856701046,0.5877526775549149,FALSE,FALSE
1994-06-26,King_Haakon,4.050257977,-0.09494678180602634,0.09494678180602634,0.5877526775549149,FALSE,FALSE
1994-06-27,King_Haakon,4.102192291,-0.0586850593382211,0.0586850593382211,0.5877526775549149,FALSE,FALSE
1994-06-28,King_Haakon,4.124541745,-0.05165425118245537,0.05165425118245537,0.5877526775549149,FALSE,FALSE
1994-06-29,King_Haakon,4.116226432,-0.07496965383678855,0.07496965383678855,0.5877526775549149,FALSE,FALSE
1994-06-30,King_Haakon,4.109873759,-0.09603932680153092,0.09603932680153092,0.5877526775549149,FALSE,FALSE
1994-07-01,King_Haakon,4.08879736,-0.13158510257698983,0.13158510257698983,0.5877526775549149,FALSE,FALSE
1994-07-02,King_Haakon,4.047079289,-0.18756039366347288,0.18756039366347288,0.5877526775549149,FALSE,FALSE
1994-07-03,King_Haakon,4.122935381,-0.1257848315612966,0.1257848315612966,0.5877526775549149,FALSE,FALSE
1994-07-04,King_Haakon,4.176307114,-0.086352404770766,0.086352404770766,0.5877526775549149,FALSE,FALSE
1994-07-05,King_Haakon,4.184109298,-0.09238376979219164,0.09238376979219164,0.5877526775549149,FALSE,FALSE
1994-07-06,King_Haakon,4.227268569,-0.06298775712588611,0.06298775712588611,0.5877526775549149,FALSE,FALSE
1994-07-07,King_Haakon,4.203042184,-0.10094257627215251,0.10094257627215251,0.5877526775549149,FALSE,FALSE
1994-07-08,King_Haakon,4.202634626,-0.11507921073130856,0.11507921073130856,0.5877526775549149,FALSE,FALSE
1994-07-09,King_Haakon,4.152749991,-0.1787289398001768,0.1787289398001768,0.5877526775549149,FALSE,FALSE
1994-07-10,King_Haakon,4.127017754,-0.21827992512060757,0.21827992512060757,0.5877526775549149,FALSE,FALSE
1994-07-11,King_Haakon,4.128227016,-0.2309218817412919,0.2309218817412919,0.5877526775549149,FALSE,FALSE
1994-07-12,King_Haakon,4.130082998,-0.24292326733701852,0.24292326733701852,0.5877526775549149,FALSE,FALSE
1994-07-13,King_Haakon,4.119567173,-0.2672762875825816,0.2672762875825816,0.5877526775549149,FALSE,FALSE
1994-07-14,King_Haakon,4.117414987,-0.2832191751527615,0.2832191751527615,0.5877526775549149,FALSE,FALSE
1994-07-15,King_Haakon,4.180868307,-0.23348374172235165,0.23348374172235165,0.5877526775549149,FALSE,FALSE
1994-07-16,King_Haakon,4.175160999,-0.2528097999661387,0.2528097999661387,0.5877526775549149,FALSE,FALSE
1994-07-17,King_Haakon,4.190353426,-0.25111066555890993,0.25111066555890993,0.5877526775549149,FALSE,FALSE
1994-07-18,King_Haakon,4.174053026,-0.28075257917545837,0.28075257917545837,0.5877526775549149,FALSE,FALSE
1994-07-19,King_Haakon,4.169002662,-0.2989663564905678,0.2989663564905678,0.5877526775549149,FALSE,FALSE
1994-07-20,King_Haakon,4.166081825,-0.31484618517902696,0.31484618517902696,0.5877526775549149,FALSE,FALSE
1994-07-21,King_Haakon,4.210459082,-0.2831971769156274,0.2831971769156274,0.5877526775549149,FALSE,FALSE
1994-07-22,King_Haakon,4.260738891,-0.2453895540844195,0.2453895540844195,0.5877526775549149,FALSE,FALSE
1994-07-23,King_Haakon,4.284573005,-0.2337600699589144,0.2337600699589144,0.5877526775549149,FALSE,FALSE
1994-07-24,King_Haakon,4.284290302,-0.2459784310521389,0.2459784310521389,0.5877526775549149,FALSE,FALSE
1994-07-25,King_Haakon,4.319534204,-0.2224000284908012,0.2224000284908012,0.5877526775549149,FALSE,FALSE
1994-07-26,King_Haakon,4.37924638,-0.17408200640162175,0.17408200640162175,0.5877526775549149,FALSE,FALSE
1994-07-27,King_Haakon,4.413136427,-0.15131358091130842,0.15131358091130842,0.5877526775549149,FALSE,FALSE
1994-07-28,King_Haakon,4.47010486,-0.10519305014657654,0.10519305014657654,0.5877526775549149,FALSE,FALSE
1994-07-29,King_Haakon,4.509058641,-0.07681226523414253,0.07681226523414253,0.5877526775549149,FALSE,FALSE
1994-07-30,King_Haakon,4.49983406,-0.09633374930071348,0.09633374930071348,0.5877526775549149,FALSE,FALSE
1994-07-31,King_Haakon,4.455308247,-0.1508791854730109,0.1508791854730109,0.5877526775549149,FALSE,FALSE
1994-08-01,King_Haakon,4.462604331,-0.15332425787774095,0.15332425787774095,0.5877526775549149,FALSE,FALSE
1994-08-02,King_Haakon,4.48757514,-0.13781495164162028,0.13781495164162028,0.5877526775549149,FALSE,FALSE
1994-08-03,King_Haakon,4.490551821,-0.14401893271766397,0.14401893271766397,0.5877526775549149,FALSE,FALSE
1994-08-04,King_Haakon,4.505727916,-0.13773678290105096,0.13773678290105096,0.5877526775549149,FALSE,FALSE
1994-08-05,King_Haakon,4.506315252,-0.14573388338331394,0.14573388338331394,0.5877526775549149,FALSE,FALSE
1994-08-06,King_Haakon,4.511513411,-0.1487840473321036,0.1487840473321036,0.5877526775549149,FALSE,FALSE
1994-08-07,King_Haakon,4.514433609,-0.15374945391506856,0.15374945391506856,0.5877526775549149,FALSE,FALSE
1994-08-08,King_Haakon,4.510902769,-0.16477657529985468,0.16477657529985468,0.5877526775549149,FALSE,FALSE
1994-08-09,King_Haakon,4.515587338,-0.1671723596541126,0.1671723596541126,0.5877526775549149,FALSE,FALSE
1994-08-10,King_Haakon,4.546820941,-0.14257657714548966,0.14257657714548966,0.5877526775549149,FALSE,FALSE
1994-08-11,King_Haakon,4.56401754,-0.13154866094163695,0.13154866094163695,0.5877526775549149,FALSE,FALSE
1994-08-12,King_Haakon,4.599839216,-0.10139992521020068,0.10139992521020068,0.5877526775549149,FALSE,FALSE
1994-08-13,King_Haakon,4.638058515,-0.06833121911883033,0.06833121911883033,0.5877526775549149,FALSE,FALSE
1994-08-14,King_Haakon,4.638138639,-0.07285273583517249,0.07285273583517249,0.5877526775549149,FALSE,FALSE
1994-08-15,King_Haakon,4.638998858,-0.0760186005268757,0.0760186005268757,0.5877526775549149,FALSE,FALSE
1994-08-16,King_Haakon,4.63317323,-0.0852700870259584,0.0852700870259584,0.5877526775549149,FALSE,FALSE
1994-08-17,King_Haakon,4.637661798,-0.08364004637787126,0.08364004637787126,0.5877526775549149,FALSE,FALSE
1994-08-18,King_Haakon,4.646271321,-0.07742049812111773,0.07742049812111773,0.5877526775549149,FALSE,FALSE
1994-08-19,King_Haakon,4.640241283,-0.08547434743471705,0.08547434743471705,0.5877526775549149,FALSE,FALSE
1994-08-20,King_Haakon,4.643017005,-0.08445866249769551,0.08445866249769551,0.5877526775549149,FALSE,FALSE
1994-08-21,King_Haakon,4.66286588,-0.06620843948906696,0.06620843948906696,0.5877526775549149,FALSE,FALSE
1994-08-22,King_Haakon,4.697485197,-0.03312877858786134,0.03312877858786134,0.5877526775549149,FALSE,FALSE
1994-08-23,King_Haakon,4.712157161,-0.02003986397309543,0.02003986397309543,0.5877526775549149,FALSE,FALSE
1994-08-24,King_Haakon,4.688182596,-0.04574326082379443,0.04574326082379443,0.5877526775549149,FALSE,FALSE
1994-08-25,King_Haakon,4.641832205,-0.09407065531897896,0.09407065531897896,0.5877526775549149,FALSE,FALSE
1994-08-26,King_Haakon,4.661098879,-0.07713154563767333,0.07713154563767333,0.5877526775549149,FALSE,FALSE
1994-08-27,King_Haakon,4.690381404,-0.05062953495889744,0.05062953495889744,0.5877526775549149,FALSE,FALSE
1994-08-28,King_Haakon,4.744962806,6.160135383286303e-4,6.160135383286303e-4,0.5877526775549149,FALSE,FALSE
1994-08-29,King_Haakon,4.819019898,0.07070088348735482,0.07070088348735482,0.5877526775549149,FALSE,FALSE
1994-08-30,King_Haakon,4.898163995,0.1452851789677858,0.1452851789677858,0.5877526775549149,FALSE,FALSE
1994-08-31,King_Haakon,4.95501384,0.19708520898501017,0.19708520898501017,0.5877526775549149,FALSE,FALSE
1994-09-01,King_Haakon,4.97951646,0.2161456540342046,0.2161456540342046,0.5877526775549149,FALSE,FALSE
1994-09-02,King_Haakon,4.943494693,0.17438700561054787,0.17438700561054787,0.5877526775549149,FALSE,FALSE
1994-09-03,King_Haakon,4.88987746,0.11483583820922316,0.11483583820922316,0.5877526775549149,FALSE,FALSE
1994-09-04,King_Haakon,4.82703164,0.04595668432540822,0.04595668432540822,0.5877526775549149,FALSE,FALSE
1994-09-05,King_Haakon,4.780623398,-0.00648663754571465,0.00648663754571465,0.5877526775549149,FALSE,FALSE
1994-09-06,King_Haakon,4.766827962,-0.02622124590897279,0.02622124590897279,0.5877526775549149,FALSE,FALSE
1994-09-07,King_Haakon,4.776773492,-0.02202132726917582,0.02202132726917582,0.5877526775549149,FALSE,FALSE
1994-09-08,King_Haakon,4.789893022,-0.01435619413115318,0.01435619413115318,0.5877526775549149,FALSE,FALSE
1994-09-09,King_Haakon,4.811442643,0.00212789800027479,0.00212789800027479,0.5877526775549149,FALSE,FALSE
1994-09-10,King_Haakon,4.80030252,-0.01359166636893771,0.01359166636893771,0.5877526775549149,FALSE,FALSE
1994-09-11,King_Haakon,4.776702009,-0.04122951104245587,0.04122951104245587,0.5877526775549149,FALSE,FALSE
1994-09-12,King_Haakon,4.755829533,-0.06561574742690723,0.06561574742690723,0.5877526775549149,FALSE,FALSE
1994-09-13,King_Haakon,4.742830614,-0.08163123787863391,0.08163123787863391,0.5877526775549149,FALSE,FALSE
1994-09-14,King_Haakon,4.698202971,-0.12880464775397638,0.12880464775397638,0.5877526775549149,FALSE,FALSE
1994-09-15,King_Haakon,4.67711043,-0.15199853540928565,0.15199853540928565,0.5877526775549149,FALSE,FALSE
1994-09-16,King_Haakon,4.645333986,-0.18545829020090565,0.18545829020090565,0.5877526775549149,FALSE,FALSE
1994-09-17,King_Haakon,4.608203941,-0.22387999448517615,0.22387999448517615,0.5877526775549149,FALSE,FALSE
1994-09-18,King_Haakon,4.562088981,-0.2709213466184508,0.2709213466184508,0.5877526775549149,FALSE,FALSE
1994-09-19,King_Haakon,4.555861647,-0.27773618995706784,0.27773618995706784,0.5877526775549149,FALSE,FALSE
1994-09-20,King_Haakon,4.574602559,-0.2592702888573779,0.2592702888573779,0.5877526775549149,FALSE,FALSE
1994-09-21,King_Haakon,4.583760048,-0.2501016966757188,0.2501016966757188,0.5877526775549149,FALSE,FALSE
1994-09-22,King_Haakon,4.602258239,-0.2313326727684419,0.2313326727684419,0.5877526775549149,FALSE,FALSE
1994-09-23,King_Haakon,4.609995727,-0.22309121067698712,0.22309121067698712,0.5877526775549149,FALSE,FALSE
1994-09-24,King_Haakon,4.672157955,-0.16022064197397512,0.16022064197397512,0.5877526775549149,FALSE,FALSE
1994-09-25,King_Haakon,4.754406873,-0.07708911731214929,0.07708911731214929,0.5877526775549149,FALSE,FALSE
1994-09-26,King_Haakon,4.770518879,-0.0599503579506031,0.0599503579506031,0.5877526775549149,FALSE,FALSE
1994-09-27,King_Haakon,4.786738603,-0.04258985314845098,0.04258985314845098,0.5877526775549149,FALSE,FALSE
1994-09-28,King_Haakon,4.803681013,-0.02442275416479056,0.02442275416479056,0.5877526775549149,FALSE,FALSE
1994-09-29,King_Haakon,4.827051258,2.2596874126712407e-4,2.2596874126712407e-4,0.5877526775549149,FALSE,FALSE
1994-09-30,King_Haakon,4.827641931,0.0021187893106207,0.0021187893106207,0.5877526775549149,FALSE,FALSE
1994-10-01,King_Haakon,4.8029642,-0.02126324371583354,0.02126324371583354,0.5877526775549149,FALSE,FALSE
1994-10-02,King_Haakon,4.771202576,-0.05176573859720079,0.05176573859720079,0.5877526775549149,FALSE,FALSE
1994-10-03,King_Haakon,4.744134162,-0.07764171159258915,0.07764171159258915,0.5877526775549149,FALSE,FALSE
1994-10-04,King_Haakon,4.716341626,-0.10433861396109824,0.10433861396109824,0.5877526775549149,FALSE,FALSE
1994-10-05,King_Haakon,4.703515025,-0.11619648967800168,0.11619648967800168,0.5877526775549149,FALSE,FALSE
1994-10-06,King_Haakon,4.706855571,-0.11202211105306505,0.11202211105306505,0.5877526775549149,FALSE,FALSE
1994-10-07,King_Haakon,4.714131339,-0.10399033013420488,0.10399033013420488,0.5877526775549149,FALSE,FALSE
1994-10-08,King_Haakon,4.735488882,-0.0818856188715733,0.0818856188715733,0.5877526775549149,FALSE,FALSE
1994-10-09,King_Haakon,4.708883123,-0.10768407921532486,0.10768407921532486,0.5877526775549149,FALSE,FALSE
1994-10-10,King_Haakon,4.672888515,-0.14274228311560488,0.14274228311560488,0.5877526775549149,FALSE,FALSE
1994-10-11,King_Haakon,4.637530751,-0.176965562522577,0.176965562522577,0.5877526775549149,FALSE,FALSE
1994-10-12,King_Haakon,4.598487393,-0.21460738038638816,0.21460738038638816,0.5877526775549149,FALSE,FALSE
1994-10-13,King_Haakon,4.588636757,-0.22272044565719096,0.22272044565719096,0.5877526775549149,FALSE,FALSE
1994-10-14,King_Haakon,4.565179243,-0.24403538328513807,0.24403538328513807,0.5877526775549149,FALSE,FALSE
1994-10-15,King_Haakon,4.540858803,-0.26573926622038346,0.26573926622038346,0.5877526775549149,FALSE,FALSE
1994-10-16,King_Haakon,4.537232181,-0.26620637541308056,0.26620637541308056,0.5877526775549149,FALSE,FALSE
1994-10-17,King_Haakon,4.524483116,-0.27518399681338135,0.27518399681338135,0.5877526775549149,FALSE,FALSE
1994-10-18,King_Haakon,4.502704624,-0.2925128744211598,0.2925128744211598,0.5877526775549149,FALSE,FALSE
1994-10-19,King_Haakon,4.475706258,-0.31437530688204696,0.31437530688204696,0.5877526775549149,FALSE,FALSE
1994-10-20,King_Haakon,4.438344674,-0.34596202634318285,0.34596202634318285,0.5877526775549149,FALSE,FALSE
1994-10-21,King_Haakon,4.409911541,-0.3680309756484359,0.3680309756484359,0.5877526775549149,FALSE,FALSE
1994-10-22,King_Haakon,4.38329301,-0.3877456156416734,0.3877456156416734,0.5877526775549149,FALSE,FALSE
1994-10-23,King_Haakon,4.360517551,-0.4031270881667668,0.4031270881667668,0.5877526775549149,FALSE,FALSE
1994-10-24,King_Haakon,4.345488408,-0.4103217610675811,0.4103217610675811,0.5877526775549149,FALSE,FALSE
1994-10-25,King_Haakon,4.332804975,-0.4147798521879791,0.4147798521879791,0.5877526775549149,FALSE,FALSE
1994-10-26,King_Haakon,4.321944499,-0.4170737263718341,0.4170737263718341,0.5877526775549149,FALSE,FALSE
1994-10-27,King_Haakon,4.304750255,-0.42540972046301295,0.42540972046301295,0.5877526775549149,FALSE,FALSE
1994-10-28,King_Haakon,4.301493914,-0.41956577530538386,0.41956577530538386,0.5877526775549149,FALSE,FALSE
1994-10-29,King_Haakon,4.293464633,-0.41830234574281544,0.41830234574281544,0.5877526775549149,FALSE,FALSE
1994-10-30,King_Haakon,4.307451608,-0.39487984761916994,0.39487984761916994,0.5877526775549149,FALSE,FALSE
1994-10-31,King_Haakon,4.334348332,-0.35844023870490815,0.35844023870490815,0.5877526775549149,FALSE,FALSE
1994-11-01,King_Haakon,4.366531616,-0.3165724548922011,0.3165724548922011,0.5877526775549149,FALSE,FALSE
1994-11-02,King_Haakon,4.380395617,-0.2928266757504181,0.2928266757504181,0.5877526775549149,FALSE,FALSE
1994-11-03,King_Haakon,4.393260206,-0.2698273610932702,0.2698273610932702,0.5877526775549149,FALSE,FALSE
1994-11-04,King_Haakon,4.404213538,-0.248430686734479,0.248430686734479,0.5877526775549149,FALSE,FALSE
1994-11-05,King_Haakon,4.42019897,-0.22163762648775176,0.22163762648775176,0.5877526775549149,FALSE,FALSE
1994-11-06,King_Haakon,4.407290493,-0.2233185201668109,0.2233185201668109,0.5877526775549149,FALSE,FALSE
1994-11-07,King_Haakon,4.404711955,-0.21419385058536555,0.21419385058536555,0.5877526775549149,FALSE,FALSE
1994-11-08,King_Haakon,4.342769608,-0.2639016965571308,0.2639016965571308,0.5877526775549149,FALSE,FALSE
1994-11-09,King_Haakon,4.341444939,-0.2524049018958223,0.2524049018958223,0.5877526775549149,FALSE,FALSE
1994-11-10,King_Haakon,4.333005271,-0.247380474415154,0.247380474415154,0.5877526775549149,FALSE,FALSE
1994-11-11,King_Haakon,4.323130054,-0.243093294928844,0.243093294928844,0.5877526775549149,FALSE,FALSE
1994-11-12,King_Haakon,4.32928812,-0.2220185611655676,0.2220185611655676,0.5877526775549149,FALSE,FALSE
1994-11-13,King_Haakon,4.329989136,-0.205573980130934,0.205573980130934,0.5877526775549149,FALSE,FALSE
1994-11-14,King_Haakon,4.32051847,-0.19837652080336277,0.19837652080336277,0.5877526775549149,FALSE,FALSE
1994-11-15,King_Haakon,4.295292993,-0.20590958401900392,0.20590958401900392,0.5877526775549149,FALSE,FALSE
1994-11-16,King_Haakon,4.276448189,-0.20593795761401612,0.20593795761401612,0.5877526775549149,FALSE,FALSE
1994-11-17,King_Haakon,4.248835693,-0.21351027842455572,0.21351027842455572,0.5877526775549149,FALSE,FALSE
1994-11-18,King_Haakon,4.238194718,-0.20278760528677783,0.20278760528677783,0.5877526775549149,FALSE,FALSE
1994-11-19,King_Haakon,4.237379979,-0.18081549503683905,0.18081549503683905,0.5877526775549149,FALSE,FALSE
1994-11-20,King_Haakon,4.187949324,-0.20593637151089617,0.20593637151089617,0.5877526775549149,FALSE,FALSE
1994-11-21,King_Haakon,4.094722269,-0.2732309905451027,0.2732309905451027,0.5877526775549149,FALSE,FALSE
1994-11-22,King_Haakon,4.073220523,-0.2670779149756175,0.2670779149756175,0.5877526775549149,FALSE,FALSE
1994-11-23,King_Haakon,4.049817775,-0.2610037276385908,0.2610037276385908,0.5877526775549149,FALSE,FALSE
1994-11-24,King_Haakon,4.016570909,-0.26285181637018695,0.26285181637018695,0.5877526775549149,FALSE,FALSE
1994-11-25,King_Haakon,3.981891943,-0.2641277826518955,0.2641277826518955,0.5877526775549149,FALSE,FALSE
1994-11-26,King_Haakon,3.945006452,-0.26567039444298546,0.26567039444298546,0.5877526775549149,FALSE,FALSE
1994-11-27,King_Haakon,3.930861734,-0.2426704730711955,0.2426704730711955,0.5877526775549149,FALSE,FALSE
1994-11-28,King_Haakon,3.920648422,-0.2140760636774086,0.2140760636774086,0.5877526775549149,FALSE,FALSE
1994-11-29,King_Haakon,3.909018,-0.1853743604025042,0.1853743604025042,0.5877526775549149,FALSE,FALSE
1994-11-30,King_Haakon,3.872109373,-0.1805651363873615,0.1805651363873615,0.5877526775549149,FALSE,FALSE
1994-12-01,King_Haakon,3.798567355,-0.21114225577286616,0.21114225577286616,0.5877526775549149,FALSE,FALSE
1994-12-02,King_Haakon,3.766583246,-0.199053096699894,0.199053096699894,0.5877526775549149,FALSE,FALSE
1994-12-03,King_Haakon,3.721254542,-0.19933884130932844,0.19933884130932844,0.5877526775549149,FALSE,FALSE
1994-12-04,King_Haakon,3.659096509,-0.2156229017420519,0.2156229017420519,0.5877526775549149,FALSE,FALSE
1994-12-05,King_Haakon,3.607096477,-0.22105662613894328,0.22105662613894328,0.5877526775549149,FALSE,FALSE
1994-12-06,King_Haakon,3.531770519,-0.24926261964088425,0.24926261964088425,0.5877526775549149,FALSE,FALSE
1994-12-07,King_Haakon,3.454044452,-0.27945358223871786,0.27945358223871786,0.5877526775549149,FALSE,FALSE
1994-12-08,King_Haakon,3.42154129,-0.26409499079490883,0.26409499079490883,0.5877526775549149,FALSE,FALSE
1994-12-09,King_Haakon,3.359842045,-0.2775736795187953,0.2775736795187953,0.5877526775549149,FALSE,FALSE
1994-12-10,King_Haakon,3.296728504,-0.2920578857147862,0.2920578857147862,0.5877526775549149,FALSE,FALSE
1994-12-11,King_Haakon,3.264399839,-0.2752984616872953,0.2752984616872953,0.5877526775549149,FALSE,FALSE
1994-12-12,King_Haakon,3.234593592,-0.25550788974073546,0.25550788974073546,0.5877526775549149,FALSE,FALSE
1994-12-13,King_Haakon,3.201061538,-0.23888441917951744,0.23888441917951744,0.5877526775549149,FALSE,FALSE
1994-12-14,King_Haakon,3.173085773,-0.21609597830805383,0.21609597830805383,0.5877526775549149,FALSE,FALSE
1994-12-15,King_Haakon,3.158830818,-0.17892807043075631,0.17892807043075631,0.5877526775549149,FALSE,FALSE
1994-12-16,King_Haakon,3.098327069,-0.1873003238520372,0.1873003238520372,0.5877526775549149,FALSE,FALSE
1994-12-17,King_Haakon,3.034919506,-0.1978177828763088,0.1978177828763088,0.5877526775549149,FALSE,FALSE
1994-12-18,King_Haakon,2.990060329,-0.18897827180798157,0.18897827180798157,0.5877526775549149,FALSE,FALSE
1994-12-19,King_Haakon,2.927099542,-0.19738181095146912,0.19738181095146912,0.5877526775549149,FALSE,FALSE
1994-12-20,King_Haakon,2.878924938,-0.1900950266460528,0.1900950266460528,0.5877526775549149,FALSE,FALSE
1994-12-21,King_Haakon,2.816958734,-0.1957196152039513,0.1957196152039513,0.5877526775549149,FALSE,FALSE
1994-12-22,King_Haakon,2.747969651,-0.2075662404857921,0.2075662404857921,0.5877526775549149,FALSE,FALSE
1994-12-23,King_Haakon,2.689554392,-0.20811913017355543,0.20811913017355543,0.5877526775549149,FALSE,FALSE
1994-12-24,King_Haakon,2.5959743,-0.24319787194921896,0.24319787194921896,0.5877526775549149,FALSE,FALSE
1994-12-25,King_Haakon,2.524892735,-0.25522003649475344,0.25522003649475344,0.5877526775549149,FALSE,FALSE
1994-12-26,King_Haakon,2.457231034,-0.2633452174921369,0.2633452174921369,0.5877526775549149,FALSE,FALSE
1994-12-27,King_Haakon,2.400664006,-0.25997953662334794,0.25997953662334794,0.5877526775549149,FALSE,FALSE
1994-12-28,King_Haakon,2.339299882,-0.2610956935703652,0.2610956935703652,0.5877526775549149,FALSE,FALSE
1994-12-29,King_Haakon,2.278720525,-0.2611927560151561,0.2611927560151561,0.5877526775549149,FALSE,FALSE
1994-12-30,King_Haakon,2.210211185,-0.2690664046397062,0.2690664046397062,0.5877526775549149,FALSE,FALSE
1994-12-31,King_Haakon,2.149350632,-0.26921880012598365,0.26921880012598365,0.5877526775549149,FALSE,FALSE
1995-01-01,King_Haakon,2.104596832,-0.2532729071559734,0.2532729071559734,0.5877526775549149,FALSE,FALSE
1995-01-02,King_Haakon,2.053133355,-0.24412908438191572,0.24412908438191572,0.5877526775549149,FALSE,FALSE
1995-01-03,King_Haakon,1.983907646,-0.2529358073371557,0.2529358073371557,0.5877526775549149,FALSE,FALSE
1995-01-04,King_Haakon,1.937408832,-0.23930286752530083,0.23930286752530083,0.5877526775549149,FALSE,FALSE
1995-01-05,King_Haakon,1.901404738,-0.21556135844996585,0.21556135844996585,0.5877526775549149,FALSE,FALSE
1995-01-06,King_Haakon,1.847644313,-0.2100612496147547,0.2100612496147547,0.5877526775549149,FALSE,FALSE
1995-01-07,King_Haakon,1.795233506,-0.20379551052328404,0.20379551052328404,0.5877526775549149,FALSE,FALSE
1995-01-08,King_Haakon,1.764116896,-0.1769184806791666,0.1769184806791666,0.5877526775549149,FALSE,FALSE
1995-01-09,King_Haakon,1.738019091,-0.14580447058600754,0.14580447058600754,0.5877526775549149,FALSE,FALSE
1995-01-10,King_Haakon,1.716539625,-0.11095286474742316,0.11095286474742316,0.5877526775549149,FALSE,FALSE
1995-01-11,King_Haakon,1.665168406,-0.10697267366702223,0.10697267366702223,0.5877526775549149,FALSE,FALSE
1995-01-12,King_Haakon,1.639235276,-0.07863297384841506,0.07863297384841506,0.5877526775549149,FALSE,FALSE
1995-01-13,King_Haakon,1.60266655,-0.06210636879521503,0.06210636879521503,0.5877526775549149,FALSE,FALSE
1995-01-14,King_Haakon,1.569307113,-0.04364612190210182,0.04364612190210182,0.5877526775549149,FALSE,FALSE
1995-01-15,King_Haakon,1.517676603,-0.04480310832958367,0.04480310832958367,0.5877526775549149,FALSE,FALSE
1995-01-16,King_Haakon,1.494308309,-0.01907993120684481,0.01907993120684481,0.5877526775549149,FALSE,FALSE
1995-01-17,King_Haakon,1.457522852,-0.00818967211146137,0.00818967211146137,0.5877526775549149,FALSE,FALSE
1995-01-18,King_Haakon,1.436659881,0.01717361537898853,0.01717361537898853,0.5877526775549149,FALSE,FALSE
1995-01-19,King_Haakon,1.384963012,0.01021984468692616,0.01021984468692616,0.5877526775549149,FALSE,FALSE
1995-01-20,King_Haakon,1.362837371,0.03132043923477456,0.03132043923477456,0.5877526775549149,FALSE,FALSE
1995-01-21,King_Haakon,1.336825553,0.04698429144495586,0.04698429144495586,0.5877526775549149,FALSE,FALSE
1995-01-22,King_Haakon,1.302588292,0.05283843273989275,0.05283843273989275,0.5877526775549149,FALSE,FALSE
1995-01-23,King_Haakon,1.240836049,0.02955962154200731,0.02955962154200731,0.5877526775549149,FALSE,FALSE
1995-01-24,King_Haakon,1.215863549,0.04140888027371958,0.04140888027371958,0.5877526775549149,FALSE,FALSE
1995-01-25,King_Haakon,1.171849642,0.03253135635745385,0.03253135635745385,0.5877526775549149,FALSE,FALSE
1995-01-26,King_Haakon,1.125964304,0.02006332321563309,0.02006332321563309,0.5877526775549149,FALSE,FALSE
1995-01-27,King_Haakon,1.130427884,0.05620022635021682,0.05620022635021682,0.5877526775549149,FALSE,FALSE
1995-01-28,King_Haakon,1.14382598,0.0995623252705764,0.0995623252705764,0.5877526775549149,FALSE,FALSE
1995-01-29,King_Haakon,1.128267361,0.11231774952271724,0.11231774952271724,0.5877526775549149,FALSE,FALSE
1995-01-30,King_Haakon,1.115954611,0.12672852321608086,0.12672852321608086,0.5877526775549149,FALSE,FALSE
1995-01-31,King_Haakon,1.046902536,0.08286889246010798,0.08286889246010798,0.5877526775549149,FALSE,FALSE
1995-02-01,King_Haakon,1.0397857,0.09947286136424228,0.09947286136424228,0.5877526775549149,FALSE,FALSE
1995-02-02,King_Haakon,1.01733336,0.0993291270379244,0.0993291270379244,0.5877526775549149,FALSE,FALSE
1995-02-03,King_Haakon,0.991772599,0.09472421259059638,0.09472421259059638,0.5877526775549149,FALSE,FALSE
1995-02-04,King_Haakon,0.970507796,0.09312193713169992,0.09312193713169992,0.5877526775549149,FALSE,FALSE
1995-02-05,King_Haakon,0.951592206,0.09263499577067624,0.09263499577067624,0.5877526775549149,FALSE,FALSE
1995-02-06,King_Haakon,0.937954009,0.09625100861696945,0.09625100861696945,0.5877526775549149,FALSE,FALSE
1995-02-07,King_Haakon,0.916805635,0.0912418457800187,0.0912418457800187,0.5877526775549149,FALSE,FALSE
1995-02-08,King_Haakon,0.900186432,0.08970590395447431,0.08970590395447431,0.5877526775549149,FALSE,FALSE
1995-02-09,King_Haakon,0.879396296,0.08295045195318351,0.08295045195318351,0.5877526775549149,FALSE,FALSE
1995-02-10,King_Haakon,0.874498491,0.09094335567124567,0.09094335567124567,0.5877526775549149,FALSE,FALSE
1995-02-11,King_Haakon,0.868781117,0.09686516602793505,0.09686516602793505,0.5877526775549149,FALSE,FALSE
1995-02-12,King_Haakon,0.86739765,0.10576180994252005,0.10576180994252005,0.5877526775549149,FALSE,FALSE
1995-02-13,King_Haakon,0.856155962,0.1033336103342718,0.1033336103342718,0.5877526775549149,FALSE,FALSE
1995-02-14,King_Haakon,0.86300394,0.1174209051224645,0.1174209051224645,0.5877526775549149,FALSE,FALSE
1995-02-15,King_Haakon,0.841958862,0.10193342322636724,0.10193342322636724,0.5877526775549149,FALSE,FALSE
1995-02-16,King_Haakon,0.871300428,0.13504331556525262,0.13504331556525262,0.5877526775549149,FALSE,FALSE
1995-02-17,King_Haakon,0.88694728,0.15256167505839113,0.15256167505839113,0.5877526775549149,FALSE,FALSE
1995-02-18,King_Haakon,0.915771362,0.18125289662505428,0.18125289662505428,0.5877526775549149,FALSE,FALSE
1995-02-19,King_Haakon,0.951419291,0.21465604818451445,0.21465604818451445,0.5877526775549149,FALSE,FALSE
1995-02-20,King_Haakon,0.922349645,0.18112215865604164,0.18112215865604164,0.5877526775549149,FALSE,FALSE
1995-02-21,King_Haakon,0.880262107,0.13225378984417735,0.13225378984417735,0.5877526775549149,FALSE,FALSE
1995-02-22,King_Haakon,0.848280111,0.09120367840931742,0.09120367840931742,0.5877526775549149,FALSE,FALSE
1995-02-23,King_Haakon,0.847173701,0.07885527367772027,0.07885527367772027,0.5877526775549149,FALSE,FALSE
1995-02-24,King_Haakon,0.857250762,0.07563138629716093,0.07563138629716093,0.5877526775549149,FALSE,FALSE
1995-02-25,King_Haakon,0.866700354,0.0698360019154105,0.0698360019154105,0.5877526775549149,FALSE,FALSE
1995-02-26,King_Haakon,0.929188844,0.11525041318024232,0.11525041318024232,0.5877526775549149,FALSE,FALSE
1995-02-27,King_Haakon,0.970764144,0.1380374577394291,0.1380374577394291,0.5877526775549149,FALSE,FALSE
1995-02-28,King_Haakon,1.000263757,0.14714956424074288,0.14714956424074288,0.5877526775549149,FALSE,FALSE
1995-03-01,King_Haakon,1.048475829,0.17348980433195804,0.17348980433195804,0.5877526775549149,FALSE,FALSE
1995-03-02,King_Haakon,1.058061161,0.15983390466084535,0.15983390466084535,0.5877526775549149,FALSE,FALSE
1995-03-03,King_Haakon,1.094940559,0.17221759687518012,0.17221759687518012,0.5877526775549149,FALSE,FALSE
1995-03-04,King_Haakon,1.122753437,0.17439522062273316,0.17439522062273316,0.5877526775549149,FALSE,FALSE
1995-03-05,King_Haakon,1.162385854,0.18736775656883675,0.18736775656883675,0.5877526775549149,FALSE,FALSE
1995-03-06,King_Haakon,1.194431824,0.19182932619775195,0.19182932619775195,0.5877526775549149,FALSE,FALSE
1995-03-07,King_Haakon,1.217928,0.18686846064735071,0.18686846064735071,0.5877526775549149,FALSE,FALSE
1995-03-08,King_Haakon,1.248421588,0.1880744457583212,0.1880744457583212,0.5877526775549149,FALSE,FALSE
1995-03-09,King_Haakon,1.286975516,0.1965522893713456,0.1965522893713456,0.5877526775549149,FALSE,FALSE
1995-03-10,King_Haakon,1.342389849,0.22114413632710872,0.22114413632710872,0.5877526775549149,FALSE,FALSE
1995-03-11,King_Haakon,1.365401284,0.212628763466298,0.212628763466298,0.5877526775549149,FALSE,FALSE
1995-03-12,King_Haakon,1.376187741,0.19122617062959743,0.19122617062959743,0.5877526775549149,FALSE,FALSE
1995-03-13,King_Haakon,1.40730591,0.189535127657692,0.189535127657692,0.5877526775549149,FALSE,FALSE
1995-03-14,King_Haakon,1.4579678,0.2068097233912658,0.2068097233912658,0.5877526775549149,FALSE,FALSE
1995-03-15,King_Haakon,1.506731043,0.22164966967100508,0.22164966967100508,0.5877526775549149,FALSE,FALSE
1995-03-16,King_Haakon,1.549944385,0.23044579233759355,0.23044579233759355,0.5877526775549149,FALSE,FALSE
1995-03-17,King_Haakon,1.59167136,0.23730370523171795,0.23730370523171795,0.5877526775549149,FALSE,FALSE
1995-03-18,King_Haakon,1.605472989,0.21582666110716775,0.21582666110716775,0.5877526775549149,FALSE,FALSE
1995-03-19,King_Haakon,1.58863912,0.16335053372538466,0.16335053372538466,0.5877526775549149,FALSE,FALSE
1995-03-20,King_Haakon,1.616643345,0.1553989094115953,0.1553989094115953,0.5877526775549149,FALSE,FALSE
1995-03-21,King_Haakon,1.652606116,0.155142421337499,0.155142421337499,0.5877526775549149,FALSE,FALSE
1995-03-22,King_Haakon,1.703160143,0.16926396067479788,0.16926396067479788,0.5877526775549149,FALSE,FALSE
1995-03-23,King_Haakon,1.705404882,0.1349131645951942,0.1349131645951942,0.5877526775549149,FALSE,FALSE
1995-03-24,King_Haakon,1.715247372,0.10804725327038645,0.10804725327038645,0.5877526775549149,FALSE,FALSE
1995-03-25,King_Haakon,1.72805895,0.08408774487207915,0.08408774487207915,0.5877526775549149,FALSE,FALSE
1995-03-26,King_Haakon,1.736385143,0.05563034757196861,0.05563034757196861,0.5877526775549149,FALSE,FALSE
1995-03-27,King_Haakon,1.742023072,0.02452236354175929,0.02452236354175929,0.5877526775549149,FALSE,FALSE
1995-03-28,King_Haakon,1.746491716,-0.00766704704685028,0.00766704704685028,0.5877526775549149,FALSE,FALSE
1995-03-29,King_Haakon,1.734320559,-0.05635821902215587,0.05635821902215587,0.5877526775549149,FALSE,FALSE
1995-03-30,King_Haakon,1.74555781,-0.08145276221245834,0.08145276221245834,0.5877526775549149,FALSE,FALSE
1995-03-31,King_Haakon,1.777900363,-0.08521218260120667,0.08521218260120667,0.5877526775549149,FALSE,FALSE
1995-04-01,King_Haakon,1.816546362,-0.08244364105102053,0.08244364105102053,0.5877526775549149,FALSE,FALSE
1995-04-02,King_Haakon,1.856796138,-0.07786805706215838,0.07786805706215838,0.5877526775549149,FALSE,FALSE
1995-04-03,King_Haakon,1.931092262,-0.0390641233171316,0.0390641233171316,0.5877526775549149,FALSE,FALSE
1995-04-04,King_Haakon,1.958160652,-0.04732718549844583,0.04732718549844583,0.5877526775549149,FALSE,FALSE
1995-04-05,King_Haakon,1.958411212,-0.08226860328861085,0.08226860328861085,0.5877526775549149,FALSE,FALSE
1995-04-06,King_Haakon,1.992781589,-0.08297199337013761,0.08297199337013761,0.5877526775549149,FALSE,FALSE
1995-04-07,King_Haakon,2.08095068,-0.02977972242553006,0.02977972242553006,0.5877526775549149,FALSE,FALSE
1995-04-08,King_Haakon,2.168063218,0.02243167886270081,0.02243167886270081,0.5877526775549149,FALSE,FALSE
1995-04-09,King_Haakon,2.229966605,0.04948834881204833,0.04948834881204833,0.5877526775549149,FALSE,FALSE
1995-04-10,King_Haakon,2.250047996,0.03475617873999948,0.03475617873999948,0.5877526775549149,FALSE,FALSE
1995-04-11,King_Haakon,2.285174292,0.03508080596405083,0.03508080596405083,0.5877526775549149,FALSE,FALSE
1995-04-12,King_Haakon,2.313093265,0.02818890384790418,0.02818890384790418,0.5877526775549149,FALSE,FALSE
1995-04-13,King_Haakon,2.319647393,-8.638536259519825e-5,8.638536259519825e-5,0.5877526775549149,FALSE,FALSE
1995-04-14,King_Haakon,2.348680481,-0.00589120141590937,0.00589120141590937,0.5877526775549149,FALSE,FALSE
1995-04-15,King_Haakon,2.394414185,0.00500797814623865,0.00500797814623865,0.5877526775549149,FALSE,FALSE
1995-04-16,King_Haakon,2.445215548,0.02099006278212378,0.02099006278212378,0.5877526775549149,FALSE,FALSE
1995-04-17,King_Haakon,2.491145697,0.03212804595001906,0.03212804595001906,0.5877526775549149,FALSE,FALSE
1995-04-18,King_Haakon,2.505620787,0.01184994910820336,0.01184994910820336,0.5877526775549149,FALSE,FALSE
1995-04-19,King_Haakon,2.555080579,0.02660739971495207,0.02660739971495207,0.5877526775549149,FALSE,FALSE
1995-04-20,King_Haakon,2.595608211,0.03249540222853797,0.03249540222853797,0.5877526775549149,FALSE,FALSE
1995-04-21,King_Haakon,2.616202553,0.01852469310723581,0.01852469310723581,0.5877526775549149,FALSE,FALSE
1995-04-22,King_Haakon,2.621196526,-0.01095994019067703,0.01095994019067703,0.5877526775549149,FALSE,FALSE
1995-04-23,King_Haakon,2.638299382,-0.02823737920692659,0.02823737920692659,0.5877526775549149,FALSE,FALSE
1995-04-24,King_Haakon,2.651449608,-0.0493572704832359,0.0493572704832359,0.5877526775549149,FALSE,FALSE
1995-04-25,King_Haakon,2.650334027,-0.08461899583312293,0.08461899583312293,0.5877526775549149,FALSE,FALSE
1995-04-26,King_Haakon,2.667144446,-0.10179863504633602,0.10179863504633602,0.5877526775549149,FALSE,FALSE
1995-04-27,King_Haakon,2.672776248,-0.12995856926555271,0.12995856926555271,0.5877526775549149,FALSE,FALSE
1995-04-28,King_Haakon,2.680848836,-0.15543705300254507,0.15543705300254507,0.5877526775549149,FALSE,FALSE
1995-04-29,King_Haakon,2.706840624,-0.16271332976908015,0.16271332976908015,0.5877526775549149,FALSE,FALSE
1995-04-30,King_Haakon,2.7183652,-0.18413146907693537,0.18413146907693537,0.5877526775549149,FALSE,FALSE
1995-05-01,King_Haakon,2.731619879,-0.20345181343787425,0.20345181343787425,0.5877526775549149,FALSE,FALSE
1995-05-02,King_Haakon,2.770036552,-0.1972001293636736,0.1972001293636736,0.5877526775549149,FALSE,FALSE
1995-05-03,King_Haakon,2.824935238,-0.1740140553661007,0.1740140553661007,0.5877526775549149,FALSE,FALSE
1995-05-04,King_Haakon,2.883264616,-0.14690256995692774,0.14690256995692774,0.5877526775549149,FALSE,FALSE
1995-05-05,King_Haakon,2.90275855,-0.15808946664792425,0.15808946664792425,0.5877526775549149,FALSE,FALSE
1995-05-06,King_Haakon,2.926205291,-0.16474415195086456,0.16474415195086456,0.5877526775549149,FALSE,FALSE
1995-05-07,King_Haakon,2.952175559,-0.16825358455192996,0.16825358455192996,0.5877526775549149,FALSE,FALSE
1995-05-08,King_Haakon,3.019319528,-0.12993707420440526,0.12993707420440526,0.5877526775549149,FALSE,FALSE
1995-05-09,King_Haakon,3.092816109,-0.0846166125229284,0.0846166125229284,0.5877526775549149,FALSE,FALSE
1995-05-10,King_Haakon,3.138205889,-0.0667576846569955,0.0667576846569955,0.5877526775549149,FALSE,FALSE
1995-05-11,King_Haakon,3.147738624,-0.08411660675610699,0.08411660675610699,0.5877526775549149,FALSE,FALSE
1995-05-12,King_Haakon,3.107905407,-0.1502083579697575,0.1502083579697575,0.5877526775549149,FALSE,FALSE
1995-05-13,King_Haakon,3.157877923,-0.12586732544744672,0.12586732544744672,0.5877526775549149,FALSE,FALSE
1995-05-14,King_Haakon,3.146861506,-0.16189424733867375,0.16189424733867375,0.5877526775549149,FALSE,FALSE
1995-05-15,King_Haakon,3.176381791,-0.15676956079293358,0.15676956079293358,0.5877526775549149,FALSE,FALSE
1995-05-16,King_Haakon,3.200728391,-0.15620972495972785,0.15620972495972785,0.5877526775549149,FALSE,FALSE
1995-05-17,King_Haakon,3.218966654,-0.16115546398855018,0.16115546398855018,0.5877526775549149,FALSE,FALSE
1995-05-18,King_Haakon,3.256550406,-0.1461590240289028,0.1461590240289028,0.5877526775549149,FALSE,FALSE
1995-05-19,King_Haakon,3.263782866,-0.16092325823028109,0.16092325823028109,0.5877526775549149,FALSE,FALSE
1995-05-20,King_Haakon,3.25932728,-0.186792570882242,0.186792570882242,0.5877526775549149,FALSE,FALSE
1995-05-21,King_Haakon,3.253570812,-0.2134162450921786,0.2134162450921786,0.5877526775549149,FALSE,FALSE
1995-05-22,King_Haakon,3.276425889,-0.2109434602803928,0.2109434602803928,0.5877526775549149,FALSE,FALSE
1995-05-23,King_Haakon,3.329220492,-0.17810868834513327,0.17810868834513327,0.5877526775549149,FALSE,FALSE
1995-05-24,King_Haakon,3.4004308070000002,-0.12649819618465274,0.12649819618465274,0.5877526775549149,FALSE,FALSE
1995-05-25,King_Haakon,3.407095111,-0.13913615969720183,0.13913615969720183,0.5877526775549149,FALSE,FALSE
1995-05-26,King_Haakon,3.433229253,-0.13206918278103252,0.13206918278103252,0.5877526775549149,FALSE,FALSE
1995-05-27,King_Haakon,3.452206634,-0.13198631733439514,0.13198631733439514,0.5877526775549149,FALSE,FALSE
1995-05-28,King_Haakon,3.469872755,-0.133104515255543,0.133104515255543,0.5877526775549149,FALSE,FALSE
1995-05-29,King_Haakon,3.471310017,-0.15040382844272626,0.15040382844272626,0.5877526775549149,FALSE,FALSE
1995-05-30,King_Haakon,3.511821673,-0.1286434567941943,0.1286434567941943,0.5877526775549149,FALSE,FALSE
1995-05-31,King_Haakon,3.548459572,-0.11083400420820544,0.11083400420820544,0.5877526775549149,FALSE,FALSE
1995-06-01,King_Haakon,3.569959523,-0.10830211458300364,0.10830211458300364,0.5877526775549149,FALSE,FALSE
1995-06-02,King_Haakon,3.580195045,-0.1172228694641202,0.1172228694641202,0.5877526775549149,FALSE,FALSE
1995-06-03,King_Haakon,3.590802693,-0.12594686161965285,0.12594686161965285,0.5877526775549149,FALSE,FALSE
1995-06-04,King_Haakon,3.610231056,-0.1259956145537613,0.1259956145537613,0.5877526775549149,FALSE,FALSE
1995-06-05,King_Haakon,3.611658435,-0.14416093913957617,0.14416093913957617,0.5877526775549149,FALSE,FALSE
1995-06-06,King_Haakon,3.630879644,-0.144618133250221,0.144618133250221,0.5877526775549149,FALSE,FALSE
1995-06-07,King_Haakon,3.621306051,-0.1739259407588181,0.1739259407588181,0.5877526775549149,FALSE,FALSE
1995-06-08,King_Haakon,3.583631005,-0.23136112453850277,0.23136112453850277,0.5877526775549149,FALSE,FALSE
1995-06-09,King_Haakon,3.562265628,-0.2724826744623998,0.2724826744623998,0.5877526775549149,FALSE,FALSE
1995-06-10,King_Haakon,3.564704482,-0.28976614040363646,0.28976614040363646,0.5877526775549149,FALSE,FALSE
1995-06-11,King_Haakon,3.554768531,-0.3193606702353371,0.3193606702353371,0.5877526775549149,FALSE,FALSE
1995-06-12,King_Haakon,3.590205655,-0.3034884958306301,0.3034884958306301,0.5877526775549149,FALSE,FALSE
1995-06-13,King_Haakon,3.648156417,-0.26497916606264615,0.26497916606264615,0.5877526775549149,FALSE,FALSE
1995-06-14,King_Haakon,3.671920144,-0.2605035857552984,0.2605035857552984,0.5877526775549149,FALSE,FALSE
1995-06-15,King_Haakon,3.672370139,-0.27916397166081763,0.27916397166081763,0.5877526775549149,FALSE,FALSE
1995-06-16,King_Haakon,3.684366822,-0.2860826778055543,0.2860826778055543,0.5877526775549149,FALSE,FALSE
1995-06-17,King_Haakon,3.727852515,-0.26130068180040933,0.26130068180040933,0.5877526775549149,FALSE,FALSE
1995-06-18,King_Haakon,3.77967929,-0.22794921125626463,0.22794921125626463,0.5877526775549149,FALSE,FALSE
1995-06-19,King_Haakon,3.779231675,-0.2466270377840152,0.2466270377840152,0.5877526775549149,FALSE,FALSE
1995-06-20,King_Haakon,3.776680351,-0.2671467799945453,0.2671467799945453,0.5877526775549149,FALSE,FALSE
1995-06-21,King_Haakon,3.764575303,-0.29694175249875077,0.29694175249875077,0.5877526775549149,FALSE,FALSE
1995-06-22,King_Haakon,3.748462874,-0.33044891190751935,0.33044891190751935,0.5877526775549149,FALSE,FALSE
1995-06-23,King_Haakon,3.72813384,-0.36786078183174187,0.36786078183174187,0.5877526775549149,FALSE,FALSE
1995-06-24,King_Haakon,3.708488638,-0.4042602248823059,0.4042602248823059,0.5877526775549149,FALSE,FALSE
1995-06-25,King_Haakon,3.712647206,-0.4165106026701042,0.4165106026701042,0.5877526775549149,FALSE,FALSE
1995-06-26,King_Haakon,3.750938491,-0.3942662678060267,0.3942662678060267,0.5877526775549149,FALSE,FALSE
1995-06-27,King_Haakon,3.764594689,-0.3962826613382209,0.3962826613382209,0.5877526775549149,FALSE,FALSE
1995-06-28,King_Haakon,3.79428201,-0.3819139861824557,0.3819139861824557,0.5877526775549149,FALSE,FALSE
1995-06-29,King_Haakon,3.811522245,-0.379673840836789,0.379673840836789,0.5877526775549149,FALSE,FALSE
1995-06-30,King_Haakon,3.866533548,-0.33937953780153096,0.33937953780153096,0.5877526775549149,FALSE,FALSE
1995-07-01,King_Haakon,3.907432558,-0.3129499045769899,0.3129499045769899,0.5877526775549149,FALSE,FALSE
1995-07-02,King_Haakon,3.940093224,-0.29454645866347295,0.29454645866347295,0.5877526775549149,FALSE,FALSE
1995-07-03,King_Haakon,3.931897797,-0.3168224155612962,0.3168224155612962,0.5877526775549149,FALSE,FALSE
1995-07-04,King_Haakon,3.960480095,-0.30217942377076623,0.30217942377076623,0.5877526775549149,FALSE,FALSE
1995-07-05,King_Haakon,3.949119558,-0.3273735097921917,0.3273735097921917,0.5877526775549149,FALSE,FALSE
1995-07-06,King_Haakon,3.930931589,-0.35932473712588564,0.35932473712588564,0.5877526775549149,FALSE,FALSE
1995-07-07,King_Haakon,3.897237178,-0.40674758227215246,0.40674758227215246,0.5877526775549149,FALSE,FALSE
1995-07-08,King_Haakon,3.886440266,-0.43127357073130845,0.43127357073130845,0.5877526775549149,FALSE,FALSE
1995-07-09,King_Haakon,3.910622694,-0.4208562368001769,0.4208562368001769,0.5877526775549149,FALSE,FALSE
1995-07-10,King_Haakon,3.929192964,-0.4161047151206074,0.4161047151206074,0.5877526775549149,FALSE,FALSE
1995-07-11,King_Haakon,3.900562843,-0.4585860547412923,0.4585860547412923,0.5877526775549149,FALSE,FALSE
1995-07-12,King_Haakon,3.892796048,-0.4802102173370182,0.4802102173370182,0.5877526775549149,FALSE,FALSE
1995-07-13,King_Haakon,3.902546291,-0.4842971695825815,0.4842971695825815,0.5877526775549149,FALSE,FALSE
1995-07-14,King_Haakon,3.91001713,-0.4906170321527617,0.4906170321527617,0.5877526775549149,FALSE,FALSE
1995-07-15,King_Haakon,3.857885387,-0.5564666617223515,0.5564666617223515,0.5877526775549149,FALSE,FALSE
1995-07-16,King_Haakon,3.788042911,-0.639927887966139,0.639927887966139,0.5877526775549149,TRUE,TRUE
1995-07-17,King_Haakon,3.765014925,-0.6764491665589096,0.6764491665589096,0.5877526775549149,TRUE,TRUE
1995-07-18,King_Haakon,3.748504604,-0.7063010011754587,0.7063010011754587,0.5877526775549149,TRUE,TRUE
1995-07-19,King_Haakon,3.751750647,-0.7162183714905672,0.7162183714905672,0.5877526775549149,TRUE,TRUE
1995-07-20,King_Haakon,3.778987056,-0.7019409541790269,0.7019409541790269,0.5877526775549149,TRUE,TRUE
1995-07-21,King_Haakon,3.82945684,-0.6641994189156271,0.6641994189156271,0.5877526775549149,TRUE,TRUE
1995-07-22,King_Haakon,3.9123863,-0.5937421450844194,0.5937421450844194,0.5877526775549149,TRUE,TRUE
1995-07-23,King_Haakon,3.936529011,-0.5818040639589146,0.5818040639589146,0.5877526775549149,FALSE,FALSE
1995-07-24,King_Haakon,3.925653722,-0.6046150110521387,0.6046150110521387,0.5877526775549149,TRUE,TRUE
1995-07-25,King_Haakon,3.931581073,-0.6103531594908014,0.6103531594908014,0.5877526775549149,TRUE,TRUE
1995-07-26,King_Haakon,3.901940497,-0.6513878894016214,0.6513878894016214,0.5877526775549149,TRUE,TRUE
1995-07-27,King_Haakon,3.905571029,-0.658878978911309,0.658878978911309,0.5877526775549149,TRUE,TRUE
1995-07-28,King_Haakon,3.893460563,-0.6818373471465766,0.6818373471465766,0.5877526775549149,TRUE,TRUE
1995-07-29,King_Haakon,3.940663521,-0.6452073852341429,0.6452073852341429,0.5877526775549149,TRUE,TRUE
1995-07-30,King_Haakon,3.975416969,-0.620750840300714,0.620750840300714,0.5877526775549149,TRUE,TRUE
1995-07-31,King_Haakon,3.994481205,-0.6117062274730105,0.6117062274730105,0.5877526775549149,TRUE,TRUE
1995-08-01,King_Haakon,4.033714027,-0.5822145618777403,0.5822145618777403,0.5877526775549149,FALSE,FALSE
1995-08-02,King_Haakon,4.081440558,-0.5439495336416202,0.5439495336416202,0.5877526775549149,FALSE,FALSE
1995-08-03,King_Haakon,4.143549511,-0.49102124271766456,0.49102124271766456,0.5877526775549149,FALSE,FALSE
1995-08-04,King_Haakon,4.234608365,-0.4088563339010509,0.4088563339010509,0.5877526775549149,FALSE,FALSE
1995-08-05,King_Haakon,4.315231819,-0.33681731638331414,0.33681731638331414,0.5877526775549149,FALSE,FALSE
1995-08-06,King_Haakon,4.370364904,-0.2899325543321041,0.2899325543321041,0.5877526775549149,FALSE,FALSE
1995-08-07,King_Haakon,4.404452612,-0.26373045091506864,0.26373045091506864,0.5877526775549149,FALSE,FALSE
1995-08-08,King_Haakon,4.412641605,-0.26303773929985486,0.26303773929985486,0.5877526775549149,FALSE,FALSE
1995-08-09,King_Haakon,4.422048084,-0.2607116136541121,0.2607116136541121,0.5877526775549149,FALSE,FALSE
1995-08-10,King_Haakon,4.417362888,-0.27203463014548923,0.27203463014548923,0.5877526775549149,FALSE,FALSE
1995-08-11,King_Haakon,4.42218769,-0.2733785109416367,0.2733785109416367,0.5877526775549149,FALSE,FALSE
1995-08-12,King_Haakon,4.467534143,-0.23370499821020108,0.23370499821020108,0.5877526775549149,FALSE,FALSE
1995-08-13,King_Haakon,4.498198163,-0.2081915711188307,0.2081915711188307,0.5877526775549149,FALSE,FALSE
1995-08-14,King_Haakon,4.537147554,-0.1738438208351729,0.1738438208351729,0.5877526775549149,FALSE,FALSE
1995-08-15,King_Haakon,4.526298218,-0.1887192405268756,0.1887192405268756,0.5877526775549149,FALSE,FALSE
1995-08-16,King_Haakon,4.553300168,-0.16514314902595828,0.16514314902595828,0.5877526775549149,FALSE,FALSE
1995-08-17,King_Haakon,4.531820994,-0.18948085037787088,0.18948085037787088,0.5877526775549149,FALSE,FALSE
1995-08-18,King_Haakon,4.505085114,-0.21860670512111824,0.21860670512111824,0.5877526775549149,FALSE,FALSE
1995-08-19,King_Haakon,4.500402239,-0.2253133914347174,0.2253133914347174,0.5877526775549149,FALSE,FALSE
1995-08-20,King_Haakon,4.489573562,-0.23790210549769508,0.23790210549769508,0.5877526775549149,FALSE,FALSE
1995-08-21,King_Haakon,4.452262181,-0.27681213848906694,0.27681213848906694,0.5877526775549149,FALSE,FALSE
1995-08-22,King_Haakon,4.405586185,-0.32502779058786135,0.32502779058786135,0.5877526775549149,FALSE,FALSE
1995-08-23,King_Haakon,4.378316946,-0.3538800789730958,0.3538800789730958,0.5877526775549149,FALSE,FALSE
1995-08-24,King_Haakon,4.356306812,-0.3776190448237946,0.3776190448237946,0.5877526775549149,FALSE,FALSE
1995-08-25,King_Haakon,4.319198062,-0.4167047983189791,0.4167047983189791,0.5877526775549149,FALSE,FALSE
1995-08-26,King_Haakon,4.283724113,-0.4545063116376733,0.4545063116376733,0.5877526775549149,FALSE,FALSE
1995-08-27,King_Haakon,4.281310676,-0.4597002629588971,0.4597002629588971,0.5877526775549149,FALSE,FALSE
1995-08-28,King_Haakon,4.276080037,-0.46826675546167174,0.46826675546167174,0.5877526775549149,FALSE,FALSE
1995-08-29,King_Haakon,4.264205862,-0.484113152512645,0.484113152512645,0.5877526775549149,FALSE,FALSE
1995-08-30,King_Haakon,4.288930683,-0.46394813303221394,0.46394813303221394,0.5877526775549149,FALSE,FALSE
1995-08-31,King_Haakon,4.295279533,-0.46264909801498977,0.46264909801498977,0.5877526775549149,FALSE,FALSE
1995-09-01,King_Haakon,4.32571785,-0.43765295596579534,0.43765295596579534,0.5877526775549149,FALSE,FALSE
1995-09-02,King_Haakon,4.324042979,-0.44506470838945233,0.44506470838945233,0.5877526775549149,FALSE,FALSE
1995-09-03,King_Haakon,4.318836438,-0.456205183790777,0.456205183790777,0.5877526775549149,FALSE,FALSE
1995-09-04,King_Haakon,4.311585514,-0.4694894416745923,0.4694894416745923,0.5877526775549149,FALSE,FALSE
1995-09-05,King_Haakon,4.287141507,-0.4999685285457147,0.4999685285457147,0.5877526775549149,FALSE,FALSE
1995-09-06,King_Haakon,4.240117313,-0.5529318949089728,0.5529318949089728,0.5877526775549149,FALSE,FALSE
1995-09-07,King_Haakon,4.225993086,-0.5728017332691762,0.5728017332691762,0.5877526775549149,FALSE,FALSE
1995-09-08,King_Haakon,4.165401145,-0.6388480711311537,0.6388480711311537,0.5877526775549149,TRUE,TRUE
1995-09-09,King_Haakon,4.130041384,-0.6792733609997255,0.6792733609997255,0.5877526775549149,TRUE,TRUE
1995-09-10,King_Haakon,4.114352613,-0.6995415733689372,0.6995415733689372,0.5877526775549149,TRUE,TRUE
1995-09-11,King_Haakon,4.153230054,-0.6647014660424562,0.6647014660424562,0.5877526775549149,TRUE,TRUE
1995-09-12,King_Haakon,4.221711658,-0.599733622426907,0.599733622426907,0.5877526775549149,TRUE,TRUE
1995-09-13,King_Haakon,4.254578503,-0.5698833488786335,0.5698833488786335,0.5877526775549149,FALSE,FALSE
1995-09-14,King_Haakon,4.251985764,-0.5750218547539765,0.5750218547539765,0.5877526775549149,FALSE,FALSE
1995-09-15,King_Haakon,4.266133827,-0.5629751384092856,0.5629751384092856,0.5877526775549149,FALSE,FALSE
1995-09-16,King_Haakon,4.326009332,-0.5047829442009055,0.5047829442009055,0.5877526775549149,FALSE,FALSE
1995-09-17,King_Haakon,4.390104852,-0.441979083485176,0.441979083485176,0.5877526775549149,FALSE,FALSE
1995-09-18,King_Haakon,4.461432268,-0.37157805961845014,0.37157805961845014,0.5877526775549149,FALSE,FALSE
1995-09-19,King_Haakon,4.523529321,-0.3100685159570684,0.3100685159570684,0.5877526775549149,FALSE,FALSE
1995-09-20,King_Haakon,4.533928062,-0.2999447858573774,0.2999447858573774,0.5877526775549149,FALSE,FALSE
1995-09-21,King_Haakon,4.512409639,-0.3214521056757187,0.3214521056757187,0.5877526775549149,FALSE,FALSE
1995-09-22,King_Haakon,4.472267676,-0.3613232357684417,0.3613232357684417,0.5877526775549149,FALSE,FALSE
1995-09-23,King_Haakon,4.426369057,-0.4067178806769878,0.4067178806769878,0.5877526775549149,FALSE,FALSE
1995-09-24,King_Haakon,4.4342584,-0.3981201969739754,0.3981201969739754,0.5877526775549149,FALSE,FALSE
1995-09-25,King_Haakon,4.48479969,-0.34669630031214904,0.34669630031214904,0.5877526775549149,FALSE,FALSE
1995-09-26,King_Haakon,4.556573676,-0.27389556095060286,0.27389556095060286,0.5877526775549149,FALSE,FALSE
1995-09-27,King_Haakon,4.58215792,-0.24717053614845064,0.24717053614845064,0.5877526775549149,FALSE,FALSE
1995-09-28,King_Haakon,4.58237859,-0.2457251771647906,0.2457251771647906,0.5877526775549149,FALSE,FALSE
1995-09-29,King_Haakon,4.611097216,-0.2157280732587328,0.2157280732587328,0.5877526775549149,FALSE,FALSE
1995-09-30,King_Haakon,4.665153122,-0.16037001968937847,0.16037001968937847,0.5877526775549149,FALSE,FALSE
1995-10-01,King_Haakon,4.723133211,-0.10109423271583308,0.10109423271583308,0.5877526775549149,FALSE,FALSE
1995-10-02,King_Haakon,4.741553423,-0.08141489159720106,0.08141489159720106,0.5877526775549149,FALSE,FALSE
1995-10-03,King_Haakon,4.774862512,-0.04691336159258874,0.04691336159258874,0.5877526775549149,FALSE,FALSE
1995-10-04,King_Haakon,4.781319203,-0.0393610369610986,0.0393610369610986,0.5877526775549149,FALSE,FALSE
1995-10-05,King_Haakon,4.788757331,-0.03095418367800118,0.03095418367800118,0.5877526775549149,FALSE,FALSE
1995-10-06,King_Haakon,4.799607652,-0.01927003005306549,0.01927003005306549,0.5877526775549149,FALSE,FALSE
1995-10-07,King_Haakon,4.831821414,0.01369974486579561,0.01369974486579561,0.5877526775549149,FALSE,FALSE
1995-10-08,King_Haakon,4.812200177,-0.00517432387157335,0.00517432387157335,0.5877526775549149,FALSE,FALSE
1995-10-09,King_Haakon,4.792036475,-0.02453072721532478,0.02453072721532478,0.5877526775549149,FALSE,FALSE
1995-10-10,King_Haakon,4.741060342,-0.07457045611560531,0.07457045611560531,0.5877526775549149,FALSE,FALSE
1995-10-11,King_Haakon,4.724736478,-0.08975983552257727,0.08975983552257727,0.5877526775549149,FALSE,FALSE
1995-10-12,King_Haakon,4.718510203,-0.09458457038638812,0.09458457038638812,0.5877526775549149,FALSE,FALSE
1995-10-13,King_Haakon,4.729294085,-0.08206311765719043,0.08206311765719043,0.5877526775549149,FALSE,FALSE
1995-10-14,King_Haakon,4.741513795,-0.06770083128513793,0.06770083128513793,0.5877526775549149,FALSE,FALSE
1995-10-15,King_Haakon,4.746389879,-0.0602081902203837,0.0602081902203837,0.5877526775549149,FALSE,FALSE
1995-10-16,King_Haakon,4.715300297,-0.08813825941308107,0.08813825941308107,0.5877526775549149,FALSE,FALSE
1995-10-17,King_Haakon,4.651073944,-0.14859316881338103,0.14859316881338103,0.5877526775549149,FALSE,FALSE
1995-10-18,King_Haakon,4.631064428,-0.16415307042115934,0.16415307042115934,0.5877526775549149,FALSE,FALSE
1995-10-19,King_Haakon,4.614169002,-0.17591256288204704,0.17591256288204704,0.5877526775549149,FALSE,FALSE
1995-10-20,King_Haakon,4.556889684,-0.2274170163431828,0.2274170163431828,0.5877526775549149,FALSE,FALSE
1995-10-21,King_Haakon,4.493780928,-0.2841615886484359,0.2841615886484359,0.5877526775549149,FALSE,FALSE
1995-10-22,King_Haakon,4.477496645,-0.29354198064167303,0.29354198064167303,0.5877526775549149,FALSE,FALSE
1995-10-23,King_Haakon,4.469317803,-0.2943268361667668,0.2943268361667668,0.5877526775549149,FALSE,FALSE
1995-10-24,King_Haakon,4.429978536,-0.32583163306758056,0.32583163306758056,0.5877526775549149,FALSE,FALSE
1995-10-25,King_Haakon,4.399208726,-0.3483761011879789,0.3483761011879789,0.5877526775549149,FALSE,FALSE
1995-10-26,King_Haakon,4.351820567,-0.3871976583718339,0.3871976583718339,0.5877526775549149,FALSE,FALSE
1995-10-27,King_Haakon,4.338080775,-0.39207920046301314,0.39207920046301314,0.5877526775549149,FALSE,FALSE
1995-10-28,King_Haakon,4.347711602,-0.3733480873053834,0.3733480873053834,0.5877526775549149,FALSE,FALSE
1995-10-29,King_Haakon,4.33210558,-0.3796613987428152,0.3796613987428152,0.5877526775549149,FALSE,FALSE
1995-10-30,King_Haakon,4.337734487,-0.36459696861917035,0.36459696861917035,0.5877526775549149,FALSE,FALSE
1995-10-31,King_Haakon,4.32709588,-0.3656926907049085,0.3656926907049085,0.5877526775549149,FALSE,FALSE
1995-11-01,King_Haakon,4.302055802,-0.3810482688922008,0.3810482688922008,0.5877526775549149,FALSE,FALSE
1995-11-02,King_Haakon,4.311118038,-0.3621042547504176,0.3621042547504176,0.5877526775549149,FALSE,FALSE
1995-11-03,King_Haakon,4.314919287,-0.3481682800932697,0.3481682800932697,0.5877526775549149,FALSE,FALSE
1995-11-04,King_Haakon,4.32645237,-0.3261918547344784,0.3261918547344784,0.5877526775549149,FALSE,FALSE
1995-11-05,King_Haakon,4.324014213,-0.31782238348775227,0.31782238348775227,0.5877526775549149,FALSE,FALSE
1995-11-06,King_Haakon,4.36110775,-0.2695012631668101,0.2695012631668101,0.5877526775549149,FALSE,FALSE
1995-11-07,King_Haakon,4.408217883,-0.2106879225853655,0.2106879225853655,0.5877526775549149,FALSE,FALSE
1995-11-08,King_Haakon,4.452233773,-0.15443753155713136,0.15443753155713136,0.5877526775549149,FALSE,FALSE
1995-11-09,King_Haakon,4.459975047,-0.13387479389582158,0.13387479389582158,0.5877526775549149,FALSE,FALSE
1995-11-10,King_Haakon,4.424023635,-0.15636211041515402,0.15636211041515402,0.5877526775549149,FALSE,FALSE
1995-11-11,King_Haakon,4.390665185,-0.17555816392884438,0.17555816392884438,0.5877526775549149,FALSE,FALSE
1995-11-12,King_Haakon,4.41928447,-0.13202221116556778,0.13202221116556778,0.5877526775549149,FALSE,FALSE
1995-11-13,King_Haakon,4.440158832,-0.09540428413093416,0.09540428413093416,0.5877526775549149,FALSE,FALSE
1995-11-14,King_Haakon,4.457623178,-0.06127181280336202,0.06127181280336202,0.5877526775549149,FALSE,FALSE
1995-11-15,King_Haakon,4.447034897,-0.05416768001900429,0.05416768001900429,0.5877526775549149,FALSE,FALSE
1995-11-16,King_Haakon,4.427872625,-0.05451352161401601,0.05451352161401601,0.5877526775549149,FALSE,FALSE
1995-11-17,King_Haakon,4.409728695,-0.05261727642455582,0.05261727642455582,0.5877526775549149,FALSE,FALSE
1995-11-18,King_Haakon,4.385134762,-0.05584756128677792,0.05584756128677792,0.5877526775549149,FALSE,FALSE
1995-11-19,King_Haakon,4.425138453,0.00694297896316076,0.00694297896316076,0.5877526775549149,FALSE,FALSE
1995-11-20,King_Haakon,4.459800442,0.06591474648910367,0.06591474648910367,0.5877526775549149,FALSE,FALSE
1995-11-21,King_Haakon,4.48621329,0.11826003045489752,0.11826003045489752,0.5877526775549149,FALSE,FALSE
1995-11-22,King_Haakon,4.479616849,0.1393184110243828,0.1393184110243828,0.5877526775549149,FALSE,FALSE
1995-11-23,King_Haakon,4.478353143,0.16753164036140866,0.16753164036140866,0.5877526775549149,FALSE,FALSE
1995-11-24,King_Haakon,4.439671891,0.1602491656298124,0.1602491656298124,0.5877526775549149,FALSE,FALSE
1995-11-25,King_Haakon,4.425292562,0.17927283634810465,0.17927283634810465,0.5877526775549149,FALSE,FALSE
1995-11-26,King_Haakon,4.414422327,0.20374548055701425,0.20374548055701425,0.5877526775549149,FALSE,FALSE
1995-11-27,King_Haakon,4.350361546,0.1768293389288047,0.1768293389288047,0.5877526775549149,FALSE,FALSE
1995-11-28,King_Haakon,4.305981787,0.17125730132259154,0.17125730132259154,0.5877526775549149,FALSE,FALSE
1995-11-29,King_Haakon,4.270566779,0.17617441859749583,0.17617441859749583,0.5877526775549149,FALSE,FALSE
1995-11-30,King_Haakon,4.233533159,0.18085864961263895,0.18085864961263895,0.5877526775549149,FALSE,FALSE
1995-12-01,King_Haakon,4.188996396,0.17928678522713426,0.17928678522713426,0.5877526775549149,FALSE,FALSE
1995-12-02,King_Haakon,4.146753233,0.18111689030010591,0.18111689030010591,0.5877526775549149,FALSE,FALSE
1995-12-03,King_Haakon,4.106960333,0.18636694969067147,0.18636694969067147,0.5877526775549149,FALSE,FALSE
1995-12-04,King_Haakon,4.064220522,0.18950111125794855,0.18950111125794855,0.5877526775549149,FALSE,FALSE
1995-12-05,King_Haakon,4.027009582,0.19885647886105673,0.19885647886105673,0.5877526775549149,FALSE,FALSE
1995-12-06,King_Haakon,4.001971339,0.22093820035911535,0.22093820035911535,0.5877526775549149,FALSE,FALSE
1995-12-07,King_Haakon,3.971549088,0.2380510537612821,0.2380510537612821,0.5877526775549149,FALSE,FALSE
1995-12-08,King_Haakon,3.956038169,0.27040188820509137,0.27040188820509137,0.5877526775549149,FALSE,FALSE
1995-12-09,King_Haakon,3.926061769,0.28864604448120446,0.28864604448120446,0.5877526775549149,FALSE,FALSE
1995-12-10,King_Haakon,3.891292507,0.30250611728521415,0.30250611728521415,0.5877526775549149,FALSE,FALSE
1995-12-11,King_Haakon,3.865439669,0.3257413683127046,0.3257413683127046,0.5877526775549149,FALSE,FALSE
1995-12-12,King_Haakon,3.818395699,0.32829421725926444,0.32829421725926444,0.5877526775549149,FALSE,FALSE
1995-12-13,King_Haakon,3.768505638,0.3285596808204829,0.3285596808204829,0.5877526775549149,FALSE,FALSE
1995-12-14,King_Haakon,3.721881247,0.332699495691946,0.332699495691946,0.5877526775549149,FALSE,FALSE
1995-12-15,King_Haakon,3.673430416,0.33567152756924346,0.33567152756924346,0.5877526775549149,FALSE,FALSE
1995-12-16,King_Haakon,3.600910848,0.3152834551479624,0.3152834551479624,0.5877526775549149,FALSE,FALSE
1995-12-17,King_Haakon,3.559236022,0.32649873312369104,0.32649873312369104,0.5877526775549149,FALSE,FALSE
1995-12-18,King_Haakon,3.465771569,0.28673296819201877,0.28673296819201877,0.5877526775549149,FALSE,FALSE
1995-12-19,King_Haakon,3.398345591,0.2738642380485308,0.2738642380485308,0.5877526775549149,FALSE,FALSE
1995-12-20,King_Haakon,3.358496935,0.28947697035394704,0.28947697035394704,0.5877526775549149,FALSE,FALSE
1995-12-21,King_Haakon,3.291145895,0.2784675457960488,0.2784675457960488,0.5877526775549149,FALSE,FALSE
1995-12-22,King_Haakon,3.26845388,0.31291798851420793,0.31291798851420793,0.5877526775549149,FALSE,FALSE
1995-12-23,King_Haakon,3.197073394,0.29939987182644456,0.29939987182644456,0.5877526775549149,FALSE,FALSE
1995-12-24,King_Haakon,3.160293,0.3211208280507809,0.3211208280507809,0.5877526775549149,FALSE,FALSE
1995-12-25,King_Haakon,3.099913084,0.3198003125052469,0.3198003125052469,0.5877526775549149,FALSE,FALSE
1995-12-26,King_Haakon,3.010271496,0.2896952445078633,0.2896952445078633,0.5877526775549149,FALSE,FALSE
1995-12-27,King_Haakon,2.966958536,0.306314993376652,0.306314993376652,0.5877526775549149,FALSE,FALSE
1995-12-28,King_Haakon,2.959851748,0.3594561724296348,0.3594561724296348,0.5877526775549149,FALSE,FALSE
1995-12-29,King_Haakon,2.898547004,0.35863372298484375,0.35863372298484375,0.5877526775549149,FALSE,FALSE
1995-12-30,King_Haakon,2.837878049,0.35860045936029383,0.35860045936029383,0.5877526775549149,FALSE,FALSE
1995-12-31,King_Haakon,2.797881181,0.3793117488740166,0.3793117488740166,0.5877526775549149,FALSE,FALSE
1996-01-01,King_Haakon,2.781453412,0.42358367284402654,0.42358367284402654,0.5877526775549149,FALSE,FALSE
1996-01-02,King_Haakon,2.724053128,0.42679068861808434,0.42679068861808434,0.5877526775549149,FALSE,FALSE
1996-01-03,King_Haakon,2.715585205,0.4787417516628443,0.4787417516628443,0.5877526775549149,FALSE,FALSE
1996-01-04,King_Haakon,2.700818959,0.5241072594746989,0.5241072594746989,0.5877526775549149,FALSE,FALSE
1996-01-05,King_Haakon,2.6206675,0.5037014035500342,0.5037014035500342,0.5877526775549149,FALSE,FALSE
1996-01-06,King_Haakon,2.604819995,0.5471144323852455,0.5471144323852455,0.5877526775549149,FALSE,FALSE
1996-01-07,King_Haakon,2.570993596,0.5719645794767161,0.5719645794767161,0.5877526775549149,FALSE,FALSE
1996-01-08,King_Haakon,2.519685002,0.5786496253208335,0.5786496253208335,0.5877526775549149,FALSE,FALSE
1996-01-09,King_Haakon,2.47842279,0.5945992284139927,0.5945992284139927,0.5877526775549149,TRUE,FALSE
1996-01-10,King_Haakon,2.366885527,0.5393930372525768,0.5393930372525768,0.5877526775549149,FALSE,FALSE
1996-01-11,King_Haakon,2.311544437,0.5394033573329775,0.5394033573329775,0.5877526775549149,FALSE,FALSE
1996-01-12,King_Haakon,2.227984336,0.510116086151585,0.510116086151585,0.5877526775549149,FALSE,FALSE
1996-01-13,King_Haakon,2.177389014,0.5126160952047851,0.5126160952047851,0.5877526775549149,FALSE,FALSE
1996-01-14,King_Haakon,2.156361584,0.543408349097898,0.543408349097898,0.5877526775549149,FALSE,FALSE
1996-01-15,King_Haakon,2.094957778,0.5324780666704163,0.5324780666704163,0.5877526775549149,FALSE,FALSE
1996-01-16,King_Haakon,2.046466952,0.533078711793155,0.533078711793155,0.5877526775549149,FALSE,FALSE
1996-01-17,King_Haakon,2.011980401,0.5462678768885387,0.5462678768885387,0.5877526775549149,FALSE,FALSE
1996-01-18,King_Haakon,2.002260562,0.5827742963789886,0.5827742963789886,0.5877526775549149,FALSE,FALSE
1996-01-19,King_Haakon,1.950694873,0.5759517056869261,0.5759517056869261,0.5877526775549149,FALSE,FALSE
1996-01-20,King_Haakon,1.889104998,0.5575880662347747,0.5575880662347747,0.5877526775549149,FALSE,FALSE
1996-01-21,King_Haakon,1.807657128,0.5178158664449559,0.5178158664449559,0.5877526775549149,FALSE,FALSE
1996-01-22,King_Haakon,1.765067779,0.5153179197398927,0.5153179197398927,0.5877526775549149,FALSE,FALSE
1996-01-23,King_Haakon,1.715627391,0.5043509635420071,0.5043509635420071,0.5877526775549149,FALSE,FALSE
1996-01-24,King_Haakon,1.706370366,0.5319156972737196,0.5319156972737196,0.5877526775549149,FALSE,FALSE
1996-01-25,King_Haakon,1.679475179,0.5401568933574539,0.5401568933574539,0.5877526775549149,FALSE,FALSE
1996-01-26,King_Haakon,1.636698469,0.530797488215633,0.530797488215633,0.5877526775549149,FALSE,FALSE
1996-01-27,King_Haakon,1.56357247,0.4893448123502169,0.4893448123502169,0.5877526775549149,FALSE,FALSE
1996-01-28,King_Haakon,1.524377172,0.4801135172705764,0.4801135172705764,0.5877526775549149,FALSE,FALSE
1996-01-29,King_Haakon,1.513032425,0.4970828135227172,0.4970828135227172,0.5877526775549149,FALSE,FALSE
1996-01-30,King_Haakon,1.460265987,0.4710398992160809,0.4710398992160809,0.5877526775549149,FALSE,FALSE
1996-01-31,King_Haakon,1.400113366,0.43607972246010807,0.43607972246010807,0.5877526775549149,FALSE,FALSE
1996-02-01,King_Haakon,1.347164993,0.4068521543642424,0.4068521543642424,0.5877526775549149,FALSE,FALSE
1996-02-02,King_Haakon,1.322505332,0.4045010990379243,0.4045010990379243,0.5877526775549149,FALSE,FALSE
1996-02-03,King_Haakon,1.296435274,0.3993868875905964,0.3993868875905964,0.5877526775549149,FALSE,FALSE
1996-02-04,King_Haakon,1.280007044,0.40262118513169987,0.40262118513169987,0.5877526775549149,FALSE,FALSE
1996-02-05,King_Haakon,1.249782033,0.3908248227706762,0.3908248227706762,0.5877526775549149,FALSE,FALSE
1996-02-06,King_Haakon,1.232007698,0.3903046976169695,0.3903046976169695,0.5877526775549149,FALSE,FALSE
1996-02-07,King_Haakon,1.193850627,0.3682868377800187,0.3682868377800187,0.5877526775549149,FALSE,FALSE
1996-02-08,King_Haakon,1.195733419,0.38525289095447424,0.38525289095447424,0.5877526775549149,FALSE,FALSE
1996-02-09,King_Haakon,1.169239638,0.3727937939531836,0.3727937939531836,0.5877526775549149,FALSE,FALSE
1996-02-10,King_Haakon,1.129425676,0.3458705406712458,0.3458705406712458,0.5877526775549149,FALSE,FALSE
1996-02-11,King_Haakon,1.052530431,0.2806144800279351,0.2806144800279351,0.5877526775549149,FALSE,FALSE
1996-02-12,King_Haakon,1.012650364,0.25101452394252,0.25101452394252,0.5877526775549149,FALSE,FALSE
1996-02-13,King_Haakon,1.005423977,0.2526016253342718,0.2526016253342718,0.5877526775549149,FALSE,FALSE
1996-02-14,King_Haakon,1.019289461,0.27370642612246454,0.27370642612246454,0.5877526775549149,FALSE,FALSE
1996-02-15,King_Haakon,1.005000459,0.2649750202263671,0.2649750202263671,0.5877526775549149,FALSE,FALSE
1996-02-16,King_Haakon,1.023282069,0.2870249565652526,0.2870249565652526,0.5877526775549149,FALSE,FALSE
1996-02-17,King_Haakon,1.005904727,0.27151912205839124,0.27151912205839124,0.5877526775549149,FALSE,FALSE
1996-02-18,King_Haakon,0.940894899,0.2063764336250543,0.2063764336250543,0.5877526775549149,FALSE,FALSE
1996-02-19,King_Haakon,0.940568121,0.20380487818451443,0.20380487818451443,0.5877526775549149,FALSE,FALSE
1996-02-20,King_Haakon,0.901567007,0.16033952065604162,0.16033952065604162,0.5877526775549149,FALSE,FALSE
1996-02-21,King_Haakon,0.890670296,0.14266197884417742,0.14266197884417742,0.5877526775549149,FALSE,FALSE
1996-02-22,King_Haakon,0.885656601,0.1285801684093174,0.1285801684093174,0.5877526775549149,FALSE,FALSE
1996-02-23,King_Haakon,0.856960039,0.08864161167772022,0.08864161167772022,0.5877526775549149,FALSE,FALSE
1996-02-24,King_Haakon,0.830531774,0.04891239829716087,0.04891239829716087,0.5877526775549149,FALSE,FALSE
1996-02-25,King_Haakon,0.831823116,0.03495876391541053,0.03495876391541053,0.5877526775549149,FALSE,FALSE
1996-02-26,King_Haakon,0.860030844,0.04609241318024226,0.04609241318024226,0.5877526775549149,FALSE,FALSE
1996-02-27,King_Haakon,0.950448083,0.11772139673942916,0.11772139673942916,0.5877526775549149,FALSE,FALSE
1996-02-28,King_Haakon,0.99512957,0.14201537724074298,0.14201537724074298,0.5877526775549149,FALSE,FALSE
1996-03-01,King_Haakon,1.015383347,0.11715609066084542,0.11715609066084542,0.5877526775549149,FALSE,FALSE
1996-03-02,King_Haakon,1.056655084,0.13393212187518,0.13393212187518,0.5877526775549149,FALSE,FALSE
1996-03-03,King_Haakon,1.117087462,0.16872924562273306,0.16872924562273306,0.5877526775549149,FALSE,FALSE
1996-03-04,King_Haakon,1.188156396,0.2131382985688366,0.2131382985688366,0.5877526775549149,FALSE,FALSE
1996-03-05,King_Haakon,1.258544988,0.25594249019775184,0.25594249019775184,0.5877526775549149,FALSE,FALSE
1996-03-06,King_Haakon,1.355562527,0.32450298764735086,0.32450298764735086,0.5877526775549149,FALSE,FALSE
1996-03-07,King_Haakon,1.434183108,0.3738359657583212,0.3738359657583212,0.5877526775549149,FALSE,FALSE
1996-03-08,King_Haakon,1.518057846,0.4276346193713456,0.4276346193713456,0.5877526775549149,FALSE,FALSE
1996-03-09,King_Haakon,1.58320952,0.4619638073271088,0.4619638073271088,0.5877526775549149,FALSE,FALSE
1996-03-10,King_Haakon,1.616416782,0.4636442614662979,0.4636442614662979,0.5877526775549149,FALSE,FALSE
1996-03-11,King_Haakon,1.634923913,0.44996234262959733,0.44996234262959733,0.5877526775549149,FALSE,FALSE
1996-03-12,King_Haakon,1.652752864,0.4349820816576919,0.4349820816576919,0.5877526775549149,FALSE,FALSE
1996-03-13,King_Haakon,1.737021716,0.48586363939126587,0.48586363939126587,0.5877526775549149,FALSE,FALSE
1996-03-14,King_Haakon,1.792517217,0.5074358436710051,0.5074358436710051,0.5877526775549149,FALSE,FALSE
1996-03-15,King_Haakon,1.8125568,0.49305820733759353,0.49305820733759353,0.5877526775549149,FALSE,FALSE
1996-03-16,King_Haakon,1.838117351,0.4837496962317178,0.4837496962317178,0.5877526775549149,FALSE,FALSE
1996-03-17,King_Haakon,1.883522523,0.49387619510716774,0.49387619510716774,0.5877526775549149,FALSE,FALSE
1996-03-18,King_Haakon,1.960348743,0.5350601567253845,0.5350601567253845,0.5877526775549149,FALSE,FALSE
1996-03-19,King_Haakon,2.020091178,0.5588467424115953,0.5588467424115953,0.5877526775549149,FALSE,FALSE
1996-03-20,King_Haakon,2.09737759,0.5999138953374987,0.5999138953374987,0.5877526775549149,TRUE,FALSE
1996-03-21,King_Haakon,2.115714454,0.5818182716747977,0.5818182716747977,0.5877526775549149,FALSE,FALSE
1996-03-22,King_Haakon,2.144290108,0.573798390595194,0.573798390595194,0.5877526775549149,FALSE,FALSE
1996-03-23,King_Haakon,2.161658161,0.5544580422703864,0.5544580422703864,0.5877526775549149,FALSE,FALSE
1996-03-24,King_Haakon,2.18950873,0.5455375248720791,0.5455375248720791,0.5877526775549149,FALSE,FALSE
1996-03-25,King_Haakon,2.234873973,0.5541191775719687,0.5541191775719687,0.5877526775549149,FALSE,FALSE
1996-03-26,King_Haakon,2.294974372,0.5774736635417592,0.5774736635417592,0.5877526775549149,FALSE,FALSE
1996-03-27,King_Haakon,2.352469184,0.5983104209531496,0.5983104209531496,0.5877526775549149,TRUE,TRUE
1996-03-28,King_Haakon,2.389657371,0.5989785929778444,0.5989785929778444,0.5877526775549149,TRUE,TRUE
1996-03-29,King_Haakon,2.431936496,0.6049259237875417,0.6049259237875417,0.5877526775549149,TRUE,TRUE
1996-03-30,King_Haakon,2.47385809,0.610745544398793,0.610745544398793,0.5877526775549149,TRUE,TRUE
1996-03-31,King_Haakon,2.498544677,0.5995546739489794,0.5995546739489794,0.5877526775549149,TRUE,TRUE
1996-04-01,King_Haakon,2.538967059,0.6043028639378416,0.6043028639378416,0.5877526775549149,TRUE,TRUE
1996-04-02,King_Haakon,2.558223466,0.5880670806828683,0.5880670806828683,0.5877526775549149,TRUE,TRUE
1996-04-03,King_Haakon,2.605415468,0.5999276305015542,0.5999276305015542,0.5877526775549149,TRUE,TRUE
1996-04-04,King_Haakon,2.653615083,0.6129352677113893,0.6129352677113893,0.5877526775549149,TRUE,TRUE
1996-04-05,King_Haakon,2.706489444,0.6307358616298622,0.6307358616298622,0.5877526775549149,TRUE,TRUE
1996-04-06,King_Haakon,2.698944014,0.5882136115744698,0.5882136115744698,0.5877526775549149,TRUE,TRUE
1996-04-07,King_Haakon,2.743061963,0.5974304238627011,0.5974304238627011,0.5877526775549149,TRUE,TRUE
1996-04-08,King_Haakon,2.7872673,0.6067890438120482,0.6067890438120482,0.5877526775549149,TRUE,TRUE
1996-04-09,King_Haakon,2.846738174,0.6314463567399993,0.6314463567399993,0.5877526775549149,TRUE,TRUE
1996-04-10,King_Haakon,2.89840414,0.6483106539640504,0.6483106539640504,0.5877526775549149,TRUE,TRUE
1996-04-11,King_Haakon,2.938764662,0.6538603008479043,0.6538603008479043,0.5877526775549149,TRUE,TRUE
1996-04-12,King_Haakon,2.988039786,0.6683060076374048,0.6683060076374048,0.5877526775549149,TRUE,TRUE
1996-04-13,King_Haakon,3.037021354,0.6824496715840906,0.6824496715840906,0.5877526775549149,TRUE,TRUE
1996-04-14,King_Haakon,3.049116774,0.6597105671462384,0.6597105671462384,0.5877526775549149,TRUE,TRUE
1996-04-15,King_Haakon,3.047449757,0.6232242717821235,0.6232242717821235,0.5877526775549149,TRUE,TRUE
1996-04-16,King_Haakon,3.066150773,0.6071331219500191,0.6071331219500191,0.5877526775549149,TRUE,TRUE
1996-04-17,King_Haakon,3.095891753,0.6021209151082036,0.6021209151082036,0.5877526775549149,TRUE,TRUE
1996-04-18,King_Haakon,3.134945977,0.606472797714952,0.606472797714952,0.5877526775549149,TRUE,TRUE
1996-04-19,King_Haakon,3.170840451,0.607727642228538,0.607727642228538,0.5877526775549149,TRUE,TRUE
1996-04-20,King_Haakon,3.189297018,0.5916191581072359,0.5916191581072359,0.5877526775549149,TRUE,TRUE
1996-04-21,King_Haakon,3.190157856,0.558001389809323,0.558001389809323,0.5877526775549149,FALSE,FALSE
1996-04-22,King_Haakon,3.198463171,0.5319264097930736,0.5319264097930736,0.5877526775549149,FALSE,FALSE
1996-04-23,King_Haakon,3.208590722,0.5077838435167639,0.5077838435167639,0.5877526775549149,FALSE,FALSE
1996-04-24,King_Haakon,3.247973248,0.5130202251668772,0.5130202251668772,0.5877526775549149,FALSE,FALSE
1996-04-25,King_Haakon,3.240876177,0.47193309595366406,0.47193309595366406,0.5877526775549149,FALSE,FALSE
1996-04-26,King_Haakon,3.256749668,0.4540148507344473,0.4540148507344473,0.5877526775549149,FALSE,FALSE
1996-04-27,King_Haakon,3.282345365,0.4460594759974548,0.4460594759974548,0.5877526775549149,FALSE,FALSE
1996-04-28,King_Haakon,3.302839665,0.4332857112309201,0.4332857112309201,0.5877526775549149,FALSE,FALSE
1996-04-29,King_Haakon,3.362328016,0.4598313469230648,0.4598313469230648,0.5877526775549149,FALSE,FALSE
1996-04-30,King_Haakon,3.410212501,0.4751408085621258,0.4751408085621258,0.5877526775549149,FALSE,FALSE
1996-05-01,King_Haakon,3.44206915,0.47483246863632633,0.47483246863632633,0.5877526775549149,FALSE,FALSE
1996-05-02,King_Haakon,3.485026298,0.48607700463389936,0.48607700463389936,0.5877526775549149,FALSE,FALSE
1996-05-03,King_Haakon,3.525413575,0.4952463890430723,0.4952463890430723,0.5877526775549149,FALSE,FALSE
1996-05-04,King_Haakon,3.554958136,0.4941101193520758,0.4941101193520758,0.5877526775549149,FALSE,FALSE
1996-05-05,King_Haakon,3.570166552,0.4792171090491353,0.4792171090491353,0.5877526775549149,FALSE,FALSE
1996-05-06,King_Haakon,3.576956125,0.45652698144807013,0.45652698144807013,0.5877526775549149,FALSE,FALSE
1996-05-07,King_Haakon,3.612918623,0.4636620207955948,0.4636620207955948,0.5877526775549149,FALSE,FALSE
1996-05-08,King_Haakon,3.65572097,0.4782882484770714,0.4782882484770714,0.5877526775549149,FALSE,FALSE
1996-05-09,King_Haakon,3.676379302,0.4714157283430045,0.4714157283430045,0.5877526775549149,FALSE,FALSE
1996-05-10,King_Haakon,3.70690897,0.4750537392438931,0.4750537392438931,0.5877526775549149,FALSE,FALSE
1996-05-11,King_Haakon,3.685389045,0.4272752800302424,0.4272752800302424,0.5877526775549149,FALSE,FALSE
1996-05-12,King_Haakon,3.696123364,0.4123781155525532,0.4123781155525532,0.5877526775549149,FALSE,FALSE
1996-05-13,King_Haakon,3.767813429,0.4590576756613261,0.4590576756613261,0.5877526775549149,FALSE,FALSE
1996-05-14,King_Haakon,3.778377169,0.44522581720706667,0.44522581720706667,0.5877526775549149,FALSE,FALSE
1996-05-15,King_Haakon,3.77920814,0.42227002404027214,0.42227002404027214,0.5877526775549149,FALSE,FALSE
1996-05-16,King_Haakon,3.826180936,0.44605881801145,0.44605881801145,0.5877526775549149,FALSE,FALSE
1996-05-17,King_Haakon,3.835751278,0.4330418479710971,0.4330418479710971,0.5877526775549149,FALSE,FALSE
1996-05-18,King_Haakon,3.832253424,0.407547299769719,0.407547299769719,0.5877526775549149,FALSE,FALSE
1996-05-19,King_Haakon,3.840041645,0.3939217941177579,0.3939217941177579,0.5877526775549149,FALSE,FALSE
1996-05-20,King_Haakon,3.850423009,0.3834359519078214,0.3834359519078214,0.5877526775549149,FALSE,FALSE
1996-05-21,King_Haakon,3.890698465,0.40332911571960706,0.40332911571960706,0.5877526775549149,FALSE,FALSE
1996-05-22,King_Haakon,3.931326245,0.4239970646548667,0.4239970646548667,0.5877526775549149,FALSE,FALSE
1996-05-23,King_Haakon,3.963758861,0.4368298578153471,0.4368298578153471,0.5877526775549149,FALSE,FALSE
1996-05-24,King_Haakon,3.958421731,0.4121904603027984,0.4121904603027984,0.5877526775549149,FALSE,FALSE
1996-05-25,King_Haakon,3.948012705,0.3827142692189675,0.3827142692189675,0.5877526775549149,FALSE,FALSE
1996-05-26,King_Haakon,3.953179006,0.36898605466560497,0.36898605466560497,0.5877526775549149,FALSE,FALSE
1996-05-27,King_Haakon,3.957084743,0.35410747274445686,0.35410747274445686,0.5877526775549149,FALSE,FALSE
1996-05-28,King_Haakon,3.965471368,0.343757522557274,0.343757522557274,0.5877526775549149,FALSE,FALSE
1996-05-29,King_Haakon,4.023795238,0.3833301082058056,0.3833301082058056,0.5877526775549149,FALSE,FALSE
1996-05-30,King_Haakon,4.030271458,0.37097788179179414,0.37097788179179414,0.5877526775549149,FALSE,FALSE
1996-05-31,King_Haakon,4.077542929,0.3992812914169961,0.3992812914169961,0.5877526775549149,FALSE,FALSE
1996-06-01,King_Haakon,4.094247272,0.39682935753587945,0.39682935753587945,0.5877526775549149,FALSE,FALSE
1996-06-02,King_Haakon,4.090179492,0.3734299373803469,0.3734299373803469,0.5877526775549149,FALSE,FALSE
1996-06-03,King_Haakon,4.111497933,0.37527126244623865,0.37527126244623865,0.5877526775549149,FALSE,FALSE
1996-06-04,King_Haakon,4.078424845,0.3226054708604238,0.3226054708604238,0.5877526775549149,FALSE,FALSE
1996-06-05,King_Haakon,4.060383821,0.2848860437497791,0.2848860437497791,0.5877526775549149,FALSE,FALSE
1996-06-06,King_Haakon,4.047464667,0.25223267524118187,0.25223267524118187,0.5877526775549149,FALSE,FALSE
1996-06-07,King_Haakon,4.009629138,0.19463700846149745,0.19463700846149745,0.5877526775549149,FALSE,FALSE
1996-06-08,King_Haakon,3.966800151,0.13205184853760032,0.13205184853760032,0.5877526775549149,FALSE,FALSE
1996-06-09,King_Haakon,3.953039509,0.09856888659636363,0.09856888659636363,0.5877526775549149,FALSE,FALSE
1996-06-10,King_Haakon,3.971925967,0.09779676576466256,0.09779676576466256,0.5877526775549149,FALSE,FALSE
1996-06-11,King_Haakon,4.023692063,0.12999791216937018,0.12999791216937018,0.5877526775549149,FALSE,FALSE
1996-06-12,King_Haakon,4.093416067,0.18028048393735352,0.18028048393735352,0.5877526775549149,FALSE,FALSE
1996-06-13,King_Haakon,4.161876223,0.22945249324470177,0.22945249324470177,0.5877526775549149,FALSE,FALSE
1996-06-14,King_Haakon,4.156132981,0.2045988703391823,0.2045988703391823,0.5877526775549149,FALSE,FALSE
1996-06-15,King_Haakon,4.140681712,0.17023221219444595,0.17023221219444595,0.5877526775549149,FALSE,FALSE
1996-06-16,King_Haakon,4.129920728,0.14076753119959085,0.14076753119959085,0.5877526775549149,FALSE,FALSE
1996-06-17,King_Haakon,4.154209197,0.14658069574373567,0.14658069574373567,0.5877526775549149,FALSE,FALSE
1996-06-18,King_Haakon,4.166713507,0.14085479421598457,0.14085479421598457,0.5877526775549149,FALSE,FALSE
1996-06-19,King_Haakon,4.139076423,0.0952492920054544,0.0952492920054544,0.5877526775549149,FALSE,FALSE
1996-06-20,King_Haakon,4.15999141,0.0984743545012492,0.0984743545012492,0.5877526775549149,FALSE,FALSE
1996-06-21,King_Haakon,4.180342554,0.10143076809248086,0.10143076809248086,0.5877526775549149,FALSE,FALSE
1996-06-22,King_Haakon,4.269728139,0.1737335171682579,0.1737335171682579,0.5877526775549149,FALSE,FALSE
1996-06-23,King_Haakon,4.313284596,0.200535733117694,0.200535733117694,0.5877526775549149,FALSE,FALSE
1996-06-24,King_Haakon,4.34503747,0.2158796613298959,0.2158796613298959,0.5877526775549149,FALSE,FALSE
1996-06-25,King_Haakon,4.361854597,0.2166498381939732,0.2166498381939732,0.5877526775549149,FALSE,FALSE
1996-06-26,King_Haakon,4.36203323,0.20115587966177895,0.20115587966177895,0.5877526775549149,FALSE,FALSE
1996-06-27,King_Haakon,4.369772253,0.1935762568175443,0.1935762568175443,0.5877526775549149,FALSE,FALSE
1996-06-28,King_Haakon,4.341106126,0.14991004016321074,0.14991004016321074,0.5877526775549149,FALSE,FALSE
1996-06-29,King_Haakon,4.314239583,0.108326497198469,0.108326497198469,0.5877526775549149,FALSE,FALSE
1996-06-30,King_Haakon,4.290158722,0.06977625942301025,0.06977625942301025,0.5877526775549149,FALSE,FALSE
1996-07-01,King_Haakon,4.29096624,0.05632655733652747,0.05632655733652747,0.5877526775549149,FALSE,FALSE
1996-07-02,King_Haakon,4.255040271,0.0063200584387042,0.0063200584387042,0.5877526775549149,FALSE,FALSE
1996-07-03,King_Haakon,4.291050226,0.0283907072292342,0.0283907072292342,0.5877526775549149,FALSE,FALSE
1996-07-04,King_Haakon,4.357425389,0.08093232120780858,0.08093232120780858,0.5877526775549149,FALSE,FALSE
1996-07-05,King_Haakon,4.424652378,0.13439605187411452,0.13439605187411452,0.5877526775549149,FALSE,FALSE
1996-07-06,King_Haakon,4.468465918,0.1644811577278471,0.1644811577278471,0.5877526775549149,FALSE,FALSE
1996-07-07,King_Haakon,4.479127527,0.16141369026869157,0.16141369026869157,0.5877526775549149,FALSE,FALSE
1996-07-08,King_Haakon,4.500242421,0.16876349019982315,0.16876349019982315,0.5877526775549149,FALSE,FALSE
1996-07-09,King_Haakon,4.535535524,0.19023784487939288,0.19023784487939288,0.5877526775549149,FALSE,FALSE
1996-07-10,King_Haakon,4.606116192,0.24696729425870775,0.24696729425870775,0.5877526775549149,FALSE,FALSE
1996-07-11,King_Haakon,4.670539079,0.2975328136629818,0.2975328136629818,0.5877526775549149,FALSE,FALSE
1996-07-12,King_Haakon,4.69566266,0.3088191994174183,0.3088191994174183,0.5877526775549149,FALSE,FALSE
1996-07-13,King_Haakon,4.733504542,0.3328703798472388,0.3328703798472388,0.5877526775549149,FALSE,FALSE
1996-07-14,King_Haakon,4.783861097,0.3695090482776484,0.3695090482776484,0.5877526775549149,FALSE,FALSE
1996-07-15,King_Haakon,4.857337377,0.4293665780338616,0.4293665780338616,0.5877526775549149,FALSE,FALSE
1996-07-16,King_Haakon,4.893608119,0.45214402744108995,0.45214402744108995,0.5877526775549149,FALSE,FALSE
1996-07-17,King_Haakon,4.90626407,0.4514584648245412,0.4514584648245412,0.5877526775549149,FALSE,FALSE
1996-07-18,King_Haakon,4.902900588,0.43493156950943224,0.43493156950943224,0.5877526775549149,FALSE,FALSE
1996-07-19,King_Haakon,4.910319174,0.42939116382097264,0.42939116382097264,0.5877526775549149,FALSE,FALSE
1996-07-20,King_Haakon,4.920155747,0.42649948808437266,0.42649948808437266,0.5877526775549149,FALSE,FALSE
1996-07-21,King_Haakon,4.896587817,0.3904593719155809,0.3904593719155809,0.5877526775549149,FALSE,FALSE
1996-07-22,King_Haakon,4.878640252,0.3603071770410855,0.3603071770410855,0.5877526775549149,FALSE,FALSE
1996-07-23,King_Haakon,4.840832591,0.31056385794786134,0.31056385794786134,0.5877526775549149,FALSE,FALSE
1996-07-24,King_Haakon,4.868417204,0.3264829715091988,0.3264829715091988,0.5877526775549149,FALSE,FALSE
1996-07-25,King_Haakon,4.903814587,0.35048620059837887,0.35048620059837887,0.5877526775549149,FALSE,FALSE
1996-07-26,King_Haakon,4.965250402,0.4008003940886909,0.4008003940886909,0.5877526775549149,FALSE,FALSE
1996-07-27,King_Haakon,4.997000521,0.4217026108534237,0.4217026108534237,0.5877526775549149,FALSE,FALSE
1996-07-28,King_Haakon,5.017583474,0.43171256776585754,0.43171256776585754,0.5877526775549149,FALSE,FALSE
1996-07-29,King_Haakon,5.031827779,0.4356599696992864,0.4356599696992864,0.5877526775549149,FALSE,FALSE
1996-07-30,King_Haakon,5.034160946,0.42797351352698954,0.42797351352698954,0.5877526775549149,FALSE,FALSE
1996-07-31,King_Haakon,5.050745418,0.4348168291222594,0.4348168291222594,0.5877526775549149,FALSE,FALSE
1996-08-01,King_Haakon,5.085700413,0.4603103213583797,0.4603103213583797,0.5877526775549149,FALSE,FALSE
1996-08-02,King_Haakon,5.089986161,0.4554154072823353,0.4554154072823353,0.5877526775549149,FALSE,FALSE
1996-08-03,King_Haakon,5.085262569,0.4417978700989495,0.4417978700989495,0.5877526775549149,FALSE,FALSE
1996-08-04,King_Haakon,5.062456463,0.410407327616686,0.410407327616686,0.5877526775549149,FALSE,FALSE
1996-08-05,King_Haakon,5.027281617,0.3669841586678962,0.3669841586678962,0.5877526775549149,FALSE,FALSE
1996-08-06,King_Haakon,5.028681138,0.3604980750849309,0.3604980750849309,0.5877526775549149,FALSE,FALSE
1996-08-07,King_Haakon,5.06645661,0.39077726570014537,0.39077726570014537,0.5877526775549149,FALSE,FALSE
1996-08-08,King_Haakon,5.058247459,0.37548776134588824,0.37548776134588824,0.5877526775549149,FALSE,FALSE
1996-08-09,King_Haakon,5.003905033,0.31450751485451,0.31450751485451,0.5877526775549149,FALSE,FALSE
1996-08-10,King_Haakon,4.999761871,0.30419567005836257,0.30419567005836257,0.5877526775549149,FALSE,FALSE
1996-08-11,King_Haakon,5.013570629,0.31233148778979913,0.31233148778979913,0.5877526775549149,FALSE,FALSE
1996-08-12,King_Haakon,5.015664409,0.3092746748811699,0.3092746748811699,0.5877526775549149,FALSE,FALSE
1996-08-13,King_Haakon,5.010533147,0.2995417721648277,0.2995417721648277,0.5877526775549149,FALSE,FALSE
1996-08-14,King_Haakon,4.994897435,0.2798799764731248,0.2798799764731248,0.5877526775549149,FALSE,FALSE
1996-08-15,King_Haakon,4.978314459,0.2598711419740418,0.2598711419740418,0.5877526775549149,FALSE,FALSE
1996-08-16,King_Haakon,4.997093898,0.275792053622129,0.275792053622129,0.5877526775549149,FALSE,FALSE
1996-08-17,King_Haakon,4.984270395,0.2605785758788821,0.2605785758788821,0.5877526775549149,FALSE,FALSE
1996-08-18,King_Haakon,4.97828532,0.25256968956528336,0.25256968956528336,0.5877526775549149,FALSE,FALSE
1996-08-19,King_Haakon,4.919619059,0.19214339150230497,0.19214339150230497,0.5877526775549149,FALSE,FALSE
1996-08-20,King_Haakon,4.849075997,0.12000167751093294,0.12000167751093294,0.5877526775549149,FALSE,FALSE
1996-08-21,King_Haakon,4.885807839,0.1551938634121388,0.1551938634121388,0.5877526775549149,FALSE,FALSE
1996-08-22,King_Haakon,4.898144819,0.16594779402690385,0.16594779402690385,0.5877526775549149,FALSE,FALSE
1996-08-23,King_Haakon,4.916649907,0.18272405017620577,0.18272405017620577,0.5877526775549149,FALSE,FALSE
1996-08-24,King_Haakon,4.916451919,0.180549058681021,0.180549058681021,0.5877526775549149,FALSE,FALSE
1996-08-25,King_Haakon,5.009220873,0.2709904483623271,0.2709904483623271,0.5877526775549149,FALSE,FALSE
1996-08-26,King_Haakon,5.046701063,0.30569012404110296,0.30569012404110296,0.5877526775549149,FALSE,FALSE
1996-08-27,King_Haakon,5.104177716,0.35983092353832813,0.35983092353832813,0.5877526775549149,FALSE,FALSE
1996-08-28,King_Haakon,5.155193173,0.406874158487355,0.406874158487355,0.5877526775549149,FALSE,FALSE
1996-08-29,King_Haakon,5.221037352,0.4681585359677856,0.4681585359677856,0.5877526775549149,FALSE,FALSE
1996-08-30,King_Haakon,5.263862947,0.5059343159850096,0.5059343159850096,0.5877526775549149,FALSE,FALSE
1996-08-31,King_Haakon,5.279513933,0.5161431270342041,0.5161431270342041,0.5877526775549149,FALSE,FALSE
1996-09-01,King_Haakon,5.277672325,0.5085646376105482,0.5085646376105482,0.5877526775549149,FALSE,FALSE
1996-09-02,King_Haakon,5.287347865,0.5123062432092231,0.5123062432092231,0.5877526775549149,FALSE,FALSE
1996-09-03,King_Haakon,5.306106996,0.5250320403254074,0.5250320403254074,0.5877526775549149,FALSE,FALSE
1996-09-04,King_Haakon,5.306169652,0.5190596164542853,0.5190596164542853,0.5877526775549149,FALSE,FALSE
1996-09-05,King_Haakon,5.340673915,0.5476247070910274,0.5476247070910274,0.5877526775549149,FALSE,FALSE
1996-09-06,King_Haakon,5.358859217,0.560064397730824,0.560064397730824,0.5877526775549149,FALSE,FALSE
1996-09-07,King_Haakon,5.40520413,0.600954913868847,0.600954913868847,0.5877526775549149,TRUE,FALSE
1996-09-08,King_Haakon,5.413738583,0.6044238380002742,0.6044238380002742,0.5877526775549149,TRUE,FALSE
1996-09-09,King_Haakon,5.392560947,0.5786667606310623,0.5786667606310623,0.5877526775549149,FALSE,FALSE
1996-09-10,King_Haakon,5.364237634,0.5463061139575442,0.5463061139575442,0.5877526775549149,FALSE,FALSE
1996-09-11,King_Haakon,5.326691744,0.5052464635730924,0.5052464635730924,0.5877526775549149,FALSE,FALSE
1996-09-12,King_Haakon,5.303595933,0.4791340811213667,0.4791340811213667,0.5877526775549149,FALSE,FALSE
1996-09-13,King_Haakon,5.243664076,0.41665645724602385,0.41665645724602385,0.5877526775549149,FALSE,FALSE
1996-09-14,King_Haakon,5.192128589,0.3630196235907146,0.3630196235907146,0.5877526775549149,FALSE,FALSE
1996-09-15,King_Haakon,5.133352956,0.30256067979909496,0.30256067979909496,0.5877526775549149,FALSE,FALSE
1996-09-16,King_Haakon,5.127357254,0.2952733185148233,0.2952733185148233,0.5877526775549149,FALSE,FALSE
1996-09-17,King_Haakon,5.140118578,0.30710825038154965,0.30710825038154965,0.5877526775549149,FALSE,FALSE
1996-09-18,King_Haakon,5.175001137,0.3414033000429315,0.3414033000429315,0.5877526775549149,FALSE,FALSE
1996-09-19,King_Haakon,5.233314212,0.3994413641426222,0.3994413641426222,0.5877526775549149,FALSE,FALSE
1996-09-20,King_Haakon,5.290140294,0.45627854932428136,0.45627854932428136,0.5877526775549149,FALSE,FALSE
1996-09-21,King_Haakon,5.376469473,0.5428785612315581,0.5428785612315581,0.5877526775549149,FALSE,FALSE
1996-09-22,King_Haakon,5.399415828,0.566328890323013,0.566328890323013,0.5877526775549149,FALSE,FALSE
1996-09-23,King_Haakon,5.427238099,0.5948595020260248,0.5948595020260248,0.5877526775549149,TRUE,FALSE
1996-09-24,King_Haakon,5.410297127,0.5788011366878507,0.5788011366878507,0.5877526775549149,FALSE,FALSE
1996-09-25,King_Haakon,5.381786032,0.5513167950493969,0.5513167950493969,0.5877526775549149,FALSE,FALSE
1996-09-26,King_Haakon,5.343862613,0.5145341568515489,0.5145341568515489,0.5877526775549149,FALSE,FALSE
1996-09-27,King_Haakon,5.368399667,0.5402958998352094,0.5402958998352094,0.5877526775549149,FALSE,FALSE
1996-09-28,King_Haakon,5.369965029,0.5431397397412674,0.5431397397412674,0.5877526775549149,FALSE,FALSE
1996-09-29,King_Haakon,5.370084789,0.544561647310621,0.544561647310621,0.5877526775549149,FALSE,FALSE
1996-09-30,King_Haakon,5.404073616,0.5798461722841664,0.5798461722841664,0.5877526775549149,FALSE,FALSE
1996-10-01,King_Haakon,5.387233966,0.564265651402799,0.564265651402799,0.5877526775549149,FALSE,FALSE
1996-10-02,King_Haakon,5.376552302,0.5547764284074113,0.5547764284074113,0.5877526775549149,FALSE,FALSE
1996-10-03,King_Haakon,5.354170201,0.5334899610389012,0.5334899610389012,0.5877526775549149,FALSE,FALSE
1996-10-04,King_Haakon,5.373241707,0.5535301923219986,0.5535301923219986,0.5877526775549149,FALSE,FALSE
1996-10-05,King_Haakon,5.35841586,0.5395381779469348,0.5395381779469348,0.5877526775549149,FALSE,FALSE
1996-10-06,King_Haakon,5.357025463,0.5389037938657957,0.5389037938657957,0.5877526775549149,FALSE,FALSE
1996-10-07,King_Haakon,5.303907884,0.4865333831284264,0.4865333831284264,0.5877526775549149,FALSE,FALSE
1996-10-08,King_Haakon,5.257891221,0.44132401878467586,0.44132401878467586,0.5877526775549149,FALSE,FALSE
1996-10-09,King_Haakon,5.282777756,0.4671469578843946,0.4671469578843946,0.5877526775549149,FALSE,FALSE
1996-10-10,King_Haakon,5.289926353,0.47543003947742335,0.47543003947742335,0.5877526775549149,FALSE,FALSE
1996-10-11,King_Haakon,5.236423836,0.4233290626136119,0.4233290626136119,0.5877526775549149,FALSE,FALSE
1996-10-12,King_Haakon,5.18978657,0.3784293673428092,0.3784293673428092,0.5877526775549149,FALSE,FALSE
1996-10-13,King_Haakon,5.167821832,0.35860720571486127,0.35860720571486127,0.5877526775549149,FALSE,FALSE
1996-10-14,King_Haakon,5.175853281,0.3692552117796168,0.3692552117796168,0.5877526775549149,FALSE,FALSE
1996-10-15,King_Haakon,5.165123199,0.3616846425869191,0.3616846425869191,0.5877526775549149,FALSE,FALSE
1996-10-16,King_Haakon,5.09248635,0.2928192371866185,0.2928192371866185,0.5877526775549149,FALSE,FALSE
1996-10-17,King_Haakon,5.091646133,0.2964286345788407,0.2964286345788407,0.5877526775549149,FALSE,FALSE
1996-10-18,King_Haakon,5.061808295,0.2717267301179529,0.2717267301179529,0.5877526775549149,FALSE,FALSE
1996-10-19,King_Haakon,5.03309204,0.24878533965681715,0.24878533965681715,0.5877526775549149,FALSE,FALSE
1996-10-20,King_Haakon,5.018642995,0.24070047835156497,0.24070047835156497,0.5877526775549149,FALSE,FALSE
1996-10-21,King_Haakon,4.999758849,0.22872022335832656,0.22872022335832656,0.5877526775549149,FALSE,FALSE
1996-10-22,King_Haakon,4.981257018,0.21761237883323312,0.21761237883323312,0.5877526775549149,FALSE,FALSE
1996-10-23,King_Haakon,4.972187781,0.216377611932419,0.216377611932419,0.5877526775549149,FALSE,FALSE
1996-10-24,King_Haakon,4.975793365,0.2282085378120211,0.2282085378120211,0.5877526775549149,FALSE,FALSE
1996-10-25,King_Haakon,5.013191728,0.274173502628166,0.274173502628166,0.5877526775549149,FALSE,FALSE
1996-10-26,King_Haakon,5.043880954,0.31372097853698655,0.31372097853698655,0.5877526775549149,FALSE,FALSE
1996-10-27,King_Haakon,5.061804915,0.34074522569461596,0.34074522569461596,0.5877526775549149,FALSE,FALSE
1996-10-28,King_Haakon,5.02916919,0.3174022112571846,0.3174022112571846,0.5877526775549149,FALSE,FALSE
1996-10-29,King_Haakon,5.022028047,0.31969659138083006,0.31969659138083006,0.5877526775549149,FALSE,FALSE
1996-10-30,King_Haakon,4.99360725,0.30081867929509176,0.30081867929509176,0.5877526775549149,FALSE,FALSE
1996-10-31,King_Haakon,4.943875754,0.26077168310779886,0.26077168310779886,0.5877526775549149,FALSE,FALSE
1996-11-01,King_Haakon,4.900197777,0.22697548424958217,0.22697548424958217,0.5877526775549149,FALSE,FALSE
1996-11-02,King_Haakon,4.939642226,0.27655465890673003,0.27655465890673003,0.5877526775549149,FALSE,FALSE
1996-11-03,King_Haakon,4.941475813,0.2888315882655217,0.2888315882655217,0.5877526775549149,FALSE,FALSE
1996-11-04,King_Haakon,4.888320964,0.2464843675122479,0.2464843675122479,0.5877526775549149,FALSE,FALSE
1996-11-05,King_Haakon,4.887174266,0.2565652528331892,0.2565652528331892,0.5877526775549149,FALSE,FALSE
1996-11-06,King_Haakon,4.841038707,0.2221329014146347,0.2221329014146347,0.5877526775549149,FALSE,FALSE
1996-11-07,King_Haakon,4.821334051,0.21466274644286895,0.21466274644286895,0.5877526775549149,FALSE,FALSE
1996-11-08,King_Haakon,4.836588782,0.24273894110417785,0.24273894110417785,0.5877526775549149,FALSE,FALSE
1996-11-09,King_Haakon,4.871747102,0.2913613565848454,0.2913613565848454,0.5877526775549149,FALSE,FALSE
1996-11-10,King_Haakon,4.884841275,0.31861792607115635,0.31861792607115635,0.5877526775549149,FALSE,FALSE
1996-11-11,King_Haakon,4.92915766,0.37785097883443264,0.37785097883443264,0.5877526775549149,FALSE,FALSE
1996-11-12,King_Haakon,4.955616956,0.4200538398690661,0.4200538398690661,0.5877526775549149,FALSE,FALSE
1996-11-13,King_Haakon,4.952635429,0.43374043819663743,0.43374043819663743,0.5877526775549149,FALSE,FALSE
1996-11-14,King_Haakon,4.946044208,0.4448416309809957,0.4448416309809957,0.5877526775549149,FALSE,FALSE
1996-11-15,King_Haakon,4.928249851,0.4458637043859843,0.4458637043859843,0.5877526775549149,FALSE,FALSE
1996-11-16,King_Haakon,4.915513105,0.4531671335754437,0.4531671335754437,0.5877526775549149,FALSE,FALSE
1996-11-17,King_Haakon,4.887364404,0.4463820807132226,0.4463820807132226,0.5877526775549149,FALSE,FALSE
1996-11-18,King_Haakon,4.863202325,0.4450068509631606,0.4450068509631606,0.5877526775549149,FALSE,FALSE
1996-11-19,King_Haakon,4.811890872,0.4180051764891042,0.4180051764891042,0.5877526775549149,FALSE,FALSE
1996-11-20,King_Haakon,4.767158693,0.3992054334548971,0.3992054334548971,0.5877526775549149,FALSE,FALSE
1996-11-21,King_Haakon,4.679408163,0.3391097250243824,0.3391097250243824,0.5877526775549149,FALSE,FALSE
1996-11-22,King_Haakon,4.642187024,0.33136552136140907,0.33136552136140907,0.5877526775549149,FALSE,FALSE
1996-11-23,King_Haakon,4.610811069,0.33138834362981306,0.33138834362981306,0.5877526775549149,FALSE,FALSE
1996-11-24,King_Haakon,4.548702485,0.3026827593481043,0.3026827593481043,0.5877526775549149,FALSE,FALSE
1996-11-25,King_Haakon,4.471625463,0.2609486165570143,0.2609486165570143,0.5877526775549149,FALSE,FALSE
1996-11-26,King_Haakon,4.368919442,0.1953872349288046,0.1953872349288046,0.5877526775549149,FALSE,FALSE
1996-11-27,King_Haakon,4.354566152,0.2198416663225915,0.2198416663225915,0.5877526775549149,FALSE,FALSE
1996-11-28,King_Haakon,4.30176027,0.20736790959749565,0.20736790959749565,0.5877526775549149,FALSE,FALSE
1996-11-29,King_Haakon,4.253826074,0.20115156461263872,0.20115156461263872,0.5877526775549149,FALSE,FALSE
1996-11-30,King_Haakon,4.248772465,0.23906285422713405,0.23906285422713405,0.5877526775549149,FALSE,FALSE
1996-12-01,King_Haakon,4.181322768,0.2156864253001061,0.2156864253001061,0.5877526775549149,FALSE,FALSE
1996-12-02,King_Haakon,4.103782213,0.1831888296906712,0.1831888296906712,0.5877526775549149,FALSE,FALSE
1996-12-03,King_Haakon,4.088785069,0.21406565825794832,0.21406565825794832,0.5877526775549149,FALSE,FALSE
1996-12-04,King_Haakon,4.057541476,0.22938837286105684,0.22938837286105684,0.5877526775549149,FALSE,FALSE
1996-12-05,King_Haakon,4.028325154,0.2472920153591156,0.2472920153591156,0.5877526775549149,FALSE,FALSE
1996-12-06,King_Haakon,3.977187356,0.24368932176128189,0.24368932176128189,0.5877526775549149,FALSE,FALSE
1996-12-07,King_Haakon,3.957154503,0.27151822220509114,0.27151822220509114,0.5877526775549149,FALSE,FALSE
1996-12-08,King_Haakon,3.928904655,0.2914889304812047,0.2914889304812047,0.5877526775549149,FALSE,FALSE
1996-12-09,King_Haakon,3.886225943,0.2974395532852139,0.2974395532852139,0.5877526775549149,FALSE,FALSE
1996-12-10,King_Haakon,3.842491592,0.3027932913127045,0.3027932913127045,0.5877526775549149,FALSE,FALSE
1996-12-11,King_Haakon,3.816099551,0.3259980692592648,0.3259980692592648,0.5877526775549149,FALSE,FALSE
1996-12-12,King_Haakon,3.782284448,0.34233849082048273,0.34233849082048273,0.5877526775549149,FALSE,FALSE
1996-12-13,King_Haakon,3.722778587,0.3335968356919463,0.3335968356919463,0.5877526775549149,FALSE,FALSE
1996-12-14,King_Haakon,3.659537579,0.3217786905692437,0.3217786905692437,0.5877526775549149,FALSE,FALSE
1996-12-15,King_Haakon,3.591127217,0.3054998241479625,0.3054998241479625,0.5877526775549149,FALSE,FALSE
1996-12-16,King_Haakon,3.508976414,0.2762391251236913,0.2762391251236913,0.5877526775549149,FALSE,FALSE
1996-12-17,King_Haakon,3.422637042,0.24359844119201848,0.24359844119201848,0.5877526775549149,FALSE,FALSE
1996-12-18,King_Haakon,3.330358218,0.20587686504853095,0.20587686504853095,0.5877526775549149,FALSE,FALSE
1996-12-19,King_Haakon,3.298405366,0.2293854013539471,0.2293854013539471,0.5877526775549149,FALSE,FALSE
1996-12-20,King_Haakon,3.245751079,0.23307272979604887,0.23307272979604887,0.5877526775549149,FALSE,FALSE
1996-12-21,King_Haakon,3.161020346,0.20548445451420785,0.20548445451420785,0.5877526775549149,FALSE,FALSE
1996-12-22,King_Haakon,3.097685115,0.20001159282644476,0.20001159282644476,0.5877526775549149,FALSE,FALSE
1996-12-23,King_Haakon,2.988174545,0.14900237305078123,0.14900237305078123,0.5877526775549149,FALSE,FALSE
1996-12-24,King_Haakon,2.922133718,0.14202094650524666,0.14202094650524666,0.5877526775549149,FALSE,FALSE
1996-12-25,King_Haakon,2.862151877,0.1415756255078633,0.1415756255078633,0.5877526775549149,FALSE,FALSE
1996-12-26,King_Haakon,2.7713338,0.11069025737665196,0.11069025737665196,0.5877526775549149,FALSE,FALSE
1996-12-27,King_Haakon,2.666606126,0.06621055042963464,0.06621055042963464,0.5877526775549149,FALSE,FALSE
1996-12-28,King_Haakon,2.567761041,0.02784775998484345,0.02784775998484345,0.5877526775549149,FALSE,FALSE
1996-12-29,King_Haakon,2.516122983,0.03684539336029369,0.03684539336029369,0.5877526775549149,FALSE,FALSE
1996-12-30,King_Haakon,2.476933416,0.05836398387401642,0.05836398387401642,0.5877526775549149,FALSE,FALSE
1996-12-31,King_Haakon,2.452542396,0.09467265684402816,0.09467265684402816,0.5877526775549149,FALSE,FALSE
1997-01-01,King_Haakon,2.360587579,0.00271783984402684,0.00271783984402684,0.5877526775549149,FALSE,FALSE
1997-01-02,King_Haakon,2.280274851,-0.01698758838191549,0.01698758838191549,0.5877526775549149,FALSE,FALSE
1997-01-03,King_Haakon,2.183012589,-0.05383086433715567,0.05383086433715567,0.5877526775549149,FALSE,FALSE
1997-01-04,King_Haakon,2.117038479,-0.05967322052530077,0.05967322052530077,0.5877526775549149,FALSE,FALSE
1997-01-05,King_Haakon,1.984078513,-0.13288758344996587,0.13288758344996587,0.5877526775549149,FALSE,FALSE
1997-01-06,King_Haakon,1.845785862,-0.21191970061475465,0.21191970061475465,0.5877526775549149,FALSE,FALSE
1997-01-07,King_Haakon,1.756914578,-0.24211443852328407,0.24211443852328407,0.5877526775549149,FALSE,FALSE
1997-01-08,King_Haakon,1.606996118,-0.3340392586791665,0.3340392586791665,0.5877526775549149,FALSE,FALSE
1997-01-09,King_Haakon,1.523178406,-0.3606451555860075,0.3606451555860075,0.5877526775549149,FALSE,FALSE
1997-01-10,King_Haakon,1.468657868,-0.3588346217474232,0.3588346217474232,0.5877526775549149,FALSE,FALSE
1997-01-11,King_Haakon,1.409722723,-0.3624183566670222,0.3624183566670222,0.5877526775549149,FALSE,FALSE
1997-01-12,King_Haakon,1.363470748,-0.3543975018484151,0.3543975018484151,0.5877526775549149,FALSE,FALSE
1997-01-13,King_Haakon,1.303519678,-0.3612532407952149,0.3612532407952149,0.5877526775549149,FALSE,FALSE
1997-01-14,King_Haakon,1.252532497,-0.36042073790210183,0.36042073790210183,0.5877526775549149,FALSE,FALSE
1997-01-15,King_Haakon,1.207919134,-0.3545605773295837,0.3545605773295837,0.5877526775549149,FALSE,FALSE
1997-01-16,King_Haakon,1.149124196,-0.3642640442068448,0.3642640442068448,0.5877526775549149,FALSE,FALSE
1997-01-17,King_Haakon,1.143541367,-0.3221711571114614,0.3221711571114614,0.5877526775549149,FALSE,FALSE
1997-01-18,King_Haakon,1.122640614,-0.2968456516210114,0.2968456516210114,0.5877526775549149,FALSE,FALSE
1997-01-19,King_Haakon,1.08346469,-0.2912784773130739,0.2912784773130739,0.5877526775549149,FALSE,FALSE
1997-01-20,King_Haakon,1.041408672,-0.29010825976522536,0.29010825976522536,0.5877526775549149,FALSE,FALSE
1997-01-21,King_Haakon,1.005772155,-0.284069106555044,0.284069106555044,0.5877526775549149,FALSE,FALSE
1997-01-22,King_Haakon,0.993159217,-0.2565906422601073,0.2565906422601073,0.5877526775549149,FALSE,FALSE
1997-01-23,King_Haakon,0.954847851,-0.2564285764579928,0.2564285764579928,0.5877526775549149,FALSE,FALSE
1997-01-24,King_Haakon,0.921600045,-0.2528546237262804,0.2528546237262804,0.5877526775549149,FALSE,FALSE
1997-01-25,King_Haakon,0.88436787,-0.25495041564254617,0.25495041564254617,0.5877526775549149,FALSE,FALSE
1997-01-26,King_Haakon,0.862192387,-0.24370859378436693,0.24370859378436693,0.5877526775549149,FALSE,FALSE
1997-01-27,King_Haakon,0.836798766,-0.2374288916497831,0.2374288916497831,0.5877526775549149,FALSE,FALSE
1997-01-28,King_Haakon,0.809850994,-0.23441266072942343,0.23441266072942343,0.5877526775549149,FALSE,FALSE
1997-01-29,King_Haakon,0.759536544,-0.25641306747728276,0.25641306747728276,0.5877526775549149,FALSE,FALSE
1997-01-30,King_Haakon,0.740909241,-0.2483168467839192,0.2483168467839192,0.5877526775549149,FALSE,FALSE
1997-01-31,King_Haakon,0.73847447,-0.22555917353989197,0.22555917353989197,0.5877526775549149,FALSE,FALSE
1997-02-01,King_Haakon,0.697404352,-0.2429084866357577,0.2429084866357577,0.5877526775549149,FALSE,FALSE
1997-02-02,King_Haakon,0.68725569500000006,-0.2307485379620756,0.2307485379620756,0.5877526775549149,FALSE,FALSE
1997-02-03,King_Haakon,0.664226889,-0.2328214974094036,0.2328214974094036,0.5877526775549149,FALSE,FALSE
1997-02-04,King_Haakon,0.632987835,-0.24439802386830012,0.24439802386830012,0.5877526775549149,FALSE,FALSE
1997-02-05,King_Haakon,0.610277924,-0.24867928622932375,0.24867928622932375,0.5877526775549149,FALSE,FALSE
1997-02-06,King_Haakon,0.581878232,-0.2598247683830306,0.2598247683830306,0.5877526775549149,FALSE,FALSE
1997-02-07,King_Haakon,0.546915696,-0.2786480932199813,0.2786480932199813,0.5877526775549149,FALSE,FALSE
1997-02-08,King_Haakon,0.516004294,-0.2944762340455257,0.2944762340455257,0.5877526775549149,FALSE,FALSE
1997-02-09,King_Haakon,0.483337123,-0.31310872104681653,0.31310872104681653,0.5877526775549149,FALSE,FALSE
1997-02-10,King_Haakon,0.438001116,-0.3455540193287543,0.3455540193287543,0.5877526775549149,FALSE,FALSE
1997-02-11,King_Haakon,0.429783605,-0.342132345972065,0.342132345972065,0.5877526775549149,FALSE,FALSE
1997-02-12,King_Haakon,0.426953731,-0.33468210905747997,0.33468210905747997,0.5877526775549149,FALSE,FALSE
1997-02-13,King_Haakon,0.418786736,-0.3340356156657282,0.3340356156657282,0.5877526775549149,FALSE,FALSE
1997-02-14,King_Haakon,0.399548567,-0.3460344678775355,0.3460344678775355,0.5877526775549149,FALSE,FALSE
1997-02-15,King_Haakon,0.435839596,-0.3041858427736328,0.3041858427736328,0.5877526775549149,FALSE,FALSE
1997-02-16,King_Haakon,0.441691792,-0.2945653204347473,0.2945653204347473,0.5877526775549149,FALSE,FALSE
1997-02-17,King_Haakon,0.427272747,-0.30711285794160886,0.30711285794160886,0.5877526775549149,FALSE,FALSE
1997-02-18,King_Haakon,0.396403255,-0.3381152103749457,0.3381152103749457,0.5877526775549149,FALSE,FALSE
1997-02-19,King_Haakon,0.369250023,-0.3675132198154856,0.3675132198154856,0.5877526775549149,FALSE,FALSE
1997-02-20,King_Haakon,0.369735049,-0.3714924373439584,0.3714924373439584,0.5877526775549149,FALSE,FALSE
1997-02-21,King_Haakon,0.395683115,-0.35232520215582264,0.35232520215582264,0.5877526775549149,FALSE,FALSE
1997-02-22,King_Haakon,0.392081273,-0.36499515959068257,0.36499515959068257,0.5877526775549149,FALSE,FALSE
1997-02-23,King_Haakon,0.386743164,-0.38157526332227976,0.38157526332227976,0.5877526775549149,FALSE,FALSE
1997-02-24,King_Haakon,0.364817881,-0.4168014947028391,0.4168014947028391,0.5877526775549149,FALSE,FALSE
1997-02-25,King_Haakon,0.386629312,-0.4102350400845895,0.4102350400845895,0.5877526775549149,FALSE,FALSE
1997-02-26,King_Haakon,0.387950165,-0.4259882658197577,0.4259882658197577,0.5877526775549149,FALSE,FALSE
1997-02-27,King_Haakon,0.407149042,-0.4255776442605709,0.4255776442605709,0.5877526775549149,FALSE,FALSE
1997-02-28,King_Haakon,0.414881934,-0.43823225875925703,0.43823225875925703,0.5877526775549149,FALSE,FALSE
1997-03-01,King_Haakon,0.44699821,-0.427987814668042,0.427987814668042,0.5877526775549149,FALSE,FALSE
1997-03-02,King_Haakon,0.484067636,-0.41415962033915454,0.41415962033915454,0.5877526775549149,FALSE,FALSE
1997-03-03,King_Haakon,0.530184516,-0.3925384461248199,0.3925384461248199,0.5877526775549149,FALSE,FALSE
1997-03-04,King_Haakon,0.582341148,-0.3660170683772669,0.3660170683772669,0.5877526775549149,FALSE,FALSE
1997-03-05,King_Haakon,0.619184506,-0.35583359143116333,0.35583359143116333,0.5877526775549149,FALSE,FALSE
1997-03-06,King_Haakon,0.627706531,-0.3748959668022481,0.3748959668022481,0.5877526775549149,FALSE,FALSE
1997-03-07,King_Haakon,0.651797206,-0.37926233335264914,0.37926233335264914,0.5877526775549149,FALSE,FALSE
1997-03-08,King_Haakon,0.682601686,-0.3777454562416788,0.3777454562416788,0.5877526775549149,FALSE,FALSE
1997-03-09,King_Haakon,0.695462671,-0.3949605556286544,0.3949605556286544,0.5877526775549149,FALSE,FALSE
1997-03-10,King_Haakon,0.663130271,-0.4581154416728912,0.4581154416728912,0.5877526775549149,FALSE,FALSE
1997-03-11,King_Haakon,0.703296808,-0.449475712533702,0.449475712533702,0.5877526775549149,FALSE,FALSE
1997-03-12,King_Haakon,0.794515343,-0.3904462273704026,0.3904462273704026,0.5877526775549149,FALSE,FALSE
1997-03-13,King_Haakon,0.834261898,-0.3835088843423081,0.3835088843423081,0.5877526775549149,FALSE,FALSE
1997-03-14,King_Haakon,0.848998453,-0.40215962360873425,0.40215962360873425,0.5877526775549149,FALSE,FALSE
1997-03-15,King_Haakon,0.841656207,-0.443425166328995,0.443425166328995,0.5877526775549149,FALSE,FALSE
1997-03-16,King_Haakon,0.854432964,-0.4650656286624065,0.4650656286624065,0.5877526775549149,FALSE,FALSE
1997-03-17,King_Haakon,0.883810852,-0.47055680276828216,0.47055680276828216,0.5877526775549149,FALSE,FALSE
1997-03-18,King_Haakon,0.949721066,-0.4399252618928322,0.4399252618928322,0.5877526775549149,FALSE,FALSE
1997-03-19,King_Haakon,1.075634613,-0.34965397327461534,0.34965397327461534,0.5877526775549149,FALSE,FALSE
1997-03-20,King_Haakon,1.171886643,-0.28935779258840477,0.28935779258840477,0.5877526775549149,FALSE,FALSE
1997-03-21,King_Haakon,1.225651662,-0.2718120326625011,0.2718120326625011,0.5877526775549149,FALSE,FALSE
1997-03-22,King_Haakon,1.245757404,-0.2881387783252023,0.2881387783252023,0.5877526775549149,FALSE,FALSE
1997-03-23,King_Haakon,1.267875193,-0.3026165244048058,0.3026165244048058,0.5877526775549149,FALSE,FALSE
1997-03-24,King_Haakon,1.297829166,-0.30937095272961357,0.30937095272961357,0.5877526775549149,FALSE,FALSE
1997-03-25,King_Haakon,1.345361918,-0.2986092871279209,0.2986092871279209,0.5877526775549149,FALSE,FALSE
1997-03-26,King_Haakon,1.356635294,-0.32411950142803136,0.32411950142803136,0.5877526775549149,FALSE,FALSE
1997-03-27,King_Haakon,1.40170512,-0.31579558845824085,0.31579558845824085,0.5877526775549149,FALSE,FALSE
1997-03-28,King_Haakon,1.438829987,-0.31532877604685017,0.31532877604685017,0.5877526775549149,FALSE,FALSE
1997-03-29,King_Haakon,1.476866764,-0.31381201402215586,0.31381201402215586,0.5877526775549149,FALSE,FALSE
1997-03-30,King_Haakon,1.4724581,-0.3545524722124582,0.3545524722124582,0.5877526775549149,FALSE,FALSE
1997-03-31,King_Haakon,1.50700506,-0.35610748560120675,0.35610748560120675,0.5877526775549149,FALSE,FALSE
1997-04-01,King_Haakon,1.590980555,-0.3080094480510205,0.3080094480510205,0.5877526775549149,FALSE,FALSE
1997-04-02,King_Haakon,1.641946094,-0.29271810106215845,0.29271810106215845,0.5877526775549149,FALSE,FALSE
1997-04-03,King_Haakon,1.71483077,-0.2553256153171315,0.2553256153171315,0.5877526775549149,FALSE,FALSE
1997-04-04,King_Haakon,1.774567383,-0.23092045449844575,0.23092045449844575,0.5877526775549149,FALSE,FALSE
1997-04-05,King_Haakon,1.830222114,-0.21045770128861083,0.21045770128861083,0.5877526775549149,FALSE,FALSE
1997-04-06,King_Haakon,1.898279152,-0.17747443037013766,0.17747443037013766,0.5877526775549149,FALSE,FALSE
1997-04-07,King_Haakon,1.921382755,-0.18934764742553,0.18934764742553,0.5877526775549149,FALSE,FALSE
1997-04-08,King_Haakon,1.93140273,-0.21422880913729905,0.21422880913729905,0.5877526775549149,FALSE,FALSE
1997-04-09,King_Haakon,1.935897194,-0.2445810621879516,0.2445810621879516,0.5877526775549149,FALSE,FALSE
1997-04-10,King_Haakon,1.937658902,-0.2776329152600008,0.2776329152600008,0.5877526775549149,FALSE,FALSE
1997-04-11,King_Haakon,1.978917033,-0.2711764530359493,0.2711764530359493,0.5877526775549149,FALSE,FALSE
1997-04-12,King_Haakon,2.051885162,-0.2330191991520958,0.2330191991520958,0.5877526775549149,FALSE,FALSE
1997-04-13,King_Haakon,2.097977593,-0.22175618536259512,0.22175618536259512,0.5877526775549149,FALSE,FALSE
1997-04-14,King_Haakon,2.183982152,-0.17058953041590952,0.17058953041590952,0.5877526775549149,FALSE,FALSE
1997-04-15,King_Haakon,2.253541199,-0.13586500785376154,0.13586500785376154,0.5877526775549149,FALSE,FALSE
1997-04-16,King_Haakon,2.33821966,-0.08600582521787636,0.08600582521787636,0.5877526775549149,FALSE,FALSE
1997-04-17,King_Haakon,2.402920302,-0.05609734904998076,0.05609734904998076,0.5877526775549149,FALSE,FALSE
1997-04-18,King_Haakon,2.453806455,-0.03996438289179638,0.03996438289179638,0.5877526775549149,FALSE,FALSE
1997-04-19,King_Haakon,2.501355544,-0.02711763528504818,0.02711763528504818,0.5877526775549149,FALSE,FALSE
1997-04-20,King_Haakon,2.54464238,-0.0184704287714621,0.0184704287714621,0.5877526775549149,FALSE,FALSE
1997-04-21,King_Haakon,2.598519388,8.415281072360337e-4,8.415281072360337e-4,0.5877526775549149,FALSE,FALSE
1997-04-22,King_Haakon,2.641208248,0.00905178180932297,0.00905178180932297,0.5877526775549149,FALSE,FALSE
1997-04-23,King_Haakon,2.673799144,0.00726238279307356,0.00726238279307356,0.5877526775549149,FALSE,FALSE
1997-04-24,King_Haakon,2.673560725,-0.02724615348323578,0.02724615348323578,0.5877526775549149,FALSE,FALSE
1997-04-25,King_Haakon,2.648049476,-0.08690354683312274,0.08690354683312274,0.5877526775549149,FALSE,FALSE
1997-04-26,King_Haakon,2.660065271,-0.1088778100463359,0.1088778100463359,0.5877526775549149,FALSE,FALSE
1997-04-27,King_Haakon,2.663083229,-0.13965158826555246,0.13965158826555246,0.5877526775549149,FALSE,FALSE
1997-04-28,King_Haakon,2.680833434,-0.1554524550025449,0.1554524550025449,0.5877526775549149,FALSE,FALSE
1997-04-29,King_Haakon,2.698125576,-0.17142837776908015,0.17142837776908015,0.5877526775549149,FALSE,FALSE
1997-04-30,King_Haakon,2.749508327,-0.15298834207693535,0.15298834207693535,0.5877526775549149,FALSE,FALSE
1997-05-01,King_Haakon,2.798730053,-0.13634163943787447,0.13634163943787447,0.5877526775549149,FALSE,FALSE
1997-05-02,King_Haakon,2.811803726,-0.15543295536367374,0.15543295536367374,0.5877526775549149,FALSE,FALSE
1997-05-03,King_Haakon,2.851543879,-0.147405414366101,0.147405414366101,0.5877526775549149,FALSE,FALSE
1997-05-04,King_Haakon,2.96172075,-0.06844643595692768,0.06844643595692768,0.5877526775549149,FALSE,FALSE
1997-05-05,King_Haakon,2.99746091,-0.06338710664792435,0.06338710664792435,0.5877526775549149,FALSE,FALSE
1997-05-06,King_Haakon,3.065584575,-0.02536486795086467,0.02536486795086467,0.5877526775549149,FALSE,FALSE
1997-05-07,King_Haakon,3.124450291,0.00402114744807002,0.00402114744807002,0.5877526775549149,FALSE,FALSE
1997-05-08,King_Haakon,3.18756821,0.0383116077955945,0.0383116077955945,0.5877526775549149,FALSE,FALSE
1997-05-09,King_Haakon,3.265126858,0.08769413647707136,0.08769413647707136,0.5877526775549149,FALSE,FALSE
1997-05-10,King_Haakon,3.313809389,0.10884581534300476,0.10884581534300476,0.5877526775549149,FALSE,FALSE
1997-05-11,King_Haakon,3.357620265,0.12576503424389296,0.12576503424389296,0.5877526775549149,FALSE,FALSE
1997-05-12,King_Haakon,3.399668801,0.14155503603024222,0.14155503603024222,0.5877526775549149,FALSE,FALSE
1997-05-13,King_Haakon,3.422130475,0.13838522655255314,0.13838522655255314,0.5877526775549149,FALSE,FALSE
1997-05-14,King_Haakon,3.408356668,0.09960091466132635,0.09960091466132635,0.5877526775549149,FALSE,FALSE
1997-05-15,King_Haakon,3.377365143,0.04421379120706659,0.04421379120706659,0.5877526775549149,FALSE,FALSE
1997-05-16,King_Haakon,3.383606632,0.02666851604027176,0.02666851604027176,0.5877526775549149,FALSE,FALSE
1997-05-17,King_Haakon,3.376188612,-0.00393350598855013,0.00393350598855013,0.5877526775549149,FALSE,FALSE
1997-05-18,King_Haakon,3.411961452,0.00925202197109698,0.00925202197109698,0.5877526775549149,FALSE,FALSE
1997-05-19,King_Haakon,3.421807297,-0.00289882723028123,0.00289882723028123,0.5877526775549149,FALSE,FALSE
1997-05-20,King_Haakon,3.424202851,-0.02191699988224194,0.02191699988224194,0.5877526775549149,FALSE,FALSE
1997-05-21,King_Haakon,3.449526349,-0.01746070809217848,0.01746070809217848,0.5877526775549149,FALSE,FALSE
1997-05-22,King_Haakon,3.497596301,0.01022695171960741,0.01022695171960741,0.5877526775549149,FALSE,FALSE
1997-05-23,King_Haakon,3.520264556,0.01293537565486646,0.01293537565486646,0.5877526775549149,FALSE,FALSE
1997-05-24,King_Haakon,3.547330243,0.02040123981534725,0.02040123981534725,0.5877526775549149,FALSE,FALSE
1997-05-25,King_Haakon,3.555422221,0.00919095030279848,0.00919095030279848,0.5877526775549149,FALSE,FALSE
1997-05-26,King_Haakon,3.587772301,0.02247386521896777,0.02247386521896777,0.5877526775549149,FALSE,FALSE
1997-05-27,King_Haakon,3.618421705,0.03422875366560474,0.03422875366560474,0.5877526775549149,FALSE,FALSE
1997-05-28,King_Haakon,3.663618357,0.06064108674445689,0.06064108674445689,0.5877526775549149,FALSE,FALSE
1997-05-29,King_Haakon,3.689046166,0.06733232055727356,0.06733232055727356,0.5877526775549149,FALSE,FALSE
1997-05-30,King_Haakon,3.730924321,0.09045919120580548,0.09045919120580548,0.5877526775549149,FALSE,FALSE
1997-05-31,King_Haakon,3.73643824,0.07714466379179452,0.07714466379179452,0.5877526775549149,FALSE,FALSE
1997-06-01,King_Haakon,3.781999086,0.10373744841699616,0.10373744841699616,0.5877526775549149,FALSE,FALSE
1997-06-02,King_Haakon,3.89658728,0.19916936553587972,0.19916936553587972,0.5877526775549149,FALSE,FALSE
1997-06-03,King_Haakon,3.936498317,0.2197487623803469,0.2197487623803469,0.5877526775549149,FALSE,FALSE
1997-06-04,King_Haakon,3.949051624,0.21282495344623875,0.21282495344623875,0.5877526775549149,FALSE,FALSE
1997-06-05,King_Haakon,3.951772279,0.19595290486042405,0.19595290486042405,0.5877526775549149,FALSE,FALSE
1997-06-06,King_Haakon,3.960408928,0.18491115074977893,0.18491115074977893,0.5877526775549149,FALSE,FALSE
1997-06-07,King_Haakon,3.961922155,0.1666901632411819,0.1666901632411819,0.5877526775549149,FALSE,FALSE
1997-06-08,King_Haakon,3.940068348,0.1250762184614973,0.1250762184614973,0.5877526775549149,FALSE,FALSE
1997-06-09,King_Haakon,3.925968305,0.0912200025376002,0.0912200025376002,0.5877526775549149,FALSE,FALSE
1997-06-10,King_Haakon,3.916304728,0.06183410559636382,0.06183410559636382,0.5877526775549149,FALSE,FALSE
1997-06-11,King_Haakon,3.910222092,0.03609289076466293,0.03609289076466293,0.5877526775549149,FALSE,FALSE
1997-06-12,King_Haakon,3.962585989,0.06889183816936972,0.06889183816936972,0.5877526775549149,FALSE,FALSE
1997-06-13,King_Haakon,3.987220103,0.07408451993735365,0.07408451993735365,0.5877526775549149,FALSE,FALSE
1997-06-14,King_Haakon,3.998254672,0.06583094224470143,0.06583094224470143,0.5877526775549149,FALSE,FALSE
1997-06-15,King_Haakon,4.056379317,0.1048452063391827,0.1048452063391827,0.5877526775549149,FALSE,FALSE
1997-06-16,King_Haakon,4.051370844,0.08092134419444585,0.08092134419444585,0.5877526775549149,FALSE,FALSE
1997-06-17,King_Haakon,4.053886837,0.06473364019959105,0.06473364019959105,0.5877526775549149,FALSE,FALSE
1997-06-18,King_Haakon,4.063726945,0.05609844374373551,0.05609844374373551,0.5877526775549149,FALSE,FALSE
1997-06-19,King_Haakon,4.094928123,0.06906941021598456,0.06906941021598456,0.5877526775549149,FALSE,FALSE
1997-06-20,King_Haakon,4.110308395,0.0664812640054544,0.0664812640054544,0.5877526775549149,FALSE,FALSE
1997-06-21,King_Haakon,4.126584965,0.06506790950124941,0.06506790950124941,0.5877526775549149,FALSE,FALSE
1997-06-22,King_Haakon,4.135816519,0.05690473309248034,0.05690473309248034,0.5877526775549149,FALSE,FALSE
1997-06-23,King_Haakon,4.147834574,0.05183995216825821,0.05183995216825821,0.5877526775549149,FALSE,FALSE
1997-06-24,King_Haakon,4.130605636,0.0178567731176944,0.0178567731176944,0.5877526775549149,FALSE,FALSE
1997-06-25,King_Haakon,4.167310801,0.03815299232989577,0.03815299232989577,0.5877526775549149,FALSE,FALSE
1997-06-26,King_Haakon,4.212477473,0.0672727141939733,0.0672727141939733,0.5877526775549149,FALSE,FALSE
1997-06-27,King_Haakon,4.264866978,0.10398962766177888,0.10398962766177888,0.5877526775549149,FALSE,FALSE
1997-06-28,King_Haakon,4.27952178,0.10332578381754408,0.10332578381754408,0.5877526775549149,FALSE,FALSE
1997-06-29,King_Haakon,4.287029784,0.09583369816321063,0.09583369816321063,0.5877526775549149,FALSE,FALSE
1997-06-30,King_Haakon,4.284153888,0.07824080219846863,0.07824080219846863,0.5877526775549149,FALSE,FALSE
1997-07-01,King_Haakon,4.273469469,0.05308700642301023,0.05308700642301023,0.5877526775549149,FALSE,FALSE
1997-07-02,King_Haakon,4.314909309,0.08026962633652701,0.08026962633652701,0.5877526775549149,FALSE,FALSE
1997-07-03,King_Haakon,4.355997297,0.10727708443870387,0.10727708443870387,0.5877526775549149,FALSE,FALSE
1997-07-04,King_Haakon,4.352818201,0.09015868222923372,0.09015868222923372,0.5877526775549149,FALSE,FALSE
1997-07-05,King_Haakon,4.357338702,0.0808456342078081,0.0808456342078081,0.5877526775549149,FALSE,FALSE
1997-07-06,King_Haakon,4.355946761,0.06569043487411452,0.06569043487411452,0.5877526775549149,FALSE,FALSE
1997-07-07,King_Haakon,4.343607408,0.03962264772784696,0.03962264772784696,0.5877526775549149,FALSE,FALSE
1997-07-08,King_Haakon,4.334115094,0.01640125726869179,0.01640125726869179,0.5877526775549149,FALSE,FALSE
1997-07-09,King_Haakon,4.337580999,0.00610206819982295,0.00610206819982295,0.5877526775549149,FALSE,FALSE
1997-07-10,King_Haakon,4.344938619,-3.590601206076016e-4,3.590601206076016e-4,0.5877526775549149,FALSE,FALSE
1997-07-11,King_Haakon,4.358873147,-2.757507412924909e-4,2.757507412924909e-4,0.5877526775549149,FALSE,FALSE
1997-07-12,King_Haakon,4.368975833,-0.00403043233701794,0.00403043233701794,0.5877526775549149,FALSE,FALSE
1997-07-13,King_Haakon,4.35354819,-0.03329527058258197,0.03329527058258197,0.5877526775549149,FALSE,FALSE
1997-07-14,King_Haakon,4.35097029,-0.04966387215276136,0.04966387215276136,0.5877526775549149,FALSE,FALSE
1997-07-15,King_Haakon,4.344135982,-0.07021606672235148,0.07021606672235148,0.5877526775549149,FALSE,FALSE
1997-07-16,King_Haakon,4.342137086,-0.08583371296613862,0.08583371296613862,0.5877526775549149,FALSE,FALSE
1997-07-17,King_Haakon,4.349166786,-0.09229730555891004,0.09229730555891004,0.5877526775549149,FALSE,FALSE
1997-07-18,King_Haakon,4.372316171,-0.08248943417545895,0.08248943417545895,0.5877526775549149,FALSE,FALSE
1997-07-19,King_Haakon,4.402928222,-0.06504079649056749,0.06504079649056749,0.5877526775549149,FALSE,FALSE
1997-07-20,King_Haakon,4.415669931,-0.06525807917902693,0.06525807917902693,0.5877526775549149,FALSE,FALSE
1997-07-21,King_Haakon,4.448774761,-0.04488149791562712,0.04488149791562712,0.5877526775549149,FALSE,FALSE
1997-07-22,King_Haakon,4.437585883,-0.06854256208441978,0.06854256208441978,0.5877526775549149,FALSE,FALSE
1997-07-23,King_Haakon,4.425553128,-0.092779946958915,0.092779946958915,0.5877526775549149,FALSE,FALSE
1997-07-24,King_Haakon,4.437537074,-0.09273165905213876,0.09273165905213876,0.5877526775549149,FALSE,FALSE
1997-07-25,King_Haakon,4.435010917,-0.10692331549080158,0.10692331549080158,0.5877526775549149,FALSE,FALSE
1997-07-26,King_Haakon,4.410771566,-0.1425568204016212,0.1425568204016212,0.5877526775549149,FALSE,FALSE
1997-07-27,King_Haakon,4.409661323,-0.15478868491130893,0.15478868491130893,0.5877526775549149,FALSE,FALSE
1997-07-28,King_Haakon,4.430181016,-0.14511689414657702,0.14511689414657702,0.5877526775549149,FALSE,FALSE
1997-07-29,King_Haakon,4.452927539,-0.13294336723414268,0.13294336723414268,0.5877526775549149,FALSE,FALSE
1997-07-30,King_Haakon,4.485631365,-0.1105364443007142,0.1105364443007142,0.5877526775549149,FALSE,FALSE
1997-07-31,King_Haakon,4.462849971,-0.14333746147301074,0.14333746147301074,0.5877526775549149,FALSE,FALSE
1997-08-01,King_Haakon,4.460675919,-0.15525266987774078,0.15525266987774078,0.5877526775549149,FALSE,FALSE
1997-08-02,King_Haakon,4.462782393,-0.1626076986416196,0.1626076986416196,0.5877526775549149,FALSE,FALSE
1997-08-03,King_Haakon,4.460707162,-0.17386359171766408,0.17386359171766408,0.5877526775549149,FALSE,FALSE
1997-08-04,King_Haakon,4.431695549,-0.211769149901051,0.211769149901051,0.5877526775549149,FALSE,FALSE
1997-08-05,King_Haakon,4.379054189,-0.27299494638331456,0.27299494638331456,0.5877526775549149,FALSE,FALSE
1997-08-06,King_Haakon,4.325662928,-0.3346345303321039,0.3346345303321039,0.5877526775549149,FALSE,FALSE
1997-08-07,King_Haakon,4.37596229,-0.2922207729150683,0.2922207729150683,0.5877526775549149,FALSE,FALSE
1997-08-08,King_Haakon,4.543054417,-0.13262492729985542,0.13262492729985542,0.5877526775549149,FALSE,FALSE
1997-08-09,King_Haakon,4.594012061,-0.08874763665411223,0.08874763665411223,0.5877526775549149,FALSE,FALSE
1997-08-10,King_Haakon,4.580115434,-0.10928208414549,0.10928208414549,0.5877526775549149,FALSE,FALSE
1997-08-11,King_Haakon,4.516409032,-0.1791571689416367,0.1791571689416367,0.5877526775549149,FALSE,FALSE
1997-08-12,King_Haakon,4.466598148,-0.23464099321020093,0.23464099321020093,0.5877526775549149,FALSE,FALSE
1997-08-13,King_Haakon,4.449430335,-0.2569593991188306,0.2569593991188306,0.5877526775549149,FALSE,FALSE
1997-08-14,King_Haakon,4.441845415,-0.2691459598351722,0.2691459598351722,0.5877526775549149,FALSE,FALSE
1997-08-15,King_Haakon,4.426236852,-0.28878060652687587,0.28878060652687587,0.5877526775549149,FALSE,FALSE
1997-08-16,King_Haakon,4.439081128,-0.27936218902595833,0.27936218902595833,0.5877526775549149,FALSE,FALSE
1997-08-17,King_Haakon,4.462208803,-0.2590930413778709,0.2590930413778709,0.5877526775549149,FALSE,FALSE
1997-08-18,King_Haakon,4.490309422,-0.23338239712111797,0.23338239712111797,0.5877526775549149,FALSE,FALSE
1997-08-19,King_Haakon,4.506555018,-0.2191606124347167,0.2191606124347167,0.5877526775549149,FALSE,FALSE
1997-08-20,King_Haakon,4.506177515,-0.22129815249769536,0.22129815249769536,0.5877526775549149,FALSE,FALSE
1997-08-21,King_Haakon,4.492533477,-0.2365408424890667,0.2365408424890667,0.5877526775549149,FALSE,FALSE
1997-08-22,King_Haakon,4.476039127,-0.25457484858786117,0.25457484858786117,0.5877526775549149,FALSE,FALSE
1997-08-23,King_Haakon,4.458901757,-0.2732952679730962,0.2732952679730962,0.5877526775549149,FALSE,FALSE
1997-08-24,King_Haakon,4.472783414,-0.26114244282379406,0.26114244282379406,0.5877526775549149,FALSE,FALSE
1997-08-25,King_Haakon,4.493857988,-0.24204487231897875,0.24204487231897875,0.5877526775549149,FALSE,FALSE
1997-08-26,King_Haakon,4.514779421,-0.22345100363767312,0.22345100363767312,0.5877526775549149,FALSE,FALSE
1997-08-27,King_Haakon,4.466993681,-0.27401725795889753,0.27401725795889753,0.5877526775549149,FALSE,FALSE
1997-08-28,King_Haakon,4.432882261,-0.31146453146167197,0.31146453146167197,0.5877526775549149,FALSE,FALSE
1997-08-29,King_Haakon,4.394448114,-0.3538709005126446,0.3538709005126446,0.5877526775549149,FALSE,FALSE
1997-08-30,King_Haakon,4.407212973,-0.34566584303221415,0.34566584303221415,0.5877526775549149,FALSE,FALSE
1997-08-31,King_Haakon,4.434690615,-0.32323801601499014,0.32323801601499014,0.5877526775549149,FALSE,FALSE
1997-09-01,King_Haakon,4.536298169,-0.22707263696579535,0.22707263696579535,0.5877526775549149,FALSE,FALSE
1997-09-02,King_Haakon,4.634093032,-0.135014655389452,0.135014655389452,0.5877526775549149,FALSE,FALSE
1997-09-03,King_Haakon,4.676409074,-0.09863254779077656,0.09863254779077656,0.5877526775549149,FALSE,FALSE
1997-09-04,King_Haakon,4.725044657,-0.05603029867459241,0.05603029867459241,0.5877526775549149,FALSE,FALSE
1997-09-05,King_Haakon,4.76484911,-0.0222609255457149,0.0222609255457149,0.5877526775549149,FALSE,FALSE
1997-09-06,King_Haakon,4.738142216,-0.05490699190897263,0.05490699190897263,0.5877526775549149,FALSE,FALSE
1997-09-07,King_Haakon,4.736468181,-0.06232663826917584,0.06232663826917584,0.5877526775549149,FALSE,FALSE
1997-09-08,King_Haakon,4.758074226,-0.04617499013115367,0.04617499013115367,0.5877526775549149,FALSE,FALSE
1997-09-09,King_Haakon,4.765510954,-0.04380379099972575,0.04380379099972575,0.5877526775549149,FALSE,FALSE
1997-09-10,King_Haakon,4.743969679,-0.0699245073689374,0.0699245073689374,0.5877526775549149,FALSE,FALSE
1997-09-11,King_Haakon,4.671666755,-0.14626476504245556,0.14626476504245556,0.5877526775549149,FALSE,FALSE
1997-09-12,King_Haakon,4.620636314,-0.2008089664269068,0.2008089664269068,0.5877526775549149,FALSE,FALSE
1997-09-13,King_Haakon,4.607633932,-0.21682791987863403,0.21682791987863403,0.5877526775549149,FALSE,FALSE
1997-09-14,King_Haakon,4.597993455,-0.229014163753976,0.229014163753976,0.5877526775549149,FALSE,FALSE
1997-09-15,King_Haakon,4.594294836,-0.23481412940928512,0.23481412940928512,0.5877526775549149,FALSE,FALSE
1997-09-16,King_Haakon,4.618386465,-0.21240581120090507,0.21240581120090507,0.5877526775549149,FALSE,FALSE
1997-09-17,King_Haakon,4.64736684,-0.18471709548517623,0.18471709548517623,0.5877526775549149,FALSE,FALSE
1997-09-18,King_Haakon,4.699941487,-0.13306884061845017,0.13306884061845017,0.5877526775549149,FALSE,FALSE
1997-09-19,King_Haakon,4.736568012,-0.09702982495706802,0.09702982495706802,0.5877526775549149,FALSE,FALSE
1997-09-20,King_Haakon,4.800738017,-0.033134830857378,0.033134830857378,0.5877526775549149,FALSE,FALSE
1997-09-21,King_Haakon,4.824097764,-0.00976398067571882,0.00976398067571882,0.5877526775549149,FALSE,FALSE
1997-09-22,King_Haakon,4.857108561,0.0235176492315583,0.0235176492315583,0.5877526775549149,FALSE,FALSE
1997-09-23,King_Haakon,4.878626687,0.0455397493230123,0.0455397493230123,0.5877526775549149,FALSE,FALSE
1997-09-24,King_Haakon,4.900729717,0.0683511200260245,0.0683511200260245,0.5877526775549149,FALSE,FALSE
1997-09-25,King_Haakon,4.90333954,0.07184354968785112,0.07184354968785112,0.5877526775549149,FALSE,FALSE
1997-09-26,King_Haakon,4.901381099,0.07091186204939692,0.07091186204939692,0.5877526775549149,FALSE,FALSE
1997-09-27,King_Haakon,4.878858477,0.04953002085154878,0.04953002085154878,0.5877526775549149,FALSE,FALSE
1997-09-28,King_Haakon,4.847761638,0.01965787083520886,0.01965787083520886,0.5877526775549149,FALSE,FALSE
1997-09-29,King_Haakon,4.832397051,0.00557176174126716,0.00557176174126716,0.5877526775549149,FALSE,FALSE
1997-09-30,King_Haakon,4.823975757,-0.00154738468937853,0.00154738468937853,0.5877526775549149,FALSE,FALSE
1997-10-01,King_Haakon,4.804539134,-0.01968830971583379,0.01968830971583379,0.5877526775549149,FALSE,FALSE
1997-10-02,King_Haakon,4.813997464,-0.00897085059720126,0.00897085059720126,0.5877526775549149,FALSE,FALSE
1997-10-03,King_Haakon,4.834037903,0.0122620294074105,0.0122620294074105,0.5877526775549149,FALSE,FALSE
1997-10-04,King_Haakon,4.881444621,0.06076438103890158,0.06076438103890158,0.5877526775549149,FALSE,FALSE
1997-10-05,King_Haakon,4.896061464,0.07634994932199834,0.07634994932199834,0.5877526775549149,FALSE,FALSE
1997-10-06,King_Haakon,4.923763292,0.10488560994693508,0.10488560994693508,0.5877526775549149,FALSE,FALSE
1997-10-07,King_Haakon,4.953554411,0.13543274186579524,0.13543274186579524,0.5877526775549149,FALSE,FALSE
1997-10-08,King_Haakon,4.934945786,0.11757128512842652,0.11757128512842652,0.5877526775549149,FALSE,FALSE
1997-10-09,King_Haakon,4.902708677,0.08614147478467515,0.08614147478467515,0.5877526775549149,FALSE,FALSE
1997-10-10,King_Haakon,4.855905357,0.0402745588843949,0.0402745588843949,0.5877526775549149,FALSE,FALSE
1997-10-11,King_Haakon,4.805341407,-0.00915490652257666,0.00915490652257666,0.5877526775549149,FALSE,FALSE
1997-10-12,King_Haakon,4.782147195,-0.03094757838638795,0.03094757838638795,0.5877526775549149,FALSE,FALSE
1997-10-13,King_Haakon,4.778300097,-0.03305710565719089,0.03305710565719089,0.5877526775549149,FALSE,FALSE
1997-10-14,King_Haakon,4.778029181,-0.03118544528513833,0.03118544528513833,0.5877526775549149,FALSE,FALSE
1997-10-15,King_Haakon,4.749475694,-0.05712237522038332,0.05712237522038332,0.5877526775549149,FALSE,FALSE
1997-10-16,King_Haakon,4.725037597,-0.07840095941308078,0.07840095941308078,0.5877526775549149,FALSE,FALSE
1997-10-17,King_Haakon,4.703994862,-0.09567225081338115,0.09567225081338115,0.5877526775549149,FALSE,FALSE
1997-10-18,King_Haakon,4.70252508,-0.0926924184211595,0.0926924184211595,0.5877526775549149,FALSE,FALSE
1997-10-19,King_Haakon,4.709324549,-0.08075701588204698,0.08075701588204698,0.5877526775549149,FALSE,FALSE
1997-10-20,King_Haakon,4.716035769,-0.06827093134318218,0.06827093134318218,0.5877526775549149,FALSE,FALSE
1997-10-21,King_Haakon,4.698498188,-0.0794443286484352,0.0794443286484352,0.5877526775549149,FALSE,FALSE
1997-10-22,King_Haakon,4.649912163,-0.1211264626416737,0.1211264626416737,0.5877526775549149,FALSE,FALSE
1997-10-23,King_Haakon,4.609709782,-0.15393485716676647,0.15393485716676647,0.5877526775549149,FALSE,FALSE
1997-10-24,King_Haakon,4.564339415,-0.19147075406758063,0.19147075406758063,0.5877526775549149,FALSE,FALSE
1997-10-25,King_Haakon,4.523271236,-0.224313591187979,0.224313591187979,0.5877526775549149,FALSE,FALSE
1997-10-26,King_Haakon,4.447116015,-0.29190221037183406,0.29190221037183406,0.5877526775549149,FALSE,FALSE
1997-10-27,King_Haakon,4.395414202,-0.3347457734630126,0.3347457734630126,0.5877526775549149,FALSE,FALSE
1997-10-28,King_Haakon,4.358053313,-0.3630063763053837,0.3630063763053837,0.5877526775549149,FALSE,FALSE
1997-10-29,King_Haakon,4.350067042,-0.36169993674281553,0.36169993674281553,0.5877526775549149,FALSE,FALSE
1997-10-30,King_Haakon,4.339693693,-0.3626377626191699,0.3626377626191699,0.5877526775549149,FALSE,FALSE
1997-10-31,King_Haakon,4.325099195,-0.3676893757049085,0.3676893757049085,0.5877526775549149,FALSE,FALSE
1997-11-01,King_Haakon,4.303788189,-0.3793158818922011,0.3793158818922011,0.5877526775549149,FALSE,FALSE
1997-11-02,King_Haakon,4.286005351,-0.38721694175041765,0.38721694175041765,0.5877526775549149,FALSE,FALSE
1997-11-03,King_Haakon,4.272725797,-0.3903617700932704,0.3903617700932704,0.5877526775549149,FALSE,FALSE
1997-11-04,King_Haakon,4.227996411,-0.42464781373447824,0.42464781373447824,0.5877526775549149,FALSE,FALSE
1997-11-05,King_Haakon,4.228084307,-0.41375228948775256,0.41375228948775256,0.5877526775549149,FALSE,FALSE
1997-11-06,King_Haakon,4.223428987,-0.4071800261668104,0.4071800261668104,0.5877526775549149,FALSE,FALSE
1997-11-07,King_Haakon,4.223348695,-0.395557110585365,0.395557110585365,0.5877526775549149,FALSE,FALSE
1997-11-08,King_Haakon,4.226767174,-0.3799041305571311,0.3799041305571311,0.5877526775549149,FALSE,FALSE
1997-11-09,King_Haakon,4.22271065,-0.37113919089582215,0.37113919089582215,0.5877526775549149,FALSE,FALSE
1997-11-10,King_Haakon,4.213018602,-0.3673671434151542,0.3673671434151542,0.5877526775549149,FALSE,FALSE
1997-11-11,King_Haakon,4.208038602,-0.3581847469288437,0.3581847469288437,0.5877526775549149,FALSE,FALSE
1997-11-12,King_Haakon,4.180035969,-0.3712707121655674,0.3712707121655674,0.5877526775549149,FALSE,FALSE
1997-11-13,King_Haakon,4.141462298,-0.3941008181309336,0.3941008181309336,0.5877526775549149,FALSE,FALSE
1997-11-14,King_Haakon,4.136714111,-0.38218087980336257,0.38218087980336257,0.5877526775549149,FALSE,FALSE
1997-11-15,King_Haakon,4.135196318,-0.3660062590190041,0.3660062590190041,0.5877526775549149,FALSE,FALSE
1997-11-16,King_Haakon,4.141315581,-0.3410705656140163,0.3410705656140163,0.5877526775549149,FALSE,FALSE
1997-11-17,King_Haakon,4.129912277,-0.33243369442455606,0.33243369442455606,0.5877526775549149,FALSE,FALSE
1997-11-18,King_Haakon,4.140379915,-0.3006024082867782,0.3006024082867782,0.5877526775549149,FALSE,FALSE
1997-11-19,King_Haakon,4.089895395,-0.3283000790368389,0.3283000790368389,0.5877526775549149,FALSE,FALSE
1997-11-20,King_Haakon,4.044780058,-0.3491056375108963,0.3491056375108963,0.5877526775549149,FALSE,FALSE
1997-11-21,King_Haakon,4.008845976,-0.3591072835451028,0.3591072835451028,0.5877526775549149,FALSE,FALSE
1997-11-22,King_Haakon,3.989844581,-0.3504538569756175,0.3504538569756175,0.5877526775549149,FALSE,FALSE
1997-11-23,King_Haakon,3.93534945,-0.375472052638591,0.375472052638591,0.5877526775549149,FALSE,FALSE
1997-11-24,King_Haakon,3.868935324,-0.41048740137018713,0.41048740137018713,0.5877526775549149,FALSE,FALSE
1997-11-25,King_Haakon,3.814331466,-0.4316882596518954,0.4316882596518954,0.5877526775549149,FALSE,FALSE
1997-11-26,King_Haakon,3.765975962,-0.4447008844429852,0.4447008844429852,0.5877526775549149,FALSE,FALSE
1997-11-27,King_Haakon,3.736498613,-0.43703359407119535,0.43703359407119535,0.5877526775549149,FALSE,FALSE
1997-11-28,King_Haakon,3.665281891,-0.469442594677409,0.469442594677409,0.5877526775549149,FALSE,FALSE
1997-11-29,King_Haakon,3.609594551,-0.4847978094025045,0.4847978094025045,0.5877526775549149,FALSE,FALSE
1997-11-30,King_Haakon,3.56575388,-0.48692062938736136,0.48692062938736136,0.5877526775549149,FALSE,FALSE
1997-12-01,King_Haakon,3.535887357,-0.473822253772866,0.473822253772866,0.5877526775549149,FALSE,FALSE
1997-12-02,King_Haakon,3.534283742,-0.43135260069989423,0.43135260069989423,0.5877526775549149,FALSE,FALSE
1997-12-03,King_Haakon,3.527492649,-0.39310073430932846,0.39310073430932846,0.5877526775549149,FALSE,FALSE
1997-12-04,King_Haakon,3.51219922,-0.3625201907420519,0.3625201907420519,0.5877526775549149,FALSE,FALSE
1997-12-05,King_Haakon,3.496070796,-0.33208230713894293,0.33208230713894293,0.5877526775549149,FALSE,FALSE
1997-12-06,King_Haakon,3.499586278,-0.2814468606408842,0.2814468606408842,0.5877526775549149,FALSE,FALSE
1997-12-07,King_Haakon,3.47162248,-0.2618755542387179,0.2618755542387179,0.5877526775549149,FALSE,FALSE
1997-12-08,King_Haakon,3.431880309,-0.25375597179490894,0.25375597179490894,0.5877526775549149,FALSE,FALSE
1997-12-09,King_Haakon,3.401216571,-0.2361991535187955,0.2361991535187955,0.5877526775549149,FALSE,FALSE
1997-12-10,King_Haakon,3.366406684,-0.22237970571478585,0.22237970571478585,0.5877526775549149,FALSE,FALSE
1997-12-11,King_Haakon,3.332471243,-0.20722705768729544,0.20722705768729544,0.5877526775549149,FALSE,FALSE
1997-12-12,King_Haakon,3.288671722,-0.2014297597407353,0.2014297597407353,0.5877526775549149,FALSE,FALSE
1997-12-13,King_Haakon,3.254263683,-0.1856822741795172,0.1856822741795172,0.5877526775549149,FALSE,FALSE
1997-12-14,King_Haakon,3.234445561,-0.15473619030805397,0.15473619030805397,0.5877526775549149,FALSE,FALSE
1997-12-15,King_Haakon,3.188691572,-0.14906731643075632,0.14906731643075632,0.5877526775549149,FALSE,FALSE
1997-12-16,King_Haakon,3.14832473,-0.1373026628520373,0.1373026628520373,0.5877526775549149,FALSE,FALSE
1997-12-17,King_Haakon,3.104995063,-0.1277422258763088,0.1277422258763088,0.5877526775549149,FALSE,FALSE
1997-12-18,King_Haakon,3.047561266,-0.13147733480798118,0.13147733480798118,0.5877526775549149,FALSE,FALSE
1997-12-19,King_Haakon,2.991736837,-0.1327445159514693,0.1327445159514693,0.5877526775549149,FALSE,FALSE
1997-12-20,King_Haakon,2.905851604,-0.16316836064605278,0.16316836064605278,0.5877526775549149,FALSE,FALSE
1997-12-21,King_Haakon,2.875655764,-0.1370225852039515,0.1370225852039515,0.5877526775549149,FALSE,FALSE
1997-12-22,King_Haakon,2.800789606,-0.15474628548579217,0.15474628548579217,0.5877526775549149,FALSE,FALSE
1997-12-23,King_Haakon,2.680586818,-0.2170867041735551,0.2170867041735551,0.5877526775549149,FALSE,FALSE
1997-12-24,King_Haakon,2.622075952,-0.21709621994921904,0.21709621994921904,0.5877526775549149,FALSE,FALSE
1997-12-25,King_Haakon,2.547282471,-0.2328303004947534,0.2328303004947534,0.5877526775549149,FALSE,FALSE
1997-12-26,King_Haakon,2.430147351,-0.29042890049213677,0.29042890049213677,0.5877526775549149,FALSE,FALSE
1997-12-27,King_Haakon,2.355140901,-0.30550264162334795,0.30550264162334795,0.5877526775549149,FALSE,FALSE
1997-12-28,King_Haakon,2.345062076,-0.25533349957036533,0.25533349957036533,0.5877526775549149,FALSE,FALSE
1997-12-29,King_Haakon,2.306719602,-0.23319367901515653,0.23319367901515653,0.5877526775549149,FALSE,FALSE
1997-12-30,King_Haakon,2.243495459,-0.2357821306397061,0.2357821306397061,0.5877526775549149,FALSE,FALSE
1997-12-31,King_Haakon,2.140305955,-0.27826347712598354,0.27826347712598354,0.5877526775549149,FALSE,FALSE
1998-01-01,King_Haakon,2.105478666,-0.2523910731559731,0.2523910731559731,0.5877526775549149,FALSE,FALSE
1998-01-02,King_Haakon,2.062550039,-0.23471240038191565,0.23471240038191565,0.5877526775549149,FALSE,FALSE
1998-01-03,King_Haakon,2.009677349,-0.22716610433715576,0.22716610433715576,0.5877526775549149,FALSE,FALSE
1998-01-04,King_Haakon,1.966560283,-0.2101514165253009,0.2101514165253009,0.5877526775549149,FALSE,FALSE
1998-01-05,King_Haakon,1.920814063,-0.196152033449966,0.196152033449966,0.5877526775549149,FALSE,FALSE
1998-01-06,King_Haakon,1.878299959,-0.17940560361475466,0.17940560361475466,0.5877526775549149,FALSE,FALSE
1998-01-07,King_Haakon,1.849582374,-0.1494466425232841,0.1494466425232841,0.5877526775549149,FALSE,FALSE
1998-01-08,King_Haakon,1.79291593,-0.14811944667916666,0.14811944667916666,0.5877526775549149,FALSE,FALSE
1998-01-09,King_Haakon,1.740044113,-0.14377944858600755,0.14377944858600755,0.5877526775549149,FALSE,FALSE
1998-01-10,King_Haakon,1.68232897,-0.14516351974742325,0.14516351974742325,0.5877526775549149,FALSE,FALSE
1998-01-11,King_Haakon,1.651973375,-0.1201677046670222,0.1201677046670222,0.5877526775549149,FALSE,FALSE
1998-01-12,King_Haakon,1.645143435,-0.07272481484841498,0.07272481484841498,0.5877526775549149,FALSE,FALSE
1998-01-13,King_Haakon,1.605724918,-0.05904800079521499,0.05904800079521499,0.5877526775549149,FALSE,FALSE
1998-01-14,King_Haakon,1.557849025,-0.05510420990210174,0.05510420990210174,0.5877526775549149,FALSE,FALSE
1998-01-15,King_Haakon,1.53257003,-0.0299096813295836,0.0299096813295836,0.5877526775549149,FALSE,FALSE
1998-01-16,King_Haakon,1.529427309,0.01603906879315508,0.01603906879315508,0.5877526775549149,FALSE,FALSE
1998-01-17,King_Haakon,1.514506575,0.0487940508885385,0.0487940508885385,0.5877526775549149,FALSE,FALSE
1998-01-18,King_Haakon,1.46824264,0.0487563743789885,0.0487563743789885,0.5877526775549149,FALSE,FALSE
1998-01-19,King_Haakon,1.424306269,0.04956310168692601,0.04956310168692601,0.5877526775549149,FALSE,FALSE
1998-01-20,King_Haakon,1.392640175,0.06112324323477458,0.06112324323477458,0.5877526775549149,FALSE,FALSE
1998-01-21,King_Haakon,1.369695147,0.07985388544495597,0.07985388544495597,0.5877526775549149,FALSE,FALSE
1998-01-22,King_Haakon,1.351298706,0.10154884673989262,0.10154884673989262,0.5877526775549149,FALSE,FALSE
1998-01-23,King_Haakon,1.325407164,0.11413073654200724,0.11413073654200724,0.5877526775549149,FALSE,FALSE
1998-01-24,King_Haakon,1.294243555,0.11978888627371952,0.11978888627371952,0.5877526775549149,FALSE,FALSE
1998-01-25,King_Haakon,1.285227564,0.14590927835745382,0.14590927835745382,0.5877526775549149,FALSE,FALSE
1998-01-26,King_Haakon,1.233893237,0.12799225621563304,0.12799225621563304,0.5877526775549149,FALSE,FALSE
1998-01-27,King_Haakon,1.204799812,0.13057215435021696,0.13057215435021696,0.5877526775549149,FALSE,FALSE
1998-01-28,King_Haakon,1.199205884,0.15494222927057644,0.15494222927057644,0.5877526775549149,FALSE,FALSE
1998-01-29,King_Haakon,1.191638786,0.17568917452271715,0.17568917452271715,0.5877526775549149,FALSE,FALSE
1998-01-30,King_Haakon,1.142377687,0.1531515992160808,0.1531515992160808,0.5877526775549149,FALSE,FALSE
1998-01-31,King_Haakon,1.154879064,0.190845420460108,0.190845420460108,0.5877526775549149,FALSE,FALSE
1998-02-01,King_Haakon,1.16491874,0.2246059013642424,0.2246059013642424,0.5877526775549149,FALSE,FALSE
1998-02-02,King_Haakon,1.147929488,0.22992525503792427,0.22992525503792427,0.5877526775549149,FALSE,FALSE
1998-02-03,King_Haakon,1.154179691,0.2571313045905963,0.2571313045905963,0.5877526775549149,FALSE,FALSE
1998-02-04,King_Haakon,1.158670993,0.2812851341317,0.2812851341317,0.5877526775549149,FALSE,FALSE
1998-02-05,King_Haakon,1.141193573,0.2822363627706762,0.2822363627706762,0.5877526775549149,FALSE,FALSE
1998-02-06,King_Haakon,1.150265458,0.30856245761696943,0.30856245761696943,0.5877526775549149,FALSE,FALSE
1998-02-07,King_Haakon,1.165158898,0.33959510878001875,0.33959510878001875,0.5877526775549149,FALSE,FALSE
1998-02-08,King_Haakon,1.148471088,0.33799055995447425,0.33799055995447425,0.5877526775549149,FALSE,FALSE
1998-02-09,King_Haakon,1.135707912,0.3392620679531835,0.3392620679531835,0.5877526775549149,FALSE,FALSE
1998-02-10,King_Haakon,1.121927456,0.3383723206712458,0.3383723206712458,0.5877526775549149,FALSE,FALSE
1998-02-11,King_Haakon,1.116262335,0.34434638402793505,0.34434638402793505,0.5877526775549149,FALSE,FALSE
1998-02-12,King_Haakon,1.119454974,0.35781913394251996,0.35781913394251996,0.5877526775549149,FALSE,FALSE
1998-02-13,King_Haakon,1.121068184,0.3682458323342719,0.3682458323342719,0.5877526775549149,FALSE,FALSE
1998-02-14,King_Haakon,1.089085447,0.34350241212246446,0.34350241212246446,0.5877526775549149,FALSE,FALSE
1998-02-15,King_Haakon,1.090494934,0.3504694952263673,0.3504694952263673,0.5877526775549149,FALSE,FALSE
1998-02-16,King_Haakon,1.093908322,0.35765120956525276,0.35765120956525276,0.5877526775549149,FALSE,FALSE
1998-02-17,King_Haakon,1.096567228,0.3621816230583912,0.3621816230583912,0.5877526775549149,FALSE,FALSE
1998-02-18,King_Haakon,1.102855861,0.3683373956250544,0.3683373956250544,0.5877526775549149,FALSE,FALSE
1998-02-19,King_Haakon,1.146953409,0.4101901661845144,0.4101901661845144,0.5877526775549149,FALSE,FALSE
1998-02-20,King_Haakon,1.174510293,0.4332828066560416,0.4332828066560416,0.5877526775549149,FALSE,FALSE
1998-02-21,King_Haakon,1.160349664,0.41234134684417734,0.41234134684417734,0.5877526775549149,FALSE,FALSE
1998-02-22,King_Haakon,1.144617212,0.3875407794093174,0.3875407794093174,0.5877526775549149,FALSE,FALSE
1998-02-23,King_Haakon,1.163441199,0.39512277167772025,0.39512277167772025,0.5877526775549149,FALSE,FALSE
1998-02-24,King_Haakon,1.172017642,0.3903982662971608,0.3903982662971608,0.5877526775549149,FALSE,FALSE
1998-02-25,King_Haakon,1.207472873,0.4106085209154105,0.4106085209154105,0.5877526775549149,FALSE,FALSE
1998-02-26,King_Haakon,1.234166545,0.4202281141802422,0.4202281141802422,0.5877526775549149,FALSE,FALSE
1998-02-27,King_Haakon,1.240701584,0.4079748977394291,0.4079748977394291,0.5877526775549149,FALSE,FALSE
1998-02-28,King_Haakon,1.238971902,0.38585770924074303,0.38585770924074303,0.5877526775549149,FALSE,FALSE
1998-03-01,King_Haakon,1.253239954,0.3782539293319581,0.3782539293319581,0.5877526775549149,FALSE,FALSE
1998-03-02,King_Haakon,1.254211835,0.35598457866084543,0.35598457866084543,0.5877526775549149,FALSE,FALSE
1998-03-03,King_Haakon,1.289247329,0.36652436687518,0.36652436687518,0.5877526775549149,FALSE,FALSE
1998-03-04,King_Haakon,1.31627359,0.3679153736227331,0.3679153736227331,0.5877526775549149,FALSE,FALSE
1998-03-05,King_Haakon,1.326780417,0.35176231956883663,0.35176231956883663,0.5877526775549149,FALSE,FALSE
1998-03-06,King_Haakon,1.33275995,0.33015745219775194,0.33015745219775194,0.5877526775549149,FALSE,FALSE
1998-03-07,King_Haakon,1.352642855,0.3215833156473509,0.3215833156473509,0.5877526775549149,FALSE,FALSE
1998-03-08,King_Haakon,1.381257841,0.32091069875832123,0.32091069875832123,0.5877526775549149,FALSE,FALSE
1998-03-09,King_Haakon,1.416703542,0.3262803153713456,0.3262803153713456,0.5877526775549149,FALSE,FALSE
1998-03-10,King_Haakon,1.459729658,0.3384839453271089,0.3384839453271089,0.5877526775549149,FALSE,FALSE
1998-03-11,King_Haakon,1.504136317,0.3513637964662979,0.3513637964662979,0.5877526775549149,FALSE,FALSE
1998-03-12,King_Haakon,1.525612406,0.3406508356295974,0.3406508356295974,0.5877526775549149,FALSE,FALSE
1998-03-13,King_Haakon,1.576610422,0.35883963965769183,0.35883963965769183,0.5877526775549149,FALSE,FALSE
1998-03-14,King_Haakon,1.611280073,0.36012199639126585,0.36012199639126585,0.5877526775549149,FALSE,FALSE
1998-03-15,King_Haakon,1.650997552,0.365916178671005,0.365916178671005,0.5877526775549149,FALSE,FALSE
1998-03-16,King_Haakon,1.676128391,0.35662979833759345,0.35662979833759345,0.5877526775549149,FALSE,FALSE
1998-03-17,King_Haakon,1.708108103,0.3537404482317179,0.3537404482317179,0.5877526775549149,FALSE,FALSE
1998-03-18,King_Haakon,1.764836758,0.3751904301071678,0.3751904301071678,0.5877526775549149,FALSE,FALSE
1998-03-19,King_Haakon,1.82533575,0.4000471637253846,0.4000471637253846,0.5877526775549149,FALSE,FALSE
1998-03-20,King_Haakon,1.853588004,0.3923435684115952,0.3923435684115952,0.5877526775549149,FALSE,FALSE
1998-03-21,King_Haakon,1.880226064,0.38276236933749885,0.38276236933749885,0.5877526775549149,FALSE,FALSE
1998-03-22,King_Haakon,1.916929432,0.3830332496747979,0.3830332496747979,0.5877526775549149,FALSE,FALSE
1998-03-23,King_Haakon,1.936888092,0.36639637459519414,0.36639637459519414,0.5877526775549149,FALSE,FALSE
1998-03-24,King_Haakon,1.972587189,0.3653870702703863,0.3653870702703863,0.5877526775549149,FALSE,FALSE
1998-03-25,King_Haakon,2.013249686,0.36927848087207904,0.36927848087207904,0.5877526775549149,FALSE,FALSE
1998-03-26,King_Haakon,2.067416086,0.3866612905719689,0.3866612905719689,0.5877526775549149,FALSE,FALSE
1998-03-27,King_Haakon,2.120217197,0.40271648854175934,0.40271648854175934,0.5877526775549149,FALSE,FALSE
1998-03-28,King_Haakon,2.132049436,0.3778906729531497,0.3778906729531497,0.5877526775549149,FALSE,FALSE
1998-03-29,King_Haakon,2.139558769,0.3488799909778444,0.3488799909778444,0.5877526775549149,FALSE,FALSE
1998-03-30,King_Haakon,2.14588943,0.31887885778754166,0.31887885778754166,0.5877526775549149,FALSE,FALSE
1998-03-31,King_Haakon,2.119230587,0.25611804139879335,0.25611804139879335,0.5877526775549149,FALSE,FALSE
1998-04-01,King_Haakon,2.13227048,0.23328047694897935,0.23328047694897935,0.5877526775549149,FALSE,FALSE
1998-04-02,King_Haakon,2.132835295,0.19817109993784163,0.19817109993784163,0.5877526775549149,FALSE,FALSE
1998-04-03,King_Haakon,2.139153034,0.16899664868286846,0.16899664868286846,0.5877526775549149,FALSE,FALSE
1998-04-04,King_Haakon,2.187063717,0.1815758795015543,0.1815758795015543,0.5877526775549149,FALSE,FALSE
1998-04-05,King_Haakon,2.204533939,0.1638541237113893,0.1638541237113893,0.5877526775549149,FALSE,FALSE
1998-04-06,King_Haakon,2.220776957,0.14502337462986237,0.14502337462986237,0.5877526775549149,FALSE,FALSE
1998-04-07,King_Haakon,2.248170293,0.1374398905744698,0.1374398905744698,0.5877526775549149,FALSE,FALSE
1998-04-08,King_Haakon,2.264389758,0.118758218862701,0.118758218862701,0.5877526775549149,FALSE,FALSE
1998-04-09,King_Haakon,2.29096857,0.11049031381204832,0.11049031381204832,0.5877526775549149,FALSE,FALSE
1998-04-10,King_Haakon,2.339274374,0.12398255673999924,0.12398255673999924,0.5877526775549149,FALSE,FALSE
1998-04-11,King_Haakon,2.398067591,0.14797410496405083,0.14797410496405083,0.5877526775549149,FALSE,FALSE
1998-04-12,King_Haakon,2.416705575,0.1318012138479041,0.1318012138479041,0.5877526775549149,FALSE,FALSE
1998-04-13,King_Haakon,2.438934708,0.11920092963740504,0.11920092963740504,0.5877526775549149,FALSE,FALSE
1998-04-14,King_Haakon,2.472362271,0.11779058858409064,0.11779058858409064,0.5877526775549149,FALSE,FALSE
1998-04-15,King_Haakon,2.524869297,0.1354630901462386,0.1354630901462386,0.5877526775549149,FALSE,FALSE
1998-04-16,King_Haakon,2.524893643,0.10066815778212355,0.10066815778212355,0.5877526775549149,FALSE,FALSE
1998-04-17,King_Haakon,2.531667124,0.07264947295001933,0.07264947295001933,0.5877526775549149,FALSE,FALSE
1998-04-18,King_Haakon,2.5693067,0.0755358621082034,0.0755358621082034,0.5877526775549149,FALSE,FALSE
1998-04-19,King_Haakon,2.609200073,0.08072689371495168,0.08072689371495168,0.5877526775549149,FALSE,FALSE
1998-04-20,King_Haakon,2.662540417,0.09942760822853812,0.09942760822853812,0.5877526775549149,FALSE,FALSE
1998-04-21,King_Haakon,2.727837639,0.13015977910723597,0.13015977910723597,0.5877526775549149,FALSE,FALSE
1998-04-22,King_Haakon,2.797884416,0.16572794980932315,0.16572794980932315,0.5877526775549149,FALSE,FALSE
1998-04-23,King_Haakon,2.882050169,0.2155134077930736,0.2155134077930736,0.5877526775549149,FALSE,FALSE
1998-04-24,King_Haakon,2.912017387,0.21121050851676415,0.21121050851676415,0.5877526775549149,FALSE,FALSE
1998-04-25,King_Haakon,2.937218457,0.20226543416687728,0.20226543416687728,0.5877526775549149,FALSE,FALSE
1998-04-26,King_Haakon,2.955582481,0.18663939995366396,0.18663939995366396,0.5877526775549149,FALSE,FALSE
1998-04-27,King_Haakon,2.995427952,0.19269313473444735,0.19269313473444735,0.5877526775549149,FALSE,FALSE
1998-04-28,King_Haakon,3.048594156,0.21230826699745495,0.21230826699745495,0.5877526775549149,FALSE,FALSE
1998-04-29,King_Haakon,3.079158232,0.2096042782309202,0.2096042782309202,0.5877526775549149,FALSE,FALSE
1998-04-30,King_Haakon,3.111710463,0.20921379392306472,0.20921379392306472,0.5877526775549149,FALSE,FALSE
1998-05-01,King_Haakon,3.102844335,0.16777264256212554,0.16777264256212554,0.5877526775549149,FALSE,FALSE
1998-05-02,King_Haakon,3.103061778,0.13582509663632614,0.13582509663632614,0.5877526775549149,FALSE,FALSE
1998-05-03,King_Haakon,3.093227856,0.09427856263389912,0.09427856263389912,0.5877526775549149,FALSE,FALSE
1998-05-04,King_Haakon,3.112908213,0.08274102704307218,0.08274102704307218,0.5877526775549149,FALSE,FALSE
1998-05-05,King_Haakon,3.11703652,0.0561885033520757,0.0561885033520757,0.5877526775549149,FALSE,FALSE
1998-05-06,King_Haakon,3.128524827,0.03757538404913552,0.03757538404913552,0.5877526775549149,FALSE,FALSE
1998-05-07,King_Haakon,3.135080262,0.01465111844806976,0.01465111844806976,0.5877526775549149,FALSE,FALSE
1998-05-08,King_Haakon,3.136461749,-0.01279485320440532,0.01279485320440532,0.5877526775549149,FALSE,FALSE
1998-05-09,King_Haakon,3.117777725,-0.05965499652292871,0.05965499652292871,0.5877526775549149,FALSE,FALSE
1998-05-10,King_Haakon,3.095026407,-0.10993716665699528,0.10993716665699528,0.5877526775549149,FALSE,FALSE
1998-05-11,King_Haakon,3.090079114,-0.14177611675610713,0.14177611675610713,0.5877526775549149,FALSE,FALSE
1998-05-12,King_Haakon,3.167252061,-0.09086170396975746,0.09086170396975746,0.5877526775549149,FALSE,FALSE
1998-05-13,King_Haakon,3.228219359,-0.05552588944744663,0.05552588944744663,0.5877526775549149,FALSE,FALSE
1998-05-14,King_Haakon,3.280379652,-0.02837610133867363,0.02837610133867363,0.5877526775549149,FALSE,FALSE
1998-05-15,King_Haakon,3.32596258,-0.00718877179293331,0.00718877179293331,0.5877526775549149,FALSE,FALSE
1998-05-16,King_Haakon,3.34581302,-0.01112509595972799,0.01112509595972799,0.5877526775549149,FALSE,FALSE
1998-05-17,King_Haakon,3.350769274,-0.02935284398854998,0.02935284398854998,0.5877526775549149,FALSE,FALSE
1998-05-18,King_Haakon,3.392812233,-0.00989719702890301,0.00989719702890301,0.5877526775549149,FALSE,FALSE
1998-05-19,King_Haakon,3.437309885,0.01260376076971869,0.01260376076971869,0.5877526775549149,FALSE,FALSE
1998-05-20,King_Haakon,3.471115596,0.02499574511775826,0.02499574511775826,0.5877526775549149,FALSE,FALSE
1998-05-21,King_Haakon,3.486322328,0.01933527090782139,0.01933527090782139,0.5877526775549149,FALSE,FALSE
1998-05-22,King_Haakon,3.485380791,-0.0019885582803929,0.0019885582803929,0.5877526775549149,FALSE,FALSE
1998-05-23,King_Haakon,3.490778538,-0.01655064234513359,0.01655064234513359,0.5877526775549149,FALSE,FALSE
1998-05-24,King_Haakon,3.500422307,-0.02650669618465295,0.02650669618465295,0.5877526775549149,FALSE,FALSE
1998-05-25,King_Haakon,3.488848753,-0.05738251769720159,0.05738251769720159,0.5877526775549149,FALSE,FALSE
1998-05-26,King_Haakon,3.490030152,-0.07526828378103234,0.07526828378103234,0.5877526775549149,FALSE,FALSE
1998-05-27,King_Haakon,3.5187439,-0.06544905133439505,0.06544905133439505,0.5877526775549149,FALSE,FALSE
1998-05-28,King_Haakon,3.593958675,-0.00901859525554282,0.00901859525554282,0.5877526775549149,FALSE,FALSE
1998-05-29,King_Haakon,3.625640183,0.00392633755727356,0.00392633755727356,0.5877526775549149,FALSE,FALSE
1998-05-30,King_Haakon,3.611395255,-0.0290698747941942,0.0290698747941942,0.5877526775549149,FALSE,FALSE
1998-05-31,King_Haakon,3.648593376,-0.0107002002082055,0.0107002002082055,0.5877526775549149,FALSE,FALSE
1998-06-01,King_Haakon,3.681221128,0.00295949041699605,0.00295949041699605,0.5877526775549149,FALSE,FALSE
1998-06-02,King_Haakon,3.691623898,-0.00579401646412014,0.00579401646412014,0.5877526775549149,FALSE,FALSE
1998-06-03,King_Haakon,3.712200627,-0.00454892761965286,0.00454892761965286,0.5877526775549149,FALSE,FALSE
1998-06-04,King_Haakon,3.739397764,0.00317109344623878,0.00317109344623878,0.5877526775549149,FALSE,FALSE
1998-06-05,King_Haakon,3.764597397,0.00877802286042417,0.00877802286042417,0.5877526775549149,FALSE,FALSE
1998-06-06,King_Haakon,3.796859109,0.02136133174977894,0.02136133174977894,0.5877526775549149,FALSE,FALSE
1998-06-07,King_Haakon,3.81252137,0.01728937824118182,0.01728937824118182,0.5877526775549149,FALSE,FALSE
1998-06-08,King_Haakon,3.829851633,0.01485950346149733,0.01485950346149733,0.5877526775549149,FALSE,FALSE
1998-06-09,King_Haakon,3.837668351,0.00292004853760019,0.00292004853760019,0.5877526775549149,FALSE,FALSE
1998-06-10,King_Haakon,3.862991394,0.00852077159636355,0.00852077159636355,0.5877526775549149,FALSE,FALSE
1998-06-11,King_Haakon,3.876910625,0.00278142376466261,0.00278142376466261,0.5877526775549149,FALSE,FALSE
1998-06-12,King_Haakon,3.910194347,0.01650019616936982,0.01650019616936982,0.5877526775549149,FALSE,FALSE
1998-06-13,King_Haakon,3.935660955,0.02252537193735371,0.02252537193735371,0.5877526775549149,FALSE,FALSE
1998-06-14,King_Haakon,3.956163537,0.0237398072447017,0.0237398072447017,0.5877526775549149,FALSE,FALSE
1998-06-15,King_Haakon,3.995454602,0.04392049133918263,0.04392049133918263,0.5877526775549149,FALSE,FALSE
1998-06-16,King_Haakon,4.050931466,0.08048196619444559,0.08048196619444559,0.5877526775549149,FALSE,FALSE
1998-06-17,King_Haakon,4.052991451,0.06383825419959033,0.06383825419959033,0.5877526775549149,FALSE,FALSE
1998-06-18,King_Haakon,4.050622801,0.04299429974373581,0.04299429974373581,0.5877526775549149,FALSE,FALSE
1998-06-19,King_Haakon,4.070767425,0.04490871221598436,0.04490871221598436,0.5877526775549149,FALSE,FALSE
1998-06-20,King_Haakon,4.066511896,0.02268476500545446,0.02268476500545446,0.5877526775549149,FALSE,FALSE
1998-06-21,King_Haakon,4.074702192,0.01318513650124941,0.01318513650124941,0.5877526775549149,FALSE,FALSE
1998-06-22,King_Haakon,4.105992091,0.02708030509248082,0.02708030509248082,0.5877526775549149,FALSE,FALSE
1998-06-23,King_Haakon,4.182633115,0.086638493168258,0.086638493168258,0.5877526775549149,FALSE,FALSE
1998-06-24,King_Haakon,4.246082235,0.13333337211769436,0.13333337211769436,0.5877526775549149,FALSE,FALSE
1998-06-25,King_Haakon,4.29158877,0.16243096132989532,0.16243096132989532,0.5877526775549149,FALSE,FALSE
1998-06-26,King_Haakon,4.300749724,0.15554496519397354,0.15554496519397354,0.5877526775549149,FALSE,FALSE
1998-06-27,King_Haakon,4.319710454,0.15883310366177916,0.15883310366177916,0.5877526775549149,FALSE,FALSE
1998-06-28,King_Haakon,4.358100081,0.1819040848175444,0.1819040848175444,0.5877526775549149,FALSE,FALSE
1998-06-29,King_Haakon,4.376802696,0.18560661016321145,0.18560661016321145,0.5877526775549149,FALSE,FALSE
1998-06-30,King_Haakon,4.406284089,0.20037100319846868,0.20037100319846868,0.5877526775549149,FALSE,FALSE
1998-07-01,King_Haakon,4.436189356,0.21580689342300996,0.21580689342300996,0.5877526775549149,FALSE,FALSE
1998-07-02,King_Haakon,4.438434268,0.20379458533652703,0.20379458533652703,0.5877526775549149,FALSE,FALSE
1998-07-03,King_Haakon,4.437247823,0.1885276104387037,0.1885276104387037,0.5877526775549149,FALSE,FALSE
1998-07-04,King_Haakon,4.45184925,0.18918973122923433,0.18918973122923433,0.5877526775549149,FALSE,FALSE
1998-07-05,King_Haakon,4.470800989,0.19430792120780804,0.19430792120780804,0.5877526775549149,FALSE,FALSE
1998-07-06,King_Haakon,4.494292707,0.2040363808741139,0.2040363808741139,0.5877526775549149,FALSE,FALSE
1998-07-07,King_Haakon,4.476967335,0.17298257472784773,0.17298257472784773,0.5877526775549149,FALSE,FALSE
1998-07-08,King_Haakon,4.477086127,0.15937229026869115,0.15937229026869115,0.5877526775549149,FALSE,FALSE
1998-07-09,King_Haakon,4.488680526,0.15720159519982246,0.15720159519982246,0.5877526775549149,FALSE,FALSE
1998-07-10,King_Haakon,4.465938142,0.12064046287939244,0.12064046287939244,0.5877526775549149,FALSE,FALSE
1998-07-11,King_Haakon,4.46743562,0.1082867222587076,0.1082867222587076,0.5877526775549149,FALSE,FALSE
1998-07-12,King_Haakon,4.444955263,0.07194899766298146,0.07194899766298146,0.5877526775549149,FALSE,FALSE
1998-07-13,King_Haakon,4.448545189,0.06170172841741817,0.06170172841741817,0.5877526775549149,FALSE,FALSE
1998-07-14,King_Haakon,4.497219393,0.09658523084723836,0.09658523084723836,0.5877526775549149,FALSE,FALSE
1998-07-15,King_Haakon,4.537941308,0.1235892592776482,0.1235892592776482,0.5877526775549149,FALSE,FALSE
1998-07-16,King_Haakon,4.550858601,0.12288780203386108,0.12288780203386108,0.5877526775549149,FALSE,FALSE
1998-07-17,King_Haakon,4.560745793,0.11928170144109008,0.11928170144109008,0.5877526775549149,FALSE,FALSE
1998-07-18,King_Haakon,4.60404338,0.1492377748245417,0.1492377748245417,0.5877526775549149,FALSE,FALSE
1998-07-19,King_Haakon,4.670143275,0.20217425650943263,0.20217425650943263,0.5877526775549149,FALSE,FALSE
1998-07-20,King_Haakon,4.718798085,0.23787007482097344,0.23787007482097344,0.5877526775549149,FALSE,FALSE
1998-07-21,King_Haakon,4.798196067,0.30453980808437286,0.30453980808437286,0.5877526775549149,FALSE,FALSE
1998-07-22,King_Haakon,4.812983183,0.3068547379155806,0.3068547379155806,0.5877526775549149,FALSE,FALSE
1998-07-23,King_Haakon,4.80244143,0.2841083550410852,0.2841083550410852,0.5877526775549149,FALSE,FALSE
1998-07-24,King_Haakon,4.813641398,0.2833726649478612,0.2833726649478612,0.5877526775549149,FALSE,FALSE
1998-07-25,King_Haakon,4.835886362,0.2939521295091989,0.2939521295091989,0.5877526775549149,FALSE,FALSE
1998-07-26,King_Haakon,4.841179472,0.2878510855983789,0.2878510855983789,0.5877526775549149,FALSE,FALSE
1998-07-27,King_Haakon,4.839927999,0.27547799108869153,0.27547799108869153,0.5877526775549149,FALSE,FALSE
1998-07-28,King_Haakon,4.859270001,0.2839720908534229,0.2839720908534229,0.5877526775549149,FALSE,FALSE
1998-07-29,King_Haakon,4.863469794,0.2775988877658575,0.2775988877658575,0.5877526775549149,FALSE,FALSE
1998-07-30,King_Haakon,4.859823867,0.26365605769928635,0.26365605769928635,0.5877526775549149,FALSE,FALSE
1998-07-31,King_Haakon,4.857139566,0.2509521335269893,0.2509521335269893,0.5877526775549149,FALSE,FALSE
1998-08-01,King_Haakon,4.85450298,0.23857439112225975,0.23857439112225975,0.5877526775549149,FALSE,FALSE
1998-08-02,King_Haakon,4.858486155,0.2330960633583796,0.2330960633583796,0.5877526775549149,FALSE,FALSE
1998-08-03,King_Haakon,4.909965851,0.2753950972823356,0.2753950972823356,0.5877526775549149,FALSE,FALSE
1998-08-04,King_Haakon,4.986896636,0.34343193709894937,0.34343193709894937,0.5877526775549149,FALSE,FALSE
1998-08-05,King_Haakon,5.027057786,0.3750086506166861,0.3750086506166861,0.5877526775549149,FALSE,FALSE
1998-08-06,King_Haakon,5.115886169,0.45558871066789663,0.45558871066789663,0.5877526775549149,FALSE,FALSE
1998-08-07,King_Haakon,5.179125951,0.5109428880849309,0.5109428880849309,0.5877526775549149,FALSE,FALSE
1998-08-08,King_Haakon,5.193038239,0.5173588947001448,0.5173588947001448,0.5877526775549149,FALSE,FALSE
1998-08-09,King_Haakon,5.152244958,0.46948526034588767,0.46948526034588767,0.5877526775549149,FALSE,FALSE
1998-08-10,King_Haakon,5.118493617,0.4290960988545107,0.4290960988545107,0.5877526775549149,FALSE,FALSE
1998-08-11,King_Haakon,5.088386853,0.3928206520583633,0.3928206520583633,0.5877526775549149,FALSE,FALSE
1998-08-12,King_Haakon,5.058728724,0.3574895827897988,0.3574895827897988,0.5877526775549149,FALSE,FALSE
1998-08-13,King_Haakon,5.044733049,0.3383433148811701,0.3383433148811701,0.5877526775549149,FALSE,FALSE
1998-08-14,King_Haakon,5.024320138,0.3133287631648276,0.3133287631648276,0.5877526775549149,FALSE,FALSE
1998-08-15,King_Haakon,5.014629239,0.299611780473124,0.299611780473124,0.5877526775549149,FALSE,FALSE
1998-08-16,King_Haakon,5.049559424,0.3311161069740418,0.3311161069740418,0.5877526775549149,FALSE,FALSE
1998-08-17,King_Haakon,5.070912688,0.3496108436221288,0.3496108436221288,0.5877526775549149,FALSE,FALSE
1998-08-18,King_Haakon,5.04749704,0.32380522087888153,0.32380522087888153,0.5877526775549149,FALSE,FALSE
1998-08-19,King_Haakon,5.056199646,0.3304840155652826,0.3304840155652826,0.5877526775549149,FALSE,FALSE
1998-08-20,King_Haakon,5.054884525,0.32740885750230486,0.32740885750230486,0.5877526775549149,FALSE,FALSE
1998-08-21,King_Haakon,5.094369064,0.36529474451093336,0.36529474451093336,0.5877526775549149,FALSE,FALSE
1998-08-22,King_Haakon,5.107878536,0.3772645604121392,0.3772645604121392,0.5877526775549149,FALSE,FALSE
1998-08-23,King_Haakon,5.142472709,0.4102756840269039,0.4102756840269039,0.5877526775549149,FALSE,FALSE
1998-08-24,King_Haakon,5.16489396,0.4309681031762054,0.4309681031762054,0.5877526775549149,FALSE,FALSE
1998-08-25,King_Haakon,5.218798032,0.4828951716810206,0.4828951716810206,0.5877526775549149,FALSE,FALSE
1998-08-26,King_Haakon,5.252196691,0.5139662663623268,0.5139662663623268,0.5877526775549149,FALSE,FALSE
1998-08-27,King_Haakon,5.271112652,0.5301017130411028,0.5301017130411028,0.5877526775549149,FALSE,FALSE
1998-08-28,King_Haakon,5.27263396,0.5282871675383287,0.5282871675383287,0.5877526775549149,FALSE,FALSE
1998-08-29,King_Haakon,5.288206256,0.5398872414873548,0.5398872414873548,0.5877526775549149,FALSE,FALSE
1998-08-30,King_Haakon,5.317152622,0.5642738059677859,0.5642738059677859,0.5877526775549149,FALSE,FALSE
1998-08-31,King_Haakon,5.325833676,0.56790504498501,0.56790504498501,0.5877526775549149,FALSE,FALSE
1998-09-01,King_Haakon,5.332282643,0.5689118370342046,0.5689118370342046,0.5877526775549149,FALSE,FALSE
1998-09-02,King_Haakon,5.364681422,0.5955737346105483,0.5955737346105483,0.5877526775549149,TRUE,FALSE
1998-09-03,King_Haakon,5.363885918,0.5888442962092233,0.5888442962092233,0.5877526775549149,TRUE,FALSE
1998-09-04,King_Haakon,5.329549721,0.5484747653254081,0.5484747653254081,0.5877526775549149,FALSE,FALSE
1998-09-05,King_Haakon,5.277340153,0.4902301174542849,0.4902301174542849,0.5877526775549149,FALSE,FALSE
1998-09-06,King_Haakon,5.212978319,0.4199291110910277,0.4199291110910277,0.5877526775549149,FALSE,FALSE
1998-09-07,King_Haakon,5.099996362,0.30120154273082367,0.30120154273082367,0.5877526775549149,FALSE,FALSE
1998-09-08,King_Haakon,5.084268492,0.28001927586884623,0.28001927586884623,0.5877526775549149,FALSE,FALSE
1998-09-09,King_Haakon,5.107587762,0.2982730170002741,0.2982730170002741,0.5877526775549149,FALSE,FALSE
1998-09-10,King_Haakon,5.117374769,0.3034805826310629,0.3034805826310629,0.5877526775549149,FALSE,FALSE
1998-09-11,King_Haakon,5.129764247,0.3118327269575438,0.3118327269575438,0.5877526775549149,FALSE,FALSE
1998-09-12,King_Haakon,5.186173698,0.36472841757309293,0.36472841757309293,0.5877526775549149,FALSE,FALSE
1998-09-13,King_Haakon,5.200826487,0.37636463512136586,0.37636463512136586,0.5877526775549149,FALSE,FALSE
1998-09-14,King_Haakon,5.220361788,0.39335416924602384,0.39335416924602384,0.5877526775549149,FALSE,FALSE
1998-09-15,King_Haakon,5.236895584,0.4077866185907144,0.4077866185907144,0.5877526775549149,FALSE,FALSE
1998-09-16,King_Haakon,5.207236966,0.3764446897990945,0.3764446897990945,0.5877526775549149,FALSE,FALSE
1998-09-17,King_Haakon,5.167276772,0.3351928365148238,0.3351928365148238,0.5877526775549149,FALSE,FALSE
1998-09-18,King_Haakon,5.142579465,0.30956913738154945,0.30956913738154945,0.5877526775549149,FALSE,FALSE
1998-09-19,King_Haakon,5.167228687,0.33363085004293147,0.33363085004293147,0.5877526775549149,FALSE,FALSE
1998-09-20,King_Haakon,5.201027838,0.3671549901426223,0.3671549901426223,0.5877526775549149,FALSE,FALSE
1998-09-21,King_Haakon,5.220388313,0.3865265683242809,0.3865265683242809,0.5877526775549149,FALSE,FALSE
1998-09-22,King_Haakon,5.238285794,0.40469488223155814,0.40469488223155814,0.5877526775549149,FALSE,FALSE
1998-09-23,King_Haakon,5.240821657,0.4077347193230123,0.4077347193230123,0.5877526775549149,FALSE,FALSE
1998-09-24,King_Haakon,5.223310119,0.3909315220260243,0.3909315220260243,0.5877526775549149,FALSE,FALSE
1998-09-25,King_Haakon,5.223014505,0.39151851468785104,0.39151851468785104,0.5877526775549149,FALSE,FALSE
1998-09-26,King_Haakon,5.224757402,0.3942881650493968,0.3942881650493968,0.5877526775549149,FALSE,FALSE
1998-09-27,King_Haakon,5.233681297,0.40435284085154954,0.40435284085154954,0.5877526775549149,FALSE,FALSE
1998-09-28,King_Haakon,5.243152402,0.415048634835209,0.415048634835209,0.5877526775549149,FALSE,FALSE
1998-09-29,King_Haakon,5.228682678,0.4018573887412673,0.4018573887412673,0.5877526775549149,FALSE,FALSE
1998-09-30,King_Haakon,5.236443184,0.41092004231062074,0.41092004231062074,0.5877526775549149,FALSE,FALSE
1998-10-01,King_Haakon,5.294021626,0.4697941822841667,0.4697941822841667,0.5877526775549149,FALSE,FALSE
1998-10-02,King_Haakon,5.326429048,0.5034607334027985,0.5034607334027985,0.5877526775549149,FALSE,FALSE
1998-10-03,King_Haakon,5.366320438,0.5445445644074107,0.5445445644074107,0.5877526775549149,FALSE,FALSE
1998-10-04,King_Haakon,5.403581302,0.5829010620389017,0.5829010620389017,0.5877526775549149,FALSE,FALSE
1998-10-05,King_Haakon,5.403678772,0.5839672573219987,0.5839672573219987,0.5877526775549149,FALSE,FALSE
1998-10-06,King_Haakon,5.399128881,0.580251198946935,0.580251198946935,0.5877526775549149,FALSE,FALSE
1998-10-07,King_Haakon,5.3934236780000004,0.5753020088657959,0.5753020088657959,0.5877526775549149,FALSE,FALSE
1998-10-08,King_Haakon,5.341023492,0.5236489911284261,0.5236489911284261,0.5877526775549149,FALSE,FALSE
1998-10-09,King_Haakon,5.261771794,0.44520459178467586,0.44520459178467586,0.5877526775549149,FALSE,FALSE
1998-10-10,King_Haakon,5.258680438,0.4430496398843946,0.4430496398843946,0.5877526775549149,FALSE,FALSE
1998-10-11,King_Haakon,5.282233767,0.4677374534774232,0.4677374534774232,0.5877526775549149,FALSE,FALSE
1998-10-12,King_Haakon,5.303190972,0.4900961986136121,0.4900961986136121,0.5877526775549149,FALSE,FALSE
1998-10-13,King_Haakon,5.351735679,0.5403784763428092,0.5403784763428092,0.5877526775549149,FALSE,FALSE
1998-10-14,King_Haakon,5.391458154,0.5822435277148621,0.5822435277148621,0.5877526775549149,FALSE,FALSE
1998-10-15,King_Haakon,5.428429479,0.6218314097796167,0.6218314097796167,0.5877526775549149,TRUE,TRUE
1998-10-16,King_Haakon,5.454606549,0.6511679925869194,0.6511679925869194,0.5877526775549149,TRUE,TRUE
1998-10-17,King_Haakon,5.451984132,0.6523170191866186,0.6523170191866186,0.5877526775549149,TRUE,TRUE
1998-10-18,King_Haakon,5.437725515,0.6425080165788408,0.6425080165788408,0.5877526775549149,TRUE,TRUE
1998-10-19,King_Haakon,5.390753768,0.600672203117953,0.600672203117953,0.5877526775549149,TRUE,TRUE
1998-10-20,King_Haakon,5.323589893,0.5392831926568178,0.5392831926568178,0.5877526775549149,FALSE,FALSE
1998-10-21,King_Haakon,5.258070425,0.48012790835156416,0.48012790835156416,0.5877526775549149,FALSE,FALSE
1998-10-22,King_Haakon,5.218157863,0.4471192373583266,0.4471192373583266,0.5877526775549149,FALSE,FALSE
1998-10-23,King_Haakon,5.215034175,0.4513895358332336,0.4513895358332336,0.5877526775549149,FALSE,FALSE
1998-10-24,King_Haakon,5.225979692,0.4701695229324194,0.4701695229324194,0.5877526775549149,FALSE,FALSE
1998-10-25,King_Haakon,5.207350384,0.45976555681202047,0.45976555681202047,0.5877526775549149,FALSE,FALSE
1998-10-26,King_Haakon,5.247449894,0.508431668628166,0.508431668628166,0.5877526775549149,FALSE,FALSE
1998-10-27,King_Haakon,5.253822041,0.5236620655369872,0.5236620655369872,0.5877526775549149,FALSE,FALSE
1998-10-28,King_Haakon,5.233820981,0.5127612916946163,0.5127612916946163,0.5877526775549149,FALSE,FALSE
1998-10-29,King_Haakon,5.237914535,0.5261475562571842,0.5261475562571842,0.5877526775549149,FALSE,FALSE
1998-10-30,King_Haakon,5.225939134,0.5236076783808299,0.5236076783808299,0.5877526775549149,FALSE,FALSE
1998-10-31,King_Haakon,5.237382005,0.5445934342950913,0.5445934342950913,0.5877526775549149,FALSE,FALSE
1998-11-01,King_Haakon,5.207715229,0.524611158107799,0.524611158107799,0.5877526775549149,FALSE,FALSE
1998-11-02,King_Haakon,5.189795958,0.5165736652495827,0.5165736652495827,0.5877526775549149,FALSE,FALSE
1998-11-03,King_Haakon,5.162316573,0.4992290059067299,0.4992290059067299,0.5877526775549149,FALSE,FALSE
1998-11-04,King_Haakon,5.158839884,0.5061956592655212,0.5061956592655212,0.5877526775549149,FALSE,FALSE
1998-11-05,King_Haakon,5.143426177,0.5015895805122481,0.5015895805122481,0.5877526775549149,FALSE,FALSE
1998-11-06,King_Haakon,5.127169612,0.4965605988331898,0.4965605988331898,0.5877526775549149,FALSE,FALSE
1998-11-07,King_Haakon,5.090084228,0.4711784224146349,0.4711784224146349,0.5877526775549149,FALSE,FALSE
1998-11-08,King_Haakon,5.059873713,0.45320240844286896,0.45320240844286896,0.5877526775549149,FALSE,FALSE
1998-11-09,King_Haakon,5.025116832,0.4312669911041782,0.4312669911041782,0.5877526775549149,FALSE,FALSE
1998-11-10,King_Haakon,5.004028384,0.4236426385848455,0.4236426385848455,0.5877526775549149,FALSE,FALSE
1998-11-11,King_Haakon,4.989336411,0.42311306207115607,0.42311306207115607,0.5877526775549149,FALSE,FALSE
1998-11-12,King_Haakon,4.990640323,0.43933364183443224,0.43933364183443224,0.5877526775549149,FALSE,FALSE
1998-11-13,King_Haakon,5.011723081,0.4761599648690664,0.4761599648690664,0.5877526775549149,FALSE,FALSE
1998-11-14,King_Haakon,5.020686126,0.5017911351966378,0.5017911351966378,0.5877526775549149,FALSE,FALSE
1998-11-15,King_Haakon,5.029655794,0.5284532169809957,0.5284532169809957,0.5877526775549149,FALSE,FALSE
1998-11-16,King_Haakon,5.01191411,0.5295279633859842,0.5295279633859842,0.5877526775549149,FALSE,FALSE
1998-11-17,King_Haakon,5.009511243,0.5471652715754445,0.5471652715754445,0.5877526775549149,FALSE,FALSE
1998-11-18,King_Haakon,5.029529771,0.5885474477132222,0.5885474477132222,0.5877526775549149,TRUE,TRUE
1998-11-19,King_Haakon,5.022975085,0.6047796109631607,0.6047796109631607,0.5877526775549149,TRUE,TRUE
1998-11-20,King_Haakon,5.03689926,0.6430135644891042,0.6430135644891042,0.5877526775549149,TRUE,TRUE
1998-11-21,King_Haakon,5.035642502,0.6676892424548972,0.6676892424548972,0.5877526775549149,TRUE,TRUE
1998-11-22,King_Haakon,5.031588067,0.6912896290243831,0.6912896290243831,0.5877526775549149,TRUE,TRUE
1998-11-23,King_Haakon,5.01378536,0.702963857361409,0.702963857361409,0.5877526775549149,TRUE,TRUE
1998-11-24,King_Haakon,5.00533864,0.7259159146298124,0.7259159146298124,0.5877526775549149,TRUE,TRUE
1998-11-25,King_Haakon,4.996596857,0.7505771313481047,0.7505771313481047,0.5877526775549149,TRUE,TRUE
1998-11-26,King_Haakon,4.994626097,0.7839492505570149,0.7839492505570149,0.5877526775549149,TRUE,TRUE
1998-11-27,King_Haakon,4.992638659,0.8191064519288043,0.8191064519288043,0.5877526775549149,TRUE,TRUE
1998-11-28,King_Haakon,4.97628652,0.8415620343225916,0.8415620343225916,0.5877526775549149,TRUE,TRUE
1998-11-29,King_Haakon,4.951194903,0.8568025425974959,0.8568025425974959,0.5877526775549149,TRUE,TRUE
1998-11-30,King_Haakon,4.934184563,0.8815100536126383,0.8815100536126383,0.5877526775549149,TRUE,TRUE
1998-12-01,King_Haakon,4.880210962,0.8705013512271336,0.8705013512271336,0.5877526775549149,TRUE,TRUE
1998-12-02,King_Haakon,4.832582337,0.8669459943001057,0.8669459943001057,0.5877526775549149,TRUE,TRUE
1998-12-03,King_Haakon,4.781114029,0.8605206456906718,0.8605206456906718,0.5877526775549149,TRUE,TRUE
1998-12-04,King_Haakon,4.761557313,0.8868379022579482,0.8868379022579482,0.5877526775549149,TRUE,TRUE
1998-12-05,King_Haakon,4.728734647,0.9005815438610565,0.9005815438610565,0.5877526775549149,TRUE,TRUE
1998-12-06,King_Haakon,4.665109715,0.8840765763591154,0.8840765763591154,0.5877526775549149,TRUE,TRUE
1998-12-07,King_Haakon,4.630400975,0.8969029407612816,0.8969029407612816,0.5877526775549149,TRUE,TRUE
1998-12-08,King_Haakon,4.574384574,0.888748293205091,0.888748293205091,0.5877526775549149,TRUE,TRUE
1998-12-09,King_Haakon,4.523988716,0.8865729914812044,0.8865729914812044,0.5877526775549149,TRUE,TRUE
1998-12-10,King_Haakon,4.485821933,0.8970355432852144,0.8970355432852144,0.5877526775549149,TRUE,TRUE
1998-12-11,King_Haakon,4.43353698,0.8938386793127049,0.8938386793127049,0.5877526775549149,TRUE,TRUE
1998-12-12,King_Haakon,4.353372302,0.8632708202592649,0.8632708202592649,0.5877526775549149,TRUE,TRUE
1998-12-13,King_Haakon,4.319868807,0.8799228498204825,0.8799228498204825,0.5877526775549149,TRUE,TRUE
1998-12-14,King_Haakon,4.255043103,0.8658613516919464,0.8658613516919464,0.5877526775549149,TRUE,TRUE
1998-12-15,King_Haakon,4.188291599,0.8505327105692437,0.8505327105692437,0.5877526775549149,TRUE,TRUE
1998-12-16,King_Haakon,4.138273957,0.8526465641479626,0.8526465641479626,0.5877526775549149,TRUE,TRUE
1998-12-17,King_Haakon,4.089512767,0.8567754781236916,0.8567754781236916,0.5877526775549149,TRUE,TRUE
1998-12-18,King_Haakon,4.060509341,0.881470740192019,0.881470740192019,0.5877526775549149,TRUE,TRUE
1998-12-19,King_Haakon,3.999410944,0.8749295910485309,0.8749295910485309,0.5877526775549149,TRUE,TRUE
1998-12-20,King_Haakon,3.967527455,0.8985074903539472,0.8985074903539472,0.5877526775549149,TRUE,TRUE
1998-12-21,King_Haakon,3.912856373,0.9001780237960486,0.9001780237960486,0.5877526775549149,TRUE,TRUE
1998-12-22,King_Haakon,3.832077524,0.8765416325142077,0.8765416325142077,0.5877526775549149,TRUE,TRUE
1998-12-23,King_Haakon,3.742740852,0.8450673298264446,0.8450673298264446,0.5877526775549149,TRUE,TRUE
1998-12-24,King_Haakon,3.677037178,0.8378650060507811,0.8378650060507811,0.5877526775549149,TRUE,TRUE
1998-12-25,King_Haakon,3.640358988,0.8602462165052467,0.8602462165052467,0.5877526775549149,TRUE,TRUE
1998-12-26,King_Haakon,3.5805594,0.8599831485078631,0.8599831485078631,0.5877526775549149,TRUE,TRUE
1998-12-27,King_Haakon,3.524043233,0.8633996903766521,0.8633996903766521,0.5877526775549149,TRUE,TRUE
1998-12-28,King_Haakon,3.468666803,0.8682712274296347,0.8682712274296347,0.5877526775549149,TRUE,TRUE
1998-12-29,King_Haakon,3.39737103,0.8574577489848436,0.8574577489848436,0.5877526775549149,TRUE,TRUE
1998-12-30,King_Haakon,3.312289569,0.8330119793602937,0.8330119793602937,0.5877526775549149,TRUE,TRUE
1998-12-31,King_Haakon,3.214035846,0.7954664138740162,0.7954664138740162,0.5877526775549149,TRUE,TRUE
1999-01-01,King_Haakon,3.169668553,0.8117988138440269,0.8117988138440269,0.5877526775549149,TRUE,TRUE
1999-01-02,King_Haakon,3.088397979,0.7911355396180841,0.7911355396180841,0.5877526775549149,TRUE,TRUE
1999-01-03,King_Haakon,3.0353394,0.7984959466628441,0.7984959466628441,0.5877526775549149,TRUE,TRUE
1999-01-04,King_Haakon,2.997622248,0.820910548474699,0.820910548474699,0.5877526775549149,TRUE,TRUE
1999-01-05,King_Haakon,2.972547452,0.8555813555500342,0.8555813555500342,0.5877526775549149,TRUE,TRUE
1999-01-06,King_Haakon,2.914734254,0.8570286913852452,0.8570286913852452,0.5877526775549149,TRUE,TRUE
1999-01-07,King_Haakon,2.856076308,0.857047291476716,0.857047291476716,0.5877526775549149,TRUE,TRUE
1999-01-08,King_Haakon,2.780279011,0.8392436343208336,0.8392436343208336,0.5877526775549149,TRUE,TRUE
1999-01-09,King_Haakon,2.700352171,0.8165286094139925,0.8165286094139925,0.5877526775549149,TRUE,TRUE
1999-01-10,King_Haakon,2.633455949,0.8059634592525768,0.8059634592525768,0.5877526775549149,TRUE,TRUE
1999-01-11,King_Haakon,2.545284407,0.7731433273329777,0.7731433273329777,0.5877526775549149,TRUE,TRUE
1999-01-12,King_Haakon,2.441944314,0.7240760641515851,0.7240760641515851,0.5877526775549149,TRUE,TRUE
1999-01-13,King_Haakon,2.365969924,0.7011970052047849,0.7011970052047849,0.5877526775549149,TRUE,TRUE
1999-01-14,King_Haakon,2.308645387,0.695692152097898,0.695692152097898,0.5877526775549149,TRUE,TRUE
1999-01-15,King_Haakon,2.225742063,0.6632623516704166,0.6632623516704166,0.5877526775549149,TRUE,TRUE
1999-01-16,King_Haakon,2.206411452,0.6930232117931554,0.6930232117931554,0.5877526775549149,TRUE,TRUE
1999-01-17,King_Haakon,2.156346754,0.6906342298885384,0.6906342298885384,0.5877526775549149,TRUE,TRUE
1999-01-18,King_Haakon,2.089519933,0.6700336673789886,0.6700336673789886,0.5877526775549149,TRUE,TRUE
1999-01-19,King_Haakon,2.04676578,0.672022612686926,0.672022612686926,0.5877526775549149,TRUE,TRUE
1999-01-20,King_Haakon,2.024373071,0.6928561392347745,0.6928561392347745,0.5877526775549149,TRUE,TRUE
1999-01-21,King_Haakon,2.004603109,0.714761847444956,0.714761847444956,0.5877526775549149,TRUE,TRUE
1999-01-22,King_Haakon,1.963552173,0.7138023137398928,0.7138023137398928,0.5877526775549149,TRUE,TRUE
1999-01-23,King_Haakon,1.918530054,0.7072536265420073,0.7072536265420073,0.5877526775549149,TRUE,TRUE
1999-01-24,King_Haakon,1.896644921,0.7221902522737196,0.7221902522737196,0.5877526775549149,TRUE,TRUE
1999-01-25,King_Haakon,1.863046581,0.723728295357454,0.723728295357454,0.5877526775549149,TRUE,TRUE
1999-01-26,King_Haakon,1.84102155,0.7351205692156331,0.7351205692156331,0.5877526775549149,TRUE,TRUE
1999-01-27,King_Haakon,1.823340321,0.749112663350217,0.749112663350217,0.5877526775549149,TRUE,TRUE
1999-01-28,King_Haakon,1.790416029,0.7461523742705765,0.7461523742705765,0.5877526775549149,TRUE,TRUE
1999-01-29,King_Haakon,1.745287197,0.7293375855227171,0.7293375855227171,0.5877526775549149,TRUE,TRUE
1999-01-30,King_Haakon,1.689915684,0.7006895962160808,0.7006895962160808,0.5877526775549149,TRUE,TRUE
1999-01-31,King_Haakon,1.648042261,0.6840086174601081,0.6840086174601081,0.5877526775549149,TRUE,TRUE
1999-02-01,King_Haakon,1.632800386,0.6924875473642423,0.6924875473642423,0.5877526775549149,TRUE,TRUE
1999-02-02,King_Haakon,1.597806354,0.6798021210379244,0.6798021210379244,0.5877526775549149,TRUE,TRUE
1999-02-03,King_Haakon,1.604473385,0.7074249985905963,0.7074249985905963,0.5877526775549149,TRUE,TRUE
1999-02-04,King_Haakon,1.560299262,0.6829134031316999,0.6829134031316999,0.5877526775549149,TRUE,TRUE
1999-02-05,King_Haakon,1.505610893,0.6466536827706763,0.6466536827706763,0.5877526775549149,TRUE,TRUE
1999-02-06,King_Haakon,1.473839965,0.6321369646169694,0.6321369646169694,0.5877526775549149,TRUE,TRUE
1999-02-07,King_Haakon,1.407297462,0.5817336727800188,0.5817336727800188,0.5877526775549149,FALSE,FALSE
1999-02-08,King_Haakon,1.395473942,0.5849934139544742,0.5849934139544742,0.5877526775549149,FALSE,FALSE
1999-02-09,King_Haakon,1.354340671,0.5578948269531836,0.5578948269531836,0.5877526775549149,FALSE,FALSE
1999-02-10,King_Haakon,1.34973681,0.5661816746712457,0.5661816746712457,0.5877526775549149,FALSE,FALSE
1999-02-11,King_Haakon,1.321302319,0.549386368027935,0.549386368027935,0.5877526775549149,FALSE,FALSE
1999-02-12,King_Haakon,1.329751525,0.5681156849425201,0.5681156849425201,0.5877526775549149,FALSE,FALSE
1999-02-13,King_Haakon,1.350339561,0.5975172093342718,0.5975172093342718,0.5877526775549149,TRUE,FALSE
1999-02-14,King_Haakon,1.354675068,0.6090920331224644,0.6090920331224644,0.5877526775549149,TRUE,FALSE
1999-02-15,King_Haakon,1.320849896,0.5808244572263671,0.5808244572263671,0.5877526775549149,FALSE,FALSE
1999-02-16,King_Haakon,1.313586167,0.5773290545652526,0.5773290545652526,0.5877526775549149,FALSE,FALSE
1999-02-17,King_Haakon,1.313896815,0.5795112100583912,0.5795112100583912,0.5877526775549149,FALSE,FALSE
1999-02-18,King_Haakon,1.32464226,0.5901237946250544,0.5901237946250544,0.5877526775549149,TRUE,FALSE
1999-02-19,King_Haakon,1.33831612,0.6015528771845144,0.6015528771845144,0.5877526775549149,TRUE,FALSE
1999-02-20,King_Haakon,1.316490811,0.5752633246560416,0.5752633246560416,0.5877526775549149,FALSE,FALSE
1999-02-21,King_Haakon,1.251037149,0.5030288318441775,0.5030288318441775,0.5877526775549149,FALSE,FALSE
1999-02-22,King_Haakon,1.233343151,0.47626671840931734,0.47626671840931734,0.5877526775549149,FALSE,FALSE
1999-02-23,King_Haakon,1.224212721,0.4558942936777203,0.4558942936777203,0.5877526775549149,FALSE,FALSE
1999-02-24,King_Haakon,1.24776975,0.4661503742971609,0.4661503742971609,0.5877526775549149,FALSE,FALSE
1999-02-25,King_Haakon,1.2244627,0.4275983479154104,0.4275983479154104,0.5877526775549149,FALSE,FALSE
1999-02-26,King_Haakon,1.222703967,0.40876553618024225,0.40876553618024225,0.5877526775549149,FALSE,FALSE
1999-02-27,King_Haakon,1.211591029,0.3788643427394291,0.3788643427394291,0.5877526775549149,FALSE,FALSE
1999-02-28,King_Haakon,1.250426438,0.39731224524074304,0.39731224524074304,0.5877526775549149,FALSE,FALSE
1999-03-01,King_Haakon,1.265464834,0.3904788093319581,0.3904788093319581,0.5877526775549149,FALSE,FALSE
1999-03-02,King_Haakon,1.331110571,0.4328833146608454,0.4328833146608454,0.5877526775549149,FALSE,FALSE
1999-03-03,King_Haakon,1.338488188,0.41576522587517994,0.41576522587517994,0.5877526775549149,FALSE,FALSE
1999-03-04,King_Haakon,1.397630153,0.449271936622733,0.449271936622733,0.5877526775549149,FALSE,FALSE
1999-03-05,King_Haakon,1.40209437,0.4270762725688366,0.4270762725688366,0.5877526775549149,FALSE,FALSE
1999-03-06,King_Haakon,1.3963319810000001,0.393729483197752,0.393729483197752,0.5877526775549149,FALSE,FALSE
1999-03-07,King_Haakon,1.408664434,0.3776048946473509,0.3776048946473509,0.5877526775549149,FALSE,FALSE
1999-03-08,King_Haakon,1.439808387,0.3794612447583212,0.3794612447583212,0.5877526775549149,FALSE,FALSE
1999-03-09,King_Haakon,1.581597143,0.4911739163713455,0.4911739163713455,0.5877526775549149,FALSE,FALSE
1999-03-10,King_Haakon,1.673424373,0.5521786603271088,0.5521786603271088,0.5877526775549149,FALSE,FALSE
1999-03-11,King_Haakon,1.763548609,0.610776088466298,0.610776088466298,0.5877526775549149,TRUE,TRUE
1999-03-12,King_Haakon,1.865139256,0.6801776856295974,0.6801776856295974,0.5877526775549149,TRUE,TRUE
1999-03-13,King_Haakon,1.962427671,0.7446568886576919,0.7446568886576919,0.5877526775549149,TRUE,TRUE
1999-03-14,King_Haakon,2.052227505,0.8010694283912656,0.8010694283912656,0.5877526775549149,TRUE,TRUE
1999-03-15,King_Haakon,2.133263809,0.8481824356710048,0.8481824356710048,0.5877526775549149,TRUE,TRUE
1999-03-16,King_Haakon,2.182401362,0.8629027693375932,0.8629027693375932,0.5877526775549149,TRUE,TRUE
1999-03-17,King_Haakon,2.190336524,0.835968869231718,0.835968869231718,0.5877526775549149,TRUE,TRUE
1999-03-18,King_Haakon,2.196871669,0.8072253411071679,0.8072253411071679,0.5877526775549149,TRUE,TRUE
1999-03-19,King_Haakon,2.2055343,0.7802457137253846,0.7802457137253846,0.5877526775549149,TRUE,TRUE
1999-03-20,King_Haakon,2.250072356,0.7888279204115953,0.7888279204115953,0.5877526775549149,TRUE,TRUE
1999-03-21,King_Haakon,2.316315123,0.8188514283374988,0.8188514283374988,0.5877526775549149,TRUE,TRUE
1999-03-22,King_Haakon,2.364966281,0.8310700986747979,0.8310700986747979,0.5877526775549149,TRUE,TRUE
1999-03-23,King_Haakon,2.394232615,0.8237408975951941,0.8237408975951941,0.5877526775549149,TRUE,TRUE
1999-03-24,King_Haakon,2.407559761,0.8003596422703863,0.8003596422703863,0.5877526775549149,TRUE,TRUE
1999-03-25,King_Haakon,2.412345056,0.768373850872079,0.768373850872079,0.5877526775549149,TRUE,TRUE
1999-03-26,King_Haakon,2.450722287,0.7699674915719688,0.7699674915719688,0.5877526775549149,TRUE,TRUE
1999-03-27,King_Haakon,2.474596541,0.7570958325417592,0.7570958325417592,0.5877526775549149,TRUE,TRUE
1999-03-28,King_Haakon,2.496256901,0.7420981379531499,0.7420981379531499,0.5877526775549149,TRUE,TRUE
1999-03-29,King_Haakon,2.540901821,0.750223042977844,0.750223042977844,0.5877526775549149,TRUE,TRUE
1999-03-30,King_Haakon,2.575423917,0.7484133447875418,0.7484133447875418,0.5877526775549149,TRUE,TRUE
1999-03-31,King_Haakon,2.60573674,0.7426241943987935,0.7426241943987935,0.5877526775549149,TRUE,TRUE
1999-04-01,King_Haakon,2.618200111,0.7192101079489797,0.7192101079489797,0.5877526775549149,TRUE,TRUE
1999-04-02,King_Haakon,2.61342667,0.6787624749378416,0.6787624749378416,0.5877526775549149,TRUE,TRUE
1999-04-03,King_Haakon,2.626927229,0.6567708436828685,0.6567708436828685,0.5877526775549149,TRUE,TRUE
1999-04-04,King_Haakon,2.700849549,0.6953617115015542,0.6953617115015542,0.5877526775549149,TRUE,TRUE
1999-04-05,King_Haakon,2.738213285,0.6975334697113893,0.6975334697113893,0.5877526775549149,TRUE,TRUE
1999-04-06,King_Haakon,2.803859893,0.7281063106298622,0.7281063106298622,0.5877526775549149,TRUE,TRUE
1999-04-07,King_Haakon,2.84951204,0.73878163757447,0.73878163757447,0.5877526775549149,TRUE,TRUE
1999-04-08,King_Haakon,2.877237154,0.7316056148627008,0.7316056148627008,0.5877526775549149,TRUE,TRUE
1999-04-09,King_Haakon,2.903886356,0.7234080998120485,0.7234080998120485,0.5877526775549149,TRUE,TRUE
1999-04-10,King_Haakon,2.917999311,0.7027074937399993,0.7027074937399993,0.5877526775549149,TRUE,TRUE
1999-04-11,King_Haakon,2.953721983,0.7036284969640505,0.7036284969640505,0.5877526775549149,TRUE,TRUE
1999-04-12,King_Haakon,2.990059678,0.7051553168479043,0.7051553168479043,0.5877526775549149,TRUE,TRUE
1999-04-13,King_Haakon,3.015705108,0.695971329637405,0.695971329637405,0.5877526775549149,TRUE,TRUE
1999-04-14,King_Haakon,3.040017261,0.6854455785840905,0.6854455785840905,0.5877526775549149,TRUE,TRUE
1999-04-15,King_Haakon,3.064062559,0.6746563521462385,0.6746563521462385,0.5877526775549149,TRUE,TRUE
1999-04-16,King_Haakon,3.085065579,0.6608400937821237,0.6608400937821237,0.5877526775549149,TRUE,TRUE
1999-04-17,King_Haakon,3.104969625,0.645951973950019,0.645951973950019,0.5877526775549149,TRUE,TRUE
1999-04-18,King_Haakon,3.06001303,0.5662421921082035,0.5662421921082035,0.5877526775549149,FALSE,FALSE
1999-04-19,King_Haakon,3.034372449,0.505899269714952,0.505899269714952,0.5877526775549149,FALSE,FALSE
1999-04-20,King_Haakon,3.025866807,0.4627539982285378,0.4627539982285378,0.5877526775549149,FALSE,FALSE
1999-04-21,King_Haakon,3.034411962,0.436734102107236,0.436734102107236,0.5877526775549149,FALSE,FALSE
1999-04-22,King_Haakon,3.072850808,0.4406943418093232,0.4406943418093232,0.5877526775549149,FALSE,FALSE
1999-04-23,King_Haakon,3.116697019,0.45016025779307345,0.45016025779307345,0.5877526775549149,FALSE,FALSE
1999-04-24,King_Haakon,3.175401895,0.47459501651676383,0.47459501651676383,0.5877526775549149,FALSE,FALSE
1999-04-25,King_Haakon,3.235875357,0.5009223341668769,0.5009223341668769,0.5877526775549149,FALSE,FALSE
1999-04-26,King_Haakon,3.265098177,0.496155095953664,0.496155095953664,0.5877526775549149,FALSE,FALSE
1999-04-27,King_Haakon,3.265117653,0.4623828357344473,0.4623828357344473,0.5877526775549149,FALSE,FALSE
1999-04-28,King_Haakon,3.283561568,0.447275678997455,0.447275678997455,0.5877526775549149,FALSE,FALSE
1999-04-29,King_Haakon,3.354356524,0.48480257023092,0.48480257023092,0.5877526775549149,FALSE,FALSE
1999-04-30,King_Haakon,3.376295286,0.4737986169230646,0.4737986169230646,0.5877526775549149,FALSE,FALSE
1999-05-01,King_Haakon,3.430634424,0.4955627315621256,0.4955627315621256,0.5877526775549149,FALSE,FALSE
1999-05-02,King_Haakon,3.447740906,0.48050422463632625,0.48050422463632625,0.5877526775549149,FALSE,FALSE
1999-05-03,King_Haakon,3.480411944,0.48146265063389926,0.48146265063389926,0.5877526775549149,FALSE,FALSE
1999-05-04,King_Haakon,3.510771859,0.4806046730430724,0.4806046730430724,0.5877526775549149,FALSE,FALSE
1999-05-05,King_Haakon,3.534597662,0.47374964535207553,0.47374964535207553,0.5877526775549149,FALSE,FALSE
1999-05-06,King_Haakon,3.563871817,0.4729223740491353,0.4729223740491353,0.5877526775549149,FALSE,FALSE
1999-05-07,King_Haakon,3.601450848,0.4810217044480698,0.4810217044480698,0.5877526775549149,FALSE,FALSE
1999-05-08,King_Haakon,3.649927381,0.5006707787955946,0.5006707787955946,0.5877526775549149,FALSE,FALSE
1999-05-09,King_Haakon,3.661597467,0.48416474547707145,0.48416474547707145,0.5877526775549149,FALSE,FALSE
1999-05-10,King_Haakon,3.672991811,0.4680282373430047,0.4680282373430047,0.5877526775549149,FALSE,FALSE
1999-05-11,King_Haakon,3.704566821,0.4727115902438927,0.4727115902438927,0.5877526775549149,FALSE,FALSE
1999-05-12,King_Haakon,3.748033966,0.4899202010302424,0.4899202010302424,0.5877526775549149,FALSE,FALSE
1999-05-13,King_Haakon,3.783623405,0.4998781565525534,0.4998781565525534,0.5877526775549149,FALSE,FALSE
1999-05-14,King_Haakon,3.805495021,0.49673926766132626,0.49673926766132626,0.5877526775549149,FALSE,FALSE
1999-05-15,King_Haakon,3.76486407,0.4317127182070664,0.4317127182070664,0.5877526775549149,FALSE,FALSE
1999-05-16,King_Haakon,3.731147627,0.3742095110402719,0.3742095110402719,0.5877526775549149,FALSE,FALSE
1999-05-17,King_Haakon,3.74017472,0.36005260201145006,0.36005260201145006,0.5877526775549149,FALSE,FALSE
1999-05-18,King_Haakon,3.76991251,0.3672030799710973,0.3672030799710973,0.5877526775549149,FALSE,FALSE
1999-05-19,King_Haakon,3.775316758,0.350610633769719,0.350610633769719,0.5877526775549149,FALSE,FALSE
1999-05-20,King_Haakon,3.841810482,0.39569063111775815,0.39569063111775815,0.5877526775549149,FALSE,FALSE
1999-05-21,King_Haakon,3.918942666,0.4519556089078214,0.4519556089078214,0.5877526775549149,FALSE,FALSE
1999-05-22,King_Haakon,3.98750458,0.5001352307196072,0.5001352307196072,0.5877526775549149,FALSE,FALSE
1999-05-23,King_Haakon,4.062655716,0.5553265356548667,0.5553265356548667,0.5877526775549149,FALSE,FALSE
1999-05-24,King_Haakon,4.135499176,0.6085701728153468,0.6085701728153468,0.5877526775549149,TRUE,TRUE
1999-05-25,King_Haakon,4.160847594,0.6146163233027981,0.6146163233027981,0.5877526775549149,TRUE,TRUE
1999-05-26,King_Haakon,4.201869769,0.6365713332189675,0.6365713332189675,0.5877526775549149,TRUE,TRUE
1999-05-27,King_Haakon,4.203609364,0.619416412665605,0.619416412665605,0.5877526775549149,TRUE,TRUE
1999-05-28,King_Haakon,4.214853605,0.6118763347444571,0.6118763347444571,0.5877526775549149,TRUE,TRUE
1999-05-29,King_Haakon,4.244409347,0.6226955015572742,0.6226955015572742,0.5877526775549149,TRUE,TRUE
1999-05-30,King_Haakon,4.292138965,0.651673835205806,0.651673835205806,0.5877526775549149,TRUE,TRUE
1999-05-31,King_Haakon,4.302274735,0.6429811587917946,0.6429811587917946,0.5877526775549149,TRUE,TRUE
1999-06-01,King_Haakon,4.338276899,0.6600152614169965,0.6600152614169965,0.5877526775549149,TRUE,TRUE
1999-06-02,King_Haakon,4.370906566,0.6734886515358802,0.6734886515358802,0.5877526775549149,TRUE,TRUE
1999-06-03,King_Haakon,4.38761215,0.6708625953803469,0.6708625953803469,0.5877526775549149,TRUE,TRUE
1999-06-04,King_Haakon,4.353820155,0.617593484446239,0.617593484446239,0.5877526775549149,TRUE,TRUE
1999-06-05,King_Haakon,4.346950885,0.591131510860424,0.591131510860424,0.5877526775549149,TRUE,TRUE
1999-06-06,King_Haakon,4.365484615,0.5899868377497786,0.5899868377497786,0.5877526775549149,TRUE,TRUE
1999-06-07,King_Haakon,4.390978046,0.5957460542411819,0.5957460542411819,0.5877526775549149,TRUE,TRUE
1999-06-08,King_Haakon,4.429736835,0.6147447054614972,0.6147447054614972,0.5877526775549149,TRUE,TRUE
1999-06-09,King_Haakon,4.465611356,0.6308630535376003,0.6308630535376003,0.5877526775549149,TRUE,TRUE
1999-06-10,King_Haakon,4.49772512,0.6432544975963639,0.6432544975963639,0.5877526775549149,TRUE,TRUE
1999-06-11,King_Haakon,4.502940165,0.6288109637646628,0.6288109637646628,0.5877526775549149,TRUE,TRUE
1999-06-12,King_Haakon,4.491135483,0.5974413321693697,0.5974413321693697,0.5877526775549149,TRUE,TRUE
1999-06-13,King_Haakon,4.510196719,0.5970611359373534,0.5970611359373534,0.5877526775549149,TRUE,TRUE
1999-06-14,King_Haakon,4.533866823,0.6014430932447019,0.6014430932447019,0.5877526775549149,TRUE,TRUE
1999-06-15,King_Haakon,4.543129354,0.5915952433391829,0.5915952433391829,0.5877526775549149,TRUE,TRUE
1999-06-16,King_Haakon,4.535953181,0.5655036811944458,0.5655036811944458,0.5877526775549149,FALSE,FALSE
1999-06-17,King_Haakon,4.494008936,0.5048557391995909,0.5048557391995909,0.5877526775549149,FALSE,FALSE
1999-06-18,King_Haakon,4.490295623,0.4826671217437353,0.4826671217437353,0.5877526775549149,FALSE,FALSE
1999-06-19,King_Haakon,4.480187116,0.4543284032159845,0.4543284032159845,0.5877526775549149,FALSE,FALSE
1999-06-20,King_Haakon,4.48106283,0.4372356990054546,0.4372356990054546,0.5877526775549149,FALSE,FALSE
1999-06-21,King_Haakon,4.500868231,0.43935117550124936,0.43935117550124936,0.5877526775549149,FALSE,FALSE
1999-06-22,King_Haakon,4.4995377,0.420625914092481,0.420625914092481,0.5877526775549149,FALSE,FALSE
1999-06-23,King_Haakon,4.492088849,0.39609422716825815,0.39609422716825815,0.5877526775549149,FALSE,FALSE
1999-06-24,King_Haakon,4.513057917,0.4003090541176943,0.4003090541176943,0.5877526775549149,FALSE,FALSE
1999-06-25,King_Haakon,4.546745643,0.417587834329896,0.417587834329896,0.5877526775549149,FALSE,FALSE
1999-06-26,King_Haakon,4.564662531,0.4194577721939732,0.4194577721939732,0.5877526775549149,FALSE,FALSE
1999-06-27,King_Haakon,4.568429341,0.40755199066177905,0.40755199066177905,0.5877526775549149,FALSE,FALSE
1999-06-28,King_Haakon,4.584540025,0.4083440288175444,0.4083440288175444,0.5877526775549149,FALSE,FALSE
1999-06-29,King_Haakon,4.620984866,0.4297887801632107,0.4297887801632107,0.5877526775549149,FALSE,FALSE
1999-06-30,King_Haakon,4.656263173,0.45035008719846914,0.45035008719846914,0.5877526775549149,FALSE,FALSE
1999-07-01,King_Haakon,4.673017532,0.4526350694230103,0.4526350694230103,0.5877526775549149,FALSE,FALSE
1999-07-02,King_Haakon,4.680809474,0.4461697913365272,0.4461697913365272,0.5877526775549149,FALSE,FALSE
1999-07-03,King_Haakon,4.720646783,0.4719265704387041,0.4719265704387041,0.5877526775549149,FALSE,FALSE
1999-07-04,King_Haakon,4.724709721,0.4620502022292339,0.4620502022292339,0.5877526775549149,FALSE,FALSE
1999-07-05,King_Haakon,4.744290172,0.4677971042078086,0.4677971042078086,0.5877526775549149,FALSE,FALSE
1999-07-06,King_Haakon,4.752091656,0.46183532987411446,0.46183532987411446,0.5877526775549149,FALSE,FALSE
1999-07-07,King_Haakon,4.743656723,0.43967196272784737,0.43967196272784737,0.5877526775549149,FALSE,FALSE
1999-07-08,King_Haakon,4.756230949,0.4385171122686913,0.4385171122686913,0.5877526775549149,FALSE,FALSE
1999-07-09,King_Haakon,4.77210519,0.44062625919982334,0.44062625919982334,0.5877526775549149,FALSE,FALSE
1999-07-10,King_Haakon,4.78858115,0.44328347087939246,0.44328347087939246,0.5877526775549149,FALSE,FALSE
1999-07-11,King_Haakon,4.813276963,0.4541280652587077,0.4541280652587077,0.5877526775549149,FALSE,FALSE
1999-07-12,King_Haakon,4.819439528,0.4464332626629819,0.4464332626629819,0.5877526775549149,FALSE,FALSE
1999-07-13,King_Haakon,4.820052063,0.43320860241741865,0.43320860241741865,0.5877526775549149,FALSE,FALSE
1999-07-14,King_Haakon,4.822095795,0.4214616328472385,0.4214616328472385,0.5877526775549149,FALSE,FALSE
1999-07-15,King_Haakon,4.823906788,0.4095547392776489,0.4095547392776489,0.5877526775549149,FALSE,FALSE
1999-07-16,King_Haakon,4.824901288,0.3969304890338616,0.3969304890338616,0.5877526775549149,FALSE,FALSE
1999-07-17,King_Haakon,4.832548761,0.3910846694410903,0.3910846694410903,0.5877526775549149,FALSE,FALSE
1999-07-18,King_Haakon,4.85030043,0.39549482482454135,0.39549482482454135,0.5877526775549149,FALSE,FALSE
1999-07-19,King_Haakon,4.885322499,0.41735348050943255,0.41735348050943255,0.5877526775549149,FALSE,FALSE
1999-07-20,King_Haakon,4.887283095,0.40635508482097293,0.40635508482097293,0.5877526775549149,FALSE,FALSE
1999-07-21,King_Haakon,4.926167513,0.43251125408437296,0.43251125408437296,0.5877526775549149,FALSE,FALSE
1999-07-22,King_Haakon,4.94595873,0.4398302849155806,0.4398302849155806,0.5877526775549149,FALSE,FALSE
1999-07-23,King_Haakon,4.941808866,0.4234757910410849,0.4234757910410849,0.5877526775549149,FALSE,FALSE
1999-07-24,King_Haakon,4.925877309,0.39560857594786114,0.39560857594786114,0.5877526775549149,FALSE,FALSE
1999-07-25,King_Haakon,4.857358988,0.31542475550919846,0.31542475550919846,0.5877526775549149,FALSE,FALSE
1999-07-26,King_Haakon,4.844258286,0.29092989959837823,0.29092989959837823,0.5877526775549149,FALSE,FALSE
1999-07-27,King_Haakon,4.813240745,0.24879073708869104,0.24879073708869104,0.5877526775549149,FALSE,FALSE
1999-07-28,King_Haakon,4.809897459,0.23459954885342335,0.23459954885342335,0.5877526775549149,FALSE,FALSE
1999-07-29,King_Haakon,4.801065352,0.21519444576585744,0.21519444576585744,0.5877526775549149,FALSE,FALSE
1999-07-30,King_Haakon,4.831353317,0.2351855076992857,0.2351855076992857,0.5877526775549149,FALSE,FALSE
1999-07-31,King_Haakon,4.820359158,0.21417172552698904,0.21417172552698904,0.5877526775549149,FALSE,FALSE
1999-08-01,King_Haakon,4.837174777,0.22124618812225985,0.22124618812225985,0.5877526775549149,FALSE,FALSE
1999-08-02,King_Haakon,4.854197904,0.22880781235838032,0.22880781235838032,0.5877526775549149,FALSE,FALSE
1999-08-03,King_Haakon,4.870030402,0.2354596482823359,0.2354596482823359,0.5877526775549149,FALSE,FALSE
1999-08-04,King_Haakon,4.858252559,0.21478786009894968,0.21478786009894968,0.5877526775549149,FALSE,FALSE
1999-08-05,King_Haakon,4.833124099,0.18107496361668576,0.18107496361668576,0.5877526775549149,FALSE,FALSE
1999-08-06,King_Haakon,4.868954543,0.20865708466789631,0.20865708466789631,0.5877526775549149,FALSE,FALSE
1999-08-07,King_Haakon,4.917054359,0.24887129608493108,0.24887129608493108,0.5877526775549149,FALSE,FALSE
1999-08-08,King_Haakon,4.992889545,0.3172102007001447,0.3172102007001447,0.5877526775549149,FALSE,FALSE
1999-08-09,King_Haakon,5.060162221,0.37740252334588753,0.37740252334588753,0.5877526775549149,FALSE,FALSE
1999-08-10,King_Haakon,5.142306813,0.4529092948545106,0.4529092948545106,0.5877526775549149,FALSE,FALSE
1999-08-11,King_Haakon,5.226931695,0.5313654940583632,0.5313654940583632,0.5877526775549149,FALSE,FALSE
1999-08-12,King_Haakon,5.267660139,0.5664209977897992,0.5664209977897992,0.5877526775549149,FALSE,FALSE
1999-08-13,King_Haakon,5.289163086,0.58277335188117,0.58277335188117,0.5877526775549149,FALSE,FALSE
1999-08-14,King_Haakon,5.316154919,0.6051635441648271,0.6051635441648271,0.5877526775549149,TRUE,FALSE
1999-08-15,King_Haakon,5.272699963,0.5576825044731244,0.5576825044731244,0.5877526775549149,FALSE,FALSE
1999-08-16,King_Haakon,5.246877852,0.5284345349740418,0.5284345349740418,0.5877526775549149,FALSE,FALSE
1999-08-17,King_Haakon,5.209419206,0.4881173616221286,0.4881173616221286,0.5877526775549149,FALSE,FALSE
1999-08-18,King_Haakon,5.170573337,0.4468815178788823,0.4468815178788823,0.5877526775549149,FALSE,FALSE
1999-08-19,King_Haakon,5.129455327,0.40373969656528264,0.40373969656528264,0.5877526775549149,FALSE,FALSE
1999-08-20,King_Haakon,5.086006259,0.35853059150230493,0.35853059150230493,0.5877526775549149,FALSE,FALSE
1999-08-21,King_Haakon,5.080100248,0.35102592851093295,0.35102592851093295,0.5877526775549149,FALSE,FALSE
1999-08-22,King_Haakon,5.06695652,0.3363425444121386,0.3363425444121386,0.5877526775549149,FALSE,FALSE
1999-08-23,King_Haakon,5.100816575,0.36861955002690383,0.36861955002690383,0.5877526775549149,FALSE,FALSE
1999-08-24,King_Haakon,5.102616918,0.36869106117620554,0.36869106117620554,0.5877526775549149,FALSE,FALSE
1999-08-25,King_Haakon,5.088887377,0.3529845166810208,0.3529845166810208,0.5877526775549149,FALSE,FALSE
1999-08-26,King_Haakon,5.095501818,0.3572713933623266,0.3572713933623266,0.5877526775549149,FALSE,FALSE
1999-08-27,King_Haakon,5.091928549,0.3509176100411029,0.3509176100411029,0.5877526775549149,FALSE,FALSE
1999-08-28,King_Haakon,5.087392449,0.34304565653832864,0.34304565653832864,0.5877526775549149,FALSE,FALSE
1999-08-29,King_Haakon,5.080866581,0.3325475664873556,0.3325475664873556,0.5877526775549149,FALSE,FALSE
1999-08-30,King_Haakon,5.090803423,0.3379246069677855,0.3379246069677855,0.5877526775549149,FALSE,FALSE
1999-08-31,King_Haakon,5.102727233,0.3447986019850102,0.3447986019850102,0.5877526775549149,FALSE,FALSE
1999-09-01,King_Haakon,5.076954379,0.3135835730342045,0.3135835730342045,0.5877526775549149,FALSE,FALSE
1999-09-02,King_Haakon,5.066786214,0.2976785266105484,0.2976785266105484,0.5877526775549149,FALSE,FALSE
1999-09-03,King_Haakon,5.06150153,0.2864599082092232,0.2864599082092232,0.5877526775549149,FALSE,FALSE
1999-09-04,King_Haakon,5.043993623,0.26291866732540825,0.26291866732540825,0.5877526775549149,FALSE,FALSE
1999-09-05,King_Haakon,5.014811578,0.22770154245428476,0.22770154245428476,0.5877526775549149,FALSE,FALSE
1999-09-06,King_Haakon,4.992470654,0.1994214460910273,0.1994214460910273,0.5877526775549149,FALSE,FALSE
1999-09-07,King_Haakon,4.962817978,0.1640231587308243,0.1640231587308243,0.5877526775549149,FALSE,FALSE
1999-09-08,King_Haakon,4.937805806,0.13355658986884666,0.13355658986884666,0.5877526775549149,FALSE,FALSE
1999-09-09,King_Haakon,4.920706425,0.11139168000027412,0.11139168000027412,0.5877526775549149,FALSE,FALSE
1999-09-10,King_Haakon,4.944432173,0.13053798663106253,0.13053798663106253,0.5877526775549149,FALSE,FALSE
1999-09-11,King_Haakon,4.979934249,0.1620027289575443,0.1620027289575443,0.5877526775549149,FALSE,FALSE
1999-09-12,King_Haakon,4.996625154,0.17517987357309295,0.17517987357309295,0.5877526775549149,FALSE,FALSE
1999-09-13,King_Haakon,5.058389955,0.23392810312136625,0.23392810312136625,0.5877526775549149,FALSE,FALSE
1999-09-14,King_Haakon,5.127455775,0.3004481562460235,0.3004481562460235,0.5877526775549149,FALSE,FALSE
1999-09-15,King_Haakon,5.199602801,0.3704938355907146,0.3704938355907146,0.5877526775549149,FALSE,FALSE
1999-09-16,King_Haakon,5.243197196,0.4124049197990942,0.4124049197990942,0.5877526775549149,FALSE,FALSE
1999-09-17,King_Haakon,5.233611358,0.40152742251482376,0.40152742251482376,0.5877526775549149,FALSE,FALSE
1999-09-18,King_Haakon,5.236230045,0.4032197173815497,0.4032197173815497,0.5877526775549149,FALSE,FALSE
1999-09-19,King_Haakon,5.210970212,0.3773723750429321,0.3773723750429321,0.5877526775549149,FALSE,FALSE
1999-09-20,King_Haakon,5.199347649,0.3654748011426223,0.3654748011426223,0.5877526775549149,FALSE,FALSE
1999-09-21,King_Haakon,5.177017989,0.34315624432428127,0.34315624432428127,0.5877526775549149,FALSE,FALSE
1999-09-22,King_Haakon,5.136956848,0.3033659362315575,0.3033659362315575,0.5877526775549149,FALSE,FALSE
1999-09-23,King_Haakon,5.159671491,0.3265845533230127,0.3265845533230127,0.5877526775549149,FALSE,FALSE
1999-09-24,King_Haakon,5.173289049,0.34091045202602466,0.34091045202602466,0.5877526775549149,FALSE,FALSE
1999-09-25,King_Haakon,5.154049951,0.32255396068785114,0.32255396068785114,0.5877526775549149,FALSE,FALSE
1999-09-26,King_Haakon,5.134320876,0.30385163904939727,0.30385163904939727,0.5877526775549149,FALSE,FALSE
1999-09-27,King_Haakon,5.115063993,0.28573553685154884,0.28573553685154884,0.5877526775549149,FALSE,FALSE
1999-09-28,King_Haakon,5.104026241,0.27592247383520885,0.27592247383520885,0.5877526775549149,FALSE,FALSE
1999-09-29,King_Haakon,5.122206239,0.2953809497412667,0.2953809497412667,0.5877526775549149,FALSE,FALSE
1999-09-30,King_Haakon,5.132984046,0.3074609043106209,0.3074609043106209,0.5877526775549149,FALSE,FALSE
1999-10-01,King_Haakon,5.144571304,0.32034386028416684,0.32034386028416684,0.5877526775549149,FALSE,FALSE
1999-10-02,King_Haakon,5.143384184,0.3204158694027992,0.3204158694027992,0.5877526775549149,FALSE,FALSE
1999-10-03,King_Haakon,5.166381347,0.34460547340741066,0.34460547340741066,0.5877526775549149,FALSE,FALSE
1999-10-04,King_Haakon,5.170527002,0.34984676203890164,0.34984676203890164,0.5877526775549149,FALSE,FALSE
1999-10-05,King_Haakon,5.192433438,0.3727219233219987,0.3727219233219987,0.5877526775549149,FALSE,FALSE
1999-10-06,King_Haakon,5.227646588,0.4087689059469346,0.4087689059469346,0.5877526775549149,FALSE,FALSE
1999-10-07,King_Haakon,5.250974788,0.43285311886579514,0.43285311886579514,0.5877526775549149,FALSE,FALSE
1999-10-08,King_Haakon,5.249886423,0.4325119221284268,0.4325119221284268,0.5877526775549149,FALSE,FALSE
1999-10-09,King_Haakon,5.273968142,0.45740093978467566,0.45740093978467566,0.5877526775549149,FALSE,FALSE
1999-10-10,King_Haakon,5.300394921,0.4847641228843944,0.4847641228843944,0.5877526775549149,FALSE,FALSE
1999-10-11,King_Haakon,5.301254684,0.486758370477423,0.486758370477423,0.5877526775549149,FALSE,FALSE
1999-10-12,King_Haakon,5.317384997,0.5042902236136113,0.5042902236136113,0.5877526775549149,FALSE,FALSE
1999-10-13,King_Haakon,5.354974637,0.5436174343428091,0.5436174343428091,0.5877526775549149,FALSE,FALSE
1999-10-14,King_Haakon,5.419418681,0.6102040547148615,0.6102040547148615,0.5877526775549149,TRUE,TRUE
1999-10-15,King_Haakon,5.442207123,0.6356090537796169,0.6356090537796169,0.5877526775549149,TRUE,TRUE
1999-10-16,King_Haakon,5.44219639,0.6387578335869195,0.6387578335869195,0.5877526775549149,TRUE,TRUE
1999-10-17,King_Haakon,5.434725395,0.6350582821866189,0.6350582821866189,0.5877526775549149,TRUE,TRUE
1999-10-18,King_Haakon,5.45999252,0.6647750215788406,0.6647750215788406,0.5877526775549149,TRUE,TRUE
1999-10-19,King_Haakon,5.50039986,0.7103182951179532,0.7103182951179532,0.5877526775549149,TRUE,TRUE
1999-10-20,King_Haakon,5.559548004,0.7752413036568173,0.7752413036568173,0.5877526775549149,TRUE,TRUE
1999-10-21,King_Haakon,5.575553895,0.7976113783515641,0.7976113783515641,0.5877526775549149,TRUE,TRUE
1999-10-22,King_Haakon,5.588816082,0.8177774563583267,0.8177774563583267,0.5877526775549149,TRUE,TRUE
1999-10-23,King_Haakon,5.589954253,0.8263096138332333,0.8263096138332333,0.5877526775549149,TRUE,TRUE
1999-10-24,King_Haakon,5.549936349,0.7941261799324195,0.7941261799324195,0.5877526775549149,TRUE,TRUE
1999-10-25,King_Haakon,5.506115822,0.7585309948120207,0.7585309948120207,0.5877526775549149,TRUE,TRUE
1999-10-26,King_Haakon,5.493003158,0.7539849326281658,0.7539849326281658,0.5877526775549149,TRUE,TRUE
1999-10-27,King_Haakon,5.447870176,0.7177102005369873,0.7177102005369873,0.5877526775549149,TRUE,TRUE
1999-10-28,King_Haakon,5.419490348,0.6984306586946163,0.6984306586946163,0.5877526775549149,TRUE,TRUE
1999-10-29,King_Haakon,5.392245204,0.6804782252571844,0.6804782252571844,0.5877526775549149,TRUE,TRUE
1999-10-30,King_Haakon,5.368657113,0.6663256573808303,0.6663256573808303,0.5877526775549149,TRUE,TRUE
1999-10-31,King_Haakon,5.336590927,0.6438023562950912,0.6438023562950912,0.5877526775549149,TRUE,TRUE
1999-11-01,King_Haakon,5.279254226,0.5961501551077992,0.5961501551077992,0.5877526775549149,TRUE,TRUE
1999-11-02,King_Haakon,5.258294333,0.5850720402495826,0.5850720402495826,0.5877526775549149,FALSE,FALSE
1999-11-03,King_Haakon,5.264397339,0.6013097719067302,0.6013097719067302,0.5877526775549149,TRUE,TRUE
1999-11-04,King_Haakon,5.283145892,0.6305016672655217,0.6305016672655217,0.5877526775549149,TRUE,TRUE
1999-11-05,King_Haakon,5.301636296,0.6597996995122477,0.6597996995122477,0.5877526775549149,TRUE,TRUE
1999-11-06,King_Haakon,5.2889559,0.6583468868331899,0.6583468868331899,0.5877526775549149,TRUE,TRUE
1999-11-07,King_Haakon,5.301403601,0.6824977954146343,0.6824977954146343,0.5877526775549149,TRUE,TRUE
1999-11-08,King_Haakon,5.296577755,0.6899064504428694,0.6899064504428694,0.5877526775549149,TRUE,TRUE
1999-11-09,King_Haakon,5.233523778,0.6396739371041784,0.6396739371041784,0.5877526775549149,TRUE,TRUE
1999-11-10,King_Haakon,5.237418656,0.6570329105848458,0.6570329105848458,0.5877526775549149,TRUE,TRUE
1999-11-11,King_Haakon,5.243802598,0.6775792490711563,0.6775792490711563,0.5877526775549149,TRUE,TRUE
1999-11-12,King_Haakon,5.240359953,0.6890532718344318,0.6890532718344318,0.5877526775549149,TRUE,TRUE
1999-11-13,King_Haakon,5.239387879,0.7038247628690657,0.7038247628690657,0.5877526775549149,TRUE,TRUE
1999-11-14,King_Haakon,5.205878758,0.6869837671966375,0.6869837671966375,0.5877526775549149,TRUE,TRUE
1999-11-15,King_Haakon,5.193965393,0.6927628159809958,0.6927628159809958,0.5877526775549149,TRUE,TRUE
1999-11-16,King_Haakon,5.187832937,0.7054467903859836,0.7054467903859836,0.5877526775549149,TRUE,TRUE
1999-11-17,King_Haakon,5.181108431,0.7187624595754443,0.7187624595754443,0.5877526775549149,TRUE,TRUE
1999-11-18,King_Haakon,5.214462322,0.7734799987132224,0.7734799987132224,0.5877526775549149,TRUE,TRUE
1999-11-19,King_Haakon,5.192041493,0.7738460189631606,0.7738460189631606,0.5877526775549149,TRUE,TRUE
1999-11-20,King_Haakon,5.167448517,0.7735628214891044,0.7735628214891044,0.5877526775549149,TRUE,TRUE
1999-11-21,King_Haakon,5.135931076,0.7679778164548976,0.7679778164548976,0.5877526775549149,TRUE,TRUE
1999-11-22,King_Haakon,5.123376885,0.7830784470243826,0.7830784470243826,0.5877526775549149,TRUE,TRUE
1999-11-23,King_Haakon,5.071582772,0.7607612693614092,0.7607612693614092,0.5877526775549149,TRUE,TRUE
1999-11-24,King_Haakon,5.045520104,0.7660973786298131,0.7660973786298131,0.5877526775549149,TRUE,TRUE
1999-11-25,King_Haakon,5.025060329,0.779040603348105,0.779040603348105,0.5877526775549149,TRUE,TRUE
1999-11-26,King_Haakon,4.955573973,0.7448971265570146,0.7448971265570146,0.5877526775549149,TRUE,TRUE
1999-11-27,King_Haakon,4.894678067,0.7211458599288045,0.7211458599288045,0.5877526775549149,TRUE,TRUE
1999-11-28,King_Haakon,4.90099932,0.7662748343225916,0.7662748343225916,0.5877526775549149,TRUE,TRUE
1999-11-29,King_Haakon,4.853825686,0.7594333255974961,0.7594333255974961,0.5877526775549149,TRUE,TRUE
1999-11-30,King_Haakon,4.794019282,0.7413447726126385,0.7413447726126385,0.5877526775549149,TRUE,TRUE
1999-12-01,King_Haakon,4.744355795,0.7346461842271337,0.7346461842271337,0.5877526775549149,TRUE,TRUE
1999-12-02,King_Haakon,4.700152353,0.7345160103001058,0.7345160103001058,0.5877526775549149,TRUE,TRUE
1999-12-03,King_Haakon,4.566808538,0.6462151546906716,0.6462151546906716,0.5877526775549149,TRUE,TRUE
1999-12-04,King_Haakon,4.49228346,0.6175640492579486,0.6175640492579486,0.5877526775549149,TRUE,TRUE
1999-12-05,King_Haakon,4.415760324,0.5876072208610568,0.5876072208610568,0.5877526775549149,FALSE,FALSE
1999-12-06,King_Haakon,4.343495255,0.5624621163591152,0.5624621163591152,0.5877526775549149,FALSE,FALSE
1999-12-07,King_Haakon,4.301502218,0.5680041837612824,0.5680041837612824,0.5877526775549149,FALSE,FALSE
1999-12-08,King_Haakon,4.27116165,0.585525369205091,0.585525369205091,0.5877526775549149,FALSE,FALSE
1999-12-09,King_Haakon,4.226375719,0.5889599944812045,0.5889599944812045,0.5877526775549149,TRUE,TRUE
1999-12-10,King_Haakon,4.211409875,0.6226234852852142,0.6226234852852142,0.5877526775549149,TRUE,TRUE
1999-12-11,King_Haakon,4.198574802,0.6588765013127049,0.6588765013127049,0.5877526775549149,TRUE,TRUE
1999-12-12,King_Haakon,4.128693852,0.6385923702592642,0.6385923702592642,0.5877526775549149,TRUE,TRUE
1999-12-13,King_Haakon,4.056052976,0.6161070188204829,0.6161070188204829,0.5877526775549149,TRUE,TRUE
1999-12-14,King_Haakon,4.00319925,0.614017498691946,0.614017498691946,0.5877526775549149,TRUE,TRUE
1999-12-15,King_Haakon,3.958564827,0.6208059385692435,0.6208059385692435,0.5877526775549149,TRUE,TRUE
1999-12-16,King_Haakon,3.884864925,0.5992375321479626,0.5992375321479626,0.5877526775549149,TRUE,TRUE
1999-12-17,King_Haakon,3.813590504,0.5808532151236911,0.5808532151236911,0.5877526775549149,FALSE,FALSE
1999-12-18,King_Haakon,3.783398543,0.6043599421920187,0.6043599421920187,0.5877526775549149,TRUE,TRUE
1999-12-19,King_Haakon,3.721506068,0.5970247150485308,0.5970247150485308,0.5877526775549149,TRUE,TRUE
1999-12-20,King_Haakon,3.670125383,0.601105418353947,0.601105418353947,0.5877526775549149,TRUE,TRUE
1999-12-21,King_Haakon,3.608668468,0.5959901187960486,0.5959901187960486,0.5877526775549149,TRUE,TRUE
1999-12-22,King_Haakon,3.558188658,0.6026527665142081,0.6026527665142081,0.5877526775549149,TRUE,TRUE
1999-12-23,King_Haakon,3.513527284,0.6158537618264446,0.6158537618264446,0.5877526775549149,TRUE,TRUE
1999-12-24,King_Haakon,3.491071826,0.6518996540507813,0.6518996540507813,0.5877526775549149,TRUE,TRUE
1999-12-25,King_Haakon,3.439188438,0.6590756665052466,0.6590756665052466,0.5877526775549149,TRUE,TRUE
1999-12-26,King_Haakon,3.373770797,0.6531945455078634,0.6531945455078634,0.5877526775549149,TRUE,TRUE
1999-12-27,King_Haakon,3.32303022,0.6623866773766522,0.6623866773766522,0.5877526775549149,TRUE,TRUE
1999-12-28,King_Haakon,3.283860528,0.6834649524296346,0.6834649524296346,0.5877526775549149,TRUE,TRUE
1999-12-29,King_Haakon,3.212284415,0.6723711339848437,0.6723711339848437,0.5877526775549149,TRUE,TRUE
1999-12-30,King_Haakon,3.162780759,0.6835031693602938,0.6835031693602938,0.5877526775549149,TRUE,TRUE
1999-12-31,King_Haakon,3.073444355,0.6548749228740163,0.6548749228740163,0.5877526775549149,TRUE,TRUE
2000-01-01,King_Haakon,3.021622448,0.6637527088440267,0.6637527088440267,0.5877526775549149,TRUE,TRUE
2000-01-02,King_Haakon,2.915582361,0.6183199216180841,0.6183199216180841,0.5877526775549149,TRUE,TRUE
2000-01-03,King_Haakon,2.8444793,0.6076358466628444,0.6076358466628444,0.5877526775549149,TRUE,TRUE
2000-01-04,King_Haakon,2.756439447,0.5797277474746991,0.5797277474746991,0.5877526775549149,FALSE,FALSE
2000-01-05,King_Haakon,2.678694739,0.5617286425500341,0.5617286425500341,0.5877526775549149,FALSE,FALSE
2000-01-06,King_Haakon,2.594163473,0.5364579103852454,0.5364579103852454,0.5877526775549149,FALSE,FALSE
2000-01-07,King_Haakon,2.515199385,0.5161703684767158,0.5161703684767158,0.5877526775549149,FALSE,FALSE
2000-01-08,King_Haakon,2.444466478,0.5034311013208332,0.5034311013208332,0.5877526775549149,FALSE,FALSE
2000-01-09,King_Haakon,2.396414249,0.5125906874139927,0.5125906874139927,0.5877526775549149,FALSE,FALSE
2000-01-10,King_Haakon,2.324756745,0.497264255252577,0.497264255252577,0.5877526775549149,FALSE,FALSE
2000-01-11,King_Haakon,2.262736913,0.4905958333329776,0.4905958333329776,0.5877526775549149,FALSE,FALSE
2000-01-12,King_Haakon,2.208789674,0.49092142415158513,0.49092142415158513,0.5877526775549149,FALSE,FALSE
2000-01-13,King_Haakon,2.13949503,0.474722111204785,0.474722111204785,0.5877526775549149,FALSE,FALSE
2000-01-14,King_Haakon,2.079614915,0.4666616800978982,0.4666616800978982,0.5877526775549149,FALSE,FALSE
2000-01-15,King_Haakon,2.038310369,0.4758306576704163,0.4758306576704163,0.5877526775549149,FALSE,FALSE
2000-01-16,King_Haakon,1.990685527,0.4772972867931551,0.4772972867931551,0.5877526775549149,FALSE,FALSE
2000-01-17,King_Haakon,1.927517403,0.4618048788885385,0.4618048788885385,0.5877526775549149,FALSE,FALSE
2000-01-18,King_Haakon,1.857994091,0.43850782537898847,0.43850782537898847,0.5877526775549149,FALSE,FALSE
2000-01-19,King_Haakon,1.794049345,0.419306177686926,0.419306177686926,0.5877526775549149,FALSE,FALSE
2000-01-20,King_Haakon,1.763111553,0.4315946212347748,0.4315946212347748,0.5877526775549149,FALSE,FALSE
2000-01-21,King_Haakon,1.743120101,0.45327883944495584,0.45327883944495584,0.5877526775549149,FALSE,FALSE
2000-01-22,King_Haakon,1.717991796,0.4682419367398927,0.4682419367398927,0.5877526775549149,FALSE,FALSE
2000-01-23,King_Haakon,1.693655585,0.4823791575420071,0.4823791575420071,0.5877526775549149,FALSE,FALSE
2000-01-24,King_Haakon,1.648357474,0.47390280527371953,0.47390280527371953,0.5877526775549149,FALSE,FALSE
2000-01-25,King_Haakon,1.63155192,0.4922336343574538,0.4922336343574538,0.5877526775549149,FALSE,FALSE
2000-01-26,King_Haakon,1.612509155,0.506608174215633,0.506608174215633,0.5877526775549149,FALSE,FALSE
2000-01-27,King_Haakon,1.56198183,0.4877541723502168,0.4877541723502168,0.5877526775549149,FALSE,FALSE
2000-01-28,King_Haakon,1.517633615,0.47336996027057654,0.47336996027057654,0.5877526775549149,FALSE,FALSE
2000-01-29,King_Haakon,1.473555053,0.4576054415227171,0.4576054415227171,0.5877526775549149,FALSE,FALSE
2000-01-30,King_Haakon,1.444280816,0.4550547282160808,0.4550547282160808,0.5877526775549149,FALSE,FALSE
2000-01-31,King_Haakon,1.430559351,0.4665257074601082,0.4665257074601082,0.5877526775549149,FALSE,FALSE
2000-02-01,King_Haakon,1.389995581,0.4496827423642423,0.4496827423642423,0.5877526775549149,FALSE,FALSE
2000-02-02,King_Haakon,1.349910782,0.4319065490379243,0.4319065490379243,0.5877526775549149,FALSE,FALSE
2000-02-03,King_Haakon,1.290426722,0.3933783355905964,0.3933783355905964,0.5877526775549149,FALSE,FALSE
2000-02-04,King_Haakon,1.306931946,0.42954608713169984,0.42954608713169984,0.5877526775549149,FALSE,FALSE
2000-02-05,King_Haakon,1.289891542,0.4309343317706761,0.4309343317706761,0.5877526775549149,FALSE,FALSE
2000-02-06,King_Haakon,1.19576281,0.35405980961696937,0.35405980961696937,0.5877526775549149,FALSE,FALSE
2000-02-07,King_Haakon,1.126317619,0.30075382978001863,0.30075382978001863,0.5877526775549149,FALSE,FALSE
2000-02-08,King_Haakon,1.091034062,0.28055353395447435,0.28055353395447435,0.5877526775549149,FALSE,FALSE
2000-02-09,King_Haakon,1.081077681,0.2846318369531835,0.2846318369531835,0.5877526775549149,FALSE,FALSE
2000-02-10,King_Haakon,1.055503456,0.27194832067124575,0.27194832067124575,0.5877526775549149,FALSE,FALSE
2000-02-11,King_Haakon,1.020594622,0.24867867102793495,0.24867867102793495,0.5877526775549149,FALSE,FALSE
2000-02-12,King_Haakon,0.975798088,0.21416224794252003,0.21416224794252003,0.5877526775549149,FALSE,FALSE
2000-02-13,King_Haakon,0.962436908,0.20961455633427184,0.20961455633427184,0.5877526775549149,FALSE,FALSE
2000-02-14,King_Haakon,0.971149333,0.22556629812246445,0.22556629812246445,0.5877526775549149,FALSE,FALSE
2000-02-15,King_Haakon,0.939695513,0.1996700742263672,0.1996700742263672,0.5877526775549149,FALSE,FALSE
2000-02-16,King_Haakon,0.928380988,0.19212387556525268,0.19212387556525268,0.5877526775549149,FALSE,FALSE
2000-02-17,King_Haakon,0.915357508,0.18097190305839117,0.18097190305839117,0.5877526775549149,FALSE,FALSE
2000-02-18,King_Haakon,0.927344773,0.19282630762505423,0.19282630762505423,0.5877526775549149,FALSE,FALSE
2000-02-19,King_Haakon,0.960166111,0.2234028681845145,0.2234028681845145,0.5877526775549149,FALSE,FALSE
2000-02-20,King_Haakon,0.971333654,0.23010616765604164,0.23010616765604164,0.5877526775549149,FALSE,FALSE
2000-02-21,King_Haakon,0.960862509,0.21285419184417745,0.21285419184417745,0.5877526775549149,FALSE,FALSE
2000-02-22,King_Haakon,0.956299977,0.19922354440931744,0.19922354440931744,0.5877526775549149,FALSE,FALSE
2000-02-23,King_Haakon,0.97133228,0.20301385267772032,0.20301385267772032,0.5877526775549149,FALSE,FALSE
2000-02-24,King_Haakon,0.941894016,0.16027464029716088,0.16027464029716088,0.5877526775549149,FALSE,FALSE
2000-02-25,King_Haakon,0.950114204,0.15324985191541052,0.15324985191541052,0.5877526775549149,FALSE,FALSE
2000-02-26,King_Haakon,0.985315225,0.17137679418024232,0.17137679418024232,0.5877526775549149,FALSE,FALSE
2000-02-27,King_Haakon,0.995232417,0.1625057307394291,0.1625057307394291,0.5877526775549149,FALSE,FALSE
2000-02-28,King_Haakon,1.000784672,0.14767047924074295,0.14767047924074295,0.5877526775549149,FALSE,FALSE
2000-03-01,King_Haakon,1.087640594,0.18941333766084545,0.18941333766084545,0.5877526775549149,FALSE,FALSE
2000-03-02,King_Haakon,1.114929319,0.1922063568751801,0.1922063568751801,0.5877526775549149,FALSE,FALSE
2000-03-03,King_Haakon,1.161596677,0.213238460622733,0.213238460622733,0.5877526775549149,FALSE,FALSE
2000-03-04,King_Haakon,1.184699097,0.20968099956883668,0.20968099956883668,0.5877526775549149,FALSE,FALSE
2000-03-05,King_Haakon,1.17165584,0.1690533421977518,0.1690533421977518,0.5877526775549149,FALSE,FALSE
2000-03-06,King_Haakon,1.192115576,0.1610560366473508,0.1610560366473508,0.5877526775549149,FALSE,FALSE
2000-03-07,King_Haakon,1.258534432,0.19818728975832123,0.19818728975832123,0.5877526775549149,FALSE,FALSE
2000-03-08,King_Haakon,1.33000732,0.23958409337134556,0.23958409337134556,0.5877526775549149,FALSE,FALSE
2000-03-09,King_Haakon,1.355314716,0.2340690033271089,0.2340690033271089,0.5877526775549149,FALSE,FALSE
2000-03-10,King_Haakon,1.358568174,0.2057956534662979,0.2057956534662979,0.5877526775549149,FALSE,FALSE
2000-03-11,King_Haakon,1.37645928,0.1914977096295973,0.1914977096295973,0.5877526775549149,FALSE,FALSE
2000-03-12,King_Haakon,1.383920018,0.1661492356576919,0.1661492356576919,0.5877526775549149,FALSE,FALSE
2000-03-13,King_Haakon,1.389318631,0.13816055439126584,0.13816055439126584,0.5877526775549149,FALSE,FALSE
2000-03-14,King_Haakon,1.424452707,0.13937133367100496,0.13937133367100496,0.5877526775549149,FALSE,FALSE
2000-03-15,King_Haakon,1.459322483,0.13982389033759346,0.13982389033759346,0.5877526775549149,FALSE,FALSE
2000-03-16,King_Haakon,1.493945613,0.1395779582317178,0.1395779582317178,0.5877526775549149,FALSE,FALSE
2000-03-17,King_Haakon,1.556721284,0.16707495610716783,0.16707495610716783,0.5877526775549149,FALSE,FALSE
2000-03-18,King_Haakon,1.596179448,0.1708908617253846,0.1708908617253846,0.5877526775549149,FALSE,FALSE
2000-03-19,King_Haakon,1.581222932,0.1199784964115953,0.1199784964115953,0.5877526775549149,FALSE,FALSE
2000-03-20,King_Haakon,1.587693499,0.09022980433749894,0.09022980433749894,0.5877526775549149,FALSE,FALSE
2000-03-21,King_Haakon,1.609290455,0.07539427267479781,0.07539427267479781,0.5877526775549149,FALSE,FALSE
2000-03-22,King_Haakon,1.631056372,0.06056465459519411,0.06056465459519411,0.5877526775549149,FALSE,FALSE
2000-03-23,King_Haakon,1.654545446,0.04734532727038632,0.04734532727038632,0.5877526775549149,FALSE,FALSE
2000-03-24,King_Haakon,1.638306797,-0.0056644081279209,0.0056644081279209,0.5877526775549149,FALSE,FALSE
2000-03-25,King_Haakon,1.63138288,-0.04937191542803121,0.04937191542803121,0.5877526775549149,FALSE,FALSE
2000-03-26,King_Haakon,1.626621401,-0.0908793074582408,0.0908793074582408,0.5877526775549149,FALSE,FALSE
2000-03-27,King_Haakon,1.67783567,-0.07632309304685037,0.07632309304685037,0.5877526775549149,FALSE,FALSE
2000-03-28,King_Haakon,1.768637569,-0.02204120902215578,0.02204120902215578,0.5877526775549149,FALSE,FALSE
2000-03-29,King_Haakon,1.88226019,0.05524961778754167,0.05524961778754167,0.5877526775549149,FALSE,FALSE
2000-03-30,King_Haakon,1.932718834,0.06960628839879335,0.06960628839879335,0.5877526775549149,FALSE,FALSE
2000-03-31,King_Haakon,1.947966651,0.04897664794897949,0.04897664794897949,0.5877526775549149,FALSE,FALSE
2000-04-01,King_Haakon,2.010224818,0.07556062293784183,0.07556062293784183,0.5877526775549149,FALSE,FALSE
2000-04-02,King_Haakon,2.072583134,0.10242674868286827,0.10242674868286827,0.5877526775549149,FALSE,FALSE
2000-04-03,King_Haakon,2.133904238,0.12841640050155423,0.12841640050155423,0.5877526775549149,FALSE,FALSE
2000-04-04,King_Haakon,2.167763879,0.12708406371138903,0.12708406371138903,0.5877526775549149,FALSE,FALSE
2000-04-05,King_Haakon,2.159553302,0.08379971962986232,0.08379971962986232,0.5877526775549149,FALSE,FALSE
2000-04-06,King_Haakon,2.132728895,0.02199849257447006,0.02199849257447006,0.5877526775549149,FALSE,FALSE
2000-04-07,King_Haakon,2.207472265,0.06184072586270073,0.06184072586270073,0.5877526775549149,FALSE,FALSE
2000-04-08,King_Haakon,2.27977725,0.09929899381204832,0.09929899381204832,0.5877526775549149,FALSE,FALSE
2000-04-09,King_Haakon,2.340679436,0.12538761873999915,0.12538761873999915,0.5877526775549149,FALSE,FALSE
2000-04-10,King_Haakon,2.410693274,0.16059978796405083,0.16059978796405083,0.5877526775549149,FALSE,FALSE
2000-04-11,King_Haakon,2.471436127,0.1865317658479042,0.1865317658479042,0.5877526775549149,FALSE,FALSE
2000-04-12,King_Haakon,2.519881786,0.20014800763740492,0.20014800763740492,0.5877526775549149,FALSE,FALSE
2000-04-13,King_Haakon,2.57851854,0.2239468575840906,0.2239468575840906,0.5877526775549149,FALSE,FALSE
2000-04-14,King_Haakon,2.650570566,0.2611643591462385,0.2611643591462385,0.5877526775549149,FALSE,FALSE
2000-04-15,King_Haakon,2.711995894,0.2877704087821238,0.2877704087821238,0.5877526775549149,FALSE,FALSE
2000-04-16,King_Haakon,2.735285095,0.27626744395001923,0.27626744395001923,0.5877526775549149,FALSE,FALSE
2000-04-17,King_Haakon,2.774013927,0.2802430891082035,0.2802430891082035,0.5877526775549149,FALSE,FALSE
2000-04-18,King_Haakon,2.846189732,0.3177165527149519,0.3177165527149519,0.5877526775549149,FALSE,FALSE
2000-04-19,King_Haakon,2.937009328,0.3738965192285377,0.3738965192285377,0.5877526775549149,FALSE,FALSE
2000-04-20,King_Haakon,3.011209625,0.41353176510723566,0.41353176510723566,0.5877526775549149,FALSE,FALSE
2000-04-21,King_Haakon,3.0411654,0.4090089338093232,0.4090089338093232,0.5877526775549149,FALSE,FALSE
2000-04-22,King_Haakon,3.074149429,0.4076126677930736,0.4076126677930736,0.5877526775549149,FALSE,FALSE
2000-04-23,King_Haakon,3.097166953,0.3963600745167639,0.3963600745167639,0.5877526775549149,FALSE,FALSE
2000-04-24,King_Haakon,3.132162945,0.3972099221668772,0.3972099221668772,0.5877526775549149,FALSE,FALSE
2000-04-25,King_Haakon,3.172377584,0.4034345029536639,0.4034345029536639,0.5877526775549149,FALSE,FALSE
2000-04-26,King_Haakon,3.218841049,0.4161062317344473,0.4161062317344473,0.5877526775549149,FALSE,FALSE
2000-04-27,King_Haakon,3.226265354,0.38997946499745506,0.38997946499745506,0.5877526775549149,FALSE,FALSE
2000-04-28,King_Haakon,3.243084792,0.3735308382309199,0.3735308382309199,0.5877526775549149,FALSE,FALSE
2000-04-29,King_Haakon,3.242483828,0.33998715892306475,0.33998715892306475,0.5877526775549149,FALSE,FALSE
2000-04-30,King_Haakon,3.256424354,0.3213526615621256,0.3213526615621256,0.5877526775549149,FALSE,FALSE
2000-05-01,King_Haakon,3.282787549,0.31555086763632634,0.31555086763632634,0.5877526775549149,FALSE,FALSE
2000-05-02,King_Haakon,3.313347416,0.3143981226338992,0.3143981226338992,0.5877526775549149,FALSE,FALSE
2000-05-03,King_Haakon,3.38036965,0.3502024640430723,0.3502024640430723,0.5877526775549149,FALSE,FALSE
2000-05-04,King_Haakon,3.418698229,0.3578502123520755,0.3578502123520755,0.5877526775549149,FALSE,FALSE
2000-05-05,King_Haakon,3.441260429,0.3503109860491356,0.3503109860491356,0.5877526775549149,FALSE,FALSE
2000-05-06,King_Haakon,3.422422961,0.3019938174480701,0.3019938174480701,0.5877526775549149,FALSE,FALSE
2000-05-07,King_Haakon,3.418557543,0.26930094079559463,0.26930094079559463,0.5877526775549149,FALSE,FALSE
2000-05-08,King_Haakon,3.427016415,0.24958369347707168,0.24958369347707168,0.5877526775549149,FALSE,FALSE
2000-05-09,King_Haakon,3.473171885,0.2682083113430047,0.2682083113430047,0.5877526775549149,FALSE,FALSE
2000-05-10,King_Haakon,3.514556022,0.2827007912438928,0.2827007912438928,0.5877526775549149,FALSE,FALSE
2000-05-11,King_Haakon,3.565635189,0.3075214240302424,0.3075214240302424,0.5877526775549149,FALSE,FALSE
2000-05-12,King_Haakon,3.629278625,0.34553337655255323,0.34553337655255323,0.5877526775549149,FALSE,FALSE
2000-05-13,King_Haakon,3.708695434,0.39993968066132624,0.39993968066132624,0.5877526775549149,FALSE,FALSE
2000-05-14,King_Haakon,3.77233152,0.4391801682070664,0.4391801682070664,0.5877526775549149,FALSE,FALSE
2000-05-15,King_Haakon,3.809446925,0.452508809040272,0.452508809040272,0.5877526775549149,FALSE,FALSE
2000-05-16,King_Haakon,3.792672624,0.4125505060114501,0.4125505060114501,0.5877526775549149,FALSE,FALSE
2000-05-17,King_Haakon,3.771490382,0.3687809519710972,0.3687809519710972,0.5877526775549149,FALSE,FALSE
2000-05-18,King_Haakon,3.730321396,0.3056152717697187,0.3056152717697187,0.5877526775549149,FALSE,FALSE
2000-05-19,King_Haakon,3.689110837,0.2429909861177579,0.2429909861177579,0.5877526775549149,FALSE,FALSE
2000-05-20,King_Haakon,3.648489025,0.18150196790782136,0.18150196790782136,0.5877526775549149,FALSE,FALSE
2000-05-21,King_Haakon,3.648138838,0.16076948871960717,0.16076948871960717,0.5877526775549149,FALSE,FALSE
2000-05-22,King_Haakon,3.695294025,0.18796484465486651,0.18796484465486651,0.5877526775549149,FALSE,FALSE
2000-05-23,King_Haakon,3.749247591,0.22231858781534708,0.22231858781534708,0.5877526775549149,FALSE,FALSE
2000-05-24,King_Haakon,3.769834092,0.2236028213027983,0.2236028213027983,0.5877526775549149,FALSE,FALSE
2000-05-25,King_Haakon,3.811054273,0.24575583721896743,0.24575583721896743,0.5877526775549149,FALSE,FALSE
2000-05-26,King_Haakon,3.849704998,0.2655120466656049,0.2655120466656049,0.5877526775549149,FALSE,FALSE
2000-05-27,King_Haakon,3.902338394,0.2993611237444571,0.2993611237444571,0.5877526775549149,FALSE,FALSE
2000-05-28,King_Haakon,3.94929118,0.32757733455727367,0.32757733455727367,0.5877526775549149,FALSE,FALSE
2000-05-29,King_Haakon,3.929340499,0.2888753692058055,0.2888753692058055,0.5877526775549149,FALSE,FALSE
2000-05-30,King_Haakon,3.915159182,0.2558656057917945,0.2558656057917945,0.5877526775549149,FALSE,FALSE
2000-05-31,King_Haakon,3.95240267,0.2741410324169964,0.2741410324169964,0.5877526775549149,FALSE,FALSE
2000-06-01,King_Haakon,3.991540012,0.29412209753588003,0.29412209753588003,0.5877526775549149,FALSE,FALSE
2000-06-02,King_Haakon,4.036041196,0.31929164138034727,0.31929164138034727,0.5877526775549149,FALSE,FALSE
2000-06-03,King_Haakon,4.064760016,0.3285333454462389,0.3285333454462389,0.5877526775549149,FALSE,FALSE
2000-06-04,King_Haakon,4.114844126,0.3590247518604244,0.3590247518604244,0.5877526775549149,FALSE,FALSE
2000-06-05,King_Haakon,4.218849784,0.4433520067497785,0.4433520067497785,0.5877526775549149,FALSE,FALSE
2000-06-06,King_Haakon,4.24894196,0.4537099682411818,0.4537099682411818,0.5877526775549149,FALSE,FALSE
2000-06-07,King_Haakon,4.263808199,0.4488160694614969,0.4488160694614969,0.5877526775549149,FALSE,FALSE
2000-06-08,King_Haakon,4.273930649,0.4391823465376006,0.4391823465376006,0.5877526775549149,FALSE,FALSE
2000-06-09,King_Haakon,4.270857389,0.4163867665963634,0.4163867665963634,0.5877526775549149,FALSE,FALSE
2000-06-10,King_Haakon,4.283950395,0.4098211937646626,0.4098211937646626,0.5877526775549149,FALSE,FALSE
2000-06-11,King_Haakon,4.310008453,0.4163143021693698,0.4163143021693698,0.5877526775549149,FALSE,FALSE
2000-06-12,King_Haakon,4.339770705,0.4266351219373541,0.4266351219373541,0.5877526775549149,FALSE,FALSE
2000-06-13,King_Haakon,4.378310579,0.44588684924470146,0.44588684924470146,0.5877526775549149,FALSE,FALSE
2000-06-14,King_Haakon,4.395449219,0.4439151083391822,0.4439151083391822,0.5877526775549149,FALSE,FALSE
2000-06-15,King_Haakon,4.336061174,0.3656116741944459,0.3656116741944459,0.5877526775549149,FALSE,FALSE
2000-06-16,King_Haakon,4.313744938,0.3245917411995909,0.3245917411995909,0.5877526775549149,FALSE,FALSE
2000-06-17,King_Haakon,4.31762039,0.3099918887437356,0.3099918887437356,0.5877526775549149,FALSE,FALSE
2000-06-18,King_Haakon,4.353934618,0.32807590521598495,0.32807590521598495,0.5877526775549149,FALSE,FALSE
2000-06-19,King_Haakon,4.377467134,0.3336400030054545,0.3336400030054545,0.5877526775549149,FALSE,FALSE
2000-06-20,King_Haakon,4.39940788,0.3378908245012493,0.3378908245012493,0.5877526775549149,FALSE,FALSE
2000-06-21,King_Haakon,4.412102236,0.3331904500924807,0.3331904500924807,0.5877526775549149,FALSE,FALSE
2000-06-22,King_Haakon,4.41903271,0.32303808816825796,0.32303808816825796,0.5877526775549149,FALSE,FALSE
2000-06-23,King_Haakon,4.41490052,0.3021516571176939,0.3021516571176939,0.5877526775549149,FALSE,FALSE
2000-06-24,King_Haakon,4.412544898,0.28338708932989576,0.28338708932989576,0.5877526775549149,FALSE,FALSE
2000-06-25,King_Haakon,4.431760388,0.28655562919397326,0.28655562919397326,0.5877526775549149,FALSE,FALSE
2000-06-26,King_Haakon,4.442751477,0.281874126661779,0.281874126661779,0.5877526775549149,FALSE,FALSE
2000-06-27,King_Haakon,4.465098123,0.28890212681754424,0.28890212681754424,0.5877526775549149,FALSE,FALSE
2000-06-28,King_Haakon,4.51025426,0.31905817416321103,0.31905817416321103,0.5877526775549149,FALSE,FALSE
2000-06-29,King_Haakon,4.499641085,0.29372799919846937,0.29372799919846937,0.5877526775549149,FALSE,FALSE
2000-06-30,King_Haakon,4.507739902,0.28735743942301006,0.28735743942301006,0.5877526775549149,FALSE,FALSE
2000-07-01,King_Haakon,4.522450399,0.28781071633652733,0.28781071633652733,0.5877526775549149,FALSE,FALSE
2000-07-02,King_Haakon,4.489607164,0.24088695143870353,0.24088695143870353,0.5877526775549149,FALSE,FALSE
2000-07-03,King_Haakon,4.482988689,0.22032917022923384,0.22032917022923384,0.5877526775549149,FALSE,FALSE
2000-07-04,King_Haakon,4.504694594,0.22820152620780831,0.22820152620780831,0.5877526775549149,FALSE,FALSE
2000-07-05,King_Haakon,4.525009875,0.2347535488741146,0.2347535488741146,0.5877526775549149,FALSE,FALSE
2000-07-06,King_Haakon,4.623768171,0.31978341072784744,0.31978341072784744,0.5877526775549149,FALSE,FALSE
2000-07-07,King_Haakon,4.66727873,0.349564893268691,0.349564893268691,0.5877526775549149,FALSE,FALSE
2000-07-08,King_Haakon,4.72030992,0.38883098919982295,0.38883098919982295,0.5877526775549149,FALSE,FALSE
2000-07-09,King_Haakon,4.753060375,0.4077626958793923,0.4077626958793923,0.5877526775549149,FALSE,FALSE
2000-07-10,King_Haakon,4.788669351,0.429520453258708,0.429520453258708,0.5877526775549149,FALSE,FALSE
2000-07-11,King_Haakon,4.844662758,0.4716564926629818,0.4716564926629818,0.5877526775549149,FALSE,FALSE
2000-07-12,King_Haakon,4.887863913,0.5010204524174187,0.5010204524174187,0.5877526775549149,FALSE,FALSE
2000-07-13,King_Haakon,4.918380981,0.5177468188472387,0.5177468188472387,0.5877526775549149,FALSE,FALSE
2000-07-14,King_Haakon,4.913240692,0.498888643277648,0.498888643277648,0.5877526775549149,FALSE,FALSE
2000-07-15,King_Haakon,4.951545014,0.5235742150338609,0.5235742150338609,0.5877526775549149,FALSE,FALSE
2000-07-16,King_Haakon,5.059851148,0.6183870564410903,0.6183870564410903,0.5877526775549149,TRUE,TRUE
2000-07-17,King_Haakon,5.142925488,0.6881198828245418,0.6881198828245418,0.5877526775549149,TRUE,TRUE
2000-07-18,King_Haakon,5.181614894,0.7136458755094326,0.7136458755094326,0.5877526775549149,TRUE,TRUE
2000-07-19,King_Haakon,5.206801623,0.7258736128209726,0.7258736128209726,0.5877526775549149,TRUE,TRUE
2000-07-20,King_Haakon,5.192461127,0.6988048680843724,0.6988048680843724,0.5877526775549149,TRUE,TRUE
2000-07-21,King_Haakon,5.1402387450000004,0.634110299915581,0.634110299915581,0.5877526775549149,TRUE,TRUE
2000-07-22,King_Haakon,5.138468498,0.6201354230410852,0.6201354230410852,0.5877526775549149,TRUE,TRUE
2000-07-23,King_Haakon,5.123324225,0.5930554919478617,0.5930554919478617,0.5877526775549149,TRUE,TRUE
2000-07-24,King_Haakon,5.106782721,0.5648484885091989,0.5648484885091989,0.5877526775549149,FALSE,FALSE
2000-07-25,King_Haakon,5.140451671,0.5871232845983787,0.5871232845983787,0.5877526775549149,FALSE,FALSE
2000-07-26,King_Haakon,5.152553421,0.5881034130886915,0.5881034130886915,0.5877526775549149,TRUE,FALSE
2000-07-27,King_Haakon,5.173846465,0.5985485548534228,0.5985485548534228,0.5877526775549149,TRUE,FALSE
2000-07-28,King_Haakon,5.168953068,0.5830821617658577,0.5830821617658577,0.5877526775549149,FALSE,FALSE
2000-07-29,King_Haakon,5.161347061,0.565179251699286,0.565179251699286,0.5877526775549149,FALSE,FALSE
2000-07-30,King_Haakon,5.135671544,0.5294841115269895,0.5294841115269895,0.5877526775549149,FALSE,FALSE
2000-07-31,King_Haakon,5.119753442,0.5038248531222598,0.5038248531222598,0.5877526775549149,FALSE,FALSE
2000-08-01,King_Haakon,5.146215327,0.5208252353583802,0.5208252353583802,0.5877526775549149,FALSE,FALSE
2000-08-02,King_Haakon,5.174491243,0.5399204892823359,0.5399204892823359,0.5877526775549149,FALSE,FALSE
2000-08-03,King_Haakon,5.196677308,0.5532126090989493,0.5532126090989493,0.5877526775549149,FALSE,FALSE
2000-08-04,King_Haakon,5.216983975,0.5649348396166856,0.5649348396166856,0.5877526775549149,FALSE,FALSE
2000-08-05,King_Haakon,5.202717676,0.542420217667896,0.542420217667896,0.5877526775549149,FALSE,FALSE
2000-08-06,King_Haakon,5.205194625,0.5370115620849312,0.5370115620849312,0.5877526775549149,FALSE,FALSE
2000-08-07,King_Haakon,5.212180534,0.5365011897001448,0.5365011897001448,0.5877526775549149,FALSE,FALSE
2000-08-08,King_Haakon,5.238407294,0.5556475963458878,0.5556475963458878,0.5877526775549149,FALSE,FALSE
2000-08-09,King_Haakon,5.275825893,0.5864283748545107,0.5864283748545107,0.5877526775549149,FALSE,FALSE
2000-08-10,King_Haakon,5.317891335,0.62232513405836265,0.62232513405836265,0.5877526775549149,TRUE,FALSE
2000-08-11,King_Haakon,5.297303528,0.5960643867897986,0.5960643867897986,0.5877526775549149,TRUE,FALSE
2000-08-12,King_Haakon,5.279442174,0.5730524398811694,0.5730524398811694,0.5877526775549149,FALSE,FALSE
2000-08-13,King_Haakon,5.245706822,0.5347154471648272,0.5347154471648272,0.5877526775549149,FALSE,FALSE
2000-08-14,King_Haakon,5.216104307,0.5010868484731246,0.5010868484731246,0.5877526775549149,FALSE,FALSE
2000-08-15,King_Haakon,5.231020713,0.5125773959740423,0.5125773959740423,0.5877526775549149,FALSE,FALSE
2000-08-16,King_Haakon,5.213524357,0.4922225126221287,0.4922225126221287,0.5877526775549149,FALSE,FALSE
2000-08-17,King_Haakon,5.173030256,0.44933843687888153,0.44933843687888153,0.5877526775549149,FALSE,FALSE
2000-08-18,King_Haakon,5.128914448,0.4031988175652827,0.4031988175652827,0.5877526775549149,FALSE,FALSE
2000-08-19,King_Haakon,5.101712993,0.37423732550230415,0.37423732550230415,0.5877526775549149,FALSE,FALSE
2000-08-20,King_Haakon,5.109836123,0.38076180351093303,0.38076180351093303,0.5877526775549149,FALSE,FALSE
2000-08-21,King_Haakon,5.109336297,0.37872232141213846,0.37872232141213846,0.5877526775549149,FALSE,FALSE
2000-08-22,King_Haakon,5.138567303,0.4063702780269045,0.4063702780269045,0.5877526775549149,FALSE,FALSE
2000-08-23,King_Haakon,5.218723397,0.48479754017620547,0.48479754017620547,0.5877526775549149,FALSE,FALSE
2000-08-24,King_Haakon,5.258658195,0.5227553346810208,0.5227553346810208,0.5877526775549149,FALSE,FALSE
2000-08-25,King_Haakon,5.324475701,0.5862452763623267,0.5862452763623267,0.5877526775549149,FALSE,FALSE
2000-08-26,King_Haakon,5.367062619,0.6260516800411029,0.6260516800411029,0.5877526775549149,TRUE,TRUE
2000-08-27,King_Haakon,5.402683246,0.658336453538328,0.658336453538328,0.5877526775549149,TRUE,TRUE
2000-08-28,King_Haakon,5.422077067,0.6737580524873552,0.6737580524873552,0.5877526775549149,TRUE,TRUE
2000-08-29,King_Haakon,5.463515072,0.7106362559677857,0.7106362559677857,0.5877526775549149,TRUE,TRUE
2000-08-30,King_Haakon,5.472573219,0.7146445879850098,0.7146445879850098,0.5877526775549149,TRUE,TRUE
2000-08-31,King_Haakon,5.484579202,0.7212083960342044,0.7212083960342044,0.5877526775549149,TRUE,TRUE
2000-09-01,King_Haakon,5.510832878,0.7417251906105484,0.7417251906105484,0.5877526775549149,TRUE,TRUE
2000-09-02,King_Haakon,5.518525906,0.7434842842092229,0.7434842842092229,0.5877526775549149,TRUE,TRUE
2000-09-03,King_Haakon,5.550459157,0.7693842013254075,0.7693842013254075,0.5877526775549149,TRUE,TRUE
2000-09-04,King_Haakon,5.587140497,0.800030461454285,0.800030461454285,0.5877526775549149,TRUE,TRUE
2000-09-05,King_Haakon,5.564549629,0.7715004210910275,0.7715004210910275,0.5877526775549149,TRUE,TRUE
2000-09-06,King_Haakon,5.547615163,0.7488203437308236,0.7488203437308236,0.5877526775549149,TRUE,TRUE
2000-09-07,King_Haakon,5.535617395,0.7313681788688466,0.7313681788688466,0.5877526775549149,TRUE,TRUE
2000-09-08,King_Haakon,5.483167149,0.6738524040002742,0.6738524040002742,0.5877526775549149,TRUE,TRUE
2000-09-09,King_Haakon,5.447870936,0.6339767496310627,0.6339767496310627,0.5877526775549149,TRUE,TRUE
2000-09-10,King_Haakon,5.439379467,0.6214479469575442,0.6214479469575442,0.5877526775549149,TRUE,TRUE
2000-09-11,King_Haakon,5.407285688,0.5858404075730927,0.5858404075730927,0.5877526775549149,FALSE,FALSE
2000-09-12,King_Haakon,5.396468048,0.5720061961213663,0.5720061961213663,0.5877526775549149,FALSE,FALSE
2000-09-13,King_Haakon,5.434401798,0.6073941792460236,0.6073941792460236,0.5877526775549149,TRUE,FALSE
2000-09-14,King_Haakon,5.45657494,0.6274659745907147,0.6274659745907147,0.5877526775549149,TRUE,FALSE
2000-09-15,King_Haakon,5.438494763,0.6077024867990941,0.6077024867990941,0.5877526775549149,TRUE,FALSE
2000-09-16,King_Haakon,5.418240082,0.5861561465148233,0.5861561465148233,0.5877526775549149,FALSE,FALSE
2000-09-17,King_Haakon,5.380254613,0.5472442853815496,0.5472442853815496,0.5877526775549149,FALSE,FALSE
2000-09-18,King_Haakon,5.310137363,0.4765395260429317,0.4765395260429317,0.5877526775549149,FALSE,FALSE
2000-09-19,King_Haakon,5.254750624,0.4208777761426221,0.4208777761426221,0.5877526775549149,FALSE,FALSE
2000-09-20,King_Haakon,5.210226519,0.3763647743242808,0.3763647743242808,0.5877526775549149,FALSE,FALSE
2000-09-21,King_Haakon,5.233029932,0.39943902023155786,0.39943902023155786,0.5877526775549149,FALSE,FALSE
2000-09-22,King_Haakon,5.235052008,0.4019650703230129,0.4019650703230129,0.5877526775549149,FALSE,FALSE
2000-09-23,King_Haakon,5.24311529,0.410736693026025,0.410736693026025,0.5877526775549149,FALSE,FALSE
2000-09-24,King_Haakon,5.247054004,0.4155580136878507,0.4155580136878507,0.5877526775549149,FALSE,FALSE
2000-09-25,King_Haakon,5.240371248,0.4099020110493967,0.4099020110493967,0.5877526775549149,FALSE,FALSE
2000-09-26,King_Haakon,5.234233397,0.4049049408515488,0.4049049408515488,0.5877526775549149,FALSE,FALSE
2000-09-27,King_Haakon,5.23971206,0.4116082928352087,0.4116082928352087,0.5877526775549149,FALSE,FALSE
2000-09-28,King_Haakon,5.219008453,0.39218316374126694,0.39218316374126694,0.5877526775549149,FALSE,FALSE
2000-09-29,King_Haakon,5.238210458,0.4126873163106213,0.4126873163106213,0.5877526775549149,FALSE,FALSE
2000-09-30,King_Haakon,5.258423343,0.4341958992841662,0.4341958992841662,0.5877526775549149,FALSE,FALSE
2000-10-01,King_Haakon,5.263035091,0.4400667764027988,0.4400667764027988,0.5877526775549149,FALSE,FALSE
2000-10-02,King_Haakon,5.2374419,0.4156660264074112,0.4156660264074112,0.5877526775549149,FALSE,FALSE
2000-10-03,King_Haakon,5.213985987,0.3933057470389016,0.3933057470389016,0.5877526775549149,FALSE,FALSE
2000-10-04,King_Haakon,5.158021839,0.3383103243219985,0.3383103243219985,0.5877526775549149,FALSE,FALSE
2000-10-05,King_Haakon,5.130330867,0.3114531849469344,0.3114531849469344,0.5877526775549149,FALSE,FALSE
2000-10-06,King_Haakon,5.122375116,0.30425344686579514,0.30425344686579514,0.5877526775549149,FALSE,FALSE
2000-10-07,King_Haakon,5.110564156,0.2931896551284261,0.2931896551284261,0.5877526775549149,FALSE,FALSE
2000-10-08,King_Haakon,5.119361508,0.30279430578467537,0.30279430578467537,0.5877526775549149,FALSE,FALSE
2000-10-09,King_Haakon,5.103519399,0.2878886008843944,0.2878886008843944,0.5877526775549149,FALSE,FALSE
2000-10-10,King_Haakon,5.072621434,0.2581251204774233,0.2581251204774233,0.5877526775549149,FALSE,FALSE
2000-10-11,King_Haakon,5.027686776,0.2145920026136121,0.2145920026136121,0.5877526775549149,FALSE,FALSE
2000-10-12,King_Haakon,5.004562107,0.19320490434280924,0.19320490434280924,0.5877526775549149,FALSE,FALSE
2000-10-13,King_Haakon,5.004924809,0.19571018271486196,0.19571018271486196,0.5877526775549149,FALSE,FALSE
2000-10-14,King_Haakon,5.054323687,0.24772561777961677,0.24772561777961677,0.5877526775549149,FALSE,FALSE
2000-10-15,King_Haakon,5.039706654,0.2362680975869189,0.2362680975869189,0.5877526775549149,FALSE,FALSE
2000-10-16,King_Haakon,5.006041591,0.20637447818661855,0.20637447818661855,0.5877526775549149,FALSE,FALSE
2000-10-17,King_Haakon,4.996631455,0.20141395657884065,0.20141395657884065,0.5877526775549149,FALSE,FALSE
2000-10-18,King_Haakon,4.939504254,0.1494226891179533,0.1494226891179533,0.5877526775549149,FALSE,FALSE
2000-10-19,King_Haakon,4.900993061,0.1166863606568178,0.1166863606568178,0.5877526775549149,FALSE,FALSE
2000-10-20,King_Haakon,4.872576212,0.09463369535156474,0.09463369535156474,0.5877526775549149,FALSE,FALSE
2000-10-21,King_Haakon,4.83375565,0.06271702435832616,0.06271702435832616,0.5877526775549149,FALSE,FALSE
2000-10-22,King_Haakon,4.797314263,0.0336696238332328,0.0336696238332328,0.5877526775549149,FALSE,FALSE
2000-10-23,King_Haakon,4.802130034,0.04631986493241946,0.04631986493241946,0.5877526775549149,FALSE,FALSE
2000-10-24,King_Haakon,4.815609759,0.06802493181202074,0.06802493181202074,0.5877526775549149,FALSE,FALSE
2000-10-25,King_Haakon,4.830330737,0.0913125116281659,0.0913125116281659,0.5877526775549149,FALSE,FALSE
2000-10-26,King_Haakon,4.836836432,0.1066764565369871,0.1066764565369871,0.5877526775549149,FALSE,FALSE
2000-10-27,King_Haakon,4.837187548,0.1161278586946164,0.1161278586946164,0.5877526775549149,FALSE,FALSE
2000-10-28,King_Haakon,4.812327419,0.10056044025718423,0.10056044025718423,0.5877526775549149,FALSE,FALSE
2000-10-29,King_Haakon,4.771957135,0.06962567938083009,0.06962567938083009,0.5877526775549149,FALSE,FALSE
2000-10-30,King_Haakon,4.76250631,0.06971773929509162,0.06971773929509162,0.5877526775549149,FALSE,FALSE
2000-10-31,King_Haakon,4.780583461,0.09747939010779928,0.09747939010779928,0.5877526775549149,FALSE,FALSE
2000-11-01,King_Haakon,4.832208367,0.1589860742495821,0.1589860742495821,0.5877526775549149,FALSE,FALSE
2000-11-02,King_Haakon,4.851108248,0.18802068090672996,0.18802068090672996,0.5877526775549149,FALSE,FALSE
2000-11-03,King_Haakon,4.865217771,0.2125735462655216,0.2125735462655216,0.5877526775549149,FALSE,FALSE
2000-11-04,King_Haakon,4.884322616,0.24248601951224824,0.24248601951224824,0.5877526775549149,FALSE,FALSE
2000-11-05,King_Haakon,4.86325301,0.2326439968331897,0.2326439968331897,0.5877526775549149,FALSE,FALSE
2000-11-06,King_Haakon,4.855131222,0.2362254164146345,0.2362254164146345,0.5877526775549149,FALSE,FALSE
2000-11-07,King_Haakon,4.837519014,0.2308477094428687,0.2308477094428687,0.5877526775549149,FALSE,FALSE
2000-11-08,King_Haakon,4.817928051,0.22407821010417803,0.22407821010417803,0.5877526775549149,FALSE,FALSE
2000-11-09,King_Haakon,4.821427275,0.24104152958484537,0.24104152958484537,0.5877526775549149,FALSE,FALSE
2000-11-10,King_Haakon,4.816539452,0.2503161030711558,0.2503161030711558,0.5877526775549149,FALSE,FALSE
2000-11-11,King_Haakon,4.800567859,0.24926117783443225,0.24926117783443225,0.5877526775549149,FALSE,FALSE
2000-11-12,King_Haakon,4.781401618,0.2458385018690663,0.2458385018690663,0.5877526775549149,FALSE,FALSE
2000-11-13,King_Haakon,4.776687035,0.2577920441966377,0.2577920441966377,0.5877526775549149,FALSE,FALSE
2000-11-14,King_Haakon,4.752326647,0.251124069980996,0.251124069980996,0.5877526775549149,FALSE,FALSE
2000-11-15,King_Haakon,4.715135595,0.23274944838598355,0.23274944838598355,0.5877526775549149,FALSE,FALSE
2000-11-16,King_Haakon,4.691609132,0.22926316057544405,0.22926316057544405,0.5877526775549149,FALSE,FALSE
2000-11-17,King_Haakon,4.672642078,0.2316597547132222,0.2316597547132222,0.5877526775549149,FALSE,FALSE
2000-11-18,King_Haakon,4.6478598270000004,0.22966435296316143,0.22966435296316143,0.5877526775549149,FALSE,FALSE
2000-11-19,King_Haakon,4.606803636,0.2129179404891044,0.2129179404891044,0.5877526775549149,FALSE,FALSE
2000-11-20,King_Haakon,4.562382526,0.1944292664548977,0.1944292664548977,0.5877526775549149,FALSE,FALSE
2000-11-21,King_Haakon,4.501762301,0.16146386302438298,0.16146386302438298,0.5877526775549149,FALSE,FALSE
2000-11-22,King_Haakon,4.449479433,0.1386579303614086,0.1386579303614086,0.5877526775549149,FALSE,FALSE
2000-11-23,King_Haakon,4.404478438,0.12505571262981263,0.12505571262981263,0.5877526775549149,FALSE,FALSE
2000-11-24,King_Haakon,4.36307411,0.11705438434810488,0.11705438434810488,0.5877526775549149,FALSE,FALSE
2000-11-25,King_Haakon,4.301827961,0.09115111455701452,0.09115111455701452,0.5877526775549149,FALSE,FALSE
2000-11-26,King_Haakon,4.24202774,0.06849553292880461,0.06849553292880461,0.5877526775549149,FALSE,FALSE
2000-11-27,King_Haakon,4.178681668,0.04395718232259149,0.04395718232259149,0.5877526775549149,FALSE,FALSE
2000-11-28,King_Haakon,4.143843622,0.04945126159749602,0.04945126159749602,0.5877526775549149,FALSE,FALSE
2000-11-29,King_Haakon,4.101754873,0.04908036361263868,0.04908036361263868,0.5877526775549149,FALSE,FALSE
2000-11-30,King_Haakon,4.094869564,0.08515995322713366,0.08515995322713366,0.5877526775549149,FALSE,FALSE
2000-12-01,King_Haakon,4.037354748,0.07171840530010609,0.07171840530010609,0.5877526775549149,FALSE,FALSE
2000-12-02,King_Haakon,3.883358534,-0.03723484930932841,0.03723484930932841,0.5877526775549149,FALSE,FALSE
2000-12-03,King_Haakon,3.888285647,0.01356623625794828,0.01356623625794828,0.5877526775549149,FALSE,FALSE
2000-12-04,King_Haakon,3.83503801,0.0068849068610568,0.0068849068610568,0.5877526775549149,FALSE,FALSE
2000-12-05,King_Haakon,3.782213831,0.00118069235911555,0.00118069235911555,0.5877526775549149,FALSE,FALSE
2000-12-06,King_Haakon,3.725316662,-0.00818137223871806,0.00818137223871806,0.5877526775549149,FALSE,FALSE
2000-12-07,King_Haakon,3.688616952,0.00298067120509104,0.00298067120509104,0.5877526775549149,FALSE,FALSE
2000-12-08,King_Haakon,3.657199262,0.01978353748120431,0.01978353748120431,0.5877526775549149,FALSE,FALSE
2000-12-09,King_Haakon,3.605431891,0.0166455012852138,0.0166455012852138,0.5877526775549149,FALSE,FALSE
2000-12-10,King_Haakon,3.557344578,0.0176462773127044,0.0176462773127044,0.5877526775549149,FALSE,FALSE
2000-12-11,King_Haakon,3.491811138,0.00170965625926466,0.00170965625926466,0.5877526775549149,FALSE,FALSE
2000-12-12,King_Haakon,3.463147542,0.02320158482048295,0.02320158482048295,0.5877526775549149,FALSE,FALSE
2000-12-13,King_Haakon,3.388485933,-6.958183080536529e-4,6.958183080536529e-4,0.5877526775549149,FALSE,FALSE
2000-12-14,King_Haakon,3.314300464,-0.02345842443075652,0.02345842443075652,0.5877526775549149,FALSE,FALSE
2000-12-15,King_Haakon,3.243151606,-0.04247578685203734,0.04247578685203734,0.5877526775549149,FALSE,FALSE
2000-12-16,King_Haakon,3.153124609,-0.07961267987630904,0.07961267987630904,0.5877526775549149,FALSE,FALSE
2000-12-17,King_Haakon,3.067116093,-0.1119225078079813,0.1119225078079813,0.5877526775549149,FALSE,FALSE
2000-12-18,King_Haakon,3.014980851,-0.10950050195146944,0.10950050195146944,0.5877526775549149,FALSE,FALSE
2000-12-19,King_Haakon,2.944561367,-0.12445859764605284,0.12445859764605284,0.5877526775549149,FALSE,FALSE
2000-12-20,King_Haakon,2.884106471,-0.12857187820395133,0.12857187820395133,0.5877526775549149,FALSE,FALSE
2000-12-21,King_Haakon,2.836731096,-0.11880479548579226,0.11880479548579226,0.5877526775549149,FALSE,FALSE
2000-12-22,King_Haakon,2.78436188,-0.11331164217355516,0.11331164217355516,0.5877526775549149,FALSE,FALSE
2000-12-23,King_Haakon,2.758453217,-0.08071895494921888,0.08071895494921888,0.5877526775549149,FALSE,FALSE
2000-12-24,King_Haakon,2.682149896,-0.09796287549475348,0.09796287549475348,0.5877526775549149,FALSE,FALSE
2000-12-25,King_Haakon,2.634158563,-0.0864176884921366,0.0864176884921366,0.5877526775549149,FALSE,FALSE
2000-12-26,King_Haakon,2.581197536,-0.079446006623348,0.079446006623348,0.5877526775549149,FALSE,FALSE
2000-12-27,King_Haakon,2.547597725,-0.05279785057036523,0.05279785057036523,0.5877526775549149,FALSE,FALSE
2000-12-28,King_Haakon,2.501535274,-0.03837800701515626,0.03837800701515626,0.5877526775549149,FALSE,FALSE
2000-12-29,King_Haakon,2.431303302,-0.04797428763970624,0.04797428763970624,0.5877526775549149,FALSE,FALSE
2000-12-30,King_Haakon,2.37224054,-0.04632889212598368,0.04632889212598368,0.5877526775549149,FALSE,FALSE
2000-12-31,King_Haakon,2.323155912,-0.03471382715597215,0.03471382715597215,0.5877526775549149,FALSE,FALSE
2001-01-01,King_Haakon,2.250012953,-0.10785678615597316,0.10785678615597316,0.5877526775549149,FALSE,FALSE
2001-01-02,King_Haakon,2.161969989,-0.1352924503819155,0.1352924503819155,0.5877526775549149,FALSE,FALSE
2001-01-03,King_Haakon,2.094740071,-0.1421033823371558,0.1421033823371558,0.5877526775549149,FALSE,FALSE
2001-01-04,King_Haakon,2.040371819,-0.13633988052530066,0.13633988052530066,0.5877526775549149,FALSE,FALSE
2001-01-05,King_Haakon,2.006077581,-0.11088851544996592,0.11088851544996592,0.5877526775549149,FALSE,FALSE
2001-01-06,King_Haakon,1.967838054,-0.08986750861475468,0.08986750861475468,0.5877526775549149,FALSE,FALSE
2001-01-07,King_Haakon,1.959138322,-0.03989069452328397,0.03989069452328397,0.5877526775549149,FALSE,FALSE
2001-01-08,King_Haakon,1.916321343,-0.02471403367916669,0.02471403367916669,0.5877526775549149,FALSE,FALSE
2001-01-09,King_Haakon,1.87642381,-0.00739975158600758,0.00739975158600758,0.5877526775549149,FALSE,FALSE
2001-01-10,King_Haakon,1.823326347,-0.0041661427474231,0.0041661427474231,0.5877526775549149,FALSE,FALSE
2001-01-11,King_Haakon,1.775985103,0.00384402333297773,0.00384402333297773,0.5877526775549149,FALSE,FALSE
2001-01-12,King_Haakon,1.733501581,0.01563333115158505,0.01563333115158505,0.5877526775549149,FALSE,FALSE
2001-01-13,King_Haakon,1.707680243,0.04290732420478505,0.04290732420478505,0.5877526775549149,FALSE,FALSE
2001-01-14,King_Haakon,1.679295668,0.06634243309789811,0.06634243309789811,0.5877526775549149,FALSE,FALSE
2001-01-15,King_Haakon,1.653690515,0.09121080367041644,0.09121080367041644,0.5877526775549149,FALSE,FALSE
2001-01-16,King_Haakon,1.599485523,0.0860972827931552,0.0860972827931552,0.5877526775549149,FALSE,FALSE
2001-01-17,King_Haakon,1.586893947,0.1211814228885386,0.1211814228885386,0.5877526775549149,FALSE,FALSE
2001-01-18,King_Haakon,1.564254412,0.1447681463789885,0.1447681463789885,0.5877526775549149,FALSE,FALSE
2001-01-19,King_Haakon,1.567781573,0.1930384056869261,0.1930384056869261,0.5877526775549149,FALSE,FALSE
2001-01-20,King_Haakon,1.55489859,0.2233816582347747,0.2233816582347747,0.5877526775549149,FALSE,FALSE
2001-01-21,King_Haakon,1.525051465,0.2352102034449559,0.2352102034449559,0.5877526775549149,FALSE,FALSE
2001-01-22,King_Haakon,1.506211719,0.25646185973989266,0.25646185973989266,0.5877526775549149,FALSE,FALSE
2001-01-23,King_Haakon,1.487304208,0.2760277805420073,0.2760277805420073,0.5877526775549149,FALSE,FALSE
2001-01-24,King_Haakon,1.464650159,0.2901954902737196,0.2901954902737196,0.5877526775549149,FALSE,FALSE
2001-01-25,King_Haakon,1.461023773,0.32170548735745386,0.32170548735745386,0.5877526775549149,FALSE,FALSE
2001-01-26,King_Haakon,1.450283557,0.34438257621563295,0.34438257621563295,0.5877526775549149,FALSE,FALSE
2001-01-27,King_Haakon,1.426413982,0.3521863243502168,0.3521863243502168,0.5877526775549149,FALSE,FALSE
2001-01-28,King_Haakon,1.410162841,0.3658991862705765,0.3658991862705765,0.5877526775549149,FALSE,FALSE
2001-01-29,King_Haakon,1.388780732,0.3728311205227173,0.3728311205227173,0.5877526775549149,FALSE,FALSE
2001-01-30,King_Haakon,1.371960676,0.38273458821608086,0.38273458821608086,0.5877526775549149,FALSE,FALSE
2001-01-31,King_Haakon,1.346341207,0.3823075634601081,0.3823075634601081,0.5877526775549149,FALSE,FALSE
2001-02-01,King_Haakon,1.323765324,0.3834524853642424,0.3834524853642424,0.5877526775549149,FALSE,FALSE
2001-02-02,King_Haakon,1.294136059,0.3761318260379243,0.3761318260379243,0.5877526775549149,FALSE,FALSE
2001-02-03,King_Haakon,1.294220973,0.3971725865905964,0.3971725865905964,0.5877526775549149,FALSE,FALSE
2001-02-04,King_Haakon,1.300043045,0.4226571861316999,0.4226571861316999,0.5877526775549149,FALSE,FALSE
2001-02-05,King_Haakon,1.278656655,0.4196994447706762,0.4196994447706762,0.5877526775549149,FALSE,FALSE
2001-02-06,King_Haakon,1.26168389,0.41998088961696944,0.41998088961696944,0.5877526775549149,FALSE,FALSE
2001-02-07,King_Haakon,1.246015056,0.4204512667800187,0.4204512667800187,0.5877526775549149,FALSE,FALSE
2001-02-08,King_Haakon,1.25256297,0.4420824419544743,0.4420824419544743,0.5877526775549149,FALSE,FALSE
2001-02-09,King_Haakon,1.267566672,0.4711208279531835,0.4711208279531835,0.5877526775549149,FALSE,FALSE
2001-02-10,King_Haakon,1.261231357,0.4776762216712457,0.4776762216712457,0.5877526775549149,FALSE,FALSE
2001-02-11,King_Haakon,1.25812425,0.48620829902793505,0.48620829902793505,0.5877526775549149,FALSE,FALSE
2001-02-12,King_Haakon,1.279460498,0.51782465794252,0.51782465794252,0.5877526775549149,FALSE,FALSE
2001-02-13,King_Haakon,1.294602498,0.5417801463342717,0.5417801463342717,0.5877526775549149,FALSE,FALSE
2001-02-14,King_Haakon,1.301422611,0.5558395761224645,0.5558395761224645,0.5877526775549149,FALSE,FALSE
2001-02-15,King_Haakon,1.332183316,0.5921578772263673,0.5921578772263673,0.5877526775549149,TRUE,TRUE
2001-02-16,King_Haakon,1.371470878,0.6352137655652527,0.6352137655652527,0.5877526775549149,TRUE,TRUE
2001-02-17,King_Haakon,1.357793212,0.6234076070583912,0.6234076070583912,0.5877526775549149,TRUE,TRUE
2001-02-18,King_Haakon,1.340058924,0.6055404586250543,0.6055404586250543,0.5877526775549149,TRUE,TRUE
2001-02-19,King_Haakon,1.337820835,0.6010575921845145,0.6010575921845145,0.5877526775549149,TRUE,TRUE
2001-02-20,King_Haakon,1.359637195,0.6184097086560415,0.6184097086560415,0.5877526775549149,TRUE,TRUE
2001-02-21,King_Haakon,1.384590811,0.6365824938441774,0.6365824938441774,0.5877526775549149,TRUE,TRUE
2001-02-22,King_Haakon,1.372124405,0.6150479724093175,0.6150479724093175,0.5877526775549149,TRUE,TRUE
2001-02-23,King_Haakon,1.376582622,0.6082641946777202,0.6082641946777202,0.5877526775549149,TRUE,TRUE
2001-02-24,King_Haakon,1.367256624,0.5856372482971608,0.5856372482971608,0.5877526775549149,FALSE,FALSE
2001-02-25,King_Haakon,1.381802249,0.5849378969154104,0.5849378969154104,0.5877526775549149,FALSE,FALSE
2001-02-26,King_Haakon,1.400062904,0.5861244731802424,0.5861244731802424,0.5877526775549149,FALSE,FALSE
2001-02-27,King_Haakon,1.413946601,0.581219914739429,0.581219914739429,0.5877526775549149,FALSE,FALSE
2001-02-28,King_Haakon,1.457225822,0.604111629240743,0.604111629240743,0.5877526775549149,TRUE,TRUE
2001-03-01,King_Haakon,1.481313519,0.606327494331958,0.606327494331958,0.5877526775549149,TRUE,TRUE
2001-03-02,King_Haakon,1.524386672,0.6261594156608455,0.6261594156608455,0.5877526775549149,TRUE,TRUE
2001-03-03,King_Haakon,1.577118929,0.6543959668751801,0.6543959668751801,0.5877526775549149,TRUE,TRUE
2001-03-04,King_Haakon,1.595870166,0.6475119496227332,0.6475119496227332,0.5877526775549149,TRUE,TRUE
2001-03-05,King_Haakon,1.611613888,0.6365957905688366,0.6365957905688366,0.5877526775549149,TRUE,TRUE
2001-03-06,King_Haakon,1.646218555,0.6436160571977518,0.6436160571977518,0.5877526775549149,TRUE,TRUE
2001-03-07,King_Haakon,1.670995234,0.6399356946473509,0.6399356946473509,0.5877526775549149,TRUE,TRUE
2001-03-08,King_Haakon,1.68438325,0.6240361077583212,0.6240361077583212,0.5877526775549149,TRUE,TRUE
2001-03-09,King_Haakon,1.703886581,0.6134633543713455,0.6134633543713455,0.5877526775549149,TRUE,TRUE
2001-03-10,King_Haakon,1.713947703,0.5927019903271089,0.5927019903271089,0.5877526775549149,TRUE,TRUE
2001-03-11,King_Haakon,1.738435875,0.5856633544662979,0.5856633544662979,0.5877526775549149,FALSE,FALSE
2001-03-12,King_Haakon,1.780931484,0.5959699136295973,0.5959699136295973,0.5877526775549149,TRUE,FALSE
2001-03-13,King_Haakon,1.804677531,0.586906748657692,0.586906748657692,0.5877526775549149,FALSE,FALSE
2001-03-14,King_Haakon,1.822854527,0.5716964503912658,0.5716964503912658,0.5877526775549149,FALSE,FALSE
2001-03-15,King_Haakon,1.844116361,0.559034987671005,0.559034987671005,0.5877526775549149,FALSE,FALSE
2001-03-16,King_Haakon,1.858513797,0.5390152043375935,0.5390152043375935,0.5877526775549149,FALSE,FALSE
2001-03-17,King_Haakon,1.887866389,0.5334987342317179,0.5334987342317179,0.5877526775549149,FALSE,FALSE
2001-03-18,King_Haakon,1.909761136,0.5201148081071678,0.5201148081071678,0.5877526775549149,FALSE,FALSE
2001-03-19,King_Haakon,1.938509247,0.5132206607253846,0.5132206607253846,0.5877526775549149,FALSE,FALSE
2001-03-20,King_Haakon,1.960327329,0.4990828934115954,0.4990828934115954,0.5877526775549149,FALSE,FALSE
2001-03-21,King_Haakon,1.957192024,0.45972832933749896,0.45972832933749896,0.5877526775549149,FALSE,FALSE
2001-03-22,King_Haakon,1.951535707,0.4176395246747977,0.4176395246747977,0.5877526775549149,FALSE,FALSE
2001-03-23,King_Haakon,1.993851408,0.4233596905951942,0.4233596905951942,0.5877526775549149,FALSE,FALSE
2001-03-24,King_Haakon,2.023623202,0.4164230832703863,0.4164230832703863,0.5877526775549149,FALSE,FALSE
2001-03-25,King_Haakon,2.058291805,0.41432059987207914,0.41432059987207914,0.5877526775549149,FALSE,FALSE
2001-03-26,King_Haakon,2.104865555,0.42411075957196864,0.42411075957196864,0.5877526775549149,FALSE,FALSE
2001-03-27,King_Haakon,2.117961829,0.4004611205417592,0.4004611205417592,0.5877526775549149,FALSE,FALSE
2001-03-28,King_Haakon,2.136656377,0.38249761395314974,0.38249761395314974,0.5877526775549149,FALSE,FALSE
2001-03-29,King_Haakon,2.160457401,0.36977862297784414,0.36977862297784414,0.5877526775549149,FALSE,FALSE
2001-03-30,King_Haakon,2.166006124,0.3389955517875416,0.3389955517875416,0.5877526775549149,FALSE,FALSE
2001-03-31,King_Haakon,2.166390584,0.3032780383987934,0.3032780383987934,0.5877526775549149,FALSE,FALSE
2001-04-01,King_Haakon,2.166662566,0.26767256294897934,0.26767256294897934,0.5877526775549149,FALSE,FALSE
2001-04-02,King_Haakon,2.146458951,0.2117947559378417,0.2117947559378417,0.5877526775549149,FALSE,FALSE
2001-04-03,King_Haakon,2.154508427,0.18435204168286856,0.18435204168286856,0.5877526775549149,FALSE,FALSE
2001-04-04,King_Haakon,2.170863106,0.16537526850155437,0.16537526850155437,0.5877526775549149,FALSE,FALSE
2001-04-05,King_Haakon,2.2033182079999998,0.16263839271138902,0.16263839271138902,0.5877526775549149,FALSE,FALSE
2001-04-06,King_Haakon,2.236541609,0.16078802662986247,0.16078802662986247,0.5877526775549149,FALSE,FALSE
2001-04-07,King_Haakon,2.254031835,0.14330143257447014,0.14330143257447014,0.5877526775549149,FALSE,FALSE
2001-04-08,King_Haakon,2.256274659,0.1106431198627007,0.1106431198627007,0.5877526775549149,FALSE,FALSE
2001-04-09,King_Haakon,2.257088823,0.07661056681204848,0.07661056681204848,0.5877526775549149,FALSE,FALSE
2001-04-10,King_Haakon,2.269497565,0.05420574773999931,0.05420574773999931,0.5877526775549149,FALSE,FALSE
2001-04-11,King_Haakon,2.278072254,0.02797876796405063,0.02797876796405063,0.5877526775549149,FALSE,FALSE
2001-04-12,King_Haakon,2.274872236,-0.01003212515209561,0.01003212515209561,0.5877526775549149,FALSE,FALSE
2001-04-13,King_Haakon,2.304452113,-0.01528166536259512,0.01528166536259512,0.5877526775549149,FALSE,FALSE
2001-04-14,King_Haakon,2.332249849,-0.02232183341590943,0.02232183341590943,0.5877526775549149,FALSE,FALSE
2001-04-15,King_Haakon,2.379341143,-0.01006506385376138,0.01006506385376138,0.5877526775549149,FALSE,FALSE
2001-04-16,King_Haakon,2.429164082,0.00493859678212338,0.00493859678212338,0.5877526775549149,FALSE,FALSE
2001-04-17,King_Haakon,2.444048351,-0.01496930004998065,0.01496930004998065,0.5877526775549149,FALSE,FALSE
2001-04-18,King_Haakon,2.462610212,-0.03116062589179646,0.03116062589179646,0.5877526775549149,FALSE,FALSE
2001-04-19,King_Haakon,2.472704507,-0.05576867228504811,0.05576867228504811,0.5877526775549149,FALSE,FALSE
2001-04-20,King_Haakon,2.453652614,-0.10946019477146196,0.10946019477146196,0.5877526775549149,FALSE,FALSE
2001-04-21,King_Haakon,2.457107284,-0.140570575892764,0.140570575892764,0.5877526775549149,FALSE,FALSE
2001-04-22,King_Haakon,2.472943661,-0.15921280519067693,0.15921280519067693,0.5877526775549149,FALSE,FALSE
2001-04-23,King_Haakon,2.52860847,-0.13792829120692662,0.13792829120692662,0.5877526775549149,FALSE,FALSE
2001-04-24,King_Haakon,2.608372003,-0.09243487548323603,0.09243487548323603,0.5877526775549149,FALSE,FALSE
2001-04-25,King_Haakon,2.681566586,-0.05338643683312272,0.05338643683312272,0.5877526775549149,FALSE,FALSE
2001-04-26,King_Haakon,2.721465777,-0.04747730404633588,0.04747730404633588,0.5877526775549149,FALSE,FALSE
2001-04-27,King_Haakon,2.761551326,-0.04118349126555243,0.04118349126555243,0.5877526775549149,FALSE,FALSE
2001-04-28,King_Haakon,2.798275163,-0.03801072600254507,0.03801072600254507,0.5877526775549149,FALSE,FALSE
2001-04-29,King_Haakon,2.876792293,0.00723833923091987,0.00723833923091987,0.5877526775549149,FALSE,FALSE
2001-04-30,King_Haakon,2.948930236,0.04643356692306444,0.04643356692306444,0.5877526775549149,FALSE,FALSE
2001-05-01,King_Haakon,3.001287401,0.06621570856212555,0.06621570856212555,0.5877526775549149,FALSE,FALSE
2001-05-02,King_Haakon,3.036614162,0.0693774806363261,0.0693774806363261,0.5877526775549149,FALSE,FALSE
2001-05-03,King_Haakon,3.083206127,0.08425683363389913,0.08425683363389913,0.5877526775549149,FALSE,FALSE
2001-05-04,King_Haakon,3.123878279,0.09371109304307224,0.09371109304307224,0.5877526775549149,FALSE,FALSE
2001-05-05,King_Haakon,3.163320239,0.10247222235207554,0.10247222235207554,0.5877526775549149,FALSE,FALSE
2001-05-06,King_Haakon,3.20678339,0.1158339470491354,0.1158339470491354,0.5877526775549149,FALSE,FALSE
2001-05-07,King_Haakon,3.251101864,0.13067272044806977,0.13067272044806977,0.5877526775549149,FALSE,FALSE
2001-05-08,King_Haakon,3.297250648,0.1479940457955946,0.1479940457955946,0.5877526775549149,FALSE,FALSE
2001-05-09,King_Haakon,3.343334791,0.16590206947707165,0.16590206947707165,0.5877526775549149,FALSE,FALSE
2001-05-10,King_Haakon,3.398729063,0.19376548934300475,0.19376548934300475,0.5877526775549149,FALSE,FALSE
2001-05-11,King_Haakon,3.46260993,0.2307546992438931,0.2307546992438931,0.5877526775549149,FALSE,FALSE
2001-05-12,King_Haakon,3.519708375,0.2615946100302424,0.2615946100302424,0.5877526775549149,FALSE,FALSE
2001-05-13,King_Haakon,3.570756899,0.2870116505525533,0.2870116505525533,0.5877526775549149,FALSE,FALSE
2001-05-14,King_Haakon,3.60700846,0.2982527066613261,0.2982527066613261,0.5877526775549149,FALSE,FALSE
2001-05-15,King_Haakon,3.635229037,0.3020776852070668,0.3020776852070668,0.5877526775549149,FALSE,FALSE
2001-05-16,King_Haakon,3.639215611,0.282277495040272,0.282277495040272,0.5877526775549149,FALSE,FALSE
2001-05-17,King_Haakon,3.642084048,0.26196193001144996,0.26196193001144996,0.5877526775549149,FALSE,FALSE
2001-05-18,King_Haakon,3.654191447,0.2514820169710972,0.2514820169710972,0.5877526775549149,FALSE,FALSE
2001-05-19,King_Haakon,3.660269592,0.23556346776971893,0.23556346776971893,0.5877526775549149,FALSE,FALSE
2001-05-20,King_Haakon,3.671501922,0.2253820711177581,0.2253820711177581,0.5877526775549149,FALSE,FALSE
2001-05-21,King_Haakon,3.664089303,0.19710224590782133,0.19710224590782133,0.5877526775549149,FALSE,FALSE
2001-05-22,King_Haakon,3.665145973,0.17777662371960723,0.17777662371960723,0.5877526775549149,FALSE,FALSE
2001-05-23,King_Haakon,3.637496975,0.1301677946548665,0.1301677946548665,0.5877526775549149,FALSE,FALSE
2001-05-24,King_Haakon,3.596151906,0.06922290281534682,0.06922290281534682,0.5877526775549149,FALSE,FALSE
2001-05-25,King_Haakon,3.562821068,0.01658979730279819,0.01658979730279819,0.5877526775549149,FALSE,FALSE
2001-05-26,King_Haakon,3.573125662,0.00782722621896736,0.00782722621896736,0.5877526775549149,FALSE,FALSE
2001-05-27,King_Haakon,3.595784415,0.0115914636656047,0.0115914636656047,0.5877526775549149,FALSE,FALSE
2001-05-28,King_Haakon,3.665864292,0.06288702174445726,0.06288702174445726,0.5877526775549149,FALSE,FALSE
2001-05-29,King_Haakon,3.683648522,0.06193467655727369,0.06193467655727369,0.5877526775549149,FALSE,FALSE
2001-05-30,King_Haakon,3.673779863,0.03331473320580569,0.03331473320580569,0.5877526775549149,FALSE,FALSE
2001-05-31,King_Haakon,3.651548345,-0.00774523120820536,0.00774523120820536,0.5877526775549149,FALSE,FALSE
2001-06-01,King_Haakon,3.665258699,-0.01300293858300394,0.01300293858300394,0.5877526775549149,FALSE,FALSE
2001-06-02,King_Haakon,3.698701001,0.00128308653587971,0.00128308653587971,0.5877526775549149,FALSE,FALSE
2001-06-03,King_Haakon,3.721835895,0.00508634038034694,0.00508634038034694,0.5877526775549149,FALSE,FALSE
2001-06-04,King_Haakon,3.735358865,-8.678055537614249e-4,8.678055537614249e-4,0.5877526775549149,FALSE,FALSE
2001-06-05,King_Haakon,3.77153501,0.01571563586042401,0.01571563586042401,0.5877526775549149,FALSE,FALSE
2001-06-06,King_Haakon,3.846195026,0.07069724874977901,0.07069724874977901,0.5877526775549149,FALSE,FALSE
2001-06-07,King_Haakon,3.914818721,0.11958672924118208,0.11958672924118208,0.5877526775549149,FALSE,FALSE
2001-06-08,King_Haakon,3.952566777,0.13757464746149717,0.13757464746149717,0.5877526775549149,FALSE,FALSE
2001-06-09,King_Haakon,3.990038637,0.15529033453760022,0.15529033453760022,0.5877526775549149,FALSE,FALSE
2001-06-10,King_Haakon,4.046525404,0.19205478159636336,0.19205478159636336,0.5877526775549149,FALSE,FALSE
2001-06-11,King_Haakon,4.094864903,0.22073570176466317,0.22073570176466317,0.5877526775549149,FALSE,FALSE
2001-06-12,King_Haakon,4.161311787,0.2676176361693696,0.2676176361693696,0.5877526775549149,FALSE,FALSE
2001-06-13,King_Haakon,4.19248655,0.27935096693735373,0.27935096693735373,0.5877526775549149,FALSE,FALSE
2001-06-14,King_Haakon,4.200898601,0.26847487124470115,0.26847487124470115,0.5877526775549149,FALSE,FALSE
2001-06-15,King_Haakon,4.186290197,0.23475608633918243,0.23475608633918243,0.5877526775549149,FALSE,FALSE
2001-06-16,King_Haakon,4.207204407,0.2367549071944457,0.2367549071944457,0.5877526775549149,FALSE,FALSE
2001-06-17,King_Haakon,4.159180578,0.1700273811995907,0.1700273811995907,0.5877526775549149,FALSE,FALSE
2001-06-18,King_Haakon,4.158438707,0.15081020574373571,0.15081020574373571,0.5877526775549149,FALSE,FALSE
2001-06-19,King_Haakon,4.180339494,0.15448078121598474,0.15448078121598474,0.5877526775549149,FALSE,FALSE
2001-06-20,King_Haakon,4.180745827,0.1369186960054547,0.1369186960054547,0.5877526775549149,FALSE,FALSE
2001-06-21,King_Haakon,4.187165938,0.12564888250124895,0.12564888250124895,0.5877526775549149,FALSE,FALSE
2001-06-22,King_Haakon,4.150885474,0.07197368809248061,0.07197368809248061,0.5877526775549149,FALSE,FALSE
2001-06-23,King_Haakon,4.110724108,0.01472948616825853,0.01472948616825853,0.5877526775549149,FALSE,FALSE
2001-06-24,King_Haakon,4.12773587,0.01498700711769451,0.01498700711769451,0.5877526775549149,FALSE,FALSE
2001-06-25,King_Haakon,4.145433866,0.0162760573298959,0.0162760573298959,0.5877526775549149,FALSE,FALSE
2001-06-26,King_Haakon,4.161715942,0.01651118319397326,0.01651118319397326,0.5877526775549149,FALSE,FALSE
2001-06-27,King_Haakon,4.181217864,0.02034051366177891,0.02034051366177891,0.5877526775549149,FALSE,FALSE
2001-06-28,King_Haakon,4.205712176,0.02951617981754406,0.02951617981754406,0.5877526775549149,FALSE,FALSE
2001-06-29,King_Haakon,4.22451808,0.03332199416321124,0.03332199416321124,0.5877526775549149,FALSE,FALSE
2001-06-30,King_Haakon,4.235137633,0.02922454719846889,0.02922454719846889,0.5877526775549149,FALSE,FALSE
2001-07-01,King_Haakon,4.268065025,0.04768256242301039,0.04768256242301039,0.5877526775549149,FALSE,FALSE
2001-07-02,King_Haakon,4.294958001,0.06031831833652745,0.06031831833652745,0.5877526775549149,FALSE,FALSE
2001-07-03,King_Haakon,4.345576099,0.09685588643870346,0.09685588643870346,0.5877526775549149,FALSE,FALSE
2001-07-04,King_Haakon,4.356800953,0.09414143422923348,0.09414143422923348,0.5877526775549149,FALSE,FALSE
2001-07-05,King_Haakon,4.364376328,0.0878832602078079,0.0878832602078079,0.5877526775549149,FALSE,FALSE
2001-07-06,King_Haakon,4.366295843,0.07603951687411392,0.07603951687411392,0.5877526775549149,FALSE,FALSE
2001-07-07,King_Haakon,4.378647896,0.07466313572784777,0.07466313572784777,0.5877526775549149,FALSE,FALSE
2001-07-08,King_Haakon,4.405053464,0.08733962726869127,0.08733962726869127,0.5877526775549149,FALSE,FALSE
2001-07-09,King_Haakon,4.457753146,0.12627421519982285,0.12627421519982285,0.5877526775549149,FALSE,FALSE
2001-07-10,King_Haakon,4.475104385,0.12980670587939258,0.12980670587939258,0.5877526775549149,FALSE,FALSE
2001-07-11,King_Haakon,4.508208844,0.1490599462587081,0.1490599462587081,0.5877526775549149,FALSE,FALSE
2001-07-12,King_Haakon,4.515704413,0.1426981476629816,0.1426981476629816,0.5877526775549149,FALSE,FALSE
2001-07-13,King_Haakon,4.500156109,0.11331264841741806,0.11331264841741806,0.5877526775549149,FALSE,FALSE
2001-07-14,King_Haakon,4.414116666,0.01348250384723837,0.01348250384723837,0.5877526775549149,FALSE,FALSE
2001-07-15,King_Haakon,4.406009065,-0.00834298372235142,0.00834298372235142,0.5877526775549149,FALSE,FALSE
2001-07-16,King_Haakon,4.368053569,-0.05991722996613902,0.05991722996613902,0.5877526775549149,FALSE,FALSE
2001-07-17,King_Haakon,4.328563534,-0.11290055755890992,0.11290055755890992,0.5877526775549149,FALSE,FALSE
2001-07-18,King_Haakon,4.353301411,-0.1015041941754582,0.1015041941754582,0.5877526775549149,FALSE,FALSE
2001-07-19,King_Haakon,4.384013857,-0.08395516149056714,0.08395516149056714,0.5877526775549149,FALSE,FALSE
2001-07-20,King_Haakon,4.414073489,-0.06685452117902724,0.06685452117902724,0.5877526775549149,FALSE,FALSE
2001-07-21,King_Haakon,4.413511686,-0.0801445729156276,0.0801445729156276,0.5877526775549149,FALSE,FALSE
2001-07-22,King_Haakon,4.443075025,-0.06305342008441972,0.06305342008441972,0.5877526775549149,FALSE,FALSE
2001-07-23,King_Haakon,4.571597443,0.05326436804108514,0.05326436804108514,0.5877526775549149,FALSE,FALSE
2001-07-24,King_Haakon,4.57715263,0.0468838969478611,0.0468838969478611,0.5877526775549149,FALSE,FALSE
2001-07-25,King_Haakon,4.557309505,0.0153752725091989,0.0153752725091989,0.5877526775549149,FALSE,FALSE
2001-07-26,King_Haakon,4.541061,-0.01226738640162139,0.01226738640162139,0.5877526775549149,FALSE,FALSE
2001-07-27,King_Haakon,4.527933598,-0.03651640991130911,0.03651640991130911,0.5877526775549149,FALSE,FALSE
2001-07-28,King_Haakon,4.546152775,-0.02914513514657635,0.02914513514657635,0.5877526775549149,FALSE,FALSE
2001-07-29,King_Haakon,4.559471705,-0.02639920123414274,0.02639920123414274,0.5877526775549149,FALSE,FALSE
2001-07-30,King_Haakon,4.606527902,0.01036009269928595,0.01036009269928595,0.5877526775549149,FALSE,FALSE
2001-07-31,King_Haakon,4.641834563,0.0356471305269892,0.0356471305269892,0.5877526775549149,FALSE,FALSE
2001-08-01,King_Haakon,4.668774964,0.0528463751222592,0.0528463751222592,0.5877526775549149,FALSE,FALSE
2001-08-02,King_Haakon,4.713107463,0.08771737135838009,0.08771737135838009,0.5877526775549149,FALSE,FALSE
2001-08-03,King_Haakon,4.797054832,0.16248407828233535,0.16248407828233535,0.5877526775549149,FALSE,FALSE
2001-08-04,King_Haakon,4.816095065,0.17263036609894922,0.17263036609894922,0.5877526775549149,FALSE,FALSE
2001-08-05,King_Haakon,4.799795044,0.14774590861668546,0.14774590861668546,0.5877526775549149,FALSE,FALSE
2001-08-06,King_Haakon,4.77467253,0.1143750716678964,0.1143750716678964,0.5877526775549149,FALSE,FALSE
2001-08-07,King_Haakon,4.756333303,0.08815024008493122,0.08815024008493122,0.5877526775549149,FALSE,FALSE
2001-08-08,King_Haakon,4.74177271,0.06609336570014523,0.06609336570014523,0.5877526775549149,FALSE,FALSE
2001-08-09,King_Haakon,4.75484683,0.07208713234588782,0.07208713234588782,0.5877526775549149,FALSE,FALSE
2001-08-10,King_Haakon,4.775453997,0.08605647885450995,0.08605647885450995,0.5877526775549149,FALSE,FALSE
2001-08-11,King_Haakon,4.795079344,0.09951314305836334,0.09951314305836334,0.5877526775549149,FALSE,FALSE
2001-08-12,King_Haakon,4.787720637,0.08648149578979858,0.08648149578979858,0.5877526775549149,FALSE,FALSE
2001-08-13,King_Haakon,4.77044353,0.06405379588116933,0.06405379588116933,0.5877526775549149,FALSE,FALSE
2001-08-14,King_Haakon,4.763382467,0.05239109216482696,0.05239109216482696,0.5877526775549149,FALSE,FALSE
2001-08-15,King_Haakon,4.801183371,0.086165912473124,0.086165912473124,0.5877526775549149,FALSE,FALSE
2001-08-16,King_Haakon,4.79099616,0.07255284297404163,0.07255284297404163,0.5877526775549149,FALSE,FALSE
2001-08-17,King_Haakon,4.773801894,0.05250004962212884,0.05250004962212884,0.5877526775549149,FALSE,FALSE
2001-08-18,King_Haakon,4.736221026,0.01252920687888181,0.01252920687888181,0.5877526775549149,FALSE,FALSE
2001-08-19,King_Haakon,4.710309307,-0.01540632343471681,0.01540632343471681,0.5877526775549149,FALSE,FALSE
2001-08-20,King_Haakon,4.673342412,-0.05413325549769521,0.05413325549769521,0.5877526775549149,FALSE,FALSE
2001-08-21,King_Haakon,4.636119061,-0.09295525848906738,0.09295525848906738,0.5877526775549149,FALSE,FALSE
2001-08-22,King_Haakon,4.613920671,-0.11669330458786133,0.11669330458786133,0.5877526775549149,FALSE,FALSE
2001-08-23,King_Haakon,4.572335387,-0.15986163797309594,0.15986163797309594,0.5877526775549149,FALSE,FALSE
2001-08-24,King_Haakon,4.503407849,-0.23051800782379409,0.23051800782379409,0.5877526775549149,FALSE,FALSE
2001-08-25,King_Haakon,4.459658819,-0.2762440413189786,0.2762440413189786,0.5877526775549149,FALSE,FALSE
2001-08-26,King_Haakon,4.446964488,-0.2912659366376733,0.2912659366376733,0.5877526775549149,FALSE,FALSE
2001-08-27,King_Haakon,4.434032195,-0.3069787439588971,0.3069787439588971,0.5877526775549149,FALSE,FALSE
2001-08-28,King_Haakon,4.413947343,-0.3303994494616713,0.3303994494616713,0.5877526775549149,FALSE,FALSE
2001-08-29,King_Haakon,4.41864651,-0.3296725045126445,0.3296725045126445,0.5877526775549149,FALSE,FALSE
2001-08-30,King_Haakon,4.419923495,-0.33295532103221426,0.33295532103221426,0.5877526775549149,FALSE,FALSE
2001-08-31,King_Haakon,4.433471849,-0.3244567820149902,0.3244567820149902,0.5877526775549149,FALSE,FALSE
2001-09-01,King_Haakon,4.459524899,-0.3038459069657957,0.3038459069657957,0.5877526775549149,FALSE,FALSE
2001-09-02,King_Haakon,4.467117312,-0.30199037538945195,0.30199037538945195,0.5877526775549149,FALSE,FALSE
2001-09-03,King_Haakon,4.48170752,-0.29333410179077735,0.29333410179077735,0.5877526775549149,FALSE,FALSE
2001-09-04,King_Haakon,4.573372478,-0.2077024776745926,0.2077024776745926,0.5877526775549149,FALSE,FALSE
2001-09-05,King_Haakon,4.622376914,-0.16473312154571484,0.16473312154571484,0.5877526775549149,FALSE,FALSE
2001-09-06,King_Haakon,4.650115608,-0.14293359990897248,0.14293359990897248,0.5877526775549149,FALSE,FALSE
2001-09-07,King_Haakon,4.758393201,-0.04040161826917643,0.04040161826917643,0.5877526775549149,FALSE,FALSE
2001-09-08,King_Haakon,4.823849427,0.01960021086884644,0.01960021086884644,0.5877526775549149,FALSE,FALSE
2001-09-09,King_Haakon,4.875222054,0.06590730900027442,0.06590730900027442,0.5877526775549149,FALSE,FALSE
2001-09-10,King_Haakon,4.920574607,0.10668042063106233,0.10668042063106233,0.5877526775549149,FALSE,FALSE
2001-09-11,King_Haakon,4.971735717,0.15380419695754366,0.15380419695754366,0.5877526775549149,FALSE,FALSE
2001-09-12,King_Haakon,5.020410315,0.1989650345730931,0.1989650345730931,0.5877526775549149,FALSE,FALSE
2001-09-13,King_Haakon,5.032057879,0.20759602712136616,0.20759602712136616,0.5877526775549149,FALSE,FALSE
2001-09-14,King_Haakon,5.035569017,0.20856139824602415,0.20856139824602415,0.5877526775549149,FALSE,FALSE
2001-09-15,King_Haakon,5.021218178,0.19210921259071423,0.19210921259071423,0.5877526775549149,FALSE,FALSE
2001-09-16,King_Haakon,5.033370871,0.20257859479909435,0.20257859479909435,0.5877526775549149,FALSE,FALSE
2001-09-17,King_Haakon,5.029761312,0.19767737651482345,0.19767737651482345,0.5877526775549149,FALSE,FALSE
2001-09-18,King_Haakon,5.017584512,0.1845741843815496,0.1845741843815496,0.5877526775549149,FALSE,FALSE
2001-09-19,King_Haakon,5.02869753,0.1950996930429314,0.1950996930429314,0.5877526775549149,FALSE,FALSE
2001-09-20,King_Haakon,5.017239084,0.18336623614262224,0.18336623614262224,0.5877526775549149,FALSE,FALSE
2001-09-21,King_Haakon,5.027158896,0.19329715132428135,0.19329715132428135,0.5877526775549149,FALSE,FALSE
2001-09-22,King_Haakon,5.032893916,0.19930300423155775,0.19930300423155775,0.5877526775549149,FALSE,FALSE
2001-09-23,King_Haakon,5.072671958,0.23958502032301257,0.23958502032301257,0.5877526775549149,FALSE,FALSE
2001-09-24,King_Haakon,5.063878318,0.231499721026025,0.231499721026025,0.5877526775549149,FALSE,FALSE
2001-09-25,King_Haakon,5.064309685,0.23281369468785051,0.23281369468785051,0.5877526775549149,FALSE,FALSE
2001-09-26,King_Haakon,5.07015957,0.23969033304939735,0.23969033304939735,0.5877526775549149,FALSE,FALSE
2001-09-27,King_Haakon,5.068552056,0.23922359985154884,0.23922359985154884,0.5877526775549149,FALSE,FALSE
2001-09-28,King_Haakon,5.069847873,0.2417441058352088,0.2417441058352088,0.5877526775549149,FALSE,FALSE
2001-09-29,King_Haakon,5.064260103,0.2374348137412667,0.2374348137412667,0.5877526775549149,FALSE,FALSE
2001-09-30,King_Haakon,5.061883357,0.23636021531062124,0.23636021531062124,0.5877526775549149,FALSE,FALSE
2001-10-01,King_Haakon,5.01149062,0.18726317628416655,0.18726317628416655,0.5877526775549149,FALSE,FALSE
2001-10-02,King_Haakon,5.008860982,0.18589266740279875,0.18589266740279875,0.5877526775549149,FALSE,FALSE
2001-10-03,King_Haakon,5.023143304,0.20136743040741137,0.20136743040741137,0.5877526775549149,FALSE,FALSE
2001-10-04,King_Haakon,5.042261952,0.2215817120389012,0.2215817120389012,0.5877526775549149,FALSE,FALSE
2001-10-05,King_Haakon,5.0895075,0.26979598532199844,0.26979598532199844,0.5877526775549149,FALSE,FALSE
2001-10-06,King_Haakon,5.103292194,0.28441451194693457,0.28441451194693457,0.5877526775549149,FALSE,FALSE
2001-10-07,King_Haakon,5.126598773,0.30847710386579585,0.30847710386579585,0.5877526775549149,FALSE,FALSE
2001-10-08,King_Haakon,5.124744095,0.307369594128426,0.307369594128426,0.5877526775549149,FALSE,FALSE
2001-10-09,King_Haakon,5.119419168,0.30285196578467577,0.30285196578467577,0.5877526775549149,FALSE,FALSE
2001-10-10,King_Haakon,5.126408793,0.31077799488439517,0.31077799488439517,0.5877526775549149,FALSE,FALSE
2001-10-11,King_Haakon,5.132380082,0.31788376847742317,0.31788376847742317,0.5877526775549149,FALSE,FALSE
2001-10-12,King_Haakon,5.13272907,0.31963429661361165,0.31963429661361165,0.5877526775549149,FALSE,FALSE
2001-10-13,King_Haakon,5.111711071,0.3003538683428095,0.3003538683428095,0.5877526775549149,FALSE,FALSE
2001-10-14,King_Haakon,5.11086494,0.3016503137148616,0.3016503137148616,0.5877526775549149,FALSE,FALSE
2001-10-15,King_Haakon,5.074739663,0.26814159377961655,0.26814159377961655,0.5877526775549149,FALSE,FALSE
2001-10-16,King_Haakon,5.040458155,0.2370195985869188,0.2370195985869188,0.5877526775549149,FALSE,FALSE
2001-10-17,King_Haakon,4.996065071,0.1963979581866191,0.1963979581866191,0.5877526775549149,FALSE,FALSE
2001-10-18,King_Haakon,4.970529936,0.17531243757884063,0.17531243757884063,0.5877526775549149,FALSE,FALSE
2001-10-19,King_Haakon,4.943665904,0.15358433911795366,0.15358433911795366,0.5877526775549149,FALSE,FALSE
2001-10-20,King_Haakon,4.867719805,0.08341310465681762,0.08341310465681762,0.5877526775549149,FALSE,FALSE
2001-10-21,King_Haakon,4.781209533,0.00326701635156467,0.00326701635156467,0.5877526775549149,FALSE,FALSE
2001-10-22,King_Haakon,4.688255587,-0.08278303864167391,0.08278303864167391,0.5877526775549149,FALSE,FALSE
2001-10-23,King_Haakon,4.685236026,-0.07840861316676673,0.07840861316676673,0.5877526775549149,FALSE,FALSE
2001-10-24,King_Haakon,4.659388062,-0.09642210706758104,0.09642210706758104,0.5877526775549149,FALSE,FALSE
2001-10-25,King_Haakon,4.684860435,-0.0627243921879792,0.0627243921879792,0.5877526775549149,FALSE,FALSE
2001-10-26,King_Haakon,4.692556485,-0.04646174037183392,0.04646174037183392,0.5877526775549149,FALSE,FALSE
2001-10-27,King_Haakon,4.71673855,-0.01342142546301339,0.01342142546301339,0.5877526775549149,FALSE,FALSE
2001-10-28,King_Haakon,4.73320061,0.01214092069461614,0.01214092069461614,0.5877526775549149,FALSE,FALSE
2001-10-29,King_Haakon,4.741354601,0.02958762225718469,0.02958762225718469,0.5877526775549149,FALSE,FALSE
2001-10-30,King_Haakon,4.739116599,0.03678514338082994,0.03678514338082994,0.5877526775549149,FALSE,FALSE
2001-10-31,King_Haakon,4.716547317,0.02375874629509145,0.02375874629509145,0.5877526775549149,FALSE,FALSE
2001-11-01,King_Haakon,4.714915684,0.03181161310779945,0.03181161310779945,0.5877526775549149,FALSE,FALSE
2001-11-02,King_Haakon,4.723734612,0.05051231924958266,0.05051231924958266,0.5877526775549149,FALSE,FALSE
2001-11-03,King_Haakon,4.70343538,0.04034781290673006,0.04034781290673006,0.5877526775549149,FALSE,FALSE
2001-11-04,King_Haakon,4.683164954,0.03052072926552185,0.03052072926552185,0.5877526775549149,FALSE,FALSE
2001-11-05,King_Haakon,4.672022677,0.03018608051224802,0.03018608051224802,0.5877526775549149,FALSE,FALSE
2001-11-06,King_Haakon,4.702848085,0.07223907183318978,0.07223907183318978,0.5877526775549149,FALSE,FALSE
2001-11-07,King_Haakon,4.725263719,0.10635791341463464,0.10635791341463464,0.5877526775549149,FALSE,FALSE
2001-11-08,King_Haakon,4.719416943,0.11274563844286868,0.11274563844286868,0.5877526775549149,FALSE,FALSE
2001-11-09,King_Haakon,4.721338652,0.1274888111041781,0.1274888111041781,0.5877526775549149,FALSE,FALSE
2001-11-10,King_Haakon,4.747382807,0.16699706158484595,0.16699706158484595,0.5877526775549149,FALSE,FALSE
2001-11-11,King_Haakon,4.738338986,0.17211563707115562,0.17211563707115562,0.5877526775549149,FALSE,FALSE
2001-11-12,King_Haakon,4.730048276,0.17874159483443197,0.17874159483443197,0.5877526775549149,FALSE,FALSE
2001-11-13,King_Haakon,4.729717809,0.19415469286906628,0.19415469286906628,0.5877526775549149,FALSE,FALSE
2001-11-14,King_Haakon,4.729826993,0.21093200219663721,0.21093200219663721,0.5877526775549149,FALSE,FALSE
2001-11-15,King_Haakon,4.707235151,0.2060325739809956,0.2060325739809956,0.5877526775549149,FALSE,FALSE
2001-11-16,King_Haakon,4.701535099,0.21914895238598395,0.21914895238598395,0.5877526775549149,FALSE,FALSE
2001-11-17,King_Haakon,4.682490418,0.22014444657544452,0.22014444657544452,0.5877526775549149,FALSE,FALSE
2001-11-18,King_Haakon,4.676946088,0.23596376471322245,0.23596376471322245,0.5877526775549149,FALSE,FALSE
2001-11-19,King_Haakon,4.675735127,0.2575396529631613,0.2575396529631613,0.5877526775549149,FALSE,FALSE
2001-11-20,King_Haakon,4.625376382,0.23149068648910376,0.23149068648910376,0.5877526775549149,FALSE,FALSE
2001-11-21,King_Haakon,4.582735313,0.21478205345489695,0.21478205345489695,0.5877526775549149,FALSE,FALSE
2001-11-22,King_Haakon,4.549764479,0.20946604102438293,0.20946604102438293,0.5877526775549149,FALSE,FALSE
2001-11-23,King_Haakon,4.526016451,0.2151949483614093,0.2151949483614093,0.5877526775549149,FALSE,FALSE
2001-11-24,King_Haakon,4.505136404,0.22571367862981265,0.22571367862981265,0.5877526775549149,FALSE,FALSE
2001-11-25,King_Haakon,4.515867996,0.26984827034810444,0.26984827034810444,0.5877526775549149,FALSE,FALSE
2001-11-26,King_Haakon,4.505375556,0.2946987095570144,0.2946987095570144,0.5877526775549149,FALSE,FALSE
2001-11-27,King_Haakon,4.487664235,0.314132027928804,0.314132027928804,0.5877526775549149,FALSE,FALSE
2001-11-28,King_Haakon,4.487304505,0.3525800193225912,0.3525800193225912,0.5877526775549149,FALSE,FALSE
2001-11-29,King_Haakon,4.463759228,0.3693668675974955,0.3693668675974955,0.5877526775549149,FALSE,FALSE
2001-11-30,King_Haakon,4.455320237,0.4026457276126383,0.4026457276126383,0.5877526775549149,FALSE,FALSE
2001-12-01,King_Haakon,4.444831118,0.4351215072271337,0.4351215072271337,0.5877526775549149,FALSE,FALSE
2001-12-02,King_Haakon,4.425849826,0.46021348330010614,0.46021348330010614,0.5877526775549149,FALSE,FALSE
2001-12-03,King_Haakon,4.384830357,0.46423697369067174,0.46423697369067174,0.5877526775549149,FALSE,FALSE
2001-12-04,King_Haakon,4.376037597,0.5013181862579481,0.5013181862579481,0.5877526775549149,FALSE,FALSE
2001-12-05,King_Haakon,4.34745364,0.5193005368610573,0.5193005368610573,0.5877526775549149,FALSE,FALSE
2001-12-06,King_Haakon,4.293441624,0.5124084853591153,0.5124084853591153,0.5877526775549149,FALSE,FALSE
2001-12-07,King_Haakon,4.263686094,0.5301880597612816,0.5301880597612816,0.5877526775549149,FALSE,FALSE
2001-12-08,King_Haakon,4.220746231,0.5351099502050909,0.5351099502050909,0.5877526775549149,FALSE,FALSE
2001-12-09,King_Haakon,4.170545749,0.533130024481205,0.533130024481205,0.5877526775549149,FALSE,FALSE
2001-12-10,King_Haakon,4.122093601,0.5333072112852144,0.5333072112852144,0.5877526775549149,FALSE,FALSE
2001-12-11,King_Haakon,4.0733733,0.5336749993127046,0.5336749993127046,0.5877526775549149,FALSE,FALSE
2001-12-12,King_Haakon,3.99693067,0.5068291882592644,0.5068291882592644,0.5877526775549149,FALSE,FALSE
2001-12-13,King_Haakon,3.875996316,0.436050358820483,0.436050358820483,0.5877526775549149,FALSE,FALSE
2001-12-14,King_Haakon,3.810695003,0.4215132516919464,0.4215132516919464,0.5877526775549149,FALSE,FALSE
2001-12-15,King_Haakon,3.772756135,0.4349972465692433,0.4349972465692433,0.5877526775549149,FALSE,FALSE
2001-12-16,King_Haakon,3.712873288,0.4272458951479625,0.4272458951479625,0.5877526775549149,FALSE,FALSE
2001-12-17,King_Haakon,3.677497281,0.4447599921236911,0.4447599921236911,0.5877526775549149,FALSE,FALSE
2001-12-18,King_Haakon,3.643842311,0.4648037101920184,0.4648037101920184,0.5877526775549149,FALSE,FALSE
2001-12-19,King_Haakon,3.640473646,0.5159922930485306,0.5159922930485306,0.5877526775549149,FALSE,FALSE
2001-12-20,King_Haakon,3.615106855,0.5460868903539473,0.5460868903539473,0.5877526775549149,FALSE,FALSE
2001-12-21,King_Haakon,3.577165802,0.5644874527960488,0.5644874527960488,0.5877526775549149,FALSE,FALSE
2001-12-22,King_Haakon,3.555166293,0.599630401514208,0.599630401514208,0.5877526775549149,TRUE,TRUE
2001-12-23,King_Haakon,3.515027433,0.617353910826445,0.617353910826445,0.5877526775549149,TRUE,TRUE
2001-12-24,King_Haakon,3.479116089,0.6399439170507812,0.6399439170507812,0.5877526775549149,TRUE,TRUE
2001-12-25,King_Haakon,3.450118208,0.6700054365052468,0.6700054365052468,0.5877526775549149,TRUE,TRUE
2001-12-26,King_Haakon,3.395868696,0.6752924445078632,0.6752924445078632,0.5877526775549149,TRUE,TRUE
2001-12-27,King_Haakon,3.341376114,0.6807325713766521,0.6807325713766521,0.5877526775549149,TRUE,TRUE
2001-12-28,King_Haakon,3.319206108,0.7188105324296346,0.7188105324296346,0.5877526775549149,TRUE,TRUE
2001-12-29,King_Haakon,3.264127268,0.7242139869848438,0.7242139869848438,0.5877526775549149,TRUE,TRUE
2001-12-30,King_Haakon,3.184637216,0.7053596263602939,0.7053596263602939,0.5877526775549149,TRUE,TRUE
2001-12-31,King_Haakon,3.107370152,0.6888007198740165,0.6888007198740165,0.5877526775549149,TRUE,TRUE
2002-01-01,King_Haakon,3.003963855,0.6460941158440265,0.6460941158440265,0.5877526775549149,TRUE,TRUE
2002-01-02,King_Haakon,2.915156231,0.6178937916180844,0.6178937916180844,0.5877526775549149,TRUE,TRUE
2002-01-03,King_Haakon,2.852934293,0.6160908396628444,0.6160908396628444,0.5877526775549149,TRUE,TRUE
2002-01-04,King_Haakon,2.772074829,0.5953631294746993,0.5953631294746993,0.5877526775549149,TRUE,TRUE
2002-01-05,King_Haakon,2.681927903,0.5649618065500341,0.5649618065500341,0.5877526775549149,FALSE,FALSE
2002-01-06,King_Haakon,2.605830096,0.5481245333852454,0.5481245333852454,0.5877526775549149,FALSE,FALSE
2002-01-07,King_Haakon,2.564361672,0.565332655476716,0.565332655476716,0.5877526775549149,FALSE,FALSE
2002-01-08,King_Haakon,2.445134096,0.5040987193208333,0.5040987193208333,0.5877526775549149,FALSE,FALSE
2002-01-09,King_Haakon,2.342847298,0.45902373641399263,0.45902373641399263,0.5877526775549149,FALSE,FALSE
2002-01-10,King_Haakon,2.256884934,0.4293924442525767,0.4293924442525767,0.5877526775549149,FALSE,FALSE
2002-01-11,King_Haakon,2.182589209,0.4104481293329778,0.4104481293329778,0.5877526775549149,FALSE,FALSE
2002-01-12,King_Haakon,2.089263986,0.3713957361515852,0.3713957361515852,0.5877526775549149,FALSE,FALSE
2002-01-13,King_Haakon,2.03578641,0.3710134912047851,0.3710134912047851,0.5877526775549149,FALSE,FALSE
2002-01-14,King_Haakon,2.030658491,0.4177052560978982,0.4177052560978982,0.5877526775549149,FALSE,FALSE
2002-01-15,King_Haakon,1.980354088,0.4178743766704162,0.4178743766704162,0.5877526775549149,FALSE,FALSE
2002-01-16,King_Haakon,1.917961497,0.40457325679315526,0.40457325679315526,0.5877526775549149,FALSE,FALSE
2002-01-17,King_Haakon,1.859939803,0.3942272788885386,0.3942272788885386,0.5877526775549149,FALSE,FALSE
2002-01-18,King_Haakon,1.80853331,0.3890470443789886,0.3890470443789886,0.5877526775549149,FALSE,FALSE
2002-01-19,King_Haakon,1.773022862,0.398279694686926,0.398279694686926,0.5877526775549149,FALSE,FALSE
2002-01-20,King_Haakon,1.758849893,0.4273329612347747,0.4273329612347747,0.5877526775549149,FALSE,FALSE
2002-01-21,King_Haakon,1.722499349,0.43265808744495593,0.43265808744495593,0.5877526775549149,FALSE,FALSE
2002-01-22,King_Haakon,1.700252817,0.4505029577398927,0.4505029577398927,0.5877526775549149,FALSE,FALSE
2002-01-23,King_Haakon,1.645922169,0.4346457415420073,0.4346457415420073,0.5877526775549149,FALSE,FALSE
2002-01-24,King_Haakon,1.600706956,0.4262522872737195,0.4262522872737195,0.5877526775549149,FALSE,FALSE
2002-01-25,King_Haakon,1.58156637,0.4422480843574539,0.4422480843574539,0.5877526775549149,FALSE,FALSE
2002-01-26,King_Haakon,1.563876045,0.45797506421563305,0.45797506421563305,0.5877526775549149,FALSE,FALSE
2002-01-27,King_Haakon,1.50078127,0.42655361235021694,0.42655361235021694,0.5877526775549149,FALSE,FALSE
2002-01-28,King_Haakon,1.448921461,0.40465780627057657,0.40465780627057657,0.5877526775549149,FALSE,FALSE
2002-01-29,King_Haakon,1.408872079,0.3929224675227172,0.3929224675227172,0.5877526775549149,FALSE,FALSE
2002-01-30,King_Haakon,1.353561547,0.3643354592160808,0.3643354592160808,0.5877526775549149,FALSE,FALSE
2002-01-31,King_Haakon,1.326171543,0.3621378994601081,0.3621378994601081,0.5877526775549149,FALSE,FALSE
2002-02-01,King_Haakon,1.319276942,0.37896410336424224,0.37896410336424224,0.5877526775549149,FALSE,FALSE
2002-02-02,King_Haakon,1.308406627,0.3904023940379244,0.3904023940379244,0.5877526775549149,FALSE,FALSE
2002-02-03,King_Haakon,1.269141442,0.3720930555905963,0.3720930555905963,0.5877526775549149,FALSE,FALSE
2002-02-04,King_Haakon,1.226202248,0.3488163891317,0.3488163891317,0.5877526775549149,FALSE,FALSE
2002-02-05,King_Haakon,1.200710494,0.34175328377067615,0.34175328377067615,0.5877526775549149,FALSE,FALSE
2002-02-06,King_Haakon,1.179108933,0.3374059326169694,0.3374059326169694,0.5877526775549149,FALSE,FALSE
2002-02-07,King_Haakon,1.145267275,0.3197034857800186,0.3197034857800186,0.5877526775549149,FALSE,FALSE
2002-02-08,King_Haakon,1.098676776,0.2881962479544743,0.2881962479544743,0.5877526775549149,FALSE,FALSE
2002-02-09,King_Haakon,1.081829744,0.2853838999531835,0.2853838999531835,0.5877526775549149,FALSE,FALSE
2002-02-10,King_Haakon,1.054463114,0.2709079786712457,0.2709079786712457,0.5877526775549149,FALSE,FALSE
2002-02-11,King_Haakon,1.063833636,0.291917685027935,0.291917685027935,0.5877526775549149,FALSE,FALSE
2002-02-12,King_Haakon,1.046192668,0.28455682794252,0.28455682794252,0.5877526775549149,FALSE,FALSE
2002-02-13,King_Haakon,0.983310926,0.23048857433427183,0.23048857433427183,0.5877526775549149,FALSE,FALSE
2002-02-14,King_Haakon,0.954313546,0.20873051112246443,0.20873051112246443,0.5877526775549149,FALSE,FALSE
2002-02-15,King_Haakon,0.966833396,0.22680795722636715,0.22680795722636715,0.5877526775549149,FALSE,FALSE
2002-02-16,King_Haakon,0.945950325,0.20969321256525264,0.20969321256525264,0.5877526775549149,FALSE,FALSE
2002-02-17,King_Haakon,0.982671387,0.2482857820583911,0.2482857820583911,0.5877526775549149,FALSE,FALSE
2002-02-18,King_Haakon,1.014986337,0.2804678716250544,0.2804678716250544,0.5877526775549149,FALSE,FALSE
2002-02-19,King_Haakon,1.01778717,0.2810239271845145,0.2810239271845145,0.5877526775549149,FALSE,FALSE
2002-02-20,King_Haakon,1.047144684,0.30591719765604164,0.30591719765604164,0.5877526775549149,FALSE,FALSE
2002-02-21,King_Haakon,1.029279224,0.2812709068441773,0.2812709068441773,0.5877526775549149,FALSE,FALSE
2002-02-22,King_Haakon,1.011988109,0.25491167640931744,0.25491167640931744,0.5877526775549149,FALSE,FALSE
2002-02-23,King_Haakon,1.014452937,0.2461345096777202,0.2461345096777202,0.5877526775549149,FALSE,FALSE
2002-02-24,King_Haakon,1.088549229,0.30692985329716094,0.30692985329716094,0.5877526775549149,FALSE,FALSE
2002-02-25,King_Haakon,1.129827283,0.3329629309154105,0.3329629309154105,0.5877526775549149,FALSE,FALSE
2002-02-26,King_Haakon,1.162882181,0.3489437501802424,0.3489437501802424,0.5877526775549149,FALSE,FALSE
2002-02-27,King_Haakon,1.240516657,0.407789970739429,0.407789970739429,0.5877526775549149,FALSE,FALSE
2002-02-28,King_Haakon,1.320526954,0.46741276124074294,0.46741276124074294,0.5877526775549149,FALSE,FALSE
2002-03-01,King_Haakon,1.335006307,0.460020282331958,0.460020282331958,0.5877526775549149,FALSE,FALSE
2002-03-02,King_Haakon,1.353878131,0.45565087466084553,0.45565087466084553,0.5877526775549149,FALSE,FALSE
2002-03-03,King_Haakon,1.363252218,0.44052925587518,0.44052925587518,0.5877526775549149,FALSE,FALSE
2002-03-04,King_Haakon,1.31475935,0.3664011336227332,0.3664011336227332,0.5877526775549149,FALSE,FALSE
2002-03-05,King_Haakon,1.347900102,0.3728820045688368,0.3728820045688368,0.5877526775549149,FALSE,FALSE
2002-03-06,King_Haakon,1.366472168,0.363869670197752,0.363869670197752,0.5877526775549149,FALSE,FALSE
2002-03-07,King_Haakon,1.383603863,0.3525443236473509,0.3525443236473509,0.5877526775549149,FALSE,FALSE
2002-03-08,King_Haakon,1.353783532,0.2934363897583212,0.2934363897583212,0.5877526775549149,FALSE,FALSE
2002-03-09,King_Haakon,1.358014118,0.2675908913713456,0.2675908913713456,0.5877526775549149,FALSE,FALSE
2002-03-10,King_Haakon,1.374043331,0.2527976183271088,0.2527976183271088,0.5877526775549149,FALSE,FALSE
2002-03-11,King_Haakon,1.414728076,0.261955555466298,0.261955555466298,0.5877526775549149,FALSE,FALSE
2002-03-12,King_Haakon,1.444757034,0.2597954636295974,0.2597954636295974,0.5877526775549149,FALSE,FALSE
2002-03-13,King_Haakon,1.436593714,0.21882293165769195,0.21882293165769195,0.5877526775549149,FALSE,FALSE
2002-03-14,King_Haakon,1.433684446,0.18252636939126576,0.18252636939126576,0.5877526775549149,FALSE,FALSE
2002-03-15,King_Haakon,1.435217614,0.15013624067100495,0.15013624067100495,0.5877526775549149,FALSE,FALSE
2002-03-16,King_Haakon,1.459007456,0.13950886333759338,0.13950886333759338,0.5877526775549149,FALSE,FALSE
2002-03-17,King_Haakon,1.506390432,0.15202277723171775,0.15202277723171775,0.5877526775549149,FALSE,FALSE
2002-03-18,King_Haakon,1.543658885,0.15401255710716777,0.15401255710716777,0.5877526775549149,FALSE,FALSE
2002-03-19,King_Haakon,1.565961612,0.14067302572538454,0.14067302572538454,0.5877526775549149,FALSE,FALSE
2002-03-20,King_Haakon,1.565304831,0.10406039541159529,0.10406039541159529,0.5877526775549149,FALSE,FALSE
2002-03-21,King_Haakon,1.557380182,0.05991648733749888,0.05991648733749888,0.5877526775549149,FALSE,FALSE
2002-03-22,King_Haakon,1.540088677,0.00619249467479776,0.00619249467479776,0.5877526775549149,FALSE,FALSE
2002-03-23,King_Haakon,1.530905047,-0.03958667040480579,0.03958667040480579,0.5877526775549149,FALSE,FALSE
2002-03-24,King_Haakon,1.520250772,-0.08694934672961363,0.08694934672961363,0.5877526775549149,FALSE,FALSE
2002-03-25,King_Haakon,1.526611695,-0.117359510127921,0.117359510127921,0.5877526775549149,FALSE,FALSE
2002-03-26,King_Haakon,1.558839932,-0.12191486342803136,0.12191486342803136,0.5877526775549149,FALSE,FALSE
2002-03-27,King_Haakon,1.570963221,-0.1465374874582408,0.1465374874582408,0.5877526775549149,FALSE,FALSE
2002-03-28,King_Haakon,1.573583704,-0.18057505904685023,0.18057505904685023,0.5877526775549149,FALSE,FALSE
2002-03-29,King_Haakon,1.561731182,-0.22894759602215584,0.22894759602215584,0.5877526775549149,FALSE,FALSE
2002-03-30,King_Haakon,1.611796267,-0.21521430521245843,0.21521430521245843,0.5877526775549149,FALSE,FALSE
2002-03-31,King_Haakon,1.660774152,-0.20233839360120687,0.20233839360120687,0.5877526775549149,FALSE,FALSE
2002-04-01,King_Haakon,1.717732331,-0.1812576720510206,0.1812576720510206,0.5877526775549149,FALSE,FALSE
2002-04-02,King_Haakon,1.767161851,-0.16750234406215836,0.16750234406215836,0.5877526775549149,FALSE,FALSE
2002-04-03,King_Haakon,1.788039766,-0.18211661931713152,0.18211661931713152,0.5877526775549149,FALSE,FALSE
2002-04-04,King_Haakon,1.812521997,-0.19296584049844576,0.19296584049844576,0.5877526775549149,FALSE,FALSE
2002-04-05,King_Haakon,1.858955048,-0.18172476728861064,0.18172476728861064,0.5877526775549149,FALSE,FALSE
2002-04-06,King_Haakon,1.886496471,-0.18925711137013757,0.18925711137013757,0.5877526775549149,FALSE,FALSE
2002-04-07,King_Haakon,1.914074174,-0.19665622842553,0.19665622842553,0.5877526775549149,FALSE,FALSE
2002-04-08,King_Haakon,1.979755862,-0.16587567713729912,0.16587567713729912,0.5877526775549149,FALSE,FALSE
2002-04-09,King_Haakon,2.014090612,-0.1663876441879517,0.1663876441879517,0.5877526775549149,FALSE,FALSE
2002-04-10,King_Haakon,2.08145865,-0.1338331672600006,0.1338331672600006,0.5877526775549149,FALSE,FALSE
2002-04-11,King_Haakon,2.123181208,-0.1269122780359493,0.1269122780359493,0.5877526775549149,FALSE,FALSE
2002-04-12,King_Haakon,2.180580151,-0.1043242101520958,0.1043242101520958,0.5877526775549149,FALSE,FALSE
2002-04-13,King_Haakon,2.258312508,-0.06142127036259515,0.06142127036259515,0.5877526775549149,FALSE,FALSE
2002-04-14,King_Haakon,2.311069685,-0.04350199741590943,0.04350199741590943,0.5877526775549149,FALSE,FALSE
2002-04-15,King_Haakon,2.364931364,-0.02447484285376155,0.02447484285376155,0.5877526775549149,FALSE,FALSE
2002-04-16,King_Haakon,2.395282117,-0.02894336821787657,0.02894336821787657,0.5877526775549149,FALSE,FALSE
2002-04-17,King_Haakon,2.437720361,-0.02129729004998104,0.02129729004998104,0.5877526775549149,FALSE,FALSE
2002-04-18,King_Haakon,2.515075107,0.02130426910820349,0.02130426910820349,0.5877526775549149,FALSE,FALSE
2002-04-19,King_Haakon,2.550224712,0.02175153271495178,0.02175153271495178,0.5877526775549149,FALSE,FALSE
2002-04-20,King_Haakon,2.578274713,0.0151619042285378,0.0151619042285378,0.5877526775549149,FALSE,FALSE
2002-04-21,King_Haakon,2.652045068,0.05436720810723594,0.05436720810723594,0.5877526775549149,FALSE,FALSE
2002-04-22,King_Haakon,2.710284362,0.078127895809323,0.078127895809323,0.5877526775549149,FALSE,FALSE
2002-04-23,King_Haakon,2.762166659,0.0956298977930734,0.0956298977930734,0.5877526775549149,FALSE,FALSE
2002-04-24,King_Haakon,2.810605846,0.1097989675167641,0.1097989675167641,0.5877526775549149,FALSE,FALSE
2002-04-25,King_Haakon,2.831295017,0.09634199416687704,0.09634199416687704,0.5877526775549149,FALSE,FALSE
2002-04-26,King_Haakon,2.92129192,0.1523488389536638,0.1523488389536638,0.5877526775549149,FALSE,FALSE
2002-04-27,King_Haakon,3.013695748,0.21096093073444733,0.21096093073444733,0.5877526775549149,FALSE,FALSE
2002-04-28,King_Haakon,3.1136347,0.2773488109974549,0.2773488109974549,0.5877526775549149,FALSE,FALSE
2002-04-29,King_Haakon,3.219983344,0.3504293902309201,0.3504293902309201,0.5877526775549149,FALSE,FALSE
2002-04-30,King_Haakon,3.238938155,0.33644148592306466,0.33644148592306466,0.5877526775549149,FALSE,FALSE
2002-05-01,King_Haakon,3.23880276,0.30373106756212565,0.30373106756212565,0.5877526775549149,FALSE,FALSE
2002-05-02,King_Haakon,3.233821064,0.2665843826363261,0.2665843826363261,0.5877526775549149,FALSE,FALSE
2002-05-03,King_Haakon,3.200263271,0.20131397763389905,0.20131397763389905,0.5877526775549149,FALSE,FALSE
2002-05-04,King_Haakon,3.171921973,0.1417547870430722,0.1417547870430722,0.5877526775549149,FALSE,FALSE
2002-05-05,King_Haakon,3.132275039,0.07142702235207565,0.07142702235207565,0.5877526775549149,FALSE,FALSE
2002-05-06,King_Haakon,3.068228982,-0.02272046095086466,0.02272046095086466,0.5877526775549149,FALSE,FALSE
2002-05-07,King_Haakon,3.028677685,-0.09175145855193012,0.09175145855193012,0.5877526775549149,FALSE,FALSE
2002-05-08,King_Haakon,3.002140677,-0.14711592520440542,0.14711592520440542,0.5877526775549149,FALSE,FALSE
2002-05-09,King_Haakon,2.960935177,-0.2164975445229285,0.2164975445229285,0.5877526775549149,FALSE,FALSE
2002-05-10,King_Haakon,2.924486383,-0.2804771906569954,0.2804771906569954,0.5877526775549149,FALSE,FALSE
2002-05-11,King_Haakon,2.921272276,-0.3105829547561072,0.3105829547561072,0.5877526775549149,FALSE,FALSE
2002-05-12,King_Haakon,2.952883197,-0.3052305679697578,0.3052305679697578,0.5877526775549149,FALSE,FALSE
2002-05-13,King_Haakon,2.972073385,-0.3116718634474469,0.3116718634474469,0.5877526775549149,FALSE,FALSE
2002-05-14,King_Haakon,3.000870794,-0.3078849593386739,0.3078849593386739,0.5877526775549149,FALSE,FALSE
2002-05-15,King_Haakon,3.029652862,-0.3034984897929336,0.3034984897929336,0.5877526775549149,FALSE,FALSE
2002-05-16,King_Haakon,3.118643528,-0.2382945879597278,0.2382945879597278,0.5877526775549149,FALSE,FALSE
2002-05-17,King_Haakon,3.229374865,-0.15074725298855007,0.15074725298855007,0.5877526775549149,FALSE,FALSE
2002-05-18,King_Haakon,3.276242994,-0.12646643602890295,0.12646643602890295,0.5877526775549149,FALSE,FALSE
2002-05-19,King_Haakon,3.296236885,-0.1284692392302813,0.1284692392302813,0.5877526775549149,FALSE,FALSE
2002-05-20,King_Haakon,3.327343482,-0.11877636888224208,0.11877636888224208,0.5877526775549149,FALSE,FALSE
2002-05-21,King_Haakon,3.343924209,-0.12306284809217873,0.12306284809217873,0.5877526775549149,FALSE,FALSE
2002-05-22,King_Haakon,3.386513412,-0.100855937280393,0.100855937280393,0.5877526775549149,FALSE,FALSE
2002-05-23,King_Haakon,3.398166443,-0.10916273734513338,0.10916273734513338,0.5877526775549149,FALSE,FALSE
2002-05-24,King_Haakon,3.380329548,-0.14659945518465278,0.14659945518465278,0.5877526775549149,FALSE,FALSE
2002-05-25,King_Haakon,3.368013067,-0.17821820369720154,0.17821820369720154,0.5877526775549149,FALSE,FALSE
2002-05-26,King_Haakon,3.349451371,-0.21584706478103263,0.21584706478103263,0.5877526775549149,FALSE,FALSE
2002-05-27,King_Haakon,3.32847396,-0.2557189913343949,0.2557189913343949,0.5877526775549149,FALSE,FALSE
2002-05-28,King_Haakon,3.323420799,-0.27955647125554295,0.27955647125554295,0.5877526775549149,FALSE,FALSE
2002-05-29,King_Haakon,3.354225776,-0.2674880694427264,0.2674880694427264,0.5877526775549149,FALSE,FALSE
2002-05-30,King_Haakon,3.367305807,-0.2731593227941942,0.2731593227941942,0.5877526775549149,FALSE,FALSE
2002-05-31,King_Haakon,3.358703323,-0.30059025320820565,0.30059025320820565,0.5877526775549149,FALSE,FALSE
2002-06-01,King_Haakon,3.360803145,-0.3174584925830035,0.3174584925830035,0.5877526775549149,FALSE,FALSE
2002-06-02,King_Haakon,3.3573287,-0.3400892144641201,0.3400892144641201,0.5877526775549149,FALSE,FALSE
2002-06-03,King_Haakon,3.371959099,-0.3447904556196528,0.3447904556196528,0.5877526775549149,FALSE,FALSE
2002-06-04,King_Haakon,3.400371762,-0.33585490855376143,0.33585490855376143,0.5877526775549149,FALSE,FALSE
2002-06-05,King_Haakon,3.424873195,-0.330946179139576,0.330946179139576,0.5877526775549149,FALSE,FALSE
2002-06-06,King_Haakon,3.415778706,-0.35971907125022096,0.35971907125022096,0.5877526775549149,FALSE,FALSE
2002-06-07,King_Haakon,3.402557609,-0.39267438275881794,0.39267438275881794,0.5877526775549149,FALSE,FALSE
2002-06-08,King_Haakon,3.405725459,-0.40926667053850263,0.40926667053850263,0.5877526775549149,FALSE,FALSE
2002-06-09,King_Haakon,3.463221691,-0.3715266114623996,0.3715266114623996,0.5877526775549149,FALSE,FALSE
2002-06-10,King_Haakon,3.486878907,-0.36759171540363633,0.36759171540363633,0.5877526775549149,FALSE,FALSE
2002-06-11,King_Haakon,3.553609595,-0.32051960623533704,0.32051960623533704,0.5877526775549149,FALSE,FALSE
2002-06-12,King_Haakon,3.539871984,-0.3538221668306303,0.3538221668306303,0.5877526775549149,FALSE,FALSE
2002-06-13,King_Haakon,3.550946522,-0.3621890610626464,0.3621890610626464,0.5877526775549149,FALSE,FALSE
2002-06-14,King_Haakon,3.552321877,-0.3801018527552986,0.3801018527552986,0.5877526775549149,FALSE,FALSE
2002-06-15,King_Haakon,3.541058826,-0.4104752846608175,0.4104752846608175,0.5877526775549149,FALSE,FALSE
2002-06-16,King_Haakon,3.556164091,-0.4142854088055543,0.4142854088055543,0.5877526775549149,FALSE,FALSE
2002-06-17,King_Haakon,3.554060208,-0.43509298880040914,0.43509298880040914,0.5877526775549149,FALSE,FALSE
2002-06-18,King_Haakon,3.574180483,-0.43344801825626433,0.43344801825626433,0.5877526775549149,FALSE,FALSE
2002-06-19,King_Haakon,3.608238645,-0.4176200677840152,0.4176200677840152,0.5877526775549149,FALSE,FALSE
2002-06-20,King_Haakon,3.605762498,-0.43806463299454546,0.43806463299454546,0.5877526775549149,FALSE,FALSE
2002-06-21,King_Haakon,3.628383924,-0.4331331314987508,0.4331331314987508,0.5877526775549149,FALSE,FALSE
2002-06-22,King_Haakon,3.739113129,-0.3397986569075191,0.3397986569075191,0.5877526775549149,FALSE,FALSE
2002-06-23,King_Haakon,3.804895046,-0.29109957583174184,0.29109957583174184,0.5877526775549149,FALSE,FALSE
2002-06-24,King_Haakon,3.829919476,-0.28282938688230574,0.28282938688230574,0.5877526775549149,FALSE,FALSE
2002-06-25,King_Haakon,3.839878937,-0.28927887167010446,0.28927887167010446,0.5877526775549149,FALSE,FALSE
2002-06-26,King_Haakon,3.828860366,-0.3163443928060268,0.3163443928060268,0.5877526775549149,FALSE,FALSE
2002-06-27,King_Haakon,3.83982835,-0.3210490003382209,0.3210490003382209,0.5877526775549149,FALSE,FALSE
2002-06-28,King_Haakon,3.880506871,-0.2956891251824554,0.2956891251824554,0.5877526775549149,FALSE,FALSE
2002-06-29,King_Haakon,3.914564456,-0.276631629836789,0.276631629836789,0.5877526775549149,FALSE,FALSE
2002-06-30,King_Haakon,3.939630544,-0.2662825418015311,0.2662825418015311,0.5877526775549149,FALSE,FALSE
2002-07-01,King_Haakon,3.924278239,-0.29610422357698996,0.29610422357698996,0.5877526775549149,FALSE,FALSE
2002-07-02,King_Haakon,3.94540441,-0.2892352726634728,0.2892352726634728,0.5877526775549149,FALSE,FALSE
2002-07-03,King_Haakon,3.974498706,-0.2742215065612963,0.2742215065612963,0.5877526775549149,FALSE,FALSE
2002-07-04,King_Haakon,4.013177358,-0.249482160770766,0.249482160770766,0.5877526775549149,FALSE,FALSE
2002-07-05,King_Haakon,4.039445082,-0.23704798579219144,0.23704798579219144,0.5877526775549149,FALSE,FALSE
2002-07-06,King_Haakon,4.068523535,-0.22173279112588595,0.22173279112588595,0.5877526775549149,FALSE,FALSE
2002-07-07,King_Haakon,4.089695583,-0.2142891772721525,0.2142891772721525,0.5877526775549149,FALSE,FALSE
2002-07-08,King_Haakon,4.054820396,-0.2628934407313084,0.2628934407313084,0.5877526775549149,FALSE,FALSE
2002-07-09,King_Haakon,4.068272247,-0.26320668380017676,0.26320668380017676,0.5877526775549149,FALSE,FALSE
2002-07-10,King_Haakon,4.153040473,-0.19225720612060737,0.19225720612060737,0.5877526775549149,FALSE,FALSE
2002-07-11,King_Haakon,4.162883864,-0.1962650337412919,0.1962650337412919,0.5877526775549149,FALSE,FALSE
2002-07-12,King_Haakon,4.18535589,-0.187650375337018,0.187650375337018,0.5877526775549149,FALSE,FALSE
2002-07-13,King_Haakon,4.239987775,-0.14685568558258133,0.14685568558258133,0.5877526775549149,FALSE,FALSE
2002-07-14,King_Haakon,4.30869801,-0.09193615215276196,0.09193615215276196,0.5877526775549149,FALSE,FALSE
2002-07-15,King_Haakon,4.383263508,-0.03108854072235178,0.03108854072235178,0.5877526775549149,FALSE,FALSE
2002-07-16,King_Haakon,4.435337809,0.00736701003386119,0.00736701003386119,0.5877526775549149,FALSE,FALSE
2002-07-17,King_Haakon,4.464029817,0.02256572544109048,0.02256572544109048,0.5877526775549149,FALSE,FALSE
2002-07-18,King_Haakon,4.461383291,0.00657768582454121,0.00657768582454121,0.5877526775549149,FALSE,FALSE
2002-07-19,King_Haakon,4.46806028,9.126150943306044e-5,9.126150943306044e-5,0.5877526775549149,FALSE,FALSE
2002-07-20,King_Haakon,4.51099343,0.0300654198209731,0.0300654198209731,0.5877526775549149,FALSE,FALSE
2002-07-21,King_Haakon,4.532069501,0.03841324208437236,0.03841324208437236,0.5877526775549149,FALSE,FALSE
2002-07-22,King_Haakon,4.554896292,0.04876784691558011,0.04876784691558011,0.5877526775549149,FALSE,FALSE
2002-07-23,King_Haakon,4.586465908,0.0681328330410853,0.0681328330410853,0.5877526775549149,FALSE,FALSE
2002-07-24,King_Haakon,4.612029271,0.08176053794786142,0.08176053794786142,0.5877526775549149,FALSE,FALSE
2002-07-25,King_Haakon,4.629632902,0.0876986695091988,0.0876986695091988,0.5877526775549149,FALSE,FALSE
2002-07-26,King_Haakon,4.678430083,0.1251016965983789,0.1251016965983789,0.5877526775549149,FALSE,FALSE
2002-07-27,King_Haakon,4.692072416,0.1276224080886914,0.1276224080886914,0.5877526775549149,FALSE,FALSE
2002-07-28,King_Haakon,4.684316337,0.10901842685342356,0.10901842685342356,0.5877526775549149,FALSE,FALSE
2002-07-29,King_Haakon,4.670913425,0.08504251876585744,0.08504251876585744,0.5877526775549149,FALSE,FALSE
2002-07-30,King_Haakon,4.652918832,0.05675102269928622,0.05675102269928622,0.5877526775549149,FALSE,FALSE
2002-07-31,King_Haakon,4.647646544,0.04145911152698911,0.04145911152698911,0.5877526775549149,FALSE,FALSE
2002-08-01,King_Haakon,4.646674696,0.03074610712225922,0.03074610712225922,0.5877526775549149,FALSE,FALSE
2002-08-02,King_Haakon,4.705269454,0.07987936235837978,0.07987936235837978,0.5877526775549149,FALSE,FALSE
2002-08-03,King_Haakon,4.76056808,0.1259973262823353,0.1259973262823353,0.5877526775549149,FALSE,FALSE
2002-08-04,King_Haakon,4.795202248,0.1517375490989492,0.1517375490989492,0.5877526775549149,FALSE,FALSE
2002-08-05,King_Haakon,4.823996337,0.17194720161668542,0.17194720161668542,0.5877526775549149,FALSE,FALSE
2002-08-06,King_Haakon,4.793420247,0.1331227886678965,0.1331227886678965,0.5877526775549149,FALSE,FALSE
2002-08-07,King_Haakon,4.771626901,0.10344383808493164,0.10344383808493164,0.5877526775549149,FALSE,FALSE
2002-08-08,King_Haakon,4.754655789,0.07897644470014509,0.07897644470014509,0.5877526775549149,FALSE,FALSE
2002-08-09,King_Haakon,4.770125981,0.08736628334588747,0.08736628334588747,0.5877526775549149,FALSE,FALSE
2002-08-10,King_Haakon,4.751177622,0.06178010385451049,0.06178010385451049,0.5877526775549149,FALSE,FALSE
2002-08-11,King_Haakon,4.71517281,0.01960660905836331,0.01960660905836331,0.5877526775549149,FALSE,FALSE
2002-08-12,King_Haakon,4.690935141,-0.01030400021020128,0.01030400021020128,0.5877526775549149,FALSE,FALSE
2002-08-13,King_Haakon,4.677523172,-0.02886656211883043,0.02886656211883043,0.5877526775549149,FALSE,FALSE
2002-08-14,King_Haakon,4.706165367,-0.00482600783517295,0.00482600783517295,0.5877526775549149,FALSE,FALSE
2002-08-15,King_Haakon,4.732792268,0.01777480947312426,0.01777480947312426,0.5877526775549149,FALSE,FALSE
2002-08-16,King_Haakon,4.76400084,0.04555752297404147,0.04555752297404147,0.5877526775549149,FALSE,FALSE
2002-08-17,King_Haakon,4.727708233,0.00640638862212927,0.00640638862212927,0.5877526775549149,FALSE,FALSE
2002-08-18,King_Haakon,4.687213614,-0.0364782051211181,0.0364782051211181,0.5877526775549149,FALSE,FALSE
2002-08-19,King_Haakon,4.677158848,-0.04855678243471662,0.04855678243471662,0.5877526775549149,FALSE,FALSE
2002-08-20,King_Haakon,4.675903029,-0.05157263849769578,0.05157263849769578,0.5877526775549149,FALSE,FALSE
2002-08-21,King_Haakon,4.64821169,-0.08086262948906686,0.08086262948906686,0.5877526775549149,FALSE,FALSE
2002-08-22,King_Haakon,4.639873938,-0.09074003758786107,0.09074003758786107,0.5877526775549149,FALSE,FALSE
2002-08-23,King_Haakon,4.649539115,-0.08265790997309619,0.08265790997309619,0.5877526775549149,FALSE,FALSE
2002-08-24,King_Haakon,4.658966106,-0.07495975082379402,0.07495975082379402,0.5877526775549149,FALSE,FALSE
2002-08-25,King_Haakon,4.633727579,-0.10217528131897868,0.10217528131897868,0.5877526775549149,FALSE,FALSE
2002-08-26,King_Haakon,4.644024501,-0.09420592363767356,0.09420592363767356,0.5877526775549149,FALSE,FALSE
2002-08-27,King_Haakon,4.680637432,-0.06037350695889731,0.06037350695889731,0.5877526775549149,FALSE,FALSE
2002-08-28,King_Haakon,4.77360697,0.02926017753832877,0.02926017753832877,0.5877526775549149,FALSE,FALSE
2002-08-29,King_Haakon,4.797322325,0.04900331048735484,0.04900331048735484,0.5877526775549149,FALSE,FALSE
2002-08-30,King_Haakon,4.84954174,0.09666292396778609,0.09666292396778609,0.5877526775549149,FALSE,FALSE
2002-08-31,King_Haakon,4.893246025,0.13531739398500964,0.13531739398500964,0.5877526775549149,FALSE,FALSE
2002-09-01,King_Haakon,4.930204078,0.1668332720342045,0.1668332720342045,0.5877526775549149,FALSE,FALSE
2002-09-02,King_Haakon,4.94834055,0.17923286261054816,0.17923286261054816,0.5877526775549149,FALSE,FALSE
2002-09-03,King_Haakon,4.91177115,0.1367295282092229,0.1367295282092229,0.5877526775549149,FALSE,FALSE
2002-09-04,King_Haakon,4.856639006,0.0755640503254078,0.0755640503254078,0.5877526775549149,FALSE,FALSE
2002-09-05,King_Haakon,4.848647182,0.06153714645428465,0.06153714645428465,0.5877526775549149,FALSE,FALSE
2002-09-06,King_Haakon,4.841207973,0.04815876509102779,0.04815876509102779,0.5877526775549149,FALSE,FALSE
2002-09-07,King_Haakon,4.829759707,0.03096488773082395,0.03096488773082395,0.5877526775549149,FALSE,FALSE
2002-09-08,King_Haakon,4.835493033,0.03124381686884625,0.03124381686884625,0.5877526775549149,FALSE,FALSE
2002-09-09,King_Haakon,4.834264665,0.02494992000027451,0.02494992000027451,0.5877526775549149,FALSE,FALSE
2002-09-10,King_Haakon,4.839606603,0.02571241663106249,0.02571241663106249,0.5877526775549149,FALSE,FALSE
2002-09-11,King_Haakon,4.858766234,0.04083471395754401,0.04083471395754401,0.5877526775549149,FALSE,FALSE
2002-09-12,King_Haakon,4.888258445,0.06681316457309272,0.06681316457309272,0.5877526775549149,FALSE,FALSE
2002-09-13,King_Haakon,4.908901745,0.0844398931213659,0.0844398931213659,0.5877526775549149,FALSE,FALSE
2002-09-14,King_Haakon,4.888089047,0.06108142824602414,0.06108142824602414,0.5877526775549149,FALSE,FALSE
2002-09-15,King_Haakon,4.867779587,0.03867062159071466,0.03867062159071466,0.5877526775549149,FALSE,FALSE
2002-09-16,King_Haakon,4.834334123,0.00354184679909419,0.00354184679909419,0.5877526775549149,FALSE,FALSE
2002-09-17,King_Haakon,4.782723683,-0.04936025248517595,0.04936025248517595,0.5877526775549149,FALSE,FALSE
2002-09-18,King_Haakon,4.729362331,-0.10364799661845048,0.10364799661845048,0.5877526775549149,FALSE,FALSE
2002-09-19,King_Haakon,4.700032962,-0.13356487495706837,0.13356487495706837,0.5877526775549149,FALSE,FALSE
2002-09-20,King_Haakon,4.696602133,-0.13727071485737774,0.13727071485737774,0.5877526775549149,FALSE,FALSE
2002-09-21,King_Haakon,4.704270234,-0.12959151067571906,0.12959151067571906,0.5877526775549149,FALSE,FALSE
2002-09-22,King_Haakon,4.694353274,-0.1392376377684421,0.1392376377684421,0.5877526775549149,FALSE,FALSE
2002-09-23,King_Haakon,4.725961173,-0.10712576467698742,0.10712576467698742,0.5877526775549149,FALSE,FALSE
2002-09-24,King_Haakon,4.747927719,-0.08445087797397566,0.08445087797397566,0.5877526775549149,FALSE,FALSE
2002-09-25,King_Haakon,4.781095033,-0.05040095731214933,0.05040095731214933,0.5877526775549149,FALSE,FALSE
2002-09-26,King_Haakon,4.796560423,-0.03390881395060319,0.03390881395060319,0.5877526775549149,FALSE,FALSE
2002-09-27,King_Haakon,4.788251824,-0.04107663214845125,0.04107663214845125,0.5877526775549149,FALSE,FALSE
2002-09-28,King_Haakon,4.7780441829999996,-0.05005958416479128,0.05005958416479128,0.5877526775549149,FALSE,FALSE
2002-09-29,King_Haakon,4.768898569,-0.0579267202587328,0.0579267202587328,0.5877526775549149,FALSE,FALSE
2002-09-30,King_Haakon,4.758614976,-0.0669081656893793,0.0669081656893793,0.5877526775549149,FALSE,FALSE
2002-10-01,King_Haakon,4.762544536,-0.0616829077158334,0.0616829077158334,0.5877526775549149,FALSE,FALSE
2002-10-02,King_Haakon,4.728170518,-0.09479779659720132,0.09479779659720132,0.5877526775549149,FALSE,FALSE
2002-10-03,King_Haakon,4.670321504,-0.15145436959258873,0.15145436959258873,0.5877526775549149,FALSE,FALSE
2002-10-04,King_Haakon,4.64282535,-0.17785488996109855,0.17785488996109855,0.5877526775549149,FALSE,FALSE
2002-10-05,King_Haakon,4.626494166,-0.19321734867800175,0.19321734867800175,0.5877526775549149,FALSE,FALSE
2002-10-06,King_Haakon,4.627174436,-0.19170324605306543,0.19170324605306543,0.5877526775549149,FALSE,FALSE
2002-10-07,King_Haakon,4.621418246,-0.1967034231342044,0.1967034231342044,0.5877526775549149,FALSE,FALSE
2002-10-08,King_Haakon,4.612003433,-0.2053710678715737,0.2053710678715737,0.5877526775549149,FALSE,FALSE
2002-10-09,King_Haakon,4.623123519,-0.19344368321532457,0.19344368321532457,0.5877526775549149,FALSE,FALSE
2002-10-10,King_Haakon,4.631715789,-0.183915009115605,0.183915009115605,0.5877526775549149,FALSE,FALSE
2002-10-11,King_Haakon,4.671610375,-0.1428859385225767,0.1428859385225767,0.5877526775549149,FALSE,FALSE
2002-10-12,King_Haakon,4.697077655,-0.11601711838638806,0.11601711838638806,0.5877526775549149,FALSE,FALSE
2002-10-13,King_Haakon,4.696272603,-0.11508459965719098,0.11508459965719098,0.5877526775549149,FALSE,FALSE
2002-10-14,King_Haakon,4.706077681,-0.10313694528513828,0.10313694528513828,0.5877526775549149,FALSE,FALSE
2002-10-15,King_Haakon,4.683143748,-0.12345432122038336,0.12345432122038336,0.5877526775549149,FALSE,FALSE
2002-10-16,King_Haakon,4.638256609,-0.1651819474130809,0.1651819474130809,0.5877526775549149,FALSE,FALSE
2002-10-17,King_Haakon,4.595868099,-0.2037990138133816,0.2037990138133816,0.5877526775549149,FALSE,FALSE
2002-10-18,King_Haakon,4.567576458,-0.22764104042115996,0.22764104042115996,0.5877526775549149,FALSE,FALSE
2002-10-19,King_Haakon,4.539412517,-0.250669047882047,0.250669047882047,0.5877526775549149,FALSE,FALSE
2002-10-20,King_Haakon,4.522373118,-0.26193358234318254,0.26193358234318254,0.5877526775549149,FALSE,FALSE
2002-10-21,King_Haakon,4.491372189,-0.2865703276484357,0.2865703276484357,0.5877526775549149,FALSE,FALSE
2002-10-22,King_Haakon,4.463238687,-0.3077999386416739,0.3077999386416739,0.5877526775549149,FALSE,FALSE
2002-10-23,King_Haakon,4.414335748,-0.3493088911667668,0.3493088911667668,0.5877526775549149,FALSE,FALSE
2002-10-24,King_Haakon,4.360547911,-0.3952622580675804,0.3952622580675804,0.5877526775549149,FALSE,FALSE
2002-10-25,King_Haakon,4.31562901,-0.431955817187979,0.431955817187979,0.5877526775549149,FALSE,FALSE
2002-10-26,King_Haakon,4.316349488,-0.4226687373718336,0.4226687373718336,0.5877526775549149,FALSE,FALSE
2002-10-27,King_Haakon,4.321283,-0.4088769754630128,0.4088769754630128,0.5877526775549149,FALSE,FALSE
2002-10-28,King_Haakon,4.291807891,-0.4292517983053834,0.4292517983053834,0.5877526775549149,FALSE,FALSE
2002-10-29,King_Haakon,4.261645246,-0.450121732742816,0.450121732742816,0.5877526775549149,FALSE,FALSE
2002-10-30,King_Haakon,4.218550114,-0.48378134161916986,0.48378134161916986,0.5877526775549149,FALSE,FALSE
2002-10-31,King_Haakon,4.198714763,-0.4940738077049085,0.4940738077049085,0.5877526775549149,FALSE,FALSE
2002-11-01,King_Haakon,4.195273107,-0.4878309638922005,0.4878309638922005,0.5877526775549149,FALSE,FALSE
2002-11-02,King_Haakon,4.182278041,-0.49094425175041767,0.49094425175041767,0.5877526775549149,FALSE,FALSE
2002-11-03,King_Haakon,4.178627459,-0.4844601080932698,0.4844601080932698,0.5877526775549149,FALSE,FALSE
2002-11-04,King_Haakon,4.165019557,-0.48762466773447866,0.48762466773447866,0.5877526775549149,FALSE,FALSE
2002-11-05,King_Haakon,4.138403975,-0.503432621487752,0.503432621487752,0.5877526775549149,FALSE,FALSE
2002-11-06,King_Haakon,4.141588699,-0.4890203141668108,0.4890203141668108,0.5877526775549149,FALSE,FALSE
2002-11-07,King_Haakon,4.128380378,-0.4905254275853652,0.4905254275853652,0.5877526775549149,FALSE,FALSE
2002-11-08,King_Haakon,4.111228198,-0.495443106557131,0.495443106557131,0.5877526775549149,FALSE,FALSE
2002-11-09,King_Haakon,4.070361824,-0.523488016895822,0.523488016895822,0.5877526775549149,FALSE,FALSE
2002-11-10,King_Haakon,4.033296389,-0.547089356415154,0.547089356415154,0.5877526775549149,FALSE,FALSE
2002-11-11,King_Haakon,3.99842894,-0.5677944089288438,0.5677944089288438,0.5877526775549149,FALSE,FALSE
2002-11-12,King_Haakon,3.965842284,-0.585464397165568,0.585464397165568,0.5877526775549149,FALSE,FALSE
2002-11-13,King_Haakon,3.919974281,-0.615588835130934,0.615588835130934,0.5877526775549149,TRUE,TRUE
2002-11-14,King_Haakon,3.877095941,-0.6417990498033626,0.6417990498033626,0.5877526775549149,TRUE,TRUE
2002-11-15,King_Haakon,3.824791777,-0.6764108000190041,0.6764108000190041,0.5877526775549149,TRUE,TRUE
2002-11-16,King_Haakon,3.774987411,-0.7073987356140159,0.7073987356140159,0.5877526775549149,TRUE,TRUE
2002-11-17,King_Haakon,3.7201708,-0.7421751714245559,0.7421751714245559,0.5877526775549149,TRUE,TRUE
2002-11-18,King_Haakon,3.680877659,-0.7601046642867777,0.7601046642867777,0.5877526775549149,TRUE,TRUE
2002-11-19,King_Haakon,3.651944555,-0.766250919036839,0.766250919036839,0.5877526775549149,TRUE,TRUE
2002-11-20,King_Haakon,3.607606368,-0.7862793275108961,0.7862793275108961,0.5877526775549149,TRUE,TRUE
2002-11-21,King_Haakon,3.578354216,-0.7895990435451026,0.7895990435451026,0.5877526775549149,TRUE,TRUE
2002-11-22,King_Haakon,3.550653489,-0.7896449489756172,0.7896449489756172,0.5877526775549149,TRUE,TRUE
2002-11-23,King_Haakon,3.499742017,-0.811079485638591,0.811079485638591,0.5877526775549149,TRUE,TRUE
2002-11-24,King_Haakon,3.439852927,-0.8395697983701873,0.8395697983701873,0.5877526775549149,TRUE,TRUE
2002-11-25,King_Haakon,3.416066358,-0.8299533676518953,0.8299533676518953,0.5877526775549149,TRUE,TRUE
2002-11-26,King_Haakon,3.380748834,-0.8299280124429855,0.8299280124429855,0.5877526775549149,TRUE,TRUE
2002-11-27,King_Haakon,3.338754255,-0.8347779520711955,0.8347779520711955,0.5877526775549149,TRUE,TRUE
2002-11-28,King_Haakon,3.320948359,-0.8137761266774088,0.8137761266774088,0.5877526775549149,TRUE,TRUE
2002-11-29,King_Haakon,3.304422316,-0.7899700444025042,0.7899700444025042,0.5877526775549149,TRUE,TRUE
2002-11-30,King_Haakon,3.294667778,-0.7580067313873613,0.7580067313873613,0.5877526775549149,TRUE,TRUE
2002-12-01,King_Haakon,3.296469301,-0.7132403097728659,0.7132403097728659,0.5877526775549149,TRUE,TRUE
2002-12-02,King_Haakon,3.285535254,-0.6801010886998942,0.6801010886998942,0.5877526775549149,TRUE,TRUE
2002-12-03,King_Haakon,3.304184461,-0.6164089223093283,0.6164089223093283,0.5877526775549149,TRUE,TRUE
2002-12-04,King_Haakon,3.276922511,-0.5977968997420517,0.5977968997420517,0.5877526775549149,TRUE,TRUE
2002-12-05,King_Haakon,3.247382049,-0.580771054138943,0.580771054138943,0.5877526775549149,FALSE,FALSE
2002-12-06,King_Haakon,3.252494687,-0.5285384516408844,0.5285384516408844,0.5877526775549149,FALSE,FALSE
2002-12-07,King_Haakon,3.217479902,-0.5160181322387181,0.5160181322387181,0.5877526775549149,FALSE,FALSE
2002-12-08,King_Haakon,3.207563164,-0.4780731167949086,0.4780731167949086,0.5877526775549149,FALSE,FALSE
2002-12-09,King_Haakon,3.181983485,-0.4554322395187955,0.4554322395187955,0.5877526775549149,FALSE,FALSE
2002-12-10,King_Haakon,3.156991622,-0.431794767714786,0.431794767714786,0.5877526775549149,FALSE,FALSE
2002-12-11,King_Haakon,3.095480838,-0.44421746268729567,0.44421746268729567,0.5877526775549149,FALSE,FALSE
2002-12-12,King_Haakon,3.061211917,-0.42888956474073536,0.42888956474073536,0.5877526775549149,FALSE,FALSE
2002-12-13,King_Haakon,3.016458892,-0.42348706517951706,0.42348706517951706,0.5877526775549149,FALSE,FALSE
2002-12-14,King_Haakon,2.983429131,-0.4057526203080539,0.4057526203080539,0.5877526775549149,FALSE,FALSE
2002-12-15,King_Haakon,2.920740992,-0.4170178964307567,0.4170178964307567,0.5877526775549149,FALSE,FALSE
2002-12-16,King_Haakon,2.901904033,-0.3837233598520373,0.3837233598520373,0.5877526775549149,FALSE,FALSE
2002-12-17,King_Haakon,2.875433522,-0.35730376687630905,0.35730376687630905,0.5877526775549149,FALSE,FALSE
2002-12-18,King_Haakon,2.834217497,-0.34482110380798137,0.34482110380798137,0.5877526775549149,FALSE,FALSE
2002-12-19,King_Haakon,2.790893053,-0.3335882999514692,0.3335882999514692,0.5877526775549149,FALSE,FALSE
2002-12-20,King_Haakon,2.746687378,-0.3223325866460529,0.3223325866460529,0.5877526775549149,FALSE,FALSE
2002-12-21,King_Haakon,2.699623254,-0.31305509520395125,0.31305509520395125,0.5877526775549149,FALSE,FALSE
2002-12-22,King_Haakon,2.661896354,-0.2936395374857921,0.2936395374857921,0.5877526775549149,FALSE,FALSE
2002-12-23,King_Haakon,2.605303193,-0.2923703291735551,0.2923703291735551,0.5877526775549149,FALSE,FALSE
2002-12-24,King_Haakon,2.539247469,-0.2999247029492187,0.2999247029492187,0.5877526775549149,FALSE,FALSE
2002-12-25,King_Haakon,2.505857853,-0.27425491849475314,0.27425491849475314,0.5877526775549149,FALSE,FALSE
2002-12-26,King_Haakon,2.474307395,-0.24626885649213692,0.24626885649213692,0.5877526775549149,FALSE,FALSE
2002-12-27,King_Haakon,2.447202514,-0.21344102862334768,0.21344102862334768,0.5877526775549149,FALSE,FALSE
2002-12-28,King_Haakon,2.407412322,-0.1929832535703655,0.1929832535703655,0.5877526775549149,FALSE,FALSE
2002-12-29,King_Haakon,2.375137321,-0.16477596001515638,0.16477596001515638,0.5877526775549149,FALSE,FALSE
2002-12-30,King_Haakon,2.350317177,-0.12896041263970617,0.12896041263970617,0.5877526775549149,FALSE,FALSE
2002-12-31,King_Haakon,2.31806602,-0.1005034121259838,0.1005034121259838,0.5877526775549149,FALSE,FALSE
2003-01-01,King_Haakon,2.32046581,-0.03740392915597335,0.03740392915597335,0.5877526775549149,FALSE,FALSE
2003-01-02,King_Haakon,2.307427351,0.01016491161808419,0.01016491161808419,0.5877526775549149,FALSE,FALSE
2003-01-03,King_Haakon,2.255509289,0.01866583566284418,0.01866583566284418,0.5877526775549149,FALSE,FALSE
2003-01-04,King_Haakon,2.243999028,0.067287328474699315,0.067287328474699315,0.5877526775549149,FALSE,FALSE
2003-01-05,King_Haakon,2.19390535,0.07693925355003417,0.07693925355003417,0.5877526775549149,FALSE,FALSE
2003-01-06,King_Haakon,2.170142652,0.11243708938524533,0.11243708938524533,0.5877526775549149,FALSE,FALSE
2003-01-07,King_Haakon,2.112231247,0.11320223047671596,0.11320223047671596,0.5877526775549149,FALSE,FALSE
2003-01-08,King_Haakon,2.07849746,0.13746208332083332,0.13746208332083332,0.5877526775549149,FALSE,FALSE
2003-01-09,King_Haakon,2.036627991,0.15280442941399253,0.15280442941399253,0.5877526775549149,FALSE,FALSE
2003-01-10,King_Haakon,1.98993569,0.16244320025257686,0.16244320025257686,0.5877526775549149,FALSE,FALSE
2003-01-11,King_Haakon,1.966202551,0.1940614713329778,0.1940614713329778,0.5877526775549149,FALSE,FALSE
2003-01-12,King_Haakon,1.960003658,0.24213540815158496,0.24213540815158496,0.5877526775549149,FALSE,FALSE
2003-01-13,King_Haakon,1.920918215,0.256145296204785,0.256145296204785,0.5877526775549149,FALSE,FALSE
2003-01-14,King_Haakon,1.875880058,0.26292682309789805,0.26292682309789805,0.5877526775549149,FALSE,FALSE
2003-01-15,King_Haakon,1.840535137,0.2780554256704164,0.2780554256704164,0.5877526775549149,FALSE,FALSE
2003-01-16,King_Haakon,1.776743623,0.2633553827931552,0.2633553827931552,0.5877526775549149,FALSE,FALSE
2003-01-17,King_Haakon,1.724348058,0.25863553388853844,0.25863553388853844,0.5877526775549149,FALSE,FALSE
2003-01-18,King_Haakon,1.670154682,0.2506684163789885,0.2506684163789885,0.5877526775549149,FALSE,FALSE
2003-01-19,King_Haakon,1.637459535,0.2627163676869262,0.2627163676869262,0.5877526775549149,FALSE,FALSE
2003-01-20,King_Haakon,1.596602953,0.26508602123477476,0.26508602123477476,0.5877526775549149,FALSE,FALSE
2003-01-21,King_Haakon,1.555767696,0.2659264344449559,0.2659264344449559,0.5877526775549149,FALSE,FALSE
2003-01-22,King_Haakon,1.492383329,0.24263346973989264,0.24263346973989264,0.5877526775549149,FALSE,FALSE
2003-01-23,King_Haakon,1.448512047,0.23723561954200711,0.23723561954200711,0.5877526775549149,FALSE,FALSE
2003-01-24,King_Haakon,1.415291102,0.2408364332737196,0.2408364332737196,0.5877526775549149,FALSE,FALSE
2003-01-25,King_Haakon,1.39854119,0.2592229043574539,0.2592229043574539,0.5877526775549149,FALSE,FALSE
2003-01-26,King_Haakon,1.359686429,0.253785448215633,0.253785448215633,0.5877526775549149,FALSE,FALSE
2003-01-27,King_Haakon,1.347441636,0.273213978350217,0.273213978350217,0.5877526775549149,FALSE,FALSE
2003-01-28,King_Haakon,1.338104527,0.29384087227057654,0.29384087227057654,0.5877526775549149,FALSE,FALSE
2003-01-29,King_Haakon,1.331803592,0.3158539805227172,0.3158539805227172,0.5877526775549149,FALSE,FALSE
2003-01-30,King_Haakon,1.317295654,0.32806956621608085,0.32806956621608085,0.5877526775549149,FALSE,FALSE
2003-01-31,King_Haakon,1.265261603,0.30122795946010794,0.30122795946010794,0.5877526775549149,FALSE,FALSE
2003-02-01,King_Haakon,1.223767813,0.2834549743642424,0.2834549743642424,0.5877526775549149,FALSE,FALSE
2003-02-02,King_Haakon,1.189222232,0.27121799903792443,0.27121799903792443,0.5877526775549149,FALSE,FALSE
2003-02-03,King_Haakon,1.158951294,0.2619029075905963,0.2619029075905963,0.5877526775549149,FALSE,FALSE
2003-02-04,King_Haakon,1.144617762,0.26723190313169987,0.26723190313169987,0.5877526775549149,FALSE,FALSE
2003-02-05,King_Haakon,1.133983397,0.27502618677067614,0.27502618677067614,0.5877526775549149,FALSE,FALSE
2003-02-06,King_Haakon,1.116360038,0.27465703761696947,0.27465703761696947,0.5877526775549149,FALSE,FALSE
2003-02-07,King_Haakon,1.104935484,0.2793716947800188,0.2793716947800188,0.5877526775549149,FALSE,FALSE
2003-02-08,King_Haakon,1.08526567,0.27478514195447434,0.27478514195447434,0.5877526775549149,FALSE,FALSE
2003-02-09,King_Haakon,1.099956165,0.30351032095318353,0.30351032095318353,0.5877526775549149,FALSE,FALSE
2003-02-10,King_Haakon,1.097046984,0.3134918486712456,0.3134918486712456,0.5877526775549149,FALSE,FALSE
2003-02-11,King_Haakon,1.084153263,0.3122373120279349,0.3122373120279349,0.5877526775549149,FALSE,FALSE
2003-02-12,King_Haakon,1.080481508,0.3188456679425201,0.3188456679425201,0.5877526775549149,FALSE,FALSE
2003-02-13,King_Haakon,1.081952496,0.3291301443342718,0.3291301443342718,0.5877526775549149,FALSE,FALSE
2003-02-14,King_Haakon,1.073885734,0.32830269912246457,0.32830269912246457,0.5877526775549149,FALSE,FALSE
2003-02-15,King_Haakon,1.065724915,0.3256994762263673,0.3256994762263673,0.5877526775549149,FALSE,FALSE
2003-02-16,King_Haakon,1.049433399,0.31317628656525265,0.31317628656525265,0.5877526775549149,FALSE,FALSE
2003-02-17,King_Haakon,1.069844676,0.3354590710583911,0.3354590710583911,0.5877526775549149,FALSE,FALSE
2003-02-18,King_Haakon,1.093283053,0.35876458762505425,0.35876458762505425,0.5877526775549149,FALSE,FALSE
2003-02-19,King_Haakon,1.100393259,0.3636300161845145,0.3636300161845145,0.5877526775549149,FALSE,FALSE
2003-02-20,King_Haakon,1.115548257,0.3743207706560415,0.3743207706560415,0.5877526775549149,FALSE,FALSE
2003-02-21,King_Haakon,1.171003098,0.4229947808441773,0.4229947808441773,0.5877526775549149,FALSE,FALSE
2003-02-22,King_Haakon,1.190001975,0.43292554240931735,0.43292554240931735,0.5877526775549149,FALSE,FALSE
2003-02-23,King_Haakon,1.197461388,0.4291429606777203,0.4291429606777203,0.5877526775549149,FALSE,FALSE
2003-02-24,King_Haakon,1.22654863,0.4449292542971608,0.4449292542971608,0.5877526775549149,FALSE,FALSE
2003-02-25,King_Haakon,1.235563117,0.4386987649154106,0.4386987649154106,0.5877526775549149,FALSE,FALSE
2003-02-26,King_Haakon,1.235517418,0.4215789871802422,0.4215789871802422,0.5877526775549149,FALSE,FALSE
2003-02-27,King_Haakon,1.233484319,0.4007576327394291,0.4007576327394291,0.5877526775549149,FALSE,FALSE
2003-02-28,King_Haakon,1.272010444,0.4188962512407429,0.4188962512407429,0.5877526775549149,FALSE,FALSE
2003-03-01,King_Haakon,1.287217338,0.41223131333195806,0.41223131333195806,0.5877526775549149,FALSE,FALSE
2003-03-02,King_Haakon,1.302342682,0.40411542566084535,0.40411542566084535,0.5877526775549149,FALSE,FALSE
2003-03-03,King_Haakon,1.324993134,0.4022701718751801,0.4022701718751801,0.5877526775549149,FALSE,FALSE
2003-03-04,King_Haakon,1.333781513,0.385423296622733,0.385423296622733,0.5877526775549149,FALSE,FALSE
2003-03-05,King_Haakon,1.335087248,0.3600691505688367,0.3600691505688367,0.5877526775549149,FALSE,FALSE
2003-03-06,King_Haakon,1.351989704,0.3493872061977519,0.3493872061977519,0.5877526775549149,FALSE,FALSE
2003-03-07,King_Haakon,1.37393297,0.3428734306473509,0.3428734306473509,0.5877526775549149,FALSE,FALSE
2003-03-08,King_Haakon,1.391428304,0.33108116175832114,0.33108116175832114,0.5877526775549149,FALSE,FALSE
2003-03-09,King_Haakon,1.397685272,0.3072620453713455,0.3072620453713455,0.5877526775549149,FALSE,FALSE
2003-03-10,King_Haakon,1.417851509,0.2966057963271087,0.2966057963271087,0.5877526775549149,FALSE,FALSE
2003-03-11,King_Haakon,1.455698781,0.3029262604662979,0.3029262604662979,0.5877526775549149,FALSE,FALSE
2003-03-12,King_Haakon,1.504279977,0.3193184066295973,0.3193184066295973,0.5877526775549149,FALSE,FALSE
2003-03-13,King_Haakon,1.528076008,0.3103052256576919,0.3103052256576919,0.5877526775549149,FALSE,FALSE
2003-03-14,King_Haakon,1.545658142,0.2945000653912657,0.2945000653912657,0.5877526775549149,FALSE,FALSE
2003-03-15,King_Haakon,1.533428251,0.24834687767100497,0.24834687767100497,0.5877526775549149,FALSE,FALSE
2003-03-16,King_Haakon,1.523756037,0.20425744433759352,0.20425744433759352,0.5877526775549149,FALSE,FALSE
2003-03-17,King_Haakon,1.529425664,0.17505800923171777,0.17505800923171777,0.5877526775549149,FALSE,FALSE
2003-03-18,King_Haakon,1.533310228,0.1436639001071678,0.1436639001071678,0.5877526775549149,FALSE,FALSE
2003-03-19,King_Haakon,1.505592275,0.08030368872538451,0.08030368872538451,0.5877526775549149,FALSE,FALSE
2003-03-20,King_Haakon,1.517883751,0.05663931541159539,0.05663931541159539,0.5877526775549149,FALSE,FALSE
2003-03-21,King_Haakon,1.557137541,0.05967384633749884,0.05967384633749884,0.5877526775549149,FALSE,FALSE
2003-03-22,King_Haakon,1.62900502,0.09510883767479772,0.09510883767479772,0.5877526775549149,FALSE,FALSE
2003-03-23,King_Haakon,1.683829309,0.1133375915951942,0.1133375915951942,0.5877526775549149,FALSE,FALSE
2003-03-24,King_Haakon,1.728624824,0.12142470527038628,0.12142470527038628,0.5877526775549149,FALSE,FALSE
2003-03-25,King_Haakon,1.744637914,0.10066670887207896,0.10066670887207896,0.5877526775549149,FALSE,FALSE
2003-03-26,King_Haakon,1.766245784,0.0854909885719688,0.0854909885719688,0.5877526775549149,FALSE,FALSE
2003-03-27,King_Haakon,1.800119211,0.08261850254175918,0.08261850254175918,0.5877526775549149,FALSE,FALSE
2003-03-28,King_Haakon,1.844641045,0.09048228195314968,0.09048228195314968,0.5877526775549149,FALSE,FALSE
2003-03-29,King_Haakon,1.882164539,0.09148576097784412,0.09148576097784412,0.5877526775549149,FALSE,FALSE
2003-03-30,King_Haakon,1.917240698,0.09023012578754176,0.09023012578754176,0.5877526775549149,FALSE,FALSE
2003-03-31,King_Haakon,1.928978103,0.06586555739879318,0.06586555739879318,0.5877526775549149,FALSE,FALSE
2003-04-01,King_Haakon,1.93832582,0.03933581694897947,0.03933581694897947,0.5877526775549149,FALSE,FALSE
2003-04-02,King_Haakon,1.965408801,0.03074460593784156,0.03074460593784156,0.5877526775549149,FALSE,FALSE
2003-04-03,King_Haakon,1.996744319,0.02658793368286849,0.02658793368286849,0.5877526775549149,FALSE,FALSE
2003-04-04,King_Haakon,2.083962908,0.07847507050155444,0.07847507050155444,0.5877526775549149,FALSE,FALSE
2003-04-05,King_Haakon,2.122163686,0.08148387071138918,0.08148387071138918,0.5877526775549149,FALSE,FALSE
2003-04-06,King_Haakon,2.16278696,0.08703337762986241,0.08703337762986241,0.5877526775549149,FALSE,FALSE
2003-04-07,King_Haakon,2.217247539,0.10651713657447016,0.10651713657447016,0.5877526775549149,FALSE,FALSE
2003-04-08,King_Haakon,2.261897526,0.11626598686270072,0.11626598686270072,0.5877526775549149,FALSE,FALSE
2003-04-09,King_Haakon,2.300058589,0.11958033281204816,0.11958033281204816,0.5877526775549149,FALSE,FALSE
2003-04-10,King_Haakon,2.314097545,0.0988057277399994,0.0988057277399994,0.5877526775549149,FALSE,FALSE
2003-04-11,King_Haakon,2.33776513,0.0876716439640508,0.0876716439640508,0.5877526775549149,FALSE,FALSE
2003-04-12,King_Haakon,2.350995903,0.066091541847904,0.066091541847904,0.5877526775549149,FALSE,FALSE
2003-04-13,King_Haakon,2.378157322,0.05842354363740476,0.05842354363740476,0.5877526775549149,FALSE,FALSE
2003-04-14,King_Haakon,2.384274036,0.02970235358409034,0.02970235358409034,0.5877526775549149,FALSE,FALSE
2003-04-15,King_Haakon,2.367645051,-0.02176115585376159,0.02176115585376159,0.5877526775549149,FALSE,FALSE
2003-04-16,King_Haakon,2.371241919,-0.05298356621787636,0.05298356621787636,0.5877526775549149,FALSE,FALSE
2003-04-17,King_Haakon,2.405135752,-0.05388189904998075,0.05388189904998075,0.5877526775549149,FALSE,FALSE
2003-04-18,King_Haakon,2.465504714,-0.02826612389179628,0.02826612389179628,0.5877526775549149,FALSE,FALSE
2003-04-19,King_Haakon,2.543787796,0.01531461671495204,0.01531461671495204,0.5877526775549149,FALSE,FALSE
2003-04-20,King_Haakon,2.646247363,0.083134554228538,0.083134554228538,0.5877526775549149,FALSE,FALSE
2003-04-21,King_Haakon,2.722764118,0.12508625810723606,0.12508625810723606,0.5877526775549149,FALSE,FALSE
2003-04-22,King_Haakon,2.750401862,0.11824539580932304,0.11824539580932304,0.5877526775549149,FALSE,FALSE
2003-04-23,King_Haakon,2.771104831,0.10456806979307354,0.10456806979307354,0.5877526775549149,FALSE,FALSE
2003-04-24,King_Haakon,2.81526646,0.11445958151676416,0.11445958151676416,0.5877526775549149,FALSE,FALSE
2003-04-25,King_Haakon,2.856949532,0.12199650916687688,0.12199650916687688,0.5877526775549149,FALSE,FALSE
2003-04-26,King_Haakon,2.909304982,0.14036190095366408,0.14036190095366408,0.5877526775549149,FALSE,FALSE
2003-04-27,King_Haakon,2.928686599,0.12595178173444754,0.12595178173444754,0.5877526775549149,FALSE,FALSE
2003-04-28,King_Haakon,2.952017266,0.11573137699745484,0.11573137699745484,0.5877526775549149,FALSE,FALSE
2003-04-29,King_Haakon,2.957808247,0.08825429323092004,0.08825429323092004,0.5877526775549149,FALSE,FALSE
2003-04-30,King_Haakon,3.002857847,0.10036117792306463,0.10036117792306463,0.5877526775549149,FALSE,FALSE
2003-05-01,King_Haakon,3.023901378,0.08882968556212578,0.08882968556212578,0.5877526775549149,FALSE,FALSE
2003-05-02,King_Haakon,3.036973695,0.06973701363632623,0.06973701363632623,0.5877526775549149,FALSE,FALSE
2003-05-03,King_Haakon,3.082286715,0.08333742163389912,0.08333742163389912,0.5877526775549149,FALSE,FALSE
2003-05-04,King_Haakon,3.122573112,0.0924059260430723,0.0924059260430723,0.5877526775549149,FALSE,FALSE
2003-05-05,King_Haakon,3.120091685,0.05924366835207539,0.05924366835207539,0.5877526775549149,FALSE,FALSE
2003-05-06,King_Haakon,3.123495027,0.03254558404913554,0.03254558404913554,0.5877526775549149,FALSE,FALSE
2003-05-07,King_Haakon,3.136619206,0.01619006244807019,0.01619006244807019,0.5877526775549149,FALSE,FALSE
2003-05-08,King_Haakon,3.180622829,0.03136622679559453,0.03136622679559453,0.5877526775549149,FALSE,FALSE
2003-05-09,King_Haakon,3.243349098,0.06591637647707138,0.06591637647707138,0.5877526775549149,FALSE,FALSE
2003-05-10,King_Haakon,3.296689206,0.09172563234300446,0.09172563234300446,0.5877526775549149,FALSE,FALSE
2003-05-11,King_Haakon,3.361980097,0.13012486624389297,0.13012486624389297,0.5877526775549149,FALSE,FALSE
2003-05-12,King_Haakon,3.408959786,0.15084602103024247,0.15084602103024247,0.5877526775549149,FALSE,FALSE
2003-05-13,King_Haakon,3.420626196,0.13688094755255342,0.13688094755255342,0.5877526775549149,FALSE,FALSE
2003-05-14,King_Haakon,3.434030631,0.1252748776613264,0.1252748776613264,0.5877526775549149,FALSE,FALSE
2003-05-15,King_Haakon,3.428482418,0.09533106620706676,0.09533106620706676,0.5877526775549149,FALSE,FALSE
2003-05-16,King_Haakon,3.440610288,0.08367217204027178,0.08367217204027178,0.5877526775549149,FALSE,FALSE
2003-05-17,King_Haakon,3.474835151,0.09471303301145008,0.09471303301145008,0.5877526775549149,FALSE,FALSE
2003-05-18,King_Haakon,3.510693743,0.10798431297109712,0.10798431297109712,0.5877526775549149,FALSE,FALSE
2003-05-19,King_Haakon,3.548543013,0.123836888769719,0.123836888769719,0.5877526775549149,FALSE,FALSE
2003-05-20,King_Haakon,3.595262931,0.14914308011775823,0.14914308011775823,0.5877526775549149,FALSE,FALSE
2003-05-21,King_Haakon,3.61549457,0.1485075129078215,0.1485075129078215,0.5877526775549149,FALSE,FALSE
2003-05-22,King_Haakon,3.626985628,0.1396162787196071,0.1396162787196071,0.5877526775549149,FALSE,FALSE
2003-05-23,King_Haakon,3.66586684,0.15853765965486666,0.15853765965486666,0.5877526775549149,FALSE,FALSE
2003-05-24,King_Haakon,3.678688806,0.15175980281534684,0.15175980281534684,0.5877526775549149,FALSE,FALSE
2003-05-25,King_Haakon,3.715965599,0.16973432830279833,0.16973432830279833,0.5877526775549149,FALSE,FALSE
2003-05-26,King_Haakon,3.768272064,0.2029736282189676,0.2029736282189676,0.5877526775549149,FALSE,FALSE
2003-05-27,King_Haakon,3.82178957,0.2375966186656049,0.2375966186656049,0.5877526775549149,FALSE,FALSE
2003-05-28,King_Haakon,3.859458981,0.256481710744457,0.256481710744457,0.5877526775549149,FALSE,FALSE
2003-05-29,King_Haakon,3.867667552,0.2459537065572737,0.2459537065572737,0.5877526775549149,FALSE,FALSE
2003-05-30,King_Haakon,3.865716317,0.2252511872058056,0.2252511872058056,0.5877526775549149,FALSE,FALSE
2003-05-31,King_Haakon,3.856412377,0.1971188007917943,0.1971188007917943,0.5877526775549149,FALSE,FALSE
2003-06-01,King_Haakon,3.843769486,0.16550784841699606,0.16550784841699606,0.5877526775549149,FALSE,FALSE
2003-06-02,King_Haakon,3.854384104,0.15696618953588004,0.15696618953588004,0.5877526775549149,FALSE,FALSE
2003-06-03,King_Haakon,3.836300635,0.11955108038034724,0.11955108038034724,0.5877526775549149,FALSE,FALSE
2003-06-04,King_Haakon,3.834564187,0.09833751644623856,0.09833751644623856,0.5877526775549149,FALSE,FALSE
2003-06-05,King_Haakon,3.868486021,0.11266664686042382,0.11266664686042382,0.5877526775549149,FALSE,FALSE
2003-06-06,King_Haakon,3.921962754,0.14646497674977876,0.14646497674977876,0.5877526775549149,FALSE,FALSE
2003-06-07,King_Haakon,3.981304342,0.18607235024118207,0.18607235024118207,0.5877526775549149,FALSE,FALSE
2003-06-08,King_Haakon,3.974000591,0.15900846146149705,0.15900846146149705,0.5877526775549149,FALSE,FALSE
2003-06-09,King_Haakon,3.953690486,0.11894218353760032,0.11894218353760032,0.5877526775549149,FALSE,FALSE
2003-06-10,King_Haakon,3.957271014,0.10280039159636356,0.10280039159636356,0.5877526775549149,FALSE,FALSE
2003-06-11,King_Haakon,3.973329739,0.09920053776466276,0.09920053776466276,0.5877526775549149,FALSE,FALSE
2003-06-12,King_Haakon,3.981966944,0.08827279316936965,0.08827279316936965,0.5877526775549149,FALSE,FALSE
2003-06-13,King_Haakon,4.001532915,0.0883973319373541,0.0883973319373541,0.5877526775549149,FALSE,FALSE
2003-06-14,King_Haakon,4.043445419,0.1110216892447018,0.1110216892447018,0.5877526775549149,FALSE,FALSE
2003-06-15,King_Haakon,4.053114207,0.10158009633918264,0.10158009633918264,0.5877526775549149,FALSE,FALSE
2003-06-16,King_Haakon,4.02939555,0.0589460501944461,0.0589460501944461,0.5877526775549149,FALSE,FALSE
2003-06-17,King_Haakon,4.035831769,0.04667857219959037,0.04667857219959037,0.5877526775549149,FALSE,FALSE
2003-06-18,King_Haakon,4.019655803,0.01202730174373556,0.01202730174373556,0.5877526775549149,FALSE,FALSE
2003-06-19,King_Haakon,4.008798667,-0.01706004578401554,0.01706004578401554,0.5877526775549149,FALSE,FALSE
2003-06-20,King_Haakon,4.018536165,-0.02529096599454483,0.02529096599454483,0.5877526775549149,FALSE,FALSE
2003-06-21,King_Haakon,4.01559521,-0.04592184549875089,0.04592184549875089,0.5877526775549149,FALSE,FALSE
2003-06-22,King_Haakon,4.021471716,-0.05744006990751948,0.05744006990751948,0.5877526775549149,FALSE,FALSE
2003-06-23,King_Haakon,4.079495897,-0.01649872483174164,0.01649872483174164,0.5877526775549149,FALSE,FALSE
2003-06-24,King_Haakon,4.113721517,9.72654117694205e-4,9.72654117694205e-4,0.5877526775549149,FALSE,FALSE
2003-06-25,King_Haakon,4.128650639,-5.071696701044459e-4,5.071696701044459e-4,0.5877526775549149,FALSE,FALSE
2003-06-26,King_Haakon,4.113795871,-0.0314088878060268,0.0314088878060268,0.5877526775549149,FALSE,FALSE
2003-06-27,King_Haakon,4.101865105,-0.05901224533822091,0.05901224533822091,0.5877526775549149,FALSE,FALSE
2003-06-28,King_Haakon,4.111202388,-0.06499360818245581,0.06499360818245581,0.5877526775549149,FALSE,FALSE
2003-06-29,King_Haakon,4.145333198,-0.0458628878367886,0.0458628878367886,0.5877526775549149,FALSE,FALSE
2003-06-30,King_Haakon,4.23335154,0.02743845419846913,0.02743845419846913,0.5877526775549149,FALSE,FALSE
2003-07-01,King_Haakon,4.284413753,0.06403129042301003,0.06403129042301003,0.5877526775549149,FALSE,FALSE
2003-07-02,King_Haakon,4.283998671,0.04935898833652707,0.04935898833652707,0.5877526775549149,FALSE,FALSE
2003-07-03,King_Haakon,4.304050437,0.05533022443870372,0.05533022443870372,0.5877526775549149,FALSE,FALSE
2003-07-04,King_Haakon,4.354830117,0.09217059822923356,0.09217059822923356,0.5877526775549149,FALSE,FALSE
2003-07-05,King_Haakon,4.367334889,0.0908418212078086,0.0908418212078086,0.5877526775549149,FALSE,FALSE
2003-07-06,King_Haakon,4.364065998,0.07380967187411436,0.07380967187411436,0.5877526775549149,FALSE,FALSE
2003-07-07,King_Haakon,4.404497804,0.10051304372784742,0.10051304372784742,0.5877526775549149,FALSE,FALSE
2003-07-08,King_Haakon,4.445546064,0.1278322272686916,0.1278322272686916,0.5877526775549149,FALSE,FALSE
2003-07-09,King_Haakon,4.468890037,0.13741110619982333,0.13741110619982333,0.5877526775549149,FALSE,FALSE
2003-07-10,King_Haakon,4.467192459,0.12189477987939236,0.12189477987939236,0.5877526775549149,FALSE,FALSE
2003-07-11,King_Haakon,4.478213675,0.1190647772587079,0.1190647772587079,0.5877526775549149,FALSE,FALSE
2003-07-12,King_Haakon,4.52478904,0.15178277466298162,0.15178277466298162,0.5877526775549149,FALSE,FALSE
2003-07-13,King_Haakon,4.536856877,0.15001341641741828,0.15001341641741828,0.5877526775549149,FALSE,FALSE
2003-07-14,King_Haakon,4.541418959,0.140784796847238,0.140784796847238,0.5877526775549149,FALSE,FALSE
2003-07-15,King_Haakon,4.567954105,0.15360205627764856,0.15360205627764856,0.5877526775549149,FALSE,FALSE
2003-07-16,King_Haakon,4.548206802,0.1202360030338614,0.1202360030338614,0.5877526775549149,FALSE,FALSE
2003-07-17,King_Haakon,4.539942429,0.09847833744109025,0.09847833744109025,0.5877526775549149,FALSE,FALSE
2003-07-18,King_Haakon,4.555795421,0.10098981582454147,0.10098981582454147,0.5877526775549149,FALSE,FALSE
2003-07-19,King_Haakon,4.582180866,0.11421184750943247,0.11421184750943247,0.5877526775549149,FALSE,FALSE
2003-07-20,King_Haakon,4.599965724,0.1190377138209726,0.1190377138209726,0.5877526775549149,FALSE,FALSE
2003-07-21,King_Haakon,4.631834604,0.13817834508437254,0.13817834508437254,0.5877526775549149,FALSE,FALSE
2003-07-22,King_Haakon,4.679385704,0.17325725891558097,0.17325725891558097,0.5877526775549149,FALSE,FALSE
2003-07-23,King_Haakon,4.754552023,0.2362189480410848,0.2362189480410848,0.5877526775549149,FALSE,FALSE
2003-07-24,King_Haakon,4.747565398,0.21729666494786137,0.21729666494786137,0.5877526775549149,FALSE,FALSE
2003-07-25,King_Haakon,4.76353904,0.2216048075091992,0.2216048075091992,0.5877526775549149,FALSE,FALSE
2003-07-26,King_Haakon,4.771119659,0.2177912725983786,0.2177912725983786,0.5877526775549149,FALSE,FALSE
2003-07-27,King_Haakon,4.773478011,0.20902800308869107,0.20902800308869107,0.5877526775549149,FALSE,FALSE
2003-07-28,King_Haakon,4.782306877,0.2070089668534232,0.2070089668534232,0.5877526775549149,FALSE,FALSE
2003-07-29,King_Haakon,4.817129475,0.23125856876585704,0.23125856876585704,0.5877526775549149,FALSE,FALSE
2003-07-30,King_Haakon,4.807658766,0.2114909566992864,0.2114909566992864,0.5877526775549149,FALSE,FALSE
2003-07-31,King_Haakon,4.806838233,0.2006508005269891,0.2006508005269891,0.5877526775549149,FALSE,FALSE
2003-08-01,King_Haakon,4.832829862,0.21690127312225904,0.21690127312225904,0.5877526775549149,FALSE,FALSE
2003-08-02,King_Haakon,4.842207774,0.21681768235838028,0.21681768235838028,0.5877526775549149,FALSE,FALSE
2003-08-03,King_Haakon,4.863187216,0.22861646228233568,0.22861646228233568,0.5877526775549149,FALSE,FALSE
2003-08-04,King_Haakon,4.83251085,0.1890461510989496,0.1890461510989496,0.5877526775549149,FALSE,FALSE
2003-08-05,King_Haakon,4.820386539,0.16833740361668603,0.16833740361668603,0.5877526775549149,FALSE,FALSE
2003-08-06,King_Haakon,4.832864603,0.17256714466789624,0.17256714466789624,0.5877526775549149,FALSE,FALSE
2003-08-07,King_Haakon,4.793648737,0.12546567408493114,0.12546567408493114,0.5877526775549149,FALSE,FALSE
2003-08-08,King_Haakon,4.771806685,0.0961273407001446,0.0961273407001446,0.5877526775549149,FALSE,FALSE
2003-08-09,King_Haakon,4.752741355,0.06998165734588824,0.06998165734588824,0.5877526775549149,FALSE,FALSE
2003-08-10,King_Haakon,4.756336755,0.06693923685451075,0.06693923685451075,0.5877526775549149,FALSE,FALSE
2003-08-11,King_Haakon,4.762347404,0.06678120305836277,0.06678120305836277,0.5877526775549149,FALSE,FALSE
2003-08-12,King_Haakon,4.784869317,0.08363017578979903,0.08363017578979903,0.5877526775549149,FALSE,FALSE
2003-08-13,King_Haakon,4.805843068,0.0994533338811694,0.0994533338811694,0.5877526775549149,FALSE,FALSE
2003-08-14,King_Haakon,4.80416636,0.09317498516482736,0.09317498516482736,0.5877526775549149,FALSE,FALSE
2003-08-15,King_Haakon,4.756953237,0.04193577847312468,0.04193577847312468,0.5877526775549149,FALSE,FALSE
2003-08-16,King_Haakon,4.695551186,-0.02289213102595777,0.02289213102595777,0.5877526775549149,FALSE,FALSE
2003-08-17,King_Haakon,4.640548978,-0.08075286637787116,0.08075286637787116,0.5877526775549149,FALSE,FALSE
2003-08-18,King_Haakon,4.603005575,-0.12068624412111806,0.12068624412111806,0.5877526775549149,FALSE,FALSE
2003-08-19,King_Haakon,4.568846175,-0.15686945543471698,0.15686945543471698,0.5877526775549149,FALSE,FALSE
2003-08-20,King_Haakon,4.52276847,-0.2047071974976955,0.2047071974976955,0.5877526775549149,FALSE,FALSE
2003-08-21,King_Haakon,4.50538879,-0.2236855294890674,0.2236855294890674,0.5877526775549149,FALSE,FALSE
2003-08-22,King_Haakon,4.503548615,-0.22706536058786145,0.22706536058786145,0.5877526775549149,FALSE,FALSE
2003-08-23,King_Haakon,4.513405037,-0.21879198797309576,0.21879198797309576,0.5877526775549149,FALSE,FALSE
2003-08-24,King_Haakon,4.579030797,-0.1548950598237946,0.1548950598237946,0.5877526775549149,FALSE,FALSE
2003-08-25,King_Haakon,4.590729339,-0.14517352131897887,0.14517352131897887,0.5877526775549149,FALSE,FALSE
2003-08-26,King_Haakon,4.609366541,-0.1288638836376732,0.1288638836376732,0.5877526775549149,FALSE,FALSE
2003-08-27,King_Haakon,4.60248417,-0.13852676895889715,0.13852676895889715,0.5877526775549149,FALSE,FALSE
2003-08-28,King_Haakon,4.57710635,-0.16724044246167136,0.16724044246167136,0.5877526775549149,FALSE,FALSE
2003-08-29,King_Haakon,4.559776754,-0.1885422605126452,0.1885422605126452,0.5877526775549149,FALSE,FALSE
2003-08-30,King_Haakon,4.557000933,-0.19587788303221387,0.19587788303221387,0.5877526775549149,FALSE,FALSE
2003-08-31,King_Haakon,4.530005899,-0.22792273201499036,0.22792273201499036,0.5877526775549149,FALSE,FALSE
2003-09-01,King_Haakon,4.484087695,-0.27928311096579517,0.27928311096579517,0.5877526775549149,FALSE,FALSE
2003-09-02,King_Haakon,4.405024235,-0.36408345238945206,0.36408345238945206,0.5877526775549149,FALSE,FALSE
2003-09-03,King_Haakon,4.33698604,-0.4380555817907767,0.4380555817907767,0.5877526775549149,FALSE,FALSE
2003-09-04,King_Haakon,4.254336774,-0.5267381816745917,0.5267381816745917,0.5877526775549149,FALSE,FALSE
2003-09-05,King_Haakon,4.163816135,-0.6232939005457148,0.6232939005457148,0.5877526775549149,TRUE,FALSE
2003-09-06,King_Haakon,4.115764293,-0.6772849149089728,0.6772849149089728,0.5877526775549149,TRUE,FALSE
2003-09-07,King_Haakon,4.148213692,-0.6505811272691764,0.6505811272691764,0.5877526775549149,TRUE,FALSE
2003-09-08,King_Haakon,4.186961573,-0.6172876431311538,0.6172876431311538,0.5877526775549149,TRUE,FALSE
2003-09-09,King_Haakon,4.227190035,-0.582124709999726,0.582124709999726,0.5877526775549149,FALSE,FALSE
2003-09-10,King_Haakon,4.263507501,-0.5503866853689372,0.5503866853689372,0.5877526775549149,FALSE,FALSE
2003-09-11,King_Haakon,4.305718667,-0.5122128530424561,0.5122128530424561,0.5877526775549149,FALSE,FALSE
2003-09-12,King_Haakon,4.353079426,-0.46836585442690737,0.46836585442690737,0.5877526775549149,FALSE,FALSE
2003-09-13,King_Haakon,4.365207497,-0.4592543548786336,0.4592543548786336,0.5877526775549149,FALSE,FALSE
2003-09-14,King_Haakon,4.35629776,-0.47070985875397575,0.47070985875397575,0.5877526775549149,FALSE,FALSE
2003-09-15,King_Haakon,4.396639159,-0.43246980640928534,0.43246980640928534,0.5877526775549149,FALSE,FALSE
2003-09-16,King_Haakon,4.499515761,-0.33127651520090584,0.33127651520090584,0.5877526775549149,FALSE,FALSE
2003-09-17,King_Haakon,4.542034076,-0.29004985948517614,0.29004985948517614,0.5877526775549149,FALSE,FALSE
2003-09-18,King_Haakon,4.527711785,-0.30529854261845024,0.30529854261845024,0.5877526775549149,FALSE,FALSE
2003-09-19,King_Haakon,4.487140759,-0.34645707795706837,0.34645707795706837,0.5877526775549149,FALSE,FALSE
2003-09-20,King_Haakon,4.503826809,-0.33004603885737716,0.33004603885737716,0.5877526775549149,FALSE,FALSE
2003-09-21,King_Haakon,4.55778583,-0.2760759146757188,0.2760759146757188,0.5877526775549149,FALSE,FALSE
2003-09-22,King_Haakon,4.573699484,-0.25989142776844254,0.25989142776844254,0.5877526775549149,FALSE,FALSE
2003-09-23,King_Haakon,4.596515818,-0.23657111967698707,0.23657111967698707,0.5877526775549149,FALSE,FALSE
2003-09-24,King_Haakon,4.601703133,-0.23067546397397545,0.23067546397397545,0.5877526775549149,FALSE,FALSE
2003-09-25,King_Haakon,4.569893264,-0.261602726312149,0.261602726312149,0.5877526775549149,FALSE,FALSE
2003-09-26,King_Haakon,4.578771585,-0.2516976519506029,0.2516976519506029,0.5877526775549149,FALSE,FALSE
2003-09-27,King_Haakon,4.581151222,-0.24817723414845097,0.24817723414845097,0.5877526775549149,FALSE,FALSE
2003-09-28,King_Haakon,4.559935058,-0.2681687091647911,0.2681687091647911,0.5877526775549149,FALSE,FALSE
2003-09-29,King_Haakon,4.534734624,-0.2920906652587325,0.2920906652587325,0.5877526775549149,FALSE,FALSE
2003-09-30,King_Haakon,4.489595658,-0.3359274836893791,0.3359274836893791,0.5877526775549149,FALSE,FALSE
2003-10-01,King_Haakon,4.466279808,-0.3579476357158331,0.3579476357158331,0.5877526775549149,FALSE,FALSE
2003-10-02,King_Haakon,4.451025842,-0.37194247259720115,0.37194247259720115,0.5877526775549149,FALSE,FALSE
2003-10-03,King_Haakon,4.425886828,-0.3958890455925887,0.3958890455925887,0.5877526775549149,FALSE,FALSE
2003-10-04,King_Haakon,4.367273896,-0.453406343961098,0.453406343961098,0.5877526775549149,FALSE,FALSE
2003-10-05,King_Haakon,4.296372719,-0.5233387956780016,0.5233387956780016,0.5877526775549149,FALSE,FALSE
2003-10-06,King_Haakon,4.233336946,-0.5855407360530656,0.5855407360530656,0.5877526775549149,FALSE,FALSE
2003-10-07,King_Haakon,4.168917756,-0.6492039131342047,0.6492039131342047,0.5877526775549149,TRUE,TRUE
2003-10-08,King_Haakon,4.115956272,-0.7014182288715736,0.7014182288715736,0.5877526775549149,TRUE,TRUE
2003-10-09,King_Haakon,4.077868777,-0.7386984252153246,0.7386984252153246,0.5877526775549149,TRUE,TRUE
2003-10-10,King_Haakon,4.052394892,-0.7632359061156055,0.7632359061156055,0.5877526775549149,TRUE,TRUE
2003-10-11,King_Haakon,4.06134059,-0.7531557235225765,0.7531557235225765,0.5877526775549149,TRUE,TRUE
2003-10-12,King_Haakon,4.077905757,-0.7351890163863883,0.7351890163863883,0.5877526775549149,TRUE,TRUE
2003-10-13,King_Haakon,4.090421043,-0.7209361596571906,0.7209361596571906,0.5877526775549149,TRUE,TRUE
2003-10-14,King_Haakon,4.107006685,-0.7022079412851383,0.7022079412851383,0.5877526775549149,TRUE,TRUE
2003-10-15,King_Haakon,4.135997169,-0.670600900220383,0.670600900220383,0.5877526775549149,TRUE,TRUE
2003-10-16,King_Haakon,4.21335994,-0.5900786164130807,0.5900786164130807,0.5877526775549149,TRUE,TRUE
2003-10-17,King_Haakon,4.265809018,-0.5338580948133815,0.5338580948133815,0.5877526775549149,FALSE,FALSE
2003-10-18,King_Haakon,4.32301314,-0.47220435842115993,0.47220435842115993,0.5877526775549149,FALSE,FALSE
2003-10-19,King_Haakon,4.391608103,-0.39847346188204646,0.39847346188204646,0.5877526775549149,FALSE,FALSE
2003-10-20,King_Haakon,4.410693046,-0.37361365434318294,0.37361365434318294,0.5877526775549149,FALSE,FALSE
2003-10-21,King_Haakon,4.354350443,-0.4235920736484351,0.4235920736484351,0.5877526775549149,FALSE,FALSE
2003-10-22,King_Haakon,4.305670011,-0.46536861464167334,0.46536861464167334,0.5877526775549149,FALSE,FALSE
2003-10-23,King_Haakon,4.324380503,-0.4392641361667664,0.4392641361667664,0.5877526775549149,FALSE,FALSE
2003-10-24,King_Haakon,4.374782428,-0.3810277410675811,0.3810277410675811,0.5877526775549149,FALSE,FALSE
2003-10-25,King_Haakon,4.428711121,-0.31887370618797917,0.31887370618797917,0.5877526775549149,FALSE,FALSE
2003-10-26,King_Haakon,4.466562846,-0.2724553793718334,0.2724553793718334,0.5877526775549149,FALSE,FALSE
2003-10-27,King_Haakon,4.508444816,-0.22171515946301312,0.22171515946301312,0.5877526775549149,FALSE,FALSE
2003-10-28,King_Haakon,4.59347942,-0.12758026930538335,0.12758026930538335,0.5877526775549149,FALSE,FALSE
2003-10-29,King_Haakon,4.652064903,-0.05970207574281527,0.05970207574281527,0.5877526775549149,FALSE,FALSE
2003-10-30,King_Haakon,4.679575229,-0.02275622661916987,0.02275622661916987,0.5877526775549149,FALSE,FALSE
2003-10-31,King_Haakon,4.673674712,-0.019113858704908,0.019113858704908,0.5877526775549149,FALSE,FALSE
2003-11-01,King_Haakon,4.65930664,-0.0237974308922011,0.0237974308922011,0.5877526775549149,FALSE,FALSE
2003-11-02,King_Haakon,4.657440066,-0.01578222675041729,0.01578222675041729,0.5877526775549149,FALSE,FALSE
2003-11-03,King_Haakon,4.617216791,-0.04587077609327039,0.04587077609327039,0.5877526775549149,FALSE,FALSE
2003-11-04,King_Haakon,4.572730663,-0.07991356173447883,0.07991356173447883,0.5877526775549149,FALSE,FALSE
2003-11-05,King_Haakon,4.511616105,-0.13022049148775228,0.13022049148775228,0.5877526775549149,FALSE,FALSE
2003-11-06,King_Haakon,4.465622175,-0.16498683816681048,0.16498683816681048,0.5877526775549149,FALSE,FALSE
2003-11-07,King_Haakon,4.451967065,-0.1669387405853655,0.1669387405853655,0.5877526775549149,FALSE,FALSE
2003-11-08,King_Haakon,4.426331581,-0.18033972355713068,0.18033972355713068,0.5877526775549149,FALSE,FALSE
2003-11-09,King_Haakon,4.388116673,-0.20573316789582208,0.20573316789582208,0.5877526775549149,FALSE,FALSE
2003-11-10,King_Haakon,4.339439591,-0.24094615441515457,0.24094615441515457,0.5877526775549149,FALSE,FALSE
2003-11-11,King_Haakon,4.309728986,-0.2564943629288443,0.2564943629288443,0.5877526775549149,FALSE,FALSE
2003-11-12,King_Haakon,4.259773601,-0.2915330801655678,0.2915330801655678,0.5877526775549149,FALSE,FALSE
2003-11-13,King_Haakon,4.21155116,-0.32401195613093403,0.32401195613093403,0.5877526775549149,FALSE,FALSE
2003-11-14,King_Haakon,4.167798717,-0.3510962738033623,0.3510962738033623,0.5877526775549149,FALSE,FALSE
2003-11-15,King_Haakon,4.140073185,-0.361129392019004,0.361129392019004,0.5877526775549149,FALSE,FALSE
2003-11-16,King_Haakon,4.118391517,-0.363994629614016,0.363994629614016,0.5877526775549149,FALSE,FALSE
2003-11-17,King_Haakon,4.071406762,-0.3909392094245563,0.3909392094245563,0.5877526775549149,FALSE,FALSE
2003-11-18,King_Haakon,4.043295044,-0.3976872792867781,0.3976872792867781,0.5877526775549149,FALSE,FALSE
2003-11-19,King_Haakon,4.021503727,-0.3966917470368392,0.3966917470368392,0.5877526775549149,FALSE,FALSE
2003-11-20,King_Haakon,3.983884766,-0.4100009295108959,0.4100009295108959,0.5877526775549149,FALSE,FALSE
2003-11-21,King_Haakon,4.007705967,-0.360247292545103,0.360247292545103,0.5877526775549149,FALSE,FALSE
2003-11-22,King_Haakon,3.996297435,-0.34400100297561753,0.34400100297561753,0.5877526775549149,FALSE,FALSE
2003-11-23,King_Haakon,3.930328816,-0.3804926866385911,0.3804926866385911,0.5877526775549149,FALSE,FALSE
2003-11-24,King_Haakon,3.881765875,-0.3976568503701872,0.3976568503701872,0.5877526775549149,FALSE,FALSE
2003-11-25,King_Haakon,3.821182301,-0.4248374246518955,0.4248374246518955,0.5877526775549149,FALSE,FALSE
2003-11-26,King_Haakon,3.750306635,-0.4603702114429855,0.4603702114429855,0.5877526775549149,FALSE,FALSE
2003-11-27,King_Haakon,3.705280263,-0.4682519440711954,0.4682519440711954,0.5877526775549149,FALSE,FALSE
2003-11-28,King_Haakon,3.636410683,-0.498313802677409,0.498313802677409,0.5877526775549149,FALSE,FALSE
2003-11-29,King_Haakon,3.576623026,-0.5177693344025043,0.5177693344025043,0.5877526775549149,FALSE,FALSE
2003-11-30,King_Haakon,3.517727766,-0.5349467433873611,0.5349467433873611,0.5877526775549149,FALSE,FALSE
2003-12-01,King_Haakon,3.466980612,-0.5427289987728661,0.5427289987728661,0.5877526775549149,FALSE,FALSE
2003-12-02,King_Haakon,3.417929987,-0.5477063556998942,0.5477063556998942,0.5877526775549149,FALSE,FALSE
2003-12-03,King_Haakon,3.37404944,-0.5465439433093287,0.5465439433093287,0.5877526775549149,FALSE,FALSE
2003-12-04,King_Haakon,3.327964476,-0.5467549347420517,0.5467549347420517,0.5877526775549149,FALSE,FALSE
2003-12-05,King_Haakon,3.280818298,-0.5473348051389433,0.5473348051389433,0.5877526775549149,FALSE,FALSE
2003-12-06,King_Haakon,3.236456648,-0.5445764906408845,0.5445764906408845,0.5877526775549149,FALSE,FALSE
2003-12-07,King_Haakon,3.189611496,-0.5438865382387181,0.5438865382387181,0.5877526775549149,FALSE,FALSE
2003-12-08,King_Haakon,3.133809854,-0.5518264267949089,0.5518264267949089,0.5877526775549149,FALSE,FALSE
2003-12-09,King_Haakon,3.085478958,-0.5519367665187955,0.5519367665187955,0.5877526775549149,FALSE,FALSE
2003-12-10,King_Haakon,3.056606763,-0.532179626714786,0.532179626714786,0.5877526775549149,FALSE,FALSE
2003-12-11,King_Haakon,3.055685617,-0.4840126836872955,0.4840126836872955,0.5877526775549149,FALSE,FALSE
2003-12-12,King_Haakon,3.030442965,-0.4596585167407352,0.4596585167407352,0.5877526775549149,FALSE,FALSE
2003-12-13,King_Haakon,2.995522272,-0.44442368517951714,0.44442368517951714,0.5877526775549149,FALSE,FALSE
2003-12-14,King_Haakon,2.950095885,-0.4390858663080537,0.4390858663080537,0.5877526775549149,FALSE,FALSE
2003-12-15,King_Haakon,2.905605495,-0.4321533934307564,0.4321533934307564,0.5877526775549149,FALSE,FALSE
2003-12-16,King_Haakon,2.862188684,-0.4234387088520375,0.4234387088520375,0.5877526775549149,FALSE,FALSE
2003-12-17,King_Haakon,2.813435386,-0.4193019028763087,0.4193019028763087,0.5877526775549149,FALSE,FALSE
2003-12-18,King_Haakon,2.759418542,-0.41962005880798126,0.41962005880798126,0.5877526775549149,FALSE,FALSE
2003-12-19,King_Haakon,2.730827183,-0.393654169951469,0.393654169951469,0.5877526775549149,FALSE,FALSE
2003-12-20,King_Haakon,2.707044932,-0.3619750326460527,0.3619750326460527,0.5877526775549149,FALSE,FALSE
2003-12-21,King_Haakon,2.678712456,-0.3339658932039513,0.3339658932039513,0.5877526775549149,FALSE,FALSE
2003-12-22,King_Haakon,2.647840571,-0.30769532048579196,0.30769532048579196,0.5877526775549149,FALSE,FALSE
2003-12-23,King_Haakon,2.635249869,-0.2624236531735553,0.2624236531735553,0.5877526775549149,FALSE,FALSE
2003-12-24,King_Haakon,2.625947097,-0.21322507494921883,0.21322507494921883,0.5877526775549149,FALSE,FALSE
2003-12-25,King_Haakon,2.596810936,-0.1833018354947535,0.1833018354947535,0.5877526775549149,FALSE,FALSE
2003-12-26,King_Haakon,2.587299503,-0.1332767484921367,0.1332767484921367,0.5877526775549149,FALSE,FALSE
2003-12-27,King_Haakon,2.584082113,-0.07656142962334789,0.07656142962334789,0.5877526775549149,FALSE,FALSE
2003-12-28,King_Haakon,2.574338244,-0.02605733157036516,0.02605733157036516,0.5877526775549149,FALSE,FALSE
2003-12-29,King_Haakon,2.560795756,0.02088247498484374,0.02088247498484374,0.5877526775549149,FALSE,FALSE
2003-12-30,King_Haakon,2.545956078,0.066678488360294,0.066678488360294,0.5877526775549149,FALSE,FALSE
2003-12-31,King_Haakon,2.502696973,0.0841275408740163,0.0841275408740163,0.5877526775549149,FALSE,FALSE
2004-01-01,King_Haakon,2.44730937,0.08943963084402684,0.08943963084402684,0.5877526775549149,FALSE,FALSE
2004-01-02,King_Haakon,2.403913982,0.10665154261808452,0.10665154261808452,0.5877526775549149,FALSE,FALSE
2004-01-03,King_Haakon,2.358333372,0.12148991866284442,0.12148991866284442,0.5877526775549149,FALSE,FALSE
2004-01-04,King_Haakon,2.290197546,0.11348584647469906,0.11348584647469906,0.5877526775549149,FALSE,FALSE
2004-01-05,King_Haakon,2.231798076,0.1148319795500341,0.1148319795500341,0.5877526775549149,FALSE,FALSE
2004-01-06,King_Haakon,2.184519393,0.1268138303852453,0.1268138303852453,0.5877526775549149,FALSE,FALSE
2004-01-07,King_Haakon,2.140594744,0.14156572747671592,0.14156572747671592,0.5877526775549149,FALSE,FALSE
2004-01-08,King_Haakon,2.075137667,0.13410229032083332,0.13410229032083332,0.5877526775549149,FALSE,FALSE
2004-01-09,King_Haakon,1.917132295,0.03330873341399254,0.03330873341399254,0.5877526775549149,FALSE,FALSE
2004-01-10,King_Haakon,1.87204811,0.04455562025257675,0.04455562025257675,0.5877526775549149,FALSE,FALSE
2004-01-11,King_Haakon,1.840748917,0.0686078373329777,0.0686078373329777,0.5877526775549149,FALSE,FALSE
2004-01-12,King_Haakon,1.783805437,0.06593718715158503,0.06593718715158503,0.5877526775549149,FALSE,FALSE
2004-01-13,King_Haakon,1.738590984,0.07381806520478507,0.07381806520478507,0.5877526775549149,FALSE,FALSE
2004-01-14,King_Haakon,1.717379873,0.1044266380978982,0.1044266380978982,0.5877526775549149,FALSE,FALSE
2004-01-15,King_Haakon,1.641756747,0.07927703567041644,0.07927703567041644,0.5877526775549149,FALSE,FALSE
2004-01-16,King_Haakon,1.619712975,0.1063247347931553,0.1063247347931553,0.5877526775549149,FALSE,FALSE
2004-01-17,King_Haakon,1.581984164,0.1162716398885386,0.1162716398885386,0.5877526775549149,FALSE,FALSE
2004-01-18,King_Haakon,1.554461743,0.13497547737898863,0.13497547737898863,0.5877526775549149,FALSE,FALSE
2004-01-19,King_Haakon,1.521441229,0.146698061686926,0.146698061686926,0.5877526775549149,FALSE,FALSE
2004-01-20,King_Haakon,1.472447492,0.14093056023477457,0.14093056023477457,0.5877526775549149,FALSE,FALSE
2004-01-21,King_Haakon,1.456686436,0.16684517444495597,0.16684517444495597,0.5877526775549149,FALSE,FALSE
2004-01-22,King_Haakon,1.416085196,0.16633533673989276,0.16633533673989276,0.5877526775549149,FALSE,FALSE
2004-01-23,King_Haakon,1.401240414,0.1899639865420073,0.1899639865420073,0.5877526775549149,FALSE,FALSE
2004-01-24,King_Haakon,1.380271415,0.2058167462737195,0.2058167462737195,0.5877526775549149,FALSE,FALSE
2004-01-25,King_Haakon,1.382984992,0.2436667063574538,0.2436667063574538,0.5877526775549149,FALSE,FALSE
2004-01-26,King_Haakon,1.378622279,0.27272129821563307,0.27272129821563307,0.5877526775549149,FALSE,FALSE
2004-01-27,King_Haakon,1.348597747,0.2743700893502168,0.2743700893502168,0.5877526775549149,FALSE,FALSE
2004-01-28,King_Haakon,1.329173953,0.28491029827057646,0.28491029827057646,0.5877526775549149,FALSE,FALSE
2004-01-29,King_Haakon,1.278093062,0.26214345052271715,0.26214345052271715,0.5877526775549149,FALSE,FALSE
2004-01-30,King_Haakon,1.260966741,0.2717406532160809,0.2717406532160809,0.5877526775549149,FALSE,FALSE
2004-01-31,King_Haakon,1.240381055,0.2763474114601081,0.2763474114601081,0.5877526775549149,FALSE,FALSE
2004-02-01,King_Haakon,1.219517905,0.27920506636424236,0.27920506636424236,0.5877526775549149,FALSE,FALSE
2004-02-02,King_Haakon,1.199489112,0.2814848790379243,0.2814848790379243,0.5877526775549149,FALSE,FALSE
2004-02-03,King_Haakon,1.219822877,0.32277449059059626,0.32277449059059626,0.5877526775549149,FALSE,FALSE
2004-02-04,King_Haakon,1.218305736,0.3409198771316999,0.3409198771316999,0.5877526775549149,FALSE,FALSE
2004-02-05,King_Haakon,1.191358951,0.3324017407706762,0.3324017407706762,0.5877526775549149,FALSE,FALSE
2004-02-06,King_Haakon,1.162456579,0.3207535786169695,0.3207535786169695,0.5877526775549149,FALSE,FALSE
2004-02-07,King_Haakon,1.097135408,0.2715716187800187,0.2715716187800187,0.5877526775549149,FALSE,FALSE
2004-02-08,King_Haakon,1.080050552,0.2695700239544744,0.2695700239544744,0.5877526775549149,FALSE,FALSE
2004-02-09,King_Haakon,1.067805156,0.2713593119531834,0.2713593119531834,0.5877526775549149,FALSE,FALSE
2004-02-10,King_Haakon,1.082488306,0.2989331706712456,0.2989331706712456,0.5877526775549149,FALSE,FALSE
2004-02-11,King_Haakon,1.076946416,0.30503046502793496,0.30503046502793496,0.5877526775549149,FALSE,FALSE
2004-02-12,King_Haakon,1.054185099,0.29254925894251993,0.29254925894251993,0.5877526775549149,FALSE,FALSE
2004-02-13,King_Haakon,1.050687825,0.2978654733342718,0.2978654733342718,0.5877526775549149,FALSE,FALSE
2004-02-14,King_Haakon,1.075193978,0.3296109431224644,0.3296109431224644,0.5877526775549149,FALSE,FALSE
2004-02-15,King_Haakon,1.055861748,0.3158363092263673,0.3158363092263673,0.5877526775549149,FALSE,FALSE
2004-02-16,King_Haakon,1.010348333,0.2740912205652527,0.2740912205652527,0.5877526775549149,FALSE,FALSE
2004-02-17,King_Haakon,1.010987364,0.27660175905839113,0.27660175905839113,0.5877526775549149,FALSE,FALSE
2004-02-18,King_Haakon,1.054965414,0.3204469486250543,0.3204469486250543,0.5877526775549149,FALSE,FALSE
2004-02-19,King_Haakon,1.044395055,0.3076318121845145,0.3076318121845145,0.5877526775549149,FALSE,FALSE
2004-02-20,King_Haakon,1.014968995,0.27374150865604163,0.27374150865604163,0.5877526775549149,FALSE,FALSE
2004-02-21,King_Haakon,1.041184741,0.2931764238441773,0.2931764238441773,0.5877526775549149,FALSE,FALSE
2004-02-22,King_Haakon,1.087090637,0.3300142044093174,0.3300142044093174,0.5877526775549149,FALSE,FALSE
2004-02-23,King_Haakon,1.136342691,0.36802426367772034,0.36802426367772034,0.5877526775549149,FALSE,FALSE
2004-02-24,King_Haakon,1.187296955,0.405677579297161,0.405677579297161,0.5877526775549149,FALSE,FALSE
2004-02-25,King_Haakon,1.206824031,0.4099596789154105,0.4099596789154105,0.5877526775549149,FALSE,FALSE
2004-02-26,King_Haakon,1.278455913,0.46451748218024225,0.46451748218024225,0.5877526775549149,FALSE,FALSE
2004-02-27,King_Haakon,1.286526232,0.45379954573942904,0.45379954573942904,0.5877526775549149,FALSE,FALSE
2004-02-28,King_Haakon,1.304244408,0.4511302152407429,0.4511302152407429,0.5877526775549149,FALSE,FALSE
2004-03-01,King_Haakon,1.354367234,0.45613997766084535,0.45613997766084535,0.5877526775549149,FALSE,FALSE
2004-03-02,King_Haakon,1.373430934,0.45070797187518,0.45070797187518,0.5877526775549149,FALSE,FALSE
2004-03-03,King_Haakon,1.381780439,0.433422222622733,0.433422222622733,0.5877526775549149,FALSE,FALSE
2004-03-04,King_Haakon,1.382395653,0.4073775555688366,0.4073775555688366,0.5877526775549149,FALSE,FALSE
2004-03-05,King_Haakon,1.399499836,0.39689733819775186,0.39689733819775186,0.5877526775549149,FALSE,FALSE
2004-03-06,King_Haakon,1.416593959,0.3855344196473509,0.3855344196473509,0.5877526775549149,FALSE,FALSE
2004-03-07,King_Haakon,1.424335267,0.3639881247583212,0.3639881247583212,0.5877526775549149,FALSE,FALSE
2004-03-08,King_Haakon,1.444562843,0.3541396163713455,0.3541396163713455,0.5877526775549149,FALSE,FALSE
2004-03-09,King_Haakon,1.459016321,0.3377706083271088,0.3377706083271088,0.5877526775549149,FALSE,FALSE
2004-03-10,King_Haakon,1.503045275,0.350272754466298,0.350272754466298,0.5877526775549149,FALSE,FALSE
2004-03-11,King_Haakon,1.529351686,0.3443901156295974,0.3443901156295974,0.5877526775549149,FALSE,FALSE
2004-03-12,King_Haakon,1.526746113,0.3089753306576919,0.3089753306576919,0.5877526775549149,FALSE,FALSE
2004-03-13,King_Haakon,1.551371403,0.30021332639126586,0.30021332639126586,0.5877526775549149,FALSE,FALSE
2004-03-14,King_Haakon,1.56206761,0.27698623667100497,0.27698623667100497,0.5877526775549149,FALSE,FALSE
2004-03-15,King_Haakon,1.578421529,0.25892293633759356,0.25892293633759356,0.5877526775549149,FALSE,FALSE
2004-03-16,King_Haakon,1.599645747,0.24527809223171793,0.24527809223171793,0.5877526775549149,FALSE,FALSE
2004-03-17,King_Haakon,1.599447088,0.20980076010716783,0.20980076010716783,0.5877526775549149,FALSE,FALSE
2004-03-18,King_Haakon,1.620737402,0.19544881572538464,0.19544881572538464,0.5877526775549149,FALSE,FALSE
2004-03-19,King_Haakon,1.635722444,0.17447800841159533,0.17447800841159533,0.5877526775549149,FALSE,FALSE
2004-03-20,King_Haakon,1.638242859,0.14077916433749893,0.14077916433749893,0.5877526775549149,FALSE,FALSE
2004-03-21,King_Haakon,1.646950391,0.11305420867479787,0.11305420867479787,0.5877526775549149,FALSE,FALSE
2004-03-22,King_Haakon,1.653131496,0.08263977859519422,0.08263977859519422,0.5877526775549149,FALSE,FALSE
2004-03-23,King_Haakon,1.66615348,0.0589533612703863,0.0589533612703863,0.5877526775549149,FALSE,FALSE
2004-03-24,King_Haakon,1.655976579,0.01200537387207911,0.01200537387207911,0.5877526775549149,FALSE,FALSE
2004-03-25,King_Haakon,1.647742803,-0.03301199242803121,0.03301199242803121,0.5877526775549149,FALSE,FALSE
2004-03-26,King_Haakon,1.620791328,-0.09670938045824085,0.09670938045824085,0.5877526775549149,FALSE,FALSE
2004-03-27,King_Haakon,1.643645456,-0.11051330704685024,0.11051330704685024,0.5877526775549149,FALSE,FALSE
2004-03-28,King_Haakon,1.660015266,-0.13066351202215576,0.13066351202215576,0.5877526775549149,FALSE,FALSE
2004-03-29,King_Haakon,1.717997475,-0.10901309721245832,0.10901309721245832,0.5877526775549149,FALSE,FALSE
2004-03-30,King_Haakon,1.771881482,-0.0912310636012068,0.0912310636012068,0.5877526775549149,FALSE,FALSE
2004-03-31,King_Haakon,1.847560011,-0.05142999205102061,0.05142999205102061,0.5877526775549149,FALSE,FALSE
2004-04-01,King_Haakon,1.907544828,-0.02711936706215834,0.02711936706215834,0.5877526775549149,FALSE,FALSE
2004-04-02,King_Haakon,1.956092638,-0.01406374731713144,0.01406374731713144,0.5877526775549149,FALSE,FALSE
2004-04-03,King_Haakon,1.999177586,-0.00631025149844566,0.00631025149844566,0.5877526775549149,FALSE,FALSE
2004-04-04,King_Haakon,2.042124159,0.00144434371138935,0.00144434371138935,0.5877526775549149,FALSE,FALSE
2004-04-05,King_Haakon,2.097059177,0.02130559462986259,0.02130559462986259,0.5877526775549149,FALSE,FALSE
2004-04-06,King_Haakon,2.14815766,0.03742725757446985,0.03742725757446985,0.5877526775549149,FALSE,FALSE
2004-04-07,King_Haakon,2.1599964210000002,0.01436488186270112,0.01436488186270112,0.5877526775549149,FALSE,FALSE
2004-04-08,King_Haakon,2.149928487,-0.03054976918795171,0.03054976918795171,0.5877526775549149,FALSE,FALSE
2004-04-09,King_Haakon,2.147365887,-0.06792593026000082,0.06792593026000082,0.5877526775549149,FALSE,FALSE
2004-04-10,King_Haakon,2.16041842,-0.08967506603594932,0.08967506603594932,0.5877526775549149,FALSE,FALSE
2004-04-11,King_Haakon,2.215172781,-0.06973158015209568,0.06973158015209568,0.5877526775549149,FALSE,FALSE
2004-04-12,King_Haakon,2.250977194,-0.06875658436259524,0.06875658436259524,0.5877526775549149,FALSE,FALSE
2004-04-13,King_Haakon,2.308566067,-0.04600561541590942,0.04600561541590942,0.5877526775549149,FALSE,FALSE
2004-04-14,King_Haakon,2.340638609,-0.04876759785376139,0.04876759785376139,0.5877526775549149,FALSE,FALSE
2004-04-15,King_Haakon,2.397952998,-0.02627248721787634,0.02627248721787634,0.5877526775549149,FALSE,FALSE
2004-04-16,King_Haakon,2.48121307,0.02219541895001908,0.02219541895001908,0.5877526775549149,FALSE,FALSE
2004-04-17,King_Haakon,2.54257712,0.04880628210820337,0.04880628210820337,0.5877526775549149,FALSE,FALSE
2004-04-18,King_Haakon,2.563996355,0.03552317571495189,0.03552317571495189,0.5877526775549149,FALSE,FALSE
2004-04-19,King_Haakon,2.583761239,0.02064843022853812,0.02064843022853812,0.5877526775549149,FALSE,FALSE
2004-04-20,King_Haakon,2.625159184,0.02748132410723602,0.02748132410723602,0.5877526775549149,FALSE,FALSE
2004-04-21,King_Haakon,2.637591182,0.00543471580932308,0.00543471580932308,0.5877526775549149,FALSE,FALSE
2004-04-22,King_Haakon,2.637408444,-0.02912831720692654,0.02912831720692654,0.5877526775549149,FALSE,FALSE
2004-04-23,King_Haakon,2.664984988,-0.03582189048323592,0.03582189048323592,0.5877526775549149,FALSE,FALSE
2004-04-24,King_Haakon,2.697911679,-0.03704134383312274,0.03704134383312274,0.5877526775549149,FALSE,FALSE
2004-04-25,King_Haakon,2.72440407,-0.04453901104633617,0.04453901104633617,0.5877526775549149,FALSE,FALSE
2004-04-26,King_Haakon,2.743628683,-0.05910613426555278,0.05910613426555278,0.5877526775549149,FALSE,FALSE
2004-04-27,King_Haakon,2.791300781,-0.04498510800254518,0.04498510800254518,0.5877526775549149,FALSE,FALSE
2004-04-28,King_Haakon,2.845762176,-0.02379177776907992,0.02379177776907992,0.5877526775549149,FALSE,FALSE
2004-04-29,King_Haakon,2.866016131,-0.03648053807693552,0.03648053807693552,0.5877526775549149,FALSE,FALSE
2004-04-30,King_Haakon,2.876558317,-0.05851337543787416,0.05851337543787416,0.5877526775549149,FALSE,FALSE
2004-05-01,King_Haakon,2.887439385,-0.07979729636367372,0.07979729636367372,0.5877526775549149,FALSE,FALSE
2004-05-02,King_Haakon,2.927320043,-0.0716292503661009,0.0716292503661009,0.5877526775549149,FALSE,FALSE
2004-05-03,King_Haakon,2.959809581,-0.07035760495692767,0.07035760495692767,0.5877526775549149,FALSE,FALSE
2004-05-04,King_Haakon,2.9734314570000002,-0.08741655964792416,0.08741655964792416,0.5877526775549149,FALSE,FALSE
2004-05-05,King_Haakon,2.997006745,-0.0939426979508644,0.0939426979508644,0.5877526775549149,FALSE,FALSE
2004-05-06,King_Haakon,2.985520418,-0.1349087255519299,0.1349087255519299,0.5877526775549149,FALSE,FALSE
2004-05-07,King_Haakon,3.025451611,-0.12380499120440548,0.12380499120440548,0.5877526775549149,FALSE,FALSE
2004-05-08,King_Haakon,3.038630693,-0.13880202852292856,0.13880202852292856,0.5877526775549149,FALSE,FALSE
2004-05-09,King_Haakon,3.103840257,-0.1011233166569956,0.1011233166569956,0.5877526775549149,FALSE,FALSE
2004-05-10,King_Haakon,3.185561579,-0.04629365175610722,0.04629365175610722,0.5877526775549149,FALSE,FALSE
2004-05-11,King_Haakon,3.278907995,0.02079423003024239,0.02079423003024239,0.5877526775549149,FALSE,FALSE
2004-05-12,King_Haakon,3.356467141,0.07272189255255324,0.07272189255255324,0.5877526775549149,FALSE,FALSE
2004-05-13,King_Haakon,3.40745129,0.09869553666132624,0.09869553666132624,0.5877526775549149,FALSE,FALSE
2004-05-14,King_Haakon,3.467450338,0.13429898620706648,0.13429898620706648,0.5877526775549149,FALSE,FALSE
2004-05-15,King_Haakon,3.484130534,0.12719241804027215,0.12719241804027215,0.5877526775549149,FALSE,FALSE
2004-05-16,King_Haakon,3.480045983,0.09992386501145,0.09992386501145,0.5877526775549149,FALSE,FALSE
2004-05-17,King_Haakon,3.516715321,0.11400589097109703,0.11400589097109703,0.5877526775549149,FALSE,FALSE
2004-05-18,King_Haakon,3.525272032,0.10056590776971897,0.10056590776971897,0.5877526775549149,FALSE,FALSE
2004-05-19,King_Haakon,3.585778706,0.13965885511775822,0.13965885511775822,0.5877526775549149,FALSE,FALSE
2004-05-20,King_Haakon,3.595562886,0.1285758289078216,0.1285758289078216,0.5877526775549149,FALSE,FALSE
2004-05-21,King_Haakon,3.575553086,0.08818373671960744,0.08818373671960744,0.5877526775549149,FALSE,FALSE
2004-05-22,King_Haakon,3.565300213,0.05797103265486658,0.05797103265486658,0.5877526775549149,FALSE,FALSE
2004-05-23,King_Haakon,3.577346141,0.05041713781534707,0.05041713781534707,0.5877526775549149,FALSE,FALSE
2004-05-24,King_Haakon,3.624384279,0.07815300830279837,0.07815300830279837,0.5877526775549149,FALSE,FALSE
2004-05-25,King_Haakon,3.657651975,0.09235353921896738,0.09235353921896738,0.5877526775549149,FALSE,FALSE
2004-05-26,King_Haakon,3.685598534,0.10140558266560484,0.10140558266560484,0.5877526775549149,FALSE,FALSE
2004-05-27,King_Haakon,3.697666318,0.09468904774445708,0.09468904774445708,0.5877526775549149,FALSE,FALSE
2004-05-28,King_Haakon,3.732558931,0.11084508555727356,0.11084508555727356,0.5877526775549149,FALSE,FALSE
2004-05-29,King_Haakon,3.791572832,0.1511077022058056,0.1511077022058056,0.5877526775549149,FALSE,FALSE
2004-05-30,King_Haakon,3.839680295,0.1803867187917945,0.1803867187917945,0.5877526775549149,FALSE,FALSE
2004-05-31,King_Haakon,3.823236022,0.1449743844169964,0.1449743844169964,0.5877526775549149,FALSE,FALSE
2004-06-01,King_Haakon,3.770077708,0.07265979353587992,0.07265979353587992,0.5877526775549149,FALSE,FALSE
2004-06-02,King_Haakon,3.754046012,0.03729645738034692,0.03729645738034692,0.5877526775549149,FALSE,FALSE
2004-06-03,King_Haakon,3.740997074,0.0047704034462388,0.0047704034462388,0.5877526775549149,FALSE,FALSE
2004-06-04,King_Haakon,3.749981008,-0.00583836613957622,0.00583836613957622,0.5877526775549149,FALSE,FALSE
2004-06-05,King_Haakon,3.73528003,-0.04021774725022098,0.04021774725022098,0.5877526775549149,FALSE,FALSE
2004-06-06,King_Haakon,3.719107773,-0.07612421875881781,0.07612421875881781,0.5877526775549149,FALSE,FALSE
2004-06-07,King_Haakon,3.750981466,-0.06401066353850293,0.06401066353850293,0.5877526775549149,FALSE,FALSE
2004-06-08,King_Haakon,3.821532815,-0.01321548746239997,0.01321548746239997,0.5877526775549149,FALSE,FALSE
2004-06-09,King_Haakon,3.869221339,0.01475071659636384,0.01475071659636384,0.5877526775549149,FALSE,FALSE
2004-06-10,King_Haakon,3.906787075,0.03265787376466278,0.03265787376466278,0.5877526775549149,FALSE,FALSE
2004-06-11,King_Haakon,3.977703429,0.08400927816936976,0.08400927816936976,0.5877526775549149,FALSE,FALSE
2004-06-12,King_Haakon,4.027537376,0.11440179293735352,0.11440179293735352,0.5877526775549149,FALSE,FALSE
2004-06-13,King_Haakon,4.059952279,0.12752854924470158,0.12752854924470158,0.5877526775549149,FALSE,FALSE
2004-06-14,King_Haakon,4.075840945,0.12430683433918288,0.12430683433918288,0.5877526775549149,FALSE,FALSE
2004-06-15,King_Haakon,4.094615143,0.12416564319444624,0.12416564319444624,0.5877526775549149,FALSE,FALSE
2004-06-16,King_Haakon,4.111966557,0.12281336019959044,0.12281336019959044,0.5877526775549149,FALSE,FALSE
2004-06-17,King_Haakon,4.085663705,0.07803520374373552,0.07803520374373552,0.5877526775549149,FALSE,FALSE
2004-06-18,King_Haakon,4.127108261,0.10124954821598477,0.10124954821598477,0.5877526775549149,FALSE,FALSE
2004-06-19,King_Haakon,4.130901719,0.08707458800545442,0.08707458800545442,0.5877526775549149,FALSE,FALSE
2004-06-20,King_Haakon,4.144368528,0.08285147250124947,0.08285147250124947,0.5877526775549149,FALSE,FALSE
2004-06-21,King_Haakon,4.164695028,0.08578324209248045,0.08578324209248045,0.5877526775549149,FALSE,FALSE
2004-06-22,King_Haakon,4.1825189,0.08652427816825803,0.08652427816825803,0.5877526775549149,FALSE,FALSE
2004-06-23,King_Haakon,4.225871667,0.11312280411769392,0.11312280411769392,0.5877526775549149,FALSE,FALSE
2004-06-24,King_Haakon,4.28617156,0.15701375132989526,0.15701375132989526,0.5877526775549149,FALSE,FALSE
2004-06-25,King_Haakon,4.296742366,0.15153760719397358,0.15153760719397358,0.5877526775549149,FALSE,FALSE
2004-06-26,King_Haakon,4.290995264,0.13011791366177938,0.13011791366177938,0.5877526775549149,FALSE,FALSE
2004-06-27,King_Haakon,4.28062067,0.10442467381754472,0.10442467381754472,0.5877526775549149,FALSE,FALSE
2004-06-28,King_Haakon,4.262919328,0.0717232421632108,0.0717232421632108,0.5877526775549149,FALSE,FALSE
2004-06-29,King_Haakon,4.267221166,0.06130808019846867,0.06130808019846867,0.5877526775549149,FALSE,FALSE
2004-06-30,King_Haakon,4.252514174,0.03213171142300997,0.03213171142300997,0.5877526775549149,FALSE,FALSE
2004-07-01,King_Haakon,4.258525076,0.02388539333652684,0.02388539333652684,0.5877526775549149,FALSE,FALSE
2004-07-02,King_Haakon,4.260901409,0.01218119643870352,0.01218119643870352,0.5877526775549149,FALSE,FALSE
2004-07-03,King_Haakon,4.248513479,-0.01414603977076645,0.01414603977076645,0.5877526775549149,FALSE,FALSE
2004-07-04,King_Haakon,4.226456165,-0.05003690279219164,0.05003690279219164,0.5877526775549149,FALSE,FALSE
2004-07-05,King_Haakon,4.175627645,-0.11462868112588608,0.11462868112588608,0.5877526775549149,FALSE,FALSE
2004-07-06,King_Haakon,4.13075599,-0.1732287702721527,0.1732287702721527,0.5877526775549149,FALSE,FALSE
2004-07-07,King_Haakon,4.140884495,-0.1768293417313087,0.1768293417313087,0.5877526775549149,FALSE,FALSE
2004-07-08,King_Haakon,4.131802693,-0.19967623780017707,0.19967623780017707,0.5877526775549149,FALSE,FALSE
2004-07-09,King_Haakon,4.169586448,-0.1757112311206077,0.1757112311206077,0.5877526775549149,FALSE,FALSE
2004-07-10,King_Haakon,4.246173744,-0.1129751537412922,0.1129751537412922,0.5877526775549149,FALSE,FALSE
2004-07-11,King_Haakon,4.31638453,-0.05662173533701864,0.05662173533701864,0.5877526775549149,FALSE,FALSE
2004-07-12,King_Haakon,4.358924188,-0.02791927258258209,0.02791927258258209,0.5877526775549149,FALSE,FALSE
2004-07-13,King_Haakon,4.370368634,-0.03026552815276151,0.03026552815276151,0.5877526775549149,FALSE,FALSE
2004-07-14,King_Haakon,4.368828457,-0.04552359172235132,0.04552359172235132,0.5877526775549149,FALSE,FALSE
2004-07-15,King_Haakon,4.351834456,-0.07613634296613903,0.07613634296613903,0.5877526775549149,FALSE,FALSE
2004-07-16,King_Haakon,4.357214899,-0.08424919255890995,0.08424919255890995,0.5877526775549149,FALSE,FALSE
2004-07-17,King_Haakon,4.404481557,-0.0503240481754581,0.0503240481754581,0.5877526775549149,FALSE,FALSE
2004-07-18,King_Haakon,4.443886146,-0.02408287249056773,0.02408287249056773,0.5877526775549149,FALSE,FALSE
2004-07-19,King_Haakon,4.469583865,-0.01134414517902726,0.01134414517902726,0.5877526775549149,FALSE,FALSE
2004-07-20,King_Haakon,4.480192698,-0.0134635609156275,0.0134635609156275,0.5877526775549149,FALSE,FALSE
2004-07-21,King_Haakon,4.463091202,-0.04303724308441925,0.04303724308441925,0.5877526775549149,FALSE,FALSE
2004-07-22,King_Haakon,4.430341873,-0.08799120195891508,0.08799120195891508,0.5877526775549149,FALSE,FALSE
2004-07-23,King_Haakon,4.413511008,-0.1167577250521381,0.1167577250521381,0.5877526775549149,FALSE,FALSE
2004-07-24,King_Haakon,4.37868735,-0.16324688249080133,0.16324688249080133,0.5877526775549149,FALSE,FALSE
2004-07-25,King_Haakon,4.339765653,-0.21356273340162168,0.21356273340162168,0.5877526775549149,FALSE,FALSE
2004-07-26,King_Haakon,4.368257921,-0.1961920869113092,0.1961920869113092,0.5877526775549149,FALSE,FALSE
2004-07-27,King_Haakon,4.388531066,-0.18676684414657707,0.18676684414657707,0.5877526775549149,FALSE,FALSE
2004-07-28,King_Haakon,4.341976614,-0.24389429223414272,0.24389429223414272,0.5877526775549149,FALSE,FALSE
2004-07-29,King_Haakon,4.31389686,-0.28227094930071406,0.28227094930071406,0.5877526775549149,FALSE,FALSE
2004-07-30,King_Haakon,4.323512171,-0.2826752614730106,0.2826752614730106,0.5877526775549149,FALSE,FALSE
2004-07-31,King_Haakon,4.331828474,-0.2841001148777407,0.2841001148777407,0.5877526775549149,FALSE,FALSE
2004-08-01,King_Haakon,4.345495027,-0.27989506464161984,0.27989506464161984,0.5877526775549149,FALSE,FALSE
2004-08-02,King_Haakon,4.416515079,-0.21805567471766452,0.21805567471766452,0.5877526775549149,FALSE,FALSE
2004-08-03,King_Haakon,4.425724936,-0.21773976290105068,0.21773976290105068,0.5877526775549149,FALSE,FALSE
2004-08-04,King_Haakon,4.406624041,-0.2454250943833145,0.2454250943833145,0.5877526775549149,FALSE,FALSE
2004-08-05,King_Haakon,4.437394898,-0.22290256033210376,0.22290256033210376,0.5877526775549149,FALSE,FALSE
2004-08-06,King_Haakon,4.497771003,-0.17041205991506825,0.17041205991506825,0.5877526775549149,FALSE,FALSE
2004-08-07,King_Haakon,4.557633693,-0.11804565129985534,0.11804565129985534,0.5877526775549149,FALSE,FALSE
2004-08-08,King_Haakon,4.609653491,-0.07310620665411172,0.07310620665411172,0.5877526775549149,FALSE,FALSE
2004-08-09,King_Haakon,4.615813223,-0.0735842951454897,0.0735842951454897,0.5877526775549149,FALSE,FALSE
2004-08-10,King_Haakon,4.586103425,-0.10946277594163688,0.10946277594163688,0.5877526775549149,FALSE,FALSE
2004-08-11,King_Haakon,4.517649549,-0.18358959221020132,0.18358959221020132,0.5877526775549149,FALSE,FALSE
2004-08-12,King_Haakon,4.462481759,-0.24390797511883025,0.24390797511883025,0.5877526775549149,FALSE,FALSE
2004-08-13,King_Haakon,4.448666187,-0.2623251878351729,0.2623251878351729,0.5877526775549149,FALSE,FALSE
2004-08-14,King_Haakon,4.439416775,-0.27560068352687583,0.27560068352687583,0.5877526775549149,FALSE,FALSE
2004-08-15,King_Haakon,4.415413627,-0.3030296900259577,0.3030296900259577,0.5877526775549149,FALSE,FALSE
2004-08-16,King_Haakon,4.374867274,-0.3464345703778715,0.3464345703778715,0.5877526775549149,FALSE,FALSE
2004-08-17,King_Haakon,4.329835959,-0.3938558601211178,0.3938558601211178,0.5877526775549149,FALSE,FALSE
2004-08-18,King_Haakon,4.311750936,-0.4139646944347168,0.4139646944347168,0.5877526775549149,FALSE,FALSE
2004-08-19,King_Haakon,4.285300554,-0.44217511349769545,0.44217511349769545,0.5877526775549149,FALSE,FALSE
2004-08-20,King_Haakon,4.278936485,-0.45013783448906697,0.45013783448906697,0.5877526775549149,FALSE,FALSE
2004-08-21,King_Haakon,4.231300761,-0.4993132145878611,0.4993132145878611,0.5877526775549149,FALSE,FALSE
2004-08-22,King_Haakon,4.183099875,-0.5490971499730959,0.5490971499730959,0.5877526775549149,FALSE,FALSE
2004-08-23,King_Haakon,4.225942396,-0.5079834608237945,0.5079834608237945,0.5877526775549149,FALSE,FALSE
2004-08-24,King_Haakon,4.3496002,-0.3863026603189787,0.3863026603189787,0.5877526775549149,FALSE,FALSE
2004-08-25,King_Haakon,4.462931264,-0.27529916063767335,0.27529916063767335,0.5877526775549149,FALSE,FALSE
2004-08-26,King_Haakon,4.554866132,-0.18614480695889757,0.18614480695889757,0.5877526775549149,FALSE,FALSE
2004-08-27,King_Haakon,4.575371519,-0.16897527346167163,0.16897527346167163,0.5877526775549149,FALSE,FALSE
2004-08-28,King_Haakon,4.580261338,-0.16805767651264514,0.16805767651264514,0.5877526775549149,FALSE,FALSE
2004-08-29,King_Haakon,4.565407651,-0.1874711650322141,0.1874711650322141,0.5877526775549149,FALSE,FALSE
2004-08-30,King_Haakon,4.53877564,-0.2191529910149903,0.2191529910149903,0.5877526775549149,FALSE,FALSE
2004-08-31,King_Haakon,4.579289034,-0.18408177196579523,0.18408177196579523,0.5877526775549149,FALSE,FALSE
2004-09-01,King_Haakon,4.61405284,-0.15505484738945174,0.15505484738945174,0.5877526775549149,FALSE,FALSE
2004-09-02,King_Haakon,4.613092967,-0.1619486547907769,0.1619486547907769,0.5877526775549149,FALSE,FALSE
2004-09-03,King_Haakon,4.583860366,-0.1972145896745925,0.1972145896745925,0.5877526775549149,FALSE,FALSE
2004-09-04,King_Haakon,4.587449401,-0.19966063454571523,0.19966063454571523,0.5877526775549149,FALSE,FALSE
2004-09-05,King_Haakon,4.610736617,-0.1823125909089729,0.1823125909089729,0.5877526775549149,FALSE,FALSE
2004-09-06,King_Haakon,4.592671713,-0.2061231062691764,0.2061231062691764,0.5877526775549149,FALSE,FALSE
2004-09-07,King_Haakon,4.582953902,-0.22129531413115355,0.22129531413115355,0.5877526775549149,FALSE,FALSE
2004-09-08,King_Haakon,4.585679003,-0.22363574199972547,0.22363574199972547,0.5877526775549149,FALSE,FALSE
2004-09-09,King_Haakon,4.613464864,-0.2004293223689375,0.2004293223689375,0.5877526775549149,FALSE,FALSE
2004-09-10,King_Haakon,4.617733226,-0.2001982940424556,0.2001982940424556,0.5877526775549149,FALSE,FALSE
2004-09-11,King_Haakon,4.616585275,-0.20486000542690697,0.20486000542690697,0.5877526775549149,FALSE,FALSE
2004-09-12,King_Haakon,4.695212794,-0.12924905787863403,0.12924905787863403,0.5877526775549149,FALSE,FALSE
2004-09-13,King_Haakon,4.719497591,-0.10751002775397644,0.10751002775397644,0.5877526775549149,FALSE,FALSE
2004-09-14,King_Haakon,4.710898886,-0.11821007940928574,0.11821007940928574,0.5877526775549149,FALSE,FALSE
2004-09-15,King_Haakon,4.661056003,-0.1697362732009058,0.1697362732009058,0.5877526775549149,FALSE,FALSE
2004-09-16,King_Haakon,4.601621315,-0.2304626204851763,0.2304626204851763,0.5877526775549149,FALSE,FALSE
2004-09-17,King_Haakon,4.546136152,-0.2868741756184505,0.2868741756184505,0.5877526775549149,FALSE,FALSE
2004-09-18,King_Haakon,4.522720668,-0.3108771689570684,0.3108771689570684,0.5877526775549149,FALSE,FALSE
2004-09-19,King_Haakon,4.532511996,-0.3013608518573774,0.3013608518573774,0.5877526775549149,FALSE,FALSE
2004-09-20,King_Haakon,4.525254871,-0.3086068736757195,0.3086068736757195,0.5877526775549149,FALSE,FALSE
2004-09-21,King_Haakon,4.53729263,-0.29629828176844253,0.29629828176844253,0.5877526775549149,FALSE,FALSE
2004-09-22,King_Haakon,4.498990661,-0.3340962766769877,0.3340962766769877,0.5877526775549149,FALSE,FALSE
2004-09-23,King_Haakon,4.453992074,-0.3783865229739751,0.3783865229739751,0.5877526775549149,FALSE,FALSE
2004-09-24,King_Haakon,4.399723262,-0.43177272831214886,0.43177272831214886,0.5877526775549149,FALSE,FALSE
2004-09-25,King_Haakon,4.351677219,-0.4787920179506031,0.4787920179506031,0.5877526775549149,FALSE,FALSE
2004-09-26,King_Haakon,4.314413474,-0.5149149821484507,0.5149149821484507,0.5877526775549149,FALSE,FALSE
2004-09-27,King_Haakon,4.322935372,-0.505168395164791,0.505168395164791,0.5877526775549149,FALSE,FALSE
2004-09-28,King_Haakon,4.364369211,-0.4624560782587333,0.4624560782587333,0.5877526775549149,FALSE,FALSE
2004-09-29,King_Haakon,4.415497275,-0.410025866689379,0.410025866689379,0.5877526775549149,FALSE,FALSE
2004-09-30,King_Haakon,4.431810105,-0.3924173387158332,0.3924173387158332,0.5877526775549149,FALSE,FALSE
2004-10-01,King_Haakon,4.449717949,-0.37325036559720104,0.37325036559720104,0.5877526775549149,FALSE,FALSE
2004-10-02,King_Haakon,4.454626105,-0.3671497685925891,0.3671497685925891,0.5877526775549149,FALSE,FALSE
2004-10-03,King_Haakon,4.453872764,-0.36680747596109864,0.36680747596109864,0.5877526775549149,FALSE,FALSE
2004-10-04,King_Haakon,4.446767951,-0.3729435636780014,0.3729435636780014,0.5877526775549149,FALSE,FALSE
2004-10-05,King_Haakon,4.465385537,-0.3534921450530648,0.3534921450530648,0.5877526775549149,FALSE,FALSE
2004-10-06,King_Haakon,4.421553903,-0.3965677661342042,0.3965677661342042,0.5877526775549149,FALSE,FALSE
2004-10-07,King_Haakon,4.41794314,-0.3994313608715734,0.3994313608715734,0.5877526775549149,FALSE,FALSE
2004-10-08,King_Haakon,4.447204748,-0.36936245421532465,0.36936245421532465,0.5877526775549149,FALSE,FALSE
2004-10-09,King_Haakon,4.490668309,-0.3249624891156051,0.3249624891156051,0.5877526775549149,FALSE,FALSE
2004-10-10,King_Haakon,4.551881731,-0.26261458252257697,0.26261458252257697,0.5877526775549149,FALSE,FALSE
2004-10-11,King_Haakon,4.581599526,-0.2314952473863885,0.2314952473863885,0.5877526775549149,FALSE,FALSE
2004-10-12,King_Haakon,4.59349814,-0.21785906265719035,0.21785906265719035,0.5877526775549149,FALSE,FALSE
2004-10-13,King_Haakon,4.600343599,-0.20887102728513796,0.20887102728513796,0.5877526775549149,FALSE,FALSE
2004-10-14,King_Haakon,4.621872746,-0.18472532322038315,0.18472532322038315,0.5877526775549149,FALSE,FALSE
2004-10-15,King_Haakon,4.61094086,-0.19249769641308043,0.19249769641308043,0.5877526775549149,FALSE,FALSE
2004-10-16,King_Haakon,4.60584707,-0.19382004281338097,0.19382004281338097,0.5877526775549149,FALSE,FALSE
2004-10-17,King_Haakon,4.619765438,-0.17545206042115957,0.17545206042115957,0.5877526775549149,FALSE,FALSE
2004-10-18,King_Haakon,4.677690165,-0.11239139988204716,0.11239139988204716,0.5877526775549149,FALSE,FALSE
2004-10-19,King_Haakon,4.708305924,-0.07600077634318225,0.07600077634318225,0.5877526775549149,FALSE,FALSE
2004-10-20,King_Haakon,4.731554947,-0.04638756964843527,0.04638756964843527,0.5877526775549149,FALSE,FALSE
2004-10-21,King_Haakon,4.748993826,-0.02204479964167305,0.02204479964167305,0.5877526775549149,FALSE,FALSE
2004-10-22,King_Haakon,4.755632561,-0.00801207816676719,0.00801207816676719,0.5877526775549149,FALSE,FALSE
2004-10-23,King_Haakon,4.744458805,-0.01135136406758086,0.01135136406758086,0.5877526775549149,FALSE,FALSE
2004-10-24,King_Haakon,4.732543325,-0.01504150218797928,0.01504150218797928,0.5877526775549149,FALSE,FALSE
2004-10-25,King_Haakon,4.700141119,-0.03887710637183339,0.03887710637183339,0.5877526775549149,FALSE,FALSE
2004-10-26,King_Haakon,4.698474229,-0.0316857464630127,0.0316857464630127,0.5877526775549149,FALSE,FALSE
2004-10-27,King_Haakon,4.681961926,-0.03909776330538417,0.03909776330538417,0.5877526775549149,FALSE,FALSE
2004-10-28,King_Haakon,4.614800573,-0.09696640574281544,0.09696640574281544,0.5877526775549149,FALSE,FALSE
2004-10-29,King_Haakon,4.595904126,-0.10642732961917024,0.10642732961917024,0.5877526775549149,FALSE,FALSE
2004-10-30,King_Haakon,4.57924084,-0.11354773070490864,0.11354773070490864,0.5877526775549149,FALSE,FALSE
2004-10-31,King_Haakon,4.548092947,-0.1350111238922009,0.1350111238922009,0.5877526775549149,FALSE,FALSE
2004-11-01,King_Haakon,4.507332616,-0.16588967675041744,0.16588967675041744,0.5877526775549149,FALSE,FALSE
2004-11-02,King_Haakon,4.454828068,-0.2082594990932698,0.2082594990932698,0.5877526775549149,FALSE,FALSE
2004-11-03,King_Haakon,4.403349249,-0.2492949757344789,0.2492949757344789,0.5877526775549149,FALSE,FALSE
2004-11-04,King_Haakon,4.378296488,-0.263540108487752,0.263540108487752,0.5877526775549149,FALSE,FALSE
2004-11-05,King_Haakon,4.371327916,-0.25928109716681025,0.25928109716681025,0.5877526775549149,FALSE,FALSE
2004-11-06,King_Haakon,4.349989534,-0.2689162715853657,0.2689162715853657,0.5877526775549149,FALSE,FALSE
2004-11-07,King_Haakon,4.369218842,-0.2374524625571306,0.2374524625571306,0.5877526775549149,FALSE,FALSE
2004-11-08,King_Haakon,4.402537909,-0.19131193189582163,0.19131193189582163,0.5877526775549149,FALSE,FALSE
2004-11-09,King_Haakon,4.418244436,-0.16214130941515403,0.16214130941515403,0.5877526775549149,FALSE,FALSE
2004-11-10,King_Haakon,4.44306698,-0.12315636892884374,0.12315636892884374,0.5877526775549149,FALSE,FALSE
2004-11-11,King_Haakon,4.476757109,-0.07454957216556757,0.07454957216556757,0.5877526775549149,FALSE,FALSE
2004-11-12,King_Haakon,4.498079134,-0.03748398213093384,0.03748398213093384,0.5877526775549149,FALSE,FALSE
2004-11-13,King_Haakon,4.50233571,-0.01655928080336277,0.01655928080336277,0.5877526775549149,FALSE,FALSE
2004-11-14,King_Haakon,4.499206771,-0.00199580601900439,0.00199580601900439,0.5877526775549149,FALSE,FALSE
2004-11-15,King_Haakon,4.475165317,-0.00722082961401593,0.00722082961401593,0.5877526775549149,FALSE,FALSE
2004-11-16,King_Haakon,4.459309806,-0.00303616542455564,0.00303616542455564,0.5877526775549149,FALSE,FALSE
2004-11-17,King_Haakon,4.451500454,0.01051813071322183,0.01051813071322183,0.5877526775549149,FALSE,FALSE
2004-11-18,King_Haakon,4.429478988,0.01128351396316063,0.01128351396316063,0.5877526775549149,FALSE,FALSE
2004-11-19,King_Haakon,4.381019727,-0.01286596851089605,0.01286596851089605,0.5877526775549149,FALSE,FALSE
2004-11-20,King_Haakon,4.342845951,-0.02510730854510257,0.02510730854510257,0.5877526775549149,FALSE,FALSE
2004-11-21,King_Haakon,4.308779581,-0.03151885697561774,0.03151885697561774,0.5877526775549149,FALSE,FALSE
2004-11-22,King_Haakon,4.226374296,-0.08444720663859062,0.08444720663859062,0.5877526775549149,FALSE,FALSE
2004-11-23,King_Haakon,4.21545198,-0.06397074537018721,0.06397074537018721,0.5877526775549149,FALSE,FALSE
2004-11-24,King_Haakon,4.14036701,-0.10565271565189516,0.10565271565189516,0.5877526775549149,FALSE,FALSE
2004-11-25,King_Haakon,4.043378016,-0.1672988304429852,0.1672988304429852,0.5877526775549149,FALSE,FALSE
2004-11-26,King_Haakon,3.962235671,-0.21129653607119536,0.21129653607119536,0.5877526775549149,FALSE,FALSE
2004-11-27,King_Haakon,3.903732903,-0.23099158267740896,0.23099158267740896,0.5877526775549149,FALSE,FALSE
2004-11-28,King_Haakon,3.815445765,-0.2789465954025041,0.2789465954025041,0.5877526775549149,FALSE,FALSE
2004-11-29,King_Haakon,3.772485725,-0.28018878438736117,0.28018878438736117,0.5877526775549149,FALSE,FALSE
2004-11-30,King_Haakon,3.701621015,-0.30808859577286585,0.30808859577286585,0.5877526775549149,FALSE,FALSE
2004-12-01,King_Haakon,3.650868862,-0.31476748069989435,0.31476748069989435,0.5877526775549149,FALSE,FALSE
2004-12-02,King_Haakon,3.60834726,-0.31224612330932855,0.31224612330932855,0.5877526775549149,FALSE,FALSE
2004-12-03,King_Haakon,3.589075359,-0.28564405174205154,0.28564405174205154,0.5877526775549149,FALSE,FALSE
2004-12-04,King_Haakon,3.558779243,-0.26937386013894304,0.26937386013894304,0.5877526775549149,FALSE,FALSE
2004-12-05,King_Haakon,3.55562919,-0.22540394864088453,0.22540394864088453,0.5877526775549149,FALSE,FALSE
2004-12-06,King_Haakon,3.544672847,-0.18882518723871788,0.18882518723871788,0.5877526775549149,FALSE,FALSE
2004-12-07,King_Haakon,3.521001729,-0.16463455179490882,0.16463455179490882,0.5877526775549149,FALSE,FALSE
2004-12-08,King_Haakon,3.485229496,-0.15218622851879535,0.15218622851879535,0.5877526775549149,FALSE,FALSE
2004-12-09,King_Haakon,3.443743199,-0.145043190714786,0.145043190714786,0.5877526775549149,FALSE,FALSE
2004-12-10,King_Haakon,3.421060617,-0.11863768368729533,0.11863768368729533,0.5877526775549149,FALSE,FALSE
2004-12-11,King_Haakon,3.382485408,-0.10761607374073544,0.10761607374073544,0.5877526775549149,FALSE,FALSE
2004-12-12,King_Haakon,3.33579525,-0.10415070717951735,0.10415070717951735,0.5877526775549149,FALSE,FALSE
2004-12-13,King_Haakon,3.268253388,-0.12092836330805357,0.12092836330805357,0.5877526775549149,FALSE,FALSE
2004-12-14,King_Haakon,3.196361592,-0.14139729643075638,0.14139729643075638,0.5877526775549149,FALSE,FALSE
2004-12-15,King_Haakon,3.139337706,-0.14628968685203736,0.14628968685203736,0.5877526775549149,FALSE,FALSE
2004-12-16,King_Haakon,3.080792158,-0.1519451308763089,0.1519451308763089,0.5877526775549149,FALSE,FALSE
2004-12-17,King_Haakon,2.992219827,-0.1868187738079814,0.1868187738079814,0.5877526775549149,FALSE,FALSE
2004-12-18,King_Haakon,2.952576897,-0.17190445595146908,0.17190445595146908,0.5877526775549149,FALSE,FALSE
2004-12-19,King_Haakon,2.905931198,-0.16308876664605254,0.16308876664605254,0.5877526775549149,FALSE,FALSE
2004-12-20,King_Haakon,2.854819017,-0.1578593322039512,0.1578593322039512,0.5877526775549149,FALSE,FALSE
2004-12-21,King_Haakon,2.831687277,-0.1238486144857922,0.1238486144857922,0.5877526775549149,FALSE,FALSE
2004-12-22,King_Haakon,2.824371547,-0.07330197517355508,0.07330197517355508,0.5877526775549149,FALSE,FALSE
2004-12-23,King_Haakon,2.81159707,-0.02757510194921897,0.02757510194921897,0.5877526775549149,FALSE,FALSE
2004-12-24,King_Haakon,2.783970443,0.00385767150524651,0.00385767150524651,0.5877526775549149,FALSE,FALSE
2004-12-25,King_Haakon,2.743417639,0.02284138750786324,0.02284138750786324,0.5877526775549149,FALSE,FALSE
2004-12-26,King_Haakon,2.699881741,0.0392381983766521,0.0392381983766521,0.5877526775549149,FALSE,FALSE
2004-12-27,King_Haakon,2.669448585,0.06905300942963466,0.06905300942963466,0.5877526775549149,FALSE,FALSE
2004-12-28,King_Haakon,2.646663805,0.10675052398484386,0.10675052398484386,0.5877526775549149,FALSE,FALSE
2004-12-29,King_Haakon,2.603249239,0.12397164936029403,0.12397164936029403,0.5877526775549149,FALSE,FALSE
2004-12-30,King_Haakon,2.574832727,0.15626329487401636,0.15626329487401636,0.5877526775549149,FALSE,FALSE
2004-12-31,King_Haakon,2.497473617,0.13960387784402783,0.13960387784402783,0.5877526775549149,FALSE,FALSE
2005-01-01,King_Haakon,2.388211004,0.03034126484402666,0.03034126484402666,0.5877526775549149,FALSE,FALSE
2005-01-02,King_Haakon,2.317756343,0.02049390361808445,0.02049390361808445,0.5877526775549149,FALSE,FALSE
2005-01-03,King_Haakon,2.235617451,-0.00122600233715575,0.00122600233715575,0.5877526775549149,FALSE,FALSE
2005-01-04,King_Haakon,2.140009513,-0.03670218652530099,0.03670218652530099,0.5877526775549149,FALSE,FALSE
2005-01-05,King_Haakon,1.974238506,-0.14272759044996586,0.14272759044996586,0.5877526775549149,FALSE,FALSE
2005-01-06,King_Haakon,1.953044386,-0.10466117661475471,0.10466117661475471,0.5877526775549149,FALSE,FALSE
2005-01-07,King_Haakon,1.90434125,-0.09468776652328392,0.09468776652328392,0.5877526775549149,FALSE,FALSE
2005-01-08,King_Haakon,1.860764237,-0.08027113967916666,0.08027113967916666,0.5877526775549149,FALSE,FALSE
2005-01-09,King_Haakon,1.785652583,-0.09817097858600744,0.09817097858600744,0.5877526775549149,FALSE,FALSE
2005-01-10,King_Haakon,1.751707643,-0.07578484674742314,0.07578484674742314,0.5877526775549149,FALSE,FALSE
2005-01-11,King_Haakon,1.704281882,-0.0678591976670222,0.0678591976670222,0.5877526775549149,FALSE,FALSE
2005-01-12,King_Haakon,1.560840737,-0.1570275128484151,0.1570275128484151,0.5877526775549149,FALSE,FALSE
2005-01-13,King_Haakon,1.432808969,-0.23196394979521484,0.23196394979521484,0.5877526775549149,FALSE,FALSE
2005-01-14,King_Haakon,1.369240953,-0.2437122819021018,0.2437122819021018,0.5877526775549149,FALSE,FALSE
2005-01-15,King_Haakon,1.28719394,-0.27528577132958354,0.27528577132958354,0.5877526775549149,FALSE,FALSE
2005-01-16,King_Haakon,1.233943566,-0.2794446742068448,0.2794446742068448,0.5877526775549149,FALSE,FALSE
2005-01-17,King_Haakon,1.216222916,-0.24948960811146148,0.24948960811146148,0.5877526775549149,FALSE,FALSE
2005-01-18,King_Haakon,1.174625133,-0.2448611326210115,0.2448611326210115,0.5877526775549149,FALSE,FALSE
2005-01-19,King_Haakon,1.096780344,-0.277962823313074,0.277962823313074,0.5877526775549149,FALSE,FALSE
2005-01-20,King_Haakon,1.060897787,-0.2706191447652253,0.2706191447652253,0.5877526775549149,FALSE,FALSE
2005-01-21,King_Haakon,1.023282595,-0.2665586665550441,0.2665586665550441,0.5877526775549149,FALSE,FALSE
2005-01-22,King_Haakon,0.982475061,-0.26727479826010725,0.26727479826010725,0.5877526775549149,FALSE,FALSE
2005-01-23,King_Haakon,0.941283935,-0.26999249245799284,0.26999249245799284,0.5877526775549149,FALSE,FALSE
2005-01-24,King_Haakon,0.90184016,-0.27261450872628046,0.27261450872628046,0.5877526775549149,FALSE,FALSE
2005-01-25,King_Haakon,0.867703626,-0.27161465964254616,0.27161465964254616,0.5877526775549149,FALSE,FALSE
2005-01-26,King_Haakon,0.823335068,-0.28256591278436693,0.28256591278436693,0.5877526775549149,FALSE,FALSE
2005-01-27,King_Haakon,0.7844902,-0.2897374576497831,0.2897374576497831,0.5877526775549149,FALSE,FALSE
2005-01-28,King_Haakon,0.738494151,-0.30576950372942346,0.30576950372942346,0.5877526775549149,FALSE,FALSE
2005-01-29,King_Haakon,0.695082522,-0.3208670894772828,0.3208670894772828,0.5877526775549149,FALSE,FALSE
2005-01-30,King_Haakon,0.678849358,-0.31037672978391917,0.31037672978391917,0.5877526775549149,FALSE,FALSE
2005-01-31,King_Haakon,0.651175167,-0.31285847653989196,0.31285847653989196,0.5877526775549149,FALSE,FALSE
2005-02-01,King_Haakon,0.629120016,-0.31119282263575765,0.31119282263575765,0.5877526775549149,FALSE,FALSE
2005-02-02,King_Haakon,0.632139367,-0.2858648659620757,0.2858648659620757,0.5877526775549149,FALSE,FALSE
2005-02-03,King_Haakon,0.624483952,-0.2725644344094037,0.2725644344094037,0.5877526775549149,FALSE,FALSE
2005-02-04,King_Haakon,0.598501896,-0.2788839628683001,0.2788839628683001,0.5877526775549149,FALSE,FALSE
2005-02-05,King_Haakon,0.585090364,-0.2738668462293238,0.2738668462293238,0.5877526775549149,FALSE,FALSE
2005-02-06,King_Haakon,0.587737972,-0.2539650283830306,0.2539650283830306,0.5877526775549149,FALSE,FALSE
2005-02-07,King_Haakon,0.58441495,-0.24114883921998131,0.24114883921998131,0.5877526775549149,FALSE,FALSE
2005-02-08,King_Haakon,0.591894177,-0.2185863510455257,0.2185863510455257,0.5877526775549149,FALSE,FALSE
2005-02-09,King_Haakon,0.557778732,-0.23866711204681643,0.23866711204681643,0.5877526775549149,FALSE,FALSE
2005-02-10,King_Haakon,0.55277249,-0.23078264532875437,0.23078264532875437,0.5877526775549149,FALSE,FALSE
2005-02-11,King_Haakon,0.541070916,-0.230845034972065,0.230845034972065,0.5877526775549149,FALSE,FALSE
2005-02-12,King_Haakon,0.547515243,-0.21412059705748,0.21412059705748,0.5877526775549149,FALSE,FALSE
2005-02-13,King_Haakon,0.552630027,-0.20019232466572823,0.20019232466572823,0.5877526775549149,FALSE,FALSE
2005-02-14,King_Haakon,0.552206462,-0.1933765728775355,0.1933765728775355,0.5877526775549149,FALSE,FALSE
2005-02-15,King_Haakon,0.562292971,-0.17773246777363283,0.17773246777363283,0.5877526775549149,FALSE,FALSE
2005-02-16,King_Haakon,0.583843677,-0.1524134354347474,0.1524134354347474,0.5877526775549149,FALSE,FALSE
2005-02-17,King_Haakon,0.575378011,-0.1590075939416089,0.1590075939416089,0.5877526775549149,FALSE,FALSE
2005-02-18,King_Haakon,0.555056183,-0.17946228237494566,0.17946228237494566,0.5877526775549149,FALSE,FALSE
2005-02-19,King_Haakon,0.547095723,-0.18966751981548555,0.18966751981548555,0.5877526775549149,FALSE,FALSE
2005-02-20,King_Haakon,0.544387763,-0.1968397233439584,0.1968397233439584,0.5877526775549149,FALSE,FALSE
2005-02-21,King_Haakon,0.563185342,-0.18482297515582255,0.18482297515582255,0.5877526775549149,FALSE,FALSE
2005-02-22,King_Haakon,0.579896139,-0.17718029359068255,0.17718029359068255,0.5877526775549149,FALSE,FALSE
2005-02-23,King_Haakon,0.602552829,-0.16576559832227977,0.16576559832227977,0.5877526775549149,FALSE,FALSE
2005-02-24,King_Haakon,0.594285586,-0.1873337897028391,0.1873337897028391,0.5877526775549149,FALSE,FALSE
2005-02-25,King_Haakon,0.610504757,-0.18635959508458955,0.18635959508458955,0.5877526775549149,FALSE,FALSE
2005-02-26,King_Haakon,0.658916822,-0.15502160881975768,0.15502160881975768,0.5877526775549149,FALSE,FALSE
2005-02-27,King_Haakon,0.784559665,-0.04816702126057093,0.04816702126057093,0.5877526775549149,FALSE,FALSE
2005-02-28,King_Haakon,0.845606253,-0.00750793975925701,0.00750793975925701,0.5877526775549149,FALSE,FALSE
2005-03-01,King_Haakon,0.867468047,-0.00751797766804196,0.00751797766804196,0.5877526775549149,FALSE,FALSE
2005-03-02,King_Haakon,0.908274898,0.01004764166084548,0.01004764166084548,0.5877526775549149,FALSE,FALSE
2005-03-03,King_Haakon,0.924155911,0.00143294887518008,0.00143294887518008,0.5877526775549149,FALSE,FALSE
2005-03-04,King_Haakon,0.936324115,-0.0120341013772669,0.0120341013772669,0.5877526775549149,FALSE,FALSE
2005-03-05,King_Haakon,0.924819216,-0.05019888143116324,0.05019888143116324,0.5877526775549149,FALSE,FALSE
2005-03-06,King_Haakon,0.95428287,-0.04831962780224808,0.04831962780224808,0.5877526775549149,FALSE,FALSE
2005-03-07,King_Haakon,1.019392705,-0.01166683435264914,0.01166683435264914,0.5877526775549149,FALSE,FALSE
2005-03-08,King_Haakon,1.08435798,0.02401083775832124,0.02401083775832124,0.5877526775549149,FALSE,FALSE
2005-03-09,King_Haakon,1.129605971,0.0391827443713455,0.0391827443713455,0.5877526775549149,FALSE,FALSE
2005-03-10,King_Haakon,1.158090733,0.0368450203271089,0.0368450203271089,0.5877526775549149,FALSE,FALSE
2005-03-11,King_Haakon,1.174967953,0.02219543246629785,0.02219543246629785,0.5877526775549149,FALSE,FALSE
2005-03-12,King_Haakon,1.209091217,0.02412964662959749,0.02412964662959749,0.5877526775549149,FALSE,FALSE
2005-03-13,King_Haakon,1.23379395,0.01602316765769185,0.01602316765769185,0.5877526775549149,FALSE,FALSE
2005-03-14,King_Haakon,1.232797473,-0.01836060360873426,0.01836060360873426,0.5877526775549149,FALSE,FALSE
2005-03-15,King_Haakon,1.278192097,-0.00688927632899494,0.00688927632899494,0.5877526775549149,FALSE,FALSE
2005-03-16,King_Haakon,1.306671355,-0.01282723766240656,0.01282723766240656,0.5877526775549149,FALSE,FALSE
2005-03-17,King_Haakon,1.346220445,-0.0081472097682822,0.0081472097682822,0.5877526775549149,FALSE,FALSE
2005-03-18,King_Haakon,1.423429855,0.03378352710716781,0.03378352710716781,0.5877526775549149,FALSE,FALSE
2005-03-19,King_Haakon,1.510117635,0.08482904872538466,0.08482904872538466,0.5877526775549149,FALSE,FALSE
2005-03-20,King_Haakon,1.56346844,0.1022240044115954,0.1022240044115954,0.5877526775549149,FALSE,FALSE
2005-03-21,King_Haakon,1.646039753,0.14857605833749887,0.14857605833749887,0.5877526775549149,FALSE,FALSE
2005-03-22,King_Haakon,1.729269205,0.19537302267479784,0.19537302267479784,0.5877526775549149,FALSE,FALSE
2005-03-23,King_Haakon,1.786787219,0.21629550159519417,0.21629550159519417,0.5877526775549149,FALSE,FALSE
2005-03-24,King_Haakon,1.822717539,0.21551742027038645,0.21551742027038645,0.5877526775549149,FALSE,FALSE
2005-03-25,King_Haakon,1.900143047,0.2561718418720791,0.2561718418720791,0.5877526775549149,FALSE,FALSE
2005-03-26,King_Haakon,1.985238675,0.30448387957196865,0.30448387957196865,0.5877526775549149,FALSE,FALSE
2005-03-27,King_Haakon,2.066499169,0.3489984605417593,0.3489984605417593,0.5877526775549149,FALSE,FALSE
2005-03-28,King_Haakon,2.124009496,0.3698507329531499,0.3698507329531499,0.5877526775549149,FALSE,FALSE
2005-03-29,King_Haakon,2.182127585,0.3914488069778441,0.3914488069778441,0.5877526775549149,FALSE,FALSE
2005-03-30,King_Haakon,2.248727638,0.42171706578754176,0.42171706578754176,0.5877526775549149,FALSE,FALSE
2005-03-31,King_Haakon,2.308032871,0.4449203253987932,0.4449203253987932,0.5877526775549149,FALSE,FALSE
2005-04-01,King_Haakon,2.373067013,0.4740770099489795,0.4740770099489795,0.5877526775549149,FALSE,FALSE
2005-04-02,King_Haakon,2.398971168,0.46430697293784173,0.46430697293784173,0.5877526775549149,FALSE,FALSE
2005-04-03,King_Haakon,2.409879444,0.4397230586828684,0.4397230586828684,0.5877526775549149,FALSE,FALSE
2005-04-04,King_Haakon,2.426676466,0.42118862850155425,0.42118862850155425,0.5877526775549149,FALSE,FALSE
2005-04-05,King_Haakon,2.476137732,0.43545791671138945,0.43545791671138945,0.5877526775549149,FALSE,FALSE
2005-04-06,King_Haakon,2.522374426,0.4466208436298622,0.4466208436298622,0.5877526775549149,FALSE,FALSE
2005-04-07,King_Haakon,2.549101891,0.43837148857446984,0.43837148857446984,0.5877526775549149,FALSE,FALSE
2005-04-08,King_Haakon,2.599322256,0.4536907168627011,0.4536907168627011,0.5877526775549149,FALSE,FALSE
2005-04-09,King_Haakon,2.67033759,0.4898593338120482,0.4898593338120482,0.5877526775549149,FALSE,FALSE
2005-04-10,King_Haakon,2.739803284,0.5245114667399995,0.5245114667399995,0.5877526775549149,FALSE,FALSE
2005-04-11,King_Haakon,2.775332534,0.5252390479640505,0.5252390479640505,0.5877526775549149,FALSE,FALSE
2005-04-12,King_Haakon,2.816059041,0.5311546798479041,0.5311546798479041,0.5877526775549149,FALSE,FALSE
2005-04-13,King_Haakon,2.864519911,0.5447861326374048,0.5447861326374048,0.5877526775549149,FALSE,FALSE
2005-04-14,King_Haakon,2.940695395,0.5861237125840906,0.5861237125840906,0.5877526775549149,FALSE,FALSE
2005-04-15,King_Haakon,2.967553467,0.5781472601462387,0.5781472601462387,0.5877526775549149,FALSE,FALSE
2005-04-16,King_Haakon,2.999767654,0.5755421687821234,0.5755421687821234,0.5877526775549149,FALSE,FALSE
2005-04-17,King_Haakon,2.988326924,0.5293092729500191,0.5293092729500191,0.5877526775549149,FALSE,FALSE
2005-04-18,King_Haakon,2.985732294,0.4919614561082035,0.4919614561082035,0.5877526775549149,FALSE,FALSE
2005-04-19,King_Haakon,3.062360666,0.5338874867149519,0.5338874867149519,0.5877526775549149,FALSE,FALSE
2005-04-20,King_Haakon,3.106339643,0.543226834228538,0.543226834228538,0.5877526775549149,FALSE,FALSE
2005-04-21,King_Haakon,3.089173566,0.4914957061072358,0.4914957061072358,0.5877526775549149,FALSE,FALSE
2005-04-22,King_Haakon,3.093953991,0.4617975248093229,0.4617975248093229,0.5877526775549149,FALSE,FALSE
2005-04-23,King_Haakon,3.131704017,0.4651672557930735,0.4651672557930735,0.5877526775549149,FALSE,FALSE
2005-04-24,King_Haakon,3.139205159,0.4383982805167639,0.4383982805167639,0.5877526775549149,FALSE,FALSE
2005-04-25,King_Haakon,3.169860273,0.4349072501668769,0.4349072501668769,0.5877526775549149,FALSE,FALSE
2005-04-26,King_Haakon,3.196634503,0.42769142195366383,0.42769142195366383,0.5877526775549149,FALSE,FALSE
2005-04-27,King_Haakon,3.237586886,0.43485206873444726,0.43485206873444726,0.5877526775549149,FALSE,FALSE
2005-04-28,King_Haakon,3.291634874,0.455348984997455,0.455348984997455,0.5877526775549149,FALSE,FALSE
2005-04-29,King_Haakon,3.276537197,0.40698324323092017,0.40698324323092017,0.5877526775549149,FALSE,FALSE
2005-04-30,King_Haakon,3.255992062,0.3534953929230644,0.3534953929230644,0.5877526775549149,FALSE,FALSE
2005-05-01,King_Haakon,3.244815156,0.3097434635621257,0.3097434635621257,0.5877526775549149,FALSE,FALSE
2005-05-02,King_Haakon,3.232356734,0.26512005263632643,0.26512005263632643,0.5877526775549149,FALSE,FALSE
2005-05-03,King_Haakon,3.22007176,0.22112246663389937,0.22112246663389937,0.5877526775549149,FALSE,FALSE
2005-05-04,King_Haakon,3.204340894,0.1741737080430723,0.1741737080430723,0.5877526775549149,FALSE,FALSE
2005-05-05,King_Haakon,3.175569227,0.1147212103520756,0.1147212103520756,0.5877526775549149,FALSE,FALSE
2005-05-06,King_Haakon,3.215633337,0.12468389404913528,0.12468389404913528,0.5877526775549149,FALSE,FALSE
2005-05-07,King_Haakon,3.227709731,0.10728058744807,0.10728058744807,0.5877526775549149,FALSE,FALSE
2005-05-08,King_Haakon,3.313051943,0.16379534079559477,0.16379534079559477,0.5877526775549149,FALSE,FALSE
2005-05-09,King_Haakon,3.343094654,0.16566193247707162,0.16566193247707162,0.5877526775549149,FALSE,FALSE
2005-05-10,King_Haakon,3.345112747,0.14014917334300447,0.14014917334300447,0.5877526775549149,FALSE,FALSE
2005-05-11,King_Haakon,3.333344958,0.10148972724389305,0.10148972724389305,0.5877526775549149,FALSE,FALSE
2005-05-12,King_Haakon,3.361355224,0.1032414590302424,0.1032414590302424,0.5877526775549149,FALSE,FALSE
2005-05-13,King_Haakon,3.409506715,0.12576146655255327,0.12576146655255327,0.5877526775549149,FALSE,FALSE
2005-05-14,King_Haakon,3.426385996,0.11763024266132628,0.11763024266132628,0.5877526775549149,FALSE,FALSE
2005-05-15,King_Haakon,3.435083475,0.10193212320706646,0.10193212320706646,0.5877526775549149,FALSE,FALSE
2005-05-16,King_Haakon,3.463053998,0.10611588204027188,0.10611588204027188,0.5877526775549149,FALSE,FALSE
2005-05-17,King_Haakon,3.517393296,0.13727117801144972,0.13727117801144972,0.5877526775549149,FALSE,FALSE
2005-05-18,King_Haakon,3.57680551,0.17409607997109688,0.17409607997109688,0.5877526775549149,FALSE,FALSE
2005-05-19,King_Haakon,3.609418132,0.18471200776971888,0.18471200776971888,0.5877526775549149,FALSE,FALSE
2005-05-20,King_Haakon,3.656543682,0.2104238311177582,0.2104238311177582,0.5877526775549149,FALSE,FALSE
2005-05-21,King_Haakon,3.70835537,0.24136831290782143,0.24136831290782143,0.5877526775549149,FALSE,FALSE
2005-05-22,King_Haakon,3.722613562,0.23524421271960705,0.23524421271960705,0.5877526775549149,FALSE,FALSE
2005-05-23,King_Haakon,3.704211868,0.1968826876548664,0.1968826876548664,0.5877526775549149,FALSE,FALSE
2005-05-24,King_Haakon,3.71185181,0.18492280681534723,0.18492280681534723,0.5877526775549149,FALSE,FALSE
2005-05-25,King_Haakon,3.737835427,0.19160415630279817,0.19160415630279817,0.5877526775549149,FALSE,FALSE
2005-05-26,King_Haakon,3.76394868,0.1986502442189675,0.1986502442189675,0.5877526775549149,FALSE,FALSE
2005-05-27,King_Haakon,3.753866539,0.16967358766560503,0.16967358766560503,0.5877526775549149,FALSE,FALSE
2005-05-28,King_Haakon,3.747832652,0.1448553817444571,0.1448553817444571,0.5877526775549149,FALSE,FALSE
2005-05-29,King_Haakon,3.72730828,0.10559443455727369,0.10559443455727369,0.5877526775549149,FALSE,FALSE
2005-05-30,King_Haakon,3.711596579,0.07113144920580572,0.07113144920580572,0.5877526775549149,FALSE,FALSE
2005-05-31,King_Haakon,3.650543718,-0.00874985820820528,0.00874985820820528,0.5877526775549149,FALSE,FALSE
2005-06-01,King_Haakon,3.633548655,-0.04471298258300393,0.04471298258300393,0.5877526775549149,FALSE,FALSE
2005-06-02,King_Haakon,3.605256903,-0.09216101146412026,0.09216101146412026,0.5877526775549149,FALSE,FALSE
2005-06-03,King_Haakon,3.583135371,-0.13361418361965294,0.13361418361965294,0.5877526775549149,FALSE,FALSE
2005-06-04,King_Haakon,3.567911781,-0.1683148895537614,0.1683148895537614,0.5877526775549149,FALSE,FALSE
2005-06-05,King_Haakon,3.554409054,-0.20141032013957583,0.20141032013957583,0.5877526775549149,FALSE,FALSE
2005-06-06,King_Haakon,3.550302418,-0.22519535925022136,0.22519535925022136,0.5877526775549149,FALSE,FALSE
2005-06-07,King_Haakon,3.567509396,-0.2277225957588178,0.2277225957588178,0.5877526775549149,FALSE,FALSE
2005-06-08,King_Haakon,3.622751288,-0.19224084153850285,0.19224084153850285,0.5877526775549149,FALSE,FALSE
2005-06-09,King_Haakon,3.700590378,-0.13415792446240005,0.13415792446240005,0.5877526775549149,FALSE,FALSE
2005-06-10,King_Haakon,3.750844653,-0.10362596940363612,0.10362596940363612,0.5877526775549149,FALSE,FALSE
2005-06-11,King_Haakon,3.767212684,-0.10691651723533724,0.10691651723533724,0.5877526775549149,FALSE,FALSE
2005-06-12,King_Haakon,3.825716792,-0.06797735883063005,0.06797735883063005,0.5877526775549149,FALSE,FALSE
2005-06-13,King_Haakon,3.8388221,-0.0743134830626464,0.0743134830626464,0.5877526775549149,FALSE,FALSE
2005-06-14,King_Haakon,3.922983531,-0.00944019875529855,0.00944019875529855,0.5877526775549149,FALSE,FALSE
2005-06-15,King_Haakon,3.961274244,0.00974013333918266,0.00974013333918266,0.5877526775549149,FALSE,FALSE
2005-06-16,King_Haakon,3.995596899,0.02514739919444597,0.02514739919444597,0.5877526775549149,FALSE,FALSE
2005-06-17,King_Haakon,3.996040877,0.00688768019959074,0.00688768019959074,0.5877526775549149,FALSE,FALSE
2005-06-18,King_Haakon,3.996759121,-0.01086938025626427,0.01086938025626427,0.5877526775549149,FALSE,FALSE
2005-06-19,King_Haakon,4.005164078,-0.02069463478401534,0.02069463478401534,0.5877526775549149,FALSE,FALSE
2005-06-20,King_Haakon,4.005557335,-0.0382697959945455,0.0382697959945455,0.5877526775549149,FALSE,FALSE
2005-06-21,King_Haakon,4.01184104,-0.04967601549875056,0.04967601549875056,0.5877526775549149,FALSE,FALSE
2005-06-22,King_Haakon,4.039139561,-0.03977222490751941,0.03977222490751941,0.5877526775549149,FALSE,FALSE
2005-06-23,King_Haakon,4.078857376,-0.01713724583174158,0.01713724583174158,0.5877526775549149,FALSE,FALSE
2005-06-24,King_Haakon,4.06167843,-0.05107043288230617,0.05107043288230617,0.5877526775549149,FALSE,FALSE
2005-06-25,King_Haakon,4.037121271,-0.09203653767010422,0.09203653767010422,0.5877526775549149,FALSE,FALSE
2005-06-26,King_Haakon,3.987850049,-0.15735470980602662,0.15735470980602662,0.5877526775549149,FALSE,FALSE
2005-06-27,King_Haakon,3.986200048,-0.17467730233822065,0.17467730233822065,0.5877526775549149,FALSE,FALSE
2005-06-28,King_Haakon,3.946498923,-0.22969707318245547,0.22969707318245547,0.5877526775549149,FALSE,FALSE
2005-06-29,King_Haakon,3.90271431,-0.288481775836789,0.288481775836789,0.5877526775549149,FALSE,FALSE
2005-06-30,King_Haakon,3.966896229,-0.23901685680153095,0.23901685680153095,0.5877526775549149,FALSE,FALSE
2005-07-01,King_Haakon,4.024853193,-0.19552926957698968,0.19552926957698968,0.5877526775549149,FALSE,FALSE
2005-07-02,King_Haakon,4.06258775,-0.1720519326634733,0.1720519326634733,0.5877526775549149,FALSE,FALSE
2005-07-03,King_Haakon,4.062268634,-0.18645157856129657,0.18645157856129657,0.5877526775549149,FALSE,FALSE
2005-07-04,King_Haakon,4.089045796,-0.17361372277076637,0.17361372277076637,0.5877526775549149,FALSE,FALSE
2005-07-05,King_Haakon,4.137596863,-0.138896204792192,0.138896204792192,0.5877526775549149,FALSE,FALSE
2005-07-06,King_Haakon,4.197116871,-0.09313945512588528,0.09313945512588528,0.5877526775549149,FALSE,FALSE
2005-07-07,King_Haakon,4.244861286,-0.0591234742721527,0.0591234742721527,0.5877526775549149,FALSE,FALSE
2005-07-08,King_Haakon,4.293676596,-0.02403724073130853,0.02403724073130853,0.5877526775549149,FALSE,FALSE
2005-07-09,King_Haakon,4.349006217,0.01752728619982324,0.01752728619982324,0.5877526775549149,FALSE,FALSE
2005-07-10,King_Haakon,4.374098094,0.02880041487939255,0.02880041487939255,0.5877526775549149,FALSE,FALSE
2005-07-11,King_Haakon,4.361065118,0.00191622025870774,0.00191622025870774,0.5877526775549149,FALSE,FALSE
2005-07-12,King_Haakon,4.339805008,-0.0332012573370184,0.0332012573370184,0.5877526775549149,FALSE,FALSE
2005-07-13,King_Haakon,4.305152617,-0.08169084358258161,0.08169084358258161,0.5877526775549149,FALSE,FALSE
2005-07-14,King_Haakon,4.32120737,-0.07942679215276183,0.07942679215276183,0.5877526775549149,FALSE,FALSE
2005-07-15,King_Haakon,4.341694035,-0.07265801372235181,0.07265801372235181,0.5877526775549149,FALSE,FALSE
2005-07-16,King_Haakon,4.338149566,-0.08982123296613853,0.08982123296613853,0.5877526775549149,FALSE,FALSE
2005-07-17,King_Haakon,4.326951088,-0.11451300355890924,0.11451300355890924,0.5877526775549149,FALSE,FALSE
2005-07-18,King_Haakon,4.30459943,-0.15020617517545887,0.15020617517545887,0.5877526775549149,FALSE,FALSE
2005-07-19,King_Haakon,4.330098594,-0.13787042449056752,0.13787042449056752,0.5877526775549149,FALSE,FALSE
2005-07-20,King_Haakon,4.347204634,-0.1337233761790273,0.1337233761790273,0.5877526775549149,FALSE,FALSE
2005-07-21,King_Haakon,4.377472191,-0.1161840679156274,0.1161840679156274,0.5877526775549149,FALSE,FALSE
2005-07-22,King_Haakon,4.408253624,-0.09787482108441914,0.09787482108441914,0.5877526775549149,FALSE,FALSE
2005-07-23,King_Haakon,4.396619098,-0.1217139769589144,0.1217139769589144,0.5877526775549149,FALSE,FALSE
2005-07-24,King_Haakon,4.380915532,-0.14935320105213812,0.14935320105213812,0.5877526775549149,FALSE,FALSE
2005-07-25,King_Haakon,4.3416961,-0.2002381324908011,0.2002381324908011,0.5877526775549149,FALSE,FALSE
2005-07-26,King_Haakon,4.276743659,-0.2765847274016213,0.2765847274016213,0.5877526775549149,FALSE,FALSE
2005-07-27,King_Haakon,4.219173516,-0.34527649191130916,0.34527649191130916,0.5877526775549149,FALSE,FALSE
2005-07-28,King_Haakon,4.206988137,-0.368309773146577,0.368309773146577,0.5877526775549149,FALSE,FALSE
2005-07-29,King_Haakon,4.229176361,-0.35669454523414235,0.35669454523414235,0.5877526775549149,FALSE,FALSE
2005-07-30,King_Haakon,4.246687634,-0.3494801753007142,0.3494801753007142,0.5877526775549149,FALSE,FALSE
2005-07-31,King_Haakon,4.304443587,-0.3017438454730108,0.3017438454730108,0.5877526775549149,FALSE,FALSE
2005-08-01,King_Haakon,4.35023059,-0.2656979988777408,0.2656979988777408,0.5877526775549149,FALSE,FALSE
2005-08-02,King_Haakon,4.339268207,-0.28612188464162003,0.28612188464162003,0.5877526775549149,FALSE,FALSE
2005-08-03,King_Haakon,4.313286456,-0.3212842977176642,0.3212842977176642,0.5877526775549149,FALSE,FALSE
2005-08-04,King_Haakon,4.328232024,-0.31523267490105056,0.31523267490105056,0.5877526775549149,FALSE,FALSE
2005-08-05,King_Haakon,4.345188309,-0.30686082638331413,0.30686082638331413,0.5877526775549149,FALSE,FALSE
2005-08-06,King_Haakon,4.341117257,-0.3191802013321041,0.3191802013321041,0.5877526775549149,FALSE,FALSE
2005-08-07,King_Haakon,4.343069246,-0.3251138169150689,0.3251138169150689,0.5877526775549149,FALSE,FALSE
2005-08-08,King_Haakon,4.334225281,-0.34145406329985484,0.34145406329985484,0.5877526775549149,FALSE,FALSE
2005-08-09,King_Haakon,4.328503787,-0.3542559106541123,0.3542559106541123,0.5877526775549149,FALSE,FALSE
2005-08-10,King_Haakon,4.324535348,-0.3648621701454893,0.3648621701454893,0.5877526775549149,FALSE,FALSE
2005-08-11,King_Haakon,4.344826806,-0.35073939494163664,0.35073939494163664,0.5877526775549149,FALSE,FALSE
2005-08-12,King_Haakon,4.356999589,-0.3442395522102011,0.3442395522102011,0.5877526775549149,FALSE,FALSE
2005-08-13,King_Haakon,4.385583402,-0.32080633211883036,0.32080633211883036,0.5877526775549149,FALSE,FALSE
2005-08-14,King_Haakon,4.44765334,-0.26333803483517304,0.26333803483517304,0.5877526775549149,FALSE,FALSE
2005-08-15,King_Haakon,4.452890882,-0.26212657652687543,0.26212657652687543,0.5877526775549149,FALSE,FALSE
2005-08-16,King_Haakon,4.399127825,-0.3193154920259582,0.3193154920259582,0.5877526775549149,FALSE,FALSE
2005-08-17,King_Haakon,4.386154606,-0.3351472383778713,0.3351472383778713,0.5877526775549149,FALSE,FALSE
2005-08-18,King_Haakon,4.333941028,-0.3897507911211182,0.3897507911211182,0.5877526775549149,FALSE,FALSE
2005-08-19,King_Haakon,4.266641435,-0.4590741954347166,0.4590741954347166,0.5877526775549149,FALSE,FALSE
2005-08-20,King_Haakon,4.226189839,-0.5012858284976955,0.5012858284976955,0.5877526775549149,FALSE,FALSE
2005-08-21,King_Haakon,4.212892858,-0.516181461489067,0.516181461489067,0.5877526775549149,FALSE,FALSE
2005-08-22,King_Haakon,4.196187785,-0.5344261905878609,0.5344261905878609,0.5877526775549149,FALSE,FALSE
2005-08-23,King_Haakon,4.172867884,-0.5593291409730954,0.5593291409730954,0.5877526775549149,FALSE,FALSE
2005-08-24,King_Haakon,4.205719671,-0.5282061858237945,0.5282061858237945,0.5877526775549149,FALSE,FALSE
2005-08-25,King_Haakon,4.203790448,-0.5321124123189787,0.5321124123189787,0.5877526775549149,FALSE,FALSE
2005-08-26,King_Haakon,4.173932899,-0.5642975256376728,0.5642975256376728,0.5877526775549149,FALSE,FALSE
2005-08-27,King_Haakon,4.115421015,-0.6255899239588976,0.6255899239588976,0.5877526775549149,TRUE,TRUE
2005-08-28,King_Haakon,4.084657991,-0.6596888014616713,0.6596888014616713,0.5877526775549149,TRUE,TRUE
2005-08-29,King_Haakon,4.071284615,-0.6770343995126451,0.6770343995126451,0.5877526775549149,TRUE,TRUE
2005-08-30,King_Haakon,4.039382365,-0.7134964510322144,0.7134964510322144,0.5877526775549149,TRUE,TRUE
2005-08-31,King_Haakon,4.022042901,-0.7358857300149904,0.7358857300149904,0.5877526775549149,TRUE,TRUE
2005-09-01,King_Haakon,4.033881994,-0.7294888119657958,0.7294888119657958,0.5877526775549149,TRUE,TRUE
2005-09-02,King_Haakon,4.080611984,-0.6884957033894521,0.6884957033894521,0.5877526775549149,TRUE,TRUE
2005-09-03,King_Haakon,4.16159389,-0.6134477317907772,0.6134477317907772,0.5877526775549149,TRUE,TRUE
2005-09-04,King_Haakon,4.207516299,-0.5735586566745923,0.5735586566745923,0.5877526775549149,FALSE,FALSE
2005-09-05,King_Haakon,4.281383373,-0.5057266625457153,0.5057266625457153,0.5877526775549149,FALSE,FALSE
2005-09-06,King_Haakon,4.327452705,-0.4655965029089728,0.4655965029089728,0.5877526775549149,FALSE,FALSE
2005-09-07,King_Haakon,4.434230355,-0.36456446426917566,0.36456446426917566,0.5877526775549149,FALSE,FALSE
2005-09-08,King_Haakon,4.540784013,-0.26346520313115374,0.26346520313115374,0.5877526775549149,FALSE,FALSE
2005-09-09,King_Haakon,4.56731851,-0.24199623499972575,0.24199623499972575,0.5877526775549149,FALSE,FALSE
2005-09-10,King_Haakon,4.547806979,-0.26608720736893776,0.26608720736893776,0.5877526775549149,FALSE,FALSE
2005-09-11,King_Haakon,4.565191117,-0.2527404030424556,0.2527404030424556,0.5877526775549149,FALSE,FALSE
2005-09-12,King_Haakon,4.609209234,-0.21223604642690752,0.21223604642690752,0.5877526775549149,FALSE,FALSE
2005-09-13,King_Haakon,4.664945253,-0.1595165988786338,0.1595165988786338,0.5877526775549149,FALSE,FALSE
2005-09-14,King_Haakon,4.721345683,-0.10566193575397607,0.10566193575397607,0.5877526775549149,FALSE,FALSE
2005-09-15,King_Haakon,4.771104281,-0.05800468440928519,0.05800468440928519,0.5877526775549149,FALSE,FALSE
2005-09-16,King_Haakon,4.786598758,-0.04419351820090522,0.04419351820090522,0.5877526775549149,FALSE,FALSE
2005-09-17,King_Haakon,4.786508601,-0.04557533448517592,0.04557533448517592,0.5877526775549149,FALSE,FALSE
2005-09-18,King_Haakon,4.788055239,-0.04495508861845021,0.04495508861845021,0.5877526775549149,FALSE,FALSE
2005-09-19,King_Haakon,4.770564714,-0.06303312295706842,0.06303312295706842,0.5877526775549149,FALSE,FALSE
2005-09-20,King_Haakon,4.837111674,0.00323882614262238,0.00323882614262238,0.5877526775549149,FALSE,FALSE
2005-09-21,King_Haakon,4.844677988,0.01081624332428088,0.01081624332428088,0.5877526775549149,FALSE,FALSE
2005-09-22,King_Haakon,4.847290391,0.01369947923155745,0.01369947923155745,0.5877526775549149,FALSE,FALSE
2005-09-23,King_Haakon,4.878443182,0.04535624432301244,0.04535624432301244,0.5877526775549149,FALSE,FALSE
2005-09-24,King_Haakon,4.927791661,0.09541306402602424,0.09541306402602424,0.5877526775549149,FALSE,FALSE
2005-09-25,King_Haakon,4.889080597,0.05758460668785137,0.05758460668785137,0.5877526775549149,FALSE,FALSE
2005-09-26,King_Haakon,4.865164333,0.03469509604939702,0.03469509604939702,0.5877526775549149,FALSE,FALSE
2005-09-27,King_Haakon,4.904497381,0.0751689248515488,0.0751689248515488,0.5877526775549149,FALSE,FALSE
2005-09-28,King_Haakon,4.971103407,0.14299963983520936,0.14299963983520936,0.5877526775549149,FALSE,FALSE
2005-09-29,King_Haakon,5.018886374,0.19206108474126715,0.19206108474126715,0.5877526775549149,FALSE,FALSE
2005-09-30,King_Haakon,5.055422439,0.2298992973106211,0.2298992973106211,0.5877526775549149,FALSE,FALSE
2005-10-01,King_Haakon,5.051452417,0.2272249732841667,0.2272249732841667,0.5877526775549149,FALSE,FALSE
2005-10-02,King_Haakon,5.03660313,0.2136348154027985,0.2136348154027985,0.5877526775549149,FALSE,FALSE
2005-10-03,King_Haakon,5.049494302,0.2277184284074112,0.2277184284074112,0.5877526775549149,FALSE,FALSE
2005-10-04,King_Haakon,5.042157511,0.2214772710389017,0.2214772710389017,0.5877526775549149,FALSE,FALSE
2005-10-05,King_Haakon,5.02141682,0.20170530532199837,0.20170530532199837,0.5877526775549149,FALSE,FALSE
2005-10-06,King_Haakon,5.002219242,0.18334155994693457,0.18334155994693457,0.5877526775549149,FALSE,FALSE
2005-10-07,King_Haakon,4.981480761,0.16335909186579567,0.16335909186579567,0.5877526775549149,FALSE,FALSE
2005-10-08,King_Haakon,4.955310332,0.13793583112842622,0.13793583112842622,0.5877526775549149,FALSE,FALSE
2005-10-09,King_Haakon,4.906775933,0.09020873078467506,0.09020873078467506,0.5877526775549149,FALSE,FALSE
2005-10-10,King_Haakon,4.882881335,0.0672505368843952,0.0672505368843952,0.5877526775549149,FALSE,FALSE
2005-10-11,King_Haakon,4.882922558,0.06842624447742285,0.06842624447742285,0.5877526775549149,FALSE,FALSE
2005-10-12,King_Haakon,4.880790653,0.06769587961361179,0.06769587961361179,0.5877526775549149,FALSE,FALSE
2005-10-13,King_Haakon,4.914350435,0.10299323234280956,0.10299323234280956,0.5877526775549149,FALSE,FALSE
2005-10-14,King_Haakon,4.936842989,0.12762836271486133,0.12762836271486133,0.5877526775549149,FALSE,FALSE
2005-10-15,King_Haakon,4.907581122,0.1009830527796165,0.1009830527796165,0.5877526775549149,FALSE,FALSE
2005-10-16,King_Haakon,4.877478168,0.07403961158691885,0.07403961158691885,0.5877526775549149,FALSE,FALSE
2005-10-17,King_Haakon,4.887738842,0.08807172918661887,0.08807172918661887,0.5877526775549149,FALSE,FALSE
2005-10-18,King_Haakon,4.870801572,0.0755840735788409,0.0755840735788409,0.5877526775549149,FALSE,FALSE
2005-10-19,King_Haakon,4.905569328,0.1154877631179536,0.1154877631179536,0.5877526775549149,FALSE,FALSE
2005-10-20,King_Haakon,4.92525733,0.14095062965681748,0.14095062965681748,0.5877526775549149,FALSE,FALSE
2005-10-21,King_Haakon,4.949213432,0.1712709153515641,0.1712709153515641,0.5877526775549149,FALSE,FALSE
2005-10-22,King_Haakon,4.98032545,0.20928682435832613,0.20928682435832613,0.5877526775549149,FALSE,FALSE
2005-10-23,King_Haakon,4.999597085,0.2359524458332336,0.2359524458332336,0.5877526775549149,FALSE,FALSE
2005-10-24,King_Haakon,5.008663234,0.25285306493241944,0.25285306493241944,0.5877526775549149,FALSE,FALSE
2005-10-25,King_Haakon,4.996761969,0.24917714181202033,0.24917714181202033,0.5877526775549149,FALSE,FALSE
2005-10-26,King_Haakon,4.987064722,0.24804649662816655,0.24804649662816655,0.5877526775549149,FALSE,FALSE
2005-10-27,King_Haakon,5.004515308,0.2743553325369872,0.2743553325369872,0.5877526775549149,FALSE,FALSE
2005-10-28,King_Haakon,5.031079695,0.3100200056946161,0.3100200056946161,0.5877526775549149,FALSE,FALSE
2005-10-29,King_Haakon,5.04306015,0.33129317125718405,0.33129317125718405,0.5877526775549149,FALSE,FALSE
2005-10-30,King_Haakon,5.054785203,0.3524537473808298,0.3524537473808298,0.5877526775549149,FALSE,FALSE
2005-10-31,King_Haakon,5.037437414,0.3446488432950918,0.3446488432950918,0.5877526775549149,FALSE,FALSE
2005-11-01,King_Haakon,5.008345906,0.325241835107799,0.325241835107799,0.5877526775549149,FALSE,FALSE
2005-11-02,King_Haakon,4.98239345,0.30917115724958233,0.30917115724958233,0.5877526775549149,FALSE,FALSE
2005-11-03,King_Haakon,4.955325538,0.2922379709067302,0.2922379709067302,0.5877526775549149,FALSE,FALSE
2005-11-04,King_Haakon,4.938552739,0.2859085142655218,0.2859085142655218,0.5877526775549149,FALSE,FALSE
2005-11-05,King_Haakon,4.900547732,0.25871113551224756,0.25871113551224756,0.5877526775549149,FALSE,FALSE
2005-11-06,King_Haakon,4.858796578,0.22818756483318925,0.22818756483318925,0.5877526775549149,FALSE,FALSE
2005-11-07,King_Haakon,4.845238488,0.2263326824146343,0.2263326824146343,0.5877526775549149,FALSE,FALSE
2005-11-08,King_Haakon,4.860063519,0.25339221444286864,0.25339221444286864,0.5877526775549149,FALSE,FALSE
2005-11-09,King_Haakon,4.87117968,0.2773298391041781,0.2773298391041781,0.5877526775549149,FALSE,FALSE
2005-11-10,King_Haakon,4.875876621,0.29549087558484555,0.29549087558484555,0.5877526775549149,FALSE,FALSE
2005-11-11,King_Haakon,4.864759871,0.29853652207115644,0.29853652207115644,0.5877526775549149,FALSE,FALSE
2005-11-12,King_Haakon,4.842122272,0.2908155908344323,0.2908155908344323,0.5877526775549149,FALSE,FALSE
2005-11-13,King_Haakon,4.8397645,0.30420138386906626,0.30420138386906626,0.5877526775549149,FALSE,FALSE
2005-11-14,King_Haakon,4.8362364,0.31734140919663734,0.31734140919663734,0.5877526775549149,FALSE,FALSE
2005-11-15,King_Haakon,4.830743375,0.32954079798099567,0.32954079798099567,0.5877526775549149,FALSE,FALSE
2005-11-16,King_Haakon,4.80053859,0.31815244338598436,0.31815244338598436,0.5877526775549149,FALSE,FALSE
2005-11-17,King_Haakon,4.755263708,0.2929177365754443,0.2929177365754443,0.5877526775549149,FALSE,FALSE
2005-11-18,King_Haakon,4.713223929,0.272241605713222,0.272241605713222,0.5877526775549149,FALSE,FALSE
2005-11-19,King_Haakon,4.67645517,0.2582596959631607,0.2582596959631607,0.5877526775549149,FALSE,FALSE
2005-11-20,King_Haakon,4.657873627,0.2639879314891038,0.2639879314891038,0.5877526775549149,FALSE,FALSE
2005-11-21,King_Haakon,4.623684825,0.25573156545489706,0.25573156545489706,0.5877526775549149,FALSE,FALSE
2005-11-22,King_Haakon,4.570357118,0.23005868002438312,0.23005868002438312,0.5877526775549149,FALSE,FALSE
2005-11-23,King_Haakon,4.479360103,0.16853860036140933,0.16853860036140933,0.5877526775549149,FALSE,FALSE
2005-11-24,King_Haakon,4.425517614,0.146094888629813,0.146094888629813,0.5877526775549149,FALSE,FALSE
2005-11-25,King_Haakon,4.387753673,0.1417339473481043,0.1417339473481043,0.5877526775549149,FALSE,FALSE
2005-11-26,King_Haakon,4.340229743,0.12955289655701474,0.12955289655701474,0.5877526775549149,FALSE,FALSE
2005-11-27,King_Haakon,4.260322847,0.08679063992880476,0.08679063992880476,0.5877526775549149,FALSE,FALSE
2005-11-28,King_Haakon,4.19027943,0.05555494432259156,0.05555494432259156,0.5877526775549149,FALSE,FALSE
2005-11-29,King_Haakon,4.147899558,0.05350719759749545,0.05350719759749545,0.5877526775549149,FALSE,FALSE
2005-11-30,King_Haakon,4.074193455,0.02151894561263834,0.02151894561263834,0.5877526775549149,FALSE,FALSE
2005-12-01,King_Haakon,3.953796335,-0.0559132757728662,0.0559132757728662,0.5877526775549149,FALSE,FALSE
2005-12-02,King_Haakon,3.825992951,-0.13964339169989426,0.13964339169989426,0.5877526775549149,FALSE,FALSE
2005-12-03,King_Haakon,3.717300631,-0.2032927523093284,0.2032927523093284,0.5877526775549149,FALSE,FALSE
2005-12-04,King_Haakon,3.647296702,-0.22742270874205195,0.22742270874205195,0.5877526775549149,FALSE,FALSE
2005-12-05,King_Haakon,3.555472401,-0.27268070213894324,0.27268070213894324,0.5877526775549149,FALSE,FALSE
2005-12-06,King_Haakon,3.458036855,-0.3229962836408844,0.3229962836408844,0.5877526775549149,FALSE,FALSE
2005-12-07,King_Haakon,3.389349507,-0.34414852723871814,0.34414852723871814,0.5877526775549149,FALSE,FALSE
2005-12-08,King_Haakon,3.28446291,-0.401173370794909,0.401173370794909,0.5877526775549149,FALSE,FALSE
2005-12-09,King_Haakon,3.224992592,-0.4124231325187955,0.4124231325187955,0.5877526775549149,FALSE,FALSE
2005-12-10,King_Haakon,3.128551909,-0.460234480714786,0.460234480714786,0.5877526775549149,FALSE,FALSE
2005-12-11,King_Haakon,3.070224239,-0.46947406168729566,0.46947406168729566,0.5877526775549149,FALSE,FALSE
2005-12-12,King_Haakon,3.000331863,-0.48976961874073544,0.48976961874073544,0.5877526775549149,FALSE,FALSE
2005-12-13,King_Haakon,2.972610288,-0.4673356691795174,0.4673356691795174,0.5877526775549149,FALSE,FALSE
2005-12-14,King_Haakon,2.906745914,-0.4824358373080538,0.4824358373080538,0.5877526775549149,FALSE,FALSE
2005-12-15,King_Haakon,2.83989755,-0.49786133843075664,0.49786133843075664,0.5877526775549149,FALSE,FALSE
2005-12-16,King_Haakon,2.796900148,-0.4887272448520372,0.4887272448520372,0.5877526775549149,FALSE,FALSE
2005-12-17,King_Haakon,2.742658926,-0.490078362876309,0.490078362876309,0.5877526775549149,FALSE,FALSE
2005-12-18,King_Haakon,2.676219989,-0.5028186118079816,0.5028186118079816,0.5877526775549149,FALSE,FALSE
2005-12-19,King_Haakon,2.615521784,-0.5089595689514694,0.5089595689514694,0.5877526775549149,FALSE,FALSE
2005-12-20,King_Haakon,2.521015216,-0.5480047486460529,0.5480047486460529,0.5877526775549149,FALSE,FALSE
2005-12-21,King_Haakon,2.444555022,-0.5681233272039514,0.5681233272039514,0.5877526775549149,FALSE,FALSE
2005-12-22,King_Haakon,2.377857242,-0.577678649485792,0.577678649485792,0.5877526775549149,FALSE,FALSE
2005-12-23,King_Haakon,2.342214796,-0.5554587261735553,0.5554587261735553,0.5877526775549149,FALSE,FALSE
2005-12-24,King_Haakon,2.293670944,-0.5455012279492188,0.5455012279492188,0.5877526775549149,FALSE,FALSE
2005-12-25,King_Haakon,2.257921447,-0.5221913244947531,0.5221913244947531,0.5877526775549149,FALSE,FALSE
2005-12-26,King_Haakon,2.210951007,-0.509625244492137,0.509625244492137,0.5877526775549149,FALSE,FALSE
2005-12-27,King_Haakon,2.159840835,-0.5008027076233481,0.5008027076233481,0.5877526775549149,FALSE,FALSE
2005-12-28,King_Haakon,2.1234718,-0.4769237755703654,0.4769237755703654,0.5877526775549149,FALSE,FALSE
2005-12-29,King_Haakon,2.080608852,-0.4593044290151562,0.4593044290151562,0.5877526775549149,FALSE,FALSE
2005-12-30,King_Haakon,2.011962989,-0.467314600639706,0.467314600639706,0.5877526775549149,FALSE,FALSE
2005-12-31,King_Haakon,1.953514726,-0.46505470612598354,0.46505470612598354,0.5877526775549149,FALSE,FALSE
2006-01-01,King_Haakon,1.913531402,-0.44433833715597326,0.44433833715597326,0.5877526775549149,FALSE,FALSE
2006-01-02,King_Haakon,1.877643815,-0.4196186243819155,0.4196186243819155,0.5877526775549149,FALSE,FALSE
2006-01-03,King_Haakon,1.815225807,-0.4216176463371557,0.4216176463371557,0.5877526775549149,FALSE,FALSE
2006-01-04,King_Haakon,1.715549446,-0.4611622535253008,0.4611622535253008,0.5877526775549149,FALSE,FALSE
2006-01-05,King_Haakon,1.601634931,-0.5153311654499659,0.5153311654499659,0.5877526775549149,FALSE,FALSE
2006-01-06,King_Haakon,1.516035954,-0.5416696086147548,0.5416696086147548,0.5877526775549149,FALSE,FALSE
2006-01-07,King_Haakon,1.414592522,-0.5844364945232841,0.5844364945232841,0.5877526775549149,FALSE,FALSE
2006-01-08,King_Haakon,1.341815762,-0.5992196146791666,0.5992196146791666,0.5877526775549149,TRUE,FALSE
2006-01-09,King_Haakon,1.284010773,-0.5998127885860074,0.5998127885860074,0.5877526775549149,TRUE,FALSE
2006-01-10,King_Haakon,1.258444392,-0.5690480977474233,0.5690480977474233,0.5877526775549149,FALSE,FALSE
2006-01-11,King_Haakon,1.198034596,-0.5741064836670222,0.5741064836670222,0.5877526775549149,FALSE,FALSE
2006-01-12,King_Haakon,1.144706209,-0.573162040848415,0.573162040848415,0.5877526775549149,FALSE,FALSE
2006-01-13,King_Haakon,1.084603413,-0.580169505795215,0.580169505795215,0.5877526775549149,FALSE,FALSE
2006-01-14,King_Haakon,1.021641878,-0.5913113569021018,0.5913113569021018,0.5877526775549149,TRUE,FALSE
2006-01-15,King_Haakon,0.983941725,-0.5785379863295836,0.5785379863295836,0.5877526775549149,FALSE,FALSE
2006-01-16,King_Haakon,0.955943005,-0.5574452352068449,0.5574452352068449,0.5877526775549149,FALSE,FALSE
2006-01-17,King_Haakon,0.891482139,-0.5742303851114615,0.5742303851114615,0.5877526775549149,FALSE,FALSE
2006-01-18,King_Haakon,0.809303312,-0.6101829536210114,0.6101829536210114,0.5877526775549149,TRUE,FALSE
2006-01-19,King_Haakon,0.771074531,-0.6036686363130739,0.6036686363130739,0.5877526775549149,TRUE,FALSE
2006-01-20,King_Haakon,0.749621346,-0.5818955857652254,0.5818955857652254,0.5877526775549149,FALSE,FALSE
2006-01-21,King_Haakon,0.746388843,-0.5434524185550441,0.5434524185550441,0.5877526775549149,FALSE,FALSE
2006-01-22,King_Haakon,0.724822436,-0.5249274232601073,0.5249274232601073,0.5877526775549149,FALSE,FALSE
2006-01-23,King_Haakon,0.685400188,-0.5258762394579928,0.5258762394579928,0.5877526775549149,FALSE,FALSE
2006-01-24,King_Haakon,0.685357168,-0.4890975007262805,0.4890975007262805,0.5877526775549149,FALSE,FALSE
2006-01-25,King_Haakon,0.675415099,-0.46390318664254615,0.46390318664254615,0.5877526775549149,FALSE,FALSE
2006-01-26,King_Haakon,0.64778605,-0.45811493078436694,0.45811493078436694,0.5877526775549149,FALSE,FALSE
2006-01-27,King_Haakon,0.631979683,-0.4422479746497832,0.4422479746497832,0.5877526775549149,FALSE,FALSE
2006-01-28,King_Haakon,0.612470685,-0.4317929697294235,0.4317929697294235,0.5877526775549149,FALSE,FALSE
2006-01-29,King_Haakon,0.606079557,-0.4098700544772827,0.4098700544772827,0.5877526775549149,FALSE,FALSE
2006-01-30,King_Haakon,0.603672645,-0.3855534427839192,0.3855534427839192,0.5877526775549149,FALSE,FALSE
2006-01-31,King_Haakon,0.597469241,-0.366564402539892,0.366564402539892,0.5877526775549149,FALSE,FALSE
2006-02-01,King_Haakon,0.5830636,-0.35724923863575764,0.35724923863575764,0.5877526775549149,FALSE,FALSE
2006-02-02,King_Haakon,0.575163204,-0.3428410289620757,0.3428410289620757,0.5877526775549149,FALSE,FALSE
2006-02-03,King_Haakon,0.557478335,-0.33957005140940366,0.33957005140940366,0.5877526775549149,FALSE,FALSE
2006-02-04,King_Haakon,0.542964176,-0.3344216828683001,0.3344216828683001,0.5877526775549149,FALSE,FALSE
2006-02-05,King_Haakon,0.55046941,-0.30848780022932376,0.30848780022932376,0.5877526775549149,FALSE,FALSE
2006-02-06,King_Haakon,0.542810982,-0.2988920183830306,0.2988920183830306,0.5877526775549149,FALSE,FALSE
2006-02-07,King_Haakon,0.533144685,-0.2924191042199813,0.2924191042199813,0.5877526775549149,FALSE,FALSE
2006-02-08,King_Haakon,0.503239938,-0.30724059004552573,0.30724059004552573,0.5877526775549149,FALSE,FALSE
2006-02-09,King_Haakon,0.522848137,-0.2735977070468165,0.2735977070468165,0.5877526775549149,FALSE,FALSE
2006-02-10,King_Haakon,0.551833852,-0.2317212833287543,0.2317212833287543,0.5877526775549149,FALSE,FALSE
2006-02-11,King_Haakon,0.539659599,-0.23225635197206496,0.23225635197206496,0.5877526775549149,FALSE,FALSE
2006-02-12,King_Haakon,0.539650764,-0.22198507605747997,0.22198507605747997,0.5877526775549149,FALSE,FALSE
2006-02-13,King_Haakon,0.513432493,-0.23938985866572815,0.23938985866572815,0.5877526775549149,FALSE,FALSE
2006-02-14,King_Haakon,0.566408535,-0.17917449987753553,0.17917449987753553,0.5877526775549149,FALSE,FALSE
2006-02-15,King_Haakon,0.560229574,-0.17979586477363285,0.17979586477363285,0.5877526775549149,FALSE,FALSE
2006-02-16,King_Haakon,0.562129957,-0.17412715543474733,0.17412715543474733,0.5877526775549149,FALSE,FALSE
2006-02-17,King_Haakon,0.551990153,-0.1823954519416089,0.1823954519416089,0.5877526775549149,FALSE,FALSE
2006-02-18,King_Haakon,0.545217009,-0.1893014563749457,0.1893014563749457,0.5877526775549149,FALSE,FALSE
2006-02-19,King_Haakon,0.521746505,-0.2150167378154856,0.2150167378154856,0.5877526775549149,FALSE,FALSE
2006-02-20,King_Haakon,0.513712762,-0.22751472434395836,0.22751472434395836,0.5877526775549149,FALSE,FALSE
2006-02-21,King_Haakon,0.512590033,-0.2354182841558227,0.2354182841558227,0.5877526775549149,FALSE,FALSE
2006-02-22,King_Haakon,0.519720881,-0.23735555159068256,0.23735555159068256,0.5877526775549149,FALSE,FALSE
2006-02-23,King_Haakon,0.512673943,-0.2556444843222797,0.2556444843222797,0.5877526775549149,FALSE,FALSE
2006-02-24,King_Haakon,0.519793978,-0.2618253977028391,0.2618253977028391,0.5877526775549149,FALSE,FALSE
2006-02-25,King_Haakon,0.545356979,-0.2515073730845895,0.2515073730845895,0.5877526775549149,FALSE,FALSE
2006-02-26,King_Haakon,0.55814013,-0.25579830081975774,0.25579830081975774,0.5877526775549149,FALSE,FALSE
2006-02-27,King_Haakon,0.535206107,-0.29752057926057085,0.29752057926057085,0.5877526775549149,FALSE,FALSE
2006-02-28,King_Haakon,0.502982049,-0.35013214375925705,0.35013214375925705,0.5877526775549149,FALSE,FALSE
2006-03-01,King_Haakon,0.520341522,-0.35464450266804204,0.35464450266804204,0.5877526775549149,FALSE,FALSE
2006-03-02,King_Haakon,0.542133295,-0.3560939613391546,0.3560939613391546,0.5877526775549149,FALSE,FALSE
2006-03-03,King_Haakon,0.580163991,-0.3425589711248199,0.3425589711248199,0.5877526775549149,FALSE,FALSE
2006-03-04,King_Haakon,0.621053407,-0.3273048093772669,0.3273048093772669,0.5877526775549149,FALSE,FALSE
2006-03-05,King_Haakon,0.687313746,-0.28770435143116335,0.28770435143116335,0.5877526775549149,FALSE,FALSE
2006-03-06,King_Haakon,0.724263672,-0.2783388258022481,0.2783388258022481,0.5877526775549149,FALSE,FALSE
2006-03-07,King_Haakon,0.764876249,-0.2661832903526492,0.2661832903526492,0.5877526775549149,FALSE,FALSE
2006-03-08,King_Haakon,0.799946367,-0.2604007752416788,0.2604007752416788,0.5877526775549149,FALSE,FALSE
2006-03-09,King_Haakon,0.820281062,-0.2701421646286545,0.2701421646286545,0.5877526775549149,FALSE,FALSE
2006-03-10,King_Haakon,0.821987158,-0.2992585546728912,0.2992585546728912,0.5877526775549149,FALSE,FALSE
2006-03-11,King_Haakon,0.85470879,-0.29806373053370205,0.29806373053370205,0.5877526775549149,FALSE,FALSE
2006-03-12,King_Haakon,0.880103184,-0.30485838637040263,0.30485838637040263,0.5877526775549149,FALSE,FALSE
2006-03-13,King_Haakon,0.899776602,-0.3179941803423081,0.3179941803423081,0.5877526775549149,FALSE,FALSE
2006-03-14,King_Haakon,0.923514944,-0.32764313260873423,0.32764313260873423,0.5877526775549149,FALSE,FALSE
2006-03-15,King_Haakon,0.94154336,-0.3435380133289949,0.3435380133289949,0.5877526775549149,FALSE,FALSE
2006-03-16,King_Haakon,0.952040775,-0.3674578176624066,0.3674578176624066,0.5877526775549149,FALSE,FALSE
2006-03-17,King_Haakon,0.980266869,-0.3741007857682821,0.3741007857682821,0.5877526775549149,FALSE,FALSE
2006-03-18,King_Haakon,1.006398824,-0.38324750389283224,0.38324750389283224,0.5877526775549149,FALSE,FALSE
2006-03-19,King_Haakon,1.041586286,-0.3837023002746154,0.3837023002746154,0.5877526775549149,FALSE,FALSE
2006-03-20,King_Haakon,1.070169099,-0.3910753365884048,0.3910753365884048,0.5877526775549149,FALSE,FALSE
2006-03-21,King_Haakon,1.097001589,-0.40046210566250107,0.40046210566250107,0.5877526775549149,FALSE,FALSE
2006-03-22,King_Haakon,1.164012157,-0.36988402532520226,0.36988402532520226,0.5877526775549149,FALSE,FALSE
2006-03-23,King_Haakon,1.233434882,-0.3370568354048058,0.3370568354048058,0.5877526775549149,FALSE,FALSE
2006-03-24,King_Haakon,1.285819606,-0.32138051272961365,0.32138051272961365,0.5877526775549149,FALSE,FALSE
2006-03-25,King_Haakon,1.34824692,-0.2957242851279209,0.2957242851279209,0.5877526775549149,FALSE,FALSE
2006-03-26,King_Haakon,1.43543686,-0.2453179354280313,0.2453179354280313,0.5877526775549149,FALSE,FALSE
2006-03-27,King_Haakon,1.468267674,-0.24923303445824072,0.24923303445824072,0.5877526775549149,FALSE,FALSE
2006-03-28,King_Haakon,1.527323487,-0.22683527604685016,0.22683527604685016,0.5877526775549149,FALSE,FALSE
2006-03-29,King_Haakon,1.598451848,-0.19222693002215577,0.19222693002215577,0.5877526775549149,FALSE,FALSE
2006-03-30,King_Haakon,1.639923168,-0.1870874042124584,0.1870874042124584,0.5877526775549149,FALSE,FALSE
2006-03-31,King_Haakon,1.693945145,-0.16916740060120672,0.16916740060120672,0.5877526775549149,FALSE,FALSE
2006-04-01,King_Haakon,1.723967708,-0.17502229505102052,0.17502229505102052,0.5877526775549149,FALSE,FALSE
2006-04-02,King_Haakon,1.773913404,-0.1607507910621584,0.1607507910621584,0.5877526775549149,FALSE,FALSE
2006-04-03,King_Haakon,1.850710901,-0.11944548431713152,0.11944548431713152,0.5877526775549149,FALSE,FALSE
2006-04-04,King_Haakon,1.924609277,-0.08087856049844566,0.08087856049844566,0.5877526775549149,FALSE,FALSE
2006-04-05,King_Haakon,1.968348551,-0.0723312642886107,0.0723312642886107,0.5877526775549149,FALSE,FALSE
2006-04-06,King_Haakon,1.992699541,-0.08305404137013772,0.08305404137013772,0.5877526775549149,FALSE,FALSE
2006-04-07,King_Haakon,2.004004495,-0.1067259074255298,0.1067259074255298,0.5877526775549149,FALSE,FALSE
2006-04-08,King_Haakon,2.035792673,-0.1098388661372991,0.1098388661372991,0.5877526775549149,FALSE,FALSE
2006-04-09,King_Haakon,2.111077746,-0.06940051018795179,0.06940051018795179,0.5877526775549149,FALSE,FALSE
2006-04-10,King_Haakon,2.16323346,-0.05205835726000085,0.05205835726000085,0.5877526775549149,FALSE,FALSE
2006-04-11,King_Haakon,2.219833655,-0.03025983103594942,0.03025983103594942,0.5877526775549149,FALSE,FALSE
2006-04-12,King_Haakon,2.221098759,-0.06380560215209563,0.06380560215209563,0.5877526775549149,FALSE,FALSE
2006-04-13,King_Haakon,2.237932608,-0.08180117036259515,0.08180117036259515,0.5877526775549149,FALSE,FALSE
2006-04-14,King_Haakon,2.256747696,-0.0978239864159094,0.0978239864159094,0.5877526775549149,FALSE,FALSE
2006-04-15,King_Haakon,2.342194301,-0.04721190585376123,0.04721190585376123,0.5877526775549149,FALSE,FALSE
2006-04-16,King_Haakon,2.427044297,0.00281881178212373,0.00281881178212373,0.5877526775549149,FALSE,FALSE
2006-04-17,King_Haakon,2.495707754,0.03669010295001929,0.03669010295001929,0.5877526775549149,FALSE,FALSE
2006-04-18,King_Haakon,2.540202647,0.04643180910820366,0.04643180910820366,0.5877526775549149,FALSE,FALSE
2006-04-19,King_Haakon,2.549413144,0.02093996471495174,0.02093996471495174,0.5877526775549149,FALSE,FALSE
2006-04-20,King_Haakon,2.564851577,0.00173876822853813,0.00173876822853813,0.5877526775549149,FALSE,FALSE
2006-04-21,King_Haakon,2.597691051,1.3191107235854815e-5,1.3191107235854815e-5,0.5877526775549149,FALSE,FALSE
2006-04-22,King_Haakon,2.648908772,0.01675230580932307,0.01675230580932307,0.5877526775549149,FALSE,FALSE
2006-04-23,King_Haakon,2.672783808,0.00624704679307353,0.00624704679307353,0.5877526775549149,FALSE,FALSE
2006-04-24,King_Haakon,2.72691354,0.02610666151676399,0.02610666151676399,0.5877526775549149,FALSE,FALSE
2006-04-25,King_Haakon,2.790234487,0.05528146416687729,0.05528146416687729,0.5877526775549149,FALSE,FALSE
2006-04-26,King_Haakon,2.841222567,0.07227948595366396,0.07227948595366396,0.5877526775549149,FALSE,FALSE
2006-04-27,King_Haakon,2.879792986,0.07705816873444737,0.07705816873444737,0.5877526775549149,FALSE,FALSE
2006-04-28,King_Haakon,2.899909417,0.06362352799745485,0.06362352799745485,0.5877526775549149,FALSE,FALSE
2006-04-29,King_Haakon,2.916936635,0.04738268123091993,0.04738268123091993,0.5877526775549149,FALSE,FALSE
2006-04-30,King_Haakon,2.93758794,0.03509127092306441,0.03509127092306441,0.5877526775549149,FALSE,FALSE
2006-05-01,King_Haakon,2.999428074,0.06435638156212553,0.06435638156212553,0.5877526775549149,FALSE,FALSE
2006-05-02,King_Haakon,3.043473799,0.07623711763632635,0.07623711763632635,0.5877526775549149,FALSE,FALSE
2006-05-03,King_Haakon,3.097505018,0.09855572463389928,0.09855572463389928,0.5877526775549149,FALSE,FALSE
2006-05-04,King_Haakon,3.112379405,0.0822122190430723,0.0822122190430723,0.5877526775549149,FALSE,FALSE
2006-05-05,King_Haakon,3.105943612,0.04509559535207552,0.04509559535207552,0.5877526775549149,FALSE,FALSE
2006-05-06,King_Haakon,3.049890489,-0.04105895395086456,0.04105895395086456,0.5877526775549149,FALSE,FALSE
2006-05-07,King_Haakon,3.03521116,-0.08521798355193022,0.08521798355193022,0.5877526775549149,FALSE,FALSE
2006-05-08,King_Haakon,3.05971056,-0.08954604220440521,0.08954604220440521,0.5877526775549149,FALSE,FALSE
2006-05-09,King_Haakon,3.075133871,-0.10229885052292877,0.10229885052292877,0.5877526775549149,FALSE,FALSE
2006-05-10,King_Haakon,3.084232728,-0.12073084565699554,0.12073084565699554,0.5877526775549149,FALSE,FALSE
2006-05-11,King_Haakon,3.086763011,-0.1450922197561071,0.1450922197561071,0.5877526775549149,FALSE,FALSE
2006-05-12,King_Haakon,3.080121704,-0.1779920609697574,0.1779920609697574,0.5877526775549149,FALSE,FALSE
2006-05-13,King_Haakon,3.100325797,-0.18341945144744676,0.18341945144744676,0.5877526775549149,FALSE,FALSE
2006-05-14,King_Haakon,3.084054381,-0.2247013723386737,0.2247013723386737,0.5877526775549149,FALSE,FALSE
2006-05-15,King_Haakon,3.055808336,-0.2773430157929333,0.2773430157929333,0.5877526775549149,FALSE,FALSE
2006-05-16,King_Haakon,3.134051293,-0.22288682295972784,0.22288682295972784,0.5877526775549149,FALSE,FALSE
2006-05-17,King_Haakon,3.159308811,-0.22081330698855028,0.22081330698855028,0.5877526775549149,FALSE,FALSE
2006-05-18,King_Haakon,3.140281441,-0.26242798902890296,0.26242798902890296,0.5877526775549149,FALSE,FALSE
2006-05-19,King_Haakon,3.142185878,-0.2825202462302814,0.2825202462302814,0.5877526775549149,FALSE,FALSE
2006-05-20,King_Haakon,3.15425055,-0.29186930088224194,0.29186930088224194,0.5877526775549149,FALSE,FALSE
2006-05-21,King_Haakon,3.20802078,-0.25896627709217857,0.25896627709217857,0.5877526775549149,FALSE,FALSE
2006-05-22,King_Haakon,3.268346362,-0.2190229872803928,0.2190229872803928,0.5877526775549149,FALSE,FALSE
2006-05-23,King_Haakon,3.334995929,-0.17233325134513322,0.17233325134513322,0.5877526775549149,FALSE,FALSE
2006-05-24,King_Haakon,3.374616394,-0.15231260918465317,0.15231260918465317,0.5877526775549149,FALSE,FALSE
2006-05-25,King_Haakon,3.397767016,-0.1484642546972017,0.1484642546972017,0.5877526775549149,FALSE,FALSE
2006-05-26,King_Haakon,3.439849091,-0.1254493447810323,0.1254493447810323,0.5877526775549149,FALSE,FALSE
2006-05-27,King_Haakon,3.49885878,-0.08533417133439514,0.08533417133439514,0.5877526775549149,FALSE,FALSE
2006-05-28,King_Haakon,3.540226195,-0.06275107525554313,0.06275107525554313,0.5877526775549149,FALSE,FALSE
2006-05-29,King_Haakon,3.559614956,-0.06209888944272634,0.06209888944272634,0.5877526775549149,FALSE,FALSE
2006-05-30,King_Haakon,3.58217943,-0.05828569979419429,0.05828569979419429,0.5877526775549149,FALSE,FALSE
2006-05-31,King_Haakon,3.627577369,-0.03171620720820556,0.03171620720820556,0.5877526775549149,FALSE,FALSE
2006-06-01,King_Haakon,3.660051113,-0.01821052458300354,0.01821052458300354,0.5877526775549149,FALSE,FALSE
2006-06-02,King_Haakon,3.700131409,0.00271349453587976,0.00271349453587976,0.5877526775549149,FALSE,FALSE
2006-06-03,King_Haakon,3.733972433,0.01722287838034697,0.01722287838034697,0.5877526775549149,FALSE,FALSE
2006-06-04,King_Haakon,3.758222263,0.02199559244623872,0.02199559244623872,0.5877526775549149,FALSE,FALSE
2006-06-05,King_Haakon,3.776963861,0.02114448686042402,0.02114448686042402,0.5877526775549149,FALSE,FALSE
2006-06-06,King_Haakon,3.794042197,0.01854441974977883,0.01854441974977883,0.5877526775549149,FALSE,FALSE
2006-06-07,King_Haakon,3.775917167,-0.01931482475881818,0.01931482475881818,0.5877526775549149,FALSE,FALSE
2006-06-08,King_Haakon,3.754067151,-0.06092497853850265,0.06092497853850265,0.5877526775549149,FALSE,FALSE
2006-06-09,King_Haakon,3.752650979,-0.08209732346239962,0.08209732346239962,0.5877526775549149,FALSE,FALSE
2006-06-10,King_Haakon,3.781872169,-0.07259845340363613,0.07259845340363613,0.5877526775549149,FALSE,FALSE
2006-06-11,King_Haakon,3.81971796,-0.05441124123533703,0.05441124123533703,0.5877526775549149,FALSE,FALSE
2006-06-12,King_Haakon,3.846740736,-0.04695341483063009,0.04695341483063009,0.5877526775549149,FALSE,FALSE
2006-06-13,King_Haakon,3.797844753,-0.11529083006264608,0.11529083006264608,0.5877526775549149,FALSE,FALSE
2006-06-14,King_Haakon,3.75064051,-0.1817832197552982,0.1817832197552982,0.5877526775549149,FALSE,FALSE
2006-06-15,King_Haakon,3.719575984,-0.2319581266608175,0.2319581266608175,0.5877526775549149,FALSE,FALSE
2006-06-16,King_Haakon,3.70125019,-0.26919930980555407,0.26919930980555407,0.5877526775549149,FALSE,FALSE
2006-06-17,King_Haakon,3.685534308,-0.30361888880040944,0.30361888880040944,0.5877526775549149,FALSE,FALSE
2006-06-18,King_Haakon,3.665531832,-0.34209666925626436,0.34209666925626436,0.5877526775549149,FALSE,FALSE
2006-06-19,King_Haakon,3.65021399,-0.3756447227840152,0.3756447227840152,0.5877526775549149,FALSE,FALSE
2006-06-20,King_Haakon,3.664025712,-0.37980141899454534,0.37980141899454534,0.5877526775549149,FALSE,FALSE
2006-06-21,King_Haakon,3.653478711,-0.4080383444987507,0.4080383444987507,0.5877526775549149,FALSE,FALSE
2006-06-22,King_Haakon,3.651107771,-0.4278040149075193,0.4278040149075193,0.5877526775549149,FALSE,FALSE
2006-06-23,King_Haakon,3.637182074,-0.45881254783174175,0.45881254783174175,0.5877526775549149,FALSE,FALSE
2006-06-24,King_Haakon,3.686821702,-0.42592716088230587,0.42592716088230587,0.5877526775549149,FALSE,FALSE
2006-06-25,King_Haakon,3.829943219,-0.2992145896701044,0.2992145896701044,0.5877526775549149,FALSE,FALSE
2006-06-26,King_Haakon,3.915260848,-0.2299439108060266,0.2299439108060266,0.5877526775549149,FALSE,FALSE
2006-06-27,King_Haakon,3.951371209,-0.20950614133822087,0.20950614133822087,0.5877526775549149,FALSE,FALSE
2006-06-28,King_Haakon,4.016428133,-0.15976786318245573,0.15976786318245573,0.5877526775549149,FALSE,FALSE
2006-06-29,King_Haakon,4.042752753,-0.14844333283678868,0.14844333283678868,0.5877526775549149,FALSE,FALSE
2006-06-30,King_Haakon,4.039301404,-0.1666116818015313,0.1666116818015313,0.5877526775549149,FALSE,FALSE
2006-07-01,King_Haakon,4.023429842,-0.19695262057699023,0.19695262057699023,0.5877526775549149,FALSE,FALSE
2006-07-02,King_Haakon,3.980828986,-0.2538106966634728,0.2538106966634728,0.5877526775549149,FALSE,FALSE
2006-07-03,King_Haakon,3.967863819,-0.280856393561296,0.280856393561296,0.5877526775549149,FALSE,FALSE
2006-07-04,King_Haakon,3.962515466,-0.30014405277076595,0.30014405277076595,0.5877526775549149,FALSE,FALSE
2006-07-05,King_Haakon,3.960570643,-0.3159224247921917,0.3159224247921917,0.5877526775549149,FALSE,FALSE
2006-07-06,King_Haakon,3.970998897,-0.31925742912588584,0.31925742912588584,0.5877526775549149,FALSE,FALSE
2006-07-07,King_Haakon,3.998680311,-0.3053044492721524,0.3053044492721524,0.5877526775549149,FALSE,FALSE
2006-07-08,King_Haakon,3.979182046,-0.33853179073130857,0.33853179073130857,0.5877526775549149,FALSE,FALSE
2006-07-09,King_Haakon,3.956251594,-0.3752273368001773,0.3752273368001773,0.5877526775549149,FALSE,FALSE
2006-07-10,King_Haakon,3.908644146,-0.4366535331206074,0.4366535331206074,0.5877526775549149,FALSE,FALSE
2006-07-11,King_Haakon,3.935636762,-0.4235121357412921,0.4235121357412921,0.5877526775549149,FALSE,FALSE
2006-07-12,King_Haakon,3.968290058,-0.4047162073370183,0.4047162073370183,0.5877526775549149,FALSE,FALSE
2006-07-13,King_Haakon,4.022831679,-0.3640117815825814,0.3640117815825814,0.5877526775549149,FALSE,FALSE
2006-07-14,King_Haakon,3.973240313,-0.4273938491527618,0.4273938491527618,0.5877526775549149,FALSE,FALSE
2006-07-15,King_Haakon,3.984598418,-0.4297536307223515,0.4297536307223515,0.5877526775549149,FALSE,FALSE
2006-07-16,King_Haakon,4.074611869,-0.3533589299661388,0.3533589299661388,0.5877526775549149,FALSE,FALSE
2006-07-17,King_Haakon,4.071627387,-0.36983670455890927,0.36983670455890927,0.5877526775549149,FALSE,FALSE
2006-07-18,King_Haakon,4.080390845,-0.3744147601754584,0.3744147601754584,0.5877526775549149,FALSE,FALSE
2006-07-19,King_Haakon,4.116219472,-0.35174954649056733,0.35174954649056733,0.5877526775549149,FALSE,FALSE
2006-07-20,King_Haakon,4.145212854,-0.3357151561790266,0.3357151561790266,0.5877526775549149,FALSE,FALSE
2006-07-21,King_Haakon,4.166448566,-0.32720769291562757,0.32720769291562757,0.5877526775549149,FALSE,FALSE
2006-07-22,King_Haakon,4.195726641,-0.3104018040844192,0.3104018040844192,0.5877526775549149,FALSE,FALSE
2006-07-23,King_Haakon,4.281002945,-0.2373301299589148,0.2373301299589148,0.5877526775549149,FALSE,FALSE
2006-07-24,King_Haakon,4.333059294,-0.1972094390521386,0.1972094390521386,0.5877526775549149,FALSE,FALSE
2006-07-25,King_Haakon,4.356591263,-0.18534296949080087,0.18534296949080087,0.5877526775549149,FALSE,FALSE
2006-07-26,King_Haakon,4.342106138,-0.2112222484016213,0.2112222484016213,0.5877526775549149,FALSE,FALSE
2006-07-27,King_Haakon,4.326345795,-0.2381042129113089,0.2381042129113089,0.5877526775549149,FALSE,FALSE
2006-07-28,King_Haakon,4.31050826,-0.26478965014657696,0.26478965014657696,0.5877526775549149,FALSE,FALSE
2006-07-29,King_Haakon,4.296196884,-0.2896740222341423,0.2896740222341423,0.5877526775549149,FALSE,FALSE
2006-07-30,King_Haakon,4.287850456,-0.30831735330071375,0.30831735330071375,0.5877526775549149,FALSE,FALSE
2006-07-31,King_Haakon,4.27275427,-0.33343316247301047,0.33343316247301047,0.5877526775549149,FALSE,FALSE
2006-08-01,King_Haakon,4.301771118,-0.31415747087774104,0.31415747087774104,0.5877526775549149,FALSE,FALSE
2006-08-02,King_Haakon,4.346875599,-0.2785144926416203,0.2785144926416203,0.5877526775549149,FALSE,FALSE
2006-08-03,King_Haakon,4.375633502,-0.258937251717664,0.258937251717664,0.5877526775549149,FALSE,FALSE
2006-08-04,King_Haakon,4.395917813,-0.247546885901051,0.247546885901051,0.5877526775549149,FALSE,FALSE
2006-08-05,King_Haakon,4.401296511,-0.25075262438331425,0.25075262438331425,0.5877526775549149,FALSE,FALSE
2006-08-06,King_Haakon,4.409341539,-0.25095591933210404,0.25095591933210404,0.5877526775549149,FALSE,FALSE
2006-08-07,King_Haakon,4.532052002,-0.13613106091506832,0.13613106091506832,0.5877526775549149,FALSE,FALSE
2006-08-08,King_Haakon,4.627380367,-0.04829897729985522,0.04829897729985522,0.5877526775549149,FALSE,FALSE
2006-08-09,King_Haakon,4.659900909,-0.02285878865411206,0.02285878865411206,0.5877526775549149,FALSE,FALSE
2006-08-10,King_Haakon,4.672362035,-0.01703548314548975,0.01703548314548975,0.5877526775549149,FALSE,FALSE
2006-08-11,King_Haakon,4.703538997,0.00797279605836287,0.00797279605836287,0.5877526775549149,FALSE,FALSE
2006-08-12,King_Haakon,4.750466406,0.04922726478979911,0.04922726478979911,0.5877526775549149,FALSE,FALSE
2006-08-13,King_Haakon,4.810697924,0.10430818988116997,0.10430818988116997,0.5877526775549149,FALSE,FALSE
2006-08-14,King_Haakon,4.841666989,0.13067561416482754,0.13067561416482754,0.5877526775549149,FALSE,FALSE
2006-08-15,King_Haakon,4.841248949,0.1262314904731241,0.1262314904731241,0.5877526775549149,FALSE,FALSE
2006-08-16,King_Haakon,4.81695591,0.0985125929740418,0.0985125929740418,0.5877526775549149,FALSE,FALSE
2006-08-17,King_Haakon,4.803136071,0.0818342266221288,0.0818342266221288,0.5877526775549149,FALSE,FALSE
2006-08-18,King_Haakon,4.771199935,0.04750811587888215,0.04750811587888215,0.5877526775549149,FALSE,FALSE
2006-08-19,King_Haakon,4.742895396,0.01717976556528278,0.01717976556528278,0.5877526775549149,FALSE,FALSE
2006-08-20,King_Haakon,4.740990213,0.01351454550230446,0.01351454550230446,0.5877526775549149,FALSE,FALSE
2006-08-21,King_Haakon,4.828240713,0.0991663935109326,0.0991663935109326,0.5877526775549149,FALSE,FALSE
2006-08-22,King_Haakon,4.882971411,0.15235743541213864,0.15235743541213864,0.5877526775549149,FALSE,FALSE
2006-08-23,King_Haakon,4.931125606,0.19892858102690436,0.19892858102690436,0.5877526775549149,FALSE,FALSE
2006-08-24,King_Haakon,4.95587463,0.221948773176206,0.221948773176206,0.5877526775549149,FALSE,FALSE
2006-08-25,King_Haakon,4.980296422,0.24439356168102133,0.24439356168102133,0.5877526775549149,FALSE,FALSE
2006-08-26,King_Haakon,4.993634033,0.255403608362327,0.255403608362327,0.5877526775549149,FALSE,FALSE
2006-08-27,King_Haakon,4.96441451,0.22340357104110264,0.22340357104110264,0.5877526775549149,FALSE,FALSE
2006-08-28,King_Haakon,4.949667488,0.20532069553832863,0.20532069553832863,0.5877526775549149,FALSE,FALSE
2006-08-29,King_Haakon,4.920934813,0.1726157984873549,0.1726157984873549,0.5877526775549149,FALSE,FALSE
2006-08-30,King_Haakon,4.910918739,0.15803992296778624,0.15803992296778624,0.5877526775549149,FALSE,FALSE
2006-08-31,King_Haakon,4.903898825,0.14597019398500954,0.14597019398500954,0.5877526775549149,FALSE,FALSE
2006-09-01,King_Haakon,4.85050937,0.08713856403420461,0.08713856403420461,0.5877526775549149,FALSE,FALSE
2006-09-02,King_Haakon,4.821341761,0.05223407361054821,0.05223407361054821,0.5877526775549149,FALSE,FALSE
2006-09-03,King_Haakon,4.805382566,0.03034094420922262,0.03034094420922262,0.5877526775549149,FALSE,FALSE
2006-09-04,King_Haakon,4.797694325,0.01661936932540797,0.01661936932540797,0.5877526775549149,FALSE,FALSE
2006-09-05,King_Haakon,4.813494165,0.02638412945428481,0.02638412945428481,0.5877526775549149,FALSE,FALSE
2006-09-06,King_Haakon,4.845860381,0.05281117309102701,0.05281117309102701,0.5877526775549149,FALSE,FALSE
2006-09-07,King_Haakon,4.853761503,0.05496668373082425,0.05496668373082425,0.5877526775549149,FALSE,FALSE
2006-09-08,King_Haakon,4.859908754,0.0556595378688467,0.0556595378688467,0.5877526775549149,FALSE,FALSE
2006-09-09,King_Haakon,4.897262067,0.08794732200027422,0.08794732200027422,0.5877526775549149,FALSE,FALSE
2006-09-10,King_Haakon,4.915255783,0.1013615966310626,0.1013615966310626,0.5877526775549149,FALSE,FALSE
2006-09-11,King_Haakon,4.951571323,0.13363980295754363,0.13363980295754363,0.5877526775549149,FALSE,FALSE
2006-09-12,King_Haakon,5.011042849,0.18959756857309265,0.18959756857309265,0.5877526775549149,FALSE,FALSE
2006-09-13,King_Haakon,5.053426289,0.22896443712136616,0.22896443712136616,0.5877526775549149,FALSE,FALSE
2006-09-14,King_Haakon,5.035003788,0.20799616924602393,0.20799616924602393,0.5877526775549149,FALSE,FALSE
2006-09-15,King_Haakon,5.011420146,0.18231118059071427,0.18231118059071427,0.5877526775549149,FALSE,FALSE
2006-09-16,King_Haakon,4.963731473,0.13293919679909472,0.13293919679909472,0.5877526775549149,FALSE,FALSE
2006-09-17,King_Haakon,4.907843833,0.07575989751482393,0.07575989751482393,0.5877526775549149,FALSE,FALSE
2006-09-18,King_Haakon,4.854448413,0.02143808538154967,0.02143808538154967,0.5877526775549149,FALSE,FALSE
2006-09-19,King_Haakon,4.829316366,-0.00428147095706865,0.00428147095706865,0.5877526775549149,FALSE,FALSE
2006-09-20,King_Haakon,4.7766797,-0.05719314785737772,0.05719314785737772,0.5877526775549149,FALSE,FALSE
2006-09-21,King_Haakon,4.701842225,-0.132019519675719,0.132019519675719,0.5877526775549149,FALSE,FALSE
2006-09-22,King_Haakon,4.691907536,-0.1416833757684417,0.1416833757684417,0.5877526775549149,FALSE,FALSE
2006-09-23,King_Haakon,4.667800208,-0.16528672967698732,0.16528672967698732,0.5877526775549149,FALSE,FALSE
2006-09-24,King_Haakon,4.650393889,-0.18198470797397537,0.18198470797397537,0.5877526775549149,FALSE,FALSE
2006-09-25,King_Haakon,4.621843229,-0.2096527613121486,0.2096527613121486,0.5877526775549149,FALSE,FALSE
2006-09-26,King_Haakon,4.618680401,-0.21178883595060327,0.21178883595060327,0.5877526775549149,FALSE,FALSE
2006-09-27,King_Haakon,4.61884583,-0.21048262614845115,0.21048262614845115,0.5877526775549149,FALSE,FALSE
2006-09-28,King_Haakon,4.662172273,-0.16593149416479047,0.16593149416479047,0.5877526775549149,FALSE,FALSE
2006-09-29,King_Haakon,4.661996759,-0.1648285302587329,0.1648285302587329,0.5877526775549149,FALSE,FALSE
2006-09-30,King_Haakon,4.646629691,-0.17889345068937867,0.17889345068937867,0.5877526775549149,FALSE,FALSE
2006-10-01,King_Haakon,4.643881722,-0.18034572171583377,0.18034572171583377,0.5877526775549149,FALSE,FALSE
2006-10-02,King_Haakon,4.660508506,-0.16245980859720088,0.16245980859720088,0.5877526775549149,FALSE,FALSE
2006-10-03,King_Haakon,4.711219307,-0.11055656659258872,0.11055656659258872,0.5877526775549149,FALSE,FALSE
2006-10-04,King_Haakon,4.770171778,-0.05050846196109848,0.05050846196109848,0.5877526775549149,FALSE,FALSE
2006-10-05,King_Haakon,4.768956838,-0.05075467667800115,0.05075467667800115,0.5877526775549149,FALSE,FALSE
2006-10-06,King_Haakon,4.775513319,-0.04336436305306535,0.04336436305306535,0.5877526775549149,FALSE,FALSE
2006-10-07,King_Haakon,4.787450225,-0.03067144413420486,0.03067144413420486,0.5877526775549149,FALSE,FALSE
2006-10-08,King_Haakon,4.774296663,-0.04307783787157326,0.04307783787157326,0.5877526775549149,FALSE,FALSE
2006-10-09,King_Haakon,4.765211581,-0.05135562121532455,0.05135562121532455,0.5877526775549149,FALSE,FALSE
2006-10-10,King_Haakon,4.740513029,-0.07511776911560553,0.07511776911560553,0.5877526775549149,FALSE,FALSE
2006-10-11,King_Haakon,4.727823053,-0.08667326052257707,0.08667326052257707,0.5877526775549149,FALSE,FALSE
2006-10-12,King_Haakon,4.703366107,-0.10972866638638834,0.10972866638638834,0.5877526775549149,FALSE,FALSE
2006-10-13,King_Haakon,4.70172286,-0.1096343426571904,0.1096343426571904,0.5877526775549149,FALSE,FALSE
2006-10-14,King_Haakon,4.701821522,-0.10739310428513792,0.10739310428513792,0.5877526775549149,FALSE,FALSE
2006-10-15,King_Haakon,4.707623573,-0.09897449622038312,0.09897449622038312,0.5877526775549149,FALSE,FALSE
2006-10-16,King_Haakon,4.725466747,-0.07797180941308124,0.07797180941308124,0.5877526775549149,FALSE,FALSE
2006-10-17,King_Haakon,4.771578876,-0.02808823681338079,0.02808823681338079,0.5877526775549149,FALSE,FALSE
2006-10-18,King_Haakon,4.803599941,0.00838244257884035,0.00838244257884035,0.5877526775549149,FALSE,FALSE
2006-10-19,King_Haakon,4.79627261,0.0061910451179532,0.0061910451179532,0.5877526775549149,FALSE,FALSE
2006-10-20,King_Haakon,4.780316982,-0.00398971834318206,0.00398971834318206,0.5877526775549149,FALSE,FALSE
2006-10-21,King_Haakon,4.779597021,0.00165450435156433,0.00165450435156433,0.5877526775549149,FALSE,FALSE
2006-10-22,King_Haakon,4.800462239,0.02942361335832632,0.02942361335832632,0.5877526775549149,FALSE,FALSE
2006-10-23,King_Haakon,4.825116945,0.0614723058332336,0.0614723058332336,0.5877526775549149,FALSE,FALSE
2006-10-24,King_Haakon,4.857813679,0.10200350993241968,0.10200350993241968,0.5877526775549149,FALSE,FALSE
2006-10-25,King_Haakon,4.883582605,0.13599777781202071,0.13599777781202071,0.5877526775549149,FALSE,FALSE
2006-10-26,King_Haakon,4.875270038,0.1362518126281662,0.1362518126281662,0.5877526775549149,FALSE,FALSE
2006-10-27,King_Haakon,4.849515166,0.11935519053698672,0.11935519053698672,0.5877526775549149,FALSE,FALSE
2006-10-28,King_Haakon,4.814503851,0.09344416169461578,0.09344416169461578,0.5877526775549149,FALSE,FALSE
2006-10-29,King_Haakon,4.776464971,0.06469799225718464,0.06469799225718464,0.5877526775549149,FALSE,FALSE
2006-10-30,King_Haakon,4.765599849,0.06326839338083001,0.06326839338083001,0.5877526775549149,FALSE,FALSE
2006-10-31,King_Haakon,4.773688925,0.08090035429509168,0.08090035429509168,0.5877526775549149,FALSE,FALSE
2006-11-01,King_Haakon,4.775987912,0.092883841107799,0.092883841107799,0.5877526775549149,FALSE,FALSE
2006-11-02,King_Haakon,4.758419701,0.08519740824958255,0.08519740824958255,0.5877526775549149,FALSE,FALSE
2006-11-03,King_Haakon,4.751187844,0.08810027690673028,0.08810027690673028,0.5877526775549149,FALSE,FALSE
2006-11-04,King_Haakon,4.719430421,0.06678619626552162,0.06678619626552162,0.5877526775549149,FALSE,FALSE
2006-11-05,King_Haakon,4.726860098,0.08502350151224825,0.08502350151224825,0.5877526775549149,FALSE,FALSE
2006-11-06,King_Haakon,4.737084018,0.1064750048331895,0.1064750048331895,0.5877526775549149,FALSE,FALSE
2006-11-07,King_Haakon,4.773517601,0.15461179541463466,0.15461179541463466,0.5877526775549149,FALSE,FALSE
2006-11-08,King_Haakon,4.78344149,0.17677018544286938,0.17677018544286938,0.5877526775549149,FALSE,FALSE
2006-11-09,King_Haakon,4.764529312,0.1706794711041777,0.1706794711041777,0.5877526775549149,FALSE,FALSE
2006-11-10,King_Haakon,4.71667718,0.13629143458484538,0.13629143458484538,0.5877526775549149,FALSE,FALSE
2006-11-11,King_Haakon,4.669484427,0.10326107807115648,0.10326107807115648,0.5877526775549149,FALSE,FALSE
2006-11-12,King_Haakon,4.600285317,0.04897863583443218,0.04897863583443218,0.5877526775549149,FALSE,FALSE
2006-11-13,King_Haakon,4.569214164,0.03365104786906592,0.03365104786906592,0.5877526775549149,FALSE,FALSE
2006-11-14,King_Haakon,4.516714233,-0.00218075780336235,0.00218075780336235,0.5877526775549149,FALSE,FALSE
2006-11-15,King_Haakon,4.470645857,-0.03055672001900422,0.03055672001900422,0.5877526775549149,FALSE,FALSE
2006-11-16,King_Haakon,4.443461565,-0.03892458161401624,0.03892458161401624,0.5877526775549149,FALSE,FALSE
2006-11-17,King_Haakon,4.423169888,-0.03917608342455558,0.03917608342455558,0.5877526775549149,FALSE,FALSE
2006-11-18,King_Haakon,4.396865585,-0.0441167382867782,0.0441167382867782,0.5877526775549149,FALSE,FALSE
2006-11-19,King_Haakon,4.402600543,-0.01559493103683884,0.01559493103683884,0.5877526775549149,FALSE,FALSE
2006-11-20,King_Haakon,4.343201499,-0.05068419651089595,0.05068419651089595,0.5877526775549149,FALSE,FALSE
2006-11-21,King_Haakon,4.291161541,-0.07679171854510258,0.07679171854510258,0.5877526775549149,FALSE,FALSE
2006-11-22,King_Haakon,4.199324366,-0.1409740719756174,0.1409740719756174,0.5877526775549149,FALSE,FALSE
2006-11-23,King_Haakon,4.118436155,-0.1923853476385906,0.1923853476385906,0.5877526775549149,FALSE,FALSE
2006-11-24,King_Haakon,4.089772699,-0.18965002637018724,0.18965002637018724,0.5877526775549149,FALSE,FALSE
2006-11-25,King_Haakon,4.049836404,-0.19618332165189575,0.19618332165189575,0.5877526775549149,FALSE,FALSE
2006-11-26,King_Haakon,3.992024502,-0.2186523444429853,0.2186523444429853,0.5877526775549149,FALSE,FALSE
2006-11-27,King_Haakon,3.914962255,-0.2585699520711957,0.2585699520711957,0.5877526775549149,FALSE,FALSE
2006-11-28,King_Haakon,3.819972622,-0.3147518636774089,0.3147518636774089,0.5877526775549149,FALSE,FALSE
2006-11-29,King_Haakon,3.767545437,-0.32684692340250443,0.32684692340250443,0.5877526775549149,FALSE,FALSE
2006-11-30,King_Haakon,3.72201848,-0.33065602938736127,0.33065602938736127,0.5877526775549149,FALSE,FALSE
2006-12-01,King_Haakon,3.630804502,-0.3789051087728659,0.3789051087728659,0.5877526775549149,FALSE,FALSE
2006-12-02,King_Haakon,3.632725333,-0.3329110096998944,0.3329110096998944,0.5877526775549149,FALSE,FALSE
2006-12-03,King_Haakon,3.553113673,-0.3674797103093286,0.3674797103093286,0.5877526775549149,FALSE,FALSE
2006-12-04,King_Haakon,3.513049505,-0.3616699057420516,0.3616699057420516,0.5877526775549149,FALSE,FALSE
2006-12-05,King_Haakon,3.494843872,-0.33330923113894295,0.33330923113894295,0.5877526775549149,FALSE,FALSE
2006-12-06,King_Haakon,3.466416394,-0.3146167446408845,0.3146167446408845,0.5877526775549149,FALSE,FALSE
2006-12-07,King_Haakon,3.442308628,-0.2911894062387179,0.2911894062387179,0.5877526775549149,FALSE,FALSE
2006-12-08,King_Haakon,3.415234064,-0.27040221679490895,0.27040221679490895,0.5877526775549149,FALSE,FALSE
2006-12-09,King_Haakon,3.395454017,-0.24196170751879545,0.24196170751879545,0.5877526775549149,FALSE,FALSE
2006-12-10,King_Haakon,3.367670553,-0.22111583671478607,0.22111583671478607,0.5877526775549149,FALSE,FALSE
2006-12-11,King_Haakon,3.322270866,-0.2174274346872953,0.2174274346872953,0.5877526775549149,FALSE,FALSE
2006-12-12,King_Haakon,3.261890256,-0.22821122574073535,0.22821122574073535,0.5877526775549149,FALSE,FALSE
2006-12-13,King_Haakon,3.230406145,-0.20953981217951737,0.20953981217951737,0.5877526775549149,FALSE,FALSE
2006-12-14,King_Haakon,3.194769739,-0.1944120123080539,0.1944120123080539,0.5877526775549149,FALSE,FALSE
2006-12-15,King_Haakon,3.173222191,-0.16453669743075672,0.16453669743075672,0.5877526775549149,FALSE,FALSE
2006-12-16,King_Haakon,3.110038092,-0.1755893008520375,0.1755893008520375,0.5877526775549149,FALSE,FALSE
2006-12-17,King_Haakon,3.078160843,-0.1545764458763088,0.1545764458763088,0.5877526775549149,FALSE,FALSE
2006-12-18,King_Haakon,3.032105137,-0.14693346380798156,0.14693346380798156,0.5877526775549149,FALSE,FALSE
2006-12-19,King_Haakon,2.961914305,-0.16256704795146917,0.16256704795146917,0.5877526775549149,FALSE,FALSE
2006-12-20,King_Haakon,2.911345685,-0.15767427964605263,0.15767427964605263,0.5877526775549149,FALSE,FALSE
2006-12-21,King_Haakon,2.870597656,-0.14208069320395111,0.14208069320395111,0.5877526775549149,FALSE,FALSE
2006-12-22,King_Haakon,2.851833508,-0.1037023834857922,0.1037023834857922,0.5877526775549149,FALSE,FALSE
2006-12-23,King_Haakon,2.799673608,-0.09799991417355523,0.09799991417355523,0.5877526775549149,FALSE,FALSE
2006-12-24,King_Haakon,2.822042687,-0.01712948494921873,0.01712948494921873,0.5877526775549149,FALSE,FALSE
2006-12-25,King_Haakon,2.807857002,0.02774423050524666,0.02774423050524666,0.5877526775549149,FALSE,FALSE
2006-12-26,King_Haakon,2.758858874,0.03828262250786318,0.03828262250786318,0.5877526775549149,FALSE,FALSE
2006-12-27,King_Haakon,2.701173526,0.04052998337665192,0.04052998337665192,0.5877526775549149,FALSE,FALSE
2006-12-28,King_Haakon,2.645068987,0.04467341142963477,0.04467341142963477,0.5877526775549149,FALSE,FALSE
2006-12-29,King_Haakon,2.612762385,0.07284910398484357,0.07284910398484357,0.5877526775549149,FALSE,FALSE
2006-12-30,King_Haakon,2.604798311,0.12552072136029402,0.12552072136029402,0.5877526775549149,FALSE,FALSE
2006-12-31,King_Haakon,2.575063626,0.1564941938740163,0.1564941938740163,0.5877526775549149,FALSE,FALSE
2007-01-01,King_Haakon,2.565358965,0.20748922584402685,0.20748922584402685,0.5877526775549149,FALSE,FALSE
2007-01-02,King_Haakon,2.532977846,0.23571540661808443,0.23571540661808443,0.5877526775549149,FALSE,FALSE
2007-01-03,King_Haakon,2.508589814,0.2717463606628443,0.2717463606628443,0.5877526775549149,FALSE,FALSE
2007-01-04,King_Haakon,2.466103849,0.28939214947469916,0.28939214947469916,0.5877526775549149,FALSE,FALSE
2007-01-05,King_Haakon,2.424451307,0.3074852105500341,0.3074852105500341,0.5877526775549149,FALSE,FALSE
2007-01-06,King_Haakon,2.324747551,0.2670419883852455,0.2670419883852455,0.5877526775549149,FALSE,FALSE
2007-01-07,King_Haakon,2.222887533,0.22385851647671615,0.22385851647671615,0.5877526775549149,FALSE,FALSE
2007-01-08,King_Haakon,2.172025126,0.23098974932083327,0.23098974932083327,0.5877526775549149,FALSE,FALSE
2007-01-09,King_Haakon,2.130749699,0.2469261374139924,0.2469261374139924,0.5877526775549149,FALSE,FALSE
2007-01-10,King_Haakon,2.050632135,0.22313964525257668,0.22313964525257668,0.5877526775549149,FALSE,FALSE
2007-01-11,King_Haakon,1.952804701,0.18066362133297775,0.18066362133297775,0.5877526775549149,FALSE,FALSE
2007-01-12,King_Haakon,1.865010899,0.14714264915158504,0.14714264915158504,0.5877526775549149,FALSE,FALSE
2007-01-13,King_Haakon,1.783678587,0.1189056682047851,0.1189056682047851,0.5877526775549149,FALSE,FALSE
2007-01-14,King_Haakon,1.698769491,0.08581625609789811,0.08581625609789811,0.5877526775549149,FALSE,FALSE
2007-01-15,King_Haakon,1.598402625,0.03592291367041644,0.03592291367041644,0.5877526775549149,FALSE,FALSE
2007-01-16,King_Haakon,1.530911289,0.01752304879315525,0.01752304879315525,0.5877526775549149,FALSE,FALSE
2007-01-17,King_Haakon,1.446636489,-0.01907603511146138,0.01907603511146138,0.5877526775549149,FALSE,FALSE
2007-01-18,King_Haakon,1.375422234,-0.04406403162101147,0.04406403162101147,0.5877526775549149,FALSE,FALSE
2007-01-19,King_Haakon,1.298827132,-0.07591603531307389,0.07591603531307389,0.5877526775549149,FALSE,FALSE
2007-01-20,King_Haakon,1.277275967,-0.05424096476522533,0.05424096476522533,0.5877526775549149,FALSE,FALSE
2007-01-21,King_Haakon,1.23663911,-0.05320215155504404,0.05320215155504404,0.5877526775549149,FALSE,FALSE
2007-01-22,King_Haakon,1.197714172,-0.05203568726010732,0.05203568726010732,0.5877526775549149,FALSE,FALSE
2007-01-23,King_Haakon,1.124482844,-0.0867935834579927,0.0867935834579927,0.5877526775549149,FALSE,FALSE
2007-01-24,King_Haakon,1.091198627,-0.08325604172628043,0.08325604172628043,0.5877526775549149,FALSE,FALSE
2007-01-25,King_Haakon,1.047322791,-0.09199549464254608,0.09199549464254608,0.5877526775549149,FALSE,FALSE
2007-01-26,King_Haakon,1.02515962,-0.080741360784367,0.080741360784367,0.5877526775549149,FALSE,FALSE
2007-01-27,King_Haakon,1.018655509,-0.0555721486497831,0.0555721486497831,0.5877526775549149,FALSE,FALSE
2007-01-28,King_Haakon,0.991785924,-0.05247773072942352,0.05247773072942352,0.5877526775549149,FALSE,FALSE
2007-01-29,King_Haakon,0.953923722,-0.06202588947728282,0.06202588947728282,0.5877526775549149,FALSE,FALSE
2007-01-30,King_Haakon,0.935404455,-0.05382163278391916,0.05382163278391916,0.5877526775549149,FALSE,FALSE
2007-01-31,King_Haakon,0.925502544,-0.03853109953989198,0.03853109953989198,0.5877526775549149,FALSE,FALSE
2007-02-01,King_Haakon,0.915423295,-0.02488954363575768,0.02488954363575768,0.5877526775549149,FALSE,FALSE
2007-02-02,King_Haakon,0.898430871,-0.0195733619620757,0.0195733619620757,0.5877526775549149,FALSE,FALSE
2007-02-03,King_Haakon,0.881317091,-0.01573129540940365,0.01573129540940365,0.5877526775549149,FALSE,FALSE
2007-02-04,King_Haakon,0.849708494,-0.02767736486830008,0.02767736486830008,0.5877526775549149,FALSE,FALSE
2007-02-05,King_Haakon,0.820129463,-0.0388277472293238,0.0388277472293238,0.5877526775549149,FALSE,FALSE
2007-02-06,King_Haakon,0.789431512,-0.05227148838303064,0.05227148838303064,0.5877526775549149,FALSE,FALSE
2007-02-07,King_Haakon,0.749661632,-0.07590215721998128,0.07590215721998128,0.5877526775549149,FALSE,FALSE
2007-02-08,King_Haakon,0.754698609,-0.05578191904552576,0.05578191904552576,0.5877526775549149,FALSE,FALSE
2007-02-09,King_Haakon,0.752683842,-0.04376200204681646,0.04376200204681646,0.5877526775549149,FALSE,FALSE
2007-02-10,King_Haakon,0.751336781,-0.0322183543287543,0.0322183543287543,0.5877526775549149,FALSE,FALSE
2007-02-11,King_Haakon,0.736517741,-0.035398209972065,0.035398209972065,0.5877526775549149,FALSE,FALSE
2007-02-12,King_Haakon,0.721792921,-0.03984291905747994,0.03984291905747994,0.5877526775549149,FALSE,FALSE
2007-02-13,King_Haakon,0.722671729,-0.03015062266572821,0.03015062266572821,0.5877526775549149,FALSE,FALSE
2007-02-14,King_Haakon,0.711323559,-0.03425947587753553,0.03425947587753553,0.5877526775549149,FALSE,FALSE
2007-02-15,King_Haakon,0.707923245,-0.03210219377363277,0.03210219377363277,0.5877526775549149,FALSE,FALSE
2007-02-16,King_Haakon,0.704533761,-0.03172335143474736,0.03172335143474736,0.5877526775549149,FALSE,FALSE
2007-02-17,King_Haakon,0.706897642,-0.02748796294160882,0.02748796294160882,0.5877526775549149,FALSE,FALSE
2007-02-18,King_Haakon,0.701951238,-0.03256722737494566,0.03256722737494566,0.5877526775549149,FALSE,FALSE
2007-02-19,King_Haakon,0.70313899,-0.03362425281548553,0.03362425281548553,0.5877526775549149,FALSE,FALSE
2007-02-20,King_Haakon,0.697679939,-0.04354754734395838,0.04354754734395838,0.5877526775549149,FALSE,FALSE
2007-02-21,King_Haakon,0.702423353,-0.04558496415582258,0.04558496415582258,0.5877526775549149,FALSE,FALSE
2007-02-22,King_Haakon,0.717194741,-0.03988169159068255,0.03988169159068255,0.5877526775549149,FALSE,FALSE
2007-02-23,King_Haakon,0.742424248,-0.02589417932227977,0.02589417932227977,0.5877526775549149,FALSE,FALSE
2007-02-24,King_Haakon,0.753727466,-0.02789190970283916,0.02789190970283916,0.5877526775549149,FALSE,FALSE
2007-02-25,King_Haakon,0.771051939,-0.02581241308458948,0.02581241308458948,0.5877526775549149,FALSE,FALSE
2007-02-26,King_Haakon,0.823359584,0.00942115318024228,0.00942115318024228,0.5877526775549149,FALSE,FALSE
2007-02-27,King_Haakon,0.877957592,0.04523090573942912,0.04523090573942912,0.5877526775549149,FALSE,FALSE
2007-02-28,King_Haakon,0.905993791,0.05287959824074295,0.05287959824074295,0.5877526775549149,FALSE,FALSE
2007-03-01,King_Haakon,0.899503441,0.02451741633195803,0.02451741633195803,0.5877526775549149,FALSE,FALSE
2007-03-02,King_Haakon,0.907690685,0.00946342866084548,0.00946342866084548,0.5877526775549149,FALSE,FALSE
2007-03-03,King_Haakon,0.968867336,0.04614437387518,0.04614437387518,0.5877526775549149,FALSE,FALSE
2007-03-04,King_Haakon,1.013255214,0.06489699762273304,0.06489699762273304,0.5877526775549149,FALSE,FALSE
2007-03-05,King_Haakon,1.007716625,0.03269852756883673,0.03269852756883673,0.5877526775549149,FALSE,FALSE
2007-03-06,King_Haakon,0.983683665,-0.01891883280224804,0.01891883280224804,0.5877526775549149,FALSE,FALSE
2007-03-07,King_Haakon,1.007463488,-0.02359605135264919,0.02359605135264919,0.5877526775549149,FALSE,FALSE
2007-03-08,King_Haakon,1.023118172,-0.03722897024167881,0.03722897024167881,0.5877526775549149,FALSE,FALSE
2007-03-09,King_Haakon,1.091572627,0.00114940037134547,0.00114940037134547,0.5877526775549149,FALSE,FALSE
2007-03-10,King_Haakon,1.118313286,-0.00293242667289117,0.00293242667289117,0.5877526775549149,FALSE,FALSE
2007-03-11,King_Haakon,1.139110452,-0.01366206853370211,0.01366206853370211,0.5877526775549149,FALSE,FALSE
2007-03-12,King_Haakon,1.144127993,-0.04083357737040272,0.04083357737040272,0.5877526775549149,FALSE,FALSE
2007-03-13,King_Haakon,1.149901453,-0.06786932934230805,0.06786932934230805,0.5877526775549149,FALSE,FALSE
2007-03-14,King_Haakon,1.129753598,-0.12140447860873428,0.12140447860873428,0.5877526775549149,FALSE,FALSE
2007-03-15,King_Haakon,1.106258259,-0.1788231143289949,0.1788231143289949,0.5877526775549149,FALSE,FALSE
2007-03-16,King_Haakon,1.134961654,-0.1845369386624065,0.1845369386624065,0.5877526775549149,FALSE,FALSE
2007-03-17,King_Haakon,1.180130909,-0.17423674576828208,0.17423674576828208,0.5877526775549149,FALSE,FALSE
2007-03-18,King_Haakon,1.242239815,-0.14740651289283213,0.14740651289283213,0.5877526775549149,FALSE,FALSE
2007-03-19,King_Haakon,1.321091544,-0.10419704227461546,0.10419704227461546,0.5877526775549149,FALSE,FALSE
2007-03-20,King_Haakon,1.376308148,-0.08493628758840477,0.08493628758840477,0.5877526775549149,FALSE,FALSE
2007-03-21,King_Haakon,1.398402919,-0.09906077566250104,0.09906077566250104,0.5877526775549149,FALSE,FALSE
2007-03-22,King_Haakon,1.400933535,-0.13296264732520213,0.13296264732520213,0.5877526775549149,FALSE,FALSE
2007-03-23,King_Haakon,1.421051528,-0.14944018940480586,0.14944018940480586,0.5877526775549149,FALSE,FALSE
2007-03-24,King_Haakon,1.438696145,-0.16850397372961368,0.16850397372961368,0.5877526775549149,FALSE,FALSE
2007-03-25,King_Haakon,1.449919785,-0.19405142012792087,0.19405142012792087,0.5877526775549149,FALSE,FALSE
2007-03-26,King_Haakon,1.488437501,-0.19231729442803136,0.19231729442803136,0.5877526775549149,FALSE,FALSE
2007-03-27,King_Haakon,1.5382593979999999,-0.17924131045824088,0.17924131045824088,0.5877526775549149,FALSE,FALSE
2007-03-28,King_Haakon,1.579432166,-0.17472659704685034,0.17472659704685034,0.5877526775549149,FALSE,FALSE
2007-03-29,King_Haakon,1.638753032,-0.1519257460221557,0.1519257460221557,0.5877526775549149,FALSE,FALSE
2007-03-30,King_Haakon,1.710048429,-0.11696214321245836,0.11696214321245836,0.5877526775549149,FALSE,FALSE
2007-03-31,King_Haakon,1.7766072,-0.08650534560120682,0.08650534560120682,0.5877526775549149,FALSE,FALSE
2007-04-01,King_Haakon,1.801442087,-0.09754791605102042,0.09754791605102042,0.5877526775549149,FALSE,FALSE
2007-04-02,King_Haakon,1.803366984,-0.1312972110621584,0.1312972110621584,0.5877526775549149,FALSE,FALSE
2007-04-03,King_Haakon,1.817600477,-0.1525559083171315,0.1525559083171315,0.5877526775549149,FALSE,FALSE
2007-04-04,King_Haakon,1.852188408,-0.15329942949844577,0.15329942949844577,0.5877526775549149,FALSE,FALSE
2007-04-05,King_Haakon,1.893410574,-0.14726924128861074,0.14726924128861074,0.5877526775549149,FALSE,FALSE
2007-04-06,King_Haakon,1.98747213,-0.08828145237013763,0.08828145237013763,0.5877526775549149,FALSE,FALSE
2007-04-07,King_Haakon,1.997248346,-0.11348205642553012,0.11348205642553012,0.5877526775549149,FALSE,FALSE
2007-04-08,King_Haakon,2.044622086,-0.10100945313729914,0.10100945313729914,0.5877526775549149,FALSE,FALSE
2007-04-09,King_Haakon,2.10340083,-0.07707742618795166,0.07707742618795166,0.5877526775549149,FALSE,FALSE
2007-04-10,King_Haakon,2.138094073,-0.0771977442600007,0.0771977442600007,0.5877526775549149,FALSE,FALSE
2007-04-11,King_Haakon,2.136365829,-0.11372765703594956,0.11372765703594956,0.5877526775549149,FALSE,FALSE
2007-04-12,King_Haakon,2.141978471,-0.142925890152096,0.142925890152096,0.5877526775549149,FALSE,FALSE
2007-04-13,King_Haakon,2.151246838,-0.16848694036259504,0.16848694036259504,0.5877526775549149,FALSE,FALSE
2007-04-14,King_Haakon,2.150015073,-0.20455660941590947,0.20455660941590947,0.5877526775549149,FALSE,FALSE
2007-04-15,King_Haakon,2.130163315,-0.2592428918537615,0.2592428918537615,0.5877526775549149,FALSE,FALSE
2007-04-16,King_Haakon,2.147905033,-0.2763204522178766,0.2763204522178766,0.5877526775549149,FALSE,FALSE
2007-04-17,King_Haakon,2.203815615,-0.25520203604998093,0.25520203604998093,0.5877526775549149,FALSE,FALSE
2007-04-18,King_Haakon,2.280017505,-0.21375333289179643,0.21375333289179643,0.5877526775549149,FALSE,FALSE
2007-04-19,King_Haakon,2.320099881,-0.20837329828504816,0.20837329828504816,0.5877526775549149,FALSE,FALSE
2007-04-20,King_Haakon,2.365560449,-0.1975523597714619,0.1975523597714619,0.5877526775549149,FALSE,FALSE
2007-04-21,King_Haakon,2.437727316,-0.15995054389276395,0.15995054389276395,0.5877526775549149,FALSE,FALSE
2007-04-22,King_Haakon,2.444575665,-0.187580801190677,0.187580801190677,0.5877526775549149,FALSE,FALSE
2007-04-23,King_Haakon,2.467604615,-0.19893214620692667,0.19893214620692667,0.5877526775549149,FALSE,FALSE
2007-04-24,King_Haakon,2.516812518,-0.18399436048323592,0.18399436048323592,0.5877526775549149,FALSE,FALSE
2007-04-25,King_Haakon,2.582269378,-0.15268364483312302,0.15268364483312302,0.5877526775549149,FALSE,FALSE
2007-04-26,King_Haakon,2.639962853,-0.1289802280463359,0.1289802280463359,0.5877526775549149,FALSE,FALSE
2007-04-27,King_Haakon,2.65427647,-0.14845834726555251,0.14845834726555251,0.5877526775549149,FALSE,FALSE
2007-04-28,King_Haakon,2.692204744,-0.144081145002545,0.144081145002545,0.5877526775549149,FALSE,FALSE
2007-04-29,King_Haakon,2.715569146,-0.15398480776907997,0.15398480776907997,0.5877526775549149,FALSE,FALSE
2007-04-30,King_Haakon,2.732927815,-0.16956885407693534,0.16956885407693534,0.5877526775549149,FALSE,FALSE
2007-05-01,King_Haakon,2.782165489,-0.1529062034378743,0.1529062034378743,0.5877526775549149,FALSE,FALSE
2007-05-02,King_Haakon,2.817792512,-0.14944416936367366,0.14944416936367366,0.5877526775549149,FALSE,FALSE
2007-05-03,King_Haakon,2.852504816,-0.14644447736610067,0.14644447736610067,0.5877526775549149,FALSE,FALSE
2007-05-04,King_Haakon,2.883636977,-0.1465302089569276,0.1465302089569276,0.5877526775549149,FALSE,FALSE
2007-05-05,King_Haakon,2.902337847,-0.1585101696479243,0.1585101696479243,0.5877526775549149,FALSE,FALSE
2007-05-06,King_Haakon,2.9112513,-0.1796981429508646,0.1796981429508646,0.5877526775549149,FALSE,FALSE
2007-05-07,King_Haakon,2.945737538,-0.17469160555193008,0.17469160555193008,0.5877526775549149,FALSE,FALSE
2007-05-08,King_Haakon,2.965272792,-0.18398381020440535,0.18398381020440535,0.5877526775549149,FALSE,FALSE
2007-05-09,King_Haakon,2.989609436,-0.1878232855229287,0.1878232855229287,0.5877526775549149,FALSE,FALSE
2007-05-10,King_Haakon,3.007505499,-0.1974580746569954,0.1974580746569954,0.5877526775549149,FALSE,FALSE
2007-05-11,King_Haakon,3.073847113,-0.15800811775610724,0.15800811775610724,0.5877526775549149,FALSE,FALSE
2007-05-12,King_Haakon,3.110036889,-0.14807687596975772,0.14807687596975772,0.5877526775549149,FALSE,FALSE
2007-05-13,King_Haakon,3.115931044,-0.16781420444744688,0.16781420444744688,0.5877526775549149,FALSE,FALSE
2007-05-14,King_Haakon,3.136343511,-0.17241224233867358,0.17241224233867358,0.5877526775549149,FALSE,FALSE
2007-05-15,King_Haakon,3.147104461,-0.18604689079293335,0.18604689079293335,0.5877526775549149,FALSE,FALSE
2007-05-16,King_Haakon,3.186428368,-0.17050974795972795,0.17050974795972795,0.5877526775549149,FALSE,FALSE
2007-05-17,King_Haakon,3.218056508,-0.16206560998855002,0.16206560998855002,0.5877526775549149,FALSE,FALSE
2007-05-18,King_Haakon,3.248634777,-0.154074653028903,0.154074653028903,0.5877526775549149,FALSE,FALSE
2007-05-19,King_Haakon,3.298883872,-0.12582225223028098,0.12582225223028098,0.5877526775549149,FALSE,FALSE
2007-05-20,King_Haakon,3.354487547,-0.09163230388224176,0.09163230388224176,0.5877526775549149,FALSE,FALSE
2007-05-21,King_Haakon,3.4008831,-0.06610395709217842,0.06610395709217842,0.5877526775549149,FALSE,FALSE
2007-05-22,King_Haakon,3.4627036,-0.02466574928039255,0.02466574928039255,0.5877526775549149,FALSE,FALSE
2007-05-23,King_Haakon,3.502755208,-0.00457397234513345,0.00457397234513345,0.5877526775549149,FALSE,FALSE
2007-05-24,King_Haakon,3.507984166,-0.018944837184653,0.018944837184653,0.5877526775549149,FALSE,FALSE
2007-05-25,King_Haakon,3.524504239,-0.02172703169720158,0.02172703169720158,0.5877526775549149,FALSE,FALSE
2007-05-26,King_Haakon,3.54151395,-0.02378448578103231,0.02378448578103231,0.5877526775549149,FALSE,FALSE
2007-05-27,King_Haakon,3.629759562,0.04556661066560474,0.04556661066560474,0.5877526775549149,FALSE,FALSE
2007-05-28,King_Haakon,3.711706261,0.10872899074445684,0.10872899074445684,0.5877526775549149,FALSE,FALSE
2007-05-29,King_Haakon,3.790242606,0.16852876055727384,0.16852876055727384,0.5877526775549149,FALSE,FALSE
2007-05-30,King_Haakon,3.83727888,0.1968137502058056,0.1968137502058056,0.5877526775549149,FALSE,FALSE
2007-05-31,King_Haakon,3.862288925,0.2029953487917946,0.2029953487917946,0.5877526775549149,FALSE,FALSE
2007-06-01,King_Haakon,3.862367822,0.18410618441699625,0.18410618441699625,0.5877526775549149,FALSE,FALSE
2007-06-02,King_Haakon,3.875040092,0.17762217753587972,0.17762217753587972,0.5877526775549149,FALSE,FALSE
2007-06-03,King_Haakon,3.888078745,0.1713291903803471,0.1713291903803471,0.5877526775549149,FALSE,FALSE
2007-06-04,King_Haakon,3.891575237,0.15534856644623884,0.15534856644623884,0.5877526775549149,FALSE,FALSE
2007-06-05,King_Haakon,3.931123997,0.1753046228604238,0.1753046228604238,0.5877526775549149,FALSE,FALSE
2007-06-06,King_Haakon,3.941294393,0.165796615749779,0.165796615749779,0.5877526775549149,FALSE,FALSE
2007-06-07,King_Haakon,3.927808244,0.13257625224118197,0.13257625224118197,0.5877526775549149,FALSE,FALSE
2007-06-08,King_Haakon,3.92817087,0.11317874046149744,0.11317874046149744,0.5877526775549149,FALSE,FALSE
2007-06-09,King_Haakon,3.930244614,0.09549631153759996,0.09549631153759996,0.5877526775549149,FALSE,FALSE
2007-06-10,King_Haakon,3.900619729,0.04614910659636395,0.04614910659636395,0.5877526775549149,FALSE,FALSE
2007-06-11,King_Haakon,3.909009483,0.03488028176466296,0.03488028176466296,0.5877526775549149,FALSE,FALSE
2007-06-12,King_Haakon,3.899533594,0.00583944316937001,0.00583944316937001,0.5877526775549149,FALSE,FALSE
2007-06-13,King_Haakon,3.921813681,0.00867809793735396,0.00867809793735396,0.5877526775549149,FALSE,FALSE
2007-06-14,King_Haakon,3.908291686,-0.02413204375529831,0.02413204375529831,0.5877526775549149,FALSE,FALSE
2007-06-15,King_Haakon,3.962547084,0.0110129733391826,0.0110129733391826,0.5877526775549149,FALSE,FALSE
2007-06-16,King_Haakon,4.011652995,0.04120349519444621,0.04120349519444621,0.5877526775549149,FALSE,FALSE
2007-06-17,King_Haakon,4.064428537,0.07527534019959115,0.07527534019959115,0.5877526775549149,FALSE,FALSE
2007-06-18,King_Haakon,4.096820873,0.08919237174373595,0.08919237174373595,0.5877526775549149,FALSE,FALSE
2007-06-19,King_Haakon,4.12579703,0.0999383172159849,0.0999383172159849,0.5877526775549149,FALSE,FALSE
2007-06-20,King_Haakon,4.185891555,0.14206442400545516,0.14206442400545516,0.5877526775549149,FALSE,FALSE
2007-06-21,King_Haakon,4.218165712,0.15664865650124948,0.15664865650124948,0.5877526775549149,FALSE,FALSE
2007-06-22,King_Haakon,4.209487936,0.13057615009248114,0.13057615009248114,0.5877526775549149,FALSE,FALSE
2007-06-23,King_Haakon,4.160662322,0.06466770016825851,0.06466770016825851,0.5877526775549149,FALSE,FALSE
2007-06-24,King_Haakon,4.082383739,-0.03036512388230594,0.03036512388230594,0.5877526775549149,FALSE,FALSE
2007-06-25,King_Haakon,4.039832113,-0.08932569567010429,0.08932569567010429,0.5877526775549149,FALSE,FALSE
2007-06-26,King_Haakon,4.014827885,-0.1303768738060267,0.1303768738060267,0.5877526775549149,FALSE,FALSE
2007-06-27,King_Haakon,3.988425046,-0.17245230433822067,0.17245230433822067,0.5877526775549149,FALSE,FALSE
2007-06-28,King_Haakon,4.011033986,-0.16516201018245535,0.16516201018245535,0.5877526775549149,FALSE,FALSE
2007-06-29,King_Haakon,3.997675209,-0.19352087683678887,0.19352087683678887,0.5877526775549149,FALSE,FALSE
2007-06-30,King_Haakon,3.99064036,-0.215272725801531,0.215272725801531,0.5877526775549149,FALSE,FALSE
2007-07-01,King_Haakon,4.082515632,-0.13786683057699012,0.13786683057699012,0.5877526775549149,FALSE,FALSE
2007-07-02,King_Haakon,4.176989877,-0.05764980566347333,0.05764980566347333,0.5877526775549149,FALSE,FALSE
2007-07-03,King_Haakon,4.185624487,-0.06309572556129606,0.06309572556129606,0.5877526775549149,FALSE,FALSE
2007-07-04,King_Haakon,4.188299839,-0.07435967977076618,0.07435967977076618,0.5877526775549149,FALSE,FALSE
2007-07-05,King_Haakon,4.181736936,-0.09475613179219168,0.09475613179219168,0.5877526775549149,FALSE,FALSE
2007-07-06,King_Haakon,4.175103029,-0.11515329712588596,0.11515329712588596,0.5877526775549149,FALSE,FALSE
2007-07-07,King_Haakon,4.198560946,-0.10542381427215286,0.10542381427215286,0.5877526775549149,FALSE,FALSE
2007-07-08,King_Haakon,4.221563732,-0.0961501047313087,0.0961501047313087,0.5877526775549149,FALSE,FALSE
2007-07-09,King_Haakon,4.27206652,-0.05941241080017701,0.05941241080017701,0.5877526775549149,FALSE,FALSE
2007-07-10,King_Haakon,4.278251899,-0.06704578012060747,0.06704578012060747,0.5877526775549149,FALSE,FALSE
2007-07-11,King_Haakon,4.257165636,-0.10198326174129237,0.10198326174129237,0.5877526775549149,FALSE,FALSE
2007-07-12,King_Haakon,4.250820664,-0.1221856013370184,0.1221856013370184,0.5877526775549149,FALSE,FALSE
2007-07-13,King_Haakon,4.290257598,-0.0965858625825815,0.0965858625825815,0.5877526775549149,FALSE,FALSE
2007-07-14,King_Haakon,4.353517048,-0.04711711415276198,0.04711711415276198,0.5877526775549149,FALSE,FALSE
2007-07-15,King_Haakon,4.434638591,0.02028654227764814,0.02028654227764814,0.5877526775549149,FALSE,FALSE
2007-07-16,King_Haakon,4.487852315,0.05988151603386083,0.05988151603386083,0.5877526775549149,FALSE,FALSE
2007-07-17,King_Haakon,4.561856558,0.12039246644109004,0.12039246644109004,0.5877526775549149,FALSE,FALSE
2007-07-18,King_Haakon,4.563926923,0.10912131782454182,0.10912131782454182,0.5877526775549149,FALSE,FALSE
2007-07-19,King_Haakon,4.569874022,0.1019050035094322,0.1019050035094322,0.5877526775549149,FALSE,FALSE
2007-07-20,King_Haakon,4.619963572,0.13903556182097265,0.13903556182097265,0.5877526775549149,FALSE,FALSE
2007-07-21,King_Haakon,4.634695023,0.14103876408437266,0.14103876408437266,0.5877526775549149,FALSE,FALSE
2007-07-22,King_Haakon,4.632976716,0.12684827091558049,0.12684827091558049,0.5877526775549149,FALSE,FALSE
2007-07-23,King_Haakon,4.652208242,0.1338751670410856,0.1338751670410856,0.5877526775549149,FALSE,FALSE
2007-07-24,King_Haakon,4.653365235,0.12309650194786136,0.12309650194786136,0.5877526775549149,FALSE,FALSE
2007-07-25,King_Haakon,4.645855876,0.10392164350919852,0.10392164350919852,0.5877526775549149,FALSE,FALSE
2007-07-26,King_Haakon,4.647333094,0.09400470759837898,0.09400470759837898,0.5877526775549149,FALSE,FALSE
2007-07-27,King_Haakon,4.69048391,0.12603390208869136,0.12603390208869136,0.5877526775549149,FALSE,FALSE
2007-07-28,King_Haakon,4.737199943,0.16190203285342353,0.16190203285342353,0.5877526775549149,FALSE,FALSE
2007-07-29,King_Haakon,4.803844092,0.21797318576585756,0.21797318576585756,0.5877526775549149,FALSE,FALSE
2007-07-30,King_Haakon,4.872917458,0.276749648699286,0.276749648699286,0.5877526775549149,FALSE,FALSE
2007-07-31,King_Haakon,4.922520447,0.3163330145269896,0.3163330145269896,0.5877526775549149,FALSE,FALSE
2007-08-01,King_Haakon,4.94969184,0.33376325112225924,0.33376325112225924,0.5877526775549149,FALSE,FALSE
2007-08-02,King_Haakon,4.972923602,0.34753351035837987,0.34753351035837987,0.5877526775549149,FALSE,FALSE
2007-08-03,King_Haakon,5.029531998,0.394961244282336,0.394961244282336,0.5877526775549149,FALSE,FALSE
2007-08-04,King_Haakon,5.037107363,0.393642664098949,0.393642664098949,0.5877526775549149,FALSE,FALSE
2007-08-05,King_Haakon,4.990518624,0.3384694886166857,0.3384694886166857,0.5877526775549149,FALSE,FALSE
2007-08-06,King_Haakon,4.987493264,0.3271958056678965,0.3271958056678965,0.5877526775549149,FALSE,FALSE
2007-08-07,King_Haakon,4.968527681,0.3003446180849316,0.3003446180849316,0.5877526775549149,FALSE,FALSE
2007-08-08,King_Haakon,4.975753646,0.30007430170014526,0.30007430170014526,0.5877526775549149,FALSE,FALSE
2007-08-09,King_Haakon,4.953142667,0.2703829693458877,0.2703829693458877,0.5877526775549149,FALSE,FALSE
2007-08-10,King_Haakon,4.902515977,0.21311845885451053,0.21311845885451053,0.5877526775549149,FALSE,FALSE
2007-08-11,King_Haakon,4.835038383,0.13947218205836265,0.13947218205836265,0.5877526775549149,FALSE,FALSE
2007-08-12,King_Haakon,4.794864105,0.09362496378979925,0.09362496378979925,0.5877526775549149,FALSE,FALSE
2007-08-13,King_Haakon,4.736667092,0.03027735788116992,0.03027735788116992,0.5877526775549149,FALSE,FALSE
2007-08-14,King_Haakon,4.741829946,0.03083857116482757,0.03083857116482757,0.5877526775549149,FALSE,FALSE
2007-08-15,King_Haakon,4.7328998,0.01788234147312462,0.01788234147312462,0.5877526775549149,FALSE,FALSE
2007-08-16,King_Haakon,4.734074827,0.01563150997404161,0.01563150997404161,0.5877526775549149,FALSE,FALSE
2007-08-17,King_Haakon,4.767918139,0.04661629462212868,0.04661629462212868,0.5877526775549149,FALSE,FALSE
2007-08-18,King_Haakon,4.813864018,0.09017219887888216,0.09017219887888216,0.5877526775549149,FALSE,FALSE
2007-08-19,King_Haakon,4.801390549,0.07567491856528274,0.07567491856528274,0.5877526775549149,FALSE,FALSE
2007-08-20,King_Haakon,4.768216196,0.04074052850230458,0.04074052850230458,0.5877526775549149,FALSE,FALSE
2007-08-21,King_Haakon,4.770301322,0.04122700251093292,0.04122700251093292,0.5877526775549149,FALSE,FALSE
2007-08-22,King_Haakon,4.759553513,0.02893953741213906,0.02893953741213906,0.5877526775549149,FALSE,FALSE
2007-08-23,King_Haakon,4.771936094,0.03973906902690416,0.03973906902690416,0.5877526775549149,FALSE,FALSE
2007-08-24,King_Haakon,4.867382379,0.13345652217620607,0.13345652217620607,0.5877526775549149,FALSE,FALSE
2007-08-25,King_Haakon,4.952600871,0.21669801068102057,0.21669801068102057,0.5877526775549149,FALSE,FALSE
2007-08-26,King_Haakon,5.022657723,0.28442729836232683,0.28442729836232683,0.5877526775549149,FALSE,FALSE
2007-08-27,King_Haakon,5.077389387,0.33637844804110273,0.33637844804110273,0.5877526775549149,FALSE,FALSE
2007-08-28,King_Haakon,5.121328914,0.37698212153832866,0.37698212153832866,0.5877526775549149,FALSE,FALSE
2007-08-29,King_Haakon,5.203666275,0.45534726048735497,0.45534726048735497,0.5877526775549149,FALSE,FALSE
2007-08-30,King_Haakon,5.25005768,0.4971788639677861,0.4971788639677861,0.5877526775549149,FALSE,FALSE
2007-08-31,King_Haakon,5.244339942,0.48641131098500967,0.48641131098500967,0.5877526775549149,FALSE,FALSE
2007-09-01,King_Haakon,5.232163862,0.4687930560342046,0.4687930560342046,0.5877526775549149,FALSE,FALSE
2007-09-02,King_Haakon,5.198439955,0.42933226761054755,0.42933226761054755,0.5877526775549149,FALSE,FALSE
2007-09-03,King_Haakon,5.18926018,0.4142185582092228,0.4142185582092228,0.5877526775549149,FALSE,FALSE
2007-09-04,King_Haakon,5.196535145,0.4154601893254082,0.4154601893254082,0.5877526775549149,FALSE,FALSE
2007-09-05,King_Haakon,5.186943039,0.39983300345428496,0.39983300345428496,0.5877526775549149,FALSE,FALSE
2007-09-06,King_Haakon,5.178108492,0.3850592840910272,0.3850592840910272,0.5877526775549149,FALSE,FALSE
2007-09-07,King_Haakon,5.200899423,0.402104603730824,0.402104603730824,0.5877526775549149,FALSE,FALSE
2007-09-08,King_Haakon,5.209624229,0.4053750128688467,0.4053750128688467,0.5877526775549149,FALSE,FALSE
2007-09-09,King_Haakon,5.203285487,0.3939707420002741,0.3939707420002741,0.5877526775549149,FALSE,FALSE
2007-09-10,King_Haakon,5.218115034,0.4042208476310627,0.4042208476310627,0.5877526775549149,FALSE,FALSE
2007-09-11,King_Haakon,5.204809276,0.3868777559575438,0.3868777559575438,0.5877526775549149,FALSE,FALSE
2007-09-12,King_Haakon,5.191275494,0.36983021357309287,0.36983021357309287,0.5877526775549149,FALSE,FALSE
2007-09-13,King_Haakon,5.217032717,0.39257086512136663,0.39257086512136663,0.5877526775549149,FALSE,FALSE
2007-09-14,King_Haakon,5.258403107,0.43139548824602425,0.43139548824602425,0.5877526775549149,FALSE,FALSE
2007-09-15,King_Haakon,5.293698324,0.4645893585907146,0.4645893585907146,0.5877526775549149,FALSE,FALSE
2007-09-16,King_Haakon,5.330334224,0.4995419477990941,0.4995419477990941,0.5877526775549149,FALSE,FALSE
2007-09-17,King_Haakon,5.354866757,0.5227828215148236,0.5227828215148236,0.5877526775549149,FALSE,FALSE
2007-09-18,King_Haakon,5.343818604,0.5108082763815496,0.5108082763815496,0.5877526775549149,FALSE,FALSE
2007-09-19,King_Haakon,5.352138667,0.5185408300429319,0.5185408300429319,0.5877526775549149,FALSE,FALSE
2007-09-20,King_Haakon,5.378911124,0.5450382761426225,0.5450382761426225,0.5877526775549149,FALSE,FALSE
2007-09-21,King_Haakon,5.408068645,0.5742069003242811,0.5742069003242811,0.5877526775549149,FALSE,FALSE
2007-09-22,King_Haakon,5.432666732,0.5990758202315583,0.5990758202315583,0.5877526775549149,TRUE,TRUE
2007-09-23,King_Haakon,5.435995315,0.6029083773230131,0.6029083773230131,0.5877526775549149,TRUE,TRUE
2007-09-24,King_Haakon,5.493676274,0.6612976770260248,0.6612976770260248,0.5877526775549149,TRUE,TRUE
2007-09-25,King_Haakon,5.563823443,0.7323274526878514,0.7323274526878514,0.5877526775549149,TRUE,TRUE
2007-09-26,King_Haakon,5.621960168,0.7914909310493972,0.7914909310493972,0.5877526775549149,TRUE,TRUE
2007-09-27,King_Haakon,5.638553988,0.8092255318515491,0.8092255318515491,0.5877526775549149,TRUE,TRUE
2007-09-28,King_Haakon,5.655789708,0.8276859408352095,0.8276859408352095,0.5877526775549149,TRUE,TRUE
2007-09-29,King_Haakon,5.638923817,0.8120985277412673,0.8120985277412673,0.5877526775549149,TRUE,TRUE
2007-09-30,King_Haakon,5.616765377,0.7912422353106212,0.7912422353106212,0.5877526775549149,TRUE,TRUE
2007-10-01,King_Haakon,5.605432949,0.7812055052841664,0.7812055052841664,0.5877526775549149,TRUE,TRUE
2007-10-02,King_Haakon,5.59924102,0.7762727054027989,0.7762727054027989,0.5877526775549149,TRUE,TRUE
2007-10-03,King_Haakon,5.589023204,0.767247330407411,0.767247330407411,0.5877526775549149,TRUE,TRUE
2007-10-04,King_Haakon,5.572846615,0.7521663750389012,0.7521663750389012,0.5877526775549149,TRUE,TRUE
2007-10-05,King_Haakon,5.540474496,0.7207629813219985,0.7207629813219985,0.5877526775549149,TRUE,TRUE
2007-10-06,King_Haakon,5.539582009,0.7207043269469349,0.7207043269469349,0.5877526775549149,TRUE,TRUE
2007-10-07,King_Haakon,5.520770701,0.7026490318657954,0.7026490318657954,0.5877526775549149,TRUE,TRUE
2007-10-08,King_Haakon,5.457131255,0.6397567541284266,0.6397567541284266,0.5877526775549149,TRUE,TRUE
2007-10-09,King_Haakon,5.429065157,0.6124979547846756,0.6124979547846756,0.5877526775549149,TRUE,TRUE
2007-10-10,King_Haakon,5.434330575,0.6186997768843945,0.6186997768843945,0.5877526775549149,TRUE,TRUE
2007-10-11,King_Haakon,5.408648824,0.5941525104774232,0.5941525104774232,0.5877526775549149,TRUE,TRUE
2007-10-12,King_Haakon,5.395087849,0.581993075613612,0.581993075613612,0.5877526775549149,FALSE,FALSE
2007-10-13,King_Haakon,5.389650234,0.5782930313428096,0.5782930313428096,0.5877526775549149,FALSE,FALSE
2007-10-14,King_Haakon,5.367840322,0.5586256957148619,0.5586256957148619,0.5877526775549149,FALSE,FALSE
2007-10-15,King_Haakon,5.351782123,0.5451840537796162,0.5451840537796162,0.5877526775549149,FALSE,FALSE
2007-10-16,King_Haakon,5.343466581,0.5400280245869196,0.5400280245869196,0.5877526775549149,FALSE,FALSE
2007-10-17,King_Haakon,5.337641187,0.5379740741866188,0.5379740741866188,0.5877526775549149,FALSE,FALSE
2007-10-18,King_Haakon,5.375516479,0.5802989805788403,0.5802989805788403,0.5877526775549149,FALSE,FALSE
2007-10-19,King_Haakon,5.423114121,0.6330325561179535,0.6330325561179535,0.5877526775549149,TRUE,TRUE
2007-10-20,King_Haakon,5.424122476,0.6398157756568175,0.6398157756568175,0.5877526775549149,TRUE,TRUE
2007-10-21,King_Haakon,5.409934088,0.6319915713515645,0.6319915713515645,0.5877526775549149,TRUE,TRUE
2007-10-22,King_Haakon,5.422590693,0.6515520673583266,0.6515520673583266,0.5877526775549149,TRUE,TRUE
2007-10-23,King_Haakon,5.420466746,0.6568221068332329,0.6568221068332329,0.5877526775549149,TRUE,TRUE
2007-10-24,King_Haakon,5.395447758,0.6396375889324197,0.6396375889324197,0.5877526775549149,TRUE,TRUE
2007-10-25,King_Haakon,5.360575772,0.6129909448120205,0.6129909448120205,0.5877526775549149,TRUE,TRUE
2007-10-26,King_Haakon,5.36878744,0.6297692146281664,0.6297692146281664,0.5877526775549149,TRUE,TRUE
2007-10-27,King_Haakon,5.343577214,0.6134172385369867,0.6134172385369867,0.5877526775549149,TRUE,TRUE
2007-10-28,King_Haakon,5.30981325,0.5887535606946166,0.5887535606946166,0.5877526775549149,TRUE,TRUE
2007-10-29,King_Haakon,5.261914044,0.5501470652571845,0.5501470652571845,0.5877526775549149,FALSE,FALSE
2007-10-30,King_Haakon,5.2493566209999996,0.5470251653808296,0.5470251653808296,0.5877526775549149,FALSE,FALSE
2007-10-31,King_Haakon,5.19450943,0.5017208592950917,0.5017208592950917,0.5877526775549149,FALSE,FALSE
2007-11-01,King_Haakon,5.167138231,0.4840341601077993,0.4840341601077993,0.5877526775549149,FALSE,FALSE
2007-11-02,King_Haakon,5.140424353,0.46720206024958255,0.46720206024958255,0.5877526775549149,FALSE,FALSE
2007-11-03,King_Haakon,5.100872329,0.4377847619067303,0.4377847619067303,0.5877526775549149,FALSE,FALSE
2007-11-04,King_Haakon,5.092031182,0.4393869572655218,0.4393869572655218,0.5877526775549149,FALSE,FALSE
2007-11-05,King_Haakon,5.074869024,0.4330324275122477,0.4330324275122477,0.5877526775549149,FALSE,FALSE
2007-11-06,King_Haakon,5.056509044,0.4259000308331897,0.4259000308331897,0.5877526775549149,FALSE,FALSE
2007-11-07,King_Haakon,5.020445469,0.4015396634146349,0.4015396634146349,0.5877526775549149,FALSE,FALSE
2007-11-08,King_Haakon,4.995021292,0.38834998744286864,0.38834998744286864,0.5877526775549149,FALSE,FALSE
2007-11-09,King_Haakon,4.960788507,0.36693866610417825,0.36693866610417825,0.5877526775549149,FALSE,FALSE
2007-11-10,King_Haakon,4.916581601,0.33619585558484566,0.33619585558484566,0.5877526775549149,FALSE,FALSE
2007-11-11,King_Haakon,4.905648626,0.33942527707115566,0.33942527707115566,0.5877526775549149,FALSE,FALSE
2007-11-12,King_Haakon,4.866151606,0.31484492483443205,0.31484492483443205,0.5877526775549149,FALSE,FALSE
2007-11-13,King_Haakon,4.846172165,0.3106090488690656,0.3106090488690656,0.5877526775549149,FALSE,FALSE
2007-11-14,King_Haakon,4.832903608,0.3140086171966372,0.3140086171966372,0.5877526775549149,FALSE,FALSE
2007-11-15,King_Haakon,4.804820673,0.30361809598099576,0.30361809598099576,0.5877526775549149,FALSE,FALSE
2007-11-16,King_Haakon,4.777883581,0.2954974343859842,0.2954974343859842,0.5877526775549149,FALSE,FALSE
2007-11-17,King_Haakon,4.76765539,0.3053094185754439,0.3053094185754439,0.5877526775549149,FALSE,FALSE
2007-11-18,King_Haakon,4.746748901,0.30576657771322235,0.30576657771322235,0.5877526775549149,FALSE,FALSE
2007-11-19,King_Haakon,4.721974954,0.30377947996316124,0.30377947996316124,0.5877526775549149,FALSE,FALSE
2007-11-20,King_Haakon,4.675376077,0.2814903814891041,0.2814903814891041,0.5877526775549149,FALSE,FALSE
2007-11-21,King_Haakon,4.633305139,0.26535187945489724,0.26535187945489724,0.5877526775549149,FALSE,FALSE
2007-11-22,King_Haakon,4.609621233,0.26932279502438305,0.26932279502438305,0.5877526775549149,FALSE,FALSE
2007-11-23,King_Haakon,4.56698206,0.25616055736140897,0.25616055736140897,0.5877526775549149,FALSE,FALSE
2007-11-24,King_Haakon,4.532463581,0.2530408556298127,0.2530408556298127,0.5877526775549149,FALSE,FALSE
2007-11-25,King_Haakon,4.502793932,0.2567742063481049,0.2567742063481049,0.5877526775549149,FALSE,FALSE
2007-11-26,King_Haakon,4.464984944,0.2543080975570149,0.2543080975570149,0.5877526775549149,FALSE,FALSE
2007-11-27,King_Haakon,4.425680444,0.2521482369288046,0.2521482369288046,0.5877526775549149,FALSE,FALSE
2007-11-28,King_Haakon,4.406790794,0.27206630832259115,0.27206630832259115,0.5877526775549149,FALSE,FALSE
2007-11-29,King_Haakon,4.389406821,0.29501446059749536,0.29501446059749536,0.5877526775549149,FALSE,FALSE
2007-11-30,King_Haakon,4.343537603,0.2908630936126384,0.2908630936126384,0.5877526775549149,FALSE,FALSE
2007-12-01,King_Haakon,4.324009764,0.31430015322713434,0.31430015322713434,0.5877526775549149,FALSE,FALSE
2007-12-02,King_Haakon,4.265888823,0.3002524803001059,0.3002524803001059,0.5877526775549149,FALSE,FALSE
2007-12-03,King_Haakon,4.228428049,0.3078346656906712,0.3078346656906712,0.5877526775549149,FALSE,FALSE
2007-12-04,King_Haakon,4.167532765,0.2928133542579481,0.2928133542579481,0.5877526775549149,FALSE,FALSE
2007-12-05,King_Haakon,4.184053094,0.35589999086105717,0.35589999086105717,0.5877526775549149,FALSE,FALSE
2007-12-06,King_Haakon,4.155045648,0.37401250935911534,0.37401250935911534,0.5877526775549149,FALSE,FALSE
2007-12-07,King_Haakon,4.12128181,0.3877837757612821,0.3877837757612821,0.5877526775549149,FALSE,FALSE
2007-12-08,King_Haakon,4.10053067,0.4148943892050916,0.4148943892050916,0.5877526775549149,FALSE,FALSE
2007-12-09,King_Haakon,4.061032653,0.4236169284812043,0.4236169284812043,0.5877526775549149,FALSE,FALSE
2007-12-10,King_Haakon,4.024164135,0.43537774528521433,0.43537774528521433,0.5877526775549149,FALSE,FALSE
2007-12-11,King_Haakon,4.031227977,0.4915296763127048,0.4915296763127048,0.5877526775549149,FALSE,FALSE
2007-12-12,King_Haakon,3.998665372,0.5085638902592646,0.5085638902592646,0.5877526775549149,FALSE,FALSE
2007-12-13,King_Haakon,3.969371887,0.5294259298204826,0.5294259298204826,0.5877526775549149,FALSE,FALSE
2007-12-14,King_Haakon,3.97406398,0.5848822286919462,0.5848822286919462,0.5877526775549149,FALSE,FALSE
2007-12-15,King_Haakon,3.95428382,0.6165249315692436,0.6165249315692436,0.5877526775549149,TRUE,TRUE
2007-12-16,King_Haakon,3.91919432,0.6335669271479625,0.6335669271479625,0.5877526775549149,TRUE,TRUE
2007-12-17,King_Haakon,3.862607082,0.629869793123691,0.629869793123691,0.5877526775549149,TRUE,TRUE
2007-12-18,King_Haakon,3.817694223,0.6386556221920188,0.6386556221920188,0.5877526775549149,TRUE,TRUE
2007-12-19,King_Haakon,3.789304866,0.6648235130485309,0.6648235130485309,0.5877526775549149,TRUE,TRUE
2007-12-20,King_Haakon,3.744692734,0.6756727693539473,0.6756727693539473,0.5877526775549149,TRUE,TRUE
2007-12-21,King_Haakon,3.692941658,0.6802633087960488,0.6802633087960488,0.5877526775549149,TRUE,TRUE
2007-12-22,King_Haakon,3.654956876,0.6994209845142079,0.6994209845142079,0.5877526775549149,TRUE,TRUE
2007-12-23,King_Haakon,3.613537558,0.7158640358264448,0.7158640358264448,0.5877526775549149,TRUE,TRUE
2007-12-24,King_Haakon,3.60307464,0.7639024680507811,0.7639024680507811,0.5877526775549149,TRUE,TRUE
2007-12-25,King_Haakon,3.56830191,0.7881891385052469,0.7881891385052469,0.5877526775549149,TRUE,TRUE
2007-12-26,King_Haakon,3.488930336,0.7683540845078634,0.7683540845078634,0.5877526775549149,TRUE,TRUE
2007-12-27,King_Haakon,3.419675211,0.759031668376652,0.759031668376652,0.5877526775549149,TRUE,TRUE
2007-12-28,King_Haakon,3.367742611,0.7673470354296348,0.7673470354296348,0.5877526775549149,TRUE,TRUE
2007-12-29,King_Haakon,3.3364054,0.7964921189848435,0.7964921189848435,0.5877526775549149,TRUE,TRUE
2007-12-30,King_Haakon,3.303234766,0.823957176360294,0.823957176360294,0.5877526775549149,TRUE,TRUE
2007-12-31,King_Haakon,3.27055616,0.8519867278740163,0.8519867278740163,0.5877526775549149,TRUE,TRUE
2008-01-01,King_Haakon,3.245516977,0.8876472378440265,0.8876472378440265,0.5877526775549149,TRUE,TRUE
2008-01-02,King_Haakon,3.199300483,0.9020380436180844,0.9020380436180844,0.5877526775549149,TRUE,TRUE
2008-01-03,King_Haakon,3.148636383,0.9117929296628442,0.9117929296628442,0.5877526775549149,TRUE,TRUE
2008-01-04,King_Haakon,3.086489894,0.9097781944746992,0.9097781944746992,0.5877526775549149,TRUE,TRUE
2008-01-05,King_Haakon,2.976400909,0.8594348125500342,0.8594348125500342,0.5877526775549149,TRUE,TRUE
2008-01-06,King_Haakon,2.828847817,0.7711422543852455,0.7711422543852455,0.5877526775549149,TRUE,TRUE
2008-01-07,King_Haakon,2.763545882,0.7645168654767158,0.7645168654767158,0.5877526775549149,TRUE,TRUE
2008-01-08,King_Haakon,2.659061601,0.7180262243208333,0.7180262243208333,0.5877526775549149,TRUE,TRUE
2008-01-09,King_Haakon,2.574110736,0.6902871744139927,0.6902871744139927,0.5877526775549149,TRUE,TRUE
2008-01-10,King_Haakon,2.526088793,0.6985963032525768,0.6985963032525768,0.5877526775549149,TRUE,TRUE
2008-01-11,King_Haakon,2.480733452,0.7085923723329777,0.7085923723329777,0.5877526775549149,TRUE,TRUE
2008-01-12,King_Haakon,2.395365627,0.6774973771515849,0.6774973771515849,0.5877526775549149,TRUE,TRUE
2008-01-13,King_Haakon,2.261417811,0.5966448922047849,0.5966448922047849,0.5877526775549149,TRUE,TRUE
2008-01-14,King_Haakon,2.215220583,0.602267348097898,0.602267348097898,0.5877526775549149,TRUE,TRUE
2008-01-15,King_Haakon,2.188931134,0.6264514226704165,0.6264514226704165,0.5877526775549149,TRUE,TRUE
2008-01-16,King_Haakon,2.142609771,0.6292215307931552,0.6292215307931552,0.5877526775549149,TRUE,TRUE
2008-01-17,King_Haakon,2.120071402,0.6543588778885387,0.6543588778885387,0.5877526775549149,TRUE,TRUE
2008-01-18,King_Haakon,2.083805883,0.6643196173789887,0.6643196173789887,0.5877526775549149,TRUE,TRUE
2008-01-19,King_Haakon,2.015816871,0.6410737036869263,0.6410737036869263,0.5877526775549149,TRUE,TRUE
2008-01-20,King_Haakon,1.993321055,0.6618041232347747,0.6618041232347747,0.5877526775549149,TRUE,TRUE
2008-01-21,King_Haakon,1.955107052,0.6652657904449559,0.6652657904449559,0.5877526775549149,TRUE,TRUE
2008-01-22,King_Haakon,1.911858674,0.6621088147398928,0.6621088147398928,0.5877526775549149,TRUE,TRUE
2008-01-23,King_Haakon,1.824789051,0.6135126235420072,0.6135126235420072,0.5877526775549149,TRUE,TRUE
2008-01-24,King_Haakon,1.746788197,0.5723335282737196,0.5723335282737196,0.5877526775549149,FALSE,FALSE
2008-01-25,King_Haakon,1.729427207,0.590108921357454,0.590108921357454,0.5877526775549149,TRUE,FALSE
2008-01-26,King_Haakon,1.68732021,0.581419229215633,0.581419229215633,0.5877526775549149,FALSE,FALSE
2008-01-27,King_Haakon,1.666080699,0.591853041350217,0.591853041350217,0.5877526775549149,TRUE,FALSE
2008-01-28,King_Haakon,1.577969745,0.5337060902705766,0.5337060902705766,0.5877526775549149,FALSE,FALSE
2008-01-29,King_Haakon,1.545350305,0.5294006935227171,0.5294006935227171,0.5877526775549149,FALSE,FALSE
2008-01-30,King_Haakon,1.498677077,0.5094509892160808,0.5094509892160808,0.5877526775549149,FALSE,FALSE
2008-01-31,King_Haakon,1.473873937,0.5098402934601081,0.5098402934601081,0.5877526775549149,FALSE,FALSE
2008-02-01,King_Haakon,1.444986549,0.5046737103642424,0.5046737103642424,0.5877526775549149,FALSE,FALSE
2008-02-02,King_Haakon,1.4150727,0.4970684670379244,0.4970684670379244,0.5877526775549149,FALSE,FALSE
2008-02-03,King_Haakon,1.393601786,0.4965533995905964,0.4965533995905964,0.5877526775549149,FALSE,FALSE
2008-02-04,King_Haakon,1.354625393,0.4772395341316999,0.4772395341316999,0.5877526775549149,FALSE,FALSE
2008-02-05,King_Haakon,1.330690685,0.4717334747706762,0.4717334747706762,0.5877526775549149,FALSE,FALSE
2008-02-06,King_Haakon,1.333409712,0.4917067116169693,0.4917067116169693,0.5877526775549149,FALSE,FALSE
2008-02-07,King_Haakon,1.320487104,0.4949233147800186,0.4949233147800186,0.5877526775549149,FALSE,FALSE
2008-02-08,King_Haakon,1.305614271,0.4951337429544743,0.4951337429544743,0.5877526775549149,FALSE,FALSE
2008-02-09,King_Haakon,1.281655265,0.4852094209531834,0.4852094209531834,0.5877526775549149,FALSE,FALSE
2008-02-10,King_Haakon,1.226411026,0.44285589067124576,0.44285589067124576,0.5877526775549149,FALSE,FALSE
2008-02-11,King_Haakon,1.198335463,0.42641951202793504,0.42641951202793504,0.5877526775549149,FALSE,FALSE
2008-02-12,King_Haakon,1.228474395,0.46683855494252013,0.46683855494252013,0.5877526775549149,FALSE,FALSE
2008-02-13,King_Haakon,1.200024723,0.4472023713342719,0.4472023713342719,0.5877526775549149,FALSE,FALSE
2008-02-14,King_Haakon,1.121130261,0.3755472261224645,0.3755472261224645,0.5877526775549149,FALSE,FALSE
2008-02-15,King_Haakon,1.091420309,0.3513948702263673,0.3513948702263673,0.5877526775549149,FALSE,FALSE
2008-02-16,King_Haakon,1.052638929,0.31638181656525266,0.31638181656525266,0.5877526775549149,FALSE,FALSE
2008-02-17,King_Haakon,1.13812305,0.40373744505839104,0.40373744505839104,0.5877526775549149,FALSE,FALSE
2008-02-18,King_Haakon,1.171957487,0.4374390216250543,0.4374390216250543,0.5877526775549149,FALSE,FALSE
2008-02-19,King_Haakon,1.224787074,0.4880238311845144,0.4880238311845144,0.5877526775549149,FALSE,FALSE
2008-02-20,King_Haakon,1.240981638,0.4997541516560417,0.4997541516560417,0.5877526775549149,FALSE,FALSE
2008-02-21,King_Haakon,1.231184356,0.48317603884417737,0.48317603884417737,0.5877526775549149,FALSE,FALSE
2008-02-22,King_Haakon,1.306632967,0.5495565344093175,0.5495565344093175,0.5877526775549149,FALSE,FALSE
2008-02-23,King_Haakon,1.333968859,0.5656504316777203,0.5656504316777203,0.5877526775549149,FALSE,FALSE
2008-02-24,King_Haakon,1.374160474,0.5925410982971608,0.5925410982971608,0.5877526775549149,TRUE,FALSE
2008-02-25,King_Haakon,1.39836183,0.6014974779154105,0.6014974779154105,0.5877526775549149,TRUE,FALSE
2008-02-26,King_Haakon,1.372413483,0.5584750521802424,0.5584750521802424,0.5877526775549149,FALSE,FALSE
2008-02-27,King_Haakon,1.379705496,0.546978809739429,0.546978809739429,0.5877526775549149,FALSE,FALSE
2008-02-28,King_Haakon,1.405918999,0.552804806240743,0.552804806240743,0.5877526775549149,FALSE,FALSE
2008-03-01,King_Haakon,1.447333712,0.5491064556608455,0.5491064556608455,0.5877526775549149,FALSE,FALSE
2008-03-02,King_Haakon,1.45775826,0.5350352978751801,0.5350352978751801,0.5877526775549149,FALSE,FALSE
2008-03-03,King_Haakon,1.496501147,0.5481429306227331,0.5481429306227331,0.5877526775549149,FALSE,FALSE
2008-03-04,King_Haakon,1.515915238,0.5408971405688368,0.5408971405688368,0.5877526775549149,FALSE,FALSE
2008-03-05,King_Haakon,1.552152635,0.5495501371977518,0.5495501371977518,0.5877526775549149,FALSE,FALSE
2008-03-06,King_Haakon,1.561803348,0.5307438086473508,0.5307438086473508,0.5877526775549149,FALSE,FALSE
2008-03-07,King_Haakon,1.556735124,0.4963879817583212,0.4963879817583212,0.5877526775549149,FALSE,FALSE
2008-03-08,King_Haakon,1.589314718,0.4988914913713456,0.4988914913713456,0.5877526775549149,FALSE,FALSE
2008-03-09,King_Haakon,1.599500743,0.4782550303271087,0.4782550303271087,0.5877526775549149,FALSE,FALSE
2008-03-10,King_Haakon,1.679213983,0.5264414624662979,0.5264414624662979,0.5877526775549149,FALSE,FALSE
2008-03-11,King_Haakon,1.735321094,0.5503595236295973,0.5503595236295973,0.5877526775549149,FALSE,FALSE
2008-03-12,King_Haakon,1.793426731,0.575655948657692,0.575655948657692,0.5877526775549149,FALSE,FALSE
2008-03-13,King_Haakon,1.832793511,0.5816354343912657,0.5816354343912657,0.5877526775549149,FALSE,FALSE
2008-03-14,King_Haakon,1.855694613,0.5706132396710051,0.5706132396710051,0.5877526775549149,FALSE,FALSE
2008-03-15,King_Haakon,1.854296425,0.5347978323375935,0.5347978323375935,0.5877526775549149,FALSE,FALSE
2008-03-16,King_Haakon,1.854756345,0.5003886902317178,0.5003886902317178,0.5877526775549149,FALSE,FALSE
2008-03-17,King_Haakon,1.852003154,0.4623568261071678,0.4623568261071678,0.5877526775549149,FALSE,FALSE
2008-03-18,King_Haakon,1.888725179,0.4634365927253845,0.4634365927253845,0.5877526775549149,FALSE,FALSE
2008-03-19,King_Haakon,1.888725179,0.42748074341159525,0.42748074341159525,0.5877526775549149,FALSE,FALSE
2008-03-20,King_Haakon,1.930898038,0.433434343337499,0.433434343337499,0.5877526775549149,FALSE,FALSE
2008-03-21,King_Haakon,1.976075365,0.44217918267479783,0.44217918267479783,0.5877526775549149,FALSE,FALSE
2008-03-22,King_Haakon,2.142186427,0.5716947095951941,0.5716947095951941,0.5877526775549149,FALSE,FALSE
2008-03-23,King_Haakon,2.12139098,0.5141908612703865,0.5141908612703865,0.5877526775549149,FALSE,FALSE
2008-03-24,King_Haakon,2.12057443,0.47660322487207907,0.47660322487207907,0.5877526775549149,FALSE,FALSE
2008-03-25,King_Haakon,2.121803889,0.44104909357196886,0.44104909357196886,0.5877526775549149,FALSE,FALSE
2008-03-26,King_Haakon,2.121803889,0.4043031805417594,0.4043031805417594,0.5877526775549149,FALSE,FALSE
2008-03-27,King_Haakon,2.14898284,0.3948240769531497,0.3948240769531497,0.5877526775549149,FALSE,FALSE
2008-03-28,King_Haakon,2.197373248,0.4066944699778441,0.4066944699778441,0.5877526775549149,FALSE,FALSE
2008-03-29,King_Haakon,2.231181268,0.4041706957875415,0.4041706957875415,0.5877526775549149,FALSE,FALSE
2008-03-30,King_Haakon,2.249916838,0.3868042923987931,0.3868042923987931,0.5877526775549149,FALSE,FALSE
2008-03-31,King_Haakon,2.261385999,0.3623959959489793,0.3623959959489793,0.5877526775549149,FALSE,FALSE
2008-04-01,King_Haakon,2.298458389,0.3637941939378415,0.3637941939378415,0.5877526775549149,FALSE,FALSE
2008-04-02,King_Haakon,2.360192201,0.3900358156828682,0.3900358156828682,0.5877526775549149,FALSE,FALSE
2008-04-03,King_Haakon,2.444037805,0.43854996750155406,0.43854996750155406,0.5877526775549149,FALSE,FALSE
2008-04-04,King_Haakon,2.513464589,0.47278477371138905,0.47278477371138905,0.5877526775549149,FALSE,FALSE
2008-04-05,King_Haakon,2.556347444,0.4805938616298624,0.4805938616298624,0.5877526775549149,FALSE,FALSE
2008-04-06,King_Haakon,2.596298406,0.48556800357446983,0.48556800357446983,0.5877526775549149,FALSE,FALSE
2008-04-07,King_Haakon,2.607256398,0.461624858862701,0.461624858862701,0.5877526775549149,FALSE,FALSE
2008-04-08,King_Haakon,2.625021074,0.4445428178120485,0.4445428178120485,0.5877526775549149,FALSE,FALSE
2008-04-09,King_Haakon,2.667521864,0.4522300467399991,0.4522300467399991,0.5877526775549149,FALSE,FALSE
2008-04-10,King_Haakon,2.70360459,0.4535111039640505,0.4535111039640505,0.5877526775549149,FALSE,FALSE
2008-04-11,King_Haakon,2.730357468,0.445453106847904,0.445453106847904,0.5877526775549149,FALSE,FALSE
2008-04-12,King_Haakon,2.773943752,0.454209973637405,0.454209973637405,0.5877526775549149,FALSE,FALSE
2008-04-13,King_Haakon,2.811916672,0.45734498958409064,0.45734498958409064,0.5877526775549149,FALSE,FALSE
2008-04-14,King_Haakon,2.848100637,0.45869443014623856,0.45869443014623856,0.5877526775549149,FALSE,FALSE
2008-04-15,King_Haakon,2.896321615,0.4720961297821238,0.4720961297821238,0.5877526775549149,FALSE,FALSE
2008-04-16,King_Haakon,2.947827917,0.4888102659500193,0.4888102659500193,0.5877526775549149,FALSE,FALSE
2008-04-17,King_Haakon,2.977778016,0.4840071781082034,0.4840071781082034,0.5877526775549149,FALSE,FALSE
2008-04-18,King_Haakon,3.012574187,0.4841010077149517,0.4841010077149517,0.5877526775549149,FALSE,FALSE
2008-04-19,King_Haakon,3.047906446,0.48479363722853774,0.48479363722853774,0.5877526775549149,FALSE,FALSE
2008-04-20,King_Haakon,3.052873221,0.4551953611072359,0.4551953611072359,0.5877526775549149,FALSE,FALSE
2008-04-21,King_Haakon,3.079306597,0.4471501308093231,0.4471501308093231,0.5877526775549149,FALSE,FALSE
2008-04-22,King_Haakon,3.11427054,0.4477337787930735,0.4477337787930735,0.5877526775549149,FALSE,FALSE
2008-04-23,King_Haakon,3.143484584,0.4426777055167639,0.4426777055167639,0.5877526775549149,FALSE,FALSE
2008-04-24,King_Haakon,3.12393168,0.3889786571668772,0.3889786571668772,0.5877526775549149,FALSE,FALSE
2008-04-25,King_Haakon,3.134217139,0.365274057953664,0.365274057953664,0.5877526775549149,FALSE,FALSE
2008-04-26,King_Haakon,3.120202432,0.3174676147344475,0.3174676147344475,0.5877526775549149,FALSE,FALSE
2008-04-27,King_Haakon,3.153526019,0.317240129997455,0.317240129997455,0.5877526775549149,FALSE,FALSE
2008-04-28,King_Haakon,3.182208991,0.31265503723092003,0.31265503723092003,0.5877526775549149,FALSE,FALSE
2008-04-29,King_Haakon,3.195083011,0.29258634192306454,0.29258634192306454,0.5877526775549149,FALSE,FALSE
2008-04-30,King_Haakon,3.22627467,0.29120297756212565,0.29120297756212565,0.5877526775549149,FALSE,FALSE
2008-05-01,King_Haakon,3.261719243,0.29448256163632625,0.29448256163632625,0.5877526775549149,FALSE,FALSE
2008-05-02,King_Haakon,3.356300798,0.3573515046338991,0.3573515046338991,0.5877526775549149,FALSE,FALSE
2008-05-03,King_Haakon,3.434109096,0.4039419100430721,0.4039419100430721,0.5877526775549149,FALSE,FALSE
2008-05-04,King_Haakon,3.509376533,0.4485285163520758,0.4485285163520758,0.5877526775549149,FALSE,FALSE
2008-05-05,King_Haakon,3.580359982,0.48941053904913545,0.48941053904913545,0.5877526775549149,FALSE,FALSE
2008-05-06,King_Haakon,3.607252389,0.4868232454480701,0.4868232454480701,0.5877526775549149,FALSE,FALSE
2008-05-07,King_Haakon,3.648448683,0.4991920807955945,0.4991920807955945,0.5877526775549149,FALSE,FALSE
2008-05-08,King_Haakon,3.681814409,0.5043816874770712,0.5043816874770712,0.5877526775549149,FALSE,FALSE
2008-05-09,King_Haakon,3.678785297,0.47382172334300465,0.47382172334300465,0.5877526775549149,FALSE,FALSE
2008-05-10,King_Haakon,3.690020984,0.4581657532438927,0.4581657532438927,0.5877526775549149,FALSE,FALSE
2008-05-11,King_Haakon,3.694625811,0.4365120460302423,0.4365120460302423,0.5877526775549149,FALSE,FALSE
2008-05-12,King_Haakon,3.68813596,0.40439071155255313,0.40439071155255313,0.5877526775549149,FALSE,FALSE
2008-05-13,King_Haakon,3.684845531,0.37608977766132634,0.37608977766132634,0.5877526775549149,FALSE,FALSE
2008-05-14,King_Haakon,3.685026425,0.3518750732070668,0.3518750732070668,0.5877526775549149,FALSE,FALSE
2008-05-15,King_Haakon,3.705810025,0.3488719090402719,0.3488719090402719,0.5877526775549149,FALSE,FALSE
2008-05-16,King_Haakon,3.733052348,0.3529302300114501,0.3529302300114501,0.5877526775549149,FALSE,FALSE
2008-05-17,King_Haakon,3.740687269,0.337977838971097,0.337977838971097,0.5877526775549149,FALSE,FALSE
2008-05-18,King_Haakon,3.727804661,0.30309853676971876,0.30309853676971876,0.5877526775549149,FALSE,FALSE
2008-05-19,King_Haakon,3.768867682,0.3227478311177583,0.3227478311177583,0.5877526775549149,FALSE,FALSE
2008-05-20,King_Haakon,3.75789092,0.29090386290782133,0.29090386290782133,0.5877526775549149,FALSE,FALSE
2008-05-21,King_Haakon,3.761184481,0.27381513171960714,0.27381513171960714,0.5877526775549149,FALSE,FALSE
2008-05-22,King_Haakon,3.764840355,0.2575111746548666,0.2575111746548666,0.5877526775549149,FALSE,FALSE
2008-05-23,King_Haakon,3.782836148,0.25590714481534693,0.25590714481534693,0.5877526775549149,FALSE,FALSE
2008-05-24,King_Haakon,3.842034713,0.2958034423027982,0.2958034423027982,0.5877526775549149,FALSE,FALSE
2008-05-25,King_Haakon,3.906495255,0.3411968192189674,0.3411968192189674,0.5877526775549149,FALSE,FALSE
2008-05-26,King_Haakon,3.960756875,0.37656392366560487,0.37656392366560487,0.5877526775549149,FALSE,FALSE
2008-05-27,King_Haakon,3.970848675,0.3678714047444571,0.3678714047444571,0.5877526775549149,FALSE,FALSE
2008-05-28,King_Haakon,3.969056633,0.3473427875572739,0.3473427875572739,0.5877526775549149,FALSE,FALSE
2008-05-29,King_Haakon,3.934412594,0.29394746420580553,0.29394746420580553,0.5877526775549149,FALSE,FALSE
2008-05-30,King_Haakon,3.915265162,0.25597158579179435,0.25597158579179435,0.5877526775549149,FALSE,FALSE
2008-05-31,King_Haakon,3.948325764,0.27006412641699606,0.27006412641699606,0.5877526775549149,FALSE,FALSE
2008-06-01,King_Haakon,3.980278706,0.28286079153587984,0.28286079153587984,0.5877526775549149,FALSE,FALSE
2008-06-02,King_Haakon,4.013462176,0.29671262138034704,0.29671262138034704,0.5877526775549149,FALSE,FALSE
2008-06-03,King_Haakon,4.03764198,0.30141530944623884,0.30141530944623884,0.5877526775549149,FALSE,FALSE
2008-06-04,King_Haakon,4.107207151,0.3513877768604239,0.3513877768604239,0.5877526775549149,FALSE,FALSE
2008-06-05,King_Haakon,4.134530602,0.3590328247497787,0.3590328247497787,0.5877526775549149,FALSE,FALSE
2008-06-06,King_Haakon,4.134225826,0.3389938342411818,0.3389938342411818,0.5877526775549149,FALSE,FALSE
2008-06-07,King_Haakon,4.135892165,0.3209000354614968,0.3209000354614968,0.5877526775549149,FALSE,FALSE
2008-06-08,King_Haakon,4.166197976,0.33144967353760046,0.33144967353760046,0.5877526775549149,FALSE,FALSE
2008-06-09,King_Haakon,4.209292029,0.35482140659636396,0.35482140659636396,0.5877526775549149,FALSE,FALSE
2008-06-10,King_Haakon,4.268540211,0.39441100976466315,0.39441100976466315,0.5877526775549149,FALSE,FALSE
2008-06-11,King_Haakon,4.319707946,0.4260137951693701,0.4260137951693701,0.5877526775549149,FALSE,FALSE
2008-06-12,King_Haakon,4.356633846,0.44349826293735406,0.44349826293735406,0.5877526775549149,FALSE,FALSE
2008-06-13,King_Haakon,4.35832423,0.4259005002447016,0.4259005002447016,0.5877526775549149,FALSE,FALSE
2008-06-14,King_Haakon,4.37787859,0.4263444793391824,0.4263444793391824,0.5877526775549149,FALSE,FALSE
2008-06-15,King_Haakon,4.389641204,0.4191917041944459,0.4191917041944459,0.5877526775549149,FALSE,FALSE
2008-06-16,King_Haakon,4.419010378,0.42985718119959104,0.42985718119959104,0.5877526775549149,FALSE,FALSE
2008-06-17,King_Haakon,4.45279659,0.4451680887437357,0.4451680887437357,0.5877526775549149,FALSE,FALSE
2008-06-18,King_Haakon,4.475036892,0.449178179215985,0.449178179215985,0.5877526775549149,FALSE,FALSE
2008-06-19,King_Haakon,4.512295328,0.4684681970054552,0.4684681970054552,0.5877526775549149,FALSE,FALSE
2008-06-20,King_Haakon,4.529204716,0.467687660501249,0.467687660501249,0.5877526775549149,FALSE,FALSE
2008-06-21,King_Haakon,4.538721976,0.4598101900924805,0.4598101900924805,0.5877526775549149,FALSE,FALSE
2008-06-22,King_Haakon,4.566984082,0.4709894601682585,0.4709894601682585,0.5877526775549149,FALSE,FALSE
2008-06-23,King_Haakon,4.579660392,0.4669115291176942,0.4669115291176942,0.5877526775549149,FALSE,FALSE
2008-06-24,King_Haakon,4.5615927020000004,0.432434893329896,0.432434893329896,0.5877526775549149,FALSE,FALSE
2008-06-25,King_Haakon,4.573243014,0.4280382551939734,0.4280382551939734,0.5877526775549149,FALSE,FALSE
2008-06-26,King_Haakon,4.555772096,0.3948947456617793,0.3948947456617793,0.5877526775549149,FALSE,FALSE
2008-06-27,King_Haakon,4.554921731,0.3787257348175448,0.3787257348175448,0.5877526775549149,FALSE,FALSE
2008-06-28,King_Haakon,4.53790397,0.3467078841632114,0.3467078841632114,0.5877526775549149,FALSE,FALSE
2008-06-29,King_Haakon,4.49988123,0.29396814419846873,0.29396814419846873,0.5877526775549149,FALSE,FALSE
2008-06-30,King_Haakon,4.475909677,0.25552721442300985,0.25552721442300985,0.5877526775549149,FALSE,FALSE
2008-07-01,King_Haakon,4.481788346,0.2471486633365272,0.2471486633365272,0.5877526775549149,FALSE,FALSE
2008-07-02,King_Haakon,4.493481258,0.24476104543870392,0.24476104543870392,0.5877526775549149,FALSE,FALSE
2008-07-03,King_Haakon,4.511534996,0.2488754772292339,0.2488754772292339,0.5877526775549149,FALSE,FALSE
2008-07-04,King_Haakon,4.504540284,0.2280472162078082,0.2280472162078082,0.5877526775549149,FALSE,FALSE
2008-07-05,King_Haakon,4.525289317,0.23503299087411467,0.23503299087411467,0.5877526775549149,FALSE,FALSE
2008-07-06,King_Haakon,4.549129267,0.24514450672784704,0.24514450672784704,0.5877526775549149,FALSE,FALSE
2008-07-07,King_Haakon,4.634274359,0.31656052226869136,0.31656052226869136,0.5877526775549149,FALSE,FALSE
2008-07-08,King_Haakon,4.637952547,0.30647361619982316,0.30647361619982316,0.5877526775549149,FALSE,FALSE
2008-07-09,King_Haakon,4.596223922,0.2509262428793928,0.2509262428793928,0.5877526775549149,FALSE,FALSE
2008-07-10,King_Haakon,4.575533104,0.2163842062587076,0.2163842062587076,0.5877526775549149,FALSE,FALSE
2008-07-11,King_Haakon,4.573973796,0.20096753066298145,0.20096753066298145,0.5877526775549149,FALSE,FALSE
2008-07-12,King_Haakon,4.579442187,0.19259872641741804,0.19259872641741804,0.5877526775549149,FALSE,FALSE
2008-07-13,King_Haakon,4.534198403,0.13356424084723884,0.13356424084723884,0.5877526775549149,FALSE,FALSE
2008-07-14,King_Haakon,4.570645915,0.15629386627764852,0.15629386627764852,0.5877526775549149,FALSE,FALSE
2008-07-15,King_Haakon,4.560955333,0.13298453403386112,0.13298453403386112,0.5877526775549149,FALSE,FALSE
2008-07-16,King_Haakon,4.600619845,0.15915575344109012,0.15915575344109012,0.5877526775549149,FALSE,FALSE
2008-07-17,King_Haakon,4.617812716,0.1630071108245419,0.1630071108245419,0.5877526775549149,FALSE,FALSE
2008-07-18,King_Haakon,4.656744384,0.1887753655094322,0.1887753655094322,0.5877526775549149,FALSE,FALSE
2008-07-19,King_Haakon,4.676981894,0.19605388382097289,0.19605388382097289,0.5877526775549149,FALSE,FALSE
2008-07-20,King_Haakon,4.705937212,0.212280953084373,0.212280953084373,0.5877526775549149,FALSE,FALSE
2008-07-21,King_Haakon,4.736200678,0.23007223291558088,0.23007223291558088,0.5877526775549149,FALSE,FALSE
2008-07-22,King_Haakon,4.734215052,0.21588197704108492,0.21588197704108492,0.5877526775549149,FALSE,FALSE
2008-07-23,King_Haakon,4.74516752,0.21489878694786135,0.21489878694786135,0.5877526775549149,FALSE,FALSE
2008-07-24,King_Haakon,4.778179271,0.23624503850919876,0.23624503850919876,0.5877526775549149,FALSE,FALSE
2008-07-25,King_Haakon,4.766663199,0.2133348125983785,0.2133348125983785,0.5877526775549149,FALSE,FALSE
2008-07-26,King_Haakon,4.83479558,0.2703455720886909,0.2703455720886909,0.5877526775549149,FALSE,FALSE
2008-07-27,King_Haakon,4.852223429,0.27692551885342365,0.27692551885342365,0.5877526775549149,FALSE,FALSE
2008-07-28,King_Haakon,4.858083817,0.2722129107658571,0.2722129107658571,0.5877526775549149,FALSE,FALSE
2008-07-29,King_Haakon,4.908395263,0.3122274536992862,0.3122274536992862,0.5877526775549149,FALSE,FALSE
2008-07-30,King_Haakon,4.961472204,0.3552847715269891,0.3552847715269891,0.5877526775549149,FALSE,FALSE
2008-07-31,King_Haakon,4.950365043,0.3344364541222591,0.3344364541222591,0.5877526775549149,FALSE,FALSE
2008-08-01,King_Haakon,4.94205818,0.3166680883583801,0.3166680883583801,0.5877526775549149,FALSE,FALSE
2008-08-02,King_Haakon,4.958952035,0.3243812812823359,0.3243812812823359,0.5877526775549149,FALSE,FALSE
2008-08-03,King_Haakon,4.976803066,0.3333383670989498,0.3333383670989498,0.5877526775549149,FALSE,FALSE
2008-08-04,King_Haakon,4.96826095,0.3162118146166861,0.3162118146166861,0.5877526775549149,FALSE,FALSE
2008-08-05,King_Haakon,4.923371236,0.26307377766789664,0.26307377766789664,0.5877526775549149,FALSE,FALSE
2008-08-06,King_Haakon,4.866819162,0.19863609908493096,0.19863609908493096,0.5877526775549149,FALSE,FALSE
2008-08-07,King_Haakon,4.856912933,0.18123358870014528,0.18123358870014528,0.5877526775549149,FALSE,FALSE
2008-08-08,King_Haakon,4.895333252,0.2125735543458882,0.2125735543458882,0.5877526775549149,FALSE,FALSE
2008-08-09,King_Haakon,4.902941901,0.2135443828545105,0.2135443828545105,0.5877526775549149,FALSE,FALSE
2008-08-10,King_Haakon,4.913003722,0.217437521058363,0.217437521058363,0.5877526775549149,FALSE,FALSE
2008-08-11,King_Haakon,4.926915795,0.2256766537897992,0.2256766537897992,0.5877526775549149,FALSE,FALSE
2008-08-12,King_Haakon,5.003789729,0.29739999488116986,0.29739999488116986,0.5877526775549149,FALSE,FALSE
2008-08-13,King_Haakon,5.056881007,0.3458896321648277,0.3458896321648277,0.5877526775549149,FALSE,FALSE
2008-08-14,King_Haakon,5.02954979,0.3145323314731243,0.3145323314731243,0.5877526775549149,FALSE,FALSE
2008-08-15,King_Haakon,5.008293505,0.28985018797404205,0.28985018797404205,0.5877526775549149,FALSE,FALSE
2008-08-16,King_Haakon,5.028961507,0.30765966262212885,0.30765966262212885,0.5877526775549149,FALSE,FALSE
2008-08-17,King_Haakon,5.010832849,0.2871410298788817,0.2871410298788817,0.5877526775549149,FALSE,FALSE
2008-08-18,King_Haakon,4.978717692,0.25300206156528304,0.25300206156528304,0.5877526775549149,FALSE,FALSE
2008-08-19,King_Haakon,5.001574102,0.27409843450230476,0.27409843450230476,0.5877526775549149,FALSE,FALSE
2008-08-20,King_Haakon,5.050565597,0.3214912775109333,0.3214912775109333,0.5877526775549149,FALSE,FALSE
2008-08-21,King_Haakon,5.067046851,0.3364328754121386,0.3364328754121386,0.5877526775549149,FALSE,FALSE
2008-08-22,King_Haakon,5.015385186,0.2831881610269038,0.2831881610269038,0.5877526775549149,FALSE,FALSE
2008-08-23,King_Haakon,4.97400884,0.24008298317620547,0.24008298317620547,0.5877526775549149,FALSE,FALSE
2008-08-24,King_Haakon,4.955914885,0.22001202468102132,0.22001202468102132,0.5877526775549149,FALSE,FALSE
2008-08-25,King_Haakon,4.941715255,0.2034848303623269,0.2034848303623269,0.5877526775549149,FALSE,FALSE
2008-08-26,King_Haakon,4.910319749,0.16930881004110265,0.16930881004110265,0.5877526775549149,FALSE,FALSE
2008-08-27,King_Haakon,4.832120926,0.08777413353832841,0.08777413353832841,0.5877526775549149,FALSE,FALSE
2008-08-28,King_Haakon,4.795010492,0.04669147748735547,0.04669147748735547,0.5877526775549149,FALSE,FALSE
2008-08-29,King_Haakon,4.806079809,0.05320099296778569,0.05320099296778569,0.5877526775549149,FALSE,FALSE
2008-08-30,King_Haakon,4.823897712,0.06596908098500975,0.06596908098500975,0.5877526775549149,FALSE,FALSE
2008-08-31,King_Haakon,4.851250569,0.08787976303420475,0.08787976303420475,0.5877526775549149,FALSE,FALSE
2008-09-01,King_Haakon,4.863288292,0.094180604610548,0.094180604610548,0.5877526775549149,FALSE,FALSE
2008-09-02,King_Haakon,4.931536824,0.1564952022092232,0.1564952022092232,0.5877526775549149,FALSE,FALSE
2008-09-03,King_Haakon,4.982825348,0.20175039232540823,0.20175039232540823,0.5877526775549149,FALSE,FALSE
2008-09-04,King_Haakon,4.974789671,0.1876796354542849,0.1876796354542849,0.5877526775549149,FALSE,FALSE
2008-09-05,King_Haakon,4.945264217,0.15221500909102748,0.15221500909102748,0.5877526775549149,FALSE,FALSE
2008-09-06,King_Haakon,4.951851364,0.1530565447308243,0.1530565447308243,0.5877526775549149,FALSE,FALSE
2008-09-07,King_Haakon,4.942571457,0.13832224086884626,0.13832224086884626,0.5877526775549149,FALSE,FALSE
2008-09-08,King_Haakon,4.963751219,0.15443647400027416,0.15443647400027416,0.5877526775549149,FALSE,FALSE
2008-09-09,King_Haakon,5.047158873,0.23326468663106237,0.23326468663106237,0.5877526775549149,FALSE,FALSE
2008-09-10,King_Haakon,5.089205146,0.27127362595754434,0.27127362595754434,0.5877526775549149,FALSE,FALSE
2008-09-11,King_Haakon,5.119450959,0.2980056785730927,0.2980056785730927,0.5877526775549149,FALSE,FALSE
2008-09-12,King_Haakon,5.121276166,0.2968143141213666,0.2968143141213666,0.5877526775549149,FALSE,FALSE
2008-09-13,King_Haakon,5.115667054,0.2886594352460241,0.2886594352460241,0.5877526775549149,FALSE,FALSE
2008-09-14,King_Haakon,5.097156366,0.2680474005907145,0.2680474005907145,0.5877526775549149,FALSE,FALSE
2008-09-15,King_Haakon,5.070112652,0.23932037579909424,0.23932037579909424,0.5877526775549149,FALSE,FALSE
2008-09-16,King_Haakon,5.052109396,0.2200254605148233,0.2200254605148233,0.5877526775549149,FALSE,FALSE
2008-09-17,King_Haakon,5.05418725,0.2211769223815496,0.2211769223815496,0.5877526775549149,FALSE,FALSE
2008-09-18,King_Haakon,5.022077543,0.18847970604293177,0.18847970604293177,0.5877526775549149,FALSE,FALSE
2008-09-19,King_Haakon,5.03936595,0.2054931021426221,0.2054931021426221,0.5877526775549149,FALSE,FALSE
2008-09-20,King_Haakon,5.11736771,0.28350596532428085,0.28350596532428085,0.5877526775549149,FALSE,FALSE
2008-09-21,King_Haakon,5.164292261,0.3307013492315578,0.3307013492315578,0.5877526775549149,FALSE,FALSE
2008-09-22,King_Haakon,5.138105029,0.3050180913230127,0.3050180913230127,0.5877526775549149,FALSE,FALSE
2008-09-23,King_Haakon,5.113228338,0.28084974102602445,0.28084974102602445,0.5877526775549149,FALSE,FALSE
2008-09-24,King_Haakon,5.123606576,0.2921105856878512,0.2921105856878512,0.5877526775549149,FALSE,FALSE
2008-09-25,King_Haakon,5.129624532,0.2991552950493972,0.2991552950493972,0.5877526775549149,FALSE,FALSE
2008-09-26,King_Haakon,5.136903577,0.30757512085154914,0.30757512085154914,0.5877526775549149,FALSE,FALSE
2008-09-27,King_Haakon,5.134304006,0.30620023883520897,0.30620023883520897,0.5877526775549149,FALSE,FALSE
2008-09-28,King_Haakon,5.133366562,0.3065412727412671,0.3065412727412671,0.5877526775549149,FALSE,FALSE
2008-09-29,King_Haakon,5.135388817,0.30986567531062104,0.30986567531062104,0.5877526775549149,FALSE,FALSE
2008-09-30,King_Haakon,5.091271964,0.26704452028416625,0.26704452028416625,0.5877526775549149,FALSE,FALSE
2008-10-01,King_Haakon,5.062340089,0.239371774402799,0.239371774402799,0.5877526775549149,FALSE,FALSE
2008-10-02,King_Haakon,4.993545891,0.17177001740741105,0.17177001740741105,0.5877526775549149,FALSE,FALSE
2008-10-03,King_Haakon,4.950077651,0.12939741103890157,0.12939741103890157,0.5877526775549149,FALSE,FALSE
2008-10-04,King_Haakon,4.940640095,0.1209285803219986,0.1209285803219986,0.5877526775549149,FALSE,FALSE
2008-10-05,King_Haakon,4.932620858,0.11374317594693471,0.11374317594693471,0.5877526775549149,FALSE,FALSE
2008-10-06,King_Haakon,4.918926046,0.10080437686579558,0.10080437686579558,0.5877526775549149,FALSE,FALSE
2008-10-07,King_Haakon,4.921203356,0.10382885512842677,0.10382885512842677,0.5877526775549149,FALSE,FALSE
2008-10-08,King_Haakon,4.929110883,0.11254368078467536,0.11254368078467536,0.5877526775549149,FALSE,FALSE
2008-10-09,King_Haakon,4.934567315,0.11893651688439456,0.11893651688439456,0.5877526775549149,FALSE,FALSE
2008-10-10,King_Haakon,4.916754665,0.10225835147742313,0.10225835147742313,0.5877526775549149,FALSE,FALSE
2008-10-11,King_Haakon,4.936412026,0.12331725261361191,0.12331725261361191,0.5877526775549149,FALSE,FALSE
2008-10-12,King_Haakon,4.968150637,0.15679343434280923,0.15679343434280923,0.5877526775549149,FALSE,FALSE
2008-10-13,King_Haakon,4.981325976,0.17211134971486164,0.17211134971486164,0.5877526775549149,FALSE,FALSE
2008-10-14,King_Haakon,4.996930511,0.19033244177961703,0.19033244177961703,0.5877526775549149,FALSE,FALSE
2008-10-15,King_Haakon,4.978637928,0.17519937158691956,0.17519937158691956,0.5877526775549149,FALSE,FALSE
2008-10-16,King_Haakon,4.991594159,0.1919270461866187,0.1919270461866187,0.5877526775549149,FALSE,FALSE
2008-10-17,King_Haakon,4.996877259,0.20165976057884016,0.20165976057884016,0.5877526775549149,FALSE,FALSE
2008-10-18,King_Haakon,4.982571233,0.1924896681179531,0.1924896681179531,0.5877526775549149,FALSE,FALSE
2008-10-19,King_Haakon,4.95673719,0.17243048965681762,0.17243048965681762,0.5877526775549149,FALSE,FALSE
2008-10-20,King_Haakon,4.958160619,0.18021810235156455,0.18021810235156455,0.5877526775549149,FALSE,FALSE
2008-10-21,King_Haakon,5.005442689,0.2344040633583262,0.2344040633583262,0.5877526775549149,FALSE,FALSE
2008-10-22,King_Haakon,5.009340232,0.24569559283323272,0.24569559283323272,0.5877526775549149,FALSE,FALSE
2008-10-23,King_Haakon,5.020914949,0.2651047799324191,0.2651047799324191,0.5877526775549149,FALSE,FALSE
2008-10-24,King_Haakon,5.036507097,0.28892226981202107,0.28892226981202107,0.5877526775549149,FALSE,FALSE
2008-10-25,King_Haakon,5.048038383,0.3090201576281659,0.3090201576281659,0.5877526775549149,FALSE,FALSE
2008-10-26,King_Haakon,5.034993023,0.30483304753698715,0.30483304753698715,0.5877526775549149,FALSE,FALSE
2008-10-27,King_Haakon,5.021577302,0.3005176126946161,0.3005176126946161,0.5877526775549149,FALSE,FALSE
2008-10-28,King_Haakon,5.050652955,0.33888597625718475,0.33888597625718475,0.5877526775549149,FALSE,FALSE
2008-10-29,King_Haakon,5.071318252,0.3689867963808302,0.3689867963808302,0.5877526775549149,FALSE,FALSE
2008-10-30,King_Haakon,5.087779825,0.39499125429509174,0.39499125429509174,0.5877526775549149,FALSE,FALSE
2008-10-31,King_Haakon,5.143842886,0.4607388151077991,0.4607388151077991,0.5877526775549149,FALSE,FALSE
2008-11-01,King_Haakon,5.089152122,0.4159298292495821,0.4159298292495821,0.5877526775549149,FALSE,FALSE
2008-11-02,King_Haakon,5.092357314,0.4292697469067299,0.4292697469067299,0.5877526775549149,FALSE,FALSE
2008-11-03,King_Haakon,5.05982326,0.40717903526552135,0.40717903526552135,0.5877526775549149,FALSE,FALSE
2008-11-04,King_Haakon,5.0078851,0.3660485035122481,0.3660485035122481,0.5877526775549149,FALSE,FALSE
2008-11-05,King_Haakon,4.960968346,0.3303593328331891,0.3303593328331891,0.5877526775549149,FALSE,FALSE
2008-11-06,King_Haakon,4.951823643,0.33291783741463465,0.33291783741463465,0.5877526775549149,FALSE,FALSE
2008-11-07,King_Haakon,4.974364733,0.3676934284428688,0.3676934284428688,0.5877526775549149,FALSE,FALSE
2008-11-08,King_Haakon,4.975384293,0.3815344521041784,0.3815344521041784,0.5877526775549149,FALSE,FALSE
2008-11-09,King_Haakon,4.981936446,0.40155070058484554,0.40155070058484554,0.5877526775549149,FALSE,FALSE
2008-11-10,King_Haakon,4.950129015,0.3839056660711559,0.3839056660711559,0.5877526775549149,FALSE,FALSE
2008-11-11,King_Haakon,4.943921659,0.3926149778344321,0.3926149778344321,0.5877526775549149,FALSE,FALSE
2008-11-12,King_Haakon,4.935996918,0.40043380186906585,0.40043380186906585,0.5877526775549149,FALSE,FALSE
2008-11-13,King_Haakon,4.913981327,0.3950863361966377,0.3950863361966377,0.5877526775549149,FALSE,FALSE
2008-11-14,King_Haakon,4.904126803,0.4029242259809953,0.4029242259809953,0.5877526775549149,FALSE,FALSE
2008-11-15,King_Haakon,4.868900199,0.3865140523859836,0.3865140523859836,0.5877526775549149,FALSE,FALSE
2008-11-16,King_Haakon,4.829635614,0.36728964257544394,0.36728964257544394,0.5877526775549149,FALSE,FALSE
2008-11-17,King_Haakon,4.790525943,0.3495436197132218,0.3495436197132218,0.5877526775549149,FALSE,FALSE
2008-11-18,King_Haakon,4.775601087,0.3574056129631611,0.3574056129631611,0.5877526775549149,FALSE,FALSE
2008-11-19,King_Haakon,4.754071048,0.3601853524891041,0.3601853524891041,0.5877526775549149,FALSE,FALSE
2008-11-20,King_Haakon,4.7360799,0.3681266404548973,0.3681266404548973,0.5877526775549149,FALSE,FALSE
2008-11-21,King_Haakon,4.725603113,0.3853046750243827,0.3853046750243827,0.5877526775549149,FALSE,FALSE
2008-11-22,King_Haakon,4.682905392,0.37208388936140935,0.37208388936140935,0.5877526775549149,FALSE,FALSE
2008-11-23,King_Haakon,4.654367853,0.3749451276298128,0.3749451276298128,0.5877526775549149,FALSE,FALSE
2008-11-24,King_Haakon,4.625366287,0.3793465613481049,0.3793465613481049,0.5877526775549149,FALSE,FALSE
2008-11-25,King_Haakon,4.516366416,0.305689569557015,0.305689569557015,0.5877526775549149,FALSE,FALSE
2008-11-26,King_Haakon,4.501289914,0.32775770692880446,0.32775770692880446,0.5877526775549149,FALSE,FALSE
2008-11-27,King_Haakon,4.529023213,0.3942987273225915,0.3942987273225915,0.5877526775549149,FALSE,FALSE
2008-11-28,King_Haakon,4.526310811,0.4319184505974958,0.4319184505974958,0.5877526775549149,FALSE,FALSE
2008-11-29,King_Haakon,4.507467392,0.4547928826126384,0.4547928826126384,0.5877526775549149,FALSE,FALSE
2008-11-30,King_Haakon,4.488179252,0.4784696412271341,0.4784696412271341,0.5877526775549149,FALSE,FALSE
2008-12-01,King_Haakon,4.443250342,0.4776139993001056,0.4776139993001056,0.5877526775549149,FALSE,FALSE
2008-12-02,King_Haakon,4.368408004,0.44781462069067146,0.44781462069067146,0.5877526775549149,FALSE,FALSE
2008-12-03,King_Haakon,4.268329467,0.3936100562579483,0.3936100562579483,0.5877526775549149,FALSE,FALSE
2008-12-04,King_Haakon,4.237533683,0.4093805798610566,0.4093805798610566,0.5877526775549149,FALSE,FALSE
2008-12-05,King_Haakon,4.208331333,0.4272981943591158,0.4272981943591158,0.5877526775549149,FALSE,FALSE
2008-12-06,King_Haakon,4.155305342,0.42180730776128206,0.42180730776128206,0.5877526775549149,FALSE,FALSE
2008-12-07,King_Haakon,4.094061176,0.4084248952050915,0.4084248952050915,0.5877526775549149,FALSE,FALSE
2008-12-08,King_Haakon,3.998270188,0.3608544634812043,0.3608544634812043,0.5877526775549149,FALSE,FALSE
2008-12-09,King_Haakon,3.951668298,0.36288190828521394,0.36288190828521394,0.5877526775549149,FALSE,FALSE
2008-12-10,King_Haakon,3.893314031,0.35361573031270455,0.35361573031270455,0.5877526775549149,FALSE,FALSE
2008-12-11,King_Haakon,3.811469253,0.3213677712592644,0.3213677712592644,0.5877526775549149,FALSE,FALSE
2008-12-12,King_Haakon,3.758551059,0.31860510182048296,0.31860510182048296,0.5877526775549149,FALSE,FALSE
2008-12-13,King_Haakon,3.70202907,0.31284731869194626,0.31284731869194626,0.5877526775549149,FALSE,FALSE
2008-12-14,King_Haakon,3.6649976,0.32723871156924345,0.32723871156924345,0.5877526775549149,FALSE,FALSE
2008-12-15,King_Haakon,3.626370813,0.34074342014796244,0.34074342014796244,0.5877526775549149,FALSE,FALSE
2008-12-16,King_Haakon,3.595815621,0.363078332123691,0.363078332123691,0.5877526775549149,FALSE,FALSE
2008-12-17,King_Haakon,3.578847487,0.3998088861920186,0.3998088861920186,0.5877526775549149,FALSE,FALSE
2008-12-18,King_Haakon,3.54194203,0.41746067704853074,0.41746067704853074,0.5877526775549149,FALSE,FALSE
2008-12-19,King_Haakon,3.42684908,0.35782911535394746,0.35782911535394746,0.5877526775549149,FALSE,FALSE
2008-12-20,King_Haakon,3.413277071,0.4005987217960487,0.4005987217960487,0.5877526775549149,FALSE,FALSE
2008-12-21,King_Haakon,3.375354505,0.4198186135142077,0.4198186135142077,0.5877526775549149,FALSE,FALSE
2008-12-22,King_Haakon,3.315504319,0.4178307968264447,0.4178307968264447,0.5877526775549149,FALSE,FALSE
2008-12-23,King_Haakon,3.272772942,0.4336007700507811,0.4336007700507811,0.5877526775549149,FALSE,FALSE
2008-12-24,King_Haakon,3.242454699,0.4623419275052467,0.4623419275052467,0.5877526775549149,FALSE,FALSE
2008-12-25,King_Haakon,3.234515401,0.5139391495078631,0.5139391495078631,0.5877526775549149,FALSE,FALSE
2008-12-26,King_Haakon,3.206124411,0.5454808683766519,0.5454808683766519,0.5877526775549149,FALSE,FALSE
2008-12-27,King_Haakon,3.123940833,0.5235452574296344,0.5235452574296344,0.5877526775549149,FALSE,FALSE
2008-12-28,King_Haakon,3.090059203,0.5501459219848437,0.5501459219848437,0.5877526775549149,FALSE,FALSE
2008-12-29,King_Haakon,3.040192734,0.560915144360294,0.560915144360294,0.5877526775549149,FALSE,FALSE
2008-12-30,King_Haakon,2.998728454,0.5801590218740165,0.5801590218740165,0.5877526775549149,FALSE,FALSE
2008-12-31,King_Haakon,2.939334154,0.581464414844028,0.581464414844028,0.5877526775549149,FALSE,FALSE
2009-01-01,King_Haakon,2.912117611,0.5542478718440269,0.5542478718440269,0.5877526775549149,FALSE,FALSE
2009-01-02,King_Haakon,2.873798052,0.5765356126180845,0.5765356126180845,0.5877526775549149,FALSE,FALSE
2009-01-03,King_Haakon,2.834417479,0.5975740256628441,0.5975740256628441,0.5877526775549149,TRUE,FALSE
2009-01-04,King_Haakon,2.768121669,0.5914099694746993,0.5914099694746993,0.5877526775549149,TRUE,FALSE
2009-01-05,King_Haakon,2.693779358,0.5768132615500341,0.5768132615500341,0.5877526775549149,FALSE,FALSE
2009-01-06,King_Haakon,2.637429074,0.5797235113852452,0.5797235113852452,0.5877526775549149,FALSE,FALSE
2009-01-07,King_Haakon,2.571948892,0.572919875476716,0.572919875476716,0.5877526775549149,FALSE,FALSE
2009-01-08,King_Haakon,2.530569742,0.5895343653208334,0.5895343653208334,0.5877526775549149,TRUE,TRUE
2009-01-09,King_Haakon,2.488309609,0.6044860474139924,0.6044860474139924,0.5877526775549149,TRUE,TRUE
2009-01-10,King_Haakon,2.441979906,0.6144874162525766,0.6144874162525766,0.5877526775549149,TRUE,TRUE
2009-01-11,King_Haakon,2.398116127,0.6259750473329779,0.6259750473329779,0.5877526775549149,TRUE,TRUE
2009-01-12,King_Haakon,2.350700747,0.6328324971515848,0.6328324971515848,0.5877526775549149,TRUE,TRUE
2009-01-13,King_Haakon,2.2712017,0.6064287812047853,0.6064287812047853,0.5877526775549149,TRUE,TRUE
2009-01-14,King_Haakon,2.181900425,0.568947190097898,0.568947190097898,0.5877526775549149,FALSE,FALSE
2009-01-15,King_Haakon,2.131683025,0.5692033136704164,0.5692033136704164,0.5877526775549149,FALSE,FALSE
2009-01-16,King_Haakon,2.053058081,0.5396698407931553,0.5396698407931553,0.5877526775549149,FALSE,FALSE
2009-01-17,King_Haakon,1.958547571,0.4928350468885385,0.4928350468885385,0.5877526775549149,FALSE,FALSE
2009-01-18,King_Haakon,1.899279339,0.4797930733789886,0.4797930733789886,0.5877526775549149,FALSE,FALSE
2009-01-19,King_Haakon,1.808430742,0.4336875746869262,0.4336875746869262,0.5877526775549149,FALSE,FALSE
2009-01-20,King_Haakon,1.580216556,0.24869962423477476,0.24869962423477476,0.5877526775549149,FALSE,FALSE
2009-01-21,King_Haakon,1.576993593,0.287152331444956,0.287152331444956,0.5877526775549149,FALSE,FALSE
2009-01-22,King_Haakon,1.568417668,0.31866780873989264,0.31866780873989264,0.5877526775549149,FALSE,FALSE
2009-01-23,King_Haakon,1.505564469,0.2942880415420073,0.2942880415420073,0.5877526775549149,FALSE,FALSE
2009-01-24,King_Haakon,1.436882412,0.26242774327371965,0.26242774327371965,0.5877526775549149,FALSE,FALSE
2009-01-25,King_Haakon,1.335771098,0.19645281235745385,0.19645281235745385,0.5877526775549149,FALSE,FALSE
2009-01-26,King_Haakon,1.316144656,0.2102436752156331,0.2102436752156331,0.5877526775549149,FALSE,FALSE
2009-01-27,King_Haakon,1.283058915,0.2088312573502169,0.2088312573502169,0.5877526775549149,FALSE,FALSE
2009-01-28,King_Haakon,1.239528949,0.1952652942705766,0.1952652942705766,0.5877526775549149,FALSE,FALSE
2009-01-29,King_Haakon,1.164053908,0.14810429652271728,0.14810429652271728,0.5877526775549149,FALSE,FALSE
2009-01-30,King_Haakon,1.12594213,0.1367160422160809,0.1367160422160809,0.5877526775549149,FALSE,FALSE
2009-01-31,King_Haakon,1.089211783,0.12517813946010814,0.12517813946010814,0.5877526775549149,FALSE,FALSE
2009-02-01,King_Haakon,1.074280151,0.1339673123642423,0.1339673123642423,0.5877526775549149,FALSE,FALSE
2009-02-02,King_Haakon,1.028268469,0.11026423603792423,0.11026423603792423,0.5877526775549149,FALSE,FALSE
2009-02-03,King_Haakon,0.983334333,0.0862859465905963,0.0862859465905963,0.5877526775549149,FALSE,FALSE
2009-02-04,King_Haakon,0.93745202,0.06006616113169993,0.06006616113169993,0.5877526775549149,FALSE,FALSE
2009-02-05,King_Haakon,0.91711019,0.05815297977067624,0.05815297977067624,0.5877526775549149,FALSE,FALSE
2009-02-06,King_Haakon,0.891894168,0.0501911676169694,0.0501911676169694,0.5877526775549149,FALSE,FALSE
2009-02-07,King_Haakon,0.88308932,0.05752553078001865,0.05752553078001865,0.5877526775549149,FALSE,FALSE
2009-02-08,King_Haakon,0.83226527,0.02178474195447421,0.02178474195447421,0.5877526775549149,FALSE,FALSE
2009-02-09,King_Haakon,0.779701415,-0.0167444290468165,0.0167444290468165,0.5877526775549149,FALSE,FALSE
2009-02-10,King_Haakon,0.743867034,-0.03968810132875433,0.03968810132875433,0.5877526775549149,FALSE,FALSE
2009-02-11,King_Haakon,0.739646888,-0.032269062972065,0.032269062972065,0.5877526775549149,FALSE,FALSE
2009-02-12,King_Haakon,0.754423954,-0.00721188605748002,0.00721188605748002,0.5877526775549149,FALSE,FALSE
2009-02-13,King_Haakon,0.732466947,-0.02035540466572816,0.02035540466572816,0.5877526775549149,FALSE,FALSE
2009-02-14,King_Haakon,0.690407689,-0.05517534587753547,0.05517534587753547,0.5877526775549149,FALSE,FALSE
2009-02-15,King_Haakon,0.660105329,-0.07992010977363284,0.07992010977363284,0.5877526775549149,FALSE,FALSE
2009-02-16,King_Haakon,0.646997395,-0.08925971743474737,0.08925971743474737,0.5877526775549149,FALSE,FALSE
2009-02-17,King_Haakon,0.619889451,-0.11449615394160884,0.11449615394160884,0.5877526775549149,FALSE,FALSE
2009-02-18,King_Haakon,0.577064605,-0.1574538603749457,0.1574538603749457,0.5877526775549149,FALSE,FALSE
2009-02-19,King_Haakon,0.577585648,-0.15917759481548557,0.15917759481548557,0.5877526775549149,FALSE,FALSE
2009-02-20,King_Haakon,0.584823407,-0.1564040793439584,0.1564040793439584,0.5877526775549149,FALSE,FALSE
2009-02-21,King_Haakon,0.601124321,-0.1468839961558226,0.1468839961558226,0.5877526775549149,FALSE,FALSE
2009-02-22,King_Haakon,0.648146332,-0.10893010059068252,0.10893010059068252,0.5877526775549149,FALSE,FALSE
2009-02-23,King_Haakon,0.673496691,-0.09482173632227976,0.09482173632227976,0.5877526775549149,FALSE,FALSE
2009-02-24,King_Haakon,0.715297791,-0.06632158470283911,0.06632158470283911,0.5877526775549149,FALSE,FALSE
2009-02-25,King_Haakon,0.769191152,-0.02767320008458951,0.02767320008458951,0.5877526775549149,FALSE,FALSE
2009-02-26,King_Haakon,0.795590858,-0.01834757281975774,0.01834757281975774,0.5877526775549149,FALSE,FALSE
2009-02-27,King_Haakon,0.837700745,0.00497405873942913,0.00497405873942913,0.5877526775549149,FALSE,FALSE
2009-02-28,King_Haakon,0.922448531,0.06933433824074298,0.06933433824074298,0.5877526775549149,FALSE,FALSE
2009-03-01,King_Haakon,0.994350015,0.119363990331958,0.119363990331958,0.5877526775549149,FALSE,FALSE
2009-03-02,King_Haakon,1.011016361,0.11278910466084546,0.11278910466084546,0.5877526775549149,FALSE,FALSE
2009-03-03,King_Haakon,1.043051633,0.12032867087517995,0.12032867087517995,0.5877526775549149,FALSE,FALSE
2009-03-04,King_Haakon,1.089899823,0.14154160662273318,0.14154160662273318,0.5877526775549149,FALSE,FALSE
2009-03-05,King_Haakon,1.125261351,0.15024325356883672,0.15024325356883672,0.5877526775549149,FALSE,FALSE
2009-03-06,King_Haakon,1.163715296,0.16111279819775182,0.16111279819775182,0.5877526775549149,FALSE,FALSE
2009-03-07,King_Haakon,1.193308718,0.16224917864735078,0.16224917864735078,0.5877526775549149,FALSE,FALSE
2009-03-08,King_Haakon,1.193937012,0.1335898697583211,0.1335898697583211,0.5877526775549149,FALSE,FALSE
2009-03-09,King_Haakon,1.205858805,0.11543557837134566,0.11543557837134566,0.5877526775549149,FALSE,FALSE
2009-03-10,King_Haakon,1.173887068,0.05264135532710878,0.05264135532710878,0.5877526775549149,FALSE,FALSE
2009-03-11,King_Haakon,1.181725166,0.02895264546629805,0.02895264546629805,0.5877526775549149,FALSE,FALSE
2009-03-12,King_Haakon,1.300391295,0.11542972462959744,0.11542972462959744,0.5877526775549149,FALSE,FALSE
2009-03-13,King_Haakon,1.41832672,0.20055593765769195,0.20055593765769195,0.5877526775549149,FALSE,FALSE
2009-03-14,King_Haakon,1.51340433,0.2622462533912657,0.2622462533912657,0.5877526775549149,FALSE,FALSE
2009-03-15,King_Haakon,1.586996017,0.30191464367100496,0.30191464367100496,0.5877526775549149,FALSE,FALSE
2009-03-16,King_Haakon,1.634455259,0.31495666633759356,0.31495666633759356,0.5877526775549149,FALSE,FALSE
2009-03-17,King_Haakon,1.732200572,0.37783291723171786,0.37783291723171786,0.5877526775549149,FALSE,FALSE
2009-03-18,King_Haakon,1.886929591,0.49728326310716775,0.49728326310716775,0.5877526775549149,FALSE,FALSE
2009-03-19,King_Haakon,2.016909619,0.5916210327253848,0.5916210327253848,0.5877526775549149,TRUE,TRUE
2009-03-20,King_Haakon,2.073504798,0.6122603624115954,0.6122603624115954,0.5877526775549149,TRUE,TRUE
2009-03-21,King_Haakon,2.08871082,0.5912471253374991,0.5912471253374991,0.5877526775549149,TRUE,TRUE
2009-03-22,King_Haakon,2.138325629,0.6044294466747979,0.6044294466747979,0.5877526775549149,TRUE,TRUE
2009-03-23,King_Haakon,2.201530704,0.6310389865951942,0.6310389865951942,0.5877526775549149,TRUE,TRUE
2009-03-24,King_Haakon,2.229087136,0.6218870172703863,0.6218870172703863,0.5877526775549149,TRUE,TRUE
2009-03-25,King_Haakon,2.244540832,0.6005696268720793,0.6005696268720793,0.5877526775549149,TRUE,TRUE
2009-03-26,King_Haakon,2.26924187,0.5884870745719688,0.5884870745719688,0.5877526775549149,TRUE,TRUE
2009-03-27,King_Haakon,2.308201753,0.5907010445417593,0.5907010445417593,0.5877526775549149,TRUE,TRUE
2009-03-28,King_Haakon,2.338561658,0.5844028949531499,0.5844028949531499,0.5877526775549149,FALSE,FALSE
2009-03-29,King_Haakon,2.374906177,0.5842273989778444,0.5842273989778444,0.5877526775549149,FALSE,FALSE
2009-03-30,King_Haakon,2.448868743,0.6218581707875415,0.6218581707875415,0.5877526775549149,TRUE,TRUE
2009-03-31,King_Haakon,2.484326187,0.6212136413987934,0.6212136413987934,0.5877526775549149,TRUE,TRUE
2009-04-01,King_Haakon,2.506349368,0.6073593649489795,0.6073593649489795,0.5877526775549149,TRUE,TRUE
2009-04-02,King_Haakon,2.53824976,0.6035855649378414,0.6035855649378414,0.5877526775549149,TRUE,TRUE
2009-04-03,King_Haakon,2.571639151,0.6014827656828683,0.6014827656828683,0.5877526775549149,TRUE,TRUE
2009-04-04,King_Haakon,2.604473795,0.5989859575015544,0.5989859575015544,0.5877526775549149,TRUE,TRUE
2009-04-05,King_Haakon,2.615485832,0.5748060167113893,0.5748060167113893,0.5877526775549149,FALSE,FALSE
2009-04-06,King_Haakon,2.633496697,0.5577431146298624,0.5577431146298624,0.5877526775549149,FALSE,FALSE
2009-04-07,King_Haakon,2.679329669,0.5685992665744699,0.5685992665744699,0.5877526775549149,FALSE,FALSE
2009-04-08,King_Haakon,2.719996293,0.5743647538627008,0.5743647538627008,0.5877526775549149,FALSE,FALSE
2009-04-09,King_Haakon,2.791234813,0.6107565568120483,0.6107565568120483,0.5877526775549149,TRUE,FALSE
2009-04-10,King_Haakon,2.841841744,0.6265499267399992,0.6265499267399992,0.5877526775549149,TRUE,FALSE
2009-04-11,King_Haakon,2.829233884,0.5791403979640508,0.5791403979640508,0.5877526775549149,FALSE,FALSE
2009-04-12,King_Haakon,2.825915029,0.5410106678479041,0.5410106678479041,0.5877526775549149,FALSE,FALSE
2009-04-13,King_Haakon,2.846524773,0.526790994637405,0.526790994637405,0.5877526775549149,FALSE,FALSE
2009-04-14,King_Haakon,2.89263071,0.5380590275840906,0.5380590275840906,0.5877526775549149,FALSE,FALSE
2009-04-15,King_Haakon,2.923610921,0.5342047141462385,0.5342047141462385,0.5877526775549149,FALSE,FALSE
2009-04-16,King_Haakon,2.937269631,0.5130441457821235,0.5130441457821235,0.5877526775549149,FALSE,FALSE
2009-04-17,King_Haakon,2.934601269,0.475583617950019,0.475583617950019,0.5877526775549149,FALSE,FALSE
2009-04-18,King_Haakon,2.973057907,0.4792870691082034,0.4792870691082034,0.5877526775549149,FALSE,FALSE
2009-04-19,King_Haakon,2.997587353,0.469114173714952,0.469114173714952,0.5877526775549149,FALSE,FALSE
2009-04-20,King_Haakon,3.019190757,0.456077948228538,0.456077948228538,0.5877526775549149,FALSE,FALSE
2009-04-21,King_Haakon,3.043572241,0.445894381107236,0.445894381107236,0.5877526775549149,FALSE,FALSE
2009-04-22,King_Haakon,3.062776363,0.4306198968093229,0.4306198968093229,0.5877526775549149,FALSE,FALSE
2009-04-23,King_Haakon,3.09846093,0.43192416879307327,0.43192416879307327,0.5877526775549149,FALSE,FALSE
2009-04-24,King_Haakon,3.114767134,0.4139602555167641,0.4139602555167641,0.5877526775549149,FALSE,FALSE
2009-04-25,King_Haakon,3.16320535,0.4282523271668772,0.4282523271668772,0.5877526775549149,FALSE,FALSE
2009-04-26,King_Haakon,3.175116702,0.40617362095366394,0.40617362095366394,0.5877526775549149,FALSE,FALSE
2009-04-27,King_Haakon,3.214335731,0.4116009137344472,0.4116009137344472,0.5877526775549149,FALSE,FALSE
2009-04-28,King_Haakon,3.282984204,0.4466983149974548,0.4466983149974548,0.5877526775549149,FALSE,FALSE
2009-04-29,King_Haakon,3.322695951,0.4531419972309201,0.4531419972309201,0.5877526775549149,FALSE,FALSE
2009-04-30,King_Haakon,3.379936639,0.4774399699230645,0.4774399699230645,0.5877526775549149,FALSE,FALSE
2009-05-01,King_Haakon,3.444836603,0.5097649105621258,0.5097649105621258,0.5877526775549149,FALSE,FALSE
2009-05-02,King_Haakon,3.534582292,0.5673456106363264,0.5673456106363264,0.5877526775549149,FALSE,FALSE
2009-05-03,King_Haakon,3.568459967,0.5695106736338991,0.5695106736338991,0.5877526775549149,FALSE,FALSE
2009-05-04,King_Haakon,3.577808583,0.5476413970430722,0.5476413970430722,0.5877526775549149,FALSE,FALSE
2009-05-05,King_Haakon,3.597835776,0.5369877593520758,0.5369877593520758,0.5877526775549149,FALSE,FALSE
2009-05-06,King_Haakon,3.59827227,0.5073228270491352,0.5073228270491352,0.5877526775549149,FALSE,FALSE
2009-05-07,King_Haakon,3.602949456,0.48252031244807014,0.48252031244807014,0.5877526775549149,FALSE,FALSE
2009-05-08,King_Haakon,3.603744525,0.4544879227955949,0.4544879227955949,0.5877526775549149,FALSE,FALSE
2009-05-09,King_Haakon,3.612938654,0.4355059324770716,0.4355059324770716,0.5877526775549149,FALSE,FALSE
2009-05-10,King_Haakon,3.62375252,0.41878894634300456,0.41878894634300456,0.5877526775549149,FALSE,FALSE
2009-05-11,King_Haakon,3.684432661,0.4525774302438932,0.4525774302438932,0.5877526775549149,FALSE,FALSE
2009-05-12,King_Haakon,3.74727043,0.4891566650302423,0.4891566650302423,0.5877526775549149,FALSE,FALSE
2009-05-13,King_Haakon,3.79731795,0.5135727015525533,0.5135727015525533,0.5877526775549149,FALSE,FALSE
2009-05-14,King_Haakon,3.783758845,0.47500309166132615,0.47500309166132615,0.5877526775549149,FALSE,FALSE
2009-05-15,King_Haakon,3.781058968,0.44790761620706654,0.44790761620706654,0.5877526775549149,FALSE,FALSE
2009-05-16,King_Haakon,3.776434266,0.41949615004027185,0.41949615004027185,0.5877526775549149,FALSE,FALSE
2009-05-17,King_Haakon,3.788801831,0.4086797130114497,0.4086797130114497,0.5877526775549149,FALSE,FALSE
2009-05-18,King_Haakon,3.802870227,0.4001607969710972,0.4001607969710972,0.5877526775549149,FALSE,FALSE
2009-05-19,King_Haakon,3.806989083,0.38228295876971874,0.38228295876971874,0.5877526775549149,FALSE,FALSE
2009-05-20,King_Haakon,3.796177151,0.35005730011775826,0.35005730011775826,0.5877526775549149,FALSE,FALSE
2009-05-21,King_Haakon,3.790018009,0.3230309519078216,0.3230309519078216,0.5877526775549149,FALSE,FALSE
2009-05-22,King_Haakon,3.786995488,0.2996261387196073,0.2996261387196073,0.5877526775549149,FALSE,FALSE
2009-05-23,King_Haakon,3.840324314,0.33299513365486666,0.33299513365486666,0.5877526775549149,FALSE,FALSE
2009-05-24,King_Haakon,4.020519957,0.49359095381534734,0.49359095381534734,0.5877526775549149,FALSE,FALSE
2009-05-25,King_Haakon,4.130577092,0.5843458213027986,0.5843458213027986,0.5877526775549149,FALSE,FALSE
2009-05-26,King_Haakon,4.218042049,0.6527436132189677,0.6527436132189677,0.5877526775549149,TRUE,TRUE
2009-05-27,King_Haakon,4.26742158,0.6832286286656046,0.6832286286656046,0.5877526775549149,TRUE,TRUE
2009-05-28,King_Haakon,4.294369057,0.691391786744457,0.691391786744457,0.5877526775549149,TRUE,TRUE
2009-05-29,King_Haakon,4.320543593,0.6988297475572738,0.6988297475572738,0.5877526775549149,TRUE,TRUE
2009-05-30,King_Haakon,4.367430694,0.7269655642058059,0.7269655642058059,0.5877526775549149,TRUE,TRUE
2009-05-31,King_Haakon,4.407165061,0.7478714847917942,0.7478714847917942,0.5877526775549149,TRUE,TRUE
2009-06-01,King_Haakon,4.406603942,0.7283423044169965,0.7283423044169965,0.5877526775549149,TRUE,TRUE
2009-06-02,King_Haakon,4.394300262,0.6968823475358796,0.6968823475358796,0.5877526775549149,TRUE,TRUE
2009-06-03,King_Haakon,4.424704647,0.7079550923803475,0.7079550923803475,0.5877526775549149,TRUE,TRUE
2009-06-04,King_Haakon,4.464788665,0.7285619944462391,0.7285619944462391,0.5877526775549149,TRUE,TRUE
2009-06-05,King_Haakon,4.490258038,0.7344386638604243,0.7344386638604243,0.5877526775549149,TRUE,TRUE
2009-06-06,King_Haakon,4.496346203,0.7208484257497787,0.7208484257497787,0.5877526775549149,TRUE,TRUE
2009-06-07,King_Haakon,4.508472437,0.713240445241182,0.713240445241182,0.5877526775549149,TRUE,TRUE
2009-06-08,King_Haakon,4.515451234,0.7004591044614976,0.7004591044614976,0.5877526775549149,TRUE,TRUE
2009-06-09,King_Haakon,4.548185971,0.7134376685375998,0.7134376685375998,0.5877526775549149,TRUE,TRUE
2009-06-10,King_Haakon,4.535951488,0.681480865596364,0.681480865596364,0.5877526775549149,TRUE,TRUE
2009-06-11,King_Haakon,4.532145046,0.6580158447646629,0.6580158447646629,0.5877526775549149,TRUE,TRUE
2009-06-12,King_Haakon,4.516305631,0.6226114801693696,0.6226114801693696,0.5877526775549149,TRUE,TRUE
2009-06-13,King_Haakon,4.50145372,0.5883181369373536,0.5883181369373536,0.5877526775549149,TRUE,TRUE
2009-06-14,King_Haakon,4.512500379,0.5800766492447011,0.5800766492447011,0.5877526775549149,FALSE,FALSE
2009-06-15,King_Haakon,4.542911777,0.5913776663391821,0.5913776663391821,0.5877526775549149,TRUE,FALSE
2009-06-16,King_Haakon,4.53130176,0.5608522601944457,0.5608522601944457,0.5877526775549149,FALSE,FALSE
2009-06-17,King_Haakon,4.536271824,0.5471186271995907,0.5471186271995907,0.5877526775549149,FALSE,FALSE
2009-06-18,King_Haakon,4.559769751,0.5521412497437357,0.5521412497437357,0.5877526775549149,FALSE,FALSE
2009-06-19,King_Haakon,4.554531386,0.5286726732159845,0.5286726732159845,0.5877526775549149,FALSE,FALSE
2009-06-20,King_Haakon,4.587262442,0.5434353110054548,0.5434353110054548,0.5877526775549149,FALSE,FALSE
2009-06-21,King_Haakon,4.614401028,0.5528839725012489,0.5528839725012489,0.5877526775549149,FALSE,FALSE
2009-06-22,King_Haakon,4.642358935,0.5634471490924806,0.5634471490924806,0.5877526775549149,FALSE,FALSE
2009-06-23,King_Haakon,4.663827955,0.5678333331682586,0.5678333331682586,0.5877526775549149,FALSE,FALSE
2009-06-24,King_Haakon,4.692273927,0.5795250641176937,0.5795250641176937,0.5877526775549149,FALSE,FALSE
2009-06-25,King_Haakon,4.709301478,0.580143669329896,0.580143669329896,0.5877526775549149,FALSE,FALSE
2009-06-26,King_Haakon,4.729486677,0.5842819181939731,0.5842819181939731,0.5877526775549149,FALSE,FALSE
2009-06-27,King_Haakon,4.75203199,0.5911546396617791,0.5911546396617791,0.5877526775549149,TRUE,FALSE
2009-06-28,King_Haakon,4.742009173,0.5658131768175441,0.5658131768175441,0.5877526775549149,FALSE,FALSE
2009-06-29,King_Haakon,4.732358053,0.5411619671632106,0.5411619671632106,0.5877526775549149,FALSE,FALSE
2009-06-30,King_Haakon,4.731018048,0.5251049621984691,0.5251049621984691,0.5877526775549149,FALSE,FALSE
2009-07-01,King_Haakon,4.750584338,0.5302018754230104,0.5302018754230104,0.5877526775549149,FALSE,FALSE
2009-07-02,King_Haakon,4.738776954,0.5041372713365275,0.5041372713365275,0.5877526775549149,FALSE,FALSE
2009-07-03,King_Haakon,4.733655868,0.48493565543870343,0.48493565543870343,0.5877526775549149,FALSE,FALSE
2009-07-04,King_Haakon,4.759498587,0.4968390682292343,0.4968390682292343,0.5877526775549149,FALSE,FALSE
2009-07-05,King_Haakon,4.790724475,0.5142314072078085,0.5142314072078085,0.5877526775549149,FALSE,FALSE
2009-07-06,King_Haakon,4.793211028,0.5029547018741143,0.5029547018741143,0.5877526775549149,FALSE,FALSE
2009-07-07,King_Haakon,4.75777822,0.453793459727847,0.453793459727847,0.5877526775549149,FALSE,FALSE
2009-07-08,King_Haakon,4.742653021,0.4249391842686911,0.4249391842686911,0.5877526775549149,FALSE,FALSE
2009-07-09,King_Haakon,4.765221603,0.43374267219982254,0.43374267219982254,0.5877526775549149,FALSE,FALSE
2009-07-10,King_Haakon,4.847744439,0.5024467598793931,0.5024467598793931,0.5877526775549149,FALSE,FALSE
2009-07-11,King_Haakon,4.912257328,0.5531084302587077,0.5531084302587077,0.5877526775549149,FALSE,FALSE
2009-07-12,King_Haakon,4.922068356,0.5490620906629813,0.5490620906629813,0.5877526775549149,FALSE,FALSE
2009-07-13,King_Haakon,4.953316414,0.566472953417418,0.566472953417418,0.5877526775549149,FALSE,FALSE
2009-07-14,King_Haakon,4.950759608,0.5501254458472387,0.5501254458472387,0.5877526775549149,FALSE,FALSE
2009-07-15,King_Haakon,4.966099223,0.5517471742776481,0.5517471742776481,0.5877526775549149,FALSE,FALSE
2009-07-16,King_Haakon,4.984757103,0.556786304033861,0.556786304033861,0.5877526775549149,FALSE,FALSE
2009-07-17,King_Haakon,4.970319626,0.5288555344410906,0.5288555344410906,0.5877526775549149,FALSE,FALSE
2009-07-18,King_Haakon,4.966739407,0.5119338018245418,0.5119338018245418,0.5877526775549149,FALSE,FALSE
2009-07-19,King_Haakon,4.914472423,0.44650340450943293,0.44650340450943293,0.5877526775549149,FALSE,FALSE
2009-07-20,King_Haakon,4.859918721,0.3789907108209727,0.3789907108209727,0.5877526775549149,FALSE,FALSE
2009-07-21,King_Haakon,4.811407658,0.317751399084373,0.317751399084373,0.5877526775549149,FALSE,FALSE
2009-07-22,King_Haakon,4.794713441,0.2885849959155804,0.2885849959155804,0.5877526775549149,FALSE,FALSE
2009-07-23,King_Haakon,4.777441371,0.2591082960410853,0.2591082960410853,0.5877526775549149,FALSE,FALSE
2009-07-24,King_Haakon,4.764096661,0.23382792794786145,0.23382792794786145,0.5877526775549149,FALSE,FALSE
2009-07-25,King_Haakon,4.745311683,0.20337745050919853,0.20337745050919853,0.5877526775549149,FALSE,FALSE
2009-07-26,King_Haakon,4.737703252,0.1843748655983788,0.1843748655983788,0.5877526775549149,FALSE,FALSE
2009-07-27,King_Haakon,4.739407138,0.17495713008869096,0.17495713008869096,0.5877526775549149,FALSE,FALSE
2009-07-28,King_Haakon,4.773835798,0.19853788785342363,0.19853788785342363,0.5877526775549149,FALSE,FALSE
2009-07-29,King_Haakon,4.81744601,0.23157510376585755,0.23157510376585755,0.5877526775549149,FALSE,FALSE
2009-07-30,King_Haakon,4.860624488,0.26445667869928613,0.26445667869928613,0.5877526775549149,FALSE,FALSE
2009-07-31,King_Haakon,4.881319253,0.2751318205269895,0.2751318205269895,0.5877526775549149,FALSE,FALSE
2009-08-01,King_Haakon,4.889874611,0.27394602212225916,0.27394602212225916,0.5877526775549149,FALSE,FALSE
2009-08-02,King_Haakon,4.914906719,0.28951662735838024,0.28951662735838024,0.5877526775549149,FALSE,FALSE
2009-08-03,King_Haakon,4.926678838,0.2921080842823356,0.2921080842823356,0.5877526775549149,FALSE,FALSE
2009-08-04,King_Haakon,4.97581232,0.33234762109894955,0.33234762109894955,0.5877526775549149,FALSE,FALSE
2009-08-05,King_Haakon,5.028906308,0.3768571726166856,0.3768571726166856,0.5877526775549149,FALSE,FALSE
2009-08-06,King_Haakon,5.03944128,0.3791438216678964,0.3791438216678964,0.5877526775549149,FALSE,FALSE
2009-08-07,King_Haakon,5.034497947,0.3663148840849315,0.3663148840849315,0.5877526775549149,FALSE,FALSE
2009-08-08,King_Haakon,5.027417971,0.3517386267001452,0.3517386267001452,0.5877526775549149,FALSE,FALSE
2009-08-09,King_Haakon,5.034122961,0.3513632633458874,0.3513632633458874,0.5877526775549149,FALSE,FALSE
2009-08-10,King_Haakon,5.009089662,0.3196921438545104,0.3196921438545104,0.5877526775549149,FALSE,FALSE
2009-08-11,King_Haakon,4.973089344,0.2775231430583629,0.2775231430583629,0.5877526775549149,FALSE,FALSE
2009-08-12,King_Haakon,4.95948093,0.25824178878979875,0.25824178878979875,0.5877526775549149,FALSE,FALSE
2009-08-13,King_Haakon,4.968944339,0.2625546048811698,0.2625546048811698,0.5877526775549149,FALSE,FALSE
2009-08-14,King_Haakon,5.030620256,0.31962888116482713,0.31962888116482713,0.5877526775549149,FALSE,FALSE
2009-08-15,King_Haakon,5.042906663,0.32788920447312453,0.32788920447312453,0.5877526775549149,FALSE,FALSE
2009-08-16,King_Haakon,5.0538396,0.3353962829740418,0.3353962829740418,0.5877526775549149,FALSE,FALSE
2009-08-17,King_Haakon,5.004115878,0.2828140336221292,0.2828140336221292,0.5877526775549149,FALSE,FALSE
2009-08-18,King_Haakon,4.974375855,0.2506840358788818,0.2506840358788818,0.5877526775549149,FALSE,FALSE
2009-08-19,King_Haakon,4.949265021,0.22354939056528345,0.22354939056528345,0.5877526775549149,FALSE,FALSE
2009-08-20,King_Haakon,4.957664152,0.230188484502305,0.230188484502305,0.5877526775549149,FALSE,FALSE
2009-08-21,King_Haakon,4.926026415,0.19695209551093296,0.19695209551093296,0.5877526775549149,FALSE,FALSE
2009-08-22,King_Haakon,4.929808654,0.19919467841213925,0.19919467841213925,0.5877526775549149,FALSE,FALSE
2009-08-23,King_Haakon,4.908284727,0.17608770202690405,0.17608770202690405,0.5877526775549149,FALSE,FALSE
2009-08-24,King_Haakon,4.884210056,0.1502841991762054,0.1502841991762054,0.5877526775549149,FALSE,FALSE
2009-08-25,King_Haakon,4.864888365,0.12898550468102066,0.12898550468102066,0.5877526775549149,FALSE,FALSE
2009-08-26,King_Haakon,4.817915412,0.07968498736232643,0.07968498736232643,0.5877526775549149,FALSE,FALSE
2009-08-27,King_Haakon,4.77826007,0.0372491310411025,0.0372491310411025,0.5877526775549149,FALSE,FALSE
2009-08-28,King_Haakon,4.729305051,-0.01504174146167169,0.01504174146167169,0.5877526775549149,FALSE,FALSE
2009-08-29,King_Haakon,4.710174821,-0.03814419351264497,0.03814419351264497,0.5877526775549149,FALSE,FALSE
2009-08-30,King_Haakon,4.673109578,-0.07976923803221414,0.07976923803221414,0.5877526775549149,FALSE,FALSE
2009-08-31,King_Haakon,4.661121048,-0.09680758301499016,0.09680758301499016,0.5877526775549149,FALSE,FALSE
2009-09-01,King_Haakon,4.637597377,-0.1257734289657959,0.1257734289657959,0.5877526775549149,FALSE,FALSE
2009-09-02,King_Haakon,4.609289579,-0.15981810838945165,0.15981810838945165,0.5877526775549149,FALSE,FALSE
2009-09-03,King_Haakon,4.602245984,-0.1727956377907773,0.1727956377907773,0.5877526775549149,FALSE,FALSE
2009-09-04,King_Haakon,4.673004055,-0.10807090067459237,0.10807090067459237,0.5877526775549149,FALSE,FALSE
2009-09-05,King_Haakon,4.773761546,-0.01334848954571477,0.01334848954571477,0.5877526775549149,FALSE,FALSE
2009-09-06,King_Haakon,4.772459995,-0.02058921290897242,0.02058921290897242,0.5877526775549149,FALSE,FALSE
2009-09-07,King_Haakon,4.786738311,-0.01205650826917637,0.01205650826917637,0.5877526775549149,FALSE,FALSE
2009-09-08,King_Haakon,4.81559856,0.01134934386884634,0.01134934386884634,0.5877526775549149,FALSE,FALSE
2009-09-09,King_Haakon,4.933065877,0.1237511320002742,0.1237511320002742,0.5877526775549149,FALSE,FALSE
2009-09-10,King_Haakon,4.991985113,0.17809092663106263,0.17809092663106263,0.5877526775549149,FALSE,FALSE
2009-09-11,King_Haakon,5.023120229,0.20518870895754393,0.20518870895754393,0.5877526775549149,FALSE,FALSE
2009-09-12,King_Haakon,5.073559705,0.25211442457309285,0.25211442457309285,0.5877526775549149,FALSE,FALSE
2009-09-13,King_Haakon,5.156482833,0.33202098112136635,0.33202098112136635,0.5877526775549149,FALSE,FALSE
2009-09-14,King_Haakon,5.229878209,0.4028705902460237,0.4028705902460237,0.5877526775549149,FALSE,FALSE
2009-09-15,King_Haakon,5.256105395,0.4269964295907141,0.4269964295907141,0.5877526775549149,FALSE,FALSE
2009-09-16,King_Haakon,5.249736178,0.4189439017990946,0.4189439017990946,0.5877526775549149,FALSE,FALSE
2009-09-17,King_Haakon,5.246543041,0.41445910551482346,0.41445910551482346,0.5877526775549149,FALSE,FALSE
2009-09-18,King_Haakon,5.23140126,0.39839093238154977,0.39839093238154977,0.5877526775549149,FALSE,FALSE
2009-09-19,King_Haakon,5.200693609,0.36709577204293176,0.36709577204293176,0.5877526775549149,FALSE,FALSE
2009-09-20,King_Haakon,5.20036339,0.3664905421426221,0.3664905421426221,0.5877526775549149,FALSE,FALSE
2009-09-21,King_Haakon,5.218550766,0.3846890213242808,0.3846890213242808,0.5877526775549149,FALSE,FALSE
2009-09-22,King_Haakon,5.223769362,0.3901784502315575,0.3901784502315575,0.5877526775549149,FALSE,FALSE
2009-09-23,King_Haakon,5.217920173,0.38483323532301306,0.38483323532301306,0.5877526775549149,FALSE,FALSE
2009-09-24,King_Haakon,5.217005936,0.3846273390260242,0.3846273390260242,0.5877526775549149,FALSE,FALSE
2009-09-25,King_Haakon,5.202842431,0.3713464406878506,0.3713464406878506,0.5877526775549149,FALSE,FALSE
2009-09-26,King_Haakon,5.244472415,0.4140031780493967,0.4140031780493967,0.5877526775549149,FALSE,FALSE
2009-09-27,King_Haakon,5.261030455,0.43170199885154936,0.43170199885154936,0.5877526775549149,FALSE,FALSE
2009-09-28,King_Haakon,5.268600335,0.4404965678352095,0.4404965678352095,0.5877526775549149,FALSE,FALSE
2009-09-29,King_Haakon,5.264291053,0.4374657637412671,0.4374657637412671,0.5877526775549149,FALSE,FALSE
2009-09-30,King_Haakon,5.234796668,0.4092735263106215,0.4092735263106215,0.5877526775549149,FALSE,FALSE
2009-10-01,King_Haakon,5.204145556,0.3799181122841668,0.3799181122841668,0.5877526775549149,FALSE,FALSE
2009-10-02,King_Haakon,5.160831289,0.3378629744027988,0.3378629744027988,0.5877526775549149,FALSE,FALSE
2009-10-03,King_Haakon,5.139303094,0.31752722040741066,0.31752722040741066,0.5877526775549149,FALSE,FALSE
2009-10-04,King_Haakon,5.108672073,0.28799183303890175,0.28799183303890175,0.5877526775549149,FALSE,FALSE
2009-10-05,King_Haakon,5.109451322,0.28973980732199855,0.28973980732199855,0.5877526775549149,FALSE,FALSE
2009-10-06,King_Haakon,5.151961946,0.3330842639469349,0.3330842639469349,0.5877526775549149,FALSE,FALSE
2009-10-07,King_Haakon,5.190604007,0.37248233786579554,0.37248233786579554,0.5877526775549149,FALSE,FALSE
2009-10-08,King_Haakon,5.223194859,0.4058203581284267,0.4058203581284267,0.5877526775549149,FALSE,FALSE
2009-10-09,King_Haakon,5.255789471,0.4392222687846754,0.4392222687846754,0.5877526775549149,FALSE,FALSE
2009-10-10,King_Haakon,5.264891479,0.44926068088439486,0.44926068088439486,0.5877526775549149,FALSE,FALSE
2009-10-11,King_Haakon,5.26757204,0.4530757264774232,0.4530757264774232,0.5877526775549149,FALSE,FALSE
2009-10-12,King_Haakon,5.213755478,0.40066070461361214,0.40066070461361214,0.5877526775549149,FALSE,FALSE
2009-10-13,King_Haakon,5.202009552,0.3906523493428091,0.3906523493428091,0.5877526775549149,FALSE,FALSE
2009-10-14,King_Haakon,5.211009199,0.4017945727148619,0.4017945727148619,0.5877526775549149,FALSE,FALSE
2009-10-15,King_Haakon,5.189891983,0.3832939137796165,0.3832939137796165,0.5877526775549149,FALSE,FALSE
2009-10-16,King_Haakon,5.167800671,0.36436211458691936,0.36436211458691936,0.5877526775549149,FALSE,FALSE
2009-10-17,King_Haakon,5.184592727,0.38492561418661886,0.38492561418661886,0.5877526775549149,FALSE,FALSE
2009-10-18,King_Haakon,5.161103975,0.3658864765788401,0.3658864765788401,0.5877526775549149,FALSE,FALSE
2009-10-19,King_Haakon,5.151641594,0.36156002911795326,0.36156002911795326,0.5877526775549149,FALSE,FALSE
2009-10-20,King_Haakon,5.158918989,0.3746122886568175,0.3746122886568175,0.5877526775549149,FALSE,FALSE
2009-10-21,King_Haakon,5.125241471,0.3472989543515643,0.3472989543515643,0.5877526775549149,FALSE,FALSE
2009-10-22,King_Haakon,5.113887749,0.3428491233583264,0.3428491233583264,0.5877526775549149,FALSE,FALSE
2009-10-23,King_Haakon,5.106186149,0.34254150983323317,0.34254150983323317,0.5877526775549149,FALSE,FALSE
2009-10-24,King_Haakon,5.092615148,0.33680497893241945,0.33680497893241945,0.5877526775549149,FALSE,FALSE
2009-10-25,King_Haakon,5.050481594,0.3028967668120206,0.3028967668120206,0.5877526775549149,FALSE,FALSE
2009-10-26,King_Haakon,5.016769819,0.2777515936281665,0.2777515936281665,0.5877526775549149,FALSE,FALSE
2009-10-27,King_Haakon,4.972901956,0.24274198053698728,0.24274198053698728,0.5877526775549149,FALSE,FALSE
2009-10-28,King_Haakon,4.941352924,0.22029323469461648,0.22029323469461648,0.5877526775549149,FALSE,FALSE
2009-10-29,King_Haakon,4.901274011,0.18950703225718435,0.18950703225718435,0.5877526775549149,FALSE,FALSE
2009-10-30,King_Haakon,4.893905012,0.1915735563808303,0.1915735563808303,0.5877526775549149,FALSE,FALSE
2009-10-31,King_Haakon,4.880877145,0.18808857429509196,0.18808857429509196,0.5877526775549149,FALSE,FALSE
2009-11-01,King_Haakon,4.845369459,0.1622653881077989,0.1622653881077989,0.5877526775549149,FALSE,FALSE
2009-11-02,King_Haakon,4.793113397,0.11989110424958228,0.11989110424958228,0.5877526775549149,FALSE,FALSE
2009-11-03,King_Haakon,4.704172497,0.04108492990672996,0.04108492990672996,0.5877526775549149,FALSE,FALSE
2009-11-04,King_Haakon,4.641090347,-0.01155387773447902,0.01155387773447902,0.5877526775549149,FALSE,FALSE
2009-11-05,King_Haakon,4.613781186,-0.02805541048775239,0.02805541048775239,0.5877526775549149,FALSE,FALSE
2009-11-06,King_Haakon,4.561761288,-0.06884772516681092,0.06884772516681092,0.5877526775549149,FALSE,FALSE
2009-11-07,King_Haakon,4.512074802,-0.10683100358536546,0.10683100358536546,0.5877526775549149,FALSE,FALSE
2009-11-08,King_Haakon,4.467258324,-0.1394129805571307,0.1394129805571307,0.5877526775549149,FALSE,FALSE
2009-11-09,King_Haakon,4.44187234,-0.15197750089582218,0.15197750089582218,0.5877526775549149,FALSE,FALSE
2009-11-10,King_Haakon,4.427296354,-0.1530893914151541,0.1530893914151541,0.5877526775549149,FALSE,FALSE
2009-11-11,King_Haakon,4.412394886,-0.15382846292884356,0.15382846292884356,0.5877526775549149,FALSE,FALSE
2009-11-12,King_Haakon,4.387185524,-0.1641211571655674,0.1641211571655674,0.5877526775549149,FALSE,FALSE
2009-11-13,King_Haakon,4.346268656,-0.18929446013093365,0.18929446013093365,0.5877526775549149,FALSE,FALSE
2009-11-14,King_Haakon,4.278109513,-0.240785477803362,0.240785477803362,0.5877526775549149,FALSE,FALSE
2009-11-15,King_Haakon,4.214440738,-0.2867618390190039,0.2867618390190039,0.5877526775549149,FALSE,FALSE
2009-11-16,King_Haakon,4.168746835,-0.3136393116140157,0.3136393116140157,0.5877526775549149,FALSE,FALSE
2009-11-17,King_Haakon,4.104426976,-0.35791899542455585,0.35791899542455585,0.5877526775549149,FALSE,FALSE
2009-11-18,King_Haakon,4.065801481,-0.3751808422867775,0.3751808422867775,0.5877526775549149,FALSE,FALSE
2009-11-19,King_Haakon,4.027024357,-0.3911711170368388,0.3911711170368388,0.5877526775549149,FALSE,FALSE
2009-11-20,King_Haakon,3.984644427,-0.40924126851089593,0.40924126851089593,0.5877526775549149,FALSE,FALSE
2009-11-21,King_Haakon,3.945589519,-0.4223637405451029,0.4223637405451029,0.5877526775549149,FALSE,FALSE
2009-11-22,King_Haakon,3.920883053,-0.4194153849756175,0.4194153849756175,0.5877526775549149,FALSE,FALSE
2009-11-23,King_Haakon,3.91001955,-0.4008019526385911,0.4008019526385911,0.5877526775549149,FALSE,FALSE
2009-11-24,King_Haakon,3.887822521,-0.3916002043701874,0.3916002043701874,0.5877526775549149,FALSE,FALSE
2009-11-25,King_Haakon,3.84028909,-0.40573063565189527,0.40573063565189527,0.5877526775549149,FALSE,FALSE
2009-11-26,King_Haakon,3.817720348,-0.3929564984429854,0.3929564984429854,0.5877526775549149,FALSE,FALSE
2009-11-27,King_Haakon,3.766875561,-0.4066566460711955,0.4066566460711955,0.5877526775549149,FALSE,FALSE
2009-11-28,King_Haakon,3.715838678,-0.4188858076774089,0.4188858076774089,0.5877526775549149,FALSE,FALSE
2009-11-29,King_Haakon,3.675457993,-0.4189343674025041,0.4189343674025041,0.5877526775549149,FALSE,FALSE
2009-11-30,King_Haakon,3.6475760250000002,-0.405098484387361,0.405098484387361,0.5877526775549149,FALSE,FALSE
2009-12-01,King_Haakon,3.620245595,-0.38946401577286593,0.38946401577286593,0.5877526775549149,FALSE,FALSE
2009-12-02,King_Haakon,3.560763156,-0.40487318669989403,0.40487318669989403,0.5877526775549149,FALSE,FALSE
2009-12-03,King_Haakon,3.538024009,-0.3825693743093286,0.3825693743093286,0.5877526775549149,FALSE,FALSE
2009-12-04,King_Haakon,3.500153588,-0.37456582274205186,0.37456582274205186,0.5877526775549149,FALSE,FALSE
2009-12-05,King_Haakon,3.464880692,-0.3632724111389431,0.3632724111389431,0.5877526775549149,FALSE,FALSE
2009-12-06,King_Haakon,3.40637393,-0.3746592086408844,0.3746592086408844,0.5877526775549149,FALSE,FALSE
2009-12-07,King_Haakon,3.350167497,-0.3833305372387179,0.3833305372387179,0.5877526775549149,FALSE,FALSE
2009-12-08,King_Haakon,3.295394918,-0.3902413627949088,0.3902413627949088,0.5877526775549149,FALSE,FALSE
2009-12-09,King_Haakon,3.263530358,-0.37388536651879534,0.37388536651879534,0.5877526775549149,FALSE,FALSE
2009-12-10,King_Haakon,3.237247025,-0.3515393647147862,0.3515393647147862,0.5877526775549149,FALSE,FALSE
2009-12-11,King_Haakon,3.196618591,-0.3430797096872955,0.3430797096872955,0.5877526775549149,FALSE,FALSE
2009-12-12,King_Haakon,3.140721353,-0.34938012874073543,0.34938012874073543,0.5877526775549149,FALSE,FALSE
2009-12-13,King_Haakon,3.084800847,-0.35514511017951733,0.35514511017951733,0.5877526775549149,FALSE,FALSE
2009-12-14,King_Haakon,3.056459775,-0.3327219763080538,0.3327219763080538,0.5877526775549149,FALSE,FALSE
2009-12-15,King_Haakon,3.052280368,-0.2854785204307566,0.2854785204307566,0.5877526775549149,FALSE,FALSE
2009-12-16,King_Haakon,3.044967803,-0.2406595898520374,0.2406595898520374,0.5877526775549149,FALSE,FALSE
2009-12-17,King_Haakon,3.007855308,-0.22488198087630895,0.22488198087630895,0.5877526775549149,FALSE,FALSE
2009-12-18,King_Haakon,2.934302387,-0.2447362138079816,0.2447362138079816,0.5877526775549149,FALSE,FALSE
2009-12-19,King_Haakon,2.920582164,-0.2038991889514694,0.2038991889514694,0.5877526775549149,FALSE,FALSE
2009-12-20,King_Haakon,2.905255405,-0.16376455964605263,0.16376455964605263,0.5877526775549149,FALSE,FALSE
2009-12-21,King_Haakon,2.847904322,-0.16477402720395107,0.16477402720395107,0.5877526775549149,FALSE,FALSE
2009-12-22,King_Haakon,2.776546005,-0.17898988648579195,0.17898988648579195,0.5877526775549149,FALSE,FALSE
2009-12-23,King_Haakon,2.720245348,-0.17742817417355505,0.17742817417355505,0.5877526775549149,FALSE,FALSE
2009-12-24,King_Haakon,2.66042798,-0.17874419194921876,0.17874419194921876,0.5877526775549149,FALSE,FALSE
2009-12-25,King_Haakon,2.594369363,-0.18574340849475313,0.18574340849475313,0.5877526775549149,FALSE,FALSE
2009-12-26,King_Haakon,2.535110733,-0.185465518492137,0.185465518492137,0.5877526775549149,FALSE,FALSE
2009-12-27,King_Haakon,2.46522581,-0.19541773262334772,0.19541773262334772,0.5877526775549149,FALSE,FALSE
2009-12-28,King_Haakon,2.421691447,-0.17870412857036522,0.17870412857036522,0.5877526775549149,FALSE,FALSE
2009-12-29,King_Haakon,2.360742324,-0.1791709570151565,0.1791709570151565,0.5877526775549149,FALSE,FALSE
2009-12-30,King_Haakon,2.316661971,-0.1626156186397063,0.1626156186397063,0.5877526775549149,FALSE,FALSE
2009-12-31,King_Haakon,2.264659816,-0.15390961612598364,0.15390961612598364,0.5877526775549149,FALSE,FALSE
2010-01-01,King_Haakon,2.213463417,-0.1444063221559735,0.1444063221559735,0.5877526775549149,FALSE,FALSE
2010-01-02,King_Haakon,2.115651655,-0.18161078438191547,0.18161078438191547,0.5877526775549149,FALSE,FALSE
2010-01-03,King_Haakon,2.040170654,-0.1966727993371555,0.1966727993371555,0.5877526775549149,FALSE,FALSE
2010-01-04,King_Haakon,1.943802412,-0.2329092875253009,0.2329092875253009,0.5877526775549149,FALSE,FALSE
2010-01-05,King_Haakon,1.850418405,-0.2665476914499658,0.2665476914499658,0.5877526775549149,FALSE,FALSE
2010-01-06,King_Haakon,1.795654369,-0.2620511936147547,0.2620511936147547,0.5877526775549149,FALSE,FALSE
2010-01-07,King_Haakon,1.748101473,-0.25092754352328406,0.25092754352328406,0.5877526775549149,FALSE,FALSE
2010-01-08,King_Haakon,1.726077094,-0.2149582826791665,0.2149582826791665,0.5877526775549149,FALSE,FALSE
2010-01-09,King_Haakon,1.684178027,-0.19964553458600753,0.19964553458600753,0.5877526775549149,FALSE,FALSE
2010-01-10,King_Haakon,1.609590914,-0.2179015757474232,0.2179015757474232,0.5877526775549149,FALSE,FALSE
2010-01-11,King_Haakon,1.543233045,-0.22890803466702225,0.22890803466702225,0.5877526775549149,FALSE,FALSE
2010-01-12,King_Haakon,1.486034264,-0.23183398584841508,0.23183398584841508,0.5877526775549149,FALSE,FALSE
2010-01-13,King_Haakon,1.443625619,-0.22114729979521489,0.22114729979521489,0.5877526775549149,FALSE,FALSE
2010-01-14,King_Haakon,1.42697377,-0.18597946490210185,0.18597946490210185,0.5877526775549149,FALSE,FALSE
2010-01-15,King_Haakon,1.400845931,-0.16163378032958353,0.16163378032958353,0.5877526775549149,FALSE,FALSE
2010-01-16,King_Haakon,1.377887111,-0.13550112920684487,0.13550112920684487,0.5877526775549149,FALSE,FALSE
2010-01-17,King_Haakon,1.358562303,-0.10715022111146144,0.10715022111146144,0.5877526775549149,FALSE,FALSE
2010-01-18,King_Haakon,1.324692001,-0.09479426462101136,0.09479426462101136,0.5877526775549149,FALSE,FALSE
2010-01-19,King_Haakon,1.271941124,-0.10280204331307384,0.10280204331307384,0.5877526775549149,FALSE,FALSE
2010-01-20,King_Haakon,1.225262156,-0.10625477576522524,0.10625477576522524,0.5877526775549149,FALSE,FALSE
2010-01-21,King_Haakon,1.198834738,-0.09100652355504411,0.09100652355504411,0.5877526775549149,FALSE,FALSE
2010-01-22,King_Haakon,1.191120432,-0.05862942726010733,0.05862942726010733,0.5877526775549149,FALSE,FALSE
2010-01-23,King_Haakon,1.174678693,-0.03659773445799286,0.03659773445799286,0.5877526775549149,FALSE,FALSE
2010-01-24,King_Haakon,1.130830635,-0.04362403372628054,0.04362403372628054,0.5877526775549149,FALSE,FALSE
2010-01-25,King_Haakon,1.126639437,-0.0126788486425462,0.0126788486425462,0.5877526775549149,FALSE,FALSE
2010-01-26,King_Haakon,1.117687595,0.01178661421563309,0.01178661421563309,0.5877526775549149,FALSE,FALSE
2010-01-27,King_Haakon,1.115499647,0.04127198935021692,0.04127198935021692,0.5877526775549149,FALSE,FALSE
2010-01-28,King_Haakon,1.105731801,0.06146814627057639,0.06146814627057639,0.5877526775549149,FALSE,FALSE
2010-01-29,King_Haakon,1.061948945,0.04599933352271712,0.04599933352271712,0.5877526775549149,FALSE,FALSE
2010-01-30,King_Haakon,1.032377165,0.0431510772160808,0.0431510772160808,0.5877526775549149,FALSE,FALSE
2010-01-31,King_Haakon,1.006597978,0.0425643344601081,0.0425643344601081,0.5877526775549149,FALSE,FALSE
2010-02-01,King_Haakon,1.00057978,0.06026694136424238,0.06026694136424238,0.5877526775549149,FALSE,FALSE
2010-02-02,King_Haakon,0.98983672,0.07183248703792433,0.07183248703792433,0.5877526775549149,FALSE,FALSE
2010-02-03,King_Haakon,0.971694357,0.0746459705905963,0.0746459705905963,0.5877526775549149,FALSE,FALSE
2010-02-04,King_Haakon,0.955654747,0.07826888813169985,0.07826888813169985,0.5877526775549149,FALSE,FALSE
2010-02-05,King_Haakon,0.921378629,0.06242141877067619,0.06242141877067619,0.5877526775549149,FALSE,FALSE
2010-02-06,King_Haakon,0.902112644,0.06040964361696943,0.06040964361696943,0.5877526775549149,FALSE,FALSE
2010-02-07,King_Haakon,0.87535647,0.04979268078001875,0.04979268078001875,0.5877526775549149,FALSE,FALSE
2010-02-08,King_Haakon,0.874758756,0.06427822795447424,0.06427822795447424,0.5877526775549149,FALSE,FALSE
2010-02-09,King_Haakon,0.865793343,0.06934749895318348,0.06934749895318348,0.5877526775549149,FALSE,FALSE
2010-02-10,King_Haakon,0.83961282,0.05605768467124572,0.05605768467124572,0.5877526775549149,FALSE,FALSE
2010-02-11,King_Haakon,0.827576035,0.05566008402793498,0.05566008402793498,0.5877526775549149,FALSE,FALSE
2010-02-12,King_Haakon,0.827761395,0.06612555494252004,0.06612555494252004,0.5877526775549149,FALSE,FALSE
2010-02-13,King_Haakon,0.81802002,0.06519766833427176,0.06519766833427176,0.5877526775549149,FALSE,FALSE
2010-02-14,King_Haakon,0.808523029,0.06293999412246443,0.06293999412246443,0.5877526775549149,FALSE,FALSE
2010-02-15,King_Haakon,0.807869318,0.06784387922636714,0.06784387922636714,0.5877526775549149,FALSE,FALSE
2010-02-16,King_Haakon,0.809368505,0.07311139256525268,0.07311139256525268,0.5877526775549149,FALSE,FALSE
2010-02-17,King_Haakon,0.803279304,0.06889369905839116,0.06889369905839116,0.5877526775549149,FALSE,FALSE
2010-02-18,King_Haakon,0.800421564,0.06590309862505428,0.06590309862505428,0.5877526775549149,FALSE,FALSE
2010-02-19,King_Haakon,0.811186804,0.07442356118451443,0.07442356118451443,0.5877526775549149,FALSE,FALSE
2010-02-20,King_Haakon,0.820954334,0.07972684765604154,0.07972684765604154,0.5877526775549149,FALSE,FALSE
2010-02-21,King_Haakon,0.848194838,0.10018652084417734,0.10018652084417734,0.5877526775549149,FALSE,FALSE
2010-02-22,King_Haakon,0.895097282,0.13802084940931747,0.13802084940931747,0.5877526775549149,FALSE,FALSE
2010-02-23,King_Haakon,0.912304951,0.14398652367772025,0.14398652367772025,0.5877526775549149,FALSE,FALSE
2010-02-24,King_Haakon,0.923335447,0.1417160712971609,0.1417160712971609,0.5877526775549149,FALSE,FALSE
2010-02-25,King_Haakon,0.910618822,0.1137544699154105,0.1137544699154105,0.5877526775549149,FALSE,FALSE
2010-02-26,King_Haakon,0.877956295,0.06401786418024236,0.06401786418024236,0.5877526775549149,FALSE,FALSE
2010-02-27,King_Haakon,0.869751824,0.03702513773942906,0.03702513773942906,0.5877526775549149,FALSE,FALSE
2010-02-28,King_Haakon,0.868540147,0.015425954240743,0.015425954240743,0.5877526775549149,FALSE,FALSE
2010-03-01,King_Haakon,0.879749286,0.00476326133195803,0.00476326133195803,0.5877526775549149,FALSE,FALSE
2010-03-02,King_Haakon,0.904841835,0.00661457866084547,0.00661457866084547,0.5877526775549149,FALSE,FALSE
2010-03-03,King_Haakon,0.915247974,-0.00747498812481994,0.00747498812481994,0.5877526775549149,FALSE,FALSE
2010-03-04,King_Haakon,0.929234649,-0.01912356737726694,0.01912356737726694,0.5877526775549149,FALSE,FALSE
2010-03-05,King_Haakon,0.975272672,2.5457456883670737e-4,2.5457456883670737e-4,0.5877526775549149,FALSE,FALSE
2010-03-06,King_Haakon,1.002064455,-5.380428022481176e-4,5.380428022481176e-4,0.5877526775549149,FALSE,FALSE
2010-03-07,King_Haakon,1.041477474,0.01041793464735074,0.01041793464735074,0.5877526775549149,FALSE,FALSE
2010-03-08,King_Haakon,1.105057223,0.04471008075832117,0.04471008075832117,0.5877526775549149,FALSE,FALSE
2010-03-09,King_Haakon,1.122049324,0.03162609737134558,0.03162609737134558,0.5877526775549149,FALSE,FALSE
2010-03-10,King_Haakon,1.133408217,0.01216250432710874,0.01216250432710874,0.5877526775549149,FALSE,FALSE
2010-03-11,King_Haakon,1.161160078,0.00838755746629793,0.00838755746629793,0.5877526775549149,FALSE,FALSE
2010-03-12,King_Haakon,1.173636252,-0.01132531837040251,0.01132531837040251,0.5877526775549149,FALSE,FALSE
2010-03-13,King_Haakon,1.167516022,-0.05025476034230802,0.05025476034230802,0.5877526775549149,FALSE,FALSE
2010-03-14,King_Haakon,1.166321569,-0.08483650760873429,0.08483650760873429,0.5877526775549149,FALSE,FALSE
2010-03-15,King_Haakon,1.170338841,-0.114742532328995,0.114742532328995,0.5877526775549149,FALSE,FALSE
2010-03-16,King_Haakon,1.18757301,-0.13192558266240662,0.13192558266240662,0.5877526775549149,FALSE,FALSE
2010-03-17,King_Haakon,1.168568744,-0.18579891076828203,0.18579891076828203,0.5877526775549149,FALSE,FALSE
2010-03-18,King_Haakon,1.197202723,-0.1924436048928322,0.1924436048928322,0.5877526775549149,FALSE,FALSE
2010-03-19,King_Haakon,1.190026661,-0.2352619252746153,0.2352619252746153,0.5877526775549149,FALSE,FALSE
2010-03-20,King_Haakon,1.191280883,-0.26996355258840476,0.26996355258840476,0.5877526775549149,FALSE,FALSE
2010-03-21,King_Haakon,1.19201715,-0.305446544662501,0.305446544662501,0.5877526775549149,FALSE,FALSE
2010-03-22,King_Haakon,1.212226962,-0.3216692203252023,0.3216692203252023,0.5877526775549149,FALSE,FALSE
2010-03-23,King_Haakon,1.240591783,-0.3298999344048059,0.3298999344048059,0.5877526775549149,FALSE,FALSE
2010-03-24,King_Haakon,1.284852526,-0.32234759272961355,0.32234759272961355,0.5877526775549149,FALSE,FALSE
2010-03-25,King_Haakon,1.330664884,-0.313306321127921,0.313306321127921,0.5877526775549149,FALSE,FALSE
2010-03-26,King_Haakon,1.361838407,-0.31891638842803127,0.31891638842803127,0.5877526775549149,FALSE,FALSE
2010-03-27,King_Haakon,1.401418034,-0.3160826744582408,0.3160826744582408,0.5877526775549149,FALSE,FALSE
2010-03-28,King_Haakon,1.449463178,-0.30469558504685024,0.30469558504685024,0.5877526775549149,FALSE,FALSE
2010-03-29,King_Haakon,1.481745837,-0.30893294102215574,0.30893294102215574,0.5877526775549149,FALSE,FALSE
2010-03-30,King_Haakon,1.562237186,-0.2647733862124584,0.2647733862124584,0.5877526775549149,FALSE,FALSE
2010-03-31,King_Haakon,1.625198573,-0.23791397260120672,0.23791397260120672,0.5877526775549149,FALSE,FALSE
2010-04-01,King_Haakon,1.663587641,-0.2354023620510206,0.2354023620510206,0.5877526775549149,FALSE,FALSE
2010-04-02,King_Haakon,1.691600092,-0.2430641030621583,0.2430641030621583,0.5877526775549149,FALSE,FALSE
2010-04-03,King_Haakon,1.769883965,-0.20027242031713155,0.20027242031713155,0.5877526775549149,FALSE,FALSE
2010-04-04,King_Haakon,1.843899802,-0.1615880354984458,0.1615880354984458,0.5877526775549149,FALSE,FALSE
2010-04-05,King_Haakon,1.890006431,-0.15067338428861077,0.15067338428861077,0.5877526775549149,FALSE,FALSE
2010-04-06,King_Haakon,1.926898106,-0.14885547637013752,0.14885547637013752,0.5877526775549149,FALSE,FALSE
2010-04-07,King_Haakon,1.956776969,-0.15395343342552992,0.15395343342552992,0.5877526775549149,FALSE,FALSE
2010-04-08,King_Haakon,1.966824801,-0.17880673813729908,0.17880673813729908,0.5877526775549149,FALSE,FALSE
2010-04-09,King_Haakon,2.016638754,-0.1638395021879515,0.1638395021879515,0.5877526775549149,FALSE,FALSE
2010-04-10,King_Haakon,2.079641192,-0.1356506252600007,0.1356506252600007,0.5877526775549149,FALSE,FALSE
2010-04-11,King_Haakon,2.129532281,-0.12056120503594948,0.12056120503594948,0.5877526775549149,FALSE,FALSE
2010-04-12,King_Haakon,2.178660163,-0.10624419815209583,0.10624419815209583,0.5877526775549149,FALSE,FALSE
2010-04-13,King_Haakon,2.233760231,-0.08597354736259488,0.08597354736259488,0.5877526775549149,FALSE,FALSE
2010-04-14,King_Haakon,2.260112029,-0.09445965341590944,0.09445965341590944,0.5877526775549149,FALSE,FALSE
2010-04-15,King_Haakon,2.291769609,-0.09763659785376122,0.09763659785376122,0.5877526775549149,FALSE,FALSE
2010-04-16,King_Haakon,2.298231449,-0.1259940362178762,0.1259940362178762,0.5877526775549149,FALSE,FALSE
2010-04-17,King_Haakon,2.325164048,-0.13385360304998084,0.13385360304998084,0.5877526775549149,FALSE,FALSE
2010-04-18,King_Haakon,2.330171544,-0.16359929389179628,0.16359929389179628,0.5877526775549149,FALSE,FALSE
2010-04-19,King_Haakon,2.338917592,-0.1895555872850481,0.1895555872850481,0.5877526775549149,FALSE,FALSE
2010-04-20,King_Haakon,2.362996665,-0.20011614377146225,0.20011614377146225,0.5877526775549149,FALSE,FALSE
2010-04-21,King_Haakon,2.370896933,-0.22678092689276408,0.22678092689276408,0.5877526775549149,FALSE,FALSE
2010-04-22,King_Haakon,2.411646318,-0.22051014819067705,0.22051014819067705,0.5877526775549149,FALSE,FALSE
2010-04-23,King_Haakon,2.457202133,-0.2093346282069266,0.2093346282069266,0.5877526775549149,FALSE,FALSE
2010-04-24,King_Haakon,2.465121345,-0.23568553348323595,0.23568553348323595,0.5877526775549149,FALSE,FALSE
2010-04-25,King_Haakon,2.537678941,-0.19727408183312312,0.19727408183312312,0.5877526775549149,FALSE,FALSE
2010-04-26,King_Haakon,2.609046046,-0.159897035046336,0.159897035046336,0.5877526775549149,FALSE,FALSE
2010-04-27,King_Haakon,2.633804305,-0.16893051226555267,0.16893051226555267,0.5877526775549149,FALSE,FALSE
2010-04-28,King_Haakon,2.642530916,-0.19375497300254496,0.19375497300254496,0.5877526775549149,FALSE,FALSE
2010-04-29,King_Haakon,2.660465944,-0.20908800976908015,0.20908800976908015,0.5877526775549149,FALSE,FALSE
2010-04-30,King_Haakon,2.705165044,-0.19733162507693525,0.19733162507693525,0.5877526775549149,FALSE,FALSE
2010-05-01,King_Haakon,2.725898625,-0.20917306743787423,0.20917306743787423,0.5877526775549149,FALSE,FALSE
2010-05-02,King_Haakon,2.789118153,-0.1781185283636737,0.1781185283636737,0.5877526775549149,FALSE,FALSE
2010-05-03,King_Haakon,2.842845968,-0.15610332536610105,0.15610332536610105,0.5877526775549149,FALSE,FALSE
2010-05-04,King_Haakon,2.901928547,-0.1282386389569279,0.1282386389569279,0.5877526775549149,FALSE,FALSE
2010-05-05,King_Haakon,2.93819462,-0.1226533966479244,0.1226533966479244,0.5877526775549149,FALSE,FALSE
2010-05-06,King_Haakon,2.966975441,-0.1239740019508644,0.1239740019508644,0.5877526775549149,FALSE,FALSE
2010-05-07,King_Haakon,3.03263057,-0.08779857355193021,0.08779857355193021,0.5877526775549149,FALSE,FALSE
2010-05-08,King_Haakon,3.093231924,-0.05602467820440537,0.05602467820440537,0.5877526775549149,FALSE,FALSE
2010-05-09,King_Haakon,3.120069008,-0.05736371352292835,0.05736371352292835,0.5877526775549149,FALSE,FALSE
2010-05-10,King_Haakon,3.135720983,-0.06924259065699534,0.06924259065699534,0.5877526775549149,FALSE,FALSE
2010-05-11,King_Haakon,3.139855545,-0.09199968575610697,0.09199968575610697,0.5877526775549149,FALSE,FALSE
2010-05-12,King_Haakon,3.160307914,-0.09780585096975748,0.09780585096975748,0.5877526775549149,FALSE,FALSE
2010-05-13,King_Haakon,3.191691516,-0.09205373244744663,0.09205373244744663,0.5877526775549149,FALSE,FALSE
2010-05-14,King_Haakon,3.223686893,-0.08506886033867378,0.08506886033867378,0.5877526775549149,FALSE,FALSE
2010-05-15,King_Haakon,3.229739045,-0.10341230679293334,0.10341230679293334,0.5877526775549149,FALSE,FALSE
2010-05-16,King_Haakon,3.274331181,-0.08260693495972804,0.08260693495972804,0.5877526775549149,FALSE,FALSE
2010-05-17,King_Haakon,3.305698579,-0.07442353898855014,0.07442353898855014,0.5877526775549149,FALSE,FALSE
2010-05-18,King_Haakon,3.30925931,-0.09345012002890309,0.09345012002890309,0.5877526775549149,FALSE,FALSE
2010-05-19,King_Haakon,3.358714508,-0.06599161623028138,0.06599161623028138,0.5877526775549149,FALSE,FALSE
2010-05-20,King_Haakon,3.440510541,-0.00560930988224184,0.00560930988224184,0.5877526775549149,FALSE,FALSE
2010-05-21,King_Haakon,3.506586791,0.03959973390782156,0.03959973390782156,0.5877526775549149,FALSE,FALSE
2010-05-22,King_Haakon,3.580382646,0.09301329671960712,0.09301329671960712,0.5877526775549149,FALSE,FALSE
2010-05-23,King_Haakon,3.679116764,0.1717875836548668,0.1717875836548668,0.5877526775549149,FALSE,FALSE
2010-05-24,King_Haakon,3.725521005,0.19859200181534709,0.19859200181534709,0.5877526775549149,FALSE,FALSE
2010-05-25,King_Haakon,3.787903153,0.24167188230279812,0.24167188230279812,0.5877526775549149,FALSE,FALSE
2010-05-26,King_Haakon,3.863335226,0.29803679021896734,0.29803679021896734,0.5877526775549149,FALSE,FALSE
2010-05-27,King_Haakon,3.923915121,0.33972216966560476,0.33972216966560476,0.5877526775549149,FALSE,FALSE
2010-05-28,King_Haakon,3.968699208,0.36572193774445694,0.36572193774445694,0.5877526775549149,FALSE,FALSE
2010-05-29,King_Haakon,3.988653689,0.3669398435572737,0.3669398435572737,0.5877526775549149,FALSE,FALSE
2010-05-30,King_Haakon,4.042208974,0.4017438442058059,0.4017438442058059,0.5877526775549149,FALSE,FALSE
2010-05-31,King_Haakon,4.052942863,0.3936492867917947,0.3936492867917947,0.5877526775549149,FALSE,FALSE
2010-06-01,King_Haakon,4.123421919,0.4451602814169964,0.4451602814169964,0.5877526775549149,FALSE,FALSE
2010-06-02,King_Haakon,4.167204005,0.46978609053588016,0.46978609053588016,0.5877526775549149,FALSE,FALSE
2010-06-03,King_Haakon,4.17127876,0.4545292053803469,0.4545292053803469,0.5877526775549149,FALSE,FALSE
2010-06-04,King_Haakon,4.205294993,0.46906832244623864,0.46906832244623864,0.5877526775549149,FALSE,FALSE
2010-06-05,King_Haakon,4.258072721,0.5022533468604236,0.5022533468604236,0.5877526775549149,FALSE,FALSE
2010-06-06,King_Haakon,4.281791699,0.506293921749779,0.506293921749779,0.5877526775549149,FALSE,FALSE
2010-06-07,King_Haakon,4.336063744,0.5408317522411816,0.5408317522411816,0.5877526775549149,FALSE,FALSE
2010-06-08,King_Haakon,4.349282921,0.5342907914614976,0.5342907914614976,0.5877526775549149,FALSE,FALSE
2010-06-09,King_Haakon,4.372591573,0.5378432705376004,0.5378432705376004,0.5877526775549149,FALSE,FALSE
2010-06-10,King_Haakon,4.391524957,0.5370543345963634,0.5370543345963634,0.5877526775549149,FALSE,FALSE
2010-06-11,King_Haakon,4.408439755,0.5343105537646626,0.5343105537646626,0.5877526775549149,FALSE,FALSE
2010-06-12,King_Haakon,4.405466909,0.5117727581693701,0.5117727581693701,0.5877526775549149,FALSE,FALSE
2010-06-13,King_Haakon,4.35897758,0.44584199693735416,0.44584199693735416,0.5877526775549149,FALSE,FALSE
2010-06-14,King_Haakon,4.359039706,0.4266159762447015,0.4266159762447015,0.5877526775549149,FALSE,FALSE
2010-06-15,King_Haakon,4.345315571,0.393781460339183,0.393781460339183,0.5877526775549149,FALSE,FALSE
2010-06-16,King_Haakon,4.325942078,0.3554925781944456,0.3554925781944456,0.5877526775549149,FALSE,FALSE
2010-06-17,King_Haakon,4.306604998,0.3174518011995908,0.3174518011995908,0.5877526775549149,FALSE,FALSE
2010-06-18,King_Haakon,4.33767128,0.3300427787437359,0.3300427787437359,0.5877526775549149,FALSE,FALSE
2010-06-19,King_Haakon,4.363467887,0.33760917421598435,0.33760917421598435,0.5877526775549149,FALSE,FALSE
2010-06-20,King_Haakon,4.378370734,0.3345436030054545,0.3345436030054545,0.5877526775549149,FALSE,FALSE
2010-06-21,King_Haakon,4.38229868,0.32078162450124914,0.32078162450124914,0.5877526775549149,FALSE,FALSE
2010-06-22,King_Haakon,4.436230085,0.3573182990924808,0.3573182990924808,0.5877526775549149,FALSE,FALSE
2010-06-23,King_Haakon,4.462090732,0.3660961101682582,0.3660961101682582,0.5877526775549149,FALSE,FALSE
2010-06-24,King_Haakon,4.478055587,0.36530672411769416,0.36530672411769416,0.5877526775549149,FALSE,FALSE
2010-06-25,King_Haakon,4.563083828,0.4339260193298955,0.4339260193298955,0.5877526775549149,FALSE,FALSE
2010-06-26,King_Haakon,4.639579871,0.494375112193973,0.494375112193973,0.5877526775549149,FALSE,FALSE
2010-06-27,King_Haakon,4.686919759,0.5260424086617794,0.5260424086617794,0.5877526775549149,FALSE,FALSE
2010-06-28,King_Haakon,4.680972835,0.5047768388175449,0.5047768388175449,0.5877526775549149,FALSE,FALSE
2010-06-29,King_Haakon,4.697920613,0.506724527163211,0.506724527163211,0.5877526775549149,FALSE,FALSE
2010-06-30,King_Haakon,4.717708194,0.5117951081984691,0.5117951081984691,0.5877526775549149,FALSE,FALSE
2010-07-01,King_Haakon,4.693480486,0.4730980234230104,0.4730980234230104,0.5877526775549149,FALSE,FALSE
2010-07-02,King_Haakon,4.675920208,0.44128052533652706,0.44128052533652706,0.5877526775549149,FALSE,FALSE
2010-07-03,King_Haakon,4.687160416,0.4384402034387041,0.4384402034387041,0.5877526775549149,FALSE,FALSE
2010-07-04,King_Haakon,4.734162842,0.47150332322923383,0.47150332322923383,0.5877526775549149,FALSE,FALSE
2010-07-05,King_Haakon,4.760874617,0.48438154920780807,0.48438154920780807,0.5877526775549149,FALSE,FALSE
2010-07-06,King_Haakon,4.739499618,0.4492432918741142,0.4492432918741142,0.5877526775549149,FALSE,FALSE
2010-07-07,King_Haakon,4.669920523,0.36593576272784745,0.36593576272784745,0.5877526775549149,FALSE,FALSE
2010-07-08,King_Haakon,4.63779451,0.3200806732686914,0.3200806732686914,0.5877526775549149,FALSE,FALSE
2010-07-09,King_Haakon,4.629461692,0.2979827611998225,0.2979827611998225,0.5877526775549149,FALSE,FALSE
2010-07-10,King_Haakon,4.671417369,0.326119689879393,0.326119689879393,0.5877526775549149,FALSE,FALSE
2010-07-11,King_Haakon,4.765145646,0.40599674825870746,0.40599674825870746,0.5877526775549149,FALSE,FALSE
2010-07-12,King_Haakon,4.792253808,0.4192475426629816,0.4192475426629816,0.5877526775549149,FALSE,FALSE
2010-07-13,King_Haakon,4.803931397,0.4170879364174187,0.4170879364174187,0.5877526775549149,FALSE,FALSE
2010-07-14,King_Haakon,4.811193754,0.410559591847238,0.410559591847238,0.5877526775549149,FALSE,FALSE
2010-07-15,King_Haakon,4.772544986,0.3581929372776482,0.3581929372776482,0.5877526775549149,FALSE,FALSE
2010-07-16,King_Haakon,4.769164823,0.3411940240338609,0.3411940240338609,0.5877526775549149,FALSE,FALSE
2010-07-17,King_Haakon,4.769492115,0.3280280234410906,0.3280280234410906,0.5877526775549149,FALSE,FALSE
2010-07-18,King_Haakon,4.776717471,0.3219118658245419,0.3219118658245419,0.5877526775549149,FALSE,FALSE
2010-07-19,King_Haakon,4.770481876,0.30251285750943246,0.30251285750943246,0.5877526775549149,FALSE,FALSE
2010-07-20,King_Haakon,4.787514156,0.3065861458209733,0.3065861458209733,0.5877526775549149,FALSE,FALSE
2010-07-21,King_Haakon,4.795284574,0.3016283150843728,0.3016283150843728,0.5877526775549149,FALSE,FALSE
2010-07-22,King_Haakon,4.798839245,0.29271079991558047,0.29271079991558047,0.5877526775549149,FALSE,FALSE
2010-07-23,King_Haakon,4.859290412,0.3409573370410852,0.3409573370410852,0.5877526775549149,FALSE,FALSE
2010-07-24,King_Haakon,4.879920614,0.3496518809478619,0.3496518809478619,0.5877526775549149,FALSE,FALSE
2010-07-25,King_Haakon,4.90886928,0.36693504750919903,0.36693504750919903,0.5877526775549149,FALSE,FALSE
2010-07-26,King_Haakon,4.886473829,0.3331454425983784,0.3331454425983784,0.5877526775549149,FALSE,FALSE
2010-07-27,King_Haakon,4.86170701,0.2972570020886911,0.2972570020886911,0.5877526775549149,FALSE,FALSE
2010-07-28,King_Haakon,4.860982984,0.2856850738534229,0.2856850738534229,0.5877526775549149,FALSE,FALSE
2010-07-29,King_Haakon,4.908642792,0.32277188576585747,0.32277188576585747,0.5877526775549149,FALSE,FALSE
2010-07-30,King_Haakon,4.941900214,0.34573240469928646,0.34573240469928646,0.5877526775549149,FALSE,FALSE
2010-07-31,King_Haakon,4.941690661,0.33550322852698944,0.33550322852698944,0.5877526775549149,FALSE,FALSE
2010-08-01,King_Haakon,4.933928437,0.317999848122259,0.317999848122259,0.5877526775549149,FALSE,FALSE
2010-08-02,King_Haakon,4.96833099,0.34294089835838015,0.34294089835838015,0.5877526775549149,FALSE,FALSE
2010-08-03,King_Haakon,4.995839054,0.3612683002823358,0.3612683002823358,0.5877526775549149,FALSE,FALSE
2010-08-04,King_Haakon,5.010190955,0.36672625609894904,0.36672625609894904,0.5877526775549149,FALSE,FALSE
2010-08-05,King_Haakon,5.016905667,0.3648565316166854,0.3648565316166854,0.5877526775549149,FALSE,FALSE
2010-08-06,King_Haakon,5.001152301,0.34085484266789656,0.34085484266789656,0.5877526775549149,FALSE,FALSE
2010-08-07,King_Haakon,5.065850435,0.3976673720849311,0.3976673720849311,0.5877526775549149,FALSE,FALSE
2010-08-08,King_Haakon,5.116689038,0.44100969370014464,0.44100969370014464,0.5877526775549149,FALSE,FALSE
2010-08-09,King_Haakon,5.133054592,0.45029489434588754,0.45029489434588754,0.5877526775549149,FALSE,FALSE
2010-08-10,King_Haakon,5.161836701,0.4724391828545107,0.4724391828545107,0.5877526775549149,FALSE,FALSE
2010-08-11,King_Haakon,5.185591331,0.49002513005836335,0.49002513005836335,0.5877526775549149,FALSE,FALSE
2010-08-12,King_Haakon,5.217224352,0.5159852107897986,0.5159852107897986,0.5877526775549149,FALSE,FALSE
2010-08-13,King_Haakon,5.24636468,0.5399749458811698,0.5399749458811698,0.5877526775549149,FALSE,FALSE
2010-08-14,King_Haakon,5.233933214,0.5229418391648277,0.5229418391648277,0.5877526775549149,FALSE,FALSE
2010-08-15,King_Haakon,5.250549018,0.5355315594731245,0.5355315594731245,0.5877526775549149,FALSE,FALSE
2010-08-16,King_Haakon,5.25526214,0.536818822974042,0.536818822974042,0.5877526775549149,FALSE,FALSE
2010-08-17,King_Haakon,5.268935039,0.5476331946221284,0.5476331946221284,0.5877526775549149,FALSE,FALSE
2010-08-18,King_Haakon,5.250183215,0.5264913958788817,0.5264913958788817,0.5877526775549149,FALSE,FALSE
2010-08-19,King_Haakon,5.250474062,0.5247584315652833,0.5247584315652833,0.5877526775549149,FALSE,FALSE
2010-08-20,King_Haakon,5.272953234,0.5454775665023046,0.5454775665023046,0.5877526775549149,FALSE,FALSE
2010-08-21,King_Haakon,5.319809602,0.5907352825109333,0.5907352825109333,0.5877526775549149,TRUE,TRUE
2010-08-22,King_Haakon,5.356230125,0.6256161494121386,0.6256161494121386,0.5877526775549149,TRUE,TRUE
2010-08-23,King_Haakon,5.395452386,0.6632553610269039,0.6632553610269039,0.5877526775549149,TRUE,TRUE
2010-08-24,King_Haakon,5.404140688,0.6702148311762057,0.6702148311762057,0.5877526775549149,TRUE,TRUE
2010-08-25,King_Haakon,5.398862153,0.6629592926810206,0.6629592926810206,0.5877526775549149,TRUE,TRUE
2010-08-26,King_Haakon,5.36629179,0.6280613653623268,0.6280613653623268,0.5877526775549149,TRUE,TRUE
2010-08-27,King_Haakon,5.359487377,0.6184764380411023,0.6184764380411023,0.5877526775549149,TRUE,TRUE
2010-08-28,King_Haakon,5.331109256,0.5867624635383288,0.5867624635383288,0.5877526775549149,FALSE,FALSE
2010-08-29,King_Haakon,5.305096083,0.5567770684873548,0.5567770684873548,0.5877526775549149,FALSE,FALSE
2010-08-30,King_Haakon,5.278931568,0.5260527519677858,0.5260527519677858,0.5877526775549149,FALSE,FALSE
2010-08-31,King_Haakon,5.27479239,0.5168637589850098,0.5168637589850098,0.5877526775549149,FALSE,FALSE
2010-09-01,King_Haakon,5.29016621,0.5267954040342042,0.5267954040342042,0.5877526775549149,FALSE,FALSE
2010-09-02,King_Haakon,5.258079413,0.4889717256105479,0.4889717256105479,0.5877526775549149,FALSE,FALSE
2010-09-03,King_Haakon,5.216569714,0.4415280922092233,0.4415280922092233,0.5877526775549149,FALSE,FALSE
2010-09-04,King_Haakon,5.177472173,0.3963972173254078,0.3963972173254078,0.5877526775549149,FALSE,FALSE
2010-09-05,King_Haakon,5.156259092,0.369149056454285,0.369149056454285,0.5877526775549149,FALSE,FALSE
2010-09-06,King_Haakon,5.169074903,0.3760256950910277,0.3760256950910277,0.5877526775549149,FALSE,FALSE
2010-09-07,King_Haakon,5.200783297,0.401988477730824,0.401988477730824,0.5877526775549149,FALSE,FALSE
2010-09-08,King_Haakon,5.247414167,0.4431649508688462,0.4431649508688462,0.5877526775549149,FALSE,FALSE
2010-09-09,King_Haakon,5.302147528,0.49283278300027433,0.49283278300027433,0.5877526775549149,FALSE,FALSE
2010-09-10,King_Haakon,5.280371531,0.4664773446310626,0.4664773446310626,0.5877526775549149,FALSE,FALSE
2010-09-11,King_Haakon,5.281649843,0.46371832295754434,0.46371832295754434,0.5877526775549149,FALSE,FALSE
2010-09-12,King_Haakon,5.282759433,0.4613141525730926,0.4613141525730926,0.5877526775549149,FALSE,FALSE
2010-09-13,King_Haakon,5.243977248,0.41951539612136646,0.41951539612136646,0.5877526775549149,FALSE,FALSE
2010-09-14,King_Haakon,5.194689125,0.3676815062460239,0.3676815062460239,0.5877526775549149,FALSE,FALSE
2010-09-15,King_Haakon,5.128692433,0.29958346759071475,0.29958346759071475,0.5877526775549149,FALSE,FALSE
2010-09-16,King_Haakon,5.08587917,0.25508689379909466,0.25508689379909466,0.5877526775549149,FALSE,FALSE
2010-09-17,King_Haakon,5.058804407,0.22672047151482388,0.22672047151482388,0.5877526775549149,FALSE,FALSE
2010-09-18,King_Haakon,5.035771904,0.20276157638154935,0.20276157638154935,0.5877526775549149,FALSE,FALSE
2010-09-19,King_Haakon,5.042446494,0.20884865704293176,0.20884865704293176,0.5877526775549149,FALSE,FALSE
2010-09-20,King_Haakon,5.019895291,0.1860224431426225,0.1860224431426225,0.5877526775549149,FALSE,FALSE
2010-09-21,King_Haakon,5.029914875,0.1960531303242812,0.1960531303242812,0.5877526775549149,FALSE,FALSE
2010-09-22,King_Haakon,5.01956849,0.18597757823155803,0.18597757823155803,0.5877526775549149,FALSE,FALSE
2010-09-23,King_Haakon,4.997416721,0.16432978332301218,0.16432978332301218,0.5877526775549149,FALSE,FALSE
2010-09-24,King_Haakon,4.962673044,0.13029444702602433,0.13029444702602433,0.5877526775549149,FALSE,FALSE
2010-09-25,King_Haakon,4.970323432,0.13882744168785077,0.13882744168785077,0.5877526775549149,FALSE,FALSE
2010-09-26,King_Haakon,4.985208936,0.15473969904939722,0.15473969904939722,0.5877526775549149,FALSE,FALSE
2010-09-27,King_Haakon,4.998376766,0.16904830985154895,0.16904830985154895,0.5877526775549149,FALSE,FALSE
2010-09-28,King_Haakon,5.02295795,0.1948541828352095,0.1948541828352095,0.5877526775549149,FALSE,FALSE
2010-09-29,King_Haakon,5.039448843,0.21262355374126685,0.21262355374126685,0.5877526775549149,FALSE,FALSE
2010-09-30,King_Haakon,5.014035453,0.18851231131062107,0.18851231131062107,0.5877526775549149,FALSE,FALSE
2010-10-01,King_Haakon,4.992674141,0.16844669728416672,0.16844669728416672,0.5877526775549149,FALSE,FALSE
2010-10-02,King_Haakon,5.027407679,0.2044393644027993,0.2044393644027993,0.5877526775549149,FALSE,FALSE
2010-10-03,King_Haakon,5.097049431,0.2752735574074112,0.2752735574074112,0.5877526775549149,FALSE,FALSE
2010-10-04,King_Haakon,5.1292668,0.3085865600389015,0.3085865600389015,0.5877526775549149,FALSE,FALSE
2010-10-05,King_Haakon,5.198488379,0.3787768643219982,0.3787768643219982,0.5877526775549149,FALSE,FALSE
2010-10-06,King_Haakon,5.253716521,0.4348388389469351,0.4348388389469351,0.5877526775549149,FALSE,FALSE
2010-10-07,King_Haakon,5.324079253,0.5059575838657953,0.5059575838657953,0.5877526775549149,FALSE,FALSE
2010-10-08,King_Haakon,5.347050491,0.5296759901284265,0.5296759901284265,0.5877526775549149,FALSE,FALSE
2010-10-09,King_Haakon,5.321774351,0.5052071487846757,0.5052071487846757,0.5877526775549149,FALSE,FALSE
2010-10-10,King_Haakon,5.283780376,0.468149577884395,0.468149577884395,0.5877526775549149,FALSE,FALSE
2010-10-11,King_Haakon,5.288623154,0.4741268404774228,0.4741268404774228,0.5877526775549149,FALSE,FALSE
2010-10-12,King_Haakon,5.256493087,0.4433983136136117,0.4433983136136117,0.5877526775549149,FALSE,FALSE
2010-10-13,King_Haakon,5.25590401,0.4445468073428094,0.4445468073428094,0.5877526775549149,FALSE,FALSE
2010-10-14,King_Haakon,5.268600966,0.4593863397148618,0.4593863397148618,0.5877526775549149,FALSE,FALSE
2010-10-15,King_Haakon,5.248274579,0.4416765097796169,0.4416765097796169,0.5877526775549149,FALSE,FALSE
2010-10-16,King_Haakon,5.19628336,0.392844803586919,0.392844803586919,0.5877526775549149,FALSE,FALSE
2010-10-17,King_Haakon,5.243144406,0.44347729318661866,0.44347729318661866,0.5877526775549149,FALSE,FALSE
2010-10-18,King_Haakon,5.278290771,0.4830732725788405,0.4830732725788405,0.5877526775549149,FALSE,FALSE
2010-10-19,King_Haakon,5.274391637,0.4843100721179532,0.4843100721179532,0.5877526775549149,FALSE,FALSE
2010-10-20,King_Haakon,5.271732562,0.4874258616568179,0.4874258616568179,0.5877526775549149,FALSE,FALSE
2010-10-21,King_Haakon,5.285713692,0.5077711753515644,0.5077711753515644,0.5877526775549149,FALSE,FALSE
2010-10-22,King_Haakon,5.353271509,0.5822328833583263,0.5822328833583263,0.5877526775549149,FALSE,FALSE
2010-10-23,King_Haakon,5.340241194,0.576596554833233,0.576596554833233,0.5877526775549149,FALSE,FALSE
2010-10-24,King_Haakon,5.305221452,0.5494112829324189,0.5494112829324189,0.5877526775549149,FALSE,FALSE
2010-10-25,King_Haakon,5.275878173,0.5282933458120205,0.5282933458120205,0.5877526775549149,FALSE,FALSE
2010-10-26,King_Haakon,5.252296118,0.5132778926281665,0.5132778926281665,0.5877526775549149,FALSE,FALSE
2010-10-27,King_Haakon,5.204747111,0.4745871355369866,0.4745871355369866,0.5877526775549149,FALSE,FALSE
2010-10-28,King_Haakon,5.205871163,0.4848114736946165,0.4848114736946165,0.5877526775549149,FALSE,FALSE
2010-10-29,King_Haakon,5.173310059,0.4615430802571847,0.4615430802571847,0.5877526775549149,FALSE,FALSE
2010-10-30,King_Haakon,5.187890944,0.4855594883808303,0.4855594883808303,0.5877526775549149,FALSE,FALSE
2010-10-31,King_Haakon,5.187422252,0.4946336812950918,0.4946336812950918,0.5877526775549149,FALSE,FALSE
2010-11-01,King_Haakon,5.209066518,0.5259624471077995,0.5259624471077995,0.5877526775549149,FALSE,FALSE
2010-11-02,King_Haakon,5.185346996,0.5121247032495821,0.5121247032495821,0.5877526775549149,FALSE,FALSE
2010-11-03,King_Haakon,5.149080964,0.4859933969067302,0.4859933969067302,0.5877526775549149,FALSE,FALSE
2010-11-04,King_Haakon,5.148841085,0.49619686026552134,0.49619686026552134,0.5877526775549149,FALSE,FALSE
2010-11-05,King_Haakon,5.141731008,0.49989441151224767,0.49989441151224767,0.5877526775549149,FALSE,FALSE
2010-11-06,King_Haakon,5.138968616,0.5083596028331892,0.5083596028331892,0.5877526775549149,FALSE,FALSE
2010-11-07,King_Haakon,5.130006894,0.5111010884146348,0.5111010884146348,0.5877526775549149,FALSE,FALSE
2010-11-08,King_Haakon,5.128869793,0.5221984884428688,0.5221984884428688,0.5877526775549149,FALSE,FALSE
2010-11-09,King_Haakon,5.123815003,0.5299651621041779,0.5299651621041779,0.5877526775549149,FALSE,FALSE
2010-11-10,King_Haakon,5.113235468,0.5328497225848459,0.5328497225848459,0.5877526775549149,FALSE,FALSE
2010-11-11,King_Haakon,5.103979931,0.5377565820711556,0.5377565820711556,0.5877526775549149,FALSE,FALSE
2010-11-12,King_Haakon,5.114345763,0.5630390818344324,0.5630390818344324,0.5877526775549149,FALSE,FALSE
2010-11-13,King_Haakon,5.157984798,0.6224216818690662,0.6224216818690662,0.5877526775549149,TRUE,TRUE
2010-11-14,King_Haakon,5.207715211,0.6888202201966376,0.6888202201966376,0.5877526775549149,TRUE,TRUE
2010-11-15,King_Haakon,5.210236901,0.7090343239809958,0.7090343239809958,0.5877526775549149,TRUE,TRUE
2010-11-16,King_Haakon,5.19366585,0.7112797033859843,0.7112797033859843,0.5877526775549149,TRUE,TRUE
2010-11-17,King_Haakon,5.159541707,0.6971957355754439,0.6971957355754439,0.5877526775549149,TRUE,TRUE
2010-11-18,King_Haakon,5.135817543,0.6948352197132222,0.6948352197132222,0.5877526775549149,TRUE,TRUE
2010-11-19,King_Haakon,5.070541138,0.6523456639631613,0.6523456639631613,0.5877526775549149,TRUE,TRUE
2010-11-20,King_Haakon,5.035907794,0.6420220984891039,0.6420220984891039,0.5877526775549149,TRUE,TRUE
2010-11-21,King_Haakon,4.997743643,0.629790383454897,0.629790383454897,0.5877526775549149,TRUE,TRUE
2010-11-22,King_Haakon,4.974991199,0.6346927610243824,0.6346927610243824,0.5877526775549149,TRUE,TRUE
2010-11-23,King_Haakon,4.965215532,0.6543940293614092,0.6543940293614092,0.5877526775549149,TRUE,TRUE
2010-11-24,King_Haakon,4.960733613,0.6813108876298131,0.6813108876298131,0.5877526775549149,TRUE,TRUE
2010-11-25,King_Haakon,4.941665865,0.6956461393481046,0.6956461393481046,0.5877526775549149,TRUE,TRUE
2010-11-26,King_Haakon,4.887032334,0.6763554875570144,0.6763554875570144,0.5877526775549149,TRUE,TRUE
2010-11-27,King_Haakon,4.823741579,0.6502093719288045,0.6502093719288045,0.5877526775549149,TRUE,TRUE
2010-11-28,King_Haakon,4.798995098,0.664270612322591,0.664270612322591,0.5877526775549149,TRUE,TRUE
2010-11-29,King_Haakon,4.79173725,0.6973448895974954,0.6973448895974954,0.5877526775549149,TRUE,TRUE
2010-11-30,King_Haakon,4.746175114,0.6935006046126384,0.6935006046126384,0.5877526775549149,TRUE,TRUE
2010-12-01,King_Haakon,4.630371724,0.6206621132271337,0.6206621132271337,0.5877526775549149,TRUE,TRUE
2010-12-02,King_Haakon,4.552183836,0.586547493300106,0.586547493300106,0.5877526775549149,FALSE,FALSE
2010-12-03,King_Haakon,4.522003957,0.6014105736906714,0.6014105736906714,0.5877526775549149,TRUE,TRUE
2010-12-04,King_Haakon,4.494089189,0.6193697782579486,0.6193697782579486,0.5877526775549149,TRUE,TRUE
2010-12-05,King_Haakon,4.439213797,0.6110606938610568,0.6110606938610568,0.5877526775549149,TRUE,TRUE
2010-12-06,King_Haakon,4.404913993,0.6238808543591157,0.6238808543591157,0.5877526775549149,TRUE,TRUE
2010-12-07,King_Haakon,4.404034106,0.670536071761282,0.670536071761282,0.5877526775549149,TRUE,TRUE
2010-12-08,King_Haakon,4.377299589,0.6916633082050909,0.6916633082050909,0.5877526775549149,TRUE,TRUE
2010-12-09,King_Haakon,4.31928272,0.6818669954812049,0.6818669954812049,0.5877526775549149,TRUE,TRUE
2010-12-10,King_Haakon,4.265383106,0.6765967162852138,0.6765967162852138,0.5877526775549149,TRUE,TRUE
2010-12-11,King_Haakon,4.237425172,0.6977268713127045,0.6977268713127045,0.5877526775549149,TRUE,TRUE
2010-12-12,King_Haakon,4.195638689,0.7055372072592645,0.7055372072592645,0.5877526775549149,TRUE,TRUE
2010-12-13,King_Haakon,4.164968553,0.7250225958204823,0.7250225958204823,0.5877526775549149,TRUE,TRUE
2010-12-14,King_Haakon,4.115035507,0.7258537556919462,0.7258537556919462,0.5877526775549149,TRUE,TRUE
2010-12-15,King_Haakon,4.0573648,0.7196059115692437,0.7196059115692437,0.5877526775549149,TRUE,TRUE
2010-12-16,King_Haakon,3.975981285,0.6903538921479626,0.6903538921479626,0.5877526775549149,TRUE,TRUE
2010-12-17,King_Haakon,3.914495567,0.681758278123691,0.681758278123691,0.5877526775549149,TRUE,TRUE
2010-12-18,King_Haakon,3.862531812,0.6834932111920184,0.6834932111920184,0.5877526775549149,TRUE,TRUE
2010-12-19,King_Haakon,3.860148041,0.7356666880485307,0.7356666880485307,0.5877526775549149,TRUE,TRUE
2010-12-20,King_Haakon,3.840567035,0.7715470703539471,0.7715470703539471,0.5877526775549149,TRUE,TRUE
2010-12-21,King_Haakon,3.824982536,0.8123041867960485,0.8123041867960485,0.5877526775549149,TRUE,TRUE
2010-12-22,King_Haakon,3.7814270740000002,0.8258911825142081,0.8258911825142081,0.5877526775549149,TRUE,TRUE
2010-12-23,King_Haakon,3.741025004,0.8433514818264447,0.8433514818264447,0.5877526775549149,TRUE,TRUE
2010-12-24,King_Haakon,3.683167011,0.8439948390507812,0.8439948390507812,0.5877526775549149,TRUE,TRUE
2010-12-25,King_Haakon,3.614269101,0.8341563295052468,0.8341563295052468,0.5877526775549149,TRUE,TRUE
2010-12-26,King_Haakon,3.538141145,0.8175648935078632,0.8175648935078632,0.5877526775549149,TRUE,TRUE
2010-12-27,King_Haakon,3.458521497,0.7978779543766521,0.7978779543766521,0.5877526775549149,TRUE,TRUE
2010-12-28,King_Haakon,3.393254778,0.7928592024296348,0.7928592024296348,0.5877526775549149,TRUE,TRUE
2010-12-29,King_Haakon,3.34734611,0.8074328289848438,0.8074328289848438,0.5877526775549149,TRUE,TRUE
2010-12-30,King_Haakon,3.299360402,0.8200828123602939,0.8200828123602939,0.5877526775549149,TRUE,TRUE
2010-12-31,King_Haakon,3.241730995,0.8231615628740165,0.8231615628740165,0.5877526775549149,TRUE,TRUE
2011-01-01,King_Haakon,3.173214145,0.8153444058440269,0.8153444058440269,0.5877526775549149,TRUE,TRUE
2011-01-02,King_Haakon,3.048043074,0.7507806346180845,0.7507806346180845,0.5877526775549149,TRUE,TRUE
2011-01-03,King_Haakon,2.953367813,0.7165243596628441,0.7165243596628441,0.5877526775549149,TRUE,TRUE
2011-01-04,King_Haakon,2.886297572,0.7095858724746993,0.7095858724746993,0.5877526775549149,TRUE,TRUE
2011-01-05,King_Haakon,2.786343101,0.669377004550034,0.669377004550034,0.5877526775549149,TRUE,TRUE
2011-01-06,King_Haakon,2.727445095,0.6697395323852455,0.6697395323852455,0.5877526775549149,TRUE,TRUE
2011-01-07,King_Haakon,2.611301725,0.6122727084767161,0.6122727084767161,0.5877526775549149,TRUE,TRUE
2011-01-08,King_Haakon,2.488797473,0.5477620963208334,0.5477620963208334,0.5877526775549149,FALSE,FALSE
2011-01-09,King_Haakon,2.355438783,0.4716152214139924,0.4716152214139924,0.5877526775549149,FALSE,FALSE
2011-01-10,King_Haakon,2.189893717,0.36240122725257673,0.36240122725257673,0.5877526775549149,FALSE,FALSE
2011-01-11,King_Haakon,2.05535681,0.28321573033297787,0.28321573033297787,0.5877526775549149,FALSE,FALSE
2011-01-12,King_Haakon,1.910122534,0.19225428415158508,0.19225428415158508,0.5877526775549149,FALSE,FALSE
2011-01-13,King_Haakon,1.832956482,0.168183563204785,0.168183563204785,0.5877526775549149,FALSE,FALSE
2011-01-14,King_Haakon,1.664745356,0.05179212109789821,0.05179212109789821,0.5877526775549149,FALSE,FALSE
2011-01-15,King_Haakon,1.493249401,-0.06923031032958371,0.06923031032958371,0.5877526775549149,FALSE,FALSE
2011-01-16,King_Haakon,1.373491981,-0.1398962592068449,0.1398962592068449,0.5877526775549149,FALSE,FALSE
2011-01-17,King_Haakon,1.245660931,-0.2200515931114615,0.2200515931114615,0.5877526775549149,FALSE,FALSE
2011-01-18,King_Haakon,1.0869929,-0.3324933656210114,0.3324933656210114,0.5877526775549149,FALSE,FALSE
2011-01-19,King_Haakon,1.007866696,-0.3668764713130739,0.3668764713130739,0.5877526775549149,FALSE,FALSE
2011-01-20,King_Haakon,0.986359265,-0.3451576667652253,0.3451576667652253,0.5877526775549149,FALSE,FALSE
2011-01-21,King_Haakon,0.93807297,-0.3517682915550441,0.3517682915550441,0.5877526775549149,FALSE,FALSE
2011-01-22,King_Haakon,0.913928544,-0.3358213152601073,0.3358213152601073,0.5877526775549149,FALSE,FALSE
2011-01-23,King_Haakon,0.869544311,-0.34173211645799284,0.34173211645799284,0.5877526775549149,FALSE,FALSE
2011-01-24,King_Haakon,0.847649268,-0.3268054007262805,0.3268054007262805,0.5877526775549149,FALSE,FALSE
2011-01-25,King_Haakon,0.821572604,-0.31774568164254613,0.31774568164254613,0.5877526775549149,FALSE,FALSE
2011-01-26,King_Haakon,0.783721543,-0.322179437784367,0.322179437784367,0.5877526775549149,FALSE,FALSE
2011-01-27,King_Haakon,0.731942939,-0.34228471864978316,0.34228471864978316,0.5877526775549149,FALSE,FALSE
2011-01-28,King_Haakon,0.710867121,-0.33339653372942346,0.33339653372942346,0.5877526775549149,FALSE,FALSE
2011-01-29,King_Haakon,0.67987715,-0.33607246147728276,0.33607246147728276,0.5877526775549149,FALSE,FALSE
2011-01-30,King_Haakon,0.613662622,-0.3755634657839192,0.3755634657839192,0.5877526775549149,FALSE,FALSE
2011-01-31,King_Haakon,0.569052188,-0.39498145553989195,0.39498145553989195,0.5877526775549149,FALSE,FALSE
2011-02-01,King_Haakon,0.518814231,-0.4214986076357576,0.4214986076357576,0.5877526775549149,FALSE,FALSE
2011-02-02,King_Haakon,0.488867759,-0.42913647396207566,0.42913647396207566,0.5877526775549149,FALSE,FALSE
2011-02-03,King_Haakon,0.480105331,-0.4169430554094036,0.4169430554094036,0.5877526775549149,FALSE,FALSE
2011-02-04,King_Haakon,0.486181583,-0.39120427586830014,0.39120427586830014,0.5877526775549149,FALSE,FALSE
2011-02-05,King_Haakon,0.451286589,-0.4076706212293238,0.4076706212293238,0.5877526775549149,FALSE,FALSE
2011-02-06,King_Haakon,0.441878605,-0.3998243953830306,0.3998243953830306,0.5877526775549149,FALSE,FALSE
2011-02-07,King_Haakon,0.431544978,-0.3940188112199813,0.3940188112199813,0.5877526775549149,FALSE,FALSE
2011-02-08,King_Haakon,0.44014153,-0.3703389980455257,0.3703389980455257,0.5877526775549149,FALSE,FALSE
2011-02-09,King_Haakon,0.425143923,-0.3713019210468166,0.3713019210468166,0.5877526775549149,FALSE,FALSE
2011-02-10,King_Haakon,0.418702962,-0.3648521733287543,0.3648521733287543,0.5877526775549149,FALSE,FALSE
2011-02-11,King_Haakon,0.411251481,-0.360664469972065,0.360664469972065,0.5877526775549149,FALSE,FALSE
2011-02-12,King_Haakon,0.41457081,-0.34706503005747996,0.34706503005747996,0.5877526775549149,FALSE,FALSE
2011-02-13,King_Haakon,0.410246064,-0.3425762876657282,0.3425762876657282,0.5877526775549149,FALSE,FALSE
2011-02-14,King_Haakon,0.411245362,-0.3343376728775355,0.3343376728775355,0.5877526775549149,FALSE,FALSE
2011-02-15,King_Haakon,0.371090239,-0.3689351997736328,0.3689351997736328,0.5877526775549149,FALSE,FALSE
2011-02-16,King_Haakon,0.362453823,-0.37380328943474733,0.37380328943474733,0.5877526775549149,FALSE,FALSE
2011-02-17,King_Haakon,0.364493085,-0.3698925199416089,0.3698925199416089,0.5877526775549149,FALSE,FALSE
2011-02-18,King_Haakon,0.36194171,-0.37257675537494567,0.37257675537494567,0.5877526775549149,FALSE,FALSE
2011-02-19,King_Haakon,0.362028441,-0.3747348018154856,0.3747348018154856,0.5877526775549149,FALSE,FALSE
2011-02-20,King_Haakon,0.358416565,-0.3828109213439584,0.3828109213439584,0.5877526775549149,FALSE,FALSE
2011-02-21,King_Haakon,0.354982061,-0.3930262561558226,0.3930262561558226,0.5877526775549149,FALSE,FALSE
2011-02-22,King_Haakon,0.355288763,-0.4017876695906826,0.4017876695906826,0.5877526775549149,FALSE,FALSE
2011-02-23,King_Haakon,0.354027785,-0.41429064232227975,0.41429064232227975,0.5877526775549149,FALSE,FALSE
2011-02-24,King_Haakon,0.334401949,-0.4472174267028391,0.4472174267028391,0.5877526775549149,FALSE,FALSE
2011-02-25,King_Haakon,0.328309315,-0.4685550370845895,0.4685550370845895,0.5877526775549149,FALSE,FALSE
2011-02-26,King_Haakon,0.345865897,-0.4680725338197577,0.4680725338197577,0.5877526775549149,FALSE,FALSE
2011-02-27,King_Haakon,0.385705154,-0.4470215322605709,0.4470215322605709,0.5877526775549149,FALSE,FALSE
2011-02-28,King_Haakon,0.38696848700000003,-0.466145705759257,0.466145705759257,0.5877526775549149,FALSE,FALSE
2011-03-01,King_Haakon,0.429640214,-0.4453458106680419,0.4453458106680419,0.5877526775549149,FALSE,FALSE
2011-03-02,King_Haakon,0.465560559,-0.4326666973391546,0.4326666973391546,0.5877526775549149,FALSE,FALSE
2011-03-03,King_Haakon,0.492645141,-0.43007782112482,0.43007782112482,0.5877526775549149,FALSE,FALSE
2011-03-04,King_Haakon,0.501871464,-0.44648675237726687,0.44648675237726687,0.5877526775549149,FALSE,FALSE
2011-03-05,King_Haakon,0.499064239,-0.4759538584311633,0.4759538584311633,0.5877526775549149,FALSE,FALSE
2011-03-06,King_Haakon,0.507177971,-0.49542452680224813,0.49542452680224813,0.5877526775549149,FALSE,FALSE
2011-03-07,King_Haakon,0.517333568,-0.5137259713526492,0.5137259713526492,0.5877526775549149,FALSE,FALSE
2011-03-08,King_Haakon,0.548680658,-0.5116664842416788,0.5116664842416788,0.5877526775549149,FALSE,FALSE
2011-03-09,King_Haakon,0.558991039,-0.5314321876286544,0.5314321876286544,0.5877526775549149,FALSE,FALSE
2011-03-10,King_Haakon,0.55348848,-0.5677572326728912,0.5677572326728912,0.5877526775549149,FALSE,FALSE
2011-03-11,King_Haakon,0.59158811,-0.561184410533702,0.561184410533702,0.5877526775549149,FALSE,FALSE
2011-03-12,King_Haakon,0.621174622,-0.5637869483704027,0.5637869483704027,0.5877526775549149,FALSE,FALSE
2011-03-13,King_Haakon,0.6299726,-0.5877981823423081,0.5877981823423081,0.5877526775549149,TRUE,TRUE
2011-03-14,King_Haakon,0.649917793,-0.6012402836087343,0.6012402836087343,0.5877526775549149,TRUE,TRUE
2011-03-15,King_Haakon,0.678405475,-0.6066758983289949,0.6066758983289949,0.5877526775549149,TRUE,TRUE
2011-03-16,King_Haakon,0.707392466,-0.6121061266624065,0.6121061266624065,0.5877526775549149,TRUE,TRUE
2011-03-17,King_Haakon,0.724184637,-0.6301830177682821,0.6301830177682821,0.5877526775549149,TRUE,TRUE
2011-03-18,King_Haakon,0.71995838,-0.6696879478928321,0.6696879478928321,0.5877526775549149,TRUE,TRUE
2011-03-19,King_Haakon,0.758791695,-0.6664968912746154,0.6664968912746154,0.5877526775549149,TRUE,TRUE
2011-03-20,King_Haakon,0.762389301,-0.6988551345884046,0.6988551345884046,0.5877526775549149,TRUE,TRUE
2011-03-21,King_Haakon,0.750365029,-0.747098665662501,0.747098665662501,0.5877526775549149,TRUE,TRUE
2011-03-22,King_Haakon,0.753444729,-0.7804514533252022,0.7804514533252022,0.5877526775549149,TRUE,TRUE
2011-03-23,King_Haakon,0.775991067,-0.7945006504048059,0.7945006504048059,0.5877526775549149,TRUE,TRUE
2011-03-24,King_Haakon,0.809887609,-0.7973125097296136,0.7973125097296136,0.5877526775549149,TRUE,TRUE
2011-03-25,King_Haakon,0.842155431,-0.8018157741279209,0.8018157741279209,0.5877526775549149,TRUE,TRUE
2011-03-26,King_Haakon,0.886406088,-0.7943487074280313,0.7943487074280313,0.5877526775549149,TRUE,TRUE
2011-03-27,King_Haakon,0.913165878,-0.8043348304582407,0.8043348304582407,0.5877526775549149,TRUE,TRUE
2011-03-28,King_Haakon,0.950194364,-0.8039643990468502,0.8039643990468502,0.5877526775549149,TRUE,TRUE
2011-03-29,King_Haakon,1.010767912,-0.7799108660221559,0.7799108660221559,0.5877526775549149,TRUE,TRUE
2011-03-30,King_Haakon,1.054968073,-0.7720424992124584,0.7720424992124584,0.5877526775549149,TRUE,TRUE
2011-03-31,King_Haakon,1.100852523,-0.7622600226012068,0.7622600226012068,0.5877526775549149,TRUE,TRUE
2011-04-01,King_Haakon,1.122894445,-0.7760955580510205,0.7760955580510205,0.5877526775549149,TRUE,TRUE
2011-04-02,King_Haakon,1.152122685,-0.7825415100621584,0.7825415100621584,0.5877526775549149,TRUE,TRUE
2011-04-03,King_Haakon,1.176986787,-0.7931695983171316,0.7931695983171316,0.5877526775549149,TRUE,TRUE
2011-04-04,King_Haakon,1.221688871,-0.7837989664984457,0.7837989664984457,0.5877526775549149,TRUE,TRUE
2011-04-05,King_Haakon,1.273569239,-0.7671105762886108,0.7671105762886108,0.5877526775549149,TRUE,TRUE
2011-04-06,King_Haakon,1.40999961,-0.6657539723701376,0.6657539723701376,0.5877526775549149,TRUE,TRUE
2011-04-07,King_Haakon,1.432381078,-0.6783493244255301,0.6783493244255301,0.5877526775549149,TRUE,TRUE
2011-04-08,King_Haakon,1.465905751,-0.6797257881372991,0.6797257881372991,0.5877526775549149,TRUE,TRUE
2011-04-09,King_Haakon,1.547405826,-0.6330724301879516,0.6330724301879516,0.5877526775549149,TRUE,TRUE
2011-04-10,King_Haakon,1.641352169,-0.5739396482600008,0.5739396482600008,0.5877526775549149,FALSE,FALSE
2011-04-11,King_Haakon,1.636003552,-0.6140899340359494,0.6140899340359494,0.5877526775549149,TRUE,TRUE
2011-04-12,King_Haakon,1.632638823,-0.6522655381520959,0.6522655381520959,0.5877526775549149,TRUE,TRUE
2011-04-13,King_Haakon,1.62833382,-0.6913999583625952,0.6913999583625952,0.5877526775549149,TRUE,TRUE
2011-04-14,King_Haakon,1.656861962,-0.6977097204159095,0.6977097204159095,0.5877526775549149,TRUE,TRUE
2011-04-15,King_Haakon,1.657001195,-0.7324050118537613,0.7324050118537613,0.5877526775549149,TRUE,TRUE
2011-04-16,King_Haakon,1.72182241,-0.7024030752178765,0.7024030752178765,0.5877526775549149,TRUE,TRUE
2011-04-17,King_Haakon,1.888601451,-0.5704162000499808,0.5704162000499808,0.5877526775549149,FALSE,FALSE
2011-04-18,King_Haakon,1.950466845,-0.5433039928917964,0.5433039928917964,0.5877526775549149,FALSE,FALSE
2011-04-19,King_Haakon,1.966058574,-0.562414605285048,0.562414605285048,0.5877526775549149,FALSE,FALSE
2011-04-20,King_Haakon,1.951943574,-0.6111692347714621,0.6111692347714621,0.5877526775549149,TRUE,FALSE
2011-04-21,King_Haakon,1.944770508,-0.6529073518927642,0.6529073518927642,0.5877526775549149,TRUE,FALSE
2011-04-22,King_Haakon,1.983982987,-0.6481734791906768,0.6481734791906768,0.5877526775549149,TRUE,FALSE
2011-04-23,King_Haakon,2.065685813,-0.6008509482069266,0.6008509482069266,0.5877526775549149,TRUE,FALSE
2011-04-24,King_Haakon,2.180356204,-0.5204506744832358,0.5204506744832358,0.5877526775549149,FALSE,FALSE
2011-04-25,King_Haakon,2.272238187,-0.4627148358331228,0.4627148358331228,0.5877526775549149,FALSE,FALSE
2011-04-26,King_Haakon,2.359635514,-0.4093075670463362,0.4093075670463362,0.5877526775549149,FALSE,FALSE
2011-04-27,King_Haakon,2.433096215,-0.3696386022655527,0.3696386022655527,0.5877526775549149,FALSE,FALSE
2011-04-28,King_Haakon,2.503900318,-0.3323855710025452,0.3323855710025452,0.5877526775549149,FALSE,FALSE
2011-04-29,King_Haakon,2.561185565,-0.3083683887690798,0.3083683887690798,0.5877526775549149,FALSE,FALSE
2011-04-30,King_Haakon,2.623752204,-0.2787444650769353,0.2787444650769353,0.5877526775549149,FALSE,FALSE
2011-05-01,King_Haakon,2.655111305,-0.2799603874378742,0.2799603874378742,0.5877526775549149,FALSE,FALSE
2011-05-02,King_Haakon,2.72275901,-0.24447767136367385,0.24447767136367385,0.5877526775549149,FALSE,FALSE
2011-05-03,King_Haakon,2.787706597,-0.2112426963661007,0.2112426963661007,0.5877526775549149,FALSE,FALSE
2011-05-04,King_Haakon,2.797537824,-0.23262936195692777,0.23262936195692777,0.5877526775549149,FALSE,FALSE
2011-05-05,King_Haakon,2.807008451,-0.2538395656479242,0.2538395656479242,0.5877526775549149,FALSE,FALSE
2011-05-06,King_Haakon,2.833911274,-0.2570381689508645,0.2570381689508645,0.5877526775549149,FALSE,FALSE
2011-05-07,King_Haakon,2.872709579,-0.24771956455193012,0.24771956455193012,0.5877526775549149,FALSE,FALSE
2011-05-08,King_Haakon,2.912429375,-0.2368272272044054,0.2368272272044054,0.5877526775549149,FALSE,FALSE
2011-05-09,King_Haakon,3.029525007,-0.1479077145229284,0.1479077145229284,0.5877526775549149,FALSE,FALSE
2011-05-10,King_Haakon,3.210683538,0.00571996434300459,0.00571996434300459,0.5877526775549149,FALSE,FALSE
2011-05-11,King_Haakon,3.35362236,0.1217671292438931,0.1217671292438931,0.5877526775549149,FALSE,FALSE
2011-05-12,King_Haakon,3.458535677,0.2004219120302424,0.2004219120302424,0.5877526775549149,FALSE,FALSE
2011-05-13,King_Haakon,3.541682808,0.25793755955255326,0.25793755955255326,0.5877526775549149,FALSE,FALSE
2011-05-14,King_Haakon,3.559108979,0.2503532256613261,0.2503532256613261,0.5877526775549149,FALSE,FALSE
2011-05-15,King_Haakon,3.564686556,0.2315352042070664,0.2315352042070664,0.5877526775549149,FALSE,FALSE
2011-05-16,King_Haakon,3.560114607,0.203176491040272,0.203176491040272,0.5877526775549149,FALSE,FALSE
2011-05-17,King_Haakon,3.556529879,0.17640776101145006,0.17640776101145006,0.5877526775549149,FALSE,FALSE
2011-05-18,King_Haakon,3.532875577,0.13016614697109707,0.13016614697109707,0.5877526775549149,FALSE,FALSE
2011-05-19,King_Haakon,3.56007871,0.13537258576971878,0.13537258576971878,0.5877526775549149,FALSE,FALSE
2011-05-20,King_Haakon,3.613214549,0.1670946981177579,0.1670946981177579,0.5877526775549149,FALSE,FALSE
2011-05-21,King_Haakon,3.646688238,0.17970118090782128,0.17970118090782128,0.5877526775549149,FALSE,FALSE
2011-05-22,King_Haakon,3.68427025,0.1969009007196072,0.1969009007196072,0.5877526775549149,FALSE,FALSE
2011-05-23,King_Haakon,3.733224466,0.2258952856548664,0.2258952856548664,0.5877526775549149,FALSE,FALSE
2011-05-24,King_Haakon,3.788172707,0.26124370381534723,0.26124370381534723,0.5877526775549149,FALSE,FALSE
2011-05-25,King_Haakon,3.752584093,0.20635282230279817,0.20635282230279817,0.5877526775549149,FALSE,FALSE
2011-05-26,King_Haakon,3.770223289,0.2049248532189676,0.2049248532189676,0.5877526775549149,FALSE,FALSE
2011-05-27,King_Haakon,3.826799134,0.2426061826656047,0.2426061826656047,0.5877526775549149,FALSE,FALSE
2011-05-28,King_Haakon,3.883780955,0.28080368474445727,0.28080368474445727,0.5877526775549149,FALSE,FALSE
2011-05-29,King_Haakon,3.885733791,0.2640199455572736,0.2640199455572736,0.5877526775549149,FALSE,FALSE
2011-05-30,King_Haakon,3.90034718,0.25988205020580546,0.25988205020580546,0.5877526775549149,FALSE,FALSE
2011-05-31,King_Haakon,3.925069383,0.26577580679179436,0.26577580679179436,0.5877526775549149,FALSE,FALSE
2011-06-01,King_Haakon,3.933888008,0.2556263704169961,0.2556263704169961,0.5877526775549149,FALSE,FALSE
2011-06-02,King_Haakon,3.950582065,0.2531641505358797,0.2531641505358797,0.5877526775549149,FALSE,FALSE
2011-06-03,King_Haakon,3.986228597,0.26947904238034726,0.26947904238034726,0.5877526775549149,FALSE,FALSE
2011-06-04,King_Haakon,4.032879352,0.2966526814462389,0.2966526814462389,0.5877526775549149,FALSE,FALSE
2011-06-05,King_Haakon,4.064331636,0.30851226186042435,0.30851226186042435,0.5877526775549149,FALSE,FALSE
2011-06-06,King_Haakon,4.069104914,0.29360713674977923,0.29360713674977923,0.5877526775549149,FALSE,FALSE
2011-06-07,King_Haakon,4.06817814,0.2729461482411817,0.2729461482411817,0.5877526775549149,FALSE,FALSE
2011-06-08,King_Haakon,4.072505811,0.25751368146149733,0.25751368146149733,0.5877526775549149,FALSE,FALSE
2011-06-09,King_Haakon,4.097974972,0.26322666953760043,0.26322666953760043,0.5877526775549149,FALSE,FALSE
2011-06-10,King_Haakon,4.148536794,0.2940661715963637,0.2940661715963637,0.5877526775549149,FALSE,FALSE
2011-06-11,King_Haakon,4.186504683,0.3123754817646627,0.3123754817646627,0.5877526775549149,FALSE,FALSE
2011-06-12,King_Haakon,4.21417058,0.32047642916937,0.32047642916937,0.5877526775549149,FALSE,FALSE
2011-06-13,King_Haakon,4.240732669,0.3275970859373536,0.3275970859373536,0.5877526775549149,FALSE,FALSE
2011-06-14,King_Haakon,4.248585131,0.31616140124470116,0.31616140124470116,0.5877526775549149,FALSE,FALSE
2011-06-15,King_Haakon,4.285499414,0.33396530333918273,0.33396530333918273,0.5877526775549149,FALSE,FALSE
2011-06-16,King_Haakon,4.287318613,0.3168691131944459,0.3168691131944459,0.5877526775549149,FALSE,FALSE
2011-06-17,King_Haakon,4.289457048,0.3003038511995908,0.3003038511995908,0.5877526775549149,FALSE,FALSE
2011-06-18,King_Haakon,4.262539956,0.2549114547437359,0.2549114547437359,0.5877526775549149,FALSE,FALSE
2011-06-19,King_Haakon,4.248983858,0.2231251452159846,0.2231251452159846,0.5877526775549149,FALSE,FALSE
2011-06-20,King_Haakon,4.247328651,0.20350152000545485,0.20350152000545485,0.5877526775549149,FALSE,FALSE
2011-06-21,King_Haakon,4.281425886,0.21990883050124932,0.21990883050124932,0.5877526775549149,FALSE,FALSE
2011-06-22,King_Haakon,4.286176124,0.20726433809248057,0.20726433809248057,0.5877526775549149,FALSE,FALSE
2011-06-23,King_Haakon,4.24457479,0.14858016816825792,0.14858016816825792,0.5877526775549149,FALSE,FALSE
2011-06-24,King_Haakon,4.218189234,0.10544037111769368,0.10544037111769368,0.5877526775549149,FALSE,FALSE
2011-06-25,King_Haakon,4.24127655,0.11211874132989584,0.11211874132989584,0.5877526775549149,FALSE,FALSE
2011-06-26,King_Haakon,4.262745453,0.1175406941939734,0.1175406941939734,0.5877526775549149,FALSE,FALSE
2011-06-27,King_Haakon,4.280927743,0.12005039266177953,0.12005039266177953,0.5877526775549149,FALSE,FALSE
2011-06-28,King_Haakon,4.289066356,0.11287035981754467,0.11287035981754467,0.5877526775549149,FALSE,FALSE
2011-06-29,King_Haakon,4.275486834,0.0842907481632107,0.0842907481632107,0.5877526775549149,FALSE,FALSE
2011-06-30,King_Haakon,4.310831296,0.10491821019846892,0.10491821019846892,0.5877526775549149,FALSE,FALSE
2011-07-01,King_Haakon,4.354959613,0.13457715042301022,0.13457715042301022,0.5877526775549149,FALSE,FALSE
2011-07-02,King_Haakon,4.387578661,0.15293897833652714,0.15293897833652714,0.5877526775549149,FALSE,FALSE
2011-07-03,King_Haakon,4.408434937,0.15971472443870385,0.15971472443870385,0.5877526775549149,FALSE,FALSE
2011-07-04,King_Haakon,4.42546277,0.16280325122923411,0.16280325122923411,0.5877526775549149,FALSE,FALSE
2011-07-05,King_Haakon,4.463135288,0.1866422202078084,0.1866422202078084,0.5877526775549149,FALSE,FALSE
2011-07-06,King_Haakon,4.455147173,0.1648908468741146,0.1648908468741146,0.5877526775549149,FALSE,FALSE
2011-07-07,King_Haakon,4.436946203,0.13296144272784716,0.13296144272784716,0.5877526775549149,FALSE,FALSE
2011-07-08,King_Haakon,4.397386853,0.07967301626869183,0.07967301626869183,0.5877526775549149,FALSE,FALSE
2011-07-09,King_Haakon,4.388137072,0.05665814119982304,0.05665814119982304,0.5877526775549149,FALSE,FALSE
2011-07-10,King_Haakon,4.38365365,0.03835597087939302,0.03835597087939302,0.5877526775549149,FALSE,FALSE
2011-07-11,King_Haakon,4.365562076,0.00641317825870757,0.00641317825870757,0.5877526775549149,FALSE,FALSE
2011-07-12,King_Haakon,4.320134404,-0.05287186133701827,0.05287186133701827,0.5877526775549149,FALSE,FALSE
2011-07-13,King_Haakon,4.270737838,-0.11610562258258206,0.11610562258258206,0.5877526775549149,FALSE,FALSE
2011-07-14,King_Haakon,4.26764067,-0.13299349215276202,0.13299349215276202,0.5877526775549149,FALSE,FALSE
2011-07-15,King_Haakon,4.283310468,-0.13104158072235172,0.13104158072235172,0.5877526775549149,FALSE,FALSE
2011-07-16,King_Haakon,4.313274874,-0.11469592496613856,0.11469592496613856,0.5877526775549149,FALSE,FALSE
2011-07-17,King_Haakon,4.328121621,-0.11334247055890943,0.11334247055890943,0.5877526775549149,FALSE,FALSE
2011-07-18,King_Haakon,4.38780482,-0.06700078517545816,0.06700078517545816,0.5877526775549149,FALSE,FALSE
2011-07-19,King_Haakon,4.452871768,-0.01509725049056776,0.01509725049056776,0.5877526775549149,FALSE,FALSE
2011-07-20,King_Haakon,4.534728564,0.05380055382097293,0.05380055382097293,0.5877526775549149,FALSE,FALSE
2011-07-21,King_Haakon,4.553370295,0.05971403608437242,0.05971403608437242,0.5877526775549149,FALSE,FALSE
2011-07-22,King_Haakon,4.559229692,0.05310124691558027,0.05310124691558027,0.5877526775549149,FALSE,FALSE
2011-07-23,King_Haakon,4.550962625,0.03262955004108559,0.03262955004108559,0.5877526775549149,FALSE,FALSE
2011-07-24,King_Haakon,4.532853403,0.00258466994786132,0.00258466994786132,0.5877526775549149,FALSE,FALSE
2011-07-25,King_Haakon,4.532131989,-0.00980224349080138,0.00980224349080138,0.5877526775549149,FALSE,FALSE
2011-07-26,King_Haakon,4.555305603,0.00197721659837846,0.00197721659837846,0.5877526775549149,FALSE,FALSE
2011-07-27,King_Haakon,4.574276482,0.0098264740886913,0.0098264740886913,0.5877526775549149,FALSE,FALSE
2011-07-28,King_Haakon,4.522721561,-0.05257634914657672,0.05257634914657672,0.5877526775549149,FALSE,FALSE
2011-07-29,King_Haakon,4.495253285,-0.0906176212341423,0.0906176212341423,0.5877526775549149,FALSE,FALSE
2011-07-30,King_Haakon,4.516038751,-0.08012905830071393,0.08012905830071393,0.5877526775549149,FALSE,FALSE
2011-07-31,King_Haakon,4.545489811,-0.06069762147301016,0.06069762147301016,0.5877526775549149,FALSE,FALSE
2011-08-01,King_Haakon,4.560192966,-0.05573562287774081,0.05573562287774081,0.5877526775549149,FALSE,FALSE
2011-08-02,King_Haakon,4.598659195,-0.0267308966416202,0.0267308966416202,0.5877526775549149,FALSE,FALSE
2011-08-03,King_Haakon,4.61418758,-0.02038317371766407,0.02038317371766407,0.5877526775549149,FALSE,FALSE
2011-08-04,King_Haakon,4.606606358,-0.036858340901051,0.036858340901051,0.5877526775549149,FALSE,FALSE
2011-08-05,King_Haakon,4.626288941,-0.02576019438331389,0.02576019438331389,0.5877526775549149,FALSE,FALSE
2011-08-06,King_Haakon,4.621312188,-0.03898527033210364,0.03898527033210364,0.5877526775549149,FALSE,FALSE
2011-08-07,King_Haakon,4.663613881,-0.00456918191506883,0.00456918191506883,0.5877526775549149,FALSE,FALSE
2011-08-08,King_Haakon,4.704947726,0.02926838170014534,0.02926838170014534,0.5877526775549149,FALSE,FALSE
2011-08-09,King_Haakon,4.701277718,0.01851802034588789,0.01851802034588789,0.5877526775549149,FALSE,FALSE
2011-08-10,King_Haakon,4.693110897,0.00371337885451072,0.00371337885451072,0.5877526775549149,FALSE,FALSE
2011-08-11,King_Haakon,4.686619882,-0.00894631894163744,0.00894631894163744,0.5877526775549149,FALSE,FALSE
2011-08-12,King_Haakon,4.700806187,-4.329542102006201e-4,4.329542102006201e-4,0.5877526775549149,FALSE,FALSE
2011-08-13,King_Haakon,4.70295693,-0.00343280411883029,0.00343280411883029,0.5877526775549149,FALSE,FALSE
2011-08-14,King_Haakon,4.752263877,0.04127250216482725,0.04127250216482725,0.5877526775549149,FALSE,FALSE
2011-08-15,King_Haakon,4.795307957,0.08029049847312475,0.08029049847312475,0.5877526775549149,FALSE,FALSE
2011-08-16,King_Haakon,4.862541452,0.14409813497404222,0.14409813497404222,0.5877526775549149,FALSE,FALSE
2011-08-17,King_Haakon,4.890091526,0.16878968162212882,0.16878968162212882,0.5877526775549149,FALSE,FALSE
2011-08-18,King_Haakon,4.912602153,0.1889103338788818,0.1889103338788818,0.5877526775549149,FALSE,FALSE
2011-08-19,King_Haakon,4.895011605,0.16929597456528267,0.16929597456528267,0.5877526775549149,FALSE,FALSE
2011-08-20,King_Haakon,4.914290966,0.18681529850230483,0.18681529850230483,0.5877526775549149,FALSE,FALSE
2011-08-21,King_Haakon,4.94226271,0.21318839051093263,0.21318839051093263,0.5877526775549149,FALSE,FALSE
2011-08-22,King_Haakon,4.958942309,0.2283283334121391,0.2283283334121391,0.5877526775549149,FALSE,FALSE
2011-08-23,King_Haakon,4.956360488,0.22416346302690385,0.22416346302690385,0.5877526775549149,FALSE,FALSE
2011-08-24,King_Haakon,4.921136806,0.1872109491762055,0.1872109491762055,0.5877526775549149,FALSE,FALSE
2011-08-25,King_Haakon,4.918766159,0.18286329868102055,0.18286329868102055,0.5877526775549149,FALSE,FALSE
2011-08-26,King_Haakon,4.953125243,0.2148948183623265,0.2148948183623265,0.5877526775549149,FALSE,FALSE
2011-08-27,King_Haakon,4.98997459,0.24896365104110263,0.24896365104110263,0.5877526775549149,FALSE,FALSE
2011-08-28,King_Haakon,4.988185648,0.2438388555383284,0.2438388555383284,0.5877526775549149,FALSE,FALSE
2011-08-29,King_Haakon,4.949164668,0.20084565348735503,0.20084565348735503,0.5877526775549149,FALSE,FALSE
2011-08-30,King_Haakon,4.925098495,0.17221967896778612,0.17221967896778612,0.5877526775549149,FALSE,FALSE
2011-08-31,King_Haakon,4.946682682,0.1887540509850094,0.1887540509850094,0.5877526775549149,FALSE,FALSE
2011-09-01,King_Haakon,4.973646632,0.2102758260342048,0.2102758260342048,0.5877526775549149,FALSE,FALSE
2011-09-02,King_Haakon,4.963370457,0.1942627696105479,0.1942627696105479,0.5877526775549149,FALSE,FALSE
2011-09-03,King_Haakon,4.931341609,0.15629998720922345,0.15629998720922345,0.5877526775549149,FALSE,FALSE
2011-09-04,King_Haakon,4.916114686,0.13503973032540806,0.13503973032540806,0.5877526775549149,FALSE,FALSE
2011-09-05,King_Haakon,4.888701676,0.10159164045428516,0.10159164045428516,0.5877526775549149,FALSE,FALSE
2011-09-06,King_Haakon,4.908342532,0.11529332409102722,0.11529332409102722,0.5877526775549149,FALSE,FALSE
2011-09-07,King_Haakon,4.861243361,0.06244854173082359,0.06244854173082359,0.5877526775549149,FALSE,FALSE
2011-09-08,King_Haakon,4.843650282,0.03940106586884617,0.03940106586884617,0.5877526775549149,FALSE,FALSE
2011-09-09,King_Haakon,4.838697706,0.02938296100027404,0.02938296100027404,0.5877526775549149,FALSE,FALSE
2011-09-10,King_Haakon,4.828208284,0.01431409763106206,0.01431409763106206,0.5877526775549149,FALSE,FALSE
2011-09-11,King_Haakon,4.846936216,0.02900469595754362,0.02900469595754362,0.5877526775549149,FALSE,FALSE
2011-09-12,King_Haakon,4.87162914,0.05018385957309235,0.05018385957309235,0.5877526775549149,FALSE,FALSE
2011-09-13,King_Haakon,4.908592798,0.08413094612136618,0.08413094612136618,0.5877526775549149,FALSE,FALSE
2011-09-14,King_Haakon,4.901245193,0.07423757424602417,0.07423757424602417,0.5877526775549149,FALSE,FALSE
2011-09-15,King_Haakon,4.901008622,0.0718996565907144,0.0718996565907144,0.5877526775549149,FALSE,FALSE
2011-09-16,King_Haakon,4.94385802,0.11306574379909495,0.11306574379909495,0.5877526775549149,FALSE,FALSE
2011-09-17,King_Haakon,4.938486595,0.1064026595148233,0.1064026595148233,0.5877526775549149,FALSE,FALSE
2011-09-18,King_Haakon,4.890856479,0.05784615138154958,0.05784615138154958,0.5877526775549149,FALSE,FALSE
2011-09-19,King_Haakon,4.834952059,0.00135422204293167,0.00135422204293167,0.5877526775549149,FALSE,FALSE
2011-09-20,King_Haakon,4.76748298,-0.066389867857378,0.066389867857378,0.5877526775549149,FALSE,FALSE
2011-09-21,King_Haakon,4.727548634,-0.10631311067571936,0.10631311067571936,0.5877526775549149,FALSE,FALSE
2011-09-22,King_Haakon,4.684680028,-0.1489108837684423,0.1489108837684423,0.5877526775549149,FALSE,FALSE
2011-09-23,King_Haakon,4.679820081,-0.15326685667698747,0.15326685667698747,0.5877526775549149,FALSE,FALSE
2011-09-24,King_Haakon,4.674081543,-0.15829705397397564,0.15829705397397564,0.5877526775549149,FALSE,FALSE
2011-09-25,King_Haakon,4.661676858,-0.16981913231214918,0.16981913231214918,0.5877526775549149,FALSE,FALSE
2011-09-26,King_Haakon,4.644007309,-0.186461927950603,0.186461927950603,0.5877526775549149,FALSE,FALSE
2011-09-27,King_Haakon,4.633822867,-0.19550558914845073,0.19550558914845073,0.5877526775549149,FALSE,FALSE
2011-09-28,King_Haakon,4.645124348,-0.18297941916479044,0.18297941916479044,0.5877526775549149,FALSE,FALSE
2011-09-29,King_Haakon,4.607178914,-0.21964637525873257,0.21964637525873257,0.5877526775549149,FALSE,FALSE
2011-09-30,King_Haakon,4.599411337,-0.22611180468937864,0.22611180468937864,0.5877526775549149,FALSE,FALSE
2011-10-01,King_Haakon,4.607277509,-0.21694993471583324,0.21694993471583324,0.5877526775549149,FALSE,FALSE
2011-10-02,King_Haakon,4.609284015,-0.21368429959720103,0.21368429959720103,0.5877526775549149,FALSE,FALSE
2011-10-03,King_Haakon,4.630726919,-0.1910489545925893,0.1910489545925893,0.5877526775549149,FALSE,FALSE
2011-10-04,King_Haakon,4.656832203,-0.16384803696109884,0.16384803696109884,0.5877526775549149,FALSE,FALSE
2011-10-05,King_Haakon,4.652125822,-0.16758569267800105,0.16758569267800105,0.5877526775549149,FALSE,FALSE
2011-10-06,King_Haakon,4.629625642,-0.1892520400530655,0.1892520400530655,0.5877526775549149,FALSE,FALSE
2011-10-07,King_Haakon,4.668054555,-0.15006711413420426,0.15006711413420426,0.5877526775549149,FALSE,FALSE
2011-10-08,King_Haakon,4.712946916,-0.10442758487157366,0.10442758487157366,0.5877526775549149,FALSE,FALSE
2011-10-09,King_Haakon,4.747604001,-0.06896320121532451,0.06896320121532451,0.5877526775549149,FALSE,FALSE
2011-10-10,King_Haakon,4.73593491,-0.07969588811560513,0.07969588811560513,0.5877526775549149,FALSE,FALSE
2011-10-11,King_Haakon,4.704169288,-0.11032702552257678,0.11032702552257678,0.5877526775549149,FALSE,FALSE
2011-10-12,King_Haakon,4.703315144,-0.10977962938638797,0.10977962938638797,0.5877526775549149,FALSE,FALSE
2011-10-13,King_Haakon,4.708653447,-0.10270375565719105,0.10270375565719105,0.5877526775549149,FALSE,FALSE
2011-10-14,King_Haakon,4.735867746,-0.07334688028513803,0.07334688028513803,0.5877526775549149,FALSE,FALSE
2011-10-15,King_Haakon,4.774526649,-0.03207142022038312,0.03207142022038312,0.5877526775549149,FALSE,FALSE
2011-10-16,King_Haakon,4.834698068,0.03125951158691897,0.03125951158691897,0.5877526775549149,FALSE,FALSE
2011-10-17,King_Haakon,4.849176882,0.04950976918661887,0.04950976918661887,0.5877526775549149,FALSE,FALSE
2011-10-18,King_Haakon,4.828836682,0.03361918357884086,0.03361918357884086,0.5877526775549149,FALSE,FALSE
2011-10-19,King_Haakon,4.828631329,0.03854976411795352,0.03854976411795352,0.5877526775549149,FALSE,FALSE
2011-10-20,King_Haakon,4.80819411,0.02388740965681712,0.02388740965681712,0.5877526775549149,FALSE,FALSE
2011-10-21,King_Haakon,4.797965564,0.02002304735156457,0.02002304735156457,0.5877526775549149,FALSE,FALSE
2011-10-22,King_Haakon,4.777353189,0.0063145633583268,0.0063145633583268,0.5877526775549149,FALSE,FALSE
2011-10-23,King_Haakon,4.769507722,0.00586308283323333,0.00586308283323333,0.5877526775549149,FALSE,FALSE
2011-10-24,King_Haakon,4.788366614,0.03255644493241938,0.03255644493241938,0.5877526775549149,FALSE,FALSE
2011-10-25,King_Haakon,4.803887536,0.05630270881202115,0.05630270881202115,0.5877526775549149,FALSE,FALSE
2011-10-26,King_Haakon,4.819402237,0.08038401162816644,0.08038401162816644,0.5877526775549149,FALSE,FALSE
2011-10-27,King_Haakon,4.853731752,0.1235717765369868,0.1235717765369868,0.5877526775549149,FALSE,FALSE
2011-10-28,King_Haakon,4.871662059,0.15060236969461638,0.15060236969461638,0.5877526775549149,FALSE,FALSE
2011-10-29,King_Haakon,4.909451442,0.19768446325718436,0.19768446325718436,0.5877526775549149,FALSE,FALSE
2011-10-30,King_Haakon,4.900344368,0.19801291238082985,0.19801291238082985,0.5877526775549149,FALSE,FALSE
2011-10-31,King_Haakon,4.852678377,0.15988980629509175,0.15988980629509175,0.5877526775549149,FALSE,FALSE
2011-11-01,King_Haakon,4.826512593,0.14340852210779964,0.14340852210779964,0.5877526775549149,FALSE,FALSE
2011-11-02,King_Haakon,4.834297788,0.1610754952495821,0.1610754952495821,0.5877526775549149,FALSE,FALSE
2011-11-03,King_Haakon,4.815761169,0.15267360190672985,0.15267360190672985,0.5877526775549149,FALSE,FALSE
2011-11-04,King_Haakon,4.775052194,0.12240796926552112,0.12240796926552112,0.5877526775549149,FALSE,FALSE
2011-11-05,King_Haakon,4.757441228,0.11560463151224808,0.11560463151224808,0.5877526775549149,FALSE,FALSE
2011-11-06,King_Haakon,4.756028149,0.1254191358331891,0.1254191358331891,0.5877526775549149,FALSE,FALSE
2011-11-07,King_Haakon,4.739019923,0.12011411741463451,0.12011411741463451,0.5877526775549149,FALSE,FALSE
2011-11-08,King_Haakon,4.752413502,0.14574219744286854,0.14574219744286854,0.5877526775549149,FALSE,FALSE
2011-11-09,King_Haakon,4.787828323,0.1939784821041783,0.1939784821041783,0.5877526775549149,FALSE,FALSE
2011-11-10,King_Haakon,4.783691629,0.2033058835848456,0.2033058835848456,0.5877526775549149,FALSE,FALSE
2011-11-11,King_Haakon,4.798055464,0.231832115071156,0.231832115071156,0.5877526775549149,FALSE,FALSE
2011-11-12,King_Haakon,4.81402248,0.2627157988344324,0.2627157988344324,0.5877526775549149,FALSE,FALSE
2011-11-13,King_Haakon,4.820354215,0.28479109886906606,0.28479109886906606,0.5877526775549149,FALSE,FALSE
2011-11-14,King_Haakon,4.813560891,0.2946659001966374,0.2946659001966374,0.5877526775549149,FALSE,FALSE
2011-11-15,King_Haakon,4.811349887,0.31014730998099616,0.31014730998099616,0.5877526775549149,FALSE,FALSE
2011-11-16,King_Haakon,4.79360449,0.31121834338598386,0.31121834338598386,0.5877526775549149,FALSE,FALSE
2011-11-17,King_Haakon,4.781836932,0.3194909605754441,0.3194909605754441,0.5877526775549149,FALSE,FALSE
2011-11-18,King_Haakon,4.764129325,0.3231470017132221,0.3231470017132221,0.5877526775549149,FALSE,FALSE
2011-11-19,King_Haakon,4.751826057,0.3336305829631607,0.3336305829631607,0.5877526775549149,FALSE,FALSE
2011-11-20,King_Haakon,4.72596756,0.33208186448910393,0.33208186448910393,0.5877526775549149,FALSE,FALSE
2011-11-21,King_Haakon,4.706094712,0.3381414524548969,0.3381414524548969,0.5877526775549149,FALSE,FALSE
2011-11-22,King_Haakon,4.676641444,0.33634300602438305,0.33634300602438305,0.5877526775549149,FALSE,FALSE
2011-11-23,King_Haakon,4.628902117,0.318080614361409,0.318080614361409,0.5877526775549149,FALSE,FALSE
2011-11-24,King_Haakon,4.600043227,0.32062050162981226,0.32062050162981226,0.5877526775549149,FALSE,FALSE
2011-11-25,King_Haakon,4.544857732,0.2988380063481042,0.2988380063481042,0.5877526775549149,FALSE,FALSE
2011-11-26,King_Haakon,4.485585408,0.27490856155701504,0.27490856155701504,0.5877526775549149,FALSE,FALSE
2011-11-27,King_Haakon,4.415577948,0.2420457409288046,0.2420457409288046,0.5877526775549149,FALSE,FALSE
2011-11-28,King_Haakon,4.349386215,0.2146617293225912,0.2146617293225912,0.5877526775549149,FALSE,FALSE
2011-11-29,King_Haakon,4.299840253,0.20544789259749585,0.20544789259749585,0.5877526775549149,FALSE,FALSE
2011-11-30,King_Haakon,4.266771751,0.214097241612639,0.214097241612639,0.5877526775549149,FALSE,FALSE
2011-12-01,King_Haakon,4.273796426,0.2640868152271336,0.2640868152271336,0.5877526775549149,FALSE,FALSE
2011-12-02,King_Haakon,4.260504497,0.29486815430010616,0.29486815430010616,0.5877526775549149,FALSE,FALSE
2011-12-03,King_Haakon,4.253316803,0.3327234196906712,0.3327234196906712,0.5877526775549149,FALSE,FALSE
2011-12-04,King_Haakon,4.212820234,0.3381008232579479,0.3381008232579479,0.5877526775549149,FALSE,FALSE
2011-12-05,King_Haakon,4.190783797,0.3626306938610568,0.3626306938610568,0.5877526775549149,FALSE,FALSE
2011-12-06,King_Haakon,4.145401759,0.3643686203591159,0.3643686203591159,0.5877526775549149,FALSE,FALSE
2011-12-07,King_Haakon,4.103855732,0.3703576977612824,0.3703576977612824,0.5877526775549149,FALSE,FALSE
2011-12-08,King_Haakon,4.044751417,0.35911513620509083,0.35911513620509083,0.5877526775549149,FALSE,FALSE
2011-12-09,King_Haakon,4.020999838,0.3835841134812043,0.3835841134812043,0.5877526775549149,FALSE,FALSE
2011-12-10,King_Haakon,3.986296323,0.3975099332852139,0.3975099332852139,0.5877526775549149,FALSE,FALSE
2011-12-11,King_Haakon,3.938909675,0.3992113743127046,0.3992113743127046,0.5877526775549149,FALSE,FALSE
2011-12-12,King_Haakon,3.87207263,0.3819711482592645,0.3819711482592645,0.5877526775549149,FALSE,FALSE
2011-12-13,King_Haakon,3.800733095,0.3607871378204828,0.3607871378204828,0.5877526775549149,FALSE,FALSE
2011-12-14,King_Haakon,3.742576905,0.3533951536919462,0.3533951536919462,0.5877526775549149,FALSE,FALSE
2011-12-15,King_Haakon,3.572463491,0.23470460256924364,0.23470460256924364,0.5877526775549149,FALSE,FALSE
2011-12-16,King_Haakon,3.521466479,0.23583908614796245,0.23583908614796245,0.5877526775549149,FALSE,FALSE
2011-12-17,King_Haakon,3.425894663,0.19315737412369097,0.19315737412369097,0.5877526775549149,FALSE,FALSE
2011-12-18,King_Haakon,3.274190128,0.09515152719201848,0.09515152719201848,0.5877526775549149,FALSE,FALSE
2011-12-19,King_Haakon,3.223300078,0.09881872504853062,0.09881872504853062,0.5877526775549149,FALSE,FALSE
2011-12-20,King_Haakon,3.118125453,0.04910548835394746,0.04910548835394746,0.5877526775549149,FALSE,FALSE
2011-12-21,King_Haakon,2.891814842,-0.12086350720395124,0.12086350720395124,0.5877526775549149,FALSE,FALSE
2011-12-22,King_Haakon,2.721564683,-0.23397120848579211,0.23397120848579211,0.5877526775549149,FALSE,FALSE
2011-12-23,King_Haakon,2.538468178,-0.3592053441735552,0.3592053441735552,0.5877526775549149,FALSE,FALSE
2011-12-24,King_Haakon,2.406085281,-0.4330868909492187,0.4330868909492187,0.5877526775549149,FALSE,FALSE
2011-12-25,King_Haakon,2.28846795,-0.4916448214947535,0.4916448214947535,0.5877526775549149,FALSE,FALSE
2011-12-26,King_Haakon,2.182670251,-0.537906000492137,0.537906000492137,0.5877526775549149,FALSE,FALSE
2011-12-27,King_Haakon,2.085425233,-0.5752183096233479,0.5752183096233479,0.5877526775549149,FALSE,FALSE
2011-12-28,King_Haakon,2.04567768,-0.5547178955703655,0.5547178955703655,0.5877526775549149,FALSE,FALSE
2011-12-29,King_Haakon,1.991493753,-0.5484195280151563,0.5484195280151563,0.5877526775549149,FALSE,FALSE
2011-12-30,King_Haakon,1.948913802,-0.530363787639706,0.530363787639706,0.5877526775549149,FALSE,FALSE
2011-12-31,King_Haakon,1.883326758,-0.5352426741259837,0.5352426741259837,0.5877526775549149,FALSE,FALSE
2012-01-01,King_Haakon,1.83181848,-0.5260512591559734,0.5260512591559734,0.5877526775549149,FALSE,FALSE
2012-01-02,King_Haakon,1.738396502,-0.5588659373819156,0.5588659373819156,0.5877526775549149,FALSE,FALSE
2012-01-03,King_Haakon,1.674621404,-0.5622220493371557,0.5622220493371557,0.5877526775549149,FALSE,FALSE
2012-01-04,King_Haakon,1.624976675,-0.5517350245253008,0.5517350245253008,0.5877526775549149,FALSE,FALSE
2012-01-05,King_Haakon,1.533201635,-0.583764461449966,0.583764461449966,0.5877526775549149,FALSE,FALSE
2012-01-06,King_Haakon,1.481806733,-0.5758988296147547,0.5758988296147547,0.5877526775549149,FALSE,FALSE
2012-01-07,King_Haakon,1.469763002,-0.5292660145232839,0.5292660145232839,0.5877526775549149,FALSE,FALSE
2012-01-08,King_Haakon,1.450919613,-0.49011576367916665,0.49011576367916665,0.5877526775549149,FALSE,FALSE
2012-01-09,King_Haakon,1.439321452,-0.4445021095860075,0.4445021095860075,0.5877526775549149,FALSE,FALSE
2012-01-10,King_Haakon,1.409245728,-0.41824676174742326,0.41824676174742326,0.5877526775549149,FALSE,FALSE
2012-01-11,King_Haakon,1.410053363,-0.3620877166670222,0.3620877166670222,0.5877526775549149,FALSE,FALSE
2012-01-12,King_Haakon,1.405019397,-0.312848852848415,0.312848852848415,0.5877526775549149,FALSE,FALSE
2012-01-13,King_Haakon,1.398722446,-0.2660504727952149,0.2660504727952149,0.5877526775549149,FALSE,FALSE
2012-01-14,King_Haakon,1.378183603,-0.23476963190210176,0.23476963190210176,0.5877526775549149,FALSE,FALSE
2012-01-15,King_Haakon,1.354368534,-0.2081111773295836,0.2081111773295836,0.5877526775549149,FALSE,FALSE
2012-01-16,King_Haakon,1.324936589,-0.1884516512068448,0.1884516512068448,0.5877526775549149,FALSE,FALSE
2012-01-17,King_Haakon,1.316260726,-0.14945179811146136,0.14945179811146136,0.5877526775549149,FALSE,FALSE
2012-01-18,King_Haakon,1.303397037,-0.11608922862101134,0.11608922862101134,0.5877526775549149,FALSE,FALSE
2012-01-19,King_Haakon,1.284352485,-0.0903906823130738,0.0903906823130738,0.5877526775549149,FALSE,FALSE
2012-01-20,King_Haakon,1.291384928,-0.0401320037652253,0.0401320037652253,0.5877526775549149,FALSE,FALSE
2012-01-21,King_Haakon,1.297198649,0.00735738744495595,0.00735738744495595,0.5877526775549149,FALSE,FALSE
2012-01-22,King_Haakon,1.272372809,0.02262294973989265,0.02262294973989265,0.5877526775549149,FALSE,FALSE
2012-01-23,King_Haakon,1.216470528,0.0051941005420073,0.0051941005420073,0.5877526775549149,FALSE,FALSE
2012-01-24,King_Haakon,1.205843803,0.03138913427371959,0.03138913427371959,0.5877526775549149,FALSE,FALSE
2012-01-25,King_Haakon,1.161545069,0.02222678335745387,0.02222678335745387,0.5877526775549149,FALSE,FALSE
2012-01-26,King_Haakon,1.136739077,0.03083809621563316,0.03083809621563316,0.5877526775549149,FALSE,FALSE
2012-01-27,King_Haakon,1.096062149,0.02183449135021686,0.02183449135021686,0.5877526775549149,FALSE,FALSE
2012-01-28,King_Haakon,1.097361632,0.05309797727057641,0.05309797727057641,0.5877526775549149,FALSE,FALSE
2012-01-29,King_Haakon,1.091499793,0.07555018152271731,0.07555018152271731,0.5877526775549149,FALSE,FALSE
2012-01-30,King_Haakon,1.054318451,0.06509236321608092,0.06509236321608092,0.5877526775549149,FALSE,FALSE
2012-01-31,King_Haakon,1.036001091,0.07196744746010797,0.07196744746010797,0.5877526775549149,FALSE,FALSE
2012-02-01,King_Haakon,1.026172879,0.08586004036424233,0.08586004036424233,0.5877526775549149,FALSE,FALSE
2012-02-02,King_Haakon,1.015770683,0.09776645003792428,0.09776645003792428,0.5877526775549149,FALSE,FALSE
2012-02-03,King_Haakon,1.030598695,0.13355030859059625,0.13355030859059625,0.5877526775549149,FALSE,FALSE
2012-02-04,King_Haakon,1.025555054,0.1481691951316999,0.1481691951316999,0.5877526775549149,FALSE,FALSE
2012-02-05,King_Haakon,1.022020589,0.16306337877067625,0.16306337877067625,0.5877526775549149,FALSE,FALSE
2012-02-06,King_Haakon,1.021756833,0.1800538326169694,0.1800538326169694,0.5877526775549149,FALSE,FALSE
2012-02-07,King_Haakon,1.032754881,0.2071910917800187,0.2071910917800187,0.5877526775549149,FALSE,FALSE
2012-02-08,King_Haakon,1.029673996,0.21919346795447436,0.21919346795447436,0.5877526775549149,FALSE,FALSE
2012-02-09,King_Haakon,1.010063156,0.21361731195318345,0.21361731195318345,0.5877526775549149,FALSE,FALSE
2012-02-10,King_Haakon,1.00250149,0.21894635467124568,0.21894635467124568,0.5877526775549149,FALSE,FALSE
2012-02-11,King_Haakon,1.000935231,0.22901928002793492,0.22901928002793492,0.5877526775549149,FALSE,FALSE
2012-02-12,King_Haakon,0.982674601,0.2210387609425201,0.2210387609425201,0.5877526775549149,FALSE,FALSE
2012-02-13,King_Haakon,0.958815397,0.20599304533427176,0.20599304533427176,0.5877526775549149,FALSE,FALSE
2012-02-14,King_Haakon,0.938808338,0.19322530312246444,0.19322530312246444,0.5877526775549149,FALSE,FALSE
2012-02-15,King_Haakon,0.928208853,0.1881834142263672,0.1881834142263672,0.5877526775549149,FALSE,FALSE
2012-02-16,King_Haakon,0.890081911,0.15382479856525266,0.15382479856525266,0.5877526775549149,FALSE,FALSE
2012-02-17,King_Haakon,0.862791013,0.12840540805839118,0.12840540805839118,0.5877526775549149,FALSE,FALSE
2012-02-18,King_Haakon,0.856290661,0.12177219562505426,0.12177219562505426,0.5877526775549149,FALSE,FALSE
2012-02-19,King_Haakon,0.825787687,0.0890244441845145,0.0890244441845145,0.5877526775549149,FALSE,FALSE
2012-02-20,King_Haakon,0.784042906,0.04281541965604163,0.04281541965604163,0.5877526775549149,FALSE,FALSE
2012-02-21,King_Haakon,0.745082894,-0.00292542315582255,0.00292542315582255,0.5877526775549149,FALSE,FALSE
2012-02-22,King_Haakon,0.74131453,-0.01576190259068255,0.01576190259068255,0.5877526775549149,FALSE,FALSE
2012-02-23,King_Haakon,0.741145517,-0.02717291032227975,0.02717291032227975,0.5877526775549149,FALSE,FALSE
2012-02-24,King_Haakon,0.722414466,-0.05920490970283909,0.05920490970283909,0.5877526775549149,FALSE,FALSE
2012-02-25,King_Haakon,0.693579996,-0.10328435608458952,0.10328435608458952,0.5877526775549149,FALSE,FALSE
2012-02-26,King_Haakon,0.646546821,-0.16739160981975765,0.16739160981975765,0.5877526775549149,FALSE,FALSE
2012-02-27,King_Haakon,0.703725781,-0.12900090526057084,0.12900090526057084,0.5877526775549149,FALSE,FALSE
2012-02-28,King_Haakon,0.738740858,-0.11437333475925704,0.11437333475925704,0.5877526775549149,FALSE,FALSE
2012-03-01,King_Haakon,0.82798271,-0.07024454633915456,0.07024454633915456,0.5877526775549149,FALSE,FALSE
2012-03-02,King_Haakon,0.832886847,-0.08983611512481993,0.08983611512481993,0.5877526775549149,FALSE,FALSE
2012-03-03,King_Haakon,0.822894224,-0.1254639923772669,0.1254639923772669,0.5877526775549149,FALSE,FALSE
2012-03-04,King_Haakon,0.87085911,-0.10415898743116324,0.10415898743116324,0.5877526775549149,FALSE,FALSE
2012-03-05,King_Haakon,0.9120064,-0.09059609780224807,0.09059609780224807,0.5877526775549149,FALSE,FALSE
2012-03-06,King_Haakon,0.947686695,-0.08337284435264913,0.08337284435264913,0.5877526775549149,FALSE,FALSE
2012-03-07,King_Haakon,0.964860459,-0.09548668324167886,0.09548668324167886,0.5877526775549149,FALSE,FALSE
2012-03-08,King_Haakon,1.057577592,-0.03284563462865453,0.03284563462865453,0.5877526775549149,FALSE,FALSE
2012-03-09,King_Haakon,1.114171714,-0.00707399867289115,0.00707399867289115,0.5877526775549149,FALSE,FALSE
2012-03-10,King_Haakon,1.166105503,0.01333298246629799,0.01333298246629799,0.5877526775549149,FALSE,FALSE
2012-03-11,King_Haakon,1.2223463,0.03738472962959749,0.03738472962959749,0.5877526775549149,FALSE,FALSE
2012-03-12,King_Haakon,1.275786563,0.05801578065769197,0.05801578065769197,0.5877526775549149,FALSE,FALSE
2012-03-13,King_Haakon,1.35283632,0.10167824339126574,0.10167824339126574,0.5877526775549149,FALSE,FALSE
2012-03-14,King_Haakon,1.385863372,0.100781998671005,0.100781998671005,0.5877526775549149,FALSE,FALSE
2012-03-15,King_Haakon,1.415659603,0.0961610103375934,0.0961610103375934,0.5877526775549149,FALSE,FALSE
2012-03-16,King_Haakon,1.454145535,0.09977788023171796,0.09977788023171796,0.5877526775549149,FALSE,FALSE
2012-03-17,King_Haakon,1.481654938,0.09200861010716777,0.09200861010716777,0.5877526775549149,FALSE,FALSE
2012-03-18,King_Haakon,1.491245839,0.06595725272538466,0.06595725272538466,0.5877526775549149,FALSE,FALSE
2012-03-19,King_Haakon,1.545509567,0.08426513141159542,0.08426513141159542,0.5877526775549149,FALSE,FALSE
2012-03-20,King_Haakon,1.557086549,0.05962285433749903,0.05962285433749903,0.5877526775549149,FALSE,FALSE
2012-03-21,King_Haakon,1.572322425,0.03842624267479788,0.03842624267479788,0.5877526775549149,FALSE,FALSE
2012-03-22,King_Haakon,1.630200887,0.05970916959519412,0.05970916959519412,0.5877526775549149,FALSE,FALSE
2012-03-23,King_Haakon,1.630829,0.02362888127038642,0.02362888127038642,0.5877526775549149,FALSE,FALSE
2012-03-24,King_Haakon,1.609222586,-0.03474861912792093,0.03474861912792093,0.5877526775549149,FALSE,FALSE
2012-03-25,King_Haakon,1.595335412,-0.08541938342803124,0.08541938342803124,0.5877526775549149,FALSE,FALSE
2012-03-26,King_Haakon,1.635507287,-0.08199342145824073,0.08199342145824073,0.5877526775549149,FALSE,FALSE
2012-03-27,King_Haakon,1.695329947,-0.05882881604685019,0.05882881604685019,0.5877526775549149,FALSE,FALSE
2012-03-28,King_Haakon,1.718334129,-0.07234464902215576,0.07234464902215576,0.5877526775549149,FALSE,FALSE
2012-03-29,King_Haakon,1.741182962,-0.08582761021245844,0.08582761021245844,0.5877526775549149,FALSE,FALSE
2012-03-30,King_Haakon,1.766648869,-0.0964636766012068,0.0964636766012068,0.5877526775549149,FALSE,FALSE
2012-03-31,King_Haakon,1.7803416460000001,-0.1186483570510204,0.1186483570510204,0.5877526775549149,FALSE,FALSE
2012-04-01,King_Haakon,1.789120873,-0.14554332206215848,0.14554332206215848,0.5877526775549149,FALSE,FALSE
2012-04-02,King_Haakon,1.803591287,-0.16656509831713162,0.16656509831713162,0.5877526775549149,FALSE,FALSE
2012-04-03,King_Haakon,1.851148288,-0.15433954949844564,0.15433954949844564,0.5877526775549149,FALSE,FALSE
2012-04-04,King_Haakon,1.872183558,-0.16849625728861084,0.16849625728861084,0.5877526775549149,FALSE,FALSE
2012-04-05,King_Haakon,1.885190983,-0.19056259937013764,0.19056259937013764,0.5877526775549149,FALSE,FALSE
2012-04-06,King_Haakon,1.89430829,-0.2164221124255301,0.2164221124255301,0.5877526775549149,FALSE,FALSE
2012-04-07,King_Haakon,1.919503878,-0.2261276611372991,0.2261276611372991,0.5877526775549149,FALSE,FALSE
2012-04-08,King_Haakon,1.92935835,-0.25111990618795166,0.25111990618795166,0.5877526775549149,FALSE,FALSE
2012-04-09,King_Haakon,1.936348097,-0.2789437202600007,0.2789437202600007,0.5877526775549149,FALSE,FALSE
2012-04-10,King_Haakon,1.96594228,-0.28415120603594946,0.28415120603594946,0.5877526775549149,FALSE,FALSE
2012-04-11,King_Haakon,1.993549474,-0.2913548871520959,0.2913548871520959,0.5877526775549149,FALSE,FALSE
2012-04-12,King_Haakon,2.009555571,-0.31017820736259516,0.31017820736259516,0.5877526775549149,FALSE,FALSE
2012-04-13,King_Haakon,2.05719301,-0.2973786724159093,0.2973786724159093,0.5877526775549149,FALSE,FALSE
2012-04-14,King_Haakon,2.078500496,-0.3109057108537612,0.3109057108537612,0.5877526775549149,FALSE,FALSE
2012-04-15,King_Haakon,2.139220276,-0.2850052092178763,0.2850052092178763,0.5877526775549149,FALSE,FALSE
2012-04-16,King_Haakon,2.218222516,-0.24079513504998085,0.24079513504998085,0.5877526775549149,FALSE,FALSE
2012-04-17,King_Haakon,2.28360394,-0.21016689789179657,0.21016689789179657,0.5877526775549149,FALSE,FALSE
2012-04-18,King_Haakon,2.327549452,-0.20092372728504815,0.20092372728504815,0.5877526775549149,FALSE,FALSE
2012-04-19,King_Haakon,2.34487373,-0.21823907877146187,0.21823907877146187,0.5877526775549149,FALSE,FALSE
2012-04-20,King_Haakon,2.376326583,-0.22135127689276413,0.22135127689276413,0.5877526775549149,FALSE,FALSE
2012-04-21,King_Haakon,2.428657256,-0.2034992101906767,0.2034992101906767,0.5877526775549149,FALSE,FALSE
2012-04-22,King_Haakon,2.467477335,-0.1990594262069267,0.1990594262069267,0.5877526775549149,FALSE,FALSE
2012-04-23,King_Haakon,2.536021651,-0.164785227483236,0.164785227483236,0.5877526775549149,FALSE,FALSE
2012-04-24,King_Haakon,2.581460234,-0.15349278883312278,0.15349278883312278,0.5877526775549149,FALSE,FALSE
2012-04-25,King_Haakon,2.636591973,-0.1323511080463362,0.1323511080463362,0.5877526775549149,FALSE,FALSE
2012-04-26,King_Haakon,2.659854942,-0.14287987526555268,0.14287987526555268,0.5877526775549149,FALSE,FALSE
2012-04-27,King_Haakon,2.652425112,-0.1838607770025451,0.1838607770025451,0.5877526775549149,FALSE,FALSE
2012-04-28,King_Haakon,2.677226549,-0.19232740476908017,0.19232740476908017,0.5877526775549149,FALSE,FALSE
2012-04-29,King_Haakon,2.699514369,-0.2029823000769353,0.2029823000769353,0.5877526775549149,FALSE,FALSE
2012-04-30,King_Haakon,2.685157829,-0.24991386343787436,0.24991386343787436,0.5877526775549149,FALSE,FALSE
2012-05-01,King_Haakon,2.693038385,-0.27419829636367377,0.27419829636367377,0.5877526775549149,FALSE,FALSE
2012-05-02,King_Haakon,2.700323328,-0.29862596536610075,0.29862596536610075,0.5877526775549149,FALSE,FALSE
2012-05-03,King_Haakon,2.745208613,-0.2849585729569277,0.2849585729569277,0.5877526775549149,FALSE,FALSE
2012-05-04,King_Haakon,2.808011126,-0.2528368906479246,0.2528368906479246,0.5877526775549149,FALSE,FALSE
2012-05-05,King_Haakon,2.892554056,-0.1983953869508648,0.1983953869508648,0.5877526775549149,FALSE,FALSE
2012-05-06,King_Haakon,2.982166856,-0.13826228755192993,0.13826228755192993,0.5877526775549149,FALSE,FALSE
2012-05-07,King_Haakon,3.070299198,-0.07895740420440545,0.07895740420440545,0.5877526775549149,FALSE,FALSE
2012-05-08,King_Haakon,3.126691423,-0.05074129852292852,0.05074129852292852,0.5877526775549149,FALSE,FALSE
2012-05-09,King_Haakon,3.194777484,-0.01018608965699563,0.01018608965699563,0.5877526775549149,FALSE,FALSE
2012-05-10,King_Haakon,3.218980699,-0.0128745317561072,0.0128745317561072,0.5877526775549149,FALSE,FALSE
2012-05-11,King_Haakon,3.267355754,0.00924198903024242,0.00924198903024242,0.5877526775549149,FALSE,FALSE
2012-05-12,King_Haakon,3.316418034,0.03267278555255304,0.03267278555255304,0.5877526775549149,FALSE,FALSE
2012-05-13,King_Haakon,3.339391213,0.03063545966132608,0.03063545966132608,0.5877526775549149,FALSE,FALSE
2012-05-14,King_Haakon,3.358924893,0.02577354120706676,0.02577354120706676,0.5877526775549149,FALSE,FALSE
2012-05-15,King_Haakon,3.389129212,0.03219109604027181,0.03219109604027181,0.5877526775549149,FALSE,FALSE
2012-05-16,King_Haakon,3.39658194,0.0164598220114498,0.0164598220114498,0.5877526775549149,FALSE,FALSE
2012-05-17,King_Haakon,3.395532734,-0.0071766960289028,0.0071766960289028,0.5877526775549149,FALSE,FALSE
2012-05-18,King_Haakon,3.416195504,-0.00851062023028115,0.00851062023028115,0.5877526775549149,FALSE,FALSE
2012-05-19,King_Haakon,3.414866526,-0.03125332488224197,0.03125332488224197,0.5877526775549149,FALSE,FALSE
2012-05-20,King_Haakon,3.401921401,-0.06506565609217851,0.06506565609217851,0.5877526775549149,FALSE,FALSE
2012-05-21,King_Haakon,3.388553164,-0.0988161852803926,0.0988161852803926,0.5877526775549149,FALSE,FALSE
2012-05-22,King_Haakon,3.389339064,-0.11799011634513334,0.11799011634513334,0.5877526775549149,FALSE,FALSE
2012-05-23,King_Haakon,3.391133045,-0.13579595818465284,0.13579595818465284,0.5877526775549149,FALSE,FALSE
2012-05-24,King_Haakon,3.393925152,-0.15230611869720168,0.15230611869720168,0.5877526775549149,FALSE,FALSE
2012-05-25,King_Haakon,3.381568922,-0.1837295137810324,0.1837295137810324,0.5877526775549149,FALSE,FALSE
2012-05-26,King_Haakon,3.35585579,-0.22833716133439497,0.22833716133439497,0.5877526775549149,FALSE,FALSE
2012-05-27,King_Haakon,3.363467199,-0.2395100712555429,0.2395100712555429,0.5877526775549149,FALSE,FALSE
2012-05-28,King_Haakon,3.347065265,-0.27464858044272633,0.27464858044272633,0.5877526775549149,FALSE,FALSE
2012-05-29,King_Haakon,3.306257752,-0.3342073777941943,0.3342073777941943,0.5877526775549149,FALSE,FALSE
2012-05-30,King_Haakon,3.255731207,-0.4035623692082053,0.4035623692082053,0.5877526775549149,FALSE,FALSE
2012-05-31,King_Haakon,3.242679522,-0.43558211558300375,0.43558211558300375,0.5877526775549149,FALSE,FALSE
2012-06-01,King_Haakon,3.254052962,-0.44336495246412033,0.44336495246412033,0.5877526775549149,FALSE,FALSE
2012-06-02,King_Haakon,3.323555977,-0.3931935776196531,0.3931935776196531,0.5877526775549149,FALSE,FALSE
2012-06-03,King_Haakon,3.357361834,-0.378864836553761,0.378864836553761,0.5877526775549149,FALSE,FALSE
2012-06-04,King_Haakon,3.397939347,-0.3578800271395761,0.3578800271395761,0.5877526775549149,FALSE,FALSE
2012-06-05,King_Haakon,3.401847997,-0.3736497802502212,0.3736497802502212,0.5877526775549149,FALSE,FALSE
2012-06-06,King_Haakon,3.367380337,-0.4278516547588178,0.4278516547588178,0.5877526775549149,FALSE,FALSE
2012-06-07,King_Haakon,3.371629701,-0.44336242853850294,0.44336242853850294,0.5877526775549149,FALSE,FALSE
2012-06-08,King_Haakon,3.37486693,-0.4598813724623998,0.4598813724623998,0.5877526775549149,FALSE,FALSE
2012-06-09,King_Haakon,3.355251528,-0.4992190944036361,0.4992190944036361,0.5877526775549149,FALSE,FALSE
2012-06-10,King_Haakon,3.361312934,-0.5128162672353374,0.5128162672353374,0.5877526775549149,FALSE,FALSE
2012-06-11,King_Haakon,3.365558915,-0.5281352358306304,0.5281352358306304,0.5877526775549149,FALSE,FALSE
2012-06-12,King_Haakon,3.41456805,-0.498567533062646,0.498567533062646,0.5877526775549149,FALSE,FALSE
2012-06-13,King_Haakon,3.49003494,-0.4423887897552983,0.4423887897552983,0.5877526775549149,FALSE,FALSE
2012-06-14,King_Haakon,3.605997558,-0.3455365526608176,0.3455365526608176,0.5877526775549149,FALSE,FALSE
2012-06-15,King_Haakon,3.64105299,-0.32939650980555424,0.32939650980555424,0.5877526775549149,FALSE,FALSE
2012-06-16,King_Haakon,3.661644557,-0.32750863980040945,0.32750863980040945,0.5877526775549149,FALSE,FALSE
2012-06-17,King_Haakon,3.729031103,-0.2785973982562644,0.2785973982562644,0.5877526775549149,FALSE,FALSE
2012-06-18,King_Haakon,3.801666363,-0.22419234978401548,0.22419234978401548,0.5877526775549149,FALSE,FALSE
2012-06-19,King_Haakon,3.857472883,-0.18635424799454547,0.18635424799454547,0.5877526775549149,FALSE,FALSE
2012-06-20,King_Haakon,3.86995544,-0.19156161549875073,0.19156161549875073,0.5877526775549149,FALSE,FALSE
2012-06-21,King_Haakon,3.835841765,-0.24307002090751917,0.24307002090751917,0.5877526775549149,FALSE,FALSE
2012-06-22,King_Haakon,3.842999249,-0.2529953728317418,0.2529953728317418,0.5877526775549149,FALSE,FALSE
2012-06-23,King_Haakon,3.859052741,-0.2536961218823057,0.2536961218823057,0.5877526775549149,FALSE,FALSE
2012-06-24,King_Haakon,3.870436536,-0.25872127267010425,0.25872127267010425,0.5877526775549149,FALSE,FALSE
2012-06-25,King_Haakon,3.919903429,-0.2253013298060265,0.2253013298060265,0.5877526775549149,FALSE,FALSE
2012-06-26,King_Haakon,4.025804406,-0.13507294433822103,0.13507294433822103,0.5877526775549149,FALSE,FALSE
2012-06-27,King_Haakon,4.082864423,-0.09333157318245532,0.09333157318245532,0.5877526775549149,FALSE,FALSE
2012-06-28,King_Haakon,4.142278702,-0.04891738383678934,0.04891738383678934,0.5877526775549149,FALSE,FALSE
2012-06-29,King_Haakon,4.131518724,-0.0743943618015308,0.0743943618015308,0.5877526775549149,FALSE,FALSE
2012-06-30,King_Haakon,4.139965121,-0.08041734157698954,0.08041734157698954,0.5877526775549149,FALSE,FALSE
2012-07-01,King_Haakon,4.157789436,-0.07685024666347307,0.07685024666347307,0.5877526775549149,FALSE,FALSE
2012-07-02,King_Haakon,4.199058944,-0.04966126856129627,0.04966126856129627,0.5877526775549149,FALSE,FALSE
2012-07-03,King_Haakon,4.203928954,-0.05873056477076588,0.05873056477076588,0.5877526775549149,FALSE,FALSE
2012-07-04,King_Haakon,4.163316867,-0.11317620079219191,0.11317620079219191,0.5877526775549149,FALSE,FALSE
2012-07-05,King_Haakon,4.21551725,-0.07473907612588526,0.07473907612588526,0.5877526775549149,FALSE,FALSE
2012-07-06,King_Haakon,4.289030718,-0.01495404227215235,0.01495404227215235,0.5877526775549149,FALSE,FALSE
2012-07-07,King_Haakon,4.313343624,-0.00437021273130877,0.00437021273130877,0.5877526775549149,FALSE,FALSE
2012-07-08,King_Haakon,4.351892577,0.020413646199823,0.020413646199823,0.5877526775549149,FALSE,FALSE
2012-07-09,King_Haakon,4.352258184,0.00696050487939281,0.00696050487939281,0.5877526775549149,FALSE,FALSE
2012-07-10,King_Haakon,4.374408933,0.01526003525870756,0.01526003525870756,0.5877526775549149,FALSE,FALSE
2012-07-11,King_Haakon,4.410015484,0.03700921866298135,0.03700921866298135,0.5877526775549149,FALSE,FALSE
2012-07-12,King_Haakon,4.396507398,0.00966393741741811,0.00966393741741811,0.5877526775549149,FALSE,FALSE
2012-07-13,King_Haakon,4.426742303,0.02610814084723856,0.02610814084723856,0.5877526775549149,FALSE,FALSE
2012-07-14,King_Haakon,4.458808429,0.04445638027764875,0.04445638027764875,0.5877526775549149,FALSE,FALSE
2012-07-15,King_Haakon,4.466041747,0.03807094803386146,0.03807094803386146,0.5877526775549149,FALSE,FALSE
2012-07-16,King_Haakon,4.463222504,0.02175841244109033,0.02175841244109033,0.5877526775549149,FALSE,FALSE
2012-07-17,King_Haakon,4.42088514,-0.03392046517545832,0.03392046517545832,0.5877526775549149,FALSE,FALSE
2012-07-18,King_Haakon,4.411811468,-0.05615755049056759,0.05615755049056759,0.5877526775549149,FALSE,FALSE
2012-07-19,King_Haakon,4.472457081,-0.00847092917902703,0.00847092917902703,0.5877526775549149,FALSE,FALSE
2012-07-20,King_Haakon,4.511901735,0.0182454760843731,0.0182454760843731,0.5877526775549149,FALSE,FALSE
2012-07-21,King_Haakon,4.492575669,-0.01355277608441962,0.01355277608441962,0.5877526775549149,FALSE,FALSE
2012-07-22,King_Haakon,4.486675517,-0.03165755795891467,0.03165755795891467,0.5877526775549149,FALSE,FALSE
2012-07-23,King_Haakon,4.529225772,-0.0010429610521383,0.0010429610521383,0.5877526775549149,FALSE,FALSE
2012-07-24,King_Haakon,4.542297317,3.6308450919886326e-4,3.6308450919886326e-4,0.5877526775549149,FALSE,FALSE
2012-07-25,King_Haakon,4.571105192,0.01777680559837868,0.01777680559837868,0.5877526775549149,FALSE,FALSE
2012-07-26,King_Haakon,4.606504226,0.04205421808869136,0.04205421808869136,0.5877526775549149,FALSE,FALSE
2012-07-27,King_Haakon,4.59241202,0.01711410985342354,0.01711410985342354,0.5877526775549149,FALSE,FALSE
2012-07-28,King_Haakon,4.584289691,-0.00158121523414234,0.00158121523414234,0.5877526775549149,FALSE,FALSE
2012-07-29,King_Haakon,4.563442495,-0.03272531430071357,0.03272531430071357,0.5877526775549149,FALSE,FALSE
2012-07-30,King_Haakon,4.559309558,-0.04687787447301073,0.04687787447301073,0.5877526775549149,FALSE,FALSE
2012-07-31,King_Haakon,4.642551928,0.026623339122259,0.026623339122259,0.5877526775549149,FALSE,FALSE
2012-08-01,King_Haakon,4.724655923,0.0992658313583803,0.0992658313583803,0.5877526775549149,FALSE,FALSE
2012-08-02,King_Haakon,4.792033709,0.15746295528233567,0.15746295528233567,0.5877526775549149,FALSE,FALSE
2012-08-03,King_Haakon,4.838347363,0.19488266409894897,0.19488266409894897,0.5877526775549149,FALSE,FALSE
2012-08-04,King_Haakon,4.872606233,0.22055709761668577,0.22055709761668577,0.5877526775549149,FALSE,FALSE
2012-08-05,King_Haakon,4.895685456,0.2353879976678961,0.2353879976678961,0.5877526775549149,FALSE,FALSE
2012-08-06,King_Haakon,4.899500032,0.23131696908493105,0.23131696908493105,0.5877526775549149,FALSE,FALSE
2012-08-07,King_Haakon,4.879529852,0.20385050770014512,0.20385050770014512,0.5877526775549149,FALSE,FALSE
2012-08-08,King_Haakon,4.861250785,0.17849108734588803,0.17849108734588803,0.5877526775549149,FALSE,FALSE
2012-08-09,King_Haakon,4.873980516,0.18458299785450993,0.18458299785450993,0.5877526775549149,FALSE,FALSE
2012-08-10,King_Haakon,4.862227265,0.16666106405836256,0.16666106405836256,0.5877526775549149,FALSE,FALSE
2012-08-11,King_Haakon,4.868494097,0.1672549557897991,0.1672549557897991,0.5877526775549149,FALSE,FALSE
2012-08-12,King_Haakon,4.863416243,0.1570265088811693,0.1570265088811693,0.5877526775549149,FALSE,FALSE
2012-08-13,King_Haakon,4.865281154,0.15428977916482722,0.15428977916482722,0.5877526775549149,FALSE,FALSE
2012-08-14,King_Haakon,4.864184621,0.14916716247312412,0.14916716247312412,0.5877526775549149,FALSE,FALSE
2012-08-15,King_Haakon,4.862254894,0.14381157697404223,0.14381157697404223,0.5877526775549149,FALSE,FALSE
2012-08-16,King_Haakon,4.868325515,0.1470236706221293,0.1470236706221293,0.5877526775549149,FALSE,FALSE
2012-08-17,King_Haakon,4.87067066,0.1469788408788819,0.1469788408788819,0.5877526775549149,FALSE,FALSE
2012-08-18,King_Haakon,4.859970719,0.13425508856528268,0.13425508856528268,0.5877526775549149,FALSE,FALSE
2012-08-19,King_Haakon,4.851674838,0.12419917050230468,0.12419917050230468,0.5877526775549149,FALSE,FALSE
2012-08-20,King_Haakon,4.83971685,0.11064253051093333,0.11064253051093333,0.5877526775549149,FALSE,FALSE
2012-08-21,King_Haakon,4.828803251,0.09818927541213895,0.09818927541213895,0.5877526775549149,FALSE,FALSE
2012-08-22,King_Haakon,4.814674736,0.08247771102690393,0.08247771102690393,0.5877526775549149,FALSE,FALSE
2012-08-23,King_Haakon,4.818253092,0.08432723517620566,0.08432723517620566,0.5877526775549149,FALSE,FALSE
2012-08-24,King_Haakon,4.847195692,0.11129283168102068,0.11129283168102068,0.5877526775549149,FALSE,FALSE
2012-08-25,King_Haakon,4.877075212,0.13884478736232708,0.13884478736232708,0.5877526775549149,FALSE,FALSE
2012-08-26,King_Haakon,4.975762763,0.23475182404110215,0.23475182404110215,0.5877526775549149,FALSE,FALSE
2012-08-27,King_Haakon,5.010731546,0.26638475353832813,0.26638475353832813,0.5877526775549149,FALSE,FALSE
2012-08-28,King_Haakon,5.002160925,0.25384191048735527,0.25384191048735527,0.5877526775549149,FALSE,FALSE
2012-08-29,King_Haakon,5.004255231,0.25137641496778595,0.25137641496778595,0.5877526775549149,FALSE,FALSE
2012-08-30,King_Haakon,5.016880018,0.25895138698500997,0.25895138698500997,0.5877526775549149,FALSE,FALSE
2012-08-31,King_Haakon,5.034484359,0.2711135530342048,0.2711135530342048,0.5877526775549149,FALSE,FALSE
2012-09-01,King_Haakon,5.046501865,0.27739417761054774,0.27739417761054774,0.5877526775549149,FALSE,FALSE
2012-09-02,King_Haakon,5.089796929,0.3147553072092233,0.3147553072092233,0.5877526775549149,FALSE,FALSE
2012-09-03,King_Haakon,5.123771815,0.3426968593254074,0.3426968593254074,0.5877526775549149,FALSE,FALSE
2012-09-04,King_Haakon,5.127267185,0.340157149454285,0.340157149454285,0.5877526775549149,FALSE,FALSE
2012-09-05,King_Haakon,5.13828586,0.3452366520910273,0.3452366520910273,0.5877526775549149,FALSE,FALSE
2012-09-06,King_Haakon,5.154618695,0.35582387573082386,0.35582387573082386,0.5877526775549149,FALSE,FALSE
2012-09-07,King_Haakon,5.159057226,0.3548080098688464,0.3548080098688464,0.5877526775549149,FALSE,FALSE
2012-09-08,King_Haakon,5.137690826,0.3283760810002745,0.3283760810002745,0.5877526775549149,FALSE,FALSE
2012-09-09,King_Haakon,5.130114013,0.3162198266310625,0.3162198266310625,0.5877526775549149,FALSE,FALSE
2012-09-10,King_Haakon,5.114219016,0.2962874959575439,0.2962874959575439,0.5877526775549149,FALSE,FALSE
2012-09-11,King_Haakon,5.089556524,0.2681112435730926,0.2681112435730926,0.5877526775549149,FALSE,FALSE
2012-09-12,King_Haakon,5.048666727,0.2242048751213659,0.2242048751213659,0.5877526775549149,FALSE,FALSE
2012-09-13,King_Haakon,5.003436054,0.1764284352460237,0.1764284352460237,0.5877526775549149,FALSE,FALSE
2012-09-14,King_Haakon,4.975199011,0.14609004559071437,0.14609004559071437,0.5877526775549149,FALSE,FALSE
2012-09-15,King_Haakon,4.946832529,0.11604025279909448,0.11604025279909448,0.5877526775549149,FALSE,FALSE
2012-09-16,King_Haakon,4.945571651,0.1134877155148235,0.1134877155148235,0.5877526775549149,FALSE,FALSE
2012-09-17,King_Haakon,4.941120642,0.10811031438154917,0.10811031438154917,0.5877526775549149,FALSE,FALSE
2012-09-18,King_Haakon,4.959522458,0.12592462104293212,0.12592462104293212,0.5877526775549149,FALSE,FALSE
2012-09-19,King_Haakon,5.039040033,0.20516718514262244,0.20516718514262244,0.5877526775549149,FALSE,FALSE
2012-09-20,King_Haakon,5.088190826,0.2543290813242809,0.2543290813242809,0.5877526775549149,FALSE,FALSE
2012-09-21,King_Haakon,5.13638977,0.30279885823155794,0.30279885823155794,0.5877526775549149,FALSE,FALSE
2012-09-22,King_Haakon,5.190049007,0.35696206932301244,0.35696206932301244,0.5877526775549149,FALSE,FALSE
2012-09-23,King_Haakon,5.199108836,0.3667302390260243,0.3667302390260243,0.5877526775549149,FALSE,FALSE
2012-09-24,King_Haakon,5.23296809,0.4014720996878509,0.4014720996878509,0.5877526775549149,FALSE,FALSE
2012-09-25,King_Haakon,5.269181311,0.4387120740493966,0.4387120740493966,0.5877526775549149,FALSE,FALSE
2012-09-26,King_Haakon,5.291771999,0.462443542851549,0.462443542851549,0.5877526775549149,FALSE,FALSE
2012-09-27,King_Haakon,5.282645114,0.4545413468352093,0.4545413468352093,0.5877526775549149,FALSE,FALSE
2012-09-28,King_Haakon,5.277411029,0.4505857397412667,0.4505857397412667,0.5877526775549149,FALSE,FALSE
2012-09-29,King_Haakon,5.250622561,0.4250994193106212,0.4250994193106212,0.5877526775549149,FALSE,FALSE
2012-09-30,King_Haakon,5.1968925,0.37266505628416624,0.37266505628416624,0.5877526775549149,FALSE,FALSE
2012-10-01,King_Haakon,5.146749634,0.32378131940279875,0.32378131940279875,0.5877526775549149,FALSE,FALSE
2012-10-02,King_Haakon,5.109742317,0.2879664434074112,0.2879664434074112,0.5877526775549149,FALSE,FALSE
2012-10-03,King_Haakon,5.091196544,0.27051630403890137,0.27051630403890137,0.5877526775549149,FALSE,FALSE
2012-10-04,King_Haakon,5.029699623,0.20998810832199857,0.20998810832199857,0.5877526775549149,FALSE,FALSE
2012-10-05,King_Haakon,4.983807124,0.16492944194693493,0.16492944194693493,0.5877526775549149,FALSE,FALSE
2012-10-06,King_Haakon,4.940105952,0.1219842828657951,0.1219842828657951,0.5877526775549149,FALSE,FALSE
2012-10-07,King_Haakon,4.911324971,0.0939504701284264,0.0939504701284264,0.5877526775549149,FALSE,FALSE
2012-10-08,King_Haakon,4.861691795,0.04512459278467506,0.04512459278467506,0.5877526775549149,FALSE,FALSE
2012-10-09,King_Haakon,4.825410918,0.00978011988439497,0.00978011988439497,0.5877526775549149,FALSE,FALSE
2012-10-10,King_Haakon,4.804432891,-0.01006342252257663,0.01006342252257663,0.5877526775549149,FALSE,FALSE
2012-10-11,King_Haakon,4.778576061,-0.03451871238638837,0.03451871238638837,0.5877526775549149,FALSE,FALSE
2012-10-12,King_Haakon,4.790667752,-0.02068945065719063,0.02068945065719063,0.5877526775549149,FALSE,FALSE
2012-10-13,King_Haakon,4.773671041,-0.03554358528513823,0.03554358528513823,0.5877526775549149,FALSE,FALSE
2012-10-14,King_Haakon,4.777684909,-0.02891316022038292,0.02891316022038292,0.5877526775549149,FALSE,FALSE
2012-10-15,King_Haakon,4.750365383,-0.05307317341308071,0.05307317341308071,0.5877526775549149,FALSE,FALSE
2012-10-16,King_Haakon,4.766596897,-0.03307021581338088,0.03307021581338088,0.5877526775549149,FALSE,FALSE
2012-10-17,King_Haakon,4.749523193,-0.0456943054211596,0.0456943054211596,0.5877526775549149,FALSE,FALSE
2012-10-18,King_Haakon,4.739065883,-0.05101568188204641,0.05101568188204641,0.5877526775549149,FALSE,FALSE
2012-10-19,King_Haakon,4.732216836,-0.05208986434318241,0.05208986434318241,0.5877526775549149,FALSE,FALSE
2012-10-20,King_Haakon,4.730363702,-0.0475788146484355,0.0475788146484355,0.5877526775549149,FALSE,FALSE
2012-10-21,King_Haakon,4.741115868,-0.02992275764167384,0.02992275764167384,0.5877526775549149,FALSE,FALSE
2012-10-22,King_Haakon,4.749677919,-0.01396672016676703,0.01396672016676703,0.5877526775549149,FALSE,FALSE
2012-10-23,King_Haakon,4.72320409,-0.03260607906758039,0.03260607906758039,0.5877526775549149,FALSE,FALSE
2012-10-24,King_Haakon,4.683934109,-0.0636507181879793,0.0636507181879793,0.5877526775549149,FALSE,FALSE
2012-10-25,King_Haakon,4.674320194,-0.06469803137183394,0.06469803137183394,0.5877526775549149,FALSE,FALSE
2012-10-26,King_Haakon,4.648565695,-0.08159428046301276,0.08159428046301276,0.5877526775549149,FALSE,FALSE
2012-10-27,King_Haakon,4.623525579,-0.09753411030538396,0.09753411030538396,0.5877526775549149,FALSE,FALSE
2012-10-28,King_Haakon,4.591870296,-0.11989668274281584,0.11989668274281584,0.5877526775549149,FALSE,FALSE
2012-10-29,King_Haakon,4.570797604,-0.13153385161916997,0.13153385161916997,0.5877526775549149,FALSE,FALSE
2012-10-30,King_Haakon,4.563397823,-0.12939074770490855,0.12939074770490855,0.5877526775549149,FALSE,FALSE
2012-10-31,King_Haakon,4.533820469,-0.14928360189220058,0.14928360189220058,0.5877526775549149,FALSE,FALSE
2012-11-01,King_Haakon,4.500105073,-0.17311721975041738,0.17311721975041738,0.5877526775549149,FALSE,FALSE
2012-11-02,King_Haakon,4.473023979,-0.1900635880932704,0.1900635880932704,0.5877526775549149,FALSE,FALSE
2012-11-03,King_Haakon,4.439250638,-0.21339358673447872,0.21339358673447872,0.5877526775549149,FALSE,FALSE
2012-11-04,King_Haakon,4.444361403,-0.1974751934877519,0.1974751934877519,0.5877526775549149,FALSE,FALSE
2012-11-05,King_Haakon,4.45579659,-0.17481242316681023,0.17481242316681023,0.5877526775549149,FALSE,FALSE
2012-11-06,King_Haakon,4.471273682,-0.1476321235853657,0.1476321235853657,0.5877526775549149,FALSE,FALSE
2012-11-07,King_Haakon,4.459350868,-0.14732043655713145,0.14732043655713145,0.5877526775549149,FALSE,FALSE
2012-11-08,King_Haakon,4.435571098,-0.15827874289582233,0.15827874289582233,0.5877526775549149,FALSE,FALSE
2012-11-09,King_Haakon,4.423510536,-0.15687520941515398,0.15687520941515398,0.5877526775549149,FALSE,FALSE
2012-11-10,King_Haakon,4.425985803,-0.1402375459288443,0.1402375459288443,0.5877526775549149,FALSE,FALSE
2012-11-11,King_Haakon,4.428100172,-0.12320650916556808,0.12320650916556808,0.5877526775549149,FALSE,FALSE
2012-11-12,King_Haakon,4.448772719,-0.08679039713093406,0.08679039713093406,0.5877526775549149,FALSE,FALSE
2012-11-13,King_Haakon,4.448274842,-0.07062014880336243,0.07062014880336243,0.5877526775549149,FALSE,FALSE
2012-11-14,King_Haakon,4.431665735,-0.06953684201900412,0.06953684201900412,0.5877526775549149,FALSE,FALSE
2012-11-15,King_Haakon,4.414767118,-0.0676190286140157,0.0676190286140157,0.5877526775549149,FALSE,FALSE
2012-11-16,King_Haakon,4.408946777,-0.05339919442455621,0.05339919442455621,0.5877526775549149,FALSE,FALSE
2012-11-17,King_Haakon,4.411462181,-0.02952014228677768,0.02952014228677768,0.5877526775549149,FALSE,FALSE
2012-11-18,King_Haakon,4.404581606,-0.01361386803683917,0.01361386803683917,0.5877526775549149,FALSE,FALSE
2012-11-19,King_Haakon,4.35723044,-0.03665525551089566,0.03665525551089566,0.5877526775549149,FALSE,FALSE
2012-11-20,King_Haakon,4.313566946,-0.05438631354510281,0.05438631354510281,0.5877526775549149,FALSE,FALSE
2012-11-21,King_Haakon,4.300547653,-0.03975078497561757,0.03975078497561757,0.5877526775549149,FALSE,FALSE
2012-11-22,King_Haakon,4.273673829,-0.03714767363859117,0.03714767363859117,0.5877526775549149,FALSE,FALSE
2012-11-23,King_Haakon,4.213519673,-0.0659030523701869,0.0659030523701869,0.5877526775549149,FALSE,FALSE
2012-11-24,King_Haakon,4.163064092,-0.08295563365189551,0.08295563365189551,0.5877526775549149,FALSE,FALSE
2012-11-25,King_Haakon,4.126700604,-0.08397624244298552,0.08397624244298552,0.5877526775549149,FALSE,FALSE
2012-11-26,King_Haakon,4.074139521,-0.09939268607119534,0.09939268607119534,0.5877526775549149,FALSE,FALSE
2012-11-27,King_Haakon,4.029393264,-0.10533122167740848,0.10533122167740848,0.5877526775549149,FALSE,FALSE
2012-11-28,King_Haakon,3.947726391,-0.14666596940250454,0.14666596940250454,0.5877526775549149,FALSE,FALSE
2012-11-29,King_Haakon,3.90642236,-0.1462521493873612,0.1462521493873612,0.5877526775549149,FALSE,FALSE
2012-11-30,King_Haakon,3.85417191,-0.15553770077286622,0.15553770077286622,0.5877526775549149,FALSE,FALSE
2012-12-01,King_Haakon,3.78670511,-0.17893123269989397,0.17893123269989397,0.5877526775549149,FALSE,FALSE
2012-12-02,King_Haakon,3.714763101,-0.20583028230932857,0.20583028230932857,0.5877526775549149,FALSE,FALSE
2012-12-03,King_Haakon,3.614300604,-0.26041880674205187,0.26041880674205187,0.5877526775549149,FALSE,FALSE
2012-12-04,King_Haakon,3.510942047,-0.3172110561389432,0.3172110561389432,0.5877526775549149,FALSE,FALSE
2012-12-05,King_Haakon,3.486253566,-0.2947795726408846,0.2947795726408846,0.5877526775549149,FALSE,FALSE
2012-12-06,King_Haakon,3.460158503,-0.2733395312387179,0.2733395312387179,0.5877526775549149,FALSE,FALSE
2012-12-07,King_Haakon,3.429376371,-0.25625990979490876,0.25625990979490876,0.5877526775549149,FALSE,FALSE
2012-12-08,King_Haakon,3.404111724,-0.23330400051879563,0.23330400051879563,0.5877526775549149,FALSE,FALSE
2012-12-09,King_Haakon,3.355842173,-0.2329442167147859,0.2329442167147859,0.5877526775549149,FALSE,FALSE
2012-12-10,King_Haakon,3.315604563,-0.22409373768729557,0.22409373768729557,0.5877526775549149,FALSE,FALSE
2012-12-11,King_Haakon,3.270575469,-0.21952601274073524,0.21952601274073524,0.5877526775549149,FALSE,FALSE
2012-12-12,King_Haakon,3.231375418,-0.2085705391795174,0.2085705391795174,0.5877526775549149,FALSE,FALSE
2012-12-13,King_Haakon,3.165670597,-0.22351115430805368,0.22351115430805368,0.5877526775549149,FALSE,FALSE
2012-12-14,King_Haakon,3.099733462,-0.2380254264307564,0.2380254264307564,0.5877526775549149,FALSE,FALSE
2012-12-15,King_Haakon,3.051897563,-0.2337298298520376,0.2337298298520376,0.5877526775549149,FALSE,FALSE
2012-12-16,King_Haakon,2.997394507,-0.23534278187630875,0.23534278187630875,0.5877526775549149,FALSE,FALSE
2012-12-17,King_Haakon,2.929535465,-0.24950313580798156,0.24950313580798156,0.5877526775549149,FALSE,FALSE
2012-12-18,King_Haakon,2.813089241,-0.3113921119514691,0.3113921119514691,0.5877526775549149,FALSE,FALSE
2012-12-19,King_Haakon,2.7438928,-0.32512716464605296,0.32512716464605296,0.5877526775549149,FALSE,FALSE
2012-12-20,King_Haakon,2.67647358,-0.33620476920395115,0.33620476920395115,0.5877526775549149,FALSE,FALSE
2012-12-21,King_Haakon,2.598222435,-0.35731345648579227,0.35731345648579227,0.5877526775549149,FALSE,FALSE
2012-12-22,King_Haakon,2.541518937,-0.356154585173555,0.356154585173555,0.5877526775549149,FALSE,FALSE
2012-12-23,King_Haakon,2.489644203,-0.3495279689492188,0.3495279689492188,0.5877526775549149,FALSE,FALSE
2012-12-24,King_Haakon,2.411716155,-0.3683966164947532,0.3683966164947532,0.5877526775549149,FALSE,FALSE
2012-12-25,King_Haakon,2.380042417,-0.3405338344921369,0.3405338344921369,0.5877526775549149,FALSE,FALSE
2012-12-26,King_Haakon,2.33234626,-0.3282972826233479,0.3282972826233479,0.5877526775549149,FALSE,FALSE
2012-12-27,King_Haakon,2.29742926,-0.30296631557036546,0.30296631557036546,0.5877526775549149,FALSE,FALSE
2012-12-28,King_Haakon,2.198431351,-0.34148193001515637,0.34148193001515637,0.5877526775549149,FALSE,FALSE
2012-12-29,King_Haakon,2.066436354,-0.4128412356397062,0.4128412356397062,0.5877526775549149,FALSE,FALSE
2012-12-30,King_Haakon,1.999825431,-0.41874400112598353,0.41874400112598353,0.5877526775549149,FALSE,FALSE
2012-12-31,King_Haakon,1.943462549,-0.4144071901559721,0.4144071901559721,0.5877526775549149,FALSE,FALSE
2013-01-01,King_Haakon,1.904689172,-0.4531805671559732,0.4531805671559732,0.5877526775549149,FALSE,FALSE
2013-01-02,King_Haakon,1.888726933,-0.4085355063819156,0.4085355063819156,0.5877526775549149,FALSE,FALSE
2013-01-03,King_Haakon,1.866186423,-0.3706570303371557,0.3706570303371557,0.5877526775549149,FALSE,FALSE
2013-01-04,King_Haakon,1.830068974,-0.34664272552530084,0.34664272552530084,0.5877526775549149,FALSE,FALSE
2013-01-05,King_Haakon,1.808097979,-0.3088681174499659,0.3088681174499659,0.5877526775549149,FALSE,FALSE
2013-01-06,King_Haakon,1.790047389,-0.26765817361475475,0.26765817361475475,0.5877526775549149,FALSE,FALSE
2013-01-07,King_Haakon,1.78478319,-0.21424582652328408,0.21424582652328408,0.5877526775549149,FALSE,FALSE
2013-01-08,King_Haakon,1.769178705,-0.17185667167916652,0.17185667167916652,0.5877526775549149,FALSE,FALSE
2013-01-09,King_Haakon,1.712286414,-0.1715371475860075,0.1715371475860075,0.5877526775549149,FALSE,FALSE
2013-01-10,King_Haakon,1.709658287,-0.11783420274742308,0.11783420274742308,0.5877526775549149,FALSE,FALSE
2013-01-11,King_Haakon,1.675887151,-0.09625392866702231,0.09625392866702231,0.5877526775549149,FALSE,FALSE
2013-01-12,King_Haakon,1.655258302,-0.062609947848415,0.062609947848415,0.5877526775549149,FALSE,FALSE
2013-01-13,King_Haakon,1.645618952,-0.01915396679521497,0.01915396679521497,0.5877526775549149,FALSE,FALSE
2013-01-14,King_Haakon,1.629646672,0.01669343709789816,0.01669343709789816,0.5877526775549149,FALSE,FALSE
2013-01-15,King_Haakon,1.621449996,0.05897028467041632,0.05897028467041632,0.5877526775549149,FALSE,FALSE
2013-01-16,King_Haakon,1.593489794,0.08010155379315509,0.08010155379315509,0.5877526775549149,FALSE,FALSE
2013-01-17,King_Haakon,1.545216943,0.07950441888853854,0.07950441888853854,0.5877526775549149,FALSE,FALSE
2013-01-18,King_Haakon,1.50106586,0.08157959437898854,0.08157959437898854,0.5877526775549149,FALSE,FALSE
2013-01-19,King_Haakon,1.487398809,0.1126556416869262,0.1126556416869262,0.5877526775549149,FALSE,FALSE
2013-01-20,King_Haakon,1.447575936,0.11605900423477468,0.11605900423477468,0.5877526775549149,FALSE,FALSE
2013-01-21,King_Haakon,1.417496994,0.12765573244495587,0.12765573244495587,0.5877526775549149,FALSE,FALSE
2013-01-22,King_Haakon,1.394484341,0.14473448173989278,0.14473448173989278,0.5877526775549149,FALSE,FALSE
2013-01-23,King_Haakon,1.367710915,0.15643448754200717,0.15643448754200717,0.5877526775549149,FALSE,FALSE
2013-01-24,King_Haakon,1.339707365,0.16525269627371952,0.16525269627371952,0.5877526775549149,FALSE,FALSE
2013-01-25,King_Haakon,1.304111928,0.16479364235745386,0.16479364235745386,0.5877526775549149,FALSE,FALSE
2013-01-26,King_Haakon,1.286447371,0.180546390215633,0.180546390215633,0.5877526775549149,FALSE,FALSE
2013-01-27,King_Haakon,1.313595332,0.23936767435021689,0.23936767435021689,0.5877526775549149,FALSE,FALSE
2013-01-28,King_Haakon,1.28858152,0.2443178652705764,0.2443178652705764,0.5877526775549149,FALSE,FALSE
2013-01-29,King_Haakon,1.278979652,0.2630300405227173,0.2630300405227173,0.5877526775549149,FALSE,FALSE
2013-01-30,King_Haakon,1.223005372,0.23377928421608085,0.23377928421608085,0.5877526775549149,FALSE,FALSE
2013-01-31,King_Haakon,1.203518706,0.23948506246010817,0.23948506246010817,0.5877526775549149,FALSE,FALSE
2013-02-01,King_Haakon,1.172518888,0.23220604936424227,0.23220604936424227,0.5877526775549149,FALSE,FALSE
2013-02-02,King_Haakon,1.162808366,0.24480413303792423,0.24480413303792423,0.5877526775549149,FALSE,FALSE
2013-02-03,King_Haakon,1.139312671,0.24226428459059648,0.24226428459059648,0.5877526775549149,FALSE,FALSE
2013-02-04,King_Haakon,1.128046944,0.25066108513169993,0.25066108513169993,0.5877526775549149,FALSE,FALSE
2013-02-05,King_Haakon,1.126917055,0.26795984477067625,0.26795984477067625,0.5877526775549149,FALSE,FALSE
2013-02-06,King_Haakon,1.100988416,0.2592854156169695,0.2592854156169695,0.5877526775549149,FALSE,FALSE
2013-02-07,King_Haakon,1.104531159,0.2789673697800187,0.2789673697800187,0.5877526775549149,FALSE,FALSE
2013-02-08,King_Haakon,1.111256173,0.3007756449544742,0.3007756449544742,0.5877526775549149,FALSE,FALSE
2013-02-09,King_Haakon,1.095436423,0.2989905789531835,0.2989905789531835,0.5877526775549149,FALSE,FALSE
2013-02-10,King_Haakon,1.064384095,0.28082895967124577,0.28082895967124577,0.5877526775549149,FALSE,FALSE
2013-02-11,King_Haakon,1.056155312,0.284239361027935,0.284239361027935,0.5877526775549149,FALSE,FALSE
2013-02-12,King_Haakon,1.048138643,0.28650280294251995,0.28650280294251995,0.5877526775549149,FALSE,FALSE
2013-02-13,King_Haakon,1.03343025,0.2806078983342719,0.2806078983342719,0.5877526775549149,FALSE,FALSE
2013-02-14,King_Haakon,1.044507589,0.29892455412246444,0.29892455412246444,0.5877526775549149,FALSE,FALSE
2013-02-15,King_Haakon,1.047016876,0.30699143722636724,0.30699143722636724,0.5877526775549149,FALSE,FALSE
2013-02-16,King_Haakon,1.076131073,0.33987396056525265,0.33987396056525265,0.5877526775549149,FALSE,FALSE
2013-02-17,King_Haakon,1.100315172,0.3659295670583911,0.3659295670583911,0.5877526775549149,FALSE,FALSE
2013-02-18,King_Haakon,1.095680245,0.3611617796250544,0.3611617796250544,0.5877526775549149,FALSE,FALSE
2013-02-19,King_Haakon,1.060410617,0.3236473741845145,0.3236473741845145,0.5877526775549149,FALSE,FALSE
2013-02-20,King_Haakon,1.093617433,0.3523899466560415,0.3523899466560415,0.5877526775549149,FALSE,FALSE
2013-02-21,King_Haakon,1.154432564,0.4064242468441774,0.4064242468441774,0.5877526775549149,FALSE,FALSE
2013-02-22,King_Haakon,1.183870142,0.4267937094093174,0.4267937094093174,0.5877526775549149,FALSE,FALSE
2013-02-23,King_Haakon,1.20043552,0.4321170926777203,0.4321170926777203,0.5877526775549149,FALSE,FALSE
2013-02-24,King_Haakon,1.205054743,0.4234353672971609,0.4234353672971609,0.5877526775549149,FALSE,FALSE
2013-02-25,King_Haakon,1.204636658,0.4077723059154106,0.4077723059154106,0.5877526775549149,FALSE,FALSE
2013-02-26,King_Haakon,1.170410971,0.3564725401802422,0.3564725401802422,0.5877526775549149,FALSE,FALSE
2013-02-27,King_Haakon,1.212588509,0.37986182273942903,0.37986182273942903,0.5877526775549149,FALSE,FALSE
2013-02-28,King_Haakon,1.261247117,0.4081329242407429,0.4081329242407429,0.5877526775549149,FALSE,FALSE
2013-03-01,King_Haakon,1.375375227,0.5003892023319579,0.5003892023319579,0.5877526775549149,FALSE,FALSE
2013-03-02,King_Haakon,1.408474845,0.5102475886608454,0.5102475886608454,0.5877526775549149,FALSE,FALSE
2013-03-03,King_Haakon,1.427077848,0.50435488587518,0.50435488587518,0.5877526775549149,FALSE,FALSE
2013-03-04,King_Haakon,1.433255682,0.48489746562273306,0.48489746562273306,0.5877526775549149,FALSE,FALSE
2013-03-05,King_Haakon,1.479634203,0.5046161055688367,0.5046161055688367,0.5877526775549149,FALSE,FALSE
2013-03-06,King_Haakon,1.566881866,0.5642793681977518,0.5642793681977518,0.5877526775549149,FALSE,FALSE
2013-03-07,King_Haakon,1.583438437,0.5523788976473509,0.5523788976473509,0.5877526775549149,FALSE,FALSE
2013-03-08,King_Haakon,1.603655659,0.5433085167583211,0.5433085167583211,0.5877526775549149,FALSE,FALSE
2013-03-09,King_Haakon,1.636708255,0.5462850283713456,0.5462850283713456,0.5877526775549149,FALSE,FALSE
2013-03-10,King_Haakon,1.669056512,0.5478107993271089,0.5478107993271089,0.5877526775549149,FALSE,FALSE
2013-03-11,King_Haakon,1.678052464,0.525279943466298,0.525279943466298,0.5877526775549149,FALSE,FALSE
2013-03-12,King_Haakon,1.708067963,0.5231063926295973,0.5231063926295973,0.5877526775549149,FALSE,FALSE
2013-03-13,King_Haakon,1.714232853,0.4964620706576919,0.4964620706576919,0.5877526775549149,FALSE,FALSE
2013-03-14,King_Haakon,1.697942106,0.4467840293912657,0.4467840293912657,0.5877526775549149,FALSE,FALSE
2013-03-15,King_Haakon,1.695823881,0.41074250767100495,0.41074250767100495,0.5877526775549149,FALSE,FALSE
2013-03-16,King_Haakon,1.716403265,0.3969046723375935,0.3969046723375935,0.5877526775549149,FALSE,FALSE
2013-03-17,King_Haakon,1.754286969,0.3999193142317179,0.3999193142317179,0.5877526775549149,FALSE,FALSE
2013-03-18,King_Haakon,1.770419138,0.3807728101071679,0.3807728101071679,0.5877526775549149,FALSE,FALSE
2013-03-19,King_Haakon,1.779563345,0.3542747587253845,0.3542747587253845,0.5877526775549149,FALSE,FALSE
2013-03-20,King_Haakon,1.794330187,0.33308575141159524,0.33308575141159524,0.5877526775549149,FALSE,FALSE
2013-03-21,King_Haakon,1.83283089,0.33536719533749904,0.33536719533749904,0.5877526775549149,FALSE,FALSE
2013-03-22,King_Haakon,1.862305827,0.3284096446747977,0.3284096446747977,0.5877526775549149,FALSE,FALSE
2013-03-23,King_Haakon,1.892735973,0.3222442555951941,0.3222442555951941,0.5877526775549149,FALSE,FALSE
2013-03-24,King_Haakon,1.922545708,0.31534558927038625,0.31534558927038625,0.5877526775549149,FALSE,FALSE
2013-03-25,King_Haakon,1.947559127,0.30358792187207895,0.30358792187207895,0.5877526775549149,FALSE,FALSE
2013-03-26,King_Haakon,1.96703537,0.28628057457196876,0.28628057457196876,0.5877526775549149,FALSE,FALSE
2013-03-27,King_Haakon,1.999762537,0.2822618285417593,0.2822618285417593,0.5877526775549149,FALSE,FALSE
2013-03-28,King_Haakon,2.045797238,0.29163847495314976,0.29163847495314976,0.5877526775549149,FALSE,FALSE
2013-03-29,King_Haakon,2.082695222,0.2920164439778441,0.2920164439778441,0.5877526775549149,FALSE,FALSE
2013-03-30,King_Haakon,2.076851347,0.24984077478754152,0.24984077478754152,0.5877526775549149,FALSE,FALSE
2013-03-31,King_Haakon,2.065223636,0.20211109039879305,0.20211109039879305,0.5877526775549149,FALSE,FALSE
2013-04-01,King_Haakon,2.071090263,0.17210025994897937,0.17210025994897937,0.5877526775549149,FALSE,FALSE
2013-04-02,King_Haakon,2.09260956,0.15794536493784173,0.15794536493784173,0.5877526775549149,FALSE,FALSE
2013-04-03,King_Haakon,2.143822337,0.17366595168286847,0.17366595168286847,0.5877526775549149,FALSE,FALSE
2013-04-04,King_Haakon,2.167627576,0.1621397385015544,0.1621397385015544,0.5877526775549149,FALSE,FALSE
2013-04-05,King_Haakon,2.236775572,0.19609575671138924,0.19609575671138924,0.5877526775549149,FALSE,FALSE
2013-04-06,King_Haakon,2.297449431,0.22169584862986236,0.22169584862986236,0.5877526775549149,FALSE,FALSE
2013-04-07,King_Haakon,2.385336136,0.2746057335744698,0.2746057335744698,0.5877526775549149,FALSE,FALSE
2013-04-08,King_Haakon,2.436288234,0.29065669486270096,0.29065669486270096,0.5877526775549149,FALSE,FALSE
2013-04-09,King_Haakon,2.484678674,0.3042004178120483,0.3042004178120483,0.5877526775549149,FALSE,FALSE
2013-04-10,King_Haakon,2.507245329,0.29195351173999917,0.29195351173999917,0.5877526775549149,FALSE,FALSE
2013-04-11,King_Haakon,2.530128577,0.28003509096405077,0.28003509096405077,0.5877526775549149,FALSE,FALSE
2013-04-12,King_Haakon,2.56495829,0.28005392884790403,0.28005392884790403,0.5877526775549149,FALSE,FALSE
2013-04-13,King_Haakon,2.586022307,0.2662885286374048,0.2662885286374048,0.5877526775549149,FALSE,FALSE
2013-04-14,King_Haakon,2.596549794,0.24197811158409044,0.24197811158409044,0.5877526775549149,FALSE,FALSE
2013-04-15,King_Haakon,2.606314755,0.21690854814623872,0.21690854814623872,0.5877526775549149,FALSE,FALSE
2013-04-16,King_Haakon,2.596918083,0.17269259778212342,0.17269259778212342,0.5877526775549149,FALSE,FALSE
2013-04-17,King_Haakon,2.653574371,0.1945567199500191,0.1945567199500191,0.5877526775549149,FALSE,FALSE
2013-04-18,King_Haakon,2.692271942,0.19850110410820365,0.19850110410820365,0.5877526775549149,FALSE,FALSE
2013-04-19,King_Haakon,2.754578379,0.2261051997149517,0.2261051997149517,0.5877526775549149,FALSE,FALSE
2013-04-20,King_Haakon,2.801400256,0.2382874472285379,0.2382874472285379,0.5877526775549149,FALSE,FALSE
2013-04-21,King_Haakon,2.831086754,0.2334088941072361,0.2334088941072361,0.5877526775549149,FALSE,FALSE
2013-04-22,King_Haakon,2.867600071,0.2354436048093231,0.2354436048093231,0.5877526775549149,FALSE,FALSE
2013-04-23,King_Haakon,2.937631208,0.2710944467930734,0.2710944467930734,0.5877526775549149,FALSE,FALSE
2013-04-24,King_Haakon,3.011251225,0.3104443465167641,0.3104443465167641,0.5877526775549149,FALSE,FALSE
2013-04-25,King_Haakon,3.066549302,0.33159627916687695,0.33159627916687695,0.5877526775549149,FALSE,FALSE
2013-04-26,King_Haakon,3.089027597,0.32008451595366383,0.32008451595366383,0.5877526775549149,FALSE,FALSE
2013-04-27,King_Haakon,3.09030767,0.28757285273444744,0.28757285273444744,0.5877526775549149,FALSE,FALSE
2013-04-28,King_Haakon,3.065568563,0.22928267399745472,0.22928267399745472,0.5877526775549149,FALSE,FALSE
2013-04-29,King_Haakon,3.091587504,0.22203355023092008,0.22203355023092008,0.5877526775549149,FALSE,FALSE
2013-04-30,King_Haakon,3.135851192,0.2333545229230647,0.2333545229230647,0.5877526775549149,FALSE,FALSE
2013-05-01,King_Haakon,3.176981228,0.24190953556212547,0.24190953556212547,0.5877526775549149,FALSE,FALSE
2013-05-02,King_Haakon,3.227272861,0.2600361796363262,0.2600361796363262,0.5877526775549149,FALSE,FALSE
2013-05-03,King_Haakon,3.264322569,0.2653732756338991,0.2653732756338991,0.5877526775549149,FALSE,FALSE
2013-05-04,King_Haakon,3.260804231,0.23063704504307217,0.23063704504307217,0.5877526775549149,FALSE,FALSE
2013-05-05,King_Haakon,3.271035565,0.21018754835207565,0.21018754835207565,0.5877526775549149,FALSE,FALSE
2013-05-06,King_Haakon,3.309718298,0.21876885504913535,0.21876885504913535,0.5877526775549149,FALSE,FALSE
2013-05-07,King_Haakon,3.359399358,0.2389702144480701,0.2389702144480701,0.5877526775549149,FALSE,FALSE
2013-05-08,King_Haakon,3.402939739,0.2536831367955945,0.2536831367955945,0.5877526775549149,FALSE,FALSE
2013-05-09,King_Haakon,3.470823511,0.2933907894770713,0.2933907894770713,0.5877526775549149,FALSE,FALSE
2013-05-10,King_Haakon,3.505130896,0.30016732234300436,0.30016732234300436,0.5877526775549149,FALSE,FALSE
2013-05-11,King_Haakon,3.537362118,0.30550688724389286,0.30550688724389286,0.5877526775549149,FALSE,FALSE
2013-05-12,King_Haakon,3.558743504,0.3006297390302426,0.3006297390302426,0.5877526775549149,FALSE,FALSE
2013-05-13,King_Haakon,3.538056147,0.25431089855255307,0.25431089855255307,0.5877526775549149,FALSE,FALSE
2013-05-14,King_Haakon,3.540255001,0.231499247661326,0.231499247661326,0.5877526775549149,FALSE,FALSE
2013-05-15,King_Haakon,3.570411035,0.23725968320706636,0.23725968320706636,0.5877526775549149,FALSE,FALSE
2013-05-16,King_Haakon,3.597749938,0.24081182204027216,0.24081182204027216,0.5877526775549149,FALSE,FALSE
2013-05-17,King_Haakon,3.63497986,0.25485774201144995,0.25485774201144995,0.5877526775549149,FALSE,FALSE
2013-05-18,King_Haakon,3.693048785,0.29033935497109686,0.29033935497109686,0.5877526775549149,FALSE,FALSE
2013-05-19,King_Haakon,3.78558718,0.36088105576971863,0.36088105576971863,0.5877526775549149,FALSE,FALSE
2013-05-20,King_Haakon,3.851672991,0.4055531401177581,0.4055531401177581,0.5877526775549149,FALSE,FALSE
2013-05-21,King_Haakon,3.888482439,0.42149538190782154,0.42149538190782154,0.5877526775549149,FALSE,FALSE
2013-05-22,King_Haakon,3.889523678,0.40215432871960743,0.40215432871960743,0.5877526775549149,FALSE,FALSE
2013-05-23,King_Haakon,3.891818394,0.38448921365486655,0.38448921365486655,0.5877526775549149,FALSE,FALSE
2013-05-24,King_Haakon,3.898915507,0.3719865038153469,0.3719865038153469,0.5877526775549149,FALSE,FALSE
2013-05-25,King_Haakon,3.868986923,0.32275565230279835,0.32275565230279835,0.5877526775549149,FALSE,FALSE
2013-05-26,King_Haakon,3.865366536,0.30006810021896735,0.30006810021896735,0.5877526775549149,FALSE,FALSE
2013-05-27,King_Haakon,3.861147281,0.27695432966560496,0.27695432966560496,0.5877526775549149,FALSE,FALSE
2013-05-28,King_Haakon,3.840039179,0.2370619087444572,0.2370619087444572,0.5877526775549149,FALSE,FALSE
2013-05-29,King_Haakon,3.838992512,0.21727866655727368,0.21727866655727368,0.5877526775549149,FALSE,FALSE
2013-05-30,King_Haakon,3.886908826,0.24644369620580564,0.24644369620580564,0.5877526775549149,FALSE,FALSE
2013-05-31,King_Haakon,3.88830754,0.2290139637917945,0.2290139637917945,0.5877526775549149,FALSE,FALSE
2013-06-01,King_Haakon,3.910390299,0.23212866141699617,0.23212866141699617,0.5877526775549149,FALSE,FALSE
2013-06-02,King_Haakon,3.935611383,0.23819346853587975,0.23819346853587975,0.5877526775549149,FALSE,FALSE
2013-06-03,King_Haakon,3.991017291,0.27426773638034696,0.27426773638034696,0.5877526775549149,FALSE,FALSE
2013-06-04,King_Haakon,4.022379261,0.286152590446239,0.286152590446239,0.5877526775549149,FALSE,FALSE
2013-06-05,King_Haakon,4.044321746,0.2885023718604236,0.2885023718604236,0.5877526775549149,FALSE,FALSE
2013-06-06,King_Haakon,4.071493642,0.2959958647497789,0.2959958647497789,0.5877526775549149,FALSE,FALSE
2013-06-07,King_Haakon,4.102212542,0.3069805502411822,0.3069805502411822,0.5877526775549149,FALSE,FALSE
2013-06-08,King_Haakon,4.074524149,0.2595320194614974,0.2595320194614974,0.5877526775549149,FALSE,FALSE
2013-06-09,King_Haakon,4.062515754,0.2277674515375998,0.2277674515375998,0.5877526775549149,FALSE,FALSE
2013-06-10,King_Haakon,4.068995382,0.21452475959636352,0.21452475959636352,0.5877526775549149,FALSE,FALSE
2013-06-11,King_Haakon,4.102670852,0.22854165076466293,0.22854165076466293,0.5877526775549149,FALSE,FALSE
2013-06-12,King_Haakon,4.180679481,0.2869853301693701,0.2869853301693701,0.5877526775549149,FALSE,FALSE
2013-06-13,King_Haakon,4.228479698,0.3153441149373539,0.3153441149373539,0.5877526775549149,FALSE,FALSE
2013-06-14,King_Haakon,4.259917583,0.3274938532447016,0.3274938532447016,0.5877526775549149,FALSE,FALSE
2013-06-15,King_Haakon,4.328998462,0.3774643513391829,0.3774643513391829,0.5877526775549149,FALSE,FALSE
2013-06-16,King_Haakon,4.389731866,0.4192823661944458,0.4192823661944458,0.5877526775549149,FALSE,FALSE
2013-06-17,King_Haakon,4.414464233,0.4253110361995911,0.4253110361995911,0.5877526775549149,FALSE,FALSE
2013-06-18,King_Haakon,4.430322399,0.4226938977437351,0.4226938977437351,0.5877526775549149,FALSE,FALSE
2013-06-19,King_Haakon,4.451168673,0.4253099602159845,0.4253099602159845,0.5877526775549149,FALSE,FALSE
2013-06-20,King_Haakon,4.500118048,0.4562909170054548,0.4562909170054548,0.5877526775549149,FALSE,FALSE
2013-06-21,King_Haakon,4.565639049,0.5041219935012489,0.5041219935012489,0.5877526775549149,FALSE,FALSE
2013-06-22,King_Haakon,4.589738448,0.5108266620924811,0.5108266620924811,0.5877526775549149,FALSE,FALSE
2013-06-23,King_Haakon,4.614010155,0.5180155331682581,0.5180155331682581,0.5877526775549149,FALSE,FALSE
2013-06-24,King_Haakon,4.629476432,0.5167275691176938,0.5167275691176938,0.5877526775549149,FALSE,FALSE
2013-06-25,King_Haakon,4.659087162,0.5299293533298952,0.5299293533298952,0.5877526775549149,FALSE,FALSE
2013-06-26,King_Haakon,4.703421192,0.5582164331939738,0.5582164331939738,0.5877526775549149,FALSE,FALSE
2013-06-27,King_Haakon,4.764286823,0.6034094726617791,0.6034094726617791,0.5877526775549149,TRUE,FALSE
2013-06-28,King_Haakon,4.795165317,0.6189693208175449,0.6189693208175449,0.5877526775549149,TRUE,FALSE
2013-06-29,King_Haakon,4.817623704,0.6264276181632109,0.6264276181632109,0.5877526775549149,TRUE,FALSE
2013-06-30,King_Haakon,4.791486699,0.585573613198469,0.585573613198469,0.5877526775549149,FALSE,FALSE
2013-07-01,King_Haakon,4.775029004,0.5546465414230104,0.5546465414230104,0.5877526775549149,FALSE,FALSE
2013-07-02,King_Haakon,4.772894368,0.5382546853365273,0.5382546853365273,0.5877526775549149,FALSE,FALSE
2013-07-03,King_Haakon,4.805476825,0.5567566124387042,0.5567566124387042,0.5877526775549149,FALSE,FALSE
2013-07-04,King_Haakon,4.848490724,0.5858312052292343,0.5858312052292343,0.5877526775549149,FALSE,FALSE
2013-07-05,King_Haakon,4.852762346,0.5762692782078078,0.5762692782078078,0.5877526775549149,FALSE,FALSE
2013-07-06,King_Haakon,4.861282827,0.5710265008741144,0.5710265008741144,0.5877526775549149,FALSE,FALSE
2013-07-07,King_Haakon,4.874119061,0.5701343007278474,0.5701343007278474,0.5877526775549149,FALSE,FALSE
2013-07-08,King_Haakon,4.887406406,0.5696925692686916,0.5696925692686916,0.5877526775549149,FALSE,FALSE
2013-07-09,King_Haakon,4.907745699,0.5762667681998233,0.5762667681998233,0.5877526775549149,FALSE,FALSE
2013-07-10,King_Haakon,4.921548724,0.5762510448793927,0.5762510448793927,0.5877526775549149,FALSE,FALSE
2013-07-11,King_Haakon,4.930837098,0.5716882002587074,0.5716882002587074,0.5877526775549149,FALSE,FALSE
2013-07-12,King_Haakon,4.929683625,0.5566773596629817,0.5566773596629817,0.5877526775549149,FALSE,FALSE
2013-07-13,King_Haakon,4.942240136,0.555396675417418,0.555396675417418,0.5877526775549149,FALSE,FALSE
2013-07-14,King_Haakon,4.939680837,0.5390466748472384,0.5390466748472384,0.5877526775549149,FALSE,FALSE
2013-07-15,King_Haakon,4.914707198,0.5003551492776488,0.5003551492776488,0.5877526775549149,FALSE,FALSE
2013-07-16,King_Haakon,4.963439718,0.5354689190338613,0.5354689190338613,0.5877526775549149,FALSE,FALSE
2013-07-17,King_Haakon,4.976805487,0.5353413954410904,0.5353413954410904,0.5877526775549149,FALSE,FALSE
2013-07-18,King_Haakon,4.997432702,0.5426270968245417,0.5426270968245417,0.5877526775549149,FALSE,FALSE
2013-07-19,King_Haakon,5.004665303,0.536696284509433,0.536696284509433,0.5877526775549149,FALSE,FALSE
2013-07-20,King_Haakon,5.064066555,0.5831385448209732,0.5831385448209732,0.5877526775549149,FALSE,FALSE
2013-07-21,King_Haakon,5.097996233,0.6043399740843727,0.6043399740843727,0.5877526775549149,TRUE,FALSE
2013-07-22,King_Haakon,5.112331686,0.6062032409155806,0.6062032409155806,0.5877526775549149,TRUE,FALSE
2013-07-23,King_Haakon,5.097192119,0.578859044041085,0.578859044041085,0.5877526775549149,FALSE,FALSE
2013-07-24,King_Haakon,5.081394515,0.5511257819478619,0.5511257819478619,0.5877526775549149,FALSE,FALSE
2013-07-25,King_Haakon,5.065383081,0.523448848509199,0.523448848509199,0.5877526775549149,FALSE,FALSE
2013-07-26,King_Haakon,5.106160171,0.5528317845983786,0.5528317845983786,0.5877526775549149,FALSE,FALSE
2013-07-27,King_Haakon,5.141746376,0.5772963680886916,0.5772963680886916,0.5877526775549149,FALSE,FALSE
2013-07-28,King_Haakon,5.183555772,0.6082578618534233,0.6082578618534233,0.5877526775549149,TRUE,FALSE
2013-07-29,King_Haakon,5.225770796,0.6398998897658572,0.6398998897658572,0.5877526775549149,TRUE,FALSE
2013-07-30,King_Haakon,5.243980859,0.6478130496992858,0.6478130496992858,0.5877526775549149,TRUE,FALSE
2013-07-31,King_Haakon,5.218782077,0.6125946445269896,0.6125946445269896,0.5877526775549149,TRUE,FALSE
2013-08-01,King_Haakon,5.173723419,0.5577948301222593,0.5577948301222593,0.5877526775549149,FALSE,FALSE
2013-08-02,King_Haakon,5.129195364,0.5038052723583801,0.5038052723583801,0.5877526775549149,FALSE,FALSE
2013-08-03,King_Haakon,5.091073594,0.4565028402823357,0.4565028402823357,0.5877526775549149,FALSE,FALSE
2013-08-04,King_Haakon,5.07262733,0.4291626310989498,0.4291626310989498,0.5877526775549149,FALSE,FALSE
2013-08-05,King_Haakon,5.053154931,0.4011057956166857,0.4011057956166857,0.5877526775549149,FALSE,FALSE
2013-08-06,King_Haakon,5.074122658,0.41382519966789655,0.41382519966789655,0.5877526775549149,FALSE,FALSE
2013-08-07,King_Haakon,5.096543177,0.42836011408493135,0.42836011408493135,0.5877526775549149,FALSE,FALSE
2013-08-08,King_Haakon,5.130821104,0.4551417597001448,0.4551417597001448,0.5877526775549149,FALSE,FALSE
2013-08-09,King_Haakon,5.183406662,0.5006469643458882,0.5006469643458882,0.5877526775549149,FALSE,FALSE
2013-08-10,King_Haakon,5.228224291,0.5388267728545104,0.5388267728545104,0.5877526775549149,FALSE,FALSE
2013-08-11,King_Haakon,5.2421347,0.5465684990583632,0.5465684990583632,0.5877526775549149,FALSE,FALSE
2013-08-12,King_Haakon,5.231245018,0.530005876789799,0.530005876789799,0.5877526775549149,FALSE,FALSE
2013-08-13,King_Haakon,5.207288627,0.5008988928811693,0.5008988928811693,0.5877526775549149,FALSE,FALSE
2013-08-14,King_Haakon,5.244827288,0.5338359131648271,0.5338359131648271,0.5877526775549149,FALSE,FALSE
2013-08-15,King_Haakon,5.250823795,0.535806336473124,0.535806336473124,0.5877526775549149,FALSE,FALSE
2013-08-16,King_Haakon,5.252086418,0.5336431009740421,0.5336431009740421,0.5877526775549149,FALSE,FALSE
2013-08-17,King_Haakon,5.235454891,0.5141530466221287,0.5141530466221287,0.5877526775549149,FALSE,FALSE
2013-08-18,King_Haakon,5.284302937,0.5606111178788815,0.5606111178788815,0.5877526775549149,FALSE,FALSE
2013-08-19,King_Haakon,5.291825361,0.5661097305652829,0.5661097305652829,0.5877526775549149,FALSE,FALSE
2013-08-20,King_Haakon,5.283248465,0.5557727975023043,0.5557727975023043,0.5877526775549149,FALSE,FALSE
2013-08-21,King_Haakon,5.266745454,0.5376711345109326,0.5376711345109326,0.5877526775549149,FALSE,FALSE
2013-08-22,King_Haakon,5.252187453,0.5215734774121392,0.5215734774121392,0.5877526775549149,FALSE,FALSE
2013-08-23,King_Haakon,5.248420141,0.5162231160269046,0.5162231160269046,0.5877526775549149,FALSE,FALSE
2013-08-24,King_Haakon,5.232502187,0.4985763301762054,0.4985763301762054,0.5877526775549149,FALSE,FALSE
2013-08-25,King_Haakon,5.218911148,0.4830082876810211,0.4830082876810211,0.5877526775549149,FALSE,FALSE
2013-08-26,King_Haakon,5.173802315,0.43557189036232646,0.43557189036232646,0.5877526775549149,FALSE,FALSE
2013-08-27,King_Haakon,5.147918623,0.40690768404110234,0.40690768404110234,0.5877526775549149,FALSE,FALSE
2013-08-28,King_Haakon,5.113504436,0.3691576435383288,0.3691576435383288,0.5877526775549149,FALSE,FALSE
2013-08-29,King_Haakon,5.045321145,0.29700213048735513,0.29700213048735513,0.5877526775549149,FALSE,FALSE
2013-08-30,King_Haakon,4.982432889,0.22955407296778585,0.22955407296778585,0.5877526775549149,FALSE,FALSE
2013-08-31,King_Haakon,5.007212422,0.24928379098501008,0.24928379098501008,0.5877526775549149,FALSE,FALSE
2013-09-01,King_Haakon,5.0908475,0.3274766940342042,0.3274766940342042,0.5877526775549149,FALSE,FALSE
2013-09-02,King_Haakon,5.140796411,0.37168872361054817,0.37168872361054817,0.5877526775549149,FALSE,FALSE
2013-09-03,King_Haakon,5.126262758,0.35122113620922324,0.35122113620922324,0.5877526775549149,FALSE,FALSE
2013-09-04,King_Haakon,5.112490772,0.33141581632540795,0.33141581632540795,0.5877526775549149,FALSE,FALSE
2013-09-05,King_Haakon,5.137958951,0.35084891545428487,0.35084891545428487,0.5877526775549149,FALSE,FALSE
2013-09-06,King_Haakon,5.0824074,0.28935819209102753,0.28935819209102753,0.5877526775549149,FALSE,FALSE
2013-09-07,King_Haakon,5.044000602,0.2452057827308236,0.2452057827308236,0.5877526775549149,FALSE,FALSE
2013-09-08,King_Haakon,4.993114131,0.18886491486884616,0.18886491486884616,0.5877526775549149,FALSE,FALSE
2013-09-09,King_Haakon,4.956616728,0.14730198300027464,0.14730198300027464,0.5877526775549149,FALSE,FALSE
2013-09-10,King_Haakon,4.923166886,0.10927269963106225,0.10927269963106225,0.5877526775549149,FALSE,FALSE
2013-09-11,King_Haakon,4.898022798,0.08009127795754445,0.08009127795754445,0.5877526775549149,FALSE,FALSE
2013-09-12,King_Haakon,4.911717521,0.09027224057309267,0.09027224057309267,0.5877526775549149,FALSE,FALSE
2013-09-13,King_Haakon,4.989457566,0.16499571412136582,0.16499571412136582,0.5877526775549149,FALSE,FALSE
2013-09-14,King_Haakon,5.078373443,0.25136582424602416,0.25136582424602416,0.5877526775549149,FALSE,FALSE
2013-09-15,King_Haakon,5.110193483,0.2810845175907142,0.2810845175907142,0.5877526775549149,FALSE,FALSE
2013-09-16,King_Haakon,5.1420661580000004,0.311273881799095,0.311273881799095,0.5877526775549149,FALSE,FALSE
2013-09-17,King_Haakon,5.186927795,0.35484385951482356,0.35484385951482356,0.5877526775549149,FALSE,FALSE
2013-09-18,King_Haakon,5.218871365,0.3858610373815496,0.3858610373815496,0.5877526775549149,FALSE,FALSE
2013-09-19,King_Haakon,5.258451606,0.42485376904293215,0.42485376904293215,0.5877526775549149,FALSE,FALSE
2013-09-20,King_Haakon,5.296021352,0.4621485041426227,0.4621485041426227,0.5877526775549149,FALSE,FALSE
2013-09-21,King_Haakon,5.325899781,0.49203803632428134,0.49203803632428134,0.5877526775549149,FALSE,FALSE
2013-09-22,King_Haakon,5.328424945,0.49483403323155795,0.49483403323155795,0.5877526775549149,FALSE,FALSE
2013-09-23,King_Haakon,5.305032948,0.47194601032301264,0.47194601032301264,0.5877526775549149,FALSE,FALSE
2013-09-24,King_Haakon,5.329249364,0.4968707670260244,0.4968707670260244,0.5877526775549149,FALSE,FALSE
2013-09-25,King_Haakon,5.330994792,0.4994988016878512,0.4994988016878512,0.5877526775549149,FALSE,FALSE
2013-09-26,King_Haakon,5.35641878,0.5259495430493972,0.5259495430493972,0.5877526775549149,FALSE,FALSE
2013-09-27,King_Haakon,5.426367319,0.5970388628515488,0.5970388628515488,0.5877526775549149,TRUE,TRUE
2013-09-28,King_Haakon,5.456519769,0.628416001835209,0.628416001835209,0.5877526775549149,TRUE,TRUE
2013-09-29,King_Haakon,5.485220107,0.6583948177412671,0.6583948177412671,0.5877526775549149,TRUE,TRUE
2013-09-30,King_Haakon,5.452600088,0.6270769463106207,0.6270769463106207,0.5877526775549149,TRUE,TRUE
2013-10-01,King_Haakon,5.423000053,0.5987726092841665,0.5987726092841665,0.5877526775549149,TRUE,TRUE
2013-10-02,King_Haakon,5.423554864,0.6005865494027987,0.6005865494027987,0.5877526775549149,TRUE,TRUE
2013-10-03,King_Haakon,5.422843322,0.6010674484074112,0.6010674484074112,0.5877526775549149,TRUE,TRUE
2013-10-04,King_Haakon,5.429900681,0.6092204410389019,0.6092204410389019,0.5877526775549149,TRUE,TRUE
2013-10-05,King_Haakon,5.409777837,0.5900663223219986,0.5900663223219986,0.5877526775549149,TRUE,TRUE
2013-10-06,King_Haakon,5.39701462,0.578136937946935,0.578136937946935,0.5877526775549149,FALSE,FALSE
2013-10-07,King_Haakon,5.398894288,0.5807726188657956,0.5807726188657956,0.5877526775549149,FALSE,FALSE
2013-10-08,King_Haakon,5.419265907,0.6018914061284262,0.6018914061284262,0.5877526775549149,TRUE,TRUE
2013-10-09,King_Haakon,5.452663964,0.6360967617846756,0.6360967617846756,0.5877526775549149,TRUE,TRUE
2013-10-10,King_Haakon,5.445219285,0.6295884868843951,0.6295884868843951,0.5877526775549149,TRUE,TRUE
2013-10-11,King_Haakon,5.432358903,0.617862589477423,0.617862589477423,0.5877526775549149,TRUE,TRUE
2013-10-12,King_Haakon,5.405965765,0.5928709916136121,0.5928709916136121,0.5877526775549149,TRUE,TRUE
2013-10-13,King_Haakon,5.3767372,0.5653799973428093,0.5653799973428093,0.5877526775549149,FALSE,FALSE
2013-10-14,King_Haakon,5.332854473,0.523639846714862,0.523639846714862,0.5877526775549149,FALSE,FALSE
2013-10-15,King_Haakon,5.309917274,0.5033192047796167,0.5033192047796167,0.5877526775549149,FALSE,FALSE
2013-10-16,King_Haakon,5.270768829,0.4673302725869189,0.4673302725869189,0.5877526775549149,FALSE,FALSE
2013-10-17,King_Haakon,5.237828056,0.43816094318661847,0.43816094318661847,0.5877526775549149,FALSE,FALSE
2013-10-18,King_Haakon,5.193886327,0.3986688285788409,0.3986688285788409,0.5877526775549149,FALSE,FALSE
2013-10-19,King_Haakon,5.118239322,0.32815775711795325,0.32815775711795325,0.5877526775549149,FALSE,FALSE
2013-10-20,King_Haakon,5.051092932,0.2667862316568179,0.2667862316568179,0.5877526775549149,FALSE,FALSE
2013-10-21,King_Haakon,4.997716772,0.21977425535156492,0.21977425535156492,0.5877526775549149,FALSE,FALSE
2013-10-22,King_Haakon,4.956390382,0.1853517563583269,0.1853517563583269,0.5877526775549149,FALSE,FALSE
2013-10-23,King_Haakon,4.926195954,0.16255131483323293,0.16255131483323293,0.5877526775549149,FALSE,FALSE
2013-10-24,King_Haakon,4.909400944,0.15359077493241902,0.15359077493241902,0.5877526775549149,FALSE,FALSE
2013-10-25,King_Haakon,4.892983258,0.14539843081202086,0.14539843081202086,0.5877526775549149,FALSE,FALSE
2013-10-26,King_Haakon,4.84273038,0.10371215462816608,0.10371215462816608,0.5877526775549149,FALSE,FALSE
2013-10-27,King_Haakon,4.845703759,0.11554378353698702,0.11554378353698702,0.5877526775549149,FALSE,FALSE
2013-10-28,King_Haakon,4.872637743,0.15157805369461652,0.15157805369461652,0.5877526775549149,FALSE,FALSE
2013-10-29,King_Haakon,4.869142826,0.15737584725718445,0.15737584725718445,0.5877526775549149,FALSE,FALSE
2013-10-30,King_Haakon,4.877333923,0.17500246738083014,0.17500246738083014,0.5877526775549149,FALSE,FALSE
2013-10-31,King_Haakon,4.891665981,0.19887741029509165,0.19887741029509165,0.5877526775549149,FALSE,FALSE
2013-11-01,King_Haakon,4.879986961,0.19688289010779947,0.19688289010779947,0.5877526775549149,FALSE,FALSE
2013-11-02,King_Haakon,4.860711509,0.18748921624958204,0.18748921624958204,0.5877526775549149,FALSE,FALSE
2013-11-03,King_Haakon,4.866237378,0.20314981090673,0.20314981090673,0.5877526775549149,FALSE,FALSE
2013-11-04,King_Haakon,4.848774202,0.19612997726552184,0.19612997726552184,0.5877526775549149,FALSE,FALSE
2013-11-05,King_Haakon,4.835624321,0.1937877245122479,0.1937877245122479,0.5877526775549149,FALSE,FALSE
2013-11-06,King_Haakon,4.79163013,0.1610211168331892,0.1610211168331892,0.5877526775549149,FALSE,FALSE
2013-11-07,King_Haakon,4.760945817,0.1420400114146343,0.1420400114146343,0.5877526775549149,FALSE,FALSE
2013-11-08,King_Haakon,4.743633183,0.136961878442869,0.136961878442869,0.5877526775549149,FALSE,FALSE
2013-11-09,King_Haakon,4.733413833,0.13956399210417825,0.13956399210417825,0.5877526775549149,FALSE,FALSE
2013-11-10,King_Haakon,4.740356885,0.15997113958484557,0.15997113958484557,0.5877526775549149,FALSE,FALSE
2013-11-11,King_Haakon,4.702966538,0.13674318907115612,0.13674318907115612,0.5877526775549149,FALSE,FALSE
2013-11-12,King_Haakon,4.683974658,0.13266797683443254,0.13266797683443254,0.5877526775549149,FALSE,FALSE
2013-11-13,King_Haakon,4.664360873,0.1287977568690657,0.1287977568690657,0.5877526775549149,FALSE,FALSE
2013-11-14,King_Haakon,4.642205705,0.12331071419663786,0.12331071419663786,0.5877526775549149,FALSE,FALSE
2013-11-15,King_Haakon,4.67150558,0.17030300298099554,0.17030300298099554,0.5877526775549149,FALSE,FALSE
2013-11-16,King_Haakon,4.684665582,0.20227943538598403,0.20227943538598403,0.5877526775549149,FALSE,FALSE
2013-11-17,King_Haakon,4.65057557,0.18822959857544408,0.18822959857544408,0.5877526775549149,FALSE,FALSE
2013-11-18,King_Haakon,4.618903352,0.17792102871322246,0.17792102871322246,0.5877526775549149,FALSE,FALSE
2013-11-19,King_Haakon,4.562278479,0.14408300496316073,0.14408300496316073,0.5877526775549149,FALSE,FALSE
2013-11-20,King_Haakon,4.535249383,0.141363687489104,0.141363687489104,0.5877526775549149,FALSE,FALSE
2013-11-21,King_Haakon,4.519190948,0.1512376884548976,0.1512376884548976,0.5877526775549149,FALSE,FALSE
2013-11-22,King_Haakon,4.480028872,0.1397304340243828,0.1397304340243828,0.5877526775549149,FALSE,FALSE
2013-11-23,King_Haakon,4.487476995,0.17665549236140876,0.17665549236140876,0.5877526775549149,FALSE,FALSE
2013-11-24,King_Haakon,4.472688104,0.19326537862981308,0.19326537862981308,0.5877526775549149,FALSE,FALSE
2013-11-25,King_Haakon,4.494392379,0.24837265334810432,0.24837265334810432,0.5877526775549149,FALSE,FALSE
2013-11-26,King_Haakon,4.494988698,0.2843118515570149,0.2843118515570149,0.5877526775549149,FALSE,FALSE
2013-11-27,King_Haakon,4.459983251,0.28645104392880416,0.28645104392880416,0.5877526775549149,FALSE,FALSE
2013-11-28,King_Haakon,4.376859016,0.24213453032259125,0.24213453032259125,0.5877526775549149,FALSE,FALSE
2013-11-29,King_Haakon,4.352265279,0.2578729185974957,0.2578729185974957,0.5877526775549149,FALSE,FALSE
2013-11-30,King_Haakon,4.275983655,0.2233091456126388,0.2233091456126388,0.5877526775549149,FALSE,FALSE
2013-12-01,King_Haakon,4.209383076,0.19967346522713392,0.19967346522713392,0.5877526775549149,FALSE,FALSE
2013-12-02,King_Haakon,4.160107925,0.19447158230010597,0.19447158230010597,0.5877526775549149,FALSE,FALSE
2013-12-03,King_Haakon,4.125001316,0.20440793269067117,0.20440793269067117,0.5877526775549149,FALSE,FALSE
2013-12-04,King_Haakon,4.091257545,0.21653813425794863,0.21653813425794863,0.5877526775549149,FALSE,FALSE
2013-12-05,King_Haakon,4.073385903,0.24523279986105703,0.24523279986105703,0.5877526775549149,FALSE,FALSE
2013-12-06,King_Haakon,4.029709555,0.24867641635911575,0.24867641635911575,0.5877526775549149,FALSE,FALSE
2013-12-07,King_Haakon,4.005940363,0.2724423287612816,0.2724423287612816,0.5877526775549149,FALSE,FALSE
2013-12-08,King_Haakon,3.973740731,0.2881044502050911,0.2881044502050911,0.5877526775549149,FALSE,FALSE
2013-12-09,King_Haakon,3.968108532,0.33069280748120455,0.33069280748120455,0.5877526775549149,FALSE,FALSE
2013-12-10,King_Haakon,3.913450619,0.32466422928521377,0.32466422928521377,0.5877526775549149,FALSE,FALSE
2013-12-11,King_Haakon,3.849222027,0.30952372631270464,0.30952372631270464,0.5877526775549149,FALSE,FALSE
2013-12-12,King_Haakon,3.801324128,0.31122264625926466,0.31122264625926466,0.5877526775549149,FALSE,FALSE
2013-12-13,King_Haakon,3.767489371,0.3275434138204827,0.3275434138204827,0.5877526775549149,FALSE,FALSE
2013-12-14,King_Haakon,3.729911811,0.34073005969194625,0.34073005969194625,0.5877526775549149,FALSE,FALSE
2013-12-15,King_Haakon,3.708383409,0.3706245205692435,0.3706245205692435,0.5877526775549149,FALSE,FALSE
2013-12-16,King_Haakon,3.670015569,0.3843881761479624,0.3843881761479624,0.5877526775549149,FALSE,FALSE
2013-12-17,King_Haakon,3.639217235,0.406479946123691,0.406479946123691,0.5877526775549149,FALSE,FALSE
2013-12-18,King_Haakon,3.571689027,0.39265042619201873,0.39265042619201873,0.5877526775549149,FALSE,FALSE
2013-12-19,King_Haakon,3.508969361,0.3844880080485309,0.3844880080485309,0.5877526775549149,FALSE,FALSE
2013-12-20,King_Haakon,3.441680469,0.37266050435394726,0.37266050435394726,0.5877526775549149,FALSE,FALSE
2013-12-21,King_Haakon,3.356756652,0.3440783027960488,0.3440783027960488,0.5877526775549149,FALSE,FALSE
2013-12-22,King_Haakon,3.248914326,0.29337843451420786,0.29337843451420786,0.5877526775549149,FALSE,FALSE
2013-12-23,King_Haakon,3.15437021,0.25669668782644495,0.25669668782644495,0.5877526775549149,FALSE,FALSE
2013-12-24,King_Haakon,3.056722248,0.21755007605078092,0.21755007605078092,0.5877526775549149,FALSE,FALSE
2013-12-25,King_Haakon,2.963872581,0.18375980950524665,0.18375980950524665,0.5877526775549149,FALSE,FALSE
2013-12-26,King_Haakon,2.913149548,0.19257329650786303,0.19257329650786303,0.5877526775549149,FALSE,FALSE
2013-12-27,King_Haakon,2.873909087,0.213265544376652,0.213265544376652,0.5877526775549149,FALSE,FALSE
2013-12-28,King_Haakon,2.82238503,0.22198945442963455,0.22198945442963455,0.5877526775549149,FALSE,FALSE
2013-12-29,King_Haakon,2.767056579,0.22714329798484376,0.22714329798484376,0.5877526775549149,FALSE,FALSE
2013-12-30,King_Haakon,2.688427275,0.20914968536029388,0.20914968536029388,0.5877526775549149,FALSE,FALSE
2013-12-31,King_Haakon,2.61861852,0.20004908787401643,0.20004908787401643,0.5877526775549149,FALSE,FALSE
2014-01-01,King_Haakon,2.579508399,0.22163865984402653,0.22163865984402653,0.5877526775549149,FALSE,FALSE
2014-01-02,King_Haakon,2.520251791,0.22298935161808453,0.22298935161808453,0.5877526775549149,FALSE,FALSE
2014-01-03,King_Haakon,2.41086802,0.17402456666284438,0.17402456666284438,0.5877526775549149,FALSE,FALSE
2014-01-04,King_Haakon,2.337676878,0.16096517847469904,0.16096517847469904,0.5877526775549149,FALSE,FALSE
2014-01-05,King_Haakon,2.273811076,0.15684497955003396,0.15684497955003396,0.5877526775549149,FALSE,FALSE
2014-01-06,King_Haakon,2.202174075,0.14446851238524516,0.14446851238524516,0.5877526775549149,FALSE,FALSE
2014-01-07,King_Haakon,2.146404545,0.1473755284767162,0.1473755284767162,0.5877526775549149,FALSE,FALSE
2014-01-08,King_Haakon,2.088352976,0.14731759932083333,0.14731759932083333,0.5877526775549149,FALSE,FALSE
2014-01-09,King_Haakon,2.032190401,0.1483668394139923,0.1483668394139923,0.5877526775549149,FALSE,FALSE
2014-01-10,King_Haakon,1.951582777,0.12409028725257688,0.12409028725257688,0.5877526775549149,FALSE,FALSE
2014-01-11,King_Haakon,1.887215494,0.11507441433297784,0.11507441433297784,0.5877526775549149,FALSE,FALSE
2014-01-12,King_Haakon,1.813716357,0.09584810715158489,0.09584810715158489,0.5877526775549149,FALSE,FALSE
2014-01-13,King_Haakon,1.712428423,0.04765550420478504,0.04765550420478504,0.5877526775549149,FALSE,FALSE
2014-01-14,King_Haakon,1.657555047,0.04460181209789815,0.04460181209789815,0.5877526775549149,FALSE,FALSE
2014-01-15,King_Haakon,1.559659605,-0.00282010632958362,0.00282010632958362,0.5877526775549149,FALSE,FALSE
2014-01-16,King_Haakon,1.514258351,8.701107931552432e-4,8.701107931552432e-4,0.5877526775549149,FALSE,FALSE
2014-01-17,King_Haakon,1.407832006,-0.05788051811146144,0.05788051811146144,0.5877526775549149,FALSE,FALSE
2014-01-18,King_Haakon,1.321318844,-0.09816742162101132,0.09816742162101132,0.5877526775549149,FALSE,FALSE
2014-01-19,King_Haakon,1.230132941,-0.14461022631307396,0.14461022631307396,0.5877526775549149,FALSE,FALSE
2014-01-20,King_Haakon,1.160027269,-0.17148966276522537,0.17148966276522537,0.5877526775549149,FALSE,FALSE
2014-01-21,King_Haakon,1.12329786,-0.166543401555044,0.166543401555044,0.5877526775549149,FALSE,FALSE
2014-01-22,King_Haakon,1.051065346,-0.1986845132601074,0.1986845132601074,0.5877526775549149,FALSE,FALSE
2014-01-23,King_Haakon,1.003550959,-0.2077254684579928,0.2077254684579928,0.5877526775549149,FALSE,FALSE
2014-01-24,King_Haakon,0.984868499,-0.1895861697262805,0.1895861697262805,0.5877526775549149,FALSE,FALSE
2014-01-25,King_Haakon,0.945000403,-0.19431788264254612,0.19431788264254612,0.5877526775549149,FALSE,FALSE
2014-01-26,King_Haakon,0.857136771,-0.24876420978436695,0.24876420978436695,0.5877526775549149,FALSE,FALSE
2014-01-27,King_Haakon,0.825438123,-0.24878953464978315,0.24878953464978315,0.5877526775549149,FALSE,FALSE
2014-01-28,King_Haakon,0.778306712,-0.2659569427294235,0.2659569427294235,0.5877526775549149,FALSE,FALSE
2014-01-29,King_Haakon,0.743234465,-0.2727151464772828,0.2727151464772828,0.5877526775549149,FALSE,FALSE
2014-01-30,King_Haakon,0.699351441,-0.28987464678391917,0.28987464678391917,0.5877526775549149,FALSE,FALSE
2014-01-31,King_Haakon,0.661137592,-0.30289605153989196,0.30289605153989196,0.5877526775549149,FALSE,FALSE
2014-02-01,King_Haakon,0.657211597,-0.28310124163575767,0.28310124163575767,0.5877526775549149,FALSE,FALSE
2014-02-02,King_Haakon,0.631120572,-0.2868836609620756,0.2868836609620756,0.5877526775549149,FALSE,FALSE
2014-02-03,King_Haakon,0.577686022,-0.3193623644094037,0.3193623644094037,0.5877526775549149,FALSE,FALSE
2014-02-04,King_Haakon,0.541052548,-0.3363333108683001,0.3363333108683001,0.5877526775549149,FALSE,FALSE
2014-02-05,King_Haakon,0.486153583,-0.3728036272293238,0.3728036272293238,0.5877526775549149,FALSE,FALSE
2014-02-06,King_Haakon,0.463136215,-0.37856678538303057,0.37856678538303057,0.5877526775549149,FALSE,FALSE
2014-02-07,King_Haakon,0.457644007,-0.3679197822199813,0.3679197822199813,0.5877526775549149,FALSE,FALSE
2014-02-08,King_Haakon,0.453113351,-0.35736717704552573,0.35736717704552573,0.5877526775549149,FALSE,FALSE
2014-02-09,King_Haakon,0.446156369,-0.3502894750468165,0.3502894750468165,0.5877526775549149,FALSE,FALSE
2014-02-10,King_Haakon,0.437970049,-0.34558508632875434,0.34558508632875434,0.5877526775549149,FALSE,FALSE
2014-02-11,King_Haakon,0.422923958,-0.348991992972065,0.348991992972065,0.5877526775549149,FALSE,FALSE
2014-02-12,King_Haakon,0.401524244,-0.36011159605748,0.36011159605748,0.5877526775549149,FALSE,FALSE
2014-02-13,King_Haakon,0.398442098,-0.3543802536657282,0.3543802536657282,0.5877526775549149,FALSE,FALSE
2014-02-14,King_Haakon,0.397411353,-0.3481716818775355,0.3481716818775355,0.5877526775549149,FALSE,FALSE
2014-02-15,King_Haakon,0.383496219,-0.3565292197736328,0.3565292197736328,0.5877526775549149,FALSE,FALSE
2014-02-16,King_Haakon,0.400201657,-0.33605545543474735,0.33605545543474735,0.5877526775549149,FALSE,FALSE
2014-02-17,King_Haakon,0.401844671,-0.3325409339416089,0.3325409339416089,0.5877526775549149,FALSE,FALSE
2014-02-18,King_Haakon,0.404562662,-0.3299558033749457,0.3299558033749457,0.5877526775549149,FALSE,FALSE
2014-02-19,King_Haakon,0.395183531,-0.3415797118154856,0.3415797118154856,0.5877526775549149,FALSE,FALSE
2014-02-20,King_Haakon,0.396707309,-0.3445201773439584,0.3445201773439584,0.5877526775549149,FALSE,FALSE
2014-02-21,King_Haakon,0.394768868,-0.3532394491558226,0.3532394491558226,0.5877526775549149,FALSE,FALSE
2014-02-22,King_Haakon,0.405619125,-0.35145730759068255,0.35145730759068255,0.5877526775549149,FALSE,FALSE
2014-02-23,King_Haakon,0.3917815,-0.3765369273222797,0.3765369273222797,0.5877526775549149,FALSE,FALSE
2014-02-24,King_Haakon,0.404571865,-0.3770475107028391,0.3770475107028391,0.5877526775549149,FALSE,FALSE
2014-02-25,King_Haakon,0.41908132,-0.3777830320845895,0.3777830320845895,0.5877526775549149,FALSE,FALSE
2014-02-26,King_Haakon,0.461113632,-0.3528247988197577,0.3528247988197577,0.5877526775549149,FALSE,FALSE
2014-02-27,King_Haakon,0.480452083,-0.3522746032605709,0.3522746032605709,0.5877526775549149,FALSE,FALSE
2014-02-28,King_Haakon,0.519590443,-0.333523749759257,0.333523749759257,0.5877526775549149,FALSE,FALSE
2014-03-01,King_Haakon,0.555909048,-0.319076976668042,0.319076976668042,0.5877526775549149,FALSE,FALSE
2014-03-02,King_Haakon,0.6445477,-0.2536795563391546,0.2536795563391546,0.5877526775549149,FALSE,FALSE
2014-03-03,King_Haakon,0.689552184,-0.23317077812482,0.23317077812482,0.5877526775549149,FALSE,FALSE
2014-03-04,King_Haakon,0.738872384,-0.20948583237726692,0.20948583237726692,0.5877526775549149,FALSE,FALSE
2014-03-05,King_Haakon,0.796813579,-0.17820451843116325,0.17820451843116325,0.5877526775549149,FALSE,FALSE
2014-03-06,King_Haakon,0.832418647,-0.17018385080224807,0.17018385080224807,0.5877526775549149,FALSE,FALSE
2014-03-07,King_Haakon,0.851225422,-0.1798341173526492,0.1798341173526492,0.5877526775549149,FALSE,FALSE
2014-03-08,King_Haakon,0.948249418,-0.11209772424167884,0.11209772424167884,0.5877526775549149,FALSE,FALSE
2014-03-09,King_Haakon,0.97677067,-0.11365255662865448,0.11365255662865448,0.5877526775549149,FALSE,FALSE
2014-03-10,King_Haakon,0.980441353,-0.14080435967289118,0.14080435967289118,0.5877526775549149,FALSE,FALSE
2014-03-11,King_Haakon,0.974938901,-0.17783361953370205,0.17783361953370205,0.5877526775549149,FALSE,FALSE
2014-03-12,King_Haakon,1.00194491,-0.18301666037040265,0.18301666037040265,0.5877526775549149,FALSE,FALSE
2014-03-13,King_Haakon,1.028220795,-0.1895499873423081,0.1895499873423081,0.5877526775549149,FALSE,FALSE
2014-03-14,King_Haakon,1.049285393,-0.2018726836087343,0.2018726836087343,0.5877526775549149,FALSE,FALSE
2014-03-15,King_Haakon,1.083626724,-0.20145464932899504,0.20145464932899504,0.5877526775549149,FALSE,FALSE
2014-03-16,King_Haakon,1.113577007,-0.2059215856624066,0.2059215856624066,0.5877526775549149,FALSE,FALSE
2014-03-17,King_Haakon,1.103302876,-0.25106477876828204,0.25106477876828204,0.5877526775549149,FALSE,FALSE
2014-03-18,King_Haakon,1.144169684,-0.2454766438928322,0.2454766438928322,0.5877526775549149,FALSE,FALSE
2014-03-19,King_Haakon,1.18298235,-0.24230623627461537,0.24230623627461537,0.5877526775549149,FALSE,FALSE
2014-03-20,King_Haakon,1.244147798,-0.2170966375884047,0.2170966375884047,0.5877526775549149,FALSE,FALSE
2014-03-21,King_Haakon,1.307231746,-0.19023194866250104,0.19023194866250104,0.5877526775549149,FALSE,FALSE
2014-03-22,King_Haakon,1.373809512,-0.16008667032520218,0.16008667032520218,0.5877526775549149,FALSE,FALSE
2014-03-23,King_Haakon,1.41974415,-0.15074756740480577,0.15074756740480577,0.5877526775549149,FALSE,FALSE
2014-03-24,King_Haakon,1.447503805,-0.15969631372961368,0.15969631372961368,0.5877526775549149,FALSE,FALSE
2014-03-25,King_Haakon,1.488471496,-0.15549970912792088,0.15549970912792088,0.5877526775549149,FALSE,FALSE
2014-03-26,King_Haakon,1.510469872,-0.17028492342803123,0.17028492342803123,0.5877526775549149,FALSE,FALSE
2014-03-27,King_Haakon,1.563073807,-0.15442690145824067,0.15442690145824067,0.5877526775549149,FALSE,FALSE
2014-03-28,King_Haakon,1.602584961,-0.15157380204685025,0.15157380204685025,0.5877526775549149,FALSE,FALSE
2014-03-29,King_Haakon,1.616802008,-0.17387677002215574,0.17387677002215574,0.5877526775549149,FALSE,FALSE
2014-03-30,King_Haakon,1.685094176,-0.14191639621245833,0.14191639621245833,0.5877526775549149,FALSE,FALSE
2014-03-31,King_Haakon,1.778257721,-0.08485482460120686,0.08485482460120686,0.5877526775549149,FALSE,FALSE
2014-04-01,King_Haakon,1.833259361,-0.06573064205102042,0.06573064205102042,0.5877526775549149,FALSE,FALSE
2014-04-02,King_Haakon,1.873819366,-0.06084482906215838,0.06084482906215838,0.5877526775549149,FALSE,FALSE
2014-04-03,King_Haakon,1.940776245,-0.02938014031713165,0.02938014031713165,0.5877526775549149,FALSE,FALSE
2014-04-04,King_Haakon,2.003606789,-0.00188104849844572,0.00188104849844572,0.5877526775549149,FALSE,FALSE
2014-04-05,King_Haakon,2.071162256,0.03048244071138928,0.03048244071138928,0.5877526775549149,FALSE,FALSE
2014-04-06,King_Haakon,2.128471004,0.05271742162986248,0.05271742162986248,0.5877526775549149,FALSE,FALSE
2014-04-07,King_Haakon,2.18808914,0.0773587375744702,0.0773587375744702,0.5877526775549149,FALSE,FALSE
2014-04-08,King_Haakon,2.250481403,0.10484986386270112,0.10484986386270112,0.5877526775549149,FALSE,FALSE
2014-04-09,King_Haakon,2.290189935,0.10971167881204824,0.10971167881204824,0.5877526775549149,FALSE,FALSE
2014-04-10,King_Haakon,2.315474281,0.1001824637399995,0.1001824637399995,0.5877526775549149,FALSE,FALSE
2014-04-11,King_Haakon,2.384863898,0.13477041196405048,0.13477041196405048,0.5877526775549149,FALSE,FALSE
2014-04-12,King_Haakon,2.452783869,0.16787950784790429,0.16787950784790429,0.5877526775549149,FALSE,FALSE
2014-04-13,King_Haakon,2.553901396,0.234167617637405,0.234167617637405,0.5877526775549149,FALSE,FALSE
2014-04-14,King_Haakon,2.589446711,0.23487502858409037,0.23487502858409037,0.5877526775549149,FALSE,FALSE
2014-04-15,King_Haakon,2.665923733,0.2765175261462387,0.2765175261462387,0.5877526775549149,FALSE,FALSE
2014-04-16,King_Haakon,2.781764477,0.35753899178212345,0.35753899178212345,0.5877526775549149,FALSE,FALSE
2014-04-17,King_Haakon,2.83111545,0.3720977989500191,0.3720977989500191,0.5877526775549149,FALSE,FALSE
2014-04-18,King_Haakon,2.896927401,0.4031565631082037,0.4031565631082037,0.5877526775549149,FALSE,FALSE
2014-04-19,King_Haakon,2.986852971,0.4583797917149517,0.4583797917149517,0.5877526775549149,FALSE,FALSE
2014-04-20,King_Haakon,3.042724701,0.4796118922285379,0.4796118922285379,0.5877526775549149,FALSE,FALSE
2014-04-21,King_Haakon,3.048736234,0.451058374107236,0.451058374107236,0.5877526775549149,FALSE,FALSE
2014-04-22,King_Haakon,3.053375205,0.42121873880932315,0.42121873880932315,0.5877526775549149,FALSE,FALSE
2014-04-23,King_Haakon,3.08844929,0.4219125287930732,0.4219125287930732,0.5877526775549149,FALSE,FALSE
2014-04-24,King_Haakon,3.147218411,0.4464115325167639,0.4464115325167639,0.5877526775549149,FALSE,FALSE
2014-04-25,King_Haakon,3.175996277,0.44104325416687695,0.44104325416687695,0.5877526775549149,FALSE,FALSE
2014-04-26,King_Haakon,3.209407917,0.440464835953664,0.440464835953664,0.5877526775549149,FALSE,FALSE
2014-04-27,King_Haakon,3.222588571,0.4198537537344475,0.4198537537344475,0.5877526775549149,FALSE,FALSE
2014-04-28,King_Haakon,3.241196042,0.4049101529974548,0.4049101529974548,0.5877526775549149,FALSE,FALSE
2014-04-29,King_Haakon,3.251696881,0.38214292723092,0.38214292723092,0.5877526775549149,FALSE,FALSE
2014-04-30,King_Haakon,3.262713741,0.3602170719230644,0.3602170719230644,0.5877526775549149,FALSE,FALSE
2014-05-01,King_Haakon,3.297050552,0.3619788595621256,0.3619788595621256,0.5877526775549149,FALSE,FALSE
2014-05-02,King_Haakon,3.322025145,0.3547884636363263,0.3547884636363263,0.5877526775549149,FALSE,FALSE
2014-05-03,King_Haakon,3.371496998,0.3725477046338992,0.3725477046338992,0.5877526775549149,FALSE,FALSE
2014-05-04,King_Haakon,3.489278555,0.45911136904307215,0.45911136904307215,0.5877526775549149,FALSE,FALSE
2014-05-05,King_Haakon,3.581506666,0.5206586493520757,0.5206586493520757,0.5877526775549149,FALSE,FALSE
2014-05-06,King_Haakon,3.635464946,0.5445155030491353,0.5445155030491353,0.5877526775549149,FALSE,FALSE
2014-05-07,King_Haakon,3.669990255,0.5495611114480701,0.5495611114480701,0.5877526775549149,FALSE,FALSE
2014-05-08,King_Haakon,3.73707339,0.5878167877955947,0.5878167877955947,0.5877526775549149,TRUE,FALSE
2014-05-09,King_Haakon,3.773347798,0.5959150764770715,0.5959150764770715,0.5877526775549149,TRUE,FALSE
2014-05-10,King_Haakon,3.7771247,0.5721611263430044,0.5721611263430044,0.5877526775549149,FALSE,FALSE
2014-05-11,King_Haakon,3.766708538,0.534853307243893,0.534853307243893,0.5877526775549149,FALSE,FALSE
2014-05-12,King_Haakon,3.753800275,0.49568651003024256,0.49568651003024256,0.5877526775549149,FALSE,FALSE
2014-05-13,King_Haakon,3.738494905,0.4547496565525533,0.4547496565525533,0.5877526775549149,FALSE,FALSE
2014-05-14,King_Haakon,3.772796158,0.464040404661326,0.464040404661326,0.5877526775549149,FALSE,FALSE
2014-05-15,King_Haakon,3.763611386,0.4304600342070666,0.4304600342070666,0.5877526775549149,FALSE,FALSE
2014-05-16,King_Haakon,3.779290426,0.4223523100402722,0.4223523100402722,0.5877526775549149,FALSE,FALSE
2014-05-17,King_Haakon,3.818157452,0.4380353340114498,0.4380353340114498,0.5877526775549149,FALSE,FALSE
2014-05-18,King_Haakon,3.849683645,0.4469742149710969,0.4469742149710969,0.5877526775549149,FALSE,FALSE
2014-05-19,King_Haakon,3.869607551,0.4449014267697189,0.4449014267697189,0.5877526775549149,FALSE,FALSE
2014-05-20,King_Haakon,3.845157853,0.399038002117758,0.399038002117758,0.5877526775549149,FALSE,FALSE
2014-05-21,King_Haakon,3.842841189,0.37585413190782146,0.37585413190782146,0.5877526775549149,FALSE,FALSE
2014-05-22,King_Haakon,3.913106369,0.4257370197196071,0.4257370197196071,0.5877526775549149,FALSE,FALSE
2014-05-23,King_Haakon,3.949986407,0.4426572266548665,0.4426572266548665,0.5877526775549149,FALSE,FALSE
2014-05-24,King_Haakon,3.978329865,0.4514008618153471,0.4514008618153471,0.5877526775549149,FALSE,FALSE
2014-05-25,King_Haakon,3.991476797,0.4452455263027981,0.4452455263027981,0.5877526775549149,FALSE,FALSE
2014-05-26,King_Haakon,3.990758716,0.42546028021896776,0.42546028021896776,0.5877526775549149,FALSE,FALSE
2014-05-27,King_Haakon,3.978566115,0.394373163665605,0.394373163665605,0.5877526775549149,FALSE,FALSE
2014-05-28,King_Haakon,3.989796293,0.386819022744457,0.386819022744457,0.5877526775549149,FALSE,FALSE
2014-05-29,King_Haakon,3.99970346,0.37798961455727387,0.37798961455727387,0.5877526775549149,FALSE,FALSE
2014-05-30,King_Haakon,4.005623129,0.3651579992058056,0.3651579992058056,0.5877526775549149,FALSE,FALSE
2014-05-31,King_Haakon,4.029315,0.3700214237917949,0.3700214237917949,0.5877526775549149,FALSE,FALSE
2014-06-01,King_Haakon,4.046043264,0.367781626416996,0.367781626416996,0.5877526775549149,FALSE,FALSE
2014-06-02,King_Haakon,4.092198497,0.3947805825358799,0.3947805825358799,0.5877526775549149,FALSE,FALSE
2014-06-03,King_Haakon,4.102274801,0.38552524638034713,0.38552524638034713,0.5877526775549149,FALSE,FALSE
2014-06-04,King_Haakon,4.107570093,0.3713434224462384,0.3713434224462384,0.5877526775549149,FALSE,FALSE
2014-06-05,King_Haakon,4.131708941,0.3758895668604243,0.3758895668604243,0.5877526775549149,FALSE,FALSE
2014-06-06,King_Haakon,4.172167912,0.39667013474977875,0.39667013474977875,0.5877526775549149,FALSE,FALSE
2014-06-07,King_Haakon,4.169227382,0.3739953902411819,0.3739953902411819,0.5877526775549149,FALSE,FALSE
2014-06-08,King_Haakon,4.173217002,0.3582248724614976,0.3582248724614976,0.5877526775549149,FALSE,FALSE
2014-06-09,King_Haakon,4.163722579,0.32897427653760003,0.32897427653760003,0.5877526775549149,FALSE,FALSE
2014-06-10,King_Haakon,4.183414219,0.3289435965963641,0.3289435965963641,0.5877526775549149,FALSE,FALSE
2014-06-11,King_Haakon,4.199796484,0.32566728276466295,0.32566728276466295,0.5877526775549149,FALSE,FALSE
2014-06-12,King_Haakon,4.212806062,0.3191119111693701,0.3191119111693701,0.5877526775549149,FALSE,FALSE
2014-06-13,King_Haakon,4.200406671,0.28727108793735345,0.28727108793735345,0.5877526775549149,FALSE,FALSE
2014-06-14,King_Haakon,4.192699356,0.2602756262447019,0.2602756262447019,0.5877526775549149,FALSE,FALSE
2014-06-15,King_Haakon,4.196897122,0.2453630113391827,0.2453630113391827,0.5877526775549149,FALSE,FALSE
2014-06-16,King_Haakon,4.214289546,0.2438400461944457,0.2438400461944457,0.5877526775549149,FALSE,FALSE
2014-06-17,King_Haakon,4.299798848,0.31064565119959076,0.31064565119959076,0.5877526775549149,FALSE,FALSE
2014-06-18,King_Haakon,4.409348572,0.4017200707437354,0.4017200707437354,0.5877526775549149,FALSE,FALSE
2014-06-19,King_Haakon,4.45273475,0.426876037215985,0.426876037215985,0.5877526775549149,FALSE,FALSE
2014-06-20,King_Haakon,4.475346652,0.43151952100545454,0.43151952100545454,0.5877526775549149,FALSE,FALSE
2014-06-21,King_Haakon,4.476570508,0.41505345250124925,0.41505345250124925,0.5877526775549149,FALSE,FALSE
2014-06-22,King_Haakon,4.528542252,0.44963046609248103,0.44963046609248103,0.5877526775549149,FALSE,FALSE
2014-06-23,King_Haakon,4.569676361,0.4736817391682582,0.4736817391682582,0.5877526775549149,FALSE,FALSE
2014-06-24,King_Haakon,4.612080074,0.49933121111769374,0.49933121111769374,0.5877526775549149,FALSE,FALSE
2014-06-25,King_Haakon,4.640759653,0.5116018443298955,0.5116018443298955,0.5877526775549149,FALSE,FALSE
2014-06-26,King_Haakon,4.652233015,0.5070282561939736,0.5070282561939736,0.5877526775549149,FALSE,FALSE
2014-06-27,King_Haakon,4.661135708,0.500258357661779,0.500258357661779,0.5877526775549149,FALSE,FALSE
2014-06-28,King_Haakon,4.684008594,0.5078125978175443,0.5078125978175443,0.5877526775549149,FALSE,FALSE
2014-06-29,King_Haakon,4.689029617,0.4978335311632112,0.4978335311632112,0.5877526775549149,FALSE,FALSE
2014-06-30,King_Haakon,4.698054943,0.4921418571984688,0.4921418571984688,0.5877526775549149,FALSE,FALSE
2014-07-01,King_Haakon,4.70841995,0.4880374874230098,0.4880374874230098,0.5877526775549149,FALSE,FALSE
2014-07-02,King_Haakon,4.730689622,0.49604993933652697,0.49604993933652697,0.5877526775549149,FALSE,FALSE
2014-07-03,King_Haakon,4.750731205,0.502010992438704,0.502010992438704,0.5877526775549149,FALSE,FALSE
2014-07-04,King_Haakon,4.763966075,0.5013065562292338,0.5013065562292338,0.5877526775549149,FALSE,FALSE
2014-07-05,King_Haakon,4.766745058,0.490251990207808,0.490251990207808,0.5877526775549149,FALSE,FALSE
2014-07-06,King_Haakon,4.772290435,0.4820341088741147,0.4820341088741147,0.5877526775549149,FALSE,FALSE
2014-07-07,King_Haakon,4.79143373,0.487448969727847,0.487448969727847,0.5877526775549149,FALSE,FALSE
2014-07-08,King_Haakon,4.792920358,0.47520652126869134,0.47520652126869134,0.5877526775549149,FALSE,FALSE
2014-07-09,King_Haakon,4.802217268,0.4707383371998226,0.4707383371998226,0.5877526775549149,FALSE,FALSE
2014-07-10,King_Haakon,4.771856013,0.42655833387939257,0.42655833387939257,0.5877526775549149,FALSE,FALSE
2014-07-11,King_Haakon,4.743460173,0.3843112752587077,0.3843112752587077,0.5877526775549149,FALSE,FALSE
2014-07-12,King_Haakon,4.706735579,0.33372931366298175,0.33372931366298175,0.5877526775549149,FALSE,FALSE
2014-07-13,King_Haakon,4.689163599,0.3023201384174179,0.3023201384174179,0.5877526775549149,FALSE,FALSE
2014-07-14,King_Haakon,4.695313583,0.2946794208472383,0.2946794208472383,0.5877526775549149,FALSE,FALSE
2014-07-15,King_Haakon,4.711599869,0.29724782027764807,0.29724782027764807,0.5877526775549149,FALSE,FALSE
2014-07-16,King_Haakon,4.739861493,0.3118906940338615,0.3118906940338615,0.5877526775549149,FALSE,FALSE
2014-07-17,King_Haakon,4.75351485,0.31205075844109054,0.31205075844109054,0.5877526775549149,FALSE,FALSE
2014-07-18,King_Haakon,4.802298236,0.34749263082454185,0.34749263082454185,0.5877526775549149,FALSE,FALSE
2014-07-19,King_Haakon,4.818539876,0.3505708575094326,0.3505708575094326,0.5877526775549149,FALSE,FALSE
2014-07-20,King_Haakon,4.858110718,0.3771827078209729,0.3771827078209729,0.5877526775549149,FALSE,FALSE
2014-07-21,King_Haakon,4.888177154,0.3945208950843728,0.3945208950843728,0.5877526775549149,FALSE,FALSE
2014-07-22,King_Haakon,4.879565536,0.37343709091558086,0.37343709091558086,0.5877526775549149,FALSE,FALSE
2014-07-23,King_Haakon,4.89431491,0.3759818350410855,0.3759818350410855,0.5877526775549149,FALSE,FALSE
2014-07-24,King_Haakon,4.893483196,0.3632144629478615,0.3632144629478615,0.5877526775549149,FALSE,FALSE
2014-07-25,King_Haakon,4.879042955,0.3371087225091989,0.3371087225091989,0.5877526775549149,FALSE,FALSE
2014-07-26,King_Haakon,4.86697575,0.3136473635983785,0.3136473635983785,0.5877526775549149,FALSE,FALSE
2014-07-27,King_Haakon,4.873824051,0.3093740430886909,0.3093740430886909,0.5877526775549149,FALSE,FALSE
2014-07-28,King_Haakon,4.904605618,0.329307707853423,0.329307707853423,0.5877526775549149,FALSE,FALSE
2014-07-29,King_Haakon,4.89929488,0.3134239737658575,0.3134239737658575,0.5877526775549149,FALSE,FALSE
2014-07-30,King_Haakon,4.927908649,0.331740839699286,0.331740839699286,0.5877526775549149,FALSE,FALSE
2014-07-31,King_Haakon,4.937459229,0.33127179652698935,0.33127179652698935,0.5877526775549149,FALSE,FALSE
2014-08-01,King_Haakon,4.935335865,0.3194072761222593,0.3194072761222593,0.5877526775549149,FALSE,FALSE
2014-08-02,King_Haakon,4.919652558,0.29426246635838016,0.29426246635838016,0.5877526775549149,FALSE,FALSE
2014-08-03,King_Haakon,4.921211874,0.28664112028233557,0.28664112028233557,0.5877526775549149,FALSE,FALSE
2014-08-04,King_Haakon,4.924392895,0.2809281960989498,0.2809281960989498,0.5877526775549149,FALSE,FALSE
2014-08-05,King_Haakon,4.960484968,0.30843583261668606,0.30843583261668606,0.5877526775549149,FALSE,FALSE
2014-08-06,King_Haakon,4.94364388,0.28334642166789603,0.28334642166789603,0.5877526775549149,FALSE,FALSE
2014-08-07,King_Haakon,4.965552844,0.2973697810849316,0.2973697810849316,0.5877526775549149,FALSE,FALSE
2014-08-08,King_Haakon,4.971592864,0.2959135197001448,0.2959135197001448,0.5877526775549149,FALSE,FALSE
2014-08-09,King_Haakon,4.968554765,0.2857950673458882,0.2857950673458882,0.5877526775549149,FALSE,FALSE
2014-08-10,King_Haakon,4.970777851,0.2813803328545106,0.2813803328545106,0.5877526775549149,FALSE,FALSE
2014-08-11,King_Haakon,4.981491326,0.2859251250583634,0.2859251250583634,0.5877526775549149,FALSE,FALSE
2014-08-12,King_Haakon,4.94487744,0.24363829878979892,0.24363829878979892,0.5877526775549149,FALSE,FALSE
2014-08-13,King_Haakon,4.93444952,0.22805978588116993,0.22805978588116993,0.5877526775549149,FALSE,FALSE
2014-08-14,King_Haakon,4.931336331,0.2203449561648272,0.2203449561648272,0.5877526775549149,FALSE,FALSE
2014-08-15,King_Haakon,4.8840551,0.16903764147312472,0.16903764147312472,0.5877526775549149,FALSE,FALSE
2014-08-16,King_Haakon,4.812795043,0.09435172597404227,0.09435172597404227,0.5877526775549149,FALSE,FALSE
2014-08-17,King_Haakon,4.734260205,0.01295836062212885,0.01295836062212885,0.5877526775549149,FALSE,FALSE
2014-08-18,King_Haakon,4.67988895,-0.04380286912111852,0.04380286912111852,0.5877526775549149,FALSE,FALSE
2014-08-19,King_Haakon,4.645881814,-0.07983381643471699,0.07983381643471699,0.5877526775549149,FALSE,FALSE
2014-08-20,King_Haakon,4.632994924,-0.09448074349769532,0.09448074349769532,0.5877526775549149,FALSE,FALSE
2014-08-21,King_Haakon,4.644821414,-0.08425290548906705,0.08425290548906705,0.5877526775549149,FALSE,FALSE
2014-08-22,King_Haakon,4.770396269,0.03978229341213879,0.03978229341213879,0.5877526775549149,FALSE,FALSE
2014-08-23,King_Haakon,4.820151339,0.0879543140269039,0.0879543140269039,0.5877526775549149,FALSE,FALSE
2014-08-24,King_Haakon,4.845257815,0.11133195817620578,0.11133195817620578,0.5877526775549149,FALSE,FALSE
2014-08-25,King_Haakon,4.884191239,0.14828837868102074,0.14828837868102074,0.5877526775549149,FALSE,FALSE
2014-08-26,King_Haakon,4.917283944,0.17905351936232705,0.17905351936232705,0.5877526775549149,FALSE,FALSE
2014-08-27,King_Haakon,4.969323706,0.22831276704110248,0.22831276704110248,0.5877526775549149,FALSE,FALSE
2014-08-28,King_Haakon,5.024735154,0.28038836153832847,0.28038836153832847,0.5877526775549149,FALSE,FALSE
2014-08-29,King_Haakon,5.093810183,0.3454911684873556,0.3454911684873556,0.5877526775549149,FALSE,FALSE
2014-08-30,King_Haakon,5.089369302,0.3364904859677855,0.3364904859677855,0.5877526775549149,FALSE,FALSE
2014-08-31,King_Haakon,5.11140645,0.3534778189850094,0.3534778189850094,0.5877526775549149,FALSE,FALSE
2014-09-01,King_Haakon,5.161616956,0.3982461500342041,0.3982461500342041,0.5877526775549149,FALSE,FALSE
2014-09-02,King_Haakon,5.179031714,0.4099240266105477,0.4099240266105477,0.5877526775549149,FALSE,FALSE
2014-09-03,King_Haakon,5.171422345,0.3963807232092229,0.3963807232092229,0.5877526775549149,FALSE,FALSE
2014-09-04,King_Haakon,5.1591769,0.3781019443254081,0.3781019443254081,0.5877526775549149,FALSE,FALSE
2014-09-05,King_Haakon,5.115856589,0.32874655345428483,0.32874655345428483,0.5877526775549149,FALSE,FALSE
2014-09-06,King_Haakon,5.085224031,0.2921748230910275,0.2921748230910275,0.5877526775549149,FALSE,FALSE
2014-09-07,King_Haakon,5.070512899,0.2717180797308236,0.2717180797308236,0.5877526775549149,FALSE,FALSE
2014-09-08,King_Haakon,5.097405991,0.29315677486884617,0.29315677486884617,0.5877526775549149,FALSE,FALSE
2014-09-09,King_Haakon,5.084210463,0.27489571800027424,0.27489571800027424,0.5877526775549149,FALSE,FALSE
2014-09-10,King_Haakon,5.089094518,0.27520033163106206,0.27520033163106206,0.5877526775549149,FALSE,FALSE
2014-09-11,King_Haakon,5.12620875,0.30827722995754403,0.30827722995754403,0.5877526775549149,FALSE,FALSE
2014-09-12,King_Haakon,5.155056044,0.33361076357309294,0.33361076357309294,0.5877526775549149,FALSE,FALSE
2014-09-13,King_Haakon,5.201942773,0.3774809211213661,0.3774809211213661,0.5877526775549149,FALSE,FALSE
2014-09-14,King_Haakon,5.276597966,0.4495903472460237,0.4495903472460237,0.5877526775549149,FALSE,FALSE
2014-09-15,King_Haakon,5.345120333,0.5160113675907141,0.5160113675907141,0.5877526775549149,FALSE,FALSE
2014-09-16,King_Haakon,5.364411762,0.5336194857990941,0.5336194857990941,0.5877526775549149,FALSE,FALSE
2014-09-17,King_Haakon,5.349129323,0.5170453875148233,0.5170453875148233,0.5877526775549149,FALSE,FALSE
2014-09-18,King_Haakon,5.352765657,0.5197553293815496,0.5197553293815496,0.5877526775549149,FALSE,FALSE
2014-09-19,King_Haakon,5.374984077,0.5413862400429315,0.5413862400429315,0.5877526775549149,FALSE,FALSE
2014-09-20,King_Haakon,5.395622771,0.5617499231426226,0.5617499231426226,0.5877526775549149,FALSE,FALSE
2014-09-21,King_Haakon,5.405910387,0.5720486423242805,0.5720486423242805,0.5877526775549149,FALSE,FALSE
2014-09-22,King_Haakon,5.379541053,0.5459501412315575,0.5459501412315575,0.5877526775549149,FALSE,FALSE
2014-09-23,King_Haakon,5.317030946,0.48394400832301265,0.48394400832301265,0.5877526775549149,FALSE,FALSE
2014-09-24,King_Haakon,5.269866436,0.4374878390260246,0.4374878390260246,0.5877526775549149,FALSE,FALSE
2014-09-25,King_Haakon,5.230182659,0.3986866686878505,0.3986866686878505,0.5877526775549149,FALSE,FALSE
2014-09-26,King_Haakon,5.201170268,0.3707010310493972,0.3707010310493972,0.5877526775549149,FALSE,FALSE
2014-09-27,King_Haakon,5.190829316,0.36150085985154945,0.36150085985154945,0.5877526775549149,FALSE,FALSE
2014-09-28,King_Haakon,5.180542373,0.3524386058352089,0.3524386058352089,0.5877526775549149,FALSE,FALSE
2014-09-29,King_Haakon,5.145868889,0.31904359974126706,0.31904359974126706,0.5877526775549149,FALSE,FALSE
2014-09-30,King_Haakon,5.125052105,0.29952896331062107,0.29952896331062107,0.5877526775549149,FALSE,FALSE
2014-10-01,King_Haakon,5.106912178,0.2826847342841665,0.2826847342841665,0.5877526775549149,FALSE,FALSE
2014-10-02,King_Haakon,5.092535178,0.26956686340279923,0.26956686340279923,0.5877526775549149,FALSE,FALSE
2014-10-03,King_Haakon,5.082780179,0.26100430540741115,0.26100430540741115,0.5877526775549149,FALSE,FALSE
2014-10-04,King_Haakon,5.10560243,0.28492219003890185,0.28492219003890185,0.5877526775549149,FALSE,FALSE
2014-10-05,King_Haakon,5.09221257,0.27250105532199864,0.27250105532199864,0.5877526775549149,FALSE,FALSE
2014-10-06,King_Haakon,5.057117102,0.2382394199469351,0.2382394199469351,0.5877526775549149,FALSE,FALSE
2014-10-07,King_Haakon,5.032186889,0.21406521986579552,0.21406521986579552,0.5877526775549149,FALSE,FALSE
2014-10-08,King_Haakon,5.009531151,0.1921566501284264,0.1921566501284264,0.5877526775549149,FALSE,FALSE
2014-10-09,King_Haakon,4.987931044,0.17136384178467523,0.17136384178467523,0.5877526775549149,FALSE,FALSE
2014-10-10,King_Haakon,4.935520042,0.11988924388439504,0.11988924388439504,0.5877526775549149,FALSE,FALSE
2014-10-11,King_Haakon,4.911122875,0.09662656147742332,0.09662656147742332,0.5877526775549149,FALSE,FALSE
2014-10-12,King_Haakon,4.874986086,0.06189131261361158,0.06189131261361158,0.5877526775549149,FALSE,FALSE
2014-10-13,King_Haakon,4.844421642,0.03306443934280967,0.03306443934280967,0.5877526775549149,FALSE,FALSE
2014-10-14,King_Haakon,4.821748068,0.01253344171486148,0.01253344171486148,0.5877526775549149,FALSE,FALSE
2014-10-15,King_Haakon,4.806084049,-5.140202203834932e-4,5.140202203834932e-4,0.5877526775549149,FALSE,FALSE
2014-10-16,King_Haakon,4.803024207,-4.1434941308082784e-4,4.1434941308082784e-4,0.5877526775549149,FALSE,FALSE
2014-10-17,King_Haakon,4.815848668,0.0161815551866189,0.0161815551866189,0.5877526775549149,FALSE,FALSE
2014-10-18,King_Haakon,4.832410405,0.03719290657884056,0.03719290657884056,0.5877526775549149,FALSE,FALSE
2014-10-19,King_Haakon,4.84271975,0.05263818511795293,0.05263818511795293,0.5877526775549149,FALSE,FALSE
2014-10-20,King_Haakon,4.84560246,0.06129575965681777,0.06129575965681777,0.5877526775549149,FALSE,FALSE
2014-10-21,King_Haakon,4.881901645,0.10395912835156462,0.10395912835156462,0.5877526775549149,FALSE,FALSE
2014-10-22,King_Haakon,4.914605236,0.1435666103583264,0.1435666103583264,0.5877526775549149,FALSE,FALSE
2014-10-23,King_Haakon,4.955093741,0.19144910183323297,0.19144910183323297,0.5877526775549149,FALSE,FALSE
2014-10-24,King_Haakon,5.00639745,0.250587280932419,0.250587280932419,0.5877526775549149,FALSE,FALSE
2014-10-25,King_Haakon,5.004396069,0.256811241812021,0.256811241812021,0.5877526775549149,FALSE,FALSE
2014-10-26,King_Haakon,5.009097475,0.2700792496281661,0.2700792496281661,0.5877526775549149,FALSE,FALSE
2014-10-27,King_Haakon,5.015027859,0.2848678835369869,0.2848678835369869,0.5877526775549149,FALSE,FALSE
2014-10-28,King_Haakon,5.008742101,0.2876824116946164,0.2876824116946164,0.5877526775549149,FALSE,FALSE
2014-10-29,King_Haakon,5.004506227,0.29273924825718467,0.29273924825718467,0.5877526775549149,FALSE,FALSE
2014-10-30,King_Haakon,4.995673603,0.2933421473808302,0.2933421473808302,0.5877526775549149,FALSE,FALSE
2014-10-31,King_Haakon,4.971643957,0.278855386295092,0.278855386295092,0.5877526775549149,FALSE,FALSE
2014-11-01,King_Haakon,4.970727743,0.2876236721077996,0.2876236721077996,0.5877526775549149,FALSE,FALSE
2014-11-02,King_Haakon,4.952429692,0.27920739924958227,0.27920739924958227,0.5877526775549149,FALSE,FALSE
2014-11-03,King_Haakon,4.939708131,0.2766205639067296,0.2766205639067296,0.5877526775549149,FALSE,FALSE
2014-11-04,King_Haakon,4.950859565,0.29821534026552143,0.29821534026552143,0.5877526775549149,FALSE,FALSE
2014-11-05,King_Haakon,4.962514409,0.3206778125122476,0.3206778125122476,0.5877526775549149,FALSE,FALSE
2014-11-06,King_Haakon,4.984377558,0.35376854483318976,0.35376854483318976,0.5877526775549149,FALSE,FALSE
2014-11-07,King_Haakon,5.005873583,0.3869677774146343,0.3869677774146343,0.5877526775549149,FALSE,FALSE
2014-11-08,King_Haakon,5.023269423,0.4165981184428693,0.4165981184428693,0.5877526775549149,FALSE,FALSE
2014-11-09,King_Haakon,5.012921065,0.4190712241041776,0.4190712241041776,0.5877526775549149,FALSE,FALSE
2014-11-10,King_Haakon,4.98979563,0.4094098845848455,0.4094098845848455,0.5877526775549149,FALSE,FALSE
2014-11-11,King_Haakon,4.964875015,0.39865166607115565,0.39865166607115565,0.5877526775549149,FALSE,FALSE
2014-11-12,King_Haakon,4.953670337,0.40236365583443234,0.40236365583443234,0.5877526775549149,FALSE,FALSE
2014-11-13,King_Haakon,4.918687539,0.3831244228690665,0.3831244228690665,0.5877526775549149,FALSE,FALSE
2014-11-14,King_Haakon,4.823736408,0.3048414171966378,0.3048414171966378,0.5877526775549149,FALSE,FALSE
2014-11-15,King_Haakon,4.767115342,0.26591276498099603,0.26591276498099603,0.5877526775549149,FALSE,FALSE
2014-11-16,King_Haakon,4.699406231,0.2170200843859842,0.2170200843859842,0.5877526775549149,FALSE,FALSE
2014-11-17,King_Haakon,4.639621786,0.17727581457544428,0.17727581457544428,0.5877526775549149,FALSE,FALSE
2014-11-18,King_Haakon,4.617913429,0.1769311057132219,0.1769311057132219,0.5877526775549149,FALSE,FALSE
2014-11-19,King_Haakon,4.586021848,0.1678263739631607,0.1678263739631607,0.5877526775549149,FALSE,FALSE
2014-11-20,King_Haakon,4.5616748,0.16778910448910356,0.16778910448910356,0.5877526775549149,FALSE,FALSE
2014-11-21,King_Haakon,4.523201979,0.1552487194548977,0.1552487194548977,0.5877526775549149,FALSE,FALSE
2014-11-22,King_Haakon,4.504438463,0.1641400250243823,0.1641400250243823,0.5877526775549149,FALSE,FALSE
2014-11-23,King_Haakon,4.50342265,0.1926011473614091,0.1926011473614091,0.5877526775549149,FALSE,FALSE
2014-11-24,King_Haakon,4.501650865,0.22222813962981292,0.22222813962981292,0.5877526775549149,FALSE,FALSE
2014-11-25,King_Haakon,4.504563189,0.2585434633481043,0.2585434633481043,0.5877526775549149,FALSE,FALSE
2014-11-26,King_Haakon,4.470168328,0.2594914815570144,0.2594914815570144,0.5877526775549149,FALSE,FALSE
2014-11-27,King_Haakon,4.45082606,0.27729385292880426,0.27729385292880426,0.5877526775549149,FALSE,FALSE
2014-11-28,King_Haakon,4.435152578,0.3004280923225915,0.3004280923225915,0.5877526775549149,FALSE,FALSE
2014-11-29,King_Haakon,4.418901554,0.3245091935974953,0.3245091935974953,0.5877526775549149,FALSE,FALSE
2014-11-30,King_Haakon,4.412617854,0.3599433446126383,0.3599433446126383,0.5877526775549149,FALSE,FALSE
2014-12-01,King_Haakon,4.402136961,0.3924273502271341,0.3924273502271341,0.5877526775549149,FALSE,FALSE
2014-12-02,King_Haakon,4.385198167,0.41956182430010625,0.41956182430010625,0.5877526775549149,FALSE,FALSE
2014-12-03,King_Haakon,4.374837907,0.45424452369067136,0.45424452369067136,0.5877526775549149,FALSE,FALSE
2014-12-04,King_Haakon,4.375897607,0.501178196257948,0.501178196257948,0.5877526775549149,FALSE,FALSE
2014-12-05,King_Haakon,4.371470112,0.5433170088610568,0.5433170088610568,0.5877526775549149,FALSE,FALSE
2014-12-06,King_Haakon,4.362298833,0.5812656943591152,0.5812656943591152,0.5877526775549149,FALSE,FALSE
2014-12-07,King_Haakon,4.345791563,0.6122935287612816,0.6122935287612816,0.5877526775549149,TRUE,TRUE
2014-12-08,King_Haakon,4.32765048,0.6420141992050912,0.6420141992050912,0.5877526775549149,TRUE,TRUE
2014-12-09,King_Haakon,4.300257094,0.6628413694812045,0.6628413694812045,0.5877526775549149,TRUE,TRUE
2014-12-10,King_Haakon,4.275246271,0.6864598812852143,0.6864598812852143,0.5877526775549149,TRUE,TRUE
2014-12-11,King_Haakon,4.246823025,0.7071247243127048,0.7071247243127048,0.5877526775549149,TRUE,TRUE
2014-12-12,King_Haakon,4.210124083,0.7200226012592648,0.7200226012592648,0.5877526775549149,TRUE,TRUE
2014-12-13,King_Haakon,4.196335267,0.756389309820483,0.756389309820483,0.5877526775549149,TRUE,TRUE
2014-12-14,King_Haakon,4.182968023,0.7937862716919462,0.7937862716919462,0.5877526775549149,TRUE,TRUE
2014-12-15,King_Haakon,4.170880291,0.833121402569243,0.833121402569243,0.5877526775549149,TRUE,TRUE
2014-12-16,King_Haakon,4.149672272,0.8640448791479627,0.8640448791479627,0.5877526775549149,TRUE,TRUE
2014-12-17,King_Haakon,4.116178136,0.8834408471236914,0.8834408471236914,0.5877526775549149,TRUE,TRUE
2014-12-18,King_Haakon,4.05991987,0.8808812691920185,0.8808812691920185,0.5877526775549149,TRUE,TRUE
2014-12-19,King_Haakon,4.012739805,0.8882584520485306,0.8882584520485306,0.5877526775549149,TRUE,TRUE
2014-12-20,King_Haakon,3.991177772,0.9221578073539471,0.9221578073539471,0.5877526775549149,TRUE,TRUE
2014-12-21,King_Haakon,3.950121943,0.9374435937960488,0.9374435937960488,0.5877526775549149,TRUE,TRUE
2014-12-22,King_Haakon,3.897522703,0.9419868115142078,0.9419868115142078,0.5877526775549149,TRUE,TRUE
2014-12-23,King_Haakon,3.921579011,1.0239054888264447,1.0239054888264447,0.5877526775549149,TRUE,TRUE
2014-12-24,King_Haakon,3.886757085,1.0475849130507813,1.0475849130507813,0.5877526775549149,TRUE,TRUE
2014-12-25,King_Haakon,3.818500866,1.0383880945052466,1.0383880945052466,0.5877526775549149,TRUE,TRUE
2014-12-26,King_Haakon,3.773768274,1.0531920225078633,1.0531920225078633,0.5877526775549149,TRUE,TRUE
2014-12-27,King_Haakon,3.728173611,1.067530068376652,1.067530068376652,0.5877526775549149,TRUE,TRUE
2014-12-28,King_Haakon,3.674329377,1.0739338014296345,1.0739338014296345,0.5877526775549149,TRUE,TRUE
2014-12-29,King_Haakon,3.653599199,1.1136859179848435,1.1136859179848435,0.5877526775549149,TRUE,TRUE
2014-12-30,King_Haakon,3.587154736,1.107877146360294,1.107877146360294,0.5877526775549149,TRUE,TRUE
2014-12-31,King_Haakon,3.569994226,1.1514247938740163,1.1514247938740163,0.5877526775549149,TRUE,TRUE
2015-01-01,King_Haakon,3.494294211,1.1364244718440268,1.1364244718440268,0.5877526775549149,TRUE,TRUE
2015-01-02,King_Haakon,3.450473179,1.1532107396180842,1.1532107396180842,0.5877526775549149,TRUE,TRUE
2015-01-03,King_Haakon,3.388246509,1.1514030556628445,1.1514030556628445,0.5877526775549149,TRUE,TRUE
2015-01-04,King_Haakon,3.310160655,1.133448955474699,1.133448955474699,0.5877526775549149,TRUE,TRUE
2015-01-05,King_Haakon,3.284775381,1.1678092845500343,1.1678092845500343,0.5877526775549149,TRUE,TRUE
2015-01-06,King_Haakon,3.212022018,1.1543164553852452,1.1543164553852452,0.5877526775549149,TRUE,TRUE
2015-01-07,King_Haakon,3.134349548,1.135320531476716,1.135320531476716,0.5877526775549149,TRUE,TRUE
2015-01-08,King_Haakon,3.046017508,1.1049821313208332,1.1049821313208332,0.5877526775549149,TRUE,TRUE
2015-01-09,King_Haakon,2.958957357,1.0751337954139926,1.0751337954139926,0.5877526775549149,TRUE,TRUE
2015-01-10,King_Haakon,2.882959173,1.055466683252577,1.055466683252577,0.5877526775549149,TRUE,TRUE
2015-01-11,King_Haakon,2.799384588,1.0272435083329778,1.0272435083329778,0.5877526775549149,TRUE,TRUE
2015-01-12,King_Haakon,2.684543892,0.9666756421515852,0.9666756421515852,0.5877526775549149,TRUE,TRUE
2015-01-13,King_Haakon,2.627766235,0.9629933162047852,0.9629933162047852,0.5877526775549149,TRUE,TRUE
2015-01-14,King_Haakon,2.546050388,0.933097153097898,0.933097153097898,0.5877526775549149,TRUE,TRUE
2015-01-15,King_Haakon,2.478517729,0.9160380176704164,0.9160380176704164,0.5877526775549149,TRUE,TRUE
2015-01-16,King_Haakon,2.408281245,0.8948930047931551,0.8948930047931551,0.5877526775549149,TRUE,TRUE
2015-01-17,King_Haakon,2.275923982,0.8102114578885387,0.8102114578885387,0.5877526775549149,TRUE,TRUE
2015-01-18,King_Haakon,2.062009978,0.6425237123789884,0.6425237123789884,0.5877526775549149,TRUE,TRUE
2015-01-19,King_Haakon,1.993127524,0.618384356686926,0.618384356686926,0.5877526775549149,TRUE,TRUE
2015-01-20,King_Haakon,1.9067670860000001,0.5752501542347748,0.5752501542347748,0.5877526775549149,FALSE,FALSE
2015-01-21,King_Haakon,1.722058001,0.43221673944495587,0.43221673944495587,0.5877526775549149,FALSE,FALSE
2015-01-22,King_Haakon,1.578705688,0.3289558287398928,0.3289558287398928,0.5877526775549149,FALSE,FALSE
2015-01-23,King_Haakon,1.51207468,0.3007982525420072,0.3007982525420072,0.5877526775549149,FALSE,FALSE
2015-01-24,King_Haakon,1.330219419,0.1557647502737196,0.1557647502737196,0.5877526775549149,FALSE,FALSE
2015-01-25,King_Haakon,1.289255601,0.14993731535745392,0.14993731535745392,0.5877526775549149,FALSE,FALSE
2015-01-26,King_Haakon,1.226928491,0.12102751021563309,0.12102751021563309,0.5877526775549149,FALSE,FALSE
2015-01-27,King_Haakon,1.161675837,0.08744817935021687,0.08744817935021687,0.5877526775549149,FALSE,FALSE
2015-01-28,King_Haakon,1.163797579,0.1195339242705764,0.1195339242705764,0.5877526775549149,FALSE,FALSE
2015-01-29,King_Haakon,1.142369201,0.12641958952271715,0.12641958952271715,0.5877526775549149,FALSE,FALSE
2015-01-30,King_Haakon,1.126971481,0.1377453932160808,0.1377453932160808,0.5877526775549149,FALSE,FALSE
2015-01-31,King_Haakon,1.135364388,0.171330744460108,0.171330744460108,0.5877526775549149,FALSE,FALSE
2015-02-01,King_Haakon,1.080709678,0.1403968393642424,0.1403968393642424,0.5877526775549149,FALSE,FALSE
2015-02-02,King_Haakon,1.023746062,0.1057418290379244,0.1057418290379244,0.5877526775549149,FALSE,FALSE
2015-02-03,King_Haakon,0.92624883,0.02920044359059637,0.02920044359059637,0.5877526775549149,FALSE,FALSE
2015-02-04,King_Haakon,0.870576297,-0.00680956186830006,0.00680956186830006,0.5877526775549149,FALSE,FALSE
2015-02-05,King_Haakon,0.849461432,-0.00949577822932379,0.00949577822932379,0.5877526775549149,FALSE,FALSE
2015-02-06,King_Haakon,0.811946161,-0.02975683938303053,0.02975683938303053,0.5877526775549149,FALSE,FALSE
2015-02-07,King_Haakon,0.798036846,-0.02752694321998128,0.02752694321998128,0.5877526775549149,FALSE,FALSE
2015-02-08,King_Haakon,0.769679194,-0.04080133404552577,0.04080133404552577,0.5877526775549149,FALSE,FALSE
2015-02-09,King_Haakon,0.729352103,-0.06709374104681654,0.06709374104681654,0.5877526775549149,FALSE,FALSE
2015-02-10,King_Haakon,0.705152311,-0.07840282432875434,0.07840282432875434,0.5877526775549149,FALSE,FALSE
2015-02-11,King_Haakon,0.701317686,-0.070598264972065,0.070598264972065,0.5877526775549149,FALSE,FALSE
2015-02-12,King_Haakon,0.704465427,-0.05717041305747994,0.05717041305747994,0.5877526775549149,FALSE,FALSE
2015-02-13,King_Haakon,0.72292255,-0.02989980166572814,0.02989980166572814,0.5877526775549149,FALSE,FALSE
2015-02-14,King_Haakon,0.741917704,-0.00366533087753551,0.00366533087753551,0.5877526775549149,FALSE,FALSE
2015-02-15,King_Haakon,0.726599141,-0.0134262977736328,0.0134262977736328,0.5877526775549149,FALSE,FALSE
2015-02-16,King_Haakon,0.715670122,-0.02058699043474732,0.02058699043474732,0.5877526775549149,FALSE,FALSE
2015-02-17,King_Haakon,0.683378584,-0.05100702094160891,0.05100702094160891,0.5877526775549149,FALSE,FALSE
2015-02-18,King_Haakon,0.667122448,-0.06739601737494572,0.06739601737494572,0.5877526775549149,FALSE,FALSE
2015-02-19,King_Haakon,0.663892223,-0.0728710198154856,0.0728710198154856,0.5877526775549149,FALSE,FALSE
2015-02-20,King_Haakon,0.694401747,-0.04682573934395839,0.04682573934395839,0.5877526775549149,FALSE,FALSE
2015-02-21,King_Haakon,0.702704073,-0.04530424415582257,0.04530424415582257,0.5877526775549149,FALSE,FALSE
2015-02-22,King_Haakon,0.700530434,-0.05654599859068254,0.05654599859068254,0.5877526775549149,FALSE,FALSE
2015-02-23,King_Haakon,0.692190575,-0.0761278523222797,0.0761278523222797,0.5877526775549149,FALSE,FALSE
2015-02-24,King_Haakon,0.678216858,-0.10340251770283916,0.10340251770283916,0.5877526775549149,FALSE,FALSE
2015-02-25,King_Haakon,0.666196008,-0.1306683440845895,0.1306683440845895,0.5877526775549149,FALSE,FALSE
2015-02-26,King_Haakon,0.694088903,-0.11984952781975766,0.11984952781975766,0.5877526775549149,FALSE,FALSE
2015-02-27,King_Haakon,0.702397215,-0.13032947126057093,0.13032947126057093,0.5877526775549149,FALSE,FALSE
2015-02-28,King_Haakon,0.720001996,-0.133112196759257,0.133112196759257,0.5877526775549149,FALSE,FALSE
2015-03-01,King_Haakon,0.756008468,-0.118977556668042,0.118977556668042,0.5877526775549149,FALSE,FALSE
2015-03-02,King_Haakon,0.841952256,-0.05627500033915456,0.05627500033915456,0.5877526775549149,FALSE,FALSE
2015-03-03,King_Haakon,0.942899352,0.02017638987518,0.02017638987518,0.5877526775549149,FALSE,FALSE
2015-03-04,King_Haakon,0.962071301,0.01371308462273313,0.01371308462273313,0.5877526775549149,FALSE,FALSE
2015-03-05,King_Haakon,0.935840887,-0.03917721043116329,0.03917721043116329,0.5877526775549149,FALSE,FALSE
2015-03-06,King_Haakon,0.946267722,-0.0563347758022481,0.0563347758022481,0.5877526775549149,FALSE,FALSE
2015-03-07,King_Haakon,0.960011633,-0.07104790635264913,0.07104790635264913,0.5877526775549149,FALSE,FALSE
2015-03-08,King_Haakon,1.008696411,-0.05165073124167874,0.05165073124167874,0.5877526775549149,FALSE,FALSE
2015-03-09,King_Haakon,1.057541508,-0.03288171862865452,0.03288171862865452,0.5877526775549149,FALSE,FALSE
2015-03-10,King_Haakon,1.097774883,-0.02347082967289115,0.02347082967289115,0.5877526775549149,FALSE,FALSE
2015-03-11,King_Haakon,1.14050547,-0.01226705053370214,0.01226705053370214,0.5877526775549149,FALSE,FALSE
2015-03-12,King_Haakon,1.205559162,0.02059759162959729,0.02059759162959729,0.5877526775549149,FALSE,FALSE
2015-03-13,King_Haakon,1.258562881,0.04079209865769195,0.04079209865769195,0.5877526775549149,FALSE,FALSE
2015-03-14,King_Haakon,1.286303753,0.03514567639126587,0.03514567639126587,0.5877526775549149,FALSE,FALSE
2015-03-15,King_Haakon,1.344782968,0.05970159467100511,0.05970159467100511,0.5877526775549149,FALSE,FALSE
2015-03-16,King_Haakon,1.393460753,0.07396216033759351,0.07396216033759351,0.5877526775549149,FALSE,FALSE
2015-03-17,King_Haakon,1.443010599,0.08864294423171781,0.08864294423171781,0.5877526775549149,FALSE,FALSE
2015-03-18,King_Haakon,1.493669383,0.10402305510716792,0.10402305510716792,0.5877526775549149,FALSE,FALSE
2015-03-19,King_Haakon,1.556170374,0.1308817877253845,0.1308817877253845,0.5877526775549149,FALSE,FALSE
2015-03-20,King_Haakon,1.60356118,0.14231674441159536,0.14231674441159536,0.5877526775549149,FALSE,FALSE
2015-03-21,King_Haakon,1.677591896,0.18012820133749896,0.18012820133749896,0.5877526775549149,FALSE,FALSE
2015-03-22,King_Haakon,1.723640496,0.18974431367479783,0.18974431367479783,0.5877526775549149,FALSE,FALSE
2015-03-23,King_Haakon,1.765560195,0.19506847759519408,0.19506847759519408,0.5877526775549149,FALSE,FALSE
2015-03-24,King_Haakon,1.7813797200000001,0.17417960127038645,0.17417960127038645,0.5877526775549149,FALSE,FALSE
2015-03-25,King_Haakon,1.788911973,0.1449407678720791,0.1449407678720791,0.5877526775549149,FALSE,FALSE
2015-03-26,King_Haakon,1.800435278,0.11968048257196862,0.11968048257196862,0.5877526775549149,FALSE,FALSE
2015-03-27,King_Haakon,1.846737362,0.12923665354175928,0.12923665354175928,0.5877526775549149,FALSE,FALSE
2015-03-28,King_Haakon,1.886124989,0.13196622595314975,0.13196622595314975,0.5877526775549149,FALSE,FALSE
2015-03-29,King_Haakon,1.925931403,0.1352526249778443,0.1352526249778443,0.5877526775549149,FALSE,FALSE
2015-03-30,King_Haakon,1.928319493,0.10130892078754172,0.10130892078754172,0.5877526775549149,FALSE,FALSE
2015-03-31,King_Haakon,1.934834257,0.07172171139879313,0.07172171139879313,0.5877526775549149,FALSE,FALSE
2015-04-01,King_Haakon,1.974736964,0.07574696094897959,0.07574696094897959,0.5877526775549149,FALSE,FALSE
2015-04-02,King_Haakon,2.029960651,0.09529645593784176,0.09529645593784176,0.5877526775549149,FALSE,FALSE
2015-04-03,King_Haakon,2.061500011,0.09134362568286858,0.09134362568286858,0.5877526775549149,FALSE,FALSE
2015-04-04,King_Haakon,2.133257883,0.12777004550155446,0.12777004550155446,0.5877526775549149,FALSE,FALSE
2015-04-05,King_Haakon,2.160242399,0.11956258371138916,0.11956258371138916,0.5877526775549149,FALSE,FALSE
2015-04-06,King_Haakon,2.190056114,0.11430253162986226,0.11430253162986226,0.5877526775549149,FALSE,FALSE
2015-04-07,King_Haakon,2.247374368,0.13664396557447,0.13664396557447,0.5877526775549149,FALSE,FALSE
2015-04-08,King_Haakon,2.310923635,0.16529209586270088,0.16529209586270088,0.5877526775549149,FALSE,FALSE
2015-04-09,King_Haakon,2.353420709,0.17294245281204823,0.17294245281204823,0.5877526775549149,FALSE,FALSE
2015-04-10,King_Haakon,2.366783049,0.15149123173999923,0.15149123173999923,0.5877526775549149,FALSE,FALSE
2015-04-11,King_Haakon,2.388515504,0.13842201796405051,0.13842201796405051,0.5877526775549149,FALSE,FALSE
2015-04-12,King_Haakon,2.429349719,0.14444535784790435,0.14444535784790435,0.5877526775549149,FALSE,FALSE
2015-04-13,King_Haakon,2.424629797,0.10489601863740504,0.10489601863740504,0.5877526775549149,FALSE,FALSE
2015-04-14,King_Haakon,2.475805624,0.1212339415840904,0.1212339415840904,0.5877526775549149,FALSE,FALSE
2015-04-15,King_Haakon,2.534605187,0.14519898014623855,0.14519898014623855,0.5877526775549149,FALSE,FALSE
2015-04-16,King_Haakon,2.639990223,0.21576473778212343,0.21576473778212343,0.5877526775549149,FALSE,FALSE
2015-04-17,King_Haakon,2.723607095,0.2645894439500194,0.2645894439500194,0.5877526775549149,FALSE,FALSE
2015-04-18,King_Haakon,2.724138026,0.23036718810820345,0.23036718810820345,0.5877526775549149,FALSE,FALSE
2015-04-19,King_Haakon,2.760818479,0.232345299714952,0.232345299714952,0.5877526775549149,FALSE,FALSE
2015-04-20,King_Haakon,2.85842869,0.29531588122853814,0.29531588122853814,0.5877526775549149,FALSE,FALSE
2015-04-21,King_Haakon,2.932581764,0.3349039041072359,0.3349039041072359,0.5877526775549149,FALSE,FALSE
2015-04-22,King_Haakon,2.987542347,0.3553858808093233,0.3553858808093233,0.5877526775549149,FALSE,FALSE
2015-04-23,King_Haakon,3.075818621,0.4092818597930732,0.4092818597930732,0.5877526775549149,FALSE,FALSE
2015-04-24,King_Haakon,3.193155999,0.4923491205167641,0.4923491205167641,0.5877526775549149,FALSE,FALSE
2015-04-25,King_Haakon,3.258401277,0.523448254166877,0.523448254166877,0.5877526775549149,FALSE,FALSE
2015-04-26,King_Haakon,3.321460783,0.552517701953664,0.552517701953664,0.5877526775549149,FALSE,FALSE
2015-04-27,King_Haakon,3.369286353,0.5665515357344475,0.5665515357344475,0.5877526775549149,FALSE,FALSE
2015-04-28,King_Haakon,3.412555525,0.5762696359974551,0.5762696359974551,0.5877526775549149,FALSE,FALSE
2015-04-29,King_Haakon,3.438875624,0.5693216702309201,0.5693216702309201,0.5877526775549149,FALSE,FALSE
2015-04-30,King_Haakon,3.452044856,0.5495481869230647,0.5495481869230647,0.5877526775549149,FALSE,FALSE
2015-05-01,King_Haakon,3.51281385,0.5777421575621258,0.5777421575621258,0.5877526775549149,FALSE,FALSE
2015-05-02,King_Haakon,3.538347189,0.5711105076363263,0.5711105076363263,0.5877526775549149,FALSE,FALSE
2015-05-03,King_Haakon,3.556068492,0.5571191986338992,0.5571191986338992,0.5877526775549149,FALSE,FALSE
2015-05-04,King_Haakon,3.591688297,0.5615211110430725,0.5615211110430725,0.5877526775549149,FALSE,FALSE
2015-05-05,King_Haakon,3.657909744,0.5970617273520755,0.5970617273520755,0.5877526775549149,TRUE,TRUE
2015-05-06,King_Haakon,3.71464219,0.6236927470491356,0.6236927470491356,0.5877526775549149,TRUE,TRUE
2015-05-07,King_Haakon,3.772694561,0.6522654174480698,0.6522654174480698,0.5877526775549149,TRUE,TRUE
2015-05-08,King_Haakon,3.810719033,0.6614624307955945,0.6614624307955945,0.5877526775549149,TRUE,TRUE
2015-05-09,King_Haakon,3.832934327,0.6555016054770713,0.6555016054770713,0.5877526775549149,TRUE,TRUE
2015-05-10,King_Haakon,3.837283549,0.6323199753430044,0.6323199753430044,0.5877526775549149,TRUE,TRUE
2015-05-11,King_Haakon,3.867965738,0.6361105072438931,0.6361105072438931,0.5877526775549149,TRUE,TRUE
2015-05-12,King_Haakon,3.865998583,0.6078848180302425,0.6078848180302425,0.5877526775549149,TRUE,TRUE
2015-05-13,King_Haakon,3.854320778,0.5705755295525532,0.5705755295525532,0.5877526775549149,FALSE,FALSE
2015-05-14,King_Haakon,3.858243942,0.5494881886613263,0.5494881886613263,0.5877526775549149,FALSE,FALSE
2015-05-15,King_Haakon,3.870524408,0.5373730562070667,0.5373730562070667,0.5877526775549149,FALSE,FALSE
2015-05-16,King_Haakon,3.886088768,0.529150652040272,0.529150652040272,0.5877526775549149,FALSE,FALSE
2015-05-17,King_Haakon,3.892479461,0.5123573430114501,0.5123573430114501,0.5877526775549149,FALSE,FALSE
2015-05-18,King_Haakon,3.865403859,0.4626944289710973,0.4626944289710973,0.5877526775549149,FALSE,FALSE
2015-05-19,King_Haakon,3.872157962,0.447451837769719,0.447451837769719,0.5877526775549149,FALSE,FALSE
2015-05-20,King_Haakon,3.875780079,0.42966022811775817,0.42966022811775817,0.5877526775549149,FALSE,FALSE
2015-05-21,King_Haakon,3.869912372,0.40292531490782135,0.40292531490782135,0.5877526775549149,FALSE,FALSE
2015-05-22,King_Haakon,3.879480437,0.392111087719607,0.392111087719607,0.5877526775549149,FALSE,FALSE
2015-05-23,King_Haakon,3.916049968,0.4087207876548664,0.4087207876548664,0.5877526775549149,FALSE,FALSE
2015-05-24,King_Haakon,3.950607323,0.42367831981534687,0.42367831981534687,0.5877526775549149,FALSE,FALSE
2015-05-25,King_Haakon,3.962926978,0.4166957073027984,0.4166957073027984,0.5877526775549149,FALSE,FALSE
2015-05-26,King_Haakon,3.984361819,0.4190633832189676,0.4190633832189676,0.5877526775549149,FALSE,FALSE
2015-05-27,King_Haakon,4.003959332,0.4197663806656049,0.4197663806656049,0.5877526775549149,FALSE,FALSE
2015-05-28,King_Haakon,4.027487424,0.4245101537444574,0.4245101537444574,0.5877526775549149,FALSE,FALSE
2015-05-29,King_Haakon,4.036388982,0.41467513655727384,0.41467513655727384,0.5877526775549149,FALSE,FALSE
2015-05-30,King_Haakon,4.028617,0.3881518702058053,0.3881518702058053,0.5877526775549149,FALSE,FALSE
2015-05-31,King_Haakon,4.02584733,0.3665537537917949,0.3665537537917949,0.5877526775549149,FALSE,FALSE
2015-06-01,King_Haakon,4.030134304,0.351872666416996,0.351872666416996,0.5877526775549149,FALSE,FALSE
2015-06-02,King_Haakon,4.025287075,0.32786916053587944,0.32786916053587944,0.5877526775549149,FALSE,FALSE
2015-06-03,King_Haakon,4.057765579,0.34101602438034684,0.34101602438034684,0.5877526775549149,FALSE,FALSE
2015-06-04,King_Haakon,4.088548074,0.35232140344623897,0.35232140344623897,0.5877526775549149,FALSE,FALSE
2015-06-05,King_Haakon,4.079542112,0.3237227378604244,0.3237227378604244,0.5877526775549149,FALSE,FALSE
2015-06-06,King_Haakon,4.083795328,0.3082975507497787,0.3082975507497787,0.5877526775549149,FALSE,FALSE
2015-06-07,King_Haakon,4.11414654,0.31891454824118215,0.31891454824118215,0.5877526775549149,FALSE,FALSE
2015-06-08,King_Haakon,4.088551404,0.27355927446149764,0.27355927446149764,0.5877526775549149,FALSE,FALSE
2015-06-09,King_Haakon,4.111031518,0.27628321553760005,0.27628321553760005,0.5877526775549149,FALSE,FALSE
2015-06-10,King_Haakon,4.108312374,0.25384175159636335,0.25384175159636335,0.5877526775549149,FALSE,FALSE
2015-06-11,King_Haakon,4.11392643,0.23979722876466303,0.23979722876466303,0.5877526775549149,FALSE,FALSE
2015-06-12,King_Haakon,4.163270145,0.26957599416937006,0.26957599416937006,0.5877526775549149,FALSE,FALSE
2015-06-13,King_Haakon,4.201264909,0.28812932593735363,0.28812932593735363,0.5877526775549149,FALSE,FALSE
2015-06-14,King_Haakon,4.214255441,0.2818317112447013,0.2818317112447013,0.5877526775549149,FALSE,FALSE
2015-06-15,King_Haakon,4.215862052,0.2643279413391828,0.2643279413391828,0.5877526775549149,FALSE,FALSE
2015-06-16,King_Haakon,4.222606492,0.25215699219444554,0.25215699219444554,0.5877526775549149,FALSE,FALSE
2015-06-17,King_Haakon,4.285680746,0.29652754919959046,0.29652754919959046,0.5877526775549149,FALSE,FALSE
2015-06-18,King_Haakon,4.32482204,0.31719353874373546,0.31719353874373546,0.5877526775549149,FALSE,FALSE
2015-06-19,King_Haakon,4.341436966,0.31557825321598454,0.31557825321598454,0.5877526775549149,FALSE,FALSE
2015-06-20,King_Haakon,4.331972106,0.288144975005455,0.288144975005455,0.5877526775549149,FALSE,FALSE
2015-06-21,King_Haakon,4.370049874,0.3085328185012495,0.3085328185012495,0.5877526775549149,FALSE,FALSE
2015-06-22,King_Haakon,4.414734736,0.33582295009248053,0.33582295009248053,0.5877526775549149,FALSE,FALSE
2015-06-23,King_Haakon,4.455808873,0.3598142511682578,0.3598142511682578,0.5877526775549149,FALSE,FALSE
2015-06-24,King_Haakon,4.473297563,0.3605487001176942,0.3605487001176942,0.5877526775549149,FALSE,FALSE
2015-06-25,King_Haakon,4.527772768,0.39861495932989577,0.39861495932989577,0.5877526775549149,FALSE,FALSE
2015-06-26,King_Haakon,4.560399129,0.41519437019397376,0.41519437019397376,0.5877526775549149,FALSE,FALSE
2015-06-27,King_Haakon,4.58484456,0.4239672096617788,0.4239672096617788,0.5877526775549149,FALSE,FALSE
2015-06-28,King_Haakon,4.539749009,0.3635530128175448,0.3635530128175448,0.5877526775549149,FALSE,FALSE
2015-06-29,King_Haakon,4.48894325,0.29774716416321123,0.29774716416321123,0.5877526775549149,FALSE,FALSE
2015-06-30,King_Haakon,4.454584509,0.24867142319846905,0.24867142319846905,0.5877526775549149,FALSE,FALSE
2015-07-01,King_Haakon,4.448640748,0.22825828542300997,0.22825828542300997,0.5877526775549149,FALSE,FALSE
2015-07-02,King_Haakon,4.438390373,0.20375069033652693,0.20375069033652693,0.5877526775549149,FALSE,FALSE
2015-07-03,King_Haakon,4.391113575,0.14239336243870415,0.14239336243870415,0.5877526775549149,FALSE,FALSE
2015-07-04,King_Haakon,4.379410743,0.11675122422923412,0.11675122422923412,0.5877526775549149,FALSE,FALSE
2015-07-05,King_Haakon,4.385868571,0.10937550320780788,0.10937550320780788,0.5877526775549149,FALSE,FALSE
2015-07-06,King_Haakon,4.406520355,0.11626402887411393,0.11626402887411393,0.5877526775549149,FALSE,FALSE
2015-07-07,King_Haakon,4.494784157,0.1907993967278472,0.1907993967278472,0.5877526775549149,FALSE,FALSE
2015-07-08,King_Haakon,4.560926358,0.24321252126869108,0.24321252126869108,0.5877526775549149,FALSE,FALSE
2015-07-09,King_Haakon,4.577057949,0.2455790181998232,0.2455790181998232,0.5877526775549149,FALSE,FALSE
2015-07-10,King_Haakon,4.58932782,0.244030140879393,0.244030140879393,0.5877526775549149,FALSE,FALSE
2015-07-11,King_Haakon,4.597087513,0.23793861525870777,0.23793861525870777,0.5877526775549149,FALSE,FALSE
2015-07-12,King_Haakon,4.615080458,0.24207419266298216,0.24207419266298216,0.5877526775549149,FALSE,FALSE
2015-07-13,King_Haakon,4.624999051,0.23815559041741796,0.23815559041741796,0.5877526775549149,FALSE,FALSE
2015-07-14,King_Haakon,4.634436966,0.2338028038472384,0.2338028038472384,0.5877526775549149,FALSE,FALSE
2015-07-15,King_Haakon,4.638712529,0.22436048027764863,0.22436048027764863,0.5877526775549149,FALSE,FALSE
2015-07-16,King_Haakon,4.62548104,0.1975102410338616,0.1975102410338616,0.5877526775549149,FALSE,FALSE
2015-07-17,King_Haakon,4.590011096,0.14854700444108992,0.14854700444108992,0.5877526775549149,FALSE,FALSE
2015-07-18,King_Haakon,4.575324487,0.12051888182454108,0.12051888182454108,0.5877526775549149,FALSE,FALSE
2015-07-19,King_Haakon,4.58504079,0.11707177150943247,0.11707177150943247,0.5877526775549149,FALSE,FALSE
2015-07-20,King_Haakon,4.607392065,0.126464054820973,0.126464054820973,0.5877526775549149,FALSE,FALSE
2015-07-21,King_Haakon,4.616015927,0.12235966808437304,0.12235966808437304,0.5877526775549149,FALSE,FALSE
2015-07-22,King_Haakon,4.579079778,0.0729513329155802,0.0729513329155802,0.5877526775549149,FALSE,FALSE
2015-07-23,King_Haakon,4.577117301,0.05878422604108557,0.05878422604108557,0.5877526775549149,FALSE,FALSE
2015-07-24,King_Haakon,4.64097378,0.11070504694786187,0.11070504694786187,0.5877526775549149,FALSE,FALSE
2015-07-25,King_Haakon,4.684661217,0.14272698450919918,0.14272698450919918,0.5877526775549149,FALSE,FALSE
2015-07-26,King_Haakon,4.666121612,0.112793225598379,0.112793225598379,0.5877526775549149,FALSE,FALSE
2015-07-27,King_Haakon,4.661380758,0.09693075008869112,0.09693075008869112,0.5877526775549149,FALSE,FALSE
2015-07-28,King_Haakon,4.66988988,0.09459196985342366,0.09459196985342366,0.5877526775549149,FALSE,FALSE
2015-07-29,King_Haakon,4.647558814,0.0616879077658572,0.0616879077658572,0.5877526775549149,FALSE,FALSE
2015-07-30,King_Haakon,4.598192474,0.0020246646992863,0.0020246646992863,0.5877526775549149,FALSE,FALSE
2015-07-31,King_Haakon,4.570308253,-0.03587917947301022,0.03587917947301022,0.5877526775549149,FALSE,FALSE
2015-08-01,King_Haakon,4.563373175,-0.05255541387774087,0.05255541387774087,0.5877526775549149,FALSE,FALSE
2015-08-02,King_Haakon,4.562914751,-0.06247534064161986,0.06247534064161986,0.5877526775549149,FALSE,FALSE
2015-08-03,King_Haakon,4.580950288,-0.05362046571766399,0.05362046571766399,0.5877526775549149,FALSE,FALSE
2015-08-04,King_Haakon,4.561172756,-0.08229194290105024,0.08229194290105024,0.5877526775549149,FALSE,FALSE
2015-08-05,King_Haakon,4.526857156,-0.12519197938331406,0.12519197938331406,0.5877526775549149,FALSE,FALSE
2015-08-06,King_Haakon,4.526792387,-0.13350507133210332,0.13350507133210332,0.5877526775549149,FALSE,FALSE
2015-08-07,King_Haakon,4.530740469,-0.1374425939150683,0.1374425939150683,0.5877526775549149,FALSE,FALSE
2015-08-08,King_Haakon,4.544550273,-0.1311290712998554,0.1311290712998554,0.5877526775549149,FALSE,FALSE
2015-08-09,King_Haakon,4.510676665,-0.17208303265411207,0.17208303265411207,0.5877526775549149,FALSE,FALSE
2015-08-10,King_Haakon,4.52260611,-0.16679140814548976,0.16679140814548976,0.5877526775549149,FALSE,FALSE
2015-08-11,King_Haakon,4.523437338,-0.1721288629416371,0.1721288629416371,0.5877526775549149,FALSE,FALSE
2015-08-12,King_Haakon,4.524192217,-0.17704692421020063,0.17704692421020063,0.5877526775549149,FALSE,FALSE
2015-08-13,King_Haakon,4.527722466,-0.17866726811883016,0.17866726811883016,0.5877526775549149,FALSE,FALSE
2015-08-14,King_Haakon,4.512734079,-0.19825729583517224,0.19825729583517224,0.5877526775549149,FALSE,FALSE
2015-08-15,King_Haakon,4.512487217,-0.2025302415268753,0.2025302415268753,0.5877526775549149,FALSE,FALSE
2015-08-16,King_Haakon,4.523714416,-0.1947289010259583,0.1947289010259583,0.5877526775549149,FALSE,FALSE
2015-08-17,King_Haakon,4.506855515,-0.21444632937787136,0.21444632937787136,0.5877526775549149,FALSE,FALSE
2015-08-18,King_Haakon,4.438298563,-0.2853932561211181,0.2853932561211181,0.5877526775549149,FALSE,FALSE
2015-08-19,King_Haakon,4.420510747,-0.3052048834347172,0.3052048834347172,0.5877526775549149,FALSE,FALSE
2015-08-20,King_Haakon,4.430150634,-0.2973250334976951,0.2973250334976951,0.5877526775549149,FALSE,FALSE
2015-08-21,King_Haakon,4.39879351,-0.330280809489067,0.330280809489067,0.5877526775549149,FALSE,FALSE
2015-08-22,King_Haakon,4.368725713,-0.3618882625878612,0.3618882625878612,0.5877526775549149,FALSE,FALSE
2015-08-23,King_Haakon,4.333643483,-0.39855354197309545,0.39855354197309545,0.5877526775549149,FALSE,FALSE
2015-08-24,King_Haakon,4.327459184,-0.406466672823794,0.406466672823794,0.5877526775549149,FALSE,FALSE
2015-08-25,King_Haakon,4.322326211,-0.413576649318979,0.413576649318979,0.5877526775549149,FALSE,FALSE
2015-08-26,King_Haakon,4.327563645,-0.4106667796376735,0.4106667796376735,0.5877526775549149,FALSE,FALSE
2015-08-27,King_Haakon,4.336400786,-0.4046101529588979,0.4046101529588979,0.5877526775549149,FALSE,FALSE
2015-08-28,King_Haakon,4.391339248,-0.35300754446167115,0.35300754446167115,0.5877526775549149,FALSE,FALSE
2015-08-29,King_Haakon,4.460064582,-0.2882544325126446,0.2882544325126446,0.5877526775549149,FALSE,FALSE
2015-08-30,King_Haakon,4.688512867,-0.06436594903221415,0.06436594903221415,0.5877526775549149,FALSE,FALSE
2015-08-31,King_Haakon,4.834442742,0.07651411098501004,0.07651411098501004,0.5877526775549149,FALSE,FALSE
2015-09-01,King_Haakon,4.886948557,0.12357775103420464,0.12357775103420464,0.5877526775549149,FALSE,FALSE
2015-09-02,King_Haakon,4.900016333,0.13090864561054794,0.13090864561054794,0.5877526775549149,FALSE,FALSE
2015-09-03,King_Haakon,4.88590621,0.11086458820922296,0.11086458820922296,0.5877526775549149,FALSE,FALSE
2015-09-04,King_Haakon,4.898758045,0.11768308932540794,0.11768308932540794,0.5877526775549149,FALSE,FALSE
2015-09-05,King_Haakon,4.909157836,0.12204780045428532,0.12204780045428532,0.5877526775549149,FALSE,FALSE
2015-09-06,King_Haakon,4.886869644,0.0938204360910273,0.0938204360910273,0.5877526775549149,FALSE,FALSE
2015-09-07,King_Haakon,4.863514417,0.06471959773082414,0.06471959773082414,0.5877526775549149,FALSE,FALSE
2015-09-08,King_Haakon,4.771074063,-0.03317515313115304,0.03317515313115304,0.5877526775549149,FALSE,FALSE
2015-09-09,King_Haakon,4.717507247,-0.0918074979997252,0.0918074979997252,0.5877526775549149,FALSE,FALSE
2015-09-10,King_Haakon,4.659597064,-0.15429712236893778,0.15429712236893778,0.5877526775549149,FALSE,FALSE
2015-09-11,King_Haakon,4.609481628,-0.2084498920424558,0.2084498920424558,0.5877526775549149,FALSE,FALSE
2015-09-12,King_Haakon,4.583810285,-0.23763499542690705,0.23763499542690705,0.5877526775549149,FALSE,FALSE
2015-09-13,King_Haakon,4.55281502,-0.27164683187863403,0.27164683187863403,0.5877526775549149,FALSE,FALSE
2015-09-14,King_Haakon,4.480532232,-0.34647538675397627,0.34647538675397627,0.5877526775549149,FALSE,FALSE
2015-09-15,King_Haakon,4.404396296,-0.42471266940928576,0.42471266940928576,0.5877526775549149,FALSE,FALSE
2015-09-16,King_Haakon,4.349696951,-0.48109532520090514,0.48109532520090514,0.5877526775549149,FALSE,FALSE
2015-09-17,King_Haakon,4.286469595,-0.5456143404851765,0.5456143404851765,0.5877526775549149,FALSE,FALSE
2015-09-18,King_Haakon,4.222657978,-0.6103523496184504,0.6103523496184504,0.5877526775549149,TRUE,TRUE
2015-09-19,King_Haakon,4.171588737,-0.6620090999570678,0.6620090999570678,0.5877526775549149,TRUE,TRUE
2015-09-20,King_Haakon,4.150462864,-0.683409983857378,0.683409983857378,0.5877526775549149,TRUE,TRUE
2015-09-21,King_Haakon,4.131929291,-0.7019324536757194,0.7019324536757194,0.5877526775549149,TRUE,TRUE
2015-09-22,King_Haakon,4.128309765,-0.7052811467684421,0.7052811467684421,0.5877526775549149,TRUE,TRUE
2015-09-23,King_Haakon,4.07651258,-0.7565743576769872,0.7565743576769872,0.5877526775549149,TRUE,TRUE
2015-09-24,King_Haakon,4.090955603,-0.7414229939739752,0.7414229939739752,0.5877526775549149,TRUE,TRUE
2015-09-25,King_Haakon,4.183434679,-0.6480613113121487,0.6480613113121487,0.5877526775549149,TRUE,TRUE
2015-09-26,King_Haakon,4.330614559,-0.4998546779506032,0.4998546779506032,0.5877526775549149,FALSE,FALSE
2015-09-27,King_Haakon,4.554500922,-0.27482753414845096,0.27482753414845096,0.5877526775549149,FALSE,FALSE
2015-09-28,King_Haakon,4.617623465,-0.21048030216479052,0.21048030216479052,0.5877526775549149,FALSE,FALSE
2015-09-29,King_Haakon,4.689601811,-0.1372234782587327,0.1372234782587327,0.5877526775549149,FALSE,FALSE
2015-09-30,King_Haakon,4.732999116,-0.092524025689378675,0.092524025689378675,0.5877526775549149,FALSE,FALSE
2015-10-01,King_Haakon,4.757624795,-0.06660264871583355,0.06660264871583355,0.5877526775549149,FALSE,FALSE
2015-10-02,King_Haakon,4.781996482,-0.04097183259720083,0.04097183259720083,0.5877526775549149,FALSE,FALSE
2015-10-03,King_Haakon,4.769080589,-0.05269528459258943,0.05269528459258943,0.5877526775549149,FALSE,FALSE
2015-10-04,King_Haakon,4.733947273,-0.08673296696109833,0.08673296696109833,0.5877526775549149,FALSE,FALSE
2015-10-05,King_Haakon,4.737170855,-0.08254065967800184,0.08254065967800184,0.5877526775549149,FALSE,FALSE
2015-10-06,King_Haakon,4.741251917,-0.07762576505306562,0.07762576505306562,0.5877526775549149,FALSE,FALSE
2015-10-07,King_Haakon,4.735791332,-0.08233033713420479,0.08233033713420479,0.5877526775549149,FALSE,FALSE
2015-10-08,King_Haakon,4.714679458,-0.1026950428715736,0.1026950428715736,0.5877526775549149,FALSE,FALSE
2015-10-09,King_Haakon,4.725825957,-0.0907412452153249,0.0907412452153249,0.5877526775549149,FALSE,FALSE
2015-10-10,King_Haakon,4.758721729,-0.05690906911560489,0.05690906911560489,0.5877526775549149,FALSE,FALSE
2015-10-11,King_Haakon,4.729050971,-0.08544534252257652,0.08544534252257652,0.5877526775549149,FALSE,FALSE
2015-10-12,King_Haakon,4.692392148,-0.12070262538638854,0.12070262538638854,0.5877526775549149,FALSE,FALSE
2015-10-13,King_Haakon,4.695969284,-0.11538791865719045,0.11538791865719045,0.5877526775549149,FALSE,FALSE
2015-10-14,King_Haakon,4.701198949,-0.10801567728513815,0.10801567728513815,0.5877526775549149,FALSE,FALSE
2015-10-15,King_Haakon,4.68169396,-0.12490410922038377,0.12490410922038377,0.5877526775549149,FALSE,FALSE
2015-10-16,King_Haakon,4.644236607,-0.15920194941308097,0.15920194941308097,0.5877526775549149,FALSE,FALSE
2015-10-17,King_Haakon,4.622580424,-0.17708668881338152,0.17708668881338152,0.5877526775549149,FALSE,FALSE
2015-10-18,King_Haakon,4.563037051,-0.23218044742115929,0.23218044742115929,0.5877526775549149,FALSE,FALSE
2015-10-19,King_Haakon,4.50406884,-0.2860127248820463,0.2860127248820463,0.5877526775549149,FALSE,FALSE
2015-10-20,King_Haakon,4.440576042,-0.3437306583431825,0.3437306583431825,0.5877526775549149,FALSE,FALSE
2015-10-21,King_Haakon,4.392912476,-0.38503004064843527,0.38503004064843527,0.5877526775549149,FALSE,FALSE
2015-10-22,King_Haakon,4.378669487,-0.39236913864167366,0.39236913864167366,0.5877526775549149,FALSE,FALSE
2015-10-23,King_Haakon,4.402668336,-0.3609763031667672,0.3609763031667672,0.5877526775549149,FALSE,FALSE
2015-10-24,King_Haakon,4.376570572,-0.3792395970675804,0.3792395970675804,0.5877526775549149,FALSE,FALSE
2015-10-25,King_Haakon,4.365629242,-0.38195558518797945,0.38195558518797945,0.5877526775549149,FALSE,FALSE
2015-10-26,King_Haakon,4.329389881,-0.4096283443718338,0.4096283443718338,0.5877526775549149,FALSE,FALSE
2015-10-27,King_Haakon,4.323808055,-0.40635192046301327,0.40635192046301327,0.5877526775549149,FALSE,FALSE
2015-10-28,King_Haakon,4.301254783,-0.4198049063053837,0.4198049063053837,0.5877526775549149,FALSE,FALSE
2015-10-29,King_Haakon,4.300601176,-0.4111658027428158,0.4111658027428158,0.5877526775549149,FALSE,FALSE
2015-10-30,King_Haakon,4.290339835,-0.41199162061916983,0.41199162061916983,0.5877526775549149,FALSE,FALSE
2015-10-31,King_Haakon,4.256814684,-0.43597388670490833,0.43597388670490833,0.5877526775549149,FALSE,FALSE
2015-11-01,King_Haakon,4.215421587,-0.4676824838922009,0.4676824838922009,0.5877526775549149,FALSE,FALSE
2015-11-02,King_Haakon,4.163243498,-0.5099787947504177,0.5099787947504177,0.5877526775549149,FALSE,FALSE
2015-11-03,King_Haakon,4.152012867,-0.5110747000932703,0.5110747000932703,0.5877526775549149,FALSE,FALSE
2015-11-04,King_Haakon,4.148895677,-0.503748547734479,0.503748547734479,0.5877526775549149,FALSE,FALSE
2015-11-05,King_Haakon,4.140276731,-0.501559865487752,0.501559865487752,0.5877526775549149,FALSE,FALSE
2015-11-06,King_Haakon,4.137522638,-0.4930863751668104,0.4930863751668104,0.5877526775549149,FALSE,FALSE
2015-11-07,King_Haakon,4.141027649,-0.4778781565853656,0.4778781565853656,0.5877526775549149,FALSE,FALSE
2015-11-08,King_Haakon,4.179033391,-0.4276379135571311,0.4276379135571311,0.5877526775549149,FALSE,FALSE
2015-11-09,King_Haakon,4.177220059,-0.4166297818958222,0.4166297818958222,0.5877526775549149,FALSE,FALSE
2015-11-10,King_Haakon,4.19071855,-0.3896671954151545,0.3896671954151545,0.5877526775549149,FALSE,FALSE
2015-11-11,King_Haakon,4.205175209,-0.3610481399288439,0.3610481399288439,0.5877526775549149,FALSE,FALSE
2015-11-12,King_Haakon,4.22712066,-0.32418602116556805,0.32418602116556805,0.5877526775549149,FALSE,FALSE
2015-11-13,King_Haakon,4.216038607,-0.3195245091309342,0.3195245091309342,0.5877526775549149,FALSE,FALSE
2015-11-14,King_Haakon,4.202254252,-0.3166407388033621,0.3166407388033621,0.5877526775549149,FALSE,FALSE
2015-11-15,King_Haakon,4.181578673,-0.31962390401900453,0.31962390401900453,0.5877526775549149,FALSE,FALSE
2015-11-16,King_Haakon,4.187433934,-0.2949522126140156,0.2949522126140156,0.5877526775549149,FALSE,FALSE
2015-11-17,King_Haakon,4.185339736,-0.2770062354245555,0.2770062354245555,0.5877526775549149,FALSE,FALSE
2015-11-18,King_Haakon,4.189901501,-0.2510808222867782,0.2510808222867782,0.5877526775549149,FALSE,FALSE
2015-11-19,King_Haakon,4.163394833,-0.2548006410368391,0.2548006410368391,0.5877526775549149,FALSE,FALSE
2015-11-20,King_Haakon,4.143092308,-0.2507933875108961,0.2507933875108961,0.5877526775549149,FALSE,FALSE
2015-11-21,King_Haakon,4.111600854,-0.25635240554510297,0.25635240554510297,0.5877526775549149,FALSE,FALSE
2015-11-22,King_Haakon,4.091191063,-0.2491073749756172,0.2491073749756172,0.5877526775549149,FALSE,FALSE
2015-11-23,King_Haakon,4.082932966,-0.22788853663859057,0.22788853663859057,0.5877526775549149,FALSE,FALSE
2015-11-24,King_Haakon,4.041116387,-0.23830633837018755,0.23830633837018755,0.5877526775549149,FALSE,FALSE
2015-11-25,King_Haakon,4.012466206,-0.2335535196518954,0.2335535196518954,0.5877526775549149,FALSE,FALSE
2015-11-26,King_Haakon,3.982661045,-0.2280158014429854,0.2280158014429854,0.5877526775549149,FALSE,FALSE
2015-11-27,King_Haakon,3.93165154,-0.2418806670711957,0.2418806670711957,0.5877526775549149,FALSE,FALSE
2015-11-28,King_Haakon,3.895056653,-0.23966783267740863,0.23966783267740863,0.5877526775549149,FALSE,FALSE
2015-11-29,King_Haakon,3.846498215,-0.24789414540250432,0.24789414540250432,0.5877526775549149,FALSE,FALSE
2015-11-30,King_Haakon,3.817058689,-0.23561582038736129,0.23561582038736129,0.5877526775549149,FALSE,FALSE
2015-12-01,King_Haakon,3.763026138,-0.24668347277286615,0.24668347277286615,0.5877526775549149,FALSE,FALSE
2015-12-02,King_Haakon,3.732548055,-0.2330882876998941,0.2330882876998941,0.5877526775549149,FALSE,FALSE
2015-12-03,King_Haakon,3.681918834,-0.2386745493093283,0.2386745493093283,0.5877526775549149,FALSE,FALSE
2015-12-04,King_Haakon,3.649451806,-0.22526760474205165,0.22526760474205165,0.5877526775549149,FALSE,FALSE
2015-12-05,King_Haakon,3.645685237,-0.18246786613894317,0.18246786613894317,0.5877526775549149,FALSE,FALSE
2015-12-06,King_Haakon,3.630908671,-0.1501244676408846,0.1501244676408846,0.5877526775549149,FALSE,FALSE
2015-12-07,King_Haakon,3.592025154,-0.14147288023871818,0.14147288023871818,0.5877526775549149,FALSE,FALSE
2015-12-08,King_Haakon,3.576730636,-0.1089056447949086,0.1089056447949086,0.5877526775549149,FALSE,FALSE
2015-12-09,King_Haakon,3.514114314,-0.1233014105187955,0.1233014105187955,0.5877526775549149,FALSE,FALSE
2015-12-10,King_Haakon,3.435636699,-0.15314969071478624,0.15314969071478624,0.5877526775549149,FALSE,FALSE
2015-12-11,King_Haakon,3.361081971,-0.17861632968729557,0.17861632968729557,0.5877526775549149,FALSE,FALSE
2015-12-12,King_Haakon,3.302085301,-0.18801618074073545,0.18801618074073545,0.5877526775549149,FALSE,FALSE
2015-12-13,King_Haakon,3.234101482,-0.20584447517951743,0.20584447517951743,0.5877526775549149,FALSE,FALSE
2015-12-14,King_Haakon,3.1877898,-0.20139195130805376,0.20139195130805376,0.5877526775549149,FALSE,FALSE
2015-12-15,King_Haakon,3.159510284,-0.17824860443075652,0.17824860443075652,0.5877526775549149,FALSE,FALSE
2015-12-16,King_Haakon,3.135631916,-0.1499954768520375,0.1499954768520375,0.5877526775549149,FALSE,FALSE
2015-12-17,King_Haakon,3.102170061,-0.13056722787630903,0.13056722787630903,0.5877526775549149,FALSE,FALSE
2015-12-18,King_Haakon,3.056677607,-0.12236099380798128,0.12236099380798128,0.5877526775549149,FALSE,FALSE
2015-12-19,King_Haakon,3.025492431,-0.09898892195146924,0.09898892195146924,0.5877526775549149,FALSE,FALSE
2015-12-20,King_Haakon,2.999677499,-0.06934246564605262,0.06934246564605262,0.5877526775549149,FALSE,FALSE
2015-12-21,King_Haakon,2.971514298,-0.04116405120395106,0.04116405120395106,0.5877526775549149,FALSE,FALSE
2015-12-22,King_Haakon,2.919307799,-0.03622809248579228,0.03622809248579228,0.5877526775549149,FALSE,FALSE
2015-12-23,King_Haakon,2.793309934,-0.1043635881735554,0.1043635881735554,0.5877526775549149,FALSE,FALSE
2015-12-24,King_Haakon,2.620578031,-0.21859414094921892,0.21859414094921892,0.5877526775549149,FALSE,FALSE
2015-12-25,King_Haakon,2.64665464,-0.13345813149475338,0.13345813149475338,0.5877526775549149,FALSE,FALSE
2015-12-26,King_Haakon,2.589358817,-0.13121743449213685,0.13121743449213685,0.5877526775549149,FALSE,FALSE
2015-12-27,King_Haakon,2.509056806,-0.1515867366233481,0.1515867366233481,0.5877526775549149,FALSE,FALSE
2015-12-28,King_Haakon,2.421112735,-0.17928284057036548,0.17928284057036548,0.5877526775549149,FALSE,FALSE
2015-12-29,King_Haakon,2.335697984,-0.2042152970151565,0.2042152970151565,0.5877526775549149,FALSE,FALSE
2015-12-30,King_Haakon,2.235006948,-0.244270641639706,0.244270641639706,0.5877526775549149,FALSE,FALSE
2015-12-31,King_Haakon,2.112578449,-0.3059909831259837,0.3059909831259837,0.5877526775549149,FALSE,FALSE
2016-01-01,King_Haakon,2.064398624,-0.29347111515597346,0.29347111515597346,0.5877526775549149,FALSE,FALSE
2016-01-02,King_Haakon,1.985656091,-0.3116063483819156,0.3116063483819156,0.5877526775549149,FALSE,FALSE
2016-01-03,King_Haakon,1.896636996,-0.3402064573371557,0.3402064573371557,0.5877526775549149,FALSE,FALSE
2016-01-04,King_Haakon,1.831039855,-0.34567184452530086,0.34567184452530086,0.5877526775549149,FALSE,FALSE
2016-01-05,King_Haakon,1.714129253,-0.40283684344996584,0.40283684344996584,0.5877526775549149,FALSE,FALSE
2016-01-06,King_Haakon,1.661384431,-0.3963211316147546,0.3963211316147546,0.5877526775549149,FALSE,FALSE
2016-01-07,King_Haakon,1.605873555,-0.393155461523284,0.393155461523284,0.5877526775549149,FALSE,FALSE
2016-01-08,King_Haakon,1.50961007,-0.4314253066791667,0.4314253066791667,0.5877526775549149,FALSE,FALSE
2016-01-09,King_Haakon,1.344536221,-0.5392873405860075,0.5392873405860075,0.5877526775549149,FALSE,FALSE
2016-01-10,King_Haakon,1.2478669550000001,-0.5796255347474231,0.5796255347474231,0.5877526775549149,FALSE,FALSE
2016-01-11,King_Haakon,1.161896541,-0.6102445386670223,0.6102445386670223,0.5877526775549149,TRUE,TRUE
2016-01-12,King_Haakon,1.129074119,-0.588794130848415,0.588794130848415,0.5877526775549149,TRUE,TRUE
2016-01-13,King_Haakon,1.039768096,-0.625004822795215,0.625004822795215,0.5877526775549149,TRUE,TRUE
2016-01-14,King_Haakon,0.995589919,-0.6173633159021018,0.6173633159021018,0.5877526775549149,TRUE,TRUE
2016-01-15,King_Haakon,0.957125157,-0.6053545543295836,0.6053545543295836,0.5877526775549149,TRUE,TRUE
2016-01-16,King_Haakon,0.903278339,-0.6101099012068448,0.6101099012068448,0.5877526775549149,TRUE,TRUE
2016-01-17,King_Haakon,0.888200745,-0.5775117791114615,0.5775117791114615,0.5877526775549149,FALSE,FALSE
2016-01-18,King_Haakon,0.844538539,-0.5749477266210115,0.5749477266210115,0.5877526775549149,FALSE,FALSE
2016-01-19,King_Haakon,0.820796425,-0.5539467423130738,0.5539467423130738,0.5877526775549149,FALSE,FALSE
2016-01-20,King_Haakon,0.748390226,-0.5831267057652253,0.5831267057652253,0.5877526775549149,FALSE,FALSE
2016-01-21,King_Haakon,0.658104494,-0.631736767555044,0.631736767555044,0.5877526775549149,TRUE,FALSE
2016-01-22,King_Haakon,0.622764864,-0.6269849952601073,0.6269849952601073,0.5877526775549149,TRUE,FALSE
2016-01-23,King_Haakon,0.607715218,-0.6035612094579929,0.6035612094579929,0.5877526775549149,TRUE,FALSE
2016-01-24,King_Haakon,0.615851995,-0.5586026737262805,0.5586026737262805,0.5877526775549149,FALSE,FALSE
2016-01-25,King_Haakon,0.594584659,-0.5447336266425461,0.5447336266425461,0.5877526775549149,FALSE,FALSE
2016-01-26,King_Haakon,0.572388898,-0.5335120827843669,0.5335120827843669,0.5877526775549149,FALSE,FALSE
2016-01-27,King_Haakon,0.54269864,-0.5315290176497831,0.5315290176497831,0.5877526775549149,FALSE,FALSE
2016-01-28,King_Haakon,0.537429576,-0.5068340787294235,0.5068340787294235,0.5877526775549149,FALSE,FALSE
2016-01-29,King_Haakon,0.531568937,-0.4843806744772829,0.4843806744772829,0.5877526775549149,FALSE,FALSE
2016-01-30,King_Haakon,0.502145574,-0.48708051378391914,0.48708051378391914,0.5877526775549149,FALSE,FALSE
2016-01-31,King_Haakon,0.467600355,-0.49643328853989194,0.49643328853989194,0.5877526775549149,FALSE,FALSE
2016-02-01,King_Haakon,0.463951276,-0.4763615626357576,0.4763615626357576,0.5877526775549149,FALSE,FALSE
2016-02-02,King_Haakon,0.461877149,-0.4561270839620757,0.4561270839620757,0.5877526775549149,FALSE,FALSE
2016-02-03,King_Haakon,0.435798112,-0.4612502744094037,0.4612502744094037,0.5877526775549149,FALSE,FALSE
2016-02-04,King_Haakon,0.418860966,-0.4585248928683001,0.4585248928683001,0.5877526775549149,FALSE,FALSE
2016-02-05,King_Haakon,0.402531403,-0.4564258072293238,0.4564258072293238,0.5877526775549149,FALSE,FALSE
2016-02-06,King_Haakon,0.394633028,-0.4470699723830306,0.4470699723830306,0.5877526775549149,FALSE,FALSE
2016-02-07,King_Haakon,0.392823455,-0.4327403342199813,0.4327403342199813,0.5877526775549149,FALSE,FALSE
2016-02-08,King_Haakon,0.393700603,-0.41677992504552575,0.41677992504552575,0.5877526775549149,FALSE,FALSE
2016-02-09,King_Haakon,0.38747041,-0.4089754340468165,0.4089754340468165,0.5877526775549149,FALSE,FALSE
2016-02-10,King_Haakon,0.398286499,-0.3852686363287543,0.3852686363287543,0.5877526775549149,FALSE,FALSE
2016-02-11,King_Haakon,0.380023574,-0.391892376972065,0.391892376972065,0.5877526775549149,FALSE,FALSE
2016-02-12,King_Haakon,0.365303503,-0.39633233705748,0.39633233705748,0.5877526775549149,FALSE,FALSE
2016-02-13,King_Haakon,0.374292164,-0.3785301876657282,0.3785301876657282,0.5877526775549149,FALSE,FALSE
2016-02-14,King_Haakon,0.368166293,-0.37741674187753554,0.37741674187753554,0.5877526775549149,FALSE,FALSE
2016-02-15,King_Haakon,0.362463191,-0.3775622477736328,0.3775622477736328,0.5877526775549149,FALSE,FALSE
2016-02-16,King_Haakon,0.375005403,-0.3612517094347473,0.3612517094347473,0.5877526775549149,FALSE,FALSE
2016-02-17,King_Haakon,0.409182608,-0.32520299694160887,0.32520299694160887,0.5877526775549149,FALSE,FALSE
2016-02-18,King_Haakon,0.416645062,-0.3178734033749457,0.3178734033749457,0.5877526775549149,FALSE,FALSE
2016-02-19,King_Haakon,0.421815217,-0.31494802581548553,0.31494802581548553,0.5877526775549149,FALSE,FALSE
2016-02-20,King_Haakon,0.436197159,-0.3050303273439584,0.3050303273439584,0.5877526775549149,FALSE,FALSE
2016-02-21,King_Haakon,0.490809425,-0.2571988921558226,0.2571988921558226,0.5877526775549149,FALSE,FALSE
2016-02-22,King_Haakon,0.504724877,-0.25235155559068256,0.25235155559068256,0.5877526775549149,FALSE,FALSE
2016-02-23,King_Haakon,0.505263228,-0.2630551993222797,0.2630551993222797,0.5877526775549149,FALSE,FALSE
2016-02-24,King_Haakon,0.507105253,-0.27451412270283915,0.27451412270283915,0.5877526775549149,FALSE,FALSE
2016-02-25,King_Haakon,0.530396802,-0.26646755008458956,0.26646755008458956,0.5877526775549149,FALSE,FALSE
2016-02-26,King_Haakon,0.525841705,-0.28809672581975765,0.28809672581975765,0.5877526775549149,FALSE,FALSE
2016-02-27,King_Haakon,0.504825416,-0.3279012702605709,0.3279012702605709,0.5877526775549149,FALSE,FALSE
2016-02-28,King_Haakon,0.512815399,-0.3402987937592571,0.3402987937592571,0.5877526775549149,FALSE,FALSE
2016-03-01,King_Haakon,0.562252468,-0.3359747883391546,0.3359747883391546,0.5877526775549149,FALSE,FALSE
2016-03-02,King_Haakon,0.640665329,-0.28205763312482,0.28205763312482,0.5877526775549149,FALSE,FALSE
2016-03-03,King_Haakon,0.676714523,-0.2716436933772669,0.2716436933772669,0.5877526775549149,FALSE,FALSE
2016-03-04,King_Haakon,0.701738353,-0.2732797444311633,0.2732797444311633,0.5877526775549149,FALSE,FALSE
2016-03-05,King_Haakon,0.716485353,-0.28611714480224804,0.28611714480224804,0.5877526775549149,FALSE,FALSE
2016-03-06,King_Haakon,0.739524281,-0.29153525835264915,0.29153525835264915,0.5877526775549149,FALSE,FALSE
2016-03-07,King_Haakon,0.766965916,-0.29338122624167884,0.29338122624167884,0.5877526775549149,FALSE,FALSE
2016-03-08,King_Haakon,0.805953624,-0.2844696026286544,0.2844696026286544,0.5877526775549149,FALSE,FALSE
2016-03-09,King_Haakon,0.843187813,-0.2780578996728912,0.2780578996728912,0.5877526775549149,FALSE,FALSE
2016-03-10,King_Haakon,0.861998804,-0.2907737165337021,0.2907737165337021,0.5877526775549149,FALSE,FALSE
2016-03-11,King_Haakon,0.915381956,-0.26957961437040256,0.26957961437040256,0.5877526775549149,FALSE,FALSE
2016-03-12,King_Haakon,0.967229878,-0.250540904342308,0.250540904342308,0.5877526775549149,FALSE,FALSE
2016-03-13,King_Haakon,0.988873085,-0.2622849916087342,0.2622849916087342,0.5877526775549149,FALSE,FALSE
2016-03-14,King_Haakon,1.009177234,-0.27590413932899494,0.27590413932899494,0.5877526775549149,FALSE,FALSE
2016-03-15,King_Haakon,1.062771768,-0.2567268246624066,0.2567268246624066,0.5877526775549149,FALSE,FALSE
2016-03-16,King_Haakon,1.130941178,-0.2234264767682821,0.2234264767682821,0.5877526775549149,FALSE,FALSE
2016-03-17,King_Haakon,1.184044765,-0.20560156289283205,0.20560156289283205,0.5877526775549149,FALSE,FALSE
2016-03-18,King_Haakon,1.198074164,-0.2272144222746153,0.2272144222746153,0.5877526775549149,FALSE,FALSE
2016-03-19,King_Haakon,1.218055123,-0.2431893125884046,0.2431893125884046,0.5877526775549149,FALSE,FALSE
2016-03-20,King_Haakon,1.262062347,-0.23540134766250095,0.23540134766250095,0.5877526775549149,FALSE,FALSE
2016-03-21,King_Haakon,1.320912366,-0.21298381632520225,0.21298381632520225,0.5877526775549149,FALSE,FALSE
2016-03-22,King_Haakon,1.453659917,-0.1168318004048059,0.1168318004048059,0.5877526775549149,FALSE,FALSE
2016-03-23,King_Haakon,1.573577887,-0.03362223172961376,0.03362223172961376,0.5877526775549149,FALSE,FALSE
2016-03-24,King_Haakon,1.662111496,0.01814029087207913,0.01814029087207913,0.5877526775549149,FALSE,FALSE
2016-03-25,King_Haakon,1.711433561,0.03067876557196869,0.03067876557196869,0.5877526775549149,FALSE,FALSE
2016-03-26,King_Haakon,1.753686132,0.03618542354175913,0.03618542354175913,0.5877526775549149,FALSE,FALSE
2016-03-27,King_Haakon,1.77337516,0.0192163969531498,0.0192163969531498,0.5877526775549149,FALSE,FALSE
2016-03-28,King_Haakon,1.806584848,0.01590606997784416,0.01590606997784416,0.5877526775549149,FALSE,FALSE
2016-03-29,King_Haakon,1.854003257,0.02699268478754168,0.02699268478754168,0.5877526775549149,FALSE,FALSE
2016-03-30,King_Haakon,1.891386364,0.02827381839879317,0.02827381839879317,0.5877526775549149,FALSE,FALSE
2016-03-31,King_Haakon,1.944680883,0.04569087994897947,0.04569087994897947,0.5877526775549149,FALSE,FALSE
2016-04-01,King_Haakon,1.967973177,0.0333089819378416,0.0333089819378416,0.5877526775549149,FALSE,FALSE
2016-04-02,King_Haakon,1.98309011,0.01293372468286846,0.01293372468286846,0.5877526775549149,FALSE,FALSE
2016-04-03,King_Haakon,1.994745397,-0.01074244049844574,0.01074244049844574,0.5877526775549149,FALSE,FALSE
2016-04-04,King_Haakon,2.013004095,-0.02767572028861087,0.02767572028861087,0.5877526775549149,FALSE,FALSE
2016-04-05,King_Haakon,2.026779708,-0.04897387437013778,0.04897387437013778,0.5877526775549149,FALSE,FALSE
2016-04-06,King_Haakon,2.041579255,-0.06915114742553019,0.06915114742553019,0.5877526775549149,FALSE,FALSE
2016-04-07,King_Haakon,2.069367774,-0.07626376513729927,0.07626376513729927,0.5877526775549149,FALSE,FALSE
2016-04-08,King_Haakon,2.117928769,-0.0625494871879515,0.0625494871879515,0.5877526775549149,FALSE,FALSE
2016-04-09,King_Haakon,2.124127124,-0.09116469326000054,0.09116469326000054,0.5877526775549149,FALSE,FALSE
2016-04-10,King_Haakon,2.122350111,-0.12774337503594957,0.12774337503594957,0.5877526775549149,FALSE,FALSE
2016-04-11,King_Haakon,2.133365286,-0.15153907515209575,0.15153907515209575,0.5877526775549149,FALSE,FALSE
2016-04-12,King_Haakon,2.164255877,-0.1554779013625951,0.1554779013625951,0.5877526775549149,FALSE,FALSE
2016-04-13,King_Haakon,2.194051744,-0.16051993841590972,0.16051993841590972,0.5877526775549149,FALSE,FALSE
2016-04-14,King_Haakon,2.232130444,-0.15727576285376133,0.15727576285376133,0.5877526775549149,FALSE,FALSE
2016-04-15,King_Haakon,2.272798878,-0.15142660721787626,0.15142660721787626,0.5877526775549149,FALSE,FALSE
2016-04-16,King_Haakon,2.271620484,-0.18739716704998077,0.18739716704998077,0.5877526775549149,FALSE,FALSE
2016-04-17,King_Haakon,2.271136487,-0.22263435089179628,0.22263435089179628,0.5877526775549149,FALSE,FALSE
2016-04-18,King_Haakon,2.287519018,-0.24095416128504832,0.24095416128504832,0.5877526775549149,FALSE,FALSE
2016-04-19,King_Haakon,2.304200988,-0.25891182077146224,0.25891182077146224,0.5877526775549149,FALSE,FALSE
2016-04-20,King_Haakon,2.328775265,-0.26890259489276414,0.26890259489276414,0.5877526775549149,FALSE,FALSE
2016-04-21,King_Haakon,2.360391663,-0.27176480319067675,0.27176480319067675,0.5877526775549149,FALSE,FALSE
2016-04-22,King_Haakon,2.388361017,-0.2781757442069268,0.2781757442069268,0.5877526775549149,FALSE,FALSE
2016-04-23,King_Haakon,2.458598372,-0.242208506483236,0.242208506483236,0.5877526775549149,FALSE,FALSE
2016-04-24,King_Haakon,2.516942834,-0.21801018883312295,0.21801018883312295,0.5877526775549149,FALSE,FALSE
2016-04-25,King_Haakon,2.570755771,-0.19818731004633605,0.19818731004633605,0.5877526775549149,FALSE,FALSE
2016-04-26,King_Haakon,2.574452987,-0.2282818302655527,0.2282818302655527,0.5877526775549149,FALSE,FALSE
2016-04-27,King_Haakon,2.547114281,-0.28917160800254527,0.28917160800254527,0.5877526775549149,FALSE,FALSE
2016-04-28,King_Haakon,2.578024499,-0.2915294547690799,0.2915294547690799,0.5877526775549149,FALSE,FALSE
2016-04-29,King_Haakon,2.624512776,-0.2779838930769354,0.2779838930769354,0.5877526775549149,FALSE,FALSE
2016-04-30,King_Haakon,2.623262138,-0.3118095544378745,0.3118095544378745,0.5877526775549149,FALSE,FALSE
2016-05-01,King_Haakon,2.628702447,-0.33853423436367347,0.33853423436367347,0.5877526775549149,FALSE,FALSE
2016-05-02,King_Haakon,2.661944319,-0.337004974366101,0.337004974366101,0.5877526775549149,FALSE,FALSE
2016-05-03,King_Haakon,2.705713951,-0.3244532349569278,0.3244532349569278,0.5877526775549149,FALSE,FALSE
2016-05-04,King_Haakon,2.737241359,-0.3236066576479244,0.3236066576479244,0.5877526775549149,FALSE,FALSE
2016-05-05,King_Haakon,2.744664917,-0.34628452595086445,0.34628452595086445,0.5877526775549149,FALSE,FALSE
2016-05-06,King_Haakon,2.760543305,-0.3598858385519299,0.3598858385519299,0.5877526775549149,FALSE,FALSE
2016-05-07,King_Haakon,2.81117332,-0.3380832822044053,0.3380832822044053,0.5877526775549149,FALSE,FALSE
2016-05-08,King_Haakon,2.849041259,-0.3283914625229287,0.3283914625229287,0.5877526775549149,FALSE,FALSE
2016-05-09,King_Haakon,2.866721522,-0.3382420516569953,0.3382420516569953,0.5877526775549149,FALSE,FALSE
2016-05-10,King_Haakon,2.886272817,-0.345582413756107,0.345582413756107,0.5877526775549149,FALSE,FALSE
2016-05-11,King_Haakon,2.912751406,-0.34536235896975764,0.34536235896975764,0.5877526775549149,FALSE,FALSE
2016-05-12,King_Haakon,2.901124961,-0.3826202874474469,0.3826202874474469,0.5877526775549149,FALSE,FALSE
2016-05-13,King_Haakon,2.892167429,-0.41658832433867365,0.41658832433867365,0.5877526775549149,FALSE,FALSE
2016-05-14,King_Haakon,2.927590517,-0.40556083479293337,0.40556083479293337,0.5877526775549149,FALSE,FALSE
2016-05-15,King_Haakon,2.982717585,-0.374220530959728,0.374220530959728,0.5877526775549149,FALSE,FALSE
2016-05-16,King_Haakon,3.048057667,-0.33206445098855,0.33206445098855,0.5877526775549149,FALSE,FALSE
2016-05-17,King_Haakon,3.069253866,-0.333455564028903,0.333455564028903,0.5877526775549149,FALSE,FALSE
2016-05-18,King_Haakon,3.096577542,-0.3281285822302813,0.3281285822302813,0.5877526775549149,FALSE,FALSE
2016-05-19,King_Haakon,3.144212675,-0.30190717588224203,0.30190717588224203,0.5877526775549149,FALSE,FALSE
2016-05-20,King_Haakon,3.172693691,-0.2942933660921785,0.2942933660921785,0.5877526775549149,FALSE,FALSE
2016-05-21,King_Haakon,3.174837283,-0.31253206628039276,0.31253206628039276,0.5877526775549149,FALSE,FALSE
2016-05-22,King_Haakon,3.190020557,-0.31730862334513343,0.31730862334513343,0.5877526775549149,FALSE,FALSE
2016-05-23,King_Haakon,3.221625362,-0.3053036411846528,0.3053036411846528,0.5877526775549149,FALSE,FALSE
2016-05-24,King_Haakon,3.267515128,-0.2787161426972018,0.2787161426972018,0.5877526775549149,FALSE,FALSE
2016-05-25,King_Haakon,3.318422415,-0.24687602078103232,0.24687602078103232,0.5877526775549149,FALSE,FALSE
2016-05-26,King_Haakon,3.394866054,-0.18932689733439512,0.18932689733439512,0.5877526775549149,FALSE,FALSE
2016-05-27,King_Haakon,3.463368212,-0.13960905825554315,0.13960905825554315,0.5877526775549149,FALSE,FALSE
2016-05-28,King_Haakon,3.521952497,-0.09976134844272622,0.09976134844272622,0.5877526775549149,FALSE,FALSE
2016-05-29,King_Haakon,3.531244967,-0.10922016279419422,0.10922016279419422,0.5877526775549149,FALSE,FALSE
2016-05-30,King_Haakon,3.565260011,-0.0940335652082056,0.0940335652082056,0.5877526775549149,FALSE,FALSE
2016-05-31,King_Haakon,3.60294927,-0.07531236758300386,0.07531236758300386,0.5877526775549149,FALSE,FALSE
2016-06-01,King_Haakon,3.614081656,-0.08333625846411996,0.08333625846411996,0.5877526775549149,FALSE,FALSE
2016-06-02,King_Haakon,3.60019131,-0.11655824461965292,0.11655824461965292,0.5877526775549149,FALSE,FALSE
2016-06-03,King_Haakon,3.608827653,-0.12739901755376115,0.12739901755376115,0.5877526775549149,FALSE,FALSE
2016-06-04,King_Haakon,3.624400751,-0.13141862313957595,0.13141862313957595,0.5877526775549149,FALSE,FALSE
2016-06-05,King_Haakon,3.645084058,-0.13041371925022105,0.13041371925022105,0.5877526775549149,FALSE,FALSE
2016-06-06,King_Haakon,3.63038462,-0.16484737175881792,0.16484737175881792,0.5877526775549149,FALSE,FALSE
2016-06-07,King_Haakon,3.646878436,-0.16811369353850258,0.16811369353850258,0.5877526775549149,FALSE,FALSE
2016-06-08,King_Haakon,3.680970092,-0.15377821046239992,0.15377821046239992,0.5877526775549149,FALSE,FALSE
2016-06-09,King_Haakon,3.712807235,-0.14166338740363615,0.14166338740363615,0.5877526775549149,FALSE,FALSE
2016-06-10,King_Haakon,3.801149445,-0.07297975623533715,0.07297975623533715,0.5877526775549149,FALSE,FALSE
2016-06-11,King_Haakon,3.871893334,-0.02180081683063006,0.02180081683063006,0.5877526775549149,FALSE,FALSE
2016-06-12,King_Haakon,3.885059499,-0.02807608406264616,0.02807608406264616,0.5877526775549149,FALSE,FALSE
2016-06-13,King_Haakon,3.881780445,-0.05064328475529844,0.05064328475529844,0.5877526775549149,FALSE,FALSE
2016-06-14,King_Haakon,3.913296607,-0.03823750366081757,0.03823750366081757,0.5877526775549149,FALSE,FALSE
2016-06-15,King_Haakon,3.947796389,-0.0226531108055541,0.0226531108055541,0.5877526775549149,FALSE,FALSE
2016-06-16,King_Haakon,4.009663312,0.020510115199590562,0.020510115199590562,0.5877526775549149,FALSE,FALSE
2016-06-17,King_Haakon,4.067536289,0.05990778774373595,0.05990778774373595,0.5877526775549149,FALSE,FALSE
2016-06-18,King_Haakon,4.089522315,0.06366360221598466,0.06366360221598466,0.5877526775549149,FALSE,FALSE
2016-06-19,King_Haakon,4.12756317,0.0837360390054549,0.0837360390054549,0.5877526775549149,FALSE,FALSE
2016-06-20,King_Haakon,4.129113052,0.06759599650124937,0.06759599650124937,0.5877526775549149,FALSE,FALSE
2016-06-21,King_Haakon,4.152330737,0.07341895109248053,0.07341895109248053,0.5877526775549149,FALSE,FALSE
2016-06-22,King_Haakon,4.206578865,0.1105842431682582,0.1105842431682582,0.5877526775549149,FALSE,FALSE
2016-06-23,King_Haakon,4.211216995,0.09846813211769412,0.09846813211769412,0.5877526775549149,FALSE,FALSE
2016-06-24,King_Haakon,4.227084731,0.0979269223298953,0.0979269223298953,0.5877526775549149,FALSE,FALSE
2016-06-25,King_Haakon,4.226725989,0.08152123019397362,0.08152123019397362,0.5877526775549149,FALSE,FALSE
2016-06-26,King_Haakon,4.245518094,0.08464074366177954,0.08464074366177954,0.5877526775549149,FALSE,FALSE
2016-06-27,King_Haakon,4.232347351,0.05615135481754407,0.05615135481754407,0.5877526775549149,FALSE,FALSE
2016-06-28,King_Haakon,4.207612547,0.01641646116321116,0.01641646116321116,0.5877526775549149,FALSE,FALSE
2016-06-29,King_Haakon,4.218588799,0.01267571319846894,0.01267571319846894,0.5877526775549149,FALSE,FALSE
2016-06-30,King_Haakon,4.221927293,0.00154483042301034,0.00154483042301034,0.5877526775549149,FALSE,FALSE
2016-07-01,King_Haakon,4.226288087,-0.00835159566347254,0.00835159566347254,0.5877526775549149,FALSE,FALSE
2016-07-02,King_Haakon,4.170412797,-0.07830741556129617,0.07830741556129617,0.5877526775549149,FALSE,FALSE
2016-07-03,King_Haakon,4.150480881,-0.11217863777076607,0.11217863777076607,0.5877526775549149,FALSE,FALSE
2016-07-04,King_Haakon,4.129143995,-0.147349072792192,0.147349072792192,0.5877526775549149,FALSE,FALSE
2016-07-05,King_Haakon,4.187911562,-0.10234476412588568,0.10234476412588568,0.5877526775549149,FALSE,FALSE
2016-07-06,King_Haakon,4.196172755,-0.10781200527215253,0.10781200527215253,0.5877526775549149,FALSE,FALSE
2016-07-07,King_Haakon,4.209353505,-0.10836033173130843,0.10836033173130843,0.5877526775549149,FALSE,FALSE
2016-07-08,King_Haakon,4.221031445,-0.11044748580017671,0.11044748580017671,0.5877526775549149,FALSE,FALSE
2016-07-09,King_Haakon,4.277795174,-0.06750250512060685,0.06750250512060685,0.5877526775549149,FALSE,FALSE
2016-07-10,King_Haakon,4.337280581,-0.0218683167412923,0.0218683167412923,0.5877526775549149,FALSE,FALSE
2016-07-11,King_Haakon,4.380364517,0.00735825166298198,0.00735825166298198,0.5877526775549149,FALSE,FALSE
2016-07-12,King_Haakon,4.419604111,0.03276065041741827,0.03276065041741827,0.5877526775549149,FALSE,FALSE
2016-07-13,King_Haakon,4.416144632,0.01551046984723836,0.01551046984723836,0.5877526775549149,FALSE,FALSE
2016-07-14,King_Haakon,4.369365287,-0.04498676172235161,0.04498676172235161,0.5877526775549149,FALSE,FALSE
2016-07-15,King_Haakon,4.340956368,-0.08701443096613914,0.08701443096613914,0.5877526775549149,FALSE,FALSE
2016-07-16,King_Haakon,4.3421358,-0.09932829155890932,0.09932829155890932,0.5877526775549149,FALSE,FALSE
2016-07-17,King_Haakon,4.337815061,-0.11699054417545884,0.11699054417545884,0.5877526775549149,FALSE,FALSE
2016-07-18,King_Haakon,4.344129402,-0.1238396164905673,0.1238396164905673,0.5877526775549149,FALSE,FALSE
2016-07-19,King_Haakon,4.330591208,-0.15033680217902656,0.15033680217902656,0.5877526775549149,FALSE,FALSE
2016-07-20,King_Haakon,4.302449252,-0.19120700691562753,0.19120700691562753,0.5877526775549149,FALSE,FALSE
2016-07-21,King_Haakon,4.302385626,-0.20374281908441905,0.20374281908441905,0.5877526775549149,FALSE,FALSE
2016-07-22,King_Haakon,4.32240225,-0.19593082495891512,0.19593082495891512,0.5877526775549149,FALSE,FALSE
2016-07-23,King_Haakon,4.333361619,-0.1969071140521388,0.1969071140521388,0.5877526775549149,FALSE,FALSE
2016-07-24,King_Haakon,4.32823954,-0.21369469249080095,0.21369469249080095,0.5877526775549149,FALSE,FALSE
2016-07-25,King_Haakon,4.333592859,-0.21973552740162103,0.21973552740162103,0.5877526775549149,FALSE,FALSE
2016-07-26,King_Haakon,4.350299331,-0.2141506769113084,0.2141506769113084,0.5877526775549149,FALSE,FALSE
2016-07-27,King_Haakon,4.388025039,-0.18727287114657631,0.18727287114657631,0.5877526775549149,FALSE,FALSE
2016-07-28,King_Haakon,4.37349507,-0.21237583623414305,0.21237583623414305,0.5877526775549149,FALSE,FALSE
2016-07-29,King_Haakon,4.376440542,-0.2197272673007138,0.2197272673007138,0.5877526775549149,FALSE,FALSE
2016-07-30,King_Haakon,4.379643999,-0.22654343347301076,0.22654343347301076,0.5877526775549149,FALSE,FALSE
2016-07-31,King_Haakon,4.444031111,-0.17189747787774046,0.17189747787774046,0.5877526775549149,FALSE,FALSE
2016-08-01,King_Haakon,4.540497735,-0.0848923566416202,0.0848923566416202,0.5877526775549149,FALSE,FALSE
2016-08-02,King_Haakon,4.574108003,-0.06046275071766427,0.06046275071766427,0.5877526775549149,FALSE,FALSE
2016-08-03,King_Haakon,4.607214684,-0.03625001490105095,0.03625001490105095,0.5877526775549149,FALSE,FALSE
2016-08-04,King_Haakon,4.640095255,-0.0119538803833139,0.0119538803833139,0.5877526775549149,FALSE,FALSE
2016-08-05,King_Haakon,4.684709034,0.0244115756678962,0.0244115756678962,0.5877526775549149,FALSE,FALSE
2016-08-06,King_Haakon,4.697590468,0.02940740508493089,0.02940740508493089,0.5877526775549149,FALSE,FALSE
2016-08-07,King_Haakon,4.728814017,0.05313467270014538,0.05313467270014538,0.5877526775549149,FALSE,FALSE
2016-08-08,King_Haakon,4.753783882,0.07102418434588742,0.07102418434588742,0.5877526775549149,FALSE,FALSE
2016-08-09,King_Haakon,4.771742229,0.08234471085451034,0.08234471085451034,0.5877526775549149,FALSE,FALSE
2016-08-10,King_Haakon,4.803481342,0.10791514105836342,0.10791514105836342,0.5877526775549149,FALSE,FALSE
2016-08-11,King_Haakon,4.778519053,0.0772799117897991,0.0772799117897991,0.5877526775549149,FALSE,FALSE
2016-08-12,King_Haakon,4.757495184,0.05110544988116938,0.05110544988116938,0.5877526775549149,FALSE,FALSE
2016-08-13,King_Haakon,4.739197517,0.02820614216482742,0.02820614216482742,0.5877526775549149,FALSE,FALSE
2016-08-14,King_Haakon,4.719628966,0.00461150747312455,0.00461150747312455,0.5877526775549149,FALSE,FALSE
2016-08-15,King_Haakon,4.705743201,-0.01270011602595833,0.01270011602595833,0.5877526775549149,FALSE,FALSE
2016-08-16,King_Haakon,4.697036288,-0.02426555637787153,0.02426555637787153,0.5877526775549149,FALSE,FALSE
2016-08-17,King_Haakon,4.702431253,-0.02126056612111782,0.02126056612111782,0.5877526775549149,FALSE,FALSE
2016-08-18,King_Haakon,4.659416986,-0.06629864443471689,0.06629864443471689,0.5877526775549149,FALSE,FALSE
2016-08-19,King_Haakon,4.642290496,-0.08518517149769522,0.08518517149769522,0.5877526775549149,FALSE,FALSE
2016-08-20,King_Haakon,4.665751913,-0.06332240648906673,0.06332240648906673,0.5877526775549149,FALSE,FALSE
2016-08-21,King_Haakon,4.683322711,-0.04729126458786137,0.04729126458786137,0.5877526775549149,FALSE,FALSE
2016-08-22,King_Haakon,4.751944678,0.01974765302690428,0.01974765302690428,0.5877526775549149,FALSE,FALSE
2016-08-23,King_Haakon,4.792609138,0.05868328117620614,0.05868328117620614,0.5877526775549149,FALSE,FALSE
2016-08-24,King_Haakon,4.849991894,0.1140890336810214,0.1140890336810214,0.5877526775549149,FALSE,FALSE
2016-08-25,King_Haakon,4.9196977,0.1814672753623272,0.1814672753623272,0.5877526775549149,FALSE,FALSE
2016-08-26,King_Haakon,4.94039758,0.19938664104110249,0.19938664104110249,0.5877526775549149,FALSE,FALSE
2016-08-27,King_Haakon,4.899917762,0.15557096953832872,0.15557096953832872,0.5877526775549149,FALSE,FALSE
2016-08-28,King_Haakon,4.827089577,0.07877056248735492,0.07877056248735492,0.5877526775549149,FALSE,FALSE
2016-08-29,King_Haakon,4.773698192,0.02081937596778615,0.02081937596778615,0.5877526775549149,FALSE,FALSE
2016-08-30,King_Haakon,4.706151023,-0.05177760801498987,0.05177760801498987,0.5877526775549149,FALSE,FALSE
2016-08-31,King_Haakon,4.692599491,-0.07077131496579536,0.07077131496579536,0.5877526775549149,FALSE,FALSE
2016-09-01,King_Haakon,4.682100778,-0.08700690938945232,0.08700690938945232,0.5877526775549149,FALSE,FALSE
2016-09-02,King_Haakon,4.696787695,-0.0782539267907767,0.0782539267907767,0.5877526775549149,FALSE,FALSE
2016-09-03,King_Haakon,4.7704331,-0.01064185567459219,0.01064185567459219,0.5877526775549149,FALSE,FALSE
2016-09-04,King_Haakon,4.807596048,0.02048601245428472,0.02048601245428472,0.5877526775549149,FALSE,FALSE
2016-09-05,King_Haakon,4.805735173,0.01268596509102781,0.01268596509102781,0.5877526775549149,FALSE,FALSE
2016-09-06,King_Haakon,4.776188514,-0.02260630526917584,0.02260630526917584,0.5877526775549149,FALSE,FALSE
2016-09-07,King_Haakon,4.765976578,-0.03827263813115333,0.03827263813115333,0.5877526775549149,FALSE,FALSE
2016-09-08,King_Haakon,4.76848016,-0.04083458499972536,0.04083458499972536,0.5877526775549149,FALSE,FALSE
2016-09-09,King_Haakon,4.740281899,-0.07361228736893732,0.07361228736893732,0.5877526775549149,FALSE,FALSE
2016-09-10,King_Haakon,4.720836546,-0.09709497404245582,0.09709497404245582,0.5877526775549149,FALSE,FALSE
2016-09-11,King_Haakon,4.696652482,-0.12479279842690703,0.12479279842690703,0.5877526775549149,FALSE,FALSE
2016-09-12,King_Haakon,4.676460795,-0.14800105687863407,0.14800105687863407,0.5877526775549149,FALSE,FALSE
2016-09-13,King_Haakon,4.676441893,-0.1505657257539763,0.1505657257539763,0.5877526775549149,FALSE,FALSE
2016-09-14,King_Haakon,4.671338287,-0.15777067840928538,0.15777067840928538,0.5877526775549149,FALSE,FALSE
2016-09-15,King_Haakon,4.715872139,-0.11492013720090544,0.11492013720090544,0.5877526775549149,FALSE,FALSE
2016-09-16,King_Haakon,4.728402142,-0.10368179348517614,0.10368179348517614,0.5877526775549149,FALSE,FALSE
2016-09-17,King_Haakon,4.753247073,-0.07976325461845057,0.07976325461845057,0.5877526775549149,FALSE,FALSE
2016-09-18,King_Haakon,4.779773464,-0.05382437295706843,0.05382437295706843,0.5877526775549149,FALSE,FALSE
2016-09-19,King_Haakon,4.798894984,-0.03497786385737722,0.03497786385737722,0.5877526775549149,FALSE,FALSE
2016-09-20,King_Haakon,4.790430053,-0.04343169167571936,0.04343169167571936,0.5877526775549149,FALSE,FALSE
2016-09-21,King_Haakon,4.78299515,-0.05059576176844249,0.05059576176844249,0.5877526775549149,FALSE,FALSE
2016-09-22,King_Haakon,4.791771986,-0.04131495167698773,0.04131495167698773,0.5877526775549149,FALSE,FALSE
2016-09-23,King_Haakon,4.781947133,-0.05043146397397535,0.05043146397397535,0.5877526775549149,FALSE,FALSE
2016-09-24,King_Haakon,4.767337426,-0.06415856431214895,0.06415856431214895,0.5877526775549149,FALSE,FALSE
2016-09-25,King_Haakon,4.77374792,-0.05672131695060312,0.05672131695060312,0.5877526775549149,FALSE,FALSE
2016-09-26,King_Haakon,4.823728826,-0.00559963014845088,0.00559963014845088,0.5877526775549149,FALSE,FALSE
2016-09-27,King_Haakon,4.852435908,0.02433214083520951,0.02433214083520951,0.5877526775549149,FALSE,FALSE
2016-09-28,King_Haakon,4.910686794,0.08386150474126719,0.08386150474126719,0.5877526775549149,FALSE,FALSE
2016-09-29,King_Haakon,4.988138948,0.16261580631062067,0.16261580631062067,0.5877526775549149,FALSE,FALSE
2016-09-30,King_Haakon,5.022707158,0.19847971428416675,0.19847971428416675,0.5877526775549149,FALSE,FALSE
2016-10-01,King_Haakon,5.034954865,0.21198655040279848,0.21198655040279848,0.5877526775549149,FALSE,FALSE
2016-10-02,King_Haakon,5.074736766,0.25296089240741093,0.25296089240741093,0.5877526775549149,FALSE,FALSE
2016-10-03,King_Haakon,5.115304009,0.29462376903890153,0.29462376903890153,0.5877526775549149,FALSE,FALSE
2016-10-04,King_Haakon,5.162942009,0.3432304943219986,0.3432304943219986,0.5877526775549149,FALSE,FALSE
2016-10-05,King_Haakon,5.178153796,0.3592761139469349,0.3592761139469349,0.5877526775549149,FALSE,FALSE
2016-10-06,King_Haakon,5.160030963,0.34190929386579505,0.34190929386579505,0.5877526775549149,FALSE,FALSE
2016-10-07,King_Haakon,5.131923678,0.3145491771284261,0.3145491771284261,0.5877526775549149,FALSE,FALSE
2016-10-08,King_Haakon,5.104924446,0.28835724378467553,0.28835724378467553,0.5877526775549149,FALSE,FALSE
2016-10-09,King_Haakon,5.076867399,0.26123660088439493,0.26123660088439493,0.5877526775549149,FALSE,FALSE
2016-10-10,King_Haakon,5.025406556,0.2109102424774232,0.2109102424774232,0.5877526775549149,FALSE,FALSE
2016-10-11,King_Haakon,4.95357784,0.1404830666136121,0.1404830666136121,0.5877526775549149,FALSE,FALSE
2016-10-12,King_Haakon,4.902540816,0.09118361334280944,0.09118361334280944,0.5877526775549149,FALSE,FALSE
2016-10-13,King_Haakon,4.83654048,0.02732585371486173,0.02732585371486173,0.5877526775549149,FALSE,FALSE
2016-10-14,King_Haakon,4.77420575,-0.03239231922038321,0.03239231922038321,0.5877526775549149,FALSE,FALSE
2016-10-15,King_Haakon,4.722992413,-0.08044614341308076,0.08044614341308076,0.5877526775549149,FALSE,FALSE
2016-10-16,King_Haakon,4.665539787,-0.13412732581338105,0.13412732581338105,0.5877526775549149,FALSE,FALSE
2016-10-17,King_Haakon,4.642472113,-0.15274538542115934,0.15274538542115934,0.5877526775549149,FALSE,FALSE
2016-10-18,King_Haakon,4.625587551,-0.164494013882047,0.164494013882047,0.5877526775549149,FALSE,FALSE
2016-10-19,King_Haakon,4.596138921,-0.18816777934318285,0.18816777934318285,0.5877526775549149,FALSE,FALSE
2016-10-20,King_Haakon,4.567076219,-0.2108662976484359,0.2108662976484359,0.5877526775549149,FALSE,FALSE
2016-10-21,King_Haakon,4.533193294,-0.23784533164167332,0.23784533164167332,0.5877526775549149,FALSE,FALSE
2016-10-22,King_Haakon,4.532610989,-0.2310336501667667,0.2310336501667667,0.5877526775549149,FALSE,FALSE
2016-10-23,King_Haakon,4.563031307,-0.19277886206758055,0.19277886206758055,0.5877526775549149,FALSE,FALSE
2016-10-24,King_Haakon,4.574252823,-0.17333200418797912,0.17333200418797912,0.5877526775549149,FALSE,FALSE
2016-10-25,King_Haakon,4.578159342,-0.16085888337183363,0.16085888337183363,0.5877526775549149,FALSE,FALSE
2016-10-26,King_Haakon,4.580586807,-0.1495731684630126,0.1495731684630126,0.5877526775549149,FALSE,FALSE
2016-10-27,King_Haakon,4.59591676,-0.1251429293053841,0.1251429293053841,0.5877526775549149,FALSE,FALSE
2016-10-28,King_Haakon,4.631531384,-0.08023559474281594,0.08023559474281594,0.5877526775549149,FALSE,FALSE
2016-10-29,King_Haakon,4.649102588,-0.05322886761917012,0.05322886761917012,0.5877526775549149,FALSE,FALSE
2016-10-30,King_Haakon,4.641520488,-0.05126808270490812,0.05126808270490812,0.5877526775549149,FALSE,FALSE
2016-10-31,King_Haakon,4.622297819,-0.06080625189220079,0.06080625189220079,0.5877526775549149,FALSE,FALSE
2016-11-01,King_Haakon,4.588564523,-0.08465776975041805,0.08465776975041805,0.5877526775549149,FALSE,FALSE
2016-11-02,King_Haakon,4.595165192,-0.06792237509327048,0.06792237509327048,0.5877526775549149,FALSE,FALSE
2016-11-03,King_Haakon,4.5854038600000004,-0.06724036473447814,0.06724036473447814,0.5877526775549149,FALSE,FALSE
2016-11-04,King_Haakon,4.544161602,-0.0976749944877522,0.0976749944877522,0.5877526775549149,FALSE,FALSE
2016-11-05,King_Haakon,4.499294055,-0.1313149581668105,0.1313149581668105,0.5877526775549149,FALSE,FALSE
2016-11-06,King_Haakon,4.435465604,-0.18344020158536536,0.18344020158536536,0.5877526775549149,FALSE,FALSE
2016-11-07,King_Haakon,4.414314884,-0.19235642055713065,0.19235642055713065,0.5877526775549149,FALSE,FALSE
2016-11-08,King_Haakon,4.387968286,-0.2058815548958215,0.2058815548958215,0.5877526775549149,FALSE,FALSE
2016-11-09,King_Haakon,4.344019438,-0.23636630741515408,0.23636630741515408,0.5877526775549149,FALSE,FALSE
2016-11-10,King_Haakon,4.287496182,-0.27872716692884403,0.27872716692884403,0.5877526775549149,FALSE,FALSE
2016-11-11,King_Haakon,4.256043898,-0.2952627831655681,0.2952627831655681,0.5877526775549149,FALSE,FALSE
2016-11-12,King_Haakon,4.222901549,-0.3126615671309336,0.3126615671309336,0.5877526775549149,FALSE,FALSE
2016-11-13,King_Haakon,4.173284307,-0.34561068380336213,0.34561068380336213,0.5877526775549149,FALSE,FALSE
2016-11-14,King_Haakon,4.129221578,-0.37198099901900417,0.37198099901900417,0.5877526775549149,FALSE,FALSE
2016-11-15,King_Haakon,4.08900219,-0.3933839566140156,0.3933839566140156,0.5877526775549149,FALSE,FALSE
2016-11-16,King_Haakon,4.050194767,-0.4121512044245561,0.4121512044245561,0.5877526775549149,FALSE,FALSE
2016-11-17,King_Haakon,4.050730548,-0.390251775286778,0.390251775286778,0.5877526775549149,FALSE,FALSE
2016-11-18,King_Haakon,4.031384972,-0.3868105020368393,0.3868105020368393,0.5877526775549149,FALSE,FALSE
2016-11-19,King_Haakon,4.016325971,-0.3775597245108964,0.3775597245108964,0.5877526775549149,FALSE,FALSE
2016-11-20,King_Haakon,3.984200352,-0.38375290754510294,0.38375290754510294,0.5877526775549149,FALSE,FALSE
2016-11-21,King_Haakon,3.96318177,-0.3771166679756175,0.3771166679756175,0.5877526775549149,FALSE,FALSE
2016-11-22,King_Haakon,3.958206607,-0.35261489563859083,0.35261489563859083,0.5877526775549149,FALSE,FALSE
2016-11-23,King_Haakon,3.931365854,-0.34805687137018726,0.34805687137018726,0.5877526775549149,FALSE,FALSE
2016-11-24,King_Haakon,3.881928662,-0.3640910636518955,0.3640910636518955,0.5877526775549149,FALSE,FALSE
2016-11-25,King_Haakon,3.836601119,-0.37407572744298534,0.37407572744298534,0.5877526775549149,FALSE,FALSE
2016-11-26,King_Haakon,3.797879885,-0.3756523220711956,0.3756523220711956,0.5877526775549149,FALSE,FALSE
2016-11-27,King_Haakon,3.760091889,-0.3746325966774089,0.3746325966774089,0.5877526775549149,FALSE,FALSE
2016-11-28,King_Haakon,3.700492046,-0.3939003144025044,0.3939003144025044,0.5877526775549149,FALSE,FALSE
2016-11-29,King_Haakon,3.63307576,-0.4195987493873612,0.4195987493873612,0.5877526775549149,FALSE,FALSE
2016-11-30,King_Haakon,3.544099808,-0.4656098027728661,0.4656098027728661,0.5877526775549149,FALSE,FALSE
2016-12-01,King_Haakon,3.495236126,-0.4704002166998942,0.4704002166998942,0.5877526775549149,FALSE,FALSE
2016-12-02,King_Haakon,3.463267432,-0.4573259513093286,0.4573259513093286,0.5877526775549149,FALSE,FALSE
2016-12-03,King_Haakon,3.421943384,-0.45277602674205175,0.45277602674205175,0.5877526775549149,FALSE,FALSE
2016-12-04,King_Haakon,3.388095347,-0.44005775613894293,0.44005775613894293,0.5877526775549149,FALSE,FALSE
2016-12-05,King_Haakon,3.362668647,-0.4183644916408844,0.4183644916408844,0.5877526775549149,FALSE,FALSE
2016-12-06,King_Haakon,3.323457948,-0.4100400862387179,0.4100400862387179,0.5877526775549149,FALSE,FALSE
2016-12-07,King_Haakon,3.264194227,-0.4214420537949088,0.4214420537949088,0.5877526775549149,FALSE,FALSE
2016-12-08,King_Haakon,3.209901714,-0.4275140105187955,0.4275140105187955,0.5877526775549149,FALSE,FALSE
2016-12-09,King_Haakon,3.15573143,-0.43305495971478614,0.43305495971478614,0.5877526775549149,FALSE,FALSE
2016-12-10,King_Haakon,3.061820999,-0.4778773016872955,0.4778773016872955,0.5877526775549149,FALSE,FALSE
2016-12-11,King_Haakon,3.01568265,-0.4744188317407354,0.4744188317407354,0.5877526775549149,FALSE,FALSE
2016-12-12,King_Haakon,2.977187722,-0.4627582351795172,0.4627582351795172,0.5877526775549149,FALSE,FALSE
2016-12-13,King_Haakon,2.900639694,-0.48854205730805367,0.48854205730805367,0.5877526775549149,FALSE,FALSE
2016-12-14,King_Haakon,2.826549673,-0.5112092154307564,0.5112092154307564,0.5877526775549149,FALSE,FALSE
2016-12-15,King_Haakon,2.784383298,-0.5012440948520376,0.5012440948520376,0.5877526775549149,FALSE,FALSE
2016-12-16,King_Haakon,2.727319448,-0.505417840876309,0.505417840876309,0.5877526775549149,FALSE,FALSE
2016-12-17,King_Haakon,2.656544657,-0.5224939438079814,0.5224939438079814,0.5877526775549149,FALSE,FALSE
2016-12-18,King_Haakon,2.594430753,-0.5300505999514691,0.5300505999514691,0.5877526775549149,FALSE,FALSE
2016-12-19,King_Haakon,2.541330972,-0.5276889926460528,0.5276889926460528,0.5877526775549149,FALSE,FALSE
2016-12-20,King_Haakon,2.487722896,-0.5249554532039511,0.5249554532039511,0.5877526775549149,FALSE,FALSE
2016-12-21,King_Haakon,2.439910549,-0.5156253424857922,0.5156253424857922,0.5877526775549149,FALSE,FALSE
2016-12-22,King_Haakon,2.410305975,-0.4873675471735552,0.4873675471735552,0.5877526775549149,FALSE,FALSE
2016-12-23,King_Haakon,2.386738675,-0.4524334969492187,0.4524334969492187,0.5877526775549149,FALSE,FALSE
2016-12-24,King_Haakon,2.345081449,-0.4350313224947535,0.4350313224947535,0.5877526775549149,FALSE,FALSE
2016-12-25,King_Haakon,2.295494725,-0.4250815264921366,0.4250815264921366,0.5877526775549149,FALSE,FALSE
2016-12-26,King_Haakon,2.206832739,-0.4538108036233477,0.4538108036233477,0.5877526775549149,FALSE,FALSE
2016-12-27,King_Haakon,2.126067423,-0.47432815257036554,0.47432815257036554,0.5877526775549149,FALSE,FALSE
2016-12-28,King_Haakon,2.090775424,-0.4491378570151565,0.4491378570151565,0.5877526775549149,FALSE,FALSE
2016-12-29,King_Haakon,2.086678403,-0.39259918663970605,0.39259918663970605,0.5877526775549149,FALSE,FALSE
2016-12-30,King_Haakon,1.983736479,-0.4348329531259836,0.4348329531259836,0.5877526775549149,FALSE,FALSE
2016-12-31,King_Haakon,1.927294194,-0.4305755451559721,0.4305755451559721,0.5877526775549149,FALSE,FALSE
2017-01-01,King_Haakon,1.803942687,-0.5539270521559734,0.5539270521559734,0.5877526775549149,FALSE,FALSE
2017-01-02,King_Haakon,1.775571826,-0.5216906133819157,0.5216906133819157,0.5877526775549149,FALSE,FALSE
2017-01-03,King_Haakon,1.700986816,-0.5358566373371558,0.5358566373371558,0.5877526775549149,FALSE,FALSE
2017-01-04,King_Haakon,1.601820063,-0.574891636525301,0.574891636525301,0.5877526775549149,FALSE,FALSE
2017-01-05,King_Haakon,1.610508386,-0.5064577104499659,0.5064577104499659,0.5877526775549149,FALSE,FALSE
2017-01-06,King_Haakon,1.551742046,-0.5059635166147547,0.5059635166147547,0.5877526775549149,FALSE,FALSE
2017-01-07,King_Haakon,1.49581061,-0.5032184065232841,0.5032184065232841,0.5877526775549149,FALSE,FALSE
2017-01-08,King_Haakon,1.426960158,-0.5140752186791666,0.5140752186791666,0.5877526775549149,FALSE,FALSE
2017-01-09,King_Haakon,1.353800567,-0.5300229945860075,0.5300229945860075,0.5877526775549149,FALSE,FALSE
2017-01-10,King_Haakon,1.232389564,-0.5951029257474232,0.5951029257474232,0.5877526775549149,TRUE,TRUE
2017-01-11,King_Haakon,1.165903221,-0.6062378586670223,0.6062378586670223,0.5877526775549149,TRUE,TRUE
2017-01-12,King_Haakon,1.100896801,-0.616971448848415,0.616971448848415,0.5877526775549149,TRUE,TRUE
2017-01-13,King_Haakon,1.001999257,-0.6627736617952149,0.6627736617952149,0.5877526775549149,TRUE,TRUE
2017-01-14,King_Haakon,0.878028842,-0.7349243929021019,0.7349243929021019,0.5877526775549149,TRUE,TRUE
2017-01-15,King_Haakon,0.799571762,-0.7629079493295836,0.7629079493295836,0.5877526775549149,TRUE,TRUE
2017-01-16,King_Haakon,0.740911742,-0.7724764982068448,0.7724764982068448,0.5877526775549149,TRUE,TRUE
2017-01-17,King_Haakon,0.67441619,-0.7912963341114615,0.7912963341114615,0.5877526775549149,TRUE,TRUE
2017-01-18,King_Haakon,0.583830765,-0.8356555006210115,0.8356555006210115,0.5877526775549149,TRUE,TRUE
2017-01-19,King_Haakon,0.52549268,-0.8492504873130738,0.8492504873130738,0.5877526775549149,TRUE,TRUE
2017-01-20,King_Haakon,0.479144225,-0.8523727067652254,0.8523727067652254,0.5877526775549149,TRUE,TRUE
2017-01-21,King_Haakon,0.431419247,-0.8584220145550441,0.8584220145550441,0.5877526775549149,TRUE,TRUE
2017-01-22,King_Haakon,0.410368114,-0.8393817452601073,0.8393817452601073,0.5877526775549149,TRUE,TRUE
2017-01-23,King_Haakon,0.336535402,-0.8747410254579928,0.8747410254579928,0.5877526775549149,TRUE,TRUE
2017-01-24,King_Haakon,0.272130492,-0.9023241767262804,0.9023241767262804,0.5877526775549149,TRUE,TRUE
2017-01-25,King_Haakon,0.2195943,-0.919723985642546,0.919723985642546,0.5877526775549149,TRUE,TRUE
2017-01-26,King_Haakon,0.173527996,-0.9323729847843668,0.9323729847843668,0.5877526775549149,TRUE,TRUE
2017-01-27,King_Haakon,0.134245835,-0.9399818226497832,0.9399818226497832,0.5877526775549149,TRUE,TRUE
2017-01-28,King_Haakon,0.134502992,-0.9097606627294236,0.9097606627294236,0.5877526775549149,TRUE,TRUE
2017-01-29,King_Haakon,0.118729663,-0.8972199484772828,0.8972199484772828,0.5877526775549149,TRUE,TRUE
2017-01-30,King_Haakon,0.117435421,-0.8717906667839191,0.8717906667839191,0.5877526775549149,TRUE,TRUE
2017-01-31,King_Haakon,0.116386535,-0.847647108539892,0.847647108539892,0.5877526775549149,TRUE,TRUE
2017-02-01,King_Haakon,0.087821306,-0.8524915326357576,0.8524915326357576,0.5877526775549149,TRUE,TRUE
2017-02-02,King_Haakon,0.095481996,-0.8225222369620757,0.8225222369620757,0.5877526775549149,TRUE,TRUE
2017-02-03,King_Haakon,0.09204616,-0.8050022264094037,0.8050022264094037,0.5877526775549149,TRUE,TRUE
2017-02-04,King_Haakon,0.092672381,-0.7847134778683001,0.7847134778683001,0.5877526775549149,TRUE,TRUE
2017-02-05,King_Haakon,0.088136734,-0.7708204762293238,0.7708204762293238,0.5877526775549149,TRUE,TRUE
2017-02-06,King_Haakon,0.101654995,-0.7400480053830306,0.7400480053830306,0.5877526775549149,TRUE,TRUE
2017-02-07,King_Haakon,0.097235609,-0.7283281802199812,0.7283281802199812,0.5877526775549149,TRUE,TRUE
2017-02-08,King_Haakon,0.09272208,-0.7177584480455257,0.7177584480455257,0.5877526775549149,TRUE,TRUE
2017-02-09,King_Haakon,0.09722468,-0.6992211640468166,0.6992211640468166,0.5877526775549149,TRUE,TRUE
2017-02-10,King_Haakon,0.100495627,-0.6830595083287543,0.6830595083287543,0.5877526775549149,TRUE,TRUE
2017-02-11,King_Haakon,0.096014049,-0.675901901972065,0.675901901972065,0.5877526775549149,TRUE,TRUE
2017-02-12,King_Haakon,0.092223539,-0.66941230105748,0.66941230105748,0.5877526775549149,TRUE,TRUE
2017-02-13,King_Haakon,0.083936595,-0.6688857566657282,0.6688857566657282,0.5877526775549149,TRUE,TRUE
2017-02-14,King_Haakon,0.083937003,-0.6616460318775356,0.6616460318775356,0.5877526775549149,TRUE,TRUE
2017-02-15,King_Haakon,0.073722392,-0.6663030467736328,0.6663030467736328,0.5877526775549149,TRUE,TRUE
2017-02-16,King_Haakon,0.092066054,-0.6441910584347473,0.6441910584347473,0.5877526775549149,TRUE,TRUE
2017-02-17,King_Haakon,0.092701501,-0.6416841039416089,0.6416841039416089,0.5877526775549149,TRUE,TRUE
2017-02-18,King_Haakon,0.095267527,-0.6392509383749457,0.6392509383749457,0.5877526775549149,TRUE,TRUE
2017-02-19,King_Haakon,0.095247525,-0.6415157178154856,0.6415157178154856,0.5877526775549149,TRUE,TRUE
2017-02-20,King_Haakon,0.10421735,-0.6370101363439584,0.6370101363439584,0.5877526775549149,TRUE,TRUE
2017-02-21,King_Haakon,0.101699881,-0.6463084361558226,0.6463084361558226,0.5877526775549149,TRUE,TRUE
2017-02-22,King_Haakon,0.092758857,-0.6643175755906826,0.6643175755906826,0.5877526775549149,TRUE,TRUE
2017-02-23,King_Haakon,0.087150858,-0.6811675693222797,0.6811675693222797,0.5877526775549149,TRUE,TRUE
2017-02-24,King_Haakon,0.097575321,-0.6840440547028391,0.6840440547028391,0.5877526775549149,TRUE,TRUE
2017-02-25,King_Haakon,0.105567746,-0.6912966060845895,0.6912966060845895,0.5877526775549149,TRUE,TRUE
2017-02-26,King_Haakon,0.112129904,-0.7018085268197577,0.7018085268197577,0.5877526775549149,TRUE,TRUE
2017-02-27,King_Haakon,0.141080572,-0.6916461142605709,0.6916461142605709,0.5877526775549149,TRUE,TRUE
2017-02-28,King_Haakon,0.133370696,-0.7197434967592571,0.7197434967592571,0.5877526775549149,TRUE,TRUE
2017-03-01,King_Haakon,0.1019393,-0.773046724668042,0.773046724668042,0.5877526775549149,TRUE,TRUE
2017-03-02,King_Haakon,0.118056223,-0.7801710333391546,0.7801710333391546,0.5877526775549149,TRUE,TRUE
2017-03-03,King_Haakon,0.141825518,-0.78089744412482,0.78089744412482,0.5877526775549149,TRUE,TRUE
2017-03-04,King_Haakon,0.143780693,-0.804577523377267,0.804577523377267,0.5877526775549149,TRUE,TRUE
2017-03-05,King_Haakon,0.128252806,-0.8467652914311633,0.8467652914311633,0.5877526775549149,TRUE,TRUE
2017-03-06,King_Haakon,0.117934338,-0.8846681598022481,0.8846681598022481,0.5877526775549149,TRUE,TRUE
2017-03-07,King_Haakon,0.135609289,-0.8954502503526491,0.8954502503526491,0.5877526775549149,TRUE,TRUE
2017-03-08,King_Haakon,0.167873282,-0.8924738602416789,0.8924738602416789,0.5877526775549149,TRUE,TRUE
2017-03-09,King_Haakon,0.182837687,-0.9075855396286544,0.9075855396286544,0.5877526775549149,TRUE,TRUE
2017-03-10,King_Haakon,0.200952327,-0.9202933856728912,0.9202933856728912,0.5877526775549149,TRUE,TRUE
2017-03-11,King_Haakon,0.207379449,-0.945393071533702,0.945393071533702,0.5877526775549149,TRUE,TRUE
2017-03-12,King_Haakon,0.22607618299999999,-0.9588853873704026,0.9588853873704026,0.5877526775549149,TRUE,TRUE
2017-03-13,King_Haakon,0.262684589,-0.955086193342308,0.955086193342308,0.5877526775549149,TRUE,TRUE
2017-03-14,King_Haakon,0.277375903,-0.9737821736087342,0.9737821736087342,0.5877526775549149,TRUE,TRUE
2017-03-15,King_Haakon,0.294574954,-0.990506419328995,0.990506419328995,0.5877526775549149,TRUE,TRUE
2017-03-16,King_Haakon,0.308696693,-1.0108018996624066,1.0108018996624066,0.5877526775549149,TRUE,TRUE
2017-03-17,King_Haakon,0.322274374,-1.032093280768282,1.032093280768282,0.5877526775549149,TRUE,TRUE
2017-03-18,King_Haakon,0.35950523,-1.030141097892832,1.030141097892832,0.5877526775549149,TRUE,TRUE
2017-03-19,King_Haakon,0.402288831,-1.0229997552746153,1.0229997552746153,0.5877526775549149,TRUE,TRUE
2017-03-20,King_Haakon,0.422806113,-1.0384383225884046,1.0384383225884046,0.5877526775549149,TRUE,TRUE
2017-03-21,King_Haakon,0.445431024,-1.0520326706625012,1.0520326706625012,0.5877526775549149,TRUE,TRUE
2017-03-22,King_Haakon,0.462701598,-1.0711945843252022,1.0711945843252022,0.5877526775549149,TRUE,TRUE
2017-03-23,King_Haakon,0.476319423,-1.0941722944048058,1.0941722944048058,0.5877526775549149,TRUE,TRUE
2017-03-24,King_Haakon,0.506464516,-1.1007356027296136,1.1007356027296136,0.5877526775549149,TRUE,TRUE
2017-03-25,King_Haakon,0.523718809,-1.120252396127921,1.120252396127921,0.5877526775549149,TRUE,TRUE
2017-03-26,King_Haakon,0.549197226,-1.131557569428031,1.131557569428031,0.5877526775549149,TRUE,TRUE
2017-03-27,King_Haakon,0.594632928,-1.1228677804582408,1.1228677804582408,0.5877526775549149,TRUE,TRUE
2017-03-28,King_Haakon,0.639878166,-1.11428059704685,1.11428059704685,0.5877526775549149,TRUE,TRUE
2017-03-29,King_Haakon,0.673860388,-1.1168183900221558,1.1168183900221558,0.5877526775549149,TRUE,TRUE
2017-03-30,King_Haakon,0.749938875,-1.0770716972124583,1.0770716972124583,0.5877526775549149,TRUE,TRUE
2017-03-31,King_Haakon,0.796303496,-1.0668090496012068,1.0668090496012068,0.5877526775549149,TRUE,TRUE
2017-04-01,King_Haakon,0.800062455,-1.0989275480510206,1.0989275480510206,0.5877526775549149,TRUE,TRUE
2017-04-02,King_Haakon,0.797271146,-1.1373930490621582,1.1373930490621582,0.5877526775549149,TRUE,TRUE
2017-04-03,King_Haakon,0.894866434,-1.0752899513171317,1.0752899513171317,0.5877526775549149,TRUE,TRUE
2017-04-04,King_Haakon,0.969986131,-1.0355017064984458,1.0355017064984458,0.5877526775549149,TRUE,TRUE
2017-04-05,King_Haakon,0.959632314,-1.0810475012886107,1.0810475012886107,0.5877526775549149,TRUE,TRUE
2017-04-06,King_Haakon,0.974962837,-1.1007907453701375,1.1007907453701375,0.5877526775549149,TRUE,TRUE
2017-04-07,King_Haakon,1.072304678,-1.03842572442553,1.03842572442553,0.5877526775549149,TRUE,TRUE
2017-04-08,King_Haakon,1.142777733,-1.0028538061372991,1.0028538061372991,0.5877526775549149,TRUE,TRUE
2017-04-09,King_Haakon,1.177299788,-1.0031784681879516,1.0031784681879516,0.5877526775549149,TRUE,TRUE
2017-04-10,King_Haakon,1.189246545,-1.0260452722600006,1.0260452722600006,0.5877526775549149,TRUE,TRUE
2017-04-11,King_Haakon,1.23487959,-1.0152138960359494,1.0152138960359494,0.5877526775549149,TRUE,TRUE
2017-04-12,King_Haakon,1.300715279,-0.9841890821520958,0.9841890821520958,0.5877526775549149,TRUE,TRUE
2017-04-13,King_Haakon,1.381888134,-0.9378456443625952,0.9378456443625952,0.5877526775549149,TRUE,TRUE
2017-04-14,King_Haakon,1.426536932,-0.9280347504159094,0.9280347504159094,0.5877526775549149,TRUE,TRUE
2017-04-15,King_Haakon,1.437534232,-0.9518719748537614,0.9518719748537614,0.5877526775549149,TRUE,TRUE
2017-04-16,King_Haakon,1.466797905,-0.9574275802178764,0.9574275802178764,0.5877526775549149,TRUE,TRUE
2017-04-17,King_Haakon,1.486963448,-0.9720542030499808,0.9720542030499808,0.5877526775549149,TRUE,TRUE
2017-04-18,King_Haakon,1.547424039,-0.9463467988917964,0.9463467988917964,0.5877526775549149,TRUE,TRUE
2017-04-19,King_Haakon,1.597554236,-0.9309189432850482,0.9309189432850482,0.5877526775549149,TRUE,TRUE
2017-04-20,King_Haakon,1.642482629,-0.920630179771462,0.920630179771462,0.5877526775549149,TRUE,TRUE
2017-04-21,King_Haakon,1.677800233,-0.9198776268927642,0.9198776268927642,0.5877526775549149,TRUE,TRUE
2017-04-22,King_Haakon,1.71519264,-0.916963826190677,0.916963826190677,0.5877526775549149,TRUE,TRUE
2017-04-23,King_Haakon,1.745477185,-0.9210595762069268,0.9210595762069268,0.5877526775549149,TRUE,TRUE
2017-04-24,King_Haakon,1.786843354,-0.913963524483236,0.913963524483236,0.5877526775549149,TRUE,TRUE
2017-04-25,King_Haakon,1.794122724,-0.940830298833123,0.940830298833123,0.5877526775549149,TRUE,TRUE
2017-04-26,King_Haakon,1.829659918,-0.939283163046336,0.939283163046336,0.5877526775549149,TRUE,TRUE
2017-04-27,King_Haakon,1.863693535,-0.9390412822655528,0.9390412822655528,0.5877526775549149,TRUE,TRUE
2017-04-28,King_Haakon,1.858528848,-0.9777570410025452,0.9777570410025452,0.5877526775549149,TRUE,TRUE
2017-04-29,King_Haakon,1.878767845,-0.99078610876908,0.99078610876908,0.5877526775549149,TRUE,TRUE
2017-04-30,King_Haakon,1.892817676,-1.0096789930769354,1.0096789930769354,0.5877526775549149,TRUE,TRUE
2017-05-01,King_Haakon,1.911159632,-1.0239120604378744,1.0239120604378744,0.5877526775549149,TRUE,TRUE
2017-05-02,King_Haakon,1.956003462,-1.0112332193636735,1.0112332193636735,0.5877526775549149,TRUE,TRUE
2017-05-03,King_Haakon,1.956309648,-1.0426396453661009,1.0426396453661009,0.5877526775549149,TRUE,TRUE
2017-05-04,King_Haakon,2.026433943,-1.003733242956928,1.003733242956928,0.5877526775549149,TRUE,TRUE
2017-05-05,King_Haakon,2.089813473,-0.9710345436479244,0.9710345436479244,0.5877526775549149,TRUE,TRUE
2017-05-06,King_Haakon,2.156742594,-0.9342068489508648,0.9342068489508648,0.5877526775549149,TRUE,TRUE
2017-05-07,King_Haakon,2.210769379,-0.9096597645519302,0.9096597645519302,0.5877526775549149,TRUE,TRUE
2017-05-08,King_Haakon,2.256308528,-0.8929480742044054,0.8929480742044054,0.5877526775549149,TRUE,TRUE
2017-05-09,King_Haakon,2.297342896,-0.8800898255229286,0.8800898255229286,0.5877526775549149,TRUE,TRUE
2017-05-10,King_Haakon,2.362080835,-0.8428827386569955,0.8428827386569955,0.5877526775549149,TRUE,TRUE
2017-05-11,King_Haakon,2.445282113,-0.7865731177561068,0.7865731177561068,0.5877526775549149,TRUE,TRUE
2017-05-12,King_Haakon,2.54088129,-0.7172324749697574,0.7172324749697574,0.5877526775549149,TRUE,TRUE
2017-05-13,King_Haakon,2.580228926,-0.7035163224474466,0.7035163224474466,0.5877526775549149,TRUE,TRUE
2017-05-14,King_Haakon,2.626495531,-0.6822602223386736,0.6822602223386736,0.5877526775549149,TRUE,TRUE
2017-05-15,King_Haakon,2.685602021,-0.6475493307929336,0.6475493307929336,0.5877526775549149,TRUE,TRUE
2017-05-16,King_Haakon,2.753279303,-0.6036588129597282,0.6036588129597282,0.5877526775549149,TRUE,TRUE
2017-05-17,King_Haakon,2.795879018,-0.5842430999885502,0.5842430999885502,0.5877526775549149,FALSE,FALSE
2017-05-18,King_Haakon,2.839446087,-0.5632633430289031,0.5632633430289031,0.5877526775549149,FALSE,FALSE
2017-05-19,King_Haakon,2.849685994,-0.5750201302302811,0.5750201302302811,0.5877526775549149,FALSE,FALSE
2017-05-20,King_Haakon,2.856812479,-0.5893073718822421,0.5893073718822421,0.5877526775549149,TRUE,FALSE
2017-05-21,King_Haakon,2.872664397,-0.5943226600921787,0.5943226600921787,0.5877526775549149,TRUE,FALSE
2017-05-22,King_Haakon,2.892692481,-0.5946768682803927,0.5946768682803927,0.5877526775549149,TRUE,FALSE
2017-05-23,King_Haakon,2.945090514,-0.5622386663451335,0.5622386663451335,0.5877526775549149,FALSE,FALSE
2017-05-24,King_Haakon,2.964693094,-0.5622359091846532,0.5622359091846532,0.5877526775549149,FALSE,FALSE
2017-05-25,King_Haakon,2.989048797,-0.5571824736972015,0.5571824736972015,0.5877526775549149,FALSE,FALSE
2017-05-26,King_Haakon,3.031784767,-0.5335136687810325,0.5335136687810325,0.5877526775549149,FALSE,FALSE
2017-05-27,King_Haakon,3.08421419,-0.4999787613343951,0.4999787613343951,0.5877526775549149,FALSE,FALSE
2017-05-28,King_Haakon,3.12652179,-0.47645548025554296,0.47645548025554296,0.5877526775549149,FALSE,FALSE
2017-05-29,King_Haakon,3.178197618,-0.44351622744272623,0.44351622744272623,0.5877526775549149,FALSE,FALSE
2017-05-30,King_Haakon,3.246668596,-0.3937965337941942,0.3937965337941942,0.5877526775549149,FALSE,FALSE
2017-05-31,King_Haakon,3.274447995,-0.38484558120820545,0.38484558120820545,0.5877526775549149,FALSE,FALSE
2017-06-01,King_Haakon,3.329264923,-0.3489967145830035,0.3489967145830035,0.5877526775549149,FALSE,FALSE
2017-06-02,King_Haakon,3.383833361,-0.31358455346411995,0.31358455346411995,0.5877526775549149,FALSE,FALSE
2017-06-03,King_Haakon,3.467468882,-0.24928067261965303,0.24928067261965303,0.5877526775549149,FALSE,FALSE
2017-06-04,King_Haakon,3.506207059,-0.23001961155376136,0.23001961155376136,0.5877526775549149,FALSE,FALSE
2017-06-05,King_Haakon,3.517200338,-0.23861903613957616,0.23861903613957616,0.5877526775549149,FALSE,FALSE
2017-06-06,King_Haakon,3.555187872,-0.22030990525022132,0.22030990525022132,0.5877526775549149,FALSE,FALSE
2017-06-07,King_Haakon,3.5650357,-0.23019629175881784,0.23019629175881784,0.5877526775549149,FALSE,FALSE
2017-06-08,King_Haakon,3.607414182,-0.2075779475385029,0.2075779475385029,0.5877526775549149,FALSE,FALSE
2017-06-09,King_Haakon,3.650336969,-0.1844113334623998,0.1844113334623998,0.5877526775549149,FALSE,FALSE
2017-06-10,King_Haakon,3.659767472,-0.19470315040363628,0.19470315040363628,0.5877526775549149,FALSE,FALSE
2017-06-11,King_Haakon,3.637541476,-0.2365877252353372,0.2365877252353372,0.5877526775549149,FALSE,FALSE
2017-06-12,King_Haakon,3.590599706,-0.3030944448306303,0.3030944448306303,0.5877526775549149,FALSE,FALSE
2017-06-13,King_Haakon,3.569037158,-0.3440984250626462,0.3440984250626462,0.5877526775549149,FALSE,FALSE
2017-06-14,King_Haakon,3.575198531,-0.35722519875529857,0.35722519875529857,0.5877526775549149,FALSE,FALSE
2017-06-15,King_Haakon,3.614557709,-0.33697640166081744,0.33697640166081744,0.5877526775549149,FALSE,FALSE
2017-06-16,King_Haakon,3.606137401,-0.3643120988055544,0.3643120988055544,0.5877526775549149,FALSE,FALSE
2017-06-17,King_Haakon,3.552549254,-0.4366039428004091,0.4366039428004091,0.5877526775549149,FALSE,FALSE
2017-06-18,King_Haakon,3.509039928,-0.4985885732562645,0.4985885732562645,0.5877526775549149,FALSE,FALSE
2017-06-19,King_Haakon,3.480915268,-0.5449434447840154,0.5449434447840154,0.5877526775549149,FALSE,FALSE
2017-06-20,King_Haakon,3.443570898,-0.6002562329945453,0.6002562329945453,0.5877526775549149,TRUE,FALSE
2017-06-21,King_Haakon,3.469296767,-0.5922202884987509,0.5922202884987509,0.5877526775549149,TRUE,FALSE
2017-06-22,King_Haakon,3.501857393,-0.5770543929075194,0.5770543929075194,0.5877526775549149,FALSE,FALSE
2017-06-23,King_Haakon,3.554956875,-0.541037746831742,0.541037746831742,0.5877526775549149,FALSE,FALSE
2017-06-24,King_Haakon,3.573465066,-0.5392837968823061,0.5392837968823061,0.5877526775549149,FALSE,FALSE
2017-06-25,King_Haakon,3.526376543,-0.6027812656701044,0.6027812656701044,0.5877526775549149,TRUE,TRUE
2017-06-26,King_Haakon,3.46677777,-0.6784269888060264,0.6784269888060264,0.5877526775549149,TRUE,TRUE
2017-06-27,King_Haakon,3.493304013,-0.6675733373382209,0.6675733373382209,0.5877526775549149,TRUE,TRUE
2017-06-28,King_Haakon,3.478421609,-0.6977743871824553,0.6977743871824553,0.5877526775549149,TRUE,TRUE
2017-06-29,King_Haakon,3.51854062,-0.6726554658367889,0.6726554658367889,0.5877526775549149,TRUE,TRUE
2017-06-30,King_Haakon,3.564249926,-0.641663159801531,0.641663159801531,0.5877526775549149,TRUE,TRUE
2017-07-01,King_Haakon,3.673875114,-0.54650734857699,0.54650734857699,0.5877526775549149,FALSE,FALSE
2017-07-02,King_Haakon,3.810953625,-0.4236860576634731,0.4236860576634731,0.5877526775549149,FALSE,FALSE
2017-07-03,King_Haakon,3.864444695,-0.3842755175612962,0.3842755175612962,0.5877526775549149,FALSE,FALSE
2017-07-04,King_Haakon,3.934571092,-0.328088426770766,0.328088426770766,0.5877526775549149,FALSE,FALSE
2017-07-05,King_Haakon,4.001660585,-0.27483248279219197,0.27483248279219197,0.5877526775549149,FALSE,FALSE
2017-07-06,King_Haakon,4.063955057,-0.22630126912588544,0.22630126912588544,0.5877526775549149,FALSE,FALSE
2017-07-07,King_Haakon,4.090747012,-0.21323774827215303,0.21323774827215303,0.5877526775549149,FALSE,FALSE
2017-07-08,King_Haakon,4.106720207,-0.2109936297313082,0.2109936297313082,0.5877526775549149,FALSE,FALSE
2017-07-09,King_Haakon,4.083517529,-0.24796140180017723,0.24796140180017723,0.5877526775549149,FALSE,FALSE
2017-07-10,King_Haakon,4.076394236,-0.26890344312060765,0.26890344312060765,0.5877526775549149,FALSE,FALSE
2017-07-11,King_Haakon,4.079960121,-0.27918877674129217,0.27918877674129217,0.5877526775549149,FALSE,FALSE
2017-07-12,King_Haakon,4.130408303,-0.242597962337018,0.242597962337018,0.5877526775549149,FALSE,FALSE
2017-07-13,King_Haakon,4.118915538,-0.26792792258258125,0.26792792258258125,0.5877526775549149,FALSE,FALSE
2017-07-14,King_Haakon,4.105218196,-0.29541596615276156,0.29541596615276156,0.5877526775549149,FALSE,FALSE
2017-07-15,King_Haakon,4.105014146,-0.3093379027223513,0.3093379027223513,0.5877526775549149,FALSE,FALSE
2017-07-16,King_Haakon,4.084970957,-0.3429998419661384,0.3429998419661384,0.5877526775549149,FALSE,FALSE
2017-07-17,King_Haakon,4.062381311,-0.3790827805589094,0.3790827805589094,0.5877526775549149,FALSE,FALSE
2017-07-18,King_Haakon,4.183280504,-0.2715251011754587,0.2715251011754587,0.5877526775549149,FALSE,FALSE
2017-07-19,King_Haakon,4.314777889,-0.15319112949056723,0.15319112949056723,0.5877526775549149,FALSE,FALSE
2017-07-20,King_Haakon,4.349456698,-0.13147131217902697,0.13147131217902697,0.5877526775549149,FALSE,FALSE
2017-07-21,King_Haakon,4.370387373,-0.12326888591562746,0.12326888591562746,0.5877526775549149,FALSE,FALSE
2017-07-22,King_Haakon,4.367730009,-0.1383984360844197,0.1383984360844197,0.5877526775549149,FALSE,FALSE
2017-07-23,King_Haakon,4.362772798,-0.15556027695891483,0.15556027695891483,0.5877526775549149,FALSE,FALSE
2017-07-24,King_Haakon,4.347279322,-0.18298941105213817,0.18298941105213817,0.5877526775549149,FALSE,FALSE
2017-07-25,King_Haakon,4.317637875,-0.22429635749080123,0.22429635749080123,0.5877526775549149,FALSE,FALSE
2017-07-26,King_Haakon,4.307315518,-0.2460128684016212,0.2460128684016212,0.5877526775549149,FALSE,FALSE
2017-07-27,King_Haakon,4.316215931,-0.2482340769113085,0.2482340769113085,0.5877526775549149,FALSE,FALSE
2017-07-28,King_Haakon,4.335090851,-0.24020705914657636,0.24020705914657636,0.5877526775549149,FALSE,FALSE
2017-07-29,King_Haakon,4.366589068,-0.21928183823414304,0.21928183823414304,0.5877526775549149,FALSE,FALSE
2017-07-30,King_Haakon,4.362529111,-0.23363869830071415,0.23363869830071415,0.5877526775549149,FALSE,FALSE
2017-07-31,King_Haakon,4.315754925,-0.2904325074730103,0.2904325074730103,0.5877526775549149,FALSE,FALSE
2017-08-01,King_Haakon,4.33088943,-0.28503915887774056,0.28503915887774056,0.5877526775549149,FALSE,FALSE
2017-08-02,King_Haakon,4.373460014,-0.25193007764162,0.25193007764162,0.5877526775549149,FALSE,FALSE
2017-08-03,King_Haakon,4.355974976,-0.27859577771766464,0.27859577771766464,0.5877526775549149,FALSE,FALSE
2017-08-04,King_Haakon,4.387155572,-0.25630912690105045,0.25630912690105045,0.5877526775549149,FALSE,FALSE
2017-08-05,King_Haakon,4.48361506,-0.16843407538331423,0.16843407538331423,0.5877526775549149,FALSE,FALSE
2017-08-06,King_Haakon,4.527657736,-0.13263972233210364,0.13263972233210364,0.5877526775549149,FALSE,FALSE
2017-08-07,King_Haakon,4.56755498,-0.10062808291506896,0.10062808291506896,0.5877526775549149,FALSE,FALSE
2017-08-08,King_Haakon,4.594433369,-0.08124597529985511,0.08124597529985511,0.5877526775549149,FALSE,FALSE
2017-08-09,King_Haakon,4.61905813,-0.06370156765411217,0.06370156765411217,0.5877526775549149,FALSE,FALSE
2017-08-10,King_Haakon,4.566947136,-0.12245038214549007,0.12245038214549007,0.5877526775549149,FALSE,FALSE
2017-08-11,King_Haakon,4.537126536,-0.1584396649416373,0.1584396649416373,0.5877526775549149,FALSE,FALSE
2017-08-12,King_Haakon,4.498257485,-0.20298165621020112,0.20298165621020112,0.5877526775549149,FALSE,FALSE
2017-08-13,King_Haakon,4.485451737,-0.22093799711883033,0.22093799711883033,0.5877526775549149,FALSE,FALSE
2017-08-14,King_Haakon,4.475277726,-0.23571364883517276,0.23571364883517276,0.5877526775549149,FALSE,FALSE
2017-08-15,King_Haakon,4.459808367,-0.25520909152687565,0.25520909152687565,0.5877526775549149,FALSE,FALSE
2017-08-16,King_Haakon,4.470166954,-0.24827636302595835,0.24827636302595835,0.5877526775549149,FALSE,FALSE
2017-08-17,King_Haakon,4.481095645,-0.24020619937787124,0.24020619937787124,0.5877526775549149,FALSE,FALSE
2017-08-18,King_Haakon,4.475774154,-0.24791766512111835,0.24791766512111835,0.5877526775549149,FALSE,FALSE
2017-08-19,King_Haakon,4.473984596,-0.2517310344347168,0.2517310344347168,0.5877526775549149,FALSE,FALSE
2017-08-20,King_Haakon,4.46171475,-0.2657609174976958,0.2657609174976958,0.5877526775549149,FALSE,FALSE
2017-08-21,King_Haakon,4.462133863,-0.26694045648906695,0.26694045648906695,0.5877526775549149,FALSE,FALSE
2017-08-22,King_Haakon,4.456082202,-0.27453177358786096,0.27453177358786096,0.5877526775549149,FALSE,FALSE
2017-08-23,King_Haakon,4.489705279,-0.24249174597309597,0.24249174597309597,0.5877526775549149,FALSE,FALSE
2017-08-24,King_Haakon,4.511453334,-0.2224725228237947,0.2224725228237947,0.5877526775549149,FALSE,FALSE
2017-08-25,King_Haakon,4.512084188,-0.2238186723189788,0.2238186723189788,0.5877526775549149,FALSE,FALSE
2017-08-26,King_Haakon,4.518936575,-0.2192938496376735,0.2192938496376735,0.5877526775549149,FALSE,FALSE
2017-08-27,King_Haakon,4.46768509,-0.27332584895889767,0.27332584895889767,0.5877526775549149,FALSE,FALSE
2017-08-28,King_Haakon,4.430154323,-0.31419246946167156,0.31419246946167156,0.5877526775549149,FALSE,FALSE
2017-08-29,King_Haakon,4.37151257,-0.37680644451264467,0.37680644451264467,0.5877526775549149,FALSE,FALSE
2017-08-30,King_Haakon,4.373722957,-0.37915585903221416,0.37915585903221416,0.5877526775549149,FALSE,FALSE
2017-08-31,King_Haakon,4.385886608,-0.37204202301499034,0.37204202301499034,0.5877526775549149,FALSE,FALSE
2017-09-01,King_Haakon,4.392238459,-0.3711323469657959,0.3711323469657959,0.5877526775549149,FALSE,FALSE
2017-09-02,King_Haakon,4.373445831,-0.3956618563894523,0.3956618563894523,0.5877526775549149,FALSE,FALSE
2017-09-03,King_Haakon,4.454798457,-0.3202431647907771,0.3202431647907771,0.5877526775549149,FALSE,FALSE
2017-09-04,King_Haakon,4.579232871,-0.20184208467459183,0.20184208467459183,0.5877526775549149,FALSE,FALSE
2017-09-05,King_Haakon,4.689757037,-0.09735299854571532,0.09735299854571532,0.5877526775549149,FALSE,FALSE
2017-09-06,King_Haakon,4.69749263,-0.09555657790897244,0.09555657790897244,0.5877526775549149,FALSE,FALSE
2017-09-07,King_Haakon,4.700457562,-0.09833725726917564,0.09833725726917564,0.5877526775549149,FALSE,FALSE
2017-09-08,King_Haakon,4.803376976,-8.7224013115339e-4,8.7224013115339e-4,0.5877526775549149,FALSE,FALSE
2017-09-09,King_Haakon,4.829214661,0.01989991600027441,0.01989991600027441,0.5877526775549149,FALSE,FALSE
2017-09-10,King_Haakon,4.832684545,0.01879035863106271,0.01879035863106271,0.5877526775549149,FALSE,FALSE
2017-09-11,King_Haakon,4.815849376,-0.00208214404245588,0.00208214404245588,0.5877526775549149,FALSE,FALSE
2017-09-12,King_Haakon,4.742926806,-0.0785184744269074,0.0785184744269074,0.5877526775549149,FALSE,FALSE
2017-09-13,King_Haakon,4.641940123,-0.18252172887863335,0.18252172887863335,0.5877526775549149,FALSE,FALSE
2017-09-14,King_Haakon,4.579321974,-0.24768564475397617,0.24768564475397617,0.5877526775549149,FALSE,FALSE
2017-09-15,King_Haakon,4.5500404,-0.27906856540928526,0.27906856540928526,0.5877526775549149,FALSE,FALSE
2017-09-16,King_Haakon,4.51645022,-0.31434205620090516,0.31434205620090516,0.5877526775549149,FALSE,FALSE
2017-09-17,King_Haakon,4.52638628,-0.3056976554851767,0.3056976554851767,0.5877526775549149,FALSE,FALSE
2017-09-18,King_Haakon,4.558221825,-0.27478850261845,0.27478850261845,0.5877526775549149,FALSE,FALSE
2017-09-19,King_Haakon,4.567331832,-0.2662660049570684,0.2662660049570684,0.5877526775549149,FALSE,FALSE
2017-09-20,King_Haakon,4.56537158,-0.2685012678573777,0.2685012678573777,0.5877526775549149,FALSE,FALSE
2017-09-21,King_Haakon,4.544044,-0.28981774467571864,0.28981774467571864,0.5877526775549149,FALSE,FALSE
2017-09-22,King_Haakon,4.517345352,-0.3162455597684417,0.3162455597684417,0.5877526775549149,FALSE,FALSE
2017-09-23,King_Haakon,4.499410544,-0.33367639367698754,0.33367639367698754,0.5877526775549149,FALSE,FALSE
2017-09-24,King_Haakon,4.469231693,-0.3631469039739752,0.3631469039739752,0.5877526775549149,FALSE,FALSE
2017-09-25,King_Haakon,4.451984236,-0.3795117543121487,0.3795117543121487,0.5877526775549149,FALSE,FALSE
2017-09-26,King_Haakon,4.438368068,-0.3921011689506031,0.3921011689506031,0.5877526775549149,FALSE,FALSE
2017-09-27,King_Haakon,4.431540161,-0.3977882951484508,0.3977882951484508,0.5877526775549149,FALSE,FALSE
2017-09-28,King_Haakon,4.43227379,-0.3958299771647909,0.3958299771647909,0.5877526775549149,FALSE,FALSE
2017-09-29,King_Haakon,4.40973396,-0.41709132925873327,0.41709132925873327,0.5877526775549149,FALSE,FALSE
2017-09-30,King_Haakon,4.371113265,-0.45440987668937893,0.45440987668937893,0.5877526775549149,FALSE,FALSE
2017-10-01,King_Haakon,4.303647394,-0.520580049715833,0.520580049715833,0.5877526775549149,FALSE,FALSE
2017-10-02,King_Haakon,4.280252019,-0.5427162955972014,0.5427162955972014,0.5877526775549149,FALSE,FALSE
2017-10-03,King_Haakon,4.325828896,-0.4959469775925891,0.4959469775925891,0.5877526775549149,FALSE,FALSE
2017-10-04,King_Haakon,4.421882518,-0.3987977219610981,0.3987977219610981,0.5877526775549149,FALSE,FALSE
2017-10-05,King_Haakon,4.467985744,-0.3517257706780015,0.3517257706780015,0.5877526775549149,FALSE,FALSE
2017-10-06,King_Haakon,4.539092971,-0.27978471105306557,0.27978471105306557,0.5877526775549149,FALSE,FALSE
2017-10-07,King_Haakon,4.572257131,-0.24586453813420484,0.24586453813420484,0.5877526775549149,FALSE,FALSE
2017-10-08,King_Haakon,4.612446285,-0.20492821587157373,0.20492821587157373,0.5877526775549149,FALSE,FALSE
2017-10-09,King_Haakon,4.636336161,-0.18023104121532452,0.18023104121532452,0.5877526775549149,FALSE,FALSE
2017-10-10,King_Haakon,4.633724303,-0.18190649511560508,0.18190649511560508,0.5877526775549149,FALSE,FALSE
2017-10-11,King_Haakon,4.614608801,-0.19988751252257675,0.19988751252257675,0.5877526775549149,FALSE,FALSE
2017-10-12,King_Haakon,4.620846854,-0.1922479193863884,0.1922479193863884,0.5877526775549149,FALSE,FALSE
2017-10-13,King_Haakon,4.655916843,-0.15544035965719072,0.15544035965719072,0.5877526775549149,FALSE,FALSE
2017-10-14,King_Haakon,4.627295932,-0.1819186942851383,0.1819186942851383,0.5877526775549149,FALSE,FALSE
2017-10-15,King_Haakon,4.600993424,-0.20560464522038305,0.20560464522038305,0.5877526775549149,FALSE,FALSE
2017-10-16,King_Haakon,4.562636466,-0.24080209041308095,0.24080209041308095,0.5877526775549149,FALSE,FALSE
2017-10-17,King_Haakon,4.563825775,-0.23584133781338143,0.23584133781338143,0.5877526775549149,FALSE,FALSE
2017-10-18,King_Haakon,4.540767606,-0.25444989242115934,0.25444989242115934,0.5877526775549149,FALSE,FALSE
2017-10-19,King_Haakon,4.507367327,-0.28271423788204686,0.28271423788204686,0.5877526775549149,FALSE,FALSE
2017-10-20,King_Haakon,4.472178161,-0.3121285393431821,0.3121285393431821,0.5877526775549149,FALSE,FALSE
2017-10-21,King_Haakon,4.46982845,-0.3081140666484359,0.3081140666484359,0.5877526775549149,FALSE,FALSE
2017-10-22,King_Haakon,4.492738747,-0.2782998786416737,0.2782998786416737,0.5877526775549149,FALSE,FALSE
2017-10-23,King_Haakon,4.51631932,-0.2473253191667668,0.2473253191667668,0.5877526775549149,FALSE,FALSE
2017-10-24,King_Haakon,4.512674088,-0.2431360810675809,0.2431360810675809,0.5877526775549149,FALSE,FALSE
2017-10-25,King_Haakon,4.556268441,-0.19131638618797897,0.19131638618797897,0.5877526775549149,FALSE,FALSE
2017-10-26,King_Haakon,4.538922088,-0.20009613737183415,0.20009613737183415,0.5877526775549149,FALSE,FALSE
2017-10-27,King_Haakon,4.523274039,-0.20688593646301268,0.20688593646301268,0.5877526775549149,FALSE,FALSE
2017-10-28,King_Haakon,4.474731581,-0.24632810830538343,0.24632810830538343,0.5877526775549149,FALSE,FALSE
2017-10-29,King_Haakon,4.431020231,-0.2807467477428158,0.2807467477428158,0.5877526775549149,FALSE,FALSE
2017-10-30,King_Haakon,4.39764036,-0.3046910956191704,0.3046910956191704,0.5877526775549149,FALSE,FALSE
2017-10-31,King_Haakon,4.388562021,-0.30422654970490814,0.30422654970490814,0.5877526775549149,FALSE,FALSE
2017-11-01,King_Haakon,4.415825532,-0.2672785388922003,0.2672785388922003,0.5877526775549149,FALSE,FALSE
2017-11-02,King_Haakon,4.419716134,-0.25350615875041793,0.25350615875041793,0.5877526775549149,FALSE,FALSE
2017-11-03,King_Haakon,4.414672049,-0.24841551809327012,0.24841551809327012,0.5877526775549149,FALSE,FALSE
2017-11-04,King_Haakon,4.429413389,-0.223230835734479,0.223230835734479,0.5877526775549149,FALSE,FALSE
2017-11-05,King_Haakon,4.439881494,-0.2019551024877524,0.2019551024877524,0.5877526775549149,FALSE,FALSE
2017-11-06,King_Haakon,4.394202253,-0.23640676016681095,0.23640676016681095,0.5877526775549149,FALSE,FALSE
2017-11-07,King_Haakon,4.337661621,-0.2812441845853657,0.2812441845853657,0.5877526775549149,FALSE,FALSE
2017-11-08,King_Haakon,4.295375876,-0.31129542855713144,0.31129542855713144,0.5877526775549149,FALSE,FALSE
2017-11-09,King_Haakon,4.268744675,-0.32510516589582217,0.32510516589582217,0.5877526775549149,FALSE,FALSE
2017-11-10,King_Haakon,4.228157219,-0.35222852641515434,0.35222852641515434,0.5877526775549149,FALSE,FALSE
2017-11-11,King_Haakon,4.204255294,-0.36196805492884376,0.36196805492884376,0.5877526775549149,FALSE,FALSE
2017-11-12,King_Haakon,4.185526504,-0.36578017716556754,0.36578017716556754,0.5877526775549149,FALSE,FALSE
2017-11-13,King_Haakon,4.188582877,-0.346980239130934,0.346980239130934,0.5877526775549149,FALSE,FALSE
2017-11-14,King_Haakon,4.217523067,-0.3013719238033623,0.3013719238033623,0.5877526775549149,FALSE,FALSE
2017-11-15,King_Haakon,4.21266365,-0.28853892701900463,0.28853892701900463,0.5877526775549149,FALSE,FALSE
2017-11-16,King_Haakon,4.201700052,-0.2806860946140164,0.2806860946140164,0.5877526775549149,FALSE,FALSE
2017-11-17,King_Haakon,4.210742811,-0.25160316042455566,0.25160316042455566,0.5877526775549149,FALSE,FALSE
2017-11-18,King_Haakon,4.201701337,-0.23928098628677752,0.23928098628677752,0.5877526775549149,FALSE,FALSE
2017-11-19,King_Haakon,4.214208593,-0.2039868810368386,0.2039868810368386,0.5877526775549149,FALSE,FALSE
2017-11-20,King_Haakon,4.225967037,-0.16791865851089582,0.16791865851089582,0.5877526775549149,FALSE,FALSE
2017-11-21,King_Haakon,4.238730301,-0.12922295854510235,0.12922295854510235,0.5877526775549149,FALSE,FALSE
2017-11-22,King_Haakon,4.246571279,-0.093727158975617,0.093727158975617,0.5877526775549149,FALSE,FALSE
2017-11-23,King_Haakon,4.253832222,-0.05698928063859121,0.05698928063859121,0.5877526775549149,FALSE,FALSE
2017-11-24,King_Haakon,4.262252672,-0.01717005337018751,0.01717005337018751,0.5877526775549149,FALSE,FALSE
2017-11-25,King_Haakon,4.247183622,0.0011638963481042,0.0011638963481042,0.5877526775549149,FALSE,FALSE
2017-11-26,King_Haakon,4.2549118,0.04423495355701501,0.04423495355701501,0.5877526775549149,FALSE,FALSE
2017-11-27,King_Haakon,4.267747428,0.0942152209288043,0.0942152209288043,0.5877526775549149,FALSE,FALSE
2017-11-28,King_Haakon,4.287825678,0.15310119232259112,0.15310119232259112,0.5877526775549149,FALSE,FALSE
2017-11-29,King_Haakon,4.2922186,0.19782623959749568,0.19782623959749568,0.5877526775549149,FALSE,FALSE
2017-11-30,King_Haakon,4.2716574960000004,0.21898298661263915,0.21898298661263915,0.5877526775549149,FALSE,FALSE
2017-12-01,King_Haakon,4.227558806,0.2178491952271342,0.2178491952271342,0.5877526775549149,FALSE,FALSE
2017-12-02,King_Haakon,4.138731235,0.17309489230010566,0.17309489230010566,0.5877526775549149,FALSE,FALSE
2017-12-03,King_Haakon,4.122428642,0.2018352586906715,0.2018352586906715,0.5877526775549149,FALSE,FALSE
2017-12-04,King_Haakon,4.117644656,0.24292524525794867,0.24292524525794867,0.5877526775549149,FALSE,FALSE
2017-12-05,King_Haakon,4.106814855,0.2786617518610566,0.2786617518610566,0.5877526775549149,FALSE,FALSE
2017-12-06,King_Haakon,4.08560112,0.30456798135911534,0.30456798135911534,0.5877526775549149,FALSE,FALSE
2017-12-07,King_Haakon,4.039095449,0.3055974147612823,0.3055974147612823,0.5877526775549149,FALSE,FALSE
2017-12-08,King_Haakon,3.971626091,0.2859898102050913,0.2859898102050913,0.5877526775549149,FALSE,FALSE
2017-12-09,King_Haakon,3.946648002,0.3092322774812044,0.3092322774812044,0.5877526775549149,FALSE,FALSE
2017-12-10,King_Haakon,3.847344128,0.258557738285214,0.258557738285214,0.5877526775549149,FALSE,FALSE
2017-12-11,King_Haakon,3.784856968,0.24515866731270464,0.24515866731270464,0.5877526775549149,FALSE,FALSE
2017-12-12,King_Haakon,3.71235104,0.2222495582592647,0.2222495582592647,0.5877526775549149,FALSE,FALSE
2017-12-13,King_Haakon,3.661708621,0.2217626638204826,0.2217626638204826,0.5877526775549149,FALSE,FALSE
2017-12-14,King_Haakon,3.600716257,0.21153450569194643,0.21153450569194643,0.5877526775549149,FALSE,FALSE
2017-12-15,King_Haakon,3.533237918,0.19547902956924368,0.19547902956924368,0.5877526775549149,FALSE,FALSE
2017-12-16,King_Haakon,3.468328325,0.18270093214796249,0.18270093214796249,0.5877526775549149,FALSE,FALSE
2017-12-17,King_Haakon,3.402594791,0.169857502123691,0.169857502123691,0.5877526775549149,FALSE,FALSE
2017-12-18,King_Haakon,3.340481366,0.16144276519201872,0.16144276519201872,0.5877526775549149,FALSE,FALSE
2017-12-19,King_Haakon,3.294151552,0.16967019904853098,0.16967019904853098,0.5877526775549149,FALSE,FALSE
2017-12-20,King_Haakon,3.2266976,0.1576776353539473,0.1576776353539473,0.5877526775549149,FALSE,FALSE
2017-12-21,King_Haakon,3.152046145,0.13936779579604863,0.13936779579604863,0.5877526775549149,FALSE,FALSE
2017-12-22,King_Haakon,3.08961003,0.13407413851420769,0.13407413851420769,0.5877526775549149,FALSE,FALSE
2017-12-23,King_Haakon,3.053328077,0.15565455482644497,0.15565455482644497,0.5877526775549149,FALSE,FALSE
2017-12-24,King_Haakon,3.004926132,0.16575396005078114,0.16575396005078114,0.5877526775549149,FALSE,FALSE
2017-12-25,King_Haakon,2.979670203,0.19955743150524663,0.19955743150524663,0.5877526775549149,FALSE,FALSE
2017-12-26,King_Haakon,2.956374925,0.2357986735078632,0.2357986735078632,0.5877526775549149,FALSE,FALSE
2017-12-27,King_Haakon,2.893778025,0.23313448237665213,0.23313448237665213,0.5877526775549149,FALSE,FALSE
2017-12-28,King_Haakon,2.834518605,0.2341230294296346,0.2341230294296346,0.5877526775549149,FALSE,FALSE
2017-12-29,King_Haakon,2.7740208,0.23410751898484383,0.23410751898484383,0.5877526775549149,FALSE,FALSE
2017-12-30,King_Haakon,2.714003861,0.234726271360294,0.234726271360294,0.5877526775549149,FALSE,FALSE
2017-12-31,King_Haakon,2.639999523,0.22143009087401655,0.22143009087401655,0.5877526775549149,FALSE,FALSE
2018-01-01,King_Haakon,2.543070664,0.18520092484402673,0.18520092484402673,0.5877526775549149,FALSE,FALSE
2018-01-02,King_Haakon,2.452363211,0.15510077161808455,0.15510077161808455,0.5877526775549149,FALSE,FALSE
2018-01-03,King_Haakon,2.387086631,0.15024317766284412,0.15024317766284412,0.5877526775549149,FALSE,FALSE
2018-01-04,King_Haakon,2.269416269,0.0927045694746993,0.0927045694746993,0.5877526775549149,FALSE,FALSE
2018-01-05,King_Haakon,2.173252811,0.05628671455003387,0.05628671455003387,0.5877526775549149,FALSE,FALSE
2018-01-06,King_Haakon,2.057920984,2.1542138524521803e-4,2.1542138524521803e-4,0.5877526775549149,FALSE,FALSE
2018-01-07,King_Haakon,1.925494277,-0.07353473952328393,0.07353473952328393,0.5877526775549149,FALSE,FALSE
2018-01-08,King_Haakon,1.814021094,-0.1270142826791667,0.1270142826791667,0.5877526775549149,FALSE,FALSE
2018-01-09,King_Haakon,1.710250905,-0.1735726565860074,0.1735726565860074,0.5877526775549149,FALSE,FALSE
2018-01-10,King_Haakon,1.62755601,-0.19993647974742323,0.19993647974742323,0.5877526775549149,FALSE,FALSE
2018-01-11,King_Haakon,1.57521892,-0.1969221596670223,0.1969221596670223,0.5877526775549149,FALSE,FALSE
2018-01-12,King_Haakon,1.49301714,-0.22485110984841497,0.22485110984841497,0.5877526775549149,FALSE,FALSE
2018-01-13,King_Haakon,1.369436884,-0.295336034795215,0.295336034795215,0.5877526775549149,FALSE,FALSE
2018-01-14,King_Haakon,1.302991082,-0.30996215290210194,0.30996215290210194,0.5877526775549149,FALSE,FALSE
2018-01-15,King_Haakon,1.237610066,-0.3248696453295836,0.3248696453295836,0.5877526775549149,FALSE,FALSE
2018-01-16,King_Haakon,1.170473162,-0.34291507820684486,0.34291507820684486,0.5877526775549149,FALSE,FALSE
2018-01-17,King_Haakon,1.096971101,-0.3687414231114614,0.3687414231114614,0.5877526775549149,FALSE,FALSE
2018-01-18,King_Haakon,1.036000779,-0.38348548662101134,0.38348548662101134,0.5877526775549149,FALSE,FALSE
2018-01-19,King_Haakon,0.957006254,-0.41773691331307394,0.41773691331307394,0.5877526775549149,FALSE,FALSE
2018-01-20,King_Haakon,0.898418205,-0.4330987267652253,0.4330987267652253,0.5877526775549149,FALSE,FALSE
2018-01-21,King_Haakon,0.815314074,-0.4745271875550441,0.4745271875550441,0.5877526775549149,FALSE,FALSE
2018-01-22,King_Haakon,0.755012827,-0.4947370322601072,0.4947370322601072,0.5877526775549149,FALSE,FALSE
2018-01-23,King_Haakon,0.667881405,-0.5433950224579928,0.5433950224579928,0.5877526775549149,FALSE,FALSE
2018-01-24,King_Haakon,0.637025016,-0.5374296527262804,0.5374296527262804,0.5877526775549149,FALSE,FALSE
2018-01-25,King_Haakon,0.602377592,-0.5369406936425462,0.5369406936425462,0.5877526775549149,FALSE,FALSE
2018-01-26,King_Haakon,0.555040823,-0.5508601577843669,0.5508601577843669,0.5877526775549149,FALSE,FALSE
2018-01-27,King_Haakon,0.548114012,-0.5261136456497831,0.5261136456497831,0.5877526775549149,FALSE,FALSE
2018-01-28,King_Haakon,0.54506385,-0.4991998047294235,0.4991998047294235,0.5877526775549149,FALSE,FALSE
2018-01-29,King_Haakon,0.509712855,-0.5062367564772828,0.5062367564772828,0.5877526775549149,FALSE,FALSE
2018-01-30,King_Haakon,0.484989774,-0.5042363137839192,0.5042363137839192,0.5877526775549149,FALSE,FALSE
2018-01-31,King_Haakon,0.484263741,-0.47976990253989193,0.47976990253989193,0.5877526775549149,FALSE,FALSE
2018-02-01,King_Haakon,0.479899531,-0.46041330763575766,0.46041330763575766,0.5877526775549149,FALSE,FALSE
2018-02-02,King_Haakon,0.424595969,-0.49340826396207565,0.49340826396207565,0.5877526775549149,FALSE,FALSE
2018-02-03,King_Haakon,0.428324804,-0.4687235824094037,0.4687235824094037,0.5877526775549149,FALSE,FALSE
2018-02-04,King_Haakon,0.399783218,-0.4776026408683001,0.4776026408683001,0.5877526775549149,FALSE,FALSE
2018-02-05,King_Haakon,0.368751917,-0.4902052932293238,0.4902052932293238,0.5877526775549149,FALSE,FALSE
2018-02-06,King_Haakon,0.355368311,-0.4863346893830306,0.4863346893830306,0.5877526775549149,FALSE,FALSE
2018-02-07,King_Haakon,0.347011908,-0.4785518812199813,0.4785518812199813,0.5877526775549149,FALSE,FALSE
2018-02-08,King_Haakon,0.375324616,-0.4351559120455258,0.4351559120455258,0.5877526775549149,FALSE,FALSE
2018-02-09,King_Haakon,0.361583066,-0.4348627780468165,0.4348627780468165,0.5877526775549149,FALSE,FALSE
2018-02-10,King_Haakon,0.359010439,-0.4245446963287543,0.4245446963287543,0.5877526775549149,FALSE,FALSE
2018-02-11,King_Haakon,0.332996222,-0.438919728972065,0.438919728972065,0.5877526775549149,FALSE,FALSE
2018-02-12,King_Haakon,0.317070822,-0.44456501805748,0.44456501805748,0.5877526775549149,FALSE,FALSE
2018-02-13,King_Haakon,0.319702988,-0.4331193636657282,0.4331193636657282,0.5877526775549149,FALSE,FALSE
2018-02-14,King_Haakon,0.344872122,-0.4007109128775355,0.4007109128775355,0.5877526775549149,FALSE,FALSE
2018-02-15,King_Haakon,0.360544399,-0.3794810397736328,0.3794810397736328,0.5877526775549149,FALSE,FALSE
2018-02-16,King_Haakon,0.359437767,-0.3768193454347473,0.3768193454347473,0.5877526775549149,FALSE,FALSE
2018-02-17,King_Haakon,0.327279101,-0.40710650394160885,0.40710650394160885,0.5877526775549149,FALSE,FALSE
2018-02-18,King_Haakon,0.312717818,-0.4218006473749457,0.4218006473749457,0.5877526775549149,FALSE,FALSE
2018-02-19,King_Haakon,0.315821849,-0.4209413938154856,0.4209413938154856,0.5877526775549149,FALSE,FALSE
2018-02-20,King_Haakon,0.299341117,-0.4418863693439584,0.4418863693439584,0.5877526775549149,FALSE,FALSE
2018-02-21,King_Haakon,0.318692519,-0.4293157981558226,0.4293157981558226,0.5877526775549149,FALSE,FALSE
2018-02-22,King_Haakon,0.314269676,-0.4428067565906826,0.4428067565906826,0.5877526775549149,FALSE,FALSE
2018-02-23,King_Haakon,0.309018418,-0.4593000093222797,0.4593000093222797,0.5877526775549149,FALSE,FALSE
2018-02-24,King_Haakon,0.337121031,-0.4444983447028391,0.4444983447028391,0.5877526775549149,FALSE,FALSE
2018-02-25,King_Haakon,0.342897457,-0.4539668950845895,0.4539668950845895,0.5877526775549149,FALSE,FALSE
2018-02-26,King_Haakon,0.333054547,-0.4808838838197577,0.4808838838197577,0.5877526775549149,FALSE,FALSE
2018-02-27,King_Haakon,0.312847927,-0.5198787592605709,0.5198787592605709,0.5877526775549149,FALSE,FALSE
2018-02-28,King_Haakon,0.337010983,-0.516103209759257,0.516103209759257,0.5877526775549149,FALSE,FALSE
2018-03-01,King_Haakon,0.326810869,-0.548175155668042,0.548175155668042,0.5877526775549149,FALSE,FALSE
2018-03-02,King_Haakon,0.33197536,-0.5662518963391545,0.5662518963391545,0.5877526775549149,FALSE,FALSE
2018-03-03,King_Haakon,0.373720561,-0.54900240112482,0.54900240112482,0.5877526775549149,FALSE,FALSE
2018-03-04,King_Haakon,0.39055402,-0.5578041963772669,0.5578041963772669,0.5877526775549149,FALSE,FALSE
2018-03-05,King_Haakon,0.391302095,-0.5837160024311633,0.5837160024311633,0.5877526775549149,FALSE,FALSE
2018-03-06,King_Haakon,0.420865014,-0.5817374838022481,0.5817374838022481,0.5877526775549149,FALSE,FALSE
2018-03-07,King_Haakon,0.438804657,-0.5922548823526492,0.5922548823526492,0.5877526775549149,TRUE,FALSE
2018-03-08,King_Haakon,0.49531392,-0.5650332222416787,0.5650332222416787,0.5877526775549149,FALSE,FALSE
2018-03-09,King_Haakon,0.548124787,-0.5422984396286544,0.5422984396286544,0.5877526775549149,FALSE,FALSE
2018-03-10,King_Haakon,0.635039072,-0.4862066406728912,0.4862066406728912,0.5877526775549149,FALSE,FALSE
2018-03-11,King_Haakon,0.697316857,-0.4554556635337021,0.4554556635337021,0.5877526775549149,FALSE,FALSE
2018-03-12,King_Haakon,0.768590666,-0.4163709043704026,0.4163709043704026,0.5877526775549149,FALSE,FALSE
2018-03-13,King_Haakon,0.786968308,-0.4308024743423081,0.4308024743423081,0.5877526775549149,FALSE,FALSE
2018-03-14,King_Haakon,0.810616509,-0.4405415676087342,0.4405415676087342,0.5877526775549149,FALSE,FALSE
2018-03-15,King_Haakon,0.81685677,-0.46822460332899496,0.46822460332899496,0.5877526775549149,FALSE,FALSE
2018-03-16,King_Haakon,0.864909152,-0.4545894406624066,0.4545894406624066,0.5877526775549149,FALSE,FALSE
2018-03-17,King_Haakon,0.899381697,-0.4549859577682821,0.4549859577682821,0.5877526775549149,FALSE,FALSE
2018-03-18,King_Haakon,0.883991479,-0.5056548488928322,0.5056548488928322,0.5877526775549149,FALSE,FALSE
2018-03-19,King_Haakon,0.867357555,-0.5579310312746154,0.5579310312746154,0.5877526775549149,FALSE,FALSE
2018-03-20,King_Haakon,0.941902336,-0.5193420995884047,0.5193420995884047,0.5877526775549149,FALSE,FALSE
2018-03-21,King_Haakon,1.018275252,-0.47918844266250105,0.47918844266250105,0.5877526775549149,FALSE,FALSE
2018-03-22,King_Haakon,1.152679283,-0.3812168993252021,0.3812168993252021,0.5877526775549149,FALSE,FALSE
2018-03-23,King_Haakon,1.263582549,-0.30690916840480575,0.30690916840480575,0.5877526775549149,FALSE,FALSE
2018-03-24,King_Haakon,1.337127194,-0.27007292472961364,0.27007292472961364,0.5877526775549149,FALSE,FALSE
2018-03-25,King_Haakon,1.40205186,-0.2419193451279209,0.2419193451279209,0.5877526775549149,FALSE,FALSE
2018-03-26,King_Haakon,1.471131818,-0.20962297742803135,0.20962297742803135,0.5877526775549149,FALSE,FALSE
2018-03-27,King_Haakon,1.525804791,-0.19169591745824063,0.19169591745824063,0.5877526775549149,FALSE,FALSE
2018-03-28,King_Haakon,1.605052222,-0.14910654104685017,0.14910654104685017,0.5877526775549149,FALSE,FALSE
2018-03-29,King_Haakon,1.671785746,-0.11889303202215572,0.11889303202215572,0.5877526775549149,FALSE,FALSE
2018-03-30,King_Haakon,1.752809589,-0.07420098321245838,0.07420098321245838,0.5877526775549149,FALSE,FALSE
2018-03-31,King_Haakon,1.785381438,-0.07773110760120683,0.07773110760120683,0.5877526775549149,FALSE,FALSE
2018-04-01,King_Haakon,1.824894681,-0.07409532205102054,0.07409532205102054,0.5877526775549149,FALSE,FALSE
2018-04-02,King_Haakon,1.844234747,-0.09042944806215836,0.09042944806215836,0.5877526775549149,FALSE,FALSE
2018-04-03,King_Haakon,1.84878709,-0.12136929531713148,0.12136929531713148,0.5877526775549149,FALSE,FALSE
2018-04-04,King_Haakon,1.826012378,-0.1794754594984458,0.1794754594984458,0.5877526775549149,FALSE,FALSE
2018-04-05,King_Haakon,1.836101785,-0.20457803028861063,0.20457803028861063,0.5877526775549149,FALSE,FALSE
2018-04-06,King_Haakon,1.846798738,-0.2289548443701377,0.2289548443701377,0.5877526775549149,FALSE,FALSE
2018-04-07,King_Haakon,1.887740886,-0.22298951642553,0.22298951642553,0.5877526775549149,FALSE,FALSE
2018-04-08,King_Haakon,1.92989721,-0.21573432913729904,0.21573432913729904,0.5877526775549149,FALSE,FALSE
2018-04-09,King_Haakon,1.997137591,-0.18334066518795167,0.18334066518795167,0.5877526775549149,FALSE,FALSE
2018-04-10,King_Haakon,2.036002713,-0.1792891042600009,0.1792891042600009,0.5877526775549149,FALSE,FALSE
2018-04-11,King_Haakon,2.067557171,-0.1825363150359496,0.1825363150359496,0.5877526775549149,FALSE,FALSE
2018-04-12,King_Haakon,2.11597111,-0.168933251152096,0.168933251152096,0.5877526775549149,FALSE,FALSE
2018-04-13,King_Haakon,2.144662193,-0.17507158536259526,0.17507158536259526,0.5877526775549149,FALSE,FALSE
2018-04-14,King_Haakon,2.195985165,-0.15858651741590934,0.15858651741590934,0.5877526775549149,FALSE,FALSE
2018-04-15,King_Haakon,2.284251977,-0.10515422985376156,0.10515422985376156,0.5877526775549149,FALSE,FALSE
2018-04-16,King_Haakon,2.367381478,-0.05684400721787641,0.05684400721787641,0.5877526775549149,FALSE,FALSE
2018-04-17,King_Haakon,2.434100084,-0.0249175670499806,0.0249175670499806,0.5877526775549149,FALSE,FALSE
2018-04-18,King_Haakon,2.455480218,-0.03829061989179649,0.03829061989179649,0.5877526775549149,FALSE,FALSE
2018-04-19,King_Haakon,2.457522109,-0.07095107028504799,0.07095107028504799,0.5877526775549149,FALSE,FALSE
2018-04-20,King_Haakon,2.478650465,-0.08446234377146222,0.08446234377146222,0.5877526775549149,FALSE,FALSE
2018-04-21,King_Haakon,2.491052595,-0.10662526489276392,0.10662526489276392,0.5877526775549149,FALSE,FALSE
2018-04-22,King_Haakon,2.507708043,-0.12444842319067684,0.12444842319067684,0.5877526775549149,FALSE,FALSE
2018-04-23,King_Haakon,2.521771757,-0.14476500420692684,0.14476500420692684,0.5877526775549149,FALSE,FALSE
2018-04-24,King_Haakon,2.542448769,-0.15835810948323603,0.15835810948323603,0.5877526775549149,FALSE,FALSE
2018-04-25,King_Haakon,2.532977754,-0.2019752688331229,0.2019752688331229,0.5877526775549149,FALSE,FALSE
2018-04-26,King_Haakon,2.515474184,-0.25346889704633613,0.25346889704633613,0.5877526775549149,FALSE,FALSE
2018-04-27,King_Haakon,2.570843884,-0.23189093326555277,0.23189093326555277,0.5877526775549149,FALSE,FALSE
2018-04-28,King_Haakon,2.617841585,-0.2184443040025452,0.2184443040025452,0.5877526775549149,FALSE,FALSE
2018-04-29,King_Haakon,2.65511965,-0.2144343037690799,0.2144343037690799,0.5877526775549149,FALSE,FALSE
2018-04-30,King_Haakon,2.679341573,-0.2231550960769355,0.2231550960769355,0.5877526775549149,FALSE,FALSE
2018-05-01,King_Haakon,2.702748187,-0.23232350543787428,0.23232350543787428,0.5877526775549149,FALSE,FALSE
2018-05-02,King_Haakon,2.738375492,-0.22886118936367383,0.22886118936367383,0.5877526775549149,FALSE,FALSE
2018-05-03,King_Haakon,2.787475639,-0.21147365436610063,0.21147365436610063,0.5877526775549149,FALSE,FALSE
2018-05-04,King_Haakon,2.857830894,-0.17233629195692757,0.17233629195692757,0.5877526775549149,FALSE,FALSE
2018-05-05,King_Haakon,2.931746213,-0.12910180364792456,0.12910180364792456,0.5877526775549149,FALSE,FALSE
2018-05-06,King_Haakon,2.964233523,-0.12671591995086473,0.12671591995086473,0.5877526775549149,FALSE,FALSE
2018-05-07,King_Haakon,2.96659613,-0.1538330135519299,0.1538330135519299,0.5877526775549149,FALSE,FALSE
2018-05-08,King_Haakon,2.982397496,-0.16685910620440536,0.16685910620440536,0.5877526775549149,FALSE,FALSE
2018-05-09,King_Haakon,3.016536454,-0.1608962675229284,0.1608962675229284,0.5877526775549149,FALSE,FALSE
2018-05-10,King_Haakon,3.038320315,-0.16664325865699547,0.16664325865699547,0.5877526775549149,FALSE,FALSE
2018-05-11,King_Haakon,3.08961017,-0.1422450607561072,0.1422450607561072,0.5877526775549149,FALSE,FALSE
2018-05-12,King_Haakon,3.183176308,-0.0749374569697574,0.0749374569697574,0.5877526775549149,FALSE,FALSE
2018-05-13,King_Haakon,3.242415881,-0.04132936744744686,0.04132936744744686,0.5877526775549149,FALSE,FALSE
2018-05-14,King_Haakon,3.267901813,-0.04085394033867384,0.04085394033867384,0.5877526775549149,FALSE,FALSE
2018-05-15,King_Haakon,3.27754855,-0.05560280179293331,0.05560280179293331,0.5877526775549149,FALSE,FALSE
2018-05-16,King_Haakon,3.318568376,-0.03836973995972803,0.03836973995972803,0.5877526775549149,FALSE,FALSE
2018-05-17,King_Haakon,3.328494871,-0.05162724698854992,0.05162724698854992,0.5877526775549149,FALSE,FALSE
2018-05-18,King_Haakon,3.370159184,-0.03255024602890311,0.03255024602890311,0.5877526775549149,FALSE,FALSE
2018-05-19,King_Haakon,3.414080689,-0.01062543523028125,0.01062543523028125,0.5877526775549149,FALSE,FALSE
2018-05-20,King_Haakon,3.411426722,-0.03469312888224207,0.03469312888224207,0.5877526775549149,FALSE,FALSE
2018-05-21,King_Haakon,3.416769504,-0.05021755309217868,0.05021755309217868,0.5877526775549149,FALSE,FALSE
2018-05-22,King_Haakon,3.439041512,-0.04832783728039258,0.04832783728039258,0.5877526775549149,FALSE,FALSE
2018-05-23,King_Haakon,3.428346755,-0.07898242534513322,0.07898242534513322,0.5877526775549149,FALSE,FALSE
2018-05-24,King_Haakon,3.39703924,-0.12988976318465317,0.12988976318465317,0.5877526775549149,FALSE,FALSE
2018-05-25,King_Haakon,3.37877713,-0.16745414069720166,0.16745414069720166,0.5877526775549149,FALSE,FALSE
2018-05-26,King_Haakon,3.372970131,-0.19232830478103224,0.19232830478103224,0.5877526775549149,FALSE,FALSE
2018-05-27,King_Haakon,3.416500821,-0.167692130334395,0.167692130334395,0.5877526775549149,FALSE,FALSE
2018-05-28,King_Haakon,3.453682254,-0.1492950162555431,0.1492950162555431,0.5877526775549149,FALSE,FALSE
2018-05-29,King_Haakon,3.506561117,-0.11515272844272628,0.11515272844272628,0.5877526775549149,FALSE,FALSE
2018-05-30,King_Haakon,3.566555031,-0.0739100987941943,0.0739100987941943,0.5877526775549149,FALSE,FALSE
2018-05-31,King_Haakon,3.652259407,-0.00703416920820565,0.00703416920820565,0.5877526775549149,FALSE,FALSE
2018-06-01,King_Haakon,3.737332926,0.05907128841699638,0.05907128841699638,0.5877526775549149,FALSE,FALSE
2018-06-02,King_Haakon,3.789445199,0.09202728453588004,0.09202728453588004,0.5877526775549149,FALSE,FALSE
2018-06-03,King_Haakon,3.809950878,0.09320132338034703,0.09320132338034703,0.5877526775549149,FALSE,FALSE
2018-06-04,King_Haakon,3.809273379,0.07304670844623873,0.07304670844623873,0.5877526775549149,FALSE,FALSE
2018-06-05,King_Haakon,3.815316097,0.05949672286042418,0.05949672286042418,0.5877526775549149,FALSE,FALSE
2018-06-06,King_Haakon,3.829615863,0.05411808574977872,0.05411808574977872,0.5877526775549149,FALSE,FALSE
2018-06-07,King_Haakon,3.841985818,0.04675382624118196,0.04675382624118196,0.5877526775549149,FALSE,FALSE
2018-06-08,King_Haakon,3.892448843,0.07745671346149718,0.07745671346149718,0.5877526775549149,FALSE,FALSE
2018-06-09,King_Haakon,3.935741489,0.10099318653760037,0.10099318653760037,0.5877526775549149,FALSE,FALSE
2018-06-10,King_Haakon,3.995431676,0.14096105359636368,0.14096105359636368,0.5877526775549149,FALSE,FALSE
2018-06-11,King_Haakon,4.036678994,0.16254979276466264,0.16254979276466264,0.5877526775549149,FALSE,FALSE
2018-06-12,King_Haakon,4.058968292,0.16527414116937011,0.16527414116937011,0.5877526775549149,FALSE,FALSE
2018-06-13,King_Haakon,4.09683452,0.1836989369373536,0.1836989369373536,0.5877526775549149,FALSE,FALSE
2018-06-14,King_Haakon,4.157799321,0.2253755912447013,0.2253755912447013,0.5877526775549149,FALSE,FALSE
2018-06-15,King_Haakon,4.194181399,0.24264728833918217,0.24264728833918217,0.5877526775549149,FALSE,FALSE
2018-06-16,King_Haakon,4.241149431,0.270699931194446,0.270699931194446,0.5877526775549149,FALSE,FALSE
2018-06-17,King_Haakon,4.268070622,0.2789174251995905,0.2789174251995905,0.5877526775549149,FALSE,FALSE
2018-06-18,King_Haakon,4.260647998,0.25301949674373514,0.25301949674373514,0.5877526775549149,FALSE,FALSE
2018-06-19,King_Haakon,4.28621105,0.26035233721598505,0.26035233721598505,0.5877526775549149,FALSE,FALSE
2018-06-20,King_Haakon,4.302308152,0.2584810210054549,0.2584810210054549,0.5877526775549149,FALSE,FALSE
2018-06-21,King_Haakon,4.315124042,0.25360698650124913,0.25360698650124913,0.5877526775549149,FALSE,FALSE
2018-06-22,King_Haakon,4.297651015,0.2187392290924803,0.2187392290924803,0.5877526775549149,FALSE,FALSE
2018-06-23,King_Haakon,4.3522272,0.25623257816825795,0.25623257816825795,0.5877526775549149,FALSE,FALSE
2018-06-24,King_Haakon,4.396578972,0.28383010911769446,0.28383010911769446,0.5877526775549149,FALSE,FALSE
2018-06-25,King_Haakon,4.431394608,0.30223679932989533,0.30223679932989533,0.5877526775549149,FALSE,FALSE
2018-06-26,King_Haakon,4.465510715,0.3203059561939732,0.3203059561939732,0.5877526775549149,FALSE,FALSE
2018-06-27,King_Haakon,4.456690376,0.29581302566177925,0.29581302566177925,0.5877526775549149,FALSE,FALSE
2018-06-28,King_Haakon,4.437980896,0.2617848998175445,0.2617848998175445,0.5877526775549149,FALSE,FALSE
2018-06-29,King_Haakon,4.404891403,0.21369531716321075,0.21369531716321075,0.5877526775549149,FALSE,FALSE
2018-06-30,King_Haakon,4.400628196,0.19471511019846943,0.19471511019846943,0.5877526775549149,FALSE,FALSE
2018-07-01,King_Haakon,4.39201755,0.17163508742301037,0.17163508742301037,0.5877526775549149,FALSE,FALSE
2018-07-02,King_Haakon,4.400719231,0.16607954833652716,0.16607954833652716,0.5877526775549149,FALSE,FALSE
2018-07-03,King_Haakon,4.389965569,0.14124535643870395,0.14124535643870395,0.5877526775549149,FALSE,FALSE
2018-07-04,King_Haakon,4.39119887,0.1285393512292341,0.1285393512292341,0.5877526775549149,FALSE,FALSE
2018-07-05,King_Haakon,4.38828695,0.1117938822078086,0.1117938822078086,0.5877526775549149,FALSE,FALSE
2018-07-06,King_Haakon,4.390032409,0.0997760828741141,0.0997760828741141,0.5877526775549149,FALSE,FALSE
2018-07-07,King_Haakon,4.417329245,0.11334448472784776,0.11334448472784776,0.5877526775549149,FALSE,FALSE
2018-07-08,King_Haakon,4.418062895,0.10034905826869168,0.10034905826869168,0.5877526775549149,FALSE,FALSE
2018-07-09,King_Haakon,4.421110703,0.08963177219982299,0.08963177219982299,0.5877526775549149,FALSE,FALSE
2018-07-10,King_Haakon,4.418338964,0.07304128487939288,0.07304128487939288,0.5877526775549149,FALSE,FALSE
2018-07-11,King_Haakon,4.386041174,0.0268922762587076,0.0268922762587076,0.5877526775549149,FALSE,FALSE
2018-07-12,King_Haakon,4.399977306,0.02697104066298195,0.02697104066298195,0.5877526775549149,FALSE,FALSE
2018-07-13,King_Haakon,4.404178241,0.01733478041741865,0.01733478041741865,0.5877526775549149,FALSE,FALSE
2018-07-14,King_Haakon,4.418606328,0.01797216584723848,0.01797216584723848,0.5877526775549149,FALSE,FALSE
2018-07-15,King_Haakon,4.454765008,0.04041295927764832,0.04041295927764832,0.5877526775549149,FALSE,FALSE
2018-07-16,King_Haakon,4.492276021,0.06430522203386158,0.06430522203386158,0.5877526775549149,FALSE,FALSE
2018-07-17,King_Haakon,4.53421383,0.09274973844109002,0.09274973844109002,0.5877526775549149,FALSE,FALSE
2018-07-18,King_Haakon,4.570909367,0.11610376182454107,0.11610376182454107,0.5877526775549149,FALSE,FALSE
2018-07-19,King_Haakon,4.600292306,0.13232328750943267,0.13232328750943267,0.5877526775549149,FALSE,FALSE
2018-07-20,King_Haakon,4.585677857,0.10474984682097332,0.10474984682097332,0.5877526775549149,FALSE,FALSE
2018-07-21,King_Haakon,4.587633567,0.09397730808437288,0.09397730808437288,0.5877526775549149,FALSE,FALSE
2018-07-22,King_Haakon,4.62995067,0.12382222491558093,0.12382222491558093,0.5877526775549149,FALSE,FALSE
2018-07-23,King_Haakon,4.693064722,0.17473164704108513,0.17473164704108513,0.5877526775549149,FALSE,FALSE
2018-07-24,King_Haakon,4.76865806,0.2383893269478614,0.2383893269478614,0.5877526775549149,FALSE,FALSE
2018-07-25,King_Haakon,4.835633311,0.2936990785091984,0.2936990785091984,0.5877526775549149,FALSE,FALSE
2018-07-26,King_Haakon,4.884047232,0.33071884559837894,0.33071884559837894,0.5877526775549149,FALSE,FALSE
2018-07-27,King_Haakon,4.894368945,0.32991893708869124,0.32991893708869124,0.5877526775549149,FALSE,FALSE
2018-07-28,King_Haakon,4.886887978,0.31159006785342314,0.31159006785342314,0.5877526775549149,FALSE,FALSE
2018-07-29,King_Haakon,4.895342299,0.30947139276585744,0.30947139276585744,0.5877526775549149,FALSE,FALSE
2018-07-30,King_Haakon,4.898184728,0.3020169186992865,0.3020169186992865,0.5877526775549149,FALSE,FALSE
2018-07-31,King_Haakon,4.895584259,0.28939682652698906,0.28939682652698906,0.5877526775549149,FALSE,FALSE
2018-08-01,King_Haakon,4.88641832,0.27048973112225916,0.27048973112225916,0.5877526775549149,FALSE,FALSE
2018-08-02,King_Haakon,4.887544536,0.2621544443583801,0.2621544443583801,0.5877526775549149,FALSE,FALSE
2018-08-03,King_Haakon,4.867562726,0.2329919722823357,0.2329919722823357,0.5877526775549149,FALSE,FALSE
2018-08-04,King_Haakon,4.831104934,0.18764023509894923,0.18764023509894923,0.5877526775549149,FALSE,FALSE
2018-08-05,King_Haakon,4.85686555,0.204816414616686,0.204816414616686,0.5877526775549149,FALSE,FALSE
2018-08-06,King_Haakon,4.873622911,0.21332545266789624,0.21332545266789624,0.5877526775549149,FALSE,FALSE
2018-08-07,King_Haakon,4.898564117,0.2303810540849316,0.2303810540849316,0.5877526775549149,FALSE,FALSE
2018-08-08,King_Haakon,4.896190718,0.22051137370014473,0.22051137370014473,0.5877526775549149,FALSE,FALSE
2018-08-09,King_Haakon,4.876470339,0.19371064134588775,0.19371064134588775,0.5877526775549149,FALSE,FALSE
2018-08-10,King_Haakon,4.880333402,0.1909358838545101,0.1909358838545101,0.5877526775549149,FALSE,FALSE
2018-08-11,King_Haakon,4.903008322,0.2074421210583628,0.2074421210583628,0.5877526775549149,FALSE,FALSE
2018-08-12,King_Haakon,4.877748393,0.17650925178979904,0.17650925178979904,0.5877526775549149,FALSE,FALSE
2018-08-13,King_Haakon,4.89027535,0.18388561588116925,0.18388561588116925,0.5877526775549149,FALSE,FALSE
2018-08-14,King_Haakon,4.88874652,0.17775514516482716,0.17775514516482716,0.5877526775549149,FALSE,FALSE
2018-08-15,King_Haakon,4.887824672,0.17280721347312422,0.17280721347312422,0.5877526775549149,FALSE,FALSE
2018-08-16,King_Haakon,4.869048756,0.15060543897404166,0.15060543897404166,0.5877526775549149,FALSE,FALSE
2018-08-17,King_Haakon,4.873645802,0.15234395762212927,0.15234395762212927,0.5877526775549149,FALSE,FALSE
2018-08-18,King_Haakon,4.878122306,0.15443048687888172,0.15443048687888172,0.5877526775549149,FALSE,FALSE
2018-08-19,King_Haakon,4.856445323,0.130729692565283,0.130729692565283,0.5877526775549149,FALSE,FALSE
2018-08-20,King_Haakon,4.855107089,0.12763142150230422,0.12763142150230422,0.5877526775549149,FALSE,FALSE
2018-08-21,King_Haakon,4.851830283,0.122755963510933,0.122755963510933,0.5877526775549149,FALSE,FALSE
2018-08-22,King_Haakon,4.827552247,0.09693827141213872,0.09693827141213872,0.5877526775549149,FALSE,FALSE
2018-08-23,King_Haakon,4.861958685,0.12976166002690448,0.12976166002690448,0.5877526775549149,FALSE,FALSE
2018-08-24,King_Haakon,4.870148282,0.13622242517620542,0.13622242517620542,0.5877526775549149,FALSE,FALSE
2018-08-25,King_Haakon,4.871070432,0.13516757168102078,0.13516757168102078,0.5877526775549149,FALSE,FALSE
2018-08-26,King_Haakon,4.876924674,0.13869424936232644,0.13869424936232644,0.5877526775549149,FALSE,FALSE
2018-08-27,King_Haakon,4.862842657,0.12183171804110238,0.12183171804110238,0.5877526775549149,FALSE,FALSE
2018-08-28,King_Haakon,4.831879922,0.08753312953832815,0.08753312953832815,0.5877526775549149,FALSE,FALSE
2018-08-29,King_Haakon,4.892646344,0.14432732948735527,0.14432732948735527,0.5877526775549149,FALSE,FALSE
2018-08-30,King_Haakon,4.894154667,0.1412758509677854,0.1412758509677854,0.5877526775549149,FALSE,FALSE
2018-08-31,King_Haakon,4.877463631,0.11953499998501016,0.11953499998501016,0.5877526775549149,FALSE,FALSE
2018-09-01,King_Haakon,4.841520653,0.07814984703420436,0.07814984703420436,0.5877526775549149,FALSE,FALSE
2018-09-02,King_Haakon,4.800830835,0.03172314761054817,0.03172314761054817,0.5877526775549149,FALSE,FALSE
2018-09-03,King_Haakon,4.783752031,0.00871040920922272,0.00871040920922272,0.5877526775549149,FALSE,FALSE
2018-09-04,King_Haakon,4.774579979,-0.00649497667459186,0.00649497667459186,0.5877526775549149,FALSE,FALSE
2018-09-05,King_Haakon,4.817834935,0.03072489945428458,0.03072489945428458,0.5877526775549149,FALSE,FALSE
2018-09-06,King_Haakon,4.853647779,0.06059857109102751,0.06059857109102751,0.5877526775549149,FALSE,FALSE
2018-09-07,King_Haakon,4.901689702,0.1028948827308236,0.1028948827308236,0.5877526775549149,FALSE,FALSE
2018-09-08,King_Haakon,4.908732452,0.10448323586884634,0.10448323586884634,0.5877526775549149,FALSE,FALSE
2018-09-09,King_Haakon,4.913399466,0.10408472100027488,0.10408472100027488,0.5877526775549149,FALSE,FALSE
2018-09-10,King_Haakon,4.9450479,0.1311537136310621,0.1311537136310621,0.5877526775549149,FALSE,FALSE
2018-09-11,King_Haakon,4.992050423,0.17411890295754429,0.17411890295754429,0.5877526775549149,FALSE,FALSE
2018-09-12,King_Haakon,5.006448865,0.18500358457309307,0.18500358457309307,0.5877526775549149,FALSE,FALSE
2018-09-13,King_Haakon,4.979935362,0.15547351012136623,0.15547351012136623,0.5877526775549149,FALSE,FALSE
2018-09-14,King_Haakon,4.95993116,0.1329235412460239,0.1329235412460239,0.5877526775549149,FALSE,FALSE
2018-09-15,King_Haakon,4.919211856,0.09010289059071486,0.09010289059071486,0.5877526775549149,FALSE,FALSE
2018-09-16,King_Haakon,4.931654025,0.10086174879909482,0.10086174879909482,0.5877526775549149,FALSE,FALSE
2018-09-17,King_Haakon,4.928494555,0.096410619514824,0.096410619514824,0.5877526775549149,FALSE,FALSE
2018-09-18,King_Haakon,4.928988603,0.09597827538154924,0.09597827538154924,0.5877526775549149,FALSE,FALSE
2018-09-19,King_Haakon,4.915327882,0.08173004504293147,0.08173004504293147,0.5877526775549149,FALSE,FALSE
2018-09-20,King_Haakon,4.880834032,0.04696118414262251,0.04696118414262251,0.5877526775549149,FALSE,FALSE
2018-09-21,King_Haakon,4.862589716,0.02872797132428051,0.02872797132428051,0.5877526775549149,FALSE,FALSE
2018-09-22,King_Haakon,4.835831359,0.00224044723155802,0.00224044723155802,0.5877526775549149,FALSE,FALSE
2018-09-23,King_Haakon,4.816034715,-0.01705222267698758,0.01705222267698758,0.5877526775549149,FALSE,FALSE
2018-09-24,King_Haakon,4.791424683,-0.04095391397397563,0.04095391397397563,0.5877526775549149,FALSE,FALSE
2018-09-25,King_Haakon,4.805868369,-0.02562762131214935,0.02562762131214935,0.5877526775549149,FALSE,FALSE
2018-09-26,King_Haakon,4.823989049,-0.00648018795060334,0.00648018795060334,0.5877526775549149,FALSE,FALSE
2018-09-27,King_Haakon,4.800796808,-0.02853164814845055,0.02853164814845055,0.5877526775549149,FALSE,FALSE
2018-09-28,King_Haakon,4.738381625,-0.08972214216479113,0.08972214216479113,0.5877526775549149,FALSE,FALSE
2018-09-29,King_Haakon,4.682395166,-0.14443012325873283,0.14443012325873283,0.5877526775549149,FALSE,FALSE
2018-09-30,King_Haakon,4.61989297,-0.20563017168937847,0.20563017168937847,0.5877526775549149,FALSE,FALSE
2018-10-01,King_Haakon,4.584112472,-0.2401149717158333,0.2401149717158333,0.5877526775549149,FALSE,FALSE
2018-10-02,King_Haakon,4.569238711,-0.2537296035972014,0.2537296035972014,0.5877526775549149,FALSE,FALSE
2018-10-03,King_Haakon,4.513001574,-0.3087742995925895,0.3087742995925895,0.5877526775549149,FALSE,FALSE
2018-10-04,King_Haakon,4.515323311,-0.305356928961098,0.305356928961098,0.5877526775549149,FALSE,FALSE
2018-10-05,King_Haakon,4.52486082,-0.2948506946780016,0.2948506946780016,0.5877526775549149,FALSE,FALSE
2018-10-06,King_Haakon,4.536573076,-0.2823046060530654,0.2823046060530654,0.5877526775549149,FALSE,FALSE
2018-10-07,King_Haakon,4.550693365,-0.2674283041342047,0.2674283041342047,0.5877526775549149,FALSE,FALSE
2018-10-08,King_Haakon,4.553848546,-0.2635259548715734,0.2635259548715734,0.5877526775549149,FALSE,FALSE
2018-10-09,King_Haakon,4.565915571,-0.25065163121532485,0.25065163121532485,0.5877526775549149,FALSE,FALSE
2018-10-10,King_Haakon,4.5675976,-0.2480331981156052,0.2480331981156052,0.5877526775549149,FALSE,FALSE
2018-10-11,King_Haakon,4.617696152,-0.1968001615225772,0.1968001615225772,0.5877526775549149,FALSE,FALSE
2018-10-12,King_Haakon,4.624965904,-0.1881288693863885,0.1881288693863885,0.5877526775549149,FALSE,FALSE
2018-10-13,King_Haakon,4.642567466,-0.16878973665719066,0.16878973665719066,0.5877526775549149,FALSE,FALSE
2018-10-14,King_Haakon,4.63747632,-0.1717383062851381,0.1717383062851381,0.5877526775549149,FALSE,FALSE
2018-10-15,King_Haakon,4.628545929,-0.17805214022038296,0.17805214022038296,0.5877526775549149,FALSE,FALSE
2018-10-16,King_Haakon,4.63661367,-0.1668248864130808,0.1668248864130808,0.5877526775549149,FALSE,FALSE
2018-10-17,King_Haakon,4.628273913,-0.17139319981338108,0.17139319981338108,0.5877526775549149,FALSE,FALSE
2018-10-18,King_Haakon,4.591630772,-0.20358672642115927,0.20358672642115927,0.5877526775549149,FALSE,FALSE
2018-10-19,King_Haakon,4.598487669,-0.1915938958820469,0.1915938958820469,0.5877526775549149,FALSE,FALSE
2018-10-20,King_Haakon,4.564461973,-0.21984472734318228,0.21984472734318228,0.5877526775549149,FALSE,FALSE
2018-10-21,King_Haakon,4.530107691,-0.24783482564843504,0.24783482564843504,0.5877526775549149,FALSE,FALSE
2018-10-22,King_Haakon,4.526880253,-0.2441583726416736,0.2441583726416736,0.5877526775549149,FALSE,FALSE
2018-10-23,King_Haakon,4.525426339,-0.2382183001667668,0.2382183001667668,0.5877526775549149,FALSE,FALSE
2018-10-24,King_Haakon,4.574622963,-0.18118720606758032,0.18118720606758032,0.5877526775549149,FALSE,FALSE
2018-10-25,King_Haakon,4.632142796,-0.11544203118797912,0.11544203118797912,0.5877526775549149,FALSE,FALSE
2018-10-26,King_Haakon,4.686888567,-0.05212965837183425,0.05212965837183425,0.5877526775549149,FALSE,FALSE
2018-10-27,King_Haakon,4.711758636,-0.01840133946301314,0.01840133946301314,0.5877526775549149,FALSE,FALSE
2018-10-28,King_Haakon,4.72610587,0.00504618069461582,0.00504618069461582,0.5877526775549149,FALSE,FALSE
2018-10-29,King_Haakon,4.747909916,0.03614293725718465,0.03614293725718465,0.5877526775549149,FALSE,FALSE
2018-10-30,King_Haakon,4.766369678,0.06403822238083023,0.06403822238083023,0.5877526775549149,FALSE,FALSE
2018-10-31,King_Haakon,4.771607098,0.0788185272950912,0.0788185272950912,0.5877526775549149,FALSE,FALSE
2018-11-01,King_Haakon,4.761671973,0.07856790210779963,0.07856790210779963,0.5877526775549149,FALSE,FALSE
2018-11-02,King_Haakon,4.739905817,0.06668352424958268,0.06668352424958268,0.5877526775549149,FALSE,FALSE
2018-11-03,King_Haakon,4.693737929,0.03065036190672998,0.03065036190672998,0.5877526775549149,FALSE,FALSE
2018-11-04,King_Haakon,4.634585524,-0.01805870073447835,0.01805870073447835,0.5877526775549149,FALSE,FALSE
2018-11-05,King_Haakon,4.542877706,-0.09895889048775253,0.09895889048775253,0.5877526775549149,FALSE,FALSE
2018-11-06,King_Haakon,4.491270855,-0.13933815816681072,0.13933815816681072,0.5877526775549149,FALSE,FALSE
2018-11-07,King_Haakon,4.476918623,-0.1419871825853649,0.1419871825853649,0.5877526775549149,FALSE,FALSE
2018-11-08,King_Haakon,4.428020084,-0.17865122055713112,0.17865122055713112,0.5877526775549149,FALSE,FALSE
2018-11-09,King_Haakon,4.402391753,-0.19145808789582208,0.19145808789582208,0.5877526775549149,FALSE,FALSE
2018-11-10,King_Haakon,4.394364097,-0.18602164841515376,0.18602164841515376,0.5877526775549149,FALSE,FALSE
2018-11-11,King_Haakon,4.390588984,-0.1756343649288441,0.1756343649288441,0.5877526775549149,FALSE,FALSE
2018-11-12,King_Haakon,4.389065081,-0.16224160016556777,0.16224160016556777,0.5877526775549149,FALSE,FALSE
2018-11-13,King_Haakon,4.367000756,-0.16856236013093362,0.16856236013093362,0.5877526775549149,FALSE,FALSE
2018-11-14,King_Haakon,4.347334044,-0.1715609468033623,0.1715609468033623,0.5877526775549149,FALSE,FALSE
2018-11-15,King_Haakon,4.325792635,-0.17540994201900428,0.17540994201900428,0.5877526775549149,FALSE,FALSE
2018-11-16,King_Haakon,4.310550684,-0.17183546261401617,0.17183546261401617,0.5877526775549149,FALSE,FALSE
2018-11-17,King_Haakon,4.298245858,-0.16410011342455633,0.16410011342455633,0.5877526775549149,FALSE,FALSE
2018-11-18,King_Haakon,4.2737656490000004,-0.16721667428677733,0.16721667428677733,0.5877526775549149,FALSE,FALSE
2018-11-19,King_Haakon,4.291453767,-0.12674170703683885,0.12674170703683885,0.5877526775549149,FALSE,FALSE
2018-11-20,King_Haakon,4.293732227,-0.10015346851089646,0.10015346851089646,0.5877526775549149,FALSE,FALSE
2018-11-21,King_Haakon,4.265090993,-0.10286226654510244,0.10286226654510244,0.5877526775549149,FALSE,FALSE
2018-11-22,King_Haakon,4.216526092,-0.1237723459756177,0.1237723459756177,0.5877526775549149,FALSE,FALSE
2018-11-23,King_Haakon,4.2207615,-0.09006000263859093,0.09006000263859093,0.5877526775549149,FALSE,FALSE
2018-11-24,King_Haakon,4.239960287,-0.03946243837018759,0.03946243837018759,0.5877526775549149,FALSE,FALSE
2018-11-25,King_Haakon,4.208320284,-0.03769944165189543,0.03769944165189543,0.5877526775549149,FALSE,FALSE
2018-11-26,King_Haakon,4.193026097,-0.01765074944298561,0.01765074944298561,0.5877526775549149,FALSE,FALSE
2018-11-27,King_Haakon,4.169599346,-0.0039328610711955,0.0039328610711955,0.5877526775549149,FALSE,FALSE
2018-11-28,King_Haakon,4.131974552,-0.00274993367740883,0.00274993367740883,0.5877526775549149,FALSE,FALSE
2018-11-29,King_Haakon,4.106367509,0.01197514859749571,0.01197514859749571,0.5877526775549149,FALSE,FALSE
2018-11-30,King_Haakon,4.045114069,-0.00756044038736103,0.00756044038736103,0.5877526775549149,FALSE,FALSE
2018-12-01,King_Haakon,4.01774701,0.00803739922713386,0.00803739922713386,0.5877526775549149,FALSE,FALSE
2018-12-02,King_Haakon,3.971330233,0.00569389030010603,0.00569389030010603,0.5877526775549149,FALSE,FALSE
2018-12-03,King_Haakon,3.881949427,-0.0386439563093286,0.0386439563093286,0.5877526775549149,FALSE,FALSE
2018-12-04,King_Haakon,3.789834255,-0.08488515574205158,0.08488515574205158,0.5877526775549149,FALSE,FALSE
2018-12-05,King_Haakon,3.750075311,-0.07807779213894328,0.07807779213894328,0.5877526775549149,FALSE,FALSE
2018-12-06,King_Haakon,3.728848184,-0.05218495464088457,0.05218495464088457,0.5877526775549149,FALSE,FALSE
2018-12-07,King_Haakon,3.693396858,-0.04010117623871823,0.04010117623871823,0.5877526775549149,FALSE,FALSE
2018-12-08,King_Haakon,3.636161394,-0.04947488679490863,0.04947488679490863,0.5877526775549149,FALSE,FALSE
2018-12-09,King_Haakon,3.573473295,-0.06394242951879558,0.06394242951879558,0.5877526775549149,FALSE,FALSE
2018-12-10,King_Haakon,3.510814624,-0.07797176571478603,0.07797176571478603,0.5877526775549149,FALSE,FALSE
2018-12-11,King_Haakon,3.454966448,-0.08473185268729555,0.08473185268729555,0.5877526775549149,FALSE,FALSE
2018-12-12,King_Haakon,3.407366075,-0.08273540674073532,0.08273540674073532,0.5877526775549149,FALSE,FALSE
2018-12-13,King_Haakon,3.341317692,-0.09862826517951716,0.09862826517951716,0.5877526775549149,FALSE,FALSE
2018-12-14,King_Haakon,3.265701762,-0.12347998930805382,0.12347998930805382,0.5877526775549149,FALSE,FALSE
2018-12-15,King_Haakon,3.178533787,-0.1592251014307564,0.1592251014307564,0.5877526775549149,FALSE,FALSE
2018-12-16,King_Haakon,3.102861347,-0.1827660458520373,0.1827660458520373,0.5877526775549149,FALSE,FALSE
2018-12-17,King_Haakon,3.046653395,-0.18608389387630897,0.18608389387630897,0.5877526775549149,FALSE,FALSE
2018-12-18,King_Haakon,2.977041378,-0.20199722280798135,0.20199722280798135,0.5877526775549149,FALSE,FALSE
2018-12-19,King_Haakon,2.878359802,-0.24612155095146937,0.24612155095146937,0.5877526775549149,FALSE,FALSE
2018-12-20,King_Haakon,2.740296511,-0.3287234536460528,0.3287234536460528,0.5877526775549149,FALSE,FALSE
2018-12-21,King_Haakon,2.622808468,-0.3898698812039512,0.3898698812039512,0.5877526775549149,FALSE,FALSE
2018-12-22,King_Haakon,2.44835707,-0.507178821485792,0.507178821485792,0.5877526775549149,FALSE,FALSE
2018-12-23,King_Haakon,2.241784049,-0.6558894731735552,0.6558894731735552,0.5877526775549149,TRUE,TRUE
2018-12-24,King_Haakon,2.058943105,-0.7802290669492189,0.7802290669492189,0.5877526775549149,TRUE,TRUE
2018-12-25,King_Haakon,1.906389946,-0.8737228254947533,0.8737228254947533,0.5877526775549149,TRUE,TRUE
2018-12-26,King_Haakon,1.80752525,-0.9130510014921368,0.9130510014921368,0.5877526775549149,TRUE,TRUE
2018-12-27,King_Haakon,1.737796641,-0.9228469016233478,0.9228469016233478,0.5877526775549149,TRUE,TRUE
2018-12-28,King_Haakon,1.68620042,-0.9141951555703652,0.9141951555703652,0.5877526775549149,TRUE,TRUE
2018-12-29,King_Haakon,1.633594695,-0.9063185860151564,0.9063185860151564,0.5877526775549149,TRUE,TRUE
2018-12-30,King_Haakon,1.578146354,-0.901131235639706,0.901131235639706,0.5877526775549149,TRUE,TRUE
2018-12-31,King_Haakon,1.53913023,-0.8794392021259836,0.8794392021259836,0.5877526775549149,TRUE,TRUE
2019-01-01,King_Haakon,1.462368175,-0.8955015641559734,0.8955015641559734,0.5877526775549149,TRUE,TRUE
2019-01-02,King_Haakon,1.386467226,-0.9107952133819156,0.9107952133819156,0.5877526775549149,TRUE,TRUE
2019-01-03,King_Haakon,1.354456291,-0.8823871623371558,0.8823871623371558,0.5877526775549149,TRUE,TRUE
2019-01-04,King_Haakon,1.306808088,-0.8699036115253009,0.8699036115253009,0.5877526775549149,TRUE,TRUE
2019-01-05,King_Haakon,1.265431182,-0.851534914449966,0.851534914449966,0.5877526775549149,TRUE,TRUE
2019-01-06,King_Haakon,1.201031096,-0.8566744666147548,0.8566744666147548,0.5877526775549149,TRUE,TRUE
2019-01-07,King_Haakon,1.11366848,-0.885360536523284,0.885360536523284,0.5877526775549149,TRUE,TRUE
2019-01-08,King_Haakon,1.067155908,-0.8738794686791667,0.8738794686791667,0.5877526775549149,TRUE,TRUE
2019-01-09,King_Haakon,1.018498698,-0.8653248635860076,0.8653248635860076,0.5877526775549149,TRUE,TRUE
2019-01-10,King_Haakon,0.955342451,-0.8721500387474231,0.8721500387474231,0.5877526775549149,TRUE,TRUE
2019-01-11,King_Haakon,0.905588854,-0.8665522256670223,0.8665522256670223,0.5877526775549149,TRUE,TRUE
2019-01-12,King_Haakon,0.874076833,-0.843791416848415,0.843791416848415,0.5877526775549149,TRUE,TRUE
2019-01-13,King_Haakon,0.851316163,-0.8134567557952149,0.8134567557952149,0.5877526775549149,TRUE,TRUE
2019-01-14,King_Haakon,0.804772209,-0.8081810259021018,0.8081810259021018,0.5877526775549149,TRUE,TRUE
2019-01-15,King_Haakon,0.779678955,-0.7828007563295837,0.7828007563295837,0.5877526775549149,TRUE,TRUE
2019-01-16,King_Haakon,0.755735121,-0.7576531192068449,0.7576531192068449,0.5877526775549149,TRUE,TRUE
2019-01-17,King_Haakon,0.747574448,-0.7181380761114615,0.7181380761114615,0.5877526775549149,TRUE,TRUE
2019-01-18,King_Haakon,0.732915942,-0.6865703236210114,0.6865703236210114,0.5877526775549149,TRUE,TRUE
2019-01-19,King_Haakon,0.724139765,-0.6506034023130739,0.6506034023130739,0.5877526775549149,TRUE,TRUE
2019-01-20,King_Haakon,0.715830488,-0.6156864437652253,0.6156864437652253,0.5877526775549149,TRUE,TRUE
2019-01-21,King_Haakon,0.705449943,-0.5843913185550441,0.5843913185550441,0.5877526775549149,FALSE,FALSE
2019-01-22,King_Haakon,0.681333733,-0.5684161262601073,0.5684161262601073,0.5877526775549149,FALSE,FALSE
2019-01-23,King_Haakon,0.657423174,-0.5538532534579927,0.5538532534579927,0.5877526775549149,FALSE,FALSE
2019-01-24,King_Haakon,0.631463251,-0.5429914177262805,0.5429914177262805,0.5877526775549149,FALSE,FALSE
2019-01-25,King_Haakon,0.620240556,-0.5190777296425461,0.5190777296425461,0.5877526775549149,FALSE,FALSE
2019-01-26,King_Haakon,0.621324538,-0.48457644278436696,0.48457644278436696,0.5877526775549149,FALSE,FALSE
2019-01-27,King_Haakon,0.624369537,-0.44985812064978314,0.44985812064978314,0.5877526775549149,FALSE,FALSE
2019-01-28,King_Haakon,0.625115161,-0.41914849372942353,0.41914849372942353,0.5877526775549149,FALSE,FALSE
2019-01-29,King_Haakon,0.60376906,-0.4121805514772828,0.4121805514772828,0.5877526775549149,FALSE,FALSE
2019-01-30,King_Haakon,0.577985445,-0.41124064278391914,0.41124064278391914,0.5877526775549149,FALSE,FALSE
2019-01-31,King_Haakon,0.561942271,-0.4020913725398919,0.4020913725398919,0.5877526775549149,FALSE,FALSE
2019-02-01,King_Haakon,0.550522495,-0.3897903436357577,0.3897903436357577,0.5877526775549149,FALSE,FALSE
2019-02-02,King_Haakon,0.507018314,-0.4109859189620757,0.4109859189620757,0.5877526775549149,FALSE,FALSE
2019-02-03,King_Haakon,0.505840577,-0.3912078094094037,0.3912078094094037,0.5877526775549149,FALSE,FALSE
2019-02-04,King_Haakon,0.485341631,-0.3920442278683001,0.3920442278683001,0.5877526775549149,FALSE,FALSE
2019-02-05,King_Haakon,0.496741689,-0.3622155212293238,0.3622155212293238,0.5877526775549149,FALSE,FALSE
2019-02-06,King_Haakon,0.494904644,-0.3467983563830306,0.3467983563830306,0.5877526775549149,FALSE,FALSE
2019-02-07,King_Haakon,0.485196794,-0.3403669952199813,0.3403669952199813,0.5877526775549149,FALSE,FALSE
2019-02-08,King_Haakon,0.487644383,-0.3228361450455257,0.3228361450455257,0.5877526775549149,FALSE,FALSE
2019-02-09,King_Haakon,0.485834148,-0.3106116960468165,0.3106116960468165,0.5877526775549149,FALSE,FALSE
2019-02-10,King_Haakon,0.461443626,-0.3221115093287543,0.3221115093287543,0.5877526775549149,FALSE,FALSE
2019-02-11,King_Haakon,0.430597937,-0.341318013972065,0.341318013972065,0.5877526775549149,FALSE,FALSE
2019-02-12,King_Haakon,0.438896108,-0.32273973205747997,0.32273973205747997,0.5877526775549149,FALSE,FALSE
2019-02-13,King_Haakon,0.428263582,-0.3245587696657282,0.3245587696657282,0.5877526775549149,FALSE,FALSE
2019-02-14,King_Haakon,0.441026392,-0.30455664287753553,0.30455664287753553,0.5877526775549149,FALSE,FALSE
2019-02-15,King_Haakon,0.454916639,-0.2851087997736328,0.2851087997736328,0.5877526775549149,FALSE,FALSE
2019-02-16,King_Haakon,0.488956644,-0.24730046843474737,0.24730046843474737,0.5877526775549149,FALSE,FALSE
2019-02-17,King_Haakon,0.516633969,-0.21775163594160885,0.21775163594160885,0.5877526775549149,FALSE,FALSE
2019-02-18,King_Haakon,0.540455907,-0.19406255837494568,0.19406255837494568,0.5877526775549149,FALSE,FALSE
2019-02-19,King_Haakon,0.522084625,-0.2146786178154856,0.2146786178154856,0.5877526775549149,FALSE,FALSE
2019-02-20,King_Haakon,0.523503628,-0.21772385834395835,0.21772385834395835,0.5877526775549149,FALSE,FALSE
2019-02-21,King_Haakon,0.517166714,-0.23084160315582256,0.23084160315582256,0.5877526775549149,FALSE,FALSE
2019-02-22,King_Haakon,0.488554844,-0.2685215885906826,0.2685215885906826,0.5877526775549149,FALSE,FALSE
2019-02-23,King_Haakon,0.476539912,-0.2917785153222797,0.2917785153222797,0.5877526775549149,FALSE,FALSE
2019-02-24,King_Haakon,0.457496039,-0.3241233367028391,0.3241233367028391,0.5877526775549149,FALSE,FALSE
2019-02-25,King_Haakon,0.456803312,-0.3400610400845895,0.3400610400845895,0.5877526775549149,FALSE,FALSE
2019-02-26,King_Haakon,0.469102895,-0.3448355358197577,0.3448355358197577,0.5877526775549149,FALSE,FALSE
2019-02-27,King_Haakon,0.470533543,-0.3621931432605709,0.3621931432605709,0.5877526775549149,FALSE,FALSE
2019-02-28,King_Haakon,0.456570986,-0.396543206759257,0.396543206759257,0.5877526775549149,FALSE,FALSE
2019-03-01,King_Haakon,0.478989609,-0.395996415668042,0.395996415668042,0.5877526775549149,FALSE,FALSE
2019-03-02,King_Haakon,0.480212996,-0.41801426033915456,0.41801426033915456,0.5877526775549149,FALSE,FALSE
2019-03-03,King_Haakon,0.478336207,-0.4443867551248199,0.4443867551248199,0.5877526775549149,FALSE,FALSE
2019-03-04,King_Haakon,0.468853749,-0.479504467377267,0.479504467377267,0.5877526775549149,FALSE,FALSE
2019-03-05,King_Haakon,0.47751411,-0.4975039874311633,0.4975039874311633,0.5877526775549149,FALSE,FALSE
2019-03-06,King_Haakon,0.51492413,-0.4876783678022481,0.4876783678022481,0.5877526775549149,FALSE,FALSE
2019-03-07,King_Haakon,0.562680562,-0.4683789773526491,0.4683789773526491,0.5877526775549149,FALSE,FALSE
2019-03-08,King_Haakon,0.605173032,-0.4551741102416787,0.4551741102416787,0.5877526775549149,FALSE,FALSE
2019-03-09,King_Haakon,0.624789505,-0.46563372162865446,0.46563372162865446,0.5877526775549149,FALSE,FALSE
2019-03-10,King_Haakon,0.650990785,-0.4702549276728912,0.4702549276728912,0.5877526775549149,FALSE,FALSE
2019-03-11,King_Haakon,0.655464071,-0.497308449533702,0.497308449533702,0.5877526775549149,FALSE,FALSE
2019-03-12,King_Haakon,0.6632711,-0.5216904703704026,0.5216904703704026,0.5877526775549149,FALSE,FALSE
2019-03-13,King_Haakon,0.679834143,-0.5379366393423081,0.5379366393423081,0.5877526775549149,FALSE,FALSE
2019-03-14,King_Haakon,0.695488313,-0.5556697636087342,0.5556697636087342,0.5877526775549149,FALSE,FALSE
2019-03-15,King_Haakon,0.703141704,-0.581939669328995,0.581939669328995,0.5877526775549149,FALSE,FALSE
2019-03-16,King_Haakon,0.748879145,-0.5706194476624066,0.5706194476624066,0.5877526775549149,FALSE,FALSE
2019-03-17,King_Haakon,0.772679812,-0.5816878427682821,0.5816878427682821,0.5877526775549149,FALSE,FALSE
2019-03-18,King_Haakon,0.827292783,-0.5623535448928322,0.5623535448928322,0.5877526775549149,FALSE,FALSE
2019-03-19,King_Haakon,0.860209237,-0.56507934927461545,0.56507934927461545,0.5877526775549149,FALSE,FALSE
2019-03-20,King_Haakon,0.896022528,-0.5652219075884046,0.5652219075884046,0.5877526775549149,FALSE,FALSE
2019-03-21,King_Haakon,0.919820271,-0.5776434236625011,0.5776434236625011,0.5877526775549149,FALSE,FALSE
2019-03-22,King_Haakon,0.948634754,-0.5852614283252022,0.5852614283252022,0.5877526775549149,FALSE,FALSE
2019-03-23,King_Haakon,1.011255081,-0.5592366364048058,0.5592366364048058,0.5877526775549149,FALSE,FALSE
2019-03-24,King_Haakon,1.07142637,-0.5357737487296137,0.5357737487296137,0.5877526775549149,FALSE,FALSE
2019-03-25,King_Haakon,1.100598464,-0.543372741127921,0.543372741127921,0.5877526775549149,FALSE,FALSE
2019-03-26,King_Haakon,1.119295169,-0.5614596264280314,0.5614596264280314,0.5877526775549149,FALSE,FALSE
2019-03-27,King_Haakon,1.132370579,-0.5851301294582407,0.5851301294582407,0.5877526775549149,FALSE,FALSE
2019-03-28,King_Haakon,1.155917044,-0.5982417190468503,0.5982417190468503,0.5877526775549149,TRUE,TRUE
2019-03-29,King_Haakon,1.178046266,-0.6126325120221559,0.6126325120221559,0.5877526775549149,TRUE,TRUE
2019-03-30,King_Haakon,1.22125343,-0.6057571422124584,0.6057571422124584,0.5877526775549149,TRUE,TRUE
2019-03-31,King_Haakon,1.257078452,-0.6060340936012067,0.6060340936012067,0.5877526775549149,TRUE,TRUE
2019-04-01,King_Haakon,1.296984545,-0.6020054580510206,0.6020054580510206,0.5877526775549149,TRUE,TRUE
2019-04-02,King_Haakon,1.361227897,-0.5734362980621583,0.5734362980621583,0.5877526775549149,FALSE,FALSE
2019-04-03,King_Haakon,1.401115642,-0.5690407433171316,0.5690407433171316,0.5877526775549149,FALSE,FALSE
2019-04-04,King_Haakon,1.465154521,-0.5403333164984456,0.5403333164984456,0.5877526775549149,FALSE,FALSE
2019-04-05,King_Haakon,1.533441001,-0.5072388142886108,0.5072388142886108,0.5877526775549149,FALSE,FALSE
2019-04-06,King_Haakon,1.605470939,-0.4702826433701377,0.4702826433701377,0.5877526775549149,FALSE,FALSE
2019-04-07,King_Haakon,1.673778176,-0.4369522264255301,0.4369522264255301,0.5877526775549149,FALSE,FALSE
2019-04-08,King_Haakon,1.706601069,-0.4390304701372991,0.4390304701372991,0.5877526775549149,FALSE,FALSE
2019-04-09,King_Haakon,1.751864045,-0.4286142111879516,0.4286142111879516,0.5877526775549149,FALSE,FALSE
2019-04-10,King_Haakon,1.788349441,-0.42694237626000064,0.42694237626000064,0.5877526775549149,FALSE,FALSE
2019-04-11,King_Haakon,1.839547456,-0.41054603003594936,0.41054603003594936,0.5877526775549149,FALSE,FALSE
2019-04-12,King_Haakon,1.886641065,-0.39826329615209577,0.39826329615209577,0.5877526775549149,FALSE,FALSE
2019-04-13,King_Haakon,1.932593271,-0.3871405073625951,0.3871405073625951,0.5877526775549149,FALSE,FALSE
2019-04-14,King_Haakon,1.977472194,-0.3770994884159096,0.3770994884159096,0.5877526775549149,FALSE,FALSE
2019-04-15,King_Haakon,2.030128584,-0.3592776228537615,0.3592776228537615,0.5877526775549149,FALSE,FALSE
2019-04-16,King_Haakon,2.095244542,-0.3289809432178763,0.3289809432178763,0.5877526775549149,FALSE,FALSE
2019-04-17,King_Haakon,2.133758004,-0.32525964704998067,0.32525964704998067,0.5877526775549149,FALSE,FALSE
2019-04-18,King_Haakon,2.165866461,-0.32790437689179663,0.32790437689179663,0.5877526775549149,FALSE,FALSE
2019-04-19,King_Haakon,2.206970088,-0.3215030912850483,0.3215030912850483,0.5877526775549149,FALSE,FALSE
2019-04-20,King_Haakon,2.226213234,-0.33689957477146226,0.33689957477146226,0.5877526775549149,FALSE,FALSE
2019-04-21,King_Haakon,2.246061841,-0.35161601889276417,0.35161601889276417,0.5877526775549149,FALSE,FALSE
2019-04-22,King_Haakon,2.290013135,-0.34214333119067675,0.34214333119067675,0.5877526775549149,FALSE,FALSE
2019-04-23,King_Haakon,2.370408937,-0.2961278242069265,0.2961278242069265,0.5877526775549149,FALSE,FALSE
2019-04-24,King_Haakon,2.398806079,-0.3020007994832361,0.3020007994832361,0.5877526775549149,FALSE,FALSE
2019-04-25,King_Haakon,2.420389725,-0.31456329783312276,0.31456329783312276,0.5877526775549149,FALSE,FALSE
2019-04-26,King_Haakon,2.428763327,-0.34017975404633605,0.34017975404633605,0.5877526775549149,FALSE,FALSE
2019-04-27,King_Haakon,2.440133431,-0.3626013862655526,0.3626013862655526,0.5877526775549149,FALSE,FALSE
2019-04-28,King_Haakon,2.414417144,-0.4218687450025449,0.4218687450025449,0.5877526775549149,FALSE,FALSE
2019-04-29,King_Haakon,2.421674145,-0.44787980876908007,0.44787980876908007,0.5877526775549149,FALSE,FALSE
2019-04-30,King_Haakon,2.483885321,-0.4186113480769355,0.4186113480769355,0.5877526775549149,FALSE,FALSE
2019-05-01,King_Haakon,2.537379364,-0.3976923284378744,0.3976923284378744,0.5877526775549149,FALSE,FALSE
2019-05-02,King_Haakon,2.617631977,-0.34960470436367386,0.34960470436367386,0.5877526775549149,FALSE,FALSE
2019-05-03,King_Haakon,2.693512148,-0.3054371453661009,0.3054371453661009,0.5877526775549149,FALSE,FALSE
2019-05-04,King_Haakon,2.72207834,-0.30808884595692776,0.30808884595692776,0.5877526775549149,FALSE,FALSE
2019-05-05,King_Haakon,2.740909971,-0.3199380456479246,0.3199380456479246,0.5877526775549149,FALSE,FALSE
2019-05-06,King_Haakon,2.772350212,-0.3185992309508645,0.3185992309508645,0.5877526775549149,FALSE,FALSE
2019-05-07,King_Haakon,2.796095401,-0.3243337425519299,0.3243337425519299,0.5877526775549149,FALSE,FALSE
2019-05-08,King_Haakon,2.875715486,-0.27354111620440547,0.27354111620440547,0.5877526775549149,FALSE,FALSE
2019-05-09,King_Haakon,2.952975025,-0.22445769652292835,0.22445769652292835,0.5877526775549149,FALSE,FALSE
2019-05-10,King_Haakon,3.018967645,-0.18599592865699544,0.18599592865699544,0.5877526775549149,FALSE,FALSE
2019-05-11,King_Haakon,3.088360848,-0.14349438275610682,0.14349438275610682,0.5877526775549149,FALSE,FALSE
2019-05-12,King_Haakon,3.132125238,-0.1259885269697576,0.1259885269697576,0.5877526775549149,FALSE,FALSE
2019-05-13,King_Haakon,3.147558042,-0.13618720644744675,0.13618720644744675,0.5877526775549149,FALSE,FALSE
2019-05-14,King_Haakon,3.150924803,-0.15783095033867367,0.15783095033867367,0.5877526775549149,FALSE,FALSE
2019-05-15,King_Haakon,3.166519308,-0.16663204379293362,0.16663204379293362,0.5877526775549149,FALSE,FALSE
2019-05-16,King_Haakon,3.200805186,-0.15613292995972783,0.15613292995972783,0.5877526775549149,FALSE,FALSE
2019-05-17,King_Haakon,3.217147068,-0.16297504998855006,0.16297504998855006,0.5877526775549149,FALSE,FALSE
2019-05-18,King_Haakon,3.210825055,-0.191884375028903,0.191884375028903,0.5877526775549149,FALSE,FALSE
2019-05-19,King_Haakon,3.226545111,-0.19816101323028112,0.19816101323028112,0.5877526775549149,FALSE,FALSE
2019-05-20,King_Haakon,3.232159955,-0.21395989588224176,0.21395989588224176,0.5877526775549149,FALSE,FALSE
2019-05-21,King_Haakon,3.216980818,-0.25000623909217845,0.25000623909217845,0.5877526775549149,FALSE,FALSE
2019-05-22,King_Haakon,3.203271628,-0.2840977212803928,0.2840977212803928,0.5877526775549149,FALSE,FALSE
2019-05-23,King_Haakon,3.182225051,-0.32510412934513333,0.32510412934513333,0.5877526775549149,FALSE,FALSE
2019-05-24,King_Haakon,3.173633575,-0.35329542818465276,0.35329542818465276,0.5877526775549149,FALSE,FALSE
2019-05-25,King_Haakon,3.177905982,-0.3683252886972017,0.3683252886972017,0.5877526775549149,FALSE,FALSE
2019-05-26,King_Haakon,3.207594167,-0.35770426878103256,0.35770426878103256,0.5877526775549149,FALSE,FALSE
2019-05-27,King_Haakon,3.264562401,-0.319630550334395,0.319630550334395,0.5877526775549149,FALSE,FALSE
2019-05-28,King_Haakon,3.330255141,-0.27272212925554307,0.27272212925554307,0.5877526775549149,FALSE,FALSE
2019-05-29,King_Haakon,3.418014991,-0.2036988544427261,0.2036988544427261,0.5877526775549149,FALSE,FALSE
2019-05-30,King_Haakon,3.403564401,-0.23690072879419424,0.23690072879419424,0.5877526775549149,FALSE,FALSE
2019-05-31,King_Haakon,3.397101366,-0.2621922102082057,0.2621922102082057,0.5877526775549149,FALSE,FALSE
2019-06-01,King_Haakon,3.420224265,-0.25803737258300385,0.25803737258300385,0.5877526775549149,FALSE,FALSE
2019-06-02,King_Haakon,3.44822642,-0.24919149446412003,0.24919149446412003,0.5877526775549149,FALSE,FALSE
2019-06-03,King_Haakon,3.471340196,-0.24540935861965307,0.24540935861965307,0.5877526775549149,FALSE,FALSE
2019-06-04,King_Haakon,3.49543211,-0.24079456055376136,0.24079456055376136,0.5877526775549149,FALSE,FALSE
2019-06-05,King_Haakon,3.52133565,-0.23448372413957583,0.23448372413957583,0.5877526775549149,FALSE,FALSE
2019-06-06,King_Haakon,3.573665637,-0.20183214025022125,0.20183214025022125,0.5877526775549149,FALSE,FALSE
2019-06-07,King_Haakon,3.573793863,-0.22143812875881785,0.22143812875881785,0.5877526775549149,FALSE,FALSE
2019-06-08,King_Haakon,3.537722406,-0.2772697235385029,0.2772697235385029,0.5877526775549149,FALSE,FALSE
2019-06-09,King_Haakon,3.509082025,-0.32566627746239973,0.32566627746239973,0.5877526775549149,FALSE,FALSE
2019-06-10,King_Haakon,3.482362078,-0.3721085444036363,0.3721085444036363,0.5877526775549149,FALSE,FALSE
2019-06-11,King_Haakon,3.519379424,-0.3547497772353374,0.3547497772353374,0.5877526775549149,FALSE,FALSE
2019-06-12,King_Haakon,3.58015186,-0.31354229083063023,0.31354229083063023,0.5877526775549149,FALSE,FALSE
2019-06-13,King_Haakon,3.622869632,-0.2902659510626462,0.2902659510626462,0.5877526775549149,FALSE,FALSE
2019-06-14,King_Haakon,3.616795812,-0.3156279177552985,0.3156279177552985,0.5877526775549149,FALSE,FALSE
2019-06-15,King_Haakon,3.638909381,-0.31262472966081756,0.31262472966081756,0.5877526775549149,FALSE,FALSE
2019-06-16,King_Haakon,3.65913122,-0.31131827980555427,0.31131827980555427,0.5877526775549149,FALSE,FALSE
2019-06-17,King_Haakon,3.692807951,-0.29634524580040944,0.29634524580040944,0.5877526775549149,FALSE,FALSE
2019-06-18,King_Haakon,3.711165328,-0.2964631732562646,0.2964631732562646,0.5877526775549149,FALSE,FALSE
2019-06-19,King_Haakon,3.738226841,-0.2876318717840154,0.2876318717840154,0.5877526775549149,FALSE,FALSE
2019-06-20,King_Haakon,3.787771807,-0.25605532399454534,0.25605532399454534,0.5877526775549149,FALSE,FALSE
2019-06-21,King_Haakon,3.821655565,-0.23986149049875083,0.23986149049875083,0.5877526775549149,FALSE,FALSE
2019-06-22,King_Haakon,3.862123877,-0.2167879089075191,0.2167879089075191,0.5877526775549149,FALSE,FALSE
2019-06-23,King_Haakon,3.874239625,-0.22175499683174185,0.22175499683174185,0.5877526775549149,FALSE,FALSE
2019-06-24,King_Haakon,3.878650868,-0.2340979948823061,0.2340979948823061,0.5877526775549149,FALSE,FALSE
2019-06-25,King_Haakon,3.908076694,-0.2210811146701044,0.2210811146701044,0.5877526775549149,FALSE,FALSE
2019-06-26,King_Haakon,3.927714622,-0.2174901368060267,0.2174901368060267,0.5877526775549149,FALSE,FALSE
2019-06-27,King_Haakon,3.937153872,-0.2237234783382207,0.2237234783382207,0.5877526775549149,FALSE,FALSE
2019-06-28,King_Haakon,3.939181168,-0.23701482818245537,0.23701482818245537,0.5877526775549149,FALSE,FALSE
2019-06-29,King_Haakon,3.928539305,-0.2626567808367888,0.2626567808367888,0.5877526775549149,FALSE,FALSE
2019-06-30,King_Haakon,3.940567929,-0.2653451568015308,0.2653451568015308,0.5877526775549149,FALSE,FALSE
2019-07-01,King_Haakon,3.917855793,-0.3025266695769897,0.3025266695769897,0.5877526775549149,FALSE,FALSE
2019-07-02,King_Haakon,3.899743198,-0.334896484663473,0.334896484663473,0.5877526775549149,FALSE,FALSE
2019-07-03,King_Haakon,3.895457929,-0.3532622835612962,0.3532622835612962,0.5877526775549149,FALSE,FALSE
2019-07-04,King_Haakon,3.964571275,-0.29808824377076615,0.29808824377076615,0.5877526775549149,FALSE,FALSE
2019-07-05,King_Haakon,4.016193861,-0.2602992067921921,0.2602992067921921,0.5877526775549149,FALSE,FALSE
2019-07-06,King_Haakon,4.074977255,-0.2152790711258854,0.2152790711258854,0.5877526775549149,FALSE,FALSE
2019-07-07,King_Haakon,4.08901554,-0.21496922027215248,0.21496922027215248,0.5877526775549149,FALSE,FALSE
2019-07-08,King_Haakon,4.136649113,-0.18106472373130875,0.18106472373130875,0.5877526775549149,FALSE,FALSE
2019-07-09,King_Haakon,4.113332955,-0.21814597580017736,0.21814597580017736,0.5877526775549149,FALSE,FALSE
2019-07-10,King_Haakon,4.075620878,-0.26967680112060766,0.26967680112060766,0.5877526775549149,FALSE,FALSE
2019-07-11,King_Haakon,4.092002424,-0.26714647374129186,0.26714647374129186,0.5877526775549149,FALSE,FALSE
2019-07-12,King_Haakon,4.10005805,-0.27294821533701796,0.27294821533701796,0.5877526775549149,FALSE,FALSE
2019-07-13,King_Haakon,4.13191849,-0.25492497058258135,0.25492497058258135,0.5877526775549149,FALSE,FALSE
2019-07-14,King_Haakon,4.251387229,-0.14924693315276194,0.14924693315276194,0.5877526775549149,FALSE,FALSE
2019-07-15,King_Haakon,4.305861753,-0.10849029572235123,0.10849029572235123,0.5877526775549149,FALSE,FALSE
2019-07-16,King_Haakon,4.287942407,-0.1400283919661387,0.1400283919661387,0.5877526775549149,FALSE,FALSE
2019-07-17,King_Haakon,4.251627876,-0.18983621555890995,0.18983621555890995,0.5877526775549149,FALSE,FALSE
2019-07-18,King_Haakon,4.206705025,-0.24810058017545877,0.24810058017545877,0.5877526775549149,FALSE,FALSE
2019-07-19,King_Haakon,4.15002642,-0.3179425984905677,0.3179425984905677,0.5877526775549149,FALSE,FALSE
2019-07-20,King_Haakon,4.081941266,-0.3989867441790267,0.3989867441790267,0.5877526775549149,FALSE,FALSE
2019-07-21,King_Haakon,4.107308558,-0.38634770091562753,0.38634770091562753,0.5877526775549149,FALSE,FALSE
2019-07-22,King_Haakon,4.124037859,-0.38209058608441904,0.38209058608441904,0.5877526775549149,FALSE,FALSE
2019-07-23,King_Haakon,4.156295649,-0.3620374259589152,0.3620374259589152,0.5877526775549149,FALSE,FALSE
2019-07-24,King_Haakon,4.202949939,-0.3273187940521387,0.3273187940521387,0.5877526775549149,FALSE,FALSE
2019-07-25,King_Haakon,4.231408866,-0.3105253664908014,0.3105253664908014,0.5877526775549149,FALSE,FALSE
2019-07-26,King_Haakon,4.24184113,-0.31148725640162134,0.31148725640162134,0.5877526775549149,FALSE,FALSE
2019-07-27,King_Haakon,4.252128009,-0.3123219989113091,0.3123219989113091,0.5877526775549149,FALSE,FALSE
2019-07-28,King_Haakon,4.328532378,-0.24676553214657648,0.24676553214657648,0.5877526775549149,FALSE,FALSE
2019-07-29,King_Haakon,4.373559441,-0.2123114652341425,0.2123114652341425,0.5877526775549149,FALSE,FALSE
2019-07-30,King_Haakon,4.402342971,-0.1938248383007135,0.1938248383007135,0.5877526775549149,FALSE,FALSE
2019-07-31,King_Haakon,4.431311395,-0.17487603747301073,0.17487603747301073,0.5877526775549149,FALSE,FALSE
2019-08-01,King_Haakon,4.436768874,-0.1791597148777404,0.1791597148777404,0.5877526775549149,FALSE,FALSE
2019-08-02,King_Haakon,4.416236488,-0.20915360364161997,0.20915360364161997,0.5877526775549149,FALSE,FALSE
2019-08-03,King_Haakon,4.349458156,-0.2851125977176645,0.2851125977176645,0.5877526775549149,FALSE,FALSE
2019-08-04,King_Haakon,4.291989888,-0.3514748109010508,0.3514748109010508,0.5877526775549149,FALSE,FALSE
2019-08-05,King_Haakon,4.331253752,-0.3207953833833139,0.3207953833833139,0.5877526775549149,FALSE,FALSE
2019-08-06,King_Haakon,4.357260786,-0.3030366723321034,0.3030366723321034,0.5877526775549149,FALSE,FALSE
2019-08-07,King_Haakon,4.364423497,-0.3037595659150689,0.3037595659150689,0.5877526775549149,FALSE,FALSE
2019-08-08,King_Haakon,4.371088772,-0.30459057229985476,0.30459057229985476,0.5877526775549149,FALSE,FALSE
2019-08-09,King_Haakon,4.360703618,-0.32205607965411254,0.32205607965411254,0.5877526775549149,FALSE,FALSE
2019-08-10,King_Haakon,4.37017847,-0.31921904814548974,0.31921904814548974,0.5877526775549149,FALSE,FALSE
2019-08-11,King_Haakon,4.410878563,-0.2846876379416372,0.2846876379416372,0.5877526775549149,FALSE,FALSE
2019-08-12,King_Haakon,4.417488444,-0.2837506972102011,0.2837506972102011,0.5877526775549149,FALSE,FALSE
2019-08-13,King_Haakon,4.3894814,-0.3169083341188301,0.3169083341188301,0.5877526775549149,FALSE,FALSE
2019-08-14,King_Haakon,4.379866704,-0.3311246708351723,0.3311246708351723,0.5877526775549149,FALSE,FALSE
2019-08-15,King_Haakon,4.386939018,-0.32807844052687596,0.32807844052687596,0.5877526775549149,FALSE,FALSE
2019-08-16,King_Haakon,4.393043288,-0.32540002902595777,0.32540002902595777,0.5877526775549149,FALSE,FALSE
2019-08-17,King_Haakon,4.392830294,-0.3284715503778708,0.3284715503778708,0.5877526775549149,FALSE,FALSE
2019-08-18,King_Haakon,4.39381528,-0.32987653912111803,0.32987653912111803,0.5877526775549149,FALSE,FALSE
2019-08-19,King_Haakon,4.4393719,-0.2863437304347167,0.2863437304347167,0.5877526775549149,FALSE,FALSE
2019-08-20,King_Haakon,4.45379343,-0.27368223749769527,0.27368223749769527,0.5877526775549149,FALSE,FALSE
2019-08-21,King_Haakon,4.437022088,-0.292052231489067,0.292052231489067,0.5877526775549149,FALSE,FALSE
2019-08-22,King_Haakon,4.424741441,-0.305872534587861,0.305872534587861,0.5877526775549149,FALSE,FALSE
2019-08-23,King_Haakon,4.44064533,-0.2915516949730961,0.2915516949730961,0.5877526775549149,FALSE,FALSE
2019-08-24,King_Haakon,4.408045097,-0.3258807598237947,0.3258807598237947,0.5877526775549149,FALSE,FALSE
2019-08-25,King_Haakon,4.390649855,-0.3452530053189786,0.3452530053189786,0.5877526775549149,FALSE,FALSE
2019-08-26,King_Haakon,4.371593138,-0.3666372866376735,0.3666372866376735,0.5877526775549149,FALSE,FALSE
2019-08-27,King_Haakon,4.349828124,-0.3911828149588974,0.3911828149588974,0.5877526775549149,FALSE,FALSE
2019-08-28,King_Haakon,4.317213362,-0.4271334304616712,0.4271334304616712,0.5877526775549149,FALSE,FALSE
2019-08-29,King_Haakon,4.335309812,-0.4130092025126446,0.4130092025126446,0.5877526775549149,FALSE,FALSE
2019-08-30,King_Haakon,4.307863955,-0.445014861032214,0.445014861032214,0.5877526775549149,FALSE,FALSE
2019-08-31,King_Haakon,4.268127472,-0.4898011590149904,0.4898011590149904,0.5877526775549149,FALSE,FALSE
2019-09-01,King_Haakon,4.26505819,-0.4983126159657951,0.4983126159657951,0.5877526775549149,FALSE,FALSE
2019-09-02,King_Haakon,4.258774871,-0.510332816389452,0.510332816389452,0.5877526775549149,FALSE,FALSE
2019-09-03,King_Haakon,4.253046003,-0.5219956187907773,0.5219956187907773,0.5877526775549149,FALSE,FALSE
2019-09-04,King_Haakon,4.280523403,-0.5005515526745921,0.5005515526745921,0.5877526775549149,FALSE,FALSE
2019-09-05,King_Haakon,4.342600053,-0.44450998254571505,0.44450998254571505,0.5877526775549149,FALSE,FALSE
2019-09-06,King_Haakon,4.315504043,-0.4775451649089728,0.4775451649089728,0.5877526775549149,FALSE,FALSE
2019-09-07,King_Haakon,4.300710399,-0.4980844202691763,0.4980844202691763,0.5877526775549149,FALSE,FALSE
2019-09-08,King_Haakon,4.313080293,-0.4911689231311538,0.4911689231311538,0.5877526775549149,FALSE,FALSE
2019-09-09,King_Haakon,4.395688454,-0.4136262909997255,0.4136262909997255,0.5877526775549149,FALSE,FALSE
2019-09-10,King_Haakon,4.403705314,-0.41018887236893775,0.41018887236893775,0.5877526775549149,FALSE,FALSE
2019-09-11,King_Haakon,4.366064392,-0.45186712804245577,0.45186712804245577,0.5877526775549149,FALSE,FALSE
2019-09-12,King_Haakon,4.347233044,-0.474212236426907,0.474212236426907,0.5877526775549149,FALSE,FALSE
2019-09-13,King_Haakon,4.33944869,-0.4850131618786335,0.4850131618786335,0.5877526775549149,FALSE,FALSE
2019-09-14,King_Haakon,4.33674265,-0.4902649687539764,0.4902649687539764,0.5877526775549149,FALSE,FALSE
2019-09-15,King_Haakon,4.340715472,-0.4883934934092853,0.4883934934092853,0.5877526775549149,FALSE,FALSE
2019-09-16,King_Haakon,4.364916735,-0.465875541200905,0.465875541200905,0.5877526775549149,FALSE,FALSE
2019-09-17,King_Haakon,4.341174727,-0.4909092084851761,0.4909092084851761,0.5877526775549149,FALSE,FALSE
2019-09-18,King_Haakon,4.331695546,-0.5013147816184507,0.5013147816184507,0.5877526775549149,FALSE,FALSE
2019-09-19,King_Haakon,4.314578197,-0.5190196399570679,0.5190196399570679,0.5877526775549149,FALSE,FALSE
2019-09-20,King_Haakon,4.32214822,-0.5117246278573777,0.5117246278573777,0.5877526775549149,FALSE,FALSE
2019-09-21,King_Haakon,4.340304797,-0.4935569476757191,0.4935569476757191,0.5877526775549149,FALSE,FALSE
2019-09-22,King_Haakon,4.414035833,-0.41955507876844234,0.41955507876844234,0.5877526775549149,FALSE,FALSE
2019-09-23,King_Haakon,4.500353157,-0.3327337806769872,0.3327337806769872,0.5877526775549149,FALSE,FALSE
2019-09-24,King_Haakon,4.600722074,-0.23165652297397532,0.23165652297397532,0.5877526775549149,FALSE,FALSE
2019-09-25,King_Haakon,4.670868092,-0.16062789831214896,0.16062789831214896,0.5877526775549149,FALSE,FALSE
2019-09-26,King_Haakon,4.689603009,-0.14086622795060322,0.14086622795060322,0.5877526775549149,FALSE,FALSE
2019-09-27,King_Haakon,4.666082518,-0.16324593814845123,0.16324593814845123,0.5877526775549149,FALSE,FALSE
2019-09-28,King_Haakon,4.641057598,-0.1870461691647911,0.1870461691647911,0.5877526775549149,FALSE,FALSE
2019-09-29,King_Haakon,4.628225297,-0.1985999922587327,0.1985999922587327,0.5877526775549149,FALSE,FALSE
2019-09-30,King_Haakon,4.620888406,-0.2046347356893792,0.2046347356893792,0.5877526775549149,FALSE,FALSE
2019-10-01,King_Haakon,4.62461231,-0.1996151337158336,0.1996151337158336,0.5877526775549149,FALSE,FALSE
2019-10-02,King_Haakon,4.597482611,-0.22548570359720088,0.22548570359720088,0.5877526775549149,FALSE,FALSE
2019-10-03,King_Haakon,4.584849442,-0.23692643159258875,0.23692643159258875,0.5877526775549149,FALSE,FALSE
2019-10-04,King_Haakon,4.5717541,-0.2489261399610987,0.2489261399610987,0.5877526775549149,FALSE,FALSE
2019-10-05,King_Haakon,4.57617928,-0.24353223467800156,0.24353223467800156,0.5877526775549149,FALSE,FALSE
2019-10-06,King_Haakon,4.551894661,-0.2669830210530648,0.2669830210530648,0.5877526775549149,FALSE,FALSE
2019-10-07,King_Haakon,4.5524459329999996,-0.26567573613420503,0.26567573613420503,0.5877526775549149,FALSE,FALSE
2019-10-08,King_Haakon,4.540400637,-0.2769738638715733,0.2769738638715733,0.5877526775549149,FALSE,FALSE
2019-10-09,King_Haakon,4.52010455,-0.2964626522153244,0.2964626522153244,0.5877526775549149,FALSE,FALSE
2019-10-10,King_Haakon,4.522542228,-0.2930885701156054,0.2930885701156054,0.5877526775549149,FALSE,FALSE
2019-10-11,King_Haakon,4.556353389,-0.25814292452257703,0.25814292452257703,0.5877526775549149,FALSE,FALSE
2019-10-12,King_Haakon,4.625514236,-0.18758053738638836,0.18758053738638836,0.5877526775549149,FALSE,FALSE
2019-10-13,King_Haakon,4.658654527,-0.1527026756571903,0.1527026756571903,0.5877526775549149,FALSE,FALSE
2019-10-14,King_Haakon,4.672482668,-0.1367319582851385,0.1367319582851385,0.5877526775549149,FALSE,FALSE
2019-10-15,King_Haakon,4.674699399,-0.1318986702203837,0.1318986702203837,0.5877526775549149,FALSE,FALSE
2019-10-16,King_Haakon,4.677208409,-0.12623014741308047,0.12623014741308047,0.5877526775549149,FALSE,FALSE
2019-10-17,King_Haakon,4.666544444,-0.13312266881338086,0.13312266881338086,0.5877526775549149,FALSE,FALSE
2019-10-18,King_Haakon,4.669536329,-0.12568116942115992,0.12568116942115992,0.5877526775549149,FALSE,FALSE
2019-10-19,King_Haakon,4.667739673,-0.12234189188204692,0.12234189188204692,0.5877526775549149,FALSE,FALSE
2019-10-20,King_Haakon,4.634374061,-0.14993263934318257,0.14993263934318257,0.5877526775549149,FALSE,FALSE
2019-10-21,King_Haakon,4.614355199,-0.16358731764843526,0.16358731764843526,0.5877526775549149,FALSE,FALSE
2019-10-22,King_Haakon,4.604068683,-0.16696994264167309,0.16696994264167309,0.5877526775549149,FALSE,FALSE
2019-10-23,King_Haakon,4.564689863,-0.19895477616676693,0.19895477616676693,0.5877526775549149,FALSE,FALSE
2019-10-24,King_Haakon,4.53714938,-0.2186607890675809,0.2186607890675809,0.5877526775549149,FALSE,FALSE
2019-10-25,King_Haakon,4.509438637,-0.23814619018797956,0.23814619018797956,0.5877526775549149,FALSE,FALSE
2019-10-26,King_Haakon,4.473629086,-0.26538913937183395,0.26538913937183395,0.5877526775549149,FALSE,FALSE
2019-10-27,King_Haakon,4.406102096,-0.32405787946301334,0.32405787946301334,0.5877526775549149,FALSE,FALSE
2019-10-28,King_Haakon,4.395185594,-0.3258740953053838,0.3258740953053838,0.5877526775549149,FALSE,FALSE
2019-10-29,King_Haakon,4.379687462,-0.3320795167428159,0.3320795167428159,0.5877526775549149,FALSE,FALSE
2019-10-30,King_Haakon,4.368388512,-0.3339429436191699,0.3339429436191699,0.5877526775549149,FALSE,FALSE
2019-10-31,King_Haakon,4.37183432,-0.3209542507049088,0.3209542507049088,0.5877526775549149,FALSE,FALSE
2019-11-01,King_Haakon,4.374381443,-0.30872262789220084,0.30872262789220084,0.5877526775549149,FALSE,FALSE
2019-11-02,King_Haakon,4.3794642,-0.29375809275041753,0.29375809275041753,0.5877526775549149,FALSE,FALSE
2019-11-03,King_Haakon,4.381090912,-0.28199665509326977,0.28199665509326977,0.5877526775549149,FALSE,FALSE
2019-11-04,King_Haakon,4.378090118,-0.27455410673447833,0.27455410673447833,0.5877526775549149,FALSE,FALSE
2019-11-05,King_Haakon,4.381822944,-0.26001365248775254,0.26001365248775254,0.5877526775549149,FALSE,FALSE
2019-11-06,King_Haakon,4.373987744,-0.2566212691668106,0.2566212691668106,0.5877526775549149,FALSE,FALSE
2019-11-07,King_Haakon,4.365751213,-0.2531545925853651,0.2531545925853651,0.5877526775549149,FALSE,FALSE
2019-11-08,King_Haakon,4.358993676,-0.24767762855713116,0.24767762855713116,0.5877526775549149,FALSE,FALSE
2019-11-09,King_Haakon,4.326123189,-0.26772665189582234,0.26772665189582234,0.5877526775549149,FALSE,FALSE
2019-11-10,King_Haakon,4.31521641,-0.26516933541515453,0.26516933541515453,0.5877526775549149,FALSE,FALSE
2019-11-11,King_Haakon,4.292285868,-0.2739374809288444,0.2739374809288444,0.5877526775549149,FALSE,FALSE
2019-11-12,King_Haakon,4.274933533,-0.27637314816556824,0.27637314816556824,0.5877526775549149,FALSE,FALSE
2019-11-13,King_Haakon,4.256524675,-0.27903844113093434,0.27903844113093434,0.5877526775549149,FALSE,FALSE
2019-11-14,King_Haakon,4.230375498,-0.28851949280336253,0.28851949280336253,0.5877526775549149,FALSE,FALSE
2019-11-15,King_Haakon,4.215186881,-0.2860156960190041,0.2860156960190041,0.5877526775549149,FALSE,FALSE
2019-11-16,King_Haakon,4.206632685,-0.27575346161401626,0.27575346161401626,0.5877526775549149,FALSE,FALSE
2019-11-17,King_Haakon,4.168379587,-0.29396638442455547,0.29396638442455547,0.5877526775549149,FALSE,FALSE
2019-11-18,King_Haakon,4.152457556,-0.2885247672867779,0.2885247672867779,0.5877526775549149,FALSE,FALSE
2019-11-19,King_Haakon,4.132228305,-0.28596716903683905,0.28596716903683905,0.5877526775549149,FALSE,FALSE
2019-11-20,King_Haakon,4.121521332,-0.27236436351089566,0.27236436351089566,0.5877526775549149,FALSE,FALSE
2019-11-21,King_Haakon,4.139221037,-0.22873222254510228,0.22873222254510228,0.5877526775549149,FALSE,FALSE
2019-11-22,King_Haakon,4.130424665,-0.2098737729756177,0.2098737729756177,0.5877526775549149,FALSE,FALSE
2019-11-23,King_Haakon,4.11123014,-0.199591362638591,0.199591362638591,0.5877526775549149,FALSE,FALSE
2019-11-24,King_Haakon,4.0756084,-0.2038143253701872,0.2038143253701872,0.5877526775549149,FALSE,FALSE
2019-11-25,King_Haakon,4.025343208,-0.2206765176518957,0.2206765176518957,0.5877526775549149,FALSE,FALSE
2019-11-26,King_Haakon,3.970481039,-0.2401958074429853,0.2401958074429853,0.5877526775549149,FALSE,FALSE
2019-11-27,King_Haakon,3.921424137,-0.25210807007119573,0.25210807007119573,0.5877526775549149,FALSE,FALSE
2019-11-28,King_Haakon,3.869062481,-0.26566200467740897,0.26566200467740897,0.5877526775549149,FALSE,FALSE
2019-11-29,King_Haakon,3.82770036,-0.2666920004025042,0.2666920004025042,0.5877526775549149,FALSE,FALSE
2019-11-30,King_Haakon,3.788830805,-0.2638437043873614,0.2638437043873614,0.5877526775549149,FALSE,FALSE
2019-12-01,King_Haakon,3.757744157,-0.25196545377286617,0.25196545377286617,0.5877526775549149,FALSE,FALSE
2019-12-02,King_Haakon,3.719990374,-0.2456459686998942,0.2456459686998942,0.5877526775549149,FALSE,FALSE
2019-12-03,King_Haakon,3.691883951,-0.2287094323093286,0.2287094323093286,0.5877526775549149,FALSE,FALSE
2019-12-04,King_Haakon,3.66134659,-0.21337282074205177,0.21337282074205177,0.5877526775549149,FALSE,FALSE
2019-12-05,King_Haakon,3.619079116,-0.2090739871389431,0.2090739871389431,0.5877526775549149,FALSE,FALSE
2019-12-06,King_Haakon,3.578342345,-0.2026907936408846,0.2026907936408846,0.5877526775549149,FALSE,FALSE
2019-12-07,King_Haakon,3.564751009,-0.16874702523871798,0.16874702523871798,0.5877526775549149,FALSE,FALSE
2019-12-08,King_Haakon,3.529345057,-0.15629122379490878,0.15629122379490878,0.5877526775549149,FALSE,FALSE
2019-12-09,King_Haakon,3.503734904,-0.1336808205187956,0.1336808205187956,0.5877526775549149,FALSE,FALSE
2019-12-10,King_Haakon,3.46017563,-0.12861075971478586,0.12861075971478586,0.5877526775549149,FALSE,FALSE
2019-12-11,King_Haakon,3.414094295,-0.12560400568729557,0.12560400568729557,0.5877526775549149,FALSE,FALSE
2019-12-12,King_Haakon,3.369421445,-0.12068003674073546,0.12068003674073546,0.5877526775549149,FALSE,FALSE
2019-12-13,King_Haakon,3.331563818,-0.10838213917951744,0.10838213917951744,0.5877526775549149,FALSE,FALSE
2019-12-14,King_Haakon,3.267670228,-0.1215115233080537,0.1215115233080537,0.5877526775549149,FALSE,FALSE
2019-12-15,King_Haakon,3.214639548,-0.12311934043075644,0.12311934043075644,0.5877526775549149,FALSE,FALSE
2019-12-16,King_Haakon,3.213088114,-0.07253927885203737,0.07253927885203737,0.5877526775549149,FALSE,FALSE
2019-12-17,King_Haakon,3.185904263,-0.046833025876309,0.046833025876309,0.5877526775549149,FALSE,FALSE
2019-12-18,King_Haakon,3.172638613,-0.00639998780798123,0.00639998780798123,0.5877526775549149,FALSE,FALSE
2019-12-19,King_Haakon,3.083983586,-0.04049776695146923,0.04049776695146923,0.5877526775549149,FALSE,FALSE
2019-12-20,King_Haakon,3.035342851,-0.03367711364605297,0.03367711364605297,0.5877526775549149,FALSE,FALSE
2019-12-21,King_Haakon,2.92289778,-0.08978056920395128,0.08978056920395128,0.5877526775549149,FALSE,FALSE
2019-12-22,King_Haakon,2.901139374,-0.0543965174857921,0.0543965174857921,0.5877526775549149,FALSE,FALSE
2019-12-23,King_Haakon,2.870754662,-0.02691886017355527,0.02691886017355527,0.5877526775549149,FALSE,FALSE
2019-12-24,King_Haakon,2.824844682,-0.01432748994921873,0.01432748994921873,0.5877526775549149,FALSE,FALSE
2019-12-25,King_Haakon,2.802531163,0.02241839150524649,0.02241839150524649,0.5877526775549149,FALSE,FALSE
2019-12-26,King_Haakon,2.770319709,0.04974345750786302,0.04974345750786302,0.5877526775549149,FALSE,FALSE
2019-12-27,King_Haakon,2.713997627,0.05335408437665201,0.05335408437665201,0.5877526775549149,FALSE,FALSE
2019-12-28,King_Haakon,2.676650836,0.07625526042963449,0.07625526042963449,0.5877526775549149,FALSE,FALSE
2019-12-29,King_Haakon,2.607703639,0.06779035798484356,0.06779035798484356,0.5877526775549149,FALSE,FALSE
2019-12-30,King_Haakon,2.49642666,0.01714907036029389,0.01714907036029389,0.5877526775549149,FALSE,FALSE
2019-12-31,King_Haakon,2.426369952,0.0078005198740163,0.0078005198740163,0.5877526775549149,FALSE,FALSE
2020-01-01,King_Haakon,2.35482957,-0.00304016915597316,0.00304016915597316,0.5877526775549149,FALSE,FALSE
2020-01-02,King_Haakon,2.290335823,-0.00692661638191571,0.00692661638191571,0.5877526775549149,FALSE,FALSE
2020-01-03,King_Haakon,2.226668821,-0.01017463233715565,0.01017463233715565,0.5877526775549149,FALSE,FALSE
2020-01-04,King_Haakon,2.192835164,0.01612346447469903,0.01612346447469903,0.5877526775549149,FALSE,FALSE
2020-01-05,King_Haakon,2.112140783,-0.00482531344996584,0.00482531344996584,0.5877526775549149,FALSE,FALSE
2020-01-06,King_Haakon,2.072752338,0.01504677538524523,0.01504677538524523,0.5877526775549149,FALSE,FALSE
2020-01-07,King_Haakon,1.969574694,-0.02945432252328395,0.02945432252328395,0.5877526775549149,FALSE,FALSE
2020-01-08,King_Haakon,1.929829668,-0.01120570867916659,0.01120570867916659,0.5877526775549149,FALSE,FALSE
2020-01-09,King_Haakon,1.782441491,-0.10138207058600757,0.10138207058600757,0.5877526775549149,FALSE,FALSE
2020-01-10,King_Haakon,1.724544164,-0.10294832574742308,0.10294832574742308,0.5877526775549149,FALSE,FALSE
2020-01-11,King_Haakon,1.596893973,-0.17524710666702226,0.17524710666702226,0.5877526775549149,FALSE,FALSE
2020-01-12,King_Haakon,1.447302972,-0.2705652778484151,0.2705652778484151,0.5877526775549149,FALSE,FALSE
2020-01-13,King_Haakon,1.313979357,-0.3507935617952149,0.3507935617952149,0.5877526775549149,FALSE,FALSE
2020-01-14,King_Haakon,1.224336769,-0.38861646590210186,0.38861646590210186,0.5877526775549149,FALSE,FALSE
2020-01-15,King_Haakon,1.204153599,-0.35832611232958356,0.35832611232958356,0.5877526775549149,FALSE,FALSE
2020-01-16,King_Haakon,1.145008266,-0.3683799742068448,0.3683799742068448,0.5877526775549149,FALSE,FALSE
2020-01-17,King_Haakon,1.123491464,-0.3422210601114615,0.3422210601114615,0.5877526775549149,FALSE,FALSE
2020-01-18,King_Haakon,1.083283004,-0.33620326162101133,0.33620326162101133,0.5877526775549149,FALSE,FALSE
2020-01-19,King_Haakon,1.027954234,-0.3467889333130738,0.3467889333130738,0.5877526775549149,FALSE,FALSE
2020-01-20,King_Haakon,1.042096536,-0.28942039576522527,0.28942039576522527,0.5877526775549149,FALSE,FALSE
2020-01-21,King_Haakon,1.015720646,-0.2741206155550442,0.2741206155550442,0.5877526775549149,FALSE,FALSE
2020-01-22,King_Haakon,0.982525128,-0.26722473126010726,0.26722473126010726,0.5877526775549149,FALSE,FALSE
2020-01-23,King_Haakon,0.945663238,-0.26561318945799284,0.26561318945799284,0.5877526775549149,FALSE,FALSE
2020-01-24,King_Haakon,0.920598705,-0.2538559637262805,0.2538559637262805,0.5877526775549149,FALSE,FALSE
2020-01-25,King_Haakon,0.87570074,-0.26361754564254614,0.26361754564254614,0.5877526775549149,FALSE,FALSE
2020-01-26,King_Haakon,0.820833163,-0.28506781778436696,0.28506781778436696,0.5877526775549149,FALSE,FALSE
2020-01-27,King_Haakon,0.779954322,-0.2942733356497831,0.2942733356497831,0.5877526775549149,FALSE,FALSE
2020-01-28,King_Haakon,0.751879055,-0.29238459972942354,0.29238459972942354,0.5877526775549149,FALSE,FALSE
2020-01-29,King_Haakon,0.753226703,-0.26272290847728275,0.26272290847728275,0.5877526775549149,FALSE,FALSE
2020-01-30,King_Haakon,0.730569537,-0.25865655078391914,0.25865655078391914,0.5877526775549149,FALSE,FALSE
2020-01-31,King_Haakon,0.663293445,-0.300740198539892,0.300740198539892,0.5877526775549149,FALSE,FALSE
2020-02-01,King_Haakon,0.659495648,-0.2808171906357576,0.2808171906357576,0.5877526775549149,FALSE,FALSE
2020-02-02,King_Haakon,0.616819807,-0.3011844259620756,0.3011844259620756,0.5877526775549149,FALSE,FALSE
2020-02-03,King_Haakon,0.618211057,-0.27883732940940364,0.27883732940940364,0.5877526775549149,FALSE,FALSE
2020-02-04,King_Haakon,0.627825895,-0.24955996386830015,0.24955996386830015,0.5877526775549149,FALSE,FALSE
2020-02-05,King_Haakon,0.624694459,-0.23426275122932383,0.23426275122932383,0.5877526775549149,FALSE,FALSE
2020-02-06,King_Haakon,0.611388743,-0.23031425738303055,0.23031425738303055,0.5877526775549149,FALSE,FALSE
2020-02-07,King_Haakon,0.599940887,-0.22562290221998127,0.22562290221998127,0.5877526775549149,FALSE,FALSE
2020-02-08,King_Haakon,0.591012384,-0.21946814404552573,0.21946814404552573,0.5877526775549149,FALSE,FALSE
2020-02-09,King_Haakon,0.585892343,-0.21055350104681647,0.21055350104681647,0.5877526775549149,FALSE,FALSE
2020-02-10,King_Haakon,0.586605342,-0.19694979332875429,0.19694979332875429,0.5877526775549149,FALSE,FALSE
2020-02-11,King_Haakon,0.564980355,-0.206935595972065,0.206935595972065,0.5877526775549149,FALSE,FALSE
2020-02-12,King_Haakon,0.544188251,-0.21744758905747996,0.21744758905747996,0.5877526775549149,FALSE,FALSE
2020-02-13,King_Haakon,0.524079299,-0.22874305266572817,0.22874305266572817,0.5877526775549149,FALSE,FALSE
2020-02-14,King_Haakon,0.519610793,-0.2259722418775355,0.2259722418775355,0.5877526775549149,FALSE,FALSE
2020-02-15,King_Haakon,0.473843855,-0.2661815837736328,0.2661815837736328,0.5877526775549149,FALSE,FALSE
2020-02-16,King_Haakon,0.458643487,-0.2776136254347473,0.2776136254347473,0.5877526775549149,FALSE,FALSE
2020-02-17,King_Haakon,0.469358179,-0.2650274259416089,0.2650274259416089,0.5877526775549149,FALSE,FALSE
2020-02-18,King_Haakon,0.457256802,-0.2772616633749457,0.2772616633749457,0.5877526775549149,FALSE,FALSE
2020-02-19,King_Haakon,0.45595385,-0.28080939281548556,0.28080939281548556,0.5877526775549149,FALSE,FALSE
2020-02-20,King_Haakon,0.469886665,-0.2713408213439584,0.2713408213439584,0.5877526775549149,FALSE,FALSE
2020-02-21,King_Haakon,0.481815628,-0.2661926891558226,0.2661926891558226,0.5877526775549149,FALSE,FALSE
2020-02-22,King_Haakon,0.507981798,-0.2490946345906826,0.2490946345906826,0.5877526775549149,FALSE,FALSE
2020-02-23,King_Haakon,0.50738521,-0.2609332173222797,0.2609332173222797,0.5877526775549149,FALSE,FALSE
2020-02-24,King_Haakon,0.486428488,-0.29519088770283913,0.29519088770283913,0.5877526775549149,FALSE,FALSE
2020-02-25,King_Haakon,0.501371145,-0.2954932070845895,0.2954932070845895,0.5877526775549149,FALSE,FALSE
2020-02-26,King_Haakon,0.484415733,-0.3295226978197577,0.3295226978197577,0.5877526775549149,FALSE,FALSE
2020-02-27,King_Haakon,0.524834379,-0.30789230726057093,0.30789230726057093,0.5877526775549149,FALSE,FALSE
2020-02-28,King_Haakon,0.51599899,-0.337115202759257,0.337115202759257,0.5877526775549149,FALSE,FALSE
2020-03-01,King_Haakon,0.495014978,-0.4032122783391546,0.4032122783391546,0.5877526775549149,FALSE,FALSE
2020-03-02,King_Haakon,0.520536226,-0.4021867361248199,0.4021867361248199,0.5877526775549149,FALSE,FALSE
2020-03-03,King_Haakon,0.575420545,-0.37293767137726697,0.37293767137726697,0.5877526775549149,FALSE,FALSE
2020-03-04,King_Haakon,0.640259905,-0.33475819243116334,0.33475819243116334,0.5877526775549149,FALSE,FALSE
2020-03-05,King_Haakon,0.708409385,-0.29419311280224814,0.29419311280224814,0.5877526775549149,FALSE,FALSE
2020-03-06,King_Haakon,0.787372471,-0.2436870683526492,0.2436870683526492,0.5877526775549149,FALSE,FALSE
2020-03-07,King_Haakon,0.908233041,-0.1521141012416788,0.1521141012416788,0.5877526775549149,FALSE,FALSE
2020-03-08,King_Haakon,1.00251556,-0.08790766662865446,0.08790766662865446,0.5877526775549149,FALSE,FALSE
2020-03-09,King_Haakon,1.008954799,-0.11229091367289112,0.11229091367289112,0.5877526775549149,FALSE,FALSE
2020-03-10,King_Haakon,1.03295407,-0.1198184505337021,0.1198184505337021,0.5877526775549149,FALSE,FALSE
2020-03-11,King_Haakon,1.093732266,-0.09122930437040266,0.09122930437040266,0.5877526775549149,FALSE,FALSE
2020-03-12,King_Haakon,1.157288452,-0.0604823303423081,0.0604823303423081,0.5877526775549149,FALSE,FALSE
2020-03-13,King_Haakon,1.218993077,-0.03216499960873431,0.03216499960873431,0.5877526775549149,FALSE,FALSE
2020-03-14,King_Haakon,1.257903499,-0.02717787432899499,0.02717787432899499,0.5877526775549149,FALSE,FALSE
2020-03-15,King_Haakon,1.26802625,-0.05147234266240663,0.05147234266240663,0.5877526775549149,FALSE,FALSE
2020-03-16,King_Haakon,1.305985386,-0.04838226876828222,0.04838226876828222,0.5877526775549149,FALSE,FALSE
2020-03-17,King_Haakon,1.326931257,-0.06271507089283213,0.06271507089283213,0.5877526775549149,FALSE,FALSE
2020-03-18,King_Haakon,1.395870519,-0.02941806727461537,0.02941806727461537,0.5877526775549149,FALSE,FALSE
2020-03-19,King_Haakon,1.417897081,-0.04334735458840466,0.04334735458840466,0.5877526775549149,FALSE,FALSE
2020-03-20,King_Haakon,1.443257563,-0.0542061316625011,0.0542061316625011,0.5877526775549149,FALSE,FALSE
2020-03-21,King_Haakon,1.482254081,-0.05164210132520219,0.05164210132520219,0.5877526775549149,FALSE,FALSE
2020-03-22,King_Haakon,1.503106651,-0.0673850664048059,0.0673850664048059,0.5877526775549149,FALSE,FALSE
2020-03-23,King_Haakon,1.510500896,-0.09669922272961372,0.09669922272961372,0.5877526775549149,FALSE,FALSE
2020-03-24,King_Haakon,1.521647067,-0.12232413812792098,0.12232413812792098,0.5877526775549149,FALSE,FALSE
2020-03-25,King_Haakon,1.537581783,-0.1431730124280313,0.1431730124280313,0.5877526775549149,FALSE,FALSE
2020-03-26,King_Haakon,1.588763376,-0.12873733245824082,0.12873733245824082,0.5877526775549149,FALSE,FALSE
2020-03-27,King_Haakon,1.619875978,-0.1342827850468502,0.1342827850468502,0.5877526775549149,FALSE,FALSE
2020-03-28,King_Haakon,1.665672201,-0.12500657702215578,0.12500657702215578,0.5877526775549149,FALSE,FALSE
2020-03-29,King_Haakon,1.749023205,-0.07798736721245825,0.07798736721245825,0.5877526775549149,FALSE,FALSE
2020-03-30,King_Haakon,1.797587087,-0.06552545860120684,0.06552545860120684,0.5877526775549149,FALSE,FALSE
2020-03-31,King_Haakon,1.843396927,-0.05559307605102059,0.05559307605102059,0.5877526775549149,FALSE,FALSE
2020-04-01,King_Haakon,1.875985548,-0.05867864706215831,0.05867864706215831,0.5877526775549149,FALSE,FALSE
2020-04-02,King_Haakon,1.930596659,-0.03955972631713145,0.03955972631713145,0.5877526775549149,FALSE,FALSE
2020-04-03,King_Haakon,1.980532539,-0.0249552984984458,0.0249552984984458,0.5877526775549149,FALSE,FALSE
2020-04-04,King_Haakon,2.015151645,-0.02552817028861076,0.02552817028861076,0.5877526775549149,FALSE,FALSE
2020-04-05,King_Haakon,2.057646163,-0.01810741937013782,0.01810741937013782,0.5877526775549149,FALSE,FALSE
2020-04-06,King_Haakon,2.133632877,0.02290247457447014,0.02290247457447014,0.5877526775549149,FALSE,FALSE
2020-04-07,King_Haakon,2.187158466,0.04152692686270098,0.04152692686270098,0.5877526775549149,FALSE,FALSE
2020-04-08,King_Haakon,2.223779211,0.04330095481204843,0.04330095481204843,0.5877526775549149,FALSE,FALSE
2020-04-09,King_Haakon,2.245628649,0.03033683173999923,0.03033683173999923,0.5877526775549149,FALSE,FALSE
2020-04-10,King_Haakon,2.248869053,-0.00122443303594943,0.00122443303594943,0.5877526775549149,FALSE,FALSE
2020-04-11,King_Haakon,2.240598051,-0.04430631015209574,0.04430631015209574,0.5877526775549149,FALSE,FALSE
2020-04-12,King_Haakon,2.25610994,-0.06362383836259511,0.06362383836259511,0.5877526775549149,FALSE,FALSE
2020-04-13,King_Haakon,2.309588277,-0.0449834054159095,0.0449834054159095,0.5877526775549149,FALSE,FALSE
2020-04-14,King_Haakon,2.3257503920000002,-0.06365581485376115,0.06365581485376115,0.5877526775549149,FALSE,FALSE
2020-04-15,King_Haakon,2.349738457,-0.07448702821787645,0.07448702821787645,0.5877526775549149,FALSE,FALSE
2020-04-16,King_Haakon,2.35382905,-0.10518860104998096,0.10518860104998096,0.5877526775549149,FALSE,FALSE
2020-04-17,King_Haakon,2.388540869,-0.1052299688917966,0.1052299688917966,0.5877526775549149,FALSE,FALSE
2020-04-18,King_Haakon,2.451526732,-0.07694644728504807,0.07694644728504807,0.5877526775549149,FALSE,FALSE
2020-04-19,King_Haakon,2.495645804,-0.06746700477146206,0.06746700477146206,0.5877526775549149,FALSE,FALSE
2020-04-20,King_Haakon,2.517198321,-0.08047953889276416,0.08047953889276416,0.5877526775549149,FALSE,FALSE
2020-04-21,King_Haakon,2.575590995,-0.05656547119067667,0.05656547119067667,0.5877526775549149,FALSE,FALSE
2020-04-22,King_Haakon,2.69872412,0.03218735879307344,0.03218735879307344,0.5877526775549149,FALSE,FALSE
2020-04-23,King_Haakon,2.743592603,0.04278572451676421,0.04278572451676421,0.5877526775549149,FALSE,FALSE
2020-04-24,King_Haakon,2.828145743,0.09319272016687696,0.09319272016687696,0.5877526775549149,FALSE,FALSE
2020-04-25,King_Haakon,2.892664387,0.12372130595366392,0.12372130595366392,0.5877526775549149,FALSE,FALSE
2020-04-26,King_Haakon,2.935994983,0.13326016573444743,0.13326016573444743,0.5877526775549149,FALSE,FALSE
2020-04-27,King_Haakon,2.958850167,0.12256427799745497,0.12256427799745497,0.5877526775549149,FALSE,FALSE
2020-04-28,King_Haakon,2.976490902,0.10693694823092016,0.10693694823092016,0.5877526775549149,FALSE,FALSE
2020-04-29,King_Haakon,2.988034252,0.08553758292306446,0.08553758292306446,0.5877526775549149,FALSE,FALSE
2020-04-30,King_Haakon,3.024702221,0.08963052856212572,0.08963052856212572,0.5877526775549149,FALSE,FALSE
2020-05-01,King_Haakon,3.068811587,0.1015749056363262,0.1015749056363262,0.5877526775549149,FALSE,FALSE
2020-05-02,King_Haakon,3.082122564,0.08317327063389923,0.08317327063389923,0.5877526775549149,FALSE,FALSE
2020-05-03,King_Haakon,3.076375505,0.04620831904307243,0.04620831904307243,0.5877526775549149,FALSE,FALSE
2020-05-04,King_Haakon,3.079241052,0.01839303535207559,0.01839303535207559,0.5877526775549149,FALSE,FALSE
2020-05-05,King_Haakon,3.09637715,0.00542770704913531,0.00542770704913531,0.5877526775549149,FALSE,FALSE
2020-05-06,King_Haakon,3.103503098,-0.01692604555193,0.01692604555193,0.5877526775549149,FALSE,FALSE
2020-05-07,King_Haakon,3.127782605,-0.02147399720440512,0.02147399720440512,0.5877526775549149,FALSE,FALSE
2020-05-08,King_Haakon,3.182294811,0.00486208947707123,0.00486208947707123,0.5877526775549149,FALSE,FALSE
2020-05-09,King_Haakon,3.220480098,0.01551652434300443,0.01551652434300443,0.5877526775549149,FALSE,FALSE
2020-05-10,King_Haakon,3.220028737,-0.01182649375610722,0.01182649375610722,0.5877526775549149,FALSE,FALSE
2020-05-11,King_Haakon,3.224275024,-0.03383874096975736,0.03383874096975736,0.5877526775549149,FALSE,FALSE
2020-05-12,King_Haakon,3.23780448,-0.04594076844744688,0.04594076844744688,0.5877526775549149,FALSE,FALSE
2020-05-13,King_Haakon,3.243384328,-0.0653714253386739,0.0653714253386739,0.5877526775549149,FALSE,FALSE
2020-05-14,King_Haakon,3.237411362,-0.0957399897929334,0.0957399897929334,0.5877526775549149,FALSE,FALSE
2020-05-15,King_Haakon,3.244141947,-0.11279616895972788,0.11279616895972788,0.5877526775549149,FALSE,FALSE
2020-05-16,King_Haakon,3.251535577,-0.12858654098855027,0.12858654098855027,0.5877526775549149,FALSE,FALSE
2020-05-17,King_Haakon,3.281911312,-0.12079811802890283,0.12079811802890283,0.5877526775549149,FALSE,FALSE
2020-05-18,King_Haakon,3.36667576,-0.05803036423028107,0.05803036423028107,0.5877526775549149,FALSE,FALSE
2020-05-19,King_Haakon,3.424009622,-0.02211022888224212,0.02211022888224212,0.5877526775549149,FALSE,FALSE
2020-05-20,King_Haakon,3.452686109,-0.01430094809217852,0.01430094809217852,0.5877526775549149,FALSE,FALSE
2020-05-21,King_Haakon,3.450153102,-0.03721624728039297,0.03721624728039297,0.5877526775549149,FALSE,FALSE
2020-05-22,King_Haakon,3.452222025,-0.05510715534513322,0.05510715534513322,0.5877526775549149,FALSE,FALSE
2020-05-23,King_Haakon,3.490063083,-0.03686592018465307,0.03686592018465307,0.5877526775549149,FALSE,FALSE
2020-05-24,King_Haakon,3.502588562,-0.04364270869720155,0.04364270869720155,0.5877526775549149,FALSE,FALSE
2020-05-25,King_Haakon,3.561842524,-0.00345591178103266,0.00345591178103266,0.5877526775549149,FALSE,FALSE
2020-05-26,King_Haakon,3.62177209,0.0375791386656048,0.0375791386656048,0.5877526775549149,FALSE,FALSE
2020-05-27,King_Haakon,3.6752048409999998,0.07222757074445685,0.07222757074445685,0.5877526775549149,FALSE,FALSE
2020-05-28,King_Haakon,3.720623678,0.0989098325572737,0.0989098325572737,0.5877526775549149,FALSE,FALSE
2020-05-29,King_Haakon,3.783830483,0.14336535320580568,0.14336535320580568,0.5877526775549149,FALSE,FALSE
2020-05-30,King_Haakon,3.812219195,0.15292561879179445,0.15292561879179445,0.5877526775549149,FALSE,FALSE
2020-05-31,King_Haakon,3.815287573,0.13702593541699626,0.13702593541699626,0.5877526775549149,FALSE,FALSE
2020-06-01,King_Haakon,3.805625478,0.1082075635358799,0.1082075635358799,0.5877526775549149,FALSE,FALSE
2020-06-02,King_Haakon,3.7844544,0.06770484538034705,0.06770484538034705,0.5877526775549149,FALSE,FALSE
2020-06-03,King_Haakon,3.818373376,0.08214670544623859,0.08214670544623859,0.5877526775549149,FALSE,FALSE
2020-06-04,King_Haakon,3.843354785,0.08753541086042382,0.08753541086042382,0.5877526775549149,FALSE,FALSE
2020-06-05,King_Haakon,3.845141406,0.06964362874977903,0.06964362874977903,0.5877526775549149,FALSE,FALSE
2020-06-06,King_Haakon,3.851290997,0.05605900524118201,0.05605900524118201,0.5877526775549149,FALSE,FALSE
2020-06-07,King_Haakon,3.872304905,0.05731277546149727,0.05731277546149727,0.5877526775549149,FALSE,FALSE
2020-06-08,King_Haakon,3.880931937,0.04618363453760033,0.04618363453760033,0.5877526775549149,FALSE,FALSE
2020-06-09,King_Haakon,3.923792328,0.06932170559636397,0.06932170559636397,0.5877526775549149,FALSE,FALSE
2020-06-10,King_Haakon,3.964913717,0.09078451576466272,0.09078451576466272,0.5877526775549149,FALSE,FALSE
2020-06-11,King_Haakon,3.970576378,0.07688222716936988,0.07688222716936988,0.5877526775549149,FALSE,FALSE
2020-06-12,King_Haakon,3.992329148,0.07919356493735386,0.07919356493735386,0.5877526775549149,FALSE,FALSE
2020-06-13,King_Haakon,4.005511755,0.07308802524470126,0.07308802524470126,0.5877526775549149,FALSE,FALSE
2020-06-14,King_Haakon,3.994185347,0.04265123633918266,0.04265123633918266,0.5877526775549149,FALSE,FALSE
2020-06-15,King_Haakon,3.981277674,0.01082817419444603,0.01082817419444603,0.5877526775549149,FALSE,FALSE
2020-06-16,King_Haakon,4.013761097,0.02460790019959047,0.02460790019959047,0.5877526775549149,FALSE,FALSE
2020-06-17,King_Haakon,4.05113035,0.04350184874373575,0.04350184874373575,0.5877526775549149,FALSE,FALSE
2020-06-18,King_Haakon,4.0396606,0.01380188721598507,0.01380188721598507,0.5877526775549149,FALSE,FALSE
2020-06-19,King_Haakon,4.034624501,-0.00920262999454557,0.00920262999454557,0.5877526775549149,FALSE,FALSE
2020-06-20,King_Haakon,4.072053715,0.01053665950124926,0.01053665950124926,0.5877526775549149,FALSE,FALSE
2020-06-21,King_Haakon,4.152252479,0.07334069309248115,0.07334069309248115,0.5877526775549149,FALSE,FALSE
2020-06-22,King_Haakon,4.191493361,0.09549873916825824,0.09549873916825824,0.5877526775549149,FALSE,FALSE
2020-06-23,King_Haakon,4.17986074,0.06711187711769373,0.06711187711769373,0.5877526775549149,FALSE,FALSE
2020-06-24,King_Haakon,4.207592358,0.07843454932989591,0.07843454932989591,0.5877526775549149,FALSE,FALSE
2020-06-25,King_Haakon,4.219019454,0.0738146951939731,0.0738146951939731,0.5877526775549149,FALSE,FALSE
2020-06-26,King_Haakon,4.218931455,0.05805410466177907,0.05805410466177907,0.5877526775549149,FALSE,FALSE
2020-06-27,King_Haakon,4.249002644,0.07280664781754442,0.07280664781754442,0.5877526775549149,FALSE,FALSE
2020-06-28,King_Haakon,4.272605935,0.0814098491632107,0.0814098491632107,0.5877526775549149,FALSE,FALSE
2020-06-29,King_Haakon,4.259898494,0.05398540819846875,0.05398540819846875,0.5877526775549149,FALSE,FALSE
2020-06-30,King_Haakon,4.251833512,0.03145104942301025,0.03145104942301025,0.5877526775549149,FALSE,FALSE
2020-07-01,King_Haakon,4.275315631,0.04067594833652688,0.04067594833652688,0.5877526775549149,FALSE,FALSE
2020-07-02,King_Haakon,4.304824766,0.05610455343870413,0.05610455343870413,0.5877526775549149,FALSE,FALSE
2020-07-03,King_Haakon,4.391803593,0.12914407422923355,0.12914407422923355,0.5877526775549149,FALSE,FALSE
2020-07-04,King_Haakon,4.455904461,0.17941139320780852,0.17941139320780852,0.5877526775549149,FALSE,FALSE
2020-07-05,King_Haakon,4.462338699,0.17208237287411432,0.17208237287411432,0.5877526775549149,FALSE,FALSE
2020-07-06,King_Haakon,4.467547022,0.16356226172784716,0.16356226172784716,0.5877526775549149,FALSE,FALSE
2020-07-07,King_Haakon,4.475522175,0.15780833826869145,0.15780833826869145,0.5877526775549149,FALSE,FALSE
2020-07-08,King_Haakon,4.503484599,0.172005668199823,0.172005668199823,0.5877526775549149,FALSE,FALSE
2020-07-09,King_Haakon,4.503182899,0.1578852198793923,0.1578852198793923,0.5877526775549149,FALSE,FALSE
2020-07-10,King_Haakon,4.486529768,0.12738087025870737,0.12738087025870737,0.5877526775549149,FALSE,FALSE
2020-07-11,King_Haakon,4.453019279,0.08001301366298197,0.08001301366298197,0.5877526775549149,FALSE,FALSE
2020-07-12,King_Haakon,4.403076511,0.0162330504174184,0.0162330504174184,0.5877526775549149,FALSE,FALSE
2020-07-13,King_Haakon,4.388351375,-0.01228278715276154,0.01228278715276154,0.5877526775549149,FALSE,FALSE
2020-07-14,King_Haakon,4.377082677,-0.03726937172235178,0.03726937172235178,0.5877526775549149,FALSE,FALSE
2020-07-15,King_Haakon,4.358828642,-0.06914215696613901,0.06914215696613901,0.5877526775549149,FALSE,FALSE
2020-07-16,King_Haakon,4.356065783,-0.08539830855890962,0.08539830855890962,0.5877526775549149,FALSE,FALSE
2020-07-17,King_Haakon,4.344760146,-0.11004545917545894,0.11004545917545894,0.5877526775549149,FALSE,FALSE
2020-07-18,King_Haakon,4.391798443,-0.0761705754905675,0.0761705754905675,0.5877526775549149,FALSE,FALSE
2020-07-19,King_Haakon,4.401231619,-0.07969639117902716,0.07969639117902716,0.5877526775549149,FALSE,FALSE
2020-07-20,King_Haakon,4.397444883,-0.0962113759156269,0.0962113759156269,0.5877526775549149,FALSE,FALSE
2020-07-21,King_Haakon,4.369969933,-0.13615851208441931,0.13615851208441931,0.5877526775549149,FALSE,FALSE
2020-07-22,King_Haakon,4.412713067,-0.10562000795891446,0.10562000795891446,0.5877526775549149,FALSE,FALSE
2020-07-23,King_Haakon,4.38787651,-0.1423922230521386,0.1423922230521386,0.5877526775549149,FALSE,FALSE
2020-07-24,King_Haakon,4.374642324,-0.16729190849080133,0.16729190849080133,0.5877526775549149,FALSE,FALSE
2020-07-25,King_Haakon,4.372468663,-0.18085972340162115,0.18085972340162115,0.5877526775549149,FALSE,FALSE
2020-07-26,King_Haakon,4.343480491,-0.22096951691130864,0.22096951691130864,0.5877526775549149,FALSE,FALSE
2020-07-27,King_Haakon,4.313524085,-0.26177382514657666,0.26177382514657666,0.5877526775549149,FALSE,FALSE
2020-07-28,King_Haakon,4.29516558,-0.2907053262341428,0.2907053262341428,0.5877526775549149,FALSE,FALSE
2020-07-29,King_Haakon,4.290079618,-0.30608819130071385,0.30608819130071385,0.5877526775549149,FALSE,FALSE
2020-07-30,King_Haakon,4.359595662,-0.24659177047301029,0.24659177047301029,0.5877526775549149,FALSE,FALSE
2020-07-31,King_Haakon,4.419774003,-0.19615458587774093,0.19615458587774093,0.5877526775549149,FALSE,FALSE
2020-08-01,King_Haakon,4.448516838,-0.1768732536416202,0.1768732536416202,0.5877526775549149,FALSE,FALSE
2020-08-02,King_Haakon,4.469103283,-0.16546747071766443,0.16546747071766443,0.5877526775549149,FALSE,FALSE
2020-08-03,King_Haakon,4.486462388,-0.157002310901051,0.157002310901051,0.5877526775549149,FALSE,FALSE
2020-08-04,King_Haakon,4.502101042,-0.1499480933833146,0.1499480933833146,0.5877526775549149,FALSE,FALSE
2020-08-05,King_Haakon,4.540973644,-0.1193238143321036,0.1193238143321036,0.5877526775549149,FALSE,FALSE
2020-08-06,King_Haakon,4.568926796,-0.09925626691506828,0.09925626691506828,0.5877526775549149,FALSE,FALSE
2020-08-07,King_Haakon,4.640494552,-0.03518479229985516,0.03518479229985516,0.5877526775549149,FALSE,FALSE
2020-08-08,King_Haakon,4.662509436,-0.02025026165411247,0.02025026165411247,0.5877526775549149,FALSE,FALSE
2020-08-09,King_Haakon,4.645099149,-0.04429836914548968,0.04429836914548968,0.5877526775549149,FALSE,FALSE
2020-08-10,King_Haakon,4.630766748,-0.06479945294163691,0.06479945294163691,0.5877526775549149,FALSE,FALSE
2020-08-11,King_Haakon,4.614768927,-0.08647021421020096,0.08647021421020096,0.5877526775549149,FALSE,FALSE
2020-08-12,King_Haakon,4.633310478,-0.07307925611883004,0.07307925611883004,0.5877526775549149,FALSE,FALSE
2020-08-13,King_Haakon,4.649517078,-0.06147429683517291,0.06147429683517291,0.5877526775549149,FALSE,FALSE
2020-08-14,King_Haakon,4.66240056,-0.05261689852687556,0.05261689852687556,0.5877526775549149,FALSE,FALSE
2020-08-15,King_Haakon,4.723684405,0.0052410879740421,0.0052410879740421,0.5877526775549149,FALSE,FALSE
2020-08-16,King_Haakon,4.748277004,0.02697515962212904,0.02697515962212904,0.5877526775549149,FALSE,FALSE
2020-08-17,King_Haakon,4.757455465,0.03376364587888147,0.03376364587888147,0.5877526775549149,FALSE,FALSE
2020-08-18,King_Haakon,4.779335038,0.05361940756528316,0.05361940756528316,0.5877526775549149,FALSE,FALSE
2020-08-19,King_Haakon,4.7927134,0.0652377325023048,0.0652377325023048,0.5877526775549149,FALSE,FALSE
2020-08-20,King_Haakon,4.856243311,0.12716899151093308,0.12716899151093308,0.5877526775549149,FALSE,FALSE
2020-08-21,King_Haakon,4.838714019,0.10810004341213908,0.10810004341213908,0.5877526775549149,FALSE,FALSE
2020-08-22,King_Haakon,4.78640209,0.05420506502690436,0.05420506502690436,0.5877526775549149,FALSE,FALSE
2020-08-23,King_Haakon,4.770482825,0.0365569681762059,0.0365569681762059,0.5877526775549149,FALSE,FALSE
2020-08-24,King_Haakon,4.723376444,-0.01252641631897866,0.01252641631897866,0.5877526775549149,FALSE,FALSE
2020-08-25,King_Haakon,4.661325724,-0.07690470063767307,0.07690470063767307,0.5877526775549149,FALSE,FALSE
2020-08-26,King_Haakon,4.629883643,-0.11112729595889714,0.11112729595889714,0.5877526775549149,FALSE,FALSE
2020-08-27,King_Haakon,4.621941633,-0.12240515946167196,0.12240515946167196,0.5877526775549149,FALSE,FALSE
2020-08-28,King_Haakon,4.612277503,-0.1360415115126452,0.1360415115126452,0.5877526775549149,FALSE,FALSE
2020-08-29,King_Haakon,4.576331603,-0.17654721303221432,0.17654721303221432,0.5877526775549149,FALSE,FALSE
2020-08-30,King_Haakon,4.543571236,-0.21435739501499015,0.21435739501499015,0.5877526775549149,FALSE,FALSE
2020-08-31,King_Haakon,4.52751152,-0.23585928596579553,0.23585928596579553,0.5877526775549149,FALSE,FALSE
2020-09-01,King_Haakon,4.547119708,-0.2219879793894517,0.2219879793894517,0.5877526775549149,FALSE,FALSE
2020-09-02,King_Haakon,4.546880412,-0.2281612097907768,0.2281612097907768,0.5877526775549149,FALSE,FALSE
2020-09-03,King_Haakon,4.57298847,-0.20808648567459187,0.20808648567459187,0.5877526775549149,FALSE,FALSE
2020-09-04,King_Haakon,4.62784501,-0.1592650255457153,0.1592650255457153,0.5877526775549149,FALSE,FALSE
2020-09-05,King_Haakon,4.65009623,-0.14295297790897266,0.14295297790897266,0.5877526775549149,FALSE,FALSE
2020-09-06,King_Haakon,4.66208448,-0.1367103392691762,0.1367103392691762,0.5877526775549149,FALSE,FALSE
2020-09-07,King_Haakon,4.672281144,-0.13196807213115314,0.13196807213115314,0.5877526775549149,FALSE,FALSE
2020-09-08,King_Haakon,4.663486643,-0.14582810199972585,0.14582810199972585,0.5877526775549149,FALSE,FALSE
2020-09-09,King_Haakon,4.724526017,-0.08936816936893788,0.08936816936893788,0.5877526775549149,FALSE,FALSE
2020-09-10,King_Haakon,4.781329208,-0.03660231204245612,0.03660231204245612,0.5877526775549149,FALSE,FALSE
2020-09-11,King_Haakon,4.823057408,0.00161212757309314,0.00161212757309314,0.5877526775549149,FALSE,FALSE
2020-09-12,King_Haakon,4.829788789,0.00532693712136644,0.00532693712136644,0.5877526775549149,FALSE,FALSE
2020-09-13,King_Haakon,4.819901105,-0.00710651375397652,0.00710651375397652,0.5877526775549149,FALSE,FALSE
2020-09-14,King_Haakon,4.797330225,-0.03177874040928596,0.03177874040928596,0.5877526775549149,FALSE,FALSE
2020-09-15,King_Haakon,4.771796922,-0.0589953542009054,0.0589953542009054,0.5877526775549149,FALSE,FALSE
2020-09-16,King_Haakon,4.760354999,-0.07172893648517675,0.07172893648517675,0.5877526775549149,FALSE,FALSE
2020-09-17,King_Haakon,4.752008631,-0.08100169661845058,0.08100169661845058,0.5877526775549149,FALSE,FALSE
2020-09-18,King_Haakon,4.76251256,-0.07108527695706801,0.07108527695706801,0.5877526775549149,FALSE,FALSE
2020-09-19,King_Haakon,4.738608187,-0.09526466085737796,0.09526466085737796,0.5877526775549149,FALSE,FALSE
2020-09-20,King_Haakon,4.728949917,-0.1049118276757195,0.1049118276757195,0.5877526775549149,FALSE,FALSE
2020-09-21,King_Haakon,4.695142441,-0.13844847076844236,0.13844847076844236,0.5877526775549149,FALSE,FALSE
2020-09-22,King_Haakon,4.750470174,-0.08261676367698723,0.08261676367698723,0.5877526775549149,FALSE,FALSE
2020-09-23,King_Haakon,4.848635364,0.0162567670260243,0.0162567670260243,0.5877526775549149,FALSE,FALSE
2020-09-24,King_Haakon,4.92458644,0.09309044968785064,0.09309044968785064,0.5877526775549149,FALSE,FALSE
2020-09-25,King_Haakon,4.941412083,0.1109428460493973,0.1109428460493973,0.5877526775549149,FALSE,FALSE
2020-09-26,King_Haakon,4.922053549,0.09272509285154928,0.09272509285154928,0.5877526775549149,FALSE,FALSE
2020-09-27,King_Haakon,4.877176538,0.04907277083520878,0.04907277083520878,0.5877526775549149,FALSE,FALSE
2020-09-28,King_Haakon,4.798863676,-0.02796161325873303,0.02796161325873303,0.5877526775549149,FALSE,FALSE
2020-09-29,King_Haakon,4.745714213,-0.07980892868937861,0.07980892868937861,0.5877526775549149,FALSE,FALSE
2020-09-30,King_Haakon,4.735032345,-0.08919509871583386,0.08919509871583386,0.5877526775549149,FALSE,FALSE
2020-10-01,King_Haakon,4.73777001,-0.0851983045972009,0.0851983045972009,0.5877526775549149,FALSE,FALSE
2020-10-02,King_Haakon,4.700171145,-0.12160472859258942,0.12160472859258942,0.5877526775549149,FALSE,FALSE
2020-10-03,King_Haakon,4.693763248,-0.12691699196109862,0.12691699196109862,0.5877526775549149,FALSE,FALSE
2020-10-04,King_Haakon,4.697173857,-0.12253765767800127,0.12253765767800127,0.5877526775549149,FALSE,FALSE
2020-10-05,King_Haakon,4.70353438,-0.11534330205306542,0.11534330205306542,0.5877526775549149,FALSE,FALSE
2020-10-06,King_Haakon,4.710553094,-0.1075685751342048,0.1075685751342048,0.5877526775549149,FALSE,FALSE
2020-10-07,King_Haakon,4.743295344,-0.07407915687157374,0.07407915687157374,0.5877526775549149,FALSE,FALSE
2020-10-08,King_Haakon,4.798348049,-0.01821915321532419,0.01821915321532419,0.5877526775549149,FALSE,FALSE
2020-10-09,King_Haakon,4.861707115,0.04607631688439451,0.04607631688439451,0.5877526775549149,FALSE,FALSE
2020-10-10,King_Haakon,4.908633903,0.09413758947742323,0.09413758947742323,0.5877526775549149,FALSE,FALSE
2020-10-11,King_Haakon,4.913304283,0.1002095096136122,0.1002095096136122,0.5877526775549149,FALSE,FALSE
2020-10-12,King_Haakon,4.910573485,0.09921628234280888,0.09921628234280888,0.5877526775549149,FALSE,FALSE
2020-10-13,King_Haakon,4.895806418,0.08659179171486198,0.08659179171486198,0.5877526775549149,FALSE,FALSE
2020-10-14,King_Haakon,4.890083889,0.08348581977961622,0.08348581977961622,0.5877526775549149,FALSE,FALSE
2020-10-15,King_Haakon,4.877660237,0.07422168058691891,0.07422168058691891,0.5877526775549149,FALSE,FALSE
2020-10-16,King_Haakon,4.871411579,0.0717444661866189,0.0717444661866189,0.5877526775549149,FALSE,FALSE
2020-10-17,King_Haakon,4.825535205,0.03031770657884092,0.03031770657884092,0.5877526775549149,FALSE,FALSE
2020-10-18,King_Haakon,4.790085578,4.01311795350523e-6,4.01311795350523e-6,0.5877526775549149,FALSE,FALSE
2020-10-19,King_Haakon,4.731161619,-0.05314508134318263,0.05314508134318263,0.5877526775549149,FALSE,FALSE
2020-10-20,King_Haakon,4.727444304,-0.0504982126484359,0.0504982126484359,0.5877526775549149,FALSE,FALSE
2020-10-21,King_Haakon,4.698688304,-0.07235032164167343,0.07235032164167343,0.5877526775549149,FALSE,FALSE
2020-10-22,King_Haakon,4.700211084,-0.06343355516676663,0.06343355516676663,0.5877526775549149,FALSE,FALSE
2020-10-23,King_Haakon,4.693716283,-0.06209388606758104,0.06209388606758104,0.5877526775549149,FALSE,FALSE
2020-10-24,King_Haakon,4.658561454,-0.08902337318797926,0.08902337318797926,0.5877526775549149,FALSE,FALSE
2020-10-25,King_Haakon,4.658714394,-0.08030383137183339,0.08030383137183339,0.5877526775549149,FALSE,FALSE
2020-10-26,King_Haakon,4.729995033,-1.6494246301324011e-4,1.6494246301324011e-4,0.5877526775549149,FALSE,FALSE
2020-10-27,King_Haakon,4.791670807,0.07061111769461625,0.07061111769461625,0.5877526775549149,FALSE,FALSE
2020-10-28,King_Haakon,4.853868578,0.14210159925718455,0.14210159925718455,0.5877526775549149,FALSE,FALSE
2020-10-29,King_Haakon,4.888666348,0.18633489238083012,0.18633489238083012,0.5877526775549149,FALSE,FALSE
2020-10-30,King_Haakon,4.904574254,0.2117856832950915,0.2117856832950915,0.5877526775549149,FALSE,FALSE
2020-10-31,King_Haakon,4.893023663,0.20991959210779945,0.20991959210779945,0.5877526775549149,FALSE,FALSE
2020-11-01,King_Haakon,4.883587759,0.2103654662495824,0.2103654662495824,0.5877526775549149,FALSE,FALSE
2020-11-02,King_Haakon,4.874767579,0.21168001190673016,0.21168001190673016,0.5877526775549149,FALSE,FALSE
2020-11-03,King_Haakon,4.865782606,0.2131383812655212,0.2131383812655212,0.5877526775549149,FALSE,FALSE
2020-11-04,King_Haakon,4.864601854,0.22276525751224785,0.22276525751224785,0.5877526775549149,FALSE,FALSE
2020-11-05,King_Haakon,4.871236527,0.24062751383318923,0.24062751383318923,0.5877526775549149,FALSE,FALSE
2020-11-06,King_Haakon,4.860507652,0.24160184641463456,0.24160184641463456,0.5877526775549149,FALSE,FALSE
2020-11-07,King_Haakon,4.844165671,0.2374943664428688,0.2374943664428688,0.5877526775549149,FALSE,FALSE
2020-11-08,King_Haakon,4.797348208,0.2034983671041779,0.2034983671041779,0.5877526775549149,FALSE,FALSE
2020-11-09,King_Haakon,4.785386937,0.205001191584846,0.205001191584846,0.5877526775549149,FALSE,FALSE
2020-11-10,King_Haakon,4.772600409,0.20637706007115583,0.20637706007115583,0.5877526775549149,FALSE,FALSE
2020-11-11,King_Haakon,4.798811366,0.247504684834432,0.247504684834432,0.5877526775549149,FALSE,FALSE
2020-11-12,King_Haakon,4.819789058,0.2842259418690656,0.2842259418690656,0.5877526775549149,FALSE,FALSE
2020-11-13,King_Haakon,4.838764779,0.3198697881966375,0.3198697881966375,0.5877526775549149,FALSE,FALSE
2020-11-14,King_Haakon,4.872181922,0.37097934498099594,0.37097934498099594,0.5877526775549149,FALSE,FALSE
2020-11-15,King_Haakon,4.900684553,0.4182984063859836,0.4182984063859836,0.5877526775549149,FALSE,FALSE
2020-11-16,King_Haakon,4.924292512,0.46194654057544415,0.46194654057544415,0.5877526775549149,FALSE,FALSE
2020-11-17,King_Haakon,4.906446354,0.46546403071322207,0.46546403071322207,0.5877526775549149,FALSE,FALSE
2020-11-18,King_Haakon,4.888955135,0.4707596609631608,0.4707596609631608,0.5877526775549149,FALSE,FALSE
2020-11-19,King_Haakon,4.87125814,0.4773724444891041,0.4773724444891041,0.5877526775549149,FALSE,FALSE
2020-11-20,King_Haakon,4.855345295,0.4873920354548975,0.4873920354548975,0.5877526775549149,FALSE,FALSE
2020-11-21,King_Haakon,4.810744683,0.4704462450243829,0.4704462450243829,0.5877526775549149,FALSE,FALSE
2020-11-22,King_Haakon,4.755639391,0.4448178883614089,0.4448178883614089,0.5877526775549149,FALSE,FALSE
2020-11-23,King_Haakon,4.73856604,0.45914331462981295,0.45914331462981295,0.5877526775549149,FALSE,FALSE
2020-11-24,King_Haakon,4.728864705,0.4828449793481049,0.4828449793481049,0.5877526775549149,FALSE,FALSE
2020-11-25,King_Haakon,4.662719552,0.4520427055570151,0.4520427055570151,0.5877526775549149,FALSE,FALSE
2020-11-26,King_Haakon,4.558055525,0.3845233179288048,0.3845233179288048,0.5877526775549149,FALSE,FALSE
2020-11-27,King_Haakon,4.470464482,0.3357399963225909,0.3357399963225909,0.5877526775549149,FALSE,FALSE
2020-11-28,King_Haakon,4.384164979,0.28977261859749603,0.28977261859749603,0.5877526775549149,FALSE,FALSE
2020-11-29,King_Haakon,4.342788592,0.2901140826126385,0.2901140826126385,0.5877526775549149,FALSE,FALSE
2020-11-30,King_Haakon,4.273605359,0.26389574822713424,0.26389574822713424,0.5877526775549149,FALSE,FALSE
2020-12-01,King_Haakon,4.213950682,0.2483143393001059,0.2483143393001059,0.5877526775549149,FALSE,FALSE
2020-12-02,King_Haakon,4.134731532,0.2141381486906715,0.2141381486906715,0.5877526775549149,FALSE,FALSE
2020-12-03,King_Haakon,4.044047715,0.16932830425794787,0.16932830425794787,0.5877526775549149,FALSE,FALSE
2020-12-04,King_Haakon,3.982740608,0.15458750486105677,0.15458750486105677,0.5877526775549149,FALSE,FALSE
2020-12-05,King_Haakon,3.943664904,0.1626317653591154,0.1626317653591154,0.5877526775549149,FALSE,FALSE
2020-12-06,King_Haakon,3.900584639,0.1670866047612818,0.1670866047612818,0.5877526775549149,FALSE,FALSE
2020-12-07,King_Haakon,3.864022831,0.17838655020509142,0.17838655020509142,0.5877526775549149,FALSE,FALSE
2020-12-08,King_Haakon,3.825976852,0.18856112748120468,0.18856112748120468,0.5877526775549149,FALSE,FALSE
2020-12-09,King_Haakon,3.75000414,0.16121775028521412,0.16121775028521412,0.5877526775549149,FALSE,FALSE
2020-12-10,King_Haakon,3.69051296,0.15081465931270444,0.15081465931270444,0.5877526775549149,FALSE,FALSE
2020-12-11,King_Haakon,3.640507349,0.15040586725926453,0.15040586725926453,0.5877526775549149,FALSE,FALSE
2020-12-12,King_Haakon,3.546263312,0.10631735482048256,0.10631735482048256,0.5877526775549149,FALSE,FALSE
2020-12-13,King_Haakon,3.488076838,0.09889508669194624,0.09889508669194624,0.5877526775549149,FALSE,FALSE
2020-12-14,King_Haakon,3.429334715,0.09157582656924346,0.09157582656924346,0.5877526775549149,FALSE,FALSE
2020-12-15,King_Haakon,3.332781918,0.04715452514796237,0.04715452514796237,0.5877526775549149,FALSE,FALSE
2020-12-16,King_Haakon,3.238305788,0.00556849912369106,0.00556849912369106,0.5877526775549149,FALSE,FALSE
2020-12-17,King_Haakon,3.202527382,0.02348878119201858,0.02348878119201858,0.5877526775549149,FALSE,FALSE
2020-12-18,King_Haakon,3.145422452,0.02094109904853081,0.02094109904853081,0.5877526775549149,FALSE,FALSE
2020-12-19,King_Haakon,3.101766931,0.03274696635394703,0.03274696635394703,0.5877526775549149,FALSE,FALSE
2020-12-20,King_Haakon,3.049617536,0.03693918679604868,0.03693918679604868,0.5877526775549149,FALSE,FALSE
2020-12-21,King_Haakon,3.02139332,0.06585742851420795,0.06585742851420795,0.5877526775549149,FALSE,FALSE
2020-12-22,King_Haakon,2.998529433,0.10085591082644464,0.10085591082644464,0.5877526775549149,FALSE,FALSE
2020-12-23,King_Haakon,2.912243085,0.07307091305078117,0.07307091305078117,0.5877526775549149,FALSE,FALSE
2020-12-24,King_Haakon,2.776568726,-0.00354404549475351,0.00354404549475351,0.5877526775549149,FALSE,FALSE
2020-12-25,King_Haakon,2.684681648,-0.03589460349213658,0.03589460349213658,0.5877526775549149,FALSE,FALSE
2020-12-26,King_Haakon,2.62220529,-0.03843825262334777,0.03843825262334777,0.5877526775549149,FALSE,FALSE
2020-12-27,King_Haakon,2.472575046,-0.12782052957036516,0.12782052957036516,0.5877526775549149,FALSE,FALSE
2020-12-28,King_Haakon,2.354980721,-0.18493256001515632,0.18493256001515632,0.5877526775549149,FALSE,FALSE
2020-12-29,King_Haakon,2.27081881,-0.2084587796397059,0.2084587796397059,0.5877526775549149,FALSE,FALSE
2020-12-30,King_Haakon,2.205483029,-0.2130864031259838,0.2130864031259838,0.5877526775549149,FALSE,FALSE
2020-12-31,King_Haakon,2.140706048,-0.21716369115597176,0.21716369115597176,0.5877526775549149,FALSE,FALSE
2021-01-01,King_Haakon,2.068915894,-0.28895384515597344,0.28895384515597344,0.5877526775549149,FALSE,FALSE
2021-01-02,King_Haakon,2.017540493,-0.27972194638191583,0.27972194638191583,0.5877526775549149,FALSE,FALSE
2021-01-03,King_Haakon,1.968582746,-0.2682607073371557,0.2682607073371557,0.5877526775549149,FALSE,FALSE
2021-01-04,King_Haakon,1.942630328,-0.23408137152530095,0.23408137152530095,0.5877526775549149,FALSE,FALSE
2021-01-05,King_Haakon,1.89839577,-0.21857032644996588,0.21857032644996588,0.5877526775549149,FALSE,FALSE
2021-01-06,King_Haakon,1.848188931,-0.20951663161475476,0.20951663161475476,0.5877526775549149,FALSE,FALSE
2021-01-07,King_Haakon,1.817418955,-0.18161006152328407,0.18161006152328407,0.5877526775549149,FALSE,FALSE
2021-01-08,King_Haakon,1.792569012,-0.14846636467916663,0.14846636467916663,0.5877526775549149,FALSE,FALSE
2021-01-09,King_Haakon,1.74957372,-0.1342498415860074,0.1342498415860074,0.5877526775549149,FALSE,FALSE
2021-01-10,King_Haakon,1.688009303,-0.1394831867474231,0.1394831867474231,0.5877526775549149,FALSE,FALSE
2021-01-11,King_Haakon,1.658822326,-0.11331875366702238,0.11331875366702238,0.5877526775549149,FALSE,FALSE
2021-01-12,King_Haakon,1.607832764,-0.11003548584841494,0.11003548584841494,0.5877526775549149,FALSE,FALSE
2021-01-13,King_Haakon,1.553491868,-0.11128105079521489,0.11128105079521489,0.5877526775549149,FALSE,FALSE
2021-01-14,King_Haakon,1.495109429,-0.11784380590210186,0.11784380590210186,0.5877526775549149,FALSE,FALSE
2021-01-15,King_Haakon,1.462183021,-0.10029669032958366,0.10029669032958366,0.5877526775549149,FALSE,FALSE
2021-01-16,King_Haakon,1.432520215,-0.08086802520684477,0.08086802520684477,0.5877526775549149,FALSE,FALSE
2021-01-17,King_Haakon,1.371594165,-0.09411835911146138,0.09411835911146138,0.5877526775549149,FALSE,FALSE
2021-01-18,King_Haakon,1.282942574,-0.13654369162101143,0.13654369162101143,0.5877526775549149,FALSE,FALSE
2021-01-19,King_Haakon,1.196364531,-0.1783786363130739,0.1783786363130739,0.5877526775549149,FALSE,FALSE
2021-01-20,King_Haakon,1.162883156,-0.16863377576522542,0.16863377576522542,0.5877526775549149,FALSE,FALSE
2021-01-21,King_Haakon,1.168820968,-0.12102029355504418,0.12102029355504418,0.5877526775549149,FALSE,FALSE
2021-01-22,King_Haakon,1.108553209,-0.1411966502601072,0.1411966502601072,0.5877526775549149,FALSE,FALSE
2021-01-23,King_Haakon,1.085369836,-0.12590659145799288,0.12590659145799288,0.5877526775549149,FALSE,FALSE
2021-01-24,King_Haakon,1.072372525,-0.10208214372628044,0.10208214372628044,0.5877526775549149,FALSE,FALSE
2021-01-25,King_Haakon,1.049276874,-0.09004141164254609,0.09004141164254609,0.5877526775549149,FALSE,FALSE
2021-01-26,King_Haakon,1.022904718,-0.082996262784367,0.082996262784367,0.5877526775549149,FALSE,FALSE
2021-01-27,King_Haakon,0.960916338,-0.11331131964978314,0.11331131964978314,0.5877526775549149,FALSE,FALSE
2021-01-28,King_Haakon,0.913681502,-0.13058215272942353,0.13058215272942353,0.5877526775549149,FALSE,FALSE
2021-01-29,King_Haakon,0.909139587,-0.10681002447728284,0.10681002447728284,0.5877526775549149,FALSE,FALSE
2021-01-30,King_Haakon,0.92386336,-0.06536272778391916,0.06536272778391916,0.5877526775549149,FALSE,FALSE
2021-01-31,King_Haakon,0.900314121,-0.06371952253989199,0.06371952253989199,0.5877526775549149,FALSE,FALSE
2021-02-01,King_Haakon,0.815809727,-0.12450311163575768,0.12450311163575768,0.5877526775549149,FALSE,FALSE
2021-02-02,King_Haakon,0.773463888,-0.14454034496207568,0.14454034496207568,0.5877526775549149,FALSE,FALSE
2021-02-03,King_Haakon,0.775664246,-0.1213841404094037,0.1213841404094037,0.5877526775549149,FALSE,FALSE
2021-02-04,King_Haakon,0.739160919,-0.1382249398683001,0.1382249398683001,0.5877526775549149,FALSE,FALSE
2021-02-05,King_Haakon,0.72816935,-0.13078786022932376,0.13078786022932376,0.5877526775549149,FALSE,FALSE
2021-02-06,King_Haakon,0.699567997,-0.14213500338303053,0.14213500338303053,0.5877526775549149,FALSE,FALSE
2021-02-07,King_Haakon,0.689383936,-0.13617985321998127,0.13617985321998127,0.5877526775549149,FALSE,FALSE
2021-02-08,King_Haakon,0.643246836,-0.16723369204552574,0.16723369204552574,0.5877526775549149,FALSE,FALSE
2021-02-09,King_Haakon,0.656707932,-0.13973791204681651,0.13973791204681651,0.5877526775549149,FALSE,FALSE
2021-02-10,King_Haakon,0.652730606,-0.13082452932875432,0.13082452932875432,0.5877526775549149,FALSE,FALSE
2021-02-11,King_Haakon,0.636993314,-0.13492263697206497,0.13492263697206497,0.5877526775549149,FALSE,FALSE
2021-02-12,King_Haakon,0.58700036,-0.17463548005747995,0.17463548005747995,0.5877526775549149,FALSE,FALSE
2021-02-13,King_Haakon,0.546704439,-0.2061179126657282,0.2061179126657282,0.5877526775549149,FALSE,FALSE
2021-02-14,King_Haakon,0.570589283,-0.17499375187753552,0.17499375187753552,0.5877526775549149,FALSE,FALSE
2021-02-15,King_Haakon,0.581319163,-0.15870627577363283,0.15870627577363283,0.5877526775549149,FALSE,FALSE
2021-02-16,King_Haakon,0.57690654,-0.15935057243474737,0.15935057243474737,0.5877526775549149,FALSE,FALSE
2021-02-17,King_Haakon,0.556369592,-0.17801601294160885,0.17801601294160885,0.5877526775549149,FALSE,FALSE
2021-02-18,King_Haakon,0.575232653,-0.15928581237494566,0.15928581237494566,0.5877526775549149,FALSE,FALSE
2021-02-19,King_Haakon,0.582520504,-0.15424273881548556,0.15424273881548556,0.5877526775549149,FALSE,FALSE
2021-02-20,King_Haakon,0.561269917,-0.17995756934395846,0.17995756934395846,0.5877526775549149,FALSE,FALSE
2021-02-21,King_Haakon,0.579949656,-0.16805866115582258,0.16805866115582258,0.5877526775549149,FALSE,FALSE
2021-02-22,King_Haakon,0.61740836,-0.1396680725906826,0.1396680725906826,0.5877526775549149,FALSE,FALSE
2021-02-23,King_Haakon,0.609927336,-0.1583910913222797,0.1583910913222797,0.5877526775549149,FALSE,FALSE
2021-02-24,King_Haakon,0.62838042,-0.15323895570283907,0.15323895570283907,0.5877526775549149,FALSE,FALSE
2021-02-25,King_Haakon,0.742089441,-0.05477491108458954,0.05477491108458954,0.5877526775549149,FALSE,FALSE
2021-02-26,King_Haakon,0.802312235,-0.01162619581975765,0.01162619581975765,0.5877526775549149,FALSE,FALSE
2021-02-27,King_Haakon,0.90617621,0.07344952373942915,0.07344952373942915,0.5877526775549149,FALSE,FALSE
2021-02-28,King_Haakon,1.009598044,0.15648385124074304,0.15648385124074304,0.5877526775549149,FALSE,FALSE
2021-03-01,King_Haakon,1.132238899,0.2572528743319581,0.2572528743319581,0.5877526775549149,FALSE,FALSE
2021-03-02,King_Haakon,1.208463521,0.31023626466084553,0.31023626466084553,0.5877526775549149,FALSE,FALSE
2021-03-03,King_Haakon,1.350149709,0.4274267468751801,0.4274267468751801,0.5877526775549149,FALSE,FALSE
2021-03-04,King_Haakon,1.407091495,0.45873327862273305,0.45873327862273305,0.5877526775549149,FALSE,FALSE
2021-03-05,King_Haakon,1.448543556,0.47352545856883665,0.47352545856883665,0.5877526775549149,FALSE,FALSE
2021-03-06,King_Haakon,1.513215188,0.5106126901977519,0.5106126901977519,0.5877526775549149,FALSE,FALSE
2021-03-07,King_Haakon,1.577830588,0.5467710486473509,0.5467710486473509,0.5877526775549149,FALSE,FALSE
2021-03-08,King_Haakon,1.611826504,0.5514793617583211,0.5514793617583211,0.5877526775549149,FALSE,FALSE
2021-03-09,King_Haakon,1.653708802,0.5632855753713455,0.5632855753713455,0.5877526775549149,FALSE,FALSE
2021-03-10,King_Haakon,1.693713469,0.5724677563271088,0.5724677563271088,0.5877526775549149,FALSE,FALSE
2021-03-11,King_Haakon,1.727589507,0.574816986466298,0.574816986466298,0.5877526775549149,FALSE,FALSE
2021-03-12,King_Haakon,1.768827972,0.5838664016295974,0.5838664016295974,0.5877526775549149,FALSE,FALSE
2021-03-13,King_Haakon,1.780737883,0.562967100657692,0.562967100657692,0.5877526775549149,FALSE,FALSE
2021-03-14,King_Haakon,1.769475497,0.5183174203912657,0.5183174203912657,0.5877526775549149,FALSE,FALSE
2021-03-15,King_Haakon,1.77482715,0.48974577667100494,0.48974577667100494,0.5877526775549149,FALSE,FALSE
2021-03-16,King_Haakon,1.785400802,0.4659022093375935,0.4659022093375935,0.5877526775549149,FALSE,FALSE
2021-03-17,King_Haakon,1.805967485,0.4515998302317179,0.4515998302317179,0.5877526775549149,FALSE,FALSE
2021-03-18,King_Haakon,1.850401033,0.4607547051071679,0.4607547051071679,0.5877526775549149,FALSE,FALSE
2021-03-19,King_Haakon,1.917489835,0.4922012487253846,0.4922012487253846,0.5877526775549149,FALSE,FALSE
2021-03-20,King_Haakon,1.968980156,0.5077357204115953,0.5077357204115953,0.5877526775549149,FALSE,FALSE
2021-03-21,King_Haakon,1.986104649,0.488640954337499,0.488640954337499,0.5877526775549149,FALSE,FALSE
2021-03-22,King_Haakon,2.023348914,0.48945273167479786,0.48945273167479786,0.5877526775549149,FALSE,FALSE
2021-03-23,King_Haakon,2.064783621,0.49429190359519426,0.49429190359519426,0.5877526775549149,FALSE,FALSE
2021-03-24,King_Haakon,2.126492163,0.5192920442703863,0.5192920442703863,0.5877526775549149,FALSE,FALSE
2021-03-25,King_Haakon,2.157767746,0.5137965408720793,0.5137965408720793,0.5877526775549149,FALSE,FALSE
2021-03-26,King_Haakon,2.207136797,0.5263820015719687,0.5263820015719687,0.5877526775549149,FALSE,FALSE
2021-03-27,King_Haakon,2.25707843,0.5395777215417592,0.5395777215417592,0.5877526775549149,FALSE,FALSE
2021-03-28,King_Haakon,2.319705504,0.5655467409531496,0.5655467409531496,0.5877526775549149,FALSE,FALSE
2021-03-29,King_Haakon,2.370211904,0.5795331259778442,0.5795331259778442,0.5877526775549149,FALSE,FALSE
2021-03-30,King_Haakon,2.387557002,0.5605464297875415,0.5605464297875415,0.5877526775549149,FALSE,FALSE
2021-03-31,King_Haakon,2.389925056,0.5268125103987933,0.5268125103987933,0.5877526775549149,FALSE,FALSE
2021-04-01,King_Haakon,2.402325211,0.5033352079489795,0.5033352079489795,0.5877526775549149,FALSE,FALSE
2021-04-02,King_Haakon,2.404164275,0.4695000799378415,0.4695000799378415,0.5877526775549149,FALSE,FALSE
2021-04-03,King_Haakon,2.385609949,0.41545356368286845,0.41545356368286845,0.5877526775549149,FALSE,FALSE
2021-04-04,King_Haakon,2.383687068,0.37819923050155424,0.37819923050155424,0.5877526775549149,FALSE,FALSE
2021-04-05,King_Haakon,2.379294616,0.3386148007113894,0.3386148007113894,0.5877526775549149,FALSE,FALSE
2021-04-06,King_Haakon,2.377968217,0.3022146346298622,0.3022146346298622,0.5877526775549149,FALSE,FALSE
2021-04-07,King_Haakon,2.377281938,0.26655153557446987,0.26655153557446987,0.5877526775549149,FALSE,FALSE
2021-04-08,King_Haakon,2.394723689,0.249092149862701,0.249092149862701,0.5877526775549149,FALSE,FALSE
2021-04-09,King_Haakon,2.410430006,0.22995174981204825,0.22995174981204825,0.5877526775549149,FALSE,FALSE
2021-04-10,King_Haakon,2.439684282,0.2243924647399993,0.2243924647399993,0.5877526775549149,FALSE,FALSE
2021-04-11,King_Haakon,2.468207556,0.21811406996405047,0.21811406996405047,0.5877526775549149,FALSE,FALSE
2021-04-12,King_Haakon,2.522506288,0.2376019268479044,0.2376019268479044,0.5877526775549149,FALSE,FALSE
2021-04-13,King_Haakon,2.561364412,0.241630633637405,0.241630633637405,0.5877526775549149,FALSE,FALSE
2021-04-14,King_Haakon,2.590429233,0.23585755058409053,0.23585755058409053,0.5877526775549149,FALSE,FALSE
2021-04-15,King_Haakon,2.594366537,0.2049603301462386,0.2049603301462386,0.5877526775549149,FALSE,FALSE
2021-04-16,King_Haakon,2.594417281,0.17019179578212373,0.17019179578212373,0.5877526775549149,FALSE,FALSE
2021-04-17,King_Haakon,2.636158679,0.17714102795001896,0.17714102795001896,0.5877526775549149,FALSE,FALSE
2021-04-18,King_Haakon,2.648412481,0.1546416431082034,0.1546416431082034,0.5877526775549149,FALSE,FALSE
2021-04-19,King_Haakon,2.667557422,0.13908424271495168,0.13908424271495168,0.5877526775549149,FALSE,FALSE
2021-04-20,King_Haakon,2.718690795,0.15557798622853802,0.15557798622853802,0.5877526775549149,FALSE,FALSE
2021-04-21,King_Haakon,2.739758611,0.14208075110723595,0.14208075110723595,0.5877526775549149,FALSE,FALSE
2021-04-22,King_Haakon,2.718334774,0.08617830780932323,0.08617830780932323,0.5877526775549149,FALSE,FALSE
2021-04-23,King_Haakon,2.688768617,0.0222318557930734,0.0222318557930734,0.5877526775549149,FALSE,FALSE
2021-04-24,King_Haakon,2.680590642,-0.02021623648323611,0.02021623648323611,0.5877526775549149,FALSE,FALSE
2021-04-25,King_Haakon,2.685847687,-0.04910533583312304,0.04910533583312304,0.5877526775549149,FALSE,FALSE
2021-04-26,King_Haakon,2.686694576,-0.08224850504633618,0.08224850504633618,0.5877526775549149,FALSE,FALSE
2021-04-27,King_Haakon,2.687140358,-0.11559445926555244,0.11559445926555244,0.5877526775549149,FALSE,FALSE
2021-04-28,King_Haakon,2.716808028,-0.1194778610025451,0.1194778610025451,0.5877526775549149,FALSE,FALSE
2021-04-29,King_Haakon,2.721104424,-0.14844952976908,0.14844952976908,0.5877526775549149,FALSE,FALSE
2021-04-30,King_Haakon,2.760360762,-0.14213590707693546,0.14213590707693546,0.5877526775549149,FALSE,FALSE
2021-05-01,King_Haakon,2.796659812,-0.13841188043787422,0.13841188043787422,0.5877526775549149,FALSE,FALSE
2021-05-02,King_Haakon,2.82698557,-0.14025111136367352,0.14025111136367352,0.5877526775549149,FALSE,FALSE
2021-05-03,King_Haakon,2.87712673,-0.12182256336610076,0.12182256336610076,0.5877526775549149,FALSE,FALSE
2021-05-04,King_Haakon,2.919025578,-0.11114160795692785,0.11114160795692785,0.5877526775549149,FALSE,FALSE
2021-05-05,King_Haakon,2.949575607,-0.11127240964792452,0.11127240964792452,0.5877526775549149,FALSE,FALSE
2021-05-06,King_Haakon,2.977015359,-0.11393408395086446,0.11393408395086446,0.5877526775549149,FALSE,FALSE
2021-05-07,King_Haakon,3.021759631,-0.0986695125519299,0.0986695125519299,0.5877526775549149,FALSE,FALSE
2021-05-08,King_Haakon,3.0899813,-0.05927530220440547,0.05927530220440547,0.5877526775549149,FALSE,FALSE
2021-05-09,King_Haakon,3.125563159,-0.05186956252292862,0.05186956252292862,0.5877526775549149,FALSE,FALSE
2021-05-10,King_Haakon,3.181788753,-0.02317482065699527,0.02317482065699527,0.5877526775549149,FALSE,FALSE
2021-05-11,King_Haakon,3.222766692,-0.00908853875610704,0.00908853875610704,0.5877526775549149,FALSE,FALSE
2021-05-12,King_Haakon,3.242940012,-0.01517375296975753,0.01517375296975753,0.5877526775549149,FALSE,FALSE
2021-05-13,King_Haakon,3.320413424,0.03666817555255308,0.03666817555255308,0.5877526775549149,FALSE,FALSE
2021-05-14,King_Haakon,3.390610843,0.08185508966132637,0.08185508966132637,0.5877526775549149,FALSE,FALSE
2021-05-15,King_Haakon,3.424166735,0.0910153832070666,0.0910153832070666,0.5877526775549149,FALSE,FALSE
2021-05-16,King_Haakon,3.433952833,0.07701471704027218,0.07701471704027218,0.5877526775549149,FALSE,FALSE
2021-05-17,King_Haakon,3.437668095,0.0575459770114497,0.0575459770114497,0.5877526775549149,FALSE,FALSE
2021-05-18,King_Haakon,3.460826819,0.0581173889710973,0.0581173889710973,0.5877526775549149,FALSE,FALSE
2021-05-19,King_Haakon,3.478484391,0.05377826676971864,0.05377826676971864,0.5877526775549149,FALSE,FALSE
2021-05-20,King_Haakon,3.46026659,0.01414673911775787,0.01414673911775787,0.5877526775549149,FALSE,FALSE
2021-05-21,King_Haakon,3.466199565,-7.874920921784323e-4,7.874920921784323e-4,0.5877526775549149,FALSE,FALSE
2021-05-22,King_Haakon,3.464750992,-0.02261835728039285,0.02261835728039285,0.5877526775549149,FALSE,FALSE
2021-05-23,King_Haakon,3.470106285,-0.03722289534513345,0.03722289534513345,0.5877526775549149,FALSE,FALSE
2021-05-24,King_Haakon,3.466259838,-0.06066916518465293,0.06066916518465293,0.5877526775549149,FALSE,FALSE
2021-05-25,King_Haakon,3.455616573,-0.09061469769720176,0.09061469769720176,0.5877526775549149,FALSE,FALSE
2021-05-26,King_Haakon,3.452348614,-0.11294982178103252,0.11294982178103252,0.5877526775549149,FALSE,FALSE
2021-05-27,King_Haakon,3.501243817,-0.08294913433439488,0.08294913433439488,0.5877526775549149,FALSE,FALSE
2021-05-28,King_Haakon,3.514561896,-0.08841537425554291,0.08841537425554291,0.5877526775549149,FALSE,FALSE
2021-05-29,King_Haakon,3.504821551,-0.1168922944427262,0.1168922944427262,0.5877526775549149,FALSE,FALSE
2021-05-30,King_Haakon,3.501735231,-0.13872989879419428,0.13872989879419428,0.5877526775549149,FALSE,FALSE
2021-05-31,King_Haakon,3.490156159,-0.1691374172082054,0.1691374172082054,0.5877526775549149,FALSE,FALSE
2021-06-01,King_Haakon,3.484695939,-0.19356569858300388,0.19356569858300388,0.5877526775549149,FALSE,FALSE
2021-06-02,King_Haakon,3.485755168,-0.2116627464641203,0.2116627464641203,0.5877526775549149,FALSE,FALSE
2021-06-03,King_Haakon,3.482697775,-0.23405177961965284,0.23405177961965284,0.5877526775549149,FALSE,FALSE
2021-06-04,King_Haakon,3.497990366,-0.23823630455376144,0.23823630455376144,0.5877526775549149,FALSE,FALSE
2021-06-05,King_Haakon,3.560727792,-0.19509158213957625,0.19509158213957625,0.5877526775549149,FALSE,FALSE
2021-06-06,King_Haakon,3.588136628,-0.1873611492502212,0.1873611492502212,0.5877526775549149,FALSE,FALSE
2021-06-07,King_Haakon,3.610642772,-0.18458921975881817,0.18458921975881817,0.5877526775549149,FALSE,FALSE
2021-06-08,King_Haakon,3.650677726,-0.16431440353850268,0.16431440353850268,0.5877526775549149,FALSE,FALSE
2021-06-09,King_Haakon,3.714903155,-0.11984514746239984,0.11984514746239984,0.5877526775549149,FALSE,FALSE
2021-06-10,King_Haakon,3.775746895,-0.07872372740363609,0.07872372740363609,0.5877526775549149,FALSE,FALSE
2021-06-11,King_Haakon,3.819613373,-0.05451582823533707,0.05451582823533707,0.5877526775549149,FALSE,FALSE
2021-06-12,King_Haakon,3.847700479,-0.04599367183063041,0.04599367183063041,0.5877526775549149,FALSE,FALSE
2021-06-13,King_Haakon,3.903494439,-0.00964114406264604,0.00964114406264604,0.5877526775549149,FALSE,FALSE
2021-06-14,King_Haakon,3.934251036,0.00182730624470162,0.00182730624470162,0.5877526775549149,FALSE,FALSE
2021-06-15,King_Haakon,4.003644158,0.05211004733918267,0.05211004733918267,0.5877526775549149,FALSE,FALSE
2021-06-16,King_Haakon,4.057519084,0.08706958419444577,0.08706958419444577,0.5877526775549149,FALSE,FALSE
2021-06-17,King_Haakon,4.084395982,0.09524278519959097,0.09524278519959097,0.5877526775549149,FALSE,FALSE
2021-06-18,King_Haakon,4.078113424,0.07048492274373519,0.07048492274373519,0.5877526775549149,FALSE,FALSE
2021-06-19,King_Haakon,4.076073204,0.05021449121598476,0.05021449121598476,0.5877526775549149,FALSE,FALSE
2021-06-20,King_Haakon,4.107765911,0.06393878000545516,0.06393878000545516,0.5877526775549149,FALSE,FALSE
2021-06-21,King_Haakon,4.133776535,0.07225947950124922,0.07225947950124922,0.5877526775549149,FALSE,FALSE
2021-06-22,King_Haakon,4.17751298,0.09860119409248114,0.09860119409248114,0.5877526775549149,FALSE,FALSE
2021-06-23,King_Haakon,4.21006583,0.11407120816825778,0.11407120816825778,0.5877526775549149,FALSE,FALSE
2021-06-24,King_Haakon,4.236592244,0.12384338111769376,0.12384338111769376,0.5877526775549149,FALSE,FALSE
2021-06-25,King_Haakon,4.26969507,0.14053726132989564,0.14053726132989564,0.5877526775549149,FALSE,FALSE
2021-06-26,King_Haakon,4.275054048,0.12984928919397376,0.12984928919397376,0.5877526775549149,FALSE,FALSE
2021-06-27,King_Haakon,4.307719401,0.14684205066177913,0.14684205066177913,0.5877526775549149,FALSE,FALSE
2021-06-28,King_Haakon,4.342838702,0.16664270581754437,0.16664270581754437,0.5877526775549149,FALSE,FALSE
2021-06-29,King_Haakon,4.36436861,0.17317252416321072,0.17317252416321072,0.5877526775549149,FALSE,FALSE
2021-06-30,King_Haakon,4.368253574,0.1623404881984687,0.1623404881984687,0.5877526775549149,FALSE,FALSE
2021-07-01,King_Haakon,4.37394761,0.1535651474230102,0.1535651474230102,0.5877526775549149,FALSE,FALSE
2021-07-02,King_Haakon,4.397158837,0.1625191543365272,0.1625191543365272,0.5877526775549149,FALSE,FALSE
2021-07-03,King_Haakon,4.440643917,0.19192370443870388,0.19192370443870388,0.5877526775549149,FALSE,FALSE
2021-07-04,King_Haakon,4.451019558,0.1883600392292335,0.1883600392292335,0.5877526775549149,FALSE,FALSE
2021-07-05,King_Haakon,4.432547887,0.1560548192078084,0.1560548192078084,0.5877526775549149,FALSE,FALSE
2021-07-06,King_Haakon,4.477044738,0.18678841187411432,0.18678841187411432,0.5877526775549149,FALSE,FALSE
2021-07-07,King_Haakon,4.508111715,0.20412695472784748,0.20412695472784748,0.5877526775549149,FALSE,FALSE
2021-07-08,King_Haakon,4.545833386,0.22811954926869135,0.22811954926869135,0.5877526775549149,FALSE,FALSE
2021-07-09,King_Haakon,4.599051136,0.26757220519982283,0.26757220519982283,0.5877526775549149,FALSE,FALSE
2021-07-10,King_Haakon,4.629562953,0.2842652738793925,0.2842652738793925,0.5877526775549149,FALSE,FALSE
2021-07-11,King_Haakon,4.604360269,0.2452113712587076,0.2452113712587076,0.5877526775549149,FALSE,FALSE
2021-07-12,King_Haakon,4.573622707,0.20061644166298187,0.20061644166298187,0.5877526775549149,FALSE,FALSE
2021-07-13,King_Haakon,4.576502954,0.18965949341741872,0.18965949341741872,0.5877526775549149,FALSE,FALSE
2021-07-14,King_Haakon,4.580554307,0.17992014484723828,0.17992014484723828,0.5877526775549149,FALSE,FALSE
2021-07-15,King_Haakon,4.584633773,0.17028172427764865,0.17028172427764865,0.5877526775549149,FALSE,FALSE
2021-07-16,King_Haakon,4.582812746,0.15484194703386134,0.15484194703386134,0.5877526775549149,FALSE,FALSE
2021-07-17,King_Haakon,4.596028822,0.15456473044109045,0.15456473044109045,0.5877526775549149,FALSE,FALSE
2021-07-18,King_Haakon,4.590372941,0.1355673358245415,0.1355673358245415,0.5877526775549149,FALSE,FALSE
2021-07-19,King_Haakon,4.586234184,0.11826516550943288,0.11826516550943288,0.5877526775549149,FALSE,FALSE
2021-07-20,King_Haakon,4.545283454,0.0643554438209728,0.0643554438209728,0.5877526775549149,FALSE,FALSE
2021-07-21,King_Haakon,4.572019812,0.07836355308437248,0.07836355308437248,0.5877526775549149,FALSE,FALSE
2021-07-22,King_Haakon,4.639018015,0.132889569915581,0.132889569915581,0.5877526775549149,FALSE,FALSE
2021-07-23,King_Haakon,4.701822682,0.18348960704108563,0.18348960704108563,0.5877526775549149,FALSE,FALSE
2021-07-24,King_Haakon,4.722257594,0.19198886094786172,0.19198886094786172,0.5877526775549149,FALSE,FALSE
2021-07-25,King_Haakon,4.745526355,0.2035921225091988,0.2035921225091988,0.5877526775549149,FALSE,FALSE
2021-07-26,King_Haakon,4.778293656,0.22496526959837837,0.22496526959837837,0.5877526775549149,FALSE,FALSE
2021-07-27,King_Haakon,4.763714125,0.19926411708869107,0.19926411708869107,0.5877526775549149,FALSE,FALSE
2021-07-28,King_Haakon,4.754232732,0.17893482185342346,0.17893482185342346,0.5877526775549149,FALSE,FALSE
2021-07-29,King_Haakon,4.752059176,0.16618826976585763,0.16618826976585763,0.5877526775549149,FALSE,FALSE
2021-07-30,King_Haakon,4.728382806,0.13221499669928605,0.13221499669928605,0.5877526775549149,FALSE,FALSE
2021-07-31,King_Haakon,4.70924844,0.1030610075269891,0.1030610075269891,0.5877526775549149,FALSE,FALSE
2021-08-01,King_Haakon,4.720306543,0.1043779541222598,0.1043779541222598,0.5877526775549149,FALSE,FALSE
2021-08-02,King_Haakon,4.750949793,0.12555970135838024,0.12555970135838024,0.5877526775549149,FALSE,FALSE
2021-08-03,King_Haakon,4.751476266,0.1169055122823357,0.1169055122823357,0.5877526775549149,FALSE,FALSE
2021-08-04,King_Haakon,4.744512883,0.101048184098949,0.101048184098949,0.5877526775549149,FALSE,FALSE
2021-08-05,King_Haakon,4.727736783,0.0756876476166859,0.0756876476166859,0.5877526775549149,FALSE,FALSE
2021-08-06,King_Haakon,4.745567506,0.0852700476678967,0.0852700476678967,0.5877526775549149,FALSE,FALSE
2021-08-07,King_Haakon,4.791611068,0.12342800508493124,0.12342800508493124,0.5877526775549149,FALSE,FALSE
2021-08-08,King_Haakon,4.810811509,0.13513216470014466,0.13513216470014466,0.5877526775549149,FALSE,FALSE
2021-08-09,King_Haakon,4.795191232,0.11243153434588748,0.11243153434588748,0.5877526775549149,FALSE,FALSE
2021-08-10,King_Haakon,4.83212777,0.14273025185450994,0.14273025185450994,0.5877526775549149,FALSE,FALSE
2021-08-11,King_Haakon,4.852059744,0.15649354305836294,0.15649354305836294,0.5877526775549149,FALSE,FALSE
2021-08-12,King_Haakon,4.873061081,0.17182193978979932,0.17182193978979932,0.5877526775549149,FALSE,FALSE
2021-08-13,King_Haakon,4.823020296,0.11663056188116984,0.11663056188116984,0.5877526775549149,FALSE,FALSE
2021-08-14,King_Haakon,4.755050392,0.04405901716482763,0.04405901716482763,0.5877526775549149,FALSE,FALSE
2021-08-15,King_Haakon,4.715558273,5.408144731244846e-4,5.408144731244846e-4,0.5877526775549149,FALSE,FALSE
2021-08-16,King_Haakon,4.718638187,1.9486997404172257e-4,1.9486997404172257e-4,0.5877526775549149,FALSE,FALSE
2021-08-17,King_Haakon,4.723836914,0.00253506962212846,0.00253506962212846,0.5877526775549149,FALSE,FALSE
2021-08-18,King_Haakon,4.710670871,-0.01302094812111853,0.01302094812111853,0.5877526775549149,FALSE,FALSE
2021-08-19,King_Haakon,4.678622268,-0.04709336243471718,0.04709336243471718,0.5877526775549149,FALSE,FALSE
2021-08-20,King_Haakon,4.655234102,-0.07224156549769578,0.07224156549769578,0.5877526775549149,FALSE,FALSE
2021-08-21,King_Haakon,4.63901364,-0.09006067948906704,0.09006067948906704,0.5877526775549149,FALSE,FALSE
2021-08-22,King_Haakon,4.6379837,-0.09263027558786074,0.09263027558786074,0.5877526775549149,FALSE,FALSE
2021-08-23,King_Haakon,4.646482629,-0.08571439597309549,0.08571439597309549,0.5877526775549149,FALSE,FALSE
2021-08-24,King_Haakon,4.63925702,-0.09466883682379468,0.09466883682379468,0.5877526775549149,FALSE,FALSE
2021-08-25,King_Haakon,4.640612177,-0.0952906833189786,0.0952906833189786,0.5877526775549149,FALSE,FALSE
2021-08-26,King_Haakon,4.672490631,-0.06573979363767357,0.06573979363767357,0.5877526775549149,FALSE,FALSE
2021-08-27,King_Haakon,4.718712253,-0.02229868595889783,0.02229868595889783,0.5877526775549149,FALSE,FALSE
2021-08-28,King_Haakon,4.78640977,0.0420629775383281,0.0420629775383281,0.5877526775549149,FALSE,FALSE
2021-08-29,King_Haakon,4.914817349,0.16649833448735496,0.16649833448735496,0.5877526775549149,FALSE,FALSE
2021-08-30,King_Haakon,4.942392716,0.18951389996778545,0.18951389996778545,0.5877526775549149,FALSE,FALSE
2021-08-31,King_Haakon,5.008742263,0.25081363198501005,0.25081363198501005,0.5877526775549149,FALSE,FALSE
2021-09-01,King_Haakon,5.01635499,0.2529841840342044,0.2529841840342044,0.5877526775549149,FALSE,FALSE
2021-09-02,King_Haakon,4.952197926,0.18309023861054816,0.18309023861054816,0.5877526775549149,FALSE,FALSE
2021-09-03,King_Haakon,4.907937967,0.1328963452092227,0.1328963452092227,0.5877526775549149,FALSE,FALSE
2021-09-04,King_Haakon,4.978999487,0.1979245313254081,0.1979245313254081,0.5877526775549149,FALSE,FALSE
2021-09-05,King_Haakon,5.001168235,0.21405819945428473,0.21405819945428473,0.5877526775549149,FALSE,FALSE
2021-09-06,King_Haakon,4.976280929,0.18323172109102703,0.18323172109102703,0.5877526775549149,FALSE,FALSE
2021-09-07,King_Haakon,4.992773468,0.19397864873082415,0.19397864873082415,0.5877526775549149,FALSE,FALSE
2021-09-08,King_Haakon,5.002331855,0.19808263886884703,0.19808263886884703,0.5877526775549149,FALSE,FALSE
2021-09-09,King_Haakon,4.948278153,0.13896340800027485,0.13896340800027485,0.5877526775549149,FALSE,FALSE
2021-09-10,King_Haakon,4.916428313,0.10253412663106244,0.10253412663106244,0.5877526775549149,FALSE,FALSE
2021-09-11,King_Haakon,4.893783003,0.07585148295754429,0.07585148295754429,0.5877526775549149,FALSE,FALSE
2021-09-12,King_Haakon,4.872239016,0.05079373557309274,0.05079373557309274,0.5877526775549149,FALSE,FALSE
2021-09-13,King_Haakon,4.885538005,0.06107615312136616,0.06107615312136616,0.5877526775549149,FALSE,FALSE
2021-09-14,King_Haakon,4.858635524,0.03162790524602421,0.03162790524602421,0.5877526775549149,FALSE,FALSE
2021-09-15,King_Haakon,4.816534236,-0.01257472940928572,0.01257472940928572,0.5877526775549149,FALSE,FALSE
2021-09-16,King_Haakon,4.835922805,0.00513052879909459,0.00513052879909459,0.5877526775549149,FALSE,FALSE
2021-09-17,King_Haakon,4.864761539,0.03267760351482352,0.03267760351482352,0.5877526775549149,FALSE,FALSE
2021-09-18,King_Haakon,4.987790127,0.15477979938154984,0.15477979938154984,0.5877526775549149,FALSE,FALSE
2021-09-19,King_Haakon,5.024152725,0.1905548880429322,0.1905548880429322,0.5877526775549149,FALSE,FALSE
2021-09-20,King_Haakon,5.014108462,0.18023561414262268,0.18023561414262268,0.5877526775549149,FALSE,FALSE
2021-09-21,King_Haakon,4.999036063,0.1651743183242811,0.1651743183242811,0.5877526775549149,FALSE,FALSE
2021-09-22,King_Haakon,4.96441233,0.1308214182315579,0.1308214182315579,0.5877526775549149,FALSE,FALSE
2021-09-23,King_Haakon,4.89200142,0.05891448232301233,0.05891448232301233,0.5877526775549149,FALSE,FALSE
2021-09-24,King_Haakon,4.826234496,-0.00614410097397577,0.00614410097397577,0.5877526775549149,FALSE,FALSE
2021-09-25,King_Haakon,4.821519072,-0.00997691831214897,0.00997691831214897,0.5877526775549149,FALSE,FALSE
2021-09-26,King_Haakon,4.803738496,-0.02673074095060279,0.02673074095060279,0.5877526775549149,FALSE,FALSE
2021-09-27,King_Haakon,4.754155791,-0.07517266514845122,0.07517266514845122,0.5877526775549149,FALSE,FALSE
2021-09-28,King_Haakon,4.743647325,-0.08445644216479042,0.08445644216479042,0.5877526775549149,FALSE,FALSE
2021-09-29,King_Haakon,4.735389925,-0.09143536425873312,0.09143536425873312,0.5877526775549149,FALSE,FALSE
2021-09-30,King_Haakon,4.719849918,-0.10567322368937848,0.10567322368937848,0.5877526775549149,FALSE,FALSE
2021-10-01,King_Haakon,4.770667765,-0.05355967871583367,0.05355967871583367,0.5877526775549149,FALSE,FALSE
2021-10-02,King_Haakon,4.798709584,-0.02425873059720107,0.02425873059720107,0.5877526775549149,FALSE,FALSE
2021-10-03,King_Haakon,4.835800177,0.01402430340741123,0.01402430340741123,0.5877526775549149,FALSE,FALSE
2021-10-04,King_Haakon,4.866495963,0.0458157230389018,0.0458157230389018,0.5877526775549149,FALSE,FALSE
2021-10-05,King_Haakon,4.946642474,0.1269309593219985,0.1269309593219985,0.5877526775549149,FALSE,FALSE
2021-10-06,King_Haakon,5.016114687,0.19723700494693475,0.19723700494693475,0.5877526775549149,FALSE,FALSE
2021-10-07,King_Haakon,5.013207466,0.1950857968657953,0.1950857968657953,0.5877526775549149,FALSE,FALSE
2021-10-08,King_Haakon,5.000967278,0.18359277712842648,0.18359277712842648,0.5877526775549149,FALSE,FALSE
2021-10-09,King_Haakon,5.001373932,0.18480672978467536,0.18480672978467536,0.5877526775549149,FALSE,FALSE
2021-10-10,King_Haakon,5.019822398,0.2041915998843944,0.2041915998843944,0.5877526775549149,FALSE,FALSE
2021-10-11,King_Haakon,5.037774126,0.2232778124774235,0.2232778124774235,0.5877526775549149,FALSE,FALSE
2021-10-12,King_Haakon,5.053504181,0.24040940761361185,0.24040940761361185,0.5877526775549149,FALSE,FALSE
2021-10-13,King_Haakon,5.061226658,0.24986945534280913,0.24986945534280913,0.5877526775549149,FALSE,FALSE
2021-10-14,King_Haakon,5.108779972,0.2995653457148615,0.2995653457148615,0.5877526775549149,FALSE,FALSE
2021-10-15,King_Haakon,5.147974656,0.34137658677961635,0.34137658677961635,0.5877526775549149,FALSE,FALSE
2021-10-16,King_Haakon,5.164315462,0.3608769055869194,0.3608769055869194,0.5877526775549149,FALSE,FALSE
2021-10-17,King_Haakon,5.172328261,0.3726611481866184,0.3726611481866184,0.5877526775549149,FALSE,FALSE
2021-10-18,King_Haakon,5.182506171,0.3872886725788405,0.3872886725788405,0.5877526775549149,FALSE,FALSE
2021-10-19,King_Haakon,5.1923798,0.4022982351179536,0.4022982351179536,0.5877526775549149,FALSE,FALSE
2021-10-20,King_Haakon,5.187268522,0.4029618216568176,0.4029618216568176,0.5877526775549149,FALSE,FALSE
2021-10-21,King_Haakon,5.20748524,0.42954272335156407,0.42954272335156407,0.5877526775549149,FALSE,FALSE
2021-10-22,King_Haakon,5.255108301,0.48406967535832646,0.48406967535832646,0.5877526775549149,FALSE,FALSE
2021-10-23,King_Haakon,5.265954013,0.5023093738332332,0.5023093738332332,0.5877526775549149,FALSE,FALSE
2021-10-24,King_Haakon,5.266064525,0.5102543559324193,0.5102543559324193,0.5877526775549149,FALSE,FALSE
2021-10-25,King_Haakon,5.265992988,0.5184081608120206,0.5184081608120206,0.5877526775549149,FALSE,FALSE
2021-10-26,King_Haakon,5.295877775,0.5568595496281663,0.5568595496281663,0.5877526775549149,FALSE,FALSE
2021-10-27,King_Haakon,5.340659467,0.610499491536987,0.610499491536987,0.5877526775549149,TRUE,TRUE
2021-10-28,King_Haakon,5.37234536,0.651285670694616,0.651285670694616,0.5877526775549149,TRUE,TRUE
2021-10-29,King_Haakon,5.373036283,0.6612693042571847,0.6612693042571847,0.5877526775549149,TRUE,TRUE
2021-10-30,King_Haakon,5.355901236,0.6535697803808302,0.6535697803808302,0.5877526775549149,TRUE,TRUE
2021-10-31,King_Haakon,5.323750184,0.6309616132950913,0.6309616132950913,0.5877526775549149,TRUE,TRUE
2021-11-01,King_Haakon,5.272692185,0.5895881141077997,0.5895881141077997,0.5877526775549149,TRUE,TRUE
2021-11-02,King_Haakon,5.234388441,0.5611661482495824,0.5611661482495824,0.5877526775549149,FALSE,FALSE
2021-11-03,King_Haakon,5.245080698,0.5819931309067297,0.5819931309067297,0.5877526775549149,FALSE,FALSE
2021-11-04,King_Haakon,5.273848853,0.621204628265521,0.621204628265521,0.5877526775549149,TRUE,TRUE
2021-11-05,King_Haakon,5.272267213,0.630430616512248,0.630430616512248,0.5877526775549149,TRUE,TRUE
2021-11-06,King_Haakon,5.262309829,0.6317008158331898,0.6317008158331898,0.5877526775549149,TRUE,TRUE
2021-11-07,King_Haakon,5.260943555,0.6420377494146345,0.6420377494146345,0.5877526775549149,TRUE,TRUE
2021-11-08,King_Haakon,5.232871282,0.6261999774428686,0.6261999774428686,0.5877526775549149,TRUE,TRUE
2021-11-09,King_Haakon,5.203037414,0.6091875731041778,0.6091875731041778,0.5877526775549149,TRUE,TRUE
2021-11-10,King_Haakon,5.156160722,0.5757749765848459,0.5757749765848459,0.5877526775549149,FALSE,FALSE
2021-11-11,King_Haakon,5.109246248,0.5430228990711559,0.5430228990711559,0.5877526775549149,FALSE,FALSE
2021-11-12,King_Haakon,5.081319103,0.5300124218344324,0.5300124218344324,0.5877526775549149,FALSE,FALSE
2021-11-13,King_Haakon,5.005532497,0.4699693808690659,0.4699693808690659,0.5877526775549149,FALSE,FALSE
2021-11-14,King_Haakon,4.959672903,0.440777912196638,0.440777912196638,0.5877526775549149,FALSE,FALSE
2021-11-15,King_Haakon,4.902047141,0.40084456398099544,0.40084456398099544,0.5877526775549149,FALSE,FALSE
2021-11-16,King_Haakon,4.812711956,0.3303258093859842,0.3303258093859842,0.5877526775549149,FALSE,FALSE
2021-11-17,King_Haakon,4.721041586,0.2586956145754442,0.2586956145754442,0.5877526775549149,FALSE,FALSE
2021-11-18,King_Haakon,4.636723478,0.19574115471322265,0.19574115471322265,0.5877526775549149,FALSE,FALSE
2021-11-19,King_Haakon,4.58454037,0.16634489596316104,0.16634489596316104,0.5877526775549149,FALSE,FALSE
2021-11-20,King_Haakon,4.508096345,0.1142106494891042,0.1142106494891042,0.5877526775549149,FALSE,FALSE
2021-11-21,King_Haakon,4.394288913,0.02633565345489685,0.02633565345489685,0.5877526775549149,FALSE,FALSE
2021-11-22,King_Haakon,4.381548784,0.04125034602438227,0.04125034602438227,0.5877526775549149,FALSE,FALSE
2021-11-23,King_Haakon,4.360861466,0.05003996336140925,0.05003996336140925,0.5877526775549149,FALSE,FALSE
2021-11-24,King_Haakon,4.314702182,0.03527945662981313,0.03527945662981313,0.5877526775549149,FALSE,FALSE
2021-11-25,King_Haakon,4.2870132,0.04099347434810418,0.04099347434810418,0.5877526775549149,FALSE,FALSE
2021-11-26,King_Haakon,4.272747329,0.06207048255701508,0.06207048255701508,0.5877526775549149,FALSE,FALSE
2021-11-27,King_Haakon,4.241183814,0.06765160692880468,0.06765160692880468,0.5877526775549149,FALSE,FALSE
2021-11-28,King_Haakon,4.208218902,0.0734944163225908,0.0734944163225908,0.5877526775549149,FALSE,FALSE
2021-11-29,King_Haakon,4.169262775,0.07487041459749566,0.07487041459749566,0.5877526775549149,FALSE,FALSE
2021-11-30,King_Haakon,4.097143027,0.04446851761263915,0.04446851761263915,0.5877526775549149,FALSE,FALSE
2021-12-01,King_Haakon,4.063023281,0.0533136702271344,0.0533136702271344,0.5877526775549149,FALSE,FALSE
2021-12-02,King_Haakon,4.012408724,0.04677238130010597,0.04677238130010597,0.5877526775549149,FALSE,FALSE
2021-12-03,King_Haakon,3.92205403,0.00146064669067147,0.00146064669067147,0.5877526775549149,FALSE,FALSE
2021-12-04,King_Haakon,3.788641767,-0.08607764374205162,0.08607764374205162,0.5877526775549149,FALSE,FALSE
2021-12-05,King_Haakon,3.713336077,-0.11481702613894296,0.11481702613894296,0.5877526775549149,FALSE,FALSE
2021-12-06,King_Haakon,3.685812383,-0.0952207556408844,0.0952207556408844,0.5877526775549149,FALSE,FALSE
2021-12-07,King_Haakon,3.595474968,-0.13802306623871807,0.13802306623871807,0.5877526775549149,FALSE,FALSE
2021-12-08,King_Haakon,3.501165363,-0.18447091779490865,0.18447091779490865,0.5877526775549149,FALSE,FALSE
2021-12-09,King_Haakon,3.422003986,-0.21541173851879547,0.21541173851879547,0.5877526775549149,FALSE,FALSE
2021-12-10,King_Haakon,3.315851527,-0.27293486271478606,0.27293486271478606,0.5877526775549149,FALSE,FALSE
2021-12-11,King_Haakon,3.235961375,-0.3037369256872955,0.3037369256872955,0.5877526775549149,FALSE,FALSE
2021-12-12,King_Haakon,3.131109815,-0.35899166674073557,0.35899166674073557,0.5877526775549149,FALSE,FALSE
2021-12-13,King_Haakon,3.05332657,-0.3866193871795174,0.3866193871795174,0.5877526775549149,FALSE,FALSE
2021-12-14,King_Haakon,3.034147154,-0.355034597308054,0.355034597308054,0.5877526775549149,FALSE,FALSE
2021-12-15,King_Haakon,3.006102583,-0.3316563054307564,0.3316563054307564,0.5877526775549149,FALSE,FALSE
2021-12-16,King_Haakon,2.959429378,-0.3261980148520376,0.3261980148520376,0.5877526775549149,FALSE,FALSE
2021-12-17,King_Haakon,2.919340492,-0.31339679687630895,0.31339679687630895,0.5877526775549149,FALSE,FALSE
2021-12-18,King_Haakon,2.844020047,-0.3350185538079815,0.3350185538079815,0.5877526775549149,FALSE,FALSE
2021-12-19,King_Haakon,2.744782807,-0.3796985459514693,0.3796985459514693,0.5877526775549149,FALSE,FALSE
2021-12-20,King_Haakon,2.672236931,-0.3967830336460527,0.3967830336460527,0.5877526775549149,FALSE,FALSE
2021-12-21,King_Haakon,2.626895281,-0.38578306820395136,0.38578306820395136,0.5877526775549149,FALSE,FALSE
2021-12-22,King_Haakon,2.596292913,-0.359242978485792,0.359242978485792,0.5877526775549149,FALSE,FALSE
2021-12-23,King_Haakon,2.537937001,-0.35973652117355526,0.35973652117355526,0.5877526775549149,FALSE,FALSE
2021-12-24,King_Haakon,2.467137028,-0.3720351439492191,0.3720351439492191,0.5877526775549149,FALSE,FALSE
2021-12-25,King_Haakon,2.38227755,-0.39783522149475337,0.39783522149475337,0.5877526775549149,FALSE,FALSE
2021-12-26,King_Haakon,2.331637334,-0.38893891749213694,0.38893891749213694,0.5877526775549149,FALSE,FALSE
2021-12-27,King_Haakon,2.270180057,-0.39046348562334776,0.39046348562334776,0.5877526775549149,FALSE,FALSE
2021-12-28,King_Haakon,2.190398753,-0.4099968225703652,0.4099968225703652,0.5877526775549149,FALSE,FALSE
2021-12-29,King_Haakon,2.108123753,-0.43178952801515624,0.43178952801515624,0.5877526775549149,FALSE,FALSE
2021-12-30,King_Haakon,2.060868421,-0.41840916863970623,0.41840916863970623,0.5877526775549149,FALSE,FALSE
2021-12-31,King_Haakon,1.977502023,-0.4410674091259836,0.4410674091259836,0.5877526775549149,FALSE,FALSE
2022-01-01,King_Haakon,1.86494961,-0.4929201291559733,0.4929201291559733,0.5877526775549149,FALSE,FALSE
2022-01-02,King_Haakon,1.814600758,-0.4826616813819155,0.4826616813819155,0.5877526775549149,FALSE,FALSE
2022-01-03,King_Haakon,1.757647696,-0.4791957573371557,0.4791957573371557,0.5877526775549149,FALSE,FALSE
2022-01-04,King_Haakon,1.702751218,-0.4739604815253009,0.4739604815253009,0.5877526775549149,FALSE,FALSE
2022-01-05,King_Haakon,1.660640833,-0.45632526344996593,0.45632526344996593,0.5877526775549149,FALSE,FALSE
2022-01-06,King_Haakon,1.613522151,-0.4441834116147547,0.4441834116147547,0.5877526775549149,FALSE,FALSE
2022-01-07,King_Haakon,1.551910462,-0.4471185545232841,0.4471185545232841,0.5877526775549149,FALSE,FALSE
2022-01-08,King_Haakon,1.494346592,-0.4466887846791665,0.4466887846791665,0.5877526775549149,FALSE,FALSE
2022-01-09,King_Haakon,1.438457094,-0.4453664675860074,0.4453664675860074,0.5877526775549149,FALSE,FALSE
2022-01-10,King_Haakon,1.407545819,-0.4199466707474231,0.4199466707474231,0.5877526775549149,FALSE,FALSE
2022-01-11,King_Haakon,1.379387099,-0.3927539806670224,0.3927539806670224,0.5877526775549149,FALSE,FALSE
2022-01-12,King_Haakon,1.349899105,-0.36796914484841503,0.36796914484841503,0.5877526775549149,FALSE,FALSE
2022-01-13,King_Haakon,1.310093521,-0.35467939779521496,0.35467939779521496,0.5877526775549149,FALSE,FALSE
2022-01-14,King_Haakon,1.237968703,-0.3749845319021019,0.3749845319021019,0.5877526775549149,FALSE,FALSE
2022-01-15,King_Haakon,1.238335338,-0.3241443733295837,0.3241443733295837,0.5877526775549149,FALSE,FALSE
2022-01-16,King_Haakon,1.188906252,-0.3244819882068448,0.3244819882068448,0.5877526775549149,FALSE,FALSE
2022-01-17,King_Haakon,1.121595768,-0.34411675611146153,0.34411675611146153,0.5877526775549149,FALSE,FALSE
2022-01-18,King_Haakon,1.067288957,-0.3521973086210115,0.3521973086210115,0.5877526775549149,FALSE,FALSE
2022-01-19,King_Haakon,1.018626442,-0.3561167253130739,0.3561167253130739,0.5877526775549149,FALSE,FALSE
2022-01-20,King_Haakon,0.99696097,-0.3345559617652254,0.3345559617652254,0.5877526775549149,FALSE,FALSE
2022-01-21,King_Haakon,0.961266978,-0.32857428355504403,0.32857428355504403,0.5877526775549149,FALSE,FALSE
2022-01-22,King_Haakon,0.924173512,-0.3255763472601073,0.3255763472601073,0.5877526775549149,FALSE,FALSE
2022-01-23,King_Haakon,0.877976455,-0.3332999724579928,0.3332999724579928,0.5877526775549149,FALSE,FALSE
2022-01-24,King_Haakon,0.837764125,-0.3366905437262805,0.3366905437262805,0.5877526775549149,FALSE,FALSE
2022-01-25,King_Haakon,0.810741436,-0.3285768496425461,0.3285768496425461,0.5877526775549149,FALSE,FALSE
2022-01-26,King_Haakon,0.794433125,-0.311467855784367,0.311467855784367,0.5877526775549149,FALSE,FALSE
2022-01-27,King_Haakon,0.7950173,-0.2792103576497831,0.2792103576497831,0.5877526775549149,FALSE,FALSE
2022-01-28,King_Haakon,0.769978202,-0.2742854527294235,0.2742854527294235,0.5877526775549149,FALSE,FALSE
2022-01-29,King_Haakon,0.741395435,-0.27455417647728275,0.27455417647728275,0.5877526775549149,FALSE,FALSE
2022-01-30,King_Haakon,0.681532159,-0.3076939287839192,0.3076939287839192,0.5877526775549149,FALSE,FALSE
2022-01-31,King_Haakon,0.661580271,-0.3024533725398919,0.3024533725398919,0.5877526775549149,FALSE,FALSE
2022-02-01,King_Haakon,0.625032516,-0.31528032263575767,0.31528032263575767,0.5877526775549149,FALSE,FALSE
2022-02-02,King_Haakon,0.584985768,-0.33301846496207566,0.33301846496207566,0.5877526775549149,FALSE,FALSE
2022-02-03,King_Haakon,0.578240104,-0.3188082824094036,0.3188082824094036,0.5877526775549149,FALSE,FALSE
2022-02-04,King_Haakon,0.535017084,-0.3423687748683001,0.3423687748683001,0.5877526775549149,FALSE,FALSE
2022-02-05,King_Haakon,0.520455815,-0.33850139522932376,0.33850139522932376,0.5877526775549149,FALSE,FALSE
2022-02-06,King_Haakon,0.521898343,-0.31980465738303054,0.31980465738303054,0.5877526775549149,FALSE,FALSE
2022-02-07,King_Haakon,0.506704961,-0.31885882821998135,0.31885882821998135,0.5877526775549149,FALSE,FALSE
2022-02-08,King_Haakon,0.473886811,-0.3365937170455257,0.3365937170455257,0.5877526775549149,FALSE,FALSE
2022-02-09,King_Haakon,0.459630433,-0.3368154110468165,0.3368154110468165,0.5877526775549149,FALSE,FALSE
2022-02-10,King_Haakon,0.427618785,-0.3559363503287543,0.3559363503287543,0.5877526775549149,FALSE,FALSE
2022-02-11,King_Haakon,0.387308222,-0.384607728972065,0.384607728972065,0.5877526775549149,FALSE,FALSE
2022-02-12,King_Haakon,0.401416671,-0.36021916905747997,0.36021916905747997,0.5877526775549149,FALSE,FALSE
2022-02-13,King_Haakon,0.384458835,-0.3683635166657282,0.3683635166657282,0.5877526775549149,FALSE,FALSE
2022-02-14,King_Haakon,0.366221216,-0.3793618188775355,0.3793618188775355,0.5877526775549149,FALSE,FALSE
2022-02-15,King_Haakon,0.365567638,-0.3744578007736328,0.3744578007736328,0.5877526775549149,FALSE,FALSE
2022-02-16,King_Haakon,0.335513859,-0.4007432534347473,0.4007432534347473,0.5877526775549149,FALSE,FALSE
2022-02-17,King_Haakon,0.30984978,-0.42453582494160885,0.42453582494160885,0.5877526775549149,FALSE,FALSE
2022-02-18,King_Haakon,0.297139411,-0.4373790543749457,0.4373790543749457,0.5877526775549149,FALSE,FALSE
2022-02-19,King_Haakon,0.282957643,-0.4538055998154856,0.4538055998154856,0.5877526775549149,FALSE,FALSE
2022-02-20,King_Haakon,0.258028691,-0.4831987953439584,0.4831987953439584,0.5877526775549149,FALSE,FALSE
2022-02-21,King_Haakon,0.251804502,-0.4962038151558226,0.4962038151558226,0.5877526775549149,FALSE,FALSE
2022-02-22,King_Haakon,0.241286854,-0.5157895785906825,0.5157895785906825,0.5877526775549149,FALSE,FALSE
2022-02-23,King_Haakon,0.221859778,-0.5464586493222797,0.5464586493222797,0.5877526775549149,FALSE,FALSE
2022-02-24,King_Haakon,0.232745232,-0.5488741437028392,0.5488741437028392,0.5877526775549149,FALSE,FALSE
2022-02-25,King_Haakon,0.225971028,-0.5708933240845895,0.5708933240845895,0.5877526775549149,FALSE,FALSE
2022-02-26,King_Haakon,0.22028452,-0.5936539108197577,0.5936539108197577,0.5877526775549149,TRUE,TRUE
2022-02-27,King_Haakon,0.226305277,-0.6064214092605709,0.6064214092605709,0.5877526775549149,TRUE,TRUE
2022-02-28,King_Haakon,0.239928721,-0.6131854717592571,0.6131854717592571,0.5877526775549149,TRUE,TRUE
2022-03-01,King_Haakon,0.278213035,-0.596772989668042,0.596772989668042,0.5877526775549149,TRUE,TRUE
2022-03-02,King_Haakon,0.281961396,-0.6162658603391546,0.6162658603391546,0.5877526775549149,TRUE,TRUE
2022-03-03,King_Haakon,0.298482355,-0.62424060712482,0.62424060712482,0.5877526775549149,TRUE,TRUE
2022-03-04,King_Haakon,0.303245811,-0.645112405377267,0.645112405377267,0.5877526775549149,TRUE,TRUE
2022-03-05,King_Haakon,0.286730974,-0.6882871234311633,0.6882871234311633,0.5877526775549149,TRUE,TRUE
2022-03-06,King_Haakon,0.305598803,-0.6970036948022481,0.6970036948022481,0.5877526775549149,TRUE,TRUE
2022-03-07,King_Haakon,0.322051685,-0.7090078543526492,0.7090078543526492,0.5877526775549149,TRUE,TRUE
2022-03-08,King_Haakon,0.323448658,-0.7368984842416788,0.7368984842416788,0.5877526775549149,TRUE,TRUE
2022-03-09,King_Haakon,0.326207933,-0.7642152936286544,0.7642152936286544,0.5877526775549149,TRUE,TRUE
2022-03-10,King_Haakon,0.352005651,-0.7692400616728912,0.7692400616728912,0.5877526775549149,TRUE,TRUE
2022-03-11,King_Haakon,0.364181583,-0.7885909375337021,0.7885909375337021,0.5877526775549149,TRUE,TRUE
2022-03-12,King_Haakon,0.36542064,-0.8195409303704027,0.8195409303704027,0.5877526775549149,TRUE,TRUE
2022-03-13,King_Haakon,0.375848206,-0.841922576342308,0.841922576342308,0.5877526775549149,TRUE,TRUE
2022-03-14,King_Haakon,0.418481868,-0.8326762086087343,0.8326762086087343,0.5877526775549149,TRUE,TRUE
2022-03-15,King_Haakon,0.465067546,-0.820013827328995,0.820013827328995,0.5877526775549149,TRUE,TRUE
2022-03-16,King_Haakon,0.498548766,-0.8209498266624066,0.8209498266624066,0.5877526775549149,TRUE,TRUE
2022-03-17,King_Haakon,0.508736231,-0.8456314237682822,0.8456314237682822,0.5877526775549149,TRUE,TRUE
2022-03-18,King_Haakon,0.550212651,-0.8394336768928321,0.8394336768928321,0.5877526775549149,TRUE,TRUE
2022-03-19,King_Haakon,0.590647554,-0.8346410322746154,0.8346410322746154,0.5877526775549149,TRUE,TRUE
2022-03-20,King_Haakon,0.605866126,-0.8553783095884047,0.8553783095884047,0.5877526775549149,TRUE,TRUE
2022-03-21,King_Haakon,0.655739262,-0.8417244326625011,0.8417244326625011,0.5877526775549149,TRUE,TRUE
2022-03-22,King_Haakon,0.69057158,-0.8433246023252022,0.8433246023252022,0.5877526775549149,TRUE,TRUE
2022-03-23,King_Haakon,0.808865061,-0.7616266564048059,0.7616266564048059,0.5877526775549149,TRUE,TRUE
2022-03-24,King_Haakon,0.931081112,-0.6761190067296137,0.6761190067296137,0.5877526775549149,TRUE,TRUE
2022-03-25,King_Haakon,1.019778355,-0.624192850127921,0.624192850127921,0.5877526775549149,TRUE,TRUE
2022-03-26,King_Haakon,1.088367313,-0.5923874824280313,0.5923874824280313,0.5877526775549149,TRUE,TRUE
2022-03-27,King_Haakon,1.149791336,-0.5677093724582407,0.5677093724582407,0.5877526775549149,FALSE,FALSE
2022-03-28,King_Haakon,1.189394324,-0.5647644390468503,0.5647644390468503,0.5877526775549149,FALSE,FALSE
2022-03-29,King_Haakon,1.274856987,-0.5158217910221559,0.5158217910221559,0.5877526775549149,FALSE,FALSE
2022-03-30,King_Haakon,1.348808627,-0.4782019452124584,0.4782019452124584,0.5877526775549149,FALSE,FALSE
2022-03-31,King_Haakon,1.454708865,-0.4084036806012068,0.4084036806012068,0.5877526775549149,FALSE,FALSE
2022-04-01,King_Haakon,1.583647976,-0.31534202705102055,0.31534202705102055,0.5877526775549149,FALSE,FALSE
2022-04-02,King_Haakon,1.663618977,-0.2710452180621583,0.2710452180621583,0.5877526775549149,FALSE,FALSE
2022-04-03,King_Haakon,1.670024076,-0.30013230931713153,0.30013230931713153,0.5877526775549149,FALSE,FALSE
2022-04-04,King_Haakon,1.629150068,-0.3763377694984458,0.3763377694984458,0.5877526775549149,FALSE,FALSE
2022-04-05,King_Haakon,1.627902403,-0.4127774122886107,0.4127774122886107,0.5877526775549149,FALSE,FALSE
2022-04-06,King_Haakon,1.714129143,-0.3616244393701375,0.3616244393701375,0.5877526775549149,FALSE,FALSE
2022-04-07,King_Haakon,1.735682366,-0.37504803642553,0.37504803642553,0.5877526775549149,FALSE,FALSE
2022-04-08,King_Haakon,1.778494843,-0.36713669613729905,0.36713669613729905,0.5877526775549149,FALSE,FALSE
2022-04-09,King_Haakon,1.830301947,-0.35017630918795173,0.35017630918795173,0.5877526775549149,FALSE,FALSE
2022-04-10,King_Haakon,1.883483529,-0.33180828826000064,0.33180828826000064,0.5877526775549149,FALSE,FALSE
2022-04-11,King_Haakon,1.954638667,-0.2954548190359494,0.2954548190359494,0.5877526775549149,FALSE,FALSE
2022-04-12,King_Haakon,1.977636119,-0.3072682421520958,0.3072682421520958,0.5877526775549149,FALSE,FALSE
2022-04-13,King_Haakon,1.987432896,-0.33230088236259503,0.33230088236259503,0.5877526775549149,FALSE,FALSE
2022-04-14,King_Haakon,2.033309331,-0.32126235141590964,0.32126235141590964,0.5877526775549149,FALSE,FALSE
2022-04-15,King_Haakon,2.074726837,-0.3146793698537613,0.3146793698537613,0.5877526775549149,FALSE,FALSE
2022-04-16,King_Haakon,2.104594291,-0.3196311942178762,0.3196311942178762,0.5877526775549149,FALSE,FALSE
2022-04-17,King_Haakon,2.143719767,-0.31529788404998094,0.31529788404998094,0.5877526775549149,FALSE,FALSE
2022-04-18,King_Haakon,2.18842869,-0.3053421478917966,0.3053421478917966,0.5877526775549149,FALSE,FALSE
2022-04-19,King_Haakon,2.24420709,-0.28426608928504793,0.28426608928504793,0.5877526775549149,FALSE,FALSE
2022-04-20,King_Haakon,2.299213048,-0.26389976077146216,0.26389976077146216,0.5877526775549149,FALSE,FALSE
2022-04-21,King_Haakon,2.350467644,-0.24721021589276404,0.24721021589276404,0.5877526775549149,FALSE,FALSE
2022-04-22,King_Haakon,2.382060674,-0.250095792190677,0.250095792190677,0.5877526775549149,FALSE,FALSE
2022-04-23,King_Haakon,2.410145484,-0.25639127720692656,0.25639127720692656,0.5877526775549149,FALSE,FALSE
2022-04-24,King_Haakon,2.406093338,-0.29471354048323617,0.29471354048323617,0.5877526775549149,FALSE,FALSE
2022-04-25,King_Haakon,2.416537629,-0.3184153938331229,0.3184153938331229,0.5877526775549149,FALSE,FALSE
2022-04-26,King_Haakon,2.489066648,-0.2798764330463359,0.2798764330463359,0.5877526775549149,FALSE,FALSE
2022-04-27,King_Haakon,2.500456798,-0.30227801926555253,0.30227801926555253,0.5877526775549149,FALSE,FALSE
2022-04-28,King_Haakon,2.579251847,-0.257034042002545,0.257034042002545,0.5877526775549149,FALSE,FALSE
2022-04-29,King_Haakon,2.622558137,-0.24699581676908,0.24699581676908,0.5877526775549149,FALSE,FALSE
2022-04-30,King_Haakon,2.647581957,-0.2549147120769355,0.2549147120769355,0.5877526775549149,FALSE,FALSE
2022-05-01,King_Haakon,2.69270182,-0.24236987243787445,0.24236987243787445,0.5877526775549149,FALSE,FALSE
2022-05-02,King_Haakon,2.736831034,-0.23040564736367353,0.23040564736367353,0.5877526775549149,FALSE,FALSE
2022-05-03,King_Haakon,2.757718905,-0.2412303883661009,0.2412303883661009,0.5877526775549149,FALSE,FALSE
2022-05-04,King_Haakon,2.823946143,-0.20622104295692756,0.20622104295692756,0.5877526775549149,FALSE,FALSE
2022-05-05,King_Haakon,2.851164354,-0.2096836626479246,0.2096836626479246,0.5877526775549149,FALSE,FALSE
2022-05-06,King_Haakon,2.896894092,-0.19405535095086449,0.19405535095086449,0.5877526775549149,FALSE,FALSE
2022-05-07,King_Haakon,2.932569143,-0.1878600005519302,0.1878600005519302,0.5877526775549149,FALSE,FALSE
2022-05-08,King_Haakon,2.974980065,-0.17427653720440528,0.17427653720440528,0.5877526775549149,FALSE,FALSE
2022-05-09,King_Haakon,3.02228506,-0.15514766152292836,0.15514766152292836,0.5877526775549149,FALSE,FALSE
2022-05-10,King_Haakon,3.08115258,-0.12381099365699556,0.12381099365699556,0.5877526775549149,FALSE,FALSE
2022-05-11,King_Haakon,3.121982117,-0.10987311375610707,0.10987311375610707,0.5877526775549149,FALSE,FALSE
2022-05-12,King_Haakon,3.186267732,-0.07184603296975745,0.07184603296975745,0.5877526775549149,FALSE,FALSE
2022-05-13,King_Haakon,3.269287009,-0.01445823944744662,0.01445823944744662,0.5877526775549149,FALSE,FALSE
2022-05-14,King_Haakon,3.320992359,0.01223660566132611,0.01223660566132611,0.5877526775549149,FALSE,FALSE
2022-05-15,King_Haakon,3.372264348,0.03911299620706643,0.03911299620706643,0.5877526775549149,FALSE,FALSE
2022-05-16,King_Haakon,3.407757683,0.05081956704027179,0.05081956704027179,0.5877526775549149,FALSE,FALSE
2022-05-17,King_Haakon,3.423480504,0.04335838601144992,0.04335838601144992,0.5877526775549149,FALSE,FALSE
2022-05-18,King_Haakon,3.441518229,0.03880879897109723,0.03880879897109723,0.5877526775549149,FALSE,FALSE
2022-05-19,King_Haakon,3.456921622,0.03221549776971866,0.03221549776971866,0.5877526775549149,FALSE,FALSE
2022-05-20,King_Haakon,3.4774429589999998,0.03132310811775785,0.03132310811775785,0.5877526775549149,FALSE,FALSE
2022-05-21,King_Haakon,3.47713278,0.01014572290782123,0.01014572290782123,0.5877526775549149,FALSE,FALSE
2022-05-22,King_Haakon,3.459941054,-0.02742829528039259,0.02742829528039259,0.5877526775549149,FALSE,FALSE
2022-05-23,King_Haakon,3.438793714,-0.06853546634513341,0.06853546634513341,0.5877526775549149,FALSE,FALSE
2022-05-24,King_Haakon,3.437755142,-0.08917386118465309,0.08917386118465309,0.5877526775549149,FALSE,FALSE
2022-05-25,King_Haakon,3.457919832,-0.0883114386972017,0.0883114386972017,0.5877526775549149,FALSE,FALSE
2022-05-26,King_Haakon,3.46438791,-0.10091052578103232,0.10091052578103232,0.5877526775549149,FALSE,FALSE
2022-05-27,King_Haakon,3.451864819,-0.13232813233439522,0.13232813233439522,0.5877526775549149,FALSE,FALSE
2022-05-28,King_Haakon,3.462784443,-0.14019282725554305,0.14019282725554305,0.5877526775549149,FALSE,FALSE
2022-05-29,King_Haakon,3.45052279,-0.17119105544272628,0.17119105544272628,0.5877526775549149,FALSE,FALSE
2022-05-30,King_Haakon,3.415285307,-0.22517982279419435,0.22517982279419435,0.5877526775549149,FALSE,FALSE
2022-05-31,King_Haakon,3.391449654,-0.2678439222082054,0.2678439222082054,0.5877526775549149,FALSE,FALSE
2022-06-01,King_Haakon,3.469112597,-0.20914904058300365,0.20914904058300365,0.5877526775549149,FALSE,FALSE
2022-06-02,King_Haakon,3.580974227,-0.11644368746412016,0.11644368746412016,0.5877526775549149,FALSE,FALSE
2022-06-03,King_Haakon,3.63999825,-0.07675130461965285,0.07675130461965285,0.5877526775549149,FALSE,FALSE
2022-06-04,King_Haakon,3.708481878,-0.02774479255376105,0.02774479255376105,0.5877526775549149,FALSE,FALSE
2022-06-05,King_Haakon,3.771163075,0.01534370086042402,0.01534370086042402,0.5877526775549149,FALSE,FALSE
2022-06-06,King_Haakon,3.817391625,0.04189384774977878,0.04189384774977878,0.5877526775549149,FALSE,FALSE
2022-06-07,King_Haakon,3.83688523,0.04165323824118205,0.04165323824118205,0.5877526775549149,FALSE,FALSE
2022-06-08,King_Haakon,3.854705603,0.03971347346149745,0.03971347346149745,0.5877526775549149,FALSE,FALSE
2022-06-09,King_Haakon,3.853715814,0.01896751153760023,0.01896751153760023,0.5877526775549149,FALSE,FALSE
2022-06-10,King_Haakon,3.914792825,0.06032220259636389,0.06032220259636389,0.5877526775549149,FALSE,FALSE
2022-06-11,King_Haakon,3.992762643,0.11863344176466262,0.11863344176466262,0.5877526775549149,FALSE,FALSE
2022-06-12,King_Haakon,4.029877239,0.13618308816936997,0.13618308816936997,0.5877526775549149,FALSE,FALSE
2022-06-13,King_Haakon,4.049326885,0.13619130193735396,0.13619130193735396,0.5877526775549149,FALSE,FALSE
2022-06-14,King_Haakon,4.06669087,0.134267140244702,0.134267140244702,0.5877526775549149,FALSE,FALSE
2022-06-15,King_Haakon,4.108256471,0.1567223603391823,0.1567223603391823,0.5877526775549149,FALSE,FALSE
2022-06-16,King_Haakon,4.137955702,0.167506202194446,0.167506202194446,0.5877526775549149,FALSE,FALSE
2022-06-17,King_Haakon,4.158403244,0.16925004719959036,0.16925004719959036,0.5877526775549149,FALSE,FALSE
2022-06-18,King_Haakon,4.160262237,0.15263373574373595,0.15263373574373595,0.5877526775549149,FALSE,FALSE
2022-06-19,King_Haakon,4.147247546,0.1213888332159847,0.1213888332159847,0.5877526775549149,FALSE,FALSE
2022-06-20,King_Haakon,4.134113041,0.09028591000545472,0.09028591000545472,0.5877526775549149,FALSE,FALSE
2022-06-21,King_Haakon,4.096776153,0.03525909750124967,0.03525909750124967,0.5877526775549149,FALSE,FALSE
2022-06-22,King_Haakon,4.070836612,-0.00807517390751932,0.00807517390751932,0.5877526775549149,FALSE,FALSE
2022-06-23,King_Haakon,4.068679133,-0.02731548883174195,0.02731548883174195,0.5877526775549149,FALSE,FALSE
2022-06-24,King_Haakon,4.099913978,-0.01283488488230588,0.01283488488230588,0.5877526775549149,FALSE,FALSE
2022-06-25,King_Haakon,4.130087026,9.29217329895593e-4,9.29217329895593e-4,0.5877526775549149,FALSE,FALSE
2022-06-26,King_Haakon,4.166925043,0.02172028419397342,0.02172028419397342,0.5877526775549149,FALSE,FALSE
2022-06-27,King_Haakon,4.210319278,0.04944192766177924,0.04944192766177924,0.5877526775549149,FALSE,FALSE
2022-06-28,King_Haakon,4.217056586,0.04086058981754448,0.04086058981754448,0.5877526775549149,FALSE,FALSE
2022-06-29,King_Haakon,4.218158238,0.02696215216321107,0.02696215216321107,0.5877526775549149,FALSE,FALSE
2022-06-30,King_Haakon,4.245501541,0.03958845519846932,0.03958845519846932,0.5877526775549149,FALSE,FALSE
2022-07-01,King_Haakon,4.24269689,0.02231442742301048,0.02231442742301048,0.5877526775549149,FALSE,FALSE
2022-07-02,King_Haakon,4.261950797,0.02731111433652699,0.02731111433652699,0.5877526775549149,FALSE,FALSE
2022-07-03,King_Haakon,4.296975737,0.04825552443870418,0.04825552443870418,0.5877526775549149,FALSE,FALSE
2022-07-04,King_Haakon,4.29930291,0.03664339122923366,0.03664339122923366,0.5877526775549149,FALSE,FALSE
2022-07-05,King_Haakon,4.295194897,0.01870182920780827,0.01870182920780827,0.5877526775549149,FALSE,FALSE
2022-07-06,King_Haakon,4.3069369,0.01668057387411448,0.01668057387411448,0.5877526775549149,FALSE,FALSE
2022-07-07,King_Haakon,4.301939196,-0.00204556427215241,0.00204556427215241,0.5877526775549149,FALSE,FALSE
2022-07-08,King_Haakon,4.31597119,-0.00174264673130863,0.00174264673130863,0.5877526775549149,FALSE,FALSE
2022-07-09,King_Haakon,4.324178061,-0.00730086980017752,0.00730086980017752,0.5877526775549149,FALSE,FALSE
2022-07-10,King_Haakon,4.364069452,0.01877177287939258,0.01877177287939258,0.5877526775549149,FALSE,FALSE
2022-07-11,King_Haakon,4.385338427,0.02618952925870754,0.02618952925870754,0.5877526775549149,FALSE,FALSE
2022-07-12,King_Haakon,4.356653194,-0.01635307133701857,0.01635307133701857,0.5877526775549149,FALSE,FALSE
2022-07-13,King_Haakon,4.350770641,-0.03607281958258124,0.03607281958258124,0.5877526775549149,FALSE,FALSE
2022-07-14,King_Haakon,4.400558754,-7.540815276119162e-5,7.540815276119162e-5,0.5877526775549149,FALSE,FALSE
2022-07-15,King_Haakon,4.495185943,0.08083389427764853,0.08083389427764853,0.5877526775549149,FALSE,FALSE
2022-07-16,King_Haakon,4.540549942,0.1125791430338614,0.1125791430338614,0.5877526775549149,FALSE,FALSE
2022-07-17,King_Haakon,4.535042508,0.09357841644109044,0.09357841644109044,0.5877526775549149,FALSE,FALSE
2022-07-18,King_Haakon,4.510598855,0.05579324982454103,0.05579324982454103,0.5877526775549149,FALSE,FALSE
2022-07-19,King_Haakon,4.503975129,0.03600611050943225,0.03600611050943225,0.5877526775549149,FALSE,FALSE
2022-07-20,King_Haakon,4.49468002,0.01375200982097268,0.01375200982097268,0.5877526775549149,FALSE,FALSE
2022-07-21,King_Haakon,4.51404969,0.02039343108437297,0.02039343108437297,0.5877526775549149,FALSE,FALSE
2022-07-22,King_Haakon,4.563503937,0.05737549191558067,0.05737549191558067,0.5877526775549149,FALSE,FALSE
2022-07-23,King_Haakon,4.62088565,0.10255257504108516,0.10255257504108516,0.5877526775549149,FALSE,FALSE
2022-07-24,King_Haakon,4.631608004,0.10133927094786176,0.10133927094786176,0.5877526775549149,FALSE,FALSE
2022-07-25,King_Haakon,4.654884901,0.11295066850919876,0.11295066850919876,0.5877526775549149,FALSE,FALSE
2022-07-26,King_Haakon,4.714877612,0.16154922559837903,0.16154922559837903,0.5877526775549149,FALSE,FALSE
2022-07-27,King_Haakon,4.769966802,0.20551679408869103,0.20551679408869103,0.5877526775549149,FALSE,FALSE
2022-07-28,King_Haakon,4.864329983,0.28903207285342347,0.28903207285342347,0.5877526775549149,FALSE,FALSE
2022-07-29,King_Haakon,4.951691351,0.3658204447658573,0.3658204447658573,0.5877526775549149,FALSE,FALSE
2022-07-30,King_Haakon,5.004621651,0.408453841699286,0.408453841699286,0.5877526775549149,FALSE,FALSE
2022-07-31,King_Haakon,5.026907183,0.42071975052698907,0.42071975052698907,0.5877526775549149,FALSE,FALSE
2022-08-01,King_Haakon,5.052821708,0.43689311912225914,0.43689311912225914,0.5877526775549149,FALSE,FALSE
2022-08-02,King_Haakon,5.089475155,0.46408506335837973,0.46408506335837973,0.5877526775549149,FALSE,FALSE
2022-08-03,King_Haakon,5.150356701,0.5157859472823354,0.5157859472823354,0.5877526775549149,FALSE,FALSE
2022-08-04,King_Haakon,5.168264426,0.5247997270989497,0.5247997270989497,0.5877526775549149,FALSE,FALSE
2022-08-05,King_Haakon,5.143336887,0.491287751616686,0.491287751616686,0.5877526775549149,FALSE,FALSE
2022-08-06,King_Haakon,5.121117883,0.4608204246678964,0.4608204246678964,0.5877526775549149,FALSE,FALSE
2022-08-07,King_Haakon,5.0853345150000004,0.41715145208493176,0.41715145208493176,0.5877526775549149,FALSE,FALSE
2022-08-08,King_Haakon,5.119660939,0.4439815947001451,0.4439815947001451,0.5877526775549149,FALSE,FALSE
2022-08-09,King_Haakon,5.180015219,0.49725552134588824,0.49725552134588824,0.5877526775549149,FALSE,FALSE
2022-08-10,King_Haakon,5.232071184,0.5426736658545099,0.5426736658545099,0.5877526775549149,FALSE,FALSE
2022-08-11,King_Haakon,5.2354924,0.539926199058363,0.539926199058363,0.5877526775549149,FALSE,FALSE
2022-08-12,King_Haakon,5.277303819,0.5760646777897991,0.5760646777897991,0.5877526775549149,FALSE,FALSE
2022-08-13,King_Haakon,5.314625244,0.6082355098811698,0.6082355098811698,0.5877526775549149,TRUE,TRUE
2022-08-14,King_Haakon,5.322669736,0.6116783611648273,0.6116783611648273,0.5877526775549149,TRUE,TRUE
2022-08-15,King_Haakon,5.341897343,0.6268798844731247,0.6268798844731247,0.5877526775549149,TRUE,TRUE
2022-08-16,King_Haakon,5.335644082,0.6172007649740419,0.6172007649740419,0.5877526775549149,TRUE,TRUE
2022-08-17,King_Haakon,5.343964076,0.6226622316221286,0.6226622316221286,0.5877526775549149,TRUE,TRUE
2022-08-18,King_Haakon,5.389615869,0.6659240498788819,0.6659240498788819,0.5877526775549149,TRUE,TRUE
2022-08-19,King_Haakon,5.375152672,0.6494370415652826,0.6494370415652826,0.5877526775549149,TRUE,TRUE
2022-08-20,King_Haakon,5.343133313,0.6156576455023046,0.6156576455023046,0.5877526775549149,TRUE,TRUE
2022-08-21,King_Haakon,5.378870813,0.6497964935109328,0.6497964935109328,0.5877526775549149,TRUE,TRUE
2022-08-22,King_Haakon,5.407729887,0.6771159114121392,0.6771159114121392,0.5877526775549149,TRUE,TRUE
2022-08-23,King_Haakon,5.386134166,0.6539371410269039,0.6539371410269039,0.5877526775549149,TRUE,TRUE
2022-08-24,King_Haakon,5.337588425,0.6036625681762056,0.6036625681762056,0.5877526775549149,TRUE,TRUE
2022-08-25,King_Haakon,5.285852139,0.5499492786810212,0.5499492786810212,0.5877526775549149,FALSE,FALSE
2022-08-26,King_Haakon,5.270914871,0.5326844463623264,0.5326844463623264,0.5877526775549149,FALSE,FALSE
2022-08-27,King_Haakon,5.256035714,0.5150247750411028,0.5150247750411028,0.5877526775549149,FALSE,FALSE
2022-08-28,King_Haakon,5.264497061,0.5201502685383286,0.5201502685383286,0.5877526775549149,FALSE,FALSE
2022-08-29,King_Haakon,5.323516709,0.5751976944873549,0.5751976944873549,0.5877526775549149,FALSE,FALSE
2022-08-30,King_Haakon,5.369623317,0.6167445009677861,0.6167445009677861,0.5877526775549149,TRUE,FALSE
2022-08-31,King_Haakon,5.390156107,0.63222747598501,0.63222747598501,0.5877526775549149,TRUE,FALSE
2022-09-01,King_Haakon,5.384583513,0.6212127070342044,0.6212127070342044,0.5877526775549149,TRUE,FALSE
2022-09-02,King_Haakon,5.348044815,0.5789371276105477,0.5789371276105477,0.5877526775549149,FALSE,FALSE
2022-09-03,King_Haakon,5.33157897,0.5565373482092228,0.5565373482092228,0.5877526775549149,FALSE,FALSE
2022-09-04,King_Haakon,5.326943837,0.5458688813254078,0.5458688813254078,0.5877526775549149,FALSE,FALSE
2022-09-05,King_Haakon,5.326173761,0.5390637254542847,0.5390637254542847,0.5877526775549149,FALSE,FALSE
2022-09-06,King_Haakon,5.344874594,0.5518253860910276,0.5518253860910276,0.5877526775549149,FALSE,FALSE
2022-09-07,King_Haakon,5.381263851,0.5824690317308239,0.5824690317308239,0.5877526775549149,FALSE,FALSE
2022-09-08,King_Haakon,5.392789983,0.5885407668688467,0.5885407668688467,0.5877526775549149,TRUE,FALSE
2022-09-09,King_Haakon,5.404595629,0.5952808840002746,0.5952808840002746,0.5877526775549149,TRUE,FALSE
2022-09-10,King_Haakon,5.401363821,0.5874696346310628,0.5874696346310628,0.5877526775549149,FALSE,FALSE
2022-09-11,King_Haakon,5.423282078,0.6053505579575438,0.6053505579575438,0.5877526775549149,TRUE,FALSE
2022-09-12,King_Haakon,5.412167835,0.5907225545730928,0.5907225545730928,0.5877526775549149,TRUE,FALSE
2022-09-13,King_Haakon,5.427983495,0.6035216431213666,0.6035216431213666,0.5877526775549149,TRUE,FALSE
2022-09-14,King_Haakon,5.382553045,0.5555454262460238,0.5555454262460238,0.5877526775549149,FALSE,FALSE
2022-09-15,King_Haakon,5.368071234,0.5389622685907147,0.5389622685907147,0.5877526775549149,FALSE,FALSE
2022-09-16,King_Haakon,5.339873256,0.5090809797990943,0.5090809797990943,0.5877526775549149,FALSE,FALSE
2022-09-17,King_Haakon,5.351093279,0.5190093435148233,0.5190093435148233,0.5877526775549149,FALSE,FALSE
2022-09-18,King_Haakon,5.369987689,0.5369773613815498,0.5369773613815498,0.5877526775549149,FALSE,FALSE
2022-09-19,King_Haakon,5.422538663,0.5889408260429319,0.5889408260429319,0.5877526775549149,TRUE,TRUE
2022-09-20,King_Haakon,5.442640185,0.6087673371426225,0.6087673371426225,0.5877526775549149,TRUE,TRUE
2022-09-21,King_Haakon,5.497590005,0.6637282603242811,0.6637282603242811,0.5877526775549149,TRUE,TRUE
2022-09-22,King_Haakon,5.505412818,0.6718219062315578,0.6718219062315578,0.5877526775549149,TRUE,TRUE
2022-09-23,King_Haakon,5.495599945,0.662513007323013,0.662513007323013,0.5877526775549149,TRUE,TRUE
2022-09-24,King_Haakon,5.493338228,0.6609596310260244,0.6609596310260244,0.5877526775549149,TRUE,TRUE
2022-09-25,King_Haakon,5.538112773,0.7066167826878509,0.7066167826878509,0.5877526775549149,TRUE,TRUE
2022-09-26,King_Haakon,5.569686424,0.7392171870493973,0.7392171870493973,0.5877526775549149,TRUE,TRUE
2022-09-27,King_Haakon,5.581673375,0.7523449188515494,0.7523449188515494,0.5877526775549149,TRUE,TRUE
2022-09-28,King_Haakon,5.59987592,0.7717721528352088,0.7717721528352088,0.5877526775549149,TRUE,TRUE
2022-09-29,King_Haakon,5.587709977,0.7608846877412674,0.7608846877412674,0.5877526775549149,TRUE,TRUE
2022-09-30,King_Haakon,5.561315007,0.7357918653106212,0.7357918653106212,0.5877526775549149,TRUE,TRUE
2022-10-01,King_Haakon,5.588950649,0.7647232052841666,0.7647232052841666,0.5877526775549149,TRUE,TRUE
2022-10-02,King_Haakon,5.590378276,0.7674099614027989,0.7674099614027989,0.5877526775549149,TRUE,TRUE
2022-10-03,King_Haakon,5.586442674,0.7646668004074106,0.7646668004074106,0.5877526775549149,TRUE,TRUE
2022-10-04,King_Haakon,5.579117559,0.7584373190389018,0.7584373190389018,0.5877526775549149,TRUE,TRUE
2022-10-05,King_Haakon,5.603485746,0.7837742313219982,0.7837742313219982,0.5877526775549149,TRUE,TRUE
2022-10-06,King_Haakon,5.597414351,0.7785366689469351,0.7785366689469351,0.5877526775549149,TRUE,TRUE
2022-10-07,King_Haakon,5.603734631,0.7856129618657954,0.7856129618657954,0.5877526775549149,TRUE,TRUE
2022-10-08,King_Haakon,5.582886175,0.765511674128426,0.765511674128426,0.5877526775549149,TRUE,TRUE
2022-10-09,King_Haakon,5.603342726,0.7867755237846756,0.7867755237846756,0.5877526775549149,TRUE,TRUE
2022-10-10,King_Haakon,5.581842743,0.7662119448843949,0.7662119448843949,0.5877526775549149,TRUE,TRUE
2022-10-11,King_Haakon,5.566038614,0.7515423004774231,0.7515423004774231,0.5877526775549149,TRUE,TRUE
2022-10-12,King_Haakon,5.54749654,0.7344017666136118,0.7344017666136118,0.5877526775549149,TRUE,TRUE
2022-10-13,King_Haakon,5.611068985,0.7997117823428095,0.7997117823428095,0.5877526775549149,TRUE,TRUE
2022-10-14,King_Haakon,5.632068003,0.8228533767148614,0.8228533767148614,0.5877526775549149,TRUE,TRUE
2022-10-15,King_Haakon,5.636241342,0.8296432727796166,0.8296432727796166,0.5877526775549149,TRUE,TRUE
2022-10-16,King_Haakon,5.643728574,0.840290017586919,0.840290017586919,0.5877526775549149,TRUE,TRUE
2022-10-17,King_Haakon,5.681939708,0.8822725951866186,0.8822725951866186,0.5877526775549149,TRUE,TRUE
2022-10-18,King_Haakon,5.687143716,0.89192621757884,0.89192621757884,0.5877526775549149,TRUE,TRUE
2022-10-19,King_Haakon,5.636657121,0.8465755561179531,0.8465755561179531,0.5877526775549149,TRUE,TRUE
2022-10-20,King_Haakon,5.583299804,0.7989931036568176,0.7989931036568176,0.5877526775549149,TRUE,TRUE
2022-10-21,King_Haakon,5.555252039,0.7773095223515645,0.7773095223515645,0.5877526775549149,TRUE,TRUE
2022-10-22,King_Haakon,5.542112468,0.7710738423583265,0.7710738423583265,0.5877526775549149,TRUE,TRUE
2022-10-23,King_Haakon,5.534687602,0.7710429628332331,0.7710429628332331,0.5877526775549149,TRUE,TRUE
2022-10-24,King_Haakon,5.497081607,0.7412714379324195,0.7412714379324195,0.5877526775549149,TRUE,TRUE
2022-10-25,King_Haakon,5.499637065,0.7520522378120207,0.7520522378120207,0.5877526775549149,TRUE,TRUE
2022-10-26,King_Haakon,5.482933738,0.743915512628166,0.743915512628166,0.5877526775549149,TRUE,TRUE
2022-10-27,King_Haakon,5.470023502,0.7398635265369871,0.7398635265369871,0.5877526775549149,TRUE,TRUE
2022-10-28,King_Haakon,5.437765459,0.7167057696946166,0.7167057696946166,0.5877526775549149,TRUE,TRUE
2022-10-29,King_Haakon,5.417230405,0.7054634262571842,0.7054634262571842,0.5877526775549149,TRUE,TRUE
2022-10-30,King_Haakon,5.430683189,0.7283517333808298,0.7283517333808298,0.5877526775549149,TRUE,TRUE
2022-10-31,King_Haakon,5.441706084,0.7489175132950914,0.7489175132950914,0.5877526775549149,TRUE,TRUE
2022-11-01,King_Haakon,5.435492167,0.7523880961077989,0.7523880961077989,0.5877526775549149,TRUE,TRUE
2022-11-02,King_Haakon,5.377865988,0.7046436952495823,0.7046436952495823,0.5877526775549149,TRUE,TRUE
2022-11-03,King_Haakon,5.352726378,0.6896388109067297,0.6896388109067297,0.5877526775549149,TRUE,TRUE
2022-11-04,King_Haakon,5.339656693,0.6870124682655216,0.6870124682655216,0.5877526775549149,TRUE,TRUE
2022-11-05,King_Haakon,5.334827222,0.6929906255122482,0.6929906255122482,0.5877526775549149,TRUE,TRUE
2022-11-06,King_Haakon,5.303247799,0.6726387858331897,0.6726387858331897,0.5877526775549149,TRUE,TRUE
2022-11-07,King_Haakon,5.299606186,0.6807003804146348,0.6807003804146348,0.5877526775549149,TRUE,TRUE
2022-11-08,King_Haakon,5.297186341,0.6905150364428687,0.6905150364428687,0.5877526775549149,TRUE,TRUE
2022-11-09,King_Haakon,5.263708884,0.6698590431041778,0.6698590431041778,0.5877526775549149,TRUE,TRUE
2022-11-10,King_Haakon,5.258245367,0.6778596215848456,0.6778596215848456,0.5877526775549149,TRUE,TRUE
2022-11-11,King_Haakon,5.208716104,0.6424927550711557,0.6424927550711557,0.5877526775549149,TRUE,TRUE
2022-11-12,King_Haakon,5.199923014,0.6486163328344325,0.6486163328344325,0.5877526775549149,TRUE,TRUE
2022-11-13,King_Haakon,5.177951563,0.6423884468690657,0.6423884468690657,0.5877526775549149,TRUE,TRUE
2022-11-14,King_Haakon,5.144544268,0.6256492771966373,0.6256492771966373,0.5877526775549149,TRUE,TRUE
2022-11-15,King_Haakon,5.125630927,0.6244283499809953,0.6244283499809953,0.5877526775549149,TRUE,TRUE
2022-11-16,King_Haakon,5.154194241,0.6718080943859839,0.6718080943859839,0.5877526775549149,TRUE,TRUE
2022-11-17,King_Haakon,5.133751217,0.6714052455754445,0.6714052455754445,0.5877526775549149,TRUE,TRUE
2022-11-18,King_Haakon,5.091412973,0.650430649713222,0.650430649713222,0.5877526775549149,TRUE,TRUE
2022-11-19,King_Haakon,5.098376586,0.6801811119631607,0.6801811119631607,0.5877526775549149,TRUE,TRUE
2022-11-20,King_Haakon,5.111758475,0.7178727794891042,0.7178727794891042,0.5877526775549149,TRUE,TRUE
2022-11-21,King_Haakon,5.064873452,0.6969201924548969,0.6969201924548969,0.5877526775549149,TRUE,TRUE
2022-11-22,King_Haakon,5.026099332,0.6858008940243829,0.6858008940243829,0.5877526775549149,TRUE,TRUE
2022-11-23,King_Haakon,4.977683846,0.6668623433614087,0.6668623433614087,0.5877526775549149,TRUE,TRUE
2022-11-24,King_Haakon,4.916828069,0.6374053436298128,0.6374053436298128,0.5877526775549149,TRUE,TRUE
2022-11-25,King_Haakon,4.858092158,0.6120724323481044,0.6120724323481044,0.5877526775549149,TRUE,TRUE
2022-11-26,King_Haakon,4.825283356,0.6146065095570146,0.6146065095570146,0.5877526775549149,TRUE,TRUE
2022-11-27,King_Haakon,4.753121589,0.5795893819288045,0.5795893819288045,0.5877526775549149,FALSE,FALSE
2022-11-28,King_Haakon,4.676656851,0.5419323653225909,0.5419323653225909,0.5877526775549149,FALSE,FALSE
2022-11-29,King_Haakon,4.620702849,0.5263104885974954,0.5263104885974954,0.5877526775549149,FALSE,FALSE
2022-11-30,King_Haakon,4.505657433,0.4529829236126384,0.4529829236126384,0.5877526775549149,FALSE,FALSE
2022-12-01,King_Haakon,4.398430934,0.38872132322713426,0.38872132322713426,0.5877526775549149,FALSE,FALSE
2022-12-02,King_Haakon,4.306500267,0.3408639243001055,0.3408639243001055,0.5877526775549149,FALSE,FALSE
2022-12-03,King_Haakon,4.174896534,0.25430315069067166,0.25430315069067166,0.5877526775549149,FALSE,FALSE
2022-12-04,King_Haakon,4.066309978,0.19159056725794787,0.19159056725794787,0.5877526775549149,FALSE,FALSE
2022-12-05,King_Haakon,3.97731932,0.1491662168610568,0.1491662168610568,0.5877526775549149,FALSE,FALSE
2022-12-06,King_Haakon,3.930793508,0.1497603693591154,0.1497603693591154,0.5877526775549149,FALSE,FALSE
2022-12-07,King_Haakon,3.87143209,0.13793405576128182,0.13793405576128182,0.5877526775549149,FALSE,FALSE
2022-12-08,King_Haakon,3.789568096,0.1039318152050912,0.1039318152050912,0.5877526775549149,FALSE,FALSE
2022-12-09,King_Haakon,3.652334053,0.01491832848120466,0.01491832848120466,0.5877526775549149,FALSE,FALSE
2022-12-10,King_Haakon,3.562330617,-0.02645577271478583,0.02645577271478583,0.5877526775549149,FALSE,FALSE
2022-12-11,King_Haakon,3.486045615,-0.05365268568729542,0.05365268568729542,0.5877526775549149,FALSE,FALSE
2022-12-12,King_Haakon,3.375666292,-0.1144351897407354,0.1144351897407354,0.5877526775549149,FALSE,FALSE
2022-12-13,King_Haakon,3.281899315,-0.15804664217951725,0.15804664217951725,0.5877526775549149,FALSE,FALSE
2022-12-14,King_Haakon,3.178184825,-0.21099692630805356,0.21099692630805356,0.5877526775549149,FALSE,FALSE
2022-12-15,King_Haakon,3.123913191,-0.21384569743075632,0.21384569743075632,0.5877526775549149,FALSE,FALSE
2022-12-16,King_Haakon,3.024135115,-0.26149227785203744,0.26149227785203744,0.5877526775549149,FALSE,FALSE
2022-12-17,King_Haakon,2.966211761,-0.266525527876309,0.266525527876309,0.5877526775549149,FALSE,FALSE
2022-12-18,King_Haakon,2.911131788,-0.26790681280798134,0.26790681280798134,0.5877526775549149,FALSE,FALSE
2022-12-19,King_Haakon,2.847202091,-0.277279261951469,0.277279261951469,0.5877526775549149,FALSE,FALSE
2022-12-20,King_Haakon,2.77124213,-0.2977778346460527,0.2977778346460527,0.5877526775549149,FALSE,FALSE
2022-12-21,King_Haakon,2.639318883,-0.3733594662039512,0.3733594662039512,0.5877526775549149,FALSE,FALSE
2022-12-22,King_Haakon,2.563201282,-0.392334609485792,0.392334609485792,0.5877526775549149,FALSE,FALSE
2022-12-23,King_Haakon,2.477006182,-0.42066734017355545,0.42066734017355545,0.5877526775549149,FALSE,FALSE
2022-12-24,King_Haakon,2.364663382,-0.4745087899492191,0.4745087899492191,0.5877526775549149,FALSE,FALSE
2022-12-25,King_Haakon,2.270188305,-0.5099244664947533,0.5099244664947533,0.5877526775549149,FALSE,FALSE
2022-12-26,King_Haakon,2.183248464,-0.5373277874921367,0.5373277874921367,0.5877526775549149,FALSE,FALSE
2022-12-27,King_Haakon,2.115617609,-0.5450259336233478,0.5450259336233478,0.5877526775549149,FALSE,FALSE
2022-12-28,King_Haakon,2.046685584,-0.5537099915703654,0.5537099915703654,0.5877526775549149,FALSE,FALSE
2022-12-29,King_Haakon,1.986902636,-0.5530106450151564,0.5530106450151564,0.5877526775549149,FALSE,FALSE
2022-12-30,King_Haakon,1.904994195,-0.5742833946397061,0.5742833946397061,0.5877526775549149,FALSE,FALSE
2022-12-31,King_Haakon,1.835355331,-0.5832141011259837,0.5832141011259837,0.5877526775549149,FALSE,FALSE
2023-01-01,King_Haakon,1.778726198,-0.5791435411559733,0.5791435411559733,0.5877526775549149,FALSE,FALSE
2023-01-02,King_Haakon,1.73388648,-0.5633759593819156,0.5633759593819156,0.5877526775549149,FALSE,FALSE
2023-01-03,King_Haakon,1.678503353,-0.5583401003371558,0.5583401003371558,0.5877526775549149,FALSE,FALSE
2023-01-04,King_Haakon,1.625306347,-0.5514053525253009,0.5514053525253009,0.5877526775549149,FALSE,FALSE
2023-01-05,King_Haakon,1.572620799,-0.5443452974499658,0.5443452974499658,0.5877526775549149,FALSE,FALSE
2023-01-06,King_Haakon,1.516364834,-0.5413407286147547,0.5413407286147547,0.5877526775549149,FALSE,FALSE
2023-01-07,King_Haakon,1.425325168,-0.5737038485232839,0.5737038485232839,0.5877526775549149,FALSE,FALSE
2023-01-08,King_Haakon,1.352998965,-0.5880364116791665,0.5880364116791665,0.5877526775549149,TRUE,FALSE
2023-01-09,King_Haakon,1.317458843,-0.5663647185860075,0.5663647185860075,0.5877526775549149,FALSE,FALSE
2023-01-10,King_Haakon,1.27368449,-0.5538079997474232,0.5538079997474232,0.5877526775549149,FALSE,FALSE
2023-01-11,King_Haakon,1.22478821,-0.5473528696670222,0.5473528696670222,0.5877526775549149,FALSE,FALSE
2023-01-12,King_Haakon,1.200282628,-0.517585621848415,0.517585621848415,0.5877526775549149,FALSE,FALSE
2023-01-13,King_Haakon,1.177628992,-0.4871439267952149,0.4871439267952149,0.5877526775549149,FALSE,FALSE
2023-01-14,King_Haakon,1.113420926,-0.49953230890210176,0.49953230890210176,0.5877526775549149,FALSE,FALSE
2023-01-15,King_Haakon,1.052307903,-0.5101718083295836,0.5101718083295836,0.5877526775549149,FALSE,FALSE
2023-01-16,King_Haakon,1.00587673,-0.5075115102068448,0.5075115102068448,0.5877526775549149,FALSE,FALSE
2023-01-17,King_Haakon,0.999986295,-0.46572622911146144,0.46572622911146144,0.5877526775549149,FALSE,FALSE
2023-01-18,King_Haakon,0.970404806,-0.4490814596210114,0.4490814596210114,0.5877526775549149,FALSE,FALSE
2023-01-19,King_Haakon,0.933299655,-0.4414435123130739,0.4414435123130739,0.5877526775549149,FALSE,FALSE
2023-01-20,King_Haakon,0.873130031,-0.45838690076522537,0.45838690076522537,0.5877526775549149,FALSE,FALSE
2023-01-21,King_Haakon,0.832240778,-0.4576004835550441,0.4576004835550441,0.5877526775549149,FALSE,FALSE
2023-01-22,King_Haakon,0.729348408,-0.5204014512601073,0.5204014512601073,0.5877526775549149,FALSE,FALSE
2023-01-23,King_Haakon,0.707648806,-0.5036276214579928,0.5036276214579928,0.5877526775549149,FALSE,FALSE
2023-01-24,King_Haakon,0.70325154,-0.4712031287262805,0.4712031287262805,0.5877526775549149,FALSE,FALSE
2023-01-25,King_Haakon,0.699182029,-0.4401362566425461,0.4401362566425461,0.5877526775549149,FALSE,FALSE
2023-01-26,King_Haakon,0.645266571,-0.460634409784367,0.460634409784367,0.5877526775549149,FALSE,FALSE
2023-01-27,King_Haakon,0.627576056,-0.4466516016497831,0.4466516016497831,0.5877526775549149,FALSE,FALSE
2023-01-28,King_Haakon,0.593954684,-0.4503089707294235,0.4503089707294235,0.5877526775549149,FALSE,FALSE
2023-01-29,King_Haakon,0.564424906,-0.4515247054772829,0.4515247054772829,0.5877526775549149,FALSE,FALSE
2023-01-30,King_Haakon,0.527252121,-0.4619739667839192,0.4619739667839192,0.5877526775549149,FALSE,FALSE
2023-01-31,King_Haakon,0.500798706,-0.463234937539892,0.463234937539892,0.5877526775549149,FALSE,FALSE
2023-02-01,King_Haakon,0.482430501,-0.4578823376357576,0.4578823376357576,0.5877526775549149,FALSE,FALSE
2023-02-02,King_Haakon,0.466683007,-0.4513212259620757,0.4513212259620757,0.5877526775549149,FALSE,FALSE
2023-02-03,King_Haakon,0.435219344,-0.4618290424094037,0.4618290424094037,0.5877526775549149,FALSE,FALSE
2023-02-04,King_Haakon,0.416830673,-0.4605551858683002,0.4605551858683002,0.5877526775549149,FALSE,FALSE
2023-02-05,King_Haakon,0.403583448,-0.4553737622293238,0.4553737622293238,0.5877526775549149,FALSE,FALSE
2023-02-06,King_Haakon,0.399265363,-0.4424376373830306,0.4424376373830306,0.5877526775549149,FALSE,FALSE
2023-02-07,King_Haakon,0.374195408,-0.4513683812199813,0.4513683812199813,0.5877526775549149,FALSE,FALSE
2023-02-08,King_Haakon,0.363981106,-0.4464994220455258,0.4464994220455258,0.5877526775549149,FALSE,FALSE
2023-02-09,King_Haakon,0.345088707,-0.4513571370468165,0.4513571370468165,0.5877526775549149,FALSE,FALSE
2023-02-10,King_Haakon,0.3411653,-0.4423898353287543,0.4423898353287543,0.5877526775549149,FALSE,FALSE
2023-02-11,King_Haakon,0.343576358,-0.428339592972065,0.428339592972065,0.5877526775549149,FALSE,FALSE
2023-02-12,King_Haakon,0.328394354,-0.43324148605748,0.43324148605748,0.5877526775549149,FALSE,FALSE
2023-02-13,King_Haakon,0.313792524,-0.4390298276657282,0.4390298276657282,0.5877526775549149,FALSE,FALSE
2023-02-14,King_Haakon,0.310047414,-0.4355356208775355,0.4355356208775355,0.5877526775549149,FALSE,FALSE
2023-02-15,King_Haakon,0.322156712,-0.4178687267736328,0.4178687267736328,0.5877526775549149,FALSE,FALSE
2023-02-16,King_Haakon,0.319029597,-0.41722751543474734,0.41722751543474734,0.5877526775549149,FALSE,FALSE
2023-02-17,King_Haakon,0.325512405,-0.40887319994160887,0.40887319994160887,0.5877526775549149,FALSE,FALSE
2023-02-18,King_Haakon,0.321304052,-0.4132144133749457,0.4132144133749457,0.5877526775549149,FALSE,FALSE
2023-02-19,King_Haakon,0.312452195,-0.4243110478154856,0.4243110478154856,0.5877526775549149,FALSE,FALSE
2023-02-20,King_Haakon,0.307558713,-0.4336687733439584,0.4336687733439584,0.5877526775549149,FALSE,FALSE
2023-02-21,King_Haakon,0.293117818,-0.45489049915582264,0.45489049915582264,0.5877526775549149,FALSE,FALSE
2023-02-22,King_Haakon,0.27435815,-0.48271828259068256,0.48271828259068256,0.5877526775549149,FALSE,FALSE
2023-02-23,King_Haakon,0.293771666,-0.47454676132227974,0.47454676132227974,0.5877526775549149,FALSE,FALSE
2023-02-24,King_Haakon,0.333242936,-0.44837643970283914,0.44837643970283914,0.5877526775549149,FALSE,FALSE
2023-02-25,King_Haakon,0.343346865,-0.4535174870845895,0.4535174870845895,0.5877526775549149,FALSE,FALSE
2023-02-26,King_Haakon,0.34596778,-0.4679706508197577,0.4679706508197577,0.5877526775549149,FALSE,FALSE
2023-02-27,King_Haakon,0.335951314,-0.4967753722605709,0.4967753722605709,0.5877526775549149,FALSE,FALSE
2023-02-28,King_Haakon,0.325048343,-0.528065849759257,0.528065849759257,0.5877526775549149,FALSE,FALSE
2023-03-01,King_Haakon,0.350160193,-0.524825831668042,0.524825831668042,0.5877526775549149,FALSE,FALSE
2023-03-02,King_Haakon,0.386691677,-0.5115355793391545,0.5115355793391545,0.5877526775549149,FALSE,FALSE
2023-03-03,King_Haakon,0.413689047,-0.50903391512482,0.50903391512482,0.5877526775549149,FALSE,FALSE
2023-03-04,King_Haakon,0.457641892,-0.4907163243772669,0.4907163243772669,0.5877526775549149,FALSE,FALSE
2023-03-05,King_Haakon,0.529571272,-0.4454468254311633,0.4454468254311633,0.5877526775549149,FALSE,FALSE
2023-03-06,King_Haakon,0.589687515,-0.412914982802248,0.412914982802248,0.5877526775549149,FALSE,FALSE
2023-03-07,King_Haakon,0.728480158,-0.30257938135264917,0.30257938135264917,0.5877526775549149,FALSE,FALSE
2023-03-08,King_Haakon,0.867645419,-0.1927017232416788,0.1927017232416788,0.5877526775549149,FALSE,FALSE
2023-03-09,King_Haakon,0.950840474,-0.13958275262865438,0.13958275262865438,0.5877526775549149,FALSE,FALSE
2023-03-10,King_Haakon,0.996044234,-0.12520147867289122,0.12520147867289122,0.5877526775549149,FALSE,FALSE
2023-03-11,King_Haakon,1.013483082,-0.139289438533702,0.139289438533702,0.5877526775549149,FALSE,FALSE
2023-03-12,King_Haakon,1.030185989,-0.1547755813704026,0.1547755813704026,0.5877526775549149,FALSE,FALSE
2023-03-13,King_Haakon,1.064014391,-0.15375639134230812,0.15375639134230812,0.5877526775549149,FALSE,FALSE
2023-03-14,King_Haakon,1.095781588,-0.15537648860873432,0.15537648860873432,0.5877526775549149,FALSE,FALSE
2023-03-15,King_Haakon,1.105129811,-0.1799515623289949,0.1799515623289949,0.5877526775549149,FALSE,FALSE
2023-03-16,King_Haakon,1.135787093,-0.18371149966240652,0.18371149966240652,0.5877526775549149,FALSE,FALSE
2023-03-17,King_Haakon,1.120680488,-0.23368716676828205,0.23368716676828205,0.5877526775549149,FALSE,FALSE
2023-03-18,King_Haakon,1.050257244,-0.3393890838928322,0.3393890838928322,0.5877526775549149,FALSE,FALSE
2023-03-19,King_Haakon,1.135484678,-0.28980390827461533,0.28980390827461533,0.5877526775549149,FALSE,FALSE
2023-03-20,King_Haakon,1.173086938,-0.2881574975884047,0.2881574975884047,0.5877526775549149,FALSE,FALSE
2023-03-21,King_Haakon,1.235463922,-0.26199977266250096,0.26199977266250096,0.5877526775549149,FALSE,FALSE
2023-03-22,King_Haakon,1.33637524,-0.19752094232520223,0.19752094232520223,0.5877526775549149,FALSE,FALSE
2023-03-23,King_Haakon,1.42418465,-0.14630706740480592,0.14630706740480592,0.5877526775549149,FALSE,FALSE
2023-03-24,King_Haakon,1.508545294,-0.09865482472961372,0.09865482472961372,0.5877526775549149,FALSE,FALSE
2023-03-25,King_Haakon,1.576439384,-0.067531821127921,0.067531821127921,0.5877526775549149,FALSE,FALSE
2023-03-26,King_Haakon,1.600309766,-0.08044502942803122,0.08044502942803122,0.5877526775549149,FALSE,FALSE
2023-03-27,King_Haakon,1.611949401,-0.10555130745824082,0.10555130745824082,0.5877526775549149,FALSE,FALSE
2023-03-28,King_Haakon,1.645524658,-0.10863410504685024,0.10863410504685024,0.5877526775549149,FALSE,FALSE
2023-03-29,King_Haakon,1.653897648,-0.13678113002215575,0.13678113002215575,0.5877526775549149,FALSE,FALSE
2023-03-30,King_Haakon,1.693117595,-0.1338929772124584,0.1338929772124584,0.5877526775549149,FALSE,FALSE
2023-03-31,King_Haakon,1.788666996,-0.07444554960120686,0.07444554960120686,0.5877526775549149,FALSE,FALSE
2023-04-01,King_Haakon,1.887648549,-0.0113414540510206,0.0113414540510206,0.5877526775549149,FALSE,FALSE
2023-04-02,King_Haakon,1.931486338,-0.00317785706215834,0.00317785706215834,0.5877526775549149,FALSE,FALSE
2023-04-03,King_Haakon,1.992754195,0.0225978096828685,0.0225978096828685,0.5877526775549149,FALSE,FALSE
2023-04-04,King_Haakon,2.049035839,0.04354800150155435,0.04354800150155435,0.5877526775549149,FALSE,FALSE
2023-04-05,King_Haakon,2.100820089,0.06014027371138919,0.06014027371138919,0.5877526775549149,FALSE,FALSE
2023-04-06,King_Haakon,2.155295115,0.0795415326298623,0.0795415326298623,0.5877526775549149,FALSE,FALSE
2023-04-07,King_Haakon,2.204900815,0.0941704125744698,0.0941704125744698,0.5877526775549149,FALSE,FALSE
2023-04-08,King_Haakon,2.218676627,0.0730450878627007,0.0730450878627007,0.5877526775549149,FALSE,FALSE
2023-04-09,King_Haakon,2.205114944,0.0246366878120483,0.0246366878120483,0.5877526775549149,FALSE,FALSE
2023-04-10,King_Haakon,2.235638378,0.02034656073999929,0.02034656073999929,0.5877526775549149,FALSE,FALSE
2023-04-11,King_Haakon,2.275485128,0.02539164196405075,0.02539164196405075,0.5877526775549149,FALSE,FALSE
2023-04-12,King_Haakon,2.338200161,0.05329579984790422,0.05329579984790422,0.5877526775549149,FALSE,FALSE
2023-04-13,King_Haakon,2.39836642,0.0786326416374048,0.0786326416374048,0.5877526775549149,FALSE,FALSE
2023-04-14,King_Haakon,2.439218686,0.08464700358409027,0.08464700358409027,0.5877526775549149,FALSE,FALSE
2023-04-15,King_Haakon,2.462755188,0.07334898114623867,0.07334898114623867,0.5877526775549149,FALSE,FALSE
2023-04-16,King_Haakon,2.482505396,0.05827991078212369,0.05827991078212369,0.5877526775549149,FALSE,FALSE
2023-04-17,King_Haakon,2.5090466,0.05002894895001919,0.05002894895001919,0.5877526775549149,FALSE,FALSE
2023-04-18,King_Haakon,2.551711999,0.05794116110820369,0.05794116110820369,0.5877526775549149,FALSE,FALSE
2023-04-19,King_Haakon,2.593749606,0.06527642671495171,0.06527642671495171,0.5877526775549149,FALSE,FALSE
2023-04-20,King_Haakon,2.6190304,0.05591759122853812,0.05591759122853812,0.5877526775549149,FALSE,FALSE
2023-04-21,King_Haakon,2.657832925,0.060155065107236,0.060155065107236,0.5877526775549149,FALSE,FALSE
2023-04-22,King_Haakon,2.715861803,0.08370533680932324,0.08370533680932324,0.5877526775549149,FALSE,FALSE
2023-04-23,King_Haakon,2.757158523,0.09062176179307356,0.09062176179307356,0.5877526775549149,FALSE,FALSE
2023-04-24,King_Haakon,2.787384306,0.0865774275167639,0.0865774275167639,0.5877526775549149,FALSE,FALSE
2023-04-25,King_Haakon,2.803955614,0.06900259116687701,0.06900259116687701,0.5877526775549149,FALSE,FALSE
2023-04-26,King_Haakon,2.827317488,0.0583744069536638,0.0583744069536638,0.5877526775549149,FALSE,FALSE
2023-04-27,King_Haakon,2.848159211,0.0454243937344474,0.0454243937344474,0.5877526775549149,FALSE,FALSE
2023-04-28,King_Haakon,2.845071205,0.00878531599745491,0.00878531599745491,0.5877526775549149,FALSE,FALSE
2023-04-29,King_Haakon,2.846384849,-0.02316910476907985,0.02316910476907985,0.5877526775549149,FALSE,FALSE
2023-04-30,King_Haakon,2.864885153,-0.03761151607693547,0.03761151607693547,0.5877526775549149,FALSE,FALSE
2023-05-01,King_Haakon,2.867318791,-0.06775290143787416,0.06775290143787416,0.5877526775549149,FALSE,FALSE
2023-05-02,King_Haakon,2.92076645,-0.04647023136367378,0.04647023136367378,0.5877526775549149,FALSE,FALSE
2023-05-03,King_Haakon,2.968027146,-0.03092214736610099,0.03092214736610099,0.5877526775549149,FALSE,FALSE
2023-05-04,King_Haakon,3.009091662,-0.0210755239569278,0.0210755239569278,0.5877526775549149,FALSE,FALSE
2023-05-05,King_Haakon,3.051301177,-0.00954683964792435,0.00954683964792435,0.5877526775549149,FALSE,FALSE
2023-05-06,King_Haakon,3.087334595,-0.00361484795086441,0.00361484795086441,0.5877526775549149,FALSE,FALSE
2023-05-07,King_Haakon,3.163241058,0.04281191444807009,0.04281191444807009,0.5877526775549149,FALSE,FALSE
2023-05-08,King_Haakon,3.21263943,0.06338282779559457,0.06338282779559457,0.5877526775549149,FALSE,FALSE
2023-05-09,King_Haakon,3.234407062,0.05697434047707128,0.05697434047707128,0.5877526775549149,FALSE,FALSE
2023-05-10,King_Haakon,3.257100013,0.0521364393430046,0.0521364393430046,0.5877526775549149,FALSE,FALSE
2023-05-11,King_Haakon,3.289524874,0.05766964324389301,0.05766964324389301,0.5877526775549149,FALSE,FALSE
2023-05-12,King_Haakon,3.336338313,0.07822454803024259,0.07822454803024259,0.5877526775549149,FALSE,FALSE
2023-05-13,King_Haakon,3.366625575,0.08288032655255329,0.08288032655255329,0.5877526775549149,FALSE,FALSE
2023-05-14,King_Haakon,3.366022726,0.05726697266132641,0.05726697266132641,0.5877526775549149,FALSE,FALSE
2023-05-15,King_Haakon,3.373226409,0.0400750572070665,0.0400750572070665,0.5877526775549149,FALSE,FALSE
2023-05-16,King_Haakon,3.375042665,0.01810454904027203,0.01810454904027203,0.5877526775549149,FALSE,FALSE
2023-05-17,King_Haakon,3.376927503,-0.00319461498855,0.00319461498855,0.5877526775549149,FALSE,FALSE
2023-05-18,King_Haakon,3.405616279,0.00290684897109727,0.00290684897109727,0.5877526775549149,FALSE,FALSE
2023-05-19,King_Haakon,3.426875318,0.0021691937697188,0.0021691937697188,0.5877526775549149,FALSE,FALSE
2023-05-20,King_Haakon,3.442459355,-0.00366049588224193,0.00366049588224193,0.5877526775549149,FALSE,FALSE
2023-05-21,King_Haakon,3.442807394,-0.02417966309217867,0.02417966309217867,0.5877526775549149,FALSE,FALSE
2023-05-22,King_Haakon,3.414644963,-0.07272438628039257,0.07272438628039257,0.5877526775549149,FALSE,FALSE
2023-05-23,King_Haakon,3.430696643,-0.07663253734513331,0.07663253734513331,0.5877526775549149,FALSE,FALSE
2023-05-24,King_Haakon,3.444968392,-0.08196061118465314,0.08196061118465314,0.5877526775549149,FALSE,FALSE
2023-05-25,King_Haakon,3.46534457,-0.08088670069720161,0.08088670069720161,0.5877526775549149,FALSE,FALSE
2023-05-26,King_Haakon,3.44840019,-0.11689824578103236,0.11689824578103236,0.5877526775549149,FALSE,FALSE
2023-05-27,King_Haakon,3.438836287,-0.1453566643343951,0.1453566643343951,0.5877526775549149,FALSE,FALSE
2023-05-28,King_Haakon,3.485587356,-0.11738991425554302,0.11738991425554302,0.5877526775549149,FALSE,FALSE
2023-05-29,King_Haakon,3.552183483,-0.06953036244272637,0.06953036244272637,0.5877526775549149,FALSE,FALSE
2023-05-30,King_Haakon,3.584323534,-0.0561415957941942,0.0561415957941942,0.5877526775549149,FALSE,FALSE
2023-05-31,King_Haakon,3.594648817,-0.06464475920820556,0.06464475920820556,0.5877526775549149,FALSE,FALSE
2023-06-01,King_Haakon,3.59449286,-0.08376877758300383,0.08376877758300383,0.5877526775549149,FALSE,FALSE
2023-06-02,King_Haakon,3.579827965,-0.11758994946412038,0.11758994946412038,0.5877526775549149,FALSE,FALSE
2023-06-03,King_Haakon,3.598312531,-0.11843702361965304,0.11843702361965304,0.5877526775549149,FALSE,FALSE
2023-06-04,King_Haakon,3.618480736,-0.11774593455376126,0.11774593455376126,0.5877526775549149,FALSE,FALSE
2023-06-05,King_Haakon,3.647131635,-0.10868773913957595,0.10868773913957595,0.5877526775549149,FALSE,FALSE
2023-06-06,King_Haakon,3.673962657,-0.10153512025022104,0.10153512025022104,0.5877526775549149,FALSE,FALSE
2023-06-07,King_Haakon,3.731043638,-0.06418835375881793,0.06418835375881793,0.5877526775549149,FALSE,FALSE
2023-06-08,King_Haakon,3.795823887,-0.01916824253850269,0.01916824253850269,0.5877526775549149,FALSE,FALSE
2023-06-09,King_Haakon,3.794624957,-0.04012334546239993,0.04012334546239993,0.5877526775549149,FALSE,FALSE
2023-06-10,King_Haakon,3.810262612,-0.04420801040363642,0.04420801040363642,0.5877526775549149,FALSE,FALSE
2023-06-11,King_Haakon,3.829223463,-0.04490573823533728,0.04490573823533728,0.5877526775549149,FALSE,FALSE
2023-06-12,King_Haakon,3.852991385,-0.04070276583063004,0.04070276583063004,0.5877526775549149,FALSE,FALSE
2023-06-13,King_Haakon,3.913312922,1.773389373536105e-4,1.773389373536105e-4,0.5877526775549149,FALSE,FALSE
2023-06-14,King_Haakon,3.966400513,0.03397678324470155,0.03397678324470155,0.5877526775549149,FALSE,FALSE
2023-06-15,King_Haakon,3.99292758,0.04139346933918242,0.04139346933918242,0.5877526775549149,FALSE,FALSE
2023-06-16,King_Haakon,4.029622965,0.05917346519444555,0.05917346519444555,0.5877526775549149,FALSE,FALSE
2023-06-17,King_Haakon,4.047962419,0.05880922219959084,0.05880922219959084,0.5877526775549149,FALSE,FALSE
2023-06-18,King_Haakon,4.054648731,0.04702022974373587,0.04702022974373587,0.5877526775549149,FALSE,FALSE
2023-06-19,King_Haakon,4.057962194,0.03210348121598461,0.03210348121598461,0.5877526775549149,FALSE,FALSE
2023-06-20,King_Haakon,4.05777498,0.01394784900545431,0.01394784900545431,0.5877526775549149,FALSE,FALSE
2023-06-21,King_Haakon,4.0550951,-0.00642195549875079,0.00642195549875079,0.5877526775549149,FALSE,FALSE
2023-06-22,King_Haakon,4.046183212,-0.03272857390751937,0.03272857390751937,0.5877526775549149,FALSE,FALSE
2023-06-23,King_Haakon,4.093202944,-0.00279167783174205,0.00279167783174205,0.5877526775549149,FALSE,FALSE
2023-06-24,King_Haakon,4.140277101,0.02752823811769378,0.02752823811769378,0.5877526775549149,FALSE,FALSE
2023-06-25,King_Haakon,4.145006747,0.01584893832989564,0.01584893832989564,0.5877526775549149,FALSE,FALSE
2023-06-26,King_Haakon,4.125039822,-0.02016493680602682,0.02016493680602682,0.5877526775549149,FALSE,FALSE
2023-06-27,King_Haakon,4.076691584,-0.08418576633822106,0.08418576633822106,0.5877526775549149,FALSE,FALSE
2023-06-28,King_Haakon,4.046037084,-0.13015891218245557,0.13015891218245557,0.5877526775549149,FALSE,FALSE
2023-06-29,King_Haakon,4.050222979,-0.14097310683678899,0.14097310683678899,0.5877526775549149,FALSE,FALSE
2023-06-30,King_Haakon,4.018752852,-0.18716023380153057,0.18716023380153057,0.5877526775549149,FALSE,FALSE
2023-07-01,King_Haakon,3.995482561,-0.2248999015769897,0.2248999015769897,0.5877526775549149,FALSE,FALSE
2023-07-02,King_Haakon,3.962433227,-0.2722064556634729,0.2722064556634729,0.5877526775549149,FALSE,FALSE
2023-07-03,King_Haakon,3.924076076,-0.3246441365612962,0.3246441365612962,0.5877526775549149,FALSE,FALSE
2023-07-04,King_Haakon,3.902783836,-0.3598756827707663,0.3598756827707663,0.5877526775549149,FALSE,FALSE
2023-07-05,King_Haakon,3.919192747,-0.35730032079219187,0.35730032079219187,0.5877526775549149,FALSE,FALSE
2023-07-06,King_Haakon,3.915357425,-0.37489890112588586,0.37489890112588586,0.5877526775549149,FALSE,FALSE
2023-07-07,King_Haakon,3.943433713,-0.3605510472721525,0.3605510472721525,0.5877526775549149,FALSE,FALSE
2023-07-08,King_Haakon,4.022528313,-0.295185523731309,0.295185523731309,0.5877526775549149,FALSE,FALSE
2023-07-09,King_Haakon,4.08168561,-0.24979332080017705,0.24979332080017705,0.5877526775549149,FALSE,FALSE
2023-07-10,King_Haakon,4.135013127,-0.2102845521206076,0.2102845521206076,0.5877526775549149,FALSE,FALSE
2023-07-11,King_Haakon,4.138200294,-0.22094860374129244,0.22094860374129244,0.5877526775549149,FALSE,FALSE
2023-07-12,King_Haakon,4.132684814,-0.2403214513370182,0.2403214513370182,0.5877526775549149,FALSE,FALSE
2023-07-13,King_Haakon,4.150357278,-0.23648618258258125,0.23648618258258125,0.5877526775549149,FALSE,FALSE
2023-07-14,King_Haakon,4.181806663,-0.2188274991527619,0.2188274991527619,0.5877526775549149,FALSE,FALSE
2023-07-15,King_Haakon,4.239610195,-0.17474185372235151,0.17474185372235151,0.5877526775549149,FALSE,FALSE
2023-07-16,King_Haakon,4.276691053,-0.15127974596613836,0.15127974596613836,0.5877526775549149,FALSE,FALSE
2023-07-17,King_Haakon,4.264986527,-0.17647756455891006,0.17647756455891006,0.5877526775549149,FALSE,FALSE
2023-07-18,King_Haakon,4.224938633,-0.2298669721754587,0.2298669721754587,0.5877526775549149,FALSE,FALSE
2023-07-19,King_Haakon,4.207799222,-0.26016979649056715,0.26016979649056715,0.5877526775549149,FALSE,FALSE
2023-07-20,King_Haakon,4.194037803,-0.28689020717902736,0.28689020717902736,0.5877526775549149,FALSE,FALSE
2023-07-21,King_Haakon,4.163609842,-0.33004641691562764,0.33004641691562764,0.5877526775549149,FALSE,FALSE
2023-07-22,King_Haakon,4.11657539,-0.38955305508441906,0.38955305508441906,0.5877526775549149,FALSE,FALSE
2023-07-23,King_Haakon,4.100551442,-0.4177816329589143,0.4177816329589143,0.5877526775549149,FALSE,FALSE
2023-07-24,King_Haakon,4.062113606,-0.4681551270521389,0.4681551270521389,0.5877526775549149,FALSE,FALSE
2023-07-25,King_Haakon,4.008432671,-0.5335015614908016,0.5335015614908016,0.5877526775549149,FALSE,FALSE
2023-07-26,King_Haakon,3.993304085,-0.5600243014016213,0.5600243014016213,0.5877526775549149,FALSE,FALSE
2023-07-27,King_Haakon,3.988088339,-0.5763616689113089,0.5763616689113089,0.5877526775549149,FALSE,FALSE
2023-07-28,King_Haakon,3.963599933,-0.6116979771465769,0.6116979771465769,0.5877526775549149,TRUE,TRUE
2023-07-29,King_Haakon,3.913420435,-0.6724504712341428,0.6724504712341428,0.5877526775549149,TRUE,TRUE
2023-07-30,King_Haakon,3.904877622,-0.691290187300714,0.691290187300714,0.5877526775549149,TRUE,TRUE
2023-07-31,King_Haakon,3.881842786,-0.7243446464730106,0.7243446464730106,0.5877526775549149,TRUE,TRUE
2023-08-01,King_Haakon,3.836991938,-0.7789366508777404,0.7789366508777404,0.5877526775549149,TRUE,TRUE
2023-08-02,King_Haakon,3.825507756,-0.79988233564162,0.79988233564162,0.5877526775549149,TRUE,TRUE
2023-08-03,King_Haakon,3.793418034,-0.8411527197176643,0.8411527197176643,0.5877526775549149,TRUE,TRUE
2023-08-04,King_Haakon,3.800058072,-0.8434066269010505,0.8434066269010505,0.5877526775549149,TRUE,TRUE
2023-08-05,King_Haakon,3.815737455,-0.8363116803833144,0.8363116803833144,0.5877526775549149,TRUE,TRUE
2023-08-06,King_Haakon,3.807282343,-0.853015115332104,0.853015115332104,0.5877526775549149,TRUE,TRUE
2023-08-07,King_Haakon,3.786575124,-0.8816079389150686,0.8816079389150686,0.5877526775549149,TRUE,TRUE
2023-08-08,King_Haakon,3.805614351,-0.870064993299855,0.870064993299855,0.5877526775549149,TRUE,TRUE
2023-08-09,King_Haakon,3.801453434,-0.8813062636541122,0.8813062636541122,0.5877526775549149,TRUE,TRUE
2023-08-10,King_Haakon,3.759447739,-0.9299497791454896,0.9299497791454896,0.5877526775549149,TRUE,TRUE
2023-08-11,King_Haakon,3.706220642,-0.9893455589416372,0.9893455589416372,0.5877526775549149,TRUE,TRUE
2023-08-12,King_Haakon,3.665739289,-1.0354998522102012,1.0354998522102012,0.5877526775549149,TRUE,TRUE
2023-08-13,King_Haakon,3.701276514,-1.0051132201188304,1.0051132201188304,0.5877526775549149,TRUE,TRUE
2023-08-14,King_Haakon,3.744020332,-0.9669710428351728,0.9669710428351728,0.5877526775549149,TRUE,TRUE
2023-08-15,King_Haakon,3.968762069,-0.7462553895268758,0.7462553895268758,0.5877526775549149,TRUE,TRUE
2023-08-16,King_Haakon,4.077387213,-0.6410561040259584,0.6410561040259584,0.5877526775549149,TRUE,TRUE
2023-08-17,King_Haakon,4.080698589,-0.6406032553778713,0.6406032553778713,0.5877526775549149,TRUE,TRUE
2023-08-18,King_Haakon,4.038660387,-0.685031432121118,0.685031432121118,0.5877526775549149,TRUE,TRUE
2023-08-19,King_Haakon,4.008031841,-0.7176837894347168,0.7176837894347168,0.5877526775549149,TRUE,TRUE
2023-08-20,King_Haakon,3.988538524,-0.7389371434976955,0.7389371434976955,0.5877526775549149,TRUE,TRUE
2023-08-21,King_Haakon,3.965292442,-0.763781877489067,0.763781877489067,0.5877526775549149,TRUE,TRUE
2023-08-22,King_Haakon,3.948696635,-0.781917340587861,0.781917340587861,0.5877526775549149,TRUE,TRUE
2023-08-23,King_Haakon,3.93581028,-0.7963867449730957,0.7963867449730957,0.5877526775549149,TRUE,TRUE
2023-08-24,King_Haakon,3.977578146,-0.7563477108237944,0.7563477108237944,0.5877526775549149,TRUE,TRUE
2023-08-25,King_Haakon,3.982329189,-0.7535736713189789,0.7535736713189789,0.5877526775549149,TRUE,TRUE
2023-08-26,King_Haakon,4.072989416,-0.6652410086376728,0.6652410086376728,0.5877526775549149,TRUE,TRUE
2023-08-27,King_Haakon,4.094625733,-0.6463852059588975,0.6463852059588975,0.5877526775549149,TRUE,TRUE
2023-08-28,King_Haakon,4.153142245,-0.5912045474616718,0.5912045474616718,0.5877526775549149,TRUE,TRUE
2023-08-29,King_Haakon,4.198471921,-0.5498470935126445,0.5498470935126445,0.5877526775549149,FALSE,FALSE
2023-08-30,King_Haakon,4.204180116,-0.5486987000322143,0.5486987000322143,0.5877526775549149,FALSE,FALSE
2023-08-31,King_Haakon,4.206276,-0.5516526310149903,0.5516526310149903,0.5877526775549149,FALSE,FALSE
2023-09-01,King_Haakon,4.211348976,-0.5520218299657955,0.5520218299657955,0.5877526775549149,FALSE,FALSE
2023-09-02,King_Haakon,4.237199696,-0.5319079913894518,0.5319079913894518,0.5877526775549149,FALSE,FALSE
2023-09-03,King_Haakon,4.301632447,-0.4734091747907767,0.4734091747907767,0.5877526775549149,FALSE,FALSE
2023-09-04,King_Haakon,4.372203464,-0.40887149167459214,0.40887149167459214,0.5877526775549149,FALSE,FALSE
2023-09-05,King_Haakon,4.428501575,-0.3586084605457147,0.3586084605457147,0.5877526775549149,FALSE,FALSE
2023-09-06,King_Haakon,4.427208731,-0.36584047690897226,0.36584047690897226,0.5877526775549149,FALSE,FALSE
2023-09-07,King_Haakon,4.42095169,-0.3778431292691762,0.3778431292691762,0.5877526775549149,FALSE,FALSE
2023-09-08,King_Haakon,4.415243837,-0.3890053791311532,0.3890053791311532,0.5877526775549149,FALSE,FALSE
2023-09-09,King_Haakon,4.436907879,-0.37240686599972594,0.37240686599972594,0.5877526775549149,FALSE,FALSE
2023-09-10,King_Haakon,4.442783898,-0.37111028836893745,0.37111028836893745,0.5877526775549149,FALSE,FALSE
2023-09-11,King_Haakon,4.430912263,-0.3870192570424562,0.3870192570424562,0.5877526775549149,FALSE,FALSE
2023-09-12,King_Haakon,4.44272664,-0.3787186404269072,0.3787186404269072,0.5877526775549149,FALSE,FALSE
2023-09-13,King_Haakon,4.435469509,-0.38899234287863393,0.38899234287863393,0.5877526775549149,FALSE,FALSE
2023-09-14,King_Haakon,4.405733536,-0.4212740827539765,0.4212740827539765,0.5877526775549149,FALSE,FALSE
2023-09-15,King_Haakon,4.408131406,-0.4209775594092857,0.4209775594092857,0.5877526775549149,FALSE,FALSE
2023-09-16,King_Haakon,4.3487716,-0.4820206762009054,0.4820206762009054,0.5877526775549149,FALSE,FALSE
2023-09-17,King_Haakon,4.279647102,-0.5524368334851761,0.5524368334851761,0.5877526775549149,FALSE,FALSE
2023-09-18,King_Haakon,4.197921526,-0.6350888016184504,0.6350888016184504,0.5877526775549149,TRUE,TRUE
2023-09-19,King_Haakon,4.123659209,-0.7099386279570679,0.7099386279570679,0.5877526775549149,TRUE,TRUE
2023-09-20,King_Haakon,4.040722131,-0.7931507168573777,0.7931507168573777,0.5877526775549149,TRUE,TRUE
2023-09-21,King_Haakon,3.988654528,-0.845207216675719,0.845207216675719,0.5877526775549149,TRUE,TRUE
2023-09-22,King_Haakon,3.934054962,-0.8995359497684423,0.8995359497684423,0.5877526775549149,TRUE,TRUE
2023-09-23,King_Haakon,3.952375682,-0.8807112556769874,0.8807112556769874,0.5877526775549149,TRUE,TRUE
2023-09-24,King_Haakon,3.96574239,-0.8666362069739755,0.8666362069739755,0.5877526775549149,TRUE,TRUE
2023-09-25,King_Haakon,3.974818674,-0.8566773163121488,0.8566773163121488,0.5877526775549149,TRUE,TRUE
2023-09-26,King_Haakon,4.006019507,-0.8244497299506026,0.8244497299506026,0.5877526775549149,TRUE,TRUE
2023-09-27,King_Haakon,4.116145346,-0.7131831101484511,0.7131831101484511,0.5877526775549149,TRUE,TRUE
2023-09-28,King_Haakon,4.153696141,-0.6744076261647907,0.6744076261647907,0.5877526775549149,TRUE,TRUE
2023-09-29,King_Haakon,4.160488633,-0.666336656258733,0.666336656258733,0.5877526775549149,TRUE,TRUE
2023-09-30,King_Haakon,4.148158408,-0.6773647336893793,0.6773647336893793,0.5877526775549149,TRUE,TRUE
2023-10-01,King_Haakon,4.138128937,-0.6860985067158332,0.6860985067158332,0.5877526775549149,TRUE,TRUE
2023-10-02,King_Haakon,4.136466546,-0.6865017685972008,0.6865017685972008,0.5877526775549149,TRUE,TRUE
2023-10-03,King_Haakon,4.160368665,-0.6614072085925891,0.6614072085925891,0.5877526775549149,TRUE,TRUE
2023-10-04,King_Haakon,4.187990455,-0.6326897849610988,0.6326897849610988,0.5877526775549149,TRUE,TRUE
2023-10-05,King_Haakon,4.200560376,-0.6191511386780011,0.6191511386780011,0.5877526775549149,TRUE,TRUE
2023-10-06,King_Haakon,4.186000221,-0.6328774610530656,0.6328774610530656,0.5877526775549149,TRUE,TRUE
2023-10-07,King_Haakon,4.185914527,-0.6322071421342041,0.6322071421342041,0.5877526775549149,TRUE,TRUE
2023-10-08,King_Haakon,4.154915914,-0.6624585868715736,0.6624585868715736,0.5877526775549149,TRUE,TRUE
2023-10-09,King_Haakon,4.113268978,-0.7032982242153247,0.7032982242153247,0.5877526775549149,TRUE,TRUE
2023-10-10,King_Haakon,4.060935661,-0.754695137115605,0.754695137115605,0.5877526775549149,TRUE,TRUE
2023-10-11,King_Haakon,4.008207433,-0.806288880522577,0.806288880522577,0.5877526775549149,TRUE,TRUE
2023-10-12,King_Haakon,3.957784562,-0.8553102113863882,0.8553102113863882,0.5877526775549149,TRUE,TRUE
2023-10-13,King_Haakon,3.940706849,-0.8706503536571906,0.8706503536571906,0.5877526775549149,TRUE,TRUE
2023-10-14,King_Haakon,3.92949557,-0.8797190562851385,0.8797190562851385,0.5877526775549149,TRUE,TRUE
2023-10-15,King_Haakon,3.941443109,-0.8651549602203832,0.8651549602203832,0.5877526775549149,TRUE,TRUE
2023-10-16,King_Haakon,3.958854544,-0.844584012413081,0.844584012413081,0.5877526775549149,TRUE,TRUE
2023-10-17,King_Haakon,3.969780285,-0.8298868278133811,0.8298868278133811,0.5877526775549149,TRUE,TRUE
2023-10-18,King_Haakon,3.983334043,-0.8118834554211594,0.8118834554211594,0.5877526775549149,TRUE,TRUE
2023-10-19,King_Haakon,3.975304596,-0.8147769688820468,0.8147769688820468,0.5877526775549149,TRUE,TRUE
2023-10-20,King_Haakon,3.945110319,-0.8391963813431826,0.8391963813431826,0.5877526775549149,TRUE,TRUE
2023-10-21,King_Haakon,3.966827068,-0.8111154486484353,0.8111154486484353,0.5877526775549149,TRUE,TRUE
2023-10-22,King_Haakon,4.018229306,-0.7528093196416732,0.7528093196416732,0.5877526775549149,TRUE,TRUE
2023-10-23,King_Haakon,4.084179372,-0.6794652671667665,0.6794652671667665,0.5877526775549149,TRUE,TRUE
2023-10-24,King_Haakon,4.111181465,-0.6446287040675811,0.6446287040675811,0.5877526775549149,TRUE,TRUE
2023-10-25,King_Haakon,4.13334667,-0.6142381571879794,0.6142381571879794,0.5877526775549149,TRUE,TRUE
2023-10-26,King_Haakon,4.148279066,-0.5907391593718341,0.5907391593718341,0.5877526775549149,TRUE,TRUE
2023-10-27,King_Haakon,4.120337373,-0.6098226024630131,0.6098226024630131,0.5877526775549149,TRUE,TRUE
2023-10-28,King_Haakon,4.13422555,-0.5868341393053838,0.5868341393053838,0.5877526775549149,FALSE,FALSE
2023-10-29,King_Haakon,4.108411501,-0.6033554777428156,0.6033554777428156,0.5877526775549149,TRUE,TRUE
2023-10-30,King_Haakon,4.090655365,-0.61167609061917,0.61167609061917,0.5877526775549149,TRUE,TRUE
2023-10-31,King_Haakon,4.062686333,-0.6301022377049081,0.6301022377049081,0.5877526775549149,TRUE,TRUE
2023-11-01,King_Haakon,3.99590107,-0.6872030008922008,0.6872030008922008,0.5877526775549149,TRUE,TRUE
2023-11-02,King_Haakon,3.961467547,-0.7117547457504179,0.7117547457504179,0.5877526775549149,TRUE,TRUE
2023-11-03,King_Haakon,3.971369901,-0.69171766609327,0.69171766609327,0.5877526775549149,TRUE,TRUE
2023-11-04,King_Haakon,3.976698546,-0.6759456787344784,0.6759456787344784,0.5877526775549149,TRUE,TRUE
2023-11-05,King_Haakon,4.013418735,-0.628417861487752,0.628417861487752,0.5877526775549149,TRUE,TRUE
2023-11-06,King_Haakon,4.061565167,-0.5690438461668101,0.5690438461668101,0.5877526775549149,FALSE,FALSE
2023-11-07,King_Haakon,4.095313311,-0.5235924945853654,0.5235924945853654,0.5877526775549149,FALSE,FALSE
2023-11-08,King_Haakon,4.168845107,-0.4378261975571309,0.4378261975571309,0.5877526775549149,FALSE,FALSE
2023-11-09,King_Haakon,4.203240005,-0.3906098358958223,0.3906098358958223,0.5877526775549149,FALSE,FALSE
2023-11-10,King_Haakon,4.192506148,-0.38787959741515454,0.38787959741515454,0.5877526775549149,FALSE,FALSE
2023-11-11,King_Haakon,4.180566687,-0.3856566619288442,0.3856566619288442,0.5877526775549149,FALSE,FALSE
2023-11-12,King_Haakon,4.159095794,-0.39221088716556807,0.39221088716556807,0.5877526775549149,FALSE,FALSE
2023-11-13,King_Haakon,4.125434858,-0.4101282581309338,0.4101282581309338,0.5877526775549149,FALSE,FALSE
2023-11-14,King_Haakon,4.07109108,-0.447803910803362,0.447803910803362,0.5877526775549149,FALSE,FALSE
2023-11-15,King_Haakon,4.037102862,-0.464099715019004,0.464099715019004,0.5877526775549149,FALSE,FALSE
2023-11-16,King_Haakon,4.003177064,-0.47920908261401607,0.47920908261401607,0.5877526775549149,FALSE,FALSE
2023-11-17,King_Haakon,3.96397192,-0.4983740514245558,0.4983740514245558,0.5877526775549149,FALSE,FALSE
2023-11-18,King_Haakon,3.934513561,-0.5064687622867776,0.5064687622867776,0.5877526775549149,FALSE,FALSE
2023-11-19,King_Haakon,3.931475167,-0.4867203070368391,0.4867203070368391,0.5877526775549149,FALSE,FALSE
2023-11-20,King_Haakon,3.938850687,-0.45503500851089607,0.45503500851089607,0.5877526775549149,FALSE,FALSE
2023-11-21,King_Haakon,3.922655197,-0.4452980625451026,0.4452980625451026,0.5877526775549149,FALSE,FALSE
2023-11-22,King_Haakon,3.907596676,-0.4327017619756175,0.4327017619756175,0.5877526775549149,FALSE,FALSE
2023-11-23,King_Haakon,3.903862846,-0.406958656638591,0.406958656638591,0.5877526775549149,FALSE,FALSE
2023-11-24,King_Haakon,3.871689429,-0.4077332963701874,0.4077332963701874,0.5877526775549149,FALSE,FALSE
2023-11-25,King_Haakon,3.865012189,-0.3810075366518952,0.3810075366518952,0.5877526775549149,FALSE,FALSE
2023-11-26,King_Haakon,3.873339572,-0.33733727444298545,0.33733727444298545,0.5877526775549149,FALSE,FALSE
2023-11-27,King_Haakon,3.895113428,-0.2784187790711954,0.2784187790711954,0.5877526775549149,FALSE,FALSE
2023-11-28,King_Haakon,3.897514153,-0.23721033267740887,0.23721033267740887,0.5877526775549149,FALSE,FALSE
2023-11-29,King_Haakon,3.872562307,-0.2218300534025044,0.2218300534025044,0.5877526775549149,FALSE,FALSE
2023-11-30,King_Haakon,3.788877904,-0.26379660538736127,0.26379660538736127,0.5877526775549149,FALSE,FALSE
2023-12-01,King_Haakon,3.724775146,-0.2849344647728662,0.2849344647728662,0.5877526775549149,FALSE,FALSE
2023-12-02,King_Haakon,3.674545551,-0.29109079169989416,0.29109079169989416,0.5877526775549149,FALSE,FALSE
2023-12-03,King_Haakon,3.594273936,-0.3263194473093285,0.3263194473093285,0.5877526775549149,FALSE,FALSE
2023-12-04,King_Haakon,3.558369212,-0.3163501987420516,0.3163501987420516,0.5877526775549149,FALSE,FALSE
2023-12-05,King_Haakon,3.505820866,-0.322332237138943,0.322332237138943,0.5877526775549149,FALSE,FALSE
2023-12-06,King_Haakon,3.464387067,-0.3166460716408843,0.3166460716408843,0.5877526775549149,FALSE,FALSE
2023-12-07,King_Haakon,3.425988763,-0.3075092712387182,0.3075092712387182,0.5877526775549149,FALSE,FALSE
2023-12-08,King_Haakon,3.402161358,-0.28347492279490893,0.28347492279490893,0.5877526775549149,FALSE,FALSE
2023-12-09,King_Haakon,3.35185961,-0.2855561145187955,0.2855561145187955,0.5877526775549149,FALSE,FALSE
2023-12-10,King_Haakon,3.327277488,-0.261508901714786,0.261508901714786,0.5877526775549149,FALSE,FALSE
2023-12-11,King_Haakon,3.318953491,-0.2207448096872957,0.2207448096872957,0.5877526775549149,FALSE,FALSE
2023-12-12,King_Haakon,3.307380713,-0.18272076874073528,0.18272076874073528,0.5877526775549149,FALSE,FALSE
2023-12-13,King_Haakon,3.295745588,-0.14420036917951728,0.14420036917951728,0.5877526775549149,FALSE,FALSE
2023-12-14,King_Haakon,3.268434951,-0.12074680030805364,0.12074680030805364,0.5877526775549149,FALSE,FALSE
2023-12-15,King_Haakon,3.181020128,-0.1567387604307564,0.1567387604307564,0.5877526775549149,FALSE,FALSE
2023-12-16,King_Haakon,3.143756982,-0.14187041085203722,0.14187041085203722,0.5877526775549149,FALSE,FALSE
2023-12-17,King_Haakon,3.13134033,-0.10139695887630884,0.10139695887630884,0.5877526775549149,FALSE,FALSE
2023-12-18,King_Haakon,3.10509369,-0.07394491080798149,0.07394491080798149,0.5877526775549149,FALSE,FALSE
2023-12-19,King_Haakon,3.085406174,-0.03907517895146917,0.03907517895146917,0.5877526775549149,FALSE,FALSE
2023-12-20,King_Haakon,3.044398442,-0.02462152264605288,0.02462152264605288,0.5877526775549149,FALSE,FALSE
2023-12-21,King_Haakon,3.038520989,0.0258426397960485,0.0258426397960485,0.5877526775549149,FALSE,FALSE
2023-12-22,King_Haakon,2.976628434,0.02109254251420811,0.02109254251420811,0.5877526775549149,FALSE,FALSE
2023-12-23,King_Haakon,2.902992022,0.00531849982644461,0.00531849982644461,0.5877526775549149,FALSE,FALSE
2023-12-24,King_Haakon,2.836339948,-0.00283222394921889,0.00283222394921889,0.5877526775549149,FALSE,FALSE
2023-12-25,King_Haakon,2.743567526,-0.03654524549475324,0.03654524549475324,0.5877526775549149,FALSE,FALSE
2023-12-26,King_Haakon,2.694079761,-0.02649649049213698,0.02649649049213698,0.5877526775549149,FALSE,FALSE
2023-12-27,King_Haakon,2.630171986,-0.03047155662334777,0.03047155662334777,0.5877526775549149,FALSE,FALSE
2023-12-28,King_Haakon,2.535451412,-0.06494416357036537,0.06494416357036537,0.5877526775549149,FALSE,FALSE
2023-12-29,King_Haakon,2.463661257,-0.0762520240151563,0.0762520240151563,0.5877526775549149,FALSE,FALSE
2023-12-30,King_Haakon,2.350151339,-0.12912625063970615,0.12912625063970615,0.5877526775549149,FALSE,FALSE
2023-12-31,King_Haakon,2.235166775,-0.18340265712598347,0.18340265712598347,0.5877526775549149,FALSE,FALSE
2024-01-01,King_Haakon,2.125771417,-0.23209832215597315,0.23209832215597315,0.5877526775549149,FALSE,FALSE
2024-01-02,King_Haakon,2.068462948,-0.2287994913819156,0.2287994913819156,0.5877526775549149,FALSE,FALSE
2024-01-03,King_Haakon,1.968073901,-0.2687695523371558,0.2687695523371558,0.5877526775549149,FALSE,FALSE
2024-01-04,King_Haakon,1.907658961,-0.26905273852530076,0.26905273852530076,0.5877526775549149,FALSE,FALSE
2024-01-05,King_Haakon,1.842829365,-0.27413673144996586,0.27413673144996586,0.5877526775549149,FALSE,FALSE
2024-01-06,King_Haakon,1.78738355,-0.27032201261475475,0.27032201261475475,0.5877526775549149,FALSE,FALSE
2024-01-07,King_Haakon,1.708759921,-0.29026909552328406,0.29026909552328406,0.5877526775549149,FALSE,FALSE
2024-01-08,King_Haakon,1.615075659,-0.32595971767916665,0.32595971767916665,0.5877526775549149,FALSE,FALSE
2024-01-09,King_Haakon,1.526386398,-0.3574371635860074,0.3574371635860074,0.5877526775549149,FALSE,FALSE
2024-01-10,King_Haakon,1.423051648,-0.4044408417474232,0.4044408417474232,0.5877526775549149,FALSE,FALSE
2024-01-11,King_Haakon,1.358444379,-0.41369670066702224,0.41369670066702224,0.5877526775549149,FALSE,FALSE
2024-01-12,King_Haakon,1.277278387,-0.44058986284841506,0.44058986284841506,0.5877526775549149,FALSE,FALSE
2024-01-13,King_Haakon,1.202746283,-0.46202663579521497,0.46202663579521497,0.5877526775549149,FALSE,FALSE
2024-01-14,King_Haakon,1.142598537,-0.4703546979021018,0.4703546979021018,0.5877526775549149,FALSE,FALSE
2024-01-15,King_Haakon,1.075182861,-0.4872968503295836,0.4872968503295836,0.5877526775549149,FALSE,FALSE
2024-01-16,King_Haakon,1.016096034,-0.4972922062068448,0.4972922062068448,0.5877526775549149,FALSE,FALSE
2024-01-17,King_Haakon,0.975263289,-0.49044923511146143,0.49044923511146143,0.5877526775549149,FALSE,FALSE
2024-01-18,King_Haakon,0.940472369,-0.47901389662101146,0.47901389662101146,0.5877526775549149,FALSE,FALSE
2024-01-19,King_Haakon,0.91647784,-0.4582653273130739,0.4582653273130739,0.5877526775549149,FALSE,FALSE
2024-01-20,King_Haakon,0.877107167,-0.4544097647652253,0.4544097647652253,0.5877526775549149,FALSE,FALSE
2024-01-21,King_Haakon,0.838324802,-0.4515164595550441,0.4515164595550441,0.5877526775549149,FALSE,FALSE
2024-01-22,King_Haakon,0.806188601,-0.4435612582601073,0.4435612582601073,0.5877526775549149,FALSE,FALSE
2024-01-23,King_Haakon,0.776311017,-0.4349654104579927,0.4349654104579927,0.5877526775549149,FALSE,FALSE
2024-01-24,King_Haakon,0.730523167,-0.4439315017262805,0.4439315017262805,0.5877526775549149,FALSE,FALSE
2024-01-25,King_Haakon,0.716890748,-0.42242753764254615,0.42242753764254615,0.5877526775549149,FALSE,FALSE
2024-01-26,King_Haakon,0.673059483,-0.432841497784367,0.432841497784367,0.5877526775549149,FALSE,FALSE
2024-01-27,King_Haakon,0.636227578,-0.4380000796497832,0.4380000796497832,0.5877526775549149,FALSE,FALSE
2024-01-28,King_Haakon,0.610928534,-0.4333351207294235,0.4333351207294235,0.5877526775549149,FALSE,FALSE
2024-01-29,King_Haakon,0.548752612,-0.4671969994772828,0.4671969994772828,0.5877526775549149,FALSE,FALSE
2024-01-30,King_Haakon,0.51378334,-0.4754427477839191,0.4754427477839191,0.5877526775549149,FALSE,FALSE
2024-01-31,King_Haakon,0.474667905,-0.489365738539892,0.489365738539892,0.5877526775549149,FALSE,FALSE
2024-02-01,King_Haakon,0.448322006,-0.49199083263575766,0.49199083263575766,0.5877526775549149,FALSE,FALSE
2024-02-02,King_Haakon,0.421600458,-0.49640377496207566,0.49640377496207566,0.5877526775549149,FALSE,FALSE
2024-02-03,King_Haakon,0.410868283,-0.4861801034094037,0.4861801034094037,0.5877526775549149,FALSE,FALSE
2024-02-04,King_Haakon,0.359229962,-0.5181558968683001,0.5181558968683001,0.5877526775549149,FALSE,FALSE
2024-02-05,King_Haakon,0.368925347,-0.4900318632293238,0.4900318632293238,0.5877526775549149,FALSE,FALSE
2024-02-06,King_Haakon,0.351666552,-0.49003644838303057,0.49003644838303057,0.5877526775549149,FALSE,FALSE
2024-02-07,King_Haakon,0.359884112,-0.4656796772199813,0.4656796772199813,0.5877526775549149,FALSE,FALSE
2024-02-08,King_Haakon,0.374579826,-0.4359007020455257,0.4359007020455257,0.5877526775549149,FALSE,FALSE
2024-02-09,King_Haakon,0.368366285,-0.4280795590468165,0.4280795590468165,0.5877526775549149,FALSE,FALSE
2024-02-10,King_Haakon,0.353506126,-0.43004900932875434,0.43004900932875434,0.5877526775549149,FALSE,FALSE
2024-02-11,King_Haakon,0.351704391,-0.420211559972065,0.420211559972065,0.5877526775549149,FALSE,FALSE
2024-02-12,King_Haakon,0.364755066,-0.39688077405748,0.39688077405748,0.5877526775549149,FALSE,FALSE
2024-02-13,King_Haakon,0.394939291,-0.35788306066572817,0.35788306066572817,0.5877526775549149,FALSE,FALSE
2024-02-14,King_Haakon,0.389239749,-0.3563432858775355,0.3563432858775355,0.5877526775549149,FALSE,FALSE
2024-02-15,King_Haakon,0.348794829,-0.3912306097736328,0.3912306097736328,0.5877526775549149,FALSE,FALSE
2024-02-16,King_Haakon,0.333205563,-0.40305154943474736,0.40305154943474736,0.5877526775549149,FALSE,FALSE
2024-02-17,King_Haakon,0.317017456,-0.4173681489416089,0.4173681489416089,0.5877526775549149,FALSE,FALSE
2024-02-18,King_Haakon,0.341365441,-0.3931530243749457,0.3931530243749457,0.5877526775549149,FALSE,FALSE
2024-02-19,King_Haakon,0.342818731,-0.3939445118154856,0.3939445118154856,0.5877526775549149,FALSE,FALSE
2024-02-20,King_Haakon,0.332440471,-0.4087870153439584,0.4087870153439584,0.5877526775549149,FALSE,FALSE
2024-02-21,King_Haakon,0.351052997,-0.39695532015582263,0.39695532015582263,0.5877526775549149,FALSE,FALSE
2024-02-22,King_Haakon,0.368993888,-0.3880825445906826,0.3880825445906826,0.5877526775549149,FALSE,FALSE
2024-02-23,King_Haakon,0.388162218,-0.3801562093222797,0.3801562093222797,0.5877526775549149,FALSE,FALSE
2024-02-24,King_Haakon,0.438194264,-0.3434251117028391,0.3434251117028391,0.5877526775549149,FALSE,FALSE
2024-02-25,King_Haakon,0.500632087,-0.29623226508458955,0.29623226508458955,0.5877526775549149,FALSE,FALSE
2024-02-26,King_Haakon,0.533329645,-0.2806087858197577,0.2806087858197577,0.5877526775549149,FALSE,FALSE
2024-02-27,King_Haakon,0.557055533,-0.2756711532605709,0.2756711532605709,0.5877526775549149,FALSE,FALSE
2024-02-28,King_Haakon,0.588640684,-0.264473508759257,0.264473508759257,0.5877526775549149,FALSE,FALSE
2024-03-01,King_Haakon,0.634408398,-0.2638188583391545,0.2638188583391545,0.5877526775549149,FALSE,FALSE
2024-03-02,King_Haakon,0.615882575,-0.30684038712482,0.30684038712482,0.5877526775549149,FALSE,FALSE
2024-03-03,King_Haakon,0.63020827,-0.3181499463772669,0.3181499463772669,0.5877526775549149,FALSE,FALSE
2024-03-04,King_Haakon,0.676991631,-0.29802646643116326,0.29802646643116326,0.5877526775549149,FALSE,FALSE
2024-03-05,King_Haakon,0.772753542,-0.22984895580224807,0.22984895580224807,0.5877526775549149,FALSE,FALSE
2024-03-06,King_Haakon,0.818070313,-0.21298922635264916,0.21298922635264916,0.5877526775549149,FALSE,FALSE
2024-03-07,King_Haakon,0.85577147,-0.20457567224167883,0.20457567224167883,0.5877526775549149,FALSE,FALSE
2024-03-08,King_Haakon,0.887981493,-0.20244173362865447,0.20244173362865447,0.5877526775549149,FALSE,FALSE
2024-03-09,King_Haakon,0.899491383,-0.2217543296728912,0.2217543296728912,0.5877526775549149,FALSE,FALSE
2024-03-10,King_Haakon,0.898487741,-0.2542847795337021,0.2542847795337021,0.5877526775549149,FALSE,FALSE
2024-03-11,King_Haakon,0.926137121,-0.2588244493704026,0.2588244493704026,0.5877526775549149,FALSE,FALSE
2024-03-12,King_Haakon,0.943787641,-0.27398314134230806,0.27398314134230806,0.5877526775549149,FALSE,FALSE
2024-03-13,King_Haakon,0.972513256,-0.2786448206087342,0.2786448206087342,0.5877526775549149,FALSE,FALSE
2024-03-14,King_Haakon,0.97616922,-0.308912153328995,0.308912153328995,0.5877526775549149,FALSE,FALSE
2024-03-15,King_Haakon,0.981093188,-0.33840540466240654,0.33840540466240654,0.5877526775549149,FALSE,FALSE
2024-03-16,King_Haakon,1.021573799,-0.33279385576828213,0.33279385576828213,0.5877526775549149,FALSE,FALSE
2024-03-17,King_Haakon,1.016312246,-0.3733340818928321,0.3733340818928321,0.5877526775549149,FALSE,FALSE
2024-03-18,King_Haakon,1.051222755,-0.37406583127461546,0.37406583127461546,0.5877526775549149,FALSE,FALSE
2024-03-19,King_Haakon,1.065172104,-0.3960723315884047,0.3960723315884047,0.5877526775549149,FALSE,FALSE
2024-03-20,King_Haakon,1.093843153,-0.4036205416625011,0.4036205416625011,0.5877526775549149,FALSE,FALSE
2024-03-21,King_Haakon,1.112249313,-0.42164686932520223,0.42164686932520223,0.5877526775549149,FALSE,FALSE
2024-03-22,King_Haakon,1.127943614,-0.44254810340480577,0.44254810340480577,0.5877526775549149,FALSE,FALSE
2024-03-23,King_Haakon,1.158351295,-0.44884882372961377,0.44884882372961377,0.5877526775549149,FALSE,FALSE
2024-03-24,King_Haakon,1.202376878,-0.441594327127921,0.441594327127921,0.5877526775549149,FALSE,FALSE
2024-03-25,King_Haakon,1.247949017,-0.4328057784280313,0.4328057784280313,0.5877526775549149,FALSE,FALSE
2024-03-26,King_Haakon,1.24074264,-0.47675806845824087,0.47675806845824087,0.5877526775549149,FALSE,FALSE
2024-03-27,King_Haakon,1.224762015,-0.5293967480468502,0.5293967480468502,0.5877526775549149,FALSE,FALSE
2024-03-28,King_Haakon,1.241567143,-0.5491116350221559,0.5491116350221559,0.5877526775549149,FALSE,FALSE
2024-03-29,King_Haakon,1.235478535,-0.5915320372124584,0.5915320372124584,0.5877526775549149,TRUE,FALSE
2024-03-30,King_Haakon,1.277236671,-0.5858758746012067,0.5858758746012067,0.5877526775549149,FALSE,FALSE
2024-03-31,King_Haakon,1.353039806,-0.5459501970510205,0.5459501970510205,0.5877526775549149,FALSE,FALSE
2024-04-01,King_Haakon,1.433535901,-0.5011282940621584,0.5011282940621584,0.5877526775549149,FALSE,FALSE
2024-04-02,King_Haakon,1.476667142,-0.4934892433171316,0.4934892433171316,0.5877526775549149,FALSE,FALSE
2024-04-03,King_Haakon,1.545438355,-0.4600494824984458,0.4600494824984458,0.5877526775549149,FALSE,FALSE
2024-04-04,King_Haakon,1.569043899,-0.4716359162886108,0.4716359162886108,0.5877526775549149,FALSE,FALSE
2024-04-05,King_Haakon,1.585625393,-0.4901281893701377,0.4901281893701377,0.5877526775549149,FALSE,FALSE
2024-04-06,King_Haakon,1.603556345,-0.5071740574255299,0.5071740574255299,0.5877526775549149,FALSE,FALSE
2024-04-07,King_Haakon,1.623864489,-0.5217670501372991,0.5217670501372991,0.5877526775549149,FALSE,FALSE
2024-04-08,King_Haakon,1.659207802,-0.5212704541879516,0.5212704541879516,0.5877526775549149,FALSE,FALSE
2024-04-09,King_Haakon,1.679425684,-0.5358661332600008,0.5358661332600008,0.5877526775549149,FALSE,FALSE
2024-04-10,King_Haakon,1.67752152,-0.5725719660359494,0.5725719660359494,0.5877526775549149,FALSE,FALSE
2024-04-11,King_Haakon,1.689338473,-0.5955658881520958,0.5955658881520958,0.5877526775549149,TRUE,FALSE
2024-04-12,King_Haakon,1.718882828,-0.6008509503625952,0.6008509503625952,0.5877526775549149,TRUE,FALSE
2024-04-13,King_Haakon,1.7695174,-0.5850542824159095,0.5850542824159095,0.5877526775549149,FALSE,FALSE
2024-04-14,King_Haakon,1.826088865,-0.5633173418537614,0.5633173418537614,0.5877526775549149,FALSE,FALSE
2024-04-15,King_Haakon,1.871267745,-0.5529577402178765,0.5529577402178765,0.5877526775549149,FALSE,FALSE
2024-04-16,King_Haakon,1.901622411,-0.5573952400499809,0.5573952400499809,0.5877526775549149,FALSE,FALSE
2024-04-17,King_Haakon,1.950510644,-0.5432601938917965,0.5432601938917965,0.5877526775549149,FALSE,FALSE
2024-04-18,King_Haakon,2.012595518,-0.5158776612850482,0.5158776612850482,0.5877526775549149,FALSE,FALSE
2024-04-19,King_Haakon,2.052657971,-0.5104548377714622,0.5104548377714622,0.5877526775549149,FALSE,FALSE
2024-04-20,King_Haakon,2.072009901,-0.5256679588927642,0.5256679588927642,0.5877526775549149,FALSE,FALSE
2024-04-21,King_Haakon,2.057105448,-0.5750510181906767,0.5750510181906767,0.5877526775549149,FALSE,FALSE
2024-04-22,King_Haakon,2.06144329,-0.6050934712069265,0.6050934712069265,0.5877526775549149,TRUE,TRUE
2024-04-23,King_Haakon,2.106752946,-0.5940539324832361,0.5940539324832361,0.5877526775549149,TRUE,TRUE
2024-04-24,King_Haakon,2.134238827,-0.600714195833123,0.600714195833123,0.5877526775549149,TRUE,TRUE
2024-04-25,King_Haakon,2.153338829,-0.6156042520463361,0.6156042520463361,0.5877526775549149,TRUE,TRUE
2024-04-26,King_Haakon,2.18748462,-0.6152501972655524,0.6152501972655524,0.5877526775549149,TRUE,TRUE
2024-04-27,King_Haakon,2.230126149,-0.6061597400025449,0.6061597400025449,0.5877526775549149,TRUE,TRUE
2024-04-28,King_Haakon,2.257634144,-0.6119198097690801,0.6119198097690801,0.5877526775549149,TRUE,TRUE
2024-04-29,King_Haakon,2.284639095,-0.6178575740769352,0.6178575740769352,0.5877526775549149,TRUE,TRUE
2024-04-30,King_Haakon,2.335606562,-0.5994651304378742,0.5994651304378742,0.5877526775549149,TRUE,TRUE
2024-05-01,King_Haakon,2.36273747,-0.6044992113636738,0.6044992113636738,0.5877526775549149,TRUE,TRUE
2024-05-02,King_Haakon,2.365997044,-0.6329522493661006,0.6329522493661006,0.5877526775549149,TRUE,TRUE
2024-05-03,King_Haakon,2.384181956,-0.6459852299569278,0.6459852299569278,0.5877526775549149,TRUE,TRUE
2024-05-04,King_Haakon,2.369908186,-0.6909398306479244,0.6909398306479244,0.5877526775549149,TRUE,TRUE
2024-05-05,King_Haakon,2.398898899,-0.6920505439508644,0.6920505439508644,0.5877526775549149,TRUE,TRUE
2024-05-06,King_Haakon,2.43643914,-0.68399000355193,0.68399000355193,0.5877526775549149,TRUE,TRUE
2024-05-07,King_Haakon,2.479098916,-0.6701576862044054,0.6701576862044054,0.5877526775549149,TRUE,TRUE
2024-05-08,King_Haakon,2.530419415,-0.6470133065229287,0.6470133065229287,0.5877526775549149,TRUE,TRUE
2024-05-09,King_Haakon,2.572151227,-0.6328123466569955,0.6328123466569955,0.5877526775549149,TRUE,TRUE
2024-05-10,King_Haakon,2.623244246,-0.608610984756107,0.608610984756107,0.5877526775549149,TRUE,TRUE
2024-05-11,King_Haakon,2.639613918,-0.6184998469697578,0.6184998469697578,0.5877526775549149,TRUE,TRUE
2024-05-12,King_Haakon,2.679346047,-0.6043992014474466,0.6043992014474466,0.5877526775549149,TRUE,TRUE
2024-05-13,King_Haakon,2.721543941,-0.5872118123386736,0.5872118123386736,0.5877526775549149,FALSE,FALSE
2024-05-14,King_Haakon,2.742365026,-0.5907863257929336,0.5907863257929336,0.5877526775549149,TRUE,TRUE
2024-05-15,King_Haakon,2.760357151,-0.596580964959728,0.596580964959728,0.5877526775549149,TRUE,TRUE
2024-05-16,King_Haakon,2.785489949,-0.5946321689885501,0.5946321689885501,0.5877526775549149,TRUE,TRUE
2024-05-17,King_Haakon,2.797999685,-0.6047097450289027,0.6047097450289027,0.5877526775549149,TRUE,TRUE
2024-05-18,King_Haakon,2.834233555,-0.5904725692302812,0.5904725692302812,0.5877526775549149,TRUE,TRUE
2024-05-19,King_Haakon,2.848511838,-0.5976080128822421,0.5976080128822421,0.5877526775549149,TRUE,TRUE
2024-05-20,King_Haakon,2.881933175,-0.5850538820921787,0.5850538820921787,0.5877526775549149,FALSE,FALSE
2024-05-21,King_Haakon,2.916037165,-0.5713321842803927,0.5713321842803927,0.5877526775549149,FALSE,FALSE
2024-05-22,King_Haakon,2.976538117,-0.5307910633451334,0.5307910633451334,0.5877526775549149,FALSE,FALSE
2024-05-23,King_Haakon,2.964563099,-0.5623659041846532,0.5623659041846532,0.5877526775549149,FALSE,FALSE
2024-05-24,King_Haakon,3.018511812,-0.5277194586972018,0.5277194586972018,0.5877526775549149,FALSE,FALSE
2024-05-25,King_Haakon,3.009799288,-0.5554991477810325,0.5554991477810325,0.5877526775549149,FALSE,FALSE
2024-05-26,King_Haakon,3.018783331,-0.5654096203343952,0.5654096203343952,0.5877526775549149,FALSE,FALSE
2024-05-27,King_Haakon,2.994787109,-0.6081901612555431,0.6081901612555431,0.5877526775549149,TRUE,TRUE
2024-05-28,King_Haakon,2.979793279,-0.6419205664427263,0.6419205664427263,0.5877526775549149,TRUE,TRUE
2024-05-29,King_Haakon,2.953629017,-0.6868361127941944,0.6868361127941944,0.5877526775549149,TRUE,TRUE
2024-05-30,King_Haakon,2.937574197,-0.7217193792082055,0.7217193792082055,0.5877526775549149,TRUE,TRUE
2024-05-31,King_Haakon,2.988396986,-0.6898646515830036,0.6898646515830036,0.5877526775549149,TRUE,TRUE
2024-06-01,King_Haakon,3.043661668,-0.6537562464641202,0.6537562464641202,0.5877526775549149,TRUE,TRUE
2024-06-02,King_Haakon,3.048371,-0.668378554619653,0.668378554619653,0.5877526775549149,TRUE,TRUE
2024-06-03,King_Haakon,3.012290416,-0.7239362545537613,0.7239362545537613,0.5877526775549149,TRUE,TRUE
2024-06-04,King_Haakon,2.989803322,-0.7660160521395758,0.7660160521395758,0.5877526775549149,TRUE,TRUE
2024-06-05,King_Haakon,2.964371304,-0.811126473250221,0.811126473250221,0.5877526775549149,TRUE,TRUE
2024-06-06,King_Haakon,2.934713158,-0.8605188337588179,0.8605188337588179,0.5877526775549149,TRUE,TRUE
2024-06-07,King_Haakon,2.936363245,-0.8786288845385029,0.8786288845385029,0.5877526775549149,TRUE,TRUE
2024-06-08,King_Haakon,2.964732665,-0.8700156374623997,0.8700156374623997,0.5877526775549149,TRUE,TRUE
2024-06-09,King_Haakon,2.998880996,-0.8555896264036362,0.8555896264036362,0.5877526775549149,TRUE,TRUE
2024-06-10,King_Haakon,3.055925083,-0.8182041182353372,0.8182041182353372,0.5877526775549149,TRUE,TRUE
2024-06-11,King_Haakon,3.102581441,-0.7911127098306303,0.7911127098306303,0.5877526775549149,TRUE,TRUE
2024-06-12,King_Haakon,3.178235078,-0.734900505062646,0.734900505062646,0.5877526775549149,TRUE,TRUE
2024-06-13,King_Haakon,3.261139975,-0.6712837547552986,0.6712837547552986,0.5877526775549149,TRUE,TRUE
2024-06-14,King_Haakon,3.251845373,-0.6996887376608174,0.6996887376608174,0.5877526775549149,TRUE,TRUE
2024-06-15,King_Haakon,3.280098583,-0.6903509168055542,0.6903509168055542,0.5877526775549149,TRUE,TRUE
2024-06-16,King_Haakon,3.298704923,-0.6904482738004094,0.6904482738004094,0.5877526775549149,TRUE,TRUE
2024-06-17,King_Haakon,3.359643326,-0.6479851752562644,0.6479851752562644,0.5877526775549149,TRUE,TRUE
2024-06-18,King_Haakon,3.406756065,-0.6191026477840151,0.6191026477840151,0.5877526775549149,TRUE,TRUE
2024-06-19,King_Haakon,3.457635866,-0.5861912649945453,0.5861912649945453,0.5877526775549149,FALSE,FALSE
2024-06-20,King_Haakon,3.495226831,-0.5662902244987507,0.5662902244987507,0.5877526775549149,FALSE,FALSE
2024-06-21,King_Haakon,3.508652474,-0.5702593119075194,0.5702593119075194,0.5877526775549149,FALSE,FALSE
2024-06-22,King_Haakon,3.498163441,-0.5978311808317418,0.5978311808317418,0.5877526775549149,TRUE,FALSE
2024-06-23,King_Haakon,3.528430263,-0.5843185998823057,0.5843185998823057,0.5877526775549149,FALSE,FALSE
2024-06-24,King_Haakon,3.593870451,-0.5352873576701045,0.5352873576701045,0.5877526775549149,FALSE,FALSE
2024-06-25,King_Haakon,3.671744922,-0.4734598368060268,0.4734598368060268,0.5877526775549149,FALSE,FALSE
2024-06-26,King_Haakon,3.756678581,-0.40419876933822074,0.40419876933822074,0.5877526775549149,FALSE,FALSE
2024-06-27,King_Haakon,3.796922789,-0.3792732071824556,0.3792732071824556,0.5877526775549149,FALSE,FALSE
2024-06-28,King_Haakon,3.794731222,-0.39646486383678914,0.39646486383678914,0.5877526775549149,FALSE,FALSE
2024-06-29,King_Haakon,3.78951039,-0.4164026958015312,0.4164026958015312,0.5877526775549149,FALSE,FALSE
2024-06-30,King_Haakon,3.783503711,-0.4368787515769901,0.4368787515769901,0.5877526775549149,FALSE,FALSE
2024-07-01,King_Haakon,3.795949402,-0.4386902806634727,0.4386902806634727,0.5877526775549149,FALSE,FALSE
2024-07-02,King_Haakon,3.816396012,-0.4323242005612964,0.4323242005612964,0.5877526775549149,FALSE,FALSE
2024-07-03,King_Haakon,3.815153489,-0.447506029770766,0.447506029770766,0.5877526775549149,FALSE,FALSE
2024-07-04,King_Haakon,3.823700225,-0.4527928427921917,0.4527928427921917,0.5877526775549149,FALSE,FALSE
2024-07-05,King_Haakon,3.813531312,-0.47672501412588586,0.47672501412588586,0.5877526775549149,FALSE,FALSE
2024-07-06,King_Haakon,3.86177322,-0.4422115402721527,0.4422115402721527,0.5877526775549149,FALSE,FALSE
2024-07-07,King_Haakon,3.873921519,-0.44379231773130856,0.44379231773130856,0.5877526775549149,FALSE,FALSE
2024-07-08,King_Haakon,3.924872935,-0.4066059958001773,0.4066059958001773,0.5877526775549149,FALSE,FALSE
2024-07-09,King_Haakon,3.948247989,-0.3970496901206073,0.3970496901206073,0.5877526775549149,FALSE,FALSE
2024-07-10,King_Haakon,3.952188953,-0.4069599447412924,0.4069599447412924,0.5877526775549149,FALSE,FALSE
2024-07-11,King_Haakon,3.992619797,-0.38038646833701817,0.38038646833701817,0.5877526775549149,FALSE,FALSE
2024-07-12,King_Haakon,4.01862849,-0.36821497058258146,0.36821497058258146,0.5877526775549149,FALSE,FALSE
2024-07-13,King_Haakon,4.037303427,-0.36333073515276126,0.36333073515276126,0.5877526775549149,FALSE,FALSE
2024-07-14,King_Haakon,4.026766885,-0.38758516372235174,0.38758516372235174,0.5877526775549149,FALSE,FALSE
2024-07-15,King_Haakon,4.067221657,-0.3607491419661386,0.3607491419661386,0.5877526775549149,FALSE,FALSE
2024-07-16,King_Haakon,4.127292813,-0.31417127855890925,0.31417127855890925,0.5877526775549149,FALSE,FALSE
2024-07-17,King_Haakon,4.165707697,-0.28909790817545833,0.28909790817545833,0.5877526775549149,FALSE,FALSE
2024-07-18,King_Haakon,4.233025326,-0.23494369249056743,0.23494369249056743,0.5877526775549149,FALSE,FALSE
2024-07-19,King_Haakon,4.273048663,-0.207879347179027,0.207879347179027,0.5877526775549149,FALSE,FALSE
2024-07-20,King_Haakon,4.25389542,-0.23976083891562716,0.23976083891562716,0.5877526775549149,FALSE,FALSE
2024-07-21,King_Haakon,4.238721525,-0.2674069200844196,0.2674069200844196,0.5877526775549149,FALSE,FALSE
2024-07-22,King_Haakon,4.229008766,-0.28932430895891503,0.28932430895891503,0.5877526775549149,FALSE,FALSE
2024-07-23,King_Haakon,4.249132473,-0.2811362600521381,0.2811362600521381,0.5877526775549149,FALSE,FALSE
2024-07-24,King_Haakon,4.271037765,-0.2708964674908012,0.2708964674908012,0.5877526775549149,FALSE,FALSE
2024-07-25,King_Haakon,4.251155705,-0.302172681401621,0.302172681401621,0.5877526775549149,FALSE,FALSE
2024-07-26,King_Haakon,4.220558214,-0.3438917939113084,0.3438917939113084,0.5877526775549149,FALSE,FALSE
2024-07-27,King_Haakon,4.211746808,-0.3635511021465767,0.3635511021465767,0.5877526775549149,FALSE,FALSE
2024-07-28,King_Haakon,4.252972122,-0.33289878423414265,0.33289878423414265,0.5877526775549149,FALSE,FALSE
2024-07-29,King_Haakon,4.311396675,-0.28477113430071377,0.28477113430071377,0.5877526775549149,FALSE,FALSE
2024-07-30,King_Haakon,4.384179665,-0.222007767473011,0.222007767473011,0.5877526775549149,FALSE,FALSE
2024-07-31,King_Haakon,4.415120132,-0.2008084568777404,0.2008084568777404,0.5877526775549149,FALSE,FALSE
2024-08-01,King_Haakon,4.417630425,-0.2077596666416204,0.2077596666416204,0.5877526775549149,FALSE,FALSE
2024-08-02,King_Haakon,4.486906664,-0.1476640897176642,0.1476640897176642,0.5877526775549149,FALSE,FALSE
2024-08-03,King_Haakon,4.518440326,-0.12502437290105028,0.12502437290105028,0.5877526775549149,FALSE,FALSE
2024-08-04,King_Haakon,4.506476432,-0.14557270338331385,0.14557270338331385,0.5877526775549149,FALSE,FALSE
2024-08-05,King_Haakon,4.491975268,-0.16832219033210372,0.16832219033210372,0.5877526775549149,FALSE,FALSE
2024-08-06,King_Haakon,4.452954249,-0.21522881391506843,0.21522881391506843,0.5877526775549149,FALSE,FALSE
2024-08-07,King_Haakon,4.444123219,-0.23155612529985525,0.23155612529985525,0.5877526775549149,FALSE,FALSE
2024-08-08,King_Haakon,4.45376642,-0.22899327765411215,0.22899327765411215,0.5877526775549149,FALSE,FALSE
2024-08-09,King_Haakon,4.468643049,-0.2207544691454899,0.2207544691454899,0.5877526775549149,FALSE,FALSE
2024-08-10,King_Haakon,4.455179867,-0.240386333941637,0.240386333941637,0.5877526775549149,FALSE,FALSE
2024-08-11,King_Haakon,4.487446205,-0.21379293621020068,0.21379293621020068,0.5877526775549149,FALSE,FALSE
2024-08-12,King_Haakon,4.531718972,-0.17467076211883015,0.17467076211883015,0.5877526775549149,FALSE,FALSE
2024-08-13,King_Haakon,4.557416836,-0.1535745388351728,0.1535745388351728,0.5877526775549149,FALSE,FALSE
2024-08-14,King_Haakon,4.571041763,-0.1439756955268754,0.1439756955268754,0.5877526775549149,FALSE,FALSE
2024-08-15,King_Haakon,4.591757999,-0.12668531802595773,0.12668531802595773,0.5877526775549149,FALSE,FALSE
2024-08-16,King_Haakon,4.612319254,-0.10898259037787116,0.10898259037787116,0.5877526775549149,FALSE,FALSE
2024-08-17,King_Haakon,4.609760091,-0.11393172812111808,0.11393172812111808,0.5877526775549149,FALSE,FALSE
2024-08-18,King_Haakon,4.614721111,-0.11099451943471728,0.11099451943471728,0.5877526775549149,FALSE,FALSE
2024-08-19,King_Haakon,4.5872653,-0.1402103674976951,0.1402103674976951,0.5877526775549149,FALSE,FALSE
2024-08-20,King_Haakon,4.551972438,-0.17710188148906705,0.17710188148906705,0.5877526775549149,FALSE,FALSE
2024-08-21,King_Haakon,4.551088433,-0.1795255425878608,0.1795255425878608,0.5877526775549149,FALSE,FALSE
2024-08-22,King_Haakon,4.577415325,-0.1547816999730962,0.1547816999730962,0.5877526775549149,FALSE,FALSE
2024-08-23,King_Haakon,4.598750932,-0.13517492482379456,0.13517492482379456,0.5877526775549149,FALSE,FALSE
2024-08-24,King_Haakon,4.59828279,-0.13762007031897916,0.13762007031897916,0.5877526775549149,FALSE,FALSE
2024-08-25,King_Haakon,4.62705451,-0.1111759146376734,0.1111759146376734,0.5877526775549149,FALSE,FALSE
2024-08-26,King_Haakon,4.66734353,-0.07366740895889734,0.07366740895889734,0.5877526775549149,FALSE,FALSE
2024-08-27,King_Haakon,4.679055096,-0.06529169646167166,0.06529169646167166,0.5877526775549149,FALSE,FALSE
2024-08-28,King_Haakon,4.632584638,-0.11573437651264484,0.11573437651264484,0.5877526775549149,FALSE,FALSE
2024-08-29,King_Haakon,4.600652497,-0.15222631903221462,0.15222631903221462,0.5877526775549149,FALSE,FALSE
2024-08-30,King_Haakon,4.591130695,-0.16679793601498982,0.16679793601498982,0.5877526775549149,FALSE,FALSE
2024-08-31,King_Haakon,4.576099113,-0.18727169296579585,0.18727169296579585,0.5877526775549149,FALSE,FALSE
2024-09-01,King_Haakon,4.585706381,-0.1834013063894524,0.1834013063894524,0.5877526775549149,FALSE,FALSE
2024-09-02,King_Haakon,4.545601927,-0.22943969479077708,0.22943969479077708,0.5877526775549149,FALSE,FALSE
2024-09-03,King_Haakon,4.571500178,-0.2095747776745922,0.2095747776745922,0.5877526775549149,FALSE,FALSE
2024-09-04,King_Haakon,4.585629638,-0.20148039754571467,0.20148039754571467,0.5877526775549149,FALSE,FALSE
2024-09-05,King_Haakon,4.6123,-0.1807492079089723,0.1807492079089723,0.5877526775549149,FALSE,FALSE
2024-09-06,King_Haakon,4.621420131,-0.17737468826917624,0.17737468826917624,0.5877526775549149,FALSE,FALSE
2024-09-07,King_Haakon,4.615076008,-0.18917320813115343,0.18917320813115343,0.5877526775549149,FALSE,FALSE
2024-09-08,King_Haakon,4.603820134,-0.20549461099972532,0.20549461099972532,0.5877526775549149,FALSE,FALSE
2024-09-09,King_Haakon,4.601651679,-0.2122425073689378,0.2122425073689378,0.5877526775549149,FALSE,FALSE
2024-09-10,King_Haakon,4.668619518,-0.1493120020424561,0.1493120020424561,0.5877526775549149,FALSE,FALSE
2024-09-11,King_Haakon,4.712693098,-0.10875218242690732,0.10875218242690732,0.5877526775549149,FALSE,FALSE
2024-09-12,King_Haakon,4.709130202,-0.11533164987863388,0.11533164987863388,0.5877526775549149,FALSE,FALSE
2024-09-13,King_Haakon,4.700241054,-0.12676656475397596,0.12676656475397596,0.5877526775549149,FALSE,FALSE
2024-09-14,King_Haakon,4.696396297,-0.13271266840928586,0.13271266840928586,0.5877526775549149,FALSE,FALSE
2024-09-15,King_Haakon,4.678400904,-0.15239137220090537,0.15239137220090537,0.5877526775549149,FALSE,FALSE
2024-09-16,King_Haakon,4.625150716,-0.20693321948517607,0.20693321948517607,0.5877526775549149,FALSE,FALSE
2024-09-17,King_Haakon,4.554836411,-0.27817391661845026,0.27817391661845026,0.5877526775549149,FALSE,FALSE
2024-09-18,King_Haakon,4.553647921,-0.27994991595706864,0.27994991595706864,0.5877526775549149,FALSE,FALSE
2024-09-19,King_Haakon,4.474828486,-0.35904436185737776,0.35904436185737776,0.5877526775549149,FALSE,FALSE
2024-09-20,King_Haakon,4.433210051,-0.4006516936757194,0.4006516936757194,0.5877526775549149,FALSE,FALSE
2024-09-21,King_Haakon,4.382953193,-0.4506377187684425,0.4506377187684425,0.5877526775549149,FALSE,FALSE
2024-09-22,King_Haakon,4.372776715,-0.46031022267698773,0.46031022267698773,0.5877526775549149,FALSE,FALSE
2024-09-23,King_Haakon,4.338045308,-0.4943332889739755,0.4943332889739755,0.5877526775549149,FALSE,FALSE
2024-09-24,King_Haakon,4.291684264,-0.5398117263121494,0.5398117263121494,0.5877526775549149,FALSE,FALSE
2024-09-25,King_Haakon,4.275007552,-0.5554616849506031,0.5554616849506031,0.5877526775549149,FALSE,FALSE
2024-09-26,King_Haakon,4.239106147,-0.5902223091484506,0.5902223091484506,0.5877526775549149,TRUE,TRUE
2024-09-27,King_Haakon,4.226878284,-0.6012254831647912,0.6012254831647912,0.5877526775549149,TRUE,TRUE
2024-09-28,King_Haakon,4.212348321,-0.6144769682587325,0.6144769682587325,0.5877526775549149,TRUE,TRUE
2024-09-29,King_Haakon,4.196646264,-0.6288768776893789,0.6288768776893789,0.5877526775549149,TRUE,TRUE
2024-09-30,King_Haakon,4.149332845,-0.6748945987158335,0.6748945987158335,0.5877526775549149,TRUE,TRUE
2024-10-01,King_Haakon,4.132570783,-0.6903975315972009,0.6903975315972009,0.5877526775549149,TRUE,TRUE
2024-10-02,King_Haakon,4.147826317,-0.6739495565925893,0.6739495565925893,0.5877526775549149,TRUE,TRUE
2024-10-03,King_Haakon,4.139423566,-0.6812566739610988,0.6812566739610988,0.5877526775549149,TRUE,TRUE
2024-10-04,King_Haakon,4.124126822,-0.6955846926780014,0.6955846926780014,0.5877526775549149,TRUE,TRUE
2024-10-05,King_Haakon,4.134929387,-0.6839482950530655,0.6839482950530655,0.5877526775549149,TRUE,TRUE
2024-10-06,King_Haakon,4.123464222,-0.6946574471342046,0.6946574471342046,0.5877526775549149,TRUE,TRUE
2024-10-07,King_Haakon,4.128226942,-0.6891475588715732,0.6891475588715732,0.5877526775549149,TRUE,TRUE
2024-10-08,King_Haakon,4.121147858,-0.6954193442153249,0.6954193442153249,0.5877526775549149,TRUE,TRUE
2024-10-09,King_Haakon,4.116596203,-0.699034595115605,0.699034595115605,0.5877526775549149,TRUE,TRUE
2024-10-10,King_Haakon,4.123114412,-0.6913819015225773,0.6913819015225773,0.5877526775549149,TRUE,TRUE
2024-10-11,King_Haakon,4.148023528,-0.6650712453863878,0.6650712453863878,0.5877526775549149,TRUE,TRUE
2024-10-12,King_Haakon,4.185761756,-0.6255954466571909,0.6255954466571909,0.5877526775549149,TRUE,TRUE
2024-10-13,King_Haakon,4.197255426,-0.6119592002851384,0.6119592002851384,0.5877526775549149,TRUE,TRUE
2024-10-14,King_Haakon,4.194887657,-0.6117104122203836,0.6117104122203836,0.5877526775549149,TRUE,TRUE
2024-10-15,King_Haakon,4.186558558,-0.616879998413081,0.616879998413081,0.5877526775549149,TRUE,TRUE
2024-10-16,King_Haakon,4.162284872,-0.6373822408133814,0.6373822408133814,0.5877526775549149,TRUE,TRUE
2024-10-17,King_Haakon,4.186789971,-0.6084275274211599,0.6084275274211599,0.5877526775549149,TRUE,TRUE
2024-10-18,King_Haakon,4.215364804,-0.5747167608820467,0.5747167608820467,0.5877526775549149,FALSE,FALSE
2024-10-19,King_Haakon,4.239069437,-0.5452372633431821,0.5452372633431821,0.5877526775549149,FALSE,FALSE
2024-10-20,King_Haakon,4.26070289,-0.5172396266484354,0.5172396266484354,0.5877526775549149,FALSE,FALSE
2024-10-21,King_Haakon,4.329513191,-0.44152543464167326,0.44152543464167326,0.5877526775549149,FALSE,FALSE
2024-10-22,King_Haakon,4.405472433,-0.3581722061667669,0.3581722061667669,0.5877526775549149,FALSE,FALSE
2024-10-23,King_Haakon,4.397649939,-0.3581602300675808,0.3581602300675808,0.5877526775549149,FALSE,FALSE
2024-10-24,King_Haakon,4.451152832,-0.29643199518797925,0.29643199518797925,0.5877526775549149,FALSE,FALSE
2024-10-25,King_Haakon,4.491811023,-0.24720720237183347,0.24720720237183347,0.5877526775549149,FALSE,FALSE
2024-10-26,King_Haakon,4.534287516,-0.19587245946301304,0.19587245946301304,0.5877526775549149,FALSE,FALSE
2024-10-27,King_Haakon,4.582953899,-0.13810579030538417,0.13810579030538417,0.5877526775549149,FALSE,FALSE
2024-10-28,King_Haakon,4.576554478,-0.13521250074281532,0.13521250074281532,0.5877526775549149,FALSE,FALSE
2024-10-29,King_Haakon,4.568944729,-0.13338672661916995,0.13338672661916995,0.5877526775549149,FALSE,FALSE
2024-10-30,King_Haakon,4.552129034,-0.14065953670490838,0.14065953670490838,0.5877526775549149,FALSE,FALSE
2024-10-31,King_Haakon,4.492892789,-0.1902112818922008,0.1902112818922008,0.5877526775549149,FALSE,FALSE
2024-11-01,King_Haakon,4.416584996,-0.2566372967504176,0.2566372967504176,0.5877526775549149,FALSE,FALSE
2024-11-02,King_Haakon,4.352363649,-0.31072391809327016,0.31072391809327016,0.5877526775549149,FALSE,FALSE
2024-11-03,King_Haakon,4.326975652,-0.3256685727344788,0.3256685727344788,0.5877526775549149,FALSE,FALSE
2024-11-04,King_Haakon,4.292032202,-0.34980439448775247,0.34980439448775247,0.5877526775549149,FALSE,FALSE
2024-11-05,King_Haakon,4.256077905,-0.3745311081668108,0.3745311081668108,0.5877526775549149,FALSE,FALSE
2024-11-06,King_Haakon,4.190761959,-0.42814384658536575,0.42814384658536575,0.5877526775549149,FALSE,FALSE
2024-11-07,King_Haakon,4.170656539,-0.4360147655571307,0.4360147655571307,0.5877526775549149,FALSE,FALSE
2024-11-08,King_Haakon,4.148550078,-0.4452997628958215,0.4452997628958215,0.5877526775549149,FALSE,FALSE
2024-11-09,King_Haakon,4.147745394,-0.432640351415154,0.432640351415154,0.5877526775549149,FALSE,FALSE
2024-11-10,King_Haakon,4.154634924,-0.4115884249288442,0.4115884249288442,0.5877526775549149,FALSE,FALSE
2024-11-11,King_Haakon,4.119079151,-0.4322275301655676,0.4322275301655676,0.5877526775549149,FALSE,FALSE
2024-11-12,King_Haakon,4.078838408,-0.4567247081309338,0.4567247081309338,0.5877526775549149,FALSE,FALSE
2024-11-13,King_Haakon,4.042873849,-0.4760211418033622,0.4760211418033622,0.5877526775549149,FALSE,FALSE
2024-11-14,King_Haakon,4.007873687,-0.49332889001900426,0.49332889001900426,0.5877526775549149,FALSE,FALSE
2024-11-15,King_Haakon,3.929902743,-0.552483403614016,0.552483403614016,0.5877526775549149,FALSE,FALSE
2024-11-16,King_Haakon,3.885483724,-0.5768622474245557,0.5768622474245557,0.5877526775549149,FALSE,FALSE
2024-11-17,King_Haakon,3.852445287,-0.5885370362867777,0.5885370362867777,0.5877526775549149,TRUE,FALSE
2024-11-18,King_Haakon,3.831941001,-0.5862544730368389,0.5862544730368389,0.5877526775549149,FALSE,FALSE
2024-11-19,King_Haakon,3.833702315,-0.560183380510896,0.560183380510896,0.5877526775549149,FALSE,FALSE
2024-11-20,King_Haakon,3.843257947,-0.5246953125451026,0.5246953125451026,0.5877526775549149,FALSE,FALSE
2024-11-21,King_Haakon,3.839961169,-0.5003372689756174,0.5003372689756174,0.5877526775549149,FALSE,FALSE
2024-11-22,King_Haakon,3.84423505,-0.466586452638591,0.466586452638591,0.5877526775549149,FALSE,FALSE
2024-11-23,King_Haakon,3.836535963,-0.4428867623701871,0.4428867623701871,0.5877526775549149,FALSE,FALSE
2024-11-24,King_Haakon,3.797610596,-0.4484091296518953,0.4484091296518953,0.5877526775549149,FALSE,FALSE
2024-11-25,King_Haakon,3.767475503,-0.44320134344298534,0.44320134344298534,0.5877526775549149,FALSE,FALSE
2024-11-26,King_Haakon,3.745722794,-0.42780941307119535,0.42780941307119535,0.5877526775549149,FALSE,FALSE
2024-11-27,King_Haakon,3.718571424,-0.41615306167740895,0.41615306167740895,0.5877526775549149,FALSE,FALSE
2024-11-28,King_Haakon,3.68603904,-0.4083533204025045,0.4083533204025045,0.5877526775549149,FALSE,FALSE
2024-11-29,King_Haakon,3.685889387,-0.3667851223873613,0.3667851223873613,0.5877526775549149,FALSE,FALSE
2024-11-30,King_Haakon,3.71277474,-0.29693487077286607,0.29693487077286607,0.5877526775549149,FALSE,FALSE
2024-12-01,King_Haakon,3.686175683,-0.2794606596998941,0.2794606596998941,0.5877526775549149,FALSE,FALSE
2024-12-02,King_Haakon,3.659286549,-0.26130683430932855,0.26130683430932855,0.5877526775549149,FALSE,FALSE
2024-12-03,King_Haakon,3.624462128,-0.25025728274205195,0.25025728274205195,0.5877526775549149,FALSE,FALSE
2024-12-04,King_Haakon,3.594081845,-0.23407125813894325,0.23407125813894325,0.5877526775549149,FALSE,FALSE
2024-12-05,King_Haakon,3.572492856,-0.2085402826408842,0.2085402826408842,0.5877526775549149,FALSE,FALSE
2024-12-06,King_Haakon,3.546506588,-0.18699144623871788,0.18699144623871788,0.5877526775549149,FALSE,FALSE
2024-12-07,King_Haakon,3.505212521,-0.180423759794909,0.180423759794909,0.5877526775549149,FALSE,FALSE
2024-12-08,King_Haakon,3.464208825,-0.17320689951879542,0.17320689951879542,0.5877526775549149,FALSE,FALSE
2024-12-09,King_Haakon,3.411954431,-0.1768319587147862,0.1768319587147862,0.5877526775549149,FALSE,FALSE
2024-12-10,King_Haakon,3.368224593,-0.17147370768729564,0.17147370768729564,0.5877526775549149,FALSE,FALSE
2024-12-11,King_Haakon,3.329891152,-0.16021032974073535,0.16021032974073535,0.5877526775549149,FALSE,FALSE
2024-12-12,King_Haakon,3.298544058,-0.14140189917951718,0.14140189917951718,0.5877526775549149,FALSE,FALSE
2024-12-13,King_Haakon,3.234508717,-0.15467303430805357,0.15467303430805357,0.5877526775549149,FALSE,FALSE
2024-12-14,King_Haakon,3.141607369,-0.1961515194307566,0.1961515194307566,0.5877526775549149,FALSE,FALSE
2024-12-15,King_Haakon,3.064905695,-0.2207216978520372,0.2207216978520372,0.5877526775549149,FALSE,FALSE
2024-12-16,King_Haakon,3.001544827,-0.2311924618763088,0.2311924618763088,0.5877526775549149,FALSE,FALSE
2024-12-17,King_Haakon,2.937119365,-0.24191923580798136,0.24191923580798136,0.5877526775549149,FALSE,FALSE
2024-12-18,King_Haakon,2.897057924,-0.2274234289514694,0.2274234289514694,0.5877526775549149,FALSE,FALSE
2024-12-19,King_Haakon,2.872123476,-0.1968964886460527,0.1968964886460527,0.5877526775549149,FALSE,FALSE
2024-12-20,King_Haakon,2.870829934,-0.1418484152039512,0.1418484152039512,0.5877526775549149,FALSE,FALSE
2024-12-21,King_Haakon,2.838795601,-0.11674029048579192,0.11674029048579192,0.5877526775549149,FALSE,FALSE
2024-12-22,King_Haakon,2.825854102,-0.07181942017355514,0.07181942017355514,0.5877526775549149,FALSE,FALSE
2024-12-23,King_Haakon,2.83097337,-0.00819880194921873,0.00819880194921873,0.5877526775549149,FALSE,FALSE
2024-12-24,King_Haakon,2.837384953,0.0572721815052466,0.0572721815052466,0.5877526775549149,FALSE,FALSE
2024-12-25,King_Haakon,2.81043235,0.08985609850786336,0.08985609850786336,0.5877526775549149,FALSE,FALSE
2024-12-26,King_Haakon,2.77252282,0.11187927737665192,0.11187927737665192,0.5877526775549149,FALSE,FALSE
2024-12-27,King_Haakon,2.726799048,0.1264034724296348,0.1264034724296348,0.5877526775549149,FALSE,FALSE
2024-12-28,King_Haakon,2.690311598,0.15039831698484374,0.15039831698484374,0.5877526775549149,FALSE,FALSE
2024-12-29,King_Haakon,2.642438056,0.1631604663602939,0.1631604663602939,0.5877526775549149,FALSE,FALSE
2024-12-30,King_Haakon,2.604995437,0.18642600487401628,0.18642600487401628,0.5877526775549149,FALSE,FALSE
2024-12-31,King_Haakon,2.586799179,0.2289294398440278,0.2289294398440278,0.5877526775549149,FALSE,FALSE
1978-11-01,Ross,5.067262552,-0.25582148935475946,0.25582148935475946,0.5735162937918511,FALSE,FALSE
1978-11-03,Ross,5.062475503,-0.22010583904897363,0.22010583904897363,0.5735162937918511,FALSE,FALSE
1978-11-05,Ross,5.02689587,-0.2128103050578032,0.2128103050578032,0.5735162937918511,FALSE,FALSE
1978-11-07,Ross,5.007601118,-0.18539679446405088,0.18539679446405088,0.5735162937918511,FALSE,FALSE
1978-11-09,Ross,4.945970779,-0.19502514735053555,0.19502514735053555,0.5735162937918511,FALSE,FALSE
1978-11-11,Ross,4.865862888,-0.21637670080006277,0.21637670080006277,0.5735162937918511,FALSE,FALSE
1978-11-13,Ross,4.830911342,-0.1844447764919943,0.1844447764919943,0.5735162937918511,FALSE,FALSE
1978-11-15,Ross,4.869412223,-0.07056071892730476,0.07056071892730476,0.5735162937918511,FALSE,FALSE
1978-11-17,Ross,4.784212253,-0.07214069023504344,0.07214069023504344,0.5735162937918511,FALSE,FALSE
1978-11-19,Ross,4.668813351,-0.095955813163334,0.095955813163334,0.5735162937918511,FALSE,FALSE
1978-11-21,Ross,4.497393713,-0.16810093346029653,0.16810093346029653,0.5735162937918511,FALSE,FALSE
1978-11-23,Ross,4.34585605,-0.21294638187405737,0.21294638187405737,0.5735162937918511,FALSE,FALSE
1978-11-25,Ross,4.250320594,-0.19461990725431025,0.19461990725431025,0.5735162937918511,FALSE,FALSE
1978-11-27,Ross,4.075193638,-0.24785840911412385,0.24785840911412385,0.5735162937918511,FALSE,FALSE
1978-11-29,Ross,3.944426185,-0.2463384668848283,0.2463384668848283,0.5735162937918511,FALSE,FALSE
1978-12-01,Ross,3.821704836,-0.22389125346309105,0.22389125346309105,0.5735162937918511,FALSE,FALSE
1978-12-03,Ross,3.685710467,-0.19935366674558577,0.19935366674558577,0.5735162937918511,FALSE,FALSE
1978-12-05,Ross,3.547479405,-0.15920715362898497,0.15920715362898497,0.5735162937918511,FALSE,FALSE
1978-12-07,Ross,3.384294813,-0.12368722733323256,0.12368722733323256,0.5735162937918511,FALSE,FALSE
1978-12-09,Ross,3.196460751,-0.09180988059820994,0.09180988059820994,0.5735162937918511,FALSE,FALSE
1978-12-11,Ross,2.983741252,-0.06870476956377347,0.06870476956377347,0.5735162937918511,FALSE,FALSE
1978-12-13,Ross,2.683128757,-0.12334782382121068,0.12334782382121068,0.5735162937918511,FALSE,FALSE
1978-12-15,Ross,2.41544977,-0.14088090996180558,0.14088090996180558,0.5735162937918511,FALSE,FALSE
1978-12-17,Ross,2.117197359,-0.19077933057684504,0.19077933057684504,0.5735162937918511,FALSE,FALSE
1978-12-19,Ross,1.905461661,-0.16192131925761144,0.16192131925761144,0.5735162937918511,FALSE,FALSE
1978-12-21,Ross,1.715968208,-0.12416983744632536,0.12416983744632536,0.5735162937918511,FALSE,FALSE
1978-12-23,Ross,1.46136325,-0.16759658489446405,0.16759658489446405,0.5735162937918511,FALSE,FALSE
1978-12-25,Ross,1.25760297,-0.1776516641051744,0.1776516641051744,0.5735162937918511,FALSE,FALSE
1978-12-27,Ross,1.071458605,-0.1889633796460275,0.1889633796460275,0.5735162937918511,FALSE,FALSE
1978-12-29,Ross,0.896228563,-0.209632865084584,0.209632865084584,0.5735162937918511,FALSE,FALSE
1978-12-31,Ross,0.803403426,-0.16956907998841653,0.16956907998841653,0.5735162937918511,FALSE,FALSE
1979-01-01,Ross,0.574608038,-0.34048422660467503,0.34048422660467503,0.5735162937918511,FALSE,FALSE
1979-01-02,Ross,0.707883306,-0.1551668101851721,0.1551668101851721,0.5735162937918511,FALSE,FALSE
1979-01-04,Ross,0.665551182,-0.10943116848441936,0.10943116848441936,0.5735162937918511,FALSE,FALSE
1979-01-06,Ross,0.662558265,-0.04269222967762898,0.04269222967762898,0.5735162937918511,FALSE,FALSE
1979-01-08,Ross,0.622126068,-0.02810512281636767,0.02810512281636767,0.5735162937918511,FALSE,FALSE
1979-01-10,Ross,0.612177905,0.00587682404780787,0.00587682404780787,0.5735162937918511,FALSE,FALSE
1979-01-12,Ross,0.603008831,0.03317202386333573,0.03317202386333573,0.5735162937918511,FALSE,FALSE
1979-01-14,Ross,0.575472025,0.03825124672502211,0.03825124672502211,0.5735162937918511,FALSE,FALSE
1979-01-16,Ross,0.577022068,0.07106503839416634,0.07106503839416634,0.5735162937918511,FALSE,FALSE
1979-01-18,Ross,0.56049284,0.08448859306192219,0.08448859306192219,0.5735162937918511,FALSE,FALSE
1979-01-20,Ross,0.526203533,0.07855757752976589,0.07855757752976589,0.5735162937918511,FALSE,FALSE
1979-01-22,Ross,0.519019,0.0978533195991747,0.0978533195991747,0.5735162937918511,FALSE,FALSE
1979-01-24,Ross,0.484418954,0.08757200707162205,0.08757200707162205,0.5735162937918511,FALSE,FALSE
1979-01-26,Ross,0.425959959,0.05098667874858653,0.05098667874858653,0.5735162937918511,FALSE,FALSE
1979-01-28,Ross,0.430199096,0.07444826868548343,0.07444826868548343,0.5735162937918511,FALSE,FALSE
1979-01-30,Ross,0.421389142,0.08240471492733653,0.08240471492733653,0.5735162937918511,FALSE,FALSE
1979-02-01,Ross,0.405985018,0.08163580062233405,0.08163580062233405,0.5735162937918511,FALSE,FALSE
1979-02-03,Ross,0.393552577,0.082032305886938,0.082032305886938,0.5735162937918511,FALSE,FALSE
1979-02-05,Ross,0.388003657,0.08783099583761411,0.08783099583761411,0.5735162937918511,FALSE,FALSE
1979-02-07,Ross,0.385027928,0.09504646759082552,0.09504646759082552,0.5735162937918511,FALSE,FALSE
1979-02-09,Ross,0.357537453,0.07689528418657882,0.07689528418657882,0.5735162937918511,FALSE,FALSE
1979-02-11,Ross,0.34392928,0.07179705307515144,0.07179705307515144,0.5735162937918511,FALSE,FALSE
1979-02-13,Ross,0.330772153,0.06613756002195681,0.06613756002195681,0.5735162937918511,FALSE,FALSE
1979-02-15,Ross,0.321221001,0.06288411385160858,0.06288411385160858,0.5735162937918511,FALSE,FALSE
1979-02-17,Ross,0.30644501,0.05301828038871409,0.05301828038871409,0.5735162937918511,FALSE,FALSE
1979-02-19,Ross,0.28018842,0.03009667945788619,0.03009667945788619,0.5735162937918511,FALSE,FALSE
1979-02-21,Ross,0.287640845,0.03912303371855766,0.03912303371855766,0.5735162937918511,FALSE,FALSE
1979-02-23,Ross,0.269082145,0.02029946722242651,0.02029946722242651,0.5735162937918511,FALSE,FALSE
1979-02-25,Ross,0.255428149,0.00463430918566926,0.00463430918566926,0.5735162937918511,FALSE,FALSE
1979-02-27,Ross,0.266925332,0.01248148638486368,0.01248148638486368,0.5735162937918511,FALSE,FALSE
1979-03-01,Ross,0.278320304,0.01869506059658976,0.01869506059658976,0.5735162937918511,FALSE,FALSE
1979-03-03,Ross,0.266649773,4.1919159742526135e-4,4.1919159742526135e-4,0.5735162937918511,FALSE,FALSE
1979-03-05,Ross,0.296029489,0.02187707996163368,0.02187707996163368,0.5735162937918511,FALSE,FALSE
1979-03-07,Ross,0.316769785,0.03345405153677477,0.03345405153677477,0.5735162937918511,FALSE,FALSE
1979-03-09,Ross,0.3229625,0.0291998506124464,0.0291998506124464,0.5735162937918511,FALSE,FALSE
1979-03-11,Ross,0.367454252,0.06189260723418999,0.06189260723418999,0.5735162937918511,FALSE,FALSE
1979-03-13,Ross,0.378590709,0.05980950144754377,0.05980950144754377,0.5735162937918511,FALSE,FALSE
1979-03-15,Ross,0.41380317,0.0803133442980517,0.0803133442980517,0.5735162937918511,FALSE,FALSE
1979-03-17,Ross,0.444688906,0.0949329188312516,0.0949329188312516,0.5735162937918511,FALSE,FALSE
1979-03-19,Ross,0.463175709,0.09553217882335996,0.09553217882335996,0.5735162937918511,FALSE,FALSE
1979-03-21,Ross,0.471733226,0.08455858822077422,0.08455858822077422,0.5735162937918511,FALSE,FALSE
1979-03-23,Ross,0.464104043,0.05575451096595202,0.05575451096595202,0.5735162937918511,FALSE,FALSE
1979-03-25,Ross,0.471547074,0.04037883637819312,0.04037883637819312,0.5735162937918511,FALSE,FALSE
1979-03-27,Ross,0.506020705,0.05038992577680168,0.05038992577680168,0.5735162937918511,FALSE,FALSE
1979-03-29,Ross,0.540273553,0.05853637148107754,0.05853637148107754,0.5735162937918511,FALSE,FALSE
1979-03-31,Ross,0.572079039,0.06259028580834092,0.06259028580834092,0.5735162937918511,FALSE,FALSE
1979-04-01,Ross,0.738833812,0.21484257984114563,0.21484257984114563,0.5735162937918511,FALSE,FALSE
1979-04-02,Ross,0.583867454,0.04494248752124208,0.04494248752124208,0.5735162937918511,FALSE,FALSE
1979-04-04,Ross,0.594634477,0.02450550218427805,0.02450550218427805,0.5735162937918511,FALSE,FALSE
1979-04-06,Ross,0.593073791,-0.0101125344806251,0.0101125344806251,0.5735162937918511,FALSE,FALSE
1979-04-08,Ross,0.620780386,-0.01740217975154212,0.01740217975154212,0.5735162937918511,FALSE,FALSE
1979-04-10,Ross,0.662324015,-0.0128792279065445,0.0128792279065445,0.5735162937918511,FALSE,FALSE
1979-04-12,Ross,0.674465986,-0.03986761837534092,0.03986761837534092,0.5735162937918511,FALSE,FALSE
1979-04-14,Ross,0.668254109,-0.08728227975861991,0.08728227975861991,0.5735162937918511,FALSE,FALSE
1979-04-16,Ross,0.664765564,-0.13369845556734894,0.13369845556734894,0.5735162937918511,FALSE,FALSE
1979-04-18,Ross,0.682890566,-0.1598299635574285,0.1598299635574285,0.5735162937918511,FALSE,FALSE
1979-04-20,Ross,0.691718827,-0.19619112448475984,0.19619112448475984,0.5735162937918511,FALSE,FALSE
1979-04-22,Ross,0.765343676,-0.16829264210523864,0.16829264210523864,0.5735162937918511,FALSE,FALSE
1979-04-24,Ross,0.79389545,-0.18560821217476764,0.18560821217476764,0.5735162937918511,FALSE,FALSE
1979-04-26,Ross,0.856365782,-0.16888651166923496,0.16888651166923496,0.5735162937918511,FALSE,FALSE
1979-04-28,Ross,0.841369517,-0.23008125707937377,0.23008125707937377,0.5735162937918511,FALSE,FALSE
1979-04-30,Ross,0.877830487,-0.241148378375045,0.241148378375045,0.5735162937918511,FALSE,FALSE
1979-05-01,Ross,1.754690069,0.6111734538446165,0.6111734538446165,0.5735162937918511,TRUE,FALSE
1979-05-02,Ross,0.924074508,-0.2446423797176146,0.2446423797176146,0.5735162937918511,FALSE,FALSE
1979-05-04,Ross,1.006770689,-0.2147744722684377,0.2147744722684377,0.5735162937918511,FALSE,FALSE
1979-05-06,Ross,1.028914837,-0.2494291691888757,0.2494291691888757,0.5735162937918511,FALSE,FALSE
1979-05-08,Ross,1.100058158,-0.23988568174705227,0.23988568174705227,0.5735162937918511,FALSE,FALSE
1979-05-10,Ross,1.230263357,-0.1760649088415054,0.1760649088415054,0.5735162937918511,FALSE,FALSE
1979-05-12,Ross,1.301958404,-0.1748152774590075,0.1748152774590075,0.5735162937918511,FALSE,FALSE
1979-05-14,Ross,1.426418086,-0.12411670037435574,0.12411670037435574,0.5735162937918511,FALSE,FALSE
1979-05-16,Ross,1.506654304,-0.12021197636234215,0.12021197636234215,0.5735162937918511,FALSE,FALSE
1979-05-18,Ross,1.610455967,-0.09456689619776126,0.09456689619776126,0.5735162937918511,FALSE,FALSE
1979-05-20,Ross,1.711797056,-0.07246522320596238,0.07246522320596238,0.5735162937918511,FALSE,FALSE
1979-05-22,Ross,1.732513209,-0.131618087890905,0.131618087890905,0.5735162937918511,FALSE,FALSE
1979-05-24,Ross,1.811430399,-0.13326930624118183,0.13326930624118183,0.5735162937918511,FALSE,FALSE
1979-05-26,Ross,1.976525144,-0.04956721874271297,0.04956721874271297,0.5735162937918511,FALSE,FALSE
1979-05-28,Ross,2.147888282,0.03945415411857445,0.03945415411857445,0.5735162937918511,FALSE,FALSE
1979-05-30,Ross,2.379974098,0.18812423885675367,0.18812423885675367,0.5735162937918511,FALSE,FALSE
1979-06-01,Ross,2.505693941,0.2292295259859003,0.2292295259859003,0.5735162937918511,FALSE,FALSE
1979-06-03,Ross,2.656052881,0.29368952658325354,0.29368952658325354,0.5735162937918511,FALSE,FALSE
1979-06-05,Ross,2.795915026,0.3464483343585276,0.3464483343585276,0.5735162937918511,FALSE,FALSE
1979-06-07,Ross,2.888111107,0.35046024838030254,0.35046024838030254,0.5735162937918511,FALSE,FALSE
1979-06-09,Ross,2.93652687,0.3097345829293694,0.3097345829293694,0.5735162937918511,FALSE,FALSE
1979-06-11,Ross,2.959987692,0.24322028328650935,0.24322028328650935,0.5735162937918511,FALSE,FALSE
1979-06-13,Ross,2.976531618,0.1690789627325171,0.1690789627325171,0.5735162937918511,FALSE,FALSE
1979-06-15,Ross,3.085653758,0.18695928260186268,0.18695928260186268,0.5735162937918511,FALSE,FALSE
1979-06-17,Ross,3.241895847,0.25187753154968284,0.25187753154968284,0.5735162937918511,FALSE,FALSE
1979-06-19,Ross,3.440941174,0.3601862771732782,0.3601862771732782,0.5735162937918511,FALSE,FALSE
1979-06-21,Ross,3.576782903,0.406550694275726,0.406550694275726,0.5735162937918511,FALSE,FALSE
1979-06-23,Ross,3.699131539,0.44135329866009654,0.44135329866009654,0.5735162937918511,FALSE,FALSE
1979-06-25,Ross,3.7583294290000002,0.415608448129463,0.415608448129463,0.5735162937918511,FALSE,FALSE
1979-06-27,Ross,3.83564664,0.4112431620251415,0.4112431620251415,0.5735162937918511,FALSE,FALSE
1979-06-29,Ross,3.894619065,0.3918527827084035,0.3918527827084035,0.5735162937918511,FALSE,FALSE
1979-07-01,Ross,3.944671136,0.3661379374160423,0.3661379374160423,0.5735162937918511,FALSE,FALSE
1979-07-03,Ross,4.004487102,0.35200600623198897,0.35200600623198897,0.5735162937918511,FALSE,FALSE
1979-07-05,Ross,4.073463175,0.3480763322401712,0.3480763322401712,0.5735162937918511,FALSE,FALSE
1979-07-07,Ross,4.106375032,0.30834772352452244,0.30834772352452244,0.5735162937918511,FALSE,FALSE
1979-07-09,Ross,4.130850646,0.2596715916383938,0.2596715916383938,0.5735162937918511,FALSE,FALSE
1979-07-11,Ross,4.217280786,0.27203406826599164,0.27203406826599164,0.5735162937918511,FALSE,FALSE
1979-07-13,Ross,4.289687749,0.2701468462566501,0.2701468462566501,0.5735162937918511,FALSE,FALSE
1979-07-15,Ross,4.392157859,0.2989857966698768,0.2989857966698768,0.5735162937918511,FALSE,FALSE
1979-07-17,Ross,4.464877446,0.29962679656516755,0.29962679656516755,0.5735162937918511,FALSE,FALSE
1979-07-19,Ross,4.521980761,0.2870936440020193,0.2870936440020193,0.5735162937918511,FALSE,FALSE
1979-07-21,Ross,4.535649496,0.2344575780399305,0.2344575780399305,0.5735162937918511,FALSE,FALSE
1979-07-23,Ross,4.605319426,0.2418850563792141,0.2418850563792141,0.5735162937918511,FALSE,FALSE
1979-07-25,Ross,4.575890916,0.15387124877073077,0.15387124877073077,0.5735162937918511,FALSE,FALSE
1979-07-27,Ross,4.581198969,0.10335144269601047,0.10335144269601047,0.5735162937918511,FALSE,FALSE
1979-07-29,Ross,4.713814644,0.18199494501211255,0.18199494501211255,0.5735162937918511,FALSE,FALSE
1979-07-31,Ross,4.795983273,0.2111453355761004,0.2111453355761004,0.5735162937918511,FALSE,FALSE
1979-08-01,Ross,5.219166863,0.6078957341563784,0.6078957341563784,0.5735162937918511,TRUE,FALSE
1979-08-02,Ross,4.786724773,0.148920779245028,0.148920779245028,0.5735162937918511,FALSE,FALSE
1979-08-04,Ross,4.936883629,0.24530715140821435,0.24530715140821435,0.5735162937918511,FALSE,FALSE
1979-08-06,Ross,5.008894533,0.26279686905710786,0.26279686905710786,0.5735162937918511,FALSE,FALSE
1979-08-08,Ross,5.036746712,0.2363129140729132,0.2363129140729132,0.5735162937918511,FALSE,FALSE
1979-08-10,Ross,5.051554937,0.19793888881344213,0.19793888881344213,0.5735162937918511,FALSE,FALSE
1979-08-12,Ross,5.119827961,0.21515237763650585,0.21515237763650585,0.5735162937918511,FALSE,FALSE
1979-08-14,Ross,5.154794066,0.2021504938999117,0.2021504938999117,0.5735162937918511,FALSE,FALSE
1979-08-16,Ross,5.178069761,0.18151459732626665,0.18151459732626665,0.5735162937918511,FALSE,FALSE
1979-08-18,Ross,5.176684104,0.14060603801114713,0.14060603801114713,0.5735162937918511,FALSE,FALSE
1979-08-20,Ross,5.161544975,0.08934554971096098,0.08934554971096098,0.5735162937918511,FALSE,FALSE
1979-08-22,Ross,5.17720051,0.07112901731967547,0.07112901731967547,0.5735162937918511,FALSE,FALSE
1979-08-24,Ross,5.154564234,0.01571771473126393,0.01571771473126393,0.5735162937918511,FALSE,FALSE
1979-08-26,Ross,5.185611957,0.01393520083969068,0.01393520083969068,0.5735162937918511,FALSE,FALSE
1979-08-28,Ross,5.253791981,0.04807752653893082,0.04807752653893082,0.5735162937918511,FALSE,FALSE
1979-08-30,Ross,5.29057118,0.04873422213407785,0.04873422213407785,0.5735162937918511,FALSE,FALSE
1979-09-01,Ross,5.397010284,0.11744182790166136,0.11744182790166136,0.5735162937918511,FALSE,FALSE
1979-09-03,Ross,5.44094852,0.12293101743622437,0.12293101743622437,0.5735162937918511,FALSE,FALSE
1979-09-05,Ross,5.44072081,0.08442827106626716,0.08442827106626716,0.5735162937918511,FALSE,FALSE
1979-09-07,Ross,5.473805914,0.08030390712028268,0.08030390712028268,0.5735162937918511,FALSE,FALSE
1979-09-09,Ross,5.520331909,0.0915775609267735,0.0915775609267735,0.5735162937918511,FALSE,FALSE
1979-09-11,Ross,5.469299984,0.00809621392128079,0.00809621392128079,0.5735162937918511,FALSE,FALSE
1979-09-13,Ross,5.485315914,-0.00528015656130076,0.00528015656130076,0.5735162937918511,FALSE,FALSE
1979-09-15,Ross,5.567287395,0.05019834816222968,0.05019834816222968,0.5735162937918511,FALSE,FALSE
1979-09-17,Ross,5.671791516,0.13094265229565938,0.13094265229565938,0.5735162937918511,FALSE,FALSE
1979-09-19,Ross,5.751979361,0.18993767504277503,0.18993767504277503,0.5735162937918511,FALSE,FALSE
1979-09-21,Ross,5.785512963,0.20467928460736395,0.20467928460736395,0.5735162937918511,FALSE,FALSE
1979-09-23,Ross,5.793618,0.19622880393201925,0.19622880393201925,0.5735162937918511,FALSE,FALSE
1979-09-25,Ross,5.86210282,0.2503303389003495,0.2503303389003495,0.5735162937918511,FALSE,FALSE
1979-09-27,Ross,5.952431579,0.3285342940361433,0.3285342940361433,0.5735162937918511,FALSE,FALSE
1979-09-29,Ross,5.949366156,0.3157012098616452,0.3157012098616452,0.5735162937918511,FALSE,FALSE
1979-10-01,Ross,5.972229036,0.3312522328991099,0.3312522328991099,0.5735162937918511,FALSE,FALSE
1979-10-03,Ross,6.030214123,0.38447992867078806,0.38447992867078806,0.5735162937918511,FALSE,FALSE
1979-10-05,Ross,5.941790742,0.2939522908178258,0.2939522908178258,0.5735162937918511,FALSE,FALSE
1979-10-07,Ross,5.862842245,0.21571115794711648,0.21571115794711648,0.5735162937918511,FALSE,FALSE
1979-10-09,Ross,5.839745151,0.19649650631925208,0.19649650631925208,0.5735162937918511,FALSE,FALSE
1979-10-11,Ross,5.825784847,0.19000104708975216,0.19000104708975216,0.5735162937918511,FALSE,FALSE
1979-10-13,Ross,5.876400988,0.2520717594141306,0.2520717594141306,0.5735162937918511,FALSE,FALSE
1979-10-15,Ross,5.929301448,0.3208238414479041,0.3208238414479041,0.5735162937918511,FALSE,FALSE
1979-10-17,Ross,5.946144993,0.35832338334658065,0.35832338334658065,0.5735162937918511,FALSE,FALSE
1979-10-19,Ross,5.869118757,0.30706804325835346,0.30706804325835346,0.5735162937918511,FALSE,FALSE
1979-10-21,Ross,5.784195431,0.25252231808762815,0.25252231808762815,0.5735162937918511,FALSE,FALSE
1979-10-23,Ross,5.701857555,0.20424888098038177,0.20424888098038177,0.5735162937918511,FALSE,FALSE
1979-10-25,Ross,5.624566601,0.16378621890053324,0.16378621890053324,0.5735162937918511,FALSE,FALSE
1979-10-27,Ross,5.572246464,0.150135241812003,0.150135241812003,0.5735162937918511,FALSE,FALSE
1979-10-29,Ross,5.493231128,0.11070694867871288,0.11070694867871288,0.5735162937918511,FALSE,FALSE
1979-10-31,Ross,5.358832743,0.01593058115024703,0.01593058115024703,0.5735162937918511,FALSE,FALSE
1979-11-01,Ross,4.923876813,-0.3992072283547597,0.3992072283547597,0.5735162937918511,FALSE,FALSE
1979-11-02,Ross,5.277238548,-0.02579941291771614,0.02579941291771614,0.5735162937918511,FALSE,FALSE
1979-11-04,Ross,5.180872227,-0.08065937925888633,0.08065937925888633,0.5735162937918511,FALSE,FALSE
1979-11-06,Ross,5.200374942,-0.01654752795607361,0.01654752795607361,0.5735162937918511,FALSE,FALSE
1979-11-08,Ross,5.145909394,-0.02184053009208852,0.02184053009208852,0.5735162937918511,FALSE,FALSE
1979-11-10,Ross,4.958086281,-0.15446705974974329,0.15446705974974329,0.5735162937918511,FALSE,FALSE
1979-11-12,Ross,4.933165794,-0.11670777893021178,0.11670777893021178,0.5735162937918511,FALSE,FALSE
1979-11-14,Ross,4.876063398,-0.10264780008485364,0.10264780008485364,0.5735162937918511,FALSE,FALSE
1979-11-16,Ross,4.730728266,-0.16844721423786255,0.16844721423786255,0.5735162937918511,FALSE,FALSE
1979-11-18,Ross,4.613499914,-0.1980395471373626,0.1980395471373626,0.5735162937918511,FALSE,FALSE
1979-11-20,Ross,4.504590386,-0.21148579653147517,0.21148579653147517,0.5735162937918511,FALSE,FALSE
1979-11-22,Ross,4.454588586,-0.1584701001683202,0.1584701001683202,0.5735162937918511,FALSE,FALSE
1979-11-24,Ross,4.310513038,-0.19224697579602432,0.19224697579602432,0.5735162937918511,FALSE,FALSE
1979-11-26,Ross,4.265361991,-0.11977901168889817,0.11977901168889817,0.5735162937918511,FALSE,FALSE
1979-11-28,Ross,4.175998316,-0.08236504026707347,0.08236504026707347,0.5735162937918511,FALSE,FALSE
1979-11-30,Ross,4.045193305,-0.07475235070447184,0.07475235070447184,0.5735162937918511,FALSE,FALSE
1979-12-01,Ross,2.9575295,-1.0880665894630908,1.0880665894630908,0.5735162937918511,TRUE,FALSE
1979-12-02,Ross,3.930140425,-0.03726524989776703,0.03726524989776703,0.5735162937918511,FALSE,FALSE
1979-12-04,Ross,3.792200257,-0.00606093074363034,0.00606093074363034,0.5735162937918511,FALSE,FALSE
1979-12-06,Ross,3.605091339,-0.00493862913873499,0.00493862913873499,0.5735162937918511,FALSE,FALSE
1979-12-08,Ross,3.379790429,-0.02072308029010283,0.02072308029010283,0.5735162937918511,FALSE,FALSE
1979-12-10,Ross,3.14718206,-0.02481739358146084,0.02481739358146084,0.5735162937918511,FALSE,FALSE
1979-12-12,Ross,2.947377458,0.01702107613094794,0.01702107613094794,0.5735162937918511,FALSE,FALSE
1979-12-14,Ross,2.489622115,-0.19193054974415924,0.19193054974415924,0.5735162937918511,FALSE,FALSE
1979-12-16,Ross,2.115606654,-0.3159500187980657,0.3159500187980657,0.5735162937918511,FALSE,FALSE
1979-12-18,Ross,1.77703231,-0.40930446662205666,0.40930446662205666,0.5735162937918511,FALSE,FALSE
1979-12-20,Ross,1.538784951,-0.4130572216433561,0.4130572216433561,0.5735162937918511,FALSE,FALSE
1979-12-22,Ross,1.311876029,-0.4205762562980459,0.4205762562980459,0.5735162937918511,FALSE,FALSE
1979-12-24,Ross,1.104304524,-0.4255311129315251,0.4255311129315251,0.5735162937918511,FALSE,FALSE
1979-12-26,Ross,0.986627222,-0.3587645471113602,0.3587645471113602,0.5735162937918511,FALSE,FALSE
1979-12-28,Ross,0.920305598,-0.26021462540511753,0.26021462540511753,0.5735162937918511,FALSE,FALSE
1979-12-30,Ross,0.897067277,-0.1395532643803684,0.1395532643803684,0.5735162937918511,FALSE,FALSE
1980-01-01,Ross,0.887254905,-0.02783735960467503,0.02783735960467503,0.5735162937918511,FALSE,FALSE
1980-01-03,Ross,0.840746025,0.02424824027372896,0.02424824027372896,0.5735162937918511,FALSE,FALSE
1980-01-05,Ross,0.811879455,0.07382856128394522,0.07382856128394522,0.5735162937918511,FALSE,FALSE
1980-01-07,Ross,0.759574108,0.08344587437441442,0.08344587437441442,0.5735162937918511,FALSE,FALSE
1980-01-09,Ross,0.63936945,0.012263003493579,0.012263003493579,0.5735162937918511,FALSE,FALSE
1980-01-11,Ross,0.566434873,-0.02092730141012522,0.02092730141012522,0.5735162937918511,FALSE,FALSE
1980-01-13,Ross,0.465532587,-0.08773947238825552,0.08773947238825552,0.5735162937918511,FALSE,FALSE
1980-01-15,Ross,0.493128346,-0.02831440751513991,0.02831440751513991,0.5735162937918511,FALSE,FALSE
1980-01-17,Ross,0.487063702,-0.00373534519687462,0.00373534519687462,0.5735162937918511,FALSE,FALSE
1980-01-19,Ross,0.462866641,0.0012585715207406,0.0012585715207406,0.5735162937918511,FALSE,FALSE
1980-01-21,Ross,0.43203159,-0.00212175556081767,0.00212175556081767,0.5735162937918511,FALSE,FALSE
1980-01-23,Ross,0.405623813,-0.0030945876400738,0.0030945876400738,0.5735162937918511,FALSE,FALSE
1980-01-25,Ross,0.351919329,-0.03366743091555269,0.03366743091555269,0.5735162937918511,FALSE,FALSE
1980-01-27,Ross,0.342004949,-0.02302981461440795,0.02302981461440795,0.5735162937918511,FALSE,FALSE
1980-01-29,Ross,0.321168997,-0.02591192343045367,0.02591192343045367,0.5735162937918511,FALSE,FALSE
1980-01-31,Ross,0.318735039,-0.01268569235158678,0.01268569235158678,0.5735162937918511,FALSE,FALSE
1980-02-01,Ross,0.232480363,-0.09186885437766593,0.09186885437766593,0.5735162937918511,FALSE,FALSE
1980-02-02,Ross,0.304547545,-0.01318172426134417,0.01318172426134417,0.5735162937918511,FALSE,FALSE
1980-02-04,Ross,0.298159037,-0.00752257004326173,0.00752257004326173,0.5735162937918511,FALSE,FALSE
1980-02-06,Ross,0.307915468,0.01296265041912353,0.01296265041912353,0.5735162937918511,FALSE,FALSE
1980-02-08,Ross,0.25977085,-0.02544727393106155,0.02544727393106155,0.5735162937918511,FALSE,FALSE
1980-02-10,Ross,0.232568586,-0.04370379963737572,0.04370379963737572,0.5735162937918511,FALSE,FALSE
1980-02-12,Ross,0.220676493,-0.04756865219776254,0.04756865219776254,0.5735162937918511,FALSE,FALSE
1980-02-14,Ross,0.233091264,-0.02823275878761141,0.02823275878761141,0.5735162937918511,FALSE,FALSE
1980-02-16,Ross,0.229981713,-0.02571492558230967,0.02571492558230967,0.5735162937918511,FALSE,FALSE
1980-02-18,Ross,0.239566409,-0.01198420375724637,0.01198420375724637,0.5735162937918511,FALSE,FALSE
1980-02-20,Ross,0.241564105,-0.00750946048781195,0.00750946048781195,0.5735162937918511,FALSE,FALSE
1980-02-22,Ross,0.218963339,-0.02946190285089414,0.02946190285089414,0.5735162937918511,FALSE,FALSE
1980-02-24,Ross,0.195920919,-0.0536557685894101,0.0536557685894101,0.5735162937918511,FALSE,FALSE
1980-02-26,Ross,0.197914155,-0.05450654798026413,0.05450654798026413,0.5735162937918511,FALSE,FALSE
1980-02-28,Ross,0.246282421,-0.01056741524687562,0.01056741524687562,0.5735162937918511,FALSE,FALSE
1980-03-01,Ross,0.23654506,-0.02621157561266693,0.02621157561266693,0.5735162937918511,FALSE,FALSE
1980-03-03,Ross,0.232877378,-0.03715627130105989,0.03715627130105989,0.5735162937918511,FALSE,FALSE
1980-03-05,Ross,0.258738727,-0.01983917581051669,0.01983917581051669,0.5735162937918511,FALSE,FALSE
1980-03-07,Ross,0.269335315,-0.01903914699080228,0.01903914699080228,0.5735162937918511,FALSE,FALSE
1980-03-09,Ross,0.279233893,-0.02025496364778695,0.02025496364778695,0.5735162937918511,FALSE,FALSE
1980-03-11,Ross,0.269202343,-0.04278723173593096,0.04278723173593096,0.5735162937918511,FALSE,FALSE
1980-03-13,Ross,0.246686132,-0.07925897220969125,0.07925897220969125,0.5735162937918511,FALSE,FALSE
1980-03-15,Ross,0.231332747,-0.11009118602353037,0.11009118602353037,0.5735162937918511,FALSE,FALSE
1980-03-17,Ross,0.254112602,-0.10438178665721826,0.10438178665721826,0.5735162937918511,FALSE,FALSE
1980-03-19,Ross,0.267592721,-0.10961089118894651,0.10961089118894651,0.5735162937918511,FALSE,FALSE
1980-03-21,Ross,0.27297457,-0.12458204003256355,0.12458204003256355,0.5735162937918511,FALSE,FALSE
1980-03-23,Ross,0.316289189,-0.10326421786876816,0.10326421786876816,0.5735162937918511,FALSE,FALSE
1980-03-25,Ross,0.351997199,-0.09119682837825573,0.09119682837825573,0.5735162937918511,FALSE,FALSE
1980-03-27,Ross,0.38647434,-0.08200415624172613,0.08200415624172613,0.5735162937918511,FALSE,FALSE
1980-03-29,Ross,0.385653461,-0.10975337713987654,0.10975337713987654,0.5735162937918511,FALSE,FALSE
1980-03-31,Ross,0.36817479,-0.15581644215885437,0.15581644215885437,0.5735162937918511,FALSE,FALSE
1980-04-01,Ross,0.577975802,0.03905083552124211,0.03905083552124211,0.5735162937918511,FALSE,FALSE
1980-04-02,Ross,0.384999742,-0.16930090756112637,0.16930090756112637,0.5735162937918511,FALSE,FALSE
1980-04-04,Ross,0.411062256,-0.1753583796523026,0.1753583796523026,0.5735162937918511,FALSE,FALSE
1980-04-06,Ross,0.417974365,-0.2024623727104528,0.2024623727104528,0.5735162937918511,FALSE,FALSE
1980-04-08,Ross,0.43068094,-0.22575356301365213,0.22575356301365213,0.5735162937918511,FALSE,FALSE
1980-04-10,Ross,0.474529937,-0.21996954183997663,0.21996954183997663,0.5735162937918511,FALSE,FALSE
1980-04-12,Ross,0.484362623,-0.25033201981104314,0.25033201981104314,0.5735162937918511,FALSE,FALSE
1980-04-14,Ross,0.529012161,-0.2477971853125589,0.2477971853125589,0.5735162937918511,FALSE,FALSE
1980-04-16,Ross,0.552708569,-0.26774234361747595,0.26774234361747595,0.5735162937918511,FALSE,FALSE
1980-04-18,Ross,0.53142988,-0.33379349448169315,0.33379349448169315,0.5735162937918511,FALSE,FALSE
1980-04-20,Ross,0.545505983,-0.36522478166111216,0.36522478166111216,0.5735162937918511,FALSE,FALSE
1980-04-22,Ross,0.578782245,-0.3777948709116289,0.3777948709116289,0.5735162937918511,FALSE,FALSE
1980-04-24,Ross,0.596300708,-0.4060758494958183,0.4060758494958183,0.5735162937918511,FALSE,FALSE
1980-04-26,Ross,0.603302618,-0.44493773452369834,0.44493773452369834,0.5735162937918511,FALSE,FALSE
1980-04-28,Ross,0.690049561,-0.40494403735643225,0.40494403735643225,0.5735162937918511,FALSE,FALSE
1980-04-30,Ross,0.765985002,-0.3775316131553835,0.3775316131553835,0.5735162937918511,FALSE,FALSE
1980-05-01,Ross,1.467244257,0.2985273692823853,0.2985273692823853,0.5735162937918511,FALSE,FALSE
1980-05-02,Ross,0.841982359,-0.35270736408190895,0.35270736408190895,0.5735162937918511,FALSE,FALSE
1980-05-04,Ross,0.87790467,-0.3714885722973703,0.3714885722973703,0.5735162937918511,FALSE,FALSE
1980-05-06,Ross,0.949092611,-0.3594147930913465,0.3594147930913465,0.5735162937918511,FALSE,FALSE
1980-05-08,Ross,1.003777908,-0.3688039398398215,0.3688039398398215,0.5735162937918511,FALSE,FALSE
1980-05-10,Ross,1.108099816,-0.3329901152239514,0.3329901152239514,0.5735162937918511,FALSE,FALSE
1980-05-12,Ross,1.151840088,-0.36144626601852714,0.36144626601852714,0.5735162937918511,FALSE,FALSE
1980-05-14,Ross,1.187215676,-0.4012101399983437,0.4012101399983437,0.5735162937918511,FALSE,FALSE
1980-05-16,Ross,1.250800816,-0.414962200938197,0.414962200938197,0.5735162937918511,FALSE,FALSE
1980-05-18,Ross,1.290464386,-0.45408827061288326,0.45408827061288326,0.5735162937918511,FALSE,FALSE
1980-05-20,Ross,1.353944486,-0.47017268187063754,0.47017268187063754,0.5735162937918511,FALSE,FALSE
1980-05-22,Ross,1.472433722,-0.43188655157750633,0.43188655157750633,0.5735162937918511,FALSE,FALSE
1980-05-24,Ross,1.582366055,-0.4029191441926707,0.4029191441926707,0.5735162937918511,FALSE,FALSE
1980-05-26,Ross,1.633541927,-0.4335948762020507,0.4335948762020507,0.5735162937918511,FALSE,FALSE
1980-05-28,Ross,1.689097002,-0.4609029420915776,0.4609029420915776,0.5735162937918511,FALSE,FALSE
1980-05-30,Ross,1.754940863,-0.4790586173471738,0.4790586173471738,0.5735162937918511,FALSE,FALSE
1980-06-01,Ross,1.899243993,-0.4200116190496923,0.4200116190496923,0.5735162937918511,FALSE,FALSE
1980-06-03,Ross,2.056565918,-0.3492062782923733,0.3492062782923733,0.5735162937918511,FALSE,FALSE
1980-06-05,Ross,2.113776001,-0.37965539342894505,0.37965539342894505,0.5735162937918511,FALSE,FALSE
1980-06-07,Ross,2.148890722,-0.4332189161786246,0.4332189161786246,0.5735162937918511,FALSE,FALSE
1980-06-09,Ross,2.269270637,-0.40241272226061975,0.40241272226061975,0.5735162937918511,FALSE,FALSE
1980-06-11,Ross,2.402296435,-0.35973255439414453,0.35973255439414453,0.5735162937918511,FALSE,FALSE
1980-06-13,Ross,2.612265428,-0.24075690874459,0.24075690874459,0.5735162937918511,FALSE,FALSE
1980-06-15,Ross,2.799718062,-0.14466974008350908,0.14466974008350908,0.5735162937918511,FALSE,FALSE
1980-06-17,Ross,2.839613061,-0.19588895314818577,0.19588895314818577,0.5735162937918511,FALSE,FALSE
1980-06-19,Ross,2.980047632,-0.14564533013554648,0.14564533013554648,0.5735162937918511,FALSE,FALSE
1980-06-21,Ross,3.06856848,-0.14572015524252135,0.14572015524252135,0.5735162937918511,FALSE,FALSE
1980-06-23,Ross,3.240811271,-0.0598057516660373,0.0598057516660373,0.5735162937918511,FALSE,FALSE
1980-06-25,Ross,3.325561221,-0.05844489260301921,0.05844489260301921,0.5735162937918511,FALSE,FALSE
1980-06-27,Ross,3.467498694,0.00354077355647053,0.00354077355647053,0.5735162937918511,FALSE,FALSE
1980-06-29,Ross,3.557896327,0.01697065486642923,0.01697065486642923,0.5735162937918511,FALSE,FALSE
1980-07-01,Ross,3.541986554,-0.07369941625726639,0.07369941625726639,0.5735162937918511,FALSE,FALSE
1980-07-03,Ross,3.576904183,-0.11211150073069476,0.11211150073069476,0.5735162937918511,FALSE,FALSE
1980-07-05,Ross,3.739099902,-0.0225917794699213,0.0225917794699213,0.5735162937918511,FALSE,FALSE
1980-07-07,Ross,3.879304498,0.04481366560898436,0.04481366560898436,0.5735162937918511,FALSE,FALSE
1980-07-09,Ross,3.942157562,0.03402858784802864,0.03402858784802864,0.5735162937918511,FALSE,FALSE
1980-07-11,Ross,4.014323495,0.03190240327471949,0.03190240327471949,0.5735162937918511,FALSE,FALSE
1980-07-13,Ross,4.051704853,-0.00479010440577365,0.00479010440577365,0.5735162937918511,FALSE,FALSE
1980-07-15,Ross,4.181021551,0.05156052686604795,0.05156052686604795,0.5735162937918511,FALSE,FALSE
1980-07-17,Ross,4.269619265,0.06918952014968038,0.06918952014968038,0.5735162937918511,FALSE,FALSE
1980-07-19,Ross,4.305653067,0.03714149450462223,0.03714149450462223,0.5735162937918511,FALSE,FALSE
1980-07-21,Ross,4.284467668,-0.04835821582171817,0.04835821582171817,0.5735162937918511,FALSE,FALSE
1980-07-23,Ross,4.334472073,-0.05865598475068356,0.05865598475068356,0.5735162937918511,FALSE,FALSE
1980-07-25,Ross,4.397413414,-0.05280850307441387,0.05280850307441387,0.5735162937918511,FALSE,FALSE
1980-07-27,Ross,4.547849094,0.04283988006414052,0.04283988006414052,0.5735162937918511,FALSE,FALSE
1980-07-29,Ross,4.63641891,0.07802720952205355,0.07802720952205355,0.5735162937918511,FALSE,FALSE
1980-07-31,Ross,4.642689639,0.03141851015637886,0.03141851015637886,0.5735162937918511,FALSE,FALSE
1980-08-01,Ross,5.036703472,0.3988994782450277,0.3988994782450277,0.5735162937918511,FALSE,FALSE
1980-08-02,Ross,4.601777313,-0.0627719365779491,0.0627719365779491,0.5735162937918511,FALSE,FALSE
1980-08-04,Ross,4.615822507,-0.10297714335334084,0.10297714335334084,0.5735162937918511,FALSE,FALSE
1980-08-06,Ross,4.698160291,-0.07518912344071893,0.07518912344071893,0.5735162937918511,FALSE,FALSE
1980-08-08,Ross,4.770140083,-0.05708962748227275,0.05708962748227275,0.5735162937918511,FALSE,FALSE
1980-08-10,Ross,4.882371316,0.00289960887979479,0.00289960887979479,0.5735162937918511,FALSE,FALSE
1980-08-12,Ross,4.958896766,0.0297901930033051,0.0297901930033051,0.5735162937918511,FALSE,FALSE
1980-08-14,Ross,4.961299505,-0.01386597175394044,0.01386597175394044,0.5735162937918511,FALSE,FALSE
1980-08-16,Ross,4.867533528,-0.1492802954022867,0.1492802954022867,0.5735162937918511,FALSE,FALSE
1980-08-18,Ross,4.895572161,-0.15891976182168488,0.15891976182168488,0.5735162937918511,FALSE,FALSE
1980-08-20,Ross,5.059307225,-0.03003737977916554,0.03003737977916554,0.5735162937918511,FALSE,FALSE
1980-08-22,Ross,5.106708906,-0.01581521438076461,0.01581521438076461,0.5735162937918511,FALSE,FALSE
1980-08-24,Ross,5.128850585,-0.02633213573250259,0.02633213573250259,0.5735162937918511,FALSE,FALSE
1980-08-26,Ross,5.157557354,-0.03091530294041433,0.03091530294041433,0.5735162937918511,FALSE,FALSE
1980-08-28,Ross,5.140287,-0.08323190131474778,0.08323190131474778,0.5735162937918511,FALSE,FALSE
1980-08-30,Ross,5.171775176,-0.08878211505747302,0.08878211505747302,0.5735162937918511,FALSE,FALSE
1980-09-01,Ross,5.242531158,-0.05622785019746068,0.05622785019746068,0.5735162937918511,FALSE,FALSE
1980-09-03,Ross,5.260809232,-0.07642326240622044,0.07642326240622044,0.5735162937918511,FALSE,FALSE
1980-09-05,Ross,5.316944598,-0.05814159335525293,0.05814159335525293,0.5735162937918511,FALSE,FALSE
1980-09-07,Ross,5.30725791,-0.1041706307160606,0.1041706307160606,0.5735162937918511,FALSE,FALSE
1980-09-09,Ross,5.344556912,-0.10081153476131988,0.10081153476131988,0.5735162937918511,FALSE,FALSE
1980-09-11,Ross,5.411503874,-0.06476884714553588,0.06476884714553588,0.5735162937918511,FALSE,FALSE
1980-09-13,Ross,5.456150784,-0.04804380492553495,0.04804380492553495,0.5735162937918511,FALSE,FALSE
1980-09-15,Ross,5.520954388,-0.00834582689753027,0.00834582689753027,0.5735162937918511,FALSE,FALSE
1980-09-17,Ross,5.580397657,0.02864189314226894,0.02864189314226894,0.5735162937918511,FALSE,FALSE
1980-09-19,Ross,5.676441578,0.1047141773976481,0.1047141773976481,0.5735162937918511,FALSE,FALSE
1980-09-21,Ross,5.692235164,0.10285387407239276,0.10285387407239276,0.5735162937918511,FALSE,FALSE
1980-09-23,Ross,5.609291671,0.00443468861539209,0.00443468861539209,0.5735162937918511,FALSE,FALSE
1980-09-25,Ross,5.574941371,-0.04318198852282506,0.04318198852282506,0.5735162937918511,FALSE,FALSE
1980-09-27,Ross,5.608157194,-0.02092473073246026,0.02092473073246026,0.5735162937918511,FALSE,FALSE
1980-09-29,Ross,5.66286192,0.02522790350874171,0.02522790350874171,0.5735162937918511,FALSE,FALSE
1980-10-01,Ross,5.661494347,0.0178133737230306,0.0178133737230306,0.5735162937918511,FALSE,FALSE
1980-10-03,Ross,5.638715331,-0.00840880256733989,0.00840880256733989,0.5735162937918511,FALSE,FALSE
1980-10-05,Ross,5.629397741,-0.01845845513816701,0.01845845513816701,0.5735162937918511,FALSE,FALSE
1980-10-07,Ross,5.67578781,0.03017560159310761,0.03017560159310761,0.5735162937918511,FALSE,FALSE
1980-10-09,Ross,5.684196804,0.04420732364498736,0.04420732364498736,0.5735162937918511,FALSE,FALSE
1980-10-11,Ross,5.69645303,0.06587234217298743,0.06587234217298743,0.5735162937918511,FALSE,FALSE
1980-10-13,Ross,5.756624183,0.1396456763326226,0.1396456763326226,0.5735162937918511,FALSE,FALSE
1980-10-15,Ross,5.854212038,0.2554364252794086,0.2554364252794086,0.5735162937918511,FALSE,FALSE
1980-10-17,Ross,5.879414179,0.30384566194129725,0.30384566194129725,0.5735162937918511,FALSE,FALSE
1980-10-19,Ross,5.854696999,0.307316544350301,0.307316544350301,0.5735162937918511,FALSE,FALSE
1980-10-21,Ross,5.830547824,0.31550376234082567,0.31550376234082567,0.5735162937918511,FALSE,FALSE
1980-10-23,Ross,5.832343413,0.35286108987678766,0.35286108987678766,0.5735162937918511,FALSE,FALSE
1980-10-25,Ross,5.843882893,0.40226466892210855,0.40226466892210855,0.5735162937918511,FALSE,FALSE
1980-10-27,Ross,5.788970098,0.3865953484407081,0.3865953484407081,0.5735162937918511,FALSE,FALSE
1980-10-29,Ross,5.740127462,0.3774525773965092,0.3774525773965092,0.5735162937918511,FALSE,FALSE
1980-10-31,Ross,5.607333562,0.28424952064524067,0.28424952064524067,0.5735162937918511,FALSE,FALSE
1980-11-01,Ross,5.311022308,0.00798434708228423,0.00798434708228423,0.5735162937918511,FALSE,FALSE
1980-11-02,Ross,5.581570363,0.2989890209510264,0.2989890209510264,0.5735162937918511,FALSE,FALSE
1980-11-04,Ross,5.564437563,0.32473138794219736,0.32473138794219736,0.5735162937918511,FALSE,FALSE
1980-11-06,Ross,5.53396699,0.34096907753594863,0.34096907753594863,0.5735162937918511,FALSE,FALSE
1980-11-08,Ross,5.529055365,0.38805943864946446,0.38805943864946446,0.5735162937918511,FALSE,FALSE
1980-11-10,Ross,5.454058069,0.3718184801999378,0.3718184801999378,0.5735162937918511,FALSE,FALSE
1980-11-12,Ross,5.353284156,0.3379280375080054,0.3379280375080054,0.5735162937918511,FALSE,FALSE
1980-11-14,Ross,5.310918163,0.3709452210726951,0.3709452210726951,0.5735162937918511,FALSE,FALSE
1980-11-16,Ross,5.236404458,0.3800515147649568,0.3800515147649568,0.5735162937918511,FALSE,FALSE
1980-11-18,Ross,5.156922502,0.3921533378366657,0.3921533378366657,0.5735162937918511,FALSE,FALSE
1980-11-20,Ross,5.047246606,0.3817519595397032,0.3817519595397032,0.5735162937918511,FALSE,FALSE
1980-11-22,Ross,4.933684275,0.37488184312594264,0.37488184312594264,0.5735162937918511,FALSE,FALSE
1980-11-24,Ross,4.844023038,0.3990825367456896,0.3990825367456896,0.5735162937918511,FALSE,FALSE
1980-11-26,Ross,4.794315487,0.4712634398858766,0.4712634398858766,0.5735162937918511,FALSE,FALSE
1980-11-28,Ross,4.724930333,0.5341656811151712,0.5341656811151712,0.5735162937918511,FALSE,FALSE
1980-11-30,Ross,4.544066518,0.49847042853690926,0.49847042853690926,0.5735162937918511,FALSE,FALSE
1980-12-01,Ross,2.992078893,-0.9753267818977668,0.9753267818977668,0.5735162937918511,TRUE,FALSE
1980-12-02,Ross,4.38071185,0.4956477162544144,0.4956477162544144,0.5735162937918511,FALSE,FALSE
1980-12-04,Ross,4.1118877,0.4052011413710148,0.4052011413710148,0.5735162937918511,FALSE,FALSE
1980-12-06,Ross,3.816923354,0.3089413136667676,0.3089413136667676,0.5735162937918511,FALSE,FALSE
1980-12-08,Ross,3.47930055,0.19102991840179007,0.19102991840179007,0.5735162937918511,FALSE,FALSE
1980-12-10,Ross,3.185602535,0.13315651343622648,0.13315651343622648,0.5735162937918511,FALSE,FALSE
1980-12-12,Ross,2.921655975,0.11517939417878952,0.11517939417878952,0.5735162937918511,FALSE,FALSE
1980-12-14,Ross,2.621250949,0.0649202690381947,0.0649202690381947,0.5735162937918511,FALSE,FALSE
1980-12-16,Ross,2.383106615,0.075129925423155,0.075129925423155,0.5735162937918511,FALSE,FALSE
1980-12-18,Ross,2.20977649,0.1423935097423885,0.1423935097423885,0.5735162937918511,FALSE,FALSE
1980-12-20,Ross,1.966758918,0.1266208725536746,0.1266208725536746,0.5735162937918511,FALSE,FALSE
1980-12-22,Ross,1.522731478,-0.10622835689446396,0.10622835689446396,0.5735162937918511,FALSE,FALSE
1980-12-24,Ross,1.297080793,-0.1381738411051745,0.1381738411051745,0.5735162937918511,FALSE,FALSE
1980-12-26,Ross,1.104227212,-0.15619477264602732,0.15619477264602732,0.5735162937918511,FALSE,FALSE
1980-12-28,Ross,0.923091291,-0.182770137084584,0.182770137084584,0.5735162937918511,FALSE,FALSE
1980-12-30,Ross,0.827403213,-0.1455692929884166,0.1455692929884166,0.5735162937918511,FALSE,FALSE
1981-01-01,Ross,0.731279991,-0.1838122736046751,0.1838122736046751,0.5735162937918511,FALSE,FALSE
1981-01-03,Ross,0.651439254,-0.16505853072627097,0.16505853072627097,0.5735162937918511,FALSE,FALSE
1981-01-05,Ross,0.555683593,-0.1823673007160548,0.1823673007160548,0.5735162937918511,FALSE,FALSE
1981-01-07,Ross,0.500188766,-0.17593946762558563,0.17593946762558563,0.5735162937918511,FALSE,FALSE
1981-01-09,Ross,0.429030768,-0.198075678506421,0.198075678506421,0.5735162937918511,FALSE,FALSE
1981-01-11,Ross,0.387526447,-0.19983572741012515,0.19983572741012515,0.5735162937918511,FALSE,FALSE
1981-01-13,Ross,0.376209255,-0.1770628043882555,0.1770628043882555,0.5735162937918511,FALSE,FALSE
1981-01-15,Ross,0.360788255,-0.1606544985151399,0.1606544985151399,0.5735162937918511,FALSE,FALSE
1981-01-17,Ross,0.355533507,-0.1352655401968746,0.1352655401968746,0.5735162937918511,FALSE,FALSE
1981-01-19,Ross,0.364239933,-0.0973681364792594,0.0973681364792594,0.5735162937918511,FALSE,FALSE
1981-01-21,Ross,0.3327558,-0.1013975455608177,0.1013975455608177,0.5735162937918511,FALSE,FALSE
1981-01-23,Ross,0.305527411,-0.10319098964007378,0.10319098964007378,0.5735162937918511,FALSE,FALSE
1981-01-25,Ross,0.274468212,-0.1111185479155527,0.1111185479155527,0.5735162937918511,FALSE,FALSE
1981-01-27,Ross,0.247305279,-0.11772948461440796,0.11772948461440796,0.5735162937918511,FALSE,FALSE
1981-01-29,Ross,0.231284882,-0.11579603843045368,0.11579603843045368,0.5735162937918511,FALSE,FALSE
1981-01-31,Ross,0.212068943,-0.11935178835158676,0.11935178835158676,0.5735162937918511,FALSE,FALSE
1981-02-01,Ross,0.151615349,-0.1727338683776659,0.1727338683776659,0.5735162937918511,FALSE,FALSE
1981-02-02,Ross,0.205201722,-0.11252754726134416,0.11252754726134416,0.5735162937918511,FALSE,FALSE
1981-02-04,Ross,0.205743863,-0.09993774404326176,0.09993774404326176,0.5735162937918511,FALSE,FALSE
1981-02-06,Ross,0.19694874,-0.09800407758087648,0.09800407758087648,0.5735162937918511,FALSE,FALSE
1981-02-08,Ross,0.171933305,-0.11328481893106154,0.11328481893106154,0.5735162937918511,FALSE,FALSE
1981-02-10,Ross,0.167610956,-0.10866142963737573,0.10866142963737573,0.5735162937918511,FALSE,FALSE
1981-02-12,Ross,0.158433811,-0.10981133419776254,0.10981133419776254,0.5735162937918511,FALSE,FALSE
1981-02-14,Ross,0.154708421,-0.1066156017876114,0.1066156017876114,0.5735162937918511,FALSE,FALSE
1981-02-16,Ross,0.146015471,-0.10968116758230968,0.10968116758230968,0.5735162937918511,FALSE,FALSE
1981-02-18,Ross,0.153556323,-0.0979942897572464,0.0979942897572464,0.5735162937918511,FALSE,FALSE
1981-02-20,Ross,0.147045993,-0.10202757248781194,0.10202757248781194,0.5735162937918511,FALSE,FALSE
1981-02-22,Ross,0.124062773,-0.12436246885089416,0.12436246885089416,0.5735162937918511,FALSE,FALSE
1981-02-24,Ross,0.116005509,-0.1335711785894101,0.1335711785894101,0.5735162937918511,FALSE,FALSE
1981-02-26,Ross,0.119753027,-0.13266767598026413,0.13266767598026413,0.5735162937918511,FALSE,FALSE
1981-02-28,Ross,0.12113471,-0.13571512624687562,0.13571512624687562,0.5735162937918511,FALSE,FALSE
1981-03-01,Ross,0.233691381,-0.02593386240341025,0.02593386240341025,0.5735162937918511,FALSE,FALSE
1981-03-02,Ross,0.121170691,-0.14158594461266694,0.14158594461266694,0.5735162937918511,FALSE,FALSE
1981-03-04,Ross,0.142713719,-0.1273199303010599,0.1273199303010599,0.5735162937918511,FALSE,FALSE
1981-03-06,Ross,0.152562053,-0.1260158498105167,0.1260158498105167,0.5735162937918511,FALSE,FALSE
1981-03-08,Ross,0.163727207,-0.12464725499080229,0.12464725499080229,0.5735162937918511,FALSE,FALSE
1981-03-10,Ross,0.146520774,-0.15296808264778697,0.15296808264778697,0.5735162937918511,FALSE,FALSE
1981-03-12,Ross,0.150296937,-0.16169263773593098,0.16169263773593098,0.5735162937918511,FALSE,FALSE
1981-03-14,Ross,0.168259969,-0.15768513520969124,0.15768513520969124,0.5735162937918511,FALSE,FALSE
1981-03-16,Ross,0.181683159,-0.15974077402353035,0.15974077402353035,0.5735162937918511,FALSE,FALSE
1981-03-18,Ross,0.211402376,-0.14709201265721827,0.14709201265721827,0.5735162937918511,FALSE,FALSE
1981-03-20,Ross,0.232444176,-0.1447594361889465,0.1447594361889465,0.5735162937918511,FALSE,FALSE
1981-03-22,Ross,0.265432196,-0.1321244140325636,0.1321244140325636,0.5735162937918511,FALSE,FALSE
1981-03-24,Ross,0.293207987,-0.12634541986876818,0.12634541986876818,0.5735162937918511,FALSE,FALSE
1981-03-26,Ross,0.328666515,-0.1145275123782557,0.1145275123782557,0.5735162937918511,FALSE,FALSE
1981-03-28,Ross,0.356495782,-0.11198271424172618,0.11198271424172618,0.5735162937918511,FALSE,FALSE
1981-03-30,Ross,0.405243778,-0.09016306013987652,0.09016306013987652,0.5735162937918511,FALSE,FALSE
1981-04-01,Ross,0.401335571,-0.12265566115885436,0.12265566115885436,0.5735162937918511,FALSE,FALSE
1981-04-03,Ross,0.425417037,-0.12888361256112635,0.12888361256112635,0.5735162937918511,FALSE,FALSE
1981-04-05,Ross,0.461127009,-0.12529362665230265,0.12529362665230265,0.5735162937918511,FALSE,FALSE
1981-04-07,Ross,0.492746562,-0.12769017571045282,0.12769017571045282,0.5735162937918511,FALSE,FALSE
1981-04-09,Ross,0.539974273,-0.11646023001365212,0.11646023001365212,0.5735162937918511,FALSE,FALSE
1981-04-11,Ross,0.583793716,-0.11070576283997668,0.11070576283997668,0.5735162937918511,FALSE,FALSE
1981-04-13,Ross,0.617027225,-0.11766741781104316,0.11766741781104316,0.5735162937918511,FALSE,FALSE
1981-04-15,Ross,0.679834275,-0.09697507131255888,0.09697507131255888,0.5735162937918511,FALSE,FALSE
1981-04-17,Ross,0.727848648,-0.0926022646174759,0.0926022646174759,0.5735162937918511,FALSE,FALSE
1981-04-19,Ross,0.817049865,-0.04817350948169319,0.04817350948169319,0.5735162937918511,FALSE,FALSE
1981-04-21,Ross,0.835310453,-0.07542031166111218,0.07542031166111218,0.5735162937918511,FALSE,FALSE
1981-04-23,Ross,0.891608405,-0.06496871091162881,0.06496871091162881,0.5735162937918511,FALSE,FALSE
1981-04-25,Ross,0.937474051,-0.0649025064958183,0.0649025064958183,0.5735162937918511,FALSE,FALSE
1981-04-27,Ross,0.955735211,-0.09250514152369826,0.09250514152369826,0.5735162937918511,FALSE,FALSE
1981-04-29,Ross,0.979099647,-0.11589395135643232,0.11589395135643232,0.5735162937918511,FALSE,FALSE
1981-05-01,Ross,1.015463619,-0.12805299615538357,0.12805299615538357,0.5735162937918511,FALSE,FALSE
1981-05-03,Ross,1.048781694,-0.1459080290819088,0.1459080290819088,0.5735162937918511,FALSE,FALSE
1981-05-05,Ross,1.144312083,-0.1050811592973704,0.1050811592973704,0.5735162937918511,FALSE,FALSE
1981-05-07,Ross,1.198342194,-0.1101652100913464,0.1101652100913464,0.5735162937918511,FALSE,FALSE
1981-05-09,Ross,1.222304454,-0.15027739383982142,0.15027739383982142,0.5735162937918511,FALSE,FALSE
1981-05-11,Ross,1.248679236,-0.19241069522395127,0.19241069522395127,0.5735162937918511,FALSE,FALSE
1981-05-13,Ross,1.330135088,-0.18315126601852705,0.18315126601852705,0.5735162937918511,FALSE,FALSE
1981-05-15,Ross,1.424746899,-0.1636789169983437,0.1636789169983437,0.5735162937918511,FALSE,FALSE
1981-05-17,Ross,1.504235131,-0.161527885938197,0.161527885938197,0.5735162937918511,FALSE,FALSE
1981-05-19,Ross,1.565593534,-0.17895912261288327,0.17895912261288327,0.5735162937918511,FALSE,FALSE
1981-05-21,Ross,1.668584873,-0.1555322948706377,0.1555322948706377,0.5735162937918511,FALSE,FALSE
1981-05-23,Ross,1.743453917,-0.16086635657750614,0.16086635657750614,0.5735162937918511,FALSE,FALSE
1981-05-25,Ross,1.793622385,-0.19166281419267084,0.19166281419267084,0.5735162937918511,FALSE,FALSE
1981-05-27,Ross,1.851793134,-0.21534366920205072,0.21534366920205072,0.5735162937918511,FALSE,FALSE
1981-05-29,Ross,1.951291253,-0.19870869109157763,0.19870869109157763,0.5735162937918511,FALSE,FALSE
1981-05-31,Ross,2.160832907,-0.0731665733471738,0.0731665733471738,0.5735162937918511,FALSE,FALSE
1981-06-01,Ross,3.529174341,1.2527099259859005,1.2527099259859005,0.5735162937918511,TRUE,FALSE
1981-06-02,Ross,2.319692009,4.36396950307838e-4,4.36396950307838e-4,0.5735162937918511,FALSE,FALSE
1981-06-04,Ross,2.410342578,0.00457038170762658,0.00457038170762658,0.5735162937918511,FALSE,FALSE
1981-06-06,Ross,2.418609912,-0.07482148242894526,0.07482148242894526,0.5735162937918511,FALSE,FALSE
1981-06-08,Ross,2.485112488,-0.09699715017862463,0.09699715017862463,0.5735162937918511,FALSE,FALSE
1981-06-10,Ross,2.663932049,-0.0077513102606197,0.0077513102606197,0.5735162937918511,FALSE,FALSE
1981-06-12,Ross,2.873863629,0.11183463960585582,0.11183463960585582,0.5735162937918511,FALSE,FALSE
1981-06-14,Ross,3.108878432,0.25585609525540987,0.25585609525540987,0.5735162937918511,FALSE,FALSE
1981-06-16,Ross,3.205371799,0.26098399691649066,0.26098399691649066,0.5735162937918511,FALSE,FALSE
1981-06-18,Ross,3.357607781,0.32210576685181413,0.32210576685181413,0.5735162937918511,FALSE,FALSE
1981-06-20,Ross,3.435589826,0.3098968638644539,0.3098968638644539,0.5735162937918511,FALSE,FALSE
1981-06-22,Ross,3.580326224,0.3660375887574782,0.3660375887574782,0.5735162937918511,FALSE,FALSE
1981-06-24,Ross,3.684112977,0.3834959543339624,0.3834959543339624,0.5735162937918511,FALSE,FALSE
1981-06-26,Ross,3.759199501,0.3751933873969806,0.3751933873969806,0.5735162937918511,FALSE,FALSE
1981-06-28,Ross,3.755043782,0.2910858615564704,0.2910858615564704,0.5735162937918511,FALSE,FALSE
1981-06-30,Ross,3.748774931,0.20784925886642913,0.20784925886642913,0.5735162937918511,FALSE,FALSE
1981-07-01,Ross,4.324281096,0.7457478974160421,0.7457478974160421,0.5735162937918511,TRUE,FALSE
1981-07-02,Ross,3.758827192,0.14314122174273347,0.14314122174273347,0.5735162937918511,FALSE,FALSE
1981-07-04,Ross,3.894087077,0.20507139326930535,0.20507139326930535,0.5735162937918511,FALSE,FALSE
1981-07-06,Ross,3.995922292,0.23423061053007865,0.23423061053007865,0.5735162937918511,FALSE,FALSE
1981-07-08,Ross,4.007765684,0.17327485160898393,0.17327485160898393,0.5735162937918511,FALSE,FALSE
1981-07-10,Ross,4.044362811,0.13623383684802892,0.13623383684802892,0.5735162937918511,FALSE,FALSE
1981-07-12,Ross,4.071349561,0.0889284692747192,0.0889284692747192,0.5735162937918511,FALSE,FALSE
1981-07-14,Ross,4.096174672,0.03967971459422603,0.03967971459422603,0.5735162937918511,FALSE,FALSE
1981-07-16,Ross,4.186776169,0.05731514486604805,0.05731514486604805,0.5735162937918511,FALSE,FALSE
1981-07-18,Ross,4.284684445,0.08425470014968006,0.08425470014968006,0.5735162937918511,FALSE,FALSE
1981-07-20,Ross,4.326592332,0.05808075950462221,0.05808075950462221,0.5735162937918511,FALSE,FALSE
1981-07-22,Ross,4.412869168,0.08004328417828255,0.08004328417828255,0.5735162937918511,FALSE,FALSE
1981-07-24,Ross,4.518012288,0.12488423024931716,0.12488423024931716,0.5735162937918511,FALSE,FALSE
1981-07-26,Ross,4.496922233,0.04670031592558654,0.04670031592558654,0.5735162937918511,FALSE,FALSE
1981-07-28,Ross,4.4799294,-0.02507981393585989,0.02507981393585989,0.5735162937918511,FALSE,FALSE
1981-07-30,Ross,4.472349924,-0.08604177647794575,0.08604177647794575,0.5735162937918511,FALSE,FALSE
1981-08-01,Ross,4.514557495,-0.09671363384362142,0.09671363384362142,0.5735162937918511,FALSE,FALSE
1981-08-03,Ross,4.570095267,-0.09445398257794936,0.09445398257794936,0.5735162937918511,FALSE,FALSE
1981-08-05,Ross,4.553511767,-0.16528788335334088,0.16528788335334088,0.5735162937918511,FALSE,FALSE
1981-08-07,Ross,4.596404504,-0.17694491044071903,0.17694491044071903,0.5735162937918511,FALSE,FALSE
1981-08-09,Ross,4.776951761,-0.05027794948227271,0.05027794948227271,0.5735162937918511,FALSE,FALSE
1981-08-11,Ross,4.84436925,-0.03510245712020588,0.03510245712020588,0.5735162937918511,FALSE,FALSE
1981-08-13,Ross,4.880657509,-0.0484490639966948,0.0484490639966948,0.5735162937918511,FALSE,FALSE
1981-08-15,Ross,4.953730573,-0.02143490375394119,0.02143490375394119,0.5735162937918511,FALSE,FALSE
1981-08-17,Ross,5.000583847,-0.01622997640228707,0.01622997640228707,0.5735162937918511,FALSE,FALSE
1981-08-19,Ross,5.017593413,-0.0368985098216843,0.0368985098216843,0.5735162937918511,FALSE,FALSE
1981-08-21,Ross,5.050964589,-0.03838001577916561,0.03838001577916561,0.5735162937918511,FALSE,FALSE
1981-08-23,Ross,5.019182431,-0.10334168938076438,0.10334168938076438,0.5735162937918511,FALSE,FALSE
1981-08-25,Ross,5.111160332,-0.04402238873250308,0.04402238873250308,0.5735162937918511,FALSE,FALSE
1981-08-27,Ross,5.135780393,-0.05269226394041393,0.05269226394041393,0.5735162937918511,FALSE,FALSE
1981-08-29,Ross,5.162772815,-0.06074608631474731,0.06074608631474731,0.5735162937918511,FALSE,FALSE
1981-08-31,Ross,5.228162612,-0.03239467905747251,0.03239467905747251,0.5735162937918511,FALSE,FALSE
1981-09-01,Ross,5.613092021,0.333523564901661,0.333523564901661,0.5735162937918511,FALSE,FALSE
1981-09-02,Ross,5.230139545,-0.06861946319746082,0.06861946319746082,0.5735162937918511,FALSE,FALSE
1981-09-04,Ross,5.304316919,-0.03291557540622047,0.03291557540622047,0.5735162937918511,FALSE,FALSE
1981-09-06,Ross,5.267519731,-0.10756646035525286,0.10756646035525286,0.5735162937918511,FALSE,FALSE
1981-09-08,Ross,5.364551803,-0.04687673771605993,0.04687673771605993,0.5735162937918511,FALSE,FALSE
1981-09-10,Ross,5.371745533,-0.07362291376131935,0.07362291376131935,0.5735162937918511,FALSE,FALSE
1981-09-12,Ross,5.380625456,-0.09564726514553624,0.09564726514553624,0.5735162937918511,FALSE,FALSE
1981-09-14,Ross,5.382604496,-0.12159009292553512,0.12159009292553512,0.5735162937918511,FALSE,FALSE
1981-09-16,Ross,5.49204646,-0.03725375489753002,0.03725375489753002,0.5735162937918511,FALSE,FALSE
1981-09-18,Ross,5.613129948,0.06137418414226925,0.06137418414226925,0.5735162937918511,FALSE,FALSE
1981-09-20,Ross,5.674306248,0.10257884739764744,0.10257884739764744,0.5735162937918511,FALSE,FALSE
1981-09-22,Ross,5.681431669,0.09205037907239257,0.09205037907239257,0.5735162937918511,FALSE,FALSE
1981-09-24,Ross,5.711128778,0.1062717956153918,0.1062717956153918,0.5735162937918511,FALSE,FALSE
1981-09-26,Ross,5.708955897,0.09083253747717455,0.09083253747717455,0.5735162937918511,FALSE,FALSE
1981-09-28,Ross,5.664667086,0.03558516126753908,0.03558516126753908,0.5735162937918511,FALSE,FALSE
1981-09-30,Ross,5.670962655,0.0333286385087419,0.0333286385087419,0.5735162937918511,FALSE,FALSE
1981-10-01,Ross,5.531718734,-0.10925806910088998,0.10925806910088998,0.5735162937918511,FALSE,FALSE
1981-10-02,Ross,5.668531736,0.02485076272303121,0.02485076272303121,0.5735162937918511,FALSE,FALSE
1981-10-04,Ross,5.619831384,-0.02729274956733984,0.02729274956733984,0.5735162937918511,FALSE,FALSE
1981-10-06,Ross,5.523384622,-0.124471574138167,0.124471574138167,0.5735162937918511,FALSE,FALSE
1981-10-08,Ross,5.463739928,-0.18187228040689263,0.18187228040689263,0.5735162937918511,FALSE,FALSE
1981-10-10,Ross,5.454351195,-0.18563828535501248,0.18563828535501248,0.5735162937918511,FALSE,FALSE
1981-10-12,Ross,5.486636216,-0.14394447182701242,0.14394447182701242,0.5735162937918511,FALSE,FALSE
1981-10-14,Ross,5.448231662,-0.16874684466737655,0.16874684466737655,0.5735162937918511,FALSE,FALSE
1981-10-16,Ross,5.436998018,-0.16177759472059172,0.16177759472059172,0.5735162937918511,FALSE,FALSE
1981-10-18,Ross,5.429496346,-0.1460721710587034,0.1460721710587034,0.5735162937918511,FALSE,FALSE
1981-10-20,Ross,5.456962305,-0.09041814964969852,0.09041814964969852,0.5735162937918511,FALSE,FALSE
1981-10-22,Ross,5.419102736,-0.09594132565917413,0.09594132565917413,0.5735162937918511,FALSE,FALSE
1981-10-24,Ross,5.409423,-0.07005932312321228,0.07005932312321228,0.5735162937918511,FALSE,FALSE
1981-10-26,Ross,5.310656001,-0.13096222307789152,0.13096222307789152,0.5735162937918511,FALSE,FALSE
1981-10-28,Ross,5.284141026,-0.11823372355929164,0.11823372355929164,0.5735162937918511,FALSE,FALSE
1981-10-30,Ross,5.265667963,-0.09700692160349078,0.09700692160349078,0.5735162937918511,FALSE,FALSE
1981-11-01,Ross,5.229018941,-0.09406510035475968,0.09406510035475968,0.5735162937918511,FALSE,FALSE
1981-11-03,Ross,5.219652922,-0.0629284200489737,0.0629284200489737,0.5735162937918511,FALSE,FALSE
1981-11-05,Ross,5.18679604,-0.05291013505780295,0.05291013505780295,0.5735162937918511,FALSE,FALSE
1981-11-07,Ross,5.205120902,0.01212298953594892,0.01212298953594892,0.5735162937918511,FALSE,FALSE
1981-11-09,Ross,5.204136836,0.06314090964946484,0.06314090964946484,0.5735162937918511,FALSE,FALSE
1981-11-11,Ross,5.17564918,0.0934095911999373,0.0934095911999373,0.5735162937918511,FALSE,FALSE
1981-11-13,Ross,5.114399968,0.09904384950800528,0.09904384950800528,0.5735162937918511,FALSE,FALSE
1981-11-15,Ross,5.009022747,0.06904980507269531,0.06904980507269531,0.5735162937918511,FALSE,FALSE
1981-11-17,Ross,4.878046528,0.02169358476495642,0.02169358476495642,0.5735162937918511,FALSE,FALSE
1981-11-19,Ross,4.839333299,0.07456413483666591,0.07456413483666591,0.5735162937918511,FALSE,FALSE
1981-11-21,Ross,4.819496446,0.15400179953970294,0.15400179953970294,0.5735162937918511,FALSE,FALSE
1981-11-23,Ross,4.780520281,0.22171784912594283,0.22171784912594283,0.5735162937918511,FALSE,FALSE
1981-11-25,Ross,4.67819359,0.23325308874569028,0.23325308874569028,0.5735162937918511,FALSE,FALSE
1981-11-27,Ross,4.547332337,0.22428028988587645,0.22428028988587645,0.5735162937918511,FALSE,FALSE
1981-11-29,Ross,4.436915451,0.24615079911517143,0.24615079911517143,0.5735162937918511,FALSE,FALSE
1981-12-01,Ross,4.308974506,0.2633784165369093,0.2633784165369093,0.5735162937918511,FALSE,FALSE
1981-12-03,Ross,4.122436675,0.23737254125441476,0.23737254125441476,0.5735162937918511,FALSE,FALSE
1981-12-05,Ross,4.000978414,0.29429185537101565,0.29429185537101565,0.5735162937918511,FALSE,FALSE
1981-12-07,Ross,3.859290942,0.3513089016667674,0.3513089016667674,0.5735162937918511,FALSE,FALSE
1981-12-09,Ross,3.656745902,0.3684752704017899,0.3684752704017899,0.5735162937918511,FALSE,FALSE
1981-12-11,Ross,3.496092258,0.4436462364362264,0.4436462364362264,0.5735162937918511,FALSE,FALSE
1981-12-13,Ross,3.361064652,0.5545880711787894,0.5545880711787894,0.5735162937918511,FALSE,FALSE
1981-12-15,Ross,3.092722507,0.5363918270381944,0.5363918270381944,0.5735162937918511,FALSE,FALSE
1981-12-17,Ross,2.731814627,0.4238379374231549,0.4238379374231549,0.5735162937918511,FALSE,FALSE
1981-12-19,Ross,2.306497211,0.23911423074238855,0.23911423074238855,0.5735162937918511,FALSE,FALSE
1981-12-21,Ross,2.046268331,0.2061302855536744,0.2061302855536744,0.5735162937918511,FALSE,FALSE
1981-12-23,Ross,1.636791108,0.00783127310553588,0.00783127310553588,0.5735162937918511,FALSE,FALSE
1981-12-25,Ross,1.304871448,-0.1303831861051743,0.1303831861051743,0.5735162937918511,FALSE,FALSE
1981-12-27,Ross,1.159395251,-0.10102673364602732,0.10102673364602732,0.5735162937918511,FALSE,FALSE
1981-12-29,Ross,1.043261562,-0.0625998660845839,0.0625998660845839,0.5735162937918511,FALSE,FALSE
1981-12-31,Ross,0.933908094,-0.03906441198841659,0.03906441198841659,0.5735162937918511,FALSE,FALSE
1982-01-01,Ross,0.495862146,-0.4192301186046751,0.4192301186046751,0.5735162937918511,FALSE,FALSE
1982-01-02,Ross,0.852102078,-0.01094803818517209,0.01094803818517209,0.5735162937918511,FALSE,FALSE
1982-01-04,Ross,0.741044804,-0.03393754648441938,0.03393754648441938,0.5735162937918511,FALSE,FALSE
1982-01-06,Ross,0.634787132,-0.07046336267762898,0.07046336267762898,0.5735162937918511,FALSE,FALSE
1982-01-08,Ross,0.600521624,-0.04970956681636773,0.04970956681636773,0.5735162937918511,FALSE,FALSE
1982-01-10,Ross,0.534678373,-0.07162270795219217,0.07162270795219217,0.5735162937918511,FALSE,FALSE
1982-01-12,Ross,0.49713735,-0.07269945713666431,0.07269945713666431,0.5735162937918511,FALSE,FALSE
1982-01-14,Ross,0.481647347,-0.05557343127497793,0.05557343127497793,0.5735162937918511,FALSE,FALSE
1982-01-16,Ross,0.472451994,-0.03350503560583368,0.03350503560583368,0.5735162937918511,FALSE,FALSE
1982-01-18,Ross,0.456022351,-0.01998189593807781,0.01998189593807781,0.5735162937918511,FALSE,FALSE
1982-01-20,Ross,0.477260189,0.02961423352976588,0.02961423352976588,0.5735162937918511,FALSE,FALSE
1982-01-22,Ross,0.445529407,0.02436372659917468,0.02436372659917468,0.5735162937918511,FALSE,FALSE
1982-01-24,Ross,0.41768122,0.02083427307162205,0.02083427307162205,0.5735162937918511,FALSE,FALSE
1982-01-26,Ross,0.360220302,-0.01475297825141347,0.01475297825141347,0.5735162937918511,FALSE,FALSE
1982-01-28,Ross,0.32554716,-0.03020366731451657,0.03020366731451657,0.5735162937918511,FALSE,FALSE
1982-01-30,Ross,0.300287461,-0.03869696607266348,0.03869696607266348,0.5735162937918511,FALSE,FALSE
1982-02-01,Ross,0.298943268,-0.02540594937766593,0.02540594937766593,0.5735162937918511,FALSE,FALSE
1982-02-03,Ross,0.297100286,-0.01441998511306202,0.01441998511306202,0.5735162937918511,FALSE,FALSE
1982-02-05,Ross,0.263558,-0.03661466116238587,0.03661466116238587,0.5735162937918511,FALSE,FALSE
1982-02-07,Ross,0.267194187,-0.02278727340917447,0.02278727340917447,0.5735162937918511,FALSE,FALSE
1982-02-09,Ross,0.26907272,-0.0115694488134212,0.0115694488134212,0.5735162937918511,FALSE,FALSE
1982-02-11,Ross,0.278918553,0.00678632607515145,0.00678632607515145,0.5735162937918511,FALSE,FALSE
1982-02-13,Ross,0.290694849,0.02606025602195677,0.02606025602195677,0.5735162937918511,FALSE,FALSE
1982-02-15,Ross,0.277678359,0.01934147185160856,0.01934147185160856,0.5735162937918511,FALSE,FALSE
1982-02-17,Ross,0.262991592,0.00956486238871406,0.00956486238871406,0.5735162937918511,FALSE,FALSE
1982-02-19,Ross,0.251386702,0.00129496145788621,0.00129496145788621,0.5735162937918511,FALSE,FALSE
1982-02-21,Ross,0.235377155,-0.01314065628144231,0.01314065628144231,0.5735162937918511,FALSE,FALSE
1982-02-23,Ross,0.234922533,-0.01386014477757349,0.01386014477757349,0.5735162937918511,FALSE,FALSE
1982-02-25,Ross,0.249097458,-0.00169638181433073,0.00169638181433073,0.5735162937918511,FALSE,FALSE
1982-02-27,Ross,0.254175663,-2.6818261513633646e-4,2.6818261513633646e-4,0.5735162937918511,FALSE,FALSE
1982-03-01,Ross,0.261088315,0.00146307159658976,0.00146307159658976,0.5735162937918511,FALSE,FALSE
1982-03-03,Ross,0.260493577,-0.00573700440257474,0.00573700440257474,0.5735162937918511,FALSE,FALSE
1982-03-05,Ross,0.259331353,-0.01482105603836631,0.01482105603836631,0.5735162937918511,FALSE,FALSE
1982-03-07,Ross,0.267516713,-0.01579902046322523,0.01579902046322523,0.5735162937918511,FALSE,FALSE
1982-03-09,Ross,0.283611579,-0.01015107038755358,0.01015107038755358,0.5735162937918511,FALSE,FALSE
1982-03-11,Ross,0.324582519,0.01902087423419002,0.01902087423419002,0.5735162937918511,FALSE,FALSE
1982-03-13,Ross,0.35478023400000003,0.03599902644754377,0.03599902644754377,0.5735162937918511,FALSE,FALSE
1982-03-15,Ross,0.35677118,0.02328135429805172,0.02328135429805172,0.5735162937918511,FALSE,FALSE
1982-03-17,Ross,0.356083678,0.00632769083125162,0.00632769083125162,0.5735162937918511,FALSE,FALSE
1982-03-19,Ross,0.383226359,0.01558282882335998,0.01558282882335998,0.5735162937918511,FALSE,FALSE
1982-03-21,Ross,0.415881986,0.02870734822077419,0.02870734822077419,0.5735162937918511,FALSE,FALSE
1982-03-23,Ross,0.449715081,0.04136554896595201,0.04136554896595201,0.5735162937918511,FALSE,FALSE
1982-03-25,Ross,0.448972059,0.01780382137819308,0.01780382137819308,0.5735162937918511,FALSE,FALSE
1982-03-27,Ross,0.490191918,0.03456113877680172,0.03456113877680172,0.5735162937918511,FALSE,FALSE
1982-03-29,Ross,0.519783022,0.03804584048107756,0.03804584048107756,0.5735162937918511,FALSE,FALSE
1982-03-31,Ross,0.575939281,0.06645052780834093,0.06645052780834093,0.5735162937918511,FALSE,FALSE
1982-04-01,Ross,0.889617491,0.3656262588411456,0.3656262588411456,0.5735162937918511,FALSE,FALSE
1982-04-02,Ross,0.612724969,0.07380000252124208,0.07380000252124208,0.5735162937918511,FALSE,FALSE
1982-04-04,Ross,0.675786947,0.10565797218427796,0.10565797218427796,0.5735162937918511,FALSE,FALSE
1982-04-06,Ross,0.717412184,0.11422585851937483,0.11422585851937483,0.5735162937918511,FALSE,FALSE
1982-04-08,Ross,0.746724045,0.10854147924845792,0.10854147924845792,0.5735162937918511,FALSE,FALSE
1982-04-10,Ross,0.772994335,0.09779109209345548,0.09779109209345548,0.5735162937918511,FALSE,FALSE
1982-04-12,Ross,0.789973321,0.07563971662465907,0.07563971662465907,0.5735162937918511,FALSE,FALSE
1982-04-14,Ross,0.795512211,0.03997582224138008,0.03997582224138008,0.5735162937918511,FALSE,FALSE
1982-04-16,Ross,0.842957651,0.04449363143265106,0.04449363143265106,0.5735162937918511,FALSE,FALSE
1982-04-18,Ross,0.88048403,0.03776350044257148,0.03776350044257148,0.5735162937918511,FALSE,FALSE
1982-04-20,Ross,0.870662588,-0.01724736348475986,0.01724736348475986,0.5735162937918511,FALSE,FALSE
1982-04-22,Ross,0.900376947,-0.03325937110523858,0.03325937110523858,0.5735162937918511,FALSE,FALSE
1982-04-24,Ross,0.915753279,-0.06375038317476756,0.06375038317476756,0.5735162937918511,FALSE,FALSE
1982-04-26,Ross,0.993896534,-0.03135575966923498,0.03135575966923498,0.5735162937918511,FALSE,FALSE
1982-04-28,Ross,1.004627682,-0.06682309207937376,0.06682309207937376,0.5735162937918511,FALSE,FALSE
1982-04-30,Ross,1.061399074,-0.05757979137504487,0.05757979137504487,0.5735162937918511,FALSE,FALSE
1982-05-01,Ross,1.750931188,0.6074145728446165,0.6074145728446165,0.5735162937918511,TRUE,FALSE
1982-05-02,Ross,1.176517486,0.00780059828238544,0.00780059828238544,0.5735162937918511,FALSE,FALSE
1982-05-04,Ross,1.222826545,0.00128138373156216,0.00128138373156216,0.5735162937918511,FALSE,FALSE
1982-05-06,Ross,1.24622205,-0.0321219561888757,0.0321219561888757,0.5735162937918511,FALSE,FALSE
1982-05-08,Ross,1.288692964,-0.05125087574705223,0.05125087574705223,0.5735162937918511,FALSE,FALSE
1982-05-10,Ross,1.414284222,0.00795595615849475,0.00795595615849475,0.5735162937918511,FALSE,FALSE
1982-05-12,Ross,1.450448784,-0.02632489745900756,0.02632489745900756,0.5735162937918511,FALSE,FALSE
1982-05-14,Ross,1.387596792,-0.16293799437435563,0.16293799437435563,0.5735162937918511,FALSE,FALSE
1982-05-16,Ross,1.418590749,-0.20827553136234211,0.20827553136234211,0.5735162937918511,FALSE,FALSE
1982-05-18,Ross,1.527094717,-0.17792814619776132,0.17792814619776132,0.5735162937918511,FALSE,FALSE
1982-05-20,Ross,1.719288735,-0.06497354420596246,0.06497354420596246,0.5735162937918511,FALSE,FALSE
1982-05-22,Ross,1.849294848,-0.01483644889090496,0.01483644889090496,0.5735162937918511,FALSE,FALSE
1982-05-24,Ross,1.906436804,-0.03826290124118192,0.03826290124118192,0.5735162937918511,FALSE,FALSE
1982-05-26,Ross,2.020108825,-0.00598353774271309,0.00598353774271309,0.5735162937918511,FALSE,FALSE
1982-05-28,Ross,2.093797778,-0.01463634988142548,0.01463634988142548,0.5735162937918511,FALSE,FALSE
1982-05-30,Ross,2.024984434,-0.16686542514324643,0.16686542514324643,0.5735162937918511,FALSE,FALSE
1982-06-01,Ross,2.101086873,-0.17537754201409994,0.17537754201409994,0.5735162937918511,FALSE,FALSE
1982-06-03,Ross,2.190305801,-0.17205755341674633,0.17205755341674633,0.5735162937918511,FALSE,FALSE
1982-06-05,Ross,2.334907808,-0.11455888364147215,0.11455888364147215,0.5735162937918511,FALSE,FALSE
1982-06-07,Ross,2.402884255,-0.13476660361969728,0.13476660361969728,0.5735162937918511,FALSE,FALSE
1982-06-09,Ross,2.476276262,-0.15051602507063055,0.15051602507063055,0.5735162937918511,FALSE,FALSE
1982-06-11,Ross,2.641133575,-0.07563383371349053,0.07563383371349053,0.5735162937918511,FALSE,FALSE
1982-06-13,Ross,2.717224023,-0.090228632267483,0.090228632267483,0.5735162937918511,FALSE,FALSE
1982-06-15,Ross,2.800596167,-0.09809830839813705,0.09809830839813705,0.5735162937918511,FALSE,FALSE
1982-06-17,Ross,2.900450748,-0.08956756745031713,0.08956756745031713,0.5735162937918511,FALSE,FALSE
1982-06-19,Ross,2.984876248,-0.09587864882672203,0.09587864882672203,0.5735162937918511,FALSE,FALSE
1982-06-21,Ross,3.062698895,-0.10753331372427376,0.10753331372427376,0.5735162937918511,FALSE,FALSE
1982-06-23,Ross,3.193610079,-0.06416816133990366,0.06416816133990366,0.5735162937918511,FALSE,FALSE
1982-06-25,Ross,3.345353839,0.00263285812946278,0.00263285812946278,0.5735162937918511,FALSE,FALSE
1982-06-27,Ross,3.447256824,0.02285334602514144,0.02285334602514144,0.5735162937918511,FALSE,FALSE
1982-06-29,Ross,3.605547325,0.10278104270840328,0.10278104270840328,0.5735162937918511,FALSE,FALSE
1982-07-01,Ross,3.720630388,0.1420971894160421,0.1420971894160421,0.5735162937918511,FALSE,FALSE
1982-07-03,Ross,3.786594856,0.1341137602319891,0.1341137602319891,0.5735162937918511,FALSE,FALSE
1982-07-05,Ross,3.827028729,0.10164188624017134,0.10164188624017134,0.5735162937918511,FALSE,FALSE
1982-07-07,Ross,3.888324252,0.09029694352452244,0.09029694352452244,0.5735162937918511,FALSE,FALSE
1982-07-09,Ross,3.972677988,0.10149893363839402,0.10149893363839402,0.5735162937918511,FALSE,FALSE
1982-07-11,Ross,4.023057886,0.07781116826599188,0.07781116826599188,0.5735162937918511,FALSE,FALSE
1982-07-13,Ross,4.101742052,0.08220114925665012,0.08220114925665012,0.5735162937918511,FALSE,FALSE
1982-07-15,Ross,4.197390705,0.1042186426698768,0.1042186426698768,0.5735162937918511,FALSE,FALSE
1982-07-17,Ross,4.26628385,0.10103320056516728,0.10103320056516728,0.5735162937918511,FALSE,FALSE
1982-07-19,Ross,4.277737389,0.04285027200201963,0.04285027200201963,0.5735162937918511,FALSE,FALSE
1982-07-21,Ross,4.328898977,0.02770705903993064,0.02770705903993064,0.5735162937918511,FALSE,FALSE
1982-07-23,Ross,4.409907031,0.04647266137921413,0.04647266137921413,0.5735162937918511,FALSE,FALSE
1982-07-25,Ross,4.472533865,0.05051419777073107,0.05051419777073107,0.5735162937918511,FALSE,FALSE
1982-07-27,Ross,4.54005482,0.06220729369601052,0.06220729369601052,0.5735162937918511,FALSE,FALSE
1982-07-29,Ross,4.559393031,0.02757333201211231,0.02757333201211231,0.5735162937918511,FALSE,FALSE
1982-07-31,Ross,4.548812312,-0.03602562542389975,0.03602562542389975,0.5735162937918511,FALSE,FALSE
1982-08-01,Ross,4.898779758,0.2875086291563784,0.2875086291563784,0.5735162937918511,FALSE,FALSE
1982-08-02,Ross,4.55276003,-0.08504396375497247,0.08504396375497247,0.5735162937918511,FALSE,FALSE
1982-08-04,Ross,4.642734864,-0.04884161359178574,0.04884161359178574,0.5735162937918511,FALSE,FALSE
1982-08-06,Ross,4.647123,-0.09897466394289278,0.09897466394289278,0.5735162937918511,FALSE,FALSE
1982-08-08,Ross,4.753838117,-0.0465956809270871,0.0465956809270871,0.5735162937918511,FALSE,FALSE
1982-08-10,Ross,4.769891372,-0.08372467618655755,0.08372467618655755,0.5735162937918511,FALSE,FALSE
1982-08-12,Ross,4.73415658,-0.1705190033634949,0.1705190033634949,0.5735162937918511,FALSE,FALSE
1982-08-14,Ross,4.832573795,-0.12006977710008826,0.12006977710008826,0.5735162937918511,FALSE,FALSE
1982-08-16,Ross,4.900423657,-0.09613150667373294,0.09613150667373294,0.5735162937918511,FALSE,FALSE
1982-08-18,Ross,4.923046252,-0.11303181398885263,0.11303181398885263,0.5735162937918511,FALSE,FALSE
1982-08-20,Ross,4.973640654,-0.09855877128903856,0.09855877128903856,0.5735162937918511,FALSE,FALSE
1982-08-22,Ross,4.995674155,-0.11039733768032443,0.11039733768032443,0.5735162937918511,FALSE,FALSE
1982-08-24,Ross,4.90140508,-0.2374414392687365,0.2374414392687365,0.5735162937918511,FALSE,FALSE
1982-08-26,Ross,4.880664087,-0.29101266916030877,0.29101266916030877,0.5735162937918511,FALSE,FALSE
1982-08-28,Ross,4.905260889,-0.30045356546106916,0.30045356546106916,0.5735162937918511,FALSE,FALSE
1982-08-30,Ross,4.980614092,-0.26122286586592214,0.26122286586592214,0.5735162937918511,FALSE,FALSE
1982-09-01,Ross,5.047010588,-0.2325578680983389,0.2325578680983389,0.5735162937918511,FALSE,FALSE
1982-09-03,Ross,5.128265183,-0.1897523195637758,0.1897523195637758,0.5735162937918511,FALSE,FALSE
1982-09-05,Ross,5.147565099,-0.20872743993373263,0.20872743993373263,0.5735162937918511,FALSE,FALSE
1982-09-07,Ross,5.065308903,-0.328193103879717,0.328193103879717,0.5735162937918511,FALSE,FALSE
1982-09-09,Ross,5.081196602,-0.3475577460732264,0.3475577460732264,0.5735162937918511,FALSE,FALSE
1982-09-11,Ross,5.097045116,-0.36415865407871895,0.36415865407871895,0.5735162937918511,FALSE,FALSE
1982-09-13,Ross,5.161291824,-0.32930424656130075,0.32930424656130075,0.5735162937918511,FALSE,FALSE
1982-09-15,Ross,5.246439679,-0.2706493678377706,0.2706493678377706,0.5735162937918511,FALSE,FALSE
1982-09-17,Ross,5.295643053,-0.24520581070434044,0.24520581070434044,0.5735162937918511,FALSE,FALSE
1982-09-19,Ross,5.278351642,-0.2836900439572254,0.2836900439572254,0.5735162937918511,FALSE,FALSE
1982-09-21,Ross,5.302873985,-0.2779596933926367,0.2779596933926367,0.5735162937918511,FALSE,FALSE
1982-09-23,Ross,5.315188233,-0.28220096306798137,0.28220096306798137,0.5735162937918511,FALSE,FALSE
1982-09-25,Ross,5.259193813,-0.35257866809964966,0.35257866809964966,0.5735162937918511,FALSE,FALSE
1982-09-27,Ross,5.241713177,-0.38218410796385616,0.38218410796385616,0.5735162937918511,FALSE,FALSE
1982-09-29,Ross,5.265634437,-0.36803050913835467,0.36803050913835467,0.5735162937918511,FALSE,FALSE
1982-10-01,Ross,5.288471761,-0.35250504210088973,0.35250504210088973,0.5735162937918511,FALSE,FALSE
1982-10-03,Ross,5.372233522,-0.27350067232921216,0.27350067232921216,0.5735162937918511,FALSE,FALSE
1982-10-05,Ross,5.436445231,-0.211393220182174,0.211393220182174,0.5735162937918511,FALSE,FALSE
1982-10-07,Ross,5.466932724,-0.1801983630528836,0.1801983630528836,0.5735162937918511,FALSE,FALSE
1982-10-09,Ross,5.481113474,-0.1621351706807479,0.1621351706807479,0.5735162937918511,FALSE,FALSE
1982-10-11,Ross,5.422079297,-0.21370450291024845,0.21370450291024845,0.5735162937918511,FALSE,FALSE
1982-10-13,Ross,5.371565042,-0.2527641865858694,0.2527641865858694,0.5735162937918511,FALSE,FALSE
1982-10-15,Ross,5.360990041,-0.24748756555209628,0.24748756555209628,0.5735162937918511,FALSE,FALSE
1982-10-17,Ross,5.369814749,-0.21800686065341957,0.21800686065341957,0.5735162937918511,FALSE,FALSE
1982-10-19,Ross,5.362661207,-0.199389506741646,0.199389506741646,0.5735162937918511,FALSE,FALSE
1982-10-21,Ross,5.37460033,-0.1570727829123717,0.1570727829123717,0.5735162937918511,FALSE,FALSE
1982-10-23,Ross,5.317214065,-0.18039460901961848,0.18039460901961848,0.5735162937918511,FALSE,FALSE
1982-10-25,Ross,5.273774738,-0.1870056440994663,0.1870056440994663,0.5735162937918511,FALSE,FALSE
1982-10-27,Ross,5.276362636,-0.14574858618799702,0.14574858618799702,0.5735162937918511,FALSE,FALSE
1982-10-29,Ross,5.216441416,-0.16608276332128646,0.16608276332128646,0.5735162937918511,FALSE,FALSE
1982-10-31,Ross,5.113452963,-0.22944919884975248,0.22944919884975248,0.5735162937918511,FALSE,FALSE
1982-11-01,Ross,4.659127123,-0.6639569183547591,0.6639569183547591,0.5735162937918511,TRUE,FALSE
1982-11-02,Ross,5.023162075,-0.27987588591771573,0.27987588591771573,0.5735162937918511,FALSE,FALSE
1982-11-04,Ross,5.002231923,-0.2592996832588863,0.2592996832588863,0.5735162937918511,FALSE,FALSE
1982-11-06,Ross,5.013042527,-0.2038799429560738,0.2038799429560738,0.5735162937918511,FALSE,FALSE
1982-11-08,Ross,4.890785112,-0.2769648120920891,0.2769648120920891,0.5735162937918511,FALSE,FALSE
1982-11-10,Ross,4.856889149,-0.25566419174974353,0.25566419174974353,0.5735162937918511,FALSE,FALSE
1982-11-12,Ross,4.801047952,-0.24882562093021132,0.24882562093021132,0.5735162937918511,FALSE,FALSE
1982-11-14,Ross,4.646992165,-0.3317190330848536,0.3317190330848536,0.5735162937918511,FALSE,FALSE
1982-11-16,Ross,4.464609991,-0.4345654892378627,0.4345654892378627,0.5735162937918511,FALSE,FALSE
1982-11-18,Ross,4.318623322,-0.4929161391373631,0.4929161391373631,0.5735162937918511,FALSE,FALSE
1982-11-20,Ross,4.196168935,-0.5199072475314752,0.5199072475314752,0.5735162937918511,FALSE,FALSE
1982-11-22,Ross,4.034536344,-0.5785223421683199,0.5785223421683199,0.5735162937918511,TRUE,TRUE
1982-11-24,Ross,3.77285934,-0.7299006737960241,0.7299006737960241,0.5735162937918511,TRUE,TRUE
1982-11-26,Ross,3.542649137,-0.8424918656888978,0.8424918656888978,0.5735162937918511,TRUE,TRUE
1982-11-28,Ross,3.320479287,-0.9378840692670738,0.9378840692670738,0.5735162937918511,TRUE,TRUE
1982-11-30,Ross,3.136370289,-0.9835753667044718,0.9835753667044718,0.5735162937918511,TRUE,TRUE
1982-12-01,Ross,1.815728476,-2.2298676134630906,2.2298676134630906,0.5735162937918511,TRUE,TRUE
1982-12-02,Ross,2.953119648,-1.014286026897767,1.014286026897767,0.5735162937918511,TRUE,TRUE
1982-12-04,Ross,2.748707063,-1.0495541247436306,1.0495541247436306,0.5735162937918511,TRUE,TRUE
1982-12-06,Ross,2.521432451,-1.088597517138735,1.088597517138735,0.5735162937918511,TRUE,TRUE
1982-12-08,Ross,2.236677878,-1.1638356312901026,1.1638356312901026,0.5735162937918511,TRUE,TRUE
1982-12-10,Ross,1.940493902,-1.2315055515814608,1.2315055515814608,0.5735162937918511,TRUE,TRUE
1982-12-12,Ross,1.752647579,-1.177708802869052,1.177708802869052,0.5735162937918511,TRUE,TRUE
1982-12-14,Ross,1.557037474,-1.1245151907441593,1.1245151907441593,0.5735162937918511,TRUE,TRUE
1982-12-16,Ross,1.422074569,-1.0094821037980657,1.0094821037980657,0.5735162937918511,TRUE,TRUE
1982-12-18,Ross,1.24884418,-0.9374925966220566,0.9374925966220566,0.5735162937918511,TRUE,TRUE
1982-12-20,Ross,1.030546273,-0.9212958996433562,0.9212958996433562,0.5735162937918511,TRUE,TRUE
1982-12-22,Ross,0.92493028,-0.807522005298046,0.807522005298046,0.5735162937918511,TRUE,TRUE
1982-12-24,Ross,0.849944136,-0.6798915009315252,0.6798915009315252,0.5735162937918511,TRUE,TRUE
1982-12-26,Ross,0.791214182,-0.5541775871113601,0.5541775871113601,0.5735162937918511,FALSE,FALSE
1982-12-28,Ross,0.745829621,-0.4346906024051175,0.4346906024051175,0.5735162937918511,FALSE,FALSE
1982-12-30,Ross,0.726187461,-0.31043308038036843,0.31043308038036843,0.5735162937918511,FALSE,FALSE
1983-01-01,Ross,0.693756095,-0.22133616960467503,0.22133616960467503,0.5735162937918511,FALSE,FALSE
1983-01-03,Ross,0.660133181,-0.15636460372627103,0.15636460372627103,0.5735162937918511,FALSE,FALSE
1983-01-05,Ross,0.656462444,-0.08158844971605483,0.08158844971605483,0.5735162937918511,FALSE,FALSE
1983-01-07,Ross,0.638600657,-0.03752757662558559,0.03752757662558559,0.5735162937918511,FALSE,FALSE
1983-01-09,Ross,0.593169185,-0.03393726150642096,0.03393726150642096,0.5735162937918511,FALSE,FALSE
1983-01-11,Ross,0.538097252,-0.04926492241012514,0.04926492241012514,0.5735162937918511,FALSE,FALSE
1983-01-13,Ross,0.52270831,-0.03056374938825556,0.03056374938825556,0.5735162937918511,FALSE,FALSE
1983-01-15,Ross,0.486310841,-0.03513191251513992,0.03513191251513992,0.5735162937918511,FALSE,FALSE
1983-01-17,Ross,0.458299361,-0.0324996861968746,0.0324996861968746,0.5735162937918511,FALSE,FALSE
1983-01-19,Ross,0.421683286,-0.03992478347925943,0.03992478347925943,0.5735162937918511,FALSE,FALSE
1983-01-21,Ross,0.411222434,-0.02293091156081767,0.02293091156081767,0.5735162937918511,FALSE,FALSE
1983-01-23,Ross,0.381802123,-0.02691627764007381,0.02691627764007381,0.5735162937918511,FALSE,FALSE
1983-01-25,Ross,0.333278339,-0.05230842091555271,0.05230842091555271,0.5735162937918511,FALSE,FALSE
1983-01-27,Ross,0.313468501,-0.05156626261440794,0.05156626261440794,0.5735162937918511,FALSE,FALSE
1983-01-29,Ross,0.303571908,-0.04350901243045368,0.04350901243045368,0.5735162937918511,FALSE,FALSE
1983-01-31,Ross,0.25149925,-0.07992148135158678,0.07992148135158678,0.5735162937918511,FALSE,FALSE
1983-02-01,Ross,0.170991314,-0.15335790337766592,0.15335790337766592,0.5735162937918511,FALSE,FALSE
1983-02-02,Ross,0.242699594,-0.07502967526134416,0.07502967526134416,0.5735162937918511,FALSE,FALSE
1983-02-04,Ross,0.224513271,-0.08116833604326176,0.08116833604326176,0.5735162937918511,FALSE,FALSE
1983-02-06,Ross,0.20422253,-0.09073028758087648,0.09073028758087648,0.5735162937918511,FALSE,FALSE
1983-02-08,Ross,0.200477445,-0.08474067893106155,0.08474067893106155,0.5735162937918511,FALSE,FALSE
1983-02-10,Ross,0.187643516,-0.0886288696373757,0.0886288696373757,0.5735162937918511,FALSE,FALSE
1983-02-12,Ross,0.177881859,-0.09036328619776254,0.09036328619776254,0.5735162937918511,FALSE,FALSE
1983-02-14,Ross,0.174652846,-0.08667117678761141,0.08667117678761141,0.5735162937918511,FALSE,FALSE
1983-02-16,Ross,0.167274343,-0.08842229558230968,0.08842229558230968,0.5735162937918511,FALSE,FALSE
1983-02-18,Ross,0.167194056,-0.08435655675724638,0.08435655675724638,0.5735162937918511,FALSE,FALSE
1983-02-20,Ross,0.140037865,-0.10903570048781194,0.10903570048781194,0.5735162937918511,FALSE,FALSE
1983-02-22,Ross,0.11679899,-0.13162625185089416,0.13162625185089416,0.5735162937918511,FALSE,FALSE
1983-02-24,Ross,0.132331153,-0.11724553458941007,0.11724553458941007,0.5735162937918511,FALSE,FALSE
1983-02-26,Ross,0.142490986,-0.10992971698026416,0.10992971698026416,0.5735162937918511,FALSE,FALSE
1983-02-28,Ross,0.136976373,-0.11987346324687562,0.11987346324687562,0.5735162937918511,FALSE,FALSE
1983-03-01,Ross,0.248144169,-0.01148107440341025,0.01148107440341025,0.5735162937918511,FALSE,FALSE
1983-03-02,Ross,0.12225803,-0.14049860561266692,0.14049860561266692,0.5735162937918511,FALSE,FALSE
1983-03-04,Ross,0.13408255,-0.1359510993010599,0.1359510993010599,0.5735162937918511,FALSE,FALSE
1983-03-06,Ross,0.14346006,-0.1351178428105167,0.1351178428105167,0.5735162937918511,FALSE,FALSE
1983-03-08,Ross,0.131109112,-0.1572653499908023,0.1572653499908023,0.5735162937918511,FALSE,FALSE
1983-03-10,Ross,0.13721238,-0.16227647664778697,0.16227647664778697,0.5735162937918511,FALSE,FALSE
1983-03-12,Ross,0.154512779,-0.157476795735931,0.157476795735931,0.5735162937918511,FALSE,FALSE
1983-03-14,Ross,0.180734058,-0.14521104620969125,0.14521104620969125,0.5735162937918511,FALSE,FALSE
1983-03-16,Ross,0.196194351,-0.14522958202353037,0.14522958202353037,0.5735162937918511,FALSE,FALSE
1983-03-18,Ross,0.251475168,-0.10701922065721824,0.10701922065721824,0.5735162937918511,FALSE,FALSE
1983-03-20,Ross,0.290448267,-0.08675534518894651,0.08675534518894651,0.5735162937918511,FALSE,FALSE
1983-03-22,Ross,0.287787354,-0.1097692560325636,0.1097692560325636,0.5735162937918511,FALSE,FALSE
1983-03-24,Ross,0.290217792,-0.1293356148687682,0.1293356148687682,0.5735162937918511,FALSE,FALSE
1983-03-26,Ross,0.311239102,-0.1319549253782557,0.1319549253782557,0.5735162937918511,FALSE,FALSE
1983-03-28,Ross,0.351323769,-0.11715472724172615,0.11715472724172615,0.5735162937918511,FALSE,FALSE
1983-03-30,Ross,0.378467889,-0.11693894913987651,0.11693894913987651,0.5735162937918511,FALSE,FALSE
1983-04-01,Ross,0.372258962,-0.15173227015885432,0.15173227015885432,0.5735162937918511,FALSE,FALSE
1983-04-03,Ross,0.40570946,-0.14859118956112632,0.14859118956112632,0.5735162937918511,FALSE,FALSE
1983-04-05,Ross,0.458316002,-0.12810463365230262,0.12810463365230262,0.5735162937918511,FALSE,FALSE
1983-04-07,Ross,0.492161073,-0.12827566471045282,0.12827566471045282,0.5735162937918511,FALSE,FALSE
1983-04-09,Ross,0.507053209,-0.1493812940136522,0.1493812940136522,0.5735162937918511,FALSE,FALSE
1983-04-11,Ross,0.54951434,-0.14498513883997666,0.14498513883997666,0.5735162937918511,FALSE,FALSE
1983-04-13,Ross,0.603434884,-0.13125975881104313,0.13125975881104313,0.5735162937918511,FALSE,FALSE
1983-04-15,Ross,0.611524642,-0.16528470431255893,0.16528470431255893,0.5735162937918511,FALSE,FALSE
1983-04-17,Ross,0.618466394,-0.2019845186174759,0.2019845186174759,0.5735162937918511,FALSE,FALSE
1983-04-19,Ross,0.643610982,-0.2216123924816932,0.2216123924816932,0.5735162937918511,FALSE,FALSE
1983-04-21,Ross,0.652892283,-0.2578384816611121,0.2578384816611121,0.5735162937918511,FALSE,FALSE
1983-04-23,Ross,0.675305329,-0.2812717869116289,0.2812717869116289,0.5735162937918511,FALSE,FALSE
1983-04-25,Ross,0.665965485,-0.33641107249581836,0.33641107249581836,0.5735162937918511,FALSE,FALSE
1983-04-27,Ross,0.696970705,-0.35126964752369827,0.35126964752369827,0.5735162937918511,FALSE,FALSE
1983-04-29,Ross,0.748406596,-0.34658700235643225,0.34658700235643225,0.5735162937918511,FALSE,FALSE
1983-05-01,Ross,0.801196597,-0.3423200181553835,0.3423200181553835,0.5735162937918511,FALSE,FALSE
1983-05-03,Ross,0.855262652,-0.33942707108190895,0.33942707108190895,0.5735162937918511,FALSE,FALSE
1983-05-05,Ross,0.834154774,-0.4152384682973703,0.4152384682973703,0.5735162937918511,FALSE,FALSE
1983-05-07,Ross,0.891128519,-0.41737888509134646,0.41737888509134646,0.5735162937918511,FALSE,FALSE
1983-05-09,Ross,1.007607997,-0.3649738508398215,0.3649738508398215,0.5735162937918511,FALSE,FALSE
1983-05-11,Ross,1.082082846,-0.3590070852239513,0.3590070852239513,0.5735162937918511,FALSE,FALSE
1983-05-13,Ross,1.144277681,-0.36900867301852713,0.36900867301852713,0.5735162937918511,FALSE,FALSE
1983-05-15,Ross,1.185674732,-0.4027510839983437,0.4027510839983437,0.5735162937918511,FALSE,FALSE
1983-05-17,Ross,1.227796341,-0.43796667593819705,0.43796667593819705,0.5735162937918511,FALSE,FALSE
1983-05-19,Ross,1.289994544,-0.45455811261288326,0.45455811261288326,0.5735162937918511,FALSE,FALSE
1983-05-21,Ross,1.327396871,-0.4967202968706377,0.4967202968706377,0.5735162937918511,FALSE,FALSE
1983-05-23,Ross,1.369621652,-0.5346986215775063,0.5346986215775063,0.5735162937918511,FALSE,FALSE
1983-05-25,Ross,1.420979821,-0.5643053781926708,0.5643053781926708,0.5735162937918511,FALSE,FALSE
1983-05-27,Ross,1.504415299,-0.5627215042020508,0.5627215042020508,0.5735162937918511,FALSE,FALSE
1983-05-29,Ross,1.613859285,-0.5361406590915776,0.5361406590915776,0.5735162937918511,FALSE,FALSE
1983-05-31,Ross,1.678578987,-0.5554204933471738,0.5554204933471738,0.5735162937918511,FALSE,FALSE
1983-06-01,Ross,2.739761708,0.4632972929859003,0.4632972929859003,0.5735162937918511,FALSE,FALSE
1983-06-02,Ross,1.679647925,-0.6396076870496923,0.6396076870496923,0.5735162937918511,TRUE,TRUE
1983-06-04,Ross,1.722553967,-0.6832182292923732,0.6832182292923732,0.5735162937918511,TRUE,TRUE
1983-06-06,Ross,1.814719623,-0.6787117714289452,0.6787117714289452,0.5735162937918511,TRUE,TRUE
1983-06-08,Ross,1.92109707,-0.6610125681786245,0.6610125681786245,0.5735162937918511,TRUE,TRUE
1983-06-10,Ross,1.97003058,-0.7016527792606198,0.7016527792606198,0.5735162937918511,TRUE,TRUE
1983-06-12,Ross,2.064864641,-0.6971643483941445,0.6971643483941445,0.5735162937918511,TRUE,TRUE
1983-06-14,Ross,2.27427827,-0.5787440667445902,0.5787440667445902,0.5735162937918511,TRUE,TRUE
1983-06-16,Ross,2.456325032,-0.4880627700835092,0.4880627700835092,0.5735162937918511,FALSE,FALSE
1983-06-18,Ross,2.549079111,-0.4864229031481857,0.4864229031481857,0.5735162937918511,FALSE,FALSE
1983-06-20,Ross,2.646767728,-0.47892523413554633,0.47892523413554633,0.5735162937918511,FALSE,FALSE
1983-06-22,Ross,2.776641148,-0.4376474872425216,0.4376474872425216,0.5735162937918511,FALSE,FALSE
1983-06-24,Ross,2.906747362,-0.39386966066603746,0.39386966066603746,0.5735162937918511,FALSE,FALSE
1983-06-26,Ross,2.933382069,-0.4506240446030194,0.4506240446030194,0.5735162937918511,FALSE,FALSE
1983-06-28,Ross,2.962024367,-0.5019335534435294,0.5019335534435294,0.5735162937918511,FALSE,FALSE
1983-06-30,Ross,3.026880829,-0.5140448431335707,0.5140448431335707,0.5735162937918511,FALSE,FALSE
1983-07-01,Ross,4.081692283,0.5031590844160418,0.5031590844160418,0.5735162937918511,FALSE,FALSE
1983-07-02,Ross,3.246352611,-0.36933335925726674,0.36933335925726674,0.5735162937918511,FALSE,FALSE
1983-07-04,Ross,3.426066853,-0.26294883073069464,0.26294883073069464,0.5735162937918511,FALSE,FALSE
1983-07-06,Ross,3.539496275,-0.22219540646992145,0.22219540646992145,0.5735162937918511,FALSE,FALSE
1983-07-08,Ross,3.583222162,-0.25126867039101564,0.25126867039101564,0.5735162937918511,FALSE,FALSE
1983-07-10,Ross,3.642442295,-0.2656866791519712,0.2656866791519712,0.5735162937918511,FALSE,FALSE
1983-07-12,Ross,3.707375313,-0.2750457787252807,0.2750457787252807,0.5735162937918511,FALSE,FALSE
1983-07-14,Ross,3.835702138,-0.22079281940577425,0.22079281940577425,0.5735162937918511,FALSE,FALSE
1983-07-16,Ross,3.909092016,-0.220369008133952,0.220369008133952,0.5735162937918511,FALSE,FALSE
1983-07-18,Ross,3.974897355,-0.22553238985031987,0.22553238985031987,0.5735162937918511,FALSE,FALSE
1983-07-20,Ross,4.052377051,-0.21613452149537785,0.21613452149537785,0.5735162937918511,FALSE,FALSE
1983-07-22,Ross,4.142115061,-0.1907108228217176,0.1907108228217176,0.5735162937918511,FALSE,FALSE
1983-07-24,Ross,4.159815713,-0.23331234475068283,0.23331234475068283,0.5735162937918511,FALSE,FALSE
1983-07-26,Ross,4.194523456,-0.25569846107441396,0.25569846107441396,0.5735162937918511,FALSE,FALSE
1983-07-28,Ross,4.288019821,-0.21698939293585973,0.21698939293585973,0.5735162937918511,FALSE,FALSE
1983-07-30,Ross,4.361492379,-0.19689932147794575,0.19689932147794575,0.5735162937918511,FALSE,FALSE
1983-08-01,Ross,4.447362706,-0.16390842284362162,0.16390842284362162,0.5735162937918511,FALSE,FALSE
1983-08-03,Ross,4.59395355,-0.07059569957794931,0.07059569957794931,0.5735162937918511,FALSE,FALSE
1983-08-05,Ross,4.677711633,-0.04108801735334033,0.04108801735334033,0.5735162937918511,FALSE,FALSE
1983-08-07,Ross,4.730676749,-0.04267266544071901,0.04267266544071901,0.5735162937918511,FALSE,FALSE
1983-08-09,Ross,4.746928375,-0.08030133548227258,0.08030133548227258,0.5735162937918511,FALSE,FALSE
1983-08-11,Ross,4.77266356,-0.1068081471202058,0.1068081471202058,0.5735162937918511,FALSE,FALSE
1983-08-13,Ross,4.788867821,-0.14023875199669433,0.14023875199669433,0.5735162937918511,FALSE,FALSE
1983-08-15,Ross,4.836583659,-0.1385818177539404,0.1385818177539404,0.5735162937918511,FALSE,FALSE
1983-08-17,Ross,4.828261896,-0.18855192740228688,0.18855192740228688,0.5735162937918511,FALSE,FALSE
1983-08-19,Ross,4.849743989,-0.2047479338216842,0.2047479338216842,0.5735162937918511,FALSE,FALSE
1983-08-21,Ross,4.900172119,-0.18917248577916632,0.18917248577916632,0.5735162937918511,FALSE,FALSE
1983-08-23,Ross,4.969736814,-0.15278730638076432,0.15278730638076432,0.5735162937918511,FALSE,FALSE
1983-08-25,Ross,5.058337934,-0.09684478673250307,0.09684478673250307,0.5735162937918511,FALSE,FALSE
1983-08-27,Ross,5.17920312,-0.00926953694041365,0.00926953694041365,0.5735162937918511,FALSE,FALSE
1983-08-29,Ross,5.177652492,-0.04586640931474761,0.04586640931474761,0.5735162937918511,FALSE,FALSE
1983-08-31,Ross,5.137750512,-0.1228067790574725,0.1228067790574725,0.5735162937918511,FALSE,FALSE
1983-09-01,Ross,5.441997278,0.16242882190166075,0.16242882190166075,0.5735162937918511,FALSE,FALSE
1983-09-02,Ross,5.160595958,-0.1381630501974609,0.1381630501974609,0.5735162937918511,FALSE,FALSE
1983-09-04,Ross,5.214414745,-0.12281774940622014,0.12281774940622014,0.5735162937918511,FALSE,FALSE
1983-09-06,Ross,5.332580067,-0.04250612435525269,0.04250612435525269,0.5735162937918511,FALSE,FALSE
1983-09-08,Ross,5.384550904,-0.02687763671606013,0.02687763671606013,0.5735162937918511,FALSE,FALSE
1983-09-10,Ross,5.416945628,-0.02842281876132002,0.02842281876132002,0.5735162937918511,FALSE,FALSE
1983-09-12,Ross,5.463180387,-0.01309233414553556,0.01309233414553556,0.5735162937918511,FALSE,FALSE
1983-09-14,Ross,5.500453599,-0.00374098992553495,0.00374098992553495,0.5735162937918511,FALSE,FALSE
1983-09-16,Ross,5.455232656,-0.07406755889753036,0.07406755889753036,0.5735162937918511,FALSE,FALSE
1983-09-18,Ross,5.486755044,-0.06500071985773115,0.06500071985773115,0.5735162937918511,FALSE,FALSE
1983-09-20,Ross,5.53182129,-0.03990611060235238,0.03990611060235238,0.5735162937918511,FALSE,FALSE
1983-09-22,Ross,5.444566997,-0.14481429292760772,0.14481429292760772,0.5735162937918511,FALSE,FALSE
1983-09-24,Ross,5.373042573,-0.23181440938460796,0.23181440938460796,0.5735162937918511,FALSE,FALSE
1983-09-26,Ross,5.300077449,-0.3180459105228257,0.3180459105228257,0.5735162937918511,FALSE,FALSE
1983-09-28,Ross,5.29040888,-0.3386730447324604,0.3386730447324604,0.5735162937918511,FALSE,FALSE
1983-09-30,Ross,5.332782309,-0.30485170749125867,0.30485170749125867,0.5735162937918511,FALSE,FALSE
1983-10-01,Ross,5.326511186,-0.3144656171008897,0.3144656171008897,0.5735162937918511,FALSE,FALSE
1983-10-02,Ross,5.360248732,-0.2834322412769694,0.2834322412769694,0.5735162937918511,FALSE,FALSE
1983-10-04,Ross,5.291077952,-0.3560461815673399,0.3560461815673399,0.5735162937918511,FALSE,FALSE
1983-10-06,Ross,5.23524161,-0.412614586138167,0.412614586138167,0.5735162937918511,FALSE,FALSE
1983-10-08,Ross,5.237831175,-0.4077810334068923,0.4077810334068923,0.5735162937918511,FALSE,FALSE
1983-10-10,Ross,5.272436921,-0.36755255935501285,0.36755255935501285,0.5735162937918511,FALSE,FALSE
1983-10-12,Ross,5.378327724,-0.25225296382701234,0.25225296382701234,0.5735162937918511,FALSE,FALSE
1983-10-14,Ross,5.443009793,-0.1739687136673771,0.1739687136673771,0.5735162937918511,FALSE,FALSE
1983-10-16,Ross,5.469801508,-0.12897410472059168,0.12897410472059168,0.5735162937918511,FALSE,FALSE
1983-10-18,Ross,5.404800408,-0.1707681090587032,0.1707681090587032,0.5735162937918511,FALSE,FALSE
1983-10-20,Ross,5.37493193,-0.17244852464969895,0.17244852464969895,0.5735162937918511,FALSE,FALSE
1983-10-22,Ross,5.228429385,-0.2866146766591742,0.2866146766591742,0.5735162937918511,FALSE,FALSE
1983-10-24,Ross,5.195009355,-0.28447296812321277,0.28447296812321277,0.5735162937918511,FALSE,FALSE
1983-10-26,Ross,5.186651752,-0.254966472077891,0.254966472077891,0.5735162937918511,FALSE,FALSE
1983-10-28,Ross,5.198822843,-0.20355190655929167,0.20355190655929167,0.5735162937918511,FALSE,FALSE
1983-10-30,Ross,5.198056255,-0.16461862960349105,0.16461862960349105,0.5735162937918511,FALSE,FALSE
1983-11-01,Ross,5.132281663,-0.1908023783547597,0.1908023783547597,0.5735162937918511,FALSE,FALSE
1983-11-03,Ross,5.123528747,-0.15905259504897362,0.15905259504897362,0.5735162937918511,FALSE,FALSE
1983-11-05,Ross,5.109372461,-0.13033371405780247,0.13033371405780247,0.5735162937918511,FALSE,FALSE
1983-11-07,Ross,5.08696371,-0.10603420246405104,0.10603420246405104,0.5735162937918511,FALSE,FALSE
1983-11-09,Ross,5.079206902,-0.06178902435053501,0.06178902435053501,0.5735162937918511,FALSE,FALSE
1983-11-11,Ross,5.060094957,-0.02214463180006287,0.02214463180006287,0.5735162937918511,FALSE,FALSE
1983-11-13,Ross,4.970078938,-0.04527718049199425,0.04527718049199425,0.5735162937918511,FALSE,FALSE
1983-11-15,Ross,4.913059532,-0.02691340992730495,0.02691340992730495,0.5735162937918511,FALSE,FALSE
1983-11-17,Ross,4.804415837,-0.05193710623504355,0.05193710623504355,0.5735162937918511,FALSE,FALSE
1983-11-19,Ross,4.727909546,-0.03685961816333361,0.03685961816333361,0.5735162937918511,FALSE,FALSE
1983-11-21,Ross,4.659974455,-0.00552019146029625,0.00552019146029625,0.5735162937918511,FALSE,FALSE
1983-11-23,Ross,4.625990778,0.06718834612594282,0.06718834612594282,0.5735162937918511,FALSE,FALSE
1983-11-25,Ross,4.53724761,0.0923071087456897,0.0923071087456897,0.5735162937918511,FALSE,FALSE
1983-11-27,Ross,4.446589114,0.12353706688587618,0.12353706688587618,0.5735162937918511,FALSE,FALSE
1983-11-29,Ross,4.367906326,0.17714167411517143,0.17714167411517143,0.5735162937918511,FALSE,FALSE
1983-12-01,Ross,4.29136348,0.24576739053690932,0.24576739053690932,0.5735162937918511,FALSE,FALSE
1983-12-03,Ross,4.197476721,0.31241258725441456,0.31241258725441456,0.5735162937918511,FALSE,FALSE
1983-12-05,Ross,4.009920691,0.3032341323710148,0.3032341323710148,0.5735162937918511,FALSE,FALSE
1983-12-07,Ross,3.878791295,0.3708092546667676,0.3708092546667676,0.5735162937918511,FALSE,FALSE
1983-12-09,Ross,3.726083799,0.43781316740179,0.43781316740179,0.5735162937918511,FALSE,FALSE
1983-12-11,Ross,3.441589352,0.3891433304362262,0.3891433304362262,0.5735162937918511,FALSE,FALSE
1983-12-13,Ross,3.194768988,0.3882924071787892,0.3882924071787892,0.5735162937918511,FALSE,FALSE
1983-12-15,Ross,2.941364431,0.38503375103819426,0.38503375103819426,0.5735162937918511,FALSE,FALSE
1983-12-17,Ross,2.62802326,0.320046570423155,0.320046570423155,0.5735162937918511,FALSE,FALSE
1983-12-19,Ross,2.064606886,-0.00277609425761138,0.00277609425761138,0.5735162937918511,FALSE,FALSE
1983-12-21,Ross,1.85529463,0.01515658455367452,0.01515658455367452,0.5735162937918511,FALSE,FALSE
1983-12-23,Ross,1.708306485,0.07934665010553599,0.07934665010553599,0.5735162937918511,FALSE,FALSE
1983-12-25,Ross,1.501105555,0.06585092089482569,0.06585092089482569,0.5735162937918511,FALSE,FALSE
1983-12-27,Ross,1.350354843,0.08993285835397269,0.08993285835397269,0.5735162937918511,FALSE,FALSE
1983-12-29,Ross,1.181210695,0.0753492669154161,0.0753492669154161,0.5735162937918511,FALSE,FALSE
1983-12-31,Ross,1.054969441,0.08199693501158334,0.08199693501158334,0.5735162937918511,FALSE,FALSE
1984-01-01,Ross,0.647151822,-0.2679404426046751,0.2679404426046751,0.5735162937918511,FALSE,FALSE
1984-01-02,Ross,0.935278124,0.07222800781482785,0.07222800781482785,0.5735162937918511,FALSE,FALSE
1984-01-04,Ross,0.864028012,0.08904566151558069,0.08904566151558069,0.5735162937918511,FALSE,FALSE
1984-01-06,Ross,0.800416874,0.09516637932237092,0.09516637932237092,0.5735162937918511,FALSE,FALSE
1984-01-08,Ross,0.716170357,0.06593916618363227,0.06593916618363227,0.5735162937918511,FALSE,FALSE
1984-01-10,Ross,0.648502274,0.04220119304780789,0.04220119304780789,0.5735162937918511,FALSE,FALSE
1984-01-12,Ross,0.651733752,0.08189694486333576,0.08189694486333576,0.5735162937918511,FALSE,FALSE
1984-01-14,Ross,0.649691651,0.1124708727250221,0.1124708727250221,0.5735162937918511,FALSE,FALSE
1984-01-16,Ross,0.611662562,0.10570553239416636,0.10570553239416636,0.5735162937918511,FALSE,FALSE
1984-01-18,Ross,0.605093679,0.1290894320619222,0.1290894320619222,0.5735162937918511,FALSE,FALSE
1984-01-20,Ross,0.601309801,0.15366384552976586,0.15366384552976586,0.5735162937918511,FALSE,FALSE
1984-01-22,Ross,0.556436357,0.13527067659917474,0.13527067659917474,0.5735162937918511,FALSE,FALSE
1984-01-24,Ross,0.558317128,0.16147018107162203,0.16147018107162203,0.5735162937918511,FALSE,FALSE
1984-01-26,Ross,0.543125757,0.16815247674858652,0.16815247674858652,0.5735162937918511,FALSE,FALSE
1984-01-28,Ross,0.513860004,0.1581091766854834,0.1581091766854834,0.5735162937918511,FALSE,FALSE
1984-01-30,Ross,0.505345755,0.16636132792733654,0.16636132792733654,0.5735162937918511,FALSE,FALSE
1984-02-01,Ross,0.480836856,0.15648763862233406,0.15648763862233406,0.5735162937918511,FALSE,FALSE
1984-02-03,Ross,0.463124327,0.15160405588693798,0.15160405588693798,0.5735162937918511,FALSE,FALSE
1984-02-05,Ross,0.450277055,0.1501043938376141,0.1501043938376141,0.5735162937918511,FALSE,FALSE
1984-02-07,Ross,0.434868323,0.1448868625908255,0.1448868625908255,0.5735162937918511,FALSE,FALSE
1984-02-09,Ross,0.395595201,0.11495303218657882,0.11495303218657882,0.5735162937918511,FALSE,FALSE
1984-02-11,Ross,0.345778489,0.07364626207515146,0.07364626207515146,0.5735162937918511,FALSE,FALSE
1984-02-13,Ross,0.343910038,0.07927544502195677,0.07927544502195677,0.5735162937918511,FALSE,FALSE
1984-02-15,Ross,0.353213354,0.09487646685160855,0.09487646685160855,0.5735162937918511,FALSE,FALSE
1984-02-17,Ross,0.344744047,0.09131731738871408,0.09131731738871408,0.5735162937918511,FALSE,FALSE
1984-02-19,Ross,0.346097938,0.0960061974578862,0.0960061974578862,0.5735162937918511,FALSE,FALSE
1984-02-21,Ross,0.343660281,0.09514246971855768,0.09514246971855768,0.5735162937918511,FALSE,FALSE
1984-02-23,Ross,0.333505638,0.08472296022242651,0.08472296022242651,0.5735162937918511,FALSE,FALSE
1984-02-25,Ross,0.348110387,0.09731654718566927,0.09731654718566927,0.5735162937918511,FALSE,FALSE
1984-02-27,Ross,0.322675482,0.06823163638486368,0.06823163638486368,0.5735162937918511,FALSE,FALSE
1984-03-01,Ross,0.467409533,0.20465289738733303,0.20465289738733303,0.5735162937918511,FALSE,FALSE
1984-03-02,Ross,0.325775115,0.05954453359742528,0.05954453359742528,0.5735162937918511,FALSE,FALSE
1984-03-04,Ross,0.366659285,0.0925068759616337,0.0925068759616337,0.5735162937918511,FALSE,FALSE
1984-03-06,Ross,0.397679916,0.11436418253677476,0.11436418253677476,0.5735162937918511,FALSE,FALSE
1984-03-08,Ross,0.393877561,0.1001149116124464,0.1001149116124464,0.5735162937918511,FALSE,FALSE
1984-03-10,Ross,0.375902138,0.07034049323419,0.07034049323419,0.5735162937918511,FALSE,FALSE
1984-03-12,Ross,0.391628102,0.07284689444754372,0.07284689444754372,0.5735162937918511,FALSE,FALSE
1984-03-14,Ross,0.418360849,0.08487102329805168,0.08487102329805168,0.5735162937918511,FALSE,FALSE
1984-03-16,Ross,0.427648839,0.07789285183125161,0.07789285183125161,0.5735162937918511,FALSE,FALSE
1984-03-18,Ross,0.45357902,0.08593548982335997,0.08593548982335997,0.5735162937918511,FALSE,FALSE
1984-03-20,Ross,0.489884988,0.10271035022077424,0.10271035022077424,0.5735162937918511,FALSE,FALSE
1984-03-22,Ross,0.531966568,0.12361703596595196,0.12361703596595196,0.5735162937918511,FALSE,FALSE
1984-03-24,Ross,0.536159098,0.10499086037819304,0.10499086037819304,0.5735162937918511,FALSE,FALSE
1984-03-26,Ross,0.514101955,0.05847117577680172,0.05847117577680172,0.5735162937918511,FALSE,FALSE
1984-03-28,Ross,0.54720308,0.06546589848107748,0.06546589848107748,0.5735162937918511,FALSE,FALSE
1984-03-30,Ross,0.580256776,0.07076802280834094,0.07076802280834094,0.5735162937918511,FALSE,FALSE
1984-04-01,Ross,0.62873081,0.0898058435212421,0.0898058435212421,0.5735162937918511,FALSE,FALSE
1984-04-03,Ross,0.656308057,0.08617908218427794,0.08617908218427794,0.5735162937918511,FALSE,FALSE
1984-04-05,Ross,0.705190402,0.10200407651937492,0.10200407651937492,0.5735162937918511,FALSE,FALSE
1984-04-07,Ross,0.745096598,0.10691403224845795,0.10691403224845795,0.5735162937918511,FALSE,FALSE
1984-04-09,Ross,0.796343519,0.12114027609345546,0.12114027609345546,0.5735162937918511,FALSE,FALSE
1984-04-11,Ross,0.798185193,0.08385158862465913,0.08385158862465913,0.5735162937918511,FALSE,FALSE
1984-04-13,Ross,0.818714655,0.06317826624138001,0.06317826624138001,0.5735162937918511,FALSE,FALSE
1984-04-15,Ross,0.825742296,0.02727827643265112,0.02727827643265112,0.5735162937918511,FALSE,FALSE
1984-04-17,Ross,0.841405866,-0.00131466355742848,0.00131466355742848,0.5735162937918511,FALSE,FALSE
1984-04-19,Ross,0.860765008,-0.02714494348475982,0.02714494348475982,0.5735162937918511,FALSE,FALSE
1984-04-21,Ross,0.903510332,-0.03012598610523864,0.03012598610523864,0.5735162937918511,FALSE,FALSE
1984-04-23,Ross,0.94601614,-0.03348752217476758,0.03348752217476758,0.5735162937918511,FALSE,FALSE
1984-04-25,Ross,0.988360121,-0.03689217266923494,0.03689217266923494,0.5735162937918511,FALSE,FALSE
1984-04-27,Ross,1.053957497,-0.01749327707937364,0.01749327707937364,0.5735162937918511,FALSE,FALSE
1984-04-29,Ross,1.06092295,-0.05805591537504506,0.05805591537504506,0.5735162937918511,FALSE,FALSE
1984-05-01,Ross,1.071504092,-0.09721279571761454,0.09721279571761454,0.5735162937918511,FALSE,FALSE
1984-05-03,Ross,1.094272446,-0.12727271526843786,0.12727271526843786,0.5735162937918511,FALSE,FALSE
1984-05-05,Ross,1.136787238,-0.14155676818887586,0.14155676818887586,0.5735162937918511,FALSE,FALSE
1984-05-07,Ross,1.132983105,-0.20696073474705212,0.20696073474705212,0.5735162937918511,FALSE,FALSE
1984-05-09,Ross,1.108431543,-0.29789672284150526,0.29789672284150526,0.5735162937918511,FALSE,FALSE
1984-05-11,Ross,1.167845714,-0.3089279674590075,0.3089279674590075,0.5735162937918511,FALSE,FALSE
1984-05-13,Ross,1.21652391,-0.33401087637435567,0.33401087637435567,0.5735162937918511,FALSE,FALSE
1984-05-15,Ross,1.258461137,-0.3684051433623421,0.3684051433623421,0.5735162937918511,FALSE,FALSE
1984-05-17,Ross,1.295559281,-0.4094635821977613,0.4094635821977613,0.5735162937918511,FALSE,FALSE
1984-05-19,Ross,1.336427793,-0.4478344862059625,0.4478344862059625,0.5735162937918511,FALSE,FALSE
1984-05-21,Ross,1.378323083,-0.485808213890905,0.485808213890905,0.5735162937918511,FALSE,FALSE
1984-05-23,Ross,1.456844105,-0.4878556002411818,0.4878556002411818,0.5735162937918511,FALSE,FALSE
1984-05-25,Ross,1.526419551,-0.49967281174271294,0.49967281174271294,0.5735162937918511,FALSE,FALSE
1984-05-27,Ross,1.595171311,-0.5132628168814253,0.5132628168814253,0.5735162937918511,FALSE,FALSE
1984-05-29,Ross,1.670797194,-0.5210526651432463,0.5210526651432463,0.5735162937918511,FALSE,FALSE
1984-05-31,Ross,1.799991834,-0.4764725810140997,0.4764725810140997,0.5735162937918511,FALSE,FALSE
1984-06-01,Ross,3.027714336,0.7084587239503075,0.7084587239503075,0.5735162937918511,TRUE,FALSE
1984-06-02,Ross,1.863424501,-0.4989388534167465,0.4989388534167465,0.5735162937918511,FALSE,FALSE
1984-06-04,Ross,1.898994673,-0.5504720186414722,0.5504720186414722,0.5735162937918511,FALSE,FALSE
1984-06-06,Ross,1.950906338,-0.5867445206196973,0.5867445206196973,0.5735162937918511,TRUE,FALSE
1984-06-08,Ross,2.048008175,-0.5787841120706303,0.5787841120706303,0.5735162937918511,TRUE,FALSE
1984-06-10,Ross,2.204392954,-0.5123744547134907,0.5123744547134907,0.5735162937918511,FALSE,FALSE
1984-06-12,Ross,2.342676538,-0.4647761172674829,0.4647761172674829,0.5735162937918511,FALSE,FALSE
1984-06-14,Ross,2.431172494,-0.46752198139813705,0.46752198139813705,0.5735162937918511,FALSE,FALSE
1984-06-16,Ross,2.552582462,-0.4374358534503169,0.4374358534503169,0.5735162937918511,FALSE,FALSE
1984-06-18,Ross,2.674900024,-0.40585487282672217,0.40585487282672217,0.5735162937918511,FALSE,FALSE
1984-06-20,Ross,2.874856912,-0.295375296724274,0.295375296724274,0.5735162937918511,FALSE,FALSE
1984-06-22,Ross,2.94423691,-0.3135413303399037,0.3135413303399037,0.5735162937918511,FALSE,FALSE
1984-06-24,Ross,3.12687794,-0.2158430408705372,0.2158430408705372,0.5735162937918511,FALSE,FALSE
1984-06-26,Ross,3.215612176,-0.20879130197485865,0.20879130197485865,0.5735162937918511,FALSE,FALSE
1984-06-28,Ross,3.34263076,-0.16013552229159655,0.16013552229159655,0.5735162937918511,FALSE,FALSE
1984-06-30,Ross,3.461221718,-0.1173114805839579,0.1173114805839579,0.5735162937918511,FALSE,FALSE
1984-07-01,Ross,4.267593766,0.6519077957427335,0.6519077957427335,0.5735162937918511,TRUE,FALSE
1984-07-02,Ross,3.566398618,-0.0860824777680107,0.0860824777680107,0.5735162937918511,FALSE,FALSE
1984-07-04,Ross,3.700428027,-0.02495881575982839,0.02495881575982839,0.5735162937918511,FALSE,FALSE
1984-07-06,Ross,3.845321165,0.04729385652452267,0.04729385652452267,0.5735162937918511,FALSE,FALSE
1984-07-08,Ross,3.889047356,0.01786830163839381,0.01786830163839381,0.5735162937918511,FALSE,FALSE
1984-07-10,Ross,3.992744256,0.04749753826599168,0.04749753826599168,0.5735162937918511,FALSE,FALSE
1984-07-12,Ross,4.1436166740000004,0.12407577125665092,0.12407577125665092,0.5735162937918511,FALSE,FALSE
1984-07-14,Ross,4.129701701,0.03652963866987679,0.03652963866987679,0.5735162937918511,FALSE,FALSE
1984-07-16,Ross,4.110760918,-0.05448973143483204,0.05448973143483204,0.5735162937918511,FALSE,FALSE
1984-07-18,Ross,4.124474508,-0.11041260899798112,0.11041260899798112,0.5735162937918511,FALSE,FALSE
1984-07-20,Ross,4.157244318,-0.143947599960069,0.143947599960069,0.5735162937918511,FALSE,FALSE
1984-07-22,Ross,4.199934704,-0.16349966562078588,0.16349966562078588,0.5735162937918511,FALSE,FALSE
1984-07-24,Ross,4.351444615,-0.07057505222926874,0.07057505222926874,0.5735162937918511,FALSE,FALSE
1984-07-26,Ross,4.480855652,0.00300812569601038,0.00300812569601038,0.5735162937918511,FALSE,FALSE
1984-07-28,Ross,4.559372886,0.02755318701211262,0.02755318701211262,0.5735162937918511,FALSE,FALSE
1984-07-30,Ross,4.582845194,-0.00199274342389976,0.00199274342389976,0.5735162937918511,FALSE,FALSE
1984-08-01,Ross,4.614845153,-0.02295884075497234,0.02295884075497234,0.5735162937918511,FALSE,FALSE
1984-08-03,Ross,4.685448392,-0.00612808559178645,0.00612808559178645,0.5735162937918511,FALSE,FALSE
1984-08-05,Ross,4.71048455,-0.03561311394289213,0.03561311394289213,0.5735162937918511,FALSE,FALSE
1984-08-07,Ross,4.710553823,-0.08987997492708732,0.08987997492708732,0.5735162937918511,FALSE,FALSE
1984-08-09,Ross,4.768590617,-0.08502543118655748,0.08502543118655748,0.5735162937918511,FALSE,FALSE
1984-08-11,Ross,4.780113554,-0.1245620293634948,0.1245620293634948,0.5735162937918511,FALSE,FALSE
1984-08-13,Ross,4.790109546,-0.16253402610008827,0.16253402610008827,0.5735162937918511,FALSE,FALSE
1984-08-15,Ross,4.930178237,-0.0663769266737333,0.0663769266737333,0.5735162937918511,FALSE,FALSE
1984-08-17,Ross,5.04354014,0.00746207401114773,0.00746207401114773,0.5735162937918511,FALSE,FALSE
1984-08-19,Ross,5.109239258,0.03703983271096067,0.03703983271096067,0.5735162937918511,FALSE,FALSE
1984-08-21,Ross,5.136357141,0.03028564831967628,0.03028564831967628,0.5735162937918511,FALSE,FALSE
1984-08-23,Ross,5.148380744,0.0095342247312633,0.0095342247312633,0.5735162937918511,FALSE,FALSE
1984-08-25,Ross,5.147588218,-0.02408853816030909,0.02408853816030909,0.5735162937918511,FALSE,FALSE
1984-08-27,Ross,5.248946967,0.04323251253893101,0.04323251253893101,0.5735162937918511,FALSE,FALSE
1984-08-29,Ross,5.210729892,-0.03110706586592204,0.03110706586592204,0.5735162937918511,FALSE,FALSE
1984-08-31,Ross,5.210216943,-0.06935151309833909,0.06935151309833909,0.5735162937918511,FALSE,FALSE
1984-09-01,Ross,5.522910623,0.22415161480253865,0.22415161480253865,0.5735162937918511,FALSE,FALSE
1984-09-02,Ross,5.282804489,-0.0352130135637756,0.0352130135637756,0.5735162937918511,FALSE,FALSE
1984-09-04,Ross,5.288272167,-0.06802037193373334,0.06802037193373334,0.5735162937918511,FALSE,FALSE
1984-09-06,Ross,5.263582925,-0.12991908187971735,0.12991908187971735,0.5735162937918511,FALSE,FALSE
1984-09-08,Ross,5.26824788,-0.1605064680732271,0.1605064680732271,0.5735162937918511,FALSE,FALSE
1984-09-10,Ross,5.280458527,-0.1807452430787189,0.1807452430787189,0.5735162937918511,FALSE,FALSE
1984-09-12,Ross,5.184181075,-0.30641499556130114,0.30641499556130114,0.5735162937918511,FALSE,FALSE
1984-09-14,Ross,5.260456584,-0.2566324628377705,0.2566324628377705,0.5735162937918511,FALSE,FALSE
1984-09-16,Ross,5.334230523,-0.20661834070434093,0.20661834070434093,0.5735162937918511,FALSE,FALSE
1984-09-18,Ross,5.426410005,-0.1356316809572249,0.1356316809572249,0.5735162937918511,FALSE,FALSE
1984-09-20,Ross,5.485152669,-0.0956810093926368,0.0956810093926368,0.5735162937918511,FALSE,FALSE
1984-09-22,Ross,5.561399121,-0.03599007506798113,0.03599007506798113,0.5735162937918511,FALSE,FALSE
1984-09-24,Ross,5.608461407,-0.00331107409965003,0.00331107409965003,0.5735162937918511,FALSE,FALSE
1984-09-26,Ross,5.623959698,6.241303614373805e-5,6.241303614373805e-5,0.5735162937918511,FALSE,FALSE
1984-09-28,Ross,5.601183724,-0.03248122213835458,0.03248122213835458,0.5735162937918511,FALSE,FALSE
1984-09-30,Ross,5.598481626,-0.04249517710089012,0.04249517710089012,0.5735162937918511,FALSE,FALSE
1984-10-01,Ross,5.520264902,-0.12341607127696896,0.12341607127696896,0.5735162937918511,FALSE,FALSE
1984-10-02,Ross,5.635801733,-0.00993246132921221,0.00993246132921221,0.5735162937918511,FALSE,FALSE
1984-10-04,Ross,5.653626346,0.00578789481782582,0.00578789481782582,0.5735162937918511,FALSE,FALSE
1984-10-06,Ross,5.631370191,-0.01576089605288366,0.01576089605288366,0.5735162937918511,FALSE,FALSE
1984-10-08,Ross,5.538692363,-0.10455628168074772,0.10455628168074772,0.5735162937918511,FALSE,FALSE
1984-10-10,Ross,5.416705814,-0.21907798591024807,0.21907798591024807,0.5735162937918511,FALSE,FALSE
1984-10-12,Ross,5.394349425,-0.22997980358587,0.22997980358587,0.5735162937918511,FALSE,FALSE
1984-10-14,Ross,5.382913832,-0.2255637745520964,0.2255637745520964,0.5735162937918511,FALSE,FALSE
1984-10-16,Ross,5.318975722,-0.268845887653419,0.268845887653419,0.5735162937918511,FALSE,FALSE
1984-10-18,Ross,5.287947795,-0.2741029187416464,0.2741029187416464,0.5735162937918511,FALSE,FALSE
1984-10-20,Ross,5.261768251,-0.2699048619123712,0.2699048619123712,0.5735162937918511,FALSE,FALSE
1984-10-22,Ross,5.237068993,-0.2605396810196181,0.2605396810196181,0.5735162937918511,FALSE,FALSE
1984-10-24,Ross,5.240061566,-0.2207188160994669,0.2207188160994669,0.5735162937918511,FALSE,FALSE
1984-10-26,Ross,5.320523879,-0.10158734318799743,0.10158734318799743,0.5735162937918511,FALSE,FALSE
1984-10-28,Ross,5.427120437,0.04459625767871333,0.04459625767871333,0.5735162937918511,FALSE,FALSE
1984-10-30,Ross,5.521980345,0.17907818315024748,0.17907818315024748,0.5735162937918511,FALSE,FALSE
1984-11-01,Ross,5.571061066,0.26802310508228455,0.26802310508228455,0.5735162937918511,FALSE,FALSE
1984-11-03,Ross,5.56967253,0.3081409237411137,0.3081409237411137,0.5735162937918511,FALSE,FALSE
1984-11-05,Ross,5.562424453,0.34550198304392676,0.34550198304392676,0.5735162937918511,FALSE,FALSE
1984-11-07,Ross,5.513929131,0.3461792069079115,0.3461792069079115,0.5735162937918511,FALSE,FALSE
1984-11-09,Ross,5.432792196,0.3202388552502571,0.3202388552502571,0.5735162937918511,FALSE,FALSE
1984-11-11,Ross,5.367013311,0.31713973806978846,0.31713973806978846,0.5735162937918511,FALSE,FALSE
1984-11-13,Ross,5.252022,0.27331080191514623,0.27331080191514623,0.5735162937918511,FALSE,FALSE
1984-11-15,Ross,5.131370257,0.23219477676213796,0.23219477676213796,0.5735162937918511,FALSE,FALSE
1984-11-17,Ross,5.057019445,0.2454799838626371,0.2454799838626371,0.5735162937918511,FALSE,FALSE
1984-11-19,Ross,4.961070802,0.24499461946852463,0.24499461946852463,0.5735162937918511,FALSE,FALSE
1984-11-21,Ross,4.843386504,0.2303278178316797,0.2303278178316797,0.5735162937918511,FALSE,FALSE
1984-11-23,Ross,4.697818959,0.19505894520397593,0.19505894520397593,0.5735162937918511,FALSE,FALSE
1984-11-25,Ross,4.610529103,0.22538810031110224,0.22538810031110224,0.5735162937918511,FALSE,FALSE
1984-11-27,Ross,4.44111941,0.18275605373292603,0.18275605373292603,0.5735162937918511,FALSE,FALSE
1984-11-29,Ross,4.352390762,0.23244510629552817,0.23244510629552817,0.5735162937918511,FALSE,FALSE
1984-12-01,Ross,4.28424754,0.3168418651022331,0.3168418651022331,0.5735162937918511,FALSE,FALSE
1984-12-03,Ross,4.11313674,0.3148755522563693,0.3148755522563693,0.5735162937918511,FALSE,FALSE
1984-12-05,Ross,3.905494405,0.2954644368612649,0.2954644368612649,0.5735162937918511,FALSE,FALSE
1984-12-07,Ross,3.604006971,0.20349346170989735,0.20349346170989735,0.5735162937918511,FALSE,FALSE
1984-12-09,Ross,3.450099358,0.27809990441853927,0.27809990441853927,0.5735162937918511,FALSE,FALSE
1984-12-11,Ross,3.167283012,0.23692663013094784,0.23692663013094784,0.5735162937918511,FALSE,FALSE
1984-12-13,Ross,3.021032197,0.3394795322558406,0.3394795322558406,0.5735162937918511,FALSE,FALSE
1984-12-15,Ross,2.878428089,0.4468714162019341,0.4468714162019341,0.5735162937918511,FALSE,FALSE
1984-12-17,Ross,2.727184872,0.5408480953779433,0.5408480953779433,0.5735162937918511,FALSE,FALSE
1984-12-19,Ross,2.358937868,0.4070956953566438,0.4070956953566438,0.5735162937918511,FALSE,FALSE
1984-12-21,Ross,2.04201303,0.30956074470195416,0.30956074470195416,0.5735162937918511,FALSE,FALSE
1984-12-23,Ross,1.830631982,0.30079634506847497,0.30079634506847497,0.5735162937918511,FALSE,FALSE
1984-12-25,Ross,1.671612468,0.3262206988886398,0.3262206988886398,0.5735162937918511,FALSE,FALSE
1984-12-27,Ross,1.512602535,0.33208231159488255,0.33208231159488255,0.5735162937918511,FALSE,FALSE
1984-12-29,Ross,1.385823341,0.34920279961963163,0.34920279961963163,0.5735162937918511,FALSE,FALSE
1984-12-31,Ross,1.163034468,0.24794220339532447,0.24794220339532447,0.5735162937918511,FALSE,FALSE
1985-01-01,Ross,0.48812646,-0.4269658046046751,0.4269658046046751,0.5735162937918511,FALSE,FALSE
1985-01-02,Ross,1.038852446,0.1758023298148278,0.1758023298148278,0.5735162937918511,FALSE,FALSE
1985-01-04,Ross,0.932043068,0.1570607175155807,0.1570607175155807,0.5735162937918511,FALSE,FALSE
1985-01-06,Ross,0.817994206,0.11274371132237092,0.11274371132237092,0.5735162937918511,FALSE,FALSE
1985-01-08,Ross,0.669643834,0.01941264318363234,0.01941264318363234,0.5735162937918511,FALSE,FALSE
1985-01-10,Ross,0.530013111,-0.07628796995219211,0.07628796995219211,0.5735162937918511,FALSE,FALSE
1985-01-12,Ross,0.476402354,-0.09343445313666432,0.09343445313666432,0.5735162937918511,FALSE,FALSE
1985-01-14,Ross,0.440126672,-0.09709410627497794,0.09709410627497794,0.5735162937918511,FALSE,FALSE
1985-01-16,Ross,0.386315114,-0.11964191560583363,0.11964191560583363,0.5735162937918511,FALSE,FALSE
1985-01-18,Ross,0.358433578,-0.11757066893807784,0.11757066893807784,0.5735162937918511,FALSE,FALSE
1985-01-20,Ross,0.313849062,-0.1337968934702341,0.1337968934702341,0.5735162937918511,FALSE,FALSE
1985-01-22,Ross,0.297644686,-0.12352099440082533,0.12352099440082533,0.5735162937918511,FALSE,FALSE
1985-01-24,Ross,0.274746062,-0.12210088492837796,0.12210088492837796,0.5735162937918511,FALSE,FALSE
1985-01-26,Ross,0.249435836,-0.12553744425141347,0.12553744425141347,0.5735162937918511,FALSE,FALSE
1985-01-28,Ross,0.223405819,-0.13234500831451657,0.13234500831451657,0.5735162937918511,FALSE,FALSE
1985-01-30,Ross,0.201493947,-0.13749048007266346,0.13749048007266346,0.5735162937918511,FALSE,FALSE
1985-02-01,Ross,0.19222827,-0.13212094737766591,0.13212094737766591,0.5735162937918511,FALSE,FALSE
1985-02-03,Ross,0.165537806,-0.145982465113062,0.145982465113062,0.5735162937918511,FALSE,FALSE
1985-02-05,Ross,0.159296943,-0.1408757181623859,0.1408757181623859,0.5735162937918511,FALSE,FALSE
1985-02-07,Ross,0.140553834,-0.1494276264091745,0.1494276264091745,0.5735162937918511,FALSE,FALSE
1985-02-09,Ross,0.123176237,-0.1574659318134212,0.1574659318134212,0.5735162937918511,FALSE,FALSE
1985-02-11,Ross,0.115221611,-0.15691061592484856,0.15691061592484856,0.5735162937918511,FALSE,FALSE
1985-02-13,Ross,0.11590658399999999,-0.14872800897804322,0.14872800897804322,0.5735162937918511,FALSE,FALSE
1985-02-15,Ross,0.089365133,-0.16897175414839144,0.16897175414839144,0.5735162937918511,FALSE,FALSE
1985-02-17,Ross,0.060918218,-0.19250851161128593,0.19250851161128593,0.5735162937918511,FALSE,FALSE
1985-02-19,Ross,0.060223673,-0.1898680675421138,0.1898680675421138,0.5735162937918511,FALSE,FALSE
1985-02-21,Ross,0.070772618,-0.17774519328144234,0.17774519328144234,0.5735162937918511,FALSE,FALSE
1985-02-23,Ross,0.073917815,-0.1748648627775735,0.1748648627775735,0.5735162937918511,FALSE,FALSE
1985-02-25,Ross,0.06520736,-0.1855864798143307,0.1855864798143307,0.5735162937918511,FALSE,FALSE
1985-02-27,Ross,0.057626319,-0.19681752661513632,0.19681752661513632,0.5735162937918511,FALSE,FALSE
1985-03-01,Ross,0.058782625,-0.20084261840341025,0.20084261840341025,0.5735162937918511,FALSE,FALSE
1985-03-03,Ross,0.06861744,-0.19761314140257472,0.19761314140257472,0.5735162937918511,FALSE,FALSE
1985-03-05,Ross,0.074224438,-0.1999279710383663,0.1999279710383663,0.5735162937918511,FALSE,FALSE
1985-03-07,Ross,0.073666014,-0.20964971946322525,0.20964971946322525,0.5735162937918511,FALSE,FALSE
1985-03-09,Ross,0.112954118,-0.1808085313875536,0.1808085313875536,0.5735162937918511,FALSE,FALSE
1985-03-11,Ross,0.114164543,-0.19139710176581,0.19139710176581,0.5735162937918511,FALSE,FALSE
1985-03-13,Ross,0.103720201,-0.21506100655245625,0.21506100655245625,0.5735162937918511,FALSE,FALSE
1985-03-15,Ross,0.116600596,-0.2168892297019483,0.2168892297019483,0.5735162937918511,FALSE,FALSE
1985-03-17,Ross,0.128823014,-0.2209329731687484,0.2209329731687484,0.5735162937918511,FALSE,FALSE
1985-03-19,Ross,0.1307005,-0.23694303017664003,0.23694303017664003,0.5735162937918511,FALSE,FALSE
1985-03-21,Ross,0.13059718,-0.2565774577792258,0.2565774577792258,0.5735162937918511,FALSE,FALSE
1985-03-23,Ross,0.141688237,-0.266661295034048,0.266661295034048,0.5735162937918511,FALSE,FALSE
1985-03-25,Ross,0.173971873,-0.2571963646218069,0.2571963646218069,0.5735162937918511,FALSE,FALSE
1985-03-27,Ross,0.217439239,-0.23819154022319827,0.23819154022319827,0.5735162937918511,FALSE,FALSE
1985-03-29,Ross,0.236966609,-0.24477057251892248,0.24477057251892248,0.5735162937918511,FALSE,FALSE
1985-03-31,Ross,0.303231565,-0.2062571881916591,0.2062571881916591,0.5735162937918511,FALSE,FALSE
1985-04-01,Ross,0.726707603,0.2027163708411457,0.2027163708411457,0.5735162937918511,FALSE,FALSE
1985-04-02,Ross,0.375371106,-0.16355386047875786,0.16355386047875786,0.5735162937918511,FALSE,FALSE
1985-04-04,Ross,0.403161317,-0.16696765781572198,0.16696765781572198,0.5735162937918511,FALSE,FALSE
1985-04-06,Ross,0.461157296,-0.14202902948062512,0.14202902948062512,0.5735162937918511,FALSE,FALSE
1985-04-08,Ross,0.470211637,-0.16797092875154207,0.16797092875154207,0.5735162937918511,FALSE,FALSE
1985-04-10,Ross,0.446955091,-0.22824815190654452,0.22824815190654452,0.5735162937918511,FALSE,FALSE
1985-04-12,Ross,0.46893271,-0.2454008943753409,0.2454008943753409,0.5735162937918511,FALSE,FALSE
1985-04-14,Ross,0.524881451,-0.2306549377586199,0.2306549377586199,0.5735162937918511,FALSE,FALSE
1985-04-16,Ross,0.61889294,-0.17957107956734897,0.17957107956734897,0.5735162937918511,FALSE,FALSE
1985-04-18,Ross,0.66910173,-0.17361879955742854,0.17361879955742854,0.5735162937918511,FALSE,FALSE
1985-04-20,Ross,0.718727956,-0.16918199548475987,0.16918199548475987,0.5735162937918511,FALSE,FALSE
1985-04-22,Ross,0.797660355,-0.13597596310523863,0.13597596310523863,0.5735162937918511,FALSE,FALSE
1985-04-24,Ross,0.863162364,-0.11634129817476756,0.11634129817476756,0.5735162937918511,FALSE,FALSE
1985-04-26,Ross,0.868932077,-0.156320216669235,0.156320216669235,0.5735162937918511,FALSE,FALSE
1985-04-28,Ross,0.880175471,-0.19127530307937368,0.19127530307937368,0.5735162937918511,FALSE,FALSE
1985-04-30,Ross,0.902550886,-0.216427979375045,0.216427979375045,0.5735162937918511,FALSE,FALSE
1985-05-01,Ross,1.991345796,0.8478291808446166,0.8478291808446166,0.5735162937918511,TRUE,FALSE
1985-05-02,Ross,0.941872305,-0.22684458271761465,0.22684458271761465,0.5735162937918511,FALSE,FALSE
1985-05-04,Ross,1.004966953,-0.21657820826843777,0.21657820826843777,0.5735162937918511,FALSE,FALSE
1985-05-06,Ross,1.077580005,-0.20076400118887583,0.20076400118887583,0.5735162937918511,FALSE,FALSE
1985-05-08,Ross,1.18605238,-0.1538914597470522,0.1538914597470522,0.5735162937918511,FALSE,FALSE
1985-05-10,Ross,1.317716852,-0.08861141384150528,0.08861141384150528,0.5735162937918511,FALSE,FALSE
1985-05-12,Ross,1.421665479,-0.05510820245900749,0.05510820245900749,0.5735162937918511,FALSE,FALSE
1985-05-14,Ross,1.497115541,-0.0534192453743556,0.0534192453743556,0.5735162937918511,FALSE,FALSE
1985-05-16,Ross,1.675299583,0.04843330263765777,0.04843330263765777,0.5735162937918511,FALSE,FALSE
1985-05-18,Ross,1.827136252,0.12211338880223876,0.12211338880223876,0.5735162937918511,FALSE,FALSE
1985-05-20,Ross,1.961065527,0.17680324779403755,0.17680324779403755,0.5735162937918511,FALSE,FALSE
1985-05-22,Ross,2.060604949,0.19647365210909504,0.19647365210909504,0.5735162937918511,FALSE,FALSE
1985-05-24,Ross,2.103025734,0.15832602875881818,0.15832602875881818,0.5735162937918511,FALSE,FALSE
1985-05-26,Ross,2.139778017,0.11368565425728684,0.11368565425728684,0.5735162937918511,FALSE,FALSE
1985-05-28,Ross,2.188246475,0.07981234711857477,0.07981234711857477,0.5735162937918511,FALSE,FALSE
1985-05-30,Ross,2.296532786,0.10468292685675396,0.10468292685675396,0.5735162937918511,FALSE,FALSE
1985-06-01,Ross,2.325210852,0.04874643698590031,0.04874643698590031,0.5735162937918511,FALSE,FALSE
1985-06-03,Ross,2.423097153,0.06073379858325367,0.06073379858325367,0.5735162937918511,FALSE,FALSE
1985-06-05,Ross,2.574636126,0.1251694343585279,0.1251694343585279,0.5735162937918511,FALSE,FALSE
1985-06-07,Ross,2.748887002,0.21123614338030272,0.21123614338030272,0.5735162937918511,FALSE,FALSE
1985-06-09,Ross,2.995583623,0.3687913359293695,0.3687913359293695,0.5735162937918511,FALSE,FALSE
1985-06-11,Ross,3.065505399,0.34873799028650954,0.34873799028650954,0.5735162937918511,FALSE,FALSE
1985-06-13,Ross,3.103241301,0.2957886457325172,0.2957886457325172,0.5735162937918511,FALSE,FALSE
1985-06-15,Ross,3.14150347,0.2428089946018628,0.2428089946018628,0.5735162937918511,FALSE,FALSE
1985-06-17,Ross,3.314530752,0.324512436549683,0.324512436549683,0.5735162937918511,FALSE,FALSE
1985-06-19,Ross,3.377713075,0.29695817817327796,0.29695817817327796,0.5735162937918511,FALSE,FALSE
1985-06-21,Ross,3.375782398,0.20555018927572632,0.20555018927572632,0.5735162937918511,FALSE,FALSE
1985-06-23,Ross,3.396312853,0.13853461266009637,0.13853461266009637,0.5735162937918511,FALSE,FALSE
1985-06-25,Ross,3.49807296,0.15535197912946286,0.15535197912946286,0.5735162937918511,FALSE,FALSE
1985-06-27,Ross,3.565384544,0.14098106602514138,0.14098106602514138,0.5735162937918511,FALSE,FALSE
1985-06-29,Ross,3.662389407,0.15962312470840345,0.15962312470840345,0.5735162937918511,FALSE,FALSE
1985-07-01,Ross,3.758654262,0.18012106341604195,0.18012106341604195,0.5735162937918511,FALSE,FALSE
1985-07-03,Ross,3.916452081,0.26397098523198936,0.26397098523198936,0.5735162937918511,FALSE,FALSE
1985-07-05,Ross,4.041757017,0.31637017424017166,0.31637017424017166,0.5735162937918511,FALSE,FALSE
1985-07-07,Ross,4.025868358,0.2278410495245229,0.2278410495245229,0.5735162937918511,FALSE,FALSE
1985-07-09,Ross,3.989653489,0.11847443463839412,0.11847443463839412,0.5735162937918511,FALSE,FALSE
1985-07-11,Ross,3.999374236,0.05412751826599171,0.05412751826599171,0.5735162937918511,FALSE,FALSE
1985-07-13,Ross,4.098313887,0.07877298425665025,0.07877298425665025,0.5735162937918511,FALSE,FALSE
1985-07-15,Ross,4.244205569,0.1510335066698767,0.1510335066698767,0.5735162937918511,FALSE,FALSE
1985-07-17,Ross,4.14862529,-0.01662535943483245,0.01662535943483245,0.5735162937918511,FALSE,FALSE
1985-07-19,Ross,4.143374895,-0.0915122219979807,0.0915122219979807,0.5735162937918511,FALSE,FALSE
1985-07-21,Ross,4.206159632,-0.09503228596006874,0.09503228596006874,0.5735162937918511,FALSE,FALSE
1985-07-23,Ross,4.222995445,-0.14043892462078666,0.14043892462078666,0.5735162937918511,FALSE,FALSE
1985-07-25,Ross,4.259434513,-0.16258515422926845,0.16258515422926845,0.5735162937918511,FALSE,FALSE
1985-07-27,Ross,4.373004694,-0.10484283230398984,0.10484283230398984,0.5735162937918511,FALSE,FALSE
1985-07-29,Ross,4.387446335,-0.1443733639878877,0.1443733639878877,0.5735162937918511,FALSE,FALSE
1985-07-31,Ross,4.430982713,-0.15385522442389998,0.15385522442389998,0.5735162937918511,FALSE,FALSE
1985-08-01,Ross,5.075781637,0.46451050815637895,0.46451050815637895,0.5735162937918511,FALSE,FALSE
1985-08-02,Ross,4.569223245,-0.06858074875497255,0.06858074875497255,0.5735162937918511,FALSE,FALSE
1985-08-04,Ross,4.614999772,-0.07657670559178609,0.07657670559178609,0.5735162937918511,FALSE,FALSE
1985-08-06,Ross,4.744362825,-0.00173483894289283,0.00173483894289283,0.5735162937918511,FALSE,FALSE
1985-08-08,Ross,4.817186315,0.01675251707291281,0.01675251707291281,0.5735162937918511,FALSE,FALSE
1985-08-10,Ross,4.855455476,0.00183942781344281,0.00183942781344281,0.5735162937918511,FALSE,FALSE
1985-08-12,Ross,4.83019816,-0.07447742336349439,0.07447742336349439,0.5735162937918511,FALSE,FALSE
1985-08-14,Ross,4.882485252,-0.07015832010008793,0.07015832010008793,0.5735162937918511,FALSE,FALSE
1985-08-16,Ross,4.925631259,-0.07092390467373288,0.07092390467373288,0.5735162937918511,FALSE,FALSE
1985-08-18,Ross,4.974058751,-0.06201931498885216,0.06201931498885216,0.5735162937918511,FALSE,FALSE
1985-08-20,Ross,5.085259289,0.01305986371096068,0.01305986371096068,0.5735162937918511,FALSE,FALSE
1985-08-22,Ross,5.177792497,0.07172100431967632,0.07172100431967632,0.5735162937918511,FALSE,FALSE
1985-08-24,Ross,5.229971698,0.09112517873126348,0.09112517873126348,0.5735162937918511,FALSE,FALSE
1985-08-26,Ross,5.2146009,0.04292414383969056,0.04292414383969056,0.5735162937918511,FALSE,FALSE
1985-08-28,Ross,5.240393412,0.03467895753893124,0.03467895753893124,0.5735162937918511,FALSE,FALSE
1985-08-30,Ross,5.336188952,0.0943519941340778,0.0943519941340778,0.5735162937918511,FALSE,FALSE
1985-09-01,Ross,5.418416835,0.13884837890166146,0.13884837890166146,0.5735162937918511,FALSE,FALSE
1985-09-03,Ross,5.473172588,0.15515508543622403,0.15515508543622403,0.5735162937918511,FALSE,FALSE
1985-09-05,Ross,5.388494593,0.03220205406626686,0.03220205406626686,0.5735162937918511,FALSE,FALSE
1985-09-07,Ross,5.394952596,0.00145058912028339,0.00145058912028339,0.5735162937918511,FALSE,FALSE
1985-09-09,Ross,5.508167856,0.07941350792677326,0.07941350792677326,0.5735162937918511,FALSE,FALSE
1985-09-11,Ross,5.515824436,0.05462066592128067,0.05462066592128067,0.5735162937918511,FALSE,FALSE
1985-09-13,Ross,5.44230695,-0.04828912056130097,0.04828912056130097,0.5735162937918511,FALSE,FALSE
1985-09-15,Ross,5.433462172,-0.08362687483777087,0.08362687483777087,0.5735162937918511,FALSE,FALSE
1985-09-17,Ross,5.456732394,-0.08411646970434017,0.08411646970434017,0.5735162937918511,FALSE,FALSE
1985-09-19,Ross,5.495455467,-0.06658621895722483,0.06658621895722483,0.5735162937918511,FALSE,FALSE
1985-09-21,Ross,5.556345009,-0.02448866939263627,0.02448866939263627,0.5735162937918511,FALSE,FALSE
1985-09-23,Ross,5.577807232,-0.01958196406798151,0.01958196406798151,0.5735162937918511,FALSE,FALSE
1985-09-25,Ross,5.546534236,-0.06523824509964982,0.06523824509964982,0.5735162937918511,FALSE,FALSE
1985-09-27,Ross,5.598378646,-0.02551863896385686,0.02551863896385686,0.5735162937918511,FALSE,FALSE
1985-09-29,Ross,5.672937036,0.03927208986164565,0.03927208986164565,0.5735162937918511,FALSE,FALSE
1985-10-01,Ross,5.714876192,0.07389938889911019,0.07389938889911019,0.5735162937918511,FALSE,FALSE
1985-10-03,Ross,5.710667367,0.0649331726707878,0.0649331726707878,0.5735162937918511,FALSE,FALSE
1985-10-05,Ross,5.676260439,0.02842198781782556,0.02842198781782556,0.5735162937918511,FALSE,FALSE
1985-10-07,Ross,5.629835154,-0.01729593305288368,0.01729593305288368,0.5735162937918511,FALSE,FALSE
1985-10-09,Ross,5.594699816,-0.04854882868074739,0.04854882868074739,0.5735162937918511,FALSE,FALSE
1985-10-11,Ross,5.59249475,-0.04328904991024807,0.04328904991024807,0.5735162937918511,FALSE,FALSE
1985-10-13,Ross,5.600921492,-0.02340773658586936,0.02340773658586936,0.5735162937918511,FALSE,FALSE
1985-10-15,Ross,5.537127483,-0.07135012355209636,0.07135012355209636,0.5735162937918511,FALSE,FALSE
1985-10-17,Ross,5.452186385,-0.13563522465341915,0.13563522465341915,0.5735162937918511,FALSE,FALSE
1985-10-19,Ross,5.418747752,-0.14330296174164658,0.14330296174164658,0.5735162937918511,FALSE,FALSE
1985-10-21,Ross,5.552273453,0.02060034008762823,0.02060034008762823,0.5735162937918511,FALSE,FALSE
1985-10-23,Ross,5.629801832,0.13219315798038167,0.13219315798038167,0.5735162937918511,FALSE,FALSE
1985-10-25,Ross,5.703671781,0.24289139890053324,0.24289139890053324,0.5735162937918511,FALSE,FALSE
1985-10-27,Ross,5.738000015,0.3158887928120029,0.3158887928120029,0.5735162937918511,FALSE,FALSE
1985-10-29,Ross,5.745353263,0.36282908367871336,0.36282908367871336,0.5735162937918511,FALSE,FALSE
1985-10-31,Ross,5.755740029,0.4128378671502473,0.4128378671502473,0.5735162937918511,FALSE,FALSE
1985-11-01,Ross,5.393721763,0.07063772164524096,0.07063772164524096,0.5735162937918511,FALSE,FALSE
1985-11-02,Ross,5.722228289,0.4191903280822844,0.4191903280822844,0.5735162937918511,FALSE,FALSE
1985-11-04,Ross,5.60498477,0.34345316374111334,0.34345316374111334,0.5735162937918511,FALSE,FALSE
1985-11-06,Ross,5.584306219,0.3673837490439267,0.3673837490439267,0.5735162937918511,FALSE,FALSE
1985-11-08,Ross,5.579723891,0.41197396690791166,0.41197396690791166,0.5735162937918511,FALSE,FALSE
1985-11-10,Ross,5.527841766,0.41528842525025667,0.41528842525025667,0.5735162937918511,FALSE,FALSE
1985-11-12,Ross,5.393271431,0.34339785806978806,0.34339785806978806,0.5735162937918511,FALSE,FALSE
1985-11-14,Ross,5.314130668,0.3354194699151458,0.3354194699151458,0.5735162937918511,FALSE,FALSE
1985-11-16,Ross,5.303839561,0.4046640807621378,0.4046640807621378,0.5735162937918511,FALSE,FALSE
1985-11-18,Ross,5.211306454,0.39976699286263706,0.39976699286263706,0.5735162937918511,FALSE,FALSE
1985-11-20,Ross,5.167696342,0.45162015946852474,0.45162015946852474,0.5735162937918511,FALSE,FALSE
1985-11-22,Ross,5.135049006,0.52199031983168,0.52199031983168,0.5735162937918511,FALSE,FALSE
1985-11-24,Ross,5.030021425,0.527261411203976,0.527261411203976,0.5735162937918511,FALSE,FALSE
1985-11-26,Ross,4.90940102,0.5242600173111018,0.5242600173111018,0.5735162937918511,FALSE,FALSE
1985-11-28,Ross,4.785551459,0.5271881027329259,0.5271881027329259,0.5735162937918511,FALSE,FALSE
1985-11-30,Ross,4.673007899,0.5530622432955283,0.5530622432955283,0.5735162937918511,FALSE,FALSE
1985-12-01,Ross,3.860389393,-0.1852066964630907,0.1852066964630907,0.5735162937918511,FALSE,FALSE
1985-12-02,Ross,4.489676298,0.5222706231022332,0.5222706231022332,0.5735162937918511,FALSE,FALSE
1985-12-04,Ross,4.346324065,0.5480628772563696,0.5480628772563696,0.5735162937918511,FALSE,FALSE
1985-12-06,Ross,4.226371119,0.6163411508612655,0.6163411508612655,0.5735162937918511,TRUE,TRUE
1985-12-08,Ross,4.172019692,0.7715061827098975,0.7715061827098975,0.5735162937918511,TRUE,TRUE
1985-12-10,Ross,4.050250162,0.8782507084185394,0.8782507084185394,0.5735162937918511,TRUE,TRUE
1985-12-12,Ross,3.910684477,0.980328095130948,0.980328095130948,0.5735162937918511,TRUE,TRUE
1985-12-14,Ross,3.763065115,1.0815124502558406,1.0815124502558406,0.5735162937918511,TRUE,TRUE
1985-12-16,Ross,3.592125541,1.1605688682019344,1.1605688682019344,0.5735162937918511,TRUE,TRUE
1985-12-18,Ross,3.186549697,1.000212920377943,1.000212920377943,0.5735162937918511,TRUE,TRUE
1985-12-20,Ross,2.681726769,0.7298845963566438,0.7298845963566438,0.5735162937918511,TRUE,TRUE
1985-12-22,Ross,2.403643253,0.6711909677019539,0.6711909677019539,0.5735162937918511,TRUE,TRUE
1985-12-24,Ross,2.176188477,0.646352840068475,0.646352840068475,0.5735162937918511,TRUE,TRUE
1985-12-26,Ross,1.944190281,0.5987985118886399,0.5987985118886399,0.5735162937918511,TRUE,TRUE
1985-12-28,Ross,1.706296437,0.5257762135948825,0.5257762135948825,0.5735162937918511,FALSE,FALSE
1985-12-30,Ross,1.445693697,0.4090731556196317,0.4090731556196317,0.5735162937918511,FALSE,FALSE
1986-01-01,Ross,1.22603844,0.3109461753953249,0.3109461753953249,0.5735162937918511,FALSE,FALSE
1986-01-03,Ross,1.099203573,0.28270578827372905,0.28270578827372905,0.5735162937918511,FALSE,FALSE
1986-01-05,Ross,0.970448853,0.23239795928394513,0.23239795928394513,0.5735162937918511,FALSE,FALSE
1986-01-07,Ross,0.826469326,0.1503410923744144,0.1503410923744144,0.5735162937918511,FALSE,FALSE
1986-01-09,Ross,0.68839121,0.06128476349357903,0.06128476349357903,0.5735162937918511,FALSE,FALSE
1986-01-11,Ross,0.606172433,0.01881025858987484,0.01881025858987484,0.5735162937918511,FALSE,FALSE
1986-01-13,Ross,0.578303998,0.02503193861174446,0.02503193861174446,0.5735162937918511,FALSE,FALSE
1986-01-15,Ross,0.553250002,0.03180724848486005,0.03180724848486005,0.5735162937918511,FALSE,FALSE
1986-01-17,Ross,0.529692476,0.03889342880312541,0.03889342880312541,0.5735162937918511,FALSE,FALSE
1986-01-19,Ross,0.493679214,0.03207114452074056,0.03207114452074056,0.5735162937918511,FALSE,FALSE
1986-01-21,Ross,0.489338957,0.05518561143918232,0.05518561143918232,0.5735162937918511,FALSE,FALSE
1986-01-23,Ross,0.476524246,0.06780584535992618,0.06780584535992618,0.5735162937918511,FALSE,FALSE
1986-01-25,Ross,0.475298899,0.0897121390844473,0.0897121390844473,0.5735162937918511,FALSE,FALSE
1986-01-27,Ross,0.461790661,0.09675589738559204,0.09675589738559204,0.5735162937918511,FALSE,FALSE
1986-01-29,Ross,0.437820202,0.0907392815695463,0.0907392815695463,0.5735162937918511,FALSE,FALSE
1986-01-31,Ross,0.412631369,0.08121063764841324,0.08121063764841324,0.5735162937918511,FALSE,FALSE
1986-02-01,Ross,0.367892708,0.04354349062233409,0.04354349062233409,0.5735162937918511,FALSE,FALSE
1986-02-02,Ross,0.397333269,0.07960399973865584,0.07960399973865584,0.5735162937918511,FALSE,FALSE
1986-02-04,Ross,0.396316323,0.09063471595673828,0.09063471595673828,0.5735162937918511,FALSE,FALSE
1986-02-06,Ross,0.402963289,0.10801047141912352,0.10801047141912352,0.5735162937918511,FALSE,FALSE
1986-02-08,Ross,0.422062281,0.13684415706893843,0.13684415706893843,0.5735162937918511,FALSE,FALSE
1986-02-10,Ross,0.420340251,0.14406786536262428,0.14406786536262428,0.5735162937918511,FALSE,FALSE
1986-02-12,Ross,0.400763686,0.13251854080223746,0.13251854080223746,0.5735162937918511,FALSE,FALSE
1986-02-14,Ross,0.372371973,0.1110479502123886,0.1110479502123886,0.5735162937918511,FALSE,FALSE
1986-02-16,Ross,0.355499115,0.0998024764176903,0.0998024764176903,0.5735162937918511,FALSE,FALSE
1986-02-18,Ross,0.373539182,0.12198856924275364,0.12198856924275364,0.5735162937918511,FALSE,FALSE
1986-02-20,Ross,0.353088088,0.10401452251218808,0.10401452251218808,0.5735162937918511,FALSE,FALSE
1986-02-22,Ross,0.350015258,0.10159001614910584,0.10159001614910584,0.5735162937918511,FALSE,FALSE
1986-02-24,Ross,0.332526215,0.08294952741058992,0.08294952741058992,0.5735162937918511,FALSE,FALSE
1986-02-26,Ross,0.327597908,0.07517720501973585,0.07517720501973585,0.5735162937918511,FALSE,FALSE
1986-02-28,Ross,0.302920767,0.04607093075312435,0.04607093075312435,0.5735162937918511,FALSE,FALSE
1986-03-01,Ross,0.399158628,0.13953338459658976,0.13953338459658976,0.5735162937918511,FALSE,FALSE
1986-03-02,Ross,0.309763703,0.04700706738733307,0.04700706738733307,0.5735162937918511,FALSE,FALSE
1986-03-04,Ross,0.314362548,0.044328898698940133,0.044328898698940133,0.5735162937918511,FALSE,FALSE
1986-03-06,Ross,0.313240578,0.03466267518948329,0.03466267518948329,0.5735162937918511,FALSE,FALSE
1986-03-08,Ross,0.309080582,0.02070612000919769,0.02070612000919769,0.5735162937918511,FALSE,FALSE
1986-03-10,Ross,0.314667137,0.01517828035221302,0.01517828035221302,0.5735162937918511,FALSE,FALSE
1986-03-12,Ross,0.317031011,0.00504143626406899,0.00504143626406899,0.5735162937918511,FALSE,FALSE
1986-03-14,Ross,0.339888135,0.01394303079030873,0.01394303079030873,0.5735162937918511,FALSE,FALSE
1986-03-16,Ross,0.368261175,0.02683724197646964,0.02683724197646964,0.5735162937918511,FALSE,FALSE
1986-03-18,Ross,0.384961448,0.0264670593427817,0.0264670593427817,0.5735162937918511,FALSE,FALSE
1986-03-20,Ross,0.381258523,0.00405491081105352,0.00405491081105352,0.5735162937918511,FALSE,FALSE
1986-03-22,Ross,0.39870077,0.00114415996743638,0.00114415996743638,0.5735162937918511,FALSE,FALSE
1986-03-24,Ross,0.42026255,7.091431312318264e-4,7.091431312318264e-4,0.5735162937918511,FALSE,FALSE
1986-03-26,Ross,0.442477398,-7.166293782556732e-4,7.166293782556732e-4,0.5735162937918511,FALSE,FALSE
1986-03-28,Ross,0.473277633,0.00479913675827381,0.00479913675827381,0.5735162937918511,FALSE,FALSE
1986-03-30,Ross,0.495290712,-1.1612613987649344e-4,1.1612613987649344e-4,0.5735162937918511,FALSE,FALSE
1986-04-01,Ross,0.579942759,0.05595152684114568,0.05595152684114568,0.5735162937918511,FALSE,FALSE
1986-04-03,Ross,0.62158977,0.0672891204388737,0.0672891204388737,0.5735162937918511,FALSE,FALSE
1986-04-05,Ross,0.621529348,0.03510871234769741,0.03510871234769741,0.5735162937918511,FALSE,FALSE
1986-04-07,Ross,0.61988279,-5.539477104528068e-4,5.539477104528068e-4,0.5735162937918511,FALSE,FALSE
1986-04-09,Ross,0.653222411,-0.00321209201365213,0.00321209201365213,0.5735162937918511,FALSE,FALSE
1986-04-11,Ross,0.66652102,-0.02797845883997662,0.02797845883997662,0.5735162937918511,FALSE,FALSE
1986-04-13,Ross,0.699190709,-0.03550393381104311,0.03550393381104311,0.5735162937918511,FALSE,FALSE
1986-04-15,Ross,0.713321715,-0.06348763131255897,0.06348763131255897,0.5735162937918511,FALSE,FALSE
1986-04-17,Ross,0.703695782,-0.11675513061747587,0.11675513061747587,0.5735162937918511,FALSE,FALSE
1986-04-19,Ross,0.725619661,-0.1396037134816932,0.1396037134816932,0.5735162937918511,FALSE,FALSE
1986-04-21,Ross,0.713506932,-0.1972238326611121,0.1972238326611121,0.5735162937918511,FALSE,FALSE
1986-04-23,Ross,0.704193018,-0.25238409791162886,0.25238409791162886,0.5735162937918511,FALSE,FALSE
1986-04-25,Ross,0.781154296,-0.22122226149581836,0.22122226149581836,0.5735162937918511,FALSE,FALSE
1986-04-27,Ross,0.845856007,-0.20238434552369833,0.20238434552369833,0.5735162937918511,FALSE,FALSE
1986-04-29,Ross,0.89617505,-0.1988185483564323,0.1988185483564323,0.5735162937918511,FALSE,FALSE
1986-05-01,Ross,0.949451402,-0.1940652131553835,0.1940652131553835,0.5735162937918511,FALSE,FALSE
1986-05-03,Ross,1.013216797,-0.181472926081909,0.181472926081909,0.5735162937918511,FALSE,FALSE
1986-05-05,Ross,1.083761254,-0.16563198829737047,0.16563198829737047,0.5735162937918511,FALSE,FALSE
1986-05-07,Ross,1.181377367,-0.1271300370913464,0.1271300370913464,0.5735162937918511,FALSE,FALSE
1986-05-09,Ross,1.185173083,-0.1874087648398215,0.1874087648398215,0.5735162937918511,FALSE,FALSE
1986-05-11,Ross,1.244815797,-0.19627413422395135,0.19627413422395135,0.5735162937918511,FALSE,FALSE
1986-05-13,Ross,1.368072439,-0.14521391501852698,0.14521391501852698,0.5735162937918511,FALSE,FALSE
1986-05-15,Ross,1.458964176,-0.1294616399983437,0.1294616399983437,0.5735162937918511,FALSE,FALSE
1986-05-17,Ross,1.498623336,-0.16713968093819687,0.16713968093819687,0.5735162937918511,FALSE,FALSE
1986-05-19,Ross,1.576522123,-0.16803053361288334,0.16803053361288334,0.5735162937918511,FALSE,FALSE
1986-05-21,Ross,1.651558757,-0.1725584108706375,0.1725584108706375,0.5735162937918511,FALSE,FALSE
1986-05-23,Ross,1.723270467,-0.18104980657750613,0.18104980657750613,0.5735162937918511,FALSE,FALSE
1986-05-25,Ross,1.819709434,-0.1655757651926708,0.1655757651926708,0.5735162937918511,FALSE,FALSE
1986-05-27,Ross,1.949689622,-0.11744718120205078,0.11744718120205078,0.5735162937918511,FALSE,FALSE
1986-05-29,Ross,2.050323523,-0.0996764210915777,0.0996764210915777,0.5735162937918511,FALSE,FALSE
1986-05-31,Ross,2.066742332,-0.16725714834717387,0.16725714834717387,0.5735162937918511,FALSE,FALSE
1986-06-01,Ross,3.170049404,0.8935849889859,0.8935849889859,0.5735162937918511,TRUE,FALSE
1986-06-02,Ross,2.278101868,-0.04115374404969252,0.04115374404969252,0.5735162937918511,FALSE,FALSE
1986-06-04,Ross,2.366883839,-0.03888835729237305,0.03888835729237305,0.5735162937918511,FALSE,FALSE
1986-06-06,Ross,2.378542319,-0.11488907542894512,0.11488907542894512,0.5735162937918511,FALSE,FALSE
1986-06-08,Ross,2.496700395,-0.08540924317862464,0.08540924317862464,0.5735162937918511,FALSE,FALSE
1986-06-10,Ross,2.591015385,-0.08066797426061978,0.08066797426061978,0.5735162937918511,FALSE,FALSE
1986-06-12,Ross,2.761983934,-4.505539414445536e-5,4.505539414445536e-5,0.5735162937918511,FALSE,FALSE
1986-06-14,Ross,2.872396778,0.01937444125540999,0.01937444125540999,0.5735162937918511,FALSE,FALSE
1986-06-16,Ross,2.842561848,-0.10182595408350936,0.10182595408350936,0.5735162937918511,FALSE,FALSE
1986-06-18,Ross,2.989213335,-0.04628867914818579,0.04628867914818579,0.5735162937918511,FALSE,FALSE
1986-06-20,Ross,3.296307054,0.1706140918644539,0.1706140918644539,0.5735162937918511,FALSE,FALSE
1986-06-22,Ross,3.300318037,0.08602940175747831,0.08602940175747831,0.5735162937918511,FALSE,FALSE
1986-06-24,Ross,3.240203012,-0.06041401066603757,0.06041401066603757,0.5735162937918511,FALSE,FALSE
1986-06-26,Ross,3.24436473,-0.13964138360301925,0.13964138360301925,0.5735162937918511,FALSE,FALSE
1986-06-28,Ross,3.286162186,-0.1777957344435297,0.1777957344435297,0.5735162937918511,FALSE,FALSE
1986-06-30,Ross,3.330649805,-0.2102758671335705,0.2102758671335705,0.5735162937918511,FALSE,FALSE
1986-07-01,Ross,3.943995075,0.3654618764160422,0.3654618764160422,0.5735162937918511,FALSE,FALSE
1986-07-02,Ross,3.350255378,-0.2654305922572666,0.2654305922572666,0.5735162937918511,FALSE,FALSE
1986-07-04,Ross,3.285620148,-0.40339553573069464,0.40339553573069464,0.5735162937918511,FALSE,FALSE
1986-07-06,Ross,3.337938528,-0.42375315346992126,0.42375315346992126,0.5735162937918511,FALSE,FALSE
1986-07-08,Ross,3.433805823,-0.4006850093910157,0.4006850093910157,0.5735162937918511,FALSE,FALSE
1986-07-10,Ross,3.497139969,-0.4109890051519711,0.4109890051519711,0.5735162937918511,FALSE,FALSE
1986-07-12,Ross,3.574787325,-0.40763376672528073,0.40763376672528073,0.5735162937918511,FALSE,FALSE
1986-07-14,Ross,3.762309612,-0.2941853454057739,0.2941853454057739,0.5735162937918511,FALSE,FALSE
1986-07-16,Ross,3.876406244,-0.2530547801339518,0.2530547801339518,0.5735162937918511,FALSE,FALSE
1986-07-18,Ross,3.92577447,-0.27465527485031993,0.27465527485031993,0.5735162937918511,FALSE,FALSE
1986-07-20,Ross,3.978113997,-0.2903975754953776,0.2903975754953776,0.5735162937918511,FALSE,FALSE
1986-07-22,Ross,4.00046241,-0.3323634738217178,0.3323634738217178,0.5735162937918511,FALSE,FALSE
1986-07-24,Ross,3.994032107,-0.39909595075068305,0.39909595075068305,0.5735162937918511,FALSE,FALSE
1986-07-26,Ross,4.018266461,-0.4319554560744141,0.4319554560744141,0.5735162937918511,FALSE,FALSE
1986-07-28,Ross,4.071889878,-0.4331193359358592,0.4331193359358592,0.5735162937918511,FALSE,FALSE
1986-07-30,Ross,4.21820816,-0.3401835404779465,0.3401835404779465,0.5735162937918511,FALSE,FALSE
1986-08-01,Ross,4.219787827,-0.3914833018436212,0.3914833018436212,0.5735162937918511,FALSE,FALSE
1986-08-03,Ross,4.166573864,-0.4979753855779494,0.4979753855779494,0.5735162937918511,FALSE,FALSE
1986-08-05,Ross,4.180022364,-0.5387772863533407,0.5387772863533407,0.5735162937918511,FALSE,FALSE
1986-08-07,Ross,4.271753515,-0.5015958994407184,0.5015958994407184,0.5735162937918511,FALSE,FALSE
1986-08-09,Ross,4.329492377,-0.4977373334822728,0.4977373334822728,0.5735162937918511,FALSE,FALSE
1986-08-11,Ross,4.369419715,-0.5100519921202054,0.5100519921202054,0.5735162937918511,FALSE,FALSE
1986-08-13,Ross,4.295613678,-0.6334928949966949,0.6334928949966949,0.5735162937918511,TRUE,FALSE
1986-08-15,Ross,4.273657272,-0.7015082047539405,0.7015082047539405,0.5735162937918511,TRUE,FALSE
1986-08-17,Ross,4.361649357,-0.6551644664022866,0.6551644664022866,0.5735162937918511,TRUE,FALSE
1986-08-19,Ross,4.492632135,-0.5618597878216844,0.5618597878216844,0.5735162937918511,FALSE,FALSE
1986-08-21,Ross,4.545577806,-0.5437667987791661,0.5437667987791661,0.5735162937918511,FALSE,FALSE
1986-08-23,Ross,4.620955301,-0.5015688193807639,0.5015688193807639,0.5735162937918511,FALSE,FALSE
1986-08-25,Ross,4.68339762,-0.4717851007325029,0.4717851007325029,0.5735162937918511,FALSE,FALSE
1986-08-27,Ross,4.727103916,-0.46136874094041413,0.46136874094041413,0.5735162937918511,FALSE,FALSE
1986-08-29,Ross,4.771890282,-0.4516286193147474,0.4516286193147474,0.5735162937918511,FALSE,FALSE
1986-08-31,Ross,4.90061678,-0.3599405110574727,0.3599405110574727,0.5735162937918511,FALSE,FALSE
1986-09-01,Ross,5.090291031,-0.18927742509833936,0.18927742509833936,0.5735162937918511,FALSE,FALSE
1986-09-02,Ross,4.981682672,-0.3170763361974611,0.3170763361974611,0.5735162937918511,FALSE,FALSE
1986-09-04,Ross,5.105013272,-0.23221922240622028,0.23221922240622028,0.5735162937918511,FALSE,FALSE
1986-09-06,Ross,5.120414274,-0.2546719173552532,0.2546719173552532,0.5735162937918511,FALSE,FALSE
1986-09-08,Ross,5.12709351,-0.28433503071606037,0.28433503071606037,0.5735162937918511,FALSE,FALSE
1986-09-10,Ross,5.14125923,-0.3041092167613195,0.3041092167613195,0.5735162937918511,FALSE,FALSE
1986-09-12,Ross,5.092363478,-0.38390924314553576,0.38390924314553576,0.5735162937918511,FALSE,FALSE
1986-09-14,Ross,5.036177255,-0.4680173339255349,0.4680173339255349,0.5735162937918511,FALSE,FALSE
1986-09-16,Ross,4.952848327,-0.5764518878975302,0.5764518878975302,0.5735162937918511,TRUE,FALSE
1986-09-18,Ross,4.970519006,-0.5812367578577309,0.5812367578577309,0.5735162937918511,TRUE,FALSE
1986-09-20,Ross,5.001556828,-0.5701705726023523,0.5701705726023523,0.5735162937918511,FALSE,FALSE
1986-09-22,Ross,5.073699867,-0.5156814229276074,0.5156814229276074,0.5735162937918511,FALSE,FALSE
1986-09-24,Ross,5.059606394,-0.5452505883846079,0.5452505883846079,0.5735162937918511,FALSE,FALSE
1986-09-26,Ross,4.980986174,-0.6371371855228256,0.6371371855228256,0.5735162937918511,TRUE,TRUE
1986-09-28,Ross,5.000238705,-0.6288432197324605,0.6288432197324605,0.5735162937918511,TRUE,TRUE
1986-09-30,Ross,4.988407534,-0.6492264824912581,0.6492264824912581,0.5735162937918511,TRUE,TRUE
1986-10-01,Ross,4.987424032,-0.6535527711008902,0.6535527711008902,0.5735162937918511,TRUE,TRUE
1986-10-02,Ross,4.945488521,-0.6981924522769694,0.6981924522769694,0.5735162937918511,TRUE,TRUE
1986-10-04,Ross,4.9186571,-0.7284670335673402,0.7284670335673402,0.5735162937918511,TRUE,TRUE
1986-10-06,Ross,4.849178937,-0.7986772591381675,0.7986772591381675,0.5735162937918511,TRUE,TRUE
1986-10-08,Ross,4.771681737,-0.8739304714068927,0.8739304714068927,0.5735162937918511,TRUE,TRUE
1986-10-10,Ross,4.669431775,-0.970557705355013,0.970557705355013,0.5735162937918511,TRUE,TRUE
1986-10-12,Ross,4.694447929,-0.9361327588270124,0.9361327588270124,0.5735162937918511,TRUE,TRUE
1986-10-14,Ross,4.744784327,-0.8721941796673773,0.8721941796673773,0.5735162937918511,TRUE,TRUE
1986-10-16,Ross,4.804572115,-0.7942034977205914,0.7942034977205914,0.5735162937918511,TRUE,TRUE
1986-10-18,Ross,4.874801191,-0.7007673260587026,0.7007673260587026,0.5735162937918511,TRUE,TRUE
1986-10-20,Ross,4.932198422,-0.6151820326496988,0.6151820326496988,0.5735162937918511,TRUE,TRUE
1986-10-22,Ross,5.037822476,-0.4772215856591746,0.4772215856591746,0.5735162937918511,FALSE,FALSE
1986-10-24,Ross,5.130599405,-0.3488829181232127,0.3488829181232127,0.5735162937918511,FALSE,FALSE
1986-10-26,Ross,5.178130406,-0.26348781807789123,0.26348781807789123,0.5735162937918511,FALSE,FALSE
1986-10-28,Ross,5.101328525,-0.3010462245592924,0.3010462245592924,0.5735162937918511,FALSE,FALSE
1986-10-30,Ross,4.987415827,-0.37525905760349065,0.37525905760349065,0.5735162937918511,FALSE,FALSE
1986-11-01,Ross,4.96546347,-0.3576205713547589,0.3576205713547589,0.5735162937918511,FALSE,FALSE
1986-11-03,Ross,4.884406242,-0.3981751000489737,0.3981751000489737,0.5735162937918511,FALSE,FALSE
1986-11-05,Ross,4.877550291,-0.3621558840578025,0.3621558840578025,0.5735162937918511,FALSE,FALSE
1986-11-07,Ross,4.790187961,-0.4028099514640511,0.4028099514640511,0.5735162937918511,FALSE,FALSE
1986-11-09,Ross,4.728897418,-0.4120985083505353,0.4120985083505353,0.5735162937918511,FALSE,FALSE
1986-11-11,Ross,4.633760772,-0.4484788168000629,0.4484788168000629,0.5735162937918511,FALSE,FALSE
1986-11-13,Ross,4.544297574,-0.4710585444919948,0.4710585444919948,0.5735162937918511,FALSE,FALSE
1986-11-15,Ross,4.491565468,-0.44840747392730496,0.44840747392730496,0.5735162937918511,FALSE,FALSE
1986-11-17,Ross,4.423899222,-0.432453721235043,0.432453721235043,0.5735162937918511,FALSE,FALSE
1986-11-19,Ross,4.292011382,-0.47275778216333375,0.47275778216333375,0.5735162937918511,FALSE,FALSE
1986-11-21,Ross,4.067190229,-0.5983044174602963,0.5983044174602963,0.5735162937918511,TRUE,TRUE
1986-11-23,Ross,3.869466559,-0.6893358728740573,0.6893358728740573,0.5735162937918511,TRUE,TRUE
1986-11-25,Ross,3.684067458,-0.76087304325431,0.76087304325431,0.5735162937918511,TRUE,TRUE
1986-11-27,Ross,3.543854518,-0.779197529114124,0.779197529114124,0.5735162937918511,TRUE,TRUE
1986-11-29,Ross,3.425207473,-0.7655571788848285,0.7655571788848285,0.5735162937918511,TRUE,TRUE
1986-12-01,Ross,3.162962941,-0.8826331484630909,0.8826331484630909,0.5735162937918511,TRUE,TRUE
1986-12-03,Ross,2.999201443,-0.8858626907455855,0.8858626907455855,0.5735162937918511,TRUE,TRUE
1986-12-05,Ross,2.930230373,-0.7764561856289847,0.7764561856289847,0.5735162937918511,TRUE,TRUE
1986-12-07,Ross,2.642308808,-0.8656732323332323,0.8656732323332323,0.5735162937918511,TRUE,TRUE
1986-12-09,Ross,1.986698734,-1.30157189759821,1.30157189759821,0.5735162937918511,TRUE,TRUE
1986-12-11,Ross,1.964005905,-1.0884401165637736,1.0884401165637736,0.5735162937918511,TRUE,TRUE
1986-12-13,Ross,1.657638268,-1.1488383128212107,1.1488383128212107,0.5735162937918511,TRUE,TRUE
1986-12-15,Ross,1.547945316,-1.0083853639618054,1.0083853639618054,0.5735162937918511,TRUE,TRUE
1986-12-17,Ross,1.355613059,-0.952363630576845,0.952363630576845,0.5735162937918511,TRUE,TRUE
1986-12-19,Ross,1.269653194,-0.7977297862576114,0.7977297862576114,0.5735162937918511,TRUE,TRUE
1986-12-21,Ross,1.148585904,-0.6915521414463255,0.6915521414463255,0.5735162937918511,TRUE,TRUE
1986-12-23,Ross,1.050046129,-0.578913705894464,0.578913705894464,0.5735162937918511,TRUE,TRUE
1986-12-25,Ross,0.933419076,-0.5018355581051744,0.5018355581051744,0.5735162937918511,FALSE,FALSE
1986-12-27,Ross,0.802601893,-0.45782009164602744,0.45782009164602744,0.5735162937918511,FALSE,FALSE
1986-12-29,Ross,0.693795364,-0.412066064084584,0.412066064084584,0.5735162937918511,FALSE,FALSE
1986-12-31,Ross,0.652899833,-0.3200726729884166,0.3200726729884166,0.5735162937918511,FALSE,FALSE
1987-01-01,Ross,0.450952371,-0.46413989360467506,0.46413989360467506,0.5735162937918511,FALSE,FALSE
1987-01-02,Ross,0.598284297,-0.26476581918517217,0.26476581918517217,0.5735162937918511,FALSE,FALSE
1987-01-04,Ross,0.56112815,-0.21385420048441928,0.21385420048441928,0.5735162937918511,FALSE,FALSE
1987-01-06,Ross,0.535190435,-0.17006005967762905,0.17006005967762905,0.5735162937918511,FALSE,FALSE
1987-01-08,Ross,0.5022866,-0.14794459081636768,0.14794459081636768,0.5735162937918511,FALSE,FALSE
1987-01-10,Ross,0.455497632,-0.15080344895219217,0.15080344895219217,0.5735162937918511,FALSE,FALSE
1987-01-12,Ross,0.45639256,-0.11344424713666428,0.11344424713666428,0.5735162937918511,FALSE,FALSE
1987-01-14,Ross,0.461905474,-0.07531530427497796,0.07531530427497796,0.5735162937918511,FALSE,FALSE
1987-01-16,Ross,0.441059563,-0.06489746660583368,0.06489746660583368,0.5735162937918511,FALSE,FALSE
1987-01-18,Ross,0.444201662,-0.0318025849380778,0.0318025849380778,0.5735162937918511,FALSE,FALSE
1987-01-20,Ross,0.435576177,-0.0120697784702341,0.0120697784702341,0.5735162937918511,FALSE,FALSE
1987-01-22,Ross,0.414118721,-0.00704695940082528,0.00704695940082528,0.5735162937918511,FALSE,FALSE
1987-01-24,Ross,0.415234738,0.01838779107162203,0.01838779107162203,0.5735162937918511,FALSE,FALSE
1987-01-26,Ross,0.393097351,0.01812407074858651,0.01812407074858651,0.5735162937918511,FALSE,FALSE
1987-01-28,Ross,0.397466528,0.04171570068548341,0.04171570068548341,0.5735162937918511,FALSE,FALSE
1987-01-30,Ross,0.367154253,0.02816982592733652,0.02816982592733652,0.5735162937918511,FALSE,FALSE
1987-02-01,Ross,0.359705438,0.03535622062233407,0.03535622062233407,0.5735162937918511,FALSE,FALSE
1987-02-03,Ross,0.32697165,0.01545137888693798,0.01545137888693798,0.5735162937918511,FALSE,FALSE
1987-02-05,Ross,0.323277505,0.02310484383761413,0.02310484383761413,0.5735162937918511,FALSE,FALSE
1987-02-07,Ross,0.29121911,0.0012376495908255,0.0012376495908255,0.5735162937918511,FALSE,FALSE
1987-02-09,Ross,0.273098428,-0.00754374081342118,0.00754374081342118,0.5735162937918511,FALSE,FALSE
1987-02-11,Ross,0.265040385,-0.00709184192484857,0.00709184192484857,0.5735162937918511,FALSE,FALSE
1987-02-13,Ross,0.251594251,-0.01304034197804321,0.01304034197804321,0.5735162937918511,FALSE,FALSE
1987-02-15,Ross,0.259630528,0.0012936408516086,0.0012936408516086,0.5735162937918511,FALSE,FALSE
1987-02-17,Ross,0.241062047,-0.01236468261128592,0.01236468261128592,0.5735162937918511,FALSE,FALSE
1987-02-19,Ross,0.217511142,-0.03258059854211381,0.03258059854211381,0.5735162937918511,FALSE,FALSE
1987-02-21,Ross,0.208800419,-0.03971739228144233,0.03971739228144233,0.5735162937918511,FALSE,FALSE
1987-02-23,Ross,0.208254781,-0.04052789677757348,0.04052789677757348,0.5735162937918511,FALSE,FALSE
1987-02-25,Ross,0.182487303,-0.06830653681433074,0.06830653681433074,0.5735162937918511,FALSE,FALSE
1987-02-27,Ross,0.18805508,-0.06638876561513632,0.06638876561513632,0.5735162937918511,FALSE,FALSE
1987-03-01,Ross,0.190480415,-0.06914482840341027,0.06914482840341027,0.5735162937918511,FALSE,FALSE
1987-03-03,Ross,0.168487066,-0.09774351540257473,0.09774351540257473,0.5735162937918511,FALSE,FALSE
1987-03-05,Ross,0.159106649,-0.11504576003836632,0.11504576003836632,0.5735162937918511,FALSE,FALSE
1987-03-07,Ross,0.151069222,-0.13224651146322525,0.13224651146322525,0.5735162937918511,FALSE,FALSE
1987-03-09,Ross,0.152443592,-0.1413190573875536,0.1413190573875536,0.5735162937918511,FALSE,FALSE
1987-03-11,Ross,0.158067362,-0.14749428276581,0.14749428276581,0.5735162937918511,FALSE,FALSE
1987-03-13,Ross,0.177888356,-0.14089285155245626,0.14089285155245626,0.5735162937918511,FALSE,FALSE
1987-03-15,Ross,0.182884876,-0.1506049497019483,0.1506049497019483,0.5735162937918511,FALSE,FALSE
1987-03-17,Ross,0.217554238,-0.13220174916874838,0.13220174916874838,0.5735162937918511,FALSE,FALSE
1987-03-19,Ross,0.244664637,-0.12297889317664004,0.12297889317664004,0.5735162937918511,FALSE,FALSE
1987-03-21,Ross,0.24863226,-0.1385423777792258,0.1385423777792258,0.5735162937918511,FALSE,FALSE
1987-03-23,Ross,0.232486642,-0.175862890034048,0.175862890034048,0.5735162937918511,FALSE,FALSE
1987-03-25,Ross,0.242123431,-0.1890448066218069,0.1890448066218069,0.5735162937918511,FALSE,FALSE
1987-03-27,Ross,0.24080774,-0.2148230392231983,0.2148230392231983,0.5735162937918511,FALSE,FALSE
1987-03-29,Ross,0.230768481,-0.2509687005189225,0.2509687005189225,0.5735162937918511,FALSE,FALSE
1987-03-31,Ross,0.285172933,-0.22431582019165908,0.22431582019165908,0.5735162937918511,FALSE,FALSE
1987-04-01,Ross,0.57264549,0.04865425784114563,0.04865425784114563,0.5735162937918511,FALSE,FALSE
1987-04-02,Ross,0.345661092,-0.19326387447875787,0.19326387447875787,0.5735162937918511,FALSE,FALSE
1987-04-04,Ross,0.366597354,-0.203531620815722,0.203531620815722,0.5735162937918511,FALSE,FALSE
1987-04-06,Ross,0.373181127,-0.23000519848062512,0.23000519848062512,0.5735162937918511,FALSE,FALSE
1987-04-08,Ross,0.380400028,-0.2577825377515421,0.2577825377515421,0.5735162937918511,FALSE,FALSE
1987-04-10,Ross,0.398978109,-0.2762251339065445,0.2762251339065445,0.5735162937918511,FALSE,FALSE
1987-04-12,Ross,0.434938344,-0.2793952603753409,0.2793952603753409,0.5735162937918511,FALSE,FALSE
1987-04-14,Ross,0.482955774,-0.27258061475861994,0.27258061475861994,0.5735162937918511,FALSE,FALSE
1987-04-16,Ross,0.505017606,-0.2934464135673489,0.2934464135673489,0.5735162937918511,FALSE,FALSE
1987-04-18,Ross,0.539562293,-0.30315823655742846,0.30315823655742846,0.5735162937918511,FALSE,FALSE
1987-04-20,Ross,0.581294735,-0.30661521648475987,0.30661521648475987,0.5735162937918511,FALSE,FALSE
1987-04-22,Ross,0.592302468,-0.34133385010523865,0.34133385010523865,0.5735162937918511,FALSE,FALSE
1987-04-24,Ross,0.636901033,-0.3426026291747676,0.3426026291747676,0.5735162937918511,FALSE,FALSE
1987-04-26,Ross,0.684747597,-0.340504696669235,0.340504696669235,0.5735162937918511,FALSE,FALSE
1987-04-28,Ross,0.705529833,-0.3659209410793737,0.3659209410793737,0.5735162937918511,FALSE,FALSE
1987-04-30,Ross,0.73662443,-0.382354435375045,0.382354435375045,0.5735162937918511,FALSE,FALSE
1987-05-01,Ross,1.343838674,0.2003220588446164,0.2003220588446164,0.5735162937918511,FALSE,FALSE
1987-05-02,Ross,0.75095648,-0.4177604077176146,0.4177604077176146,0.5735162937918511,FALSE,FALSE
1987-05-04,Ross,0.81032656,-0.4112186012684378,0.4112186012684378,0.5735162937918511,FALSE,FALSE
1987-05-06,Ross,0.882740534,-0.3956034721888758,0.3956034721888758,0.5735162937918511,FALSE,FALSE
1987-05-08,Ross,0.982773876,-0.35716996374705223,0.35716996374705223,0.5735162937918511,FALSE,FALSE
1987-05-10,Ross,1.043736395,-0.3625918708415053,0.3625918708415053,0.5735162937918511,FALSE,FALSE
1987-05-12,Ross,1.102999318,-0.3737743634590076,0.3737743634590076,0.5735162937918511,FALSE,FALSE
1987-05-14,Ross,1.112769117,-0.4377656693743557,0.4377656693743557,0.5735162937918511,FALSE,FALSE
1987-05-16,Ross,1.111403651,-0.5154626293623421,0.5154626293623421,0.5735162937918511,FALSE,FALSE
1987-05-18,Ross,1.189025973,-0.5159968901977614,0.5159968901977614,0.5735162937918511,FALSE,FALSE
1987-05-20,Ross,1.277572633,-0.5066896462059625,0.5066896462059625,0.5735162937918511,FALSE,FALSE
1987-05-22,Ross,1.339519421,-0.5246118758909049,0.5246118758909049,0.5735162937918511,FALSE,FALSE
1987-05-24,Ross,1.419270144,-0.5254295612411819,0.5254295612411819,0.5735162937918511,FALSE,FALSE
1987-05-26,Ross,1.483262692,-0.5428296707427129,0.5428296707427129,0.5735162937918511,FALSE,FALSE
1987-05-28,Ross,1.596788954,-0.5116451738814254,0.5116451738814254,0.5735162937918511,FALSE,FALSE
1987-05-30,Ross,1.636300122,-0.5555497371432463,0.5555497371432463,0.5735162937918511,FALSE,FALSE
1987-06-01,Ross,1.723240518,-0.5532238970140997,0.5532238970140997,0.5735162937918511,FALSE,FALSE
1987-06-03,Ross,1.710878174,-0.6514851804167463,0.6514851804167463,0.5735162937918511,TRUE,TRUE
1987-06-05,Ross,1.698784118,-0.7506825736414722,0.7506825736414722,0.5735162937918511,TRUE,TRUE
1987-06-07,Ross,1.810255681,-0.7273951776196974,0.7273951776196974,0.5735162937918511,TRUE,TRUE
1987-06-09,Ross,1.872819292,-0.7539729950706304,0.7539729950706304,0.5735162937918511,TRUE,TRUE
1987-06-11,Ross,1.901237817,-0.8155295917134906,0.8155295917134906,0.5735162937918511,TRUE,TRUE
1987-06-13,Ross,2.003727755,-0.8037249002674831,0.8037249002674831,0.5735162937918511,TRUE,TRUE
1987-06-15,Ross,2.172872084,-0.725822391398137,0.725822391398137,0.5735162937918511,TRUE,TRUE
1987-06-17,Ross,2.323840617,-0.6661776984503169,0.6661776984503169,0.5735162937918511,TRUE,TRUE
1987-06-19,Ross,2.397107487,-0.683647409826722,0.683647409826722,0.5735162937918511,TRUE,TRUE
1987-06-21,Ross,2.568069237,-0.6021629717242738,0.6021629717242738,0.5735162937918511,TRUE,TRUE
1987-06-23,Ross,2.763375987,-0.4944022533399038,0.4944022533399038,0.5735162937918511,FALSE,FALSE
1987-06-25,Ross,2.889045206,-0.4536757748705371,0.4536757748705371,0.5735162937918511,FALSE,FALSE
1987-06-27,Ross,3.057600428,-0.36680304997485846,0.36680304997485846,0.5735162937918511,FALSE,FALSE
1987-06-29,Ross,3.172762173,-0.3300041092915964,0.3300041092915964,0.5735162937918511,FALSE,FALSE
1987-07-01,Ross,3.281669389,-0.29686380958395775,0.29686380958395775,0.5735162937918511,FALSE,FALSE
1987-07-03,Ross,3.250879123,-0.4016019727680109,0.4016019727680109,0.5735162937918511,FALSE,FALSE
1987-07-05,Ross,3.299760346,-0.42562649675982867,0.42562649675982867,0.5735162937918511,FALSE,FALSE
1987-07-07,Ross,3.344984087,-0.4530432214754776,0.4530432214754776,0.5735162937918511,FALSE,FALSE
1987-07-09,Ross,3.420280089,-0.45089896536160623,0.45089896536160623,0.5735162937918511,FALSE,FALSE
1987-07-11,Ross,3.517559196,-0.42768752173400815,0.42768752173400815,0.5735162937918511,FALSE,FALSE
1987-07-13,Ross,3.570973705,-0.4485671977433494,0.4485671977433494,0.5735162937918511,FALSE,FALSE
1987-07-15,Ross,3.644348265,-0.4488237973301232,0.4488237973301232,0.5735162937918511,FALSE,FALSE
1987-07-17,Ross,3.767460629,-0.3977900204348326,0.3977900204348326,0.5735162937918511,FALSE,FALSE
1987-07-19,Ross,3.854128087,-0.3807590299979808,0.3807590299979808,0.5735162937918511,FALSE,FALSE
1987-07-21,Ross,3.902690499,-0.39850141896006885,0.39850141896006885,0.5735162937918511,FALSE,FALSE
1987-07-23,Ross,3.965223183,-0.39821118662078625,0.39821118662078625,0.5735162937918511,FALSE,FALSE
1987-07-25,Ross,3.999154138,-0.4228655292292687,0.4228655292292687,0.5735162937918511,FALSE,FALSE
1987-07-27,Ross,4.008801121,-0.4690464053039891,0.4690464053039891,0.5735162937918511,FALSE,FALSE
1987-07-29,Ross,4.017098073,-0.514721625987888,0.514721625987888,0.5735162937918511,FALSE,FALSE
1987-07-31,Ross,4.121128318,-0.46370961942389943,0.46370961942389943,0.5735162937918511,FALSE,FALSE
1987-08-01,Ross,4.271348173,-0.33992295584362164,0.33992295584362164,0.5735162937918511,FALSE,FALSE
1987-08-02,Ross,4.290214093,-0.3475899007549721,0.3475899007549721,0.5735162937918511,FALSE,FALSE
1987-08-03,Ross,4.27723927,-0.3873099795779495,0.3873099795779495,0.5735162937918511,FALSE,FALSE
1987-08-04,Ross,4.357569415,-0.3340070625917857,0.3340070625917857,0.5735162937918511,FALSE,FALSE
1987-08-05,Ross,4.404825499,-0.3139741513533405,0.3139741513533405,0.5735162937918511,FALSE,FALSE
1987-08-06,Ross,4.442614868,-0.30348279594289274,0.30348279594289274,0.5735162937918511,FALSE,FALSE
1987-08-07,Ross,4.532343755,-0.2410056594407184,0.2410056594407184,0.5735162937918511,FALSE,FALSE
1987-08-08,Ross,4.57630088,-0.22413291792708723,0.22413291792708723,0.5735162937918511,FALSE,FALSE
1987-08-09,Ross,4.614913261,-0.21231644948227313,0.21231644948227313,0.5735162937918511,FALSE,FALSE
1987-08-10,Ross,4.627992586,-0.22562346218655716,0.22562346218655716,0.5735162937918511,FALSE,FALSE
1987-08-11,Ross,4.650334653,-0.2291370541202058,0.2291370541202058,0.5735162937918511,FALSE,FALSE
1987-08-12,Ross,4.608571061,-0.2961045223634944,0.2961045223634944,0.5735162937918511,FALSE,FALSE
1987-08-13,Ross,4.605650985,-0.32345558799669494,0.32345558799669494,0.5735162937918511,FALSE,FALSE
1987-08-14,Ross,4.608797492,-0.34384608010008844,0.34384608010008844,0.5735162937918511,FALSE,FALSE
1987-08-15,Ross,4.609809655,-0.36535582175394055,0.36535582175394055,0.5735162937918511,FALSE,FALSE
1987-08-16,Ross,4.64103301,-0.35552215367373297,0.35552215367373297,0.5735162937918511,FALSE,FALSE
1987-08-17,Ross,4.633817712,-0.3829961114022869,0.3829961114022869,0.5735162937918511,FALSE,FALSE
1987-08-18,Ross,4.628122643,-0.40795542298885223,0.40795542298885223,0.5735162937918511,FALSE,FALSE
1987-08-19,Ross,4.6221312470000004,-0.432360675821684,0.432360675821684,0.5735162937918511,FALSE,FALSE
1987-08-20,Ross,4.643843885,-0.4283555402890391,0.4283555402890391,0.5735162937918511,FALSE,FALSE
1987-08-21,Ross,4.713905773,-0.3754388317791664,0.3754388317791664,0.5735162937918511,FALSE,FALSE
1987-08-22,Ross,4.755151191,-0.35092030168032373,0.35092030168032373,0.5735162937918511,FALSE,FALSE
1987-08-23,Ross,4.757667569,-0.3648565513807646,0.3648565513807646,0.5735162937918511,FALSE,FALSE
1987-08-24,Ross,4.81984204,-0.3190044792687363,0.3190044792687363,0.5735162937918511,FALSE,FALSE
1987-08-25,Ross,4.837423111,-0.3177596097325033,0.3177596097325033,0.5735162937918511,FALSE,FALSE
1987-08-26,Ross,4.870175694,-0.3015010621603089,0.3015010621603089,0.5735162937918511,FALSE,FALSE
1987-08-27,Ross,4.889335793,-0.29913686394041417,0.29913686394041417,0.5735162937918511,FALSE,FALSE
1987-08-28,Ross,4.928622429,-0.27709202546106937,0.27709202546106937,0.5735162937918511,FALSE,FALSE
1987-08-29,Ross,5.003165817,-0.22035308431474743,0.22035308431474743,0.5735162937918511,FALSE,FALSE
1987-08-30,Ross,5.078085621,-0.16375133686592225,0.16375133686592225,0.5735162937918511,FALSE,FALSE
1987-08-31,Ross,5.08723587,-0.17332142105747295,0.17332142105747295,0.5735162937918511,FALSE,FALSE
1987-09-01,Ross,5.116632151,-0.1629363050983388,0.1629363050983388,0.5735162937918511,FALSE,FALSE
1987-09-02,Ross,5.173146112,-0.12561289619746052,0.12561289619746052,0.5735162937918511,FALSE,FALSE
1987-09-03,Ross,5.195613361,-0.12240414156377533,0.12240414156377533,0.5735162937918511,FALSE,FALSE
1987-09-04,Ross,5.20766587,-0.12956662440622058,0.12956662440622058,0.5735162937918511,FALSE,FALSE
1987-09-05,Ross,5.254463154,-0.10182938493373328,0.10182938493373328,0.5735162937918511,FALSE,FALSE
1987-09-06,Ross,5.275562764,-0.099523427355253,0.099523427355253,0.5735162937918511,FALSE,FALSE
1987-09-07,Ross,5.326663509,-0.06683849787971674,0.06683849787971674,0.5735162937918511,FALSE,FALSE
1987-09-08,Ross,5.415929757,0.00450121628393951,0.00450121628393951,0.5735162937918511,FALSE,FALSE
1987-09-09,Ross,5.465889151,0.03713480292677307,0.03713480292677307,0.5735162937918511,FALSE,FALSE
1987-09-10,Ross,5.513561399,0.0681929522386806,0.0681929522386806,0.5735162937918511,FALSE,FALSE
1987-09-11,Ross,5.524836503,0.06363273292128113,0.06363273292128113,0.5735162937918511,FALSE,FALSE
1987-09-12,Ross,5.547880107,0.07160738585446413,0.07160738585446413,0.5735162937918511,FALSE,FALSE
1987-09-13,Ross,5.56036068,0.06976460943869878,0.06976460943869878,0.5735162937918511,FALSE,FALSE
1987-09-14,Ross,5.533901111,0.02970652207446456,0.02970652207446456,0.5735162937918511,FALSE,FALSE
1987-09-15,Ross,5.515041602,-0.0020474448377703,0.0020474448377703,0.5735162937918511,FALSE,FALSE
1987-09-16,Ross,5.490326588,-0.03897362689752981,0.03897362689752981,0.5735162937918511,FALSE,FALSE
1987-09-17,Ross,5.429600838,-0.11124802570434068,0.11124802570434068,0.5735162937918511,FALSE,FALSE
1987-09-18,Ross,5.321633321,-0.23012244285773065,0.23012244285773065,0.5735162937918511,FALSE,FALSE
1987-09-19,Ross,5.32727867,-0.23476301595722493,0.23476301595722493,0.5735162937918511,FALSE,FALSE
1987-09-20,Ross,5.334592669,-0.2371347316023522,0.2371347316023522,0.5735162937918511,FALSE,FALSE
1987-09-21,Ross,5.319255479,-0.2615781993926367,0.2615781993926367,0.5735162937918511,FALSE,FALSE
1987-09-22,Ross,5.313637421,-0.2757438689276075,0.2757438689276075,0.5735162937918511,FALSE,FALSE
1987-09-23,Ross,5.251349031,-0.34604016506798096,0.34604016506798096,0.5735162937918511,FALSE,FALSE
1987-09-24,Ross,5.239442682,-0.3654143003846082,0.3654143003846082,0.5735162937918511,FALSE,FALSE
1987-09-25,Ross,5.255786192,-0.3559862890996497,0.3559862890996497,0.5735162937918511,FALSE,FALSE
1987-09-26,Ross,5.231142298,-0.3869810615228255,0.3869810615228255,0.5735162937918511,FALSE,FALSE
1987-09-27,Ross,5.201460981,-0.4224363039638561,0.4224363039638561,0.5735162937918511,FALSE,FALSE
1987-09-28,Ross,5.132545749,-0.4965361757324605,0.4965361757324605,0.5735162937918511,FALSE,FALSE
1987-09-29,Ross,5.198444234,-0.4352207121383546,0.4352207121383546,0.5735162937918511,FALSE,FALSE
1987-09-30,Ross,5.199158907,-0.43847510949125823,0.43847510949125823,0.5735162937918511,FALSE,FALSE
1987-10-01,Ross,5.168310847,-0.4726659561008902,0.4726659561008902,0.5735162937918511,FALSE,FALSE
1987-10-02,Ross,5.145221313,-0.49845966027696864,0.49845966027696864,0.5735162937918511,FALSE,FALSE
1987-10-03,Ross,5.165337135,-0.4803970593292126,0.4803970593292126,0.5735162937918511,FALSE,FALSE
1987-10-04,Ross,5.195560007,-0.45156412656734,0.45156412656734,0.5735162937918511,FALSE,FALSE
1987-10-05,Ross,5.187324874,-0.4605135771821746,0.4605135771821746,0.5735162937918511,FALSE,FALSE
1987-10-06,Ross,5.26602292,-0.38183327613816687,0.38183327613816687,0.5735162937918511,FALSE,FALSE
1987-10-07,Ross,5.374407998,-0.2727230890528842,0.2727230890528842,0.5735162937918511,FALSE,FALSE
1987-10-08,Ross,5.401290323,-0.24432188540689292,0.24432188540689292,0.5735162937918511,FALSE,FALSE
1987-10-09,Ross,5.388464156,-0.2547844886807473,0.2547844886807473,0.5735162937918511,FALSE,FALSE
1987-10-10,Ross,5.406719219,-0.2332702613550124,0.2332702613550124,0.5735162937918511,FALSE,FALSE
1987-10-11,Ross,5.44169248,-0.19409131991024783,0.19409131991024783,0.5735162937918511,FALSE,FALSE
1987-10-12,Ross,5.421232277,-0.20934841082701272,0.20934841082701272,0.5735162937918511,FALSE,FALSE
1987-10-13,Ross,5.4117671,-0.2125621285858701,0.2125621285858701,0.5735162937918511,FALSE,FALSE
1987-10-14,Ross,5.426382265,-0.190596241667377,0.190596241667377,0.5735162937918511,FALSE,FALSE
1987-10-15,Ross,5.371193855,-0.2372837515520967,0.2372837515520967,0.5735162937918511,FALSE,FALSE
1987-10-16,Ross,5.337409522,-0.2613660907205917,0.2613660907205917,0.5735162937918511,FALSE,FALSE
1987-10-17,Ross,5.329347906,-0.2584737036534195,0.2584737036534195,0.5735162937918511,FALSE,FALSE
1987-10-18,Ross,5.305432467,-0.2701360500587029,0.2701360500587029,0.5735162937918511,FALSE,FALSE
1987-10-19,Ross,5.255744898,-0.3063058157416467,0.3063058157416467,0.5735162937918511,FALSE,FALSE
1987-10-20,Ross,5.20394328,-0.3434371746496989,0.3434371746496989,0.5735162937918511,FALSE,FALSE
1987-10-21,Ross,5.235137812,-0.2965353009123719,0.2965353009123719,0.5735162937918511,FALSE,FALSE
1987-10-22,Ross,5.268338942,-0.24670511965917452,0.24670511965917452,0.5735162937918511,FALSE,FALSE
1987-10-23,Ross,5.242836723,-0.25477195101961847,0.25477195101961847,0.5735162937918511,FALSE,FALSE
1987-10-24,Ross,5.160417396,-0.3190649271232129,0.3190649271232129,0.5735162937918511,FALSE,FALSE
1987-10-25,Ross,5.150439706,-0.31034067609946625,0.31034067609946625,0.5735162937918511,FALSE,FALSE
1987-10-26,Ross,5.168879661,-0.27273856307789135,0.27273856307789135,0.5735162937918511,FALSE,FALSE
1987-10-27,Ross,5.144503459,-0.27760776318799696,0.27760776318799696,0.5735162937918511,FALSE,FALSE
1987-10-28,Ross,5.104386079,-0.2979886705592918,0.2979886705592918,0.5735162937918511,FALSE,FALSE
1987-10-29,Ross,5.090906709,-0.2916174703212864,0.2916174703212864,0.5735162937918511,FALSE,FALSE
1987-10-30,Ross,5.070821282,-0.29185360260349125,0.29185360260349125,0.5735162937918511,FALSE,FALSE
1987-10-31,Ross,5.040188853,-0.30271330884975267,0.30271330884975267,0.5735162937918511,FALSE,FALSE
1987-11-01,Ross,5.017831453,-0.305252588354759,0.305252588354759,0.5735162937918511,FALSE,FALSE
1987-11-02,Ross,4.985649209,-0.31738875191771587,0.31738875191771587,0.5735162937918511,FALSE,FALSE
1987-11-03,Ross,5.032111733,-0.25046960904897375,0.25046960904897375,0.5735162937918511,FALSE,FALSE
1987-11-04,Ross,5.068988713,-0.19254289325888596,0.19254289325888596,0.5735162937918511,FALSE,FALSE
1987-11-05,Ross,5.053567938,-0.1861382370578033,0.1861382370578033,0.5735162937918511,FALSE,FALSE
1987-11-06,Ross,5.038652679,-0.17826979095607332,0.17826979095607332,0.5735162937918511,FALSE,FALSE
1987-11-07,Ross,5.039950503,-0.15304740946405104,0.15304740946405104,0.5735162937918511,FALSE,FALSE
1987-11-08,Ross,5.031092666,-0.13665725809208862,0.13665725809208862,0.5735162937918511,FALSE,FALSE
1987-11-09,Ross,5.029066235,-0.111929691350535,0.111929691350535,0.5735162937918511,FALSE,FALSE
1987-11-10,Ross,4.95394896,-0.15860438074974326,0.15860438074974326,0.5735162937918511,FALSE,FALSE
1987-11-11,Ross,4.918207826,-0.1640317628000627,0.1640317628000627,0.5735162937918511,FALSE,FALSE
1987-11-12,Ross,4.891256092,-0.15861748093021166,0.15861748093021166,0.5735162937918511,FALSE,FALSE
1987-11-13,Ross,4.868145839,-0.14721027949199428,0.14721027949199428,0.5735162937918511,FALSE,FALSE
1987-11-14,Ross,4.84687732,-0.13183387808485403,0.13183387808485403,0.5735162937918511,FALSE,FALSE
1987-11-15,Ross,4.8236455,-0.11632744192730549,0.11632744192730549,0.5735162937918511,FALSE,FALSE
1987-11-16,Ross,4.817359279,-0.0818162012378627,0.0818162012378627,0.5735162937918511,FALSE,FALSE
1987-11-17,Ross,4.788894428,-0.06745851523504331,0.06745851523504331,0.5735162937918511,FALSE,FALSE
1987-11-18,Ross,4.753506009,-0.0580334521373631,0.0580334521373631,0.5735162937918511,FALSE,FALSE
1987-11-19,Ross,4.68410165,-0.08066751416333418,0.08066751416333418,0.5735162937918511,FALSE,FALSE
1987-11-20,Ross,4.679357835,-0.03671834753147518,0.03671834753147518,0.5735162937918511,FALSE,FALSE
1987-11-21,Ross,4.592803783,-0.07269086346029674,0.07269086346029674,0.5735162937918511,FALSE,FALSE
1987-11-22,Ross,4.502863819,-0.11019486716832017,0.11019486716832017,0.5735162937918511,FALSE,FALSE
1987-11-23,Ross,4.44198799,-0.1168144418740571,0.1168144418740571,0.5735162937918511,FALSE,FALSE
1987-11-24,Ross,4.382979213,-0.1197808007960246,0.1197808007960246,0.5735162937918511,FALSE,FALSE
1987-11-25,Ross,4.31807484,-0.12686566125430954,0.12686566125430954,0.5735162937918511,FALSE,FALSE
1987-11-26,Ross,4.237746332,-0.14739467068889756,0.14739467068889756,0.5735162937918511,FALSE,FALSE
1987-11-27,Ross,4.170234303,-0.15281774411412383,0.15281774411412383,0.5735162937918511,FALSE,FALSE
1987-11-28,Ross,4.082019936,-0.17634342026707372,0.17634342026707372,0.5735162937918511,FALSE,FALSE
1987-11-29,Ross,4.010653937,-0.18011071488482866,0.18011071488482866,0.5735162937918511,FALSE,FALSE
1987-11-30,Ross,3.947709629,-0.17223602670447136,0.17223602670447136,0.5735162937918511,FALSE,FALSE
1987-12-01,Ross,3.857773429,-0.18782266046309104,0.18782266046309104,0.5735162937918511,FALSE,FALSE
1987-12-02,Ross,3.889288531,-0.0781171438977668,0.0781171438977668,0.5735162937918511,FALSE,FALSE
1988-01-14,Ross,0.35512726,-0.1820935182749779,0.1820935182749779,0.5735162937918511,FALSE,FALSE
1988-01-15,Ross,0.348975538,-0.17246721551513994,0.17246721551513994,0.5735162937918511,FALSE,FALSE
1988-01-16,Ross,0.344562682,-0.16139434760583363,0.16139434760583363,0.5735162937918511,FALSE,FALSE
1988-01-17,Ross,0.338146093,-0.15265295419687464,0.15265295419687464,0.5735162937918511,FALSE,FALSE
1988-01-18,Ross,0.336200147,-0.1398040999380778,0.1398040999380778,0.5735162937918511,FALSE,FALSE
1988-01-19,Ross,0.32133297,-0.14027509947925942,0.14027509947925942,0.5735162937918511,FALSE,FALSE
1988-01-20,Ross,0.310060021,-0.1375859344702341,0.1375859344702341,0.5735162937918511,FALSE,FALSE
1988-01-21,Ross,0.280223295,-0.1539300505608177,0.1539300505608177,0.5735162937918511,FALSE,FALSE
1988-01-22,Ross,0.239127958,-0.1820377224008253,0.1820377224008253,0.5735162937918511,FALSE,FALSE
1988-01-23,Ross,0.222463239,-0.1862551616400738,0.1862551616400738,0.5735162937918511,FALSE,FALSE
1988-01-24,Ross,0.23714996,-0.15969698692837797,0.15969698692837797,0.5735162937918511,FALSE,FALSE
1988-01-25,Ross,0.237053204,-0.1485335559155527,0.1485335559155527,0.5735162937918511,FALSE,FALSE
1988-01-26,Ross,0.230238245,-0.14473503525141346,0.14473503525141346,0.5735162937918511,FALSE,FALSE
1988-01-27,Ross,0.19838036,-0.16665440361440795,0.16665440361440795,0.5735162937918511,FALSE,FALSE
1988-01-28,Ross,0.169353864,-0.18639696331451655,0.18639696331451655,0.5735162937918511,FALSE,FALSE
1988-01-29,Ross,0.175197204,-0.1718837164304537,0.1718837164304537,0.5735162937918511,FALSE,FALSE
1988-01-30,Ross,0.180936338,-0.15804808907266346,0.15804808907266346,0.5735162937918511,FALSE,FALSE
1988-01-31,Ross,0.182096184,-0.1493245473515868,0.1493245473515868,0.5735162937918511,FALSE,FALSE
1988-02-01,Ross,0.177732651,-0.14661656637766593,0.14661656637766593,0.5735162937918511,FALSE,FALSE
1988-02-02,Ross,0.15353872,-0.16419054926134416,0.16419054926134416,0.5735162937918511,FALSE,FALSE
1988-02-03,Ross,0.138673557,-0.17284671411306202,0.17284671411306202,0.5735162937918511,FALSE,FALSE
1988-02-04,Ross,0.132594882,-0.17308672504326175,0.17308672504326175,0.5735162937918511,FALSE,FALSE
1988-02-05,Ross,0.129530721,-0.1706419401623859,0.1706419401623859,0.5735162937918511,FALSE,FALSE
1988-02-06,Ross,0.126404944,-0.1685478735808765,0.1685478735808765,0.5735162937918511,FALSE,FALSE
1988-02-07,Ross,0.123886754,-0.1660947064091745,0.1660947064091745,0.5735162937918511,FALSE,FALSE
1988-02-08,Ross,0.123862946,-0.16135517793106155,0.16135517793106155,0.5735162937918511,FALSE,FALSE
1988-02-09,Ross,0.115760621,-0.16488154781342118,0.16488154781342118,0.5735162937918511,FALSE,FALSE
1988-02-10,Ross,0.118895315,-0.15737707063737572,0.15737707063737572,0.5735162937918511,FALSE,FALSE
1988-02-11,Ross,0.115212775,-0.15691945192484855,0.15691945192484855,0.5735162937918511,FALSE,FALSE
1988-02-12,Ross,0.110246133,-0.15799901219776255,0.15799901219776255,0.5735162937918511,FALSE,FALSE
1988-02-13,Ross,0.103490881,-0.1611437119780432,0.1611437119780432,0.5735162937918511,FALSE,FALSE
1988-02-14,Ross,0.105397361,-0.1559266617876114,0.1559266617876114,0.5735162937918511,FALSE,FALSE
1988-02-15,Ross,0.108481751,-0.1498551361483914,0.1498551361483914,0.5735162937918511,FALSE,FALSE
1988-02-16,Ross,0.107311161,-0.1483854775823097,0.1483854775823097,0.5735162937918511,FALSE,FALSE
1988-02-17,Ross,0.110385248,-0.14304148161128594,0.14304148161128594,0.5735162937918511,FALSE,FALSE
1988-02-18,Ross,0.117889703,-0.13366090975724637,0.13366090975724637,0.5735162937918511,FALSE,FALSE
1988-02-19,Ross,0.109792049,-0.1402996915421138,0.1402996915421138,0.5735162937918511,FALSE,FALSE
1988-02-20,Ross,0.104192271,-0.14488129448781195,0.14488129448781195,0.5735162937918511,FALSE,FALSE
1988-02-21,Ross,0.101713238,-0.1468045732814423,0.1468045732814423,0.5735162937918511,FALSE,FALSE
1988-02-22,Ross,0.121502186,-0.12692305585089414,0.12692305585089414,0.5735162937918511,FALSE,FALSE
1988-02-23,Ross,0.129430174,-0.11935250377757348,0.11935250377757348,0.5735162937918511,FALSE,FALSE
1988-02-24,Ross,0.105972284,-0.1436044035894101,0.1436044035894101,0.5735162937918511,FALSE,FALSE
1988-02-25,Ross,0.094353137,-0.15644070281433073,0.15644070281433073,0.5735162937918511,FALSE,FALSE
1988-02-26,Ross,0.091898837,-0.16052186598026413,0.16052186598026413,0.5735162937918511,FALSE,FALSE
1988-02-27,Ross,0.101697317,-0.15274652861513632,0.15274652861513632,0.5735162937918511,FALSE,FALSE
1988-02-28,Ross,0.091903679,-0.1649461572468756,0.1649461572468756,0.5735162937918511,FALSE,FALSE
1988-03-01,Ross,0.076528213,-0.18622842261266692,0.18622842261266692,0.5735162937918511,FALSE,FALSE
1988-03-02,Ross,0.068512464,-0.19771811740257472,0.19771811740257472,0.5735162937918511,FALSE,FALSE
1988-03-03,Ross,0.068632399,-0.20140125030105988,0.20140125030105988,0.5735162937918511,FALSE,FALSE
1988-03-04,Ross,0.083483869,-0.1906685400383663,0.1906685400383663,0.5735162937918511,FALSE,FALSE
1988-03-05,Ross,0.100757923,-0.1778199798105167,0.1778199798105167,0.5735162937918511,FALSE,FALSE
1988-03-06,Ross,0.106336717,-0.17697901646322525,0.17697901646322525,0.5735162937918511,FALSE,FALSE
1988-03-07,Ross,0.107450102,-0.1809243599908023,0.1809243599908023,0.5735162937918511,FALSE,FALSE
1988-03-08,Ross,0.115370605,-0.17839204438755357,0.17839204438755357,0.5735162937918511,FALSE,FALSE
1988-03-09,Ross,0.132100483,-0.16738837364778697,0.16738837364778697,0.5735162937918511,FALSE,FALSE
1988-03-10,Ross,0.144509376,-0.16105226876581,0.16105226876581,0.5735162937918511,FALSE,FALSE
1988-03-11,Ross,0.149959168,-0.16203040673593097,0.16203040673593097,0.5735162937918511,FALSE,FALSE
1988-03-12,Ross,0.141269839,-0.17751136855245625,0.17751136855245625,0.5735162937918511,FALSE,FALSE
1988-03-13,Ross,0.142413167,-0.18353193720969124,0.18353193720969124,0.5735162937918511,FALSE,FALSE
1988-03-14,Ross,0.143470709,-0.1900191167019483,0.1900191167019483,0.5735162937918511,FALSE,FALSE
1988-03-15,Ross,0.137298654,-0.20412527902353036,0.20412527902353036,0.5735162937918511,FALSE,FALSE
1988-03-16,Ross,0.145835148,-0.2039208391687484,0.2039208391687484,0.5735162937918511,FALSE,FALSE
1988-03-17,Ross,0.13233415,-0.2261602386572183,0.2261602386572183,0.5735162937918511,FALSE,FALSE
1988-03-18,Ross,0.136587614,-0.23105591617664004,0.23105591617664004,0.5735162937918511,FALSE,FALSE
1988-03-19,Ross,0.131004724,-0.2461988881889465,0.2461988881889465,0.5735162937918511,FALSE,FALSE
1988-03-20,Ross,0.135284987,-0.25188965077922576,0.25188965077922576,0.5735162937918511,FALSE,FALSE
1988-03-21,Ross,0.153742843,-0.2438137670325636,0.2438137670325636,0.5735162937918511,FALSE,FALSE
1988-03-22,Ross,0.173435852,-0.234913680034048,0.234913680034048,0.5735162937918511,FALSE,FALSE
1988-03-23,Ross,0.165447574,-0.2541058328687682,0.2541058328687682,0.5735162937918511,FALSE,FALSE
1988-03-24,Ross,0.186130379,-0.24503785862180688,0.24503785862180688,0.5735162937918511,FALSE,FALSE
1988-03-25,Ross,0.237561805,-0.2056322223782557,0.2056322223782557,0.5735162937918511,FALSE,FALSE
1988-03-26,Ross,0.298862334,-0.15676844522319827,0.15676844522319827,0.5735162937918511,FALSE,FALSE
1988-03-27,Ross,0.279586632,-0.18889186424172616,0.18889186424172616,0.5735162937918511,FALSE,FALSE
1988-03-28,Ross,0.285614669,-0.1961225125189225,0.1961225125189225,0.5735162937918511,FALSE,FALSE
1988-03-29,Ross,0.353668007,-0.1417388311398765,0.1417388311398765,0.5735162937918511,FALSE,FALSE
1988-03-30,Ross,0.354974818,-0.15451393519165907,0.15451393519165907,0.5735162937918511,FALSE,FALSE
1988-03-31,Ross,0.312321417,-0.21166981515885436,0.21166981515885436,0.5735162937918511,FALSE,FALSE
1988-04-01,Ross,0.330238427,-0.20868653947875787,0.20868653947875787,0.5735162937918511,FALSE,FALSE
1988-04-02,Ross,0.340060666,-0.2142399835611263,0.2142399835611263,0.5735162937918511,FALSE,FALSE
1988-04-03,Ross,0.356765443,-0.213363531815722,0.213363531815722,0.5735162937918511,FALSE,FALSE
1988-04-04,Ross,0.37444799,-0.21197264565230264,0.21197264565230264,0.5735162937918511,FALSE,FALSE
1988-04-05,Ross,0.383258482,-0.2199278434806251,0.2199278434806251,0.5735162937918511,FALSE,FALSE
1988-04-06,Ross,0.380224765,-0.2402119727104528,0.2402119727104528,0.5735162937918511,FALSE,FALSE
1988-04-07,Ross,0.389718529,-0.2484640367515421,0.2484640367515421,0.5735162937918511,FALSE,FALSE
1988-04-08,Ross,0.40445692,-0.25197758301365214,0.25197758301365214,0.5735162937918511,FALSE,FALSE
1988-04-09,Ross,0.415514072,-0.25968917090654453,0.25968917090654453,0.5735162937918511,FALSE,FALSE
1988-04-10,Ross,0.464994571,-0.22950490783997665,0.22950490783997665,0.5735162937918511,FALSE,FALSE
1988-04-11,Ross,0.506951942,-0.20738166237534084,0.20738166237534084,0.5735162937918511,FALSE,FALSE
1988-04-12,Ross,0.519177399,-0.2155172438110431,0.2155172438110431,0.5735162937918511,FALSE,FALSE
1988-04-13,Ross,0.535237412,-0.22029897675862,0.22029897675862,0.5735162937918511,FALSE,FALSE
1988-04-14,Ross,0.557577245,-0.21923210131255888,0.21923210131255888,0.5735162937918511,FALSE,FALSE
1988-04-15,Ross,0.578337079,-0.22012694056734897,0.22012694056734897,0.5735162937918511,FALSE,FALSE
1988-04-16,Ross,0.62777675,-0.1926741626174759,0.1926741626174759,0.5735162937918511,FALSE,FALSE
1988-04-17,Ross,0.636360095,-0.20636043455742847,0.20636043455742847,0.5735162937918511,FALSE,FALSE
1988-04-18,Ross,0.654173955,-0.2110494194816932,0.2110494194816932,0.5735162937918511,FALSE,FALSE
1988-04-19,Ross,0.733067952,-0.15484199948475985,0.15484199948475985,0.5735162937918511,FALSE,FALSE
1988-04-20,Ross,0.743328793,-0.16740197166111215,0.16740197166111215,0.5735162937918511,FALSE,FALSE
1988-04-21,Ross,0.766710418,-0.16692590010523867,0.16692590010523867,0.5735162937918511,FALSE,FALSE
1988-04-22,Ross,0.795670391,-0.16090672491162883,0.16090672491162883,0.5735162937918511,FALSE,FALSE
1988-04-23,Ross,0.817063833,-0.16243982917476762,0.16243982917476762,0.5735162937918511,FALSE,FALSE
1988-04-24,Ross,0.811404301,-0.19097225649581828,0.19097225649581828,0.5735162937918511,FALSE,FALSE
1988-04-25,Ross,0.796306943,-0.22894535066923496,0.22894535066923496,0.5735162937918511,FALSE,FALSE
1988-04-26,Ross,0.749591688,-0.2986486645236983,0.2986486645236983,0.5735162937918511,FALSE,FALSE
1988-04-27,Ross,0.786292377,-0.28515839707937374,0.28515839707937374,0.5735162937918511,FALSE,FALSE
1988-04-28,Ross,0.801619028,-0.29337457035643233,0.29337457035643233,0.5735162937918511,FALSE,FALSE
1988-04-29,Ross,0.811928363,-0.30705050237504494,0.30705050237504494,0.5735162937918511,FALSE,FALSE
1988-04-30,Ross,0.874694375,-0.2688222401553835,0.2688222401553835,0.5735162937918511,FALSE,FALSE
1988-05-01,Ross,0.914124022,-0.25459286571761464,0.25459286571761464,0.5735162937918511,FALSE,FALSE
1988-05-02,Ross,0.984396701,-0.21029302208190892,0.21029302208190892,0.5735162937918511,FALSE,FALSE
1988-05-03,Ross,1.016853618,-0.20469154326843775,0.20469154326843775,0.5735162937918511,FALSE,FALSE
1988-05-04,Ross,1.020969729,-0.22842351329737043,0.22842351329737043,0.5735162937918511,FALSE,FALSE
1988-05-05,Ross,1.090258432,-0.18808557418887584,0.18808557418887584,0.5735162937918511,FALSE,FALSE
1988-05-06,Ross,1.081664617,-0.22684278709134653,0.22684278709134653,0.5735162937918511,FALSE,FALSE
1988-05-07,Ross,1.080084737,-0.25985910274705226,0.25985910274705226,0.5735162937918511,FALSE,FALSE
1988-05-08,Ross,1.090029759,-0.2825520888398214,0.2825520888398214,0.5735162937918511,FALSE,FALSE
1988-05-09,Ross,1.085267954,-0.3210603118415052,0.3210603118415052,0.5735162937918511,FALSE,FALSE
1988-05-10,Ross,1.088795372,-0.35229455922395125,0.35229455922395125,0.5735162937918511,FALSE,FALSE
1988-05-11,Ross,1.083505414,-0.3932682674590075,0.3932682674590075,0.5735162937918511,FALSE,FALSE
1988-05-12,Ross,1.107472974,-0.405813380018527,0.405813380018527,0.5735162937918511,FALSE,FALSE
1988-05-13,Ross,1.154142463,-0.3963923233743558,0.3963923233743558,0.5735162937918511,FALSE,FALSE
1988-05-14,Ross,1.202928789,-0.38549702699834376,0.38549702699834376,0.5735162937918511,FALSE,FALSE
1988-05-15,Ross,1.218468618,-0.4083976623623422,0.4083976623623422,0.5735162937918511,FALSE,FALSE
1988-05-16,Ross,1.312870847,-0.35289216993819705,0.35289216993819705,0.5735162937918511,FALSE,FALSE
1988-05-17,Ross,1.357830347,-0.34719251619776137,0.34719251619776137,0.5735162937918511,FALSE,FALSE
1988-05-18,Ross,1.368786078,-0.3757665786128832,0.3757665786128832,0.5735162937918511,FALSE,FALSE
1988-05-19,Ross,1.453601421,-0.33066085820596247,0.33066085820596247,0.5735162937918511,FALSE,FALSE
1988-05-20,Ross,1.531177093,-0.29294007487063767,0.29294007487063767,0.5735162937918511,FALSE,FALSE
1988-05-21,Ross,1.606267276,-0.2578640208909049,0.2578640208909049,0.5735162937918511,FALSE,FALSE
1988-05-22,Ross,1.668500236,-0.23582003757750616,0.23582003757750616,0.5735162937918511,FALSE,FALSE
1988-05-23,Ross,1.722781793,-0.22191791224118185,0.22191791224118185,0.5735162937918511,FALSE,FALSE
1988-05-24,Ross,1.777491959,-0.20779324019267076,0.20779324019267076,0.5735162937918511,FALSE,FALSE
1988-05-25,Ross,1.817712785,-0.20837957774271287,0.20837957774271287,0.5735162937918511,FALSE,FALSE
1988-05-26,Ross,1.897480448,-0.1696563552020507,0.1696563552020507,0.5735162937918511,FALSE,FALSE
1988-05-27,Ross,1.998625159,-0.10980896888142544,0.10980896888142544,0.5735162937918511,FALSE,FALSE
1988-05-28,Ross,2.065866629,-0.08413331509157773,0.08413331509157773,0.5735162937918511,FALSE,FALSE
1988-05-29,Ross,2.151031339,-0.04081852014324605,0.04081852014324605,0.5735162937918511,FALSE,FALSE
1988-05-30,Ross,2.149007062,-0.08499241834717397,0.08499241834717397,0.5735162937918511,FALSE,FALSE
1988-05-31,Ross,2.12918001,-0.1472844050141,0.1472844050141,0.5735162937918511,FALSE,FALSE
1988-06-01,Ross,2.120275747,-0.1989798650496923,0.1989798650496923,0.5735162937918511,FALSE,FALSE
1988-06-02,Ross,2.20052508,-0.1618382744167466,0.1618382744167466,0.5735162937918511,FALSE,FALSE
1988-06-03,Ross,2.303555443,-0.10221675329237324,0.10221675329237324,0.5735162937918511,FALSE,FALSE
1988-06-04,Ross,2.47405772,0.02459102835852755,0.02459102835852755,0.5735162937918511,FALSE,FALSE
1988-06-05,Ross,2.507031462,0.0136000675710548,0.0136000675710548,0.5735162937918511,FALSE,FALSE
1988-06-06,Ross,2.500678317,-0.0369725416196971,0.0369725416196971,0.5735162937918511,FALSE,FALSE
1988-06-07,Ross,2.485661556,-0.09644808217862444,0.09644808217862444,0.5735162937918511,FALSE,FALSE
1988-06-08,Ross,2.429259045,-0.1975332420706306,0.1975332420706306,0.5735162937918511,FALSE,FALSE
1988-06-09,Ross,2.405945024,-0.2657383352606195,0.2657383352606195,0.5735162937918511,FALSE,FALSE
1988-06-10,Ross,2.384540928,-0.3322264807134907,0.3322264807134907,0.5735162937918511,FALSE,FALSE
1988-06-11,Ross,2.451892747,-0.3101362423941443,0.3101362423941443,0.5735162937918511,FALSE,FALSE
1988-06-12,Ross,2.500178665,-0.30727399026748303,0.30727399026748303,0.5735162937918511,FALSE,FALSE
1988-06-13,Ross,2.553801081,-0.29922125574459013,0.29922125574459013,0.5735162937918511,FALSE,FALSE
1988-06-14,Ross,2.642217722,-0.25647675339813736,0.25647675339813736,0.5735162937918511,FALSE,FALSE
1988-06-15,Ross,2.751532156,-0.1928556460835091,0.1928556460835091,0.5735162937918511,FALSE,FALSE
1988-06-16,Ross,2.90332734,-0.0866909754503169,0.0866909754503169,0.5735162937918511,FALSE,FALSE
1988-06-17,Ross,2.910491903,-0.12501011114818583,0.12501011114818583,0.5735162937918511,FALSE,FALSE
1988-06-18,Ross,2.967471452,-0.11328344482672216,0.11328344482672216,0.5735162937918511,FALSE,FALSE
1988-06-19,Ross,2.989552222,-0.1361407401355463,0.1361407401355463,0.5735162937918511,FALSE,FALSE
1988-06-20,Ross,3.013114841,-0.15711736772427365,0.15711736772427365,0.5735162937918511,FALSE,FALSE
1988-06-21,Ross,3.023119135,-0.19116950024252155,0.19116950024252155,0.5735162937918511,FALSE,FALSE
1988-06-22,Ross,3.048887969,-0.20889027133990368,0.20889027133990368,0.5735162937918511,FALSE,FALSE
1988-06-23,Ross,3.099819415,-0.2007976076660376,0.2007976076660376,0.5735162937918511,FALSE,FALSE
1988-06-24,Ross,3.186850386,-0.155870594870537,0.155870594870537,0.5735162937918511,FALSE,FALSE
1988-06-25,Ross,3.262271725,-0.1217343886030191,0.1217343886030191,0.5735162937918511,FALSE,FALSE
1988-06-26,Ross,3.262630733,-0.16177274497485872,0.16177274497485872,0.5735162937918511,FALSE,FALSE
1988-06-27,Ross,3.266073488,-0.1978844324435296,0.1978844324435296,0.5735162937918511,FALSE,FALSE
1988-06-28,Ross,3.281615623,-0.2211506592915966,0.2211506592915966,0.5735162937918511,FALSE,FALSE
1988-06-29,Ross,3.332878029,-0.2080476431335705,0.2080476431335705,0.5735162937918511,FALSE,FALSE
1988-06-30,Ross,3.445174972,-0.13335822658395813,0.13335822658395813,0.5735162937918511,FALSE,FALSE
1988-07-01,Ross,3.472223612,-0.1434623582572665,0.1434623582572665,0.5735162937918511,FALSE,FALSE
1988-07-02,Ross,3.514725946,-0.13775514976801073,0.13775514976801073,0.5735162937918511,FALSE,FALSE
1988-07-03,Ross,3.603356068,-0.08565961573069458,0.08565961573069458,0.5735162937918511,FALSE,FALSE
1988-07-04,Ross,3.670090471,-0.05529637175982849,0.05529637175982849,0.5735162937918511,FALSE,FALSE
1988-07-05,Ross,3.704019768,-0.05767191346992106,0.05767191346992106,0.5735162937918511,FALSE,FALSE
1988-07-06,Ross,3.80691668,0.00888937152452262,0.00888937152452262,0.5735162937918511,FALSE,FALSE
1988-07-07,Ross,3.87484673,0.04035589760898395,0.04035589760898395,0.5735162937918511,FALSE,FALSE
1988-07-08,Ross,3.911708605,0.04052955063839381,0.04052955063839381,0.5735162937918511,FALSE,FALSE
1988-07-09,Ross,3.936818376,0.02868940184802904,0.02868940184802904,0.5735162937918511,FALSE,FALSE
1988-07-10,Ross,3.94467212,-5.745977340083641e-4,5.745977340083641e-4,0.5735162937918511,FALSE,FALSE
1988-07-11,Ross,3.960205171,-0.02221592072528055,0.02221592072528055,0.5735162937918511,FALSE,FALSE
1988-07-12,Ross,3.971895091,-0.04764581174334958,0.04764581174334958,0.5735162937918511,FALSE,FALSE
1988-07-13,Ross,4.030593492,-0.02590146540577365,0.02590146540577365,0.5735162937918511,FALSE,FALSE
1988-07-14,Ross,4.099008692,0.00583662966987663,0.00583662966987663,0.5735162937918511,FALSE,FALSE
1988-07-15,Ross,4.123774211,-0.00568681313395202,0.00568681313395202,0.5735162937918511,FALSE,FALSE
1988-07-16,Ross,4.139908368,-0.02534228143483208,0.02534228143483208,0.5735162937918511,FALSE,FALSE
1988-07-17,Ross,4.131085621,-0.0693441238503194,0.0693441238503194,0.5735162937918511,FALSE,FALSE
1988-07-18,Ross,4.203568525,-0.03131859199798104,0.03131859199798104,0.5735162937918511,FALSE,FALSE
1988-07-19,Ross,4.242043343,-0.02646822949537775,0.02646822949537775,0.5735162937918511,FALSE,FALSE
1988-07-20,Ross,4.274768784,-0.02642313396006912,0.02642313396006912,0.5735162937918511,FALSE,FALSE
1988-07-21,Ross,4.287429457,-0.04539642682171774,0.04539642682171774,0.5735162937918511,FALSE,FALSE
1988-07-22,Ross,4.263894332,-0.09954003762078668,0.09954003762078668,0.5735162937918511,FALSE,FALSE
1988-07-23,Ross,4.281950535,-0.11117752275068328,0.11117752275068328,0.5735162937918511,FALSE,FALSE
1988-07-24,Ross,4.312575008,-0.10944465922926928,0.10944465922926928,0.5735162937918511,FALSE,FALSE
1988-07-25,Ross,4.380315393,-0.06990652407441367,0.06990652407441367,0.5735162937918511,FALSE,FALSE
1988-07-26,Ross,4.441328557,-0.03651896930398912,0.03651896930398912,0.5735162937918511,FALSE,FALSE
1988-07-27,Ross,4.549896304,0.04488709006414027,0.04488709006414027,0.5735162937918511,FALSE,FALSE
1988-07-28,Ross,4.647246825,0.11542712601211225,0.11542712601211225,0.5735162937918511,FALSE,FALSE
1988-07-29,Ross,4.699739542,0.14134784152205349,0.14134784152205349,0.5735162937918511,FALSE,FALSE
1988-07-30,Ross,4.755877116,0.17103917857610007,0.17103917857610007,0.5735162937918511,FALSE,FALSE
1988-07-31,Ross,4.762213148,0.1509420191563784,0.1509420191563784,0.5735162937918511,FALSE,FALSE
1988-08-01,Ross,4.766732942,0.12892894824502754,0.12892894824502754,0.5735162937918511,FALSE,FALSE
1988-08-02,Ross,4.755489213,0.09093996342205024,0.09093996342205024,0.5735162937918511,FALSE,FALSE
1988-08-03,Ross,4.730135067,0.03855858940821388,0.03855858940821388,0.5735162937918511,FALSE,FALSE
1988-08-04,Ross,4.824586504,0.1057868536466593,0.1057868536466593,0.5735162937918511,FALSE,FALSE
1988-08-05,Ross,4.886225366,0.14012770205710723,0.14012770205710723,0.5735162937918511,FALSE,FALSE
1988-08-06,Ross,4.916336263,0.14298684855928112,0.14298684855928112,0.5735162937918511,FALSE,FALSE
1988-08-07,Ross,4.9201553,0.1197215020729132,0.1197215020729132,0.5735162937918511,FALSE,FALSE
1988-08-08,Ross,4.919326283,0.09209657251772718,0.09209657251772718,0.5735162937918511,FALSE,FALSE
1988-08-09,Ross,4.953871078,0.10025502981344214,0.10025502981344214,0.5735162937918511,FALSE,FALSE
1988-08-10,Ross,4.991040488,0.11156878087979472,0.11156878087979472,0.5735162937918511,FALSE,FALSE
1988-08-11,Ross,5.112181271,0.20750568763650537,0.20750568763650537,0.5735162937918511,FALSE,FALSE
1988-08-12,Ross,5.199347066,0.2702404930033051,0.2702404930033051,0.5735162937918511,FALSE,FALSE
1988-08-13,Ross,5.222293887,0.26965031489991187,0.26965031489991187,0.5735162937918511,FALSE,FALSE
1988-08-14,Ross,5.217469719,0.2423042422460595,0.2423042422460595,0.5735162937918511,FALSE,FALSE
1988-08-15,Ross,5.311275316,0.3147201523262666,0.3147201523262666,0.5735162937918511,FALSE,FALSE
1988-08-16,Ross,5.347608842,0.3307950185977129,0.3307950185977129,0.5735162937918511,FALSE,FALSE
1988-08-17,Ross,5.38576579,0.34968772401114734,0.34968772401114734,0.5735162937918511,FALSE,FALSE
1988-08-18,Ross,5.320483998,0.2659920751783158,0.2659920751783158,0.5735162937918511,FALSE,FALSE
1988-08-19,Ross,5.246386434,0.1741870087109607,0.1741870087109607,0.5735162937918511,FALSE,FALSE
1988-08-20,Ross,5.245198388,0.15585378322083443,0.15585378322083443,0.5735162937918511,FALSE,FALSE
1988-08-21,Ross,5.24536781,0.13929631731967618,0.13929631731967618,0.5735162937918511,FALSE,FALSE
1988-08-22,Ross,5.247113109,0.12458898861923552,0.12458898861923552,0.5735162937918511,FALSE,FALSE
1988-08-23,Ross,5.24190935,0.10306283073126377,0.10306283073126377,0.5735162937918511,FALSE,FALSE
1988-08-24,Ross,5.28694361,0.13176088926749685,0.13176088926749685,0.5735162937918511,FALSE,FALSE
1988-08-25,Ross,5.37018243,0.19850567383969064,0.19850567383969064,0.5735162937918511,FALSE,FALSE
1988-08-26,Ross,5.40383945,0.2153667930595864,0.2153667930595864,0.5735162937918511,FALSE,FALSE
1988-08-27,Ross,5.328703786,0.122989331538931,0.122989331538931,0.5735162937918511,FALSE,FALSE
1988-08-28,Ross,5.360763921,0.1372450196852526,0.1372450196852526,0.5735162937918511,FALSE,FALSE
1988-08-29,Ross,5.352458567,0.11062160913407836,0.11062160913407836,0.5735162937918511,FALSE,FALSE
1988-08-30,Ross,5.397386844,0.13682955294252697,0.13682955294252697,0.5735162937918511,FALSE,FALSE
1988-08-31,Ross,5.331281381,0.05171292490166124,0.05171292490166124,0.5735162937918511,FALSE,FALSE
1988-09-01,Ross,5.34018094,0.04142193180253883,0.04142193180253883,0.5735162937918511,FALSE,FALSE
1988-09-02,Ross,5.288047764,-0.02996973856377582,0.02996973856377582,0.5735162937918511,FALSE,FALSE
1988-09-03,Ross,5.313802463,-0.02343003140622013,0.02343003140622013,0.5735162937918511,FALSE,FALSE
1988-09-04,Ross,5.302589977,-0.05370256193373279,0.05370256193373279,0.5735162937918511,FALSE,FALSE
1988-09-05,Ross,5.394400189,0.01931399764474672,0.01931399764474672,0.5735162937918511,FALSE,FALSE
1988-09-06,Ross,5.450466134,0.05696412712028298,0.05696412712028298,0.5735162937918511,FALSE,FALSE
1988-09-07,Ross,5.539052004,0.12762346328393992,0.12762346328393992,0.5735162937918511,FALSE,FALSE
1988-09-08,Ross,5.650783853,0.2220295049267733,0.2220295049267733,0.5735162937918511,FALSE,FALSE
1988-09-09,Ross,5.768182396,0.32281394923868056,0.32281394923868056,0.5735162937918511,FALSE,FALSE
1988-09-10,Ross,5.877860937,0.4166571669212811,0.4166571669212811,0.5735162937918511,FALSE,FALSE
1988-09-11,Ross,5.847352558,0.3710798368544639,0.3710798368544639,0.5735162937918511,FALSE,FALSE
1988-09-12,Ross,5.817364138,0.32676806743869946,0.32676806743869946,0.5735162937918511,FALSE,FALSE
1988-09-13,Ross,5.887116485,0.3829218960744649,0.3829218960744649,0.5735162937918511,FALSE,FALSE
1988-09-14,Ross,5.945579899,0.4284908521622297,0.4284908521622297,0.5735162937918511,FALSE,FALSE
1988-09-15,Ross,5.958288484,0.4289882691024696,0.4289882691024696,0.5735162937918511,FALSE,FALSE
1988-09-16,Ross,5.920683769,0.3798349052956595,0.3798349052956595,0.5735162937918511,FALSE,FALSE
1988-09-17,Ross,5.908310746,0.3565549821422689,0.3565549821422689,0.5735162937918511,FALSE,FALSE
1988-09-18,Ross,5.811736384,0.24969469804277455,0.24969469804277455,0.5735162937918511,FALSE,FALSE
1988-09-19,Ross,5.780043777,0.2083163763976481,0.2083163763976481,0.5735162937918511,FALSE,FALSE
1988-09-20,Ross,5.672415659,0.09158198060736387,0.09158198060736387,0.5735162937918511,FALSE,FALSE
1988-09-21,Ross,5.725790319,0.13640902907239205,0.13640902907239205,0.5735162937918511,FALSE,FALSE
1988-09-22,Ross,5.736309268,0.13892007193201916,0.13892007193201916,0.5735162937918511,FALSE,FALSE
1988-09-23,Ross,5.719471787,0.11461480461539164,0.11461480461539164,0.5735162937918511,FALSE,FALSE
1988-09-24,Ross,5.756266411,0.14449392990035026,0.14449392990035026,0.5735162937918511,FALSE,FALSE
1988-09-25,Ross,5.73843472,0.1203113604771744,0.1203113604771744,0.5735162937918511,FALSE,FALSE
1988-09-26,Ross,5.748530801,0.1246335160361438,0.1246335160361438,0.5735162937918511,FALSE,FALSE
1988-09-27,Ross,5.706465786,0.07738386126753927,0.07738386126753927,0.5735162937918511,FALSE,FALSE
1988-09-28,Ross,5.675805285,0.04214033886164525,0.04214033886164525,0.5735162937918511,FALSE,FALSE
1988-09-29,Ross,5.638783224,0.00114920750874158,0.00114920750874158,0.5735162937918511,FALSE,FALSE
1988-09-30,Ross,5.643897682,0.00292087889911041,0.00292087889911041,0.5735162937918511,FALSE,FALSE
1988-10-01,Ross,5.62790443,-0.01577654327696898,0.01577654327696898,0.5735162937918511,FALSE,FALSE
1988-10-02,Ross,5.548329676,-0.09740451832921249,0.09740451832921249,0.5735162937918511,FALSE,FALSE
1988-10-03,Ross,5.656658457,0.00953432343265969,0.00953432343265969,0.5735162937918511,FALSE,FALSE
1988-10-04,Ross,5.741041976,0.09320352481782555,0.09320352481782555,0.5735162937918511,FALSE,FALSE
1988-10-05,Ross,5.807649796,0.15979359986183272,0.15979359986183272,0.5735162937918511,FALSE,FALSE
1988-10-06,Ross,5.87008219,0.22295110294711584,0.22295110294711584,0.5735162937918511,FALSE,FALSE
1988-10-07,Ross,5.938192118,0.2925799095931074,0.2925799095931074,0.5735162937918511,FALSE,FALSE
1988-10-08,Ross,5.968454443,0.325205798319252,0.325205798319252,0.5735162937918511,FALSE,FALSE
1988-10-09,Ross,5.967295423,0.3273059426449878,0.3273059426449878,0.5735162937918511,FALSE,FALSE
1988-10-10,Ross,5.969929515,0.3341457150897513,0.3341457150897513,0.5735162937918511,FALSE,FALSE
1988-10-11,Ross,5.944873671,0.3142929831729875,0.3142929831729875,0.5735162937918511,FALSE,FALSE
1988-10-12,Ross,5.925062137,0.3007329084141306,0.3007329084141306,0.5735162937918511,FALSE,FALSE
1988-10-13,Ross,5.850382824,0.23340431733262343,0.23340431733262343,0.5735162937918511,FALSE,FALSE
1988-10-14,Ross,5.844277736,0.2358001294479033,0.2358001294479033,0.5735162937918511,FALSE,FALSE
1988-10-15,Ross,5.843059561,0.24428394827940816,0.24428394827940816,0.5735162937918511,FALSE,FALSE
1988-10-16,Ross,5.883329736,0.2955081263465811,0.2955081263465811,0.5735162937918511,FALSE,FALSE
1988-10-17,Ross,5.919200987,0.3436324699412969,0.3436324699412969,0.5735162937918511,FALSE,FALSE
1988-10-18,Ross,5.869343576,0.30729286225835395,0.30729286225835395,0.5735162937918511,FALSE,FALSE
1988-10-19,Ross,5.779174142,0.2317936873503008,0.2317936873503008,0.5735162937918511,FALSE,FALSE
1988-10-20,Ross,5.779375676,0.2477025630876284,0.2477025630876284,0.5735162937918511,FALSE,FALSE
1988-10-21,Ross,5.811107891,0.29606382934082554,0.29606382934082554,0.5735162937918511,FALSE,FALSE
1988-10-22,Ross,5.791577674,0.2939689999803816,0.2939689999803816,0.5735162937918511,FALSE,FALSE
1988-10-23,Ross,5.811190383,0.331708059876787,0.331708059876787,0.5735162937918511,FALSE,FALSE
1988-10-24,Ross,5.8244508250000004,0.3636704429005339,0.3636704429005339,0.5735162937918511,FALSE,FALSE
1988-10-25,Ross,5.82760275,0.3859845259221082,0.3859845259221082,0.5735162937918511,FALSE,FALSE
1988-10-26,Ross,5.886288503,0.46417728081200327,0.46417728081200327,0.5735162937918511,FALSE,FALSE
1988-10-27,Ross,5.918389407,0.5160146574407083,0.5160146574407083,0.5735162937918511,FALSE,FALSE
1988-10-28,Ross,5.943837415,0.5613132356787132,0.5613132356787132,0.5735162937918511,FALSE,FALSE
1988-10-29,Ross,5.911307604,0.548632719396509,0.548632719396509,0.5735162937918511,FALSE,FALSE
1988-10-30,Ross,5.887842059,0.5449398971502468,0.5449398971502468,0.5735162937918511,FALSE,FALSE
1988-10-31,Ross,5.908394834,0.5853107926452408,0.5853107926452408,0.5735162937918511,TRUE,TRUE
1988-11-01,Ross,5.918457938,0.6154199770822846,0.6154199770822846,0.5735162937918511,TRUE,TRUE
1988-11-02,Ross,5.913989876,0.631408533951026,0.631408533951026,0.5735162937918511,TRUE,TRUE
1988-11-03,Ross,5.878063803,0.6165321967411135,0.6165321967411135,0.5735162937918511,TRUE,TRUE
1988-11-04,Ross,5.849210386,0.6095042109421973,0.6095042109421973,0.5735162937918511,TRUE,TRUE
1988-11-05,Ross,5.839504545,0.6225820750439262,0.6225820750439262,0.5735162937918511,TRUE,TRUE
1988-11-06,Ross,5.737497061,0.5444991485359489,0.5444991485359489,0.5735162937918511,FALSE,FALSE
1988-11-07,Ross,5.70364012,0.5358901959079114,0.5358901959079114,0.5735162937918511,FALSE,FALSE
1988-11-08,Ross,5.680117544,0.5391216176494646,0.5391216176494646,0.5735162937918511,FALSE,FALSE
1988-11-09,Ross,5.665754249,0.5532009082502567,0.5532009082502567,0.5735162937918511,FALSE,FALSE
1988-11-10,Ross,5.675311437,0.593071848199938,0.593071848199938,0.5735162937918511,TRUE,FALSE
1988-11-11,Ross,5.639912871,0.5900392980697884,0.5900392980697884,0.5735162937918511,TRUE,FALSE
1988-11-12,Ross,5.586605666,0.571249547508005,0.571249547508005,0.5735162937918511,FALSE,FALSE
1988-11-13,Ross,5.592532842,0.6138216439151458,0.6138216439151458,0.5735162937918511,TRUE,FALSE
1988-11-14,Ross,5.501029887,0.5610569450726945,0.5610569450726945,0.5735162937918511,FALSE,FALSE
1988-11-15,Ross,5.478747839,0.579572358762138,0.579572358762138,0.5735162937918511,TRUE,FALSE
1988-11-16,Ross,5.391796582,0.5354436387649564,0.5354436387649564,0.5735162937918511,FALSE,FALSE
1988-11-17,Ross,5.350980691,0.5394412298626374,0.5394412298626374,0.5735162937918511,FALSE,FALSE
1988-11-18,Ross,5.324232695,0.5594635308366662,0.5594635308366662,0.5735162937918511,FALSE,FALSE
1988-11-19,Ross,5.248880744,0.5328045614685246,0.5328045614685246,0.5735162937918511,FALSE,FALSE
1988-11-20,Ross,5.224903582,0.559408935539703,0.559408935539703,0.5735162937918511,FALSE,FALSE
1988-11-21,Ross,5.1615465,0.54848781383168,0.54848781383168,0.5735162937918511,FALSE,FALSE
1988-11-22,Ross,5.113019471,0.5542170391259429,0.5542170391259429,0.5735162937918511,FALSE,FALSE
1988-11-23,Ross,5.066570856,0.563810842203976,0.563810842203976,0.5735162937918511,FALSE,FALSE
1988-11-24,Ross,5.047393778,0.60245327674569,0.60245327674569,0.5735162937918511,TRUE,TRUE
1988-11-25,Ross,4.999151689,0.6140106863111017,0.6140106863111017,0.5735162937918511,TRUE,TRUE
1988-11-26,Ross,4.964312489,0.6412604418858763,0.6412604418858763,0.5735162937918511,TRUE,TRUE
1988-11-27,Ross,4.957532293,0.6991689367329261,0.6991689367329261,0.5735162937918511,TRUE,TRUE
1988-11-28,Ross,4.904043551,0.7132788991151715,0.7132788991151715,0.5735162937918511,TRUE,TRUE
1988-11-29,Ross,4.82965918,0.7097135242955286,0.7097135242955286,0.5735162937918511,TRUE,TRUE
1988-11-30,Ross,4.784672213,0.7390761235369094,0.7390761235369094,0.5735162937918511,TRUE,TRUE
1988-12-01,Ross,4.744257429,0.7768517541022333,0.7768517541022333,0.5735162937918511,TRUE,TRUE
1988-12-02,Ross,4.679774128,0.7947099942544145,0.7947099942544145,0.5735162937918511,TRUE,TRUE
1988-12-03,Ross,4.596446951,0.7981857632563694,0.7981857632563694,0.5735162937918511,TRUE,TRUE
1988-12-04,Ross,4.505975559,0.7992890003710156,0.7992890003710156,0.5735162937918511,TRUE,TRUE
1988-12-05,Ross,4.406065745,0.7960357768612654,0.7960357768612654,0.5735162937918511,TRUE,TRUE
1988-12-06,Ross,4.342410825,0.8344287846667675,0.8344287846667675,0.5735162937918511,TRUE,TRUE
1988-12-07,Ross,4.265288955,0.8647754457098973,0.8647754457098973,0.5735162937918511,TRUE,TRUE
1988-12-08,Ross,4.16889858,0.8806279484017896,0.8806279484017896,0.5735162937918511,TRUE,TRUE
1988-12-09,Ross,4.128644639,0.9566451854185392,0.9566451854185392,0.5735162937918511,TRUE,TRUE
1988-12-10,Ross,4.072519274,1.0200732524362266,1.0200732524362266,0.5735162937918511,TRUE,TRUE
1988-12-11,Ross,4.013597819,1.083241437130948,1.083241437130948,0.5735162937918511,TRUE,TRUE
1988-12-12,Ross,3.954807438,1.1483308571787894,1.1483308571787894,0.5735162937918511,TRUE,TRUE
1988-12-13,Ross,3.894972982,1.2134203172558409,1.2134203172558409,0.5735162937918511,TRUE,TRUE
1988-12-14,Ross,3.791440504,1.2351098240381946,1.2351098240381946,0.5735162937918511,TRUE,TRUE
1988-12-15,Ross,3.6816625,1.250105827201934,1.250105827201934,0.5735162937918511,TRUE,TRUE
1988-12-16,Ross,3.632135334,1.324158644423155,1.324158644423155,0.5735162937918511,TRUE,TRUE
1988-12-17,Ross,3.509139202,1.3228024253779431,1.3228024253779431,0.5735162937918511,TRUE,TRUE
1988-12-18,Ross,3.446554786,1.3791718057423887,1.3791718057423887,0.5735162937918511,TRUE,TRUE
1988-12-19,Ross,3.339839186,1.3879970133566435,1.3879970133566435,0.5735162937918511,TRUE,TRUE
1988-12-20,Ross,3.163908433,1.3237703875536746,1.3237703875536746,0.5735162937918511,TRUE,TRUE
1988-12-21,Ross,3.01539712,1.282944834701954,1.282944834701954,0.5735162937918511,TRUE,TRUE
1988-12-22,Ross,2.851074798,1.222114963105536,1.222114963105536,0.5735162937918511,TRUE,TRUE
1988-12-23,Ross,2.577171922,1.0473362850684746,1.0473362850684746,0.5735162937918511,TRUE,TRUE
1988-12-24,Ross,2.434612113,0.9993574788948256,0.9993574788948256,0.5735162937918511,TRUE,TRUE
1988-12-25,Ross,2.41603268,1.0706409108886397,1.0706409108886397,0.5735162937918511,TRUE,TRUE
1988-12-26,Ross,2.255918638,0.9954966533539724,0.9954966533539724,0.5735162937918511,TRUE,TRUE
1988-12-27,Ross,1.87840368,0.6978834565948824,0.6978834565948824,0.5735162937918511,TRUE,TRUE
1988-12-28,Ross,1.669860971,0.5639995429154161,0.5639995429154161,0.5735162937918511,FALSE,FALSE
1988-12-29,Ross,1.668841677,0.6322211356196317,0.6322211356196317,0.5735162937918511,TRUE,FALSE
1988-12-30,Ross,1.481178003,0.5082054970115834,0.5082054970115834,0.5735162937918511,FALSE,FALSE
1988-12-31,Ross,1.385330299,0.4702380343953245,0.4702380343953245,0.5735162937918511,FALSE,FALSE
1989-01-01,Ross,1.211547666,0.2964554013953249,0.2964554013953249,0.5735162937918511,FALSE,FALSE
1989-01-02,Ross,1.056309482,0.19325936581482792,0.19325936581482792,0.5735162937918511,FALSE,FALSE
1989-01-03,Ross,0.956228833,0.13973104827372895,0.13973104827372895,0.5735162937918511,FALSE,FALSE
1989-01-04,Ross,0.868661579,0.09367922851558064,0.09367922851558064,0.5735162937918511,FALSE,FALSE
1989-01-05,Ross,0.769411158,0.03136026428394523,0.03136026428394523,0.5735162937918511,FALSE,FALSE
1989-01-06,Ross,0.668990501,-0.036259993677629,0.036259993677629,0.5735162937918511,FALSE,FALSE
1989-01-07,Ross,0.578215583,-0.09791265062558564,0.09791265062558564,0.5735162937918511,FALSE,FALSE
1989-01-08,Ross,0.478287631,-0.17194355981636772,0.17194355981636772,0.5735162937918511,FALSE,FALSE
1989-01-09,Ross,0.428787623,-0.198318823506421,0.198318823506421,0.5735162937918511,FALSE,FALSE
1989-01-10,Ross,0.392588637,-0.21371244395219213,0.21371244395219213,0.5735162937918511,FALSE,FALSE
1989-01-11,Ross,0.37004418,-0.21731799441012517,0.21731799441012517,0.5735162937918511,FALSE,FALSE
1989-01-12,Ross,0.36446657,-0.2053702371366643,0.2053702371366643,0.5735162937918511,FALSE,FALSE
1989-01-13,Ross,0.344831321,-0.2084407383882555,0.2084407383882555,0.5735162937918511,FALSE,FALSE
1989-01-14,Ross,0.319127254,-0.2180935242749779,0.2180935242749779,0.5735162937918511,FALSE,FALSE
1989-01-15,Ross,0.298741142,-0.2227016115151399,0.2227016115151399,0.5735162937918511,FALSE,FALSE
1989-01-16,Ross,0.314719643,-0.19123738660583367,0.19123738660583367,0.5735162937918511,FALSE,FALSE
1989-01-17,Ross,0.297995235,-0.1928038121968746,0.1928038121968746,0.5735162937918511,FALSE,FALSE
1989-01-18,Ross,0.289997638,-0.1860066089380778,0.1860066089380778,0.5735162937918511,FALSE,FALSE
1989-01-19,Ross,0.285012536,-0.17659553347925944,0.17659553347925944,0.5735162937918511,FALSE,FALSE
1989-01-20,Ross,0.286802059,-0.16084389647023412,0.16084389647023412,0.5735162937918511,FALSE,FALSE
1989-01-21,Ross,0.279483578,-0.15466976756081768,0.15466976756081768,0.5735162937918511,FALSE,FALSE
1989-01-22,Ross,0.260435807,-0.16072987340082528,0.16072987340082528,0.5735162937918511,FALSE,FALSE
1989-01-23,Ross,0.273474864,-0.13524353664007382,0.13524353664007382,0.5735162937918511,FALSE,FALSE
1989-01-24,Ross,0.258041158,-0.13880578892837797,0.13880578892837797,0.5735162937918511,FALSE,FALSE
1989-01-25,Ross,0.254367982,-0.1312187779155527,0.1312187779155527,0.5735162937918511,FALSE,FALSE
1989-01-26,Ross,0.253273677,-0.12169960325141348,0.12169960325141348,0.5735162937918511,FALSE,FALSE
1989-01-27,Ross,0.248890433,-0.11614433061440796,0.11614433061440796,0.5735162937918511,FALSE,FALSE
1989-01-28,Ross,0.249414447,-0.10633638031451656,0.10633638031451656,0.5735162937918511,FALSE,FALSE
1989-01-29,Ross,0.258596641,-0.08848427943045367,0.08848427943045367,0.5735162937918511,FALSE,FALSE
1989-01-30,Ross,0.268353475,-0.07063095207266346,0.07063095207266346,0.5735162937918511,FALSE,FALSE
1989-01-31,Ross,0.252106159,-0.07931457235158679,0.07931457235158679,0.5735162937918511,FALSE,FALSE
1989-02-01,Ross,0.253296611,-0.07105260637766592,0.07105260637766592,0.5735162937918511,FALSE,FALSE
1989-02-02,Ross,0.23977734,-0.07795192926134414,0.07795192926134414,0.5735162937918511,FALSE,FALSE
1989-02-03,Ross,0.221888355,-0.08963191611306201,0.08963191611306201,0.5735162937918511,FALSE,FALSE
1989-02-04,Ross,0.209799788,-0.09588181904326176,0.09588181904326176,0.5735162937918511,FALSE,FALSE
1989-02-05,Ross,0.21166372,-0.08850894116238589,0.08850894116238589,0.5735162937918511,FALSE,FALSE
1989-02-06,Ross,0.207264033,-0.0876887845808765,0.0876887845808765,0.5735162937918511,FALSE,FALSE
1989-02-07,Ross,0.211680618,-0.07830084240917451,0.07830084240917451,0.5735162937918511,FALSE,FALSE
1989-02-08,Ross,0.203033616,-0.08218450793106155,0.08218450793106155,0.5735162937918511,FALSE,FALSE
1989-02-09,Ross,0.186364854,-0.0942773148134212,0.0942773148134212,0.5735162937918511,FALSE,FALSE
1989-02-10,Ross,0.18280685,-0.09346553563737572,0.09346553563737572,0.5735162937918511,FALSE,FALSE
1989-02-11,Ross,0.17666990900000001,-0.09546231792484856,0.09546231792484856,0.5735162937918511,FALSE,FALSE
1989-02-12,Ross,0.174756461,-0.09348868419776254,0.09348868419776254,0.5735162937918511,FALSE,FALSE
1989-02-13,Ross,0.186473087,-0.0781615059780432,0.0781615059780432,0.5735162937918511,FALSE,FALSE
1989-02-14,Ross,0.192634169,-0.06868985378761142,0.06868985378761142,0.5735162937918511,FALSE,FALSE
1989-02-15,Ross,0.192713769,-0.06562311814839142,0.06562311814839142,0.5735162937918511,FALSE,FALSE
1989-02-16,Ross,0.191565158,-0.06413148058230966,0.06413148058230966,0.5735162937918511,FALSE,FALSE
1989-02-17,Ross,0.190300369,-0.06312636061128593,0.06312636061128593,0.5735162937918511,FALSE,FALSE
1989-02-18,Ross,0.175401886,-0.07614872675724638,0.07614872675724638,0.5735162937918511,FALSE,FALSE
1989-02-19,Ross,0.172294777,-0.0777969635421138,0.0777969635421138,0.5735162937918511,FALSE,FALSE
1989-02-20,Ross,0.171099114,-0.07797445148781196,0.07797445148781196,0.5735162937918511,FALSE,FALSE
1989-02-21,Ross,0.190294892,-0.05822291928144232,0.05822291928144232,0.5735162937918511,FALSE,FALSE
1989-02-22,Ross,0.196492876,-0.05193236585089414,0.05193236585089414,0.5735162937918511,FALSE,FALSE
1989-02-23,Ross,0.181681757,-0.06710092077757349,0.06710092077757349,0.5735162937918511,FALSE,FALSE
1989-02-24,Ross,0.176820818,-0.0727558695894101,0.0727558695894101,0.5735162937918511,FALSE,FALSE
1989-02-25,Ross,0.166394821,-0.08439901881433073,0.08439901881433073,0.5735162937918511,FALSE,FALSE
1989-02-26,Ross,0.1615654,-0.09085530298026416,0.09085530298026416,0.5735162937918511,FALSE,FALSE
1989-02-27,Ross,0.161577406,-0.09286643961513633,0.09286643961513633,0.5735162937918511,FALSE,FALSE
1989-02-28,Ross,0.175191132,-0.08165870424687563,0.08165870424687563,0.5735162937918511,FALSE,FALSE
1989-03-01,Ross,0.191237349,-0.06838789440341025,0.06838789440341025,0.5735162937918511,FALSE,FALSE
1989-03-02,Ross,0.200583656,-0.06217297961266693,0.06217297961266693,0.5735162937918511,FALSE,FALSE
1989-03-03,Ross,0.245396527,-0.02083405440257471,0.02083405440257471,0.5735162937918511,FALSE,FALSE
1989-03-04,Ross,0.25326188,-0.01677176930105989,0.01677176930105989,0.5735162937918511,FALSE,FALSE
1989-03-05,Ross,0.224985148,-0.0491672610383663,0.0491672610383663,0.5735162937918511,FALSE,FALSE
1989-03-06,Ross,0.227419753,-0.05115814981051669,0.05115814981051669,0.5735162937918511,FALSE,FALSE
1989-03-07,Ross,0.232372276,-0.05094345746322526,0.05094345746322526,0.5735162937918511,FALSE,FALSE
1989-03-08,Ross,0.236262217,-0.0521122449908023,0.0521122449908023,0.5735162937918511,FALSE,FALSE
1989-03-09,Ross,0.266415338,-0.02734731138755358,0.02734731138755358,0.5735162937918511,FALSE,FALSE
1989-03-10,Ross,0.283688873,-0.01579998364778695,0.01579998364778695,0.5735162937918511,FALSE,FALSE
1989-03-11,Ross,0.297836839,-0.00772480576580997,0.00772480576580997,0.5735162937918511,FALSE,FALSE
1989-03-12,Ross,0.3016189,-0.01037067473593095,0.01037067473593095,0.5735162937918511,FALSE,FALSE
1989-03-13,Ross,0.320615842,0.00183463444754372,0.00183463444754372,0.5735162937918511,FALSE,FALSE
1989-03-14,Ross,0.334100759,0.00815565479030877,0.00815565479030877,0.5735162937918511,FALSE,FALSE
1989-03-15,Ross,0.359551505,0.0260616792980517,0.0260616792980517,0.5735162937918511,FALSE,FALSE
1989-03-16,Ross,0.361273992,0.01985005897646963,0.01985005897646963,0.5735162937918511,FALSE,FALSE
1989-03-17,Ross,0.330098847,-0.01965714016874842,0.01965714016874842,0.5735162937918511,FALSE,FALSE
1989-03-18,Ross,0.338725645,-0.01976874365721825,0.01976874365721825,0.5735162937918511,FALSE,FALSE
1989-03-19,Ross,0.340463479,-0.02718005117664002,0.02718005117664002,0.5735162937918511,FALSE,FALSE
1989-03-20,Ross,0.35778445,-0.01941916218894651,0.01941916218894651,0.5735162937918511,FALSE,FALSE
1989-03-21,Ross,0.38396386,-0.00321077777922579,0.00321077777922579,0.5735162937918511,FALSE,FALSE
1989-03-22,Ross,0.401296725,0.00374011496743642,0.00374011496743642,0.5735162937918511,FALSE,FALSE
1989-03-23,Ross,0.412209542,0.00386000996595198,0.00386000996595198,0.5735162937918511,FALSE,FALSE
1989-03-24,Ross,0.422638817,0.00308541013123181,0.00308541013123181,0.5735162937918511,FALSE,FALSE
1989-03-25,Ross,0.44483047,0.013662232378193081,0.013662232378193081,0.5735162937918511,FALSE,FALSE
1989-03-26,Ross,0.470650679,0.02745665162174432,0.02745665162174432,0.5735162937918511,FALSE,FALSE
1989-03-27,Ross,0.497430989,0.04180020977680171,0.04180020977680171,0.5735162937918511,FALSE,FALSE
1989-03-28,Ross,0.513567922,0.04508942575827385,0.04508942575827385,0.5735162937918511,FALSE,FALSE
1989-03-29,Ross,0.528306584,0.04656940248107749,0.04656940248107749,0.5735162937918511,FALSE,FALSE
1989-03-30,Ross,0.533162348,0.03775550986012344,0.03775550986012344,0.5735162937918511,FALSE,FALSE
1989-03-31,Ross,0.539930423,0.03044166980834095,0.03044166980834095,0.5735162937918511,FALSE,FALSE
1989-04-01,Ross,0.555874688,0.0318834558411456,0.0318834558411456,0.5735162937918511,FALSE,FALSE
1989-04-02,Ross,0.572946656,0.03402168952124218,0.03402168952124218,0.5735162937918511,FALSE,FALSE
1989-04-03,Ross,0.582258016,0.0279573664388737,0.0279573664388737,0.5735162937918511,FALSE,FALSE
1989-04-04,Ross,0.607269278,0.03714030318427797,0.03714030318427797,0.5735162937918511,FALSE,FALSE
1989-04-05,Ross,0.625699856,0.03927922034769737,0.03927922034769737,0.5735162937918511,FALSE,FALSE
1989-04-06,Ross,0.622156916,0.01897059051937488,0.01897059051937488,0.5735162937918511,FALSE,FALSE
1989-04-07,Ross,0.623652124,0.0032153862895472,0.0032153862895472,0.5735162937918511,FALSE,FALSE
1989-04-08,Ross,0.624201418,-0.01398114775154213,0.01398114775154213,0.5735162937918511,FALSE,FALSE
1989-04-09,Ross,0.636610062,-0.0198244410136521,0.0198244410136521,0.5735162937918511,FALSE,FALSE
1989-04-10,Ross,0.660417789,-0.01478545390654451,0.01478545390654451,0.5735162937918511,FALSE,FALSE
1989-04-11,Ross,0.680495772,-0.01400370683997664,0.01400370683997664,0.5735162937918511,FALSE,FALSE
1989-04-12,Ross,0.701392308,-0.01294129637534091,0.01294129637534091,0.5735162937918511,FALSE,FALSE
1989-04-13,Ross,0.71736783,-0.01732681281104309,0.01732681281104309,0.5735162937918511,FALSE,FALSE
1989-04-14,Ross,0.757206793,0.00167040424138009,0.00167040424138009,0.5735162937918511,FALSE,FALSE
1989-04-15,Ross,0.801309516,0.02450016968744106,0.02450016968744106,0.5735162937918511,FALSE,FALSE
1989-04-16,Ross,0.818778654,0.02031463443265113,0.02031463443265113,0.5735162937918511,FALSE,FALSE
1989-04-17,Ross,0.836621789,0.01617087638252401,0.01617087638252401,0.5735162937918511,FALSE,FALSE
1989-04-18,Ross,0.859693418,0.0169728884425715,0.0169728884425715,0.5735162937918511,FALSE,FALSE
1989-04-19,Ross,0.904139497,0.03891612251830678,0.03891612251830678,0.5735162937918511,FALSE,FALSE
1989-04-20,Ross,0.950173118,0.06226316651524022,0.06226316651524022,0.5735162937918511,FALSE,FALSE
1989-04-21,Ross,0.97929037,0.06855960533888783,0.06855960533888783,0.5735162937918511,FALSE,FALSE
1989-04-22,Ross,0.966842962,0.03320664389476135,0.03320664389476135,0.5735162937918511,FALSE,FALSE
1989-04-23,Ross,0.957231408,6.54292088371089e-4,6.54292088371089e-4,0.5735162937918511,FALSE,FALSE
1989-04-24,Ross,0.974515695,-0.00498796717476757,0.00498796717476757,0.5735162937918511,FALSE,FALSE
1989-04-25,Ross,0.973588385,-0.02878817249581833,0.02878817249581833,0.5735162937918511,FALSE,FALSE
1989-04-26,Ross,1.044067145,0.0188148513307651,0.0188148513307651,0.5735162937918511,FALSE,FALSE
1989-04-27,Ross,1.092999868,0.04475951547630164,0.04475951547630164,0.5735162937918511,FALSE,FALSE
1989-04-28,Ross,1.115135484,0.04368470992062634,0.04368470992062634,0.5735162937918511,FALSE,FALSE
1989-04-29,Ross,1.116177449,0.02118385064356776,0.02118385064356776,0.5735162937918511,FALSE,FALSE
1989-04-30,Ross,1.164132302,0.04515343662495508,0.04515343662495508,0.5735162937918511,FALSE,FALSE
1989-05-01,Ross,1.195943188,0.05242657284461649,0.05242657284461649,0.5735162937918511,FALSE,FALSE
1989-05-02,Ross,1.215132061,0.04641517328238542,0.04641517328238542,0.5735162937918511,FALSE,FALSE
1989-05-03,Ross,1.267951221,0.073261497918091,0.073261497918091,0.5735162937918511,FALSE,FALSE
1989-05-04,Ross,1.312088233,0.09054307173156229,0.09054307173156229,0.5735162937918511,FALSE,FALSE
1989-05-05,Ross,1.330926167,0.08153292470262974,0.08153292470262974,0.5735162937918511,FALSE,FALSE
1989-05-06,Ross,1.33627926,0.05793525381112419,0.05793525381112419,0.5735162937918511,FALSE,FALSE
1989-05-07,Ross,1.364898902,0.0563914979086535,0.0563914979086535,0.5735162937918511,FALSE,FALSE
1989-05-08,Ross,1.413448434,0.07350459425294775,0.07350459425294775,0.5735162937918511,FALSE,FALSE
1989-05-09,Ross,1.452157872,0.0795760241601784,0.0795760241601784,0.5735162937918511,FALSE,FALSE
1989-05-10,Ross,1.497706713,0.09137844715849464,0.09137844715849464,0.5735162937918511,FALSE,FALSE
1989-05-11,Ross,1.550866249,0.10977631777604868,0.10977631777604868,0.5735162937918511,FALSE,FALSE
1989-05-12,Ross,1.582515673,0.10574199154099252,0.10574199154099252,0.5735162937918511,FALSE,FALSE
1989-05-13,Ross,1.644706963,0.1314206089814729,0.1314206089814729,0.5735162937918511,FALSE,FALSE
1989-05-14,Ross,1.709426275,0.15889148862564428,0.15889148862564428,0.5735162937918511,FALSE,FALSE
1989-05-15,Ross,1.763373933,0.17494811700165624,0.17494811700165624,0.5735162937918511,FALSE,FALSE
1989-05-16,Ross,1.878985876,0.25211959563765785,0.25211959563765785,0.5735162937918511,FALSE,FALSE
1989-05-17,Ross,1.899498063,0.23373504606180304,0.23373504606180304,0.5735162937918511,FALSE,FALSE
1989-05-18,Ross,1.937765552,0.23274268880223856,0.23274268880223856,0.5735162937918511,FALSE,FALSE
1989-05-19,Ross,1.967855621,0.22330296438711672,0.22330296438711672,0.5735162937918511,FALSE,FALSE
1989-05-20,Ross,2.029621886,0.2453596067940378,0.2453596067940378,0.5735162937918511,FALSE,FALSE
1989-05-21,Ross,2.102705327,0.2785881591293622,0.2785881591293622,0.5735162937918511,FALSE,FALSE
1989-05-22,Ross,2.171011419,0.3068801221090951,0.3068801221090951,0.5735162937918511,FALSE,FALSE
1989-05-23,Ross,2.227863415,0.32354314142249363,0.32354314142249363,0.5735162937918511,FALSE,FALSE
1989-05-24,Ross,2.273149372,0.3284496667588179,0.3284496667588179,0.5735162937918511,FALSE,FALSE
1989-05-25,Ross,2.31013989,0.3248546908073291,0.3248546908073291,0.5735162937918511,FALSE,FALSE
1989-05-26,Ross,2.37068262,0.3445902572572872,0.3445902572572872,0.5735162937918511,FALSE,FALSE
1989-05-27,Ross,2.449888136,0.3827513327979495,0.3827513327979495,0.5735162937918511,FALSE,FALSE
1989-05-28,Ross,2.522082535,0.41364840711857465,0.41364840711857465,0.5735162937918511,FALSE,FALSE
1989-05-29,Ross,2.6230831,0.47308315590842254,0.47308315590842254,0.5735162937918511,FALSE,FALSE
1989-05-30,Ross,2.671641146,0.47979128685675354,0.47979128685675354,0.5735162937918511,FALSE,FALSE
1989-05-31,Ross,2.652959996,0.418960515652826,0.418960515652826,0.5735162937918511,FALSE,FALSE
1989-06-01,Ross,2.679228826,0.4027644109859003,0.4027644109859003,0.5735162937918511,FALSE,FALSE
1989-06-02,Ross,2.678275536,0.3590199239503078,0.3590199239503078,0.5735162937918511,FALSE,FALSE
1989-06-03,Ross,2.697179043,0.33481568858325383,0.33481568858325383,0.5735162937918511,FALSE,FALSE
1989-06-04,Ross,2.737257914,0.3314857177076269,0.3314857177076269,0.5735162937918511,FALSE,FALSE
1989-06-05,Ross,2.763990849,0.31452415735852757,0.31452415735852757,0.5735162937918511,FALSE,FALSE
1989-06-06,Ross,2.77651958,0.28308818557105475,0.28308818557105475,0.5735162937918511,FALSE,FALSE
1989-06-07,Ross,2.759969367,0.22231850838030276,0.22231850838030276,0.5735162937918511,FALSE,FALSE
1989-06-08,Ross,2.796551776,0.2144421378213752,0.2144421378213752,0.5735162937918511,FALSE,FALSE
1989-06-09,Ross,2.8783462,0.2515539129293698,0.2515539129293698,0.5735162937918511,FALSE,FALSE
1989-06-10,Ross,3.020451622,0.3487682627393802,0.3487682627393802,0.5735162937918511,FALSE,FALSE
1989-06-11,Ross,3.063753799,0.34698639028650957,0.34698639028650957,0.5735162937918511,FALSE,FALSE
1989-06-12,Ross,3.110436269,0.3484072796058557,0.3484072796058557,0.5735162937918511,FALSE,FALSE
1989-06-13,Ross,3.17605472,0.3686020647325172,0.3686020647325172,0.5735162937918511,FALSE,FALSE
1989-06-14,Ross,3.253211487,0.40018915025541,0.40018915025541,0.5735162937918511,FALSE,FALSE
1989-06-15,Ross,3.348929291,0.45023481560186296,0.45023481560186296,0.5735162937918511,FALSE,FALSE
1989-06-16,Ross,3.490338125,0.5459503229164908,0.5459503229164908,0.5735162937918511,FALSE,FALSE
1989-06-17,Ross,3.575583353,0.5855650375496828,0.5855650375496828,0.5735162937918511,TRUE,TRUE
1989-06-18,Ross,3.614173778,0.5786717638518142,0.5786717638518142,0.5735162937918511,TRUE,TRUE
1989-06-19,Ross,3.694936288,0.6141813911732781,0.6141813911732781,0.5735162937918511,TRUE,TRUE
1989-06-20,Ross,3.748728597,0.6230356348644537,0.6230356348644537,0.5735162937918511,TRUE,TRUE
1989-06-21,Ross,3.776672172,0.6064399632757262,0.6064399632757262,0.5735162937918511,TRUE,TRUE
1989-06-22,Ross,3.829624698,0.6153360627574784,0.6153360627574784,0.5735162937918511,TRUE,TRUE
1989-06-23,Ross,3.857596228,0.5998179876600962,0.5998179876600962,0.5735162937918511,TRUE,TRUE
1989-06-24,Ross,3.843931385,0.5433143623339625,0.5433143623339625,0.5735162937918511,FALSE,FALSE
1989-06-25,Ross,3.848264233,0.5055432521294629,0.5055432521294629,0.5735162937918511,FALSE,FALSE
1989-06-26,Ross,3.823047125,0.4390410113969807,0.4390410113969807,0.5735162937918511,FALSE,FALSE
1989-06-27,Ross,3.841155382,0.4167519040251415,0.4167519040251415,0.5735162937918511,FALSE,FALSE
1989-06-28,Ross,3.880770659,0.4168127385564704,0.4168127385564704,0.5735162937918511,FALSE,FALSE
1989-06-29,Ross,3.913007468,0.4102411857084034,0.4102411857084034,0.5735162937918511,FALSE,FALSE
1989-06-30,Ross,3.943463173,0.40253750086642937,0.40253750086642937,0.5735162937918511,FALSE,FALSE
1989-07-01,Ross,3.999749957,0.4212167584160422,0.4212167584160422,0.5735162937918511,FALSE,FALSE
1989-07-02,Ross,4.000384766,0.3846987957427333,0.3846987957427333,0.5735162937918511,FALSE,FALSE
1989-07-03,Ross,4.039786006,0.3873049102319892,0.3873049102319892,0.5735162937918511,FALSE,FALSE
1989-07-04,Ross,4.115439537,0.42642385326930565,0.42642385326930565,0.5735162937918511,FALSE,FALSE
1989-07-05,Ross,4.142122461,0.41673561824017114,0.41673561824017114,0.5735162937918511,FALSE,FALSE
1989-07-06,Ross,4.120760304,0.35906862253007876,0.35906862253007876,0.5735162937918511,FALSE,FALSE
1989-07-07,Ross,4.1438207480000004,0.345793439524523,0.345793439524523,0.5735162937918511,FALSE,FALSE
1989-07-08,Ross,4.10249545,0.2680046176089843,0.2680046176089843,0.5735162937918511,FALSE,FALSE
1989-07-09,Ross,4.135719111,0.2645400566383942,0.2645400566383942,0.5735162937918511,FALSE,FALSE
1989-07-10,Ross,4.220153778,0.3120248038480291,0.3120248038480291,0.5735162937918511,FALSE,FALSE
1989-07-11,Ross,4.287870742,0.3426240242659917,0.3426240242659917,0.5735162937918511,FALSE,FALSE
1989-07-12,Ross,4.349096992,0.3666759002747191,0.3666759002747191,0.5735162937918511,FALSE,FALSE
1989-07-13,Ross,4.449629844,0.43008894125665087,0.43008894125665087,0.5735162937918511,FALSE,FALSE
1989-07-14,Ross,4.520485404,0.4639904465942264,0.4639904465942264,0.5735162937918511,FALSE,FALSE
1989-07-15,Ross,4.582434749,0.4892626866698766,0.4892626866698766,0.5735162937918511,FALSE,FALSE
1989-07-16,Ross,4.601403536,0.4719425118660485,0.4719425118660485,0.5735162937918511,FALSE,FALSE
1989-07-17,Ross,4.626212647,0.46096199756516754,0.46096199756516754,0.5735162937918511,FALSE,FALSE
1989-07-18,Ross,4.63885154,0.4384217951496802,0.4384217951496802,0.5735162937918511,FALSE,FALSE
1989-07-19,Ross,4.645151885,0.41026476800201905,0.41026476800201905,0.5735162937918511,FALSE,FALSE
1989-07-20,Ross,4.688300784,0.4197892115046225,0.4197892115046225,0.5735162937918511,FALSE,FALSE
1989-07-21,Ross,4.727390157,0.42619823903993126,0.42619823903993126,0.5735162937918511,FALSE,FALSE
1989-07-22,Ross,4.729662969,0.39683708517828187,0.39683708517828187,0.5735162937918511,FALSE,FALSE
1989-07-23,Ross,4.719135673,0.355701303379214,0.355701303379214,0.5735162937918511,FALSE,FALSE
1989-07-24,Ross,4.736716263,0.34358820524931666,0.34358820524931666,0.5735162937918511,FALSE,FALSE
1989-07-25,Ross,4.756903742,0.33488407477073157,0.33488407477073157,0.5735162937918511,FALSE,FALSE
1989-07-26,Ross,4.779226377,0.3290044599255859,0.3290044599255859,0.5735162937918511,FALSE,FALSE
1989-07-27,Ross,4.8432011,0.3653535736960105,0.3653535736960105,0.5735162937918511,FALSE,FALSE
1989-07-28,Ross,4.895387785,0.3903785710641401,0.3903785710641401,0.5735162937918511,FALSE,FALSE
1989-07-29,Ross,5.0014682090000004,0.4696485100121128,0.4696485100121128,0.5735162937918511,FALSE,FALSE
1989-07-30,Ross,5.067004264,0.5086125635220542,0.5086125635220542,0.5735162937918511,FALSE,FALSE
1989-07-31,Ross,5.079686681,0.4948487435761004,0.4948487435761004,0.5735162937918511,FALSE,FALSE
1989-08-01,Ross,5.14677324,0.5355021111563785,0.5355021111563785,0.5735162937918511,FALSE,FALSE
1989-08-02,Ross,5.210677304,0.5728733102450274,0.5728733102450274,0.5735162937918511,FALSE,FALSE
1989-08-03,Ross,5.217237737,0.5526884874220501,0.5526884874220501,0.5735162937918511,FALSE,FALSE
1989-08-04,Ross,5.234937159,0.5433606814082141,0.5433606814082141,0.5735162937918511,FALSE,FALSE
1989-08-05,Ross,5.235061122,0.5162614716466596,0.5162614716466596,0.5735162937918511,FALSE,FALSE
1989-08-06,Ross,5.339254402,0.5931567380571074,0.5931567380571074,0.5735162937918511,TRUE,FALSE
1989-08-07,Ross,5.36579915,0.5924497355592813,0.5924497355592813,0.5735162937918511,TRUE,FALSE
1989-08-08,Ross,5.366958654,0.5665248560729133,0.5665248560729133,0.5735162937918511,FALSE,FALSE
1989-08-09,Ross,5.441157127,0.6139274165177273,0.6139274165177273,0.5735162937918511,TRUE,FALSE
1989-08-10,Ross,5.46703691,0.6134208618134425,0.6134208618134425,0.5735162937918511,TRUE,FALSE
1989-08-11,Ross,5.458221001,0.5787492938797945,0.5787492938797945,0.5735162937918511,TRUE,FALSE
1989-08-12,Ross,5.437864259,0.5331886756365058,0.5331886756365058,0.5735162937918511,FALSE,FALSE
1989-08-13,Ross,5.47105464,0.5419480670033057,0.5419480670033057,0.5735162937918511,FALSE,FALSE
1989-08-14,Ross,5.533347996,0.5807044238999115,0.5807044238999115,0.5735162937918511,TRUE,TRUE
1989-08-15,Ross,5.56282815,0.5876626732460588,0.5876626732460588,0.5735162937918511,TRUE,TRUE
1989-08-16,Ross,5.615304912,0.618749748326267,0.618749748326267,0.5735162937918511,TRUE,TRUE
1989-08-17,Ross,5.691164445,0.6743506215977133,0.6743506215977133,0.5735162937918511,TRUE,TRUE
1989-08-18,Ross,5.684614109,0.6485360430111475,0.6485360430111475,0.5735162937918511,TRUE,TRUE
1989-08-19,Ross,5.638675322,0.5841833991783156,0.5841833991783156,0.5735162937918511,TRUE,TRUE
1989-08-20,Ross,5.610940201,0.538740775710961,0.538740775710961,0.5735162937918511,FALSE,FALSE
1989-08-21,Ross,5.586581933,0.4972373282208338,0.4972373282208338,0.5735162937918511,FALSE,FALSE
1989-08-22,Ross,5.561477359,0.4554058663196763,0.4554058663196763,0.5735162937918511,FALSE,FALSE
1989-08-23,Ross,5.558188472,0.435664351619236,0.435664351619236,0.5735162937918511,FALSE,FALSE
1989-08-24,Ross,5.664604016,0.5257574967312637,0.5257574967312637,0.5735162937918511,FALSE,FALSE
1989-08-25,Ross,5.763212025,0.6080293042674967,0.6080293042674967,0.5735162937918511,TRUE,TRUE
1989-08-26,Ross,5.829040324,0.657363567839691,0.657363567839691,0.5735162937918511,TRUE,TRUE
1989-08-27,Ross,5.859853502,0.671380845059586,0.671380845059586,0.5735162937918511,TRUE,TRUE
1989-08-28,Ross,5.873053,0.6673385455389305,0.6673385455389305,0.5735162937918511,TRUE,TRUE
1989-08-29,Ross,5.894626018,0.6711071166852527,0.6711071166852527,0.5735162937918511,TRUE,TRUE
1989-08-30,Ross,5.924561942,0.6827249841340786,0.6827249841340786,0.5735162937918511,TRUE,TRUE
1989-08-31,Ross,5.948345056,0.6877877649425272,0.6877877649425272,0.5735162937918511,TRUE,TRUE
1989-09-01,Ross,5.972061964,0.692493507901661,0.692493507901661,0.5735162937918511,TRUE,TRUE
1989-09-02,Ross,5.99613489,0.6973758818025395,0.6973758818025395,0.5735162937918511,TRUE,TRUE
1989-09-03,Ross,6.010079406,0.6920619034362243,0.6920619034362243,0.5735162937918511,TRUE,TRUE
1989-09-04,Ross,6.052921334,0.7156888395937795,0.7156888395937795,0.5735162937918511,TRUE,TRUE
1989-09-05,Ross,6.0398539510000004,0.6835614120662674,0.6835614120662674,0.5735162937918511,TRUE,TRUE
1989-09-06,Ross,6.048029727,0.6729435356447473,0.6729435356447473,0.5735162937918511,TRUE,TRUE
1989-09-07,Ross,6.022514354,0.6290123471202831,0.6290123471202831,0.5735162937918511,TRUE,TRUE
1989-09-08,Ross,6.007006633,0.5955780922839393,0.5955780922839393,0.5735162937918511,TRUE,TRUE
1989-09-09,Ross,6.023605973,0.5948516249267728,0.5948516249267728,0.5735162937918511,TRUE,TRUE
1989-09-10,Ross,6.024982752,0.57961430523868,0.57961430523868,0.5735162937918511,TRUE,TRUE
1989-09-11,Ross,6.006675063,0.545471292921281,0.545471292921281,0.5735162937918511,FALSE,FALSE
1989-09-12,Ross,5.970586738,0.49431401685446374,0.49431401685446374,0.5735162937918511,FALSE,FALSE
1989-09-13,Ross,5.989869162,0.4992730914386989,0.4992730914386989,0.5735162937918511,FALSE,FALSE
1989-09-14,Ross,6.011456967,0.507262378074465,0.507262378074465,0.5735162937918511,FALSE,FALSE
1989-09-15,Ross,6.036685915,0.5195968681622292,0.5195968681622292,0.5735162937918511,FALSE,FALSE
1989-09-16,Ross,6.108764956,0.5794647411024698,0.5794647411024698,0.5735162937918511,TRUE,TRUE
1989-09-17,Ross,6.14238202,0.6015331562956598,0.6015331562956598,0.5735162937918511,TRUE,TRUE
1989-09-18,Ross,6.16506055,0.6133047861422689,0.6133047861422689,0.5735162937918511,TRUE,TRUE
1989-09-19,Ross,6.163181629,0.6011399430427753,0.6011399430427753,0.5735162937918511,TRUE,TRUE
1989-09-20,Ross,6.168234623,0.5965072223976478,0.5965072223976478,0.5735162937918511,TRUE,TRUE
1989-09-21,Ross,6.177797276,0.5969635976073633,0.5969635976073633,0.5735162937918511,TRUE,TRUE
1989-09-22,Ross,6.176445046,0.5870637560723928,0.5870637560723928,0.5735162937918511,TRUE,TRUE
1989-09-23,Ross,6.126927916,0.5295387199320185,0.5295387199320185,0.5735162937918511,FALSE,FALSE
1989-09-24,Ross,6.074181366,0.4693243836153922,0.4693243836153922,0.5735162937918511,FALSE,FALSE
1989-09-25,Ross,6.048615091,0.4368426099003502,0.4368426099003502,0.5735162937918511,FALSE,FALSE
1989-09-26,Ross,6.070745064,0.4526217044771741,0.4526217044771741,0.5735162937918511,FALSE,FALSE
1989-09-27,Ross,6.070419683,0.44652239803614346,0.44652239803614346,0.5735162937918511,FALSE,FALSE
1989-09-28,Ross,6.097683407,0.4686014822675393,0.4686014822675393,0.5735162937918511,FALSE,FALSE
1989-09-29,Ross,6.142095255,0.5084303088616453,0.5084303088616453,0.5735162937918511,FALSE,FALSE
1989-09-30,Ross,6.176347206,0.5387131895087416,0.5387131895087416,0.5735162937918511,FALSE,FALSE
1989-10-01,Ross,6.205883079,0.5649062758991104,0.5649062758991104,0.5735162937918511,FALSE,FALSE
1989-10-02,Ross,6.189460633,0.5457796597230313,0.5457796597230313,0.5735162937918511,FALSE,FALSE
1989-10-03,Ross,6.15660725,0.5108730556707881,0.5108730556707881,0.5735162937918511,FALSE,FALSE
1989-10-04,Ross,6.1606054,0.5134812664326596,0.5134812664326596,0.5735162937918511,FALSE,FALSE
1989-10-05,Ross,6.20349417,0.5556557188178255,0.5556557188178255,0.5735162937918511,FALSE,FALSE
1989-10-06,Ross,6.232854865,0.5849986688618332,0.5849986688618332,0.5735162937918511,TRUE,TRUE
1989-10-07,Ross,6.246557967,0.5994268799471163,0.5994268799471163,0.5735162937918511,TRUE,TRUE
1989-10-08,Ross,6.24504303,0.5994308215931072,0.5994308215931072,0.5735162937918511,TRUE,TRUE
1989-10-09,Ross,6.228110236,0.5848615913192523,0.5848615913192523,0.5735162937918511,TRUE,TRUE
1989-10-10,Ross,6.219035192,0.5790457116449872,0.5790457116449872,0.5735162937918511,TRUE,TRUE
1989-10-11,Ross,6.192238163,0.5564543630897516,0.5564543630897516,0.5735162937918511,FALSE,FALSE
1989-10-12,Ross,6.149094188,0.5185135001729879,0.5185135001729879,0.5735162937918511,FALSE,FALSE
1989-10-13,Ross,6.141839743,0.5175105144141305,0.5175105144141305,0.5735162937918511,FALSE,FALSE
1989-10-14,Ross,6.140705332,0.5237268253326226,0.5237268253326226,0.5735162937918511,FALSE,FALSE
1989-10-15,Ross,6.139019253,0.5305416464479036,0.5305416464479036,0.5735162937918511,FALSE,FALSE
1989-10-16,Ross,6.106817953,0.5080423402794088,0.5080423402794088,0.5735162937918511,FALSE,FALSE
1989-10-17,Ross,6.138842504,0.5510208943465811,0.5510208943465811,0.5735162937918511,FALSE,FALSE
1989-10-18,Ross,6.118024847,0.542456329941297,0.542456329941297,0.5735162937918511,FALSE,FALSE
1989-10-19,Ross,6.079121899,0.517071185258354,0.517071185258354,0.5735162937918511,FALSE,FALSE
1989-10-20,Ross,6.004296762,0.4569163073503013,0.4569163073503013,0.5735162937918511,FALSE,FALSE
1989-10-21,Ross,6.016585675,0.4849125620876285,0.4849125620876285,0.5735162937918511,FALSE,FALSE
1989-10-22,Ross,5.955222635,0.4401785733408259,0.4401785733408259,0.5735162937918511,FALSE,FALSE
1989-10-23,Ross,5.932411614,0.4348029399803819,0.4348029399803819,0.5735162937918511,FALSE,FALSE
1989-10-24,Ross,5.876834414,0.3973520908767876,0.3973520908767876,0.5735162937918511,FALSE,FALSE
1989-10-25,Ross,5.874846855,0.4140664729005339,0.4140664729005339,0.5735162937918511,FALSE,FALSE
1989-10-26,Ross,5.876650486,0.4350322619221086,0.4350322619221086,0.5735162937918511,FALSE,FALSE
1989-10-27,Ross,5.851804542,0.429693319812003,0.429693319812003,0.5735162937918511,FALSE,FALSE
1989-10-28,Ross,5.790349722,0.3879749724407082,0.3879749724407082,0.5735162937918511,FALSE,FALSE
1989-10-29,Ross,5.745017793,0.3624936136787129,0.3624936136787129,0.5735162937918511,FALSE,FALSE
1989-10-30,Ross,5.726112185,0.3634373003965088,0.3634373003965088,0.5735162937918511,FALSE,FALSE
1989-10-31,Ross,5.735605616,0.3927034541502472,0.3927034541502472,0.5735162937918511,FALSE,FALSE
1989-11-01,Ross,5.721048114,0.3979640726452409,0.3979640726452409,0.5735162937918511,FALSE,FALSE
1989-11-02,Ross,5.702514284,0.3994763230822844,0.3994763230822844,0.5735162937918511,FALSE,FALSE
1989-11-03,Ross,5.637300284,0.3547189419510266,0.3547189419510266,0.5735162937918511,FALSE,FALSE
1989-11-04,Ross,5.597060043,0.33552843674111354,0.33552843674111354,0.5735162937918511,FALSE,FALSE
1989-11-05,Ross,5.569944323,0.33023814794219675,0.33023814794219675,0.5735162937918511,FALSE,FALSE
1989-11-06,Ross,5.538819459,0.3218969890439265,0.3218969890439265,0.5735162937918511,FALSE,FALSE
1989-11-07,Ross,5.551244418,0.3582465055359485,0.3582465055359485,0.5735162937918511,FALSE,FALSE
1989-11-08,Ross,5.557724064,0.3899741399079115,0.3899741399079115,0.5735162937918511,FALSE,FALSE
1989-11-09,Ross,5.524417746,0.383421819649465,0.383421819649465,0.5735162937918511,FALSE,FALSE
1989-11-10,Ross,5.524715985,0.41216264425025706,0.41216264425025706,0.5735162937918511,FALSE,FALSE
1989-11-11,Ross,5.480608457,0.3983688681999374,0.3983688681999374,0.5735162937918511,FALSE,FALSE
1989-11-12,Ross,5.454726007,0.4048524340697881,0.4048524340697881,0.5735162937918511,FALSE,FALSE
1989-11-13,Ross,5.446199922,0.4308438035080054,0.4308438035080054,0.5735162937918511,FALSE,FALSE
1989-11-14,Ross,5.433791241,0.4550800429151458,0.4550800429151458,0.5735162937918511,FALSE,FALSE
1989-11-15,Ross,5.354243087,0.4142701450726954,0.4142701450726954,0.5735162937918511,FALSE,FALSE
1989-11-16,Ross,5.27836027,0.3791847897621379,0.3791847897621379,0.5735162937918511,FALSE,FALSE
1989-11-17,Ross,5.234037139,0.3776841957649566,0.3776841957649566,0.5735162937918511,FALSE,FALSE
1989-11-18,Ross,5.203138738,0.391599276862637,0.391599276862637,0.5735162937918511,FALSE,FALSE
1989-11-19,Ross,5.156349094,0.3915799298366665,0.3915799298366665,0.5735162937918511,FALSE,FALSE
1989-11-20,Ross,5.095349325,0.3792731424685245,0.3792731424685245,0.5735162937918511,FALSE,FALSE
1989-11-21,Ross,5.043172293,0.3776776465397029,0.3776776465397029,0.5735162937918511,FALSE,FALSE
1989-11-22,Ross,5.001141879,0.3880831928316803,0.3880831928316803,0.5735162937918511,FALSE,FALSE
1989-11-23,Ross,4.9468456,0.3880431681259422,0.3880431681259422,0.5735162937918511,FALSE,FALSE
1989-11-24,Ross,4.867096185,0.3643361712039761,0.3643361712039761,0.5735162937918511,FALSE,FALSE
1989-11-25,Ross,4.787329526,0.3423890247456898,0.3423890247456898,0.5735162937918511,FALSE,FALSE
1989-11-26,Ross,4.702198975,0.317057972311102,0.317057972311102,0.5735162937918511,FALSE,FALSE
1989-11-27,Ross,4.647996303,0.3249442558858764,0.3249442558858764,0.5735162937918511,FALSE,FALSE
1989-11-28,Ross,4.553101439,0.294738082732926,0.294738082732926,0.5735162937918511,FALSE,FALSE
1989-11-29,Ross,4.472543249,0.2817785971151716,0.2817785971151716,0.5735162937918511,FALSE,FALSE
1989-11-30,Ross,4.410846802,0.29090114629552843,0.29090114629552843,0.5735162937918511,FALSE,FALSE
1989-12-01,Ross,4.361458432,0.31586234253690915,0.31586234253690915,0.5735162937918511,FALSE,FALSE
1989-12-02,Ross,4.326410871,0.35900519610223336,0.35900519610223336,0.5735162937918511,FALSE,FALSE
1989-12-03,Ross,4.28778568,0.40272154625441425,0.40272154625441425,0.5735162937918511,FALSE,FALSE
1989-12-04,Ross,4.226035931,0.42777474325636966,0.42777474325636966,0.5735162937918511,FALSE,FALSE
1989-12-05,Ross,4.128601614,0.42191505537101515,0.42191505537101515,0.5735162937918511,FALSE,FALSE
1989-12-06,Ross,3.977076459,0.3670464908612652,0.3670464908612652,0.5735162937918511,FALSE,FALSE
1989-12-07,Ross,3.843290807,0.33530876666676734,0.33530876666676734,0.5735162937918511,FALSE,FALSE
1989-12-08,Ross,3.678919685,0.27840617570989723,0.27840617570989723,0.5735162937918511,FALSE,FALSE
1989-12-09,Ross,3.544203648,0.2559330164017899,0.2559330164017899,0.5735162937918511,FALSE,FALSE
1989-12-10,Ross,3.389958223,0.21795876941853895,0.21795876941853895,0.5735162937918511,FALSE,FALSE
1989-12-11,Ross,3.259457373,0.2070113514362264,0.2070113514362264,0.5735162937918511,FALSE,FALSE
1989-12-12,Ross,3.085541286,0.1551849041309481,0.1551849041309481,0.5735162937918511,FALSE,FALSE
1989-12-13,Ross,2.963792835,0.15731625417878936,0.15731625417878936,0.5735162937918511,FALSE,FALSE
1989-12-14,Ross,2.824357281,0.14280461625584095,0.14280461625584095,0.5735162937918511,FALSE,FALSE
1989-12-15,Ross,2.675140771,0.11881009103819462,0.11881009103819462,0.5735162937918511,FALSE,FALSE
1989-12-16,Ross,2.437219794,0.00566312120193446,0.00566312120193446,0.5735162937918511,FALSE,FALSE
1989-12-17,Ross,2.163020505,-0.144956184576845,0.144956184576845,0.5735162937918511,FALSE,FALSE
1989-12-18,Ross,2.034186935,-0.15214984162205658,0.15214984162205658,0.5735162937918511,FALSE,FALSE
1989-12-19,Ross,1.926568475,-0.1408145052576113,0.1408145052576113,0.5735162937918511,FALSE,FALSE
1989-12-20,Ross,1.82546877,-0.12637340264335606,0.12637340264335606,0.5735162937918511,FALSE,FALSE
1989-12-21,Ross,1.714800717,-0.1253373284463255,0.1253373284463255,0.5735162937918511,FALSE,FALSE
1989-12-22,Ross,1.647008624,-0.08544366129804604,0.08544366129804604,0.5735162937918511,FALSE,FALSE
1989-12-23,Ross,1.578503741,-0.05045609389446404,0.05045609389446404,0.5735162937918511,FALSE,FALSE
1989-12-24,Ross,1.51575468,-0.01408095693152522,0.01408095693152522,0.5735162937918511,FALSE,FALSE
1989-12-25,Ross,1.453536448,0.01828181389482552,0.01828181389482552,0.5735162937918511,FALSE,FALSE
1989-12-26,Ross,1.347045853,0.00165408388863985,0.00165408388863985,0.5735162937918511,FALSE,FALSE
1989-12-27,Ross,1.281011094,0.02058910935397251,0.02058910935397251,0.5735162937918511,FALSE,FALSE
1989-12-28,Ross,1.236502442,0.05598221859488239,0.05598221859488239,0.5735162937918511,FALSE,FALSE
1989-12-29,Ross,1.206370208,0.10050877991541608,0.10050877991541608,0.5735162937918511,FALSE,FALSE
1989-12-30,Ross,1.170756797,0.1341362556196315,0.1341362556196315,0.5735162937918511,FALSE,FALSE
1989-12-31,Ross,1.129648586,0.1566760800115835,0.1566760800115835,0.5735162937918511,FALSE,FALSE
1990-01-01,Ross,1.106143122,0.1910508573953249,0.1910508573953249,0.5735162937918511,FALSE,FALSE
1990-01-02,Ross,1.042077,0.1790268838148278,0.1790268838148278,0.5735162937918511,FALSE,FALSE
1990-01-03,Ross,0.999603638,0.18310585327372897,0.18310585327372897,0.5735162937918511,FALSE,FALSE
1990-01-04,Ross,0.95591547,0.18093311951558064,0.18093311951558064,0.5735162937918511,FALSE,FALSE
1990-01-05,Ross,0.920179856,0.18212896228394515,0.18212896228394515,0.5735162937918511,FALSE,FALSE
1990-01-06,Ross,0.900340527,0.195090032322371,0.195090032322371,0.5735162937918511,FALSE,FALSE
1990-01-07,Ross,0.886953517,0.2108252833744144,0.2108252833744144,0.5735162937918511,FALSE,FALSE
1990-01-08,Ross,0.863660868,0.21342967718363223,0.21342967718363223,0.5735162937918511,FALSE,FALSE
1990-01-09,Ross,0.854957701,0.227851254493579,0.227851254493579,0.5735162937918511,FALSE,FALSE
1990-01-10,Ross,0.838544445,0.23224336404780788,0.23224336404780788,0.5735162937918511,FALSE,FALSE
1990-01-11,Ross,0.815862777,0.2285006025898748,0.2285006025898748,0.5735162937918511,FALSE,FALSE
1990-01-12,Ross,0.805630053,0.23579324586333572,0.23579324586333572,0.5735162937918511,FALSE,FALSE
1990-01-13,Ross,0.793515048,0.2402429886117444,0.2402429886117444,0.5735162937918511,FALSE,FALSE
1990-01-14,Ross,0.774721389,0.23750061072502204,0.23750061072502204,0.5735162937918511,FALSE,FALSE
1990-01-15,Ross,0.752097499,0.2306547454848601,0.2306547454848601,0.5735162937918511,FALSE,FALSE
1990-01-16,Ross,0.721463398,0.21550636839416637,0.21550636839416637,0.5735162937918511,FALSE,FALSE
1990-01-17,Ross,0.699361972,0.20856292480312544,0.20856292480312544,0.5735162937918511,FALSE,FALSE
1990-01-18,Ross,0.679688781,0.20368453406192216,0.20368453406192216,0.5735162937918511,FALSE,FALSE
1990-01-19,Ross,0.644648541,0.1830404715207406,0.1830404715207406,0.5735162937918511,FALSE,FALSE
1990-01-20,Ross,0.631263277,0.18361732152976584,0.18361732152976584,0.5735162937918511,FALSE,FALSE
1990-01-21,Ross,0.617828932,0.1836755864391823,0.1836755864391823,0.5735162937918511,FALSE,FALSE
1990-01-22,Ross,0.606277682,0.18511200159917468,0.18511200159917468,0.5735162937918511,FALSE,FALSE
1990-01-23,Ross,0.592190034,0.18347163335992625,0.18347163335992625,0.5735162937918511,FALSE,FALSE
1990-01-24,Ross,0.574497579,0.17765063207162202,0.17765063207162202,0.5735162937918511,FALSE,FALSE
1990-01-25,Ross,0.56467094,0.17908418008444726,0.17908418008444726,0.5735162937918511,FALSE,FALSE
1990-01-26,Ross,0.563400933,0.18842765274858655,0.18842765274858655,0.5735162937918511,FALSE,FALSE
1990-01-27,Ross,0.562689829,0.197655065385592,0.197655065385592,0.5735162937918511,FALSE,FALSE
1990-01-28,Ross,0.557177606,0.20142677868548345,0.20142677868548345,0.5735162937918511,FALSE,FALSE
1990-01-29,Ross,0.538140901,0.19105998056954632,0.19105998056954632,0.5735162937918511,FALSE,FALSE
1990-01-30,Ross,0.529558812,0.19057438492733653,0.19057438492733653,0.5735162937918511,FALSE,FALSE
1990-01-31,Ross,0.532519138,0.20109840664841316,0.20109840664841316,0.5735162937918511,FALSE,FALSE
1990-02-01,Ross,0.536754085,0.21240486762233407,0.21240486762233407,0.5735162937918511,FALSE,FALSE
1990-02-02,Ross,0.542343285,0.2246140157386558,0.2246140157386558,0.5735162937918511,FALSE,FALSE
1990-02-03,Ross,0.558857745,0.24733747388693791,0.24733747388693791,0.5735162937918511,FALSE,FALSE
1990-02-04,Ross,0.561903896,0.25622228895673826,0.25622228895673826,0.5735162937918511,FALSE,FALSE
1990-02-05,Ross,0.53430077,0.2341281088376141,0.2341281088376141,0.5735162937918511,FALSE,FALSE
1990-02-06,Ross,0.504874193,0.2099213754191235,0.2099213754191235,0.5735162937918511,FALSE,FALSE
1990-02-07,Ross,0.487768893,0.19778743259082548,0.19778743259082548,0.5735162937918511,FALSE,FALSE
1990-02-08,Ross,0.487142423,0.20192429906893844,0.20192429906893844,0.5735162937918511,FALSE,FALSE
1990-02-09,Ross,0.490809327,0.21016715818657883,0.21016715818657883,0.5735162937918511,FALSE,FALSE
1990-02-10,Ross,0.485341338,0.2090689523626243,0.2090689523626243,0.5735162937918511,FALSE,FALSE
1990-02-11,Ross,0.484706986,0.21257475907515144,0.21257475907515144,0.5735162937918511,FALSE,FALSE
1990-02-12,Ross,0.474807308,0.20656216280223744,0.20656216280223744,0.5735162937918511,FALSE,FALSE
1990-02-13,Ross,0.466058495,0.2014239020219568,0.2014239020219568,0.5735162937918511,FALSE,FALSE
1990-02-14,Ross,0.472781492,0.21145746921238864,0.21145746921238864,0.5735162937918511,FALSE,FALSE
1990-02-15,Ross,0.456420422,0.19808353485160857,0.19808353485160857,0.5735162937918511,FALSE,FALSE
1990-02-16,Ross,0.442958567,0.18726192841769035,0.18726192841769035,0.5735162937918511,FALSE,FALSE
1990-02-17,Ross,0.440425926,0.1869991963887141,0.1869991963887141,0.5735162937918511,FALSE,FALSE
1990-02-18,Ross,0.422524651,0.1709740382427536,0.1709740382427536,0.5735162937918511,FALSE,FALSE
1990-02-19,Ross,0.436163576,0.1860718354578862,0.1860718354578862,0.5735162937918511,FALSE,FALSE
1990-02-20,Ross,0.437985696,0.18891213051218805,0.18891213051218805,0.5735162937918511,FALSE,FALSE
1990-02-21,Ross,0.434452666,0.18593485471855767,0.18593485471855767,0.5735162937918511,FALSE,FALSE
1990-02-22,Ross,0.410491263,0.16206602114910584,0.16206602114910584,0.5735162937918511,FALSE,FALSE
1990-02-23,Ross,0.404559559,0.15577688122242653,0.15577688122242653,0.5735162937918511,FALSE,FALSE
1990-02-24,Ross,0.413903992,0.1643273044105899,0.1643273044105899,0.5735162937918511,FALSE,FALSE
1990-02-25,Ross,0.408976519,0.15818267918566925,0.15818267918566925,0.5735162937918511,FALSE,FALSE
1990-02-26,Ross,0.412779913,0.16035921001973585,0.16035921001973585,0.5735162937918511,FALSE,FALSE
1990-02-27,Ross,0.411009867,0.15656602138486364,0.15656602138486364,0.5735162937918511,FALSE,FALSE
1990-02-28,Ross,0.417325659,0.1604758227531244,0.1604758227531244,0.5735162937918511,FALSE,FALSE
1990-03-01,Ross,0.421732898,0.16210765459658977,0.16210765459658977,0.5735162937918511,FALSE,FALSE
1990-03-02,Ross,0.432118255,0.16936161938733307,0.16936161938733307,0.5735162937918511,FALSE,FALSE
1990-03-03,Ross,0.440188127,0.17395754559742527,0.17395754559742527,0.5735162937918511,FALSE,FALSE
1990-03-04,Ross,0.453611869,0.18357821969894011,0.18357821969894011,0.5735162937918511,FALSE,FALSE
1990-03-05,Ross,0.442785137,0.1686327279616337,0.1686327279616337,0.5735162937918511,FALSE,FALSE
1990-03-06,Ross,0.42741333,0.14883542718948328,0.14883542718948328,0.5735162937918511,FALSE,FALSE
1990-03-07,Ross,0.431113594,0.14779786053677474,0.14779786053677474,0.5735162937918511,FALSE,FALSE
1990-03-08,Ross,0.422411752,0.13403729000919767,0.13403729000919767,0.5735162937918511,FALSE,FALSE
1990-03-09,Ross,0.40268427,0.10892162061244642,0.10892162061244642,0.5735162937918511,FALSE,FALSE
1990-03-10,Ross,0.382961438,0.08347258135221303,0.08347258135221303,0.5735162937918511,FALSE,FALSE
1990-03-11,Ross,0.358216071,0.05265442623419003,0.05265442623419003,0.5735162937918511,FALSE,FALSE
1990-03-12,Ross,0.377774107,0.06578453226406905,0.06578453226406905,0.5735162937918511,FALSE,FALSE
1990-03-13,Ross,0.380761148,0.06197994044754373,0.06197994044754373,0.5735162937918511,FALSE,FALSE
1990-03-14,Ross,0.38461517,0.05867006579030875,0.05867006579030875,0.5735162937918511,FALSE,FALSE
1990-03-15,Ross,0.388584275,0.05509444929805168,0.05509444929805168,0.5735162937918511,FALSE,FALSE
1990-03-16,Ross,0.405356071,0.06393213797646963,0.06393213797646963,0.5735162937918511,FALSE,FALSE
1990-03-17,Ross,0.422670063,0.07291407583125159,0.07291407583125159,0.5735162937918511,FALSE,FALSE
1990-03-18,Ross,0.425738803,0.06724441434278172,0.06724441434278172,0.5735162937918511,FALSE,FALSE
1990-03-19,Ross,0.450355558,0.08271202782335996,0.08271202782335996,0.5735162937918511,FALSE,FALSE
1990-03-20,Ross,0.467513294,0.09030968181105352,0.09030968181105352,0.5735162937918511,FALSE,FALSE
1990-03-21,Ross,0.482298283,0.0951236452207742,0.0951236452207742,0.5735162937918511,FALSE,FALSE
1990-03-22,Ross,0.520317368,0.12276075796743637,0.12276075796743637,0.5735162937918511,FALSE,FALSE
1990-03-23,Ross,0.559069076,0.150719543965952,0.150719543965952,0.5735162937918511,FALSE,FALSE
1990-03-24,Ross,0.589900292,0.17034688513123186,0.17034688513123186,0.5735162937918511,FALSE,FALSE
1990-03-25,Ross,0.609652401,0.17848416337819306,0.17848416337819306,0.5735162937918511,FALSE,FALSE
1990-03-26,Ross,0.633621227,0.19042719962174431,0.19042719962174431,0.5735162937918511,FALSE,FALSE
1990-03-27,Ross,0.628785322,0.17315454277680176,0.17315454277680176,0.5735162937918511,FALSE,FALSE
1990-03-28,Ross,0.625848205,0.15736970875827389,0.15736970875827389,0.5735162937918511,FALSE,FALSE
1990-03-29,Ross,0.647322518,0.16558533648107748,0.16558533648107748,0.5735162937918511,FALSE,FALSE
1990-03-30,Ross,0.671924232,0.17651739386012344,0.17651739386012344,0.5735162937918511,FALSE,FALSE
1990-03-31,Ross,0.714797424,0.20530867080834092,0.20530867080834092,0.5735162937918511,FALSE,FALSE
1990-04-01,Ross,0.731843946,0.20785271384114568,0.20785271384114568,0.5735162937918511,FALSE,FALSE
1990-04-02,Ross,0.756832761,0.2179077945212421,0.2179077945212421,0.5735162937918511,FALSE,FALSE
1990-04-03,Ross,0.792370682,0.2380700324388737,0.2380700324388737,0.5735162937918511,FALSE,FALSE
1990-04-04,Ross,0.819990997,0.249862022184278,0.249862022184278,0.5735162937918511,FALSE,FALSE
1990-04-05,Ross,0.83970846,0.25328782434769737,0.25328782434769737,0.5735162937918511,FALSE,FALSE
1990-04-06,Ross,0.871131917,0.2679455915193749,0.2679455915193749,0.5735162937918511,FALSE,FALSE
1990-04-07,Ross,0.879124823,0.25868808528954723,0.25868808528954723,0.5735162937918511,FALSE,FALSE
1990-04-08,Ross,0.893850368,0.25566780224845786,0.25566780224845786,0.5735162937918511,FALSE,FALSE
1990-04-09,Ross,0.925588557,0.26915405398634784,0.26915405398634784,0.5735162937918511,FALSE,FALSE
1990-04-10,Ross,0.952368953,0.2771657100934555,0.2771657100934555,0.5735162937918511,FALSE,FALSE
1990-04-11,Ross,0.979171618,0.2846721391600233,0.2846721391600233,0.5735162937918511,FALSE,FALSE
1990-04-12,Ross,1.015557967,0.301224362624659,0.301224362624659,0.5735162937918511,FALSE,FALSE
1990-04-13,Ross,1.019150824,0.2844561811889569,0.2844561811889569,0.5735162937918511,FALSE,FALSE
1990-04-14,Ross,1.030655653,0.27511926424138,0.27511926424138,0.5735162937918511,FALSE,FALSE
1990-04-15,Ross,1.01710358,0.24029423368744096,0.24029423368744096,0.5735162937918511,FALSE,FALSE
1990-04-16,Ross,1.003193982,0.20472996243265107,0.20472996243265107,0.5735162937918511,FALSE,FALSE
1990-04-17,Ross,1.04361212,0.223161207382524,0.223161207382524,0.5735162937918511,FALSE,FALSE
1990-04-18,Ross,1.094286142,0.2515656124425716,0.2515656124425716,0.5735162937918511,FALSE,FALSE
1990-04-19,Ross,1.120403404,0.25518002951830676,0.25518002951830676,0.5735162937918511,FALSE,FALSE
1990-04-20,Ross,1.113123887,0.22521393551524016,0.22521393551524016,0.5735162937918511,FALSE,FALSE
1990-04-21,Ross,1.116672186,0.20594142133888785,0.20594142133888785,0.5735162937918511,FALSE,FALSE
1990-04-22,Ross,1.153253339,0.21961702089476132,0.21961702089476132,0.5735162937918511,FALSE,FALSE
1990-04-23,Ross,1.178750238,0.22217312208837103,0.22217312208837103,0.5735162937918511,FALSE,FALSE
1990-04-24,Ross,1.191720112,0.21221644982523247,0.21221644982523247,0.5735162937918511,FALSE,FALSE
1990-04-25,Ross,1.191916141,0.18953958350418176,0.18953958350418176,0.5735162937918511,FALSE,FALSE
1990-04-26,Ross,1.221985786,0.1967334923307651,0.1967334923307651,0.5735162937918511,FALSE,FALSE
1990-04-27,Ross,1.236224354,0.18798400147630168,0.18798400147630168,0.5735162937918511,FALSE,FALSE
1990-04-28,Ross,1.23321397,0.16176319592062627,0.16176319592062627,0.5735162937918511,FALSE,FALSE
1990-04-29,Ross,1.224299882,0.1293062836435677,0.1293062836435677,0.5735162937918511,FALSE,FALSE
1990-04-30,Ross,1.209664755,0.09068588962495494,0.09068588962495494,0.5735162937918511,FALSE,FALSE
1990-05-01,Ross,1.197380696,0.05386408084461647,0.05386408084461647,0.5735162937918511,FALSE,FALSE
1990-05-02,Ross,1.190458683,0.02174179528238529,0.02174179528238529,0.5735162937918511,FALSE,FALSE
1990-05-03,Ross,1.198348411,0.00365868791809109,0.00365868791809109,0.5735162937918511,FALSE,FALSE
1990-05-04,Ross,1.215256651,-0.00628851026843779,0.00628851026843779,0.5735162937918511,FALSE,FALSE
1990-05-05,Ross,1.218328532,-0.03106471029737045,0.03106471029737045,0.5735162937918511,FALSE,FALSE
1990-05-06,Ross,1.228110211,-0.05023379518887583,0.05023379518887583,0.5735162937918511,FALSE,FALSE
1990-05-07,Ross,1.238944803,-0.06956260109134638,0.06956260109134638,0.5735162937918511,FALSE,FALSE
1990-05-08,Ross,1.254772278,-0.08517156174705232,0.08517156174705232,0.5735162937918511,FALSE,FALSE
1990-05-09,Ross,1.272450834,-0.10013101383982148,0.10013101383982148,0.5735162937918511,FALSE,FALSE
1990-05-10,Ross,1.312972775,-0.0933554908415053,0.0933554908415053,0.5735162937918511,FALSE,FALSE
1990-05-11,Ross,1.359317151,-0.0817727802239514,0.0817727802239514,0.5735162937918511,FALSE,FALSE
1990-05-12,Ross,1.389479944,-0.08729373745900748,0.08729373745900748,0.5735162937918511,FALSE,FALSE
1990-05-13,Ross,1.411717594,-0.1015687600185271,0.1015687600185271,0.5735162937918511,FALSE,FALSE
1990-05-14,Ross,1.439020824,-0.11151396237435574,0.11151396237435574,0.5735162937918511,FALSE,FALSE
1990-05-15,Ross,1.455394399,-0.13303141699834375,0.13303141699834375,0.5735162937918511,FALSE,FALSE
1990-05-16,Ross,1.497094888,-0.12977139236234225,0.12977139236234225,0.5735162937918511,FALSE,FALSE
1990-05-17,Ross,1.528469823,-0.13729319393819694,0.13729319393819694,0.5735162937918511,FALSE,FALSE
1990-05-18,Ross,1.563503699,-0.14151916419776134,0.14151916419776134,0.5735162937918511,FALSE,FALSE
1990-05-19,Ross,1.587046209,-0.15750644761288335,0.15750644761288335,0.5735162937918511,FALSE,FALSE
1990-05-20,Ross,1.612028051,-0.17223422820596235,0.17223422820596235,0.5735162937918511,FALSE,FALSE
1990-05-21,Ross,1.642942277,-0.18117489087063765,0.18117489087063765,0.5735162937918511,FALSE,FALSE
1990-05-22,Ross,1.669870072,-0.19426122489090503,0.19426122489090503,0.5735162937918511,FALSE,FALSE
1990-05-23,Ross,1.703494723,-0.20082555057750628,0.20082555057750628,0.5735162937918511,FALSE,FALSE
1990-05-24,Ross,1.736819181,-0.20788052424118184,0.20788052424118184,0.5735162937918511,FALSE,FALSE
1990-05-25,Ross,1.773399279,-0.21188592019267083,0.21188592019267083,0.5735162937918511,FALSE,FALSE
1990-05-26,Ross,1.8284557,-0.19763666274271308,0.19763666274271308,0.5735162937918511,FALSE,FALSE
1990-05-27,Ross,1.897510086,-0.1696267172020507,0.1696267172020507,0.5735162937918511,FALSE,FALSE
1990-05-28,Ross,1.923660332,-0.18477379588142528,0.18477379588142528,0.5735162937918511,FALSE,FALSE
1990-05-29,Ross,1.94945544,-0.20054450409157765,0.20054450409157765,0.5735162937918511,FALSE,FALSE
1990-05-30,Ross,1.972712567,-0.21913729214324615,0.21913729214324615,0.5735162937918511,FALSE,FALSE
1990-05-31,Ross,2.004080272,-0.22991920834717391,0.22991920834717391,0.5735162937918511,FALSE,FALSE
1990-06-01,Ross,2.0640220990000002,-0.21244231601409955,0.21244231601409955,0.5735162937918511,FALSE,FALSE
1990-06-02,Ross,2.122069119,-0.1971864930496925,0.1971864930496925,0.5735162937918511,FALSE,FALSE
1990-06-03,Ross,2.145318604,-0.2170447504167465,0.2170447504167465,0.5735162937918511,FALSE,FALSE
1990-06-04,Ross,2.133740507,-0.2720316892923731,0.2720316892923731,0.5735162937918511,FALSE,FALSE
1990-06-05,Ross,2.178906611,-0.2705600806414723,0.2705600806414723,0.5735162937918511,FALSE,FALSE
1990-06-06,Ross,2.19469847,-0.29873292442894517,0.29873292442894517,0.5735162937918511,FALSE,FALSE
1990-06-07,Ross,2.206742537,-0.3309083216196975,0.3309083216196975,0.5735162937918511,FALSE,FALSE
1990-06-08,Ross,2.250022868,-0.33208677017862476,0.33208677017862476,0.5735162937918511,FALSE,FALSE
1990-06-09,Ross,2.30516083,-0.32163145707063023,0.32163145707063023,0.5735162937918511,FALSE,FALSE
1990-06-10,Ross,2.425353329,-0.24633003026061973,0.24633003026061973,0.5735162937918511,FALSE,FALSE
1990-06-11,Ross,2.52804941,-0.1887179987134906,0.1887179987134906,0.5735162937918511,FALSE,FALSE
1990-06-12,Ross,2.647974415,-0.11405457439414413,0.11405457439414413,0.5735162937918511,FALSE,FALSE
1990-06-13,Ross,2.758885055,-0.04856760026748308,0.04856760026748308,0.5735162937918511,FALSE,FALSE
1990-06-14,Ross,2.821833867,-0.0311884697445901,0.0311884697445901,0.5735162937918511,FALSE,FALSE
1990-06-15,Ross,2.897194379,-0.00150009639813708,0.00150009639813708,0.5735162937918511,FALSE,FALSE
1990-06-16,Ross,2.950846974,0.00645917191649081,0.00645917191649081,0.5735162937918511,FALSE,FALSE
1990-06-17,Ross,2.967586515,-0.02243180045031723,0.02243180045031723,0.5735162937918511,FALSE,FALSE
1990-06-18,Ross,3.011595597,-0.02390641714818597,0.02390641714818597,0.5735162937918511,FALSE,FALSE
1990-06-19,Ross,3.071951685,-0.00880321182672183,0.00880321182672183,0.5735162937918511,FALSE,FALSE
1990-06-20,Ross,3.09028585,-0.03540711213554637,0.03540711213554637,0.5735162937918511,FALSE,FALSE
1990-06-21,Ross,3.080876379,-0.08935582972427358,0.08935582972427358,0.5735162937918511,FALSE,FALSE
1990-06-22,Ross,3.117550156,-0.09673847924252144,0.09673847924252144,0.5735162937918511,FALSE,FALSE
1990-06-23,Ross,3.159443187,-0.09833505333990368,0.09833505333990368,0.5735162937918511,FALSE,FALSE
1990-06-24,Ross,3.18000474,-0.12061228266603718,0.12061228266603718,0.5735162937918511,FALSE,FALSE
1990-06-25,Ross,3.241430979,-0.10129000187053716,0.10129000187053716,0.5735162937918511,FALSE,FALSE
1990-06-26,Ross,3.302708895,-0.08129721860301942,0.08129721860301942,0.5735162937918511,FALSE,FALSE
1990-06-27,Ross,3.352935617,-0.07146786097485869,0.07146786097485869,0.5735162937918511,FALSE,FALSE
1990-06-28,Ross,3.414419927,-0.0495379934435296,0.0495379934435296,0.5735162937918511,FALSE,FALSE
1990-06-29,Ross,3.457540408,-0.04522587429159674,0.04522587429159674,0.5735162937918511,FALSE,FALSE
1990-06-30,Ross,3.46598594,-0.07493973213357075,0.07493973213357075,0.5735162937918511,FALSE,FALSE
1990-07-01,Ross,3.496437335,-0.08209586358395793,0.08209586358395793,0.5735162937918511,FALSE,FALSE
1990-07-02,Ross,3.510054896,-0.10563107425726637,0.10563107425726637,0.5735162937918511,FALSE,FALSE
1990-07-03,Ross,3.482035021,-0.17044607476801055,0.17044607476801055,0.5735162937918511,FALSE,FALSE
1990-07-04,Ross,3.474947067,-0.21406861673069463,0.21406861673069463,0.5735162937918511,FALSE,FALSE
1990-07-05,Ross,3.465314609,-0.26007223375982846,0.26007223375982846,0.5735162937918511,FALSE,FALSE
1990-07-06,Ross,3.469601078,-0.2920906034699211,0.2920906034699211,0.5735162937918511,FALSE,FALSE
1990-07-07,Ross,3.502711823,-0.2953154854754776,0.2953154854754776,0.5735162937918511,FALSE,FALSE
1990-07-08,Ross,3.557148127,-0.2773427053910158,0.2773427053910158,0.5735162937918511,FALSE,FALSE
1990-07-09,Ross,3.617412212,-0.25376684236160596,0.25376684236160596,0.5735162937918511,FALSE,FALSE
1990-07-10,Ross,3.668491523,-0.239637451151971,0.239637451151971,0.5735162937918511,FALSE,FALSE
1990-07-11,Ross,3.711044831,-0.2342018867340081,0.2342018867340081,0.5735162937918511,FALSE,FALSE
1990-07-12,Ross,3.766673187,-0.21574790472528085,0.21574790472528085,0.5735162937918511,FALSE,FALSE
1990-07-13,Ross,3.738828208,-0.28071269474334937,0.28071269474334937,0.5735162937918511,FALSE,FALSE
1990-07-14,Ross,3.726583772,-0.3299111854057739,0.3299111854057739,0.5735162937918511,FALSE,FALSE
1990-07-15,Ross,3.699022443,-0.39414961933012327,0.39414961933012327,0.5735162937918511,FALSE,FALSE
1990-07-16,Ross,3.690455714,-0.4390053101339517,0.4390053101339517,0.5735162937918511,FALSE,FALSE
1990-07-17,Ross,3.693781709,-0.4714689404348325,0.4714689404348325,0.5735162937918511,FALSE,FALSE
1990-07-18,Ross,3.73596086,-0.4644688848503198,0.4644688848503198,0.5735162937918511,FALSE,FALSE
1990-07-19,Ross,3.818541386,-0.41634573099798056,0.41634573099798056,0.5735162937918511,FALSE,FALSE
1990-07-20,Ross,3.906394162,-0.3621174104953777,0.3621174104953777,0.5735162937918511,FALSE,FALSE
1990-07-21,Ross,3.885505521,-0.41568639696006926,0.41568639696006926,0.5735162937918511,FALSE,FALSE
1990-07-22,Ross,3.853724867,-0.4791010168217178,0.4791010168217178,0.5735162937918511,FALSE,FALSE
1990-07-23,Ross,3.873199169,-0.4902352006207864,0.4902352006207864,0.5735162937918511,FALSE,FALSE
1990-07-24,Ross,3.889570148,-0.5035579097506835,0.5035579097506835,0.5735162937918511,FALSE,FALSE
1990-07-25,Ross,3.943661873,-0.47835779422926894,0.47835779422926894,0.5735162937918511,FALSE,FALSE
1990-07-26,Ross,4.018457367,-0.43176455007441383,0.43176455007441383,0.5735162937918511,FALSE,FALSE
1990-07-27,Ross,4.1247488389999996,-0.35309868730398986,0.35309868730398986,0.5735162937918511,FALSE,FALSE
1990-07-28,Ross,4.175560131,-0.3294490829358594,0.3294490829358594,0.5735162937918511,FALSE,FALSE
1990-07-29,Ross,4.210046484,-0.32177321498788736,0.32177321498788736,0.5735162937918511,FALSE,FALSE
1990-07-30,Ross,4.240702094,-0.31768960647794575,0.31768960647794575,0.5735162937918511,FALSE,FALSE
1990-07-31,Ross,4.227790439,-0.35704749842390004,0.35704749842390004,0.5735162937918511,FALSE,FALSE
1990-08-01,Ross,4.2082162,-0.4030549288436216,0.4030549288436216,0.5735162937918511,FALSE,FALSE
1990-08-02,Ross,4.275634472,-0.3621695217549723,0.3621695217549723,0.5735162937918511,FALSE,FALSE
1990-08-03,Ross,4.314928882,-0.34962036757794923,0.34962036757794923,0.5735162937918511,FALSE,FALSE
1990-08-04,Ross,4.339626443,-0.35195003459178587,0.35195003459178587,0.5735162937918511,FALSE,FALSE
1990-08-05,Ross,4.394264056,-0.3245355943533408,0.3245355943533408,0.5735162937918511,FALSE,FALSE
1990-08-06,Ross,4.415487476,-0.33061018794289243,0.33061018794289243,0.5735162937918511,FALSE,FALSE
1990-08-07,Ross,4.418717488,-0.3546319264407183,0.3546319264407183,0.5735162937918511,FALSE,FALSE
1990-08-08,Ross,4.443461659,-0.35697213892708746,0.35697213892708746,0.5735162937918511,FALSE,FALSE
1990-08-09,Ross,4.54234486,-0.28488485048227297,0.28488485048227297,0.5735162937918511,FALSE,FALSE
1990-08-10,Ross,4.608537896,-0.24507815218655793,0.24507815218655793,0.5735162937918511,FALSE,FALSE
1990-08-11,Ross,4.653853936,-0.22561777112020565,0.22561777112020565,0.5735162937918511,FALSE,FALSE
1990-08-12,Ross,4.711154695,-0.19352088836349424,0.19352088836349424,0.5735162937918511,FALSE,FALSE
1990-08-13,Ross,4.734722607,-0.1943839659966944,0.1943839659966944,0.5735162937918511,FALSE,FALSE
1990-08-14,Ross,4.775168134,-0.17747543810008803,0.17747543810008803,0.5735162937918511,FALSE,FALSE
1990-08-15,Ross,4.732073035,-0.24309244175394085,0.24309244175394085,0.5735162937918511,FALSE,FALSE
1990-08-16,Ross,4.695057589,-0.30149757467373295,0.30149757467373295,0.5735162937918511,FALSE,FALSE
1990-08-17,Ross,4.742520168,-0.27429365540228634,0.27429365540228634,0.5735162937918511,FALSE,FALSE
1990-08-18,Ross,4.797834055,-0.2382440109888524,0.2382440109888524,0.5735162937918511,FALSE,FALSE
1990-08-19,Ross,4.829058012,-0.2254339108216845,0.2254339108216845,0.5735162937918511,FALSE,FALSE
1990-08-20,Ross,4.855475411,-0.21672401428903945,0.21672401428903945,0.5735162937918511,FALSE,FALSE
1990-08-21,Ross,4.894152409,-0.1951921957791658,0.1951921957791658,0.5735162937918511,FALSE,FALSE
1990-08-22,Ross,4.911400489,-0.19467100368032408,0.19467100368032408,0.5735162937918511,FALSE,FALSE
1990-08-23,Ross,4.882661462,-0.2398626583807646,0.2398626583807646,0.5735162937918511,FALSE,FALSE
1990-08-24,Ross,4.934432664,-0.20441385526873648,0.20441385526873648,0.5735162937918511,FALSE,FALSE
1990-08-25,Ross,4.925250735,-0.22993198573250329,0.22993198573250329,0.5735162937918511,FALSE,FALSE
1990-08-26,Ross,4.950090416,-0.2215863401603091,0.2215863401603091,0.5735162937918511,FALSE,FALSE
1990-08-27,Ross,4.986464893,-0.2020077639404141,0.2020077639404141,0.5735162937918511,FALSE,FALSE
1990-08-28,Ross,5.014982741,-0.19073171346106932,0.19073171346106932,0.5735162937918511,FALSE,FALSE
1990-08-29,Ross,5.034878637,-0.18864026431474737,0.18864026431474737,0.5735162937918511,FALSE,FALSE
1990-08-30,Ross,5.041688325,-0.20014863286592188,0.20014863286592188,0.5735162937918511,FALSE,FALSE
1990-08-31,Ross,5.022510277,-0.2380470140574724,0.2380470140574724,0.5735162937918511,FALSE,FALSE
1990-09-01,Ross,5.015526578,-0.2640418780983387,0.2640418780983387,0.5735162937918511,FALSE,FALSE
1990-09-02,Ross,5.009782475,-0.2889765331974612,0.2889765331974612,0.5735162937918511,FALSE,FALSE
1990-09-03,Ross,4.986513708,-0.3315037945637753,0.3315037945637753,0.5735162937918511,FALSE,FALSE
1990-09-04,Ross,4.987996574,-0.34923592040621987,0.34923592040621987,0.5735162937918511,FALSE,FALSE
1990-09-05,Ross,5.063659133,-0.2926334059337332,0.2926334059337332,0.5735162937918511,FALSE,FALSE
1990-09-06,Ross,5.125297031,-0.24978916035525336,0.24978916035525336,0.5735162937918511,FALSE,FALSE
1990-09-07,Ross,5.159154465,-0.2343475418797167,0.2343475418797167,0.5735162937918511,FALSE,FALSE
1990-09-08,Ross,5.148879573,-0.26254896771605996,0.26254896771605996,0.5735162937918511,FALSE,FALSE
1990-09-09,Ross,5.167144612,-0.26160973607322635,0.26160973607322635,0.5735162937918511,FALSE,FALSE
1990-09-10,Ross,5.153861522,-0.29150692476132,0.29150692476132,0.5735162937918511,FALSE,FALSE
1990-09-11,Ross,5.11713126,-0.3440725100787194,0.3440725100787194,0.5735162937918511,FALSE,FALSE
1990-09-12,Ross,5.089697802,-0.3865749191455361,0.3865749191455361,0.5735162937918511,FALSE,FALSE
1990-09-13,Ross,5.11395029,-0.3766457805613008,0.3766457805613008,0.5735162937918511,FALSE,FALSE
1990-09-14,Ross,5.190702752,-0.31349183692553506,0.31349183692553506,0.5735162937918511,FALSE,FALSE
1990-09-15,Ross,5.260052138,-0.25703690883777064,0.25703690883777064,0.5735162937918511,FALSE,FALSE
1990-09-16,Ross,5.295865156,-0.23343505889753047,0.23343505889753047,0.5735162937918511,FALSE,FALSE
1990-09-17,Ross,5.290635945,-0.2502129187043405,0.2502129187043405,0.5735162937918511,FALSE,FALSE
1990-09-18,Ross,5.230983393,-0.320772370857731,0.320772370857731,0.5735162937918511,FALSE,FALSE
1990-09-19,Ross,5.194892014,-0.36714967195722537,0.36714967195722537,0.5735162937918511,FALSE,FALSE
1990-09-20,Ross,5.22038746,-0.35133994060235185,0.35133994060235185,0.5735162937918511,FALSE,FALSE
1990-09-21,Ross,5.223325485,-0.3575081933926363,0.3575081933926363,0.5735162937918511,FALSE,FALSE
1990-09-22,Ross,5.224079207,-0.3653020829276077,0.3653020829276077,0.5735162937918511,FALSE,FALSE
1990-09-23,Ross,5.20873408,-0.388655116067981,0.388655116067981,0.5735162937918511,FALSE,FALSE
1990-09-24,Ross,5.1659245,-0.43893248238460814,0.43893248238460814,0.5735162937918511,FALSE,FALSE
1990-09-25,Ross,5.145211671,-0.4665608100996499,0.4665608100996499,0.5735162937918511,FALSE,FALSE
1990-09-26,Ross,5.193128695,-0.4249946645228251,0.4249946645228251,0.5735162937918511,FALSE,FALSE
1990-09-27,Ross,5.273004507,-0.35089277796385687,0.35089277796385687,0.5735162937918511,FALSE,FALSE
1990-09-28,Ross,5.318018439,-0.31106348573246034,0.31106348573246034,0.5735162937918511,FALSE,FALSE
1990-09-29,Ross,5.366157985,-0.2675069611383547,0.2675069611383547,0.5735162937918511,FALSE,FALSE
1990-09-30,Ross,5.352566997,-0.2850670194912581,0.2850670194912581,0.5735162937918511,FALSE,FALSE
1990-10-01,Ross,5.338940889,-0.30203591410089015,0.30203591410089015,0.5735162937918511,FALSE,FALSE
1990-10-02,Ross,5.298903728,-0.34477724527696907,0.34477724527696907,0.5735162937918511,FALSE,FALSE
1990-10-03,Ross,5.229600816,-0.4161333783292127,0.4161333783292127,0.5735162937918511,FALSE,FALSE
1990-10-04,Ross,5.193009958,-0.4541141755673399,0.4541141755673399,0.5735162937918511,FALSE,FALSE
1990-10-05,Ross,5.144729931,-0.5031085201821748,0.5031085201821748,0.5735162937918511,FALSE,FALSE
1990-10-06,Ross,5.097374566,-0.550481630138167,0.550481630138167,0.5735162937918511,FALSE,FALSE
1990-10-07,Ross,5.037281992,-0.6098490950528843,0.6098490950528843,0.5735162937918511,TRUE,TRUE
1990-10-08,Ross,5.032930353,-0.6126818554068922,0.6126818554068922,0.5735162937918511,TRUE,TRUE
1990-10-09,Ross,5.033767562,-0.6094810826807473,0.6094810826807473,0.5735162937918511,TRUE,TRUE
1990-10-10,Ross,5.033037011,-0.6069524693550123,0.6069524693550123,0.5735162937918511,TRUE,TRUE
1990-10-11,Ross,5.031447381,-0.6043364189102478,0.6043364189102478,0.5735162937918511,TRUE,TRUE
1990-10-12,Ross,5.017685515,-0.6128951728270122,0.6128951728270122,0.5735162937918511,TRUE,TRUE
1990-10-13,Ross,5.008299898,-0.61602933058587,0.61602933058587,0.5735162937918511,TRUE,TRUE
1990-10-14,Ross,4.993493248,-0.6234852586673769,0.6234852586673769,0.5735162937918511,TRUE,TRUE
1990-10-15,Ross,4.950601558,-0.6578760485520965,0.6578760485520965,0.5735162937918511,TRUE,TRUE
1990-10-16,Ross,4.912475556,-0.686300056720591,0.686300056720591,0.5735162937918511,TRUE,TRUE
1990-10-17,Ross,4.932928733,-0.6548928766534194,0.6548928766534194,0.5735162937918511,TRUE,TRUE
1990-10-18,Ross,4.91335554,-0.6622129770587026,0.6622129770587026,0.5735162937918511,TRUE,TRUE
1990-10-19,Ross,4.911239287,-0.6508114267416465,0.6508114267416465,0.5735162937918511,TRUE,TRUE
1990-10-20,Ross,4.870388959,-0.6769914956496992,0.6769914956496992,0.5735162937918511,TRUE,TRUE
1990-10-21,Ross,4.847105368,-0.6845677449123713,0.6845677449123713,0.5735162937918511,TRUE,TRUE
1990-10-22,Ross,4.77727758,-0.7377664816591745,0.7377664816591745,0.5735162937918511,TRUE,TRUE
1990-10-23,Ross,4.756319705,-0.7412889690196183,0.7412889690196183,0.5735162937918511,TRUE,TRUE
1990-10-24,Ross,4.752873186,-0.7266091371232122,0.7266091371232122,0.5735162937918511,TRUE,TRUE
1990-10-25,Ross,4.736921552,-0.7238588300994664,0.7238588300994664,0.5735162937918511,TRUE,TRUE
1990-10-26,Ross,4.722761019,-0.7188572050778914,0.7188572050778914,0.5735162937918511,TRUE,TRUE
1990-10-27,Ross,4.655790569,-0.7663206531879974,0.7663206531879974,0.5735162937918511,TRUE,TRUE
1990-10-28,Ross,4.53287579,-0.8694989595592917,0.8694989595592917,0.5735162937918511,TRUE,TRUE
1990-10-29,Ross,4.48900926,-0.8935149193212872,0.8935149193212872,0.5735162937918511,TRUE,TRUE
1990-10-30,Ross,4.490978073,-0.8716968116034911,0.8716968116034911,0.5735162937918511,TRUE,TRUE
1990-10-31,Ross,4.493325804,-0.8495763578497524,0.8495763578497524,0.5735162937918511,TRUE,TRUE
1990-11-01,Ross,4.474144787,-0.8489392543547591,0.8489392543547591,0.5735162937918511,TRUE,TRUE
1990-11-02,Ross,4.491389717,-0.8116482439177162,0.8116482439177162,0.5735162937918511,TRUE,TRUE
1990-11-03,Ross,4.47523702,-0.8073443220489738,0.8073443220489738,0.5735162937918511,TRUE,TRUE
1990-11-04,Ross,4.48407666,-0.777454946258886,0.777454946258886,0.5735162937918511,TRUE,TRUE
1990-11-05,Ross,4.433103613,-0.8066025620578028,0.8066025620578028,0.5735162937918511,TRUE,TRUE
1990-11-06,Ross,4.388668423,-0.8282540469560731,0.8282540469560731,0.5735162937918511,TRUE,TRUE
1990-11-07,Ross,4.363917398,-0.8290805144640512,0.8290805144640512,0.5735162937918511,TRUE,TRUE
1990-11-08,Ross,4.335540755,-0.8322091690920885,0.8322091690920885,0.5735162937918511,TRUE,TRUE
1990-11-09,Ross,4.29574958,-0.8452463463505353,0.8452463463505353,0.5735162937918511,TRUE,TRUE
1990-11-10,Ross,4.248495154,-0.8640581867497428,0.8640581867497428,0.5735162937918511,TRUE,TRUE
1990-11-11,Ross,4.252590123,-0.8296494658000624,0.8296494658000624,0.5735162937918511,TRUE,TRUE
1990-11-12,Ross,4.240888492,-0.8089850809302117,0.8089850809302117,0.5735162937918511,TRUE,TRUE
1990-11-13,Ross,4.226665442,-0.7886906764919948,0.7886906764919948,0.5735162937918511,TRUE,TRUE
1990-11-14,Ross,4.166904986,-0.8118062120848544,0.8118062120848544,0.5735162937918511,TRUE,TRUE
1990-11-15,Ross,4.123731182,-0.8162417599273049,0.8162417599273049,0.5735162937918511,TRUE,TRUE
1990-11-16,Ross,4.083155817,-0.8160196632378627,0.8160196632378627,0.5735162937918511,TRUE,TRUE
1990-11-17,Ross,4.071439204,-0.7849137392350434,0.7849137392350434,0.5735162937918511,TRUE,TRUE
1990-11-18,Ross,3.987397898,-0.8241415631373625,0.8241415631373625,0.5735162937918511,TRUE,TRUE
1990-11-19,Ross,3.90386328,-0.8609058841633339,0.8609058841633339,0.5735162937918511,TRUE,TRUE
1990-11-20,Ross,3.83740438,-0.8786718025314753,0.8786718025314753,0.5735162937918511,TRUE,TRUE
1990-11-21,Ross,3.78309977,-0.8823948764602965,0.8823948764602965,0.5735162937918511,TRUE,TRUE
1990-11-22,Ross,3.760655832,-0.8524028541683202,0.8524028541683202,0.5735162937918511,TRUE,TRUE
1990-11-23,Ross,3.67647155,-0.8823308818740574,0.8823308818740574,0.5735162937918511,TRUE,TRUE
1990-11-24,Ross,3.634072802,-0.8686872117960243,0.8686872117960243,0.5735162937918511,TRUE,TRUE
1990-11-25,Ross,3.575376853,-0.8695636482543101,0.8695636482543101,0.5735162937918511,TRUE,TRUE
1990-11-26,Ross,3.494901362,-0.8902396406888982,0.8902396406888982,0.5735162937918511,TRUE,TRUE
1990-11-27,Ross,3.400405283,-0.9226467641141238,0.9226467641141238,0.5735162937918511,TRUE,TRUE
1990-11-28,Ross,3.306172913,-0.9521904432670736,0.9521904432670736,0.5735162937918511,TRUE,TRUE
1990-11-29,Ross,3.220954589,-0.9698100628848284,0.9698100628848284,0.5735162937918511,TRUE,TRUE
1990-11-30,Ross,3.137036403,-0.9829092527044714,0.9829092527044714,0.5735162937918511,TRUE,TRUE
1990-12-01,Ross,3.03391456,-1.011681529463091,1.011681529463091,0.5735162937918511,TRUE,TRUE
1990-12-02,Ross,2.888637837,-1.0787678378977668,1.0787678378977668,0.5735162937918511,TRUE,TRUE
1990-12-03,Ross,2.787908666,-1.0971554677455857,1.0971554677455857,0.5735162937918511,TRUE,TRUE
1990-12-04,Ross,2.728877704,-1.069383483743631,1.069383483743631,0.5735162937918511,TRUE,TRUE
1990-12-05,Ross,2.690582491,-1.016104067628985,1.016104067628985,0.5735162937918511,TRUE,TRUE
1990-12-06,Ross,2.630519977,-0.9795099911387348,0.9795099911387348,0.5735162937918511,TRUE,TRUE
1990-12-07,Ross,2.571905769,-0.9360762713332328,0.9360762713332328,0.5735162937918511,TRUE,TRUE
1990-12-08,Ross,2.536440714,-0.8640727952901028,0.8640727952901028,0.5735162937918511,TRUE,TRUE
1990-12-09,Ross,2.501339617,-0.7869310145982098,0.7869310145982098,0.5735162937918511,TRUE,TRUE
1990-12-10,Ross,2.454214549,-0.7177849045814608,0.7177849045814608,0.5735162937918511,TRUE,TRUE
1990-12-11,Ross,2.394438222,-0.6580077995637739,0.6580077995637739,0.5735162937918511,TRUE,TRUE
1990-12-12,Ross,2.313641812,-0.6167145698690519,0.6167145698690519,0.5735162937918511,TRUE,TRUE
1990-12-13,Ross,2.226316494,-0.5801600868212105,0.5801600868212105,0.5735162937918511,TRUE,TRUE
1990-12-14,Ross,2.15814466,-0.5234080047441592,0.5234080047441592,0.5735162937918511,FALSE,FALSE
1990-12-15,Ross,2.053612923,-0.5027177569618053,0.5027177569618053,0.5735162937918511,FALSE,FALSE
1990-12-16,Ross,1.936993572,-0.49456310079806576,0.49456310079806576,0.5735162937918511,FALSE,FALSE
1990-12-17,Ross,1.839764643,-0.4682120465768449,0.4682120465768449,0.5735162937918511,FALSE,FALSE
1990-12-18,Ross,1.773726556,-0.4126102206220568,0.4126102206220568,0.5735162937918511,FALSE,FALSE
1990-12-19,Ross,1.631472558,-0.43591042225761134,0.43591042225761134,0.5735162937918511,FALSE,FALSE
1990-12-20,Ross,1.520360977,-0.4314811956433562,0.4314811956433562,0.5735162937918511,FALSE,FALSE
1990-12-21,Ross,1.442402455,-0.39773559044632534,0.39773559044632534,0.5735162937918511,FALSE,FALSE
1990-12-22,Ross,1.385177235,-0.34727505029804595,0.34727505029804595,0.5735162937918511,FALSE,FALSE
1990-12-23,Ross,1.311929925,-0.317029909894464,0.317029909894464,0.5735162937918511,FALSE,FALSE
1990-12-24,Ross,1.218409165,-0.3114264719315252,0.3114264719315252,0.5735162937918511,FALSE,FALSE
1990-12-25,Ross,1.123162888,-0.31209174610517443,0.31209174610517443,0.5735162937918511,FALSE,FALSE
1990-12-26,Ross,1.089252718,-0.25613905111136015,0.25613905111136015,0.5735162937918511,FALSE,FALSE
1990-12-27,Ross,1.085009532,-0.17541245264602745,0.17541245264602745,0.5735162937918511,FALSE,FALSE
1990-12-28,Ross,1.047271937,-0.13324828640511743,0.13324828640511743,0.5735162937918511,FALSE,FALSE
1990-12-29,Ross,1.024149286,-0.08171214208458388,0.08171214208458388,0.5735162937918511,FALSE,FALSE
1990-12-30,Ross,0.976309481,-0.06031106038036837,0.06031106038036837,0.5735162937918511,FALSE,FALSE
1990-12-31,Ross,0.924325952,-0.04864655398841655,0.04864655398841655,0.5735162937918511,FALSE,FALSE
1991-01-01,Ross,0.879112341,-0.03597992360467506,0.03597992360467506,0.5735162937918511,FALSE,FALSE
1991-01-02,Ross,0.816772057,-0.04627805918517214,0.04627805918517214,0.5735162937918511,FALSE,FALSE
1991-01-03,Ross,0.778120495,-0.03837728972627097,0.03837728972627097,0.5735162937918511,FALSE,FALSE
1991-01-04,Ross,0.752817063,-0.02216528748441937,0.02216528748441937,0.5735162937918511,FALSE,FALSE
1991-01-05,Ross,0.721139551,-0.01691134271605476,0.01691134271605476,0.5735162937918511,FALSE,FALSE
1991-01-06,Ross,0.693956015,-0.01129447967762897,0.01129447967762897,0.5735162937918511,FALSE,FALSE
1991-01-07,Ross,0.683988787,0.00786055337441438,0.00786055337441438,0.5735162937918511,FALSE,FALSE
1991-01-08,Ross,0.697016639,0.04678544818363228,0.04678544818363228,0.5735162937918511,FALSE,FALSE
1991-01-09,Ross,0.67794402,0.05083757349357898,0.05083757349357898,0.5735162937918511,FALSE,FALSE
1991-01-10,Ross,0.670032464,0.0637313830478079,0.0637313830478079,0.5735162937918511,FALSE,FALSE
1991-01-11,Ross,0.6614256,0.07406342558987478,0.07406342558987478,0.5735162937918511,FALSE,FALSE
1991-01-12,Ross,0.633662026,0.0638252188633357,0.0638252188633357,0.5735162937918511,FALSE,FALSE
1991-01-13,Ross,0.605244884,0.05197282461174446,0.05197282461174446,0.5735162937918511,FALSE,FALSE
1991-01-14,Ross,0.567669552,0.03044877372502208,0.03044877372502208,0.5735162937918511,FALSE,FALSE
1991-01-15,Ross,0.490688439,-0.03075431451513993,0.03075431451513993,0.5735162937918511,FALSE,FALSE
1991-01-16,Ross,0.455038428,-0.05091860160583367,0.05091860160583367,0.5735162937918511,FALSE,FALSE
1991-01-17,Ross,0.425643358,-0.06515568919687459,0.06515568919687459,0.5735162937918511,FALSE,FALSE
1991-01-18,Ross,0.41123648,-0.06476776693807779,0.06476776693807779,0.5735162937918511,FALSE,FALSE
1991-01-19,Ross,0.399058896,-0.06254917347925942,0.06254917347925942,0.5735162937918511,FALSE,FALSE
1991-01-20,Ross,0.384907979,-0.0627379764702341,0.0627379764702341,0.5735162937918511,FALSE,FALSE
1991-01-21,Ross,0.37571895,-0.0584343955608177,0.0584343955608177,0.5735162937918511,FALSE,FALSE
1991-01-22,Ross,0.365845654,-0.05532002640082528,0.05532002640082528,0.5735162937918511,FALSE,FALSE
1991-01-23,Ross,0.36339446,-0.04532394064007383,0.04532394064007383,0.5735162937918511,FALSE,FALSE
1991-01-24,Ross,0.360316896,-0.03653005092837796,0.03653005092837796,0.5735162937918511,FALSE,FALSE
1991-01-25,Ross,0.336257107,-0.04932965291555269,0.04932965291555269,0.5735162937918511,FALSE,FALSE
1991-01-26,Ross,0.334745256,-0.04022802425141347,0.04022802425141347,0.5735162937918511,FALSE,FALSE
1991-01-27,Ross,0.319771757,-0.045263006614407963,0.045263006614407963,0.5735162937918511,FALSE,FALSE
1991-01-28,Ross,0.30309338,-0.05265744731451655,0.05265744731451655,0.5735162937918511,FALSE,FALSE
1991-01-29,Ross,0.290840271,-0.0562406494304537,0.0562406494304537,0.5735162937918511,FALSE,FALSE
1991-01-30,Ross,0.283541549,-0.05544287807266346,0.05544287807266346,0.5735162937918511,FALSE,FALSE
1991-01-31,Ross,0.271059876,-0.0603608553515868,0.0603608553515868,0.5735162937918511,FALSE,FALSE
1991-02-01,Ross,0.253700494,-0.07064872337766592,0.07064872337766592,0.5735162937918511,FALSE,FALSE
1991-02-02,Ross,0.2456131,-0.07211616926134415,0.07211616926134415,0.5735162937918511,FALSE,FALSE
1991-02-03,Ross,0.232610775,-0.07890949611306203,0.07890949611306203,0.5735162937918511,FALSE,FALSE
1991-02-04,Ross,0.228680707,-0.07700090004326174,0.07700090004326174,0.5735162937918511,FALSE,FALSE
1991-02-05,Ross,0.229268152,-0.07090450916238589,0.07090450916238589,0.5735162937918511,FALSE,FALSE
1991-02-06,Ross,0.220797244,-0.07415557358087649,0.07415557358087649,0.5735162937918511,FALSE,FALSE
1991-02-07,Ross,0.209639073,-0.08034238740917449,0.08034238740917449,0.5735162937918511,FALSE,FALSE
1991-02-08,Ross,0.206529465,-0.07868865893106156,0.07868865893106156,0.5735162937918511,FALSE,FALSE
1991-02-09,Ross,0.208914796,-0.07172737281342118,0.07172737281342118,0.5735162937918511,FALSE,FALSE
1991-02-10,Ross,0.2170458,-0.0592265856373757,0.0592265856373757,0.5735162937918511,FALSE,FALSE
1991-02-11,Ross,0.22753995,-0.04459227692484857,0.04459227692484857,0.5735162937918511,FALSE,FALSE
1991-02-12,Ross,0.22443727,-0.04380787519776255,0.04380787519776255,0.5735162937918511,FALSE,FALSE
1991-02-13,Ross,0.221969206,-0.0426653869780432,0.0426653869780432,0.5735162937918511,FALSE,FALSE
1991-02-14,Ross,0.219515265,-0.04180875778761142,0.04180875778761142,0.5735162937918511,FALSE,FALSE
1991-02-15,Ross,0.212113545,-0.04622334214839144,0.04622334214839144,0.5735162937918511,FALSE,FALSE
1991-02-16,Ross,0.196729036,-0.05896760258230968,0.05896760258230968,0.5735162937918511,FALSE,FALSE
1991-02-17,Ross,0.201598694,-0.05182803561128593,0.05182803561128593,0.5735162937918511,FALSE,FALSE
1991-02-18,Ross,0.203306697,-0.04824391575724637,0.04824391575724637,0.5735162937918511,FALSE,FALSE
1991-02-19,Ross,0.204496393,-0.04559534754211381,0.04559534754211381,0.5735162937918511,FALSE,FALSE
1991-02-20,Ross,0.19463232,-0.05444124548781196,0.05444124548781196,0.5735162937918511,FALSE,FALSE
1991-02-21,Ross,0.181122512,-0.0673952992814423,0.0673952992814423,0.5735162937918511,FALSE,FALSE
1991-02-22,Ross,0.178750501,-0.06967474085089415,0.06967474085089415,0.5735162937918511,FALSE,FALSE
1991-02-23,Ross,0.185540513,-0.0632421647775735,0.0632421647775735,0.5735162937918511,FALSE,FALSE
1991-02-24,Ross,0.189298975,-0.06027771258941009,0.06027771258941009,0.5735162937918511,FALSE,FALSE
1991-02-25,Ross,0.189218757,-0.06157508281433074,0.06157508281433074,0.5735162937918511,FALSE,FALSE
1991-02-26,Ross,0.174343938,-0.07807676498026414,0.07807676498026414,0.5735162937918511,FALSE,FALSE
1991-02-27,Ross,0.16941244,-0.08503140561513634,0.08503140561513634,0.5735162937918511,FALSE,FALSE
1991-02-28,Ross,0.153271382,-0.10357845424687562,0.10357845424687562,0.5735162937918511,FALSE,FALSE
1991-03-01,Ross,0.158161966,-0.10146327740341028,0.10146327740341028,0.5735162937918511,FALSE,FALSE
1991-03-02,Ross,0.165623254,-0.09713338161266694,0.09713338161266694,0.5735162937918511,FALSE,FALSE
1991-03-03,Ross,0.188677337,-0.07755324440257472,0.07755324440257472,0.5735162937918511,FALSE,FALSE
1991-03-04,Ross,0.195446382,-0.07458726730105988,0.07458726730105988,0.5735162937918511,FALSE,FALSE
1991-03-05,Ross,0.217821031,-0.0563313780383663,0.0563313780383663,0.5735162937918511,FALSE,FALSE
1991-03-06,Ross,0.227611579,-0.05096632381051669,0.05096632381051669,0.5735162937918511,FALSE,FALSE
1991-03-07,Ross,0.212121793,-0.07119394046322525,0.07119394046322525,0.5735162937918511,FALSE,FALSE
1991-03-08,Ross,0.25336295,-0.03501151199080232,0.03501151199080232,0.5735162937918511,FALSE,FALSE
1991-03-09,Ross,0.253958479,-0.03980417038755357,0.03980417038755357,0.5735162937918511,FALSE,FALSE
1991-03-10,Ross,0.250523485,-0.04896537164778697,0.04896537164778697,0.5735162937918511,FALSE,FALSE
1991-03-11,Ross,0.264085855,-0.04147578976581001,0.04147578976581001,0.5735162937918511,FALSE,FALSE
1991-03-12,Ross,0.249089628,-0.06289994673593097,0.06289994673593097,0.5735162937918511,FALSE,FALSE
1991-03-13,Ross,0.247807274,-0.07097393355245626,0.07097393355245626,0.5735162937918511,FALSE,FALSE
1991-03-14,Ross,0.270328296,-0.05561680820969122,0.05561680820969122,0.5735162937918511,FALSE,FALSE
1991-03-15,Ross,0.279243577,-0.05424624870194827,0.05424624870194827,0.5735162937918511,FALSE,FALSE
1991-03-16,Ross,0.305790861,-0.03563307202353033,0.03563307202353033,0.5735162937918511,FALSE,FALSE
1991-03-17,Ross,0.318250046,-0.03150594116874838,0.03150594116874838,0.5735162937918511,FALSE,FALSE
1991-03-18,Ross,0.340597967,-0.01789642165721827,0.01789642165721827,0.5735162937918511,FALSE,FALSE
1991-03-19,Ross,0.356583956,-0.01105957417664005,0.01105957417664005,0.5735162937918511,FALSE,FALSE
1991-03-20,Ross,0.393193596,0.01598998381105348,0.01598998381105348,0.5735162937918511,FALSE,FALSE
1991-03-21,Ross,0.420331789,0.03315715122077423,0.03315715122077423,0.5735162937918511,FALSE,FALSE
1991-03-22,Ross,0.438217936,0.04066132596743638,0.04066132596743638,0.5735162937918511,FALSE,FALSE
1991-03-23,Ross,0.46168241,0.05333287796595198,0.05333287796595198,0.5735162937918511,FALSE,FALSE
1991-03-24,Ross,0.462058393,0.04250498613123182,0.04250498613123182,0.5735162937918511,FALSE,FALSE
1991-03-25,Ross,0.451464389,0.02029615137819312,0.02029615137819312,0.5735162937918511,FALSE,FALSE
1991-03-26,Ross,0.428515689,-0.01467833837825571,0.01467833837825571,0.5735162937918511,FALSE,FALSE
1991-03-27,Ross,0.401745984,-0.05388479522319828,0.05388479522319828,0.5735162937918511,FALSE,FALSE
1991-03-28,Ross,0.409826998,-0.05865149824172616,0.05865149824172616,0.5735162937918511,FALSE,FALSE
1991-03-29,Ross,0.437584297,-0.04415288451892246,0.04415288451892246,0.5735162937918511,FALSE,FALSE
1991-03-30,Ross,0.459018256,-0.0363885821398765,0.0363885821398765,0.5735162937918511,FALSE,FALSE
1991-03-31,Ross,0.479879389,-0.0296093641916591,0.0296093641916591,0.5735162937918511,FALSE,FALSE
1991-04-01,Ross,0.492145189,-0.03184604315885436,0.03184604315885436,0.5735162937918511,FALSE,FALSE
1991-04-02,Ross,0.498417183,-0.04050778347875788,0.04050778347875788,0.5735162937918511,FALSE,FALSE
1991-04-03,Ross,0.532387928,-0.02191272156112633,0.02191272156112633,0.5735162937918511,FALSE,FALSE
1991-04-04,Ross,0.539787304,-0.03034167081572203,0.03034167081572203,0.5735162937918511,FALSE,FALSE
1991-04-05,Ross,0.55454658,-0.03187405565230261,0.03187405565230261,0.5735162937918511,FALSE,FALSE
1991-04-06,Ross,0.599516896,-0.00366942948062509,0.00366942948062509,0.5735162937918511,FALSE,FALSE
1991-04-07,Ross,0.627778372,0.00734163428954715,0.00734163428954715,0.5735162937918511,FALSE,FALSE
1991-04-08,Ross,0.63766868,-5.13885751542098e-4,5.13885751542098e-4,0.5735162937918511,FALSE,FALSE
1991-04-09,Ross,0.636368717,-0.02006578601365216,0.02006578601365216,0.5735162937918511,FALSE,FALSE
1991-04-10,Ross,0.632686804,-0.04251643890654455,0.04251643890654455,0.5735162937918511,FALSE,FALSE
1991-04-11,Ross,0.639392281,-0.05510719783997664,0.05510719783997664,0.5735162937918511,FALSE,FALSE
1991-04-12,Ross,0.662440614,-0.0518929903753409,0.0518929903753409,0.5735162937918511,FALSE,FALSE
1991-04-13,Ross,0.700467935,-0.03422670781104309,0.03422670781104309,0.5735162937918511,FALSE,FALSE
1991-04-14,Ross,0.723222612,-0.0323137767586199,0.0323137767586199,0.5735162937918511,FALSE,FALSE
1991-04-15,Ross,0.766516174,-0.01029317231255888,0.01029317231255888,0.5735162937918511,FALSE,FALSE
1991-04-16,Ross,0.761907574,-0.03655644556734894,0.03655644556734894,0.5735162937918511,FALSE,FALSE
1991-04-17,Ross,0.768786238,-0.05166467461747592,0.05166467461747592,0.5735162937918511,FALSE,FALSE
1991-04-18,Ross,0.793892018,-0.04882851155742851,0.04882851155742851,0.5735162937918511,FALSE,FALSE
1991-04-19,Ross,0.828768259,-0.03645511548169322,0.03645511548169322,0.5735162937918511,FALSE,FALSE
1991-04-20,Ross,0.863624854,-0.02428509748475982,0.02428509748475982,0.5735162937918511,FALSE,FALSE
1991-04-21,Ross,0.877830795,-0.03289996966111208,0.03289996966111208,0.5735162937918511,FALSE,FALSE
1991-04-22,Ross,0.898628964,-0.03500735410523858,0.03500735410523858,0.5735162937918511,FALSE,FALSE
1991-04-23,Ross,0.926687267,-0.02988984891162882,0.02988984891162882,0.5735162937918511,FALSE,FALSE
1991-04-24,Ross,0.969581567,-0.0099220951747676,0.0099220951747676,0.5735162937918511,FALSE,FALSE
1991-04-25,Ross,1.03303469,0.0306581325041817,0.0306581325041817,0.5735162937918511,FALSE,FALSE
1991-04-26,Ross,1.037286944,0.01203465033076511,0.01203465033076511,0.5735162937918511,FALSE,FALSE
1991-04-27,Ross,1.066524348,0.01828399547630166,0.01828399547630166,0.5735162937918511,FALSE,FALSE
1991-04-28,Ross,1.089036043,0.01758526892062617,0.01758526892062617,0.5735162937918511,FALSE,FALSE
1991-04-29,Ross,1.133656922,0.03866332364356761,0.03866332364356761,0.5735162937918511,FALSE,FALSE
1991-04-30,Ross,1.133656301,0.01467743562495504,0.01467743562495504,0.5735162937918511,FALSE,FALSE
1991-05-01,Ross,1.17435602,0.03083940484461655,0.03083940484461655,0.5735162937918511,FALSE,FALSE
1991-05-02,Ross,1.167656962,-0.0010599257176147,0.0010599257176147,0.5735162937918511,FALSE,FALSE
1991-05-03,Ross,1.195718188,0.00102846491809116,0.00102846491809116,0.5735162937918511,FALSE,FALSE
1991-05-04,Ross,1.238435993,0.01689083173156214,0.01689083173156214,0.5735162937918511,FALSE,FALSE
1991-05-05,Ross,1.266650236,0.01725699370262967,0.01725699370262967,0.5735162937918511,FALSE,FALSE
1991-05-06,Ross,1.281386745,0.00304273881112426,0.00304273881112426,0.5735162937918511,FALSE,FALSE
1991-05-07,Ross,1.311813802,0.00330639790865361,0.00330639790865361,0.5735162937918511,FALSE,FALSE
1991-05-08,Ross,1.364500908,0.02455706825294767,0.02455706825294767,0.5735162937918511,FALSE,FALSE
1991-05-09,Ross,1.41790948,0.04532763216017854,0.04532763216017854,0.5735162937918511,FALSE,FALSE
1991-05-10,Ross,1.462818057,0.05648979115849473,0.05648979115849473,0.5735162937918511,FALSE,FALSE
1991-05-11,Ross,1.465177329,0.02408739777604873,0.02408739777604873,0.5735162937918511,FALSE,FALSE
1991-05-12,Ross,1.526356636,0.04958295454099248,0.04958295454099248,0.5735162937918511,FALSE,FALSE
1991-05-13,Ross,1.568727215,0.05544086098147294,0.05544086098147294,0.5735162937918511,FALSE,FALSE
1991-05-14,Ross,1.604927508,0.05439272162564435,0.05439272162564435,0.5735162937918511,FALSE,FALSE
1991-05-15,Ross,1.674339364,0.08591354800165618,0.08591354800165618,0.5735162937918511,FALSE,FALSE
1991-05-16,Ross,1.733229955,0.10636367463765796,0.10636367463765796,0.5735162937918511,FALSE,FALSE
1991-05-17,Ross,1.797139872,0.13137685506180308,0.13137685506180308,0.5735162937918511,FALSE,FALSE
1991-05-18,Ross,1.827458794,0.12243593080223868,0.12243593080223868,0.5735162937918511,FALSE,FALSE
1991-05-19,Ross,1.857557091,0.11300443438711684,0.11300443438711684,0.5735162937918511,FALSE,FALSE
1991-05-20,Ross,1.868917388,0.0846551087940377,0.0846551087940377,0.5735162937918511,FALSE,FALSE
1991-05-21,Ross,1.8885618770000001,0.06444470912936251,0.06444470912936251,0.5735162937918511,FALSE,FALSE
1991-05-22,Ross,1.896610334,0.03247903710909505,0.03247903710909505,0.5735162937918511,FALSE,FALSE
1991-05-23,Ross,1.935975975,0.03165570142249385,0.03165570142249385,0.5735162937918511,FALSE,FALSE
1991-05-24,Ross,2.000397614,0.0556979087588183,0.0556979087588183,0.5735162937918511,FALSE,FALSE
1991-05-25,Ross,2.065476944,0.08019174480732905,0.08019174480732905,0.5735162937918511,FALSE,FALSE
1991-05-26,Ross,2.015913371,-0.01017899174271308,0.01017899174271308,0.5735162937918511,FALSE,FALSE
1991-05-27,Ross,1.992402512,-0.07473429120205077,0.07473429120205077,0.5735162937918511,FALSE,FALSE
1991-05-28,Ross,2.011235126,-0.0971990018814255,0.0971990018814255,0.5735162937918511,FALSE,FALSE
1991-05-29,Ross,2.06054106,-0.08945888409157776,0.08945888409157776,0.5735162937918511,FALSE,FALSE
1991-05-30,Ross,2.101295537,-0.09055432214324632,0.09055432214324632,0.5735162937918511,FALSE,FALSE
1991-05-31,Ross,2.066701536,-0.16729794434717382,0.16729794434717382,0.5735162937918511,FALSE,FALSE
1991-06-01,Ross,2.058205491,-0.21825892401409996,0.21825892401409996,0.5735162937918511,FALSE,FALSE
1991-06-02,Ross,2.081104439,-0.23815117304969213,0.23815117304969213,0.5735162937918511,FALSE,FALSE
1991-06-03,Ross,2.10995982,-0.25240353441674657,0.25240353441674657,0.5735162937918511,FALSE,FALSE
1991-06-04,Ross,2.135460701,-0.2703114952923733,0.2703114952923733,0.5735162937918511,FALSE,FALSE
1991-06-05,Ross,2.16467602,-0.2847906716414723,0.2847906716414723,0.5735162937918511,FALSE,FALSE
1991-06-06,Ross,2.137573351,-0.35585804342894534,0.35585804342894534,0.5735162937918511,FALSE,FALSE
1991-06-07,Ross,2.141060779,-0.3965900796196973,0.3965900796196973,0.5735162937918511,FALSE,FALSE
1991-06-08,Ross,2.171990265,-0.4101193731786248,0.4101193731786248,0.5735162937918511,FALSE,FALSE
1991-06-09,Ross,2.24008926,-0.3867030270706304,0.3867030270706304,0.5735162937918511,FALSE,FALSE
1991-06-10,Ross,2.29889253,-0.3727908292606199,0.3727908292606199,0.5735162937918511,FALSE,FALSE
1991-06-11,Ross,2.361995642,-0.3547717667134904,0.3547717667134904,0.5735162937918511,FALSE,FALSE
1991-06-12,Ross,2.395875149,-0.3661538403941442,0.3661538403941442,0.5735162937918511,FALSE,FALSE
1991-06-13,Ross,2.370854792,-0.4365978632674832,0.4365978632674832,0.5735162937918511,FALSE,FALSE
1991-06-14,Ross,2.388634218,-0.4643881187445902,0.4643881187445902,0.5735162937918511,FALSE,FALSE
1991-06-15,Ross,2.446365685,-0.4523287903981372,0.4523287903981372,0.5735162937918511,FALSE,FALSE
1991-06-16,Ross,2.484122111,-0.4602656910835092,0.4602656910835092,0.5735162937918511,FALSE,FALSE
1991-06-17,Ross,2.489179574,-0.500838741450317,0.500838741450317,0.5735162937918511,FALSE,FALSE
1991-06-18,Ross,2.522349373,-0.5131526411481859,0.5131526411481859,0.5735162937918511,FALSE,FALSE
1991-06-19,Ross,2.54532191,-0.5354329868267218,0.5354329868267218,0.5735162937918511,FALSE,FALSE
1991-06-20,Ross,2.577640876,-0.5480520861355465,0.5480520861355465,0.5735162937918511,FALSE,FALSE
1991-06-21,Ross,2.603425591,-0.5668066177242737,0.5668066177242737,0.5735162937918511,FALSE,FALSE
1991-06-22,Ross,2.66350963,-0.5507790052425214,0.5507790052425214,0.5735162937918511,FALSE,FALSE
1991-06-23,Ross,2.71301575,-0.5447624903399038,0.5447624903399038,0.5735162937918511,FALSE,FALSE
1991-06-24,Ross,2.734511058,-0.5661059646660376,0.5661059646660376,0.5735162937918511,FALSE,FALSE
1991-06-25,Ross,2.676969754,-0.6657512268705372,0.6657512268705372,0.5735162937918511,TRUE,TRUE
1991-06-26,Ross,2.661341313,-0.7226648006030194,0.7226648006030194,0.5735162937918511,TRUE,TRUE
1991-06-27,Ross,2.705388308,-0.7190151699748588,0.7190151699748588,0.5735162937918511,TRUE,TRUE
1991-06-28,Ross,2.715707365,-0.7482505554435295,0.7482505554435295,0.5735162937918511,TRUE,TRUE
1991-06-29,Ross,2.799074857,-0.7036914252915967,0.7036914252915967,0.5735162937918511,TRUE,TRUE
1991-06-30,Ross,2.826530459,-0.7143952131335705,0.7143952131335705,0.5735162937918511,TRUE,TRUE
1991-07-01,Ross,2.859717386,-0.7188158125839581,0.7188158125839581,0.5735162937918511,TRUE,TRUE
1991-07-02,Ross,2.8516126,-0.7640733702572664,0.7640733702572664,0.5735162937918511,TRUE,TRUE
1991-07-03,Ross,2.920746827,-0.7317342687680108,0.7317342687680108,0.5735162937918511,TRUE,TRUE
1991-07-04,Ross,2.958584658,-0.7304310257306947,0.7304310257306947,0.5735162937918511,TRUE,TRUE
1991-07-05,Ross,3.03590308,-0.6894837627598283,0.6894837627598283,0.5735162937918511,TRUE,TRUE
1991-07-06,Ross,3.123189595,-0.6385020864699213,0.6385020864699213,0.5735162937918511,TRUE,TRUE
1991-07-07,Ross,3.131430526,-0.6665967824754775,0.6665967824754775,0.5735162937918511,TRUE,TRUE
1991-07-08,Ross,3.176520578,-0.657970254391016,0.657970254391016,0.5735162937918511,TRUE,TRUE
1991-07-09,Ross,3.206429489,-0.664749565361606,0.664749565361606,0.5735162937918511,TRUE,TRUE
1991-07-10,Ross,3.209034615,-0.6990943591519709,0.6990943591519709,0.5735162937918511,TRUE,TRUE
1991-07-11,Ross,3.211398986,-0.7338477317340084,0.7338477317340084,0.5735162937918511,TRUE,TRUE
1991-07-12,Ross,3.293469168,-0.6889519237252806,0.6889519237252806,0.5735162937918511,TRUE,TRUE
1991-07-13,Ross,3.309011591,-0.7105293117433495,0.7105293117433495,0.5735162937918511,TRUE,TRUE
1991-07-14,Ross,3.354039755,-0.702455202405774,0.702455202405774,0.5735162937918511,TRUE,TRUE
1991-07-15,Ross,3.418947828,-0.6742242343301235,0.6742242343301235,0.5735162937918511,TRUE,TRUE
1991-07-16,Ross,3.424395515,-0.7050655091339517,0.7050655091339517,0.5735162937918511,TRUE,TRUE
1991-07-17,Ross,3.448277741,-0.7169729084348324,0.7169729084348324,0.5735162937918511,TRUE,TRUE
1991-07-18,Ross,3.515141106,-0.6852886388503197,0.6852886388503197,0.5735162937918511,TRUE,TRUE
1991-07-19,Ross,3.615436492,-0.6194506249979805,0.6194506249979805,0.5735162937918511,TRUE,TRUE
1991-07-20,Ross,3.703414576,-0.5650969964953774,0.5650969964953774,0.5735162937918511,FALSE,FALSE
1991-07-21,Ross,3.774090073,-0.5271018449600691,0.5271018449600691,0.5735162937918511,FALSE,FALSE
1991-07-22,Ross,3.843304346,-0.4895215378217177,0.4895215378217177,0.5735162937918511,FALSE,FALSE
1991-07-23,Ross,3.905515292,-0.4579190776207862,0.4579190776207862,0.5735162937918511,FALSE,FALSE
1991-07-24,Ross,3.97978676,-0.4133412977506832,0.4133412977506832,0.5735162937918511,FALSE,FALSE
1991-07-25,Ross,4.022711401,-0.3993082662292693,0.3993082662292693,0.5735162937918511,FALSE,FALSE
1991-07-26,Ross,3.988400473,-0.4618214440744137,0.4618214440744137,0.5735162937918511,FALSE,FALSE
1991-07-27,Ross,3.996044877,-0.4818026493039893,0.4818026493039893,0.5735162937918511,FALSE,FALSE
1991-07-28,Ross,4.002725929,-0.5022832849358592,0.5022832849358592,0.5735162937918511,FALSE,FALSE
1991-07-29,Ross,4.039390472,-0.4924292269878876,0.4924292269878876,0.5735162937918511,FALSE,FALSE
1991-07-30,Ross,4.092908498,-0.4654832024779463,0.4654832024779463,0.5735162937918511,FALSE,FALSE
1991-07-31,Ross,4.141195195,-0.4436427424238998,0.4436427424238998,0.5735162937918511,FALSE,FALSE
1991-08-01,Ross,4.195699609,-0.4155715198436214,0.4155715198436214,0.5735162937918511,FALSE,FALSE
1991-08-02,Ross,4.209837375,-0.4279666187549722,0.4279666187549722,0.5735162937918511,FALSE,FALSE
1991-08-03,Ross,4.184481343,-0.4800679065779496,0.4800679065779496,0.5735162937918511,FALSE,FALSE
1991-08-04,Ross,4.192894741,-0.49868173659178616,0.49868173659178616,0.5735162937918511,FALSE,FALSE
1991-08-05,Ross,4.199677548,-0.5191221023533403,0.5191221023533403,0.5735162937918511,FALSE,FALSE
1991-08-06,Ross,4.191569664,-0.5545279999428923,0.5545279999428923,0.5735162937918511,FALSE,FALSE
1991-08-07,Ross,4.2422693,-0.5310801144407185,0.5310801144407185,0.5735162937918511,FALSE,FALSE
1991-08-08,Ross,4.324637049,-0.47579674892708734,0.47579674892708734,0.5735162937918511,FALSE,FALSE
1991-08-09,Ross,4.409946246,-0.4172834644822734,0.4172834644822734,0.5735162937918511,FALSE,FALSE
1991-08-10,Ross,4.491486956,-0.3621290921865574,0.3621290921865574,0.5735162937918511,FALSE,FALSE
1991-08-11,Ross,4.533058111,-0.3464135961202057,0.3464135961202057,0.5735162937918511,FALSE,FALSE
1991-08-12,Ross,4.540691851,-0.36398373236349446,0.36398373236349446,0.5735162937918511,FALSE,FALSE
1991-08-13,Ross,4.578980114,-0.35012645899669437,0.35012645899669437,0.5735162937918511,FALSE,FALSE
1991-08-14,Ross,4.642982466,-0.309661106100088,0.309661106100088,0.5735162937918511,FALSE,FALSE
1991-08-15,Ross,4.716460939,-0.25870453775394076,0.25870453775394076,0.5735162937918511,FALSE,FALSE
1991-08-16,Ross,4.731107204,-0.26544795967373336,0.26544795967373336,0.5735162937918511,FALSE,FALSE
1991-08-17,Ross,4.741912884,-0.2749009394022863,0.2749009394022863,0.5735162937918511,FALSE,FALSE
1991-08-18,Ross,4.752233861,-0.28384420498885277,0.28384420498885277,0.5735162937918511,FALSE,FALSE
1991-08-19,Ross,4.756413049,-0.29807887382168463,0.29807887382168463,0.5735162937918511,FALSE,FALSE
1991-08-20,Ross,4.747457617,-0.32474180828903876,0.32474180828903876,0.5735162937918511,FALSE,FALSE
1991-08-21,Ross,4.742387662,-0.34695694277916633,0.34695694277916633,0.5735162937918511,FALSE,FALSE
1991-08-22,Ross,4.732734149,-0.3733373436803245,0.3733373436803245,0.5735162937918511,FALSE,FALSE
1991-08-23,Ross,4.705562658,-0.4169614623807645,0.4169614623807645,0.5735162937918511,FALSE,FALSE
1991-08-24,Ross,4.717152858,-0.4216936612687361,0.4216936612687361,0.5735162937918511,FALSE,FALSE
1991-08-25,Ross,4.757442732,-0.3977399887325026,0.3977399887325026,0.5735162937918511,FALSE,FALSE
1991-08-26,Ross,4.806681207,-0.3649955491603096,0.3649955491603096,0.5735162937918511,FALSE,FALSE
1991-08-27,Ross,4.847603351,-0.340869305940414,0.340869305940414,0.5735162937918511,FALSE,FALSE
1991-08-28,Ross,4.884712665,-0.32100178946106883,0.32100178946106883,0.5735162937918511,FALSE,FALSE
1991-08-29,Ross,4.892483382,-0.3310355193147476,0.3310355193147476,0.5735162937918511,FALSE,FALSE
1991-08-30,Ross,4.891563712,-0.3502732458659219,0.3502732458659219,0.5735162937918511,FALSE,FALSE
1991-08-31,Ross,4.855156587,-0.40540070405747297,0.40540070405747297,0.5735162937918511,FALSE,FALSE
1991-09-01,Ross,4.845146205,-0.4344222510983391,0.4344222510983391,0.5735162937918511,FALSE,FALSE
1991-09-02,Ross,4.887837587,-0.410921421197461,0.410921421197461,0.5735162937918511,FALSE,FALSE
1991-09-03,Ross,4.954900911,-0.3631165915637755,0.3631165915637755,0.5735162937918511,FALSE,FALSE
1991-09-04,Ross,4.98159143,-0.35564106440622023,0.35564106440622023,0.5735162937918511,FALSE,FALSE
1991-09-05,Ross,4.974620601,-0.3816719379337332,0.3816719379337332,0.5735162937918511,FALSE,FALSE
1991-09-06,Ross,4.98672932,-0.3883568713552528,0.3883568713552528,0.5735162937918511,FALSE,FALSE
1991-09-07,Ross,5.020766063,-0.3727359438797171,0.3727359438797171,0.5735162937918511,FALSE,FALSE
1991-09-08,Ross,4.980403147,-0.43102539371606063,0.43102539371606063,0.5735162937918511,FALSE,FALSE
1991-09-09,Ross,4.980427436,-0.4483269120732265,0.4483269120732265,0.5735162937918511,FALSE,FALSE
1991-09-10,Ross,4.986247441,-0.45912100576132,0.45912100576132,0.5735162937918511,FALSE,FALSE
1991-09-11,Ross,5.017724737,-0.4434790330787193,0.4434790330787193,0.5735162937918511,FALSE,FALSE
1991-09-12,Ross,5.142815297,-0.3334574241455357,0.3334574241455357,0.5735162937918511,FALSE,FALSE
1991-09-13,Ross,5.234033941,-0.256562129561301,0.256562129561301,0.5735162937918511,FALSE,FALSE
1991-09-14,Ross,5.301903681,-0.20229090792553528,0.20229090792553528,0.5735162937918511,FALSE,FALSE
1991-09-15,Ross,5.332885264,-0.18420378283777072,0.18420378283777072,0.5735162937918511,FALSE,FALSE
1991-09-16,Ross,5.318418708,-0.21088150689752985,0.21088150689752985,0.5735162937918511,FALSE,FALSE
1991-09-17,Ross,5.346460313,-0.1943885507043408,0.1943885507043408,0.5735162937918511,FALSE,FALSE
1991-09-18,Ross,5.352892494,-0.19886326985773103,0.19886326985773103,0.5735162937918511,FALSE,FALSE
1991-09-19,Ross,5.326160742,-0.23588094395722511,0.23588094395722511,0.5735162937918511,FALSE,FALSE
1991-09-20,Ross,5.328976015,-0.242751385602352,0.242751385602352,0.5735162937918511,FALSE,FALSE
1991-09-21,Ross,5.4335693,-0.14726437839263615,0.14726437839263615,0.5735162937918511,FALSE,FALSE
1991-09-22,Ross,5.435700326,-0.15368096392760755,0.15368096392760755,0.5735162937918511,FALSE,FALSE
1991-09-23,Ross,5.466575276,-0.13081392006798076,0.13081392006798076,0.5735162937918511,FALSE,FALSE
1991-09-24,Ross,5.527606311,-0.07725067138460773,0.07725067138460773,0.5735162937918511,FALSE,FALSE
1991-09-25,Ross,5.549309935,-0.06246254609964996,0.06246254609964996,0.5735162937918511,FALSE,FALSE
1991-09-26,Ross,5.616192003,-0.00193135652282538,0.00193135652282538,0.5735162937918511,FALSE,FALSE
1991-09-27,Ross,5.679366149,0.05546886403614337,0.05546886403614337,0.5735162937918511,FALSE,FALSE
1991-09-28,Ross,5.721378181,0.0922962562675398,0.0922962562675398,0.5735162937918511,FALSE,FALSE
1991-09-29,Ross,5.731421038,0.09775609186164493,0.09775609186164493,0.5735162937918511,FALSE,FALSE
1991-09-30,Ross,5.742438802,0.10480478550874128,0.10480478550874128,0.5735162937918511,FALSE,FALSE
1991-10-01,Ross,5.742819811,0.10184300789911038,0.10184300789911038,0.5735162937918511,FALSE,FALSE
1991-10-02,Ross,5.772144503,0.12846352972303077,0.12846352972303077,0.5735162937918511,FALSE,FALSE
1991-10-03,Ross,5.777318405,0.13158421067078763,0.13158421067078763,0.5735162937918511,FALSE,FALSE
1991-10-04,Ross,5.784815813,0.1376916794326597,0.1376916794326597,0.5735162937918511,FALSE,FALSE
1991-10-05,Ross,5.762695487,0.1148570358178258,0.1148570358178258,0.5735162937918511,FALSE,FALSE
1991-10-06,Ross,5.761590381,0.1137341848618334,0.1137341848618334,0.5735162937918511,FALSE,FALSE
1991-10-07,Ross,5.766029931,0.11889884394711636,0.11889884394711636,0.5735162937918511,FALSE,FALSE
1991-10-08,Ross,5.752728877,0.10711666859310752,0.10711666859310752,0.5735162937918511,FALSE,FALSE
1991-10-09,Ross,5.763231744,0.11998309931925188,0.11998309931925188,0.5735162937918511,FALSE,FALSE
1991-10-10,Ross,5.681327024,0.04133754364498721,0.04133754364498721,0.5735162937918511,FALSE,FALSE
1991-10-11,Ross,5.610362462,-0.02542133791024792,0.02542133791024792,0.5735162937918511,FALSE,FALSE
1991-10-12,Ross,5.53756275,-0.09301793782701218,0.09301793782701218,0.5735162937918511,FALSE,FALSE
1991-10-13,Ross,5.502853249,-0.12147597958586952,0.12147597958586952,0.5735162937918511,FALSE,FALSE
1991-10-14,Ross,5.47811535,-0.1388631566673766,0.1388631566673766,0.5735162937918511,FALSE,FALSE
1991-10-15,Ross,5.48646088,-0.12201672655209617,0.12201672655209617,0.5735162937918511,FALSE,FALSE
1991-10-16,Ross,5.475639843,-0.1231357697205917,0.1231357697205917,0.5735162937918511,FALSE,FALSE
1991-10-17,Ross,5.512117676,-0.07570393365341932,0.07570393365341932,0.5735162937918511,FALSE,FALSE
1991-10-18,Ross,5.494504656,-0.08106386105870289,0.08106386105870289,0.5735162937918511,FALSE,FALSE
1991-10-19,Ross,5.515390957,-0.04665975674164624,0.04665975674164624,0.5735162937918511,FALSE,FALSE
1991-10-20,Ross,5.498874328,-0.04850612664969844,0.04850612664969844,0.5735162937918511,FALSE,FALSE
1991-10-21,Ross,5.480110458,-0.05156265491237111,0.05156265491237111,0.5735162937918511,FALSE,FALSE
1991-10-22,Ross,5.501316901,-0.01372716065917423,0.01372716065917423,0.5735162937918511,FALSE,FALSE
1991-10-23,Ross,5.493546067,-0.0040626070196188,0.0040626070196188,0.5735162937918511,FALSE,FALSE
1991-10-24,Ross,5.484477856,0.00499553287678722,0.00499553287678722,0.5735162937918511,FALSE,FALSE
1991-10-25,Ross,5.477523761,0.01674337890053312,0.01674337890053312,0.5735162937918511,FALSE,FALSE
1991-10-26,Ross,5.443604317,0.00198609292210871,0.00198609292210871,0.5735162937918511,FALSE,FALSE
1991-10-27,Ross,5.366265415,-0.05584580718799703,0.05584580718799703,0.5735162937918511,FALSE,FALSE
1991-10-28,Ross,5.302624672,-0.09975007755929166,0.09975007755929166,0.5735162937918511,FALSE,FALSE
1991-10-29,Ross,5.291062971,-0.09146120832128712,0.09146120832128712,0.5735162937918511,FALSE,FALSE
1991-10-30,Ross,5.296340813,-0.06633407160349147,0.06633407160349147,0.5735162937918511,FALSE,FALSE
1991-10-31,Ross,5.291455495,-0.05144666684975263,0.05144666684975263,0.5735162937918511,FALSE,FALSE
1991-11-01,Ross,5.269052969,-0.05403107235475968,0.05403107235475968,0.5735162937918511,FALSE,FALSE
1991-11-02,Ross,5.251145632,-0.05189232891771578,0.05189232891771578,0.5735162937918511,FALSE,FALSE
1991-11-03,Ross,5.257088873,-0.02549246904897373,0.02549246904897373,0.5735162937918511,FALSE,FALSE
1991-11-04,Ross,5.292328339,0.0307967327411136,0.0307967327411136,0.5735162937918511,FALSE,FALSE
1991-11-05,Ross,5.290619741,0.05091356594219753,0.05091356594219753,0.5735162937918511,FALSE,FALSE
1991-11-06,Ross,5.267811887,0.05088941704392624,0.05088941704392624,0.5735162937918511,FALSE,FALSE
1991-11-07,Ross,5.253077004,0.06007909153594859,0.06007909153594859,0.5735162937918511,FALSE,FALSE
1991-11-08,Ross,5.213171917,0.0454219929079116,0.0454219929079116,0.5735162937918511,FALSE,FALSE
1991-11-09,Ross,5.203560379,0.06256445264946464,0.06256445264946464,0.5735162937918511,FALSE,FALSE
1991-11-10,Ross,5.215026356,0.10247301525025689,0.10247301525025689,0.5735162937918511,FALSE,FALSE
1991-11-11,Ross,5.245312301,0.1630727121999378,0.1630727121999378,0.5735162937918511,FALSE,FALSE
1991-11-12,Ross,5.25093606,0.20106248706978835,0.20106248706978835,0.5735162937918511,FALSE,FALSE
1991-11-13,Ross,5.254274322,0.23891820350800508,0.23891820350800508,0.5735162937918511,FALSE,FALSE
1991-11-14,Ross,5.224651629,0.24594043091514628,0.24594043091514628,0.5735162937918511,FALSE,FALSE
1991-11-15,Ross,5.214480768,0.2745078260726945,0.2745078260726945,0.5735162937918511,FALSE,FALSE
1991-11-16,Ross,5.181537559,0.28236207876213726,0.28236207876213726,0.5735162937918511,FALSE,FALSE
1991-11-17,Ross,5.160545463,0.30419251976495687,0.30419251976495687,0.5735162937918511,FALSE,FALSE
1991-11-18,Ross,5.110665416,0.29912595486263704,0.29912595486263704,0.5735162937918511,FALSE,FALSE
1991-11-19,Ross,5.056481832,0.2917126678366664,0.2917126678366664,0.5735162937918511,FALSE,FALSE
1991-11-20,Ross,4.959684447,0.2436082644685245,0.2436082644685245,0.5735162937918511,FALSE,FALSE
1991-11-21,Ross,4.90905586,0.24356121353970295,0.24356121353970295,0.5735162937918511,FALSE,FALSE
1991-11-22,Ross,4.777597613,0.16453892683168014,0.16453892683168014,0.5735162937918511,FALSE,FALSE
1991-11-23,Ross,4.726232617,0.16743018512594254,0.16743018512594254,0.5735162937918511,FALSE,FALSE
1991-11-24,Ross,4.651642914,0.14888290020397577,0.14888290020397577,0.5735162937918511,FALSE,FALSE
1991-11-25,Ross,4.59677425,0.15183374874569022,0.15183374874569022,0.5735162937918511,FALSE,FALSE
1991-11-26,Ross,4.480984338,0.0958433353111019,0.0958433353111019,0.5735162937918511,FALSE,FALSE
1991-11-27,Ross,4.39747796,0.07442591288587597,0.07442591288587597,0.5735162937918511,FALSE,FALSE
1991-11-28,Ross,4.367435165,0.1090718087329261,0.1090718087329261,0.5735162937918511,FALSE,FALSE
1991-11-29,Ross,4.333641237,0.14287658511517165,0.14287658511517165,0.5735162937918511,FALSE,FALSE
1991-11-30,Ross,4.271400775,0.15145511929552846,0.15145511929552846,0.5735162937918511,FALSE,FALSE
1991-12-01,Ross,4.233880603,0.18828451353690936,0.18828451353690936,0.5735162937918511,FALSE,FALSE
1991-12-02,Ross,4.166395701,0.19899002610223304,0.19899002610223304,0.5735162937918511,FALSE,FALSE
1991-12-03,Ross,4.078679835,0.1936157012544144,0.1936157012544144,0.5735162937918511,FALSE,FALSE
1991-12-04,Ross,3.997977376,0.1997161882563696,0.1997161882563696,0.5735162937918511,FALSE,FALSE
1991-12-05,Ross,3.893429977,0.18674341837101505,0.18674341837101505,0.5735162937918511,FALSE,FALSE
1991-12-06,Ross,3.813748994,0.2037190258612651,0.2037190258612651,0.5735162937918511,FALSE,FALSE
1991-12-07,Ross,3.738828545,0.2308465046667676,0.2308465046667676,0.5735162937918511,FALSE,FALSE
1991-12-08,Ross,3.656410987,0.25589747770989746,0.25589747770989746,0.5735162937918511,FALSE,FALSE
1991-12-09,Ross,3.571931847,0.2836612154017901,0.2836612154017901,0.5735162937918511,FALSE,FALSE
1991-12-10,Ross,3.44991169,0.2779122364185391,0.2779122364185391,0.5735162937918511,FALSE,FALSE
1991-12-11,Ross,3.341914712,0.28946869043622625,0.28946869043622625,0.5735162937918511,FALSE,FALSE
1991-12-12,Ross,3.249012465,0.31865608313094773,0.31865608313094773,0.5735162937918511,FALSE,FALSE
1991-12-13,Ross,3.166869787,0.36039320617878934,0.36039320617878934,0.5735162937918511,FALSE,FALSE
1991-12-14,Ross,3.069208895,0.3876562302558408,0.3876562302558408,0.5735162937918511,FALSE,FALSE
1991-12-15,Ross,2.947636889,0.39130620903819446,0.39130620903819446,0.5735162937918511,FALSE,FALSE
1991-12-16,Ross,2.815772449,0.384215776201934,0.384215776201934,0.5735162937918511,FALSE,FALSE
1991-12-17,Ross,2.525394085,0.21741739542315489,0.21741739542315489,0.5735162937918511,FALSE,FALSE
1991-12-18,Ross,2.214246788,0.02791001137794335,0.02791001137794335,0.5735162937918511,FALSE,FALSE
1991-12-19,Ross,2.032470865,-0.03491211525761129,0.03491211525761129,0.5735162937918511,FALSE,FALSE
1991-12-20,Ross,1.890083107,-0.0617590656433562,0.0617590656433562,0.5735162937918511,FALSE,FALSE
1991-12-21,Ross,1.784197697,-0.05594034844632545,0.05594034844632545,0.5735162937918511,FALSE,FALSE
1991-12-22,Ross,1.647298575,-0.08515371029804597,0.08515371029804597,0.5735162937918511,FALSE,FALSE
1991-12-23,Ross,1.558524127,-0.07043570789446396,0.07043570789446396,0.5735162937918511,FALSE,FALSE
1991-12-24,Ross,1.479543048,-0.0502925889315251,0.0502925889315251,0.5735162937918511,FALSE,FALSE
1991-12-25,Ross,1.337754566,-0.09750006810517432,0.09750006810517432,0.5735162937918511,FALSE,FALSE
1991-12-26,Ross,1.275789738,-0.0696020311113601,0.0696020311113601,0.5735162937918511,FALSE,FALSE
1991-12-27,Ross,1.215779398,-0.04464258664602738,0.04464258664602738,0.5735162937918511,FALSE,FALSE
1991-12-28,Ross,1.096102052,-0.08441817140511754,0.08441817140511754,0.5735162937918511,FALSE,FALSE
1991-12-29,Ross,0.944942028,-0.16091940008458394,0.16091940008458394,0.5735162937918511,FALSE,FALSE
1991-12-30,Ross,0.827773934,-0.2088466073803684,0.2088466073803684,0.5735162937918511,FALSE,FALSE
1991-12-31,Ross,0.72094472,-0.2520277859884166,0.2520277859884166,0.5735162937918511,FALSE,FALSE
1992-01-01,Ross,0.682685923,-0.2324063416046751,0.2324063416046751,0.5735162937918511,FALSE,FALSE
1992-01-02,Ross,0.639574155,-0.2234759611851721,0.2234759611851721,0.5735162937918511,FALSE,FALSE
1992-01-03,Ross,0.612169656,-0.20432812872627104,0.20432812872627104,0.5735162937918511,FALSE,FALSE
1992-01-04,Ross,0.592084175,-0.1828981754844193,0.1828981754844193,0.5735162937918511,FALSE,FALSE
1992-01-05,Ross,0.568592139,-0.16945875471605476,0.16945875471605476,0.5735162937918511,FALSE,FALSE
1992-01-06,Ross,0.543329839,-0.16192065567762903,0.16192065567762903,0.5735162937918511,FALSE,FALSE
1992-01-07,Ross,0.543362291,-0.1327659426255856,0.1327659426255856,0.5735162937918511,FALSE,FALSE
1992-01-08,Ross,0.54893113,-0.10130006081636768,0.10130006081636768,0.5735162937918511,FALSE,FALSE
1992-01-09,Ross,0.552593993,-0.074512453506421,0.074512453506421,0.5735162937918511,FALSE,FALSE
1992-01-10,Ross,0.561129591,-0.04517148995219211,0.04517148995219211,0.5735162937918511,FALSE,FALSE
1992-01-11,Ross,0.555491252,-0.03187092241012512,0.03187092241012512,0.5735162937918511,FALSE,FALSE
1992-01-12,Ross,0.54488707,-0.02494973713666426,0.02494973713666426,0.5735162937918511,FALSE,FALSE
1992-01-13,Ross,0.509317398,-0.04395466138825554,0.04395466138825554,0.5735162937918511,FALSE,FALSE
1992-01-14,Ross,0.471517464,-0.06570331427497794,0.06570331427497794,0.5735162937918511,FALSE,FALSE
1992-01-15,Ross,0.449438683,-0.0720040705151399,0.0720040705151399,0.5735162937918511,FALSE,FALSE
1992-01-16,Ross,0.439004266,-0.06695276360583369,0.06695276360583369,0.5735162937918511,FALSE,FALSE
1992-01-17,Ross,0.411458623,-0.07934042419687459,0.07934042419687459,0.5735162937918511,FALSE,FALSE
1992-01-18,Ross,0.378008258,-0.09799598893807782,0.09799598893807782,0.5735162937918511,FALSE,FALSE
1992-01-19,Ross,0.36488226,-0.0967258094792594,0.0967258094792594,0.5735162937918511,FALSE,FALSE
1992-01-20,Ross,0.363121254,-0.08452470147023411,0.08452470147023411,0.5735162937918511,FALSE,FALSE
1992-01-21,Ross,0.353264445,-0.08088890056081771,0.08088890056081771,0.5735162937918511,FALSE,FALSE
1992-01-22,Ross,0.344578793,-0.07658688740082531,0.07658688740082531,0.5735162937918511,FALSE,FALSE
1992-01-23,Ross,0.339046173,-0.0696722276400738,0.0696722276400738,0.5735162937918511,FALSE,FALSE
1992-01-24,Ross,0.349463597,-0.04738334992837795,0.04738334992837795,0.5735162937918511,FALSE,FALSE
1992-01-25,Ross,0.337130084,-0.04845667591555269,0.04845667591555269,0.5735162937918511,FALSE,FALSE
1992-01-26,Ross,0.317998807,-0.05697447325141347,0.05697447325141347,0.5735162937918511,FALSE,FALSE
1992-01-27,Ross,0.301323095,-0.06371166861440797,0.06371166861440797,0.5735162937918511,FALSE,FALSE
1992-01-28,Ross,0.304873107,-0.05087772031451659,0.05087772031451659,0.5735162937918511,FALSE,FALSE
1992-01-29,Ross,0.293147587,-0.0539333334304537,0.0539333334304537,0.5735162937918511,FALSE,FALSE
1992-01-30,Ross,0.277650688,-0.06133373907266348,0.06133373907266348,0.5735162937918511,FALSE,FALSE
1992-01-31,Ross,0.274678004,-0.05674272735158681,0.05674272735158681,0.5735162937918511,FALSE,FALSE
1992-02-01,Ross,0.278477849,-0.04587136837766592,0.04587136837766592,0.5735162937918511,FALSE,FALSE
1992-02-02,Ross,0.275459928,-0.04226934126134413,0.04226934126134413,0.5735162937918511,FALSE,FALSE
1992-02-03,Ross,0.2808893,-0.03063097111306201,0.03063097111306201,0.5735162937918511,FALSE,FALSE
1992-02-04,Ross,0.288299148,-0.01738245904326174,0.01738245904326174,0.5735162937918511,FALSE,FALSE
1992-02-05,Ross,0.28394175,-0.01623091116238589,0.01623091116238589,0.5735162937918511,FALSE,FALSE
1992-02-06,Ross,0.292616694,-0.00233612358087648,0.00233612358087648,0.5735162937918511,FALSE,FALSE
1992-02-07,Ross,0.290794573,8.131125908255044e-4,8.131125908255044e-4,0.5735162937918511,FALSE,FALSE
1992-02-08,Ross,0.282198804,-0.00301931993106152,0.00301931993106152,0.5735162937918511,FALSE,FALSE
1992-02-09,Ross,0.269216852,-0.01142531681342118,0.01142531681342118,0.5735162937918511,FALSE,FALSE
1992-02-10,Ross,0.252777195,-0.0234951906373757,0.0234951906373757,0.5735162937918511,FALSE,FALSE
1992-02-11,Ross,0.253455118,-0.01867710892484858,0.01867710892484858,0.5735162937918511,FALSE,FALSE
1992-02-12,Ross,0.244755908,-0.02348923719776255,0.02348923719776255,0.5735162937918511,FALSE,FALSE
1992-02-13,Ross,0.234872428,-0.02976216497804321,0.02976216497804321,0.5735162937918511,FALSE,FALSE
1992-02-14,Ross,0.228574424,-0.03274959878761141,0.03274959878761141,0.5735162937918511,FALSE,FALSE
1992-02-15,Ross,0.200618227,-0.05771866014839141,0.05771866014839141,0.5735162937918511,FALSE,FALSE
1992-02-16,Ross,0.186318488,-0.06937815058230967,0.06937815058230967,0.5735162937918511,FALSE,FALSE
1992-02-17,Ross,0.176396745,-0.07702998461128593,0.07702998461128593,0.5735162937918511,FALSE,FALSE
1992-02-18,Ross,0.171366799,-0.0801838137572464,0.0801838137572464,0.5735162937918511,FALSE,FALSE
1992-02-19,Ross,0.170143143,-0.07994859754211381,0.07994859754211381,0.5735162937918511,FALSE,FALSE
1992-02-20,Ross,0.148402875,-0.10067069048781196,0.10067069048781196,0.5735162937918511,FALSE,FALSE
1992-02-21,Ross,0.15582073,-0.09269708128144231,0.09269708128144231,0.5735162937918511,FALSE,FALSE
1992-02-22,Ross,0.161313878,-0.08711136385089416,0.08711136385089416,0.5735162937918511,FALSE,FALSE
1992-02-23,Ross,0.173721853,-0.07506082477757348,0.07506082477757348,0.5735162937918511,FALSE,FALSE
1992-02-24,Ross,0.193527668,-0.05604901958941008,0.05604901958941008,0.5735162937918511,FALSE,FALSE
1992-02-25,Ross,0.178528011,-0.07226582881433075,0.07226582881433075,0.5735162937918511,FALSE,FALSE
1992-02-26,Ross,0.181154589,-0.07126611398026414,0.07126611398026414,0.5735162937918511,FALSE,FALSE
1992-02-27,Ross,0.185608521,-0.06883532461513633,0.06883532461513633,0.5735162937918511,FALSE,FALSE
1992-02-28,Ross,0.185071582,-0.07177825424687562,0.07177825424687562,0.5735162937918511,FALSE,FALSE
1992-03-01,Ross,0.194386721,-0.06836991461266692,0.06836991461266692,0.5735162937918511,FALSE,FALSE
1992-03-02,Ross,0.204415608,-0.06181497340257472,0.06181497340257472,0.5735162937918511,FALSE,FALSE
1992-03-03,Ross,0.20196185,-0.06807179930105989,0.06807179930105989,0.5735162937918511,FALSE,FALSE
1992-03-04,Ross,0.190207688,-0.08394472103836628,0.08394472103836628,0.5735162937918511,FALSE,FALSE
1992-03-05,Ross,0.208313725,-0.07026417781051669,0.07026417781051669,0.5735162937918511,FALSE,FALSE
1992-03-06,Ross,0.216341587,-0.06697414646322525,0.06697414646322525,0.5735162937918511,FALSE,FALSE
1992-03-07,Ross,0.215096385,-0.0732780769908023,0.0732780769908023,0.5735162937918511,FALSE,FALSE
1992-03-08,Ross,0.246812871,-0.0469497783875536,0.0469497783875536,0.5735162937918511,FALSE,FALSE
1992-03-09,Ross,0.253053445,-0.04643541164778697,0.04643541164778697,0.5735162937918511,FALSE,FALSE
1992-03-10,Ross,0.236939816,-0.06862182876581,0.06862182876581,0.5735162937918511,FALSE,FALSE
1992-03-11,Ross,0.231449293,-0.08054028173593097,0.08054028173593097,0.5735162937918511,FALSE,FALSE
1992-03-12,Ross,0.242601681,-0.07617952655245624,0.07617952655245624,0.5735162937918511,FALSE,FALSE
1992-03-13,Ross,0.245643809,-0.08030129520969126,0.08030129520969126,0.5735162937918511,FALSE,FALSE
1992-03-14,Ross,0.269736094,-0.06375373170194831,0.06375373170194831,0.5735162937918511,FALSE,FALSE
1992-03-15,Ross,0.268362086,-0.07306184702353036,0.07306184702353036,0.5735162937918511,FALSE,FALSE
1992-03-16,Ross,0.252757545,-0.09699844216874842,0.09699844216874842,0.5735162937918511,FALSE,FALSE
1992-03-17,Ross,0.25468469,-0.10380969865721829,0.10380969865721829,0.5735162937918511,FALSE,FALSE
1992-03-18,Ross,0.254612397,-0.11303113317664004,0.11303113317664004,0.5735162937918511,FALSE,FALSE
1992-03-19,Ross,0.255796102,-0.12140751018894648,0.12140751018894648,0.5735162937918511,FALSE,FALSE
1992-03-20,Ross,0.245786762,-0.1413878757792258,0.1413878757792258,0.5735162937918511,FALSE,FALSE
1992-03-21,Ross,0.241426813,-0.1561297970325636,0.1561297970325636,0.5735162937918511,FALSE,FALSE
1992-03-22,Ross,0.248917074,-0.159432458034048,0.159432458034048,0.5735162937918511,FALSE,FALSE
1992-03-23,Ross,0.258206893,-0.1613465138687682,0.1613465138687682,0.5735162937918511,FALSE,FALSE
1992-03-24,Ross,0.258115584,-0.17305265362180688,0.17305265362180688,0.5735162937918511,FALSE,FALSE
1992-03-25,Ross,0.261595487,-0.18159854037825568,0.18159854037825568,0.5735162937918511,FALSE,FALSE
1992-03-26,Ross,0.278847038,-0.1767837412231983,0.1767837412231983,0.5735162937918511,FALSE,FALSE
1992-03-27,Ross,0.277525469,-0.19095302724172616,0.19095302724172616,0.5735162937918511,FALSE,FALSE
1992-03-28,Ross,0.279401111,-0.2023360705189225,0.2023360705189225,0.5735162937918511,FALSE,FALSE
1992-03-29,Ross,0.271639261,-0.2237675771398765,0.2237675771398765,0.5735162937918511,FALSE,FALSE
1992-03-30,Ross,0.25474635,-0.2547424031916591,0.2547424031916591,0.5735162937918511,FALSE,FALSE
1992-03-31,Ross,0.24040039,-0.28359084215885433,0.28359084215885433,0.5735162937918511,FALSE,FALSE
1992-04-01,Ross,0.260739584,-0.27818538247875785,0.27818538247875785,0.5735162937918511,FALSE,FALSE
1992-04-02,Ross,0.313705688,-0.24059496156112636,0.24059496156112636,0.5735162937918511,FALSE,FALSE
1992-04-03,Ross,0.333484841,-0.236644133815722,0.236644133815722,0.5735162937918511,FALSE,FALSE
1992-04-04,Ross,0.35394902,-0.23247161565230265,0.23247161565230265,0.5735162937918511,FALSE,FALSE
1992-04-05,Ross,0.388677384,-0.2145089414806251,0.2145089414806251,0.5735162937918511,FALSE,FALSE
1992-04-06,Ross,0.399146812,-0.2212899257104528,0.2212899257104528,0.5735162937918511,FALSE,FALSE
1992-04-07,Ross,0.4245119,-0.2136706657515421,0.2136706657515421,0.5735162937918511,FALSE,FALSE
1992-04-08,Ross,0.447836065,-0.20859843801365213,0.20859843801365213,0.5735162937918511,FALSE,FALSE
1992-04-09,Ross,0.466193848,-0.20900939490654452,0.20900939490654452,0.5735162937918511,FALSE,FALSE
1992-04-10,Ross,0.463055591,-0.23144388783997663,0.23144388783997663,0.5735162937918511,FALSE,FALSE
1992-04-11,Ross,0.472716116,-0.2416174883753409,0.2416174883753409,0.5735162937918511,FALSE,FALSE
1992-04-12,Ross,0.51273246,-0.2219621828110432,0.2219621828110432,0.5735162937918511,FALSE,FALSE
1992-04-13,Ross,0.534799658,-0.22073673075862,0.22073673075862,0.5735162937918511,FALSE,FALSE
1992-04-14,Ross,0.5659893,-0.2108200463125589,0.2108200463125589,0.5735162937918511,FALSE,FALSE
1992-04-15,Ross,0.583490212,-0.21497380756734896,0.21497380756734896,0.5735162937918511,FALSE,FALSE
1992-04-16,Ross,0.581524365,-0.2389265476174759,0.2389265476174759,0.5735162937918511,FALSE,FALSE
1992-04-17,Ross,0.579150144,-0.2635703855574285,0.2635703855574285,0.5735162937918511,FALSE,FALSE
1992-04-18,Ross,0.635142341,-0.2300810334816932,0.2300810334816932,0.5735162937918511,FALSE,FALSE
1992-04-19,Ross,0.710528983,-0.17738096848475982,0.17738096848475982,0.5735162937918511,FALSE,FALSE
1992-04-20,Ross,0.732632195,-0.17809856966111215,0.17809856966111215,0.5735162937918511,FALSE,FALSE
1992-04-21,Ross,0.788117462,-0.14551885610523865,0.14551885610523865,0.5735162937918511,FALSE,FALSE
1992-04-22,Ross,0.786787928,-0.1697891879116289,0.1697891879116289,0.5735162937918511,FALSE,FALSE
1992-04-23,Ross,0.820303923,-0.1591997391747676,0.1591997391747676,0.5735162937918511,FALSE,FALSE
1992-04-24,Ross,0.839599683,-0.16277687449581835,0.16277687449581835,0.5735162937918511,FALSE,FALSE
1992-04-25,Ross,0.882541,-0.14271129366923496,0.14271129366923496,0.5735162937918511,FALSE,FALSE
1992-04-26,Ross,0.913530168,-0.13471018452369832,0.13471018452369832,0.5735162937918511,FALSE,FALSE
1992-04-27,Ross,0.938780292,-0.1326704820793737,0.1326704820793737,0.5735162937918511,FALSE,FALSE
1992-04-28,Ross,0.952821331,-0.1421722673564323,0.1421722673564323,0.5735162937918511,FALSE,FALSE
1992-04-29,Ross,0.953972534,-0.16500633137504497,0.16500633137504497,0.5735162937918511,FALSE,FALSE
1992-04-30,Ross,0.939233804,-0.2042828111553835,0.2042828111553835,0.5735162937918511,FALSE,FALSE
1992-05-01,Ross,0.932664842,-0.23605204571761465,0.23605204571761465,0.5735162937918511,FALSE,FALSE
1992-05-02,Ross,0.948430921,-0.24625880208190887,0.24625880208190887,0.5735162937918511,FALSE,FALSE
1992-05-03,Ross,0.961642631,-0.2599025302684378,0.2599025302684378,0.5735162937918511,FALSE,FALSE
1992-05-04,Ross,1.000869504,-0.2485237382973704,0.2485237382973704,0.5735162937918511,FALSE,FALSE
1992-05-05,Ross,1.045766002,-0.23257800418887584,0.23257800418887584,0.5735162937918511,FALSE,FALSE
1992-05-06,Ross,1.065421276,-0.24308612809134655,0.24308612809134655,0.5735162937918511,FALSE,FALSE
1992-05-07,Ross,1.08932449,-0.25061934974705213,0.25061934974705213,0.5735162937918511,FALSE,FALSE
1992-05-08,Ross,1.103883535,-0.2686983128398215,0.2686983128398215,0.5735162937918511,FALSE,FALSE
1992-05-09,Ross,1.125380879,-0.28094738684150533,0.28094738684150533,0.5735162937918511,FALSE,FALSE
1992-05-10,Ross,1.142479102,-0.2986108292239513,0.2986108292239513,0.5735162937918511,FALSE,FALSE
1992-05-11,Ross,1.165555891,-0.31121779045900766,0.31121779045900766,0.5735162937918511,FALSE,FALSE
1992-05-12,Ross,1.236368077,-0.276918277018527,0.276918277018527,0.5735162937918511,FALSE,FALSE
1992-05-13,Ross,1.282502049,-0.2680327373743556,0.2680327373743556,0.5735162937918511,FALSE,FALSE
1992-05-14,Ross,1.305701629,-0.2827241869983437,0.2827241869983437,0.5735162937918511,FALSE,FALSE
1992-05-15,Ross,1.300129137,-0.32673714336234205,0.32673714336234205,0.5735162937918511,FALSE,FALSE
1992-05-16,Ross,1.309962494,-0.35580052293819686,0.35580052293819686,0.5735162937918511,FALSE,FALSE
1992-05-17,Ross,1.334110879,-0.3709119841977613,0.3709119841977613,0.5735162937918511,FALSE,FALSE
1992-05-18,Ross,1.403510715,-0.34104194161288337,0.34104194161288337,0.5735162937918511,FALSE,FALSE
1992-05-19,Ross,1.45670764,-0.3275546392059623,0.3275546392059623,0.5735162937918511,FALSE,FALSE
1992-05-20,Ross,1.491147553,-0.3329696148706376,0.3329696148706376,0.5735162937918511,FALSE,FALSE
1992-05-21,Ross,1.53785009,-0.3262812068909049,0.3262812068909049,0.5735162937918511,FALSE,FALSE
1992-05-22,Ross,1.58458651,-0.31973376357750616,0.31973376357750616,0.5735162937918511,FALSE,FALSE
1992-05-23,Ross,1.620849853,-0.3238498522411819,0.3238498522411819,0.5735162937918511,FALSE,FALSE
1992-05-24,Ross,1.599743752,-0.3855414471926708,0.3855414471926708,0.5735162937918511,FALSE,FALSE
1992-05-25,Ross,1.604890833,-0.42120152974271297,0.42120152974271297,0.5735162937918511,FALSE,FALSE
1992-05-26,Ross,1.58449432,-0.4826424832020508,0.4826424832020508,0.5735162937918511,FALSE,FALSE
1992-05-27,Ross,1.553523608,-0.5549105198814255,0.5549105198814255,0.5735162937918511,FALSE,FALSE
1992-05-28,Ross,1.60125342,-0.5487465240915776,0.5487465240915776,0.5735162937918511,FALSE,FALSE
1992-05-29,Ross,1.630172437,-0.5616774221432463,0.5616774221432463,0.5735162937918511,FALSE,FALSE
1992-05-30,Ross,1.663700525,-0.5702989553471738,0.5702989553471738,0.5735162937918511,FALSE,FALSE
1992-05-31,Ross,1.743505409,-0.5329590060140998,0.5329590060140998,0.5735162937918511,FALSE,FALSE
1992-06-01,Ross,1.817292497,-0.5019631150496924,0.5019631150496924,0.5735162937918511,FALSE,FALSE
1992-06-02,Ross,1.874285387,-0.4880779674167464,0.4880779674167464,0.5735162937918511,FALSE,FALSE
1992-06-03,Ross,1.912391672,-0.4933805242923732,0.4933805242923732,0.5735162937918511,FALSE,FALSE
1992-06-04,Ross,1.951696297,-0.4977703946414722,0.4977703946414722,0.5735162937918511,FALSE,FALSE
1992-06-05,Ross,1.956638548,-0.5367928464289453,0.5367928464289453,0.5735162937918511,FALSE,FALSE
1992-06-06,Ross,2.014181823,-0.5234690356196974,0.5234690356196974,0.5735162937918511,FALSE,FALSE
1992-06-07,Ross,2.039373062,-0.5427365761786245,0.5427365761786245,0.5735162937918511,FALSE,FALSE
1992-06-08,Ross,2.079328085,-0.5474642020706302,0.5474642020706302,0.5735162937918511,FALSE,FALSE
1992-06-09,Ross,2.112829375,-0.5588539842606197,0.5588539842606197,0.5735162937918511,FALSE,FALSE
1992-06-10,Ross,2.103913185,-0.6128542237134904,0.6128542237134904,0.5735162937918511,TRUE,FALSE
1992-06-11,Ross,2.098633327,-0.6633956623941444,0.6633956623941444,0.5735162937918511,TRUE,FALSE
1992-06-12,Ross,2.201265959,-0.6061866962674829,0.6061866962674829,0.5735162937918511,TRUE,FALSE
1992-06-13,Ross,2.38785184,-0.46517049674459,0.46517049674459,0.5735162937918511,FALSE,FALSE
1992-06-14,Ross,2.486791878,-0.4119025973981372,0.4119025973981372,0.5735162937918511,FALSE,FALSE
1992-06-15,Ross,2.588565946,-0.35582185608350914,0.35582185608350914,0.5735162937918511,FALSE,FALSE
1992-06-16,Ross,2.653186242,-0.3368320734503172,0.3368320734503172,0.5735162937918511,FALSE,FALSE
1992-06-17,Ross,2.673563625,-0.361938389148186,0.361938389148186,0.5735162937918511,FALSE,FALSE
1992-06-18,Ross,2.783883067,-0.2968718298267219,0.2968718298267219,0.5735162937918511,FALSE,FALSE
1992-06-19,Ross,2.861097346,-0.26459561613554605,0.26459561613554605,0.5735162937918511,FALSE,FALSE
1992-06-20,Ross,2.878901617,-0.2913305917242739,0.2913305917242739,0.5735162937918511,FALSE,FALSE
1992-06-21,Ross,2.859549659,-0.3547389762425217,0.3547389762425217,0.5735162937918511,FALSE,FALSE
1992-06-22,Ross,2.867527999,-0.3902502413399036,0.3902502413399036,0.5735162937918511,FALSE,FALSE
1992-06-23,Ross,2.994604981,-0.30601204166603724,0.30601204166603724,0.5735162937918511,FALSE,FALSE
1992-06-24,Ross,3.060266986,-0.28245399487053735,0.28245399487053735,0.5735162937918511,FALSE,FALSE
1992-06-25,Ross,3.072776375,-0.31122973860301917,0.31122973860301917,0.5735162937918511,FALSE,FALSE
1992-06-26,Ross,3.121793328,-0.3026101499748588,0.3026101499748588,0.5735162937918511,FALSE,FALSE
1992-06-27,Ross,3.187588877,-0.2763690434435295,0.2763690434435295,0.5735162937918511,FALSE,FALSE
1992-06-28,Ross,3.221938649,-0.28082763329159643,0.28082763329159643,0.5735162937918511,FALSE,FALSE
1992-06-29,Ross,3.251780126,-0.2891455461335708,0.2891455461335708,0.5735162937918511,FALSE,FALSE
1992-06-30,Ross,3.347325137,-0.231208061583958,0.231208061583958,0.5735162937918511,FALSE,FALSE
1992-07-01,Ross,3.390493677,-0.22519229325726675,0.22519229325726675,0.5735162937918511,FALSE,FALSE
1992-07-02,Ross,3.376657627,-0.27582346876801056,0.27582346876801056,0.5735162937918511,FALSE,FALSE
1992-07-03,Ross,3.403102345,-0.28591333873069447,0.28591333873069447,0.5735162937918511,FALSE,FALSE
1992-07-04,Ross,3.496644634,-0.22874220875982856,0.22874220875982856,0.5735162937918511,FALSE,FALSE
1992-07-05,Ross,3.533484894,-0.2282067874699214,0.2282067874699214,0.5735162937918511,FALSE,FALSE
1992-07-06,Ross,3.575782764,-0.22224454447547748,0.22224454447547748,0.5735162937918511,FALSE,FALSE
1992-07-07,Ross,3.725456988,-0.10903384439101592,0.10903384439101592,0.5735162937918511,FALSE,FALSE
1992-07-08,Ross,3.817932584,-0.05324647036160623,0.05324647036160623,0.5735162937918511,FALSE,FALSE
1992-07-09,Ross,3.844963805,-0.06316516915197123,0.06316516915197123,0.5735162937918511,FALSE,FALSE
1992-07-10,Ross,3.817654323,-0.12759239473400807,0.12759239473400807,0.5735162937918511,FALSE,FALSE
1992-07-11,Ross,3.817048498,-0.16537259372528057,0.16537259372528057,0.5735162937918511,FALSE,FALSE
1992-07-12,Ross,3.878613598,-0.1409273047433497,0.1409273047433497,0.5735162937918511,FALSE,FALSE
1992-07-13,Ross,3.930797245,-0.1256977124057741,0.1256977124057741,0.5735162937918511,FALSE,FALSE
1992-07-14,Ross,3.934055919,-0.15911614333012336,0.15911614333012336,0.5735162937918511,FALSE,FALSE
1992-07-15,Ross,3.986623418,-0.14283760613395158,0.14283760613395158,0.5735162937918511,FALSE,FALSE
1992-07-16,Ross,4.097746113,-0.06750453643483212,0.06750453643483212,0.5735162937918511,FALSE,FALSE
1992-07-17,Ross,4.177169707,-0.02326003785031982,0.02326003785031982,0.5735162937918511,FALSE,FALSE
1992-07-18,Ross,4.24064806,0.00576094300201912,0.00576094300201912,0.5735162937918511,FALSE,FALSE
1992-07-19,Ross,4.297023246,0.02851167350462269,0.02851167350462269,0.5735162937918511,FALSE,FALSE
1992-07-20,Ross,4.321908262,0.02071634403993094,0.02071634403993094,0.5735162937918511,FALSE,FALSE
1992-07-21,Ross,4.36197545,0.02914956617828235,0.02914956617828235,0.5735162937918511,FALSE,FALSE
1992-07-22,Ross,4.363410062,-2.4307620786423456e-5,2.4307620786423456e-5,0.5735162937918511,FALSE,FALSE
1992-07-23,Ross,4.403924336,0.01079627824931694,0.01079627824931694,0.5735162937918511,FALSE,FALSE
1992-07-24,Ross,4.454258952,0.03223928477073112,0.03223928477073112,0.5735162937918511,FALSE,FALSE
1992-07-25,Ross,4.476210881,0.02598896392558636,0.02598896392558636,0.5735162937918511,FALSE,FALSE
1992-07-26,Ross,4.576654223,0.09880669669601085,0.09880669669601085,0.5735162937918511,FALSE,FALSE
1992-07-27,Ross,4.670626425,0.1656172110641405,0.1656172110641405,0.5735162937918511,FALSE,FALSE
1992-07-28,Ross,4.723309873,0.1914901740121122,0.1914901740121122,0.5735162937918511,FALSE,FALSE
1992-07-29,Ross,4.713905758,0.15551405752205394,0.15551405752205394,0.5735162937918511,FALSE,FALSE
1992-07-30,Ross,4.73629206,0.15145412257610058,0.15145412257610058,0.5735162937918511,FALSE,FALSE
1992-07-31,Ross,4.795948346,0.1846772171563789,0.1846772171563789,0.5735162937918511,FALSE,FALSE
1992-08-01,Ross,4.806115478,0.1683114842450273,0.1683114842450273,0.5735162937918511,FALSE,FALSE
1992-08-02,Ross,4.799263341,0.13471409142205015,0.13471409142205015,0.5735162937918511,FALSE,FALSE
1992-08-03,Ross,4.803577353,0.11200087540821356,0.11200087540821356,0.5735162937918511,FALSE,FALSE
1992-08-04,Ross,4.876255575,0.15745592464665936,0.15745592464665936,0.5735162937918511,FALSE,FALSE
1992-08-05,Ross,4.929245278,0.18314761405710733,0.18314761405710733,0.5735162937918511,FALSE,FALSE
1992-08-06,Ross,4.972992376,0.19964296155928096,0.19964296155928096,0.5735162937918511,FALSE,FALSE
1992-08-07,Ross,4.973830901,0.17339710307291334,0.17339710307291334,0.5735162937918511,FALSE,FALSE
1992-08-08,Ross,5.002621757,0.175392046517727,0.175392046517727,0.5735162937918511,FALSE,FALSE
1992-08-09,Ross,5.079060212,0.22544416381344232,0.22544416381344232,0.5735162937918511,FALSE,FALSE
1992-08-10,Ross,5.061381035,0.18190932787979452,0.18190932787979452,0.5735162937918511,FALSE,FALSE
1992-08-11,Ross,5.062198369,0.15752278563650535,0.15752278563650535,0.5735162937918511,FALSE,FALSE
1992-08-12,Ross,5.10749381,0.17838723700330572,0.17838723700330572,0.5735162937918511,FALSE,FALSE
1992-08-13,Ross,5.173949096,0.221305523899912,0.221305523899912,0.5735162937918511,FALSE,FALSE
1992-08-14,Ross,5.215700201,0.24053472424605893,0.24053472424605893,0.5735162937918511,FALSE,FALSE
1992-08-15,Ross,5.305685865,0.30913070132626697,0.30913070132626697,0.5735162937918511,FALSE,FALSE
1992-08-16,Ross,5.339656415,0.32284259159771356,0.32284259159771356,0.5735162937918511,FALSE,FALSE
1992-08-17,Ross,5.334443118,0.2983650520111478,0.2983650520111478,0.5735162937918511,FALSE,FALSE
1992-08-18,Ross,5.355624774,0.30113285117831534,0.30113285117831534,0.5735162937918511,FALSE,FALSE
1992-08-19,Ross,5.375208236,0.30300881071096075,0.30300881071096075,0.5735162937918511,FALSE,FALSE
1992-08-20,Ross,5.443751915,0.35440731022083405,0.35440731022083405,0.5735162937918511,FALSE,FALSE
1992-08-21,Ross,5.527032425,0.4209609323196757,0.4209609323196757,0.5735162937918511,FALSE,FALSE
1992-08-22,Ross,5.598273368,0.47574924761923576,0.47574924761923576,0.5735162937918511,FALSE,FALSE
1992-08-23,Ross,5.617484565,0.47863804573126334,0.47863804573126334,0.5735162937918511,FALSE,FALSE
1992-08-24,Ross,5.611148417,0.45596569626749694,0.45596569626749694,0.5735162937918511,FALSE,FALSE
1992-08-25,Ross,5.628194151,0.45651739483969056,0.45651739483969056,0.5735162937918511,FALSE,FALSE
1992-08-26,Ross,5.640910219,0.4524375620595862,0.4524375620595862,0.5735162937918511,FALSE,FALSE
1992-08-27,Ross,5.611472952,0.40575849753893056,0.40575849753893056,0.5735162937918511,FALSE,FALSE
1992-08-28,Ross,5.59911809,0.37559918868525255,0.37559918868525255,0.5735162937918511,FALSE,FALSE
1992-08-29,Ross,5.551814669,0.3099777111340778,0.3099777111340778,0.5735162937918511,FALSE,FALSE
1992-08-30,Ross,5.538666132,0.27810884094252764,0.27810884094252764,0.5735162937918511,FALSE,FALSE
1992-08-31,Ross,5.600546718,0.32097826190166145,0.32097826190166145,0.5735162937918511,FALSE,FALSE
1992-09-01,Ross,5.661465315,0.3627063068025391,0.3627063068025391,0.5735162937918511,FALSE,FALSE
1992-09-02,Ross,5.733853867,0.415836364436224,0.415836364436224,0.5735162937918511,FALSE,FALSE
1992-09-03,Ross,5.705577314,0.36834481959378,0.36834481959378,0.5735162937918511,FALSE,FALSE
1992-09-04,Ross,5.746829115,0.3905365760662667,0.3905365760662667,0.5735162937918511,FALSE,FALSE
1992-09-05,Ross,5.793606352,0.4185201606447473,0.4185201606447473,0.5735162937918511,FALSE,FALSE
1992-09-06,Ross,5.840178704,0.44667669712028335,0.44667669712028335,0.5735162937918511,FALSE,FALSE
1992-09-07,Ross,5.861842112,0.45041357128393944,0.45041357128393944,0.5735162937918511,FALSE,FALSE
1992-09-08,Ross,5.877957556,0.4492032079267734,0.4492032079267734,0.5735162937918511,FALSE,FALSE
1992-09-09,Ross,5.85798715,0.4126187032386799,0.4126187032386799,0.5735162937918511,FALSE,FALSE
1992-09-10,Ross,5.888496086,0.4272923159212807,0.4272923159212807,0.5735162937918511,FALSE,FALSE
1992-09-11,Ross,5.930541136,0.45426841485446445,0.45426841485446445,0.5735162937918511,FALSE,FALSE
1992-09-12,Ross,5.964342853,0.47374678243869894,0.47374678243869894,0.5735162937918511,FALSE,FALSE
1992-09-13,Ross,6.001723402,0.4975288130744646,0.4975288130744646,0.5735162937918511,FALSE,FALSE
1992-09-14,Ross,6.008036787,0.49094774016222953,0.49094774016222953,0.5735162937918511,FALSE,FALSE
1992-09-15,Ross,5.973090641,0.44379042610246966,0.44379042610246966,0.5735162937918511,FALSE,FALSE
1992-09-16,Ross,6.005645978,0.4647971142956599,0.4647971142956599,0.5735162937918511,FALSE,FALSE
1992-09-17,Ross,6.018071098,0.4663153341422692,0.4663153341422692,0.5735162937918511,FALSE,FALSE
1992-09-18,Ross,6.005768166,0.4437264800427751,0.4437264800427751,0.5735162937918511,FALSE,FALSE
1992-09-19,Ross,6.030719405,0.4589920043976478,0.4589920043976478,0.5735162937918511,FALSE,FALSE
1992-09-20,Ross,6.08137267,0.5005389916073639,0.5005389916073639,0.5735162937918511,FALSE,FALSE
1992-09-21,Ross,6.115170988,0.5257896980723924,0.5257896980723924,0.5735162937918511,FALSE,FALSE
1992-09-22,Ross,6.077828072,0.4804388759320189,0.4804388759320189,0.5735162937918511,FALSE,FALSE
1992-09-23,Ross,6.107944302,0.5030873196153918,0.5030873196153918,0.5735162937918511,FALSE,FALSE
1992-09-24,Ross,6.105000551,0.4932280699003498,0.4932280699003498,0.5735162937918511,FALSE,FALSE
1992-09-25,Ross,6.1007407,0.4826173404771747,0.4826173404771747,0.5735162937918511,FALSE,FALSE
1992-09-26,Ross,6.06898228,0.44508499503614374,0.44508499503614374,0.5735162937918511,FALSE,FALSE
1992-09-27,Ross,6.107348793,0.4782668682675393,0.4782668682675393,0.5735162937918511,FALSE,FALSE
1992-09-28,Ross,6.163366561,0.5297016148616454,0.5297016148616454,0.5735162937918511,FALSE,FALSE
1992-09-29,Ross,6.192932946,0.5552989295087416,0.5552989295087416,0.5735162937918511,FALSE,FALSE
1992-09-30,Ross,6.226703671,0.5857268678991101,0.5857268678991101,0.5735162937918511,TRUE,FALSE
1992-10-01,Ross,6.211574478,0.5678935047230311,0.5678935047230311,0.5735162937918511,FALSE,FALSE
1992-10-02,Ross,6.271847671,0.6261134766707874,0.6261134766707874,0.5735162937918511,TRUE,FALSE
1992-10-03,Ross,6.245556457,0.5984323234326601,0.5984323234326601,0.5735162937918511,TRUE,FALSE
1992-10-04,Ross,6.225109548,0.5772710968178254,0.5772710968178254,0.5735162937918511,TRUE,FALSE
1992-10-05,Ross,6.219121315,0.5712651188618327,0.5712651188618327,0.5735162937918511,FALSE,FALSE
1992-10-06,Ross,6.230387439,0.5832563519471163,0.5832563519471163,0.5735162937918511,TRUE,TRUE
1992-10-07,Ross,6.253489387,0.6078771785931076,0.6078771785931076,0.5735162937918511,TRUE,TRUE
1992-10-08,Ross,6.2662463,0.622997655319252,0.622997655319252,0.5735162937918511,TRUE,TRUE
1992-10-09,Ross,6.258880061,0.6188905806449876,0.6188905806449876,0.5735162937918511,TRUE,TRUE
1992-10-10,Ross,6.290870691,0.655086891089752,0.655086891089752,0.5735162937918511,TRUE,TRUE
1992-10-11,Ross,6.376419815,0.7458391271729878,0.7458391271729878,0.5735162937918511,TRUE,TRUE
1992-10-12,Ross,6.433719388,0.8093901594141304,0.8093901594141304,0.5735162937918511,TRUE,TRUE
1992-10-13,Ross,6.452467283,0.8354887763326229,0.8354887763326229,0.5735162937918511,TRUE,TRUE
1992-10-14,Ross,6.487265973,0.8787883664479041,0.8787883664479041,0.5735162937918511,TRUE,TRUE
1992-10-15,Ross,6.523581399,0.9248057862794088,0.9248057862794088,0.5735162937918511,TRUE,TRUE
1992-10-16,Ross,6.461837418,0.8740158083465808,0.8740158083465808,0.5735162937918511,TRUE,TRUE
1992-10-17,Ross,6.424686121,0.8491176039412967,0.8491176039412967,0.5735162937918511,TRUE,TRUE
1992-10-18,Ross,6.416501526,0.8544508122583538,0.8544508122583538,0.5735162937918511,TRUE,TRUE
1992-10-19,Ross,6.369183942,0.8218034873503015,0.8218034873503015,0.5735162937918511,TRUE,TRUE
1992-10-20,Ross,6.328994649,0.7973215360876287,0.7973215360876287,0.5735162937918511,TRUE,TRUE
1992-10-21,Ross,6.294345557,0.7793014953408255,0.7793014953408255,0.5735162937918511,TRUE,TRUE
1992-10-22,Ross,6.268119748,0.7705110739803818,0.7705110739803818,0.5735162937918511,TRUE,TRUE
1992-10-23,Ross,6.261238259,0.7817559358767872,0.7817559358767872,0.5735162937918511,TRUE,TRUE
1992-10-24,Ross,6.197309409,0.7365290269005333,0.7365290269005333,0.5735162937918511,TRUE,TRUE
1992-10-25,Ross,6.158663873,0.7170456489221086,0.7170456489221086,0.5735162937918511,TRUE,TRUE
1992-10-26,Ross,6.136838912,0.714727689812003,0.714727689812003,0.5735162937918511,TRUE,TRUE
1992-10-27,Ross,6.123570976,0.7211962264407079,0.7211962264407079,0.5735162937918511,TRUE,TRUE
1992-10-28,Ross,6.044463967,0.6619397876787136,0.6619397876787136,0.5735162937918511,TRUE,TRUE
1992-10-29,Ross,5.94780163,0.5851267453965088,0.5851267453965088,0.5735162937918511,TRUE,TRUE
1992-10-30,Ross,5.915254991,0.5723528291502475,0.5723528291502475,0.5735162937918511,FALSE,FALSE
1992-10-31,Ross,5.919471056,0.5963870146452406,0.5963870146452406,0.5735162937918511,TRUE,FALSE
1992-11-01,Ross,5.883859703,0.5808217420822839,0.5808217420822839,0.5735162937918511,TRUE,FALSE
1992-11-02,Ross,5.839538462,0.5569571199510266,0.5569571199510266,0.5735162937918511,FALSE,FALSE
1992-11-03,Ross,5.778032487,0.5165008807411136,0.5165008807411136,0.5735162937918511,FALSE,FALSE
1992-11-04,Ross,5.752358884,0.5126527089421975,0.5126527089421975,0.5735162937918511,FALSE,FALSE
1992-11-05,Ross,5.720410272,0.5034878020439262,0.5034878020439262,0.5735162937918511,FALSE,FALSE
1992-11-06,Ross,5.667808571,0.47481065853594906,0.47481065853594906,0.5735162937918511,FALSE,FALSE
1992-11-07,Ross,5.659506162,0.4917562379079108,0.4917562379079108,0.5735162937918511,FALSE,FALSE
1992-11-08,Ross,5.642438388,0.5014424616494653,0.5014424616494653,0.5735162937918511,FALSE,FALSE
1992-11-09,Ross,5.58422376,0.4716704192502572,0.4716704192502572,0.5735162937918511,FALSE,FALSE
1992-11-10,Ross,5.521990068,0.4397504791999376,0.4397504791999376,0.5735162937918511,FALSE,FALSE
1992-11-11,Ross,5.492456298,0.442582725069788,0.442582725069788,0.5735162937918511,FALSE,FALSE
1992-11-12,Ross,5.475919195,0.46056307650800576,0.46056307650800576,0.5735162937918511,FALSE,FALSE
1992-11-13,Ross,5.496527145,0.517815946915146,0.517815946915146,0.5735162937918511,FALSE,FALSE
1992-11-14,Ross,5.479828516,0.5398555740726954,0.5398555740726954,0.5735162937918511,FALSE,FALSE
1992-11-15,Ross,5.476506553,0.5773310727621377,0.5773310727621377,0.5735162937918511,TRUE,TRUE
1992-11-16,Ross,5.447947201,0.5915942577649567,0.5915942577649567,0.5735162937918511,TRUE,TRUE
1992-11-17,Ross,5.395458144,0.5839186828626373,0.5839186828626373,0.5735162937918511,TRUE,TRUE
1992-11-18,Ross,5.379126685,0.6143575208366663,0.6143575208366663,0.5735162937918511,TRUE,TRUE
1992-11-19,Ross,5.336580755,0.6205045724685245,0.6205045724685245,0.5735162937918511,TRUE,TRUE
1992-11-20,Ross,5.267211272,0.6017166255397033,0.6017166255397033,0.5735162937918511,TRUE,TRUE
1992-11-21,Ross,5.188414259,0.5753555728316799,0.5753555728316799,0.5735162937918511,TRUE,TRUE
1992-11-22,Ross,5.178153561,0.6193511291259428,0.6193511291259428,0.5735162937918511,TRUE,TRUE
1992-11-23,Ross,5.175310426,0.672550412203976,0.672550412203976,0.5735162937918511,TRUE,TRUE
1992-11-24,Ross,5.076621543,0.63168104174569,0.63168104174569,0.5735162937918511,TRUE,TRUE
1992-11-25,Ross,4.976196004,0.5910550013111022,0.5910550013111022,0.5735162937918511,TRUE,TRUE
1992-11-26,Ross,4.905580543,0.5825284958858763,0.5825284958858763,0.5735162937918511,TRUE,TRUE
1992-11-27,Ross,4.838431138,0.5800677817329261,0.5800677817329261,0.5735162937918511,TRUE,TRUE
1992-11-28,Ross,4.734624116,0.5438594641151715,0.5438594641151715,0.5735162937918511,FALSE,FALSE
1992-11-29,Ross,4.640754815,0.5208091592955286,0.5208091592955286,0.5735162937918511,FALSE,FALSE
1992-11-30,Ross,4.55766294,0.5120668505369093,0.5120668505369093,0.5735162937918511,FALSE,FALSE
1992-12-01,Ross,4.494428069,0.5270223941022327,0.5270223941022327,0.5735162937918511,FALSE,FALSE
1992-12-02,Ross,4.408965157,0.5239010232544143,0.5239010232544143,0.5735162937918511,FALSE,FALSE
1992-12-03,Ross,4.306067159,0.5078059712563698,0.5078059712563698,0.5735162937918511,FALSE,FALSE
1992-12-04,Ross,4.219322665,0.5126361063710152,0.5126361063710152,0.5735162937918511,FALSE,FALSE
1992-12-05,Ross,4.129401457,0.5193714888612653,0.5193714888612653,0.5735162937918511,FALSE,FALSE
1992-12-06,Ross,4.064231561,0.5562495206667672,0.5562495206667672,0.5735162937918511,FALSE,FALSE
1992-12-07,Ross,3.832592624,0.43207911470989746,0.43207911470989746,0.5735162937918511,FALSE,FALSE
1992-12-08,Ross,3.740234322,0.4519636904017901,0.4519636904017901,0.5735162937918511,FALSE,FALSE
1992-12-09,Ross,3.624563573,0.4525641194185393,0.4525641194185393,0.5735162937918511,FALSE,FALSE
1992-12-10,Ross,3.483515335,0.43106931343622623,0.43106931343622623,0.5735162937918511,FALSE,FALSE
1992-12-11,Ross,3.348036175,0.4176797931309477,0.4176797931309477,0.5735162937918511,FALSE,FALSE
1992-12-12,Ross,3.188540011,0.3820634301787895,0.3820634301787895,0.5735162937918511,FALSE,FALSE
1992-12-13,Ross,3.04884026,0.3672875952558408,0.3672875952558408,0.5735162937918511,FALSE,FALSE
1992-12-14,Ross,2.849312183,0.29298150303819437,0.29298150303819437,0.5735162937918511,FALSE,FALSE
1992-12-15,Ross,2.709604646,0.2780479732019341,0.2780479732019341,0.5735162937918511,FALSE,FALSE
1992-12-16,Ross,2.586148666,0.27817197642315517,0.27817197642315517,0.5735162937918511,FALSE,FALSE
1992-12-17,Ross,2.384943163,0.19860638637794328,0.19860638637794328,0.5735162937918511,FALSE,FALSE
1992-12-18,Ross,2.219911505,0.15252852474238843,0.15252852474238843,0.5735162937918511,FALSE,FALSE
1992-12-19,Ross,2.072511095,0.12066892235664373,0.12066892235664373,0.5735162937918511,FALSE,FALSE
1992-12-20,Ross,1.964670219,0.12453217355367464,0.12453217355367464,0.5735162937918511,FALSE,FALSE
1992-12-21,Ross,1.810815612,0.07836332670195412,0.07836332670195412,0.5735162937918511,FALSE,FALSE
1992-12-22,Ross,1.658154066,0.02919423110553598,0.02919423110553598,0.5735162937918511,FALSE,FALSE
1992-12-23,Ross,1.607308597,0.07747296006847493,0.07747296006847493,0.5735162937918511,FALSE,FALSE
1992-12-24,Ross,1.49201104,0.05675640589482556,0.05675640589482556,0.5735162937918511,FALSE,FALSE
1992-12-25,Ross,1.402654222,0.05726245288863985,0.05726245288863985,0.5735162937918511,FALSE,FALSE
1992-12-26,Ross,1.29056307,0.03014108535397253,0.03014108535397253,0.5735162937918511,FALSE,FALSE
1992-12-27,Ross,1.147816634,-0.03270358940511753,0.03270358940511753,0.5735162937918511,FALSE,FALSE
1992-12-28,Ross,1.05706839,-0.04879303808458402,0.04879303808458402,0.5735162937918511,FALSE,FALSE
1992-12-29,Ross,0.990127422,-0.04649311938036837,0.04649311938036837,0.5735162937918511,FALSE,FALSE
1992-12-30,Ross,0.922905389,-0.05006711698841659,0.05006711698841659,0.5735162937918511,FALSE,FALSE
1992-12-31,Ross,0.842450639,-0.07264162560467557,0.07264162560467557,0.5735162937918511,FALSE,FALSE
1993-01-01,Ross,0.799265217,-0.1158270476046751,0.1158270476046751,0.5735162937918511,FALSE,FALSE
1993-01-02,Ross,0.737493913,-0.12555620318517213,0.12555620318517213,0.5735162937918511,FALSE,FALSE
1993-01-03,Ross,0.704273943,-0.11222384172627098,0.11222384172627098,0.5735162937918511,FALSE,FALSE
1993-01-04,Ross,0.643717603,-0.1312647474844193,0.1312647474844193,0.5735162937918511,FALSE,FALSE
1993-01-05,Ross,0.638818222,-0.09923267171605477,0.09923267171605477,0.5735162937918511,FALSE,FALSE
1993-01-06,Ross,0.622676023,-0.08257447167762899,0.08257447167762899,0.5735162937918511,FALSE,FALSE
1993-01-07,Ross,0.601873861,-0.07425437262558565,0.07425437262558565,0.5735162937918511,FALSE,FALSE
1993-01-08,Ross,0.569371417,-0.08085977381636766,0.08085977381636766,0.5735162937918511,FALSE,FALSE
1993-01-09,Ross,0.544776792,-0.08232965450642105,0.08232965450642105,0.5735162937918511,FALSE,FALSE
1993-01-10,Ross,0.531119618,-0.07518146295219219,0.07518146295219219,0.5735162937918511,FALSE,FALSE
1993-01-11,Ross,0.520127231,-0.06723494341012515,0.06723494341012515,0.5735162937918511,FALSE,FALSE
1993-01-12,Ross,0.485669249,-0.08416755813666427,0.08416755813666427,0.5735162937918511,FALSE,FALSE
1993-01-13,Ross,0.484472314,-0.0687997453882555,0.0687997453882555,0.5735162937918511,FALSE,FALSE
1993-01-14,Ross,0.472864273,-0.06435650527497794,0.06435650527497794,0.5735162937918511,FALSE,FALSE
1993-01-15,Ross,0.450725366,-0.0707173875151399,0.0707173875151399,0.5735162937918511,FALSE,FALSE
1993-01-16,Ross,0.442026274,-0.06393075560583367,0.06393075560583367,0.5735162937918511,FALSE,FALSE
1993-01-17,Ross,0.427825683,-0.0629733641968746,0.0629733641968746,0.5735162937918511,FALSE,FALSE
1993-01-18,Ross,0.424747854,-0.05125639293807782,0.05125639293807782,0.5735162937918511,FALSE,FALSE
1993-01-19,Ross,0.428481156,-0.03312691347925944,0.03312691347925944,0.5735162937918511,FALSE,FALSE
1993-01-20,Ross,0.42663256,-0.02101339547023412,0.02101339547023412,0.5735162937918511,FALSE,FALSE
1993-01-21,Ross,0.437796214,0.00364286843918232,0.00364286843918232,0.5735162937918511,FALSE,FALSE
1993-01-22,Ross,0.44284714,0.02168145959917467,0.02168145959917467,0.5735162937918511,FALSE,FALSE
1993-01-23,Ross,0.443330295,0.03461189435992617,0.03461189435992617,0.5735162937918511,FALSE,FALSE
1993-01-24,Ross,0.434655074,0.03780812707162201,0.03780812707162201,0.5735162937918511,FALSE,FALSE
1993-01-25,Ross,0.409895012,0.02430825208444731,0.02430825208444731,0.5735162937918511,FALSE,FALSE
1993-01-26,Ross,0.395666928,0.0206936477485865,0.0206936477485865,0.5735162937918511,FALSE,FALSE
1993-01-27,Ross,0.375872676,0.01083791238559206,0.01083791238559206,0.5735162937918511,FALSE,FALSE
1993-01-28,Ross,0.354325596,-0.00142523131451655,0.00142523131451655,0.5735162937918511,FALSE,FALSE
1993-01-29,Ross,0.345714669,-0.00136625143045371,0.00136625143045371,0.5735162937918511,FALSE,FALSE
1993-01-30,Ross,0.329156162,-0.00982826507266348,0.00982826507266348,0.5735162937918511,FALSE,FALSE
1993-01-31,Ross,0.315624313,-0.01579641835158679,0.01579641835158679,0.5735162937918511,FALSE,FALSE
1993-02-01,Ross,0.314976884,-0.0093723333776659,0.0093723333776659,0.5735162937918511,FALSE,FALSE
1993-02-02,Ross,0.318089831,3.605617386558402e-4,3.605617386558402e-4,0.5735162937918511,FALSE,FALSE
1993-02-03,Ross,0.316845772,0.005325500886938,0.005325500886938,0.5735162937918511,FALSE,FALSE
1993-02-04,Ross,0.301998713,-0.00368289404326177,0.00368289404326177,0.5735162937918511,FALSE,FALSE
1993-02-05,Ross,0.307601202,0.00742854083761412,0.00742854083761412,0.5735162937918511,FALSE,FALSE
1993-02-06,Ross,0.299611482,0.00465866441912349,0.00465866441912349,0.5735162937918511,FALSE,FALSE
1993-02-07,Ross,0.297774659,0.0077931985908255,0.0077931985908255,0.5735162937918511,FALSE,FALSE
1993-02-08,Ross,0.268767785,-0.01645033893106157,0.01645033893106157,0.5735162937918511,FALSE,FALSE
1993-02-09,Ross,0.273591452,-0.00705071681342117,0.00705071681342117,0.5735162937918511,FALSE,FALSE
1993-02-10,Ross,0.280924145,0.00465175936262429,0.00465175936262429,0.5735162937918511,FALSE,FALSE
1993-02-11,Ross,0.264697187,-0.00743503992484856,0.00743503992484856,0.5735162937918511,FALSE,FALSE
1993-02-12,Ross,0.265896278,-0.00234886719776256,0.00234886719776256,0.5735162937918511,FALSE,FALSE
1993-02-13,Ross,0.26273659,-0.00189800297804321,0.00189800297804321,0.5735162937918511,FALSE,FALSE
1993-02-14,Ross,0.273200348,0.01187632521238857,0.01187632521238857,0.5735162937918511,FALSE,FALSE
1993-02-15,Ross,0.280669617,0.02233272985160855,0.02233272985160855,0.5735162937918511,FALSE,FALSE
1993-02-16,Ross,0.287562222,0.0318655834176903,0.0318655834176903,0.5735162937918511,FALSE,FALSE
1993-02-17,Ross,0.287554152,0.03412742238871408,0.03412742238871408,0.5735162937918511,FALSE,FALSE
1993-02-18,Ross,0.285826673,0.03427606024275359,0.03427606024275359,0.5735162937918511,FALSE,FALSE
1993-02-19,Ross,0.287166928,0.03707518745788618,0.03707518745788618,0.5735162937918511,FALSE,FALSE
1993-02-20,Ross,0.298925829,0.04985226351218802,0.04985226351218802,0.5735162937918511,FALSE,FALSE
1993-02-21,Ross,0.307023367,0.05850555571855767,0.05850555571855767,0.5735162937918511,FALSE,FALSE
1993-02-22,Ross,0.316394965,0.06796972314910582,0.06796972314910582,0.5735162937918511,FALSE,FALSE
1993-02-23,Ross,0.317750001,0.06896732322242652,0.06896732322242652,0.5735162937918511,FALSE,FALSE
1993-02-24,Ross,0.319636154,0.07005946641058991,0.07005946641058991,0.5735162937918511,FALSE,FALSE
1993-02-25,Ross,0.326969157,0.07617531718566928,0.07617531718566928,0.5735162937918511,FALSE,FALSE
1993-02-26,Ross,0.298935184,0.04651448101973587,0.04651448101973587,0.5735162937918511,FALSE,FALSE
1993-02-27,Ross,0.285978151,0.03153430538486368,0.03153430538486368,0.5735162937918511,FALSE,FALSE
1993-02-28,Ross,0.274868665,0.01801882875312438,0.01801882875312438,0.5735162937918511,FALSE,FALSE
1993-03-01,Ross,0.265679398,0.00605415459658975,0.00605415459658975,0.5735162937918511,FALSE,FALSE
1993-03-02,Ross,0.263247324,4.906883873330714e-4,4.906883873330714e-4,0.5735162937918511,FALSE,FALSE
1993-03-03,Ross,0.262818435,-0.0034121464025747,0.0034121464025747,0.5735162937918511,FALSE,FALSE
1993-03-04,Ross,0.277054967,0.00702131769894009,0.00702131769894009,0.5735162937918511,FALSE,FALSE
1993-03-05,Ross,0.286945619,0.01279320996163369,0.01279320996163369,0.5735162937918511,FALSE,FALSE
1993-03-06,Ross,0.302373271,0.0237953681894833,0.0237953681894833,0.5735162937918511,FALSE,FALSE
1993-03-07,Ross,0.323485263,0.04016952953677477,0.04016952953677477,0.5735162937918511,FALSE,FALSE
1993-03-08,Ross,0.333394405,0.0450199430091977,0.0450199430091977,0.5735162937918511,FALSE,FALSE
1993-03-09,Ross,0.34345582,0.04969317061244643,0.04969317061244643,0.5735162937918511,FALSE,FALSE
1993-03-10,Ross,0.349190291,0.04970143435221302,0.04970143435221302,0.5735162937918511,FALSE,FALSE
1993-03-11,Ross,0.348664674,0.04310302923419001,0.04310302923419001,0.5735162937918511,FALSE,FALSE
1993-03-12,Ross,0.363462707,0.05147313226406902,0.05147313226406902,0.5735162937918511,FALSE,FALSE
1993-03-13,Ross,0.372208333,0.05342712544754374,0.05342712544754374,0.5735162937918511,FALSE,FALSE
1993-03-14,Ross,0.396339374,0.07039426979030877,0.07039426979030877,0.5735162937918511,FALSE,FALSE
1993-03-15,Ross,0.408647254,0.07515742829805172,0.07515742829805172,0.5735162937918511,FALSE,FALSE
1993-03-16,Ross,0.420342689,0.07891875597646963,0.07891875597646963,0.5735162937918511,FALSE,FALSE
1993-03-17,Ross,0.444372009,0.09461602183125162,0.09461602183125162,0.5735162937918511,FALSE,FALSE
1993-03-18,Ross,0.457195936,0.09870154734278176,0.09870154734278176,0.5735162937918511,FALSE,FALSE
1993-03-19,Ross,0.46700258100000003,0.09935905082336,0.09935905082336,0.5735162937918511,FALSE,FALSE
1993-03-20,Ross,0.482471833,0.10526822081105353,0.10526822081105353,0.5735162937918511,FALSE,FALSE
1993-03-21,Ross,0.506304473,0.11912983522077424,0.11912983522077424,0.5735162937918511,FALSE,FALSE
1993-03-22,Ross,0.524115228,0.1265586179674364,0.1265586179674364,0.5735162937918511,FALSE,FALSE
1993-03-23,Ross,0.521160806,0.11281127396595204,0.11281127396595204,0.5735162937918511,FALSE,FALSE
1993-03-24,Ross,0.554374571,0.1348211641312318,0.1348211641312318,0.5735162937918511,FALSE,FALSE
1993-03-25,Ross,0.585752143,0.1545839053781931,0.1545839053781931,0.5735162937918511,FALSE,FALSE
1993-03-26,Ross,0.58453854,0.14134451262174436,0.14134451262174436,0.5735162937918511,FALSE,FALSE
1993-03-27,Ross,0.574594195,0.1189634157768017,0.1189634157768017,0.5735162937918511,FALSE,FALSE
1993-03-28,Ross,0.566028963,0.09755046675827388,0.09755046675827388,0.5735162937918511,FALSE,FALSE
1993-03-29,Ross,0.576364646,0.09462746448107756,0.09462746448107756,0.5735162937918511,FALSE,FALSE
1993-03-30,Ross,0.589141381,0.0937345428601235,0.0937345428601235,0.5735162937918511,FALSE,FALSE
1993-03-31,Ross,0.593414057,0.08392530380834096,0.08392530380834096,0.5735162937918511,FALSE,FALSE
1993-04-01,Ross,0.574291951,0.05030071884114562,0.05030071884114562,0.5735162937918511,FALSE,FALSE
1993-04-02,Ross,0.584003241,0.04507827452124213,0.04507827452124213,0.5735162937918511,FALSE,FALSE
1993-04-03,Ross,0.651205865,0.09690521543887363,0.09690521543887363,0.5735162937918511,FALSE,FALSE
1993-04-04,Ross,0.67831485,0.10818587518427802,0.10818587518427802,0.5735162937918511,FALSE,FALSE
1993-04-05,Ross,0.68878605,0.1023654143476974,0.1023654143476974,0.5735162937918511,FALSE,FALSE
1993-04-06,Ross,0.712791933,0.10960560751937488,0.10960560751937488,0.5735162937918511,FALSE,FALSE
1993-04-07,Ross,0.735548661,0.11511192328954722,0.11511192328954722,0.5735162937918511,FALSE,FALSE
1993-04-08,Ross,0.762119675,0.12393710924845792,0.12393710924845792,0.5735162937918511,FALSE,FALSE
1993-04-09,Ross,0.795321416,0.1388869129863478,0.1388869129863478,0.5735162937918511,FALSE,FALSE
1993-04-10,Ross,0.81979956,0.14459631709345544,0.14459631709345544,0.5735162937918511,FALSE,FALSE
1993-04-11,Ross,0.843767588,0.1492681091600233,0.1492681091600233,0.5735162937918511,FALSE,FALSE
1993-04-12,Ross,0.865777356,0.15144375162465917,0.15144375162465917,0.5735162937918511,FALSE,FALSE
1993-04-13,Ross,0.886560551,0.15186590818895684,0.15186590818895684,0.5735162937918511,FALSE,FALSE
1993-04-14,Ross,0.929956821,0.17442043224138004,0.17442043224138004,0.5735162937918511,FALSE,FALSE
1993-04-15,Ross,0.972790106,0.1959807596874411,0.1959807596874411,0.5735162937918511,FALSE,FALSE
1993-04-16,Ross,1.00316298,0.204698960432651,0.204698960432651,0.5735162937918511,FALSE,FALSE
1993-04-17,Ross,1.036818588,0.2163676753825241,0.2163676753825241,0.5735162937918511,FALSE,FALSE
1993-04-18,Ross,1.054046877,0.2113263474425715,0.2113263474425715,0.5735162937918511,FALSE,FALSE
1993-04-19,Ross,1.065529998,0.20030662351830675,0.20030662351830675,0.5735162937918511,FALSE,FALSE
1993-04-20,Ross,1.099911996,0.21200204451524007,0.21200204451524007,0.5735162937918511,FALSE,FALSE
1993-04-21,Ross,1.132385658,0.22165489333888788,0.22165489333888788,0.5735162937918511,FALSE,FALSE
1993-04-22,Ross,1.144436559,0.21080024089476143,0.21080024089476143,0.5735162937918511,FALSE,FALSE
1993-04-23,Ross,1.157736882,0.20115976608837116,0.20115976608837116,0.5735162937918511,FALSE,FALSE
1993-04-24,Ross,1.191750954,0.2122472918252324,0.2122472918252324,0.5735162937918511,FALSE,FALSE
1993-04-25,Ross,1.247253248,0.2448766905041817,0.2448766905041817,0.5735162937918511,FALSE,FALSE
1993-04-26,Ross,1.308603382,0.28335108833076506,0.28335108833076506,0.5735162937918511,FALSE,FALSE
1993-04-27,Ross,1.326115038,0.2778746854763017,0.2778746854763017,0.5735162937918511,FALSE,FALSE
1993-04-28,Ross,1.318770027,0.2473192529206263,0.2473192529206263,0.5735162937918511,FALSE,FALSE
1993-04-29,Ross,1.329580235,0.23458663664356785,0.23458663664356785,0.5735162937918511,FALSE,FALSE
1993-04-30,Ross,1.347498477,0.22851961162495504,0.22851961162495504,0.5735162937918511,FALSE,FALSE
1993-05-01,Ross,1.372969468,0.22945285284461647,0.22945285284461647,0.5735162937918511,FALSE,FALSE
1993-05-02,Ross,1.417168304,0.24845141628238543,0.24845141628238543,0.5735162937918511,FALSE,FALSE
1993-05-03,Ross,1.497447223,0.3027574999180911,0.3027574999180911,0.5735162937918511,FALSE,FALSE
1993-05-04,Ross,1.561883256,0.3403380947315622,0.3403380947315622,0.5735162937918511,FALSE,FALSE
1993-05-05,Ross,1.585541375,0.33614813270262967,0.33614813270262967,0.5735162937918511,FALSE,FALSE
1993-05-06,Ross,1.626055536,0.3477115298111242,0.3477115298111242,0.5735162937918511,FALSE,FALSE
1993-05-07,Ross,1.672427607,0.36392020290865346,0.36392020290865346,0.5735162937918511,FALSE,FALSE
1993-05-08,Ross,1.715211827,0.37526798725294785,0.37526798725294785,0.5735162937918511,FALSE,FALSE
1993-05-09,Ross,1.687431513,0.3148496651601784,0.3148496651601784,0.5735162937918511,FALSE,FALSE
1993-05-10,Ross,1.66139709,0.25506882415849463,0.25506882415849463,0.5735162937918511,FALSE,FALSE
1993-05-11,Ross,1.691895125,0.2508051937760487,0.2508051937760487,0.5735162937918511,FALSE,FALSE
1993-05-12,Ross,1.70519596,0.2284222785409924,0.2284222785409924,0.5735162937918511,FALSE,FALSE
1993-05-13,Ross,1.752896573,0.23961021898147283,0.23961021898147283,0.5735162937918511,FALSE,FALSE
1993-05-14,Ross,1.818695616,0.26816082962564436,0.26816082962564436,0.5735162937918511,FALSE,FALSE
1993-05-15,Ross,1.871660511,0.2832346950016562,0.2832346950016562,0.5735162937918511,FALSE,FALSE
1993-05-16,Ross,1.900490504,0.2736242236376578,0.2736242236376578,0.5735162937918511,FALSE,FALSE
1993-05-17,Ross,1.931831482,0.26606846506180304,0.26606846506180304,0.5735162937918511,FALSE,FALSE
1993-05-18,Ross,1.962850477,0.2578276138022386,0.2578276138022386,0.5735162937918511,FALSE,FALSE
1993-05-19,Ross,2.00245664,0.25790398338711684,0.25790398338711684,0.5735162937918511,FALSE,FALSE
1993-05-20,Ross,2.064908435,0.2806461557940376,0.2806461557940376,0.5735162937918511,FALSE,FALSE
1993-05-21,Ross,2.136813197,0.31269602912936234,0.31269602912936234,0.5735162937918511,FALSE,FALSE
1993-05-22,Ross,2.162637813,0.29850651610909495,0.29850651610909495,0.5735162937918511,FALSE,FALSE
1993-05-23,Ross,2.212377586,0.3080573124224939,0.3080573124224939,0.5735162937918511,FALSE,FALSE
1993-05-24,Ross,2.217601192,0.2729014867588182,0.2729014867588182,0.5735162937918511,FALSE,FALSE
1993-05-25,Ross,2.260719486,0.2754342868073294,0.2754342868073294,0.5735162937918511,FALSE,FALSE
1993-05-26,Ross,2.331896276,0.3058039132572872,0.3058039132572872,0.5735162937918511,FALSE,FALSE
1993-05-27,Ross,2.331838285,0.26470148179794917,0.26470148179794917,0.5735162937918511,FALSE,FALSE
1993-05-28,Ross,2.337046258,0.22861213011857465,0.22861213011857465,0.5735162937918511,FALSE,FALSE
1993-05-29,Ross,2.352624042,0.2026240979084224,0.2026240979084224,0.5735162937918511,FALSE,FALSE
1993-05-30,Ross,2.401961342,0.21011148285675363,0.21011148285675363,0.5735162937918511,FALSE,FALSE
1993-05-31,Ross,2.475775698,0.2417762176528262,0.2417762176528262,0.5735162937918511,FALSE,FALSE
1993-06-01,Ross,2.545755344,0.2692909289859,0.2692909289859,0.5735162937918511,FALSE,FALSE
1993-06-02,Ross,2.600405348,0.28114973595030746,0.28114973595030746,0.5735162937918511,FALSE,FALSE
1993-06-03,Ross,2.621206706,0.2588433515832538,0.2588433515832538,0.5735162937918511,FALSE,FALSE
1993-06-04,Ross,2.685768557,0.27999636070762657,0.27999636070762657,0.5735162937918511,FALSE,FALSE
1993-06-05,Ross,2.764929949,0.31546325735852765,0.31546325735852765,0.5735162937918511,FALSE,FALSE
1993-06-06,Ross,2.831951019,0.33851962457105467,0.33851962457105467,0.5735162937918511,FALSE,FALSE
1993-06-07,Ross,2.84548821,0.30783735138030277,0.30783735138030277,0.5735162937918511,FALSE,FALSE
1993-06-08,Ross,2.86075577,0.2786461318213753,0.2786461318213753,0.5735162937918511,FALSE,FALSE
1993-06-09,Ross,2.898401234,0.27160894692936965,0.27160894692936965,0.5735162937918511,FALSE,FALSE
1993-06-10,Ross,2.931501618,0.25981825873938025,0.25981825873938025,0.5735162937918511,FALSE,FALSE
1993-06-11,Ross,2.939871644,0.2231042352865096,0.2231042352865096,0.5735162937918511,FALSE,FALSE
1993-06-12,Ross,2.929561694,0.1675327046058559,0.1675327046058559,0.5735162937918511,FALSE,FALSE
1993-06-13,Ross,2.877132873,0.06968021773251687,0.06968021773251687,0.5735162937918511,FALSE,FALSE
1993-06-14,Ross,2.896196957,0.04317462025540974,0.04317462025540974,0.5735162937918511,FALSE,FALSE
1993-06-15,Ross,2.928144303,0.02944982760186265,0.02944982760186265,0.5735162937918511,FALSE,FALSE
1993-06-16,Ross,3.000468548,0.05608074591649092,0.05608074591649092,0.5735162937918511,FALSE,FALSE
1993-06-17,Ross,3.031045768,0.04102745254968276,0.04102745254968276,0.5735162937918511,FALSE,FALSE
1993-06-18,Ross,3.098506814,0.06300479985181395,0.06300479985181395,0.5735162937918511,FALSE,FALSE
1993-06-19,Ross,3.1871798670000002,0.10642497017327825,0.10642497017327825,0.5735162937918511,FALSE,FALSE
1993-06-20,Ross,3.269941589,0.14424862686445383,0.14424862686445383,0.5735162937918511,FALSE,FALSE
1993-06-21,Ross,3.343319302,0.17308709327572602,0.17308709327572602,0.5735162937918511,FALSE,FALSE
1993-06-22,Ross,3.419512433,0.20522379775747843,0.20522379775747843,0.5735162937918511,FALSE,FALSE
1993-06-23,Ross,3.407035944,0.1492577036600964,0.1492577036600964,0.5735162937918511,FALSE,FALSE
1993-06-24,Ross,3.331021595,0.03040457233396276,0.03040457233396276,0.5735162937918511,FALSE,FALSE
1993-06-25,Ross,3.356761338,0.01404035712946294,0.01404035712946294,0.5735162937918511,FALSE,FALSE
1993-06-26,Ross,3.402384373,0.01837825939698056,0.01837825939698056,0.5735162937918511,FALSE,FALSE
1993-06-27,Ross,3.530456059,0.10605258102514135,0.10605258102514135,0.5735162937918511,FALSE,FALSE
1993-06-28,Ross,3.65126132,0.18730339955647057,0.18730339955647057,0.5735162937918511,FALSE,FALSE
1993-06-29,Ross,3.699568089,0.19680180670840344,0.19680180670840344,0.5735162937918511,FALSE,FALSE
1993-06-30,Ross,3.834493588,0.2935679158664293,0.2935679158664293,0.5735162937918511,FALSE,FALSE
1993-07-01,Ross,3.884651002,0.3061178034160421,0.3061178034160421,0.5735162937918511,FALSE,FALSE
1993-07-02,Ross,3.906467297,0.29078132674273327,0.29078132674273327,0.5735162937918511,FALSE,FALSE
1993-07-03,Ross,3.927035052,0.2745539562319892,0.2745539562319892,0.5735162937918511,FALSE,FALSE
1993-07-04,Ross,3.945675839,0.2566601552693055,0.2566601552693055,0.5735162937918511,FALSE,FALSE
1993-07-05,Ross,3.871088294,0.14570145124017175,0.14570145124017175,0.5735162937918511,FALSE,FALSE
1993-07-06,Ross,3.886898849,0.12520716753007877,0.12520716753007877,0.5735162937918511,FALSE,FALSE
1993-07-07,Ross,3.950970845,0.15294353652452264,0.15294353652452264,0.5735162937918511,FALSE,FALSE
1993-07-08,Ross,3.92502286,0.09053202760898404,0.09053202760898404,0.5735162937918511,FALSE,FALSE
1993-07-09,Ross,4.01836411,0.14718505563839424,0.14718505563839424,0.5735162937918511,FALSE,FALSE
1993-07-10,Ross,4.078805614,0.17067663984802903,0.17067663984802903,0.5735162937918511,FALSE,FALSE
1993-07-11,Ross,4.166585347,0.22133862926599157,0.22133862926599157,0.5735162937918511,FALSE,FALSE
1993-07-12,Ross,4.313863005,0.3314419132747193,0.3314419132747193,0.5735162937918511,FALSE,FALSE
1993-07-13,Ross,4.353399431,0.3338585282566502,0.3338585282566502,0.5735162937918511,FALSE,FALSE
1993-07-14,Ross,4.386375729,0.329880771594226,0.329880771594226,0.5735162937918511,FALSE,FALSE
1993-07-15,Ross,4.415517861,0.32234579866987634,0.32234579866987634,0.5735162937918511,FALSE,FALSE
1993-07-16,Ross,4.455887091,0.32642606686604836,0.32642606686604836,0.5735162937918511,FALSE,FALSE
1993-07-17,Ross,4.432243336,0.2669926865651675,0.2669926865651675,0.5735162937918511,FALSE,FALSE
1993-07-18,Ross,4.392451812,0.19202206714968015,0.19202206714968015,0.5735162937918511,FALSE,FALSE
1993-07-19,Ross,4.443323485,0.20843636800201892,0.20843636800201892,0.5735162937918511,FALSE,FALSE
1993-07-20,Ross,4.447705527,0.1791939545046226,0.1791939545046226,0.5735162937918511,FALSE,FALSE
1993-07-21,Ross,4.499297907,0.1981059890399308,0.1981059890399308,0.5735162937918511,FALSE,FALSE
1993-07-22,Ross,4.563946377,0.231120493178282,0.231120493178282,0.5735162937918511,FALSE,FALSE
1993-07-23,Ross,4.658868592,0.2954342223792139,0.2954342223792139,0.5735162937918511,FALSE,FALSE
1993-07-24,Ross,4.74952739,0.35639933224931664,0.35639933224931664,0.5735162937918511,FALSE,FALSE
1993-07-25,Ross,4.816662616,0.3946429487707314,0.3946429487707314,0.5735162937918511,FALSE,FALSE
1993-07-26,Ross,4.871540829,0.421318911925586,0.421318911925586,0.5735162937918511,FALSE,FALSE
1993-07-27,Ross,4.881972909,0.4041253826960105,0.4041253826960105,0.5735162937918511,FALSE,FALSE
1993-07-28,Ross,4.86790425,0.3628950360641401,0.3628950360641401,0.5735162937918511,FALSE,FALSE
1993-07-29,Ross,4.868175863,0.33635616401211266,0.33635616401211266,0.5735162937918511,FALSE,FALSE
1993-07-30,Ross,4.918787313,0.360395612522054,0.360395612522054,0.5735162937918511,FALSE,FALSE
1993-07-31,Ross,4.973440046,0.3886021085761006,0.3886021085761006,0.5735162937918511,FALSE,FALSE
1993-08-01,Ross,4.967348654,0.3560775251563788,0.3560775251563788,0.5735162937918511,FALSE,FALSE
1993-08-02,Ross,4.958389631,0.32058563724502775,0.32058563724502775,0.5735162937918511,FALSE,FALSE
1993-08-03,Ross,4.96195058,0.2974013304220504,0.2974013304220504,0.5735162937918511,FALSE,FALSE
1993-08-04,Ross,4.995774132,0.3041976544082141,0.3041976544082141,0.5735162937918511,FALSE,FALSE
1993-08-05,Ross,5.065898627,0.34709897664665945,0.34709897664665945,0.5735162937918511,FALSE,FALSE
1993-08-06,Ross,5.115094341,0.36899667705710737,0.36899667705710737,0.5735162937918511,FALSE,FALSE
1993-08-07,Ross,5.176799914,0.40345049955928136,0.40345049955928136,0.5735162937918511,FALSE,FALSE
1993-08-08,Ross,5.233790385,0.4333565870729128,0.4333565870729128,0.5735162937918511,FALSE,FALSE
1993-08-09,Ross,5.314995011,0.4877653005177267,0.4877653005177267,0.5735162937918511,FALSE,FALSE
1993-08-10,Ross,5.32435126,0.4707352118134427,0.4707352118134427,0.5735162937918511,FALSE,FALSE
1993-08-11,Ross,5.32549082,0.4460191128797941,0.4460191128797941,0.5735162937918511,FALSE,FALSE
1993-08-12,Ross,5.312259758,0.4075841746365052,0.4075841746365052,0.5735162937918511,FALSE,FALSE
1993-08-13,Ross,5.315916705,0.3868101320033057,0.3868101320033057,0.5735162937918511,FALSE,FALSE
1993-08-14,Ross,5.35994184,0.407298267899912,0.407298267899912,0.5735162937918511,FALSE,FALSE
1993-08-15,Ross,5.441494288,0.4663288112460595,0.4663288112460595,0.5735162937918511,FALSE,FALSE
1993-08-16,Ross,5.527950206,0.5313950423262668,0.5313950423262668,0.5735162937918511,FALSE,FALSE
1993-08-17,Ross,5.578664036,0.5618502125977134,0.5618502125977134,0.5735162937918511,FALSE,FALSE
1993-08-18,Ross,5.616416868,0.5803388020111475,0.5803388020111475,0.5735162937918511,TRUE,FALSE
1993-08-19,Ross,5.668133312,0.6136413891783157,0.6136413891783157,0.5735162937918511,TRUE,FALSE
1993-08-20,Ross,5.682014065,0.6098146397109607,0.6098146397109607,0.5735162937918511,TRUE,FALSE
1993-08-21,Ross,5.672140132,0.582795527220834,0.582795527220834,0.5735162937918511,TRUE,FALSE
1993-08-22,Ross,5.614733318,0.5086618253196757,0.5086618253196757,0.5735162937918511,FALSE,FALSE
1993-08-23,Ross,5.554607517,0.43208339661923567,0.43208339661923567,0.5735162937918511,FALSE,FALSE
1993-08-24,Ross,5.536665737,0.3978192177312634,0.3978192177312634,0.5735162937918511,FALSE,FALSE
1993-08-25,Ross,5.530321892,0.37513917126749696,0.37513917126749696,0.5735162937918511,FALSE,FALSE
1993-08-26,Ross,5.559716986,0.38804022983969055,0.38804022983969055,0.5735162937918511,FALSE,FALSE
1993-08-27,Ross,5.588629027,0.4001563700595856,0.4001563700595856,0.5735162937918511,FALSE,FALSE
1993-08-28,Ross,5.67094518,0.4652307255389312,0.4652307255389312,0.5735162937918511,FALSE,FALSE
1993-08-29,Ross,5.702747838,0.479228936685252,0.479228936685252,0.5735162937918511,FALSE,FALSE
1993-08-30,Ross,5.699672373,0.4578354151340784,0.4578354151340784,0.5735162937918511,FALSE,FALSE
1993-08-31,Ross,5.666724005,0.4061667139425271,0.4061667139425271,0.5735162937918511,FALSE,FALSE
1993-09-01,Ross,5.604568974,0.3250005179016613,0.3250005179016613,0.5735162937918511,FALSE,FALSE
1993-09-02,Ross,5.606687059,0.3079280508025395,0.3079280508025395,0.5735162937918511,FALSE,FALSE
1993-09-03,Ross,5.622068345,0.30405084243622404,0.30405084243622404,0.5735162937918511,FALSE,FALSE
1993-09-04,Ross,5.627388955,0.29015646059377964,0.29015646059377964,0.5735162937918511,FALSE,FALSE
1993-09-05,Ross,5.625184525,0.26889198606626685,0.26889198606626685,0.5735162937918511,FALSE,FALSE
1993-09-06,Ross,5.642987907,0.2679017156447472,0.2679017156447472,0.5735162937918511,FALSE,FALSE
1993-09-07,Ross,5.656014876,0.2625128691202834,0.2625128691202834,0.5735162937918511,FALSE,FALSE
1993-09-08,Ross,5.67980505,0.2683765092839394,0.2683765092839394,0.5735162937918511,FALSE,FALSE
1993-09-09,Ross,5.704529461,0.27577511292677315,0.27577511292677315,0.5735162937918511,FALSE,FALSE
1993-09-10,Ross,5.762346841,0.31697839423868057,0.31697839423868057,0.5735162937918511,FALSE,FALSE
1993-09-11,Ross,5.830234983,0.3690312129212811,0.3690312129212811,0.5735162937918511,FALSE,FALSE
1993-09-12,Ross,5.825369811,0.34909708985446386,0.34909708985446386,0.5735162937918511,FALSE,FALSE
1993-09-13,Ross,5.817620051,0.32702398043869874,0.32702398043869874,0.5735162937918511,FALSE,FALSE
1993-09-14,Ross,5.807085232,0.30289064307446534,0.30289064307446534,0.5735162937918511,FALSE,FALSE
1993-09-15,Ross,5.736530515,0.21944146816222965,0.21944146816222965,0.5735162937918511,FALSE,FALSE
1993-09-16,Ross,5.672641314,0.14334109910246973,0.14334109910246973,0.5735162937918511,FALSE,FALSE
1993-09-17,Ross,5.634162401,0.09331353729565972,0.09331353729565972,0.5735162937918511,FALSE,FALSE
1993-09-18,Ross,5.650557577,0.098801813142269,0.098801813142269,0.5735162937918511,FALSE,FALSE
1993-09-19,Ross,5.680594897,0.11855321104277472,0.11855321104277472,0.5735162937918511,FALSE,FALSE
1993-09-20,Ross,5.694085251,0.12235785039764746,0.12235785039764746,0.5735162937918511,FALSE,FALSE
1993-09-21,Ross,5.69301843,0.11218475160736396,0.11218475160736396,0.5735162937918511,FALSE,FALSE
1993-09-22,Ross,5.649509752,0.06012846207239253,0.06012846207239253,0.5735162937918511,FALSE,FALSE
1993-09-23,Ross,5.628334286,0.03094508993201916,0.03094508993201916,0.5735162937918511,FALSE,FALSE
1993-09-24,Ross,5.599462783,-0.00539419938460827,0.00539419938460827,0.5735162937918511,FALSE,FALSE
1993-09-25,Ross,5.599899681,-0.01187280009964997,0.01187280009964997,0.5735162937918511,FALSE,FALSE
1993-09-26,Ross,5.619013253,8.898934771748301e-4,8.898934771748301e-4,0.5735162937918511,FALSE,FALSE
1993-09-27,Ross,5.630491166,0.00659388103614322,0.00659388103614322,0.5735162937918511,FALSE,FALSE
1993-09-28,Ross,5.67561476,0.04653283526753959,0.04653283526753959,0.5735162937918511,FALSE,FALSE
1993-09-29,Ross,5.688517526,0.05485257986164527,0.05485257986164527,0.5735162937918511,FALSE,FALSE
1993-09-30,Ross,5.667076864,0.02944284750874182,0.02944284750874182,0.5735162937918511,FALSE,FALSE
1993-10-01,Ross,5.650498221,0.00952141789911031,0.00952141789911031,0.5735162937918511,FALSE,FALSE
1993-10-02,Ross,5.610394678,-0.03328629527696947,0.03328629527696947,0.5735162937918511,FALSE,FALSE
1993-10-03,Ross,5.561076512,-0.08465768232921267,0.08465768232921267,0.5735162937918511,FALSE,FALSE
1993-10-04,Ross,5.526188378,-0.12093575556734049,0.12093575556734049,0.5735162937918511,FALSE,FALSE
1993-10-05,Ross,5.495493937,-0.15234451418217443,0.15234451418217443,0.5735162937918511,FALSE,FALSE
1993-10-06,Ross,5.448533306,-0.19932289013816715,0.19932289013816715,0.5735162937918511,FALSE,FALSE
1993-10-07,Ross,5.480804488,-0.1663265990528835,0.1663265990528835,0.5735162937918511,FALSE,FALSE
1993-10-08,Ross,5.554453963,-0.0911582454068922,0.0911582454068922,0.5735162937918511,FALSE,FALSE
1993-10-09,Ross,5.608662822,-0.03458582268074739,0.03458582268074739,0.5735162937918511,FALSE,FALSE
1993-10-10,Ross,5.611651073,-0.02833840735501258,0.02833840735501258,0.5735162937918511,FALSE,FALSE
1993-10-11,Ross,5.589199663,-0.04658413691024865,0.04658413691024865,0.5735162937918511,FALSE,FALSE
1993-10-12,Ross,5.545022638,-0.08555804982701254,0.08555804982701254,0.5735162937918511,FALSE,FALSE
1993-10-13,Ross,5.486552966,-0.13777626258587006,0.13777626258587006,0.5735162937918511,FALSE,FALSE
1993-10-14,Ross,5.452872301,-0.16410620566737677,0.16410620566737677,0.5735162937918511,FALSE,FALSE
1993-10-15,Ross,5.455718094,-0.1527595125520964,0.1527595125520964,0.5735162937918511,FALSE,FALSE
1993-10-16,Ross,5.441895925,-0.15687968772059158,0.15687968772059158,0.5735162937918511,FALSE,FALSE
1993-10-17,Ross,5.413754844,-0.1740667656534196,0.1740667656534196,0.5735162937918511,FALSE,FALSE
1993-10-18,Ross,5.386360929,-0.18920758805870275,0.18920758805870275,0.5735162937918511,FALSE,FALSE
1993-10-19,Ross,5.420029392,-0.1420213217416464,0.1420213217416464,0.5735162937918511,FALSE,FALSE
1993-10-20,Ross,5.459690533,-0.08768992164969891,0.08768992164969891,0.5735162937918511,FALSE,FALSE
1993-10-21,Ross,5.521292215,-0.01038089791237162,0.01038089791237162,0.5735162937918511,FALSE,FALSE
1993-10-22,Ross,5.530136875,0.0150928133408259,0.0150928133408259,0.5735162937918511,FALSE,FALSE
1993-10-23,Ross,5.543710149,0.04610147498038142,0.04610147498038142,0.5735162937918511,FALSE,FALSE
1993-10-24,Ross,5.517878421,0.03839609787678721,0.03839609787678721,0.5735162937918511,FALSE,FALSE
1993-10-25,Ross,5.473669315,0.01288893290053394,0.01288893290053394,0.5735162937918511,FALSE,FALSE
1993-10-26,Ross,5.442689322,0.00107109792210824,0.00107109792210824,0.5735162937918511,FALSE,FALSE
1993-10-27,Ross,5.43461324,0.01250201781200299,0.01250201781200299,0.5735162937918511,FALSE,FALSE
1993-10-28,Ross,5.439526683,0.03715193344070844,0.03715193344070844,0.5735162937918511,FALSE,FALSE
1993-10-29,Ross,5.431547553,0.0490233736787129,0.0490233736787129,0.5735162937918511,FALSE,FALSE
1993-10-30,Ross,5.427221593,0.06454670839650856,0.06454670839650856,0.5735162937918511,FALSE,FALSE
1993-10-31,Ross,5.392246808,0.04934464615024758,0.04934464615024758,0.5735162937918511,FALSE,FALSE
1993-11-01,Ross,5.358490123,0.03540608164524084,0.03540608164524084,0.5735162937918511,FALSE,FALSE
1993-11-02,Ross,5.316483725,0.01344576408228448,0.01344576408228448,0.5735162937918511,FALSE,FALSE
1993-11-03,Ross,5.295805736,0.01322439395102659,0.01322439395102659,0.5735162937918511,FALSE,FALSE
1993-11-04,Ross,5.261067163,-4.644432588865044e-4,4.644432588865044e-4,0.5735162937918511,FALSE,FALSE
1993-11-05,Ross,5.213057936,-0.02664823905780267,0.02664823905780267,0.5735162937918511,FALSE,FALSE
1993-11-06,Ross,5.248433173,0.03151070304392611,0.03151070304392611,0.5735162937918511,FALSE,FALSE
1993-11-07,Ross,5.218443867,0.02544595453594933,0.02544595453594933,0.5735162937918511,FALSE,FALSE
1993-11-08,Ross,5.200652229,0.03290230490791135,0.03290230490791135,0.5735162937918511,FALSE,FALSE
1993-11-09,Ross,5.13270313,-0.00829279635053481,0.00829279635053481,0.5735162937918511,FALSE,FALSE
1993-11-10,Ross,5.126052837,0.01349949625025637,0.01349949625025637,0.5735162937918511,FALSE,FALSE
1993-11-11,Ross,5.092592207,0.0103526181999376,0.0103526181999376,0.5735162937918511,FALSE,FALSE
1993-11-12,Ross,5.092152171,0.04227859806978884,0.04227859806978884,0.5735162937918511,FALSE,FALSE
1993-11-13,Ross,5.089152748,0.07379662950800547,0.07379662950800547,0.5735162937918511,FALSE,FALSE
1993-11-14,Ross,5.081729196,0.10301799791514644,0.10301799791514644,0.5735162937918511,FALSE,FALSE
1993-11-15,Ross,5.037383428,0.09741048607269498,0.09741048607269498,0.5735162937918511,FALSE,FALSE
1993-11-16,Ross,5.04816659,0.1489911097621377,0.1489911097621377,0.5735162937918511,FALSE,FALSE
1993-11-17,Ross,5.034050015,0.17769707176495686,0.17769707176495686,0.5735162937918511,FALSE,FALSE
1993-11-18,Ross,4.920886796,0.1093473348626368,0.1093473348626368,0.5735162937918511,FALSE,FALSE
1993-11-19,Ross,4.905829852,0.14106068783666623,0.14106068783666623,0.5735162937918511,FALSE,FALSE
1993-11-20,Ross,4.897357062,0.1812808794685248,0.1812808794685248,0.5735162937918511,FALSE,FALSE
1993-11-21,Ross,4.873693835,0.20819918853970343,0.20819918853970343,0.5735162937918511,FALSE,FALSE
1993-11-22,Ross,4.839789748,0.22673106183168024,0.22673106183168024,0.5735162937918511,FALSE,FALSE
1993-11-23,Ross,4.794529171,0.23572673912594233,0.23572673912594233,0.5735162937918511,FALSE,FALSE
1993-11-24,Ross,4.75143759,0.2486775762039759,0.2486775762039759,0.5735162937918511,FALSE,FALSE
1993-11-25,Ross,4.701087207,0.25614670574568965,0.25614670574568965,0.5735162937918511,FALSE,FALSE
1993-11-26,Ross,4.655027292,0.2698862893111018,0.2698862893111018,0.5735162937918511,FALSE,FALSE
1993-11-27,Ross,4.60686222,0.2838101728858762,0.2838101728858762,0.5735162937918511,FALSE,FALSE
1993-11-28,Ross,4.538053489,0.2796901327329264,0.2796901327329264,0.5735162937918511,FALSE,FALSE
1993-11-29,Ross,4.502820735,0.31205608311517175,0.31205608311517175,0.5735162937918511,FALSE,FALSE
1993-11-30,Ross,4.481771611,0.3618259552955285,0.3618259552955285,0.5735162937918511,FALSE,FALSE
1993-12-01,Ross,4.413744687,0.36814859753690943,0.36814859753690943,0.5735162937918511,FALSE,FALSE
1993-12-02,Ross,4.358011859,0.39060618410223347,0.39060618410223347,0.5735162937918511,FALSE,FALSE
1993-12-03,Ross,4.279435058,0.3943709242544142,0.3943709242544142,0.5735162937918511,FALSE,FALSE
1993-12-04,Ross,4.181344717,0.38308352925636946,0.38308352925636946,0.5735162937918511,FALSE,FALSE
1993-12-05,Ross,4.026720321,0.3200337623710152,0.3200337623710152,0.5735162937918511,FALSE,FALSE
1993-12-06,Ross,3.782147014,0.17211704586126508,0.17211704586126508,0.5735162937918511,FALSE,FALSE
1993-12-07,Ross,3.614817572,0.10683553166676774,0.10683553166676774,0.5735162937918511,FALSE,FALSE
1993-12-08,Ross,3.514104993,0.11359148370989748,0.11359148370989748,0.5735162937918511,FALSE,FALSE
1993-12-09,Ross,3.337487209,0.04921657740178986,0.04921657740178986,0.5735162937918511,FALSE,FALSE
1993-12-10,Ross,3.262759573,0.090760119418539,0.090760119418539,0.5735162937918511,FALSE,FALSE
1993-12-11,Ross,3.074946543,0.02250052143622616,0.02250052143622616,0.5735162937918511,FALSE,FALSE
1993-12-12,Ross,3.003580081,0.07322369913094784,0.07322369913094784,0.5735162937918511,FALSE,FALSE
1993-12-13,Ross,2.793155264,-0.01332131682121051,0.01332131682121051,0.5735162937918511,FALSE,FALSE
1993-12-14,Ross,2.641950414,-0.03960225074415913,0.03960225074415913,0.5735162937918511,FALSE,FALSE
1993-12-15,Ross,2.483115226,-0.07321545396180573,0.07321545396180573,0.5735162937918511,FALSE,FALSE
1993-12-16,Ross,2.362873407,-0.06868326579806583,0.06868326579806583,0.5735162937918511,FALSE,FALSE
1993-12-17,Ross,2.133766017,-0.17421067257684486,0.17421067257684486,0.5735162937918511,FALSE,FALSE
1993-12-18,Ross,2.037283213,-0.1490535636220569,0.1490535636220569,0.5735162937918511,FALSE,FALSE
1993-12-19,Ross,1.801566407,-0.26581657325761143,0.26581657325761143,0.5735162937918511,FALSE,FALSE
1993-12-20,Ross,1.510784123,-0.441058049643356,0.441058049643356,0.5735162937918511,FALSE,FALSE
1993-12-21,Ross,1.396790457,-0.4433475884463254,0.4433475884463254,0.5735162937918511,FALSE,FALSE
1993-12-22,Ross,1.300126933,-0.4323253522980459,0.4323253522980459,0.5735162937918511,FALSE,FALSE
1993-12-23,Ross,1.161610574,-0.4673492608944641,0.4673492608944641,0.5735162937918511,FALSE,FALSE
1993-12-24,Ross,1.023316509,-0.5065191279315251,0.5065191279315251,0.5735162937918511,FALSE,FALSE
1993-12-25,Ross,0.923824977,-0.5114296571051744,0.5114296571051744,0.5735162937918511,FALSE,FALSE
1993-12-26,Ross,0.890406818,-0.45498495111136017,0.45498495111136017,0.5735162937918511,FALSE,FALSE
1993-12-27,Ross,0.847896295,-0.4125256896460274,0.4125256896460274,0.5735162937918511,FALSE,FALSE
1993-12-28,Ross,0.759637488,-0.4208827354051176,0.4208827354051176,0.5735162937918511,FALSE,FALSE
1993-12-29,Ross,0.751928408,-0.35393302008458394,0.35393302008458394,0.5735162937918511,FALSE,FALSE
1993-12-30,Ross,0.725381352,-0.31123918938036843,0.31123918938036843,0.5735162937918511,FALSE,FALSE
1993-12-31,Ross,0.711732934,-0.2612395719884165,0.2612395719884165,0.5735162937918511,FALSE,FALSE
1994-01-01,Ross,0.693067382,-0.22202488260467512,0.22202488260467512,0.5735162937918511,FALSE,FALSE
1994-01-02,Ross,0.696150607,-0.16689950918517216,0.16689950918517216,0.5735162937918511,FALSE,FALSE
1994-01-03,Ross,0.691141291,-0.125356493726271,0.125356493726271,0.5735162937918511,FALSE,FALSE
1994-01-04,Ross,0.682555079,-0.09242727148441932,0.09242727148441932,0.5735162937918511,FALSE,FALSE
1994-01-05,Ross,0.652862187,-0.08518870671605483,0.08518870671605483,0.5735162937918511,FALSE,FALSE
1994-01-06,Ross,0.630766789,-0.07448370567762896,0.07448370567762896,0.5735162937918511,FALSE,FALSE
1994-01-07,Ross,0.62582404,-0.05030419362558558,0.05030419362558558,0.5735162937918511,FALSE,FALSE
1994-01-08,Ross,0.600085057,-0.05014613381636768,0.05014613381636768,0.5735162937918511,FALSE,FALSE
1994-01-09,Ross,0.595278784,-0.03182766250642099,0.03182766250642099,0.5735162937918511,FALSE,FALSE
1994-01-10,Ross,0.579398931,-0.0269021499521922,0.0269021499521922,0.5735162937918511,FALSE,FALSE
1994-01-11,Ross,0.570826441,-0.01653573341012515,0.01653573341012515,0.5735162937918511,FALSE,FALSE
1994-01-12,Ross,0.562200376,-0.00763643113666434,0.00763643113666434,0.5735162937918511,FALSE,FALSE
1994-01-13,Ross,0.560944274,0.00767221461174449,0.00767221461174449,0.5735162937918511,FALSE,FALSE
1994-01-14,Ross,0.562184581,0.02496380272502207,0.02496380272502207,0.5735162937918511,FALSE,FALSE
1994-01-15,Ross,0.55907231,0.0376295564848601,0.0376295564848601,0.5735162937918511,FALSE,FALSE
1994-01-16,Ross,0.552874256,0.04691722639416629,0.04691722639416629,0.5735162937918511,FALSE,FALSE
1994-01-17,Ross,0.530036444,0.03923739680312543,0.03923739680312543,0.5735162937918511,FALSE,FALSE
1994-01-18,Ross,0.503684323,0.02768007606192218,0.02768007606192218,0.5735162937918511,FALSE,FALSE
1994-01-19,Ross,0.48350284,0.02189477052074057,0.02189477052074057,0.5735162937918511,FALSE,FALSE
1994-01-20,Ross,0.462716625,0.01507066952976587,0.01507066952976587,0.5735162937918511,FALSE,FALSE
1994-01-21,Ross,0.45787478,0.02372143443918228,0.02372143443918228,0.5735162937918511,FALSE,FALSE
1994-01-22,Ross,0.449936484,0.02877080359917472,0.02877080359917472,0.5735162937918511,FALSE,FALSE
1994-01-23,Ross,0.449916229,0.04119782835992619,0.04119782835992619,0.5735162937918511,FALSE,FALSE
1994-01-24,Ross,0.448039511,0.05119256407162204,0.05119256407162204,0.5735162937918511,FALSE,FALSE
1994-01-25,Ross,0.4449777,0.05939094008444728,0.05939094008444728,0.5735162937918511,FALSE,FALSE
1994-01-26,Ross,0.43259858,0.05762529974858654,0.05762529974858654,0.5735162937918511,FALSE,FALSE
1994-01-27,Ross,0.428913475,0.06387871138559204,0.06387871138559204,0.5735162937918511,FALSE,FALSE
1994-01-28,Ross,0.425867274,0.07011644668548345,0.07011644668548345,0.5735162937918511,FALSE,FALSE
1994-01-29,Ross,0.412934344,0.06585342356954632,0.06585342356954632,0.5735162937918511,FALSE,FALSE
1994-01-30,Ross,0.401761166,0.06277673892733654,0.06277673892733654,0.5735162937918511,FALSE,FALSE
1994-01-31,Ross,0.391286501,0.05986576964841322,0.05986576964841322,0.5735162937918511,FALSE,FALSE
1994-02-01,Ross,0.374656779,0.05030756162233407,0.05030756162233407,0.5735162937918511,FALSE,FALSE
1994-02-02,Ross,0.367333833,0.04960456373865585,0.04960456373865585,0.5735162937918511,FALSE,FALSE
1994-02-03,Ross,0.374906441,0.06338616988693796,0.06338616988693796,0.5735162937918511,FALSE,FALSE
1994-02-04,Ross,0.373123168,0.06744156095673826,0.06744156095673826,0.5735162937918511,FALSE,FALSE
1994-02-05,Ross,0.367540738,0.06736807683761409,0.06736807683761409,0.5735162937918511,FALSE,FALSE
1994-02-06,Ross,0.367591238,0.0726384204191235,0.0726384204191235,0.5735162937918511,FALSE,FALSE
1994-02-07,Ross,0.363212193,0.07323073259082552,0.07323073259082552,0.5735162937918511,FALSE,FALSE
1994-02-08,Ross,0.348366639,0.06314851506893843,0.06314851506893843,0.5735162937918511,FALSE,FALSE
1994-02-09,Ross,0.348377822,0.06773565318657881,0.06773565318657881,0.5735162937918511,FALSE,FALSE
1994-02-10,Ross,0.358792189,0.08251980336262427,0.08251980336262427,0.5735162937918511,FALSE,FALSE
1994-02-11,Ross,0.360610365,0.08847813807515142,0.08847813807515142,0.5735162937918511,FALSE,FALSE
1994-02-12,Ross,0.364801855,0.09655670980223746,0.09655670980223746,0.5735162937918511,FALSE,FALSE
1994-02-13,Ross,0.364199959,0.0995653660219568,0.0995653660219568,0.5735162937918511,FALSE,FALSE
1994-02-14,Ross,0.365551833,0.10422781021238858,0.10422781021238858,0.5735162937918511,FALSE,FALSE
1994-02-15,Ross,0.366823825,0.10848693785160855,0.10848693785160855,0.5735162937918511,FALSE,FALSE
1994-02-16,Ross,0.38531597,0.12961933141769033,0.12961933141769033,0.5735162937918511,FALSE,FALSE
1994-02-17,Ross,0.378521776,0.12509504638871405,0.12509504638871405,0.5735162937918511,FALSE,FALSE
1994-02-18,Ross,0.357505212,0.10595459924275363,0.10595459924275363,0.5735162937918511,FALSE,FALSE
1994-02-19,Ross,0.362385048,0.11229330745788618,0.11229330745788618,0.5735162937918511,FALSE,FALSE
1994-02-20,Ross,0.356861478,0.10778791251218806,0.10778791251218806,0.5735162937918511,FALSE,FALSE
1994-02-21,Ross,0.334677961,0.0861601497185577,0.0861601497185577,0.5735162937918511,FALSE,FALSE
1994-02-22,Ross,0.32615006,0.07772481814910587,0.07772481814910587,0.5735162937918511,FALSE,FALSE
1994-02-23,Ross,0.330734527,0.08195184922242651,0.08195184922242651,0.5735162937918511,FALSE,FALSE
1994-02-24,Ross,0.320322348,0.07074566041058988,0.07074566041058988,0.5735162937918511,FALSE,FALSE
1994-02-25,Ross,0.335802587,0.08500874718566925,0.08500874718566925,0.5735162937918511,FALSE,FALSE
1994-02-26,Ross,0.33772718,0.08530647701973587,0.08530647701973587,0.5735162937918511,FALSE,FALSE
1994-02-27,Ross,0.321773798,0.06732995238486367,0.06732995238486367,0.5735162937918511,FALSE,FALSE
1994-02-28,Ross,0.312514779,0.05566494275312439,0.05566494275312439,0.5735162937918511,FALSE,FALSE
1994-03-01,Ross,0.30321064,0.04358539659658972,0.04358539659658972,0.5735162937918511,FALSE,FALSE
1994-03-02,Ross,0.321250594,0.05849395838733307,0.05849395838733307,0.5735162937918511,FALSE,FALSE
1994-03-03,Ross,0.334902809,0.0686722275974253,0.0686722275974253,0.5735162937918511,FALSE,FALSE
1994-03-04,Ross,0.346738367,0.0767047176989401,0.0767047176989401,0.5735162937918511,FALSE,FALSE
1994-03-05,Ross,0.35484284,0.0806904309616337,0.0806904309616337,0.5735162937918511,FALSE,FALSE
1994-03-06,Ross,0.366548556,0.08797065318948333,0.08797065318948333,0.5735162937918511,FALSE,FALSE
1994-03-07,Ross,0.373898914,0.09058318053677478,0.09058318053677478,0.5735162937918511,FALSE,FALSE
1994-03-08,Ross,0.387418329,0.0990438670091977,0.0990438670091977,0.5735162937918511,FALSE,FALSE
1994-03-09,Ross,0.39171142,0.0979487706124464,0.0979487706124464,0.5735162937918511,FALSE,FALSE
1994-03-10,Ross,0.388604748,0.08911589135221304,0.08911589135221304,0.5735162937918511,FALSE,FALSE
1994-03-11,Ross,0.377500345,0.07193870023419002,0.07193870023419002,0.5735162937918511,FALSE,FALSE
1994-03-12,Ross,0.36573922,0.053749645264069,0.053749645264069,0.5735162937918511,FALSE,FALSE
1994-03-13,Ross,0.375632231,0.05685102344754372,0.05685102344754372,0.5735162937918511,FALSE,FALSE
1994-03-14,Ross,0.378082828,0.05213772379030873,0.05213772379030873,0.5735162937918511,FALSE,FALSE
1994-03-15,Ross,0.379928851,0.04643902529805172,0.04643902529805172,0.5735162937918511,FALSE,FALSE
1994-03-16,Ross,0.399095982,0.05767204897646966,0.05767204897646966,0.5735162937918511,FALSE,FALSE
1994-03-17,Ross,0.411415507,0.06165951983125162,0.06165951983125162,0.5735162937918511,FALSE,FALSE
1994-03-18,Ross,0.420073414,0.0615790253427817,0.0615790253427817,0.5735162937918511,FALSE,FALSE
1994-03-19,Ross,0.421981648,0.05433811782335995,0.05433811782335995,0.5735162937918511,FALSE,FALSE
1994-03-20,Ross,0.416488948,0.03928533581105353,0.03928533581105353,0.5735162937918511,FALSE,FALSE
1994-03-21,Ross,0.426987573,0.03981293522077422,0.03981293522077422,0.5735162937918511,FALSE,FALSE
1994-03-22,Ross,0.436229371,0.03867276096743638,0.03867276096743638,0.5735162937918511,FALSE,FALSE
1994-03-23,Ross,0.449817102,0.04146756996595202,0.04146756996595202,0.5735162937918511,FALSE,FALSE
1994-03-24,Ross,0.465847204,0.04629379713123183,0.04629379713123183,0.5735162937918511,FALSE,FALSE
1994-03-25,Ross,0.483083199,0.05191496137819312,0.05191496137819312,0.5735162937918511,FALSE,FALSE
1994-03-26,Ross,0.491165894,0.0479718666217443,0.0479718666217443,0.5735162937918511,FALSE,FALSE
1994-03-27,Ross,0.510884228,0.05525344877680172,0.05525344877680172,0.5735162937918511,FALSE,FALSE
1994-03-28,Ross,0.515240446,0.0467619497582738,0.0467619497582738,0.5735162937918511,FALSE,FALSE
1994-03-29,Ross,0.547247943,0.06551076148107754,0.06551076148107754,0.5735162937918511,FALSE,FALSE
1994-03-30,Ross,0.578625524,0.08321868586012349,0.08321868586012349,0.5735162937918511,FALSE,FALSE
1994-03-31,Ross,0.602611437,0.09312268380834088,0.09312268380834088,0.5735162937918511,FALSE,FALSE
1994-04-01,Ross,0.614784452,0.09079321984114563,0.09079321984114563,0.5735162937918511,FALSE,FALSE
1994-04-02,Ross,0.611598969,0.07267400252124212,0.07267400252124212,0.5735162937918511,FALSE,FALSE
1994-04-03,Ross,0.613340061,0.0590394114388737,0.0590394114388737,0.5735162937918511,FALSE,FALSE
1994-04-04,Ross,0.61328246,0.04315348518427797,0.04315348518427797,0.5735162937918511,FALSE,FALSE
1994-04-05,Ross,0.626191621,0.03977098534769741,0.03977098534769741,0.5735162937918511,FALSE,FALSE
1994-04-06,Ross,0.661792637,0.0586063115193749,0.0586063115193749,0.5735162937918511,FALSE,FALSE
1994-04-07,Ross,0.697949046,0.07751230828954714,0.07751230828954714,0.5735162937918511,FALSE,FALSE
1994-04-08,Ross,0.698515273,0.06033270724845796,0.06033270724845796,0.5735162937918511,FALSE,FALSE
1994-04-09,Ross,0.727835876,0.07140137298634786,0.07140137298634786,0.5735162937918511,FALSE,FALSE
1994-04-10,Ross,0.722214808,0.0470115650934555,0.0470115650934555,0.5735162937918511,FALSE,FALSE
1994-04-11,Ross,0.727054615,0.03255513616002337,0.03255513616002337,0.5735162937918511,FALSE,FALSE
1994-04-12,Ross,0.752150399,0.03781679462465914,0.03781679462465914,0.5735162937918511,FALSE,FALSE
1994-04-13,Ross,0.812236482,0.07754183918895685,0.07754183918895685,0.5735162937918511,FALSE,FALSE
1994-04-14,Ross,0.835575412,0.08003902324138001,0.08003902324138001,0.5735162937918511,FALSE,FALSE
1994-04-15,Ross,0.860225831,0.08341648468744112,0.08341648468744112,0.5735162937918511,FALSE,FALSE
1994-04-16,Ross,0.885345461,0.08688144143265109,0.08688144143265109,0.5735162937918511,FALSE,FALSE
1994-04-17,Ross,0.90484565,0.08439473738252401,0.08439473738252401,0.5735162937918511,FALSE,FALSE
1994-04-18,Ross,0.91376844,0.07104791044257153,0.07104791044257153,0.5735162937918511,FALSE,FALSE
1994-04-19,Ross,0.903770868,0.03854749351830677,0.03854749351830677,0.5735162937918511,FALSE,FALSE
1994-04-20,Ross,0.889460594,0.00155064251524017,0.00155064251524017,0.5735162937918511,FALSE,FALSE
1994-04-21,Ross,0.893018279,-0.01771248566111216,0.01771248566111216,0.5735162937918511,FALSE,FALSE
1994-04-22,Ross,0.904609368,-0.02902695010523859,0.02902695010523859,0.5735162937918511,FALSE,FALSE
1994-04-23,Ross,0.918219587,-0.03835752891162891,0.03835752891162891,0.5735162937918511,FALSE,FALSE
1994-04-24,Ross,0.910184809,-0.0693188531747676,0.0693188531747676,0.5735162937918511,FALSE,FALSE
1994-04-25,Ross,0.924129701,-0.0782468564958183,0.0782468564958183,0.5735162937918511,FALSE,FALSE
1994-04-26,Ross,0.964934964,-0.06031732966923497,0.06031732966923497,0.5735162937918511,FALSE,FALSE
1994-04-27,Ross,0.991256692,-0.0569836605236983,0.0569836605236983,0.5735162937918511,FALSE,FALSE
1994-04-28,Ross,1.00143361,-0.07001716407937364,0.07001716407937364,0.5735162937918511,FALSE,FALSE
1994-04-29,Ross,1.013551172,-0.0814424263564324,0.0814424263564324,0.5735162937918511,FALSE,FALSE
1994-04-30,Ross,1.052738146,-0.06624071937504494,0.06624071937504494,0.5735162937918511,FALSE,FALSE
1994-05-01,Ross,1.094277335,-0.04923928015538359,0.04923928015538359,0.5735162937918511,FALSE,FALSE
1994-05-02,Ross,1.167747299,-9.695887176146556e-4,9.695887176146556e-4,0.5735162937918511,FALSE,FALSE
1994-05-03,Ross,1.212455747,0.01776602391809101,0.01776602391809101,0.5735162937918511,FALSE,FALSE
1994-05-04,Ross,1.237024388,0.01547922673156221,0.01547922673156221,0.5735162937918511,FALSE,FALSE
1994-05-05,Ross,1.270248635,0.02085539270262959,0.02085539270262959,0.5735162937918511,FALSE,FALSE
1994-05-06,Ross,1.308273506,0.02992949981112414,0.02992949981112414,0.5735162937918511,FALSE,FALSE
1994-05-07,Ross,1.331753212,0.02324580790865349,0.02324580790865349,0.5735162937918511,FALSE,FALSE
1994-05-08,Ross,1.359472039,0.01952819925294768,0.01952819925294768,0.5735162937918511,FALSE,FALSE
1994-05-09,Ross,1.366473717,-0.00610813083982142,0.00610813083982142,0.5735162937918511,FALSE,FALSE
1994-05-10,Ross,1.412710351,0.00638208515849481,0.00638208515849481,0.5735162937918511,FALSE,FALSE
1994-05-11,Ross,1.456559537,0.01546960577604861,0.01546960577604861,0.5735162937918511,FALSE,FALSE
1994-05-12,Ross,1.528321703,0.05154802154099247,0.05154802154099247,0.5735162937918511,FALSE,FALSE
1994-05-13,Ross,1.58767741,0.07439105598147289,0.07439105598147289,0.5735162937918511,FALSE,FALSE
1994-05-14,Ross,1.621696971,0.07116218462564428,0.07116218462564428,0.5735162937918511,FALSE,FALSE
1994-05-15,Ross,1.66369756,0.07527174400165615,0.07527174400165615,0.5735162937918511,FALSE,FALSE
1994-05-16,Ross,1.688496754,0.06163047363765783,0.06163047363765783,0.5735162937918511,FALSE,FALSE
1994-05-17,Ross,1.726702074,0.06093905706180314,0.06093905706180314,0.5735162937918511,FALSE,FALSE
1994-05-18,Ross,1.785757219,0.08073435580223864,0.08073435580223864,0.5735162937918511,FALSE,FALSE
1994-05-19,Ross,1.857702375,0.11314971838711664,0.11314971838711664,0.5735162937918511,FALSE,FALSE
1994-05-20,Ross,1.966233735,0.18197145579403773,0.18197145579403773,0.5735162937918511,FALSE,FALSE
1994-05-21,Ross,2.022488971,0.1983718031293624,0.1983718031293624,0.5735162937918511,FALSE,FALSE
1994-05-22,Ross,2.056948387,0.19281709010909487,0.19281709010909487,0.5735162937918511,FALSE,FALSE
1994-05-23,Ross,2.005886351,0.1015660774224938,0.1015660774224938,0.5735162937918511,FALSE,FALSE
1994-05-24,Ross,1.977785616,0.03308591075881817,0.03308591075881817,0.5735162937918511,FALSE,FALSE
1994-05-25,Ross,1.991441606,0.0061564068073292,0.0061564068073292,0.5735162937918511,FALSE,FALSE
1994-05-26,Ross,2.007382973,-0.01870938974271308,0.01870938974271308,0.5735162937918511,FALSE,FALSE
1994-05-27,Ross,2.033576685,-0.03356011820205085,0.03356011820205085,0.5735162937918511,FALSE,FALSE
1994-05-28,Ross,2.056757683,-0.05167644488142553,0.05167644488142553,0.5735162937918511,FALSE,FALSE
1994-05-29,Ross,2.122197212,-0.02780273209157746,0.02780273209157746,0.5735162937918511,FALSE,FALSE
1994-05-30,Ross,2.172123701,-0.01972615814324641,0.01972615814324641,0.5735162937918511,FALSE,FALSE
1994-05-31,Ross,2.214045717,-0.01995376334717402,0.01995376334717402,0.5735162937918511,FALSE,FALSE
1994-06-01,Ross,2.275324579,-0.00113983601409994,0.00113983601409994,0.5735162937918511,FALSE,FALSE
1994-06-02,Ross,2.30000778,-0.01924783204969227,0.01924783204969227,0.5735162937918511,FALSE,FALSE
1994-06-03,Ross,2.353884855,-0.00847849941674638,0.00847849941674638,0.5735162937918511,FALSE,FALSE
1994-06-04,Ross,2.407077115,0.00130491870762661,0.00130491870762661,0.5735162937918511,FALSE,FALSE
1994-06-05,Ross,2.471818824,0.02235213235852784,0.02235213235852784,0.5735162937918511,FALSE,FALSE
1994-06-06,Ross,2.51760067,0.02416927557105497,0.02416927557105497,0.5735162937918511,FALSE,FALSE
1994-06-07,Ross,2.550599768,0.01294890938030279,0.01294890938030279,0.5735162937918511,FALSE,FALSE
1994-06-08,Ross,2.542716072,-0.03939356617862444,0.03939356617862444,0.5735162937918511,FALSE,FALSE
1994-06-09,Ross,2.561912829,-0.06487945807063022,0.06487945807063022,0.5735162937918511,FALSE,FALSE
1994-06-10,Ross,2.571789294,-0.09989406526061996,0.09989406526061996,0.5735162937918511,FALSE,FALSE
1994-06-11,Ross,2.630494885,-0.08627252371349048,0.08627252371349048,0.5735162937918511,FALSE,FALSE
1994-06-12,Ross,2.709397417,-0.0526315723941444,0.0526315723941444,0.5735162937918511,FALSE,FALSE
1994-06-13,Ross,2.812834942,0.00538228673251683,0.00538228673251683,0.5735162937918511,FALSE,FALSE
1994-06-14,Ross,2.822804396,-0.03021794074459016,0.03021794074459016,0.5735162937918511,FALSE,FALSE
1994-06-15,Ross,2.868736383,-0.02995809239813729,0.02995809239813729,0.5735162937918511,FALSE,FALSE
1994-06-16,Ross,2.95303846,0.00865065791649089,0.00865065791649089,0.5735162937918511,FALSE,FALSE
1994-06-17,Ross,3.033096023,0.0430777075496831,0.0430777075496831,0.5735162937918511,FALSE,FALSE
1994-06-18,Ross,3.130080173,0.0945781588518142,0.0945781588518142,0.5735162937918511,FALSE,FALSE
1994-06-19,Ross,3.196830721,0.116075824173278,0.116075824173278,0.5735162937918511,FALSE,FALSE
1994-06-20,Ross,3.295137129,0.16944416686445374,0.16944416686445374,0.5735162937918511,FALSE,FALSE
1994-06-21,Ross,3.392706628,0.2224744192757262,0.2224744192757262,0.5735162937918511,FALSE,FALSE
1994-06-22,Ross,3.478491151,0.26420251575747855,0.26420251575747855,0.5735162937918511,FALSE,FALSE
1994-06-23,Ross,3.537808125,0.2800298846600966,0.2800298846600966,0.5735162937918511,FALSE,FALSE
1994-06-24,Ross,3.602282473,0.3016654503339624,0.3016654503339624,0.5735162937918511,FALSE,FALSE
1994-06-25,Ross,3.520178834,0.17745785312946305,0.17745785312946305,0.5735162937918511,FALSE,FALSE
1994-06-26,Ross,3.532646858,0.14864074439698083,0.14864074439698083,0.5735162937918511,FALSE,FALSE
1994-06-27,Ross,3.543135324,0.11873184602514142,0.11873184602514142,0.5735162937918511,FALSE,FALSE
1994-06-28,Ross,3.540269743,0.07631182255647051,0.07631182255647051,0.5735162937918511,FALSE,FALSE
1994-06-29,Ross,3.58494028,0.0821739977084035,0.0821739977084035,0.5735162937918511,FALSE,FALSE
1994-06-30,Ross,3.656596899,0.1156712268664295,0.1156712268664295,0.5735162937918511,FALSE,FALSE
1994-07-01,Ross,3.703654374,0.12512117541604215,0.12512117541604215,0.5735162937918511,FALSE,FALSE
1994-07-02,Ross,3.729573573,0.11388760274273356,0.11388760274273356,0.5735162937918511,FALSE,FALSE
1994-07-03,Ross,3.757382857,0.10490176123198935,0.10490176123198935,0.5735162937918511,FALSE,FALSE
1994-07-04,Ross,3.859478174,0.17046249026930527,0.17046249026930527,0.5735162937918511,FALSE,FALSE
1994-07-05,Ross,3.941303668,0.21591682524017175,0.21591682524017175,0.5735162937918511,FALSE,FALSE
1994-07-06,Ross,3.973552068,0.21186038653007877,0.21186038653007877,0.5735162937918511,FALSE,FALSE
1994-07-07,Ross,4.023211105,0.22518379652452225,0.22518379652452225,0.5735162937918511,FALSE,FALSE
1994-07-08,Ross,4.120576401,0.28608556860898426,0.28608556860898426,0.5735162937918511,FALSE,FALSE
1994-07-09,Ross,4.175631696,0.3044526416383939,0.3044526416383939,0.5735162937918511,FALSE,FALSE
1994-07-10,Ross,4.15358841,0.2454594358480291,0.2454594358480291,0.5735162937918511,FALSE,FALSE
1994-07-11,Ross,4.135171655,0.18992493726599147,0.18992493726599147,0.5735162937918511,FALSE,FALSE
1994-07-12,Ross,4.132327318,0.14990622627471906,0.14990622627471906,0.5735162937918511,FALSE,FALSE
1994-07-13,Ross,4.197275885,0.1777349822566503,0.1777349822566503,0.5735162937918511,FALSE,FALSE
1994-07-14,Ross,4.237843016,0.1813480585942262,0.1813480585942262,0.5735162937918511,FALSE,FALSE
1994-07-15,Ross,4.250921976,0.15774991366987656,0.15774991366987656,0.5735162937918511,FALSE,FALSE
1994-07-16,Ross,4.287186947,0.15772592286604858,0.15772592286604858,0.5735162937918511,FALSE,FALSE
1994-07-17,Ross,4.33009631,0.16484566056516758,0.16484566056516758,0.5735162937918511,FALSE,FALSE
1994-07-18,Ross,4.342049847,0.14162010214968035,0.14162010214968035,0.5735162937918511,FALSE,FALSE
1994-07-19,Ross,4.397197126,0.1623100090020193,0.1623100090020193,0.5735162937918511,FALSE,FALSE
1994-07-20,Ross,4.440283714,0.17177214150462294,0.17177214150462294,0.5735162937918511,FALSE,FALSE
1994-07-21,Ross,4.541773897,0.24058197903993064,0.24058197903993064,0.5735162937918511,FALSE,FALSE
1994-07-22,Ross,4.587756192,0.2549303081782819,0.2549303081782819,0.5735162937918511,FALSE,FALSE
1994-07-23,Ross,4.661115069,0.2976806993792138,0.2976806993792138,0.5735162937918511,FALSE,FALSE
1994-07-24,Ross,4.655683488,0.26255543024931693,0.26255543024931693,0.5735162937918511,FALSE,FALSE
1994-07-25,Ross,4.646516838,0.22449717077073128,0.22449717077073128,0.5735162937918511,FALSE,FALSE
1994-07-26,Ross,4.585150384,0.13492846692558658,0.13492846692558658,0.5735162937918511,FALSE,FALSE
1994-07-27,Ross,4.557319149,0.07947162269601016,0.07947162269601016,0.5735162937918511,FALSE,FALSE
1994-07-28,Ross,4.585859457,0.08085024306414024,0.08085024306414024,0.5735162937918511,FALSE,FALSE
1994-07-29,Ross,4.607977449,0.07615775001211222,0.07615775001211222,0.5735162937918511,FALSE,FALSE
1994-07-30,Ross,4.685897817,0.12750611652205368,0.12750611652205368,0.5735162937918511,FALSE,FALSE
1994-07-31,Ross,4.769555516,0.1847175785760999,0.1847175785760999,0.5735162937918511,FALSE,FALSE
1994-08-01,Ross,4.74727102,0.1359998911563789,0.1359998911563789,0.5735162937918511,FALSE,FALSE
1994-08-02,Ross,4.719910815,0.082106821245028,0.082106821245028,0.5735162937918511,FALSE,FALSE
1994-08-03,Ross,4.762615352,0.0980661024220506,0.0980661024220506,0.5735162937918511,FALSE,FALSE
1994-08-04,Ross,4.808277432,0.1167009544082136,0.1167009544082136,0.5735162937918511,FALSE,FALSE
1994-08-05,Ross,4.908726593,0.1899269426466592,0.1899269426466592,0.5735162937918511,FALSE,FALSE
1994-08-06,Ross,4.991963948,0.245866284057108,0.245866284057108,0.5735162937918511,FALSE,FALSE
1994-08-07,Ross,4.996880001,0.22353058655928135,0.22353058655928135,0.5735162937918511,FALSE,FALSE
1994-08-08,Ross,5.031484192,0.23105039407291272,0.23105039407291272,0.5735162937918511,FALSE,FALSE
1994-08-09,Ross,5.056621144,0.22939143351772717,0.22939143351772717,0.5735162937918511,FALSE,FALSE
1994-08-10,Ross,5.061701892,0.20808584381344275,0.20808584381344275,0.5735162937918511,FALSE,FALSE
1994-08-11,Ross,5.052797866,0.17332615887979408,0.17332615887979408,0.5735162937918511,FALSE,FALSE
1994-08-12,Ross,5.036225232,0.1315496486365051,0.1315496486365051,0.5735162937918511,FALSE,FALSE
1994-08-13,Ross,5.058176731,0.12907015800330512,0.12907015800330512,0.5735162937918511,FALSE,FALSE
1994-08-14,Ross,5.067536276,0.11489270389991192,0.11489270389991192,0.5735162937918511,FALSE,FALSE
1994-08-15,Ross,5.14645154,0.17128606324605933,0.17128606324605933,0.5735162937918511,FALSE,FALSE
1994-08-16,Ross,5.200262118,0.2037069543262673,0.2037069543262673,0.5735162937918511,FALSE,FALSE
1994-08-17,Ross,5.210837067,0.19402324359771317,0.19402324359771317,0.5735162937918511,FALSE,FALSE
1994-08-18,Ross,5.215072922,0.17899485601114762,0.17899485601114762,0.5735162937918511,FALSE,FALSE
1994-08-19,Ross,5.184553413,0.13006149017831525,0.13006149017831525,0.5735162937918511,FALSE,FALSE
1994-08-20,Ross,5.190191649,0.11799222371096096,0.11799222371096096,0.5735162937918511,FALSE,FALSE
1994-08-21,Ross,5.207932854,0.11858824922083412,0.11858824922083412,0.5735162937918511,FALSE,FALSE
1994-08-22,Ross,5.239671948,0.13360045531967568,0.13360045531967568,0.5735162937918511,FALSE,FALSE
1994-08-23,Ross,5.290493029,0.16796890861923597,0.16796890861923597,0.5735162937918511,FALSE,FALSE
1994-08-24,Ross,5.308240507,0.16939398773126335,0.16939398773126335,0.5735162937918511,FALSE,FALSE
1994-08-25,Ross,5.321596189,0.16641346826749714,0.16641346826749714,0.5735162937918511,FALSE,FALSE
1994-08-26,Ross,5.321275166,0.1495984098396912,0.1495984098396912,0.5735162937918511,FALSE,FALSE
1994-08-27,Ross,5.391719061,0.20324640405958583,0.20324640405958583,0.5735162937918511,FALSE,FALSE
1994-08-28,Ross,5.484183747,0.27846929253893116,0.27846929253893116,0.5735162937918511,FALSE,FALSE
1994-08-29,Ross,5.596086187,0.3725672856852525,0.3725672856852525,0.5735162937918511,FALSE,FALSE
1994-08-30,Ross,5.690457195,0.4486202371340777,0.4486202371340777,0.5735162937918511,FALSE,FALSE
1994-08-31,Ross,5.705378182,0.44482089094252686,0.44482089094252686,0.5735162937918511,FALSE,FALSE
1994-09-01,Ross,5.611547494,0.33197903790166094,0.33197903790166094,0.5735162937918511,FALSE,FALSE
1994-09-02,Ross,5.638407504,0.339648495802539,0.339648495802539,0.5735162937918511,FALSE,FALSE
1994-09-03,Ross,5.672536319,0.35451881643622407,0.35451881643622407,0.5735162937918511,FALSE,FALSE
1994-09-04,Ross,5.698602855,0.3613703605937797,0.3613703605937797,0.5735162937918511,FALSE,FALSE
1994-09-05,Ross,5.70373858,0.34744604106626653,0.34744604106626653,0.5735162937918511,FALSE,FALSE
1994-09-06,Ross,5.708569834,0.3334836426447474,0.3334836426447474,0.5735162937918511,FALSE,FALSE
1994-09-07,Ross,5.666306503,0.27280449612028335,0.27280449612028335,0.5735162937918511,FALSE,FALSE
1994-09-08,Ross,5.639299703,0.22787116228393955,0.22787116228393955,0.5735162937918511,FALSE,FALSE
1994-09-09,Ross,5.641521771,0.2127674229267731,0.2127674229267731,0.5735162937918511,FALSE,FALSE
1994-09-10,Ross,5.737602486,0.2922340392386804,0.2922340392386804,0.5735162937918511,FALSE,FALSE
1994-09-11,Ross,5.798533102,0.3373293319212811,0.3373293319212811,0.5735162937918511,FALSE,FALSE
1994-09-12,Ross,5.829678398,0.35340567685446445,0.35340567685446445,0.5735162937918511,FALSE,FALSE
1994-09-13,Ross,5.840197596,0.3496015254386995,0.3496015254386995,0.5735162937918511,FALSE,FALSE
1994-09-14,Ross,5.845761709,0.34156712007446455,0.34156712007446455,0.5735162937918511,FALSE,FALSE
1994-09-15,Ross,5.842780751,0.3256917041622298,0.3256917041622298,0.5735162937918511,FALSE,FALSE
1994-09-16,Ross,5.809074574,0.27977435910247017,0.27977435910247017,0.5735162937918511,FALSE,FALSE
1994-09-17,Ross,5.795156002,0.2543071382956592,0.2543071382956592,0.5735162937918511,FALSE,FALSE
1994-09-18,Ross,5.789440274,0.23768451014226952,0.23768451014226952,0.5735162937918511,FALSE,FALSE
1994-09-19,Ross,5.773462001,0.21142031504277536,0.21142031504277536,0.5735162937918511,FALSE,FALSE
1994-09-20,Ross,5.730452751,0.15872535039764735,0.15872535039764735,0.5735162937918511,FALSE,FALSE
1994-09-21,Ross,5.731690299,0.15085662060736382,0.15085662060736382,0.5735162937918511,FALSE,FALSE
1994-09-22,Ross,5.764140164,0.174758874072392,0.174758874072392,0.5735162937918511,FALSE,FALSE
1994-09-23,Ross,5.775964112,0.17857491593201846,0.17857491593201846,0.5735162937918511,FALSE,FALSE
1994-09-24,Ross,5.768362796,0.16350581361539174,0.16350581361539174,0.5735162937918511,FALSE,FALSE
1994-09-25,Ross,5.763495736,0.1517232549003502,0.1517232549003502,0.5735162937918511,FALSE,FALSE
1994-09-26,Ross,5.775649033,0.15752567347717417,0.15752567347717417,0.5735162937918511,FALSE,FALSE
1994-09-27,Ross,5.817786665,0.19388938003614345,0.19388938003614345,0.5735162937918511,FALSE,FALSE
1994-09-28,Ross,5.829313859,0.20023193426753935,0.20023193426753935,0.5735162937918511,FALSE,FALSE
1994-09-29,Ross,5.8517600849999996,0.2180951388616448,0.2180951388616448,0.5735162937918511,FALSE,FALSE
1994-09-30,Ross,5.885456677,0.24782266050874124,0.24782266050874124,0.5735162937918511,FALSE,FALSE
1994-10-01,Ross,5.850154037,0.20917723389911025,0.20917723389911025,0.5735162937918511,FALSE,FALSE
1994-10-02,Ross,5.843551244,0.19987027072303132,0.19987027072303132,0.5735162937918511,FALSE,FALSE
1994-10-03,Ross,5.834817679,0.1890834846707881,0.1890834846707881,0.5735162937918511,FALSE,FALSE
1994-10-04,Ross,5.802511826,0.15538769243265982,0.15538769243265982,0.5735162937918511,FALSE,FALSE
1994-10-05,Ross,5.758646529,0.11080807781782552,0.11080807781782552,0.5735162937918511,FALSE,FALSE
1994-10-06,Ross,5.737537052,0.08968085586183339,0.08968085586183339,0.5735162937918511,FALSE,FALSE
1994-10-07,Ross,5.714459449,0.06732836194711567,0.06732836194711567,0.5735162937918511,FALSE,FALSE
1994-10-08,Ross,5.698009443,0.05239723459310763,0.05239723459310763,0.5735162937918511,FALSE,FALSE
1994-10-09,Ross,5.676276176,0.03302753131925229,0.03302753131925229,0.5735162937918511,FALSE,FALSE
1994-10-10,Ross,5.674558793,0.03456931264498753,0.03456931264498753,0.5735162937918511,FALSE,FALSE
1994-10-11,Ross,5.688229211,0.05244541108975209,0.05244541108975209,0.5735162937918511,FALSE,FALSE
1994-10-12,Ross,5.668019533,0.03743884517298745,0.03743884517298745,0.5735162937918511,FALSE,FALSE
1994-10-13,Ross,5.636223164,0.01189393541412986,0.01189393541412986,0.5735162937918511,FALSE,FALSE
1994-10-14,Ross,5.616448533,-5.299736673771704e-4,5.299736673771704e-4,0.5735162937918511,FALSE,FALSE
1994-10-15,Ross,5.631106993,0.02262938644790413,0.02262938644790413,0.5735162937918511,FALSE,FALSE
1994-10-16,Ross,5.618310529,0.01953491627940895,0.01953491627940895,0.5735162937918511,FALSE,FALSE
1994-10-17,Ross,5.627315323,0.03949371334658114,0.03949371334658114,0.5735162937918511,FALSE,FALSE
1994-10-18,Ross,5.611847755,0.03627923794129728,0.03627923794129728,0.5735162937918511,FALSE,FALSE
1994-10-19,Ross,5.611961626,0.04991091225835387,0.04991091225835387,0.5735162937918511,FALSE,FALSE
1994-10-20,Ross,5.578300553,0.03092009835030129,0.03092009835030129,0.5735162937918511,FALSE,FALSE
1994-10-21,Ross,5.530421305,-0.00125180791237156,0.00125180791237156,0.5735162937918511,FALSE,FALSE
1994-10-22,Ross,5.545902536,0.03085847434082556,0.03085847434082556,0.5735162937918511,FALSE,FALSE
1994-10-23,Ross,5.556674163,0.05906548898038188,0.05906548898038188,0.5735162937918511,FALSE,FALSE
1994-10-24,Ross,5.51338274,0.03390041687678735,0.03390041687678735,0.5735162937918511,FALSE,FALSE
1994-10-25,Ross,5.4690334,0.00825301790053334,0.00825301790053334,0.5735162937918511,FALSE,FALSE
1994-10-26,Ross,5.452054522,0.01043629792210865,0.01043629792210865,0.5735162937918511,FALSE,FALSE
1994-10-27,Ross,5.41226793,-0.00984329218799739,0.00984329218799739,0.5735162937918511,FALSE,FALSE
1994-10-28,Ross,5.375460681,-0.02691406855929212,0.02691406855929212,0.5735162937918511,FALSE,FALSE
1994-10-29,Ross,5.344943945,-0.03758023432128699,0.03758023432128699,0.5735162937918511,FALSE,FALSE
1994-10-30,Ross,5.316603273,-0.04607161160349093,0.04607161160349093,0.5735162937918511,FALSE,FALSE
1994-10-31,Ross,5.301611469,-0.04129069284975273,0.04129069284975273,0.5735162937918511,FALSE,FALSE
1994-11-01,Ross,5.261067089,-0.06201695235475935,0.06201695235475935,0.5735162937918511,FALSE,FALSE
1994-11-02,Ross,5.272621558,-0.03041640291771585,0.03041640291771585,0.5735162937918511,FALSE,FALSE
1994-11-03,Ross,5.297691847,0.01511050495102672,0.01511050495102672,0.5735162937918511,FALSE,FALSE
1994-11-04,Ross,5.314193287,0.05266168074111377,0.05266168074111377,0.5735162937918511,FALSE,FALSE
1994-11-05,Ross,5.281987671,0.04228149594219754,0.04228149594219754,0.5735162937918511,FALSE,FALSE
1994-11-06,Ross,5.229439028,0.01251655804392637,0.01251655804392637,0.5735162937918511,FALSE,FALSE
1994-11-07,Ross,5.266567798,0.07356988553594856,0.07356988553594856,0.5735162937918511,FALSE,FALSE
1994-11-08,Ross,5.239366195,0.0716162709079109,0.0716162709079109,0.5735162937918511,FALSE,FALSE
1994-11-09,Ross,5.208593293,0.0675973666494647,0.0675973666494647,0.5735162937918511,FALSE,FALSE
1994-11-10,Ross,5.204034075,0.09148073425025682,0.09148073425025682,0.5735162937918511,FALSE,FALSE
1994-11-11,Ross,5.213992671,0.1317530821999373,0.1317530821999373,0.5735162937918511,FALSE,FALSE
1994-11-12,Ross,5.21147782,0.16160424706978826,0.16160424706978826,0.5735162937918511,FALSE,FALSE
1994-11-13,Ross,5.209685454,0.19432933550800513,0.19432933550800513,0.5735162937918511,FALSE,FALSE
1994-11-14,Ross,5.1615329,0.18282170191514613,0.18282170191514613,0.5735162937918511,FALSE,FALSE
1994-11-15,Ross,5.10347333,0.16350038807269485,0.16350038807269485,0.5735162937918511,FALSE,FALSE
1994-11-16,Ross,5.022409358,0.12323387776213755,0.12323387776213755,0.5735162937918511,FALSE,FALSE
1994-11-17,Ross,4.980167024,0.1238140807649568,0.1238140807649568,0.5735162937918511,FALSE,FALSE
1994-11-18,Ross,4.955739706,0.14420024486263738,0.14420024486263738,0.5735162937918511,FALSE,FALSE
1994-11-19,Ross,4.91651005,0.15174088583666645,0.15174088583666645,0.5735162937918511,FALSE,FALSE
1994-11-20,Ross,4.880164951,0.16408876846852485,0.16408876846852485,0.5735162937918511,FALSE,FALSE
1994-11-21,Ross,4.756560888,0.09106624153970344,0.09106624153970344,0.5735162937918511,FALSE,FALSE
1994-11-22,Ross,4.709598279,0.09653959283167968,0.09653959283167968,0.5735162937918511,FALSE,FALSE
1994-11-23,Ross,4.73785041,0.17904797812594264,0.17904797812594264,0.5735162937918511,FALSE,FALSE
1994-11-24,Ross,4.7035205940000004,0.20076058020397625,0.20076058020397625,0.5735162937918511,FALSE,FALSE
1994-11-25,Ross,4.653835278,0.2088947767456899,0.2088947767456899,0.5735162937918511,FALSE,FALSE
1994-11-26,Ross,4.572251573,0.187110570311102,0.187110570311102,0.5735162937918511,FALSE,FALSE
1994-11-27,Ross,4.451806327,0.12875427988587607,0.12875427988587607,0.5735162937918511,FALSE,FALSE
1994-11-28,Ross,4.285197177,0.02683382073292595,0.02683382073292595,0.5735162937918511,FALSE,FALSE
1994-11-29,Ross,4.107780239,-0.08298441288482827,0.08298441288482827,0.5735162937918511,FALSE,FALSE
1994-11-30,Ross,4.023979992,-0.09596566370447146,0.09596566370447146,0.5735162937918511,FALSE,FALSE
1994-12-01,Ross,3.908568238,-0.13702785146309093,0.13702785146309093,0.5735162937918511,FALSE,FALSE
1994-12-02,Ross,3.804280695,-0.16312497989776675,0.16312497989776675,0.5735162937918511,FALSE,FALSE
1994-12-03,Ross,3.626008575,-0.2590555587455854,0.2590555587455854,0.5735162937918511,FALSE,FALSE
1994-12-04,Ross,3.489448669,-0.30881251874363036,0.30881251874363036,0.5735162937918511,FALSE,FALSE
1994-12-05,Ross,3.333333084,-0.3733534746289848,0.3733534746289848,0.5735162937918511,FALSE,FALSE
1994-12-06,Ross,3.224823607,-0.3852063611387351,0.3852063611387351,0.5735162937918511,FALSE,FALSE
1994-12-07,Ross,3.08669547,-0.42128657033323247,0.42128657033323247,0.5735162937918511,FALSE,FALSE
1994-12-08,Ross,2.978015562,-0.4224979472901027,0.4224979472901027,0.5735162937918511,FALSE,FALSE
1994-12-09,Ross,2.888037474,-0.4002331575982101,0.4002331575982101,0.5735162937918511,FALSE,FALSE
1994-12-10,Ross,2.786551197,-0.3854482565814608,0.3854482565814608,0.5735162937918511,FALSE,FALSE
1994-12-11,Ross,2.679436301,-0.3730097205637737,0.3730097205637737,0.5735162937918511,FALSE,FALSE
1994-12-12,Ross,2.639063029,-0.2912933528690522,0.2912933528690522,0.5735162937918511,FALSE,FALSE
1994-12-13,Ross,2.484089028,-0.32238755282121057,0.32238755282121057,0.5735162937918511,FALSE,FALSE
1994-12-14,Ross,2.432469803,-0.24908286174415917,0.24908286174415917,0.5735162937918511,FALSE,FALSE
1994-12-15,Ross,2.373405854,-0.18292482596180548,0.18292482596180548,0.5735162937918511,FALSE,FALSE
1994-12-16,Ross,2.235106314,-0.1964503587980659,0.1964503587980659,0.5735162937918511,FALSE,FALSE
1994-12-17,Ross,2.139224688,-0.1687520015768449,0.1687520015768449,0.5735162937918511,FALSE,FALSE
1994-12-18,Ross,2.050325274,-0.13601150262205677,0.13601150262205677,0.5735162937918511,FALSE,FALSE
1994-12-19,Ross,1.994231705,-0.07315127525761134,0.07315127525761134,0.5735162937918511,FALSE,FALSE
1994-12-20,Ross,1.889859757,-0.06198241564335616,0.06198241564335616,0.5735162937918511,FALSE,FALSE
1994-12-21,Ross,1.812169662,-0.02796838344632535,0.02796838344632535,0.5735162937918511,FALSE,FALSE
1994-12-22,Ross,1.71638394,-0.0160683452980459,0.0160683452980459,0.5735162937918511,FALSE,FALSE
1994-12-23,Ross,1.576218922,-0.05274091289446403,0.05274091289446403,0.5735162937918511,FALSE,FALSE
1994-12-24,Ross,1.463017239,-0.06681839793152511,0.06681839793152511,0.5735162937918511,FALSE,FALSE
1994-12-25,Ross,1.406506178,-0.02874845610517429,0.02874845610517429,0.5735162937918511,FALSE,FALSE
1994-12-26,Ross,1.295513771,-0.04987799811136018,0.04987799811136018,0.5735162937918511,FALSE,FALSE
1994-12-27,Ross,1.164119528,-0.09630245664602732,0.09630245664602732,0.5735162937918511,FALSE,FALSE
1994-12-28,Ross,1.090024033,-0.09049619040511758,0.09049619040511758,0.5735162937918511,FALSE,FALSE
1994-12-29,Ross,1.05248795,-0.05337347808458403,0.05337347808458403,0.5735162937918511,FALSE,FALSE
1994-12-30,Ross,1.013600564,-0.02301997738036831,0.02301997738036831,0.5735162937918511,FALSE,FALSE
1994-12-31,Ross,0.970778422,-0.00219408398841658,0.00219408398841658,0.5735162937918511,FALSE,FALSE
1995-01-01,Ross,0.897194676,-0.01789758860467505,0.01789758860467505,0.5735162937918511,FALSE,FALSE
1995-01-02,Ross,0.85240697,-0.01064314618517214,0.01064314618517214,0.5735162937918511,FALSE,FALSE
1995-01-03,Ross,0.8199328,0.00343501527372902,0.00343501527372902,0.5735162937918511,FALSE,FALSE
1995-01-04,Ross,0.804781877,0.02979952651558071,0.02979952651558071,0.5735162937918511,FALSE,FALSE
1995-01-05,Ross,0.772452679,0.03440178528394522,0.03440178528394522,0.5735162937918511,FALSE,FALSE
1995-01-06,Ross,0.737189912,0.03193941732237093,0.03193941732237093,0.5735162937918511,FALSE,FALSE
1995-01-07,Ross,0.687528737,0.01140050337441434,0.01140050337441434,0.5735162937918511,FALSE,FALSE
1995-01-08,Ross,0.626195595,-0.02403559581636771,0.02403559581636771,0.5735162937918511,FALSE,FALSE
1995-01-09,Ross,0.574080864,-0.05302558250642097,0.05302558250642097,0.5735162937918511,FALSE,FALSE
1995-01-10,Ross,0.509406359,-0.09689472195219218,0.09689472195219218,0.5735162937918511,FALSE,FALSE
1995-01-11,Ross,0.473228737,-0.11413343741012516,0.11413343741012516,0.5735162937918511,FALSE,FALSE
1995-01-12,Ross,0.466166258,-0.10367054913666428,0.10367054913666428,0.5735162937918511,FALSE,FALSE
1995-01-13,Ross,0.440572114,-0.1126999453882555,0.1126999453882555,0.5735162937918511,FALSE,FALSE
1995-01-14,Ross,0.429039505,-0.10818127327497797,0.10818127327497797,0.5735162937918511,FALSE,FALSE
1995-01-15,Ross,0.431603657,-0.08983909651513994,0.08983909651513994,0.5735162937918511,FALSE,FALSE
1995-01-16,Ross,0.422857767,-0.08309926260583367,0.08309926260583367,0.5735162937918511,FALSE,FALSE
1995-01-17,Ross,0.412538577,-0.0782604701968746,0.0782604701968746,0.5735162937918511,FALSE,FALSE
1995-01-18,Ross,0.39782355,-0.07818069693807778,0.07818069693807778,0.5735162937918511,FALSE,FALSE
1995-01-19,Ross,0.38437136,-0.07723670947925942,0.07723670947925942,0.5735162937918511,FALSE,FALSE
1995-01-20,Ross,0.369204635,-0.07844132047023411,0.07844132047023411,0.5735162937918511,FALSE,FALSE
1995-01-21,Ross,0.341253707,-0.09289963856081768,0.09289963856081768,0.5735162937918511,FALSE,FALSE
1995-01-22,Ross,0.329041454,-0.0921242264008253,0.0921242264008253,0.5735162937918511,FALSE,FALSE
1995-01-23,Ross,0.333283907,-0.07543449364007382,0.07543449364007382,0.5735162937918511,FALSE,FALSE
1995-01-24,Ross,0.331358236,-0.06548871092837799,0.06548871092837799,0.5735162937918511,FALSE,FALSE
1995-01-25,Ross,0.325158975,-0.06042778491555267,0.06042778491555267,0.5735162937918511,FALSE,FALSE
1995-01-26,Ross,0.326405899,-0.04856738125141346,0.04856738125141346,0.5735162937918511,FALSE,FALSE
1995-01-27,Ross,0.331332835,-0.03370192861440796,0.03370192861440796,0.5735162937918511,FALSE,FALSE
1995-01-28,Ross,0.331250282,-0.02450054531451656,0.02450054531451656,0.5735162937918511,FALSE,FALSE
1995-01-29,Ross,0.318864771,-0.02821614943045369,0.02821614943045369,0.5735162937918511,FALSE,FALSE
1995-01-30,Ross,0.298066261,-0.04091816607266346,0.04091816607266346,0.5735162937918511,FALSE,FALSE
1995-01-31,Ross,0.287668189,-0.04375254235158676,0.04375254235158676,0.5735162937918511,FALSE,FALSE
1995-02-01,Ross,0.287070994,-0.0372782233776659,0.0372782233776659,0.5735162937918511,FALSE,FALSE
1995-02-02,Ross,0.291335377,-0.02639389226134414,0.02639389226134414,0.5735162937918511,FALSE,FALSE
1995-02-03,Ross,0.287794186,-0.02372608511306201,0.02372608511306201,0.5735162937918511,FALSE,FALSE
1995-02-04,Ross,0.276856708,-0.02882489904326174,0.02882489904326174,0.5735162937918511,FALSE,FALSE
1995-02-05,Ross,0.273184941,-0.02698772016238587,0.02698772016238587,0.5735162937918511,FALSE,FALSE
1995-02-06,Ross,0.274397966,-0.0205548515808765,0.0205548515808765,0.5735162937918511,FALSE,FALSE
1995-02-07,Ross,0.2811022,-0.00887926040917447,0.00887926040917447,0.5735162937918511,FALSE,FALSE
1995-02-08,Ross,0.290213489,0.00499536506893844,0.00499536506893844,0.5735162937918511,FALSE,FALSE
1995-02-09,Ross,0.292034419,0.0113922501865788,0.0113922501865788,0.5735162937918511,FALSE,FALSE
1995-02-10,Ross,0.28691546,0.01064307436262429,0.01064307436262429,0.5735162937918511,FALSE,FALSE
1995-02-11,Ross,0.283197753,0.01106552607515143,0.01106552607515143,0.5735162937918511,FALSE,FALSE
1995-02-12,Ross,0.266100048,-0.00214509719776256,0.00214509719776256,0.5735162937918511,FALSE,FALSE
1995-02-13,Ross,0.253299951,-0.01133464197804318,0.01133464197804318,0.5735162937918511,FALSE,FALSE
1995-02-14,Ross,0.25147609,-0.00984793278761142,0.00984793278761142,0.5735162937918511,FALSE,FALSE
1995-02-15,Ross,0.24597634,-0.01236054714839143,0.01236054714839143,0.5735162937918511,FALSE,FALSE
1995-02-16,Ross,0.247888018,-0.00780862058230968,0.00780862058230968,0.5735162937918511,FALSE,FALSE
1995-02-17,Ross,0.2474683,-0.00595842961128592,0.00595842961128592,0.5735162937918511,FALSE,FALSE
1995-02-18,Ross,0.256176346,0.00462573324275361,0.00462573324275361,0.5735162937918511,FALSE,FALSE
1995-02-19,Ross,0.272166895,0.02207515445788621,0.02207515445788621,0.5735162937918511,FALSE,FALSE
1995-02-20,Ross,0.273924553,0.02485098751218806,0.02485098751218806,0.5735162937918511,FALSE,FALSE
1995-02-21,Ross,0.258512118,0.00999430671855769,0.00999430671855769,0.5735162937918511,FALSE,FALSE
1995-02-22,Ross,0.226542092,-0.02188314985089415,0.02188314985089415,0.5735162937918511,FALSE,FALSE
1995-02-23,Ross,0.230233072,-0.01854960577757347,0.01854960577757347,0.5735162937918511,FALSE,FALSE
1995-02-24,Ross,0.228320093,-0.02125659458941009,0.02125659458941009,0.5735162937918511,FALSE,FALSE
1995-02-25,Ross,0.234321683,-0.01647215681433073,0.01647215681433073,0.5735162937918511,FALSE,FALSE
1995-02-26,Ross,0.246557934,-0.00586276898026413,0.00586276898026413,0.5735162937918511,FALSE,FALSE
1995-02-27,Ross,0.262484345,0.00804049938486367,0.00804049938486367,0.5735162937918511,FALSE,FALSE
1995-02-28,Ross,0.282156176,0.02530633975312435,0.02530633975312435,0.5735162937918511,FALSE,FALSE
1995-03-01,Ross,0.286512945,0.02688770159658976,0.02688770159658976,0.5735162937918511,FALSE,FALSE
1995-03-02,Ross,0.291531417,0.02877478138733308,0.02877478138733308,0.5735162937918511,FALSE,FALSE
1995-03-03,Ross,0.29772146,0.03149087859742527,0.03149087859742527,0.5735162937918511,FALSE,FALSE
1995-03-04,Ross,0.311216834,0.04118318469894011,0.04118318469894011,0.5735162937918511,FALSE,FALSE
1995-03-05,Ross,0.317336045,0.04318363596163371,0.04318363596163371,0.5735162937918511,FALSE,FALSE
1995-03-06,Ross,0.322817169,0.04423926618948332,0.04423926618948332,0.5735162937918511,FALSE,FALSE
1995-03-07,Ross,0.338842306,0.05552657253677473,0.05552657253677473,0.5735162937918511,FALSE,FALSE
1995-03-08,Ross,0.343345899,0.05497143700919771,0.05497143700919771,0.5735162937918511,FALSE,FALSE
1995-03-09,Ross,0.338584219,0.04482156961244643,0.04482156961244643,0.5735162937918511,FALSE,FALSE
1995-03-10,Ross,0.335691855,0.03620299835221302,0.03620299835221302,0.5735162937918511,FALSE,FALSE
1995-03-11,Ross,0.347938982,0.04237733723419001,0.04237733723419001,0.5735162937918511,FALSE,FALSE
1995-03-12,Ross,0.363663866,0.05167429126406903,0.05167429126406903,0.5735162937918511,FALSE,FALSE
1995-03-13,Ross,0.369704528,0.05092332044754372,0.05092332044754372,0.5735162937918511,FALSE,FALSE
1995-03-14,Ross,0.378893093,0.05294798879030876,0.05294798879030876,0.5735162937918511,FALSE,FALSE
1995-03-15,Ross,0.387048905,0.0535590792980517,0.0535590792980517,0.5735162937918511,FALSE,FALSE
1995-03-16,Ross,0.392015228,0.05059129497646963,0.05059129497646963,0.5735162937918511,FALSE,FALSE
1995-03-17,Ross,0.403045611,0.05328962383125163,0.05328962383125163,0.5735162937918511,FALSE,FALSE
1995-03-18,Ross,0.434278286,0.07578389734278174,0.07578389734278174,0.5735162937918511,FALSE,FALSE
1995-03-19,Ross,0.44617772,0.07853418982335997,0.07853418982335997,0.5735162937918511,FALSE,FALSE
1995-03-20,Ross,0.448788673,0.07158506081105354,0.07158506081105354,0.5735162937918511,FALSE,FALSE
1995-03-21,Ross,0.457991227,0.07081658922077422,0.07081658922077422,0.5735162937918511,FALSE,FALSE
1995-03-22,Ross,0.46884542,0.07128880996743642,0.07128880996743642,0.5735162937918511,FALSE,FALSE
1995-03-23,Ross,0.471177942,0.06282840996595201,0.06282840996595201,0.5735162937918511,FALSE,FALSE
1995-03-24,Ross,0.46465629,0.04510288313123184,0.04510288313123184,0.5735162937918511,FALSE,FALSE
1995-03-25,Ross,0.487056142,0.05588790437819313,0.05588790437819313,0.5735162937918511,FALSE,FALSE
1995-03-26,Ross,0.51985327,0.07665924262174434,0.07665924262174434,0.5735162937918511,FALSE,FALSE
1995-03-27,Ross,0.557728387,0.10209760777680175,0.10209760777680175,0.5735162937918511,FALSE,FALSE
1995-03-28,Ross,0.569357117,0.10087862075827386,0.10087862075827386,0.5735162937918511,FALSE,FALSE
1995-03-29,Ross,0.582821668,0.10108448648107754,0.10108448648107754,0.5735162937918511,FALSE,FALSE
1995-03-30,Ross,0.605615447,0.11020860886012351,0.11020860886012351,0.5735162937918511,FALSE,FALSE
1995-03-31,Ross,0.611920648,0.10243189480834092,0.10243189480834092,0.5735162937918511,FALSE,FALSE
1995-04-01,Ross,0.601595409,0.07760417684114562,0.07760417684114562,0.5735162937918511,FALSE,FALSE
1995-04-02,Ross,0.592413243,0.0534882765212421,0.0534882765212421,0.5735162937918511,FALSE,FALSE
1995-04-03,Ross,0.587412178,0.03311152843887366,0.03311152843887366,0.5735162937918511,FALSE,FALSE
1995-04-04,Ross,0.604490364,0.034361389184278,0.034361389184278,0.5735162937918511,FALSE,FALSE
1995-04-05,Ross,0.632814341,0.04639370534769738,0.04639370534769738,0.5735162937918511,FALSE,FALSE
1995-04-06,Ross,0.67092168,0.06773535451937485,0.06773535451937485,0.5735162937918511,FALSE,FALSE
1995-04-07,Ross,0.691883624,0.0714468862895472,0.0714468862895472,0.5735162937918511,FALSE,FALSE
1995-04-08,Ross,0.733169615,0.09498704924845792,0.09498704924845792,0.5735162937918511,FALSE,FALSE
1995-04-09,Ross,0.752903147,0.09646864398634793,0.09646864398634793,0.5735162937918511,FALSE,FALSE
1995-04-10,Ross,0.76271038,0.08750713709345548,0.08750713709345548,0.5735162937918511,FALSE,FALSE
1995-04-11,Ross,0.773057024,0.07855754516002333,0.07855754516002333,0.5735162937918511,FALSE,FALSE
1995-04-12,Ross,0.785436271,0.07110266662465914,0.07110266662465914,0.5735162937918511,FALSE,FALSE
1995-04-13,Ross,0.797307054,0.06261241118895688,0.06261241118895688,0.5735162937918511,FALSE,FALSE
1995-04-14,Ross,0.820674993,0.06513860424138007,0.06513860424138007,0.5735162937918511,FALSE,FALSE
1995-04-15,Ross,0.838602393,0.06179304668744101,0.06179304668744101,0.5735162937918511,FALSE,FALSE
1995-04-16,Ross,0.856403584,0.05793956443265113,0.05793956443265113,0.5735162937918511,FALSE,FALSE
1995-04-17,Ross,0.872812576,0.05236166338252401,0.05236166338252401,0.5735162937918511,FALSE,FALSE
1995-04-18,Ross,0.880862394,0.0381418644425715,0.0381418644425715,0.5735162937918511,FALSE,FALSE
1995-04-19,Ross,0.905883442,0.04066006751830686,0.04066006751830686,0.5735162937918511,FALSE,FALSE
1995-04-20,Ross,0.94811574,0.06020578851524016,0.06020578851524016,0.5735162937918511,FALSE,FALSE
1995-04-21,Ross,1.015674599,0.10494383433888788,0.10494383433888788,0.5735162937918511,FALSE,FALSE
1995-04-22,Ross,1.051822484,0.11818616589476127,0.11818616589476127,0.5735162937918511,FALSE,FALSE
1995-04-23,Ross,1.083560713,0.12698359708837115,0.12698359708837115,0.5735162937918511,FALSE,FALSE
1995-04-24,Ross,1.091585376,0.11208171382523248,0.11208171382523248,0.5735162937918511,FALSE,FALSE
1995-04-25,Ross,1.139143173,0.13676661550418157,0.13676661550418157,0.5735162937918511,FALSE,FALSE
1995-04-26,Ross,1.175021688,0.14976939433076497,0.14976939433076497,0.5735162937918511,FALSE,FALSE
1995-04-27,Ross,1.204337268,0.15609691547630167,0.15609691547630167,0.5735162937918511,FALSE,FALSE
1995-04-28,Ross,1.204486796,0.13303602192062636,0.13303602192062636,0.5735162937918511,FALSE,FALSE
1995-04-29,Ross,1.208004859,0.1130112606435678,0.1130112606435678,0.5735162937918511,FALSE,FALSE
1995-04-30,Ross,1.195035438,0.07605657262495491,0.07605657262495491,0.5735162937918511,FALSE,FALSE
1995-05-01,Ross,1.198528529,0.05501191384461657,0.05501191384461657,0.5735162937918511,FALSE,FALSE
1995-05-02,Ross,1.220268584,0.05155169628238543,0.05155169628238543,0.5735162937918511,FALSE,FALSE
1995-05-03,Ross,1.240740593,0.04605086991809104,0.04605086991809104,0.5735162937918511,FALSE,FALSE
1995-05-04,Ross,1.277194634,0.05564947273156218,0.05564947273156218,0.5735162937918511,FALSE,FALSE
1995-05-05,Ross,1.350385091,0.10099184870262956,0.10099184870262956,0.5735162937918511,FALSE,FALSE
1995-05-06,Ross,1.412363644,0.13401963781112425,0.13401963781112425,0.5735162937918511,FALSE,FALSE
1995-05-07,Ross,1.466115723,0.15760831890865346,0.15760831890865346,0.5735162937918511,FALSE,FALSE
1995-05-08,Ross,1.509051315,0.16910747525294778,0.16910747525294778,0.5735162937918511,FALSE,FALSE
1995-05-09,Ross,1.567300412,0.19471856416017852,0.19471856416017852,0.5735162937918511,FALSE,FALSE
1995-05-10,Ross,1.645260994,0.23893272815849476,0.23893272815849476,0.5735162937918511,FALSE,FALSE
1995-05-11,Ross,1.709266851,0.26817691977604863,0.26817691977604863,0.5735162937918511,FALSE,FALSE
1995-05-12,Ross,1.76162922,0.28485553854099255,0.28485553854099255,0.5735162937918511,FALSE,FALSE
1995-05-13,Ross,1.821761146,0.308474791981473,0.308474791981473,0.5735162937918511,FALSE,FALSE
1995-05-14,Ross,1.871591482,0.3210566956256442,0.3210566956256442,0.5735162937918511,FALSE,FALSE
1995-05-15,Ross,1.895763913,0.30733809700165615,0.30733809700165615,0.5735162937918511,FALSE,FALSE
1995-05-16,Ross,1.951667819,0.3248015386376579,0.3248015386376579,0.5735162937918511,FALSE,FALSE
1995-05-17,Ross,2.015950611,0.3501875940618031,0.3501875940618031,0.5735162937918511,FALSE,FALSE
1995-05-18,Ross,2.048536222,0.34351335880223877,0.34351335880223877,0.5735162937918511,FALSE,FALSE
1995-05-19,Ross,2.121183274,0.37663061738711656,0.37663061738711656,0.5735162937918511,FALSE,FALSE
1995-05-20,Ross,2.160370898,0.3761086187940377,0.3761086187940377,0.5735162937918511,FALSE,FALSE
1995-05-21,Ross,2.246793521,0.42267635312936225,0.42267635312936225,0.5735162937918511,FALSE,FALSE
1995-05-22,Ross,2.2758775,0.41174620310909504,0.41174620310909504,0.5735162937918511,FALSE,FALSE
1995-05-23,Ross,2.27874766,0.37442738642249385,0.37442738642249385,0.5735162937918511,FALSE,FALSE
1995-05-24,Ross,2.294382514,0.3496828087588182,0.3496828087588182,0.5735162937918511,FALSE,FALSE
1995-05-25,Ross,2.344488439,0.35920323980732927,0.35920323980732927,0.5735162937918511,FALSE,FALSE
1995-05-26,Ross,2.387361031,0.3612686682572872,0.3612686682572872,0.5735162937918511,FALSE,FALSE
1995-05-27,Ross,2.430772673,0.3636358697979491,0.3636358697979491,0.5735162937918511,FALSE,FALSE
1995-05-28,Ross,2.474415205,0.3659810771185747,0.3659810771185747,0.5735162937918511,FALSE,FALSE
1995-05-29,Ross,2.500802543,0.35080259890842225,0.35080259890842225,0.5735162937918511,FALSE,FALSE
1995-05-30,Ross,2.537983571,0.34613371185675357,0.34613371185675357,0.5735162937918511,FALSE,FALSE
1995-05-31,Ross,2.5266954,0.29269591965282604,0.29269591965282604,0.5735162937918511,FALSE,FALSE
1995-06-01,Ross,2.577864727,0.30140031198590034,0.30140031198590034,0.5735162937918511,FALSE,FALSE
1995-06-02,Ross,2.663519182,0.3442635699503076,0.3442635699503076,0.5735162937918511,FALSE,FALSE
1995-06-03,Ross,2.743153753,0.3807903985832537,0.3807903985832537,0.5735162937918511,FALSE,FALSE
1995-06-04,Ross,2.817798743,0.41202654670762673,0.41202654670762673,0.5735162937918511,FALSE,FALSE
1995-06-05,Ross,2.865317026,0.4158503343585278,0.4158503343585278,0.5735162937918511,FALSE,FALSE
1995-06-06,Ross,2.933673436,0.4402420415710546,0.4402420415710546,0.5735162937918511,FALSE,FALSE
1995-06-07,Ross,2.9883609,0.4507100413803027,0.4507100413803027,0.5735162937918511,FALSE,FALSE
1995-06-08,Ross,3.047980456,0.4658708178213753,0.4658708178213753,0.5735162937918511,FALSE,FALSE
1995-06-09,Ross,3.131376706,0.5045844189293698,0.5045844189293698,0.5735162937918511,FALSE,FALSE
1995-06-10,Ross,3.179145594,0.5074622347393802,0.5074622347393802,0.5735162937918511,FALSE,FALSE
1995-06-11,Ross,3.213429728,0.4966623192865094,0.4966623192865094,0.5735162937918511,FALSE,FALSE
1995-06-12,Ross,3.26017119,0.4981422006058556,0.4981422006058556,0.5735162937918511,FALSE,FALSE
1995-06-13,Ross,3.262637347,0.4551846917325171,0.4551846917325171,0.5735162937918511,FALSE,FALSE
1995-06-14,Ross,3.207017159,0.3539948222554097,0.3539948222554097,0.5735162937918511,FALSE,FALSE
1995-06-15,Ross,3.178051983,0.27935750760186284,0.27935750760186284,0.5735162937918511,FALSE,FALSE
1995-06-16,Ross,3.126687612,0.18229980991649075,0.18229980991649075,0.5735162937918511,FALSE,FALSE
1995-06-17,Ross,3.122304961,0.13228664554968317,0.13228664554968317,0.5735162937918511,FALSE,FALSE
1995-06-18,Ross,3.161620584,0.12611856985181413,0.12611856985181413,0.5735162937918511,FALSE,FALSE
1995-06-19,Ross,3.231259915,0.15050501817327788,0.15050501817327788,0.5735162937918511,FALSE,FALSE
1995-06-20,Ross,3.359117539,0.23342457686445384,0.23342457686445384,0.5735162937918511,FALSE,FALSE
1995-06-21,Ross,3.409709185,0.23947697627572628,0.23947697627572628,0.5735162937918511,FALSE,FALSE
1995-06-22,Ross,3.482397774,0.2681091387574783,0.2681091387574783,0.5735162937918511,FALSE,FALSE
1995-06-23,Ross,3.54755914,0.28978089966009657,0.28978089966009657,0.5735162937918511,FALSE,FALSE
1995-06-24,Ross,3.559657364,0.2590403413339626,0.2590403413339626,0.5735162937918511,FALSE,FALSE
1995-06-25,Ross,3.617571852,0.27485087112946305,0.27485087112946305,0.5735162937918511,FALSE,FALSE
1995-06-26,Ross,3.632208795,0.24820268139698065,0.24820268139698065,0.5735162937918511,FALSE,FALSE
1995-06-27,Ross,3.710791344,0.2863878660251413,0.2863878660251413,0.5735162937918511,FALSE,FALSE
1995-06-28,Ross,3.709705563,0.2457476425564704,0.2457476425564704,0.5735162937918511,FALSE,FALSE
1995-06-29,Ross,3.771362377,0.2685960947084034,0.2685960947084034,0.5735162937918511,FALSE,FALSE
1995-06-30,Ross,3.789253415,0.24832774286642945,0.24832774286642945,0.5735162937918511,FALSE,FALSE
1995-07-01,Ross,3.820670581,0.242137382416042,0.242137382416042,0.5735162937918511,FALSE,FALSE
1995-07-02,Ross,3.875422684,0.25973671374273355,0.25973671374273355,0.5735162937918511,FALSE,FALSE
1995-07-03,Ross,3.914526825,0.2620457292319891,0.2620457292319891,0.5735162937918511,FALSE,FALSE
1995-07-04,Ross,3.988228739,0.29921305526930553,0.29921305526930553,0.5735162937918511,FALSE,FALSE
1995-07-05,Ross,4.040854943,0.3154681002401718,0.3154681002401718,0.5735162937918511,FALSE,FALSE
1995-07-06,Ross,4.050959374,0.28926769253007834,0.28926769253007834,0.5735162937918511,FALSE,FALSE
1995-07-07,Ross,4.120353602,0.32232629352452236,0.32232629352452236,0.5735162937918511,FALSE,FALSE
1995-07-08,Ross,4.161269721,0.3267788886089842,0.3267788886089842,0.5735162937918511,FALSE,FALSE
1995-07-09,Ross,4.212618807,0.3414397526383941,0.3414397526383941,0.5735162937918511,FALSE,FALSE
1995-07-10,Ross,4.245415388,0.3372864138480285,0.3372864138480285,0.5735162937918511,FALSE,FALSE
1995-07-11,Ross,4.210430247,0.2651835292659914,0.2651835292659914,0.5735162937918511,FALSE,FALSE
1995-07-12,Ross,4.178963111,0.19654201927471915,0.19654201927471915,0.5735162937918511,FALSE,FALSE
1995-07-13,Ross,4.242665477,0.22312457425665055,0.22312457425665055,0.5735162937918511,FALSE,FALSE
1995-07-14,Ross,4.265914055,0.2094190975942256,0.2094190975942256,0.5735162937918511,FALSE,FALSE
1995-07-15,Ross,4.317973868,0.22480180566987684,0.22480180566987684,0.5735162937918511,FALSE,FALSE
1995-07-16,Ross,4.398993775,0.26953275086604833,0.26953275086604833,0.5735162937918511,FALSE,FALSE
1995-07-17,Ross,4.429316855,0.26406620556516724,0.26406620556516724,0.5735162937918511,FALSE,FALSE
1995-07-18,Ross,4.462270648,0.2618409031496798,0.2618409031496798,0.5735162937918511,FALSE,FALSE
1995-07-19,Ross,4.503456019,0.268568902002019,0.268568902002019,0.5735162937918511,FALSE,FALSE
1995-07-20,Ross,4.562946344,0.2944347715046227,0.2944347715046227,0.5735162937918511,FALSE,FALSE
1995-07-21,Ross,4.566357526,0.26516560803993094,0.26516560803993094,0.5735162937918511,FALSE,FALSE
1995-07-22,Ross,4.57134051,0.238514626178282,0.238514626178282,0.5735162937918511,FALSE,FALSE
1995-07-23,Ross,4.567636105,0.20420173537921385,0.20420173537921385,0.5735162937918511,FALSE,FALSE
1995-07-24,Ross,4.577259786,0.18413172824931667,0.18413172824931667,0.5735162937918511,FALSE,FALSE
1995-07-25,Ross,4.682479184,0.2604595167707311,0.2604595167707311,0.5735162937918511,FALSE,FALSE
1995-07-26,Ross,4.732707079,0.28248516192558615,0.28248516192558615,0.5735162937918511,FALSE,FALSE
1995-07-27,Ross,4.762447296,0.284599769696011,0.284599769696011,0.5735162937918511,FALSE,FALSE
1995-07-28,Ross,4.760817082,0.25580786806414046,0.25580786806414046,0.5735162937918511,FALSE,FALSE
1995-07-29,Ross,4.763334134,0.23151443501211233,0.23151443501211233,0.5735162937918511,FALSE,FALSE
1995-07-30,Ross,4.787495732,0.22910403152205383,0.22910403152205383,0.5735162937918511,FALSE,FALSE
1995-07-31,Ross,4.803160178,0.21832224057610009,0.21832224057610009,0.5735162937918511,FALSE,FALSE
1995-08-01,Ross,4.839986764,0.2287156351563784,0.2287156351563784,0.5735162937918511,FALSE,FALSE
1995-08-02,Ross,4.851228457,0.21342446324502795,0.21342446324502795,0.5735162937918511,FALSE,FALSE
1995-08-03,Ross,4.851391931,0.1868426814220507,0.1868426814220507,0.5735162937918511,FALSE,FALSE
1995-08-04,Ross,4.862262982,0.17068650440821376,0.17068650440821376,0.5735162937918511,FALSE,FALSE
1995-08-05,Ross,4.874951637,0.15615198664665897,0.15615198664665897,0.5735162937918511,FALSE,FALSE
1995-08-06,Ross,4.928269631,0.1821719670571076,0.1821719670571076,0.5735162937918511,FALSE,FALSE
1995-08-07,Ross,4.974464369,0.20111495455928097,0.20111495455928097,0.5735162937918511,FALSE,FALSE
1995-08-08,Ross,5.00943718,0.2090033820729129,0.2090033820729129,0.5735162937918511,FALSE,FALSE
1995-08-09,Ross,5.057733913,0.23050420251772685,0.23050420251772685,0.5735162937918511,FALSE,FALSE
1995-08-10,Ross,5.088587981,0.2349719328134423,0.2349719328134423,0.5735162937918511,FALSE,FALSE
1995-08-11,Ross,5.118620299,0.2391485918797942,0.2391485918797942,0.5735162937918511,FALSE,FALSE
1995-08-12,Ross,5.063169294,0.1584937106365052,0.1584937106365052,0.5735162937918511,FALSE,FALSE
1995-08-13,Ross,5.001070749,0.07196417600330562,0.07196417600330562,0.5735162937918511,FALSE,FALSE
1995-08-14,Ross,4.92881886,-0.02382471210008852,0.02382471210008852,0.5735162937918511,FALSE,FALSE
1995-08-15,Ross,4.91660189,-0.05856358675394091,0.05856358675394091,0.5735162937918511,FALSE,FALSE
1995-08-16,Ross,4.902288423,-0.0942667406737332,0.0942667406737332,0.5735162937918511,FALSE,FALSE
1995-08-17,Ross,4.958893109,-0.05792071440228685,0.05792071440228685,0.5735162937918511,FALSE,FALSE
1995-08-18,Ross,5.02670074,-0.00937732598885254,0.00937732598885254,0.5735162937918511,FALSE,FALSE
1995-08-19,Ross,5.103638285,0.04914636217831525,0.04914636217831525,0.5735162937918511,FALSE,FALSE
1995-08-20,Ross,5.166026247,0.09382682171096056,0.09382682171096056,0.5735162937918511,FALSE,FALSE
1995-08-21,Ross,5.186163506,0.0968189012208338,0.0968189012208338,0.5735162937918511,FALSE,FALSE
1995-08-22,Ross,5.183819924,0.07774843131967568,0.07774843131967568,0.5735162937918511,FALSE,FALSE
1995-08-23,Ross,5.159092452,0.036568331619236,0.036568331619236,0.5735162937918511,FALSE,FALSE
1995-08-24,Ross,5.128911505,-0.00993501426873688,0.00993501426873688,0.5735162937918511,FALSE,FALSE
1995-08-25,Ross,5.083123678,-0.07205904273250319,0.07205904273250319,0.5735162937918511,FALSE,FALSE
1995-08-26,Ross,5.049065705,-0.1226110511603089,0.1226110511603089,0.5735162937918511,FALSE,FALSE
1995-08-27,Ross,5.035581622,-0.15289103494041445,0.15289103494041445,0.5735162937918511,FALSE,FALSE
1995-08-28,Ross,5.013036672,-0.19267778246106904,0.19267778246106904,0.5735162937918511,FALSE,FALSE
1995-08-29,Ross,5.068674613,-0.15484428831474784,0.15484428831474784,0.5735162937918511,FALSE,FALSE
1995-08-30,Ross,5.139564865,-0.1022720928659222,0.1022720928659222,0.5735162937918511,FALSE,FALSE
1995-08-31,Ross,5.241389764,-0.01916752705747271,0.01916752705747271,0.5735162937918511,FALSE,FALSE
1995-09-01,Ross,5.263928859,-0.01563959709833895,0.01563959709833895,0.5735162937918511,FALSE,FALSE
1995-09-02,Ross,5.284618676,-0.01414033219746091,0.01414033219746091,0.5735162937918511,FALSE,FALSE
1995-09-03,Ross,5.322405812,0.0043883094362247,0.0043883094362247,0.5735162937918511,FALSE,FALSE
1995-09-04,Ross,5.343629818,0.00639732359377998,0.00639732359377998,0.5735162937918511,FALSE,FALSE
1995-09-05,Ross,5.323669476,-0.03262306293373296,0.03262306293373296,0.5735162937918511,FALSE,FALSE
1995-09-06,Ross,5.284956789,-0.09012940235525324,0.09012940235525324,0.5735162937918511,FALSE,FALSE
1995-09-07,Ross,5.249480969,-0.14402103787971665,0.14402103787971665,0.5735162937918511,FALSE,FALSE
1995-09-08,Ross,5.228286864,-0.18314167671606008,0.18314167671606008,0.5735162937918511,FALSE,FALSE
1995-09-09,Ross,5.27587601,-0.1528783380732266,0.1528783380732266,0.5735162937918511,FALSE,FALSE
1995-09-10,Ross,5.290729251,-0.15463919576131957,0.15463919576131957,0.5735162937918511,FALSE,FALSE
1995-09-11,Ross,5.296986711,-0.16421705907871953,0.16421705907871953,0.5735162937918511,FALSE,FALSE
1995-09-12,Ross,5.267550809,-0.2087219121455357,0.2087219121455357,0.5735162937918511,FALSE,FALSE
1995-09-13,Ross,5.263294532,-0.2273015385613011,0.2273015385613011,0.5735162937918511,FALSE,FALSE
1995-09-14,Ross,5.225591995,-0.27860259392553477,0.27860259392553477,0.5735162937918511,FALSE,FALSE
1995-09-15,Ross,5.259094135,-0.2579949118377707,0.2579949118377707,0.5735162937918511,FALSE,FALSE
1995-09-16,Ross,5.29875054,-0.23054967489752975,0.23054967489752975,0.5735162937918511,FALSE,FALSE
1995-09-17,Ross,5.340819437,-0.2000294267043401,0.2000294267043401,0.5735162937918511,FALSE,FALSE
1995-09-18,Ross,5.41846999,-0.13328577385773066,0.13328577385773066,0.5735162937918511,FALSE,FALSE
1995-09-19,Ross,5.488108137,-0.07393354895722482,0.07393354895722482,0.5735162937918511,FALSE,FALSE
1995-09-20,Ross,5.461611229,-0.11011617160235244,0.11011617160235244,0.5735162937918511,FALSE,FALSE
1995-09-21,Ross,5.398067885,-0.18276579339263677,0.18276579339263677,0.5735162937918511,FALSE,FALSE
1995-09-22,Ross,5.436545101,-0.15283618892760753,0.15283618892760753,0.5735162937918511,FALSE,FALSE
1995-09-23,Ross,5.527061164,-0.0703280320679811,0.0703280320679811,0.5735162937918511,FALSE,FALSE
1995-09-24,Ross,5.648892472,0.04403548961539183,0.04403548961539183,0.5735162937918511,FALSE,FALSE
1995-09-25,Ross,5.706420412,0.09464793090034984,0.09464793090034984,0.5735162937918511,FALSE,FALSE
1995-09-26,Ross,5.755120327,0.1369969674771747,0.1369969674771747,0.5735162937918511,FALSE,FALSE
1995-09-27,Ross,5.752690139,0.12879285403614382,0.12879285403614382,0.5735162937918511,FALSE,FALSE
1995-09-28,Ross,5.691829798,0.06274787326753906,0.06274787326753906,0.5735162937918511,FALSE,FALSE
1995-09-29,Ross,5.671164825,0.03749987886164518,0.03749987886164518,0.5735162937918511,FALSE,FALSE
1995-09-30,Ross,5.711293123,0.07365910650874152,0.07365910650874152,0.5735162937918511,FALSE,FALSE
1995-10-01,Ross,5.671139568,0.03016276489911007,0.03016276489911007,0.5735162937918511,FALSE,FALSE
1995-10-02,Ross,5.660792108,0.01711113472303083,0.01711113472303083,0.5735162937918511,FALSE,FALSE
1995-10-03,Ross,5.688188309,0.04245411467078774,0.04245411467078774,0.5735162937918511,FALSE,FALSE
1995-10-04,Ross,5.719438891,0.07231475743266014,0.07231475743266014,0.5735162937918511,FALSE,FALSE
1995-10-05,Ross,5.725248011,0.07740955981782527,0.07740955981782527,0.5735162937918511,FALSE,FALSE
1995-10-06,Ross,5.713667597,0.06581140086183268,0.06581140086183268,0.5735162937918511,FALSE,FALSE
1995-10-07,Ross,5.714449643,0.06731855594711611,0.06731855594711611,0.5735162937918511,FALSE,FALSE
1995-10-08,Ross,5.694870247,0.0492580385931074,0.0492580385931074,0.5735162937918511,FALSE,FALSE
1995-10-09,Ross,5.726397445,0.0831488003192522,0.0831488003192522,0.5735162937918511,FALSE,FALSE
1995-10-10,Ross,5.738204225,0.09821474464498704,0.09821474464498704,0.5735162937918511,FALSE,FALSE
1995-10-11,Ross,5.820422185,0.18463838508975172,0.18463838508975172,0.5735162937918511,FALSE,FALSE
1995-10-12,Ross,5.843646788,0.2130661001729877,0.2130661001729877,0.5735162937918511,FALSE,FALSE
1995-10-13,Ross,5.848609098,0.22427986941413017,0.22427986941413017,0.5735162937918511,FALSE,FALSE
1995-10-14,Ross,5.808527473,0.1915489663326229,0.1915489663326229,0.5735162937918511,FALSE,FALSE
1995-10-15,Ross,5.777682669,0.16920506244790356,0.16920506244790356,0.5735162937918511,FALSE,FALSE
1995-10-16,Ross,5.800301828,0.20152621527940884,0.20152621527940884,0.5735162937918511,FALSE,FALSE
1995-10-17,Ross,5.795239704,0.20741809434658087,0.20741809434658087,0.5735162937918511,FALSE,FALSE
1995-10-18,Ross,5.76378385,0.1882153329412972,0.1882153329412972,0.5735162937918511,FALSE,FALSE
1995-10-19,Ross,5.760230121,0.1981794072583538,0.1981794072583538,0.5735162937918511,FALSE,FALSE
1995-10-20,Ross,5.746877286,0.19949683135030136,0.19949683135030136,0.5735162937918511,FALSE,FALSE
1995-10-21,Ross,5.740946013,0.2092729000876288,0.2092729000876288,0.5735162937918511,FALSE,FALSE
1995-10-22,Ross,5.677555101,0.162511039340826,0.162511039340826,0.5735162937918511,FALSE,FALSE
1995-10-23,Ross,5.616385927,0.11877725298038122,0.11877725298038122,0.5735162937918511,FALSE,FALSE
1995-10-24,Ross,5.561923317,0.08244099387678716,0.08244099387678716,0.5735162937918511,FALSE,FALSE
1995-10-25,Ross,5.539578892,0.07879850990053328,0.07879850990053328,0.5735162937918511,FALSE,FALSE
1995-10-26,Ross,5.516616871,0.07499864692210867,0.07499864692210867,0.5735162937918511,FALSE,FALSE
1995-10-27,Ross,5.472097894,0.049986671812003,0.049986671812003,0.5735162937918511,FALSE,FALSE
1995-10-28,Ross,5.444067167,0.04169241744070806,0.04169241744070806,0.5735162937918511,FALSE,FALSE
1995-10-29,Ross,5.447760595,0.0652364156787133,0.0652364156787133,0.5735162937918511,FALSE,FALSE
1995-10-30,Ross,5.427253179,0.06457829439650897,0.06457829439650897,0.5735162937918511,FALSE,FALSE
1995-10-31,Ross,5.427498584,0.08459642215024754,0.08459642215024754,0.5735162937918511,FALSE,FALSE
1995-11-01,Ross,5.430175255,0.10709121364524066,0.10709121364524066,0.5735162937918511,FALSE,FALSE
1995-11-02,Ross,5.413878951,0.1108409900822842,0.1108409900822842,0.5735162937918511,FALSE,FALSE
1995-11-03,Ross,5.396443752,0.11386240995102614,0.11386240995102614,0.5735162937918511,FALSE,FALSE
1995-11-04,Ross,5.369750027,0.10821842074111387,0.10821842074111387,0.5735162937918511,FALSE,FALSE
1995-11-05,Ross,5.363494947,0.1237887719421975,0.1237887719421975,0.5735162937918511,FALSE,FALSE
1995-11-06,Ross,5.322269011,0.10534654104392692,0.10534654104392692,0.5735162937918511,FALSE,FALSE
1995-11-07,Ross,5.259493877,0.06649596453594864,0.06649596453594864,0.5735162937918511,FALSE,FALSE
1995-11-08,Ross,5.242096886,0.0743469619079109,0.0743469619079109,0.5735162937918511,FALSE,FALSE
1995-11-09,Ross,5.242030635,0.10103470864946472,0.10103470864946472,0.5735162937918511,FALSE,FALSE
1995-11-10,Ross,5.145478597,0.03292525625025711,0.03292525625025711,0.5735162937918511,FALSE,FALSE
1995-11-11,Ross,5.102345293,0.02010570419993751,0.02010570419993751,0.5735162937918511,FALSE,FALSE
1995-11-12,Ross,5.047578198,-0.00229537493021148,0.00229537493021148,0.5735162937918511,FALSE,FALSE
1995-11-13,Ross,4.973266303,-0.04208981549199464,0.04208981549199464,0.5735162937918511,FALSE,FALSE
1995-11-14,Ross,4.912840388,-0.06587081008485374,0.06587081008485374,0.5735162937918511,FALSE,FALSE
1995-11-15,Ross,4.88358541,-0.05638753192730483,0.05638753192730483,0.5735162937918511,FALSE,FALSE
1995-11-16,Ross,4.850432776,-0.04874270423786253,0.04874270423786253,0.5735162937918511,FALSE,FALSE
1995-11-17,Ross,4.799699839,-0.05665310423504355,0.05665310423504355,0.5735162937918511,FALSE,FALSE
1995-11-18,Ross,4.752500103,-0.05903935813736272,0.05903935813736272,0.5735162937918511,FALSE,FALSE
1995-11-19,Ross,4.686489364,-0.07827980016333402,0.07827980016333402,0.5735162937918511,FALSE,FALSE
1995-11-20,Ross,4.602786063,-0.1132901195314755,0.1132901195314755,0.5735162937918511,FALSE,FALSE
1995-11-21,Ross,4.497429159,-0.16806548746029648,0.16806548746029648,0.5735162937918511,FALSE,FALSE
1995-11-22,Ross,4.509981794,-0.10307689216832028,0.10307689216832028,0.5735162937918511,FALSE,FALSE
1995-11-23,Ross,4.515562833,-0.0432395988740577,0.0432395988740577,0.5735162937918511,FALSE,FALSE
1995-11-24,Ross,4.493464374,-0.00929563979602399,0.00929563979602399,0.5735162937918511,FALSE,FALSE
1995-11-25,Ross,4.45725368,0.01231317874569004,0.01231317874569004,0.5735162937918511,FALSE,FALSE
1995-11-26,Ross,4.389238548,0.00409754531110184,0.00409754531110184,0.5735162937918511,FALSE,FALSE
1995-11-27,Ross,4.292154136,-0.0308979111141241,0.0308979111141241,0.5735162937918511,FALSE,FALSE
1995-11-28,Ross,4.214509216,-0.04385414026707401,0.04385414026707401,0.5735162937918511,FALSE,FALSE
1995-11-29,Ross,4.148908879,-0.04185577288482811,0.04185577288482811,0.5735162937918511,FALSE,FALSE
1995-11-30,Ross,4.073359207,-0.04658644870447137,0.04658644870447137,0.5735162937918511,FALSE,FALSE
1995-12-01,Ross,3.980514018,-0.06508207146309086,0.06508207146309086,0.5735162937918511,FALSE,FALSE
1995-12-02,Ross,3.88611577,-0.08128990489776688,0.08128990489776688,0.5735162937918511,FALSE,FALSE
1995-12-03,Ross,3.753492322,-0.13157181174558552,0.13157181174558552,0.5735162937918511,FALSE,FALSE
1995-12-04,Ross,3.654861725,-0.14339946274363058,0.14339946274363058,0.5735162937918511,FALSE,FALSE
1995-12-05,Ross,3.596962727,-0.10972383162898458,0.10972383162898458,0.5735162937918511,FALSE,FALSE
1995-12-06,Ross,3.529801224,-0.08022874413873504,0.08022874413873504,0.5735162937918511,FALSE,FALSE
1995-12-07,Ross,3.418482504,-0.08949953633323249,0.08949953633323249,0.5735162937918511,FALSE,FALSE
1995-12-08,Ross,3.314610518,-0.08590299129010281,0.08590299129010281,0.5735162937918511,FALSE,FALSE
1995-12-09,Ross,3.264162793,-0.02410783859820986,0.02410783859820986,0.5735162937918511,FALSE,FALSE
1995-12-10,Ross,3.200485559,0.02848610541853924,0.02848610541853924,0.5735162937918511,FALSE,FALSE
1995-12-11,Ross,3.076973343,0.02452732143622649,0.02452732143622649,0.5735162937918511,FALSE,FALSE
1995-12-12,Ross,2.933560022,0.00320364013094787,0.00320364013094787,0.5735162937918511,FALSE,FALSE
1995-12-13,Ross,2.78414847,-0.02232811082121077,0.02232811082121077,0.5735162937918511,FALSE,FALSE
1995-12-14,Ross,2.659816923,-0.02173574174415904,0.02173574174415904,0.5735162937918511,FALSE,FALSE
1995-12-15,Ross,2.508367597,-0.04796308296180562,0.04796308296180562,0.5735162937918511,FALSE,FALSE
1995-12-16,Ross,2.342934209,-0.08862246379806571,0.08862246379806571,0.5735162937918511,FALSE,FALSE
1995-12-17,Ross,2.19926775,-0.1087089395768448,0.1087089395768448,0.5735162937918511,FALSE,FALSE
1995-12-18,Ross,2.012742706,-0.17359407062205667,0.17359407062205667,0.5735162937918511,FALSE,FALSE
1995-12-19,Ross,1.780497628,-0.28688535225761136,0.28688535225761136,0.5735162937918511,FALSE,FALSE
1995-12-20,Ross,1.66585213,-0.28599004264335615,0.28599004264335615,0.5735162937918511,FALSE,FALSE
1995-12-21,Ross,1.628086322,-0.2120517234463255,0.2120517234463255,0.5735162937918511,FALSE,FALSE
1995-12-22,Ross,1.552547461,-0.17990482429804588,0.17990482429804588,0.5735162937918511,FALSE,FALSE
1995-12-23,Ross,1.438781424,-0.19017841089446397,0.19017841089446397,0.5735162937918511,FALSE,FALSE
1995-12-24,Ross,1.380587606,-0.14924803093152517,0.14924803093152517,0.5735162937918511,FALSE,FALSE
1995-12-25,Ross,1.32822982,-0.1070248141051744,0.1070248141051744,0.5735162937918511,FALSE,FALSE
1995-12-26,Ross,1.28518927,-0.06020249911136011,0.06020249911136011,0.5735162937918511,FALSE,FALSE
1995-12-27,Ross,1.252429237,-0.00799274764602731,0.00799274764602731,0.5735162937918511,FALSE,FALSE
1995-12-28,Ross,1.171501527,-0.00901869640511754,0.00901869640511754,0.5735162937918511,FALSE,FALSE
1995-12-29,Ross,1.137339982,0.03147855391541609,0.03147855391541609,0.5735162937918511,FALSE,FALSE
1995-12-30,Ross,1.08584872,0.04922817861963158,0.04922817861963158,0.5735162937918511,FALSE,FALSE
1995-12-31,Ross,1.03128416,0.05831165401158345,0.05831165401158345,0.5735162937918511,FALSE,FALSE
1996-01-01,Ross,0.956919048,0.041826783395324973,0.041826783395324973,0.5735162937918511,FALSE,FALSE
1996-01-02,Ross,0.886426531,0.02337641481482788,0.02337641481482788,0.5735162937918511,FALSE,FALSE
1996-01-03,Ross,0.836260537,0.01976275227372903,0.01976275227372903,0.5735162937918511,FALSE,FALSE
1996-01-04,Ross,0.820795511,0.04581316051558071,0.04581316051558071,0.5735162937918511,FALSE,FALSE
1996-01-05,Ross,0.806449852,0.06839895828394515,0.06839895828394515,0.5735162937918511,FALSE,FALSE
1996-01-06,Ross,0.77357691,0.06832641532237094,0.06832641532237094,0.5735162937918511,FALSE,FALSE
1996-01-07,Ross,0.746150093,0.07002185937441441,0.07002185937441441,0.5735162937918511,FALSE,FALSE
1996-01-08,Ross,0.726538751,0.07630756018363227,0.07630756018363227,0.5735162937918511,FALSE,FALSE
1996-01-09,Ross,0.705035957,0.07792951049357899,0.07792951049357899,0.5735162937918511,FALSE,FALSE
1996-01-10,Ross,0.701571981,0.0952709000478078,0.0952709000478078,0.5735162937918511,FALSE,FALSE
1996-01-11,Ross,0.680346216,0.09298404158987485,0.09298404158987485,0.5735162937918511,FALSE,FALSE
1996-01-12,Ross,0.668196356,0.09835954886333576,0.09835954886333576,0.5735162937918511,FALSE,FALSE
1996-01-13,Ross,0.667639102,0.11436704261174446,0.11436704261174446,0.5735162937918511,FALSE,FALSE
1996-01-14,Ross,0.66003076,0.12280998172502212,0.12280998172502212,0.5735162937918511,FALSE,FALSE
1996-01-15,Ross,0.630813833,0.10937107948486012,0.10937107948486012,0.5735162937918511,FALSE,FALSE
1996-01-16,Ross,0.611133821,0.10517679139416636,0.10517679139416636,0.5735162937918511,FALSE,FALSE
1996-01-17,Ross,0.597083289,0.10628424180312536,0.10628424180312536,0.5735162937918511,FALSE,FALSE
1996-01-18,Ross,0.580012491,0.10400824406192216,0.10400824406192216,0.5735162937918511,FALSE,FALSE
1996-01-19,Ross,0.572627698,0.1110196285207406,0.1110196285207406,0.5735162937918511,FALSE,FALSE
1996-01-20,Ross,0.568902839,0.12125688352976594,0.12125688352976594,0.5735162937918511,FALSE,FALSE
1996-01-21,Ross,0.553279411,0.1191260654391823,0.1191260654391823,0.5735162937918511,FALSE,FALSE
1996-01-22,Ross,0.531722209,0.1105565285991747,0.1105565285991747,0.5735162937918511,FALSE,FALSE
1996-01-23,Ross,0.488648507,0.0799301063599262,0.0799301063599262,0.5735162937918511,FALSE,FALSE
1996-01-24,Ross,0.466582693,0.06973574607162203,0.06973574607162203,0.5735162937918511,FALSE,FALSE
1996-01-25,Ross,0.458173585,0.0725868250844473,0.0725868250844473,0.5735162937918511,FALSE,FALSE
1996-01-26,Ross,0.440845206,0.06587192574858652,0.06587192574858652,0.5735162937918511,FALSE,FALSE
1996-01-27,Ross,0.45514142,0.09010665638559208,0.09010665638559208,0.5735162937918511,FALSE,FALSE
1996-01-28,Ross,0.441658624,0.08590779668548343,0.08590779668548343,0.5735162937918511,FALSE,FALSE
1996-01-29,Ross,0.423780498,0.07669957756954632,0.07669957756954632,0.5735162937918511,FALSE,FALSE
1996-01-30,Ross,0.385563411,0.04657898392733656,0.04657898392733656,0.5735162937918511,FALSE,FALSE
1996-01-31,Ross,0.36595805,0.03453731864841319,0.03453731864841319,0.5735162937918511,FALSE,FALSE
1996-02-01,Ross,0.319014631,-0.00533458637766592,0.00533458637766592,0.5735162937918511,FALSE,FALSE
1996-02-02,Ross,0.299144727,-0.01858454226134415,0.01858454226134415,0.5735162937918511,FALSE,FALSE
1996-02-03,Ross,0.287401359,-0.02411891211306199,0.02411891211306199,0.5735162937918511,FALSE,FALSE
1996-02-04,Ross,0.26899733,-0.03668427704326177,0.03668427704326177,0.5735162937918511,FALSE,FALSE
1996-02-05,Ross,0.254955933,-0.04521672816238586,0.04521672816238586,0.5735162937918511,FALSE,FALSE
1996-02-06,Ross,0.246923256,-0.04802956158087648,0.04802956158087648,0.5735162937918511,FALSE,FALSE
1996-02-07,Ross,0.242655531,-0.04732592940917449,0.04732592940917449,0.5735162937918511,FALSE,FALSE
1996-02-08,Ross,0.234006767,-0.05121135693106155,0.05121135693106155,0.5735162937918511,FALSE,FALSE
1996-02-09,Ross,0.224683121,-0.05595904781342117,0.05595904781342117,0.5735162937918511,FALSE,FALSE
1996-02-10,Ross,0.219122473,-0.0571499126373757,0.0571499126373757,0.5735162937918511,FALSE,FALSE
1996-02-11,Ross,0.222909346,-0.04922288092484855,0.04922288092484855,0.5735162937918511,FALSE,FALSE
1996-02-12,Ross,0.179359967,-0.08888517819776254,0.08888517819776254,0.5735162937918511,FALSE,FALSE
1996-02-13,Ross,0.164564296,-0.1000702969780432,0.1000702969780432,0.5735162937918511,FALSE,FALSE
1996-02-14,Ross,0.181932423,-0.0793915997876114,0.0793915997876114,0.5735162937918511,FALSE,FALSE
1996-02-15,Ross,0.180670726,-0.07766616114839142,0.07766616114839142,0.5735162937918511,FALSE,FALSE
1996-02-16,Ross,0.173250023,-0.08244661558230967,0.08244661558230967,0.5735162937918511,FALSE,FALSE
1996-02-17,Ross,0.183141491,-0.07028523861128594,0.07028523861128594,0.5735162937918511,FALSE,FALSE
1996-02-18,Ross,0.184319881,-0.06723073175724639,0.06723073175724639,0.5735162937918511,FALSE,FALSE
1996-02-19,Ross,0.180012505,-0.07007923554211382,0.07007923554211382,0.5735162937918511,FALSE,FALSE
1996-02-20,Ross,0.162533775,-0.08653979048781196,0.08653979048781196,0.5735162937918511,FALSE,FALSE
1996-02-21,Ross,0.168717188,-0.07980062328144233,0.07980062328144233,0.5735162937918511,FALSE,FALSE
1996-02-22,Ross,0.152507167,-0.09591807485089417,0.09591807485089417,0.5735162937918511,FALSE,FALSE
1996-02-23,Ross,0.165090266,-0.08369241177757347,0.08369241177757347,0.5735162937918511,FALSE,FALSE
1996-02-24,Ross,0.163297319,-0.0862793685894101,0.0862793685894101,0.5735162937918511,FALSE,FALSE
1996-02-25,Ross,0.14897923,-0.10181460981433074,0.10181460981433074,0.5735162937918511,FALSE,FALSE
1996-02-26,Ross,0.16759436,-0.08482634298026415,0.08482634298026415,0.5735162937918511,FALSE,FALSE
1996-02-27,Ross,0.148837311,-0.10560653461513632,0.10560653461513632,0.5735162937918511,FALSE,FALSE
1996-02-28,Ross,0.145141894,-0.11170794224687564,0.11170794224687564,0.5735162937918511,FALSE,FALSE
1996-03-01,Ross,0.184787674,-0.07796896161266692,0.07796896161266692,0.5735162937918511,FALSE,FALSE
1996-03-02,Ross,0.189777923,-0.07645265840257473,0.07645265840257473,0.5735162937918511,FALSE,FALSE
1996-03-03,Ross,0.185367857,-0.08466579230105989,0.08466579230105989,0.5735162937918511,FALSE,FALSE
1996-03-04,Ross,0.185487721,-0.0886646880383663,0.0886646880383663,0.5735162937918511,FALSE,FALSE
1996-03-05,Ross,0.18310637,-0.09547153281051672,0.09547153281051672,0.5735162937918511,FALSE,FALSE
1996-03-06,Ross,0.167605426,-0.11571030746322523,0.11571030746322523,0.5735162937918511,FALSE,FALSE
1996-03-07,Ross,0.193157049,-0.0952174129908023,0.0952174129908023,0.5735162937918511,FALSE,FALSE
1996-03-08,Ross,0.219991289,-0.07377136038755358,0.07377136038755358,0.5735162937918511,FALSE,FALSE
1996-03-09,Ross,0.22744526,-0.07204359664778695,0.07204359664778695,0.5735162937918511,FALSE,FALSE
1996-03-10,Ross,0.253204066,-0.05235757876580999,0.05235757876580999,0.5735162937918511,FALSE,FALSE
1996-03-11,Ross,0.264840033,-0.047149541735931,0.047149541735931,0.5735162937918511,FALSE,FALSE
1996-03-12,Ross,0.26106922,-0.05771198755245627,0.05771198755245627,0.5735162937918511,FALSE,FALSE
1996-03-13,Ross,0.244334782,-0.08161032220969125,0.08161032220969125,0.5735162937918511,FALSE,FALSE
1996-03-14,Ross,0.264894343,-0.06859548270194832,0.06859548270194832,0.5735162937918511,FALSE,FALSE
1996-03-15,Ross,0.309336942,-0.03208699102353035,0.03208699102353035,0.5735162937918511,FALSE,FALSE
1996-03-16,Ross,0.324755565,-0.02500042216874837,0.02500042216874837,0.5735162937918511,FALSE,FALSE
1996-03-17,Ross,0.32280934,-0.03568504865721828,0.03568504865721828,0.5735162937918511,FALSE,FALSE
1996-03-18,Ross,0.319711991,-0.04793153917664006,0.04793153917664006,0.5735162937918511,FALSE,FALSE
1996-03-19,Ross,0.33082444,-0.04637917218894649,0.04637917218894649,0.5735162937918511,FALSE,FALSE
1996-03-20,Ross,0.346922984,-0.04025165377922579,0.04025165377922579,0.5735162937918511,FALSE,FALSE
1996-03-21,Ross,0.359264333,-0.0382922770325636,0.0382922770325636,0.5735162937918511,FALSE,FALSE
1996-03-22,Ross,0.382226942,-0.02612259003404798,0.02612259003404798,0.5735162937918511,FALSE,FALSE
1996-03-23,Ross,0.405805686,-0.01374772086876818,0.01374772086876818,0.5735162937918511,FALSE,FALSE
1996-03-24,Ross,0.413209811,-0.01795842662180691,0.01795842662180691,0.5735162937918511,FALSE,FALSE
1996-03-25,Ross,0.397060966,-0.04613306137825568,0.04613306137825568,0.5735162937918511,FALSE,FALSE
1996-03-26,Ross,0.408839034,-0.04679174522319829,0.04679174522319829,0.5735162937918511,FALSE,FALSE
1996-03-27,Ross,0.417530388,-0.05094810824172619,0.05094810824172619,0.5735162937918511,FALSE,FALSE
1996-03-28,Ross,0.437847514,-0.04388966751892248,0.04388966751892248,0.5735162937918511,FALSE,FALSE
1996-03-29,Ross,0.461038129,-0.0343687091398765,0.0343687091398765,0.5735162937918511,FALSE,FALSE
1996-03-30,Ross,0.473882344,-0.03560640919165908,0.03560640919165908,0.5735162937918511,FALSE,FALSE
1996-03-31,Ross,0.45896781,-0.06502342215885437,0.06502342215885437,0.5735162937918511,FALSE,FALSE
1996-04-01,Ross,0.450118706,-0.08880626047875789,0.08880626047875789,0.5735162937918511,FALSE,FALSE
1996-04-02,Ross,0.468671629,-0.08562902056112637,0.08562902056112637,0.5735162937918511,FALSE,FALSE
1996-04-03,Ross,0.500811032,-0.06931794281572201,0.06931794281572201,0.5735162937918511,FALSE,FALSE
1996-04-04,Ross,0.499608909,-0.08681172665230263,0.08681172665230263,0.5735162937918511,FALSE,FALSE
1996-04-05,Ross,0.516701437,-0.08648488848062508,0.08648488848062508,0.5735162937918511,FALSE,FALSE
1996-04-06,Ross,0.502350463,-0.11808627471045284,0.11808627471045284,0.5735162937918511,FALSE,FALSE
1996-04-07,Ross,0.511080084,-0.12710248175154204,0.12710248175154204,0.5735162937918511,FALSE,FALSE
1996-04-08,Ross,0.562452361,-0.09398214201365218,0.09398214201365218,0.5735162937918511,FALSE,FALSE
1996-04-09,Ross,0.598265009,-0.07693823390654453,0.07693823390654453,0.5735162937918511,FALSE,FALSE
1996-04-10,Ross,0.624668596,-0.06983088283997663,0.06983088283997663,0.5735162937918511,FALSE,FALSE
1996-04-11,Ross,0.646249539,-0.06808406537534084,0.06808406537534084,0.5735162937918511,FALSE,FALSE
1996-04-12,Ross,0.670769954,-0.06392468881104318,0.06392468881104318,0.5735162937918511,FALSE,FALSE
1996-04-13,Ross,0.691582296,-0.06395409275861996,0.06395409275861996,0.5735162937918511,FALSE,FALSE
1996-04-14,Ross,0.689478525,-0.08733082131255898,0.08733082131255898,0.5735162937918511,FALSE,FALSE
1996-04-15,Ross,0.71153419,-0.08692982956734896,0.08692982956734896,0.5735162937918511,FALSE,FALSE
1996-04-16,Ross,0.722575252,-0.097875660617476,0.097875660617476,0.5735162937918511,FALSE,FALSE
1996-04-17,Ross,0.73003848,-0.11268204955742844,0.11268204955742844,0.5735162937918511,FALSE,FALSE
1996-04-18,Ross,0.745192321,-0.12003105348169318,0.12003105348169318,0.5735162937918511,FALSE,FALSE
1996-04-19,Ross,0.756383814,-0.13152613748475983,0.13152613748475983,0.5735162937918511,FALSE,FALSE
1996-04-20,Ross,0.803580311,-0.10715045366111207,0.10715045366111207,0.5735162937918511,FALSE,FALSE
1996-04-21,Ross,0.7962815,-0.13735481810523864,0.13735481810523864,0.5735162937918511,FALSE,FALSE
1996-04-22,Ross,0.802385746,-0.15419136991162885,0.15419136991162885,0.5735162937918511,FALSE,FALSE
1996-04-23,Ross,0.834174856,-0.14532880617476762,0.14532880617476762,0.5735162937918511,FALSE,FALSE
1996-04-24,Ross,0.892552985,-0.10982357249581833,0.10982357249581833,0.5735162937918511,FALSE,FALSE
1996-04-25,Ross,0.983412351,-0.04183994266923496,0.04183994266923496,0.5735162937918511,FALSE,FALSE
1996-04-26,Ross,1.01350109,-0.03473926252369819,0.03473926252369819,0.5735162937918511,FALSE,FALSE
1996-04-27,Ross,1.07374236,0.00229158592062628,0.00229158592062628,0.5735162937918511,FALSE,FALSE
1996-04-28,Ross,1.141692867,0.04669926864356766,0.04669926864356766,0.5735162937918511,FALSE,FALSE
1996-04-29,Ross,1.185300252,0.06632138662495501,0.06632138662495501,0.5735162937918511,FALSE,FALSE
1996-04-30,Ross,1.211068299,0.0675516838446164,0.0675516838446164,0.5735162937918511,FALSE,FALSE
1996-05-01,Ross,1.242724709,0.07400782128238537,0.07400782128238537,0.5735162937918511,FALSE,FALSE
1996-05-02,Ross,1.298792006,0.1041022829180911,0.1041022829180911,0.5735162937918511,FALSE,FALSE
1996-05-03,Ross,1.326793631,0.1052484697315621,0.1052484697315621,0.5735162937918511,FALSE,FALSE
1996-05-04,Ross,1.357940915,0.10854767270262956,0.10854767270262956,0.5735162937918511,FALSE,FALSE
1996-05-05,Ross,1.432642722,0.1542987158111242,0.1542987158111242,0.5735162937918511,FALSE,FALSE
1996-05-06,Ross,1.47266525,0.16415784590865343,0.16415784590865343,0.5735162937918511,FALSE,FALSE
1996-05-07,Ross,1.5362323,0.19628846025294777,0.19628846025294777,0.5735162937918511,FALSE,FALSE
1996-05-08,Ross,1.583057459,0.21047561116017843,0.21047561116017843,0.5735162937918511,FALSE,FALSE
1996-05-09,Ross,1.614638882,0.2083106161584947,0.2083106161584947,0.5735162937918511,FALSE,FALSE
1996-05-10,Ross,1.647903595,0.2068136637760487,0.2068136637760487,0.5735162937918511,FALSE,FALSE
1996-05-11,Ross,1.688340066,0.21156638454099252,0.21156638454099252,0.5735162937918511,FALSE,FALSE
1996-05-12,Ross,1.725103347,0.21181699298147283,0.21181699298147283,0.5735162937918511,FALSE,FALSE
1996-05-13,Ross,1.723967148,0.17343236162564435,0.17343236162564435,0.5735162937918511,FALSE,FALSE
1996-05-14,Ross,1.734754777,0.1463289610016563,0.1463289610016563,0.5735162937918511,FALSE,FALSE
1996-05-15,Ross,1.807099592,0.18023331163765777,0.18023331163765777,0.5735162937918511,FALSE,FALSE
1996-05-16,Ross,1.843766542,0.17800352506180306,0.17800352506180306,0.5735162937918511,FALSE,FALSE
1996-05-17,Ross,1.888000241,0.18297737780223877,0.18297737780223877,0.5735162937918511,FALSE,FALSE
1996-05-18,Ross,1.936354697,0.1918020403871168,0.1918020403871168,0.5735162937918511,FALSE,FALSE
1996-05-19,Ross,1.991329729,0.20706744979403768,0.20706744979403768,0.5735162937918511,FALSE,FALSE
1996-05-20,Ross,2.0238485,0.19973133212936256,0.19973133212936256,0.5735162937918511,FALSE,FALSE
1996-05-21,Ross,2.025942538,0.16181124110909484,0.16181124110909484,0.5735162937918511,FALSE,FALSE
1996-05-22,Ross,2.069917244,0.16559697042249377,0.16559697042249377,0.5735162937918511,FALSE,FALSE
1996-05-23,Ross,2.077388097,0.1326883917588182,0.1326883917588182,0.5735162937918511,FALSE,FALSE
1996-05-24,Ross,2.09295267,0.10766747080732908,0.10766747080732908,0.5735162937918511,FALSE,FALSE
1996-05-25,Ross,2.153843055,0.12775069225728686,0.12775069225728686,0.5735162937918511,FALSE,FALSE
1996-05-26,Ross,2.166704437,0.0995676337979492,0.0995676337979492,0.5735162937918511,FALSE,FALSE
1996-05-27,Ross,2.198989744,0.09055561611857454,0.09055561611857454,0.5735162937918511,FALSE,FALSE
1996-05-28,Ross,2.241519959,0.09152001490842254,0.09152001490842254,0.5735162937918511,FALSE,FALSE
1996-05-29,Ross,2.308448159,0.11659829985675384,0.11659829985675384,0.5735162937918511,FALSE,FALSE
1996-05-30,Ross,2.358781177,0.12478169665282612,0.12478169665282612,0.5735162937918511,FALSE,FALSE
1996-05-31,Ross,2.421925061,0.14546064598590025,0.14546064598590025,0.5735162937918511,FALSE,FALSE
1996-06-01,Ross,2.430456838,0.11120122595030768,0.11120122595030768,0.5735162937918511,FALSE,FALSE
1996-06-02,Ross,2.467669601,0.1053062465832535,0.1053062465832535,0.5735162937918511,FALSE,FALSE
1996-06-03,Ross,2.525859241,0.12008704470762677,0.12008704470762677,0.5735162937918511,FALSE,FALSE
1996-06-04,Ross,2.571536791,0.12207009935852796,0.12207009935852796,0.5735162937918511,FALSE,FALSE
1996-06-05,Ross,2.620418632,0.12698723757105457,0.12698723757105457,0.5735162937918511,FALSE,FALSE
1996-06-06,Ross,2.658670468,0.12101960938030264,0.12101960938030264,0.5735162937918511,FALSE,FALSE
1996-06-07,Ross,2.7335498,0.15144016182137543,0.15144016182137543,0.5735162937918511,FALSE,FALSE
1996-06-08,Ross,2.755609527,0.12881723992936944,0.12881723992936944,0.5735162937918511,FALSE,FALSE
1996-06-09,Ross,2.816213717,0.1445303577393804,0.1445303577393804,0.5735162937918511,FALSE,FALSE
1996-06-10,Ross,2.855336896,0.1385694872865093,0.1385694872865093,0.5735162937918511,FALSE,FALSE
1996-06-11,Ross,2.877516736,0.1154877466058557,0.1154877466058557,0.5735162937918511,FALSE,FALSE
1996-06-12,Ross,2.909617567,0.10216491173251718,0.10216491173251718,0.5735162937918511,FALSE,FALSE
1996-06-13,Ross,2.941214463,0.08819212625540995,0.08819212625540995,0.5735162937918511,FALSE,FALSE
1996-06-14,Ross,2.948330679,0.04963620360186294,0.04963620360186294,0.5735162937918511,FALSE,FALSE
1996-06-15,Ross,3.011584356,0.06719655391649093,0.06719655391649093,0.5735162937918511,FALSE,FALSE
1996-06-16,Ross,3.037884527,0.04786621154968307,0.04786621154968307,0.5735162937918511,FALSE,FALSE
1996-06-17,Ross,3.085859613,0.0503575988518139,0.0503575988518139,0.5735162937918511,FALSE,FALSE
1996-06-18,Ross,3.117165212,0.03641031517327819,0.03641031517327819,0.5735162937918511,FALSE,FALSE
1996-06-19,Ross,3.166800006,0.04110704386445363,0.04110704386445363,0.5735162937918511,FALSE,FALSE
1996-06-20,Ross,3.251563553,0.08133134427572619,0.08133134427572619,0.5735162937918511,FALSE,FALSE
1996-06-21,Ross,3.308177102,0.09388846675747864,0.09388846675747864,0.5735162937918511,FALSE,FALSE
1996-06-22,Ross,3.349160773,0.09138253266009631,0.09138253266009631,0.5735162937918511,FALSE,FALSE
1996-06-23,Ross,3.433861121,0.13324409833396267,0.13324409833396267,0.5735162937918511,FALSE,FALSE
1996-06-24,Ross,3.468548456,0.12582747512946302,0.12582747512946302,0.5735162937918511,FALSE,FALSE
1996-06-25,Ross,3.431697035,0.04769092139698072,0.04769092139698072,0.5735162937918511,FALSE,FALSE
1996-06-26,Ross,3.444872597,0.02046911902514114,0.02046911902514114,0.5735162937918511,FALSE,FALSE
1996-06-27,Ross,3.493972112,0.03001419155647022,0.03001419155647022,0.5735162937918511,FALSE,FALSE
1996-06-28,Ross,3.486045584,-0.01672069829159639,0.01672069829159639,0.5735162937918511,FALSE,FALSE
1996-06-29,Ross,3.460335687,-0.08058998513357052,0.08058998513357052,0.5735162937918511,FALSE,FALSE
1996-06-30,Ross,3.463695162,-0.11483803658395786,0.11483803658395786,0.5735162937918511,FALSE,FALSE
1996-07-01,Ross,3.490676895,-0.12500907525726657,0.12500907525726657,0.5735162937918511,FALSE,FALSE
1996-07-02,Ross,3.587882398,-0.06459869776801064,0.06459869776801064,0.5735162937918511,FALSE,FALSE
1996-07-03,Ross,3.629878277,-0.05913740673069467,0.05913740673069467,0.5735162937918511,FALSE,FALSE
1996-07-04,Ross,3.670197602,-0.05518924075982845,0.05518924075982845,0.5735162937918511,FALSE,FALSE
1996-07-05,Ross,3.62776768,-0.13392400146992145,0.13392400146992145,0.5735162937918511,FALSE,FALSE
1996-07-06,Ross,3.58695417,-0.2110731384754776,0.2110731384754776,0.5735162937918511,FALSE,FALSE
1996-07-07,Ross,3.636591667,-0.19789916539101604,0.19789916539101604,0.5735162937918511,FALSE,FALSE
1996-07-08,Ross,3.714544774,-0.15663428036160587,0.15663428036160587,0.5735162937918511,FALSE,FALSE
1996-07-09,Ross,3.74553788,-0.16259109415197104,0.16259109415197104,0.5735162937918511,FALSE,FALSE
1996-07-10,Ross,3.855838416,-0.08940830173400816,0.08940830173400816,0.5735162937918511,FALSE,FALSE
1996-07-11,Ross,3.897506883,-0.08491420872528055,0.08491420872528055,0.5735162937918511,FALSE,FALSE
1996-07-12,Ross,3.934114828,-0.08542607474334973,0.08542607474334973,0.5735162937918511,FALSE,FALSE
1996-07-13,Ross,4.006353711,-0.050141246405774,0.050141246405774,0.5735162937918511,FALSE,FALSE
1996-07-14,Ross,4.076398709,-0.01677335333012308,0.01677335333012308,0.5735162937918511,FALSE,FALSE
1996-07-15,Ross,4.104280189,-0.02518083513395197,0.02518083513395197,0.5735162937918511,FALSE,FALSE
1996-07-16,Ross,4.086014277,-0.07923637243483217,0.07923637243483217,0.5735162937918511,FALSE,FALSE
1996-07-17,Ross,4.075792664,-0.1246370808503201,0.1246370808503201,0.5735162937918511,FALSE,FALSE
1996-07-18,Ross,4.086605078,-0.14828203899798087,0.14828203899798087,0.5735162937918511,FALSE,FALSE
1996-07-19,Ross,4.089571202,-0.17894037049537737,0.17894037049537737,0.5735162937918511,FALSE,FALSE
1996-07-20,Ross,4.116378865,-0.18481305296006936,0.18481305296006936,0.5735162937918511,FALSE,FALSE
1996-07-21,Ross,4.172825964,-0.15999991982171746,0.15999991982171746,0.5735162937918511,FALSE,FALSE
1996-07-22,Ross,4.190038489,-0.17339588062078626,0.17339588062078626,0.5735162937918511,FALSE,FALSE
1996-07-23,Ross,4.186688541,-0.2064395167506836,0.2064395167506836,0.5735162937918511,FALSE,FALSE
1996-07-24,Ross,4.147685079,-0.2743345882292685,0.2743345882292685,0.5735162937918511,FALSE,FALSE
1996-07-25,Ross,4.163612477,-0.2866094400744137,0.2866094400744137,0.5735162937918511,FALSE,FALSE
1996-07-26,Ross,4.206934672,-0.27091285430398937,0.27091285430398937,0.5735162937918511,FALSE,FALSE
1996-07-27,Ross,4.223486532,-0.2815226819358596,0.2815226819358596,0.5735162937918511,FALSE,FALSE
1996-07-28,Ross,4.251440851,-0.2803788479878877,0.2803788479878877,0.5735162937918511,FALSE,FALSE
1996-07-29,Ross,4.276492464,-0.2818992364779458,0.2818992364779458,0.5735162937918511,FALSE,FALSE
1996-07-30,Ross,4.343216256,-0.24162168142389984,0.24162168142389984,0.5735162937918511,FALSE,FALSE
1996-07-31,Ross,4.365713014,-0.24555811484362167,0.24555811484362167,0.5735162937918511,FALSE,FALSE
1996-08-01,Ross,4.40566788,-0.23213611375497223,0.23213611375497223,0.5735162937918511,FALSE,FALSE
1996-08-02,Ross,4.493655721,-0.17089352857794982,0.17089352857794982,0.5735162937918511,FALSE,FALSE
1996-08-03,Ross,4.474605722,-0.21697075559178636,0.21697075559178636,0.5735162937918511,FALSE,FALSE
1996-08-04,Ross,4.468425212,-0.25037443835334106,0.25037443835334106,0.5735162937918511,FALSE,FALSE
1996-08-05,Ross,4.476113996,-0.26998366794289286,0.26998366794289286,0.5735162937918511,FALSE,FALSE
1996-08-06,Ross,4.491676305,-0.28167310944071833,0.28167310944071833,0.5735162937918511,FALSE,FALSE
1996-08-07,Ross,4.483935011,-0.3164987869270872,0.3164987869270872,0.5735162937918511,FALSE,FALSE
1996-08-08,Ross,4.471565706,-0.3556640044822732,0.3556640044822732,0.5735162937918511,FALSE,FALSE
1996-08-09,Ross,4.475957871,-0.37765817718655725,0.37765817718655725,0.5735162937918511,FALSE,FALSE
1996-08-10,Ross,4.542579837,-0.3368918701202057,0.3368918701202057,0.5735162937918511,FALSE,FALSE
1996-08-11,Ross,4.650655463,-0.25402012036349486,0.25402012036349486,0.5735162937918511,FALSE,FALSE
1996-08-12,Ross,4.706313685,-0.22279288799669497,0.22279288799669497,0.5735162937918511,FALSE,FALSE
1996-08-13,Ross,4.72635467,-0.22628890210008823,0.22628890210008823,0.5735162937918511,FALSE,FALSE
1996-08-14,Ross,4.746298852,-0.22886662475394104,0.22886662475394104,0.5735162937918511,FALSE,FALSE
1996-08-15,Ross,4.802789434,-0.19376572967373296,0.19376572967373296,0.5735162937918511,FALSE,FALSE
1996-08-16,Ross,4.878917136,-0.13789668740228667,0.13789668740228667,0.5735162937918511,FALSE,FALSE
1996-08-17,Ross,4.907852814,-0.12822525198885248,0.12822525198885248,0.5735162937918511,FALSE,FALSE
1996-08-18,Ross,4.950923062,-0.10356886082168426,0.10356886082168426,0.5735162937918511,FALSE,FALSE
1996-08-19,Ross,4.913221572,-0.15897785328903868,0.15897785328903868,0.5735162937918511,FALSE,FALSE
1996-08-20,Ross,4.930882609,-0.15846199577916575,0.15846199577916575,0.5735162937918511,FALSE,FALSE
1996-08-21,Ross,4.926814576,-0.17925691668032415,0.17925691668032415,0.5735162937918511,FALSE,FALSE
1996-08-22,Ross,4.917063442,-0.20546067838076443,0.20546067838076443,0.5735162937918511,FALSE,FALSE
1996-08-23,Ross,4.959399452,-0.17944706726873605,0.17944706726873605,0.5735162937918511,FALSE,FALSE
1996-08-24,Ross,4.973823045,-0.18135967573250333,0.18135967573250333,0.5735162937918511,FALSE,FALSE
1996-08-25,Ross,5.000965818,-0.17071093816030913,0.17071093816030913,0.5735162937918511,FALSE,FALSE
1996-08-26,Ross,4.993963763,-0.19450889394041404,0.19450889394041404,0.5735162937918511,FALSE,FALSE
1996-08-27,Ross,4.950399941,-0.2553145134610695,0.2553145134610695,0.5735162937918511,FALSE,FALSE
1996-08-28,Ross,4.903755761,-0.3197631403147474,0.3197631403147474,0.5735162937918511,FALSE,FALSE
1996-08-29,Ross,4.858762578,-0.3830743798659215,0.3830743798659215,0.5735162937918511,FALSE,FALSE
1996-08-30,Ross,4.848019633,-0.4125376580574729,0.4125376580574729,0.5735162937918511,FALSE,FALSE
1996-08-31,Ross,4.829317284,-0.45025117209833887,0.45025117209833887,0.5735162937918511,FALSE,FALSE
1996-09-01,Ross,4.79699966,-0.5017593481974609,0.5017593481974609,0.5735162937918511,FALSE,FALSE
1996-09-02,Ross,4.818156294,-0.49986120856377614,0.49986120856377614,0.5735162937918511,FALSE,FALSE
1996-09-03,Ross,4.804624041,-0.5326084534062199,0.5326084534062199,0.5735162937918511,FALSE,FALSE
1996-09-04,Ross,4.810804453,-0.5454880859337328,0.5454880859337328,0.5735162937918511,FALSE,FALSE
1996-09-05,Ross,4.819027881,-0.5560583103552528,0.5560583103552528,0.5735162937918511,FALSE,FALSE
1996-09-06,Ross,4.780800469,-0.6127015378797172,0.6127015378797172,0.5735162937918511,TRUE,FALSE
1996-09-07,Ross,4.787007856,-0.6244206847160605,0.6244206847160605,0.5735162937918511,TRUE,FALSE
1996-09-08,Ross,4.883195864,-0.5455584840732266,0.5455584840732266,0.5735162937918511,FALSE,FALSE
1996-09-09,Ross,4.93591165,-0.5094567967613193,0.5094567967613193,0.5735162937918511,FALSE,FALSE
1996-09-10,Ross,5.002199236,-0.4590045340787192,0.4590045340787192,0.5735162937918511,FALSE,FALSE
1996-09-11,Ross,5.02531685,-0.4509558711455357,0.4509558711455357,0.5735162937918511,FALSE,FALSE
1996-09-12,Ross,5.014136411,-0.4764596595613009,0.4764596595613009,0.5735162937918511,FALSE,FALSE
1996-09-13,Ross,5.031638562,-0.47255602692553467,0.47255602692553467,0.5735162937918511,FALSE,FALSE
1996-09-14,Ross,5.060997277,-0.4560917698377702,0.4560917698377702,0.5735162937918511,FALSE,FALSE
1996-09-15,Ross,5.081731412,-0.4475688028975302,0.4475688028975302,0.5735162937918511,FALSE,FALSE
1996-09-16,Ross,5.083167131,-0.4576817327043408,0.4576817327043408,0.5735162937918511,FALSE,FALSE
1996-09-17,Ross,5.04628917,-0.5054665938577312,0.5054665938577312,0.5735162937918511,FALSE,FALSE
1996-09-18,Ross,5.016603009,-0.5454386769572253,0.5454386769572253,0.5735162937918511,FALSE,FALSE
1996-09-19,Ross,4.955304912,-0.6164224886023524,0.6164224886023524,0.5735162937918511,TRUE,TRUE
1996-09-20,Ross,4.945094738,-0.6357389403926366,0.6357389403926366,0.5735162937918511,TRUE,TRUE
1996-09-21,Ross,4.947378904,-0.6420023859276078,0.6420023859276078,0.5735162937918511,TRUE,TRUE
1996-09-22,Ross,4.941525173,-0.6558640230679815,0.6558640230679815,0.5735162937918511,TRUE,TRUE
1996-09-23,Ross,5.008100664,-0.5967563183846085,0.5967563183846085,0.5735162937918511,TRUE,TRUE
1996-09-24,Ross,5.110331633,-0.5014408480996497,0.5014408480996497,0.5735162937918511,FALSE,FALSE
1996-09-25,Ross,5.130544392,-0.4875789675228255,0.4875789675228255,0.5735162937918511,FALSE,FALSE
1996-09-26,Ross,5.069892366,-0.5540049189638561,0.5540049189638561,0.5735162937918511,FALSE,FALSE
1996-09-27,Ross,5.021481897,-0.6076000277324605,0.6076000277324605,0.5735162937918511,TRUE,TRUE
1996-09-28,Ross,4.986094727,-0.6475702191383546,0.6475702191383546,0.5735162937918511,TRUE,TRUE
1996-09-29,Ross,4.969062616,-0.668571400491258,0.668571400491258,0.5735162937918511,TRUE,TRUE
1996-09-30,Ross,4.977280122,-0.6636966811008902,0.6636966811008902,0.5735162937918511,TRUE,TRUE
1996-10-01,Ross,4.992186144,-0.6514948292769693,0.6514948292769693,0.5735162937918511,TRUE,TRUE
1996-10-02,Ross,4.970133378,-0.6756008163292124,0.6756008163292124,0.5735162937918511,TRUE,TRUE
1996-10-03,Ross,4.990187919,-0.6569362145673399,0.6569362145673399,0.5735162937918511,TRUE,TRUE
1996-10-04,Ross,4.993990986,-0.6538474651821744,0.6538474651821744,0.5735162937918511,TRUE,TRUE
1996-10-05,Ross,5.000284913,-0.6475712831381673,0.6475712831381673,0.5735162937918511,TRUE,TRUE
1996-10-06,Ross,5.0291854560000004,-0.6179456310528835,0.6179456310528835,0.5735162937918511,TRUE,TRUE
1996-10-07,Ross,5.014622399,-0.6309898094068922,0.6309898094068922,0.5735162937918511,TRUE,TRUE
1996-10-08,Ross,4.950808338,-0.6924403066807479,0.6924403066807479,0.5735162937918511,TRUE,TRUE
1996-10-09,Ross,4.928291377,-0.7116981033550127,0.7116981033550127,0.5735162937918511,TRUE,TRUE
1996-10-10,Ross,4.922292036,-0.7134917639102483,0.7134917639102483,0.5735162937918511,TRUE,TRUE
1996-10-11,Ross,4.946907095,-0.6836735928270121,0.6836735928270121,0.5735162937918511,TRUE,TRUE
1996-10-12,Ross,4.950422084,-0.6739071445858693,0.6739071445858693,0.5735162937918511,TRUE,TRUE
1996-10-13,Ross,4.952852134,-0.6641263726673774,0.6641263726673774,0.5735162937918511,TRUE,TRUE
1996-10-14,Ross,4.939272526,-0.6692050805520964,0.6692050805520964,0.5735162937918511,TRUE,TRUE
1996-10-15,Ross,4.913918107,-0.6848575057205917,0.6848575057205917,0.5735162937918511,TRUE,TRUE
1996-10-16,Ross,4.887415601,-0.7004060086534194,0.7004060086534194,0.5735162937918511,TRUE,TRUE
1996-10-17,Ross,4.847330081,-0.7282384360587031,0.7282384360587031,0.5735162937918511,TRUE,TRUE
1996-10-18,Ross,4.848387761,-0.7136629527416467,0.7136629527416467,0.5735162937918511,TRUE,TRUE
1996-10-19,Ross,4.881628159,-0.6657522956496988,0.6657522956496988,0.5735162937918511,TRUE,TRUE
1996-10-20,Ross,4.902622267,-0.6290508459123716,0.6290508459123716,0.5735162937918511,TRUE,TRUE
1996-10-21,Ross,4.876445752,-0.6385983096591739,0.6385983096591739,0.5735162937918511,TRUE,TRUE
1996-10-22,Ross,4.815981353,-0.6816273210196186,0.6816273210196186,0.5735162937918511,TRUE,TRUE
1996-10-23,Ross,4.787629076,-0.6918532471232126,0.6918532471232126,0.5735162937918511,TRUE,TRUE
1996-10-24,Ross,4.791826348,-0.6689540340994666,0.6689540340994666,0.5735162937918511,TRUE,TRUE
1996-10-25,Ross,4.780641901,-0.6609763230778913,0.6609763230778913,0.5735162937918511,TRUE,TRUE
1996-10-26,Ross,4.763167713,-0.6589435091879974,0.6589435091879974,0.5735162937918511,TRUE,TRUE
1996-10-27,Ross,4.731184029,-0.6711907205592924,0.6711907205592924,0.5735162937918511,TRUE,TRUE
1996-10-28,Ross,4.72336754,-0.6591566393212869,0.6591566393212869,0.5735162937918511,TRUE,TRUE
1996-10-29,Ross,4.720958984,-0.6417159006034909,0.6417159006034909,0.5735162937918511,TRUE,TRUE
1996-10-30,Ross,4.764436619,-0.5784655428497532,0.5784655428497532,0.5735162937918511,TRUE,TRUE
1996-10-31,Ross,4.807046545,-0.5160374963547589,0.5160374963547589,0.5735162937918511,FALSE,FALSE
1996-11-01,Ross,4.848345503,-0.45469245791771584,0.45469245791771584,0.5735162937918511,FALSE,FALSE
1996-11-02,Ross,4.843555572,-0.4390257700489739,0.4390257700489739,0.5735162937918511,FALSE,FALSE
1996-11-03,Ross,4.870870988,-0.3906606182588863,0.3906606182588863,0.5735162937918511,FALSE,FALSE
1996-11-04,Ross,4.913474031,-0.3262321440578031,0.3262321440578031,0.5735162937918511,FALSE,FALSE
1996-11-05,Ross,4.885538262,-0.3313842079560736,0.3313842079560736,0.5735162937918511,FALSE,FALSE
1996-11-06,Ross,4.877489089,-0.31550882346405107,0.31550882346405107,0.5735162937918511,FALSE,FALSE
1996-11-07,Ross,4.855099802,-0.312650122092089,0.312650122092089,0.5735162937918511,FALSE,FALSE
1996-11-08,Ross,4.806088216,-0.3349077103505351,0.3349077103505351,0.5735162937918511,FALSE,FALSE
1996-11-09,Ross,4.766331975,-0.34622136574974327,0.34622136574974327,0.5735162937918511,FALSE,FALSE
1996-11-10,Ross,4.700836301,-0.3814032878000626,0.3814032878000626,0.5735162937918511,FALSE,FALSE
1996-11-11,Ross,4.65403073,-0.3958428429302119,0.3958428429302119,0.5735162937918511,FALSE,FALSE
1996-11-12,Ross,4.598878851,-0.4164772674919943,0.4164772674919943,0.5735162937918511,FALSE,FALSE
1996-11-13,Ross,4.546354506,-0.43235669208485383,0.43235669208485383,0.5735162937918511,FALSE,FALSE
1996-11-14,Ross,4.522890849,-0.4170820929273047,0.4170820929273047,0.5735162937918511,FALSE,FALSE
1996-11-15,Ross,4.473505002,-0.42567047823786286,0.42567047823786286,0.5735162937918511,FALSE,FALSE
1996-11-16,Ross,4.430761572,-0.4255913712350434,0.4255913712350434,0.5735162937918511,FALSE,FALSE
1996-11-17,Ross,4.406649868,-0.40488959313736306,0.40488959313736306,0.5735162937918511,FALSE,FALSE
1996-11-18,Ross,4.344454075,-0.4203150891633341,0.4203150891633341,0.5735162937918511,FALSE,FALSE
1996-11-19,Ross,4.284071625,-0.43200455753147526,0.43200455753147526,0.5735162937918511,FALSE,FALSE
1996-11-20,Ross,4.213286238,-0.4522084084602964,0.4522084084602964,0.5735162937918511,FALSE,FALSE
1996-11-21,Ross,4.19739536,-0.41566332616832025,0.41566332616832025,0.5735162937918511,FALSE,FALSE
1996-11-22,Ross,4.130957336,-0.4278450958740576,0.4278450958740576,0.5735162937918511,FALSE,FALSE
1996-11-23,Ross,4.074069984,-0.4286900297960239,0.4286900297960239,0.5735162937918511,FALSE,FALSE
1996-11-24,Ross,4.017106868,-0.42783363325431,0.42783363325431,0.5735162937918511,FALSE,FALSE
1996-11-25,Ross,3.955448442,-0.42969256068889816,0.42969256068889816,0.5735162937918511,FALSE,FALSE
1996-11-26,Ross,3.889819974,-0.43323207311412393,0.43323207311412393,0.5735162937918511,FALSE,FALSE
1996-11-27,Ross,3.863025801,-0.3953375552670737,0.3953375552670737,0.5735162937918511,FALSE,FALSE
1996-11-28,Ross,3.827964537,-0.36280011488482833,0.36280011488482833,0.5735162937918511,FALSE,FALSE
1996-11-29,Ross,3.76302318,-0.3569224757044718,0.3569224757044718,0.5735162937918511,FALSE,FALSE
1996-11-30,Ross,3.693326882,-0.35226920746309087,0.35226920746309087,0.5735162937918511,FALSE,FALSE
1996-12-01,Ross,3.5680748,-0.39933087489776664,0.39933087489776664,0.5735162937918511,FALSE,FALSE
1996-12-02,Ross,3.570148916,-0.3149152177455856,0.3149152177455856,0.5735162937918511,FALSE,FALSE
1996-12-03,Ross,3.425538876,-0.37272231174363046,0.37272231174363046,0.5735162937918511,FALSE,FALSE
1996-12-04,Ross,3.302636015,-0.40405054362898474,0.40405054362898474,0.5735162937918511,FALSE,FALSE
1996-12-05,Ross,3.17085148,-0.4391784881387348,0.4391784881387348,0.5735162937918511,FALSE,FALSE
1996-12-06,Ross,3.074225467,-0.43375657333323225,0.43375657333323225,0.5735162937918511,FALSE,FALSE
1996-12-07,Ross,2.989929704,-0.4105838052901025,0.4105838052901025,0.5735162937918511,FALSE,FALSE
1996-12-08,Ross,2.909786729,-0.3784839025982101,0.3784839025982101,0.5735162937918511,FALSE,FALSE
1996-12-09,Ross,2.79991187,-0.372087583581461,0.372087583581461,0.5735162937918511,FALSE,FALSE
1996-12-10,Ross,2.668254798,-0.38419122356377367,0.38419122356377367,0.5735162937918511,FALSE,FALSE
1996-12-11,Ross,2.504139632,-0.42621674986905234,0.42621674986905234,0.5735162937918511,FALSE,FALSE
1996-12-12,Ross,2.358890747,-0.44758583382121087,0.44758583382121087,0.5735162937918511,FALSE,FALSE
1996-12-13,Ross,2.201697218,-0.47985544674415914,0.47985544674415914,0.5735162937918511,FALSE,FALSE
1996-12-14,Ross,1.993584089,-0.5627465909618055,0.5627465909618055,0.5735162937918511,FALSE,FALSE
1996-12-15,Ross,1.774140598,-0.6574160747980657,0.6574160747980657,0.5735162937918511,TRUE,TRUE
1996-12-16,Ross,1.639485146,-0.668491543576845,0.668491543576845,0.5735162937918511,TRUE,TRUE
1996-12-17,Ross,1.514453546,-0.6718832306220568,0.6718832306220568,0.5735162937918511,TRUE,TRUE
1996-12-18,Ross,1.446799879,-0.6205831012576113,0.6205831012576113,0.5735162937918511,TRUE,TRUE
1996-12-19,Ross,1.33965691,-0.6121852626433562,0.6121852626433562,0.5735162937918511,TRUE,TRUE
1996-12-20,Ross,1.235140275,-0.6049977704463254,0.6049977704463254,0.5735162937918511,TRUE,TRUE
1996-12-21,Ross,1.181820852,-0.550631433298046,0.550631433298046,0.5735162937918511,FALSE,FALSE
1996-12-22,Ross,1.155180562,-0.4737792728944641,0.4737792728944641,0.5735162937918511,FALSE,FALSE
1996-12-23,Ross,1.121188455,-0.4086471819315251,0.4086471819315251,0.5735162937918511,FALSE,FALSE
1996-12-24,Ross,1.075095138,-0.3601594961051744,0.3601594961051744,0.5735162937918511,FALSE,FALSE
1996-12-25,Ross,1.036833925,-0.3085578441113601,0.3085578441113601,0.5735162937918511,FALSE,FALSE
1996-12-26,Ross,0.978959707,-0.2814622776460274,0.2814622776460274,0.5735162937918511,FALSE,FALSE
1996-12-27,Ross,0.935974463,-0.24454576040511755,0.24454576040511755,0.5735162937918511,FALSE,FALSE
1996-12-28,Ross,0.877598609,-0.228262819084584,0.228262819084584,0.5735162937918511,FALSE,FALSE
1996-12-29,Ross,0.834168777,-0.2024517643803684,0.2024517643803684,0.5735162937918511,FALSE,FALSE
1996-12-30,Ross,0.808366087,-0.16460641898841655,0.16460641898841655,0.5735162937918511,FALSE,FALSE
1996-12-31,Ross,0.791076575,-0.12401568960467556,0.12401568960467556,0.5735162937918511,FALSE,FALSE
1997-01-01,Ross,0.7537,-0.16139226460467504,0.16139226460467504,0.5735162937918511,FALSE,FALSE
1997-01-02,Ross,0.732884751,-0.1301653651851722,0.1301653651851722,0.5735162937918511,FALSE,FALSE
1997-01-03,Ross,0.711951318,-0.104546466726271,0.104546466726271,0.5735162937918511,FALSE,FALSE
1997-01-04,Ross,0.680312739,-0.09466961148441932,0.09466961148441932,0.5735162937918511,FALSE,FALSE
1997-01-05,Ross,0.659869657,-0.07818123671605481,0.07818123671605481,0.5735162937918511,FALSE,FALSE
1997-01-06,Ross,0.652362627,-0.05288786767762898,0.05288786767762898,0.5735162937918511,FALSE,FALSE
1997-01-07,Ross,0.623381052,-0.05274718162558556,0.05274718162558556,0.5735162937918511,FALSE,FALSE
1997-01-08,Ross,0.595644469,-0.0545867218163677,0.0545867218163677,0.5735162937918511,FALSE,FALSE
1997-01-09,Ross,0.587611578,-0.03949486850642103,0.03949486850642103,0.5735162937918511,FALSE,FALSE
1997-01-10,Ross,0.559274916,-0.04702616495219214,0.04702616495219214,0.5735162937918511,FALSE,FALSE
1997-01-11,Ross,0.550694076,-0.03666809841012519,0.03666809841012519,0.5735162937918511,FALSE,FALSE
1997-01-12,Ross,0.543298323,-0.02653848413666426,0.02653848413666426,0.5735162937918511,FALSE,FALSE
1997-01-13,Ross,0.53406515,-0.01920690938825553,0.01920690938825553,0.5735162937918511,FALSE,FALSE
1997-01-14,Ross,0.518710396,-0.01851038227497792,0.01851038227497792,0.5735162937918511,FALSE,FALSE
1997-01-15,Ross,0.51193606,-0.00950669351513988,0.00950669351513988,0.5735162937918511,FALSE,FALSE
1997-01-16,Ross,0.49952372,-0.00643330960583365,0.00643330960583365,0.5735162937918511,FALSE,FALSE
1997-01-17,Ross,0.489672146,-0.00112690119687464,0.00112690119687464,0.5735162937918511,FALSE,FALSE
1997-01-18,Ross,0.476305485,3.0123806192217106e-4,3.0123806192217106e-4,0.5735162937918511,FALSE,FALSE
1997-01-19,Ross,0.462790318,0.00118224852074055,0.00118224852074055,0.5735162937918511,FALSE,FALSE
1997-01-20,Ross,0.434905254,-0.01274070147023409,0.01274070147023409,0.5735162937918511,FALSE,FALSE
1997-01-21,Ross,0.413951679,-0.02020166656081767,0.02020166656081767,0.5735162937918511,FALSE,FALSE
1997-01-22,Ross,0.395394128,-0.02577155240082529,0.02577155240082529,0.5735162937918511,FALSE,FALSE
1997-01-23,Ross,0.382607686,-0.0261107146400738,0.0261107146400738,0.5735162937918511,FALSE,FALSE
1997-01-24,Ross,0.377790063,-0.01905688392837795,0.01905688392837795,0.5735162937918511,FALSE,FALSE
1997-01-25,Ross,0.377070459,-0.00851630091555266,0.00851630091555266,0.5735162937918511,FALSE,FALSE
1997-01-26,Ross,0.362850853,-0.01212242725141349,0.01212242725141349,0.5735162937918511,FALSE,FALSE
1997-01-27,Ross,0.339936517,-0.02509824661440796,0.02509824661440796,0.5735162937918511,FALSE,FALSE
1997-01-28,Ross,0.3275939,-0.02815692731451657,0.02815692731451657,0.5735162937918511,FALSE,FALSE
1997-01-29,Ross,0.32198549,-0.0250954304304537,0.0250954304304537,0.5735162937918511,FALSE,FALSE
1997-01-30,Ross,0.302728379,-0.03625604807266347,0.03625604807266347,0.5735162937918511,FALSE,FALSE
1997-01-31,Ross,0.295960563,-0.03546016835158677,0.03546016835158677,0.5735162937918511,FALSE,FALSE
1997-02-01,Ross,0.288472735,-0.03587648237766594,0.03587648237766594,0.5735162937918511,FALSE,FALSE
1997-02-02,Ross,0.280446424,-0.03728284526134412,0.03728284526134412,0.5735162937918511,FALSE,FALSE
1997-02-03,Ross,0.263236143,-0.04828412811306204,0.04828412811306204,0.5735162937918511,FALSE,FALSE
1997-02-04,Ross,0.25645501,-0.04922659704326176,0.04922659704326176,0.5735162937918511,FALSE,FALSE
1997-02-05,Ross,0.253219228,-0.04695343316238587,0.04695343316238587,0.5735162937918511,FALSE,FALSE
1997-02-06,Ross,0.240844002,-0.05410881558087649,0.05410881558087649,0.5735162937918511,FALSE,FALSE
1997-02-07,Ross,0.244501149,-0.04548031140917449,0.04548031140917449,0.5735162937918511,FALSE,FALSE
1997-02-08,Ross,0.25075159,-0.03446653393106153,0.03446653393106153,0.5735162937918511,FALSE,FALSE
1997-02-09,Ross,0.267589928,-0.01305224081342121,0.01305224081342121,0.5735162937918511,FALSE,FALSE
1997-02-10,Ross,0.278149722,0.00187733636262427,0.00187733636262427,0.5735162937918511,FALSE,FALSE
1997-02-11,Ross,0.274977488,0.00284526107515142,0.00284526107515142,0.5735162937918511,FALSE,FALSE
1997-02-12,Ross,0.261802538,-0.00644260719776257,0.00644260719776257,0.5735162937918511,FALSE,FALSE
1997-02-13,Ross,0.227056232,-0.03757836097804321,0.03757836097804321,0.5735162937918511,FALSE,FALSE
1997-02-14,Ross,0.219069143,-0.04225487978761141,0.04225487978761141,0.5735162937918511,FALSE,FALSE
1997-02-15,Ross,0.229711385,-0.02862550214839143,0.02862550214839143,0.5735162937918511,FALSE,FALSE
1997-02-16,Ross,0.238430576,-0.01726606258230967,0.01726606258230967,0.5735162937918511,FALSE,FALSE
1997-02-17,Ross,0.230349882,-0.02307684761128592,0.02307684761128592,0.5735162937918511,FALSE,FALSE
1997-02-18,Ross,0.243337152,-0.00821346075724638,0.00821346075724638,0.5735162937918511,FALSE,FALSE
1997-02-19,Ross,0.237170176,-0.01292156454211379,0.01292156454211379,0.5735162937918511,FALSE,FALSE
1997-02-20,Ross,0.236660114,-0.01241345148781195,0.01241345148781195,0.5735162937918511,FALSE,FALSE
1997-02-21,Ross,0.215723866,-0.03279394528144233,0.03279394528144233,0.5735162937918511,FALSE,FALSE
1997-02-22,Ross,0.20537127,-0.04305397185089416,0.04305397185089416,0.5735162937918511,FALSE,FALSE
1997-02-23,Ross,0.211669435,-0.03711324277757349,0.03711324277757349,0.5735162937918511,FALSE,FALSE
1997-02-24,Ross,0.215965878,-0.03361080958941009,0.03361080958941009,0.5735162937918511,FALSE,FALSE
1997-02-25,Ross,0.205863876,-0.04492996381433073,0.04492996381433073,0.5735162937918511,FALSE,FALSE
1997-02-26,Ross,0.180271455,-0.07214924798026415,0.07214924798026415,0.5735162937918511,FALSE,FALSE
1997-02-27,Ross,0.200721486,-0.05372235961513633,0.05372235961513633,0.5735162937918511,FALSE,FALSE
1997-02-28,Ross,0.192602583,-0.06424725324687564,0.06424725324687564,0.5735162937918511,FALSE,FALSE
1997-03-01,Ross,0.191299533,-0.06832571040341026,0.06832571040341026,0.5735162937918511,FALSE,FALSE
1997-03-02,Ross,0.221546574,-0.04121006161266694,0.04121006161266694,0.5735162937918511,FALSE,FALSE
1997-03-03,Ross,0.228434153,-0.03779642840257472,0.03779642840257472,0.5735162937918511,FALSE,FALSE
1997-03-04,Ross,0.216019408,-0.05401424130105989,0.05401424130105989,0.5735162937918511,FALSE,FALSE
1997-03-05,Ross,0.199504351,-0.0746480580383663,0.0746480580383663,0.5735162937918511,FALSE,FALSE
1997-03-06,Ross,0.207574316,-0.07100358681051669,0.07100358681051669,0.5735162937918511,FALSE,FALSE
1997-03-07,Ross,0.203272168,-0.08004356546322525,0.08004356546322525,0.5735162937918511,FALSE,FALSE
1997-03-08,Ross,0.200187448,-0.08818701399080231,0.08818701399080231,0.5735162937918511,FALSE,FALSE
1997-03-09,Ross,0.210039651,-0.0837229983875536,0.0837229983875536,0.5735162937918511,FALSE,FALSE
1997-03-10,Ross,0.216790091,-0.08269876564778697,0.08269876564778697,0.5735162937918511,FALSE,FALSE
1997-03-11,Ross,0.227041323,-0.07852032176581,0.07852032176581,0.5735162937918511,FALSE,FALSE
1997-03-12,Ross,0.224352427,-0.08763714773593098,0.08763714773593098,0.5735162937918511,FALSE,FALSE
1997-03-13,Ross,0.214308989,-0.10447221855245624,0.10447221855245624,0.5735162937918511,FALSE,FALSE
1997-03-14,Ross,0.215077944,-0.11086716020969126,0.11086716020969126,0.5735162937918511,FALSE,FALSE
1997-03-15,Ross,0.230621414,-0.1028684117019483,0.1028684117019483,0.5735162937918511,FALSE,FALSE
1997-03-16,Ross,0.277152832,-0.06427110102353034,0.06427110102353034,0.5735162937918511,FALSE,FALSE
1997-03-17,Ross,0.295153766,-0.05460222116874841,0.05460222116874841,0.5735162937918511,FALSE,FALSE
1997-03-18,Ross,0.314257239,-0.04423714965721825,0.04423714965721825,0.5735162937918511,FALSE,FALSE
1997-03-19,Ross,0.329523016,-0.03812051417664003,0.03812051417664003,0.5735162937918511,FALSE,FALSE
1997-03-20,Ross,0.341851531,-0.0353520811889465,0.0353520811889465,0.5735162937918511,FALSE,FALSE
1997-03-21,Ross,0.334428884,-0.0527457537792258,0.0527457537792258,0.5735162937918511,FALSE,FALSE
1997-03-22,Ross,0.330898235,-0.06665837503256361,0.06665837503256361,0.5735162937918511,FALSE,FALSE
1997-03-23,Ross,0.340287081,-0.06806245103404801,0.06806245103404801,0.5735162937918511,FALSE,FALSE
1997-03-24,Ross,0.345845994,-0.0737074128687682,0.0737074128687682,0.5735162937918511,FALSE,FALSE
1997-03-25,Ross,0.339765875,-0.0914023626218069,0.0914023626218069,0.5735162937918511,FALSE,FALSE
1997-03-26,Ross,0.339822886,-0.1033711413782557,0.1033711413782557,0.5735162937918511,FALSE,FALSE
1997-03-27,Ross,0.368151191,-0.08747958822319829,0.08747958822319829,0.5735162937918511,FALSE,FALSE
1997-03-28,Ross,0.402166831,-0.06631166524172616,0.06631166524172616,0.5735162937918511,FALSE,FALSE
1997-03-29,Ross,0.430438139,-0.05129904251892248,0.05129904251892248,0.5735162937918511,FALSE,FALSE
1997-03-30,Ross,0.448180728,-0.04722611013987654,0.04722611013987654,0.5735162937918511,FALSE,FALSE
1997-03-31,Ross,0.462266969,-0.04722178419165906,0.04722178419165906,0.5735162937918511,FALSE,FALSE
1997-04-01,Ross,0.451005381,-0.07298585115885436,0.07298585115885436,0.5735162937918511,FALSE,FALSE
1997-04-02,Ross,0.44916844,-0.08975652647875787,0.08975652647875787,0.5735162937918511,FALSE,FALSE
1997-04-03,Ross,0.457276242,-0.09702440756112636,0.09702440756112636,0.5735162937918511,FALSE,FALSE
1997-04-04,Ross,0.45977106,-0.110357914815722,0.110357914815722,0.5735162937918511,FALSE,FALSE
1997-04-05,Ross,0.481172556,-0.10524807965230264,0.10524807965230264,0.5735162937918511,FALSE,FALSE
1997-04-06,Ross,0.496072504,-0.1071138214806251,0.1071138214806251,0.5735162937918511,FALSE,FALSE
1997-04-07,Ross,0.498556975,-0.1218797627104528,0.1218797627104528,0.5735162937918511,FALSE,FALSE
1997-04-08,Ross,0.522577161,-0.11560540475154212,0.11560540475154212,0.5735162937918511,FALSE,FALSE
1997-04-09,Ross,0.545593388,-0.11084111501365213,0.11084111501365213,0.5735162937918511,FALSE,FALSE
1997-04-10,Ross,0.565382057,-0.10982118590654456,0.10982118590654456,0.5735162937918511,FALSE,FALSE
1997-04-11,Ross,0.567864202,-0.12663527683997666,0.12663527683997666,0.5735162937918511,FALSE,FALSE
1997-04-12,Ross,0.582354567,-0.1319790373753409,0.1319790373753409,0.5735162937918511,FALSE,FALSE
1997-04-13,Ross,0.610104208,-0.12459043481104316,0.12459043481104316,0.5735162937918511,FALSE,FALSE
1997-04-14,Ross,0.638471648,-0.11706474075861996,0.11706474075861996,0.5735162937918511,FALSE,FALSE
1997-04-15,Ross,0.674819219,-0.10199012731255896,0.10199012731255896,0.5735162937918511,FALSE,FALSE
1997-04-16,Ross,0.699411718,-0.0990523015673489,0.0990523015673489,0.5735162937918511,FALSE,FALSE
1997-04-17,Ross,0.720735337,-0.0997155756174759,0.0997155756174759,0.5735162937918511,FALSE,FALSE
1997-04-18,Ross,0.742466087,-0.10025444255742844,0.10025444255742844,0.5735162937918511,FALSE,FALSE
1997-04-19,Ross,0.742917168,-0.1223062064816932,0.1223062064816932,0.5735162937918511,FALSE,FALSE
1997-04-20,Ross,0.740874534,-0.1470354174847598,0.1470354174847598,0.5735162937918511,FALSE,FALSE
1997-04-21,Ross,0.744925479,-0.1658052856611122,0.1658052856611122,0.5735162937918511,FALSE,FALSE
1997-04-22,Ross,0.72896791,-0.20466840810523856,0.20466840810523856,0.5735162937918511,FALSE,FALSE
1997-04-23,Ross,0.742259758,-0.21431735791162887,0.21431735791162887,0.5735162937918511,FALSE,FALSE
1997-04-24,Ross,0.766186801,-0.21331686117476756,0.21331686117476756,0.5735162937918511,FALSE,FALSE
1997-04-25,Ross,0.786571503,-0.21580505449581833,0.21580505449581833,0.5735162937918511,FALSE,FALSE
1997-04-26,Ross,0.802006957,-0.22324533666923496,0.22324533666923496,0.5735162937918511,FALSE,FALSE
1997-04-27,Ross,0.813660051,-0.23458030152369824,0.23458030152369824,0.5735162937918511,FALSE,FALSE
1997-04-28,Ross,0.823524634,-0.24792614007937375,0.24792614007937375,0.5735162937918511,FALSE,FALSE
1997-04-29,Ross,0.852863246,-0.24213035235643232,0.24213035235643232,0.5735162937918511,FALSE,FALSE
1997-04-30,Ross,0.898409885,-0.22056898037504505,0.22056898037504505,0.5735162937918511,FALSE,FALSE
1997-05-01,Ross,0.94020838,-0.20330823515538352,0.20330823515538352,0.5735162937918511,FALSE,FALSE
1997-05-02,Ross,0.949409788,-0.21930709971761464,0.21930709971761464,0.5735162937918511,FALSE,FALSE
1997-05-03,Ross,0.95181915,-0.24287057308190896,0.24287057308190896,0.5735162937918511,FALSE,FALSE
1997-05-04,Ross,0.914768191,-0.30677697026843787,0.30677697026843787,0.5735162937918511,FALSE,FALSE
1997-05-05,Ross,0.921591802,-0.32780144029737035,0.32780144029737035,0.5735162937918511,FALSE,FALSE
1997-05-06,Ross,0.920901802,-0.35744220418887573,0.35744220418887573,0.5735162937918511,FALSE,FALSE
1997-05-07,Ross,0.948866399,-0.35964100509134644,0.35964100509134644,0.5735162937918511,FALSE,FALSE
1997-05-08,Ross,0.965977571,-0.3739662687470522,0.3739662687470522,0.5735162937918511,FALSE,FALSE
1997-05-09,Ross,1.010267423,-0.3623144248398216,0.3623144248398216,0.5735162937918511,FALSE,FALSE
1997-05-10,Ross,1.056934954,-0.34939331184150535,0.34939331184150535,0.5735162937918511,FALSE,FALSE
1997-05-11,Ross,1.113242878,-0.32784705322395125,0.32784705322395125,0.5735162937918511,FALSE,FALSE
1997-05-12,Ross,1.159136934,-0.3176367474590076,0.3176367474590076,0.5735162937918511,FALSE,FALSE
1997-05-13,Ross,1.198013994,-0.315272360018527,0.315272360018527,0.5735162937918511,FALSE,FALSE
1997-05-14,Ross,1.247259739,-0.30327504737435573,0.30327504737435573,0.5735162937918511,FALSE,FALSE
1997-05-15,Ross,1.292400477,-0.2960253389983438,0.2960253389983438,0.5735162937918511,FALSE,FALSE
1997-05-16,Ross,1.306814695,-0.32005158536234224,0.32005158536234224,0.5735162937918511,FALSE,FALSE
1997-05-17,Ross,1.32108978,-0.34467323693819685,0.34467323693819685,0.5735162937918511,FALSE,FALSE
1997-05-18,Ross,1.362124106,-0.3428987571977613,0.3428987571977613,0.5735162937918511,FALSE,FALSE
1997-05-19,Ross,1.387336401,-0.3572162556128833,0.3572162556128833,0.5735162937918511,FALSE,FALSE
1997-05-20,Ross,1.405314678,-0.3789476012059622,0.3789476012059622,0.5735162937918511,FALSE,FALSE
1997-05-21,Ross,1.507737209,-0.3163799588706375,0.3163799588706375,0.5735162937918511,FALSE,FALSE
1997-05-22,Ross,1.561172492,-0.3029588048909049,0.3029588048909049,0.5735162937918511,FALSE,FALSE
1997-05-23,Ross,1.591259295,-0.31306097857750625,0.31306097857750625,0.5735162937918511,FALSE,FALSE
1997-05-24,Ross,1.640889633,-0.30381007224118184,0.30381007224118184,0.5735162937918511,FALSE,FALSE
1997-05-25,Ross,1.698834159,-0.28645104019267076,0.28645104019267076,0.5735162937918511,FALSE,FALSE
1997-05-26,Ross,1.650499447,-0.3755929157427129,0.3755929157427129,0.5735162937918511,FALSE,FALSE
1997-05-27,Ross,1.677226956,-0.3899098472020508,0.3899098472020508,0.5735162937918511,FALSE,FALSE
1997-05-28,Ross,1.728937579,-0.3794965488814255,0.3794965488814255,0.5735162937918511,FALSE,FALSE
1997-05-29,Ross,1.843349441,-0.3066505030915776,0.3066505030915776,0.5735162937918511,FALSE,FALSE
1997-05-30,Ross,1.951249757,-0.24060010214324623,0.24060010214324623,0.5735162937918511,FALSE,FALSE
1997-05-31,Ross,2.034895236,-0.19910424434717375,0.19910424434717375,0.5735162937918511,FALSE,FALSE
1997-06-01,Ross,2.125977222,-0.15048719301409985,0.15048719301409985,0.5735162937918511,FALSE,FALSE
1997-06-02,Ross,2.197089141,-0.12216647104969214,0.12216647104969214,0.5735162937918511,FALSE,FALSE
1997-06-03,Ross,2.276033591,-0.08632976341674636,0.08632976341674636,0.5735162937918511,FALSE,FALSE
1997-06-04,Ross,2.320253437,-0.0855187592923734,0.0855187592923734,0.5735162937918511,FALSE,FALSE
1997-06-05,Ross,2.384386975,-0.06507971664147227,0.06507971664147227,0.5735162937918511,FALSE,FALSE
1997-06-06,Ross,2.420314131,-0.0731172634289452,0.0731172634289452,0.5735162937918511,FALSE,FALSE
1997-06-07,Ross,2.503785644,-0.03386521461969716,0.03386521461969716,0.5735162937918511,FALSE,FALSE
1997-06-08,Ross,2.546669723,-0.03543991517862466,0.03543991517862466,0.5735162937918511,FALSE,FALSE
1997-06-09,Ross,2.684031385,0.05723909792936954,0.05723909792936954,0.5735162937918511,FALSE,FALSE
1997-06-10,Ross,2.765054231,0.0933708717393804,0.0933708717393804,0.5735162937918511,FALSE,FALSE
1997-06-11,Ross,2.765163129,0.04839572028650929,0.04839572028650929,0.5735162937918511,FALSE,FALSE
1997-06-12,Ross,2.744893151,-0.01713583839414445,0.01713583839414445,0.5735162937918511,FALSE,FALSE
1997-06-13,Ross,2.701358542,-0.10609411326748308,0.10609411326748308,0.5735162937918511,FALSE,FALSE
1997-06-14,Ross,2.64011839,-0.21290394674459012,0.21290394674459012,0.5735162937918511,FALSE,FALSE
1997-06-15,Ross,2.677822543,-0.2208719323981372,0.2208719323981372,0.5735162937918511,FALSE,FALSE
1997-06-16,Ross,2.716657365,-0.22773043708350915,0.22773043708350915,0.5735162937918511,FALSE,FALSE
1997-06-17,Ross,2.728429069,-0.2615892464503169,0.2615892464503169,0.5735162937918511,FALSE,FALSE
1997-06-18,Ross,2.686120618,-0.349381396148186,0.349381396148186,0.5735162937918511,FALSE,FALSE
1997-06-19,Ross,2.65620178,-0.424553116826722,0.424553116826722,0.5735162937918511,FALSE,FALSE
1997-06-20,Ross,2.695046374,-0.4306465881355463,0.4306465881355463,0.5735162937918511,FALSE,FALSE
1997-06-21,Ross,2.79133859,-0.37889361872427374,0.37889361872427374,0.5735162937918511,FALSE,FALSE
1997-06-22,Ross,2.954503902,-0.2597847332425216,0.2597847332425216,0.5735162937918511,FALSE,FALSE
1997-06-23,Ross,3.055554761,-0.2022234793399038,0.2022234793399038,0.5735162937918511,FALSE,FALSE
1997-06-24,Ross,3.166301247,-0.13431577566603758,0.13431577566603758,0.5735162937918511,FALSE,FALSE
1997-06-25,Ross,3.265292191,-0.07742878987053725,0.07742878987053725,0.5735162937918511,FALSE,FALSE
1997-06-26,Ross,3.340783433,-0.04322268060301937,0.04322268060301937,0.5735162937918511,FALSE,FALSE
1997-06-27,Ross,3.418055614,-0.00634786397485864,0.00634786397485864,0.5735162937918511,FALSE,FALSE
1997-06-28,Ross,3.457150715,-0.00680720544352952,0.00680720544352952,0.5735162937918511,FALSE,FALSE
1997-06-29,Ross,3.429791273,-0.0729750092915964,0.0729750092915964,0.5735162937918511,FALSE,FALSE
1997-06-30,Ross,3.396419887,-0.1445057851335707,0.1445057851335707,0.5735162937918511,FALSE,FALSE
1997-07-01,Ross,3.38548416,-0.19304903858395803,0.19304903858395803,0.5735162937918511,FALSE,FALSE
1997-07-02,Ross,3.376139799,-0.2395461712572664,0.2395461712572664,0.5735162937918511,FALSE,FALSE
1997-07-03,Ross,3.410210958,-0.24227013776801076,0.24227013776801076,0.5735162937918511,FALSE,FALSE
1997-07-04,Ross,3.432010208,-0.25700547573069477,0.25700547573069477,0.5735162937918511,FALSE,FALSE
1997-07-05,Ross,3.435048792,-0.29033805075982855,0.29033805075982855,0.5735162937918511,FALSE,FALSE
1997-07-06,Ross,3.455724337,-0.30596734446992135,0.30596734446992135,0.5735162937918511,FALSE,FALSE
1997-07-07,Ross,3.471284375,-0.3267429334754772,0.3267429334754772,0.5735162937918511,FALSE,FALSE
1997-07-08,Ross,3.55096768,-0.283523152391016,0.283523152391016,0.5735162937918511,FALSE,FALSE
1997-07-09,Ross,3.58660312,-0.2845759343616061,0.2845759343616061,0.5735162937918511,FALSE,FALSE
1997-07-10,Ross,3.628453507,-0.279675467151971,0.279675467151971,0.5735162937918511,FALSE,FALSE
1997-07-11,Ross,3.717046716,-0.22820000173400823,0.22820000173400823,0.5735162937918511,FALSE,FALSE
1997-07-12,Ross,3.797090729,-0.18533036272528047,0.18533036272528047,0.5735162937918511,FALSE,FALSE
1997-07-13,Ross,3.894480479,-0.1250604237433497,0.1250604237433497,0.5735162937918511,FALSE,FALSE
1997-07-14,Ross,3.987600814,-0.06889414340577416,0.06889414340577416,0.5735162937918511,FALSE,FALSE
1997-07-15,Ross,4.055676797,-0.03749526533012304,0.03749526533012304,0.5735162937918511,FALSE,FALSE
1997-07-16,Ross,4.121792647,-0.0076683771339514,0.0076683771339514,0.5735162937918511,FALSE,FALSE
1997-07-17,Ross,4.119831397,-0.04541925243483291,0.04541925243483291,0.5735162937918511,FALSE,FALSE
1997-07-18,Ross,4.142651093,-0.05777865185032027,0.05777865185032027,0.5735162937918511,FALSE,FALSE
1997-07-19,Ross,4.199166903,-0.03572021399798064,0.03572021399798064,0.5735162937918511,FALSE,FALSE
1997-07-20,Ross,4.231415045,-0.03709652749537717,0.03709652749537717,0.5735162937918511,FALSE,FALSE
1997-07-21,Ross,4.281156858,-0.02003505996006893,0.02003505996006893,0.5735162937918511,FALSE,FALSE
1997-07-22,Ross,4.286674817,-0.04615106682171799,0.04615106682171799,0.5735162937918511,FALSE,FALSE
1997-07-23,Ross,4.316974485,-0.04645988462078598,0.04645988462078598,0.5735162937918511,FALSE,FALSE
1997-07-24,Ross,4.351245689,-0.04188236875068352,0.04188236875068352,0.5735162937918511,FALSE,FALSE
1997-07-25,Ross,4.394040873,-0.02797879422926907,0.02797879422926907,0.5735162937918511,FALSE,FALSE
1997-07-26,Ross,4.420296612,-0.02992530507441415,0.02992530507441415,0.5735162937918511,FALSE,FALSE
1997-07-27,Ross,4.41966632,-0.05818120630398926,0.05818120630398926,0.5735162937918511,FALSE,FALSE
1997-07-28,Ross,4.431112503,-0.07389671093585992,0.07389671093585992,0.5735162937918511,FALSE,FALSE
1997-07-29,Ross,4.512017996,-0.01980170298788763,0.01980170298788763,0.5735162937918511,FALSE,FALSE
1997-07-30,Ross,4.561806685,0.00341498452205346,0.00341498452205346,0.5735162937918511,FALSE,FALSE
1997-07-31,Ross,4.564565235,-0.02027270242389978,0.02027270242389978,0.5735162937918511,FALSE,FALSE
1997-08-01,Ross,4.560683182,-0.05058794684362144,0.05058794684362144,0.5735162937918511,FALSE,FALSE
1997-08-02,Ross,4.552301696,-0.08550229775497264,0.08550229775497264,0.5735162937918511,FALSE,FALSE
1997-08-03,Ross,4.538156932,-0.12639231757794978,0.12639231757794978,0.5735162937918511,FALSE,FALSE
1997-08-04,Ross,4.557583705,-0.1339927725917862,0.1339927725917862,0.5735162937918511,FALSE,FALSE
1997-08-05,Ross,4.584477722,-0.13432192835334078,0.13432192835334078,0.5735162937918511,FALSE,FALSE
1997-08-06,Ross,4.603686436,-0.14241122794289218,0.14241122794289218,0.5735162937918511,FALSE,FALSE
1997-08-07,Ross,4.594748775,-0.17860063944071847,0.17860063944071847,0.5735162937918511,FALSE,FALSE
1997-08-08,Ross,4.643794202,-0.15663959592708743,0.15663959592708743,0.5735162937918511,FALSE,FALSE
1997-08-09,Ross,4.695570193,-0.131659517482273,0.131659517482273,0.5735162937918511,FALSE,FALSE
1997-08-10,Ross,4.713250973,-0.1403650751865575,0.1403650751865575,0.5735162937918511,FALSE,FALSE
1997-08-11,Ross,4.748328529,-0.13114317812020548,0.13114317812020548,0.5735162937918511,FALSE,FALSE
1997-08-12,Ross,4.764415729,-0.14025985436349409,0.14025985436349409,0.5735162937918511,FALSE,FALSE
1997-08-13,Ross,4.773553936,-0.15555263699669464,0.15555263699669464,0.5735162937918511,FALSE,FALSE
1997-08-14,Ross,4.755647582,-0.1969959901000884,0.1969959901000884,0.5735162937918511,FALSE,FALSE
1997-08-15,Ross,4.783136493,-0.19202898375394103,0.19202898375394103,0.5735162937918511,FALSE,FALSE
1997-08-16,Ross,4.859318102,-0.1372370616737335,0.1372370616737335,0.5735162937918511,FALSE,FALSE
1997-08-17,Ross,4.932130469,-0.08468335440228714,0.08468335440228714,0.5735162937918511,FALSE,FALSE
1997-08-18,Ross,4.919756463,-0.11632160298885276,0.11632160298885276,0.5735162937918511,FALSE,FALSE
1997-08-19,Ross,4.894803393,-0.15968852982168436,0.15968852982168436,0.5735162937918511,FALSE,FALSE
1997-08-20,Ross,4.877722177,-0.19447724828903912,0.19447724828903912,0.5735162937918511,FALSE,FALSE
1997-08-21,Ross,4.868112029,-0.22123257577916625,0.22123257577916625,0.5735162937918511,FALSE,FALSE
1997-08-22,Ross,4.895785865,-0.21028562768032444,0.21028562768032444,0.5735162937918511,FALSE,FALSE
1997-08-23,Ross,4.904266157,-0.218257963380764,0.218257963380764,0.5735162937918511,FALSE,FALSE
1997-08-24,Ross,4.927280889,-0.2115656302687361,0.2115656302687361,0.5735162937918511,FALSE,FALSE
1997-08-25,Ross,4.939669435,-0.21551328573250303,0.21551328573250303,0.5735162937918511,FALSE,FALSE
1997-08-26,Ross,4.951573502,-0.2201032541603096,0.2201032541603096,0.5735162937918511,FALSE,FALSE
1997-08-27,Ross,5.017062543,-0.17141011394041428,0.17141011394041428,0.5735162937918511,FALSE,FALSE
1997-08-28,Ross,5.045351713,-0.16036274146106955,0.16036274146106955,0.5735162937918511,FALSE,FALSE
1997-08-29,Ross,5.088088839,-0.13543006231474752,0.13543006231474752,0.5735162937918511,FALSE,FALSE
1997-08-30,Ross,5.189601834,-0.05223512386592155,0.05223512386592155,0.5735162937918511,FALSE,FALSE
1997-08-31,Ross,5.243531841,-0.01702545005747247,0.01702545005747247,0.5735162937918511,FALSE,FALSE
1997-09-01,Ross,5.277425204,-0.00214325209833887,0.00214325209833887,0.5735162937918511,FALSE,FALSE
1997-09-02,Ross,5.283134564,-0.01562444419746089,0.01562444419746089,0.5735162937918511,FALSE,FALSE
1997-09-03,Ross,5.269649807,-0.04836769556377529,0.04836769556377529,0.5735162937918511,FALSE,FALSE
1997-09-04,Ross,5.265051326,-0.07218116840622013,0.07218116840622013,0.5735162937918511,FALSE,FALSE
1997-09-05,Ross,5.308686172,-0.04760636693373321,0.04760636693373321,0.5735162937918511,FALSE,FALSE
1997-09-06,Ross,5.354126288,-0.02095990335525321,0.02095990335525321,0.5735162937918511,FALSE,FALSE
1997-09-07,Ross,5.404452932,0.01095092512028284,0.01095092512028284,0.5735162937918511,FALSE,FALSE
1997-09-08,Ross,5.437989305,0.02656076428394005,0.02656076428394005,0.5735162937918511,FALSE,FALSE
1997-09-09,Ross,5.44614617,0.0173918219267728,0.0173918219267728,0.5735162937918511,FALSE,FALSE
1997-09-10,Ross,5.428537213,-0.01683123376131945,0.01683123376131945,0.5735162937918511,FALSE,FALSE
1997-09-11,Ross,5.405824874,-0.05537889607871893,0.05537889607871893,0.5735162937918511,FALSE,FALSE
1997-09-12,Ross,5.369790546,-0.10648217514553604,0.10648217514553604,0.5735162937918511,FALSE,FALSE
1997-09-13,Ross,5.320424579,-0.17017149156130085,0.17017149156130085,0.5735162937918511,FALSE,FALSE
1997-09-14,Ross,5.295709914,-0.20848467492553535,0.20848467492553535,0.5735162937918511,FALSE,FALSE
1997-09-15,Ross,5.290169649,-0.2269193978377704,0.2269193978377704,0.5735162937918511,FALSE,FALSE
1997-09-16,Ross,5.257204093,-0.27209612189752974,0.27209612189752974,0.5735162937918511,FALSE,FALSE
1997-09-17,Ross,5.261773616,-0.27907524770434033,0.27907524770434033,0.5735162937918511,FALSE,FALSE
1997-09-18,Ross,5.277051955,-0.2747038088577307,0.2747038088577307,0.5735162937918511,FALSE,FALSE
1997-09-19,Ross,5.2413499120000004,-0.3206917739572246,0.3206917739572246,0.5735162937918511,FALSE,FALSE
1997-09-20,Ross,5.205450488,-0.366276912602352,0.366276912602352,0.5735162937918511,FALSE,FALSE
1997-09-21,Ross,5.141170159,-0.4396635193926368,0.4396635193926368,0.5735162937918511,FALSE,FALSE
1997-09-22,Ross,5.097804991,-0.49157629892760735,0.49157629892760735,0.5735162937918511,FALSE,FALSE
1997-09-23,Ross,5.042706385,-0.5546828110679813,0.5546828110679813,0.5735162937918511,FALSE,FALSE
1997-09-24,Ross,4.981791214,-0.6230657683846079,0.6230657683846079,0.5735162937918511,TRUE,TRUE
1997-09-25,Ross,4.93656811,-0.6752043710996505,0.6752043710996505,0.5735162937918511,TRUE,TRUE
1997-09-26,Ross,4.933821501,-0.6843018585228258,0.6843018585228258,0.5735162937918511,TRUE,TRUE
1997-09-27,Ross,4.955012818,-0.6688844669638563,0.6688844669638563,0.5735162937918511,TRUE,TRUE
1997-09-28,Ross,5.000042417,-0.6290395077324602,0.6290395077324602,0.5735162937918511,TRUE,TRUE
1997-09-29,Ross,4.999233988,-0.6344309581383545,0.6344309581383545,0.5735162937918511,TRUE,TRUE
1997-09-30,Ross,5.05211779,-0.5855162264912588,0.5855162264912588,0.5735162937918511,TRUE,TRUE
1997-10-01,Ross,5.103399093,-0.5375777101008898,0.5375777101008898,0.5735162937918511,FALSE,FALSE
1997-10-02,Ross,5.119124676,-0.5245562972769688,0.5245562972769688,0.5735162937918511,FALSE,FALSE
1997-10-03,Ross,5.15574048,-0.4899937143292119,0.4899937143292119,0.5735162937918511,FALSE,FALSE
1997-10-04,Ross,5.167305606,-0.4798185275673399,0.4798185275673399,0.5735162937918511,FALSE,FALSE
1997-10-05,Ross,5.178982074,-0.4688563771821741,0.4688563771821741,0.5735162937918511,FALSE,FALSE
1997-10-06,Ross,5.244611163,-0.40324503313816695,0.40324503313816695,0.5735162937918511,FALSE,FALSE
1997-10-07,Ross,5.273596419,-0.3735346680528835,0.3735346680528835,0.5735162937918511,FALSE,FALSE
1997-10-08,Ross,5.244674985,-0.40093722340689286,0.40093722340689286,0.5735162937918511,FALSE,FALSE
1997-10-09,Ross,5.212396305,-0.4308523396807473,0.4308523396807473,0.5735162937918511,FALSE,FALSE
1997-10-10,Ross,5.2238657,-0.4161237803550124,0.4161237803550124,0.5735162937918511,FALSE,FALSE
1997-10-11,Ross,5.264408236,-0.37137556391024784,0.37137556391024784,0.5735162937918511,FALSE,FALSE
1997-10-12,Ross,5.289152047,-0.3414286408270124,0.3414286408270124,0.5735162937918511,FALSE,FALSE
1997-10-13,Ross,5.314669911,-0.3096593175858695,0.3096593175858695,0.5735162937918511,FALSE,FALSE
1997-10-14,Ross,5.302754555,-0.31422395166737704,0.31422395166737704,0.5735162937918511,FALSE,FALSE
1997-10-15,Ross,5.289197286,-0.319280320552096,0.319280320552096,0.5735162937918511,FALSE,FALSE
1997-10-16,Ross,5.279126713,-0.3196488997205913,0.3196488997205913,0.5735162937918511,FALSE,FALSE
1997-10-17,Ross,5.249782579,-0.33803903065341956,0.33803903065341956,0.5735162937918511,FALSE,FALSE
1997-10-18,Ross,5.291371145,-0.28419737205870277,0.28419737205870277,0.5735162937918511,FALSE,FALSE
1997-10-19,Ross,5.299774137,-0.2622765767416464,0.2622765767416464,0.5735162937918511,FALSE,FALSE
1997-10-20,Ross,5.291486827,-0.2558936276496988,0.2558936276496988,0.5735162937918511,FALSE,FALSE
1997-10-21,Ross,5.29306522,-0.2386078929123716,0.2386078929123716,0.5735162937918511,FALSE,FALSE
1997-10-22,Ross,5.307484099,-0.2075599626591744,0.2075599626591744,0.5735162937918511,FALSE,FALSE
1997-10-23,Ross,5.319130918,-0.17847775601961846,0.17847775601961846,0.5735162937918511,FALSE,FALSE
1997-10-24,Ross,5.29308134,-0.18640098312321296,0.18640098312321296,0.5735162937918511,FALSE,FALSE
1997-10-25,Ross,5.278110715,-0.18266966709946608,0.18266966709946608,0.5735162937918511,FALSE,FALSE
1997-10-26,Ross,5.27581708,-0.16580114407789104,0.16580114407789104,0.5735162937918511,FALSE,FALSE
1997-10-27,Ross,5.258060724,-0.1640504981879971,0.1640504981879971,0.5735162937918511,FALSE,FALSE
1997-10-28,Ross,5.260688151,-0.1416865985592919,0.1416865985592919,0.5735162937918511,FALSE,FALSE
1997-10-29,Ross,5.258855293,-0.12366888632128692,0.12366888632128692,0.5735162937918511,FALSE,FALSE
1997-10-30,Ross,5.265969278,-0.09670560660349103,0.09670560660349103,0.5735162937918511,FALSE,FALSE
1997-10-31,Ross,5.244450696,-0.0984514658497524,0.0984514658497524,0.5735162937918511,FALSE,FALSE
1997-11-01,Ross,5.252012428,-0.07107161335475976,0.07107161335475976,0.5735162937918511,FALSE,FALSE
1997-11-02,Ross,5.26216405,-0.04087391091771586,0.04087391091771586,0.5735162937918511,FALSE,FALSE
1997-11-03,Ross,5.23278212,-0.04979922204897313,0.04979922204897313,0.5735162937918511,FALSE,FALSE
1997-11-04,Ross,5.25095573,-0.01057587625888611,0.01057587625888611,0.5735162937918511,FALSE,FALSE
1997-11-05,Ross,5.218050843,-0.02165533205780256,0.02165533205780256,0.5735162937918511,FALSE,FALSE
1997-11-06,Ross,5.198676633,-0.01824583695607362,0.01824583695607362,0.5735162937918511,FALSE,FALSE
1997-11-07,Ross,5.165914673,-0.02708323946405144,0.02708323946405144,0.5735162937918511,FALSE,FALSE
1997-11-08,Ross,5.143551761,-0.02419816309208844,0.02419816309208844,0.5735162937918511,FALSE,FALSE
1997-11-09,Ross,5.080166106,-0.06082982035053508,0.06082982035053508,0.5735162937918511,FALSE,FALSE
1997-11-10,Ross,5.013612196,-0.0989411447497428,0.0989411447497428,0.5735162937918511,FALSE,FALSE
1997-11-11,Ross,4.943293318,-0.13894627080006217,0.13894627080006217,0.5735162937918511,FALSE,FALSE
1997-11-12,Ross,4.867300451,-0.18257312193021136,0.18257312193021136,0.5735162937918511,FALSE,FALSE
1997-11-13,Ross,4.805954456,-0.20940166249199432,0.20940166249199432,0.5735162937918511,FALSE,FALSE
1997-11-14,Ross,4.785525844,-0.1931853540848536,0.1931853540848536,0.5735162937918511,FALSE,FALSE
1997-11-15,Ross,4.740988243,-0.19898469892730475,0.19898469892730475,0.5735162937918511,FALSE,FALSE
1997-11-16,Ross,4.680327889,-0.2188475912378625,0.2188475912378625,0.5735162937918511,FALSE,FALSE
1997-11-17,Ross,4.640442577,-0.21591036623504323,0.21591036623504323,0.5735162937918511,FALSE,FALSE
1997-11-18,Ross,4.579429416,-0.23211004513736275,0.23211004513736275,0.5735162937918511,FALSE,FALSE
1997-11-19,Ross,4.530330532,-0.23443863216333405,0.23443863216333405,0.5735162937918511,FALSE,FALSE
1997-11-20,Ross,4.495898621,-0.22017756153147516,0.22017756153147516,0.5735162937918511,FALSE,FALSE
1997-11-21,Ross,4.436904937,-0.22858970946029625,0.22858970946029625,0.5735162937918511,FALSE,FALSE
1997-11-22,Ross,4.359228095,-0.2538305911683203,0.2538305911683203,0.5735162937918511,FALSE,FALSE
1997-11-23,Ross,4.317922116,-0.24088031587405737,0.24088031587405737,0.5735162937918511,FALSE,FALSE
1997-11-24,Ross,4.271002125,-0.23175788879602433,0.23175788879602433,0.5735162937918511,FALSE,FALSE
1997-11-25,Ross,4.198749628,-0.2461908732543101,0.2461908732543101,0.5735162937918511,FALSE,FALSE
1997-11-26,Ross,4.141761618,-0.24337938468889764,0.24337938468889764,0.5735162937918511,FALSE,FALSE
1997-11-27,Ross,4.084001393,-0.23905065411412352,0.23905065411412352,0.5735162937918511,FALSE,FALSE
1997-11-28,Ross,4.080896125,-0.17746723126707398,0.17746723126707398,0.5735162937918511,FALSE,FALSE
1997-11-29,Ross,4.077602272,-0.11316237988482848,0.11316237988482848,0.5735162937918511,FALSE,FALSE
1997-11-30,Ross,4.076190464,-0.04375519170447184,0.04375519170447184,0.5735162937918511,FALSE,FALSE
1997-12-01,Ross,4.068535311,0.02293922153690886,0.02293922153690886,0.5735162937918511,FALSE,FALSE
1997-12-02,Ross,4.029348626,0.06194295110223313,0.06194295110223313,0.5735162937918511,FALSE,FALSE
1997-12-03,Ross,3.965398342,0.08033420825441429,0.08033420825441429,0.5735162937918511,FALSE,FALSE
1997-12-04,Ross,3.926023658,0.12776247025636955,0.12776247025636955,0.5735162937918511,FALSE,FALSE
1997-12-05,Ross,3.872336019,0.16564946037101524,0.16564946037101524,0.5735162937918511,FALSE,FALSE
1997-12-06,Ross,3.779943106,0.16991313786126527,0.16991313786126527,0.5735162937918511,FALSE,FALSE
1997-12-07,Ross,3.666171099,0.15818905866676758,0.15818905866676758,0.5735162937918511,FALSE,FALSE
1997-12-08,Ross,3.555755636,0.15524212670989757,0.15524212670989757,0.5735162937918511,FALSE,FALSE
1997-12-09,Ross,3.47542434,0.18715370840179,0.18715370840179,0.5735162937918511,FALSE,FALSE
1997-12-10,Ross,3.404022163,0.2320227094185392,0.2320227094185392,0.5735162937918511,FALSE,FALSE
1997-12-11,Ross,3.296540085,0.24409406343622653,0.24409406343622653,0.5735162937918511,FALSE,FALSE
1997-12-12,Ross,3.149414621,0.2190582391309479,0.2190582391309479,0.5735162937918511,FALSE,FALSE
1997-12-13,Ross,3.065186822,0.25871024117878916,0.25871024117878916,0.5735162937918511,FALSE,FALSE
1997-12-14,Ross,2.946316109,0.26476344425584086,0.26476344425584086,0.5735162937918511,FALSE,FALSE
1997-12-15,Ross,2.802939997,0.24660931703819464,0.24660931703819464,0.5735162937918511,FALSE,FALSE
1997-12-16,Ross,2.639657898,0.20810122520193408,0.20810122520193408,0.5735162937918511,FALSE,FALSE
1997-12-17,Ross,2.476969723,0.16899303342315486,0.16899303342315486,0.5735162937918511,FALSE,FALSE
1997-12-18,Ross,2.209402261,0.02306548437794342,0.02306548437794342,0.5735162937918511,FALSE,FALSE
1997-12-19,Ross,2.006687321,-0.06069565925761155,0.06069565925761155,0.5735162937918511,FALSE,FALSE
1997-12-20,Ross,1.807589608,-0.14425256464335612,0.14425256464335612,0.5735162937918511,FALSE,FALSE
1997-12-21,Ross,1.676434815,-0.1637032304463255,0.1637032304463255,0.5735162937918511,FALSE,FALSE
1997-12-22,Ross,1.544189745,-0.188262540298046,0.188262540298046,0.5735162937918511,FALSE,FALSE
1997-12-23,Ross,1.417355573,-0.211604261894464,0.211604261894464,0.5735162937918511,FALSE,FALSE
1997-12-24,Ross,1.218622275,-0.31121336193152516,0.31121336193152516,0.5735162937918511,FALSE,FALSE
1997-12-25,Ross,1.110838799,-0.32441583510517447,0.32441583510517447,0.5735162937918511,FALSE,FALSE
1997-12-26,Ross,0.949310378,-0.3960813911113602,0.3960813911113602,0.5735162937918511,FALSE,FALSE
1997-12-27,Ross,0.844232682,-0.4161893026460274,0.4161893026460274,0.5735162937918511,FALSE,FALSE
1997-12-28,Ross,0.740766871,-0.4397533524051175,0.4397533524051175,0.5735162937918511,FALSE,FALSE
1997-12-29,Ross,0.636131145,-0.469730283084584,0.469730283084584,0.5735162937918511,FALSE,FALSE
1997-12-30,Ross,0.576658397,-0.4599621443803684,0.4599621443803684,0.5735162937918511,FALSE,FALSE
1997-12-31,Ross,0.528401602,-0.4445709039884166,0.4445709039884166,0.5735162937918511,FALSE,FALSE
1998-01-01,Ross,0.488482388,-0.4266098766046751,0.4266098766046751,0.5735162937918511,FALSE,FALSE
1998-01-02,Ross,0.391330765,-0.4717193511851721,0.4717193511851721,0.5735162937918511,FALSE,FALSE
1998-01-03,Ross,0.347421864,-0.46907592072627097,0.46907592072627097,0.5735162937918511,FALSE,FALSE
1998-01-04,Ross,0.330770669,-0.4442116814844193,0.4442116814844193,0.5735162937918511,FALSE,FALSE
1998-01-05,Ross,0.320194906,-0.4178559877160548,0.4178559877160548,0.5735162937918511,FALSE,FALSE
1998-01-06,Ross,0.302020235,-0.403230259677629,0.403230259677629,0.5735162937918511,FALSE,FALSE
1998-01-07,Ross,0.285923859,-0.3902043746255856,0.3902043746255856,0.5735162937918511,FALSE,FALSE
1998-01-08,Ross,0.271620952,-0.3786102388163677,0.3786102388163677,0.5735162937918511,FALSE,FALSE
1998-01-09,Ross,0.263688336,-0.363418110506421,0.363418110506421,0.5735162937918511,FALSE,FALSE
1998-01-10,Ross,0.240727566,-0.36557351495219215,0.36557351495219215,0.5735162937918511,FALSE,FALSE
1998-01-11,Ross,0.209153176,-0.3782089984101252,0.3782089984101252,0.5735162937918511,FALSE,FALSE
1998-01-12,Ross,0.184279928,-0.38555687913666425,0.38555687913666425,0.5735162937918511,FALSE,FALSE
1998-01-13,Ross,0.178820582,-0.3744514773882555,0.3744514773882555,0.5735162937918511,FALSE,FALSE
1998-01-14,Ross,0.171534384,-0.3656863942749779,0.3656863942749779,0.5735162937918511,FALSE,FALSE
1998-01-15,Ross,0.155348598,-0.3660941555151399,0.3660941555151399,0.5735162937918511,FALSE,FALSE
1998-01-16,Ross,0.146032865,-0.35992416460583365,0.35992416460583365,0.5735162937918511,FALSE,FALSE
1998-01-17,Ross,0.132401377,-0.35839767019687463,0.35839767019687463,0.5735162937918511,FALSE,FALSE
1998-01-18,Ross,0.141699483,-0.33430476393807784,0.33430476393807784,0.5735162937918511,FALSE,FALSE
1998-01-19,Ross,0.148536888,-0.3130711814792594,0.3130711814792594,0.5735162937918511,FALSE,FALSE
1998-01-20,Ross,0.133011316,-0.3146346394702341,0.3146346394702341,0.5735162937918511,FALSE,FALSE
1998-01-21,Ross,0.115083503,-0.3190698425608177,0.3190698425608177,0.5735162937918511,FALSE,FALSE
1998-01-22,Ross,0.110155116,-0.3110105644008253,0.3110105644008253,0.5735162937918511,FALSE,FALSE
1998-01-23,Ross,0.103267344,-0.3054510566400738,0.3054510566400738,0.5735162937918511,FALSE,FALSE
1998-01-24,Ross,0.09326984,-0.30357710692837797,0.30357710692837797,0.5735162937918511,FALSE,FALSE
1998-01-25,Ross,0.07845868,-0.3071280799155527,0.3071280799155527,0.5735162937918511,FALSE,FALSE
1998-01-26,Ross,0.076092219,-0.29888106125141345,0.29888106125141345,0.5735162937918511,FALSE,FALSE
1998-01-27,Ross,0.072969169,-0.29206559461440795,0.29206559461440795,0.5735162937918511,FALSE,FALSE
1998-01-28,Ross,0.072960845,-0.2827899823145166,0.2827899823145166,0.5735162937918511,FALSE,FALSE
1998-01-29,Ross,0.076645027,-0.2704358934304537,0.2704358934304537,0.5735162937918511,FALSE,FALSE
1998-01-30,Ross,0.075349256,-0.26363517107266343,0.26363517107266343,0.5735162937918511,FALSE,FALSE
1998-01-31,Ross,0.061186173,-0.2702345583515868,0.2702345583515868,0.5735162937918511,FALSE,FALSE
1998-02-01,Ross,0.056852683,-0.2674965343776659,0.2674965343776659,0.5735162937918511,FALSE,FALSE
1998-02-02,Ross,0.05561543,-0.26211383926134413,0.26211383926134413,0.5735162937918511,FALSE,FALSE
1998-02-03,Ross,0.056867328,-0.254652943113062,0.254652943113062,0.5735162937918511,FALSE,FALSE
1998-02-04,Ross,0.052575919,-0.2531056880432617,0.2531056880432617,0.5735162937918511,FALSE,FALSE
1998-02-05,Ross,0.052549825,-0.2476228361623859,0.2476228361623859,0.5735162937918511,FALSE,FALSE
1998-02-06,Ross,0.048858489,-0.2460943285808765,0.2460943285808765,0.5735162937918511,FALSE,FALSE
1998-02-07,Ross,0.045705685,-0.2442757754091745,0.2442757754091745,0.5735162937918511,FALSE,FALSE
1998-02-08,Ross,0.045091009,-0.2401271149310615,0.2401271149310615,0.5735162937918511,FALSE,FALSE
1998-02-09,Ross,0.044474396,-0.2361677728134212,0.2361677728134212,0.5735162937918511,FALSE,FALSE
1998-02-10,Ross,0.043848163,-0.23242422263737572,0.23242422263737572,0.5735162937918511,FALSE,FALSE
1998-02-11,Ross,0.038225077,-0.23390714992484857,0.23390714992484857,0.5735162937918511,FALSE,FALSE
1998-02-12,Ross,0.038225077,-0.23002006819776255,0.23002006819776255,0.5735162937918511,FALSE,FALSE
1998-02-13,Ross,0.036985504,-0.2276490889780432,0.2276490889780432,0.5735162937918511,FALSE,FALSE
1998-02-14,Ross,0.033905711,-0.2274183117876114,0.2274183117876114,0.5735162937918511,FALSE,FALSE
1998-02-15,Ross,0.031440967,-0.22689592014839144,0.22689592014839144,0.5735162937918511,FALSE,FALSE
1998-02-16,Ross,0.033900957,-0.22179568158230967,0.22179568158230967,0.5735162937918511,FALSE,FALSE
1998-02-17,Ross,0.032063797,-0.22136293261128592,0.22136293261128592,0.5735162937918511,FALSE,FALSE
1998-02-18,Ross,0.028338068,-0.2232125447572464,0.2232125447572464,0.5735162937918511,FALSE,FALSE
1998-02-19,Ross,0.028956103,-0.2211356375421138,0.2211356375421138,0.5735162937918511,FALSE,FALSE
1998-02-20,Ross,0.033912647,-0.21516091848781196,0.21516091848781196,0.5735162937918511,FALSE,FALSE
1998-02-21,Ross,0.036997326,-0.21152048528144232,0.21152048528144232,0.5735162937918511,FALSE,FALSE
1998-02-22,Ross,0.034545311,-0.21387993085089416,0.21387993085089416,0.5735162937918511,FALSE,FALSE
1998-02-23,Ross,0.032690226,-0.21609245177757347,0.21609245177757347,0.5735162937918511,FALSE,FALSE
1998-02-24,Ross,0.028957847,-0.2206188405894101,0.2206188405894101,0.5735162937918511,FALSE,FALSE
1998-02-25,Ross,0.024068851,-0.22672498881433073,0.22672498881433073,0.5735162937918511,FALSE,FALSE
1998-02-26,Ross,0.024678949,-0.22774175398026417,0.22774175398026417,0.5735162937918511,FALSE,FALSE
1998-02-27,Ross,0.026502926,-0.22794091961513632,0.22794091961513632,0.5735162937918511,FALSE,FALSE
1998-02-28,Ross,0.023448899,-0.23340093724687563,0.23340093724687563,0.5735162937918511,FALSE,FALSE
1998-03-01,Ross,0.028381557,-0.23124368640341025,0.23124368640341025,0.5735162937918511,FALSE,FALSE
1998-03-02,Ross,0.030831478,-0.23192515761266697,0.23192515761266697,0.5735162937918511,FALSE,FALSE
1998-03-03,Ross,0.027823032,-0.23840754940257472,0.23840754940257472,0.5735162937918511,FALSE,FALSE
1998-03-04,Ross,0.033367716,-0.2366659333010599,0.2366659333010599,0.5735162937918511,FALSE,FALSE
1998-03-05,Ross,0.038290467,-0.2358619420383663,0.2358619420383663,0.5735162937918511,FALSE,FALSE
1998-03-06,Ross,0.048714777,-0.2298631258105167,0.2298631258105167,0.5735162937918511,FALSE,FALSE
1998-03-07,Ross,0.048669549,-0.23464618446322524,0.23464618446322524,0.5735162937918511,FALSE,FALSE
1998-03-08,Ross,0.06159024,-0.2267842219908023,0.2267842219908023,0.5735162937918511,FALSE,FALSE
1998-03-09,Ross,0.064654966,-0.2291076833875536,0.2291076833875536,0.5735162937918511,FALSE,FALSE
1998-03-10,Ross,0.060324416,-0.23916444064778697,0.23916444064778697,0.5735162937918511,FALSE,FALSE
1998-03-11,Ross,0.075015419,-0.23054622576581,0.23054622576581,0.5735162937918511,FALSE,FALSE
1998-03-12,Ross,0.099470883,-0.21251869173593096,0.21251869173593096,0.5735162937918511,FALSE,FALSE
1998-03-13,Ross,0.081068489,-0.23771271855245624,0.23771271855245624,0.5735162937918511,FALSE,FALSE
1998-03-14,Ross,0.079210386,-0.24673471820969128,0.24673471820969128,0.5735162937918511,FALSE,FALSE
1998-03-15,Ross,0.095950537,-0.2375392887019483,0.2375392887019483,0.5735162937918511,FALSE,FALSE
1998-03-16,Ross,0.105199067,-0.2362248660235304,0.2362248660235304,0.5735162937918511,FALSE,FALSE
1998-03-17,Ross,0.108879484,-0.2408765031687484,0.2408765031687484,0.5735162937918511,FALSE,FALSE
1998-03-18,Ross,0.111284911,-0.2472094776572183,0.2472094776572183,0.5735162937918511,FALSE,FALSE
1998-03-19,Ross,0.123598502,-0.24404502817664003,0.24404502817664003,0.5735162937918511,FALSE,FALSE
1998-03-20,Ross,0.134012342,-0.24319127018894648,0.24319127018894648,0.5735162937918511,FALSE,FALSE
1998-03-21,Ross,0.150199735,-0.23697490277922575,0.23697490277922575,0.5735162937918511,FALSE,FALSE
1998-03-22,Ross,0.16137893,-0.2361776800325636,0.2361776800325636,0.5735162937918511,FALSE,FALSE
1998-03-23,Ross,0.167279367,-0.241070165034048,0.241070165034048,0.5735162937918511,FALSE,FALSE
1998-03-24,Ross,0.171412925,-0.2481404818687682,0.2481404818687682,0.5735162937918511,FALSE,FALSE
1998-03-25,Ross,0.193058544,-0.2381096936218069,0.2381096936218069,0.5735162937918511,FALSE,FALSE
1998-03-26,Ross,0.202258345,-0.2409356823782557,0.2409356823782557,0.5735162937918511,FALSE,FALSE
1998-03-27,Ross,0.233690175,-0.22194060422319828,0.22194060422319828,0.5735162937918511,FALSE,FALSE
1998-03-28,Ross,0.254616257,-0.21386223924172615,0.21386223924172615,0.5735162937918511,FALSE,FALSE
1998-03-29,Ross,0.273657417,-0.2080797645189225,0.2080797645189225,0.5735162937918511,FALSE,FALSE
1998-03-30,Ross,0.281550524,-0.2138563141398765,0.2138563141398765,0.5735162937918511,FALSE,FALSE
1998-03-31,Ross,0.292001621,-0.2174871321916591,0.2174871321916591,0.5735162937918511,FALSE,FALSE
1998-04-01,Ross,0.300751216,-0.22324001615885436,0.22324001615885436,0.5735162937918511,FALSE,FALSE
1998-04-02,Ross,0.314476184,-0.22444878247875788,0.22444878247875788,0.5735162937918511,FALSE,FALSE
1998-04-03,Ross,0.331387823,-0.22291282656112632,0.22291282656112632,0.5735162937918511,FALSE,FALSE
1998-04-04,Ross,0.344054097,-0.226074877815722,0.226074877815722,0.5735162937918511,FALSE,FALSE
1998-04-05,Ross,0.316594029,-0.2698266066523026,0.2698266066523026,0.5735162937918511,FALSE,FALSE
1998-04-06,Ross,0.329098949,-0.27408737648062514,0.27408737648062514,0.5735162937918511,FALSE,FALSE
1998-04-07,Ross,0.362715088,-0.2577216497104528,0.2577216497104528,0.5735162937918511,FALSE,FALSE
1998-04-08,Ross,0.377777886,-0.2604046797515421,0.2604046797515421,0.5735162937918511,FALSE,FALSE
1998-04-09,Ross,0.381328657,-0.2751058460136521,0.2751058460136521,0.5735162937918511,FALSE,FALSE
1998-04-10,Ross,0.428716447,-0.24648679590654457,0.24648679590654457,0.5735162937918511,FALSE,FALSE
1998-04-11,Ross,0.471060546,-0.22343893283997665,0.22343893283997665,0.5735162937918511,FALSE,FALSE
1998-04-12,Ross,0.509737845,-0.2045957593753409,0.2045957593753409,0.5735162937918511,FALSE,FALSE
1998-04-13,Ross,0.541647789,-0.1930468538110431,0.1930468538110431,0.5735162937918511,FALSE,FALSE
1998-04-14,Ross,0.577797668,-0.17773872075861996,0.17773872075861996,0.5735162937918511,FALSE,FALSE
1998-04-15,Ross,0.593332337,-0.18347700931255895,0.18347700931255895,0.5735162937918511,FALSE,FALSE
1998-04-16,Ross,0.623478846,-0.17498517356734888,0.17498517356734888,0.5735162937918511,FALSE,FALSE
1998-04-17,Ross,0.66360298,-0.15684793261747598,0.15684793261747598,0.5735162937918511,FALSE,FALSE
1998-04-18,Ross,0.695907141,-0.14681338855742854,0.14681338855742854,0.5735162937918511,FALSE,FALSE
1998-04-19,Ross,0.717901024,-0.14732235048169318,0.14732235048169318,0.5735162937918511,FALSE,FALSE
1998-04-20,Ross,0.751821593,-0.13608835848475986,0.13608835848475986,0.5735162937918511,FALSE,FALSE
1998-04-21,Ross,0.788725655,-0.12200510966111212,0.12200510966111212,0.5735162937918511,FALSE,FALSE
1998-04-22,Ross,0.84837979,-0.08525652810523865,0.08525652810523865,0.5735162937918511,FALSE,FALSE
1998-04-23,Ross,0.889397911,-0.06717920491162888,0.06717920491162888,0.5735162937918511,FALSE,FALSE
1998-04-24,Ross,0.918038277,-0.06146538517476763,0.06146538517476763,0.5735162937918511,FALSE,FALSE
1998-04-25,Ross,0.951602342,-0.05077421549581829,0.05077421549581829,0.5735162937918511,FALSE,FALSE
1998-04-26,Ross,0.99269964,-0.03255265366923499,0.03255265366923499,0.5735162937918511,FALSE,FALSE
1998-04-27,Ross,1.024469308,-0.02377104452369827,0.02377104452369827,0.5735162937918511,FALSE,FALSE
1998-04-28,Ross,1.068049989,-0.0034007850793738,0.0034007850793738,0.5735162937918511,FALSE,FALSE
1998-04-29,Ross,1.082030561,-0.01296303735643222,0.01296303735643222,0.5735162937918511,FALSE,FALSE
1998-04-30,Ross,1.119568597,5.897316249550144e-4,5.897316249550144e-4,0.5735162937918511,FALSE,FALSE
1998-05-01,Ross,1.131564626,-0.01195198915538342,0.01195198915538342,0.5735162937918511,FALSE,FALSE
1998-05-02,Ross,1.168950887,2.339992823854331e-4,2.339992823854331e-4,0.5735162937918511,FALSE,FALSE
1998-05-03,Ross,1.227678528,0.03298880491809108,0.03298880491809108,0.5735162937918511,FALSE,FALSE
1998-05-04,Ross,1.290299226,0.06875406473156209,0.06875406473156209,0.5735162937918511,FALSE,FALSE
1998-05-05,Ross,1.331577372,0.08218412970262956,0.08218412970262956,0.5735162937918511,FALSE,FALSE
1998-05-06,Ross,1.348939904,0.0705958978111243,0.0705958978111243,0.5735162937918511,FALSE,FALSE
1998-05-07,Ross,1.365239377,0.0567319729086535,0.0567319729086535,0.5735162937918511,FALSE,FALSE
1998-05-08,Ross,1.409791329,0.0698474892529477,0.0698474892529477,0.5735162937918511,FALSE,FALSE
1998-05-09,Ross,1.436781855,0.06420000716017848,0.06420000716017848,0.5735162937918511,FALSE,FALSE
1998-05-10,Ross,1.462343957,0.05601569115849481,0.05601569115849481,0.5735162937918511,FALSE,FALSE
1998-05-11,Ross,1.458634548,0.01754461677604868,0.01754461677604868,0.5735162937918511,FALSE,FALSE
1998-05-12,Ross,1.452609809,-0.02416387245900764,0.02416387245900764,0.5735162937918511,FALSE,FALSE
1998-05-13,Ross,1.459992597,-0.05329375701852701,0.05329375701852701,0.5735162937918511,FALSE,FALSE
1998-05-14,Ross,1.480890523,-0.0696442633743557,0.0696442633743557,0.5735162937918511,FALSE,FALSE
1998-05-15,Ross,1.564655791,-0.02377002499834368,0.02377002499834368,0.5735162937918511,FALSE,FALSE
1998-05-16,Ross,1.623133953,-0.00373232736234219,0.00373232736234219,0.5735162937918511,FALSE,FALSE
1998-05-17,Ross,1.669017444,0.00325442706180312,0.00325442706180312,0.5735162937918511,FALSE,FALSE
1998-05-18,Ross,1.714589822,0.00956695880223867,0.00956695880223867,0.5735162937918511,FALSE,FALSE
1998-05-19,Ross,1.74356489,-9.877666128832452e-4,9.877666128832452e-4,0.5735162937918511,FALSE,FALSE
1998-05-20,Ross,1.792433439,0.0081711597940377,0.0081711597940377,0.5735162937918511,FALSE,FALSE
1998-05-21,Ross,1.798103618,-0.02601354987063753,0.02601354987063753,0.5735162937918511,FALSE,FALSE
1998-05-22,Ross,1.767268152,-0.09686314489090496,0.09686314489090496,0.5735162937918511,FALSE,FALSE
1998-05-23,Ross,1.778976247,-0.12534402657750632,0.12534402657750632,0.5735162937918511,FALSE,FALSE
1998-05-24,Ross,1.830304645,-0.11439506024118185,0.11439506024118185,0.5735162937918511,FALSE,FALSE
1998-05-25,Ross,1.874630399,-0.11065480019267082,0.11065480019267082,0.5735162937918511,FALSE,FALSE
1998-05-26,Ross,1.938061294,-0.08803106874271305,0.08803106874271305,0.5735162937918511,FALSE,FALSE
1998-05-27,Ross,1.976426417,-0.09071038620205064,0.09071038620205064,0.5735162937918511,FALSE,FALSE
1998-05-28,Ross,1.980672932,-0.12776119588142532,0.12776119588142532,0.5735162937918511,FALSE,FALSE
1998-05-29,Ross,2.00680618,-0.1431937640915777,0.1431937640915777,0.5735162937918511,FALSE,FALSE
1998-05-30,Ross,2.052928194,-0.1389216651432461,0.1389216651432461,0.5735162937918511,FALSE,FALSE
1998-05-31,Ross,2.145073176,-0.08892630434717397,0.08892630434717397,0.5735162937918511,FALSE,FALSE
1998-06-01,Ross,2.195206595,-0.08125782001409965,0.08125782001409965,0.5735162937918511,FALSE,FALSE
1998-06-02,Ross,2.259267937,-0.05998767504969216,0.05998767504969216,0.5735162937918511,FALSE,FALSE
1998-06-03,Ross,2.301531027,-0.0608323274167466,0.0608323274167466,0.5735162937918511,FALSE,FALSE
1998-06-04,Ross,2.377504872,-0.02826732429237344,0.02826732429237344,0.5735162937918511,FALSE,FALSE
1998-06-05,Ross,2.431384635,-0.01808205664147211,0.01808205664147211,0.5735162937918511,FALSE,FALSE
1998-06-06,Ross,2.510984375,0.01755298057105481,0.01755298057105481,0.5735162937918511,FALSE,FALSE
1998-06-07,Ross,2.502822554,-0.0348283046196971,0.0348283046196971,0.5735162937918511,FALSE,FALSE
1998-06-08,Ross,2.468291214,-0.11381842417862442,0.11381842417862442,0.5735162937918511,FALSE,FALSE
1998-06-09,Ross,2.459675984,-0.1671163030706304,0.1671163030706304,0.5735162937918511,FALSE,FALSE
1998-06-10,Ross,2.497206658,-0.17447670126061965,0.17447670126061965,0.5735162937918511,FALSE,FALSE
1998-06-11,Ross,2.497652735,-0.21911467371349055,0.21911467371349055,0.5735162937918511,FALSE,FALSE
1998-06-12,Ross,2.476284853,-0.2857441363941442,0.2857441363941442,0.5735162937918511,FALSE,FALSE
1998-06-13,Ross,2.546628823,-0.2608238322674832,0.2608238322674832,0.5735162937918511,FALSE,FALSE
1998-06-14,Ross,2.621411643,-0.2316106937445901,0.2316106937445901,0.5735162937918511,FALSE,FALSE
1998-06-15,Ross,2.713951074,-0.18474340139813705,0.18474340139813705,0.5735162937918511,FALSE,FALSE
1998-06-16,Ross,2.822996132,-0.12139167008350916,0.12139167008350916,0.5735162937918511,FALSE,FALSE
1998-06-17,Ross,2.925671071,-0.06434724445031703,0.06434724445031703,0.5735162937918511,FALSE,FALSE
1998-06-18,Ross,3.021011956,-0.01449005814818571,0.01449005814818571,0.5735162937918511,FALSE,FALSE
1998-06-19,Ross,3.115928749,0.03517385217327806,0.03517385217327806,0.5735162937918511,FALSE,FALSE
1998-06-20,Ross,3.23009123,0.10439826786445394,0.10439826786445394,0.5735162937918511,FALSE,FALSE
1998-06-21,Ross,3.274139041,0.1039068322757264,0.1039068322757264,0.5735162937918511,FALSE,FALSE
1998-06-22,Ross,3.362726339,0.14843770375747845,0.14843770375747845,0.5735162937918511,FALSE,FALSE
1998-06-23,Ross,3.461882363,0.20410412266009637,0.20410412266009637,0.5735162937918511,FALSE,FALSE
1998-06-24,Ross,3.534532566,0.2339155433339628,0.2339155433339628,0.5735162937918511,FALSE,FALSE
1998-06-25,Ross,3.569671424,0.2269504431294629,0.2269504431294629,0.5735162937918511,FALSE,FALSE
1998-06-26,Ross,3.608283078,0.22427696439698064,0.22427696439698064,0.5735162937918511,FALSE,FALSE
1998-06-27,Ross,3.6409208,0.2165173220251413,0.2165173220251413,0.5735162937918511,FALSE,FALSE
1998-06-28,Ross,3.618937148,0.15497922755647053,0.15497922755647053,0.5735162937918511,FALSE,FALSE
1998-06-29,Ross,3.609297239,0.1065309567084034,0.1065309567084034,0.5735162937918511,FALSE,FALSE
1998-06-30,Ross,3.617469049,0.0765433768664292,0.0765433768664292,0.5735162937918511,FALSE,FALSE
1998-07-01,Ross,3.585062153,0.00652895441604206,0.00652895441604206,0.5735162937918511,FALSE,FALSE
1998-07-02,Ross,3.58492887,-0.03075710025726641,0.03075710025726641,0.5735162937918511,FALSE,FALSE
1998-07-03,Ross,3.642609004,-0.00987209176801062,0.00987209176801062,0.5735162937918511,FALSE,FALSE
1998-07-04,Ross,3.699208498,0.01019281426930529,0.01019281426930529,0.5735162937918511,FALSE,FALSE
1998-07-05,Ross,3.729367543,0.00398070024017149,0.00398070024017149,0.5735162937918511,FALSE,FALSE
1998-07-06,Ross,3.748915942,-0.01277573946992127,0.01277573946992127,0.5735162937918511,FALSE,FALSE
1998-07-07,Ross,3.814547733,0.01652042452452251,0.01652042452452251,0.5735162937918511,FALSE,FALSE
1998-07-08,Ross,3.852800101,0.01830926860898429,0.01830926860898429,0.5735162937918511,FALSE,FALSE
1998-07-09,Ross,3.875692699,0.00451364463839398,0.00451364463839398,0.5735162937918511,FALSE,FALSE
1998-07-10,Ross,3.868789674,-0.03933930015197129,0.03933930015197129,0.5735162937918511,FALSE,FALSE
1998-07-11,Ross,3.894719339,-0.05052737873400836,0.05052737873400836,0.5735162937918511,FALSE,FALSE
1998-07-12,Ross,3.901802651,-0.08061844072528057,0.08061844072528057,0.5735162937918511,FALSE,FALSE
1998-07-13,Ross,3.947130301,-0.07241060174334946,0.07241060174334946,0.5735162937918511,FALSE,FALSE
1998-07-14,Ross,3.985264269,-0.07123068840577407,0.07123068840577407,0.5735162937918511,FALSE,FALSE
1998-07-15,Ross,4.050004415,-0.04316764733012324,0.04316764733012324,0.5735162937918511,FALSE,FALSE
1998-07-16,Ross,4.086344963,-0.04311606113395161,0.04311606113395161,0.5735162937918511,FALSE,FALSE
1998-07-17,Ross,4.095960654,-0.06928999543483272,0.06928999543483272,0.5735162937918511,FALSE,FALSE
1998-07-18,Ross,4.138387194,-0.06204255085031995,0.06204255085031995,0.5735162937918511,FALSE,FALSE
1998-07-19,Ross,4.149555089,-0.08533202799798101,0.08533202799798101,0.5735162937918511,FALSE,FALSE
1998-07-20,Ross,4.128338045,-0.14017352749537793,0.14017352749537793,0.5735162937918511,FALSE,FALSE
1998-07-21,Ross,4.088265497,-0.21292642096006895,0.21292642096006895,0.5735162937918511,FALSE,FALSE
1998-07-22,Ross,4.07614017,-0.25668571382171734,0.25668571382171734,0.5735162937918511,FALSE,FALSE
1998-07-23,Ross,4.076319352,-0.2871150176207866,0.2871150176207866,0.5735162937918511,FALSE,FALSE
1998-07-24,Ross,4.083551942,-0.30957611575068356,0.30957611575068356,0.5735162937918511,FALSE,FALSE
1998-07-25,Ross,4.204069032,-0.21795063522926927,0.21795063522926927,0.5735162937918511,FALSE,FALSE
1998-07-26,Ross,4.335686321,-0.11453559607441388,0.11453559607441388,0.5735162937918511,FALSE,FALSE
1998-07-27,Ross,4.371749125,-0.1060984013039894,0.1060984013039894,0.5735162937918511,FALSE,FALSE
1998-07-28,Ross,4.399231325,-0.10577788893585982,0.10577788893585982,0.5735162937918511,FALSE,FALSE
1998-07-29,Ross,4.391598666,-0.14022103298788746,0.14022103298788746,0.5735162937918511,FALSE,FALSE
1998-07-30,Ross,4.396910078,-0.16148162247794584,0.16148162247794584,0.5735162937918511,FALSE,FALSE
1998-07-31,Ross,4.442701524,-0.14213641342389938,0.14213641342389938,0.5735162937918511,FALSE,FALSE
1998-08-01,Ross,4.536045977,-0.07522515184362177,0.07522515184362177,0.5735162937918511,FALSE,FALSE
1998-08-02,Ross,4.642018203,0.00421420924502768,0.00421420924502768,0.5735162937918511,FALSE,FALSE
1998-08-03,Ross,4.700495117,0.03594586742205052,0.03594586742205052,0.5735162937918511,FALSE,FALSE
1998-08-04,Ross,4.697017915,0.0054414374082139,0.0054414374082139,0.5735162937918511,FALSE,FALSE
1998-08-05,Ross,4.714771861,-0.00402778935334069,0.00402778935334069,0.5735162937918511,FALSE,FALSE
1998-08-06,Ross,4.770439981,0.02434231705710754,0.02434231705710754,0.5735162937918511,FALSE,FALSE
1998-08-07,Ross,4.804632737,0.03128332255928168,0.03128332255928168,0.5735162937918511,FALSE,FALSE
1998-08-08,Ross,4.873718743,0.07328494507291339,0.07328494507291339,0.5735162937918511,FALSE,FALSE
1998-08-09,Ross,4.954746298,0.12751658751772688,0.12751658751772688,0.5735162937918511,FALSE,FALSE
1998-08-10,Ross,4.986147864,0.13253181581344275,0.13253181581344275,0.5735162937918511,FALSE,FALSE
1998-08-11,Ross,4.998559836,0.11908812887979447,0.11908812887979447,0.5735162937918511,FALSE,FALSE
1998-08-12,Ross,4.995303139,0.09062755563650526,0.09062755563650526,0.5735162937918511,FALSE,FALSE
1998-08-13,Ross,5.041511482,0.11240490900330524,0.11240490900330524,0.5735162937918511,FALSE,FALSE
1998-08-14,Ross,5.06642484,0.1137812678999115,0.1137812678999115,0.5735162937918511,FALSE,FALSE
1998-08-15,Ross,5.071580506,0.09641502924605928,0.09641502924605928,0.5735162937918511,FALSE,FALSE
1998-08-16,Ross,5.071172646,0.07461748232626686,0.07461748232626686,0.5735162937918511,FALSE,FALSE
1998-08-17,Ross,5.083707886,0.06689406259771324,0.06689406259771324,0.5735162937918511,FALSE,FALSE
1998-08-18,Ross,5.096194864,0.06011679801114766,0.06011679801114766,0.5735162937918511,FALSE,FALSE
1998-08-19,Ross,5.121345498,0.0668535751783157,0.0668535751783157,0.5735162937918511,FALSE,FALSE
1998-08-20,Ross,5.092328316,0.02012889071096069,0.02012889071096069,0.5735162937918511,FALSE,FALSE
1998-08-21,Ross,5.093762058,0.00441745322083431,0.00441745322083431,0.5735162937918511,FALSE,FALSE
1998-08-22,Ross,5.062847768,-0.04322372468032398,0.04322372468032398,0.5735162937918511,FALSE,FALSE
1998-08-23,Ross,5.020656546,-0.10186757438076466,0.10186757438076466,0.5735162937918511,FALSE,FALSE
1998-08-24,Ross,4.985943895,-0.15290262426873635,0.15290262426873635,0.5735162937918511,FALSE,FALSE
1998-08-25,Ross,4.964833977,-0.19034874373250332,0.19034874373250332,0.5735162937918511,FALSE,FALSE
1998-08-26,Ross,4.970827439,-0.2008493171603094,0.2008493171603094,0.5735162937918511,FALSE,FALSE
1998-08-27,Ross,5.057104209,-0.1313684479404138,0.1313684479404138,0.5735162937918511,FALSE,FALSE
1998-08-28,Ross,5.168426307,-0.03728814746106934,0.03728814746106934,0.5735162937918511,FALSE,FALSE
1998-08-29,Ross,5.209285677,-0.01423322431474805,0.01423322431474805,0.5735162937918511,FALSE,FALSE
1998-08-30,Ross,5.195375095,-0.04646186286592169,0.04646186286592169,0.5735162937918511,FALSE,FALSE
1998-08-31,Ross,5.242907063,-0.01765022805747307,0.01765022805747307,0.5735162937918511,FALSE,FALSE
1998-09-01,Ross,5.246893852,-0.03267460409833855,0.03267460409833855,0.5735162937918511,FALSE,FALSE
1998-09-02,Ross,5.152430428,-0.1463285801974612,0.1463285801974612,0.5735162937918511,FALSE,FALSE
1998-09-03,Ross,5.120690511,-0.19732699156377545,0.19732699156377545,0.5735162937918511,FALSE,FALSE
1998-09-04,Ross,5.075636919,-0.26159557540622025,0.26159557540622025,0.5735162937918511,FALSE,FALSE
1998-09-05,Ross,5.008049036,-0.34824350293373296,0.34824350293373296,0.5735162937918511,FALSE,FALSE
1998-09-06,Ross,5.004290602,-0.3707955893552528,0.3707955893552528,0.5735162937918511,FALSE,FALSE
1998-09-07,Ross,5.046529572,-0.3469724348797172,0.3469724348797172,0.5735162937918511,FALSE,FALSE
1998-09-08,Ross,5.093807842,-0.3176206987160599,0.3176206987160599,0.5735162937918511,FALSE,FALSE
1998-09-09,Ross,5.218437815,-0.21031653307322704,0.21031653307322704,0.5735162937918511,FALSE,FALSE
1998-09-10,Ross,5.287238369,-0.15813007776131993,0.15813007776131993,0.5735162937918511,FALSE,FALSE
1998-09-11,Ross,5.308026353,-0.15317741707871946,0.15317741707871946,0.5735162937918511,FALSE,FALSE
1998-09-12,Ross,5.361860476,-0.1144122451455356,0.1144122451455356,0.5735162937918511,FALSE,FALSE
1998-09-13,Ross,5.381265294,-0.10933077656130052,0.10933077656130052,0.5735162937918511,FALSE,FALSE
1998-09-14,Ross,5.343497991,-0.16069659792553548,0.16069659792553548,0.5735162937918511,FALSE,FALSE
1998-09-15,Ross,5.305644013,-0.21144503383777025,0.21144503383777025,0.5735162937918511,FALSE,FALSE
1998-09-16,Ross,5.309916648,-0.21938356689753036,0.21938356689753036,0.5735162937918511,FALSE,FALSE
1998-09-17,Ross,5.325959027,-0.2148898367043408,0.2148898367043408,0.5735162937918511,FALSE,FALSE
1998-09-18,Ross,5.342917348,-0.20883841585773055,0.20883841585773055,0.5735162937918511,FALSE,FALSE
1998-09-19,Ross,5.324994234,-0.23704745195722501,0.23704745195722501,0.5735162937918511,FALSE,FALSE
1998-09-20,Ross,5.31470391,-0.25702349060235186,0.25702349060235186,0.5735162937918511,FALSE,FALSE
1998-09-21,Ross,5.317290212,-0.2635434663926368,0.2635434663926368,0.5735162937918511,FALSE,FALSE
1998-09-22,Ross,5.327671464,-0.26170982592760783,0.26170982592760783,0.5735162937918511,FALSE,FALSE
1998-09-23,Ross,5.33056337,-0.266825826067981,0.266825826067981,0.5735162937918511,FALSE,FALSE
1998-09-24,Ross,5.374415409,-0.23044157338460813,0.23044157338460813,0.5735162937918511,FALSE,FALSE
1998-09-25,Ross,5.435176183,-0.17659629809964983,0.17659629809964983,0.5735162937918511,FALSE,FALSE
1998-09-26,Ross,5.531115429,-0.08700793052282574,0.08700793052282574,0.5735162937918511,FALSE,FALSE
1998-09-27,Ross,5.535444549,-0.08845273596385628,0.08845273596385628,0.5735162937918511,FALSE,FALSE
1998-09-28,Ross,5.500085314,-0.12899661073246094,0.12899661073246094,0.5735162937918511,FALSE,FALSE
1998-09-29,Ross,5.490921915,-0.1427430311383544,0.1427430311383544,0.5735162937918511,FALSE,FALSE
1998-09-30,Ross,5.517108638,-0.12052537849125856,0.12052537849125856,0.5735162937918511,FALSE,FALSE
1998-10-01,Ross,5.530719539,-0.11025726410089032,0.11025726410089032,0.5735162937918511,FALSE,FALSE
1998-10-02,Ross,5.541552988,-0.10212798527696876,0.10212798527696876,0.5735162937918511,FALSE,FALSE
1998-10-03,Ross,5.592880168,-0.05285402632921254,0.05285402632921254,0.5735162937918511,FALSE,FALSE
1998-10-04,Ross,5.603181412,-0.04394272156734047,0.04394272156734047,0.5735162937918511,FALSE,FALSE
1998-10-05,Ross,5.617138782,-0.03069966918217481,0.03069966918217481,0.5735162937918511,FALSE,FALSE
1998-10-06,Ross,5.590319507,-0.05753668913816678,0.05753668913816678,0.5735162937918511,FALSE,FALSE
1998-10-07,Ross,5.558160666,-0.08897042105288389,0.08897042105288389,0.5735162937918511,FALSE,FALSE
1998-10-08,Ross,5.546381358,-0.09923085040689283,0.09923085040689283,0.5735162937918511,FALSE,FALSE
1998-10-09,Ross,5.505441315,-0.13780732968074805,0.13780732968074805,0.5735162937918511,FALSE,FALSE
1998-10-10,Ross,5.493590162,-0.1463993183550123,0.1463993183550123,0.5735162937918511,FALSE,FALSE
1998-10-11,Ross,5.497360556,-0.13842324391024796,0.13842324391024796,0.5735162937918511,FALSE,FALSE
1998-10-12,Ross,5.525795768,-0.10478491982701232,0.10478491982701232,0.5735162937918511,FALSE,FALSE
1998-10-13,Ross,5.576217041,-0.0481121875858701,0.0481121875858701,0.5735162937918511,FALSE,FALSE
1998-10-14,Ross,5.590760757,-0.026217749667377,0.026217749667377,0.5735162937918511,FALSE,FALSE
1998-10-15,Ross,5.564424519,-0.04405308755209614,0.04405308755209614,0.5735162937918511,FALSE,FALSE
1998-10-16,Ross,5.563969122,-0.03480649072059183,0.03480649072059183,0.5735162937918511,FALSE,FALSE
1998-10-17,Ross,5.562960781,-0.02486082865341909,0.02486082865341909,0.5735162937918511,FALSE,FALSE
1998-10-18,Ross,5.563015421,-0.0125530960587028,0.0125530960587028,0.5735162937918511,FALSE,FALSE
1998-10-19,Ross,5.557817819,-0.00423289474164612,0.00423289474164612,0.5735162937918511,FALSE,FALSE
1998-10-20,Ross,5.539405488,-0.00797496664969887,0.00797496664969887,0.5735162937918511,FALSE,FALSE
1998-10-21,Ross,5.53345244,0.00177932708762806,0.00177932708762806,0.5735162937918511,FALSE,FALSE
1998-10-22,Ross,5.550538697,0.03549463534082608,0.03549463534082608,0.5735162937918511,FALSE,FALSE
1998-10-23,Ross,5.553887506,0.0562788319803813,0.0562788319803813,0.5735162937918511,FALSE,FALSE
1998-10-24,Ross,5.528667848,0.04918552487678784,0.04918552487678784,0.5735162937918511,FALSE,FALSE
1998-10-25,Ross,5.515061399,0.05428101690053388,0.05428101690053388,0.5735162937918511,FALSE,FALSE
1998-10-26,Ross,5.507944766,0.06632654192210818,0.06632654192210818,0.5735162937918511,FALSE,FALSE
1998-10-27,Ross,5.47834542,0.05623419781200312,0.05623419781200312,0.5735162937918511,FALSE,FALSE
1998-10-28,Ross,5.429489184,0.02711443444070838,0.02711443444070838,0.5735162937918511,FALSE,FALSE
1998-10-29,Ross,5.345144096,-0.0373800833212865,0.0373800833212865,0.5735162937918511,FALSE,FALSE
1998-10-30,Ross,5.360253235,-0.002421649603491,0.002421649603491,0.5735162937918511,FALSE,FALSE
1998-10-31,Ross,5.347980568,0.0050784061502469,0.0050784061502469,0.5735162937918511,FALSE,FALSE
1998-11-01,Ross,5.29274501,-0.03033903135475935,0.03033903135475935,0.5735162937918511,FALSE,FALSE
1998-11-02,Ross,5.25416791,-0.04887005091771623,0.04887005091771623,0.5735162937918511,FALSE,FALSE
1998-11-03,Ross,5.269127364,-0.01345397804897352,0.01345397804897352,0.5735162937918511,FALSE,FALSE
1998-11-04,Ross,5.243542199,-0.0179894072588862,0.0179894072588862,0.5735162937918511,FALSE,FALSE
1998-11-05,Ross,5.199041138,-0.04066503705780278,0.04066503705780278,0.5735162937918511,FALSE,FALSE
1998-11-06,Ross,5.151254561,-0.06566790895607344,0.06566790895607344,0.5735162937918511,FALSE,FALSE
1998-11-07,Ross,5.1645738,-0.02842411246405074,0.02842411246405074,0.5735162937918511,FALSE,FALSE
1998-11-08,Ross,5.181150881,0.01340095690791098,0.01340095690791098,0.5735162937918511,FALSE,FALSE
1998-11-09,Ross,5.15627657,0.01528064364946502,0.01528064364946502,0.5735162937918511,FALSE,FALSE
1998-11-10,Ross,5.123798892,0.01124555125025672,0.01124555125025672,0.5735162937918511,FALSE,FALSE
1998-11-11,Ross,5.147828129,0.0655885401999372,0.0655885401999372,0.5735162937918511,FALSE,FALSE
1998-11-12,Ross,5.09550274,0.04562916706978814,0.04562916706978814,0.5735162937918511,FALSE,FALSE
1998-11-13,Ross,5.048962895,0.03360677650800525,0.03360677650800525,0.5735162937918511,FALSE,FALSE
1998-11-14,Ross,5.016608868,0.03789766991514565,0.03789766991514565,0.5735162937918511,FALSE,FALSE
1998-11-15,Ross,4.994481453,0.05450851107269461,0.05450851107269461,0.5735162937918511,FALSE,FALSE
1998-11-16,Ross,4.960708406,0.06153292576213776,0.06153292576213776,0.5735162937918511,FALSE,FALSE
1998-11-17,Ross,4.938205087,0.08185214376495686,0.08185214376495686,0.5735162937918511,FALSE,FALSE
1998-11-18,Ross,4.906877228,0.09533776686263716,0.09533776686263716,0.5735162937918511,FALSE,FALSE
1998-11-19,Ross,4.853020501,0.08825133683666575,0.08825133683666575,0.5735162937918511,FALSE,FALSE
1998-11-20,Ross,4.795440126,0.07936394346852449,0.07936394346852449,0.5735162937918511,FALSE,FALSE
1998-11-21,Ross,4.727587427,0.06209278053970291,0.06209278053970291,0.5735162937918511,FALSE,FALSE
1998-11-22,Ross,4.688653087,0.07559440083167956,0.07559440083167956,0.5735162937918511,FALSE,FALSE
1998-11-23,Ross,4.662605055,0.1038026231259428,0.1038026231259428,0.5735162937918511,FALSE,FALSE
1998-11-24,Ross,4.63836717,0.13560715620397623,0.13560715620397623,0.5735162937918511,FALSE,FALSE
1998-11-25,Ross,4.61716,0.1722194987456902,0.1722194987456902,0.5735162937918511,FALSE,FALSE
1998-11-26,Ross,4.575208793,0.19006779031110188,0.19006779031110188,0.5735162937918511,FALSE,FALSE
1998-11-27,Ross,4.524363418,0.20131137088587625,0.20131137088587625,0.5735162937918511,FALSE,FALSE
1998-11-28,Ross,4.468836468,0.2104731117329264,0.2104731117329264,0.5735162937918511,FALSE,FALSE
1998-11-29,Ross,4.424993879,0.2342292271151711,0.2342292271151711,0.5735162937918511,FALSE,FALSE
1998-11-30,Ross,4.354360963,0.23441530729552884,0.23441530729552884,0.5735162937918511,FALSE,FALSE
1998-12-01,Ross,4.26169421,0.21609812053690905,0.21609812053690905,0.5735162937918511,FALSE,FALSE
1998-12-02,Ross,4.148893035,0.1814873601022335,0.1814873601022335,0.5735162937918511,FALSE,FALSE
1998-12-03,Ross,4.043778263,0.15871412925441453,0.15871412925441453,0.5735162937918511,FALSE,FALSE
1998-12-04,Ross,3.946999675,0.1487384872563693,0.1487384872563693,0.5735162937918511,FALSE,FALSE
1998-12-05,Ross,3.859636824,0.15295026537101508,0.15295026537101508,0.5735162937918511,FALSE,FALSE
1998-12-06,Ross,3.717236837,0.10720686886126528,0.10720686886126528,0.5735162937918511,FALSE,FALSE
1998-12-07,Ross,3.550041505,0.04205946466676735,0.04205946466676735,0.5735162937918511,FALSE,FALSE
1998-12-08,Ross,3.433071061,0.03255755170989749,0.03255755170989749,0.5735162937918511,FALSE,FALSE
1998-12-09,Ross,3.367069027,0.0787983954017899,0.0787983954017899,0.5735162937918511,FALSE,FALSE
1998-12-10,Ross,3.276896262,0.10489680841853932,0.10489680841853932,0.5735162937918511,FALSE,FALSE
1998-12-11,Ross,3.211574245,0.15912822343622637,0.15912822343622637,0.5735162937918511,FALSE,FALSE
1998-12-12,Ross,3.136307642,0.20595126013094767,0.20595126013094767,0.5735162937918511,FALSE,FALSE
1998-12-13,Ross,3.077054051,0.2705774701787895,0.2705774701787895,0.5735162937918511,FALSE,FALSE
1998-12-14,Ross,2.987691915,0.3061392502558409,0.3061392502558409,0.5735162937918511,FALSE,FALSE
1998-12-15,Ross,2.914082691,0.35775201103819443,0.35775201103819443,0.5735162937918511,FALSE,FALSE
1998-12-16,Ross,2.813076863,0.3815201902019343,0.3815201902019343,0.5735162937918511,FALSE,FALSE
1998-12-17,Ross,2.642609063,0.3346323734231551,0.3346323734231551,0.5735162937918511,FALSE,FALSE
1998-12-18,Ross,2.517604526,0.33126774937794323,0.33126774937794323,0.5735162937918511,FALSE,FALSE
1998-12-19,Ross,2.386823365,0.3194403847423888,0.3194403847423888,0.5735162937918511,FALSE,FALSE
1998-12-20,Ross,2.250290885,0.29844871235664394,0.29844871235664394,0.5735162937918511,FALSE,FALSE
1998-12-21,Ross,2.134608799,0.2944707535536746,0.2944707535536746,0.5735162937918511,FALSE,FALSE
1998-12-22,Ross,1.986867794,0.25441550870195395,0.25441550870195395,0.5735162937918511,FALSE,FALSE
1998-12-23,Ross,1.849925958,0.220966123105536,0.220966123105536,0.5735162937918511,FALSE,FALSE
1998-12-24,Ross,1.751166702,0.22133106506847475,0.22133106506847475,0.5735162937918511,FALSE,FALSE
1998-12-25,Ross,1.67850569,0.2432510558948255,0.2432510558948255,0.5735162937918511,FALSE,FALSE
1998-12-26,Ross,1.589283476,0.24389170688863993,0.24389170688863993,0.5735162937918511,FALSE,FALSE
1998-12-27,Ross,1.481698826,0.22127684135397252,0.22127684135397252,0.5735162937918511,FALSE,FALSE
1998-12-28,Ross,1.33916819,0.15864796659488256,0.15864796659488256,0.5735162937918511,FALSE,FALSE
1998-12-29,Ross,1.238752929,0.1328915009154159,0.1328915009154159,0.5735162937918511,FALSE,FALSE
1998-12-30,Ross,1.146144436,0.10952389461963152,0.10952389461963152,0.5735162937918511,FALSE,FALSE
1998-12-31,Ross,1.056618462,0.08364595601158353,0.08364595601158353,0.5735162937918511,FALSE,FALSE
1999-01-01,Ross,0.957274283,0.04218201839532487,0.04218201839532487,0.5735162937918511,FALSE,FALSE
1999-01-02,Ross,0.897452274,0.03440215781482791,0.03440215781482791,0.5735162937918511,FALSE,FALSE
1999-01-03,Ross,0.864594601,0.04809681627372897,0.04809681627372897,0.5735162937918511,FALSE,FALSE
1999-01-04,Ross,0.841373205,0.06639085451558069,0.06639085451558069,0.5735162937918511,FALSE,FALSE
1999-01-05,Ross,0.787357953,0.04930705928394519,0.04930705928394519,0.5735162937918511,FALSE,FALSE
1999-01-06,Ross,0.749513471,0.04426297632237097,0.04426297632237097,0.5735162937918511,FALSE,FALSE
1999-01-07,Ross,0.694717555,0.01858932137441438,0.01858932137441438,0.5735162937918511,FALSE,FALSE
1999-01-08,Ross,0.641494609,-0.00873658181636771,0.00873658181636771,0.5735162937918511,FALSE,FALSE
1999-01-09,Ross,0.618216404,-0.008890042506421,0.008890042506421,0.5735162937918511,FALSE,FALSE
1999-01-10,Ross,0.591655299,-0.01464578195219212,0.01464578195219212,0.5735162937918511,FALSE,FALSE
1999-01-11,Ross,0.557111063,-0.03025111141012515,0.03025111141012515,0.5735162937918511,FALSE,FALSE
1999-01-12,Ross,0.514063962,-0.05577284513666425,0.05577284513666425,0.5735162937918511,FALSE,FALSE
1999-01-13,Ross,0.491709243,-0.0615628163882555,0.0615628163882555,0.5735162937918511,FALSE,FALSE
1999-01-14,Ross,0.442885543,-0.09433523527497796,0.09433523527497796,0.5735162937918511,FALSE,FALSE
1999-01-15,Ross,0.423829458,-0.09761329551513992,0.09761329551513992,0.5735162937918511,FALSE,FALSE
1999-01-16,Ross,0.363480479,-0.14247655060583364,0.14247655060583364,0.5735162937918511,FALSE,FALSE
1999-01-17,Ross,0.356803196,-0.13399585119687463,0.13399585119687463,0.5735162937918511,FALSE,FALSE
1999-01-18,Ross,0.352548657,-0.1234555899380778,0.1234555899380778,0.5735162937918511,FALSE,FALSE
1999-01-19,Ross,0.348308823,-0.11329924647925944,0.11329924647925944,0.5735162937918511,FALSE,FALSE
1999-01-20,Ross,0.350087824,-0.09755813147023412,0.09755813147023412,0.5735162937918511,FALSE,FALSE
1999-01-21,Ross,0.341359747,-0.0927935985608177,0.0927935985608177,0.5735162937918511,FALSE,FALSE
1999-01-22,Ross,0.32335715,-0.09780853040082532,0.09780853040082532,0.5735162937918511,FALSE,FALSE
1999-01-23,Ross,0.320450836,-0.08826756464007379,0.08826756464007379,0.5735162937918511,FALSE,FALSE
1999-01-24,Ross,0.332871925,-0.06397502192837795,0.06397502192837795,0.5735162937918511,FALSE,FALSE
1999-01-25,Ross,0.342817245,-0.0427695149155527,0.0427695149155527,0.5735162937918511,FALSE,FALSE
1999-01-26,Ross,0.325678395,-0.04929488525141345,0.04929488525141345,0.5735162937918511,FALSE,FALSE
1999-01-27,Ross,0.314100603,-0.05093416061440797,0.05093416061440797,0.5735162937918511,FALSE,FALSE
1999-01-28,Ross,0.294961286,-0.06078954131451658,0.06078954131451658,0.5735162937918511,FALSE,FALSE
1999-01-29,Ross,0.264872358,-0.08220856243045371,0.08220856243045371,0.5735162937918511,FALSE,FALSE
1999-01-30,Ross,0.266768367,-0.07221606007266346,0.07221606007266346,0.5735162937918511,FALSE,FALSE
1999-01-31,Ross,0.275480505,-0.0559402263515868,0.0559402263515868,0.5735162937918511,FALSE,FALSE
1999-02-01,Ross,0.274242045,-0.05010717237766593,0.05010717237766593,0.5735162937918511,FALSE,FALSE
1999-02-02,Ross,0.273012256,-0.04471701326134414,0.04471701326134414,0.5735162937918511,FALSE,FALSE
1999-02-03,Ross,0.260580516,-0.05093975511306203,0.05093975511306203,0.5735162937918511,FALSE,FALSE
1999-02-04,Ross,0.27479637,-0.03088523704326173,0.03088523704326173,0.5735162937918511,FALSE,FALSE
1999-02-05,Ross,0.283908905,-0.0162637561623859,0.0162637561623859,0.5735162937918511,FALSE,FALSE
1999-02-06,Ross,0.30996247,0.01500965241912349,0.01500965241912349,0.5735162937918511,FALSE,FALSE
1999-02-07,Ross,0.317931594,0.02795013359082548,0.02795013359082548,0.5735162937918511,FALSE,FALSE
1999-02-08,Ross,0.309223358,0.02400523406893845,0.02400523406893845,0.5735162937918511,FALSE,FALSE
1999-02-09,Ross,0.283302901,0.0026607321865788,0.0026607321865788,0.5735162937918511,FALSE,FALSE
1999-02-10,Ross,0.261927147,-0.01434523863737569,0.01434523863737569,0.5735162937918511,FALSE,FALSE
1999-02-11,Ross,0.253393324,-0.01873890292484859,0.01873890292484859,0.5735162937918511,FALSE,FALSE
1999-02-12,Ross,0.2671472,-0.00109794519776257,0.00109794519776257,0.5735162937918511,FALSE,FALSE
1999-02-13,Ross,0.270408574,0.0057739810219568,0.0057739810219568,0.5735162937918511,FALSE,FALSE
1999-02-14,Ross,0.264145802,0.00282177921238857,0.00282177921238857,0.5735162937918511,FALSE,FALSE
1999-02-15,Ross,0.257842895,-4.939921483914089e-4,4.939921483914089e-4,0.5735162937918511,FALSE,FALSE
1999-02-16,Ross,0.230963414,-0.02473322458230967,0.02473322458230967,0.5735162937918511,FALSE,FALSE
1999-02-17,Ross,0.237978995,-0.01544773461128593,0.01544773461128593,0.5735162937918511,FALSE,FALSE
1999-02-18,Ross,0.230539394,-0.02101121875724637,0.02101121875724637,0.5735162937918511,FALSE,FALSE
1999-02-19,Ross,0.241743973,-0.0083477675421138,0.0083477675421138,0.5735162937918511,FALSE,FALSE
1999-02-20,Ross,0.2398087,-0.00926486548781194,0.00926486548781194,0.5735162937918511,FALSE,FALSE
1999-02-21,Ross,0.251463787,0.00294597571855767,0.00294597571855767,0.5735162937918511,FALSE,FALSE
1999-02-22,Ross,0.245303341,-0.00312190085089414,0.00312190085089414,0.5735162937918511,FALSE,FALSE
1999-02-23,Ross,0.243480491,-0.00530218677757349,0.00530218677757349,0.5735162937918511,FALSE,FALSE
1999-02-24,Ross,0.257125832,0.0075491444105899,0.0075491444105899,0.5735162937918511,FALSE,FALSE
1999-02-25,Ross,0.278928614,0.02813477418566928,0.02813477418566928,0.5735162937918511,FALSE,FALSE
1999-02-26,Ross,0.283329635,0.03090893201973588,0.03090893201973588,0.5735162937918511,FALSE,FALSE
1999-02-27,Ross,0.277836901,0.02339305538486369,0.02339305538486369,0.5735162937918511,FALSE,FALSE
1999-02-28,Ross,0.275414186,0.01856434975312437,0.01856434975312437,0.5735162937918511,FALSE,FALSE
1999-03-01,Ross,0.264968381,0.00534313759658972,0.00534313759658972,0.5735162937918511,FALSE,FALSE
1999-03-02,Ross,0.260538759,-0.00221787661266692,0.00221787661266692,0.5735162937918511,FALSE,FALSE
1999-03-03,Ross,0.250092452,-0.01613812940257469,0.01613812940257469,0.5735162937918511,FALSE,FALSE
1999-03-04,Ross,0.241052786,-0.02898086330105989,0.02898086330105989,0.5735162937918511,FALSE,FALSE
1999-03-05,Ross,0.241602038,-0.0325503710383663,0.0325503710383663,0.5735162937918511,FALSE,FALSE
1999-03-06,Ross,0.257678665,-0.02089923781051672,0.02089923781051672,0.5735162937918511,FALSE,FALSE
1999-03-07,Ross,0.255895122,-0.02742061146322527,0.02742061146322527,0.5735162937918511,FALSE,FALSE
1999-03-08,Ross,0.278932743,-0.00944171899080231,0.00944171899080231,0.5735162937918511,FALSE,FALSE
1999-03-09,Ross,0.273917571,-0.01984507838755356,0.01984507838755356,0.5735162937918511,FALSE,FALSE
1999-03-10,Ross,0.277253186,-0.02223567064778697,0.02223567064778697,0.5735162937918511,FALSE,FALSE
1999-03-11,Ross,0.289050191,-0.01651145376580998,0.01651145376580998,0.5735162937918511,FALSE,FALSE
1999-03-12,Ross,0.312059502,6.992726406901406e-5,6.992726406901406e-5,0.5735162937918511,FALSE,FALSE
1999-03-13,Ross,0.333148487,0.01436727944754373,0.01436727944754373,0.5735162937918511,FALSE,FALSE
1999-03-14,Ross,0.345422414,0.01947730979030876,0.01947730979030876,0.5735162937918511,FALSE,FALSE
1999-03-15,Ross,0.356527015,0.0230371892980517,0.0230371892980517,0.5735162937918511,FALSE,FALSE
1999-03-16,Ross,0.363256475,0.02183254197646966,0.02183254197646966,0.5735162937918511,FALSE,FALSE
1999-03-17,Ross,0.36140182,0.01164583283125159,0.01164583283125159,0.5735162937918511,FALSE,FALSE
1999-03-18,Ross,0.377404857,0.0189104683427817,0.0189104683427817,0.5735162937918511,FALSE,FALSE
1999-03-19,Ross,0.391660736,0.02401720582335997,0.02401720582335997,0.5735162937918511,FALSE,FALSE
1999-03-20,Ross,0.408307784,0.03110417181105351,0.03110417181105351,0.5735162937918511,FALSE,FALSE
1999-03-21,Ross,0.408247929,0.02107329122077422,0.02107329122077422,0.5735162937918511,FALSE,FALSE
1999-03-22,Ross,0.423127458,0.02557084796743641,0.02557084796743641,0.5735162937918511,FALSE,FALSE
1999-03-23,Ross,0.439797115,0.03144758296595201,0.03144758296595201,0.5735162937918511,FALSE,FALSE
1999-03-24,Ross,0.45028151,0.03072810313123181,0.03072810313123181,0.5735162937918511,FALSE,FALSE
1999-03-25,Ross,0.455125807,0.0239575693781931,0.0239575693781931,0.5735162937918511,FALSE,FALSE
1999-03-26,Ross,0.463383676,0.02018964862174432,0.02018964862174432,0.5735162937918511,FALSE,FALSE
1999-03-27,Ross,0.467390465,0.01175968577680169,0.01175968577680169,0.5735162937918511,FALSE,FALSE
1999-03-28,Ross,0.481870204,0.01339170775827386,0.01339170775827386,0.5735162937918511,FALSE,FALSE
1999-03-29,Ross,0.513063639,0.03132645748107748,0.03132645748107748,0.5735162937918511,FALSE,FALSE
1999-03-30,Ross,0.536452821,0.04104598286012351,0.04104598286012351,0.5735162937918511,FALSE,FALSE
1999-03-31,Ross,0.561712811,0.05222405780834094,0.05222405780834094,0.5735162937918511,FALSE,FALSE
1999-04-01,Ross,0.58091242,0.05692118784114564,0.05692118784114564,0.5735162937918511,FALSE,FALSE
1999-04-02,Ross,0.591574793,0.05264982652124217,0.05264982652124217,0.5735162937918511,FALSE,FALSE
1999-04-03,Ross,0.613359607,0.05905895743887368,0.05905895743887368,0.5735162937918511,FALSE,FALSE
1999-04-04,Ross,0.638949143,0.06882016818427805,0.06882016818427805,0.5735162937918511,FALSE,FALSE
1999-04-05,Ross,0.648124723,0.06170408734769739,0.06170408734769739,0.5735162937918511,FALSE,FALSE
1999-04-06,Ross,0.654903453,0.05171712751937485,0.05171712751937485,0.5735162937918511,FALSE,FALSE
1999-04-07,Ross,0.672242552,0.05180581428954722,0.05180581428954722,0.5735162937918511,FALSE,FALSE
1999-04-08,Ross,0.698209839,0.06002727324845791,0.06002727324845791,0.5735162937918511,FALSE,FALSE
1999-04-09,Ross,0.718563536,0.06212903298634786,0.06212903298634786,0.5735162937918511,FALSE,FALSE
1999-04-10,Ross,0.752269107,0.0770658640934555,0.0770658640934555,0.5735162937918511,FALSE,FALSE
1999-04-11,Ross,0.785981858,0.09148237916002332,0.09148237916002332,0.5735162937918511,FALSE,FALSE
1999-04-12,Ross,0.80499983,0.09066622562465908,0.09066622562465908,0.5735162937918511,FALSE,FALSE
1999-04-13,Ross,0.820215908,0.08552126518895686,0.08552126518895686,0.5735162937918511,FALSE,FALSE
1999-04-14,Ross,0.829722776,0.07418638724138005,0.07418638724138005,0.5735162937918511,FALSE,FALSE
1999-04-15,Ross,0.864242731,0.087433384687441107,0.087433384687441107,0.5735162937918511,FALSE,FALSE
1999-04-16,Ross,0.889928484,0.0914644644326511,0.0914644644326511,0.5735162937918511,FALSE,FALSE
1999-04-17,Ross,0.91748144,0.09703052738252405,0.09703052738252405,0.5735162937918511,FALSE,FALSE
1999-04-18,Ross,0.946781285,0.10406075544257154,0.10406075544257154,0.5735162937918511,FALSE,FALSE
1999-04-19,Ross,0.960719348,0.09549597351830684,0.09549597351830684,0.5735162937918511,FALSE,FALSE
1999-04-20,Ross,0.957841931,0.06993197951524022,0.06993197951524022,0.5735162937918511,FALSE,FALSE
1999-04-21,Ross,0.931924487,0.02119372233888783,0.02119372233888783,0.5735162937918511,FALSE,FALSE
1999-04-22,Ross,0.953873441,0.02023712289476142,0.02023712289476142,0.5735162937918511,FALSE,FALSE
1999-04-23,Ross,0.993778886,0.03720177008837111,0.03720177008837111,0.5735162937918511,FALSE,FALSE
1999-04-24,Ross,1.025662377,0.04615871482523237,0.04615871482523237,0.5735162937918511,FALSE,FALSE
1999-04-25,Ross,1.040382173,0.03800561550418169,0.03800561550418169,0.5735162937918511,FALSE,FALSE
1999-04-26,Ross,1.056081165,0.03082887133076495,0.03082887133076495,0.5735162937918511,FALSE,FALSE
1999-04-27,Ross,1.099751513,0.05151116047630166,0.05151116047630166,0.5735162937918511,FALSE,FALSE
1999-04-28,Ross,1.182826149,0.11137537492062632,0.11137537492062632,0.5735162937918511,FALSE,FALSE
1999-04-29,Ross,1.231058939,0.13606534064356768,0.13606534064356768,0.5735162937918511,FALSE,FALSE
1999-04-30,Ross,1.291391007,0.1724121416249551,0.1724121416249551,0.5735162937918511,FALSE,FALSE
1999-05-01,Ross,1.341903959,0.19838734384461643,0.19838734384461643,0.5735162937918511,FALSE,FALSE
1999-05-02,Ross,1.370515522,0.20179863428238545,0.20179863428238545,0.5735162937918511,FALSE,FALSE
1999-05-03,Ross,1.382164683,0.18747495991809116,0.18747495991809116,0.5735162937918511,FALSE,FALSE
1999-05-04,Ross,1.378085316,0.15654015473156213,0.15654015473156213,0.5735162937918511,FALSE,FALSE
1999-05-05,Ross,1.35593609,0.10654284770262956,0.10654284770262956,0.5735162937918511,FALSE,FALSE
1999-05-06,Ross,1.378812086,0.10046807981112416,0.10046807981112416,0.5735162937918511,FALSE,FALSE
1999-05-07,Ross,1.381283302,0.07277589790865346,0.07277589790865346,0.5735162937918511,FALSE,FALSE
1999-05-08,Ross,1.42540883,0.08546499025294785,0.08546499025294785,0.5735162937918511,FALSE,FALSE
1999-05-09,Ross,1.474746873,0.10216502516017845,0.10216502516017845,0.5735162937918511,FALSE,FALSE
1999-05-10,Ross,1.517309519,0.11098125315849484,0.11098125315849484,0.5735162937918511,FALSE,FALSE
1999-05-11,Ross,1.582319567,0.14122963577604877,0.14122963577604877,0.5735162937918511,FALSE,FALSE
1999-05-12,Ross,1.605537629,0.12876394754099252,0.12876394754099252,0.5735162937918511,FALSE,FALSE
1999-05-13,Ross,1.660682322,0.14739596798147292,0.14739596798147292,0.5735162937918511,FALSE,FALSE
1999-05-14,Ross,1.709639285,0.15910449862564424,0.15910449862564424,0.5735162937918511,FALSE,FALSE
1999-05-15,Ross,1.740355269,0.15192945300165617,0.15192945300165617,0.5735162937918511,FALSE,FALSE
1999-05-16,Ross,1.768759545,0.14189326463765783,0.14189326463765783,0.5735162937918511,FALSE,FALSE
1999-05-17,Ross,1.787851253,0.12208823606180295,0.12208823606180295,0.5735162937918511,FALSE,FALSE
1999-05-18,Ross,1.820790709,0.11576784580223864,0.11576784580223864,0.5735162937918511,FALSE,FALSE
1999-05-19,Ross,1.87072508,0.12617242338711665,0.12617242338711665,0.5735162937918511,FALSE,FALSE
1999-05-20,Ross,1.919497286,0.13523500679403755,0.13523500679403755,0.5735162937918511,FALSE,FALSE
1999-05-21,Ross,1.971625904,0.14750873612936233,0.14750873612936233,0.5735162937918511,FALSE,FALSE
1999-05-22,Ross,2.012359868,0.14822857110909493,0.14822857110909493,0.5735162937918511,FALSE,FALSE
1999-05-23,Ross,2.059380348,0.1550600744224937,0.1550600744224937,0.5735162937918511,FALSE,FALSE
1999-05-24,Ross,2.07456979,0.12987008475881812,0.12987008475881812,0.5735162937918511,FALSE,FALSE
1999-05-25,Ross,2.124216121,0.13893092180732913,0.13893092180732913,0.5735162937918511,FALSE,FALSE
1999-05-26,Ross,2.182030636,0.15593827325728693,0.15593827325728693,0.5735162937918511,FALSE,FALSE
1999-05-27,Ross,2.252076473,0.18493966979794907,0.18493966979794907,0.5735162937918511,FALSE,FALSE
1999-05-28,Ross,2.320102691,0.21166856311857485,0.21166856311857485,0.5735162937918511,FALSE,FALSE
1999-05-29,Ross,2.384009769,0.23400982490842237,0.23400982490842237,0.5735162937918511,FALSE,FALSE
1999-05-30,Ross,2.439269913,0.2474200538567537,0.2474200538567537,0.5735162937918511,FALSE,FALSE
1999-05-31,Ross,2.47168583,0.2376863496528263,0.2376863496528263,0.5735162937918511,FALSE,FALSE
1999-06-01,Ross,2.521327161,0.24486274598590008,0.24486274598590008,0.5735162937918511,FALSE,FALSE
1999-06-02,Ross,2.616699545,0.2974439329503076,0.2974439329503076,0.5735162937918511,FALSE,FALSE
1999-06-03,Ross,2.73654284,0.3741794855832534,0.3741794855832534,0.5735162937918511,FALSE,FALSE
1999-06-04,Ross,2.78472171,0.37894951370762664,0.37894951370762664,0.5735162937918511,FALSE,FALSE
1999-06-05,Ross,2.795991186,0.34652449435852795,0.34652449435852795,0.5735162937918511,FALSE,FALSE
1999-06-06,Ross,2.81524862,0.32181722557105497,0.32181722557105497,0.5735162937918511,FALSE,FALSE
1999-06-07,Ross,2.82629776,0.2886469013803028,0.2886469013803028,0.5735162937918511,FALSE,FALSE
1999-06-08,Ross,2.881309082,0.2991994438213754,0.2991994438213754,0.5735162937918511,FALSE,FALSE
1999-06-09,Ross,2.911134126,0.2843418389293695,0.2843418389293695,0.5735162937918511,FALSE,FALSE
1999-06-10,Ross,2.930998167,0.2593148077393801,0.2593148077393801,0.5735162937918511,FALSE,FALSE
1999-06-11,Ross,2.904800279,0.18803287028650928,0.18803287028650928,0.5735162937918511,FALSE,FALSE
1999-06-12,Ross,2.878437416,0.11640842660585582,0.11640842660585582,0.5735162937918511,FALSE,FALSE
1999-06-13,Ross,2.904762375,0.0973097197325168,0.0973097197325168,0.5735162937918511,FALSE,FALSE
1999-06-14,Ross,2.937259651,0.08423731425541003,0.08423731425541003,0.5735162937918511,FALSE,FALSE
1999-06-15,Ross,2.980503742,0.0818092666018626,0.0818092666018626,0.5735162937918511,FALSE,FALSE
1999-06-16,Ross,3.025879434,0.08149163191649089,0.08149163191649089,0.5735162937918511,FALSE,FALSE
1999-06-17,Ross,3.09802081,0.10800249454968291,0.10800249454968291,0.5735162937918511,FALSE,FALSE
1999-06-18,Ross,3.169649659,0.1341476448518142,0.1341476448518142,0.5735162937918511,FALSE,FALSE
1999-06-19,Ross,3.22042424,0.13966934317327784,0.13966934317327784,0.5735162937918511,FALSE,FALSE
1999-06-20,Ross,3.188532007,0.0628390448644538,0.0628390448644538,0.5735162937918511,FALSE,FALSE
1999-06-21,Ross,3.227302769,0.05707056027572621,0.05707056027572621,0.5735162937918511,FALSE,FALSE
1999-06-22,Ross,3.273791117,0.05950248175747852,0.05950248175747852,0.5735162937918511,FALSE,FALSE
1999-06-23,Ross,3.305636899,0.04785865866009642,0.04785865866009642,0.5735162937918511,FALSE,FALSE
1999-06-24,Ross,3.350415374,0.04979835133396237,0.04979835133396237,0.5735162937918511,FALSE,FALSE
1999-06-25,Ross,3.372496497,0.02977551612946305,0.02977551612946305,0.5735162937918511,FALSE,FALSE
1999-06-26,Ross,3.418977943,0.03497182939698051,0.03497182939698051,0.5735162937918511,FALSE,FALSE
1999-06-27,Ross,3.526834387,0.1024309090251414,0.1024309090251414,0.5735162937918511,FALSE,FALSE
1999-06-28,Ross,3.687499466,0.2235415455564702,0.2235415455564702,0.5735162937918511,FALSE,FALSE
1999-06-29,Ross,3.772461186,0.26969490370840354,0.26969490370840354,0.5735162937918511,FALSE,FALSE
1999-06-30,Ross,3.743502701,0.20257702886642948,0.20257702886642948,0.5735162937918511,FALSE,FALSE
1999-07-01,Ross,3.731153169,0.15261997041604225,0.15261997041604225,0.5735162937918511,FALSE,FALSE
1999-07-02,Ross,3.700122914,0.08443694374273347,0.08443694374273347,0.5735162937918511,FALSE,FALSE
1999-07-03,Ross,3.744914359,0.0924332632319893,0.0924332632319893,0.5735162937918511,FALSE,FALSE
1999-07-04,Ross,3.765506848,0.07649116426930513,0.07649116426930513,0.5735162937918511,FALSE,FALSE
1999-07-05,Ross,3.771402753,0.04601591024017137,0.04601591024017137,0.5735162937918511,FALSE,FALSE
1999-07-06,Ross,3.847670001,0.08597831953007873,0.08597831953007873,0.5735162937918511,FALSE,FALSE
1999-07-07,Ross,4.003342013,0.20531470452452272,0.20531470452452272,0.5735162937918511,FALSE,FALSE
1999-07-08,Ross,4.122970006,0.28847917360898423,0.28847917360898423,0.5735162937918511,FALSE,FALSE
1999-07-09,Ross,4.207747151,0.3365680966383944,0.3365680966383944,0.5735162937918511,FALSE,FALSE
1999-07-10,Ross,4.291118257,0.3829892828480288,0.3829892828480288,0.5735162937918511,FALSE,FALSE
1999-07-11,Ross,4.334106236,0.388859518265992,0.388859518265992,0.5735162937918511,FALSE,FALSE
1999-07-12,Ross,4.372279971,0.3898588792747195,0.3898588792747195,0.5735162937918511,FALSE,FALSE
1999-07-13,Ross,4.417471145,0.39793024225665086,0.39793024225665086,0.5735162937918511,FALSE,FALSE
1999-07-14,Ross,4.408794233,0.352299275594226,0.352299275594226,0.5735162937918511,FALSE,FALSE
1999-07-15,Ross,4.376384985,0.2832129226698763,0.2832129226698763,0.5735162937918511,FALSE,FALSE
1999-07-16,Ross,4.40218829,0.272727265866048,0.272727265866048,0.5735162937918511,FALSE,FALSE
1999-07-17,Ross,4.396199364,0.23094871456516763,0.23094871456516763,0.5735162937918511,FALSE,FALSE
1999-07-18,Ross,4.412821767,0.21239202214967975,0.21239202214967975,0.5735162937918511,FALSE,FALSE
1999-07-19,Ross,4.407709099,0.17282198200201915,0.17282198200201915,0.5735162937918511,FALSE,FALSE
1999-07-20,Ross,4.397317078,0.12880550550462289,0.12880550550462289,0.5735162937918511,FALSE,FALSE
1999-07-21,Ross,4.478486451,0.17729453303993117,0.17729453303993117,0.5735162937918511,FALSE,FALSE
1999-07-22,Ross,4.525899106,0.19307322217828204,0.19307322217828204,0.5735162937918511,FALSE,FALSE
1999-07-23,Ross,4.502203623,0.13876925337921353,0.13876925337921353,0.5735162937918511,FALSE,FALSE
1999-07-24,Ross,4.499514114,0.10638605624931684,0.10638605624931684,0.5735162937918511,FALSE,FALSE
1999-07-25,Ross,4.517554805,0.09553513777073076,0.09553513777073076,0.5735162937918511,FALSE,FALSE
1999-07-26,Ross,4.574285397,0.12406347992558596,0.12406347992558596,0.5735162937918511,FALSE,FALSE
1999-07-27,Ross,4.619127487,0.14127996069601068,0.14127996069601068,0.5735162937918511,FALSE,FALSE
1999-07-28,Ross,4.631885365,0.12687615106414007,0.12687615106414007,0.5735162937918511,FALSE,FALSE
1999-07-29,Ross,4.64313742,0.1113177210121128,0.1113177210121128,0.5735162937918511,FALSE,FALSE
1999-07-30,Ross,4.734915734,0.17652403352205415,0.17652403352205415,0.5735162937918511,FALSE,FALSE
1999-07-31,Ross,4.83246846,0.24763052257610063,0.24763052257610063,0.5735162937918511,FALSE,FALSE
1999-08-01,Ross,4.868377103,0.2571059741563788,0.2571059741563788,0.5735162937918511,FALSE,FALSE
1999-08-02,Ross,4.894714639,0.2569106452450276,0.2569106452450276,0.5735162937918511,FALSE,FALSE
1999-08-03,Ross,4.913105943,0.24855669342205025,0.24855669342205025,0.5735162937918511,FALSE,FALSE
1999-08-04,Ross,4.946521524,0.25494504640821347,0.25494504640821347,0.5735162937918511,FALSE,FALSE
1999-08-05,Ross,4.962429482,0.2436298316466594,0.2436298316466594,0.5735162937918511,FALSE,FALSE
1999-08-06,Ross,4.983206426,0.2371087620571073,0.2371087620571073,0.5735162937918511,FALSE,FALSE
1999-08-07,Ross,4.964370752,0.19102133755928108,0.19102133755928108,0.5735162937918511,FALSE,FALSE
1999-08-08,Ross,4.922163353,0.12172955507291316,0.12172955507291316,0.5735162937918511,FALSE,FALSE
1999-08-09,Ross,4.923311109,0.09608139851772712,0.09608139851772712,0.5735162937918511,FALSE,FALSE
1999-08-10,Ross,4.971696784,0.11808073581344214,0.11808073581344214,0.5735162937918511,FALSE,FALSE
1999-08-11,Ross,5.018919926,0.13944821887979408,0.13944821887979408,0.5735162937918511,FALSE,FALSE
1999-08-12,Ross,5.04653455,0.1418589666365051,0.1418589666365051,0.5735162937918511,FALSE,FALSE
1999-08-13,Ross,5.035803456,0.10669688300330547,0.10669688300330547,0.5735162937918511,FALSE,FALSE
1999-08-14,Ross,5.016509444,0.06386587189991211,0.06386587189991211,0.5735162937918511,FALSE,FALSE
1999-08-15,Ross,5.017630586,0.04246510924605928,0.04246510924605928,0.5735162937918511,FALSE,FALSE
1999-08-16,Ross,5.035657114,0.03910195032626706,0.03910195032626706,0.5735162937918511,FALSE,FALSE
1999-08-17,Ross,5.070873132,0.05405930859771324,0.05405930859771324,0.5735162937918511,FALSE,FALSE
1999-08-18,Ross,5.064075465,0.02799739901114772,0.02799739901114772,0.5735162937918511,FALSE,FALSE
1999-08-19,Ross,5.104762357,0.05027043417831578,0.05027043417831578,0.5735162937918511,FALSE,FALSE
1999-08-20,Ross,5.164271085,0.0920716597109612,0.0920716597109612,0.5735162937918511,FALSE,FALSE
1999-08-21,Ross,5.212498568,0.12315396322083404,0.12315396322083404,0.5735162937918511,FALSE,FALSE
1999-08-22,Ross,5.223582151,0.11751065831967544,0.11751065831967544,0.5735162937918511,FALSE,FALSE
1999-08-23,Ross,5.170171632,0.04764751161923541,0.04764751161923541,0.5735162937918511,FALSE,FALSE
1999-08-24,Ross,5.104668146,-0.03417837326873663,0.03417837326873663,0.5735162937918511,FALSE,FALSE
1999-08-25,Ross,5.060241828,-0.09494089273250328,0.09494089273250328,0.5735162937918511,FALSE,FALSE
1999-08-26,Ross,5.021207709,-0.15046904716030962,0.15046904716030962,0.5735162937918511,FALSE,FALSE
1999-08-27,Ross,4.993413639,-0.19505901794041416,0.19505901794041416,0.5735162937918511,FALSE,FALSE
1999-08-28,Ross,4.956744244,-0.24897021046106893,0.24897021046106893,0.5735162937918511,FALSE,FALSE
1999-08-29,Ross,4.907575167,-0.31594373431474754,0.31594373431474754,0.5735162937918511,FALSE,FALSE
1999-08-30,Ross,4.922897511,-0.31893944686592146,0.31893944686592146,0.5735162937918511,FALSE,FALSE
1999-08-31,Ross,4.880284913,-0.38027237805747305,0.38027237805747305,0.5735162937918511,FALSE,FALSE
1999-09-01,Ross,4.87446705,-0.4051014060983391,0.4051014060983391,0.5735162937918511,FALSE,FALSE
1999-09-02,Ross,4.926717888,-0.3720411201974611,0.3720411201974611,0.5735162937918511,FALSE,FALSE
1999-09-03,Ross,4.966777846,-0.3512396565637754,0.3512396565637754,0.5735162937918511,FALSE,FALSE
1999-09-04,Ross,5.021774023,-0.3154584714062203,0.3154584714062203,0.5735162937918511,FALSE,FALSE
1999-09-05,Ross,5.05430034,-0.30199219893373286,0.30199219893373286,0.5735162937918511,FALSE,FALSE
1999-09-06,Ross,5.102442394,-0.27264379735525335,0.27264379735525335,0.5735162937918511,FALSE,FALSE
1999-09-07,Ross,5.14320002,-0.25030198687971694,0.25030198687971694,0.5735162937918511,FALSE,FALSE
1999-09-08,Ross,5.147226837,-0.26420170371606044,0.26420170371606044,0.5735162937918511,FALSE,FALSE
1999-09-09,Ross,5.08292521,-0.3458291380732268,0.3458291380732268,0.5735162937918511,FALSE,FALSE
1999-09-10,Ross,5.024744758,-0.42062368876131995,0.42062368876131995,0.5735162937918511,FALSE,FALSE
1999-09-11,Ross,5.021484772,-0.4397189980787193,0.4397189980787193,0.5735162937918511,FALSE,FALSE
1999-09-12,Ross,5.048658151,-0.4276145701455363,0.4276145701455363,0.5735162937918511,FALSE,FALSE
1999-09-13,Ross,5.109562569,-0.3810335015613005,0.3810335015613005,0.5735162937918511,FALSE,FALSE
1999-09-14,Ross,5.193428394,-0.31076619492553537,0.31076619492553537,0.5735162937918511,FALSE,FALSE
1999-09-15,Ross,5.325760792,-0.19132825483777083,0.19132825483777083,0.5735162937918511,FALSE,FALSE
1999-09-16,Ross,5.406044595,-0.12325561989753007,0.12325561989753007,0.5735162937918511,FALSE,FALSE
1999-09-17,Ross,5.403647261,-0.1372016027043408,0.1372016027043408,0.5735162937918511,FALSE,FALSE
1999-09-18,Ross,5.381343718,-0.17041204585773073,0.17041204585773073,0.5735162937918511,FALSE,FALSE
1999-09-19,Ross,5.403805874,-0.15823581195722536,0.15823581195722536,0.5735162937918511,FALSE,FALSE
1999-09-20,Ross,5.445063399,-0.12666400160235192,0.12666400160235192,0.5735162937918511,FALSE,FALSE
1999-09-21,Ross,5.508084615,-0.07274906339263687,0.07274906339263687,0.5735162937918511,FALSE,FALSE
1999-09-22,Ross,5.570651562,-0.01872972792760752,0.01872972792760752,0.5735162937918511,FALSE,FALSE
1999-09-23,Ross,5.628376766,0.03098756993201856,0.03098756993201856,0.5735162937918511,FALSE,FALSE
1999-09-24,Ross,5.633744813,0.02888783061539168,0.02888783061539168,0.5735162937918511,FALSE,FALSE
1999-09-25,Ross,5.615162276,0.00338979490035029,0.00338979490035029,0.5735162937918511,FALSE,FALSE
1999-09-26,Ross,5.577998823,-0.04012453652282577,0.04012453652282577,0.5735162937918511,FALSE,FALSE
1999-09-27,Ross,5.557766243,-0.06613104196385677,0.06613104196385677,0.5735162937918511,FALSE,FALSE
1999-09-28,Ross,5.504136174,-0.1249457507324605,0.1249457507324605,0.5735162937918511,FALSE,FALSE
1999-09-29,Ross,5.434739311,-0.19892563513835437,0.19892563513835437,0.5735162937918511,FALSE,FALSE
1999-09-30,Ross,5.385464219,-0.25216979749125823,0.25216979749125823,0.5735162937918511,FALSE,FALSE
1999-10-01,Ross,5.324740817,-0.31623598610088965,0.31623598610088965,0.5735162937918511,FALSE,FALSE
1999-10-02,Ross,5.310326921,-0.33335405227696935,0.33335405227696935,0.5735162937918511,FALSE,FALSE
1999-10-03,Ross,5.290830197,-0.3549039973292123,0.3549039973292123,0.5735162937918511,FALSE,FALSE
1999-10-04,Ross,5.291542284,-0.35558184956733996,0.35558184956733996,0.5735162937918511,FALSE,FALSE
1999-10-05,Ross,5.327367989,-0.32047046218217456,0.32047046218217456,0.5735162937918511,FALSE,FALSE
1999-10-06,Ross,5.27503135,-0.37282484613816713,0.37282484613816713,0.5735162937918511,FALSE,FALSE
1999-10-07,Ross,5.251177666,-0.39595342105288367,0.39595342105288367,0.5735162937918511,FALSE,FALSE
1999-10-08,Ross,5.261463634,-0.3841485744068924,0.3841485744068924,0.5735162937918511,FALSE,FALSE
1999-10-09,Ross,5.264931632,-0.378317012680748,0.378317012680748,0.5735162937918511,FALSE,FALSE
1999-10-10,Ross,5.267930148,-0.372059332355013,0.372059332355013,0.5735162937918511,FALSE,FALSE
1999-10-11,Ross,5.313867084,-0.3219167159102483,0.3219167159102483,0.5735162937918511,FALSE,FALSE
1999-10-12,Ross,5.351571653,-0.27900903482701267,0.27900903482701267,0.5735162937918511,FALSE,FALSE
1999-10-13,Ross,5.392711812,-0.23161741658586976,0.23161741658586976,0.5735162937918511,FALSE,FALSE
1999-10-14,Ross,5.430764098,-0.18621440866737693,0.18621440866737693,0.5735162937918511,FALSE,FALSE
1999-10-15,Ross,5.469952668,-0.1385249385520959,0.1385249385520959,0.5735162937918511,FALSE,FALSE
1999-10-16,Ross,5.474505317,-0.12427029572059124,0.12427029572059124,0.5735162937918511,FALSE,FALSE
1999-10-17,Ross,5.462850436,-0.12497117365341914,0.12497117365341914,0.5735162937918511,FALSE,FALSE
1999-10-18,Ross,5.428480766,-0.1470877510587032,0.1470877510587032,0.5735162937918511,FALSE,FALSE
1999-10-19,Ross,5.38814896,-0.17390175374164674,0.17390175374164674,0.5735162937918511,FALSE,FALSE
1999-10-20,Ross,5.365180255,-0.18220019964969847,0.18220019964969847,0.5735162937918511,FALSE,FALSE
1999-10-21,Ross,5.323919603,-0.2077535099123713,0.2077535099123713,0.5735162937918511,FALSE,FALSE
1999-10-22,Ross,5.29146321,-0.2235808516591744,0.2235808516591744,0.5735162937918511,FALSE,FALSE
1999-10-23,Ross,5.246103401,-0.25150527301961834,0.25150527301961834,0.5735162937918511,FALSE,FALSE
1999-10-24,Ross,5.195865983,-0.2836163401232126,0.2836163401232126,0.5735162937918511,FALSE,FALSE
1999-10-25,Ross,5.156977931,-0.30380245109946635,0.30380245109946635,0.5735162937918511,FALSE,FALSE
1999-10-26,Ross,5.120106213,-0.32151201107789174,0.32151201107789174,0.5735162937918511,FALSE,FALSE
1999-10-27,Ross,5.070915923,-0.35119529918799675,0.35119529918799675,0.5735162937918511,FALSE,FALSE
1999-10-28,Ross,5.044120021,-0.35825472855929164,0.35825472855929164,0.5735162937918511,FALSE,FALSE
1999-10-29,Ross,5.0299031340000004,-0.35262104532128635,0.35262104532128635,0.5735162937918511,FALSE,FALSE
1999-10-30,Ross,5.022343916,-0.34033096860349143,0.34033096860349143,0.5735162937918511,FALSE,FALSE
1999-10-31,Ross,5.027105306,-0.3157968558497526,0.3157968558497526,0.5735162937918511,FALSE,FALSE
1999-11-01,Ross,4.989974304,-0.3331097373547589,0.3331097373547589,0.5735162937918511,FALSE,FALSE
1999-11-02,Ross,4.941967759,-0.3610702019177161,0.3610702019177161,0.5735162937918511,FALSE,FALSE
1999-11-03,Ross,4.875225915,-0.4073554270489739,0.4073554270489739,0.5735162937918511,FALSE,FALSE
1999-11-04,Ross,4.815073548,-0.4464580582588864,0.4464580582588864,0.5735162937918511,FALSE,FALSE
1999-11-05,Ross,4.76839801,-0.4713081650578026,0.4713081650578026,0.5735162937918511,FALSE,FALSE
1999-11-06,Ross,4.729922281,-0.4870001889560731,0.4870001889560731,0.5735162937918511,FALSE,FALSE
1999-11-07,Ross,4.72995887,-0.46303904246405114,0.46303904246405114,0.5735162937918511,FALSE,FALSE
1999-11-08,Ross,4.693711907,-0.4740380170920888,0.4740380170920888,0.5735162937918511,FALSE,FALSE
1999-11-09,Ross,4.682098886,-0.4588970403505348,0.4588970403505348,0.5735162937918511,FALSE,FALSE
1999-11-10,Ross,4.634491281,-0.47806205974974336,0.47806205974974336,0.5735162937918511,FALSE,FALSE
1999-11-11,Ross,4.578493066,-0.5037465228000624,0.5037465228000624,0.5735162937918511,FALSE,FALSE
1999-11-12,Ross,4.573381241,-0.4764923319302117,0.4764923319302117,0.5735162937918511,FALSE,FALSE
1999-11-13,Ross,4.559008793,-0.4563473254919943,0.4563473254919943,0.5735162937918511,FALSE,FALSE
1999-11-14,Ross,4.564085865,-0.41462533308485394,0.41462533308485394,0.5735162937918511,FALSE,FALSE
1999-11-15,Ross,4.528362434,-0.41161050792730514,0.41161050792730514,0.5735162937918511,FALSE,FALSE
1999-11-16,Ross,4.496126637,-0.4030488432378627,0.4030488432378627,0.5735162937918511,FALSE,FALSE
1999-11-17,Ross,4.446511828,-0.40984111523504296,0.40984111523504296,0.5735162937918511,FALSE,FALSE
1999-11-18,Ross,4.401423462,-0.4101159991373624,0.4101159991373624,0.5735162937918511,FALSE,FALSE
1999-11-19,Ross,4.360551298,-0.404217866163334,0.404217866163334,0.5735162937918511,FALSE,FALSE
1999-11-20,Ross,4.336368946,-0.3797072365314751,0.3797072365314751,0.5735162937918511,FALSE,FALSE
1999-11-21,Ross,4.31794441,-0.3475502364602967,0.3475502364602967,0.5735162937918511,FALSE,FALSE
1999-11-22,Ross,4.289449732,-0.3236089541683205,0.3236089541683205,0.5735162937918511,FALSE,FALSE
1999-11-23,Ross,4.268316341,-0.2904860908740572,0.2904860908740572,0.5735162937918511,FALSE,FALSE
1999-11-24,Ross,4.233119256,-0.26964075779602403,0.26964075779602403,0.5735162937918511,FALSE,FALSE
1999-11-25,Ross,4.175671594,-0.2692689072543102,0.2692689072543102,0.5735162937918511,FALSE,FALSE
1999-11-26,Ross,4.103516902,-0.281624100688898,0.281624100688898,0.5735162937918511,FALSE,FALSE
1999-11-27,Ross,4.013641333,-0.309410714114124,0.309410714114124,0.5735162937918511,FALSE,FALSE
1999-11-28,Ross,3.965423641,-0.29293971526707363,0.29293971526707363,0.5735162937918511,FALSE,FALSE
1999-11-29,Ross,3.867885299,-0.3228793528848284,0.3228793528848284,0.5735162937918511,FALSE,FALSE
1999-11-30,Ross,3.825460963,-0.29448469270447175,0.29448469270447175,0.5735162937918511,FALSE,FALSE
1999-12-01,Ross,3.757154817,-0.2884412724630909,0.2884412724630909,0.5735162937918511,FALSE,FALSE
1999-12-02,Ross,3.674739643,-0.29266603189776674,0.29266603189776674,0.5735162937918511,FALSE,FALSE
1999-12-03,Ross,3.611263209,-0.2738009247455855,0.2738009247455855,0.5735162937918511,FALSE,FALSE
1999-12-04,Ross,3.575478569,-0.2227826187436306,0.2227826187436306,0.5735162937918511,FALSE,FALSE
1999-12-05,Ross,3.547124486,-0.1595620726289848,0.1595620726289848,0.5735162937918511,FALSE,FALSE
1999-12-06,Ross,3.468489874,-0.14154009413873503,0.14154009413873503,0.5735162937918511,FALSE,FALSE
1999-12-07,Ross,3.390568083,-0.11741395733323268,0.11741395733323268,0.5735162937918511,FALSE,FALSE
1999-12-08,Ross,3.324817895,-0.07569561429010285,0.07569561429010285,0.5735162937918511,FALSE,FALSE
1999-12-09,Ross,3.253910927,-0.0343597045982098,0.0343597045982098,0.5735162937918511,FALSE,FALSE
1999-12-10,Ross,3.175289917,0.00329046341853933,0.00329046341853933,0.5735162937918511,FALSE,FALSE
1999-12-11,Ross,3.094518077,0.04207205543622638,0.04207205543622638,0.5735162937918511,FALSE,FALSE
1999-12-12,Ross,2.980663272,0.05030689013094802,0.05030689013094802,0.5735162937918511,FALSE,FALSE
1999-12-13,Ross,2.875756404,0.06927982317878945,0.06927982317878945,0.5735162937918511,FALSE,FALSE
1999-12-14,Ross,2.80964054,0.12808787525584098,0.12808787525584098,0.5735162937918511,FALSE,FALSE
1999-12-15,Ross,2.7427828930000002,0.1864522130381947,0.1864522130381947,0.5735162937918511,FALSE,FALSE
1999-12-16,Ross,2.633739521,0.2021828482019341,0.2021828482019341,0.5735162937918511,FALSE,FALSE
1999-12-17,Ross,2.554197003,0.2462203134231551,0.2462203134231551,0.5735162937918511,FALSE,FALSE
1999-12-18,Ross,2.443156636,0.25681985937794316,0.25681985937794316,0.5735162937918511,FALSE,FALSE
1999-12-19,Ross,2.282837909,0.2154549287423886,0.2154549287423886,0.5735162937918511,FALSE,FALSE
1999-12-20,Ross,2.107202328,0.15536015535664394,0.15536015535664394,0.5735162937918511,FALSE,FALSE
1999-12-21,Ross,1.944007228,0.1038691825536746,0.1038691825536746,0.5735162937918511,FALSE,FALSE
1999-12-22,Ross,1.814742984,0.08229069870195405,0.08229069870195405,0.5735162937918511,FALSE,FALSE
1999-12-23,Ross,1.737367714,0.10840787910553584,0.10840787910553584,0.5735162937918511,FALSE,FALSE
1999-12-24,Ross,1.657722485,0.12788684806847497,0.12788684806847497,0.5735162937918511,FALSE,FALSE
1999-12-25,Ross,1.592808442,0.15755380789482554,0.15755380789482554,0.5735162937918511,FALSE,FALSE
1999-12-26,Ross,1.554816235,0.20942446588863992,0.20942446588863992,0.5735162937918511,FALSE,FALSE
1999-12-27,Ross,1.496234648,0.23581266335397255,0.23581266335397255,0.5735162937918511,FALSE,FALSE
1999-12-28,Ross,1.437667322,0.2571470985948825,0.2571470985948825,0.5735162937918511,FALSE,FALSE
1999-12-29,Ross,1.385669892,0.2798084639154159,0.2798084639154159,0.5735162937918511,FALSE,FALSE
1999-12-30,Ross,1.326217783,0.2895972416196315,0.2895972416196315,0.5735162937918511,FALSE,FALSE
1999-12-31,Ross,1.235578712,0.26260620601158335,0.26260620601158335,0.5735162937918511,FALSE,FALSE
2000-01-01,Ross,1.121456203,0.20636393839532485,0.20636393839532485,0.5735162937918511,FALSE,FALSE
2000-01-02,Ross,1.028158806,0.16510868981482785,0.16510868981482785,0.5735162937918511,FALSE,FALSE
2000-01-03,Ross,0.916995411,0.10049762627372905,0.10049762627372905,0.5735162937918511,FALSE,FALSE
2000-01-04,Ross,0.825196662,0.05021431151558064,0.05021431151558064,0.5735162937918511,FALSE,FALSE
2000-01-05,Ross,0.728894105,-0.00915678871605485,0.00915678871605485,0.5735162937918511,FALSE,FALSE
2000-01-06,Ross,0.681852052,-0.02339844267762902,0.02339844267762902,0.5735162937918511,FALSE,FALSE
2000-01-07,Ross,0.657430661,-0.01869757262558558,0.01869757262558558,0.5735162937918511,FALSE,FALSE
2000-01-08,Ross,0.63728358,-0.01294761081636775,0.01294761081636775,0.5735162937918511,FALSE,FALSE
2000-01-09,Ross,0.591951507,-0.03515493950642101,0.03515493950642101,0.5735162937918511,FALSE,FALSE
2000-01-10,Ross,0.55826777,-0.0480333109521921,0.0480333109521921,0.5735162937918511,FALSE,FALSE
2000-01-11,Ross,0.537446043,-0.04991613141012518,0.04991613141012518,0.5735162937918511,FALSE,FALSE
2000-01-12,Ross,0.52951175,-0.04032505713666434,0.04032505713666434,0.5735162937918511,FALSE,FALSE
2000-01-13,Ross,0.519657068,-0.03361499138825552,0.03361499138825552,0.5735162937918511,FALSE,FALSE
2000-01-14,Ross,0.504849098,-0.03237168027497794,0.03237168027497794,0.5735162937918511,FALSE,FALSE
2000-01-15,Ross,0.496918076,-0.02452467751513992,0.02452467751513992,0.5735162937918511,FALSE,FALSE
2000-01-16,Ross,0.4908809,-0.01507612960583365,0.01507612960583365,0.5735162937918511,FALSE,FALSE
2000-01-17,Ross,0.480971275,-0.00982777219687464,0.00982777219687464,0.5735162937918511,FALSE,FALSE
2000-01-18,Ross,0.483853706,0.00784945906192219,0.00784945906192219,0.5735162937918511,FALSE,FALSE
2000-01-19,Ross,0.480667167,0.01905909752074058,0.01905909752074058,0.5735162937918511,FALSE,FALSE
2000-01-20,Ross,0.472002094,0.02435613852976587,0.02435613852976587,0.5735162937918511,FALSE,FALSE
2000-01-21,Ross,0.472643792,0.03849044643918231,0.03849044643918231,0.5735162937918511,FALSE,FALSE
2000-01-22,Ross,0.467457857,0.04629217659917467,0.04629217659917467,0.5735162937918511,FALSE,FALSE
2000-01-23,Ross,0.454431632,0.04571323135992616,0.04571323135992616,0.5735162937918511,FALSE,FALSE
2000-01-24,Ross,0.448937,0.05209005307162201,0.05209005307162201,0.5735162937918511,FALSE,FALSE
2000-01-25,Ross,0.440962802,0.0553760420844473,0.0553760420844473,0.5735162937918511,FALSE,FALSE
2000-01-26,Ross,0.436087384,0.06111410374858656,0.06111410374858656,0.5735162937918511,FALSE,FALSE
2000-01-27,Ross,0.436052317,0.07101755338559207,0.07101755338559207,0.5735162937918511,FALSE,FALSE
2000-01-28,Ross,0.424265327,0.06851449968548345,0.06851449968548345,0.5735162937918511,FALSE,FALSE
2000-01-29,Ross,0.424155496,0.07707457556954633,0.07707457556954633,0.5735162937918511,FALSE,FALSE
2000-01-30,Ross,0.417939473,0.07895504592733654,0.07895504592733654,0.5735162937918511,FALSE,FALSE
2000-01-31,Ross,0.402571323,0.0711505916484132,0.0711505916484132,0.5735162937918511,FALSE,FALSE
2000-02-01,Ross,0.371320662,0.0469714446223341,0.0469714446223341,0.5735162937918511,FALSE,FALSE
2000-02-02,Ross,0.349857425,0.03212815573865585,0.03212815573865585,0.5735162937918511,FALSE,FALSE
2000-02-03,Ross,0.33499202,0.02347174888693798,0.02347174888693798,0.5735162937918511,FALSE,FALSE
2000-02-04,Ross,0.343987413,0.03830580595673827,0.03830580595673827,0.5735162937918511,FALSE,FALSE
2000-02-05,Ross,0.34355453,0.04338186883761413,0.04338186883761413,0.5735162937918511,FALSE,FALSE
2000-02-06,Ross,0.341887819,0.04693500141912349,0.04693500141912349,0.5735162937918511,FALSE,FALSE
2000-02-07,Ross,0.356702297,0.0667208365908255,0.0667208365908255,0.5735162937918511,FALSE,FALSE
2000-02-08,Ross,0.351762549,0.06654442506893843,0.06654442506893843,0.5735162937918511,FALSE,FALSE
2000-02-09,Ross,0.343620752,0.06297858318657878,0.06297858318657878,0.5735162937918511,FALSE,FALSE
2000-02-10,Ross,0.3298009,0.05352851436262429,0.05352851436262429,0.5735162937918511,FALSE,FALSE
2000-02-11,Ross,0.326541271,0.05440904407515146,0.05440904407515146,0.5735162937918511,FALSE,FALSE
2000-02-12,Ross,0.319247824,0.05100267880223747,0.05100267880223747,0.5735162937918511,FALSE,FALSE
2000-02-13,Ross,0.311950073,0.04731548002195679,0.04731548002195679,0.5735162937918511,FALSE,FALSE
2000-02-14,Ross,0.318823603,0.0574995802123886,0.0574995802123886,0.5735162937918511,FALSE,FALSE
2000-02-15,Ross,0.321356503,0.06301961585160859,0.06301961585160859,0.5735162937918511,FALSE,FALSE
2000-02-16,Ross,0.331767154,0.07607051541769033,0.07607051541769033,0.5735162937918511,FALSE,FALSE
2000-02-17,Ross,0.352666565,0.09923983538871406,0.09923983538871406,0.5735162937918511,FALSE,FALSE
2000-02-18,Ross,0.363965991,0.1124153782427536,0.1124153782427536,0.5735162937918511,FALSE,FALSE
2000-02-19,Ross,0.373268917,0.12317717645788616,0.12317717645788616,0.5735162937918511,FALSE,FALSE
2000-02-20,Ross,0.378229824,0.12915625851218804,0.12915625851218804,0.5735162937918511,FALSE,FALSE
2000-02-21,Ross,0.394952558,0.1464347467185577,0.1464347467185577,0.5735162937918511,FALSE,FALSE
2000-02-22,Ross,0.413474507,0.16504926514910584,0.16504926514910584,0.5735162937918511,FALSE,FALSE
2000-02-23,Ross,0.414606086,0.1658234082224265,0.1658234082224265,0.5735162937918511,FALSE,FALSE
2000-02-24,Ross,0.418395073,0.1688183854105899,0.1688183854105899,0.5735162937918511,FALSE,FALSE
2000-02-25,Ross,0.427096549,0.17630270918566926,0.17630270918566926,0.5735162937918511,FALSE,FALSE
2000-02-26,Ross,0.426006742,0.17358603901973585,0.17358603901973585,0.5735162937918511,FALSE,FALSE
2000-02-27,Ross,0.426576854,0.17213300838486367,0.17213300838486367,0.5735162937918511,FALSE,FALSE
2000-02-28,Ross,0.435330318,0.17848048175312436,0.17848048175312436,0.5735162937918511,FALSE,FALSE
2000-03-01,Ross,0.426662457,0.16390582138733306,0.16390582138733306,0.5735162937918511,FALSE,FALSE
2000-03-02,Ross,0.424649616,0.1584190345974253,0.1584190345974253,0.5735162937918511,FALSE,FALSE
2000-03-03,Ross,0.437035502,0.1670018526989401,0.1670018526989401,0.5735162937918511,FALSE,FALSE
2000-03-04,Ross,0.440151169,0.1659987599616337,0.1659987599616337,0.5735162937918511,FALSE,FALSE
2000-03-05,Ross,0.446195567,0.16761766418948332,0.16761766418948332,0.5735162937918511,FALSE,FALSE
2000-03-06,Ross,0.445549828,0.16223409453677473,0.16223409453677473,0.5735162937918511,FALSE,FALSE
2000-03-07,Ross,0.461644255,0.1732697930091977,0.1732697930091977,0.5735162937918511,FALSE,FALSE
2000-03-08,Ross,0.475265158,0.18150250861244643,0.18150250861244643,0.5735162937918511,FALSE,FALSE
2000-03-09,Ross,0.471720632,0.172231775352213,0.172231775352213,0.5735162937918511,FALSE,FALSE
2000-03-10,Ross,0.488275468,0.18271382323419,0.18271382323419,0.5735162937918511,FALSE,FALSE
2000-03-11,Ross,0.503662242,0.191672667264069,0.191672667264069,0.5735162937918511,FALSE,FALSE
2000-03-12,Ross,0.512205509,0.1934243014475437,0.1934243014475437,0.5735162937918511,FALSE,FALSE
2000-03-13,Ross,0.520705785,0.19476068079030873,0.19476068079030873,0.5735162937918511,FALSE,FALSE
2000-03-14,Ross,0.528031181,0.19454135529805172,0.19454135529805172,0.5735162937918511,FALSE,FALSE
2000-03-15,Ross,0.540416058,0.19899212497646968,0.19899212497646968,0.5735162937918511,FALSE,FALSE
2000-03-16,Ross,0.569926024,0.22017003683125164,0.22017003683125164,0.5735162937918511,FALSE,FALSE
2000-03-17,Ross,0.575950596,0.2174562073427817,0.2174562073427817,0.5735162937918511,FALSE,FALSE
2000-03-18,Ross,0.601819359,0.23417582882336,0.23417582882336,0.5735162937918511,FALSE,FALSE
2000-03-19,Ross,0.615456455,0.23825284281105352,0.23825284281105352,0.5735162937918511,FALSE,FALSE
2000-03-20,Ross,0.639526222,0.2523515842207742,0.2523515842207742,0.5735162937918511,FALSE,FALSE
2000-03-21,Ross,0.667788457,0.2702318469674364,0.2702318469674364,0.5735162937918511,FALSE,FALSE
2000-03-22,Ross,0.681816764,0.273467231965952,0.273467231965952,0.5735162937918511,FALSE,FALSE
2000-03-23,Ross,0.691148488,0.27159508113123176,0.27159508113123176,0.5735162937918511,FALSE,FALSE
2000-03-24,Ross,0.71283134,0.28166310237819314,0.28166310237819314,0.5735162937918511,FALSE,FALSE
2000-03-25,Ross,0.737290159,0.29409613162174425,0.29409613162174425,0.5735162937918511,FALSE,FALSE
2000-03-26,Ross,0.743338867,0.2877080877768017,0.2877080877768017,0.5735162937918511,FALSE,FALSE
2000-03-27,Ross,0.758620478,0.2901419817582738,0.2901419817582738,0.5735162937918511,FALSE,FALSE
2000-03-28,Ross,0.797459992,0.3157228104810775,0.3157228104810775,0.5735162937918511,FALSE,FALSE
2000-03-29,Ross,0.809812748,0.3144059098601235,0.3144059098601235,0.5735162937918511,FALSE,FALSE
2000-03-30,Ross,0.840466094,0.33097734080834096,0.33097734080834096,0.5735162937918511,FALSE,FALSE
2000-03-31,Ross,0.849601534,0.3256103018411457,0.3256103018411457,0.5735162937918511,FALSE,FALSE
2000-04-01,Ross,0.836735288,0.2978103215212421,0.2978103215212421,0.5735162937918511,FALSE,FALSE
2000-04-02,Ross,0.83033622,0.2760355704388736,0.2760355704388736,0.5735162937918511,FALSE,FALSE
2000-04-03,Ross,0.834636758,0.26450778318427803,0.26450778318427803,0.5735162937918511,FALSE,FALSE
2000-04-04,Ross,0.866865572,0.2804449363476974,0.2804449363476974,0.5735162937918511,FALSE,FALSE
2000-04-05,Ross,0.872000124,0.2688137985193749,0.2688137985193749,0.5735162937918511,FALSE,FALSE
2000-04-06,Ross,0.886664859,0.2662281212895472,0.2662281212895472,0.5735162937918511,FALSE,FALSE
2000-04-07,Ross,0.909923987,0.2717414212484579,0.2717414212484579,0.5735162937918511,FALSE,FALSE
2000-04-08,Ross,0.930053338,0.27361883498634787,0.27361883498634787,0.5735162937918511,FALSE,FALSE
2000-04-09,Ross,0.956314117,0.2811108740934555,0.2811108740934555,0.5735162937918511,FALSE,FALSE
2000-04-10,Ross,0.986827397,0.29232791816002335,0.29232791816002335,0.5735162937918511,FALSE,FALSE
2000-04-11,Ross,1.000890729,0.2865571246246591,0.2865571246246591,0.5735162937918511,FALSE,FALSE
2000-04-12,Ross,1.027751849,0.2930572061889568,0.2930572061889568,0.5735162937918511,FALSE,FALSE
2000-04-13,Ross,1.035062031,0.2795256422413801,0.2795256422413801,0.5735162937918511,FALSE,FALSE
2000-04-14,Ross,1.044106318,0.26729697168744115,0.26729697168744115,0.5735162937918511,FALSE,FALSE
2000-04-15,Ross,1.025714138,0.2272501184326512,0.2272501184326512,0.5735162937918511,FALSE,FALSE
2000-04-16,Ross,1.081967578,0.26151666538252405,0.26151666538252405,0.5735162937918511,FALSE,FALSE
2000-04-17,Ross,1.090533936,0.24781340644257144,0.24781340644257144,0.5735162937918511,FALSE,FALSE
2000-04-18,Ross,1.154583082,0.28935970751830686,0.28935970751830686,0.5735162937918511,FALSE,FALSE
2000-04-19,Ross,1.189861762,0.3019518105152402,0.3019518105152402,0.5735162937918511,FALSE,FALSE
2000-04-20,Ross,1.239699733,0.3289689683388878,0.3289689683388878,0.5735162937918511,FALSE,FALSE
2000-04-21,Ross,1.280993351,0.3473570328947614,0.3473570328947614,0.5735162937918511,FALSE,FALSE
2000-04-22,Ross,1.308315002,0.3517378860883712,0.3517378860883712,0.5735162937918511,FALSE,FALSE
2000-04-23,Ross,1.336966064,0.3574624018252325,0.3574624018252325,0.5735162937918511,FALSE,FALSE
2000-04-24,Ross,1.367556848,0.36518029050418166,0.36518029050418166,0.5735162937918511,FALSE,FALSE
2000-04-25,Ross,1.38716855,0.36191625633076496,0.36191625633076496,0.5735162937918511,FALSE,FALSE
2000-04-26,Ross,1.414594619,0.36635426647630176,0.36635426647630176,0.5735162937918511,FALSE,FALSE
2000-04-27,Ross,1.435838123,0.3643873489206262,0.3643873489206262,0.5735162937918511,FALSE,FALSE
2000-04-28,Ross,1.473303018,0.3783094196435677,0.3783094196435677,0.5735162937918511,FALSE,FALSE
2000-04-29,Ross,1.512469203,0.393490337624955,0.393490337624955,0.5735162937918511,FALSE,FALSE
2000-04-30,Ross,1.534886235,0.3913696198446166,0.3913696198446166,0.5735162937918511,FALSE,FALSE
2000-05-01,Ross,1.54173024,0.3730133522823853,0.3730133522823853,0.5735162937918511,FALSE,FALSE
2000-05-02,Ross,1.553145429,0.35845570591809106,0.35845570591809106,0.5735162937918511,FALSE,FALSE
2000-05-03,Ross,1.576347799,0.3548026377315623,0.3548026377315623,0.5735162937918511,FALSE,FALSE
2000-05-04,Ross,1.581343995,0.3319507527026295,0.3319507527026295,0.5735162937918511,FALSE,FALSE
2000-05-05,Ross,1.650831178,0.37248717181112423,0.37248717181112423,0.5735162937918511,FALSE,FALSE
2000-05-06,Ross,1.687675799,0.3791683949086535,0.3791683949086535,0.5735162937918511,FALSE,FALSE
2000-05-07,Ross,1.686881845,0.3469380052529478,0.3469380052529478,0.5735162937918511,FALSE,FALSE
2000-05-08,Ross,1.75976372,0.3871818721601785,0.3871818721601785,0.5735162937918511,FALSE,FALSE
2000-05-09,Ross,1.829293333,0.4229650671584948,0.4229650671584948,0.5735162937918511,FALSE,FALSE
2000-05-10,Ross,1.893099802,0.4520098707760487,0.4520098707760487,0.5735162937918511,FALSE,FALSE
2000-05-11,Ross,1.942267024,0.4654933425409924,0.4654933425409924,0.5735162937918511,FALSE,FALSE
2000-05-12,Ross,2.019458154,0.506171799981473,0.506171799981473,0.5735162937918511,FALSE,FALSE
2000-05-13,Ross,2.109392764,0.5588579776256442,0.5588579776256442,0.5735162937918511,FALSE,FALSE
2000-05-14,Ross,2.161018211,0.5725923950016563,0.5725923950016563,0.5735162937918511,FALSE,FALSE
2000-05-15,Ross,2.217255727,0.5903894466376578,0.5903894466376578,0.5735162937918511,TRUE,TRUE
2000-05-16,Ross,2.276052104,0.6102890870618032,0.6102890870618032,0.5735162937918511,TRUE,TRUE
2000-05-17,Ross,2.332705995,0.6276831318022387,0.6276831318022387,0.5735162937918511,TRUE,TRUE
2000-05-18,Ross,2.395824532,0.6512718753871165,0.6512718753871165,0.5735162937918511,TRUE,TRUE
2000-05-19,Ross,2.457465969,0.6732036897940374,0.6732036897940374,0.5735162937918511,TRUE,TRUE
2000-05-20,Ross,2.51203929,0.6879221221293625,0.6879221221293625,0.5735162937918511,TRUE,TRUE
2000-05-21,Ross,2.600525861,0.736394564109095,0.736394564109095,0.5735162937918511,TRUE,TRUE
2000-05-22,Ross,2.636203323,0.7318830494224939,0.7318830494224939,0.5735162937918511,TRUE,TRUE
2000-05-23,Ross,2.630229722,0.6855300167588183,0.6855300167588183,0.5735162937918511,TRUE,TRUE
2000-05-24,Ross,2.635421438,0.6501362388073291,0.6501362388073291,0.5735162937918511,TRUE,TRUE
2000-05-25,Ross,2.642036324,0.6159439612572872,0.6159439612572872,0.5735162937918511,TRUE,TRUE
2000-05-26,Ross,2.656276759,0.5891399557979491,0.5891399557979491,0.5735162937918511,TRUE,TRUE
2000-05-27,Ross,2.710886476,0.6024523481185748,0.6024523481185748,0.5735162937918511,TRUE,TRUE
2000-05-28,Ross,2.743620817,0.5936208729084225,0.5936208729084225,0.5735162937918511,TRUE,TRUE
2000-05-29,Ross,2.75418835,0.5623384908567539,0.5623384908567539,0.5735162937918511,FALSE,FALSE
2000-05-30,Ross,2.787774565,0.553775084652826,0.553775084652826,0.5735162937918511,FALSE,FALSE
2000-05-31,Ross,2.86909782,0.5926334049859001,0.5926334049859001,0.5735162937918511,TRUE,FALSE
2000-06-01,Ross,2.900718621,0.5814630089503079,0.5814630089503079,0.5735162937918511,TRUE,FALSE
2000-06-02,Ross,2.888595718,0.5262323635832535,0.5262323635832535,0.5735162937918511,FALSE,FALSE
2000-06-03,Ross,2.920552652,0.5147804557076268,0.5147804557076268,0.5735162937918511,FALSE,FALSE
2000-06-04,Ross,2.947537849,0.4980711573585279,0.4980711573585279,0.5735162937918511,FALSE,FALSE
2000-06-05,Ross,2.958655679,0.4652242845710548,0.4652242845710548,0.5735162937918511,FALSE,FALSE
2000-06-06,Ross,2.979514875,0.4418640163803027,0.4418640163803027,0.5735162937918511,FALSE,FALSE
2000-06-07,Ross,3.032890393,0.4507807548213756,0.4507807548213756,0.5735162937918511,FALSE,FALSE
2000-06-08,Ross,3.029113458,0.4023211709293695,0.4023211709293695,0.5735162937918511,FALSE,FALSE
2000-06-09,Ross,3.045173239,0.3734898797393802,0.3734898797393802,0.5735162937918511,FALSE,FALSE
2000-06-10,Ross,3.05911295,0.3423455412865093,0.3423455412865093,0.5735162937918511,FALSE,FALSE
2000-06-11,Ross,3.072926703,0.3108977136058555,0.3108977136058555,0.5735162937918511,FALSE,FALSE
2000-06-12,Ross,3.092251127,0.28479847173251693,0.28479847173251693,0.5735162937918511,FALSE,FALSE
2000-06-13,Ross,3.119140572,0.2661182352554099,0.2661182352554099,0.5735162937918511,FALSE,FALSE
2000-06-14,Ross,3.132707785,0.23401330960186284,0.23401330960186284,0.5735162937918511,FALSE,FALSE
2000-06-15,Ross,3.168033709,0.22364590691649067,0.22364590691649067,0.5735162937918511,FALSE,FALSE
2000-06-16,Ross,3.170542295,0.18052397954968313,0.18052397954968313,0.5735162937918511,FALSE,FALSE
2000-06-17,Ross,3.213063987,0.17756197285181408,0.17756197285181408,0.5735162937918511,FALSE,FALSE
2000-06-18,Ross,3.265428135,0.18467323817327808,0.18467323817327808,0.5735162937918511,FALSE,FALSE
2000-06-19,Ross,3.328293413,0.2026004508644537,0.2026004508644537,0.5735162937918511,FALSE,FALSE
2000-06-20,Ross,3.362809816,0.19257760727572615,0.19257760727572615,0.5735162937918511,FALSE,FALSE
2000-06-21,Ross,3.394819651,0.18053101575747865,0.18053101575747865,0.5735162937918511,FALSE,FALSE
2000-06-22,Ross,3.440445414,0.18266717366009644,0.18266717366009644,0.5735162937918511,FALSE,FALSE
2000-06-23,Ross,3.465580962,0.1649639393339628,0.1649639393339628,0.5735162937918511,FALSE,FALSE
2000-06-24,Ross,3.474202934,0.13148195312946287,0.13148195312946287,0.5735162937918511,FALSE,FALSE
2000-06-25,Ross,3.475877489,0.09187137539698088,0.09187137539698088,0.5735162937918511,FALSE,FALSE
2000-06-26,Ross,3.461882717,0.03747923902514127,0.03747923902514127,0.5735162937918511,FALSE,FALSE
2000-06-27,Ross,3.469069471,0.0051115505564705,0.0051115505564705,0.5735162937918511,FALSE,FALSE
2000-06-28,Ross,3.48215662,-0.02060966229159655,0.02060966229159655,0.5735162937918511,FALSE,FALSE
2000-06-29,Ross,3.50950321,-0.03142246213357058,0.03142246213357058,0.5735162937918511,FALSE,FALSE
2000-06-30,Ross,3.562336085,-0.01619711358395781,0.01619711358395781,0.5735162937918511,FALSE,FALSE
2000-07-01,Ross,3.641177118,0.02549114774273331,0.02549114774273331,0.5735162937918511,FALSE,FALSE
2000-07-02,Ross,3.689174814,0.03669371823198908,0.03669371823198908,0.5735162937918511,FALSE,FALSE
2000-07-03,Ross,3.754123458,0.06510777426930536,0.06510777426930536,0.5735162937918511,FALSE,FALSE
2000-07-04,Ross,3.848375914,0.12298907124017155,0.12298907124017155,0.5735162937918511,FALSE,FALSE
2000-07-05,Ross,3.879034058,0.11734237653007852,0.11734237653007852,0.5735162937918511,FALSE,FALSE
2000-07-06,Ross,3.881884729,0.08385742052452239,0.08385742052452239,0.5735162937918511,FALSE,FALSE
2000-07-07,Ross,3.904831896,0.07034106360898429,0.07034106360898429,0.5735162937918511,FALSE,FALSE
2000-07-08,Ross,3.91722069,0.04604163563839414,0.04604163563839414,0.5735162937918511,FALSE,FALSE
2000-07-09,Ross,3.985048178,0.07691920384802886,0.07691920384802886,0.5735162937918511,FALSE,FALSE
2000-07-10,Ross,4.018631065,0.07338434726599186,0.07338434726599186,0.5735162937918511,FALSE,FALSE
2000-07-11,Ross,4.075159561,0.09273846927471974,0.09273846927471974,0.5735162937918511,FALSE,FALSE
2000-07-12,Ross,4.149568452,0.13002754925665003,0.13002754925665003,0.5735162937918511,FALSE,FALSE
2000-07-13,Ross,4.254271391,0.1977764335942256,0.1977764335942256,0.5735162937918511,FALSE,FALSE
2000-07-14,Ross,4.324642595,0.23147053266987697,0.23147053266987697,0.5735162937918511,FALSE,FALSE
2000-07-15,Ross,4.375053762,0.24559273786604852,0.24559273786604852,0.5735162937918511,FALSE,FALSE
2000-07-16,Ross,4.438004526,0.2727538765651678,0.2727538765651678,0.5735162937918511,FALSE,FALSE
2000-07-17,Ross,4.477446289,0.2770165441496806,0.2770165441496806,0.5735162937918511,FALSE,FALSE
2000-07-18,Ross,4.548130288,0.3132431710020196,0.3132431710020196,0.5735162937918511,FALSE,FALSE
2000-07-19,Ross,4.601060943,0.33254937050462274,0.33254937050462274,0.5735162937918511,FALSE,FALSE
2000-07-20,Ross,4.624381105,0.32318918703993127,0.32318918703993127,0.5735162937918511,FALSE,FALSE
2000-07-21,Ross,4.590336748,0.2575108641782826,0.2575108641782826,0.5735162937918511,FALSE,FALSE
2000-07-22,Ross,4.562364178,0.19892980837921392,0.19892980837921392,0.5735162937918511,FALSE,FALSE
2000-07-23,Ross,4.602786547,0.2096584892493167,0.2096584892493167,0.5735162937918511,FALSE,FALSE
2000-07-24,Ross,4.613650472,0.1916308047707309,0.1916308047707309,0.5735162937918511,FALSE,FALSE
2000-07-25,Ross,4.638112861,0.18789094392558603,0.18789094392558603,0.5735162937918511,FALSE,FALSE
2000-07-26,Ross,4.676598148,0.19875062169601063,0.19875062169601063,0.5735162937918511,FALSE,FALSE
2000-07-27,Ross,4.687066794,0.1820575800641402,0.1820575800641402,0.5735162937918511,FALSE,FALSE
2000-07-28,Ross,4.752986115,0.2211664160121121,0.2211664160121121,0.5735162937918511,FALSE,FALSE
2000-07-29,Ross,4.816332892,0.25794119152205397,0.25794119152205397,0.5735162937918511,FALSE,FALSE
2000-07-30,Ross,4.867175481,0.28233754357610064,0.28233754357610064,0.5735162937918511,FALSE,FALSE
2000-07-31,Ross,4.87514024,0.2638691111563789,0.2638691111563789,0.5735162937918511,FALSE,FALSE
2000-08-01,Ross,4.888898736,0.25109474224502737,0.25109474224502737,0.5735162937918511,FALSE,FALSE
2000-08-02,Ross,4.897999101,0.23344985142205044,0.23344985142205044,0.5735162937918511,FALSE,FALSE
2000-08-03,Ross,4.873047236,0.1814707584082136,0.1814707584082136,0.5735162937918511,FALSE,FALSE
2000-08-04,Ross,4.878068221,0.15926857064665967,0.15926857064665967,0.5735162937918511,FALSE,FALSE
2000-08-05,Ross,4.926280156,0.18018249205710735,0.18018249205710735,0.5735162937918511,FALSE,FALSE
2000-08-06,Ross,4.970825043,0.1974756285592809,0.1974756285592809,0.5735162937918511,FALSE,FALSE
2000-08-07,Ross,4.973740051,0.17330625307291303,0.17330625307291303,0.5735162937918511,FALSE,FALSE
2000-08-08,Ross,5.003325227,0.17609551651772737,0.17609551651772737,0.5735162937918511,FALSE,FALSE
2000-08-09,Ross,5.033036339,0.17942029081344213,0.17942029081344213,0.5735162937918511,FALSE,FALSE
2000-08-10,Ross,5.041469055,0.1619973478797947,0.1619973478797947,0.5735162937918511,FALSE,FALSE
2000-08-11,Ross,5.0637748909999996,0.15909930763650504,0.15909930763650504,0.5735162937918511,FALSE,FALSE
2000-08-12,Ross,5.044442397,0.11533582400330555,0.11533582400330555,0.5735162937918511,FALSE,FALSE
2000-08-13,Ross,5.026522576,0.07387900389991131,0.07387900389991131,0.5735162937918511,FALSE,FALSE
2000-08-14,Ross,5.103555644,0.12839016724605923,0.12839016724605923,0.5735162937918511,FALSE,FALSE
2000-08-15,Ross,5.170420223,0.17386505932626672,0.17386505932626672,0.5735162937918511,FALSE,FALSE
2000-08-16,Ross,5.203720446,0.1869066225977134,0.1869066225977134,0.5735162937918511,FALSE,FALSE
2000-08-17,Ross,5.265893665,0.22981559901114768,0.22981559901114768,0.5735162937918511,FALSE,FALSE
2000-08-18,Ross,5.328881913,0.27438999017831556,0.27438999017831556,0.5735162937918511,FALSE,FALSE
2000-08-19,Ross,5.323956135,0.2517567097109614,0.2517567097109614,0.5735162937918511,FALSE,FALSE
2000-08-20,Ross,5.304585181,0.21524057622083423,0.21524057622083423,0.5735162937918511,FALSE,FALSE
2000-08-21,Ross,5.254885228,0.1488137353196759,0.1488137353196759,0.5735162937918511,FALSE,FALSE
2000-08-22,Ross,5.203337942,0.08081382161923578,0.08081382161923578,0.5735162937918511,FALSE,FALSE
2000-08-23,Ross,5.126048705,-0.01279781426873682,0.01279781426873682,0.5735162937918511,FALSE,FALSE
2000-08-24,Ross,5.068399374,-0.08678334673250276,0.08678334673250276,0.5735162937918511,FALSE,FALSE
2000-08-25,Ross,5.030499539,-0.14117721716030918,0.14117721716030918,0.5735162937918511,FALSE,FALSE
2000-08-26,Ross,5.014808014,-0.17366464294041428,0.17366464294041428,0.5735162937918511,FALSE,FALSE
2000-08-27,Ross,5.017826647,-0.18788780746106948,0.18788780746106948,0.5735162937918511,FALSE,FALSE
2000-08-28,Ross,5.05802731,-0.1654915913147477,0.1654915913147477,0.5735162937918511,FALSE,FALSE
2000-08-29,Ross,5.089580524,-0.15225643386592225,0.15225643386592225,0.5735162937918511,FALSE,FALSE
2000-08-30,Ross,5.199821126,-0.06073616505747292,0.06073616505747292,0.5735162937918511,FALSE,FALSE
2000-08-31,Ross,5.281953779,0.00238532290166126,0.00238532290166126,0.5735162937918511,FALSE,FALSE
2000-09-01,Ross,5.327836661,0.02907765280253915,0.02907765280253915,0.5735162937918511,FALSE,FALSE
2000-09-02,Ross,5.320387581,0.0023700784362246,0.0023700784362246,0.5735162937918511,FALSE,FALSE
2000-09-03,Ross,5.321659502,-0.01557299240622001,0.01557299240622001,0.5735162937918511,FALSE,FALSE
2000-09-04,Ross,5.332953683,-0.02333885593373264,0.02333885593373264,0.5735162937918511,FALSE,FALSE
2000-09-05,Ross,5.349379078,-0.02570711335525288,0.02570711335525288,0.5735162937918511,FALSE,FALSE
2000-09-06,Ross,5.372228783,-0.0212732238797173,0.0212732238797173,0.5735162937918511,FALSE,FALSE
2000-09-07,Ross,5.438802266,0.02737372528393944,0.02737372528393944,0.5735162937918511,FALSE,FALSE
2000-09-08,Ross,5.494165523,0.06541117492677362,0.06541117492677362,0.5735162937918511,FALSE,FALSE
2000-09-09,Ross,5.543642231,0.09827378423868004,0.09827378423868004,0.5735162937918511,FALSE,FALSE
2000-09-10,Ross,5.585786676,0.1245829059212804,0.1245829059212804,0.5735162937918511,FALSE,FALSE
2000-09-11,Ross,5.586217335,0.10994461385446376,0.10994461385446376,0.5735162937918511,FALSE,FALSE
2000-09-12,Ross,5.606724142,0.1161280714386992,0.1161280714386992,0.5735162937918511,FALSE,FALSE
2000-09-13,Ross,5.620429485,0.1162348960744648,0.1162348960744648,0.5735162937918511,FALSE,FALSE
2000-09-14,Ross,5.588407733,0.07131868616222992,0.07131868616222992,0.5735162937918511,FALSE,FALSE
2000-09-15,Ross,5.560067669,0.03076745410247028,0.03076745410247028,0.5735162937918511,FALSE,FALSE
2000-09-16,Ross,5.528617822,-0.0122310417043403,0.0122310417043403,0.5735162937918511,FALSE,FALSE
2000-09-17,Ross,5.526092839,-0.02566292485773047,0.02566292485773047,0.5735162937918511,FALSE,FALSE
2000-09-18,Ross,5.515371151,-0.04667053495722495,0.04667053495722495,0.5735162937918511,FALSE,FALSE
2000-09-19,Ross,5.533978207,-0.03774919360235262,0.03774919360235262,0.5735162937918511,FALSE,FALSE
2000-09-20,Ross,5.5433714,-0.0374622783926366,0.0374622783926366,0.5735162937918511,FALSE,FALSE
2000-09-21,Ross,5.590349367,9.68077072392326e-4,9.68077072392326e-4,0.5735162937918511,FALSE,FALSE
2000-09-22,Ross,5.68614258,0.08875338393201915,0.08875338393201915,0.5735162937918511,FALSE,FALSE
2000-09-23,Ross,5.750697395,0.14584041261539227,0.14584041261539227,0.5735162937918511,FALSE,FALSE
2000-09-24,Ross,5.722571835,0.11079935390035,0.11079935390035,0.5735162937918511,FALSE,FALSE
2000-09-25,Ross,5.723505157,0.10538179747717448,0.10538179747717448,0.5735162937918511,FALSE,FALSE
2000-09-26,Ross,5.76914533,0.1452480450361433,0.1452480450361433,0.5735162937918511,FALSE,FALSE
2000-09-27,Ross,5.822550065,0.1934681402675391,0.1934681402675391,0.5735162937918511,FALSE,FALSE
2000-09-28,Ross,5.881537596,0.24787264986164548,0.24787264986164548,0.5735162937918511,FALSE,FALSE
2000-09-29,Ross,5.909525719,0.27189170250874195,0.27189170250874195,0.5735162937918511,FALSE,FALSE
2000-09-30,Ross,5.917428336,0.2764515328991104,0.2764515328991104,0.5735162937918511,FALSE,FALSE
2000-10-01,Ross,5.858800327,0.21511935372303093,0.21511935372303093,0.5735162937918511,FALSE,FALSE
2000-10-02,Ross,5.744402372,0.0986681776707874,0.0986681776707874,0.5735162937918511,FALSE,FALSE
2000-10-03,Ross,5.673588004,0.02646387043265985,0.02646387043265985,0.5735162937918511,FALSE,FALSE
2000-10-04,Ross,5.644390231,-0.00344822018217438,0.00344822018217438,0.5735162937918511,FALSE,FALSE
2000-10-05,Ross,5.678738013,0.03088181686183322,0.03088181686183322,0.5735162937918511,FALSE,FALSE
2000-10-06,Ross,5.705560585,0.05842949794711583,0.05842949794711583,0.5735162937918511,FALSE,FALSE
2000-10-07,Ross,5.701798496,0.05618628759310784,0.05618628759310784,0.5735162937918511,FALSE,FALSE
2000-10-08,Ross,5.710920077,0.06767143231925221,0.06767143231925221,0.5735162937918511,FALSE,FALSE
2000-10-09,Ross,5.730676758,0.09068727764498784,0.09068727764498784,0.5735162937918511,FALSE,FALSE
2000-10-10,Ross,5.733240084,0.09745628408975192,0.09745628408975192,0.5735162937918511,FALSE,FALSE
2000-10-11,Ross,5.78026225,0.14968156217298745,0.14968156217298745,0.5735162937918511,FALSE,FALSE
2000-10-12,Ross,5.797649302,0.17332007341413025,0.17332007341413025,0.5735162937918511,FALSE,FALSE
2000-10-13,Ross,5.815785415,0.1988069083326227,0.1988069083326227,0.5735162937918511,FALSE,FALSE
2000-10-14,Ross,5.780438771,0.17196116444790377,0.17196116444790377,0.5735162937918511,FALSE,FALSE
2000-10-15,Ross,5.70082525,0.10204963727940886,0.10204963727940886,0.5735162937918511,FALSE,FALSE
2000-10-16,Ross,5.662564533,0.07474292334658106,0.07474292334658106,0.5735162937918511,FALSE,FALSE
2000-10-17,Ross,5.577148548,0.00158003094129721,0.00158003094129721,0.5735162937918511,FALSE,FALSE
2000-10-18,Ross,5.546638574,-0.01541213974164623,0.01541213974164623,0.5735162937918511,FALSE,FALSE
2000-10-19,Ross,5.501192216,-0.04618823864969901,0.04618823864969901,0.5735162937918511,FALSE,FALSE
2000-10-20,Ross,5.472898588,-0.05877452491237189,0.05877452491237189,0.5735162937918511,FALSE,FALSE
2000-10-21,Ross,5.457142687,-0.05790137465917411,0.05790137465917411,0.5735162937918511,FALSE,FALSE
2000-10-22,Ross,5.469782501,-0.02782617301961831,0.02782617301961831,0.5735162937918511,FALSE,FALSE
2000-10-23,Ross,5.501950907,0.02246858387678774,0.02246858387678774,0.5735162937918511,FALSE,FALSE
2000-10-24,Ross,5.455765211,-0.00501517109946636,0.00501517109946636,0.5735162937918511,FALSE,FALSE
2000-10-25,Ross,5.412828728,-0.02878949607789138,0.02878949607789138,0.5735162937918511,FALSE,FALSE
2000-10-26,Ross,5.332769418,-0.0893418041879972,0.0893418041879972,0.5735162937918511,FALSE,FALSE
2000-10-27,Ross,5.290470769,-0.1119039805592923,0.1119039805592923,0.5735162937918511,FALSE,FALSE
2000-10-28,Ross,5.267843701,-0.11468047832128649,0.11468047832128649,0.5735162937918511,FALSE,FALSE
2000-10-29,Ross,5.233639759,-0.12903512560349115,0.12903512560349115,0.5735162937918511,FALSE,FALSE
2000-10-30,Ross,5.144829205,-0.198072956849753,0.198072956849753,0.5735162937918511,FALSE,FALSE
2000-10-31,Ross,5.060292859,-0.26279118235475973,0.26279118235475973,0.5735162937918511,FALSE,FALSE
2000-11-01,Ross,5.012936719,-0.290101241917716,0.290101241917716,0.5735162937918511,FALSE,FALSE
2000-11-02,Ross,5.019741932,-0.26283941004897393,0.26283941004897393,0.5735162937918511,FALSE,FALSE
2000-11-03,Ross,5.018627136,-0.24290447025888628,0.24290447025888628,0.5735162937918511,FALSE,FALSE
2000-11-04,Ross,4.984859589,-0.25484658605780286,0.25484658605780286,0.5735162937918511,FALSE,FALSE
2000-11-05,Ross,4.952408559,-0.26451391095607324,0.26451391095607324,0.5735162937918511,FALSE,FALSE
2000-11-06,Ross,4.905471278,-0.2875266344640508,0.2875266344640508,0.5735162937918511,FALSE,FALSE
2000-11-07,Ross,4.914794096,-0.25295582809208916,0.25295582809208916,0.5735162937918511,FALSE,FALSE
2000-11-08,Ross,4.929864459,-0.21113146735053512,0.21113146735053512,0.5735162937918511,FALSE,FALSE
2000-11-09,Ross,4.952758775,-0.15979456574974282,0.15979456574974282,0.5735162937918511,FALSE,FALSE
2000-11-10,Ross,4.969512443,-0.11272714580006228,0.11272714580006228,0.5735162937918511,FALSE,FALSE
2000-11-11,Ross,4.957168915,-0.092704657930212,0.092704657930212,0.5735162937918511,FALSE,FALSE
2000-11-12,Ross,4.922391637,-0.092964481491995,0.092964481491995,0.5735162937918511,FALSE,FALSE
2000-11-13,Ross,4.878215167,-0.1004960310848544,0.1004960310848544,0.5735162937918511,FALSE,FALSE
2000-11-14,Ross,4.837539416,-0.1024335259273048,0.1024335259273048,0.5735162937918511,FALSE,FALSE
2000-11-15,Ross,4.777995852,-0.12117962823786232,0.12117962823786232,0.5735162937918511,FALSE,FALSE
2000-11-16,Ross,4.679794793,-0.1765581502350431,0.1765581502350431,0.5735162937918511,FALSE,FALSE
2000-11-17,Ross,4.599723684,-0.211815777137363,0.211815777137363,0.5735162937918511,FALSE,FALSE
2000-11-18,Ross,4.54362024,-0.22114892416333376,0.22114892416333376,0.5735162937918511,FALSE,FALSE
2000-11-19,Ross,4.500517633,-0.21555854953147513,0.21555854953147513,0.5735162937918511,FALSE,FALSE
2000-11-20,Ross,4.474999631,-0.19049501546029649,0.19049501546029649,0.5735162937918511,FALSE,FALSE
2000-11-21,Ross,4.428580854,-0.18447783216832023,0.18447783216832023,0.5735162937918511,FALSE,FALSE
2000-11-22,Ross,4.375807772,-0.1829946598740575,0.1829946598740575,0.5735162937918511,FALSE,FALSE
2000-11-23,Ross,4.319123787,-0.18363622679602457,0.18363622679602457,0.5735162937918511,FALSE,FALSE
2000-11-24,Ross,4.284209334,-0.16073116725431014,0.16073116725431014,0.5735162937918511,FALSE,FALSE
2000-11-25,Ross,4.226973041,-0.15816796168889802,0.15816796168889802,0.5735162937918511,FALSE,FALSE
2000-11-26,Ross,4.165606627,-0.157445420114124,0.157445420114124,0.5735162937918511,FALSE,FALSE
2000-11-27,Ross,4.1085914,-0.14977195626707385,0.14977195626707385,0.5735162937918511,FALSE,FALSE
2000-11-28,Ross,4.044871785,-0.14589286688482872,0.14589286688482872,0.5735162937918511,FALSE,FALSE
2000-11-29,Ross,3.977993086,-0.14195256970447143,0.14195256970447143,0.5735162937918511,FALSE,FALSE
2000-11-30,Ross,3.898658853,-0.14693723646309076,0.14693723646309076,0.5735162937918511,FALSE,FALSE
2000-12-01,Ross,3.822586111,-0.1448195638977667,0.1448195638977667,0.5735162937918511,FALSE,FALSE
2000-12-02,Ross,3.576216802,-0.30884733174558576,0.30884733174558576,0.5735162937918511,FALSE,FALSE
2000-12-03,Ross,3.550766381,-0.24749480674363067,0.24749480674363067,0.5735162937918511,FALSE,FALSE
2000-12-04,Ross,3.452812572,-0.25387398662898475,0.25387398662898475,0.5735162937918511,FALSE,FALSE
2000-12-05,Ross,3.343396797,-0.26663317113873486,0.26663317113873486,0.5735162937918511,FALSE,FALSE
2000-12-06,Ross,3.203651561,-0.30433047933323243,0.30433047933323243,0.5735162937918511,FALSE,FALSE
2000-12-07,Ross,3.090461932,-0.31005157729010246,0.31005157729010246,0.5735162937918511,FALSE,FALSE
2000-12-08,Ross,2.959997601,-0.32827303059821,0.32827303059821,0.5735162937918511,FALSE,FALSE
2000-12-09,Ross,2.805450523,-0.36654893058146065,0.36654893058146065,0.5735162937918511,FALSE,FALSE
2000-12-10,Ross,2.588594597,-0.4638514245637735,0.4638514245637735,0.5735162937918511,FALSE,FALSE
2000-12-11,Ross,2.440878436,-0.4894779458690519,0.4894779458690519,0.5735162937918511,FALSE,FALSE
2000-12-12,Ross,2.289621982,-0.5168545988212108,0.5168545988212108,0.5735162937918511,FALSE,FALSE
2000-12-13,Ross,2.214230872,-0.4673217927441593,0.4673217927441593,0.5735162937918511,FALSE,FALSE
2000-12-14,Ross,2.065012937,-0.4913177429618054,0.4913177429618054,0.5735162937918511,FALSE,FALSE
2000-12-15,Ross,1.878718565,-0.5528381077980657,0.5528381077980657,0.5735162937918511,FALSE,FALSE
2000-12-16,Ross,1.767188762,-0.540787927576845,0.540787927576845,0.5735162937918511,FALSE,FALSE
2000-12-17,Ross,1.646270978,-0.5400657986220567,0.5400657986220567,0.5735162937918511,FALSE,FALSE
2000-12-18,Ross,1.515716157,-0.5516668232576114,0.5516668232576114,0.5735162937918511,FALSE,FALSE
2000-12-19,Ross,1.430129487,-0.521712685643356,0.521712685643356,0.5735162937918511,FALSE,FALSE
2000-12-20,Ross,1.385408323,-0.45472972244632537,0.45472972244632537,0.5735162937918511,FALSE,FALSE
2000-12-21,Ross,1.324532344,-0.4079199412980459,0.4079199412980459,0.5735162937918511,FALSE,FALSE
2000-12-22,Ross,1.278993866,-0.3499659688944641,0.3499659688944641,0.5735162937918511,FALSE,FALSE
2000-12-23,Ross,1.240131981,-0.28970365593152514,0.28970365593152514,0.5735162937918511,FALSE,FALSE
2000-12-24,Ross,1.21515351,-0.2201011241051745,0.2201011241051745,0.5735162937918511,FALSE,FALSE
2000-12-25,Ross,1.169655542,-0.17573622711136003,0.17573622711136003,0.5735162937918511,FALSE,FALSE
2000-12-26,Ross,1.118795221,-0.14162676364602733,0.14162676364602733,0.5735162937918511,FALSE,FALSE
2000-12-27,Ross,1.059364525,-0.12115569840511764,0.12115569840511764,0.5735162937918511,FALSE,FALSE
2000-12-28,Ross,1.00902035,-0.09684107808458409,0.09684107808458409,0.5735162937918511,FALSE,FALSE
2000-12-29,Ross,0.971351448,-0.06526909338036846,0.06526909338036846,0.5735162937918511,FALSE,FALSE
2000-12-30,Ross,0.908117883,-0.0648546229884166,0.0648546229884166,0.5735162937918511,FALSE,FALSE
2000-12-31,Ross,0.861207589,-0.05388467560467547,0.05388467560467547,0.5735162937918511,FALSE,FALSE
2001-01-01,Ross,0.824996859,-0.0900954056046751,0.0900954056046751,0.5735162937918511,FALSE,FALSE
2001-01-02,Ross,0.786998907,-0.07605120918517216,0.07605120918517216,0.5735162937918511,FALSE,FALSE
2001-01-03,Ross,0.742838148,-0.07365963672627096,0.07365963672627096,0.5735162937918511,FALSE,FALSE
2001-01-04,Ross,0.718823741,-0.05615860948441931,0.05615860948441931,0.5735162937918511,FALSE,FALSE
2001-01-05,Ross,0.685754001,-0.05229689271605486,0.05229689271605486,0.5735162937918511,FALSE,FALSE
2001-01-06,Ross,0.643474985,-0.06177550967762901,0.06177550967762901,0.5735162937918511,FALSE,FALSE
2001-01-07,Ross,0.626895627,-0.04923260662558559,0.04923260662558559,0.5735162937918511,FALSE,FALSE
2001-01-08,Ross,0.600496076,-0.04973511481636772,0.04973511481636772,0.5735162937918511,FALSE,FALSE
2001-01-09,Ross,0.587576736,-0.03952971050642095,0.03952971050642095,0.5735162937918511,FALSE,FALSE
2001-01-10,Ross,0.580854955,-0.0254461259521922,0.0254461259521922,0.5735162937918511,FALSE,FALSE
2001-01-11,Ross,0.564844839,-0.02251733541012512,0.02251733541012512,0.5735162937918511,FALSE,FALSE
2001-01-12,Ross,0.550685452,-0.01915135513666432,0.01915135513666432,0.5735162937918511,FALSE,FALSE
2001-01-13,Ross,0.558040326,0.00476826661174445,0.00476826661174445,0.5735162937918511,FALSE,FALSE
2001-01-14,Ross,0.553708982,0.01648820372502202,0.01648820372502202,0.5735162937918511,FALSE,FALSE
2001-01-15,Ross,0.559804601,0.03836184748486004,0.03836184748486004,0.5735162937918511,FALSE,FALSE
2001-01-16,Ross,0.563487502,0.05753047239416631,0.05753047239416631,0.5735162937918511,FALSE,FALSE
2001-01-17,Ross,0.540653207,0.04985415980312535,0.04985415980312535,0.5735162937918511,FALSE,FALSE
2001-01-18,Ross,0.521551468,0.04554722106192216,0.04554722106192216,0.5735162937918511,FALSE,FALSE
2001-01-19,Ross,0.498751331,0.0371432615207406,0.0371432615207406,0.5735162937918511,FALSE,FALSE
2001-01-20,Ross,0.47478705,0.02714109452976587,0.02714109452976587,0.5735162937918511,FALSE,FALSE
2001-01-21,Ross,0.459421671,0.02526832543918228,0.02526832543918228,0.5735162937918511,FALSE,FALSE
2001-01-22,Ross,0.443421814,0.02225613359917472,0.02225613359917472,0.5735162937918511,FALSE,FALSE
2001-01-23,Ross,0.441590638,0.03287223735992617,0.03287223735992617,0.5735162937918511,FALSE,FALSE
2001-01-24,Ross,0.442764752,0.04591780507162202,0.04591780507162202,0.5735162937918511,FALSE,FALSE
2001-01-25,Ross,0.439484169,0.05389740908444729,0.05389740908444729,0.5735162937918511,FALSE,FALSE
2001-01-26,Ross,0.428855475,0.05388219474858652,0.05388219474858652,0.5735162937918511,FALSE,FALSE
2001-01-27,Ross,0.402775526,0.03774076238559204,0.03774076238559204,0.5735162937918511,FALSE,FALSE
2001-01-28,Ross,0.37294466,0.01719383268548341,0.01719383268548341,0.5735162937918511,FALSE,FALSE
2001-01-29,Ross,0.361939501,0.0148585805695463,0.0148585805695463,0.5735162937918511,FALSE,FALSE
2001-01-30,Ross,0.350287458,0.01130303092733653,0.01130303092733653,0.5735162937918511,FALSE,FALSE
2001-01-31,Ross,0.336665955,0.00524522364841323,0.00524522364841323,0.5735162937918511,FALSE,FALSE
2001-02-01,Ross,0.320524918,-0.00382429937766592,0.00382429937766592,0.5735162937918511,FALSE,FALSE
2001-02-02,Ross,0.297085701,-0.02064356826134417,0.02064356826134417,0.5735162937918511,FALSE,FALSE
2001-02-03,Ross,0.276049804,-0.03547046711306201,0.03547046711306201,0.5735162937918511,FALSE,FALSE
2001-02-04,Ross,0.264368015,-0.04131359204326174,0.04131359204326174,0.5735162937918511,FALSE,FALSE
2001-02-05,Ross,0.257640802,-0.04253185916238589,0.04253185916238589,0.5735162937918511,FALSE,FALSE
2001-02-06,Ross,0.261410168,-0.03354264958087649,0.03354264958087649,0.5735162937918511,FALSE,FALSE
2001-02-07,Ross,0.253325555,-0.03665590540917451,0.03665590540917451,0.5735162937918511,FALSE,FALSE
2001-02-08,Ross,0.247099574,-0.03811854993106156,0.03811854993106156,0.5735162937918511,FALSE,FALSE
2001-02-09,Ross,0.242722584,-0.0379195848134212,0.0379195848134212,0.5735162937918511,FALSE,FALSE
2001-02-10,Ross,0.258786612,-0.01748577363737569,0.01748577363737569,0.5735162937918511,FALSE,FALSE
2001-02-11,Ross,0.27493431,0.00280208307515145,0.00280208307515145,0.5735162937918511,FALSE,FALSE
2001-02-12,Ross,0.279274355,0.01102920980223742,0.01102920980223742,0.5735162937918511,FALSE,FALSE
2001-02-13,Ross,0.277395187,0.01276059402195678,0.01276059402195678,0.5735162937918511,FALSE,FALSE
2001-02-14,Ross,0.257653689,-0.00367033378761139,0.00367033378761139,0.5735162937918511,FALSE,FALSE
2001-02-15,Ross,0.247240419,-0.01109646814839143,0.01109646814839143,0.5735162937918511,FALSE,FALSE
2001-02-16,Ross,0.246088557,-0.00960808158230966,0.00960808158230966,0.5735162937918511,FALSE,FALSE
2001-02-17,Ross,0.247976456,-0.00545027361128591,0.00545027361128591,0.5735162937918511,FALSE,FALSE
2001-02-18,Ross,0.241703973,-0.00984663975724639,0.00984663975724639,0.5735162937918511,FALSE,FALSE
2001-02-19,Ross,0.225495057,-0.0245966835421138,0.0245966835421138,0.5735162937918511,FALSE,FALSE
2001-02-20,Ross,0.216704921,-0.03236864448781196,0.03236864448781196,0.5735162937918511,FALSE,FALSE
2001-02-21,Ross,0.215495233,-0.03302257828144231,0.03302257828144231,0.5735162937918511,FALSE,FALSE
2001-02-22,Ross,0.203045685,-0.04537955685089415,0.04537955685089415,0.5735162937918511,FALSE,FALSE
2001-02-23,Ross,0.20874127,-0.04004140777757348,0.04004140777757348,0.5735162937918511,FALSE,FALSE
2001-02-24,Ross,0.212492439,-0.03708424858941009,0.03708424858941009,0.5735162937918511,FALSE,FALSE
2001-02-25,Ross,0.218176307,-0.03261753281433072,0.03261753281433072,0.5735162937918511,FALSE,FALSE
2001-02-26,Ross,0.223194458,-0.02922624498026413,0.02922624498026413,0.5735162937918511,FALSE,FALSE
2001-02-27,Ross,0.24376655,-0.01067729561513633,0.01067729561513633,0.5735162937918511,FALSE,FALSE
2001-02-28,Ross,0.253111005,-0.00373883124687562,0.00373883124687562,0.5735162937918511,FALSE,FALSE
2001-03-01,Ross,0.257483283,-0.00214196040341024,0.00214196040341024,0.5735162937918511,FALSE,FALSE
2001-03-02,Ross,0.258695572,-0.00406106361266694,0.00406106361266694,0.5735162937918511,FALSE,FALSE
2001-03-03,Ross,0.248690669,-0.01753991240257471,0.01753991240257471,0.5735162937918511,FALSE,FALSE
2001-03-04,Ross,0.258066692,-0.0119669573010599,0.0119669573010599,0.5735162937918511,FALSE,FALSE
2001-03-05,Ross,0.258106021,-0.01604638803836627,0.01604638803836627,0.5735162937918511,FALSE,FALSE
2001-03-06,Ross,0.25447181,-0.02410609281051667,0.02410609281051667,0.5735162937918511,FALSE,FALSE
2001-03-07,Ross,0.250151372,-0.03316436146322527,0.03316436146322527,0.5735162937918511,FALSE,FALSE
2001-03-08,Ross,0.250824281,-0.03755018099080232,0.03755018099080232,0.5735162937918511,FALSE,FALSE
2001-03-09,Ross,0.254564861,-0.03919778838755361,0.03919778838755361,0.5735162937918511,FALSE,FALSE
2001-03-10,Ross,0.26640555,-0.03308330664778697,0.03308330664778697,0.5735162937918511,FALSE,FALSE
2001-03-11,Ross,0.2806646,-0.02489704476581,0.02489704476581,0.5735162937918511,FALSE,FALSE
2001-03-12,Ross,0.28424286,-0.02774671473593099,0.02774671473593099,0.5735162937918511,FALSE,FALSE
2001-03-13,Ross,0.26799668,-0.05078452755245627,0.05078452755245627,0.5735162937918511,FALSE,FALSE
2001-03-14,Ross,0.261797967,-0.06414713720969123,0.06414713720969123,0.5735162937918511,FALSE,FALSE
2001-03-15,Ross,0.289631806,-0.0438580197019483,0.0438580197019483,0.5735162937918511,FALSE,FALSE
2001-03-16,Ross,0.309410888,-0.03201304502353036,0.03201304502353036,0.5735162937918511,FALSE,FALSE
2001-03-17,Ross,0.317348302,-0.03240768516874837,0.03240768516874837,0.5735162937918511,FALSE,FALSE
2001-03-18,Ross,0.319710043,-0.03878434565721828,0.03878434565721828,0.5735162937918511,FALSE,FALSE
2001-03-19,Ross,0.317808017,-0.04983551317664003,0.04983551317664003,0.5735162937918511,FALSE,FALSE
2001-03-20,Ross,0.309691651,-0.06751196118894648,0.06751196118894648,0.5735162937918511,FALSE,FALSE
2001-03-21,Ross,0.305387186,-0.0817874517792258,0.0817874517792258,0.5735162937918511,FALSE,FALSE
2001-03-22,Ross,0.319638081,-0.07791852903256358,0.07791852903256358,0.5735162937918511,FALSE,FALSE
2001-03-23,Ross,0.319504881,-0.08884465103404798,0.08884465103404798,0.5735162937918511,FALSE,FALSE
2001-03-24,Ross,0.334292556,-0.08526085086876817,0.08526085086876817,0.5735162937918511,FALSE,FALSE
2001-03-25,Ross,0.362484514,-0.06868372362180691,0.06868372362180691,0.5735162937918511,FALSE,FALSE
2001-03-26,Ross,0.393889721,-0.04930430637825567,0.04930430637825567,0.5735162937918511,FALSE,FALSE
2001-03-27,Ross,0.4074554,-0.04817537922319825,0.04817537922319825,0.5735162937918511,FALSE,FALSE
2001-03-28,Ross,0.411850231,-0.05662826524172615,0.05662826524172615,0.5735162937918511,FALSE,FALSE
2001-03-29,Ross,0.404386067,-0.07735111451892246,0.07735111451892246,0.5735162937918511,FALSE,FALSE
2001-03-30,Ross,0.393236122,-0.1021707161398765,0.1021707161398765,0.5735162937918511,FALSE,FALSE
2001-03-31,Ross,0.404069577,-0.10541917619165908,0.10541917619165908,0.5735162937918511,FALSE,FALSE
2001-04-01,Ross,0.407562907,-0.11642832515885436,0.11642832515885436,0.5735162937918511,FALSE,FALSE
2001-04-02,Ross,0.421722227,-0.11720273947875788,0.11720273947875788,0.5735162937918511,FALSE,FALSE
2001-04-03,Ross,0.424114228,-0.13018642156112636,0.13018642156112636,0.5735162937918511,FALSE,FALSE
2001-04-04,Ross,0.391215882,-0.178913092815722,0.178913092815722,0.5735162937918511,FALSE,FALSE
2001-04-05,Ross,0.387502127,-0.19891850865230265,0.19891850865230265,0.5735162937918511,FALSE,FALSE
2001-04-06,Ross,0.419033362,-0.1841529634806251,0.1841529634806251,0.5735162937918511,FALSE,FALSE
2001-04-07,Ross,0.473338623,-0.1470981147104528,0.1470981147104528,0.5735162937918511,FALSE,FALSE
2001-04-08,Ross,0.510118944,-0.12806362175154207,0.12806362175154207,0.5735162937918511,FALSE,FALSE
2001-04-09,Ross,0.569973609,-0.08646089401365209,0.08646089401365209,0.5735162937918511,FALSE,FALSE
2001-04-10,Ross,0.615975709,-0.05922753390654456,0.05922753390654456,0.5735162937918511,FALSE,FALSE
2001-04-11,Ross,0.633057403,-0.06144207583997663,0.06144207583997663,0.5735162937918511,FALSE,FALSE
2001-04-12,Ross,0.639642177,-0.07469142737534085,0.07469142737534085,0.5735162937918511,FALSE,FALSE
2001-04-13,Ross,0.654154738,-0.08053990481104312,0.08053990481104312,0.5735162937918511,FALSE,FALSE
2001-04-14,Ross,0.690999206,-0.06453718275861997,0.06453718275861997,0.5735162937918511,FALSE,FALSE
2001-04-15,Ross,0.708043189,-0.06876615731255897,0.06876615731255897,0.5735162937918511,FALSE,FALSE
2001-04-16,Ross,0.733851169,-0.06461285056734889,0.06461285056734889,0.5735162937918511,FALSE,FALSE
2001-04-17,Ross,0.782878282,-0.03757263061747595,0.03757263061747595,0.5735162937918511,FALSE,FALSE
2001-04-18,Ross,0.843475784,7.55254442571518e-4,7.55254442571518e-4,0.5735162937918511,FALSE,FALSE
2001-04-19,Ross,0.896164883,0.03094150851830679,0.03094150851830679,0.5735162937918511,FALSE,FALSE
2001-04-20,Ross,0.934302668,0.04639271651524013,0.04639271651524013,0.5735162937918511,FALSE,FALSE
2001-04-21,Ross,0.955121676,0.04439091133888784,0.04439091133888784,0.5735162937918511,FALSE,FALSE
2001-04-22,Ross,0.979545961,0.0459096428947614,0.0459096428947614,0.5735162937918511,FALSE,FALSE
2001-04-23,Ross,0.99132678,0.0347496640883711,0.0347496640883711,0.5735162937918511,FALSE,FALSE
2001-04-24,Ross,1.007870787,0.02836712482523251,0.02836712482523251,0.5735162937918511,FALSE,FALSE
2001-04-25,Ross,1.030996913,0.02862035550418173,0.02862035550418173,0.5735162937918511,FALSE,FALSE
2001-04-26,Ross,1.032789293,0.00753699933076501,0.00753699933076501,0.5735162937918511,FALSE,FALSE
2001-04-27,Ross,1.021978586,-0.02626176652369838,0.02626176652369838,0.5735162937918511,FALSE,FALSE
2001-04-28,Ross,1.00785295,-0.06359782407937375,0.06359782407937375,0.5735162937918511,FALSE,FALSE
2001-04-29,Ross,1.023706742,-0.0712868563564324,0.0712868563564324,0.5735162937918511,FALSE,FALSE
2001-04-30,Ross,1.04920548,-0.06977338537504507,0.06977338537504507,0.5735162937918511,FALSE,FALSE
2001-05-01,Ross,1.08340508,-0.06011153515538359,0.06011153515538359,0.5735162937918511,FALSE,FALSE
2001-05-02,Ross,1.114358979,-0.0543579087176147,0.0543579087176147,0.5735162937918511,FALSE,FALSE
2001-05-03,Ross,1.130210593,-0.06447913008190898,0.06447913008190898,0.5735162937918511,FALSE,FALSE
2001-05-04,Ross,1.171112281,-0.05043288026843773,0.05043288026843773,0.5735162937918511,FALSE,FALSE
2001-05-05,Ross,1.200820597,-0.04857264529737026,0.04857264529737026,0.5735162937918511,FALSE,FALSE
2001-05-06,Ross,1.212149168,-0.06619483818887573,0.06619483818887573,0.5735162937918511,FALSE,FALSE
2001-05-07,Ross,1.214808892,-0.0936985120913465,0.0936985120913465,0.5735162937918511,FALSE,FALSE
2001-05-08,Ross,1.22534918,-0.1145946597470522,0.1145946597470522,0.5735162937918511,FALSE,FALSE
2001-05-09,Ross,1.246086161,-0.1264956868398215,0.1264956868398215,0.5735162937918511,FALSE,FALSE
2001-05-10,Ross,1.296002984,-0.11032528184150524,0.11032528184150524,0.5735162937918511,FALSE,FALSE
2001-05-11,Ross,1.337291185,-0.10379874622395135,0.10379874622395135,0.5735162937918511,FALSE,FALSE
2001-05-12,Ross,1.387880728,-0.0888929534590075,0.0888929534590075,0.5735162937918511,FALSE,FALSE
2001-05-13,Ross,1.448763699,-0.06452265501852716,0.06452265501852716,0.5735162937918511,FALSE,FALSE
2001-05-14,Ross,1.500891104,-0.04964368237435579,0.04964368237435579,0.5735162937918511,FALSE,FALSE
2001-05-15,Ross,1.532489954,-0.05593586199834366,0.05593586199834366,0.5735162937918511,FALSE,FALSE
2001-05-16,Ross,1.579862476,-0.04700380436234219,0.04700380436234219,0.5735162937918511,FALSE,FALSE
2001-05-17,Ross,1.628231167,-0.03753184993819691,0.03753184993819691,0.5735162937918511,FALSE,FALSE
2001-05-18,Ross,1.693865259,-0.01115760419776124,0.01115760419776124,0.5735162937918511,FALSE,FALSE
2001-05-19,Ross,1.781603706,0.03705104938711678,0.03705104938711678,0.5735162937918511,FALSE,FALSE
2001-05-20,Ross,1.827200491,0.04293821179403756,0.04293821179403756,0.5735162937918511,FALSE,FALSE
2001-05-21,Ross,1.900419807,0.07630263912936242,0.07630263912936242,0.5735162937918511,FALSE,FALSE
2001-05-22,Ross,1.952107281,0.08797598410909502,0.08797598410909502,0.5735162937918511,FALSE,FALSE
2001-05-23,Ross,2.007739189,0.10341891542249382,0.10341891542249382,0.5735162937918511,FALSE,FALSE
2001-05-24,Ross,2.077032969,0.13233326375881793,0.13233326375881793,0.5735162937918511,FALSE,FALSE
2001-05-25,Ross,2.137171076,0.15188587680732923,0.15188587680732923,0.5735162937918511,FALSE,FALSE
2001-05-26,Ross,2.130306375,0.104214012257287,0.104214012257287,0.5735162937918511,FALSE,FALSE
2001-05-27,Ross,2.098266171,0.03112936779794939,0.03112936779794939,0.5735162937918511,FALSE,FALSE
2001-05-28,Ross,2.12372267,0.01528854211857444,0.01528854211857444,0.5735162937918511,FALSE,FALSE
2001-05-29,Ross,2.208483294,0.05848334990842252,0.05848334990842252,0.5735162937918511,FALSE,FALSE
2001-05-30,Ross,2.266574078,0.07472421885675384,0.07472421885675384,0.5735162937918511,FALSE,FALSE
2001-05-31,Ross,2.30504926,0.07104977965282622,0.07104977965282622,0.5735162937918511,FALSE,FALSE
2001-06-01,Ross,2.330315554,0.05385113898589999,0.05385113898589999,0.5735162937918511,FALSE,FALSE
2001-06-02,Ross,2.361705982,0.04245036995030782,0.04245036995030782,0.5735162937918511,FALSE,FALSE
2001-06-03,Ross,2.41041776,0.04805440558325369,0.04805440558325369,0.5735162937918511,FALSE,FALSE
2001-06-04,Ross,2.433283917,0.02751172070762653,0.02751172070762653,0.5735162937918511,FALSE,FALSE
2001-06-05,Ross,2.437966288,-0.01150040364147209,0.01150040364147209,0.5735162937918511,FALSE,FALSE
2001-06-06,Ross,2.464010973,-0.02942042142894507,0.02942042142894507,0.5735162937918511,FALSE,FALSE
2001-06-07,Ross,2.509580469,-0.02807038961969743,0.02807038961969743,0.5735162937918511,FALSE,FALSE
2001-06-08,Ross,2.500394669,-0.08171496917862475,0.08171496917862475,0.5735162937918511,FALSE,FALSE
2001-06-09,Ross,2.508507886,-0.11828440107063054,0.11828440107063054,0.5735162937918511,FALSE,FALSE
2001-06-10,Ross,2.532084524,-0.13959883526061967,0.13959883526061967,0.5735162937918511,FALSE,FALSE
2001-06-11,Ross,2.571318129,-0.14544927971349075,0.14544927971349075,0.5735162937918511,FALSE,FALSE
2001-06-12,Ross,2.616935649,-0.14509334039414412,0.14509334039414412,0.5735162937918511,FALSE,FALSE
2001-06-13,Ross,2.700684615,-0.10676804026748288,0.10676804026748288,0.5735162937918511,FALSE,FALSE
2001-06-14,Ross,2.793313105,-0.05970923174458997,0.05970923174458997,0.5735162937918511,FALSE,FALSE
2001-06-15,Ross,2.847470818,-0.05122365739813706,0.05122365739813706,0.5735162937918511,FALSE,FALSE
2001-06-16,Ross,2.873309349,-0.07107845308350935,0.07107845308350935,0.5735162937918511,FALSE,FALSE
2001-06-17,Ross,2.904561853,-0.0854564624503169,0.0854564624503169,0.5735162937918511,FALSE,FALSE
2001-06-18,Ross,2.919516018,-0.11598599614818594,0.11598599614818594,0.5735162937918511,FALSE,FALSE
2001-06-19,Ross,2.987188523,-0.09356637382672206,0.09356637382672206,0.5735162937918511,FALSE,FALSE
2001-06-20,Ross,3.028156969,-0.0975359931355464,0.0975359931355464,0.5735162937918511,FALSE,FALSE
2001-06-21,Ross,3.102041321,-0.06819088772427362,0.06819088772427362,0.5735162937918511,FALSE,FALSE
2001-06-22,Ross,3.144724272,-0.06956436324252158,0.06956436324252158,0.5735162937918511,FALSE,FALSE
2001-06-23,Ross,3.164198986,-0.09357925433990344,0.09357925433990344,0.5735162937918511,FALSE,FALSE
2001-06-24,Ross,3.129662917,-0.1709541056660373,0.1709541056660373,0.5735162937918511,FALSE,FALSE
2001-06-25,Ross,3.098120192,-0.24460078887053704,0.24460078887053704,0.5735162937918511,FALSE,FALSE
2001-06-26,Ross,3.136970025,-0.2470360886030192,0.2470360886030192,0.5735162937918511,FALSE,FALSE
2001-06-27,Ross,3.154104003,-0.2702994749748586,0.2702994749748586,0.5735162937918511,FALSE,FALSE
2001-06-28,Ross,3.199463302,-0.2644946184435297,0.2644946184435297,0.5735162937918511,FALSE,FALSE
2001-06-29,Ross,3.243014419,-0.2597518632915965,0.2597518632915965,0.5735162937918511,FALSE,FALSE
2001-06-30,Ross,3.278364029,-0.26256164313357067,0.26256164313357067,0.5735162937918511,FALSE,FALSE
2001-07-01,Ross,3.344036585,-0.2344966135839579,0.2344966135839579,0.5735162937918511,FALSE,FALSE
2001-07-02,Ross,3.420974824,-0.1947111462572666,0.1947111462572666,0.5735162937918511,FALSE,FALSE
2001-07-03,Ross,3.449315975,-0.20316512076801052,0.20316512076801052,0.5735162937918511,FALSE,FALSE
2001-07-04,Ross,3.478599098,-0.21041658573069455,0.21041658573069455,0.5735162937918511,FALSE,FALSE
2001-07-05,Ross,3.461231533,-0.2641553097598286,0.2641553097598286,0.5735162937918511,FALSE,FALSE
2001-07-06,Ross,3.447360337,-0.31433134446992117,0.31433134446992117,0.5735162937918511,FALSE,FALSE
2001-07-07,Ross,3.514635505,-0.2833918034754772,0.2833918034754772,0.5735162937918511,FALSE,FALSE
2001-07-08,Ross,3.584841842,-0.24964899039101596,0.24964899039101596,0.5735162937918511,FALSE,FALSE
2001-07-09,Ross,3.612341388,-0.2588376663616061,0.2588376663616061,0.5735162937918511,FALSE,FALSE
2001-07-10,Ross,3.62820487,-0.27992410415197133,0.27992410415197133,0.5735162937918511,FALSE,FALSE
2001-07-11,Ross,3.617404462,-0.32784225573400816,0.32784225573400816,0.5735162937918511,FALSE,FALSE
2001-07-12,Ross,3.590700159,-0.39172093272528086,0.39172093272528086,0.5735162937918511,FALSE,FALSE
2001-07-13,Ross,3.588221141,-0.4313197617433495,0.4313197617433495,0.5735162937918511,FALSE,FALSE
2001-07-14,Ross,3.661203052,-0.3952919054057742,0.3952919054057742,0.5735162937918511,FALSE,FALSE
2001-07-15,Ross,3.692766716,-0.40040534633012337,0.40040534633012337,0.5735162937918511,FALSE,FALSE
2001-07-16,Ross,3.783033391,-0.34642763313395175,0.34642763313395175,0.5735162937918511,FALSE,FALSE
2001-07-17,Ross,3.851138992,-0.3141116574348324,0.3141116574348324,0.5735162937918511,FALSE,FALSE
2001-07-18,Ross,3.839557029,-0.36087271585032,0.36087271585032,0.5735162937918511,FALSE,FALSE
2001-07-19,Ross,3.813096579,-0.4217905379979805,0.4217905379979805,0.5735162937918511,FALSE,FALSE
2001-07-20,Ross,3.787901602,-0.4806099704953777,0.4806099704953777,0.5735162937918511,FALSE,FALSE
2001-07-21,Ross,3.813872105,-0.4873198129600689,0.4873198129600689,0.5735162937918511,FALSE,FALSE
2001-07-22,Ross,3.849872857,-0.4829530268217179,0.4829530268217179,0.5735162937918511,FALSE,FALSE
2001-07-23,Ross,3.876644695,-0.48678967462078626,0.48678967462078626,0.5735162937918511,FALSE,FALSE
2001-07-24,Ross,3.9469048,-0.4462232577506833,0.4462232577506833,0.5735162937918511,FALSE,FALSE
2001-07-25,Ross,4.023096079,-0.3989235882292688,0.3989235882292688,0.5735162937918511,FALSE,FALSE
2001-07-26,Ross,4.074760299,-0.3754616180744135,0.3754616180744135,0.5735162937918511,FALSE,FALSE
2001-07-27,Ross,4.094208515,-0.38363901130398936,0.38363901130398936,0.5735162937918511,FALSE,FALSE
2001-07-28,Ross,4.082784236,-0.42222497793585934,0.42222497793585934,0.5735162937918511,FALSE,FALSE
2001-07-29,Ross,4.008546371,-0.5232733279878872,0.5232733279878872,0.5735162937918511,FALSE,FALSE
2001-07-30,Ross,4.020193035,-0.538198665477946,0.538198665477946,0.5735162937918511,FALSE,FALSE
2001-07-31,Ross,4.013666724,-0.5711712134238995,0.5711712134238995,0.5735162937918511,FALSE,FALSE
2001-08-01,Ross,4.106113839,-0.5051572898436216,0.5051572898436216,0.5735162937918511,FALSE,FALSE
2001-08-02,Ross,4.197259126,-0.4405448677549728,0.4405448677549728,0.5735162937918511,FALSE,FALSE
2001-08-03,Ross,4.276012528,-0.3885367215779496,0.3885367215779496,0.5735162937918511,FALSE,FALSE
2001-08-04,Ross,4.314153033,-0.3774234445917859,0.3774234445917859,0.5735162937918511,FALSE,FALSE
2001-08-05,Ross,4.327386786,-0.3914128643533408,0.3914128643533408,0.5735162937918511,FALSE,FALSE
2001-08-06,Ross,4.349745009,-0.3963526549428922,0.3963526549428922,0.5735162937918511,FALSE,FALSE
2001-08-07,Ross,4.351442531,-0.4219068834407187,0.4219068834407187,0.5735162937918511,FALSE,FALSE
2001-08-08,Ross,4.391144876,-0.4092889219270868,0.4092889219270868,0.5735162937918511,FALSE,FALSE
2001-08-09,Ross,4.394656865,-0.43257284548227304,0.43257284548227304,0.5735162937918511,FALSE,FALSE
2001-08-10,Ross,4.363497925,-0.4901181231865577,0.4901181231865577,0.5735162937918511,FALSE,FALSE
2001-08-11,Ross,4.364775071,-0.5146966361202052,0.5146966361202052,0.5735162937918511,FALSE,FALSE
2001-08-12,Ross,4.369370193,-0.5353053903634946,0.5353053903634946,0.5735162937918511,FALSE,FALSE
2001-08-13,Ross,4.424318537,-0.5047880359966941,0.5047880359966941,0.5735162937918511,FALSE,FALSE
2001-08-14,Ross,4.467178817,-0.4854647551000886,0.4854647551000886,0.5735162937918511,FALSE,FALSE
2001-08-15,Ross,4.549264308,-0.42590116875394113,0.42590116875394113,0.5735162937918511,FALSE,FALSE
2001-08-16,Ross,4.605485627,-0.3910695366737329,0.3910695366737329,0.5735162937918511,FALSE,FALSE
2001-08-17,Ross,4.646789206,-0.37002461740228654,0.37002461740228654,0.5735162937918511,FALSE,FALSE
2001-08-18,Ross,4.673248582,-0.3628294839888522,0.3628294839888522,0.5735162937918511,FALSE,FALSE
2001-08-19,Ross,4.699561408,-0.35493051482168436,0.35493051482168436,0.5735162937918511,FALSE,FALSE
2001-08-20,Ross,4.689707878,-0.3824915472890389,0.3824915472890389,0.5735162937918511,FALSE,FALSE
2001-08-21,Ross,4.715226953,-0.3741176517791658,0.3741176517791658,0.5735162937918511,FALSE,FALSE
2001-08-22,Ross,4.754502974,-0.3515685186803239,0.3515685186803239,0.5735162937918511,FALSE,FALSE
2001-08-23,Ross,4.790848601,-0.3316755193807639,0.3316755193807639,0.5735162937918511,FALSE,FALSE
2001-08-24,Ross,4.803958807,-0.3348877122687366,0.3348877122687366,0.5735162937918511,FALSE,FALSE
2001-08-25,Ross,4.822391986,-0.33279073473250254,0.33279073473250254,0.5735162937918511,FALSE,FALSE
2001-08-26,Ross,4.834518534,-0.33715822216030933,0.33715822216030933,0.5735162937918511,FALSE,FALSE
2001-08-27,Ross,4.878363097,-0.3101095599404138,0.3101095599404138,0.5735162937918511,FALSE,FALSE
2001-08-28,Ross,4.890819173,-0.3148952814610695,0.3148952814610695,0.5735162937918511,FALSE,FALSE
2001-08-29,Ross,4.878601231,-0.3449176703147474,0.3449176703147474,0.5735162937918511,FALSE,FALSE
2001-08-30,Ross,4.889797429,-0.35203952886592216,0.35203952886592216,0.5735162937918511,FALSE,FALSE
2001-08-31,Ross,4.877930419,-0.3826268720574726,0.3826268720574726,0.5735162937918511,FALSE,FALSE
2001-09-01,Ross,4.933865274,-0.3457031820983385,0.3457031820983385,0.5735162937918511,FALSE,FALSE
2001-09-02,Ross,4.97943285,-0.3193261581974607,0.3193261581974607,0.5735162937918511,FALSE,FALSE
2001-09-03,Ross,5.034389005,-0.2836284975637753,0.2836284975637753,0.5735162937918511,FALSE,FALSE
2001-09-04,Ross,5.06276688,-0.2744656144062203,0.2744656144062203,0.5735162937918511,FALSE,FALSE
2001-09-05,Ross,5.052787348,-0.3035051909337332,0.3035051909337332,0.5735162937918511,FALSE,FALSE
2001-09-06,Ross,5.068959785,-0.30612640635525334,0.30612640635525334,0.5735162937918511,FALSE,FALSE
2001-09-07,Ross,5.055186133,-0.33831587387971673,0.33831587387971673,0.5735162937918511,FALSE,FALSE
2001-09-08,Ross,5.054503085,-0.35692545571605994,0.35692545571605994,0.5735162937918511,FALSE,FALSE
2001-09-09,Ross,5.115618716,-0.3131356320732266,0.3131356320732266,0.5735162937918511,FALSE,FALSE
2001-09-10,Ross,5.178101837,-0.2672666097613199,0.2672666097613199,0.5735162937918511,FALSE,FALSE
2001-09-11,Ross,5.192451852,-0.2687519180787197,0.2687519180787197,0.5735162937918511,FALSE,FALSE
2001-09-12,Ross,5.20475403,-0.27151869114553584,0.27151869114553584,0.5735162937918511,FALSE,FALSE
2001-09-13,Ross,5.18642811,-0.30416796056130124,0.30416796056130124,0.5735162937918511,FALSE,FALSE
2001-09-14,Ross,5.143796764,-0.3603978249255349,0.3603978249255349,0.5735162937918511,FALSE,FALSE
2001-09-15,Ross,5.130783367,-0.3863056798377702,0.3863056798377702,0.5735162937918511,FALSE,FALSE
2001-09-16,Ross,5.104358986,-0.42494122889752983,0.42494122889752983,0.5735162937918511,FALSE,FALSE
2001-09-17,Ross,5.061067694,-0.4797811697043404,0.4797811697043404,0.5735162937918511,FALSE,FALSE
2001-09-18,Ross,5.077089286,-0.4746664778577312,0.4746664778577312,0.5735162937918511,FALSE,FALSE
2001-09-19,Ross,5.121619031,-0.4404226549572252,0.4404226549572252,0.5735162937918511,FALSE,FALSE
2001-09-20,Ross,5.138788744,-0.4329386566023521,0.4329386566023521,0.5735162937918511,FALSE,FALSE
2001-09-21,Ross,5.187399598,-0.3934340803926366,0.3934340803926366,0.5735162937918511,FALSE,FALSE
2001-09-22,Ross,5.227709866,-0.361671423927608,0.361671423927608,0.5735162937918511,FALSE,FALSE
2001-09-23,Ross,5.265012139,-0.3323770570679807,0.3323770570679807,0.5735162937918511,FALSE,FALSE
2001-09-24,Ross,5.265120258,-0.33973672438460856,0.33973672438460856,0.5735162937918511,FALSE,FALSE
2001-09-25,Ross,5.259031439,-0.35274104209964996,0.35274104209964996,0.5735162937918511,FALSE,FALSE
2001-09-26,Ross,5.21227299,-0.4058503695228257,0.4058503695228257,0.5735162937918511,FALSE,FALSE
2001-09-27,Ross,5.215585427,-0.4083118579638567,0.4083118579638567,0.5735162937918511,FALSE,FALSE
2001-09-28,Ross,5.273798634,-0.35528329073246034,0.35528329073246034,0.5735162937918511,FALSE,FALSE
2001-09-29,Ross,5.311800849,-0.32186409713835484,0.32186409713835484,0.5735162937918511,FALSE,FALSE
2001-09-30,Ross,5.341868845,-0.2957651714912588,0.2957651714912588,0.5735162937918511,FALSE,FALSE
2001-10-01,Ross,5.37811782,-0.26285898310089006,0.26285898310089006,0.5735162937918511,FALSE,FALSE
2001-10-02,Ross,5.42516772,-0.2185132532769689,0.2185132532769689,0.5735162937918511,FALSE,FALSE
2001-10-03,Ross,5.430417322,-0.21531687232921204,0.21531687232921204,0.5735162937918511,FALSE,FALSE
2001-10-04,Ross,5.442672671,-0.2044514625673397,0.2044514625673397,0.5735162937918511,FALSE,FALSE
2001-10-05,Ross,5.473324814,-0.17451363718217472,0.17451363718217472,0.5735162937918511,FALSE,FALSE
2001-10-06,Ross,5.467114836,-0.18074136013816663,0.18074136013816663,0.5735162937918511,FALSE,FALSE
2001-10-07,Ross,5.467190379,-0.1799407080528841,0.1799407080528841,0.5735162937918511,FALSE,FALSE
2001-10-08,Ross,5.483480018,-0.16213219040689264,0.16213219040689264,0.5735162937918511,FALSE,FALSE
2001-10-09,Ross,5.491713981,-0.15153466368074753,0.15153466368074753,0.5735162937918511,FALSE,FALSE
2001-10-10,Ross,5.509939397,-0.13005008335501245,0.13005008335501245,0.5735162937918511,FALSE,FALSE
2001-10-11,Ross,5.536259548,-0.09952425191024794,0.09952425191024794,0.5735162937918511,FALSE,FALSE
2001-10-12,Ross,5.513997633,-0.1165830548270126,0.1165830548270126,0.5735162937918511,FALSE,FALSE
2001-10-13,Ross,5.516422504,-0.10790672458586936,0.10790672458586936,0.5735162937918511,FALSE,FALSE
2001-10-14,Ross,5.565277806,-0.05170070066737686,0.05170070066737686,0.5735162937918511,FALSE,FALSE
2001-10-15,Ross,5.598236882,-0.01024072455209612,0.01024072455209612,0.5735162937918511,FALSE,FALSE
2001-10-16,Ross,5.613817852,0.01504223927940895,0.01504223927940895,0.5735162937918511,FALSE,FALSE
2001-10-17,Ross,5.665973351,0.07815174134658065,0.07815174134658065,0.5735162937918511,FALSE,FALSE
2001-10-18,Ross,5.667569881,0.09200136394129732,0.09200136394129732,0.5735162937918511,FALSE,FALSE
2001-10-19,Ross,5.658409944,0.09635923025835336,0.09635923025835336,0.5735162937918511,FALSE,FALSE
2001-10-20,Ross,5.661903269,0.11452281435030098,0.11452281435030098,0.5735162937918511,FALSE,FALSE
2001-10-21,Ross,5.678049226,0.1463761130876282,0.1463761130876282,0.5735162937918511,FALSE,FALSE
2001-10-22,Ross,5.667617156,0.1525730943408261,0.1525730943408261,0.5735162937918511,FALSE,FALSE
2001-10-23,Ross,5.676598857,0.17899018298038172,0.17899018298038172,0.5735162937918511,FALSE,FALSE
2001-10-24,Ross,5.648165167,0.16868284387678756,0.16868284387678756,0.5735162937918511,FALSE,FALSE
2001-10-25,Ross,5.64756684,0.18678645790053316,0.18678645790053316,0.5735162937918511,FALSE,FALSE
2001-10-26,Ross,5.669243266,0.2276250419221082,0.2276250419221082,0.5735162937918511,FALSE,FALSE
2001-10-27,Ross,5.671049449,0.24893822681200284,0.24893822681200284,0.5735162937918511,FALSE,FALSE
2001-10-28,Ross,5.641327648,0.23895289844070788,0.23895289844070788,0.5735162937918511,FALSE,FALSE
2001-10-29,Ross,5.573645935,0.19112175567871328,0.19112175567871328,0.5735162937918511,FALSE,FALSE
2001-10-30,Ross,5.525362348,0.16268746339650875,0.16268746339650875,0.5735162937918511,FALSE,FALSE
2001-10-31,Ross,5.464059834,0.12115767215024764,0.12115767215024764,0.5735162937918511,FALSE,FALSE
2001-11-01,Ross,5.403144129,0.08006008764524086,0.08006008764524086,0.5735162937918511,FALSE,FALSE
2001-11-02,Ross,5.353496224,0.05045826308228385,0.05045826308228385,0.5735162937918511,FALSE,FALSE
2001-11-03,Ross,5.354623209,0.0720418669510261,0.0720418669510261,0.5735162937918511,FALSE,FALSE
2001-11-04,Ross,5.344384086,0.08285247974111343,0.08285247974111343,0.5735162937918511,FALSE,FALSE
2001-11-05,Ross,5.327263301,0.08755712594219744,0.08755712594219744,0.5735162937918511,FALSE,FALSE
2001-11-06,Ross,5.336723575,0.11980110504392628,0.11980110504392628,0.5735162937918511,FALSE,FALSE
2001-11-07,Ross,5.308302225,0.1153043125359492,0.1153043125359492,0.5735162937918511,FALSE,FALSE
2001-11-08,Ross,5.250099951,0.08235002690791138,0.08235002690791138,0.5735162937918511,FALSE,FALSE
2001-11-09,Ross,5.215781508,0.07478558164946492,0.07478558164946492,0.5735162937918511,FALSE,FALSE
2001-11-10,Ross,5.188810266,0.07625692525025674,0.07625692525025674,0.5735162937918511,FALSE,FALSE
2001-11-11,Ross,5.161277687,0.07903809819993768,0.07903809819993768,0.5735162937918511,FALSE,FALSE
2001-11-12,Ross,5.129840961,0.07996738806978865,0.07996738806978865,0.5735162937918511,FALSE,FALSE
2001-11-13,Ross,5.144450557,0.12909443850800528,0.12909443850800528,0.5735162937918511,FALSE,FALSE
2001-11-14,Ross,5.08271727,0.10400607191514588,0.10400607191514588,0.5735162937918511,FALSE,FALSE
2001-11-15,Ross,5.092033773,0.15206083107269475,0.15206083107269475,0.5735162937918511,FALSE,FALSE
2001-11-16,Ross,5.090027772,0.1908522917621376,0.1908522917621376,0.5735162937918511,FALSE,FALSE
2001-11-17,Ross,5.084785206,0.2284322627649571,0.2284322627649571,0.5735162937918511,FALSE,FALSE
2001-11-18,Ross,5.058188501,0.2466490398626373,0.2466490398626373,0.5735162937918511,FALSE,FALSE
2001-11-19,Ross,5.019349052,0.2545798878366661,0.2545798878366661,0.5735162937918511,FALSE,FALSE
2001-11-20,Ross,4.998208172,0.2821319894685246,0.2821319894685246,0.5735162937918511,FALSE,FALSE
2001-11-21,Ross,4.986942405,0.3214477585397031,0.3214477585397031,0.5735162937918511,FALSE,FALSE
2001-11-22,Ross,4.970669388,0.3576107018316801,0.3576107018316801,0.5735162937918511,FALSE,FALSE
2001-11-23,Ross,4.951314965,0.3925125331259425,0.3925125331259425,0.5735162937918511,FALSE,FALSE
2001-11-24,Ross,4.930850405,0.428090391203976,0.428090391203976,0.5735162937918511,FALSE,FALSE
2001-11-25,Ross,4.863137166,0.4181966647456896,0.4181966647456896,0.5735162937918511,FALSE,FALSE
2001-11-26,Ross,4.81164149,0.42650048731110246,0.42650048731110246,0.5735162937918511,FALSE,FALSE
2001-11-27,Ross,4.729868088,0.4068160408858761,0.4068160408858761,0.5735162937918511,FALSE,FALSE
2001-11-28,Ross,4.641209034,0.3828456777329263,0.3828456777329263,0.5735162937918511,FALSE,FALSE
2001-11-29,Ross,4.628701639,0.4379369871151715,0.4379369871151715,0.5735162937918511,FALSE,FALSE
2001-11-30,Ross,4.577624222,0.4576785662955283,0.4576785662955283,0.5735162937918511,FALSE,FALSE
2001-12-01,Ross,4.528718756,0.48312266653690905,0.48312266653690905,0.5735162937918511,FALSE,FALSE
2001-12-02,Ross,4.435825595,0.468419920102233,0.468419920102233,0.5735162937918511,FALSE,FALSE
2001-12-03,Ross,4.318394682,0.4333305482544145,0.4333305482544145,0.5735162937918511,FALSE,FALSE
2001-12-04,Ross,4.284900967,0.48663977925636903,0.48663977925636903,0.5735162937918511,FALSE,FALSE
2001-12-05,Ross,4.170101768,0.46341520937101555,0.46341520937101555,0.5735162937918511,FALSE,FALSE
2001-12-06,Ross,3.989914117,0.3798841488612652,0.3798841488612652,0.5735162937918511,FALSE,FALSE
2001-12-07,Ross,3.941133042,0.4331510016667677,0.4331510016667677,0.5735162937918511,FALSE,FALSE
2001-12-08,Ross,3.866568456,0.46605494670989733,0.46605494670989733,0.5735162937918511,FALSE,FALSE
2001-12-09,Ross,3.73625815,0.44798751840178985,0.44798751840178985,0.5735162937918511,FALSE,FALSE
2001-12-10,Ross,3.601352513,0.4293530594185393,0.4293530594185393,0.5735162937918511,FALSE,FALSE
2001-12-11,Ross,3.533500692,0.4810546704362264,0.4810546704362264,0.5735162937918511,FALSE,FALSE
2001-12-12,Ross,3.446561351,0.516204969130948,0.516204969130948,0.5735162937918511,FALSE,FALSE
2001-12-13,Ross,3.367915003,0.5614384221787891,0.5614384221787891,0.5735162937918511,FALSE,FALSE
2001-12-14,Ross,3.265034468,0.5834818032558409,0.5834818032558409,0.5735162937918511,TRUE,FALSE
2001-12-15,Ross,3.129762912,0.5734322320381944,0.5734322320381944,0.5735162937918511,FALSE,FALSE
2001-12-16,Ross,2.995462801,0.5639061282019342,0.5639061282019342,0.5735162937918511,FALSE,FALSE
2001-12-17,Ross,2.882680007,0.5747033174231548,0.5747033174231548,0.5735162937918511,TRUE,FALSE
2001-12-18,Ross,2.694293014,0.5079562373779432,0.5079562373779432,0.5735162937918511,FALSE,FALSE
2001-12-19,Ross,2.565599893,0.49821691274238855,0.49821691274238855,0.5735162937918511,FALSE,FALSE
2001-12-20,Ross,2.427539876,0.47569770335664385,0.47569770335664385,0.5735162937918511,FALSE,FALSE
2001-12-21,Ross,2.285155212,0.4450171665536744,0.4450171665536744,0.5735162937918511,FALSE,FALSE
2001-12-22,Ross,2.168512042,0.4360597567019542,0.4360597567019542,0.5735162937918511,FALSE,FALSE
2001-12-23,Ross,2.096553118,0.4675932831055361,0.4675932831055361,0.5735162937918511,FALSE,FALSE
2001-12-24,Ross,2.021257135,0.4914214980684748,0.4914214980684748,0.5735162937918511,FALSE,FALSE
2001-12-25,Ross,1.922911405,0.4876567708948256,0.4876567708948256,0.5735162937918511,FALSE,FALSE
2001-12-26,Ross,1.83627907,0.49088730088863985,0.49088730088863985,0.5735162937918511,FALSE,FALSE
2001-12-27,Ross,1.756421063,0.4959990783539725,0.4959990783539725,0.5735162937918511,FALSE,FALSE
2001-12-28,Ross,1.690729875,0.5102096515948824,0.5102096515948824,0.5735162937918511,FALSE,FALSE
2001-12-29,Ross,1.607126253,0.5012648249154159,0.5012648249154159,0.5735162937918511,FALSE,FALSE
2001-12-30,Ross,1.483841606,0.4472210646196315,0.4472210646196315,0.5735162937918511,FALSE,FALSE
2001-12-31,Ross,1.34004186,0.36706935401158336,0.36706935401158336,0.5735162937918511,FALSE,FALSE
2002-01-01,Ross,1.226306015,0.31121375039532495,0.31121375039532495,0.5735162937918511,FALSE,FALSE
2002-01-02,Ross,1.169106389,0.30605627281482783,0.30605627281482783,0.5735162937918511,FALSE,FALSE
2002-01-03,Ross,1.093846327,0.27734854227372907,0.27734854227372907,0.5735162937918511,FALSE,FALSE
2002-01-04,Ross,1.001485545,0.22650319451558065,0.22650319451558065,0.5735162937918511,FALSE,FALSE
2002-01-05,Ross,0.954753342,0.2167024482839451,0.2167024482839451,0.5735162937918511,FALSE,FALSE
2002-01-06,Ross,0.915111937,0.20986144232237103,0.20986144232237103,0.5735162937918511,FALSE,FALSE
2002-01-07,Ross,0.857063334,0.1809351003744144,0.1809351003744144,0.5735162937918511,FALSE,FALSE
2002-01-08,Ross,0.819743071,0.16951188018363228,0.16951188018363228,0.5735162937918511,FALSE,FALSE
2002-01-09,Ross,0.784229294,0.15712284749357897,0.15712284749357897,0.5735162937918511,FALSE,FALSE
2002-01-10,Ross,0.752359405,0.14605832404780783,0.14605832404780783,0.5735162937918511,FALSE,FALSE
2002-01-11,Ross,0.740215988,0.15285381358987482,0.15285381358987482,0.5735162937918511,FALSE,FALSE
2002-01-12,Ross,0.725532747,0.15569593986333574,0.15569593986333574,0.5735162937918511,FALSE,FALSE
2002-01-13,Ross,0.706374031,0.15310197161174444,0.15310197161174444,0.5735162937918511,FALSE,FALSE
2002-01-14,Ross,0.689754052,0.152533273725022,0.152533273725022,0.5735162937918511,FALSE,FALSE
2002-01-15,Ross,0.658498636,0.13705588248486011,0.13705588248486011,0.5735162937918511,FALSE,FALSE
2002-01-16,Ross,0.597083285,0.0911262553941663,0.0911262553941663,0.5735162937918511,FALSE,FALSE
2002-01-17,Ross,0.547418955,0.05661990780312542,0.05661990780312542,0.5735162937918511,FALSE,FALSE
2002-01-18,Ross,0.511281864,0.03527761706192217,0.03527761706192217,0.5735162937918511,FALSE,FALSE
2002-01-19,Ross,0.487850091,0.02624202152074056,0.02624202152074056,0.5735162937918511,FALSE,FALSE
2002-01-20,Ross,0.464352987,0.01670703152976588,0.01670703152976588,0.5735162937918511,FALSE,FALSE
2002-01-21,Ross,0.450136114,0.01598276843918228,0.01598276843918228,0.5735162937918511,FALSE,FALSE
2002-01-22,Ross,0.444055108,0.02288942759917467,0.02288942759917467,0.5735162937918511,FALSE,FALSE
2002-01-23,Ross,0.415155578,0.00643717735992621,0.00643717735992621,0.5735162937918511,FALSE,FALSE
2002-01-24,Ross,0.394100937,-0.00274600992837797,0.00274600992837797,0.5735162937918511,FALSE,FALSE
2002-01-25,Ross,0.394007515,0.00842075508444728,0.00842075508444728,0.5735162937918511,FALSE,FALSE
2002-01-26,Ross,0.401223426,0.02625014574858653,0.02625014574858653,0.5735162937918511,FALSE,FALSE
2002-01-27,Ross,0.404727863,0.03969309938559207,0.03969309938559207,0.5735162937918511,FALSE,FALSE
2002-01-28,Ross,0.409673088,0.05392226068548345,0.05392226068548345,0.5735162937918511,FALSE,FALSE
2002-01-29,Ross,0.401545933,0.05446501256954633,0.05446501256954633,0.5735162937918511,FALSE,FALSE
2002-01-30,Ross,0.383655071,0.04467064392733655,0.04467064392733655,0.5735162937918511,FALSE,FALSE
2002-01-31,Ross,0.372593548,0.04117281664841321,0.04117281664841321,0.5735162937918511,FALSE,FALSE
2002-02-01,Ross,0.373089148,0.04873993062233406,0.04873993062233406,0.5735162937918511,FALSE,FALSE
2002-02-02,Ross,0.37985699,0.06212772073865585,0.06212772073865585,0.5735162937918511,FALSE,FALSE
2002-02-03,Ross,0.37483691,0.063316638886938,0.063316638886938,0.5735162937918511,FALSE,FALSE
2002-02-04,Ross,0.369968117,0.06428650995673824,0.06428650995673824,0.5735162937918511,FALSE,FALSE
2002-02-05,Ross,0.359411429,0.05923876783761411,0.05923876783761411,0.5735162937918511,FALSE,FALSE
2002-02-06,Ross,0.340318459,0.04536564141912352,0.04536564141912352,0.5735162937918511,FALSE,FALSE
2002-02-07,Ross,0.327421829,0.0374403685908255,0.0374403685908255,0.5735162937918511,FALSE,FALSE
2002-02-08,Ross,0.315648694,0.03043057006893845,0.03043057006893845,0.5735162937918511,FALSE,FALSE
2002-02-09,Ross,0.300800281,0.02015811218657881,0.02015811218657881,0.5735162937918511,FALSE,FALSE
2002-02-10,Ross,0.29900224,0.02272985436262425,0.02272985436262425,0.5735162937918511,FALSE,FALSE
2002-02-11,Ross,0.298452329,0.02632010207515145,0.02632010207515145,0.5735162937918511,FALSE,FALSE
2002-02-12,Ross,0.287973294,0.01972814880223744,0.01972814880223744,0.5735162937918511,FALSE,FALSE
2002-02-13,Ross,0.28542435,0.02078975702195679,0.02078975702195679,0.5735162937918511,FALSE,FALSE
2002-02-14,Ross,0.27815046,0.01682643721238858,0.01682643721238858,0.5735162937918511,FALSE,FALSE
2002-02-15,Ross,0.273730837,0.01539394985160858,0.01539394985160858,0.5735162937918511,FALSE,FALSE
2002-02-16,Ross,0.261931218,0.00623457941769034,0.00623457941769034,0.5735162937918511,FALSE,FALSE
2002-02-17,Ross,0.250850938,-0.0025757916112859,0.0025757916112859,0.5735162937918511,FALSE,FALSE
2002-02-18,Ross,0.243412396,-0.00813821675724638,0.00813821675724638,0.5735162937918511,FALSE,FALSE
2002-02-19,Ross,0.243417002,-0.00667473854211381,0.00667473854211381,0.5735162937918511,FALSE,FALSE
2002-02-20,Ross,0.247726784,-0.00134678148781194,0.00134678148781194,0.5735162937918511,FALSE,FALSE
2002-02-21,Ross,0.241524835,-0.00699297628144232,0.00699297628144232,0.5735162937918511,FALSE,FALSE
2002-02-22,Ross,0.228530296,-0.01989494585089415,0.01989494585089415,0.5735162937918511,FALSE,FALSE
2002-02-23,Ross,0.236578974,-0.01220370377757348,0.01220370377757348,0.5735162937918511,FALSE,FALSE
2002-02-24,Ross,0.245312473,-0.00426421458941009,0.00426421458941009,0.5735162937918511,FALSE,FALSE
2002-02-25,Ross,0.253408998,0.00261515818566926,0.00261515818566926,0.5735162937918511,FALSE,FALSE
2002-02-26,Ross,0.262079585,0.00965888201973586,0.00965888201973586,0.5735162937918511,FALSE,FALSE
2002-02-27,Ross,0.266969619,0.01252577338486365,0.01252577338486365,0.5735162937918511,FALSE,FALSE
2002-02-28,Ross,0.263853646,0.00700380975312436,0.00700380975312436,0.5735162937918511,FALSE,FALSE
2002-03-01,Ross,0.258835683,-7.895604034102721e-4,7.895604034102721e-4,0.5735162937918511,FALSE,FALSE
2002-03-02,Ross,0.252775399,-0.00998123661266692,0.00998123661266692,0.5735162937918511,FALSE,FALSE
2002-03-03,Ross,0.264082056,-0.0021485254025747,0.0021485254025747,0.5735162937918511,FALSE,FALSE
2002-03-04,Ross,0.272147647,0.0021139976989401,0.0021139976989401,0.5735162937918511,FALSE,FALSE
2002-03-05,Ross,0.293789502,0.01963709296163368,0.01963709296163368,0.5735162937918511,FALSE,FALSE
2002-03-06,Ross,0.329012711,0.05043480818948331,0.05043480818948331,0.5735162937918511,FALSE,FALSE
2002-03-07,Ross,0.346231067,0.06291533353677475,0.06291533353677475,0.5735162937918511,FALSE,FALSE
2002-03-08,Ross,0.348799179,0.06042471700919771,0.06042471700919771,0.5735162937918511,FALSE,FALSE
2002-03-09,Ross,0.340869246,0.04710659661244643,0.04710659661244643,0.5735162937918511,FALSE,FALSE
2002-03-10,Ross,0.339756402,0.04026754535221305,0.04026754535221305,0.5735162937918511,FALSE,FALSE
2002-03-11,Ross,0.345931075,0.04036943023418998,0.04036943023418998,0.5735162937918511,FALSE,FALSE
2002-03-12,Ross,0.373617078,0.06162750326406902,0.06162750326406902,0.5735162937918511,FALSE,FALSE
2002-03-13,Ross,0.410296987,0.09151577944754374,0.09151577944754374,0.5735162937918511,FALSE,FALSE
2002-03-14,Ross,0.421846464,0.09590135979030873,0.09590135979030873,0.5735162937918511,FALSE,FALSE
2002-03-15,Ross,0.408675909,0.07518608329805171,0.07518608329805171,0.5735162937918511,FALSE,FALSE
2002-03-16,Ross,0.408502484,0.06707855097646964,0.06707855097646964,0.5735162937918511,FALSE,FALSE
2002-03-17,Ross,0.417882676,0.06812668883125161,0.06812668883125161,0.5735162937918511,FALSE,FALSE
2002-03-18,Ross,0.448554495,0.09006010634278172,0.09006010634278172,0.5735162937918511,FALSE,FALSE
2002-03-19,Ross,0.486960121,0.11931659082336,0.11931659082336,0.5735162937918511,FALSE,FALSE
2002-03-20,Ross,0.491363232,0.11415961981105348,0.11415961981105348,0.5735162937918511,FALSE,FALSE
2002-03-21,Ross,0.520339307,0.1331646692207742,0.1331646692207742,0.5735162937918511,FALSE,FALSE
2002-03-22,Ross,0.549267094,0.15171048396743636,0.15171048396743636,0.5735162937918511,FALSE,FALSE
2002-03-23,Ross,0.567657818,0.15930828596595203,0.15930828596595203,0.5735162937918511,FALSE,FALSE
2002-03-24,Ross,0.567669611,0.14811620413123183,0.14811620413123183,0.5735162937918511,FALSE,FALSE
2002-03-25,Ross,0.56958715,0.13841891237819315,0.13841891237819315,0.5735162937918511,FALSE,FALSE
2002-03-26,Ross,0.550044542,0.10685051462174427,0.10685051462174427,0.5735162937918511,FALSE,FALSE
2002-03-27,Ross,0.548798541,0.09316776177680176,0.09316776177680176,0.5735162937918511,FALSE,FALSE
2002-03-28,Ross,0.537132592,0.0686540957582738,0.0686540957582738,0.5735162937918511,FALSE,FALSE
2002-03-29,Ross,0.544989791,0.06325260948107753,0.06325260948107753,0.5735162937918511,FALSE,FALSE
2002-03-30,Ross,0.537470006,0.04206316786012343,0.04206316786012343,0.5735162937918511,FALSE,FALSE
2002-03-31,Ross,0.529427669,0.01993891580834095,0.01993891580834095,0.5735162937918511,FALSE,FALSE
2002-04-01,Ross,0.54183578,0.01784454784114564,0.01784454784114564,0.5735162937918511,FALSE,FALSE
2002-04-02,Ross,0.582984799,0.04405983252124212,0.04405983252124212,0.5735162937918511,FALSE,FALSE
2002-04-03,Ross,0.585885162,0.03158451243887361,0.03158451243887361,0.5735162937918511,FALSE,FALSE
2002-04-04,Ross,0.582762666,0.01263369118427804,0.01263369118427804,0.5735162937918511,FALSE,FALSE
2002-04-05,Ross,0.602474718,0.01605408234769734,0.01605408234769734,0.5735162937918511,FALSE,FALSE
2002-04-06,Ross,0.639969198,0.03678287251937484,0.03678287251937484,0.5735162937918511,FALSE,FALSE
2002-04-07,Ross,0.689809139,0.06937240128954714,0.06937240128954714,0.5735162937918511,FALSE,FALSE
2002-04-08,Ross,0.731261049,0.09307848324845792,0.09307848324845792,0.5735162937918511,FALSE,FALSE
2002-04-09,Ross,0.731646807,0.07521230398634782,0.07521230398634782,0.5735162937918511,FALSE,FALSE
2002-04-10,Ross,0.705034921,0.02983167809345543,0.02983167809345543,0.5735162937918511,FALSE,FALSE
2002-04-11,Ross,0.684784136,-0.00971534283997666,0.00971534283997666,0.5735162937918511,FALSE,FALSE
2002-04-12,Ross,0.681526752,-0.03280685237534087,0.03280685237534087,0.5735162937918511,FALSE,FALSE
2002-04-13,Ross,0.71956165,-0.01513299281104307,0.01513299281104307,0.5735162937918511,FALSE,FALSE
2002-04-14,Ross,0.75567715,1.4076124138007184e-4,1.4076124138007184e-4,0.5735162937918511,FALSE,FALSE
2002-04-15,Ross,0.7487299,-0.02807944631255898,0.02807944631255898,0.5735162937918511,FALSE,FALSE
2002-04-16,Ross,0.773659908,-0.02480411156734896,0.02480411156734896,0.5735162937918511,FALSE,FALSE
2002-04-17,Ross,0.795111208,-0.02533970461747592,0.02533970461747592,0.5735162937918511,FALSE,FALSE
2002-04-18,Ross,0.830642575,-0.01207795455742843,0.01207795455742843,0.5735162937918511,FALSE,FALSE
2002-04-19,Ross,0.894548326,0.02932495151830683,0.02932495151830683,0.5735162937918511,FALSE,FALSE
2002-04-20,Ross,0.932742206,0.0448322545152402,0.0448322545152402,0.5735162937918511,FALSE,FALSE
2002-04-21,Ross,0.945267909,0.03453714433888788,0.03453714433888788,0.5735162937918511,FALSE,FALSE
2002-04-22,Ross,0.971741616,0.03810529789476136,0.03810529789476136,0.5735162937918511,FALSE,FALSE
2002-04-23,Ross,0.999578771,0.04300165508837117,0.04300165508837117,0.5735162937918511,FALSE,FALSE
2002-04-24,Ross,0.991958872,0.0124552098252324,0.0124552098252324,0.5735162937918511,FALSE,FALSE
2002-04-25,Ross,0.975319817,-0.0270567404958183,0.0270567404958183,0.5735162937918511,FALSE,FALSE
2002-04-26,Ross,1.052690933,0.02743863933076507,0.02743863933076507,0.5735162937918511,FALSE,FALSE
2002-04-27,Ross,1.12564655,0.07740619747630162,0.07740619747630162,0.5735162937918511,FALSE,FALSE
2002-04-28,Ross,1.156617263,0.08516648892062628,0.08516648892062628,0.5735162937918511,FALSE,FALSE
2002-04-29,Ross,1.180509549,0.08551595064356765,0.08551595064356765,0.5735162937918511,FALSE,FALSE
2002-04-30,Ross,1.171614507,0.05263564162495493,0.05263564162495493,0.5735162937918511,FALSE,FALSE
2002-05-01,Ross,1.185538384,0.0420217688446165,0.0420217688446165,0.5735162937918511,FALSE,FALSE
2002-05-02,Ross,1.198686215,0.02996932728238532,0.02996932728238532,0.5735162937918511,FALSE,FALSE
2002-05-03,Ross,1.224195715,0.02950599191809111,0.02950599191809111,0.5735162937918511,FALSE,FALSE
2002-05-04,Ross,1.262117217,0.04057205573156208,0.04057205573156208,0.5735162937918511,FALSE,FALSE
2002-05-05,Ross,1.306478457,0.05708521470262973,0.05708521470262973,0.5735162937918511,FALSE,FALSE
2002-05-06,Ross,1.337526294,0.05918228781112411,0.05918228781112411,0.5735162937918511,FALSE,FALSE
2002-05-07,Ross,1.335221029,0.02671362490865347,0.02671362490865347,0.5735162937918511,FALSE,FALSE
2002-05-08,Ross,1.349875286,0.00993144625294784,0.00993144625294784,0.5735162937918511,FALSE,FALSE
2002-05-09,Ross,1.396271925,0.02369007716017845,0.02369007716017845,0.5735162937918511,FALSE,FALSE
2002-05-10,Ross,1.432767485,0.02643921915849478,0.02643921915849478,0.5735162937918511,FALSE,FALSE
2002-05-11,Ross,1.464157247,0.02306731577604859,0.02306731577604859,0.5735162937918511,FALSE,FALSE
2002-05-12,Ross,1.490955441,0.01418175954099254,0.01418175954099254,0.5735162937918511,FALSE,FALSE
2002-05-13,Ross,1.511367887,-0.00191846701852704,0.00191846701852704,0.5735162937918511,FALSE,FALSE
2002-05-14,Ross,1.473865461,-0.07666932537435578,0.07666932537435578,0.5735162937918511,FALSE,FALSE
2002-05-15,Ross,1.454728755,-0.13369706099834366,0.13369706099834366,0.5735162937918511,FALSE,FALSE
2002-05-16,Ross,1.432891075,-0.19397520536234225,0.19397520536234225,0.5735162937918511,FALSE,FALSE
2002-05-17,Ross,1.441537032,-0.2242259849381969,0.2242259849381969,0.5735162937918511,FALSE,FALSE
2002-05-18,Ross,1.415481435,-0.2895414281977613,0.2895414281977613,0.5735162937918511,FALSE,FALSE
2002-05-19,Ross,1.433648307,-0.3109043496128834,0.3109043496128834,0.5735162937918511,FALSE,FALSE
2002-05-20,Ross,1.501823357,-0.28243892220596245,0.28243892220596245,0.5735162937918511,FALSE,FALSE
2002-05-21,Ross,1.586104899,-0.23801226887063764,0.23801226887063764,0.5735162937918511,FALSE,FALSE
2002-05-22,Ross,1.643922392,-0.22020890489090503,0.22020890489090503,0.5735162937918511,FALSE,FALSE
2002-05-23,Ross,1.666886413,-0.23743386057750615,0.23743386057750615,0.5735162937918511,FALSE,FALSE
2002-05-24,Ross,1.681567263,-0.2631324422411818,0.2631324422411818,0.5735162937918511,FALSE,FALSE
2002-05-25,Ross,1.691058503,-0.2942266961926707,0.2942266961926707,0.5735162937918511,FALSE,FALSE
2002-05-26,Ross,1.672754127,-0.35333823574271306,0.35333823574271306,0.5735162937918511,FALSE,FALSE
2002-05-27,Ross,1.669618667,-0.3975181362020508,0.3975181362020508,0.5735162937918511,FALSE,FALSE
2002-05-28,Ross,1.683639678,-0.42479444988142534,0.42479444988142534,0.5735162937918511,FALSE,FALSE
2002-05-29,Ross,1.70912124,-0.4408787040915776,0.4408787040915776,0.5735162937918511,FALSE,FALSE
2002-05-30,Ross,1.715014825,-0.4768350341432463,0.4768350341432463,0.5735162937918511,FALSE,FALSE
2002-05-31,Ross,1.7705342,-0.46346528034717394,0.46346528034717394,0.5735162937918511,FALSE,FALSE
2002-06-01,Ross,1.812063934,-0.4644004810140998,0.4644004810140998,0.5735162937918511,FALSE,FALSE
2002-06-02,Ross,1.88319238,-0.4360632320496922,0.4360632320496922,0.5735162937918511,FALSE,FALSE
2002-06-03,Ross,1.926425744,-0.4359376104167463,0.4359376104167463,0.5735162937918511,FALSE,FALSE
2002-06-04,Ross,1.940471911,-0.4653002852923734,0.4653002852923734,0.5735162937918511,FALSE,FALSE
2002-06-05,Ross,1.992468436,-0.45699825564147223,0.45699825564147223,0.5735162937918511,FALSE,FALSE
2002-06-06,Ross,2.043197177,-0.4502342174289451,0.4502342174289451,0.5735162937918511,FALSE,FALSE
2002-06-07,Ross,2.04584801,-0.4918028486196975,0.4918028486196975,0.5735162937918511,FALSE,FALSE
2002-06-08,Ross,2.086255628,-0.4958540101786246,0.4958540101786246,0.5735162937918511,FALSE,FALSE
2002-06-09,Ross,2.119347497,-0.5074447900706303,0.5074447900706303,0.5735162937918511,FALSE,FALSE
2002-06-10,Ross,2.14064379,-0.5310395692606198,0.5310395692606198,0.5735162937918511,FALSE,FALSE
2002-06-11,Ross,2.163693529,-0.5530738797134904,0.5530738797134904,0.5735162937918511,FALSE,FALSE
2002-06-12,Ross,2.180107232,-0.5819217573941442,0.5819217573941442,0.5735162937918511,TRUE,FALSE
2002-06-13,Ross,2.193155993,-0.614296662267483,0.614296662267483,0.5735162937918511,TRUE,FALSE
2002-06-14,Ross,2.20526466,-0.6477576767445901,0.6477576767445901,0.5735162937918511,TRUE,FALSE
2002-06-15,Ross,2.37102417,-0.5276703053981371,0.5276703053981371,0.5735162937918511,FALSE,FALSE
2002-06-16,Ross,2.505629787,-0.4387580150835091,0.4387580150835091,0.5735162937918511,FALSE,FALSE
2002-06-17,Ross,2.641968386,-0.3480499294503172,0.3480499294503172,0.5735162937918511,FALSE,FALSE
2002-06-18,Ross,2.719813796,-0.31568821814818593,0.31568821814818593,0.5735162937918511,FALSE,FALSE
2002-06-19,Ross,2.75790946,-0.32284543682672195,0.32284543682672195,0.5735162937918511,FALSE,FALSE
2002-06-20,Ross,2.765952105,-0.35974085713554604,0.35974085713554604,0.5735162937918511,FALSE,FALSE
2002-06-21,Ross,2.797698452,-0.3725337567242737,0.3725337567242737,0.5735162937918511,FALSE,FALSE
2002-06-22,Ross,2.864736968,-0.3495516672425216,0.3495516672425216,0.5735162937918511,FALSE,FALSE
2002-06-23,Ross,2.893447135,-0.3643311053399034,0.3643311053399034,0.5735162937918511,FALSE,FALSE
2002-06-24,Ross,2.928037292,-0.37257973066603745,0.37257973066603745,0.5735162937918511,FALSE,FALSE
2002-06-25,Ross,2.988017663,-0.3547033178705372,0.3547033178705372,0.5735162937918511,FALSE,FALSE
2002-06-26,Ross,3.117966574,-0.2660395396030193,0.2660395396030193,0.5735162937918511,FALSE,FALSE
2002-06-27,Ross,3.202298208,-0.2221052699748585,0.2221052699748585,0.5735162937918511,FALSE,FALSE
2002-06-28,Ross,3.218920925,-0.24503699544352964,0.24503699544352964,0.5735162937918511,FALSE,FALSE
2002-06-29,Ross,3.232262412,-0.2705038702915967,0.2705038702915967,0.5735162937918511,FALSE,FALSE
2002-06-30,Ross,3.283739585,-0.2571860871335705,0.2571860871335705,0.5735162937918511,FALSE,FALSE
2002-07-01,Ross,3.329710837,-0.248822361583958,0.248822361583958,0.5735162937918511,FALSE,FALSE
2002-07-02,Ross,3.365181632,-0.2505043382572665,0.2505043382572665,0.5735162937918511,FALSE,FALSE
2002-07-03,Ross,3.404651761,-0.2478293347680105,0.2478293347680105,0.5735162937918511,FALSE,FALSE
2002-07-04,Ross,3.473851389,-0.21516429473069465,0.21516429473069465,0.5735162937918511,FALSE,FALSE
2002-07-05,Ross,3.529747688,-0.1956391547598284,0.1956391547598284,0.5735162937918511,FALSE,FALSE
2002-07-06,Ross,3.611681251,-0.15001043046992146,0.15001043046992146,0.5735162937918511,FALSE,FALSE
2002-07-07,Ross,3.685002099,-0.11302520947547734,0.11302520947547734,0.5735162937918511,FALSE,FALSE
2002-07-08,Ross,3.691693235,-0.14279759739101605,0.14279759739101605,0.5735162937918511,FALSE,FALSE
2002-07-09,Ross,3.660116125,-0.211062929361606,0.211062929361606,0.5735162937918511,FALSE,FALSE
2002-07-10,Ross,3.635964729,-0.27216424515197124,0.27216424515197124,0.5735162937918511,FALSE,FALSE
2002-07-11,Ross,3.720381635,-0.2248650827340084,0.2248650827340084,0.5735162937918511,FALSE,FALSE
2002-07-12,Ross,3.8100942,-0.1723268917252807,0.1723268917252807,0.5735162937918511,FALSE,FALSE
2002-07-13,Ross,3.857887342,-0.16165356074334936,0.16165356074334936,0.5735162937918511,FALSE,FALSE
2002-07-14,Ross,3.884527054,-0.17196790340577417,0.17196790340577417,0.5735162937918511,FALSE,FALSE
2002-07-15,Ross,3.85525561,-0.23791645233012337,0.23791645233012337,0.5735162937918511,FALSE,FALSE
2002-07-16,Ross,3.800057862,-0.3294031621339517,0.3294031621339517,0.5735162937918511,FALSE,FALSE
2002-07-17,Ross,3.820496916,-0.3447537334348323,0.3447537334348323,0.5735162937918511,FALSE,FALSE
2002-07-18,Ross,3.852087485,-0.34834225985031964,0.34834225985031964,0.5735162937918511,FALSE,FALSE
2002-07-19,Ross,3.91309662,-0.32179049699798057,0.32179049699798057,0.5735162937918511,FALSE,FALSE
2002-07-20,Ross,3.988147121,-0.2803644514953776,0.2803644514953776,0.5735162937918511,FALSE,FALSE
2002-07-21,Ross,4.059045628,-0.2421462899600693,0.2421462899600693,0.5735162937918511,FALSE,FALSE
2002-07-22,Ross,4.073981698,-0.25884418582171786,0.25884418582171786,0.5735162937918511,FALSE,FALSE
2002-07-23,Ross,4.098114941,-0.26531942862078584,0.26531942862078584,0.5735162937918511,FALSE,FALSE
2002-07-24,Ross,4.142019378,-0.25110867975068363,0.25110867975068363,0.5735162937918511,FALSE,FALSE
2002-07-25,Ross,4.147032106,-0.2749875612292687,0.2749875612292687,0.5735162937918511,FALSE,FALSE
2002-07-26,Ross,4.156357451,-0.29386446607441385,0.29386446607441385,0.5735162937918511,FALSE,FALSE
2002-07-27,Ross,4.182709244,-0.29513828230398964,0.29513828230398964,0.5735162937918511,FALSE,FALSE
2002-07-28,Ross,4.243401806,-0.2616074079358599,0.2616074079358599,0.5735162937918511,FALSE,FALSE
2002-07-29,Ross,4.305899115,-0.22592058398788772,0.22592058398788772,0.5735162937918511,FALSE,FALSE
2002-07-30,Ross,4.34575798,-0.21263372047794604,0.21263372047794604,0.5735162937918511,FALSE,FALSE
2002-07-31,Ross,4.453609202,-0.13122873542389968,0.13122873542389968,0.5735162937918511,FALSE,FALSE
2002-08-01,Ross,4.542048534,-0.06922259484362137,0.06922259484362137,0.5735162937918511,FALSE,FALSE
2002-08-02,Ross,4.592935532,-0.04486846175497216,0.04486846175497216,0.5735162937918511,FALSE,FALSE
2002-08-03,Ross,4.595381127,-0.06916812257794991,0.06916812257794991,0.5735162937918511,FALSE,FALSE
2002-08-04,Ross,4.562421418,-0.12915505959178653,0.12915505959178653,0.5735162937918511,FALSE,FALSE
2002-08-05,Ross,4.546468209,-0.17233144135334033,0.17233144135334033,0.5735162937918511,FALSE,FALSE
2002-08-06,Ross,4.508573652,-0.23752401194289252,0.23752401194289252,0.5735162937918511,FALSE,FALSE
2002-08-07,Ross,4.515481788,-0.2578676264407189,0.2578676264407189,0.5735162937918511,FALSE,FALSE
2002-08-08,Ross,4.601160927,-0.19927287092708745,0.19927287092708745,0.5735162937918511,FALSE,FALSE
2002-08-09,Ross,4.70892347,-0.11830624048227278,0.11830624048227278,0.5735162937918511,FALSE,FALSE
2002-08-10,Ross,4.788660246,-0.0649558021865575,0.0649558021865575,0.5735162937918511,FALSE,FALSE
2002-08-11,Ross,4.869748211,-0.00972349612020551,0.00972349612020551,0.5735162937918511,FALSE,FALSE
2002-08-12,Ross,4.95988274,0.05520715663650577,0.05520715663650577,0.5735162937918511,FALSE,FALSE
2002-08-13,Ross,4.985222568,0.05611599500330566,0.05611599500330566,0.5735162937918511,FALSE,FALSE
2002-08-14,Ross,4.987515495,0.03487192289991192,0.03487192289991192,0.5735162937918511,FALSE,FALSE
2002-08-15,Ross,4.973700667,-0.00146480975394069,0.00146480975394069,0.5735162937918511,FALSE,FALSE
2002-08-16,Ross,4.913675146,-0.08288001767373299,0.08288001767373299,0.5735162937918511,FALSE,FALSE
2002-08-17,Ross,4.853377804,-0.1634360194022868,0.1634360194022868,0.5735162937918511,FALSE,FALSE
2002-08-18,Ross,4.856902675,-0.1791753909888527,0.1791753909888527,0.5735162937918511,FALSE,FALSE
2002-08-19,Ross,4.903362241,-0.15112968182168451,0.15112968182168451,0.5735162937918511,FALSE,FALSE
2002-08-20,Ross,4.941593401,-0.13060602428903856,0.13060602428903856,0.5735162937918511,FALSE,FALSE
2002-08-21,Ross,4.955770184,-0.1335744207791656,0.1335744207791656,0.5735162937918511,FALSE,FALSE
2002-08-22,Ross,4.990907862,-0.11516363068032388,0.11516363068032388,0.5735162937918511,FALSE,FALSE
2002-08-23,Ross,5.024945813,-0.0975783073807639,0.0975783073807639,0.5735162937918511,FALSE,FALSE
2002-08-24,Ross,5.019378554,-0.11946796526873626,0.11946796526873626,0.5735162937918511,FALSE,FALSE
2002-08-25,Ross,4.987424501,-0.16775821973250338,0.16775821973250338,0.5735162937918511,FALSE,FALSE
2002-08-26,Ross,4.995965415,-0.1757113411603095,0.1757113411603095,0.5735162937918511,FALSE,FALSE
2002-08-27,Ross,5.049427097,-0.13904555994041434,0.13904555994041434,0.5735162937918511,FALSE,FALSE
2002-08-28,Ross,5.080041041,-0.12567341346106886,0.12567341346106886,0.5735162937918511,FALSE,FALSE
2002-08-29,Ross,5.105612553,-0.11790634831474732,0.11790634831474732,0.5735162937918511,FALSE,FALSE
2002-08-30,Ross,5.104295018,-0.13754193986592167,0.13754193986592167,0.5735162937918511,FALSE,FALSE
2002-08-31,Ross,5.156858454,-0.10369883705747274,0.10369883705747274,0.5735162937918511,FALSE,FALSE
2002-09-01,Ross,5.258966656,-0.02060180009833878,0.02060180009833878,0.5735162937918511,FALSE,FALSE
2002-09-02,Ross,5.282937378,-0.01582163019746119,0.01582163019746119,0.5735162937918511,FALSE,FALSE
2002-09-03,Ross,5.276271848,-0.04174565456377532,0.04174565456377532,0.5735162937918511,FALSE,FALSE
2002-09-04,Ross,5.332562474,-0.00467002040621977,0.00467002040621977,0.5735162937918511,FALSE,FALSE
2002-09-05,Ross,5.384086787,0.02779424806626718,0.02779424806626718,0.5735162937918511,FALSE,FALSE
2002-09-06,Ross,5.447906224,0.07282003264474657,0.07282003264474657,0.5735162937918511,FALSE,FALSE
2002-09-07,Ross,5.526959237,0.13345723012028277,0.13345723012028277,0.5735162937918511,FALSE,FALSE
2002-09-08,Ross,5.55109168,0.1396631392839396,0.1396631392839396,0.5735162937918511,FALSE,FALSE
2002-09-09,Ross,5.574756777,0.1460024289267734,0.1460024289267734,0.5735162937918511,FALSE,FALSE
2002-09-10,Ross,5.50127745,0.0559090032386802,0.0559090032386802,0.5735162937918511,FALSE,FALSE
2002-09-11,Ross,5.44921944,-0.01198433007871901,0.01198433007871901,0.5735162937918511,FALSE,FALSE
2002-09-12,Ross,5.412690127,-0.06358259414553569,0.06358259414553569,0.5735162937918511,FALSE,FALSE
2002-09-13,Ross,5.394481807,-0.09611426356130082,0.09611426356130082,0.5735162937918511,FALSE,FALSE
2002-09-14,Ross,5.400034736,-0.10415985292553476,0.10415985292553476,0.5735162937918511,FALSE,FALSE
2002-09-15,Ross,5.428047452,-0.08904159483777008,0.08904159483777008,0.5735162937918511,FALSE,FALSE
2002-09-16,Ross,5.445965233,-0.08333498189753019,0.08333498189753019,0.5735162937918511,FALSE,FALSE
2002-09-17,Ross,5.476671333,-0.06417753070434085,0.06417753070434085,0.5735162937918511,FALSE,FALSE
2002-09-18,Ross,5.491728068,-0.06002769585773127,0.06002769585773127,0.5735162937918511,FALSE,FALSE
2002-09-19,Ross,5.573523922,0.01148223604277465,0.01148223604277465,0.5735162937918511,FALSE,FALSE
2002-09-20,Ross,5.636245733,0.0645183323976477,0.0645183323976477,0.5735162937918511,FALSE,FALSE
2002-09-21,Ross,5.702877242,0.12204356360736313,0.12204356360736313,0.5735162937918511,FALSE,FALSE
2002-09-22,Ross,5.727940318,0.1385590280723923,0.1385590280723923,0.5735162937918511,FALSE,FALSE
2002-09-23,Ross,5.788215284,0.1908260879320185,0.1908260879320185,0.5735162937918511,FALSE,FALSE
2002-09-24,Ross,5.781455411,0.17659842861539143,0.17659842861539143,0.5735162937918511,FALSE,FALSE
2002-09-25,Ross,5.772818927,0.16104644590035022,0.16104644590035022,0.5735162937918511,FALSE,FALSE
2002-09-26,Ross,5.766824991,0.14870163147717452,0.14870163147717452,0.5735162937918511,FALSE,FALSE
2002-09-27,Ross,5.736298291,0.11240100603614334,0.11240100603614334,0.5735162937918511,FALSE,FALSE
2002-09-28,Ross,5.701470512,0.0723885872675396,0.0723885872675396,0.5735162937918511,FALSE,FALSE
2002-09-29,Ross,5.69350114,0.05983619386164562,0.05983619386164562,0.5735162937918511,FALSE,FALSE
2002-09-30,Ross,5.710385726,0.07275170950874177,0.07275170950874177,0.5735162937918511,FALSE,FALSE
2002-10-01,Ross,5.708733326,0.06775652289910994,0.06775652289910994,0.5735162937918511,FALSE,FALSE
2002-10-02,Ross,5.694777711,0.05109673772303136,0.05109673772303136,0.5735162937918511,FALSE,FALSE
2002-10-03,Ross,5.679351489,0.03361729467078778,0.03361729467078778,0.5735162937918511,FALSE,FALSE
2002-10-04,Ross,5.626357221,-0.02076691256733998,0.02076691256733998,0.5735162937918511,FALSE,FALSE
2002-10-05,Ross,5.614905743,-0.03293270818217486,0.03293270818217486,0.5735162937918511,FALSE,FALSE
2002-10-06,Ross,5.639773809,-0.00808238713816678,0.00808238713816678,0.5735162937918511,FALSE,FALSE
2002-10-07,Ross,5.627371564,-0.01975952305288419,0.01975952305288419,0.5735162937918511,FALSE,FALSE
2002-10-08,Ross,5.597920915,-0.04769129340689204,0.04769129340689204,0.5735162937918511,FALSE,FALSE
2002-10-09,Ross,5.55969158,-0.08355706468074775,0.08355706468074775,0.5735162937918511,FALSE,FALSE
2002-10-10,Ross,5.520504756,-0.11948472435501234,0.11948472435501234,0.5735162937918511,FALSE,FALSE
2002-10-11,Ross,5.490334434,-0.14544936591024804,0.14544936591024804,0.5735162937918511,FALSE,FALSE
2002-10-12,Ross,5.4753692,-0.1552114878270121,0.1552114878270121,0.5735162937918511,FALSE,FALSE
2002-10-13,Ross,5.455201416,-0.16912781258586929,0.16912781258586929,0.5735162937918511,FALSE,FALSE
2002-10-14,Ross,5.420093803,-0.19688470366737665,0.19688470366737665,0.5735162937918511,FALSE,FALSE
2002-10-15,Ross,5.426894437,-0.18158316955209663,0.18158316955209663,0.5735162937918511,FALSE,FALSE
2002-10-16,Ross,5.477660548,-0.1211150647205912,0.1211150647205912,0.5735162937918511,FALSE,FALSE
2002-10-17,Ross,5.529310926,-0.05851068365341927,0.05851068365341927,0.5735162937918511,FALSE,FALSE
2002-10-18,Ross,5.562984697,-0.01258382005870295,0.01258382005870295,0.5735162937918511,FALSE,FALSE
2002-10-19,Ross,5.571822954,0.00977224025835354,0.00977224025835354,0.5735162937918511,FALSE,FALSE
2002-10-20,Ross,5.579027526,0.0316470713503012,0.0316470713503012,0.5735162937918511,FALSE,FALSE
2002-10-21,Ross,5.599163175,0.06749006208762864,0.06749006208762864,0.5735162937918511,FALSE,FALSE
2002-10-22,Ross,5.608700824,0.09365676234082532,0.09365676234082532,0.5735162937918511,FALSE,FALSE
2002-10-23,Ross,5.586869917,0.08926124298038118,0.08926124298038118,0.5735162937918511,FALSE,FALSE
2002-10-24,Ross,5.555676789,0.07619446587678702,0.07619446587678702,0.5735162937918511,FALSE,FALSE
2002-10-25,Ross,5.502840768,0.04206038590053396,0.04206038590053396,0.5735162937918511,FALSE,FALSE
2002-10-26,Ross,5.485155504,0.04353727992210832,0.04353727992210832,0.5735162937918511,FALSE,FALSE
2002-10-27,Ross,5.504915653,0.08280443081200328,0.08280443081200328,0.5735162937918511,FALSE,FALSE
2002-10-28,Ross,5.552510264,0.15013551444070838,0.15013551444070838,0.5735162937918511,FALSE,FALSE
2002-10-29,Ross,5.565981251,0.1834570716787134,0.1834570716787134,0.5735162937918511,FALSE,FALSE
2002-10-30,Ross,5.582304939,0.21963005439650907,0.21963005439650907,0.5735162937918511,FALSE,FALSE
2002-10-31,Ross,5.619290144,0.27638798215024707,0.27638798215024707,0.5735162937918511,FALSE,FALSE
2002-11-01,Ross,5.641849057,0.3187650156452406,0.3187650156452406,0.5735162937918511,FALSE,FALSE
2002-11-02,Ross,5.661984241,0.358946280082284,0.358946280082284,0.5735162937918511,FALSE,FALSE
2002-11-03,Ross,5.651295743,0.3687144009510268,0.3687144009510268,0.5735162937918511,FALSE,FALSE
2002-11-04,Ross,5.612139801,0.35060819474111327,0.35060819474111327,0.5735162937918511,FALSE,FALSE
2002-11-05,Ross,5.569643001,0.3299368259421973,0.3299368259421973,0.5735162937918511,FALSE,FALSE
2002-11-06,Ross,5.575100464,0.3581779940439267,0.3581779940439267,0.5735162937918511,FALSE,FALSE
2002-11-07,Ross,5.55751166,0.3645137475359492,0.3645137475359492,0.5735162937918511,FALSE,FALSE
2002-11-08,Ross,5.528519843,0.360769918907911,0.360769918907911,0.5735162937918511,FALSE,FALSE
2002-11-09,Ross,5.469647556,0.3286516296494648,0.3286516296494648,0.5735162937918511,FALSE,FALSE
2002-11-10,Ross,5.424014555,0.3114612142502571,0.3114612142502571,0.5735162937918511,FALSE,FALSE
2002-11-11,Ross,5.40582974,0.3235901511999373,0.3235901511999373,0.5735162937918511,FALSE,FALSE
2002-11-12,Ross,5.395917023,0.3460434500697884,0.3460434500697884,0.5735162937918511,FALSE,FALSE
2002-11-13,Ross,5.330833896,0.3154777775080051,0.3154777775080051,0.5735162937918511,FALSE,FALSE
2002-11-14,Ross,5.259338835,0.28062763691514636,0.28062763691514636,0.5735162937918511,FALSE,FALSE
2002-11-15,Ross,5.208218761,0.2682458190726953,0.2682458190726953,0.5735162937918511,FALSE,FALSE
2002-11-16,Ross,5.169815914,0.27064043376213753,0.27064043376213753,0.5735162937918511,FALSE,FALSE
2002-11-17,Ross,5.125750535,0.2693975917649567,0.2693975917649567,0.5735162937918511,FALSE,FALSE
2002-11-18,Ross,5.057632699,0.2460932378626373,0.2460932378626373,0.5735162937918511,FALSE,FALSE
2002-11-19,Ross,5.02065646,0.2558872958366658,0.2558872958366658,0.5735162937918511,FALSE,FALSE
2002-11-20,Ross,5.003723985,0.2876478024685243,0.2876478024685243,0.5735162937918511,FALSE,FALSE
2002-11-21,Ross,4.992184029,0.32668938253970303,0.32668938253970303,0.5735162937918511,FALSE,FALSE
2002-11-22,Ross,4.921930764,0.3088720778316798,0.3088720778316798,0.5735162937918511,FALSE,FALSE
2002-11-23,Ross,4.783152955,0.22435052312594284,0.22435052312594284,0.5735162937918511,FALSE,FALSE
2002-11-24,Ross,4.669960321,0.16720030720397538,0.16720030720397538,0.5735162937918511,FALSE,FALSE
2002-11-25,Ross,4.59628351,0.15134300874569018,0.15134300874569018,0.5735162937918511,FALSE,FALSE
2002-11-26,Ross,4.529529323,0.14438832031110227,0.14438832031110227,0.5735162937918511,FALSE,FALSE
2002-11-27,Ross,4.488993439,0.16594139188587587,0.16594139188587587,0.5735162937918511,FALSE,FALSE
2002-11-28,Ross,4.44176378,0.1834004237329259,0.1834004237329259,0.5735162937918511,FALSE,FALSE
2002-11-29,Ross,4.327904803,0.13714015111517153,0.13714015111517153,0.5735162937918511,FALSE,FALSE
2002-11-30,Ross,4.255843028,0.13589737229552856,0.13589737229552856,0.5735162937918511,FALSE,FALSE
2002-12-01,Ross,4.189418355,0.14382226553690902,0.14382226553690902,0.5735162937918511,FALSE,FALSE
2002-12-02,Ross,4.09000712,0.12260144510223324,0.12260144510223324,0.5735162937918511,FALSE,FALSE
2002-12-03,Ross,4.011602089,0.12653795525441458,0.12653795525441458,0.5735162937918511,FALSE,FALSE
2002-12-04,Ross,3.95609584,0.1578346522563696,0.1578346522563696,0.5735162937918511,FALSE,FALSE
2002-12-05,Ross,3.884378742,0.17769218337101522,0.17769218337101522,0.5735162937918511,FALSE,FALSE
2002-12-06,Ross,3.848902597,0.23887262886126504,0.23887262886126504,0.5735162937918511,FALSE,FALSE
2002-12-07,Ross,3.830365732,0.3223836916667677,0.3223836916667677,0.5735162937918511,FALSE,FALSE
2002-12-08,Ross,3.798445382,0.3979318727098975,0.3979318727098975,0.5735162937918511,FALSE,FALSE
2002-12-09,Ross,3.731555239,0.44328460740179,0.44328460740179,0.5735162937918511,FALSE,FALSE
2002-12-10,Ross,3.636537289,0.4645378354185392,0.4645378354185392,0.5735162937918511,FALSE,FALSE
2002-12-11,Ross,3.567739655,0.5152936334362264,0.5152936334362264,0.5735162937918511,FALSE,FALSE
2002-12-12,Ross,3.519504631,0.5891482491309481,0.5891482491309481,0.5735162937918511,TRUE,TRUE
2002-12-13,Ross,3.43594619,0.6294696091787895,0.6294696091787895,0.5735162937918511,TRUE,TRUE
2002-12-14,Ross,3.322453456,0.6409007912558407,0.6409007912558407,0.5735162937918511,TRUE,TRUE
2002-12-15,Ross,3.243018702,0.6866880220381946,0.6866880220381946,0.5735162937918511,TRUE,TRUE
2002-12-16,Ross,3.147453552,0.7158968792019342,0.7158968792019342,0.5735162937918511,TRUE,TRUE
2002-12-17,Ross,3.057081517,0.7491048274231549,0.7491048274231549,0.5735162937918511,TRUE,TRUE
2002-12-18,Ross,2.947403031,0.7610662543779432,0.7610662543779432,0.5735162937918511,TRUE,TRUE
2002-12-19,Ross,2.800151858,0.7327688777423886,0.7327688777423886,0.5735162937918511,TRUE,TRUE
2002-12-20,Ross,2.643480426,0.6916382533566439,0.6916382533566439,0.5735162937918511,TRUE,TRUE
2002-12-21,Ross,2.508466615,0.6683285695536747,0.6683285695536747,0.5735162937918511,TRUE,TRUE
2002-12-22,Ross,2.353581335,0.6211290497019539,0.6211290497019539,0.5735162937918511,TRUE,TRUE
2002-12-23,Ross,2.175285125,0.5463252901055358,0.5463252901055358,0.5735162937918511,FALSE,FALSE
2002-12-24,Ross,2.040297425,0.5104617880684748,0.5104617880684748,0.5735162937918511,FALSE,FALSE
2002-12-25,Ross,1.977025652,0.5417710178948256,0.5417710178948256,0.5735162937918511,FALSE,FALSE
2002-12-26,Ross,1.893825321,0.5484335518886398,0.5484335518886398,0.5735162937918511,FALSE,FALSE
2002-12-27,Ross,1.788219633,0.5277976483539726,0.5277976483539726,0.5735162937918511,FALSE,FALSE
2002-12-28,Ross,1.628717747,0.4481975235948825,0.4481975235948825,0.5735162937918511,FALSE,FALSE
2002-12-29,Ross,1.394644681,0.28878325291541596,0.28878325291541596,0.5735162937918511,FALSE,FALSE
2002-12-30,Ross,1.240052527,0.2034319856196316,0.2034319856196316,0.5735162937918511,FALSE,FALSE
2002-12-31,Ross,1.125496819,0.1525243130115835,0.1525243130115835,0.5735162937918511,FALSE,FALSE
2003-01-01,Ross,1.029178902,0.11408663739532487,0.11408663739532487,0.5735162937918511,FALSE,FALSE
2003-01-02,Ross,0.940024073,0.07697395681482788,0.07697395681482788,0.5735162937918511,FALSE,FALSE
2003-01-03,Ross,0.885488444,0.06899065927372905,0.06899065927372905,0.5735162937918511,FALSE,FALSE
2003-01-04,Ross,0.852670597,0.0776882465155807,0.0776882465155807,0.5735162937918511,FALSE,FALSE
2003-01-05,Ross,0.81138839,0.07333749628394515,0.07333749628394515,0.5735162937918511,FALSE,FALSE
2003-01-06,Ross,0.772118617,0.06686812232237094,0.06686812232237094,0.5735162937918511,FALSE,FALSE
2003-01-07,Ross,0.748113172,0.07198493837441444,0.07198493837441444,0.5735162937918511,FALSE,FALSE
2003-01-08,Ross,0.709508249,0.05927705818363227,0.05927705818363227,0.5735162937918511,FALSE,FALSE
2003-01-09,Ross,0.696736181,0.06962973449357901,0.06962973449357901,0.5735162937918511,FALSE,FALSE
2003-01-10,Ross,0.663428126,0.05712704504780785,0.05712704504780785,0.5735162937918511,FALSE,FALSE
2003-01-11,Ross,0.605818723,0.01845654858987477,0.01845654858987477,0.5735162937918511,FALSE,FALSE
2003-01-12,Ross,0.556896266,-0.01294054113666431,0.01294054113666431,0.5735162937918511,FALSE,FALSE
2003-01-13,Ross,0.523823099,-0.0294489603882555,0.0294489603882555,0.5735162937918511,FALSE,FALSE
2003-01-14,Ross,0.489135616,-0.04808516227497794,0.04808516227497794,0.5735162937918511,FALSE,FALSE
2003-01-15,Ross,0.460661249,-0.06078150451513992,0.06078150451513992,0.5735162937918511,FALSE,FALSE
2003-01-16,Ross,0.433755839,-0.07220119060583369,0.07220119060583369,0.5735162937918511,FALSE,FALSE
2003-01-17,Ross,0.40788669,-0.08291235719687462,0.08291235719687462,0.5735162937918511,FALSE,FALSE
2003-01-18,Ross,0.397115634,-0.0788886129380778,0.0788886129380778,0.5735162937918511,FALSE,FALSE
2003-01-19,Ross,0.38441127,-0.07719679947925939,0.07719679947925939,0.5735162937918511,FALSE,FALSE
2003-01-20,Ross,0.378270834,-0.06937512147023411,0.06937512147023411,0.5735162937918511,FALSE,FALSE
2003-01-21,Ross,0.368411884,-0.06574146156081767,0.06574146156081767,0.5735162937918511,FALSE,FALSE
2003-01-22,Ross,0.352954601,-0.06821107940082533,0.06821107940082533,0.5735162937918511,FALSE,FALSE
2003-01-23,Ross,0.332080447,-0.07663795364007381,0.07663795364007381,0.5735162937918511,FALSE,FALSE
2003-01-24,Ross,0.324719305,-0.07212764192837795,0.07212764192837795,0.5735162937918511,FALSE,FALSE
2003-01-25,Ross,0.311726629,-0.07386013091555271,0.07386013091555271,0.5735162937918511,FALSE,FALSE
2003-01-26,Ross,0.308553195,-0.06642008525141346,0.06642008525141346,0.5735162937918511,FALSE,FALSE
2003-01-27,Ross,0.305445333,-0.05958943061440797,0.05958943061440797,0.5735162937918511,FALSE,FALSE
2003-01-28,Ross,0.307338372,-0.04841245531451654,0.04841245531451654,0.5735162937918511,FALSE,FALSE
2003-01-29,Ross,0.305547082,-0.04153383843045366,0.04153383843045366,0.5735162937918511,FALSE,FALSE
2003-01-30,Ross,0.311728996,-0.02725543107266348,0.02725543107266348,0.5735162937918511,FALSE,FALSE
2003-01-31,Ross,0.309877978,-0.02154275335158678,0.02154275335158678,0.5735162937918511,FALSE,FALSE
2003-02-01,Ross,0.289987161,-0.03436205637766593,0.03436205637766593,0.5735162937918511,FALSE,FALSE
2003-02-02,Ross,0.284333113,-0.03339615626134412,0.03339615626134412,0.5735162937918511,FALSE,FALSE
2003-02-03,Ross,0.286802324,-0.02471794711306202,0.02471794711306202,0.5735162937918511,FALSE,FALSE
2003-02-04,Ross,0.276248005,-0.02943360204326173,0.02943360204326173,0.5735162937918511,FALSE,FALSE
2003-02-05,Ross,0.275632042,-0.02454061916238587,0.02454061916238587,0.5735162937918511,FALSE,FALSE
2003-02-06,Ross,0.278719407,-0.01623341058087651,0.01623341058087651,0.5735162937918511,FALSE,FALSE
2003-02-07,Ross,0.285041191,-0.00494026940917446,0.00494026940917446,0.5735162937918511,FALSE,FALSE
2003-02-08,Ross,0.286336471,0.00111834706893843,0.00111834706893843,0.5735162937918511,FALSE,FALSE
2003-02-09,Ross,0.28627128,0.00562911118657882,0.00562911118657882,0.5735162937918511,FALSE,FALSE
2003-02-10,Ross,0.287533753,0.01126136736262428,0.01126136736262428,0.5735162937918511,FALSE,FALSE
2003-02-11,Ross,0.275215533,0.00308330607515144,0.00308330607515144,0.5735162937918511,FALSE,FALSE
2003-02-12,Ross,0.256788805,-0.01145634019776253,0.01145634019776253,0.5735162937918511,FALSE,FALSE
2003-02-13,Ross,0.256815703,-0.00781888997804319,0.00781888997804319,0.5735162937918511,FALSE,FALSE
2003-02-14,Ross,0.243768137,-0.01755588578761141,0.01755588578761141,0.5735162937918511,FALSE,FALSE
2003-02-15,Ross,0.236909289,-0.02142759814839143,0.02142759814839143,0.5735162937918511,FALSE,FALSE
2003-02-16,Ross,0.234408237,-0.02128840158230968,0.02128840158230968,0.5735162937918511,FALSE,FALSE
2003-02-17,Ross,0.228288533,-0.02513819661128594,0.02513819661128594,0.5735162937918511,FALSE,FALSE
2003-02-18,Ross,0.238244007,-0.01330660575724637,0.01330660575724637,0.5735162937918511,FALSE,FALSE
2003-02-19,Ross,0.226514444,-0.02357729654211379,0.02357729654211379,0.5735162937918511,FALSE,FALSE
2003-02-20,Ross,0.217224349,-0.03184921648781194,0.03184921648781194,0.5735162937918511,FALSE,FALSE
2003-02-21,Ross,0.222122165,-0.02639564628144231,0.02639564628144231,0.5735162937918511,FALSE,FALSE
2003-02-22,Ross,0.220210901,-0.02821434085089416,0.02821434085089416,0.5735162937918511,FALSE,FALSE
2003-02-23,Ross,0.226368317,-0.02241436077757347,0.02241436077757347,0.5735162937918511,FALSE,FALSE
2003-02-24,Ross,0.231315053,-0.0182616345894101,0.0182616345894101,0.5735162937918511,FALSE,FALSE
2003-02-25,Ross,0.236875748,-0.01391809181433073,0.01391809181433073,0.5735162937918511,FALSE,FALSE
2003-02-26,Ross,0.243053627,-0.00936707598026415,0.00936707598026415,0.5735162937918511,FALSE,FALSE
2003-02-27,Ross,0.231283306,-0.02316053961513634,0.02316053961513634,0.5735162937918511,FALSE,FALSE
2003-02-28,Ross,0.231291223,-0.02555861324687564,0.02555861324687564,0.5735162937918511,FALSE,FALSE
2003-03-01,Ross,0.232592723,-0.02703252040341025,0.02703252040341025,0.5735162937918511,FALSE,FALSE
2003-03-02,Ross,0.242634368,-0.02012226761266694,0.02012226761266694,0.5735162937918511,FALSE,FALSE
2003-03-03,Ross,0.237681172,-0.02854940940257472,0.02854940940257472,0.5735162937918511,FALSE,FALSE
2003-03-04,Ross,0.227833707,-0.04219994230105989,0.04219994230105989,0.5735162937918511,FALSE,FALSE
2003-03-05,Ross,0.22480088,-0.04935152903836629,0.04935152903836629,0.5735162937918511,FALSE,FALSE
2003-03-06,Ross,0.218035237,-0.0605426658105167,0.0605426658105167,0.5735162937918511,FALSE,FALSE
2003-03-07,Ross,0.20250627,-0.08080946346322526,0.08080946346322526,0.5735162937918511,FALSE,FALSE
2003-03-08,Ross,0.197614748,-0.0907597139908023,0.0907597139908023,0.5735162937918511,FALSE,FALSE
2003-03-09,Ross,0.191997078,-0.1017655713875536,0.1017655713875536,0.5735162937918511,FALSE,FALSE
2003-03-10,Ross,0.193901713,-0.10558714364778696,0.10558714364778696,0.5735162937918511,FALSE,FALSE
2003-03-11,Ross,0.206368637,-0.09919300776581,0.09919300776581,0.5735162937918511,FALSE,FALSE
2003-03-12,Ross,0.215055308,-0.09693426673593096,0.09693426673593096,0.5735162937918511,FALSE,FALSE
2003-03-13,Ross,0.226878289,-0.09190291855245623,0.09190291855245623,0.5735162937918511,FALSE,FALSE
2003-03-14,Ross,0.248599643,-0.07734546120969124,0.07734546120969124,0.5735162937918511,FALSE,FALSE
2003-03-15,Ross,0.274097018,-0.05939280770194827,0.05939280770194827,0.5735162937918511,FALSE,FALSE
2003-03-16,Ross,0.294052949,-0.04737098402353035,0.04737098402353035,0.5735162937918511,FALSE,FALSE
2003-03-17,Ross,0.302785696,-0.0469702911687484,0.0469702911687484,0.5735162937918511,FALSE,FALSE
2003-03-18,Ross,0.316454097,-0.04204029165721829,0.04204029165721829,0.5735162937918511,FALSE,FALSE
2003-03-19,Ross,0.319617781,-0.04802574917664004,0.04802574917664004,0.5735162937918511,FALSE,FALSE
2003-03-20,Ross,0.306599567,-0.07060404518894647,0.07060404518894647,0.5735162937918511,FALSE,FALSE
2003-03-21,Ross,0.310997559,-0.0761770787792258,0.0761770787792258,0.5735162937918511,FALSE,FALSE
2003-03-22,Ross,0.29611925,-0.1014373600325636,0.1014373600325636,0.5735162937918511,FALSE,FALSE
2003-03-23,Ross,0.276224152,-0.132125380034048,0.132125380034048,0.5735162937918511,FALSE,FALSE
2003-03-24,Ross,0.263218236,-0.1563351708687682,0.1563351708687682,0.5735162937918511,FALSE,FALSE
2003-03-25,Ross,0.285598795,-0.14556944262180688,0.14556944262180688,0.5735162937918511,FALSE,FALSE
2003-03-26,Ross,0.299891642,-0.14330238537825568,0.14330238537825568,0.5735162937918511,FALSE,FALSE
2003-03-27,Ross,0.30670421,-0.1489265692231983,0.1489265692231983,0.5735162937918511,FALSE,FALSE
2003-03-28,Ross,0.329550485,-0.13892801124172616,0.13892801124172616,0.5735162937918511,FALSE,FALSE
2003-03-29,Ross,0.358523184,-0.12321399751892248,0.12321399751892248,0.5735162937918511,FALSE,FALSE
2003-03-30,Ross,0.3726655,-0.12274133813987652,0.12274133813987652,0.5735162937918511,FALSE,FALSE
2003-03-31,Ross,0.373757948,-0.1357308051916591,0.1357308051916591,0.5735162937918511,FALSE,FALSE
2003-04-01,Ross,0.367408809,-0.15658242315885434,0.15658242315885434,0.5735162937918511,FALSE,FALSE
2003-04-02,Ross,0.38521075,-0.15371421647875788,0.15371421647875788,0.5735162937918511,FALSE,FALSE
2003-04-03,Ross,0.42279186,-0.13150878956112633,0.13150878956112633,0.5735162937918511,FALSE,FALSE
2003-04-04,Ross,0.435661803,-0.134467171815722,0.134467171815722,0.5735162937918511,FALSE,FALSE
2003-04-05,Ross,0.43244963,-0.15397100565230265,0.15397100565230265,0.5735162937918511,FALSE,FALSE
2003-04-06,Ross,0.486084395,-0.11710193048062512,0.11710193048062512,0.5735162937918511,FALSE,FALSE
2003-04-07,Ross,0.521271764,-0.09916497371045284,0.09916497371045284,0.5735162937918511,FALSE,FALSE
2003-04-08,Ross,0.545731288,-0.09245127775154204,0.09245127775154204,0.5735162937918511,FALSE,FALSE
2003-04-09,Ross,0.564667634,-0.09176686901365216,0.09176686901365216,0.5735162937918511,FALSE,FALSE
2003-04-10,Ross,0.576889771,-0.09831347190654448,0.09831347190654448,0.5735162937918511,FALSE,FALSE
2003-04-11,Ross,0.586692502,-0.10780697683997664,0.10780697683997664,0.5735162937918511,FALSE,FALSE
2003-04-12,Ross,0.573830958,-0.14050264637534093,0.14050264637534093,0.5735162937918511,FALSE,FALSE
2003-04-13,Ross,0.570622379,-0.16407226381104312,0.16407226381104312,0.5735162937918511,FALSE,FALSE
2003-04-14,Ross,0.588207544,-0.16732884475861998,0.16732884475861998,0.5735162937918511,FALSE,FALSE
2003-04-15,Ross,0.584870509,-0.1919388373125589,0.1919388373125589,0.5735162937918511,FALSE,FALSE
2003-04-16,Ross,0.606477643,-0.19198637656734896,0.19198637656734896,0.5735162937918511,FALSE,FALSE
2003-04-17,Ross,0.640215172,-0.1802357406174759,0.1802357406174759,0.5735162937918511,FALSE,FALSE
2003-04-18,Ross,0.674754516,-0.16796601355742846,0.16796601355742846,0.5735162937918511,FALSE,FALSE
2003-04-19,Ross,0.703370448,-0.16185292648169314,0.16185292648169314,0.5735162937918511,FALSE,FALSE
2003-04-20,Ross,0.718008211,-0.1699017404847598,0.1699017404847598,0.5735162937918511,FALSE,FALSE
2003-04-21,Ross,0.74041107,-0.1703196946611122,0.1703196946611122,0.5735162937918511,FALSE,FALSE
2003-04-22,Ross,0.765439494,-0.16819682410523862,0.16819682410523862,0.5735162937918511,FALSE,FALSE
2003-04-23,Ross,0.77638844,-0.1801886759116289,0.1801886759116289,0.5735162937918511,FALSE,FALSE
2003-04-24,Ross,0.807678914,-0.17182474817476756,0.17182474817476756,0.5735162937918511,FALSE,FALSE
2003-04-25,Ross,0.841166958,-0.16120959949581837,0.16120959949581837,0.5735162937918511,FALSE,FALSE
2003-04-26,Ross,0.851570283,-0.17368201066923494,0.17368201066923494,0.5735162937918511,FALSE,FALSE
2003-04-27,Ross,0.850458563,-0.1977817895236983,0.1977817895236983,0.5735162937918511,FALSE,FALSE
2003-04-28,Ross,0.859011705,-0.2124390690793737,0.2124390690793737,0.5735162937918511,FALSE,FALSE
2003-04-29,Ross,0.86404964,-0.23094395835643233,0.23094395835643233,0.5735162937918511,FALSE,FALSE
2003-04-30,Ross,0.874543238,-0.24443562737504496,0.24443562737504496,0.5735162937918511,FALSE,FALSE
2003-05-01,Ross,0.923095248,-0.22042136715538352,0.22042136715538352,0.5735162937918511,FALSE,FALSE
2003-05-02,Ross,0.949482721,-0.21923416671761464,0.21923416671761464,0.5735162937918511,FALSE,FALSE
2003-05-03,Ross,0.984527283,-0.21016244008190887,0.21016244008190887,0.5735162937918511,FALSE,FALSE
2003-05-04,Ross,1.0249065,-0.19663866126843788,0.19663866126843788,0.5735162937918511,FALSE,FALSE
2003-05-05,Ross,1.088254761,-0.1611384812973704,0.1611384812973704,0.5735162937918511,FALSE,FALSE
2003-05-06,Ross,1.120381596,-0.1579624101888757,0.1579624101888757,0.5735162937918511,FALSE,FALSE
2003-05-07,Ross,1.158346481,-0.15016092309134654,0.15016092309134654,0.5735162937918511,FALSE,FALSE
2003-05-08,Ross,1.184427945,-0.1555158947470523,0.1555158947470523,0.5735162937918511,FALSE,FALSE
2003-05-09,Ross,1.20820954,-0.1643723078398216,0.1643723078398216,0.5735162937918511,FALSE,FALSE
2003-05-10,Ross,1.225682786,-0.18064547984150536,0.18064547984150536,0.5735162937918511,FALSE,FALSE
2003-05-11,Ross,1.269393871,-0.17169606022395145,0.17169606022395145,0.5735162937918511,FALSE,FALSE
2003-05-12,Ross,1.334394147,-0.14237953445900753,0.14237953445900753,0.5735162937918511,FALSE,FALSE
2003-05-13,Ross,1.403065292,-0.1102210620185271,0.1102210620185271,0.5735162937918511,FALSE,FALSE
2003-05-14,Ross,1.459768033,-0.09076675337435568,0.09076675337435568,0.5735162937918511,FALSE,FALSE
2003-05-15,Ross,1.507617865,-0.0808079509983437,0.0808079509983437,0.5735162937918511,FALSE,FALSE
2003-05-16,Ross,1.532547704,-0.0943185763623422,0.0943185763623422,0.5735162937918511,FALSE,FALSE
2003-05-17,Ross,1.569016196,-0.09674682093819698,0.09674682093819698,0.5735162937918511,FALSE,FALSE
2003-05-18,Ross,1.61733317,-0.08768969319776132,0.08768969319776132,0.5735162937918511,FALSE,FALSE
2003-05-19,Ross,1.689182995,-0.05536966161288337,0.05536966161288337,0.5735162937918511,FALSE,FALSE
2003-05-20,Ross,1.820078825,0.03581654579403759,0.03581654579403759,0.5735162937918511,FALSE,FALSE
2003-05-21,Ross,1.94233401,0.11821684212936234,0.11821684212936234,0.5735162937918511,FALSE,FALSE
2003-05-22,Ross,1.960625151,0.09649385410909496,0.09649385410909496,0.5735162937918511,FALSE,FALSE
2003-05-23,Ross,1.975697458,0.07137718442249374,0.07137718442249374,0.5735162937918511,FALSE,FALSE
2003-05-24,Ross,1.999965033,0.0552653277588182,0.0552653277588182,0.5735162937918511,FALSE,FALSE
2003-05-25,Ross,2.065341466,0.08005626680732925,0.08005626680732925,0.5735162937918511,FALSE,FALSE
2003-05-26,Ross,2.106724886,0.08063252325728687,0.08063252325728687,0.5735162937918511,FALSE,FALSE
2003-05-27,Ross,2.154327256,0.08719045279794946,0.08719045279794946,0.5735162937918511,FALSE,FALSE
2003-05-28,Ross,2.261504663,0.15307053511857482,0.15307053511857482,0.5735162937918511,FALSE,FALSE
2003-05-29,Ross,2.407376998,0.2573770539084226,0.2573770539084226,0.5735162937918511,FALSE,FALSE
2003-05-30,Ross,2.496558969,0.3047091098567538,0.3047091098567538,0.5735162937918511,FALSE,FALSE
2003-05-31,Ross,2.575290391,0.3412909106528259,0.3412909106528259,0.5735162937918511,FALSE,FALSE
2003-06-01,Ross,2.660705241,0.38424082598590026,0.38424082598590026,0.5735162937918511,FALSE,FALSE
2003-06-02,Ross,2.68044675,0.3611911379503079,0.3611911379503079,0.5735162937918511,FALSE,FALSE
2003-06-03,Ross,2.689166462,0.3268031075832538,0.3268031075832538,0.5735162937918511,FALSE,FALSE
2003-06-04,Ross,2.654631172,0.24885897570762697,0.24885897570762697,0.5735162937918511,FALSE,FALSE
2003-06-05,Ross,2.61089648,0.16142978835852784,0.16142978835852784,0.5735162937918511,FALSE,FALSE
2003-06-06,Ross,2.644558814,0.15112741957105458,0.15112741957105458,0.5735162937918511,FALSE,FALSE
2003-06-07,Ross,2.705112493,0.16746163438030282,0.16746163438030282,0.5735162937918511,FALSE,FALSE
2003-06-08,Ross,2.793191544,0.21108190582137532,0.21108190582137532,0.5735162937918511,FALSE,FALSE
2003-06-09,Ross,2.857350788,0.2305585009293698,0.2305585009293698,0.5735162937918511,FALSE,FALSE
2003-06-10,Ross,2.915486633,0.24380327373938027,0.24380327373938027,0.5735162937918511,FALSE,FALSE
2003-06-11,Ross,2.969082571,0.2523151622865094,0.2523151622865094,0.5735162937918511,FALSE,FALSE
2003-06-12,Ross,2.994909916,0.2328809266058558,0.2328809266058558,0.5735162937918511,FALSE,FALSE
2003-06-13,Ross,3.049044698,0.2415920427325169,0.2415920427325169,0.5735162937918511,FALSE,FALSE
2003-06-14,Ross,3.107917811,0.2548954742554099,0.2548954742554099,0.5735162937918511,FALSE,FALSE
2003-06-15,Ross,3.110199672,0.21150519660186265,0.21150519660186265,0.5735162937918511,FALSE,FALSE
2003-06-16,Ross,3.146398111,0.20201030891649063,0.20201030891649063,0.5735162937918511,FALSE,FALSE
2003-06-17,Ross,3.242503753,0.2524854375496828,0.2524854375496828,0.5735162937918511,FALSE,FALSE
2003-06-18,Ross,3.316484641,0.2809826268518143,0.2809826268518143,0.5735162937918511,FALSE,FALSE
2003-06-19,Ross,3.369694821,0.28893992417327796,0.28893992417327796,0.5735162937918511,FALSE,FALSE
2003-06-20,Ross,3.37584583,0.25015286786445357,0.25015286786445357,0.5735162937918511,FALSE,FALSE
2003-06-21,Ross,3.401028291,0.230796082275726,0.230796082275726,0.5735162937918511,FALSE,FALSE
2003-06-22,Ross,3.43773511,0.2234464747574787,0.2234464747574787,0.5735162937918511,FALSE,FALSE
2003-06-23,Ross,3.505435533,0.2476572926600964,0.2476572926600964,0.5735162937918511,FALSE,FALSE
2003-06-24,Ross,3.568606217,0.26798919433396273,0.26798919433396273,0.5735162937918511,FALSE,FALSE
2003-06-25,Ross,3.629212221,0.2864912401294628,0.2864912401294628,0.5735162937918511,FALSE,FALSE
2003-06-26,Ross,3.674029316,0.29002320239698065,0.29002320239698065,0.5735162937918511,FALSE,FALSE
2003-06-27,Ross,3.696735395,0.2723319170251415,0.2723319170251415,0.5735162937918511,FALSE,FALSE
2003-06-28,Ross,3.751101783,0.2871438625564706,0.2871438625564706,0.5735162937918511,FALSE,FALSE
2003-06-29,Ross,3.798027414,0.2952611317084033,0.2952611317084033,0.5735162937918511,FALSE,FALSE
2003-06-30,Ross,3.822594583,0.2816689108664292,0.2816689108664292,0.5735162937918511,FALSE,FALSE
2003-07-01,Ross,3.864847564,0.28631436541604227,0.28631436541604227,0.5735162937918511,FALSE,FALSE
2003-07-02,Ross,3.935078343,0.31939237274273324,0.31939237274273324,0.5735162937918511,FALSE,FALSE
2003-07-03,Ross,3.954503127,0.30202203123198945,0.30202203123198945,0.5735162937918511,FALSE,FALSE
2003-07-04,Ross,3.9596835440000002,0.27066786026930556,0.27066786026930556,0.5735162937918511,FALSE,FALSE
2003-07-05,Ross,3.990105324,0.2647184812401715,0.2647184812401715,0.5735162937918511,FALSE,FALSE
2003-07-06,Ross,4.020538861,0.2588471795300791,0.2588471795300791,0.5735162937918511,FALSE,FALSE
2003-07-07,Ross,4.036378154,0.2383508455245229,0.2383508455245229,0.5735162937918511,FALSE,FALSE
2003-07-08,Ross,4.059920214,0.22542938160898407,0.22542938160898407,0.5735162937918511,FALSE,FALSE
2003-07-09,Ross,4.072294002,0.20111494763839355,0.20111494763839355,0.5735162937918511,FALSE,FALSE
2003-07-10,Ross,4.084918951,0.17678997684802855,0.17678997684802855,0.5735162937918511,FALSE,FALSE
2003-07-11,Ross,4.067961714,0.1227149962659917,0.1227149962659917,0.5735162937918511,FALSE,FALSE
2003-07-12,Ross,4.035100537,0.05267944527471924,0.05267944527471924,0.5735162937918511,FALSE,FALSE
2003-07-13,Ross,4.069056121,0.0495152182566505,0.0495152182566505,0.5735162937918511,FALSE,FALSE
2003-07-14,Ross,4.191990928,0.13549597059422602,0.13549597059422602,0.5735162937918511,FALSE,FALSE
2003-07-15,Ross,4.306737193,0.2135651306698767,0.2135651306698767,0.5735162937918511,FALSE,FALSE
2003-07-16,Ross,4.40499431,0.2755332858660484,0.2755332858660484,0.5735162937918511,FALSE,FALSE
2003-07-17,Ross,4.484177588,0.3189269385651672,0.3189269385651672,0.5735162937918511,FALSE,FALSE
2003-07-18,Ross,4.57978918,0.37935943514967985,0.37935943514967985,0.5735162937918511,FALSE,FALSE
2003-07-19,Ross,4.650698406,0.41581128900201936,0.41581128900201936,0.5735162937918511,FALSE,FALSE
2003-07-20,Ross,4.686996196,0.41848462350462245,0.41848462350462245,0.5735162937918511,FALSE,FALSE
2003-07-21,Ross,4.732971132,0.4317792140399313,0.4317792140399313,0.5735162937918511,FALSE,FALSE
2003-07-22,Ross,4.751745499,0.4189196151782824,0.4189196151782824,0.5735162937918511,FALSE,FALSE
2003-07-23,Ross,4.782751909,0.4193175393792137,0.4193175393792137,0.5735162937918511,FALSE,FALSE
2003-07-24,Ross,4.828655793,0.435527735249317,0.435527735249317,0.5735162937918511,FALSE,FALSE
2003-07-25,Ross,4.865946618,0.44392695077073085,0.44392695077073085,0.5735162937918511,FALSE,FALSE
2003-07-26,Ross,4.87478629,0.4245643729255866,0.4245643729255866,0.5735162937918511,FALSE,FALSE
2003-07-27,Ross,4.857954528,0.3801070016960102,0.3801070016960102,0.5735162937918511,FALSE,FALSE
2003-07-28,Ross,4.854279332,0.34927011806414043,0.34927011806414043,0.5735162937918511,FALSE,FALSE
2003-07-29,Ross,4.812366204,0.2805465050121123,0.2805465050121123,0.5735162937918511,FALSE,FALSE
2003-07-30,Ross,4.757944635,0.19955293452205417,0.19955293452205417,0.5735162937918511,FALSE,FALSE
2003-07-31,Ross,4.77170339,0.1868654525761002,0.1868654525761002,0.5735162937918511,FALSE,FALSE
2003-08-01,Ross,4.783034701,0.1717635721563786,0.1717635721563786,0.5735162937918511,FALSE,FALSE
2003-08-02,Ross,4.782993918,0.1451899242450274,0.1451899242450274,0.5735162937918511,FALSE,FALSE
2003-08-03,Ross,4.83773548,0.1731862304220506,0.1731862304220506,0.5735162937918511,FALSE,FALSE
2003-08-04,Ross,4.850025595,0.15844911740821388,0.15844911740821388,0.5735162937918511,FALSE,FALSE
2003-08-05,Ross,4.828229594,0.10942994364665903,0.10942994364665903,0.5735162937918511,FALSE,FALSE
2003-08-06,Ross,4.845763121,0.0996654570571076,0.0996654570571076,0.5735162937918511,FALSE,FALSE
2003-08-07,Ross,4.895577018,0.1222276035592813,0.1222276035592813,0.5735162937918511,FALSE,FALSE
2003-08-08,Ross,4.993171354,0.1927375560729132,0.1927375560729132,0.5735162937918511,FALSE,FALSE
2003-08-09,Ross,5.064388725,0.2371590145177267,0.2371590145177267,0.5735162937918511,FALSE,FALSE
2003-08-10,Ross,5.081836547,0.2282204988134424,0.2282204988134424,0.5735162937918511,FALSE,FALSE
2003-08-11,Ross,5.054591598,0.1751198908797944,0.1751198908797944,0.5735162937918511,FALSE,FALSE
2003-08-12,Ross,5.010631984,0.10595640063650524,0.10595640063650524,0.5735162937918511,FALSE,FALSE
2003-08-13,Ross,4.993320878,0.06421430500330505,0.06421430500330505,0.5735162937918511,FALSE,FALSE
2003-08-14,Ross,4.987726347,0.0350827748999114,0.0350827748999114,0.5735162937918511,FALSE,FALSE
2003-08-15,Ross,5.075429487,0.10026401024605924,0.10026401024605924,0.5735162937918511,FALSE,FALSE
2003-08-16,Ross,5.184824536,0.18826937232626673,0.18826937232626673,0.5735162937918511,FALSE,FALSE
2003-08-17,Ross,5.280038631,0.2632248075977133,0.2632248075977133,0.5735162937918511,FALSE,FALSE
2003-08-18,Ross,5.369488023,0.3334099570111473,0.3334099570111473,0.5735162937918511,FALSE,FALSE
2003-08-19,Ross,5.399054646,0.34456272317831527,0.34456272317831527,0.5735162937918511,FALSE,FALSE
2003-08-20,Ross,5.410999131,0.33879970571096063,0.33879970571096063,0.5735162937918511,FALSE,FALSE
2003-08-21,Ross,5.458407189,0.36906258422083393,0.36906258422083393,0.5735162937918511,FALSE,FALSE
2003-08-22,Ross,5.50713066,0.4010591673196755,0.4010591673196755,0.5735162937918511,FALSE,FALSE
2003-08-23,Ross,5.537733037,0.4152089166192354,0.4152089166192354,0.5735162937918511,FALSE,FALSE
2003-08-24,Ross,5.534378372,0.39553185273126346,0.39553185273126346,0.5735162937918511,FALSE,FALSE
2003-08-25,Ross,5.526919627,0.3717369062674969,0.3717369062674969,0.5735162937918511,FALSE,FALSE
2003-08-26,Ross,5.516634667,0.34495791083969074,0.34495791083969074,0.5735162937918511,FALSE,FALSE
2003-08-27,Ross,5.507083746,0.31861108905958613,0.31861108905958613,0.5735162937918511,FALSE,FALSE
2003-08-28,Ross,5.552338155,0.346623700538931,0.346623700538931,0.5735162937918511,FALSE,FALSE
2003-08-29,Ross,5.605862772,0.3823438706852525,0.3823438706852525,0.5735162937918511,FALSE,FALSE
2003-08-30,Ross,5.644727106,0.4028901481340786,0.4028901481340786,0.5735162937918511,FALSE,FALSE
2003-08-31,Ross,5.713832139,0.45327484794252726,0.45327484794252726,0.5735162937918511,FALSE,FALSE
2003-09-01,Ross,5.713861383,0.4342929269016613,0.4342929269016613,0.5735162937918511,FALSE,FALSE
2003-09-02,Ross,5.717230552,0.41847154380253926,0.41847154380253926,0.5735162937918511,FALSE,FALSE
2003-09-03,Ross,5.754881649,0.4368641464362239,0.4368641464362239,0.5735162937918511,FALSE,FALSE
2003-09-04,Ross,5.760568458,0.4233359635937797,0.4233359635937797,0.5735162937918511,FALSE,FALSE
2003-09-05,Ross,5.783544601,0.427252062066267,0.427252062066267,0.5735162937918511,FALSE,FALSE
2003-09-06,Ross,5.817618321,0.4425321296447473,0.4425321296447473,0.5735162937918511,FALSE,FALSE
2003-09-07,Ross,5.818028385,0.4245263781202828,0.4245263781202828,0.5735162937918511,FALSE,FALSE
2003-09-08,Ross,5.803508235,0.3920796942839395,0.3920796942839395,0.5735162937918511,FALSE,FALSE
2003-09-09,Ross,5.770354588,0.34160023992677324,0.34160023992677324,0.5735162937918511,FALSE,FALSE
2003-09-10,Ross,5.774128212,0.3287597652386802,0.3287597652386802,0.5735162937918511,FALSE,FALSE
2003-09-11,Ross,5.817621035,0.3564172649212809,0.3564172649212809,0.5735162937918511,FALSE,FALSE
2003-09-12,Ross,5.844205537,0.3679328158544637,0.3679328158544637,0.5735162937918511,FALSE,FALSE
2003-09-13,Ross,5.880359334,0.3897632634386996,0.3897632634386996,0.5735162937918511,FALSE,FALSE
2003-09-14,Ross,5.863286576,0.3590919870744651,0.3590919870744651,0.5735162937918511,FALSE,FALSE
2003-09-15,Ross,5.825060043,0.3079709961622292,0.3079709961622292,0.5735162937918511,FALSE,FALSE
2003-09-16,Ross,5.829332509,0.30003229410247023,0.30003229410247023,0.5735162937918511,FALSE,FALSE
2003-09-17,Ross,5.87012735,0.32927848629565926,0.32927848629565926,0.5735162937918511,FALSE,FALSE
2003-09-18,Ross,5.89758807,0.34583230614226945,0.34583230614226945,0.5735162937918511,FALSE,FALSE
2003-09-19,Ross,5.934488354,0.372446668042775,0.372446668042775,0.5735162937918511,FALSE,FALSE
2003-09-20,Ross,5.977843893,0.4061164923976479,0.4061164923976479,0.5735162937918511,FALSE,FALSE
2003-09-21,Ross,6.006366691,0.42553301260736376,0.42553301260736376,0.5735162937918511,FALSE,FALSE
2003-09-22,Ross,6.022978836,0.4335975460723924,0.4335975460723924,0.5735162937918511,FALSE,FALSE
2003-09-23,Ross,6.061343953,0.4639547569320186,0.4639547569320186,0.5735162937918511,FALSE,FALSE
2003-09-24,Ross,6.124273098,0.5194161156153916,0.5194161156153916,0.5735162937918511,FALSE,FALSE
2003-09-25,Ross,6.1546961,0.5429236189003497,0.5429236189003497,0.5735162937918511,FALSE,FALSE
2003-09-26,Ross,6.147185217,0.5290618574771742,0.5290618574771742,0.5735162937918511,FALSE,FALSE
2003-09-27,Ross,6.18032686,0.5564295750361437,0.5564295750361437,0.5735162937918511,FALSE,FALSE
2003-09-28,Ross,6.221109737,0.5920278122675393,0.5920278122675393,0.5735162937918511,TRUE,TRUE
2003-09-29,Ross,6.24987692,0.6162119738616454,0.6162119738616454,0.5735162937918511,TRUE,TRUE
2003-09-30,Ross,6.285282559,0.6476485425087413,0.6476485425087413,0.5735162937918511,TRUE,TRUE
2003-10-01,Ross,6.33481483,0.69383802689911,0.69383802689911,0.5735162937918511,TRUE,TRUE
2003-10-02,Ross,6.363704099,0.7200231257230305,0.7200231257230305,0.5735162937918511,TRUE,TRUE
2003-10-03,Ross,6.345907327,0.7001731326707876,0.7001731326707876,0.5735162937918511,TRUE,TRUE
2003-10-04,Ross,6.320549111,0.6734249774326599,0.6734249774326599,0.5735162937918511,TRUE,TRUE
2003-10-05,Ross,6.299165673,0.6513272218178257,0.6513272218178257,0.5735162937918511,TRUE,TRUE
2003-10-06,Ross,6.283833776,0.6359775798618328,0.6359775798618328,0.5735162937918511,TRUE,TRUE
2003-10-07,Ross,6.249242175,0.6021110879471161,0.6021110879471161,0.5735162937918511,TRUE,TRUE
2003-10-08,Ross,6.203214506,0.5576022975931076,0.5576022975931076,0.5735162937918511,FALSE,FALSE
2003-10-09,Ross,6.151344568,0.5080959233192521,0.5080959233192521,0.5735162937918511,FALSE,FALSE
2003-10-10,Ross,6.094936192,0.454946711644987,0.454946711644987,0.5735162937918511,FALSE,FALSE
2003-10-11,Ross,6.109624733,0.47384093308975217,0.47384093308975217,0.5735162937918511,FALSE,FALSE
2003-10-12,Ross,6.178398465,0.5478177771729875,0.5478177771729875,0.5735162937918511,FALSE,FALSE
2003-10-13,Ross,6.211708373,0.5873791444141299,0.5873791444141299,0.5735162937918511,TRUE,FALSE
2003-10-14,Ross,6.225127407,0.6081489003326226,0.6081489003326226,0.5735162937918511,TRUE,FALSE
2003-10-15,Ross,6.227571339,0.6190937324479036,0.6190937324479036,0.5735162937918511,TRUE,FALSE
2003-10-16,Ross,6.179267388,0.580491775279409,0.580491775279409,0.5735162937918511,TRUE,FALSE
2003-10-17,Ross,6.133643875,0.5458222653465805,0.5458222653465805,0.5735162937918511,FALSE,FALSE
2003-10-18,Ross,6.15543088,0.5798623629412969,0.5798623629412969,0.5735162937918511,TRUE,TRUE
2003-10-19,Ross,6.16415632,0.6021056062583536,0.6021056062583536,0.5735162937918511,TRUE,TRUE
2003-10-20,Ross,6.164719178,0.6173387233503016,0.6173387233503016,0.5735162937918511,TRUE,TRUE
2003-10-21,Ross,6.185613926,0.6539408130876287,0.6539408130876287,0.5735162937918511,TRUE,TRUE
2003-10-22,Ross,6.208649299,0.6936052373408259,0.6936052373408259,0.5735162937918511,TRUE,TRUE
2003-10-23,Ross,6.206443778,0.7088351039803813,0.7088351039803813,0.5735162937918511,TRUE,TRUE
2003-10-24,Ross,6.177261559,0.6977792358767871,0.6977792358767871,0.5735162937918511,TRUE,TRUE
2003-10-25,Ross,6.174363164,0.7135827819005334,0.7135827819005334,0.5735162937918511,TRUE,TRUE
2003-10-26,Ross,6.16144514,0.7198269159221082,0.7198269159221082,0.5735162937918511,TRUE,TRUE
2003-10-27,Ross,6.129192291,0.7070810688120028,0.7070810688120028,0.5735162937918511,TRUE,TRUE
2003-10-28,Ross,6.059120302,0.6567455524407082,0.6567455524407082,0.5735162937918511,TRUE,TRUE
2003-10-29,Ross,6.014680639,0.632156459678713,0.632156459678713,0.5735162937918511,TRUE,TRUE
2003-10-30,Ross,6.006698686,0.6440238013965089,0.6440238013965089,0.5735162937918511,TRUE,TRUE
2003-10-31,Ross,5.976158555,0.6332563931502468,0.6332563931502468,0.5735162937918511,TRUE,TRUE
2003-11-01,Ross,5.922567684,0.5994836426452403,0.5994836426452403,0.5735162937918511,TRUE,TRUE
2003-11-02,Ross,5.8689409,0.5659029390822843,0.5659029390822843,0.5735162937918511,FALSE,FALSE
2003-11-03,Ross,5.850436556,0.5678552139510264,0.5678552139510264,0.5735162937918511,FALSE,FALSE
2003-11-04,Ross,5.853182496,0.5916508897411132,0.5916508897411132,0.5735162937918511,TRUE,TRUE
2003-11-05,Ross,5.852283226,0.612577050942197,0.612577050942197,0.5735162937918511,TRUE,TRUE
2003-11-06,Ross,5.857907001,0.6409845310439266,0.6409845310439266,0.5735162937918511,TRUE,TRUE
2003-11-07,Ross,5.828578895,0.6355809825359486,0.6355809825359486,0.5735162937918511,TRUE,TRUE
2003-11-08,Ross,5.820900064,0.6531501399079112,0.6531501399079112,0.5735162937918511,TRUE,TRUE
2003-11-09,Ross,5.787367347,0.6463714206494648,0.6463714206494648,0.5735162937918511,TRUE,TRUE
2003-11-10,Ross,5.76137617,0.6488228292502569,0.6488228292502569,0.5735162937918511,TRUE,TRUE
2003-11-11,Ross,5.68272807,0.6004884811999371,0.6004884811999371,0.5735162937918511,TRUE,TRUE
2003-11-12,Ross,5.614836421,0.5649628480697881,0.5649628480697881,0.5735162937918511,FALSE,FALSE
2003-11-13,Ross,5.564277222,0.5489211035080057,0.5489211035080057,0.5735162937918511,FALSE,FALSE
2003-11-14,Ross,5.506592561,0.5278813629151458,0.5278813629151458,0.5735162937918511,FALSE,FALSE
2003-11-15,Ross,5.455557675,0.5155847330726946,0.5155847330726946,0.5735162937918511,FALSE,FALSE
2003-11-16,Ross,5.382076795,0.48290131476213727,0.48290131476213727,0.5735162937918511,FALSE,FALSE
2003-11-17,Ross,5.340209463,0.4838565197649567,0.4838565197649567,0.5735162937918511,FALSE,FALSE
2003-11-18,Ross,5.311823597,0.5002841358626373,0.5002841358626373,0.5735162937918511,FALSE,FALSE
2003-11-19,Ross,5.259933633,0.4951644688366663,0.4951644688366663,0.5735162937918511,FALSE,FALSE
2003-11-20,Ross,5.214076618,0.49800043546852457,0.49800043546852457,0.5735162937918511,FALSE,FALSE
2003-11-21,Ross,5.166476382,0.5009817355397033,0.5009817355397033,0.5735162937918511,FALSE,FALSE
2003-11-22,Ross,5.120510341,0.5074516548316801,0.5074516548316801,0.5735162937918511,FALSE,FALSE
2003-11-23,Ross,5.089800284,0.5309978521259424,0.5309978521259424,0.5735162937918511,FALSE,FALSE
2003-11-24,Ross,5.049576026,0.5468160122039762,0.5468160122039762,0.5735162937918511,FALSE,FALSE
2003-11-25,Ross,5.014422665,0.5694821637456897,0.5694821637456897,0.5735162937918511,FALSE,FALSE
2003-11-26,Ross,4.967597557,0.5824565543111024,0.5824565543111024,0.5735162937918511,TRUE,TRUE
2003-11-27,Ross,4.910692574,0.5876405268858758,0.5876405268858758,0.5735162937918511,TRUE,TRUE
2003-11-28,Ross,4.851404438,0.5930410817329266,0.5930410817329266,0.5735162937918511,TRUE,TRUE
2003-11-29,Ross,4.79816861,0.6074039581151718,0.6074039581151718,0.5735162937918511,TRUE,TRUE
2003-11-30,Ross,4.738966407,0.6190207512955288,0.6190207512955288,0.5735162937918511,TRUE,TRUE
2003-12-01,Ross,4.677280209,0.6316841195369092,0.6316841195369092,0.5735162937918511,TRUE,TRUE
2003-12-02,Ross,4.602743414,0.635337739102233,0.635337739102233,0.5735162937918511,TRUE,TRUE
2003-12-03,Ross,4.552921013,0.6678568792544142,0.6678568792544142,0.5735162937918511,TRUE,TRUE
2003-12-04,Ross,4.455849252,0.6575880642563696,0.6575880642563696,0.5735162937918511,TRUE,TRUE
2003-12-05,Ross,4.316678279,0.6099917203710148,0.6099917203710148,0.5735162937918511,TRUE,TRUE
2003-12-06,Ross,4.208807515,0.5987775468612653,0.5987775468612653,0.5735162937918511,TRUE,TRUE
2003-12-07,Ross,4.126070453,0.6180884126667672,0.6180884126667672,0.5735162937918511,TRUE,TRUE
2003-12-08,Ross,4.043822658,0.6433091487098972,0.6433091487098972,0.5735162937918511,TRUE,TRUE
2003-12-09,Ross,3.955596596,0.6673259644017899,0.6673259644017899,0.5735162937918511,TRUE,TRUE
2003-12-10,Ross,3.878213011,0.7062135574185393,0.7062135574185393,0.5735162937918511,TRUE,TRUE
2003-12-11,Ross,3.787709156,0.7352631344362264,0.7352631344362264,0.5735162937918511,TRUE,TRUE
2003-12-12,Ross,3.640974771,0.7106183891309481,0.7106183891309481,0.5735162937918511,TRUE,TRUE
2003-12-13,Ross,3.46069875,0.6542221691787895,0.6542221691787895,0.5735162937918511,TRUE,TRUE
2003-12-14,Ross,3.273852041,0.5922993762558408,0.5922993762558408,0.5735162937918511,TRUE,TRUE
2003-12-15,Ross,3.131733836,0.5754031560381945,0.5754031560381945,0.5735162937918511,TRUE,TRUE
2003-12-16,Ross,2.994220848,0.5626641752019341,0.5626641752019341,0.5735162937918511,FALSE,FALSE
2003-12-17,Ross,2.868348775,0.5603720854231549,0.5603720854231549,0.5735162937918511,FALSE,FALSE
2003-12-18,Ross,2.674337566,0.48800078937794344,0.48800078937794344,0.5735162937918511,FALSE,FALSE
2003-12-19,Ross,2.46555276,0.39816977974238865,0.39816977974238865,0.5735162937918511,FALSE,FALSE
2003-12-20,Ross,2.331726985,0.37988481235664384,0.37988481235664384,0.5735162937918511,FALSE,FALSE
2003-12-21,Ross,2.208797343,0.36865929755367466,0.36865929755367466,0.5735162937918511,FALSE,FALSE
2003-12-22,Ross,2.075068046,0.3426157607019542,0.3426157607019542,0.5735162937918511,FALSE,FALSE
2003-12-23,Ross,1.938890058,0.30993022310553586,0.30993022310553586,0.5735162937918511,FALSE,FALSE
2003-12-24,Ross,1.776549682,0.24671404506847483,0.24671404506847483,0.5735162937918511,FALSE,FALSE
2003-12-25,Ross,1.584499699,0.1492450648948256,0.1492450648948256,0.5735162937918511,FALSE,FALSE
2003-12-26,Ross,1.460690364,0.1152985948886398,0.1152985948886398,0.5735162937918511,FALSE,FALSE
2003-12-27,Ross,1.311925971,0.05150398635397257,0.05150398635397257,0.5735162937918511,FALSE,FALSE
2003-12-28,Ross,1.165813284,-0.01470693940511758,0.01470693940511758,0.5735162937918511,FALSE,FALSE
2003-12-29,Ross,1.057290311,-0.04857111708458395,0.04857111708458395,0.5735162937918511,FALSE,FALSE
2003-12-30,Ross,1.002062656,-0.0345578853803683,0.0345578853803683,0.5735162937918511,FALSE,FALSE
2003-12-31,Ross,0.921418893,-0.05155361298841654,0.05155361298841654,0.5735162937918511,FALSE,FALSE
2004-01-01,Ross,0.842896174,-0.07219609060467502,0.07219609060467502,0.5735162937918511,FALSE,FALSE
2004-01-02,Ross,0.780200774,-0.08284934218517215,0.08284934218517215,0.5735162937918511,FALSE,FALSE
2004-01-03,Ross,0.75226453,-0.06423325472627095,0.06423325472627095,0.5735162937918511,FALSE,FALSE
2004-01-04,Ross,0.708696669,-0.06628568148441938,0.06628568148441938,0.5735162937918511,FALSE,FALSE
2004-01-05,Ross,0.672932728,-0.06511816571605478,0.06511816571605478,0.5735162937918511,FALSE,FALSE
2004-01-06,Ross,0.647721663,-0.05752883167762901,0.05752883167762901,0.5735162937918511,FALSE,FALSE
2004-01-07,Ross,0.623752589,-0.05237564462558564,0.05237564462558564,0.5735162937918511,FALSE,FALSE
2004-01-08,Ross,0.603156654,-0.04707453681636775,0.04707453681636775,0.5735162937918511,FALSE,FALSE
2004-01-09,Ross,0.593624955,-0.03348149150642099,0.03348149150642099,0.5735162937918511,FALSE,FALSE
2004-01-10,Ross,0.571595198,-0.03470588295219212,0.03470588295219212,0.5735162937918511,FALSE,FALSE
2004-01-11,Ross,0.561062832,-0.02629934241012521,0.02629934241012521,0.5735162937918511,FALSE,FALSE
2004-01-12,Ross,0.555463953,-0.01437285413666433,0.01437285413666433,0.5735162937918511,FALSE,FALSE
2004-01-13,Ross,0.544462332,-0.00880972738825547,0.00880972738825547,0.5735162937918511,FALSE,FALSE
2004-01-14,Ross,0.511811827,-0.02540895127497788,0.02540895127497788,0.5735162937918511,FALSE,FALSE
2004-01-15,Ross,0.480585662,-0.04085709151513989,0.04085709151513989,0.5735162937918511,FALSE,FALSE
2004-01-16,Ross,0.466079449,-0.03987758060583368,0.03987758060583368,0.5735162937918511,FALSE,FALSE
2004-01-17,Ross,0.442218589,-0.04858045819687462,0.04858045819687462,0.5735162937918511,FALSE,FALSE
2004-01-18,Ross,0.424455635,-0.0515486119380778,0.0515486119380778,0.5735162937918511,FALSE,FALSE
2004-01-19,Ross,0.405188813,-0.05641925647925944,0.05641925647925944,0.5735162937918511,FALSE,FALSE
2004-01-20,Ross,0.393999238,-0.05364671747023414,0.05364671747023414,0.5735162937918511,FALSE,FALSE
2004-01-21,Ross,0.38167207,-0.05248127556081772,0.05248127556081772,0.5735162937918511,FALSE,FALSE
2004-01-22,Ross,0.367456939,-0.05370874140082532,0.05370874140082532,0.5735162937918511,FALSE,FALSE
2004-01-23,Ross,0.360686655,-0.04803174564007378,0.04803174564007378,0.5735162937918511,FALSE,FALSE
2004-01-24,Ross,0.360863671,-0.03598327592837797,0.03598327592837797,0.5735162937918511,FALSE,FALSE
2004-01-25,Ross,0.372063056,-0.01352370391555268,0.01352370391555268,0.5735162937918511,FALSE,FALSE
2004-01-26,Ross,0.378228536,0.00325525574858653,0.00325525574858653,0.5735162937918511,FALSE,FALSE
2004-01-27,Ross,0.3774981,0.01246333638559205,0.01246333638559205,0.5735162937918511,FALSE,FALSE
2004-01-28,Ross,0.35448708,-0.00126374731451656,0.00126374731451656,0.5735162937918511,FALSE,FALSE
2004-01-29,Ross,0.33030616,-0.01677476043045367,0.01677476043045367,0.5735162937918511,FALSE,FALSE
2004-01-30,Ross,0.303007902,-0.03597652507266347,0.03597652507266347,0.5735162937918511,FALSE,FALSE
2004-01-31,Ross,0.283844285,-0.04757644635158681,0.04757644635158681,0.5735162937918511,FALSE,FALSE
2004-02-01,Ross,0.261664421,-0.06268479637766594,0.06268479637766594,0.5735162937918511,FALSE,FALSE
2004-02-02,Ross,0.259274549,-0.05845472026134413,0.05845472026134413,0.5735162937918511,FALSE,FALSE
2004-02-03,Ross,0.263657206,-0.04786306511306204,0.04786306511306204,0.5735162937918511,FALSE,FALSE
2004-02-04,Ross,0.270570508,-0.03511109904326176,0.03511109904326176,0.5735162937918511,FALSE,FALSE
2004-02-05,Ross,0.273005341,-0.02716732016238587,0.02716732016238587,0.5735162937918511,FALSE,FALSE
2004-02-06,Ross,0.269112334,-0.02584048358087648,0.02584048358087648,0.5735162937918511,FALSE,FALSE
2004-02-07,Ross,0.27781714,-0.01216432040917447,0.01216432040917447,0.5735162937918511,FALSE,FALSE
2004-02-08,Ross,0.259885693,-0.02533243093106157,0.02533243093106157,0.5735162937918511,FALSE,FALSE
2004-02-09,Ross,0.244913516,-0.03572865281342119,0.03572865281342119,0.5735162937918511,FALSE,FALSE
2004-02-10,Ross,0.226271227,-0.05000115863737572,0.05000115863737572,0.5735162937918511,FALSE,FALSE
2004-02-11,Ross,0.215128805,-0.05700342192484856,0.05700342192484856,0.5735162937918511,FALSE,FALSE
2004-02-12,Ross,0.22013329,-0.04811185519776254,0.04811185519776254,0.5735162937918511,FALSE,FALSE
2004-02-13,Ross,0.215195542,-0.04943905097804321,0.04943905097804321,0.5735162937918511,FALSE,FALSE
2004-02-14,Ross,0.200919995,-0.06040402778761142,0.06040402778761142,0.5735162937918511,FALSE,FALSE
2004-02-15,Ross,0.201053943,-0.05728294414839141,0.05728294414839141,0.5735162937918511,FALSE,FALSE
2004-02-16,Ross,0.194935574,-0.06076106458230967,0.06076106458230967,0.5735162937918511,FALSE,FALSE
2004-02-17,Ross,0.201162903,-0.05226382661128592,0.05226382661128592,0.5735162937918511,FALSE,FALSE
2004-02-18,Ross,0.196227144,-0.05532346875724639,0.05532346875724639,0.5735162937918511,FALSE,FALSE
2004-02-19,Ross,0.190653652,-0.0594380885421138,0.0594380885421138,0.5735162937918511,FALSE,FALSE
2004-02-20,Ross,0.179434714,-0.06963885148781196,0.06963885148781196,0.5735162937918511,FALSE,FALSE
2004-02-21,Ross,0.170661108,-0.07785670328144231,0.07785670328144231,0.5735162937918511,FALSE,FALSE
2004-02-22,Ross,0.161233641,-0.08719160085089414,0.08719160085089414,0.5735162937918511,FALSE,FALSE
2004-02-23,Ross,0.156210748,-0.09257192977757348,0.09257192977757348,0.5735162937918511,FALSE,FALSE
2004-02-24,Ross,0.16310551,-0.08647117758941009,0.08647117758941009,0.5735162937918511,FALSE,FALSE
2004-02-25,Ross,0.163743781,-0.08705005881433073,0.08705005881433073,0.5735162937918511,FALSE,FALSE
2004-02-26,Ross,0.165664786,-0.08675591698026414,0.08675591698026414,0.5735162937918511,FALSE,FALSE
2004-02-27,Ross,0.158237233,-0.09620661261513631,0.09620661261513631,0.5735162937918511,FALSE,FALSE
2004-02-28,Ross,0.16381083,-0.09303900624687564,0.09303900624687564,0.5735162937918511,FALSE,FALSE
2004-03-01,Ross,0.152672471,-0.11008416461266692,0.11008416461266692,0.5735162937918511,FALSE,FALSE
2004-03-02,Ross,0.153921117,-0.11230946440257472,0.11230946440257472,0.5735162937918511,FALSE,FALSE
2004-03-03,Ross,0.168860499,-0.10117315030105987,0.10117315030105987,0.5735162937918511,FALSE,FALSE
2004-03-04,Ross,0.17019507,-0.10395733903836628,0.10395733903836628,0.5735162937918511,FALSE,FALSE
2004-03-05,Ross,0.168291437,-0.11028646581051672,0.11028646581051672,0.5735162937918511,FALSE,FALSE
2004-03-06,Ross,0.201852505,-0.08146322846322526,0.08146322846322526,0.5735162937918511,FALSE,FALSE
2004-03-07,Ross,0.214224287,-0.07415017499080229,0.07415017499080229,0.5735162937918511,FALSE,FALSE
2004-03-08,Ross,0.204227189,-0.08953546038755358,0.08953546038755358,0.5735162937918511,FALSE,FALSE
2004-03-09,Ross,0.216717809,-0.08277104764778695,0.08277104764778695,0.5735162937918511,FALSE,FALSE
2004-03-10,Ross,0.231006714,-0.07455493076580999,0.07455493076580999,0.5735162937918511,FALSE,FALSE
2004-03-11,Ross,0.238474128,-0.07351544673593097,0.07351544673593097,0.5735162937918511,FALSE,FALSE
2004-03-12,Ross,0.241584556,-0.07719665155245625,0.07719665155245625,0.5735162937918511,FALSE,FALSE
2004-03-13,Ross,0.231668263,-0.09427684120969124,0.09427684120969124,0.5735162937918511,FALSE,FALSE
2004-03-14,Ross,0.231620661,-0.10186916470194828,0.10186916470194828,0.5735162937918511,FALSE,FALSE
2004-03-15,Ross,0.23218164,-0.10924229302353036,0.10924229302353036,0.5735162937918511,FALSE,FALSE
2004-03-16,Ross,0.227781112,-0.1219748751687484,0.1219748751687484,0.5735162937918511,FALSE,FALSE
2004-03-17,Ross,0.247354044,-0.11114034465721828,0.11114034465721828,0.5735162937918511,FALSE,FALSE
2004-03-18,Ross,0.268724807,-0.09891872317664002,0.09891872317664002,0.5735162937918511,FALSE,FALSE
2004-03-19,Ross,0.280407258,-0.0967963541889465,0.0967963541889465,0.5735162937918511,FALSE,FALSE
2004-03-20,Ross,0.278418482,-0.10875615577922576,0.10875615577922576,0.5735162937918511,FALSE,FALSE
2004-03-21,Ross,0.271517531,-0.12603907903256362,0.12603907903256362,0.5735162937918511,FALSE,FALSE
2004-03-22,Ross,0.262277122,-0.14607241003404803,0.14607241003404803,0.5735162937918511,FALSE,FALSE
2004-03-23,Ross,0.28597107,-0.1335823368687682,0.1335823368687682,0.5735162937918511,FALSE,FALSE
2004-03-24,Ross,0.300929329,-0.13023890862180687,0.13023890862180687,0.5735162937918511,FALSE,FALSE
2004-03-25,Ross,0.308958272,-0.13423575537825572,0.13423575537825572,0.5735162937918511,FALSE,FALSE
2004-03-26,Ross,0.342853209,-0.11277757022319829,0.11277757022319829,0.5735162937918511,FALSE,FALSE
2004-03-27,Ross,0.381789214,-0.08668928224172617,0.08668928224172617,0.5735162937918511,FALSE,FALSE
2004-03-28,Ross,0.397854084,-0.08388309751892248,0.08388309751892248,0.5735162937918511,FALSE,FALSE
2004-03-29,Ross,0.424432877,-0.07097396113987653,0.07097396113987653,0.5735162937918511,FALSE,FALSE
2004-03-30,Ross,0.424946841,-0.08454191219165907,0.08454191219165907,0.5735162937918511,FALSE,FALSE
2004-03-31,Ross,0.439621281,-0.08436995115885437,0.08436995115885437,0.5735162937918511,FALSE,FALSE
2004-04-01,Ross,0.464404617,-0.07452034947875785,0.07452034947875785,0.5735162937918511,FALSE,FALSE
2004-04-02,Ross,0.474173275,-0.08012737456112634,0.08012737456112634,0.5735162937918511,FALSE,FALSE
2004-04-03,Ross,0.493502483,-0.07662649181572201,0.07662649181572201,0.5735162937918511,FALSE,FALSE
2004-04-04,Ross,0.510552381,-0.07586825465230262,0.07586825465230262,0.5735162937918511,FALSE,FALSE
2004-04-05,Ross,0.504827662,-0.09835866348062516,0.09835866348062516,0.5735162937918511,FALSE,FALSE
2004-04-06,Ross,0.512187448,-0.10824928971045278,0.10824928971045278,0.5735162937918511,FALSE,FALSE
2004-04-07,Ross,0.538593254,-0.09958931175154206,0.09958931175154206,0.5735162937918511,FALSE,FALSE
2004-04-08,Ross,0.555057046,-0.10137745701365208,0.10137745701365208,0.5735162937918511,FALSE,FALSE
2004-04-09,Ross,0.581301176,-0.09390206690654455,0.09390206690654455,0.5735162937918511,FALSE,FALSE
2004-04-10,Ross,0.635700296,-0.05879918283997665,0.05879918283997665,0.5735162937918511,FALSE,FALSE
2004-04-11,Ross,0.681423025,-0.03291057937534092,0.03291057937534092,0.5735162937918511,FALSE,FALSE
2004-04-12,Ross,0.689557025,-0.04513761781104308,0.04513761781104308,0.5735162937918511,FALSE,FALSE
2004-04-13,Ross,0.713440405,-0.04209598375861989,0.04209598375861989,0.5735162937918511,FALSE,FALSE
2004-04-14,Ross,0.731046183,-0.04576316331255892,0.04576316331255892,0.5735162937918511,FALSE,FALSE
2004-04-15,Ross,0.755994799,-0.04246922056734892,0.04246922056734892,0.5735162937918511,FALSE,FALSE
2004-04-16,Ross,0.775788631,-0.04466228161747598,0.04466228161747598,0.5735162937918511,FALSE,FALSE
2004-04-17,Ross,0.804935844,-0.03778468555742853,0.03778468555742853,0.5735162937918511,FALSE,FALSE
2004-04-18,Ross,0.826943494,-0.03827988048169317,0.03827988048169317,0.5735162937918511,FALSE,FALSE
2004-04-19,Ross,0.863737887,-0.02417206448475983,0.02417206448475983,0.5735162937918511,FALSE,FALSE
2004-04-20,Ross,0.877865293,-0.03286547166111209,0.03286547166111209,0.5735162937918511,FALSE,FALSE
2004-04-21,Ross,0.893044015,-0.04059230310523865,0.04059230310523865,0.5735162937918511,FALSE,FALSE
2004-04-22,Ross,0.922449047,-0.03412806891162889,0.03412806891162889,0.5735162937918511,FALSE,FALSE
2004-04-23,Ross,0.954900696,-0.02460296617476753,0.02460296617476753,0.5735162937918511,FALSE,FALSE
2004-04-24,Ross,0.98922771,-0.01314884749581835,0.01314884749581835,0.5735162937918511,FALSE,FALSE
2004-04-25,Ross,1.033080426,0.00782813233076495,0.00782813233076495,0.5735162937918511,FALSE,FALSE
2004-04-26,Ross,1.055700405,0.00746005247630177,0.00746005247630177,0.5735162937918511,FALSE,FALSE
2004-04-27,Ross,1.076603307,0.00515253292062634,0.00515253292062634,0.5735162937918511,FALSE,FALSE
2004-04-28,Ross,1.107532309,0.0125387106435677,0.0125387106435677,0.5735162937918511,FALSE,FALSE
2004-04-29,Ross,1.144602368,0.02562350262495494,0.02562350262495494,0.5735162937918511,FALSE,FALSE
2004-04-30,Ross,1.220597223,0.07708060784461646,0.07708060784461646,0.5735162937918511,FALSE,FALSE
2004-05-01,Ross,1.264473918,0.09575703028238536,0.09575703028238536,0.5735162937918511,FALSE,FALSE
2004-05-02,Ross,1.291958637,0.09726891391809112,0.09726891391809112,0.5735162937918511,FALSE,FALSE
2004-05-03,Ross,1.330967885,0.10942272373156214,0.10942272373156214,0.5735162937918511,FALSE,FALSE
2004-05-04,Ross,1.375527197,0.12613395470262967,0.12613395470262967,0.5735162937918511,FALSE,FALSE
2004-05-05,Ross,1.420922255,0.14257824881112424,0.14257824881112424,0.5735162937918511,FALSE,FALSE
2004-05-06,Ross,1.432508519,0.12400111490865352,0.12400111490865352,0.5735162937918511,FALSE,FALSE
2004-05-07,Ross,1.405458092,0.06551425225294771,0.06551425225294771,0.5735162937918511,FALSE,FALSE
2004-05-08,Ross,1.439219048,0.06663720016017849,0.06663720016017849,0.5735162937918511,FALSE,FALSE
2004-05-09,Ross,1.441459923,0.03513165715849475,0.03513165715849475,0.5735162937918511,FALSE,FALSE
2004-05-10,Ross,1.444106635,0.00301670377604867,0.00301670377604867,0.5735162937918511,FALSE,FALSE
2004-05-11,Ross,1.47249163,-0.00428205145900761,0.00428205145900761,0.5735162937918511,FALSE,FALSE
2004-05-12,Ross,1.513022214,-2.6414001852703706e-4,2.6414001852703706e-4,0.5735162937918511,FALSE,FALSE
2004-05-13,Ross,1.543044608,-0.00749017837435572,0.00749017837435572,0.5735162937918511,FALSE,FALSE
2004-05-14,Ross,1.56924522,-0.01918059599834376,0.01918059599834376,0.5735162937918511,FALSE,FALSE
2004-05-15,Ross,1.597809745,-0.0290565353623422,0.0290565353623422,0.5735162937918511,FALSE,FALSE
2004-05-16,Ross,1.593483878,-0.07227913893819693,0.07227913893819693,0.5735162937918511,FALSE,FALSE
2004-05-17,Ross,1.567184969,-0.13783789419776138,0.13783789419776138,0.5735162937918511,FALSE,FALSE
2004-05-18,Ross,1.643593465,-0.10095919161288336,0.10095919161288336,0.5735162937918511,FALSE,FALSE
2004-05-19,Ross,1.769639519,-0.01462276020596231,0.01462276020596231,0.5735162937918511,FALSE,FALSE
2004-05-20,Ross,1.85277122,0.02865405212936234,0.02865405212936234,0.5735162937918511,FALSE,FALSE
2004-05-21,Ross,1.884318665,0.02018736810909494,0.02018736810909494,0.5735162937918511,FALSE,FALSE
2004-05-22,Ross,1.950572892,0.04625261842249384,0.04625261842249384,0.5735162937918511,FALSE,FALSE
2004-05-23,Ross,2.050755667,0.10605596175881792,0.10605596175881792,0.5735162937918511,FALSE,FALSE
2004-05-24,Ross,2.203603099,0.2183178998073292,0.2183178998073292,0.5735162937918511,FALSE,FALSE
2004-05-25,Ross,2.294747043,0.2686546802572871,0.2686546802572871,0.5735162937918511,FALSE,FALSE
2004-05-26,Ross,2.371468238,0.3043314347979491,0.3043314347979491,0.5735162937918511,FALSE,FALSE
2004-05-27,Ross,2.440222033,0.3317879051185746,0.3317879051185746,0.5735162937918511,FALSE,FALSE
2004-05-28,Ross,2.468886757,0.31888681290842236,0.31888681290842236,0.5735162937918511,FALSE,FALSE
2004-05-29,Ross,2.406443858,0.21459399885675357,0.21459399885675357,0.5735162937918511,FALSE,FALSE
2004-05-30,Ross,2.405960594,0.1719611136528263,0.1719611136528263,0.5735162937918511,FALSE,FALSE
2004-05-31,Ross,2.438840708,0.16237629298590006,0.16237629298590006,0.5735162937918511,FALSE,FALSE
2004-06-01,Ross,2.504037143,0.1847815309503078,0.1847815309503078,0.5735162937918511,FALSE,FALSE
2004-06-02,Ross,2.645785425,0.28342207058325375,0.28342207058325375,0.5735162937918511,FALSE,FALSE
2004-06-03,Ross,2.765438119,0.3596659227076269,0.3596659227076269,0.5735162937918511,FALSE,FALSE
2004-06-04,Ross,2.803893337,0.35442664535852764,0.35442664535852764,0.5735162937918511,FALSE,FALSE
2004-06-05,Ross,2.807926428,0.3144950335710548,0.3144950335710548,0.5735162937918511,FALSE,FALSE
2004-06-06,Ross,2.858175504,0.3205246453803028,0.3205246453803028,0.5735162937918511,FALSE,FALSE
2004-06-07,Ross,2.897624373,0.3155147348213756,0.3155147348213756,0.5735162937918511,FALSE,FALSE
2004-06-08,Ross,2.940304925,0.31351263792936956,0.31351263792936956,0.5735162937918511,FALSE,FALSE
2004-06-09,Ross,3.003358871,0.33167551173938037,0.33167551173938037,0.5735162937918511,FALSE,FALSE
2004-06-10,Ross,3.072718519,0.3559511102865094,0.3559511102865094,0.5735162937918511,FALSE,FALSE
2004-06-11,Ross,3.11426303,0.3522340406058557,0.3522340406058557,0.5735162937918511,FALSE,FALSE
2004-06-12,Ross,3.188783887,0.38133123173251704,0.38133123173251704,0.5735162937918511,FALSE,FALSE
2004-06-13,Ross,3.256202676,0.40318033925540986,0.40318033925540986,0.5735162937918511,FALSE,FALSE
2004-06-14,Ross,3.338813435,0.44011895960186287,0.44011895960186287,0.5735162937918511,FALSE,FALSE
2004-06-15,Ross,3.375049369,0.4306615669164908,0.4306615669164908,0.5735162937918511,FALSE,FALSE
2004-06-16,Ross,3.45675274,0.4667344245496832,0.4667344245496832,0.5735162937918511,FALSE,FALSE
2004-06-17,Ross,3.498595447,0.46309343285181415,0.46309343285181415,0.5735162937918511,FALSE,FALSE
2004-06-18,Ross,3.537437314,0.4566824171732779,0.4566824171732779,0.5735162937918511,FALSE,FALSE
2004-06-19,Ross,3.611344182,0.4856512198644536,0.4856512198644536,0.5735162937918511,FALSE,FALSE
2004-06-20,Ross,3.675458239,0.5052260302757263,0.5052260302757263,0.5735162937918511,FALSE,FALSE
2004-06-21,Ross,3.753329704,0.5390410687574785,0.5390410687574785,0.5735162937918511,FALSE,FALSE
2004-06-22,Ross,3.835378181,0.5775999406600962,0.5775999406600962,0.5735162937918511,TRUE,FALSE
2004-06-23,Ross,3.903912918,0.6032958953339627,0.6032958953339627,0.5735162937918511,TRUE,FALSE
2004-06-24,Ross,3.862983853,0.5202628721294627,0.5202628721294627,0.5735162937918511,FALSE,FALSE
2004-06-25,Ross,3.820217806,0.4362116923969808,0.4362116923969808,0.5735162937918511,FALSE,FALSE
2004-06-26,Ross,3.836940837,0.4125373590251415,0.4125373590251415,0.5735162937918511,FALSE,FALSE
2004-06-27,Ross,3.891712413,0.42775449255647047,0.42775449255647047,0.5735162937918511,FALSE,FALSE
2004-06-28,Ross,4.012242132,0.5094758497084033,0.5094758497084033,0.5735162937918511,FALSE,FALSE
2004-06-29,Ross,4.079120727,0.5381950548664296,0.5381950548664296,0.5735162937918511,FALSE,FALSE
2004-06-30,Ross,4.11332515,0.5347919514160417,0.5347919514160417,0.5735162937918511,FALSE,FALSE
2004-07-01,Ross,4.182907218,0.5672212477427339,0.5672212477427339,0.5735162937918511,FALSE,FALSE
2004-07-02,Ross,4.218497378,0.5660162822319896,0.5660162822319896,0.5735162937918511,FALSE,FALSE
2004-07-03,Ross,4.226344889,0.5373292052693053,0.5373292052693053,0.5735162937918511,FALSE,FALSE
2004-07-04,Ross,4.208372782,0.4829859392401712,0.4829859392401712,0.5735162937918511,FALSE,FALSE
2004-07-05,Ross,4.274148691,0.5124570095300784,0.5124570095300784,0.5735162937918511,FALSE,FALSE
2004-07-06,Ross,4.371551601,0.5735242925245227,0.5735242925245227,0.5735162937918511,TRUE,TRUE
2004-07-07,Ross,4.504832882,0.6703420496089838,0.6703420496089838,0.5735162937918511,TRUE,TRUE
2004-07-08,Ross,4.60636109,0.735182035638394,0.735182035638394,0.5735162937918511,TRUE,TRUE
2004-07-09,Ross,4.659651555,0.7515225808480288,0.7515225808480288,0.5735162937918511,TRUE,TRUE
2004-07-10,Ross,4.670635693,0.7253889752659921,0.7253889752659921,0.5735162937918511,TRUE,TRUE
2004-07-11,Ross,4.691471291,0.7090501992747194,0.7090501992747194,0.5735162937918511,TRUE,TRUE
2004-07-12,Ross,4.705720051,0.6861791482566506,0.6861791482566506,0.5735162937918511,TRUE,TRUE
2004-07-13,Ross,4.663361503,0.6068665455942259,0.6068665455942259,0.5735162937918511,TRUE,TRUE
2004-07-14,Ross,4.641870387,0.5486983246698767,0.5486983246698767,0.5735162937918511,FALSE,FALSE
2004-07-15,Ross,4.674035587,0.5445745628660479,0.5445745628660479,0.5735162937918511,FALSE,FALSE
2004-07-16,Ross,4.779462955,0.6142123055651671,0.6142123055651671,0.5735162937918511,TRUE,TRUE
2004-07-17,Ross,4.825458036,0.6250282911496798,0.6250282911496798,0.5735162937918511,TRUE,TRUE
2004-07-18,Ross,4.86857567,0.6336885530020195,0.6336885530020195,0.5735162937918511,TRUE,TRUE
2004-07-19,Ross,4.919255189,0.6507436165046228,0.6507436165046228,0.5735162937918511,TRUE,TRUE
2004-07-20,Ross,4.976178047,0.6749861290399313,0.6749861290399313,0.5735162937918511,TRUE,TRUE
2004-07-21,Ross,5.062118331,0.729292447178282,0.729292447178282,0.5735162937918511,TRUE,TRUE
2004-07-22,Ross,5.106287327,0.7428529573792142,0.7428529573792142,0.5735162937918511,TRUE,TRUE
2004-07-23,Ross,5.127285125,0.734157067249317,0.734157067249317,0.5735162937918511,TRUE,TRUE
2004-07-24,Ross,5.129978273,0.707958605770731,0.707958605770731,0.5735162937918511,TRUE,TRUE
2004-07-25,Ross,5.134230344,0.6840084269255859,0.6840084269255859,0.5735162937918511,TRUE,TRUE
2004-07-26,Ross,5.163247015,0.6853994886960102,0.6853994886960102,0.5735162937918511,TRUE,TRUE
2004-07-27,Ross,5.201962945,0.6969537310641405,0.6969537310641405,0.5735162937918511,TRUE,TRUE
2004-07-28,Ross,5.285788618,0.7539689190121122,0.7539689190121122,0.5735162937918511,TRUE,TRUE
2004-07-29,Ross,5.35991355,0.8015218495220537,0.8015218495220537,0.5735162937918511,TRUE,TRUE
2004-07-30,Ross,5.417324478,0.8324865405761006,0.8324865405761006,0.5735162937918511,TRUE,TRUE
2004-07-31,Ross,5.429077668,0.8178065391563782,0.8178065391563782,0.5735162937918511,TRUE,TRUE
2004-08-01,Ross,5.448931334,0.8111273402450276,0.8111273402450276,0.5735162937918511,TRUE,TRUE
2004-08-02,Ross,5.518833599,0.8542843494220502,0.8542843494220502,0.5735162937918511,TRUE,TRUE
2004-08-03,Ross,5.568834283,0.8772578054082141,0.8772578054082141,0.5735162937918511,TRUE,TRUE
2004-08-04,Ross,5.596160468,0.8773608176466592,0.8773608176466592,0.5735162937918511,TRUE,TRUE
2004-08-05,Ross,5.609084173,0.8629865090571078,0.8629865090571078,0.5735162937918511,TRUE,TRUE
2004-08-06,Ross,5.606308704,0.8329592895592812,0.8329592895592812,0.5735162937918511,TRUE,TRUE
2004-08-07,Ross,5.628419153,0.8279853550729133,0.8279853550729133,0.5735162937918511,TRUE,TRUE
2004-08-08,Ross,5.649621261,0.822391550517727,0.822391550517727,0.5735162937918511,TRUE,TRUE
2004-08-09,Ross,5.674570525,0.8209544768134425,0.8209544768134425,0.5735162937918511,TRUE,TRUE
2004-08-10,Ross,5.692191275,0.8127195678797943,0.8127195678797943,0.5735162937918511,TRUE,TRUE
2004-08-11,Ross,5.770145524,0.8654699406365056,0.8654699406365056,0.5735162937918511,TRUE,TRUE
2004-08-12,Ross,5.829339521,0.9002329480033051,0.9002329480033051,0.5735162937918511,TRUE,TRUE
2004-08-13,Ross,5.831165777,0.8785222048999115,0.8785222048999115,0.5735162937918511,TRUE,TRUE
2004-08-14,Ross,5.816225422,0.8410599452460588,0.8410599452460588,0.5735162937918511,TRUE,TRUE
2004-08-15,Ross,5.813220559,0.8166653953262673,0.8166653953262673,0.5735162937918511,TRUE,TRUE
2004-08-16,Ross,5.822166379,0.8053525555977128,0.8053525555977128,0.5735162937918511,TRUE,TRUE
2004-08-17,Ross,5.819475165,0.7833970990111476,0.7833970990111476,0.5735162937918511,TRUE,TRUE
2004-08-18,Ross,5.79436021,0.7398682871783153,0.7398682871783153,0.5735162937918511,TRUE,TRUE
2004-08-19,Ross,5.813113028,0.7409136027109611,0.7409136027109611,0.5735162937918511,TRUE,TRUE
2004-08-20,Ross,5.827159292,0.7378146872208342,0.7378146872208342,0.5735162937918511,TRUE,TRUE
2004-08-21,Ross,5.874731705,0.7686602123196762,0.7686602123196762,0.5735162937918511,TRUE,TRUE
2004-08-22,Ross,5.852525974,0.7300018536192354,0.7300018536192354,0.5735162937918511,TRUE,TRUE
2004-08-23,Ross,5.84690563,0.7080591107312637,0.7080591107312637,0.5735162937918511,TRUE,TRUE
2004-08-24,Ross,5.90196066,0.7467779392674974,0.7467779392674974,0.5735162937918511,TRUE,TRUE
2004-08-25,Ross,5.974404277,0.8027275208396905,0.8027275208396905,0.5735162937918511,TRUE,TRUE
2004-08-26,Ross,5.939054327,0.750581670059586,0.750581670059586,0.5735162937918511,TRUE,TRUE
2004-08-27,Ross,5.939358292,0.7336438375389305,0.7336438375389305,0.5735162937918511,TRUE,TRUE
2004-08-28,Ross,5.982153857,0.7586349556852525,0.7586349556852525,0.5735162937918511,TRUE,TRUE
2004-08-29,Ross,6.01940096,0.7775640021340777,0.7775640021340777,0.5735162937918511,TRUE,TRUE
2004-08-30,Ross,6.071897104,0.8113398129425269,0.8113398129425269,0.5735162937918511,TRUE,TRUE
2004-08-31,Ross,6.118215165,0.8386467089016607,0.8386467089016607,0.5735162937918511,TRUE,TRUE
2004-09-01,Ross,6.151604349,0.8528453408025394,0.8528453408025394,0.5735162937918511,TRUE,TRUE
2004-09-02,Ross,6.168940584,0.8509230814362239,0.8509230814362239,0.5735162937918511,TRUE,TRUE
2004-09-03,Ross,6.137048821,0.7998163265937794,0.7998163265937794,0.5735162937918511,TRUE,TRUE
2004-09-04,Ross,6.16523999,0.8089474510662669,0.8089474510662669,0.5735162937918511,TRUE,TRUE
2004-09-05,Ross,6.21570707,0.8406208786447467,0.8406208786447467,0.5735162937918511,TRUE,TRUE
2004-09-06,Ross,6.234636509,0.8411345021202834,0.8411345021202834,0.5735162937918511,TRUE,TRUE
2004-09-07,Ross,6.249360522,0.8379319812839396,0.8379319812839396,0.5735162937918511,TRUE,TRUE
2004-09-08,Ross,6.247984903,0.8192305549267731,0.8192305549267731,0.5735162937918511,TRUE,TRUE
2004-09-09,Ross,6.21690094,0.7715324932386807,0.7715324932386807,0.5735162937918511,TRUE,TRUE
2004-09-10,Ross,6.173413979,0.712210208921281,0.712210208921281,0.5735162937918511,TRUE,TRUE
2004-09-11,Ross,6.14104456,0.6647718388544641,0.6647718388544641,0.5735162937918511,TRUE,TRUE
2004-09-12,Ross,6.114661558,0.624065487438699,0.624065487438699,0.5735162937918511,TRUE,TRUE
2004-09-13,Ross,6.097936546,0.5937419570744646,0.5937419570744646,0.5735162937918511,TRUE,TRUE
2004-09-14,Ross,6.134217001,0.6171279541622292,0.6171279541622292,0.5735162937918511,TRUE,TRUE
2004-09-15,Ross,6.17260619,0.6433059751024697,0.6433059751024697,0.5735162937918511,TRUE,TRUE
2004-09-16,Ross,6.228944674,0.6880958102956596,0.6880958102956596,0.5735162937918511,TRUE,TRUE
2004-09-17,Ross,6.25733429,0.7055785261422693,0.7055785261422693,0.5735162937918511,TRUE,TRUE
2004-09-18,Ross,6.253521219,0.6914795330427745,0.6914795330427745,0.5735162937918511,TRUE,TRUE
2004-09-19,Ross,6.287468579,0.7157411783976473,0.7157411783976473,0.5735162937918511,TRUE,TRUE
2004-09-20,Ross,6.365301955,0.7844682766073632,0.7844682766073632,0.5735162937918511,TRUE,TRUE
2004-09-21,Ross,6.392887293,0.8035060030723926,0.8035060030723926,0.5735162937918511,TRUE,TRUE
2004-09-22,Ross,6.398165192,0.8007759959320184,0.8007759959320184,0.5735162937918511,TRUE,TRUE
2004-09-23,Ross,6.390339957,0.785482974615392,0.785482974615392,0.5735162937918511,TRUE,TRUE
2004-09-24,Ross,6.356404345,0.7446318639003495,0.7446318639003495,0.5735162937918511,TRUE,TRUE
2004-09-25,Ross,6.32454265,0.7064192904771742,0.7064192904771742,0.5735162937918511,TRUE,TRUE
2004-09-26,Ross,6.275578377,0.651681092036144,0.651681092036144,0.5735162937918511,TRUE,TRUE
2004-09-27,Ross,6.254298703,0.6252167782675393,0.6252167782675393,0.5735162937918511,TRUE,TRUE
2004-09-28,Ross,6.251185543,0.6175205968616453,0.6175205968616453,0.5735162937918511,TRUE,TRUE
2004-09-29,Ross,6.224727614,0.5870935975087415,0.5870935975087415,0.5735162937918511,TRUE,TRUE
2004-09-30,Ross,6.183141909,0.5421651058991097,0.5421651058991097,0.5735162937918511,FALSE,FALSE
2004-10-01,Ross,6.168421198,0.5247402247230308,0.5247402247230308,0.5735162937918511,FALSE,FALSE
2004-10-02,Ross,6.161833186,0.5160989916707877,0.5160989916707877,0.5735162937918511,FALSE,FALSE
2004-10-03,Ross,6.232298287,0.5851741534326598,0.5851741534326598,0.5735162937918511,TRUE,TRUE
2004-10-04,Ross,6.267822826,0.6199843748178253,0.6199843748178253,0.5735162937918511,TRUE,TRUE
2004-10-05,Ross,6.316535756,0.6686795598618334,0.6686795598618334,0.5735162937918511,TRUE,TRUE
2004-10-06,Ross,6.324923066,0.6777919789471163,0.6777919789471163,0.5735162937918511,TRUE,TRUE
2004-10-07,Ross,6.338415501,0.6928032925931076,0.6928032925931076,0.5735162937918511,TRUE,TRUE
2004-10-08,Ross,6.307585712,0.6643370673192521,0.6643370673192521,0.5735162937918511,TRUE,TRUE
2004-10-09,Ross,6.262610237,0.6226207566449871,0.6226207566449871,0.5735162937918511,TRUE,TRUE
2004-10-10,Ross,6.17017884,0.5343950400897519,0.5343950400897519,0.5735162937918511,FALSE,FALSE
2004-10-11,Ross,6.111435191,0.4808545031729876,0.4808545031729876,0.5735162937918511,FALSE,FALSE
2004-10-12,Ross,6.092311786,0.4679825574141301,0.4679825574141301,0.5735162937918511,FALSE,FALSE
2004-10-13,Ross,6.129653261,0.5126747543326227,0.5126747543326227,0.5735162937918511,FALSE,FALSE
2004-10-14,Ross,6.166810897,0.5583332904479041,0.5583332904479041,0.5735162937918511,FALSE,FALSE
2004-10-15,Ross,6.200059667,0.6012840542794082,0.6012840542794082,0.5735162937918511,TRUE,TRUE
2004-10-16,Ross,6.220893035,0.6330714253465803,0.6330714253465803,0.5735162937918511,TRUE,TRUE
2004-10-17,Ross,6.243685019,0.6681165019412969,0.6681165019412969,0.5735162937918511,TRUE,TRUE
2004-10-18,Ross,6.248447821,0.6863971072583537,0.6863971072583537,0.5735162937918511,TRUE,TRUE
2004-10-19,Ross,6.199737664,0.652357209350301,0.652357209350301,0.5735162937918511,TRUE,TRUE
2004-10-20,Ross,6.111779709,0.5801065960876288,0.5801065960876288,0.5735162937918511,TRUE,TRUE
2004-10-21,Ross,6.052235144,0.5371910823408257,0.5371910823408257,0.5735162937918511,FALSE,FALSE
2004-10-22,Ross,6.015262894,0.5176542199803817,0.5176542199803817,0.5735162937918511,FALSE,FALSE
2004-10-23,Ross,5.986446424,0.5069641008767878,0.5069641008767878,0.5735162937918511,FALSE,FALSE
2004-10-24,Ross,5.971551862,0.5107714799005336,0.5107714799005336,0.5735162937918511,FALSE,FALSE
2004-10-25,Ross,5.986844229,0.5452260049221085,0.5452260049221085,0.5735162937918511,FALSE,FALSE
2004-10-26,Ross,5.97232862,0.5502173978120029,0.5502173978120029,0.5735162937918511,FALSE,FALSE
2004-10-27,Ross,5.956446224,0.5540714744407076,0.5540714744407076,0.5735162937918511,FALSE,FALSE
2004-10-28,Ross,6.027785518,0.6452613386787132,0.6452613386787132,0.5735162937918511,TRUE,TRUE
2004-10-29,Ross,6.037182187,0.6745073023965089,0.6745073023965089,0.5735162937918511,TRUE,TRUE
2004-10-30,Ross,6.019619359,0.6767171971502473,0.6767171971502473,0.5735162937918511,TRUE,TRUE
2004-10-31,Ross,6.030864644,0.7077806026452409,0.7077806026452409,0.5735162937918511,TRUE,TRUE
2004-11-01,Ross,6.032950084,0.7299121230822845,0.7299121230822845,0.5735162937918511,TRUE,TRUE
2004-11-02,Ross,6.004680043,0.722098700951026,0.722098700951026,0.5735162937918511,TRUE,TRUE
2004-11-03,Ross,5.973003526,0.7114719197411139,0.7114719197411139,0.5735162937918511,TRUE,TRUE
2004-11-04,Ross,5.972931115,0.7332249399421968,0.7332249399421968,0.5735162937918511,TRUE,TRUE
2004-11-05,Ross,5.948614198,0.7316917280439261,0.7316917280439261,0.5735162937918511,TRUE,TRUE
2004-11-06,Ross,5.940068092,0.7470701795359487,0.7470701795359487,0.5735162937918511,TRUE,TRUE
2004-11-07,Ross,5.960885431,0.7931355069079116,0.7931355069079116,0.5735162937918511,TRUE,TRUE
2004-11-08,Ross,5.981000811,0.8400048846494652,0.8400048846494652,0.5735162937918511,TRUE,TRUE
2004-11-09,Ross,5.969992895,0.8574395542502566,0.8574395542502566,0.5735162937918511,TRUE,TRUE
2004-11-10,Ross,5.925063,0.8428234111999373,0.8428234111999373,0.5735162937918511,TRUE,TRUE
2004-11-11,Ross,5.87732884,0.8274552670697881,0.8274552670697881,0.5735162937918511,TRUE,TRUE
2004-11-12,Ross,5.820698126,0.8053420075080053,0.8053420075080053,0.5735162937918511,TRUE,TRUE
2004-11-13,Ross,5.760382833,0.7816716349151465,0.7816716349151465,0.5735162937918511,TRUE,TRUE
2004-11-14,Ross,5.717534039,0.7775610970726952,0.7775610970726952,0.5735162937918511,TRUE,TRUE
2004-11-15,Ross,5.639414913,0.740239432762138,0.740239432762138,0.5735162937918511,TRUE,TRUE
2004-11-16,Ross,5.617550821,0.7611978777649568,0.7611978777649568,0.5735162937918511,TRUE,TRUE
2004-11-17,Ross,5.598932434,0.7873929728626372,0.7873929728626372,0.5735162937918511,TRUE,TRUE
2004-11-18,Ross,5.584224412,0.8194552478366663,0.8194552478366663,0.5735162937918511,TRUE,TRUE
2004-11-19,Ross,5.551048448,0.834972265468525,0.834972265468525,0.5735162937918511,TRUE,TRUE
2004-11-20,Ross,5.535372891,0.8698782445397031,0.8698782445397031,0.5735162937918511,TRUE,TRUE
2004-11-21,Ross,5.523447609,0.9103889228316796,0.9103889228316796,0.5735162937918511,TRUE,TRUE
2004-11-22,Ross,5.485195018,0.9263925861259424,0.9263925861259424,0.5735162937918511,TRUE,TRUE
2004-11-23,Ross,5.44315464,0.9403946262039762,0.9403946262039762,0.5735162937918511,TRUE,TRUE
2004-11-24,Ross,5.358183478,0.91324297674569,0.91324297674569,0.5735162937918511,TRUE,TRUE
2004-11-25,Ross,5.279705163,0.8945641603111021,0.8945641603111021,0.5735162937918511,TRUE,TRUE
2004-11-26,Ross,5.210140132,0.8870880848858764,0.8870880848858764,0.5735162937918511,TRUE,TRUE
2004-11-27,Ross,5.106475611,0.8481122547329258,0.8481122547329258,0.5735162937918511,TRUE,TRUE
2004-11-28,Ross,5.014477083,0.8237124311151716,0.8237124311151716,0.5735162937918511,TRUE,TRUE
2004-11-29,Ross,4.932243182,0.8122975262955281,0.8122975262955281,0.5735162937918511,TRUE,TRUE
2004-11-30,Ross,4.84022548,0.7946293905369091,0.7946293905369091,0.5735162937918511,TRUE,TRUE
2004-12-01,Ross,4.777063644,0.8096579691022332,0.8096579691022332,0.5735162937918511,TRUE,TRUE
2004-12-02,Ross,4.713564918,0.8285007842544148,0.8285007842544148,0.5735162937918511,TRUE,TRUE
2004-12-03,Ross,4.662931622,0.8646704342563698,0.8646704342563698,0.5735162937918511,TRUE,TRUE
2004-12-04,Ross,4.593640267,0.8869537083710148,0.8869537083710148,0.5735162937918511,TRUE,TRUE
2004-12-05,Ross,4.491358749,0.8813287808612649,0.8813287808612649,0.5735162937918511,TRUE,TRUE
2004-12-06,Ross,4.387385322,0.8794032816667676,0.8794032816667676,0.5735162937918511,TRUE,TRUE
2004-12-07,Ross,4.317584466,0.9170709567098968,0.9170709567098968,0.5735162937918511,TRUE,TRUE
2004-12-08,Ross,4.230765067,0.94249443540179,0.94249443540179,0.5735162937918511,TRUE,TRUE
2004-12-09,Ross,4.101842027,0.9298425734185392,0.9298425734185392,0.5735162937918511,TRUE,TRUE
2004-12-10,Ross,3.994652132,0.9422061104362264,0.9422061104362264,0.5735162937918511,TRUE,TRUE
2004-12-11,Ross,3.801423309,0.8710669271309479,0.8710669271309479,0.5735162937918511,TRUE,TRUE
2004-12-12,Ross,3.536971585,0.7304950041787892,0.7304950041787892,0.5735162937918511,TRUE,TRUE
2004-12-13,Ross,3.267766729,0.5862140642558407,0.5862140642558407,0.5735162937918511,TRUE,TRUE
2004-12-14,Ross,3.091727572,0.5353968920381944,0.5353968920381944,0.5735162937918511,FALSE,FALSE
2004-12-15,Ross,2.840680664,0.4091239912019344,0.4091239912019344,0.5735162937918511,FALSE,FALSE
2004-12-16,Ross,2.545195731,0.2372190414231552,0.2372190414231552,0.5735162937918511,FALSE,FALSE
2004-12-17,Ross,2.199622528,0.01328575137794318,0.01328575137794318,0.5735162937918511,FALSE,FALSE
2004-12-18,Ross,1.896791796,-0.17059118425761133,0.17059118425761133,0.5735162937918511,FALSE,FALSE
2004-12-19,Ross,1.705505227,-0.24633694564335615,0.24633694564335615,0.5735162937918511,FALSE,FALSE
2004-12-20,Ross,1.535975575,-0.3041624704463255,0.3041624704463255,0.5735162937918511,FALSE,FALSE
2004-12-21,Ross,1.381568157,-0.35088412829804594,0.35088412829804594,0.5735162937918511,FALSE,FALSE
2004-12-22,Ross,1.264181905,-0.364777929894464,0.364777929894464,0.5735162937918511,FALSE,FALSE
2004-12-23,Ross,1.176666991,-0.3531686459315251,0.3531686459315251,0.5735162937918511,FALSE,FALSE
2004-12-24,Ross,1.05621578,-0.3790388541051743,0.3790388541051743,0.5735162937918511,FALSE,FALSE
2004-12-25,Ross,0.960919091,-0.3844726781113602,0.3844726781113602,0.5735162937918511,FALSE,FALSE
2004-12-26,Ross,0.873935334,-0.3864866506460274,0.3864866506460274,0.5735162937918511,FALSE,FALSE
2004-12-27,Ross,0.795369074,-0.3851511494051175,0.3851511494051175,0.5735162937918511,FALSE,FALSE
2004-12-28,Ross,0.765300731,-0.34056069708458403,0.34056069708458403,0.5735162937918511,FALSE,FALSE
2004-12-29,Ross,0.738493626,-0.2981269153803684,0.2981269153803684,0.5735162937918511,FALSE,FALSE
2004-12-30,Ross,0.693212303,-0.27976020298841653,0.27976020298841653,0.5735162937918511,FALSE,FALSE
2004-12-31,Ross,0.636493476,-0.2785987886046756,0.2785987886046756,0.5735162937918511,FALSE,FALSE
2005-01-01,Ross,0.593236035,-0.3218562296046751,0.3218562296046751,0.5735162937918511,FALSE,FALSE
2005-01-02,Ross,0.559919238,-0.30313087818517215,0.30313087818517215,0.5735162937918511,FALSE,FALSE
2005-01-03,Ross,0.521397335,-0.29510044972627103,0.29510044972627103,0.5735162937918511,FALSE,FALSE
2005-01-04,Ross,0.500777044,-0.2742053064844193,0.2742053064844193,0.5735162937918511,FALSE,FALSE
2005-01-05,Ross,0.476096084,-0.26195480971605484,0.26195480971605484,0.5735162937918511,FALSE,FALSE
2005-01-06,Ross,0.461845559,-0.243404935677629,0.243404935677629,0.5735162937918511,FALSE,FALSE
2005-01-07,Ross,0.460653158,-0.2154750756255856,0.2154750756255856,0.5735162937918511,FALSE,FALSE
2005-01-08,Ross,0.439499213,-0.2107319778163677,0.2107319778163677,0.5735162937918511,FALSE,FALSE
2005-01-09,Ross,0.426441945,-0.200664501506421,0.200664501506421,0.5735162937918511,FALSE,FALSE
2005-01-10,Ross,0.415358198,-0.19094288295219217,0.19094288295219217,0.5735162937918511,FALSE,FALSE
2005-01-11,Ross,0.416669384,-0.1706927904101252,0.1706927904101252,0.5735162937918511,FALSE,FALSE
2005-01-12,Ross,0.413454371,-0.1563824361366643,0.1563824361366643,0.5735162937918511,FALSE,FALSE
2005-01-13,Ross,0.414618874,-0.1386531853882555,0.1386531853882555,0.5735162937918511,FALSE,FALSE
2005-01-14,Ross,0.412746734,-0.12447404427497794,0.12447404427497794,0.5735162937918511,FALSE,FALSE
2005-01-15,Ross,0.410844736,-0.11059801751513992,0.11059801751513992,0.5735162937918511,FALSE,FALSE
2005-01-16,Ross,0.403277159,-0.10267987060583368,0.10267987060583368,0.5735162937918511,FALSE,FALSE
2005-01-17,Ross,0.380470181,-0.1103288661968746,0.1103288661968746,0.5735162937918511,FALSE,FALSE
2005-01-18,Ross,0.369426839,-0.1065774079380778,0.1065774079380778,0.5735162937918511,FALSE,FALSE
2005-01-19,Ross,0.355392261,-0.10621580847925945,0.10621580847925945,0.5735162937918511,FALSE,FALSE
2005-01-20,Ross,0.351138343,-0.0965076124702341,0.0965076124702341,0.5735162937918511,FALSE,FALSE
2005-01-21,Ross,0.347521337,-0.08663200856081771,0.08663200856081771,0.5735162937918511,FALSE,FALSE
2005-01-22,Ross,0.34701183,-0.07415385040082528,0.07415385040082528,0.5735162937918511,FALSE,FALSE
2005-01-23,Ross,0.345130691,-0.06358770964007382,0.06358770964007382,0.5735162937918511,FALSE,FALSE
2005-01-24,Ross,0.330964844,-0.06588210292837798,0.06588210292837798,0.5735162937918511,FALSE,FALSE
2005-01-25,Ross,0.324253,-0.06133375991555268,0.06133375991555268,0.5735162937918511,FALSE,FALSE
2005-01-26,Ross,0.3315949,-0.04337838025141344,0.04337838025141344,0.5735162937918511,FALSE,FALSE
2005-01-27,Ross,0.326020734,-0.03901402961440797,0.03901402961440797,0.5735162937918511,FALSE,FALSE
2005-01-28,Ross,0.343127117,-0.01262371031451659,0.01262371031451659,0.5735162937918511,FALSE,FALSE
2005-01-29,Ross,0.33376542,-0.0133155004304537,0.0133155004304537,0.5735162937918511,FALSE,FALSE
2005-01-30,Ross,0.32156564,-0.01741878707266347,0.01741878707266347,0.5735162937918511,FALSE,FALSE
2005-01-31,Ross,0.289767571,-0.04165316035158678,0.04165316035158678,0.5735162937918511,FALSE,FALSE
2005-02-01,Ross,0.277481032,-0.0468681853776659,0.0468681853776659,0.5735162937918511,FALSE,FALSE
2005-02-02,Ross,0.266442908,-0.05128636126134417,0.05128636126134417,0.5735162937918511,FALSE,FALSE
2005-02-03,Ross,0.24740286,-0.06411741111306202,0.06411741111306202,0.5735162937918511,FALSE,FALSE
2005-02-04,Ross,0.246258205,-0.05942340204326174,0.05942340204326174,0.5735162937918511,FALSE,FALSE
2005-02-05,Ross,0.243869244,-0.05630341716238588,0.05630341716238588,0.5735162937918511,FALSE,FALSE
2005-02-06,Ross,0.240290777,-0.05466204058087648,0.05466204058087648,0.5735162937918511,FALSE,FALSE
2005-02-07,Ross,0.242478488,-0.0475029724091745,0.0475029724091745,0.5735162937918511,FALSE,FALSE
2005-02-08,Ross,0.235030928,-0.05018719593106155,0.05018719593106155,0.5735162937918511,FALSE,FALSE
2005-02-09,Ross,0.240650063,-0.03999210581342119,0.03999210581342119,0.5735162937918511,FALSE,FALSE
2005-02-10,Ross,0.235041701,-0.04123068463737572,0.04123068463737572,0.5735162937918511,FALSE,FALSE
2005-02-11,Ross,0.230028147,-0.04210407992484857,0.04210407992484857,0.5735162937918511,FALSE,FALSE
2005-02-12,Ross,0.215853159,-0.05239198619776256,0.05239198619776256,0.5735162937918511,FALSE,FALSE
2005-02-13,Ross,0.212878537,-0.0517560559780432,0.0517560559780432,0.5735162937918511,FALSE,FALSE
2005-02-14,Ross,0.215353733,-0.04597028978761142,0.04597028978761142,0.5735162937918511,FALSE,FALSE
2005-02-15,Ross,0.215230469,-0.04310641814839142,0.04310641814839142,0.5735162937918511,FALSE,FALSE
2005-02-16,Ross,0.234796877,-0.02089976158230969,0.02089976158230969,0.5735162937918511,FALSE,FALSE
2005-02-17,Ross,0.229750509,-0.02367622061128593,0.02367622061128593,0.5735162937918511,FALSE,FALSE
2005-02-18,Ross,0.235879027,-0.01567158575724639,0.01567158575724639,0.5735162937918511,FALSE,FALSE
2005-02-19,Ross,0.234022839,-0.01606890154211379,0.01606890154211379,0.5735162937918511,FALSE,FALSE
2005-02-20,Ross,0.231101512,-0.01797205348781194,0.01797205348781194,0.5735162937918511,FALSE,FALSE
2005-02-21,Ross,0.226286989,-0.02223082228144232,0.02223082228144232,0.5735162937918511,FALSE,FALSE
2005-02-22,Ross,0.226687477,-0.02173776485089415,0.02173776485089415,0.5735162937918511,FALSE,FALSE
2005-02-23,Ross,0.231556193,-0.01722648477757349,0.01722648477757349,0.5735162937918511,FALSE,FALSE
2005-02-24,Ross,0.232426047,-0.0171506405894101,0.0171506405894101,0.5735162937918511,FALSE,FALSE
2005-02-25,Ross,0.243096525,-0.00769731481433072,0.00769731481433072,0.5735162937918511,FALSE,FALSE
2005-02-26,Ross,0.232015061,-0.02040564198026415,0.02040564198026415,0.5735162937918511,FALSE,FALSE
2005-02-27,Ross,0.236903859,-0.01753998661513633,0.01753998661513633,0.5735162937918511,FALSE,FALSE
2005-02-28,Ross,0.243057815,-0.01379202124687561,0.01379202124687561,0.5735162937918511,FALSE,FALSE
2005-03-01,Ross,0.244138805,-0.01548643840341026,0.01548643840341026,0.5735162937918511,FALSE,FALSE
2005-03-02,Ross,0.25697419,-0.00578244561266694,0.00578244561266694,0.5735162937918511,FALSE,FALSE
2005-03-03,Ross,0.258832733,-0.00739784840257473,0.00739784840257473,0.5735162937918511,FALSE,FALSE
2005-03-04,Ross,0.271721605,0.00168795569894009,0.00168795569894009,0.5735162937918511,FALSE,FALSE
2005-03-05,Ross,0.266216815,-0.0079355940383663,0.0079355940383663,0.5735162937918511,FALSE,FALSE
2005-03-06,Ross,0.25579832,-0.02277958281051667,0.02277958281051667,0.5735162937918511,FALSE,FALSE
2005-03-07,Ross,0.250803625,-0.03251210846322527,0.03251210846322527,0.5735162937918511,FALSE,FALSE
2005-03-08,Ross,0.257637568,-0.03073689399080231,0.03073689399080231,0.5735162937918511,FALSE,FALSE
2005-03-09,Ross,0.266467921,-0.02729472838755359,0.02729472838755359,0.5735162937918511,FALSE,FALSE
2005-03-10,Ross,0.25981391,-0.03967494664778698,0.03967494664778698,0.5735162937918511,FALSE,FALSE
2005-03-11,Ross,0.239519765,-0.06604187976581,0.06604187976581,0.5735162937918511,FALSE,FALSE
2005-03-12,Ross,0.243436127,-0.06855344773593097,0.06855344773593097,0.5735162937918511,FALSE,FALSE
2005-03-13,Ross,0.268827772,-0.04995343555245624,0.04995343555245624,0.5735162937918511,FALSE,FALSE
2005-03-14,Ross,0.291807061,-0.03413804320969127,0.03413804320969127,0.5735162937918511,FALSE,FALSE
2005-03-15,Ross,0.290365903,-0.04312392270194831,0.04312392270194831,0.5735162937918511,FALSE,FALSE
2005-03-16,Ross,0.276019262,-0.06540467102353037,0.06540467102353037,0.5735162937918511,FALSE,FALSE
2005-03-17,Ross,0.284573347,-0.06518264016874842,0.06518264016874842,0.5735162937918511,FALSE,FALSE
2005-03-18,Ross,0.288811407,-0.06968298165721826,0.06968298165721826,0.5735162937918511,FALSE,FALSE
2005-03-19,Ross,0.278403748,-0.08923978217664003,0.08923978217664003,0.5735162937918511,FALSE,FALSE
2005-03-20,Ross,0.28517874,-0.0920248721889465,0.0920248721889465,0.5735162937918511,FALSE,FALSE
2005-03-21,Ross,0.316256778,-0.07091785977922577,0.07091785977922577,0.5735162937918511,FALSE,FALSE
2005-03-22,Ross,0.341173877,-0.05638273303256358,0.05638273303256358,0.5735162937918511,FALSE,FALSE
2005-03-23,Ross,0.360314543,-0.04803498903404801,0.04803498903404801,0.5735162937918511,FALSE,FALSE
2005-03-24,Ross,0.374862879,-0.0446905278687682,0.0446905278687682,0.5735162937918511,FALSE,FALSE
2005-03-25,Ross,0.38146081,-0.04970742762180691,0.04970742762180691,0.5735162937918511,FALSE,FALSE
2005-03-26,Ross,0.376271633,-0.0669223943782557,0.0669223943782557,0.5735162937918511,FALSE,FALSE
2005-03-27,Ross,0.374446109,-0.08118467022319825,0.08118467022319825,0.5735162937918511,FALSE,FALSE
2005-03-28,Ross,0.390738208,-0.07774028824172619,0.07774028824172619,0.5735162937918511,FALSE,FALSE
2005-03-29,Ross,0.420440994,-0.06129618751892246,0.06129618751892246,0.5735162937918511,FALSE,FALSE
2005-03-30,Ross,0.439540326,-0.05586651213987653,0.05586651213987653,0.5735162937918511,FALSE,FALSE
2005-03-31,Ross,0.446206463,-0.0632822901916591,0.0632822901916591,0.5735162937918511,FALSE,FALSE
2005-04-01,Ross,0.459689576,-0.06430165615885436,0.06430165615885436,0.5735162937918511,FALSE,FALSE
2005-04-02,Ross,0.476920364,-0.06200460247875788,0.06200460247875788,0.5735162937918511,FALSE,FALSE
2005-04-03,Ross,0.49167038,-0.06263026956112633,0.06263026956112633,0.5735162937918511,FALSE,FALSE
2005-04-04,Ross,0.490520881,-0.07960809381572198,0.07960809381572198,0.5735162937918511,FALSE,FALSE
2005-04-05,Ross,0.495419208,-0.09100142765230262,0.09100142765230262,0.5735162937918511,FALSE,FALSE
2005-04-06,Ross,0.515215372,-0.08797095348062511,0.08797095348062511,0.5735162937918511,FALSE,FALSE
2005-04-07,Ross,0.544256562,-0.07618017571045277,0.07618017571045277,0.5735162937918511,FALSE,FALSE
2005-04-08,Ross,0.559748869,-0.0784336967515421,0.0784336967515421,0.5735162937918511,FALSE,FALSE
2005-04-09,Ross,0.580022104,-0.07641239901365215,0.07641239901365215,0.5735162937918511,FALSE,FALSE
2005-04-10,Ross,0.601936864,-0.07326637890654453,0.07326637890654453,0.5735162937918511,FALSE,FALSE
2005-04-11,Ross,0.604742542,-0.08975693683997665,0.08975693683997665,0.5735162937918511,FALSE,FALSE
2005-04-12,Ross,0.609637353,-0.10469625137534087,0.10469625137534087,0.5735162937918511,FALSE,FALSE
2005-04-13,Ross,0.627976818,-0.10671782481104308,0.10671782481104308,0.5735162937918511,FALSE,FALSE
2005-04-14,Ross,0.639072348,-0.11646404075861994,0.11646404075861994,0.5735162937918511,FALSE,FALSE
2005-04-15,Ross,0.658388313,-0.11842103331255892,0.11842103331255892,0.5735162937918511,FALSE,FALSE
2005-04-16,Ross,0.671342522,-0.12712149756734892,0.12712149756734892,0.5735162937918511,FALSE,FALSE
2005-04-17,Ross,0.678640278,-0.1418106346174759,0.1418106346174759,0.5735162937918511,FALSE,FALSE
2005-04-18,Ross,0.682566057,-0.16015447255742854,0.16015447255742854,0.5735162937918511,FALSE,FALSE
2005-04-19,Ross,0.715681551,-0.1495418234816932,0.1495418234816932,0.5735162937918511,FALSE,FALSE
2005-04-20,Ross,0.761694563,-0.12621538848475977,0.12621538848475977,0.5735162937918511,FALSE,FALSE
2005-04-21,Ross,0.765785458,-0.14494530666111216,0.14494530666111216,0.5735162937918511,FALSE,FALSE
2005-04-22,Ross,0.769352813,-0.1642835051052386,0.1642835051052386,0.5735162937918511,FALSE,FALSE
2005-04-23,Ross,0.78506305,-0.17151406591162888,0.17151406591162888,0.5735162937918511,FALSE,FALSE
2005-04-24,Ross,0.819716826,-0.15978683617476763,0.15978683617476763,0.5735162937918511,FALSE,FALSE
2005-04-25,Ross,0.842377462,-0.15999909549581837,0.15999909549581837,0.5735162937918511,FALSE,FALSE
2005-04-26,Ross,0.84850215,-0.17675014366923503,0.17675014366923503,0.5735162937918511,FALSE,FALSE
2005-04-27,Ross,0.849730056,-0.1985102965236983,0.1985102965236983,0.5735162937918511,FALSE,FALSE
2005-04-28,Ross,0.867673011,-0.20377776307937367,0.20377776307937367,0.5735162937918511,FALSE,FALSE
2005-04-29,Ross,0.89630292600000006,-0.19869067235643223,0.19869067235643223,0.5735162937918511,FALSE,FALSE
2005-04-30,Ross,0.923027992,-0.19595087337504505,0.19595087337504505,0.5735162937918511,FALSE,FALSE
2005-05-01,Ross,0.963166711,-0.18034990415538352,0.18034990415538352,0.5735162937918511,FALSE,FALSE
2005-05-02,Ross,1.00179016,-0.16692672771761452,0.16692672771761452,0.5735162937918511,FALSE,FALSE
2005-05-03,Ross,1.021468911,-0.17322081208190898,0.17322081208190898,0.5735162937918511,FALSE,FALSE
2005-05-04,Ross,1.038570169,-0.18297499226843783,0.18297499226843783,0.5735162937918511,FALSE,FALSE
2005-05-05,Ross,1.039650437,-0.20974280529737044,0.20974280529737044,0.5735162937918511,FALSE,FALSE
2005-05-06,Ross,1.039623747,-0.23872025918887577,0.23872025918887577,0.5735162937918511,FALSE,FALSE
2005-05-07,Ross,1.043325093,-0.2651823110913465,0.2651823110913465,0.5735162937918511,FALSE,FALSE
2005-05-08,Ross,1.049467783,-0.2904760567470521,0.2904760567470521,0.5735162937918511,FALSE,FALSE
2005-05-09,Ross,1.081608356,-0.29097349183982146,0.29097349183982146,0.5735162937918511,FALSE,FALSE
2005-05-10,Ross,1.126552286,-0.2797759798415054,0.2797759798415054,0.5735162937918511,FALSE,FALSE
2005-05-11,Ross,1.16432358,-0.2767663512239513,0.2767663512239513,0.5735162937918511,FALSE,FALSE
2005-05-12,Ross,1.211150665,-0.26562301645900765,0.26562301645900765,0.5735162937918511,FALSE,FALSE
2005-05-13,Ross,1.246169894,-0.2671164600185272,0.2671164600185272,0.5735162937918511,FALSE,FALSE
2005-05-14,Ross,1.284611569,-0.26592321737435576,0.26592321737435576,0.5735162937918511,FALSE,FALSE
2005-05-15,Ross,1.308020933,-0.28040488299834365,0.28040488299834365,0.5735162937918511,FALSE,FALSE
2005-05-16,Ross,1.317521529,-0.3093447513623422,0.3093447513623422,0.5735162937918511,FALSE,FALSE
2005-05-17,Ross,1.355066337,-0.31069667993819694,0.31069667993819694,0.5735162937918511,FALSE,FALSE
2005-05-18,Ross,1.410750206,-0.2942726571977614,0.2942726571977614,0.5735162937918511,FALSE,FALSE
2005-05-19,Ross,1.478118025,-0.2664346316128834,0.2664346316128834,0.5735162937918511,FALSE,FALSE
2005-05-20,Ross,1.531154819,-0.2531074602059624,0.2531074602059624,0.5735162937918511,FALSE,FALSE
2005-05-21,Ross,1.563806205,-0.2603109628706377,0.2603109628706377,0.5735162937918511,FALSE,FALSE
2005-05-22,Ross,1.621592909,-0.24253838789090487,0.24253838789090487,0.5735162937918511,FALSE,FALSE
2005-05-23,Ross,1.698324506,-0.20599576757750615,0.20599576757750615,0.5735162937918511,FALSE,FALSE
2005-05-24,Ross,1.780803855,-0.1638958502411818,0.1638958502411818,0.5735162937918511,FALSE,FALSE
2005-05-25,Ross,1.825018686,-0.16026651319267082,0.16026651319267082,0.5735162937918511,FALSE,FALSE
2005-05-26,Ross,1.841816804,-0.18427555874271295,0.18427555874271295,0.5735162937918511,FALSE,FALSE
2005-05-27,Ross,1.847236603,-0.2199002002020507,0.2199002002020507,0.5735162937918511,FALSE,FALSE
2005-05-28,Ross,1.876637108,-0.23179701988142545,0.23179701988142545,0.5735162937918511,FALSE,FALSE
2005-05-29,Ross,1.943858148,-0.20614179609157768,0.20614179609157768,0.5735162937918511,FALSE,FALSE
2005-05-30,Ross,2.016367783,-0.17548207614324607,0.17548207614324607,0.5735162937918511,FALSE,FALSE
2005-05-31,Ross,2.081156938,-0.15284254234717398,0.15284254234717398,0.5735162937918511,FALSE,FALSE
2005-06-01,Ross,2.122777641,-0.15368677401409991,0.15368677401409991,0.5735162937918511,FALSE,FALSE
2005-06-02,Ross,2.142763802,-0.17649181004969217,0.17649181004969217,0.5735162937918511,FALSE,FALSE
2005-06-03,Ross,2.133107892,-0.22925546241674644,0.22925546241674644,0.5735162937918511,FALSE,FALSE
2005-06-04,Ross,2.150971561,-0.2548006352923733,0.2548006352923733,0.5735162937918511,FALSE,FALSE
2005-06-05,Ross,2.21034046,-0.2391262316414724,0.2391262316414724,0.5735162937918511,FALSE,FALSE
2005-06-06,Ross,2.290540666,-0.2028907284289452,0.2028907284289452,0.5735162937918511,FALSE,FALSE
2005-06-07,Ross,2.332849957,-0.2048009016196972,0.2048009016196972,0.5735162937918511,FALSE,FALSE
2005-06-08,Ross,2.357362432,-0.22474720617862465,0.22474720617862465,0.5735162937918511,FALSE,FALSE
2005-06-09,Ross,2.38817941,-0.2386128770706306,0.2386128770706306,0.5735162937918511,FALSE,FALSE
2005-06-10,Ross,2.434557157,-0.23712620226061976,0.23712620226061976,0.5735162937918511,FALSE,FALSE
2005-06-11,Ross,2.475636354,-0.2411310547134904,0.2411310547134904,0.5735162937918511,FALSE,FALSE
2005-06-12,Ross,2.536348667,-0.22568032239414437,0.22568032239414437,0.5735162937918511,FALSE,FALSE
2005-06-13,Ross,2.580062735,-0.22738992026748317,0.22738992026748317,0.5735162937918511,FALSE,FALSE
2005-06-14,Ross,2.6224279,-0.23059443674459024,0.23059443674459024,0.5735162937918511,FALSE,FALSE
2005-06-15,Ross,2.662521673,-0.2361728023981371,0.2361728023981371,0.5735162937918511,FALSE,FALSE
2005-06-16,Ross,2.696479404,-0.24790839808350904,0.24790839808350904,0.5735162937918511,FALSE,FALSE
2005-06-17,Ross,2.774882499,-0.2151358164503172,0.2151358164503172,0.5735162937918511,FALSE,FALSE
2005-06-18,Ross,2.843026456,-0.19247555814818584,0.19247555814818584,0.5735162937918511,FALSE,FALSE
2005-06-19,Ross,2.871372919,-0.20938197782672183,0.20938197782672183,0.5735162937918511,FALSE,FALSE
2005-06-20,Ross,2.851654262,-0.27403870013554643,0.27403870013554643,0.5735162937918511,FALSE,FALSE
2005-06-21,Ross,2.928375181,-0.241857027724274,0.241857027724274,0.5735162937918511,FALSE,FALSE
2005-06-22,Ross,3.020515144,-0.19377349124252152,0.19377349124252152,0.5735162937918511,FALSE,FALSE
2005-06-23,Ross,3.111259934,-0.1465183063399036,0.1465183063399036,0.5735162937918511,FALSE,FALSE
2005-06-24,Ross,3.211878141,-0.08873888166603727,0.08873888166603727,0.5735162937918511,FALSE,FALSE
2005-06-25,Ross,3.277162924,-0.06555805687053695,0.06555805687053695,0.5735162937918511,FALSE,FALSE
2005-06-26,Ross,3.316243715,-0.06776239860301914,0.06776239860301914,0.5735162937918511,FALSE,FALSE
2005-06-27,Ross,3.351628807,-0.07277467097485868,0.07277467097485868,0.5735162937918511,FALSE,FALSE
2005-06-28,Ross,3.365907742,-0.09805017844352948,0.09805017844352948,0.5735162937918511,FALSE,FALSE
2005-06-29,Ross,3.411971748,-0.09079453429159656,0.09079453429159656,0.5735162937918511,FALSE,FALSE
2005-06-30,Ross,3.437474373,-0.10345129913357054,0.10345129913357054,0.5735162937918511,FALSE,FALSE
2005-07-01,Ross,3.45526004,-0.12327315858395772,0.12327315858395772,0.5735162937918511,FALSE,FALSE
2005-07-02,Ross,3.422266067,-0.19341990325726677,0.19341990325726677,0.5735162937918511,FALSE,FALSE
2005-07-03,Ross,3.376198624,-0.2762824717680106,0.2762824717680106,0.5735162937918511,FALSE,FALSE
2005-07-04,Ross,3.363457238,-0.3255584457306946,0.3255584457306946,0.5735162937918511,FALSE,FALSE
2005-07-05,Ross,3.415612411,-0.30977443175982833,0.30977443175982833,0.5735162937918511,FALSE,FALSE
2005-07-06,Ross,3.478479115,-0.28321256646992143,0.28321256646992143,0.5735162937918511,FALSE,FALSE
2005-07-07,Ross,3.511193666,-0.2868336424754774,0.2868336424754774,0.5735162937918511,FALSE,FALSE
2005-07-08,Ross,3.540429455,-0.2940613773910159,0.2940613773910159,0.5735162937918511,FALSE,FALSE
2005-07-09,Ross,3.54695617,-0.32422288436160596,0.32422288436160596,0.5735162937918511,FALSE,FALSE
2005-07-10,Ross,3.604305733,-0.30382324115197124,0.30382324115197124,0.5735162937918511,FALSE,FALSE
2005-07-11,Ross,3.73221176,-0.21303495773400805,0.21303495773400805,0.5735162937918511,FALSE,FALSE
2005-07-12,Ross,3.893743347,-0.08867774472528067,0.08867774472528067,0.5735162937918511,FALSE,FALSE
2005-07-13,Ross,4.009820652,-0.00972025074334936,0.00972025074334936,0.5735162937918511,FALSE,FALSE
2005-07-14,Ross,4.12065315,0.06415819259422584,0.06415819259422584,0.5735162937918511,FALSE,FALSE
2005-07-15,Ross,4.17198581,0.07881374766987648,0.07881374766987648,0.5735162937918511,FALSE,FALSE
2005-07-16,Ross,4.164934459,0.03547343486604859,0.03547343486604859,0.5735162937918511,FALSE,FALSE
2005-07-17,Ross,4.182353736,0.01710308656516712,0.01710308656516712,0.5735162937918511,FALSE,FALSE
2005-07-18,Ross,4.241001099,0.04057135414968016,0.04057135414968016,0.5735162937918511,FALSE,FALSE
2005-07-19,Ross,4.310831865,0.07594474800201922,0.07594474800201922,0.5735162937918511,FALSE,FALSE
2005-07-20,Ross,4.348547169,0.08003559650462222,0.08003559650462222,0.5735162937918511,FALSE,FALSE
2005-07-21,Ross,4.386934459,0.08574254103993084,0.08574254103993084,0.5735162937918511,FALSE,FALSE
2005-07-22,Ross,4.42688252,0.09405663617828264,0.09405663617828264,0.5735162937918511,FALSE,FALSE
2005-07-23,Ross,4.436556137,0.07312176737921394,0.07312176737921394,0.5735162937918511,FALSE,FALSE
2005-07-24,Ross,4.44657928,0.05345122224931664,0.05345122224931664,0.5735162937918511,FALSE,FALSE
2005-07-25,Ross,4.456695494,0.034675826770731,0.034675826770731,0.5735162937918511,FALSE,FALSE
2005-07-26,Ross,4.488879558,0.0386576409255861,0.0386576409255861,0.5735162937918511,FALSE,FALSE
2005-07-27,Ross,4.511323258,0.03347573169601059,0.03347573169601059,0.5735162937918511,FALSE,FALSE
2005-07-28,Ross,4.52881399,0.02380477606414022,0.02380477606414022,0.5735162937918511,FALSE,FALSE
2005-07-29,Ross,4.548804513,0.01698481401211271,0.01698481401211271,0.5735162937918511,FALSE,FALSE
2005-07-30,Ross,4.604806979,0.04641527852205396,0.04641527852205396,0.5735162937918511,FALSE,FALSE
2005-07-31,Ross,4.679114289,0.09427635157610048,0.09427635157610048,0.5735162937918511,FALSE,FALSE
2005-08-01,Ross,4.734487397,0.1232162681563782,0.1232162681563782,0.5735162937918511,FALSE,FALSE
2005-08-02,Ross,4.730208456,0.0924044622450273,0.0924044622450273,0.5735162937918511,FALSE,FALSE
2005-08-03,Ross,4.733691981,0.0691427314220503,0.0691427314220503,0.5735162937918511,FALSE,FALSE
2005-08-04,Ross,4.809233004,0.11765652640821413,0.11765652640821413,0.5735162937918511,FALSE,FALSE
2005-08-05,Ross,4.859022981,0.14022333064665915,0.14022333064665915,0.5735162937918511,FALSE,FALSE
2005-08-06,Ross,4.880816817,0.1347191530571079,0.1347191530571079,0.5735162937918511,FALSE,FALSE
2005-08-07,Ross,4.89215509,0.11880567555928144,0.11880567555928144,0.5735162937918511,FALSE,FALSE
2005-08-08,Ross,4.925103121,0.12466932307291324,0.12466932307291324,0.5735162937918511,FALSE,FALSE
2005-08-09,Ross,4.944221298,0.11699158751772742,0.11699158751772742,0.5735162937918511,FALSE,FALSE
2005-08-10,Ross,4.946012187,0.09239613881344244,0.09239613881344244,0.5735162937918511,FALSE,FALSE
2005-08-11,Ross,4.986012037,0.10654032987979443,0.10654032987979443,0.5735162937918511,FALSE,FALSE
2005-08-12,Ross,5.029131271,0.12445568763650527,0.12445568763650527,0.5735162937918511,FALSE,FALSE
2005-08-13,Ross,5.088347235,0.1592406620033051,0.1592406620033051,0.5735162937918511,FALSE,FALSE
2005-08-14,Ross,5.128953966,0.17631039389991177,0.17631039389991177,0.5735162937918511,FALSE,FALSE
2005-08-15,Ross,5.131721858,0.15655638124605886,0.15655638124605886,0.5735162937918511,FALSE,FALSE
2005-08-16,Ross,5.222714974,0.22615981032626653,0.22615981032626653,0.5735162937918511,FALSE,FALSE
2005-08-17,Ross,5.30746302,0.2906491965977134,0.2906491965977134,0.5735162937918511,FALSE,FALSE
2005-08-18,Ross,5.379779506,0.3437014400111478,0.3437014400111478,0.5735162937918511,FALSE,FALSE
2005-08-19,Ross,5.421140751,0.3666488281783158,0.3666488281783158,0.5735162937918511,FALSE,FALSE
2005-08-20,Ross,5.433041756,0.3608423307109607,0.3608423307109607,0.5735162937918511,FALSE,FALSE
2005-08-21,Ross,5.405630107,0.3162855022208344,0.3162855022208344,0.5735162937918511,FALSE,FALSE
2005-08-22,Ross,5.360169453,0.254097960319676,0.254097960319676,0.5735162937918511,FALSE,FALSE
2005-08-23,Ross,5.34349739,0.22097326961923525,0.22097326961923525,0.5735162937918511,FALSE,FALSE
2005-08-24,Ross,5.328084596,0.1892380767312636,0.1892380767312636,0.5735162937918511,FALSE,FALSE
2005-08-25,Ross,5.3497115,0.1945287792674968,0.1945287792674968,0.5735162937918511,FALSE,FALSE
2005-08-26,Ross,5.356833187,0.18515643083969113,0.18515643083969113,0.5735162937918511,FALSE,FALSE
2005-08-27,Ross,5.386320579,0.19784792205958637,0.19784792205958637,0.5735162937918511,FALSE,FALSE
2005-08-28,Ross,5.390522465,0.18480801053893092,0.18480801053893092,0.5735162937918511,FALSE,FALSE
2005-08-29,Ross,5.39578511,0.17226620868525266,0.17226620868525266,0.5735162937918511,FALSE,FALSE
2005-08-30,Ross,5.4156845,0.17384754213407838,0.17384754213407838,0.5735162937918511,FALSE,FALSE
2005-08-31,Ross,5.466630656,0.2060733649425277,0.2060733649425277,0.5735162937918511,FALSE,FALSE
2005-09-01,Ross,5.538063962,0.2584955059016609,0.2584955059016609,0.5735162937918511,FALSE,FALSE
2005-09-02,Ross,5.578700821,0.27994181280253905,0.27994181280253905,0.5735162937918511,FALSE,FALSE
2005-09-03,Ross,5.637706828,0.3196893254362241,0.3196893254362241,0.5735162937918511,FALSE,FALSE
2005-09-04,Ross,5.715107202,0.3778747075937803,0.3778747075937803,0.5735162937918511,FALSE,FALSE
2005-09-05,Ross,5.747263683,0.3909711440662669,0.3909711440662669,0.5735162937918511,FALSE,FALSE
2005-09-06,Ross,5.717931721,0.34284552964474724,0.34284552964474724,0.5735162937918511,FALSE,FALSE
2005-09-07,Ross,5.705428673,0.3119266661202831,0.3119266661202831,0.5735162937918511,FALSE,FALSE
2005-09-08,Ross,5.750706152,0.33927761128393996,0.33927761128393996,0.5735162937918511,FALSE,FALSE
2005-09-09,Ross,5.786261324,0.35750697592677305,0.35750697592677305,0.5735162937918511,FALSE,FALSE
2005-09-10,Ross,5.873887513,0.42851906623868,0.42851906623868,0.5735162937918511,FALSE,FALSE
2005-09-11,Ross,5.946531108,0.485327337921281,0.485327337921281,0.5735162937918511,FALSE,FALSE
2005-09-12,Ross,5.964031363,0.48775864185446416,0.48775864185446416,0.5735162937918511,FALSE,FALSE
2005-09-13,Ross,5.915718384,0.425122313438699,0.425122313438699,0.5735162937918511,FALSE,FALSE
2005-09-14,Ross,5.864082308,0.3598877190744654,0.3598877190744654,0.5735162937918511,FALSE,FALSE
2005-09-15,Ross,5.854678775,0.33758972816222954,0.33758972816222954,0.5735162937918511,FALSE,FALSE
2005-09-16,Ross,5.872610202,0.3433099871024696,0.3433099871024696,0.5735162937918511,FALSE,FALSE
2005-09-17,Ross,5.916853798,0.3760049342956595,0.3760049342956595,0.5735162937918511,FALSE,FALSE
2005-09-18,Ross,5.942187093,0.3904313291422694,0.3904313291422694,0.5735162937918511,FALSE,FALSE
2005-09-19,Ross,5.983915934,0.4218742480427746,0.4218742480427746,0.5735162937918511,FALSE,FALSE
2005-09-20,Ross,6.018656888,0.4469294873976475,0.4469294873976475,0.5735162937918511,FALSE,FALSE
2005-09-21,Ross,6.025578924,0.4447452456073639,0.4447452456073639,0.5735162937918511,FALSE,FALSE
2005-09-22,Ross,6.082097387,0.4927160970723925,0.4927160970723925,0.5735162937918511,FALSE,FALSE
2005-09-23,Ross,6.174739832,0.5773506359320191,0.5773506359320191,0.5735162937918511,TRUE,TRUE
2005-09-24,Ross,6.228401981,0.623544998615392,0.623544998615392,0.5735162937918511,TRUE,TRUE
2005-09-25,Ross,6.261824146,0.6500516649003503,0.6500516649003503,0.5735162937918511,TRUE,TRUE
2005-09-26,Ross,6.272490475,0.6543671154771742,0.6543671154771742,0.5735162937918511,TRUE,TRUE
2005-09-27,Ross,6.271641987,0.6477447020361433,0.6477447020361433,0.5735162937918511,TRUE,TRUE
2005-09-28,Ross,6.27062945,0.6415475252675398,0.6415475252675398,0.5735162937918511,TRUE,TRUE
2005-09-29,Ross,6.286719089,0.6530541428616452,0.6530541428616452,0.5735162937918511,TRUE,TRUE
2005-09-30,Ross,6.314273698,0.6766396815087417,0.6766396815087417,0.5735162937918511,TRUE,TRUE
2005-10-01,Ross,6.311170554,0.6701937508991103,0.6701937508991103,0.5735162937918511,TRUE,TRUE
2005-10-02,Ross,6.328186928,0.684505954723031,0.684505954723031,0.5735162937918511,TRUE,TRUE
2005-10-03,Ross,6.367538051,0.7218038566707881,0.7218038566707881,0.5735162937918511,TRUE,TRUE
2005-10-04,Ross,6.361585388,0.7144612544326598,0.7144612544326598,0.5735162937918511,TRUE,TRUE
2005-10-05,Ross,6.379929829,0.7320913778178255,0.7320913778178255,0.5735162937918511,TRUE,TRUE
2005-10-06,Ross,6.366878575,0.7190223788618333,0.7190223788618333,0.5735162937918511,TRUE,TRUE
2005-10-07,Ross,6.333630325,0.6864992379471158,0.6864992379471158,0.5735162937918511,TRUE,TRUE
2005-10-08,Ross,6.309886914,0.6642747055931073,0.6642747055931073,0.5735162937918511,TRUE,TRUE
2005-10-09,Ross,6.26450114,0.6212524953192524,0.6212524953192524,0.5735162937918511,TRUE,TRUE
2005-10-10,Ross,6.228605464,0.5886159836449876,0.5886159836449876,0.5735162937918511,TRUE,TRUE
2005-10-11,Ross,6.207605475,0.571821675089752,0.571821675089752,0.5735162937918511,FALSE,FALSE
2005-10-12,Ross,6.219975829,0.5893951411729876,0.5893951411729876,0.5735162937918511,TRUE,FALSE
2005-10-13,Ross,6.206493239,0.5821640104141306,0.5821640104141306,0.5735162937918511,TRUE,FALSE
2005-10-14,Ross,6.186310766,0.5693322593326231,0.5693322593326231,0.5735162937918511,FALSE,FALSE
2005-10-15,Ross,6.18201303,0.573535423447904,0.573535423447904,0.5735162937918511,TRUE,FALSE
2005-10-16,Ross,6.136244111,0.5374684982794085,0.5374684982794085,0.5735162937918511,FALSE,FALSE
2005-10-17,Ross,6.041361399,0.4535397893465811,0.4535397893465811,0.5735162937918511,FALSE,FALSE
2005-10-18,Ross,5.98376466,0.4081961429412973,0.4081961429412973,0.5735162937918511,FALSE,FALSE
2005-10-19,Ross,5.951866602,0.3898158882583536,0.3898158882583536,0.5735162937918511,FALSE,FALSE
2005-10-20,Ross,5.928690755,0.3813103003503011,0.3813103003503011,0.5735162937918511,FALSE,FALSE
2005-10-21,Ross,5.870865451,0.3391923380876287,0.3391923380876287,0.5735162937918511,FALSE,FALSE
2005-10-22,Ross,5.8381971010000004,0.3231530393408262,0.3231530393408262,0.5735162937918511,FALSE,FALSE
2005-10-23,Ross,5.82963561,0.332026935980382,0.332026935980382,0.5735162937918511,FALSE,FALSE
2005-10-24,Ross,5.84917696,0.3696946368767877,0.3696946368767877,0.5735162937918511,FALSE,FALSE
2005-10-25,Ross,5.85051359,0.3897332079005338,0.3897332079005338,0.5735162937918511,FALSE,FALSE
2005-10-26,Ross,5.84233239,0.40071416592210873,0.40071416592210873,0.5735162937918511,FALSE,FALSE
2005-10-27,Ross,5.866141143,0.4440299208120031,0.4440299208120031,0.5735162937918511,FALSE,FALSE
2005-10-28,Ross,5.862161821,0.459787071440708,0.459787071440708,0.5735162937918511,FALSE,FALSE
2005-10-29,Ross,5.844043688,0.4615195086787134,0.4615195086787134,0.5735162937918511,FALSE,FALSE
2005-10-30,Ross,5.832567149,0.4698922643965089,0.4698922643965089,0.5735162937918511,FALSE,FALSE
2005-10-31,Ross,5.84915974,0.5062575781502474,0.5062575781502474,0.5735162937918511,FALSE,FALSE
2005-11-01,Ross,5.841963999,0.5188799576452405,0.5188799576452405,0.5735162937918511,FALSE,FALSE
2005-11-02,Ross,5.876535591,0.5734976300822838,0.5734976300822838,0.5735162937918511,FALSE,FALSE
2005-11-03,Ross,5.884589621,0.6020082789510264,0.6020082789510264,0.5735162937918511,TRUE,TRUE
2005-11-04,Ross,5.898064148,0.6365325417411132,0.6365325417411132,0.5735162937918511,TRUE,TRUE
2005-11-05,Ross,5.885811247,0.6461050719421975,0.6461050719421975,0.5735162937918511,TRUE,TRUE
2005-11-06,Ross,5.852608093,0.6356856230439263,0.6356856230439263,0.5735162937918511,TRUE,TRUE
2005-11-07,Ross,5.796583682,0.6035857695359486,0.6035857695359486,0.5735162937918511,TRUE,TRUE
2005-11-08,Ross,5.763181374,0.5954314499079114,0.5954314499079114,0.5735162937918511,TRUE,TRUE
2005-11-09,Ross,5.723979672,0.5829837456494644,0.5829837456494644,0.5735162937918511,TRUE,TRUE
2005-11-10,Ross,5.730720493,0.6181671522502565,0.6181671522502565,0.5735162937918511,TRUE,TRUE
2005-11-11,Ross,5.71299335,0.6307537611999372,0.6307537611999372,0.5735162937918511,TRUE,TRUE
2005-11-12,Ross,5.700901122,0.6510275490697888,0.6510275490697888,0.5735162937918511,TRUE,TRUE
2005-11-13,Ross,5.685966614,0.6706104955080052,0.6706104955080052,0.5735162937918511,TRUE,TRUE
2005-11-14,Ross,5.679139001,0.7004278029151463,0.7004278029151463,0.5735162937918511,TRUE,TRUE
2005-11-15,Ross,5.626925718,0.6869527760726948,0.6869527760726948,0.5735162937918511,TRUE,TRUE
2005-11-16,Ross,5.558240843,0.6590653627621377,0.6590653627621377,0.5735162937918511,TRUE,TRUE
2005-11-17,Ross,5.503167289,0.6468143457649571,0.6468143457649571,0.5735162937918511,TRUE,TRUE
2005-11-18,Ross,5.443212449,0.631672987862637,0.631672987862637,0.5735162937918511,TRUE,TRUE
2005-11-19,Ross,5.382313155,0.6175439908366664,0.6175439908366664,0.5735162937918511,TRUE,TRUE
2005-11-20,Ross,5.341973907,0.6258977244685244,0.6258977244685244,0.5735162937918511,TRUE,TRUE
2005-11-21,Ross,5.298535594,0.633040947539703,0.633040947539703,0.5735162937918511,TRUE,TRUE
2005-11-22,Ross,5.200099147,0.5870404608316804,0.5870404608316804,0.5735162937918511,TRUE,TRUE
2005-11-23,Ross,5.126521448,0.5677190161259427,0.5677190161259427,0.5735162937918511,FALSE,FALSE
2005-11-24,Ross,5.030175789,0.5274157752039761,0.5274157752039761,0.5735162937918511,FALSE,FALSE
2005-11-25,Ross,4.964591997,0.5196514957456904,0.5196514957456904,0.5735162937918511,FALSE,FALSE
2005-11-26,Ross,4.890584088,0.5054430853111018,0.5054430853111018,0.5735162937918511,FALSE,FALSE
2005-11-27,Ross,4.767368757,0.444316709885876,0.444316709885876,0.5735162937918511,FALSE,FALSE
2005-11-28,Ross,4.710605788,0.4522424317329259,0.4522424317329259,0.5735162937918511,FALSE,FALSE
2005-11-29,Ross,4.640828352,0.4500637001151713,0.4500637001151713,0.5735162937918511,FALSE,FALSE
2005-11-30,Ross,4.616530906,0.4965852502955288,0.4965852502955288,0.5735162937918511,FALSE,FALSE
2005-12-01,Ross,4.565633874,0.5200377845369095,0.5200377845369095,0.5735162937918511,FALSE,FALSE
2005-12-02,Ross,4.479740019,0.5123343441022334,0.5123343441022334,0.5735162937918511,FALSE,FALSE
2005-12-03,Ross,4.374573586,0.4895094522544148,0.4895094522544148,0.5735162937918511,FALSE,FALSE
2005-12-04,Ross,4.226403046,0.4281418582563692,0.4281418582563692,0.5735162937918511,FALSE,FALSE
2005-12-05,Ross,4.048668536,0.3419819773710153,0.3419819773710153,0.5735162937918511,FALSE,FALSE
2005-12-06,Ross,3.923661685,0.313631716861265,0.313631716861265,0.5735162937918511,FALSE,FALSE
2005-12-07,Ross,3.829075223,0.32109318266676734,0.32109318266676734,0.5735162937918511,FALSE,FALSE
2005-12-08,Ross,3.649602632,0.24908912270989747,0.24908912270989747,0.5735162937918511,FALSE,FALSE
2005-12-09,Ross,3.468159276,0.1798886444017902,0.1798886444017902,0.5735162937918511,FALSE,FALSE
2005-12-10,Ross,3.26399129,0.09199183641853904,0.09199183641853904,0.5735162937918511,FALSE,FALSE
2005-12-11,Ross,3.127931496,0.07548547443622633,0.07548547443622633,0.5735162937918511,FALSE,FALSE
2005-12-12,Ross,2.950337364,0.01998098213094801,0.01998098213094801,0.5735162937918511,FALSE,FALSE
2005-12-13,Ross,2.776249981,-0.03022659982121078,0.03022659982121078,0.5735162937918511,FALSE,FALSE
2005-12-14,Ross,2.597317032,-0.08423563274415935,0.08423563274415935,0.5735162937918511,FALSE,FALSE
2005-12-15,Ross,2.475648647,-0.08068203296180565,0.08068203296180565,0.5735162937918511,FALSE,FALSE
2005-12-16,Ross,2.332682746,-0.0988739267980656,0.0988739267980656,0.5735162937918511,FALSE,FALSE
2005-12-17,Ross,2.231685221,-0.07629146857684477,0.07629146857684477,0.5735162937918511,FALSE,FALSE
2005-12-18,Ross,2.12274872,-0.06358805662205658,0.06358805662205658,0.5735162937918511,FALSE,FALSE
2005-12-19,Ross,1.980981056,-0.08640192425761128,0.08640192425761128,0.5735162937918511,FALSE,FALSE
2005-12-20,Ross,1.795694851,-0.1561473216433562,0.1561473216433562,0.5735162937918511,FALSE,FALSE
2005-12-21,Ross,1.569017858,-0.2711201874463254,0.2711201874463254,0.5735162937918511,FALSE,FALSE
2005-12-22,Ross,1.413954682,-0.318497603298046,0.318497603298046,0.5735162937918511,FALSE,FALSE
2005-12-23,Ross,1.293702198,-0.335257636894464,0.335257636894464,0.5735162937918511,FALSE,FALSE
2005-12-24,Ross,1.199927472,-0.3299081649315252,0.3299081649315252,0.5735162937918511,FALSE,FALSE
2005-12-25,Ross,1.083192847,-0.35206178710517433,0.35206178710517433,0.5735162937918511,FALSE,FALSE
2005-12-26,Ross,1.003395695,-0.3419960741113601,0.3419960741113601,0.5735162937918511,FALSE,FALSE
2005-12-27,Ross,0.944471005,-0.31595097964602736,0.31595097964602736,0.5735162937918511,FALSE,FALSE
2005-12-28,Ross,0.904337912,-0.2761823114051175,0.2761823114051175,0.5735162937918511,FALSE,FALSE
2005-12-29,Ross,0.868921788,-0.236939640084584,0.236939640084584,0.5735162937918511,FALSE,FALSE
2005-12-30,Ross,0.806960664,-0.2296598773803684,0.2296598773803684,0.5735162937918511,FALSE,FALSE
2005-12-31,Ross,0.755104199,-0.21786830698841653,0.21786830698841653,0.5735162937918511,FALSE,FALSE
2006-01-01,Ross,0.72130642,-0.19378584460467507,0.19378584460467507,0.5735162937918511,FALSE,FALSE
2006-01-02,Ross,0.699496712,-0.16355340418517217,0.16355340418517217,0.5735162937918511,FALSE,FALSE
2006-01-03,Ross,0.670453808,-0.146043976726271,0.146043976726271,0.5735162937918511,FALSE,FALSE
2006-01-04,Ross,0.649635655,-0.12534669548441937,0.12534669548441937,0.5735162937918511,FALSE,FALSE
2006-01-05,Ross,0.630136921,-0.10791397271605484,0.10791397271605484,0.5735162937918511,FALSE,FALSE
2006-01-06,Ross,0.587350126,-0.117900368677629,0.117900368677629,0.5735162937918511,FALSE,FALSE
2006-01-07,Ross,0.570419809,-0.1057084246255856,0.1057084246255856,0.5735162937918511,FALSE,FALSE
2006-01-08,Ross,0.538124448,-0.11210674281636768,0.11210674281636768,0.5735162937918511,FALSE,FALSE
2006-01-09,Ross,0.516659805,-0.11044664150642104,0.11044664150642104,0.5735162937918511,FALSE,FALSE
2006-01-10,Ross,0.523363716,-0.08293736495219217,0.08293736495219217,0.5735162937918511,FALSE,FALSE
2006-01-11,Ross,0.517062452,-0.07029972241012516,0.07029972241012516,0.5735162937918511,FALSE,FALSE
2006-01-12,Ross,0.482580557,-0.08725625013666427,0.08725625013666427,0.5735162937918511,FALSE,FALSE
2006-01-13,Ross,0.469318526,-0.08395353338825551,0.08395353338825551,0.5735162937918511,FALSE,FALSE
2006-01-14,Ross,0.446489791,-0.09073098727497791,0.09073098727497791,0.5735162937918511,FALSE,FALSE
2006-01-15,Ross,0.416401077,-0.1050416765151399,0.1050416765151399,0.5735162937918511,FALSE,FALSE
2006-01-16,Ross,0.409760907,-0.09619612260583366,0.09619612260583366,0.5735162937918511,FALSE,FALSE
2006-01-17,Ross,0.379622645,-0.11117640219687464,0.11117640219687464,0.5735162937918511,FALSE,FALSE
2006-01-18,Ross,0.371131767,-0.1048724799380778,0.1048724799380778,0.5735162937918511,FALSE,FALSE
2006-01-19,Ross,0.359425036,-0.10218303347925944,0.10218303347925944,0.5735162937918511,FALSE,FALSE
2006-01-20,Ross,0.358768143,-0.08887781247023413,0.08887781247023413,0.5735162937918511,FALSE,FALSE
2006-01-21,Ross,0.348871489,-0.08528185656081771,0.08528185656081771,0.5735162937918511,FALSE,FALSE
2006-01-22,Ross,0.343982295,-0.07718338540082531,0.07718338540082531,0.5735162937918511,FALSE,FALSE
2006-01-23,Ross,0.324843445,-0.0838749556400738,0.0838749556400738,0.5735162937918511,FALSE,FALSE
2006-01-24,Ross,0.305659955,-0.09118699192837798,0.09118699192837798,0.5735162937918511,FALSE,FALSE
2006-01-25,Ross,0.264755668,-0.12083109191555268,0.12083109191555268,0.5735162937918511,FALSE,FALSE
2006-01-26,Ross,0.239414864,-0.13555841625141346,0.13555841625141346,0.5735162937918511,FALSE,FALSE
2006-01-27,Ross,0.206612533,-0.15842223061440797,0.15842223061440797,0.5735162937918511,FALSE,FALSE
2006-01-28,Ross,0.184896242,-0.17085458531451658,0.17085458531451658,0.5735162937918511,FALSE,FALSE
2006-01-29,Ross,0.186805771,-0.16027514943045368,0.16027514943045368,0.5735162937918511,FALSE,FALSE
2006-01-30,Ross,0.182003796,-0.15698063107266347,0.15698063107266347,0.5735162937918511,FALSE,FALSE
2006-01-31,Ross,0.157387217,-0.1740335143515868,0.1740335143515868,0.5735162937918511,FALSE,FALSE
2006-02-01,Ross,0.139451035,-0.18489818237766592,0.18489818237766592,0.5735162937918511,FALSE,FALSE
2006-02-02,Ross,0.122061659,-0.19566761026134416,0.19566761026134416,0.5735162937918511,FALSE,FALSE
2006-02-03,Ross,0.119641968,-0.19187830311306203,0.19187830311306203,0.5735162937918511,FALSE,FALSE
2006-02-04,Ross,0.111654592,-0.19402701504326175,0.19402701504326175,0.5735162937918511,FALSE,FALSE
2006-02-05,Ross,0.104886486,-0.1952861751623859,0.1952861751623859,0.5735162937918511,FALSE,FALSE
2006-02-06,Ross,0.10420206,-0.1907507575808765,0.1907507575808765,0.5735162937918511,FALSE,FALSE
2006-02-07,Ross,0.097388062,-0.1925933984091745,0.1925933984091745,0.5735162937918511,FALSE,FALSE
2006-02-08,Ross,0.099871879,-0.18534624493106155,0.18534624493106155,0.5735162937918511,FALSE,FALSE
2006-02-09,Ross,0.102947231,-0.1776949378134212,0.1776949378134212,0.5735162937918511,FALSE,FALSE
2006-02-10,Ross,0.099814911,-0.1764574746373757,0.1764574746373757,0.5735162937918511,FALSE,FALSE
2006-02-11,Ross,0.092442483,-0.17968974392484854,0.17968974392484854,0.5735162937918511,FALSE,FALSE
2006-02-12,Ross,0.090634608,-0.17761053719776254,0.17761053719776254,0.5735162937918511,FALSE,FALSE
2006-02-13,Ross,0.088790283,-0.1758443099780432,0.1758443099780432,0.5735162937918511,FALSE,FALSE
2006-02-14,Ross,0.089396604,-0.17192741878761142,0.17192741878761142,0.5735162937918511,FALSE,FALSE
2006-02-15,Ross,0.093715353,-0.16462153414839142,0.16462153414839142,0.5735162937918511,FALSE,FALSE
2006-02-16,Ross,0.093664698,-0.16203194058230969,0.16203194058230969,0.5735162937918511,FALSE,FALSE
2006-02-17,Ross,0.090577071,-0.16284965861128592,0.16284965861128592,0.5735162937918511,FALSE,FALSE
2006-02-18,Ross,0.07952508,-0.1720255327572464,0.1720255327572464,0.5735162937918511,FALSE,FALSE
2006-02-19,Ross,0.085111824,-0.1649799165421138,0.1649799165421138,0.5735162937918511,FALSE,FALSE
2006-02-20,Ross,0.0888436,-0.16022996548781196,0.16022996548781196,0.5735162937918511,FALSE,FALSE
2006-02-21,Ross,0.096301631,-0.15221618028144232,0.15221618028144232,0.5735162937918511,FALSE,FALSE
2006-02-22,Ross,0.092704682,-0.15572055985089417,0.15572055985089417,0.5735162937918511,FALSE,FALSE
2006-02-23,Ross,0.088375733,-0.1604069447775735,0.1604069447775735,0.5735162937918511,FALSE,FALSE
2006-02-24,Ross,0.084711733,-0.16486495458941008,0.16486495458941008,0.5735162937918511,FALSE,FALSE
2006-02-25,Ross,0.089603196,-0.16119064381433074,0.16119064381433074,0.5735162937918511,FALSE,FALSE
2006-02-26,Ross,0.108847141,-0.14357356198026416,0.14357356198026416,0.5735162937918511,FALSE,FALSE
2006-02-27,Ross,0.130588091,-0.12385575461513634,0.12385575461513634,0.5735162937918511,FALSE,FALSE
2006-02-28,Ross,0.167827369,-0.08902246724687563,0.08902246724687563,0.5735162937918511,FALSE,FALSE
2006-03-01,Ross,0.186978199,-0.07264704440341024,0.07264704440341024,0.5735162937918511,FALSE,FALSE
2006-03-02,Ross,0.186897161,-0.07585947461266693,0.07585947461266693,0.5735162937918511,FALSE,FALSE
2006-03-03,Ross,0.187660287,-0.07857029440257471,0.07857029440257471,0.5735162937918511,FALSE,FALSE
2006-03-04,Ross,0.175508224,-0.0945254253010599,0.0945254253010599,0.5735162937918511,FALSE,FALSE
2006-03-05,Ross,0.16070924,-0.11344316903836628,0.11344316903836628,0.5735162937918511,FALSE,FALSE
2006-03-06,Ross,0.166089247,-0.1124886558105167,0.1124886558105167,0.5735162937918511,FALSE,FALSE
2006-03-07,Ross,0.15491083,-0.12840490346322525,0.12840490346322525,0.5735162937918511,FALSE,FALSE
2006-03-08,Ross,0.175864227,-0.11251023499080227,0.11251023499080227,0.5735162937918511,FALSE,FALSE
2006-03-09,Ross,0.198419783,-0.0953428663875536,0.0953428663875536,0.5735162937918511,FALSE,FALSE
2006-03-10,Ross,0.20791099,-0.09157786664778696,0.09157786664778696,0.5735162937918511,FALSE,FALSE
2006-03-11,Ross,0.215835526,-0.08972611876580999,0.08972611876580999,0.5735162937918511,FALSE,FALSE
2006-03-12,Ross,0.205540027,-0.106449547735931,0.106449547735931,0.5735162937918511,FALSE,FALSE
2006-03-13,Ross,0.196893417,-0.12188779055245628,0.12188779055245628,0.5735162937918511,FALSE,FALSE
2006-03-14,Ross,0.199995749,-0.12594935520969125,0.12594935520969125,0.5735162937918511,FALSE,FALSE
2006-03-15,Ross,0.229850408,-0.10363941770194827,0.10363941770194827,0.5735162937918511,FALSE,FALSE
2006-03-16,Ross,0.264589573,-0.07683436002353033,0.07683436002353033,0.5735162937918511,FALSE,FALSE
2006-03-17,Ross,0.272070197,-0.07768579016874838,0.07768579016874838,0.5735162937918511,FALSE,FALSE
2006-03-18,Ross,0.281185596,-0.0773087926572183,0.0773087926572183,0.5735162937918511,FALSE,FALSE
2006-03-19,Ross,0.309562212,-0.05808131817664003,0.05808131817664003,0.5735162937918511,FALSE,FALSE
2006-03-20,Ross,0.303756698,-0.0734469141889465,0.0734469141889465,0.5735162937918511,FALSE,FALSE
2006-03-21,Ross,0.301025437,-0.08614920077922578,0.08614920077922578,0.5735162937918511,FALSE,FALSE
2006-03-22,Ross,0.303939497,-0.0936171130325636,0.0936171130325636,0.5735162937918511,FALSE,FALSE
2006-03-23,Ross,0.331789706,-0.07655982603404798,0.07655982603404798,0.5735162937918511,FALSE,FALSE
2006-03-24,Ross,0.370174006,-0.04937940086876818,0.04937940086876818,0.5735162937918511,FALSE,FALSE
2006-03-25,Ross,0.408000337,-0.0231679006218069,0.0231679006218069,0.5735162937918511,FALSE,FALSE
2006-03-26,Ross,0.420316302,-0.02287772537825572,0.02287772537825572,0.5735162937918511,FALSE,FALSE
2006-03-27,Ross,0.435153113,-0.0204776662231983,0.0204776662231983,0.5735162937918511,FALSE,FALSE
2006-03-28,Ross,0.461061143,-0.00741735324172615,0.00741735324172615,0.5735162937918511,FALSE,FALSE
2006-03-29,Ross,0.484437197,0.00270001548107751,0.00270001548107751,0.5735162937918511,FALSE,FALSE
2006-03-30,Ross,0.50519137,0.00978453186012351,0.00978453186012351,0.5735162937918511,FALSE,FALSE
2006-03-31,Ross,0.529037099,0.01954834580834086,0.01954834580834086,0.5735162937918511,FALSE,FALSE
2006-04-01,Ross,0.555521318,0.03153008584114569,0.03153008584114569,0.5735162937918511,FALSE,FALSE
2006-04-02,Ross,0.577088743,0.03816377652124214,0.03816377652124214,0.5735162937918511,FALSE,FALSE
2006-04-03,Ross,0.609154263,0.05485361343887363,0.05485361343887363,0.5735162937918511,FALSE,FALSE
2006-04-04,Ross,0.634974547,0.064845572184278,0.064845572184278,0.5735162937918511,FALSE,FALSE
2006-04-05,Ross,0.66249062,0.0760699843476974,0.0760699843476974,0.5735162937918511,FALSE,FALSE
2006-04-06,Ross,0.670295267,0.06710894151937485,0.06710894151937485,0.5735162937918511,FALSE,FALSE
2006-04-07,Ross,0.663165508,0.04272877028954713,0.04272877028954713,0.5735162937918511,FALSE,FALSE
2006-04-08,Ross,0.67492121,0.03673864424845796,0.03673864424845796,0.5735162937918511,FALSE,FALSE
2006-04-09,Ross,0.67865987,0.02222536698634791,0.02222536698634791,0.5735162937918511,FALSE,FALSE
2006-04-10,Ross,0.677386674,0.00218343109345542,0.00218343109345542,0.5735162937918511,FALSE,FALSE
2006-04-11,Ross,0.679254899,-0.01524457983997662,0.01524457983997662,0.5735162937918511,FALSE,FALSE
2006-04-12,Ross,0.671342799,-0.04299080537534083,0.04299080537534083,0.5735162937918511,FALSE,FALSE
2006-04-13,Ross,0.707579391,-0.02711525181104313,0.02711525181104313,0.5735162937918511,FALSE,FALSE
2006-04-14,Ross,0.753835594,-0.00170079475861995,0.00170079475861995,0.5735162937918511,FALSE,FALSE
2006-04-15,Ross,0.770430647,-0.00637869931255896,0.00637869931255896,0.5735162937918511,FALSE,FALSE
2006-04-16,Ross,0.782743945,-0.01572007456734892,0.01572007456734892,0.5735162937918511,FALSE,FALSE
2006-04-17,Ross,0.815710465,-0.00474044761747594,0.00474044761747594,0.5735162937918511,FALSE,FALSE
2006-04-18,Ross,0.841501857,-0.00121867255742846,0.00121867255742846,0.5735162937918511,FALSE,FALSE
2006-04-19,Ross,0.868284126,0.00306075151830687,0.00306075151830687,0.5735162937918511,FALSE,FALSE
2006-04-20,Ross,0.893345542,0.00543559051524022,0.00543559051524022,0.5735162937918511,FALSE,FALSE
2006-04-21,Ross,0.917898454,0.00716768933888789,0.00716768933888789,0.5735162937918511,FALSE,FALSE
2006-04-22,Ross,0.925696422,-0.00793989610523859,0.00793989610523859,0.5735162937918511,FALSE,FALSE
2006-04-23,Ross,0.948223667,-0.00835344891162881,0.00835344891162881,0.5735162937918511,FALSE,FALSE
2006-04-24,Ross,0.971537356,-0.00796630617476756,0.00796630617476756,0.5735162937918511,FALSE,FALSE
2006-04-25,Ross,1.010298471,0.00792191350418169,0.00792191350418169,0.5735162937918511,FALSE,FALSE
2006-04-26,Ross,1.050125088,0.02487279433076494,0.02487279433076494,0.5735162937918511,FALSE,FALSE
2006-04-27,Ross,1.084369186,0.03612883347630169,0.03612883347630169,0.5735162937918511,FALSE,FALSE
2006-04-28,Ross,1.140422426,0.06897165192062626,0.06897165192062626,0.5735162937918511,FALSE,FALSE
2006-04-29,Ross,1.201158089,0.1061644906435677,0.1061644906435677,0.5735162937918511,FALSE,FALSE
2006-04-30,Ross,1.228535783,0.10955691762495512,0.10955691762495512,0.5735162937918511,FALSE,FALSE
2006-05-01,Ross,1.249475734,0.1059591188446165,0.1059591188446165,0.5735162937918511,FALSE,FALSE
2006-05-02,Ross,1.230602556,0.0618856682823854,0.0618856682823854,0.5735162937918511,FALSE,FALSE
2006-05-03,Ross,1.284678873,0.08998914991809115,0.08998914991809115,0.5735162937918511,FALSE,FALSE
2006-05-04,Ross,1.333375441,0.11183027973156225,0.11183027973156225,0.5735162937918511,FALSE,FALSE
2006-05-05,Ross,1.369751997,0.12035875470262968,0.12035875470262968,0.5735162937918511,FALSE,FALSE
2006-05-06,Ross,1.396854573,0.11851056681112417,0.11851056681112417,0.5735162937918511,FALSE,FALSE
2006-05-07,Ross,1.408506653,0.09999924890865364,0.09999924890865364,0.5735162937918511,FALSE,FALSE
2006-05-08,Ross,1.426774202,0.08683036225294782,0.08683036225294782,0.5735162937918511,FALSE,FALSE
2006-05-09,Ross,1.446084967,0.07350311916017849,0.07350311916017849,0.5735162937918511,FALSE,FALSE
2006-05-10,Ross,1.468010653,0.06168238715849483,0.06168238715849483,0.5735162937918511,FALSE,FALSE
2006-05-11,Ross,1.537296459,0.09620652777604866,0.09620652777604866,0.5735162937918511,FALSE,FALSE
2006-05-12,Ross,1.624414035,0.14764035354099247,0.14764035354099247,0.5735162937918511,FALSE,FALSE
2006-05-13,Ross,1.697330845,0.1840444909814729,0.1840444909814729,0.5735162937918511,FALSE,FALSE
2006-05-14,Ross,1.711042843,0.16050805662564427,0.16050805662564427,0.5735162937918511,FALSE,FALSE
2006-05-15,Ross,1.726072573,0.13764675700165618,0.13764675700165618,0.5735162937918511,FALSE,FALSE
2006-05-16,Ross,1.72973106,0.10286477963765785,0.10286477963765785,0.5735162937918511,FALSE,FALSE
2006-05-17,Ross,1.76240504,0.09664202306180304,0.09664202306180304,0.5735162937918511,FALSE,FALSE
2006-05-18,Ross,1.777951237,0.0729283738022386,0.0729283738022386,0.5735162937918511,FALSE,FALSE
2006-05-19,Ross,1.828581213,0.08402855638711682,0.08402855638711682,0.5735162937918511,FALSE,FALSE
2006-05-20,Ross,1.849150958,0.0648886787940377,0.0648886787940377,0.5735162937918511,FALSE,FALSE
2006-05-21,Ross,1.848763987,0.0246468191293625,0.0246468191293625,0.5735162937918511,FALSE,FALSE
2006-05-22,Ross,1.854691519,-0.00943977789090499,0.00943977789090499,0.5735162937918511,FALSE,FALSE
2006-05-23,Ross,1.967905229,0.06358495542249387,0.06358495542249387,0.5735162937918511,FALSE,FALSE
2006-05-24,Ross,2.114046408,0.16934670275881825,0.16934670275881825,0.5735162937918511,FALSE,FALSE
2006-05-25,Ross,2.293989931,0.30870473180732927,0.30870473180732927,0.5735162937918511,FALSE,FALSE
2006-05-26,Ross,2.3768646,0.35077223725728723,0.35077223725728723,0.5735162937918511,FALSE,FALSE
2006-05-27,Ross,2.491529025,0.42439222179794944,0.42439222179794944,0.5735162937918511,FALSE,FALSE
2006-05-28,Ross,2.574454379,0.4660202511185747,0.4660202511185747,0.5735162937918511,FALSE,FALSE
2006-05-29,Ross,2.718268046,0.5682681019084224,0.5682681019084224,0.5735162937918511,FALSE,FALSE
2006-05-30,Ross,2.781661469,0.5898116098567536,0.5898116098567536,0.5735162937918511,TRUE,TRUE
2006-05-31,Ross,2.840876191,0.6068767106528261,0.6068767106528261,0.5735162937918511,TRUE,TRUE
2006-06-01,Ross,2.909398962,0.6329345469859002,0.6329345469859002,0.5735162937918511,TRUE,TRUE
2006-06-02,Ross,2.998667012,0.6794113999503075,0.6794113999503075,0.5735162937918511,TRUE,TRUE
2006-06-03,Ross,3.07219565,0.7098322955832534,0.7098322955832534,0.5735162937918511,TRUE,TRUE
2006-06-04,Ross,3.108778106,0.7030059097076267,0.7030059097076267,0.5735162937918511,TRUE,TRUE
2006-06-05,Ross,3.077112486,0.6276457943585276,0.6276457943585276,0.5735162937918511,TRUE,TRUE
2006-06-06,Ross,3.091301903,0.597870508571055,0.597870508571055,0.5735162937918511,TRUE,TRUE
2006-06-07,Ross,3.149756107,0.6121052483803027,0.6121052483803027,0.5735162937918511,TRUE,TRUE
2006-06-08,Ross,3.226609139,0.6444995008213752,0.6444995008213752,0.5735162937918511,TRUE,TRUE
2006-06-09,Ross,3.339789451,0.7129971639293697,0.7129971639293697,0.5735162937918511,TRUE,TRUE
2006-06-10,Ross,3.4737159,0.8020325407393805,0.8020325407393805,0.5735162937918511,TRUE,TRUE
2006-06-11,Ross,3.553391295,0.8366238862865094,0.8366238862865094,0.5735162937918511,TRUE,TRUE
2006-06-12,Ross,3.586293068,0.8242640786058555,0.8242640786058555,0.5735162937918511,TRUE,TRUE
2006-06-13,Ross,3.637104844,0.829652188732517,0.829652188732517,0.5735162937918511,TRUE,TRUE
2006-06-14,Ross,3.705450285,0.8524279482554098,0.8524279482554098,0.5735162937918511,TRUE,TRUE
2006-06-15,Ross,3.722812064,0.824117588601863,0.824117588601863,0.5735162937918511,TRUE,TRUE
2006-06-16,Ross,3.7817671,0.8373792979164909,0.8373792979164909,0.5735162937918511,TRUE,TRUE
2006-06-17,Ross,3.824804423,0.8347861075496827,0.8347861075496827,0.5735162937918511,TRUE,TRUE
2006-06-18,Ross,3.854468645,0.818966630851814,0.818966630851814,0.5735162937918511,TRUE,TRUE
2006-06-19,Ross,3.907776783,0.8270218861732781,0.8270218861732781,0.5735162937918511,TRUE,TRUE
2006-06-20,Ross,3.946798537,0.8211055748644536,0.8211055748644536,0.5735162937918511,TRUE,TRUE
2006-06-21,Ross,3.962660623,0.7924284142757263,0.7924284142757263,0.5735162937918511,TRUE,TRUE
2006-06-22,Ross,4.035497239,0.8212086037574782,0.8212086037574782,0.5735162937918511,TRUE,TRUE
2006-06-23,Ross,4.104729285,0.8469510446600967,0.8469510446600967,0.5735162937918511,TRUE,TRUE
2006-06-24,Ross,4.124022243,0.8234052203339624,0.8234052203339624,0.5735162937918511,TRUE,TRUE
2006-06-25,Ross,4.049150052,0.7064290711294627,0.7064290711294627,0.5735162937918511,TRUE,TRUE
2006-06-26,Ross,4.025000123,0.6409940093969806,0.6409940093969806,0.5735162937918511,TRUE,TRUE
2006-06-27,Ross,4.042500242,0.6180967640251414,0.6180967640251414,0.5735162937918511,TRUE,TRUE
2006-06-28,Ross,4.130494457,0.6665365365564706,0.6665365365564706,0.5735162937918511,TRUE,TRUE
2006-06-29,Ross,4.209747023,0.7069807407084037,0.7069807407084037,0.5735162937918511,TRUE,TRUE
2006-06-30,Ross,4.297696313,0.7567706408664296,0.7567706408664296,0.5735162937918511,TRUE,TRUE
2006-07-01,Ross,4.362168073,0.7836348744160424,0.7836348744160424,0.5735162937918511,TRUE,TRUE
2006-07-02,Ross,4.42946841,0.8137824397427336,0.8137824397427336,0.5735162937918511,TRUE,TRUE
2006-07-03,Ross,4.469352508,0.8168714122319893,0.8168714122319893,0.5735162937918511,TRUE,TRUE
2006-07-04,Ross,4.506864362,0.8178486782693053,0.8178486782693053,0.5735162937918511,TRUE,TRUE
2006-07-05,Ross,4.59242347,0.8670366272401715,0.8670366272401715,0.5735162937918511,TRUE,TRUE
2006-07-06,Ross,4.670860323,0.909168641530079,0.909168641530079,0.5735162937918511,TRUE,TRUE
2006-07-07,Ross,4.727567192,0.929539883524523,0.929539883524523,0.5735162937918511,TRUE,TRUE
2006-07-08,Ross,4.778692631,0.9442017986089845,0.9442017986089845,0.5735162937918511,TRUE,TRUE
2006-07-09,Ross,4.858067603,0.9868885486383944,0.9868885486383944,0.5735162937918511,TRUE,TRUE
2006-07-10,Ross,4.873843281,0.965714306848029,0.965714306848029,0.5735162937918511,TRUE,TRUE
2006-07-11,Ross,4.889587148,0.944340430265992,0.944340430265992,0.5735162937918511,TRUE,TRUE
2006-07-12,Ross,4.890335854,0.9079147622747192,0.9079147622747192,0.5735162937918511,TRUE,TRUE
2006-07-13,Ross,4.907488282,0.8879473792566506,0.8879473792566506,0.5735162937918511,TRUE,TRUE
2006-07-14,Ross,4.90621491,0.8497199525942261,0.8497199525942261,0.5735162937918511,TRUE,TRUE
2006-07-15,Ross,4.889411054,0.7962389916698767,0.7962389916698767,0.5735162937918511,TRUE,TRUE
2006-07-16,Ross,4.910162062,0.7807010378660486,0.7807010378660486,0.5735162937918511,TRUE,TRUE
2006-07-17,Ross,4.94546144,0.7802107905651674,0.7802107905651674,0.5735162937918511,TRUE,TRUE
2006-07-18,Ross,4.962966412,0.7625366671496803,0.7625366671496803,0.5735162937918511,TRUE,TRUE
2006-07-19,Ross,5.009476047,0.774588930002019,0.774588930002019,0.5735162937918511,TRUE,TRUE
2006-07-20,Ross,5.043273268,0.7747616955046226,0.7747616955046226,0.5735162937918511,TRUE,TRUE
2006-07-21,Ross,5.055908787,0.7547168690399308,0.7547168690399308,0.5735162937918511,TRUE,TRUE
2006-07-22,Ross,5.110885786,0.7780599021782821,0.7780599021782821,0.5735162937918511,TRUE,TRUE
2006-07-23,Ross,5.151343087,0.7879087173792136,0.7879087173792136,0.5735162937918511,TRUE,TRUE
2006-07-24,Ross,5.19159234,0.7984642822493164,0.7984642822493164,0.5735162937918511,TRUE,TRUE
2006-07-25,Ross,5.189580279,0.7675606117707314,0.7675606117707314,0.5735162937918511,TRUE,TRUE
2006-07-26,Ross,5.199898773,0.7496768559255864,0.7496768559255864,0.5735162937918511,TRUE,TRUE
2006-07-27,Ross,5.266119297,0.788271770696011,0.788271770696011,0.5735162937918511,TRUE,TRUE
2006-07-28,Ross,5.327208591,0.8221993770641403,0.8221993770641403,0.5735162937918511,TRUE,TRUE
2006-07-29,Ross,5.401579092,0.8697593930121128,0.8697593930121128,0.5735162937918511,TRUE,TRUE
2006-07-30,Ross,5.437423683,0.8790319825220534,0.8790319825220534,0.5735162937918511,TRUE,TRUE
2006-07-31,Ross,5.386424754,0.8015868165761004,0.8015868165761004,0.5735162937918511,TRUE,TRUE
2006-08-01,Ross,5.306002686,0.6947315571563788,0.6947315571563788,0.5735162937918511,TRUE,TRUE
2006-08-02,Ross,5.247688438,0.6098844442450275,0.6098844442450275,0.5735162937918511,TRUE,TRUE
2006-08-03,Ross,5.246829619,0.5822803694220502,0.5822803694220502,0.5735162937918511,TRUE,TRUE
2006-08-04,Ross,5.219801219,0.5282247414082137,0.5282247414082137,0.5735162937918511,FALSE,FALSE
2006-08-05,Ross,5.193881324,0.47508167364665965,0.47508167364665965,0.5735162937918511,FALSE,FALSE
2006-08-06,Ross,5.175662662,0.4295649980571072,0.4295649980571072,0.5735162937918511,FALSE,FALSE
2006-08-07,Ross,5.181376035,0.40802662055928174,0.40802662055928174,0.5735162937918511,FALSE,FALSE
2006-08-08,Ross,5.256861135,0.4564273370729133,0.4564273370729133,0.5735162937918511,FALSE,FALSE
2006-08-09,Ross,5.241281624,0.41405191351772697,0.41405191351772697,0.5735162937918511,FALSE,FALSE
2006-08-10,Ross,5.228255296,0.3746392478134428,0.3746392478134428,0.5735162937918511,FALSE,FALSE
2006-08-11,Ross,5.232709779,0.3532380718797947,0.3532380718797947,0.5735162937918511,FALSE,FALSE
2006-08-12,Ross,5.263433717,0.3587581336365053,0.3587581336365053,0.5735162937918511,FALSE,FALSE
2006-08-13,Ross,5.292608986,0.36350241300330577,0.36350241300330577,0.5735162937918511,FALSE,FALSE
2006-08-14,Ross,5.280259752,0.32761617989991176,0.32761617989991176,0.5735162937918511,FALSE,FALSE
2006-08-15,Ross,5.291423117,0.31625764024605907,0.31625764024605907,0.5735162937918511,FALSE,FALSE
2006-08-16,Ross,5.357024663,0.3604694993262667,0.3604694993262667,0.5735162937918511,FALSE,FALSE
2006-08-17,Ross,5.437604525,0.4207907015977135,0.4207907015977135,0.5735162937918511,FALSE,FALSE
2006-08-18,Ross,5.484939631,0.4488615650111472,0.4488615650111472,0.5735162937918511,FALSE,FALSE
2006-08-19,Ross,5.484637238,0.4301453151783159,0.4301453151783159,0.5735162937918511,FALSE,FALSE
2006-08-20,Ross,5.498433516,0.4262340907109614,0.4262340907109614,0.5735162937918511,FALSE,FALSE
2006-08-21,Ross,5.57291244,0.4835678352208337,0.4835678352208337,0.5735162937918511,FALSE,FALSE
2006-08-22,Ross,5.615508037,0.5094365443196756,0.5094365443196756,0.5735162937918511,FALSE,FALSE
2006-08-23,Ross,5.615200668,0.4926765476192356,0.4926765476192356,0.5735162937918511,FALSE,FALSE
2006-08-24,Ross,5.595295698,0.45644917873126367,0.45644917873126367,0.5735162937918511,FALSE,FALSE
2006-08-25,Ross,5.587058509,0.4318757882674973,0.4318757882674973,0.5735162937918511,FALSE,FALSE
2006-08-26,Ross,5.548830441,0.3771536848396906,0.3771536848396906,0.5735162937918511,FALSE,FALSE
2006-08-27,Ross,5.582887147,0.39441449005958606,0.39441449005958606,0.5735162937918511,FALSE,FALSE
2006-08-28,Ross,5.596844109,0.3911296545389309,0.3911296545389309,0.5735162937918511,FALSE,FALSE
2006-08-29,Ross,5.583656495,0.360137593685252,0.360137593685252,0.5735162937918511,FALSE,FALSE
2006-08-30,Ross,5.506802866,0.2649659081340783,0.2649659081340783,0.5735162937918511,FALSE,FALSE
2006-08-31,Ross,5.503694,0.2431367089425276,0.2431367089425276,0.5735162937918511,FALSE,FALSE
2006-09-01,Ross,5.550075278,0.27050682190166064,0.27050682190166064,0.5735162937918511,FALSE,FALSE
2006-09-02,Ross,5.578985198,0.2802261898025389,0.2802261898025389,0.5735162937918511,FALSE,FALSE
2006-09-03,Ross,5.588935332,0.27091782943622444,0.27091782943622444,0.5735162937918511,FALSE,FALSE
2006-09-04,Ross,5.624184149,0.28695165459378025,0.28695165459378025,0.5735162937918511,FALSE,FALSE
2006-09-05,Ross,5.64685567,0.29056313106626686,0.29056313106626686,0.5735162937918511,FALSE,FALSE
2006-09-06,Ross,5.626575359,0.25148916764474727,0.25148916764474727,0.5735162937918511,FALSE,FALSE
2006-09-07,Ross,5.60738364,0.21388163312028308,0.21388163312028308,0.5735162937918511,FALSE,FALSE
2006-09-08,Ross,5.649769936,0.2383413952839399,0.2383413952839399,0.5735162937918511,FALSE,FALSE
2006-09-09,Ross,5.657028819,0.228274470926773,0.228274470926773,0.5735162937918511,FALSE,FALSE
2006-09-10,Ross,5.676313056,0.23094460923868,0.23094460923868,0.5735162937918511,FALSE,FALSE
2006-09-11,Ross,5.692817587,0.2316138169212811,0.2316138169212811,0.5735162937918511,FALSE,FALSE
2006-09-12,Ross,5.691828911,0.215556189854464,0.215556189854464,0.5735162937918511,FALSE,FALSE
2006-09-13,Ross,5.702468147,0.21187207643869943,0.21187207643869943,0.5735162937918511,FALSE,FALSE
2006-09-14,Ross,5.726608896,0.22241430707446508,0.22241430707446508,0.5735162937918511,FALSE,FALSE
2006-09-15,Ross,5.764320372,0.2472313251622298,0.2472313251622298,0.5735162937918511,FALSE,FALSE
2006-09-16,Ross,5.768402603,0.2391023881024701,0.2391023881024701,0.5735162937918511,FALSE,FALSE
2006-09-17,Ross,5.774614526,0.2337656622956592,0.2337656622956592,0.5735162937918511,FALSE,FALSE
2006-09-18,Ross,5.780723587,0.22896782314226893,0.22896782314226893,0.5735162937918511,FALSE,FALSE
2006-09-19,Ross,5.775527043,0.21348535704277527,0.21348535704277527,0.5735162937918511,FALSE,FALSE
2006-09-20,Ross,5.754081271,0.18235387039764817,0.18235387039764817,0.5735162937918511,FALSE,FALSE
2006-09-21,Ross,5.760744467,0.17991078860736387,0.17991078860736387,0.5735162937918511,FALSE,FALSE
2006-09-22,Ross,5.729099804,0.139718514072392,0.139718514072392,0.5735162937918511,FALSE,FALSE
2006-09-23,Ross,5.731805339,0.13441614293201898,0.13441614293201898,0.5735162937918511,FALSE,FALSE
2006-09-24,Ross,5.736193708,0.1313367256153919,0.1313367256153919,0.5735162937918511,FALSE,FALSE
2006-09-25,Ross,5.728926857,0.11715437590035016,0.11715437590035016,0.5735162937918511,FALSE,FALSE
2006-09-26,Ross,5.74013619,0.12201283047717482,0.12201283047717482,0.5735162937918511,FALSE,FALSE
2006-09-27,Ross,5.764650823,0.14075353803614377,0.14075353803614377,0.5735162937918511,FALSE,FALSE
2006-09-28,Ross,5.777047186,0.14796526126753928,0.14796526126753928,0.5735162937918511,FALSE,FALSE
2006-09-29,Ross,5.792111882,0.1584469358616456,0.1584469358616456,0.5735162937918511,FALSE,FALSE
2006-09-30,Ross,5.848732633,0.2110986165087416,0.2110986165087416,0.5735162937918511,FALSE,FALSE
2006-10-01,Ross,5.882253206,0.24127640289910968,0.24127640289910968,0.5735162937918511,FALSE,FALSE
2006-10-02,Ross,5.894272022,0.25059104872303095,0.25059104872303095,0.5735162937918511,FALSE,FALSE
2006-10-03,Ross,5.923498936,0.27776474167078735,0.27776474167078735,0.5735162937918511,FALSE,FALSE
2006-10-04,Ross,5.964039864,0.31691573043265997,0.31691573043265997,0.5735162937918511,FALSE,FALSE
2006-10-05,Ross,5.964327509,0.3164890578178259,0.3164890578178259,0.5735162937918511,FALSE,FALSE
2006-10-06,Ross,5.975820424,0.3279642278618331,0.3279642278618331,0.5735162937918511,FALSE,FALSE
2006-10-07,Ross,5.948728641,0.30159755394711585,0.30159755394711585,0.5735162937918511,FALSE,FALSE
2006-10-08,Ross,5.887338719,0.24172651059310724,0.24172651059310724,0.5735162937918511,FALSE,FALSE
2006-10-09,Ross,5.855325168,0.21207652331925253,0.21207652331925253,0.5735162937918511,FALSE,FALSE
2006-10-10,Ross,5.811824886,0.17183540564498756,0.17183540564498756,0.5735162937918511,FALSE,FALSE
2006-10-11,Ross,5.776767777,0.14098397708975163,0.14098397708975163,0.5735162937918511,FALSE,FALSE
2006-10-12,Ross,5.750946447,0.1203657591729872,0.1203657591729872,0.5735162937918511,FALSE,FALSE
2006-10-13,Ross,5.77820784,0.15387861141413062,0.15387861141413062,0.5735162937918511,FALSE,FALSE
2006-10-14,Ross,5.810811979,0.19383347233262335,0.19383347233262335,0.5735162937918511,FALSE,FALSE
2006-10-15,Ross,5.84241992,0.23394231344790395,0.23394231344790395,0.5735162937918511,FALSE,FALSE
2006-10-16,Ross,5.84052478,0.24174916727940857,0.24174916727940857,0.5735162937918511,FALSE,FALSE
2006-10-17,Ross,5.823153984,0.23533237434658097,0.23533237434658097,0.5735162937918511,FALSE,FALSE
2006-10-18,Ross,5.795630357,0.22006183994129724,0.22006183994129724,0.5735162937918511,FALSE,FALSE
2006-10-19,Ross,5.789203199,0.22715248525835377,0.22715248525835377,0.5735162937918511,FALSE,FALSE
2006-10-20,Ross,5.832336822,0.2849563673503015,0.2849563673503015,0.5735162937918511,FALSE,FALSE
2006-10-21,Ross,5.845992726,0.3143196130876289,0.3143196130876289,0.5735162937918511,FALSE,FALSE
2006-10-22,Ross,5.832866436,0.3178223743408255,0.3178223743408255,0.5735162937918511,FALSE,FALSE
2006-10-23,Ross,5.833810109,0.33620143498038146,0.33620143498038146,0.5735162937918511,FALSE,FALSE
2006-10-24,Ross,5.81068459,0.33120226687678755,0.33120226687678755,0.5735162937918511,FALSE,FALSE
2006-10-25,Ross,5.794284205,0.3335038229005338,0.3335038229005338,0.5735162937918511,FALSE,FALSE
2006-10-26,Ross,5.774509984,0.3328917599221084,0.3328917599221084,0.5735162937918511,FALSE,FALSE
2006-10-27,Ross,5.731563619,0.3094523968120031,0.3094523968120031,0.5735162937918511,FALSE,FALSE
2006-10-28,Ross,5.715318628,0.31294387844070837,0.31294387844070837,0.5735162937918511,FALSE,FALSE
2006-10-29,Ross,5.741048443,0.3585242636787136,0.3585242636787136,0.5735162937918511,FALSE,FALSE
2006-10-30,Ross,5.758780174,0.3961052893965089,0.3961052893965089,0.5735162937918511,FALSE,FALSE
2006-10-31,Ross,5.747198804,0.4042966421502472,0.4042966421502472,0.5735162937918511,FALSE,FALSE
2006-11-01,Ross,5.745136426,0.42205238464524086,0.42205238464524086,0.5735162937918511,FALSE,FALSE
2006-11-02,Ross,5.74106237,0.438024409082284,0.438024409082284,0.5735162937918511,FALSE,FALSE
2006-11-03,Ross,5.742276847,0.45969550495102673,0.45969550495102673,0.5735162937918511,FALSE,FALSE
2006-11-04,Ross,5.712284485,0.4507528787411133,0.4507528787411133,0.5735162937918511,FALSE,FALSE
2006-11-05,Ross,5.664598002,0.424891826942197,0.424891826942197,0.5735162937918511,FALSE,FALSE
2006-11-06,Ross,5.619048706,0.4021262360439266,0.4021262360439266,0.5735162937918511,FALSE,FALSE
2006-11-07,Ross,5.580553928,0.38755601553594854,0.38755601553594854,0.5735162937918511,FALSE,FALSE
2006-11-08,Ross,5.563908607,0.39615868290791134,0.39615868290791134,0.5735162937918511,FALSE,FALSE
2006-11-09,Ross,5.572850017,0.4318540906494652,0.4318540906494652,0.5735162937918511,FALSE,FALSE
2006-11-10,Ross,5.532801175,0.42024783425025714,0.42024783425025714,0.5735162937918511,FALSE,FALSE
2006-11-11,Ross,5.444413565,0.3621739761999372,0.3621739761999372,0.5735162937918511,FALSE,FALSE
2006-11-12,Ross,5.405368416,0.3554948430697884,0.3554948430697884,0.5735162937918511,FALSE,FALSE
2006-11-13,Ross,5.38531768,0.3699615615080054,0.3699615615080054,0.5735162937918511,FALSE,FALSE
2006-11-14,Ross,5.354470909,0.3757597109151458,0.3757597109151458,0.5735162937918511,FALSE,FALSE
2006-11-15,Ross,5.30460449,0.36463154807269493,0.36463154807269493,0.5735162937918511,FALSE,FALSE
2006-11-16,Ross,5.26714469,0.3679692097621378,0.3679692097621378,0.5735162937918511,FALSE,FALSE
2006-11-17,Ross,5.239961141,0.383608197764957,0.383608197764957,0.5735162937918511,FALSE,FALSE
2006-11-18,Ross,5.20094943,0.3894099688626369,0.3894099688626369,0.5735162937918511,FALSE,FALSE
2006-11-19,Ross,5.183297608,0.4185284438366663,0.4185284438366663,0.5735162937918511,FALSE,FALSE
2006-11-20,Ross,5.130605644,0.41452946146852465,0.41452946146852465,0.5735162937918511,FALSE,FALSE
2006-11-21,Ross,5.058089447,0.39259480053970375,0.39259480053970375,0.5735162937918511,FALSE,FALSE
2006-11-22,Ross,5.002028643,0.38896995683168,0.38896995683168,0.5735162937918511,FALSE,FALSE
2006-11-23,Ross,4.960431618,0.4016291861259429,0.4016291861259429,0.5735162937918511,FALSE,FALSE
2006-11-24,Ross,4.890008776,0.387248762203976,0.387248762203976,0.5735162937918511,FALSE,FALSE
2006-11-25,Ross,4.781974479,0.33703397774568966,0.33703397774568966,0.5735162937918511,FALSE,FALSE
2006-11-26,Ross,4.689866317,0.30472531431110195,0.30472531431110195,0.5735162937918511,FALSE,FALSE
2006-11-27,Ross,4.599767586,0.27671553888587574,0.27671553888587574,0.5735162937918511,FALSE,FALSE
2006-11-28,Ross,4.511569152,0.2532057957329261,0.2532057957329261,0.5735162937918511,FALSE,FALSE
2006-11-29,Ross,4.454229876,0.2634652241151718,0.2634652241151718,0.5735162937918511,FALSE,FALSE
2006-11-30,Ross,4.397718853,0.2777731972955282,0.2777731972955282,0.5735162937918511,FALSE,FALSE
2006-12-01,Ross,4.342242579,0.29664648953690875,0.29664648953690875,0.5735162937918511,FALSE,FALSE
2006-12-02,Ross,4.258241547,0.29083587210223305,0.29083587210223305,0.5735162937918511,FALSE,FALSE
2006-12-03,Ross,4.128864502,0.2438003682544143,0.2438003682544143,0.5735162937918511,FALSE,FALSE
2006-12-04,Ross,3.94206416,0.14380297225636962,0.14380297225636962,0.5735162937918511,FALSE,FALSE
2006-12-05,Ross,3.816138842,0.1094522833710152,0.1094522833710152,0.5735162937918511,FALSE,FALSE
2006-12-06,Ross,3.705400897,0.0953709288612652,0.0953709288612652,0.5735162937918511,FALSE,FALSE
2006-12-07,Ross,3.544239199,0.03625715866676771,0.03625715866676771,0.5735162937918511,FALSE,FALSE
2006-12-08,Ross,3.38860878,-0.01190472929010244,0.01190472929010244,0.5735162937918511,FALSE,FALSE
2006-12-09,Ross,3.208405285,-0.07986534659820999,0.07986534659820999,0.5735162937918511,FALSE,FALSE
2006-12-10,Ross,3.01361975,-0.1583797035814607,0.1583797035814607,0.5735162937918511,FALSE,FALSE
2006-12-11,Ross,2.835819568,-0.21662645356377383,0.21662645356377383,0.5735162937918511,FALSE,FALSE
2006-12-12,Ross,2.658564819,-0.27179156286905215,0.27179156286905215,0.5735162937918511,FALSE,FALSE
2006-12-13,Ross,2.554604148,-0.2518724328212105,0.2518724328212105,0.5735162937918511,FALSE,FALSE
2006-12-14,Ross,2.419115304,-0.26243736074415924,0.26243736074415924,0.5735162937918511,FALSE,FALSE
2006-12-15,Ross,2.2902356,-0.2660950799618056,0.2660950799618056,0.5735162937918511,FALSE,FALSE
2006-12-16,Ross,2.158124239,-0.2734324337980656,0.2734324337980656,0.5735162937918511,FALSE,FALSE
2006-12-17,Ross,2.034335611,-0.27364107857684505,0.27364107857684505,0.5735162937918511,FALSE,FALSE
2006-12-18,Ross,1.887687421,-0.29864935562205663,0.29864935562205663,0.5735162937918511,FALSE,FALSE
2006-12-19,Ross,1.773114394,-0.2942685862576113,0.2942685862576113,0.5735162937918511,FALSE,FALSE
2006-12-20,Ross,1.678943791,-0.2728983816433561,0.2728983816433561,0.5735162937918511,FALSE,FALSE
2006-12-21,Ross,1.569988722,-0.2701493234463255,0.2701493234463255,0.5735162937918511,FALSE,FALSE
2006-12-22,Ross,1.484065852,-0.24838643329804588,0.24838643329804588,0.5735162937918511,FALSE,FALSE
2006-12-23,Ross,1.427939365,-0.201020469894464,0.201020469894464,0.5735162937918511,FALSE,FALSE
2006-12-24,Ross,1.366417081,-0.1634185559315251,0.1634185559315251,0.5735162937918511,FALSE,FALSE
2006-12-25,Ross,1.332887674,-0.10236696010517445,0.10236696010517445,0.5735162937918511,FALSE,FALSE
2006-12-26,Ross,1.305644727,-0.03974704211136015,0.03974704211136015,0.5735162937918511,FALSE,FALSE
2006-12-27,Ross,1.268245176,0.00782319135397258,0.00782319135397258,0.5735162937918511,FALSE,FALSE
2006-12-28,Ross,1.23859673,0.0580765065948825,0.0580765065948825,0.5735162937918511,FALSE,FALSE
2006-12-29,Ross,1.190127933,0.0842665049154161,0.0842665049154161,0.5735162937918511,FALSE,FALSE
2006-12-30,Ross,1.147670896,0.11105035461963152,0.11105035461963152,0.5735162937918511,FALSE,FALSE
2006-12-31,Ross,1.107447443,0.13447493701158353,0.13447493701158353,0.5735162937918511,FALSE,FALSE
2007-01-01,Ross,1.06903513,0.15394286539532498,0.15394286539532498,0.5735162937918511,FALSE,FALSE
2007-01-02,Ross,1.007811424,0.14476130781482788,0.14476130781482788,0.5735162937918511,FALSE,FALSE
2007-01-03,Ross,0.976959071,0.16046128627372902,0.16046128627372902,0.5735162937918511,FALSE,FALSE
2007-01-04,Ross,0.958525176,0.18354282551558063,0.18354282551558063,0.5735162937918511,FALSE,FALSE
2007-01-05,Ross,0.931500323,0.19344942928394515,0.19344942928394515,0.5735162937918511,FALSE,FALSE
2007-01-06,Ross,0.881746947,0.176496452322371,0.176496452322371,0.5735162937918511,FALSE,FALSE
2007-01-07,Ross,0.848481917,0.17235368337441437,0.17235368337441437,0.5735162937918511,FALSE,FALSE
2007-01-08,Ross,0.825104222,0.1748730311836323,0.1748730311836323,0.5735162937918511,FALSE,FALSE
2007-01-09,Ross,0.804897404,0.17779095749357898,0.17779095749357898,0.5735162937918511,FALSE,FALSE
2007-01-10,Ross,0.77742167,0.1711205890478078,0.1711205890478078,0.5735162937918511,FALSE,FALSE
2007-01-11,Ross,0.757796754,0.17043457958987485,0.17043457958987485,0.5735162937918511,FALSE,FALSE
2007-01-12,Ross,0.74736468,0.1775278728633357,0.1775278728633357,0.5735162937918511,FALSE,FALSE
2007-01-13,Ross,0.746792273,0.19352021361174443,0.19352021361174443,0.5735162937918511,FALSE,FALSE
2007-01-14,Ross,0.71766412,0.18044334172502208,0.18044334172502208,0.5735162937918511,FALSE,FALSE
2007-01-15,Ross,0.698738774,0.17729602048486004,0.17729602048486004,0.5735162937918511,FALSE,FALSE
2007-01-16,Ross,0.690235218,0.18427818839416632,0.18427818839416632,0.5735162937918511,FALSE,FALSE
2007-01-17,Ross,0.68521548,0.19441643280312537,0.19441643280312537,0.5735162937918511,FALSE,FALSE
2007-01-18,Ross,0.672252588,0.19624834106192215,0.19624834106192215,0.5735162937918511,FALSE,FALSE
2007-01-19,Ross,0.65614045,0.19453238052074057,0.19453238052074057,0.5735162937918511,FALSE,FALSE
2007-01-20,Ross,0.615825314,0.16817935852976584,0.16817935852976584,0.5735162937918511,FALSE,FALSE
2007-01-21,Ross,0.583943954,0.1497906084391823,0.1497906084391823,0.5735162937918511,FALSE,FALSE
2007-01-22,Ross,0.570401565,0.14923588459917475,0.14923588459917475,0.5735162937918511,FALSE,FALSE
2007-01-23,Ross,0.555700204,0.14698180335992617,0.14698180335992617,0.5735162937918511,FALSE,FALSE
2007-01-24,Ross,0.512452934,0.11560598707162206,0.11560598707162206,0.5735162937918511,FALSE,FALSE
2007-01-25,Ross,0.483277152,0.0976903920844473,0.0976903920844473,0.5735162937918511,FALSE,FALSE
2007-01-26,Ross,0.475127878,0.10015459774858654,0.10015459774858654,0.5735162937918511,FALSE,FALSE
2007-01-27,Ross,0.463931893,0.09889712938559204,0.09889712938559204,0.5735162937918511,FALSE,FALSE
2007-01-28,Ross,0.452843766,0.0970929386854834,0.0970929386854834,0.5735162937918511,FALSE,FALSE
2007-01-29,Ross,0.412633224,0.06555230356954633,0.06555230356954633,0.5735162937918511,FALSE,FALSE
2007-01-30,Ross,0.395458605,0.05647417792733655,0.05647417792733655,0.5735162937918511,FALSE,FALSE
2007-01-31,Ross,0.384490409,0.05306967764841319,0.05306967764841319,0.5735162937918511,FALSE,FALSE
2007-02-01,Ross,0.365206302,0.04085708462233406,0.04085708462233406,0.5735162937918511,FALSE,FALSE
2007-02-02,Ross,0.35103787,0.03330860073865582,0.03330860073865582,0.5735162937918511,FALSE,FALSE
2007-02-03,Ross,0.345542822,0.03402255088693801,0.03402255088693801,0.5735162937918511,FALSE,FALSE
2007-02-04,Ross,0.339916474,0.03423486695673827,0.03423486695673827,0.5735162937918511,FALSE,FALSE
2007-02-05,Ross,0.328835076,0.02866241483761411,0.02866241483761411,0.5735162937918511,FALSE,FALSE
2007-02-06,Ross,0.330134373,0.03518155541912349,0.03518155541912349,0.5735162937918511,FALSE,FALSE
2007-02-07,Ross,0.329631098,0.03964963759082551,0.03964963759082551,0.5735162937918511,FALSE,FALSE
2007-02-08,Ross,0.324575413,0.03935728906893843,0.03935728906893843,0.5735162937918511,FALSE,FALSE
2007-02-09,Ross,0.318382227,0.03774005818657883,0.03774005818657883,0.5735162937918511,FALSE,FALSE
2007-02-10,Ross,0.317589861,0.04131747536262425,0.04131747536262425,0.5735162937918511,FALSE,FALSE
2007-02-11,Ross,0.318033553,0.04590132607515146,0.04590132607515146,0.5735162937918511,FALSE,FALSE
2007-02-12,Ross,0.313504345,0.04525919980223747,0.04525919980223747,0.5735162937918511,FALSE,FALSE
2007-02-13,Ross,0.325331917,0.06069732402195682,0.06069732402195682,0.5735162937918511,FALSE,FALSE
2007-02-14,Ross,0.321081575,0.0597575522123886,0.0597575522123886,0.5735162937918511,FALSE,FALSE
2007-02-15,Ross,0.30697997,0.04864308285160856,0.04864308285160856,0.5735162937918511,FALSE,FALSE
2007-02-16,Ross,0.303357797,0.04766115841769031,0.04766115841769031,0.5735162937918511,FALSE,FALSE
2007-02-17,Ross,0.309655708,0.05622897838871404,0.05622897838871404,0.5735162937918511,FALSE,FALSE
2007-02-18,Ross,0.308774468,0.05722385524275364,0.05722385524275364,0.5735162937918511,FALSE,FALSE
2007-02-19,Ross,0.310045916,0.05995417545788617,0.05995417545788617,0.5735162937918511,FALSE,FALSE
2007-02-20,Ross,0.32131864,0.07224507451218803,0.07224507451218803,0.5735162937918511,FALSE,FALSE
2007-02-21,Ross,0.321888012,0.07337020071855768,0.07337020071855768,0.5735162937918511,FALSE,FALSE
2007-02-22,Ross,0.328102229,0.07967698714910587,0.07967698714910587,0.5735162937918511,FALSE,FALSE
2007-02-23,Ross,0.354238551,0.10545587322242651,0.10545587322242651,0.5735162937918511,FALSE,FALSE
2007-02-24,Ross,0.37136151,0.12178482241058992,0.12178482241058992,0.5735162937918511,FALSE,FALSE
2007-02-25,Ross,0.370677951,0.11988411118566927,0.11988411118566927,0.5735162937918511,FALSE,FALSE
2007-02-26,Ross,0.38740116,0.13498045701973588,0.13498045701973588,0.5735162937918511,FALSE,FALSE
2007-02-27,Ross,0.394336132,0.13989228638486367,0.13989228638486367,0.5735162937918511,FALSE,FALSE
2007-02-28,Ross,0.39807286,0.14122302375312434,0.14122302375312434,0.5735162937918511,FALSE,FALSE
2007-03-01,Ross,0.40299471,0.14336946659658972,0.14336946659658972,0.5735162937918511,FALSE,FALSE
2007-03-02,Ross,0.397497925,0.13474128938733304,0.13474128938733304,0.5735162937918511,FALSE,FALSE
2007-03-03,Ross,0.398907311,0.13267672959742527,0.13267672959742527,0.5735162937918511,FALSE,FALSE
2007-03-04,Ross,0.382196378,0.11216272869894012,0.11216272869894012,0.5735162937918511,FALSE,FALSE
2007-03-05,Ross,0.369927547,0.09577513796163371,0.09577513796163371,0.5735162937918511,FALSE,FALSE
2007-03-06,Ross,0.382589123,0.10401122018948328,0.10401122018948328,0.5735162937918511,FALSE,FALSE
2007-03-07,Ross,0.393027149,0.10971141553677476,0.10971141553677476,0.5735162937918511,FALSE,FALSE
2007-03-08,Ross,0.388746421,0.10037195900919772,0.10037195900919772,0.5735162937918511,FALSE,FALSE
2007-03-09,Ross,0.377558869,0.08379621961244643,0.08379621961244643,0.5735162937918511,FALSE,FALSE
2007-03-10,Ross,0.384098622,0.08460976535221304,0.08460976535221304,0.5735162937918511,FALSE,FALSE
2007-03-11,Ross,0.403999923,0.09843827823419,0.09843827823419,0.5735162937918511,FALSE,FALSE
2007-03-12,Ross,0.405163808,0.09317423326406904,0.09317423326406904,0.5735162937918511,FALSE,FALSE
2007-03-13,Ross,0.397501699,0.07872049144754373,0.07872049144754373,0.5735162937918511,FALSE,FALSE
2007-03-14,Ross,0.400511131,0.07456602679030877,0.07456602679030877,0.5735162937918511,FALSE,FALSE
2007-03-15,Ross,0.419773941,0.08628411529805169,0.08628411529805169,0.5735162937918511,FALSE,FALSE
2007-03-16,Ross,0.442151437,0.10072750397646962,0.10072750397646962,0.5735162937918511,FALSE,FALSE
2007-03-17,Ross,0.450275418,0.1005194308312516,0.1005194308312516,0.5735162937918511,FALSE,FALSE
2007-03-18,Ross,0.47627066,0.11777627134278174,0.11777627134278174,0.5735162937918511,FALSE,FALSE
2007-03-19,Ross,0.465108863,0.09746533282335997,0.09746533282335997,0.5735162937918511,FALSE,FALSE
2007-03-20,Ross,0.461000464,0.08379685181105351,0.08379685181105351,0.5735162937918511,FALSE,FALSE
2007-03-21,Ross,0.462262072,0.07508743422077424,0.07508743422077424,0.5735162937918511,FALSE,FALSE
2007-03-22,Ross,0.470275674,0.07271906396743638,0.07271906396743638,0.5735162937918511,FALSE,FALSE
2007-03-23,Ross,0.482976543,0.07462701096595198,0.07462701096595198,0.5735162937918511,FALSE,FALSE
2007-03-24,Ross,0.49949959,0.07994618313123181,0.07994618313123181,0.5735162937918511,FALSE,FALSE
2007-03-25,Ross,0.523938547,0.09277030937819308,0.09277030937819308,0.5735162937918511,FALSE,FALSE
2007-03-26,Ross,0.551430372,0.10823634462174432,0.10823634462174432,0.5735162937918511,FALSE,FALSE
2007-03-27,Ross,0.556882864,0.1012520847768017,0.1012520847768017,0.5735162937918511,FALSE,FALSE
2007-03-28,Ross,0.562505342,0.09402684575827386,0.09402684575827386,0.5735162937918511,FALSE,FALSE
2007-03-29,Ross,0.547238416,0.06550123448107753,0.06550123448107753,0.5735162937918511,FALSE,FALSE
2007-03-30,Ross,0.570326979,0.07492014086012344,0.07492014086012344,0.5735162937918511,FALSE,FALSE
2007-03-31,Ross,0.595577067,0.08608831380834092,0.08608831380834092,0.5735162937918511,FALSE,FALSE
2007-04-01,Ross,0.608983159,0.08499192684114565,0.08499192684114565,0.5735162937918511,FALSE,FALSE
2007-04-02,Ross,0.634949874,0.09602490752124215,0.09602490752124215,0.5735162937918511,FALSE,FALSE
2007-04-03,Ross,0.67569335,0.12139270043887362,0.12139270043887362,0.5735162937918511,FALSE,FALSE
2007-04-04,Ross,0.708960577,0.13883160218427804,0.13883160218427804,0.5735162937918511,FALSE,FALSE
2007-04-05,Ross,0.729136435,0.1427157993476974,0.1427157993476974,0.5735162937918511,FALSE,FALSE
2007-04-06,Ross,0.761202352,0.15801602651937485,0.15801602651937485,0.5735162937918511,FALSE,FALSE
2007-04-07,Ross,0.76434438,0.14390764228954722,0.14390764228954722,0.5735162937918511,FALSE,FALSE
2007-04-08,Ross,0.793720696,0.15553813024845786,0.15553813024845786,0.5735162937918511,FALSE,FALSE
2007-04-09,Ross,0.777032005,0.12059750198634787,0.12059750198634787,0.5735162937918511,FALSE,FALSE
2007-04-10,Ross,0.779494097,0.10429085409345552,0.10429085409345552,0.5735162937918511,FALSE,FALSE
2007-04-11,Ross,0.803368721,0.10886924216002336,0.10886924216002336,0.5735162937918511,FALSE,FALSE
2007-04-12,Ross,0.835903234,0.12156962962465911,0.12156962962465911,0.5735162937918511,FALSE,FALSE
2007-04-13,Ross,0.857656279,0.12296163618895684,0.12296163618895684,0.5735162937918511,FALSE,FALSE
2007-04-14,Ross,0.881763537,0.12622714824138004,0.12622714824138004,0.5735162937918511,FALSE,FALSE
2007-04-15,Ross,0.912867778,0.13605843168744103,0.13605843168744103,0.5735162937918511,FALSE,FALSE
2007-04-16,Ross,0.943719026,0.1452550064326511,0.1452550064326511,0.5735162937918511,FALSE,FALSE
2007-04-17,Ross,0.9638487,0.14339778738252407,0.14339778738252407,0.5735162937918511,FALSE,FALSE
2007-04-18,Ross,0.973214324,0.13049379444257148,0.13049379444257148,0.5735162937918511,FALSE,FALSE
2007-04-19,Ross,0.969653696,0.10443032151830678,0.10443032151830678,0.5735162937918511,FALSE,FALSE
2007-04-20,Ross,1.008448487,0.12053853551524008,0.12053853551524008,0.5735162937918511,FALSE,FALSE
2007-04-21,Ross,1.038955708,0.1282249433388879,0.1282249433388879,0.5735162937918511,FALSE,FALSE
2007-04-22,Ross,1.066587573,0.13295125489476145,0.13295125489476145,0.5735162937918511,FALSE,FALSE
2007-04-23,Ross,1.09539777,0.13882065408837108,0.13882065408837108,0.5735162937918511,FALSE,FALSE
2007-04-24,Ross,1.132568348,0.15306468582523236,0.15306468582523236,0.5735162937918511,FALSE,FALSE
2007-04-25,Ross,1.167938828,0.1655622705041817,0.1655622705041817,0.5735162937918511,FALSE,FALSE
2007-04-26,Ross,1.213569426,0.18831713233076508,0.18831713233076508,0.5735162937918511,FALSE,FALSE
2007-04-27,Ross,1.240358044,0.19211769147630164,0.19211769147630164,0.5735162937918511,FALSE,FALSE
2007-04-28,Ross,1.254273126,0.18282235192062624,0.18282235192062624,0.5735162937918511,FALSE,FALSE
2007-04-29,Ross,1.259812277,0.1648186786435677,0.1648186786435677,0.5735162937918511,FALSE,FALSE
2007-04-30,Ross,1.254614151,0.13563528562495497,0.13563528562495497,0.5735162937918511,FALSE,FALSE
2007-05-01,Ross,1.288351848,0.14483523284461652,0.14483523284461652,0.5735162937918511,FALSE,FALSE
2007-05-02,Ross,1.29094603,0.12222914228238536,0.12222914228238536,0.5735162937918511,FALSE,FALSE
2007-05-03,Ross,1.271995964,0.07730624091809113,0.07730624091809113,0.5735162937918511,FALSE,FALSE
2007-05-04,Ross,1.262178329,0.04063316773156211,0.04063316773156211,0.5735162937918511,FALSE,FALSE
2007-05-05,Ross,1.269998465,0.02060522270262965,0.02060522270262965,0.5735162937918511,FALSE,FALSE
2007-05-06,Ross,1.308106954,0.02976294781112432,0.02976294781112432,0.5735162937918511,FALSE,FALSE
2007-05-07,Ross,1.401690615,0.09318321090865345,0.09318321090865345,0.5735162937918511,FALSE,FALSE
2007-05-08,Ross,1.468347734,0.12840389425294774,0.12840389425294774,0.5735162937918511,FALSE,FALSE
2007-05-09,Ross,1.510786552,0.13820470416017838,0.13820470416017838,0.5735162937918511,FALSE,FALSE
2007-05-10,Ross,1.528437256,0.12210899015849463,0.12210899015849463,0.5735162937918511,FALSE,FALSE
2007-05-11,Ross,1.544269825,0.10317989377604864,0.10317989377604864,0.5735162937918511,FALSE,FALSE
2007-05-12,Ross,1.564137992,0.08736431054099247,0.08736431054099247,0.5735162937918511,FALSE,FALSE
2007-05-13,Ross,1.581833877,0.06854752298147293,0.06854752298147293,0.5735162937918511,FALSE,FALSE
2007-05-14,Ross,1.617980626,0.06744583962564432,0.06744583962564432,0.5735162937918511,FALSE,FALSE
2007-05-15,Ross,1.669065194,0.08063937800165633,0.08063937800165633,0.5735162937918511,FALSE,FALSE
2007-05-16,Ross,1.744542723,0.11767644263765777,0.11767644263765777,0.5735162937918511,FALSE,FALSE
2007-05-17,Ross,1.803644828,0.13788181106180297,0.13788181106180297,0.5735162937918511,FALSE,FALSE
2007-05-18,Ross,1.838659683,0.13363681980223863,0.13363681980223863,0.5735162937918511,FALSE,FALSE
2007-05-19,Ross,1.852234376,0.10768171938711668,0.10768171938711668,0.5735162937918511,FALSE,FALSE
2007-05-20,Ross,1.884627578,0.10036529879403756,0.10036529879403756,0.5735162937918511,FALSE,FALSE
2007-05-21,Ross,1.936472282,0.1123551141293624,0.1123551141293624,0.5735162937918511,FALSE,FALSE
2007-05-22,Ross,1.983432165,0.11930086810909502,0.11930086810909502,0.5735162937918511,FALSE,FALSE
2007-05-23,Ross,2.003016403,0.09869612942249396,0.09869612942249396,0.5735162937918511,FALSE,FALSE
2007-05-24,Ross,2.057139635,0.11243992975881811,0.11243992975881811,0.5735162937918511,FALSE,FALSE
2007-05-25,Ross,2.100992763,0.11570756380732904,0.11570756380732904,0.5735162937918511,FALSE,FALSE
2007-05-26,Ross,2.155474634,0.12938227125728696,0.12938227125728696,0.5735162937918511,FALSE,FALSE
2007-05-27,Ross,2.207920221,0.14078341779794945,0.14078341779794945,0.5735162937918511,FALSE,FALSE
2007-05-28,Ross,2.235407492,0.12697336411857485,0.12697336411857485,0.5735162937918511,FALSE,FALSE
2007-05-29,Ross,2.283924488,0.13392454390842223,0.13392454390842223,0.5735162937918511,FALSE,FALSE
2007-05-30,Ross,2.355367735,0.16351787585675392,0.16351787585675392,0.5735162937918511,FALSE,FALSE
2007-05-31,Ross,2.40840845,0.17440896965282615,0.17440896965282615,0.5735162937918511,FALSE,FALSE
2007-06-01,Ross,2.436772039,0.16030762398590026,0.16030762398590026,0.5735162937918511,FALSE,FALSE
2007-06-02,Ross,2.500567323,0.18131171095030751,0.18131171095030751,0.5735162937918511,FALSE,FALSE
2007-06-03,Ross,2.566334562,0.20397120758325385,0.20397120758325385,0.5735162937918511,FALSE,FALSE
2007-06-04,Ross,2.571486401,0.16571420470762677,0.16571420470762677,0.5735162937918511,FALSE,FALSE
2007-06-05,Ross,2.593929449,0.14446275735852776,0.14446275735852776,0.5735162937918511,FALSE,FALSE
2007-06-06,Ross,2.608148592,0.1147171975710548,0.1147171975710548,0.5735162937918511,FALSE,FALSE
2007-06-07,Ross,2.63625772,0.09860686138030283,0.09860686138030283,0.5735162937918511,FALSE,FALSE
2007-06-08,Ross,2.648242765,0.0661331268213754,0.0661331268213754,0.5735162937918511,FALSE,FALSE
2007-06-09,Ross,2.724782457,0.09799016992936949,0.09799016992936949,0.5735162937918511,FALSE,FALSE
2007-06-10,Ross,2.84912105,0.1774376907393802,0.1774376907393802,0.5735162937918511,FALSE,FALSE
2007-06-11,Ross,2.946386805,0.2296193962865094,0.2296193962865094,0.5735162937918511,FALSE,FALSE
2007-06-12,Ross,2.993609168,0.23158017860585556,0.23158017860585556,0.5735162937918511,FALSE,FALSE
2007-06-13,Ross,3.006688968,0.1992363127325172,0.1992363127325172,0.5735162937918511,FALSE,FALSE
2007-06-14,Ross,3.010900108,0.1578777712554098,0.1578777712554098,0.5735162937918511,FALSE,FALSE
2007-06-15,Ross,3.02376074,0.125066264601863,0.125066264601863,0.5735162937918511,FALSE,FALSE
2007-06-16,Ross,3.073603562,0.12921575991649092,0.12921575991649092,0.5735162937918511,FALSE,FALSE
2007-06-17,Ross,3.136569013,0.14655069754968286,0.14655069754968286,0.5735162937918511,FALSE,FALSE
2007-06-18,Ross,3.143424795,0.10792278085181416,0.10792278085181416,0.5735162937918511,FALSE,FALSE
2007-06-19,Ross,3.140691217,0.0599363201732781,0.0599363201732781,0.5735162937918511,FALSE,FALSE
2007-06-20,Ross,3.16897071,0.04327774786445371,0.04327774786445371,0.5735162937918511,FALSE,FALSE
2007-06-21,Ross,3.232790176,0.06255796727572616,0.06255796727572616,0.5735162937918511,FALSE,FALSE
2007-06-22,Ross,3.322159927,0.10787129175747844,0.10787129175747844,0.5735162937918511,FALSE,FALSE
2007-06-23,Ross,3.374479054,0.11670081366009644,0.11670081366009644,0.5735162937918511,FALSE,FALSE
2007-06-24,Ross,3.395317989,0.09470096633396265,0.09470096633396265,0.5735162937918511,FALSE,FALSE
2007-06-25,Ross,3.468122269,0.12540128812946305,0.12540128812946305,0.5735162937918511,FALSE,FALSE
2007-06-26,Ross,3.490973365,0.1069672513969806,0.1069672513969806,0.5735162937918511,FALSE,FALSE
2007-06-27,Ross,3.514681346,0.09027786802514148,0.09027786802514148,0.5735162937918511,FALSE,FALSE
2007-06-28,Ross,3.585253564,0.12129564355647028,0.12129564355647028,0.5735162937918511,FALSE,FALSE
2007-06-29,Ross,3.636787995,0.13402171270840357,0.13402171270840357,0.5735162937918511,FALSE,FALSE
2007-06-30,Ross,3.682067873,0.14114220086642917,0.14114220086642917,0.5735162937918511,FALSE,FALSE
2007-07-01,Ross,3.722133662,0.14360046341604216,0.14360046341604216,0.5735162937918511,FALSE,FALSE
2007-07-02,Ross,3.738838708,0.12315273774273328,0.12315273774273328,0.5735162937918511,FALSE,FALSE
2007-07-03,Ross,3.765426553,0.11294545723198944,0.11294545723198944,0.5735162937918511,FALSE,FALSE
2007-07-04,Ross,3.788374208,0.09935852426930536,0.09935852426930536,0.5735162937918511,FALSE,FALSE
2007-07-05,Ross,3.842167455,0.11678061224017132,0.11678061224017132,0.5735162937918511,FALSE,FALSE
2007-07-06,Ross,3.910001304,0.14830962253007884,0.14830962253007884,0.5735162937918511,FALSE,FALSE
2007-07-07,Ross,3.928714326,0.13068701752452272,0.13068701752452272,0.5735162937918511,FALSE,FALSE
2007-07-08,Ross,3.950841646,0.11635081360898436,0.11635081360898436,0.5735162937918511,FALSE,FALSE
2007-07-09,Ross,3.98145348,0.11027442563839383,0.11027442563839383,0.5735162937918511,FALSE,FALSE
2007-07-10,Ross,4.022120396,0.1139914218480289,0.1139914218480289,0.5735162937918511,FALSE,FALSE
2007-07-11,Ross,4.06323521,0.11798849226599196,0.11798849226599196,0.5735162937918511,FALSE,FALSE
2007-07-12,Ross,4.090686665,0.10826557327471908,0.10826557327471908,0.5735162937918511,FALSE,FALSE
2007-07-13,Ross,4.082943476,0.06340257325665011,0.06340257325665011,0.5735162937918511,FALSE,FALSE
2007-07-14,Ross,4.059458968,0.00296401059422635,0.00296401059422635,0.5735162937918511,FALSE,FALSE
2007-07-15,Ross,4.040551334,-0.05262072833012343,0.05262072833012343,0.5735162937918511,FALSE,FALSE
2007-07-16,Ross,4.092888757,-0.0365722671339519,0.0365722671339519,0.5735162937918511,FALSE,FALSE
2007-07-17,Ross,4.19536662,0.03011597056516723,0.03011597056516723,0.5735162937918511,FALSE,FALSE
2007-07-18,Ross,4.258655073,0.05822532814968007,0.05822532814968007,0.5735162937918511,FALSE,FALSE
2007-07-19,Ross,4.299225339,0.06433822200201966,0.06433822200201966,0.5735162937918511,FALSE,FALSE
2007-07-20,Ross,4.358080472,0.08956889950462266,0.08956889950462266,0.5735162937918511,FALSE,FALSE
2007-07-21,Ross,4.408461457,0.10726953903993051,0.10726953903993051,0.5735162937918511,FALSE,FALSE
2007-07-22,Ross,4.440164198,0.107338314178282,0.107338314178282,0.5735162937918511,FALSE,FALSE
2007-07-23,Ross,4.486275085,0.1228407153792137,0.1228407153792137,0.5735162937918511,FALSE,FALSE
2007-07-24,Ross,4.513906056,0.12077799824931644,0.12077799824931644,0.5735162937918511,FALSE,FALSE
2007-07-25,Ross,4.490008944,0.06798927677073152,0.06798927677073152,0.5735162937918511,FALSE,FALSE
2007-07-26,Ross,4.521460619,0.07123870192558623,0.07123870192558623,0.5735162937918511,FALSE,FALSE
2007-07-27,Ross,4.55254703,0.07469950369601097,0.07469950369601097,0.5735162937918511,FALSE,FALSE
2007-07-28,Ross,4.535504414,0.03049520006414052,0.03049520006414052,0.5735162937918511,FALSE,FALSE
2007-07-29,Ross,4.528175969,-0.00364372998788731,0.00364372998788731,0.5735162937918511,FALSE,FALSE
2007-07-30,Ross,4.53989077,-0.01850093047794576,0.01850093047794576,0.5735162937918511,FALSE,FALSE
2007-07-31,Ross,4.577953408,-0.00688452942389972,0.00688452942389972,0.5735162937918511,FALSE,FALSE
2007-08-01,Ross,4.687812361,0.07654123215637831,0.07654123215637831,0.5735162937918511,FALSE,FALSE
2007-08-02,Ross,4.762907779,0.1251037852450274,0.1251037852450274,0.5735162937918511,FALSE,FALSE
2007-08-03,Ross,4.800594367,0.13604511742205094,0.13604511742205094,0.5735162937918511,FALSE,FALSE
2007-08-04,Ross,4.795172097,0.10359561940821392,0.10359561940821392,0.5735162937918511,FALSE,FALSE
2007-08-05,Ross,4.751902322,0.03310267164665959,0.03310267164665959,0.5735162937918511,FALSE,FALSE
2007-08-06,Ross,4.707865414,-0.03823224994289287,0.03823224994289287,0.5735162937918511,FALSE,FALSE
2007-08-07,Ross,4.775415883,0.00206646855928127,0.00206646855928127,0.5735162937918511,FALSE,FALSE
2007-08-08,Ross,4.817932468,0.01749867007291339,0.01749867007291339,0.5735162937918511,FALSE,FALSE
2007-08-09,Ross,4.885826609,0.05859689851772742,0.05859689851772742,0.5735162937918511,FALSE,FALSE
2007-08-10,Ross,4.899594747,0.04597869881344252,0.04597869881344252,0.5735162937918511,FALSE,FALSE
2007-08-11,Ross,4.934429326,0.05495761887979444,0.05495761887979444,0.5735162937918511,FALSE,FALSE
2007-08-12,Ross,4.963036903,0.05836131963650537,0.05836131963650537,0.5735162937918511,FALSE,FALSE
2007-08-13,Ross,4.963740455,0.03463388200330541,0.03463388200330541,0.5735162937918511,FALSE,FALSE
2007-08-14,Ross,4.960308313,0.00766474089991131,0.00766474089991131,0.5735162937918511,FALSE,FALSE
2007-08-15,Ross,4.946141457,-0.02902401975394042,0.02902401975394042,0.5735162937918511,FALSE,FALSE
2007-08-16,Ross,4.969665297,-0.02688986667373338,0.02688986667373338,0.5735162937918511,FALSE,FALSE
2007-08-17,Ross,4.965939542,-0.05087428140228667,0.05087428140228667,0.5735162937918511,FALSE,FALSE
2007-08-18,Ross,4.965207389,-0.07087067698885274,0.07087067698885274,0.5735162937918511,FALSE,FALSE
2007-08-19,Ross,4.990361107,-0.06413081582168445,0.06413081582168445,0.5735162937918511,FALSE,FALSE
2007-08-20,Ross,5.081684534,0.00948510871096086,0.00948510871096086,0.5735162937918511,FALSE,FALSE
2007-08-21,Ross,5.12638981,0.0370452052208341,0.0370452052208341,0.5735162937918511,FALSE,FALSE
2007-08-22,Ross,5.104442091,-0.00162940168032399,0.00162940168032399,0.5735162937918511,FALSE,FALSE
2007-08-23,Ross,5.160349458,0.03782533761923545,0.03782533761923545,0.5735162937918511,FALSE,FALSE
2007-08-24,Ross,5.198559823,0.0597133037312636,0.0597133037312636,0.5735162937918511,FALSE,FALSE
2007-08-25,Ross,5.264345536,0.10916281526749748,0.10916281526749748,0.5735162937918511,FALSE,FALSE
2007-08-26,Ross,5.293233714,0.12155695783969112,0.12155695783969112,0.5735162937918511,FALSE,FALSE
2007-08-27,Ross,5.270646974,0.08217431705958589,0.08217431705958589,0.5735162937918511,FALSE,FALSE
2007-08-28,Ross,5.222660068,0.01694561353893053,0.01694561353893053,0.5735162937918511,FALSE,FALSE
2007-08-29,Ross,5.174504487,-0.04901441431474751,0.04901441431474751,0.5735162937918511,FALSE,FALSE
2007-08-30,Ross,5.129839891,-0.11199706686592226,0.11199706686592226,0.5735162937918511,FALSE,FALSE
2007-08-31,Ross,5.139984668,-0.1205726230574724,0.1205726230574724,0.5735162937918511,FALSE,FALSE
2007-09-01,Ross,5.142402461,-0.13716599509833927,0.13716599509833927,0.5735162937918511,FALSE,FALSE
2007-09-02,Ross,5.164169959,-0.13458904919746129,0.13458904919746129,0.5735162937918511,FALSE,FALSE
2007-09-03,Ross,5.215458574,-0.10255892856377535,0.10255892856377535,0.5735162937918511,FALSE,FALSE
2007-09-04,Ross,5.268867294,-0.06836520040622052,0.06836520040622052,0.5735162937918511,FALSE,FALSE
2007-09-05,Ross,5.320078352,-0.03621418693373268,0.03621418693373268,0.5735162937918511,FALSE,FALSE
2007-09-06,Ross,5.340541216,-0.03454497535525291,0.03454497535525291,0.5735162937918511,FALSE,FALSE
2007-09-07,Ross,5.353953915,-0.03954809187971708,0.03954809187971708,0.5735162937918511,FALSE,FALSE
2007-09-08,Ross,5.377857306,-0.03357123471606016,0.03357123471606016,0.5735162937918511,FALSE,FALSE
2007-09-09,Ross,5.401237053,-0.02751729507322675,0.02751729507322675,0.5735162937918511,FALSE,FALSE
2007-09-10,Ross,5.449542095,0.00417364823868027,0.00417364823868027,0.5735162937918511,FALSE,FALSE
2007-09-11,Ross,5.518214796,0.05701102592128038,0.05701102592128038,0.5735162937918511,FALSE,FALSE
2007-09-12,Ross,5.554556609,0.07828388785446361,0.07828388785446361,0.5735162937918511,FALSE,FALSE
2007-09-13,Ross,5.510954877,0.0203588064386988,0.0203588064386988,0.5735162937918511,FALSE,FALSE
2007-09-14,Ross,5.515800142,0.01160555307446475,0.01160555307446475,0.5735162937918511,FALSE,FALSE
2007-09-15,Ross,5.534542203,0.01745315616222953,0.01745315616222953,0.5735162937918511,FALSE,FALSE
2007-09-16,Ross,5.548262847,0.01896263210247006,0.01896263210247006,0.5735162937918511,FALSE,FALSE
2007-09-17,Ross,5.580612535,0.03976367129565972,0.03976367129565972,0.5735162937918511,FALSE,FALSE
2007-09-18,Ross,5.599783838,0.04802807414226873,0.04802807414226873,0.5735162937918511,FALSE,FALSE
2007-09-19,Ross,5.640729918,0.07868823204277486,0.07868823204277486,0.5735162937918511,FALSE,FALSE
2007-09-20,Ross,5.683991903,0.11226450239764764,0.11226450239764764,0.5735162937918511,FALSE,FALSE
2007-09-21,Ross,5.735276122,0.1544424436073637,0.1544424436073637,0.5735162937918511,FALSE,FALSE
2007-09-22,Ross,5.785395712,0.19601442207239209,0.19601442207239209,0.5735162937918511,FALSE,FALSE
2007-09-23,Ross,5.786938197,0.18954900093201843,0.18954900093201843,0.5735162937918511,FALSE,FALSE
2007-09-24,Ross,5.806100874,0.201243891615392,0.201243891615392,0.5735162937918511,FALSE,FALSE
2007-09-25,Ross,5.823654281,0.2118817999003495,0.2118817999003495,0.5735162937918511,FALSE,FALSE
2007-09-26,Ross,5.803144556,0.18502119647717483,0.18502119647717483,0.5735162937918511,FALSE,FALSE
2007-09-27,Ross,5.791734976,0.16783769103614343,0.16783769103614343,0.5735162937918511,FALSE,FALSE
2007-09-28,Ross,5.804392349,0.17531042426753896,0.17531042426753896,0.5735162937918511,FALSE,FALSE
2007-09-29,Ross,5.793925107,0.16026016086164496,0.16026016086164496,0.5735162937918511,FALSE,FALSE
2007-09-30,Ross,5.767075671,0.12944165450874134,0.12944165450874134,0.5735162937918511,FALSE,FALSE
2007-10-01,Ross,5.74433769,0.10336088689911004,0.10336088689911004,0.5735162937918511,FALSE,FALSE
2007-10-02,Ross,5.729211927,0.08553095372303066,0.08553095372303066,0.5735162937918511,FALSE,FALSE
2007-10-03,Ross,5.695640276,0.04990608167078747,0.04990608167078747,0.5735162937918511,FALSE,FALSE
2007-10-04,Ross,5.714178866,0.06705473243266002,0.06705473243266002,0.5735162937918511,FALSE,FALSE
2007-10-05,Ross,5.74556465,0.09772619881782596,0.09772619881782596,0.5735162937918511,FALSE,FALSE
2007-10-06,Ross,5.758233776,0.11037757986183294,0.11037757986183294,0.5735162937918511,FALSE,FALSE
2007-10-07,Ross,5.741672051,0.0945409639471162,0.0945409639471162,0.5735162937918511,FALSE,FALSE
2007-10-08,Ross,5.735613496,0.09000128759310755,0.09000128759310755,0.5735162937918511,FALSE,FALSE
2007-10-09,Ross,5.718453456,0.07520481131925205,0.07520481131925205,0.5735162937918511,FALSE,FALSE
2007-10-10,Ross,5.699936893,0.05994741264498771,0.05994741264498771,0.5735162937918511,FALSE,FALSE
2007-10-11,Ross,5.728867427,0.09308362708975172,0.09308362708975172,0.5735162937918511,FALSE,FALSE
2007-10-12,Ross,5.72801228,0.09743159217298736,0.09743159217298736,0.5735162937918511,FALSE,FALSE
2007-10-13,Ross,5.704734957,0.08040572841413063,0.08040572841413063,0.5735162937918511,FALSE,FALSE
2007-10-14,Ross,5.692298175,0.07531966833262338,0.07531966833262338,0.5735162937918511,FALSE,FALSE
2007-10-15,Ross,5.68758138,0.07910377344790387,0.07910377344790387,0.5735162937918511,FALSE,FALSE
2007-10-16,Ross,5.687907957,0.08913234427940875,0.08913234427940875,0.5735162937918511,FALSE,FALSE
2007-10-17,Ross,5.667303254,0.079481644346580893,0.079481644346580893,0.5735162937918511,FALSE,FALSE
2007-10-18,Ross,5.626510981,0.05094246394129698,0.05094246394129698,0.5735162937918511,FALSE,FALSE
2007-10-19,Ross,5.585978722,0.02392800825835372,0.02392800825835372,0.5735162937918511,FALSE,FALSE
2007-10-20,Ross,5.550528909,0.00314845435030086,0.00314845435030086,0.5735162937918511,FALSE,FALSE
2007-10-21,Ross,5.54722567,0.01555255708762892,0.01555255708762892,0.5735162937918511,FALSE,FALSE
2007-10-22,Ross,5.51181422,-0.0032298416591745,0.0032298416591745,0.5735162937918511,FALSE,FALSE
2007-10-23,Ross,5.519313687,0.02170501298038196,0.02170501298038196,0.5735162937918511,FALSE,FALSE
2007-10-24,Ross,5.496343763,0.01686143987678701,0.01686143987678701,0.5735162937918511,FALSE,FALSE
2007-10-25,Ross,5.446058788,-0.01472159409946627,0.01472159409946627,0.5735162937918511,FALSE,FALSE
2007-10-26,Ross,5.386427281,-0.05519094307789185,0.05519094307789185,0.5735162937918511,FALSE,FALSE
2007-10-27,Ross,5.316139634,-0.10597158818799723,0.10597158818799723,0.5735162937918511,FALSE,FALSE
2007-10-28,Ross,5.283072697,-0.11930205255929228,0.11930205255929228,0.5735162937918511,FALSE,FALSE
2007-10-29,Ross,5.297185687,-0.08533849232128699,0.08533849232128699,0.5735162937918511,FALSE,FALSE
2007-10-30,Ross,5.292817153,-0.0698577316034914,0.0698577316034914,0.5735162937918511,FALSE,FALSE
2007-10-31,Ross,5.277444359,-0.06545780284975233,0.06545780284975233,0.5735162937918511,FALSE,FALSE
2007-11-01,Ross,5.2585887079999996,-0.06449533335475977,0.06449533335475977,0.5735162937918511,FALSE,FALSE
2007-11-02,Ross,5.213749538,-0.08928842291771577,0.08928842291771577,0.5735162937918511,FALSE,FALSE
2007-11-03,Ross,5.194408874,-0.08817246804897394,0.08817246804897394,0.5735162937918511,FALSE,FALSE
2007-11-04,Ross,5.125938542,-0.1355930642588863,0.1355930642588863,0.5735162937918511,FALSE,FALSE
2007-11-05,Ross,5.054551864,-0.18515431105780333,0.18515431105780333,0.5735162937918511,FALSE,FALSE
2007-11-06,Ross,5.016097068,-0.2008254019560738,0.2008254019560738,0.5735162937918511,FALSE,FALSE
2007-11-07,Ross,4.98241483,-0.21058308246405133,0.21058308246405133,0.5735162937918511,FALSE,FALSE
2007-11-08,Ross,4.948207734,-0.2195421900920884,0.2195421900920884,0.5735162937918511,FALSE,FALSE
2007-11-09,Ross,4.903701543,-0.23729438335053477,0.23729438335053477,0.5735162937918511,FALSE,FALSE
2007-11-10,Ross,4.851357041,-0.26119629974974323,0.26119629974974323,0.5735162937918511,FALSE,FALSE
2007-11-11,Ross,4.795505367,-0.2867342218000628,0.2867342218000628,0.5735162937918511,FALSE,FALSE
2007-11-12,Ross,4.762360745,-0.28751282793021193,0.28751282793021193,0.5735162937918511,FALSE,FALSE
2007-11-13,Ross,4.701138423,-0.31421769549199485,0.31421769549199485,0.5735162937918511,FALSE,FALSE
2007-11-14,Ross,4.6424238,-0.33628739808485353,0.33628739808485353,0.5735162937918511,FALSE,FALSE
2007-11-15,Ross,4.609138785,-0.3308341569273052,0.3308341569273052,0.5735162937918511,FALSE,FALSE
2007-11-16,Ross,4.593874699,-0.30530078123786275,0.30530078123786275,0.5735162937918511,FALSE,FALSE
2007-11-17,Ross,4.565133152,-0.2912197912350436,0.2912197912350436,0.5735162937918511,FALSE,FALSE
2007-11-18,Ross,4.550435154,-0.2611043071373631,0.2611043071373631,0.5735162937918511,FALSE,FALSE
2007-11-19,Ross,4.515829169,-0.248939995163334,0.248939995163334,0.5735162937918511,FALSE,FALSE
2007-11-20,Ross,4.481292911,-0.2347832715314757,0.2347832715314757,0.5735162937918511,FALSE,FALSE
2007-11-21,Ross,4.466158839,-0.19933580746029644,0.19933580746029644,0.5735162937918511,FALSE,FALSE
2007-11-22,Ross,4.452775472,-0.16028321416832014,0.16028321416832014,0.5735162937918511,FALSE,FALSE
2007-11-23,Ross,4.428245855,-0.1305565768740573,0.1305565768740573,0.5735162937918511,FALSE,FALSE
2007-11-24,Ross,4.375296979,-0.1274630347960244,0.1274630347960244,0.5735162937918511,FALSE,FALSE
2007-11-25,Ross,4.33276243,-0.11217807125431012,0.11217807125431012,0.5735162937918511,FALSE,FALSE
2007-11-26,Ross,4.264480303,-0.12066069968889792,0.12066069968889792,0.5735162937918511,FALSE,FALSE
2007-11-27,Ross,4.184323083,-0.13872896411412405,0.13872896411412405,0.5735162937918511,FALSE,FALSE
2007-11-28,Ross,4.139519476,-0.11884388026707347,0.11884388026707347,0.5735162937918511,FALSE,FALSE
2007-11-29,Ross,4.096341789,-0.09442286288482826,0.09442286288482826,0.5735162937918511,FALSE,FALSE
2007-11-30,Ross,4.050362964,-0.06958269170447196,0.06958269170447196,0.5735162937918511,FALSE,FALSE
2007-12-01,Ross,3.999113285,-0.04648280446309094,0.04648280446309094,0.5735162937918511,FALSE,FALSE
2007-12-02,Ross,3.995748073,0.02834239810223327,0.02834239810223327,0.5735162937918511,FALSE,FALSE
2007-12-03,Ross,3.948620068,0.0635559342544143,0.0635559342544143,0.5735162937918511,FALSE,FALSE
2007-12-04,Ross,3.903681958,0.10542077025636942,0.10542077025636942,0.5735162937918511,FALSE,FALSE
2007-12-05,Ross,3.870601282,0.1639147233710152,0.1639147233710152,0.5735162937918511,FALSE,FALSE
2007-12-06,Ross,3.82128858,0.21125861186126516,0.21125861186126516,0.5735162937918511,FALSE,FALSE
2007-12-07,Ross,3.76586518,0.25788313966676757,0.25788313966676757,0.5735162937918511,FALSE,FALSE
2007-12-08,Ross,3.734295787,0.33378227770989755,0.33378227770989755,0.5735162937918511,FALSE,FALSE
2007-12-09,Ross,3.720300765,0.4320301334017902,0.4320301334017902,0.5735162937918511,FALSE,FALSE
2007-12-10,Ross,3.683688337,0.5116888834185391,0.5116888834185391,0.5735162937918511,FALSE,FALSE
2007-12-11,Ross,3.632915666,0.5804696444362265,0.5804696444362265,0.5735162937918511,TRUE,TRUE
2007-12-12,Ross,3.586166974,0.6558105921309481,0.6558105921309481,0.5735162937918511,TRUE,TRUE
2007-12-13,Ross,3.541433831,0.7349572501787893,0.7349572501787893,0.5735162937918511,TRUE,TRUE
2007-12-14,Ross,3.470898967,0.7893463022558409,0.7893463022558409,0.5735162937918511,TRUE,TRUE
2007-12-15,Ross,3.391723672,0.8353929920381944,0.8353929920381944,0.5735162937918511,TRUE,TRUE
2007-12-16,Ross,3.340198497,0.908641824201934,0.908641824201934,0.5735162937918511,TRUE,TRUE
2007-12-17,Ross,3.274540697,0.966564007423155,0.966564007423155,0.5735162937918511,TRUE,TRUE
2007-12-18,Ross,3.205273804,1.0189370273779432,1.0189370273779432,0.5735162937918511,TRUE,TRUE
2007-12-19,Ross,3.12319126,1.0558082797423889,1.0558082797423889,0.5735162937918511,TRUE,TRUE
2007-12-20,Ross,3.031702867,1.0798606943566438,1.0798606943566438,0.5735162937918511,TRUE,TRUE
2007-12-21,Ross,2.957944824,1.1178067785536747,1.1178067785536747,0.5735162937918511,TRUE,TRUE
2007-12-22,Ross,2.863201341,1.130749055701954,1.130749055701954,0.5735162937918511,TRUE,TRUE
2007-12-23,Ross,2.764406202,1.135446367105536,1.135446367105536,0.5735162937918511,TRUE,TRUE
2007-12-24,Ross,2.608692352,1.0788567150684747,1.0788567150684747,0.5735162937918511,TRUE,TRUE
2007-12-25,Ross,2.506422099,1.0711674648948255,1.0711674648948255,0.5735162937918511,TRUE,TRUE
2007-12-26,Ross,2.41213914,1.0667473708886397,1.0667473708886397,0.5735162937918511,TRUE,TRUE
2007-12-27,Ross,2.295151112,1.0347291273539727,1.0347291273539727,0.5735162937918511,TRUE,TRUE
2007-12-28,Ross,2.189092236,1.0085720125948825,1.0085720125948825,0.5735162937918511,TRUE,TRUE
2007-12-29,Ross,2.040378249,0.9345168209154162,0.9345168209154162,0.5735162937918511,TRUE,TRUE
2007-12-30,Ross,1.90501736,0.8683968186196316,0.8683968186196316,0.5735162937918511,TRUE,TRUE
2007-12-31,Ross,1.77818089,0.8052083840115835,0.8052083840115835,0.5735162937918511,TRUE,TRUE
2008-01-01,Ross,1.700824488,0.785732223395325,0.785732223395325,0.5735162937918511,TRUE,TRUE
2008-01-02,Ross,1.581242575,0.718192458814828,0.718192458814828,0.5735162937918511,TRUE,TRUE
2008-01-03,Ross,1.481051811,0.664554026273729,0.664554026273729,0.5735162937918511,TRUE,TRUE
2008-01-04,Ross,1.380945154,0.6059628035155806,0.6059628035155806,0.5735162937918511,TRUE,TRUE
2008-01-05,Ross,1.273223355,0.5351724612839452,0.5351724612839452,0.5735162937918511,FALSE,FALSE
2008-01-06,Ross,1.184211472,0.4789609773223711,0.4789609773223711,0.5735162937918511,FALSE,FALSE
2008-01-07,Ross,1.073257014,0.39712878037441435,0.39712878037441435,0.5735162937918511,FALSE,FALSE
2008-01-08,Ross,1.009698767,0.35946757618363223,0.35946757618363223,0.5735162937918511,FALSE,FALSE
2008-01-09,Ross,0.957116033,0.33000958649357903,0.33000958649357903,0.5735162937918511,FALSE,FALSE
2008-01-10,Ross,0.904052514,0.2977514330478078,0.2977514330478078,0.5735162937918511,FALSE,FALSE
2008-01-11,Ross,0.867343914,0.2799817395898748,0.2799817395898748,0.5735162937918511,FALSE,FALSE
2008-01-12,Ross,0.844621962,0.27478515486333566,0.27478515486333566,0.5735162937918511,FALSE,FALSE
2008-01-13,Ross,0.777788389,0.2245163296117445,0.2245163296117445,0.5735162937918511,FALSE,FALSE
2008-01-14,Ross,0.715414889,0.17819411072502211,0.17819411072502211,0.5735162937918511,FALSE,FALSE
2008-01-15,Ross,0.680555616,0.15911286248486012,0.15911286248486012,0.5735162937918511,FALSE,FALSE
2008-01-16,Ross,0.673875479,0.16791844939416634,0.16791844939416634,0.5735162937918511,FALSE,FALSE
2008-01-17,Ross,0.641479233,0.15068018580312537,0.15068018580312537,0.5735162937918511,FALSE,FALSE
2008-01-18,Ross,0.647695441,0.17169119406192218,0.17169119406192218,0.5735162937918511,FALSE,FALSE
2008-01-19,Ross,0.630180684,0.16857261452074063,0.16857261452074063,0.5735162937918511,FALSE,FALSE
2008-01-20,Ross,0.61477142,0.16712546452976584,0.16712546452976584,0.5735162937918511,FALSE,FALSE
2008-01-21,Ross,0.593157636,0.15900429043918235,0.15900429043918235,0.5735162937918511,FALSE,FALSE
2008-01-22,Ross,0.577605274,0.15643959359917464,0.15643959359917464,0.5735162937918511,FALSE,FALSE
2008-01-23,Ross,0.567099895,0.1583814943599262,0.1583814943599262,0.5735162937918511,FALSE,FALSE
2008-01-24,Ross,0.559035894,0.16218894707162201,0.16218894707162201,0.5735162937918511,FALSE,FALSE
2008-01-25,Ross,0.553232243,0.16764548308444727,0.16764548308444727,0.5735162937918511,FALSE,FALSE
2008-01-26,Ross,0.532763802,0.1577905217485865,0.1577905217485865,0.5735162937918511,FALSE,FALSE
2008-01-27,Ross,0.500057446,0.13502268238559206,0.13502268238559206,0.5735162937918511,FALSE,FALSE
2008-01-28,Ross,0.471794725,0.11604389768548344,0.11604389768548344,0.5735162937918511,FALSE,FALSE
2008-01-29,Ross,0.45402457,0.10694364956954631,0.10694364956954631,0.5735162937918511,FALSE,FALSE
2008-01-30,Ross,0.425364038,0.08637961092733654,0.08637961092733654,0.5735162937918511,FALSE,FALSE
2008-01-31,Ross,0.408974577,0.07755384564841322,0.07755384564841322,0.5735162937918511,FALSE,FALSE
2008-02-01,Ross,0.393532791,0.06918357362233407,0.06918357362233407,0.5735162937918511,FALSE,FALSE
2008-02-02,Ross,0.379372303,0.06164303373865587,0.06164303373865587,0.5735162937918511,FALSE,FALSE
2008-02-03,Ross,0.365087698,0.053567426886938,0.053567426886938,0.5735162937918511,FALSE,FALSE
2008-02-04,Ross,0.358267048,0.05258544095673823,0.05258544095673823,0.5735162937918511,FALSE,FALSE
2008-02-05,Ross,0.362533726,0.06236106483761411,0.06236106483761411,0.5735162937918511,FALSE,FALSE
2008-02-06,Ross,0.37110403,0.07615121241912348,0.07615121241912348,0.5735162937918511,FALSE,FALSE
2008-02-07,Ross,0.38216989,0.09218842959082552,0.09218842959082552,0.5735162937918511,FALSE,FALSE
2008-02-08,Ross,0.370920957,0.08570283306893844,0.08570283306893844,0.5735162937918511,FALSE,FALSE
2008-02-09,Ross,0.351144704,0.07050253518657879,0.07050253518657879,0.5735162937918511,FALSE,FALSE
2008-02-10,Ross,0.352951558,0.07667917236262428,0.07667917236262428,0.5735162937918511,FALSE,FALSE
2008-02-11,Ross,0.332051049,0.05991882207515142,0.05991882207515142,0.5735162937918511,FALSE,FALSE
2008-02-12,Ross,0.329594893,0.06134974780223745,0.06134974780223745,0.5735162937918511,FALSE,FALSE
2008-02-13,Ross,0.336311205,0.0716766120219568,0.0716766120219568,0.5735162937918511,FALSE,FALSE
2008-02-14,Ross,0.329475346,0.06815132321238859,0.06815132321238859,0.5735162937918511,FALSE,FALSE
2008-02-15,Ross,0.32001804,0.06168115285160858,0.06168115285160858,0.5735162937918511,FALSE,FALSE
2008-02-16,Ross,0.309463649,0.05376701041769033,0.05376701041769033,0.5735162937918511,FALSE,FALSE
2008-02-17,Ross,0.312627103,0.05920037338871409,0.05920037338871409,0.5735162937918511,FALSE,FALSE
2008-02-18,Ross,0.290517386,0.0389667732427536,0.0389667732427536,0.5735162937918511,FALSE,FALSE
2008-02-19,Ross,0.29912937,0.0490376294578862,0.0490376294578862,0.5735162937918511,FALSE,FALSE
2008-02-20,Ross,0.307928339,0.05885477351218804,0.05885477351218804,0.5735162937918511,FALSE,FALSE
2008-02-21,Ross,0.316586778,0.0680689667185577,0.0680689667185577,0.5735162937918511,FALSE,FALSE
2008-02-22,Ross,0.313462873,0.06503763114910582,0.06503763114910582,0.5735162937918511,FALSE,FALSE
2008-02-23,Ross,0.32290510100000003,0.07412242322242654,0.07412242322242654,0.5735162937918511,FALSE,FALSE
2008-02-24,Ross,0.327367428,0.07779074041058992,0.07779074041058992,0.5735162937918511,FALSE,FALSE
2008-02-25,Ross,0.321052505,0.07025866518566926,0.07025866518566926,0.5735162937918511,FALSE,FALSE
2008-02-26,Ross,0.327143737,0.07472303401973585,0.07472303401973585,0.5735162937918511,FALSE,FALSE
2008-02-27,Ross,0.351839404,0.09739555838486368,0.09739555838486368,0.5735162937918511,FALSE,FALSE
2008-02-28,Ross,0.369686102,0.1128362657531244,0.1128362657531244,0.5735162937918511,FALSE,FALSE
2008-03-01,Ross,0.3784036,0.11564696438733307,0.11564696438733307,0.5735162937918511,FALSE,FALSE
2008-03-02,Ross,0.393394674,0.12716409259742528,0.12716409259742528,0.5735162937918511,FALSE,FALSE
2008-03-03,Ross,0.399320057,0.12928640769894012,0.12928640769894012,0.5735162937918511,FALSE,FALSE
2008-03-04,Ross,0.398760162,0.12460775296163368,0.12460775296163368,0.5735162937918511,FALSE,FALSE
2008-03-05,Ross,0.416076982,0.1374990791894833,0.1374990791894833,0.5735162937918511,FALSE,FALSE
2008-03-06,Ross,0.434562182,0.15124644853677477,0.15124644853677477,0.5735162937918511,FALSE,FALSE
2008-03-07,Ross,0.438120901,0.1497464390091977,0.1497464390091977,0.5735162937918511,FALSE,FALSE
2008-03-08,Ross,0.442232136,0.1484694866124464,0.1484694866124464,0.5735162937918511,FALSE,FALSE
2008-03-09,Ross,0.470611975,0.17112311835221306,0.17112311835221306,0.5735162937918511,FALSE,FALSE
2008-03-10,Ross,0.478026683,0.17246503823419002,0.17246503823419002,0.5735162937918511,FALSE,FALSE
2008-03-11,Ross,0.47817706,0.166187485264069,0.166187485264069,0.5735162937918511,FALSE,FALSE
2008-03-12,Ross,0.50300416,0.18422295244754375,0.18422295244754375,0.5735162937918511,FALSE,FALSE
2008-03-13,Ross,0.525783939,0.19983883479030873,0.19983883479030873,0.5735162937918511,FALSE,FALSE
2008-03-14,Ross,0.554928177,0.22143835129805167,0.22143835129805167,0.5735162937918511,FALSE,FALSE
2008-03-15,Ross,0.55043534,0.2090114069764697,0.2090114069764697,0.5735162937918511,FALSE,FALSE
2008-03-16,Ross,0.547432683,0.19767669583125164,0.19767669583125164,0.5735162937918511,FALSE,FALSE
2008-03-17,Ross,0.531683286,0.17318889734278176,0.17318889734278176,0.5735162937918511,FALSE,FALSE
2008-03-18,Ross,0.521244957,0.15360142682335992,0.15360142682335992,0.5735162937918511,FALSE,FALSE
2008-03-19,Ross,0.521244957,0.14404134481105346,0.14404134481105346,0.5735162937918511,FALSE,FALSE
2008-03-20,Ross,0.542280968,0.15510633022077425,0.15510633022077425,0.5735162937918511,FALSE,FALSE
2008-03-21,Ross,0.588552362,0.19099575196743648,0.19099575196743648,0.5735162937918511,FALSE,FALSE
2008-03-22,Ross,0.616220426,0.20787089396595204,0.20787089396595204,0.5735162937918511,FALSE,FALSE
2008-03-23,Ross,0.630300019,0.2107466121312318,0.2107466121312318,0.5735162937918511,FALSE,FALSE
2008-03-24,Ross,0.635886836,0.20471859837819303,0.20471859837819303,0.5735162937918511,FALSE,FALSE
2008-03-25,Ross,0.6377322,0.19453817262174428,0.19453817262174428,0.5735162937918511,FALSE,FALSE
2008-03-26,Ross,0.6377322,0.1821014207768017,0.1821014207768017,0.5735162937918511,FALSE,FALSE
2008-03-27,Ross,0.64663997,0.1781614737582738,0.1781614737582738,0.5735162937918511,FALSE,FALSE
2008-03-28,Ross,0.665647473,0.18391029148107757,0.18391029148107757,0.5735162937918511,FALSE,FALSE
2008-03-29,Ross,0.68293023,0.18752339186012343,0.18752339186012343,0.5735162937918511,FALSE,FALSE
2008-03-30,Ross,0.693330037,0.1838412838083409,0.1838412838083409,0.5735162937918511,FALSE,FALSE
2008-03-31,Ross,0.710398151,0.18640691884114569,0.18640691884114569,0.5735162937918511,FALSE,FALSE
2008-04-01,Ross,0.737581543,0.1986565765212421,0.1986565765212421,0.5735162937918511,FALSE,FALSE
2008-04-02,Ross,0.759116501,0.2048158514388737,0.2048158514388737,0.5735162937918511,FALSE,FALSE
2008-04-03,Ross,0.79411622,0.22398724518427804,0.22398724518427804,0.5735162937918511,FALSE,FALSE
2008-04-04,Ross,0.817866839,0.2314462033476974,0.2314462033476974,0.5735162937918511,FALSE,FALSE
2008-04-05,Ross,0.840079648,0.2368933225193749,0.2368933225193749,0.5735162937918511,FALSE,FALSE
2008-04-06,Ross,0.84912619,0.2286894522895472,0.2286894522895472,0.5735162937918511,FALSE,FALSE
2008-04-07,Ross,0.847385116,0.2092025502484579,0.2092025502484579,0.5735162937918511,FALSE,FALSE
2008-04-08,Ross,0.853985156,0.19755065298634789,0.19755065298634789,0.5735162937918511,FALSE,FALSE
2008-04-09,Ross,0.863397415,0.18819417209345543,0.18819417209345543,0.5735162937918511,FALSE,FALSE
2008-04-10,Ross,0.875315491,0.1808160121600233,0.1808160121600233,0.5735162937918511,FALSE,FALSE
2008-04-11,Ross,0.886878934,0.17254532962465907,0.17254532962465907,0.5735162937918511,FALSE,FALSE
2008-04-12,Ross,0.917956883,0.18326224018895687,0.18326224018895687,0.5735162937918511,FALSE,FALSE
2008-04-13,Ross,0.983996414,0.2284600252413801,0.2284600252413801,0.5735162937918511,FALSE,FALSE
2008-04-14,Ross,1.03724769,0.2604383436874411,0.2604383436874411,0.5735162937918511,FALSE,FALSE
2008-04-15,Ross,1.094752223,0.29628820343265105,0.29628820343265105,0.5735162937918511,FALSE,FALSE
2008-04-16,Ross,1.131533164,0.311082251382524,0.311082251382524,0.5735162937918511,FALSE,FALSE
2008-04-17,Ross,1.154805806,0.31208527644257145,0.31208527644257145,0.5735162937918511,FALSE,FALSE
2008-04-18,Ross,1.175953576,0.31073020151830677,0.31073020151830677,0.5735162937918511,FALSE,FALSE
2008-04-19,Ross,1.217530553,0.3296206015152402,0.3296206015152402,0.5735162937918511,FALSE,FALSE
2008-04-20,Ross,1.256492733,0.34576196833888784,0.34576196833888784,0.5735162937918511,FALSE,FALSE
2008-04-21,Ross,1.327167139,0.3935308208947613,0.3935308208947613,0.5735162937918511,FALSE,FALSE
2008-04-22,Ross,1.362285522,0.4057084060883712,0.4057084060883712,0.5735162937918511,FALSE,FALSE
2008-04-23,Ross,1.394526802,0.4150231398252323,0.4150231398252323,0.5735162937918511,FALSE,FALSE
2008-04-24,Ross,1.424654652,0.42227809450418174,0.42227809450418174,0.5735162937918511,FALSE,FALSE
2008-04-25,Ross,1.449155848,0.423903554330765,0.423903554330765,0.5735162937918511,FALSE,FALSE
2008-04-26,Ross,1.47145426,0.4232139074763017,0.4232139074763017,0.5735162937918511,FALSE,FALSE
2008-04-27,Ross,1.442096775,0.3706460009206263,0.3706460009206263,0.5735162937918511,FALSE,FALSE
2008-04-28,Ross,1.377837973,0.2828443746435678,0.2828443746435678,0.5735162937918511,FALSE,FALSE
2008-04-29,Ross,1.341695227,0.222716361624955,0.222716361624955,0.5735162937918511,FALSE,FALSE
2008-04-30,Ross,1.390594056,0.24707744084461655,0.24707744084461655,0.5735162937918511,FALSE,FALSE
2008-05-01,Ross,1.424192161,0.2554752732823853,0.2554752732823853,0.5735162937918511,FALSE,FALSE
2008-05-02,Ross,1.480216855,0.2855271319180912,0.2855271319180912,0.5735162937918511,FALSE,FALSE
2008-05-03,Ross,1.542609326,0.3210641647315622,0.3210641647315622,0.5735162937918511,FALSE,FALSE
2008-05-04,Ross,1.568175474,0.31878223170262965,0.31878223170262965,0.5735162937918511,FALSE,FALSE
2008-05-05,Ross,1.567148296,0.28880428981112427,0.28880428981112427,0.5735162937918511,FALSE,FALSE
2008-05-06,Ross,1.604231619,0.29572421490865364,0.29572421490865364,0.5735162937918511,FALSE,FALSE
2008-05-07,Ross,1.64189362,0.30194978025294783,0.30194978025294783,0.5735162937918511,FALSE,FALSE
2008-05-08,Ross,1.689568699,0.31698685116017855,0.31698685116017855,0.5735162937918511,FALSE,FALSE
2008-05-09,Ross,1.766160198,0.3598319321584946,0.3598319321584946,0.5735162937918511,FALSE,FALSE
2008-05-10,Ross,1.80355051,0.36246057877604865,0.36246057877604865,0.5735162937918511,FALSE,FALSE
2008-05-11,Ross,1.82718748,0.3504137985409925,0.3504137985409925,0.5735162937918511,FALSE,FALSE
2008-05-12,Ross,1.883060973,0.369774618981473,0.369774618981473,0.5735162937918511,FALSE,FALSE
2008-05-13,Ross,1.923852326,0.3733175396256443,0.3733175396256443,0.5735162937918511,FALSE,FALSE
2008-05-14,Ross,1.9483034,0.35987758400165615,0.35987758400165615,0.5735162937918511,FALSE,FALSE
2008-05-15,Ross,1.97418714,0.3473208596376578,0.3473208596376578,0.5735162937918511,FALSE,FALSE
2008-05-16,Ross,1.969069871,0.30330685406180313,0.30330685406180313,0.5735162937918511,FALSE,FALSE
2008-05-17,Ross,1.97528339,0.27026052680223867,0.27026052680223867,0.5735162937918511,FALSE,FALSE
2008-05-18,Ross,2.046211542,0.3016588853871167,0.3016588853871167,0.5735162937918511,FALSE,FALSE
2008-05-19,Ross,2.134311214,0.3500489347940374,0.3500489347940374,0.5735162937918511,FALSE,FALSE
2008-05-20,Ross,2.158541488,0.3344243201293624,0.3344243201293624,0.5735162937918511,FALSE,FALSE
2008-05-21,Ross,2.179075716,0.3149444191090949,0.3149444191090949,0.5735162937918511,FALSE,FALSE
2008-05-22,Ross,2.214550357,0.3102300834224936,0.3102300834224936,0.5735162937918511,FALSE,FALSE
2008-05-23,Ross,2.317601877,0.3729021717588181,0.3729021717588181,0.5735162937918511,FALSE,FALSE
2008-05-24,Ross,2.352422434,0.3671372348073294,0.3671372348073294,0.5735162937918511,FALSE,FALSE
2008-05-25,Ross,2.399640032,0.3735476692572872,0.3735476692572872,0.5735162937918511,FALSE,FALSE
2008-05-26,Ross,2.45908385,0.3919470467979491,0.3919470467979491,0.5735162937918511,FALSE,FALSE
2008-05-27,Ross,2.523492955,0.4150588271185746,0.4150588271185746,0.5735162937918511,FALSE,FALSE
2008-05-28,Ross,2.609904495,0.4599045509084223,0.4599045509084223,0.5735162937918511,FALSE,FALSE
2008-05-29,Ross,2.679097836,0.4872479768567537,0.4872479768567537,0.5735162937918511,FALSE,FALSE
2008-05-30,Ross,2.712768361,0.4787688806528263,0.4787688806528263,0.5735162937918511,FALSE,FALSE
2008-05-31,Ross,2.6733970990000002,0.3969326839859004,0.3969326839859004,0.5735162937918511,FALSE,FALSE
2008-06-01,Ross,2.664047841,0.3447922289503076,0.3447922289503076,0.5735162937918511,FALSE,FALSE
2008-06-02,Ross,2.721050127,0.35868677258325343,0.35868677258325343,0.5735162937918511,FALSE,FALSE
2008-06-03,Ross,2.750613818,0.3448416217076269,0.3448416217076269,0.5735162937918511,FALSE,FALSE
2008-06-04,Ross,2.761072753,0.31160606135852786,0.31160606135852786,0.5735162937918511,FALSE,FALSE
2008-06-05,Ross,2.774502234,0.2810708395710546,0.2810708395710546,0.5735162937918511,FALSE,FALSE
2008-06-06,Ross,2.793496119,0.25584526038030253,0.25584526038030253,0.5735162937918511,FALSE,FALSE
2008-06-07,Ross,2.855895787,0.27378614882137553,0.27378614882137553,0.5735162937918511,FALSE,FALSE
2008-06-08,Ross,2.916342548,0.2895502609293694,0.2895502609293694,0.5735162937918511,FALSE,FALSE
2008-06-09,Ross,2.947514358,0.2758309987393801,0.2758309987393801,0.5735162937918511,FALSE,FALSE
2008-06-10,Ross,3.014432835,0.2976654262865095,0.2976654262865095,0.5735162937918511,FALSE,FALSE
2008-06-11,Ross,3.084824188,0.3227951986058555,0.3227951986058555,0.5735162937918511,FALSE,FALSE
2008-06-12,Ross,3.162212492,0.3547598367325171,0.3547598367325171,0.5735162937918511,FALSE,FALSE
2008-06-13,Ross,3.195048878,0.34202654125541,0.34202654125541,0.5735162937918511,FALSE,FALSE
2008-06-14,Ross,3.260696151,0.3620016756018627,0.3620016756018627,0.5735162937918511,FALSE,FALSE
2008-06-15,Ross,3.306842728,0.36245492591649064,0.36245492591649064,0.5735162937918511,FALSE,FALSE
2008-06-16,Ross,3.296907861,0.3068895455496832,0.3068895455496832,0.5735162937918511,FALSE,FALSE
2008-06-17,Ross,3.2807590700000002,0.24525705585181432,0.24525705585181432,0.5735162937918511,FALSE,FALSE
2008-06-18,Ross,3.29896978,0.2182148831732782,0.2182148831732782,0.5735162937918511,FALSE,FALSE
2008-06-19,Ross,3.36372718,0.2380342178644539,0.2380342178644539,0.5735162937918511,FALSE,FALSE
2008-06-20,Ross,3.446631796,0.27639958727572633,0.27639958727572633,0.5735162937918511,FALSE,FALSE
2008-06-21,Ross,3.493499613,0.2792109777574785,0.2792109777574785,0.5735162937918511,FALSE,FALSE
2008-06-22,Ross,3.52058331,0.26280506966009654,0.26280506966009654,0.5735162937918511,FALSE,FALSE
2008-06-23,Ross,3.580406466,0.2797894433339625,0.2797894433339625,0.5735162937918511,FALSE,FALSE
2008-06-24,Ross,3.636093846,0.2933728651294629,0.2933728651294629,0.5735162937918511,FALSE,FALSE
2008-06-25,Ross,3.673263791,0.28925767739698083,0.28925767739698083,0.5735162937918511,FALSE,FALSE
2008-06-26,Ross,3.733486313,0.3090828350251411,0.3090828350251411,0.5735162937918511,FALSE,FALSE
2008-06-27,Ross,3.793252808,0.3292948875564705,0.3292948875564705,0.5735162937918511,FALSE,FALSE
2008-06-28,Ross,3.823799627,0.3210333447084035,0.3210333447084035,0.5735162937918511,FALSE,FALSE
2008-06-29,Ross,3.812261336,0.2713356638664295,0.2713356638664295,0.5735162937918511,FALSE,FALSE
2008-06-30,Ross,3.800467874,0.22193467541604228,0.22193467541604228,0.5735162937918511,FALSE,FALSE
2008-07-01,Ross,3.80754824,0.19186226974273343,0.19186226974273343,0.5735162937918511,FALSE,FALSE
2008-07-02,Ross,3.839492067,0.1870109712319894,0.1870109712319894,0.5735162937918511,FALSE,FALSE
2008-07-03,Ross,3.823677452,0.13466176826930543,0.13466176826930543,0.5735162937918511,FALSE,FALSE
2008-07-04,Ross,3.824126583,0.09873974024017151,0.09873974024017151,0.5735162937918511,FALSE,FALSE
2008-07-05,Ross,3.861791973,0.1001002915300786,0.1001002915300786,0.5735162937918511,FALSE,FALSE
2008-07-06,Ross,3.913266334,0.11523902552452236,0.11523902552452236,0.5735162937918511,FALSE,FALSE
2008-07-07,Ross,3.934367285,0.09987645260898416,0.09987645260898416,0.5735162937918511,FALSE,FALSE
2008-07-08,Ross,3.970411273,0.09923221863839382,0.09923221863839382,0.5735162937918511,FALSE,FALSE
2008-07-09,Ross,3.957328274,0.04919929984802884,0.04919929984802884,0.5735162937918511,FALSE,FALSE
2008-07-10,Ross,3.949506033,0.00425931526599177,0.00425931526599177,0.5735162937918511,FALSE,FALSE
2008-07-11,Ross,3.958949512,-0.02347157972528091,0.02347157972528091,0.5735162937918511,FALSE,FALSE
2008-07-12,Ross,3.987099388,-0.03244151474334966,0.03244151474334966,0.5735162937918511,FALSE,FALSE
2008-07-13,Ross,4.099981885,0.04348692759422601,0.04348692759422601,0.5735162937918511,FALSE,FALSE
2008-07-14,Ross,4.187035306,0.09386324366987696,0.09386324366987696,0.5735162937918511,FALSE,FALSE
2008-07-15,Ross,4.232892041,0.1034310168660486,0.1034310168660486,0.5735162937918511,FALSE,FALSE
2008-07-16,Ross,4.24262349,0.07737284056516724,0.07737284056516724,0.5735162937918511,FALSE,FALSE
2008-07-17,Ross,4.279916335,0.0794865901496804,0.0794865901496804,0.5735162937918511,FALSE,FALSE
2008-07-18,Ross,4.30134771,0.06646059300201923,0.06646059300201923,0.5735162937918511,FALSE,FALSE
2008-07-19,Ross,4.307886426,0.03937485350462211,0.03937485350462211,0.5735162937918511,FALSE,FALSE
2008-07-20,Ross,4.326357229,0.02516531103993102,0.02516531103993102,0.5735162937918511,FALSE,FALSE
2008-07-21,Ross,4.33350522,6.793361782824192e-4,6.793361782824192e-4,0.5735162937918511,FALSE,FALSE
2008-07-22,Ross,4.321752923,-0.04168144662078621,0.04168144662078621,0.5735162937918511,FALSE,FALSE
2008-07-23,Ross,4.313191329,-0.07993672875068292,0.07993672875068292,0.5735162937918511,FALSE,FALSE
2008-07-24,Ross,4.32406049,-0.09795917722926896,0.09795917722926896,0.5735162937918511,FALSE,FALSE
2008-07-25,Ross,4.346195936,-0.10402598107441374,0.10402598107441374,0.5735162937918511,FALSE,FALSE
2008-07-26,Ross,4.346386517,-0.1314610093039894,0.1314610093039894,0.5735162937918511,FALSE,FALSE
2008-07-27,Ross,4.366621825,-0.1383873889358593,0.1383873889358593,0.5735162937918511,FALSE,FALSE
2008-07-28,Ross,4.392719688,-0.1391000109878879,0.1391000109878879,0.5735162937918511,FALSE,FALSE
2008-07-29,Ross,4.468775746,-0.08961595447794579,0.08961595447794579,0.5735162937918511,FALSE,FALSE
2008-07-30,Ross,4.604028791,0.01919085357610051,0.01919085357610051,0.5735162937918511,FALSE,FALSE
2008-07-31,Ross,4.693964674,0.08269354515637861,0.08269354515637861,0.5735162937918511,FALSE,FALSE
2008-08-01,Ross,4.719272157,0.08146816324502737,0.08146816324502737,0.5735162937918511,FALSE,FALSE
2008-08-02,Ross,4.756895076,0.09234582642205068,0.09234582642205068,0.5735162937918511,FALSE,FALSE
2008-08-03,Ross,4.722760903,0.03118442540821409,0.03118442540821409,0.5735162937918511,FALSE,FALSE
2008-08-04,Ross,4.747482246,0.02868259564665898,0.02868259564665898,0.5735162937918511,FALSE,FALSE
2008-08-05,Ross,4.831600902,0.08550323805710747,0.08550323805710747,0.5735162937918511,FALSE,FALSE
2008-08-06,Ross,4.904429338,0.13107992355928122,0.13107992355928122,0.5735162937918511,FALSE,FALSE
2008-08-07,Ross,4.979987541,0.17955374307291283,0.17955374307291283,0.5735162937918511,FALSE,FALSE
2008-08-08,Ross,5.002941762,0.17571205151772684,0.17571205151772684,0.5735162937918511,FALSE,FALSE
2008-08-09,Ross,5.00494614,0.1513300918134428,0.1513300918134428,0.5735162937918511,FALSE,FALSE
2008-08-10,Ross,4.980633684,0.10116197687979422,0.10116197687979422,0.5735162937918511,FALSE,FALSE
2008-08-11,Ross,5.006790723,0.10211513963650544,0.10211513963650544,0.5735162937918511,FALSE,FALSE
2008-08-12,Ross,5.062962293,0.13385572000330548,0.13385572000330548,0.5735162937918511,FALSE,FALSE
2008-08-13,Ross,5.071726399,0.1190828268999118,0.1190828268999118,0.5735162937918511,FALSE,FALSE
2008-08-14,Ross,5.033359088,0.05819361124605926,0.05819361124605926,0.5735162937918511,FALSE,FALSE
2008-08-15,Ross,4.961742428,-0.03481273567373311,0.03481273567373311,0.5735162937918511,FALSE,FALSE
2008-08-16,Ross,4.912602486,-0.10421133740228684,0.10421133740228684,0.5735162937918511,FALSE,FALSE
2008-08-17,Ross,4.864604073,-0.17147399298885269,0.17147399298885269,0.5735162937918511,FALSE,FALSE
2008-08-18,Ross,4.903056775,-0.15143514782168488,0.15143514782168488,0.5735162937918511,FALSE,FALSE
2008-08-19,Ross,4.927338958,-0.144860467289039,0.144860467289039,0.5735162937918511,FALSE,FALSE
2008-08-20,Ross,4.947601639,-0.1417429657791658,0.1417429657791658,0.5735162937918511,FALSE,FALSE
2008-08-21,Ross,4.940077675,-0.16599381768032373,0.16599381768032373,0.5735162937918511,FALSE,FALSE
2008-08-22,Ross,4.964970802,-0.15755331838076447,0.15755331838076447,0.5735162937918511,FALSE,FALSE
2008-08-23,Ross,5.003061142,-0.13578537726873652,0.13578537726873652,0.5735162937918511,FALSE,FALSE
2008-08-24,Ross,5.047505652,-0.10767706873250305,0.10767706873250305,0.5735162937918511,FALSE,FALSE
2008-08-25,Ross,5.100884853,-0.07079190316030903,0.07079190316030903,0.5735162937918511,FALSE,FALSE
2008-08-26,Ross,5.077739379,-0.11073327794041445,0.11073327794041445,0.5735162937918511,FALSE,FALSE
2008-08-27,Ross,5.101060608,-0.10465384646106912,0.10465384646106912,0.5735162937918511,FALSE,FALSE
2008-08-28,Ross,5.100567832,-0.12295106931474732,0.12295106931474732,0.5735162937918511,FALSE,FALSE
2008-08-29,Ross,5.120081163,-0.1217557948659218,0.1217557948659218,0.5735162937918511,FALSE,FALSE
2008-08-30,Ross,5.164900769,-0.09565652205747276,0.09565652205747276,0.5735162937918511,FALSE,FALSE
2008-08-31,Ross,5.150928458,-0.1286399980983388,0.1286399980983388,0.5735162937918511,FALSE,FALSE
2008-09-01,Ross,5.173334947,-0.12542406119746108,0.12542406119746108,0.5735162937918511,FALSE,FALSE
2008-09-02,Ross,5.200486426,-0.11753107656377536,0.11753107656377536,0.5735162937918511,FALSE,FALSE
2008-09-03,Ross,5.243472419,-0.09376007540622044,0.09376007540622044,0.5735162937918511,FALSE,FALSE
2008-09-04,Ross,5.291758965,-0.06453357393373338,0.06453357393373338,0.5735162937918511,FALSE,FALSE
2008-09-05,Ross,5.298944755,-0.07614143635525306,0.07614143635525306,0.5735162937918511,FALSE,FALSE
2008-09-06,Ross,5.309025103,-0.08447690387971729,0.08447690387971729,0.5735162937918511,FALSE,FALSE
2008-09-07,Ross,5.335216691,-0.07621184971605999,0.07621184971605999,0.5735162937918511,FALSE,FALSE
2008-09-08,Ross,5.3513305859999996,-0.07742376207322721,0.07742376207322721,0.5735162937918511,FALSE,FALSE
2008-09-09,Ross,5.386793572,-0.0585748747613195,0.0585748747613195,0.5735162937918511,FALSE,FALSE
2008-09-10,Ross,5.386276877,-0.07492689307871903,0.07492689307871903,0.5735162937918511,FALSE,FALSE
2008-09-11,Ross,5.394341547,-0.08193117414553619,0.08193117414553619,0.5735162937918511,FALSE,FALSE
2008-09-12,Ross,5.436970933,-0.05362513756130127,0.05362513756130127,0.5735162937918511,FALSE,FALSE
2008-09-13,Ross,5.489584806,-0.01460978292553516,0.01460978292553516,0.5735162937918511,FALSE,FALSE
2008-09-14,Ross,5.5609207,0.04383165316222914,0.04383165316222914,0.5735162937918511,FALSE,FALSE
2008-09-15,Ross,5.621337638,0.09203742310246989,0.09203742310246989,0.5735162937918511,FALSE,FALSE
2008-09-16,Ross,5.686564677,0.1457158132956593,0.1457158132956593,0.5735162937918511,FALSE,FALSE
2008-09-17,Ross,5.740189704,0.18843394014226875,0.18843394014226875,0.5735162937918511,FALSE,FALSE
2008-09-18,Ross,5.741727691,0.17968600504277532,0.17968600504277532,0.5735162937918511,FALSE,FALSE
2008-09-19,Ross,5.695953028,0.12422562739764764,0.12422562739764764,0.5735162937918511,FALSE,FALSE
2008-09-20,Ross,5.638077624,0.05724394560736368,0.05724394560736368,0.5735162937918511,FALSE,FALSE
2008-09-21,Ross,5.662005943,0.07262465307239196,0.07262465307239196,0.5735162937918511,FALSE,FALSE
2008-09-22,Ross,5.635468677,0.03807948093201929,0.03807948093201929,0.5735162937918511,FALSE,FALSE
2008-09-23,Ross,5.594988886,-0.00986809638460783,0.00986809638460783,0.5735162937918511,FALSE,FALSE
2008-09-24,Ross,5.587877824,-0.02389465709964966,0.02389465709964966,0.5735162937918511,FALSE,FALSE
2008-09-25,Ross,5.594467058,-0.02365630152282527,0.02365630152282527,0.5735162937918511,FALSE,FALSE
2008-09-26,Ross,5.588011611,-0.03588567396385667,0.03588567396385667,0.5735162937918511,FALSE,FALSE
2008-09-27,Ross,5.583030318,-0.046051606732461,0.046051606732461,0.5735162937918511,FALSE,FALSE
2008-09-28,Ross,5.569492134,-0.0641728121383549,0.0641728121383549,0.5735162937918511,FALSE,FALSE
2008-09-29,Ross,5.591034788,-0.04659922849125841,0.04659922849125841,0.5735162937918511,FALSE,FALSE
2008-09-30,Ross,5.61436274,-0.0266140631008902,0.0266140631008902,0.5735162937918511,FALSE,FALSE
2008-10-01,Ross,5.670414998,0.02673402472303099,0.02673402472303099,0.5735162937918511,FALSE,FALSE
2008-10-02,Ross,5.705533145,0.05979895067078811,0.05979895067078811,0.5735162937918511,FALSE,FALSE
2008-10-03,Ross,5.741033903,0.09390976943265984,0.09390976943265984,0.5735162937918511,FALSE,FALSE
2008-10-04,Ross,5.824278408,0.1764399568178252,0.1764399568178252,0.5735162937918511,FALSE,FALSE
2008-10-05,Ross,5.845464059,0.1976078628618332,0.1976078628618332,0.5735162937918511,FALSE,FALSE
2008-10-06,Ross,5.800845613,0.153714525947116,0.153714525947116,0.5735162937918511,FALSE,FALSE
2008-10-07,Ross,5.784587954,0.13897574559310755,0.13897574559310755,0.5735162937918511,FALSE,FALSE
2008-10-08,Ross,5.773760726,0.13051208131925218,0.13051208131925218,0.5735162937918511,FALSE,FALSE
2008-10-09,Ross,5.727405684,0.08741620364498726,0.08741620364498726,0.5735162937918511,FALSE,FALSE
2008-10-10,Ross,5.724618325,0.08883452508975154,0.08883452508975154,0.5735162937918511,FALSE,FALSE
2008-10-11,Ross,5.768561917,0.13798122917298805,0.13798122917298805,0.5735162937918511,FALSE,FALSE
2008-10-12,Ross,5.788170405,0.1638411764141301,0.1638411764141301,0.5735162937918511,FALSE,FALSE
2008-10-13,Ross,5.801716137,0.1847376303326227,0.1847376303326227,0.5735162937918511,FALSE,FALSE
2008-10-14,Ross,5.795668311,0.18719070444790376,0.18719070444790376,0.5735162937918511,FALSE,FALSE
2008-10-15,Ross,5.769614933,0.1708393202794083,0.1708393202794083,0.5735162937918511,FALSE,FALSE
2008-10-16,Ross,5.743904654,0.15608304434658038,0.15608304434658038,0.5735162937918511,FALSE,FALSE
2008-10-17,Ross,5.755842194,0.18027367694129737,0.18027367694129737,0.5735162937918511,FALSE,FALSE
2008-10-18,Ross,5.761209595,0.199158881258354,0.199158881258354,0.5735162937918511,FALSE,FALSE
2008-10-19,Ross,5.76640998,0.21902952535030096,0.21902952535030096,0.5735162937918511,FALSE,FALSE
2008-10-20,Ross,5.806422338,0.27474922508762845,0.27474922508762845,0.5735162937918511,FALSE,FALSE
2008-10-21,Ross,5.803317718,0.28827365634082547,0.28827365634082547,0.5735162937918511,FALSE,FALSE
2008-10-22,Ross,5.839345352,0.3417366779803812,0.3417366779803812,0.5735162937918511,FALSE,FALSE
2008-10-23,Ross,5.848999671,0.36951734787678703,0.36951734787678703,0.5735162937918511,FALSE,FALSE
2008-10-24,Ross,5.856055041,0.3952746589005338,0.3952746589005338,0.5735162937918511,FALSE,FALSE
2008-10-25,Ross,5.860414526,0.41879630192210815,0.41879630192210815,0.5735162937918511,FALSE,FALSE
2008-10-26,Ross,5.875550313,0.45343909081200273,0.45343909081200273,0.5735162937918511,FALSE,FALSE
2008-10-27,Ross,5.934236214,0.5318614644407083,0.5318614644407083,0.5735162937918511,FALSE,FALSE
2008-10-28,Ross,5.959527281,0.5770031016787129,0.5770031016787129,0.5735162937918511,TRUE,TRUE
2008-10-29,Ross,5.992469562,0.6297946773965091,0.6297946773965091,0.5735162937918511,TRUE,TRUE
2008-10-30,Ross,5.94385764,0.6009554781502473,0.6009554781502473,0.5735162937918511,TRUE,TRUE
2008-10-31,Ross,5.939845456,0.6167614146452403,0.6167614146452403,0.5735162937918511,TRUE,TRUE
2008-11-01,Ross,5.945980235,0.6429422740822845,0.6429422740822845,0.5735162937918511,TRUE,TRUE
2008-11-02,Ross,5.938085825,0.6555044829510264,0.6555044829510264,0.5735162937918511,TRUE,TRUE
2008-11-03,Ross,5.876378676,0.6148470697411135,0.6148470697411135,0.5735162937918511,TRUE,TRUE
2008-11-04,Ross,5.827406391,0.5877002159421973,0.5877002159421973,0.5735162937918511,TRUE,TRUE
2008-11-05,Ross,5.808635992,0.5917135220439267,0.5917135220439267,0.5735162937918511,TRUE,TRUE
2008-11-06,Ross,5.757928954,0.5649310415359485,0.5649310415359485,0.5735162937918511,FALSE,FALSE
2008-11-07,Ross,5.632231855,0.4644819309079109,0.4644819309079109,0.5735162937918511,FALSE,FALSE
2008-11-08,Ross,5.561577295,0.42058136864946505,0.42058136864946505,0.5735162937918511,FALSE,FALSE
2008-11-09,Ross,5.531683849,0.419130508250257,0.419130508250257,0.5735162937918511,FALSE,FALSE
2008-11-10,Ross,5.514770335,0.43253074619993725,0.43253074619993725,0.5735162937918511,FALSE,FALSE
2008-11-11,Ross,5.478937482,0.4290639090697886,0.4290639090697886,0.5735162937918511,FALSE,FALSE
2008-11-12,Ross,5.433051076,0.41769495750800534,0.41769495750800534,0.5735162937918511,FALSE,FALSE
2008-11-13,Ross,5.424603913,0.4458927149151464,0.4458927149151464,0.5735162937918511,FALSE,FALSE
2008-11-14,Ross,5.390164834,0.45019189207269505,0.45019189207269505,0.5735162937918511,FALSE,FALSE
2008-11-15,Ross,5.314892173,0.4157166927621372,0.4157166927621372,0.5735162937918511,FALSE,FALSE
2008-11-16,Ross,5.271552549,0.41519960576495674,0.41519960576495674,0.5735162937918511,FALSE,FALSE
2008-11-17,Ross,5.228419765,0.4168803038626372,0.4168803038626372,0.5735162937918511,FALSE,FALSE
2008-11-18,Ross,5.193442339,0.4286731748366659,0.4286731748366659,0.5735162937918511,FALSE,FALSE
2008-11-19,Ross,5.183829447,0.4677532644685245,0.4677532644685245,0.5735162937918511,FALSE,FALSE
2008-11-20,Ross,5.166483221,0.5009885745397034,0.5009885745397034,0.5735162937918511,FALSE,FALSE
2008-11-21,Ross,5.113676076,0.5006173898316799,0.5006173898316799,0.5735162937918511,FALSE,FALSE
2008-11-22,Ross,5.084909844,0.5261074121259428,0.5261074121259428,0.5735162937918511,FALSE,FALSE
2008-11-23,Ross,4.986371308,0.4836112942039757,0.4836112942039757,0.5735162937918511,FALSE,FALSE
2008-11-24,Ross,4.921556964,0.4766164627456897,0.4766164627456897,0.5735162937918511,FALSE,FALSE
2008-11-25,Ross,4.890979061,0.5058380583111024,0.5058380583111024,0.5735162937918511,FALSE,FALSE
2008-11-26,Ross,4.868560344,0.5455082968858758,0.5455082968858758,0.5735162937918511,FALSE,FALSE
2008-11-27,Ross,4.80290286,0.5445395037329259,0.5445395037329259,0.5735162937918511,FALSE,FALSE
2008-11-28,Ross,4.722470523,0.5317058711151716,0.5317058711151716,0.5735162937918511,FALSE,FALSE
2008-11-29,Ross,4.632893901,0.5129482452955285,0.5129482452955285,0.5735162937918511,FALSE,FALSE
2008-11-30,Ross,4.574433856,0.5288377665369088,0.5288377665369088,0.5735162937918511,FALSE,FALSE
2008-12-01,Ross,4.501880658,0.5344749831022333,0.5344749831022333,0.5735162937918511,FALSE,FALSE
2008-12-02,Ross,4.414670972,0.5296068382544141,0.5296068382544141,0.5735162937918511,FALSE,FALSE
2008-12-03,Ross,4.36892376,0.5706625722563698,0.5706625722563698,0.5735162937918511,FALSE,FALSE
2008-12-04,Ross,4.325701071,0.6190145123710153,0.6190145123710153,0.5735162937918511,TRUE,TRUE
2008-12-05,Ross,4.229923659,0.6198936908612649,0.6198936908612649,0.5735162937918511,TRUE,TRUE
2008-12-06,Ross,4.175917772,0.6679357316667676,0.6679357316667676,0.5735162937918511,TRUE,TRUE
2008-12-07,Ross,4.111143207,0.7106296977098969,0.7106296977098969,0.5735162937918511,TRUE,TRUE
2008-12-08,Ross,4.023253823,0.7349831914017901,0.7349831914017901,0.5735162937918511,TRUE,TRUE
2008-12-09,Ross,3.936008773,0.7640093194185393,0.7640093194185393,0.5735162937918511,TRUE,TRUE
2008-12-10,Ross,3.879071023,0.8266250014362262,0.8266250014362262,0.5735162937918511,TRUE,TRUE
2008-12-11,Ross,3.839329981,0.908973599130948,0.908973599130948,0.5735162937918511,TRUE,TRUE
2008-12-12,Ross,3.826813684,1.0203371031787896,1.0203371031787896,0.5735162937918511,TRUE,TRUE
2008-12-13,Ross,3.784705928,1.103153263255841,1.103153263255841,0.5735162937918511,TRUE,TRUE
2008-12-14,Ross,3.713760352,1.1574296720381945,1.1574296720381945,0.5735162937918511,TRUE,TRUE
2008-12-15,Ross,3.566322291,1.1347656182019343,1.1347656182019343,0.5735162937918511,TRUE,TRUE
2008-12-16,Ross,3.419080797,1.111104107423155,1.111104107423155,0.5735162937918511,TRUE,TRUE
2008-12-17,Ross,3.245026467,1.0586896903779437,1.0586896903779437,0.5735162937918511,TRUE,TRUE
2008-12-18,Ross,3.151502087,1.0841191067423883,1.0841191067423883,0.5735162937918511,TRUE,TRUE
2008-12-19,Ross,3.087107363,1.1352651903566435,1.1352651903566435,0.5735162937918511,TRUE,TRUE
2008-12-20,Ross,2.942286094,1.1021480485536743,1.1021480485536743,0.5735162937918511,TRUE,TRUE
2008-12-21,Ross,2.866936236,1.134483950701954,1.134483950701954,0.5735162937918511,TRUE,TRUE
2008-12-22,Ross,2.737146564,1.108186729105536,1.108186729105536,0.5735162937918511,TRUE,TRUE
2008-12-23,Ross,2.6246456,1.094809963068475,1.094809963068475,0.5735162937918511,TRUE,TRUE
2008-12-24,Ross,2.449001159,1.0137465248948254,1.0137465248948254,0.5735162937918511,TRUE,TRUE
2008-12-25,Ross,2.297883221,0.95249145188864,0.95249145188864,0.5735162937918511,TRUE,TRUE
2008-12-26,Ross,2.151087414,0.8906654293539726,0.8906654293539726,0.5735162937918511,TRUE,TRUE
2008-12-27,Ross,1.924387809,0.7438675855948824,0.7438675855948824,0.5735162937918511,TRUE,TRUE
2008-12-28,Ross,1.805959196,0.7000977679154161,0.7000977679154161,0.5735162937918511,TRUE,TRUE
2008-12-29,Ross,1.664368812,0.6277482706196316,0.6277482706196316,0.5735162937918511,TRUE,TRUE
2008-12-30,Ross,1.459477194,0.4865046880115834,0.4865046880115834,0.5735162937918511,FALSE,FALSE
2008-12-31,Ross,1.408090568,0.49299830339532447,0.49299830339532447,0.5735162937918511,FALSE,FALSE
2009-01-01,Ross,1.3696499,0.4545576353953249,0.4545576353953249,0.5735162937918511,FALSE,FALSE
2009-01-02,Ross,1.318323596,0.4552734798148278,0.4552734798148278,0.5735162937918511,FALSE,FALSE
2009-01-03,Ross,1.222175792,0.40567800727372905,0.40567800727372905,0.5735162937918511,FALSE,FALSE
2009-01-04,Ross,1.168081607,0.39309925651558064,0.39309925651558064,0.5735162937918511,FALSE,FALSE
2009-01-05,Ross,1.151589317,0.4135384232839452,0.4135384232839452,0.5735162937918511,FALSE,FALSE
2009-01-06,Ross,1.099372525,0.3941220303223709,0.3941220303223709,0.5735162937918511,FALSE,FALSE
2009-01-07,Ross,1.026441639,0.35031340537441436,0.35031340537441436,0.5735162937918511,FALSE,FALSE
2009-01-08,Ross,0.991022361,0.34079117018363225,0.34079117018363225,0.5735162937918511,FALSE,FALSE
2009-01-09,Ross,0.9500163,0.32290985349357904,0.32290985349357904,0.5735162937918511,FALSE,FALSE
2009-01-10,Ross,0.893559671,0.28725859004780785,0.28725859004780785,0.5735162937918511,FALSE,FALSE
2009-01-11,Ross,0.868940645,0.28157847058987484,0.28157847058987484,0.5735162937918511,FALSE,FALSE
2009-01-12,Ross,0.835445124,0.26560831686333575,0.26560831686333575,0.5735162937918511,FALSE,FALSE
2009-01-13,Ross,0.814204615,0.26093255561174444,0.26093255561174444,0.5735162937918511,FALSE,FALSE
2009-01-14,Ross,0.767686471,0.23046569272502204,0.23046569272502204,0.5735162937918511,FALSE,FALSE
2009-01-15,Ross,0.723677358,0.20223460448486008,0.20223460448486008,0.5735162937918511,FALSE,FALSE
2009-01-16,Ross,0.680428445,0.17447141539416633,0.17447141539416633,0.5735162937918511,FALSE,FALSE
2009-01-17,Ross,0.631779868,0.14098082080312535,0.14098082080312535,0.5735162937918511,FALSE,FALSE
2009-01-18,Ross,0.598036028,0.1220317810619222,0.1220317810619222,0.5735162937918511,FALSE,FALSE
2009-01-19,Ross,0.555750074,0.09414200452074056,0.09414200452074056,0.5735162937918511,FALSE,FALSE
2009-01-20,Ross,0.549320018,0.10167406252976584,0.10167406252976584,0.5735162937918511,FALSE,FALSE
2009-01-21,Ross,0.513826441,0.07967309543918227,0.07967309543918227,0.5735162937918511,FALSE,FALSE
2009-01-22,Ross,0.479417467,0.05825178659917468,0.05825178659917468,0.5735162937918511,FALSE,FALSE
2009-01-23,Ross,0.444975007,0.03625660635992617,0.03625660635992617,0.5735162937918511,FALSE,FALSE
2009-01-24,Ross,0.399108929,0.00226198207162203,0.00226198207162203,0.5735162937918511,FALSE,FALSE
2009-01-25,Ross,0.391092176,0.00550541608444732,0.00550541608444732,0.5735162937918511,FALSE,FALSE
2009-01-26,Ross,0.370794678,-0.00417860225141347,0.00417860225141347,0.5735162937918511,FALSE,FALSE
2009-01-27,Ross,0.364773637,-2.6112661440796936e-4,2.6112661440796936e-4,0.5735162937918511,FALSE,FALSE
2009-01-28,Ross,0.355028687,-7.221403145165617e-4,7.221403145165617e-4,0.5735162937918511,FALSE,FALSE
2009-01-29,Ross,0.355628785,0.00854786456954631,0.00854786456954631,0.5735162937918511,FALSE,FALSE
2009-01-30,Ross,0.358708079,0.01972365192733655,0.01972365192733655,0.5735162937918511,FALSE,FALSE
2009-01-31,Ross,0.367429422,0.03600869064841322,0.03600869064841322,0.5735162937918511,FALSE,FALSE
2009-02-01,Ross,0.353725208,0.02937599062233409,0.02937599062233409,0.5735162937918511,FALSE,FALSE
2009-02-02,Ross,0.345697071,0.02796780173865587,0.02796780173865587,0.5735162937918511,FALSE,FALSE
2009-02-03,Ross,0.328390557,0.016870285886938,0.016870285886938,0.5735162937918511,FALSE,FALSE
2009-02-04,Ross,0.309669198,0.00398759095673822,0.00398759095673822,0.5735162937918511,FALSE,FALSE
2009-02-05,Ross,0.30955853,0.0093858688376141,0.0093858688376141,0.5735162937918511,FALSE,FALSE
2009-02-06,Ross,0.308952716,0.01399989841912352,0.01399989841912352,0.5735162937918511,FALSE,FALSE
2009-02-07,Ross,0.312151769,0.02217030859082552,0.02217030859082552,0.5735162937918511,FALSE,FALSE
2009-02-08,Ross,0.322776856,0.03755873206893845,0.03755873206893845,0.5735162937918511,FALSE,FALSE
2009-02-09,Ross,0.31220018,0.0315580111865788,0.0315580111865788,0.5735162937918511,FALSE,FALSE
2009-02-10,Ross,0.303580445,0.02730805936262426,0.02730805936262426,0.5735162937918511,FALSE,FALSE
2009-02-11,Ross,0.301045816,0.02891358907515145,0.02891358907515145,0.5735162937918511,FALSE,FALSE
2009-02-12,Ross,0.296656271,0.02841112580223748,0.02841112580223748,0.5735162937918511,FALSE,FALSE
2009-02-13,Ross,0.297976273,0.03334168002195681,0.03334168002195681,0.5735162937918511,FALSE,FALSE
2009-02-14,Ross,0.298573576,0.0372495532123886,0.0372495532123886,0.5735162937918511,FALSE,FALSE
2009-02-15,Ross,0.270568095,0.01223120785160858,0.01223120785160858,0.5735162937918511,FALSE,FALSE
2009-02-16,Ross,0.278093379,0.02239674041769029,0.02239674041769029,0.5735162937918511,FALSE,FALSE
2009-02-17,Ross,0.286914218,0.03348748838871407,0.03348748838871407,0.5735162937918511,FALSE,FALSE
2009-02-18,Ross,0.29769214,0.04614152724275361,0.04614152724275361,0.5735162937918511,FALSE,FALSE
2009-02-19,Ross,0.292878359,0.04278661845788617,0.04278661845788617,0.5735162937918511,FALSE,FALSE
2009-02-20,Ross,0.277767461,0.02869389551218804,0.02869389551218804,0.5735162937918511,FALSE,FALSE
2009-02-21,Ross,0.292876948,0.04435913671855771,0.04435913671855771,0.5735162937918511,FALSE,FALSE
2009-02-22,Ross,0.282990254,0.03456501214910584,0.03456501214910584,0.5735162937918511,FALSE,FALSE
2009-02-23,Ross,0.269211059,0.02042838122242649,0.02042838122242649,0.5735162937918511,FALSE,FALSE
2009-02-24,Ross,0.285419306,0.03584261841058989,0.03584261841058989,0.5735162937918511,FALSE,FALSE
2009-02-25,Ross,0.297811258,0.04701741818566929,0.04701741818566929,0.5735162937918511,FALSE,FALSE
2009-02-26,Ross,0.301954478,0.04953377501973588,0.04953377501973588,0.5735162937918511,FALSE,FALSE
2009-02-27,Ross,0.307634182,0.05319033638486364,0.05319033638486364,0.5735162937918511,FALSE,FALSE
2009-02-28,Ross,0.304020251,0.04717041475312439,0.04717041475312439,0.5735162937918511,FALSE,FALSE
2009-03-01,Ross,0.298515185,0.03888994159658976,0.03888994159658976,0.5735162937918511,FALSE,FALSE
2009-03-02,Ross,0.302314305,0.03955766938733307,0.03955766938733307,0.5735162937918511,FALSE,FALSE
2009-03-03,Ross,0.296114935,0.0298843535974253,0.0298843535974253,0.5735162937918511,FALSE,FALSE
2009-03-04,Ross,0.313561784,0.04352813469894012,0.04352813469894012,0.5735162937918511,FALSE,FALSE
2009-03-05,Ross,0.328495706,0.0543432969616337,0.0543432969616337,0.5735162937918511,FALSE,FALSE
2009-03-06,Ross,0.340281353,0.06170345018948331,0.06170345018948331,0.5735162937918511,FALSE,FALSE
2009-03-07,Ross,0.353895357,0.07057962353677477,0.07057962353677477,0.5735162937918511,FALSE,FALSE
2009-03-08,Ross,0.3577024,0.06932793800919768,0.06932793800919768,0.5735162937918511,FALSE,FALSE
2009-03-09,Ross,0.364489952,0.07072730261244642,0.07072730261244642,0.5735162937918511,FALSE,FALSE
2009-03-10,Ross,0.384259435,0.08477057835221302,0.08477057835221302,0.5735162937918511,FALSE,FALSE
2009-03-11,Ross,0.394663734,0.08910208923419,0.08910208923419,0.5735162937918511,FALSE,FALSE
2009-03-12,Ross,0.410115543,0.09812596826406904,0.09812596826406904,0.5735162937918511,FALSE,FALSE
2009-03-13,Ross,0.415105688,0.09632448044754371,0.09632448044754371,0.5735162937918511,FALSE,FALSE
2009-03-14,Ross,0.41569486,0.08974975579030875,0.08974975579030875,0.5735162937918511,FALSE,FALSE
2009-03-15,Ross,0.42560255,0.09211272429805172,0.09211272429805172,0.5735162937918511,FALSE,FALSE
2009-03-16,Ross,0.434170106,0.09274617297646964,0.09274617297646964,0.5735162937918511,FALSE,FALSE
2009-03-17,Ross,0.432269052,0.08251306483125159,0.08251306483125159,0.5735162937918511,FALSE,FALSE
2009-03-18,Ross,0.446580645,0.08808625634278172,0.08808625634278172,0.5735162937918511,FALSE,FALSE
2009-03-19,Ross,0.466216046,0.09857251582335996,0.09857251582335996,0.5735162937918511,FALSE,FALSE
2009-03-20,Ross,0.492782581,0.1155789688110535,0.1155789688110535,0.5735162937918511,FALSE,FALSE
2009-03-21,Ross,0.502080248,0.11490561022077415,0.11490561022077415,0.5735162937918511,FALSE,FALSE
2009-03-22,Ross,0.511919302,0.11436269196743644,0.11436269196743644,0.5735162937918511,FALSE,FALSE
2009-03-23,Ross,0.52289659,0.114547057965952,0.114547057965952,0.5735162937918511,FALSE,FALSE
2009-03-24,Ross,0.528871423,0.10931801613123182,0.10931801613123182,0.5735162937918511,FALSE,FALSE
2009-03-25,Ross,0.539878982,0.10871074437819306,0.10871074437819306,0.5735162937918511,FALSE,FALSE
2009-03-26,Ross,0.554687363,0.1114933356217443,0.1114933356217443,0.5735162937918511,FALSE,FALSE
2009-03-27,Ross,0.549160071,0.09352929177680168,0.09352929177680168,0.5735162937918511,FALSE,FALSE
2009-03-28,Ross,0.578489443,0.11001094675827389,0.11001094675827389,0.5735162937918511,FALSE,FALSE
2009-03-29,Ross,0.597565391,0.11582820948107748,0.11582820948107748,0.5735162937918511,FALSE,FALSE
2009-03-30,Ross,0.619301275,0.12389443686012348,0.12389443686012348,0.5735162937918511,FALSE,FALSE
2009-03-31,Ross,0.623118611,0.1136298578083409,0.1136298578083409,0.5735162937918511,FALSE,FALSE
2009-04-01,Ross,0.656849576,0.1328583438411457,0.1328583438411457,0.5735162937918511,FALSE,FALSE
2009-04-02,Ross,0.677025881,0.13810091452124218,0.13810091452124218,0.5735162937918511,FALSE,FALSE
2009-04-03,Ross,0.67076488,0.11646423043887366,0.11646423043887366,0.5735162937918511,FALSE,FALSE
2009-04-04,Ross,0.670509738,0.10038076318427802,0.10038076318427802,0.5735162937918511,FALSE,FALSE
2009-04-05,Ross,0.701634997,0.11521436134769736,0.11521436134769736,0.5735162937918511,FALSE,FALSE
2009-04-06,Ross,0.76741064,0.16422431451937491,0.16422431451937491,0.5735162937918511,FALSE,FALSE
2009-04-07,Ross,0.817798949,0.19736221128954723,0.19736221128954723,0.5735162937918511,FALSE,FALSE
2009-04-08,Ross,0.853430097,0.21524753124845797,0.21524753124845797,0.5735162937918511,FALSE,FALSE
2009-04-09,Ross,0.891345378,0.23491087498634788,0.23491087498634788,0.5735162937918511,FALSE,FALSE
2009-04-10,Ross,0.936613229,0.26140998609345545,0.26140998609345545,0.5735162937918511,FALSE,FALSE
2009-04-11,Ross,1.006068936,0.31156945716002327,0.31156945716002327,0.5735162937918511,FALSE,FALSE
2009-04-12,Ross,1.057202073,0.34286846862465914,0.34286846862465914,0.5735162937918511,FALSE,FALSE
2009-04-13,Ross,1.097413037,0.3627183941889568,0.3627183941889568,0.5735162937918511,FALSE,FALSE
2009-04-14,Ross,1.144558853,0.38902246424138,0.38902246424138,0.5735162937918511,FALSE,FALSE
2009-04-15,Ross,1.162151435,0.385342088687441,0.385342088687441,0.5735162937918511,FALSE,FALSE
2009-04-16,Ross,1.202971805,0.4045077854326511,0.4045077854326511,0.5735162937918511,FALSE,FALSE
2009-04-17,Ross,1.254185601,0.43373468838252416,0.43373468838252416,0.5735162937918511,FALSE,FALSE
2009-04-18,Ross,1.298003958,0.4552834284425715,0.4552834284425715,0.5735162937918511,FALSE,FALSE
2009-04-19,Ross,1.304185928,0.438962553518307,0.438962553518307,0.5735162937918511,FALSE,FALSE
2009-04-20,Ross,1.284639254,0.3967293025152402,0.3967293025152402,0.5735162937918511,FALSE,FALSE
2009-04-21,Ross,1.299560902,0.38883013733888794,0.38883013733888794,0.5735162937918511,FALSE,FALSE
2009-04-22,Ross,1.318259301,0.3846229828947615,0.3846229828947615,0.5735162937918511,FALSE,FALSE
2009-04-23,Ross,1.350854658,0.3942775420883712,0.3942775420883712,0.5735162937918511,FALSE,FALSE
2009-04-24,Ross,1.381693875,0.4021902128252325,0.4021902128252325,0.5735162937918511,FALSE,FALSE
2009-04-25,Ross,1.415428613,0.41305205550418167,0.41305205550418167,0.5735162937918511,FALSE,FALSE
2009-04-26,Ross,1.471124088,0.445871794330765,0.445871794330765,0.5735162937918511,FALSE,FALSE
2009-04-27,Ross,1.494318182,0.4460778294763017,0.4460778294763017,0.5735162937918511,FALSE,FALSE
2009-04-28,Ross,1.505182627,0.4337318529206262,0.4337318529206262,0.5735162937918511,FALSE,FALSE
2009-04-29,Ross,1.517741762,0.4227481636435677,0.4227481636435677,0.5735162937918511,FALSE,FALSE
2009-04-30,Ross,1.542175135,0.42319626962495493,0.42319626962495493,0.5735162937918511,FALSE,FALSE
2009-05-01,Ross,1.555286149,0.41176953384461656,0.41176953384461656,0.5735162937918511,FALSE,FALSE
2009-05-02,Ross,1.570186724,0.4014698362823854,0.4014698362823854,0.5735162937918511,FALSE,FALSE
2009-05-03,Ross,1.593699395,0.3990096719180911,0.3990096719180911,0.5735162937918511,FALSE,FALSE
2009-05-04,Ross,1.664971135,0.44342597373156223,0.44342597373156223,0.5735162937918511,FALSE,FALSE
2009-05-05,Ross,1.727117002,0.4777237597026296,0.4777237597026296,0.5735162937918511,FALSE,FALSE
2009-05-06,Ross,1.749966123,0.4716221168111243,0.4716221168111243,0.5735162937918511,FALSE,FALSE
2009-05-07,Ross,1.773787405,0.4652800009086535,0.4652800009086535,0.5735162937918511,FALSE,FALSE
2009-05-08,Ross,1.767280048,0.4273362082529477,0.4273362082529477,0.5735162937918511,FALSE,FALSE
2009-05-09,Ross,1.807378426,0.4347965781601786,0.4347965781601786,0.5735162937918511,FALSE,FALSE
2009-05-10,Ross,1.892549102,0.4862208361584947,0.4862208361584947,0.5735162937918511,FALSE,FALSE
2009-05-11,Ross,1.925755192,0.48466526077604866,0.48466526077604866,0.5735162937918511,FALSE,FALSE
2009-05-12,Ross,1.960120161,0.4833464795409925,0.4833464795409925,0.5735162937918511,FALSE,FALSE
2009-05-13,Ross,1.99948254,0.48619618598147296,0.48619618598147296,0.5735162937918511,FALSE,FALSE
2009-05-14,Ross,2.100190221,0.5496554346256444,0.5496554346256444,0.5735162937918511,FALSE,FALSE
2009-05-15,Ross,2.206731768,0.6183059520016563,0.6183059520016563,0.5735162937918511,TRUE,TRUE
2009-05-16,Ross,2.348081202,0.7212149216376578,0.7212149216376578,0.5735162937918511,TRUE,TRUE
2009-05-17,Ross,2.405740982,0.7399779650618032,0.7399779650618032,0.5735162937918511,TRUE,TRUE
2009-05-18,Ross,2.40587515,0.7008522868022387,0.7008522868022387,0.5735162937918511,TRUE,TRUE
2009-05-19,Ross,2.385265765,0.6407131083871169,0.6407131083871169,0.5735162937918511,TRUE,TRUE
2009-05-20,Ross,2.388077966,0.6038156867940376,0.6038156867940376,0.5735162937918511,TRUE,TRUE
2009-05-21,Ross,2.405244626,0.5811274581293624,0.5811274581293624,0.5735162937918511,TRUE,TRUE
2009-05-22,Ross,2.429831333,0.5657000361090951,0.5657000361090951,0.5735162937918511,FALSE,FALSE
2009-05-23,Ross,2.432964329,0.5286440554224936,0.5286440554224936,0.5735162937918511,FALSE,FALSE
2009-05-24,Ross,2.44270603,0.49800632475881823,0.49800632475881823,0.5735162937918511,FALSE,FALSE
2009-05-25,Ross,2.458551698,0.4732664988073292,0.4732664988073292,0.5735162937918511,FALSE,FALSE
2009-05-26,Ross,2.495245245,0.469152882257287,0.469152882257287,0.5735162937918511,FALSE,FALSE
2009-05-27,Ross,2.504745138,0.43760833479794936,0.43760833479794936,0.5735162937918511,FALSE,FALSE
2009-05-28,Ross,2.569299051,0.4608649231185744,0.4608649231185744,0.5735162937918511,FALSE,FALSE
2009-05-29,Ross,2.621513077,0.47151313290842234,0.47151313290842234,0.5735162937918511,FALSE,FALSE
2009-05-30,Ross,2.664567712,0.47271785285675394,0.47271785285675394,0.5735162937918511,FALSE,FALSE
2009-05-31,Ross,2.658806056,0.4248065756528261,0.4248065756528261,0.5735162937918511,FALSE,FALSE
2009-06-01,Ross,2.648941931,0.3724775159859002,0.3724775159859002,0.5735162937918511,FALSE,FALSE
2009-06-02,Ross,2.71670678,0.39745116795030766,0.39745116795030766,0.5735162937918511,FALSE,FALSE
2009-06-03,Ross,2.73884897,0.37648561558325344,0.37648561558325344,0.5735162937918511,FALSE,FALSE
2009-06-04,Ross,2.752509929,0.34673773270762664,0.34673773270762664,0.5735162937918511,FALSE,FALSE
2009-06-05,Ross,2.808232345,0.3587656533585277,0.3587656533585277,0.5735162937918511,FALSE,FALSE
2009-06-06,Ross,2.837565541,0.3441341465710548,0.3441341465710548,0.5735162937918511,FALSE,FALSE
2009-06-07,Ross,2.886050637,0.34839977838030256,0.34839977838030256,0.5735162937918511,FALSE,FALSE
2009-06-08,Ross,2.980790665,0.3986810268213752,0.3986810268213752,0.5735162937918511,FALSE,FALSE
2009-06-09,Ross,3.029890929,0.4030986419293696,0.4030986419293696,0.5735162937918511,FALSE,FALSE
2009-06-10,Ross,3.098357727,0.42667436773938006,0.42667436773938006,0.5735162937918511,FALSE,FALSE
2009-06-11,Ross,3.161390879,0.4446234702865093,0.4446234702865093,0.5735162937918511,FALSE,FALSE
2009-06-12,Ross,3.222701096,0.4606721066058559,0.4606721066058559,0.5735162937918511,FALSE,FALSE
2009-06-13,Ross,3.226708427,0.4192557717325171,0.4192557717325171,0.5735162937918511,FALSE,FALSE
2009-06-14,Ross,3.265387809,0.41236547225540976,0.41236547225540976,0.5735162937918511,FALSE,FALSE
2009-06-15,Ross,3.291172176,0.3924777006018627,0.3924777006018627,0.5735162937918511,FALSE,FALSE
2009-06-16,Ross,3.298113398,0.35372559591649066,0.35372559591649066,0.5735162937918511,FALSE,FALSE
2009-06-17,Ross,3.357985589,0.36796727354968306,0.36796727354968306,0.5735162937918511,FALSE,FALSE
2009-06-18,Ross,3.459329619,0.42382760485181414,0.42382760485181414,0.5735162937918511,FALSE,FALSE
2009-06-19,Ross,3.518745763,0.4379908661732781,0.4379908661732781,0.5735162937918511,FALSE,FALSE
2009-06-20,Ross,3.564939903,0.4392469408644537,0.4392469408644537,0.5735162937918511,FALSE,FALSE
2009-06-21,Ross,3.586363739,0.416131530275726,0.416131530275726,0.5735162937918511,FALSE,FALSE
2009-06-22,Ross,3.654046256,0.4397576207574785,0.4397576207574785,0.5735162937918511,FALSE,FALSE
2009-06-23,Ross,3.694572451,0.4367942106600964,0.4367942106600964,0.5735162937918511,FALSE,FALSE
2009-06-24,Ross,3.714760741,0.4141437183339627,0.4141437183339627,0.5735162937918511,FALSE,FALSE
2009-06-25,Ross,3.700474331,0.35775335012946297,0.35775335012946297,0.5735162937918511,FALSE,FALSE
2009-06-26,Ross,3.621451825,0.23744571139698056,0.23744571139698056,0.5735162937918511,FALSE,FALSE
2009-06-27,Ross,3.575849497,0.15144601902514143,0.15144601902514143,0.5735162937918511,FALSE,FALSE
2009-06-28,Ross,3.532060929,0.06810300855647045,0.06810300855647045,0.5735162937918511,FALSE,FALSE
2009-06-29,Ross,3.544550529,0.0417842467084033,0.0417842467084033,0.5735162937918511,FALSE,FALSE
2009-06-30,Ross,3.56993283,0.02900715786642926,0.02900715786642926,0.5735162937918511,FALSE,FALSE
2009-07-01,Ross,3.655527067,0.076993868416042055,0.076993868416042055,0.5735162937918511,FALSE,FALSE
2009-07-02,Ross,3.703185534,0.0874995637427336,0.0874995637427336,0.5735162937918511,FALSE,FALSE
2009-07-03,Ross,3.669634828,0.01715373223198923,0.01715373223198923,0.5735162937918511,FALSE,FALSE
2009-07-04,Ross,3.634642014,-0.05437366973069446,0.05437366973069446,0.5735162937918511,FALSE,FALSE
2009-07-05,Ross,3.708023655,-0.01736318775982859,0.01736318775982859,0.5735162937918511,FALSE,FALSE
2009-07-06,Ross,3.757659043,-0.00403263846992141,0.00403263846992141,0.5735162937918511,FALSE,FALSE
2009-07-07,Ross,3.857878968,0.05985165952452265,0.05985165952452265,0.5735162937918511,FALSE,FALSE
2009-07-08,Ross,3.975622388,0.14113155560898427,0.14113155560898427,0.5735162937918511,FALSE,FALSE
2009-07-09,Ross,4.058625399,0.18744634463839427,0.18744634463839427,0.5735162937918511,FALSE,FALSE
2009-07-10,Ross,4.128834683,0.22070570884802887,0.22070570884802887,0.5735162937918511,FALSE,FALSE
2009-07-11,Ross,4.194488054,0.24924133626599151,0.24924133626599151,0.5735162937918511,FALSE,FALSE
2009-07-12,Ross,4.243311377,0.2608902852747197,0.2608902852747197,0.5735162937918511,FALSE,FALSE
2009-07-13,Ross,4.193759264,0.17421836125665013,0.17421836125665013,0.5735162937918511,FALSE,FALSE
2009-07-14,Ross,4.170426607,0.11393164959422553,0.11393164959422553,0.5735162937918511,FALSE,FALSE
2009-07-15,Ross,4.214984495,0.12181243266987708,0.12181243266987708,0.5735162937918511,FALSE,FALSE
2009-07-16,Ross,4.238400202,0.10893917786604844,0.10893917786604844,0.5735162937918511,FALSE,FALSE
2009-07-17,Ross,4.233382743,0.06813209356516747,0.06813209356516747,0.5735162937918511,FALSE,FALSE
2009-07-18,Ross,4.198466766,-0.0019629788503197,0.0019629788503197,0.5735162937918511,FALSE,FALSE
2009-07-19,Ross,4.217055789,-0.01783132799798092,0.01783132799798092,0.5735162937918511,FALSE,FALSE
2009-07-20,Ross,4.253554521,-0.01495705149537762,0.01495705149537762,0.5735162937918511,FALSE,FALSE
2009-07-21,Ross,4.301567179,3.7526103993101856e-4,3.7526103993101856e-4,0.5735162937918511,FALSE,FALSE
2009-07-22,Ross,4.344411876,0.01158599217828193,0.01158599217828193,0.5735162937918511,FALSE,FALSE
2009-07-23,Ross,4.345488348,-0.01794602162078629,0.01794602162078629,0.5735162937918511,FALSE,FALSE
2009-07-24,Ross,4.444253825,0.05112576724931639,0.05112576724931639,0.5735162937918511,FALSE,FALSE
2009-07-25,Ross,4.473867356,0.05184768877073154,0.05184768877073154,0.5735162937918511,FALSE,FALSE
2009-07-26,Ross,4.52619141,0.0759694929255863,0.0759694929255863,0.5735162937918511,FALSE,FALSE
2009-07-27,Ross,4.526958344,0.04911081769601022,0.04911081769601022,0.5735162937918511,FALSE,FALSE
2009-07-28,Ross,4.54941352,0.04440430606414036,0.04440430606414036,0.5735162937918511,FALSE,FALSE
2009-07-29,Ross,4.577923015,0.04610331601211204,0.04610331601211204,0.5735162937918511,FALSE,FALSE
2009-07-30,Ross,4.554538512,-0.00385318847794646,0.00385318847794646,0.5735162937918511,FALSE,FALSE
2009-07-31,Ross,4.532325583,-0.05251235442389923,0.05251235442389923,0.5735162937918511,FALSE,FALSE
2009-08-01,Ross,4.517491969,-0.0937791598436215,0.0937791598436215,0.5735162937918511,FALSE,FALSE
2009-08-02,Ross,4.501769522,-0.1360344717549724,0.1360344717549724,0.5735162937918511,FALSE,FALSE
2009-08-03,Ross,4.493036803,-0.17151244657794962,0.17151244657794962,0.5735162937918511,FALSE,FALSE
2009-08-04,Ross,4.517447635,-0.17412884259178618,0.17412884259178618,0.5735162937918511,FALSE,FALSE
2009-08-05,Ross,4.583932452,-0.1348671983533407,0.1348671983533407,0.5735162937918511,FALSE,FALSE
2009-08-06,Ross,4.581479487,-0.16461817694289227,0.16461817694289227,0.5735162937918511,FALSE,FALSE
2009-08-07,Ross,4.620698967,-0.15265044744071865,0.15265044744071865,0.5735162937918511,FALSE,FALSE
2009-08-08,Ross,4.702027632,-0.09840616592708697,0.09840616592708697,0.5735162937918511,FALSE,FALSE
2009-08-09,Ross,4.787662509,-0.03956720148227344,0.03956720148227344,0.5735162937918511,FALSE,FALSE
2009-08-10,Ross,4.887708313,0.03409226481344252,0.03409226481344252,0.5735162937918511,FALSE,FALSE
2009-08-11,Ross,4.953757593,0.07428588587979412,0.07428588587979412,0.5735162937918511,FALSE,FALSE
2009-08-12,Ross,4.939013526,0.03433794263650558,0.03433794263650558,0.5735162937918511,FALSE,FALSE
2009-08-13,Ross,4.919397844,-0.00970872899669483,0.00970872899669483,0.5735162937918511,FALSE,FALSE
2009-08-14,Ross,4.897346816,-0.05529675610008855,0.05529675610008855,0.5735162937918511,FALSE,FALSE
2009-08-15,Ross,4.899897784,-0.07526769275394063,0.07526769275394063,0.5735162937918511,FALSE,FALSE
2009-08-16,Ross,4.89148663,-0.10506853367373292,0.10506853367373292,0.5735162937918511,FALSE,FALSE
2009-08-17,Ross,4.912750514,-0.10406330940228692,0.10406330940228692,0.5735162937918511,FALSE,FALSE
2009-08-18,Ross,4.97350179,-0.06257627598885218,0.06257627598885218,0.5735162937918511,FALSE,FALSE
2009-08-19,Ross,5.009001467,-0.04549045582168443,0.04549045582168443,0.5735162937918511,FALSE,FALSE
2009-08-20,Ross,5.042132864,-0.03006656128903895,0.03006656128903895,0.5735162937918511,FALSE,FALSE
2009-08-21,Ross,5.092651364,0.00330675922083401,0.00330675922083401,0.5735162937918511,FALSE,FALSE
2009-08-22,Ross,5.13490905,0.02883755731967596,0.02883755731967596,0.5735162937918511,FALSE,FALSE
2009-08-23,Ross,5.206953167,0.08442904661923567,0.08442904661923567,0.5735162937918511,FALSE,FALSE
2009-08-24,Ross,5.238639239,0.0997927197312638,0.0997927197312638,0.5735162937918511,FALSE,FALSE
2009-08-25,Ross,5.313678427,0.1584957062674972,0.1584957062674972,0.5735162937918511,FALSE,FALSE
2009-08-26,Ross,5.354426993,0.1827502368396905,0.1827502368396905,0.5735162937918511,FALSE,FALSE
2009-08-27,Ross,5.382040818,0.19356816105958607,0.19356816105958607,0.5735162937918511,FALSE,FALSE
2009-08-28,Ross,5.395665431,0.18995097653893112,0.18995097653893112,0.5735162937918511,FALSE,FALSE
2009-08-29,Ross,5.465156143,0.24163724168525216,0.24163724168525216,0.5735162937918511,FALSE,FALSE
2009-08-30,Ross,5.509840688,0.26800373013407786,0.26800373013407786,0.5735162937918511,FALSE,FALSE
2009-08-31,Ross,5.506452449,0.24589515794252748,0.24589515794252748,0.5735162937918511,FALSE,FALSE
2009-09-01,Ross,5.50409472,0.22452626390166144,0.22452626390166144,0.5735162937918511,FALSE,FALSE
2009-09-02,Ross,5.464440053,0.16568104480253876,0.16568104480253876,0.5735162937918511,FALSE,FALSE
2009-09-03,Ross,5.464756672,0.14673916943622434,0.14673916943622434,0.5735162937918511,FALSE,FALSE
2009-09-04,Ross,5.474302545,0.1370700505937794,0.1370700505937794,0.5735162937918511,FALSE,FALSE
2009-09-05,Ross,5.520937308,0.16464476906626668,0.16464476906626668,0.5735162937918511,FALSE,FALSE
2009-09-06,Ross,5.567264387,0.1921781956447468,0.1921781956447468,0.5735162937918511,FALSE,FALSE
2009-09-07,Ross,5.583831959,0.19032995212028325,0.19032995212028325,0.5735162937918511,FALSE,FALSE
2009-09-08,Ross,5.549989185,0.13856064428394,0.13856064428394,0.5735162937918511,FALSE,FALSE
2009-09-09,Ross,5.542930023,0.1141756749267735,0.1141756749267735,0.5735162937918511,FALSE,FALSE
2009-09-10,Ross,5.586985179,0.14161673223868032,0.14161673223868032,0.5735162937918511,FALSE,FALSE
2009-09-11,Ross,5.569877299,0.10867352892128056,0.10867352892128056,0.5735162937918511,FALSE,FALSE
2009-09-12,Ross,5.581652653,0.10537993185446393,0.10537993185446393,0.5735162937918511,FALSE,FALSE
2009-09-13,Ross,5.585942217,0.09534614643869954,0.09534614643869954,0.5735162937918511,FALSE,FALSE
2009-09-14,Ross,5.580812108,0.0766175190744649,0.0766175190744649,0.5735162937918511,FALSE,FALSE
2009-09-15,Ross,5.613478865,0.0963898181622298,0.0963898181622298,0.5735162937918511,FALSE,FALSE
2009-09-16,Ross,5.651126041,0.12182582610247028,0.12182582610247028,0.5735162937918511,FALSE,FALSE
2009-09-17,Ross,5.686987066,0.14613820229565988,0.14613820229565988,0.5735162937918511,FALSE,FALSE
2009-09-18,Ross,5.723279594,0.17152383014226924,0.17152383014226924,0.5735162937918511,FALSE,FALSE
2009-09-19,Ross,5.73656242,0.17452073404277524,0.17452073404277524,0.5735162937918511,FALSE,FALSE
2009-09-20,Ross,5.755419866,0.18369246539764816,0.18369246539764816,0.5735162937918511,FALSE,FALSE
2009-09-21,Ross,5.763269633,0.18243595460736373,0.18243595460736373,0.5735162937918511,FALSE,FALSE
2009-09-22,Ross,5.761371931,0.1719906410723926,0.1719906410723926,0.5735162937918511,FALSE,FALSE
2009-09-23,Ross,5.739762168,0.14237297193201923,0.14237297193201923,0.5735162937918511,FALSE,FALSE
2009-09-24,Ross,5.716019832,0.11116284961539158,0.11116284961539158,0.5735162937918511,FALSE,FALSE
2009-09-25,Ross,5.67855645,0.06678396890035021,0.06678396890035021,0.5735162937918511,FALSE,FALSE
2009-09-26,Ross,5.645664661,0.02754130147717415,0.02754130147717415,0.5735162937918511,FALSE,FALSE
2009-09-27,Ross,5.635100422,0.01120313703614339,0.01120313703614339,0.5735162937918511,FALSE,FALSE
2009-09-28,Ross,5.664923068,0.03584114326753962,0.03584114326753962,0.5735162937918511,FALSE,FALSE
2009-09-29,Ross,5.690072028,0.05640708186164556,0.05640708186164556,0.5735162937918511,FALSE,FALSE
2009-09-30,Ross,5.683921926,0.04628790950874162,0.04628790950874162,0.5735162937918511,FALSE,FALSE
2009-10-01,Ross,5.660275364,0.0192985608991103,0.0192985608991103,0.5735162937918511,FALSE,FALSE
2009-10-02,Ross,5.708158905,0.06447793172303129,0.06447793172303129,0.5735162937918511,FALSE,FALSE
2009-10-03,Ross,5.753463218,0.10772902367078796,0.10772902367078796,0.5735162937918511,FALSE,FALSE
2009-10-04,Ross,5.799162722,0.15203858843266005,0.15203858843266005,0.5735162937918511,FALSE,FALSE
2009-10-05,Ross,5.818150252,0.1703118008178253,0.1703118008178253,0.5735162937918511,FALSE,FALSE
2009-10-06,Ross,5.828856922,0.1810007258618329,0.1810007258618329,0.5735162937918511,FALSE,FALSE
2009-10-07,Ross,5.839441646,0.19231055894711613,0.19231055894711613,0.5735162937918511,FALSE,FALSE
2009-10-08,Ross,5.849713105,0.2041008965931077,0.2041008965931077,0.5735162937918511,FALSE,FALSE
2009-10-09,Ross,5.855421551,0.2121729063192523,0.2121729063192523,0.5735162937918511,FALSE,FALSE
2009-10-10,Ross,5.828814971,0.18882549064498733,0.18882549064498733,0.5735162937918511,FALSE,FALSE
2009-10-11,Ross,5.847959698,0.21217589808975212,0.21217589808975212,0.5735162937918511,FALSE,FALSE
2009-10-12,Ross,5.918799911,0.2882192231729874,0.2882192231729874,0.5735162937918511,FALSE,FALSE
2009-10-13,Ross,5.946827608,0.32249837941413073,0.32249837941413073,0.5735162937918511,FALSE,FALSE
2009-10-14,Ross,5.928242088,0.3112635813326232,0.3112635813326232,0.5735162937918511,FALSE,FALSE
2009-10-15,Ross,5.866304926,0.2578273194479035,0.2578273194479035,0.5735162937918511,FALSE,FALSE
2009-10-16,Ross,5.788743233,0.1899676202794085,0.1899676202794085,0.5735162937918511,FALSE,FALSE
2009-10-17,Ross,5.730550181,0.14272857134658068,0.14272857134658068,0.5735162937918511,FALSE,FALSE
2009-10-18,Ross,5.673567147,0.09799862994129692,0.09799862994129692,0.5735162937918511,FALSE,FALSE
2009-10-19,Ross,5.638783782,0.07673306825835358,0.07673306825835358,0.5735162937918511,FALSE,FALSE
2009-10-20,Ross,5.62457725,0.077196795350301,0.077196795350301,0.5735162937918511,FALSE,FALSE
2009-10-21,Ross,5.58868285,0.05700973708762813,0.05700973708762813,0.5735162937918511,FALSE,FALSE
2009-10-22,Ross,5.532640045,0.01759598334082568,0.01759598334082568,0.5735162937918511,FALSE,FALSE
2009-10-23,Ross,5.464893663,-0.0327150110196186,0.0327150110196186,0.5735162937918511,FALSE,FALSE
2009-10-24,Ross,5.437515022,-0.04196730112321223,0.04196730112321223,0.5735162937918511,FALSE,FALSE
2009-10-25,Ross,5.388605183,-0.07217519909946635,0.07217519909946635,0.5735162937918511,FALSE,FALSE
2009-10-26,Ross,5.301511666,-0.14010655807789174,0.14010655807789174,0.5735162937918511,FALSE,FALSE
2009-10-27,Ross,5.282204435,-0.13990678718799732,0.13990678718799732,0.5735162937918511,FALSE,FALSE
2009-10-28,Ross,5.303008675,-0.09936607455929192,0.09936607455929192,0.5735162937918511,FALSE,FALSE
2009-10-29,Ross,5.318810963,-0.06371321632128701,0.06371321632128701,0.5735162937918511,FALSE,FALSE
2009-10-30,Ross,5.266220798,-0.09645408660349108,0.09645408660349108,0.5735162937918511,FALSE,FALSE
2009-10-31,Ross,5.239496724,-0.10340543784975242,0.10340543784975242,0.5735162937918511,FALSE,FALSE
2009-11-01,Ross,5.197553879,-0.12553016235475933,0.12553016235475933,0.5735162937918511,FALSE,FALSE
2009-11-02,Ross,5.131887738,-0.1711502229177162,0.1711502229177162,0.5735162937918511,FALSE,FALSE
2009-11-03,Ross,5.10526589,-0.17731545204897348,0.17731545204897348,0.5735162937918511,FALSE,FALSE
2009-11-04,Ross,5.057243904,-0.20428770225888648,0.20428770225888648,0.5735162937918511,FALSE,FALSE
2009-11-05,Ross,5.06676586,-0.1729403150578026,0.1729403150578026,0.5735162937918511,FALSE,FALSE
2009-11-06,Ross,5.055161253,-0.16176121695607382,0.16176121695607382,0.5735162937918511,FALSE,FALSE
2009-11-07,Ross,5.055680973,-0.13731693946405077,0.13731693946405077,0.5735162937918511,FALSE,FALSE
2009-11-08,Ross,5.0294591,-0.13829082409208837,0.13829082409208837,0.5735162937918511,FALSE,FALSE
2009-11-09,Ross,4.983396646,-0.15759928035053505,0.15759928035053505,0.5735162937918511,FALSE,FALSE
2009-11-10,Ross,4.99164459,-0.12090875074974328,0.12090875074974328,0.5735162937918511,FALSE,FALSE
2009-11-11,Ross,4.980215529,-0.1020240598000628,0.1020240598000628,0.5735162937918511,FALSE,FALSE
2009-11-12,Ross,4.962585671,-0.0872879019302113,0.0872879019302113,0.5735162937918511,FALSE,FALSE
2009-11-13,Ross,4.961473595,-0.0538825234919944,0.0538825234919944,0.5735162937918511,FALSE,FALSE
2009-11-14,Ross,4.936733753,-0.04197744508485357,0.04197744508485357,0.5735162937918511,FALSE,FALSE
2009-11-15,Ross,4.889451654,-0.05052128792730492,0.05052128792730492,0.5735162937918511,FALSE,FALSE
2009-11-16,Ross,4.844260463,-0.05491501723786207,0.05491501723786207,0.5735162937918511,FALSE,FALSE
2009-11-17,Ross,4.798762487,-0.05759045623504288,0.05759045623504288,0.5735162937918511,FALSE,FALSE
2009-11-18,Ross,4.771957152,-0.03958230913736305,0.03958230913736305,0.5735162937918511,FALSE,FALSE
2009-11-19,Ross,4.6781631,-0.08660606416333394,0.08660606416333394,0.5735162937918511,FALSE,FALSE
2009-11-20,Ross,4.673156996,-0.04291918653147508,0.04291918653147508,0.5735162937918511,FALSE,FALSE
2009-11-21,Ross,4.636471608,-0.02902303846029674,0.02902303846029674,0.5735162937918511,FALSE,FALSE
2009-11-22,Ross,4.596119758,-0.01693892816831965,0.01693892816831965,0.5735162937918511,FALSE,FALSE
2009-11-23,Ross,4.582786729,0.02398429712594296,0.02398429712594296,0.5735162937918511,FALSE,FALSE
2009-11-24,Ross,4.576662964,0.07390295020397541,0.07390295020397541,0.5735162937918511,FALSE,FALSE
2009-11-25,Ross,4.530041278,0.08510077674568972,0.08510077674568972,0.5735162937918511,FALSE,FALSE
2009-11-26,Ross,4.485853857,0.10071285431110244,0.10071285431110244,0.5735162937918511,FALSE,FALSE
2009-11-27,Ross,4.458068973,0.13501692588587577,0.13501692588587577,0.5735162937918511,FALSE,FALSE
2009-11-28,Ross,4.435554135,0.17719077873292657,0.17719077873292657,0.5735162937918511,FALSE,FALSE
2009-11-29,Ross,4.38185539,0.19109073811517163,0.19109073811517163,0.5735162937918511,FALSE,FALSE
2009-11-30,Ross,4.359449151,0.23950349529552817,0.23950349529552817,0.5735162937918511,FALSE,FALSE
2009-12-01,Ross,4.330697703,0.2851016135369093,0.2851016135369093,0.5735162937918511,FALSE,FALSE
2009-12-02,Ross,4.320577243,0.35317156810223294,0.35317156810223294,0.5735162937918511,FALSE,FALSE
2009-12-03,Ross,4.27188896,0.3868248262544145,0.3868248262544145,0.5735162937918511,FALSE,FALSE
2009-12-04,Ross,4.214124364,0.41586317625636937,0.41586317625636937,0.5735162937918511,FALSE,FALSE
2009-12-05,Ross,4.154036329,0.4473497703710154,0.4473497703710154,0.5735162937918511,FALSE,FALSE
2009-12-06,Ross,4.048113647,0.4380836788612652,0.4380836788612652,0.5735162937918511,FALSE,FALSE
2009-12-07,Ross,3.949440527,0.4414584866667677,0.4414584866667677,0.5735162937918511,FALSE,FALSE
2009-12-08,Ross,3.822071223,0.42155771370989736,0.42155771370989736,0.5735162937918511,FALSE,FALSE
2009-12-09,Ross,3.713119674,0.4248490424017901,0.4248490424017901,0.5735162937918511,FALSE,FALSE
2009-12-10,Ross,3.611525381,0.439525927418539,0.439525927418539,0.5735162937918511,FALSE,FALSE
2009-12-11,Ross,3.513102371,0.4606563494362263,0.4606563494362263,0.5735162937918511,FALSE,FALSE
2009-12-12,Ross,3.421756171,0.49139978913094806,0.49139978913094806,0.5735162937918511,FALSE,FALSE
2009-12-13,Ross,3.317283508,0.5108069271787894,0.5108069271787894,0.5735162937918511,FALSE,FALSE
2009-12-14,Ross,3.202434349,0.5208816842558406,0.5208816842558406,0.5735162937918511,FALSE,FALSE
2009-12-15,Ross,3.046177755,0.48984707503819447,0.48984707503819447,0.5735162937918511,FALSE,FALSE
2009-12-16,Ross,2.96436122,0.532804547201934,0.532804547201934,0.5735162937918511,FALSE,FALSE
2009-12-17,Ross,2.844261425,0.536284735423155,0.536284735423155,0.5735162937918511,FALSE,FALSE
2009-12-18,Ross,2.720387038,0.5340502613779434,0.5340502613779434,0.5735162937918511,FALSE,FALSE
2009-12-19,Ross,2.591460243,0.5240772627423889,0.5240772627423889,0.5735162937918511,FALSE,FALSE
2009-12-20,Ross,2.544152662,0.592310489356644,0.592310489356644,0.5735162937918511,TRUE,TRUE
2009-12-21,Ross,2.457238686,0.6171006405536748,0.6171006405536748,0.5735162937918511,TRUE,TRUE
2009-12-22,Ross,2.338321243,0.6058689577019543,0.6058689577019543,0.5735162937918511,TRUE,TRUE
2009-12-23,Ross,2.219023152,0.5900633171055361,0.5900633171055361,0.5735162937918511,TRUE,TRUE
2009-12-24,Ross,2.146569873,0.6167342360684747,0.6167342360684747,0.5735162937918511,TRUE,TRUE
2009-12-25,Ross,2.064167069,0.6289124348948254,0.6289124348948254,0.5735162937918511,TRUE,TRUE
2009-12-26,Ross,1.964998956,0.6196071868886399,0.6196071868886399,0.5735162937918511,TRUE,TRUE
2009-12-27,Ross,1.884590129,0.6241681443539726,0.6241681443539726,0.5735162937918511,TRUE,TRUE
2009-12-28,Ross,1.72389644,0.5433762165948826,0.5433762165948826,0.5735162937918511,FALSE,FALSE
2009-12-29,Ross,1.547933722,0.442072293915416,0.442072293915416,0.5735162937918511,FALSE,FALSE
2009-12-30,Ross,1.35129452,0.31467397861963153,0.31467397861963153,0.5735162937918511,FALSE,FALSE
2009-12-31,Ross,1.252649343,0.2796768370115835,0.2796768370115835,0.5735162937918511,FALSE,FALSE
2010-01-01,Ross,1.139549833,0.22445756839532496,0.22445756839532496,0.5735162937918511,FALSE,FALSE
2010-01-02,Ross,1.003706798,0.14065668181482793,0.14065668181482793,0.5735162937918511,FALSE,FALSE
2010-01-03,Ross,0.868028706,0.05153092127372905,0.05153092127372905,0.5735162937918511,FALSE,FALSE
2010-01-04,Ross,0.774342888,-6.39462484419373e-4,6.39462484419373e-4,0.5735162937918511,FALSE,FALSE
2010-01-05,Ross,0.705294003,-0.03275689071605481,0.03275689071605481,0.5735162937918511,FALSE,FALSE
2010-01-06,Ross,0.641887745,-0.063362749677629,0.063362749677629,0.5735162937918511,FALSE,FALSE
2010-01-07,Ross,0.605885444,-0.07024278962558561,0.07024278962558561,0.5735162937918511,FALSE,FALSE
2010-01-08,Ross,0.568031433,-0.08219975781636768,0.08219975781636768,0.5735162937918511,FALSE,FALSE
2010-01-09,Ross,0.531882578,-0.09522386850642096,0.09522386850642096,0.5735162937918511,FALSE,FALSE
2010-01-10,Ross,0.496890449,-0.10941063195219214,0.10941063195219214,0.5735162937918511,FALSE,FALSE
2010-01-11,Ross,0.456559328,-0.13080284641012518,0.13080284641012518,0.5735162937918511,FALSE,FALSE
2010-01-12,Ross,0.438752656,-0.13108415113666427,0.13108415113666427,0.5735162937918511,FALSE,FALSE
2010-01-13,Ross,0.434714927,-0.11855713238825556,0.11855713238825556,0.5735162937918511,FALSE,FALSE
2010-01-14,Ross,0.434781879,-0.10243889927497796,0.10243889927497796,0.5735162937918511,FALSE,FALSE
2010-01-15,Ross,0.427975613,-0.09346714051513992,0.09346714051513992,0.5735162937918511,FALSE,FALSE
2010-01-16,Ross,0.41818637,-0.08777065960583369,0.08777065960583369,0.5735162937918511,FALSE,FALSE
2010-01-17,Ross,0.397926296,-0.0928727511968746,0.0928727511968746,0.5735162937918511,FALSE,FALSE
2010-01-18,Ross,0.389247343,-0.08675690393807778,0.08675690393807778,0.5735162937918511,FALSE,FALSE
2010-01-19,Ross,0.379246042,-0.08236202747925941,0.08236202747925941,0.5735162937918511,FALSE,FALSE
2010-01-20,Ross,0.382951041,-0.06469491447023412,0.06469491447023412,0.5735162937918511,FALSE,FALSE
2010-01-21,Ross,0.381141139,-0.05301220656081767,0.05301220656081767,0.5735162937918511,FALSE,FALSE
2010-01-22,Ross,0.405921077,-0.01524460340082528,0.01524460340082528,0.5735162937918511,FALSE,FALSE
2010-01-23,Ross,0.414586764,0.00586836335992618,0.00586836335992618,0.5735162937918511,FALSE,FALSE
2010-01-24,Ross,0.409717833,0.01287088607162201,0.01287088607162201,0.5735162937918511,FALSE,FALSE
2010-01-25,Ross,0.404776873,0.01919011308444729,0.01919011308444729,0.5735162937918511,FALSE,FALSE
2010-01-26,Ross,0.405905224,0.03093194374858654,0.03093194374858654,0.5735162937918511,FALSE,FALSE
2010-01-27,Ross,0.405844887,0.04081012338559203,0.04081012338559203,0.5735162937918511,FALSE,FALSE
2010-01-28,Ross,0.381024889,0.0252740616854834,0.0252740616854834,0.5735162937918511,FALSE,FALSE
2010-01-29,Ross,0.347451282,3.7036156954628474e-4,3.7036156954628474e-4,0.5735162937918511,FALSE,FALSE
2010-01-30,Ross,0.317758228,-0.02122619907266348,0.02122619907266348,0.5735162937918511,FALSE,FALSE
2010-01-31,Ross,0.297370437,-0.03405029435158679,0.03405029435158679,0.5735162937918511,FALSE,FALSE
2010-02-01,Ross,0.291169179,-0.03318003837766592,0.03318003837766592,0.5735162937918511,FALSE,FALSE
2010-02-02,Ross,0.278163034,-0.03956623526134417,0.03956623526134417,0.5735162937918511,FALSE,FALSE
2010-02-03,Ross,0.260192572,-0.05132769911306201,0.05132769911306201,0.5735162937918511,FALSE,FALSE
2010-02-04,Ross,0.276422819,-0.02925878804326176,0.02925878804326176,0.5735162937918511,FALSE,FALSE
2010-02-05,Ross,0.272883138,-0.02728952316238586,0.02728952316238586,0.5735162937918511,FALSE,FALSE
2010-02-06,Ross,0.256102884,-0.03884993358087652,0.03884993358087652,0.5735162937918511,FALSE,FALSE
2010-02-07,Ross,0.250375912,-0.03960554840917452,0.03960554840917452,0.5735162937918511,FALSE,FALSE
2010-02-08,Ross,0.248497442,-0.03672068193106154,0.03672068193106154,0.5735162937918511,FALSE,FALSE
2010-02-09,Ross,0.25036426,-0.03027790881342118,0.03027790881342118,0.5735162937918511,FALSE,FALSE
2010-02-10,Ross,0.236145307,-0.04012707863737572,0.04012707863737572,0.5735162937918511,FALSE,FALSE
2010-02-11,Ross,0.211304673,-0.06082755392484856,0.06082755392484856,0.5735162937918511,FALSE,FALSE
2010-02-12,Ross,0.201478307,-0.06676683819776255,0.06676683819776255,0.5735162937918511,FALSE,FALSE
2010-02-13,Ross,0.205899325,-0.05873526797804321,0.05873526797804321,0.5735162937918511,FALSE,FALSE
2010-02-14,Ross,0.209042662,-0.05228136078761142,0.05228136078761142,0.5735162937918511,FALSE,FALSE
2010-02-15,Ross,0.215889978,-0.04244690914839141,0.04244690914839141,0.5735162937918511,FALSE,FALSE
2010-02-16,Ross,0.212843831,-0.04285280758230966,0.04285280758230966,0.5735162937918511,FALSE,FALSE
2010-02-17,Ross,0.211707188,-0.04171954161128594,0.04171954161128594,0.5735162937918511,FALSE,FALSE
2010-02-18,Ross,0.215478063,-0.03607254975724638,0.03607254975724638,0.5735162937918511,FALSE,FALSE
2010-02-19,Ross,0.216682389,-0.0334093515421138,0.0334093515421138,0.5735162937918511,FALSE,FALSE
2010-02-20,Ross,0.2135168,-0.03555676548781195,0.03555676548781195,0.5735162937918511,FALSE,FALSE
2010-02-21,Ross,0.217237028,-0.03128078328144232,0.03128078328144232,0.5735162937918511,FALSE,FALSE
2010-02-22,Ross,0.216662215,-0.03176302685089416,0.03176302685089416,0.5735162937918511,FALSE,FALSE
2010-02-23,Ross,0.217320538,-0.03146213977757348,0.03146213977757348,0.5735162937918511,FALSE,FALSE
2010-02-24,Ross,0.219920074,-0.0296566135894101,0.0296566135894101,0.5735162937918511,FALSE,FALSE
2010-02-25,Ross,0.219943388,-0.03085045181433074,0.03085045181433074,0.5735162937918511,FALSE,FALSE
2010-02-26,Ross,0.220567819,-0.03185288398026414,0.03185288398026414,0.5735162937918511,FALSE,FALSE
2010-02-27,Ross,0.227521015,-0.02692283061513634,0.02692283061513634,0.5735162937918511,FALSE,FALSE
2010-02-28,Ross,0.242379723,-0.01447011324687563,0.01447011324687563,0.5735162937918511,FALSE,FALSE
2010-03-01,Ross,0.245371085,-0.01425415840341026,0.01425415840341026,0.5735162937918511,FALSE,FALSE
2010-03-02,Ross,0.244097369,-0.01865926661266692,0.01865926661266692,0.5735162937918511,FALSE,FALSE
2010-03-03,Ross,0.242262666,-0.02396791540257473,0.02396791540257473,0.5735162937918511,FALSE,FALSE
2010-03-04,Ross,0.221157319,-0.04887633030105989,0.04887633030105989,0.5735162937918511,FALSE,FALSE
2010-03-05,Ross,0.20441659,-0.06973581903836629,0.06973581903836629,0.5735162937918511,FALSE,FALSE
2010-03-06,Ross,0.217618929,-0.06095897381051671,0.06095897381051671,0.5735162937918511,FALSE,FALSE
2010-03-07,Ross,0.256192257,-0.02712347646322527,0.02712347646322527,0.5735162937918511,FALSE,FALSE
2010-03-08,Ross,0.271662368,-0.01671209399080231,0.01671209399080231,0.5735162937918511,FALSE,FALSE
2010-03-09,Ross,0.26915548500000003,-0.02460716438755356,0.02460716438755356,0.5735162937918511,FALSE,FALSE
2010-03-10,Ross,0.255462369,-0.04402648764778694,0.04402648764778694,0.5735162937918511,FALSE,FALSE
2010-03-11,Ross,0.24360632,-0.06195532476581,0.06195532476581,0.5735162937918511,FALSE,FALSE
2010-03-12,Ross,0.249815503,-0.06217407173593098,0.06217407173593098,0.5735162937918511,FALSE,FALSE
2010-03-13,Ross,0.254173765,-0.06460744255245626,0.06460744255245626,0.5735162937918511,FALSE,FALSE
2010-03-14,Ross,0.248593061,-0.07735204320969125,0.07735204320969125,0.5735162937918511,FALSE,FALSE
2010-03-15,Ross,0.232555821,-0.1009340047019483,0.1009340047019483,0.5735162937918511,FALSE,FALSE
2010-03-16,Ross,0.227458953,-0.11396498002353037,0.11396498002353037,0.5735162937918511,FALSE,FALSE
2010-03-17,Ross,0.247264651,-0.1024913361687484,0.1024913361687484,0.5735162937918511,FALSE,FALSE
2010-03-18,Ross,0.254144989,-0.10434939965721828,0.10434939965721828,0.5735162937918511,FALSE,FALSE
2010-03-19,Ross,0.273370497,-0.09427303317664004,0.09427303317664004,0.5735162937918511,FALSE,FALSE
2010-03-20,Ross,0.29551662,-0.08168699218894648,0.08168699218894648,0.5735162937918511,FALSE,FALSE
2010-03-21,Ross,0.291682569,-0.09549206877922578,0.09549206877922578,0.5735162937918511,FALSE,FALSE
2010-03-22,Ross,0.294169267,-0.10338734303256358,0.10338734303256358,0.5735162937918511,FALSE,FALSE
2010-03-23,Ross,0.304756286,-0.103593246034048,0.103593246034048,0.5735162937918511,FALSE,FALSE
2010-03-24,Ross,0.324007864,-0.0955455428687682,0.0955455428687682,0.5735162937918511,FALSE,FALSE
2010-03-25,Ross,0.3234001,-0.10776813762180688,0.10776813762180688,0.5735162937918511,FALSE,FALSE
2010-03-26,Ross,0.336999262,-0.10619476537825567,0.10619476537825567,0.5735162937918511,FALSE,FALSE
2010-03-27,Ross,0.355473957,-0.10015682222319829,0.10015682222319829,0.5735162937918511,FALSE,FALSE
2010-03-28,Ross,0.357882775,-0.11059572124172616,0.11059572124172616,0.5735162937918511,FALSE,FALSE
2010-03-29,Ross,0.364621454,-0.11711572751892246,0.11711572751892246,0.5735162937918511,FALSE,FALSE
2010-03-30,Ross,0.368248218,-0.1271586201398765,0.1271586201398765,0.5735162937918511,FALSE,FALSE
2010-03-31,Ross,0.387887928,-0.1216008251916591,0.1216008251916591,0.5735162937918511,FALSE,FALSE
2010-04-01,Ross,0.400185483,-0.12380574915885434,0.12380574915885434,0.5735162937918511,FALSE,FALSE
2010-04-02,Ross,0.426670633,-0.11225433347875784,0.11225433347875784,0.5735162937918511,FALSE,FALSE
2010-04-03,Ross,0.451793496,-0.10250715356112632,0.10250715356112632,0.5735162937918511,FALSE,FALSE
2010-04-04,Ross,0.470146124,-0.099982850815722,0.099982850815722,0.5735162937918511,FALSE,FALSE
2010-04-05,Ross,0.478623256,-0.10779737965230264,0.10779737965230264,0.5735162937918511,FALSE,FALSE
2010-04-06,Ross,0.490322085,-0.1128642404806251,0.1128642404806251,0.5735162937918511,FALSE,FALSE
2010-04-07,Ross,0.518053697,-0.1023830407104528,0.1023830407104528,0.5735162937918511,FALSE,FALSE
2010-04-08,Ross,0.541452902,-0.09672966375154211,0.09672966375154211,0.5735162937918511,FALSE,FALSE
2010-04-09,Ross,0.568341517,-0.08809298601365212,0.08809298601365212,0.5735162937918511,FALSE,FALSE
2010-04-10,Ross,0.595804771,-0.07939847190654459,0.07939847190654459,0.5735162937918511,FALSE,FALSE
2010-04-11,Ross,0.619065817,-0.07543366183997668,0.07543366183997668,0.5735162937918511,FALSE,FALSE
2010-04-12,Ross,0.638253308,-0.07608029637534086,0.07608029637534086,0.5735162937918511,FALSE,FALSE
2010-04-13,Ross,0.624274989,-0.11041965381104311,0.11041965381104311,0.5735162937918511,FALSE,FALSE
2010-04-14,Ross,0.624464276,-0.13107211275861996,0.13107211275861996,0.5735162937918511,FALSE,FALSE
2010-04-15,Ross,0.6281199,-0.14868944631255898,0.14868944631255898,0.5735162937918511,FALSE,FALSE
2010-04-16,Ross,0.638321879,-0.16014214056734888,0.16014214056734888,0.5735162937918511,FALSE,FALSE
2010-04-17,Ross,0.646043713,-0.17440719961747597,0.17440719961747597,0.5735162937918511,FALSE,FALSE
2010-04-18,Ross,0.682149501,-0.16057102855742844,0.16057102855742844,0.5735162937918511,FALSE,FALSE
2010-04-19,Ross,0.719607309,-0.14561606548169315,0.14561606548169315,0.5735162937918511,FALSE,FALSE
2010-04-20,Ross,0.739856731,-0.14805322048475977,0.14805322048475977,0.5735162937918511,FALSE,FALSE
2010-04-21,Ross,0.747216295,-0.16351446966111216,0.16351446966111216,0.5735162937918511,FALSE,FALSE
2010-04-22,Ross,0.757436956,-0.17619936210523857,0.17619936210523857,0.5735162937918511,FALSE,FALSE
2010-04-23,Ross,0.776689635,-0.17988748091162887,0.17988748091162887,0.5735162937918511,FALSE,FALSE
2010-04-24,Ross,0.833270296,-0.14623336617476757,0.14623336617476757,0.5735162937918511,FALSE,FALSE
2010-04-25,Ross,0.868971631,-0.13340492649581837,0.13340492649581837,0.5735162937918511,FALSE,FALSE
2010-04-26,Ross,0.875249425,-0.15000286866923496,0.15000286866923496,0.5735162937918511,FALSE,FALSE
2010-04-27,Ross,0.87521106,-0.17302929252369825,0.17302929252369825,0.5735162937918511,FALSE,FALSE
2010-04-28,Ross,0.886293636,-0.18515713807937373,0.18515713807937373,0.5735162937918511,FALSE,FALSE
2010-04-29,Ross,0.924426762,-0.17056683635643233,0.17056683635643233,0.5735162937918511,FALSE,FALSE
2010-04-30,Ross,0.973264883,-0.14571398237504496,0.14571398237504496,0.5735162937918511,FALSE,FALSE
2010-05-01,Ross,1.015405222,-0.12811139315538345,0.12811139315538345,0.5735162937918511,FALSE,FALSE
2010-05-02,Ross,1.044327131,-0.12438975671761464,0.12438975671761464,0.5735162937918511,FALSE,FALSE
2010-05-03,Ross,1.100498449,-0.09419127408190886,0.09419127408190886,0.5735162937918511,FALSE,FALSE
2010-05-04,Ross,1.141099854,-0.0804453072684379,0.0804453072684379,0.5735162937918511,FALSE,FALSE
2010-05-05,Ross,1.164652308,-0.0847409342973704,0.0847409342973704,0.5735162937918511,FALSE,FALSE
2010-05-06,Ross,1.270271049,-0.00807295718887579,0.00807295718887579,0.5735162937918511,FALSE,FALSE
2010-05-07,Ross,1.360486542,0.0519791379086536,0.0519791379086536,0.5735162937918511,FALSE,FALSE
2010-05-08,Ross,1.398829501,0.05888566125294781,0.05888566125294781,0.5735162937918511,FALSE,FALSE
2010-05-09,Ross,1.418887726,0.04630587816017839,0.04630587816017839,0.5735162937918511,FALSE,FALSE
2010-05-10,Ross,1.438931746,0.03260348015849468,0.03260348015849468,0.5735162937918511,FALSE,FALSE
2010-05-11,Ross,1.477292186,0.03620225477604855,0.03620225477604855,0.5735162937918511,FALSE,FALSE
2010-05-12,Ross,1.56572377,0.0889500885409924,0.0889500885409924,0.5735162937918511,FALSE,FALSE
2010-05-13,Ross,1.616972411,0.10368605698147304,0.10368605698147304,0.5735162937918511,FALSE,FALSE
2010-05-14,Ross,1.653503534,0.10296874762564424,0.10296874762564424,0.5735162937918511,FALSE,FALSE
2010-05-15,Ross,1.726784979,0.1383591630016563,0.1383591630016563,0.5735162937918511,FALSE,FALSE
2010-05-16,Ross,1.803217379,0.17635109863765774,0.17635109863765774,0.5735162937918511,FALSE,FALSE
2010-05-17,Ross,1.926567615,0.260804598061803,0.260804598061803,0.5735162937918511,FALSE,FALSE
2010-05-18,Ross,1.986147788,0.2811249248022387,0.2811249248022387,0.5735162937918511,FALSE,FALSE
2010-05-19,Ross,2.03896361,0.29441095338711687,0.29441095338711687,0.5735162937918511,FALSE,FALSE
2010-05-20,Ross,2.074548048,0.29028576879403767,0.29028576879403767,0.5735162937918511,FALSE,FALSE
2010-05-21,Ross,2.149428639,0.3253114711293623,0.3253114711293623,0.5735162937918511,FALSE,FALSE
2010-05-22,Ross,2.272929662,0.4087983651090952,0.4087983651090952,0.5735162937918511,FALSE,FALSE
2010-05-23,Ross,2.377147976,0.4728277024224936,0.4728277024224936,0.5735162937918511,FALSE,FALSE
2010-05-24,Ross,2.425448097,0.480748391758818,0.480748391758818,0.5735162937918511,FALSE,FALSE
2010-05-25,Ross,2.480963901,0.4956787018073292,0.4956787018073292,0.5735162937918511,FALSE,FALSE
2010-05-26,Ross,2.559796454,0.5337040912572872,0.5337040912572872,0.5735162937918511,FALSE,FALSE
2010-05-27,Ross,2.588557203,0.5214203997979494,0.5214203997979494,0.5735162937918511,FALSE,FALSE
2010-05-28,Ross,2.610814464,0.5023803361185748,0.5023803361185748,0.5735162937918511,FALSE,FALSE
2010-05-29,Ross,2.650208258,0.5002083139084226,0.5002083139084226,0.5735162937918511,FALSE,FALSE
2010-05-30,Ross,2.729585136,0.5377352768567536,0.5377352768567536,0.5735162937918511,FALSE,FALSE
2010-05-31,Ross,2.781018939,0.5470194586528261,0.5470194586528261,0.5735162937918511,FALSE,FALSE
2010-06-01,Ross,2.801838618,0.5253742029859003,0.5253742029859003,0.5735162937918511,FALSE,FALSE
2010-06-02,Ross,2.845453188,0.5261975759503077,0.5261975759503077,0.5735162937918511,FALSE,FALSE
2010-06-03,Ross,2.896672361,0.5343090065832534,0.5343090065832534,0.5735162937918511,FALSE,FALSE
2010-06-04,Ross,2.972982661,0.5672104647076268,0.5672104647076268,0.5735162937918511,FALSE,FALSE
2010-06-05,Ross,3.053303042,0.6038363503585278,0.6038363503585278,0.5735162937918511,TRUE,TRUE
2010-06-06,Ross,3.112250625,0.6188192305710549,0.6188192305710549,0.5735162937918511,TRUE,TRUE
2010-06-07,Ross,3.171009374,0.6333585153803027,0.6333585153803027,0.5735162937918511,TRUE,TRUE
2010-06-08,Ross,3.199355185,0.6172455468213753,0.6172455468213753,0.5735162937918511,TRUE,TRUE
2010-06-09,Ross,3.261345576,0.6345532889293697,0.6345532889293697,0.5735162937918511,TRUE,TRUE
2010-06-10,Ross,3.339898099,0.6682147397393803,0.6682147397393803,0.5735162937918511,TRUE,TRUE
2010-06-11,Ross,3.382877078,0.6661096692865094,0.6661096692865094,0.5735162937918511,TRUE,TRUE
2010-06-12,Ross,3.422082945,0.6600539556058558,0.6600539556058558,0.5735162937918511,TRUE,TRUE
2010-06-13,Ross,3.467826048,0.660373392732517,0.660373392732517,0.5735162937918511,TRUE,TRUE
2010-06-14,Ross,3.516441945,0.6634196082554098,0.6634196082554098,0.5735162937918511,TRUE,TRUE
2010-06-15,Ross,3.599481997,0.7007875216018626,0.7007875216018626,0.5735162937918511,TRUE,TRUE
2010-06-16,Ross,3.649013793,0.7046259909164907,0.7046259909164907,0.5735162937918511,TRUE,TRUE
2010-06-17,Ross,3.784512239,0.7944939235496831,0.7944939235496831,0.5735162937918511,TRUE,TRUE
2010-06-18,Ross,3.885526351,0.8500243368518143,0.8500243368518143,0.5735162937918511,TRUE,TRUE
2010-06-19,Ross,3.921472393,0.8407174961732782,0.8407174961732782,0.5735162937918511,TRUE,TRUE
2010-06-20,Ross,3.914536221,0.7888432588644538,0.7888432588644538,0.5735162937918511,TRUE,TRUE
2010-06-21,Ross,3.914112121,0.7438799122757263,0.7438799122757263,0.5735162937918511,TRUE,TRUE
2010-06-22,Ross,4.010176828,0.7958881927574781,0.7958881927574781,0.5735162937918511,TRUE,TRUE
2010-06-23,Ross,4.103528712,0.8457504716600965,0.8457504716600965,0.5735162937918511,TRUE,TRUE
2010-06-24,Ross,4.181034668,0.8804176453339623,0.8804176453339623,0.5735162937918511,TRUE,TRUE
2010-06-25,Ross,4.240174209,0.8974532281294629,0.8974532281294629,0.5735162937918511,TRUE,TRUE
2010-06-26,Ross,4.280554915,0.8965488013969805,0.8965488013969805,0.5735162937918511,TRUE,TRUE
2010-06-27,Ross,4.325776633,0.9013731550251416,0.9013731550251416,0.5735162937918511,TRUE,TRUE
2010-06-28,Ross,4.313322305,0.8493643845564702,0.8493643845564702,0.5735162937918511,TRUE,TRUE
2010-06-29,Ross,4.34455486,0.8417885777084031,0.8417885777084031,0.5735162937918511,TRUE,TRUE
2010-06-30,Ross,4.365324708,0.8243990358664295,0.8243990358664295,0.5735162937918511,TRUE,TRUE
2010-07-01,Ross,4.35454042,0.7760072214160423,0.7760072214160423,0.5735162937918511,TRUE,TRUE
2010-07-02,Ross,4.337851962,0.7221659917427337,0.7221659917427337,0.5735162937918511,TRUE,TRUE
2010-07-03,Ross,4.329419488,0.6769383922319894,0.6769383922319894,0.5735162937918511,TRUE,TRUE
2010-07-04,Ross,4.333519726,0.6445040422693049,0.6445040422693049,0.5735162937918511,TRUE,TRUE
2010-07-05,Ross,4.379562595,0.6541757522401719,0.6541757522401719,0.5735162937918511,TRUE,TRUE
2010-07-06,Ross,4.427850096,0.666158414530079,0.666158414530079,0.5735162937918511,TRUE,TRUE
2010-07-07,Ross,4.469887392,0.671860083524523,0.671860083524523,0.5735162937918511,TRUE,TRUE
2010-07-08,Ross,4.551412388,0.7169215556089843,0.7169215556089843,0.5735162937918511,TRUE,TRUE
2010-07-09,Ross,4.64788812,0.7767090656383941,0.7767090656383941,0.5735162937918511,TRUE,TRUE
2010-07-10,Ross,4.733142305,0.8250133308480292,0.8250133308480292,0.5735162937918511,TRUE,TRUE
2010-07-11,Ross,4.806814016,0.8615672982659914,0.8615672982659914,0.5735162937918511,TRUE,TRUE
2010-07-12,Ross,4.834736334,0.8523152422747189,0.8523152422747189,0.5735162937918511,TRUE,TRUE
2010-07-13,Ross,4.885263887,0.8657229842566503,0.8657229842566503,0.5735162937918511,TRUE,TRUE
2010-07-14,Ross,4.883336257,0.8268412995942258,0.8268412995942258,0.5735162937918511,TRUE,TRUE
2010-07-15,Ross,4.885996396,0.792824333669877,0.792824333669877,0.5735162937918511,TRUE,TRUE
2010-07-16,Ross,4.960990833,0.8315298088660485,0.8315298088660485,0.5735162937918511,TRUE,TRUE
2010-07-17,Ross,4.999801379,0.8345507295651675,0.8345507295651675,0.5735162937918511,TRUE,TRUE
2010-07-18,Ross,5.079766686,0.8793369411496803,0.8793369411496803,0.5735162937918511,TRUE,TRUE
2010-07-19,Ross,5.127374255,0.8924871380020196,0.8924871380020196,0.5735162937918511,TRUE,TRUE
2010-07-20,Ross,5.122949684,0.8544381115046225,0.8544381115046225,0.5735162937918511,TRUE,TRUE
2010-07-21,Ross,5.057420183,0.7562282650399306,0.7562282650399306,0.5735162937918511,TRUE,TRUE
2010-07-22,Ross,5.055572758,0.7227468741782825,0.7227468741782825,0.5735162937918511,TRUE,TRUE
2010-07-23,Ross,5.056956422,0.6935220523792136,0.6935220523792136,0.5735162937918511,TRUE,TRUE
2010-07-24,Ross,5.070595228,0.6774671702493169,0.6774671702493169,0.5735162937918511,TRUE,TRUE
2010-07-25,Ross,5.137925004,0.7159053367707315,0.7159053367707315,0.5735162937918511,TRUE,TRUE
2010-07-26,Ross,5.184726013,0.734504095925586,0.734504095925586,0.5735162937918511,TRUE,TRUE
2010-07-27,Ross,5.245744747,0.7678972206960104,0.7678972206960104,0.5735162937918511,TRUE,TRUE
2010-07-28,Ross,5.273497302,0.7684880880641405,0.7684880880641405,0.5735162937918511,TRUE,TRUE
2010-07-29,Ross,5.265982182,0.7341624830121125,0.7341624830121125,0.5735162937918511,TRUE,TRUE
2010-07-30,Ross,5.274856887,0.7164651865220542,0.7164651865220542,0.5735162937918511,TRUE,TRUE
2010-07-31,Ross,5.281605978,0.6967680405761003,0.6967680405761003,0.5735162937918511,TRUE,TRUE
2010-08-01,Ross,5.299802073,0.6885309441563789,0.6885309441563789,0.5735162937918511,TRUE,TRUE
2010-08-02,Ross,5.325000125,0.6871961312450274,0.6871961312450274,0.5735162937918511,TRUE,TRUE
2010-08-03,Ross,5.351739016,0.6871897664220503,0.6871897664220503,0.5735162937918511,TRUE,TRUE
2010-08-04,Ross,5.429761158,0.7381846804082137,0.7381846804082137,0.5735162937918511,TRUE,TRUE
2010-08-05,Ross,5.452980235,0.7341805846466594,0.7341805846466594,0.5735162937918511,TRUE,TRUE
2010-08-06,Ross,5.483571801,0.7374741370571076,0.7374741370571076,0.5735162937918511,TRUE,TRUE
2010-08-07,Ross,5.467418334,0.6940689195592817,0.6940689195592817,0.5735162937918511,TRUE,TRUE
2010-08-08,Ross,5.485105716,0.6846719180729126,0.6846719180729126,0.5735162937918511,TRUE,TRUE
2010-08-09,Ross,5.483732198,0.6565024875177272,0.6565024875177272,0.5735162937918511,TRUE,TRUE
2010-08-10,Ross,5.468479398,0.6148633498134428,0.6148633498134428,0.5735162937918511,TRUE,TRUE
2010-08-11,Ross,5.469417234,0.5899455268797942,0.5899455268797942,0.5735162937918511,TRUE,TRUE
2010-08-12,Ross,5.514621522,0.6099459386365051,0.6099459386365051,0.5735162937918511,TRUE,TRUE
2010-08-13,Ross,5.510240628,0.5811340550033055,0.5811340550033055,0.5735162937918511,TRUE,TRUE
2010-08-14,Ross,5.514290345,0.5616467728999117,0.5616467728999117,0.5735162937918511,FALSE,FALSE
2010-08-15,Ross,5.508277559,0.5331120822460589,0.5331120822460589,0.5735162937918511,FALSE,FALSE
2010-08-16,Ross,5.445801851,0.4492466873262666,0.4492466873262666,0.5735162937918511,FALSE,FALSE
2010-08-17,Ross,5.445098816,0.428284992597713,0.428284992597713,0.5735162937918511,FALSE,FALSE
2010-08-18,Ross,5.484611954,0.4485338880111476,0.4485338880111476,0.5735162937918511,FALSE,FALSE
2010-08-19,Ross,5.524827929,0.4703360061783153,0.4703360061783153,0.5735162937918511,FALSE,FALSE
2010-08-20,Ross,5.536478427,0.4642790017109606,0.4642790017109606,0.5735162937918511,FALSE,FALSE
2010-08-21,Ross,5.601541923,0.5121973182208341,0.5121973182208341,0.5735162937918511,FALSE,FALSE
2010-08-22,Ross,5.63075216,0.524680667319676,0.524680667319676,0.5735162937918511,FALSE,FALSE
2010-08-23,Ross,5.658592884,0.5360687636192356,0.5360687636192356,0.5735162937918511,FALSE,FALSE
2010-08-24,Ross,5.720783102,0.5819365827312639,0.5819365827312639,0.5735162937918511,TRUE,FALSE
2010-08-25,Ross,5.774910508,0.6197277872674967,0.6197277872674967,0.5735162937918511,TRUE,FALSE
2010-08-26,Ross,5.785226989,0.6135502328396907,0.6135502328396907,0.5735162937918511,TRUE,FALSE
2010-08-27,Ross,5.748752356,0.5602796990595857,0.5602796990595857,0.5735162937918511,FALSE,FALSE
2010-08-28,Ross,5.731971309,0.5262568545389312,0.5262568545389312,0.5735162937918511,FALSE,FALSE
2010-08-29,Ross,5.704645127,0.4811262256852524,0.4811262256852524,0.5735162937918511,FALSE,FALSE
2010-08-30,Ross,5.686332235,0.4444952771340782,0.4444952771340782,0.5735162937918511,FALSE,FALSE
2010-08-31,Ross,5.672127581,0.4115702899425271,0.4115702899425271,0.5735162937918511,FALSE,FALSE
2010-09-01,Ross,5.744420836,0.4648523799016608,0.4648523799016608,0.5735162937918511,FALSE,FALSE
2010-09-02,Ross,5.841671223,0.5429122148025387,0.5429122148025387,0.5735162937918511,FALSE,FALSE
2010-09-03,Ross,5.863049056,0.5450315534362247,0.5450315534362247,0.5735162937918511,FALSE,FALSE
2010-09-04,Ross,5.846556182,0.5093236875937794,0.5093236875937794,0.5735162937918511,FALSE,FALSE
2010-09-05,Ross,5.757313353,0.4010208140662668,0.4010208140662668,0.5735162937918511,FALSE,FALSE
2010-09-06,Ross,5.701448625,0.32636243364474726,0.32636243364474726,0.5735162937918511,FALSE,FALSE
2010-09-07,Ross,5.644701537,0.2511995301202834,0.2511995301202834,0.5735162937918511,FALSE,FALSE
2010-09-08,Ross,5.598550908,0.18712236728393972,0.18712236728393972,0.5735162937918511,FALSE,FALSE
2010-09-09,Ross,5.557458045,0.12870369692677297,0.12870369692677297,0.5735162937918511,FALSE,FALSE
2010-09-10,Ross,5.595843892,0.15047544523868073,0.15047544523868073,0.5735162937918511,FALSE,FALSE
2010-09-11,Ross,5.632225476,0.17102170592128108,0.17102170592128108,0.5735162937918511,FALSE,FALSE
2010-09-12,Ross,5.66845023,0.1921775088544644,0.1921775088544644,0.5735162937918511,FALSE,FALSE
2010-09-13,Ross,5.679772019,0.1891759484386988,0.1891759484386988,0.5735162937918511,FALSE,FALSE
2010-09-14,Ross,5.78184315,0.27764856107446523,0.27764856107446523,0.5735162937918511,FALSE,FALSE
2010-09-15,Ross,5.889804235,0.37271518816222926,0.37271518816222926,0.5735162937918511,FALSE,FALSE
2010-09-16,Ross,5.969579666,0.44027945110246947,0.44027945110246947,0.5735162937918511,FALSE,FALSE
2010-09-17,Ross,6.0223490139999996,0.481500150295659,0.481500150295659,0.5735162937918511,FALSE,FALSE
2010-09-18,Ross,6.050347587,0.4985918231422693,0.4985918231422693,0.5735162937918511,FALSE,FALSE
2010-09-19,Ross,6.06522716,0.503185474042775,0.503185474042775,0.5735162937918511,FALSE,FALSE
2010-09-20,Ross,6.082137862,0.5104104613976475,0.5104104613976475,0.5735162937918511,FALSE,FALSE
2010-09-21,Ross,6.120323153,0.5394894746073637,0.5394894746073637,0.5735162937918511,FALSE,FALSE
2010-09-22,Ross,6.147597621,0.5582163310723924,0.5582163310723924,0.5735162937918511,FALSE,FALSE
2010-09-23,Ross,6.163496678,0.5661074819320184,0.5661074819320184,0.5735162937918511,FALSE,FALSE
2010-09-24,Ross,6.126983976,0.5221269936153918,0.5221269936153918,0.5735162937918511,FALSE,FALSE
2010-09-25,Ross,6.09988619,0.4881137089003502,0.4881137089003502,0.5735162937918511,FALSE,FALSE
2010-09-26,Ross,6.110482506,0.4923591464771748,0.4923591464771748,0.5735162937918511,FALSE,FALSE
2010-09-27,Ross,6.095985517,0.4720882320361435,0.4720882320361435,0.5735162937918511,FALSE,FALSE
2010-09-28,Ross,6.102355904,0.4732739792675398,0.4732739792675398,0.5735162937918511,FALSE,FALSE
2010-09-29,Ross,6.170283963,0.5366190168616454,0.5366190168616454,0.5735162937918511,FALSE,FALSE
2010-09-30,Ross,6.208328174,0.5706941575087416,0.5706941575087416,0.5735162937918511,FALSE,FALSE
2010-10-01,Ross,6.226599474,0.5856226708991104,0.5856226708991104,0.5735162937918511,TRUE,TRUE
2010-10-02,Ross,6.257847117,0.6141661437230308,0.6141661437230308,0.5735162937918511,TRUE,TRUE
2010-10-03,Ross,6.29681382,0.6510796256707874,0.6510796256707874,0.5735162937918511,TRUE,TRUE
2010-10-04,Ross,6.293680258,0.6465561244326601,0.6465561244326601,0.5735162937918511,TRUE,TRUE
2010-10-05,Ross,6.250075892,0.6022374408178255,0.6022374408178255,0.5735162937918511,TRUE,TRUE
2010-10-06,Ross,6.179938402,0.5320822058618333,0.5320822058618333,0.5735162937918511,FALSE,FALSE
2010-10-07,Ross,6.129155755,0.4820246679471163,0.4820246679471163,0.5735162937918511,FALSE,FALSE
2010-10-08,Ross,6.12397328,0.4783610715931079,0.4783610715931079,0.5735162937918511,FALSE,FALSE
2010-10-09,Ross,6.185700839,0.5424521943192522,0.5424521943192522,0.5735162937918511,FALSE,FALSE
2010-10-10,Ross,6.209287365,0.5692978846449872,0.5692978846449872,0.5735162937918511,FALSE,FALSE
2010-10-11,Ross,6.217107621,0.581323821089752,0.581323821089752,0.5735162937918511,TRUE,FALSE
2010-10-12,Ross,6.18023107,0.5496503821729872,0.5496503821729872,0.5735162937918511,FALSE,FALSE
2010-10-13,Ross,6.176028367,0.5516991384141301,0.5516991384141301,0.5735162937918511,FALSE,FALSE
2010-10-14,Ross,6.212237493,0.595258986332623,0.595258986332623,0.5735162937918511,TRUE,FALSE
2010-10-15,Ross,6.192796628,0.5843190214479037,0.5843190214479037,0.5735162937918511,TRUE,FALSE
2010-10-16,Ross,6.158296195,0.5595205822794087,0.5595205822794087,0.5735162937918511,FALSE,FALSE
2010-10-17,Ross,6.081907938,0.4940863283465804,0.4940863283465804,0.5735162937918511,FALSE,FALSE
2010-10-18,Ross,6.032480688,0.45691217094129666,0.45691217094129666,0.5735162937918511,FALSE,FALSE
2010-10-19,Ross,6.006221974,0.4441712602583534,0.4441712602583534,0.5735162937918511,FALSE,FALSE
2010-10-20,Ross,5.998346884,0.4509664293503013,0.4509664293503013,0.5735162937918511,FALSE,FALSE
2010-10-21,Ross,6.030830244,0.49915713108762816,0.49915713108762816,0.5735162937918511,FALSE,FALSE
2010-10-22,Ross,6.0540905,0.5390464383408258,0.5390464383408258,0.5735162937918511,FALSE,FALSE
2010-10-23,Ross,6.057919471,0.5603107969803816,0.5603107969803816,0.5735162937918511,FALSE,FALSE
2010-10-24,Ross,6.053017554,0.5735352308767876,0.5735352308767876,0.5735162937918511,TRUE,FALSE
2010-10-25,Ross,6.036543815,0.5757634329005334,0.5757634329005334,0.5735162937918511,TRUE,FALSE
2010-10-26,Ross,6.014182739,0.5725645149221084,0.5725645149221084,0.5735162937918511,FALSE,FALSE
2010-10-27,Ross,5.971581826,0.5494706038120034,0.5494706038120034,0.5735162937918511,FALSE,FALSE
2010-10-28,Ross,5.96363999,0.5612652404407079,0.5612652404407079,0.5735162937918511,FALSE,FALSE
2010-10-29,Ross,5.971308604,0.5887844246787131,0.5887844246787131,0.5735162937918511,TRUE,FALSE
2010-10-30,Ross,5.936045955,0.5733710703965089,0.5733710703965089,0.5735162937918511,FALSE,FALSE
2010-10-31,Ross,5.86964429,0.5267421281502473,0.5267421281502473,0.5735162937918511,FALSE,FALSE
2010-11-01,Ross,5.822725137,0.4996410956452406,0.4996410956452406,0.5735162937918511,FALSE,FALSE
2010-11-02,Ross,5.820537695,0.5174997340822838,0.5174997340822838,0.5735162937918511,FALSE,FALSE
2010-11-03,Ross,5.792845911,0.5102645689510261,0.5102645689510261,0.5735162937918511,FALSE,FALSE
2010-11-04,Ross,5.766751167,0.5052195607411134,0.5052195607411134,0.5735162937918511,FALSE,FALSE
2010-11-05,Ross,5.758793874,0.5190876989421973,0.5190876989421973,0.5735162937918511,FALSE,FALSE
2010-11-06,Ross,5.731057823,0.514135353043927,0.514135353043927,0.5735162937918511,FALSE,FALSE
2010-11-07,Ross,5.696364142,0.5033662295359491,0.5033662295359491,0.5735162937918511,FALSE,FALSE
2010-11-08,Ross,5.695832904,0.5280829799079116,0.5280829799079116,0.5735162937918511,FALSE,FALSE
2010-11-09,Ross,5.666268915,0.5252729886494647,0.5252729886494647,0.5735162937918511,FALSE,FALSE
2010-11-10,Ross,5.631796297,0.519242956250257,0.519242956250257,0.5735162937918511,FALSE,FALSE
2010-11-11,Ross,5.645584302,0.5633447131999372,0.5633447131999372,0.5735162937918511,FALSE,FALSE
2010-11-12,Ross,5.660818307,0.6109447340697889,0.6109447340697889,0.5735162937918511,TRUE,TRUE
2010-11-13,Ross,5.644933882,0.6295777635080055,0.6295777635080055,0.5735162937918511,TRUE,TRUE
2010-11-14,Ross,5.676772613,0.6980614149151458,0.6980614149151458,0.5735162937918511,TRUE,TRUE
2010-11-15,Ross,5.677622955,0.7376500130726953,0.7376500130726953,0.5735162937918511,TRUE,TRUE
2010-11-16,Ross,5.649914766,0.7507392857621378,0.7507392857621378,0.5735162937918511,TRUE,TRUE
2010-11-17,Ross,5.640559414,0.784206470764957,0.784206470764957,0.5735162937918511,TRUE,TRUE
2010-11-18,Ross,5.631939417,0.8203999558626371,0.8203999558626371,0.5735162937918511,TRUE,TRUE
2010-11-19,Ross,5.596207101,0.8314379368366662,0.8314379368366662,0.5735162937918511,TRUE,TRUE
2010-11-20,Ross,5.508711446,0.792635263468525,0.792635263468525,0.5735162937918511,TRUE,TRUE
2010-11-21,Ross,5.475841688,0.8103470415397034,0.8103470415397034,0.5735162937918511,TRUE,TRUE
2010-11-22,Ross,5.493587655,0.8805289688316797,0.8805289688316797,0.5735162937918511,TRUE,TRUE
2010-11-23,Ross,5.45422091,0.8954184781259427,0.8954184781259427,0.5735162937918511,TRUE,TRUE
2010-11-24,Ross,5.393631606,0.8908715922039754,0.8908715922039754,0.5735162937918511,TRUE,TRUE
2010-11-25,Ross,5.363747431,0.9188069297456902,0.9188069297456902,0.5735162937918511,TRUE,TRUE
2010-11-26,Ross,5.348837179,0.9636961763111024,0.9636961763111024,0.5735162937918511,TRUE,TRUE
2010-11-27,Ross,5.302393787,0.979341739885876,0.979341739885876,0.5735162937918511,TRUE,TRUE
2010-11-28,Ross,5.222193368,0.9638300117329264,0.9638300117329264,0.5735162937918511,TRUE,TRUE
2010-11-29,Ross,5.164805723,0.9740410711151712,0.9740410711151712,0.5735162937918511,TRUE,TRUE
2010-11-30,Ross,5.108733935,0.9887882792955284,0.9887882792955284,0.5735162937918511,TRUE,TRUE
2010-12-01,Ross,5.034755613,0.9891595235369088,0.9891595235369088,0.5735162937918511,TRUE,TRUE
2010-12-02,Ross,4.967523127,1.000117452102233,1.000117452102233,0.5735162937918511,TRUE,TRUE
2010-12-03,Ross,4.903927286,1.0188631522544145,1.0188631522544145,0.5735162937918511,TRUE,TRUE
2010-12-04,Ross,4.821862492,1.0236013042563696,1.0236013042563696,0.5735162937918511,TRUE,TRUE
2010-12-05,Ross,4.720267256,1.0135806973710149,1.0135806973710149,0.5735162937918511,TRUE,TRUE
2010-12-06,Ross,4.567943383,0.9579134148612654,0.9579134148612654,0.5735162937918511,TRUE,TRUE
2010-12-07,Ross,4.403197396,0.8952153556667679,0.8952153556667679,0.5735162937918511,TRUE,TRUE
2010-12-08,Ross,4.269661214,0.8691477047098974,0.8691477047098974,0.5735162937918511,TRUE,TRUE
2010-12-09,Ross,4.200721569,0.9124509374017896,0.9124509374017896,0.5735162937918511,TRUE,TRUE
2010-12-10,Ross,4.122901808,0.9509023544185392,0.9509023544185392,0.5735162937918511,TRUE,TRUE
2010-12-11,Ross,3.982770706,0.9303246844362264,0.9303246844362264,0.5735162937918511,TRUE,TRUE
2010-12-12,Ross,3.908730819,0.978374437130948,0.978374437130948,0.5735162937918511,TRUE,TRUE
2010-12-13,Ross,3.764400646,0.9579240651787893,0.9579240651787893,0.5735162937918511,TRUE,TRUE
2010-12-14,Ross,3.617496657,0.9359439922558406,0.9359439922558406,0.5735162937918511,TRUE,TRUE
2010-12-15,Ross,3.452654358,0.8963236780381947,0.8963236780381947,0.5735162937918511,TRUE,TRUE
2010-12-16,Ross,3.245243772,0.813687099201934,0.813687099201934,0.5735162937918511,TRUE,TRUE
2010-12-17,Ross,3.040666289,0.7326895994231548,0.7326895994231548,0.5735162937918511,TRUE,TRUE
2010-12-18,Ross,2.77900385,0.5926670733779433,0.5926670733779433,0.5735162937918511,TRUE,TRUE
2010-12-19,Ross,2.675588289,0.6082053087423884,0.6082053087423884,0.5735162937918511,TRUE,TRUE
2010-12-20,Ross,2.559982677,0.6081405043566437,0.6081405043566437,0.5735162937918511,TRUE,TRUE
2010-12-21,Ross,2.344939121,0.5048010755536745,0.5048010755536745,0.5735162937918511,FALSE,FALSE
2010-12-22,Ross,2.169823638,0.4373713527019541,0.4373713527019541,0.5735162937918511,FALSE,FALSE
2010-12-23,Ross,2.091116706,0.46215687110553616,0.46215687110553616,0.5735162937918511,FALSE,FALSE
2010-12-24,Ross,1.973333091,0.4434974540684749,0.4434974540684749,0.5735162937918511,FALSE,FALSE
2010-12-25,Ross,1.832107733,0.3968530988948256,0.3968530988948256,0.5735162937918511,FALSE,FALSE
2010-12-26,Ross,1.70213968,0.3567479108886398,0.3567479108886398,0.5735162937918511,FALSE,FALSE
2010-12-27,Ross,1.560142529,0.29972054435397255,0.29972054435397255,0.5735162937918511,FALSE,FALSE
2010-12-28,Ross,1.392937275,0.21241705159488244,0.21241705159488244,0.5735162937918511,FALSE,FALSE
2010-12-29,Ross,1.27585603,0.16999460191541593,0.16999460191541593,0.5735162937918511,FALSE,FALSE
2010-12-30,Ross,1.158018805,0.12139826361963156,0.12139826361963156,0.5735162937918511,FALSE,FALSE
2010-12-31,Ross,1.053093427,0.08012092101158352,0.08012092101158352,0.5735162937918511,FALSE,FALSE
2011-01-01,Ross,0.987641292,0.07254902739532487,0.07254902739532487,0.5735162937918511,FALSE,FALSE
2011-01-02,Ross,0.952594131,0.08954401481482788,0.08954401481482788,0.5735162937918511,FALSE,FALSE
2011-01-03,Ross,0.913570344,0.09707255927372904,0.09707255927372904,0.5735162937918511,FALSE,FALSE
2011-01-04,Ross,0.887176447,0.11219409651558064,0.11219409651558064,0.5735162937918511,FALSE,FALSE
2011-01-05,Ross,0.878196206,0.14014531228394522,0.14014531228394522,0.5735162937918511,FALSE,FALSE
2011-01-06,Ross,0.85870155,0.15345105532237102,0.15345105532237102,0.5735162937918511,FALSE,FALSE
2011-01-07,Ross,0.852978755,0.17685052137441437,0.17685052137441437,0.5735162937918511,FALSE,FALSE
2011-01-08,Ross,0.827716072,0.17748488118363226,0.17748488118363226,0.5735162937918511,FALSE,FALSE
2011-01-09,Ross,0.806766935,0.17966048849357896,0.17966048849357896,0.5735162937918511,FALSE,FALSE
2011-01-10,Ross,0.804147867,0.1978467860478078,0.1978467860478078,0.5735162937918511,FALSE,FALSE
2011-01-11,Ross,0.791534023,0.2041718485898748,0.2041718485898748,0.5735162937918511,FALSE,FALSE
2011-01-12,Ross,0.75211103,0.18227422286333572,0.18227422286333572,0.5735162937918511,FALSE,FALSE
2011-01-13,Ross,0.732619584,0.17934752461174452,0.17934752461174452,0.5735162937918511,FALSE,FALSE
2011-01-14,Ross,0.720715594,0.183494815725022,0.183494815725022,0.5735162937918511,FALSE,FALSE
2011-01-15,Ross,0.689683558,0.16824080448486012,0.16824080448486012,0.5735162937918511,FALSE,FALSE
2011-01-16,Ross,0.675378475,0.16942144539416637,0.16942144539416637,0.5735162937918511,FALSE,FALSE
2011-01-17,Ross,0.670230847,0.1794317998031254,0.1794317998031254,0.5735162937918511,FALSE,FALSE
2011-01-18,Ross,0.650941725,0.17493747806192222,0.17493747806192222,0.5735162937918511,FALSE,FALSE
2011-01-19,Ross,0.624219529,0.16261145952074058,0.16261145952074058,0.5735162937918511,FALSE,FALSE
2011-01-20,Ross,0.599124553,0.1514785975297659,0.1514785975297659,0.5735162937918511,FALSE,FALSE
2011-01-21,Ross,0.585675785,0.15152243943918223,0.15152243943918223,0.5735162937918511,FALSE,FALSE
2011-01-22,Ross,0.589982369,0.1688166885991747,0.1688166885991747,0.5735162937918511,FALSE,FALSE
2011-01-23,Ross,0.586860132,0.17814173135992617,0.17814173135992617,0.5735162937918511,FALSE,FALSE
2011-01-24,Ross,0.586839986,0.189993039071622,0.189993039071622,0.5735162937918511,FALSE,FALSE
2011-01-25,Ross,0.578794449,0.1932076890844473,0.1932076890844473,0.5735162937918511,FALSE,FALSE
2011-01-26,Ross,0.560323386,0.1853501057485865,0.1853501057485865,0.5735162937918511,FALSE,FALSE
2011-01-27,Ross,0.547397339,0.18236257538559203,0.18236257538559203,0.5735162937918511,FALSE,FALSE
2011-01-28,Ross,0.532662235,0.1769114076854834,0.1769114076854834,0.5735162937918511,FALSE,FALSE
2011-01-29,Ross,0.524699489,0.17761856856954628,0.17761856856954628,0.5735162937918511,FALSE,FALSE
2011-01-30,Ross,0.512293064,0.1733086369273365,0.1733086369273365,0.5735162937918511,FALSE,FALSE
2011-01-31,Ross,0.522192972,0.19077224064841325,0.19077224064841325,0.5735162937918511,FALSE,FALSE
2011-02-01,Ross,0.541416865,0.21706764762233405,0.21706764762233405,0.5735162937918511,FALSE,FALSE
2011-02-02,Ross,0.559109191,0.24137992173865583,0.24137992173865583,0.5735162937918511,FALSE,FALSE
2011-02-03,Ross,0.559686004,0.248165732886938,0.248165732886938,0.5735162937918511,FALSE,FALSE
2011-02-04,Ross,0.543613165,0.23793155795673823,0.23793155795673823,0.5735162937918511,FALSE,FALSE
2011-02-05,Ross,0.539375335,0.23920267383761412,0.23920267383761412,0.5735162937918511,FALSE,FALSE
2011-02-06,Ross,0.528955372,0.2340025544191235,0.2340025544191235,0.5735162937918511,FALSE,FALSE
2011-02-07,Ross,0.524580125,0.23459866459082543,0.23459866459082543,0.5735162937918511,FALSE,FALSE
2011-02-08,Ross,0.519595169,0.23437704506893847,0.23437704506893847,0.5735162937918511,FALSE,FALSE
2011-02-09,Ross,0.510282855,0.22964068618657885,0.22964068618657885,0.5735162937918511,FALSE,FALSE
2011-02-10,Ross,0.493099716,0.2168273303626243,0.2168273303626243,0.5735162937918511,FALSE,FALSE
2011-02-11,Ross,0.491861533,0.21972930607515145,0.21972930607515145,0.5735162937918511,FALSE,FALSE
2011-02-12,Ross,0.507858095,0.23961294980223743,0.23961294980223743,0.5735162937918511,FALSE,FALSE
2011-02-13,Ross,0.504759819,0.2401252260219568,0.2401252260219568,0.5735162937918511,FALSE,FALSE
2011-02-14,Ross,0.483275735,0.22195171221238855,0.22195171221238855,0.5735162937918511,FALSE,FALSE
2011-02-15,Ross,0.465558136,0.2072212488516086,0.2072212488516086,0.5735162937918511,FALSE,FALSE
2011-02-16,Ross,0.456460055,0.2007634164176903,0.2007634164176903,0.5735162937918511,FALSE,FALSE
2011-02-17,Ross,0.452599112,0.1991723823887141,0.1991723823887141,0.5735162937918511,FALSE,FALSE
2011-02-18,Ross,0.44323687,0.1916862572427536,0.1916862572427536,0.5735162937918511,FALSE,FALSE
2011-02-19,Ross,0.445130472,0.1950387314578862,0.1950387314578862,0.5735162937918511,FALSE,FALSE
2011-02-20,Ross,0.43899693,0.18992336451218805,0.18992336451218805,0.5735162937918511,FALSE,FALSE
2011-02-21,Ross,0.435230864,0.18671305271855768,0.18671305271855768,0.5735162937918511,FALSE,FALSE
2011-02-22,Ross,0.443813528,0.19538828614910583,0.19538828614910583,0.5735162937918511,FALSE,FALSE
2011-02-23,Ross,0.450189572,0.2014068942224265,0.2014068942224265,0.5735162937918511,FALSE,FALSE
2011-02-24,Ross,0.451564531,0.2019878434105899,0.2019878434105899,0.5735162937918511,FALSE,FALSE
2011-02-25,Ross,0.476915693,0.22612185318566924,0.22612185318566924,0.5735162937918511,FALSE,FALSE
2011-02-26,Ross,0.507606415,0.2551857120197359,0.2551857120197359,0.5735162937918511,FALSE,FALSE
2011-02-27,Ross,0.520049201,0.26560535538486363,0.26560535538486363,0.5735162937918511,FALSE,FALSE
2011-02-28,Ross,0.532983718,0.27613388175312437,0.27613388175312437,0.5735162937918511,FALSE,FALSE
2011-03-01,Ross,0.538140806,0.27851556259658977,0.27851556259658977,0.5735162937918511,FALSE,FALSE
2011-03-02,Ross,0.532768708,0.27001207238733305,0.27001207238733305,0.5735162937918511,FALSE,FALSE
2011-03-03,Ross,0.541243798,0.2750132165974253,0.2750132165974253,0.5735162937918511,FALSE,FALSE
2011-03-04,Ross,0.552575516,0.2825418666989401,0.2825418666989401,0.5735162937918511,FALSE,FALSE
2011-03-05,Ross,0.558539555,0.28438714596163367,0.28438714596163367,0.5735162937918511,FALSE,FALSE
2011-03-06,Ross,0.566358371,0.2877804681894833,0.2877804681894833,0.5735162937918511,FALSE,FALSE
2011-03-07,Ross,0.566311693,0.2829959595367747,0.2829959595367747,0.5735162937918511,FALSE,FALSE
2011-03-08,Ross,0.57112929,0.2827548280091977,0.2827548280091977,0.5735162937918511,FALSE,FALSE
2011-03-09,Ross,0.571152265,0.27738961561244646,0.27738961561244646,0.5735162937918511,FALSE,FALSE
2011-03-10,Ross,0.55597969,0.25649083335221307,0.25649083335221307,0.5735162937918511,FALSE,FALSE
2011-03-11,Ross,0.568615706,0.26305406123419,0.26305406123419,0.5735162937918511,FALSE,FALSE
2011-03-12,Ross,0.578517772,0.266528197264069,0.266528197264069,0.5735162937918511,FALSE,FALSE
2011-03-13,Ross,0.588458906,0.2696776984475437,0.2696776984475437,0.5735162937918511,FALSE,FALSE
2011-03-14,Ross,0.58901187,0.26306676579030874,0.26306676579030874,0.5735162937918511,FALSE,FALSE
2011-03-15,Ross,0.599035937,0.2655461112980517,0.2655461112980517,0.5735162937918511,FALSE,FALSE
2011-03-16,Ross,0.60541434,0.2639904069764697,0.2639904069764697,0.5735162937918511,FALSE,FALSE
2011-03-17,Ross,0.600656746,0.25090075883125157,0.25090075883125157,0.5735162937918511,FALSE,FALSE
2011-03-18,Ross,0.614218014,0.2557236253427817,0.2557236253427817,0.5735162937918511,FALSE,FALSE
2011-03-19,Ross,0.628924035,0.26128050482336,0.26128050482336,0.5735162937918511,FALSE,FALSE
2011-03-20,Ross,0.652263624,0.27506001181105355,0.27506001181105355,0.5735162937918511,FALSE,FALSE
2011-03-21,Ross,0.686066298,0.2988916602207742,0.2988916602207742,0.5735162937918511,FALSE,FALSE
2011-03-22,Ross,0.713634424,0.3160778139674364,0.3160778139674364,0.5735162937918511,FALSE,FALSE
2011-03-23,Ross,0.73327102,0.324921487965952,0.324921487965952,0.5735162937918511,FALSE,FALSE
2011-03-24,Ross,0.744830719,0.3252773121312318,0.3252773121312318,0.5735162937918511,FALSE,FALSE
2011-03-25,Ross,0.760588701,0.3294204633781931,0.3294204633781931,0.5735162937918511,FALSE,FALSE
2011-03-26,Ross,0.7606388,0.31744477262174425,0.31744477262174425,0.5735162937918511,FALSE,FALSE
2011-03-27,Ross,0.755161198,0.29953041877680175,0.29953041877680175,0.5735162937918511,FALSE,FALSE
2011-03-28,Ross,0.758084389,0.2896058927582738,0.2896058927582738,0.5735162937918511,FALSE,FALSE
2011-03-29,Ross,0.788715738,0.3069785564810776,0.3069785564810776,0.5735162937918511,FALSE,FALSE
2011-03-30,Ross,0.831033822,0.33562698386012346,0.33562698386012346,0.5735162937918511,FALSE,FALSE
2011-03-31,Ross,0.857290222,0.34780146880834095,0.34780146880834095,0.5735162937918511,FALSE,FALSE
2011-04-01,Ross,0.867121735,0.34313050284114566,0.34313050284114566,0.5735162937918511,FALSE,FALSE
2011-04-02,Ross,0.860948607,0.3220236405212421,0.3220236405212421,0.5735162937918511,FALSE,FALSE
2011-04-03,Ross,0.857957672,0.3036570224388736,0.3036570224388736,0.5735162937918511,FALSE,FALSE
2011-04-04,Ross,0.842849278,0.272720303184278,0.272720303184278,0.5735162937918511,FALSE,FALSE
2011-04-05,Ross,0.839379073,0.2529584373476974,0.2529584373476974,0.5735162937918511,FALSE,FALSE
2011-04-06,Ross,0.8768466,0.2736602745193749,0.2736602745193749,0.5735162937918511,FALSE,FALSE
2011-04-07,Ross,0.914929972,0.2944932342895472,0.2944932342895472,0.5735162937918511,FALSE,FALSE
2011-04-08,Ross,0.923539486,0.28535692024845793,0.28535692024845793,0.5735162937918511,FALSE,FALSE
2011-04-09,Ross,0.943478586,0.28704408298634787,0.28704408298634787,0.5735162937918511,FALSE,FALSE
2011-04-10,Ross,0.959194381,0.28399113809345544,0.28399113809345544,0.5735162937918511,FALSE,FALSE
2011-04-11,Ross,0.946813532,0.2523140531600233,0.2523140531600233,0.5735162937918511,FALSE,FALSE
2011-04-12,Ross,0.940045327,0.2257117226246591,0.2257117226246591,0.5735162937918511,FALSE,FALSE
2011-04-13,Ross,0.922359399,0.18766475618895684,0.18766475618895684,0.5735162937918511,FALSE,FALSE
2011-04-14,Ross,0.912445762,0.1569093732413801,0.1569093732413801,0.5735162937918511,FALSE,FALSE
2011-04-15,Ross,0.906894067,0.13008472068744104,0.13008472068744104,0.5735162937918511,FALSE,FALSE
2011-04-16,Ross,0.902580551,0.1041165314326511,0.1041165314326511,0.5735162937918511,FALSE,FALSE
2011-04-17,Ross,0.904750705,0.08429979238252405,0.08429979238252405,0.5735162937918511,FALSE,FALSE
2011-04-18,Ross,0.942094457,0.09937392744257156,0.09937392744257156,0.5735162937918511,FALSE,FALSE
2011-04-19,Ross,0.985122911,0.11989953651830688,0.11989953651830688,0.5735162937918511,FALSE,FALSE
2011-04-20,Ross,1.001818949,0.1139089975152402,0.1139089975152402,0.5735162937918511,FALSE,FALSE
2011-04-21,Ross,1.017644047,0.10691328233888796,0.10691328233888796,0.5735162937918511,FALSE,FALSE
2011-04-22,Ross,1.025863224,0.09222690589476146,0.09222690589476146,0.5735162937918511,FALSE,FALSE
2011-04-23,Ross,1.049758236,0.0931811200883711,0.0931811200883711,0.5735162937918511,FALSE,FALSE
2011-04-24,Ross,1.063417788,0.08391412582523239,0.08391412582523239,0.5735162937918511,FALSE,FALSE
2011-04-25,Ross,1.085067102,0.08269054450418167,0.08269054450418167,0.5735162937918511,FALSE,FALSE
2011-04-26,Ross,1.090619948,0.06536765433076508,0.06536765433076508,0.5735162937918511,FALSE,FALSE
2011-04-27,Ross,1.077072374,0.02883202147630181,0.02883202147630181,0.5735162937918511,FALSE,FALSE
2011-04-28,Ross,1.071228143,-2.22631079373814e-4,2.22631079373814e-4,0.5735162937918511,FALSE,FALSE
2011-04-29,Ross,1.097762155,0.00276855664356778,0.00276855664356778,0.5735162937918511,FALSE,FALSE
2011-04-30,Ross,1.133107838,0.01412897262495493,0.01412897262495493,0.5735162937918511,FALSE,FALSE
2011-05-01,Ross,1.135662172,-0.00785444315538352,0.00785444315538352,0.5735162937918511,FALSE,FALSE
2011-05-02,Ross,1.148102362,-0.02061452571761468,0.02061452571761468,0.5735162937918511,FALSE,FALSE
2011-05-03,Ross,1.165590798,-0.02909892508190892,0.02909892508190892,0.5735162937918511,FALSE,FALSE
2011-05-04,Ross,1.177638344,-0.04390681726843781,0.04390681726843781,0.5735162937918511,FALSE,FALSE
2011-05-05,Ross,1.200241913,-0.04915132929737043,0.04915132929737043,0.5735162937918511,FALSE,FALSE
2011-05-06,Ross,1.233979666,-0.0443643401888758,0.0443643401888758,0.5735162937918511,FALSE,FALSE
2011-05-07,Ross,1.274512068,-0.03399533609134653,0.03399533609134653,0.5735162937918511,FALSE,FALSE
2011-05-08,Ross,1.306949696,-0.03299414374705223,0.03299414374705223,0.5735162937918511,FALSE,FALSE
2011-05-09,Ross,1.359752833,-0.01282901483982157,0.01282901483982157,0.5735162937918511,FALSE,FALSE
2011-05-10,Ross,1.385708377,-0.02061988884150523,0.02061988884150523,0.5735162937918511,FALSE,FALSE
2011-05-11,Ross,1.389476016,-0.05161391522395142,0.05161391522395142,0.5735162937918511,FALSE,FALSE
2011-05-12,Ross,1.42103828,-0.05573540145900746,0.05573540145900746,0.5735162937918511,FALSE,FALSE
2011-05-13,Ross,1.481841327,-0.03144502701852714,0.03144502701852714,0.5735162937918511,FALSE,FALSE
2011-05-14,Ross,1.547786542,-0.00274824437435561,0.00274824437435561,0.5735162937918511,FALSE,FALSE
2011-05-15,Ross,1.637178698,0.04875288200165628,0.04875288200165628,0.5735162937918511,FALSE,FALSE
2011-05-16,Ross,1.705922164,0.07905588363765781,0.07905588363765781,0.5735162937918511,FALSE,FALSE
2011-05-17,Ross,1.73809762,0.07233460306180306,0.07233460306180306,0.5735162937918511,FALSE,FALSE
2011-05-18,Ross,1.792586511,0.0875636478022388,0.0875636478022388,0.5735162937918511,FALSE,FALSE
2011-05-19,Ross,1.823234249,0.0786815923871167,0.0786815923871167,0.5735162937918511,FALSE,FALSE
2011-05-20,Ross,1.835119138,0.05085685879403767,0.05085685879403767,0.5735162937918511,FALSE,FALSE
2011-05-21,Ross,1.838781525,0.01466435712936231,0.01466435712936231,0.5735162937918511,FALSE,FALSE
2011-05-22,Ross,1.877653023,0.01352172610909496,0.01352172610909496,0.5735162937918511,FALSE,FALSE
2011-05-23,Ross,1.888951912,-0.0153683615775062,0.0153683615775062,0.5735162937918511,FALSE,FALSE
2011-05-24,Ross,1.899229425,-0.04547028024118194,0.04547028024118194,0.5735162937918511,FALSE,FALSE
2011-05-25,Ross,1.937831572,-0.04745362719267088,0.04745362719267088,0.5735162937918511,FALSE,FALSE
2011-05-26,Ross,1.95827328,-0.06781908274271298,0.06781908274271298,0.5735162937918511,FALSE,FALSE
2011-05-27,Ross,2.007480715,-0.05965608820205093,0.05965608820205093,0.5735162937918511,FALSE,FALSE
2011-05-28,Ross,2.104483858,-0.00395026988142532,0.00395026988142532,0.5735162937918511,FALSE,FALSE
2011-05-29,Ross,2.158561987,0.00856204290842255,0.00856204290842255,0.5735162937918511,FALSE,FALSE
2011-05-30,Ross,2.186866664,-0.00498319514324618,0.00498319514324618,0.5735162937918511,FALSE,FALSE
2011-05-31,Ross,2.242669301,0.00866982065282595,0.00866982065282595,0.5735162937918511,FALSE,FALSE
2011-06-01,Ross,2.293127148,0.01666273298590015,0.01666273298590015,0.5735162937918511,FALSE,FALSE
2011-06-02,Ross,2.281823154,-0.03743245804969231,0.03743245804969231,0.5735162937918511,FALSE,FALSE
2011-06-03,Ross,2.231464654,-0.13089870041674656,0.13089870041674656,0.5735162937918511,FALSE,FALSE
2011-06-04,Ross,2.2412583,-0.16451389629237312,0.16451389629237312,0.5735162937918511,FALSE,FALSE
2011-06-05,Ross,2.29357715,-0.15588954164147228,0.15588954164147228,0.5735162937918511,FALSE,FALSE
2011-06-06,Ross,2.344150675,-0.1492807194289454,0.1492807194289454,0.5735162937918511,FALSE,FALSE
2011-06-07,Ross,2.411321058,-0.12632980061969734,0.12632980061969734,0.5735162937918511,FALSE,FALSE
2011-06-08,Ross,2.456536074,-0.12557356417862442,0.12557356417862442,0.5735162937918511,FALSE,FALSE
2011-06-09,Ross,2.511686056,-0.11510623107063056,0.11510623107063056,0.5735162937918511,FALSE,FALSE
2011-06-10,Ross,2.544004337,-0.12767902226061967,0.12767902226061967,0.5735162937918511,FALSE,FALSE
2011-06-11,Ross,2.587996989,-0.12877041971349046,0.12877041971349046,0.5735162937918511,FALSE,FALSE
2011-06-12,Ross,2.637793725,-0.12423526439414444,0.12423526439414444,0.5735162937918511,FALSE,FALSE
2011-06-13,Ross,2.723145495,-0.0843071602674832,0.0843071602674832,0.5735162937918511,FALSE,FALSE
2011-06-14,Ross,2.765535132,-0.08748720474459004,0.08748720474459004,0.5735162937918511,FALSE,FALSE
2011-06-15,Ross,2.793326905,-0.10536757039813738,0.10536757039813738,0.5735162937918511,FALSE,FALSE
2011-06-16,Ross,2.768727171,-0.17566063108350916,0.17566063108350916,0.5735162937918511,FALSE,FALSE
2011-06-17,Ross,2.777133722,-0.2128845934503172,0.2128845934503172,0.5735162937918511,FALSE,FALSE
2011-06-18,Ross,2.835609814,-0.19989220014818576,0.19989220014818576,0.5735162937918511,FALSE,FALSE
2011-06-19,Ross,2.878574905,-0.2021799918267222,0.2021799918267222,0.5735162937918511,FALSE,FALSE
2011-06-20,Ross,2.898244336,-0.2274486261355464,0.2274486261355464,0.5735162937918511,FALSE,FALSE
2011-06-21,Ross,2.891309987,-0.2789222217242737,0.2789222217242737,0.5735162937918511,FALSE,FALSE
2011-06-22,Ross,2.895446374,-0.31884226124252146,0.31884226124252146,0.5735162937918511,FALSE,FALSE
2011-06-23,Ross,2.894626975,-0.3631512653399036,0.3631512653399036,0.5735162937918511,FALSE,FALSE
2011-06-24,Ross,2.891338199,-0.4092788236660372,0.4092788236660372,0.5735162937918511,FALSE,FALSE
2011-06-25,Ross,2.882656515,-0.4600644658705373,0.4600644658705373,0.5735162937918511,FALSE,FALSE
2011-06-26,Ross,2.870970988,-0.5130351256030194,0.5130351256030194,0.5735162937918511,FALSE,FALSE
2011-06-27,Ross,2.880123779,-0.5442796989748588,0.5442796989748588,0.5735162937918511,FALSE,FALSE
2011-06-28,Ross,2.883146259,-0.5808116614435295,0.5808116614435295,0.5735162937918511,TRUE,FALSE
2011-06-29,Ross,2.953554894,-0.5492113882915968,0.5492113882915968,0.5735162937918511,FALSE,FALSE
2011-06-30,Ross,3.031936596,-0.5089890761335707,0.5089890761335707,0.5735162937918511,FALSE,FALSE
2011-07-01,Ross,3.153519229,-0.4250139695839579,0.4250139695839579,0.5735162937918511,FALSE,FALSE
2011-07-02,Ross,3.26573342,-0.34995255025726646,0.34995255025726646,0.5735162937918511,FALSE,FALSE
2011-07-03,Ross,3.279899305,-0.3725817907680109,0.3725817907680109,0.5735162937918511,FALSE,FALSE
2011-07-04,Ross,3.362295188,-0.3267204957306946,0.3267204957306946,0.5735162937918511,FALSE,FALSE
2011-07-05,Ross,3.390252946,-0.3351338967598285,0.3351338967598285,0.5735162937918511,FALSE,FALSE
2011-07-06,Ross,3.392011527,-0.3696801544699211,0.3696801544699211,0.5735162937918511,FALSE,FALSE
2011-07-07,Ross,3.397028813,-0.4009984954754775,0.4009984954754775,0.5735162937918511,FALSE,FALSE
2011-07-08,Ross,3.485218807,-0.349272025391016,0.349272025391016,0.5735162937918511,FALSE,FALSE
2011-07-09,Ross,3.561031631,-0.31014742336160595,0.31014742336160595,0.5735162937918511,FALSE,FALSE
2011-07-10,Ross,3.573920839,-0.33420813515197123,0.33420813515197123,0.5735162937918511,FALSE,FALSE
2011-07-11,Ross,3.582125247,-0.36312147073400824,0.36312147073400824,0.5735162937918511,FALSE,FALSE
2011-07-12,Ross,3.604705284,-0.3777158077252807,0.3777158077252807,0.5735162937918511,FALSE,FALSE
2011-07-13,Ross,3.635157114,-0.38438378874334944,0.38438378874334944,0.5735162937918511,FALSE,FALSE
2011-07-14,Ross,3.680751958,-0.37574299940577394,0.37574299940577394,0.5735162937918511,FALSE,FALSE
2011-07-15,Ross,3.781618896,-0.3115531663301234,0.3115531663301234,0.5735162937918511,FALSE,FALSE
2011-07-16,Ross,3.850268735,-0.27919228913395155,0.27919228913395155,0.5735162937918511,FALSE,FALSE
2011-07-17,Ross,3.872144364,-0.2931062854348325,0.2931062854348325,0.5735162937918511,FALSE,FALSE
2011-07-18,Ross,3.914318595,-0.2861111498503197,0.2861111498503197,0.5735162937918511,FALSE,FALSE
2011-07-19,Ross,3.923557458,-0.3113296589979808,0.3113296589979808,0.5735162937918511,FALSE,FALSE
2011-07-20,Ross,3.948912659,-0.3195989134953776,0.3195989134953776,0.5735162937918511,FALSE,FALSE
2011-07-21,Ross,3.99709137,-0.3041005479600689,0.3041005479600689,0.5735162937918511,FALSE,FALSE
2011-07-22,Ross,4.027019298,-0.3058065858217178,0.3058065858217178,0.5735162937918511,FALSE,FALSE
2011-07-23,Ross,4.044668853,-0.3187655166207861,0.3187655166207861,0.5735162937918511,FALSE,FALSE
2011-07-24,Ross,4.083477411,-0.30965064675068366,0.30965064675068366,0.5735162937918511,FALSE,FALSE
2011-07-25,Ross,4.135118065,-0.2869016022292685,0.2869016022292685,0.5735162937918511,FALSE,FALSE
2011-07-26,Ross,4.157175448,-0.29304646907441345,0.29304646907441345,0.5735162937918511,FALSE,FALSE
2011-07-27,Ross,4.180580186,-0.29726734030398916,0.29726734030398916,0.5735162937918511,FALSE,FALSE
2011-07-28,Ross,4.212367247,-0.2926419669358591,0.2926419669358591,0.5735162937918511,FALSE,FALSE
2011-07-29,Ross,4.206323495,-0.32549620398788726,0.32549620398788726,0.5735162937918511,FALSE,FALSE
2011-07-30,Ross,4.246157839,-0.31223386147794585,0.31223386147794585,0.5735162937918511,FALSE,FALSE
2011-07-31,Ross,4.265261081,-0.31957685642389944,0.31957685642389944,0.5735162937918511,FALSE,FALSE
2011-08-01,Ross,4.302252542,-0.3090185868436217,0.3090185868436217,0.5735162937918511,FALSE,FALSE
2011-08-02,Ross,4.3738711,-0.26393289375497275,0.26393289375497275,0.5735162937918511,FALSE,FALSE
2011-08-03,Ross,4.418404434,-0.24614481557794932,0.24614481557794932,0.5735162937918511,FALSE,FALSE
2011-08-04,Ross,4.428779054,-0.2627974235917865,0.2627974235917865,0.5735162937918511,FALSE,FALSE
2011-08-05,Ross,4.411611019,-0.3071886313533403,0.3071886313533403,0.5735162937918511,FALSE,FALSE
2011-08-06,Ross,4.411138591,-0.3349590729428922,0.3349590729428922,0.5735162937918511,FALSE,FALSE
2011-08-07,Ross,4.462212466,-0.31113694844071826,0.31113694844071826,0.5735162937918511,FALSE,FALSE
2011-08-08,Ross,4.487438841,-0.3129949569270867,0.3129949569270867,0.5735162937918511,FALSE,FALSE
2011-08-09,Ross,4.524523188,-0.30270652248227314,0.30270652248227314,0.5735162937918511,FALSE,FALSE
2011-08-10,Ross,4.511971694,-0.3416443541865579,0.3416443541865579,0.5735162937918511,FALSE,FALSE
2011-08-11,Ross,4.491443599,-0.3880281081202055,0.3880281081202055,0.5735162937918511,FALSE,FALSE
2011-08-12,Ross,4.546093794,-0.3585817893634946,0.3585817893634946,0.5735162937918511,FALSE,FALSE
2011-08-13,Ross,4.566219325,-0.3628872479966949,0.3628872479966949,0.5735162937918511,FALSE,FALSE
2011-08-14,Ross,4.541744749,-0.4108988231000881,0.4108988231000881,0.5735162937918511,FALSE,FALSE
2011-08-15,Ross,4.5227892,-0.4523762767539408,0.4523762767539408,0.5735162937918511,FALSE,FALSE
2011-08-16,Ross,4.495508525,-0.5010466386737331,0.5010466386737331,0.5735162937918511,FALSE,FALSE
2011-08-17,Ross,4.4414291,-0.5753847234022871,0.5753847234022871,0.5735162937918511,TRUE,FALSE
2011-08-18,Ross,4.463323775,-0.5727542909888523,0.5727542909888523,0.5735162937918511,FALSE,FALSE
2011-08-19,Ross,4.535019425,-0.5194724978216847,0.5194724978216847,0.5735162937918511,FALSE,FALSE
2011-08-20,Ross,4.641887209,-0.430312216289039,0.430312216289039,0.5735162937918511,FALSE,FALSE
2011-08-21,Ross,4.645614394,-0.4437302107791661,0.4437302107791661,0.5735162937918511,FALSE,FALSE
2011-08-22,Ross,4.591516159,-0.5145553336803239,0.5145553336803239,0.5735162937918511,FALSE,FALSE
2011-08-23,Ross,4.509512923,-0.6130111973807644,0.6130111973807644,0.5735162937918511,TRUE,TRUE
2011-08-24,Ross,4.421489039,-0.7173574802687366,0.7173574802687366,0.5735162937918511,TRUE,TRUE
2011-08-25,Ross,4.414382481,-0.7408002397325033,0.7408002397325033,0.5735162937918511,TRUE,TRUE
2011-08-26,Ross,4.485497403,-0.6861793531603091,0.6861793531603091,0.5735162937918511,TRUE,TRUE
2011-08-27,Ross,4.550377602,-0.6380950549404139,0.6380950549404139,0.5735162937918511,TRUE,TRUE
2011-08-28,Ross,4.660674901,-0.545039553461069,0.545039553461069,0.5735162937918511,FALSE,FALSE
2011-08-29,Ross,4.770469656,-0.4530492453147472,0.4530492453147472,0.5735162937918511,FALSE,FALSE
2011-08-30,Ross,4.828411388,-0.4134255698659217,0.4134255698659217,0.5735162937918511,FALSE,FALSE
2011-08-31,Ross,4.865698061,-0.3948592300574729,0.3948592300574729,0.5735162937918511,FALSE,FALSE
2011-09-01,Ross,4.965153587,-0.31441486909833927,0.31441486909833927,0.5735162937918511,FALSE,FALSE
2011-09-02,Ross,5.050595255,-0.24816375319746076,0.24816375319746076,0.5735162937918511,FALSE,FALSE
2011-09-03,Ross,5.126230566,-0.19178693656377543,0.19178693656377543,0.5735162937918511,FALSE,FALSE
2011-09-04,Ross,5.165855335,-0.17137715940622034,0.17137715940622034,0.5735162937918511,FALSE,FALSE
2011-09-05,Ross,5.221442969,-0.1348495699337331,0.1348495699337331,0.5735162937918511,FALSE,FALSE
2011-09-06,Ross,5.26182217,-0.11326402135525272,0.11326402135525272,0.5735162937918511,FALSE,FALSE
2011-09-07,Ross,5.263433041,-0.13006896587971717,0.13006896587971717,0.5735162937918511,FALSE,FALSE
2011-09-08,Ross,5.2298317,-0.1815968407160602,0.1815968407160602,0.5735162937918511,FALSE,FALSE
2011-09-09,Ross,5.208089015,-0.2206653330732271,0.2206653330732271,0.5735162937918511,FALSE,FALSE
2011-09-10,Ross,5.167600541,-0.27776790576132004,0.27776790576132004,0.5735162937918511,FALSE,FALSE
2011-09-11,Ross,5.154975752,-0.3062280180787189,0.3062280180787189,0.5735162937918511,FALSE,FALSE
2011-09-12,Ross,5.176622502,-0.29965021914553613,0.29965021914553613,0.5735162937918511,FALSE,FALSE
2011-09-13,Ross,5.202089388,-0.28850668256130074,0.28850668256130074,0.5735162937918511,FALSE,FALSE
2011-09-14,Ross,5.267154454,-0.2370401349255351,0.2370401349255351,0.5735162937918511,FALSE,FALSE
2011-09-15,Ross,5.34826327,-0.16882577683777011,0.16882577683777011,0.5735162937918511,FALSE,FALSE
2011-09-16,Ross,5.3839558,-0.14534441489753025,0.14534441489753025,0.5735162937918511,FALSE,FALSE
2011-09-17,Ross,5.39311065,-0.14773821370434082,0.14773821370434082,0.5735162937918511,FALSE,FALSE
2011-09-18,Ross,5.396568932,-0.15518683185773074,0.15518683185773074,0.5735162937918511,FALSE,FALSE
2011-09-19,Ross,5.369894379,-0.1921473069572253,0.1921473069572253,0.5735162937918511,FALSE,FALSE
2011-09-20,Ross,5.307906976,-0.26382042460235233,0.26382042460235233,0.5735162937918511,FALSE,FALSE
2011-09-21,Ross,5.29357885,-0.28725482839263616,0.28725482839263616,0.5735162937918511,FALSE,FALSE
2011-09-22,Ross,5.370368758,-0.21901253192760797,0.21901253192760797,0.5735162937918511,FALSE,FALSE
2011-09-23,Ross,5.400405547,-0.19698364906798105,0.19698364906798105,0.5735162937918511,FALSE,FALSE
2011-09-24,Ross,5.367423029,-0.23743395338460793,0.23743395338460793,0.5735162937918511,FALSE,FALSE
2011-09-25,Ross,5.38587151,-0.2259009710996498,0.2259009710996498,0.5735162937918511,FALSE,FALSE
2011-09-26,Ross,5.450080921,-0.16804243852282583,0.16804243852282583,0.5735162937918511,FALSE,FALSE
2011-09-27,Ross,5.509930189,-0.11396709596385612,0.11396709596385612,0.5735162937918511,FALSE,FALSE
2011-09-28,Ross,5.552517582,-0.07656434273246049,0.07656434273246049,0.5735162937918511,FALSE,FALSE
2011-09-29,Ross,5.592466396,-0.04119855013835494,0.04119855013835494,0.5735162937918511,FALSE,FALSE
2011-09-30,Ross,5.605177536,-0.03245648049125815,0.03245648049125815,0.5735162937918511,FALSE,FALSE
2011-10-01,Ross,5.590801714,-0.05017508910088963,0.05017508910088963,0.5735162937918511,FALSE,FALSE
2011-10-02,Ross,5.528922449,-0.11475852427696864,0.11475852427696864,0.5735162937918511,FALSE,FALSE
2011-10-03,Ross,5.475239394,-0.17049480032921238,0.17049480032921238,0.5735162937918511,FALSE,FALSE
2011-10-04,Ross,5.449403324,-0.19772080956733973,0.19772080956733973,0.5735162937918511,FALSE,FALSE
2011-10-05,Ross,5.416171358,-0.2316670931821747,0.2316670931821747,0.5735162937918511,FALSE,FALSE
2011-10-06,Ross,5.375773058,-0.272083138138167,0.272083138138167,0.5735162937918511,FALSE,FALSE
2011-10-07,Ross,5.376536576,-0.27059451105288357,0.27059451105288357,0.5735162937918511,FALSE,FALSE
2011-10-08,Ross,5.387277701,-0.2583345074068921,0.2583345074068921,0.5735162937918511,FALSE,FALSE
2011-10-09,Ross,5.417528936,-0.22571970868074764,0.22571970868074764,0.5735162937918511,FALSE,FALSE
2011-10-10,Ross,5.480197376,-0.159792104355013,0.159792104355013,0.5735162937918511,FALSE,FALSE
2011-10-11,Ross,5.513619224,-0.1221645759102481,0.1221645759102481,0.5735162937918511,FALSE,FALSE
2011-10-12,Ross,5.540377193,-0.09020349482701208,0.09020349482701208,0.5735162937918511,FALSE,FALSE
2011-10-13,Ross,5.517495488,-0.10683374058586992,0.10683374058586992,0.5735162937918511,FALSE,FALSE
2011-10-14,Ross,5.468740485,-0.14823802166737732,0.14823802166737732,0.5735162937918511,FALSE,FALSE
2011-10-15,Ross,5.410465936,-0.19801167055209667,0.19801167055209667,0.5735162937918511,FALSE,FALSE
2011-10-16,Ross,5.349168028,-0.2496075847205912,0.2496075847205912,0.5735162937918511,FALSE,FALSE
2011-10-17,Ross,5.337613873,-0.25020773665341967,0.25020773665341967,0.5735162937918511,FALSE,FALSE
2011-10-18,Ross,5.352206384,-0.22336213305870345,0.22336213305870345,0.5735162937918511,FALSE,FALSE
2011-10-19,Ross,5.364287075,-0.19776363874164635,0.19776363874164635,0.5735162937918511,FALSE,FALSE
2011-10-20,Ross,5.38344896,-0.1639314946496988,0.1639314946496988,0.5735162937918511,FALSE,FALSE
2011-10-21,Ross,5.364176814,-0.16749629891237117,0.16749629891237117,0.5735162937918511,FALSE,FALSE
2011-10-22,Ross,5.374738934,-0.14030512765917447,0.14030512765917447,0.5735162937918511,FALSE,FALSE
2011-10-23,Ross,5.338191866,-0.15941680801961855,0.15941680801961855,0.5735162937918511,FALSE,FALSE
2011-10-24,Ross,5.30146204,-0.17802028312321294,0.17802028312321294,0.5735162937918511,FALSE,FALSE
2011-10-25,Ross,5.270914033,-0.1898663490994661,0.1898663490994661,0.5735162937918511,FALSE,FALSE
2011-10-26,Ross,5.264801978,-0.17681624607789104,0.17681624607789104,0.5735162937918511,FALSE,FALSE
2011-10-27,Ross,5.278600005,-0.14351121718799664,0.14351121718799664,0.5735162937918511,FALSE,FALSE
2011-10-28,Ross,5.268470553,-0.13390419655929175,0.13390419655929175,0.5735162937918511,FALSE,FALSE
2011-10-29,Ross,5.265453926,-0.11707025332128662,0.11707025332128662,0.5735162937918511,FALSE,FALSE
2011-10-30,Ross,5.233400067,-0.12927481760349124,0.12927481760349124,0.5735162937918511,FALSE,FALSE
2011-10-31,Ross,5.188473186,-0.15442897584975235,0.15442897584975235,0.5735162937918511,FALSE,FALSE
2011-11-01,Ross,5.129968831,-0.1931152103547591,0.1931152103547591,0.5735162937918511,FALSE,FALSE
2011-11-02,Ross,5.060078115,-0.24295984591771624,0.24295984591771624,0.5735162937918511,FALSE,FALSE
2011-11-03,Ross,5.058033072,-0.22454827004897385,0.22454827004897385,0.5735162937918511,FALSE,FALSE
2011-11-04,Ross,5.044918376,-0.21661323025888635,0.21661323025888635,0.5735162937918511,FALSE,FALSE
2011-11-05,Ross,5.027320465,-0.21238571005780305,0.21238571005780305,0.5735162937918511,FALSE,FALSE
2011-11-06,Ross,5.027218164,-0.18970430595607368,0.18970430595607368,0.5735162937918511,FALSE,FALSE
2011-11-07,Ross,5.02754728,-0.16545063246405078,0.16545063246405078,0.5735162937918511,FALSE,FALSE
2011-11-08,Ross,5.052845506,-0.11490441809208908,0.11490441809208908,0.5735162937918511,FALSE,FALSE
2011-11-09,Ross,5.034994499,-0.10600142735053542,0.10600142735053542,0.5735162937918511,FALSE,FALSE
2011-11-10,Ross,5.021326895,-0.0912264457497436,0.0912264457497436,0.5735162937918511,FALSE,FALSE
2011-11-11,Ross,5.027838607,-0.05440098180006281,0.05440098180006281,0.5735162937918511,FALSE,FALSE
2011-11-12,Ross,5.020846068,-0.02902750493021155,0.02902750493021155,0.5735162937918511,FALSE,FALSE
2011-11-13,Ross,4.973477667,-0.04187845149199454,0.04187845149199454,0.5735162937918511,FALSE,FALSE
2011-11-14,Ross,4.904958409,-0.07375278908485416,0.07375278908485416,0.5735162937918511,FALSE,FALSE
2011-11-15,Ross,4.836331062,-0.10364187992730488,0.10364187992730488,0.5735162937918511,FALSE,FALSE
2011-11-16,Ross,4.765806982,-0.13336849823786243,0.13336849823786243,0.5735162937918511,FALSE,FALSE
2011-11-17,Ross,4.713095504,-0.1432574392350432,0.1432574392350432,0.5735162937918511,FALSE,FALSE
2011-11-18,Ross,4.674693342,-0.13684611913736244,0.13684611913736244,0.5735162937918511,FALSE,FALSE
2011-11-19,Ross,4.666099839,-0.09866932516333372,0.09866932516333372,0.5735162937918511,FALSE,FALSE
2011-11-20,Ross,4.600383782,-0.11569240053147568,0.11569240053147568,0.5735162937918511,FALSE,FALSE
2011-11-21,Ross,4.493116514,-0.1723781324602971,0.1723781324602971,0.5735162937918511,FALSE,FALSE
2011-11-22,Ross,4.469894243,-0.14316444316832033,0.14316444316832033,0.5735162937918511,FALSE,FALSE
2011-11-23,Ross,4.445612348,-0.11319008387405738,0.11319008387405738,0.5735162937918511,FALSE,FALSE
2011-11-24,Ross,4.410348455,-0.09241155879602392,0.09241155879602392,0.5735162937918511,FALSE,FALSE
2011-11-25,Ross,4.371222964,-0.07371753725430974,0.07371753725430974,0.5735162937918511,FALSE,FALSE
2011-11-26,Ross,4.322919927,-0.0622210756888979,0.0622210756888979,0.5735162937918511,FALSE,FALSE
2011-11-27,Ross,4.278059794,-0.04499225311412402,0.04499225311412402,0.5735162937918511,FALSE,FALSE
2011-11-28,Ross,4.254971308,-0.00339204826707373,0.00339204826707373,0.5735162937918511,FALSE,FALSE
2011-11-29,Ross,4.227359012,0.03659436011517147,0.03659436011517147,0.5735162937918511,FALSE,FALSE
2011-11-30,Ross,4.145735866,0.0257902102955283,0.0257902102955283,0.5735162937918511,FALSE,FALSE
2011-12-01,Ross,4.098565327,0.0529692375369093,0.0529692375369093,0.5735162937918511,FALSE,FALSE
2011-12-02,Ross,4.061029008,0.09362333310223336,0.09362333310223336,0.5735162937918511,FALSE,FALSE
2011-12-03,Ross,4.026070028,0.1410058942544148,0.1410058942544148,0.5735162937918511,FALSE,FALSE
2011-12-04,Ross,3.958290498,0.16002931025636968,0.16002931025636968,0.5735162937918511,FALSE,FALSE
2011-12-05,Ross,3.906809918,0.2001233593710152,0.2001233593710152,0.5735162937918511,FALSE,FALSE
2011-12-06,Ross,3.897160811,0.2871308428612651,0.2871308428612651,0.5735162937918511,FALSE,FALSE
2011-12-07,Ross,3.869175622,0.36119358166676774,0.36119358166676774,0.5735162937918511,FALSE,FALSE
2011-12-08,Ross,3.78855394,0.3880404307098973,0.3880404307098973,0.5735162937918511,FALSE,FALSE
2011-12-09,Ross,3.714618433,0.42634780140179007,0.42634780140179007,0.5735162937918511,FALSE,FALSE
2011-12-10,Ross,3.639417582,0.4674181284185393,0.4674181284185393,0.5735162937918511,FALSE,FALSE
2011-12-11,Ross,3.588656029,0.5362100074362264,0.5362100074362264,0.5735162937918511,FALSE,FALSE
2011-12-12,Ross,3.572418086,0.6420617041309478,0.6420617041309478,0.5735162937918511,TRUE,TRUE
2011-12-13,Ross,3.458173207,0.6516966261787895,0.6516966261787895,0.5735162937918511,TRUE,TRUE
2011-12-14,Ross,3.403729944,0.722177279255841,0.722177279255841,0.5735162937918511,TRUE,TRUE
2011-12-15,Ross,3.327764529,0.7714338490381945,0.7714338490381945,0.5735162937918511,TRUE,TRUE
2011-12-16,Ross,3.218927005,0.7873703322019341,0.7873703322019341,0.5735162937918511,TRUE,TRUE
2011-12-17,Ross,3.168460043,0.8604833534231551,0.8604833534231551,0.5735162937918511,TRUE,TRUE
2011-12-18,Ross,3.030954672,0.8446178953779433,0.8446178953779433,0.5735162937918511,TRUE,TRUE
2011-12-19,Ross,2.913518181,0.8461352007423888,0.8461352007423888,0.5735162937918511,TRUE,TRUE
2011-12-20,Ross,2.802483606,0.8506414333566439,0.8506414333566439,0.5735162937918511,TRUE,TRUE
2011-12-21,Ross,2.717217297,0.8770792515536745,0.8770792515536745,0.5735162937918511,TRUE,TRUE
2011-12-22,Ross,2.637072321,0.9046200357019544,0.9046200357019544,0.5735162937918511,TRUE,TRUE
2011-12-23,Ross,2.543454417,0.914494582105536,0.914494582105536,0.5735162937918511,TRUE,TRUE
2011-12-24,Ross,2.451593118,0.9217574810684748,0.9217574810684748,0.5735162937918511,TRUE,TRUE
2011-12-25,Ross,2.318486779,0.8832321448948257,0.8832321448948257,0.5735162937918511,TRUE,TRUE
2011-12-26,Ross,2.149650382,0.8042586128886398,0.8042586128886398,0.5735162937918511,TRUE,TRUE
2011-12-27,Ross,2.006763189,0.7463412043539726,0.7463412043539726,0.5735162937918511,TRUE,TRUE
2011-12-28,Ross,1.86212254,0.6816023165948826,0.6816023165948826,0.5735162937918511,TRUE,TRUE
2011-12-29,Ross,1.792447102,0.6865856739154159,0.6865856739154159,0.5735162937918511,TRUE,TRUE
2011-12-30,Ross,1.736340269,0.6997197276196316,0.6997197276196316,0.5735162937918511,TRUE,TRUE
2011-12-31,Ross,1.642671888,0.6696993820115834,0.6696993820115834,0.5735162937918511,TRUE,TRUE
2012-01-01,Ross,1.515015111,0.599922846395325,0.599922846395325,0.5735162937918511,TRUE,TRUE
2012-01-02,Ross,1.449990345,0.5869402288148279,0.5869402288148279,0.5735162937918511,TRUE,TRUE
2012-01-03,Ross,1.389217017,0.572719232273729,0.572719232273729,0.5735162937918511,FALSE,FALSE
2012-01-04,Ross,1.363305807,0.5883234565155806,0.5883234565155806,0.5735162937918511,TRUE,FALSE
2012-01-05,Ross,1.315788317,0.5777374232839452,0.5777374232839452,0.5735162937918511,TRUE,FALSE
2012-01-06,Ross,1.261507479,0.556256984322371,0.556256984322371,0.5735162937918511,FALSE,FALSE
2012-01-07,Ross,1.191529905,0.5154016713744143,0.5154016713744143,0.5735162937918511,FALSE,FALSE
2012-01-08,Ross,1.170799577,0.5205683861836322,0.5205683861836322,0.5735162937918511,FALSE,FALSE
2012-01-09,Ross,1.162379305,0.535272858493579,0.535272858493579,0.5735162937918511,FALSE,FALSE
2012-01-10,Ross,1.123146334,0.5168452530478079,0.5168452530478079,0.5735162937918511,FALSE,FALSE
2012-01-11,Ross,1.08965302,0.5022908455898749,0.5022908455898749,0.5735162937918511,FALSE,FALSE
2012-01-12,Ross,1.055960493,0.48612368586333565,0.48612368586333565,0.5735162937918511,FALSE,FALSE
2012-01-13,Ross,1.019039098,0.4657670386117444,0.4657670386117444,0.5735162937918511,FALSE,FALSE
2012-01-14,Ross,0.942696971,0.4054761927250221,0.4054761927250221,0.5735162937918511,FALSE,FALSE
2012-01-15,Ross,0.884479965,0.3630372114848601,0.3630372114848601,0.5735162937918511,FALSE,FALSE
2012-01-16,Ross,0.819259431,0.3133024013941663,0.3133024013941663,0.5735162937918511,FALSE,FALSE
2012-01-17,Ross,0.769969762,0.2791707148031254,0.2791707148031254,0.5735162937918511,FALSE,FALSE
2012-01-18,Ross,0.74096845,0.2649642030619222,0.2649642030619222,0.5735162937918511,FALSE,FALSE
2012-01-19,Ross,0.730643197,0.2690351275207406,0.2690351275207406,0.5735162937918511,FALSE,FALSE
2012-01-20,Ross,0.705037702,0.25739174652976593,0.25739174652976593,0.5735162937918511,FALSE,FALSE
2012-01-21,Ross,0.675461016,0.24130767043918228,0.24130767043918228,0.5735162937918511,FALSE,FALSE
2012-01-22,Ross,0.648090125,0.22692444459917463,0.22692444459917463,0.5735162937918511,FALSE,FALSE
2012-01-23,Ross,0.612988937,0.2042705363599262,0.2042705363599262,0.5735162937918511,FALSE,FALSE
2012-01-24,Ross,0.584755777,0.18790883007162207,0.18790883007162207,0.5735162937918511,FALSE,FALSE
2012-01-25,Ross,0.562080073,0.17649331308444727,0.17649331308444727,0.5735162937918511,FALSE,FALSE
2012-01-26,Ross,0.52890575,0.1539324697485865,0.1539324697485865,0.5735162937918511,FALSE,FALSE
2012-01-27,Ross,0.511370737,0.14633597338559207,0.14633597338559207,0.5735162937918511,FALSE,FALSE
2012-01-28,Ross,0.477022731,0.1212719036854834,0.1212719036854834,0.5735162937918511,FALSE,FALSE
2012-01-29,Ross,0.467204292,0.12012337156954632,0.12012337156954632,0.5735162937918511,FALSE,FALSE
2012-01-30,Ross,0.464866664,0.12588223692733652,0.12588223692733652,0.5735162937918511,FALSE,FALSE
2012-01-31,Ross,0.452779319,0.12135858764841324,0.12135858764841324,0.5735162937918511,FALSE,FALSE
2012-02-01,Ross,0.453463239,0.1291140216223341,0.1291140216223341,0.5735162937918511,FALSE,FALSE
2012-02-02,Ross,0.443618501,0.12588923173865585,0.12588923173865585,0.5735162937918511,FALSE,FALSE
2012-02-03,Ross,0.432023486,0.120503214886938,0.120503214886938,0.5735162937918511,FALSE,FALSE
2012-02-04,Ross,0.419104265,0.11342265795673824,0.11342265795673824,0.5735162937918511,FALSE,FALSE
2012-02-05,Ross,0.396114213,0.0959415518376141,0.0959415518376141,0.5735162937918511,FALSE,FALSE
2012-02-06,Ross,0.388715754,0.09376293641912352,0.09376293641912352,0.5735162937918511,FALSE,FALSE
2012-02-07,Ross,0.383839123,0.09385766259082552,0.09385766259082552,0.5735162937918511,FALSE,FALSE
2012-02-08,Ross,0.355900105,0.07068198106893847,0.07068198106893847,0.5735162937918511,FALSE,FALSE
2012-02-09,Ross,0.352687987,0.07204581818657879,0.07204581818657879,0.5735162937918511,FALSE,FALSE
2012-02-10,Ross,0.329097029,0.05282464336262427,0.05282464336262427,0.5735162937918511,FALSE,FALSE
2012-02-11,Ross,0.325996534,0.05386430707515144,0.05386430707515144,0.5735162937918511,FALSE,FALSE
2012-02-12,Ross,0.32274239,0.05449724480223744,0.05449724480223744,0.5735162937918511,FALSE,FALSE
2012-02-13,Ross,0.32214815,0.05751355702195682,0.05751355702195682,0.5735162937918511,FALSE,FALSE
2012-02-14,Ross,0.312997802,0.05167377921238858,0.05167377921238858,0.5735162937918511,FALSE,FALSE
2012-02-15,Ross,0.300626017,0.0422891298516086,0.0422891298516086,0.5735162937918511,FALSE,FALSE
2012-02-16,Ross,0.295048768,0.03935212941769034,0.03935212941769034,0.5735162937918511,FALSE,FALSE
2012-02-17,Ross,0.292603497,0.03917676738871406,0.03917676738871406,0.5735162937918511,FALSE,FALSE
2012-02-18,Ross,0.295112232,0.04356161924275359,0.04356161924275359,0.5735162937918511,FALSE,FALSE
2012-02-19,Ross,0.300093572,0.05000183145788617,0.05000183145788617,0.5735162937918511,FALSE,FALSE
2012-02-20,Ross,0.300139725,0.05106615951218807,0.05106615951218807,0.5735162937918511,FALSE,FALSE
2012-02-21,Ross,0.298340694,0.0498228827185577,0.0498228827185577,0.5735162937918511,FALSE,FALSE
2012-02-22,Ross,0.307030065,0.05860482314910587,0.05860482314910587,0.5735162937918511,FALSE,FALSE
2012-02-23,Ross,0.318174476,0.0693917982224265,0.0693917982224265,0.5735162937918511,FALSE,FALSE
2012-02-24,Ross,0.322582389,0.07300570141058993,0.07300570141058993,0.5735162937918511,FALSE,FALSE
2012-02-25,Ross,0.325146727,0.07435288718566929,0.07435288718566929,0.5735162937918511,FALSE,FALSE
2012-02-26,Ross,0.339889027,0.08746832401973587,0.08746832401973587,0.5735162937918511,FALSE,FALSE
2012-02-27,Ross,0.353481193,0.0990373473848637,0.0990373473848637,0.5735162937918511,FALSE,FALSE
2012-02-28,Ross,0.359125352,0.10227551575312438,0.10227551575312438,0.5735162937918511,FALSE,FALSE
2012-03-01,Ross,0.374108698,0.11135206238733308,0.11135206238733308,0.5735162937918511,FALSE,FALSE
2012-03-02,Ross,0.386374347,0.12014376559742528,0.12014376559742528,0.5735162937918511,FALSE,FALSE
2012-03-03,Ross,0.389373477,0.11933982769894014,0.11933982769894014,0.5735162937918511,FALSE,FALSE
2012-03-04,Ross,0.394867101,0.1207146919616337,0.1207146919616337,0.5735162937918511,FALSE,FALSE
2012-03-05,Ross,0.402941822,0.12436391918948332,0.12436391918948332,0.5735162937918511,FALSE,FALSE
2012-03-06,Ross,0.409802284,0.12648655053677477,0.12648655053677477,0.5735162937918511,FALSE,FALSE
2012-03-07,Ross,0.414088356,0.1257138940091977,0.1257138940091977,0.5735162937918511,FALSE,FALSE
2012-03-08,Ross,0.41270775,0.1189451006124464,0.1189451006124464,0.5735162937918511,FALSE,FALSE
2012-03-09,Ross,0.413190224,0.11370136735221303,0.11370136735221303,0.5735162937918511,FALSE,FALSE
2012-03-10,Ross,0.418679497,0.11311785223419002,0.11311785223419002,0.5735162937918511,FALSE,FALSE
2012-03-11,Ross,0.421335054,0.109345479264069,0.109345479264069,0.5735162937918511,FALSE,FALSE
2012-03-12,Ross,0.44606771,0.12728650244754375,0.12728650244754375,0.5735162937918511,FALSE,FALSE
2012-03-13,Ross,0.463179553,0.13723444879030877,0.13723444879030877,0.5735162937918511,FALSE,FALSE
2012-03-14,Ross,0.462415447,0.12892562129805168,0.12892562129805168,0.5735162937918511,FALSE,FALSE
2012-03-15,Ross,0.474090637,0.13266670397646962,0.13266670397646962,0.5735162937918511,FALSE,FALSE
2012-03-16,Ross,0.474943099,0.1251871118312516,0.1251871118312516,0.5735162937918511,FALSE,FALSE
2012-03-17,Ross,0.485958098,0.12746370934278173,0.12746370934278173,0.5735162937918511,FALSE,FALSE
2012-03-18,Ross,0.497675952,0.13003242182335994,0.13003242182335994,0.5735162937918511,FALSE,FALSE
2012-03-19,Ross,0.504288829,0.12708521681105356,0.12708521681105356,0.5735162937918511,FALSE,FALSE
2012-03-20,Ross,0.508357079,0.12118244122077426,0.12118244122077426,0.5735162937918511,FALSE,FALSE
2012-03-21,Ross,0.519314826,0.1217582159674364,0.1217582159674364,0.5735162937918511,FALSE,FALSE
2012-03-22,Ross,0.534589702,0.126240169965952,0.126240169965952,0.5735162937918511,FALSE,FALSE
2012-03-23,Ross,0.551131944,0.1315785371312318,0.1315785371312318,0.5735162937918511,FALSE,FALSE
2012-03-24,Ross,0.577588505,0.14642026737819314,0.14642026737819314,0.5735162937918511,FALSE,FALSE
2012-03-25,Ross,0.61344383,0.17024980262174433,0.17024980262174433,0.5735162937918511,FALSE,FALSE
2012-03-26,Ross,0.641867685,0.18623690577680177,0.18623690577680177,0.5735162937918511,FALSE,FALSE
2012-03-27,Ross,0.657776453,0.18929795675827385,0.18929795675827385,0.5735162937918511,FALSE,FALSE
2012-03-28,Ross,0.654657302,0.17292012048107758,0.17292012048107758,0.5735162937918511,FALSE,FALSE
2012-03-29,Ross,0.664575425,0.16916858686012348,0.16916858686012348,0.5735162937918511,FALSE,FALSE
2012-03-30,Ross,0.666266344,0.15677759080834086,0.15677759080834086,0.5735162937918511,FALSE,FALSE
2012-03-31,Ross,0.675368153,0.15137692084114562,0.15137692084114562,0.5735162937918511,FALSE,FALSE
2012-04-01,Ross,0.684365757,0.14544079052124215,0.14544079052124215,0.5735162937918511,FALSE,FALSE
2012-04-02,Ross,0.676206868,0.1219062184388736,0.1219062184388736,0.5735162937918511,FALSE,FALSE
2012-04-03,Ross,0.67991585,0.109786875184278,0.109786875184278,0.5735162937918511,FALSE,FALSE
2012-04-04,Ross,0.699174449,0.11275381334769741,0.11275381334769741,0.5735162937918511,FALSE,FALSE
2012-04-05,Ross,0.736240274,0.1330539485193749,0.1330539485193749,0.5735162937918511,FALSE,FALSE
2012-04-06,Ross,0.770826533,0.1503897952895472,0.1503897952895472,0.5735162937918511,FALSE,FALSE
2012-04-07,Ross,0.79096355,0.15278098424845787,0.15278098424845787,0.5735162937918511,FALSE,FALSE
2012-04-08,Ross,0.808171611,0.15173710798634787,0.15173710798634787,0.5735162937918511,FALSE,FALSE
2012-04-09,Ross,0.849175787,0.17397254409345542,0.17397254409345542,0.5735162937918511,FALSE,FALSE
2012-04-10,Ross,0.866251284,0.1717518051600233,0.1717518051600233,0.5735162937918511,FALSE,FALSE
2012-04-11,Ross,0.887657992,0.17332438762465907,0.17332438762465907,0.5735162937918511,FALSE,FALSE
2012-04-12,Ross,0.92706802,0.1923733771889569,0.1923733771889569,0.5735162937918511,FALSE,FALSE
2012-04-13,Ross,0.961366506,0.20583011724138,0.20583011724138,0.5735162937918511,FALSE,FALSE
2012-04-14,Ross,0.971735587,0.19492624068744105,0.19492624068744105,0.5735162937918511,FALSE,FALSE
2012-04-15,Ross,0.982531541,0.18406752143265104,0.18406752143265104,0.5735162937918511,FALSE,FALSE
2012-04-16,Ross,1.015026921,0.1945760083825241,0.1945760083825241,0.5735162937918511,FALSE,FALSE
2012-04-17,Ross,1.035265761,0.19254523144257152,0.19254523144257152,0.5735162937918511,FALSE,FALSE
2012-04-18,Ross,1.059059584,0.1938362095183069,0.1938362095183069,0.5735162937918511,FALSE,FALSE
2012-04-19,Ross,1.065799227,0.17788927551524025,0.17788927551524025,0.5735162937918511,FALSE,FALSE
2012-04-20,Ross,1.10313129,0.19240052533888796,0.19240052533888796,0.5735162937918511,FALSE,FALSE
2012-04-21,Ross,1.136578148,0.20294182989476128,0.20294182989476128,0.5735162937918511,FALSE,FALSE
2012-04-22,Ross,1.180910377,0.22433326108837115,0.22433326108837115,0.5735162937918511,FALSE,FALSE
2012-04-23,Ross,1.238246612,0.2587429498252324,0.2587429498252324,0.5735162937918511,FALSE,FALSE
2012-04-24,Ross,1.291222323,0.2888457655041816,0.2888457655041816,0.5735162937918511,FALSE,FALSE
2012-04-25,Ross,1.359072417,0.33382012333076494,0.33382012333076494,0.5735162937918511,FALSE,FALSE
2012-04-26,Ross,1.415349405,0.36710905247630166,0.36710905247630166,0.5735162937918511,FALSE,FALSE
2012-04-27,Ross,1.478950295,0.40749952092062625,0.40749952092062625,0.5735162937918511,FALSE,FALSE
2012-04-28,Ross,1.502968207,0.4079746086435676,0.4079746086435676,0.5735162937918511,FALSE,FALSE
2012-04-29,Ross,1.518248572,0.3992697066249551,0.3992697066249551,0.5735162937918511,FALSE,FALSE
2012-04-30,Ross,1.522997615,0.3794809998446165,0.3794809998446165,0.5735162937918511,FALSE,FALSE
2012-05-01,Ross,1.544537565,0.3758206772823854,0.3758206772823854,0.5735162937918511,FALSE,FALSE
2012-05-02,Ross,1.589093046,0.394403322918091,0.394403322918091,0.5735162937918511,FALSE,FALSE
2012-05-03,Ross,1.6062896230000001,0.3847444617315623,0.3847444617315623,0.5735162937918511,FALSE,FALSE
2012-05-04,Ross,1.606841494,0.3574482517026296,0.3574482517026296,0.5735162937918511,FALSE,FALSE
2012-05-05,Ross,1.61329264,0.3349486338111243,0.3349486338111243,0.5735162937918511,FALSE,FALSE
2012-05-06,Ross,1.61002093,0.30151352590865343,0.30151352590865343,0.5735162937918511,FALSE,FALSE
2012-05-07,Ross,1.64117836,0.30123452025294783,0.30123452025294783,0.5735162937918511,FALSE,FALSE
2012-05-08,Ross,1.675768595,0.30318674716017857,0.30318674716017857,0.5735162937918511,FALSE,FALSE
2012-05-09,Ross,1.737991203,0.3316629371584947,0.3316629371584947,0.5735162937918511,FALSE,FALSE
2012-05-10,Ross,1.776815555,0.33572562377604864,0.33572562377604864,0.5735162937918511,FALSE,FALSE
2012-05-11,Ross,1.758377101,0.28160341954099244,0.28160341954099244,0.5735162937918511,FALSE,FALSE
2012-05-12,Ross,1.757163558,0.24387720398147297,0.24387720398147297,0.5735162937918511,FALSE,FALSE
2012-05-13,Ross,1.770901855,0.22036706862564423,0.22036706862564423,0.5735162937918511,FALSE,FALSE
2012-05-14,Ross,1.785745387,0.1973195710016562,0.1973195710016562,0.5735162937918511,FALSE,FALSE
2012-05-15,Ross,1.835683448,0.2088171676376578,0.2088171676376578,0.5735162937918511,FALSE,FALSE
2012-05-16,Ross,1.914802226,0.249039209061803,0.249039209061803,0.5735162937918511,FALSE,FALSE
2012-05-17,Ross,1.971139715,0.26611685180223876,0.26611685180223876,0.5735162937918511,FALSE,FALSE
2012-05-18,Ross,2.018550583,0.27399792638711684,0.27399792638711684,0.5735162937918511,FALSE,FALSE
2012-05-19,Ross,2.07672357,0.2924612907940376,0.2924612907940376,0.5735162937918511,FALSE,FALSE
2012-05-20,Ross,2.140883645,0.31676647712936257,0.31676647712936257,0.5735162937918511,FALSE,FALSE
2012-05-21,Ross,2.236601914,0.372470617109095,0.372470617109095,0.5735162937918511,FALSE,FALSE
2012-05-22,Ross,2.274503643,0.37018336942249386,0.37018336942249386,0.5735162937918511,FALSE,FALSE
2012-05-23,Ross,2.248797721,0.304098015758818,0.304098015758818,0.5735162937918511,FALSE,FALSE
2012-05-24,Ross,2.230836063,0.24555086380732916,0.24555086380732916,0.5735162937918511,FALSE,FALSE
2012-05-25,Ross,2.23925734,0.213164977257287,0.213164977257287,0.5735162937918511,FALSE,FALSE
2012-05-26,Ross,2.286934773,0.2197979697979493,0.2197979697979493,0.5735162937918511,FALSE,FALSE
2012-05-27,Ross,2.396908924,0.2884747961185745,0.2884747961185745,0.5735162937918511,FALSE,FALSE
2012-05-28,Ross,2.435331199,0.2853312549084226,0.2853312549084226,0.5735162937918511,FALSE,FALSE
2012-05-29,Ross,2.495811894,0.30396203485675377,0.30396203485675377,0.5735162937918511,FALSE,FALSE
2012-05-30,Ross,2.562158381,0.32815890065282627,0.32815890065282627,0.5735162937918511,FALSE,FALSE
2012-05-31,Ross,2.573255158,0.2967907429859,0.2967907429859,0.5735162937918511,FALSE,FALSE
2012-06-01,Ross,2.607693103,0.2884374909503076,0.2884374909503076,0.5735162937918511,FALSE,FALSE
2012-06-02,Ross,2.655225192,0.2928618375832537,0.2928618375832537,0.5735162937918511,FALSE,FALSE
2012-06-03,Ross,2.704498279,0.2987260827076268,0.2987260827076268,0.5735162937918511,FALSE,FALSE
2012-06-04,Ross,2.748143022,0.2986763303585276,0.2986763303585276,0.5735162937918511,FALSE,FALSE
2012-06-05,Ross,2.814145956,0.3207145615710547,0.3207145615710547,0.5735162937918511,FALSE,FALSE
2012-06-06,Ross,2.912420927,0.3747700683803026,0.3747700683803026,0.5735162937918511,FALSE,FALSE
2012-06-07,Ross,2.96518029,0.3830706518213755,0.3830706518213755,0.5735162937918511,FALSE,FALSE
2012-06-08,Ross,3.026662803,0.3998705159293694,0.3998705159293694,0.5735162937918511,FALSE,FALSE
2012-06-09,Ross,3.07611051,0.4044271507393802,0.4044271507393802,0.5735162937918511,FALSE,FALSE
2012-06-10,Ross,3.141727769,0.4249603602865095,0.4249603602865095,0.5735162937918511,FALSE,FALSE
2012-06-11,Ross,3.181953213,0.4199242236058556,0.4199242236058556,0.5735162937918511,FALSE,FALSE
2012-06-12,Ross,3.206921819,0.3994691637325172,0.3994691637325172,0.5735162937918511,FALSE,FALSE
2012-06-13,Ross,3.247839258,0.3948169212554098,0.3948169212554098,0.5735162937918511,FALSE,FALSE
2012-06-14,Ross,3.277269752,0.37857527660186285,0.37857527660186285,0.5735162937918511,FALSE,FALSE
2012-06-15,Ross,3.360540428,0.41615262591649094,0.41615262591649094,0.5735162937918511,FALSE,FALSE
2012-06-16,Ross,3.418745079,0.4287267635496827,0.4287267635496827,0.5735162937918511,FALSE,FALSE
2012-06-17,Ross,3.494249436,0.45874742185181416,0.45874742185181416,0.5735162937918511,FALSE,FALSE
2012-06-18,Ross,3.510994376,0.4302394791732782,0.4302394791732782,0.5735162937918511,FALSE,FALSE
2012-06-19,Ross,3.510852351,0.3851593888644538,0.3851593888644538,0.5735162937918511,FALSE,FALSE
2012-06-20,Ross,3.573136388,0.4029041792757262,0.4029041792757262,0.5735162937918511,FALSE,FALSE
2012-06-21,Ross,3.678475405,0.4641867697574784,0.4641867697574784,0.5735162937918511,FALSE,FALSE
2012-06-22,Ross,3.730611351,0.47283311066009626,0.47283311066009626,0.5735162937918511,FALSE,FALSE
2012-06-23,Ross,3.761410493,0.4607934703339627,0.4607934703339627,0.5735162937918511,FALSE,FALSE
2012-06-24,Ross,3.830275854,0.4875548731294628,0.4875548731294628,0.5735162937918511,FALSE,FALSE
2012-06-25,Ross,3.846123616,0.4621175023969806,0.4621175023969806,0.5735162937918511,FALSE,FALSE
2012-06-26,Ross,3.859839477,0.4354359990251413,0.4354359990251413,0.5735162937918511,FALSE,FALSE
2012-06-27,Ross,3.902756581,0.4387986605564702,0.4387986605564702,0.5735162937918511,FALSE,FALSE
2012-06-28,Ross,3.903047973,0.4002816907084034,0.4002816907084034,0.5735162937918511,FALSE,FALSE
2012-06-29,Ross,3.912143714,0.37121804186642926,0.37121804186642926,0.5735162937918511,FALSE,FALSE
2012-06-30,Ross,3.931339275,0.3528060764160421,0.3528060764160421,0.5735162937918511,FALSE,FALSE
2012-07-01,Ross,3.95248474,0.3367987697427335,0.3367987697427335,0.5735162937918511,FALSE,FALSE
2012-07-02,Ross,3.961980106,0.3094990102319892,0.3094990102319892,0.5735162937918511,FALSE,FALSE
2012-07-03,Ross,3.974922697,0.2859070132693051,0.2859070132693051,0.5735162937918511,FALSE,FALSE
2012-07-04,Ross,3.982705475,0.2573186322401715,0.2573186322401715,0.5735162937918511,FALSE,FALSE
2012-07-05,Ross,4.007859102,0.246167420530079,0.246167420530079,0.5735162937918511,FALSE,FALSE
2012-07-06,Ross,4.029188538,0.23116122952452223,0.23116122952452223,0.5735162937918511,FALSE,FALSE
2012-07-07,Ross,4.021443968,0.18695313560898397,0.18695313560898397,0.5735162937918511,FALSE,FALSE
2012-07-08,Ross,4.042438805,0.17125975063839372,0.17125975063839372,0.5735162937918511,FALSE,FALSE
2012-07-09,Ross,4.09193826,0.1838092858480289,0.1838092858480289,0.5735162937918511,FALSE,FALSE
2012-07-10,Ross,4.190652554,0.24540583626599144,0.24540583626599144,0.5735162937918511,FALSE,FALSE
2012-07-11,Ross,4.335012759,0.3525916672747189,0.3525916672747189,0.5735162937918511,FALSE,FALSE
2012-07-12,Ross,4.367846608,0.3483057052566503,0.3483057052566503,0.5735162937918511,FALSE,FALSE
2012-07-13,Ross,4.323239191,0.26674423359422583,0.26674423359422583,0.5735162937918511,FALSE,FALSE
2012-07-14,Ross,4.358566716,0.265394653669877,0.265394653669877,0.5735162937918511,FALSE,FALSE
2012-07-15,Ross,4.389183187,0.25972216286604866,0.25972216286604866,0.5735162937918511,FALSE,FALSE
2012-07-16,Ross,4.415956511,0.2507058615651676,0.2507058615651676,0.5735162937918511,FALSE,FALSE
2012-07-17,Ross,4.468090699,0.2676609541496804,0.2676609541496804,0.5735162937918511,FALSE,FALSE
2012-07-18,Ross,4.529587902,0.29470078500201957,0.29470078500201957,0.5735162937918511,FALSE,FALSE
2012-07-19,Ross,4.611303289,0.3427917165046228,0.3427917165046228,0.5735162937918511,FALSE,FALSE
2012-07-20,Ross,4.669624227,0.3684323090399309,0.3684323090399309,0.5735162937918511,FALSE,FALSE
2012-07-21,Ross,4.714875794,0.3820499101782824,0.3820499101782824,0.5735162937918511,FALSE,FALSE
2012-07-22,Ross,4.748895458,0.3854610883792136,0.3854610883792136,0.5735162937918511,FALSE,FALSE
2012-07-23,Ross,4.82131763,0.428189572249317,0.428189572249317,0.5735162937918511,FALSE,FALSE
2012-07-24,Ross,4.861907855,0.4398881877707312,0.4398881877707312,0.5735162937918511,FALSE,FALSE
2012-07-25,Ross,4.875541831,0.4253199139255859,0.4253199139255859,0.5735162937918511,FALSE,FALSE
2012-07-26,Ross,4.870321423,0.3924738966960106,0.3924738966960106,0.5735162937918511,FALSE,FALSE
2012-07-27,Ross,4.845073097,0.3400638830641407,0.3400638830641407,0.5735162937918511,FALSE,FALSE
2012-07-28,Ross,4.791480361,0.259660662012112,0.259660662012112,0.5735162937918511,FALSE,FALSE
2012-07-29,Ross,4.805136014,0.24674431352205417,0.24674431352205417,0.5735162937918511,FALSE,FALSE
2012-07-30,Ross,4.826743331,0.24190539357610064,0.24190539357610064,0.5735162937918511,FALSE,FALSE
2012-07-31,Ross,4.85653121,0.24526008115637857,0.24526008115637857,0.5735162937918511,FALSE,FALSE
2012-08-01,Ross,4.849033512,0.21122951824502767,0.21122951824502767,0.5735162937918511,FALSE,FALSE
2012-08-02,Ross,4.82454348,0.15999423042205052,0.15999423042205052,0.5735162937918511,FALSE,FALSE
2012-08-03,Ross,4.833677768,0.14210129040821418,0.14210129040821418,0.5735162937918511,FALSE,FALSE
2012-08-04,Ross,4.91333062,0.19453096964665928,0.19453096964665928,0.5735162937918511,FALSE,FALSE
2012-08-05,Ross,4.941546498,0.19544883405710767,0.19544883405710767,0.5735162937918511,FALSE,FALSE
2012-08-06,Ross,4.962700837,0.18935142255928117,0.18935142255928117,0.5735162937918511,FALSE,FALSE
2012-08-07,Ross,4.936263065,0.13582926707291332,0.13582926707291332,0.5735162937918511,FALSE,FALSE
2012-08-08,Ross,4.919922294,0.09269258351772702,0.09269258351772702,0.5735162937918511,FALSE,FALSE
2012-08-09,Ross,4.938630135,0.0850140868134428,0.0850140868134428,0.5735162937918511,FALSE,FALSE
2012-08-10,Ross,5.000629695,0.12115798787979416,0.12115798787979416,0.5735162937918511,FALSE,FALSE
2012-08-11,Ross,5.068114844,0.1634392606365056,0.1634392606365056,0.5735162937918511,FALSE,FALSE
2012-08-12,Ross,5.130757172,0.2016505990033055,0.2016505990033055,0.5735162937918511,FALSE,FALSE
2012-08-13,Ross,5.200823118,0.24817954589991145,0.24817954589991145,0.5735162937918511,FALSE,FALSE
2012-08-14,Ross,5.215970921,0.24080544424605943,0.24080544424605943,0.5735162937918511,FALSE,FALSE
2012-08-15,Ross,5.228850528,0.23229536432626663,0.23229536432626663,0.5735162937918511,FALSE,FALSE
2012-08-16,Ross,5.187281439,0.17046761559771362,0.17046761559771362,0.5735162937918511,FALSE,FALSE
2012-08-17,Ross,5.219650441,0.18357237501114732,0.18357237501114732,0.5735162937918511,FALSE,FALSE
2012-08-18,Ross,5.282136504,0.22764458117831587,0.22764458117831587,0.5735162937918511,FALSE,FALSE
2012-08-19,Ross,5.338340379,0.2661409537109609,0.2661409537109609,0.5735162937918511,FALSE,FALSE
2012-08-20,Ross,5.377863352,0.28851874722083437,0.28851874722083437,0.5735162937918511,FALSE,FALSE
2012-08-21,Ross,5.36030718,0.2542356873196763,0.2542356873196763,0.5735162937918511,FALSE,FALSE
2012-08-22,Ross,5.358001855,0.23547773461923605,0.23547773461923605,0.5735162937918511,FALSE,FALSE
2012-08-23,Ross,5.38839649,0.2495499707312634,0.2495499707312634,0.5735162937918511,FALSE,FALSE
2012-08-24,Ross,5.41024556,0.25506283926749695,0.25506283926749695,0.5735162937918511,FALSE,FALSE
2012-08-25,Ross,5.411891279,0.24021452283969055,0.24021452283969055,0.5735162937918511,FALSE,FALSE
2012-08-26,Ross,5.412745989,0.22427333205958624,0.22427333205958624,0.5735162937918511,FALSE,FALSE
2012-08-27,Ross,5.461140343,0.2554258885389311,0.2554258885389311,0.5735162937918511,FALSE,FALSE
2012-08-28,Ross,5.493193526,0.26967462468525216,0.26967462468525216,0.5735162937918511,FALSE,FALSE
2012-08-29,Ross,5.561583918,0.31974696013407833,0.31974696013407833,0.5735162937918511,FALSE,FALSE
2012-08-30,Ross,5.611155044,0.3505977529425275,0.3505977529425275,0.5735162937918511,FALSE,FALSE
2012-08-31,Ross,5.636313779,0.35674532290166105,0.35674532290166105,0.5735162937918511,FALSE,FALSE
2012-09-01,Ross,5.68400138,0.3852423718025389,0.3852423718025389,0.5735162937918511,FALSE,FALSE
2012-09-02,Ross,5.751385308,0.433367805436224,0.433367805436224,0.5735162937918511,FALSE,FALSE
2012-09-03,Ross,5.780146976,0.44291448159378,0.44291448159378,0.5735162937918511,FALSE,FALSE
2012-09-04,Ross,5.76811735,0.4118248110662668,0.4118248110662668,0.5735162937918511,FALSE,FALSE
2012-09-05,Ross,5.743324401,0.36823820964474674,0.36823820964474674,0.5735162937918511,FALSE,FALSE
2012-09-06,Ross,5.755904494,0.3624024871202831,0.3624024871202831,0.5735162937918511,FALSE,FALSE
2012-09-07,Ross,5.760931608,0.34950306728393965,0.34950306728393965,0.5735162937918511,FALSE,FALSE
2012-09-08,Ross,5.745673575,0.3169192269267729,0.3169192269267729,0.5735162937918511,FALSE,FALSE
2012-09-09,Ross,5.733808089,0.28843964223868035,0.28843964223868035,0.5735162937918511,FALSE,FALSE
2012-09-10,Ross,5.742559985,0.2813562149212805,0.2813562149212805,0.5735162937918511,FALSE,FALSE
2012-09-11,Ross,5.756191361,0.27991863985446397,0.27991863985446397,0.5735162937918511,FALSE,FALSE
2012-09-12,Ross,5.759298487,0.26870241643869885,0.26870241643869885,0.5735162937918511,FALSE,FALSE
2012-09-13,Ross,5.76150921,0.2573146210744648,0.2573146210744648,0.5735162937918511,FALSE,FALSE
2012-09-14,Ross,5.682910574,0.16582152716222964,0.16582152716222964,0.5735162937918511,FALSE,FALSE
2012-09-15,Ross,5.711437612,0.18213739710247,0.18213739710247,0.5735162937918511,FALSE,FALSE
2012-09-16,Ross,5.741631639,0.2007827752956599,0.2007827752956599,0.5735162937918511,FALSE,FALSE
2012-09-17,Ross,5.748200047,0.19644428314226925,0.19644428314226925,0.5735162937918511,FALSE,FALSE
2012-09-18,Ross,5.727650626,0.16560894004277493,0.16560894004277493,0.5735162937918511,FALSE,FALSE
2012-09-19,Ross,5.706047343,0.13431994239764755,0.13431994239764755,0.5735162937918511,FALSE,FALSE
2012-09-20,Ross,5.702319961,0.12148628260736329,0.12148628260736329,0.5735162937918511,FALSE,FALSE
2012-09-21,Ross,5.685832746,0.09645145607239236,0.09645145607239236,0.5735162937918511,FALSE,FALSE
2012-09-22,Ross,5.69703216,0.09964296393201888,0.09964296393201888,0.5735162937918511,FALSE,FALSE
2012-09-23,Ross,5.733621467,0.1287644846153917,0.1287644846153917,0.5735162937918511,FALSE,FALSE
2012-09-24,Ross,5.786096494,0.1743240129003496,0.1743240129003496,0.5735162937918511,FALSE,FALSE
2012-09-25,Ross,5.797464258,0.17934089847717427,0.17934089847717427,0.5735162937918511,FALSE,FALSE
2012-09-26,Ross,5.816718882,0.19282159703614352,0.19282159703614352,0.5735162937918511,FALSE,FALSE
2012-09-27,Ross,5.81568036,0.1865984352675394,0.1865984352675394,0.5735162937918511,FALSE,FALSE
2012-09-28,Ross,5.817557274,0.18389232786164555,0.18389232786164555,0.5735162937918511,FALSE,FALSE
2012-09-29,Ross,5.773340171,0.13570615450874168,0.13570615450874168,0.5735162937918511,FALSE,FALSE
2012-09-30,Ross,5.761676716,0.1206999128991102,0.1206999128991102,0.5735162937918511,FALSE,FALSE
2012-10-01,Ross,5.78349283,0.1398118567230311,0.1398118567230311,0.5735162937918511,FALSE,FALSE
2012-10-02,Ross,5.819746399,0.17401220467078726,0.17401220467078726,0.5735162937918511,FALSE,FALSE
2012-10-03,Ross,5.869617018,0.2224928844326595,0.2224928844326595,0.5735162937918511,FALSE,FALSE
2012-10-04,Ross,5.881220632,0.23338218081782536,0.23338218081782536,0.5735162937918511,FALSE,FALSE
2012-10-05,Ross,5.930372058,0.28251586186183264,0.28251586186183264,0.5735162937918511,FALSE,FALSE
2012-10-06,Ross,5.994338831,0.3472077439471164,0.3472077439471164,0.5735162937918511,FALSE,FALSE
2012-10-07,Ross,6.003362112,0.3577499035931071,0.3577499035931071,0.5735162937918511,FALSE,FALSE
2012-10-08,Ross,5.986995924,0.34374727931925264,0.34374727931925264,0.5735162937918511,FALSE,FALSE
2012-10-09,Ross,6.004230415,0.36424093464498775,0.36424093464498775,0.5735162937918511,FALSE,FALSE
2012-10-10,Ross,6.003156589,0.36737278908975135,0.36737278908975135,0.5735162937918511,FALSE,FALSE
2012-10-11,Ross,5.993391298,0.3628106101729873,0.3628106101729873,0.5735162937918511,FALSE,FALSE
2012-10-12,Ross,5.973726233,0.34939700441413013,0.34939700441413013,0.5735162937918511,FALSE,FALSE
2012-10-13,Ross,5.976559456,0.3595809493326234,0.3595809493326234,0.5735162937918511,FALSE,FALSE
2012-10-14,Ross,5.968423999,0.3599463924479034,0.3599463924479034,0.5735162937918511,FALSE,FALSE
2012-10-15,Ross,5.921233635,0.3224580222794087,0.3224580222794087,0.5735162937918511,FALSE,FALSE
2012-10-16,Ross,5.875471294,0.28764968434658034,0.28764968434658034,0.5735162937918511,FALSE,FALSE
2012-10-17,Ross,5.841386872,0.26581835494129713,0.26581835494129713,0.5735162937918511,FALSE,FALSE
2012-10-18,Ross,5.773145572,0.2110948582583534,0.2110948582583534,0.5735162937918511,FALSE,FALSE
2012-10-19,Ross,5.679120605,0.13174015035030084,0.13174015035030084,0.5735162937918511,FALSE,FALSE
2012-10-20,Ross,5.674021793,0.14234868008762813,0.14234868008762813,0.5735162937918511,FALSE,FALSE
2012-10-21,Ross,5.710323528,0.1952794663408257,0.1952794663408257,0.5735162937918511,FALSE,FALSE
2012-10-22,Ross,5.760269632,0.2626609579803816,0.2626609579803816,0.5735162937918511,FALSE,FALSE
2012-10-23,Ross,5.756481918,0.2769995948767878,0.2769995948767878,0.5735162937918511,FALSE,FALSE
2012-10-24,Ross,5.741990811,0.2812104289005335,0.2812104289005335,0.5735162937918511,FALSE,FALSE
2012-10-25,Ross,5.7465883,0.30497007592210856,0.30497007592210856,0.5735162937918511,FALSE,FALSE
2012-10-26,Ross,5.716458158,0.294346935812003,0.294346935812003,0.5735162937918511,FALSE,FALSE
2012-10-27,Ross,5.67316822,0.270793470440708,0.270793470440708,0.5735162937918511,FALSE,FALSE
2012-10-28,Ross,5.58666615,0.2041419706787133,0.2041419706787133,0.5735162937918511,FALSE,FALSE
2012-10-29,Ross,5.520124658,0.15744977339650923,0.15744977339650923,0.5735162937918511,FALSE,FALSE
2012-10-30,Ross,5.457525017,0.11462285515024728,0.11462285515024728,0.5735162937918511,FALSE,FALSE
2012-10-31,Ross,5.418576613,0.0954925716452406,0.0954925716452406,0.5735162937918511,FALSE,FALSE
2012-11-01,Ross,5.363573754,0.06053579308228407,0.06053579308228407,0.5735162937918511,FALSE,FALSE
2012-11-02,Ross,5.322505388,0.03992404595102616,0.03992404595102616,0.5735162937918511,FALSE,FALSE
2012-11-03,Ross,5.301655768,0.04012416174111344,0.04012416174111344,0.5735162937918511,FALSE,FALSE
2012-11-04,Ross,5.246707224,0.00700104894219677,0.00700104894219677,0.5735162937918511,FALSE,FALSE
2012-11-05,Ross,5.221565465,0.00464299504392684,0.00464299504392684,0.5735162937918511,FALSE,FALSE
2012-11-06,Ross,5.182355246,-0.01064266646405087,0.01064266646405087,0.5735162937918511,FALSE,FALSE
2012-11-07,Ross,5.152513271,-0.01523665309208865,0.01523665309208865,0.5735162937918511,FALSE,FALSE
2012-11-08,Ross,5.112101574,-0.02889435235053472,0.02889435235053472,0.5735162937918511,FALSE,FALSE
2012-11-09,Ross,5.098150838,-0.01440250274974364,0.01440250274974364,0.5735162937918511,FALSE,FALSE
2012-11-10,Ross,5.049144931,-0.0330946578000626,0.0330946578000626,0.5735162937918511,FALSE,FALSE
2012-11-11,Ross,5.03056262,-0.01931095293021112,0.01931095293021112,0.5735162937918511,FALSE,FALSE
2012-11-12,Ross,4.993131209,-0.02222490949199418,0.02222490949199418,0.5735162937918511,FALSE,FALSE
2012-11-13,Ross,4.948806726,-0.02990447208485402,0.02990447208485402,0.5735162937918511,FALSE,FALSE
2012-11-14,Ross,4.891827109,-0.04814583292730479,0.04814583292730479,0.5735162937918511,FALSE,FALSE
2012-11-15,Ross,4.838861931,-0.06031354923786214,0.06031354923786214,0.5735162937918511,FALSE,FALSE
2012-11-16,Ross,4.807324192,-0.04902875123504291,0.04902875123504291,0.5735162937918511,FALSE,FALSE
2012-11-17,Ross,4.79321341,-0.01832605113736285,0.01832605113736285,0.5735162937918511,FALSE,FALSE
2012-11-18,Ross,4.746123344,-0.01864582016333393,0.01864582016333393,0.5735162937918511,FALSE,FALSE
2012-11-19,Ross,4.682928114,-0.03314806853147534,0.03314806853147534,0.5735162937918511,FALSE,FALSE
2012-11-20,Ross,4.626502917,-0.03899172946029683,0.03899172946029683,0.5735162937918511,FALSE,FALSE
2012-11-21,Ross,4.566094883,-0.04696380316832016,0.04696380316832016,0.5735162937918511,FALSE,FALSE
2012-11-22,Ross,4.493102267,-0.06570016487405717,0.06570016487405717,0.5735162937918511,FALSE,FALSE
2012-11-23,Ross,4.431677479,-0.071082534796024,0.071082534796024,0.5735162937918511,FALSE,FALSE
2012-11-24,Ross,4.387762488,-0.05717801325431004,0.05717801325431004,0.5735162937918511,FALSE,FALSE
2012-11-25,Ross,4.325022296,-0.06011870668889774,0.06011870668889774,0.5735162937918511,FALSE,FALSE
2012-11-26,Ross,4.141339133,-0.18171291411412405,0.18171291411412405,0.5735162937918511,FALSE,FALSE
2012-11-27,Ross,3.989597736,-0.26876562026707385,0.26876562026707385,0.5735162937918511,FALSE,FALSE
2012-11-28,Ross,3.960839212,-0.22992543988482828,0.22992543988482828,0.5735162937918511,FALSE,FALSE
2012-11-29,Ross,3.919254498,-0.20069115770447168,0.20069115770447168,0.5735162937918511,FALSE,FALSE
2012-11-30,Ross,3.879910065,-0.1656860244630911,0.1656860244630911,0.5735162937918511,FALSE,FALSE
2012-12-01,Ross,3.814927601,-0.1524780738977669,0.1524780738977669,0.5735162937918511,FALSE,FALSE
2012-12-02,Ross,3.760895367,-0.12416876674558576,0.12416876674558576,0.5735162937918511,FALSE,FALSE
2012-12-03,Ross,3.642264725,-0.15599646274363055,0.15599646274363055,0.5735162937918511,FALSE,FALSE
2012-12-04,Ross,3.572035444,-0.13465111462898482,0.13465111462898482,0.5735162937918511,FALSE,FALSE
2012-12-05,Ross,3.495025797,-0.11500417113873508,0.11500417113873508,0.5735162937918511,FALSE,FALSE
2012-12-06,Ross,3.407647705,-0.10033433533323244,0.10033433533323244,0.5735162937918511,FALSE,FALSE
2012-12-07,Ross,3.313399371,-0.08711413829010262,0.08711413829010262,0.5735162937918511,FALSE,FALSE
2012-12-08,Ross,3.237089584,-0.05118104759820996,0.05118104759820996,0.5735162937918511,FALSE,FALSE
2012-12-09,Ross,3.152431732,-0.01956772158146069,0.01956772158146069,0.5735162937918511,FALSE,FALSE
2012-12-10,Ross,2.985042841,-0.06740318056377381,0.06740318056377381,0.5735162937918511,FALSE,FALSE
2012-12-11,Ross,2.89451671,-0.03583967186905212,0.03583967186905212,0.5735162937918511,FALSE,FALSE
2012-12-12,Ross,2.780069839,-0.02640674182121083,0.02640674182121083,0.5735162937918511,FALSE,FALSE
2012-12-13,Ross,2.66143998,-0.02011268474415928,0.02011268474415928,0.5735162937918511,FALSE,FALSE
2012-12-14,Ross,2.477780006,-0.07855067396180537,0.07855067396180537,0.5735162937918511,FALSE,FALSE
2012-12-15,Ross,2.294572348,-0.13698432479806577,0.13698432479806577,0.5735162937918511,FALSE,FALSE
2012-12-16,Ross,2.062582726,-0.24539396357684495,0.24539396357684495,0.5735162937918511,FALSE,FALSE
2012-12-17,Ross,1.92320799,-0.26312878662205663,0.26312878662205663,0.5735162937918511,FALSE,FALSE
2012-12-18,Ross,1.813752521,-0.2536304592576113,0.2536304592576113,0.5735162937918511,FALSE,FALSE
2012-12-19,Ross,1.750078153,-0.2017640196433561,0.2017640196433561,0.5735162937918511,FALSE,FALSE
2012-12-20,Ross,1.682282591,-0.15785545444632532,0.15785545444632532,0.5735162937918511,FALSE,FALSE
2012-12-21,Ross,1.582841191,-0.14961109429804598,0.14961109429804598,0.5735162937918511,FALSE,FALSE
2012-12-22,Ross,1.476322032,-0.15263780289446416,0.15263780289446416,0.5735162937918511,FALSE,FALSE
2012-12-23,Ross,1.342558958,-0.1872766789315252,0.1872766789315252,0.5735162937918511,FALSE,FALSE
2012-12-24,Ross,1.257063976,-0.17819065810517443,0.17819065810517443,0.5735162937918511,FALSE,FALSE
2012-12-25,Ross,1.193973869,-0.15141790011136025,0.15141790011136025,0.5735162937918511,FALSE,FALSE
2012-12-26,Ross,1.149103926,-0.1113180586460274,0.1113180586460274,0.5735162937918511,FALSE,FALSE
2012-12-27,Ross,1.107861864,-0.07265835940511756,0.07265835940511756,0.5735162937918511,FALSE,FALSE
2012-12-28,Ross,1.019823404,-0.08603802408458394,0.08603802408458394,0.5735162937918511,FALSE,FALSE
2012-12-29,Ross,0.929024858,-0.1075956833803684,0.1075956833803684,0.5735162937918511,FALSE,FALSE
2012-12-30,Ross,0.90645239,-0.06652011598841656,0.06652011598841656,0.5735162937918511,FALSE,FALSE
2012-12-31,Ross,0.867449528,-0.04764273660467555,0.04764273660467555,0.5735162937918511,FALSE,FALSE
2013-01-01,Ross,0.831522405,-0.08356985960467511,0.08356985960467511,0.5735162937918511,FALSE,FALSE
2013-01-02,Ross,0.822956909,-0.04009320718517217,0.04009320718517217,0.5735162937918511,FALSE,FALSE
2013-01-03,Ross,0.81565218,-8.456047262710431e-4,8.456047262710431e-4,0.5735162937918511,FALSE,FALSE
2013-01-04,Ross,0.780964805,0.00598245451558066,0.00598245451558066,0.5735162937918511,FALSE,FALSE
2013-01-05,Ross,0.765084328,0.02703343428394522,0.02703343428394522,0.5735162937918511,FALSE,FALSE
2013-01-06,Ross,0.762086766,0.05683627132237101,0.05683627132237101,0.5735162937918511,FALSE,FALSE
2013-01-07,Ross,0.749231345,0.07310311137441439,0.07310311137441439,0.5735162937918511,FALSE,FALSE
2013-01-08,Ross,0.749887047,0.09965585618363226,0.09965585618363226,0.5735162937918511,FALSE,FALSE
2013-01-09,Ross,0.751739758,0.12463331149357904,0.12463331149357904,0.5735162937918511,FALSE,FALSE
2013-01-10,Ross,0.734513601,0.1282125200478078,0.1282125200478078,0.5735162937918511,FALSE,FALSE
2013-01-11,Ross,0.708493028,0.12113085358987484,0.12113085358987484,0.5735162937918511,FALSE,FALSE
2013-01-12,Ross,0.692930307,0.12309349986333572,0.12309349986333572,0.5735162937918511,FALSE,FALSE
2013-01-13,Ross,0.690311215,0.1370391556117445,0.1370391556117445,0.5735162937918511,FALSE,FALSE
2013-01-14,Ross,0.671143906,0.13392312772502202,0.13392312772502202,0.5735162937918511,FALSE,FALSE
2013-01-15,Ross,0.63611133,0.11466857648486006,0.11466857648486006,0.5735162937918511,FALSE,FALSE
2013-01-16,Ross,0.598646537,0.09268950739416636,0.09268950739416636,0.5735162937918511,FALSE,FALSE
2013-01-17,Ross,0.59994026,0.1091412128031254,0.1091412128031254,0.5735162937918511,FALSE,FALSE
2013-01-18,Ross,0.58027544,0.10427119306192216,0.10427119306192216,0.5735162937918511,FALSE,FALSE
2013-01-19,Ross,0.555615309,0.09400723952074058,0.09400723952074058,0.5735162937918511,FALSE,FALSE
2013-01-20,Ross,0.530360841,0.08271488552976591,0.08271488552976591,0.5735162937918511,FALSE,FALSE
2013-01-21,Ross,0.494631377,0.06047803143918229,0.06047803143918229,0.5735162937918511,FALSE,FALSE
2013-01-22,Ross,0.472598102,0.05143242159917471,0.05143242159917471,0.5735162937918511,FALSE,FALSE
2013-01-23,Ross,0.46891945,0.0602010493599262,0.0602010493599262,0.5735162937918511,FALSE,FALSE
2013-01-24,Ross,0.467675464,0.07082851707162202,0.07082851707162202,0.5735162937918511,FALSE,FALSE
2013-01-25,Ross,0.456560677,0.07097391708444734,0.07097391708444734,0.5735162937918511,FALSE,FALSE
2013-01-26,Ross,0.446038514,0.07106523374858653,0.07106523374858653,0.5735162937918511,FALSE,FALSE
2013-01-27,Ross,0.44545014,0.08041537638559204,0.08041537638559204,0.5735162937918511,FALSE,FALSE
2013-01-28,Ross,0.443010284,0.0872594566854834,0.0872594566854834,0.5735162937918511,FALSE,FALSE
2013-01-29,Ross,0.414595391,0.06751447056954629,0.06751447056954629,0.5735162937918511,FALSE,FALSE
2013-01-30,Ross,0.399223532,0.06023910492733653,0.06023910492733653,0.5735162937918511,FALSE,FALSE
2013-01-31,Ross,0.403410773,0.07199004164841322,0.07199004164841322,0.5735162937918511,FALSE,FALSE
2013-02-01,Ross,0.402099295,0.0777500776223341,0.0777500776223341,0.5735162937918511,FALSE,FALSE
2013-02-02,Ross,0.392181326,0.07445205673865585,0.07445205673865585,0.5735162937918511,FALSE,FALSE
2013-02-03,Ross,0.368698807,0.057178535886938,0.057178535886938,0.5735162937918511,FALSE,FALSE
2013-02-04,Ross,0.361522141,0.05584053395673827,0.05584053395673827,0.5735162937918511,FALSE,FALSE
2013-02-05,Ross,0.355371907,0.0551992458376141,0.0551992458376141,0.5735162937918511,FALSE,FALSE
2013-02-06,Ross,0.345442816,0.05048999841912349,0.05048999841912349,0.5735162937918511,FALSE,FALSE
2013-02-07,Ross,0.325592324,0.03561086359082549,0.03561086359082549,0.5735162937918511,FALSE,FALSE
2013-02-08,Ross,0.302699313,0.01748118906893847,0.01748118906893847,0.5735162937918511,FALSE,FALSE
2013-02-09,Ross,0.287147113,0.00650494418657882,0.00650494418657882,0.5735162937918511,FALSE,FALSE
2013-02-10,Ross,0.277320917,0.00104853136262428,0.00104853136262428,0.5735162937918511,FALSE,FALSE
2013-02-11,Ross,0.276169722,0.00403749507515144,0.00403749507515144,0.5735162937918511,FALSE,FALSE
2013-02-12,Ross,0.279366592,0.01112144680223747,0.01112144680223747,0.5735162937918511,FALSE,FALSE
2013-02-13,Ross,0.281927382,0.0172927890219568,0.0172927890219568,0.5735162937918511,FALSE,FALSE
2013-02-14,Ross,0.286213956,0.02488993321238858,0.02488993321238858,0.5735162937918511,FALSE,FALSE
2013-02-15,Ross,0.281735652,0.02339876485160857,0.02339876485160857,0.5735162937918511,FALSE,FALSE
2013-02-16,Ross,0.274936439,0.0192398004176903,0.0192398004176903,0.5735162937918511,FALSE,FALSE
2013-02-17,Ross,0.286771274,0.03334454438871409,0.03334454438871409,0.5735162937918511,FALSE,FALSE
2013-02-18,Ross,0.293682626,0.04213201324275362,0.04213201324275362,0.5735162937918511,FALSE,FALSE
2013-02-19,Ross,0.299838042,0.04974630145788622,0.04974630145788622,0.5735162937918511,FALSE,FALSE
2013-02-20,Ross,0.30112404,0.05205047451218803,0.05205047451218803,0.5735162937918511,FALSE,FALSE
2013-02-21,Ross,0.314207545,0.06568973371855766,0.06568973371855766,0.5735162937918511,FALSE,FALSE
2013-02-22,Ross,0.309245292,0.06082005014910585,0.06082005014910585,0.5735162937918511,FALSE,FALSE
2013-02-23,Ross,0.298045463,0.04926278522242652,0.04926278522242652,0.5735162937918511,FALSE,FALSE
2013-02-24,Ross,0.286254548,0.0366778604105899,0.0366778604105899,0.5735162937918511,FALSE,FALSE
2013-02-25,Ross,0.275145799,0.02435195918566929,0.02435195918566929,0.5735162937918511,FALSE,FALSE
2013-02-26,Ross,0.263313088,0.01089238501973582,0.01089238501973582,0.5735162937918511,FALSE,FALSE
2013-02-27,Ross,0.260772735,0.00632888938486364,0.00632888938486364,0.5735162937918511,FALSE,FALSE
2013-02-28,Ross,0.26450882,0.00765898375312434,0.00765898375312434,0.5735162937918511,FALSE,FALSE
2013-03-01,Ross,0.270181064,0.01055582059658977,0.01055582059658977,0.5735162937918511,FALSE,FALSE
2013-03-02,Ross,0.287521175,0.02476453938733308,0.02476453938733308,0.5735162937918511,FALSE,FALSE
2013-03-03,Ross,0.299977186,0.03374660459742529,0.03374660459742529,0.5735162937918511,FALSE,FALSE
2013-03-04,Ross,0.306076353,0.03604270369894014,0.03604270369894014,0.5735162937918511,FALSE,FALSE
2013-03-05,Ross,0.296772175,0.02261976596163373,0.02261976596163373,0.5735162937918511,FALSE,FALSE
2013-03-06,Ross,0.296189418,0.01761151518948328,0.01761151518948328,0.5735162937918511,FALSE,FALSE
2013-03-07,Ross,0.306764555,0.02344882153677474,0.02344882153677474,0.5735162937918511,FALSE,FALSE
2013-03-08,Ross,0.336381762,0.04800730000919767,0.04800730000919767,0.5735162937918511,FALSE,FALSE
2013-03-09,Ross,0.351103523,0.05734087361244638,0.05734087361244638,0.5735162937918511,FALSE,FALSE
2013-03-10,Ross,0.365265346,0.06577648935221303,0.06577648935221303,0.5735162937918511,FALSE,FALSE
2013-03-11,Ross,0.387019941,0.08145829623418999,0.08145829623418999,0.5735162937918511,FALSE,FALSE
2013-03-12,Ross,0.383271903,0.07128232826406905,0.07128232826406905,0.5735162937918511,FALSE,FALSE
2013-03-13,Ross,0.367236035,0.04845482744754376,0.04845482744754376,0.5735162937918511,FALSE,FALSE
2013-03-14,Ross,0.370253612,0.04430850779030876,0.04430850779030876,0.5735162937918511,FALSE,FALSE
2013-03-15,Ross,0.368862118,0.03537229229805172,0.03537229229805172,0.5735162937918511,FALSE,FALSE
2013-03-16,Ross,0.345287967,0.00386403397646961,0.00386403397646961,0.5735162937918511,FALSE,FALSE
2013-03-17,Ross,0.350695576,9.395888312516144e-4,9.395888312516144e-4,0.5735162937918511,FALSE,FALSE
2013-03-18,Ross,0.347465676,-0.01102871265721827,0.01102871265721827,0.5735162937918511,FALSE,FALSE
2013-03-19,Ross,0.367209074,-4.344561766400079e-4,4.344561766400079e-4,0.5735162937918511,FALSE,FALSE
2013-03-20,Ross,0.39513622,0.01793260781105349,0.01793260781105349,0.5735162937918511,FALSE,FALSE
2013-03-21,Ross,0.42121686,0.03404222222077424,0.03404222222077424,0.5735162937918511,FALSE,FALSE
2013-03-22,Ross,0.443966375,0.04640976496743643,0.04640976496743643,0.5735162937918511,FALSE,FALSE
2013-03-23,Ross,0.451278773,0.04292924096595202,0.04292924096595202,0.5735162937918511,FALSE,FALSE
2013-03-24,Ross,0.491348162,0.07179475513123179,0.07179475513123179,0.5735162937918511,FALSE,FALSE
2013-03-25,Ross,0.512771851,0.08160361337819311,0.08160361337819311,0.5735162937918511,FALSE,FALSE
2013-03-26,Ross,0.496569948,0.05337592062174429,0.05337592062174429,0.5735162937918511,FALSE,FALSE
2013-03-27,Ross,0.488997198,0.03336641877680174,0.03336641877680174,0.5735162937918511,FALSE,FALSE
2013-03-28,Ross,0.515517761,0.04703926475827386,0.04703926475827386,0.5735162937918511,FALSE,FALSE
2013-03-29,Ross,0.547719694,0.0659825124810775,0.0659825124810775,0.5735162937918511,FALSE,FALSE
2013-03-30,Ross,0.56395003,0.06854319186012348,0.06854319186012348,0.5735162937918511,FALSE,FALSE
2013-03-31,Ross,0.576381447,0.06689269380834095,0.06689269380834095,0.5735162937918511,FALSE,FALSE
2013-04-01,Ross,0.592106738,0.06811550584114567,0.06811550584114567,0.5735162937918511,FALSE,FALSE
2013-04-02,Ross,0.62659105,0.08766608352124217,0.08766608352124217,0.5735162937918511,FALSE,FALSE
2013-04-03,Ross,0.651248478,0.09694782843887362,0.09694782843887362,0.5735162937918511,FALSE,FALSE
2013-04-04,Ross,0.662156876,0.09202790118427796,0.09202790118427796,0.5735162937918511,FALSE,FALSE
2013-04-05,Ross,0.655683108,0.06926247234769733,0.06926247234769733,0.5735162937918511,FALSE,FALSE
2013-04-06,Ross,0.668850261,0.06566393551937488,0.06566393551937488,0.5735162937918511,FALSE,FALSE
2013-04-07,Ross,0.693520902,0.07308416428954723,0.07308416428954723,0.5735162937918511,FALSE,FALSE
2013-04-08,Ross,0.737879678,0.0996971122484579,0.0996971122484579,0.5735162937918511,FALSE,FALSE
2013-04-09,Ross,0.764462796,0.10802829298634786,0.10802829298634786,0.5735162937918511,FALSE,FALSE
2013-04-10,Ross,0.795349534,0.12014629109345544,0.12014629109345544,0.5735162937918511,FALSE,FALSE
2013-04-11,Ross,0.832848435,0.1383489561600234,0.1383489561600234,0.5735162937918511,FALSE,FALSE
2013-04-12,Ross,0.860481566,0.14614796162465915,0.14614796162465915,0.5735162937918511,FALSE,FALSE
2013-04-13,Ross,0.878721406,0.1440267631889569,0.1440267631889569,0.5735162937918511,FALSE,FALSE
2013-04-14,Ross,0.899535719,0.14399933024138,0.14399933024138,0.5735162937918511,FALSE,FALSE
2013-04-15,Ross,0.924154987,0.14734564068744105,0.14734564068744105,0.5735162937918511,FALSE,FALSE
2013-04-16,Ross,0.949794493,0.15133047343265105,0.15133047343265105,0.5735162937918511,FALSE,FALSE
2013-04-17,Ross,0.952212833,0.1317619203825241,0.1317619203825241,0.5735162937918511,FALSE,FALSE
2013-04-18,Ross,0.976652141,0.13393161144257149,0.13393161144257149,0.5735162937918511,FALSE,FALSE
2013-04-19,Ross,1.001099695,0.13587632051830678,0.13587632051830678,0.5735162937918511,FALSE,FALSE
2013-04-20,Ross,1.018303538,0.13039358651524025,0.13039358651524025,0.5735162937918511,FALSE,FALSE
2013-04-21,Ross,1.055008408,0.14427764333888782,0.14427764333888782,0.5735162937918511,FALSE,FALSE
2013-04-22,Ross,1.079422216,0.14578589789476137,0.14578589789476137,0.5735162937918511,FALSE,FALSE
2013-04-23,Ross,1.096536944,0.13995982808837104,0.13995982808837104,0.5735162937918511,FALSE,FALSE
2013-04-24,Ross,1.130237813,0.15073415082523234,0.15073415082523234,0.5735162937918511,FALSE,FALSE
2013-04-25,Ross,1.15526894,0.1528923825041817,0.1528923825041817,0.5735162937918511,FALSE,FALSE
2013-04-26,Ross,1.193938416,0.16868612233076496,0.16868612233076496,0.5735162937918511,FALSE,FALSE
2013-04-27,Ross,1.222715015,0.1744746624763016,0.1744746624763016,0.5735162937918511,FALSE,FALSE
2013-04-28,Ross,1.252633488,0.18118271392062635,0.18118271392062635,0.5735162937918511,FALSE,FALSE
2013-04-29,Ross,1.301328966,0.20633536764356775,0.20633536764356775,0.5735162937918511,FALSE,FALSE
2013-04-30,Ross,1.358374933,0.2393960676249549,0.2393960676249549,0.5735162937918511,FALSE,FALSE
2013-05-01,Ross,1.412910693,0.26939407784461644,0.26939407784461644,0.5735162937918511,FALSE,FALSE
2013-05-02,Ross,1.446187026,0.2774701382823854,0.2774701382823854,0.5735162937918511,FALSE,FALSE
2013-05-03,Ross,1.503070305,0.30838058191809115,0.30838058191809115,0.5735162937918511,FALSE,FALSE
2013-05-04,Ross,1.542823054,0.32127789273156226,0.32127789273156226,0.5735162937918511,FALSE,FALSE
2013-05-05,Ross,1.55717651,0.30778326770262954,0.30778326770262954,0.5735162937918511,FALSE,FALSE
2013-05-06,Ross,1.583967564,0.30562355781112416,0.30562355781112416,0.5735162937918511,FALSE,FALSE
2013-05-07,Ross,1.632559967,0.3240525629086535,0.3240525629086535,0.5735162937918511,FALSE,FALSE
2013-05-08,Ross,1.654633116,0.31468927625294785,0.31468927625294785,0.5735162937918511,FALSE,FALSE
2013-05-09,Ross,1.6572268000000001,0.2846449521601786,0.2846449521601786,0.5735162937918511,FALSE,FALSE
2013-05-10,Ross,1.680956955,0.2746286891584948,0.2746286891584948,0.5735162937918511,FALSE,FALSE
2013-05-11,Ross,1.711267722,0.27017779077604875,0.27017779077604875,0.5735162937918511,FALSE,FALSE
2013-05-12,Ross,1.765125224,0.2883515425409924,0.2883515425409924,0.5735162937918511,FALSE,FALSE
2013-05-13,Ross,1.839156053,0.3258696989814729,0.3258696989814729,0.5735162937918511,FALSE,FALSE
2013-05-14,Ross,1.901351594,0.3508168076256444,0.3508168076256444,0.5735162937918511,FALSE,FALSE
2013-05-15,Ross,1.969773835,0.3813480190016562,0.3813480190016562,0.5735162937918511,FALSE,FALSE
2013-05-16,Ross,2.024048423,0.39718214263765783,0.39718214263765783,0.5735162937918511,FALSE,FALSE
2013-05-17,Ross,2.02230951,0.35654649306180297,0.35654649306180297,0.5735162937918511,FALSE,FALSE
2013-05-18,Ross,2.0116377,0.3066148368022388,0.3066148368022388,0.5735162937918511,FALSE,FALSE
2013-05-19,Ross,2.026245859,0.2816932023871166,0.2816932023871166,0.5735162937918511,FALSE,FALSE
2013-05-20,Ross,2.087403151,0.3031408717940378,0.3031408717940378,0.5735162937918511,FALSE,FALSE
2013-05-21,Ross,2.165601576,0.3414844081293622,0.3414844081293622,0.5735162937918511,FALSE,FALSE
2013-05-22,Ross,2.240601532,0.37647023510909494,0.37647023510909494,0.5735162937918511,FALSE,FALSE
2013-05-23,Ross,2.290628802,0.38630852842249386,0.38630852842249386,0.5735162937918511,FALSE,FALSE
2013-05-24,Ross,2.322998999,0.3782992937588183,0.3782992937588183,0.5735162937918511,FALSE,FALSE
2013-05-25,Ross,2.344719042,0.35943384280732915,0.35943384280732915,0.5735162937918511,FALSE,FALSE
2013-05-26,Ross,2.423232758,0.3971403952572872,0.3971403952572872,0.5735162937918511,FALSE,FALSE
2013-05-27,Ross,2.463887928,0.3967511247979494,0.3967511247979494,0.5735162937918511,FALSE,FALSE
2013-05-28,Ross,2.411675022,0.30324089411857447,0.30324089411857447,0.5735162937918511,FALSE,FALSE
2013-05-29,Ross,2.398086266,0.2480863219084224,0.2480863219084224,0.5735162937918511,FALSE,FALSE
2013-05-30,Ross,2.44426027,0.25241041085675375,0.25241041085675375,0.5735162937918511,FALSE,FALSE
2013-05-31,Ross,2.530056805,0.2960573246528262,0.2960573246528262,0.5735162937918511,FALSE,FALSE
2013-06-01,Ross,2.580812757,0.3043483419859001,0.3043483419859001,0.5735162937918511,FALSE,FALSE
2013-06-02,Ross,2.628770463,0.3095148509503076,0.3095148509503076,0.5735162937918511,FALSE,FALSE
2013-06-03,Ross,2.749493459,0.3871301045832536,0.3871301045832536,0.5735162937918511,FALSE,FALSE
2013-06-04,Ross,2.830156293,0.4243840967076266,0.4243840967076266,0.5735162937918511,FALSE,FALSE
2013-06-05,Ross,2.88800763,0.4385409383585279,0.4385409383585279,0.5735162937918511,FALSE,FALSE
2013-06-06,Ross,2.935832433,0.4424010385710546,0.4424010385710546,0.5735162937918511,FALSE,FALSE
2013-06-07,Ross,2.978426395,0.4407755363803027,0.4407755363803027,0.5735162937918511,FALSE,FALSE
2013-06-08,Ross,3.04638934,0.4642797018213756,0.4642797018213756,0.5735162937918511,FALSE,FALSE
2013-06-09,Ross,3.14002386,0.5132315729293695,0.5132315729293695,0.5735162937918511,FALSE,FALSE
2013-06-10,Ross,3.215608894,0.5439255347393801,0.5439255347393801,0.5735162937918511,FALSE,FALSE
2013-06-11,Ross,3.237850999,0.5210835902865094,0.5210835902865094,0.5735162937918511,FALSE,FALSE
2013-06-12,Ross,3.264612651,0.5025836616058559,0.5025836616058559,0.5735162937918511,FALSE,FALSE
2013-06-13,Ross,3.350582646,0.5431299907325169,0.5431299907325169,0.5735162937918511,FALSE,FALSE
2013-06-14,Ross,3.387762258,0.5347399212554098,0.5347399212554098,0.5735162937918511,FALSE,FALSE
2013-06-15,Ross,3.398233318,0.4995388426018627,0.4995388426018627,0.5735162937918511,FALSE,FALSE
2013-06-16,Ross,3.476700595,0.5323127929164908,0.5323127929164908,0.5735162937918511,FALSE,FALSE
2013-06-17,Ross,3.492165165,0.5021468495496828,0.5021468495496828,0.5735162937918511,FALSE,FALSE
2013-06-18,Ross,3.525184484,0.4896824698518141,0.4896824698518141,0.5735162937918511,FALSE,FALSE
2013-06-19,Ross,3.563577128,0.48282223117327794,0.48282223117327794,0.5735162937918511,FALSE,FALSE
2013-06-20,Ross,3.531759458,0.40606649586445354,0.40606649586445354,0.5735162937918511,FALSE,FALSE
2013-06-21,Ross,3.553630918,0.3833987092757263,0.3833987092757263,0.5735162937918511,FALSE,FALSE
2013-06-22,Ross,3.617969426,0.40368079075747865,0.40368079075747865,0.5735162937918511,FALSE,FALSE
2013-06-23,Ross,3.644150981,0.3863727406600965,0.3863727406600965,0.5735162937918511,FALSE,FALSE
2013-06-24,Ross,3.648277548,0.3476605253339624,0.3476605253339624,0.5735162937918511,FALSE,FALSE
2013-06-25,Ross,3.699489071,0.35676809012946276,0.35676809012946276,0.5735162937918511,FALSE,FALSE
2013-06-26,Ross,3.734986607,0.3509804933969809,0.3509804933969809,0.5735162937918511,FALSE,FALSE
2013-06-27,Ross,3.730807362,0.3064038840251415,0.3064038840251415,0.5735162937918511,FALSE,FALSE
2013-06-28,Ross,3.728784033,0.2648261125564706,0.2648261125564706,0.5735162937918511,FALSE,FALSE
2013-06-29,Ross,3.76810828,0.2653419977084033,0.2653419977084033,0.5735162937918511,FALSE,FALSE
2013-06-30,Ross,3.768731363,0.22780569086642943,0.22780569086642943,0.5735162937918511,FALSE,FALSE
2013-07-01,Ross,3.807165148,0.22863194941604223,0.22863194941604223,0.5735162937918511,FALSE,FALSE
2013-07-02,Ross,3.831945419,0.2162594487427336,0.2162594487427336,0.5735162937918511,FALSE,FALSE
2013-07-03,Ross,3.868804509,0.21632341323198911,0.21632341323198911,0.5735162937918511,FALSE,FALSE
2013-07-04,Ross,3.899317732,0.21030204826930543,0.21030204826930543,0.5735162937918511,FALSE,FALSE
2013-07-05,Ross,3.941455,0.21606815724017148,0.21606815724017148,0.5735162937918511,FALSE,FALSE
2013-07-06,Ross,3.990118504,0.2284268225300785,0.2284268225300785,0.5735162937918511,FALSE,FALSE
2013-07-07,Ross,4.005887896,0.20786058752452252,0.20786058752452252,0.5735162937918511,FALSE,FALSE
2013-07-08,Ross,3.997345285,0.16285445260898437,0.16285445260898437,0.5735162937918511,FALSE,FALSE
2013-07-09,Ross,4.008248135,0.13706908063839365,0.13706908063839365,0.5735162937918511,FALSE,FALSE
2013-07-10,Ross,4.038525951,0.13039697684802842,0.13039697684802842,0.5735162937918511,FALSE,FALSE
2013-07-11,Ross,4.094883117,0.14963639926599193,0.14963639926599193,0.5735162937918511,FALSE,FALSE
2013-07-12,Ross,4.145441809,0.16302071727471956,0.16302071727471956,0.5735162937918511,FALSE,FALSE
2013-07-13,Ross,4.203701719,0.18416081625665015,0.18416081625665015,0.5735162937918511,FALSE,FALSE
2013-07-14,Ross,4.243050345,0.1865553875942263,0.1865553875942263,0.5735162937918511,FALSE,FALSE
2013-07-15,Ross,4.293311566,0.20013950366987657,0.20013950366987657,0.5735162937918511,FALSE,FALSE
2013-07-16,Ross,4.33576055,0.20629952586604805,0.20629952586604805,0.5735162937918511,FALSE,FALSE
2013-07-17,Ross,4.307727922,0.1424772725651673,0.1424772725651673,0.5735162937918511,FALSE,FALSE
2013-07-18,Ross,4.322158942,0.12172919714967988,0.12172919714967988,0.5735162937918511,FALSE,FALSE
2013-07-19,Ross,4.417538194,0.18265107700201888,0.18265107700201888,0.5735162937918511,FALSE,FALSE
2013-07-20,Ross,4.477943744,0.20943217150462257,0.20943217150462257,0.5735162937918511,FALSE,FALSE
2013-07-21,Ross,4.512183902,0.21099198403993125,0.21099198403993125,0.5735162937918511,FALSE,FALSE
2013-07-22,Ross,4.58370165,0.25087576617828233,0.25087576617828233,0.5735162937918511,FALSE,FALSE
2013-07-23,Ross,4.591365356,0.2279309863792136,0.2279309863792136,0.5735162937918511,FALSE,FALSE
2013-07-24,Ross,4.573488771,0.1803607132493168,0.1803607132493168,0.5735162937918511,FALSE,FALSE
2013-07-25,Ross,4.609388611,0.1873689437707311,0.1873689437707311,0.5735162937918511,FALSE,FALSE
2013-07-26,Ross,4.637548209,0.18732629192558647,0.18732629192558647,0.5735162937918511,FALSE,FALSE
2013-07-27,Ross,4.658035863,0.1801883366960109,0.1801883366960109,0.5735162937918511,FALSE,FALSE
2013-07-28,Ross,4.643084032,0.13807481806414046,0.13807481806414046,0.5735162937918511,FALSE,FALSE
2013-07-29,Ross,4.662560089,0.13074039001211268,0.13074039001211268,0.5735162937918511,FALSE,FALSE
2013-07-30,Ross,4.692311841,0.13392014052205423,0.13392014052205423,0.5735162937918511,FALSE,FALSE
2013-07-31,Ross,4.680069277,0.09523133957610064,0.09523133957610064,0.5735162937918511,FALSE,FALSE
2013-08-01,Ross,4.668864045,0.05759291615637885,0.05759291615637885,0.5735162937918511,FALSE,FALSE
2013-08-02,Ross,4.633095165,-0.00470882875497213,0.00470882875497213,0.5735162937918511,FALSE,FALSE
2013-08-03,Ross,4.614701239,-0.04984801057794907,0.04984801057794907,0.5735162937918511,FALSE,FALSE
2013-08-04,Ross,4.587796819,-0.10377965859178584,0.10377965859178584,0.5735162937918511,FALSE,FALSE
2013-08-05,Ross,4.5787503,-0.14004935035334043,0.14004935035334043,0.5735162937918511,FALSE,FALSE
2013-08-06,Ross,4.559923283,-0.18617438094289265,0.18617438094289265,0.5735162937918511,FALSE,FALSE
2013-08-07,Ross,4.585047804,-0.18830161044071847,0.18830161044071847,0.5735162937918511,FALSE,FALSE
2013-08-08,Ross,4.691866269,-0.10856752892708688,0.10856752892708688,0.5735162937918511,FALSE,FALSE
2013-08-09,Ross,4.847074198,0.0198444875177266,0.0198444875177266,0.5735162937918511,FALSE,FALSE
2013-08-10,Ross,4.932583768,0.0789677198134422,0.0789677198134422,0.5735162937918511,FALSE,FALSE
2013-08-11,Ross,4.942044384,0.06257267687979429,0.06257267687979429,0.5735162937918511,FALSE,FALSE
2013-08-12,Ross,4.9810363540000004,0.07636077063650593,0.07636077063650593,0.5735162937918511,FALSE,FALSE
2013-08-13,Ross,4.990735005,0.06162843200330581,0.06162843200330581,0.5735162937918511,FALSE,FALSE
2013-08-14,Ross,5.000964792,0.04832121989991211,0.04832121989991211,0.5735162937918511,FALSE,FALSE
2013-08-15,Ross,4.984446082,0.009280605246059,0.009280605246059,0.5735162937918511,FALSE,FALSE
2013-08-16,Ross,4.97723937,-0.0193157936737327,0.0193157936737327,0.5735162937918511,FALSE,FALSE
2013-08-17,Ross,5.002978416,-0.01383540740228639,0.01383540740228639,0.5735162937918511,FALSE,FALSE
2013-08-18,Ross,5.031238405,-0.00483966098885257,0.00483966098885257,0.5735162937918511,FALSE,FALSE
2013-08-19,Ross,5.040092331,-0.01439959182168415,0.01439959182168415,0.5735162937918511,FALSE,FALSE
2013-08-20,Ross,5.064176099,-0.00802332628903901,0.00802332628903901,0.5735162937918511,FALSE,FALSE
2013-08-21,Ross,5.054421822,-0.03492278277916583,0.03492278277916583,0.5735162937918511,FALSE,FALSE
2013-08-22,Ross,5.070076724,-0.03599476868032436,0.03599476868032436,0.5735162937918511,FALSE,FALSE
2013-08-23,Ross,5.092399048,-0.03012507238076445,0.03012507238076445,0.5735162937918511,FALSE,FALSE
2013-08-24,Ross,5.130236368,-0.00861015126873621,0.00861015126873621,0.5735162937918511,FALSE,FALSE
2013-08-25,Ross,5.174274487,0.01909176626749698,0.01909176626749698,0.5735162937918511,FALSE,FALSE
2013-08-26,Ross,5.203290111,0.03161335483969108,0.03161335483969108,0.5735162937918511,FALSE,FALSE
2013-08-27,Ross,5.259362245,0.07088958805958612,0.07088958805958612,0.5735162937918511,FALSE,FALSE
2013-08-28,Ross,5.315439791,0.10972533653893102,0.10972533653893102,0.5735162937918511,FALSE,FALSE
2013-08-29,Ross,5.345978776,0.12245987468525232,0.12245987468525232,0.5735162937918511,FALSE,FALSE
2013-08-30,Ross,5.369135095,0.127298137134078,0.127298137134078,0.5735162937918511,FALSE,FALSE
2013-08-31,Ross,5.312986573,0.05242928194252716,0.05242928194252716,0.5735162937918511,FALSE,FALSE
2013-09-01,Ross,5.285301187,0.00573273090166104,0.00573273090166104,0.5735162937918511,FALSE,FALSE
2013-09-02,Ross,5.282037609,-0.01672139919746129,0.01672139919746129,0.5735162937918511,FALSE,FALSE
2013-09-03,Ross,5.269953765,-0.04806373756377535,0.04806373756377535,0.5735162937918511,FALSE,FALSE
2013-09-04,Ross,5.289926355,-0.04730613940621975,0.04730613940621975,0.5735162937918511,FALSE,FALSE
2013-09-05,Ross,5.325455183,-0.03083735593373315,0.03083735593373315,0.5735162937918511,FALSE,FALSE
2013-09-06,Ross,5.368567727,-0.00651846435525271,0.00651846435525271,0.5735162937918511,FALSE,FALSE
2013-09-07,Ross,5.448167243,0.05466523612028329,0.05466523612028329,0.5735162937918511,FALSE,FALSE
2013-09-08,Ross,5.524040459,0.1126119182839398,0.1126119182839398,0.5735162937918511,FALSE,FALSE
2013-09-09,Ross,5.538046889,0.10929254092677354,0.10929254092677354,0.5735162937918511,FALSE,FALSE
2013-09-10,Ross,5.553328577,0.10796013023868056,0.10796013023868056,0.5735162937918511,FALSE,FALSE
2013-09-11,Ross,5.535689976,0.0744862059212803,0.0744862059212803,0.5735162937918511,FALSE,FALSE
2013-09-12,Ross,5.54153011,0.06525738885446408,0.06525738885446408,0.5735162937918511,FALSE,FALSE
2013-09-13,Ross,5.530279525,0.03968345443869925,0.03968345443869925,0.5735162937918511,FALSE,FALSE
2013-09-14,Ross,5.523231364,0.01903677507446488,0.01903677507446488,0.5735162937918511,FALSE,FALSE
2013-09-15,Ross,5.533942662,0.01685361516222983,0.01685361516222983,0.5735162937918511,FALSE,FALSE
2013-09-16,Ross,5.528378954,-9.21260897530196e-4,9.21260897530196e-4,0.5735162937918511,FALSE,FALSE
2013-09-17,Ross,5.551692498,0.01084363429565993,0.01084363429565993,0.5735162937918511,FALSE,FALSE
2013-09-18,Ross,5.62166685,0.0699110861422696,0.0699110861422696,0.5735162937918511,FALSE,FALSE
2013-09-19,Ross,5.662359242,0.10031755604277492,0.10031755604277492,0.5735162937918511,FALSE,FALSE
2013-09-20,Ross,5.709645235,0.1379178343976477,0.1379178343976477,0.5735162937918511,FALSE,FALSE
2013-09-21,Ross,5.746591208,0.16575752960736345,0.16575752960736345,0.5735162937918511,FALSE,FALSE
2013-09-22,Ross,5.758884716,0.16950342607239222,0.16950342607239222,0.5735162937918511,FALSE,FALSE
2013-09-23,Ross,5.761938967,0.16454977093201872,0.16454977093201872,0.5735162937918511,FALSE,FALSE
2013-09-24,Ross,5.752366306,0.1475093236153917,0.1475093236153917,0.5735162937918511,FALSE,FALSE
2013-09-25,Ross,5.712089962,0.1003174809003502,0.1003174809003502,0.5735162937918511,FALSE,FALSE
2013-09-26,Ross,5.720953344,0.10282998447717429,0.10282998447717429,0.5735162937918511,FALSE,FALSE
2013-09-27,Ross,5.702623965,0.07872668003614347,0.07872668003614347,0.5735162937918511,FALSE,FALSE
2013-09-28,Ross,5.68994097,0.06085904526753971,0.06085904526753971,0.5735162937918511,FALSE,FALSE
2013-09-29,Ross,5.680341466,0.046676519861645,0.046676519861645,0.5735162937918511,FALSE,FALSE
2013-09-30,Ross,5.715318305,0.07768428850874187,0.07768428850874187,0.5735162937918511,FALSE,FALSE
2013-10-01,Ross,5.775963417,0.13498661389910982,0.13498661389910982,0.5735162937918511,FALSE,FALSE
2013-10-02,Ross,5.74342163,0.09974065672303124,0.09974065672303124,0.5735162937918511,FALSE,FALSE
2013-10-03,Ross,5.729595889,0.0838616946707873,0.0838616946707873,0.5735162937918511,FALSE,FALSE
2013-10-04,Ross,5.728859614,0.08173548043265999,0.08173548043265999,0.5735162937918511,FALSE,FALSE
2013-10-05,Ross,5.739370235,0.09153178381782556,0.09153178381782556,0.5735162937918511,FALSE,FALSE
2013-10-06,Ross,5.747987844,0.10013164786183282,0.10013164786183282,0.5735162937918511,FALSE,FALSE
2013-10-07,Ross,5.750593646,0.10346255894711565,0.10346255894711565,0.5735162937918511,FALSE,FALSE
2013-10-08,Ross,5.803447287,0.15783507859310753,0.15783507859310753,0.5735162937918511,FALSE,FALSE
2013-10-09,Ross,5.851551889,0.20830324431925185,0.20830324431925185,0.5735162937918511,FALSE,FALSE
2013-10-10,Ross,5.879394573,0.23940509264498733,0.23940509264498733,0.5735162937918511,FALSE,FALSE
2013-10-11,Ross,5.899666575,0.2638827750897521,0.2638827750897521,0.5735162937918511,FALSE,FALSE
2013-10-12,Ross,5.917824544,0.28724385617298775,0.28724385617298775,0.5735162937918511,FALSE,FALSE
2013-10-13,Ross,5.919885102,0.2955558734141306,0.2955558734141306,0.5735162937918511,FALSE,FALSE
2013-10-14,Ross,5.893901479,0.2769229723326232,0.2769229723326232,0.5735162937918511,FALSE,FALSE
2013-10-15,Ross,5.872285823,0.2638082164479041,0.2638082164479041,0.5735162937918511,FALSE,FALSE
2013-10-16,Ross,5.86548061,0.2667049972794082,0.2667049972794082,0.5735162937918511,FALSE,FALSE
2013-10-17,Ross,5.811578999,0.2237573893465807,0.2237573893465807,0.5735162937918511,FALSE,FALSE
2013-10-18,Ross,5.746621005,0.17105248794129668,0.17105248794129668,0.5735162937918511,FALSE,FALSE
2013-10-19,Ross,5.688134289,0.12608357525835334,0.12608357525835334,0.5735162937918511,FALSE,FALSE
2013-10-20,Ross,5.651633623,0.10425316835030164,0.10425316835030164,0.5735162937918511,FALSE,FALSE
2013-10-21,Ross,5.572965805,0.04129269208762842,0.04129269208762842,0.5735162937918511,FALSE,FALSE
2013-10-22,Ross,5.492778741,-0.02226532065917386,0.02226532065917386,0.5735162937918511,FALSE,FALSE
2013-10-23,Ross,5.399988155,-0.09762051901961843,0.09762051901961843,0.5735162937918511,FALSE,FALSE
2013-10-24,Ross,5.383623096,-0.0958592271232126,0.0958592271232126,0.5735162937918511,FALSE,FALSE
2013-10-25,Ross,5.367256792,-0.09352359009946642,0.09352359009946642,0.5735162937918511,FALSE,FALSE
2013-10-26,Ross,5.338876145,-0.102742079077891,0.102742079077891,0.5735162937918511,FALSE,FALSE
2013-10-27,Ross,5.326212711,-0.09589851118799686,0.09589851118799686,0.5735162937918511,FALSE,FALSE
2013-10-28,Ross,5.323817453,-0.07855729655929178,0.07855729655929178,0.5735162937918511,FALSE,FALSE
2013-10-29,Ross,5.305448984,-0.07707519532128693,0.07707519532128693,0.5735162937918511,FALSE,FALSE
2013-10-30,Ross,5.296593385,-0.06608149960349063,0.06608149960349063,0.5735162937918511,FALSE,FALSE
2013-10-31,Ross,5.292678765,-0.05022339684975296,0.05022339684975296,0.5735162937918511,FALSE,FALSE
2013-11-01,Ross,5.269615713,-0.05346832835475901,0.05346832835475901,0.5735162937918511,FALSE,FALSE
2013-11-02,Ross,5.236770736,-0.06626722491771542,0.06626722491771542,0.5735162937918511,FALSE,FALSE
2013-11-03,Ross,5.222021038,-0.06056030404897328,0.06056030404897328,0.5735162937918511,FALSE,FALSE
2013-11-04,Ross,5.193923984,-0.06760762225888595,0.06760762225888595,0.5735162937918511,FALSE,FALSE
2013-11-05,Ross,5.146240168,-0.0934660070578026,0.0934660070578026,0.5735162937918511,FALSE,FALSE
2013-11-06,Ross,5.097783118,-0.11913935195607372,0.11913935195607372,0.5735162937918511,FALSE,FALSE
2013-11-07,Ross,5.079746732,-0.1132511804640508,0.1132511804640508,0.5735162937918511,FALSE,FALSE
2013-11-08,Ross,5.056857572,-0.1108923520920886,0.1108923520920886,0.5735162937918511,FALSE,FALSE
2013-11-09,Ross,5.016355223,-0.12464070335053544,0.12464070335053544,0.5735162937918511,FALSE,FALSE
2013-11-10,Ross,4.996889807,-0.1156635337497436,0.1156635337497436,0.5735162937918511,FALSE,FALSE
2013-11-11,Ross,4.995826424,-0.08641316480006278,0.08641316480006278,0.5735162937918511,FALSE,FALSE
2013-11-12,Ross,4.987986436,-0.06188713693021164,0.06188713693021164,0.5735162937918511,FALSE,FALSE
2013-11-13,Ross,4.960680907,-0.05467521149199417,0.05467521149199417,0.5735162937918511,FALSE,FALSE
2013-11-14,Ross,4.933837626,-0.04487357208485409,0.04487357208485409,0.5735162937918511,FALSE,FALSE
2013-11-15,Ross,4.872051282,-0.06792165992730492,0.06792165992730492,0.5735162937918511,FALSE,FALSE
2013-11-16,Ross,4.806787274,-0.09238820623786204,0.09238820623786204,0.5735162937918511,FALSE,FALSE
2013-11-17,Ross,4.783801193,-0.07255175023504279,0.07255175023504279,0.5735162937918511,FALSE,FALSE
2013-11-18,Ross,4.766572275,-0.04496718613736306,0.04496718613736306,0.5735162937918511,FALSE,FALSE
2013-11-19,Ross,4.77044479,0.00567562583666614,0.00567562583666614,0.5735162937918511,FALSE,FALSE
2013-11-20,Ross,4.73996357,0.02388738746852414,0.02388738746852414,0.5735162937918511,FALSE,FALSE
2013-11-21,Ross,4.67998064,0.01448599353970347,0.01448599353970347,0.5735162937918511,FALSE,FALSE
2013-11-22,Ross,4.578463576,-0.03459511016832017,0.03459511016832017,0.5735162937918511,FALSE,FALSE
2013-11-23,Ross,4.501853846,-0.05694858587405704,0.05694858587405704,0.5735162937918511,FALSE,FALSE
2013-11-24,Ross,4.449570842,-0.05318917179602422,0.05318917179602422,0.5735162937918511,FALSE,FALSE
2013-11-25,Ross,4.42006495,-0.02487555125430951,0.02487555125430951,0.5735162937918511,FALSE,FALSE
2013-11-26,Ross,4.386586225,0.00144522231110233,0.00144522231110233,0.5735162937918511,FALSE,FALSE
2013-11-27,Ross,4.316119519,-0.00693252811412392,0.00693252811412392,0.5735162937918511,FALSE,FALSE
2013-11-28,Ross,4.229626393,-0.02873696326707353,0.02873696326707353,0.5735162937918511,FALSE,FALSE
2013-11-29,Ross,4.175633442,-0.01513120988482885,0.01513120988482885,0.5735162937918511,FALSE,FALSE
2013-11-30,Ross,4.104587279,-0.01535837670447115,0.01535837670447115,0.5735162937918511,FALSE,FALSE
2013-12-01,Ross,3.984957675,-0.06063841446309093,0.06063841446309093,0.5735162937918511,FALSE,FALSE
2013-12-02,Ross,3.893253624,-0.07415205089776666,0.07415205089776666,0.5735162937918511,FALSE,FALSE
2013-12-03,Ross,3.836457,-0.04860713374558578,0.04860713374558578,0.5735162937918511,FALSE,FALSE
2013-12-04,Ross,3.762093108,-0.03616807974363034,0.03616807974363034,0.5735162937918511,FALSE,FALSE
2013-12-05,Ross,3.680591813,-0.02609474562898484,0.02609474562898484,0.5735162937918511,FALSE,FALSE
2013-12-06,Ross,3.594499885,-0.01553008313873505,0.01553008313873505,0.5735162937918511,FALSE,FALSE
2013-12-07,Ross,3.462908539,-0.04507350133323262,0.04507350133323262,0.5735162937918511,FALSE,FALSE
2013-12-08,Ross,3.426941514,0.02642800470989748,0.02642800470989748,0.5735162937918511,FALSE,FALSE
2013-12-09,Ross,3.339810523,0.05153989140179016,0.05153989140179016,0.5735162937918511,FALSE,FALSE
2013-12-10,Ross,3.226836454,0.054837000418539,0.054837000418539,0.5735162937918511,FALSE,FALSE
2013-12-11,Ross,3.141503322,0.0890573004362265,0.0890573004362265,0.5735162937918511,FALSE,FALSE
2013-12-12,Ross,3.009181917,0.0788255351309477,0.0788255351309477,0.5735162937918511,FALSE,FALSE
2013-12-13,Ross,2.949767369,0.14329078817878926,0.14329078817878926,0.5735162937918511,FALSE,FALSE
2013-12-14,Ross,2.887821493,0.20626882825584092,0.20626882825584092,0.5735162937918511,FALSE,FALSE
2013-12-15,Ross,2.819615996,0.2632853160381945,0.2632853160381945,0.5735162937918511,FALSE,FALSE
2013-12-16,Ross,2.752248265,0.3206915922019342,0.3206915922019342,0.5735162937918511,FALSE,FALSE
2013-12-17,Ross,2.660011136,0.35203444642315507,0.35203444642315507,0.5735162937918511,FALSE,FALSE
2013-12-18,Ross,2.46231125,0.27597447337794323,0.27597447337794323,0.5735162937918511,FALSE,FALSE
2013-12-19,Ross,2.301154763,0.23377178274238863,0.23377178274238863,0.5735162937918511,FALSE,FALSE
2013-12-20,Ross,2.124766251,0.17292407835664392,0.17292407835664392,0.5735162937918511,FALSE,FALSE
2013-12-21,Ross,1.9848034,0.14466535455367469,0.14466535455367469,0.5735162937918511,FALSE,FALSE
2013-12-22,Ross,1.869986854,0.13753456870195402,0.13753456870195402,0.5735162937918511,FALSE,FALSE
2013-12-23,Ross,1.75883342,0.12987358510553593,0.12987358510553593,0.5735162937918511,FALSE,FALSE
2013-12-24,Ross,1.644399458,0.11456382106847496,0.11456382106847496,0.5735162937918511,FALSE,FALSE
2013-12-25,Ross,1.528025028,0.09277039389482566,0.09277039389482566,0.5735162937918511,FALSE,FALSE
2013-12-26,Ross,1.448801148,0.10340937888863988,0.10340937888863988,0.5735162937918511,FALSE,FALSE
2013-12-27,Ross,1.382573788,0.12215180335397258,0.12215180335397258,0.5735162937918511,FALSE,FALSE
2013-12-28,Ross,1.327591878,0.14707165459488247,0.14707165459488247,0.5735162937918511,FALSE,FALSE
2013-12-29,Ross,1.263990225,0.15812879691541593,0.15812879691541593,0.5735162937918511,FALSE,FALSE
2013-12-30,Ross,1.162029803,0.12540926161963162,0.12540926161963162,0.5735162937918511,FALSE,FALSE
2013-12-31,Ross,1.077685976,0.10471347001158338,0.10471347001158338,0.5735162937918511,FALSE,FALSE
2014-01-01,Ross,1.037800895,0.12270863039532488,0.12270863039532488,0.5735162937918511,FALSE,FALSE
2014-01-02,Ross,1.025087619,0.16203750281482787,0.16203750281482787,0.5735162937918511,FALSE,FALSE
2014-01-03,Ross,1.011138592,0.194640807273729,0.194640807273729,0.5735162937918511,FALSE,FALSE
2014-01-04,Ross,1.005612812,0.23063046151558075,0.23063046151558075,0.5735162937918511,FALSE,FALSE
2014-01-05,Ross,0.987803824,0.2497529302839452,0.2497529302839452,0.5735162937918511,FALSE,FALSE
2014-01-06,Ross,0.9514855,0.24623500532237097,0.24623500532237097,0.5735162937918511,FALSE,FALSE
2014-01-07,Ross,0.934235834,0.2581076003744144,0.2581076003744144,0.5735162937918511,FALSE,FALSE
2014-01-08,Ross,0.912071102,0.26183991118363226,0.26183991118363226,0.5735162937918511,FALSE,FALSE
2014-01-09,Ross,0.898536996,0.27143054949357903,0.27143054949357903,0.5735162937918511,FALSE,FALSE
2014-01-10,Ross,0.893533045,0.2872319640478078,0.2872319640478078,0.5735162937918511,FALSE,FALSE
2014-01-11,Ross,0.886185951,0.2988237765898748,0.2988237765898748,0.5735162937918511,FALSE,FALSE
2014-01-12,Ross,0.880027662,0.31019085486333575,0.31019085486333575,0.5735162937918511,FALSE,FALSE
2014-01-13,Ross,0.860504805,0.3072327456117445,0.3072327456117445,0.5735162937918511,FALSE,FALSE
2014-01-14,Ross,0.818378167,0.28115738872502205,0.28115738872502205,0.5735162937918511,FALSE,FALSE
2014-01-15,Ross,0.786145,0.26470224648486007,0.26470224648486007,0.5735162937918511,FALSE,FALSE
2014-01-16,Ross,0.764263594,0.2583065643941663,0.2583065643941663,0.5735162937918511,FALSE,FALSE
2014-01-17,Ross,0.764868338,0.27406929080312536,0.27406929080312536,0.5735162937918511,FALSE,FALSE
2014-01-18,Ross,0.782021483,0.30601723606192216,0.30601723606192216,0.5735162937918511,FALSE,FALSE
2014-01-19,Ross,0.790502185,0.3288941155207406,0.3288941155207406,0.5735162937918511,FALSE,FALSE
2014-01-20,Ross,0.786147944,0.3385019885297659,0.3385019885297659,0.5735162937918511,FALSE,FALSE
2014-01-21,Ross,0.781217718,0.34706437243918226,0.34706437243918226,0.5735162937918511,FALSE,FALSE
2014-01-22,Ross,0.768853594,0.34768791359917467,0.34768791359917467,0.5735162937918511,FALSE,FALSE
2014-01-23,Ross,0.745039508,0.33632110735992615,0.33632110735992615,0.5735162937918511,FALSE,FALSE
2014-01-24,Ross,0.723045387,0.326198440071622,0.326198440071622,0.5735162937918511,FALSE,FALSE
2014-01-25,Ross,0.704631682,0.31904492208444735,0.31904492208444735,0.5735162937918511,FALSE,FALSE
2014-01-26,Ross,0.700990361,0.32601708074858654,0.32601708074858654,0.5735162937918511,FALSE,FALSE
2014-01-27,Ross,0.694845134,0.3298103703855921,0.3298103703855921,0.5735162937918511,FALSE,FALSE
2014-01-28,Ross,0.680253623,0.32450279568548346,0.32450279568548346,0.5735162937918511,FALSE,FALSE
2014-01-29,Ross,0.682692395,0.3356114745695463,0.3356114745695463,0.5735162937918511,FALSE,FALSE
2014-01-30,Ross,0.698577517,0.3595930899273366,0.3595930899273366,0.5735162937918511,FALSE,FALSE
2014-01-31,Ross,0.700446102,0.3690253706484132,0.3690253706484132,0.5735162937918511,FALSE,FALSE
2014-02-01,Ross,0.709045971,0.3846967536223341,0.3846967536223341,0.5735162937918511,FALSE,FALSE
2014-02-02,Ross,0.701748942,0.3840196727386559,0.3840196727386559,0.5735162937918511,FALSE,FALSE
2014-02-03,Ross,0.684583008,0.373062736886938,0.373062736886938,0.5735162937918511,FALSE,FALSE
2014-02-04,Ross,0.660709876,0.3550282689567382,0.3550282689567382,0.5735162937918511,FALSE,FALSE
2014-02-05,Ross,0.639205363,0.3390327018376141,0.3390327018376141,0.5735162937918511,FALSE,FALSE
2014-02-06,Ross,0.625091449,0.33013863141912353,0.33013863141912353,0.5735162937918511,FALSE,FALSE
2014-02-07,Ross,0.624747179,0.3347657185908255,0.3347657185908255,0.5735162937918511,FALSE,FALSE
2014-02-08,Ross,0.632119651,0.34690152706893845,0.34690152706893845,0.5735162937918511,FALSE,FALSE
2014-02-09,Ross,0.630428142,0.3497859731865788,0.3497859731865788,0.5735162937918511,FALSE,FALSE
2014-02-10,Ross,0.620578509,0.3443061233626243,0.3443061233626243,0.5735162937918511,FALSE,FALSE
2014-02-11,Ross,0.60448121,0.3323489830751514,0.3323489830751514,0.5735162937918511,FALSE,FALSE
2014-02-12,Ross,0.582935957,0.31469081180223746,0.31469081180223746,0.5735162937918511,FALSE,FALSE
2014-02-13,Ross,0.587901628,0.3232670350219568,0.3232670350219568,0.5735162937918511,FALSE,FALSE
2014-02-14,Ross,0.591887454,0.33056343121238857,0.33056343121238857,0.5735162937918511,FALSE,FALSE
2014-02-15,Ross,0.601866328,0.3435294408516085,0.3435294408516085,0.5735162937918511,FALSE,FALSE
2014-02-16,Ross,0.597423262,0.3417266234176903,0.3417266234176903,0.5735162937918511,FALSE,FALSE
2014-02-17,Ross,0.601637371,0.3482106413887141,0.3482106413887141,0.5735162937918511,FALSE,FALSE
2014-02-18,Ross,0.591116081,0.33956546824275363,0.33956546824275363,0.5735162937918511,FALSE,FALSE
2014-02-19,Ross,0.598374765,0.34828302445788617,0.34828302445788617,0.5735162937918511,FALSE,FALSE
2014-02-20,Ross,0.618657088,0.369583522512188,0.369583522512188,0.5735162937918511,FALSE,FALSE
2014-02-21,Ross,0.620508415,0.3719906037185576,0.3719906037185576,0.5735162937918511,FALSE,FALSE
2014-02-22,Ross,0.60898854,0.3605632981491058,0.3605632981491058,0.5735162937918511,FALSE,FALSE
2014-02-23,Ross,0.601662082,0.3528794042224266,0.3528794042224266,0.5735162937918511,FALSE,FALSE
2014-02-24,Ross,0.594244296,0.34466760841058985,0.34466760841058985,0.5735162937918511,FALSE,FALSE
2014-02-25,Ross,0.583772267,0.3329784271856692,0.3329784271856692,0.5735162937918511,FALSE,FALSE
2014-02-26,Ross,0.580088753,0.3276680500197358,0.3276680500197358,0.5735162937918511,FALSE,FALSE
2014-02-27,Ross,0.578222801,0.3237789553848637,0.3237789553848637,0.5735162937918511,FALSE,FALSE
2014-02-28,Ross,0.577590035,0.3207401987531243,0.3207401987531243,0.5735162937918511,FALSE,FALSE
2014-03-01,Ross,0.573261565,0.3136363215965898,0.3136363215965898,0.5735162937918511,FALSE,FALSE
2014-03-02,Ross,0.580635491,0.31787885538733307,0.31787885538733307,0.5735162937918511,FALSE,FALSE
2014-03-03,Ross,0.578194154,0.31196357259742524,0.31196357259742524,0.5735162937918511,FALSE,FALSE
2014-03-04,Ross,0.593423177,0.32338952769894014,0.32338952769894014,0.5735162937918511,FALSE,FALSE
2014-03-05,Ross,0.602585715,0.3284333059616337,0.3284333059616337,0.5735162937918511,FALSE,FALSE
2014-03-06,Ross,0.606372809,0.3277949061894833,0.3277949061894833,0.5735162937918511,FALSE,FALSE
2014-03-07,Ross,0.614521364,0.33120563053677476,0.33120563053677476,0.5735162937918511,FALSE,FALSE
2014-03-08,Ross,0.619387002,0.33101254000919766,0.33101254000919766,0.5735162937918511,FALSE,FALSE
2014-03-09,Ross,0.625537732,0.33177508261244637,0.33177508261244637,0.5735162937918511,FALSE,FALSE
2014-03-10,Ross,0.633517894,0.33402903735221307,0.33402903735221307,0.5735162937918511,FALSE,FALSE
2014-03-11,Ross,0.637178621,0.33161697623419,0.33161697623419,0.5735162937918511,FALSE,FALSE
2014-03-12,Ross,0.635353887,0.323364312264069,0.323364312264069,0.5735162937918511,FALSE,FALSE
2014-03-13,Ross,0.641460852,0.32267964444754377,0.32267964444754377,0.5735162937918511,FALSE,FALSE
2014-03-14,Ross,0.650661205,0.32471610079030877,0.32471610079030877,0.5735162937918511,FALSE,FALSE
2014-03-15,Ross,0.647556322,0.3140664962980517,0.3140664962980517,0.5735162937918511,FALSE,FALSE
2014-03-16,Ross,0.656165345,0.31474141197646965,0.31474141197646965,0.5735162937918511,FALSE,FALSE
2014-03-17,Ross,0.663384931,0.31362894383125156,0.31362894383125156,0.5735162937918511,FALSE,FALSE
2014-03-18,Ross,0.673721811,0.31522742234278167,0.31522742234278167,0.5735162937918511,FALSE,FALSE
2014-03-19,Ross,0.682290032,0.31464650182336,0.31464650182336,0.5735162937918511,FALSE,FALSE
2014-03-20,Ross,0.700209206,0.32300559381105354,0.32300559381105354,0.5735162937918511,FALSE,FALSE
2014-03-21,Ross,0.716254776,0.3290801382207742,0.3290801382207742,0.5735162937918511,FALSE,FALSE
2014-03-22,Ross,0.721663941,0.3241073309674364,0.3241073309674364,0.5735162937918511,FALSE,FALSE
2014-03-23,Ross,0.696975758,0.288626225965952,0.288626225965952,0.5735162937918511,FALSE,FALSE
2014-03-24,Ross,0.705250256,0.28569684913123183,0.28569684913123183,0.5735162937918511,FALSE,FALSE
2014-03-25,Ross,0.718870481,0.28770224337819306,0.28770224337819306,0.5735162937918511,FALSE,FALSE
2014-03-26,Ross,0.729843398,0.2866493706217443,0.2866493706217443,0.5735162937918511,FALSE,FALSE
2014-03-27,Ross,0.732773451,0.27714267177680174,0.27714267177680174,0.5735162937918511,FALSE,FALSE
2014-03-28,Ross,0.730159316,0.2616808197582738,0.2616808197582738,0.5735162937918511,FALSE,FALSE
2014-03-29,Ross,0.738722264,0.2569850824810775,0.2569850824810775,0.5735162937918511,FALSE,FALSE
2014-03-30,Ross,0.750457774,0.2550509358601235,0.2550509358601235,0.5735162937918511,FALSE,FALSE
2014-03-31,Ross,0.76260327000000006,0.25311451680834096,0.25311451680834096,0.5735162937918511,FALSE,FALSE
2014-04-01,Ross,0.780789283,0.2567980508411456,0.2567980508411456,0.5735162937918511,FALSE,FALSE
2014-04-02,Ross,0.793053625,0.2541286585212421,0.2541286585212421,0.5735162937918511,FALSE,FALSE
2014-04-03,Ross,0.796752544,0.2424518944388736,0.2424518944388736,0.5735162937918511,FALSE,FALSE
2014-04-04,Ross,0.822130001,0.252001026184278,0.252001026184278,0.5735162937918511,FALSE,FALSE
2014-04-05,Ross,0.840953098,0.25453246234769733,0.25453246234769733,0.5735162937918511,FALSE,FALSE
2014-04-06,Ross,0.850537075,0.24735074951937489,0.24735074951937489,0.5735162937918511,FALSE,FALSE
2014-04-07,Ross,0.847933878,0.22749714028954715,0.22749714028954715,0.5735162937918511,FALSE,FALSE
2014-04-08,Ross,0.874260328,0.2360777622484579,0.2360777622484579,0.5735162937918511,FALSE,FALSE
2014-04-09,Ross,0.895157732,0.2387232289863479,0.2387232289863479,0.5735162937918511,FALSE,FALSE
2014-04-10,Ross,0.925677579,0.2504743360934555,0.2504743360934555,0.5735162937918511,FALSE,FALSE
2014-04-11,Ross,0.969235242,0.27473576316002335,0.27473576316002335,0.5735162937918511,FALSE,FALSE
2014-04-12,Ross,1.005083696,0.29075009162465915,0.29075009162465915,0.5735162937918511,FALSE,FALSE
2014-04-13,Ross,1.02513844,0.29044379718895696,0.29044379718895696,0.5735162937918511,FALSE,FALSE
2014-04-14,Ross,1.05375515,0.29821876124138,0.29821876124138,0.5735162937918511,FALSE,FALSE
2014-04-15,Ross,1.07563499,0.298825643687441,0.298825643687441,0.5735162937918511,FALSE,FALSE
2014-04-16,Ross,1.078125351,0.27966133143265104,0.27966133143265104,0.5735162937918511,FALSE,FALSE
2014-04-17,Ross,1.084670264,0.26421935138252417,0.26421935138252417,0.5735162937918511,FALSE,FALSE
2014-04-18,Ross,1.109291977,0.26657144744257155,0.26657144744257155,0.5735162937918511,FALSE,FALSE
2014-04-19,Ross,1.152574686,0.28735131151830673,0.28735131151830673,0.5735162937918511,FALSE,FALSE
2014-04-20,Ross,1.204474703,0.3165647515152402,0.3165647515152402,0.5735162937918511,FALSE,FALSE
2014-04-21,Ross,1.239910436,0.3291796713388878,0.3291796713388878,0.5735162937918511,FALSE,FALSE
2014-04-22,Ross,1.268311169,0.33467485089476134,0.33467485089476134,0.5735162937918511,FALSE,FALSE
2014-04-23,Ross,1.302948339,0.3463712230883712,0.3463712230883712,0.5735162937918511,FALSE,FALSE
2014-04-24,Ross,1.311180025,0.3316763628252325,0.3316763628252325,0.5735162937918511,FALSE,FALSE
2014-04-25,Ross,1.350229996,0.3478534385041816,0.3478534385041816,0.5735162937918511,FALSE,FALSE
2014-04-26,Ross,1.389902168,0.3646498743307651,0.3646498743307651,0.5735162937918511,FALSE,FALSE
2014-04-27,Ross,1.445666781,0.3974264284763016,0.3974264284763016,0.5735162937918511,FALSE,FALSE
2014-04-28,Ross,1.49275751,0.4213067359206262,0.4213067359206262,0.5735162937918511,FALSE,FALSE
2014-04-29,Ross,1.507788016,0.4127944176435676,0.4127944176435676,0.5735162937918511,FALSE,FALSE
2014-04-30,Ross,1.544700267,0.4257214016249551,0.4257214016249551,0.5735162937918511,FALSE,FALSE
2014-05-01,Ross,1.600705118,0.45718850284461654,0.45718850284461654,0.5735162937918511,FALSE,FALSE
2014-05-02,Ross,1.674227329,0.5055104412823854,0.5055104412823854,0.5735162937918511,FALSE,FALSE
2014-05-03,Ross,1.748089061,0.553399337918091,0.553399337918091,0.5735162937918511,FALSE,FALSE
2014-05-04,Ross,1.773724894,0.5521797327315623,0.5521797327315623,0.5735162937918511,FALSE,FALSE
2014-05-05,Ross,1.815925322,0.5665320797026296,0.5665320797026296,0.5735162937918511,FALSE,FALSE
2014-05-06,Ross,1.845014717,0.5666707108111242,0.5666707108111242,0.5735162937918511,FALSE,FALSE
2014-05-07,Ross,1.897873855,0.5893664509086536,0.5893664509086536,0.5735162937918511,TRUE,FALSE
2014-05-08,Ross,1.91716429,0.5772204502529479,0.5772204502529479,0.5735162937918511,TRUE,FALSE
2014-05-09,Ross,1.944742133,0.5721602851601786,0.5721602851601786,0.5735162937918511,FALSE,FALSE
2014-05-10,Ross,1.965605738,0.5592774721584948,0.5592774721584948,0.5735162937918511,FALSE,FALSE
2014-05-11,Ross,1.972416931,0.5313269997760486,0.5313269997760486,0.5735162937918511,FALSE,FALSE
2014-05-12,Ross,1.961284044,0.48451036254099233,0.48451036254099233,0.5735162937918511,FALSE,FALSE
2014-05-13,Ross,1.934164051,0.4208776969814729,0.4208776969814729,0.5735162937918511,FALSE,FALSE
2014-05-14,Ross,1.933790892,0.3832561056256442,0.3832561056256442,0.5735162937918511,FALSE,FALSE
2014-05-15,Ross,1.987294811,0.3988689950016562,0.3988689950016562,0.5735162937918511,FALSE,FALSE
2014-05-16,Ross,2.022110728,0.39524444763765776,0.39524444763765776,0.5735162937918511,FALSE,FALSE
2014-05-17,Ross,2.085040743,0.419277726061803,0.419277726061803,0.5735162937918511,FALSE,FALSE
2014-05-18,Ross,2.173490164,0.46846730080223864,0.46846730080223864,0.5735162937918511,FALSE,FALSE
2014-05-19,Ross,2.274922551,0.5303698943871167,0.5303698943871167,0.5735162937918511,FALSE,FALSE
2014-05-20,Ross,2.329435012,0.5451727327940374,0.5451727327940374,0.5735162937918511,FALSE,FALSE
2014-05-21,Ross,2.378253169,0.5541360011293626,0.5541360011293626,0.5735162937918511,FALSE,FALSE
2014-05-22,Ross,2.428148299,0.5640170021090951,0.5640170021090951,0.5735162937918511,FALSE,FALSE
2014-05-23,Ross,2.47467382,0.5703535464224938,0.5703535464224938,0.5735162937918511,FALSE,FALSE
2014-05-24,Ross,2.496063036,0.5513633307588179,0.5513633307588179,0.5735162937918511,FALSE,FALSE
2014-05-25,Ross,2.484649057,0.4993638578073292,0.4993638578073292,0.5735162937918511,FALSE,FALSE
2014-05-26,Ross,2.482434147,0.4563417842572872,0.4563417842572872,0.5735162937918511,FALSE,FALSE
2014-05-27,Ross,2.520366545,0.4532297417979492,0.4532297417979492,0.5735162937918511,FALSE,FALSE
2014-05-28,Ross,2.56644234,0.4580082121185747,0.4580082121185747,0.5735162937918511,FALSE,FALSE
2014-05-29,Ross,2.606703031,0.4567030869084223,0.4567030869084223,0.5735162937918511,FALSE,FALSE
2014-05-30,Ross,2.636462796,0.44461293685675374,0.44461293685675374,0.5735162937918511,FALSE,FALSE
2014-05-31,Ross,2.664072577,0.43007309665282634,0.43007309665282634,0.5735162937918511,FALSE,FALSE
2014-06-01,Ross,2.700530254,0.4240658389859,0.4240658389859,0.5735162937918511,FALSE,FALSE
2014-06-02,Ross,2.706754266,0.3874986539503076,0.3874986539503076,0.5735162937918511,FALSE,FALSE
2014-06-03,Ross,2.788669299,0.4263059445832535,0.4263059445832535,0.5735162937918511,FALSE,FALSE
2014-06-04,Ross,2.830346865,0.4245746687076268,0.4245746687076268,0.5735162937918511,FALSE,FALSE
2014-06-05,Ross,2.85319555,0.4037288583585279,0.4037288583585279,0.5735162937918511,FALSE,FALSE
2014-06-06,Ross,2.89725234,0.40382094557105486,0.40382094557105486,0.5735162937918511,FALSE,FALSE
2014-06-07,Ross,2.973031787,0.43538092838030273,0.43538092838030273,0.5735162937918511,FALSE,FALSE
2014-06-08,Ross,2.991642367,0.40953272882137526,0.40953272882137526,0.5735162937918511,FALSE,FALSE
2014-06-09,Ross,3.003737029,0.37694474192936944,0.37694474192936944,0.5735162937918511,FALSE,FALSE
2014-06-10,Ross,3.062751484,0.3910681247393803,0.3910681247393803,0.5735162937918511,FALSE,FALSE
2014-06-11,Ross,3.142163054,0.4253956452865095,0.4253956452865095,0.5735162937918511,FALSE,FALSE
2014-06-12,Ross,3.252762683,0.4907336936058555,0.4907336936058555,0.5735162937918511,FALSE,FALSE
2014-06-13,Ross,3.290225039,0.4827723837325171,0.4827723837325171,0.5735162937918511,FALSE,FALSE
2014-06-14,Ross,3.321696337,0.4686740002554099,0.4686740002554099,0.5735162937918511,FALSE,FALSE
2014-06-15,Ross,3.378944427,0.4802499516018628,0.4802499516018628,0.5735162937918511,FALSE,FALSE
2014-06-16,Ross,3.490008088,0.5456202859164909,0.5456202859164909,0.5735162937918511,FALSE,FALSE
2014-06-17,Ross,3.534613937,0.544595621549683,0.544595621549683,0.5735162937918511,FALSE,FALSE
2014-06-18,Ross,3.584850475,0.5493484608518142,0.5493484608518142,0.5735162937918511,FALSE,FALSE
2014-06-19,Ross,3.622669423,0.5419145261732781,0.5419145261732781,0.5735162937918511,FALSE,FALSE
2014-06-20,Ross,3.7057985,0.580105537864454,0.580105537864454,0.5735162937918511,TRUE,TRUE
2014-06-21,Ross,3.769384494,0.5991522852757263,0.5991522852757263,0.5735162937918511,TRUE,TRUE
2014-06-22,Ross,3.850576167,0.6362875317574783,0.6362875317574783,0.5735162937918511,TRUE,TRUE
2014-06-23,Ross,3.894782515,0.6370042746600966,0.6370042746600966,0.5735162937918511,TRUE,TRUE
2014-06-24,Ross,3.92189254,0.6212755173339626,0.6212755173339626,0.5735162937918511,TRUE,TRUE
2014-06-25,Ross,3.957847237,0.615126256129463,0.615126256129463,0.5735162937918511,TRUE,TRUE
2014-06-26,Ross,4.003768719,0.6197626053969807,0.6197626053969807,0.5735162937918511,TRUE,TRUE
2014-06-27,Ross,4.024442783,0.6000393050251409,0.6000393050251409,0.5735162937918511,TRUE,TRUE
2014-06-28,Ross,4.029136999,0.5651790785564708,0.5651790785564708,0.5735162937918511,FALSE,FALSE
2014-06-29,Ross,4.053146564,0.5503802817084038,0.5503802817084038,0.5735162937918511,FALSE,FALSE
2014-06-30,Ross,4.092969724,0.5520440518664289,0.5520440518664289,0.5735162937918511,FALSE,FALSE
2014-07-01,Ross,4.157837351,0.5793041524160425,0.5793041524160425,0.5735162937918511,TRUE,FALSE
2014-07-02,Ross,4.208527555,0.5928415847427333,0.5928415847427333,0.5735162937918511,TRUE,FALSE
2014-07-03,Ross,4.226140425,0.5736593292319889,0.5736593292319889,0.5735162937918511,TRUE,FALSE
2014-07-04,Ross,4.235737897,0.5467222132693053,0.5467222132693053,0.5735162937918511,FALSE,FALSE
2014-07-05,Ross,4.238818595,0.5134317522401712,0.5134317522401712,0.5735162937918511,FALSE,FALSE
2014-07-06,Ross,4.240906789,0.479215107530079,0.479215107530079,0.5735162937918511,FALSE,FALSE
2014-07-07,Ross,4.287379518,0.4893522095245224,0.4893522095245224,0.5735162937918511,FALSE,FALSE
2014-07-08,Ross,4.287092873,0.4526020406089839,0.4526020406089839,0.5735162937918511,FALSE,FALSE
2014-07-09,Ross,4.281707569,0.4105285146383939,0.4105285146383939,0.5735162937918511,FALSE,FALSE
2014-07-10,Ross,4.245815741,0.33768676684802923,0.33768676684802923,0.5735162937918511,FALSE,FALSE
2014-07-11,Ross,4.285758228,0.34051151026599147,0.34051151026599147,0.5735162937918511,FALSE,FALSE
2014-07-12,Ross,4.424903866,0.4424827742747195,0.4424827742747195,0.5735162937918511,FALSE,FALSE
2014-07-13,Ross,4.504734083,0.48519318025665026,0.48519318025665026,0.5735162937918511,FALSE,FALSE
2014-07-14,Ross,4.553343907,0.4968489495942263,0.4968489495942263,0.5735162937918511,FALSE,FALSE
2014-07-15,Ross,4.584366058,0.4911939956698763,0.4911939956698763,0.5735162937918511,FALSE,FALSE
2014-07-16,Ross,4.64248557,0.5130245458660481,0.5130245458660481,0.5735162937918511,FALSE,FALSE
2014-07-17,Ross,4.660284617,0.4950339675651678,0.4950339675651678,0.5735162937918511,FALSE,FALSE
2014-07-18,Ross,4.682913219,0.48248347414967974,0.48248347414967974,0.5735162937918511,FALSE,FALSE
2014-07-19,Ross,4.70994349,0.475056373002019,0.475056373002019,0.5735162937918511,FALSE,FALSE
2014-07-20,Ross,4.769083889,0.5005723165046225,0.5005723165046225,0.5735162937918511,FALSE,FALSE
2014-07-21,Ross,4.793153857,0.491961939039931,0.491961939039931,0.5735162937918511,FALSE,FALSE
2014-07-22,Ross,4.850581081,0.5177551971782819,0.5177551971782819,0.5735162937918511,FALSE,FALSE
2014-07-23,Ross,4.878190893,0.514756523379214,0.514756523379214,0.5735162937918511,FALSE,FALSE
2014-07-24,Ross,4.934977953,0.5418498952493165,0.5418498952493165,0.5735162937918511,FALSE,FALSE
2014-07-25,Ross,4.977067156,0.5550474887707315,0.5550474887707315,0.5735162937918511,FALSE,FALSE
2014-07-26,Ross,5.016097451,0.5658755339255865,0.5658755339255865,0.5735162937918511,FALSE,FALSE
2014-07-27,Ross,5.018153673,0.5403061466960102,0.5403061466960102,0.5735162937918511,FALSE,FALSE
2014-07-28,Ross,5.011719301,0.5067100870641408,0.5067100870641408,0.5735162937918511,FALSE,FALSE
2014-07-29,Ross,5.001737924,0.4699182250121128,0.4699182250121128,0.5735162937918511,FALSE,FALSE
2014-07-30,Ross,5.01625456,0.457862859522054,0.457862859522054,0.5735162937918511,FALSE,FALSE
2014-07-31,Ross,5.056732857,0.4718949195761004,0.4718949195761004,0.5735162937918511,FALSE,FALSE
2014-08-01,Ross,5.118076944,0.5068058151563788,0.5068058151563788,0.5735162937918511,FALSE,FALSE
2014-08-02,Ross,5.19571403,0.557910036245028,0.557910036245028,0.5735162937918511,FALSE,FALSE
2014-08-03,Ross,5.248955074,0.5844058244220509,0.5844058244220509,0.5735162937918511,TRUE,FALSE
2014-08-04,Ross,5.264039401,0.5724629234082137,0.5724629234082137,0.5735162937918511,FALSE,FALSE
2014-08-05,Ross,5.25461044,0.5358107896466597,0.5358107896466597,0.5735162937918511,FALSE,FALSE
2014-08-06,Ross,5.208983246,0.4628855820571074,0.4628855820571074,0.5735162937918511,FALSE,FALSE
2014-08-07,Ross,5.317792164,0.5444427495592814,0.5444427495592814,0.5735162937918511,FALSE,FALSE
2014-08-08,Ross,5.433978621,0.6335448230729126,0.6335448230729126,0.5735162937918511,TRUE,TRUE
2014-08-09,Ross,5.502462777,0.6752330665177269,0.6752330665177269,0.5735162937918511,TRUE,TRUE
2014-08-10,Ross,5.517348468,0.6637324198134422,0.6637324198134422,0.5735162937918511,TRUE,TRUE
2014-08-11,Ross,5.505589088,0.6261173808797942,0.6261173808797942,0.5735162937918511,TRUE,TRUE
2014-08-12,Ross,5.496469126,0.5917935426365055,0.5917935426365055,0.5735162937918511,TRUE,TRUE
2014-08-13,Ross,5.496431949,0.5673253760033052,0.5673253760033052,0.5735162937918511,FALSE,FALSE
2014-08-14,Ross,5.478728829,0.5260852568999113,0.5260852568999113,0.5735162937918511,FALSE,FALSE
2014-08-15,Ross,5.459040381,0.4838749042460595,0.4838749042460595,0.5735162937918511,FALSE,FALSE
2014-08-16,Ross,5.525686962,0.5291317983262669,0.5291317983262669,0.5735162937918511,FALSE,FALSE
2014-08-17,Ross,5.641322423,0.6245085995977133,0.6245085995977133,0.5735162937918511,TRUE,FALSE
2014-08-18,Ross,5.718422465,0.6823443990111473,0.6823443990111473,0.5735162937918511,TRUE,FALSE
2014-08-19,Ross,5.716225108,0.6617331851783153,0.6617331851783153,0.5735162937918511,TRUE,FALSE
2014-08-20,Ross,5.699205803,0.6270063777109609,0.6270063777109609,0.5735162937918511,TRUE,FALSE
2014-08-21,Ross,5.655916401,0.5665717962208339,0.5665717962208339,0.5735162937918511,FALSE,FALSE
2014-08-22,Ross,5.603810782,0.4977392893196759,0.4977392893196759,0.5735162937918511,FALSE,FALSE
2014-08-23,Ross,5.546356997,0.42383287661923585,0.42383287661923585,0.5735162937918511,FALSE,FALSE
2014-08-24,Ross,5.472600035,0.33375351573126366,0.33375351573126366,0.5735162937918511,FALSE,FALSE
2014-08-25,Ross,5.418239589,0.26305686826749675,0.26305686826749675,0.5735162937918511,FALSE,FALSE
2014-08-26,Ross,5.420207886,0.24853112983969083,0.24853112983969083,0.5735162937918511,FALSE,FALSE
2014-08-27,Ross,5.421499812,0.2330271550595864,0.2330271550595864,0.5735162937918511,FALSE,FALSE
2014-08-28,Ross,5.396089955,0.1903755005389307,0.1903755005389307,0.5735162937918511,FALSE,FALSE
2014-08-29,Ross,5.398268654,0.17474975268525217,0.17474975268525217,0.5735162937918511,FALSE,FALSE
2014-08-30,Ross,5.413121326,0.17128436813407788,0.17128436813407788,0.5735162937918511,FALSE,FALSE
2014-08-31,Ross,5.411611299,0.15105400794252688,0.15105400794252688,0.5735162937918511,FALSE,FALSE
2014-09-01,Ross,5.364393407,0.08482495090166076,0.08482495090166076,0.5735162937918511,FALSE,FALSE
2014-09-02,Ross,5.382282291,0.08352328280253918,0.08352328280253918,0.5735162937918511,FALSE,FALSE
2014-09-03,Ross,5.432062746,0.11404524343622402,0.11404524343622402,0.5735162937918511,FALSE,FALSE
2014-09-04,Ross,5.498245306,0.16101281159378011,0.16101281159378011,0.5735162937918511,FALSE,FALSE
2014-09-05,Ross,5.552985726,0.19669318706626715,0.19669318706626715,0.5735162937918511,FALSE,FALSE
2014-09-06,Ross,5.639406693,0.26432050164474674,0.26432050164474674,0.5735162937918511,FALSE,FALSE
2014-09-07,Ross,5.711329907,0.3178279001202826,0.3178279001202826,0.5735162937918511,FALSE,FALSE
2014-09-08,Ross,5.759091501,0.34766296028394006,0.34766296028394006,0.5735162937918511,FALSE,FALSE
2014-09-09,Ross,5.851404274,0.4226499259267733,0.4226499259267733,0.5735162937918511,FALSE,FALSE
2014-09-10,Ross,5.962265584,0.5168971372386801,0.5168971372386801,0.5735162937918511,FALSE,FALSE
2014-09-11,Ross,6.028152679,0.5669489089212805,0.5669489089212805,0.5735162937918511,FALSE,FALSE
2014-09-12,Ross,6.076503309,0.6002305878544636,0.6002305878544636,0.5735162937918511,TRUE,TRUE
2014-09-13,Ross,6.131666976,0.6410709054386992,0.6410709054386992,0.5735162937918511,TRUE,TRUE
2014-09-14,Ross,6.138564336,0.6343697470744649,0.6343697470744649,0.5735162937918511,TRUE,TRUE
2014-09-15,Ross,6.192589334,0.6755002871622295,0.6755002871622295,0.5735162937918511,TRUE,TRUE
2014-09-16,Ross,6.227745104,0.6984448891024702,0.6984448891024702,0.5735162937918511,TRUE,TRUE
2014-09-17,Ross,6.215213925,0.6743650612956591,0.6743650612956591,0.5735162937918511,TRUE,TRUE
2014-09-18,Ross,6.18355417,0.631798406142269,0.631798406142269,0.5735162937918511,TRUE,TRUE
2014-09-19,Ross,6.148390654,0.5863489680427749,0.5863489680427749,0.5735162937918511,TRUE,TRUE
2014-09-20,Ross,6.130801864,0.5590744633976481,0.5590744633976481,0.5735162937918511,FALSE,FALSE
2014-09-21,Ross,6.101587213,0.5207535346073637,0.5207535346073637,0.5735162937918511,FALSE,FALSE
2014-09-22,Ross,6.070584674,0.4812033840723924,0.4812033840723924,0.5735162937918511,FALSE,FALSE
2014-09-23,Ross,6.041552237,0.4441630409320192,0.4441630409320192,0.5735162937918511,FALSE,FALSE
2014-09-24,Ross,6.019763832,0.4149068496153916,0.4149068496153916,0.5735162937918511,FALSE,FALSE
2014-09-25,Ross,6.041468417,0.4296959359003498,0.4296959359003498,0.5735162937918511,FALSE,FALSE
2014-09-26,Ross,6.126821128,0.5086977684771741,0.5086977684771741,0.5735162937918511,FALSE,FALSE
2014-09-27,Ross,6.128743996,0.5048467110361434,0.5048467110361434,0.5735162937918511,FALSE,FALSE
2014-09-28,Ross,6.116788791,0.4877068662675397,0.4877068662675397,0.5735162937918511,FALSE,FALSE
2014-09-29,Ross,6.086815518,0.4531505718616451,0.4531505718616451,0.5735162937918511,FALSE,FALSE
2014-09-30,Ross,6.052797846,0.4151638295087414,0.4151638295087414,0.5735162937918511,FALSE,FALSE
2014-10-01,Ross,6.011946742,0.3709699388991101,0.3709699388991101,0.5735162937918511,FALSE,FALSE
2014-10-02,Ross,5.996898301,0.3532173277230308,0.3532173277230308,0.5735162937918511,FALSE,FALSE
2014-10-03,Ross,5.990380925,0.3446467306707879,0.3446467306707879,0.5735162937918511,FALSE,FALSE
2014-10-04,Ross,5.99672759,0.3496034564326598,0.3496034564326598,0.5735162937918511,FALSE,FALSE
2014-10-05,Ross,6.007616842,0.3597783908178256,0.3597783908178256,0.5735162937918511,FALSE,FALSE
2014-10-06,Ross,6.080582734,0.432726537861833,0.432726537861833,0.5735162937918511,FALSE,FALSE
2014-10-07,Ross,6.078939204,0.4318081169471162,0.4318081169471162,0.5735162937918511,FALSE,FALSE
2014-10-08,Ross,6.087806524,0.44219431559310785,0.44219431559310785,0.5735162937918511,FALSE,FALSE
2014-10-09,Ross,6.091169078,0.4479204333192523,0.4479204333192523,0.5735162937918511,FALSE,FALSE
2014-10-10,Ross,6.066062196,0.4260727156449873,0.4260727156449873,0.5735162937918511,FALSE,FALSE
2014-10-11,Ross,6.052363978,0.4165801780897515,0.4165801780897515,0.5735162937918511,FALSE,FALSE
2014-10-12,Ross,6.014956477,0.38437578917298776,0.38437578917298776,0.5735162937918511,FALSE,FALSE
2014-10-13,Ross,6.00112802,0.37679879141413064,0.37679879141413064,0.5735162937918511,FALSE,FALSE
2014-10-14,Ross,5.990714114,0.3737356073326232,0.3737356073326232,0.5735162937918511,FALSE,FALSE
2014-10-15,Ross,5.969400574,0.36092296744790353,0.36092296744790353,0.5735162937918511,FALSE,FALSE
2014-10-16,Ross,5.913253637,0.31447802427940896,0.31447802427940896,0.5735162937918511,FALSE,FALSE
2014-10-17,Ross,5.898225843,0.3104042333465804,0.3104042333465804,0.5735162937918511,FALSE,FALSE
2014-10-18,Ross,5.873999314,0.2984307969412967,0.2984307969412967,0.5735162937918511,FALSE,FALSE
2014-10-19,Ross,5.87136187,0.3093111562583539,0.3093111562583539,0.5735162937918511,FALSE,FALSE
2014-10-20,Ross,5.832964034,0.285583579350301,0.285583579350301,0.5735162937918511,FALSE,FALSE
2014-10-21,Ross,5.806300097,0.27462698408762876,0.27462698408762876,0.5735162937918511,FALSE,FALSE
2014-10-22,Ross,5.829210797,0.31416673534082573,0.31416673534082573,0.5735162937918511,FALSE,FALSE
2014-10-23,Ross,5.859271479,0.36166280498038184,0.36166280498038184,0.5735162937918511,FALSE,FALSE
2014-10-24,Ross,5.857089729,0.37760740587678754,0.37760740587678754,0.5735162937918511,FALSE,FALSE
2014-10-25,Ross,5.840329193,0.3795488109005331,0.3795488109005331,0.5735162937918511,FALSE,FALSE
2014-10-26,Ross,5.815110184,0.3734919599221085,0.3734919599221085,0.5735162937918511,FALSE,FALSE
2014-10-27,Ross,5.776068537,0.35395731481200254,0.35395731481200254,0.5735162937918511,FALSE,FALSE
2014-10-28,Ross,5.717528444,0.31515369444070807,0.31515369444070807,0.5735162937918511,FALSE,FALSE
2014-10-29,Ross,5.644687734,0.2621635546787129,0.2621635546787129,0.5735162937918511,FALSE,FALSE
2014-10-30,Ross,5.614105162,0.25143027739650936,0.25143027739650936,0.5735162937918511,FALSE,FALSE
2014-10-31,Ross,5.595573809,0.2526716471502475,0.2526716471502475,0.5735162937918511,FALSE,FALSE
2014-11-01,Ross,5.540489983,0.2174059416452403,0.2174059416452403,0.5735162937918511,FALSE,FALSE
2014-11-02,Ross,5.500012046,0.1969740850822843,0.1969740850822843,0.5735162937918511,FALSE,FALSE
2014-11-03,Ross,5.449078272,0.16649692995102683,0.16649692995102683,0.5735162937918511,FALSE,FALSE
2014-11-04,Ross,5.413593644,0.1520620377411133,0.1520620377411133,0.5735162937918511,FALSE,FALSE
2014-11-05,Ross,5.374605343,0.13489916794219692,0.13489916794219692,0.5735162937918511,FALSE,FALSE
2014-11-06,Ross,5.32873418,0.1118117100439262,0.1118117100439262,0.5735162937918511,FALSE,FALSE
2014-11-07,Ross,5.331548291,0.13855037853594876,0.13855037853594876,0.5735162937918511,FALSE,FALSE
2014-11-08,Ross,5.301414334,0.13366440990791162,0.13366440990791162,0.5735162937918511,FALSE,FALSE
2014-11-09,Ross,5.250924263,0.10992833664946478,0.10992833664946478,0.5735162937918511,FALSE,FALSE
2014-11-10,Ross,5.188242158,0.07568881725025722,0.07568881725025722,0.5735162937918511,FALSE,FALSE
2014-11-11,Ross,5.204566371,0.12232678219993788,0.12232678219993788,0.5735162937918511,FALSE,FALSE
2014-11-12,Ross,5.213623774,0.16375020106978866,0.16375020106978866,0.5735162937918511,FALSE,FALSE
2014-11-13,Ross,5.205676779,0.19032066050800545,0.19032066050800545,0.5735162937918511,FALSE,FALSE
2014-11-14,Ross,5.148933091,0.170221892915146,0.170221892915146,0.5735162937918511,FALSE,FALSE
2014-11-15,Ross,5.128546025,0.18857308307269527,0.18857308307269527,0.5735162937918511,FALSE,FALSE
2014-11-16,Ross,5.05025677,0.15108128976213742,0.15108128976213742,0.5735162937918511,FALSE,FALSE
2014-11-17,Ross,4.981973181,0.12562023776495668,0.12562023776495668,0.5735162937918511,FALSE,FALSE
2014-11-18,Ross,4.95698557,0.14544610886263687,0.14544610886263687,0.5735162937918511,FALSE,FALSE
2014-11-19,Ross,4.902692237,0.13792307283666627,0.13792307283666627,0.5735162937918511,FALSE,FALSE
2014-11-20,Ross,4.883492468,0.1674162854685246,0.1674162854685246,0.5735162937918511,FALSE,FALSE
2014-11-21,Ross,4.8527402,0.18724555353970376,0.18724555353970376,0.5735162937918511,FALSE,FALSE
2014-11-22,Ross,4.777328884,0.16427019783168006,0.16427019783168006,0.5735162937918511,FALSE,FALSE
2014-11-23,Ross,4.69343667,0.13463423812594222,0.13463423812594222,0.5735162937918511,FALSE,FALSE
2014-11-24,Ross,4.636041489,0.13328147520397593,0.13328147520397593,0.5735162937918511,FALSE,FALSE
2014-11-25,Ross,4.572489205,0.12754870374569016,0.12754870374569016,0.5735162937918511,FALSE,FALSE
2014-11-26,Ross,4.523964488,0.1388234853111019,0.1388234853111019,0.5735162937918511,FALSE,FALSE
2014-11-27,Ross,4.433894538,0.11084249088587585,0.11084249088587585,0.5735162937918511,FALSE,FALSE
2014-11-28,Ross,4.375346228,0.116982871732926,0.116982871732926,0.5735162937918511,FALSE,FALSE
2014-11-29,Ross,4.280484268,0.08971961611517187,0.08971961611517187,0.5735162937918511,FALSE,FALSE
2014-11-30,Ross,4.191002164,0.07105650829552879,0.07105650829552879,0.5735162937918511,FALSE,FALSE
2014-12-01,Ross,4.083593567,0.03799747753690941,0.03799747753690941,0.5735162937918511,FALSE,FALSE
2014-12-02,Ross,3.989905602,0.02249992710223303,0.02249992710223303,0.5735162937918511,FALSE,FALSE
2014-12-03,Ross,3.914576431,0.0295122972544144,0.0295122972544144,0.5735162937918511,FALSE,FALSE
2014-12-04,Ross,3.841254497,0.04299330925636946,0.04299330925636946,0.5735162937918511,FALSE,FALSE
2014-12-05,Ross,3.786432903,0.07974634437101535,0.07974634437101535,0.5735162937918511,FALSE,FALSE
2014-12-06,Ross,3.689567427,0.07953745886126518,0.07953745886126518,0.5735162937918511,FALSE,FALSE
2014-12-07,Ross,3.585116972,0.07713493166676733,0.07713493166676733,0.5735162937918511,FALSE,FALSE
2014-12-08,Ross,3.499629406,0.09911589670989727,0.09911589670989727,0.5735162937918511,FALSE,FALSE
2014-12-09,Ross,3.398786226,0.11051559440178992,0.11051559440178992,0.5735162937918511,FALSE,FALSE
2014-12-10,Ross,3.33085547,0.15885601641853908,0.15885601641853908,0.5735162937918511,FALSE,FALSE
2014-12-11,Ross,3.286206946,0.2337609244362264,0.2337609244362264,0.5735162937918511,FALSE,FALSE
2014-12-12,Ross,3.232699471,0.302343089130948,0.302343089130948,0.5735162937918511,FALSE,FALSE
2014-12-13,Ross,3.153963388,0.34748680717878955,0.34748680717878955,0.5735162937918511,FALSE,FALSE
2014-12-14,Ross,3.026906704,0.34535403925584074,0.34535403925584074,0.5735162937918511,FALSE,FALSE
2014-12-15,Ross,2.931395378,0.3750646980381944,0.3750646980381944,0.5735162937918511,FALSE,FALSE
2014-12-16,Ross,2.801819819,0.3702631462019341,0.3702631462019341,0.5735162937918511,FALSE,FALSE
2014-12-17,Ross,2.667202032,0.35922534242315507,0.35922534242315507,0.5735162937918511,FALSE,FALSE
2014-12-18,Ross,2.558728486,0.3723917093779434,0.3723917093779434,0.5735162937918511,FALSE,FALSE
2014-12-19,Ross,2.447893537,0.3805105567423888,0.3805105567423888,0.5735162937918511,FALSE,FALSE
2014-12-20,Ross,2.327733751,0.37589157835664366,0.37589157835664366,0.5735162937918511,FALSE,FALSE
2014-12-21,Ross,2.11223358,0.2720955345536744,0.2720955345536744,0.5735162937918511,FALSE,FALSE
2014-12-22,Ross,1.952144311,0.21969202570195412,0.21969202570195412,0.5735162937918511,FALSE,FALSE
2014-12-23,Ross,1.859675941,0.23071610610553608,0.23071610610553608,0.5735162937918511,FALSE,FALSE
2014-12-24,Ross,1.782109049,0.25227341206847487,0.25227341206847487,0.5735162937918511,FALSE,FALSE
2014-12-25,Ross,1.70232181,0.26706717589482554,0.26706717589482554,0.5735162937918511,FALSE,FALSE
2014-12-26,Ross,1.6291161220000001,0.28372435288863995,0.28372435288863995,0.5735162937918511,FALSE,FALSE
2014-12-27,Ross,1.580002259,0.3195802743539726,0.3195802743539726,0.5735162937918511,FALSE,FALSE
2014-12-28,Ross,1.520128516,0.33960829259488245,0.33960829259488245,0.5735162937918511,FALSE,FALSE
2014-12-29,Ross,1.459319564,0.3534581359154161,0.3534581359154161,0.5735162937918511,FALSE,FALSE
2014-12-30,Ross,1.418263318,0.38164277661963153,0.38164277661963153,0.5735162937918511,FALSE,FALSE
2014-12-31,Ross,1.375197909,0.4022254030115834,0.4022254030115834,0.5735162937918511,FALSE,FALSE
2015-01-01,Ross,1.353989369,0.4388971043953249,0.4388971043953249,0.5735162937918511,FALSE,FALSE
2015-01-02,Ross,1.330297831,0.46724771481482785,0.46724771481482785,0.5735162937918511,FALSE,FALSE
2015-01-03,Ross,1.299923545,0.48342576027372897,0.48342576027372897,0.5735162937918511,FALSE,FALSE
2015-01-04,Ross,1.265323413,0.49034106251558063,0.49034106251558063,0.5735162937918511,FALSE,FALSE
2015-01-05,Ross,1.223339416,0.48528852228394515,0.48528852228394515,0.5735162937918511,FALSE,FALSE
2015-01-06,Ross,1.180230461,0.47497996632237105,0.47497996632237105,0.5735162937918511,FALSE,FALSE
2015-01-07,Ross,1.123782024,0.4476537903744144,0.4476537903744144,0.5735162937918511,FALSE,FALSE
2015-01-08,Ross,1.084249555,0.43401836418363227,0.43401836418363227,0.5735162937918511,FALSE,FALSE
2015-01-09,Ross,1.057364318,0.4302578714935791,0.4302578714935791,0.5735162937918511,FALSE,FALSE
2015-01-10,Ross,1.026734916,0.420433835047808,0.420433835047808,0.5735162937918511,FALSE,FALSE
2015-01-11,Ross,0.980541187,0.39317901258987487,0.39317901258987487,0.5735162937918511,FALSE,FALSE
2015-01-12,Ross,0.927466536,0.35762972886333566,0.35762972886333566,0.5735162937918511,FALSE,FALSE
2015-01-13,Ross,0.869041385,0.31576932561174453,0.31576932561174453,0.5735162937918511,FALSE,FALSE
2015-01-14,Ross,0.823790197,0.28656941872502206,0.28656941872502206,0.5735162937918511,FALSE,FALSE
2015-01-15,Ross,0.799857304,0.2784145504848601,0.2784145504848601,0.5735162937918511,FALSE,FALSE
2015-01-16,Ross,0.767833578,0.2618765483941663,0.2618765483941663,0.5735162937918511,FALSE,FALSE
2015-01-17,Ross,0.73905074,0.24825169280312545,0.24825169280312545,0.5735162937918511,FALSE,FALSE
2015-01-18,Ross,0.710770601,0.2347663540619222,0.2347663540619222,0.5735162937918511,FALSE,FALSE
2015-01-19,Ross,0.683008772,0.22140070252074057,0.22140070252074057,0.5735162937918511,FALSE,FALSE
2015-01-20,Ross,0.639807045,0.19216108952976585,0.19216108952976585,0.5735162937918511,FALSE,FALSE
2015-01-21,Ross,0.603388623,0.16923527743918226,0.16923527743918226,0.5735162937918511,FALSE,FALSE
2015-01-22,Ross,0.576777969,0.1556122885991747,0.1556122885991747,0.5735162937918511,FALSE,FALSE
2015-01-23,Ross,0.546230637,0.13751223635992615,0.13751223635992615,0.5735162937918511,FALSE,FALSE
2015-01-24,Ross,0.532119834,0.135272887071622,0.135272887071622,0.5735162937918511,FALSE,FALSE
2015-01-25,Ross,0.531396315,0.14580955508444726,0.14580955508444726,0.5735162937918511,FALSE,FALSE
2015-01-26,Ross,0.544424422,0.1694511417485865,0.1694511417485865,0.5735162937918511,FALSE,FALSE
2015-01-27,Ross,0.545681559,0.18064679538559208,0.18064679538559208,0.5735162937918511,FALSE,FALSE
2015-01-28,Ross,0.541456266,0.1857054386854834,0.1857054386854834,0.5735162937918511,FALSE,FALSE
2015-01-29,Ross,0.537791839,0.19071091856954636,0.19071091856954636,0.5735162937918511,FALSE,FALSE
2015-01-30,Ross,0.546473635,0.20748920792733655,0.20748920792733655,0.5735162937918511,FALSE,FALSE
2015-01-31,Ross,0.533543357,0.2021226256484132,0.2021226256484132,0.5735162937918511,FALSE,FALSE
2015-02-01,Ross,0.508956371,0.1846071536223341,0.1846071536223341,0.5735162937918511,FALSE,FALSE
2015-02-02,Ross,0.487968075,0.17023880573865585,0.17023880573865585,0.5735162937918511,FALSE,FALSE
2015-02-03,Ross,0.465188558,0.15366828688693795,0.15366828688693795,0.5735162937918511,FALSE,FALSE
2015-02-04,Ross,0.466457255,0.1607756479567383,0.1607756479567383,0.5735162937918511,FALSE,FALSE
2015-02-05,Ross,0.454736499,0.15456383783761413,0.15456383783761413,0.5735162937918511,FALSE,FALSE
2015-02-06,Ross,0.432558545,0.13760572741912352,0.13760572741912352,0.5735162937918511,FALSE,FALSE
2015-02-07,Ross,0.41330933,0.12332786959082548,0.12332786959082548,0.5735162937918511,FALSE,FALSE
2015-02-08,Ross,0.407161679,0.12194355506893843,0.12194355506893843,0.5735162937918511,FALSE,FALSE
2015-02-09,Ross,0.396718526,0.11607635718657884,0.11607635718657884,0.5735162937918511,FALSE,FALSE
2015-02-10,Ross,0.391783472,0.1155110863626243,0.1155110863626243,0.5735162937918511,FALSE,FALSE
2015-02-11,Ross,0.372623409,0.10049118207515144,0.10049118207515144,0.5735162937918511,FALSE,FALSE
2015-02-12,Ross,0.356633551,0.08838840580223745,0.08838840580223745,0.5735162937918511,FALSE,FALSE
2015-02-13,Ross,0.356738795,0.0921042020219568,0.0921042020219568,0.5735162937918511,FALSE,FALSE
2015-02-14,Ross,0.353714124,0.0923901012123886,0.0923901012123886,0.5735162937918511,FALSE,FALSE
2015-02-15,Ross,0.33085714,0.07252025285160857,0.07252025285160857,0.5735162937918511,FALSE,FALSE
2015-02-16,Ross,0.320293816,0.06459717741769033,0.06459717741769033,0.5735162937918511,FALSE,FALSE
2015-02-17,Ross,0.319701989,0.06627525938871409,0.06627525938871409,0.5735162937918511,FALSE,FALSE
2015-02-18,Ross,0.334696378,0.08314576524275363,0.08314576524275363,0.5735162937918511,FALSE,FALSE
2015-02-19,Ross,0.352092906,0.10200116545788618,0.10200116545788618,0.5735162937918511,FALSE,FALSE
2015-02-20,Ross,0.350274549,0.10120098351218804,0.10120098351218804,0.5735162937918511,FALSE,FALSE
2015-02-21,Ross,0.33358346,0.08506564871855768,0.08506564871855768,0.5735162937918511,FALSE,FALSE
2015-02-22,Ross,0.304509081,0.05608383914910586,0.05608383914910586,0.5735162937918511,FALSE,FALSE
2015-02-23,Ross,0.30021704,0.0514343622224265,0.0514343622224265,0.5735162937918511,FALSE,FALSE
2015-02-24,Ross,0.303351078,0.0537743904105899,0.0537743904105899,0.5735162937918511,FALSE,FALSE
2015-02-25,Ross,0.304475539,0.05368169918566928,0.05368169918566928,0.5735162937918511,FALSE,FALSE
2015-02-26,Ross,0.329267857,0.07684715401973585,0.07684715401973585,0.5735162937918511,FALSE,FALSE
2015-02-27,Ross,0.323111598,0.06866775238486367,0.06866775238486367,0.5735162937918511,FALSE,FALSE
2015-02-28,Ross,0.323701849,0.06685201275312436,0.06685201275312436,0.5735162937918511,FALSE,FALSE
2015-03-01,Ross,0.313726176,0.05410093259658977,0.05410093259658977,0.5735162937918511,FALSE,FALSE
2015-03-02,Ross,0.287583393,0.02482675738733308,0.02482675738733308,0.5735162937918511,FALSE,FALSE
2015-03-03,Ross,0.289908231,0.0236776495974253,0.0236776495974253,0.5735162937918511,FALSE,FALSE
2015-03-04,Ross,0.313182577,0.04314892769894013,0.04314892769894013,0.5735162937918511,FALSE,FALSE
2015-03-05,Ross,0.326763687,0.05261127796163373,0.05261127796163373,0.5735162937918511,FALSE,FALSE
2015-03-06,Ross,0.331351843,0.05277394018948328,0.05277394018948328,0.5735162937918511,FALSE,FALSE
2015-03-07,Ross,0.358516483,0.07520074953677475,0.07520074953677475,0.5735162937918511,FALSE,FALSE
2015-03-08,Ross,0.373376986,0.08500252400919772,0.08500252400919772,0.5735162937918511,FALSE,FALSE
2015-03-09,Ross,0.375866729,0.08210407961244642,0.08210407961244642,0.5735162937918511,FALSE,FALSE
2015-03-10,Ross,0.387659878,0.08817102135221305,0.08817102135221305,0.5735162937918511,FALSE,FALSE
2015-03-11,Ross,0.418743452,0.11318180723419002,0.11318180723419002,0.5735162937918511,FALSE,FALSE
2015-03-12,Ross,0.438537302,0.12654772726406904,0.12654772726406904,0.5735162937918511,FALSE,FALSE
2015-03-13,Ross,0.457630141,0.13884893344754373,0.13884893344754373,0.5735162937918511,FALSE,FALSE
2015-03-14,Ross,0.465119562,0.13917445779030874,0.13917445779030874,0.5735162937918511,FALSE,FALSE
2015-03-15,Ross,0.463731354,0.1302415282980517,0.1302415282980517,0.5735162937918511,FALSE,FALSE
2015-03-16,Ross,0.480910531,0.13948659797646962,0.13948659797646962,0.5735162937918511,FALSE,FALSE
2015-03-17,Ross,0.499332278,0.14957629083125162,0.14957629083125162,0.5735162937918511,FALSE,FALSE
2015-03-18,Ross,0.493805951,0.13531156234278174,0.13531156234278174,0.5735162937918511,FALSE,FALSE
2015-03-19,Ross,0.50222155,0.13457801982335998,0.13457801982335998,0.5735162937918511,FALSE,FALSE
2015-03-20,Ross,0.503966893,0.12676328081105348,0.12676328081105348,0.5735162937918511,FALSE,FALSE
2015-03-21,Ross,0.51862904,0.1314544022207742,0.1314544022207742,0.5735162937918511,FALSE,FALSE
2015-03-22,Ross,0.548979489,0.15142287896743645,0.15142287896743645,0.5735162937918511,FALSE,FALSE
2015-03-23,Ross,0.577955374,0.16960584196595196,0.16960584196595196,0.5735162937918511,FALSE,FALSE
2015-03-24,Ross,0.608006022,0.1884526151312318,0.1884526151312318,0.5735162937918511,FALSE,FALSE
2015-03-25,Ross,0.622065944,0.19089770637819312,0.19089770637819312,0.5735162937918511,FALSE,FALSE
2015-03-26,Ross,0.637106665,0.19391263762174432,0.19391263762174432,0.5735162937918511,FALSE,FALSE
2015-03-27,Ross,0.632086147,0.1764553677768017,0.1764553677768017,0.5735162937918511,FALSE,FALSE
2015-03-28,Ross,0.626017829,0.15753933275827386,0.15753933275827386,0.5735162937918511,FALSE,FALSE
2015-03-29,Ross,0.632076088,0.15033890648107756,0.15033890648107756,0.5735162937918511,FALSE,FALSE
2015-03-30,Ross,0.64862092,0.15321408186012353,0.15321408186012353,0.5735162937918511,FALSE,FALSE
2015-03-31,Ross,0.680372385,0.17088363180834087,0.17088363180834087,0.5735162937918511,FALSE,FALSE
2015-04-01,Ross,0.716627668,0.19263643584114565,0.19263643584114565,0.5735162937918511,FALSE,FALSE
2015-04-02,Ross,0.749159554,0.21023458752124213,0.21023458752124213,0.5735162937918511,FALSE,FALSE
2015-04-03,Ross,0.775487723,0.22118707343887367,0.22118707343887367,0.5735162937918511,FALSE,FALSE
2015-04-04,Ross,0.806766604,0.236637629184278,0.236637629184278,0.5735162937918511,FALSE,FALSE
2015-04-05,Ross,0.8342304,0.2478097643476974,0.2478097643476974,0.5735162937918511,FALSE,FALSE
2015-04-06,Ross,0.875182893,0.27199656751937484,0.27199656751937484,0.5735162937918511,FALSE,FALSE
2015-04-07,Ross,0.924147992,0.30371125428954715,0.30371125428954715,0.5735162937918511,FALSE,FALSE
2015-04-08,Ross,0.959571285,0.3213887192484579,0.3213887192484579,0.5735162937918511,FALSE,FALSE
2015-04-09,Ross,0.995138438,0.3387039349863479,0.3387039349863479,0.5735162937918511,FALSE,FALSE
2015-04-10,Ross,1.041446198,0.3662429550934555,0.3662429550934555,0.5735162937918511,FALSE,FALSE
2015-04-11,Ross,1.076245154,0.38174567516002333,0.38174567516002333,0.5735162937918511,FALSE,FALSE
2015-04-12,Ross,1.110586269,0.396252664624659,0.396252664624659,0.5735162937918511,FALSE,FALSE
2015-04-13,Ross,1.142682402,0.4079877591889568,0.4079877591889568,0.5735162937918511,FALSE,FALSE
2015-04-14,Ross,1.170702639,0.41516625024138,0.41516625024138,0.5735162937918511,FALSE,FALSE
2015-04-15,Ross,1.202438092,0.425628745687441,0.425628745687441,0.5735162937918511,FALSE,FALSE
2015-04-16,Ross,1.228316869,0.429852849432651,0.429852849432651,0.5735162937918511,FALSE,FALSE
2015-04-17,Ross,1.264775612,0.44432469938252406,0.44432469938252406,0.5735162937918511,FALSE,FALSE
2015-04-18,Ross,1.342910587,0.5001900574425715,0.5001900574425715,0.5735162937918511,FALSE,FALSE
2015-04-19,Ross,1.404658403,0.5394350285183068,0.5394350285183068,0.5735162937918511,FALSE,FALSE
2015-04-20,Ross,1.439723964,0.5518140125152401,0.5518140125152401,0.5735162937918511,FALSE,FALSE
2015-04-21,Ross,1.455424438,0.544693673338888,0.544693673338888,0.5735162937918511,FALSE,FALSE
2015-04-22,Ross,1.470196615,0.5365602968947615,0.5365602968947615,0.5735162937918511,FALSE,FALSE
2015-04-23,Ross,1.473053678,0.5164765620883712,0.5164765620883712,0.5735162937918511,FALSE,FALSE
2015-04-24,Ross,1.450834863,0.4713312008252325,0.4713312008252325,0.5735162937918511,FALSE,FALSE
2015-04-25,Ross,1.425509369,0.4231328115041817,0.4231328115041817,0.5735162937918511,FALSE,FALSE
2015-04-26,Ross,1.435544777,0.41029248333076507,0.41029248333076507,0.5735162937918511,FALSE,FALSE
2015-04-27,Ross,1.428638354,0.38039800147630176,0.38039800147630176,0.5735162937918511,FALSE,FALSE
2015-04-28,Ross,1.449205995,0.3777552209206263,0.3777552209206263,0.5735162937918511,FALSE,FALSE
2015-04-29,Ross,1.516458176,0.4214645776435677,0.4214645776435677,0.5735162937918511,FALSE,FALSE
2015-04-30,Ross,1.565468288,0.44648942262495495,0.44648942262495495,0.5735162937918511,FALSE,FALSE
2015-05-01,Ross,1.591244669,0.4477280538446165,0.4477280538446165,0.5735162937918511,FALSE,FALSE
2015-05-02,Ross,1.650102914,0.4813860262823854,0.4813860262823854,0.5735162937918511,FALSE,FALSE
2015-05-03,Ross,1.684727268,0.4900375449180911,0.4900375449180911,0.5735162937918511,FALSE,FALSE
2015-05-04,Ross,1.700890678,0.4793455167315621,0.4793455167315621,0.5735162937918511,FALSE,FALSE
2015-05-05,Ross,1.696912012,0.4475187697026297,0.4475187697026297,0.5735162937918511,FALSE,FALSE
2015-05-06,Ross,1.695925638,0.4175816318111243,0.4175816318111243,0.5735162937918511,FALSE,FALSE
2015-05-07,Ross,1.733702029,0.4251946249086536,0.4251946249086536,0.5735162937918511,FALSE,FALSE
2015-05-08,Ross,1.775573747,0.4356299072529477,0.4356299072529477,0.5735162937918511,FALSE,FALSE
2015-05-09,Ross,1.797335711,0.4247538631601784,0.4247538631601784,0.5735162937918511,FALSE,FALSE
2015-05-10,Ross,1.815950591,0.4096223251584947,0.4096223251584947,0.5735162937918511,FALSE,FALSE
2015-05-11,Ross,1.846518787,0.4054288557760486,0.4054288557760486,0.5735162937918511,FALSE,FALSE
2015-05-12,Ross,1.885576076,0.4088023945409924,0.4088023945409924,0.5735162937918511,FALSE,FALSE
2015-05-13,Ross,1.972065143,0.45877878898147295,0.45877878898147295,0.5735162937918511,FALSE,FALSE
2015-05-14,Ross,2.034950368,0.4844155816256443,0.4844155816256443,0.5735162937918511,FALSE,FALSE
2015-05-15,Ross,2.070916101,0.48249028500165614,0.48249028500165614,0.5735162937918511,FALSE,FALSE
2015-05-16,Ross,2.076708953,0.4498426726376577,0.4498426726376577,0.5735162937918511,FALSE,FALSE
2015-05-17,Ross,2.062238033,0.3964750160618029,0.3964750160618029,0.5735162937918511,FALSE,FALSE
2015-05-18,Ross,2.060439455,0.3554165918022387,0.3554165918022387,0.5735162937918511,FALSE,FALSE
2015-05-19,Ross,2.094225396,0.34967273938711685,0.34967273938711685,0.5735162937918511,FALSE,FALSE
2015-05-20,Ross,2.11307196,0.3288096807940377,0.3288096807940377,0.5735162937918511,FALSE,FALSE
2015-05-21,Ross,2.152488483,0.32837131512936235,0.32837131512936235,0.5735162937918511,FALSE,FALSE
2015-05-22,Ross,2.196642945,0.33251164810909484,0.33251164810909484,0.5735162937918511,FALSE,FALSE
2015-05-23,Ross,2.254067454,0.34974718042249364,0.34974718042249364,0.5735162937918511,FALSE,FALSE
2015-05-24,Ross,2.318067574,0.3733678687588182,0.3733678687588182,0.5735162937918511,FALSE,FALSE
2015-05-25,Ross,2.373366352,0.38808115280732935,0.38808115280732935,0.5735162937918511,FALSE,FALSE
2015-05-26,Ross,2.400791298,0.37469893525728715,0.37469893525728715,0.5735162937918511,FALSE,FALSE
2015-05-27,Ross,2.401819161,0.3346823577979494,0.3346823577979494,0.5735162937918511,FALSE,FALSE
2015-05-28,Ross,2.431101474,0.3226673461185747,0.3226673461185747,0.5735162937918511,FALSE,FALSE
2015-05-29,Ross,2.470829231,0.3208292869084226,0.3208292869084226,0.5735162937918511,FALSE,FALSE
2015-05-30,Ross,2.475168501,0.28331864185675393,0.28331864185675393,0.5735162937918511,FALSE,FALSE
2015-05-31,Ross,2.48534801,0.25134852965282617,0.25134852965282617,0.5735162937918511,FALSE,FALSE
2015-06-01,Ross,2.555464377,0.27899996198590005,0.27899996198590005,0.5735162937918511,FALSE,FALSE
2015-06-02,Ross,2.596135501,0.2768798889503077,0.2768798889503077,0.5735162937918511,FALSE,FALSE
2015-06-03,Ross,2.614478341,0.2521149865832535,0.2521149865832535,0.5735162937918511,FALSE,FALSE
2015-06-04,Ross,2.668197641,0.26242544470762663,0.26242544470762663,0.5735162937918511,FALSE,FALSE
2015-06-05,Ross,2.679186644,0.22971995235852785,0.22971995235852785,0.5735162937918511,FALSE,FALSE
2015-06-06,Ross,2.736322979,0.2428915845710549,0.2428915845710549,0.5735162937918511,FALSE,FALSE
2015-06-07,Ross,2.792838449,0.2551875903803027,0.2551875903803027,0.5735162937918511,FALSE,FALSE
2015-06-08,Ross,2.846161221,0.2640515828213754,0.2640515828213754,0.5735162937918511,FALSE,FALSE
2015-06-09,Ross,2.909932739,0.28314045192936943,0.28314045192936943,0.5735162937918511,FALSE,FALSE
2015-06-10,Ross,2.988774057,0.31709069773938037,0.31709069773938037,0.5735162937918511,FALSE,FALSE
2015-06-11,Ross,3.077016643,0.36024923428650935,0.36024923428650935,0.5735162937918511,FALSE,FALSE
2015-06-12,Ross,3.142071982,0.3800429926058557,0.3800429926058557,0.5735162937918511,FALSE,FALSE
2015-06-13,Ross,3.164873767,0.357421111732517,0.357421111732517,0.5735162937918511,FALSE,FALSE
2015-06-14,Ross,3.201737888,0.34871555125540965,0.34871555125540965,0.5735162937918511,FALSE,FALSE
2015-06-15,Ross,3.245569052,0.3468745766018628,0.3468745766018628,0.5735162937918511,FALSE,FALSE
2015-06-16,Ross,3.264975987,0.3205881849164909,0.3205881849164909,0.5735162937918511,FALSE,FALSE
2015-06-17,Ross,3.313436626,0.32341831054968306,0.32341831054968306,0.5735162937918511,FALSE,FALSE
2015-06-18,Ross,3.355053131,0.31955111685181414,0.31955111685181414,0.5735162937918511,FALSE,FALSE
2015-06-19,Ross,3.361389201,0.28063430417327817,0.28063430417327817,0.5735162937918511,FALSE,FALSE
2015-06-20,Ross,3.414061691,0.28836872886445386,0.28836872886445386,0.5735162937918511,FALSE,FALSE
2015-06-21,Ross,3.517731851,0.3474996422757264,0.3474996422757264,0.5735162937918511,FALSE,FALSE
2015-06-22,Ross,3.619536,0.4052473647574786,0.4052473647574786,0.5735162937918511,FALSE,FALSE
2015-06-23,Ross,3.698824578,0.4410463376600964,0.4410463376600964,0.5735162937918511,FALSE,FALSE
2015-06-24,Ross,3.69843874,0.3978217173339624,0.3978217173339624,0.5735162937918511,FALSE,FALSE
2015-06-25,Ross,3.713695775,0.370974794129463,0.370974794129463,0.5735162937918511,FALSE,FALSE
2015-06-26,Ross,3.751606482,0.3676003683969809,0.3676003683969809,0.5735162937918511,FALSE,FALSE
2015-06-27,Ross,3.810729875,0.3863263970251411,0.3863263970251411,0.5735162937918511,FALSE,FALSE
2015-06-28,Ross,3.862479264,0.3985213435564705,0.3985213435564705,0.5735162937918511,FALSE,FALSE
2015-06-29,Ross,3.904290152,0.4015238697084036,0.4015238697084036,0.5735162937918511,FALSE,FALSE
2015-06-30,Ross,3.95837504,0.4174493678664293,0.4174493678664293,0.5735162937918511,FALSE,FALSE
2015-07-01,Ross,3.943390927,0.3648577284160419,0.3648577284160419,0.5735162937918511,FALSE,FALSE
2015-07-02,Ross,3.963930501,0.34824453074273354,0.34824453074273354,0.5735162937918511,FALSE,FALSE
2015-07-03,Ross,3.976543887,0.32406279123198933,0.32406279123198933,0.5735162937918511,FALSE,FALSE
2015-07-04,Ross,4.028891209,0.33987552526930553,0.33987552526930553,0.5735162937918511,FALSE,FALSE
2015-07-05,Ross,4.070598786,0.34521194324017124,0.34521194324017124,0.5735162937918511,FALSE,FALSE
2015-07-06,Ross,4.071192488,0.30950080653007905,0.30950080653007905,0.5735162937918511,FALSE,FALSE
2015-07-07,Ross,4.088961301,0.2909339925245229,0.2909339925245229,0.5735162937918511,FALSE,FALSE
2015-07-08,Ross,4.142054209,0.3075633766089845,0.3075633766089845,0.5735162937918511,FALSE,FALSE
2015-07-09,Ross,4.21483723,0.3436581756383936,0.3436581756383936,0.5735162937918511,FALSE,FALSE
2015-07-10,Ross,4.26147674,0.35334776584802885,0.35334776584802885,0.5735162937918511,FALSE,FALSE
2015-07-11,Ross,4.335126916,0.38988019826599185,0.38988019826599185,0.5735162937918511,FALSE,FALSE
2015-07-12,Ross,4.362992171,0.38057107927471945,0.38057107927471945,0.5735162937918511,FALSE,FALSE
2015-07-13,Ross,4.370311793,0.3507708902566504,0.3507708902566504,0.5735162937918511,FALSE,FALSE
2015-07-14,Ross,4.382876901,0.32638194359422634,0.32638194359422634,0.5735162937918511,FALSE,FALSE
2015-07-15,Ross,4.370254742,0.2770826796698769,0.2770826796698769,0.5735162937918511,FALSE,FALSE
2015-07-16,Ross,4.370181273,0.24072024886604823,0.24072024886604823,0.5735162937918511,FALSE,FALSE
2015-07-17,Ross,4.345094527,0.17984387756516718,0.17984387756516718,0.5735162937918511,FALSE,FALSE
2015-07-18,Ross,4.345655998,0.14522625314967996,0.14522625314967996,0.5735162937918511,FALSE,FALSE
2015-07-19,Ross,4.325321236,0.09043411900201904,0.09043411900201904,0.5735162937918511,FALSE,FALSE
2015-07-20,Ross,4.306377482,0.03786590950462276,0.03786590950462276,0.5735162937918511,FALSE,FALSE
2015-07-21,Ross,4.333247319,0.03205540103993076,0.03205540103993076,0.5735162937918511,FALSE,FALSE
2015-07-22,Ross,4.34090701,0.00808112617828182,0.00808112617828182,0.5735162937918511,FALSE,FALSE
2015-07-23,Ross,4.351598154,-0.01183621562078585,0.01183621562078585,0.5735162937918511,FALSE,FALSE
2015-07-24,Ross,4.343121716,-0.05000634175068352,0.05000634175068352,0.5735162937918511,FALSE,FALSE
2015-07-25,Ross,4.439830423,0.01781075577073121,0.01781075577073121,0.5735162937918511,FALSE,FALSE
2015-07-26,Ross,4.47699754,0.02677562292558644,0.02677562292558644,0.5735162937918511,FALSE,FALSE
2015-07-27,Ross,4.522549992,0.04470246569601066,0.04470246569601066,0.5735162937918511,FALSE,FALSE
2015-07-28,Ross,4.594950844,0.08994163006414091,0.08994163006414091,0.5735162937918511,FALSE,FALSE
2015-07-29,Ross,4.55860467,0.02678497101211263,0.02678497101211263,0.5735162937918511,FALSE,FALSE
2015-07-30,Ross,4.506314687,-0.05207701347794646,0.05207701347794646,0.5735162937918511,FALSE,FALSE
2015-07-31,Ross,4.535675806,-0.04916213142389925,0.04916213142389925,0.5735162937918511,FALSE,FALSE
2015-08-01,Ross,4.576818953,-0.03445217584362137,0.03445217584362137,0.5735162937918511,FALSE,FALSE
2015-08-02,Ross,4.622286413,-0.01551758075497211,0.01551758075497211,0.5735162937918511,FALSE,FALSE
2015-08-03,Ross,4.629499258,-0.03504999157794941,0.03504999157794941,0.5735162937918511,FALSE,FALSE
2015-08-04,Ross,4.702427158,0.01085068040821379,0.01085068040821379,0.5735162937918511,FALSE,FALSE
2015-08-05,Ross,4.788367218,0.06956756764665961,0.06956756764665961,0.5735162937918511,FALSE,FALSE
2015-08-06,Ross,4.77002253,0.02392486605710786,0.02392486605710786,0.5735162937918511,FALSE,FALSE
2015-08-07,Ross,4.808285759,0.03493634455928163,0.03493634455928163,0.5735162937918511,FALSE,FALSE
2015-08-08,Ross,4.897366042,0.0969322440729128,0.0969322440729128,0.5735162937918511,FALSE,FALSE
2015-08-09,Ross,4.996802646,0.1695729355177269,0.1695729355177269,0.5735162937918511,FALSE,FALSE
2015-08-10,Ross,5.033703637,0.18008758881344278,0.18008758881344278,0.5735162937918511,FALSE,FALSE
2015-08-11,Ross,5.033756388,0.15428468087979397,0.15428468087979397,0.5735162937918511,FALSE,FALSE
2015-08-12,Ross,5.069175635,0.16450005163650516,0.16450005163650516,0.5735162937918511,FALSE,FALSE
2015-08-13,Ross,5.042733834,0.11362726100330534,0.11362726100330534,0.5735162937918511,FALSE,FALSE
2015-08-14,Ross,5.025272522,0.07262894989991153,0.07262894989991153,0.5735162937918511,FALSE,FALSE
2015-08-15,Ross,4.995784011,0.02061853424605875,0.02061853424605875,0.5735162937918511,FALSE,FALSE
2015-08-16,Ross,4.99213136,-0.00442380367373296,0.00442380367373296,0.5735162937918511,FALSE,FALSE
2015-08-17,Ross,4.953199077,-0.06361474640228693,0.06361474640228693,0.5735162937918511,FALSE,FALSE
2015-08-18,Ross,4.948669188,-0.08740887798885222,0.08740887798885222,0.5735162937918511,FALSE,FALSE
2015-08-19,Ross,4.911713478,-0.14277844482168425,0.14277844482168425,0.5735162937918511,FALSE,FALSE
2015-08-20,Ross,4.893858915,-0.17834051028903897,0.17834051028903897,0.5735162937918511,FALSE,FALSE
2015-08-21,Ross,4.956995358,-0.1323492467791656,0.1323492467791656,0.5735162937918511,FALSE,FALSE
2015-08-22,Ross,5.011867187,-0.09420430568032412,0.09420430568032412,0.5735162937918511,FALSE,FALSE
2015-08-23,Ross,4.989427948,-0.133096172380764,0.133096172380764,0.5735162937918511,FALSE,FALSE
2015-08-24,Ross,4.996891453,-0.14195506626873655,0.14195506626873655,0.5735162937918511,FALSE,FALSE
2015-08-25,Ross,5.063875593,-0.09130712773250328,0.09130712773250328,0.5735162937918511,FALSE,FALSE
2015-08-26,Ross,5.127255931,-0.04442082516030954,0.04442082516030954,0.5735162937918511,FALSE,FALSE
2015-08-27,Ross,5.169276512,-0.01919614494041432,0.01919614494041432,0.5735162937918511,FALSE,FALSE
2015-08-28,Ross,5.209437093,0.00372263853893084,0.00372263853893084,0.5735162937918511,FALSE,FALSE
2015-08-29,Ross,5.227754676,0.00423577468525238,0.00423577468525238,0.5735162937918511,FALSE,FALSE
2015-08-30,Ross,5.220287848,-0.02154910986592195,0.02154910986592195,0.5735162937918511,FALSE,FALSE
2015-08-31,Ross,5.18418259,-0.0763747010574729,0.0763747010574729,0.5735162937918511,FALSE,FALSE
2015-09-01,Ross,5.240411281,-0.03915717509833882,0.03915717509833882,0.5735162937918511,FALSE,FALSE
2015-09-02,Ross,5.291077723,-0.00768128519746103,0.00768128519746103,0.5735162937918511,FALSE,FALSE
2015-09-03,Ross,5.296769722,-0.02124778056377607,0.02124778056377607,0.5735162937918511,FALSE,FALSE
2015-09-04,Ross,5.280066419,-0.05716607540622043,0.05716607540622043,0.5735162937918511,FALSE,FALSE
2015-09-05,Ross,5.29404758,-0.06224495893373305,0.06224495893373305,0.5735162937918511,FALSE,FALSE
2015-09-06,Ross,5.267879239,-0.10720695235525302,0.10720695235525302,0.5735162937918511,FALSE,FALSE
2015-09-07,Ross,5.244325389,-0.14917661787971692,0.14917661787971692,0.5735162937918511,FALSE,FALSE
2015-09-08,Ross,5.260074918,-0.15135362271606034,0.15135362271606034,0.5735162937918511,FALSE,FALSE
2015-09-09,Ross,5.294899841,-0.13385450707322644,0.13385450707322644,0.5735162937918511,FALSE,FALSE
2015-09-10,Ross,5.281026892,-0.16434155476131984,0.16434155476131984,0.5735162937918511,FALSE,FALSE
2015-09-11,Ross,5.274578637,-0.18662513307871895,0.18662513307871895,0.5735162937918511,FALSE,FALSE
2015-09-12,Ross,5.280540276,-0.195732445145536,0.195732445145536,0.5735162937918511,FALSE,FALSE
2015-09-13,Ross,5.267327603,-0.2232684675613008,0.2232684675613008,0.5735162937918511,FALSE,FALSE
2015-09-14,Ross,5.279293845,-0.22490074392553527,0.22490074392553527,0.5735162937918511,FALSE,FALSE
2015-09-15,Ross,5.271691137,-0.2453979098377701,0.2453979098377701,0.5735162937918511,FALSE,FALSE
2015-09-16,Ross,5.280462985,-0.24883722989753032,0.24883722989753032,0.5735162937918511,FALSE,FALSE
2015-09-17,Ross,5.250900625,-0.2899482387043406,0.2899482387043406,0.5735162937918511,FALSE,FALSE
2015-09-18,Ross,5.250643452,-0.3011123118577306,0.3011123118577306,0.5735162937918511,FALSE,FALSE
2015-09-19,Ross,5.269049798,-0.29299188795722486,0.29299188795722486,0.5735162937918511,FALSE,FALSE
2015-09-20,Ross,5.290410948,-0.2813164526023524,0.2813164526023524,0.5735162937918511,FALSE,FALSE
2015-09-21,Ross,5.300252567,-0.2805811113926362,0.2805811113926362,0.5735162937918511,FALSE,FALSE
2015-09-22,Ross,5.30520271,-0.284178579927608,0.284178579927608,0.5735162937918511,FALSE,FALSE
2015-09-23,Ross,5.295561262,-0.3018279340679815,0.3018279340679815,0.5735162937918511,FALSE,FALSE
2015-09-24,Ross,5.265076259,-0.3397807233846084,0.3397807233846084,0.5735162937918511,FALSE,FALSE
2015-09-25,Ross,5.240850837,-0.3709216440996501,0.3709216440996501,0.5735162937918511,FALSE,FALSE
2015-09-26,Ross,5.255005182,-0.3631181775228258,0.3631181775228258,0.5735162937918511,FALSE,FALSE
2015-09-27,Ross,5.259265503,-0.3646317819638565,0.3646317819638565,0.5735162937918511,FALSE,FALSE
2015-09-28,Ross,5.319751313,-0.30933061173246035,0.30933061173246035,0.5735162937918511,FALSE,FALSE
2015-09-29,Ross,5.341957613,-0.29170733313835484,0.29170733313835484,0.5735162937918511,FALSE,FALSE
2015-09-30,Ross,5.359152358,-0.27848165849125817,0.27848165849125817,0.5735162937918511,FALSE,FALSE
2015-10-01,Ross,5.364505715,-0.27647108810089005,0.27647108810089005,0.5735162937918511,FALSE,FALSE
2015-10-02,Ross,5.394539411,-0.2491415622769688,0.2491415622769688,0.5735162937918511,FALSE,FALSE
2015-10-03,Ross,5.361208798,-0.2845253963292125,0.2845253963292125,0.5735162937918511,FALSE,FALSE
2015-10-04,Ross,5.349552318,-0.29757181556734036,0.29757181556734036,0.5735162937918511,FALSE,FALSE
2015-10-05,Ross,5.342159331,-0.305679120182174,0.305679120182174,0.5735162937918511,FALSE,FALSE
2015-10-06,Ross,5.385159019,-0.2626971771381674,0.2626971771381674,0.5735162937918511,FALSE,FALSE
2015-10-07,Ross,5.401101814,-0.24602927305288436,0.24602927305288436,0.5735162937918511,FALSE,FALSE
2015-10-08,Ross,5.350949688,-0.29466252040689245,0.29466252040689245,0.5735162937918511,FALSE,FALSE
2015-10-09,Ross,5.358538779,-0.28470986568074785,0.28470986568074785,0.5735162937918511,FALSE,FALSE
2015-10-10,Ross,5.379134843,-0.26085463735501246,0.26085463735501246,0.5735162937918511,FALSE,FALSE
2015-10-11,Ross,5.410679104,-0.2251046959102485,0.2251046959102485,0.5735162937918511,FALSE,FALSE
2015-10-12,Ross,5.390814489,-0.2397661988270121,0.2397661988270121,0.5735162937918511,FALSE,FALSE
2015-10-13,Ross,5.382913237,-0.24141599158586935,0.24141599158586935,0.5735162937918511,FALSE,FALSE
2015-10-14,Ross,5.387335106,-0.22964340066737687,0.22964340066737687,0.5735162937918511,FALSE,FALSE
2015-10-15,Ross,5.391428931,-0.21704867555209617,0.21704867555209617,0.5735162937918511,FALSE,FALSE
2015-10-16,Ross,5.38491771,-0.2138579027205916,0.2138579027205916,0.5735162937918511,FALSE,FALSE
2015-10-17,Ross,5.404143547,-0.1836780626534189,0.1836780626534189,0.5735162937918511,FALSE,FALSE
2015-10-18,Ross,5.377621286,-0.19794723105870293,0.19794723105870293,0.5735162937918511,FALSE,FALSE
2015-10-19,Ross,5.36559844,-0.1964522737416461,0.1964522737416461,0.5735162937918511,FALSE,FALSE
2015-10-20,Ross,5.381579695,-0.16580075964969865,0.16580075964969865,0.5735162937918511,FALSE,FALSE
2015-10-21,Ross,5.417385485,-0.1142876279123719,0.1142876279123719,0.5735162937918511,FALSE,FALSE
2015-10-22,Ross,5.409592572,-0.10545148965917406,0.10545148965917406,0.5735162937918511,FALSE,FALSE
2015-10-23,Ross,5.403228958,-0.0943797160196187,0.0943797160196187,0.5735162937918511,FALSE,FALSE
2015-10-24,Ross,5.369189231,-0.1102930921232126,0.1102930921232126,0.5735162937918511,FALSE,FALSE
2015-10-25,Ross,5.298411477,-0.16236890509946633,0.16236890509946633,0.5735162937918511,FALSE,FALSE
2015-10-26,Ross,5.256442206,-0.1851760180778914,0.1851760180778914,0.5735162937918511,FALSE,FALSE
2015-10-27,Ross,5.257602482,-0.16450874018799677,0.16450874018799677,0.5735162937918511,FALSE,FALSE
2015-10-28,Ross,5.278434428,-0.12394032155929224,0.12394032155929224,0.5735162937918511,FALSE,FALSE
2015-10-29,Ross,5.271866599,-0.1106575803212868,0.1106575803212868,0.5735162937918511,FALSE,FALSE
2015-10-30,Ross,5.255804429,-0.10687045560349072,0.10687045560349072,0.5735162937918511,FALSE,FALSE
2015-10-31,Ross,5.266566765,-0.07633539684975243,0.07633539684975243,0.5735162937918511,FALSE,FALSE
2015-11-01,Ross,5.281407494,-0.04167654735475956,0.04167654735475956,0.5735162937918511,FALSE,FALSE
2015-11-02,Ross,5.262168415,-0.04086954591771619,0.04086954591771619,0.5735162937918511,FALSE,FALSE
2015-11-03,Ross,5.24389712,-0.03868422204897381,0.03868422204897381,0.5735162937918511,FALSE,FALSE
2015-11-04,Ross,5.230041806,-0.03148980025888637,0.03148980025888637,0.5735162937918511,FALSE,FALSE
2015-11-05,Ross,5.197155012,-0.04255116305780326,0.04255116305780326,0.5735162937918511,FALSE,FALSE
2015-11-06,Ross,5.17670805,-0.04021441995607322,0.04021441995607322,0.5735162937918511,FALSE,FALSE
2015-11-07,Ross,5.093740721,-0.09925719146405144,0.09925719146405144,0.5735162937918511,FALSE,FALSE
2015-11-08,Ross,5.040537684,-0.12721224009208854,0.12721224009208854,0.5735162937918511,FALSE,FALSE
2015-11-09,Ross,5.011833422,-0.12916250435053556,0.12916250435053556,0.5735162937918511,FALSE,FALSE
2015-11-10,Ross,5.018212322,-0.0943410187497431,0.0943410187497431,0.5735162937918511,FALSE,FALSE
2015-11-11,Ross,5.020107315,-0.0621322738000627,0.0621322738000627,0.5735162937918511,FALSE,FALSE
2015-11-12,Ross,4.994708589,-0.05516498393021152,0.05516498393021152,0.5735162937918511,FALSE,FALSE
2015-11-13,Ross,4.968786945,-0.04656917349199485,0.04656917349199485,0.5735162937918511,FALSE,FALSE
2015-11-14,Ross,4.904606373,-0.07410482508485394,0.07410482508485394,0.5735162937918511,FALSE,FALSE
2015-11-15,Ross,4.835221226,-0.10475171592730526,0.10475171592730526,0.5735162937918511,FALSE,FALSE
2015-11-16,Ross,4.782249646,-0.11692583423786208,0.11692583423786208,0.5735162937918511,FALSE,FALSE
2015-11-17,Ross,4.683575459,-0.17277748423504313,0.17277748423504313,0.5735162937918511,FALSE,FALSE
2015-11-18,Ross,4.69369654,-0.1178429211373624,0.1178429211373624,0.5735162937918511,FALSE,FALSE
2015-11-19,Ross,4.68536652,-0.0794026441633342,0.0794026441633342,0.5735162937918511,FALSE,FALSE
2015-11-20,Ross,4.659556714,-0.0565194685314756,0.0565194685314756,0.5735162937918511,FALSE,FALSE
2015-11-21,Ross,4.613472332,-0.05202231446029692,0.05202231446029692,0.5735162937918511,FALSE,FALSE
2015-11-22,Ross,4.580784459,-0.03227422716831985,0.03227422716831985,0.5735162937918511,FALSE,FALSE
2015-11-23,Ross,4.536910955,-0.02189147687405768,0.02189147687405768,0.5735162937918511,FALSE,FALSE
2015-11-24,Ross,4.540392774,0.03763276020397566,0.03763276020397566,0.5735162937918511,FALSE,FALSE
2015-11-25,Ross,4.526124939,0.08118443774568984,0.08118443774568984,0.5735162937918511,FALSE,FALSE
2015-11-26,Ross,4.477328288,0.09218728531110187,0.09218728531110187,0.5735162937918511,FALSE,FALSE
2015-11-27,Ross,4.422989277,0.09993722988587628,0.09993722988587628,0.5735162937918511,FALSE,FALSE
2015-11-28,Ross,4.348067025,0.08970366873292601,0.08970366873292601,0.5735162937918511,FALSE,FALSE
2015-11-29,Ross,4.30160685,0.11084219811517126,0.11084219811517126,0.5735162937918511,FALSE,FALSE
2015-11-30,Ross,4.266793141,0.14684748529552838,0.14684748529552838,0.5735162937918511,FALSE,FALSE
2015-12-01,Ross,4.177475201,0.13187911153690912,0.13187911153690912,0.5735162937918511,FALSE,FALSE
2015-12-02,Ross,4.031792582,0.06438690710223272,0.06438690710223272,0.5735162937918511,FALSE,FALSE
2015-12-03,Ross,3.973016233,0.0879520992544145,0.0879520992544145,0.5735162937918511,FALSE,FALSE
2015-12-04,Ross,3.932771549,0.1345103612563694,0.1345103612563694,0.5735162937918511,FALSE,FALSE
2015-12-05,Ross,3.808562407,0.10187584837101538,0.10187584837101538,0.5735162937918511,FALSE,FALSE
2015-12-06,Ross,3.721589778,0.1115598098612649,0.1115598098612649,0.5735162937918511,FALSE,FALSE
2015-12-07,Ross,3.592431918,0.08444987766676748,0.08444987766676748,0.5735162937918511,FALSE,FALSE
2015-12-08,Ross,3.369929266,-0.03058424329010245,0.03058424329010245,0.5735162937918511,FALSE,FALSE
2015-12-09,Ross,3.222386551,-0.06588408059820994,0.06588408059820994,0.5735162937918511,FALSE,FALSE
2015-12-10,Ross,2.997916005,-0.17408344858146085,0.17408344858146085,0.5735162937918511,FALSE,FALSE
2015-12-11,Ross,2.839506463,-0.21293955856377345,0.21293955856377345,0.5735162937918511,FALSE,FALSE
2015-12-12,Ross,2.680170107,-0.2501862748690522,0.2501862748690522,0.5735162937918511,FALSE,FALSE
2015-12-13,Ross,2.489711467,-0.31676511382121086,0.31676511382121086,0.5735162937918511,FALSE,FALSE
2015-12-14,Ross,2.32742172,-0.3541309447441594,0.3541309447441594,0.5735162937918511,FALSE,FALSE
2015-12-15,Ross,2.19266807,-0.36366260996180566,0.36366260996180566,0.5735162937918511,FALSE,FALSE
2015-12-16,Ross,2.092092363,-0.33946430979806586,0.33946430979806586,0.5735162937918511,FALSE,FALSE
2015-12-17,Ross,1.922942779,-0.385033910576845,0.385033910576845,0.5735162937918511,FALSE,FALSE
2015-12-18,Ross,1.832068555,-0.35426822162205673,0.35426822162205673,0.5735162937918511,FALSE,FALSE
2015-12-19,Ross,1.751809303,-0.31557367725761143,0.31557367725761143,0.5735162937918511,FALSE,FALSE
2015-12-20,Ross,1.656507374,-0.2953347986433561,0.2953347986433561,0.5735162937918511,FALSE,FALSE
2015-12-21,Ross,1.611994281,-0.22814376444632536,0.22814376444632536,0.5735162937918511,FALSE,FALSE
2015-12-22,Ross,1.562413798,-0.17003848729804605,0.17003848729804605,0.5735162937918511,FALSE,FALSE
2015-12-23,Ross,1.487189001,-0.1417708338944641,0.1417708338944641,0.5735162937918511,FALSE,FALSE
2015-12-24,Ross,1.423049925,-0.1067857119315252,0.1067857119315252,0.5735162937918511,FALSE,FALSE
2015-12-25,Ross,1.380322404,-0.05493223010517445,0.05493223010517445,0.5735162937918511,FALSE,FALSE
2015-12-26,Ross,1.258020226,-0.0873715431113602,0.0873715431113602,0.5735162937918511,FALSE,FALSE
2015-12-27,Ross,1.046966101,-0.2134558836460274,0.2134558836460274,0.5735162937918511,FALSE,FALSE
2015-12-28,Ross,0.918940387,-0.2615798364051175,0.2615798364051175,0.5735162937918511,FALSE,FALSE
2015-12-29,Ross,0.865638968,-0.24022246008458403,0.24022246008458403,0.5735162937918511,FALSE,FALSE
2015-12-30,Ross,0.825608775,-0.21101176638036845,0.21101176638036845,0.5735162937918511,FALSE,FALSE
2015-12-31,Ross,0.723605662,-0.24936684398841655,0.24936684398841655,0.5735162937918511,FALSE,FALSE
2016-01-01,Ross,0.641717976,-0.27337428860467505,0.27337428860467505,0.5735162937918511,FALSE,FALSE
2016-01-02,Ross,0.588735442,-0.2743146741851721,0.2743146741851721,0.5735162937918511,FALSE,FALSE
2016-01-03,Ross,0.567985161,-0.24851262372627103,0.24851262372627103,0.5735162937918511,FALSE,FALSE
2016-01-04,Ross,0.559543128,-0.21543922248441935,0.21543922248441935,0.5735162937918511,FALSE,FALSE
2016-01-05,Ross,0.523172012,-0.21487888171605485,0.21487888171605485,0.5735162937918511,FALSE,FALSE
2016-01-06,Ross,0.506478746,-0.19877174867762903,0.19877174867762903,0.5735162937918511,FALSE,FALSE
2016-01-07,Ross,0.465692476,-0.2104357576255856,0.2104357576255856,0.5735162937918511,FALSE,FALSE
2016-01-08,Ross,0.431178821,-0.21905236981636772,0.21905236981636772,0.5735162937918511,FALSE,FALSE
2016-01-09,Ross,0.406589916,-0.220516530506421,0.220516530506421,0.5735162937918511,FALSE,FALSE
2016-01-10,Ross,0.394853688,-0.21144739295219217,0.21144739295219217,0.5735162937918511,FALSE,FALSE
2016-01-11,Ross,0.380090683,-0.2072714914101252,0.2072714914101252,0.5735162937918511,FALSE,FALSE
2016-01-12,Ross,0.362111314,-0.20772549313666427,0.20772549313666427,0.5735162937918511,FALSE,FALSE
2016-01-13,Ross,0.33182609,-0.2214459693882555,0.2214459693882555,0.5735162937918511,FALSE,FALSE
2016-01-14,Ross,0.309557752,-0.22766302627497792,0.22766302627497792,0.5735162937918511,FALSE,FALSE
2016-01-15,Ross,0.290924796,-0.23051795751513993,0.23051795751513993,0.5735162937918511,FALSE,FALSE
2016-01-16,Ross,0.277950917,-0.22800611260583364,0.22800611260583364,0.5735162937918511,FALSE,FALSE
2016-01-17,Ross,0.269868601,-0.22093044619687463,0.22093044619687463,0.5735162937918511,FALSE,FALSE
2016-01-18,Ross,0.246299825,-0.2297044219380778,0.2297044219380778,0.5735162937918511,FALSE,FALSE
2016-01-19,Ross,0.236941912,-0.22466615747925944,0.22466615747925944,0.5735162937918511,FALSE,FALSE
2016-01-20,Ross,0.228258669,-0.21938728647023412,0.21938728647023412,0.5735162937918511,FALSE,FALSE
2016-01-21,Ross,0.232705104,-0.2014482415608177,0.2014482415608177,0.5735162937918511,FALSE,FALSE
2016-01-22,Ross,0.234549301,-0.18661637940082532,0.18661637940082532,0.5735162937918511,FALSE,FALSE
2016-01-23,Ross,0.2401442,-0.1685742006400738,0.1685742006400738,0.5735162937918511,FALSE,FALSE
2016-01-24,Ross,0.240789018,-0.15605792892837797,0.15605792892837797,0.5735162937918511,FALSE,FALSE
2016-01-25,Ross,0.255723679,-0.1298630809155527,0.1298630809155527,0.5735162937918511,FALSE,FALSE
2016-01-26,Ross,0.264408515,-0.11056476525141344,0.11056476525141344,0.5735162937918511,FALSE,FALSE
2016-01-27,Ross,0.260057246,-0.10497751761440792,0.10497751761440792,0.5735162937918511,FALSE,FALSE
2016-01-28,Ross,0.245757902,-0.10999292531451656,0.10999292531451656,0.5735162937918511,FALSE,FALSE
2016-01-29,Ross,0.235917158,-0.1111637624304537,0.1111637624304537,0.5735162937918511,FALSE,FALSE
2016-01-30,Ross,0.225930727,-0.11305370007266348,0.11305370007266348,0.5735162937918511,FALSE,FALSE
2016-01-31,Ross,0.217865053,-0.11355567835158678,0.11355567835158678,0.5735162937918511,FALSE,FALSE
2016-02-01,Ross,0.220264203,-0.10408501437766592,0.10408501437766592,0.5735162937918511,FALSE,FALSE
2016-02-02,Ross,0.221479275,-0.09624999426134416,0.09624999426134416,0.5735162937918511,FALSE,FALSE
2016-02-03,Ross,0.220261376,-0.091258895113062,0.091258895113062,0.5735162937918511,FALSE,FALSE
2016-02-04,Ross,0.221489686,-0.08419192104326176,0.08419192104326176,0.5735162937918511,FALSE,FALSE
2016-02-05,Ross,0.224521012,-0.0756516491623859,0.0756516491623859,0.5735162937918511,FALSE,FALSE
2016-02-06,Ross,0.218919818,-0.0760329995808765,0.0760329995808765,0.5735162937918511,FALSE,FALSE
2016-02-07,Ross,0.192974354,-0.09700710640917452,0.09700710640917452,0.5735162937918511,FALSE,FALSE
2016-02-08,Ross,0.180036434,-0.10518168993106156,0.10518168993106156,0.5735162937918511,FALSE,FALSE
2016-02-09,Ross,0.185579016,-0.09506315281342118,0.09506315281342118,0.5735162937918511,FALSE,FALSE
2016-02-10,Ross,0.178758129,-0.09751425663737572,0.09751425663737572,0.5735162937918511,FALSE,FALSE
2016-02-11,Ross,0.174378385,-0.09775384192484857,0.09775384192484857,0.5735162937918511,FALSE,FALSE
2016-02-12,Ross,0.181229388,-0.08701575719776256,0.08701575719776256,0.5735162937918511,FALSE,FALSE
2016-02-13,Ross,0.168172842,-0.0964617509780432,0.0964617509780432,0.5735162937918511,FALSE,FALSE
2016-02-14,Ross,0.166299059,-0.0950249637876114,0.0950249637876114,0.5735162937918511,FALSE,FALSE
2016-02-15,Ross,0.150304414,-0.10803247314839144,0.10803247314839144,0.5735162937918511,FALSE,FALSE
2016-02-16,Ross,0.126201919,-0.12949471958230968,0.12949471958230968,0.5735162937918511,FALSE,FALSE
2016-02-17,Ross,0.114407311,-0.13901941861128592,0.13901941861128592,0.5735162937918511,FALSE,FALSE
2016-02-18,Ross,0.116925557,-0.13462505575724637,0.13462505575724637,0.5735162937918511,FALSE,FALSE
2016-02-19,Ross,0.122523408,-0.1275683325421138,0.1275683325421138,0.5735162937918511,FALSE,FALSE
2016-02-20,Ross,0.129970847,-0.11910271848781195,0.11910271848781195,0.5735162937918511,FALSE,FALSE
2016-02-21,Ross,0.137401528,-0.11111628328144232,0.11111628328144232,0.5735162937918511,FALSE,FALSE
2016-02-22,Ross,0.147391734,-0.10103350785089416,0.10103350785089416,0.5735162937918511,FALSE,FALSE
2016-02-23,Ross,0.140595751,-0.1081869267775735,0.1081869267775735,0.5735162937918511,FALSE,FALSE
2016-02-24,Ross,0.135022342,-0.1145543455894101,0.1145543455894101,0.5735162937918511,FALSE,FALSE
2016-02-25,Ross,0.13624697,-0.11454686981433074,0.11454686981433074,0.5735162937918511,FALSE,FALSE
2016-02-26,Ross,0.124409207,-0.12801149598026415,0.12801149598026415,0.5735162937918511,FALSE,FALSE
2016-02-27,Ross,0.128717699,-0.12572614661513634,0.12572614661513634,0.5735162937918511,FALSE,FALSE
2016-02-28,Ross,0.134302428,-0.12254740824687564,0.12254740824687564,0.5735162937918511,FALSE,FALSE
2016-03-01,Ross,0.136090465,-0.12666617061266694,0.12666617061266694,0.5735162937918511,FALSE,FALSE
2016-03-02,Ross,0.149124808,-0.11710577340257472,0.11710577340257472,0.5735162937918511,FALSE,FALSE
2016-03-03,Ross,0.168224667,-0.10180898230105988,0.10180898230105988,0.5735162937918511,FALSE,FALSE
2016-03-04,Ross,0.189697219,-0.0844551900383663,0.0844551900383663,0.5735162937918511,FALSE,FALSE
2016-03-05,Ross,0.198334598,-0.0802433048105167,0.0802433048105167,0.5735162937918511,FALSE,FALSE
2016-03-06,Ross,0.174241682,-0.10907405146322524,0.10907405146322524,0.5735162937918511,FALSE,FALSE
2016-03-07,Ross,0.165578979,-0.12279548299080233,0.12279548299080233,0.5735162937918511,FALSE,FALSE
2016-03-08,Ross,0.168602328,-0.1251603213875536,0.1251603213875536,0.5735162937918511,FALSE,FALSE
2016-03-09,Ross,0.177881144,-0.12160771264778696,0.12160771264778696,0.5735162937918511,FALSE,FALSE
2016-03-10,Ross,0.186482328,-0.11907931676581,0.11907931676581,0.5735162937918511,FALSE,FALSE
2016-03-11,Ross,0.185204721,-0.126784853735931,0.126784853735931,0.5735162937918511,FALSE,FALSE
2016-03-12,Ross,0.170827665,-0.14795354255245627,0.14795354255245627,0.5735162937918511,FALSE,FALSE
2016-03-13,Ross,0.165784194,-0.16016091020969123,0.16016091020969123,0.5735162937918511,FALSE,FALSE
2016-03-14,Ross,0.16753466,-0.1659551657019483,0.1659551657019483,0.5735162937918511,FALSE,FALSE
2016-03-15,Ross,0.168091076,-0.17333285702353035,0.17333285702353035,0.5735162937918511,FALSE,FALSE
2016-03-16,Ross,0.174393428,-0.1753625591687484,0.1753625591687484,0.5735162937918511,FALSE,FALSE
2016-03-17,Ross,0.194825757,-0.1636686316572183,0.1636686316572183,0.5735162937918511,FALSE,FALSE
2016-03-18,Ross,0.215886249,-0.15175728117664003,0.15175728117664003,0.5735162937918511,FALSE,FALSE
2016-03-19,Ross,0.224961512,-0.1522421001889465,0.1522421001889465,0.5735162937918511,FALSE,FALSE
2016-03-20,Ross,0.228655204,-0.15851943377922578,0.15851943377922578,0.5735162937918511,FALSE,FALSE
2016-03-21,Ross,0.222360166,-0.1751964440325636,0.1751964440325636,0.5735162937918511,FALSE,FALSE
2016-03-22,Ross,0.238581274,-0.169768258034048,0.169768258034048,0.5735162937918511,FALSE,FALSE
2016-03-23,Ross,0.288582521,-0.1309708858687682,0.1309708858687682,0.5735162937918511,FALSE,FALSE
2016-03-24,Ross,0.328147267,-0.10302097062180687,0.10302097062180687,0.5735162937918511,FALSE,FALSE
2016-03-25,Ross,0.350565872,-0.0926281553782557,0.0926281553782557,0.5735162937918511,FALSE,FALSE
2016-03-26,Ross,0.370007485,-0.08562329422319825,0.08562329422319825,0.5735162937918511,FALSE,FALSE
2016-03-27,Ross,0.356059511,-0.11241898524172617,0.11241898524172617,0.5735162937918511,FALSE,FALSE
2016-03-28,Ross,0.392042614,-0.08969456751892246,0.08969456751892246,0.5735162937918511,FALSE,FALSE
2016-03-29,Ross,0.411532734,-0.0838741041398765,0.0838741041398765,0.5735162937918511,FALSE,FALSE
2016-03-30,Ross,0.399053921,-0.11043483219165912,0.11043483219165912,0.5735162937918511,FALSE,FALSE
2016-03-31,Ross,0.409981097,-0.11401013515885432,0.11401013515885432,0.5735162937918511,FALSE,FALSE
2016-04-01,Ross,0.412849112,-0.12607585447875783,0.12607585447875783,0.5735162937918511,FALSE,FALSE
2016-04-02,Ross,0.422803741,-0.13149690856112634,0.13149690856112634,0.5735162937918511,FALSE,FALSE
2016-04-03,Ross,0.429551851,-0.14057712381572202,0.14057712381572202,0.5735162937918511,FALSE,FALSE
2016-04-04,Ross,0.47190443,-0.11451620565230264,0.11451620565230264,0.5735162937918511,FALSE,FALSE
2016-04-05,Ross,0.505193664,-0.09799266148062512,0.09799266148062512,0.5735162937918511,FALSE,FALSE
2016-04-06,Ross,0.506309095,-0.11412764271045284,0.11412764271045284,0.5735162937918511,FALSE,FALSE
2016-04-07,Ross,0.492739051,-0.1454435147515421,0.1454435147515421,0.5735162937918511,FALSE,FALSE
2016-04-08,Ross,0.57345008,-0.08298442301365216,0.08298442301365216,0.5735162937918511,FALSE,FALSE
2016-04-09,Ross,0.620130518,-0.05507272490654458,0.05507272490654458,0.5735162937918511,FALSE,FALSE
2016-04-10,Ross,0.65340231,-0.0410971688399766,0.0410971688399766,0.5735162937918511,FALSE,FALSE
2016-04-11,Ross,0.681007568,-0.03332603637534093,0.03332603637534093,0.5735162937918511,FALSE,FALSE
2016-04-12,Ross,0.712630273,-0.02206436981104309,0.02206436981104309,0.5735162937918511,FALSE,FALSE
2016-04-13,Ross,0.739596094,-0.01594029475861991,0.01594029475861991,0.5735162937918511,FALSE,FALSE
2016-04-14,Ross,0.760564645,-0.01624470131255895,0.01624470131255895,0.5735162937918511,FALSE,FALSE
2016-04-15,Ross,0.789480723,-0.00898329656734886,0.00898329656734886,0.5735162937918511,FALSE,FALSE
2016-04-16,Ross,0.820771786,3.208733825240673e-4,3.208733825240673e-4,0.5735162937918511,FALSE,FALSE
2016-04-17,Ross,0.843373402,6.52872442571506e-4,6.52872442571506e-4,0.5735162937918511,FALSE,FALSE
2016-04-18,Ross,0.846662551,-0.01856082348169319,0.01856082348169319,0.5735162937918511,FALSE,FALSE
2016-04-19,Ross,0.843175978,-0.04473397348475982,0.04473397348475982,0.5735162937918511,FALSE,FALSE
2016-04-20,Ross,0.836057066,-0.07467369866111218,0.07467369866111218,0.5735162937918511,FALSE,FALSE
2016-04-21,Ross,0.851107688,-0.08252863010523859,0.08252863010523859,0.5735162937918511,FALSE,FALSE
2016-04-22,Ross,0.878782393,-0.07779472291162881,0.07779472291162881,0.5735162937918511,FALSE,FALSE
2016-04-23,Ross,0.893975599,-0.08552806317476758,0.08552806317476758,0.5735162937918511,FALSE,FALSE
2016-04-24,Ross,0.906403519,-0.09597303849581829,0.09597303849581829,0.5735162937918511,FALSE,FALSE
2016-04-25,Ross,0.920357233,-0.10489506066923492,0.10489506066923492,0.5735162937918511,FALSE,FALSE
2016-04-26,Ross,0.967603477,-0.08063687552369825,0.08063687552369825,0.5735162937918511,FALSE,FALSE
2016-04-27,Ross,1.007136871,-0.06431390307937379,0.06431390307937379,0.5735162937918511,FALSE,FALSE
2016-04-28,Ross,1.017686827,-0.07730677135643238,0.07730677135643238,0.5735162937918511,FALSE,FALSE
2016-04-29,Ross,1.052800803,-0.06617806237504498,0.06617806237504498,0.5735162937918511,FALSE,FALSE
2016-04-30,Ross,1.079622214,-0.06389440115538347,0.06389440115538347,0.5735162937918511,FALSE,FALSE
2016-05-01,Ross,1.080256155,-0.08846073271761457,0.08846073271761457,0.5735162937918511,FALSE,FALSE
2016-05-02,Ross,1.063864787,-0.13082493608190893,0.13082493608190893,0.5735162937918511,FALSE,FALSE
2016-05-03,Ross,1.075371604,-0.14617355726843773,0.14617355726843773,0.5735162937918511,FALSE,FALSE
2016-05-04,Ross,1.078244338,-0.1711489042973704,0.1711489042973704,0.5735162937918511,FALSE,FALSE
2016-05-05,Ross,1.063804961,-0.2145390451888758,0.2145390451888758,0.5735162937918511,FALSE,FALSE
2016-05-06,Ross,1.099378597,-0.2091288070913464,0.2091288070913464,0.5735162937918511,FALSE,FALSE
2016-05-07,Ross,1.138530781,-0.20141305874705215,0.20141305874705215,0.5735162937918511,FALSE,FALSE
2016-05-08,Ross,1.161897079,-0.21068476883982143,0.21068476883982143,0.5735162937918511,FALSE,FALSE
2016-05-09,Ross,1.191448734,-0.21487953184150532,0.21487953184150532,0.5735162937918511,FALSE,FALSE
2016-05-10,Ross,1.20240878,-0.23868115122395128,0.23868115122395128,0.5735162937918511,FALSE,FALSE
2016-05-11,Ross,1.251620139,-0.22515354245900765,0.22515354245900765,0.5735162937918511,FALSE,FALSE
2016-05-12,Ross,1.300534674,-0.2127516800185272,0.2127516800185272,0.5735162937918511,FALSE,FALSE
2016-05-13,Ross,1.360512951,-0.19002183537435569,0.19002183537435569,0.5735162937918511,FALSE,FALSE
2016-05-14,Ross,1.42997097,-0.1584548459983437,0.1584548459983437,0.5735162937918511,FALSE,FALSE
2016-05-15,Ross,1.465015525,-0.16185075536234206,0.16185075536234206,0.5735162937918511,FALSE,FALSE
2016-05-16,Ross,1.490150183,-0.17561283393819704,0.17561283393819704,0.5735162937918511,FALSE,FALSE
2016-05-17,Ross,1.516679784,-0.1883430791977614,0.1883430791977614,0.5735162937918511,FALSE,FALSE
2016-05-18,Ross,1.519723143,-0.22482951361288328,0.22482951361288328,0.5735162937918511,FALSE,FALSE
2016-05-19,Ross,1.563091371,-0.2211709082059623,0.2211709082059623,0.5735162937918511,FALSE,FALSE
2016-05-20,Ross,1.558993125,-0.2651240428706376,0.2651240428706376,0.5735162937918511,FALSE,FALSE
2016-05-21,Ross,1.557737767,-0.30639352989090485,0.30639352989090485,0.5735162937918511,FALSE,FALSE
2016-05-22,Ross,1.539467152,-0.36485312157750616,0.36485312157750616,0.5735162937918511,FALSE,FALSE
2016-05-23,Ross,1.565457413,-0.3792422922411818,0.3792422922411818,0.5735162937918511,FALSE,FALSE
2016-05-24,Ross,1.578653903,-0.4066312961926708,0.4066312961926708,0.5735162937918511,FALSE,FALSE
2016-05-25,Ross,1.597868054,-0.4282243087427129,0.4282243087427129,0.5735162937918511,FALSE,FALSE
2016-05-26,Ross,1.619579459,-0.4475573442020506,0.4475573442020506,0.5735162937918511,FALSE,FALSE
2016-05-27,Ross,1.691849273,-0.41658485488142527,0.41658485488142527,0.5735162937918511,FALSE,FALSE
2016-05-28,Ross,1.718578141,-0.4314218030915775,0.4314218030915775,0.5735162937918511,FALSE,FALSE
2016-05-29,Ross,1.694916463,-0.4969333961432463,0.4969333961432463,0.5735162937918511,FALSE,FALSE
2016-05-30,Ross,1.713466267,-0.5205332133471738,0.5205332133471738,0.5735162937918511,FALSE,FALSE
2016-05-31,Ross,1.760365044,-0.5160993710140998,0.5160993710140998,0.5735162937918511,FALSE,FALSE
2016-06-01,Ross,1.839006334,-0.4802492780496923,0.4802492780496923,0.5735162937918511,FALSE,FALSE
2016-06-02,Ross,1.897627811,-0.4647355434167464,0.4647355434167464,0.5735162937918511,FALSE,FALSE
2016-06-03,Ross,1.954044363,-0.4517278332923733,0.4517278332923733,0.5735162937918511,FALSE,FALSE
2016-06-04,Ross,2.002399896,-0.4470667956414722,0.4470667956414722,0.5735162937918511,FALSE,FALSE
2016-06-05,Ross,2.063961048,-0.4294703464289453,0.4294703464289453,0.5735162937918511,FALSE,FALSE
2016-06-06,Ross,2.15558657,-0.3820642886196972,0.3820642886196972,0.5735162937918511,FALSE,FALSE
2016-06-07,Ross,2.244332048,-0.33777759017862463,0.33777759017862463,0.5735162937918511,FALSE,FALSE
2016-06-08,Ross,2.370351734,-0.2564405530706302,0.2564405530706302,0.5735162937918511,FALSE,FALSE
2016-06-09,Ross,2.42953908,-0.24214427926061963,0.24214427926061963,0.5735162937918511,FALSE,FALSE
2016-06-10,Ross,2.49566023,-0.22110717871349064,0.22110717871349064,0.5735162937918511,FALSE,FALSE
2016-06-11,Ross,2.533055973,-0.22897301639414416,0.22897301639414416,0.5735162937918511,FALSE,FALSE
2016-06-12,Ross,2.564405582,-0.24304707326748295,0.24304707326748295,0.5735162937918511,FALSE,FALSE
2016-06-13,Ross,2.593343149,-0.2596791877445903,0.2596791877445903,0.5735162937918511,FALSE,FALSE
2016-06-14,Ross,2.556572641,-0.34212183439813737,0.34212183439813737,0.5735162937918511,FALSE,FALSE
2016-06-15,Ross,2.551171593,-0.3932162090835094,0.3932162090835094,0.5735162937918511,FALSE,FALSE
2016-06-16,Ross,2.573879372,-0.4161389434503171,0.4161389434503171,0.5735162937918511,FALSE,FALSE
2016-06-17,Ross,2.603525869,-0.43197614514818605,0.43197614514818605,0.5735162937918511,FALSE,FALSE
2016-06-18,Ross,2.684084926,-0.39666997082672184,0.39666997082672184,0.5735162937918511,FALSE,FALSE
2016-06-19,Ross,2.792436889,-0.33325607313554606,0.33325607313554606,0.5735162937918511,FALSE,FALSE
2016-06-20,Ross,2.833495826,-0.33673638272427375,0.33673638272427375,0.5735162937918511,FALSE,FALSE
2016-06-21,Ross,2.843946136,-0.3703424992425215,0.3703424992425215,0.5735162937918511,FALSE,FALSE
2016-06-22,Ross,2.873403901,-0.3843743393399035,0.3843743393399035,0.5735162937918511,FALSE,FALSE
2016-06-23,Ross,2.91114441,-0.3894726126660375,0.3894726126660375,0.5735162937918511,FALSE,FALSE
2016-06-24,Ross,2.998636672,-0.3440843088705372,0.3440843088705372,0.5735162937918511,FALSE,FALSE
2016-06-25,Ross,3.090067723,-0.2939383906030191,0.2939383906030191,0.5735162937918511,FALSE,FALSE
2016-06-26,Ross,3.269876506,-0.15452697197485854,0.15452697197485854,0.5735162937918511,FALSE,FALSE
2016-06-27,Ross,3.369543385,-0.09441453544352953,0.09441453544352953,0.5735162937918511,FALSE,FALSE
2016-06-28,Ross,3.416870705,-0.08589557729159658,0.08589557729159658,0.5735162937918511,FALSE,FALSE
2016-06-29,Ross,3.476263725,-0.06466194713357076,0.06466194713357076,0.5735162937918511,FALSE,FALSE
2016-06-30,Ross,3.517440355,-0.06109284358395772,0.06109284358395772,0.5735162937918511,FALSE,FALSE
2016-07-01,Ross,3.510226265,-0.10545970525726656,0.10545970525726656,0.5735162937918511,FALSE,FALSE
2016-07-02,Ross,3.547014164,-0.1054669317680106,0.1054669317680106,0.5735162937918511,FALSE,FALSE
2016-07-03,Ross,3.639220414,-0.0497952697306947,0.0497952697306947,0.5735162937918511,FALSE,FALSE
2016-07-04,Ross,3.713511485,-0.01187535775982828,0.01187535775982828,0.5735162937918511,FALSE,FALSE
2016-07-05,Ross,3.760061207,-0.00163047446992115,0.00163047446992115,0.5735162937918511,FALSE,FALSE
2016-07-06,Ross,3.788245264,-0.00978204447547748,0.00978204447547748,0.5735162937918511,FALSE,FALSE
2016-07-07,Ross,3.801717567,-0.03277326539101599,0.03277326539101599,0.5735162937918511,FALSE,FALSE
2016-07-08,Ross,3.786137143,-0.0850419113616061,0.0850419113616061,0.5735162937918511,FALSE,FALSE
2016-07-09,Ross,3.758849694,-0.14927928015197134,0.14927928015197134,0.5735162937918511,FALSE,FALSE
2016-07-10,Ross,3.738497953,-0.20674876473400827,0.20674876473400827,0.5735162937918511,FALSE,FALSE
2016-07-11,Ross,3.781557448,-0.20086364372528065,0.20086364372528065,0.5735162937918511,FALSE,FALSE
2016-07-12,Ross,3.835471357,-0.1840695457433497,0.1840695457433497,0.5735162937918511,FALSE,FALSE
2016-07-13,Ross,3.902863419,-0.15363153840577404,0.15363153840577404,0.5735162937918511,FALSE,FALSE
2016-07-14,Ross,3.996647413,-0.0965246493301235,0.0965246493301235,0.5735162937918511,FALSE,FALSE
2016-07-15,Ross,4.05469923,-0.07476179413395201,0.07476179413395201,0.5735162937918511,FALSE,FALSE
2016-07-16,Ross,4.129018014,-0.03623263543483279,0.03623263543483279,0.5735162937918511,FALSE,FALSE
2016-07-17,Ross,4.195303615,-0.00512612985031957,0.00512612985031957,0.5735162937918511,FALSE,FALSE
2016-07-18,Ross,4.26945619,0.03456907300201894,0.03456907300201894,0.5735162937918511,FALSE,FALSE
2016-07-19,Ross,4.270552595,0.00204102250462234,0.00204102250462234,0.5735162937918511,FALSE,FALSE
2016-07-20,Ross,4.324915551,0.02372363303993108,0.02372363303993108,0.5735162937918511,FALSE,FALSE
2016-07-21,Ross,4.323366412,-0.00945947182171735,0.00945947182171735,0.5735162937918511,FALSE,FALSE
2016-07-22,Ross,4.366920507,0.00348613737921343,0.00348613737921343,0.5735162937918511,FALSE,FALSE
2016-07-23,Ross,4.400540201,0.00741214324931682,0.00741214324931682,0.5735162937918511,FALSE,FALSE
2016-07-24,Ross,4.416538755,-0.00548091222926849,0.00548091222926849,0.5735162937918511,FALSE,FALSE
2016-07-25,Ross,4.412985409,-0.0372365080744137,0.0372365080744137,0.5735162937918511,FALSE,FALSE
2016-07-26,Ross,4.43930085,-0.038546676303989,0.038546676303989,0.5735162937918511,FALSE,FALSE
2016-07-27,Ross,4.449584879,-0.05542433493585985,0.05542433493585985,0.5735162937918511,FALSE,FALSE
2016-07-28,Ross,4.47780085,-0.05401884898788722,0.05401884898788722,0.5735162937918511,FALSE,FALSE
2016-07-29,Ross,4.538985606,-0.01940609447794639,0.01940609447794639,0.5735162937918511,FALSE,FALSE
2016-07-30,Ross,4.541328739,-0.04350919842389977,0.04350919842389977,0.5735162937918511,FALSE,FALSE
2016-07-31,Ross,4.575147846,-0.03612328284362132,0.03612328284362132,0.5735162937918511,FALSE,FALSE
2016-08-01,Ross,4.591411383,-0.04639261075497281,0.04639261075497281,0.5735162937918511,FALSE,FALSE
2016-08-02,Ross,4.614204108,-0.05034514157794945,0.05034514157794945,0.5735162937918511,FALSE,FALSE
2016-08-03,Ross,4.64157483,-0.05000164759178638,0.05000164759178638,0.5735162937918511,FALSE,FALSE
2016-08-04,Ross,4.617143996,-0.10165565435334044,0.10165565435334044,0.5735162937918511,FALSE,FALSE
2016-08-05,Ross,4.585078129,-0.16101953494289223,0.16101953494289223,0.5735162937918511,FALSE,FALSE
2016-08-06,Ross,4.566847187,-0.2065022274407191,0.2065022274407191,0.5735162937918511,FALSE,FALSE
2016-08-07,Ross,4.608667113,-0.19176668492708693,0.19176668492708693,0.5735162937918511,FALSE,FALSE
2016-08-08,Ross,4.693660003,-0.13356970748227326,0.13356970748227326,0.5735162937918511,FALSE,FALSE
2016-08-09,Ross,4.771486343,-0.08212970518655727,0.08212970518655727,0.5735162937918511,FALSE,FALSE
2016-08-10,Ross,4.805077807,-0.07439390012020564,0.07439390012020564,0.5735162937918511,FALSE,FALSE
2016-08-11,Ross,4.858111028,-0.0465645553634948,0.0465645553634948,0.5735162937918511,FALSE,FALSE
2016-08-12,Ross,4.883478607,-0.04562796599669472,0.04562796599669472,0.5735162937918511,FALSE,FALSE
2016-08-13,Ross,4.887551569,-0.06509200310008811,0.06509200310008811,0.5735162937918511,FALSE,FALSE
2016-08-14,Ross,4.869089988,-0.10607548875394102,0.10607548875394102,0.5735162937918511,FALSE,FALSE
2016-08-15,Ross,4.8462922409999996,-0.1502629226737335,0.1502629226737335,0.5735162937918511,FALSE,FALSE
2016-08-16,Ross,4.78557038,-0.23124344340228653,0.23124344340228653,0.5735162937918511,FALSE,FALSE
2016-08-17,Ross,4.795220144,-0.24085792198885247,0.24085792198885247,0.5735162937918511,FALSE,FALSE
2016-08-18,Ross,4.885898054,-0.16859386882168437,0.16859386882168437,0.5735162937918511,FALSE,FALSE
2016-08-19,Ross,4.93019922,-0.14200020528903856,0.14200020528903856,0.5735162937918511,FALSE,FALSE
2016-08-20,Ross,4.955519058,-0.1338255467791658,0.1338255467791658,0.5735162937918511,FALSE,FALSE
2016-08-21,Ross,4.940776425,-0.16529506768032398,0.16529506768032398,0.5735162937918511,FALSE,FALSE
2016-08-22,Ross,4.908508935,-0.21401518538076392,0.21401518538076392,0.5735162937918511,FALSE,FALSE
2016-08-23,Ross,4.936497056,-0.20234946326873615,0.20234946326873615,0.5735162937918511,FALSE,FALSE
2016-08-24,Ross,4.993831401,-0.16135131973250338,0.16135131973250338,0.5735162937918511,FALSE,FALSE
2016-08-25,Ross,5.031620104,-0.14005665216030927,0.14005665216030927,0.5735162937918511,FALSE,FALSE
2016-08-26,Ross,5.081945478,-0.1065271789404143,0.1065271789404143,0.5735162937918511,FALSE,FALSE
2016-08-27,Ross,5.09888187,-0.10683258446106958,0.10683258446106958,0.5735162937918511,FALSE,FALSE
2016-08-28,Ross,5.145905341,-0.07761356031474786,0.07761356031474786,0.5735162937918511,FALSE,FALSE
2016-08-29,Ross,5.174085604,-0.06775135386592179,0.06775135386592179,0.5735162937918511,FALSE,FALSE
2016-08-30,Ross,5.198489401,-0.06206789005747293,0.06206789005747293,0.5735162937918511,FALSE,FALSE
2016-08-31,Ross,5.19952823,-0.08004022609833861,0.08004022609833861,0.5735162937918511,FALSE,FALSE
2016-09-01,Ross,5.181742836,-0.1170161721974612,0.1170161721974612,0.5735162937918511,FALSE,FALSE
2016-09-02,Ross,5.246626509,-0.07139099356377532,0.07139099356377532,0.5735162937918511,FALSE,FALSE
2016-09-03,Ross,5.311052957,-0.02617953740621992,0.02617953740621992,0.5735162937918511,FALSE,FALSE
2016-09-04,Ross,5.337198632,-0.01909390693373325,0.01909390693373325,0.5735162937918511,FALSE,FALSE
2016-09-05,Ross,5.395665837,0.02057964564474712,0.02057964564474712,0.5735162937918511,FALSE,FALSE
2016-09-06,Ross,5.415988733,0.02248672612028279,0.02248672612028279,0.5735162937918511,FALSE,FALSE
2016-09-07,Ross,5.445301317,0.03387277628393992,0.03387277628393992,0.5735162937918511,FALSE,FALSE
2016-09-08,Ross,5.492911766,0.06415741792677299,0.06415741792677299,0.5735162937918511,FALSE,FALSE
2016-09-09,Ross,5.479260369,0.03389192223868065,0.03389192223868065,0.5735162937918511,FALSE,FALSE
2016-09-10,Ross,5.479692849,0.01848907892128082,0.01848907892128082,0.5735162937918511,FALSE,FALSE
2016-09-11,Ross,5.511819532,0.03554681085446365,0.03554681085446365,0.5735162937918511,FALSE,FALSE
2016-09-12,Ross,5.514504544,0.02390847343869939,0.02390847343869939,0.5735162937918511,FALSE,FALSE
2016-09-13,Ross,5.487234175,-0.01696041392553482,0.01696041392553482,0.5735162937918511,FALSE,FALSE
2016-09-14,Ross,5.484347706,-0.03274134083777014,0.03274134083777014,0.5735162937918511,FALSE,FALSE
2016-09-15,Ross,5.512305806,-0.01699440889753045,0.01699440889753045,0.5735162937918511,FALSE,FALSE
2016-09-16,Ross,5.543174162,0.00232529829565919,0.00232529829565919,0.5735162937918511,FALSE,FALSE
2016-09-17,Ross,5.568969148,0.01721338414226902,0.01721338414226902,0.5735162937918511,FALSE,FALSE
2016-09-18,Ross,5.582428439,0.02038675304277504,0.02038675304277504,0.5735162937918511,FALSE,FALSE
2016-09-19,Ross,5.601058652,0.02933125139764758,0.02933125139764758,0.5735162937918511,FALSE,FALSE
2016-09-20,Ross,5.638625793,0.05779211460736366,0.05779211460736366,0.5735162937918511,FALSE,FALSE
2016-09-21,Ross,5.671702116,0.082320826072392,0.082320826072392,0.5735162937918511,FALSE,FALSE
2016-09-22,Ross,5.715809344,0.11842014793201903,0.11842014793201903,0.5735162937918511,FALSE,FALSE
2016-09-23,Ross,5.749723765,0.14486678261539154,0.14486678261539154,0.5735162937918511,FALSE,FALSE
2016-09-24,Ross,5.778339692,0.1665672109003502,0.1665672109003502,0.5735162937918511,FALSE,FALSE
2016-09-25,Ross,5.774462618,0.15633925847717478,0.15633925847717478,0.5735162937918511,FALSE,FALSE
2016-09-26,Ross,5.809222897,0.18532561203614328,0.18532561203614328,0.5735162937918511,FALSE,FALSE
2016-09-27,Ross,5.847267649,0.21818572426753935,0.21818572426753935,0.5735162937918511,FALSE,FALSE
2016-09-28,Ross,5.880622823,0.2469578768616456,0.2469578768616456,0.5735162937918511,FALSE,FALSE
2016-09-29,Ross,5.902802435,0.2651684185087415,0.2651684185087415,0.5735162937918511,FALSE,FALSE
2016-09-30,Ross,5.890484727,0.2495079238991096,0.2495079238991096,0.5735162937918511,FALSE,FALSE
2016-10-01,Ross,5.885145813,0.24146483972303123,0.24146483972303123,0.5735162937918511,FALSE,FALSE
2016-10-02,Ross,5.844744503,0.19901030867078795,0.19901030867078795,0.5735162937918511,FALSE,FALSE
2016-10-03,Ross,5.782729484,0.13560535043265975,0.13560535043265975,0.5735162937918511,FALSE,FALSE
2016-10-04,Ross,5.781774516,0.13393606481782516,0.13393606481782516,0.5735162937918511,FALSE,FALSE
2016-10-05,Ross,5.828470305,0.1806141088618327,0.1806141088618327,0.5735162937918511,FALSE,FALSE
2016-10-06,Ross,5.816896528,0.1697654409471161,0.1697654409471161,0.5735162937918511,FALSE,FALSE
2016-10-07,Ross,5.788050969,0.1424387605931079,0.1424387605931079,0.5735162937918511,FALSE,FALSE
2016-10-08,Ross,5.839510487,0.19626184231925237,0.19626184231925237,0.5735162937918511,FALSE,FALSE
2016-10-09,Ross,5.907787905,0.2677984246449876,0.2677984246449876,0.5735162937918511,FALSE,FALSE
2016-10-10,Ross,5.951020756,0.3152369560897519,0.3152369560897519,0.5735162937918511,FALSE,FALSE
2016-10-11,Ross,6.006599159,0.3760184711729879,0.3760184711729879,0.5735162937918511,FALSE,FALSE
2016-10-12,Ross,6.010367375,0.3860381464141307,0.3860381464141307,0.5735162937918511,FALSE,FALSE
2016-10-13,Ross,5.998125114,0.3811466073326226,0.3811466073326226,0.5735162937918511,FALSE,FALSE
2016-10-14,Ross,5.988873877,0.38039627044790336,0.38039627044790336,0.5735162937918511,FALSE,FALSE
2016-10-15,Ross,5.953937123,0.3551615102794088,0.3551615102794088,0.5735162937918511,FALSE,FALSE
2016-10-16,Ross,5.909190375,0.32136876534658043,0.32136876534658043,0.5735162937918511,FALSE,FALSE
2016-10-17,Ross,5.796992926,0.22142440894129667,0.22142440894129667,0.5735162937918511,FALSE,FALSE
2016-10-18,Ross,5.720964682,0.15891396825835358,0.15891396825835358,0.5735162937918511,FALSE,FALSE
2016-10-19,Ross,5.671098469,0.1237180143503016,0.1237180143503016,0.5735162937918511,FALSE,FALSE
2016-10-20,Ross,5.669052453,0.13737934008762842,0.13737934008762842,0.5735162937918511,FALSE,FALSE
2016-10-21,Ross,5.61728787,0.10224380834082591,0.10224380834082591,0.5735162937918511,FALSE,FALSE
2016-10-22,Ross,5.533779067,0.03617039298038183,0.03617039298038183,0.5735162937918511,FALSE,FALSE
2016-10-23,Ross,5.474296815,-0.00518550812321283,0.00518550812321283,0.5735162937918511,FALSE,FALSE
2016-10-24,Ross,5.380543862,-0.0802365200994668,0.0802365200994668,0.5735162937918511,FALSE,FALSE
2016-10-25,Ross,5.346948502,-0.09466972207789136,0.09466972207789136,0.5735162937918511,FALSE,FALSE
2016-10-26,Ross,5.278485982,-0.14362524018799672,0.14362524018799672,0.5735162937918511,FALSE,FALSE
2016-10-27,Ross,5.219680078,-0.1826946715592923,0.1826946715592923,0.5735162937918511,FALSE,FALSE
2016-10-28,Ross,5.184724897,-0.19779928232128707,0.19779928232128707,0.5735162937918511,FALSE,FALSE
2016-10-29,Ross,5.180673509,-0.18200137560349103,0.18200137560349103,0.5735162937918511,FALSE,FALSE
2016-10-30,Ross,5.18213513,-0.16076703184975294,0.16076703184975294,0.5735162937918511,FALSE,FALSE
2016-10-31,Ross,5.175771217,-0.147312824354759,0.147312824354759,0.5735162937918511,FALSE,FALSE
2016-11-01,Ross,5.17612566,-0.12691230091771555,0.12691230091771555,0.5735162937918511,FALSE,FALSE
2016-11-02,Ross,5.174865046,-0.1077162960489737,0.1077162960489737,0.5735162937918511,FALSE,FALSE
2016-11-03,Ross,5.179389315,-0.0821422912588865,0.0821422912588865,0.5735162937918511,FALSE,FALSE
2016-11-04,Ross,5.121902044,-0.1178041310578033,0.1178041310578033,0.5735162937918511,FALSE,FALSE
2016-11-05,Ross,5.129712195,-0.0872102749560737,0.0872102749560737,0.5735162937918511,FALSE,FALSE
2016-11-06,Ross,5.108474496,-0.0845234164640507,0.0845234164640507,0.5735162937918511,FALSE,FALSE
2016-11-07,Ross,5.098550287,-0.06919963709208865,0.06919963709208865,0.5735162937918511,FALSE,FALSE
2016-11-08,Ross,5.038916349,-0.1020795773505352,0.1020795773505352,0.5735162937918511,FALSE,FALSE
2016-11-09,Ross,4.985013687,-0.12753965374974283,0.12753965374974283,0.5735162937918511,FALSE,FALSE
2016-11-10,Ross,4.88707036,-0.1951692288000624,0.1951692288000624,0.5735162937918511,FALSE,FALSE
2016-11-11,Ross,4.815961856,-0.2339117169302112,0.2339117169302112,0.5735162937918511,FALSE,FALSE
2016-11-12,Ross,4.728506653,-0.2868494654919944,0.2868494654919944,0.5735162937918511,FALSE,FALSE
2016-11-13,Ross,4.585837174,-0.39287402408485406,0.39287402408485406,0.5735162937918511,FALSE,FALSE
2016-11-14,Ross,4.507551935,-0.4324210069273047,0.4324210069273047,0.5735162937918511,FALSE,FALSE
2016-11-15,Ross,4.471218265,-0.42795721523786234,0.42795721523786234,0.5735162937918511,FALSE,FALSE
2016-11-16,Ross,4.414342306,-0.4420106372350432,0.4420106372350432,0.5735162937918511,FALSE,FALSE
2016-11-17,Ross,4.374814854,-0.4367246071373625,0.4367246071373625,0.5735162937918511,FALSE,FALSE
2016-11-18,Ross,4.27941879,-0.4853503741633336,0.4853503741633336,0.5735162937918511,FALSE,FALSE
2016-11-19,Ross,4.135735884,-0.5803402985314756,0.5803402985314756,0.5735162937918511,TRUE,FALSE
2016-11-20,Ross,4.085238374,-0.5802562724602964,0.5802562724602964,0.5735162937918511,TRUE,FALSE
2016-11-21,Ross,4.059779066,-0.5532796201683201,0.5532796201683201,0.5735162937918511,FALSE,FALSE
2016-11-22,Ross,4.036793449,-0.5220089828740573,0.5220089828740573,0.5735162937918511,FALSE,FALSE
2016-11-23,Ross,3.980507403,-0.5222526107960244,0.5222526107960244,0.5735162937918511,FALSE,FALSE
2016-11-24,Ross,3.943369098,-0.5015714032543102,0.5015714032543102,0.5735162937918511,FALSE,FALSE
2016-11-25,Ross,3.873355309,-0.511785693688898,0.511785693688898,0.5735162937918511,FALSE,FALSE
2016-11-26,Ross,3.813916752,-0.5091352951141239,0.5091352951141239,0.5735162937918511,FALSE,FALSE
2016-11-27,Ross,3.735227435,-0.5231359212670736,0.5231359212670736,0.5735162937918511,FALSE,FALSE
2016-11-28,Ross,3.650019006,-0.5407456458848285,0.5407456458848285,0.5735162937918511,FALSE,FALSE
2016-11-29,Ross,3.576781854,-0.5431638017044715,0.5431638017044715,0.5735162937918511,FALSE,FALSE
2016-11-30,Ross,3.477332534,-0.568263555463091,0.568263555463091,0.5735162937918511,FALSE,FALSE
2016-12-01,Ross,3.403341417,-0.5640642578977668,0.5640642578977668,0.5735162937918511,FALSE,FALSE
2016-12-02,Ross,3.193065986,-0.6919981477455854,0.6919981477455854,0.5735162937918511,TRUE,TRUE
2016-12-03,Ross,3.037249809,-0.7610113787436306,0.7610113787436306,0.5735162937918511,TRUE,TRUE
2016-12-04,Ross,2.916503857,-0.7901827016289849,0.7901827016289849,0.5735162937918511,TRUE,TRUE
2016-12-05,Ross,2.822553431,-0.7874765371387351,0.7874765371387351,0.5735162937918511,TRUE,TRUE
2016-12-06,Ross,2.689256487,-0.8187255533332323,0.8187255533332323,0.5735162937918511,TRUE,TRUE
2016-12-07,Ross,2.564986051,-0.8355274582901027,0.8355274582901027,0.5735162937918511,TRUE,TRUE
2016-12-08,Ross,2.432992473,-0.8552781585982099,0.8552781585982099,0.5735162937918511,TRUE,TRUE
2016-12-09,Ross,2.249084664,-0.9229147895814608,0.9229147895814608,0.5735162937918511,TRUE,TRUE
2016-12-10,Ross,2.036915836,-1.0155301855637735,1.0155301855637735,0.5735162937918511,TRUE,TRUE
2016-12-11,Ross,1.859288868,-1.0710675138690522,1.0710675138690522,0.5735162937918511,TRUE,TRUE
2016-12-12,Ross,1.692867564,-1.1136090168212107,1.1136090168212107,0.5735162937918511,TRUE,TRUE
2016-12-13,Ross,1.565468963,-1.1160837017441592,1.1160837017441592,0.5735162937918511,TRUE,TRUE
2016-12-14,Ross,1.421732323,-1.1345983569618054,1.1345983569618054,0.5735162937918511,TRUE,TRUE
2016-12-15,Ross,1.314761209,-1.1167954637980655,1.1167954637980655,0.5735162937918511,TRUE,TRUE
2016-12-16,Ross,1.226833691,-1.081142998576845,1.081142998576845,0.5735162937918511,TRUE,TRUE
2016-12-17,Ross,1.16112751,-1.0252092666220567,1.0252092666220567,0.5735162937918511,TRUE,TRUE
2016-12-18,Ross,1.087023376,-0.9803596042576112,0.9803596042576112,0.5735162937918511,TRUE,TRUE
2016-12-19,Ross,1.056216835,-0.8956253376433561,0.8956253376433561,0.5735162937918511,TRUE,TRUE
2016-12-20,Ross,1.020492056,-0.8196459894463255,0.8196459894463255,0.5735162937918511,TRUE,TRUE
2016-12-21,Ross,0.970763896,-0.7616883892980459,0.7616883892980459,0.5735162937918511,TRUE,TRUE
2016-12-22,Ross,0.916746045,-0.712213789894464,0.712213789894464,0.5735162937918511,TRUE,TRUE
2016-12-23,Ross,0.841421227,-0.6884144099315251,0.6884144099315251,0.5735162937918511,TRUE,TRUE
2016-12-24,Ross,0.768462371,-0.6667922631051744,0.6667922631051744,0.5735162937918511,TRUE,TRUE
2016-12-25,Ross,0.740474786,-0.6049169831113601,0.6049169831113601,0.5735162937918511,TRUE,TRUE
2016-12-26,Ross,0.724692881,-0.5357291036460274,0.5357291036460274,0.5735162937918511,FALSE,FALSE
2016-12-27,Ross,0.72092779,-0.4595924334051176,0.4595924334051176,0.5735162937918511,FALSE,FALSE
2016-12-28,Ross,0.690681264,-0.415180164084584,0.415180164084584,0.5735162937918511,FALSE,FALSE
2016-12-29,Ross,0.645831645,-0.3907888963803684,0.3907888963803684,0.5735162937918511,FALSE,FALSE
2016-12-30,Ross,0.585679287,-0.3872932189884165,0.3872932189884165,0.5735162937918511,FALSE,FALSE
2016-12-31,Ross,0.548173641,-0.36691862360467553,0.36691862360467553,0.5735162937918511,FALSE,FALSE
2017-01-01,Ross,0.526008951,-0.3890833136046751,0.3890833136046751,0.5735162937918511,FALSE,FALSE
2017-01-02,Ross,0.514459443,-0.3485906731851721,0.3485906731851721,0.5735162937918511,FALSE,FALSE
2017-01-03,Ross,0.500994943,-0.31550284172627097,0.31550284172627097,0.5735162937918511,FALSE,FALSE
2017-01-04,Ross,0.488071038,-0.2869113124844193,0.2869113124844193,0.5735162937918511,FALSE,FALSE
2017-01-05,Ross,0.4666042,-0.2714466937160548,0.2714466937160548,0.5735162937918511,FALSE,FALSE
2017-01-06,Ross,0.458016728,-0.24723376667762903,0.24723376667762903,0.5735162937918511,FALSE,FALSE
2017-01-07,Ross,0.456107206,-0.2200210276255856,0.2200210276255856,0.5735162937918511,FALSE,FALSE
2017-01-08,Ross,0.436875743,-0.21335544781636773,0.21335544781636773,0.5735162937918511,FALSE,FALSE
2017-01-09,Ross,0.42513791,-0.201968536506421,0.201968536506421,0.5735162937918511,FALSE,FALSE
2017-01-10,Ross,0.412062606,-0.19423847495219215,0.19423847495219215,0.5735162937918511,FALSE,FALSE
2017-01-11,Ross,0.392429761,-0.1949324134101252,0.1949324134101252,0.5735162937918511,FALSE,FALSE
2017-01-12,Ross,0.386984886,-0.18285192113666432,0.18285192113666432,0.5735162937918511,FALSE,FALSE
2017-01-13,Ross,0.350126428,-0.20314563138825553,0.20314563138825553,0.5735162937918511,FALSE,FALSE
2017-01-14,Ross,0.323111272,-0.2141095062749779,0.2141095062749779,0.5735162937918511,FALSE,FALSE
2017-01-15,Ross,0.306625074,-0.21481767951513991,0.21481767951513991,0.5735162937918511,FALSE,FALSE
2017-01-16,Ross,0.298657087,-0.20729994260583368,0.20729994260583368,0.5735162937918511,FALSE,FALSE
2017-01-17,Ross,0.298703839,-0.1920952081968746,0.1920952081968746,0.5735162937918511,FALSE,FALSE
2017-01-18,Ross,0.298224099,-0.17778014793807778,0.17778014793807778,0.5735162937918511,FALSE,FALSE
2017-01-19,Ross,0.288955847,-0.17265222247925943,0.17265222247925943,0.5735162937918511,FALSE,FALSE
2017-01-20,Ross,0.286527616,-0.16111833947023413,0.16111833947023413,0.5735162937918511,FALSE,FALSE
2017-01-21,Ross,0.274087439,-0.1600659065608177,0.1600659065608177,0.5735162937918511,FALSE,FALSE
2017-01-22,Ross,0.266006129,-0.15515955140082532,0.15515955140082532,0.5735162937918511,FALSE,FALSE
2017-01-23,Ross,0.269020892,-0.1396975086400738,0.1396975086400738,0.5735162937918511,FALSE,FALSE
2017-01-24,Ross,0.268300692,-0.12854625492837796,0.12854625492837796,0.5735162937918511,FALSE,FALSE
2017-01-25,Ross,0.271998317,-0.1135884429155527,0.1135884429155527,0.5735162937918511,FALSE,FALSE
2017-01-26,Ross,0.275637812,-0.09933546825141348,0.09933546825141348,0.5735162937918511,FALSE,FALSE
2017-01-27,Ross,0.255107557,-0.10992720661440795,0.10992720661440795,0.5735162937918511,FALSE,FALSE
2017-01-28,Ross,0.23659274,-0.11915808731451658,0.11915808731451658,0.5735162937918511,FALSE,FALSE
2017-01-29,Ross,0.213777198,-0.13330372243045369,0.13330372243045369,0.5735162937918511,FALSE,FALSE
2017-01-30,Ross,0.210702597,-0.12828183007266347,0.12828183007266347,0.5735162937918511,FALSE,FALSE
2017-01-31,Ross,0.206345575,-0.12507515635158678,0.12507515635158678,0.5735162937918511,FALSE,FALSE
2017-02-01,Ross,0.194514105,-0.12983511237766593,0.12983511237766593,0.5735162937918511,FALSE,FALSE
2017-02-02,Ross,0.185180113,-0.13254915626134414,0.13254915626134414,0.5735162937918511,FALSE,FALSE
2017-02-03,Ross,0.185888741,-0.12563153011306202,0.12563153011306202,0.5735162937918511,FALSE,FALSE
2017-02-04,Ross,0.184024457,-0.12165715004326176,0.12165715004326176,0.5735162937918511,FALSE,FALSE
2017-02-05,Ross,0.175358922,-0.12481373916238588,0.12481373916238588,0.5735162937918511,FALSE,FALSE
2017-02-06,Ross,0.167298332,-0.1276544855808765,0.1276544855808765,0.5735162937918511,FALSE,FALSE
2017-02-07,Ross,0.159274121,-0.1307073394091745,0.1307073394091745,0.5735162937918511,FALSE,FALSE
2017-02-08,Ross,0.152479619,-0.13273850493106154,0.13273850493106154,0.5735162937918511,FALSE,FALSE
2017-02-09,Ross,0.151903969,-0.1287381998134212,0.1287381998134212,0.5735162937918511,FALSE,FALSE
2017-02-10,Ross,0.151830682,-0.12444170363737572,0.12444170363737572,0.5735162937918511,FALSE,FALSE
2017-02-11,Ross,0.166131468,-0.10600075892484856,0.10600075892484856,0.5735162937918511,FALSE,FALSE
2017-02-12,Ross,0.165517731,-0.10272741419776256,0.10272741419776256,0.5735162937918511,FALSE,FALSE
2017-02-13,Ross,0.165469372,-0.0991652209780432,0.0991652209780432,0.5735162937918511,FALSE,FALSE
2017-02-14,Ross,0.174720157,-0.08660386578761142,0.08660386578761142,0.5735162937918511,FALSE,FALSE
2017-02-15,Ross,0.172242702,-0.08609418514839143,0.08609418514839143,0.5735162937918511,FALSE,FALSE
2017-02-16,Ross,0.160534426,-0.09516221258230968,0.09516221258230968,0.5735162937918511,FALSE,FALSE
2017-02-17,Ross,0.145697343,-0.10772938661128592,0.10772938661128592,0.5735162937918511,FALSE,FALSE
2017-02-18,Ross,0.144597182,-0.1069534307572464,0.1069534307572464,0.5735162937918511,FALSE,FALSE
2017-02-19,Ross,0.141544301,-0.1085474395421138,0.1085474395421138,0.5735162937918511,FALSE,FALSE
2017-02-20,Ross,0.137178546,-0.11189501948781194,0.11189501948781194,0.5735162937918511,FALSE,FALSE
2017-02-21,Ross,0.133445024,-0.11507278728144232,0.11507278728144232,0.5735162937918511,FALSE,FALSE
2017-02-22,Ross,0.136521646,-0.11190359585089416,0.11190359585089416,0.5735162937918511,FALSE,FALSE
2017-02-23,Ross,0.139606445,-0.10917623277757348,0.10917623277757348,0.5735162937918511,FALSE,FALSE
2017-02-24,Ross,0.144573062,-0.1050036255894101,0.1050036255894101,0.5735162937918511,FALSE,FALSE
2017-02-25,Ross,0.150819027,-0.09997481281433074,0.09997481281433074,0.5735162937918511,FALSE,FALSE
2017-02-26,Ross,0.148951352,-0.10346935098026414,0.10346935098026414,0.5735162937918511,FALSE,FALSE
2017-02-27,Ross,0.142124688,-0.11231915761513632,0.11231915761513632,0.5735162937918511,FALSE,FALSE
2017-02-28,Ross,0.121680327,-0.13516950924687562,0.13516950924687562,0.5735162937918511,FALSE,FALSE
2017-03-01,Ross,0.099331841,-0.16029340240341025,0.16029340240341025,0.5735162937918511,FALSE,FALSE
2017-03-02,Ross,0.100569744,-0.16218689161266692,0.16218689161266692,0.5735162937918511,FALSE,FALSE
2017-03-03,Ross,0.119891442,-0.1463391394025747,0.1463391394025747,0.5735162937918511,FALSE,FALSE
2017-03-04,Ross,0.131092418,-0.1389412313010599,0.1389412313010599,0.5735162937918511,FALSE,FALSE
2017-03-05,Ross,0.128579686,-0.1455727230383663,0.1455727230383663,0.5735162937918511,FALSE,FALSE
2017-03-06,Ross,0.128598995,-0.1499789078105167,0.1499789078105167,0.5735162937918511,FALSE,FALSE
2017-03-07,Ross,0.143630249,-0.13968548446322526,0.13968548446322526,0.5735162937918511,FALSE,FALSE
2017-03-08,Ross,0.159235864,-0.1291385979908023,0.1291385979908023,0.5735162937918511,FALSE,FALSE
2017-03-09,Ross,0.176012226,-0.1177504233875536,0.1177504233875536,0.5735162937918511,FALSE,FALSE
2017-03-10,Ross,0.179120484,-0.12036837264778696,0.12036837264778696,0.5735162937918511,FALSE,FALSE
2017-03-11,Ross,0.176052711,-0.12950893376581,0.12950893376581,0.5735162937918511,FALSE,FALSE
2017-03-12,Ross,0.19160087,-0.12038870473593095,0.12038870473593095,0.5735162937918511,FALSE,FALSE
2017-03-13,Ross,0.196572133,-0.12220907455245623,0.12220907455245623,0.5735162937918511,FALSE,FALSE
2017-03-14,Ross,0.212719754,-0.11322535020969124,0.11322535020969124,0.5735162937918511,FALSE,FALSE
2017-03-15,Ross,0.226472223,-0.1070176027019483,0.1070176027019483,0.5735162937918511,FALSE,FALSE
2017-03-16,Ross,0.215361216,-0.12606271702353036,0.12606271702353036,0.5735162937918511,FALSE,FALSE
2017-03-17,Ross,0.220825769,-0.1289302181687484,0.1289302181687484,0.5735162937918511,FALSE,FALSE
2017-03-18,Ross,0.256141577,-0.10235281165721828,0.10235281165721828,0.5735162937918511,FALSE,FALSE
2017-03-19,Ross,0.269112856,-0.09853067417664002,0.09853067417664002,0.5735162937918511,FALSE,FALSE
2017-03-20,Ross,0.27837908,-0.09882453218894648,0.09882453218894648,0.5735162937918511,FALSE,FALSE
2017-03-21,Ross,0.27899107,-0.10818356777922578,0.10818356777922578,0.5735162937918511,FALSE,FALSE
2017-03-22,Ross,0.288866845,-0.1086897650325636,0.1086897650325636,0.5735162937918511,FALSE,FALSE
2017-03-23,Ross,0.286287158,-0.12206237403404802,0.12206237403404802,0.5735162937918511,FALSE,FALSE
2017-03-24,Ross,0.288158058,-0.1313953488687682,0.1313953488687682,0.5735162937918511,FALSE,FALSE
2017-03-25,Ross,0.285086528,-0.1460817096218069,0.1460817096218069,0.5735162937918511,FALSE,FALSE
2017-03-26,Ross,0.313555018,-0.12963900937825568,0.12963900937825568,0.5735162937918511,FALSE,FALSE
2017-03-27,Ross,0.320953519,-0.13467726022319826,0.13467726022319826,0.5735162937918511,FALSE,FALSE
2017-03-28,Ross,0.314048047,-0.15443044924172616,0.15443044924172616,0.5735162937918511,FALSE,FALSE
2017-03-29,Ross,0.307215781,-0.17452140051892245,0.17452140051892245,0.5735162937918511,FALSE,FALSE
2017-03-30,Ross,0.319095646,-0.1763111921398765,0.1763111921398765,0.5735162937918511,FALSE,FALSE
2017-03-31,Ross,0.328755068,-0.1807336851916591,0.1807336851916591,0.5735162937918511,FALSE,FALSE
2017-04-01,Ross,0.334210899,-0.18978033315885431,0.18978033315885431,0.5735162937918511,FALSE,FALSE
2017-04-02,Ross,0.336506113,-0.20241885347875788,0.20241885347875788,0.5735162937918511,FALSE,FALSE
2017-04-03,Ross,0.35253071,-0.20176993956112632,0.20176993956112632,0.5735162937918511,FALSE,FALSE
2017-04-04,Ross,0.371882381,-0.198246593815722,0.198246593815722,0.5735162937918511,FALSE,FALSE
2017-04-05,Ross,0.382944016,-0.20347661965230265,0.20347661965230265,0.5735162937918511,FALSE,FALSE
2017-04-06,Ross,0.405532394,-0.1976539314806251,0.1976539314806251,0.5735162937918511,FALSE,FALSE
2017-04-07,Ross,0.412150199,-0.20828653871045283,0.20828653871045283,0.5735162937918511,FALSE,FALSE
2017-04-08,Ross,0.428050745,-0.21013182075154208,0.21013182075154208,0.5735162937918511,FALSE,FALSE
2017-04-09,Ross,0.452097344,-0.20433715901365213,0.20433715901365213,0.5735162937918511,FALSE,FALSE
2017-04-10,Ross,0.472415753,-0.20278748990654455,0.20278748990654455,0.5735162937918511,FALSE,FALSE
2017-04-11,Ross,0.501288782,-0.1932106968399766,0.1932106968399766,0.5735162937918511,FALSE,FALSE
2017-04-12,Ross,0.532527689,-0.18180591537534083,0.18180591537534083,0.5735162937918511,FALSE,FALSE
2017-04-13,Ross,0.552703423,-0.18199121981104316,0.18199121981104316,0.5735162937918511,FALSE,FALSE
2017-04-14,Ross,0.552322837,-0.20321355175862,0.20321355175862,0.5735162937918511,FALSE,FALSE
2017-04-15,Ross,0.569851269,-0.20695807731255889,0.20695807731255889,0.5735162937918511,FALSE,FALSE
2017-04-16,Ross,0.603591328,-0.19487269156734888,0.19487269156734888,0.5735162937918511,FALSE,FALSE
2017-04-17,Ross,0.636771536,-0.1836793766174759,0.1836793766174759,0.5735162937918511,FALSE,FALSE
2017-04-18,Ross,0.660861098,-0.18185943155742845,0.18185943155742845,0.5735162937918511,FALSE,FALSE
2017-04-19,Ross,0.681599993,-0.1836233814816932,0.1836233814816932,0.5735162937918511,FALSE,FALSE
2017-04-20,Ross,0.686382683,-0.20152726848475977,0.20152726848475977,0.5735162937918511,FALSE,FALSE
2017-04-21,Ross,0.70037508,-0.2103556846611121,0.2103556846611121,0.5735162937918511,FALSE,FALSE
2017-04-22,Ross,0.689257202,-0.24437911610523863,0.24437911610523863,0.5735162937918511,FALSE,FALSE
2017-04-23,Ross,0.683132803,-0.27344431291162885,0.27344431291162885,0.5735162937918511,FALSE,FALSE
2017-04-24,Ross,0.685575285,-0.2939283771747676,0.2939283771747676,0.5735162937918511,FALSE,FALSE
2017-04-25,Ross,0.709775961,-0.2926005964958184,0.2926005964958184,0.5735162937918511,FALSE,FALSE
2017-04-26,Ross,0.746669281,-0.278583012669235,0.278583012669235,0.5735162937918511,FALSE,FALSE
2017-04-27,Ross,0.752124299,-0.2961160535236983,0.2961160535236983,0.5735162937918511,FALSE,FALSE
2017-04-28,Ross,0.786981055,-0.2844697190793737,0.2844697190793737,0.5735162937918511,FALSE,FALSE
2017-04-29,Ross,0.796098964,-0.29889463435643226,0.29889463435643226,0.5735162937918511,FALSE,FALSE
2017-04-30,Ross,0.810360352,-0.308618513375045,0.308618513375045,0.5735162937918511,FALSE,FALSE
2017-05-01,Ross,0.826535821,-0.3169807941553835,0.3169807941553835,0.5735162937918511,FALSE,FALSE
2017-05-02,Ross,0.870151357,-0.2985655307176146,0.2985655307176146,0.5735162937918511,FALSE,FALSE
2017-05-03,Ross,0.892125579,-0.3025641440819089,0.3025641440819089,0.5735162937918511,FALSE,FALSE
2017-05-04,Ross,0.905062562,-0.3164825992684378,0.3164825992684378,0.5735162937918511,FALSE,FALSE
2017-05-05,Ross,0.928949474,-0.3204437682973703,0.3204437682973703,0.5735162937918511,FALSE,FALSE
2017-05-06,Ross,0.962819525,-0.31552448118887577,0.31552448118887577,0.5735162937918511,FALSE,FALSE
2017-05-07,Ross,1.002273074,-0.3062343300913464,0.3062343300913464,0.5735162937918511,FALSE,FALSE
2017-05-08,Ross,1.031191432,-0.30875240774705226,0.30875240774705226,0.5735162937918511,FALSE,FALSE
2017-05-09,Ross,1.045113995,-0.3274678528398216,0.3274678528398216,0.5735162937918511,FALSE,FALSE
2017-05-10,Ross,1.065177122,-0.34115114384150536,0.34115114384150536,0.5735162937918511,FALSE,FALSE
2017-05-11,Ross,1.068833119,-0.37225681222395135,0.37225681222395135,0.5735162937918511,FALSE,FALSE
2017-05-12,Ross,1.08063835,-0.3961353314590075,0.3961353314590075,0.5735162937918511,FALSE,FALSE
2017-05-13,Ross,1.12459807,-0.38868828401852706,0.38868828401852706,0.5735162937918511,FALSE,FALSE
2017-05-14,Ross,1.208110357,-0.3424244293743557,0.3424244293743557,0.5735162937918511,FALSE,FALSE
2017-05-15,Ross,1.308589535,-0.2798362809983437,0.2798362809983437,0.5735162937918511,FALSE,FALSE
2017-05-16,Ross,1.380234346,-0.2466319343623422,0.2466319343623422,0.5735162937918511,FALSE,FALSE
2017-05-17,Ross,1.426714843,-0.23904817393819688,0.23904817393819688,0.5735162937918511,FALSE,FALSE
2017-05-18,Ross,1.468159358,-0.23686350519776125,0.23686350519776125,0.5735162937918511,FALSE,FALSE
2017-05-19,Ross,1.527475183,-0.21707747361288332,0.21707747361288332,0.5735162937918511,FALSE,FALSE
2017-05-20,Ross,1.62260248,-0.1616597992059623,0.1616597992059623,0.5735162937918511,FALSE,FALSE
2017-05-21,Ross,1.657847339,-0.16626982887063768,0.16626982887063768,0.5735162937918511,FALSE,FALSE
2017-05-22,Ross,1.688441953,-0.17568934389090485,0.17568934389090485,0.5735162937918511,FALSE,FALSE
2017-05-23,Ross,1.704112068,-0.2002082055775063,0.2002082055775063,0.5735162937918511,FALSE,FALSE
2017-05-24,Ross,1.703968403,-0.2407313022411819,0.2407313022411819,0.5735162937918511,FALSE,FALSE
2017-05-25,Ross,1.69849608,-0.2867891191926708,0.2867891191926708,0.5735162937918511,FALSE,FALSE
2017-05-26,Ross,1.74301166,-0.2830807027427129,0.2830807027427129,0.5735162937918511,FALSE,FALSE
2017-05-27,Ross,1.790373857,-0.27676294620205066,0.27676294620205066,0.5735162937918511,FALSE,FALSE
2017-05-28,Ross,1.838871726,-0.26956240188142533,0.26956240188142533,0.5735162937918511,FALSE,FALSE
2017-05-29,Ross,1.84537108,-0.3046288640915775,0.3046288640915775,0.5735162937918511,FALSE,FALSE
2017-05-30,Ross,1.913784081,-0.2780657781432463,0.2780657781432463,0.5735162937918511,FALSE,FALSE
2017-05-31,Ross,1.993709299,-0.24029018134717384,0.24029018134717384,0.5735162937918511,FALSE,FALSE
2017-06-01,Ross,2.052974446,-0.2234899690140999,0.2234899690140999,0.5735162937918511,FALSE,FALSE
2017-06-02,Ross,2.074165627,-0.24508998504969215,0.24508998504969215,0.5735162937918511,FALSE,FALSE
2017-06-03,Ross,2.134368564,-0.22799479041674653,0.22799479041674653,0.5735162937918511,FALSE,FALSE
2017-06-04,Ross,2.220070563,-0.1857016332923731,0.1857016332923731,0.5735162937918511,FALSE,FALSE
2017-06-05,Ross,2.322515223,-0.12695146864147233,0.12695146864147233,0.5735162937918511,FALSE,FALSE
2017-06-06,Ross,2.463377088,-0.03005430642894513,0.03005430642894513,0.5735162937918511,FALSE,FALSE
2017-06-07,Ross,2.56564708,0.02799622138030288,0.02799622138030288,0.5735162937918511,FALSE,FALSE
2017-06-08,Ross,2.60568995,0.02358031182137532,0.02358031182137532,0.5735162937918511,FALSE,FALSE
2017-06-09,Ross,2.660507385,0.03371509792936944,0.03371509792936944,0.5735162937918511,FALSE,FALSE
2017-06-10,Ross,2.729856137,0.05817277773938034,0.05817277773938034,0.5735162937918511,FALSE,FALSE
2017-06-11,Ross,2.783564405,0.06679699628650937,0.06679699628650937,0.5735162937918511,FALSE,FALSE
2017-06-12,Ross,2.799261835,0.03723284560585549,0.03723284560585549,0.5735162937918511,FALSE,FALSE
2017-06-13,Ross,2.772594357,-0.03485829826748299,0.03485829826748299,0.5735162937918511,FALSE,FALSE
2017-06-14,Ross,2.77571311,-0.07730922674459029,0.07730922674459029,0.5735162937918511,FALSE,FALSE
2017-06-15,Ross,2.821494972,-0.07719950339813719,0.07719950339813719,0.5735162937918511,FALSE,FALSE
2017-06-16,Ross,2.852392479,-0.0919953230835091,0.0919953230835091,0.5735162937918511,FALSE,FALSE
2017-06-17,Ross,2.915512249,-0.07450606645031721,0.07450606645031721,0.5735162937918511,FALSE,FALSE
2017-06-18,Ross,3.003841508,-0.03166050614818605,0.03166050614818605,0.5735162937918511,FALSE,FALSE
2017-06-19,Ross,3.091421651,0.01066675417327811,0.01066675417327811,0.5735162937918511,FALSE,FALSE
2017-06-20,Ross,3.166386396,0.04069343386445379,0.04069343386445379,0.5735162937918511,FALSE,FALSE
2017-06-21,Ross,3.199448837,0.02921662827572602,0.02921662827572602,0.5735162937918511,FALSE,FALSE
2017-06-22,Ross,3.191556314,-0.02273232124252144,0.02273232124252144,0.5735162937918511,FALSE,FALSE
2017-06-23,Ross,3.204029728,-0.05374851233990352,0.05374851233990352,0.5735162937918511,FALSE,FALSE
2017-06-24,Ross,3.275647108,-0.02496991466603759,0.02496991466603759,0.5735162937918511,FALSE,FALSE
2017-06-25,Ross,3.305851957,-0.03686902387053736,0.03686902387053736,0.5735162937918511,FALSE,FALSE
2017-06-26,Ross,3.332619472,-0.05138664160301909,0.05138664160301909,0.5735162937918511,FALSE,FALSE
2017-06-27,Ross,3.403836203,-0.02056727497485866,0.02056727497485866,0.5735162937918511,FALSE,FALSE
2017-06-28,Ross,3.44490705,-0.01905087044352971,0.01905087044352971,0.5735162937918511,FALSE,FALSE
2017-06-29,Ross,3.467256923,-0.03550935929159671,0.03550935929159671,0.5735162937918511,FALSE,FALSE
2017-06-30,Ross,3.494940377,-0.04598529513357086,0.04598529513357086,0.5735162937918511,FALSE,FALSE
2017-07-01,Ross,3.499697315,-0.07883588358395777,0.07883588358395777,0.5735162937918511,FALSE,FALSE
2017-07-02,Ross,3.555901322,-0.05978464825726659,0.05978464825726659,0.5735162937918511,FALSE,FALSE
2017-07-03,Ross,3.596354593,-0.05612650276801068,0.05612650276801068,0.5735162937918511,FALSE,FALSE
2017-07-04,Ross,3.598972479,-0.09004320473069471,0.09004320473069471,0.5735162937918511,FALSE,FALSE
2017-07-05,Ross,3.65305553,-0.0723313127598284,0.0723313127598284,0.5735162937918511,FALSE,FALSE
2017-07-06,Ross,3.724873572,-0.03681810946992137,0.03681810946992137,0.5735162937918511,FALSE,FALSE
2017-07-07,Ross,3.785452896,-0.01257441247547763,0.01257441247547763,0.5735162937918511,FALSE,FALSE
2017-07-08,Ross,3.825512462,-0.00897837039101601,0.00897837039101601,0.5735162937918511,FALSE,FALSE
2017-07-09,Ross,3.858174457,-0.01300459736160597,0.01300459736160597,0.5735162937918511,FALSE,FALSE
2017-07-10,Ross,3.911399044,0.0032700698480288,0.0032700698480288,0.5735162937918511,FALSE,FALSE
2017-07-11,Ross,3.92146554,-0.02378117773400845,0.02378117773400845,0.5735162937918511,FALSE,FALSE
2017-07-12,Ross,3.940514332,-0.04190675972528091,0.04190675972528091,0.5735162937918511,FALSE,FALSE
2017-07-13,Ross,4.01398198,-0.0055589227433499,0.0055589227433499,0.5735162937918511,FALSE,FALSE
2017-07-14,Ross,4.114195134,0.05770017659422599,0.05770017659422599,0.5735162937918511,FALSE,FALSE
2017-07-15,Ross,4.159894743,0.06672268066987641,0.06672268066987641,0.5735162937918511,FALSE,FALSE
2017-07-16,Ross,4.186944793,0.05748376886604856,0.05748376886604856,0.5735162937918511,FALSE,FALSE
2017-07-17,Ross,4.209415465,0.04416481556516771,0.04416481556516771,0.5735162937918511,FALSE,FALSE
2017-07-18,Ross,4.198274621,-0.00215512385031946,0.00215512385031946,0.5735162937918511,FALSE,FALSE
2017-07-19,Ross,4.20590233,-0.0289847869979809,0.0289847869979809,0.5735162937918511,FALSE,FALSE
2017-07-20,Ross,4.230142949,-0.03836862349537728,0.03836862349537728,0.5735162937918511,FALSE,FALSE
2017-07-21,Ross,4.228292579,-0.072899338960069393,0.072899338960069393,0.5735162937918511,FALSE,FALSE
2017-07-22,Ross,4.236539597,-0.09628628682171758,0.09628628682171758,0.5735162937918511,FALSE,FALSE
2017-07-23,Ross,4.232515841,-0.13091852862078657,0.13091852862078657,0.5735162937918511,FALSE,FALSE
2017-07-24,Ross,4.290220811,-0.10290724675068308,0.10290724675068308,0.5735162937918511,FALSE,FALSE
2017-07-25,Ross,4.332631165,-0.0893885022292693,0.0893885022292693,0.5735162937918511,FALSE,FALSE
2017-07-26,Ross,4.360562852,-0.08965906507441357,0.08965906507441357,0.5735162937918511,FALSE,FALSE
2017-07-27,Ross,4.437847175,-0.04000035130398949,0.04000035130398949,0.5735162937918511,FALSE,FALSE
2017-07-28,Ross,4.488373686,-0.01663552793585943,0.01663552793585943,0.5735162937918511,FALSE,FALSE
2017-07-29,Ross,4.537790182,0.00597048301211256,0.00597048301211256,0.5735162937918511,FALSE,FALSE
2017-07-30,Ross,4.529641491,-0.02875020947794659,0.02875020947794659,0.5735162937918511,FALSE,FALSE
2017-07-31,Ross,4.520128471,-0.06470946642390007,0.06470946642390007,0.5735162937918511,FALSE,FALSE
2017-08-01,Ross,4.489757103,-0.1215140258436218,0.1215140258436218,0.5735162937918511,FALSE,FALSE
2017-08-02,Ross,4.475051347,-0.16275264675497247,0.16275264675497247,0.5735162937918511,FALSE,FALSE
2017-08-03,Ross,4.479994997,-0.1845542525779491,0.1845542525779491,0.5735162937918511,FALSE,FALSE
2017-08-04,Ross,4.494740004,-0.1968364735917865,0.1968364735917865,0.5735162937918511,FALSE,FALSE
2017-08-05,Ross,4.518523514,-0.2002761363533407,0.2002761363533407,0.5735162937918511,FALSE,FALSE
2017-08-06,Ross,4.541437983,-0.20465968094289264,0.20465968094289264,0.5735162937918511,FALSE,FALSE
2017-08-07,Ross,4.548084349,-0.2252650654407189,0.2252650654407189,0.5735162937918511,FALSE,FALSE
2017-08-08,Ross,4.570216102,-0.2302176959270872,0.2302176959270872,0.5735162937918511,FALSE,FALSE
2017-08-09,Ross,4.617581059,-0.20964865148227307,0.20964865148227307,0.5735162937918511,FALSE,FALSE
2017-08-10,Ross,4.706473853,-0.14714219518655725,0.14714219518655725,0.5735162937918511,FALSE,FALSE
2017-08-11,Ross,4.722574896,-0.15689681112020537,0.15689681112020537,0.5735162937918511,FALSE,FALSE
2017-08-12,Ross,4.745579139,-0.15909644436349435,0.15909644436349435,0.5735162937918511,FALSE,FALSE
2017-08-13,Ross,4.811728125,-0.1173784479966944,0.1173784479966944,0.5735162937918511,FALSE,FALSE
2017-08-14,Ross,4.895367614,-0.0572759581000879,0.0572759581000879,0.5735162937918511,FALSE,FALSE
2017-08-15,Ross,4.948158579,-0.0270068977539406,0.0270068977539406,0.5735162937918511,FALSE,FALSE
2017-08-16,Ross,4.951435664,-0.04511949967373319,0.04511949967373319,0.5735162937918511,FALSE,FALSE
2017-08-17,Ross,4.947344207,-0.06946961640228633,0.06946961640228633,0.5735162937918511,FALSE,FALSE
2017-08-18,Ross,4.913737893,-0.12234017298885204,0.12234017298885204,0.5735162937918511,FALSE,FALSE
2017-08-19,Ross,4.946380546,-0.10811137682168416,0.10811137682168416,0.5735162937918511,FALSE,FALSE
2017-08-20,Ross,5.07594516,0.00374573471096084,0.00374573471096084,0.5735162937918511,FALSE,FALSE
2017-08-21,Ross,5.166110133,0.07676552822083416,0.07676552822083416,0.5735162937918511,FALSE,FALSE
2017-08-22,Ross,5.21940272,0.1133312273196756,0.1133312273196756,0.5735162937918511,FALSE,FALSE
2017-08-23,Ross,5.209891234,0.08736711361923533,0.08736711361923533,0.5735162937918511,FALSE,FALSE
2017-08-24,Ross,5.187828473,0.04898195373126324,0.04898195373126324,0.5735162937918511,FALSE,FALSE
2017-08-25,Ross,5.191774855,0.0365921342674973,0.0365921342674973,0.5735162937918511,FALSE,FALSE
2017-08-26,Ross,5.226854427,0.05517767083969094,0.05517767083969094,0.5735162937918511,FALSE,FALSE
2017-08-27,Ross,5.207964472,0.01949181505958552,0.01949181505958552,0.5735162937918511,FALSE,FALSE
2017-08-28,Ross,5.18684364,-0.01887081446106897,0.01887081446106897,0.5735162937918511,FALSE,FALSE
2017-08-29,Ross,5.19367859,-0.0298403113147474,0.0298403113147474,0.5735162937918511,FALSE,FALSE
2017-08-30,Ross,5.170510463,-0.07132649486592157,0.07132649486592157,0.5735162937918511,FALSE,FALSE
2017-08-31,Ross,5.164698076,-0.09585921505747308,0.09585921505747308,0.5735162937918511,FALSE,FALSE
2017-09-01,Ross,5.138406497,-0.14116195909833884,0.14116195909833884,0.5735162937918511,FALSE,FALSE
2017-09-02,Ross,5.174656469,-0.12410253919746062,0.12410253919746062,0.5735162937918511,FALSE,FALSE
2017-09-03,Ross,5.204786381,-0.1132311215637758,0.1132311215637758,0.5735162937918511,FALSE,FALSE
2017-09-04,Ross,5.257775936,-0.07945655840622035,0.07945655840622035,0.5735162937918511,FALSE,FALSE
2017-09-05,Ross,5.270369011,-0.08592352793373337,0.08592352793373337,0.5735162937918511,FALSE,FALSE
2017-09-06,Ross,5.2841953,-0.09089089135525263,0.09089089135525263,0.5735162937918511,FALSE,FALSE
2017-09-07,Ross,5.288126217,-0.10537578987971674,0.10537578987971674,0.5735162937918511,FALSE,FALSE
2017-09-08,Ross,5.341769632,-0.06965890871606017,0.06965890871606017,0.5735162937918511,FALSE,FALSE
2017-09-09,Ross,5.398157712,-0.03059663607322704,0.03059663607322704,0.5735162937918511,FALSE,FALSE
2017-09-10,Ross,5.447778274,0.00240982723868032,0.00240982723868032,0.5735162937918511,FALSE,FALSE
2017-09-11,Ross,5.509752658,0.04854888792128076,0.04854888792128076,0.5735162937918511,FALSE,FALSE
2017-09-12,Ross,5.544213452,0.06794073085446417,0.06794073085446417,0.5735162937918511,FALSE,FALSE
2017-09-13,Ross,5.51581414,0.02521806943869897,0.02521806943869897,0.5735162937918511,FALSE,FALSE
2017-09-14,Ross,5.446712361,-0.0574822279255347,0.0574822279255347,0.5735162937918511,FALSE,FALSE
2017-09-15,Ross,5.390314321,-0.1267747258377705,0.1267747258377705,0.5735162937918511,FALSE,FALSE
2017-09-16,Ross,5.36963721,-0.1596630048975305,0.1596630048975305,0.5735162937918511,FALSE,FALSE
2017-09-17,Ross,5.341119178,-0.1997296857043409,0.1997296857043409,0.5735162937918511,FALSE,FALSE
2017-09-18,Ross,5.319792154,-0.2319636098577309,0.2319636098577309,0.5735162937918511,FALSE,FALSE
2017-09-19,Ross,5.283975332,-0.27806635395722523,0.27806635395722523,0.5735162937918511,FALSE,FALSE
2017-09-20,Ross,5.262458721,-0.3092686796023525,0.3092686796023525,0.5735162937918511,FALSE,FALSE
2017-09-21,Ross,5.289413405,-0.2914202733926361,0.2914202733926361,0.5735162937918511,FALSE,FALSE
2017-09-22,Ross,5.309482779,-0.279898510927608,0.279898510927608,0.5735162937918511,FALSE,FALSE
2017-09-23,Ross,5.314016947,-0.2833722490679813,0.2833722490679813,0.5735162937918511,FALSE,FALSE
2017-09-24,Ross,5.333921157,-0.27093582538460836,0.27093582538460836,0.5735162937918511,FALSE,FALSE
2017-09-25,Ross,5.348922633,-0.2628498480996502,0.2628498480996502,0.5735162937918511,FALSE,FALSE
2017-09-26,Ross,5.344400466,-0.27372289352282575,0.27372289352282575,0.5735162937918511,FALSE,FALSE
2017-09-27,Ross,5.310349407,-0.3135478779638561,0.3135478779638561,0.5735162937918511,FALSE,FALSE
2017-09-28,Ross,5.323015485,-0.3060664397324606,0.3060664397324606,0.5735162937918511,FALSE,FALSE
2017-09-29,Ross,5.344112593,-0.2895523531383546,0.2895523531383546,0.5735162937918511,FALSE,FALSE
2017-09-30,Ross,5.35084847,-0.28678554649125854,0.28678554649125854,0.5735162937918511,FALSE,FALSE
2017-10-01,Ross,5.31763729,-0.3233395131008896,0.3233395131008896,0.5735162937918511,FALSE,FALSE
2017-10-02,Ross,5.322102173,-0.32157880027696883,0.32157880027696883,0.5735162937918511,FALSE,FALSE
2017-10-03,Ross,5.337929796,-0.30780439832921225,0.30780439832921225,0.5735162937918511,FALSE,FALSE
2017-10-04,Ross,5.335462237,-0.31166189656734034,0.31166189656734034,0.5735162937918511,FALSE,FALSE
2017-10-05,Ross,5.322145697,-0.3256927541821746,0.3256927541821746,0.5735162937918511,FALSE,FALSE
2017-10-06,Ross,5.318564042,-0.3292921541381668,0.3292921541381668,0.5735162937918511,FALSE,FALSE
2017-10-07,Ross,5.370481795,-0.276649292052884,0.276649292052884,0.5735162937918511,FALSE,FALSE
2017-10-08,Ross,5.378107319,-0.26750488940689277,0.26750488940689277,0.5735162937918511,FALSE,FALSE
2017-10-09,Ross,5.38438312,-0.25886552468074786,0.25886552468074786,0.5735162937918511,FALSE,FALSE
2017-10-10,Ross,5.403714663,-0.23627481735501288,0.23627481735501288,0.5735162937918511,FALSE,FALSE
2017-10-11,Ross,5.392181962,-0.2436018379102478,0.2436018379102478,0.5735162937918511,FALSE,FALSE
2017-10-12,Ross,5.327807111,-0.3027735768270121,0.3027735768270121,0.5735162937918511,FALSE,FALSE
2017-10-13,Ross,5.23341069,-0.39091853858586934,0.39091853858586934,0.5735162937918511,FALSE,FALSE
2017-10-14,Ross,5.162940327,-0.4540381796673767,0.4540381796673767,0.5735162937918511,FALSE,FALSE
2017-10-15,Ross,5.126744754,-0.4817328525520965,0.4817328525520965,0.5735162937918511,FALSE,FALSE
2017-10-16,Ross,5.09609413,-0.5026814827205914,0.5026814827205914,0.5735162937918511,FALSE,FALSE
2017-10-17,Ross,5.126691914,-0.461129695653419,0.461129695653419,0.5735162937918511,FALSE,FALSE
2017-10-18,Ross,5.131110631,-0.44445788605870273,0.44445788605870273,0.5735162937918511,FALSE,FALSE
2017-10-19,Ross,5.127873393,-0.4341773207416466,0.4341773207416466,0.5735162937918511,FALSE,FALSE
2017-10-20,Ross,5.106943812,-0.4404366426496989,0.4404366426496989,0.5735162937918511,FALSE,FALSE
2017-10-21,Ross,5.068884009,-0.46278910391237194,0.46278910391237194,0.5735162937918511,FALSE,FALSE
2017-10-22,Ross,5.023726921,-0.49131714065917453,0.49131714065917453,0.5735162937918511,FALSE,FALSE
2017-10-23,Ross,5.001873051,-0.4957356230196188,0.4957356230196188,0.5735162937918511,FALSE,FALSE
2017-10-24,Ross,5.026072635,-0.4534096881232123,0.4534096881232123,0.5735162937918511,FALSE,FALSE
2017-10-25,Ross,5.030632792,-0.4301475900994669,0.4301475900994669,0.5735162937918511,FALSE,FALSE
2017-10-26,Ross,5.039193167,-0.4024250570778918,0.4024250570778918,0.5735162937918511,FALSE,FALSE
2017-10-27,Ross,5.006691052,-0.4154201701879971,0.4154201701879971,0.5735162937918511,FALSE,FALSE
2017-10-28,Ross,4.966705091,-0.4356696585592923,0.4356696585592923,0.5735162937918511,FALSE,FALSE
2017-10-29,Ross,4.955686029,-0.426838150321287,0.426838150321287,0.5735162937918511,FALSE,FALSE
2017-10-30,Ross,4.936361557,-0.4263133276034914,0.4263133276034914,0.5735162937918511,FALSE,FALSE
2017-10-31,Ross,4.926125017,-0.4167771448497524,0.4167771448497524,0.5735162937918511,FALSE,FALSE
2017-11-01,Ross,4.901072908,-0.4220111333547596,0.4220111333547596,0.5735162937918511,FALSE,FALSE
2017-11-02,Ross,4.85833509,-0.4447028709177161,0.4447028709177161,0.5735162937918511,FALSE,FALSE
2017-11-03,Ross,4.837835569,-0.44474577304897345,0.44474577304897345,0.5735162937918511,FALSE,FALSE
2017-11-04,Ross,4.735102679,-0.5264289272588867,0.5264289272588867,0.5735162937918511,FALSE,FALSE
2017-11-05,Ross,4.656506715,-0.583199460057803,0.583199460057803,0.5735162937918511,TRUE,TRUE
2017-11-06,Ross,4.572673849,-0.6442486209560734,0.6442486209560734,0.5735162937918511,TRUE,TRUE
2017-11-07,Ross,4.503656713,-0.6893411994640513,0.6893411994640513,0.5735162937918511,TRUE,TRUE
2017-11-08,Ross,4.456287244,-0.7114626800920885,0.7114626800920885,0.5735162937918511,TRUE,TRUE
2017-11-09,Ross,4.430173598,-0.7108223283505355,0.7108223283505355,0.5735162937918511,TRUE,TRUE
2017-11-10,Ross,4.396960144,-0.7155931967497429,0.7155931967497429,0.5735162937918511,TRUE,TRUE
2017-11-11,Ross,4.355288552,-0.7269510368000622,0.7269510368000622,0.5735162937918511,TRUE,TRUE
2017-11-12,Ross,4.289460406,-0.7604131669302117,0.7604131669302117,0.5735162937918511,TRUE,TRUE
2017-11-13,Ross,4.223144487,-0.7922116314919947,0.7922116314919947,0.5735162937918511,TRUE,TRUE
2017-11-14,Ross,4.162923449,-0.815787749084854,0.815787749084854,0.5735162937918511,TRUE,TRUE
2017-11-15,Ross,4.065477704,-0.874495237927305,0.874495237927305,0.5735162937918511,TRUE,TRUE
2017-11-16,Ross,3.995870292,-0.9033051882378622,0.9033051882378622,0.5735162937918511,TRUE,TRUE
2017-11-17,Ross,3.977762825,-0.8785901182350431,0.8785901182350431,0.5735162937918511,TRUE,TRUE
2017-11-18,Ross,3.897959611,-0.9135798501373626,0.9135798501373626,0.5735162937918511,TRUE,TRUE
2017-11-19,Ross,3.805554725,-0.959214439163334,0.959214439163334,0.5735162937918511,TRUE,TRUE
2017-11-20,Ross,3.705941997,-1.0101341855314754,1.0101341855314754,0.5735162937918511,TRUE,TRUE
2017-11-21,Ross,3.602495124,-1.0629995224602968,1.0629995224602968,0.5735162937918511,TRUE,TRUE
2017-11-22,Ross,3.525318145,-1.08774054116832,1.08774054116832,0.5735162937918511,TRUE,TRUE
2017-11-23,Ross,3.415688254,-1.1431141778740574,1.1431141778740574,0.5735162937918511,TRUE,TRUE
2017-11-24,Ross,3.293070629,-1.2096893847960244,1.2096893847960244,0.5735162937918511,TRUE,TRUE
2017-11-25,Ross,3.224098494,-1.2208420072543098,1.2208420072543098,0.5735162937918511,TRUE,TRUE
2017-11-26,Ross,3.149428615,-1.2357123876888978,1.2357123876888978,0.5735162937918511,TRUE,TRUE
2017-11-27,Ross,3.091969514,-1.2310825331141235,1.2310825331141235,0.5735162937918511,TRUE,TRUE
2017-11-28,Ross,3.010665418,-1.247697938267074,1.247697938267074,0.5735162937918511,TRUE,TRUE
2017-11-29,Ross,2.911239346,-1.2795253058848286,1.2795253058848286,0.5735162937918511,TRUE,TRUE
2017-11-30,Ross,2.793965757,-1.3259798987044715,1.3259798987044715,0.5735162937918511,TRUE,TRUE
2017-12-01,Ross,2.701855167,-1.3437409224630907,1.3437409224630907,0.5735162937918511,TRUE,TRUE
2017-12-02,Ross,2.661355147,-1.3060505278977668,1.3060505278977668,0.5735162937918511,TRUE,TRUE
2017-12-03,Ross,2.611189566,-1.2738745677455854,1.2738745677455854,0.5735162937918511,TRUE,TRUE
2017-12-04,Ross,2.506931616,-1.2913295717436304,1.2913295717436304,0.5735162937918511,TRUE,TRUE
2017-12-05,Ross,2.393067521,-1.313619037628985,1.313619037628985,0.5735162937918511,TRUE,TRUE
2017-12-06,Ross,2.254748986,-1.3552809821387348,1.3552809821387348,0.5735162937918511,TRUE,TRUE
2017-12-07,Ross,2.153096726,-1.354885314333233,1.354885314333233,0.5735162937918511,TRUE,TRUE
2017-12-08,Ross,2.068150041,-1.3323634682901029,1.3323634682901029,0.5735162937918511,TRUE,TRUE
2017-12-09,Ross,1.977589376,-1.31068125559821,1.31068125559821,0.5735162937918511,TRUE,TRUE
2017-12-10,Ross,1.904451915,-1.2675475385814607,1.2675475385814607,0.5735162937918511,TRUE,TRUE
2017-12-11,Ross,1.793371777,-1.2590742445637737,1.2590742445637737,0.5735162937918511,TRUE,TRUE
2017-12-12,Ross,1.68530894,-1.245047441869052,1.245047441869052,0.5735162937918511,TRUE,TRUE
2017-12-13,Ross,1.560633224,-1.2458433568212106,1.2458433568212106,0.5735162937918511,TRUE,TRUE
2017-12-14,Ross,1.4694178,-1.2121348647441592,1.2121348647441592,0.5735162937918511,TRUE,TRUE
2017-12-15,Ross,1.326831363,-1.2294993169618056,1.2294993169618056,0.5735162937918511,TRUE,TRUE
2017-12-16,Ross,1.218292561,-1.2132641117980658,1.2132641117980658,0.5735162937918511,TRUE,TRUE
2017-12-17,Ross,1.111238148,-1.196738541576845,1.196738541576845,0.5735162937918511,TRUE,TRUE
2017-12-18,Ross,1.102067336,-1.0842694406220568,1.0842694406220568,0.5735162937918511,TRUE,TRUE
2017-12-19,Ross,1.038038165,-1.0293448152576117,1.0293448152576117,0.5735162937918511,TRUE,TRUE
2017-12-20,Ross,0.957061399,-0.9947807736433562,0.9947807736433562,0.5735162937918511,TRUE,TRUE
2017-12-21,Ross,0.853507756,-0.9866302894463256,0.9866302894463256,0.5735162937918511,TRUE,TRUE
2017-12-22,Ross,0.799292615,-0.933159670298046,0.933159670298046,0.5735162937918511,TRUE,TRUE
2017-12-23,Ross,0.772064928,-0.856894906894464,0.856894906894464,0.5735162937918511,TRUE,TRUE
2017-12-24,Ross,0.738690678,-0.7911449589315251,0.7911449589315251,0.5735162937918511,TRUE,TRUE
2017-12-25,Ross,0.70106046,-0.7341941741051744,0.7341941741051744,0.5735162937918511,TRUE,TRUE
2017-12-26,Ross,0.701194872,-0.6441968971113602,0.6441968971113602,0.5735162937918511,TRUE,TRUE
2017-12-27,Ross,0.667590554,-0.5928314306460274,0.5928314306460274,0.5735162937918511,TRUE,TRUE
2017-12-28,Ross,0.629637094,-0.5508831294051175,0.5508831294051175,0.5735162937918511,FALSE,FALSE
2017-12-29,Ross,0.582351041,-0.523510387084584,0.523510387084584,0.5735162937918511,FALSE,FALSE
2017-12-30,Ross,0.551024156,-0.4855963853803684,0.4855963853803684,0.5735162937918511,FALSE,FALSE
2017-12-31,Ross,0.543025528,-0.4299469779884165,0.4299469779884165,0.5735162937918511,FALSE,FALSE
2018-01-01,Ross,0.537429862,-0.3776624026046751,0.3776624026046751,0.5735162937918511,FALSE,FALSE
2018-01-02,Ross,0.526440173,-0.3366099431851721,0.3366099431851721,0.5735162937918511,FALSE,FALSE
2018-01-03,Ross,0.514251218,-0.30224656672627104,0.30224656672627104,0.5735162937918511,FALSE,FALSE
2018-01-04,Ross,0.50096112,-0.2740212304844193,0.2740212304844193,0.5735162937918511,FALSE,FALSE
2018-01-05,Ross,0.486276637,-0.2517742567160548,0.2517742567160548,0.5735162937918511,FALSE,FALSE
2018-01-06,Ross,0.47753052,-0.227719974677629,0.227719974677629,0.5735162937918511,FALSE,FALSE
2018-01-07,Ross,0.471876195,-0.2042520386255856,0.2042520386255856,0.5735162937918511,FALSE,FALSE
2018-01-08,Ross,0.458183921,-0.19204726981636772,0.19204726981636772,0.5735162937918511,FALSE,FALSE
2018-01-09,Ross,0.465965026,-0.161141420506421,0.161141420506421,0.5735162937918511,FALSE,FALSE
2018-01-10,Ross,0.470178891,-0.13612218995219216,0.13612218995219216,0.5735162937918511,FALSE,FALSE
2018-01-11,Ross,0.464073036,-0.12328913841012518,0.12328913841012518,0.5735162937918511,FALSE,FALSE
2018-01-12,Ross,0.449878438,-0.1199583691366643,0.1199583691366643,0.5735162937918511,FALSE,FALSE
2018-01-13,Ross,0.418258104,-0.1350139553882555,0.1350139553882555,0.5735162937918511,FALSE,FALSE
2018-01-14,Ross,0.415119584,-0.12210119427497795,0.12210119427497795,0.5735162937918511,FALSE,FALSE
2018-01-15,Ross,0.407135125,-0.11430762851513993,0.11430762851513993,0.5735162937918511,FALSE,FALSE
2018-01-16,Ross,0.398475684,-0.10748134560583368,0.10748134560583368,0.5735162937918511,FALSE,FALSE
2018-01-17,Ross,0.376521868,-0.11427717919687463,0.11427717919687463,0.5735162937918511,FALSE,FALSE
2018-01-18,Ross,0.372688482,-0.1033157649380778,0.1033157649380778,0.5735162937918511,FALSE,FALSE
2018-01-19,Ross,0.378749572,-0.08285849747925944,0.08285849747925944,0.5735162937918511,FALSE,FALSE
2018-01-20,Ross,0.39105356,-0.05659239547023409,0.05659239547023409,0.5735162937918511,FALSE,FALSE
2018-01-21,Ross,0.37535274,-0.05880060556081767,0.05880060556081767,0.5735162937918511,FALSE,FALSE
2018-01-22,Ross,0.367818261,-0.05334741940082532,0.05334741940082532,0.5735162937918511,FALSE,FALSE
2018-01-23,Ross,0.344639144,-0.0640792566400738,0.0640792566400738,0.5735162937918511,FALSE,FALSE
2018-01-24,Ross,0.337829932,-0.05901701492837796,0.05901701492837796,0.5735162937918511,FALSE,FALSE
2018-01-25,Ross,0.335365267,-0.05022149291555267,0.05022149291555267,0.5735162937918511,FALSE,FALSE
2018-01-26,Ross,0.32680188,-0.04817140025141347,0.04817140025141347,0.5735162937918511,FALSE,FALSE
2018-01-27,Ross,0.313303976,-0.05173078761440797,0.05173078761440797,0.5735162937918511,FALSE,FALSE
2018-01-28,Ross,0.30653607,-0.04921475731451658,0.04921475731451658,0.5735162937918511,FALSE,FALSE
2018-01-29,Ross,0.300878645,-0.04620227543045369,0.04620227543045369,0.5735162937918511,FALSE,FALSE
2018-01-30,Ross,0.299020824,-0.03996360307266344,0.03996360307266344,0.5735162937918511,FALSE,FALSE
2018-01-31,Ross,0.283724548,-0.04769618335158676,0.04769618335158676,0.5735162937918511,FALSE,FALSE
2018-02-01,Ross,0.278065074,-0.0462841433776659,0.0462841433776659,0.5735162937918511,FALSE,FALSE
2018-02-02,Ross,0.265723148,-0.05200612126134413,0.05200612126134413,0.5735162937918511,FALSE,FALSE
2018-02-03,Ross,0.257650816,-0.05386945511306201,0.05386945511306201,0.5735162937918511,FALSE,FALSE
2018-02-04,Ross,0.244279797,-0.06140181004326175,0.06140181004326175,0.5735162937918511,FALSE,FALSE
2018-02-05,Ross,0.246175218,-0.05399744316238589,0.05399744316238589,0.5735162937918511,FALSE,FALSE
2018-02-06,Ross,0.243557776,-0.05139504158087649,0.05139504158087649,0.5735162937918511,FALSE,FALSE
2018-02-07,Ross,0.234844805,-0.0551366554091745,0.0551366554091745,0.5735162937918511,FALSE,FALSE
2018-02-08,Ross,0.231298631,-0.05391949293106155,0.05391949293106155,0.5735162937918511,FALSE,FALSE
2018-02-09,Ross,0.23745202,-0.04319014881342117,0.04319014881342117,0.5735162937918511,FALSE,FALSE
2018-02-10,Ross,0.240434922,-0.03583746363737572,0.03583746363737572,0.5735162937918511,FALSE,FALSE
2018-02-11,Ross,0.235388717,-0.03674350992484856,0.03674350992484856,0.5735162937918511,FALSE,FALSE
2018-02-12,Ross,0.233050714,-0.03519443119776255,0.03519443119776255,0.5735162937918511,FALSE,FALSE
2018-02-13,Ross,0.223206747,-0.04142784597804319,0.04142784597804319,0.5735162937918511,FALSE,FALSE
2018-02-14,Ross,0.205685861,-0.05563816178761141,0.05563816178761141,0.5735162937918511,FALSE,FALSE
2018-02-15,Ross,0.202663796,-0.05567309114839142,0.05567309114839142,0.5735162937918511,FALSE,FALSE
2018-02-16,Ross,0.214454229,-0.04124240958230968,0.04124240958230968,0.5735162937918511,FALSE,FALSE
2018-02-17,Ross,0.222526857,-0.03089987261128593,0.03089987261128593,0.5735162937918511,FALSE,FALSE
2018-02-18,Ross,0.225050635,-0.02649997775724638,0.02649997775724638,0.5735162937918511,FALSE,FALSE
2018-02-19,Ross,0.225056536,-0.0250352045421138,0.0250352045421138,0.5735162937918511,FALSE,FALSE
2018-02-20,Ross,0.226401912,-0.02267165348781194,0.02267165348781194,0.5735162937918511,FALSE,FALSE
2018-02-21,Ross,0.218320665,-0.03019714628144232,0.03019714628144232,0.5735162937918511,FALSE,FALSE
2018-02-22,Ross,0.221974871,-0.02645037085089416,0.02645037085089416,0.5735162937918511,FALSE,FALSE
2018-02-23,Ross,0.215705455,-0.03307722277757349,0.03307722277757349,0.5735162937918511,FALSE,FALSE
2018-02-24,Ross,0.21638679,-0.0331898975894101,0.0331898975894101,0.5735162937918511,FALSE,FALSE
2018-02-25,Ross,0.213938624,-0.03685521581433074,0.03685521581433074,0.5735162937918511,FALSE,FALSE
2018-02-26,Ross,0.220588958,-0.03183174498026414,0.03183174498026414,0.5735162937918511,FALSE,FALSE
2018-02-27,Ross,0.216852878,-0.03759096761513633,0.03759096761513633,0.5735162937918511,FALSE,FALSE
2018-02-28,Ross,0.217531877,-0.03931795924687562,0.03931795924687562,0.5735162937918511,FALSE,FALSE
2018-03-01,Ross,0.213248056,-0.04637718740341026,0.04637718740341026,0.5735162937918511,FALSE,FALSE
2018-03-02,Ross,0.220532049,-0.04222458661266692,0.04222458661266692,0.5735162937918511,FALSE,FALSE
2018-03-03,Ross,0.233387183,-0.03284339840257472,0.03284339840257472,0.5735162937918511,FALSE,FALSE
2018-03-04,Ross,0.246442878,-0.02359077130105988,0.02359077130105988,0.5735162937918511,FALSE,FALSE
2018-03-05,Ross,0.275897146,0.00174473696163368,0.00174473696163368,0.5735162937918511,FALSE,FALSE
2018-03-06,Ross,0.294980155,0.01640225218948332,0.01640225218948332,0.5735162937918511,FALSE,FALSE
2018-03-07,Ross,0.300488407,0.01717267353677476,0.01717267353677476,0.5735162937918511,FALSE,FALSE
2018-03-08,Ross,0.302817989,0.01444352700919771,0.01444352700919771,0.5735162937918511,FALSE,FALSE
2018-03-09,Ross,0.29779632,0.00403367061244641,0.00403367061244641,0.5735162937918511,FALSE,FALSE
2018-03-10,Ross,0.312705874,0.01321701735221303,0.01321701735221303,0.5735162937918511,FALSE,FALSE
2018-03-11,Ross,0.289673656,-0.01588798876580999,0.01588798876580999,0.5735162937918511,FALSE,FALSE
2018-03-12,Ross,0.301374186,-0.01061538873593098,0.01061538873593098,0.5735162937918511,FALSE,FALSE
2018-03-13,Ross,0.331680249,0.01289904144754372,0.01289904144754372,0.5735162937918511,FALSE,FALSE
2018-03-14,Ross,0.358352382,0.03240727779030877,0.03240727779030877,0.5735162937918511,FALSE,FALSE
2018-03-15,Ross,0.378857457,0.04536763129805171,0.04536763129805171,0.5735162937918511,FALSE,FALSE
2018-03-16,Ross,0.368099409,0.02667547597646963,0.02667547597646963,0.5735162937918511,FALSE,FALSE
2018-03-17,Ross,0.356842982,0.00708699483125158,0.00708699483125158,0.5735162937918511,FALSE,FALSE
2018-03-18,Ross,0.372399158,0.01390476934278173,0.01390476934278173,0.5735162937918511,FALSE,FALSE
2018-03-19,Ross,0.36834552,7.019898233599497e-4,7.019898233599497e-4,0.5735162937918511,FALSE,FALSE
2018-03-20,Ross,0.381870044,0.00466643181105352,0.00466643181105352,0.5735162937918511,FALSE,FALSE
2018-03-21,Ross,0.390498765,0.00332412722077424,0.00332412722077424,0.5735162937918511,FALSE,FALSE
2018-03-22,Ross,0.390640155,-0.0069164550325636,0.0069164550325636,0.5735162937918511,FALSE,FALSE
2018-03-23,Ross,0.3812978,-0.02705173203404798,0.02705173203404798,0.5735162937918511,FALSE,FALSE
2018-03-24,Ross,0.385568685,-0.03398472186876816,0.03398472186876816,0.5735162937918511,FALSE,FALSE
2018-03-25,Ross,0.38941867,-0.04174956762180687,0.04174956762180687,0.5735162937918511,FALSE,FALSE
2018-03-26,Ross,0.403592724,-0.03960130337825568,0.03960130337825568,0.5735162937918511,FALSE,FALSE
2018-03-27,Ross,0.419981769,-0.03564901022319827,0.03564901022319827,0.5735162937918511,FALSE,FALSE
2018-03-28,Ross,0.434700951,-0.03377754524172616,0.03377754524172616,0.5735162937918511,FALSE,FALSE
2018-03-29,Ross,0.46426344,-0.01747374151892244,0.01747374151892244,0.5735162937918511,FALSE,FALSE
2018-03-30,Ross,0.487099541,-0.00830729713987649,0.00830729713987649,0.5735162937918511,FALSE,FALSE
2018-03-31,Ross,0.511252907,0.00176415380834094,0.00176415380834094,0.5735162937918511,FALSE,FALSE
2018-04-01,Ross,0.531558012,0.00756677984114562,0.00756677984114562,0.5735162937918511,FALSE,FALSE
2018-04-02,Ross,0.548276848,0.00935188152124211,0.00935188152124211,0.5735162937918511,FALSE,FALSE
2018-04-03,Ross,0.542647403,-0.01165324656112631,0.01165324656112631,0.5735162937918511,FALSE,FALSE
2018-04-04,Ross,0.537009045,-0.03311992981572198,0.03311992981572198,0.5735162937918511,FALSE,FALSE
2018-04-05,Ross,0.551620394,-0.03480024165230266,0.03480024165230266,0.5735162937918511,FALSE,FALSE
2018-04-06,Ross,0.571287522,-0.03189880348062512,0.03189880348062512,0.5735162937918511,FALSE,FALSE
2018-04-07,Ross,0.586679144,-0.03375759371045284,0.03375759371045284,0.5735162937918511,FALSE,FALSE
2018-04-08,Ross,0.616659355,-0.02152321075154206,0.02152321075154206,0.5735162937918511,FALSE,FALSE
2018-04-09,Ross,0.631699723,-0.02473478001365214,0.02473478001365214,0.5735162937918511,FALSE,FALSE
2018-04-10,Ross,0.649631112,-0.02557213090654453,0.02557213090654453,0.5735162937918511,FALSE,FALSE
2018-04-11,Ross,0.684043496,-0.01045598283997661,0.01045598283997661,0.5735162937918511,FALSE,FALSE
2018-04-12,Ross,0.704836612,-0.00949699237534085,0.00949699237534085,0.5735162937918511,FALSE,FALSE
2018-04-13,Ross,0.704716637,-0.02997800581104315,0.02997800581104315,0.5735162937918511,FALSE,FALSE
2018-04-14,Ross,0.695535241,-0.06000114775861998,0.06000114775861998,0.5735162937918511,FALSE,FALSE
2018-04-15,Ross,0.692396927,-0.08441241931255894,0.08441241931255894,0.5735162937918511,FALSE,FALSE
2018-04-16,Ross,0.725658203,-0.07280581656734897,0.07280581656734897,0.5735162937918511,FALSE,FALSE
2018-04-17,Ross,0.75446226,-0.06598865261747588,0.06598865261747588,0.5735162937918511,FALSE,FALSE
2018-04-18,Ross,0.772133103,-0.07058742655742845,0.07058742655742845,0.5735162937918511,FALSE,FALSE
2018-04-19,Ross,0.775833621,-0.0893897534816932,0.0893897534816932,0.5735162937918511,FALSE,FALSE
2018-04-20,Ross,0.783438175,-0.1044717764847598,0.1044717764847598,0.5735162937918511,FALSE,FALSE
2018-04-21,Ross,0.795077638,-0.11565312666111216,0.11565312666111216,0.5735162937918511,FALSE,FALSE
2018-04-22,Ross,0.797359027,-0.13627729110523856,0.13627729110523856,0.5735162937918511,FALSE,FALSE
2018-04-23,Ross,0.80868758,-0.1478895359116289,0.1478895359116289,0.5735162937918511,FALSE,FALSE
2018-04-24,Ross,0.817782872,-0.1617207901747676,0.1617207901747676,0.5735162937918511,FALSE,FALSE
2018-04-25,Ross,0.812027012,-0.19034954549581828,0.19034954549581828,0.5735162937918511,FALSE,FALSE
2018-04-26,Ross,0.803359717,-0.221892576669235,0.221892576669235,0.5735162937918511,FALSE,FALSE
2018-04-27,Ross,0.811444356,-0.23679599652369832,0.23679599652369832,0.5735162937918511,FALSE,FALSE
2018-04-28,Ross,0.82644468,-0.24500609407937368,0.24500609407937368,0.5735162937918511,FALSE,FALSE
2018-04-29,Ross,0.849629065,-0.24536453335643227,0.24536453335643227,0.5735162937918511,FALSE,FALSE
2018-04-30,Ross,0.873764607,-0.24521425837504496,0.24521425837504496,0.5735162937918511,FALSE,FALSE
2018-05-01,Ross,0.892602472,-0.2509141431553835,0.2509141431553835,0.5735162937918511,FALSE,FALSE
2018-05-02,Ross,0.916423489,-0.2522933987176146,0.2522933987176146,0.5735162937918511,FALSE,FALSE
2018-05-03,Ross,0.975888466,-0.2188012570819089,0.2188012570819089,0.5735162937918511,FALSE,FALSE
2018-05-04,Ross,1.020019362,-0.20152579926843783,0.20152579926843783,0.5735162937918511,FALSE,FALSE
2018-05-05,Ross,1.039059014,-0.21033422829737036,0.21033422829737036,0.5735162937918511,FALSE,FALSE
2018-05-06,Ross,1.037542594,-0.24080141218887577,0.24080141218887577,0.5735162937918511,FALSE,FALSE
2018-05-07,Ross,1.054538472,-0.2539689320913465,0.2539689320913465,0.5735162937918511,FALSE,FALSE
2018-05-08,Ross,1.064091691,-0.2758521487470522,0.2758521487470522,0.5735162937918511,FALSE,FALSE
2018-05-09,Ross,1.060416646,-0.31216520183982155,0.31216520183982155,0.5735162937918511,FALSE,FALSE
2018-05-10,Ross,1.042094822,-0.36423344384150536,0.36423344384150536,0.5735162937918511,FALSE,FALSE
2018-05-11,Ross,1.043850754,-0.3972391772239514,0.3972391772239514,0.5735162937918511,FALSE,FALSE
2018-05-12,Ross,1.072240536,-0.40453314545900754,0.40453314545900754,0.5735162937918511,FALSE,FALSE
2018-05-13,Ross,1.078273473,-0.435012881018527,0.435012881018527,0.5735162937918511,FALSE,FALSE
2018-05-14,Ross,1.086531318,-0.4640034683743557,0.4640034683743557,0.5735162937918511,FALSE,FALSE
2018-05-15,Ross,1.109029039,-0.4793967769983438,0.4793967769983438,0.5735162937918511,FALSE,FALSE
2018-05-16,Ross,1.161320775,-0.46554550536234207,0.46554550536234207,0.5735162937918511,FALSE,FALSE
2018-05-17,Ross,1.205427175,-0.4603358419381969,0.4603358419381969,0.5735162937918511,FALSE,FALSE
2018-05-18,Ross,1.266435703,-0.43858716019776134,0.43858716019776134,0.5735162937918511,FALSE,FALSE
2018-05-19,Ross,1.331982992,-0.41256966461288336,0.41256966461288336,0.5735162937918511,FALSE,FALSE
2018-05-20,Ross,1.389276909,-0.39498537020596247,0.39498537020596247,0.5735162937918511,FALSE,FALSE
2018-05-21,Ross,1.437555872,-0.3865612958706377,0.3865612958706377,0.5735162937918511,FALSE,FALSE
2018-05-22,Ross,1.451123754,-0.413007542890905,0.413007542890905,0.5735162937918511,FALSE,FALSE
2018-05-23,Ross,1.459607822,-0.4447124515775063,0.4447124515775063,0.5735162937918511,FALSE,FALSE
2018-05-24,Ross,1.511179711,-0.4335199942411818,0.4335199942411818,0.5735162937918511,FALSE,FALSE
2018-05-25,Ross,1.574169923,-0.41111527619267085,0.41111527619267085,0.5735162937918511,FALSE,FALSE
2018-05-26,Ross,1.625872197,-0.4002201657427129,0.4002201657427129,0.5735162937918511,FALSE,FALSE
2018-05-27,Ross,1.651375674,-0.41576112920205066,0.41576112920205066,0.5735162937918511,FALSE,FALSE
2018-05-28,Ross,1.681121818,-0.4273123098814253,0.4273123098814253,0.5735162937918511,FALSE,FALSE
2018-05-29,Ross,1.718505495,-0.4314944490915775,0.4314944490915775,0.5735162937918511,FALSE,FALSE
2018-05-30,Ross,1.741041174,-0.45080868514324623,0.45080868514324623,0.5735162937918511,FALSE,FALSE
2018-05-31,Ross,1.771045021,-0.46295445934717394,0.46295445934717394,0.5735162937918511,FALSE,FALSE
2018-06-01,Ross,1.778686543,-0.4977778720140998,0.4977778720140998,0.5735162937918511,FALSE,FALSE
2018-06-02,Ross,1.728561761,-0.5906938510496924,0.5906938510496924,0.5735162937918511,TRUE,TRUE
2018-06-03,Ross,1.680144552,-0.6822188024167464,0.6822188024167464,0.5735162937918511,TRUE,TRUE
2018-06-04,Ross,1.708238846,-0.6975333502923733,0.6975333502923733,0.5735162937918511,TRUE,TRUE
2018-06-05,Ross,1.733244159,-0.7162225326414722,0.7162225326414722,0.5735162937918511,TRUE,TRUE
2018-06-06,Ross,1.780568693,-0.7128627014289453,0.7128627014289453,0.5735162937918511,TRUE,TRUE
2018-06-07,Ross,1.875212238,-0.6624386206196973,0.6624386206196973,0.5735162937918511,TRUE,TRUE
2018-06-08,Ross,1.987630214,-0.5944794241786246,0.5944794241786246,0.5735162937918511,TRUE,TRUE
2018-06-09,Ross,2.074220567,-0.5525717200706306,0.5525717200706306,0.5735162937918511,FALSE,FALSE
2018-06-10,Ross,2.149096867,-0.5225864922606198,0.5225864922606198,0.5735162937918511,FALSE,FALSE
2018-06-11,Ross,2.243379966,-0.47338744271349054,0.47338744271349054,0.5735162937918511,FALSE,FALSE
2018-06-12,Ross,2.401569677,-0.3604593123941444,0.3604593123941444,0.5735162937918511,FALSE,FALSE
2018-06-13,Ross,2.472827791,-0.33462486426748317,0.33462486426748317,0.5735162937918511,FALSE,FALSE
2018-06-14,Ross,2.514633132,-0.33838920474459,0.33838920474459,0.5735162937918511,FALSE,FALSE
2018-06-15,Ross,2.533703946,-0.36499052939813703,0.36499052939813703,0.5735162937918511,FALSE,FALSE
2018-06-16,Ross,2.512394118,-0.4319936840835093,0.4319936840835093,0.5735162937918511,FALSE,FALSE
2018-06-17,Ross,2.422777737,-0.567240578450317,0.567240578450317,0.5735162937918511,FALSE,FALSE
2018-06-18,Ross,2.39562764,-0.639874374148186,0.639874374148186,0.5735162937918511,TRUE,FALSE
2018-06-19,Ross,2.443883141,-0.6368717558267218,0.6368717558267218,0.5735162937918511,TRUE,FALSE
2018-06-20,Ross,2.556991355,-0.5687016071355462,0.5687016071355462,0.5735162937918511,FALSE,FALSE
2018-06-21,Ross,2.641256687,-0.528975521724274,0.528975521724274,0.5735162937918511,FALSE,FALSE
2018-06-22,Ross,2.68100296,-0.5332856752425217,0.5332856752425217,0.5735162937918511,FALSE,FALSE
2018-06-23,Ross,2.74880096,-0.5089772803399035,0.5089772803399035,0.5735162937918511,FALSE,FALSE
2018-06-24,Ross,2.793086783,-0.5075302396660373,0.5075302396660373,0.5735162937918511,FALSE,FALSE
2018-06-25,Ross,2.818634763,-0.5240862178705372,0.5240862178705372,0.5735162937918511,FALSE,FALSE
2018-06-26,Ross,2.86140513,-0.5226009836030192,0.5226009836030192,0.5735162937918511,FALSE,FALSE
2018-06-27,Ross,2.892885653,-0.5315178249748587,0.5315178249748587,0.5735162937918511,FALSE,FALSE
2018-06-28,Ross,2.94529062,-0.5186673004435294,0.5186673004435294,0.5735162937918511,FALSE,FALSE
2018-06-29,Ross,2.99067703,-0.5120892522915965,0.5120892522915965,0.5735162937918511,FALSE,FALSE
2018-06-30,Ross,3.01887799,-0.5220476821335707,0.5220476821335707,0.5735162937918511,FALSE,FALSE
2018-07-01,Ross,3.073568145,-0.504965053583958,0.504965053583958,0.5735162937918511,FALSE,FALSE
2018-07-02,Ross,3.064468235,-0.5512177352572665,0.5512177352572665,0.5735162937918511,FALSE,FALSE
2018-07-03,Ross,3.110136057,-0.5423450387680107,0.5423450387680107,0.5735162937918511,FALSE,FALSE
2018-07-04,Ross,3.223549417,-0.4654662667306946,0.4654662667306946,0.5735162937918511,FALSE,FALSE
2018-07-05,Ross,3.276490612,-0.44889623075982854,0.44889623075982854,0.5735162937918511,FALSE,FALSE
2018-07-06,Ross,3.326177704,-0.43551397746992127,0.43551397746992127,0.5735162937918511,FALSE,FALSE
2018-07-07,Ross,3.388733176,-0.4092941324754773,0.4092941324754773,0.5735162937918511,FALSE,FALSE
2018-07-08,Ross,3.454552631,-0.379938201391016,0.379938201391016,0.5735162937918511,FALSE,FALSE
2018-07-09,Ross,3.506068587,-0.3651104673616059,0.3651104673616059,0.5735162937918511,FALSE,FALSE
2018-07-10,Ross,3.56313918,-0.3449897941519713,0.3449897941519713,0.5735162937918511,FALSE,FALSE
2018-07-11,Ross,3.630769087,-0.31447763073400825,0.31447763073400825,0.5735162937918511,FALSE,FALSE
2018-07-12,Ross,3.678054808,-0.3043662837252805,0.3043662837252805,0.5735162937918511,FALSE,FALSE
2018-07-13,Ross,3.710428553,-0.30911234974334967,0.30911234974334967,0.5735162937918511,FALSE,FALSE
2018-07-14,Ross,3.701632097,-0.35486286040577397,0.35486286040577397,0.5735162937918511,FALSE,FALSE
2018-07-15,Ross,3.680604212,-0.4125678503301234,0.4125678503301234,0.5735162937918511,FALSE,FALSE
2018-07-16,Ross,3.689998767,-0.4394622571339517,0.4394622571339517,0.5735162937918511,FALSE,FALSE
2018-07-17,Ross,3.754742105,-0.4105085444348324,0.4105085444348324,0.5735162937918511,FALSE,FALSE
2018-07-18,Ross,3.777205943,-0.4232238018503201,0.4232238018503201,0.5735162937918511,FALSE,FALSE
2018-07-19,Ross,3.822587692,-0.4122994249979808,0.4122994249979808,0.5735162937918511,FALSE,FALSE
2018-07-20,Ross,3.885209612,-0.38330196049537735,0.38330196049537735,0.5735162937918511,FALSE,FALSE
2018-07-21,Ross,3.9822674,-0.31892451796006904,0.31892451796006904,0.5735162937918511,FALSE,FALSE
2018-07-22,Ross,4.047750385,-0.2850754988217181,0.2850754988217181,0.5735162937918511,FALSE,FALSE
2018-07-23,Ross,4.104007838,-0.259426531620786,0.259426531620786,0.5735162937918511,FALSE,FALSE
2018-07-24,Ross,4.108687545,-0.28444051275068283,0.28444051275068283,0.5735162937918511,FALSE,FALSE
2018-07-25,Ross,4.123070917,-0.29894875022926914,0.29894875022926914,0.5735162937918511,FALSE,FALSE
2018-07-26,Ross,4.18656358,-0.2636583370744141,0.2636583370744141,0.5735162937918511,FALSE,FALSE
2018-07-27,Ross,4.227864253,-0.2499832733039895,0.2499832733039895,0.5735162937918511,FALSE,FALSE
2018-07-28,Ross,4.247394616,-0.2576145979358593,0.2576145979358593,0.5735162937918511,FALSE,FALSE
2018-07-29,Ross,4.28027403,-0.25154566898788744,0.25154566898788744,0.5735162937918511,FALSE,FALSE
2018-07-30,Ross,4.319546676,-0.2388450244779463,0.2388450244779463,0.5735162937918511,FALSE,FALSE
2018-07-31,Ross,4.363327531,-0.2215104064238993,0.2215104064238993,0.5735162937918511,FALSE,FALSE
2018-08-01,Ross,4.376596324,-0.23467480484362113,0.23467480484362113,0.5735162937918511,FALSE,FALSE
2018-08-02,Ross,4.413545042,-0.22425895175497249,0.22425895175497249,0.5735162937918511,FALSE,FALSE
2018-08-03,Ross,4.410394329,-0.25415492057794964,0.25415492057794964,0.5735162937918511,FALSE,FALSE
2018-08-04,Ross,4.458730111,-0.2328463665917857,0.2328463665917857,0.5735162937918511,FALSE,FALSE
2018-08-05,Ross,4.487467814,-0.23133183635334031,0.23133183635334031,0.5735162937918511,FALSE,FALSE
2018-08-06,Ross,4.494366395,-0.25173126894289233,0.25173126894289233,0.5735162937918511,FALSE,FALSE
2018-08-07,Ross,4.50005249,-0.27329692444071885,0.27329692444071885,0.5735162937918511,FALSE,FALSE
2018-08-08,Ross,4.481266053,-0.3191677449270873,0.3191677449270873,0.5735162937918511,FALSE,FALSE
2018-08-09,Ross,4.540143175,-0.28708653548227314,0.28708653548227314,0.5735162937918511,FALSE,FALSE
2018-08-10,Ross,4.604965,-0.2486510481865576,0.2486510481865576,0.5735162937918511,FALSE,FALSE
2018-08-11,Ross,4.622611695,-0.2568600121202058,0.2568600121202058,0.5735162937918511,FALSE,FALSE
2018-08-12,Ross,4.645782676,-0.2588929073634949,0.2588929073634949,0.5735162937918511,FALSE,FALSE
2018-08-13,Ross,4.714535414,-0.21457115899669432,0.21457115899669432,0.5735162937918511,FALSE,FALSE
2018-08-14,Ross,4.762911662,-0.18973191010008872,0.18973191010008872,0.5735162937918511,FALSE,FALSE
2018-08-15,Ross,4.796189783,-0.17897569375394085,0.17897569375394085,0.5735162937918511,FALSE,FALSE
2018-08-16,Ross,4.847541649,-0.14901351467373303,0.14901351467373303,0.5735162937918511,FALSE,FALSE
2018-08-17,Ross,4.93333441,-0.08347941340228715,0.08347941340228715,0.5735162937918511,FALSE,FALSE
2018-08-18,Ross,4.988430817,-0.0476472489888522,0.0476472489888522,0.5735162937918511,FALSE,FALSE
2018-08-19,Ross,5.0114908,-0.04300112282168467,0.04300112282168467,0.5735162937918511,FALSE,FALSE
2018-08-20,Ross,5.021686231,-0.05051319428903866,0.05051319428903866,0.5735162937918511,FALSE,FALSE
2018-08-21,Ross,4.989666635,-0.0996779697791661,0.0996779697791661,0.5735162937918511,FALSE,FALSE
2018-08-22,Ross,4.974399119,-0.13167237368032403,0.13167237368032403,0.5735162937918511,FALSE,FALSE
2018-08-23,Ross,4.97274044,-0.1497836803807644,0.1497836803807644,0.5735162937918511,FALSE,FALSE
2018-08-24,Ross,5.009152221,-0.12969429826873655,0.12969429826873655,0.5735162937918511,FALSE,FALSE
2018-08-25,Ross,5.048026999,-0.10715572173250276,0.10715572173250276,0.5735162937918511,FALSE,FALSE
2018-08-26,Ross,5.063292539,-0.10838421716030933,0.10838421716030933,0.5735162937918511,FALSE,FALSE
2018-08-27,Ross,5.067227669,-0.12124498794041384,0.12124498794041384,0.5735162937918511,FALSE,FALSE
2018-08-28,Ross,5.097889714,-0.10782474046106928,0.10782474046106928,0.5735162937918511,FALSE,FALSE
2018-08-29,Ross,5.112400577,-0.11111832431474776,0.11111832431474776,0.5735162937918511,FALSE,FALSE
2018-08-30,Ross,5.108845963,-0.1329909948659216,0.1329909948659216,0.5735162937918511,FALSE,FALSE
2018-08-31,Ross,5.103718658,-0.1568386330574727,0.1568386330574727,0.5735162937918511,FALSE,FALSE
2018-09-01,Ross,5.085617572,-0.1939508840983386,0.1939508840983386,0.5735162937918511,FALSE,FALSE
2018-09-02,Ross,5.126476208,-0.17228280019746123,0.17228280019746123,0.5735162937918511,FALSE,FALSE
2018-09-03,Ross,5.18116135,-0.1368561525637757,0.1368561525637757,0.5735162937918511,FALSE,FALSE
2018-09-04,Ross,5.176194363,-0.1610381314062206,0.1610381314062206,0.5735162937918511,FALSE,FALSE
2018-09-05,Ross,5.185522859,-0.17076967993373326,0.17076967993373326,0.5735162937918511,FALSE,FALSE
2018-09-06,Ross,5.154798827,-0.22028736435525345,0.22028736435525345,0.5735162937918511,FALSE,FALSE
2018-09-07,Ross,5.154899949,-0.2386020578797172,0.2386020578797172,0.5735162937918511,FALSE,FALSE
2018-09-08,Ross,5.162813248,-0.2486152927160603,0.2486152927160603,0.5735162937918511,FALSE,FALSE
2018-09-09,Ross,5.19983081,-0.22892353807322685,0.22892353807322685,0.5735162937918511,FALSE,FALSE
2018-09-10,Ross,5.256937148,-0.18843129876132017,0.18843129876132017,0.5735162937918511,FALSE,FALSE
2018-09-11,Ross,5.282875415,-0.17832835507871891,0.17832835507871891,0.5735162937918511,FALSE,FALSE
2018-09-12,Ross,5.300887155,-0.17538556614553613,0.17538556614553613,0.5735162937918511,FALSE,FALSE
2018-09-13,Ross,5.299797639,-0.1907984315613005,0.1907984315613005,0.5735162937918511,FALSE,FALSE
2018-09-14,Ross,5.366323705,-0.13787088392553493,0.13787088392553493,0.5735162937918511,FALSE,FALSE
2018-09-15,Ross,5.408814065,-0.10827498183777085,0.10827498183777085,0.5735162937918511,FALSE,FALSE
2018-09-16,Ross,5.435012509,-0.09428770589753022,0.09428770589753022,0.5735162937918511,FALSE,FALSE
2018-09-17,Ross,5.458846325,-0.08200253870434082,0.08200253870434082,0.5735162937918511,FALSE,FALSE
2018-09-18,Ross,5.407187802,-0.1445679618577307,0.1445679618577307,0.5735162937918511,FALSE,FALSE
2018-09-19,Ross,5.3982367,-0.16380498595722504,0.16380498595722504,0.5735162937918511,FALSE,FALSE
2018-09-20,Ross,5.389844918,-0.18188248260235265,0.18188248260235265,0.5735162937918511,FALSE,FALSE
2018-09-21,Ross,5.411532863,-0.16930081539263675,0.16930081539263675,0.5735162937918511,FALSE,FALSE
2018-09-22,Ross,5.413636447,-0.1757448429276076,0.1757448429276076,0.5735162937918511,FALSE,FALSE
2018-09-23,Ross,5.473371676,-0.12401752006798096,0.12401752006798096,0.5735162937918511,FALSE,FALSE
2018-09-24,Ross,5.540077218,-0.06477976438460775,0.06477976438460775,0.5735162937918511,FALSE,FALSE
2018-09-25,Ross,5.593717136,-0.01805534509964967,0.01805534509964967,0.5735162937918511,FALSE,FALSE
2018-09-26,Ross,5.638862886,0.02073952647717458,0.02073952647717458,0.5735162937918511,FALSE,FALSE
2018-09-27,Ross,5.681439908,0.05754262303614332,0.05754262303614332,0.5735162937918511,FALSE,FALSE
2018-09-28,Ross,5.691605265,0.06252334026753914,0.06252334026753914,0.5735162937918511,FALSE,FALSE
2018-09-29,Ross,5.684962921,0.05129797486164556,0.05129797486164556,0.5735162937918511,FALSE,FALSE
2018-09-30,Ross,5.684778611,0.0471445945087412,0.0471445945087412,0.5735162937918511,FALSE,FALSE
2018-10-01,Ross,5.665929379,0.02495257589910959,0.02495257589910959,0.5735162937918511,FALSE,FALSE
2018-10-02,Ross,5.609231036,-0.03444993727696932,0.03444993727696932,0.5735162937918511,FALSE,FALSE
2018-10-03,Ross,5.599078933,-0.04665526132921194,0.04665526132921194,0.5735162937918511,FALSE,FALSE
2018-10-04,Ross,5.6625115,0.01538736643265981,0.01538736643265981,0.5735162937918511,FALSE,FALSE
2018-10-05,Ross,5.709906724,0.06206827281782523,0.06206827281782523,0.5735162937918511,FALSE,FALSE
2018-10-06,Ross,5.749311003,0.10145480686183284,0.10145480686183284,0.5735162937918511,FALSE,FALSE
2018-10-07,Ross,5.74653068,0.09939959294711632,0.09939959294711632,0.5735162937918511,FALSE,FALSE
2018-10-08,Ross,5.736171353,0.0905591445931071,0.0905591445931071,0.5735162937918511,FALSE,FALSE
2018-10-09,Ross,5.737872568,0.09462392331925253,0.09462392331925253,0.5735162937918511,FALSE,FALSE
2018-10-10,Ross,5.763759097,0.12376961664498776,0.12376961664498776,0.5735162937918511,FALSE,FALSE
2018-10-11,Ross,5.798153588,0.1623697880897517,0.1623697880897517,0.5735162937918511,FALSE,FALSE
2018-10-12,Ross,5.760388913,0.1298082251729875,0.1298082251729875,0.5735162937918511,FALSE,FALSE
2018-10-13,Ross,5.704404785,0.08007555641413067,0.08007555641413067,0.5735162937918511,FALSE,FALSE
2018-10-14,Ross,5.679467591,0.0624890843326229,0.0624890843326229,0.5735162937918511,FALSE,FALSE
2018-10-15,Ross,5.66161878,0.05314117344790414,0.05314117344790414,0.5735162937918511,FALSE,FALSE
2018-10-16,Ross,5.616680832,0.01790521927940869,0.01790521927940869,0.5735162937918511,FALSE,FALSE
2018-10-17,Ross,5.63270496,0.04488335034658064,0.04488335034658064,0.5735162937918511,FALSE,FALSE
2018-10-18,Ross,5.595456363,0.01988784594129722,0.01988784594129722,0.5735162937918511,FALSE,FALSE
2018-10-19,Ross,5.549606463,-0.01244425074164645,0.01244425074164645,0.5735162937918511,FALSE,FALSE
2018-10-20,Ross,5.526526005,-0.02085444964969873,0.02085444964969873,0.5735162937918511,FALSE,FALSE
2018-10-21,Ross,5.497190302,-0.0344828109123716,0.0344828109123716,0.5735162937918511,FALSE,FALSE
2018-10-22,Ross,5.466484338,-0.04855972365917438,0.04855972365917438,0.5735162937918511,FALSE,FALSE
2018-10-23,Ross,5.464217196,-0.0333914780196185,0.0333914780196185,0.5735162937918511,FALSE,FALSE
2018-10-24,Ross,5.476332706,-0.0031496171232126,0.0031496171232126,0.5735162937918511,FALSE,FALSE
2018-10-25,Ross,5.467193991,0.00641360890053377,0.00641360890053377,0.5735162937918511,FALSE,FALSE
2018-10-26,Ross,5.440565656,-0.001052568077891,0.001052568077891,0.5735162937918511,FALSE,FALSE
2018-10-27,Ross,5.406967853,-0.01514336918799674,0.01514336918799674,0.5735162937918511,FALSE,FALSE
2018-10-28,Ross,5.40377004,0.0013952904407084,0.0013952904407084,0.5735162937918511,FALSE,FALSE
2018-10-29,Ross,5.393306282,0.01078210267871337,0.01078210267871337,0.5735162937918511,FALSE,FALSE
2018-10-30,Ross,5.354038379,-0.00863650560349071,0.00863650560349071,0.5735162937918511,FALSE,FALSE
2018-10-31,Ross,5.37150216,0.0285999981502476,0.0285999981502476,0.5735162937918511,FALSE,FALSE
2018-11-01,Ross,5.369192905,0.04610886364524091,0.04610886364524091,0.5735162937918511,FALSE,FALSE
2018-11-02,Ross,5.386522546,0.08348458508228429,0.08348458508228429,0.5735162937918511,FALSE,FALSE
2018-11-03,Ross,5.376578761,0.09399741895102665,0.09399741895102665,0.5735162937918511,FALSE,FALSE
2018-11-04,Ross,5.360190663,0.09865905674111364,0.09865905674111364,0.5735162937918511,FALSE,FALSE
2018-11-05,Ross,5.355275655,0.1155694799421969,0.1155694799421969,0.5735162937918511,FALSE,FALSE
2018-11-06,Ross,5.338850586,0.12192811604392696,0.12192811604392696,0.5735162937918511,FALSE,FALSE
2018-11-07,Ross,5.282561328,0.08956341553594882,0.08956341553594882,0.5735162937918511,FALSE,FALSE
2018-11-08,Ross,5.303814476,0.13606455190791156,0.13606455190791156,0.5735162937918511,FALSE,FALSE
2018-11-09,Ross,5.300665244,0.159669317649465,0.159669317649465,0.5735162937918511,FALSE,FALSE
2018-11-10,Ross,5.248872189,0.13631884825025686,0.13631884825025686,0.5735162937918511,FALSE,FALSE
2018-11-11,Ross,5.161276467,0.07903687819993799,0.07903687819993799,0.5735162937918511,FALSE,FALSE
2018-11-12,Ross,5.092747066,0.04287349306978871,0.04287349306978871,0.5735162937918511,FALSE,FALSE
2018-11-13,Ross,5.068697533,0.05334141450800533,0.05334141450800533,0.5735162937918511,FALSE,FALSE
2018-11-14,Ross,5.021823355,0.04311215691514647,0.04311215691514647,0.5735162937918511,FALSE,FALSE
2018-11-15,Ross,4.960319538,0.02034659607269517,0.02034659607269517,0.5735162937918511,FALSE,FALSE
2018-11-16,Ross,4.880883306,-0.01829217423786211,0.01829217423786211,0.5735162937918511,FALSE,FALSE
2018-11-17,Ross,4.815493103,-0.04085984023504352,0.04085984023504352,0.5735162937918511,FALSE,FALSE
2018-11-18,Ross,4.757097919,-0.05444154213736318,0.05444154213736318,0.5735162937918511,FALSE,FALSE
2018-11-19,Ross,4.698661429,-0.06610773516333346,0.06610773516333346,0.5735162937918511,FALSE,FALSE
2018-11-20,Ross,4.652949703,-0.06312647953147543,0.06312647953147543,0.5735162937918511,FALSE,FALSE
2018-11-21,Ross,4.576413206,-0.08908144046029687,0.08908144046029687,0.5735162937918511,FALSE,FALSE
2018-11-22,Ross,4.513687493,-0.0993711931683201,0.0993711931683201,0.5735162937918511,FALSE,FALSE
2018-11-23,Ross,4.446673179,-0.11212925287405716,0.11212925287405716,0.5735162937918511,FALSE,FALSE
2018-11-24,Ross,4.412603285,-0.09015672879602388,0.09015672879602388,0.5735162937918511,FALSE,FALSE
2018-11-25,Ross,4.370119687,-0.07482081425431009,0.07482081425431009,0.5735162937918511,FALSE,FALSE
2018-11-26,Ross,4.300010977,-0.0851300256888976,0.0851300256888976,0.5735162937918511,FALSE,FALSE
2018-11-27,Ross,4.193197563,-0.1298544841141238,0.1298544841141238,0.5735162937918511,FALSE,FALSE
2018-11-28,Ross,4.117765717,-0.14059763926707358,0.14059763926707358,0.5735162937918511,FALSE,FALSE
2018-11-29,Ross,3.997515324,-0.1932493278848284,0.1932493278848284,0.5735162937918511,FALSE,FALSE
2018-11-30,Ross,3.926082646,-0.1938630097044718,0.1938630097044718,0.5735162937918511,FALSE,FALSE
2018-12-01,Ross,3.852541558,-0.19305453146309093,0.19305453146309093,0.5735162937918511,FALSE,FALSE
2018-12-02,Ross,3.783672753,-0.18373292189776705,0.18373292189776705,0.5735162937918511,FALSE,FALSE
2018-12-03,Ross,3.672358502,-0.21270563174558577,0.21270563174558577,0.5735162937918511,FALSE,FALSE
2018-12-04,Ross,3.567477588,-0.2307835997436305,0.2307835997436305,0.5735162937918511,FALSE,FALSE
2018-12-05,Ross,3.469995898,-0.2366906606289847,0.2366906606289847,0.5735162937918511,FALSE,FALSE
2018-12-06,Ross,3.338970064,-0.2710599041387347,0.2710599041387347,0.5735162937918511,FALSE,FALSE
2018-12-07,Ross,3.284846623,-0.2231354173332325,0.2231354173332325,0.5735162937918511,FALSE,FALSE
2018-12-08,Ross,3.159844331,-0.2406691782901027,0.2406691782901027,0.5735162937918511,FALSE,FALSE
2018-12-09,Ross,2.92156626,-0.3667043715982099,0.3667043715982099,0.5735162937918511,FALSE,FALSE
2018-12-10,Ross,2.709227353,-0.4627721005814607,0.4627721005814607,0.5735162937918511,FALSE,FALSE
2018-12-11,Ross,2.587548528,-0.4648974935637735,0.4648974935637735,0.5735162937918511,FALSE,FALSE
2018-12-12,Ross,2.460022263,-0.4703341188690522,0.4703341188690522,0.5735162937918511,FALSE,FALSE
2018-12-13,Ross,2.331549297,-0.47492728382121063,0.47492728382121063,0.5735162937918511,FALSE,FALSE
2018-12-14,Ross,2.197914782,-0.4836378827441594,0.4836378827441594,0.5735162937918511,FALSE,FALSE
2018-12-15,Ross,2.039592629,-0.5167380509618056,0.5167380509618056,0.5735162937918511,FALSE,FALSE
2018-12-16,Ross,1.892015593,-0.5395410797980658,0.5395410797980658,0.5735162937918511,FALSE,FALSE
2018-12-17,Ross,1.722170475,-0.585806214576845,0.585806214576845,0.5735162937918511,TRUE,FALSE
2018-12-18,Ross,1.590986335,-0.5953504416220567,0.5953504416220567,0.5735162937918511,TRUE,FALSE
2018-12-19,Ross,1.497180676,-0.5702023042576114,0.5702023042576114,0.5735162937918511,FALSE,FALSE
2018-12-20,Ross,1.418204012,-0.5336381606433562,0.5336381606433562,0.5735162937918511,FALSE,FALSE
2018-12-21,Ross,1.340176983,-0.4999610624463253,0.4999610624463253,0.5735162937918511,FALSE,FALSE
2018-12-22,Ross,1.272491617,-0.45996066829804594,0.45996066829804594,0.5735162937918511,FALSE,FALSE
2018-12-23,Ross,1.207012569,-0.4219472658944641,0.4219472658944641,0.5735162937918511,FALSE,FALSE
2018-12-24,Ross,1.164116244,-0.3657193929315252,0.3657193929315252,0.5735162937918511,FALSE,FALSE
2018-12-25,Ross,1.114798691,-0.32045594310517433,0.32045594310517433,0.5735162937918511,FALSE,FALSE
2018-12-26,Ross,1.074039207,-0.27135256211136016,0.27135256211136016,0.5735162937918511,FALSE,FALSE
2018-12-27,Ross,1.031957682,-0.22846430264602735,0.22846430264602735,0.5735162937918511,FALSE,FALSE
2018-12-28,Ross,0.998425453,-0.18209477040511757,0.18209477040511757,0.5735162937918511,FALSE,FALSE
2018-12-29,Ross,0.967298404,-0.138563024084584,0.138563024084584,0.5735162937918511,FALSE,FALSE
2018-12-30,Ross,0.914323524,-0.12229701738036836,0.12229701738036836,0.5735162937918511,FALSE,FALSE
2018-12-31,Ross,0.890854472,-0.08211803398841655,0.08211803398841655,0.5735162937918511,FALSE,FALSE
2019-01-01,Ross,0.874560436,-0.04053182860467508,0.04053182860467508,0.5735162937918511,FALSE,FALSE
2019-01-02,Ross,0.862453861,-5.962551851721454e-4,5.962551851721454e-4,0.5735162937918511,FALSE,FALSE
2019-01-03,Ross,0.841095813,0.02459802827372903,0.02459802827372903,0.5735162937918511,FALSE,FALSE
2019-01-04,Ross,0.808592693,0.0336103425155807,0.0336103425155807,0.5735162937918511,FALSE,FALSE
2019-01-05,Ross,0.759461147,0.02141025328394519,0.02141025328394519,0.5735162937918511,FALSE,FALSE
2019-01-06,Ross,0.727030893,0.02178039832237099,0.02178039832237099,0.5735162937918511,FALSE,FALSE
2019-01-07,Ross,0.698376395,0.02224816137441443,0.02224816137441443,0.5735162937918511,FALSE,FALSE
2019-01-08,Ross,0.669075649,0.01884445818363234,0.01884445818363234,0.5735162937918511,FALSE,FALSE
2019-01-09,Ross,0.665981545,0.03887509849357895,0.03887509849357895,0.5735162937918511,FALSE,FALSE
2019-01-10,Ross,0.64647695,0.0401758690478079,0.0401758690478079,0.5735162937918511,FALSE,FALSE
2019-01-11,Ross,0.631924463,0.04456228858987488,0.04456228858987488,0.5735162937918511,FALSE,FALSE
2019-01-12,Ross,0.605750241,0.03591343386333567,0.03591343386333567,0.5735162937918511,FALSE,FALSE
2019-01-13,Ross,0.600922,0.04764994061174443,0.04764994061174443,0.5735162937918511,FALSE,FALSE
2019-01-14,Ross,0.592989424,0.05576864572502205,0.05576864572502205,0.5735162937918511,FALSE,FALSE
2019-01-15,Ross,0.577134552,0.05569179848486005,0.05569179848486005,0.5735162937918511,FALSE,FALSE
2019-01-16,Ross,0.574012249,0.06805521939416637,0.06805521939416637,0.5735162937918511,FALSE,FALSE
2019-01-17,Ross,0.564728175,0.07392912780312544,0.07392912780312544,0.5735162937918511,FALSE,FALSE
2019-01-18,Ross,0.549167735,0.07316348806192224,0.07316348806192224,0.5735162937918511,FALSE,FALSE
2019-01-19,Ross,0.526111842,0.06450377252074063,0.06450377252074063,0.5735162937918511,FALSE,FALSE
2019-01-20,Ross,0.508094902,0.06044894652976584,0.06044894652976584,0.5735162937918511,FALSE,FALSE
2019-01-21,Ross,0.503642394,0.0694890484391823,0.0694890484391823,0.5735162937918511,FALSE,FALSE
2019-01-22,Ross,0.498544055,0.07737837459917468,0.07737837459917468,0.5735162937918511,FALSE,FALSE
2019-01-23,Ross,0.498517144,0.08979874335992621,0.08979874335992621,0.5735162937918511,FALSE,FALSE
2019-01-24,Ross,0.49782928,0.10098233307162202,0.10098233307162202,0.5735162937918511,FALSE,FALSE
2019-01-25,Ross,0.504059502,0.11847274208444736,0.11847274208444736,0.5735162937918511,FALSE,FALSE
2019-01-26,Ross,0.494186442,0.11921316174858654,0.11921316174858654,0.5735162937918511,FALSE,FALSE
2019-01-27,Ross,0.464681018,0.09964625438559203,0.09964625438559203,0.5735162937918511,FALSE,FALSE
2019-01-28,Ross,0.461837919,0.1060870916854834,0.1060870916854834,0.5735162937918511,FALSE,FALSE
2019-01-29,Ross,0.44499569,0.09791476956954633,0.09791476956954633,0.5735162937918511,FALSE,FALSE
2019-01-30,Ross,0.438983791,0.09999936392733656,0.09999936392733656,0.5735162937918511,FALSE,FALSE
2019-01-31,Ross,0.432260707,0.10083997564841324,0.10083997564841324,0.5735162937918511,FALSE,FALSE
2019-02-01,Ross,0.430438639,0.10608942162233408,0.10608942162233408,0.5735162937918511,FALSE,FALSE
2019-02-02,Ross,0.426011004,0.10828173473865588,0.10828173473865588,0.5735162937918511,FALSE,FALSE
2019-02-03,Ross,0.420455103,0.10893483188693798,0.10893483188693798,0.5735162937918511,FALSE,FALSE
2019-02-04,Ross,0.409356884,0.10367527695673824,0.10367527695673824,0.5735162937918511,FALSE,FALSE
2019-02-05,Ross,0.411872026,0.11169936483761413,0.11169936483761413,0.5735162937918511,FALSE,FALSE
2019-02-06,Ross,0.410636703,0.1156838854191235,0.1156838854191235,0.5735162937918511,FALSE,FALSE
2019-02-07,Ross,0.409263013,0.11928155259082553,0.11928155259082553,0.5735162937918511,FALSE,FALSE
2019-02-08,Ross,0.400227106,0.11500898206893843,0.11500898206893843,0.5735162937918511,FALSE,FALSE
2019-02-09,Ross,0.384528709,0.10388654018657884,0.10388654018657884,0.5735162937918511,FALSE,FALSE
2019-02-10,Ross,0.371713572,0.09544118636262428,0.09544118636262428,0.5735162937918511,FALSE,FALSE
2019-02-11,Ross,0.358773399,0.08664117207515143,0.08664117207515143,0.5735162937918511,FALSE,FALSE
2019-02-12,Ross,0.346368819,0.07812367380223745,0.07812367380223745,0.5735162937918511,FALSE,FALSE
2019-02-13,Ross,0.349445848,0.0848112550219568,0.0848112550219568,0.5735162937918511,FALSE,FALSE
2019-02-14,Ross,0.344038201,0.08271417821238858,0.08271417821238858,0.5735162937918511,FALSE,FALSE
2019-02-15,Ross,0.34529734,0.08696045285160858,0.08696045285160858,0.5735162937918511,FALSE,FALSE
2019-02-16,Ross,0.346603899,0.09090726041769032,0.09090726041769032,0.5735162937918511,FALSE,FALSE
2019-02-17,Ross,0.345373833,0.09194710338871408,0.09194710338871408,0.5735162937918511,FALSE,FALSE
2019-02-18,Ross,0.336646926,0.08509631324275363,0.08509631324275363,0.5735162937918511,FALSE,FALSE
2019-02-19,Ross,0.31849892,0.06840717945788621,0.06840717945788621,0.5735162937918511,FALSE,FALSE
2019-02-20,Ross,0.319293575,0.07022000951218804,0.07022000951218804,0.5735162937918511,FALSE,FALSE
2019-02-21,Ross,0.316954955,0.06843714371855766,0.06843714371855766,0.5735162937918511,FALSE,FALSE
2019-02-22,Ross,0.316444624,0.06801938214910586,0.06801938214910586,0.5735162937918511,FALSE,FALSE
2019-02-23,Ross,0.313412723,0.06463004522242652,0.06463004522242652,0.5735162937918511,FALSE,FALSE
2019-02-24,Ross,0.312752948,0.06317626041058988,0.06317626041058988,0.5735162937918511,FALSE,FALSE
2019-02-25,Ross,0.320195368,0.06940152818566925,0.06940152818566925,0.5735162937918511,FALSE,FALSE
2019-02-26,Ross,0.338050712,0.08563000901973583,0.08563000901973583,0.5735162937918511,FALSE,FALSE
2019-02-27,Ross,0.35105169,0.0966078443848637,0.0966078443848637,0.5735162937918511,FALSE,FALSE
2019-02-28,Ross,0.349220285,0.0923704487531244,0.0923704487531244,0.5735162937918511,FALSE,FALSE
2019-03-01,Ross,0.352965844,0.09334060059658972,0.09334060059658972,0.5735162937918511,FALSE,FALSE
2019-03-02,Ross,0.354852114,0.09209547838733306,0.09209547838733306,0.5735162937918511,FALSE,FALSE
2019-03-03,Ross,0.350461246,0.08423066459742529,0.08423066459742529,0.5735162937918511,FALSE,FALSE
2019-03-04,Ross,0.345545585,0.0755119356989401,0.0755119356989401,0.5735162937918511,FALSE,FALSE
2019-03-05,Ross,0.345643329,0.0714909199616337,0.0714909199616337,0.5735162937918511,FALSE,FALSE
2019-03-06,Ross,0.349549373,0.0709714701894833,0.0709714701894833,0.5735162937918511,FALSE,FALSE
2019-03-07,Ross,0.347103726,0.06378799253677475,0.06378799253677475,0.5735162937918511,FALSE,FALSE
2019-03-08,Ross,0.351985135,0.0636106730091977,0.0636106730091977,0.5735162937918511,FALSE,FALSE
2019-03-09,Ross,0.351316795,0.05755414561244643,0.05755414561244643,0.5735162937918511,FALSE,FALSE
2019-03-10,Ross,0.329573037,0.03008418035221305,0.03008418035221305,0.5735162937918511,FALSE,FALSE
2019-03-11,Ross,0.330824262,0.02526261723418998,0.02526261723418998,0.5735162937918511,FALSE,FALSE
2019-03-12,Ross,0.337072891,0.02508331626406901,0.02508331626406901,0.5735162937918511,FALSE,FALSE
2019-03-13,Ross,0.340104694,0.02132348644754372,0.02132348644754372,0.5735162937918511,FALSE,FALSE
2019-03-14,Ross,0.340181371,0.01423626679030876,0.01423626679030876,0.5735162937918511,FALSE,FALSE
2019-03-15,Ross,0.348182545,0.01469271929805171,0.01469271929805171,0.5735162937918511,FALSE,FALSE
2019-03-16,Ross,0.387144579,0.04572064597646963,0.04572064597646963,0.5735162937918511,FALSE,FALSE
2019-03-17,Ross,0.401967545,0.05221155783125159,0.05221155783125159,0.5735162937918511,FALSE,FALSE
2019-03-18,Ross,0.405700028,0.04720563934278171,0.04720563934278171,0.5735162937918511,FALSE,FALSE
2019-03-19,Ross,0.414962795,0.04731926482335996,0.04731926482335996,0.5735162937918511,FALSE,FALSE
2019-03-20,Ross,0.422982651,0.04577903881105349,0.04577903881105349,0.5735162937918511,FALSE,FALSE
2019-03-21,Ross,0.424843433,0.03766879522077421,0.03766879522077421,0.5735162937918511,FALSE,FALSE
2019-03-22,Ross,0.427979184,0.03042257396743641,0.03042257396743641,0.5735162937918511,FALSE,FALSE
2019-03-23,Ross,0.427390337,0.019040804965952,0.019040804965952,0.5735162937918511,FALSE,FALSE
2019-03-24,Ross,0.437247638,0.0176942311312318,0.0176942311312318,0.5735162937918511,FALSE,FALSE
2019-03-25,Ross,0.447125538,0.01595730037819309,0.01595730037819309,0.5735162937918511,FALSE,FALSE
2019-03-26,Ross,0.4583053,0.01511127262174433,0.01511127262174433,0.5735162937918511,FALSE,FALSE
2019-03-27,Ross,0.477421833,0.02179105377680174,0.02179105377680174,0.5735162937918511,FALSE,FALSE
2019-03-28,Ross,0.491561597,0.02308310075827385,0.02308310075827385,0.5735162937918511,FALSE,FALSE
2019-03-29,Ross,0.500188909,0.01845172748107754,0.01845172748107754,0.5735162937918511,FALSE,FALSE
2019-03-30,Ross,0.513068948,0.01766210986012351,0.01766210986012351,0.5735162937918511,FALSE,FALSE
2019-03-31,Ross,0.507451815,-0.00203693819165906,0.00203693819165906,0.5735162937918511,FALSE,FALSE
2019-04-01,Ross,0.483763987,-0.04022724515885434,0.04022724515885434,0.5735162937918511,FALSE,FALSE
2019-04-02,Ross,0.479899875,-0.05902509147875789,0.05902509147875789,0.5735162937918511,FALSE,FALSE
2019-04-03,Ross,0.482325747,-0.07197490256112632,0.07197490256112632,0.5735162937918511,FALSE,FALSE
2019-04-04,Ross,0.522441851,-0.04768712381572204,0.04768712381572204,0.5735162937918511,FALSE,FALSE
2019-04-05,Ross,0.55513988,-0.03128075565230259,0.03128075565230259,0.5735162937918511,FALSE,FALSE
2019-04-06,Ross,0.587068686,-0.01611763948062516,0.01611763948062516,0.5735162937918511,FALSE,FALSE
2019-04-07,Ross,0.604935859,-0.0155008787104528,0.0155008787104528,0.5735162937918511,FALSE,FALSE
2019-04-08,Ross,0.617709571,-0.02047299475154207,0.02047299475154207,0.5735162937918511,FALSE,FALSE
2019-04-09,Ross,0.636197835,-0.02023666801365209,0.02023666801365209,0.5735162937918511,FALSE,FALSE
2019-04-10,Ross,0.647803166,-0.02740007690654455,0.02740007690654455,0.5735162937918511,FALSE,FALSE
2019-04-11,Ross,0.651986764,-0.04251271483997665,0.04251271483997665,0.5735162937918511,FALSE,FALSE
2019-04-12,Ross,0.643317267,-0.07101633737534085,0.07101633737534085,0.5735162937918511,FALSE,FALSE
2019-04-13,Ross,0.663553203,-0.07114143981104315,0.07114143981104315,0.5735162937918511,FALSE,FALSE
2019-04-14,Ross,0.707080517,-0.04845587175861998,0.04845587175861998,0.5735162937918511,FALSE,FALSE
2019-04-15,Ross,0.733450933,-0.04335841331255896,0.04335841331255896,0.5735162937918511,FALSE,FALSE
2019-04-16,Ross,0.738300471,-0.06016354856734896,0.06016354856734896,0.5735162937918511,FALSE,FALSE
2019-04-17,Ross,0.733272949,-0.08717796361747598,0.08717796361747598,0.5735162937918511,FALSE,FALSE
2019-04-18,Ross,0.758483412,-0.08423711755742846,0.08423711755742846,0.5735162937918511,FALSE,FALSE
2019-04-19,Ross,0.77871449,-0.08650888448169314,0.08650888448169314,0.5735162937918511,FALSE,FALSE
2019-04-20,Ross,0.779185488,-0.10872446348475984,0.10872446348475984,0.5735162937918511,FALSE,FALSE
2019-04-21,Ross,0.764343207,-0.1463875576611121,0.1463875576611121,0.5735162937918511,FALSE,FALSE
2019-04-22,Ross,0.761719321,-0.17191699710523867,0.17191699710523867,0.5735162937918511,FALSE,FALSE
2019-04-23,Ross,0.785637821,-0.17093929491162885,0.17093929491162885,0.5735162937918511,FALSE,FALSE
2019-04-24,Ross,0.819597516,-0.15990614617476762,0.15990614617476762,0.5735162937918511,FALSE,FALSE
2019-04-25,Ross,0.842284591,-0.16009196649581836,0.16009196649581836,0.5735162937918511,FALSE,FALSE
2019-04-26,Ross,0.863149315,-0.16210297866923495,0.16210297866923495,0.5735162937918511,FALSE,FALSE
2019-04-27,Ross,0.879082915,-0.16915743752369827,0.16915743752369827,0.5735162937918511,FALSE,FALSE
2019-04-28,Ross,0.902404789,-0.16904598507937374,0.16904598507937374,0.5735162937918511,FALSE,FALSE
2019-04-29,Ross,0.924893403,-0.17010019535643228,0.17010019535643228,0.5735162937918511,FALSE,FALSE
2019-04-30,Ross,0.957313568,-0.16166529737504498,0.16166529737504498,0.5735162937918511,FALSE,FALSE
2019-05-01,Ross,0.997683239,-0.1458333761553835,0.1458333761553835,0.5735162937918511,FALSE,FALSE
2019-05-02,Ross,1.029946374,-0.1387705137176145,0.1387705137176145,0.5735162937918511,FALSE,FALSE
2019-05-03,Ross,1.043787372,-0.15090235108190897,0.15090235108190897,0.5735162937918511,FALSE,FALSE
2019-05-04,Ross,1.090903883,-0.13064127826843783,0.13064127826843783,0.5735162937918511,FALSE,FALSE
2019-05-05,Ross,1.127101773,-0.12229146929737043,0.12229146929737043,0.5735162937918511,FALSE,FALSE
2019-05-06,Ross,1.135125115,-0.14321889118887587,0.14321889118887587,0.5735162937918511,FALSE,FALSE
2019-05-07,Ross,1.153639198,-0.15486820609134644,0.15486820609134644,0.5735162937918511,FALSE,FALSE
2019-05-08,Ross,1.18665453,-0.15328930974705224,0.15328930974705224,0.5735162937918511,FALSE,FALSE
2019-05-09,Ross,1.203667119,-0.16891472883982162,0.16891472883982162,0.5735162937918511,FALSE,FALSE
2019-05-10,Ross,1.232609229,-0.17371903684150536,0.17371903684150536,0.5735162937918511,FALSE,FALSE
2019-05-11,Ross,1.246020473,-0.1950694582239514,0.1950694582239514,0.5735162937918511,FALSE,FALSE
2019-05-12,Ross,1.264693173,-0.2120805084590076,0.2120805084590076,0.5735162937918511,FALSE,FALSE
2019-05-13,Ross,1.27429677,-0.238989584018527,0.238989584018527,0.5735162937918511,FALSE,FALSE
2019-05-14,Ross,1.300619914,-0.2499148723743556,0.2499148723743556,0.5735162937918511,FALSE,FALSE
2019-05-15,Ross,1.352318637,-0.23610717899834377,0.23610717899834377,0.5735162937918511,FALSE,FALSE
2019-05-16,Ross,1.404600572,-0.22226570836234205,0.22226570836234205,0.5735162937918511,FALSE,FALSE
2019-05-17,Ross,1.449387054,-0.21637596293819697,0.21637596293819697,0.5735162937918511,FALSE,FALSE
2019-05-18,Ross,1.490419875,-0.21460298819776136,0.21460298819776136,0.5735162937918511,FALSE,FALSE
2019-05-19,Ross,1.511452562,-0.23310009461288317,0.23310009461288317,0.5735162937918511,FALSE,FALSE
2019-05-20,Ross,1.513229798,-0.27103248120596235,0.27103248120596235,0.5735162937918511,FALSE,FALSE
2019-05-21,Ross,1.54594431,-0.2781728578706375,0.2781728578706375,0.5735162937918511,FALSE,FALSE
2019-05-22,Ross,1.596586551,-0.26754474589090504,0.26754474589090504,0.5735162937918511,FALSE,FALSE
2019-05-23,Ross,1.656174719,-0.2481455545775062,0.2481455545775062,0.5735162937918511,FALSE,FALSE
2019-05-24,Ross,1.69358936,-0.2511103452411818,0.2511103452411818,0.5735162937918511,FALSE,FALSE
2019-05-25,Ross,1.648927068,-0.33635813119267066,0.33635813119267066,0.5735162937918511,FALSE,FALSE
2019-05-26,Ross,1.618180675,-0.4079116877427129,0.4079116877427129,0.5735162937918511,FALSE,FALSE
2019-05-27,Ross,1.576836987,-0.49029981620205065,0.49029981620205065,0.5735162937918511,FALSE,FALSE
2019-05-28,Ross,1.605252905,-0.5031812228814254,0.5031812228814254,0.5735162937918511,FALSE,FALSE
2019-05-29,Ross,1.611864685,-0.5381352590915776,0.5381352590915776,0.5735162937918511,FALSE,FALSE
2019-05-30,Ross,1.638802378,-0.5530474811432462,0.5530474811432462,0.5735162937918511,FALSE,FALSE
2019-05-31,Ross,1.655939184,-0.5780602963471739,0.5780602963471739,0.5735162937918511,TRUE,TRUE
2019-06-01,Ross,1.668504407,-0.6079600080140999,0.6079600080140999,0.5735162937918511,TRUE,TRUE
2019-06-02,Ross,1.696623187,-0.6226324250496924,0.6226324250496924,0.5735162937918511,TRUE,TRUE
2019-06-03,Ross,1.755286624,-0.6070767304167464,0.6070767304167464,0.5735162937918511,TRUE,TRUE
2019-06-04,Ross,1.810698216,-0.5950739802923732,0.5950739802923732,0.5735162937918511,TRUE,TRUE
2019-06-05,Ross,1.872007788,-0.5774589036414723,0.5774589036414723,0.5735162937918511,TRUE,TRUE
2019-06-06,Ross,1.914476506,-0.5789548884289453,0.5789548884289453,0.5735162937918511,TRUE,TRUE
2019-06-07,Ross,1.96115196,-0.5764988986196973,0.5764988986196973,0.5735162937918511,TRUE,TRUE
2019-06-08,Ross,2.032220124,-0.5498895141786244,0.5498895141786244,0.5735162937918511,FALSE,FALSE
2019-06-09,Ross,2.089907933,-0.5368843540706303,0.5368843540706303,0.5735162937918511,FALSE,FALSE
2019-06-10,Ross,2.151143036,-0.5205403232606196,0.5205403232606196,0.5735162937918511,FALSE,FALSE
2019-06-11,Ross,2.174095933,-0.5426714757134907,0.5426714757134907,0.5735162937918511,FALSE,FALSE
2019-06-12,Ross,2.211530465,-0.5504985243941443,0.5504985243941443,0.5735162937918511,FALSE,FALSE
2019-06-13,Ross,2.25107274,-0.5563799152674829,0.5563799152674829,0.5735162937918511,FALSE,FALSE
2019-06-14,Ross,2.304221453,-0.5488008837445904,0.5488008837445904,0.5735162937918511,FALSE,FALSE
2019-06-15,Ross,2.359700425,-0.538994050398137,0.538994050398137,0.5735162937918511,FALSE,FALSE
2019-06-16,Ross,2.404934709,-0.5394530930835093,0.5394530930835093,0.5735162937918511,FALSE,FALSE
2019-06-17,Ross,2.449031539,-0.5409867764503171,0.5409867764503171,0.5735162937918511,FALSE,FALSE
2019-06-18,Ross,2.516327853,-0.5191741611481859,0.5191741611481859,0.5735162937918511,FALSE,FALSE
2019-06-19,Ross,2.552682187,-0.5280727098267222,0.5280727098267222,0.5735162937918511,FALSE,FALSE
2019-06-20,Ross,2.569630869,-0.5560620931355462,0.5560620931355462,0.5735162937918511,FALSE,FALSE
2019-06-21,Ross,2.594409231,-0.5758229777242736,0.5758229777242736,0.5735162937918511,TRUE,TRUE
2019-06-22,Ross,2.633340758,-0.5809478772425214,0.5809478772425214,0.5735162937918511,TRUE,TRUE
2019-06-23,Ross,2.683942816,-0.5738354243399035,0.5738354243399035,0.5735162937918511,TRUE,TRUE
2019-06-24,Ross,2.715115373,-0.5855016496660372,0.5855016496660372,0.5735162937918511,TRUE,TRUE
2019-06-25,Ross,2.757183702,-0.5855372788705373,0.5855372788705373,0.5735162937918511,TRUE,TRUE
2019-06-26,Ross,2.821050918,-0.5629551956030192,0.5629551956030192,0.5735162937918511,FALSE,FALSE
2019-06-27,Ross,2.8997586,-0.5246448779748585,0.5246448779748585,0.5735162937918511,FALSE,FALSE
2019-06-28,Ross,2.924264849,-0.5396930714435295,0.5396930714435295,0.5735162937918511,FALSE,FALSE
2019-06-29,Ross,2.968064426,-0.5347018562915964,0.5347018562915964,0.5735162937918511,FALSE,FALSE
2019-06-30,Ross,3.010145383,-0.5307802891335709,0.5307802891335709,0.5735162937918511,FALSE,FALSE
2019-07-01,Ross,3.05033581,-0.5281973885839579,0.5281973885839579,0.5735162937918511,FALSE,FALSE
2019-07-02,Ross,3.111490659,-0.5041953112572664,0.5041953112572664,0.5735162937918511,FALSE,FALSE
2019-07-03,Ross,3.155042491,-0.4974386047680106,0.4974386047680106,0.5735162937918511,FALSE,FALSE
2019-07-04,Ross,3.249174362,-0.43984132173069446,0.43984132173069446,0.5735162937918511,FALSE,FALSE
2019-07-05,Ross,3.343094474,-0.3822923687598285,0.3822923687598285,0.5735162937918511,FALSE,FALSE
2019-07-06,Ross,3.405378082,-0.35631359946992136,0.35631359946992136,0.5735162937918511,FALSE,FALSE
2019-07-07,Ross,3.46236088,-0.33566642847547756,0.33566642847547756,0.5735162937918511,FALSE,FALSE
2019-07-08,Ross,3.524633022,-0.3098578103910157,0.3098578103910157,0.5735162937918511,FALSE,FALSE
2019-07-09,Ross,3.559096816,-0.3120822383616062,0.3120822383616062,0.5735162937918511,FALSE,FALSE
2019-07-10,Ross,3.60056817,-0.3075608041519713,0.3075608041519713,0.5735162937918511,FALSE,FALSE
2019-07-11,Ross,3.665033051,-0.28021366673400827,0.28021366673400827,0.5735162937918511,FALSE,FALSE
2019-07-12,Ross,3.743621647,-0.2387994447252808,0.2387994447252808,0.5735162937918511,FALSE,FALSE
2019-07-13,Ross,3.772541507,-0.2469993957433494,0.2469993957433494,0.5735162937918511,FALSE,FALSE
2019-07-14,Ross,3.779851483,-0.2766434744057742,0.2766434744057742,0.5735162937918511,FALSE,FALSE
2019-07-15,Ross,3.776152869,-0.3170191933301232,0.3170191933301232,0.5735162937918511,FALSE,FALSE
2019-07-16,Ross,3.807961277,-0.3214997471339518,0.3214997471339518,0.5735162937918511,FALSE,FALSE
2019-07-17,Ross,3.8943933,-0.27085734943483253,0.27085734943483253,0.5735162937918511,FALSE,FALSE
2019-07-18,Ross,3.972551427,-0.22787831785031987,0.22787831785031987,0.5735162937918511,FALSE,FALSE
2019-07-19,Ross,4.019441493,-0.21544562399798028,0.21544562399798028,0.5735162937918511,FALSE,FALSE
2019-07-20,Ross,4.038505922,-0.2300056504953778,0.2300056504953778,0.5735162937918511,FALSE,FALSE
2019-07-21,Ross,4.090639777,-0.21055214096006925,0.21055214096006925,0.5735162937918511,FALSE,FALSE
2019-07-22,Ross,4.183093879,-0.14973200482171745,0.14973200482171745,0.5735162937918511,FALSE,FALSE
2019-07-23,Ross,4.195627857,-0.1678065126207864,0.1678065126207864,0.5735162937918511,FALSE,FALSE
2019-07-24,Ross,4.215028502,-0.17809955575068326,0.17809955575068326,0.5735162937918511,FALSE,FALSE
2019-07-25,Ross,4.274824294,-0.1471953732292688,0.1471953732292688,0.5735162937918511,FALSE,FALSE
2019-07-26,Ross,4.315909146,-0.13431277107441364,0.13431277107441364,0.5735162937918511,FALSE,FALSE
2019-07-27,Ross,4.404440603,-0.07340692330398912,0.07340692330398912,0.5735162937918511,FALSE,FALSE
2019-07-28,Ross,4.475097295,-0.0299119189358592,0.0299119189358592,0.5735162937918511,FALSE,FALSE
2019-07-29,Ross,4.479411452,-0.05240824698788771,0.05240824698788771,0.5735162937918511,FALSE,FALSE
2019-07-30,Ross,4.439721599,-0.11867010147794588,0.11867010147794588,0.5735162937918511,FALSE,FALSE
2019-07-31,Ross,4.428184923,-0.15665301442389978,0.15665301442389978,0.5735162937918511,FALSE,FALSE
2019-08-01,Ross,4.481577985,-0.12969314384362107,0.12969314384362107,0.5735162937918511,FALSE,FALSE
2019-08-02,Ross,4.591489896,-0.04631409775497275,0.04631409775497275,0.5735162937918511,FALSE,FALSE
2019-08-03,Ross,4.683955778,0.01940652842205015,0.01940652842205015,0.5735162937918511,FALSE,FALSE
2019-08-04,Ross,4.796344799,0.1047683214082138,0.1047683214082138,0.5735162937918511,FALSE,FALSE
2019-08-05,Ross,4.878979849,0.16018019864665956,0.16018019864665956,0.5735162937918511,FALSE,FALSE
2019-08-06,Ross,4.940402721,0.19430505705710743,0.19430505705710743,0.5735162937918511,FALSE,FALSE
2019-08-07,Ross,4.95734581,0.1839963955592809,0.1839963955592809,0.5735162937918511,FALSE,FALSE
2019-08-08,Ross,4.947498679,0.1470648810729127,0.1470648810729127,0.5735162937918511,FALSE,FALSE
2019-08-09,Ross,4.922747814,0.09551810351772703,0.09551810351772703,0.5735162937918511,FALSE,FALSE
2019-08-10,Ross,4.923063865,0.06944781681344203,0.06944781681344203,0.5735162937918511,FALSE,FALSE
2019-08-11,Ross,4.91778811,0.03831640287979443,0.03831640287979443,0.5735162937918511,FALSE,FALSE
2019-08-12,Ross,4.933781894,0.02910631063650548,0.02910631063650548,0.5735162937918511,FALSE,FALSE
2019-08-13,Ross,4.952288403,0.02318183000330531,0.02318183000330531,0.5735162937918511,FALSE,FALSE
2019-08-14,Ross,4.984734727,0.03209115489991188,0.03209115489991188,0.5735162937918511,FALSE,FALSE
2019-08-15,Ross,5.000395841,0.02523036424605873,0.02523036424605873,0.5735162937918511,FALSE,FALSE
2019-08-16,Ross,5.023330119,0.02677495532626661,0.02677495532626661,0.5735162937918511,FALSE,FALSE
2019-08-17,Ross,5.041869337,0.02505551359771285,0.02505551359771285,0.5735162937918511,FALSE,FALSE
2019-08-18,Ross,5.048724499,0.01264643301114798,0.01264643301114798,0.5735162937918511,FALSE,FALSE
2019-08-19,Ross,5.071429273,0.01693735017831521,0.01693735017831521,0.5735162937918511,FALSE,FALSE
2019-08-20,Ross,5.044945097,-0.02725432828903873,0.02725432828903873,0.5735162937918511,FALSE,FALSE
2019-08-21,Ross,5.050819614,-0.03852499077916604,0.03852499077916604,0.5735162937918511,FALSE,FALSE
2019-08-22,Ross,5.085900901,-0.02017059168032453,0.02017059168032453,0.5735162937918511,FALSE,FALSE
2019-08-23,Ross,5.124971326,0.0024472056192355,0.0024472056192355,0.5735162937918511,FALSE,FALSE
2019-08-24,Ross,5.166486991,0.02764047173126371,0.02764047173126371,0.5735162937918511,FALSE,FALSE
2019-08-25,Ross,5.20101025,0.04582752926749745,0.04582752926749745,0.5735162937918511,FALSE,FALSE
2019-08-26,Ross,5.231576766,0.05990000983969068,0.05990000983969068,0.5735162937918511,FALSE,FALSE
2019-08-27,Ross,5.273289897,0.08481724005958569,0.08481724005958569,0.5735162937918511,FALSE,FALSE
2019-08-28,Ross,5.311300205,0.10558575053893104,0.10558575053893104,0.5735162937918511,FALSE,FALSE
2019-08-29,Ross,5.352068126,0.1285492246852522,0.1285492246852522,0.5735162937918511,FALSE,FALSE
2019-08-30,Ross,5.362265529,0.12042857113407825,0.12042857113407825,0.5735162937918511,FALSE,FALSE
2019-08-31,Ross,5.390226662,0.12966937094252717,0.12966937094252717,0.5735162937918511,FALSE,FALSE
2019-09-01,Ross,5.407889054,0.12832059790166106,0.12832059790166106,0.5735162937918511,FALSE,FALSE
2019-09-02,Ross,5.436522787,0.13776377880253943,0.13776377880253943,0.5735162937918511,FALSE,FALSE
2019-09-03,Ross,5.540367143,0.2223496404362244,0.2223496404362244,0.5735162937918511,FALSE,FALSE
2019-09-04,Ross,5.610768809,0.2735363145937795,0.2735363145937795,0.5735162937918511,FALSE,FALSE
2019-09-05,Ross,5.618784676,0.26249213706626673,0.26249213706626673,0.5735162937918511,FALSE,FALSE
2019-09-06,Ross,5.594634793,0.219548601644747,0.219548601644747,0.5735162937918511,FALSE,FALSE
2019-09-07,Ross,5.598457404,0.20495539712028332,0.20495539712028332,0.5735162937918511,FALSE,FALSE
2019-09-08,Ross,5.580957623,0.16952908228393948,0.16952908228393948,0.5735162937918511,FALSE,FALSE
2019-09-09,Ross,5.617729845,0.1889754969267736,0.1889754969267736,0.5735162937918511,FALSE,FALSE
2019-09-10,Ross,5.648242695,0.20287424823868072,0.20287424823868072,0.5735162937918511,FALSE,FALSE
2019-09-11,Ross,5.652424849,0.1912210789212807,0.1912210789212807,0.5735162937918511,FALSE,FALSE
2019-09-12,Ross,5.616070622,0.13979790085446364,0.13979790085446364,0.5735162937918511,FALSE,FALSE
2019-09-13,Ross,5.610472275,0.1198762044386994,0.1198762044386994,0.5735162937918511,FALSE,FALSE
2019-09-14,Ross,5.640983611,0.1367890220744652,0.1367890220744652,0.5735162937918511,FALSE,FALSE
2019-09-15,Ross,5.656360893,0.1392718461622291,0.1392718461622291,0.5735162937918511,FALSE,FALSE
2019-09-16,Ross,5.660774507,0.13147429210247008,0.13147429210247008,0.5735162937918511,FALSE,FALSE
2019-09-17,Ross,5.642090481,0.10124161729565984,0.10124161729565984,0.5735162937918511,FALSE,FALSE
2019-09-18,Ross,5.618407662,0.06665189814226924,0.06665189814226924,0.5735162937918511,FALSE,FALSE
2019-09-19,Ross,5.610827776,0.04878609004277479,0.04878609004277479,0.5735162937918511,FALSE,FALSE
2019-09-20,Ross,5.653142678,0.08141527739764776,0.08141527739764776,0.5735162937918511,FALSE,FALSE
2019-09-21,Ross,5.679865736,0.099032057607363555,0.099032057607363555,0.5735162937918511,FALSE,FALSE
2019-09-22,Ross,5.690886206,0.10150491607239244,0.10150491607239244,0.5735162937918511,FALSE,FALSE
2019-09-23,Ross,5.665330555,0.06794135893201858,0.06794135893201858,0.5735162937918511,FALSE,FALSE
2019-09-24,Ross,5.616494884,0.01163790161539157,0.01163790161539157,0.5735162937918511,FALSE,FALSE
2019-09-25,Ross,5.594132004,-0.01764047709964966,0.01764047709964966,0.5735162937918511,FALSE,FALSE
2019-09-26,Ross,5.600165707,-0.0179576525228251,0.0179576525228251,0.5735162937918511,FALSE,FALSE
2019-09-27,Ross,5.617617901,-0.00627938396385641,0.00627938396385641,0.5735162937918511,FALSE,FALSE
2019-09-28,Ross,5.62992009,8.381652675391038e-4,8.381652675391038e-4,0.5735162937918511,FALSE,FALSE
2019-09-29,Ross,5.659488904,0.02582395786164504,0.02582395786164504,0.5735162937918511,FALSE,FALSE
2019-09-30,Ross,5.672479351,0.03484533450874139,0.03484533450874139,0.5735162937918511,FALSE,FALSE
2019-10-01,Ross,5.623634724,-0.01734207910088958,0.01734207910088958,0.5735162937918511,FALSE,FALSE
2019-10-02,Ross,5.582934114,-0.06074685927696866,0.06074685927696866,0.5735162937918511,FALSE,FALSE
2019-10-03,Ross,5.59063485,-0.05509934432921248,0.05509934432921248,0.5735162937918511,FALSE,FALSE
2019-10-04,Ross,5.56651453,-0.08060960356734004,0.08060960356734004,0.5735162937918511,FALSE,FALSE
2019-10-05,Ross,5.510450058,-0.13738839318217444,0.13738839318217444,0.5735162937918511,FALSE,FALSE
2019-10-06,Ross,5.46763481,-0.1802213861381672,0.1802213861381672,0.5735162937918511,FALSE,FALSE
2019-10-07,Ross,5.45016313,-0.19696795705288395,0.19696795705288395,0.5735162937918511,FALSE,FALSE
2019-10-08,Ross,5.459828233,-0.18578397540689284,0.18578397540689284,0.5735162937918511,FALSE,FALSE
2019-10-09,Ross,5.420603038,-0.2226456066807474,0.2226456066807474,0.5735162937918511,FALSE,FALSE
2019-10-10,Ross,5.395129971,-0.24485950935501233,0.24485950935501233,0.5735162937918511,FALSE,FALSE
2019-10-11,Ross,5.385026473,-0.2507573269102483,0.2507573269102483,0.5735162937918511,FALSE,FALSE
2019-10-12,Ross,5.352258762,-0.27832192582701243,0.27832192582701243,0.5735162937918511,FALSE,FALSE
2019-10-13,Ross,5.338905661,-0.2854235675858696,0.2854235675858696,0.5735162937918511,FALSE,FALSE
2019-10-14,Ross,5.338444574,-0.2785339326673766,0.2785339326673766,0.5735162937918511,FALSE,FALSE
2019-10-15,Ross,5.31700873,-0.29146887655209586,0.29146887655209586,0.5735162937918511,FALSE,FALSE
2019-10-16,Ross,5.297864405,-0.3009112077205911,0.3009112077205911,0.5735162937918511,FALSE,FALSE
2019-10-17,Ross,5.308719532,-0.27910207765341966,0.27910207765341966,0.5735162937918511,FALSE,FALSE
2019-10-18,Ross,5.343032879,-0.23253563805870311,0.23253563805870311,0.5735162937918511,FALSE,FALSE
2019-10-19,Ross,5.392911697,-0.16913901674164666,0.16913901674164666,0.5735162937918511,FALSE,FALSE
2019-10-20,Ross,5.433301821,-0.11407863364969906,0.11407863364969906,0.5735162937918511,FALSE,FALSE
2019-10-21,Ross,5.449765025,-0.08190808791237192,0.08190808791237192,0.5735162937918511,FALSE,FALSE
2019-10-22,Ross,5.482579968,-0.03246409365917468,0.03246409365917468,0.5735162937918511,FALSE,FALSE
2019-10-23,Ross,5.504948493,0.00733981898038127,0.00733981898038127,0.5735162937918511,FALSE,FALSE
2019-10-24,Ross,5.46770505,-0.01177727312321241,0.01177727312321241,0.5735162937918511,FALSE,FALSE
2019-10-25,Ross,5.445411345,-0.01536903709946635,0.01536903709946635,0.5735162937918511,FALSE,FALSE
2019-10-26,Ross,5.425548854,-0.01606937007789177,0.01606937007789177,0.5735162937918511,FALSE,FALSE
2019-10-27,Ross,5.428232845,0.00612162281200312,0.00612162281200312,0.5735162937918511,FALSE,FALSE
2019-10-28,Ross,5.427191519,0.02481676944070798,0.02481676944070798,0.5735162937918511,FALSE,FALSE
2019-10-29,Ross,5.415604128,0.03307994867871322,0.03307994867871322,0.5735162937918511,FALSE,FALSE
2019-10-30,Ross,5.364349046,0.00167416139650899,0.00167416139650899,0.5735162937918511,FALSE,FALSE
2019-10-31,Ross,5.327274418,-0.01562774384975274,0.01562774384975274,0.5735162937918511,FALSE,FALSE
2019-11-01,Ross,5.317684367,-0.00539967435475929,0.00539967435475929,0.5735162937918511,FALSE,FALSE
2019-11-02,Ross,5.311426654,0.00838869308228407,0.00838869308228407,0.5735162937918511,FALSE,FALSE
2019-11-03,Ross,5.301058339,0.01847699695102633,0.01847699695102633,0.5735162937918511,FALSE,FALSE
2019-11-04,Ross,5.260503624,-0.00102798225888633,0.00102798225888633,0.5735162937918511,FALSE,FALSE
2019-11-05,Ross,5.249770369,0.01006419394219726,0.01006419394219726,0.5735162937918511,FALSE,FALSE
2019-11-06,Ross,5.21349198,-0.00343048995607375,0.00343048995607375,0.5735162937918511,FALSE,FALSE
2019-11-07,Ross,5.140810498,-0.05218741446405151,0.05218741446405151,0.5735162937918511,FALSE,FALSE
2019-11-08,Ross,5.107103798,-0.06064612609208897,0.06064612609208897,0.5735162937918511,FALSE,FALSE
2019-11-09,Ross,5.015306038,-0.12568988835053485,0.12568988835053485,0.5735162937918511,FALSE,FALSE
2019-11-10,Ross,4.95882944,-0.15372390074974351,0.15372390074974351,0.5735162937918511,FALSE,FALSE
2019-11-11,Ross,4.930050409,-0.15218917980006277,0.15218917980006277,0.5735162937918511,FALSE,FALSE
2019-11-12,Ross,4.904319861,-0.14555371193021127,0.14555371193021127,0.5735162937918511,FALSE,FALSE
2019-11-13,Ross,4.812777205,-0.2025789134919949,0.2025789134919949,0.5735162937918511,FALSE,FALSE
2019-11-14,Ross,4.775497139,-0.20321405908485435,0.20321405908485435,0.5735162937918511,FALSE,FALSE
2019-11-15,Ross,4.761641255,-0.17833168692730528,0.17833168692730528,0.5735162937918511,FALSE,FALSE
2019-11-16,Ross,4.73967279,-0.15950269023786223,0.15950269023786223,0.5735162937918511,FALSE,FALSE
2019-11-17,Ross,4.696268896,-0.16008404723504288,0.16008404723504288,0.5735162937918511,FALSE,FALSE
2019-11-18,Ross,4.653478402,-0.15806105913736257,0.15806105913736257,0.5735162937918511,FALSE,FALSE
2019-11-19,Ross,4.596802136,-0.16796702816333386,0.16796702816333386,0.5735162937918511,FALSE,FALSE
2019-11-20,Ross,4.521659893,-0.1944162895314756,0.1944162895314756,0.5735162937918511,FALSE,FALSE
2019-11-21,Ross,4.474081993,-0.19141265346029623,0.19141265346029623,0.5735162937918511,FALSE,FALSE
2019-11-22,Ross,4.405594015,-0.2074646711683199,0.2074646711683199,0.5735162937918511,FALSE,FALSE
2019-11-23,Ross,4.32859619,-0.2302062418740576,0.2302062418740576,0.5735162937918511,FALSE,FALSE
2019-11-24,Ross,4.295269657,-0.2074903567960238,0.2074903567960238,0.5735162937918511,FALSE,FALSE
2019-11-25,Ross,4.267488852,-0.17745164925431034,0.17745164925431034,0.5735162937918511,FALSE,FALSE
2019-11-26,Ross,4.242930285,-0.14221071768889804,0.14221071768889804,0.5735162937918511,FALSE,FALSE
2019-11-27,Ross,4.203206916,-0.11984513111412376,0.11984513111412376,0.5735162937918511,FALSE,FALSE
2019-11-28,Ross,4.143101404,-0.11526195226707348,0.11526195226707348,0.5735162937918511,FALSE,FALSE
2019-11-29,Ross,4.095177662,-0.09558698988482828,0.09558698988482828,0.5735162937918511,FALSE,FALSE
2019-11-30,Ross,4.037957958,-0.08198769770447178,0.08198769770447178,0.5735162937918511,FALSE,FALSE
2019-12-01,Ross,3.944458851,-0.10113723846309108,0.10113723846309108,0.5735162937918511,FALSE,FALSE
2019-12-02,Ross,3.806593363,-0.16081231189776668,0.16081231189776668,0.5735162937918511,FALSE,FALSE
2019-12-03,Ross,3.637922324,-0.24714180974558575,0.24714180974558575,0.5735162937918511,FALSE,FALSE
2019-12-04,Ross,3.538447774,-0.2598134137436303,0.2598134137436303,0.5735162937918511,FALSE,FALSE
2019-12-05,Ross,3.317589803,-0.3890967556289846,0.3890967556289846,0.5735162937918511,FALSE,FALSE
2019-12-06,Ross,3.180092698,-0.42993727013873473,0.42993727013873473,0.5735162937918511,FALSE,FALSE
2019-12-07,Ross,3.093232586,-0.4147494543332324,0.4147494543332324,0.5735162937918511,FALSE,FALSE
2019-12-08,Ross,2.957248287,-0.44326522229010257,0.44326522229010257,0.5735162937918511,FALSE,FALSE
2019-12-09,Ross,2.813575188,-0.4746954435982098,0.4746954435982098,0.5735162937918511,FALSE,FALSE
2019-12-10,Ross,2.590047666,-0.581951787581461,0.581951787581461,0.5735162937918511,TRUE,TRUE
2019-12-11,Ross,2.381485578,-0.6709604435637737,0.6709604435637737,0.5735162937918511,TRUE,TRUE
2019-12-12,Ross,2.224090942,-0.706265439869052,0.706265439869052,0.5735162937918511,TRUE,TRUE
2019-12-13,Ross,2.091117836,-0.7153587448212106,0.7153587448212106,0.5735162937918511,TRUE,TRUE
2019-12-14,Ross,1.99997152,-0.6815811447441593,0.6815811447441593,0.5735162937918511,TRUE,TRUE
2019-12-15,Ross,1.875632709,-0.6806979709618055,0.6806979709618055,0.5735162937918511,TRUE,TRUE
2019-12-16,Ross,1.745735021,-0.6858216517980658,0.6858216517980658,0.5735162937918511,TRUE,TRUE
2019-12-17,Ross,1.628265558,-0.6797111315768449,0.6797111315768449,0.5735162937918511,TRUE,TRUE
2019-12-18,Ross,1.504886302,-0.6814504746220567,0.6814504746220567,0.5735162937918511,TRUE,TRUE
2019-12-19,Ross,1.362194899,-0.7051880812576115,0.7051880812576115,0.5735162937918511,TRUE,TRUE
2019-12-20,Ross,1.236570646,-0.715271526643356,0.715271526643356,0.5735162937918511,TRUE,TRUE
2019-12-21,Ross,1.159566389,-0.6805716564463253,0.6805716564463253,0.5735162937918511,TRUE,TRUE
2019-12-22,Ross,1.057477887,-0.6749743982980461,0.6749743982980461,0.5735162937918511,TRUE,TRUE
2019-12-23,Ross,0.993754768,-0.6352050668944641,0.6352050668944641,0.5735162937918511,TRUE,TRUE
2019-12-24,Ross,0.941812826,-0.5880228109315251,0.5880228109315251,0.5735162937918511,TRUE,TRUE
2019-12-25,Ross,0.895052747,-0.5402018871051744,0.5402018871051744,0.5735162937918511,FALSE,FALSE
2019-12-26,Ross,0.859558993,-0.4858327761113601,0.4858327761113601,0.5735162937918511,FALSE,FALSE
2019-12-27,Ross,0.785279159,-0.4751428256460274,0.4751428256460274,0.5735162937918511,FALSE,FALSE
2019-12-28,Ross,0.745273979,-0.4352462444051175,0.4352462444051175,0.5735162937918511,FALSE,FALSE
2019-12-29,Ross,0.718896334,-0.386965094084584,0.386965094084584,0.5735162937918511,FALSE,FALSE
2019-12-30,Ross,0.695786823,-0.34083371838036836,0.34083371838036836,0.5735162937918511,FALSE,FALSE
2019-12-31,Ross,0.678739426,-0.2942330799884165,0.2942330799884165,0.5735162937918511,FALSE,FALSE
2020-01-01,Ross,0.661686624,-0.2534056406046751,0.2534056406046751,0.5735162937918511,FALSE,FALSE
2020-01-02,Ross,0.6360578,-0.22699231618517213,0.22699231618517213,0.5735162937918511,FALSE,FALSE
2020-01-03,Ross,0.62432434,-0.19217344472627096,0.19217344472627096,0.5735162937918511,FALSE,FALSE
2020-01-04,Ross,0.599785664,-0.17519668648441933,0.17519668648441933,0.5735162937918511,FALSE,FALSE
2020-01-05,Ross,0.571620313,-0.16643058071605477,0.16643058071605477,0.5735162937918511,FALSE,FALSE
2020-01-06,Ross,0.564810787,-0.14043970767762903,0.14043970767762903,0.5735162937918511,FALSE,FALSE
2020-01-07,Ross,0.558012991,-0.1181152426255856,0.1181152426255856,0.5735162937918511,FALSE,FALSE
2020-01-08,Ross,0.551765375,-0.09846581581636772,0.09846581581636772,0.5735162937918511,FALSE,FALSE
2020-01-09,Ross,0.541218634,-0.08588781250642097,0.08588781250642097,0.5735162937918511,FALSE,FALSE
2020-01-10,Ross,0.517418391,-0.08888268995219217,0.08888268995219217,0.5735162937918511,FALSE,FALSE
2020-01-11,Ross,0.516960912,-0.07040126241012512,0.07040126241012512,0.5735162937918511,FALSE,FALSE
2020-01-12,Ross,0.52128326,-0.04855354713666426,0.04855354713666426,0.5735162937918511,FALSE,FALSE
2020-01-13,Ross,0.525603083,-0.02766897638825549,0.02766897638825549,0.5735162937918511,FALSE,FALSE
2020-01-14,Ross,0.521192226,-0.0160285522749779,0.0160285522749779,0.5735162937918511,FALSE,FALSE
2020-01-15,Ross,0.509601778,-0.01184097551513996,0.01184097551513996,0.5735162937918511,FALSE,FALSE
2020-01-16,Ross,0.502890363,-0.00306666660583365,0.00306666660583365,0.5735162937918511,FALSE,FALSE
2020-01-17,Ross,0.496161255,0.0053622078031254,0.0053622078031254,0.5735162937918511,FALSE,FALSE
2020-01-18,Ross,0.476217166,2.129190619222232e-4,2.129190619222232e-4,0.5735162937918511,FALSE,FALSE
2020-01-19,Ross,0.46121513,-3.929394792594465e-4,3.929394792594465e-4,0.5735162937918511,FALSE,FALSE
2020-01-20,Ross,0.470244626,0.02259867052976588,0.02259867052976588,0.5735162937918511,FALSE,FALSE
2020-01-21,Ross,0.470848875,0.0366955294391823,0.0366955294391823,0.5735162937918511,FALSE,FALSE
2020-01-22,Ross,0.470207345,0.04904166459917469,0.04904166459917469,0.5735162937918511,FALSE,FALSE
2020-01-23,Ross,0.466436929,0.05771852835992619,0.05771852835992619,0.5735162937918511,FALSE,FALSE
2020-01-24,Ross,0.459654589,0.06280764207162204,0.06280764207162204,0.5735162937918511,FALSE,FALSE
2020-01-25,Ross,0.454741594,0.06915483408444734,0.06915483408444734,0.5735162937918511,FALSE,FALSE
2020-01-26,Ross,0.454112963,0.07913968274858652,0.07913968274858652,0.5735162937918511,FALSE,FALSE
2020-01-27,Ross,0.451114709,0.08607994538559205,0.08607994538559205,0.5735162937918511,FALSE,FALSE
2020-01-28,Ross,0.451230706,0.0954798786854834,0.0954798786854834,0.5735162937918511,FALSE,FALSE
2020-01-29,Ross,0.457144539,0.11006361856954631,0.11006361856954631,0.5735162937918511,FALSE,FALSE
2020-01-30,Ross,0.460956244,0.12197181692733657,0.12197181692733657,0.5735162937918511,FALSE,FALSE
2020-01-31,Ross,0.456015308,0.12459457664841322,0.12459457664841322,0.5735162937918511,FALSE,FALSE
2020-02-01,Ross,0.457857922,0.13350870462233405,0.13350870462233405,0.5735162937918511,FALSE,FALSE
2020-02-02,Ross,0.474485318,0.15675604873865584,0.15675604873865584,0.5735162937918511,FALSE,FALSE
2020-02-03,Ross,0.464968715,0.15344844388693796,0.15344844388693796,0.5735162937918511,FALSE,FALSE
2020-02-04,Ross,0.453112908,0.14743130095673823,0.14743130095673823,0.5735162937918511,FALSE,FALSE
2020-02-05,Ross,0.447599256,0.1474265948376141,0.1474265948376141,0.5735162937918511,FALSE,FALSE
2020-02-06,Ross,0.434490712,0.1395378944191235,0.1395378944191235,0.5735162937918511,FALSE,FALSE
2020-02-07,Ross,0.394150626,0.10416916559082552,0.10416916559082552,0.5735162937918511,FALSE,FALSE
2020-02-08,Ross,0.368135796,0.08291767206893846,0.08291767206893846,0.5735162937918511,FALSE,FALSE
2020-02-09,Ross,0.364561505,0.08391933618657882,0.08391933618657882,0.5735162937918511,FALSE,FALSE
2020-02-10,Ross,0.359701605,0.08342921936262426,0.08342921936262426,0.5735162937918511,FALSE,FALSE
2020-02-11,Ross,0.368014549,0.09588232207515146,0.09588232207515146,0.5735162937918511,FALSE,FALSE
2020-02-12,Ross,0.355873974,0.08762882880223744,0.08762882880223744,0.5735162937918511,FALSE,FALSE
2020-02-13,Ross,0.341852146,0.07721755302195682,0.07721755302195682,0.5735162937918511,FALSE,FALSE
2020-02-14,Ross,0.34058851,0.0792644872123886,0.0792644872123886,0.5735162937918511,FALSE,FALSE
2020-02-15,Ross,0.341122139,0.08278525185160857,0.08278525185160857,0.5735162937918511,FALSE,FALSE
2020-02-16,Ross,0.338582954,0.08288631541769031,0.08288631541769031,0.5735162937918511,FALSE,FALSE
2020-02-17,Ross,0.347392461,0.09396573138871406,0.09396573138871406,0.5735162937918511,FALSE,FALSE
2020-02-18,Ross,0.354751077,0.10320046424275364,0.10320046424275364,0.5735162937918511,FALSE,FALSE
2020-02-19,Ross,0.362115555,0.11202381445788616,0.11202381445788616,0.5735162937918511,FALSE,FALSE
2020-02-20,Ross,0.374544607,0.12547104151218802,0.12547104151218802,0.5735162937918511,FALSE,FALSE
2020-02-21,Ross,0.375893307,0.1273754957185577,0.1273754957185577,0.5735162937918511,FALSE,FALSE
2020-02-22,Ross,0.377393157,0.12896791514910583,0.12896791514910583,0.5735162937918511,FALSE,FALSE
2020-02-23,Ross,0.379823765,0.1310410872224265,0.1310410872224265,0.5735162937918511,FALSE,FALSE
2020-02-24,Ross,0.371012596,0.12143590841058988,0.12143590841058988,0.5735162937918511,FALSE,FALSE
2020-02-25,Ross,0.363544892,0.11275105218566928,0.11275105218566928,0.5735162937918511,FALSE,FALSE
2020-02-26,Ross,0.374171601,0.12175089801973588,0.12175089801973588,0.5735162937918511,FALSE,FALSE
2020-02-27,Ross,0.359431235,0.10498738938486368,0.10498738938486368,0.5735162937918511,FALSE,FALSE
2020-02-28,Ross,0.344520128,0.08767029175312435,0.08767029175312435,0.5735162937918511,FALSE,FALSE
2020-03-01,Ross,0.336790313,0.07403367738733307,0.07403367738733307,0.5735162937918511,FALSE,FALSE
2020-03-02,Ross,0.331104199,0.06487361759742527,0.06487361759742527,0.5735162937918511,FALSE,FALSE
2020-03-03,Ross,0.35259851,0.08256486069894009,0.08256486069894009,0.5735162937918511,FALSE,FALSE
2020-03-04,Ross,0.356969928,0.0828175189616337,0.0828175189616337,0.5735162937918511,FALSE,FALSE
2020-03-05,Ross,0.386196996,0.10761909318948332,0.10761909318948332,0.5735162937918511,FALSE,FALSE
2020-03-06,Ross,0.40290095,0.11958521653677472,0.11958521653677472,0.5735162937918511,FALSE,FALSE
2020-03-07,Ross,0.402900728,0.11452626600919769,0.11452626600919769,0.5735162937918511,FALSE,FALSE
2020-03-08,Ross,0.393169825,0.0994071756124464,0.0994071756124464,0.5735162937918511,FALSE,FALSE
2020-03-09,Ross,0.398263461,0.09877460435221302,0.09877460435221302,0.5735162937918511,FALSE,FALSE
2020-03-10,Ross,0.402646811,0.09708516623419,0.09708516623419,0.5735162937918511,FALSE,FALSE
2020-03-11,Ross,0.409510939,0.09752136426406904,0.09752136426406904,0.5735162937918511,FALSE,FALSE
2020-03-12,Ross,0.408273603,0.08949239544754373,0.08949239544754373,0.5735162937918511,FALSE,FALSE
2020-03-13,Ross,0.427992687,0.10204758279030872,0.10204758279030872,0.5735162937918511,FALSE,FALSE
2020-03-14,Ross,0.440352709,0.10686288329805171,0.10686288329805171,0.5735162937918511,FALSE,FALSE
2020-03-15,Ross,0.445259642,0.10383570897646964,0.10383570897646964,0.5735162937918511,FALSE,FALSE
2020-03-16,Ross,0.435559918,0.0858039308312516,0.0858039308312516,0.5735162937918511,FALSE,FALSE
2020-03-17,Ross,0.426747131,0.06825274234278172,0.06825274234278172,0.5735162937918511,FALSE,FALSE
2020-03-18,Ross,0.425911475,0.05826794482335995,0.05826794482335995,0.5735162937918511,FALSE,FALSE
2020-03-19,Ross,0.431335222,0.05413160981105353,0.05413160981105353,0.5735162937918511,FALSE,FALSE
2020-03-20,Ross,0.446180226,0.05900558822077423,0.05900558822077423,0.5735162937918511,FALSE,FALSE
2020-03-21,Ross,0.45236404,0.05480742996743643,0.05480742996743643,0.5735162937918511,FALSE,FALSE
2020-03-22,Ross,0.455584745,0.04723521296595201,0.04723521296595201,0.5735162937918511,FALSE,FALSE
2020-03-23,Ross,0.464647158,0.04509375113123182,0.04509375113123182,0.5735162937918511,FALSE,FALSE
2020-03-24,Ross,0.480599328,0.0494310903781931,0.0494310903781931,0.5735162937918511,FALSE,FALSE
2020-03-25,Ross,0.478648445,0.03545441762174428,0.03545441762174428,0.5735162937918511,FALSE,FALSE
2020-03-26,Ross,0.470047711,0.0144169317768017,0.0144169317768017,0.5735162937918511,FALSE,FALSE
2020-03-27,Ross,0.441532371,-0.02694612524172618,0.02694612524172618,0.5735162937918511,FALSE,FALSE
2020-03-28,Ross,0.435203618,-0.04653356351892246,0.04653356351892246,0.5735162937918511,FALSE,FALSE
2020-03-29,Ross,0.447294928,-0.04811191013987653,0.04811191013987653,0.5735162937918511,FALSE,FALSE
2020-03-30,Ross,0.475131318,-0.03435743519165907,0.03435743519165907,0.5735162937918511,FALSE,FALSE
2020-03-31,Ross,0.495612506,-0.02837872615885434,0.02837872615885434,0.5735162937918511,FALSE,FALSE
2020-04-01,Ross,0.505705524,-0.03321944247875785,0.03321944247875785,0.5735162937918511,FALSE,FALSE
2020-04-02,Ross,0.521186187,-0.03311446256112638,0.03311446256112638,0.5735162937918511,FALSE,FALSE
2020-04-03,Ross,0.559948543,-0.01018043181572203,0.01018043181572203,0.5735162937918511,FALSE,FALSE
2020-04-04,Ross,0.584377816,-0.00204281965230257,0.00204281965230257,0.5735162937918511,FALSE,FALSE
2020-04-05,Ross,0.602032709,-0.00115361648062506,0.00115361648062506,0.5735162937918511,FALSE,FALSE
2020-04-06,Ross,0.606856325,-0.01358041271045285,0.01358041271045285,0.5735162937918511,FALSE,FALSE
2020-04-07,Ross,0.606821181,-0.03136138475154204,0.03136138475154204,0.5735162937918511,FALSE,FALSE
2020-04-08,Ross,0.616244206,-0.04019029701365217,0.04019029701365217,0.5735162937918511,FALSE,FALSE
2020-04-09,Ross,0.618118456,-0.0570847869065445,0.0570847869065445,0.5735162937918511,FALSE,FALSE
2020-04-10,Ross,0.633944049,-0.06055542983997664,0.06055542983997664,0.5735162937918511,FALSE,FALSE
2020-04-11,Ross,0.642441313,-0.07189229137534092,0.07189229137534092,0.5735162937918511,FALSE,FALSE
2020-04-12,Ross,0.645257416,-0.08943722681104316,0.08943722681104316,0.5735162937918511,FALSE,FALSE
2020-04-13,Ross,0.641440568,-0.1140958207586199,0.1140958207586199,0.5735162937918511,FALSE,FALSE
2020-04-14,Ross,0.647043201,-0.12976614531255892,0.12976614531255892,0.5735162937918511,FALSE,FALSE
2020-04-15,Ross,0.652080519,-0.14638350056734897,0.14638350056734897,0.5735162937918511,FALSE,FALSE
2020-04-16,Ross,0.662895418,-0.15755549461747598,0.15755549461747598,0.5735162937918511,FALSE,FALSE
2020-04-17,Ross,0.673265655,-0.16945487455742847,0.16945487455742847,0.5735162937918511,FALSE,FALSE
2020-04-18,Ross,0.6978244,-0.16739897448169316,0.16739897448169316,0.5735162937918511,FALSE,FALSE
2020-04-19,Ross,0.720331734,-0.16757821748475987,0.16757821748475987,0.5735162937918511,FALSE,FALSE
2020-04-20,Ross,0.72828929,-0.18244147466111216,0.18244147466111216,0.5735162937918511,FALSE,FALSE
2020-04-21,Ross,0.720475351,-0.21316096710523855,0.21316096710523855,0.5735162937918511,FALSE,FALSE
2020-04-22,Ross,0.732297166,-0.2242799499116288,0.2242799499116288,0.5735162937918511,FALSE,FALSE
2020-04-23,Ross,0.748040561,-0.2314631011747675,0.2314631011747675,0.5735162937918511,FALSE,FALSE
2020-04-24,Ross,0.768715212,-0.2336613454958183,0.2336613454958183,0.5735162937918511,FALSE,FALSE
2020-04-25,Ross,0.775277432,-0.249974861669235,0.249974861669235,0.5735162937918511,FALSE,FALSE
2020-04-26,Ross,0.771764651,-0.27647570152369827,0.27647570152369827,0.5735162937918511,FALSE,FALSE
2020-04-27,Ross,0.773796955,-0.2976538190793737,0.2976538190793737,0.5735162937918511,FALSE,FALSE
2020-04-28,Ross,0.789644898,-0.30534870035643225,0.30534870035643225,0.5735162937918511,FALSE,FALSE
2020-04-29,Ross,0.835730881,-0.28324798437504495,0.28324798437504495,0.5735162937918511,FALSE,FALSE
2020-04-30,Ross,0.863737221,-0.27977939415538344,0.27977939415538344,0.5735162937918511,FALSE,FALSE
2020-05-01,Ross,0.894034073,-0.2746828147176146,0.2746828147176146,0.5735162937918511,FALSE,FALSE
2020-05-02,Ross,0.895349449,-0.2993402740819089,0.2993402740819089,0.5735162937918511,FALSE,FALSE
2020-05-03,Ross,0.892677874,-0.32886728726843784,0.32886728726843784,0.5735162937918511,FALSE,FALSE
2020-05-04,Ross,0.912158355,-0.3372348872973704,0.3372348872973704,0.5735162937918511,FALSE,FALSE
2020-05-05,Ross,0.960053714,-0.31829029218887583,0.31829029218887583,0.5735162937918511,FALSE,FALSE
2020-05-06,Ross,0.993079259,-0.3154281450913464,0.3154281450913464,0.5735162937918511,FALSE,FALSE
2020-05-07,Ross,1.000214801,-0.3397290387470522,0.3397290387470522,0.5735162937918511,FALSE,FALSE
2020-05-08,Ross,1.021805023,-0.35077682483982153,0.35077682483982153,0.5735162937918511,FALSE,FALSE
2020-05-09,Ross,1.065104706,-0.3412235598415052,0.3412235598415052,0.5735162937918511,FALSE,FALSE
2020-05-10,Ross,1.112203654,-0.32888627722395136,0.32888627722395136,0.5735162937918511,FALSE,FALSE
2020-05-11,Ross,1.170148783,-0.30662489845900764,0.30662489845900764,0.5735162937918511,FALSE,FALSE
2020-05-12,Ross,1.236711865,-0.2765744890185271,0.2765744890185271,0.5735162937918511,FALSE,FALSE
2020-05-13,Ross,1.276488695,-0.27404609137435565,0.27404609137435565,0.5735162937918511,FALSE,FALSE
2020-05-14,Ross,1.297995711,-0.29043010499834376,0.29043010499834376,0.5735162937918511,FALSE,FALSE
2020-05-15,Ross,1.321237226,-0.3056290543623421,0.3056290543623421,0.5735162937918511,FALSE,FALSE
2020-05-16,Ross,1.373010305,-0.29275271193819696,0.29275271193819696,0.5735162937918511,FALSE,FALSE
2020-05-17,Ross,1.43796312,-0.26705974319776127,0.26705974319776127,0.5735162937918511,FALSE,FALSE
2020-05-18,Ross,1.464143271,-0.2804093856128833,0.2804093856128833,0.5735162937918511,FALSE,FALSE
2020-05-19,Ross,1.487792974,-0.2964693052059624,0.2964693052059624,0.5735162937918511,FALSE,FALSE
2020-05-20,Ross,1.578421195,-0.2456959728706376,0.2456959728706376,0.5735162937918511,FALSE,FALSE
2020-05-21,Ross,1.654674478,-0.20945681889090495,0.20945681889090495,0.5735162937918511,FALSE,FALSE
2020-05-22,Ross,1.752851872,-0.1514684015775063,0.1514684015775063,0.5735162937918511,FALSE,FALSE
2020-05-23,Ross,1.814139266,-0.13056043924118188,0.13056043924118188,0.5735162937918511,FALSE,FALSE
2020-05-24,Ross,1.862809215,-0.1224759841926708,0.1224759841926708,0.5735162937918511,FALSE,FALSE
2020-05-25,Ross,1.881408538,-0.1446838247427129,0.1446838247427129,0.5735162937918511,FALSE,FALSE
2020-05-26,Ross,1.87945803,-0.18767877320205084,0.18767877320205084,0.5735162937918511,FALSE,FALSE
2020-05-27,Ross,1.982680093,-0.12575403488142545,0.12575403488142545,0.5735162937918511,FALSE,FALSE
2020-05-28,Ross,2.049223611,-0.10077633309157764,0.10077633309157764,0.5735162937918511,FALSE,FALSE
2020-05-29,Ross,2.116874559,-0.07497530014324605,0.07497530014324605,0.5735162937918511,FALSE,FALSE
2020-05-30,Ross,2.199166421,-0.03483305934717373,0.03483305934717373,0.5735162937918511,FALSE,FALSE
2020-05-31,Ross,2.302945765,0.02648134998590023,0.02648134998590023,0.5735162937918511,FALSE,FALSE
2020-06-01,Ross,2.347966785,0.02871117295030778,0.02871117295030778,0.5735162937918511,FALSE,FALSE
2020-06-02,Ross,2.391006304,0.02864294958325342,0.02864294958325342,0.5735162937918511,FALSE,FALSE
2020-06-03,Ross,2.411022507,0.00525031070762693,0.00525031070762693,0.5735162937918511,FALSE,FALSE
2020-06-04,Ross,2.421210934,-0.02825575764147236,0.02825575764147236,0.5735162937918511,FALSE,FALSE
2020-06-05,Ross,2.507831324,0.01439992957105484,0.01439992957105484,0.5735162937918511,FALSE,FALSE
2020-06-06,Ross,2.597616988,0.05996612938030266,0.05996612938030266,0.5735162937918511,FALSE,FALSE
2020-06-07,Ross,2.613172646,0.03106300782137561,0.03106300782137561,0.5735162937918511,FALSE,FALSE
2020-06-08,Ross,2.625235265,-0.00155702207063024,0.00155702207063024,0.5735162937918511,FALSE,FALSE
2020-06-09,Ross,2.68658063,0.01489727073938018,0.01489727073938018,0.5735162937918511,FALSE,FALSE
2020-06-10,Ross,2.747132268,0.03036485928650956,0.03036485928650956,0.5735162937918511,FALSE,FALSE
2020-06-11,Ross,2.814565549,0.05253655960585579,0.05253655960585579,0.5735162937918511,FALSE,FALSE
2020-06-12,Ross,2.854858458,0.04740580273251682,0.04740580273251682,0.5735162937918511,FALSE,FALSE
2020-06-13,Ross,2.881238283,0.0282159462554099,0.0282159462554099,0.5735162937918511,FALSE,FALSE
2020-06-14,Ross,2.935383739,0.03668926360186297,0.03668926360186297,0.5735162937918511,FALSE,FALSE
2020-06-15,Ross,2.943354395,-0.00103340708350918,0.00103340708350918,0.5735162937918511,FALSE,FALSE
2020-06-16,Ross,2.935011867,-0.05500644845031699,0.05500644845031699,0.5735162937918511,FALSE,FALSE
2020-06-17,Ross,2.982779147,-0.05272286714818586,0.05272286714818586,0.5735162937918511,FALSE,FALSE
2020-06-18,Ross,3.119519456,0.03876455917327792,0.03876455917327792,0.5735162937918511,FALSE,FALSE
2020-06-19,Ross,3.197409269,0.07171630686445374,0.07171630686445374,0.5735162937918511,FALSE,FALSE
2020-06-20,Ross,3.269684073,0.09945186427572628,0.09945186427572628,0.5735162937918511,FALSE,FALSE
2020-06-21,Ross,3.31972073,0.10543209475747828,0.10543209475747828,0.5735162937918511,FALSE,FALSE
2020-06-22,Ross,3.354971757,0.09719351666009636,0.09719351666009636,0.5735162937918511,FALSE,FALSE
2020-06-23,Ross,3.40055717,0.0999401473339625,0.0999401473339625,0.5735162937918511,FALSE,FALSE
2020-06-24,Ross,3.429542309,0.08682132812946275,0.08682132812946275,0.5735162937918511,FALSE,FALSE
2020-06-25,Ross,3.48090327,0.09689715639698092,0.09689715639698092,0.5735162937918511,FALSE,FALSE
2020-06-26,Ross,3.515499945,0.09109646702514151,0.09109646702514151,0.5735162937918511,FALSE,FALSE
2020-06-27,Ross,3.585186602,0.12122868155647026,0.12122868155647026,0.5735162937918511,FALSE,FALSE
2020-06-28,Ross,3.62276848,0.12000219770840335,0.12000219770840335,0.5735162937918511,FALSE,FALSE
2020-06-29,Ross,3.660824242,0.11989856986642922,0.11989856986642922,0.5735162937918511,FALSE,FALSE
2020-06-30,Ross,3.664631388,0.08609818941604219,0.08609818941604219,0.5735162937918511,FALSE,FALSE
2020-07-01,Ross,3.692441643,0.07675567274273343,0.07675567274273343,0.5735162937918511,FALSE,FALSE
2020-07-02,Ross,3.75335771,0.10087661423198924,0.10087661423198924,0.5735162937918511,FALSE,FALSE
2020-07-03,Ross,3.792358876,0.10334319226930556,0.10334319226930556,0.5735162937918511,FALSE,FALSE
2020-07-04,Ross,3.802258204,0.07687136124017169,0.07687136124017169,0.5735162937918511,FALSE,FALSE
2020-07-05,Ross,3.812390287,0.05069860553007865,0.05069860553007865,0.5735162937918511,FALSE,FALSE
2020-07-06,Ross,3.835365414,0.03733810552452255,0.03733810552452255,0.5735162937918511,FALSE,FALSE
2020-07-07,Ross,3.884876923,0.05038609060898436,0.05038609060898436,0.5735162937918511,FALSE,FALSE
2020-07-08,Ross,3.952627921,0.0814488666383939,0.0814488666383939,0.5735162937918511,FALSE,FALSE
2020-07-09,Ross,4.028677684,0.12054870984802868,0.12054870984802868,0.5735162937918511,FALSE,FALSE
2020-07-10,Ross,4.081875486,0.13662876826599213,0.13662876826599213,0.5735162937918511,FALSE,FALSE
2020-07-11,Ross,4.02380468,0.04138358827471888,0.04138358827471888,0.5735162937918511,FALSE,FALSE
2020-07-12,Ross,4.062453643,0.04291274025665004,0.04291274025665004,0.5735162937918511,FALSE,FALSE
2020-07-13,Ross,4.119521631,0.06302667359422554,0.06302667359422554,0.5735162937918511,FALSE,FALSE
2020-07-14,Ross,4.176892055,0.0837199926698764,0.0837199926698764,0.5735162937918511,FALSE,FALSE
2020-07-15,Ross,4.200724131,0.07126310686604853,0.07126310686604853,0.5735162937918511,FALSE,FALSE
2020-07-16,Ross,4.214525814,0.04927516456516745,0.04927516456516745,0.5735162937918511,FALSE,FALSE
2020-07-17,Ross,4.212297904,0.01186815914967986,0.01186815914967986,0.5735162937918511,FALSE,FALSE
2020-07-18,Ross,4.227580506,-0.00730661099798091,0.00730661099798091,0.5735162937918511,FALSE,FALSE
2020-07-19,Ross,4.285583537,0.01707196450462245,0.01707196450462245,0.5735162937918511,FALSE,FALSE
2020-07-20,Ross,4.381988742,0.08079682403993083,0.08079682403993083,0.5735162937918511,FALSE,FALSE
2020-07-21,Ross,4.43580753,0.1029816461782822,0.1029816461782822,0.5735162937918511,FALSE,FALSE
2020-07-22,Ross,4.457693002,0.09425863237921384,0.09425863237921384,0.5735162937918511,FALSE,FALSE
2020-07-23,Ross,4.448673834,0.05554577624931678,0.05554577624931678,0.5735162937918511,FALSE,FALSE
2020-07-24,Ross,4.434974496,0.01295482877073084,0.01295482877073084,0.5735162937918511,FALSE,FALSE
2020-07-25,Ross,4.475817387,0.02559546992558647,0.02559546992558647,0.5735162937918511,FALSE,FALSE
2020-07-26,Ross,4.479829521,0.00198199469601068,0.00198199469601068,0.5735162937918511,FALSE,FALSE
2020-07-27,Ross,4.540454202,0.03544498806414076,0.03544498806414076,0.5735162937918511,FALSE,FALSE
2020-07-28,Ross,4.601457814,0.06963811501211215,0.06963811501211215,0.5735162937918511,FALSE,FALSE
2020-07-29,Ross,4.625742748,0.06735104752205423,0.06735104752205423,0.5735162937918511,FALSE,FALSE
2020-07-30,Ross,4.657778359,0.07294042157610026,0.07294042157610026,0.5735162937918511,FALSE,FALSE
2020-07-31,Ross,4.687017555,0.07574642615637828,0.07574642615637828,0.5735162937918511,FALSE,FALSE
2020-08-01,Ross,4.74102478,0.10322078624502762,0.10322078624502762,0.5735162937918511,FALSE,FALSE
2020-08-02,Ross,4.817205212,0.1526559624220507,0.1526559624220507,0.5735162937918511,FALSE,FALSE
2020-08-03,Ross,4.895886483,0.20431000540821387,0.20431000540821387,0.5735162937918511,FALSE,FALSE
2020-08-04,Ross,4.916326286,0.1975266356466596,0.1975266356466596,0.5735162937918511,FALSE,FALSE
2020-08-05,Ross,4.979367061,0.23326939705710711,0.23326939705710711,0.5735162937918511,FALSE,FALSE
2020-08-06,Ross,5.04049717,0.2671477555592814,0.2671477555592814,0.5735162937918511,FALSE,FALSE
2020-08-07,Ross,5.075995852,0.2755620540729131,0.2755620540729131,0.5735162937918511,FALSE,FALSE
2020-08-08,Ross,5.149713611,0.32248390051772713,0.32248390051772713,0.5735162937918511,FALSE,FALSE
2020-08-09,Ross,5.163242096,0.3096260478134427,0.3096260478134427,0.5735162937918511,FALSE,FALSE
2020-08-10,Ross,5.181889668,0.30241796087979456,0.30241796087979456,0.5735162937918511,FALSE,FALSE
2020-08-11,Ross,5.235759599,0.33108401563650514,0.33108401563650514,0.5735162937918511,FALSE,FALSE
2020-08-12,Ross,5.303143199,0.37403662600330545,0.37403662600330545,0.5735162937918511,FALSE,FALSE
2020-08-13,Ross,5.328749605,0.3761060328999113,0.3761060328999113,0.5735162937918511,FALSE,FALSE
2020-08-14,Ross,5.347869342,0.3727038652460593,0.3727038652460593,0.5735162937918511,FALSE,FALSE
2020-08-15,Ross,5.342076319,0.34552115532626715,0.34552115532626715,0.5735162937918511,FALSE,FALSE
2020-08-16,Ross,5.367611061,0.3507972375977131,0.3507972375977131,0.5735162937918511,FALSE,FALSE
2020-08-17,Ross,5.382126787,0.34604872101114736,0.34604872101114736,0.5735162937918511,FALSE,FALSE
2020-08-18,Ross,5.350288399,0.2957964761783156,0.2957964761783156,0.5735162937918511,FALSE,FALSE
2020-08-19,Ross,5.329956636,0.25775721071096136,0.25775721071096136,0.5735162937918511,FALSE,FALSE
2020-08-20,Ross,5.315390507,0.2260459022208341,0.2260459022208341,0.5735162937918511,FALSE,FALSE
2020-08-21,Ross,5.318614999,0.2125435063196761,0.2125435063196761,0.5735162937918511,FALSE,FALSE
2020-08-22,Ross,5.348674449,0.22615032861923545,0.22615032861923545,0.5735162937918511,FALSE,FALSE
2020-08-23,Ross,5.389529612,0.2506830927312631,0.2506830927312631,0.5735162937918511,FALSE,FALSE
2020-08-24,Ross,5.460884683,0.3057019622674968,0.3057019622674968,0.5735162937918511,FALSE,FALSE
2020-08-25,Ross,5.526446928,0.3547701718396912,0.3547701718396912,0.5735162937918511,FALSE,FALSE
2020-08-26,Ross,5.559150358,0.3706777010595861,0.3706777010595861,0.5735162937918511,FALSE,FALSE
2020-08-27,Ross,5.637955768,0.43224131353893114,0.43224131353893114,0.5735162937918511,FALSE,FALSE
2020-08-28,Ross,5.585852733,0.3623338316852527,0.3623338316852527,0.5735162937918511,FALSE,FALSE
2020-08-29,Ross,5.59389746,0.35206050213407813,0.35206050213407813,0.5735162937918511,FALSE,FALSE
2020-08-30,Ross,5.518035432,0.25747814094252686,0.25747814094252686,0.5735162937918511,FALSE,FALSE
2020-08-31,Ross,5.486025296,0.2064568399016613,0.2064568399016613,0.5735162937918511,FALSE,FALSE
2020-09-01,Ross,5.440739321,0.14198031280253876,0.14198031280253876,0.5735162937918511,FALSE,FALSE
2020-09-02,Ross,5.379153841,0.06113633843622423,0.06113633843622423,0.5735162937918511,FALSE,FALSE
2020-09-03,Ross,5.393995977,0.05676348259378017,0.05676348259378017,0.5735162937918511,FALSE,FALSE
2020-09-04,Ross,5.367234448,0.01094190906626657,0.01094190906626657,0.5735162937918511,FALSE,FALSE
2020-09-05,Ross,5.364233602,-0.01085258935525335,0.01085258935525335,0.5735162937918511,FALSE,FALSE
2020-09-06,Ross,5.409044309,0.0155423021202834,0.0155423021202834,0.5735162937918511,FALSE,FALSE
2020-09-07,Ross,5.430037547,0.01860900628394013,0.01860900628394013,0.5735162937918511,FALSE,FALSE
2020-09-08,Ross,5.426053534,-0.00270081407322653,0.00270081407322653,0.5735162937918511,FALSE,FALSE
2020-09-09,Ross,5.441549877,-0.00381856976131977,0.00381856976131977,0.5735162937918511,FALSE,FALSE
2020-09-10,Ross,5.527671775,0.06646800492128069,0.06646800492128069,0.5735162937918511,FALSE,FALSE
2020-09-11,Ross,5.590711597,0.11443887585446431,0.11443887585446431,0.5735162937918511,FALSE,FALSE
2020-09-12,Ross,5.624006006,0.13340993543869928,0.13340993543869928,0.5735162937918511,FALSE,FALSE
2020-09-13,Ross,5.633672367,0.12947777807446492,0.12947777807446492,0.5735162937918511,FALSE,FALSE
2020-09-14,Ross,5.635564456,0.11847540916222954,0.11847540916222954,0.5735162937918511,FALSE,FALSE
2020-09-15,Ross,5.675774443,0.1464742281024698,0.1464742281024698,0.5735162937918511,FALSE,FALSE
2020-09-16,Ross,5.711811059,0.17096219529565992,0.17096219529565992,0.5735162937918511,FALSE,FALSE
2020-09-17,Ross,5.720044853,0.16828908914226923,0.16828908914226923,0.5735162937918511,FALSE,FALSE
2020-09-18,Ross,5.746153935,0.18411224904277468,0.18411224904277468,0.5735162937918511,FALSE,FALSE
2020-09-19,Ross,5.831902959,0.2601755583976475,0.2601755583976475,0.5735162937918511,FALSE,FALSE
2020-09-20,Ross,5.888364207,0.30753052860736396,0.30753052860736396,0.5735162937918511,FALSE,FALSE
2020-09-21,Ross,5.909477218,0.3200959280723925,0.3200959280723925,0.5735162937918511,FALSE,FALSE
2020-09-22,Ross,5.937498185,0.3401089889320188,0.3401089889320188,0.5735162937918511,FALSE,FALSE
2020-09-23,Ross,5.963952099,0.35909511661539195,0.35909511661539195,0.5735162937918511,FALSE,FALSE
2020-09-24,Ross,5.987356461,0.37558397990035,0.37558397990035,0.5735162937918511,FALSE,FALSE
2020-09-25,Ross,5.993141759,0.37501839947717475,0.37501839947717475,0.5735162937918511,FALSE,FALSE
2020-09-26,Ross,6.008283715,0.3843864300361437,0.3843864300361437,0.5735162937918511,FALSE,FALSE
2020-09-27,Ross,6.013182627,0.38410070226753934,0.38410070226753934,0.5735162937918511,FALSE,FALSE
2020-09-28,Ross,6.000911389,0.3672464428616449,0.3672464428616449,0.5735162937918511,FALSE,FALSE
2020-09-29,Ross,6.000066499,0.3624324825087415,0.3624324825087415,0.5735162937918511,FALSE,FALSE
2020-09-30,Ross,5.982021215,0.3410444118991096,0.3410444118991096,0.5735162937918511,FALSE,FALSE
2020-10-01,Ross,5.891518573,0.24783759972303088,0.24783759972303088,0.5735162937918511,FALSE,FALSE
2020-10-02,Ross,5.895348981,0.2496147866707874,0.2496147866707874,0.5735162937918511,FALSE,FALSE
2020-10-03,Ross,5.890564371,0.24344023743265983,0.24344023743265983,0.5735162937918511,FALSE,FALSE
2020-10-04,Ross,5.862962931,0.2151244798178258,0.2151244798178258,0.5735162937918511,FALSE,FALSE
2020-10-05,Ross,5.869183252,0.221327055861833,0.221327055861833,0.5735162937918511,FALSE,FALSE
2020-10-06,Ross,5.899234398,0.252103310947116,0.252103310947116,0.5735162937918511,FALSE,FALSE
2020-10-07,Ross,5.914736231,0.2691240225931075,0.2691240225931075,0.5735162937918511,FALSE,FALSE
2020-10-08,Ross,5.91566385,0.2724152053192519,0.2724152053192519,0.5735162937918511,FALSE,FALSE
2020-10-09,Ross,5.889405884,0.24941640364498777,0.24941640364498777,0.5735162937918511,FALSE,FALSE
2020-10-10,Ross,5.806030545,0.17024674508975135,0.17024674508975135,0.5735162937918511,FALSE,FALSE
2020-10-11,Ross,5.756653775,0.12607308717298782,0.12607308717298782,0.5735162937918511,FALSE,FALSE
2020-10-12,Ross,5.72335093,0.09902170141412991,0.09902170141412991,0.5735162937918511,FALSE,FALSE
2020-10-13,Ross,5.717631533,0.10065302633262264,0.10065302633262264,0.5735162937918511,FALSE,FALSE
2020-10-14,Ross,5.699266134,0.09078852744790387,0.09078852744790387,0.5735162937918511,FALSE,FALSE
2020-10-15,Ross,5.683240269,0.08446465627940825,0.08446465627940825,0.5735162937918511,FALSE,FALSE
2020-10-16,Ross,5.690435339,0.1026137293465812,0.1026137293465812,0.5735162937918511,FALSE,FALSE
2020-10-17,Ross,5.683900554,0.108332036941297,0.108332036941297,0.5735162937918511,FALSE,FALSE
2020-10-18,Ross,5.6596166,0.09756588625835327,0.09756588625835327,0.5735162937918511,FALSE,FALSE
2020-10-19,Ross,5.656818019,0.1094375643503014,0.1094375643503014,0.5735162937918511,FALSE,FALSE
2020-10-20,Ross,5.616610657,0.08493754408762832,0.08493754408762832,0.5735162937918511,FALSE,FALSE
2020-10-21,Ross,5.57893127,0.06388720834082573,0.06388720834082573,0.5735162937918511,FALSE,FALSE
2020-10-22,Ross,5.577871379,0.0802627049803819,0.0802627049803819,0.5735162937918511,FALSE,FALSE
2020-10-23,Ross,5.59943811,0.11995578687678776,0.11995578687678776,0.5735162937918511,FALSE,FALSE
2020-10-24,Ross,5.595409632,0.1346292499005335,0.1346292499005335,0.5735162937918511,FALSE,FALSE
2020-10-25,Ross,5.594093437,0.1524752129221083,0.1524752129221083,0.5735162937918511,FALSE,FALSE
2020-10-26,Ross,5.610581377,0.1884701548120029,0.1884701548120029,0.5735162937918511,FALSE,FALSE
2020-10-27,Ross,5.578567936,0.1761931864407078,0.1761931864407078,0.5735162937918511,FALSE,FALSE
2020-10-28,Ross,5.552890465,0.17036628567871315,0.17036628567871315,0.5735162937918511,FALSE,FALSE
2020-10-29,Ross,5.523951212,0.161276327396509,0.161276327396509,0.5735162937918511,FALSE,FALSE
2020-10-30,Ross,5.501708801,0.15880663915024762,0.15880663915024762,0.5735162937918511,FALSE,FALSE
2020-10-31,Ross,5.493748799,0.17066475764524025,0.17066475764524025,0.5735162937918511,FALSE,FALSE
2020-11-01,Ross,5.48256491,0.17952694908228395,0.17952694908228395,0.5735162937918511,FALSE,FALSE
2020-11-02,Ross,5.460990657,0.1784093149510264,0.1784093149510264,0.5735162937918511,FALSE,FALSE
2020-11-03,Ross,5.46733545,0.20580384374111385,0.20580384374111385,0.5735162937918511,FALSE,FALSE
2020-11-04,Ross,5.464303528,0.2245973529421974,0.2245973529421974,0.5735162937918511,FALSE,FALSE
2020-11-05,Ross,5.461018824,0.2440963540439265,0.2440963540439265,0.5735162937918511,FALSE,FALSE
2020-11-06,Ross,5.464553769,0.27155585653594905,0.27155585653594905,0.5735162937918511,FALSE,FALSE
2020-11-07,Ross,5.43959188,0.27184195590791127,0.27184195590791127,0.5735162937918511,FALSE,FALSE
2020-11-08,Ross,5.442488222,0.30149229564946456,0.30149229564946456,0.5735162937918511,FALSE,FALSE
2020-11-09,Ross,5.437626926,0.32507358525025687,0.32507358525025687,0.5735162937918511,FALSE,FALSE
2020-11-10,Ross,5.394788101,0.3125485121999372,0.3125485121999372,0.5735162937918511,FALSE,FALSE
2020-11-11,Ross,5.363637406,0.31376383306978806,0.31376383306978806,0.5735162937918511,FALSE,FALSE
2020-11-12,Ross,5.347237934,0.3318818155080052,0.3318818155080052,0.5735162937918511,FALSE,FALSE
2020-11-13,Ross,5.339935114,0.36122391591514624,0.36122391591514624,0.5735162937918511,FALSE,FALSE
2020-11-14,Ross,5.316321762,0.3763488200726952,0.3763488200726952,0.5735162937918511,FALSE,FALSE
2020-11-15,Ross,5.299893297,0.4007178167621373,0.4007178167621373,0.5735162937918511,FALSE,FALSE
2020-11-16,Ross,5.244265747,0.3879128037649569,0.3879128037649569,0.5735162937918511,FALSE,FALSE
2020-11-17,Ross,5.207573117,0.3960336558626372,0.3960336558626372,0.5735162937918511,FALSE,FALSE
2020-11-18,Ross,5.168784845,0.4040156808366664,0.4040156808366664,0.5735162937918511,FALSE,FALSE
2020-11-19,Ross,5.096089659,0.380013476468525,0.380013476468525,0.5735162937918511,FALSE,FALSE
2020-11-20,Ross,5.016837012,0.3513423655397032,0.3513423655397032,0.5735162937918511,FALSE,FALSE
2020-11-21,Ross,4.959994051,0.34693536483167975,0.34693536483167975,0.5735162937918511,FALSE,FALSE
2020-11-22,Ross,4.875890884,0.31708845212594294,0.31708845212594294,0.5735162937918511,FALSE,FALSE
2020-11-23,Ross,4.785601836,0.28284182220397547,0.28284182220397547,0.5735162937918511,FALSE,FALSE
2020-11-24,Ross,4.708332013,0.26339151174568975,0.26339151174568975,0.5735162937918511,FALSE,FALSE
2020-11-25,Ross,4.6057321,0.22059109731110205,0.22059109731110205,0.5735162937918511,FALSE,FALSE
2020-11-26,Ross,4.552758128,0.22970608088587596,0.22970608088587596,0.5735162937918511,FALSE,FALSE
2020-11-27,Ross,4.475228636,0.216865279732926,0.216865279732926,0.5735162937918511,FALSE,FALSE
2020-11-28,Ross,4.411904248,0.22113959611517145,0.22113959611517145,0.5735162937918511,FALSE,FALSE
2020-11-29,Ross,4.371795026,0.25184937029552845,0.25184937029552845,0.5735162937918511,FALSE,FALSE
2020-11-30,Ross,4.321415686,0.275819596536909,0.275819596536909,0.5735162937918511,FALSE,FALSE
2020-12-01,Ross,4.241608992,0.2742033171022329,0.2742033171022329,0.5735162937918511,FALSE,FALSE
2020-12-02,Ross,4.209814061,0.32474992725441476,0.32474992725441476,0.5735162937918511,FALSE,FALSE
2020-12-03,Ross,4.159212571,0.3609513832563698,0.3609513832563698,0.5735162937918511,FALSE,FALSE
2020-12-04,Ross,4.098748879,0.3920623203710156,0.3920623203710156,0.5735162937918511,FALSE,FALSE
2020-12-05,Ross,4.028931062,0.41890109386126495,0.41890109386126495,0.5735162937918511,FALSE,FALSE
2020-12-06,Ross,3.838581074,0.33059903366676746,0.33059903366676746,0.5735162937918511,FALSE,FALSE
2020-12-07,Ross,3.656328213,0.25581470370989745,0.25581470370989745,0.5735162937918511,FALSE,FALSE
2020-12-08,Ross,3.526987025,0.23871639340178996,0.23871639340178996,0.5735162937918511,FALSE,FALSE
2020-12-09,Ross,3.417384095,0.2453846414185392,0.2453846414185392,0.5735162937918511,FALSE,FALSE
2020-12-10,Ross,3.291800927,0.2393549054362265,0.2393549054362265,0.5735162937918511,FALSE,FALSE
2020-12-11,Ross,3.144953826,0.21459744413094797,0.21459744413094797,0.5735162937918511,FALSE,FALSE
2020-12-12,Ross,3.0005111,0.19403451917878956,0.19403451917878956,0.5735162937918511,FALSE,FALSE
2020-12-13,Ross,2.881499758,0.1999470932558407,0.1999470932558407,0.5735162937918511,FALSE,FALSE
2020-12-14,Ross,2.714205285,0.15787460503819428,0.15787460503819428,0.5735162937918511,FALSE,FALSE
2020-12-15,Ross,2.550006829,0.11845015620193422,0.11845015620193422,0.5735162937918511,FALSE,FALSE
2020-12-16,Ross,2.424540069,0.11656337942315488,0.11656337942315488,0.5735162937918511,FALSE,FALSE
2020-12-17,Ross,2.310740736,0.12440395937794337,0.12440395937794337,0.5735162937918511,FALSE,FALSE
2020-12-18,Ross,2.162214779,0.09483179874238878,0.09483179874238878,0.5735162937918511,FALSE,FALSE
2020-12-19,Ross,1.987489822,0.03564764935664377,0.03564764935664377,0.5735162937918511,FALSE,FALSE
2020-12-20,Ross,1.837760963,-0.00237708244632539,0.00237708244632539,0.5735162937918511,FALSE,FALSE
2020-12-21,Ross,1.74457991,0.01212762470195394,0.01212762470195394,0.5735162937918511,FALSE,FALSE
2020-12-22,Ross,1.637710169,0.00875033410553594,0.00875033410553594,0.5735162937918511,FALSE,FALSE
2020-12-23,Ross,1.523698109,-0.00613752793152522,0.00613752793152522,0.5735162937918511,FALSE,FALSE
2020-12-24,Ross,1.418926165,-0.01632846910517438,0.01632846910517438,0.5735162937918511,FALSE,FALSE
2020-12-25,Ross,1.339532253,-0.00585951611136015,0.00585951611136015,0.5735162937918511,FALSE,FALSE
2020-12-26,Ross,1.22185549,-0.03856649464602735,0.03856649464602735,0.5735162937918511,FALSE,FALSE
2020-12-27,Ross,1.167717203,-0.01280302040511749,0.01280302040511749,0.5735162937918511,FALSE,FALSE
2020-12-28,Ross,1.151133028,0.04527159991541607,0.04527159991541607,0.5735162937918511,FALSE,FALSE
2020-12-29,Ross,1.139723432,0.10310289061963164,0.10310289061963164,0.5735162937918511,FALSE,FALSE
2020-12-30,Ross,1.135656298,0.16268379201158345,0.16268379201158345,0.5735162937918511,FALSE,FALSE
2020-12-31,Ross,1.111975118,0.1968828533953244,0.1968828533953244,0.5735162937918511,FALSE,FALSE
2021-01-01,Ross,1.092486316,0.17739405139532494,0.17739405139532494,0.5735162937918511,FALSE,FALSE
2021-01-02,Ross,1.075455303,0.2124051868148279,0.2124051868148279,0.5735162937918511,FALSE,FALSE
2021-01-03,Ross,1.07242984,0.2559320552737291,0.2559320552737291,0.5735162937918511,FALSE,FALSE
2021-01-04,Ross,1.057316708,0.2823343575155808,0.2823343575155808,0.5735162937918511,FALSE,FALSE
2021-01-05,Ross,1.043293642,0.30524274828394526,0.30524274828394526,0.5735162937918511,FALSE,FALSE
2021-01-06,Ross,1.029117155,0.323866660322371,0.323866660322371,0.5735162937918511,FALSE,FALSE
2021-01-07,Ross,0.97891471,0.30278647637441436,0.30278647637441436,0.5735162937918511,FALSE,FALSE
2021-01-08,Ross,0.937799881,0.2875686901836323,0.2875686901836323,0.5735162937918511,FALSE,FALSE
2021-01-09,Ross,0.901256085,0.274149638493579,0.274149638493579,0.5735162937918511,FALSE,FALSE
2021-01-10,Ross,0.884228702,0.2779276210478079,0.2779276210478079,0.5735162937918511,FALSE,FALSE
2021-01-11,Ross,0.858244563,0.2708823885898748,0.2708823885898748,0.5735162937918511,FALSE,FALSE
2021-01-12,Ross,0.834795386,0.26495857886333574,0.26495857886333574,0.5735162937918511,FALSE,FALSE
2021-01-13,Ross,0.839115413,0.2858433536117445,0.2858433536117445,0.5735162937918511,FALSE,FALSE
2021-01-14,Ross,0.841407167,0.304186388725022,0.304186388725022,0.5735162937918511,FALSE,FALSE
2021-01-15,Ross,0.817923847,0.29648109348486007,0.29648109348486007,0.5735162937918511,FALSE,FALSE
2021-01-16,Ross,0.781471354,0.27551432439416634,0.27551432439416634,0.5735162937918511,FALSE,FALSE
2021-01-17,Ross,0.732949806,0.24215075880312545,0.24215075880312545,0.5735162937918511,FALSE,FALSE
2021-01-18,Ross,0.707113724,0.23110947706192225,0.23110947706192225,0.5735162937918511,FALSE,FALSE
2021-01-19,Ross,0.668446997,0.20683892752074057,0.20683892752074057,0.5735162937918511,FALSE,FALSE
2021-01-20,Ross,0.651883875,0.2042379195297659,0.2042379195297659,0.5735162937918511,FALSE,FALSE
2021-01-21,Ross,0.631958433,0.1978050874391823,0.1978050874391823,0.5735162937918511,FALSE,FALSE
2021-01-22,Ross,0.602094476,0.18092879559917469,0.18092879559917469,0.5735162937918511,FALSE,FALSE
2021-01-23,Ross,0.582508744,0.17379034335992616,0.17379034335992616,0.5735162937918511,FALSE,FALSE
2021-01-24,Ross,0.553833663,0.15698671607162207,0.15698671607162207,0.5735162937918511,FALSE,FALSE
2021-01-25,Ross,0.525495165,0.13990840508444735,0.13990840508444735,0.5735162937918511,FALSE,FALSE
2021-01-26,Ross,0.519823322,0.14485004174858657,0.14485004174858657,0.5735162937918511,FALSE,FALSE
2021-01-27,Ross,0.513764465,0.148729701385592,0.148729701385592,0.5735162937918511,FALSE,FALSE
2021-01-28,Ross,0.499630078,0.1438792506854834,0.1438792506854834,0.5735162937918511,FALSE,FALSE
2021-01-29,Ross,0.495968477,0.14888755656954633,0.14888755656954633,0.5735162937918511,FALSE,FALSE
2021-01-30,Ross,0.490031327,0.15104689992733655,0.15104689992733655,0.5735162937918511,FALSE,FALSE
2021-01-31,Ross,0.496972501,0.16555176964841323,0.16555176964841323,0.5735162937918511,FALSE,FALSE
2021-02-01,Ross,0.510581067,0.18623184962233413,0.18623184962233413,0.5735162937918511,FALSE,FALSE
2021-02-02,Ross,0.5011892,0.18345993073865585,0.18345993073865585,0.5735162937918511,FALSE,FALSE
2021-02-03,Ross,0.492424838,0.18090456688693796,0.18090456688693796,0.5735162937918511,FALSE,FALSE
2021-02-04,Ross,0.479480522,0.17379891495673827,0.17379891495673827,0.5735162937918511,FALSE,FALSE
2021-02-05,Ross,0.472224567,0.1720519058376141,0.1720519058376141,0.5735162937918511,FALSE,FALSE
2021-02-06,Ross,0.463677752,0.1687249344191235,0.1687249344191235,0.5735162937918511,FALSE,FALSE
2021-02-07,Ross,0.464279418,0.1742979575908255,0.1742979575908255,0.5735162937918511,FALSE,FALSE
2021-02-08,Ross,0.460081086,0.17486296206893842,0.17486296206893842,0.5735162937918511,FALSE,FALSE
2021-02-09,Ross,0.440547995,0.15990582618657884,0.15990582618657884,0.5735162937918511,FALSE,FALSE
2021-02-10,Ross,0.44554394,0.1692715543626243,0.1692715543626243,0.5735162937918511,FALSE,FALSE
2021-02-11,Ross,0.451752796,0.17962056907515145,0.17962056907515145,0.5735162937918511,FALSE,FALSE
2021-02-12,Ross,0.451702083,0.18345693780223743,0.18345693780223743,0.5735162937918511,FALSE,FALSE
2021-02-13,Ross,0.457723521,0.1930889280219568,0.1930889280219568,0.5735162937918511,FALSE,FALSE
2021-02-14,Ross,0.451983323,0.19065930021238855,0.19065930021238855,0.5735162937918511,FALSE,FALSE
2021-02-15,Ross,0.457508716,0.19917182885160856,0.19917182885160856,0.5735162937918511,FALSE,FALSE
2021-02-16,Ross,0.458797796,0.2031011574176903,0.2031011574176903,0.5735162937918511,FALSE,FALSE
2021-02-17,Ross,0.448572929,0.19514619938871408,0.19514619938871408,0.5735162937918511,FALSE,FALSE
2021-02-18,Ross,0.446138278,0.1945876652427536,0.1945876652427536,0.5735162937918511,FALSE,FALSE
2021-02-19,Ross,0.470080793,0.2199890524578862,0.2199890524578862,0.5735162937918511,FALSE,FALSE
2021-02-20,Ross,0.453434424,0.20436085851218805,0.20436085851218805,0.5735162937918511,FALSE,FALSE
2021-02-21,Ross,0.408180459,0.15966264771855768,0.15966264771855768,0.5735162937918511,FALSE,FALSE
2021-02-22,Ross,0.40310236,0.15467711814910584,0.15467711814910584,0.5735162937918511,FALSE,FALSE
2021-02-23,Ross,0.413490659,0.1647079812224265,0.1647079812224265,0.5735162937918511,FALSE,FALSE
2021-02-24,Ross,0.412234312,0.1626576244105899,0.1626576244105899,0.5735162937918511,FALSE,FALSE
2021-02-25,Ross,0.420282469,0.16948862918566926,0.16948862918566926,0.5735162937918511,FALSE,FALSE
2021-02-26,Ross,0.41349537200000003,0.16107466901973588,0.16107466901973588,0.5735162937918511,FALSE,FALSE
2021-02-27,Ross,0.416549728,0.16210588238486368,0.16210588238486368,0.5735162937918511,FALSE,FALSE
2021-02-28,Ross,0.411478179,0.15462834275312437,0.15462834275312437,0.5735162937918511,FALSE,FALSE
2021-03-01,Ross,0.428092493,0.16846724959658976,0.16846724959658976,0.5735162937918511,FALSE,FALSE
2021-03-02,Ross,0.418071279,0.15531464338733308,0.15531464338733308,0.5735162937918511,FALSE,FALSE
2021-03-03,Ross,0.415980988,0.14975040659742528,0.14975040659742528,0.5735162937918511,FALSE,FALSE
2021-03-04,Ross,0.424456011,0.15442236169894014,0.15442236169894014,0.5735162937918511,FALSE,FALSE
2021-03-05,Ross,0.435409554,0.16125714496163368,0.16125714496163368,0.5735162937918511,FALSE,FALSE
2021-03-06,Ross,0.437303462,0.15872555918948328,0.15872555918948328,0.5735162937918511,FALSE,FALSE
2021-03-07,Ross,0.444091546,0.16077581253677475,0.16077581253677475,0.5735162937918511,FALSE,FALSE
2021-03-08,Ross,0.465079993,0.17670553100919772,0.17670553100919772,0.5735162937918511,FALSE,FALSE
2021-03-09,Ross,0.47140416,0.17764151061244643,0.17764151061244643,0.5735162937918511,FALSE,FALSE
2021-03-10,Ross,0.466591363,0.16710250635221302,0.16710250635221302,0.5735162937918511,FALSE,FALSE
2021-03-11,Ross,0.472190845,0.16662920023419003,0.16662920023419003,0.5735162937918511,FALSE,FALSE
2021-03-12,Ross,0.468569439,0.156579864264069,0.156579864264069,0.5735162937918511,FALSE,FALSE
2021-03-13,Ross,0.460846997,0.14206578944754372,0.14206578944754372,0.5735162937918511,FALSE,FALSE
2021-03-14,Ross,0.469325284,0.14338017979030876,0.14338017979030876,0.5735162937918511,FALSE,FALSE
2021-03-15,Ross,0.471559675,0.13806984929805172,0.13806984929805172,0.5735162937918511,FALSE,FALSE
2021-03-16,Ross,0.475930691,0.13450675797646966,0.13450675797646966,0.5735162937918511,FALSE,FALSE
2021-03-17,Ross,0.4919756,0.14221961283125162,0.14221961283125162,0.5735162937918511,FALSE,FALSE
2021-03-18,Ross,0.506174165,0.14767977634278173,0.14767977634278173,0.5735162937918511,FALSE,FALSE
2021-03-19,Ross,0.483242386,0.11559885582336,0.11559885582336,0.5735162937918511,FALSE,FALSE
2021-03-20,Ross,0.466352567,0.0891489548110535,0.0891489548110535,0.5735162937918511,FALSE,FALSE
2021-03-21,Ross,0.454308522,0.06713388422077421,0.06713388422077421,0.5735162937918511,FALSE,FALSE
2021-03-22,Ross,0.465644506,0.06808789596743642,0.06808789596743642,0.5735162937918511,FALSE,FALSE
2021-03-23,Ross,0.465977237,0.05762770496595199,0.05762770496595199,0.5735162937918511,FALSE,FALSE
2021-03-24,Ross,0.493410699,0.07385729213123182,0.07385729213123182,0.5735162937918511,FALSE,FALSE
2021-03-25,Ross,0.522203243,0.09103500537819308,0.09103500537819308,0.5735162937918511,FALSE,FALSE
2021-03-26,Ross,0.525195795,0.08200176762174433,0.08200176762174433,0.5735162937918511,FALSE,FALSE
2021-03-27,Ross,0.533769989,0.07813920977680167,0.07813920977680167,0.5735162937918511,FALSE,FALSE
2021-03-28,Ross,0.544991091,0.07651259475827382,0.07651259475827382,0.5735162937918511,FALSE,FALSE
2021-03-29,Ross,0.547710723,0.06597354148107754,0.06597354148107754,0.5735162937918511,FALSE,FALSE
2021-03-30,Ross,0.564402396,0.06899555786012346,0.06899555786012346,0.5735162937918511,FALSE,FALSE
2021-03-31,Ross,0.590421846,0.08093309280834093,0.08093309280834093,0.5735162937918511,FALSE,FALSE
2021-04-01,Ross,0.607796356,0.08380512384114569,0.08380512384114569,0.5735162937918511,FALSE,FALSE
2021-04-02,Ross,0.61974676,0.08082179352124208,0.08082179352124208,0.5735162937918511,FALSE,FALSE
2021-04-03,Ross,0.63800072,0.08370007043887362,0.08370007043887362,0.5735162937918511,FALSE,FALSE
2021-04-04,Ross,0.642822437,0.07269346218427797,0.07269346218427797,0.5735162937918511,FALSE,FALSE
2021-04-05,Ross,0.659453761,0.07303312534769735,0.07303312534769735,0.5735162937918511,FALSE,FALSE
2021-04-06,Ross,0.688964531,0.08577820551937487,0.08577820551937487,0.5735162937918511,FALSE,FALSE
2021-04-07,Ross,0.704350445,0.08391370728954717,0.08391370728954717,0.5735162937918511,FALSE,FALSE
2021-04-08,Ross,0.729253283,0.09107071724845794,0.09107071724845794,0.5735162937918511,FALSE,FALSE
2021-04-09,Ross,0.719737714,0.06330321098634784,0.06330321098634784,0.5735162937918511,FALSE,FALSE
2021-04-10,Ross,0.720357723,0.04515448009345546,0.04515448009345546,0.5735162937918511,FALSE,FALSE
2021-04-11,Ross,0.725518976,0.03101949716002339,0.03101949716002339,0.5735162937918511,FALSE,FALSE
2021-04-12,Ross,0.752562466,0.0382288616246591,0.0382288616246591,0.5735162937918511,FALSE,FALSE
2021-04-13,Ross,0.78294549,0.04825084718895689,0.04825084718895689,0.5735162937918511,FALSE,FALSE
2021-04-14,Ross,0.81933634,0.06379995124138005,0.06379995124138005,0.5735162937918511,FALSE,FALSE
2021-04-15,Ross,0.84354509,0.06673574368744106,0.06673574368744106,0.5735162937918511,FALSE,FALSE
2021-04-16,Ross,0.842968102,0.04450408243265114,0.04450408243265114,0.5735162937918511,FALSE,FALSE
2021-04-17,Ross,0.867776086,0.04732517338252406,0.04732517338252406,0.5735162937918511,FALSE,FALSE
2021-04-18,Ross,0.915192497,0.07247196744257156,0.07247196744257156,0.5735162937918511,FALSE,FALSE
2021-04-19,Ross,0.949329706,0.08410633151830682,0.08410633151830682,0.5735162937918511,FALSE,FALSE
2021-04-20,Ross,0.971974145,0.0840641935152402,0.0840641935152402,0.5735162937918511,FALSE,FALSE
2021-04-21,Ross,0.990330297,0.07959953233888784,0.07959953233888784,0.5735162937918511,FALSE,FALSE
2021-04-22,Ross,1.020386404,0.0867500858947613,0.0867500858947613,0.5735162937918511,FALSE,FALSE
2021-04-23,Ross,1.027852766,0.07127565008837122,0.07127565008837122,0.5735162937918511,FALSE,FALSE
2021-04-24,Ross,1.056335715,0.07683205282523231,0.07683205282523231,0.5735162937918511,FALSE,FALSE
2021-04-25,Ross,1.050367139,0.04799058150418167,0.04799058150418167,0.5735162937918511,FALSE,FALSE
2021-04-26,Ross,1.05340535,0.02815305633076503,0.02815305633076503,0.5735162937918511,FALSE,FALSE
2021-04-27,Ross,1.083463573,0.03522322047630166,0.03522322047630166,0.5735162937918511,FALSE,FALSE
2021-04-28,Ross,1.141018865,0.06956809092062621,0.06956809092062621,0.5735162937918511,FALSE,FALSE
2021-04-29,Ross,1.182451193,0.08745759464356762,0.08745759464356762,0.5735162937918511,FALSE,FALSE
2021-04-30,Ross,1.203748311,0.08476944562495503,0.08476944562495503,0.5735162937918511,FALSE,FALSE
2021-05-01,Ross,1.235079252,0.09156263684461652,0.09156263684461652,0.5735162937918511,FALSE,FALSE
2021-05-02,Ross,1.2638967,0.09517981228238548,0.09517981228238548,0.5735162937918511,FALSE,FALSE
2021-05-03,Ross,1.298614246,0.10392452291809118,0.10392452291809118,0.5735162937918511,FALSE,FALSE
2021-05-04,Ross,1.325277028,0.1037318667315621,0.1037318667315621,0.5735162937918511,FALSE,FALSE
2021-05-05,Ross,1.348760942,0.0993676997026296,0.0993676997026296,0.5735162937918511,FALSE,FALSE
2021-05-06,Ross,1.397500626,0.11915661981112424,0.11915661981112424,0.5735162937918511,FALSE,FALSE
2021-05-07,Ross,1.439743991,0.1312365869086536,0.1312365869086536,0.5735162937918511,FALSE,FALSE
2021-05-08,Ross,1.457040077,0.11709623725294782,0.11709623725294782,0.5735162937918511,FALSE,FALSE
2021-05-09,Ross,1.480187255,0.1076054071601784,0.1076054071601784,0.5735162937918511,FALSE,FALSE
2021-05-10,Ross,1.50785859,0.10153032415849483,0.10153032415849483,0.5735162937918511,FALSE,FALSE
2021-05-11,Ross,1.517870058,0.07678012677604862,0.07678012677604862,0.5735162937918511,FALSE,FALSE
2021-05-12,Ross,1.528443399,0.05166971754099236,0.05166971754099236,0.5735162937918511,FALSE,FALSE
2021-05-13,Ross,1.59096604,0.07767968598147301,0.07767968598147301,0.5735162937918511,FALSE,FALSE
2021-05-14,Ross,1.654197141,0.10366235462564433,0.10366235462564433,0.5735162937918511,FALSE,FALSE
2021-05-15,Ross,1.729802478,0.14137666200165633,0.14137666200165633,0.5735162937918511,FALSE,FALSE
2021-05-16,Ross,1.812465836,0.18559955563765795,0.18559955563765795,0.5735162937918511,FALSE,FALSE
2021-05-17,Ross,1.875820049,0.21005703206180315,0.21005703206180315,0.5735162937918511,FALSE,FALSE
2021-05-18,Ross,1.901734214,0.19671135080223867,0.19671135080223867,0.5735162937918511,FALSE,FALSE
2021-05-19,Ross,1.903625727,0.15907307038711682,0.15907307038711682,0.5735162937918511,FALSE,FALSE
2021-05-20,Ross,1.940853543,0.15659126379403765,0.15659126379403765,0.5735162937918511,FALSE,FALSE
2021-05-21,Ross,1.956388044,0.1322708761293625,0.1322708761293625,0.5735162937918511,FALSE,FALSE
2021-05-22,Ross,1.957009874,0.09287857710909496,0.09287857710909496,0.5735162937918511,FALSE,FALSE
2021-05-23,Ross,1.991802268,0.08748199442249383,0.08748199442249383,0.5735162937918511,FALSE,FALSE
2021-05-24,Ross,2.013977195,0.06927748975881798,0.06927748975881798,0.5735162937918511,FALSE,FALSE
2021-05-25,Ross,2.057459963,0.07217476380732912,0.07217476380732912,0.5735162937918511,FALSE,FALSE
2021-05-26,Ross,2.139019974,0.112927611257287,0.112927611257287,0.5735162937918511,FALSE,FALSE
2021-05-27,Ross,2.183020233,0.1158834297979494,0.1158834297979494,0.5735162937918511,FALSE,FALSE
2021-05-28,Ross,2.231596433,0.12316230511857462,0.12316230511857462,0.5735162937918511,FALSE,FALSE
2021-05-29,Ross,2.260802463,0.11080251890842252,0.11080251890842252,0.5735162937918511,FALSE,FALSE
2021-05-30,Ross,2.273259575,0.08140971585675372,0.08140971585675372,0.5735162937918511,FALSE,FALSE
2021-05-31,Ross,2.290404365,0.05640488465282622,0.05640488465282622,0.5735162937918511,FALSE,FALSE
2021-06-01,Ross,2.313372255,0.03690783998590019,0.03690783998590019,0.5735162937918511,FALSE,FALSE
2021-06-02,Ross,2.341907495,0.02265188295030773,0.02265188295030773,0.5735162937918511,FALSE,FALSE
2021-06-03,Ross,2.365797868,0.00343451358325364,0.00343451358325364,0.5735162937918511,FALSE,FALSE
2021-06-04,Ross,2.436484004,0.03071180770762671,0.03071180770762671,0.5735162937918511,FALSE,FALSE
2021-06-05,Ross,2.483731129,0.03426443735852791,0.03426443735852791,0.5735162937918511,FALSE,FALSE
2021-06-06,Ross,2.522489213,0.02905781857105482,0.02905781857105482,0.5735162937918511,FALSE,FALSE
2021-06-07,Ross,2.583107959,0.04545710038030259,0.04545710038030259,0.5735162937918511,FALSE,FALSE
2021-06-08,Ross,2.634647253,0.0525376148213752,0.0525376148213752,0.5735162937918511,FALSE,FALSE
2021-06-09,Ross,2.722734149,0.09594186192936947,0.09594186192936947,0.5735162937918511,FALSE,FALSE
2021-06-10,Ross,2.82387669,0.15219333073938035,0.15219333073938035,0.5735162937918511,FALSE,FALSE
2021-06-11,Ross,2.905601879,0.18883447028650968,0.18883447028650968,0.5735162937918511,FALSE,FALSE
2021-06-12,Ross,2.984409799,0.2223808096058555,0.2223808096058555,0.5735162937918511,FALSE,FALSE
2021-06-13,Ross,3.084106,0.2766533447325168,0.2766533447325168,0.5735162937918511,FALSE,FALSE
2021-06-14,Ross,3.142156104,0.28913376725540996,0.28913376725540996,0.5735162937918511,FALSE,FALSE
2021-06-15,Ross,3.206714287,0.30801981160186287,0.30801981160186287,0.5735162937918511,FALSE,FALSE
2021-06-16,Ross,3.290683978,0.34629617591649087,0.34629617591649087,0.5735162937918511,FALSE,FALSE
2021-06-17,Ross,3.341884332,0.35186601654968275,0.35186601654968275,0.5735162937918511,FALSE,FALSE
2021-06-18,Ross,3.342619514,0.307117499851814,0.307117499851814,0.5735162937918511,FALSE,FALSE
2021-06-19,Ross,3.319640705,0.23888580817327787,0.23888580817327787,0.5735162937918511,FALSE,FALSE
2021-06-20,Ross,3.415105691,0.2894127288644537,0.2894127288644537,0.5735162937918511,FALSE,FALSE
2021-06-21,Ross,3.512454459,0.3422222502757264,0.3422222502757264,0.5735162937918511,FALSE,FALSE
2021-06-22,Ross,3.553821208,0.3395325727574785,0.3395325727574785,0.5735162937918511,FALSE,FALSE
2021-06-23,Ross,3.581977942,0.3241997016600964,0.3241997016600964,0.5735162937918511,FALSE,FALSE
2021-06-24,Ross,3.609296082,0.3086790593339628,0.3086790593339628,0.5735162937918511,FALSE,FALSE
2021-06-25,Ross,3.701410192,0.35868921112946284,0.35868921112946284,0.5735162937918511,FALSE,FALSE
2021-06-26,Ross,3.833707996,0.4497018823969805,0.4497018823969805,0.5735162937918511,FALSE,FALSE
2021-06-27,Ross,3.892352386,0.4679489080251415,0.4679489080251415,0.5735162937918511,FALSE,FALSE
2021-06-28,Ross,3.892741238,0.4287833175564706,0.4287833175564706,0.5735162937918511,FALSE,FALSE
2021-06-29,Ross,3.906886958,0.40412067570840327,0.40412067570840327,0.5735162937918511,FALSE,FALSE
2021-06-30,Ross,3.999120323,0.4581946508664294,0.4581946508664294,0.5735162937918511,FALSE,FALSE
2021-07-01,Ross,4.075661023,0.4971278244160424,0.4971278244160424,0.5735162937918511,FALSE,FALSE
2021-07-02,Ross,4.114912984,0.4992270137427335,0.4992270137427335,0.5735162937918511,FALSE,FALSE
2021-07-03,Ross,4.17288328,0.520402184231989,0.520402184231989,0.5735162937918511,FALSE,FALSE
2021-07-04,Ross,4.215358839,0.5263431552693056,0.5263431552693056,0.5735162937918511,FALSE,FALSE
2021-07-05,Ross,4.242375978,0.5169891352401716,0.5169891352401716,0.5735162937918511,FALSE,FALSE
2021-07-06,Ross,4.290140983,0.5284493015300784,0.5284493015300784,0.5735162937918511,FALSE,FALSE
2021-07-07,Ross,4.369521592,0.5714942835245225,0.5714942835245225,0.5735162937918511,FALSE,FALSE
2021-07-08,Ross,4.348070775,0.5135799426089842,0.5135799426089842,0.5735162937918511,FALSE,FALSE
2021-07-09,Ross,4.317721989,0.4465429346383938,0.4465429346383938,0.5735162937918511,FALSE,FALSE
2021-07-10,Ross,4.350768706,0.442639731848029,0.442639731848029,0.5735162937918511,FALSE,FALSE
2021-07-11,Ross,4.439314857,0.494068139265992,0.494068139265992,0.5735162937918511,FALSE,FALSE
2021-07-12,Ross,4.468802764,0.4863816722747196,0.4863816722747196,0.5735162937918511,FALSE,FALSE
2021-07-13,Ross,4.440873513,0.42133261025665014,0.42133261025665014,0.5735162937918511,FALSE,FALSE
2021-07-14,Ross,4.462570175,0.4060752175942257,0.4060752175942257,0.5735162937918511,FALSE,FALSE
2021-07-15,Ross,4.507172808,0.41400074566987666,0.41400074566987666,0.5735162937918511,FALSE,FALSE
2021-07-16,Ross,4.556704919,0.42724389486604863,0.42724389486604863,0.5735162937918511,FALSE,FALSE
2021-07-17,Ross,4.598861281,0.4336106315651671,0.4336106315651671,0.5735162937918511,FALSE,FALSE
2021-07-18,Ross,4.688075177,0.48764543214968015,0.48764543214968015,0.5735162937918511,FALSE,FALSE
2021-07-19,Ross,4.781893136,0.5470060190020192,0.5470060190020192,0.5735162937918511,FALSE,FALSE
2021-07-20,Ross,4.761935093,0.49342352050462246,0.49342352050462246,0.5735162937918511,FALSE,FALSE
2021-07-21,Ross,4.792766775,0.49157485703993054,0.49157485703993054,0.5735162937918511,FALSE,FALSE
2021-07-22,Ross,4.797630941,0.4648050571782827,0.4648050571782827,0.5735162937918511,FALSE,FALSE
2021-07-23,Ross,4.799067773,0.43563340337921375,0.43563340337921375,0.5735162937918511,FALSE,FALSE
2021-07-24,Ross,4.802798711,0.40967065324931706,0.40967065324931706,0.5735162937918511,FALSE,FALSE
2021-07-25,Ross,4.791269454,0.3692497867707312,0.3692497867707312,0.5735162937918511,FALSE,FALSE
2021-07-26,Ross,4.79810072,0.34787880292558615,0.34787880292558615,0.5735162937918511,FALSE,FALSE
2021-07-27,Ross,4.833966273,0.3561187466960103,0.3561187466960103,0.5735162937918511,FALSE,FALSE
2021-07-28,Ross,4.86021834,0.3552091260641408,0.3552091260641408,0.5735162937918511,FALSE,FALSE
2021-07-29,Ross,4.904557857,0.37273815801211274,0.37273815801211274,0.5735162937918511,FALSE,FALSE
2021-07-30,Ross,4.949748938,0.39135723752205376,0.39135723752205376,0.5735162937918511,FALSE,FALSE
2021-07-31,Ross,5.022560166,0.4377222285761002,0.4377222285761002,0.5735162937918511,FALSE,FALSE
2021-08-01,Ross,5.077717402,0.4664462731563788,0.4664462731563788,0.5735162937918511,FALSE,FALSE
2021-08-02,Ross,5.093855875,0.4560518812450276,0.4560518812450276,0.5735162937918511,FALSE,FALSE
2021-08-03,Ross,5.102429198,0.4378799484220508,0.4378799484220508,0.5735162937918511,FALSE,FALSE
2021-08-04,Ross,5.136310158,0.4447336804082136,0.4447336804082136,0.5735162937918511,FALSE,FALSE
2021-08-05,Ross,5.170916896,0.4521172456466589,0.4521172456466589,0.5735162937918511,FALSE,FALSE
2021-08-06,Ross,5.209469424,0.46337176005710745,0.46337176005710745,0.5735162937918511,FALSE,FALSE
2021-08-07,Ross,5.224793683,0.451444268559281,0.451444268559281,0.5735162937918511,FALSE,FALSE
2021-08-08,Ross,5.227876195,0.4274423970729133,0.4274423970729133,0.5735162937918511,FALSE,FALSE
2021-08-09,Ross,5.268258654,0.44102894351772726,0.44102894351772726,0.5735162937918511,FALSE,FALSE
2021-08-10,Ross,5.273847347,0.4202312988134427,0.4202312988134427,0.5735162937918511,FALSE,FALSE
2021-08-11,Ross,5.242414949,0.362943241879794,0.362943241879794,0.5735162937918511,FALSE,FALSE
2021-08-12,Ross,5.262831605,0.3581560216365052,0.3581560216365052,0.5735162937918511,FALSE,FALSE
2021-08-13,Ross,5.255551215,0.32644464200330514,0.32644464200330514,0.5735162937918511,FALSE,FALSE
2021-08-14,Ross,5.214915122,0.2622715498999115,0.2622715498999115,0.5735162937918511,FALSE,FALSE
2021-08-15,Ross,5.189041019,0.21387554224605945,0.21387554224605945,0.5735162937918511,FALSE,FALSE
2021-08-16,Ross,5.192916931,0.19636176732626695,0.19636176732626695,0.5735162937918511,FALSE,FALSE
2021-08-17,Ross,5.205471532,0.18865770859771305,0.18865770859771305,0.5735162937918511,FALSE,FALSE
2021-08-18,Ross,5.244590393,0.20851232701114775,0.20851232701114775,0.5735162937918511,FALSE,FALSE
2021-08-19,Ross,5.318744418,0.26425249517831517,0.26425249517831517,0.5735162937918511,FALSE,FALSE
2021-08-20,Ross,5.341302437,0.2691030117109614,0.2691030117109614,0.5735162937918511,FALSE,FALSE
2021-08-21,Ross,5.345049348,0.2557047432208339,0.2557047432208339,0.5735162937918511,FALSE,FALSE
2021-08-22,Ross,5.366384762,0.2603132693196759,0.2603132693196759,0.5735162937918511,FALSE,FALSE
2021-08-23,Ross,5.448825764,0.3263016436192361,0.3263016436192361,0.5735162937918511,FALSE,FALSE
2021-08-24,Ross,5.532409766,0.3935632467312633,0.3935632467312633,0.5735162937918511,FALSE,FALSE
2021-08-25,Ross,5.60806202,0.45287929926749726,0.45287929926749726,0.5735162937918511,FALSE,FALSE
2021-08-26,Ross,5.636431834,0.4647550778396905,0.4647550778396905,0.5735162937918511,FALSE,FALSE
2021-08-27,Ross,5.630955294,0.4424826370595856,0.4424826370595856,0.5735162937918511,FALSE,FALSE
2021-08-28,Ross,5.66583094,0.46011648553893103,0.46011648553893103,0.5735162937918511,FALSE,FALSE
2021-08-29,Ross,5.691623546,0.46810464468525215,0.46810464468525215,0.5735162937918511,FALSE,FALSE
2021-08-30,Ross,5.707826379,0.46598942113407826,0.46598942113407826,0.5735162937918511,FALSE,FALSE
2021-08-31,Ross,5.6926429,0.43208560894252734,0.43208560894252734,0.5735162937918511,FALSE,FALSE
2021-09-01,Ross,5.722674718,0.4431062619016614,0.4431062619016614,0.5735162937918511,FALSE,FALSE
2021-09-02,Ross,5.71673611,0.4179771018025394,0.4179771018025394,0.5735162937918511,FALSE,FALSE
2021-09-03,Ross,5.720284715,0.4022672124362243,0.4022672124362243,0.5735162937918511,FALSE,FALSE
2021-09-04,Ross,5.712052387,0.3748198925937798,0.3748198925937798,0.5735162937918511,FALSE,FALSE
2021-09-05,Ross,5.653913184,0.2976206450662673,0.2976206450662673,0.5735162937918511,FALSE,FALSE
2021-09-06,Ross,5.64070845,0.265622258644747,0.265622258644747,0.5735162937918511,FALSE,FALSE
2021-09-07,Ross,5.657653827,0.2641518201202828,0.2641518201202828,0.5735162937918511,FALSE,FALSE
2021-09-08,Ross,5.682165543,0.2707370022839397,0.2707370022839397,0.5735162937918511,FALSE,FALSE
2021-09-09,Ross,5.695469281,0.2667149329267735,0.2667149329267735,0.5735162937918511,FALSE,FALSE
2021-09-10,Ross,5.751491719,0.30612327223867997,0.30612327223867997,0.5735162937918511,FALSE,FALSE
2021-09-11,Ross,5.78633257,0.32512879992128063,0.32512879992128063,0.5735162937918511,FALSE,FALSE
2021-09-12,Ross,5.854063807,0.3777910858544642,0.3777910858544642,0.5735162937918511,FALSE,FALSE
2021-09-13,Ross,5.877311965,0.3867158944386988,0.3867158944386988,0.5735162937918511,FALSE,FALSE
2021-09-14,Ross,5.900576921,0.3963823320744648,0.3963823320744648,0.5735162937918511,FALSE,FALSE
2021-09-15,Ross,5.933941711,0.41685266416222966,0.41685266416222966,0.5735162937918511,FALSE,FALSE
2021-09-16,Ross,5.950254671,0.4209544561024696,0.4209544561024696,0.5735162937918511,FALSE,FALSE
2021-09-17,Ross,5.953568195,0.4127193312956594,0.4127193312956594,0.5735162937918511,FALSE,FALSE
2021-09-18,Ross,5.934445629,0.382689865142269,0.382689865142269,0.5735162937918511,FALSE,FALSE
2021-09-19,Ross,5.902246343,0.3402046570427748,0.3402046570427748,0.5735162937918511,FALSE,FALSE
2021-09-20,Ross,5.874705792,0.30297839139764804,0.30297839139764804,0.5735162937918511,FALSE,FALSE
2021-09-21,Ross,5.861139728,0.28030604960736394,0.28030604960736394,0.5735162937918511,FALSE,FALSE
2021-09-22,Ross,5.851101994,0.2617207040723928,0.2617207040723928,0.5735162937918511,FALSE,FALSE
2021-09-23,Ross,5.853588999,0.25619980293201916,0.25619980293201916,0.5735162937918511,FALSE,FALSE
2021-09-24,Ross,5.89562784,0.29077085761539223,0.29077085761539223,0.5735162937918511,FALSE,FALSE
2021-09-25,Ross,5.911099672,0.29932719090034965,0.29932719090034965,0.5735162937918511,FALSE,FALSE
2021-09-26,Ross,5.874941927,0.2568185674771746,0.2568185674771746,0.5735162937918511,FALSE,FALSE
2021-09-27,Ross,5.891927765,0.2680304800361437,0.2680304800361437,0.5735162937918511,FALSE,FALSE
2021-09-28,Ross,5.902000819,0.2729188942675398,0.2729188942675398,0.5735162937918511,FALSE,FALSE
2021-09-29,Ross,5.851801778,0.2181368318616448,0.2181368318616448,0.5735162937918511,FALSE,FALSE
2021-09-30,Ross,5.84548624,0.2078522235087412,0.2078522235087412,0.5735162937918511,FALSE,FALSE
2021-10-01,Ross,5.894295531,0.25331872789911003,0.25331872789911003,0.5735162937918511,FALSE,FALSE
2021-10-02,Ross,5.931266779,0.2875858057230314,0.2875858057230314,0.5735162937918511,FALSE,FALSE
2021-10-03,Ross,5.903153397,0.25741920267078733,0.25741920267078733,0.5735162937918511,FALSE,FALSE
2021-10-04,Ross,5.901512315,0.2543881814326596,0.2543881814326596,0.5735162937918511,FALSE,FALSE
2021-10-05,Ross,5.890250779,0.2424123278178252,0.2424123278178252,0.5735162937918511,FALSE,FALSE
2021-10-06,Ross,5.88723246,0.2393762638618329,0.2393762638618329,0.5735162937918511,FALSE,FALSE
2021-10-07,Ross,5.895488113,0.24835702594711595,0.24835702594711595,0.5735162937918511,FALSE,FALSE
2021-10-08,Ross,5.913866442,0.2682542335931073,0.2682542335931073,0.5735162937918511,FALSE,FALSE
2021-10-09,Ross,5.959498753,0.3162501083192524,0.3162501083192524,0.5735162937918511,FALSE,FALSE
2021-10-10,Ross,5.97974142,0.3397519396449873,0.3397519396449873,0.5735162937918511,FALSE,FALSE
2021-10-11,Ross,5.988140189,0.35235638908975186,0.35235638908975186,0.5735162937918511,FALSE,FALSE
2021-10-12,Ross,6.020570772,0.38999008417298775,0.38999008417298775,0.5735162937918511,FALSE,FALSE
2021-10-13,Ross,6.023897142,0.39956791341413034,0.39956791341413034,0.5735162937918511,FALSE,FALSE
2021-10-14,Ross,6.014177096,0.3971985893326231,0.3971985893326231,0.5735162937918511,FALSE,FALSE
2021-10-15,Ross,5.993491607,0.3850140004479039,0.3850140004479039,0.5735162937918511,FALSE,FALSE
2021-10-16,Ross,5.989513112,0.3907374992794086,0.3907374992794086,0.5735162937918511,FALSE,FALSE
2021-10-17,Ross,5.982534986,0.3947133763465809,0.3947133763465809,0.5735162937918511,FALSE,FALSE
2021-10-18,Ross,5.962443537,0.38687501994129736,0.38687501994129736,0.5735162937918511,FALSE,FALSE
2021-10-19,Ross,5.923860303,0.36180958925835327,0.36180958925835327,0.5735162937918511,FALSE,FALSE
2021-10-20,Ross,5.90361009,0.35622963535030117,0.35622963535030117,0.5735162937918511,FALSE,FALSE
2021-10-21,Ross,5.923140598,0.3914674850876283,0.3914674850876283,0.5735162937918511,FALSE,FALSE
2021-10-22,Ross,5.886628729,0.3715846673408256,0.3715846673408256,0.5735162937918511,FALSE,FALSE
2021-10-23,Ross,5.876058767,0.3784500929803816,0.3784500929803816,0.5735162937918511,FALSE,FALSE
2021-10-24,Ross,5.86398306,0.3845007368767872,0.3845007368767872,0.5735162937918511,FALSE,FALSE
2021-10-25,Ross,5.820647525,0.35986714290053357,0.35986714290053357,0.5735162937918511,FALSE,FALSE
2021-10-26,Ross,5.731307322,0.28968909792210873,0.28968909792210873,0.5735162937918511,FALSE,FALSE
2021-10-27,Ross,5.646791972,0.22468074981200292,0.22468074981200292,0.5735162937918511,FALSE,FALSE
2021-10-28,Ross,5.589276171,0.18690142144070787,0.18690142144070787,0.5735162937918511,FALSE,FALSE
2021-10-29,Ross,5.540573319,0.15804913967871315,0.15804913967871315,0.5735162937918511,FALSE,FALSE
2021-10-30,Ross,5.510096829,0.14742194439650902,0.14742194439650902,0.5735162937918511,FALSE,FALSE
2021-10-31,Ross,5.420616528,0.0777143661502473,0.0777143661502473,0.5735162937918511,FALSE,FALSE
2021-11-01,Ross,5.354642017,0.03155797564524043,0.03155797564524043,0.5735162937918511,FALSE,FALSE
2021-11-02,Ross,5.324542793,0.02150483208228415,0.02150483208228415,0.5735162937918511,FALSE,FALSE
2021-11-03,Ross,5.278088453,-0.00449288904897393,0.00449288904897393,0.5735162937918511,FALSE,FALSE
2021-11-04,Ross,5.24073713,-0.02079447625888608,0.02079447625888608,0.5735162937918511,FALSE,FALSE
2021-11-05,Ross,5.162895605,-0.07681057005780279,0.07681057005780279,0.5735162937918511,FALSE,FALSE
2021-11-06,Ross,5.080629117,-0.13629335295607348,0.13629335295607348,0.5735162937918511,FALSE,FALSE
2021-11-07,Ross,5.014031943,-0.17896596946405108,0.17896596946405108,0.5735162937918511,FALSE,FALSE
2021-11-08,Ross,4.974555802,-0.19319412209208853,0.19319412209208853,0.5735162937918511,FALSE,FALSE
2021-11-09,Ross,4.95246842,-0.1885275063505354,0.1885275063505354,0.5735162937918511,FALSE,FALSE
2021-11-10,Ross,4.949537267,-0.16301607374974303,0.16301607374974303,0.5735162937918511,FALSE,FALSE
2021-11-11,Ross,4.956451391,-0.12578819780006256,0.12578819780006256,0.5735162937918511,FALSE,FALSE
2021-11-12,Ross,4.956198694,-0.09367487893021131,0.09367487893021131,0.5735162937918511,FALSE,FALSE
2021-11-13,Ross,4.936569486,-0.0787866324919948,0.0787866324919948,0.5735162937918511,FALSE,FALSE
2021-11-14,Ross,4.932683815,-0.0460273830848541,0.0460273830848541,0.5735162937918511,FALSE,FALSE
2021-11-15,Ross,4.914921036,-0.0250519059273051,0.0250519059273051,0.5735162937918511,FALSE,FALSE
2021-11-16,Ross,4.833252968,-0.06592251223786239,0.06592251223786239,0.5735162937918511,FALSE,FALSE
2021-11-17,Ross,4.802386044,-0.05396689923504283,0.05396689923504283,0.5735162937918511,FALSE,FALSE
2021-11-18,Ross,4.760052184,-0.05148727713736267,0.05148727713736267,0.5735162937918511,FALSE,FALSE
2021-11-19,Ross,4.699407042,-0.06536212216333404,0.06536212216333404,0.5735162937918511,FALSE,FALSE
2021-11-20,Ross,4.606525052,-0.10955113053147514,0.10955113053147514,0.5735162937918511,FALSE,FALSE
2021-11-21,Ross,4.535848944,-0.12964570246029705,0.12964570246029705,0.5735162937918511,FALSE,FALSE
2021-11-22,Ross,4.475770525,-0.13728816116832032,0.13728816116832032,0.5735162937918511,FALSE,FALSE
2021-11-23,Ross,4.412724926,-0.14607750587405732,0.14607750587405732,0.5735162937918511,FALSE,FALSE
2021-11-24,Ross,4.340745309,-0.1620147047960243,0.1620147047960243,0.5735162937918511,FALSE,FALSE
2021-11-25,Ross,4.21795635,-0.22698415125431023,0.22698415125431023,0.5735162937918511,FALSE,FALSE
2021-11-26,Ross,4.184990455,-0.2001505476888976,0.2001505476888976,0.5735162937918511,FALSE,FALSE
2021-11-27,Ross,4.162408512,-0.160643535114124,0.160643535114124,0.5735162937918511,FALSE,FALSE
2021-11-28,Ross,4.142404017,-0.11595933926707414,0.11595933926707414,0.5735162937918511,FALSE,FALSE
2021-11-29,Ross,4.118942836,-0.07182181588482806,0.07182181588482806,0.5735162937918511,FALSE,FALSE
2021-11-30,Ross,4.074167714,-0.04577794170447191,0.04577794170447191,0.5735162937918511,FALSE,FALSE
2021-12-01,Ross,3.990241391,-0.05535469846309082,0.05535469846309082,0.5735162937918511,FALSE,FALSE
2021-12-02,Ross,3.939818161,-0.02758751389776703,0.02758751389776703,0.5735162937918511,FALSE,FALSE
2021-12-03,Ross,3.814984772,-0.07007936174558571,0.07007936174558571,0.5735162937918511,FALSE,FALSE
2021-12-04,Ross,3.753683838,-0.04457734974363037,0.04457734974363037,0.5735162937918511,FALSE,FALSE
2021-12-05,Ross,3.715883947,0.00919738837101524,0.00919738837101524,0.5735162937918511,FALSE,FALSE
2021-12-06,Ross,3.647797199,0.03776723086126532,0.03776723086126532,0.5735162937918511,FALSE,FALSE
2021-12-07,Ross,3.576670256,0.06868821566676742,0.06868821566676742,0.5735162937918511,FALSE,FALSE
2021-12-08,Ross,3.540188256,0.13967474670989732,0.13967474670989732,0.5735162937918511,FALSE,FALSE
2021-12-09,Ross,3.515690277,0.22741964540179005,0.22741964540179005,0.5735162937918511,FALSE,FALSE
2021-12-10,Ross,3.465971913,0.29397245941853933,0.29397245941853933,0.5735162937918511,FALSE,FALSE
2021-12-11,Ross,3.357749185,0.3053031634362262,0.3053031634362262,0.5735162937918511,FALSE,FALSE
2021-12-12,Ross,3.201566947,0.27121056513094777,0.27121056513094777,0.5735162937918511,FALSE,FALSE
2021-12-13,Ross,3.078838345,0.2723617641787892,0.2723617641787892,0.5735162937918511,FALSE,FALSE
2021-12-14,Ross,2.954548459,0.272995794255841,0.272995794255841,0.5735162937918511,FALSE,FALSE
2021-12-15,Ross,2.724917475,0.1685867950381943,0.1685867950381943,0.5735162937918511,FALSE,FALSE
2021-12-16,Ross,2.566336841,0.13478016820193428,0.13478016820193428,0.5735162937918511,FALSE,FALSE
2021-12-17,Ross,2.395170061,0.08719337142315498,0.08719337142315498,0.5735162937918511,FALSE,FALSE
2021-12-18,Ross,2.187522237,0.00118546037794331,0.00118546037794331,0.5735162937918511,FALSE,FALSE
2021-12-19,Ross,2.057120672,-0.01026230825761143,0.01026230825761143,0.5735162937918511,FALSE,FALSE
2021-12-20,Ross,1.853983572,-0.09785860064335616,0.09785860064335616,0.5735162937918511,FALSE,FALSE
2021-12-21,Ross,1.653394457,-0.18674358844632533,0.18674358844632533,0.5735162937918511,FALSE,FALSE
2021-12-22,Ross,1.442783914,-0.2896683712980459,0.2896683712980459,0.5735162937918511,FALSE,FALSE
2021-12-23,Ross,1.26115429,-0.36780554489446415,0.36780554489446415,0.5735162937918511,FALSE,FALSE
2021-12-24,Ross,1.174488732,-0.3553469049315252,0.3553469049315252,0.5735162937918511,FALSE,FALSE
2021-12-25,Ross,1.084868473,-0.3503861611051744,0.3503861611051744,0.5735162937918511,FALSE,FALSE
2021-12-26,Ross,1.002906689,-0.34248508011136014,0.34248508011136014,0.5735162937918511,FALSE,FALSE
2021-12-27,Ross,0.927341569,-0.3330804156460274,0.3330804156460274,0.5735162937918511,FALSE,FALSE
2021-12-28,Ross,0.867984192,-0.31253603140511754,0.31253603140511754,0.5735162937918511,FALSE,FALSE
2021-12-29,Ross,0.824094372,-0.28176705608458397,0.28176705608458397,0.5735162937918511,FALSE,FALSE
2021-12-30,Ross,0.775738222,-0.26088231938036843,0.26088231938036843,0.5735162937918511,FALSE,FALSE
2021-12-31,Ross,0.732751027,-0.2402214789884165,0.2402214789884165,0.5735162937918511,FALSE,FALSE
2022-01-01,Ross,0.675887756,-0.23920450860467513,0.23920450860467513,0.5735162937918511,FALSE,FALSE
2022-01-02,Ross,0.638535974,-0.22451414218517216,0.22451414218517216,0.5735162937918511,FALSE,FALSE
2022-01-03,Ross,0.60302427,-0.21347351472627096,0.21347351472627096,0.5735162937918511,FALSE,FALSE
2022-01-04,Ross,0.582202851,-0.1927794994844193,0.1927794994844193,0.5735162937918511,FALSE,FALSE
2022-01-05,Ross,0.555212099,-0.1828387947160548,0.1828387947160548,0.5735162937918511,FALSE,FALSE
2022-01-06,Ross,0.525558879,-0.17969161567762904,0.17969161567762904,0.5735162937918511,FALSE,FALSE
2022-01-07,Ross,0.499279429,-0.1768488046255856,0.1768488046255856,0.5735162937918511,FALSE,FALSE
2022-01-08,Ross,0.503146943,-0.14708424781636775,0.14708424781636775,0.5735162937918511,FALSE,FALSE
2022-01-09,Ross,0.475718968,-0.15138747850642098,0.15138747850642098,0.5735162937918511,FALSE,FALSE
2022-01-10,Ross,0.468222421,-0.13807865995219215,0.13807865995219215,0.5735162937918511,FALSE,FALSE
2022-01-11,Ross,0.455945767,-0.13141640741012517,0.13141640741012517,0.5735162937918511,FALSE,FALSE
2022-01-12,Ross,0.436909216,-0.1329275911366643,0.1329275911366643,0.5735162937918511,FALSE,FALSE
2022-01-13,Ross,0.408778905,-0.1444931543882555,0.1444931543882555,0.5735162937918511,FALSE,FALSE
2022-01-14,Ross,0.392155011,-0.14506576727497794,0.14506576727497794,0.5735162937918511,FALSE,FALSE
2022-01-15,Ross,0.373052058,-0.1483906955151399,0.1483906955151399,0.5735162937918511,FALSE,FALSE
2022-01-16,Ross,0.350755296,-0.15520173360583367,0.15520173360583367,0.5735162937918511,FALSE,FALSE
2022-01-17,Ross,0.32736736,-0.16343168719687462,0.16343168719687462,0.5735162937918511,FALSE,FALSE
2022-01-18,Ross,0.322988087,-0.15301615993807782,0.15301615993807782,0.5735162937918511,FALSE,FALSE
2022-01-19,Ross,0.306377191,-0.15523087847925943,0.15523087847925943,0.5735162937918511,FALSE,FALSE
2022-01-20,Ross,0.288369761,-0.1592761944702341,0.1592761944702341,0.5735162937918511,FALSE,FALSE
2022-01-21,Ross,0.284069083,-0.1500842625608177,0.1500842625608177,0.5735162937918511,FALSE,FALSE
2022-01-22,Ross,0.269228493,-0.1519371874008253,0.1519371874008253,0.5735162937918511,FALSE,FALSE
2022-01-23,Ross,0.264320751,-0.1443976496400738,0.1443976496400738,0.5735162937918511,FALSE,FALSE
2022-01-24,Ross,0.262477358,-0.13436958892837797,0.13436958892837797,0.5735162937918511,FALSE,FALSE
2022-01-25,Ross,0.25753943,-0.12804732991555268,0.12804732991555268,0.5735162937918511,FALSE,FALSE
2022-01-26,Ross,0.260646851,-0.11432642925141344,0.11432642925141344,0.5735162937918511,FALSE,FALSE
2022-01-27,Ross,0.266223507,-0.09881125661440791,0.09881125661440791,0.5735162937918511,FALSE,FALSE
2022-01-28,Ross,0.259967357,-0.09578347031451656,0.09578347031451656,0.5735162937918511,FALSE,FALSE
2022-01-29,Ross,0.236890056,-0.1101908644304537,0.1101908644304537,0.5735162937918511,FALSE,FALSE
2022-01-30,Ross,0.239922523,-0.09906190407266346,0.09906190407266346,0.5735162937918511,FALSE,FALSE
2022-01-31,Ross,0.237536435,-0.0938842963515868,0.0938842963515868,0.5735162937918511,FALSE,FALSE
2022-02-01,Ross,0.235048159,-0.08930105837766592,0.08930105837766592,0.5735162937918511,FALSE,FALSE
2022-02-02,Ross,0.229311948,-0.08841732126134416,0.08841732126134416,0.5735162937918511,FALSE,FALSE
2022-02-03,Ross,0.213749968,-0.097770303113062,0.097770303113062,0.5735162937918511,FALSE,FALSE
2022-02-04,Ross,0.19893326,-0.10674834704326176,0.10674834704326176,0.5735162937918511,FALSE,FALSE
2022-02-05,Ross,0.192243543,-0.1079291181623859,0.1079291181623859,0.5735162937918511,FALSE,FALSE
2022-02-06,Ross,0.194105704,-0.1008471135808765,0.1008471135808765,0.5735162937918511,FALSE,FALSE
2022-02-07,Ross,0.168685511,-0.12129594940917449,0.12129594940917449,0.5735162937918511,FALSE,FALSE
2022-02-08,Ross,0.146429672,-0.13878845193106154,0.13878845193106154,0.5735162937918511,FALSE,FALSE
2022-02-09,Ross,0.139579083,-0.1410630858134212,0.1410630858134212,0.5735162937918511,FALSE,FALSE
2022-02-10,Ross,0.130827965,-0.14544442063737573,0.14544442063737573,0.5735162937918511,FALSE,FALSE
2022-02-11,Ross,0.134048421,-0.13808380592484856,0.13808380592484856,0.5735162937918511,FALSE,FALSE
2022-02-12,Ross,0.129780142,-0.13846500319776256,0.13846500319776256,0.5735162937918511,FALSE,FALSE
2022-02-13,Ross,0.122372006,-0.1422625869780432,0.1422625869780432,0.5735162937918511,FALSE,FALSE
2022-02-14,Ross,0.134621994,-0.1267020287876114,0.1267020287876114,0.5735162937918511,FALSE,FALSE
2022-02-15,Ross,0.13461758,-0.12371930714839144,0.12371930714839144,0.5735162937918511,FALSE,FALSE
2022-02-16,Ross,0.109774686,-0.14592195258230967,0.14592195258230967,0.5735162937918511,FALSE,FALSE
2022-02-17,Ross,0.100505789,-0.15292094061128592,0.15292094061128592,0.5735162937918511,FALSE,FALSE
2022-02-18,Ross,0.091903862,-0.15964675075724638,0.15964675075724638,0.5735162937918511,FALSE,FALSE
2022-02-19,Ross,0.100682133,-0.1494096075421138,0.1494096075421138,0.5735162937918511,FALSE,FALSE
2022-02-20,Ross,0.11505768,-0.13401588548781196,0.13401588548781196,0.5735162937918511,FALSE,FALSE
2022-02-21,Ross,0.123130816,-0.12538699528144231,0.12538699528144231,0.5735162937918511,FALSE,FALSE
2022-02-22,Ross,0.104473499,-0.14395174285089415,0.14395174285089415,0.5735162937918511,FALSE,FALSE
2022-02-23,Ross,0.105770115,-0.1430125627775735,0.1430125627775735,0.5735162937918511,FALSE,FALSE
2022-02-24,Ross,0.141109581,-0.10846710658941008,0.10846710658941008,0.5735162937918511,FALSE,FALSE
2022-02-25,Ross,0.150403634,-0.10039020581433072,0.10039020581433072,0.5735162937918511,FALSE,FALSE
2022-02-26,Ross,0.146010007,-0.10641069598026416,0.10641069598026416,0.5735162937918511,FALSE,FALSE
2022-02-27,Ross,0.139219557,-0.11522428861513634,0.11522428861513634,0.5735162937918511,FALSE,FALSE
2022-02-28,Ross,0.151810359,-0.10503947724687562,0.10503947724687562,0.5735162937918511,FALSE,FALSE
2022-03-01,Ross,0.170492059,-0.08913318440341025,0.08913318440341025,0.5735162937918511,FALSE,FALSE
2022-03-02,Ross,0.177251514,-0.08550512161266693,0.08550512161266693,0.5735162937918511,FALSE,FALSE
2022-03-03,Ross,0.217512126,-0.04871845540257472,0.04871845540257472,0.5735162937918511,FALSE,FALSE
2022-03-04,Ross,0.209924716,-0.06010893330105987,0.06010893330105987,0.5735162937918511,FALSE,FALSE
2022-03-05,Ross,0.187581872,-0.08657053703836629,0.08657053703836629,0.5735162937918511,FALSE,FALSE
2022-03-06,Ross,0.162884753,-0.1156931498105167,0.1156931498105167,0.5735162937918511,FALSE,FALSE
2022-03-07,Ross,0.154681363,-0.12863437046322526,0.12863437046322526,0.5735162937918511,FALSE,FALSE
2022-03-08,Ross,0.171799754,-0.1165747079908023,0.1165747079908023,0.5735162937918511,FALSE,FALSE
2022-03-09,Ross,0.172379901,-0.1213827483875536,0.1213827483875536,0.5735162937918511,FALSE,FALSE
2022-03-10,Ross,0.171129053,-0.12835980364778696,0.12835980364778696,0.5735162937918511,FALSE,FALSE
2022-03-11,Ross,0.168247788,-0.13731385676580998,0.13731385676580998,0.5735162937918511,FALSE,FALSE
2022-03-12,Ross,0.157783035,-0.154206539735931,0.154206539735931,0.5735162937918511,FALSE,FALSE
2022-03-13,Ross,0.192399014,-0.12638219355245625,0.12638219355245625,0.5735162937918511,FALSE,FALSE
2022-03-14,Ross,0.206464473,-0.11948063120969124,0.11948063120969124,0.5735162937918511,FALSE,FALSE
2022-03-15,Ross,0.224826691,-0.1086631347019483,0.1086631347019483,0.5735162937918511,FALSE,FALSE
2022-03-16,Ross,0.23162404,-0.10979989302353035,0.10979989302353035,0.5735162937918511,FALSE,FALSE
2022-03-17,Ross,0.243609133,-0.1061468541687484,0.1061468541687484,0.5735162937918511,FALSE,FALSE
2022-03-18,Ross,0.262399689,-0.09609469965721829,0.09609469965721829,0.5735162937918511,FALSE,FALSE
2022-03-19,Ross,0.268612799,-0.09903073117664002,0.09903073117664002,0.5735162937918511,FALSE,FALSE
2022-03-20,Ross,0.286669074,-0.09053453818894648,0.09053453818894648,0.5735162937918511,FALSE,FALSE
2022-03-21,Ross,0.288775164,-0.0983994737792258,0.0983994737792258,0.5735162937918511,FALSE,FALSE
2022-03-22,Ross,0.310573294,-0.0869833160325636,0.0869833160325636,0.5735162937918511,FALSE,FALSE
2022-03-23,Ross,0.311211171,-0.097138361034048007,0.097138361034048007,0.5735162937918511,FALSE,FALSE
2022-03-24,Ross,0.308707302,-0.11084610486876816,0.11084610486876816,0.5735162937918511,FALSE,FALSE
2022-03-25,Ross,0.299899089,-0.13126914862180689,0.13126914862180689,0.5735162937918511,FALSE,FALSE
2022-03-26,Ross,0.314169134,-0.12902489337825568,0.12902489337825568,0.5735162937918511,FALSE,FALSE
2022-03-27,Ross,0.34018503,-0.11544574922319828,0.11544574922319828,0.5735162937918511,FALSE,FALSE
2022-03-28,Ross,0.383964485,-0.08451401124172614,0.08451401124172614,0.5735162937918511,FALSE,FALSE
2022-03-29,Ross,0.385195237,-0.09654194451892244,0.09654194451892244,0.5735162937918511,FALSE,FALSE
2022-03-30,Ross,0.362113849,-0.13329298913987653,0.13329298913987653,0.5735162937918511,FALSE,FALSE
2022-03-31,Ross,0.360257419,-0.14923133419165907,0.14923133419165907,0.5735162937918511,FALSE,FALSE
2022-04-01,Ross,0.350872688,-0.17311854415885436,0.17311854415885436,0.5735162937918511,FALSE,FALSE
2022-04-02,Ross,0.328811555,-0.2101134114787579,0.2101134114787579,0.5735162937918511,FALSE,FALSE
2022-04-03,Ross,0.338395362,-0.21590528756112637,0.21590528756112637,0.5735162937918511,FALSE,FALSE
2022-04-04,Ross,0.369360933,-0.200768041815722,0.200768041815722,0.5735162937918511,FALSE,FALSE
2022-04-05,Ross,0.389062921,-0.19735771465230265,0.19735771465230265,0.5735162937918511,FALSE,FALSE
2022-04-06,Ross,0.414922731,-0.18826359448062513,0.18826359448062513,0.5735162937918511,FALSE,FALSE
2022-04-07,Ross,0.442674472,-0.17776226571045284,0.17776226571045284,0.5735162937918511,FALSE,FALSE
2022-04-08,Ross,0.464172857,-0.1740097087515421,0.1740097087515421,0.5735162937918511,FALSE,FALSE
2022-04-09,Ross,0.504555223,-0.15187928001365214,0.15187928001365214,0.5735162937918511,FALSE,FALSE
2022-04-10,Ross,0.53151741,-0.14368583290654455,0.14368583290654455,0.5735162937918511,FALSE,FALSE
2022-04-11,Ross,0.519655697,-0.17484378183997662,0.17484378183997662,0.5735162937918511,FALSE,FALSE
2022-04-12,Ross,0.53810344,-0.1762301643753409,0.1762301643753409,0.5735162937918511,FALSE,FALSE
2022-04-13,Ross,0.583822642,-0.15087200081104313,0.15087200081104313,0.5735162937918511,FALSE,FALSE
2022-04-14,Ross,0.626514379,-0.12902200975862,0.12902200975862,0.5735162937918511,FALSE,FALSE
2022-04-15,Ross,0.632786964,-0.14402238231255893,0.14402238231255893,0.5735162937918511,FALSE,FALSE
2022-04-16,Ross,0.651149766,-0.14731425356734895,0.14731425356734895,0.5735162937918511,FALSE,FALSE
2022-04-17,Ross,0.681421658,-0.13902925461747595,0.13902925461747595,0.5735162937918511,FALSE,FALSE
2022-04-18,Ross,0.720423762,-0.12229676755742848,0.12229676755742848,0.5735162937918511,FALSE,FALSE
2022-04-19,Ross,0.739965053,-0.12525832148169314,0.12525832148169314,0.5735162937918511,FALSE,FALSE
2022-04-20,Ross,0.738617861,-0.14929209048475978,0.14929209048475978,0.5735162937918511,FALSE,FALSE
2022-04-21,Ross,0.74226078,-0.16846998466111218,0.16846998466111218,0.5735162937918511,FALSE,FALSE
2022-04-22,Ross,0.77888062,-0.1547556981052386,0.1547556981052386,0.5735162937918511,FALSE,FALSE
2022-04-23,Ross,0.808415741,-0.14816137491162884,0.14816137491162884,0.5735162937918511,FALSE,FALSE
2022-04-24,Ross,0.850632965,-0.12887069717476762,0.12887069717476762,0.5735162937918511,FALSE,FALSE
2022-04-25,Ross,0.88500593,-0.11737062749581828,0.11737062749581828,0.5735162937918511,FALSE,FALSE
2022-04-26,Ross,0.943305953,-0.08194634066923501,0.08194634066923501,0.5735162937918511,FALSE,FALSE
2022-04-27,Ross,1.003135558,-0.0451047945236982,0.0451047945236982,0.5735162937918511,FALSE,FALSE
2022-04-28,Ross,1.030391616,-0.04105915807937377,0.04105915807937377,0.5735162937918511,FALSE,FALSE
2022-04-29,Ross,1.044881455,-0.05011214335643221,0.05011214335643221,0.5735162937918511,FALSE,FALSE
2022-04-30,Ross,1.055124105,-0.063854760375045,0.063854760375045,0.5735162937918511,FALSE,FALSE
2022-05-01,Ross,1.044540547,-0.09897606815538353,0.09897606815538353,0.5735162937918511,FALSE,FALSE
2022-05-02,Ross,1.042242841,-0.12647404671761464,0.12647404671761464,0.5735162937918511,FALSE,FALSE
2022-05-03,Ross,1.045892221,-0.148797502081909,0.148797502081909,0.5735162937918511,FALSE,FALSE
2022-05-04,Ross,1.079853285,-0.14169187626843782,0.14169187626843782,0.5735162937918511,FALSE,FALSE
2022-05-05,Ross,1.126939672,-0.12245357029737036,0.12245357029737036,0.5735162937918511,FALSE,FALSE
2022-05-06,Ross,1.158792193,-0.11955181318887576,0.11955181318887576,0.5735162937918511,FALSE,FALSE
2022-05-07,Ross,1.20380738,-0.10470002409134647,0.10470002409134647,0.5735162937918511,FALSE,FALSE
2022-05-08,Ross,1.220776655,-0.11916718474705212,0.11916718474705212,0.5735162937918511,FALSE,FALSE
2022-05-09,Ross,1.247811755,-0.12477009283982143,0.12477009283982143,0.5735162937918511,FALSE,FALSE
2022-05-10,Ross,1.260293839,-0.14603442684150525,0.14603442684150525,0.5735162937918511,FALSE,FALSE
2022-05-11,Ross,1.300294673,-0.14079525822395134,0.14079525822395134,0.5735162937918511,FALSE,FALSE
2022-05-12,Ross,1.342153941,-0.1346197404590075,0.1346197404590075,0.5735162937918511,FALSE,FALSE
2022-05-13,Ross,1.359142946,-0.1541434080185271,0.1541434080185271,0.5735162937918511,FALSE,FALSE
2022-05-14,Ross,1.418226938,-0.1323078483743556,0.1323078483743556,0.5735162937918511,FALSE,FALSE
2022-05-15,Ross,1.496641001,-0.0917848149983438,0.0917848149983438,0.5735162937918511,FALSE,FALSE
2022-05-16,Ross,1.526092011,-0.10077426936234211,0.10077426936234211,0.5735162937918511,FALSE,FALSE
2022-05-17,Ross,1.565652021,-0.10011099593819694,0.10011099593819694,0.5735162937918511,FALSE,FALSE
2022-05-18,Ross,1.630072502,-0.07495036119776133,0.07495036119776133,0.5735162937918511,FALSE,FALSE
2022-05-19,Ross,1.665948734,-0.07860392261288318,0.07860392261288318,0.5735162937918511,FALSE,FALSE
2022-05-20,Ross,1.697545729,-0.08671655020596236,0.08671655020596236,0.5735162937918511,FALSE,FALSE
2022-05-21,Ross,1.750520324,-0.07359684387063758,0.07359684387063758,0.5735162937918511,FALSE,FALSE
2022-05-22,Ross,1.782446863,-0.08168443389090485,0.08168443389090485,0.5735162937918511,FALSE,FALSE
2022-05-23,Ross,1.785079993,-0.11924028057750612,0.11924028057750612,0.5735162937918511,FALSE,FALSE
2022-05-24,Ross,1.795419372,-0.14928033324118184,0.14928033324118184,0.5735162937918511,FALSE,FALSE
2022-05-25,Ross,1.810219945,-0.17506525419267072,0.17506525419267072,0.5735162937918511,FALSE,FALSE
2022-05-26,Ross,1.83415391,-0.19193845274271304,0.19193845274271304,0.5735162937918511,FALSE,FALSE
2022-05-27,Ross,1.87487767,-0.19225913320205068,0.19225913320205068,0.5735162937918511,FALSE,FALSE
2022-05-28,Ross,1.899468122,-0.20896600588142533,0.20896600588142533,0.5735162937918511,FALSE,FALSE
2022-05-29,Ross,1.888998394,-0.26100155009157766,0.26100155009157766,0.5735162937918511,FALSE,FALSE
2022-05-30,Ross,1.884820032,-0.30702982714324634,0.30702982714324634,0.5735162937918511,FALSE,FALSE
2022-05-31,Ross,1.906416807,-0.32758267334717384,0.32758267334717384,0.5735162937918511,FALSE,FALSE
2022-06-01,Ross,1.959369487,-0.3170949280140998,0.3170949280140998,0.5735162937918511,FALSE,FALSE
2022-06-02,Ross,2.015040485,-0.3042151270496922,0.3042151270496922,0.5735162937918511,FALSE,FALSE
2022-06-03,Ross,2.074975109,-0.28738824541674646,0.28738824541674646,0.5735162937918511,FALSE,FALSE
2022-06-04,Ross,2.148544985,-0.25722721129237325,0.25722721129237325,0.5735162937918511,FALSE,FALSE
2022-06-05,Ross,2.191009383,-0.2584573086414723,0.2584573086414723,0.5735162937918511,FALSE,FALSE
2022-06-06,Ross,2.238911105,-0.2545202894289451,0.2545202894289451,0.5735162937918511,FALSE,FALSE
2022-06-07,Ross,2.277820822,-0.2598300366196975,0.2598300366196975,0.5735162937918511,FALSE,FALSE
2022-06-08,Ross,2.337021411,-0.24508822717862477,0.24508822717862477,0.5735162937918511,FALSE,FALSE
2022-06-09,Ross,2.407355461,-0.21943682607063053,0.21943682607063053,0.5735162937918511,FALSE,FALSE
2022-06-10,Ross,2.490989411,-0.18069394826061955,0.18069394826061955,0.5735162937918511,FALSE,FALSE
2022-06-11,Ross,2.534648567,-0.1821188417134905,0.1821188417134905,0.5735162937918511,FALSE,FALSE
2022-06-12,Ross,2.60536123,-0.15666775939414412,0.15666775939414412,0.5735162937918511,FALSE,FALSE
2022-06-13,Ross,2.626805985,-0.18064667026748316,0.18064667026748316,0.5735162937918511,FALSE,FALSE
2022-06-14,Ross,2.655610681,-0.19741165574458996,0.19741165574458996,0.5735162937918511,FALSE,FALSE
2022-06-15,Ross,2.667556452,-0.23113802339813727,0.23113802339813727,0.5735162937918511,FALSE,FALSE
2022-06-16,Ross,2.642977637,-0.30141016508350926,0.30141016508350926,0.5735162937918511,FALSE,FALSE
2022-06-17,Ross,2.603754636,-0.3862636794503169,0.3862636794503169,0.5735162937918511,FALSE,FALSE
2022-06-18,Ross,2.592529441,-0.44297257314818594,0.44297257314818594,0.5735162937918511,FALSE,FALSE
2022-06-19,Ross,2.588562525,-0.4921923718267221,0.4921923718267221,0.5735162937918511,FALSE,FALSE
2022-06-20,Ross,2.563451463,-0.5622414991355464,0.5622414991355464,0.5735162937918511,FALSE,FALSE
2022-06-21,Ross,2.555555895,-0.6146763137242739,0.6146763137242739,0.5735162937918511,TRUE,FALSE
2022-06-22,Ross,2.599249545,-0.6150390902425213,0.6150390902425213,0.5735162937918511,TRUE,FALSE
2022-06-23,Ross,2.659071464,-0.5987067763399034,0.5987067763399034,0.5735162937918511,TRUE,FALSE
2022-06-24,Ross,2.734445836,-0.5661711866660375,0.5661711866660375,0.5735162937918511,FALSE,FALSE
2022-06-25,Ross,2.862827661,-0.4798933198705373,0.4798933198705373,0.5735162937918511,FALSE,FALSE
2022-06-26,Ross,2.970267603,-0.41373851060301936,0.41373851060301936,0.5735162937918511,FALSE,FALSE
2022-06-27,Ross,3.014231969,-0.4101715089748588,0.4101715089748588,0.5735162937918511,FALSE,FALSE
2022-06-28,Ross,3.05734406,-0.40661386044352943,0.40661386044352943,0.5735162937918511,FALSE,FALSE
2022-06-29,Ross,3.071105666,-0.4316606162915968,0.4316606162915968,0.5735162937918511,FALSE,FALSE
2022-06-30,Ross,3.123690369,-0.4172353031335705,0.4172353031335705,0.5735162937918511,FALSE,FALSE
2022-07-01,Ross,3.166112835,-0.41242036358395806,0.41242036358395806,0.5735162937918511,FALSE,FALSE
2022-07-02,Ross,3.186442538,-0.42924343225726647,0.42924343225726647,0.5735162937918511,FALSE,FALSE
2022-07-03,Ross,3.233469501,-0.41901159476801064,0.41901159476801064,0.5735162937918511,FALSE,FALSE
2022-07-04,Ross,3.265534517,-0.4234811667306948,0.4234811667306948,0.5735162937918511,FALSE,FALSE
2022-07-05,Ross,3.279715637,-0.44567120575982866,0.44567120575982866,0.5735162937918511,FALSE,FALSE
2022-07-06,Ross,3.305776017,-0.4559156644699214,0.4559156644699214,0.5735162937918511,FALSE,FALSE
2022-07-07,Ross,3.352514763,-0.4455125454754776,0.4455125454754776,0.5735162937918511,FALSE,FALSE
2022-07-08,Ross,3.442819912,-0.3916709203910158,0.3916709203910158,0.5735162937918511,FALSE,FALSE
2022-07-09,Ross,3.511656945,-0.3595221093616061,0.3595221093616061,0.5735162937918511,FALSE,FALSE
2022-07-10,Ross,3.569028112,-0.3391008621519713,0.3391008621519713,0.5735162937918511,FALSE,FALSE
2022-07-11,Ross,3.59581915,-0.3494275677340082,0.3494275677340082,0.5735162937918511,FALSE,FALSE
2022-07-12,Ross,3.626077577,-0.3563435147252805,0.3563435147252805,0.5735162937918511,FALSE,FALSE
2022-07-13,Ross,3.692712246,-0.3268286567433494,0.3268286567433494,0.5735162937918511,FALSE,FALSE
2022-07-14,Ross,3.787956162,-0.2685387954057741,0.2685387954057741,0.5735162937918511,FALSE,FALSE
2022-07-15,Ross,3.832962936,-0.2602091263301234,0.2602091263301234,0.5735162937918511,FALSE,FALSE
2022-07-16,Ross,3.859909129,-0.2695518951339517,0.2695518951339517,0.5735162937918511,FALSE,FALSE
2022-07-17,Ross,3.912263806,-0.2529868434348326,0.2529868434348326,0.5735162937918511,FALSE,FALSE
2022-07-18,Ross,3.985188386,-0.21524135885031992,0.21524135885031992,0.5735162937918511,FALSE,FALSE
2022-07-19,Ross,4.077351582,-0.15753553499798034,0.15753553499798034,0.5735162937918511,FALSE,FALSE
2022-07-20,Ross,4.149988176,-0.11852339649537758,0.11852339649537758,0.5735162937918511,FALSE,FALSE
2022-07-21,Ross,4.222408162,-0.07878375596006926,0.07878375596006926,0.5735162937918511,FALSE,FALSE
2022-07-22,Ross,4.219143481,-0.11368240282171804,0.11368240282171804,0.5735162937918511,FALSE,FALSE
2022-07-23,Ross,4.165985588,-0.1974487816207864,0.1974487816207864,0.5735162937918511,FALSE,FALSE
2022-07-24,Ross,4.127546865,-0.26558119275068304,0.26558119275068304,0.5735162937918511,FALSE,FALSE
2022-07-25,Ross,4.117989296,-0.3040303712292687,0.3040303712292687,0.5735162937918511,FALSE,FALSE
2022-07-26,Ross,4.153539382,-0.2966825350744138,0.2966825350744138,0.5735162937918511,FALSE,FALSE
2022-07-27,Ross,4.21128981,-0.26655771630398917,0.26655771630398917,0.5735162937918511,FALSE,FALSE
2022-07-28,Ross,4.26016313,-0.2448460839358599,0.2448460839358599,0.5735162937918511,FALSE,FALSE
2022-07-29,Ross,4.296486377,-0.2353333219878877,0.2353333219878877,0.5735162937918511,FALSE,FALSE
2022-07-30,Ross,4.297018826,-0.26137287447794577,0.26137287447794577,0.5735162937918511,FALSE,FALSE
2022-07-31,Ross,4.270887583,-0.3139503544238993,0.3139503544238993,0.5735162937918511,FALSE,FALSE
2022-08-01,Ross,4.236093232,-0.37517789684362146,0.37517789684362146,0.5735162937918511,FALSE,FALSE
2022-08-02,Ross,4.22060172,-0.4172022737549721,0.4172022737549721,0.5735162937918511,FALSE,FALSE
2022-08-03,Ross,4.277857535,-0.3866917145779496,0.3866917145779496,0.5735162937918511,FALSE,FALSE
2022-08-04,Ross,4.392080832,-0.29949564559178565,0.29949564559178565,0.5735162937918511,FALSE,FALSE
2022-08-05,Ross,4.434167092,-0.28463255835334067,0.28463255835334067,0.5735162937918511,FALSE,FALSE
2022-08-06,Ross,4.449221156,-0.29687650794289233,0.29687650794289233,0.5735162937918511,FALSE,FALSE
2022-08-07,Ross,4.505227528,-0.2681218864407189,0.2681218864407189,0.5735162937918511,FALSE,FALSE
2022-08-08,Ross,4.539435351,-0.2609984469270872,0.2609984469270872,0.5735162937918511,FALSE,FALSE
2022-08-09,Ross,4.528935252,-0.2982944584822729,0.2982944584822729,0.5735162937918511,FALSE,FALSE
2022-08-10,Ross,4.517687841,-0.3359282071865577,0.3359282071865577,0.5735162937918511,FALSE,FALSE
2022-08-11,Ross,4.531455136,-0.3480165711202057,0.3480165711202057,0.5735162937918511,FALSE,FALSE
2022-08-12,Ross,4.539307154,-0.36536842936349423,0.36536842936349423,0.5735162937918511,FALSE,FALSE
2022-08-13,Ross,4.55153538,-0.3775711929966947,0.3775711929966947,0.5735162937918511,FALSE,FALSE
2022-08-14,Ross,4.633558639,-0.319084933100088,0.319084933100088,0.5735162937918511,FALSE,FALSE
2022-08-15,Ross,4.719723487,-0.2554419897539404,0.2554419897539404,0.5735162937918511,FALSE,FALSE
2022-08-16,Ross,4.747405076,-0.24915008767373337,0.24915008767373337,0.5735162937918511,FALSE,FALSE
2022-08-17,Ross,4.69193285,-0.32488097340228705,0.32488097340228705,0.5735162937918511,FALSE,FALSE
2022-08-18,Ross,4.686151541,-0.34992652498885235,0.34992652498885235,0.5735162937918511,FALSE,FALSE
2022-08-19,Ross,4.717059119,-0.3374328038216845,0.3374328038216845,0.5735162937918511,FALSE,FALSE
2022-08-20,Ross,4.722533135,-0.34966629028903906,0.34966629028903906,0.5735162937918511,FALSE,FALSE
2022-08-21,Ross,4.813544897,-0.27579970777916607,0.27579970777916607,0.5735162937918511,FALSE,FALSE
2022-08-22,Ross,4.90234481,-0.20372668268032432,0.20372668268032432,0.5735162937918511,FALSE,FALSE
2022-08-23,Ross,4.957050501,-0.165473619380764,0.165473619380764,0.5735162937918511,FALSE,FALSE
2022-08-24,Ross,4.949001765,-0.18984475426873623,0.18984475426873623,0.5735162937918511,FALSE,FALSE
2022-08-25,Ross,4.906322337,-0.2488603837325032,0.2488603837325032,0.5735162937918511,FALSE,FALSE
2022-08-26,Ross,4.90465735,-0.2670194061603093,0.2670194061603093,0.5735162937918511,FALSE,FALSE
2022-08-27,Ross,4.914861419,-0.27361123794041387,0.27361123794041387,0.5735162937918511,FALSE,FALSE
2022-08-28,Ross,4.95143126,-0.2542831944610695,0.2542831944610695,0.5735162937918511,FALSE,FALSE
2022-08-29,Ross,4.909207963,-0.31431093831474755,0.31431093831474755,0.5735162937918511,FALSE,FALSE
2022-08-30,Ross,4.857001386,-0.38483557186592154,0.38483557186592154,0.5735162937918511,FALSE,FALSE
2022-08-31,Ross,4.873092957,-0.3874643340574728,0.3874643340574728,0.5735162937918511,FALSE,FALSE
2022-09-01,Ross,4.942445421,-0.3371230350983385,0.3371230350983385,0.5735162937918511,FALSE,FALSE
2022-09-02,Ross,5.048982148,-0.2497768601974606,0.2497768601974606,0.5735162937918511,FALSE,FALSE
2022-09-03,Ross,5.183484214,-0.13453328856377578,0.13453328856377578,0.5735162937918511,FALSE,FALSE
2022-09-04,Ross,5.220308017,-0.11692447740622036,0.11692447740622036,0.5735162937918511,FALSE,FALSE
2022-09-05,Ross,5.214894177,-0.14139836193373334,0.14139836193373334,0.5735162937918511,FALSE,FALSE
2022-09-06,Ross,5.178988555,-0.1960976363552529,0.1960976363552529,0.5735162937918511,FALSE,FALSE
2022-09-07,Ross,5.154473362,-0.23902864487971695,0.23902864487971695,0.5735162937918511,FALSE,FALSE
2022-09-08,Ross,5.16674778,-0.2446807607160606,0.2446807607160606,0.5735162937918511,FALSE,FALSE
2022-09-09,Ross,5.170272598,-0.2584817500732264,0.2584817500732264,0.5735162937918511,FALSE,FALSE
2022-09-10,Ross,5.188626164,-0.2567422827613193,0.2567422827613193,0.5735162937918511,FALSE,FALSE
2022-09-11,Ross,5.251818346,-0.20938542407871896,0.20938542407871896,0.5735162937918511,FALSE,FALSE
2022-09-12,Ross,5.311162321,-0.16511040014553569,0.16511040014553569,0.5735162937918511,FALSE,FALSE
2022-09-13,Ross,5.346760908,-0.14383516256130058,0.14383516256130058,0.5735162937918511,FALSE,FALSE
2022-09-14,Ross,5.346430577,-0.15776401192553546,0.15776401192553546,0.5735162937918511,FALSE,FALSE
2022-09-15,Ross,5.381586998,-0.13550204883777006,0.13550204883777006,0.5735162937918511,FALSE,FALSE
2022-09-16,Ross,5.424247373,-0.10505284189753006,0.10505284189753006,0.5735162937918511,FALSE,FALSE
2022-09-17,Ross,5.444183464,-0.09666539970434052,0.09666539970434052,0.5735162937918511,FALSE,FALSE
2022-09-18,Ross,5.467833742,-0.08392202185773101,0.08392202185773101,0.5735162937918511,FALSE,FALSE
2022-09-19,Ross,5.468855277,-0.09318640895722474,0.09318640895722474,0.5735162937918511,FALSE,FALSE
2022-09-20,Ross,5.456391935,-0.1153354656023522,0.1153354656023522,0.5735162937918511,FALSE,FALSE
2022-09-21,Ross,5.505319412,-0.07551426639263603,0.07551426639263603,0.5735162937918511,FALSE,FALSE
2022-09-22,Ross,5.532930456,-0.05645083392760774,0.05645083392760774,0.5735162937918511,FALSE,FALSE
2022-09-23,Ross,5.557639178,-0.03975001806798151,0.03975001806798151,0.5735162937918511,FALSE,FALSE
2022-09-24,Ross,5.578547274,-0.02630970838460822,0.02630970838460822,0.5735162937918511,FALSE,FALSE
2022-09-25,Ross,5.592649166,-0.01912331509964993,0.01912331509964993,0.5735162937918511,FALSE,FALSE
2022-09-26,Ross,5.600601954,-0.01752140552282544,0.01752140552282544,0.5735162937918511,FALSE,FALSE
2022-09-27,Ross,5.604659825,-0.01923745996385673,0.01923745996385673,0.5735162937918511,FALSE,FALSE
2022-09-28,Ross,5.610683984,-0.01839794073246103,0.01839794073246103,0.5735162937918511,FALSE,FALSE
2022-09-29,Ross,5.618959776,-0.01470517013835515,0.01470517013835515,0.5735162937918511,FALSE,FALSE
2022-09-30,Ross,5.600056542,-0.03757747449125848,0.03757747449125848,0.5735162937918511,FALSE,FALSE
2022-10-01,Ross,5.543772705,-0.0972040981008897,0.0972040981008897,0.5735162937918511,FALSE,FALSE
2022-10-02,Ross,5.534895392,-0.10878558127696893,0.10878558127696893,0.5735162937918511,FALSE,FALSE
2022-10-03,Ross,5.504921258,-0.14081293632921188,0.14081293632921188,0.5735162937918511,FALSE,FALSE
2022-10-04,Ross,5.483165703,-0.16395843056734005,0.16395843056734005,0.5735162937918511,FALSE,FALSE
2022-10-05,Ross,5.497008897,-0.1508295541821747,0.1508295541821747,0.5735162937918511,FALSE,FALSE
2022-10-06,Ross,5.531431876,-0.11642432013816696,0.11642432013816696,0.5735162937918511,FALSE,FALSE
2022-10-07,Ross,5.567421103,-0.07970998405288388,0.07970998405288388,0.5735162937918511,FALSE,FALSE
2022-10-08,Ross,5.611969308,-0.03364290040689255,0.03364290040689255,0.5735162937918511,FALSE,FALSE
2022-10-09,Ross,5.64186579,-0.00138285468074794,0.00138285468074794,0.5735162937918511,FALSE,FALSE
2022-10-10,Ross,5.635472788,-0.00451669235501217,0.00451669235501217,0.5735162937918511,FALSE,FALSE
2022-10-11,Ross,5.59155479,-0.04422900991024825,0.04422900991024825,0.5735162937918511,FALSE,FALSE
2022-10-12,Ross,5.569981421,-0.06059926682701278,0.06059926682701278,0.5735162937918511,FALSE,FALSE
2022-10-13,Ross,5.542213721,-0.08211550758586927,0.08211550758586927,0.5735162937918511,FALSE,FALSE
2022-10-14,Ross,5.526094822,-0.09088368466737684,0.09088368466737684,0.5735162937918511,FALSE,FALSE
2022-10-15,Ross,5.507042568,-0.10143503855209612,0.10143503855209612,0.5735162937918511,FALSE,FALSE
2022-10-16,Ross,5.469320851,-0.12945476172059145,0.12945476172059145,0.5735162937918511,FALSE,FALSE
2022-10-17,Ross,5.391238208,-0.19658340165341937,0.19658340165341937,0.5735162937918511,FALSE,FALSE
2022-10-18,Ross,5.329842345,-0.24572617205870273,0.24572617205870273,0.5735162937918511,FALSE,FALSE
2022-10-19,Ross,5.264774507,-0.2972762067416461,0.2972762067416461,0.5735162937918511,FALSE,FALSE
2022-10-20,Ross,5.228226638,-0.319153816649699,0.319153816649699,0.5735162937918511,FALSE,FALSE
2022-10-21,Ross,5.18971562,-0.3419574929123712,0.3419574929123712,0.5735162937918511,FALSE,FALSE
2022-10-22,Ross,5.175422901,-0.33962116065917414,0.33962116065917414,0.5735162937918511,FALSE,FALSE
2022-10-23,Ross,5.171303305,-0.32630536901961804,0.32630536901961804,0.5735162937918511,FALSE,FALSE
2022-10-24,Ross,5.178198812,-0.30128351112321283,0.30128351112321283,0.5735162937918511,FALSE,FALSE
2022-10-25,Ross,5.184547131,-0.27623325109946606,0.27623325109946606,0.5735162937918511,FALSE,FALSE
2022-10-26,Ross,5.1829681,-0.25865012407789134,0.25865012407789134,0.5735162937918511,FALSE,FALSE
2022-10-27,Ross,5.206777767,-0.21533345518799685,0.21533345518799685,0.5735162937918511,FALSE,FALSE
2022-10-28,Ross,5.200751971,-0.20162277855929212,0.20162277855929212,0.5735162937918511,FALSE,FALSE
2022-10-29,Ross,5.178873899,-0.2036502803212867,0.2036502803212867,0.5735162937918511,FALSE,FALSE
2022-10-30,Ross,5.163388372,-0.19928651260349103,0.19928651260349103,0.5735162937918511,FALSE,FALSE
2022-10-31,Ross,5.137437375,-0.20546478684975256,0.20546478684975256,0.5735162937918511,FALSE,FALSE
2022-11-01,Ross,5.124566093,-0.198517948354759,0.198517948354759,0.5735162937918511,FALSE,FALSE
2022-11-02,Ross,5.07430297,-0.2287349909177161,0.2287349909177161,0.5735162937918511,FALSE,FALSE
2022-11-03,Ross,5.057650334,-0.2249310080489737,0.2249310080489737,0.5735162937918511,FALSE,FALSE
2022-11-04,Ross,5.063778189,-0.19775341725888665,0.19775341725888665,0.5735162937918511,FALSE,FALSE
2022-11-05,Ross,5.044874309,-0.194831866057803,0.194831866057803,0.5735162937918511,FALSE,FALSE
2022-11-06,Ross,5.042974193,-0.1739482769560734,0.1739482769560734,0.5735162937918511,FALSE,FALSE
2022-11-07,Ross,5.01177037,-0.1812275424640513,0.1812275424640513,0.5735162937918511,FALSE,FALSE
2022-11-08,Ross,4.999463533,-0.16828639109208865,0.16828639109208865,0.5735162937918511,FALSE,FALSE
2022-11-09,Ross,4.9108255,-0.23017042635053553,0.23017042635053553,0.5735162937918511,FALSE,FALSE
2022-11-10,Ross,4.858882268,-0.2536710727497429,0.2536710727497429,0.5735162937918511,FALSE,FALSE
2022-11-11,Ross,4.827026573,-0.25521301580006206,0.25521301580006206,0.5735162937918511,FALSE,FALSE
2022-11-12,Ross,4.813539565,-0.23633400793021145,0.23633400793021145,0.5735162937918511,FALSE,FALSE
2022-11-13,Ross,4.772295989,-0.2430601294919947,0.2430601294919947,0.5735162937918511,FALSE,FALSE
2022-11-14,Ross,4.733114653,-0.2455965450848536,0.2455965450848536,0.5735162937918511,FALSE,FALSE
2022-11-15,Ross,4.696179247,-0.2437936949273052,0.2437936949273052,0.5735162937918511,FALSE,FALSE
2022-11-16,Ross,4.624518898,-0.2746565822378626,0.2746565822378626,0.5735162937918511,FALSE,FALSE
2022-11-17,Ross,4.617344754,-0.23900818923504288,0.23900818923504288,0.5735162937918511,FALSE,FALSE
2022-11-18,Ross,4.576393555,-0.23514590613736264,0.23514590613736264,0.5735162937918511,FALSE,FALSE
2022-11-19,Ross,4.536406981,-0.228362183163334,0.228362183163334,0.5735162937918511,FALSE,FALSE
2022-11-20,Ross,4.506727983,-0.2093481995314752,0.2093481995314752,0.5735162937918511,FALSE,FALSE
2022-11-21,Ross,4.436117601,-0.22937704546029636,0.22937704546029636,0.5735162937918511,FALSE,FALSE
2022-11-22,Ross,4.39595647,-0.21710221616832023,0.21710221616832023,0.5735162937918511,FALSE,FALSE
2022-11-23,Ross,4.339643066,-0.2191593658740576,0.2191593658740576,0.5735162937918511,FALSE,FALSE
2022-11-24,Ross,4.253880967,-0.2488790467960245,0.2488790467960245,0.5735162937918511,FALSE,FALSE
2022-11-25,Ross,4.19355626,-0.2513842412543097,0.2513842412543097,0.5735162937918511,FALSE,FALSE
2022-11-26,Ross,4.134892442,-0.250248560688898,0.250248560688898,0.5735162937918511,FALSE,FALSE
2022-11-27,Ross,4.071501403,-0.25155064411412376,0.25155064411412376,0.5735162937918511,FALSE,FALSE
2022-11-28,Ross,3.969907516,-0.2884558402670736,0.2884558402670736,0.5735162937918511,FALSE,FALSE
2022-11-29,Ross,3.89627317,-0.2944914818848283,0.2944914818848283,0.5735162937918511,FALSE,FALSE
2022-11-30,Ross,3.799753225,-0.3201924307044717,0.3201924307044717,0.5735162937918511,FALSE,FALSE
2022-12-01,Ross,3.748463342,-0.29713274746309093,0.29713274746309093,0.5735162937918511,FALSE,FALSE
2022-12-02,Ross,3.700618587,-0.26678708789776673,0.26678708789776673,0.5735162937918511,FALSE,FALSE
2022-12-03,Ross,3.633020245,-0.2520438887455856,0.2520438887455856,0.5735162937918511,FALSE,FALSE
2022-12-04,Ross,3.572850642,-0.2254105457436304,0.2254105457436304,0.5735162937918511,FALSE,FALSE
2022-12-05,Ross,3.483809877,-0.22287668162898464,0.22287668162898464,0.5735162937918511,FALSE,FALSE
2022-12-06,Ross,3.403988943,-0.206041025138735,0.206041025138735,0.5735162937918511,FALSE,FALSE
2022-12-07,Ross,3.28060022,-0.2273818203332323,0.2273818203332323,0.5735162937918511,FALSE,FALSE
2022-12-08,Ross,3.177497928,-0.2230155812901025,0.2230155812901025,0.5735162937918511,FALSE,FALSE
2022-12-09,Ross,3.036115646,-0.25215498559821015,0.25215498559821015,0.5735162937918511,FALSE,FALSE
2022-12-10,Ross,2.874149706,-0.297849747581461,0.297849747581461,0.5735162937918511,FALSE,FALSE
2022-12-11,Ross,2.715024297,-0.33742172456377384,0.33742172456377384,0.5735162937918511,FALSE,FALSE
2022-12-12,Ross,2.487353282,-0.4430030998690522,0.4430030998690522,0.5735162937918511,FALSE,FALSE
2022-12-13,Ross,2.28292567,-0.5235509108212106,0.5235509108212106,0.5735162937918511,FALSE,FALSE
2022-12-14,Ross,2.172752727,-0.508799937744159,0.508799937744159,0.5735162937918511,FALSE,FALSE
2022-12-15,Ross,2.081801746,-0.4745289339618055,0.4745289339618055,0.5735162937918511,FALSE,FALSE
2022-12-16,Ross,1.929021658,-0.5025350147980658,0.5025350147980658,0.5735162937918511,FALSE,FALSE
2022-12-17,Ross,1.819226323,-0.4887503665768449,0.4887503665768449,0.5735162937918511,FALSE,FALSE
2022-12-18,Ross,1.722472692,-0.4638640846220567,0.4638640846220567,0.5735162937918511,FALSE,FALSE
2022-12-19,Ross,1.575980001,-0.49140297925761134,0.49140297925761134,0.5735162937918511,FALSE,FALSE
2022-12-20,Ross,1.468117444,-0.48372472864335614,0.48372472864335614,0.5735162937918511,FALSE,FALSE
2022-12-21,Ross,1.398834225,-0.4413038204463253,0.4413038204463253,0.5735162937918511,FALSE,FALSE
2022-12-22,Ross,1.325639535,-0.40681275029804587,0.40681275029804587,0.5735162937918511,FALSE,FALSE
2022-12-23,Ross,1.234793673,-0.3941661618944641,0.3941661618944641,0.5735162937918511,FALSE,FALSE
2022-12-24,Ross,1.111630749,-0.4182048879315252,0.4182048879315252,0.5735162937918511,FALSE,FALSE
2022-12-25,Ross,0.960319623,-0.4749350111051744,0.4749350111051744,0.5735162937918511,FALSE,FALSE
2022-12-26,Ross,0.868027225,-0.4773645441113602,0.4773645441113602,0.5735162937918511,FALSE,FALSE
2022-12-27,Ross,0.774034951,-0.4863870336460274,0.4863870336460274,0.5735162937918511,FALSE,FALSE
2022-12-28,Ross,0.711960016,-0.4685602074051175,0.4685602074051175,0.5735162937918511,FALSE,FALSE
2022-12-29,Ross,0.625283534,-0.480577894084584,0.480577894084584,0.5735162937918511,FALSE,FALSE
2022-12-30,Ross,0.590528759,-0.4460917823803684,0.4460917823803684,0.5735162937918511,FALSE,FALSE
2022-12-31,Ross,0.57164645,-0.4013260559884166,0.4013260559884166,0.5735162937918511,FALSE,FALSE
2023-01-01,Ross,0.544792289,-0.3702999756046751,0.3702999756046751,0.5735162937918511,FALSE,FALSE
2023-01-02,Ross,0.54059092500000006,-0.3224591911851721,0.3224591911851721,0.5735162937918511,FALSE,FALSE
2023-01-03,Ross,0.529013632,-0.28748415272627104,0.28748415272627104,0.5735162937918511,FALSE,FALSE
2023-01-04,Ross,0.509372035,-0.2656103154844194,0.2656103154844194,0.5735162937918511,FALSE,FALSE
2023-01-05,Ross,0.497220372,-0.2408305217160548,0.2408305217160548,0.5735162937918511,FALSE,FALSE
2023-01-06,Ross,0.476870579,-0.228379915677629,0.228379915677629,0.5735162937918511,FALSE,FALSE
2023-01-07,Ross,0.454693513,-0.2214347206255856,0.2214347206255856,0.5735162937918511,FALSE,FALSE
2023-01-08,Ross,0.458413926,-0.19181726481636768,0.19181726481636768,0.5735162937918511,FALSE,FALSE
2023-01-09,Ross,0.467637541,-0.159468905506421,0.159468905506421,0.5735162937918511,FALSE,FALSE
2023-01-10,Ross,0.455245829,-0.15105525195219216,0.15105525195219216,0.5735162937918511,FALSE,FALSE
2023-01-11,Ross,0.453331651,-0.13403052341012517,0.13403052341012517,0.5735162937918511,FALSE,FALSE
2023-01-12,Ross,0.431001427,-0.1388353801366643,0.1388353801366643,0.5735162937918511,FALSE,FALSE
2023-01-13,Ross,0.41129471,-0.1419773493882555,0.1419773493882555,0.5735162937918511,FALSE,FALSE
2023-01-14,Ross,0.402047541,-0.13517323727497793,0.13517323727497793,0.5735162937918511,FALSE,FALSE
2023-01-15,Ross,0.38302544,-0.13841731351513992,0.13841731351513992,0.5735162937918511,FALSE,FALSE
2023-01-16,Ross,0.372004718,-0.13395231160583365,0.13395231160583365,0.5735162937918511,FALSE,FALSE
2023-01-17,Ross,0.357089812,-0.1337092351968746,0.1337092351968746,0.5735162937918511,FALSE,FALSE
2023-01-18,Ross,0.345902008,-0.13010223893807782,0.13010223893807782,0.5735162937918511,FALSE,FALSE
2023-01-19,Ross,0.328451011,-0.1331570584792594,0.1331570584792594,0.5735162937918511,FALSE,FALSE
2023-01-20,Ross,0.316535239,-0.1311107164702341,0.1311107164702341,0.5735162937918511,FALSE,FALSE
2023-01-21,Ross,0.314657494,-0.11949585156081773,0.11949585156081773,0.5735162937918511,FALSE,FALSE
2023-01-22,Ross,0.297352648,-0.12381303240082532,0.12381303240082532,0.5735162937918511,FALSE,FALSE
2023-01-23,Ross,0.283247043,-0.12547135764007383,0.12547135764007383,0.5735162937918511,FALSE,FALSE
2023-01-24,Ross,0.271155153,-0.12569179392837798,0.12569179392837798,0.5735162937918511,FALSE,FALSE
2023-01-25,Ross,0.269971491,-0.11561526891555268,0.11561526891555268,0.5735162937918511,FALSE,FALSE
2023-01-26,Ross,0.267466066,-0.10750721425141346,0.10750721425141346,0.5735162937918511,FALSE,FALSE
2023-01-27,Ross,0.258800542,-0.10623422161440792,0.10623422161440792,0.5735162937918511,FALSE,FALSE
2023-01-28,Ross,0.254320108,-0.10143071931451658,0.10143071931451658,0.5735162937918511,FALSE,FALSE
2023-01-29,Ross,0.251738256,-0.0953426644304537,0.0953426644304537,0.5735162937918511,FALSE,FALSE
2023-01-30,Ross,0.252942355,-0.08604207207266346,0.08604207207266346,0.5735162937918511,FALSE,FALSE
2023-01-31,Ross,0.244202283,-0.08721844835158679,0.08721844835158679,0.5735162937918511,FALSE,FALSE
2023-02-01,Ross,0.233762768,-0.09058644937766593,0.09058644937766593,0.5735162937918511,FALSE,FALSE
2023-02-02,Ross,0.217720478,-0.10000879126134415,0.10000879126134415,0.5735162937918511,FALSE,FALSE
2023-02-03,Ross,0.209779328,-0.10174094311306205,0.10174094311306205,0.5735162937918511,FALSE,FALSE
2023-02-04,Ross,0.199354623,-0.10632698404326174,0.10632698404326174,0.5735162937918511,FALSE,FALSE
2023-02-05,Ross,0.210373024,-0.0897996371623859,0.0897996371623859,0.5735162937918511,FALSE,FALSE
2023-02-06,Ross,0.207257034,-0.08769578358087649,0.08769578358087649,0.5735162937918511,FALSE,FALSE
2023-02-07,Ross,0.191203423,-0.09877803740917449,0.09877803740917449,0.5735162937918511,FALSE,FALSE
2023-02-08,Ross,0.18811322,-0.09710490393106155,0.09710490393106155,0.5735162937918511,FALSE,FALSE
2023-02-09,Ross,0.188818089,-0.0918240798134212,0.0918240798134212,0.5735162937918511,FALSE,FALSE
2023-02-10,Ross,0.186358135,-0.08991425063737571,0.08991425063737571,0.5735162937918511,FALSE,FALSE
2023-02-11,Ross,0.190680547,-0.08145167992484856,0.08145167992484856,0.5735162937918511,FALSE,FALSE
2023-02-12,Ross,0.181341772,-0.08690337319776253,0.08690337319776253,0.5735162937918511,FALSE,FALSE
2023-02-13,Ross,0.19695747,-0.06767712297804321,0.06767712297804321,0.5735162937918511,FALSE,FALSE
2023-02-14,Ross,0.20266599,-0.05865803278761142,0.05865803278761142,0.5735162937918511,FALSE,FALSE
2023-02-15,Ross,0.217505387,-0.04083150014839143,0.04083150014839143,0.5735162937918511,FALSE,FALSE
2023-02-16,Ross,0.213207165,-0.04248947358230967,0.04248947358230967,0.5735162937918511,FALSE,FALSE
2023-02-17,Ross,0.208267645,-0.04515908461128593,0.04515908461128593,0.5735162937918511,FALSE,FALSE
2023-02-18,Ross,0.209529621,-0.04202099175724638,0.04202099175724638,0.5735162937918511,FALSE,FALSE
2023-02-19,Ross,0.219461516,-0.03063022454211381,0.03063022454211381,0.5735162937918511,FALSE,FALSE
2023-02-20,Ross,0.230699703,-0.01837386248781195,0.01837386248781195,0.5735162937918511,FALSE,FALSE
2023-02-21,Ross,0.240642764,-0.00787504728144231,0.00787504728144231,0.5735162937918511,FALSE,FALSE
2023-02-22,Ross,0.248654194,2.2895214910584327e-4,2.2895214910584327e-4,0.5735162937918511,FALSE,FALSE
2023-02-23,Ross,0.266014878,0.01723220022242652,0.01723220022242652,0.5735162937918511,FALSE,FALSE
2023-02-24,Ross,0.266638107,0.01706141941058991,0.01706141941058991,0.5735162937918511,FALSE,FALSE
2023-02-25,Ross,0.258602149,0.00780830918566927,0.00780830918566927,0.5735162937918511,FALSE,FALSE
2023-02-26,Ross,0.248047914,-0.00437278898026413,0.00437278898026413,0.5735162937918511,FALSE,FALSE
2023-02-27,Ross,0.241880026,-0.01256381961513633,0.01256381961513633,0.5735162937918511,FALSE,FALSE
2023-02-28,Ross,0.24127867,-0.01557116624687562,0.01557116624687562,0.5735162937918511,FALSE,FALSE
2023-03-01,Ross,0.217071698,-0.04255354540341025,0.04255354540341025,0.5735162937918511,FALSE,FALSE
2023-03-02,Ross,0.205344777,-0.05741185861266693,0.05741185861266693,0.5735162937918511,FALSE,FALSE
2023-03-03,Ross,0.212250313,-0.05398026840257472,0.05398026840257472,0.5735162937918511,FALSE,FALSE
2023-03-04,Ross,0.213568196,-0.0564654533010599,0.0564654533010599,0.5735162937918511,FALSE,FALSE
2023-03-05,Ross,0.214021814,-0.06013059503836629,0.06013059503836629,0.5735162937918511,FALSE,FALSE
2023-03-06,Ross,0.194065847,-0.08451205581051668,0.08451205581051668,0.5735162937918511,FALSE,FALSE
2023-03-07,Ross,0.194730973,-0.08858476046322525,0.08858476046322525,0.5735162937918511,FALSE,FALSE
2023-03-08,Ross,0.202848231,-0.08552623099080231,0.08552623099080231,0.5735162937918511,FALSE,FALSE
2023-03-09,Ross,0.191048749,-0.1027139003875536,0.1027139003875536,0.5735162937918511,FALSE,FALSE
2023-03-10,Ross,0.187885862,-0.11160299464778696,0.11160299464778696,0.5735162937918511,FALSE,FALSE
2023-03-11,Ross,0.189819725,-0.11574191976581,0.11574191976581,0.5735162937918511,FALSE,FALSE
2023-03-12,Ross,0.199864289,-0.11212528573593096,0.11212528573593096,0.5735162937918511,FALSE,FALSE
2023-03-13,Ross,0.224706388,-0.09407481955245624,0.09407481955245624,0.5735162937918511,FALSE,FALSE
2023-03-14,Ross,0.219579939,-0.10636516520969123,0.10636516520969123,0.5735162937918511,FALSE,FALSE
2023-03-15,Ross,0.211993558,-0.1214962677019483,0.1214962677019483,0.5735162937918511,FALSE,FALSE
2023-03-16,Ross,0.226320143,-0.11510379002353036,0.11510379002353036,0.5735162937918511,FALSE,FALSE
2023-03-17,Ross,0.247427431,-0.1023285561687484,0.1023285561687484,0.5735162937918511,FALSE,FALSE
2023-03-18,Ross,0.265937716,-0.09255667265721829,0.09255667265721829,0.5735162937918511,FALSE,FALSE
2023-03-19,Ross,0.279477454,-0.08816607617664002,0.08816607617664002,0.5735162937918511,FALSE,FALSE
2023-03-20,Ross,0.281321244,-0.09588236818894648,0.09588236818894648,0.5735162937918511,FALSE,FALSE
2023-03-21,Ross,0.295566232,-0.0916084057792258,0.0916084057792258,0.5735162937918511,FALSE,FALSE
2023-03-22,Ross,0.306664103,-0.09089250703256356,0.09089250703256356,0.5735162937918511,FALSE,FALSE
2023-03-23,Ross,0.322729351,-0.085620181034048,0.085620181034048,0.5735162937918511,FALSE,FALSE
2023-03-24,Ross,0.356705065,-0.0628483418687682,0.0628483418687682,0.5735162937918511,FALSE,FALSE
2023-03-25,Ross,0.385197278,-0.04597095962180692,0.04597095962180692,0.5735162937918511,FALSE,FALSE
2023-03-26,Ross,0.390682908,-0.0525111193782557,0.0525111193782557,0.5735162937918511,FALSE,FALSE
2023-03-27,Ross,0.380473686,-0.0751570932231983,0.0751570932231983,0.5735162937918511,FALSE,FALSE
2023-03-28,Ross,0.377912376,-0.09056612024172617,0.09056612024172617,0.5735162937918511,FALSE,FALSE
2023-03-29,Ross,0.401483429,-0.08025375251892247,0.08025375251892247,0.5735162937918511,FALSE,FALSE
2023-03-30,Ross,0.410114399,-0.0852924391398765,0.0852924391398765,0.5735162937918511,FALSE,FALSE
2023-03-31,Ross,0.40565638,-0.10383237319165912,0.10383237319165912,0.5735162937918511,FALSE,FALSE
2023-04-01,Ross,0.417274154,-0.10671707815885434,0.10671707815885434,0.5735162937918511,FALSE,FALSE
2023-04-02,Ross,0.438782878,-0.10014208847875788,0.10014208847875788,0.5735162937918511,FALSE,FALSE
2023-04-03,Ross,0.468513263,-0.08578738656112633,0.08578738656112633,0.5735162937918511,FALSE,FALSE
2023-04-04,Ross,0.499993896,-0.07013507881572201,0.07013507881572201,0.5735162937918511,FALSE,FALSE
2023-04-05,Ross,0.508086789,-0.07833384665230259,0.07833384665230259,0.5735162937918511,FALSE,FALSE
2023-04-06,Ross,0.509910875,-0.09327545048062512,0.09327545048062512,0.5735162937918511,FALSE,FALSE
2023-04-07,Ross,0.548660562,-0.0717761757104528,0.0717761757104528,0.5735162937918511,FALSE,FALSE
2023-04-08,Ross,0.56412778,-0.07405478575154212,0.07405478575154212,0.5735162937918511,FALSE,FALSE
2023-04-09,Ross,0.557436032,-0.09899847101365213,0.09899847101365213,0.5735162937918511,FALSE,FALSE
2023-04-10,Ross,0.560815712,-0.11438753090654452,0.11438753090654452,0.5735162937918511,FALSE,FALSE
2023-04-11,Ross,0.574875806,-0.11962367283997666,0.11962367283997666,0.5735162937918511,FALSE,FALSE
2023-04-12,Ross,0.585949646,-0.1283839583753409,0.1283839583753409,0.5735162937918511,FALSE,FALSE
2023-04-13,Ross,0.594036268,-0.14065837481104315,0.14065837481104315,0.5735162937918511,FALSE,FALSE
2023-04-14,Ross,0.605880481,-0.14965590775861992,0.14965590775861992,0.5735162937918511,FALSE,FALSE
2023-04-15,Ross,0.624722842,-0.152086504312559,0.152086504312559,0.5735162937918511,FALSE,FALSE
2023-04-16,Ross,0.63189708,-0.16656693956734892,0.16656693956734892,0.5735162937918511,FALSE,FALSE
2023-04-17,Ross,0.671724726,-0.14872618661747594,0.14872618661747594,0.5735162937918511,FALSE,FALSE
2023-04-18,Ross,0.694583659,-0.14813687055742852,0.14813687055742852,0.5735162937918511,FALSE,FALSE
2023-04-19,Ross,0.711268821,-0.15395455348169318,0.15395455348169318,0.5735162937918511,FALSE,FALSE
2023-04-20,Ross,0.719198553,-0.1687113984847598,0.1687113984847598,0.5735162937918511,FALSE,FALSE
2023-04-21,Ross,0.736259812,-0.17447095266111212,0.17447095266111212,0.5735162937918511,FALSE,FALSE
2023-04-22,Ross,0.74045438,-0.19318193810523865,0.19318193810523865,0.5735162937918511,FALSE,FALSE
2023-04-23,Ross,0.775172975,-0.1814041409116288,0.1814041409116288,0.5735162937918511,FALSE,FALSE
2023-04-24,Ross,0.816712581,-0.1627910811747676,0.1627910811747676,0.5735162937918511,FALSE,FALSE
2023-04-25,Ross,0.843519921,-0.15885663649581838,0.15885663649581838,0.5735162937918511,FALSE,FALSE
2023-04-26,Ross,0.854462885,-0.17078940866923498,0.17078940866923498,0.5735162937918511,FALSE,FALSE
2023-04-27,Ross,0.894828549,-0.15341180352369832,0.15341180352369832,0.5735162937918511,FALSE,FALSE
2023-04-28,Ross,0.908929314,-0.16252146007937374,0.16252146007937374,0.5735162937918511,FALSE,FALSE
2023-04-29,Ross,0.934346238,-0.16064736035643223,0.16064736035643223,0.5735162937918511,FALSE,FALSE
2023-04-30,Ross,0.950942781,-0.16803608437504505,0.16803608437504505,0.5735162937918511,FALSE,FALSE
2023-05-01,Ross,0.963831893,-0.17968472215538345,0.17968472215538345,0.5735162937918511,FALSE,FALSE
2023-05-02,Ross,0.966982517,-0.20173437071761455,0.20173437071761455,0.5735162937918511,FALSE,FALSE
2023-05-03,Ross,0.98476884,-0.20992088308190893,0.20992088308190893,0.5735162937918511,FALSE,FALSE
2023-05-04,Ross,1.015606256,-0.20593890526843772,0.20593890526843772,0.5735162937918511,FALSE,FALSE
2023-05-05,Ross,1.056971173,-0.1924220692973704,0.1924220692973704,0.5735162937918511,FALSE,FALSE
2023-05-06,Ross,1.09529651,-0.18304749618887572,0.18304749618887572,0.5735162937918511,FALSE,FALSE
2023-05-07,Ross,1.091747961,-0.21675944309134643,0.21675944309134643,0.5735162937918511,FALSE,FALSE
2023-05-08,Ross,1.091863415,-0.24808042474705227,0.24808042474705227,0.5735162937918511,FALSE,FALSE
2023-05-09,Ross,1.085901283,-0.2866805648398214,0.2866805648398214,0.5735162937918511,FALSE,FALSE
2023-05-10,Ross,1.093882858,-0.3124454078415053,0.3124454078415053,0.5735162937918511,FALSE,FALSE
2023-05-11,Ross,1.126108634,-0.3149812972239514,0.3149812972239514,0.5735162937918511,FALSE,FALSE
2023-05-12,Ross,1.143432114,-0.33334156745900745,0.33334156745900745,0.5735162937918511,FALSE,FALSE
2023-05-13,Ross,1.183712664,-0.3295736900185271,0.3295736900185271,0.5735162937918511,FALSE,FALSE
2023-05-14,Ross,1.228332756,-0.3222020303743558,0.3222020303743558,0.5735162937918511,FALSE,FALSE
2023-05-15,Ross,1.281513847,-0.3069119689983437,0.3069119689983437,0.5735162937918511,FALSE,FALSE
2023-05-16,Ross,1.29705257,-0.3298137103623422,0.3298137103623422,0.5735162937918511,FALSE,FALSE
2023-05-17,Ross,1.302394905,-0.3633681119381969,0.3633681119381969,0.5735162937918511,FALSE,FALSE
2023-05-18,Ross,1.325655873,-0.3793669901977612,0.3793669901977612,0.5735162937918511,FALSE,FALSE
2023-05-19,Ross,1.359351766,-0.3852008906128832,0.3852008906128832,0.5735162937918511,FALSE,FALSE
2023-05-20,Ross,1.376776766,-0.4074855132059622,0.4074855132059622,0.5735162937918511,FALSE,FALSE
2023-05-21,Ross,1.408517423,-0.41559974487063767,0.41559974487063767,0.5735162937918511,FALSE,FALSE
2023-05-22,Ross,1.439085771,-0.42504552589090494,0.42504552589090494,0.5735162937918511,FALSE,FALSE
2023-05-23,Ross,1.468416365,-0.4359039085775062,0.4359039085775062,0.5735162937918511,FALSE,FALSE
2023-05-24,Ross,1.461091116,-0.4836085892411819,0.4836085892411819,0.5735162937918511,FALSE,FALSE
2023-05-25,Ross,1.457496998,-0.5277882011926707,0.5277882011926707,0.5735162937918511,FALSE,FALSE
2023-05-26,Ross,1.433960851,-0.5921315117427131,0.5921315117427131,0.5735162937918511,TRUE,TRUE
2023-05-27,Ross,1.45330635,-0.6138304532020507,0.6138304532020507,0.5735162937918511,TRUE,TRUE
2023-05-28,Ross,1.504265129,-0.6041689988814254,0.6041689988814254,0.5735162937918511,TRUE,TRUE
2023-05-29,Ross,1.561194188,-0.5888057560915776,0.5888057560915776,0.5735162937918511,TRUE,TRUE
2023-05-30,Ross,1.597410377,-0.5944394821432462,0.5944394821432462,0.5735162937918511,TRUE,TRUE
2023-05-31,Ross,1.640039602,-0.5939598783471738,0.5939598783471738,0.5735162937918511,TRUE,TRUE
2023-06-01,Ross,1.678257589,-0.5982068260140998,0.5982068260140998,0.5735162937918511,TRUE,TRUE
2023-06-02,Ross,1.709772946,-0.6094826660496924,0.6094826660496924,0.5735162937918511,TRUE,TRUE
2023-06-03,Ross,1.748366354,-0.6139970004167463,0.6139970004167463,0.5735162937918511,TRUE,TRUE
2023-06-04,Ross,1.785965269,-0.6198069272923732,0.6198069272923732,0.5735162937918511,TRUE,TRUE
2023-06-05,Ross,1.846717173,-0.6027495186414722,0.6027495186414722,0.5735162937918511,TRUE,TRUE
2023-06-06,Ross,1.874167151,-0.6192642434289453,0.6192642434289453,0.5735162937918511,TRUE,TRUE
2023-06-07,Ross,1.884782,-0.6528688586196973,0.6528688586196973,0.5735162937918511,TRUE,TRUE
2023-06-08,Ross,1.919476127,-0.6626335111786246,0.6626335111786246,0.5735162937918511,TRUE,TRUE
2023-06-09,Ross,1.945144509,-0.6816477780706305,0.6816477780706305,0.5735162937918511,TRUE,TRUE
2023-06-10,Ross,1.99694591,-0.6747374492606197,0.6747374492606197,0.5735162937918511,TRUE,TRUE
2023-06-11,Ross,2.057897274,-0.6588701347134904,0.6588701347134904,0.5735162937918511,TRUE,TRUE
2023-06-12,Ross,2.058622853,-0.7034061363941442,0.7034061363941442,0.5735162937918511,TRUE,TRUE
2023-06-13,Ross,2.067613726,-0.7398389292674832,0.7398389292674832,0.5735162937918511,TRUE,TRUE
2023-06-14,Ross,2.054699138,-0.79832319874459,0.79832319874459,0.5735162937918511,TRUE,TRUE
2023-06-15,Ross,2.045674385,-0.8530200903981373,0.8530200903981373,0.5735162937918511,TRUE,TRUE
2023-06-16,Ross,2.09625091,-0.8481368920835091,0.8481368920835091,0.5735162937918511,TRUE,TRUE
2023-06-17,Ross,2.160471571,-0.8295467444503171,0.8295467444503171,0.5735162937918511,TRUE,TRUE
2023-06-18,Ross,2.187575045,-0.8479269691481859,0.8479269691481859,0.5735162937918511,TRUE,TRUE
2023-06-19,Ross,2.21294604,-0.8678088568267222,0.8678088568267222,0.5735162937918511,TRUE,TRUE
2023-06-20,Ross,2.239795775,-0.8858971871355461,0.8858971871355461,0.5735162937918511,TRUE,TRUE
2023-06-21,Ross,2.217972883,-0.952259325724274,0.952259325724274,0.5735162937918511,TRUE,TRUE
2023-06-22,Ross,2.192313861,-1.0219747742425214,1.0219747742425214,0.5735162937918511,TRUE,TRUE
2023-06-23,Ross,2.179051193,-1.0787270473399038,1.0787270473399038,0.5735162937918511,TRUE,TRUE
2023-06-24,Ross,2.163538239,-1.1370787836660372,1.1370787836660372,0.5735162937918511,TRUE,TRUE
2023-06-25,Ross,2.120669166,-1.2220518148705373,1.2220518148705373,0.5735162937918511,TRUE,TRUE
2023-06-26,Ross,2.085330078,-1.2986760356030191,1.2986760356030191,0.5735162937918511,TRUE,TRUE
2023-06-27,Ross,2.101995504,-1.3224079739748589,1.3224079739748589,0.5735162937918511,TRUE,TRUE
2023-06-28,Ross,2.140774826,-1.3231830944435297,1.3231830944435297,0.5735162937918511,TRUE,TRUE
2023-06-29,Ross,2.232820249,-1.2699460332915966,1.2699460332915966,0.5735162937918511,TRUE,TRUE
2023-06-30,Ross,2.340211302,-1.2007143701335703,1.2007143701335703,0.5735162937918511,TRUE,TRUE
2023-07-01,Ross,2.397372594,-1.1811606045839578,1.1811606045839578,0.5735162937918511,TRUE,TRUE
2023-07-02,Ross,2.415520811,-1.2001651592572666,1.2001651592572666,0.5735162937918511,TRUE,TRUE
2023-07-03,Ross,2.486298085,-1.166183010768011,1.166183010768011,0.5735162937918511,TRUE,TRUE
2023-07-04,Ross,2.546285394,-1.1427302897306948,1.1427302897306948,0.5735162937918511,TRUE,TRUE
2023-07-05,Ross,2.585627898,-1.1397589447598286,1.1397589447598286,0.5735162937918511,TRUE,TRUE
2023-07-06,Ross,2.680487366,-1.0812043154699214,1.0812043154699214,0.5735162937918511,TRUE,TRUE
2023-07-07,Ross,2.738269203,-1.0597581054754772,1.0597581054754772,0.5735162937918511,TRUE,TRUE
2023-07-08,Ross,2.757007966,-1.0774828663910156,1.0774828663910156,0.5735162937918511,TRUE,TRUE
2023-07-09,Ross,2.754381894,-1.1167971603616058,1.1167971603616058,0.5735162937918511,TRUE,TRUE
2023-07-10,Ross,2.75630619,-1.151822784151971,1.151822784151971,0.5735162937918511,TRUE,TRUE
2023-07-11,Ross,2.801390274,-1.1438564437340082,1.1438564437340082,0.5735162937918511,TRUE,TRUE
2023-07-12,Ross,2.882515607,-1.0999054847252805,1.0999054847252805,0.5735162937918511,TRUE,TRUE
2023-07-13,Ross,2.951457996,-1.0680829067433495,1.0680829067433495,0.5735162937918511,TRUE,TRUE
2023-07-14,Ross,3.022918979,-1.033575978405774,1.033575978405774,0.5735162937918511,TRUE,TRUE
2023-07-15,Ross,3.11055948,-0.9826125823301232,0.9826125823301232,0.5735162937918511,TRUE,TRUE
2023-07-16,Ross,3.174198654,-0.9552623701339518,0.9552623701339518,0.5735162937918511,TRUE,TRUE
2023-07-17,Ross,3.237786679,-0.9274639704348324,0.9274639704348324,0.5735162937918511,TRUE,TRUE
2023-07-18,Ross,3.287623179,-0.9128065658503196,0.9128065658503196,0.5735162937918511,TRUE,TRUE
2023-07-19,Ross,3.359919329,-0.8749677879979809,0.8749677879979809,0.5735162937918511,TRUE,TRUE
2023-07-20,Ross,3.392855327,-0.8756562454953776,0.8756562454953776,0.5735162937918511,TRUE,TRUE
2023-07-21,Ross,3.428203417,-0.8729885009600689,0.8729885009600689,0.5735162937918511,TRUE,TRUE
2023-07-22,Ross,3.440155812,-0.8926700718217178,0.8926700718217178,0.5735162937918511,TRUE,TRUE
2023-07-23,Ross,3.429550727,-0.9338836426207862,0.9338836426207862,0.5735162937918511,TRUE,TRUE
2023-07-24,Ross,3.45922487,-0.9339031877506834,0.9339031877506834,0.5735162937918511,TRUE,TRUE
2023-07-25,Ross,3.4949875,-0.9270321672292688,0.9270321672292688,0.5735162937918511,TRUE,TRUE
2023-07-26,Ross,3.541476912,-0.908745005074414,0.908745005074414,0.5735162937918511,TRUE,TRUE
2023-07-27,Ross,3.610616002,-0.8672315243039894,0.8672315243039894,0.5735162937918511,TRUE,TRUE
2023-07-28,Ross,3.661392947,-0.8436162669358596,0.8436162669358596,0.5735162937918511,TRUE,TRUE
2023-07-29,Ross,3.68402449,-0.8477952089878875,0.8477952089878875,0.5735162937918511,TRUE,TRUE
2023-07-30,Ross,3.698694146,-0.8596975544779464,0.8596975544779464,0.5735162937918511,TRUE,TRUE
2023-07-31,Ross,3.680091707,-0.9047462304238998,0.9047462304238998,0.5735162937918511,TRUE,TRUE
2023-08-01,Ross,3.680278491,-0.9309926378436212,0.9309926378436212,0.5735162937918511,TRUE,TRUE
2023-08-02,Ross,3.695099433,-0.9427045607549722,0.9427045607549722,0.5735162937918511,TRUE,TRUE
2023-08-03,Ross,3.761693662,-0.9028555875779496,0.9028555875779496,0.5735162937918511,TRUE,TRUE
2023-08-04,Ross,3.743515826,-0.9480606515917862,0.9480606515917862,0.5735162937918511,TRUE,TRUE
2023-08-05,Ross,3.699194943,-1.0196047073533403,1.0196047073533403,0.5735162937918511,TRUE,TRUE
2023-08-06,Ross,3.634637821,-1.1114598429428924,1.1114598429428924,0.5735162937918511,TRUE,TRUE
2023-08-07,Ross,3.666951466,-1.1063979484407187,1.1063979484407187,0.5735162937918511,TRUE,TRUE
2023-08-08,Ross,3.657800911,-1.1426328869270872,1.1426328869270872,0.5735162937918511,TRUE,TRUE
2023-08-09,Ross,3.648164311,-1.179065399482273,1.179065399482273,0.5735162937918511,TRUE,TRUE
2023-08-10,Ross,3.677745604,-1.1758704441865575,1.1758704441865575,0.5735162937918511,TRUE,TRUE
2023-08-11,Ross,3.796648468,-1.0828232391202055,1.0828232391202055,0.5735162937918511,TRUE,TRUE
2023-08-12,Ross,3.888128989,-1.0165465943634944,1.0165465943634944,0.5735162937918511,TRUE,TRUE
2023-08-13,Ross,3.910420403,-1.0186861699966947,1.0186861699966947,0.5735162937918511,TRUE,TRUE
2023-08-14,Ross,3.918452967,-1.0341906051000884,1.0341906051000884,0.5735162937918511,TRUE,TRUE
2023-08-15,Ross,3.987067145,-0.9880983317539408,0.9880983317539408,0.5735162937918511,TRUE,TRUE
2023-08-16,Ross,4.079145932,-0.9174092316737328,0.9174092316737328,0.5735162937918511,TRUE,TRUE
2023-08-17,Ross,4.173300774,-0.8435130494022864,0.8435130494022864,0.5735162937918511,TRUE,TRUE
2023-08-18,Ross,4.186536264,-0.8495418019888525,0.8495418019888525,0.5735162937918511,TRUE,TRUE
2023-08-19,Ross,4.161522046,-0.8929698768216845,0.8929698768216845,0.5735162937918511,TRUE,TRUE
2023-08-20,Ross,4.164018592,-0.9081808332890392,0.9081808332890392,0.5735162937918511,TRUE,TRUE
2023-08-21,Ross,4.200671325,-0.8886732797791659,0.8886732797791659,0.5735162937918511,TRUE,TRUE
2023-08-22,Ross,4.216823773,-0.8892477196803243,0.8892477196803243,0.5735162937918511,TRUE,TRUE
2023-08-23,Ross,4.227474475,-0.8950496453807641,0.8950496453807641,0.5735162937918511,TRUE,TRUE
2023-08-24,Ross,4.280024697,-0.8588218222687365,0.8588218222687365,0.5735162937918511,TRUE,TRUE
2023-08-25,Ross,4.307432392,-0.847750328732503,0.847750328732503,0.5735162937918511,TRUE,TRUE
2023-08-26,Ross,4.325074876,-0.8466018801603088,0.8466018801603088,0.5735162937918511,TRUE,TRUE
2023-08-27,Ross,4.314089546,-0.8743831109404141,0.8743831109404141,0.5735162937918511,TRUE,TRUE
2023-08-28,Ross,4.369095809,-0.8366186454610691,0.8366186454610691,0.5735162937918511,TRUE,TRUE
2023-08-29,Ross,4.410901353,-0.8126175483147478,0.8126175483147478,0.5735162937918511,TRUE,TRUE
2023-08-30,Ross,4.443076598,-0.7987603598659216,0.7987603598659216,0.5735162937918511,TRUE,TRUE
2023-08-31,Ross,4.483705042,-0.7768522490574723,0.7768522490574723,0.5735162937918511,TRUE,TRUE
2023-09-01,Ross,4.533164488,-0.7464039680983392,0.7464039680983392,0.5735162937918511,TRUE,TRUE
2023-09-02,Ross,4.539453753,-0.7593052551974608,0.7593052551974608,0.5735162937918511,TRUE,TRUE
2023-09-03,Ross,4.537051092,-0.7809664105637761,0.7809664105637761,0.5735162937918511,TRUE,TRUE
2023-09-04,Ross,4.510259628,-0.8269728664062201,0.8269728664062201,0.5735162937918511,TRUE,TRUE
2023-09-05,Ross,4.53277005,-0.8235224889337331,0.8235224889337331,0.5735162937918511,TRUE,TRUE
2023-09-06,Ross,4.569257994,-0.805828197355253,0.805828197355253,0.5735162937918511,TRUE,TRUE
2023-09-07,Ross,4.587336567,-0.8061654398797167,0.8061654398797167,0.5735162937918511,TRUE,TRUE
2023-09-08,Ross,4.597296077,-0.8141324637160601,0.8141324637160601,0.5735162937918511,TRUE,TRUE
2023-09-09,Ross,4.618973586,-0.8097807620732267,0.8097807620732267,0.5735162937918511,TRUE,TRUE
2023-09-10,Ross,4.674324844,-0.7710436027613197,0.7710436027613197,0.5735162937918511,TRUE,TRUE
2023-09-11,Ross,4.698034851,-0.7631689190787192,0.7631689190787192,0.5735162937918511,TRUE,TRUE
2023-09-12,Ross,4.718477468,-0.7577952531455363,0.7577952531455363,0.5735162937918511,TRUE,TRUE
2023-09-13,Ross,4.700257691,-0.7903383795613008,0.7903383795613008,0.5735162937918511,TRUE,TRUE
2023-09-14,Ross,4.68935839,-0.8148361989255353,0.8148361989255353,0.5735162937918511,TRUE,TRUE
2023-09-15,Ross,4.709248489,-0.8078405578377703,0.8078405578377703,0.5735162937918511,TRUE,TRUE
2023-09-16,Ross,4.764794385,-0.76450582989753,0.76450582989753,0.5735162937918511,TRUE,TRUE
2023-09-17,Ross,4.815463462,-0.7253854017043402,0.7253854017043402,0.5735162937918511,TRUE,TRUE
2023-09-18,Ross,4.820900429,-0.7308553348577309,0.7308553348577309,0.5735162937918511,TRUE,TRUE
2023-09-19,Ross,4.784713994,-0.7773276919572254,0.7773276919572254,0.5735162937918511,TRUE,TRUE
2023-09-20,Ross,4.766866824,-0.8048605766023522,0.8048605766023522,0.5735162937918511,TRUE,TRUE
2023-09-21,Ross,4.754126146,-0.8267075323926365,0.8267075323926365,0.5735162937918511,TRUE,TRUE
2023-09-22,Ross,4.768358555,-0.8210227349276078,0.8210227349276078,0.5735162937918511,TRUE,TRUE
2023-09-23,Ross,4.760378782,-0.837010414067981,0.837010414067981,0.5735162937918511,TRUE,TRUE
2023-09-24,Ross,4.734048381,-0.8708086013846081,0.8708086013846081,0.5735162937918511,TRUE,TRUE
2023-09-25,Ross,4.703150476,-0.90862200509965,0.90862200509965,0.5735162937918511,TRUE,TRUE
2023-09-26,Ross,4.692369706,-0.9257536535228256,0.9257536535228256,0.5735162937918511,TRUE,TRUE
2023-09-27,Ross,4.734311826,-0.8895854589638565,0.8895854589638565,0.5735162937918511,TRUE,TRUE
2023-09-28,Ross,4.762656331,-0.866425593732461,0.866425593732461,0.5735162937918511,TRUE,TRUE
2023-09-29,Ross,4.77278002,-0.8608849261383549,0.8608849261383549,0.5735162937918511,TRUE,TRUE
2023-09-30,Ross,4.765988979,-0.8716450374912581,0.8716450374912581,0.5735162937918511,TRUE,TRUE
2023-10-01,Ross,4.7712942,-0.8696826031008902,0.8696826031008902,0.5735162937918511,TRUE,TRUE
2023-10-02,Ross,4.813106071,-0.8305749022769691,0.8305749022769691,0.5735162937918511,TRUE,TRUE
2023-10-03,Ross,4.829543177,-0.8161910173292126,0.8161910173292126,0.5735162937918511,TRUE,TRUE
2023-10-04,Ross,4.847745156,-0.7993789775673399,0.7993789775673399,0.5735162937918511,TRUE,TRUE
2023-10-05,Ross,4.833052114,-0.8147863371821744,0.8147863371821744,0.5735162937918511,TRUE,TRUE
2023-10-06,Ross,4.817360519,-0.8304956771381669,0.8304956771381669,0.5735162937918511,TRUE,TRUE
2023-10-07,Ross,4.821732056,-0.8253990310528838,0.8253990310528838,0.5735162937918511,TRUE,TRUE
2023-10-08,Ross,4.80247357,-0.8431386384068924,0.8431386384068924,0.5735162937918511,TRUE,TRUE
2023-10-09,Ross,4.802704114,-0.8405445306807477,0.8405445306807477,0.5735162937918511,TRUE,TRUE
2023-10-10,Ross,4.823201717,-0.8167877633550127,0.8167877633550127,0.5735162937918511,TRUE,TRUE
2023-10-11,Ross,4.828991048,-0.8067927519102485,0.8067927519102485,0.5735162937918511,TRUE,TRUE
2023-10-12,Ross,4.803219691,-0.8273609968270126,0.8273609968270126,0.5735162937918511,TRUE,TRUE
2023-10-13,Ross,4.738521906,-0.8858073225858698,0.8858073225858698,0.5735162937918511,TRUE,TRUE
2023-10-14,Ross,4.657858057,-0.9591204496673766,0.9591204496673766,0.5735162937918511,TRUE,TRUE
2023-10-15,Ross,4.60405138,-1.004426226552097,1.004426226552097,0.5735162937918511,TRUE,TRUE
2023-10-16,Ross,4.573951613,-1.0248239997205912,1.0248239997205912,0.5735162937918511,TRUE,TRUE
2023-10-17,Ross,4.555597508,-1.0322241016534193,1.0322241016534193,0.5735162937918511,TRUE,TRUE
2023-10-18,Ross,4.53566453,-1.039903987058703,1.039903987058703,0.5735162937918511,TRUE,TRUE
2023-10-19,Ross,4.501817274,-1.060233439741646,1.060233439741646,0.5735162937918511,TRUE,TRUE
2023-10-20,Ross,4.491145869,-1.0562345856496984,1.0562345856496984,0.5735162937918511,TRUE,TRUE
2023-10-21,Ross,4.465326693,-1.0663464199123718,1.0663464199123718,0.5735162937918511,TRUE,TRUE
2023-10-22,Ross,4.457738043,-1.0573060186591745,1.0573060186591745,0.5735162937918511,TRUE,TRUE
2023-10-23,Ross,4.46308406,-1.0345246140196185,1.0345246140196185,0.5735162937918511,TRUE,TRUE
2023-10-24,Ross,4.456022442,-1.0234598811232123,1.0234598811232123,0.5735162937918511,TRUE,TRUE
2023-10-25,Ross,4.42914345,-1.0316369320994667,1.0316369320994667,0.5735162937918511,TRUE,TRUE
2023-10-26,Ross,4.400565528,-1.041052696077892,1.041052696077892,0.5735162937918511,TRUE,TRUE
2023-10-27,Ross,4.387657508,-1.0344537141879968,1.0344537141879968,0.5735162937918511,TRUE,TRUE
2023-10-28,Ross,4.381136945,-1.0212378045592925,1.0212378045592925,0.5735162937918511,TRUE,TRUE
2023-10-29,Ross,4.381497636,-1.001026543321287,1.001026543321287,0.5735162937918511,TRUE,TRUE
2023-10-30,Ross,4.374238744,-0.9884361406034908,0.9884361406034908,0.5735162937918511,TRUE,TRUE
2023-10-31,Ross,4.349737373,-0.9931647888497528,0.9931647888497528,0.5735162937918511,TRUE,TRUE
2023-11-01,Ross,4.33415149,-0.9889325513547592,0.9889325513547592,0.5735162937918511,TRUE,TRUE
2023-11-02,Ross,4.324351406,-0.978686554917716,0.978686554917716,0.5735162937918511,TRUE,TRUE
2023-11-03,Ross,4.321708041,-0.9608733010489736,0.9608733010489736,0.5735162937918511,TRUE,TRUE
2023-11-04,Ross,4.303904645,-0.957626961258886,0.957626961258886,0.5735162937918511,TRUE,TRUE
2023-11-05,Ross,4.28781353,-0.9518926450578028,0.9518926450578028,0.5735162937918511,TRUE,TRUE
2023-11-06,Ross,4.292320925,-0.9246015449560732,0.9246015449560732,0.5735162937918511,TRUE,TRUE
2023-11-07,Ross,4.25119719,-0.941800722464051,0.941800722464051,0.5735162937918511,TRUE,TRUE
2023-11-08,Ross,4.281900136,-0.8858497880920888,0.8858497880920888,0.5735162937918511,TRUE,TRUE
2023-11-09,Ross,4.306445997,-0.8345499293505352,0.8345499293505352,0.5735162937918511,TRUE,TRUE
2023-11-10,Ross,4.309202004,-0.8033513367497429,0.8033513367497429,0.5735162937918511,TRUE,TRUE
2023-11-11,Ross,4.311810148,-0.7704294408000623,0.7704294408000623,0.5735162937918511,TRUE,TRUE
2023-11-12,Ross,4.304867,-0.7450065729302118,0.7450065729302118,0.5735162937918511,TRUE,TRUE
2023-11-13,Ross,4.279919062,-0.7354370564919943,0.7354370564919943,0.5735162937918511,TRUE,TRUE
2023-11-14,Ross,4.272673675,-0.7060375230848539,0.7060375230848539,0.5735162937918511,TRUE,TRUE
2023-11-15,Ross,4.21195062,-0.7280223219273054,0.7280223219273054,0.5735162937918511,TRUE,TRUE
2023-11-16,Ross,4.150016435,-0.749159045237862,0.749159045237862,0.5735162937918511,TRUE,TRUE
2023-11-17,Ross,4.119148564,-0.7372043792350436,0.7372043792350436,0.5735162937918511,TRUE,TRUE
2023-11-18,Ross,4.094828583,-0.7167108781373628,0.7167108781373628,0.5735162937918511,TRUE,TRUE
2023-11-19,Ross,4.082749567,-0.6820195971633343,0.6820195971633343,0.5735162937918511,TRUE,TRUE
2023-11-20,Ross,4.020822992,-0.6952531905314752,0.6952531905314752,0.5735162937918511,TRUE,TRUE
2023-11-21,Ross,3.960962594,-0.7045320524602965,0.7045320524602965,0.5735162937918511,TRUE,TRUE
2023-11-22,Ross,3.924110836,-0.6889478501683199,0.6889478501683199,0.5735162937918511,TRUE,TRUE
2023-11-23,Ross,3.817695044,-0.7411073878740573,0.7411073878740573,0.5735162937918511,TRUE,TRUE
2023-11-24,Ross,3.721256606,-0.7815034077960243,0.7815034077960243,0.5735162937918511,TRUE,TRUE
2023-11-25,Ross,3.705038078,-0.7399024232543101,0.7399024232543101,0.5735162937918511,TRUE,TRUE
2023-11-26,Ross,3.675377899,-0.7097631036888981,0.7097631036888981,0.5735162937918511,TRUE,TRUE
2023-11-27,Ross,3.590380689,-0.732671358114124,0.732671358114124,0.5735162937918511,TRUE,TRUE
2023-11-28,Ross,3.47101778,-0.7873455762670738,0.7873455762670738,0.5735162937918511,TRUE,TRUE
2023-11-29,Ross,3.329603551,-0.8611611008848286,0.8611611008848286,0.5735162937918511,TRUE,TRUE
2023-11-30,Ross,3.146797853,-0.9731478027044718,0.9731478027044718,0.5735162937918511,TRUE,TRUE
2023-12-01,Ross,2.996693379,-1.048902710463091,1.048902710463091,0.5735162937918511,TRUE,TRUE
2023-12-02,Ross,2.833486093,-1.133919581897767,1.133919581897767,0.5735162937918511,TRUE,TRUE
2023-12-03,Ross,2.663100936,-1.2219631977455854,1.2219631977455854,0.5735162937918511,TRUE,TRUE
2023-12-04,Ross,2.577679122,-1.2205820657436304,1.2205820657436304,0.5735162937918511,TRUE,TRUE
2023-12-05,Ross,2.446657315,-1.2600292436289848,1.2600292436289848,0.5735162937918511,TRUE,TRUE
2023-12-06,Ross,2.269176286,-1.340853682138735,1.340853682138735,0.5735162937918511,TRUE,TRUE
2023-12-07,Ross,2.133987536,-1.373994504333233,1.373994504333233,0.5735162937918511,TRUE,TRUE
2023-12-08,Ross,2.020350515,-1.3801629942901026,1.3801629942901026,0.5735162937918511,TRUE,TRUE
2023-12-09,Ross,1.878046642,-1.41022398959821,1.41022398959821,0.5735162937918511,TRUE,TRUE
2023-12-10,Ross,1.698004615,-1.4739948385814607,1.4739948385814607,0.5735162937918511,TRUE,TRUE
2023-12-11,Ross,1.580243505,-1.4722025165637735,1.4722025165637735,0.5735162937918511,TRUE,TRUE
2023-12-12,Ross,1.474732153,-1.4556242288690522,1.4556242288690522,0.5735162937918511,TRUE,TRUE
2023-12-13,Ross,1.392530757,-1.4139458238212106,1.4139458238212106,0.5735162937918511,TRUE,TRUE
2023-12-14,Ross,1.326975525,-1.3545771397441593,1.3545771397441593,0.5735162937918511,TRUE,TRUE
2023-12-15,Ross,1.228678497,-1.3276521829618055,1.3276521829618055,0.5735162937918511,TRUE,TRUE
2023-12-16,Ross,1.181329599,-1.250227073798066,1.250227073798066,0.5735162937918511,TRUE,TRUE
2023-12-17,Ross,1.152699019,-1.155277670576845,1.155277670576845,0.5735162937918511,TRUE,TRUE
2023-12-18,Ross,1.129661352,-1.0566754246220569,1.0566754246220569,0.5735162937918511,TRUE,TRUE
2023-12-19,Ross,1.057733897,-1.0096490832576113,1.0096490832576113,0.5735162937918511,TRUE,TRUE
2023-12-20,Ross,0.975522358,-0.9763198146433562,0.9763198146433562,0.5735162937918511,TRUE,TRUE
2023-12-21,Ross,0.90211515900000006,-0.9380228864463254,0.9380228864463254,0.5735162937918511,TRUE,TRUE
2023-12-22,Ross,0.843197527,-0.889254758298046,0.889254758298046,0.5735162937918511,TRUE,TRUE
2023-12-23,Ross,0.78414978,-0.844810054894464,0.844810054894464,0.5735162937918511,TRUE,TRUE
2023-12-24,Ross,0.738177962,-0.7916576749315252,0.7916576749315252,0.5735162937918511,TRUE,TRUE
2023-12-25,Ross,0.710641798,-0.7246128361051744,0.7246128361051744,0.5735162937918511,TRUE,TRUE
2023-12-26,Ross,0.711283635,-0.6341081341113601,0.6341081341113601,0.5735162937918511,TRUE,TRUE
2023-12-27,Ross,0.698906321,-0.5615156636460273,0.5615156636460273,0.5735162937918511,FALSE,FALSE
2023-12-28,Ross,0.658600304,-0.5219199194051175,0.5219199194051175,0.5735162937918511,FALSE,FALSE
2023-12-29,Ross,0.623870747,-0.481990681084584,0.481990681084584,0.5735162937918511,FALSE,FALSE
2023-12-30,Ross,0.618409584,-0.4182109573803684,0.4182109573803684,0.5735162937918511,FALSE,FALSE
2023-12-31,Ross,0.60486439,-0.3681081159884166,0.3681081159884166,0.5735162937918511,FALSE,FALSE
2024-01-01,Ross,0.583177095,-0.33191516960467504,0.33191516960467504,0.5735162937918511,FALSE,FALSE
2024-01-02,Ross,0.558620035,-0.3044300811851721,0.3044300811851721,0.5735162937918511,FALSE,FALSE
2024-01-03,Ross,0.542591206,-0.273906578726271,0.273906578726271,0.5735162937918511,FALSE,FALSE
2024-01-04,Ross,0.521910754,-0.25307159648441935,0.25307159648441935,0.5735162937918511,FALSE,FALSE
2024-01-05,Ross,0.492372763,-0.2456781307160548,0.2456781307160548,0.5735162937918511,FALSE,FALSE
2024-01-06,Ross,0.431885669,-0.273364825677629,0.273364825677629,0.5735162937918511,FALSE,FALSE
2024-01-07,Ross,0.388836764,-0.2872914696255856,0.2872914696255856,0.5735162937918511,FALSE,FALSE
2024-01-08,Ross,0.371302512,-0.27892867881636774,0.27892867881636774,0.5735162937918511,FALSE,FALSE
2024-01-09,Ross,0.349812069,-0.277294377506421,0.277294377506421,0.5735162937918511,FALSE,FALSE
2024-01-10,Ross,0.32826524,-0.27803584095219214,0.27803584095219214,0.5735162937918511,FALSE,FALSE
2024-01-11,Ross,0.295531653,-0.29183052141012517,0.29183052141012517,0.5735162937918511,FALSE,FALSE
2024-01-12,Ross,0.270871818,-0.2989649891366643,0.2989649891366643,0.5735162937918511,FALSE,FALSE
2024-01-13,Ross,0.230777323,-0.32249473638825554,0.32249473638825554,0.5735162937918511,FALSE,FALSE
2024-01-14,Ross,0.192969903,-0.34425087527497794,0.34425087527497794,0.5735162937918511,FALSE,FALSE
2024-01-15,Ross,0.180009785,-0.34143296851513993,0.34143296851513993,0.5735162937918511,FALSE,FALSE
2024-01-16,Ross,0.178757366,-0.32719966360583363,0.32719966360583363,0.5735162937918511,FALSE,FALSE
2024-01-17,Ross,0.172608326,-0.31819072119687464,0.31819072119687464,0.5735162937918511,FALSE,FALSE
2024-01-18,Ross,0.16954472,-0.30645952693807776,0.30645952693807776,0.5735162937918511,FALSE,FALSE
2024-01-19,Ross,0.151657508,-0.3099505614792594,0.3099505614792594,0.5735162937918511,FALSE,FALSE
2024-01-20,Ross,0.142990305,-0.30465565047023413,0.30465565047023413,0.5735162937918511,FALSE,FALSE
2024-01-21,Ross,0.137401202,-0.2967521435608177,0.2967521435608177,0.5735162937918511,FALSE,FALSE
2024-01-22,Ross,0.137998006,-0.2831676744008253,0.2831676744008253,0.5735162937918511,FALSE,FALSE
2024-01-23,Ross,0.133077243,-0.2756411576400738,0.2756411576400738,0.5735162937918511,FALSE,FALSE
2024-01-24,Ross,0.12879803,-0.26804891692837796,0.26804891692837796,0.5735162937918511,FALSE,FALSE
2024-01-25,Ross,0.131249416,-0.2543373439155527,0.2543373439155527,0.5735162937918511,FALSE,FALSE
2024-01-26,Ross,0.131234347,-0.24373893325141344,0.24373893325141344,0.5735162937918511,FALSE,FALSE
2024-01-27,Ross,0.121368225,-0.24366653861440796,0.24366653861440796,0.5735162937918511,FALSE,FALSE
2024-01-28,Ross,0.123223341,-0.23252748631451656,0.23252748631451656,0.5735162937918511,FALSE,FALSE
2024-01-29,Ross,0.121918539,-0.2251623814304537,0.2251623814304537,0.5735162937918511,FALSE,FALSE
2024-01-30,Ross,0.119415028,-0.21956939907266343,0.21956939907266343,0.5735162937918511,FALSE,FALSE
2024-01-31,Ross,0.110875632,-0.2205450993515868,0.2205450993515868,0.5735162937918511,FALSE,FALSE
2024-02-01,Ross,0.109647621,-0.21470159637766592,0.21470159637766592,0.5735162937918511,FALSE,FALSE
2024-02-02,Ross,0.10476616,-0.21296310926134415,0.21296310926134415,0.5735162937918511,FALSE,FALSE
2024-02-03,Ross,0.099248554,-0.21227171711306203,0.21227171711306203,0.5735162937918511,FALSE,FALSE
2024-02-04,Ross,0.096189396,-0.20949221104326177,0.20949221104326177,0.5735162937918511,FALSE,FALSE
2024-02-05,Ross,0.096187353,-0.2039853081623859,0.2039853081623859,0.5735162937918511,FALSE,FALSE
2024-02-06,Ross,0.093085766,-0.20186705158087648,0.20186705158087648,0.5735162937918511,FALSE,FALSE
2024-02-07,Ross,0.088159632,-0.2018218284091745,0.2018218284091745,0.5735162937918511,FALSE,FALSE
2024-02-08,Ross,0.078338885,-0.20687923893106155,0.20687923893106155,0.5735162937918511,FALSE,FALSE
2024-02-09,Ross,0.075903521,-0.2047386478134212,0.2047386478134212,0.5735162937918511,FALSE,FALSE
2024-02-10,Ross,0.077129308,-0.1991430776373757,0.1991430776373757,0.5735162937918511,FALSE,FALSE
2024-02-11,Ross,0.079590203,-0.19254202392484857,0.19254202392484857,0.5735162937918511,FALSE,FALSE
2024-02-12,Ross,0.080202768,-0.18804237719776257,0.18804237719776257,0.5735162937918511,FALSE,FALSE
2024-02-13,Ross,0.081436037,-0.1831985559780432,0.1831985559780432,0.5735162937918511,FALSE,FALSE
2024-02-14,Ross,0.083282492,-0.17804153078761142,0.17804153078761142,0.5735162937918511,FALSE,FALSE
2024-02-15,Ross,0.0826851,-0.1756517871483914,0.1756517871483914,0.5735162937918511,FALSE,FALSE
2024-02-16,Ross,0.083297032,-0.17239960658230968,0.17239960658230968,0.5735162937918511,FALSE,FALSE
2024-02-17,Ross,0.075299266,-0.17812746361128592,0.17812746361128592,0.5735162937918511,FALSE,FALSE
2024-02-18,Ross,0.075908785,-0.17564182775724638,0.17564182775724638,0.5735162937918511,FALSE,FALSE
2024-02-19,Ross,0.074066564,-0.1760251765421138,0.1760251765421138,0.5735162937918511,FALSE,FALSE
2024-02-20,Ross,0.075291842,-0.17378172348781196,0.17378172348781196,0.5735162937918511,FALSE,FALSE
2024-02-21,Ross,0.078990813000000007,-0.1695269982814423,0.1695269982814423,0.5735162937918511,FALSE,FALSE
2024-02-22,Ross,0.082065101,-0.16636014085089415,0.16636014085089415,0.5735162937918511,FALSE,FALSE
2024-02-23,Ross,0.08513953,-0.1636431477775735,0.1636431477775735,0.5735162937918511,FALSE,FALSE
2024-02-24,Ross,0.082068781,-0.16750790658941012,0.16750790658941012,0.5735162937918511,FALSE,FALSE
2024-02-25,Ross,0.075324164,-0.17546967581433073,0.17546967581433073,0.5735162937918511,FALSE,FALSE
2024-02-26,Ross,0.073477464,-0.17894323898026415,0.17894323898026415,0.5735162937918511,FALSE,FALSE
2024-02-27,Ross,0.069785739,-0.18465810661513632,0.18465810661513632,0.5735162937918511,FALSE,FALSE
2024-02-28,Ross,0.067945435,-0.18890440124687563,0.18890440124687563,0.5735162937918511,FALSE,FALSE
2024-03-01,Ross,0.07656978,-0.18618685561266693,0.18618685561266693,0.5735162937918511,FALSE,FALSE
2024-03-02,Ross,0.077190478,-0.1890401034025747,0.1890401034025747,0.5735162937918511,FALSE,FALSE
2024-03-03,Ross,0.075953692,-0.19407995730105987,0.19407995730105987,0.5735162937918511,FALSE,FALSE
2024-03-04,Ross,0.079066403,-0.1950860060383663,0.1950860060383663,0.5735162937918511,FALSE,FALSE
2024-03-05,Ross,0.084609997,-0.1939679058105167,0.1939679058105167,0.5735162937918511,FALSE,FALSE
2024-03-06,Ross,0.089553487,-0.1937622464632253,0.1937622464632253,0.5735162937918511,FALSE,FALSE
2024-03-07,Ross,0.092021436,-0.1963530259908023,0.1963530259908023,0.5735162937918511,FALSE,FALSE
2024-03-08,Ross,0.094470738,-0.1992919113875536,0.1992919113875536,0.5735162937918511,FALSE,FALSE
2024-03-09,Ross,0.098170075,-0.20131878164778697,0.20131878164778697,0.5735162937918511,FALSE,FALSE
2024-03-10,Ross,0.102466156,-0.20309548876581,0.20309548876581,0.5735162937918511,FALSE,FALSE
2024-03-11,Ross,0.104315613,-0.20767396173593097,0.20767396173593097,0.5735162937918511,FALSE,FALSE
2024-03-12,Ross,0.10926025,-0.20952095755245623,0.20952095755245623,0.5735162937918511,FALSE,FALSE
2024-03-13,Ross,0.111106526,-0.21483857820969127,0.21483857820969127,0.5735162937918511,FALSE,FALSE
2024-03-14,Ross,0.11726302,-0.2162268057019483,0.2162268057019483,0.5735162937918511,FALSE,FALSE
2024-03-15,Ross,0.127184845,-0.21423908802353037,0.21423908802353037,0.5735162937918511,FALSE,FALSE
2024-03-16,Ross,0.130227235,-0.2195287521687484,0.2195287521687484,0.5735162937918511,FALSE,FALSE
2024-03-17,Ross,0.136334297,-0.22216009165721828,0.22216009165721828,0.5735162937918511,FALSE,FALSE
2024-03-18,Ross,0.140043772,-0.22759975817664,0.22759975817664,0.5735162937918511,FALSE,FALSE
2024-03-19,Ross,0.154334535,-0.2228690771889465,0.2228690771889465,0.5735162937918511,FALSE,FALSE
2024-03-20,Ross,0.162982891,-0.2241917467792258,0.2241917467792258,0.5735162937918511,FALSE,FALSE
2024-03-21,Ross,0.162973902,-0.2345827080325636,0.2345827080325636,0.5735162937918511,FALSE,FALSE
2024-03-22,Ross,0.160541781,-0.247807751034048,0.247807751034048,0.5735162937918511,FALSE,FALSE
2024-03-23,Ross,0.144389372,-0.27516403486876817,0.27516403486876817,0.5735162937918511,FALSE,FALSE
2024-03-24,Ross,0.140577159,-0.2905910786218069,0.2905910786218069,0.5735162937918511,FALSE,FALSE
2024-03-25,Ross,0.165261125,-0.2779329023782557,0.2779329023782557,0.5735162937918511,FALSE,FALSE
2024-03-26,Ross,0.182655382,-0.2729753972231983,0.2729753972231983,0.5735162937918511,FALSE,FALSE
2024-03-27,Ross,0.201316015,-0.26716248124172615,0.26716248124172615,0.5735162937918511,FALSE,FALSE
2024-03-28,Ross,0.177176612,-0.30456056951892246,0.30456056951892246,0.5735162937918511,FALSE,FALSE
2024-03-29,Ross,0.182140488,-0.3132663501398765,0.3132663501398765,0.5735162937918511,FALSE,FALSE
2024-03-30,Ross,0.203136385,-0.3063523681916591,0.3063523681916591,0.5735162937918511,FALSE,FALSE
2024-03-31,Ross,0.215451054,-0.3085401781588544,0.3085401781588544,0.5735162937918511,FALSE,FALSE
2024-04-01,Ross,0.241997486,-0.29692748047875783,0.29692748047875783,0.5735162937918511,FALSE,FALSE
2024-04-02,Ross,0.298509731,-0.25579091856112635,0.25579091856112635,0.5735162937918511,FALSE,FALSE
2024-04-03,Ross,0.336687775,-0.233441199815722,0.233441199815722,0.5735162937918511,FALSE,FALSE
2024-04-04,Ross,0.369558163,-0.21686247265230263,0.21686247265230263,0.5735162937918511,FALSE,FALSE
2024-04-05,Ross,0.402986412,-0.2001999134806251,0.2001999134806251,0.5735162937918511,FALSE,FALSE
2024-04-06,Ross,0.408052144,-0.2123845937104528,0.2123845937104528,0.5735162937918511,FALSE,FALSE
2024-04-07,Ross,0.423244429,-0.2149381367515421,0.2149381367515421,0.5735162937918511,FALSE,FALSE
2024-04-08,Ross,0.440860806,-0.21557369701365217,0.21557369701365217,0.5735162937918511,FALSE,FALSE
2024-04-09,Ross,0.470914146,-0.20428909690654456,0.20428909690654456,0.5735162937918511,FALSE,FALSE
2024-04-10,Ross,0.485700131,-0.20879934783997667,0.20879934783997667,0.5735162937918511,FALSE,FALSE
2024-04-11,Ross,0.488837014,-0.22549659037534087,0.22549659037534087,0.5735162937918511,FALSE,FALSE
2024-04-12,Ross,0.519841128,-0.2148535148110431,0.2148535148110431,0.5735162937918511,FALSE,FALSE
2024-04-13,Ross,0.532800494,-0.22273589475862,0.22273589475862,0.5735162937918511,FALSE,FALSE
2024-04-14,Ross,0.553763774,-0.22304557231255895,0.22304557231255895,0.5735162937918511,FALSE,FALSE
2024-04-15,Ross,0.579424201,-0.2190398185673489,0.2190398185673489,0.5735162937918511,FALSE,FALSE
2024-04-16,Ross,0.60975582,-0.210695092617476,0.210695092617476,0.5735162937918511,FALSE,FALSE
2024-04-17,Ross,0.626471612,-0.21624891755742848,0.21624891755742848,0.5735162937918511,FALSE,FALSE
2024-04-18,Ross,0.657786838,-0.2074365364816931,0.2074365364816931,0.5735162937918511,FALSE,FALSE
2024-04-19,Ross,0.678631134,-0.20927881748475985,0.20927881748475985,0.5735162937918511,FALSE,FALSE
2024-04-20,Ross,0.696719569,-0.21401119566111215,0.21401119566111215,0.5735162937918511,FALSE,FALSE
2024-04-21,Ross,0.732794169,-0.20084214910523857,0.20084214910523857,0.5735162937918511,FALSE,FALSE
2024-04-22,Ross,0.773337301,-0.18323981491162888,0.18323981491162888,0.5735162937918511,FALSE,FALSE
2024-04-23,Ross,0.819086543,-0.16041711917476764,0.16041711917476764,0.5735162937918511,FALSE,FALSE
2024-04-24,Ross,0.831884947,-0.1704916104958183,0.1704916104958183,0.5735162937918511,FALSE,FALSE
2024-04-25,Ross,0.832033967,-0.193218326669235,0.193218326669235,0.5735162937918511,FALSE,FALSE
2024-04-26,Ross,0.863557556,-0.18468279652369832,0.18468279652369832,0.5735162937918511,FALSE,FALSE
2024-04-27,Ross,0.902991182,-0.16845959207937378,0.16845959207937378,0.5735162937918511,FALSE,FALSE
2024-04-28,Ross,0.959831362,-0.13516223635643232,0.13516223635643232,0.5735162937918511,FALSE,FALSE
2024-04-29,Ross,1.006174491,-0.11280437437504508,0.11280437437504508,0.5735162937918511,FALSE,FALSE
2024-04-30,Ross,1.041995762,-0.1015208531553835,0.1015208531553835,0.5735162937918511,FALSE,FALSE
2024-05-01,Ross,1.082786247,-0.08593064071761458,0.08593064071761458,0.5735162937918511,FALSE,FALSE
2024-05-02,Ross,1.114484393,-0.080205330081909,0.080205330081909,0.5735162937918511,FALSE,FALSE
2024-05-03,Ross,1.126607234,-0.09493792726843786,0.09493792726843786,0.5735162937918511,FALSE,FALSE
2024-05-04,Ross,1.141055118,-0.10833812429737044,0.10833812429737044,0.5735162937918511,FALSE,FALSE
2024-05-05,Ross,1.166082531,-0.11226147518887576,0.11226147518887576,0.5735162937918511,FALSE,FALSE
2024-05-06,Ross,1.194888901,-0.11361850309134658,0.11361850309134658,0.5735162937918511,FALSE,FALSE
2024-05-07,Ross,1.201139773,-0.13880406674705226,0.13880406674705226,0.5735162937918511,FALSE,FALSE
2024-05-08,Ross,1.211421013,-0.1611608348398215,0.1611608348398215,0.5735162937918511,FALSE,FALSE
2024-05-09,Ross,1.242599345,-0.16372892084150537,0.16372892084150537,0.5735162937918511,FALSE,FALSE
2024-05-10,Ross,1.270625023,-0.17046490822395133,0.17046490822395133,0.5735162937918511,FALSE,FALSE
2024-05-11,Ross,1.285003779,-0.1917699024590076,0.1917699024590076,0.5735162937918511,FALSE,FALSE
2024-05-12,Ross,1.284880896,-0.22840545801852707,0.22840545801852707,0.5735162937918511,FALSE,FALSE
2024-05-13,Ross,1.309621812,-0.2409129743743557,0.2409129743743557,0.5735162937918511,FALSE,FALSE
2024-05-14,Ross,1.352568118,-0.23585769799834377,0.23585769799834377,0.5735162937918511,FALSE,FALSE
2024-05-15,Ross,1.397547533,-0.22931874736234217,0.22931874736234217,0.5735162937918511,FALSE,FALSE
2024-05-16,Ross,1.430757699,-0.235005317938197,0.235005317938197,0.5735162937918511,FALSE,FALSE
2024-05-17,Ross,1.488057663,-0.21696520019776133,0.21696520019776133,0.5735162937918511,FALSE,FALSE
2024-05-18,Ross,1.492528133,-0.2520245236128833,0.2520245236128833,0.5735162937918511,FALSE,FALSE
2024-05-19,Ross,1.480405311,-0.3038569682059624,0.3038569682059624,0.5735162937918511,FALSE,FALSE
2024-05-20,Ross,1.454384251,-0.3697329168706376,0.3697329168706376,0.5735162937918511,FALSE,FALSE
2024-05-21,Ross,1.473243521,-0.39088777589090506,0.39088777589090506,0.5735162937918511,FALSE,FALSE
2024-05-22,Ross,1.52013361,-0.3841866635775062,0.3841866635775062,0.5735162937918511,FALSE,FALSE
2024-05-23,Ross,1.535203531,-0.4094961742411818,0.4094961742411818,0.5735162937918511,FALSE,FALSE
2024-05-24,Ross,1.56402621,-0.4212589891926708,0.4212589891926708,0.5735162937918511,FALSE,FALSE
2024-05-25,Ross,1.617404873,-0.4086874897427131,0.4086874897427131,0.5735162937918511,FALSE,FALSE
2024-05-26,Ross,1.654031113,-0.4131056902020507,0.4131056902020507,0.5735162937918511,FALSE,FALSE
2024-05-27,Ross,1.666001315,-0.44243281288142544,0.44243281288142544,0.5735162937918511,FALSE,FALSE
2024-05-28,Ross,1.67224651,-0.47775343409157767,0.47775343409157767,0.5735162937918511,FALSE,FALSE
2024-05-29,Ross,1.71558598,-0.4762638791432463,0.4762638791432463,0.5735162937918511,FALSE,FALSE
2024-05-30,Ross,1.74395381,-0.49004567034717383,0.49004567034717383,0.5735162937918511,FALSE,FALSE
2024-05-31,Ross,1.736491144,-0.5399732710140999,0.5399732710140999,0.5735162937918511,FALSE,FALSE
2024-06-01,Ross,1.739380209,-0.5798754030496924,0.5798754030496924,0.5735162937918511,TRUE,TRUE
2024-06-02,Ross,1.767050272,-0.5953130824167463,0.5953130824167463,0.5735162937918511,TRUE,TRUE
2024-06-03,Ross,1.788873971,-0.6168982252923734,0.6168982252923734,0.5735162937918511,TRUE,TRUE
2024-06-04,Ross,1.806955371,-0.6425113206414723,0.6425113206414723,0.5735162937918511,TRUE,TRUE
2024-06-05,Ross,1.839026523,-0.6544048714289452,0.6544048714289452,0.5735162937918511,TRUE,TRUE
2024-06-06,Ross,1.879658845,-0.6579920136196973,0.6579920136196973,0.5735162937918511,TRUE,TRUE
2024-06-07,Ross,1.911046246,-0.6710633921786247,0.6710633921786247,0.5735162937918511,TRUE,TRUE
2024-06-08,Ross,1.936850811,-0.6899414760706304,0.6899414760706304,0.5735162937918511,TRUE,TRUE
2024-06-09,Ross,1.943148997,-0.7285343622606197,0.7285343622606197,0.5735162937918511,TRUE,TRUE
2024-06-10,Ross,1.939025081,-0.7777423277134905,0.7777423277134905,0.5735162937918511,TRUE,TRUE
2024-06-11,Ross,1.970518397,-0.7915105923941443,0.7915105923941443,0.5735162937918511,TRUE,TRUE
2024-06-12,Ross,1.989579101,-0.8178735542674831,0.8178735542674831,0.5735162937918511,TRUE,TRUE
2024-06-13,Ross,2.032624478,-0.8203978587445904,0.8203978587445904,0.5735162937918511,TRUE,TRUE
2024-06-14,Ross,2.051103392,-0.8475910833981373,0.8475910833981373,0.5735162937918511,TRUE,TRUE
2024-06-15,Ross,2.080340825,-0.8640469770835093,0.8640469770835093,0.5735162937918511,TRUE,TRUE
2024-06-16,Ross,2.088797285,-0.901221030450317,0.901221030450317,0.5735162937918511,TRUE,TRUE
2024-06-17,Ross,2.091002691,-0.944499323148186,0.944499323148186,0.5735162937918511,TRUE,TRUE
2024-06-18,Ross,2.139164723,-0.941590173826722,0.941590173826722,0.5735162937918511,TRUE,TRUE
2024-06-19,Ross,2.188224919,-0.9374680431355462,0.9374680431355462,0.5735162937918511,TRUE,TRUE
2024-06-20,Ross,2.241969682,-0.9282625267242736,0.9282625267242736,0.5735162937918511,TRUE,TRUE
2024-06-21,Ross,2.267257501,-0.9470311342425216,0.9470311342425216,0.5735162937918511,TRUE,TRUE
2024-06-22,Ross,2.271747012,-0.9860312283399036,0.9860312283399036,0.5735162937918511,TRUE,TRUE
2024-06-23,Ross,2.25949715,-1.0411198726660371,1.0411198726660371,0.5735162937918511,TRUE,TRUE
2024-06-24,Ross,2.256752792,-1.0859681888705373,1.0859681888705373,0.5735162937918511,TRUE,TRUE
2024-06-25,Ross,2.274839518,-1.1091665956030194,1.1091665956030194,0.5735162937918511,TRUE,TRUE
2024-06-26,Ross,2.302003166,-1.122400311974859,1.122400311974859,0.5735162937918511,TRUE,TRUE
2024-06-27,Ross,2.365522733,-1.0984351874435294,1.0984351874435294,0.5735162937918511,TRUE,TRUE
2024-06-28,Ross,2.445814429,-1.056951853291597,1.056951853291597,0.5735162937918511,TRUE,TRUE
2024-06-29,Ross,2.545750217,-0.9951754551335704,0.9951754551335704,0.5735162937918511,TRUE,TRUE
2024-06-30,Ross,2.593351394,-0.985181804583958,0.985181804583958,0.5735162937918511,TRUE,TRUE
2024-07-01,Ross,2.602403443,-1.0132825272572663,1.0132825272572663,0.5735162937918511,TRUE,TRUE
2024-07-02,Ross,2.658167061,-0.9943140347680108,0.9943140347680108,0.5735162937918511,TRUE,TRUE
2024-07-03,Ross,2.69326969,-0.9957459937306944,0.9957459937306944,0.5735162937918511,TRUE,TRUE
2024-07-04,Ross,2.708254459,-1.0171323837598285,1.0171323837598285,0.5735162937918511,TRUE,TRUE
2024-07-05,Ross,2.72791306,-1.0337786214699212,1.0337786214699212,0.5735162937918511,TRUE,TRUE
2024-07-06,Ross,2.745767536,-1.0522597724754776,1.0522597724754776,0.5735162937918511,TRUE,TRUE
2024-07-07,Ross,2.713638375,-1.120852457391016,1.120852457391016,0.5735162937918511,TRUE,TRUE
2024-07-08,Ross,2.746475738,-1.124703316361606,1.124703316361606,0.5735162937918511,TRUE,TRUE
2024-07-09,Ross,2.845561378,-1.062567596151971,1.062567596151971,0.5735162937918511,TRUE,TRUE
2024-07-10,Ross,2.90324056,-1.0420061577340085,1.0420061577340085,0.5735162937918511,TRUE,TRUE
2024-07-11,Ross,2.945925808,-1.0364952837252803,1.0364952837252803,0.5735162937918511,TRUE,TRUE
2024-07-12,Ross,2.921561998,-1.0979789047433497,1.0979789047433497,0.5735162937918511,TRUE,TRUE
2024-07-13,Ross,2.879210998,-1.177283959405774,1.177283959405774,0.5735162937918511,TRUE,TRUE
2024-07-14,Ross,2.857097137,-1.2360749253301235,1.2360749253301235,0.5735162937918511,TRUE,TRUE
2024-07-15,Ross,2.841073999,-1.288387025133952,1.288387025133952,0.5735162937918511,TRUE,TRUE
2024-07-16,Ross,2.839813754,-1.3254368954348323,1.3254368954348323,0.5735162937918511,TRUE,TRUE
2024-07-17,Ross,2.874434488,-1.32599525685032,1.32599525685032,0.5735162937918511,TRUE,TRUE
2024-07-18,Ross,2.902312813,-1.3325743039979807,1.3325743039979807,0.5735162937918511,TRUE,TRUE
2024-07-19,Ross,2.936241105,-1.3322704674953774,1.3322704674953774,0.5735162937918511,TRUE,TRUE
2024-07-20,Ross,2.910270055,-1.3909218629600693,1.3909218629600693,0.5735162937918511,TRUE,TRUE
2024-07-21,Ross,2.892254445,-1.440571438821718,1.440571438821718,0.5735162937918511,TRUE,TRUE
2024-07-22,Ross,2.89683319,-1.466601179620786,1.466601179620786,0.5735162937918511,TRUE,TRUE
2024-07-23,Ross,2.883409487,-1.509718570750683,1.509718570750683,0.5735162937918511,TRUE,TRUE
2024-07-24,Ross,2.866555317,-1.5554643502292689,1.5554643502292689,0.5735162937918511,TRUE,TRUE
2024-07-25,Ross,2.843987322,-1.606234595074414,1.606234595074414,0.5735162937918511,TRUE,TRUE
2024-07-26,Ross,2.918759476,-1.5590880503039894,1.5590880503039894,0.5735162937918511,TRUE,TRUE
2024-07-27,Ross,2.929949095,-1.5750601189358595,1.5750601189358595,0.5735162937918511,TRUE,TRUE
2024-07-28,Ross,2.935281264,-1.5965384349878875,1.5965384349878875,0.5735162937918511,TRUE,TRUE
2024-07-29,Ross,2.922497448,-1.635894252477946,1.635894252477946,0.5735162937918511,TRUE,TRUE
2024-07-30,Ross,2.941791446,-1.6430464914238998,1.6430464914238998,0.5735162937918511,TRUE,TRUE
2024-07-31,Ross,3.078339161,-1.5329319678436213,1.5329319678436213,0.5735162937918511,TRUE,TRUE
2024-08-01,Ross,3.18346408,-1.4543399137549726,1.4543399137549726,0.5735162937918511,TRUE,TRUE
2024-08-02,Ross,3.372477292,-1.2920719575779491,1.2920719575779491,0.5735162937918511,TRUE,TRUE
2024-08-03,Ross,3.461157381,-1.230419096591786,1.230419096591786,0.5735162937918511,TRUE,TRUE
2024-08-04,Ross,3.480905126,-1.2378945243533406,1.2378945243533406,0.5735162937918511,TRUE,TRUE
2024-08-05,Ross,3.467049589,-1.2790480749428923,1.2790480749428923,0.5735162937918511,TRUE,TRUE
2024-08-06,Ross,3.43284896,-1.3405004544407189,1.3405004544407189,0.5735162937918511,TRUE,TRUE
2024-08-07,Ross,3.376218589,-1.424215208927087,1.424215208927087,0.5735162937918511,TRUE,TRUE
2024-08-08,Ross,3.395067613,-1.4321620974822729,1.4321620974822729,0.5735162937918511,TRUE,TRUE
2024-08-09,Ross,3.503202045,-1.3504140031865577,1.3504140031865577,0.5735162937918511,TRUE,TRUE
2024-08-10,Ross,3.604433879,-1.2750378281202055,1.2750378281202055,0.5735162937918511,TRUE,TRUE
2024-08-11,Ross,3.624985231,-1.2796903523634944,1.2796903523634944,0.5735162937918511,TRUE,TRUE
2024-08-12,Ross,3.648933128,-1.2801734449966946,1.2801734449966946,0.5735162937918511,TRUE,TRUE
2024-08-13,Ross,3.699044103,-1.2535994691000885,1.2535994691000885,0.5735162937918511,TRUE,TRUE
2024-08-14,Ross,3.755691133,-1.2194743437539408,1.2194743437539408,0.5735162937918511,TRUE,TRUE
2024-08-15,Ross,3.748978708,-1.247576455673733,1.247576455673733,0.5735162937918511,TRUE,TRUE
2024-08-16,Ross,3.772180417,-1.2446334064022868,1.2446334064022868,0.5735162937918511,TRUE,TRUE
2024-08-17,Ross,3.820148193,-1.2159298729888524,1.2159298729888524,0.5735162937918511,TRUE,TRUE
2024-08-18,Ross,3.845950293,-1.2085416298216844,1.2085416298216844,0.5735162937918511,TRUE,TRUE
2024-08-19,Ross,3.877462211,-1.194737214289039,1.194737214289039,0.5735162937918511,TRUE,TRUE
2024-08-20,Ross,3.896573296,-1.1927713087791658,1.1927713087791658,0.5735162937918511,TRUE,TRUE
2024-08-21,Ross,3.892142322,-1.213929170680324,1.213929170680324,0.5735162937918511,TRUE,TRUE
2024-08-22,Ross,3.894539599,-1.2279845213807643,1.2279845213807643,0.5735162937918511,TRUE,TRUE
2024-08-23,Ross,3.905724414,-1.233122105268737,1.233122105268737,0.5735162937918511,TRUE,TRUE
2024-08-24,Ross,3.907166102,-1.2480166187325028,1.2480166187325028,0.5735162937918511,TRUE,TRUE
2024-08-25,Ross,3.951243562,-1.220433194160309,1.220433194160309,0.5735162937918511,TRUE,TRUE
2024-08-26,Ross,3.99144805,-1.1970246069404142,1.1970246069404142,0.5735162937918511,TRUE,TRUE
2024-08-27,Ross,3.987356314,-1.2183581404610693,1.2183581404610693,0.5735162937918511,TRUE,TRUE
2024-08-28,Ross,3.983950197,-1.2395687043147476,1.2395687043147476,0.5735162937918511,TRUE,TRUE
2024-08-29,Ross,4.095757544,-1.1460794138659225,1.1460794138659225,0.5735162937918511,TRUE,TRUE
2024-08-30,Ross,4.198313141,-1.0622441500574729,1.0622441500574729,0.5735162937918511,TRUE,TRUE
2024-08-31,Ross,4.251925522,-1.0276429340983393,1.0276429340983393,0.5735162937918511,TRUE,TRUE
2024-09-01,Ross,4.269517741,-1.0292412671974611,1.0292412671974611,0.5735162937918511,TRUE,TRUE
2024-09-02,Ross,4.251201813,-1.066815689563776,1.066815689563776,0.5735162937918511,TRUE,TRUE
2024-09-03,Ross,4.229953108,-1.10727938640622,1.10727938640622,0.5735162937918511,TRUE,TRUE
2024-09-04,Ross,4.225580205,-1.130712333933733,1.130712333933733,0.5735162937918511,TRUE,TRUE
2024-09-05,Ross,4.263055943,-1.1120302483552529,1.1120302483552529,0.5735162937918511,TRUE,TRUE
2024-09-06,Ross,4.314296935,-1.0792050718797173,1.0792050718797173,0.5735162937918511,TRUE,TRUE
2024-09-07,Ross,4.371406542,-1.0400219987160604,1.0400219987160604,0.5735162937918511,TRUE,TRUE
2024-09-08,Ross,4.399151897,-1.0296024510732265,1.0296024510732265,0.5735162937918511,TRUE,TRUE
2024-09-09,Ross,4.427600842,-1.0177676047613191,1.0177676047613191,0.5735162937918511,TRUE,TRUE
2024-09-10,Ross,4.479754206,-0.9814495640787192,0.9814495640787192,0.5735162937918511,TRUE,TRUE
2024-09-11,Ross,4.482378426,-0.9938942951455356,0.9938942951455356,0.5735162937918511,TRUE,TRUE
2024-09-12,Ross,4.480625041,-1.0099710295613011,1.0099710295613011,0.5735162937918511,TRUE,TRUE
2024-09-13,Ross,4.470143999,-1.0340505899255348,1.0340505899255348,0.5735162937918511,TRUE,TRUE
2024-09-14,Ross,4.461392343,-1.0556967038377705,1.0556967038377705,0.5735162937918511,TRUE,TRUE
2024-09-15,Ross,4.444468431,-1.0848317838975303,1.0848317838975303,0.5735162937918511,TRUE,TRUE
2024-09-16,Ross,4.433844994,-1.1070038697043405,1.1070038697043405,0.5735162937918511,TRUE,TRUE
2024-09-17,Ross,4.416142727,-1.1356130368577304,1.1356130368577304,0.5735162937918511,TRUE,TRUE
2024-09-18,Ross,4.413855501,-1.1481861849572257,1.1481861849572257,0.5735162937918511,TRUE,TRUE
2024-09-19,Ross,4.422102707,-1.1496246936023526,1.1496246936023526,0.5735162937918511,TRUE,TRUE
2024-09-20,Ross,4.446258135,-1.1345755433926366,1.1345755433926366,0.5735162937918511,TRUE,TRUE
2024-09-21,Ross,4.441693,-1.1476882899276075,1.1476882899276075,0.5735162937918511,TRUE,TRUE
2024-09-22,Ross,4.451412,-1.1459771960679808,1.1459771960679808,0.5735162937918511,TRUE,TRUE
2024-09-23,Ross,4.482325526,-1.1225314563846078,1.1225314563846078,0.5735162937918511,TRUE,TRUE
2024-09-24,Ross,4.535791644,-1.0759808370996504,1.0759808370996504,0.5735162937918511,TRUE,TRUE
2024-09-25,Ross,4.568583291,-1.049540068522825,1.049540068522825,0.5735162937918511,TRUE,TRUE
2024-09-26,Ross,4.621454509,-1.002442775963856,1.002442775963856,0.5735162937918511,TRUE,TRUE
2024-09-27,Ross,4.631456816,-0.9976251087324606,0.9976251087324606,0.5735162937918511,TRUE,TRUE
2024-09-28,Ross,4.6151914,-1.0184735461383552,1.0184735461383552,0.5735162937918511,TRUE,TRUE
2024-09-29,Ross,4.580639535,-1.056994481491258,1.056994481491258,0.5735162937918511,TRUE,TRUE
2024-09-30,Ross,4.542074739,-1.0989020641008898,1.0989020641008898,0.5735162937918511,TRUE,TRUE
2024-10-01,Ross,4.486008034,-1.157672939276969,1.157672939276969,0.5735162937918511,TRUE,TRUE
2024-10-02,Ross,4.406113126,-1.2396210683292122,1.2396210683292122,0.5735162937918511,TRUE,TRUE
2024-10-03,Ross,4.365534511,-1.2815896225673402,1.2815896225673402,0.5735162937918511,TRUE,TRUE
2024-10-04,Ross,4.334758315,-1.3130801361821742,1.3130801361821742,0.5735162937918511,TRUE,TRUE
2024-10-05,Ross,4.346136686,-1.301719510138167,1.301719510138167,0.5735162937918511,TRUE,TRUE
2024-10-06,Ross,4.360926318,-1.2862047690528842,1.2862047690528842,0.5735162937918511,TRUE,TRUE
2024-10-07,Ross,4.394964512,-1.2506476964068929,1.2506476964068929,0.5735162937918511,TRUE,TRUE
2024-10-08,Ross,4.424797587,-1.218451057680748,1.218451057680748,0.5735162937918511,TRUE,TRUE
2024-10-09,Ross,4.456344734,-1.1836447463550126,1.1836447463550126,0.5735162937918511,TRUE,TRUE
2024-10-10,Ross,4.446258485,-1.1895253149102478,1.1895253149102478,0.5735162937918511,TRUE,TRUE
2024-10-11,Ross,4.444890372,-1.185690315827013,1.185690315827013,0.5735162937918511,TRUE,TRUE
2024-10-12,Ross,4.453148128,-1.17118110058587,1.17118110058587,0.5735162937918511,TRUE,TRUE
2024-10-13,Ross,4.451445803,-1.1655327036673766,1.1655327036673766,0.5735162937918511,TRUE,TRUE
2024-10-14,Ross,4.429043823,-1.1794337835520965,1.1794337835520965,0.5735162937918511,TRUE,TRUE
2024-10-15,Ross,4.386500162,-1.2122754507205915,1.2122754507205915,0.5735162937918511,TRUE,TRUE
2024-10-16,Ross,4.3767061,-1.2111155096534194,1.2111155096534194,0.5735162937918511,TRUE,TRUE
2024-10-17,Ross,4.37166569,-1.2039028270587029,1.2039028270587029,0.5735162937918511,TRUE,TRUE
2024-10-18,Ross,4.375906859,-1.1861438547416467,1.1861438547416467,0.5735162937918511,TRUE,TRUE
2024-10-19,Ross,4.363249257,-1.184131197649699,1.184131197649699,0.5735162937918511,TRUE,TRUE
2024-10-20,Ross,4.349059225,-1.182613887912371,1.182613887912371,0.5735162937918511,TRUE,TRUE
2024-10-21,Ross,4.334834556,-1.1802095056591746,1.1802095056591746,0.5735162937918511,TRUE,TRUE
2024-10-22,Ross,4.348623883,-1.1489847910196185,1.1489847910196185,0.5735162937918511,TRUE,TRUE
2024-10-23,Ross,4.299884728,-1.1795975951232125,1.1795975951232125,0.5735162937918511,TRUE,TRUE
2024-10-24,Ross,4.259527521,-1.2012528610994666,1.2012528610994666,0.5735162937918511,TRUE,TRUE
2024-10-25,Ross,4.227944871,-1.2136733530778914,1.2136733530778914,0.5735162937918511,TRUE,TRUE
2024-10-26,Ross,4.192700874,-1.2294103481879972,1.2294103481879972,0.5735162937918511,TRUE,TRUE
2024-10-27,Ross,4.118438314,-1.2839364355592924,1.2839364355592924,0.5735162937918511,TRUE,TRUE
2024-10-28,Ross,4.105904031,-1.2766201483212871,1.2766201483212871,0.5735162937918511,TRUE,TRUE
2024-10-29,Ross,4.081913066,-1.2807618186034908,1.2807618186034908,0.5735162937918511,TRUE,TRUE
2024-10-30,Ross,4.030898942,-1.3120032198497524,1.3120032198497524,0.5735162937918511,TRUE,TRUE
2024-10-31,Ross,4.00129684,-1.3217872013547591,1.3217872013547591,0.5735162937918511,TRUE,TRUE
2024-11-01,Ross,4.015243884,-1.2877940769177156,1.2877940769177156,0.5735162937918511,TRUE,TRUE
2024-11-02,Ross,4.01882184,-1.2637595020489734,1.2637595020489734,0.5735162937918511,TRUE,TRUE
2024-11-03,Ross,3.986504282,-1.2750273242588863,1.2750273242588863,0.5735162937918511,TRUE,TRUE
2024-11-04,Ross,3.951720209,-1.287985966057803,1.287985966057803,0.5735162937918511,TRUE,TRUE
2024-11-05,Ross,3.914137383,-1.3027850869560735,1.3027850869560735,0.5735162937918511,TRUE,TRUE
2024-11-06,Ross,3.858910405,-1.334087507464051,1.334087507464051,0.5735162937918511,TRUE,TRUE
2024-11-07,Ross,3.815208133,-1.3525417910920887,1.3525417910920887,0.5735162937918511,TRUE,TRUE
2024-11-08,Ross,3.803568554,-1.3374273723505352,1.3374273723505352,0.5735162937918511,TRUE,TRUE
2024-11-09,Ross,3.788573235,-1.3239801057497431,1.3239801057497431,0.5735162937918511,TRUE,TRUE
2024-11-10,Ross,3.752767466,-1.3294721228000626,1.3294721228000626,0.5735162937918511,TRUE,TRUE
2024-11-11,Ross,3.754212219,-1.2956613539302118,1.2956613539302118,0.5735162937918511,TRUE,TRUE
2024-11-12,Ross,3.751157232,-1.2641988864919944,1.2641988864919944,0.5735162937918511,TRUE,TRUE
2024-11-13,Ross,3.741894792,-1.236816406084854,1.236816406084854,0.5735162937918511,TRUE,TRUE
2024-11-14,Ross,3.733157042,-1.2068158999273049,1.2068158999273049,0.5735162937918511,TRUE,TRUE
2024-11-15,Ross,3.716863004,-1.1823124762378625,1.1823124762378625,0.5735162937918511,TRUE,TRUE
2024-11-16,Ross,3.679727664,-1.1766252792350431,1.1766252792350431,0.5735162937918511,TRUE,TRUE
2024-11-17,Ross,3.643385725,-1.1681537361373628,1.1681537361373628,0.5735162937918511,TRUE,TRUE
2024-11-18,Ross,3.604967339,-1.159801825163334,1.159801825163334,0.5735162937918511,TRUE,TRUE
2024-11-19,Ross,3.563318268,-1.1527579145314752,1.1527579145314752,0.5735162937918511,TRUE,TRUE
2024-11-20,Ross,3.532729706,-1.1327649404602966,1.1327649404602966,0.5735162937918511,TRUE,TRUE
2024-11-21,Ross,3.492658469,-1.1204002171683198,1.1204002171683198,0.5735162937918511,TRUE,TRUE
2024-11-22,Ross,3.432793054,-1.1260093778740576,1.1260093778740576,0.5735162937918511,TRUE,TRUE
2024-11-23,Ross,3.410417674,-1.092342339796024,1.092342339796024,0.5735162937918511,TRUE,TRUE
2024-11-24,Ross,3.363430398,-1.0815101032543095,1.0815101032543095,0.5735162937918511,TRUE,TRUE
2024-11-25,Ross,3.306447748,-1.078693254688898,1.078693254688898,0.5735162937918511,TRUE,TRUE
2024-11-26,Ross,3.246059082,-1.076992965114124,1.076992965114124,0.5735162937918511,TRUE,TRUE
2024-11-27,Ross,3.173600629,-1.0847627272670737,1.0847627272670737,0.5735162937918511,TRUE,TRUE
2024-11-28,Ross,3.149706742,-1.0410579098848287,1.0410579098848287,0.5735162937918511,TRUE,TRUE
2024-11-29,Ross,3.097356575,-1.0225890807044715,1.0225890807044715,0.5735162937918511,TRUE,TRUE
2024-11-30,Ross,3.044327009,-1.001269080463091,1.001269080463091,0.5735162937918511,TRUE,TRUE
2024-12-01,Ross,2.948068314,-1.019337360897767,1.019337360897767,0.5735162937918511,TRUE,TRUE
2024-12-02,Ross,2.835463973,-1.0496001607455856,1.0496001607455856,0.5735162937918511,TRUE,TRUE
2024-12-03,Ross,2.743877666,-1.0543835217436306,1.0543835217436306,0.5735162937918511,TRUE,TRUE
2024-12-04,Ross,2.649617466,-1.0570690926289847,1.0570690926289847,0.5735162937918511,TRUE,TRUE
2024-12-05,Ross,2.561543647,-1.0484863211387347,1.0484863211387347,0.5735162937918511,TRUE,TRUE
2024-12-06,Ross,2.45243435,-1.0555476903332326,1.0555476903332326,0.5735162937918511,TRUE,TRUE
2024-12-07,Ross,2.315970331,-1.0845431782901027,1.0845431782901027,0.5735162937918511,TRUE,TRUE
2024-12-08,Ross,2.209904477,-1.0783661545982102,1.0783661545982102,0.5735162937918511,TRUE,TRUE
2024-12-09,Ross,2.115126278,-1.0568731755814609,1.0568731755814609,0.5735162937918511,TRUE,TRUE
2024-12-10,Ross,2.024247402,-1.0281986195637738,1.0281986195637738,0.5735162937918511,TRUE,TRUE
2024-12-11,Ross,1.952478563,-0.9778778188690522,0.9778778188690522,0.5735162937918511,TRUE,TRUE
2024-12-12,Ross,1.875065684,-0.9314108968212108,0.9314108968212108,0.5735162937918511,TRUE,TRUE
2024-12-13,Ross,1.817416287,-0.8641363777441593,0.8641363777441593,0.5735162937918511,TRUE,TRUE
2024-12-14,Ross,1.756809928,-0.7995207519618055,0.7995207519618055,0.5735162937918511,TRUE,TRUE
2024-12-15,Ross,1.705523895,-0.7260327777980657,0.7260327777980657,0.5735162937918511,TRUE,TRUE
2024-12-16,Ross,1.63451951,-0.6734571795768449,0.6734571795768449,0.5735162937918511,TRUE,TRUE
2024-12-17,Ross,1.531243566,-0.6550932106220568,0.6550932106220568,0.5735162937918511,TRUE,TRUE
2024-12-18,Ross,1.382739542,-0.6846434382576114,0.6846434382576114,0.5735162937918511,TRUE,TRUE
2024-12-19,Ross,1.234730363,-0.7171118096433562,0.7171118096433562,0.5735162937918511,TRUE,TRUE
2024-12-20,Ross,1.172571456,-0.6675665894463254,0.6675665894463254,0.5735162937918511,TRUE,TRUE
2024-12-21,Ross,1.137181002,-0.595271283298046,0.595271283298046,0.5735162937918511,TRUE,TRUE
2024-12-22,Ross,1.09051382,-0.5384460148944641,0.5384460148944641,0.5735162937918511,FALSE,FALSE
2024-12-23,Ross,1.0323780870000001,-0.497457549931525,0.497457549931525,0.5735162937918511,FALSE,FALSE
2024-12-24,Ross,0.949563006,-0.4856916281051744,0.4856916281051744,0.5735162937918511,FALSE,FALSE
2024-12-25,Ross,0.918584581,-0.4268071881113602,0.4268071881113602,0.5735162937918511,FALSE,FALSE
2024-12-26,Ross,0.897510925,-0.36291105964602743,0.36291105964602743,0.5735162937918511,FALSE,FALSE
2024-12-27,Ross,0.874445167,-0.30607505640511756,0.30607505640511756,0.5735162937918511,FALSE,FALSE
2024-12-28,Ross,0.860562541,-0.24529888708458403,0.24529888708458403,0.5735162937918511,FALSE,FALSE
2024-12-29,Ross,0.824519697,-0.21210084438036836,0.21210084438036836,0.5735162937918511,FALSE,FALSE
2024-12-30,Ross,0.805422894,-0.16754961198841656,0.16754961198841656,0.5735162937918511,FALSE,FALSE
2024-12-31,Ross,0.771095448,-0.14399681660467556,0.14399681660467556,0.5735162937918511,FALSE,FALSE
1978-11-01,Weddell,1.478076808,0.3669710876074708,0.3669710876074708,0.29780060706748523,TRUE,FALSE
1978-11-03,Weddell,1.449219367,0.34899481178526504,0.34899481178526504,0.29780060706748523,TRUE,FALSE
1978-11-05,Weddell,1.381646653,0.2928567078662796,0.2928567078662796,0.29780060706748523,FALSE,FALSE
1978-11-07,Weddell,1.341545991,0.26473324106308316,0.26473324106308316,0.29780060706748523,FALSE,FALSE
1978-11-09,Weddell,1.34038526,0.27608143058824086,0.27608143058824086,0.29780060706748523,FALSE,FALSE
1978-11-11,Weddell,1.290980715,0.23970667165432125,0.23970667165432125,0.29780060706748523,FALSE,FALSE
1978-11-13,Weddell,1.18541519,0.14768662957194545,0.14768662957194545,0.29780060706748523,FALSE,FALSE
1978-11-15,Weddell,1.144592755,0.12098500361787055,0.12098500361787055,0.29780060706748523,FALSE,FALSE
1978-11-17,Weddell,1.125059108,0.1162482888751566,0.1162482888751566,0.29780060706748523,FALSE,FALSE
1978-11-19,Weddell,1.138435889,0.14519958048316195,0.14519958048316195,0.29780060706748523,FALSE,FALSE
1978-11-21,Weddell,1.165789894,0.1890071295812457,0.1890071295812457,0.29780060706748523,FALSE,FALSE
1978-11-23,Weddell,1.188945536,0.22959680430876617,0.22959680430876617,0.29780060706748523,FALSE,FALSE
1978-11-25,Weddell,1.188321156,0.24748601619881772,0.24748601619881772,0.29780060706748523,FALSE,FALSE
1978-11-27,Weddell,1.208385138,0.28713709645077923,0.28713709645077923,0.29780060706748523,FALSE,FALSE
1978-11-29,Weddell,1.204185945,0.3034482412285253,0.3034482412285253,0.29780060706748523,TRUE,TRUE
1978-12-01,Weddell,1.189497822,0.31003298014316283,0.31003298014316283,0.29780060706748523,TRUE,TRUE
1978-12-03,Weddell,1.180447715,0.32285754380579657,0.32285754380579657,0.29780060706748523,TRUE,TRUE
1978-12-05,Weddell,1.178102783,0.342828375827533,0.342828375827533,0.29780060706748523,TRUE,TRUE
1978-12-07,Weddell,1.141075161,0.32839689803791705,0.32839689803791705,0.29780060706748523,TRUE,TRUE
1978-12-09,Weddell,1.076430375,0.28647235210350386,0.28647235210350386,0.29780060706748523,FALSE,FALSE
1978-12-11,Weddell,1.026932439,0.2596761709488312,0.2596761709488312,0.29780060706748523,FALSE,FALSE
1978-12-13,Weddell,1.00181009,0.25709715269396727,0.25709715269396727,0.29780060706748523,FALSE,FALSE
1978-12-15,Weddell,0.950766368,0.22829839845897948,0.22829839845897948,0.29780060706748523,FALSE,FALSE
1978-12-17,Weddell,0.90844156,0.2077802563639347,0.2077802563639347,0.29780060706748523,FALSE,FALSE
1978-12-19,Weddell,0.900477945,0.2210450665289011,0.2210450665289011,0.29780060706748523,FALSE,FALSE
1978-12-21,Weddell,0.852319747,0.1934087062788178,0.1934087062788178,0.29780060706748523,FALSE,FALSE
1978-12-23,Weddell,0.782206226,0.14306968549618704,0.14306968549618704,0.29780060706748523,FALSE,FALSE
1978-12-25,Weddell,0.777957236,0.1578471343739315,0.1578471343739315,0.29780060706748523,FALSE,FALSE
1978-12-27,Weddell,0.786011391,0.1841791489006681,0.1841791489006681,0.29780060706748523,FALSE,FALSE
1978-12-29,Weddell,0.767478088,0.1831746080650184,0.1831746080650184,0.29780060706748523,FALSE,FALSE
1978-12-31,Weddell,0.730891149,0.16336681585559854,0.16336681585559854,0.29780060706748523,FALSE,FALSE
1979-01-01,Weddell,0.654970226,0.0955541986071694,0.0955541986071694,0.29780060706748523,FALSE,FALSE
1979-01-02,Weddell,0.693167021,0.14167305412543352,0.14167305412543352,0.29780060706748523,FALSE,FALSE
1979-01-04,Weddell,0.667789413,0.1316089826088377,0.1316089826088377,0.29780060706748523,FALSE,FALSE
1979-01-06,Weddell,0.664735352,0.14321469492142092,0.14321469492142092,0.29780060706748523,FALSE,FALSE
1979-01-08,Weddell,0.656220117,0.14876988954319592,0.14876988954319592,0.29780060706748523,FALSE,FALSE
1979-01-10,Weddell,0.659260845,0.16535612295417357,0.16535612295417357,0.29780060706748523,FALSE,FALSE
1979-01-12,Weddell,0.660498951,0.17967922963436822,0.17967922963436822,0.29780060706748523,FALSE,FALSE
1979-01-14,Weddell,0.656190628,0.18805983850633357,0.18805983850633357,0.29780060706748523,FALSE,FALSE
1979-01-16,Weddell,0.667969822,0.2121995294908206,0.2121995294908206,0.29780060706748523,FALSE,FALSE
1979-01-18,Weddell,0.646979411,0.20331581324591763,0.20331581324591763,0.29780060706748523,FALSE,FALSE
1979-01-20,Weddell,0.637107332,0.2053721856167593,0.2053721856167593,0.29780060706748523,FALSE,FALSE
1979-01-22,Weddell,0.612925822,0.19301644244848104,0.19301644244848104,0.29780060706748523,FALSE,FALSE
1979-01-24,Weddell,0.661328358,0.2532176195862179,0.2532176195862179,0.29780060706748523,FALSE,FALSE
1979-01-26,Weddell,0.668112672,0.2718490078751057,0.2718490078751057,0.29780060706748523,FALSE,FALSE
1979-01-28,Weddell,0.663681916,0.27936054047603837,0.27936054047603837,0.29780060706748523,FALSE,FALSE
1979-01-30,Weddell,0.630748014,0.2583616724179949,0.2583616724179949,0.29780060706748523,FALSE,FALSE
1979-02-01,Weddell,0.630157247,0.26954797869690506,0.26954797869690506,0.29780060706748523,FALSE,FALSE
1979-02-03,Weddell,0.633806545,0.2846656591464001,0.2846656591464001,0.29780060706748523,FALSE,FALSE
1979-02-05,Weddell,0.630677027,0.29254510260011085,0.29254510260011085,0.29780060706748523,FALSE,FALSE
1979-02-07,Weddell,0.616458454,0.28872533989166876,0.28872533989166876,0.29780060706748523,FALSE,FALSE
1979-02-09,Weddell,0.630569202,0.3124773249722404,0.3124773249722404,0.29780060706748523,TRUE,TRUE
1979-02-11,Weddell,0.626697264,0.31738728841594127,0.31738728841594127,0.29780060706748523,TRUE,TRUE
1979-02-13,Weddell,0.623150779,0.32169488990808787,0.32169488990808787,0.29780060706748523,TRUE,TRUE
1979-02-15,Weddell,0.633073583,0.3384762411244703,0.3384762411244703,0.29780060706748523,TRUE,TRUE
1979-02-17,Weddell,0.62810448,0.33930242174087805,0.33930242174087805,0.29780060706748523,TRUE,TRUE
1979-02-19,Weddell,0.610184618,0.3260468554331007,0.3260468554331007,0.29780060706748523,TRUE,TRUE
1979-02-21,Weddell,0.59232019,0.31164848329756617,0.31164848329756617,0.29780060706748523,TRUE,TRUE
1979-02-23,Weddell,0.567477396,0.28903580792527567,0.28903580792527567,0.29780060706748523,FALSE,FALSE
1979-02-25,Weddell,0.561144903,0.28370631756611714,0.28370631756611714,0.29780060706748523,FALSE,FALSE
1979-02-27,Weddell,0.557391724,0.2797419321267496,0.2797419321267496,0.29780060706748523,FALSE,FALSE
1979-03-01,Weddell,0.5412273,0.26216499951383204,0.26216499951383204,0.29780060706748523,FALSE,FALSE
1979-03-03,Weddell,0.539231588,0.25756838363402385,0.25756838363402385,0.29780060706748523,FALSE,FALSE
1979-03-05,Weddell,0.54670463,0.26126503426607656,0.26126503426607656,0.29780060706748523,FALSE,FALSE
1979-03-07,Weddell,0.545556092,0.25520106818602956,0.25520106818602956,0.29780060706748523,FALSE,FALSE
1979-03-09,Weddell,0.541248848,0.24496073885532185,0.24496073885532185,0.29780060706748523,FALSE,FALSE
1979-03-11,Weddell,0.538280244,0.23518191590032167,0.23518191590032167,0.29780060706748523,FALSE,FALSE
1979-03-13,Weddell,0.531383843,0.22073868594739948,0.22073868594739948,0.29780060706748523,FALSE,FALSE
1979-03-15,Weddell,0.538941404,0.22015333162292425,0.22015333162292425,0.29780060706748523,FALSE,FALSE
1979-03-17,Weddell,0.540831856,0.21344530555326496,0.21344530555326496,0.29780060706748523,FALSE,FALSE
1979-03-19,Weddell,0.548950016,0.21264187119289105,0.21264187119289105,0.29780060706748523,FALSE,FALSE
1979-03-21,Weddell,0.537134449,0.19164167968257245,0.19164167968257245,0.29780060706748523,FALSE,FALSE
1979-03-23,Weddell,0.534651391,0.17973290412764115,0.17973290412764115,0.29780060706748523,FALSE,FALSE
1979-03-25,Weddell,0.536011131,0.17144742776481203,0.17144742776481203,0.29780060706748523,FALSE,FALSE
1979-03-27,Weddell,0.532847414,0.15844058983079867,0.15844058983079867,0.29780060706748523,FALSE,FALSE
1979-03-29,Weddell,0.525933559,0.14150730356231617,0.14150730356231617,0.29780060706748523,FALSE,FALSE
1979-03-31,Weddell,0.497847031,0.10324497700839765,0.10324497700839765,0.29780060706748523,FALSE,FALSE
1979-04-01,Weddell,0.757455262,0.35770088497782593,0.35770088497782593,0.29780060706748523,TRUE,FALSE
1979-04-02,Weddell,0.497129753,0.09216639904213642,0.09216639904213642,0.29780060706748523,FALSE,FALSE
1979-04-04,Weddell,0.530856659,0.11526119683820012,0.11526119683820012,0.29780060706748523,FALSE,FALSE
1979-04-06,Weddell,0.564558248,0.13797148416218147,0.13797148416218147,0.29780060706748523,FALSE,FALSE
1979-04-08,Weddell,0.578136522,0.14011087777967351,0.14011087777967351,0.29780060706748523,FALSE,FALSE
1979-04-10,Weddell,0.627235084,0.17723459545626885,0.17723459545626885,0.29780060706748523,FALSE,FALSE
1979-04-12,Weddell,0.67440718,0.2118076646601743,0.2118076646601743,0.29780060706748523,FALSE,FALSE
1979-04-14,Weddell,0.702979622,0.22713678842568025,0.22713678842568025,0.29780060706748523,FALSE,FALSE
1979-04-16,Weddell,0.719136983,0.229558952443504,0.229558952443504,0.29780060706748523,FALSE,FALSE
1979-04-18,Weddell,0.714855826,0.2112300355537652,0.2112300355537652,0.29780060706748523,FALSE,FALSE
1979-04-20,Weddell,0.748199025,0.23039222759658384,0.23039222759658384,0.29780060706748523,FALSE,FALSE
1979-04-22,Weddell,0.754381625,0.22243988941207937,0.22243988941207937,0.29780060706748523,FALSE,FALSE
1979-04-24,Weddell,0.744465974,0.1986146848403717,0.1986146848403717,0.29780060706748523,FALSE,FALSE
1979-04-26,Weddell,0.775918735,0.21653536288772535,0.21653536288772535,0.29780060706748523,FALSE,FALSE
1979-04-28,Weddell,0.852264956,0.2797135629080991,0.2797135629080991,0.29780060706748523,FALSE,FALSE
1979-04-30,Weddell,0.89032558,0.30489463764253666,0.30489463764253666,0.29780060706748523,TRUE,TRUE
1979-05-01,Weddell,1.042183569,0.45039737209241826,0.45039737209241826,0.29780060706748523,TRUE,TRUE
1979-05-02,Weddell,0.948696658,0.3505989362986821,0.3505989362986821,0.29780060706748523,TRUE,TRUE
1979-05-04,Weddell,0.984339863,0.37371243008418054,0.37371243008418054,0.29780060706748523,TRUE,TRUE
1979-05-06,Weddell,0.977007132,0.35391135420667497,0.35391135420667497,0.29780060706748523,TRUE,TRUE
1979-05-08,Weddell,0.972750034,0.3371671800051834,0.3371671800051834,0.29780060706748523,TRUE,TRUE
1979-05-10,Weddell,0.962883517,0.3146401633396626,0.3146401633396626,0.29780060706748523,TRUE,TRUE
1979-05-12,Weddell,0.954788922,0.2934946563078027,0.2934946563078027,0.29780060706748523,FALSE,FALSE
1979-05-14,Weddell,0.93263632,0.25768182973347076,0.25768182973347076,0.29780060706748523,FALSE,FALSE
1979-05-16,Weddell,1.047855727,0.35841279944053595,0.35841279944053595,0.29780060706748523,TRUE,FALSE
1979-05-18,Weddell,1.077099645,0.3721211672528667,0.3721211672528667,0.29780060706748523,TRUE,FALSE
1979-05-20,Weddell,1.064769553,0.34299139165747294,0.34299139165747294,0.29780060706748523,TRUE,FALSE
1979-05-22,Weddell,1.044428074,0.3045475146472608,0.3045475146472608,0.29780060706748523,TRUE,FALSE
1979-05-24,Weddell,0.968843107,0.20984175978412212,0.20984175978412212,0.29780060706748523,FALSE,FALSE
1979-05-26,Weddell,0.891949286,0.11312708477127488,0.11312708477127488,0.29780060706748523,FALSE,FALSE
1979-05-28,Weddell,0.839209533,0.04018473531193511,0.04018473531193511,0.29780060706748523,FALSE,FALSE
1979-05-30,Weddell,0.84843019,0.02913937710932068,0.02913937710932068,0.29780060706748523,FALSE,FALSE
1979-06-01,Weddell,1.04378527,0.20448334686664824,0.20448334686664824,0.29780060706748523,FALSE,FALSE
1979-06-03,Weddell,1.069408887,0.210600000375602,0.210600000375602,0.29780060706748523,FALSE,FALSE
1979-06-05,Weddell,1.064443625,0.18659016427329375,0.18659016427329375,0.29780060706748523,FALSE,FALSE
1979-06-07,Weddell,1.08018057,0.18362655686285337,0.18362655686285337,0.29780060706748523,FALSE,FALSE
1979-06-09,Weddell,1.061732991,0.14670407907438365,0.14670407907438365,0.29780060706748523,FALSE,FALSE
1979-06-11,Weddell,1.015864014,0.08246748883798904,0.08246748883798904,0.29780060706748523,FALSE,FALSE
1979-06-13,Weddell,0.967863061,0.01608784008377239,0.01608784008377239,0.29780060706748523,FALSE,FALSE
1979-06-15,Weddell,0.982231141,0.01196769884652904,0.01196769884652904,0.29780060706748523,FALSE,FALSE
1979-06-17,Weddell,1.069247625,0.08050131382253078,0.08050131382253078,0.29780060706748523,FALSE,FALSE
1979-06-19,Weddell,1.117250138,0.1102705913004709,0.1102705913004709,0.29780060706748523,FALSE,FALSE
1979-06-21,Weddell,1.1867451,0.16202804824421158,0.16202804824421158,0.29780060706748523,FALSE,FALSE
1979-06-23,Weddell,1.169966015,0.12825328561761307,0.12825328561761307,0.29780060706748523,FALSE,FALSE
1979-06-25,Weddell,1.168625869,0.11090538638453527,0.11090538638453527,0.29780060706748523,FALSE,FALSE
1979-06-27,Weddell,1.169989149,0.0974908101323868,0.0974908101323868,0.29780060706748523,FALSE,FALSE
1979-06-29,Weddell,1.148105,0.06213702378754449,0.06213702378754449,0.29780060706748523,FALSE,FALSE
1979-07-01,Weddell,1.075735945,-0.02252965394274442,0.02252965394274442,0.29780060706748523,FALSE,FALSE
1979-07-03,Weddell,1.020672765,-0.08886918014266532,0.08886918014266532,0.29780060706748523,FALSE,FALSE
1979-07-05,Weddell,1.035938054,-0.0840096988964063,0.0840096988964063,0.29780060706748523,FALSE,FALSE
1979-07-07,Weddell,1.071798412,-0.05783534828815262,0.05783534828815262,0.29780060706748523,FALSE,FALSE
1979-07-09,Weddell,1.096992327,-0.04175837086687939,0.04175837086687939,0.29780060706748523,FALSE,FALSE
1979-07-11,Weddell,1.111362074,-0.03607810736431749,0.03607810736431749,0.29780060706748523,FALSE,FALSE
1979-07-13,Weddell,1.09049499,-0.06532202482796845,0.06532202482796845,0.29780060706748523,FALSE,FALSE
1979-07-15,Weddell,1.121665688,-0.0423254091605727,0.0423254091605727,0.29780060706748523,FALSE,FALSE
1979-07-17,Weddell,1.204165265,0.03209293773512733,0.03209293773512733,0.29780060706748523,FALSE,FALSE
1979-07-19,Weddell,1.203023659,0.022853054956391,0.022853054956391,0.29780060706748523,FALSE,FALSE
1979-07-21,Weddell,1.240339193,0.05194336660047694,0.05194336660047694,0.29780060706748523,FALSE,FALSE
1979-07-23,Weddell,1.274476206,0.07763688858434459,0.07763688858434459,0.29780060706748523,FALSE,FALSE
1979-07-25,Weddell,1.253105273,0.04764568967639238,0.04764568967639238,0.29780060706748523,FALSE,FALSE
1979-07-27,Weddell,1.205269006,-0.00888830069076118,0.00888830069076118,0.29780060706748523,FALSE,FALSE
1979-07-29,Weddell,1.257476845,0.0346439130555678,0.0346439130555678,0.29780060706748523,FALSE,FALSE
1979-07-31,Weddell,1.251775974,0.02038907048806204,0.02038907048806204,0.29780060706748523,FALSE,FALSE
1979-08-01,Weddell,1.485460927,0.2498737689530857,0.2498737689530857,0.29780060706748523,FALSE,FALSE
1979-08-02,Weddell,1.252895247,0.01317558117940609,0.01317558117940609,0.29780060706748523,FALSE,FALSE
1979-08-04,Weddell,1.294328298,0.0465931092145051,0.0465931092145051,0.29780060706748523,FALSE,FALSE
1979-08-06,Weddell,1.346917381,0.09150505836244638,0.09150505836244638,0.29780060706748523,FALSE,FALSE
1979-08-08,Weddell,1.406389224,0.14358771966552486,0.14358771966552486,0.29780060706748523,FALSE,FALSE
1979-08-10,Weddell,1.409999166,0.1400431288138977,0.1400431288138977,0.29780060706748523,FALSE,FALSE
1979-08-12,Weddell,1.388983307,0.11205408249772252,0.11205408249772252,0.29780060706748523,FALSE,FALSE
1979-08-14,Weddell,1.462622958,0.17884858840715845,0.17884858840715845,0.29780060706748523,FALSE,FALSE
1979-08-16,Weddell,1.529261618,0.2387173911819258,0.2387173911819258,0.29780060706748523,FALSE,FALSE
1979-08-18,Weddell,1.545393982,0.24818966446994595,0.24818966446994595,0.29780060706748523,FALSE,FALSE
1979-08-20,Weddell,1.545440085,0.24190187908569993,0.24190187908569993,0.29780060706748523,FALSE,FALSE
1979-08-22,Weddell,1.518976968,0.20967028063252213,0.20967028063252213,0.29780060706748523,FALSE,FALSE
1979-08-24,Weddell,1.518493676,0.20422311871375043,0.20422311871375043,0.29780060706748523,FALSE,FALSE
1979-08-26,Weddell,1.503595452,0.1854048409327207,0.1854048409327207,0.29780060706748523,FALSE,FALSE
1979-08-28,Weddell,1.454246003,0.13341835889277043,0.13341835889277043,0.29780060706748523,FALSE,FALSE
1979-08-30,Weddell,1.415759715,0.09376005205642146,0.09376005205642146,0.29780060706748523,FALSE,FALSE
1979-09-01,Weddell,1.48467932,0.16287304022818594,0.16287304022818594,0.29780060706748523,FALSE,FALSE
1979-09-03,Weddell,1.520664581,0.2002309758973055,0.2002309758973055,0.29780060706748523,FALSE,FALSE
1979-09-05,Weddell,1.5314427,0.21337492730000496,0.21337492730000496,0.29780060706748523,FALSE,FALSE
1979-09-07,Weddell,1.520678293,0.20578337667250743,0.20578337667250743,0.29780060706748523,FALSE,FALSE
1979-09-09,Weddell,1.524407431,0.21330626125103813,0.21330626125103813,0.29780060706748523,FALSE,FALSE
1979-09-11,Weddell,1.600484894,0.2936233041727845,0.2936233041727845,0.29780060706748523,FALSE,FALSE
1979-09-13,Weddell,1.622506962,0.32029891347820416,0.32029891347820416,0.29780060706748523,TRUE,FALSE
1979-09-15,Weddell,1.582368747,0.28529604712090517,0.28529604712090517,0.29780060706748523,FALSE,FALSE
1979-09-17,Weddell,1.488299017,0.19691334426879137,0.19691334426879137,0.29780060706748523,FALSE,FALSE
1979-09-19,Weddell,1.475782978,0.1907058820897667,0.1907058820897667,0.29780060706748523,FALSE,FALSE
1979-09-21,Weddell,1.491390072,0.2133129737517363,0.2133129737517363,0.29780060706748523,FALSE,FALSE
1979-09-23,Weddell,1.505221027,0.2349030554769025,0.2349030554769025,0.29780060706748523,FALSE,FALSE
1979-09-25,Weddell,1.5021854080000001,0.24033374849422495,0.24033374849422495,0.29780060706748523,FALSE,FALSE
1979-09-27,Weddell,1.464304717,0.2113947491199335,0.2113947491199335,0.29780060706748523,FALSE,FALSE
1979-09-29,Weddell,1.410655708,0.16691617002569226,0.16691617002569226,0.29780060706748523,FALSE,FALSE
1979-10-01,Weddell,1.388979084,0.15439207288316803,0.15439207288316803,0.29780060706748523,FALSE,FALSE
1979-10-03,Weddell,1.382971052,0.15727202336402613,0.15727202336402613,0.29780060706748523,FALSE,FALSE
1979-10-05,Weddell,1.382416592,0.16509437002008065,0.16509437002008065,0.29780060706748523,FALSE,FALSE
1979-10-07,Weddell,1.428291958,0.21867175537755212,0.21867175537755212,0.29780060706748523,FALSE,FALSE
1979-10-09,Weddell,1.469225423,0.2667533150033887,0.2667533150033887,0.29780060706748523,FALSE,FALSE
1979-10-11,Weddell,1.485466179,0.2897699853158,0.2897699853158,0.29780060706748523,FALSE,FALSE
1979-10-13,Weddell,1.492638243,0.3035275277329954,0.3035275277329954,0.29780060706748523,TRUE,FALSE
1979-10-15,Weddell,1.492599215,0.31006528667318634,0.31006528667318634,0.29780060706748523,TRUE,FALSE
1979-10-17,Weddell,1.508300357,0.3325162685545813,0.3325162685545813,0.29780060706748523,TRUE,FALSE
1979-10-19,Weddell,1.476442958,0.3077523186093938,0.3077523186093938,0.29780060706748523,TRUE,FALSE
1979-10-21,Weddell,1.437951508,0.2767738552671686,0.2767738552671686,0.29780060706748523,FALSE,FALSE
1979-10-23,Weddell,1.437953684,0.2847369026450224,0.2847369026450224,0.29780060706748523,FALSE,FALSE
1979-10-25,Weddell,1.442698734,0.2979186954592665,0.2979186954592665,0.29780060706748523,TRUE,TRUE
1979-10-27,Weddell,1.450567863,0.3147284254262097,0.3147284254262097,0.29780060706748523,TRUE,TRUE
1979-10-29,Weddell,1.451731539,0.3253645472621638,0.3253645472621638,0.29780060706748523,TRUE,TRUE
1979-10-31,Weddell,1.464920333,0.3485849655408544,0.3485849655408544,0.29780060706748523,TRUE,TRUE
1979-11-01,Weddell,1.445100375,0.3339946546074708,0.3339946546074708,0.29780060706748523,TRUE,TRUE
1979-11-02,Weddell,1.466685308,0.3609503108467509,0.3609503108467509,0.29780060706748523,TRUE,TRUE
1979-11-04,Weddell,1.470280216,0.37570446394958457,0.37570446394958457,0.29780060706748523,TRUE,TRUE
1979-11-06,Weddell,1.459339869,0.3764713770619228,0.3764713770619228,0.29780060706748523,TRUE,TRUE
1979-11-08,Weddell,1.485131906,0.41450782939633224,0.41450782939633224,0.29780060706748523,TRUE,TRUE
1979-11-10,Weddell,1.496070919,0.43821755316538025,0.43821755316538025,0.29780060706748523,TRUE,TRUE
1979-11-12,Weddell,1.536315942,0.49174881852219365,0.49174881852219365,0.29780060706748523,TRUE,TRUE
1979-11-14,Weddell,1.513587128,0.482840797639698,0.482840797639698,0.29780060706748523,TRUE,TRUE
1979-11-16,Weddell,1.474573638,0.4582734963988835,0.4582734963988835,0.29780060706748523,TRUE,TRUE
1979-11-18,Weddell,1.432972512,0.4318454099391096,0.4318454099391096,0.29780060706748523,TRUE,TRUE
1979-11-20,Weddell,1.357596752,0.3724709953997344,0.3724709953997344,0.29780060706748523,TRUE,TRUE
1979-11-22,Weddell,1.28998083,0.32178617992011627,0.32178617992011627,0.29780060706748523,TRUE,TRUE
1979-11-24,Weddell,1.164250093,0.2140177656396146,0.2140177656396146,0.29780060706748523,FALSE,FALSE
1979-11-26,Weddell,1.127638996,0.19647195567226916,0.19647195567226916,0.29780060706748523,FALSE,FALSE
1979-11-28,Weddell,1.094156576,0.183058343110735,0.183058343110735,0.29780060706748523,FALSE,FALSE
1979-11-30,Weddell,1.073357153,0.18317060938053853,0.18317060938053853,0.29780060706748523,FALSE,FALSE
1979-12-01,Weddell,0.969453033,0.0899881911431627,0.0899881911431627,0.29780060706748523,FALSE,FALSE
1979-12-02,Weddell,1.065486243,0.19689355509278583,0.19689355509278583,0.29780060706748523,FALSE,FALSE
1979-12-04,Weddell,1.081994289,0.23551690785858304,0.23551690785858304,0.29780060706748523,FALSE,FALSE
1979-12-06,Weddell,1.090420583,0.26641924428903574,0.26641924428903574,0.29780060706748523,FALSE,FALSE
1979-12-08,Weddell,1.095273877,0.2939492985432467,0.2939492985432467,0.29780060706748523,FALSE,FALSE
1979-12-10,Weddell,1.069670556,0.29107446735869535,0.29107446735869535,0.29780060706748523,FALSE,FALSE
1979-12-12,Weddell,1.05017134,0.29421528651391904,0.29421528651391904,0.29780060706748523,FALSE,FALSE
1979-12-14,Weddell,1.002498167,0.26895375512898456,0.26895375512898456,0.29780060706748523,FALSE,FALSE
1979-12-16,Weddell,0.94497106,0.23346995732395992,0.23346995732395992,0.29780060706748523,FALSE,FALSE
1979-12-18,Weddell,0.874890374,0.18492430921891256,0.18492430921891256,0.29780060706748523,FALSE,FALSE
1979-12-20,Weddell,0.818939416,0.14986076404632975,0.14986076404632975,0.29780060706748523,FALSE,FALSE
1979-12-22,Weddell,0.814682828,0.16575251267924407,0.16575251267924407,0.29780060706748523,FALSE,FALSE
1979-12-24,Weddell,0.802383378,0.17285359697822356,0.17285359697822356,0.29780060706748523,FALSE,FALSE
1979-12-26,Weddell,0.820900108,0.210022540931887,0.210022540931887,0.29780060706748523,FALSE,FALSE
1979-12-28,Weddell,0.81961457,0.2266403785288532,0.2266403785288532,0.29780060706748523,FALSE,FALSE
1979-12-30,Weddell,0.810320683,0.23450051075774048,0.23450051075774048,0.29780060706748523,FALSE,FALSE
1980-01-01,Weddell,0.768868048,0.2094520206071694,0.2094520206071694,0.29780060706748523,FALSE,FALSE
1980-01-03,Weddell,0.757313846,0.2135623939809893,0.2135623939809893,0.29780060706748523,FALSE,FALSE
1980-01-05,Weddell,0.727012877,0.19824002744398184,0.19824002744398184,0.29780060706748523,FALSE,FALSE
1980-01-07,Weddell,0.730083821,0.21566802047615863,0.21566802047615863,0.29780060706748523,FALSE,FALSE
1980-01-09,Weddell,0.744249373,0.2436334875575329,0.2436334875575329,0.29780060706748523,FALSE,FALSE
1980-01-11,Weddell,0.735578256,0.2482695711681177,0.2482695711681177,0.29780060706748523,FALSE,FALSE
1980-01-13,Weddell,0.726391389,0.25196160978792553,0.25196160978792553,0.29780060706748523,FALSE,FALSE
1980-01-15,Weddell,0.728293075,0.2663789817050716,0.2663789817050716,0.29780060706748523,FALSE,FALSE
1980-01-17,Weddell,0.716397955,0.266708012719222,0.266708012719222,0.29780060706748523,FALSE,FALSE
1980-01-19,Weddell,0.71189426,0.2742124459265492,0.2742124459265492,0.29780060706748523,FALSE,FALSE
1980-01-21,Weddell,0.693103373,0.2672892231721891,0.2672892231721891,0.29780060706748523,FALSE,FALSE
1980-01-23,Weddell,0.708616247,0.29460485630127653,0.29460485630127653,0.29780060706748523,FALSE,FALSE
1980-01-25,Weddell,0.704213189,0.3020152111589466,0.3020152111589466,0.29780060706748523,TRUE,FALSE
1980-01-27,Weddell,0.687508922,0.2972078974334079,0.2972078974334079,0.29780060706748523,FALSE,FALSE
1980-01-29,Weddell,0.670238519,0.2918949848944994,0.2918949848944994,0.29780060706748523,FALSE,FALSE
1980-01-31,Weddell,0.670171773,0.303703133775729,0.303703133775729,0.29780060706748523,TRUE,FALSE
1980-02-01,Weddell,0.609418543,0.24880927469690503,0.24880927469690503,0.29780060706748523,FALSE,FALSE
1980-02-02,Weddell,0.660125433,0.3052983629107276,0.3052983629107276,0.29780060706748523,TRUE,TRUE
1980-02-04,Weddell,0.648405548,0.3048359911331265,0.3048359911331265,0.29780060706748523,TRUE,TRUE
1980-02-06,Weddell,0.63216082,0.29931399027655703,0.29931399027655703,0.29780060706748523,TRUE,TRUE
1980-02-08,Weddell,0.656949779,0.33414018449487287,0.33414018449487287,0.29780060706748523,TRUE,TRUE
1980-02-10,Weddell,0.671955131,0.3583659487927722,0.3583659487927722,0.29780060706748523,TRUE,TRUE
1980-02-12,Weddell,0.668241526,0.362978803301222,0.362978803301222,0.29780060706748523,TRUE,TRUE
1980-02-14,Weddell,0.634172059,0.33627411869601265,0.33627411869601265,0.29780060706748523,TRUE,TRUE
1980-02-16,Weddell,0.584724852,0.29316229265293403,0.29316229265293403,0.29780060706748523,FALSE,FALSE
1980-02-18,Weddell,0.577287012,0.2909627078477756,0.2909627078477756,0.29780060706748523,FALSE,FALSE
1980-02-20,Weddell,0.561072392,0.27882149295632735,0.27882149295632735,0.29780060706748523,FALSE,FALSE
1980-02-22,Weddell,0.53860666,0.25920420879144546,0.25920420879144546,0.29780060706748523,FALSE,FALSE
1980-02-24,Weddell,0.519133684,0.2413461800623888,0.2413461800623888,0.29780060706748523,FALSE,FALSE
1980-02-26,Weddell,0.533414936,0.2560217167997932,0.2560217167997932,0.29780060706748523,FALSE,FALSE
1980-02-28,Weddell,0.552628249,0.27442155891031844,0.27442155891031844,0.29780060706748523,FALSE,FALSE
1980-03-01,Weddell,0.567556194,0.2873411843006231,0.2873411843006231,0.29780060706748523,FALSE,FALSE
1980-03-03,Weddell,0.593613828,0.31020855687736676,0.31020855687736676,0.29780060706748523,TRUE,FALSE
1980-03-05,Weddell,0.604853392,0.317092072109034,0.317092072109034,0.29780060706748523,TRUE,FALSE
1980-03-07,Weddell,0.60674938,0.31354623795036024,0.31354623795036024,0.29780060706748523,TRUE,FALSE
1980-03-09,Weddell,0.581920639,0.28232827935421007,0.28232827935421007,0.29780060706748523,FALSE,FALSE
1980-03-11,Weddell,0.565722338,0.25893388894695313,0.25893388894695313,0.29780060706748523,FALSE,FALSE
1980-03-13,Weddell,0.55524823,0.24059734335495792,0.24059734335495792,0.29780060706748523,FALSE,FALSE
1980-03-15,Weddell,0.582205909,0.25916676020459445,0.25916676020459445,0.29780060706748523,FALSE,FALSE
1980-03-17,Weddell,0.572989127,0.2411761363573477,0.2411761363573477,0.29780060706748523,FALSE,FALSE
1980-03-19,Weddell,0.599855666,0.25898669520810297,0.25898669520810297,0.29780060706748523,FALSE,FALSE
1980-03-21,Weddell,0.618483722,0.2683068808958888,0.2683068808958888,0.29780060706748523,FALSE,FALSE
1980-03-23,Weddell,0.659430898,0.29971589065741905,0.29971589065741905,0.29780060706748523,TRUE,TRUE
1980-03-25,Weddell,0.693001635,0.32353975972940874,0.32353975972940874,0.29780060706748523,TRUE,TRUE
1980-03-27,Weddell,0.706094377,0.32669852634857127,0.32669852634857127,0.29780060706748523,TRUE,TRUE
1980-03-29,Weddell,0.715398167,0.325902827751622,0.325902827751622,0.29780060706748523,TRUE,TRUE
1980-03-31,Weddell,0.738816088,0.3390617109778259,0.3390617109778259,0.29780060706748523,TRUE,TRUE
1980-04-01,Weddell,0.879599873,0.4746365190421364,0.4746365190421364,0.29780060706748523,TRUE,TRUE
1980-04-02,Weddell,0.733212183,0.3229721500470282,0.3229721500470282,0.29780060706748523,TRUE,TRUE
1980-04-04,Weddell,0.727728799,0.30668810926135115,0.30668810926135115,0.29780060706748523,TRUE,TRUE
1980-04-06,Weddell,0.751791374,0.3195466413863889,0.3195466413863889,0.29780060706748523,TRUE,TRUE
1980-04-08,Weddell,0.776503489,0.33256294218773347,0.33256294218773347,0.29780060706748523,TRUE,TRUE
1980-04-10,Weddell,0.785142693,0.32892617543097735,0.32892617543097735,0.29780060706748523,TRUE,TRUE
1980-04-12,Weddell,0.810307902,0.3411594196263954,0.3411594196263954,0.29780060706748523,TRUE,TRUE
1980-04-14,Weddell,0.831699149,0.349038994538045,0.349038994538045,0.29780060706748523,TRUE,TRUE
1980-04-16,Weddell,0.855644354,0.3590703066220724,0.3590703066220724,0.29780060706748523,TRUE,TRUE
1980-04-18,Weddell,0.877158096,0.3664472507185974,0.3664472507185974,0.29780060706748523,TRUE,TRUE
1980-04-20,Weddell,0.900486022,0.3755947896677396,0.3755947896677396,0.29780060706748523,TRUE,TRUE
1980-04-22,Weddell,0.937655789,0.3987198963096187,0.3987198963096187,0.29780060706748523,TRUE,TRUE
1980-04-24,Weddell,0.933801261,0.38113373308042353,0.38113373308042353,0.29780060706748523,TRUE,TRUE
1980-04-26,Weddell,0.935151623,0.369143450071632,0.369143450071632,0.29780060706748523,TRUE,TRUE
1980-04-28,Weddell,0.920427175,0.3414046796730824,0.3414046796730824,0.29780060706748523,TRUE,TRUE
1980-04-30,Weddell,0.859473692,0.2676874950924182,0.2676874950924182,0.29780060706748523,FALSE,FALSE
1980-05-01,Weddell,0.997078443,0.3989807212986821,0.3989807212986821,0.29780060706748523,TRUE,FALSE
1980-05-02,Weddell,0.828495645,0.2241206655372844,0.2241206655372844,0.29780060706748523,FALSE,FALSE
1980-05-04,Weddell,0.855584962,0.23872041721532533,0.23872041721532533,0.29780060706748523,FALSE,FALSE
1980-05-06,Weddell,0.893779229,0.2644486265056075,0.2644486265056075,0.29780060706748523,FALSE,FALSE
1980-05-08,Weddell,0.949231034,0.30735305045720696,0.30735305045720696,0.29780060706748523,TRUE,FALSE
1980-05-10,Weddell,0.981696097,0.326989770130533,0.326989770130533,0.29780060706748523,TRUE,FALSE
1980-05-12,Weddell,1.018174429,0.35013989634945397,0.35013989634945397,0.29780060706748523,TRUE,FALSE
1980-05-14,Weddell,1.003009033,0.3209275319378372,0.3209275319378372,0.29780060706748523,TRUE,FALSE
1980-05-16,Weddell,0.993638708,0.2965725757195514,0.2965725757195514,0.29780060706748523,FALSE,FALSE
1980-05-18,Weddell,0.960492532,0.2472852055184652,0.2472852055184652,0.29780060706748523,FALSE,FALSE
1980-05-20,Weddell,0.924893275,0.19421110861543336,0.19421110861543336,0.29780060706748523,FALSE,FALSE
1980-05-22,Weddell,0.943482262,0.19414871221585608,0.19414871221585608,0.29780060706748523,FALSE,FALSE
1980-05-24,Weddell,0.972378796,0.20353463481496128,0.20353463481496128,0.29780060706748523,FALSE,FALSE
1980-05-26,Weddell,1.035302664,0.24640698711596565,0.24640698711596565,0.29780060706748523,FALSE,FALSE
1980-05-28,Weddell,1.036900278,0.22773050482208643,0.22773050482208643,0.29780060706748523,FALSE,FALSE
1980-05-30,Weddell,1.019384135,0.1900360086365407,0.1900360086365407,0.29780060706748523,FALSE,FALSE
1980-06-01,Weddell,1.004482283,0.1553616815830493,0.1553616815830493,0.29780060706748523,FALSE,FALSE
1980-06-03,Weddell,0.974985289,0.10660371460859563,0.10660371460859563,0.29780060706748523,FALSE,FALSE
1980-06-05,Weddell,1.016345591,0.12910624936095827,0.12910624936095827,0.29780060706748523,FALSE,FALSE
1980-06-07,Weddell,1.02670509,0.1208928187702406,0.1208928187702406,0.29780060706748523,FALSE,FALSE
1980-06-09,Weddell,1.012922535,0.08870380376654519,0.08870380376654519,0.29780060706748523,FALSE,FALSE
1980-06-11,Weddell,1.026984641,0.08440755127997712,0.08440755127997712,0.29780060706748523,FALSE,FALSE
1980-06-13,Weddell,1.071758099,0.11075279862054888,0.11075279862054888,0.29780060706748523,FALSE,FALSE
1980-06-15,Weddell,1.143696038,0.164175338207028,0.164175338207028,0.29780060706748523,FALSE,FALSE
1980-06-17,Weddell,1.160736641,0.16282712681351685,0.16282712681351685,0.29780060706748523,FALSE,FALSE
1980-06-19,Weddell,1.162240089,0.14631444240387514,0.14631444240387514,0.29780060706748523,FALSE,FALSE
1980-06-21,Weddell,1.144588634,0.11126563394196354,0.11126563394196354,0.29780060706748523,FALSE,FALSE
1980-06-23,Weddell,1.193113588,0.14325811039164282,0.14325811039164282,0.29780060706748523,FALSE,FALSE
1980-06-25,Weddell,1.245401872,0.18012488971677287,0.18012488971677287,0.29780060706748523,FALSE,FALSE
1980-06-27,Weddell,1.306123134,0.2267340535028848,0.2267340535028848,0.29780060706748523,FALSE,FALSE
1980-06-29,Weddell,1.304650593,0.2123967247258427,0.2123967247258427,0.29780060706748523,FALSE,FALSE
1980-07-01,Weddell,1.283593502,0.1795714915212605,0.1795714915212605,0.29780060706748523,FALSE,FALSE
1980-07-03,Weddell,1.26016506,0.14532081480495318,0.14532081480495318,0.29780060706748523,FALSE,FALSE
1980-07-05,Weddell,1.238283601,0.11341229049273303,0.11341229049273303,0.29780060706748523,FALSE,FALSE
1980-07-07,Weddell,1.219505855,0.08525191050041303,0.08525191050041303,0.29780060706748523,FALSE,FALSE
1980-07-09,Weddell,1.307866133,0.1647247434487571,0.1647247434487571,0.29780060706748523,FALSE,FALSE
1980-07-11,Weddell,1.344198428,0.19253761733105468,0.19253761733105468,0.29780060706748523,FALSE,FALSE
1980-07-13,Weddell,1.368878073,0.20895554179577025,0.20895554179577025,0.29780060706748523,FALSE,FALSE
1980-07-15,Weddell,1.351220295,0.18318384494016104,0.18318384494016104,0.29780060706748523,FALSE,FALSE
1980-07-17,Weddell,1.309599955,0.13348748886148565,0.13348748886148565,0.29780060706748523,FALSE,FALSE
1980-07-19,Weddell,1.311574877,0.12731439865700267,0.12731439865700267,0.29780060706748523,FALSE,FALSE
1980-07-21,Weddell,1.329343982,0.1367546398746564,0.1367546398746564,0.29780060706748523,FALSE,FALSE
1980-07-23,Weddell,1.309551757,0.10841821103606142,0.10841821103606142,0.29780060706748523,FALSE,FALSE
1980-07-25,Weddell,1.329012757,0.11920777195192378,0.11920777195192378,0.29780060706748523,FALSE,FALSE
1980-07-27,Weddell,1.365218814,0.14671471019492466,0.14671471019492466,0.29780060706748523,FALSE,FALSE
1980-07-29,Weddell,1.374598675,0.1474673283377519,0.1474673283377519,0.29780060706748523,FALSE,FALSE
1980-07-31,Weddell,1.376380778,0.14079361995308548,0.14079361995308548,0.29780060706748523,FALSE,FALSE
1980-08-01,Weddell,1.366722436,0.1270027701794061,0.1270027701794061,0.29780060706748523,FALSE,FALSE
1980-08-02,Weddell,1.3200767900000001,0.07630480748303681,0.07630480748303681,0.29780060706748523,FALSE,FALSE
1980-08-04,Weddell,1.324321074,0.07270799281221829,0.07270799281221829,0.29780060706748523,FALSE,FALSE
1980-08-06,Weddell,1.413684865,0.15454528895145825,0.15454528895145825,0.29780060706748523,FALSE,FALSE
1980-08-08,Weddell,1.447225771,0.18082100059091455,0.18082100059091455,0.29780060706748523,FALSE,FALSE
1980-08-10,Weddell,1.449749015,0.17628704742074408,0.17628704742074408,0.29780060706748523,FALSE,FALSE
1980-08-12,Weddell,1.419183784,0.13881931313110485,0.13881931313110485,0.29780060706748523,FALSE,FALSE
1980-08-14,Weddell,1.330726721,0.04356113741215339,0.04356113741215339,0.29780060706748523,FALSE,FALSE
1980-08-16,Weddell,1.223982069,-0.06991802817732196,0.06991802817732196,0.29780060706748523,FALSE,FALSE
1980-08-18,Weddell,1.198991677,-0.10143531030085227,0.10143531030085227,0.29780060706748523,FALSE,FALSE
1980-08-20,Weddell,1.269023592,-0.0374844807949819,0.0374844807949819,0.29780060706748523,FALSE,FALSE
1980-08-22,Weddell,1.357600023,0.04569587394362662,0.04569587394362662,0.29780060706748523,FALSE,FALSE
1980-08-24,Weddell,1.370689409,0.05431339751830899,0.05431339751830899,0.29780060706748523,FALSE,FALSE
1980-08-26,Weddell,1.302874061,-0.01681039446759791,0.01681039446759791,0.29780060706748523,FALSE,FALSE
1980-08-28,Weddell,1.253532391,-0.06806356241677336,0.06806356241677336,0.29780060706748523,FALSE,FALSE
1980-08-30,Weddell,1.171524006,-0.1505380101551017,0.1505380101551017,0.29780060706748523,FALSE,FALSE
1980-09-01,Weddell,1.171765859,-0.14948986151418708,0.14948986151418708,0.29780060706748523,FALSE,FALSE
1980-09-03,Weddell,1.164670318,-0.1546928822578062,0.1546928822578062,0.29780060706748523,FALSE,FALSE
1980-09-05,Weddell,1.168564466,-0.14800612314973316,0.14800612314973316,0.29780060706748523,FALSE,FALSE
1980-09-07,Weddell,1.181094056,-0.1319699649537449,0.1319699649537449,0.29780060706748523,FALSE,FALSE
1980-09-09,Weddell,1.204972621,-0.10405689646841589,0.10405689646841589,0.29780060706748523,FALSE,FALSE
1980-09-11,Weddell,1.274031097,-0.03055958114367185,0.03055958114367185,0.29780060706748523,FALSE,FALSE
1980-09-13,Weddell,1.319267331,0.01956236393440114,0.01956236393440114,0.29780060706748523,FALSE,FALSE
1980-09-15,Weddell,1.310738999,0.01643648593370605,0.01643648593370605,0.29780060706748523,FALSE,FALSE
1980-09-17,Weddell,1.295690734,0.00737728902214862,0.00737728902214862,0.29780060706748523,FALSE,FALSE
1980-09-19,Weddell,1.287396894,0.00572900236763307,0.00572900236763307,0.29780060706748523,FALSE,FALSE
1980-09-21,Weddell,1.218801852,-0.05549412986193647,0.05549412986193647,0.29780060706748523,FALSE,FALSE
1980-09-23,Weddell,1.144453637,-0.12170601604850528,0.12170601604850528,0.29780060706748523,FALSE,FALSE
1980-09-25,Weddell,1.140147193,-0.11727762806094844,0.11727762806094844,0.29780060706748523,FALSE,FALSE
1980-09-27,Weddell,1.164409074,-0.08392885612917289,0.08392885612917289,0.29780060706748523,FALSE,FALSE
1980-09-29,Weddell,1.185430416,-0.05371520558151355,0.05371520558151355,0.29780060706748523,FALSE,FALSE
1980-10-01,Weddell,1.214475667,-0.01561886974630466,0.01561886974630466,0.29780060706748523,FALSE,FALSE
1980-10-03,Weddell,1.235050489,0.0136191720481178,0.0136191720481178,0.29780060706748523,FALSE,FALSE
1980-10-05,Weddell,1.187070335,-0.02632027768359068,0.02632027768359068,0.29780060706748523,FALSE,FALSE
1980-10-07,Weddell,1.1807213,-0.0252669737442126,0.0252669737442126,0.29780060706748523,FALSE,FALSE
1980-10-09,Weddell,1.130065243,-0.06898374432736509,0.06898374432736509,0.29780060706748523,FALSE,FALSE
1980-10-11,Weddell,1.061121583,-0.13126942601483815,0.13126942601483815,0.29780060706748523,FALSE,FALSE
1980-10-13,Weddell,1.00189599,-0.18393660438842163,0.18393660438842163,0.29780060706748523,FALSE,FALSE
1980-10-15,Weddell,0.997824756,-0.18136724302990423,0.18136724302990423,0.29780060706748523,FALSE,FALSE
1980-10-17,Weddell,0.96396299,-0.2083249317983105,0.2083249317983105,0.29780060706748523,FALSE,FALSE
1980-10-19,Weddell,0.955168113,-0.20982026948195953,0.20982026948195953,0.29780060706748523,FALSE,FALSE
1980-10-21,Weddell,0.926342041,-0.2309129108036837,0.2309129108036837,0.29780060706748523,FALSE,FALSE
1980-10-23,Weddell,0.87620334,-0.27285630304717357,0.27285630304717357,0.29780060706748523,FALSE,FALSE
1980-10-25,Weddell,0.893134957,-0.2472395124961184,0.2472395124961184,0.29780060706748523,FALSE,FALSE
1980-10-27,Weddell,0.888212314,-0.24295913043420847,0.24295913043420847,0.29780060706748523,FALSE,FALSE
1980-10-29,Weddell,0.851262223,-0.27016035814513417,0.27016035814513417,0.29780060706748523,FALSE,FALSE
1980-10-31,Weddell,0.803617332,-0.30748838839252923,0.30748838839252923,0.29780060706748523,TRUE,FALSE
1980-11-01,Weddell,0.874920092,-0.2308149051532491,0.2308149051532491,0.29780060706748523,FALSE,FALSE
1980-11-02,Weddell,0.757559048,-0.342665507214735,0.342665507214735,0.29780060706748523,TRUE,FALSE
1980-11-04,Weddell,0.783577177,-0.30521276813372045,0.30521276813372045,0.29780060706748523,TRUE,FALSE
1980-11-06,Weddell,0.800205111,-0.27660763893691687,0.27660763893691687,0.29780060706748523,FALSE,FALSE
1980-11-08,Weddell,0.7957351,-0.268568729411759,0.268568729411759,0.29780060706748523,FALSE,FALSE
1980-11-10,Weddell,0.826096581,-0.2251774623456786,0.2251774623456786,0.29780060706748523,FALSE,FALSE
1980-11-12,Weddell,0.834298194,-0.20343036642805457,0.20343036642805457,0.29780060706748523,FALSE,FALSE
1980-11-14,Weddell,0.849893589,-0.17371416238212933,0.17371416238212933,0.29780060706748523,FALSE,FALSE
1980-11-16,Weddell,0.880059624,-0.12875119512484345,0.12875119512484345,0.29780060706748523,FALSE,FALSE
1980-11-18,Weddell,0.892369697,-0.10086661151683796,0.10086661151683796,0.29780060706748523,FALSE,FALSE
1980-11-20,Weddell,0.907646868,-0.06913589641875428,0.06913589641875428,0.29780060706748523,FALSE,FALSE
1980-11-22,Weddell,0.911322189,-0.04802654269123396,0.04802654269123396,0.29780060706748523,FALSE,FALSE
1980-11-24,Weddell,0.914993827,-0.02584131280118229,0.02584131280118229,0.29780060706748523,FALSE,FALSE
1980-11-26,Weddell,0.895766074,-0.02548196754922072,0.02548196754922072,0.29780060706748523,FALSE,FALSE
1980-11-28,Weddell,0.882037046,-0.01870065777147478,0.01870065777147478,0.29780060706748523,FALSE,FALSE
1980-11-30,Weddell,0.881207063,0.00174222114316269,0.00174222114316269,0.29780060706748523,FALSE,FALSE
1980-12-01,Weddell,0.813426683,-0.05516600490721424,0.05516600490721424,0.29780060706748523,FALSE,FALSE
1980-12-02,Weddell,0.880037377,0.02244720580579662,0.02244720580579662,0.29780060706748523,FALSE,FALSE
1980-12-04,Weddell,0.878477017,0.0432026098275331,0.0432026098275331,0.29780060706748523,FALSE,FALSE
1980-12-06,Weddell,0.885908801,0.07323053803791701,0.07323053803791701,0.29780060706748523,FALSE,FALSE
1980-12-08,Weddell,0.884731696,0.09477367310350392,0.09477367310350392,0.29780060706748523,FALSE,FALSE
1980-12-10,Weddell,0.876186515,0.10893024694883112,0.10893024694883112,0.29780060706748523,FALSE,FALSE
1980-12-12,Weddell,0.87012399,0.12541105269396724,0.12541105269396724,0.29780060706748523,FALSE,FALSE
1980-12-14,Weddell,0.83007624,0.10760827045897949,0.10760827045897949,0.29780060706748523,FALSE,FALSE
1980-12-16,Weddell,0.813406332,0.11274502836393474,0.11274502836393474,0.29780060706748523,FALSE,FALSE
1980-12-18,Weddell,0.781342731,0.10190985252890106,0.10190985252890106,0.29780060706748523,FALSE,FALSE
1980-12-20,Weddell,0.740107358,0.08119631727881782,0.08119631727881782,0.29780060706748523,FALSE,FALSE
1980-12-22,Weddell,0.723978141,0.08484160049618705,0.08484160049618705,0.29780060706748523,FALSE,FALSE
1980-12-24,Weddell,0.709933287,0.08982318537393152,0.08982318537393152,0.29780060706748523,FALSE,FALSE
1980-12-26,Weddell,0.687179477,0.0853472349006682,0.0853472349006682,0.29780060706748523,FALSE,FALSE
1980-12-28,Weddell,0.669223001,0.08491952106501843,0.08491952106501843,0.29780060706748523,FALSE,FALSE
1980-12-30,Weddell,0.65266694,0.0851426068555986,0.0851426068555986,0.29780060706748523,FALSE,FALSE
1981-01-01,Weddell,0.647034712,0.08761868460716937,0.08761868460716937,0.29780060706748523,FALSE,FALSE
1981-01-03,Weddell,0.638957442,0.0952059899809894,0.0952059899809894,0.29780060706748523,FALSE,FALSE
1981-01-05,Weddell,0.638322573,0.10954972344398184,0.10954972344398184,0.29780060706748523,FALSE,FALSE
1981-01-07,Weddell,0.62653886,0.11212305947615864,0.11212305947615864,0.29780060706748523,FALSE,FALSE
1981-01-09,Weddell,0.595469563,0.09485367755753282,0.09485367755753282,0.29780060706748523,FALSE,FALSE
1981-01-11,Weddell,0.586658499,0.09934981416811768,0.09934981416811768,0.29780060706748523,FALSE,FALSE
1981-01-13,Weddell,0.590400579,0.11597079978792552,0.11597079978792552,0.29780060706748523,FALSE,FALSE
1981-01-15,Weddell,0.58291984,0.12100574670507164,0.12100574670507164,0.29780060706748523,FALSE,FALSE
1981-01-17,Weddell,0.601599029,0.15190908671922193,0.15190908671922193,0.29780060706748523,FALSE,FALSE
1981-01-19,Weddell,0.610228392,0.1725465779265492,0.1725465779265492,0.29780060706748523,FALSE,FALSE
1981-01-21,Weddell,0.590333532,0.16451938217218914,0.16451938217218914,0.29780060706748523,FALSE,FALSE
1981-01-23,Weddell,0.571670543,0.15765915230127647,0.15765915230127647,0.29780060706748523,FALSE,FALSE
1981-01-25,Weddell,0.554861928,0.15266395015894663,0.15266395015894663,0.29780060706748523,FALSE,FALSE
1981-01-27,Weddell,0.553106914,0.1628058894334079,0.1628058894334079,0.29780060706748523,FALSE,FALSE
1981-01-29,Weddell,0.551874217,0.17353068289449936,0.17353068289449936,0.29780060706748523,FALSE,FALSE
1981-01-31,Weddell,0.543750306,0.177281666775729,0.177281666775729,0.29780060706748523,FALSE,FALSE
1981-02-01,Weddell,0.518247107,0.15763783869690506,0.15763783869690506,0.29780060706748523,FALSE,FALSE
1981-02-02,Weddell,0.531924898,0.1770978279107275,0.1770978279107275,0.29780060706748523,FALSE,FALSE
1981-02-04,Weddell,0.533115164,0.1895456071331265,0.1895456071331265,0.29780060706748523,FALSE,FALSE
1981-02-06,Weddell,0.530614961,0.19776813127655712,0.19776813127655712,0.29780060706748523,FALSE,FALSE
1981-02-08,Weddell,0.527998097,0.20518850249487292,0.20518850249487292,0.29780060706748523,FALSE,FALSE
1981-02-10,Weddell,0.522691854,0.20910267179277217,0.20910267179277217,0.29780060706748523,FALSE,FALSE
1981-02-12,Weddell,0.520636119,0.215373396301222,0.215373396301222,0.29780060706748523,FALSE,FALSE
1981-02-14,Weddell,0.513795308,0.21589736769601264,0.21589736769601264,0.29780060706748523,FALSE,FALSE
1981-02-16,Weddell,0.534129008,0.24256644865293395,0.24256644865293395,0.29780060706748523,FALSE,FALSE
1981-02-18,Weddell,0.53397542,0.2476511158477756,0.2476511158477756,0.29780060706748523,FALSE,FALSE
1981-02-20,Weddell,0.533362875,0.25111197595632734,0.25111197595632734,0.29780060706748523,FALSE,FALSE
1981-02-22,Weddell,0.550960566,0.2715581147914454,0.2715581147914454,0.29780060706748523,FALSE,FALSE
1981-02-24,Weddell,0.568218534,0.29043103006238874,0.29043103006238874,0.29780060706748523,FALSE,FALSE
1981-02-26,Weddell,0.550884361,0.2734911417997932,0.2734911417997932,0.29780060706748523,FALSE,FALSE
1981-02-28,Weddell,0.526537991,0.2483313009103185,0.2483313009103185,0.29780060706748523,FALSE,FALSE
1981-03-01,Weddell,0.502862634,0.22380033351383205,0.22380033351383205,0.29780060706748523,FALSE,FALSE
1981-03-02,Weddell,0.507903361,0.2276883513006231,0.2276883513006231,0.29780060706748523,FALSE,FALSE
1981-03-04,Weddell,0.482430366,0.1990250948773668,0.1990250948773668,0.29780060706748523,FALSE,FALSE
1981-03-06,Weddell,0.484021249,0.196259929109034,0.196259929109034,0.29780060706748523,FALSE,FALSE
1981-03-08,Weddell,0.527885959,0.23468281695036025,0.23468281695036025,0.29780060706748523,FALSE,FALSE
1981-03-10,Weddell,0.553302281,0.25370992135421006,0.25370992135421006,0.29780060706748523,FALSE,FALSE
1981-03-12,Weddell,0.546196827,0.23940837794695313,0.23940837794695313,0.29780060706748523,FALSE,FALSE
1981-03-14,Weddell,0.522487647,0.20783676035495796,0.20783676035495796,0.29780060706748523,FALSE,FALSE
1981-03-16,Weddell,0.518136776,0.1950976272045944,0.1950976272045944,0.29780060706748523,FALSE,FALSE
1981-03-18,Weddell,0.508970683,0.17715769235734768,0.17715769235734768,0.29780060706748523,FALSE,FALSE
1981-03-20,Weddell,0.505338412,0.16446944120810297,0.16446944120810297,0.29780060706748523,FALSE,FALSE
1981-03-22,Weddell,0.498508343,0.14833150189588878,0.14833150189588878,0.29780060706748523,FALSE,FALSE
1981-03-24,Weddell,0.500426175,0.14071116765741903,0.14071116765741903,0.29780060706748523,FALSE,FALSE
1981-03-26,Weddell,0.48734926,0.11788738472940874,0.11788738472940874,0.29780060706748523,FALSE,FALSE
1981-03-28,Weddell,0.466766599,0.08737074834857128,0.08737074834857128,0.29780060706748523,FALSE,FALSE
1981-03-30,Weddell,0.446053823,0.05655848375162198,0.05655848375162198,0.29780060706748523,FALSE,FALSE
1981-04-01,Weddell,0.435413474,0.03565909697782593,0.03565909697782593,0.29780060706748523,FALSE,FALSE
1981-04-03,Weddell,0.469885269,0.05964523604702815,0.05964523604702815,0.29780060706748523,FALSE,FALSE
1981-04-05,Weddell,0.52419264,0.10315195026135116,0.10315195026135116,0.29780060706748523,FALSE,FALSE
1981-04-07,Weddell,0.590121487,0.15787675438638893,0.15787675438638893,0.29780060706748523,FALSE,FALSE
1981-04-09,Weddell,0.6216752,0.17773465318773346,0.17773465318773346,0.29780060706748523,FALSE,FALSE
1981-04-11,Weddell,0.613536517,0.1573199994309774,0.1573199994309774,0.29780060706748523,FALSE,FALSE
1981-04-13,Weddell,0.572045301,0.10289681862639533,0.10289681862639533,0.29780060706748523,FALSE,FALSE
1981-04-15,Weddell,0.552257093,0.06959693853804505,0.06959693853804505,0.29780060706748523,FALSE,FALSE
1981-04-17,Weddell,0.543615767,0.04704171962207237,0.04704171962207237,0.29780060706748523,FALSE,FALSE
1981-04-19,Weddell,0.589683176,0.07897233071859733,0.07897233071859733,0.29780060706748523,FALSE,FALSE
1981-04-21,Weddell,0.68755548,0.16266424766773957,0.16266424766773957,0.29780060706748523,FALSE,FALSE
1981-04-23,Weddell,0.75035903,0.2114231373096187,0.2114231373096187,0.29780060706748523,FALSE,FALSE
1981-04-25,Weddell,0.771141849,0.21847432108042353,0.21847432108042353,0.29780060706748523,FALSE,FALSE
1981-04-27,Weddell,0.763625834,0.19761766107163192,0.19761766107163192,0.29780060706748523,FALSE,FALSE
1981-04-29,Weddell,0.736453034,0.15743053867308232,0.15743053867308232,0.29780060706748523,FALSE,FALSE
1981-05-01,Weddell,0.717415286,0.1256290890924182,0.1256290890924182,0.29780060706748523,FALSE,FALSE
1981-05-03,Weddell,0.754415338,0.15004035853728448,0.15004035853728448,0.29780060706748523,FALSE,FALSE
1981-05-05,Weddell,0.811567379,0.1947028342153253,0.1947028342153253,0.29780060706748523,FALSE,FALSE
1981-05-07,Weddell,0.839786504,0.21045590150560756,0.21045590150560756,0.29780060706748523,FALSE,FALSE
1981-05-09,Weddell,0.845862964,0.20398498045720703,0.20398498045720703,0.29780060706748523,FALSE,FALSE
1981-05-11,Weddell,0.832993826,0.178287499130533,0.178287499130533,0.29780060706748523,FALSE,FALSE
1981-05-13,Weddell,0.808731994,0.14069746134945382,0.14069746134945382,0.29780060706748523,FALSE,FALSE
1981-05-15,Weddell,0.782023168,0.09994166693783713,0.09994166693783713,0.29780060706748523,FALSE,FALSE
1981-05-17,Weddell,0.834940308,0.1378741757195514,0.1378741757195514,0.29780060706748523,FALSE,FALSE
1981-05-19,Weddell,0.870009927,0.15680260051846528,0.15680260051846528,0.29780060706748523,FALSE,FALSE
1981-05-21,Weddell,0.938065174,0.20738300761543335,0.20738300761543335,0.29780060706748523,FALSE,FALSE
1981-05-23,Weddell,0.961214667,0.21188111721585612,0.21188111721585612,0.29780060706748523,FALSE,FALSE
1981-05-25,Weddell,0.933330376,0.16448621481496128,0.16448621481496128,0.29780060706748523,FALSE,FALSE
1981-05-27,Weddell,0.910264514,0.12136883711596558,0.12136883711596558,0.29780060706748523,FALSE,FALSE
1981-05-29,Weddell,0.883616738,0.07444696482208635,0.07444696482208635,0.29780060706748523,FALSE,FALSE
1981-05-31,Weddell,0.856819687,0.02747156063654077,0.02747156063654077,0.29780060706748523,FALSE,FALSE
1981-06-01,Weddell,0.918339199,0.07903727586664822,0.07903727586664822,0.29780060706748523,FALSE,FALSE
1981-06-02,Weddell,0.81433502,-0.03478558141695065,0.03478558141695065,0.29780060706748523,FALSE,FALSE
1981-06-04,Weddell,0.801898212,-0.0664833623914044,0.0664833623914044,0.29780060706748523,FALSE,FALSE
1981-06-06,Weddell,0.770766147,-0.11647319463904182,0.11647319463904182,0.29780060706748523,FALSE,FALSE
1981-06-08,Weddell,0.775058427,-0.13075384422975944,0.13075384422975944,0.29780060706748523,FALSE,FALSE
1981-06-10,Weddell,0.757145098,-0.1670736332334548,0.1670736332334548,0.29780060706748523,FALSE,FALSE
1981-06-12,Weddell,0.736344601,-0.20623248872002295,0.20623248872002295,0.29780060706748523,FALSE,FALSE
1981-06-14,Weddell,0.708683031,-0.2523222693794511,0.2523222693794511,0.29780060706748523,FALSE,FALSE
1981-06-16,Weddell,0.747095519,-0.23242518079297203,0.23242518079297203,0.29780060706748523,FALSE,FALSE
1981-06-18,Weddell,0.876744196,-0.12116531818648311,0.12116531818648311,0.29780060706748523,FALSE,FALSE
1981-06-20,Weddell,0.88018698,-0.13573866659612488,0.13573866659612488,0.29780060706748523,FALSE,FALSE
1981-06-22,Weddell,0.86766618,-0.1656568200580365,0.1656568200580365,0.29780060706748523,FALSE,FALSE
1981-06-24,Weddell,0.933096274,-0.11675920360835712,0.11675920360835712,0.29780060706748523,FALSE,FALSE
1981-06-26,Weddell,0.944471453,-0.12080552928322708,0.12080552928322708,0.29780060706748523,FALSE,FALSE
1981-06-28,Weddell,0.948092271,-0.13129680949711509,0.13129680949711509,0.29780060706748523,FALSE,FALSE
1981-06-30,Weddell,0.937000192,-0.15525367627415745,0.15525367627415745,0.29780060706748523,FALSE,FALSE
1981-07-01,Weddell,0.975224275,-0.12304132394274436,0.12304132394274436,0.29780060706748523,FALSE,FALSE
1981-07-02,Weddell,0.960489298,-0.14353271247873944,0.14353271247873944,0.29780060706748523,FALSE,FALSE
1981-07-04,Weddell,0.958992798,-0.15585144719504684,0.15585144719504684,0.29780060706748523,FALSE,FALSE
1981-07-06,Weddell,0.99502878,-0.12984253050726702,0.12984253050726702,0.29780060706748523,FALSE,FALSE
1981-07-08,Weddell,0.992541815,-0.1417121294995869,0.1417121294995869,0.29780060706748523,FALSE,FALSE
1981-07-10,Weddell,1.034747055,-0.10839433455124305,0.10839433455124305,0.29780060706748523,FALSE,FALSE
1981-07-12,Weddell,1.06207222,-0.08958859066894531,0.08958859066894531,0.29780060706748523,FALSE,FALSE
1981-07-14,Weddell,1.01725663,-0.14266590120422973,0.14266590120422973,0.29780060706748523,FALSE,FALSE
1981-07-16,Weddell,0.913038306,-0.254998144059839,0.254998144059839,0.29780060706748523,FALSE,FALSE
1981-07-18,Weddell,0.856636822,-0.31947564413851426,0.31947564413851426,0.29780060706748523,TRUE,FALSE
1981-07-20,Weddell,0.883702894,-0.3005575843429973,0.3005575843429973,0.29780060706748523,TRUE,FALSE
1981-07-22,Weddell,0.940241075,-0.25234826712534353,0.25234826712534353,0.29780060706748523,FALSE,FALSE
1981-07-24,Weddell,0.951197458,-0.2499360879639385,0.2499360879639385,0.29780060706748523,FALSE,FALSE
1981-07-26,Weddell,0.910784992,-0.29901999304807636,0.29901999304807636,0.29780060706748523,TRUE,FALSE
1981-07-28,Weddell,0.867446392,-0.3510577118050753,0.3510577118050753,0.29780060706748523,TRUE,FALSE
1981-07-30,Weddell,0.873176821,-0.35395452566224817,0.35395452566224817,0.29780060706748523,TRUE,FALSE
1981-08-01,Weddell,0.940321551,-0.2952656070469144,0.2952656070469144,0.29780060706748523,FALSE,FALSE
1981-08-03,Weddell,1.000293056,-0.24347892651696323,0.24347892651696323,0.29780060706748523,FALSE,FALSE
1981-08-05,Weddell,1.007977512,-0.2436355691877816,0.2436355691877816,0.29780060706748523,FALSE,FALSE
1981-08-07,Weddell,1.034415495,-0.2247240810485418,0.2247240810485418,0.29780060706748523,FALSE,FALSE
1981-08-09,Weddell,1.058989591,-0.2074151794090855,0.2074151794090855,0.29780060706748523,FALSE,FALSE
1981-08-11,Weddell,1.075023323,-0.19843864457925608,0.19843864457925608,0.29780060706748523,FALSE,FALSE
1981-08-13,Weddell,1.134120107,-0.14624436386889506,0.14624436386889506,0.29780060706748523,FALSE,FALSE
1981-08-15,Weddell,1.182878343,-0.10428724058784657,0.10428724058784657,0.29780060706748523,FALSE,FALSE
1981-08-17,Weddell,1.227739721,-0.06616037617732196,0.06616037617732196,0.29780060706748523,FALSE,FALSE
1981-08-19,Weddell,1.265962459,-0.03446452830085222,0.03446452830085222,0.29780060706748523,FALSE,FALSE
1981-08-21,Weddell,1.282338474,-0.02416959879498192,0.02416959879498192,0.29780060706748523,FALSE,FALSE
1981-08-23,Weddell,1.287761163,-0.02414298605637332,0.02414298605637332,0.29780060706748523,FALSE,FALSE
1981-08-25,Weddell,1.2938615,-0.02251451148169092,0.02251451148169092,0.29780060706748523,FALSE,FALSE
1981-08-27,Weddell,1.29271527,-0.02696918546759796,0.02696918546759796,0.29780060706748523,FALSE,FALSE
1981-08-29,Weddell,1.275122518,-0.04647343541677329,0.04647343541677329,0.29780060706748523,FALSE,FALSE
1981-08-31,Weddell,1.185289569,-0.13677244715510173,0.13677244715510173,0.29780060706748523,FALSE,FALSE
1981-09-01,Weddell,1.312222197,-0.00958408277181388,0.00958408277181388,0.29780060706748523,FALSE,FALSE
1981-09-02,Weddell,1.105444734,-0.21581098651418704,0.21581098651418704,0.29780060706748523,FALSE,FALSE
1981-09-04,Weddell,1.098583621,-0.22077957925780625,0.22077957925780625,0.29780060706748523,FALSE,FALSE
1981-09-06,Weddell,1.162836624,-0.15373396514973314,0.15373396514973314,0.29780060706748523,FALSE,FALSE
1981-09-08,Weddell,1.212761311,-0.10030270995374502,0.10030270995374502,0.29780060706748523,FALSE,FALSE
1981-09-10,Weddell,1.280571926,-0.02845759146841597,0.02845759146841597,0.29780060706748523,FALSE,FALSE
1981-09-12,Weddell,1.259345989,-0.04524468914367174,0.04524468914367174,0.29780060706748523,FALSE,FALSE
1981-09-14,Weddell,1.195061947,-0.104643020065599,0.104643020065599,0.29780060706748523,FALSE,FALSE
1981-09-16,Weddell,1.223012428,-0.07129008506629386,0.07129008506629386,0.29780060706748523,FALSE,FALSE
1981-09-18,Weddell,1.270443877,-0.01786956797785133,0.01786956797785133,0.29780060706748523,FALSE,FALSE
1981-09-20,Weddell,1.28738734,0.00571944836763305,0.00571944836763305,0.29780060706748523,FALSE,FALSE
1981-09-22,Weddell,1.318306703,0.04401072113806359,0.04401072113806359,0.29780060706748523,FALSE,FALSE
1981-09-24,Weddell,1.349283033,0.08312337995149477,0.08312337995149477,0.29780060706748523,FALSE,FALSE
1981-09-26,Weddell,1.396169555,0.1387447339390515,0.1387447339390515,0.29780060706748523,FALSE,FALSE
1981-09-28,Weddell,1.422613073,0.17427514287082713,0.17427514287082713,0.29780060706748523,FALSE,FALSE
1981-09-30,Weddell,1.460595176,0.2214495544184865,0.2214495544184865,0.29780060706748523,FALSE,FALSE
1981-10-01,Weddell,1.31608118,0.08149416888316807,0.08149416888316807,0.29780060706748523,FALSE,FALSE
1981-10-02,Weddell,1.495824857,0.26573032025369514,0.26573032025369514,0.29780060706748523,FALSE,FALSE
1981-10-04,Weddell,1.458993568,0.23756225104811768,0.23756225104811768,0.29780060706748523,FALSE,FALSE
1981-10-06,Weddell,1.414885537,0.20149492431640925,0.20149492431640925,0.29780060706748523,FALSE,FALSE
1981-10-08,Weddell,1.350731432,0.1447431582557872,0.1447431582557872,0.29780060706748523,FALSE,FALSE
1981-10-10,Weddell,1.304926098,0.10587711067263483,0.10587711067263483,0.29780060706748523,FALSE,FALSE
1981-10-12,Weddell,1.290011788,0.09762077898516176,0.09762077898516176,0.29780060706748523,FALSE,FALSE
1981-10-14,Weddell,1.29008396,0.10425136561157844,0.10425136561157844,0.29780060706748523,FALSE,FALSE
1981-10-16,Weddell,1.253676118,0.07448411897009577,0.07448411897009577,0.29780060706748523,FALSE,FALSE
1981-10-18,Weddell,1.213125025,0.04083710320168965,0.04083710320168965,0.29780060706748523,FALSE,FALSE
1981-10-20,Weddell,1.193085732,0.02809734951804032,0.02809734951804032,0.29780060706748523,FALSE,FALSE
1981-10-22,Weddell,1.214602208,0.05734725619631642,0.05734725619631642,0.29780060706748523,FALSE,FALSE
1981-10-24,Weddell,1.212146482,0.06308683895282652,0.06308683895282652,0.29780060706748523,FALSE,FALSE
1981-10-26,Weddell,1.193296453,0.05292198350388166,0.05292198350388166,0.29780060706748523,FALSE,FALSE
1981-10-28,Weddell,1.181804985,0.05063354056579161,0.05063354056579161,0.29780060706748523,FALSE,FALSE
1981-10-30,Weddell,1.196373946,0.07495136485486587,0.07495136485486587,0.29780060706748523,FALSE,FALSE
1981-11-01,Weddell,1.201343791,0.0902380706074708,0.0902380706074708,0.29780060706748523,FALSE,FALSE
1981-11-03,Weddell,1.229894395,0.12966983978526514,0.12966983978526514,0.29780060706748523,FALSE,FALSE
1981-11-05,Weddell,1.245620505,0.15683055986627958,0.15683055986627958,0.29780060706748523,FALSE,FALSE
1981-11-07,Weddell,1.240150233,0.16333748306308316,0.16333748306308316,0.29780060706748523,FALSE,FALSE
1981-11-09,Weddell,1.232142351,0.16783852158824095,0.16783852158824095,0.29780060706748523,FALSE,FALSE
1981-11-11,Weddell,1.220582005,0.16930796165432138,0.16930796165432138,0.29780060706748523,FALSE,FALSE
1981-11-13,Weddell,1.192132317,0.15440375657194538,0.15440375657194538,0.29780060706748523,FALSE,FALSE
1981-11-15,Weddell,1.192188231,0.1685804796178707,0.1685804796178707,0.29780060706748523,FALSE,FALSE
1981-11-17,Weddell,1.172716522,0.1639057028751565,0.1639057028751565,0.29780060706748523,FALSE,FALSE
1981-11-19,Weddell,1.155762574,0.16252626548316196,0.16252626548316196,0.29780060706748523,FALSE,FALSE
1981-11-21,Weddell,1.149683409,0.17290064458124577,0.17290064458124577,0.29780060706748523,FALSE,FALSE
1981-11-23,Weddell,1.111842094,0.1524933623087661,0.1524933623087661,0.29780060706748523,FALSE,FALSE
1981-11-25,Weddell,1.067281321,0.1264461811988178,0.1264461811988178,0.29780060706748523,FALSE,FALSE
1981-11-27,Weddell,1.049494031,0.12824598945077936,0.12824598945077936,0.29780060706748523,FALSE,FALSE
1981-11-29,Weddell,1.044088452,0.14335074822852523,0.14335074822852523,0.29780060706748523,FALSE,FALSE
1981-12-01,Weddell,1.013689036,0.13422419414316267,0.13422419414316267,0.29780060706748523,FALSE,FALSE
1981-12-03,Weddell,1.014940982,0.1573508108057966,0.1573508108057966,0.29780060706748523,FALSE,FALSE
1981-12-05,Weddell,1.006389848,0.17111544082753305,0.17111544082753305,0.29780060706748523,FALSE,FALSE
1981-12-07,Weddell,0.939015573,0.12633731003791704,0.12633731003791704,0.29780060706748523,FALSE,FALSE
1981-12-09,Weddell,0.919310384,0.1293523611035039,0.1293523611035039,0.29780060706748523,FALSE,FALSE
1981-12-11,Weddell,0.888486246,0.12122997794883116,0.12122997794883116,0.29780060706748523,FALSE,FALSE
1981-12-13,Weddell,0.896490302,0.1517773646939673,0.1517773646939673,0.29780060706748523,FALSE,FALSE
1981-12-15,Weddell,0.907560902,0.1850929324589794,0.1850929324589794,0.29780060706748523,FALSE,FALSE
1981-12-17,Weddell,0.910040943,0.2093796393639348,0.2093796393639348,0.29780060706748523,FALSE,FALSE
1981-12-19,Weddell,0.906985634,0.22755275552890109,0.22755275552890109,0.29780060706748523,FALSE,FALSE
1981-12-21,Weddell,0.855921829,0.1970107882788178,0.1970107882788178,0.29780060706748523,FALSE,FALSE
1981-12-23,Weddell,0.820741221,0.18160468049618703,0.18160468049618703,0.29780060706748523,FALSE,FALSE
1981-12-25,Weddell,0.80039152,0.18028141837393152,0.18028141837393152,0.29780060706748523,FALSE,FALSE
1981-12-27,Weddell,0.789982213,0.1881499709006682,0.1881499709006682,0.29780060706748523,FALSE,FALSE
1981-12-29,Weddell,0.76285404,0.17855056006501846,0.17855056006501846,0.29780060706748523,FALSE,FALSE
1981-12-31,Weddell,0.755460423,0.18793608985559865,0.18793608985559865,0.29780060706748523,FALSE,FALSE
1982-01-01,Weddell,0.611252583,0.05183655560716938,0.05183655560716938,0.29780060706748523,FALSE,FALSE
1982-01-02,Weddell,0.733786878,0.18229291112543344,0.18229291112543344,0.29780060706748523,FALSE,FALSE
1982-01-04,Weddell,0.694751492,0.1585710616088376,0.1585710616088376,0.29780060706748523,FALSE,FALSE
1982-01-06,Weddell,0.641558735,0.12003807792142096,0.12003807792142096,0.29780060706748523,FALSE,FALSE
1982-01-08,Weddell,0.611791536,0.1043413085431959,0.1043413085431959,0.29780060706748523,FALSE,FALSE
1982-01-10,Weddell,0.600667956,0.10676323395417352,0.10676323395417352,0.29780060706748523,FALSE,FALSE
1982-01-12,Weddell,0.585809126,0.10498940463436825,0.10498940463436825,0.29780060706748523,FALSE,FALSE
1982-01-14,Weddell,0.585266573,0.11713578350633348,0.11713578350633348,0.29780060706748523,FALSE,FALSE
1982-01-16,Weddell,0.594598375,0.13882808249082065,0.13882808249082065,0.29780060706748523,FALSE,FALSE
1982-01-18,Weddell,0.61074223,0.16707863224591768,0.16707863224591768,0.29780060706748523,FALSE,FALSE
1982-01-20,Weddell,0.61569482,0.18395967361675925,0.18395967361675925,0.29780060706748523,FALSE,FALSE
1982-01-22,Weddell,0.623692235,0.20378285544848107,0.20378285544848107,0.29780060706748523,FALSE,FALSE
1982-01-24,Weddell,0.610568753,0.20245801458621793,0.20245801458621793,0.29780060706748523,FALSE,FALSE
1982-01-26,Weddell,0.588790182,0.1925265178751057,0.1925265178751057,0.29780060706748523,FALSE,FALSE
1982-01-28,Weddell,0.579482298,0.19516092247603828,0.19516092247603828,0.29780060706748523,FALSE,FALSE
1982-01-30,Weddell,0.591941082,0.21955474041799483,0.21955474041799483,0.29780060706748523,FALSE,FALSE
1982-02-01,Weddell,0.596284403,0.23567513469690504,0.23567513469690504,0.29780060706748523,FALSE,FALSE
1982-02-03,Weddell,0.588673988,0.2395331021464001,0.2395331021464001,0.29780060706748523,FALSE,FALSE
1982-02-05,Weddell,0.558673313,0.2205413886001109,0.2205413886001109,0.29780060706748523,FALSE,FALSE
1982-02-07,Weddell,0.541966023,0.2142329088916687,0.2142329088916687,0.29780060706748523,FALSE,FALSE
1982-02-09,Weddell,0.530122571,0.21203069397224045,0.21203069397224045,0.29780060706748523,FALSE,FALSE
1982-02-11,Weddell,0.52559268,0.21628270441594127,0.21628270441594127,0.29780060706748523,FALSE,FALSE
1982-02-13,Weddell,0.508373207,0.20691731790808784,0.20691731790808784,0.29780060706748523,FALSE,FALSE
1982-02-15,Weddell,0.502720425,0.20812308312447023,0.20812308312447023,0.29780060706748523,FALSE,FALSE
1982-02-17,Weddell,0.499890184,0.2110881257408781,0.2110881257408781,0.29780060706748523,FALSE,FALSE
1982-02-19,Weddell,0.473042233,0.18890447043310063,0.18890447043310063,0.29780060706748523,FALSE,FALSE
1982-02-21,Weddell,0.461644276,0.18097256929756617,0.18097256929756617,0.29780060706748523,FALSE,FALSE
1982-02-23,Weddell,0.465519646,0.18707805792527565,0.18707805792527565,0.29780060706748523,FALSE,FALSE
1982-02-25,Weddell,0.459899804,0.1824612185661172,0.1824612185661172,0.29780060706748523,FALSE,FALSE
1982-02-27,Weddell,0.446930114,0.16928032212674954,0.16928032212674954,0.29780060706748523,FALSE,FALSE
1982-03-01,Weddell,0.451449498,0.17238719751383208,0.17238719751383208,0.29780060706748523,FALSE,FALSE
1982-03-03,Weddell,0.481466876,0.1998036716340238,0.1998036716340238,0.29780060706748523,FALSE,FALSE
1982-03-05,Weddell,0.506469839,0.2210302432660765,0.2210302432660765,0.29780060706748523,FALSE,FALSE
1982-03-07,Weddell,0.529192639,0.2388376151860296,0.2388376151860296,0.29780060706748523,FALSE,FALSE
1982-03-09,Weddell,0.529862243,0.23357413385532183,0.23357413385532183,0.29780060706748523,FALSE,FALSE
1982-03-11,Weddell,0.545493925,0.24239559690032175,0.24239559690032175,0.29780060706748523,FALSE,FALSE
1982-03-13,Weddell,0.561709338,0.2510641809473995,0.2510641809473995,0.29780060706748523,FALSE,FALSE
1982-03-15,Weddell,0.572901926,0.2541138536229242,0.2541138536229242,0.29780060706748523,FALSE,FALSE
1982-03-17,Weddell,0.586522404,0.2591358535532649,0.2591358535532649,0.29780060706748523,FALSE,FALSE
1982-03-19,Weddell,0.576491458,0.240183313192891,0.240183313192891,0.29780060706748523,FALSE,FALSE
1982-03-21,Weddell,0.588962912,0.24347014268257244,0.24347014268257244,0.29780060706748523,FALSE,FALSE
1982-03-23,Weddell,0.633740734,0.2788222471276411,0.2788222471276411,0.29780060706748523,FALSE,FALSE
1982-03-25,Weddell,0.628177282,0.26361357876481206,0.26361357876481206,0.29780060706748523,FALSE,FALSE
1982-03-27,Weddell,0.606455759,0.2320489348307987,0.2320489348307987,0.29780060706748523,FALSE,FALSE
1982-03-29,Weddell,0.615787738,0.2313614825623161,0.2313614825623161,0.29780060706748523,FALSE,FALSE
1982-03-31,Weddell,0.624462027,0.2298599730083976,0.2298599730083976,0.29780060706748523,FALSE,FALSE
1982-04-01,Weddell,0.894842046,0.49508766897782586,0.49508766897782586,0.29780060706748523,TRUE,FALSE
1982-04-02,Weddell,0.641821793,0.2368584390421364,0.2368584390421364,0.29780060706748523,FALSE,FALSE
1982-04-04,Weddell,0.662699026,0.2471035638382001,0.2471035638382001,0.29780060706748523,FALSE,FALSE
1982-04-06,Weddell,0.711646108,0.28505934416218154,0.28505934416218154,0.29780060706748523,FALSE,FALSE
1982-04-08,Weddell,0.775862225,0.33783658077967355,0.33783658077967355,0.29780060706748523,TRUE,TRUE
1982-04-10,Weddell,0.82216229,0.3721618014562688,0.3721618014562688,0.29780060706748523,TRUE,TRUE
1982-04-12,Weddell,0.846866795,0.38426727966017427,0.38426727966017427,0.29780060706748523,TRUE,TRUE
1982-04-14,Weddell,0.838865998,0.3630231644256802,0.3630231644256802,0.29780060706748523,TRUE,TRUE
1982-04-16,Weddell,0.807439667,0.31786163644350407,0.31786163644350407,0.29780060706748523,TRUE,TRUE
1982-04-18,Weddell,0.835551936,0.3319261455537652,0.3319261455537652,0.29780060706748523,TRUE,TRUE
1982-04-20,Weddell,0.922363658,0.4045568605965838,0.4045568605965838,0.29780060706748523,TRUE,TRUE
1982-04-22,Weddell,0.990435523,0.45849378741207947,0.45849378741207947,0.29780060706748523,TRUE,TRUE
1982-04-24,Weddell,0.998986473,0.45313518384037166,0.45313518384037166,0.29780060706748523,TRUE,TRUE
1982-04-26,Weddell,0.968348539,0.4089651668877254,0.4089651668877254,0.29780060706748523,TRUE,TRUE
1982-04-28,Weddell,0.933976673,0.36142527990809914,0.36142527990809914,0.29780060706748523,TRUE,TRUE
1982-04-30,Weddell,0.924229845,0.33879890264253676,0.33879890264253676,0.29780060706748523,TRUE,TRUE
1982-05-01,Weddell,0.973322827,0.3815366300924181,0.3815366300924181,0.29780060706748523,TRUE,TRUE
1982-05-02,Weddell,0.898458137,0.30036041529868207,0.30036041529868207,0.29780060706748523,TRUE,TRUE
1982-05-04,Weddell,0.913244093,0.30261666008418053,0.30261666008418053,0.29780060706748523,TRUE,TRUE
1982-05-06,Weddell,0.95007094,0.326975162206675,0.326975162206675,0.29780060706748523,TRUE,TRUE
1982-05-08,Weddell,0.950689976,0.3151071220051834,0.3151071220051834,0.29780060706748523,TRUE,TRUE
1982-05-10,Weddell,0.923667897,0.2754245433396626,0.2754245433396626,0.29780060706748523,FALSE,FALSE
1982-05-12,Weddell,0.899126121,0.2378318553078027,0.2378318553078027,0.29780060706748523,FALSE,FALSE
1982-05-14,Weddell,0.901577973,0.22662348273347077,0.22662348273347077,0.29780060706748523,FALSE,FALSE
1982-05-16,Weddell,0.902168411,0.212725483440536,0.212725483440536,0.29780060706748523,FALSE,FALSE
1982-05-18,Weddell,0.915002334,0.21002385625286657,0.21002385625286657,0.29780060706748523,FALSE,FALSE
1982-05-20,Weddell,0.960347463,0.2385693016574728,0.2385693016574728,0.29780060706748523,FALSE,FALSE
1982-05-22,Weddell,0.996490021,0.25660946164726073,0.25660946164726073,0.29780060706748523,FALSE,FALSE
1982-05-24,Weddell,1.005628991,0.24662764378412216,0.24662764378412216,0.29780060706748523,FALSE,FALSE
1982-05-26,Weddell,1.02759186,0.24876965877127488,0.24876965877127488,0.29780060706748523,FALSE,FALSE
1982-05-28,Weddell,1.086798917,0.2877741193119352,0.2877741193119352,0.29780060706748523,FALSE,FALSE
1982-05-30,Weddell,1.176465347,0.35717453410932065,0.35717453410932065,0.29780060706748523,TRUE,FALSE
1982-06-01,Weddell,1.195303572,0.3560016488666482,0.3560016488666482,0.29780060706748523,TRUE,FALSE
1982-06-03,Weddell,1.15148766,0.2926787733756019,0.2926787733756019,0.29780060706748523,FALSE,FALSE
1982-06-05,Weddell,1.108348379,0.23049491827329371,0.23049491827329371,0.29780060706748523,FALSE,FALSE
1982-06-07,Weddell,1.093111195,0.19655718186285345,0.19655718186285345,0.29780060706748523,FALSE,FALSE
1982-06-09,Weddell,1.16130992,0.2462810080743838,0.2462810080743838,0.29780060706748523,FALSE,FALSE
1982-06-11,Weddell,1.188602362,0.25520583683798903,0.25520583683798903,0.29780060706748523,FALSE,FALSE
1982-06-13,Weddell,1.207898694,0.2561234730837725,0.2561234730837725,0.29780060706748523,FALSE,FALSE
1982-06-15,Weddell,1.138350678,0.16808723584652896,0.16808723584652896,0.29780060706748523,FALSE,FALSE
1982-06-17,Weddell,1.065015598,0.07626928682253076,0.07626928682253076,0.29780060706748523,FALSE,FALSE
1982-06-19,Weddell,1.043675136,0.03669558930047101,0.03669558930047101,0.29780060706748523,FALSE,FALSE
1982-06-21,Weddell,1.021091718,-0.00362533375578832,0.00362533375578832,0.29780060706748523,FALSE,FALSE
1982-06-23,Weddell,0.977909544,-0.06380318538238694,0.06380318538238694,0.29780060706748523,FALSE,FALSE
1982-06-25,Weddell,0.978050678,-0.07966980461546469,0.07966980461546469,0.29780060706748523,FALSE,FALSE
1982-06-27,Weddell,0.998829779,-0.07366855986761323,0.07366855986761323,0.29780060706748523,FALSE,FALSE
1982-06-29,Weddell,1.09749117,0.01152319378754462,0.01152319378754462,0.29780060706748523,FALSE,FALSE
1982-07-01,Weddell,1.153498672,0.05523307305725566,0.05523307305725566,0.29780060706748523,FALSE,FALSE
1982-07-03,Weddell,1.188083304,0.07854135885733471,0.07854135885733471,0.29780060706748523,FALSE,FALSE
1982-07-05,Weddell,1.163956644,0.04400889110359363,0.04400889110359363,0.29780060706748523,FALSE,FALSE
1982-07-07,Weddell,1.142638472,0.01300471171184747,0.01300471171184747,0.29780060706748523,FALSE,FALSE
1982-07-09,Weddell,1.122093044,-0.01665765386687923,0.01665765386687923,0.29780060706748523,FALSE,FALSE
1982-07-11,Weddell,1.151802659,0.00436247763568231,0.00436247763568231,0.29780060706748523,FALSE,FALSE
1982-07-13,Weddell,1.264616409,0.10879939417203156,0.10879939417203156,0.29780060706748523,FALSE,FALSE
1982-07-15,Weddell,1.340510924,0.17651982683942724,0.17651982683942724,0.29780060706748523,FALSE,FALSE
1982-07-17,Weddell,1.368512096,0.1964397687351271,0.1964397687351271,0.29780060706748523,FALSE,FALSE
1982-07-19,Weddell,1.399587659,0.21941705495639097,0.21941705495639097,0.29780060706748523,FALSE,FALSE
1982-07-21,Weddell,1.38793855,0.19954272360047695,0.19954272360047695,0.29780060706748523,FALSE,FALSE
1982-07-23,Weddell,1.35967984,0.16284052258434478,0.16284052258434478,0.29780060706748523,FALSE,FALSE
1982-07-25,Weddell,1.344454233,0.1389946496763923,0.1389946496763923,0.29780060706748523,FALSE,FALSE
1982-07-27,Weddell,1.323981065,0.10982375830923874,0.10982375830923874,0.29780060706748523,FALSE,FALSE
1982-07-29,Weddell,1.346899916,0.12406698405556772,0.12406698405556772,0.29780060706748523,FALSE,FALSE
1982-07-31,Weddell,1.359855609,0.128468705488062,0.128468705488062,0.29780060706748523,FALSE,FALSE
1982-08-01,Weddell,1.340641766,0.10505460795308565,0.10505460795308565,0.29780060706748523,FALSE,FALSE
1982-08-02,Weddell,1.35879593,0.11907626417940607,0.11907626417940607,0.29780060706748523,FALSE,FALSE
1982-08-04,Weddell,1.375706997,0.12797180821450516,0.12797180821450516,0.29780060706748523,FALSE,FALSE
1982-08-06,Weddell,1.378676641,0.12326431836244645,0.12326431836244645,0.29780060706748523,FALSE,FALSE
1982-08-08,Weddell,1.350923765,0.08812226066552498,0.08812226066552498,0.29780060706748523,FALSE,FALSE
1982-08-10,Weddell,1.296082164,0.0261261268138977,0.0261261268138977,0.29780060706748523,FALSE,FALSE
1982-08-12,Weddell,1.288839916,0.0119106914977225,0.0119106914977225,0.29780060706748523,FALSE,FALSE
1982-08-14,Weddell,1.248167606,-0.03560676359284165,0.03560676359284165,0.29780060706748523,FALSE,FALSE
1982-08-16,Weddell,1.255987611,-0.03455661581807434,0.03455661581807434,0.29780060706748523,FALSE,FALSE
1982-08-18,Weddell,1.257411632,-0.0397926855300541,0.0397926855300541,0.29780060706748523,FALSE,FALSE
1982-08-20,Weddell,1.311092889,0.00755468308569984,0.00755468308569984,0.29780060706748523,FALSE,FALSE
1982-08-22,Weddell,1.314987078,0.00568039063252201,0.00568039063252201,0.29780060706748523,FALSE,FALSE
1982-08-24,Weddell,1.310199606,-0.00407095128624956,0.00407095128624956,0.29780060706748523,FALSE,FALSE
1982-08-26,Weddell,1.300647112,-0.01754349906727936,0.01754349906727936,0.29780060706748523,FALSE,FALSE
1982-08-28,Weddell,1.28195838,-0.03886926410722946,0.03886926410722946,0.29780060706748523,FALSE,FALSE
1982-08-30,Weddell,1.290162,-0.03183766294357859,0.03183766294357859,0.29780060706748523,FALSE,FALSE
1982-09-01,Weddell,1.375296096,0.05348981622818605,0.05348981622818605,0.29780060706748523,FALSE,FALSE
1982-09-03,Weddell,1.428189634,0.10775602889730562,0.10775602889730562,0.29780060706748523,FALSE,FALSE
1982-09-05,Weddell,1.459630031,0.14156225830000513,0.14156225830000513,0.29780060706748523,FALSE,FALSE
1982-09-07,Weddell,1.459025267,0.14413035067250737,0.14413035067250737,0.29780060706748523,FALSE,FALSE
1982-09-09,Weddell,1.405301746,0.09420057625103806,0.09420057625103806,0.29780060706748523,FALSE,FALSE
1982-09-11,Weddell,1.387040175,0.08017858517278453,0.08017858517278453,0.29780060706748523,FALSE,FALSE
1982-09-13,Weddell,1.368012721,0.06580467247820398,0.06580467247820398,0.29780060706748523,FALSE,FALSE
1982-09-15,Weddell,1.338518986,0.04144628612090506,0.04144628612090506,0.29780060706748523,FALSE,FALSE
1982-09-17,Weddell,1.279802585,-0.01158308773120841,0.01158308773120841,0.29780060706748523,FALSE,FALSE
1982-09-19,Weddell,1.219158759,-0.06591833691023341,0.06591833691023341,0.29780060706748523,FALSE,FALSE
1982-09-21,Weddell,1.17469167,-0.10338542824826358,0.10338542824826358,0.29780060706748523,FALSE,FALSE
1982-09-23,Weddell,1.14533013,-0.1249878415230974,0.1249878415230974,0.29780060706748523,FALSE,FALSE
1982-09-25,Weddell,1.106010568,-0.15584109150577508,0.15584109150577508,0.29780060706748523,FALSE,FALSE
1982-09-27,Weddell,1.021940629,-0.23096933888006663,0.23096933888006663,0.29780060706748523,FALSE,FALSE
1982-09-29,Weddell,0.954913092,-0.28882644597430773,0.28882644597430773,0.29780060706748523,FALSE,FALSE
1982-10-01,Weddell,0.924389938,-0.310197073116832,0.310197073116832,0.29780060706748523,TRUE,FALSE
1982-10-03,Weddell,0.902878045,-0.3228209836359739,0.3228209836359739,0.29780060706748523,TRUE,FALSE
1982-10-05,Weddell,0.964134264,-0.25318795797991933,0.25318795797991933,0.29780060706748523,FALSE,FALSE
1982-10-07,Weddell,1.075273745,-0.1343464576224478,0.1343464576224478,0.29780060706748523,FALSE,FALSE
1982-10-09,Weddell,1.117216505,-0.08525560299661117,0.08525560299661117,0.29780060706748523,FALSE,FALSE
1982-10-11,Weddell,1.082624127,-0.1130720666842,0.1130720666842,0.29780060706748523,FALSE,FALSE
1982-10-13,Weddell,1.020323555,-0.16878716026700458,0.16878716026700458,0.29780060706748523,FALSE,FALSE
1982-10-15,Weddell,0.997740685,-0.18479324332681368,0.18479324332681368,0.29780060706748523,FALSE,FALSE
1982-10-17,Weddell,0.990210065,-0.1855740234454187,0.1855740234454187,0.29780060706748523,FALSE,FALSE
1982-10-19,Weddell,0.961528016,-0.2071626233906062,0.2071626233906062,0.29780060706748523,FALSE,FALSE
1982-10-21,Weddell,0.922667752,-0.23850990073283151,0.23850990073283151,0.29780060706748523,FALSE,FALSE
1982-10-23,Weddell,0.90710101,-0.24611577135497764,0.24611577135497764,0.29780060706748523,FALSE,FALSE
1982-10-25,Weddell,0.978522529,-0.16625750954073337,0.16625750954073337,0.29780060706748523,FALSE,FALSE
1982-10-27,Weddell,0.995422236,-0.14041720157379034,0.14041720157379034,0.29780060706748523,FALSE,FALSE
1982-10-29,Weddell,1.011929808,-0.11443718373783618,0.11443718373783618,0.29780060706748523,FALSE,FALSE
1982-10-31,Weddell,1.006815309,-0.1095200584591456,0.1095200584591456,0.29780060706748523,FALSE,FALSE
1982-11-01,Weddell,0.947057528,-0.1640481923925292,0.1640481923925292,0.29780060706748523,FALSE,FALSE
1982-11-02,Weddell,1.000724302,-0.105010695153249,0.105010695153249,0.29780060706748523,FALSE,FALSE
1982-11-04,Weddell,0.988878474,-0.1056972780504154,0.1056972780504154,0.29780060706748523,FALSE,FALSE
1982-11-06,Weddell,0.975467156,-0.1074013359380771,0.1074013359380771,0.29780060706748523,FALSE,FALSE
1982-11-08,Weddell,0.968969485,-0.10165459160366765,0.10165459160366765,0.29780060706748523,FALSE,FALSE
1982-11-10,Weddell,0.962235097,-0.09561826883461988,0.09561826883461988,0.29780060706748523,FALSE,FALSE
1982-11-12,Weddell,0.955552151,-0.08901497247780643,0.08901497247780643,0.29780060706748523,FALSE,FALSE
1982-11-14,Weddell,0.948338116,-0.08240821436030199,0.08240821436030199,0.29780060706748523,FALSE,FALSE
1982-11-16,Weddell,0.929411653,-0.08688848860111664,0.08688848860111664,0.29780060706748523,FALSE,FALSE
1982-11-18,Weddell,0.918471582,-0.0826555200608905,0.0826555200608905,0.29780060706748523,FALSE,FALSE
1982-11-20,Weddell,0.915353927,-0.06977182960026573,0.06977182960026573,0.29780060706748523,FALSE,FALSE
1982-11-22,Weddell,0.938662733,-0.02953191707988367,0.02953191707988367,0.29780060706748523,FALSE,FALSE
1982-11-24,Weddell,0.948566916,-0.00166541136038533,0.00166541136038533,0.29780060706748523,FALSE,FALSE
1982-11-26,Weddell,0.956479498,0.02531245767226919,0.02531245767226919,0.29780060706748523,FALSE,FALSE
1982-11-28,Weddell,0.941032312,0.02993407911073498,0.02993407911073498,0.29780060706748523,FALSE,FALSE
1982-11-30,Weddell,0.877557171,-0.01262937261946139,0.01262937261946139,0.29780060706748523,FALSE,FALSE
1982-12-01,Weddell,0.788691686,-0.09077315585683732,0.09077315585683732,0.29780060706748523,FALSE,FALSE
1982-12-02,Weddell,0.842613137,-0.02597955090721426,0.02597955090721426,0.29780060706748523,FALSE,FALSE
1982-12-04,Weddell,0.850120857,0.00364347585858293,0.00364347585858293,0.29780060706748523,FALSE,FALSE
1982-12-06,Weddell,0.843989198,0.01998785928903579,0.01998785928903579,0.29780060706748523,FALSE,FALSE
1982-12-08,Weddell,0.835521427,0.03419684854324678,0.03419684854324678,0.29780060706748523,FALSE,FALSE
1982-12-10,Weddell,0.829996096,0.05140000735869543,0.05140000735869543,0.29780060706748523,FALSE,FALSE
1982-12-12,Weddell,0.826987035,0.07103098151391918,0.07103098151391918,0.29780060706748523,FALSE,FALSE
1982-12-14,Weddell,0.817148382,0.08360397012898457,0.08360397012898457,0.29780060706748523,FALSE,FALSE
1982-12-16,Weddell,0.805460926,0.09395982332395993,0.09395982332395993,0.29780060706748523,FALSE,FALSE
1982-12-18,Weddell,0.780826699,0.09086063421891256,0.09086063421891256,0.29780060706748523,FALSE,FALSE
1982-12-20,Weddell,0.754350804,0.08527215204632976,0.08527215204632976,0.29780060706748523,FALSE,FALSE
1982-12-22,Weddell,0.730901344,0.081971028679244,0.081971028679244,0.29780060706748523,FALSE,FALSE
1982-12-24,Weddell,0.717886532,0.08835675097822349,0.08835675097822349,0.29780060706748523,FALSE,FALSE
1982-12-26,Weddell,0.703600572,0.092723004931887,0.092723004931887,0.29780060706748523,FALSE,FALSE
1982-12-28,Weddell,0.677513713,0.08453952152885313,0.08453952152885313,0.29780060706748523,FALSE,FALSE
1982-12-30,Weddell,0.666364664,0.09054449175774049,0.09054449175774049,0.29780060706748523,FALSE,FALSE
1983-01-01,Weddell,0.660833616,0.10141758860716944,0.10141758860716944,0.29780060706748523,FALSE,FALSE
1983-01-03,Weddell,0.652174776,0.1084233239809893,0.1084233239809893,0.29780060706748523,FALSE,FALSE
1983-01-05,Weddell,0.637904049,0.10913119944398186,0.10913119944398186,0.29780060706748523,FALSE,FALSE
1983-01-07,Weddell,0.610613951,0.09619815047615864,0.09619815047615864,0.29780060706748523,FALSE,FALSE
1983-01-09,Weddell,0.600016856,0.09940097055753284,0.09940097055753284,0.29780060706748523,FALSE,FALSE
1983-01-11,Weddell,0.593189624,0.10588093916811764,0.10588093916811764,0.29780060706748523,FALSE,FALSE
1983-01-13,Weddell,0.584488237,0.1100584577879255,0.1100584577879255,0.29780060706748523,FALSE,FALSE
1983-01-15,Weddell,0.574561088,0.11264699470507172,0.11264699470507172,0.29780060706748523,FALSE,FALSE
1983-01-17,Weddell,0.557747843,0.108057900719222,0.108057900719222,0.29780060706748523,FALSE,FALSE
1983-01-19,Weddell,0.557754574,0.12007275992654914,0.12007275992654914,0.29780060706748523,FALSE,FALSE
1983-01-21,Weddell,0.563994391,0.13818024117218913,0.13818024117218913,0.29780060706748523,FALSE,FALSE
1983-01-23,Weddell,0.562152064,0.14814067330127645,0.14814067330127645,0.29780060706748523,FALSE,FALSE
1983-01-25,Weddell,0.571509267,0.1693112891589467,0.1693112891589467,0.29780060706748523,FALSE,FALSE
1983-01-27,Weddell,0.580821978,0.1905209534334079,0.1905209534334079,0.29780060706748523,FALSE,FALSE
1983-01-29,Weddell,0.586989251,0.2086457168944994,0.2086457168944994,0.29780060706748523,FALSE,FALSE
1983-01-31,Weddell,0.587020572,0.22055193277572904,0.22055193277572904,0.29780060706748523,FALSE,FALSE
1983-02-01,Weddell,0.584577314,0.2239680456969051,0.2239680456969051,0.29780060706748523,FALSE,FALSE
1983-02-02,Weddell,0.582084219,0.2272571489107275,0.2272571489107275,0.29780060706748523,FALSE,FALSE
1983-02-04,Weddell,0.592649183,0.24907962613312645,0.24907962613312645,0.29780060706748523,FALSE,FALSE
1983-02-06,Weddell,0.59077531,0.2579284802765571,0.2579284802765571,0.29780060706748523,FALSE,FALSE
1983-02-08,Weddell,0.589545305,0.26673571049487294,0.26673571049487294,0.29780060706748523,FALSE,FALSE
1983-02-10,Weddell,0.587050304,0.2734611217927722,0.2734611217927722,0.29780060706748523,FALSE,FALSE
1983-02-12,Weddell,0.58578412,0.28052139730122205,0.28052139730122205,0.29780060706748523,FALSE,FALSE
1983-02-14,Weddell,0.597609181,0.29971124069601274,0.29971124069601274,0.29780060706748523,TRUE,TRUE
1983-02-16,Weddell,0.603858456,0.312295896652934,0.312295896652934,0.29780060706748523,TRUE,TRUE
1983-02-18,Weddell,0.611897877,0.3255735728477756,0.3255735728477756,0.29780060706748523,TRUE,TRUE
1983-02-20,Weddell,0.599487286,0.31723638695632733,0.31723638695632733,0.29780060706748523,TRUE,TRUE
1983-02-22,Weddell,0.596410855,0.31700840379144546,0.31700840379144546,0.29780060706748523,TRUE,TRUE
1983-02-24,Weddell,0.59888152,0.3210940160623887,0.3210940160623887,0.29780060706748523,TRUE,TRUE
1983-02-26,Weddell,0.575168104,0.29777488479979314,0.29777488479979314,0.29780060706748523,FALSE,FALSE
1983-02-28,Weddell,0.603127296,0.3249206059103185,0.3249206059103185,0.29780060706748523,TRUE,TRUE
1983-03-01,Weddell,0.616230328,0.33716802751383207,0.33716802751383207,0.29780060706748523,TRUE,TRUE
1983-03-02,Weddell,0.606839255,0.3266242453006231,0.3266242453006231,0.29780060706748523,TRUE,TRUE
1983-03-04,Weddell,0.6229535,0.33954822887736685,0.33954822887736685,0.29780060706748523,TRUE,TRUE
1983-03-06,Weddell,0.642136798,0.354375478109034,0.354375478109034,0.29780060706748523,TRUE,TRUE
1983-03-08,Weddell,0.640266246,0.3470631039503603,0.3470631039503603,0.29780060706748523,TRUE,TRUE
1983-03-10,Weddell,0.621022241,0.3214298813542101,0.3214298813542101,0.29780060706748523,TRUE,TRUE
1983-03-12,Weddell,0.600567962,0.29377951294695304,0.29377951294695304,0.29780060706748523,FALSE,FALSE
1983-03-14,Weddell,0.598806224,0.28415533735495796,0.28415533735495796,0.29780060706748523,FALSE,FALSE
1983-03-16,Weddell,0.600081125,0.2770419762045944,0.2770419762045944,0.29780060706748523,FALSE,FALSE
1983-03-18,Weddell,0.6175595,0.2857465093573477,0.2857465093573477,0.29780060706748523,FALSE,FALSE
1983-03-20,Weddell,0.638641488,0.297772517208103,0.297772517208103,0.29780060706748523,FALSE,FALSE
1983-03-22,Weddell,0.639296722,0.28911988089588875,0.28911988089588875,0.29780060706748523,FALSE,FALSE
1983-03-24,Weddell,0.636149386,0.2764343786574191,0.2764343786574191,0.29780060706748523,FALSE,FALSE
1983-03-26,Weddell,0.628657121,0.2591952457294088,0.2591952457294088,0.29780060706748523,FALSE,FALSE
1983-03-28,Weddell,0.614366698,0.2349708473485713,0.2349708473485713,0.29780060706748523,FALSE,FALSE
1983-03-30,Weddell,0.592659598,0.20316425875162197,0.20316425875162197,0.29780060706748523,FALSE,FALSE
1983-04-01,Weddell,0.575307046,0.17555266897782595,0.17555266897782595,0.29780060706748523,FALSE,FALSE
1983-04-03,Weddell,0.590839552,0.1805995190470282,0.1805995190470282,0.29780060706748523,FALSE,FALSE
1983-04-05,Weddell,0.64366073,0.2226200402613512,0.2226200402613512,0.29780060706748523,FALSE,FALSE
1983-04-07,Weddell,0.673417501,0.2411727683863889,0.2411727683863889,0.29780060706748523,FALSE,FALSE
1983-04-09,Weddell,0.686355097,0.24241455018773345,0.24241455018773345,0.29780060706748523,FALSE,FALSE
1983-04-11,Weddell,0.70305641,0.24683989243097737,0.24683989243097737,0.29780060706748523,FALSE,FALSE
1983-04-13,Weddell,0.670145253,0.20099677062639543,0.20099677062639543,0.29780060706748523,FALSE,FALSE
1983-04-15,Weddell,0.631598969,0.14893881453804503,0.14893881453804503,0.29780060706748523,FALSE,FALSE
1983-04-17,Weddell,0.58690204,0.09032799262207236,0.09032799262207236,0.29780060706748523,FALSE,FALSE
1983-04-19,Weddell,0.554016707,0.0433058617185974,0.0433058617185974,0.29780060706748523,FALSE,FALSE
1983-04-21,Weddell,0.531531953,0.00664072066773957,0.00664072066773957,0.29780060706748523,FALSE,FALSE
1983-04-23,Weddell,0.524688233,-0.01424765969038133,0.01424765969038133,0.29780060706748523,FALSE,FALSE
1983-04-25,Weddell,0.510953756,-0.04171377191957648,0.04171377191957648,0.29780060706748523,FALSE,FALSE
1983-04-27,Weddell,0.487982979,-0.07802519392836804,0.07802519392836804,0.29780060706748523,FALSE,FALSE
1983-04-29,Weddell,0.486748253,-0.0922742423269176,0.0922742423269176,0.29780060706748523,FALSE,FALSE
1983-05-01,Weddell,0.503734105,-0.08805209190758179,0.08805209190758179,0.29780060706748523,FALSE,FALSE
1983-05-03,Weddell,0.516273319,-0.08810166046271561,0.08810166046271561,0.29780060706748523,FALSE,FALSE
1983-05-05,Weddell,0.56285717,-0.05400737478467465,0.05400737478467465,0.29780060706748523,FALSE,FALSE
1983-05-07,Weddell,0.571548399,-0.05778220349439245,0.05778220349439245,0.29780060706748523,FALSE,FALSE
1983-05-09,Weddell,0.612731861,-0.02914612254279303,0.02914612254279303,0.29780060706748523,FALSE,FALSE
1983-05-11,Weddell,0.664757319,0.01005099213053295,0.01005099213053295,0.29780060706748523,FALSE,FALSE
1983-05-13,Weddell,0.709904964,0.04187043134945389,0.04187043134945389,0.29780060706748523,FALSE,FALSE
1983-05-15,Weddell,0.730272218,0.04819071693783705,0.04819071693783705,0.29780060706748523,FALSE,FALSE
1983-05-17,Weddell,0.738862858,0.0417967257195514,0.0417967257195514,0.29780060706748523,FALSE,FALSE
1983-05-19,Weddell,0.694225918,-0.01898140848153473,0.01898140848153473,0.29780060706748523,FALSE,FALSE
1983-05-21,Weddell,0.645305174,-0.08537699238456664,0.08537699238456664,0.29780060706748523,FALSE,FALSE
1983-05-23,Weddell,0.594417955,-0.15491559478414385,0.15491559478414385,0.29780060706748523,FALSE,FALSE
1983-05-25,Weddell,0.585237799,-0.1836063621850388,0.1836063621850388,0.29780060706748523,FALSE,FALSE
1983-05-27,Weddell,0.556045626,-0.23285005088403443,0.23285005088403443,0.29780060706748523,FALSE,FALSE
1983-05-29,Weddell,0.542874122,-0.26629565117791365,0.26629565117791365,0.29780060706748523,FALSE,FALSE
1983-05-31,Weddell,0.542284334,-0.28706379236345925,0.28706379236345925,0.29780060706748523,FALSE,FALSE
1983-06-01,Weddell,0.989193434,0.1498915108666482,0.1498915108666482,0.29780060706748523,FALSE,FALSE
1983-06-02,Weddell,0.556590692,-0.2925299094169507,0.2925299094169507,0.29780060706748523,FALSE,FALSE
1983-06-04,Weddell,0.701129721,-0.16725185339140436,0.16725185339140436,0.29780060706748523,FALSE,FALSE
1983-06-06,Weddell,0.738135714,-0.14910362763904184,0.14910362763904184,0.29780060706748523,FALSE,FALSE
1983-06-08,Weddell,0.744282323,-0.16152994822975952,0.16152994822975952,0.29780060706748523,FALSE,FALSE
1983-06-10,Weddell,0.738076002,-0.18614272923345476,0.18614272923345476,0.29780060706748523,FALSE,FALSE
1983-06-12,Weddell,0.772173555,-0.170403534720023,0.170403534720023,0.29780060706748523,FALSE,FALSE
1983-06-14,Weddell,0.75677335,-0.20423195037945108,0.20423195037945108,0.29780060706748523,FALSE,FALSE
1983-06-16,Weddell,0.850356857,-0.1291638427929721,0.1291638427929721,0.29780060706748523,FALSE,FALSE
1983-06-18,Weddell,0.898074829,-0.09983468518648309,0.09983468518648309,0.29780060706748523,FALSE,FALSE
1983-06-20,Weddell,0.95932885,-0.05659679659612482,0.05659679659612482,0.29780060706748523,FALSE,FALSE
1983-06-22,Weddell,1.021187023,-0.01213597705803648,0.01213597705803648,0.29780060706748523,FALSE,FALSE
1983-06-24,Weddell,1.077032925,0.02717744739164285,0.02717744739164285,0.29780060706748523,FALSE,FALSE
1983-06-26,Weddell,1.08902715,0.02375016771677285,0.02375016771677285,0.29780060706748523,FALSE,FALSE
1983-06-28,Weddell,1.077411977,-0.00197710349711521,0.00197710349711521,0.29780060706748523,FALSE,FALSE
1983-06-30,Weddell,1.083294234,-0.00895963427415735,0.00895963427415735,0.29780060706748523,FALSE,FALSE
1983-07-01,Weddell,1.08956261,-0.00870298894274435,0.00870298894274435,0.29780060706748523,FALSE,FALSE
1983-07-02,Weddell,1.0991746040000001,-0.00484740647873938,0.00484740647873938,0.29780060706748523,FALSE,FALSE
1983-07-04,Weddell,1.099724807,-0.01511943819504679,0.01511943819504679,0.29780060706748523,FALSE,FALSE
1983-07-06,Weddell,1.094558886,-0.03031242450726701,0.03031242450726701,0.29780060706748523,FALSE,FALSE
1983-07-08,Weddell,1.070777046,-0.06347689849958704,0.06347689849958704,0.29780060706748523,FALSE,FALSE
1983-07-10,Weddell,1.055510035,-0.08763135455124305,0.08763135455124305,0.29780060706748523,FALSE,FALSE
1983-07-12,Weddell,1.044711685,-0.1069491256689452,0.1069491256689452,0.29780060706748523,FALSE,FALSE
1983-07-14,Weddell,1.020741844,-0.13918068720422982,0.13918068720422982,0.29780060706748523,FALSE,FALSE
1983-07-16,Weddell,1.017343243,-0.15069320705983902,0.15069320705983902,0.29780060706748523,FALSE,FALSE
1983-07-18,Weddell,1.109286365,-0.06682610113851428,0.06682610113851428,0.29780060706748523,FALSE,FALSE
1983-07-20,Weddell,1.122646328,-0.06161415034299722,0.06161415034299722,0.29780060706748523,FALSE,FALSE
1983-07-22,Weddell,1.124869649,-0.06771969312534343,0.06771969312534343,0.29780060706748523,FALSE,FALSE
1983-07-24,Weddell,1.049027163,-0.1521063829639384,0.1521063829639384,0.29780060706748523,FALSE,FALSE
1983-07-26,Weddell,1.028045313,-0.1817596720480763,0.1817596720480763,0.29780060706748523,FALSE,FALSE
1983-07-28,Weddell,1.016530168,-0.20197393580507517,0.20197393580507517,0.29780060706748523,FALSE,FALSE
1983-07-30,Weddell,0.996513916,-0.23061743066224816,0.23061743066224816,0.29780060706748523,FALSE,FALSE
1983-08-01,Weddell,1.024119098,-0.21146806004691457,0.21146806004691457,0.29780060706748523,FALSE,FALSE
1983-08-03,Weddell,1.057688522,-0.18608346051696323,0.18608346051696323,0.29780060706748523,FALSE,FALSE
1983-08-05,Weddell,1.142266584,-0.10934649718778178,0.10934649718778178,0.29780060706748523,FALSE,FALSE
1983-08-07,Weddell,1.137383334,-0.12175624204854184,0.12175624204854184,0.29780060706748523,FALSE,FALSE
1983-08-09,Weddell,1.091854279,-0.1745504914090854,0.1745504914090854,0.29780060706748523,FALSE,FALSE
1983-08-11,Weddell,1.135729641,-0.13773232657925605,0.13773232657925605,0.29780060706748523,FALSE,FALSE
1983-08-13,Weddell,1.240725274,-0.03963919686889494,0.03963919686889494,0.29780060706748523,FALSE,FALSE
1983-08-15,Weddell,1.273990736,-0.01317484758784659,0.01317484758784659,0.29780060706748523,FALSE,FALSE
1983-08-17,Weddell,1.248449776,-0.04545032117732206,0.04545032117732206,0.29780060706748523,FALSE,FALSE
1983-08-19,Weddell,1.207864385,-0.09256260230085234,0.09256260230085234,0.29780060706748523,FALSE,FALSE
1983-08-21,Weddell,1.127246635,-0.17926143779498172,0.17926143779498172,0.29780060706748523,FALSE,FALSE
1983-08-23,Weddell,1.06175079,-0.25015335905637337,0.25015335905637337,0.29780060706748523,FALSE,FALSE
1983-08-25,Weddell,1.045453261,-0.2709227504816909,0.2709227504816909,0.29780060706748523,FALSE,FALSE
1983-08-27,Weddell,1.053555924,-0.26612853146759785,0.26612853146759785,0.29780060706748523,FALSE,FALSE
1983-08-29,Weddell,1.030966963,-0.29062899041677337,0.29062899041677337,0.29780060706748523,FALSE,FALSE
1983-08-31,Weddell,1.061131917,-0.2609300991551018,0.2609300991551018,0.29780060706748523,FALSE,FALSE
1983-09-01,Weddell,1.184266569,-0.13753971077181393,0.13753971077181393,0.29780060706748523,FALSE,FALSE
1983-09-02,Weddell,1.119195816,-0.2020599045141871,0.2020599045141871,0.29780060706748523,FALSE,FALSE
1983-09-04,Weddell,1.121065634,-0.19829756625780617,0.19829756625780617,0.29780060706748523,FALSE,FALSE
1983-09-06,Weddell,1.093562425,-0.22300816414973323,0.22300816414973323,0.29780060706748523,FALSE,FALSE
1983-09-08,Weddell,1.164987197,-0.14807682395374488,0.14807682395374488,0.29780060706748523,FALSE,FALSE
1983-09-10,Weddell,1.156817333,-0.1522121844684159,0.1522121844684159,0.29780060706748523,FALSE,FALSE
1983-09-12,Weddell,1.094503183,-0.21008749514367175,0.21008749514367175,0.29780060706748523,FALSE,FALSE
1983-09-14,Weddell,1.042427579,-0.25727738806559897,0.25727738806559897,0.29780060706748523,FALSE,FALSE
1983-09-16,Weddell,0.955351705,-0.33895080806629396,0.33895080806629396,0.29780060706748523,TRUE,FALSE
1983-09-18,Weddell,1.01503723,-0.2732762149778514,0.2732762149778514,0.29780060706748523,FALSE,FALSE
1983-09-20,Weddell,1.095857874,-0.18581001763236693,0.18581001763236693,0.29780060706748523,FALSE,FALSE
1983-09-22,Weddell,1.20104606,-0.07324992186193646,0.07324992186193646,0.29780060706748523,FALSE,FALSE
1983-09-24,Weddell,1.259284718,-0.00687493504850533,0.00687493504850533,0.29780060706748523,FALSE,FALSE
1983-09-26,Weddell,1.264733237,0.00730841593905151,0.00730841593905151,0.29780060706748523,FALSE,FALSE
1983-09-28,Weddell,1.25335506,0.00501712987082725,0.00501712987082725,0.29780060706748523,FALSE,FALSE
1983-09-30,Weddell,1.260666853,0.02152123141848649,0.02152123141848649,0.29780060706748523,FALSE,FALSE
1983-10-01,Weddell,1.227508399,-0.00707861211683202,0.00707861211683202,0.29780060706748523,FALSE,FALSE
1983-10-02,Weddell,1.277188761,0.04709422425369514,0.04709422425369514,0.29780060706748523,FALSE,FALSE
1983-10-04,Weddell,1.325580617,0.10414930004811772,0.10414930004811772,0.29780060706748523,FALSE,FALSE
1983-10-06,Weddell,1.324402642,0.1110120293164092,0.1110120293164092,0.29780060706748523,FALSE,FALSE
1983-10-08,Weddell,1.285024257,0.0790359832557872,0.0790359832557872,0.29780060706748523,FALSE,FALSE
1983-10-10,Weddell,1.269828652,0.07077966467263486,0.07077966467263486,0.29780060706748523,FALSE,FALSE
1983-10-12,Weddell,1.255299382,0.06290837298516183,0.06290837298516183,0.29780060706748523,FALSE,FALSE
1983-10-14,Weddell,1.2414566,0.05562400561157843,0.05562400561157843,0.29780060706748523,FALSE,FALSE
1983-10-16,Weddell,1.220237011,0.0410450119700958,0.0410450119700958,0.29780060706748523,FALSE,FALSE
1983-10-18,Weddell,1.162456748,-0.00983117379831033,0.00983117379831033,0.29780060706748523,FALSE,FALSE
1983-10-20,Weddell,1.116690343,-0.04829803948195965,0.04829803948195965,0.29780060706748523,FALSE,FALSE
1983-10-22,Weddell,1.085522586,-0.0717323658036837,0.0717323658036837,0.29780060706748523,FALSE,FALSE
1983-10-24,Weddell,1.035477676,-0.1135819670471736,0.1135819670471736,0.29780060706748523,FALSE,FALSE
1983-10-26,Weddell,1.001679894,-0.1386945754961184,0.1386945754961184,0.29780060706748523,FALSE,FALSE
1983-10-28,Weddell,0.990017718,-0.14115372643420843,0.14115372643420843,0.29780060706748523,FALSE,FALSE
1983-10-30,Weddell,0.995651661,-0.12577092014513414,0.12577092014513414,0.29780060706748523,FALSE,FALSE
1983-11-01,Weddell,0.963851984,-0.14725373639252914,0.14725373639252914,0.29780060706748523,FALSE,FALSE
1983-11-03,Weddell,0.938661455,-0.16156310021473497,0.16156310021473497,0.29780060706748523,FALSE,FALSE
1983-11-05,Weddell,0.942276598,-0.14651334713372044,0.14651334713372044,0.29780060706748523,FALSE,FALSE
1983-11-07,Weddell,0.966852924,-0.10995982593691687,0.10995982593691687,0.29780060706748523,FALSE,FALSE
1983-11-09,Weddell,0.98152016,-0.08278366941175908,0.08278366941175908,0.29780060706748523,FALSE,FALSE
1983-11-11,Weddell,0.985061378,-0.0662126653456786,0.0662126653456786,0.29780060706748523,FALSE,FALSE
1983-11-13,Weddell,0.998297088,-0.03943147242805456,0.03943147242805456,0.29780060706748523,FALSE,FALSE
1983-11-15,Weddell,0.990194832,-0.03341291938212931,0.03341291938212931,0.29780060706748523,FALSE,FALSE
1983-11-17,Weddell,0.977219212,-0.03159160712484354,0.03159160712484354,0.29780060706748523,FALSE,FALSE
1983-11-19,Weddell,0.970484766,-0.02275154251683797,0.02275154251683797,0.29780060706748523,FALSE,FALSE
1983-11-21,Weddell,0.968241299,-0.00854146541875433,0.00854146541875433,0.29780060706748523,FALSE,FALSE
1983-11-23,Weddell,0.94206275,-0.01728598169123396,0.01728598169123396,0.29780060706748523,FALSE,FALSE
1983-11-25,Weddell,0.908157265,-0.03267787480118223,0.03267787480118223,0.29780060706748523,FALSE,FALSE
1983-11-27,Weddell,0.898407225,-0.02284081654922065,0.02284081654922065,0.29780060706748523,FALSE,FALSE
1983-11-29,Weddell,0.895074972,-0.0056627317714748,0.0056627317714748,0.29780060706748523,FALSE,FALSE
1983-12-01,Weddell,0.829553028,-0.04991181385683729,0.04991181385683729,0.29780060706748523,FALSE,FALSE
1983-12-03,Weddell,0.777786239,-0.07980393219420334,0.07980393219420334,0.29780060706748523,FALSE,FALSE
1983-12-05,Weddell,0.759894994,-0.07537941317246688,0.07537941317246688,0.29780060706748523,FALSE,FALSE
1983-12-07,Weddell,0.770275799,-0.04240246396208302,0.04240246396208302,0.29780060706748523,FALSE,FALSE
1983-12-09,Weddell,0.784502734,-0.00545528889649604,0.00545528889649604,0.29780060706748523,FALSE,FALSE
1983-12-11,Weddell,0.758083516,-0.00917275205116885,0.00917275205116885,0.29780060706748523,FALSE,FALSE
1983-12-13,Weddell,0.688240933,-0.05647200430603272,0.05647200430603272,0.29780060706748523,FALSE,FALSE
1983-12-15,Weddell,0.659173495,-0.06329447454102055,0.06329447454102055,0.29780060706748523,FALSE,FALSE
1983-12-17,Weddell,0.674046451,-0.02661485263606522,0.02661485263606522,0.29780060706748523,FALSE,FALSE
1983-12-19,Weddell,0.696337648,0.01690476952890107,0.01690476952890107,0.29780060706748523,FALSE,FALSE
1983-12-21,Weddell,0.701905675,0.04299463427881778,0.04299463427881778,0.29780060706748523,FALSE,FALSE
1983-12-23,Weddell,0.685789862,0.04665332149618706,0.04665332149618706,0.29780060706748523,FALSE,FALSE
1983-12-25,Weddell,0.672174453,0.0520643513739315,0.0520643513739315,0.29780060706748523,FALSE,FALSE
1983-12-27,Weddell,0.65980584,0.05797359790066814,0.05797359790066814,0.29780060706748523,FALSE,FALSE
1983-12-29,Weddell,0.662902772,0.07859929206501848,0.07859929206501848,0.29780060706748523,FALSE,FALSE
1983-12-31,Weddell,0.654210588,0.08668625485559855,0.08668625485559855,0.29780060706748523,FALSE,FALSE
1984-01-01,Weddell,0.616368469,0.05695244160716939,0.05695244160716939,0.29780060706748523,FALSE,FALSE
1984-01-02,Weddell,0.663502025,0.11200805812543346,0.11200805812543346,0.29780060706748523,FALSE,FALSE
1984-01-04,Weddell,0.663533867,0.1273534366088377,0.1273534366088377,0.29780060706748523,FALSE,FALSE
1984-01-06,Weddell,0.662851861,0.14133120392142096,0.14133120392142096,0.29780060706748523,FALSE,FALSE
1984-01-08,Weddell,0.674604811,0.1671545835431959,0.1671545835431959,0.29780060706748523,FALSE,FALSE
1984-01-10,Weddell,0.664080685,0.17017596295417348,0.17017596295417348,0.29780060706748523,FALSE,FALSE
1984-01-12,Weddell,0.675739237,0.19491951563436827,0.19491951563436827,0.29780060706748523,FALSE,FALSE
1984-01-14,Weddell,0.675110964,0.20698017450633355,0.20698017450633355,0.29780060706748523,FALSE,FALSE
1984-01-16,Weddell,0.6187475,0.16297720749082062,0.16297720749082062,0.29780060706748523,FALSE,FALSE
1984-01-18,Weddell,0.569684573,0.1260209752459176,0.1260209752459176,0.29780060706748523,FALSE,FALSE
1984-01-20,Weddell,0.532430101,0.10069495461675926,0.10069495461675926,0.29780060706748523,FALSE,FALSE
1984-01-22,Weddell,0.504403499,0.08449411944848106,0.08449411944848106,0.29780060706748523,FALSE,FALSE
1984-01-24,Weddell,0.493772493,0.08566175458621789,0.08566175458621789,0.29780060706748523,FALSE,FALSE
1984-01-26,Weddell,0.49690032,0.10063665587510567,0.10063665587510567,0.29780060706748523,FALSE,FALSE
1984-01-28,Weddell,0.494382113,0.11006073747603834,0.11006073747603834,0.29780060706748523,FALSE,FALSE
1984-01-30,Weddell,0.480003484,0.10761714241799486,0.10761714241799486,0.29780060706748523,FALSE,FALSE
1984-02-01,Weddell,0.458177941,0.09756867269690506,0.09756867269690506,0.29780060706748523,FALSE,FALSE
1984-02-03,Weddell,0.463769966,0.11462908014640004,0.11462908014640004,0.29780060706748523,FALSE,FALSE
1984-02-05,Weddell,0.463711333,0.1255794086001109,0.1255794086001109,0.29780060706748523,FALSE,FALSE
1984-02-07,Weddell,0.47363155,0.1458984358916688,0.1458984358916688,0.29780060706748523,FALSE,FALSE
1984-02-09,Weddell,0.48489489,0.16680301297224043,0.16680301297224043,0.29780060706748523,FALSE,FALSE
1984-02-11,Weddell,0.482406789,0.17309681341594124,0.17309681341594124,0.29780060706748523,FALSE,FALSE
1984-02-13,Weddell,0.466169055,0.16471316590808782,0.16471316590808782,0.29780060706748523,FALSE,FALSE
1984-02-15,Weddell,0.475596431,0.1809990891244702,0.1809990891244702,0.29780060706748523,FALSE,FALSE
1984-02-17,Weddell,0.481851913,0.1930498547408781,0.1930498547408781,0.29780060706748523,FALSE,FALSE
1984-02-19,Weddell,0.4811612,0.1970234374331007,0.1970234374331007,0.29780060706748523,FALSE,FALSE
1984-02-21,Weddell,0.49604141,0.21536970329756616,0.21536970329756616,0.29780060706748523,FALSE,FALSE
1984-02-23,Weddell,0.510956807,0.23251521892527569,0.23251521892527569,0.29780060706748523,FALSE,FALSE
1984-02-25,Weddell,0.520956173,0.24351758756611713,0.24351758756611713,0.29780060706748523,FALSE,FALSE
1984-02-27,Weddell,0.505309692,0.22765990012674953,0.22765990012674953,0.29780060706748523,FALSE,FALSE
1984-03-01,Weddell,0.401282633,0.1210676233006231,0.1210676233006231,0.29780060706748523,FALSE,FALSE
1984-03-02,Weddell,0.483603939,0.2019407346340238,0.2019407346340238,0.29780060706748523,FALSE,FALSE
1984-03-04,Weddell,0.466772235,0.1813326392660765,0.1813326392660765,0.29780060706748523,FALSE,FALSE
1984-03-06,Weddell,0.433106868,0.14275184418602954,0.14275184418602954,0.29780060706748523,FALSE,FALSE
1984-03-08,Weddell,0.42439462,0.12810651085532188,0.12810651085532188,0.29780060706748523,FALSE,FALSE
1984-03-10,Weddell,0.408179385,0.10508105690032173,0.10508105690032173,0.29780060706748523,FALSE,FALSE
1984-03-12,Weddell,0.391243899,0.08059874194739952,0.08059874194739952,0.29780060706748523,FALSE,FALSE
1984-03-14,Weddell,0.371160119,0.05237204662292422,0.05237204662292422,0.29780060706748523,FALSE,FALSE
1984-03-16,Weddell,0.369267996,0.04188144555326489,0.04188144555326489,0.29780060706748523,FALSE,FALSE
1984-03-18,Weddell,0.376167895,0.03985975019289095,0.03985975019289095,0.29780060706748523,FALSE,FALSE
1984-03-20,Weddell,0.389939509,0.04444673968257251,0.04444673968257251,0.29780060706748523,FALSE,FALSE
1984-03-22,Weddell,0.395584171,0.0406656841276411,0.0406656841276411,0.29780060706748523,FALSE,FALSE
1984-03-24,Weddell,0.394349669,0.02978596576481207,0.02978596576481207,0.29780060706748523,FALSE,FALSE
1984-03-26,Weddell,0.389986063,0.01557923883079864,0.01557923883079864,0.29780060706748523,FALSE,FALSE
1984-03-28,Weddell,0.374884498,-0.00954175743768387,0.00954175743768387,0.29780060706748523,FALSE,FALSE
1984-03-30,Weddell,0.389914236,-0.00468781799160233,0.00468781799160233,0.29780060706748523,FALSE,FALSE
1984-04-01,Weddell,0.424393045,0.01942969104213643,0.01942969104213643,0.29780060706748523,FALSE,FALSE
1984-04-03,Weddell,0.438833424,0.02323796183820015,0.02323796183820015,0.29780060706748523,FALSE,FALSE
1984-04-05,Weddell,0.478735316,0.0521485521621815,0.0521485521621815,0.29780060706748523,FALSE,FALSE
1984-04-07,Weddell,0.498010697,0.05998505277967353,0.05998505277967353,0.29780060706748523,FALSE,FALSE
1984-04-09,Weddell,0.52793638,0.07793589145626878,0.07793589145626878,0.29780060706748523,FALSE,FALSE
1984-04-11,Weddell,0.560904471,0.09830495566017428,0.09830495566017428,0.29780060706748523,FALSE,FALSE
1984-04-13,Weddell,0.613060529,0.13721769542568024,0.13721769542568024,0.29780060706748523,FALSE,FALSE
1984-04-15,Weddell,0.627343967,0.137765936443504,0.137765936443504,0.29780060706748523,FALSE,FALSE
1984-04-17,Weddell,0.614269977,0.11064418655376518,0.11064418655376518,0.29780060706748523,FALSE,FALSE
1984-04-19,Weddell,0.616777297,0.09897049959658376,0.09897049959658376,0.29780060706748523,FALSE,FALSE
1984-04-21,Weddell,0.597583024,0.06564128841207939,0.06564128841207939,0.29780060706748523,FALSE,FALSE
1984-04-23,Weddell,0.568415337,0.02256404784037169,0.02256404784037169,0.29780060706748523,FALSE,FALSE
1984-04-25,Weddell,0.540418043,-0.01896532911227466,0.01896532911227466,0.29780060706748523,FALSE,FALSE
1984-04-27,Weddell,0.496210051,-0.07634134209190085,0.07634134209190085,0.29780060706748523,FALSE,FALSE
1984-04-29,Weddell,0.549766106,-0.03566483635746331,0.03566483635746331,0.29780060706748523,FALSE,FALSE
1984-05-01,Weddell,0.616872146,0.01877442429868203,0.01877442429868203,0.29780060706748523,FALSE,FALSE
1984-05-03,Weddell,0.650319034,0.03969160108418057,0.03969160108418057,0.29780060706748523,FALSE,FALSE
1984-05-05,Weddell,0.690521452,0.067425674206675,0.067425674206675,0.29780060706748523,FALSE,FALSE
1984-05-07,Weddell,0.731361451,0.09577859700518344,0.09577859700518344,0.29780060706748523,FALSE,FALSE
1984-05-09,Weddell,0.733832066,0.08558871233966259,0.08558871233966259,0.29780060706748523,FALSE,FALSE
1984-05-11,Weddell,0.717767577,0.05647331130780275,0.05647331130780275,0.29780060706748523,FALSE,FALSE
1984-05-13,Weddell,0.748039231,0.07308474073347082,0.07308474073347082,0.29780060706748523,FALSE,FALSE
1984-05-15,Weddell,0.746101194,0.05665826644053595,0.05665826644053595,0.29780060706748523,FALSE,FALSE
1984-05-17,Weddell,0.713847123,0.00886864525286657,0.00886864525286657,0.29780060706748523,FALSE,FALSE
1984-05-19,Weddell,0.762922636,0.04114447465747284,0.04114447465747284,0.29780060706748523,FALSE,FALSE
1984-05-21,Weddell,0.806697414,0.06681685464726073,0.06681685464726073,0.29780060706748523,FALSE,FALSE
1984-05-23,Weddell,0.87306577,0.1140644227841221,0.1140644227841221,0.29780060706748523,FALSE,FALSE
1984-05-25,Weddell,0.829785453,0.05096325177127481,0.05096325177127481,0.29780060706748523,FALSE,FALSE
1984-05-27,Weddell,0.79535784,-0.0036669576880649,0.0036669576880649,0.29780060706748523,FALSE,FALSE
1984-05-29,Weddell,0.905171926,0.08588111310932067,0.08588111310932067,0.29780060706748523,FALSE,FALSE
1984-05-31,Weddell,0.95163291,0.11233098686664822,0.11233098686664822,0.29780060706748523,FALSE,FALSE
1984-06-01,Weddell,1.041144762,0.1920241605830494,0.1920241605830494,0.29780060706748523,FALSE,FALSE
1984-06-02,Weddell,0.994860338,0.13605145137560193,0.13605145137560193,0.29780060706748523,FALSE,FALSE
1984-06-04,Weddell,0.970333778,0.09248031727329376,0.09248031727329376,0.29780060706748523,FALSE,FALSE
1984-06-06,Weddell,1.006560667,0.11000665386285335,0.11000665386285335,0.29780060706748523,FALSE,FALSE
1984-06-08,Weddell,1.013287775,0.0982588630743837,0.0982588630743837,0.29780060706748523,FALSE,FALSE
1984-06-10,Weddell,1.035938193,0.10254166783798913,0.10254166783798913,0.29780060706748523,FALSE,FALSE
1984-06-12,Weddell,0.999002889,0.04722766808377243,0.04722766808377243,0.29780060706748523,FALSE,FALSE
1984-06-14,Weddell,1.010926755,0.04066331284652913,0.04066331284652913,0.29780060706748523,FALSE,FALSE
1984-06-16,Weddell,0.994939836,0.00619352482253077,0.00619352482253077,0.29780060706748523,FALSE,FALSE
1984-06-18,Weddell,0.947436664,-0.05954288269952901,0.05954288269952901,0.29780060706748523,FALSE,FALSE
1984-06-20,Weddell,0.933276675,-0.09144037675578842,0.09144037675578842,0.29780060706748523,FALSE,FALSE
1984-06-22,Weddell,0.912319492,-0.12939323738238695,0.12939323738238695,0.29780060706748523,FALSE,FALSE
1984-06-24,Weddell,0.991978022,-0.06574246061546474,0.06574246061546474,0.29780060706748523,FALSE,FALSE
1984-06-26,Weddell,1.0384207,-0.03407763886761317,0.03407763886761317,0.29780060706748523,FALSE,FALSE
1984-06-28,Weddell,1.096252964,0.0102849877875446,0.0102849877875446,0.29780060706748523,FALSE,FALSE
1984-06-30,Weddell,1.118753985,0.02048838605725556,0.02048838605725556,0.29780060706748523,FALSE,FALSE
1984-07-01,Weddell,1.097687368,-0.00633464247873938,0.00633464247873938,0.29780060706748523,FALSE,FALSE
1984-07-02,Weddell,1.116704174,0.00716222885733475,0.00716222885733475,0.29780060706748523,FALSE,FALSE
1984-07-04,Weddell,1.080624507,-0.03932324589640634,0.03932324589640634,0.29780060706748523,FALSE,FALSE
1984-07-06,Weddell,1.033586582,-0.09604717828815246,0.09604717828815246,0.29780060706748523,FALSE,FALSE
1984-07-08,Weddell,1.064576606,-0.0741740918668794,0.0741740918668794,0.29780060706748523,FALSE,FALSE
1984-07-10,Weddell,1.060361538,-0.08707864336431759,0.08707864336431759,0.29780060706748523,FALSE,FALSE
1984-07-12,Weddell,1.075515023,-0.0803019918279686,0.0803019918279686,0.29780060706748523,FALSE,FALSE
1984-07-14,Weddell,1.15050948,-0.01348161716057272,0.01348161716057272,0.29780060706748523,FALSE,FALSE
1984-07-16,Weddell,1.147182287,-0.02489004026487284,0.02489004026487284,0.29780060706748523,FALSE,FALSE
1984-07-18,Weddell,1.064037686,-0.11613291804360903,0.11613291804360903,0.29780060706748523,FALSE,FALSE
1984-07-20,Weddell,0.990854896,-0.1975409303995231,0.1975409303995231,0.29780060706748523,FALSE,FALSE
1984-07-22,Weddell,0.994924165,-0.20191515241565527,0.20191515241565527,0.29780060706748523,FALSE,FALSE
1984-07-24,Weddell,1.055386408,-0.15007317532360775,0.15007317532360775,0.29780060706748523,FALSE,FALSE
1984-07-26,Weddell,1.062661446,-0.15149586069076126,0.15149586069076126,0.29780060706748523,FALSE,FALSE
1984-07-28,Weddell,1.010090573,-0.21274235894443216,0.21274235894443216,0.29780060706748523,FALSE,FALSE
1984-07-30,Weddell,0.999234063,-0.23215284051193807,0.23215284051193807,0.29780060706748523,FALSE,FALSE
1984-08-01,Weddell,1.136552033,-0.10316763282059394,0.10316763282059394,0.29780060706748523,FALSE,FALSE
1984-08-03,Weddell,1.2814923,0.0337571112145052,0.0337571112145052,0.29780060706748523,FALSE,FALSE
1984-08-05,Weddell,1.308365592,0.05295326936244637,0.05295326936244637,0.29780060706748523,FALSE,FALSE
1984-08-07,Weddell,1.269910848,0.00710934366552495,0.00710934366552495,0.29780060706748523,FALSE,FALSE
1984-08-09,Weddell,1.232410657,-0.03754538018610232,0.03754538018610232,0.29780060706748523,FALSE,FALSE
1984-08-11,Weddell,1.129294213,-0.1476350115022773,0.1476350115022773,0.29780060706748523,FALSE,FALSE
1984-08-13,Weddell,1.128700354,-0.15507401559284162,0.15507401559284162,0.29780060706748523,FALSE,FALSE
1984-08-15,Weddell,1.154475182,-0.13606904481807414,0.13606904481807414,0.29780060706748523,FALSE,FALSE
1984-08-17,Weddell,1.238715826,-0.05848849153005409,0.05848849153005409,0.29780060706748523,FALSE,FALSE
1984-08-19,Weddell,1.26193614,-0.04160206591430016,0.04160206591430016,0.29780060706748523,FALSE,FALSE
1984-08-21,Weddell,1.274194218,-0.0351124693674778,0.0351124693674778,0.29780060706748523,FALSE,FALSE
1984-08-23,Weddell,1.270193435,-0.04407712228624971,0.04407712228624971,0.29780060706748523,FALSE,FALSE
1984-08-25,Weddell,1.282329988,-0.03586062306727933,0.03586062306727933,0.29780060706748523,FALSE,FALSE
1984-08-27,Weddell,1.30346172,-0.01736592410722948,0.01736592410722948,0.29780060706748523,FALSE,FALSE
1984-08-29,Weddell,1.250844674,-0.07115498894357852,0.07115498894357852,0.29780060706748523,FALSE,FALSE
1984-08-31,Weddell,1.231118395,-0.090687884771814,0.090687884771814,0.29780060706748523,FALSE,FALSE
1984-09-01,Weddell,1.203782577,-0.11747314351418714,0.11747314351418714,0.29780060706748523,FALSE,FALSE
1984-09-02,Weddell,1.257826076,-0.0626075291026944,0.0626075291026944,0.29780060706748523,FALSE,FALSE
1984-09-04,Weddell,1.276619415,-0.04144835769999489,0.04144835769999489,0.29780060706748523,FALSE,FALSE
1984-09-06,Weddell,1.271772691,-0.04312222532749255,0.04312222532749255,0.29780060706748523,FALSE,FALSE
1984-09-08,Weddell,1.198955825,-0.11214534474896176,0.11214534474896176,0.29780060706748523,FALSE,FALSE
1984-09-10,Weddell,1.141193526,-0.16566806382721566,0.16566806382721566,0.29780060706748523,FALSE,FALSE
1984-09-12,Weddell,1.095430323,-0.20677772552179596,0.20677772552179596,0.29780060706748523,FALSE,FALSE
1984-09-14,Weddell,1.116640167,-0.180432532879095,0.180432532879095,0.29780060706748523,FALSE,FALSE
1984-09-16,Weddell,1.099502175,-0.1918834977312085,0.1918834977312085,0.29780060706748523,FALSE,FALSE
1984-09-18,Weddell,1.012107103,-0.2729699929102334,0.2729699929102334,0.29780060706748523,FALSE,FALSE
1984-09-20,Weddell,1.028853072,-0.24922402624826367,0.24922402624826367,0.29780060706748523,FALSE,FALSE
1984-09-22,Weddell,1.11949584,-0.15082213152309754,0.15082213152309754,0.29780060706748523,FALSE,FALSE
1984-09-24,Weddell,1.085072043,-0.17677961650577512,0.17677961650577512,0.29780060706748523,FALSE,FALSE
1984-09-26,Weddell,1.143874093,-0.1090358748800666,0.1090358748800666,0.29780060706748523,FALSE,FALSE
1984-09-28,Weddell,1.244253608,5.140700256922592e-4,5.140700256922592e-4,0.29780060706748523,FALSE,FALSE
1984-09-30,Weddell,1.308674768,0.07408775688316793,0.07408775688316793,0.29780060706748523,FALSE,FALSE
1984-10-01,Weddell,1.404170222,0.17407568525369532,0.17407568525369532,0.29780060706748523,FALSE,FALSE
1984-10-02,Weddell,1.368537003,0.142837974364026,0.142837974364026,0.29780060706748523,FALSE,FALSE
1984-10-04,Weddell,1.393848462,0.17652624002008066,0.17652624002008066,0.29780060706748523,FALSE,FALSE
1984-10-06,Weddell,1.413151492,0.20353128937755205,0.20353128937755205,0.29780060706748523,FALSE,FALSE
1984-10-08,Weddell,1.410163464,0.20769135600338884,0.20769135600338884,0.29780060706748523,FALSE,FALSE
1984-10-10,Weddell,1.445136274,0.2494400803157999,0.2494400803157999,0.29780060706748523,FALSE,FALSE
1984-10-12,Weddell,1.482978455,0.2938677397329954,0.2938677397329954,0.29780060706748523,FALSE,FALSE
1984-10-14,Weddell,1.467232499,0.2846985706731864,0.2846985706731864,0.29780060706748523,FALSE,FALSE
1984-10-16,Weddell,1.420853578,0.2450694895545813,0.2450694895545813,0.29780060706748523,FALSE,FALSE
1984-10-18,Weddell,1.422170281,0.25347964160939385,0.25347964160939385,0.29780060706748523,FALSE,FALSE
1984-10-20,Weddell,1.413143026,0.2519653732671685,0.2519653732671685,0.29780060706748523,FALSE,FALSE
1984-10-22,Weddell,1.36248968,0.2092728986450223,0.2092728986450223,0.29780060706748523,FALSE,FALSE
1984-10-24,Weddell,1.315330529,0.1705504904592665,0.1705504904592665,0.29780060706748523,FALSE,FALSE
1984-10-26,Weddell,1.255345684,0.11950624642620956,0.11950624642620956,0.29780060706748523,FALSE,FALSE
1984-10-28,Weddell,1.220165496,0.09379850426216364,0.09379850426216364,0.29780060706748523,FALSE,FALSE
1984-10-30,Weddell,1.184896525,0.06856115754085446,0.06856115754085446,0.29780060706748523,FALSE,FALSE
1984-11-01,Weddell,1.156407292,0.05067229484675084,0.05067229484675084,0.29780060706748523,FALSE,FALSE
1984-11-03,Weddell,1.113848104,0.01927235194958454,0.01927235194958454,0.29780060706748523,FALSE,FALSE
1984-11-05,Weddell,1.027712776,-0.05515571593807711,0.05515571593807711,0.29780060706748523,FALSE,FALSE
1984-11-07,Weddell,1.002139946,-0.06848413060366765,0.06848413060366765,0.29780060706748523,FALSE,FALSE
1984-11-09,Weddell,0.989903853,-0.06794951283461992,0.06794951283461992,0.29780060706748523,FALSE,FALSE
1984-11-11,Weddell,0.954405807,-0.09016131647780644,0.09016131647780644,0.29780060706748523,FALSE,FALSE
1984-11-13,Weddell,0.888129778,-0.1426165523603019,0.1426165523603019,0.29780060706748523,FALSE,FALSE
1984-11-15,Weddell,0.88503736,-0.1312627816011166,0.1312627816011166,0.29780060706748523,FALSE,FALSE
1984-11-17,Weddell,0.878850701,-0.12227640106089056,0.12227640106089056,0.29780060706748523,FALSE,FALSE
1984-11-19,Weddell,0.913274968,-0.07185078860026572,0.07185078860026572,0.29780060706748523,FALSE,FALSE
1984-11-21,Weddell,0.932307932,-0.03588671807988375,0.03588671807988375,0.29780060706748523,FALSE,FALSE
1984-11-23,Weddell,0.92982485,-0.02040747736038528,0.02040747736038528,0.29780060706748523,FALSE,FALSE
1984-11-25,Weddell,0.894781742,-0.03638529832773074,0.03638529832773074,0.29780060706748523,FALSE,FALSE
1984-11-27,Weddell,0.867696354,-0.04340187888926505,0.04340187888926505,0.29780060706748523,FALSE,FALSE
1984-11-29,Weddell,0.860911991,-0.02927455261946132,0.02927455261946132,0.29780060706748523,FALSE,FALSE
1984-12-01,Weddell,0.870721787,0.0021290990927858,0.0021290990927858,0.29780060706748523,FALSE,FALSE
1984-12-03,Weddell,0.887980747,0.04150336585858294,0.04150336585858294,0.29780060706748523,FALSE,FALSE
1984-12-05,Weddell,0.899062199,0.07506086028903569,0.07506086028903569,0.29780060706748523,FALSE,FALSE
1984-12-07,Weddell,0.871420331,0.07009575254324685,0.07009575254324685,0.29780060706748523,FALSE,FALSE
1984-12-09,Weddell,0.837006078,0.05840998935869546,0.05840998935869546,0.29780060706748523,FALSE,FALSE
1984-12-11,Weddell,0.8019278,0.04597174651391911,0.04597174651391911,0.29780060706748523,FALSE,FALSE
1984-12-13,Weddell,0.744538582,0.01099417012898462,0.01099417012898462,0.29780060706748523,FALSE,FALSE
1984-12-15,Weddell,0.67897236,-0.03252874267604,0.03252874267604,0.29780060706748523,FALSE,FALSE
1984-12-17,Weddell,0.620690135,-0.06927592978108743,0.06927592978108743,0.29780060706748523,FALSE,FALSE
1984-12-19,Weddell,0.611990821,-0.0570878309536702,0.0570878309536702,0.29780060706748523,FALSE,FALSE
1984-12-21,Weddell,0.583419771,-0.06551054432075598,0.06551054432075598,0.29780060706748523,FALSE,FALSE
1984-12-23,Weddell,0.582137239,-0.04739254202177645,0.04739254202177645,0.29780060706748523,FALSE,FALSE
1984-12-25,Weddell,0.568401936,-0.04247563106811303,0.04247563106811303,0.29780060706748523,FALSE,FALSE
1984-12-27,Weddell,0.557822952,-0.03515123947114684,0.03515123947114684,0.29780060706748523,FALSE,FALSE
1984-12-29,Weddell,0.564656678,-0.01116349424225959,0.01116349424225959,0.29780060706748523,FALSE,FALSE
1984-12-31,Weddell,0.568457827,0.00904179960716933,0.00904179960716933,0.29780060706748523,FALSE,FALSE
1985-01-01,Weddell,0.556743392,-0.00267263539283058,0.00267263539283058,0.29780060706748523,FALSE,FALSE
1985-01-02,Weddell,0.575939365,0.02444539812543345,0.02444539812543345,0.29780060706748523,FALSE,FALSE
1985-01-04,Weddell,0.572222248,0.03604181760883762,0.03604181760883762,0.29780060706748523,FALSE,FALSE
1985-01-06,Weddell,0.552947011,0.0314263539214209,0.0314263539214209,0.29780060706748523,FALSE,FALSE
1985-01-08,Weddell,0.54987277,0.04242254254319588,0.04242254254319588,0.29780060706748523,FALSE,FALSE
1985-01-10,Weddell,0.560484267,0.06657954495417351,0.06657954495417351,0.29780060706748523,FALSE,FALSE
1985-01-12,Weddell,0.569825014,0.08900529263436818,0.08900529263436818,0.29780060706748523,FALSE,FALSE
1985-01-14,Weddell,0.574809408,0.10667861850633352,0.10667861850633352,0.29780060706748523,FALSE,FALSE
1985-01-16,Weddell,0.58038916,0.12461886749082056,0.12461886749082056,0.29780060706748523,FALSE,FALSE
1985-01-18,Weddell,0.577274931,0.13361133324591767,0.13361133324591767,0.29780060706748523,FALSE,FALSE
1985-01-20,Weddell,0.571075713,0.1393405666167593,0.1393405666167593,0.29780060706748523,FALSE,FALSE
1985-01-22,Weddell,0.558623201,0.138713821448481,0.138713821448481,0.29780060706748523,FALSE,FALSE
1985-01-24,Weddell,0.538078952,0.1299682135862179,0.1299682135862179,0.29780060706748523,FALSE,FALSE
1985-01-26,Weddell,0.510717285,0.11445362087510567,0.11445362087510567,0.29780060706748523,FALSE,FALSE
1985-01-28,Weddell,0.514425222,0.1301038464760383,0.1301038464760383,0.29780060706748523,FALSE,FALSE
1985-01-30,Weddell,0.499488158,0.1271018164179949,0.1271018164179949,0.29780060706748523,FALSE,FALSE
1985-02-01,Weddell,0.500734045,0.14012477669690504,0.14012477669690504,0.29780060706748523,FALSE,FALSE
1985-02-03,Weddell,0.491998561,0.14285767514640008,0.14285767514640008,0.29780060706748523,FALSE,FALSE
1985-02-05,Weddell,0.483228126,0.14509620160011089,0.14509620160011089,0.29780060706748523,FALSE,FALSE
1985-02-07,Weddell,0.4732539,0.14552078589166878,0.14552078589166878,0.29780060706748523,FALSE,FALSE
1985-02-09,Weddell,0.460709381,0.14261750397224038,0.14261750397224038,0.29780060706748523,FALSE,FALSE
1985-02-11,Weddell,0.47006999,0.16076001441594123,0.16076001441594123,0.29780060706748523,FALSE,FALSE
1985-02-13,Weddell,0.46189645,0.16044056090808784,0.16044056090808784,0.29780060706748523,FALSE,FALSE
1985-02-15,Weddell,0.463711806,0.16911446412447023,0.16911446412447023,0.29780060706748523,FALSE,FALSE
1985-02-17,Weddell,0.4799318,0.1911297417408781,0.1911297417408781,0.29780060706748523,FALSE,FALSE
1985-02-19,Weddell,0.487837089,0.20369932643310068,0.20369932643310068,0.29780060706748523,FALSE,FALSE
1985-02-21,Weddell,0.489838632,0.20916692529756617,0.20916692529756617,0.29780060706748523,FALSE,FALSE
1985-02-23,Weddell,0.477376481,0.1989348929252757,0.1989348929252757,0.29780060706748523,FALSE,FALSE
1985-02-25,Weddell,0.475522817,0.19808423156611715,0.19808423156611715,0.29780060706748523,FALSE,FALSE
1985-02-27,Weddell,0.484848237,0.20719844512674956,0.20719844512674956,0.29780060706748523,FALSE,FALSE
1985-03-01,Weddell,0.486730999,0.20766869851383207,0.20766869851383207,0.29780060706748523,FALSE,FALSE
1985-03-03,Weddell,0.478632741,0.19696953663402375,0.19696953663402375,0.29780060706748523,FALSE,FALSE
1985-03-05,Weddell,0.481751929,0.19631233326607656,0.19631233326607656,0.29780060706748523,FALSE,FALSE
1985-03-07,Weddell,0.471166339,0.18081131518602955,0.18081131518602955,0.29780060706748523,FALSE,FALSE
1985-03-09,Weddell,0.433733839,0.13744572985532189,0.13744572985532189,0.29780060706748523,FALSE,FALSE
1985-03-11,Weddell,0.418683687,0.11558535890032172,0.11558535890032172,0.29780060706748523,FALSE,FALSE
1985-03-13,Weddell,0.410551246,0.0999060889473995,0.0999060889473995,0.29780060706748523,FALSE,FALSE
1985-03-15,Weddell,0.411233912,0.0924458396229242,0.0924458396229242,0.29780060706748523,FALSE,FALSE
1985-03-17,Weddell,0.40937599,0.08198943955326493,0.08198943955326493,0.29780060706748523,FALSE,FALSE
1985-03-19,Weddell,0.405613179,0.06930503419289097,0.06930503419289097,0.29780060706748523,FALSE,FALSE
1985-03-21,Weddell,0.404426431,0.05893366168257247,0.05893366168257247,0.29780060706748523,FALSE,FALSE
1985-03-23,Weddell,0.413825262,0.05890677512764114,0.05890677512764114,0.29780060706748523,FALSE,FALSE
1985-03-25,Weddell,0.416359367,0.05179566376481204,0.05179566376481204,0.29780060706748523,FALSE,FALSE
1985-03-27,Weddell,0.466900789,0.09249396483079864,0.09249396483079864,0.29780060706748523,FALSE,FALSE
1985-03-29,Weddell,0.48626773,0.10184147456231613,0.10184147456231613,0.29780060706748523,FALSE,FALSE
1985-03-31,Weddell,0.486890204,0.09228815000839764,0.09228815000839764,0.29780060706748523,FALSE,FALSE
1985-04-01,Weddell,0.501274032,0.10151965497782588,0.10151965497782588,0.29780060706748523,FALSE,FALSE
1985-04-02,Weddell,0.481258967,0.07629561304213639,0.07629561304213639,0.29780060706748523,FALSE,FALSE
1985-04-04,Weddell,0.505550098,0.08995463583820007,0.08995463583820007,0.29780060706748523,FALSE,FALSE
1985-04-06,Weddell,0.53097174,0.10438497616218152,0.10438497616218152,0.29780060706748523,FALSE,FALSE
1985-04-08,Weddell,0.518521875,0.08049623077967355,0.08049623077967355,0.29780060706748523,FALSE,FALSE
1985-04-10,Weddell,0.483093686,0.03309319745626882,0.03309319745626882,0.29780060706748523,FALSE,FALSE
1985-04-12,Weddell,0.459461995,-0.00313752033982567,0.00313752033982567,0.29780060706748523,FALSE,FALSE
1985-04-14,Weddell,0.481342731,0.0054998974256803,0.0054998974256803,0.29780060706748523,FALSE,FALSE
1985-04-16,Weddell,0.503797074,0.01421904344350399,0.01421904344350399,0.29780060706748523,FALSE,FALSE
1985-04-18,Weddell,0.499448,-0.00417779044623478,0.00417779044623478,0.29780060706748523,FALSE,FALSE
1985-04-20,Weddell,0.490684249,-0.02712254840341615,0.02712254840341615,0.29780060706748523,FALSE,FALSE
1985-04-22,Weddell,0.468195863,-0.06374587258792058,0.06374587258792058,0.29780060706748523,FALSE,FALSE
1985-04-24,Weddell,0.448821908,-0.09702938115962834,0.09702938115962834,0.29780060706748523,FALSE,FALSE
1985-04-26,Weddell,0.503791404,-0.05559196811227462,0.05559196811227462,0.29780060706748523,FALSE,FALSE
1985-04-28,Weddell,0.516872537,-0.05567885609190082,0.05567885609190082,0.29780060706748523,FALSE,FALSE
1985-04-30,Weddell,0.538045773,-0.04738516935746328,0.04738516935746328,0.29780060706748523,FALSE,FALSE
1985-05-01,Weddell,0.665868169,0.07408197209241818,0.07408197209241818,0.29780060706748523,FALSE,FALSE
1985-05-02,Weddell,0.533059126,-0.06503859570131787,0.06503859570131787,0.29780060706748523,FALSE,FALSE
1985-05-04,Weddell,0.513725109,-0.09690232391581945,0.09690232391581945,0.29780060706748523,FALSE,FALSE
1985-05-06,Weddell,0.504378961,-0.11871681679332502,0.11871681679332502,0.29780060706748523,FALSE,FALSE
1985-05-08,Weddell,0.480104459,-0.15547839499481664,0.15547839499481664,0.29780060706748523,FALSE,FALSE
1985-05-10,Weddell,0.473189746,-0.17505360766033734,0.17505360766033734,0.29780060706748523,FALSE,FALSE
1985-05-12,Weddell,0.498113524,-0.16318074169219732,0.16318074169219732,0.29780060706748523,FALSE,FALSE
1985-05-14,Weddell,0.564830424,-0.11012406626652917,0.11012406626652917,0.29780060706748523,FALSE,FALSE
1985-05-16,Weddell,0.613207503,-0.07623542455946397,0.07623542455946397,0.29780060706748523,FALSE,FALSE
1985-05-18,Weddell,0.649796946,-0.05518153174713336,0.05518153174713336,0.29780060706748523,FALSE,FALSE
1985-05-20,Weddell,0.671476077,-0.05030208434252714,0.05030208434252714,0.29780060706748523,FALSE,FALSE
1985-05-22,Weddell,0.668339771,-0.07154078835273925,0.07154078835273925,0.29780060706748523,FALSE,FALSE
1985-05-24,Weddell,0.700499336,-0.05850201121587783,0.05850201121587783,0.29780060706748523,FALSE,FALSE
1985-05-26,Weddell,0.730089705,-0.04873249622872511,0.04873249622872511,0.29780060706748523,FALSE,FALSE
1985-05-28,Weddell,0.739231934,-0.05979286368806491,0.05979286368806491,0.29780060706748523,FALSE,FALSE
1985-05-30,Weddell,0.736055412,-0.08323540089067927,0.08323540089067927,0.29780060706748523,FALSE,FALSE
1985-06-01,Weddell,0.731479732,-0.1078221911333518,0.1078221911333518,0.29780060706748523,FALSE,FALSE
1985-06-03,Weddell,0.666819222,-0.19198966462439804,0.19198966462439804,0.29780060706748523,FALSE,FALSE
1985-06-05,Weddell,0.629350224,-0.24850323672670627,0.24850323672670627,0.29780060706748523,FALSE,FALSE
1985-06-07,Weddell,0.7183793,-0.1781747131371466,0.1781747131371466,0.29780060706748523,FALSE,FALSE
1985-06-09,Weddell,0.779921643,-0.1351072689256163,0.1351072689256163,0.29780060706748523,FALSE,FALSE
1985-06-11,Weddell,0.780195443,-0.1532010821620109,0.1532010821620109,0.29780060706748523,FALSE,FALSE
1985-06-13,Weddell,0.768196277,-0.18357894391622753,0.18357894391622753,0.29780060706748523,FALSE,FALSE
1985-06-15,Weddell,0.749005934,-0.2212575081534709,0.2212575081534709,0.29780060706748523,FALSE,FALSE
1985-06-17,Weddell,0.764782452,-0.2239638591774693,0.2239638591774693,0.29780060706748523,FALSE,FALSE
1985-06-19,Weddell,0.793543446,-0.213436100699529,0.213436100699529,0.29780060706748523,FALSE,FALSE
1985-06-21,Weddell,0.7728961,-0.25182095175578845,0.25182095175578845,0.29780060706748523,FALSE,FALSE
1985-06-23,Weddell,0.726242102,-0.31547062738238696,0.31547062738238696,0.29780060706748523,TRUE,FALSE
1985-06-25,Weddell,0.71650122,-0.34121926261546465,0.34121926261546465,0.29780060706748523,TRUE,FALSE
1985-06-27,Weddell,0.834792545,-0.23770579386761329,0.23770579386761329,0.29780060706748523,FALSE,FALSE
1985-06-29,Weddell,0.863742481,-0.2222254952124555,0.2222254952124555,0.29780060706748523,FALSE,FALSE
1985-07-01,Weddell,0.85758988,-0.2406757189427443,0.2406757189427443,0.29780060706748523,FALSE,FALSE
1985-07-03,Weddell,0.908575978,-0.20096596714266535,0.20096596714266535,0.29780060706748523,FALSE,FALSE
1985-07-05,Weddell,1.008203694,-0.11174405889640626,0.11174405889640626,0.29780060706748523,FALSE,FALSE
1985-07-07,Weddell,1.020918805,-0.10871495528815256,0.10871495528815256,0.29780060706748523,FALSE,FALSE
1985-07-09,Weddell,1.047313129,-0.09143756886687936,0.09143756886687936,0.29780060706748523,FALSE,FALSE
1985-07-11,Weddell,1.057886938,-0.08955324336431758,0.08955324336431758,0.29780060706748523,FALSE,FALSE
1985-07-13,Weddell,1.105214298,-0.05060271682796857,0.05060271682796857,0.29780060706748523,FALSE,FALSE
1985-07-15,Weddell,1.103343096,-0.06064800116057278,0.06064800116057278,0.29780060706748523,FALSE,FALSE
1985-07-17,Weddell,1.140773193,-0.03129913426487274,0.03129913426487274,0.29780060706748523,FALSE,FALSE
1985-07-19,Weddell,1.203235241,0.02306463695639093,0.02306463695639093,0.29780060706748523,FALSE,FALSE
1985-07-21,Weddell,1.175859139,-0.01253668739952318,0.01253668739952318,0.29780060706748523,FALSE,FALSE
1985-07-23,Weddell,1.113720909,-0.08311840841565532,0.08311840841565532,0.29780060706748523,FALSE,FALSE
1985-07-25,Weddell,1.150087449,-0.05537213432360777,0.05537213432360777,0.29780060706748523,FALSE,FALSE
1985-07-27,Weddell,1.163968042,-0.05018926469076112,0.05018926469076112,0.29780060706748523,FALSE,FALSE
1985-07-29,Weddell,1.120061125,-0.10277180694443212,0.10277180694443212,0.29780060706748523,FALSE,FALSE
1985-07-31,Weddell,1.164793994,-0.06659290951193797,0.06659290951193797,0.29780060706748523,FALSE,FALSE
1985-08-01,Weddell,1.310664733,0.07507757495308565,0.07507757495308565,0.29780060706748523,FALSE,FALSE
1985-08-02,Weddell,1.233574688,-0.00614497782059397,0.00614497782059397,0.29780060706748523,FALSE,FALSE
1985-08-04,Weddell,1.358412047,0.11067685821450524,0.11067685821450524,0.29780060706748523,FALSE,FALSE
1985-08-06,Weddell,1.36316352,0.10775119736244654,0.10775119736244654,0.29780060706748523,FALSE,FALSE
1985-08-08,Weddell,1.334740459,0.07193895466552491,0.07193895466552491,0.29780060706748523,FALSE,FALSE
1985-08-10,Weddell,1.277785195,0.00782915781389781,0.00782915781389781,0.29780060706748523,FALSE,FALSE
1985-08-12,Weddell,1.258118919,-0.01881030550227747,0.01881030550227747,0.29780060706748523,FALSE,FALSE
1985-08-14,Weddell,1.284383497,6.091274071584607e-4,6.091274071584607e-4,0.29780060706748523,FALSE,FALSE
1985-08-16,Weddell,1.252633088,-0.03791113881807417,0.03791113881807417,0.29780060706748523,FALSE,FALSE
1985-08-18,Weddell,1.215110656,-0.08209366153005404,0.08209366153005404,0.29780060706748523,FALSE,FALSE
1985-08-20,Weddell,1.155637166,-0.14790103991430015,0.14790103991430015,0.29780060706748523,FALSE,FALSE
1985-08-22,Weddell,1.164064789,-0.14524189836747792,0.14524189836747792,0.29780060706748523,FALSE,FALSE
1985-08-24,Weddell,1.230184357,-0.08408620028624969,0.08408620028624969,0.29780060706748523,FALSE,FALSE
1985-08-26,Weddell,1.27434893,-0.04384168106727948,0.04384168106727948,0.29780060706748523,FALSE,FALSE
1985-08-28,Weddell,1.283273599,-0.03755404510722959,0.03755404510722959,0.29780060706748523,FALSE,FALSE
1985-08-30,Weddell,1.338482844,0.01648318105642143,0.01648318105642143,0.29780060706748523,FALSE,FALSE
1985-09-01,Weddell,1.325774834,0.00396855422818598,0.00396855422818598,0.29780060706748523,FALSE,FALSE
1985-09-03,Weddell,1.342741403,0.02230779789730563,0.02230779789730563,0.29780060706748523,FALSE,FALSE
1985-09-05,Weddell,1.35437414,0.03630636730000503,0.03630636730000503,0.29780060706748523,FALSE,FALSE
1985-09-07,Weddell,1.386442206,0.07154728967250734,0.07154728967250734,0.29780060706748523,FALSE,FALSE
1985-09-09,Weddell,1.443037319,0.13193614925103825,0.13193614925103825,0.29780060706748523,FALSE,FALSE
1985-09-11,Weddell,1.468065138,0.16120354817278448,0.16120354817278448,0.29780060706748523,FALSE,FALSE
1985-09-13,Weddell,1.419241269,0.11703322047820408,0.11703322047820408,0.29780060706748523,FALSE,FALSE
1985-09-15,Weddell,1.356016427,0.05894372712090501,0.05894372712090501,0.29780060706748523,FALSE,FALSE
1985-09-17,Weddell,1.330313736,0.03892806326879139,0.03892806326879139,0.29780060706748523,FALSE,FALSE
1985-09-19,Weddell,1.318802664,0.03372556808976657,0.03372556808976657,0.29780060706748523,FALSE,FALSE
1985-09-21,Weddell,1.29819983,0.02012273175173629,0.02012273175173629,0.29780060706748523,FALSE,FALSE
1985-09-23,Weddell,1.304845981,0.03452800947690249,0.03452800947690249,0.29780060706748523,FALSE,FALSE
1985-09-25,Weddell,1.305489402,0.04363774249422492,0.04363774249422492,0.29780060706748523,FALSE,FALSE
1985-09-27,Weddell,1.256560832,0.00365086411993331,0.00365086411993331,0.29780060706748523,FALSE,FALSE
1985-09-29,Weddell,1.198128413,-0.04561112497430764,0.04561112497430764,0.29780060706748523,FALSE,FALSE
1985-10-01,Weddell,1.262453824,0.02786681288316805,0.02786681288316805,0.29780060706748523,FALSE,FALSE
1985-10-03,Weddell,1.32988448,0.10418545136402611,0.10418545136402611,0.29780060706748523,FALSE,FALSE
1985-10-05,Weddell,1.326282807,0.10896058502008056,0.10896058502008056,0.29780060706748523,FALSE,FALSE
1985-10-07,Weddell,1.360150377,0.15053017437755223,0.15053017437755223,0.29780060706748523,FALSE,FALSE
1985-10-09,Weddell,1.378258425,0.17578631700338887,0.17578631700338887,0.29780060706748523,FALSE,FALSE
1985-10-11,Weddell,1.416262257,0.2205660633158,0.2205660633158,0.29780060706748523,FALSE,FALSE
1985-10-13,Weddell,1.406618383,0.21750766773299543,0.21750766773299543,0.29780060706748523,FALSE,FALSE
1985-10-15,Weddell,1.365001114,0.18246718567318632,0.18246718567318632,0.29780060706748523,FALSE,FALSE
1985-10-17,Weddell,1.329947871,0.1541637825545812,0.1541637825545812,0.29780060706748523,FALSE,FALSE
1985-10-19,Weddell,1.256045145,0.08735450560939384,0.08735450560939384,0.29780060706748523,FALSE,FALSE
1985-10-21,Weddell,1.151487301,-0.0096903517328315,0.0096903517328315,0.29780060706748523,FALSE,FALSE
1985-10-23,Weddell,1.102371469,-0.05084531235497769,0.05084531235497769,0.29780060706748523,FALSE,FALSE
1985-10-25,Weddell,1.093791897,-0.05098814154073339,0.05098814154073339,0.29780060706748523,FALSE,FALSE
1985-10-27,Weddell,1.135405801,-4.3363657379025256e-4,4.3363657379025256e-4,0.29780060706748523,FALSE,FALSE
1985-10-29,Weddell,1.144691034,0.01832404226216377,0.01832404226216377,0.29780060706748523,FALSE,FALSE
1985-10-31,Weddell,1.116184,-1.5136745914556826e-4,1.5136745914556826e-4,0.29780060706748523,FALSE,FALSE
1985-11-01,Weddell,0.884885393,-0.22622032739252915,0.22622032739252915,0.29780060706748523,FALSE,FALSE
1985-11-02,Weddell,1.044829416,-0.06090558115324906,0.06090558115324906,0.29780060706748523,FALSE,FALSE
1985-11-04,Weddell,0.981182107,-0.11339364505041538,0.11339364505041538,0.29780060706748523,FALSE,FALSE
1985-11-06,Weddell,0.927820479,-0.15504801293807713,0.15504801293807713,0.29780060706748523,FALSE,FALSE
1985-11-08,Weddell,0.923436751,-0.14718732560366765,0.14718732560366765,0.29780060706748523,FALSE,FALSE
1985-11-10,Weddell,0.927693767,-0.13015959883461992,0.13015959883461992,0.29780060706748523,FALSE,FALSE
1985-11-12,Weddell,0.914238189,-0.13032893447780647,0.13032893447780647,0.29780060706748523,FALSE,FALSE
1985-11-14,Weddell,0.885471441,-0.14527488936030197,0.14527488936030197,0.29780060706748523,FALSE,FALSE
1985-11-16,Weddell,0.84916929,-0.16713085160111665,0.16713085160111665,0.29780060706748523,FALSE,FALSE
1985-11-18,Weddell,0.823243215,-0.17788388706089053,0.17788388706089053,0.29780060706748523,FALSE,FALSE
1985-11-20,Weddell,0.804158343,-0.1809674136002657,0.1809674136002657,0.29780060706748523,FALSE,FALSE
1985-11-22,Weddell,0.771978156,-0.19621649407988373,0.19621649407988373,0.29780060706748523,FALSE,FALSE
1985-11-24,Weddell,0.775065501,-0.17516682636038527,0.17516682636038527,0.29780060706748523,FALSE,FALSE
1985-11-26,Weddell,0.777593787,-0.15357325332773075,0.15357325332773075,0.29780060706748523,FALSE,FALSE
1985-11-28,Weddell,0.775814765,-0.13528346788926504,0.13528346788926504,0.29780060706748523,FALSE,FALSE
1985-11-30,Weddell,0.762888654,-0.1272978896194613,0.1272978896194613,0.29780060706748523,FALSE,FALSE
1985-12-01,Weddell,0.730223266,-0.14924157585683728,0.14924157585683728,0.29780060706748523,FALSE,FALSE
1985-12-02,Weddell,0.759281025,-0.10931166290721415,0.10931166290721415,0.29780060706748523,FALSE,FALSE
1985-12-04,Weddell,0.754971415,-0.09150596614141704,0.09150596614141704,0.29780060706748523,FALSE,FALSE
1985-12-06,Weddell,0.74071015,-0.0832911887109643,0.0832911887109643,0.29780060706748523,FALSE,FALSE
1985-12-08,Weddell,0.722734469,-0.07859010945675315,0.07859010945675315,0.29780060706748523,FALSE,FALSE
1985-12-10,Weddell,0.724638851,-0.05395723764130455,0.05395723764130455,0.29780060706748523,FALSE,FALSE
1985-12-12,Weddell,0.735111375,-0.02084467848608084,0.02084467848608084,0.29780060706748523,FALSE,FALSE
1985-12-14,Weddell,0.733265933,-2.7847887101539737e-4,2.7847887101539737e-4,0.29780060706748523,FALSE,FALSE
1985-12-16,Weddell,0.732708783,0.02120768032395992,0.02120768032395992,0.29780060706748523,FALSE,FALSE
1985-12-18,Weddell,0.725891514,0.0359254492189125,0.0359254492189125,0.29780060706748523,FALSE,FALSE
1985-12-20,Weddell,0.719690001,0.0506113490463298,0.0506113490463298,0.29780060706748523,FALSE,FALSE
1985-12-22,Weddell,0.701106335,0.05217601967924401,0.05217601967924401,0.29780060706748523,FALSE,FALSE
1985-12-24,Weddell,0.709819641,0.08028985997822347,0.08028985997822347,0.29780060706748523,FALSE,FALSE
1985-12-26,Weddell,0.721601451,0.11072388393188692,0.11072388393188692,0.29780060706748523,FALSE,FALSE
1985-12-28,Weddell,0.731454509,0.13848031752885315,0.13848031752885315,0.29780060706748523,FALSE,FALSE
1985-12-30,Weddell,0.715292629,0.13947245675774045,0.13947245675774045,0.29780060706748523,FALSE,FALSE
1986-01-01,Weddell,0.696155469,0.13673944160716944,0.13673944160716944,0.29780060706748523,FALSE,FALSE
1986-01-03,Weddell,0.690004806,0.14625335398098938,0.14625335398098938,0.29780060706748523,FALSE,FALSE
1986-01-05,Weddell,0.687524026,0.15875117644398185,0.15875117644398185,0.29780060706748523,FALSE,FALSE
1986-01-07,Weddell,0.675756952,0.16134115147615857,0.16134115147615857,0.29780060706748523,FALSE,FALSE
1986-01-09,Weddell,0.646626527,0.14601064155753285,0.14601064155753285,0.29780060706748523,FALSE,FALSE
1986-01-11,Weddell,0.638549259,0.1512405741681177,0.1512405741681177,0.29780060706748523,FALSE,FALSE
1986-01-13,Weddell,0.614902576,0.1404727967879255,0.1404727967879255,0.29780060706748523,FALSE,FALSE
1986-01-15,Weddell,0.594406609,0.13249251570507165,0.13249251570507165,0.29780060706748523,FALSE,FALSE
1986-01-17,Weddell,0.581997245,0.13230730271922203,0.13230730271922203,0.29780060706748523,FALSE,FALSE
1986-01-19,Weddell,0.568936888,0.13125507392654917,0.13125507392654917,0.29780060706748523,FALSE,FALSE
1986-01-21,Weddell,0.559603124,0.1337889741721891,0.1337889741721891,0.29780060706748523,FALSE,FALSE
1986-01-23,Weddell,0.565249363,0.15123797230127645,0.15123797230127645,0.29780060706748523,FALSE,FALSE
1986-01-25,Weddell,0.588861294,0.1866633161589466,0.1866633161589466,0.29780060706748523,FALSE,FALSE
1986-01-27,Weddell,0.598167985,0.2078669604334079,0.2078669604334079,0.29780060706748523,FALSE,FALSE
1986-01-29,Weddell,0.594404678,0.21606114389449935,0.21606114389449935,0.29780060706748523,FALSE,FALSE
1986-01-31,Weddell,0.570724688,0.204256048775729,0.204256048775729,0.29780060706748523,FALSE,FALSE
1986-02-01,Weddell,0.505514143,0.14490487469690505,0.14490487469690505,0.29780060706748523,FALSE,FALSE
1986-02-02,Weddell,0.537273473,0.1824464029107275,0.1824464029107275,0.29780060706748523,FALSE,FALSE
1986-02-04,Weddell,0.531677464,0.18810790713312647,0.18810790713312647,0.29780060706748523,FALSE,FALSE
1986-02-06,Weddell,0.535421055,0.2025742252765571,0.2025742252765571,0.29780060706748523,FALSE,FALSE
1986-02-08,Weddell,0.534156888,0.21134729349487297,0.21134729349487297,0.29780060706748523,FALSE,FALSE
1986-02-10,Weddell,0.519824507,0.20623532479277223,0.20623532479277223,0.29780060706748523,FALSE,FALSE
1986-02-12,Weddell,0.506118231,0.200855508301222,0.200855508301222,0.29780060706748523,FALSE,FALSE
1986-02-14,Weddell,0.488023789,0.19012584869601268,0.19012584869601268,0.29780060706748523,FALSE,FALSE
1986-02-16,Weddell,0.477451994,0.185889434652934,0.185889434652934,0.29780060706748523,FALSE,FALSE
1986-02-18,Weddell,0.478073892,0.19174958784777563,0.19174958784777563,0.29780060706748523,FALSE,FALSE
1986-02-20,Weddell,0.48365553,0.20140463095632732,0.20140463095632732,0.29780060706748523,FALSE,FALSE
1986-02-22,Weddell,0.497379134,0.21797668279144544,0.21797668279144544,0.29780060706748523,FALSE,FALSE
1986-02-24,Weddell,0.498598231,0.22081072706238877,0.22081072706238877,0.29780060706748523,FALSE,FALSE
1986-02-26,Weddell,0.494866028,0.2174728087997932,0.2174728087997932,0.29780060706748523,FALSE,FALSE
1986-02-28,Weddell,0.478688012,0.20048132191031848,0.20048132191031848,0.29780060706748523,FALSE,FALSE
1986-03-01,Weddell,0.471276414,0.19221411351383205,0.19221411351383205,0.29780060706748523,FALSE,FALSE
1986-03-02,Weddell,0.45871944,0.17850443030062307,0.17850443030062307,0.29780060706748523,FALSE,FALSE
1986-03-04,Weddell,0.441827545,0.1584222738773668,0.1584222738773668,0.29780060706748523,FALSE,FALSE
1986-03-06,Weddell,0.439941849,0.152180529109034,0.152180529109034,0.29780060706748523,FALSE,FALSE
1986-03-08,Weddell,0.452383713,0.15918057095036026,0.15918057095036026,0.29780060706748523,FALSE,FALSE
1986-03-10,Weddell,0.4661339,0.16654154035421004,0.16654154035421004,0.29780060706748523,FALSE,FALSE
1986-03-12,Weddell,0.479956232,0.17316778294695306,0.17316778294695306,0.29780060706748523,FALSE,FALSE
1986-03-14,Weddell,0.473164652,0.15851376535495793,0.15851376535495793,0.29780060706748523,FALSE,FALSE
1986-03-16,Weddell,0.47745777700000003,0.15441862820459443,0.15441862820459443,0.29780060706748523,FALSE,FALSE
1986-03-18,Weddell,0.467473918,0.13566092735734764,0.13566092735734764,0.29780060706748523,FALSE,FALSE
1986-03-20,Weddell,0.460043832,0.119174861208103,0.119174861208103,0.29780060706748523,FALSE,FALSE
1986-03-22,Weddell,0.473140897,0.12296405589588875,0.12296405589588875,0.29780060706748523,FALSE,FALSE
1986-03-24,Weddell,0.496900803,0.13718579565741906,0.13718579565741906,0.29780060706748523,FALSE,FALSE
1986-03-26,Weddell,0.481372697,0.11191082172940876,0.11191082172940876,0.29780060706748523,FALSE,FALSE
1986-03-28,Weddell,0.510100779,0.13070492834857125,0.13070492834857125,0.29780060706748523,FALSE,FALSE
1986-03-30,Weddell,0.501367182,0.11187184275162192,0.11187184275162192,0.29780060706748523,FALSE,FALSE
1986-04-01,Weddell,0.499504636,0.09975025897782593,0.09975025897782593,0.29780060706748523,FALSE,FALSE
1986-04-03,Weddell,0.504470955,0.0942309220470282,0.0942309220470282,0.29780060706748523,FALSE,FALSE
1986-04-05,Weddell,0.52380792,0.10276723026135116,0.10276723026135116,0.29780060706748523,FALSE,FALSE
1986-04-07,Weddell,0.59222591,0.15998117738638895,0.15998117738638895,0.29780060706748523,FALSE,FALSE
1986-04-09,Weddell,0.622022015,0.17808146818773346,0.17808146818773346,0.29780060706748523,FALSE,FALSE
1986-04-11,Weddell,0.603379956,0.14716343843097746,0.14716343843097746,0.29780060706748523,FALSE,FALSE
1986-04-13,Weddell,0.581646316,0.11249783362639544,0.11249783362639544,0.29780060706748523,FALSE,FALSE
1986-04-15,Weddell,0.593415861,0.110755706538045,0.110755706538045,0.29780060706748523,FALSE,FALSE
1986-04-17,Weddell,0.637476535,0.14090248762207236,0.14090248762207236,0.29780060706748523,FALSE,FALSE
1986-04-19,Weddell,0.652960575,0.1422497297185974,0.1422497297185974,0.29780060706748523,FALSE,FALSE
1986-04-21,Weddell,0.648618806,0.12372757366773957,0.12372757366773957,0.29780060706748523,FALSE,FALSE
1986-04-23,Weddell,0.628201193,0.08926530030961866,0.08926530030961866,0.29780060706748523,FALSE,FALSE
1986-04-25,Weddell,0.591555465,0.03888793708042348,0.03888793708042348,0.29780060706748523,FALSE,FALSE
1986-04-27,Weddell,0.551649124,-0.01435904892836803,0.01435904892836803,0.29780060706748523,FALSE,FALSE
1986-04-29,Weddell,0.583359838,0.00433734267308238,0.00433734267308238,0.29780060706748523,FALSE,FALSE
1986-05-01,Weddell,0.612610974,0.02082477709241814,0.02082477709241814,0.29780060706748523,FALSE,FALSE
1986-05-03,Weddell,0.656040114,0.05166513453728438,0.05166513453728438,0.29780060706748523,FALSE,FALSE
1986-05-05,Weddell,0.679616584,0.06275203921532535,0.06275203921532535,0.29780060706748523,FALSE,FALSE
1986-05-07,Weddell,0.697582812,0.06825220950560762,0.06825220950560762,0.29780060706748523,FALSE,FALSE
1986-05-09,Weddell,0.764322843,0.12244485945720696,0.12244485945720696,0.29780060706748523,FALSE,FALSE
1986-05-11,Weddell,0.781576379,0.12687005213053293,0.12687005213053293,0.29780060706748523,FALSE,FALSE
1986-05-13,Weddell,0.829629252,0.1615947193494539,0.1615947193494539,0.29780060706748523,FALSE,FALSE
1986-05-15,Weddell,0.882508711,0.20042720993783705,0.20042720993783705,0.29780060706748523,FALSE,FALSE
1986-05-17,Weddell,0.910063174,0.21299704171955147,0.21299704171955147,0.29780060706748523,FALSE,FALSE
1986-05-19,Weddell,0.900214615,0.1870072885184653,0.1870072885184653,0.29780060706748523,FALSE,FALSE
1986-05-21,Weddell,0.904486367,0.17380420061543334,0.17380420061543334,0.29780060706748523,FALSE,FALSE
1986-05-23,Weddell,1.001807624,0.2524740742158561,0.2524740742158561,0.29780060706748523,FALSE,FALSE
1986-05-25,Weddell,1.065471571,0.2966274098149613,0.2966274098149613,0.29780060706748523,FALSE,FALSE
1986-05-27,Weddell,1.084248207,0.2953525301159655,0.2953525301159655,0.29780060706748523,FALSE,FALSE
1986-05-29,Weddell,1.107345733,0.29817595982208644,0.29817595982208644,0.29780060706748523,TRUE,FALSE
1986-05-31,Weddell,1.09202868,0.26268055363654086,0.26268055363654086,0.29780060706748523,FALSE,FALSE
1986-06-01,Weddell,1.44795422,0.6086522968666481,0.6086522968666481,0.29780060706748523,TRUE,TRUE
1986-06-02,Weddell,1.162430494,0.3133098925830494,0.3133098925830494,0.29780060706748523,TRUE,TRUE
1986-06-04,Weddell,1.206086001,0.3377044266085957,0.3377044266085957,0.29780060706748523,TRUE,TRUE
1986-06-06,Weddell,1.271034756,0.3837954143609581,0.3837954143609581,0.29780060706748523,TRUE,TRUE
1986-06-08,Weddell,1.297140263,0.39132799177024047,0.39132799177024047,0.29780060706748523,TRUE,TRUE
1986-06-10,Weddell,1.321465135,0.3972464037665452,0.3972464037665452,0.29780060706748523,TRUE,TRUE
1986-06-12,Weddell,1.406660138,0.464083048279977,0.464083048279977,0.29780060706748523,TRUE,TRUE
1986-06-14,Weddell,1.402395149,0.44138984862054886,0.44138984862054886,0.29780060706748523,TRUE,TRUE
1986-06-16,Weddell,1.403456016,0.423935316207028,0.423935316207028,0.29780060706748523,TRUE,TRUE
1986-06-18,Weddell,1.405396399,0.4074868848135169,0.4074868848135169,0.29780060706748523,TRUE,TRUE
1986-06-20,Weddell,1.444984103,0.4290584564038751,0.4290584564038751,0.29780060706748523,TRUE,TRUE
1986-06-22,Weddell,1.432984369,0.3996613689419634,0.3996613689419634,0.29780060706748523,TRUE,TRUE
1986-06-24,Weddell,1.433094317,0.3832388393916428,0.3832388393916428,0.29780060706748523,TRUE,TRUE
1986-06-26,Weddell,1.426894225,0.361617242716773,0.361617242716773,0.29780060706748523,TRUE,TRUE
1986-06-28,Weddell,1.444904138,0.36551505750288493,0.36551505750288493,0.29780060706748523,TRUE,TRUE
1986-06-30,Weddell,1.570481053,0.4782271847258426,0.4782271847258426,0.29780060706748523,TRUE,TRUE
1986-07-01,Weddell,1.58107867,0.4828130710572556,0.4828130710572556,0.29780060706748523,TRUE,TRUE
1986-07-02,Weddell,1.588430382,0.4844083715212606,0.4844083715212606,0.29780060706748523,TRUE,TRUE
1986-07-04,Weddell,1.588977777,0.4741335318049531,0.4741335318049531,0.29780060706748523,TRUE,TRUE
1986-07-06,Weddell,1.537407167,0.41253585649273306,0.41253585649273306,0.29780060706748523,TRUE,TRUE
1986-07-08,Weddell,1.501974303,0.36772035850041296,0.36772035850041296,0.29780060706748523,TRUE,TRUE
1986-07-10,Weddell,1.508672942,0.365531552448757,0.365531552448757,0.29780060706748523,TRUE,TRUE
1986-07-12,Weddell,1.560865491,0.4092046803310547,0.4092046803310547,0.29780060706748523,TRUE,TRUE
1986-07-14,Weddell,1.598368012,0.43844548079577006,0.43844548079577006,0.29780060706748523,TRUE,TRUE
1986-07-16,Weddell,1.585783611,0.41774716094016107,0.41774716094016107,0.29780060706748523,TRUE,TRUE
1986-07-18,Weddell,1.571553579,0.3954411128614856,0.3954411128614856,0.29780060706748523,TRUE,TRUE
1986-07-20,Weddell,1.581670865,0.3974103866570027,0.3974103866570027,0.29780060706748523,TRUE,TRUE
1986-07-22,Weddell,1.577992122,0.3854027798746564,0.3854027798746564,0.29780060706748523,TRUE,TRUE
1986-07-24,Weddell,1.537235235,0.3361016890360615,0.3361016890360615,0.29780060706748523,TRUE,TRUE
1986-07-26,Weddell,1.559966626,0.3501616409519237,0.3501616409519237,0.29780060706748523,TRUE,TRUE
1986-07-28,Weddell,1.628642254,0.4101381501949248,0.4101381501949248,0.29780060706748523,TRUE,TRUE
1986-07-30,Weddell,1.665534328,0.4384029813377517,0.4384029813377517,0.29780060706748523,TRUE,TRUE
1986-08-01,Weddell,1.649395501,0.41380834295308566,0.41380834295308566,0.29780060706748523,TRUE,TRUE
1986-08-03,Weddell,1.63934385,0.39557186748303663,0.39557186748303663,0.29780060706748523,TRUE,TRUE
1986-08-05,Weddell,1.684772134,0.4331590528122182,0.4331590528122182,0.29780060706748523,TRUE,TRUE
1986-08-07,Weddell,1.70380402,0.4446644439514582,0.4446644439514582,0.29780060706748523,TRUE,TRUE
1986-08-09,Weddell,1.69532194,0.4289171695909144,0.4289171695909144,0.29780060706748523,TRUE,TRUE
1986-08-11,Weddell,1.681023286,0.40756131842074406,0.40756131842074406,0.29780060706748523,TRUE,TRUE
1986-08-13,Weddell,1.664322254,0.38395778313110496,0.38395778313110496,0.29780060706748523,TRUE,TRUE
1986-08-15,Weddell,1.632605507,0.34543992341215346,0.34543992341215346,0.29780060706748523,TRUE,TRUE
1986-08-17,Weddell,1.596773012,0.3028729148226781,0.3028729148226781,0.29780060706748523,TRUE,TRUE
1986-08-19,Weddell,1.596633584,0.29620659669914784,0.29620659669914784,0.29780060706748523,FALSE,FALSE
1986-08-21,Weddell,1.594202357,0.2876942842050181,0.2876942842050181,0.29780060706748523,FALSE,FALSE
1986-08-23,Weddell,1.616826189,0.30492203994362654,0.30492203994362654,0.29780060706748523,TRUE,TRUE
1986-08-25,Weddell,1.661681813,0.34530580151830903,0.34530580151830903,0.29780060706748523,TRUE,TRUE
1986-08-27,Weddell,1.678963488,0.359279032532402,0.359279032532402,0.29780060706748523,TRUE,TRUE
1986-08-29,Weddell,1.670525717,0.3489297635832267,0.3489297635832267,0.29780060706748523,TRUE,TRUE
1986-08-31,Weddell,1.656824047,0.3347620308448982,0.3347620308448982,0.29780060706748523,TRUE,TRUE
1986-09-01,Weddell,1.696761547,0.3749552672281859,0.3749552672281859,0.29780060706748523,TRUE,TRUE
1986-09-02,Weddell,1.610447537,0.28919181648581294,0.28919181648581294,0.29780060706748523,FALSE,FALSE
1986-09-04,Weddell,1.679232443,0.3598692427421939,0.3598692427421939,0.29780060706748523,TRUE,TRUE
1986-09-06,Weddell,1.704787494,0.3882169048502668,0.3882169048502668,0.29780060706748523,TRUE,TRUE
1986-09-08,Weddell,1.711298408,0.398234387046255,0.398234387046255,0.29780060706748523,TRUE,TRUE
1986-09-10,Weddell,1.717092097,0.4080625795315842,0.4080625795315842,0.29780060706748523,TRUE,TRUE
1986-09-12,Weddell,1.725262985,0.4206723068563283,0.4206723068563283,0.29780060706748523,TRUE,TRUE
1986-09-14,Weddell,1.737545434,0.4378404669344011,0.4378404669344011,0.29780060706748523,TRUE,TRUE
1986-09-16,Weddell,1.711033969,0.4167314559337061,0.4167314559337061,0.29780060706748523,TRUE,TRUE
1986-09-18,Weddell,1.643687866,0.3553744210221488,0.3553744210221488,0.29780060706748523,TRUE,TRUE
1986-09-20,Weddell,1.638074509,0.356406617367633,0.356406617367633,0.29780060706748523,TRUE,TRUE
1986-09-22,Weddell,1.645605271,0.3713092891380636,0.3713092891380636,0.29780060706748523,TRUE,TRUE
1986-09-24,Weddell,1.623881011,0.3577213579514946,0.3577213579514946,0.29780060706748523,TRUE,TRUE
1986-09-26,Weddell,1.58452303,0.3270982089390515,0.3270982089390515,0.29780060706748523,TRUE,TRUE
1986-09-28,Weddell,1.617075021,0.3687370908708272,0.3687370908708272,0.29780060706748523,TRUE,TRUE
1986-09-30,Weddell,1.618757179,0.3796115574184864,0.3796115574184864,0.29780060706748523,TRUE,TRUE
1986-10-01,Weddell,1.4527723320000001,0.2181853208831681,0.2181853208831681,0.29780060706748523,FALSE,FALSE
1986-10-02,Weddell,1.595809727,0.36571519025369525,0.36571519025369525,0.29780060706748523,TRUE,FALSE
1986-10-04,Weddell,1.569254082,0.3478227650481178,0.3478227650481178,0.29780060706748523,TRUE,FALSE
1986-10-06,Weddell,1.538488059,0.32509744631640936,0.32509744631640936,0.29780060706748523,TRUE,FALSE
1986-10-08,Weddell,1.486583369,0.2805950952557874,0.2805950952557874,0.29780060706748523,FALSE,FALSE
1986-10-10,Weddell,1.434006241,0.23495725367263495,0.23495725367263495,0.29780060706748523,FALSE,FALSE
1986-10-12,Weddell,1.445642607,0.2532515979851617,0.2532515979851617,0.29780060706748523,FALSE,FALSE
1986-10-14,Weddell,1.418086584,0.2322539896115785,0.2322539896115785,0.29780060706748523,FALSE,FALSE
1986-10-16,Weddell,1.366318445,0.18712644597009587,0.18712644597009587,0.29780060706748523,FALSE,FALSE
1986-10-18,Weddell,1.286781066,0.11449314420168966,0.11449314420168966,0.29780060706748523,FALSE,FALSE
1986-10-20,Weddell,1.239534118,0.07454573551804033,0.07454573551804033,0.29780060706748523,FALSE,FALSE
1986-10-22,Weddell,1.203164222,0.04590927019631641,0.04590927019631641,0.29780060706748523,FALSE,FALSE
1986-10-24,Weddell,1.213782824,0.06472318095282636,0.06472318095282636,0.29780060706748523,FALSE,FALSE
1986-10-26,Weddell,1.225409891,0.08503542150388155,0.08503542150388155,0.29780060706748523,FALSE,FALSE
1986-10-28,Weddell,1.235451652,0.1042802075657916,0.1042802075657916,0.29780060706748523,FALSE,FALSE
1986-10-30,Weddell,1.223783381,0.1023607998548659,0.1023607998548659,0.29780060706748523,FALSE,FALSE
1986-11-01,Weddell,1.217462851,0.10635713060747087,0.10635713060747087,0.29780060706748523,FALSE,FALSE
1986-11-03,Weddell,1.213599034,0.11337447878526508,0.11337447878526508,0.29780060706748523,FALSE,FALSE
1986-11-05,Weddell,1.253818842,0.16502889686627964,0.16502889686627964,0.29780060706748523,FALSE,FALSE
1986-11-07,Weddell,1.304646848,0.22783409806308308,0.22783409806308308,0.29780060706748523,FALSE,FALSE
1986-11-09,Weddell,1.308774069,0.244470239588241,0.244470239588241,0.29780060706748523,FALSE,FALSE
1986-11-11,Weddell,1.312458553,0.2611845096543213,0.2611845096543213,0.29780060706748523,FALSE,FALSE
1986-11-13,Weddell,1.341518837,0.30379027657194535,0.30379027657194535,0.29780060706748523,TRUE,TRUE
1986-11-15,Weddell,1.359487512,0.3358797606178707,0.3358797606178707,0.29780060706748523,TRUE,TRUE
1986-11-17,Weddell,1.40183665,0.3930258308751564,0.3930258308751564,0.29780060706748523,TRUE,TRUE
1986-11-19,Weddell,1.407237522,0.414001213483162,0.414001213483162,0.29780060706748523,TRUE,TRUE
1986-11-21,Weddell,1.39270351,0.4159207455812457,0.4159207455812457,0.29780060706748523,TRUE,TRUE
1986-11-23,Weddell,1.351234355,0.3918856233087662,0.3918856233087662,0.29780060706748523,TRUE,TRUE
1986-11-25,Weddell,1.334225205,0.3933900651988178,0.3933900651988178,0.29780060706748523,TRUE,TRUE
1986-11-27,Weddell,1.300283856,0.3790358144507794,0.3790358144507794,0.29780060706748523,TRUE,TRUE
1986-11-29,Weddell,1.242586739,0.3418490352285253,0.3418490352285253,0.29780060706748523,TRUE,TRUE
1986-12-01,Weddell,1.240210706,0.3607458641431628,0.3607458641431628,0.29780060706748523,TRUE,TRUE
1986-12-03,Weddell,1.222627706,0.3650375348057966,0.3650375348057966,0.29780060706748523,TRUE,TRUE
1986-12-05,Weddell,1.213616266,0.37834185882753313,0.37834185882753313,0.29780060706748523,TRUE,TRUE
1986-12-07,Weddell,1.188657918,0.3759796550379171,0.3759796550379171,0.29780060706748523,TRUE,TRUE
1986-12-09,Weddell,1.149388787,0.35943076410350383,0.35943076410350383,0.29780060706748523,TRUE,TRUE
1986-12-11,Weddell,1.154109817,0.38685354894883106,0.38685354894883106,0.29780060706748523,TRUE,TRUE
1986-12-13,Weddell,1.12160227,0.3768893326939672,0.3768893326939672,0.29780060706748523,TRUE,TRUE
1986-12-15,Weddell,1.090038338,0.3675703684589795,0.3675703684589795,0.29780060706748523,TRUE,TRUE
1986-12-17,Weddell,1.049820607,0.34915930336393475,0.34915930336393475,0.29780060706748523,TRUE,TRUE
1986-12-19,Weddell,1.057003326,0.3775704475289011,0.3775704475289011,0.29780060706748523,TRUE,TRUE
1986-12-21,Weddell,1.036604502,0.37769346127881787,0.37769346127881787,0.29780060706748523,TRUE,TRUE
1986-12-23,Weddell,1.004429524,0.3652929834961871,0.3652929834961871,0.29780060706748523,TRUE,TRUE
1986-12-25,Weddell,0.950476861,0.33036675937393145,0.33036675937393145,0.29780060706748523,TRUE,TRUE
1986-12-27,Weddell,0.927596556,0.3257643139006682,0.3257643139006682,0.29780060706748523,TRUE,TRUE
1986-12-29,Weddell,0.914812919,0.3305094390650184,0.3305094390650184,0.29780060706748523,TRUE,TRUE
1986-12-31,Weddell,0.879729882,0.3122055488555986,0.3122055488555986,0.29780060706748523,TRUE,TRUE
1987-01-01,Weddell,0.677448626,0.1180325986071694,0.1180325986071694,0.29780060706748523,FALSE,FALSE
1987-01-02,Weddell,0.848267995,0.2967740281254335,0.2967740281254335,0.29780060706748523,FALSE,FALSE
1987-01-04,Weddell,0.839742066,0.30356163560883764,0.30356163560883764,0.29780060706748523,TRUE,FALSE
1987-01-06,Weddell,0.807789858,0.28626920092142094,0.28626920092142094,0.29780060706748523,FALSE,FALSE
1987-01-08,Weddell,0.76758871,0.2601384825431958,0.2601384825431958,0.29780060706748523,FALSE,FALSE
1987-01-10,Weddell,0.731861104,0.23795638195417357,0.23795638195417357,0.29780060706748523,FALSE,FALSE
1987-01-12,Weddell,0.702794656,0.22197493463436824,0.22197493463436824,0.29780060706748523,FALSE,FALSE
1987-01-14,Weddell,0.679802241,0.21167145150633349,0.21167145150633349,0.29780060706748523,FALSE,FALSE
1987-01-16,Weddell,0.662533211,0.20676291849082057,0.20676291849082057,0.29780060706748523,FALSE,FALSE
1987-01-18,Weddell,0.645786318,0.2021227202459176,0.2021227202459176,0.29780060706748523,FALSE,FALSE
1987-01-20,Weddell,0.608098396,0.1763632496167593,0.1763632496167593,0.29780060706748523,FALSE,FALSE
1987-01-22,Weddell,0.580328321,0.160418941448481,0.160418941448481,0.29780060706748523,FALSE,FALSE
1987-01-24,Weddell,0.577220457,0.16910971858621793,0.16910971858621793,0.29780060706748523,FALSE,FALSE
1987-01-26,Weddell,0.5722501,0.17598643587510565,0.17598643587510565,0.29780060706748523,FALSE,FALSE
1987-01-28,Weddell,0.580327936,0.19600656047603832,0.19600656047603832,0.29780060706748523,FALSE,FALSE
1987-01-30,Weddell,0.559789992,0.1874036504179949,0.1874036504179949,0.29780060706748523,FALSE,FALSE
1987-02-01,Weddell,0.552885317,0.19227604869690507,0.19227604869690507,0.29780060706748523,FALSE,FALSE
1987-02-03,Weddell,0.566528673,0.21738778714640009,0.21738778714640009,0.29780060706748523,FALSE,FALSE
1987-02-05,Weddell,0.567694507,0.22956258260011092,0.22956258260011092,0.29780060706748523,FALSE,FALSE
1987-02-07,Weddell,0.548355042,0.2206219278916687,0.2206219278916687,0.29780060706748523,FALSE,FALSE
1987-02-09,Weddell,0.514919627,0.19682774997224045,0.19682774997224045,0.29780060706748523,FALSE,FALSE
1987-02-11,Weddell,0.488862752,0.17955277641594125,0.17955277641594125,0.29780060706748523,FALSE,FALSE
1987-02-13,Weddell,0.484563831,0.18310794190808785,0.18310794190808785,0.29780060706748523,FALSE,FALSE
1987-02-15,Weddell,0.475210773,0.1806134311244702,0.1806134311244702,0.29780060706748523,FALSE,FALSE
1987-02-17,Weddell,0.47147156,0.1826695017408781,0.1826695017408781,0.29780060706748523,FALSE,FALSE
1987-02-19,Weddell,0.489593394,0.2054556314331007,0.2054556314331007,0.29780060706748523,FALSE,FALSE
1987-02-21,Weddell,0.507714009,0.2270423022975661,0.2270423022975661,0.29780060706748523,FALSE,FALSE
1987-02-23,Weddell,0.507669429,0.22922784092527565,0.22922784092527565,0.29780060706748523,FALSE,FALSE
1987-02-25,Weddell,0.506412207,0.22897362156611717,0.22897362156611717,0.29780060706748523,FALSE,FALSE
1987-02-27,Weddell,0.495222743,0.21757295112674957,0.21757295112674957,0.29780060706748523,FALSE,FALSE
1987-03-01,Weddell,0.49038427,0.2113219695138321,0.2113219695138321,0.29780060706748523,FALSE,FALSE
1987-03-03,Weddell,0.499161619,0.2174984146340238,0.2174984146340238,0.29780060706748523,FALSE,FALSE
1987-03-05,Weddell,0.494834337,0.20939474126607657,0.20939474126607657,0.29780060706748523,FALSE,FALSE
1987-03-07,Weddell,0.494190817,0.20383579318602957,0.20383579318602957,0.29780060706748523,FALSE,FALSE
1987-03-09,Weddell,0.479841862,0.18355375285532188,0.18355375285532188,0.29780060706748523,FALSE,FALSE
1987-03-11,Weddell,0.481880427,0.1787820989003217,0.1787820989003217,0.29780060706748523,FALSE,FALSE
1987-03-13,Weddell,0.468816365,0.15817120794739953,0.15817120794739953,0.29780060706748523,FALSE,FALSE
1987-03-15,Weddell,0.463864943,0.14507687062292418,0.14507687062292418,0.29780060706748523,FALSE,FALSE
1987-03-17,Weddell,0.483240601,0.1558540505532649,0.1558540505532649,0.29780060706748523,FALSE,FALSE
1987-03-19,Weddell,0.522509642,0.18620149719289103,0.18620149719289103,0.29780060706748523,FALSE,FALSE
1987-03-21,Weddell,0.566671523,0.2211787536825725,0.2211787536825725,0.29780060706748523,FALSE,FALSE
1987-03-23,Weddell,0.607612515,0.25269402812764113,0.25269402812764113,0.29780060706748523,FALSE,FALSE
1987-03-25,Weddell,0.650467592,0.2859038887648121,0.2859038887648121,0.29780060706748523,FALSE,FALSE
1987-03-27,Weddell,0.715485687,0.3410788628307987,0.3410788628307987,0.29780060706748523,TRUE,TRUE
1987-03-29,Weddell,0.771069676,0.3866434205623161,0.3866434205623161,0.29780060706748523,TRUE,TRUE
1987-03-31,Weddell,0.806774625,0.4121725710083976,0.4121725710083976,0.29780060706748523,TRUE,TRUE
1987-04-01,Weddell,0.890903673,0.49114929597782586,0.49114929597782586,0.29780060706748523,TRUE,TRUE
1987-04-02,Weddell,0.80796531,0.40300195604213646,0.40300195604213646,0.29780060706748523,TRUE,TRUE
1987-04-04,Weddell,0.818485927,0.4028904648382001,0.4028904648382001,0.29780060706748523,TRUE,TRUE
1987-04-06,Weddell,0.841310603,0.41472383916218153,0.41472383916218153,0.29780060706748523,TRUE,TRUE
1987-04-08,Weddell,0.883630432,0.4456047877796735,0.4456047877796735,0.29780060706748523,TRUE,TRUE
1987-04-10,Weddell,0.920293405,0.4702929164562688,0.4702929164562688,0.29780060706748523,TRUE,TRUE
1987-04-12,Weddell,0.915963072,0.4533635566601744,0.4533635566601744,0.29780060706748523,TRUE,TRUE
1987-04-14,Weddell,0.927104321,0.45126148742568023,0.45126148742568023,0.29780060706748523,TRUE,TRUE
1987-04-16,Weddell,0.932051496,0.4424734654435041,0.4424734654435041,0.29780060706748523,TRUE,TRUE
1987-04-18,Weddell,0.903810504,0.4001847135537652,0.4001847135537652,0.29780060706748523,TRUE,TRUE
1987-04-20,Weddell,0.890767483,0.3729606855965838,0.3729606855965838,0.29780060706748523,TRUE,TRUE
1987-04-22,Weddell,0.864262765,0.3323210294120794,0.3323210294120794,0.29780060706748523,TRUE,TRUE
1987-04-24,Weddell,0.773897415,0.22804612584037165,0.22804612584037165,0.29780060706748523,FALSE,FALSE
1987-04-26,Weddell,0.733819958,0.17443658588772537,0.17443658588772537,0.29780060706748523,FALSE,FALSE
1987-04-28,Weddell,0.769095915,0.19654452190809912,0.19654452190809912,0.29780060706748523,FALSE,FALSE
1987-04-30,Weddell,0.781455203,0.19602426064253675,0.19602426064253675,0.29780060706748523,FALSE,FALSE
1987-05-01,Weddell,0.888284265,0.2964980680924182,0.2964980680924182,0.29780060706748523,FALSE,FALSE
1987-05-02,Weddell,0.807968167,0.20987044529868204,0.20987044529868204,0.29780060706748523,FALSE,FALSE
1987-05-04,Weddell,0.90950479,0.2988773570841805,0.2988773570841805,0.29780060706748523,TRUE,FALSE
1987-05-06,Weddell,0.959036336,0.335940558206675,0.335940558206675,0.29780060706748523,TRUE,FALSE
1987-05-08,Weddell,0.954699529,0.31911667500518337,0.31911667500518337,0.29780060706748523,TRUE,FALSE
1987-05-10,Weddell,0.903113292,0.25486993833966265,0.25486993833966265,0.29780060706748523,FALSE,FALSE
1987-05-12,Weddell,0.857563694,0.1962694283078027,0.1962694283078027,0.29780060706748523,FALSE,FALSE
1987-05-14,Weddell,0.821804892,0.14685040173347075,0.14685040173347075,0.29780060706748523,FALSE,FALSE
1987-05-16,Weddell,0.819340963,0.12989803544053602,0.12989803544053602,0.29780060706748523,FALSE,FALSE
1987-05-18,Weddell,0.868032835,0.16305435725286654,0.16305435725286654,0.29780060706748523,FALSE,FALSE
1987-05-20,Weddell,0.855510138,0.13373197665747283,0.13373197665747283,0.29780060706748523,FALSE,FALSE
1987-05-22,Weddell,0.774566871,0.03468631164726077,0.03468631164726077,0.29780060706748523,FALSE,FALSE
1987-05-24,Weddell,0.79742659,0.03842524278412218,0.03842524278412218,0.29780060706748523,FALSE,FALSE
1987-05-26,Weddell,0.815799092,0.03697689077127486,0.03697689077127486,0.29780060706748523,FALSE,FALSE
1987-05-28,Weddell,0.79341719,-0.00560760768806489,0.00560760768806489,0.29780060706748523,FALSE,FALSE
1987-05-30,Weddell,0.779167781,-0.04012303189067934,0.04012303189067934,0.29780060706748523,FALSE,FALSE
1987-06-01,Weddell,0.885457178,0.04615525486664818,0.04615525486664818,0.29780060706748523,FALSE,FALSE
1987-06-03,Weddell,0.935288641,0.07647975437560195,0.07647975437560195,0.29780060706748523,FALSE,FALSE
1987-06-05,Weddell,0.912445128,0.03459166727329377,0.03459166727329377,0.29780060706748523,FALSE,FALSE
1987-06-07,Weddell,0.97492197,0.07836795686285336,0.07836795686285336,0.29780060706748523,FALSE,FALSE
1987-06-09,Weddell,0.96729339,0.05226447807438372,0.05226447807438372,0.29780060706748523,FALSE,FALSE
1987-06-11,Weddell,0.959709132,0.02631260683798908,0.02631260683798908,0.29780060706748523,FALSE,FALSE
1987-06-13,Weddell,0.957147025,0.00537180408377246,0.00537180408377246,0.29780060706748523,FALSE,FALSE
1987-06-15,Weddell,1.010190534,0.03992709184652898,0.03992709184652898,0.29780060706748523,FALSE,FALSE
1987-06-17,Weddell,1.088284031,0.09953771982253068,0.09953771982253068,0.29780060706748523,FALSE,FALSE
1987-06-19,Weddell,1.09627659,0.08929704330047095,0.08929704330047095,0.29780060706748523,FALSE,FALSE
1987-06-21,Weddell,1.096619394,0.07190234224421155,0.07190234224421155,0.29780060706748523,FALSE,FALSE
1987-06-23,Weddell,1.112653781,0.070941051617613,0.070941051617613,0.29780060706748523,FALSE,FALSE
1987-06-25,Weddell,1.141227244,0.08350676138453528,0.08350676138453528,0.29780060706748523,FALSE,FALSE
1987-06-27,Weddell,1.191011216,0.11851287713238667,0.11851287713238667,0.29780060706748523,FALSE,FALSE
1987-06-29,Weddell,1.212661563,0.1266935867875445,0.1266935867875445,0.29780060706748523,FALSE,FALSE
1987-07-01,Weddell,1.162793867,0.06452826805725564,0.06452826805725564,0.29780060706748523,FALSE,FALSE
1987-07-03,Weddell,1.193916222,0.08437427685733456,0.08437427685733456,0.29780060706748523,FALSE,FALSE
1987-07-05,Weddell,1.25560284,0.13565508710359375,0.13565508710359375,0.29780060706748523,FALSE,FALSE
1987-07-07,Weddell,1.293782115,0.1641483547118474,0.1641483547118474,0.29780060706748523,FALSE,FALSE
1987-07-09,Weddell,1.36064545,0.2218947521331207,0.2218947521331207,0.29780060706748523,FALSE,FALSE
1987-07-11,Weddell,1.379278989,0.23183880763568232,0.23183880763568232,0.29780060706748523,FALSE,FALSE
1987-07-13,Weddell,1.388231538,0.2324145231720316,0.2324145231720316,0.29780060706748523,FALSE,FALSE
1987-07-15,Weddell,1.401719923,0.23772882583942723,0.23772882583942723,0.29780060706748523,FALSE,FALSE
1987-07-17,Weddell,1.418314537,0.24624220973512737,0.24624220973512737,0.29780060706748523,FALSE,FALSE
1987-07-19,Weddell,1.44796169,0.267791085956391,0.267791085956391,0.29780060706748523,FALSE,FALSE
1987-07-21,Weddell,1.456501492,0.2681056656004768,0.2681056656004768,0.29780060706748523,FALSE,FALSE
1987-07-23,Weddell,1.445551647,0.24871232958434475,0.24871232958434475,0.29780060706748523,FALSE,FALSE
1987-07-25,Weddell,1.405811754,0.20035217067639224,0.20035217067639224,0.29780060706748523,FALSE,FALSE
1987-07-27,Weddell,1.354844613,0.14068730630923887,0.14068730630923887,0.29780060706748523,FALSE,FALSE
1987-07-29,Weddell,1.275983319,0.05315038705556785,0.05315038705556785,0.29780060706748523,FALSE,FALSE
1987-07-31,Weddell,1.2777868,0.04639989648806186,0.04639989648806186,0.29780060706748523,FALSE,FALSE
1987-08-01,Weddell,1.29446621,0.05887905195308551,0.05887905195308551,0.29780060706748523,FALSE,FALSE
1987-08-02,Weddell,1.280488477,0.040768811179406,0.040768811179406,0.29780060706748523,FALSE,FALSE
1987-08-03,Weddell,1.3171045750000001,0.07333259248303681,0.07333259248303681,0.29780060706748523,FALSE,FALSE
1987-08-04,Weddell,1.33096373,0.08322854121450507,0.08322854121450507,0.29780060706748523,FALSE,FALSE
1987-08-05,Weddell,1.349412562,0.09779948081221825,0.09779948081221825,0.29780060706748523,FALSE,FALSE
1987-08-06,Weddell,1.360042177,0.10462985436244644,0.10462985436244644,0.29780060706748523,FALSE,FALSE
1987-08-07,Weddell,1.336277499,0.07713792295145816,0.07713792295145816,0.29780060706748523,FALSE,FALSE
1987-08-08,Weddell,1.359052185,0.09625068066552478,0.09625068066552478,0.29780060706748523,FALSE,FALSE
1987-08-09,Weddell,1.3694388,0.10303402959091446,0.10303402959091446,0.29780060706748523,FALSE,FALSE
1987-08-10,Weddell,1.355402126,0.0854460888138977,0.0854460888138977,0.29780060706748523,FALSE,FALSE
1987-08-11,Weddell,1.352441688,0.07897972042074408,0.07897972042074408,0.29780060706748523,FALSE,FALSE
1987-08-12,Weddell,1.34076022,0.06383099549772253,0.06383099549772253,0.29780060706748523,FALSE,FALSE
1987-08-13,Weddell,1.304818744,0.02445427313110504,0.02445427313110504,0.29780060706748523,FALSE,FALSE
1987-08-14,Weddell,1.276146326,-0.00762804359284152,0.00762804359284152,0.29780060706748523,FALSE,FALSE
1987-08-15,Weddell,1.216386741,-0.07077884258784661,0.07077884258784661,0.29780060706748523,FALSE,FALSE
1987-08-16,Weddell,1.148587048,-0.14195717881807424,0.14195717881807424,0.29780060706748523,FALSE,FALSE
1987-08-17,Weddell,1.110509941,-0.18339015617732213,0.18339015617732213,0.29780060706748523,FALSE,FALSE
1987-08-18,Weddell,1.076793702,-0.22041061553005403,0.22041061553005403,0.29780060706748523,FALSE,FALSE
1987-08-19,Weddell,1.087968765,-0.2124582223008522,0.2124582223008522,0.29780060706748523,FALSE,FALSE
1987-08-20,Weddell,1.186085835,-0.11745237091430004,0.11745237091430004,0.29780060706748523,FALSE,FALSE
1987-08-21,Weddell,1.269652108,-0.03685596479498176,0.03685596479498176,0.29780060706748523,FALSE,FALSE
1987-08-22,Weddell,1.31535023,0.00604354263252204,0.00604354263252204,0.29780060706748523,FALSE,FALSE
1987-08-23,Weddell,1.3250334,0.01312925094362649,0.01312925094362649,0.29780060706748523,FALSE,FALSE
1987-08-24,Weddell,1.332931307,0.01866074971375031,0.01866074971375031,0.29780060706748523,FALSE,FALSE
1987-08-25,Weddell,1.298337849,-0.01803816248169099,0.01803816248169099,0.29780060706748523,FALSE,FALSE
1987-08-26,Weddell,1.212026312,-0.10616429906727932,0.10616429906727932,0.29780060706748523,FALSE,FALSE
1987-08-27,Weddell,1.048417376,-0.271267079467598,0.271267079467598,0.29780060706748523,FALSE,FALSE
1987-08-28,Weddell,1.041314367,-0.2795132771072295,0.2795132771072295,0.29780060706748523,FALSE,FALSE
1987-08-29,Weddell,1.02756226,-0.2940336934167733,0.2940336934167733,0.29780060706748523,FALSE,FALSE
1987-08-30,Weddell,1.031481579,-0.2905180839435786,0.2905180839435786,0.29780060706748523,FALSE,FALSE
1987-08-31,Weddell,1.052553228,-0.2695087881551017,0.2695087881551017,0.29780060706748523,FALSE,FALSE
1987-09-01,Weddell,1.08993964,-0.23186663977181388,0.23186663977181388,0.29780060706748523,FALSE,FALSE
1987-09-02,Weddell,1.097383129,-0.22387259151418704,0.22387259151418704,0.29780060706748523,FALSE,FALSE
1987-09-03,Weddell,1.069864244,-0.25056936110269445,0.25056936110269445,0.29780060706748523,FALSE,FALSE
1987-09-04,Weddell,1.002899635,-0.3164635652578063,0.3164635652578063,0.29780060706748523,TRUE,FALSE
1987-09-05,Weddell,1.009298159,-0.3087696136999949,0.3087696136999949,0.29780060706748523,TRUE,FALSE
1987-09-06,Weddell,1.004291574,-0.3122790151497332,0.3122790151497332,0.29780060706748523,TRUE,FALSE
1987-09-07,Weddell,1.016711167,-0.2981837493274926,0.2981837493274926,0.29780060706748523,TRUE,FALSE
1987-09-08,Weddell,1.039506157,-0.27355786395374504,0.27355786395374504,0.29780060706748523,FALSE,FALSE
1987-09-09,Weddell,1.199685634,-0.1114155357489619,0.1114155357489619,0.29780060706748523,FALSE,FALSE
1987-09-10,Weddell,1.288002349,-0.02102716846841579,0.02102716846841579,0.29780060706748523,FALSE,FALSE
1987-09-11,Weddell,1.343975976,0.03711438617278451,0.03711438617278451,0.29780060706748523,FALSE,FALSE
1987-09-12,Weddell,1.377744017,0.07315333885632813,0.07315333885632813,0.29780060706748523,FALSE,FALSE
1987-09-13,Weddell,1.401183802,0.09897575347820407,0.09897575347820407,0.29780060706748523,FALSE,FALSE
1987-09-14,Weddell,1.40294959,0.10324462293440106,0.10324462293440106,0.29780060706748523,FALSE,FALSE
1987-09-15,Weddell,1.393694225,0.09662152512090504,0.09662152512090504,0.29780060706748523,FALSE,FALSE
1987-09-16,Weddell,1.350449878,0.05614736493370609,0.05614736493370609,0.29780060706748523,FALSE,FALSE
1987-09-17,Weddell,1.332338138,0.04095246526879137,0.04095246526879137,0.29780060706748523,FALSE,FALSE
1987-09-18,Weddell,1.311611913,0.02329846802214863,0.02329846802214863,0.29780060706748523,FALSE,FALSE
1987-09-19,Weddell,1.247290926,-0.03778616991023331,0.03778616991023331,0.29780060706748523,FALSE,FALSE
1987-09-20,Weddell,1.199993305,-0.08167458663236693,0.08167458663236693,0.29780060706748523,FALSE,FALSE
1987-09-21,Weddell,1.230673325,-0.04740377324826372,0.04740377324826372,0.29780060706748523,FALSE,FALSE
1987-09-22,Weddell,1.283569932,0.00927395013806364,0.00927395013806364,0.29780060706748523,FALSE,FALSE
1987-09-23,Weddell,1.309553186,0.03923521447690259,0.03923521447690259,0.29780060706748523,FALSE,FALSE
1987-09-24,Weddell,1.365292979,0.0991333259514946,0.0991333259514946,0.29780060706748523,FALSE,FALSE
1987-09-25,Weddell,1.365125188,0.10327352849422478,0.10327352849422478,0.29780060706748523,FALSE,FALSE
1987-09-26,Weddell,1.342222073,0.08479725193905163,0.08479725193905163,0.29780060706748523,FALSE,FALSE
1987-09-27,Weddell,1.334953259,0.08204329111993336,0.08204329111993336,0.29780060706748523,FALSE,FALSE
1987-09-28,Weddell,1.334476621,0.08613869087082726,0.08613869087082726,0.29780060706748523,FALSE,FALSE
1987-09-29,Weddell,1.344661279,0.1009217410256924,0.1009217410256924,0.29780060706748523,FALSE,FALSE
1987-09-30,Weddell,1.355991324,0.11684570241848656,0.11684570241848656,0.29780060706748523,FALSE,FALSE
1987-10-01,Weddell,1.355822445,0.12123543388316804,0.12123543388316804,0.29780060706748523,FALSE,FALSE
1987-10-02,Weddell,1.353267085,0.12317254825369515,0.12317254825369515,0.29780060706748523,FALSE,FALSE
1987-10-03,Weddell,1.326551249,0.10085222036402608,0.10085222036402608,0.29780060706748523,FALSE,FALSE
1987-10-04,Weddell,1.301148013,0.07971669604811771,0.07971669604811771,0.29780060706748523,FALSE,FALSE
1987-10-05,Weddell,1.299937678,0.08261545602008069,0.08261545602008069,0.29780060706748523,FALSE,FALSE
1987-10-06,Weddell,1.299418348,0.08602773531640917,0.08602773531640917,0.29780060706748523,FALSE,FALSE
1987-10-07,Weddell,1.253899585,0.04427938237755224,0.04427938237755224,0.29780060706748523,FALSE,FALSE
1987-10-08,Weddell,1.220304599,0.01431632525578741,0.01431632525578741,0.29780060706748523,FALSE,FALSE
1987-10-09,Weddell,1.204479097,0.00200698900338891,0.00200698900338891,0.29780060706748523,FALSE,FALSE
1987-10-10,Weddell,1.204540841,0.00549185367263493,0.00549185367263493,0.29780060706748523,FALSE,FALSE
1987-10-11,Weddell,1.207565807,0.01186961331579983,0.01186961331579983,0.29780060706748523,FALSE,FALSE
1987-10-12,Weddell,1.188719752,-0.00367125701483828,0.00367125701483828,0.29780060706748523,FALSE,FALSE
1987-10-13,Weddell,1.135318357,-0.05379235826700457,0.05379235826700457,0.29780060706748523,FALSE,FALSE
1987-10-14,Weddell,1.116069796,-0.0697627983884217,0.0697627983884217,0.29780060706748523,FALSE,FALSE
1987-10-15,Weddell,1.104094769,-0.07843915932681367,0.07843915932681367,0.29780060706748523,FALSE,FALSE
1987-10-16,Weddell,1.09135598,-0.08783601902990434,0.08783601902990434,0.29780060706748523,FALSE,FALSE
1987-10-17,Weddell,1.082972673,-0.09281141544541872,0.09281141544541872,0.29780060706748523,FALSE,FALSE
1987-10-18,Weddell,1.079323839,-0.09296408279831048,0.09296408279831048,0.29780060706748523,FALSE,FALSE
1987-10-19,Weddell,1.060388886,-0.10830175339060633,0.10830175339060633,0.29780060706748523,FALSE,FALSE
1987-10-20,Weddell,1.032219033,-0.1327693494819595,0.1327693494819595,0.29780060706748523,FALSE,FALSE
1987-10-21,Weddell,1.010762981,-0.1504146717328314,0.1504146717328314,0.29780060706748523,FALSE,FALSE
1987-10-22,Weddell,0.983986644,-0.17326830780368363,0.17326830780368363,0.29780060706748523,FALSE,FALSE
1987-10-23,Weddell,0.987675533,-0.16554124835497763,0.16554124835497763,0.29780060706748523,FALSE,FALSE
1987-10-24,Weddell,0.955788585,-0.1932710580471736,0.1932710580471736,0.29780060706748523,FALSE,FALSE
1987-10-25,Weddell,0.923933089,-0.22084694954073336,0.22084694954073336,0.29780060706748523,FALSE,FALSE
1987-10-26,Weddell,0.90739866,-0.2329758094961184,0.2329758094961184,0.29780060706748523,FALSE,FALSE
1987-10-27,Weddell,0.889590999,-0.2462484385737903,0.2462484385737903,0.29780060706748523,FALSE,FALSE
1987-10-28,Weddell,0.871788261,-0.2593831834342085,0.2593831834342085,0.29780060706748523,FALSE,FALSE
1987-10-29,Weddell,0.851511845,-0.2748551467378363,0.2748551467378363,0.29780060706748523,FALSE,FALSE
1987-10-30,Weddell,0.839177208,-0.2822453731451342,0.2822453731451342,0.29780060706748523,FALSE,FALSE
1987-10-31,Weddell,0.826811664,-0.2895237034591457,0.2895237034591457,0.29780060706748523,FALSE,FALSE
1987-11-01,Weddell,0.800868182,-0.3102375383925292,0.3102375383925292,0.29780060706748523,TRUE,TRUE
1987-11-02,Weddell,0.78186572,-0.3238692771532491,0.3238692771532491,0.29780060706748523,TRUE,TRUE
1987-11-03,Weddell,0.768964268,-0.331260287214735,0.331260287214735,0.29780060706748523,TRUE,TRUE
1987-11-04,Weddell,0.772077145,-0.32249860705041533,0.32249860705041533,0.29780060706748523,TRUE,TRUE
1987-11-05,Weddell,0.770868468,-0.31792147713372043,0.31792147713372043,0.29780060706748523,TRUE,TRUE
1987-11-06,Weddell,0.786316494,-0.29655199793807707,0.29655199793807707,0.29780060706748523,FALSE,FALSE
1987-11-07,Weddell,0.807909547,-0.26890320293691694,0.26890320293691694,0.29780060706748523,FALSE,FALSE
1987-11-08,Weddell,0.835002522,-0.23562155460366763,0.23562155460366763,0.29780060706748523,FALSE,FALSE
1987-11-09,Weddell,0.843626872,-0.22067695741175908,0.22067695741175908,0.29780060706748523,FALSE,FALSE
1987-11-10,Weddell,0.847951475,-0.20990189083461985,0.20990189083461985,0.29780060706748523,FALSE,FALSE
1987-11-11,Weddell,0.843670177,-0.20760386634567865,0.20760386634567865,0.29780060706748523,FALSE,FALSE
1987-11-12,Weddell,0.865833281,-0.17873384247780644,0.17873384247780644,0.29780060706748523,FALSE,FALSE
1987-11-13,Weddell,0.873217174,-0.16451138642805463,0.16451138642805463,0.29780060706748523,FALSE,FALSE
1987-11-14,Weddell,0.870212341,-0.16053398936030194,0.16053398936030194,0.29780060706748523,FALSE,FALSE
1987-11-15,Weddell,0.862857437,-0.1607503143821294,0.1607503143821294,0.29780060706748523,FALSE,FALSE
1987-11-16,Weddell,0.851145386,-0.1651547556011166,0.1651547556011166,0.29780060706748523,FALSE,FALSE
1987-11-17,Weddell,0.851755826,-0.1570549931248435,0.1570549931248435,0.29780060706748523,FALSE,FALSE
1987-11-18,Weddell,0.857294716,-0.14383238606089055,0.14383238606089055,0.29780060706748523,FALSE,FALSE
1987-11-19,Weddell,0.85668504,-0.13655126851683796,0.13655126851683796,0.29780060706748523,FALSE,FALSE
1987-11-20,Weddell,0.87820308,-0.10692267660026566,0.10692267660026566,0.29780060706748523,FALSE,FALSE
1987-11-21,Weddell,0.886816777,-0.08996598741875439,0.08996598741875439,0.29780060706748523,FALSE,FALSE
1987-11-22,Weddell,0.867146526,-0.10104812407988371,0.10104812407988371,0.29780060706748523,FALSE,FALSE
1987-11-23,Weddell,0.84377382,-0.1155749116912339,0.1155749116912339,0.29780060706748523,FALSE,FALSE
1987-11-24,Weddell,0.846843409,-0.10338891836038532,0.10338891836038532,0.29780060706748523,FALSE,FALSE
1987-11-25,Weddell,0.862830482,-0.07800465780118226,0.07800465780118226,0.29780060706748523,FALSE,FALSE
1987-11-26,Weddell,0.868354197,-0.06281284332773074,0.06281284332773074,0.29780060706748523,FALSE,FALSE
1987-11-27,Weddell,0.852981929,-0.06826611254922066,0.06826611254922066,0.29780060706748523,FALSE,FALSE
1987-11-28,Weddell,0.84066421,-0.07043402288926504,0.07043402288926504,0.29780060706748523,FALSE,FALSE
1987-11-29,Weddell,0.835094038,-0.06564366577147474,0.06564366577147474,0.29780060706748523,FALSE,FALSE
1987-11-30,Weddell,0.835099674,-0.05508686961946141,0.05508686961946141,0.29780060706748523,FALSE,FALSE
1987-12-01,Weddell,0.826466978,-0.05299786385683724,0.05299786385683724,0.29780060706748523,FALSE,FALSE
1987-12-02,Weddell,0.827045637,-0.04154705090721422,0.04154705090721422,0.29780060706748523,FALSE,FALSE
1988-01-14,Weddell,0.517830393,0.04969960350633351,0.04969960350633351,0.29780060706748523,FALSE,FALSE
1988-01-15,Weddell,0.512705451,0.05079135770507165,0.05079135770507165,0.29780060706748523,FALSE,FALSE
1988-01-16,Weddell,0.512729887,0.05695959449082061,0.05695959449082061,0.29780060706748523,FALSE,FALSE
1988-01-17,Weddell,0.519571409,0.06988146671922196,0.06988146671922196,0.29780060706748523,FALSE,FALSE
1988-01-18,Weddell,0.519553949,0.07589035124591759,0.07589035124591759,0.29780060706748523,FALSE,FALSE
1988-01-19,Weddell,0.513306875,0.07562506092654925,0.07562506092654925,0.29780060706748523,FALSE,FALSE
1988-01-20,Weddell,0.50692795,0.07519280361675929,0.07519280361675929,0.29780060706748523,FALSE,FALSE
1988-01-21,Weddell,0.484776296,0.05896214617218909,0.05896214617218909,0.29780060706748523,FALSE,FALSE
1988-01-22,Weddell,0.475412608,0.05550322844848104,0.05550322844848104,0.29780060706748523,FALSE,FALSE
1988-01-23,Weddell,0.459202414,0.0451910233012765,0.0451910233012765,0.29780060706748523,FALSE,FALSE
1988-01-24,Weddell,0.452344552,0.04423381358621792,0.04423381358621792,0.29780060706748523,FALSE,FALSE
1988-01-25,Weddell,0.457417917,0.05521993915894663,0.05521993915894663,0.29780060706748523,FALSE,FALSE
1988-01-26,Weddell,0.451176528,0.05491286387510569,0.05491286387510569,0.29780060706748523,FALSE,FALSE
1988-01-27,Weddell,0.447342377,0.05704135243340791,0.05704135243340791,0.29780060706748523,FALSE,FALSE
1988-01-28,Weddell,0.448123438,0.06380206247603831,0.06380206247603831,0.29780060706748523,FALSE,FALSE
1988-01-29,Weddell,0.461365041,0.08302150689449939,0.08302150689449939,0.29780060706748523,FALSE,FALSE
1988-01-30,Weddell,0.471564418,0.09917807641799486,0.09917807641799486,0.29780060706748523,FALSE,FALSE
1988-01-31,Weddell,0.459737716,0.09326907677572904,0.09326907677572904,0.29780060706748523,FALSE,FALSE
1988-02-01,Weddell,0.459005181,0.09839591269690506,0.09839591269690506,0.29780060706748523,FALSE,FALSE
1988-02-02,Weddell,0.457863334,0.10303626391072757,0.10303626391072757,0.29780060706748523,FALSE,FALSE
1988-02-03,Weddell,0.452985365,0.10384447914640003,0.10384447914640003,0.29780060706748523,FALSE,FALSE
1988-02-04,Weddell,0.447403222,0.10383366513312642,0.10383366513312642,0.29780060706748523,FALSE,FALSE
1988-02-05,Weddell,0.448633099,0.11050117460011089,0.11050117460011089,0.29780060706748523,FALSE,FALSE
1988-02-06,Weddell,0.446127468,0.1132806382765571,0.1132806382765571,0.29780060706748523,FALSE,FALSE
1988-02-07,Weddell,0.438506963,0.1107738488916688,0.1107738488916688,0.29780060706748523,FALSE,FALSE
1988-02-08,Weddell,0.430343414,0.1075338194948729,0.1075338194948729,0.29780060706748523,FALSE,FALSE
1988-02-09,Weddell,0.421702137,0.10361025997224038,0.10361025997224038,0.29780060706748523,FALSE,FALSE
1988-02-10,Weddell,0.421008318,0.10741913579277218,0.10741913579277218,0.29780060706748523,FALSE,FALSE
1988-02-11,Weddell,0.424185113,0.11487513741594124,0.11487513741594124,0.29780060706748523,FALSE,FALSE
1988-02-12,Weddell,0.418527183,0.11326446030122206,0.11326446030122206,0.29780060706748523,FALSE,FALSE
1988-02-13,Weddell,0.420371795,0.11891590590808782,0.11891590590808782,0.29780060706748523,FALSE,FALSE
1988-02-14,Weddell,0.420919226,0.12302128569601269,0.12302128569601269,0.29780060706748523,FALSE,FALSE
1988-02-15,Weddell,0.423389417,0.12879207512447022,0.12879207512447022,0.29780060706748523,FALSE,FALSE
1988-02-16,Weddell,0.4233554,0.131792840652934,0.131792840652934,0.29780060706748523,FALSE,FALSE
1988-02-17,Weddell,0.414517569,0.12571551074087806,0.12571551074087806,0.29780060706748523,FALSE,FALSE
1988-02-18,Weddell,0.418924997,0.13260069284777565,0.13260069284777565,0.29780060706748523,FALSE,FALSE
1988-02-19,Weddell,0.42142593,0.13728816743310068,0.13728816743310068,0.29780060706748523,FALSE,FALSE
1988-02-20,Weddell,0.406302188,0.12405128895632732,0.12405128895632732,0.29780060706748523,FALSE,FALSE
1988-02-21,Weddell,0.410244758,0.12957305129756613,0.12957305129756613,0.29780060706748523,FALSE,FALSE
1988-02-22,Weddell,0.403178222,0.12377577079144542,0.12377577079144542,0.29780060706748523,FALSE,FALSE
1988-02-23,Weddell,0.376104159,0.09766257092527564,0.09766257092527564,0.29780060706748523,FALSE,FALSE
1988-02-24,Weddell,0.37971326,0.10192575606238874,0.10192575606238874,0.29780060706748523,FALSE,FALSE
1988-02-25,Weddell,0.382831253,0.10539266756611716,0.10539266756611716,0.29780060706748523,FALSE,FALSE
1988-02-26,Weddell,0.395426622,0.1180334027997932,0.1180334027997932,0.29780060706748523,FALSE,FALSE
1988-02-27,Weddell,0.41619061,0.13854081812674957,0.13854081812674957,0.29780060706748523,FALSE,FALSE
1988-02-28,Weddell,0.426223367,0.1480166769103185,0.1480166769103185,0.29780060706748523,FALSE,FALSE
1988-03-01,Weddell,0.437239526,0.15702451630062308,0.15702451630062308,0.29780060706748523,FALSE,FALSE
1988-03-02,Weddell,0.460399224,0.1787360196340238,0.1787360196340238,0.29780060706748523,FALSE,FALSE
1988-03-03,Weddell,0.463479673,0.1800744018773668,0.1800744018773668,0.29780060706748523,FALSE,FALSE
1988-03-04,Weddell,0.477320164,0.19188056826607652,0.19188056826607652,0.29780060706748523,FALSE,FALSE
1988-03-05,Weddell,0.461093895,0.173332575109034,0.173332575109034,0.29780060706748523,FALSE,FALSE
1988-03-06,Weddell,0.44608699,0.15573196618602958,0.15573196618602958,0.29780060706748523,FALSE,FALSE
1988-03-07,Weddell,0.439871414,0.14666827195036025,0.14666827195036025,0.29780060706748523,FALSE,FALSE
1988-03-08,Weddell,0.428577178,0.13228906885532188,0.13228906885532188,0.29780060706748523,FALSE,FALSE
1988-03-09,Weddell,0.447357298,0.14776493835421006,0.14776493835421006,0.29780060706748523,FALSE,FALSE
1988-03-10,Weddell,0.461843943,0.15874561490032169,0.15874561490032169,0.29780060706748523,FALSE,FALSE
1988-03-11,Weddell,0.464344063,0.15755561394695303,0.15755561394695303,0.29780060706748523,FALSE,FALSE
1988-03-12,Weddell,0.466220435,0.1555752779473995,0.1555752779473995,0.29780060706748523,FALSE,FALSE
1988-03-13,Weddell,0.454359963,0.13970907635495788,0.13970907635495788,0.29780060706748523,FALSE,FALSE
1988-03-14,Weddell,0.448737253,0.1299491806229242,0.1299491806229242,0.29780060706748523,FALSE,FALSE
1988-03-15,Weddell,0.446868924,0.12382977520459444,0.12382977520459444,0.29780060706748523,FALSE,FALSE
1988-03-16,Weddell,0.443727359,0.1163408085532649,0.1163408085532649,0.29780060706748523,FALSE,FALSE
1988-03-17,Weddell,0.464370826,0.13255783535734766,0.13255783535734766,0.29780060706748523,FALSE,FALSE
1988-03-18,Weddell,0.474940769,0.13863262419289096,0.13863262419289096,0.29780060706748523,FALSE,FALSE
1988-03-19,Weddell,0.484977165,0.144108194208103,0.144108194208103,0.29780060706748523,FALSE,FALSE
1988-03-20,Weddell,0.488724377,0.14323160768257248,0.14323160768257248,0.29780060706748523,FALSE,FALSE
1988-03-21,Weddell,0.495595846,0.14541900489588877,0.14541900489588877,0.29780060706748523,FALSE,FALSE
1988-03-22,Weddell,0.507451254,0.15253276712764113,0.15253276712764113,0.29780060706748523,FALSE,FALSE
1988-03-23,Weddell,0.509304965,0.14958995765741906,0.14958995765741906,0.29780060706748523,FALSE,FALSE
1988-03-24,Weddell,0.508080788,0.14351708476481206,0.14351708476481206,0.29780060706748523,FALSE,FALSE
1988-03-25,Weddell,0.504369632,0.1349077567294087,0.1349077567294087,0.29780060706748523,FALSE,FALSE
1988-03-26,Weddell,0.485063679,0.11065685483079868,0.11065685483079868,0.29780060706748523,FALSE,FALSE
1988-03-27,Weddell,0.520585311,0.14118946034857133,0.14118946034857133,0.29780060706748523,FALSE,FALSE
1988-03-28,Weddell,0.522456732,0.1380304765623161,0.1380304765623161,0.29780060706748523,FALSE,FALSE
1988-03-29,Weddell,0.493188908,0.10369356875162196,0.10369356875162196,0.29780060706748523,FALSE,FALSE
1988-03-30,Weddell,0.5100248,0.11542274600839758,0.11542274600839758,0.29780060706748523,FALSE,FALSE
1988-03-31,Weddell,0.540497042,0.14074266497782595,0.14074266497782595,0.29780060706748523,FALSE,FALSE
1988-04-01,Weddell,0.544857928,0.1398945740421364,0.1398945740421364,0.29780060706748523,FALSE,FALSE
1988-04-02,Weddell,0.546128096,0.13588806304702816,0.13588806304702816,0.29780060706748523,FALSE,FALSE
1988-04-03,Weddell,0.556714126,0.14111866383820015,0.14111866383820015,0.29780060706748523,FALSE,FALSE
1988-04-04,Weddell,0.592144736,0.17110404626135112,0.17110404626135112,0.29780060706748523,FALSE,FALSE
1988-04-05,Weddell,0.597099681,0.17051291716218148,0.17051291716218148,0.29780060706748523,FALSE,FALSE
1988-04-06,Weddell,0.600837738,0.16859300538638888,0.16859300538638888,0.29780060706748523,FALSE,FALSE
1988-04-07,Weddell,0.630645625,0.19261998077967352,0.19261998077967352,0.29780060706748523,FALSE,FALSE
1988-04-08,Weddell,0.660401359,0.21646081218773344,0.21646081218773344,0.29780060706748523,FALSE,FALSE
1988-04-09,Weddell,0.672151369,0.22215088045626885,0.22215088045626885,0.29780060706748523,FALSE,FALSE
1988-04-10,Weddell,0.669045725,0.21282920743097744,0.21282920743097744,0.29780060706748523,FALSE,FALSE
1988-04-11,Weddell,0.660342002,0.19774248666017435,0.19774248666017435,0.29780060706748523,FALSE,FALSE
1988-04-12,Weddell,0.664654628,0.19550614562639537,0.19550614562639537,0.29780060706748523,FALSE,FALSE
1988-04-13,Weddell,0.641650781,0.16580794742568022,0.16580794742568022,0.29780060706748523,FALSE,FALSE
1988-04-14,Weddell,0.629849201,0.147189046538045,0.147189046538045,0.29780060706748523,FALSE,FALSE
1988-04-15,Weddell,0.632405519,0.142827488443504,0.142827488443504,0.29780060706748523,FALSE,FALSE
1988-04-16,Weddell,0.631210466,0.13463641862207232,0.13463641862207232,0.29780060706748523,FALSE,FALSE
1988-04-17,Weddell,0.634354662,0.13072887155376522,0.13072887155376522,0.29780060706748523,FALSE,FALSE
1988-04-18,Weddell,0.634967457,0.12425661171859737,0.12425661171859737,0.29780060706748523,FALSE,FALSE
1988-04-19,Weddell,0.61759006,0.09978326259658388,0.09978326259658388,0.29780060706748523,FALSE,FALSE
1988-04-20,Weddell,0.625030949,0.10013971666773958,0.10013971666773958,0.29780060706748523,FALSE,FALSE
1988-04-21,Weddell,0.62998185,0.09804011441207938,0.09804011441207938,0.29780060706748523,FALSE,FALSE
1988-04-22,Weddell,0.634931161,0.09599526830961869,0.09599526830961869,0.29780060706748523,FALSE,FALSE
1988-04-23,Weddell,0.628718417,0.08286712784037165,0.08286712784037165,0.29780060706748523,FALSE,FALSE
1988-04-24,Weddell,0.623115833,0.07044830508042343,0.07044830508042343,0.29780060706748523,FALSE,FALSE
1988-04-25,Weddell,0.597644805,0.03826143288772532,0.03826143288772532,0.29780060706748523,FALSE,FALSE
1988-04-26,Weddell,0.600133619,0.03412544607163192,0.03412544607163192,0.29780060706748523,FALSE,FALSE
1988-04-27,Weddell,0.604560729,0.03200933590809918,0.03200933590809918,0.29780060706748523,FALSE,FALSE
1988-04-28,Weddell,0.613913344,0.03489084867308234,0.03489084867308234,0.29780060706748523,FALSE,FALSE
1988-04-29,Weddell,0.624459966,0.03902902364253669,0.03902902364253669,0.29780060706748523,FALSE,FALSE
1988-04-30,Weddell,0.622600481,0.03081428409241815,0.03081428409241815,0.29780060706748523,FALSE,FALSE
1988-05-01,Weddell,0.615145427,0.01704770529868204,0.01704770529868204,0.29780060706748523,FALSE,FALSE
1988-05-02,Weddell,0.597151549,-0.00722343046271556,0.00722343046271556,0.29780060706748523,FALSE,FALSE
1988-05-03,Weddell,0.597155666,-0.01347176691581941,0.01347176691581941,0.29780060706748523,FALSE,FALSE
1988-05-04,Weddell,0.607709064,-0.00915548078467465,0.00915548078467465,0.29780060706748523,FALSE,FALSE
1988-05-05,Weddell,0.670339404,0.047243626206674993,0.047243626206674993,0.29780060706748523,FALSE,FALSE
1988-05-06,Weddell,0.674677729,0.04534712650560757,0.04534712650560757,0.29780060706748523,FALSE,FALSE
1988-05-07,Weddell,0.703712106,0.06812925200518338,0.06812925200518338,0.29780060706748523,FALSE,FALSE
1988-05-08,Weddell,0.712882435,0.07100445145720702,0.07100445145720702,0.29780060706748523,FALSE,FALSE
1988-05-09,Weddell,0.693641718,0.0453983643396626,0.0453983643396626,0.29780060706748523,FALSE,FALSE
1988-05-10,Weddell,0.693019088,0.03831276113053294,0.03831276113053294,0.29780060706748523,FALSE,FALSE
1988-05-11,Weddell,0.693019591,0.0317253253078027,0.0317253253078027,0.29780060706748523,FALSE,FALSE
1988-05-12,Weddell,0.71345655,0.04542201734945383,0.04542201734945383,0.29780060706748523,FALSE,FALSE
1988-05-13,Weddell,0.732521289,0.05756679873347081,0.05756679873347081,0.29780060706748523,FALSE,FALSE
1988-05-14,Weddell,0.748638849,0.06655734793783707,0.06655734793783707,0.29780060706748523,FALSE,FALSE
1988-05-15,Weddell,0.761675735,0.07223280744053595,0.07223280744053595,0.29780060706748523,FALSE,FALSE
1988-05-16,Weddell,0.777817112,0.08075097971955147,0.08075097971955147,0.29780060706748523,FALSE,FALSE
1988-05-17,Weddell,0.767349368,0.06237089025286657,0.06237089025286657,0.29780060706748523,FALSE,FALSE
1988-05-18,Weddell,0.806217408,0.09301008151846524,0.09301008151846524,0.29780060706748523,FALSE,FALSE
1988-05-19,Weddell,0.828991425,0.10721326365747286,0.10721326365747286,0.29780060706748523,FALSE,FALSE
1988-05-20,Weddell,0.866452765,0.1357705986154334,0.1357705986154334,0.29780060706748523,FALSE,FALSE
1988-05-21,Weddell,0.866457947,0.1265773876472608,0.1265773876472608,0.29780060706748523,FALSE,FALSE
1988-05-22,Weddell,0.834477237,0.08514368721585608,0.08514368721585608,0.29780060706748523,FALSE,FALSE
1988-05-23,Weddell,0.806149491,0.04714814378412213,0.04714814378412213,0.29780060706748523,FALSE,FALSE
1988-05-24,Weddell,0.766102898,-0.00274126318503875,0.00274126318503875,0.29780060706748523,FALSE,FALSE
1988-05-25,Weddell,0.732805192,-0.04601700922872509,0.04601700922872509,0.29780060706748523,FALSE,FALSE
1988-05-26,Weddell,0.704986582,-0.08390909488403442,0.08390909488403442,0.29780060706748523,FALSE,FALSE
1988-05-27,Weddell,0.687662357,-0.11136244068806488,0.11136244068806488,0.29780060706748523,FALSE,FALSE
1988-05-28,Weddell,0.689510056,-0.11965971717791356,0.11965971717791356,0.29780060706748523,FALSE,FALSE
1988-05-29,Weddell,0.743253347,-0.07603746589067928,0.07603746589067928,0.29780060706748523,FALSE,FALSE
1988-05-30,Weddell,0.799968496,-0.02937963036345925,0.02937963036345925,0.29780060706748523,FALSE,FALSE
1988-05-31,Weddell,0.803013236,-0.03628868713335187,0.03628868713335187,0.29780060706748523,FALSE,FALSE
1988-06-01,Weddell,0.823402982,-0.02571761941695072,0.02571761941695072,0.29780060706748523,FALSE,FALSE
1988-06-02,Weddell,0.881078605,0.02226971837560198,0.02226971837560198,0.29780060706748523,FALSE,FALSE
1988-06-03,Weddell,0.890784565,0.02240299060859563,0.02240299060859563,0.29780060706748523,FALSE,FALSE
1988-06-04,Weddell,0.891240252,0.01338679127329378,0.01338679127329378,0.29780060706748523,FALSE,FALSE
1988-06-05,Weddell,0.867712428,-0.0195269136390418,0.0195269136390418,0.29780060706748523,FALSE,FALSE
1988-06-06,Weddell,0.835501442,-0.06105257113714668,0.06105257113714668,0.29780060706748523,FALSE,FALSE
1988-06-07,Weddell,0.813783494,-0.09202877722975944,0.09202877722975944,0.29780060706748523,FALSE,FALSE
1988-06-08,Weddell,0.796658053,-0.11837085892561627,0.11837085892561627,0.29780060706748523,FALSE,FALSE
1988-06-09,Weddell,0.821816466,-0.10240226523345476,0.10240226523345476,0.29780060706748523,FALSE,FALSE
1988-06-10,Weddell,0.812762959,-0.12063356616201092,0.12063356616201092,0.29780060706748523,FALSE,FALSE
1988-06-11,Weddell,0.783855904,-0.15872118572002292,0.15872118572002292,0.29780060706748523,FALSE,FALSE
1988-06-12,Weddell,0.748067835,-0.2037073859162276,0.2037073859162276,0.29780060706748523,FALSE,FALSE
1988-06-13,Weddell,0.731405328,-0.22959997237945107,0.22959997237945107,0.29780060706748523,FALSE,FALSE
1988-06-14,Weddell,0.730806367,-0.23945707515347092,0.23945707515347092,0.29780060706748523,FALSE,FALSE
1988-06-15,Weddell,0.769744887,-0.20977581279297208,0.20977581279297208,0.29780060706748523,FALSE,FALSE
1988-06-16,Weddell,0.803092476,-0.18565383517746925,0.18565383517746925,0.29780060706748523,FALSE,FALSE
1988-06-17,Weddell,0.886705449,-0.11120406518648308,0.11120406518648308,0.29780060706748523,FALSE,FALSE
1988-06-18,Weddell,0.913649397,-0.09333014969952902,0.09333014969952902,0.29780060706748523,FALSE,FALSE
1988-06-19,Weddell,0.916727502,-0.09919814459612486,0.09919814459612486,0.29780060706748523,FALSE,FALSE
1988-06-20,Weddell,0.909392136,-0.1153249157557884,0.1153249157557884,0.29780060706748523,FALSE,FALSE
1988-06-21,Weddell,0.881269841,-0.1520531590580364,0.1520531590580364,0.29780060706748523,FALSE,FALSE
1988-06-22,Weddell,0.863503372,-0.17820935738238686,0.17820935738238686,0.29780060706748523,FALSE,FALSE
1988-06-23,Weddell,0.826613293,-0.2232421846083571,0.2232421846083571,0.29780060706748523,FALSE,FALSE
1988-06-24,Weddell,0.808695665,-0.2490248176154647,0.2490248176154647,0.29780060706748523,FALSE,FALSE
1988-06-25,Weddell,0.793850078,-0.27142690428322713,0.27142690428322713,0.29780060706748523,FALSE,FALSE
1988-06-26,Weddell,0.790730018,-0.2817683208676133,0.2817683208676133,0.29780060706748523,FALSE,FALSE
1988-06-27,Weddell,0.878249689,-0.20113939149711513,0.20113939149711513,0.29780060706748523,FALSE,FALSE
1988-06-28,Weddell,0.945767384,-0.1402005922124554,0.1402005922124554,0.29780060706748523,FALSE,FALSE
1988-06-29,Weddell,0.97022753,-0.12202633827415744,0.12202633827415744,0.29780060706748523,FALSE,FALSE
1988-06-30,Weddell,0.985458263,-0.1128073359427444,0.1128073359427444,0.29780060706748523,FALSE,FALSE
1988-07-01,Weddell,0.976830064,-0.12719194647873944,0.12719194647873944,0.29780060706748523,FALSE,FALSE
1988-07-02,Weddell,0.968204473,-0.14133747214266534,0.14133747214266534,0.29780060706748523,FALSE,FALSE
1988-07-03,Weddell,0.956481153,-0.15836309219504685,0.15836309219504685,0.29780060706748523,FALSE,FALSE
1988-07-04,Weddell,0.942975319,-0.17697243389640638,0.17697243389640638,0.29780060706748523,FALSE,FALSE
1988-07-05,Weddell,0.971844938,-0.15302637250726692,0.15302637250726692,0.29780060706748523,FALSE,FALSE
1988-07-06,Weddell,0.99499712,-0.1346366402881526,0.1346366402881526,0.29780060706748523,FALSE,FALSE
1988-07-07,Weddell,0.99119335,-0.14306059449958697,0.14306059449958697,0.29780060706748523,FALSE,FALSE
1988-07-08,Weddell,0.970876538,-0.16787415986687937,0.16787415986687937,0.29780060706748523,FALSE,FALSE
1988-07-09,Weddell,0.946334127,-0.19680726255124303,0.19680726255124303,0.29780060706748523,FALSE,FALSE
1988-07-10,Weddell,0.924151921,-0.2232882603643176,0.2232882603643176,0.29780060706748523,FALSE,FALSE
1988-07-11,Weddell,0.882909026,-0.2687517846689452,0.2687517846689452,0.29780060706748523,FALSE,FALSE
1988-07-12,Weddell,0.880576242,-0.27524077282796855,0.27524077282796855,0.29780060706748523,FALSE,FALSE
1988-07-13,Weddell,0.879883837,-0.2800386942042299,0.2800386942042299,0.29780060706748523,FALSE,FALSE
1988-07-14,Weddell,0.896087669,-0.26790342816057267,0.26790342816057267,0.29780060706748523,FALSE,FALSE
1988-07-15,Weddell,0.899863513,-0.268172937059839,0.268172937059839,0.29780060706748523,FALSE,FALSE
1988-07-16,Weddell,0.906644086,-0.26542824126487274,0.26542824126487274,0.29780060706748523,FALSE,FALSE
1988-07-17,Weddell,0.928761187,-0.2473512791385143,0.2473512791385143,0.29780060706748523,FALSE,FALSE
1988-07-18,Weddell,0.974833246,-0.2053373580436091,0.2053373580436091,0.29780060706748523,FALSE,FALSE
1988-07-19,Weddell,1.009441611,-0.17481886734299734,0.17481886734299734,0.29780060706748523,FALSE,FALSE
1988-07-20,Weddell,1.037365164,-0.15103066239952323,0.15103066239952323,0.29780060706748523,FALSE,FALSE
1988-07-21,Weddell,1.054361907,-0.1382274351253434,0.1382274351253434,0.29780060706748523,FALSE,FALSE
1988-07-22,Weddell,1.067262999,-0.1295763184156553,0.1295763184156553,0.29780060706748523,FALSE,FALSE
1988-07-23,Weddell,1.076268713,-0.12486483296393858,0.12486483296393858,0.29780060706748523,FALSE,FALSE
1988-07-24,Weddell,1.041322239,-0.1641373443236076,0.1641373443236076,0.29780060706748523,FALSE,FALSE
1988-07-25,Weddell,1.002869407,-0.2069355780480764,0.2069355780480764,0.29780060706748523,FALSE,FALSE
1988-07-26,Weddell,0.984997462,-0.22915984469076112,0.22915984469076112,0.29780060706748523,FALSE,FALSE
1988-07-27,Weddell,1.037109266,-0.18139483780507515,0.18139483780507515,0.29780060706748523,FALSE,FALSE
1988-07-28,Weddell,1.076460484,-0.14637244794443216,0.14637244794443216,0.29780060706748523,FALSE,FALSE
1988-07-29,Weddell,1.123298778,-0.1038325686622481,0.1038325686622481,0.29780060706748523,FALSE,FALSE
1988-07-30,Weddell,1.157176183,-0.074210720511938,0.074210720511938,0.29780060706748523,FALSE,FALSE
1988-07-31,Weddell,1.176597317,-0.05898984104691451,0.05898984104691451,0.29780060706748523,FALSE,FALSE
1988-08-01,Weddell,1.172253611,-0.06746605482059409,0.06746605482059409,0.29780060706748523,FALSE,FALSE
1988-08-02,Weddell,1.151442575,-0.0923294075169634,0.0923294075169634,0.29780060706748523,FALSE,FALSE
1988-08-03,Weddell,1.127966812,-0.1197683767854949,0.1197683767854949,0.29780060706748523,FALSE,FALSE
1988-08-04,Weddell,1.132220476,-0.1193926051877816,0.1193926051877816,0.29780060706748523,FALSE,FALSE
1988-08-05,Weddell,1.149109971,-0.10630235163755364,0.10630235163755364,0.29780060706748523,FALSE,FALSE
1988-08-06,Weddell,1.144566875,-0.11457270104854178,0.11457270104854178,0.29780060706748523,FALSE,FALSE
1988-08-07,Weddell,1.094810303,-0.1679912013344751,0.1679912013344751,0.29780060706748523,FALSE,FALSE
1988-08-08,Weddell,1.039282119,-0.2271226514090856,0.2271226514090856,0.29780060706748523,FALSE,FALSE
1988-08-09,Weddell,0.974059301,-0.29589673618610224,0.29589673618610224,0.29780060706748523,FALSE,FALSE
1988-08-10,Weddell,0.962200928,-0.311261039579256,0.311261039579256,0.29780060706748523,TRUE,TRUE
1988-08-11,Weddell,0.963465475,-0.3134637495022774,0.3134637495022774,0.29780060706748523,TRUE,TRUE
1988-08-12,Weddell,0.971989463,-0.30837500786889505,0.30837500786889505,0.29780060706748523,TRUE,TRUE
1988-08-13,Weddell,0.954072672,-0.3297016975928416,0.3297016975928416,0.29780060706748523,TRUE,TRUE
1988-08-14,Weddell,0.968258064,-0.3189075195878466,0.3189075195878466,0.29780060706748523,TRUE,TRUE
1988-08-15,Weddell,0.979228421,-0.3113158058180743,0.3113158058180743,0.29780060706748523,TRUE,TRUE
1988-08-16,Weddell,0.982290223,-0.311609874177322,0.311609874177322,0.29780060706748523,TRUE,TRUE
1988-08-17,Weddell,1.002720174,-0.29448414353005403,0.29448414353005403,0.29780060706748523,FALSE,FALSE
1988-08-18,Weddell,1.022855169,-0.2775718183008522,0.2775718183008522,0.29780060706748523,FALSE,FALSE
1988-08-19,Weddell,1.041723617,-0.2618145889143002,0.2618145889143002,0.29780060706748523,FALSE,FALSE
1988-08-20,Weddell,1.075795377,-0.23071269579498188,0.23071269579498188,0.29780060706748523,FALSE,FALSE
1988-08-21,Weddell,1.111560254,-0.19774643336747788,0.19774643336747788,0.29780060706748523,FALSE,FALSE
1988-08-22,Weddell,1.154483136,-0.15742101305637335,0.15742101305637335,0.29780060706748523,FALSE,FALSE
1988-08-23,Weddell,1.158706509,-0.1555640482862497,0.1555640482862497,0.29780060706748523,FALSE,FALSE
1988-08-24,Weddell,1.144588836,-0.17178717548169087,0.17178717548169087,0.29780060706748523,FALSE,FALSE
1988-08-25,Weddell,1.15203886,-0.16615175106727942,0.16615175106727942,0.29780060706748523,FALSE,FALSE
1988-08-26,Weddell,1.187776081,-0.13190837446759796,0.13190837446759796,0.29780060706748523,FALSE,FALSE
1988-08-27,Weddell,1.204041,-0.1167866441072296,0.1167866441072296,0.29780060706748523,FALSE,FALSE
1988-08-28,Weddell,1.197089836,-0.12450611741677342,0.12450611741677342,0.29780060706748523,FALSE,FALSE
1988-08-29,Weddell,1.184102611,-0.1378970519435787,0.1378970519435787,0.29780060706748523,FALSE,FALSE
1988-08-30,Weddell,1.141673871,-0.1803881451551017,0.1803881451551017,0.29780060706748523,FALSE,FALSE
1988-08-31,Weddell,1.129565679,-0.19224060077181404,0.19224060077181404,0.29780060706748523,FALSE,FALSE
1988-09-01,Weddell,1.104504823,-0.21675089751418697,0.21675089751418697,0.29780060706748523,FALSE,FALSE
1988-09-02,Weddell,1.074069196,-0.2463644091026944,0.2463644091026944,0.29780060706748523,FALSE,FALSE
1988-09-03,Weddell,1.050849129,-0.26851407125780624,0.26851407125780624,0.29780060706748523,FALSE,FALSE
1988-09-04,Weddell,1.035451878,-0.28261589469999504,0.28261589469999504,0.29780060706748523,FALSE,FALSE
1988-09-05,Weddell,1.025927336,-0.29064325314973316,0.29064325314973316,0.29780060706748523,FALSE,FALSE
1988-09-06,Weddell,0.998197771,-0.3166971453274926,0.3166971453274926,0.29780060706748523,TRUE,FALSE
1988-09-07,Weddell,1.026338507,-0.286725513953745,0.286725513953745,0.29780060706748523,FALSE,FALSE
1988-09-08,Weddell,1.043170169,-0.2679310007489619,0.2679310007489619,0.29780060706748523,FALSE,FALSE
1988-09-09,Weddell,1.064060154,-0.2449693634684158,0.2449693634684158,0.29780060706748523,FALSE,FALSE
1988-09-10,Weddell,1.09931867,-0.2075429198272156,0.2075429198272156,0.29780060706748523,FALSE,FALSE
1988-09-11,Weddell,1.146516731,-0.15807394714367184,0.15807394714367184,0.29780060706748523,FALSE,FALSE
1988-09-12,Weddell,1.152451006,-0.149757042521796,0.149757042521796,0.29780060706748523,FALSE,FALSE
1988-09-13,Weddell,1.117967734,-0.18173723306559889,0.18173723306559889,0.29780060706748523,FALSE,FALSE
1988-09-14,Weddell,1.102611909,-0.19446079087909496,0.19446079087909496,0.29780060706748523,FALSE,FALSE
1988-09-15,Weddell,1.078233614,-0.216068899066294,0.216068899066294,0.29780060706748523,FALSE,FALSE
1988-09-16,Weddell,1.034267255,-0.25711841773120847,0.25711841773120847,0.29780060706748523,FALSE,FALSE
1988-09-17,Weddell,1.04237798,-0.24593546497785135,0.24593546497785135,0.29780060706748523,FALSE,FALSE
1988-09-18,Weddell,1.047760437,-0.23731665891023335,0.23731665891023335,0.29780060706748523,FALSE,FALSE
1988-09-19,Weddell,1.00145407,-0.28021382163236686,0.28021382163236686,0.29780060706748523,FALSE,FALSE
1988-09-20,Weddell,0.987422092,-0.2906550062482637,0.2906550062482637,0.29780060706748523,FALSE,FALSE
1988-09-21,Weddell,0.930904723,-0.34339125886193633,0.34339125886193633,0.29780060706748523,TRUE,FALSE
1988-09-22,Weddell,0.96077868,-0.30953929152309745,0.30953929152309745,0.29780060706748523,TRUE,FALSE
1988-09-23,Weddell,0.947554198,-0.31860545504850535,0.31860545504850535,0.29780060706748523,TRUE,FALSE
1988-09-24,Weddell,0.958242334,-0.30360932550577513,0.30360932550577513,0.29780060706748523,TRUE,FALSE
1988-09-25,Weddell,1.010318908,-0.2471059130609485,0.2471059130609485,0.29780060706748523,FALSE,FALSE
1988-09-26,Weddell,1.039739306,-0.2131706618800666,0.2131706618800666,0.29780060706748523,FALSE,FALSE
1988-09-27,Weddell,1.0592747,-0.1890632301291728,0.1890632301291728,0.29780060706748523,FALSE,FALSE
1988-09-28,Weddell,1.049343621,-0.1943959169743077,0.1943959169743077,0.29780060706748523,FALSE,FALSE
1988-09-29,Weddell,1.016763806,-0.2223818155815136,0.2223818155815136,0.29780060706748523,FALSE,FALSE
1988-09-30,Weddell,0.998689843,-0.23589716811683203,0.23589716811683203,0.29780060706748523,FALSE,FALSE
1988-10-01,Weddell,1.012385118,-0.21770941874630467,0.21770941874630467,0.29780060706748523,FALSE,FALSE
1988-10-02,Weddell,1.02429051,-0.201408518635974,0.201408518635974,0.29780060706748523,FALSE,FALSE
1988-10-03,Weddell,1.045262284,-0.17616903295188213,0.17616903295188213,0.29780060706748523,FALSE,FALSE
1988-10-04,Weddell,1.086693393,-0.13062882897991934,0.13062882897991934,0.29780060706748523,FALSE,FALSE
1988-10-05,Weddell,1.079267073,-0.1341235396835907,0.1341235396835907,0.29780060706748523,FALSE,FALSE
1988-10-06,Weddell,1.117622609,-0.09199759362244776,0.09199759362244776,0.29780060706748523,FALSE,FALSE
1988-10-07,Weddell,1.130281134,-0.07570713974421261,0.07570713974421261,0.29780060706748523,FALSE,FALSE
1988-10-08,Weddell,1.087968239,-0.11450386899661114,0.11450386899661114,0.29780060706748523,FALSE,FALSE
1988-10-09,Weddell,1.063500078,-0.1355489093273652,0.1355489093273652,0.29780060706748523,FALSE,FALSE
1988-10-10,Weddell,1.037239844,-0.1584563496842002,0.1584563496842002,0.29780060706748523,FALSE,FALSE
1988-10-11,Weddell,1.005560866,-0.18683014301483825,0.18683014301483825,0.29780060706748523,FALSE,FALSE
1988-10-12,Weddell,1.014306449,-0.17480426626700463,0.17480426626700463,0.29780060706748523,FALSE,FALSE
1988-10-13,Weddell,1.019769724,-0.1660628703884215,0.1660628703884215,0.29780060706748523,FALSE,FALSE
1988-10-14,Weddell,1.014044654,-0.1684892743268136,0.1684892743268136,0.29780060706748523,FALSE,FALSE
1988-10-15,Weddell,0.982528595,-0.19666340402990423,0.19666340402990423,0.29780060706748523,FALSE,FALSE
1988-10-16,Weddell,0.94499194,-0.23079214844541873,0.23079214844541873,0.29780060706748523,FALSE,FALSE
1988-10-17,Weddell,0.904104077,-0.2681838447983105,0.2681838447983105,0.29780060706748523,FALSE,FALSE
1988-10-18,Weddell,0.861144671,-0.3075459683906062,0.3075459683906062,0.29780060706748523,TRUE,TRUE
1988-10-19,Weddell,0.831169541,-0.3338188414819596,0.3338188414819596,0.29780060706748523,TRUE,TRUE
1988-10-20,Weddell,0.800548277,-0.3606293757328315,0.3606293757328315,0.29780060706748523,TRUE,TRUE
1988-10-21,Weddell,0.78770448,-0.3695504718036836,0.3695504718036836,0.29780060706748523,TRUE,TRUE
1988-10-22,Weddell,0.779131892,-0.3740848893549776,0.3740848893549776,0.29780060706748523,TRUE,TRUE
1988-10-23,Weddell,0.765001311,-0.38405833204717355,0.38405833204717355,0.29780060706748523,TRUE,TRUE
1988-10-24,Weddell,0.737757194,-0.40702284454073345,0.40702284454073345,0.29780060706748523,TRUE,TRUE
1988-10-25,Weddell,0.714856555,-0.4255179144961184,0.4255179144961184,0.29780060706748523,TRUE,TRUE
1988-10-26,Weddell,0.700732126,-0.43510731157379035,0.43510731157379035,0.29780060706748523,TRUE,TRUE
1988-10-27,Weddell,0.689808965,-0.4413624794342085,0.4413624794342085,0.29780060706748523,TRUE,TRUE
1988-10-28,Weddell,0.676230426,-0.4501365657378362,0.4501365657378362,0.29780060706748523,TRUE,TRUE
1988-10-29,Weddell,0.680553333,-0.4408692481451342,0.4408692481451342,0.29780060706748523,TRUE,TRUE
1988-10-30,Weddell,0.688643722,-0.4276916454591456,0.4276916454591456,0.29780060706748523,TRUE,TRUE
1988-10-31,Weddell,0.694838201,-0.4162675193925291,0.4162675193925291,0.29780060706748523,TRUE,TRUE
1988-11-01,Weddell,0.709055627,-0.39667937015324906,0.39667937015324906,0.29780060706748523,TRUE,TRUE
1988-11-02,Weddell,0.713389702,-0.386834853214735,0.386834853214735,0.29780060706748523,TRUE,TRUE
1988-11-03,Weddell,0.726414695,-0.36816105705041535,0.36816105705041535,0.29780060706748523,TRUE,TRUE
1988-11-04,Weddell,0.751867963,-0.3369219821337204,0.3369219821337204,0.29780060706748523,TRUE,TRUE
1988-11-05,Weddell,0.769765059,-0.3131034329380771,0.3131034329380771,0.29780060706748523,TRUE,TRUE
1988-11-06,Weddell,0.769150027,-0.3076627229369169,0.3076627229369169,0.29780060706748523,TRUE,TRUE
1988-11-07,Weddell,0.777110901,-0.29351317560366763,0.29351317560366763,0.29780060706748523,FALSE,FALSE
1988-11-08,Weddell,0.769673011,-0.2946308184117591,0.2946308184117591,0.29780060706748523,FALSE,FALSE
1988-11-09,Weddell,0.756666764,-0.30118660183461987,0.30118660183461987,0.29780060706748523,TRUE,TRUE
1988-11-10,Weddell,0.730725944,-0.3205480993456786,0.3205480993456786,0.29780060706748523,TRUE,TRUE
1988-11-11,Weddell,0.736370796,-0.30819632747780645,0.30819632747780645,0.29780060706748523,TRUE,TRUE
1988-11-12,Weddell,0.7351586,-0.3025699604280546,0.3025699604280546,0.29780060706748523,TRUE,TRUE
1988-11-13,Weddell,0.707290733,-0.32345559736030194,0.32345559736030194,0.29780060706748523,TRUE,TRUE
1988-11-14,Weddell,0.690613226,-0.33299452538212937,0.33299452538212937,0.29780060706748523,TRUE,TRUE
1988-11-15,Weddell,0.669588513,-0.3467116286011166,0.3467116286011166,0.29780060706748523,TRUE,TRUE
1988-11-16,Weddell,0.644806839,-0.3640039801248435,0.3640039801248435,0.29780060706748523,TRUE,TRUE
1988-11-17,Weddell,0.63111084,-0.37001626206089056,0.37001626206089056,0.29780060706748523,TRUE,TRUE
1988-11-18,Weddell,0.639775634,-0.35346067451683794,0.35346067451683794,0.29780060706748523,TRUE,TRUE
1988-11-19,Weddell,0.643484462,-0.3416412946002657,0.3416412946002657,0.29780060706748523,TRUE,TRUE
1988-11-20,Weddell,0.638517587,-0.3382651774187543,0.3382651774187543,0.29780060706748523,TRUE,TRUE
1988-11-21,Weddell,0.634756009,-0.33343864107988375,0.33343864107988375,0.29780060706748523,TRUE,TRUE
1988-11-22,Weddell,0.639066708,-0.32028202369123393,0.32028202369123393,0.29780060706748523,TRUE,TRUE
1988-11-23,Weddell,0.63472869,-0.31550363736038534,0.31550363736038534,0.29780060706748523,TRUE,TRUE
1988-11-24,Weddell,0.636565487,-0.30426965280118223,0.30426965280118223,0.29780060706748523,TRUE,TRUE
1988-11-25,Weddell,0.635342182,-0.29582485832773076,0.29582485832773076,0.29780060706748523,FALSE,FALSE
1988-11-26,Weddell,0.633478401,-0.2877696405492207,0.2877696405492207,0.29780060706748523,FALSE,FALSE
1988-11-27,Weddell,0.61055506,-0.300543172889265,0.300543172889265,0.29780060706748523,TRUE,FALSE
1988-11-28,Weddell,0.61060151,-0.2901361937714748,0.2901361937714748,0.29780060706748523,FALSE,FALSE
1988-11-29,Weddell,0.605047361,-0.28513918261946136,0.28513918261946136,0.29780060706748523,FALSE,FALSE
1988-11-30,Weddell,0.597620469,-0.2818443728568373,0.2818443728568373,0.29780060706748523,FALSE,FALSE
1988-12-01,Weddell,0.597626056,-0.27096663190721426,0.27096663190721426,0.29780060706748523,FALSE,FALSE
1988-12-02,Weddell,0.601975579,-0.25561459219420335,0.25561459219420335,0.29780060706748523,FALSE,FALSE
1988-12-03,Weddell,0.613115005,-0.23336237614141697,0.23336237614141697,0.29780060706748523,FALSE,FALSE
1988-12-04,Weddell,0.613094527,-0.22217988017246693,0.22217988017246693,0.29780060706748523,FALSE,FALSE
1988-12-05,Weddell,0.610629877,-0.21337146171096424,0.21337146171096424,0.29780060706748523,FALSE,FALSE
1988-12-06,Weddell,0.606921494,-0.20575676896208303,0.20575676896208303,0.29780060706748523,FALSE,FALSE
1988-12-07,Weddell,0.601982053,-0.19934252545675324,0.19934252545675324,0.29780060706748523,FALSE,FALSE
1988-12-08,Weddell,0.597631854,-0.19232616889649612,0.19232616889649612,0.29780060706748523,FALSE,FALSE
1988-12-09,Weddell,0.597605008,-0.18099108064130456,0.18099108064130456,0.29780060706748523,FALSE,FALSE
1988-12-10,Weddell,0.614401441,-0.15285482705116882,0.15285482705116882,0.29780060706748523,FALSE,FALSE
1988-12-11,Weddell,0.632364974,-0.12359107948608083,0.12359107948608083,0.29780060706748523,FALSE,FALSE
1988-12-12,Weddell,0.641659954,-0.10305298330603274,0.10305298330603274,0.29780060706748523,FALSE,FALSE
1988-12-13,Weddell,0.652167414,-0.08137699787101538,0.08137699787101538,0.29780060706748523,FALSE,FALSE
1988-12-14,Weddell,0.652727258,-0.06974071154102057,0.06974071154102057,0.29780060706748523,FALSE,FALSE
1988-12-15,Weddell,0.667545306,-0.0439557966760401,0.0439557966760401,0.29780060706748523,FALSE,FALSE
1988-12-16,Weddell,0.664307249,-0.03635405463606522,0.03635405463606522,0.29780060706748523,FALSE,FALSE
1988-12-17,Weddell,0.6611869,-0.02877916478108744,0.02877916478108744,0.29780060706748523,FALSE,FALSE
1988-12-18,Weddell,0.659298943,-0.02013393547109887,0.02013393547109887,0.29780060706748523,FALSE,FALSE
1988-12-19,Weddell,0.655621951,-0.01345670095367024,0.01345670095367024,0.29780060706748523,FALSE,FALSE
1988-12-20,Weddell,0.642054463,-0.01685657772118221,0.01685657772118221,0.29780060706748523,FALSE,FALSE
1988-12-21,Weddell,0.633618912,-0.01531140332075597,0.01531140332075597,0.29780060706748523,FALSE,FALSE
1988-12-22,Weddell,0.623153357,-0.015983183503813,0.015983183503813,0.29780060706748523,FALSE,FALSE
1988-12-23,Weddell,0.607677067,-0.02185271402177646,0.02185271402177646,0.29780060706748523,FALSE,FALSE
1988-12-24,Weddell,0.602059382,-0.01805071962606852,0.01805071962606852,0.29780060706748523,FALSE,FALSE
1988-12-25,Weddell,0.592730056,-0.01814751106811307,0.01814751106811307,0.29780060706748523,FALSE,FALSE
1988-12-26,Weddell,0.583455173,-0.01837706909933179,0.01837706909933179,0.29780060706748523,FALSE,FALSE
1988-12-27,Weddell,0.584079774,-0.00889441747114683,0.00889441747114683,0.29780060706748523,FALSE,FALSE
1988-12-28,Weddell,0.582211716,-0.00209176393498156,0.00209176393498156,0.29780060706748523,FALSE,FALSE
1988-12-29,Weddell,0.566672144,-0.00914802824225957,0.00914802824225957,0.29780060706748523,FALSE,FALSE
1988-12-30,Weddell,0.554929609,-0.01259472414440143,0.01259472414440143,0.29780060706748523,FALSE,FALSE
1988-12-31,Weddell,0.544348384,-0.01506764339283073,0.01506764339283073,0.29780060706748523,FALSE,FALSE
1989-01-01,Weddell,0.535661141,-0.02375488639283063,0.02375488639283063,0.29780060706748523,FALSE,FALSE
1989-01-02,Weddell,0.531903067,-0.01959089987456652,0.01959089987456652,0.29780060706748523,FALSE,FALSE
1989-01-03,Weddell,0.524430971,-0.01932048101901062,0.01932048101901062,0.29780060706748523,FALSE,FALSE
1989-01-04,Weddell,0.510105668,-0.02607476239116235,0.02607476239116235,0.29780060706748523,FALSE,FALSE
1989-01-05,Weddell,0.496387132,-0.0323857175560181,0.0323857175560181,0.29780060706748523,FALSE,FALSE
1989-01-06,Weddell,0.48827231,-0.0332483470785791,0.0332483470785791,0.29780060706748523,FALSE,FALSE
1989-01-07,Weddell,0.47889719,-0.03551861052384142,0.03551861052384142,0.29780060706748523,FALSE,FALSE
1989-01-08,Weddell,0.470791196,-0.0366590314568041,0.0366590314568041,0.29780060706748523,FALSE,FALSE
1989-01-09,Weddell,0.468293812,-0.03232207344246718,0.03232207344246718,0.29780060706748523,FALSE,FALSE
1989-01-10,Weddell,0.44955503,-0.04434969204582645,0.04434969204582645,0.29780060706748523,FALSE,FALSE
1989-01-11,Weddell,0.445165056,-0.04214362883188233,0.04214362883188233,0.29780060706748523,FALSE,FALSE
1989-01-12,Weddell,0.443902256,-0.03691746536563178,0.03691746536563178,0.29780060706748523,FALSE,FALSE
1989-01-13,Weddell,0.448257749,-0.02617203021207448,0.02617203021207448,0.29780060706748523,FALSE,FALSE
1989-01-14,Weddell,0.442432099,-0.02569869049366646,0.02569869049366646,0.29780060706748523,FALSE,FALSE
1989-01-15,Weddell,0.429915149,-0.03199894429492833,0.03199894429492833,0.29780060706748523,FALSE,FALSE
1989-01-16,Weddell,0.421788393,-0.0339818995091794,0.0339818995091794,0.29780060706748523,FALSE,FALSE
1989-01-17,Weddell,0.421913206,-0.02777673628077803,0.02777673628077803,0.29780060706748523,FALSE,FALSE
1989-01-18,Weddell,0.421880573,-0.02178302475408239,0.02178302475408239,0.29780060706748523,FALSE,FALSE
1989-01-19,Weddell,0.426260257,-0.01142155707345082,0.01142155707345082,0.29780060706748523,FALSE,FALSE
1989-01-20,Weddell,0.423055669,-0.0086794773832407,0.0086794773832407,0.29780060706748523,FALSE,FALSE
1989-01-21,Weddell,0.42242479,-0.00338935982781091,0.00338935982781091,0.29780060706748523,FALSE,FALSE
1989-01-22,Weddell,0.421167601,0.00125822144848103,0.00125822144848103,0.29780060706748523,FALSE,FALSE
1989-01-23,Weddell,0.408660087,-0.00535130369872349,0.00535130369872349,0.29780060706748523,FALSE,FALSE
1989-01-24,Weddell,0.409928442,0.00181770358621791,0.00181770358621791,0.29780060706748523,FALSE,FALSE
1989-01-25,Weddell,0.411147137,0.00894915915894661,0.00894915915894661,0.29780060706748523,FALSE,FALSE
1989-01-26,Weddell,0.396574128,3.104638751056932e-4,3.104638751056932e-4,0.29780060706748523,FALSE,FALSE
1989-01-27,Weddell,0.394754225,0.00445320043340791,0.00445320043340791,0.29780060706748523,FALSE,FALSE
1989-01-28,Weddell,0.379725944,-0.00459543152396169,0.00459543152396169,0.29780060706748523,FALSE,FALSE
1989-01-29,Weddell,0.355844286,-0.02249924810550058,0.02249924810550058,0.29780060706748523,FALSE,FALSE
1989-01-30,Weddell,0.347700757,-0.02468558458200509,0.02468558458200509,0.29780060706748523,FALSE,FALSE
1989-01-31,Weddell,0.337651821,-0.02881681822427095,0.02881681822427095,0.29780060706748523,FALSE,FALSE
1989-02-01,Weddell,0.334490417,-0.02611885130309493,0.02611885130309493,0.29780060706748523,FALSE,FALSE
1989-02-02,Weddell,0.335093298,-0.01973377208927246,0.01973377208927246,0.29780060706748523,FALSE,FALSE
1989-02-03,Weddell,0.334440661,-0.01470022485359995,0.01470022485359995,0.29780060706748523,FALSE,FALSE
1989-02-04,Weddell,0.3356887,-0.00788085686687356,0.00788085686687356,0.29780060706748523,FALSE,FALSE
1989-02-05,Weddell,0.328110127,-0.01002179739988912,0.01002179739988912,0.29780060706748523,FALSE,FALSE
1989-02-06,Weddell,0.307389625,-0.02545720472344292,0.02545720472344292,0.29780060706748523,FALSE,FALSE
1989-02-07,Weddell,0.297959905,-0.0297732091083312,0.0297732091083312,0.29780060706748523,FALSE,FALSE
1989-02-08,Weddell,0.295453849,-0.02735574550512709,0.02735574550512709,0.29780060706748523,FALSE,FALSE
1989-02-09,Weddell,0.292901804,-0.0251900730277596,0.0251900730277596,0.29780060706748523,FALSE,FALSE
1989-02-10,Weddell,0.288401489,-0.0251876932072278,0.0251876932072278,0.29780060706748523,FALSE,FALSE
1989-02-11,Weddell,0.28398846,-0.02532151558405876,0.02532151558405876,0.29780060706748523,FALSE,FALSE
1989-02-12,Weddell,0.271333333,-0.03392938969877795,0.03392938969877795,0.29780060706748523,FALSE,FALSE
1989-02-13,Weddell,0.261869295,-0.03958659409191217,0.03958659409191217,0.29780060706748523,FALSE,FALSE
1989-02-14,Weddell,0.256808677,-0.04108926330398732,0.04108926330398732,0.29780060706748523,FALSE,FALSE
1989-02-15,Weddell,0.259915719,-0.03468162287552978,0.03468162287552978,0.29780060706748523,FALSE,FALSE
1989-02-16,Weddell,0.263059537,-0.02850302234706597,0.02850302234706597,0.29780060706748523,FALSE,FALSE
1989-02-17,Weddell,0.261838756,-0.02696330225912191,0.02696330225912191,0.29780060706748523,FALSE,FALSE
1989-02-18,Weddell,0.268170483,-0.01815382115222436,0.01815382115222436,0.29780060706748523,FALSE,FALSE
1989-02-19,Weddell,0.263176278,-0.02096148456689933,0.02096148456689933,0.29780060706748523,FALSE,FALSE
1989-02-20,Weddell,0.238568927,-0.04368197204367269,0.04368197204367269,0.29780060706748523,FALSE,FALSE
1989-02-21,Weddell,0.235468401,-0.04520330570243386,0.04520330570243386,0.29780060706748523,FALSE,FALSE
1989-02-22,Weddell,0.23422757,-0.04517488120855456,0.04517488120855456,0.29780060706748523,FALSE,FALSE
1989-02-23,Weddell,0.230397331,-0.04804425707472434,0.04804425707472434,0.29780060706748523,FALSE,FALSE
1989-02-24,Weddell,0.224713982,-0.05307352193761125,0.05307352193761125,0.29780060706748523,FALSE,FALSE
1989-02-25,Weddell,0.220343151,-0.05709543443388285,0.05709543443388285,0.29780060706748523,FALSE,FALSE
1989-02-26,Weddell,0.226650644,-0.05074257520020681,0.05074257520020681,0.29780060706748523,FALSE,FALSE
1989-02-27,Weddell,0.227922614,-0.04972717787325045,0.04972717787325045,0.29780060706748523,FALSE,FALSE
1989-02-28,Weddell,0.232273443,-0.04593324708968152,0.04593324708968152,0.29780060706748523,FALSE,FALSE
1989-03-01,Weddell,0.234767508,-0.04429479248616791,0.04429479248616791,0.29780060706748523,FALSE,FALSE
1989-03-02,Weddell,0.24170292,-0.03851208969937692,0.03851208969937692,0.29780060706748523,FALSE,FALSE
1989-03-03,Weddell,0.243009556,-0.0386536483659762,0.0386536483659762,0.29780060706748523,FALSE,FALSE
1989-03-04,Weddell,0.243062386,-0.0403428851226332,0.0403428851226332,0.29780060706748523,FALSE,FALSE
1989-03-05,Weddell,0.237945348,-0.04749424773392347,0.04749424773392347,0.29780060706748523,FALSE,FALSE
1989-03-06,Weddell,0.238503386,-0.04925793389096597,0.04925793389096597,0.29780060706748523,FALSE,FALSE
1989-03-07,Weddell,0.24861028,-0.04174474381397045,0.04174474381397045,0.29780060706748523,FALSE,FALSE
1989-03-08,Weddell,0.254344657,-0.03885848504963979,0.03885848504963979,0.29780060706748523,FALSE,FALSE
1989-03-09,Weddell,0.23804589,-0.05824221914467811,0.05824221914467811,0.29780060706748523,FALSE,FALSE
1989-03-10,Weddell,0.234816124,-0.06477623564578996,0.06477623564578996,0.29780060706748523,FALSE,FALSE
1989-03-11,Weddell,0.24379345,-0.0593048780996783,0.0593048780996783,0.29780060706748523,FALSE,FALSE
1989-03-12,Weddell,0.237549135,-0.06923931405304692,0.06923931405304692,0.29780060706748523,FALSE,FALSE
1989-03-13,Weddell,0.241343159,-0.06930199805260048,0.06930199805260048,0.29780060706748523,FALSE,FALSE
1989-03-14,Weddell,0.243263854,-0.07138703264504209,0.07138703264504209,0.29780060706748523,FALSE,FALSE
1989-03-15,Weddell,0.267869358,-0.05091871437707579,0.05091871437707579,0.29780060706748523,FALSE,FALSE
1989-03-16,Weddell,0.27226658,-0.05077256879540559,0.05077256879540559,0.29780060706748523,FALSE,FALSE
1989-03-17,Weddell,0.281738773,-0.04564777744673509,0.04564777744673509,0.29780060706748523,FALSE,FALSE
1989-03-18,Weddell,0.284853732,-0.04695925864265232,0.04695925864265232,0.29780060706748523,FALSE,FALSE
1989-03-19,Weddell,0.310012344,-0.02629580080710902,0.02629580080710902,0.29780060706748523,FALSE,FALSE
1989-03-20,Weddell,0.306258174,-0.03461079679189699,0.03461079679189699,0.29780060706748523,FALSE,FALSE
1989-03-21,Weddell,0.316452572,-0.02904019731742752,0.02904019731742752,0.29780060706748523,FALSE,FALSE
1989-03-22,Weddell,0.303956355,-0.04622048610411122,0.04622048610411122,0.29780060706748523,FALSE,FALSE
1989-03-23,Weddell,0.281861273,-0.07305721387235886,0.07305721387235886,0.29780060706748523,FALSE,FALSE
1989-03-24,Weddell,0.280559441,-0.07915556634258092,0.07915556634258092,0.29780060706748523,FALSE,FALSE
1989-03-25,Weddell,0.291184789,-0.07337891423518794,0.07337891423518794,0.29780060706748523,FALSE,FALSE
1989-03-26,Weddell,0.293033117,-0.07642875827059126,0.07642875827059126,0.29780060706748523,FALSE,FALSE
1989-03-27,Weddell,0.298664591,-0.07574223316920137,0.07574223316920137,0.29780060706748523,FALSE,FALSE
1989-03-28,Weddell,0.319564171,-0.05983167965142871,0.05983167965142871,0.29780060706748523,FALSE,FALSE
1989-03-29,Weddell,0.317776242,-0.0666500134376839,0.0666500134376839,0.29780060706748523,FALSE,FALSE
1989-03-30,Weddell,0.297074539,-0.092420800248378,0.092420800248378,0.29780060706748523,FALSE,FALSE
1989-03-31,Weddell,0.278168193,-0.11643386099160236,0.11643386099160236,0.29780060706748523,FALSE,FALSE
1989-04-01,Weddell,0.267484577,-0.1322698000221741,0.1322698000221741,0.29780060706748523,FALSE,FALSE
1989-04-02,Weddell,0.268227958,-0.1367353959578636,0.1367353959578636,0.29780060706748523,FALSE,FALSE
1989-04-03,Weddell,0.280235251,-0.13000478195297183,0.13000478195297183,0.29780060706748523,FALSE,FALSE
1989-04-04,Weddell,0.288438098,-0.1271573641617999,0.1271573641617999,0.29780060706748523,FALSE,FALSE
1989-04-05,Weddell,0.292866742,-0.12817394773864882,0.12817394773864882,0.29780060706748523,FALSE,FALSE
1989-04-06,Weddell,0.312342729,-0.11424403483781852,0.11424403483781852,0.29780060706748523,FALSE,FALSE
1989-04-07,Weddell,0.316105022,-0.11613971061361106,0.11613971061361106,0.29780060706748523,FALSE,FALSE
1989-04-08,Weddell,0.329933113,-0.10809253122032648,0.10809253122032648,0.29780060706748523,FALSE,FALSE
1989-04-09,Weddell,0.334962532,-0.10897801481226654,0.10897801481226654,0.29780060706748523,FALSE,FALSE
1989-04-10,Weddell,0.331827069,-0.11817341954373124,0.11817341954373124,0.29780060706748523,FALSE,FALSE
1989-04-11,Weddell,0.334961132,-0.1212553855690226,0.1212553855690226,0.29780060706748523,FALSE,FALSE
1989-04-12,Weddell,0.345661067,-0.1169384483398257,0.1169384483398257,0.29780060706748523,FALSE,FALSE
1989-04-13,Weddell,0.358153577,-0.11099490537360462,0.11099490537360462,0.29780060706748523,FALSE,FALSE
1989-04-14,Weddell,0.346855116,-0.1289877175743197,0.1289877175743197,0.29780060706748523,FALSE,FALSE
1989-04-15,Weddell,0.335568648,-0.14709150646195496,0.14709150646195496,0.29780060706748523,FALSE,FALSE
1989-04-16,Weddell,0.34618971,-0.14338832055649595,0.14338832055649595,0.29780060706748523,FALSE,FALSE
1989-04-17,Weddell,0.35556286,-0.14101118737792767,0.14101118737792767,0.29780060706748523,FALSE,FALSE
1989-04-18,Weddell,0.368650942,-0.1349748484462348,0.1349748484462348,0.29780060706748523,FALSE,FALSE
1989-04-19,Weddell,0.374307187,-0.13640365828140266,0.13640365828140266,0.29780060706748523,FALSE,FALSE
1989-04-20,Weddell,0.385005562,-0.13280123540341615,0.13280123540341615,0.29780060706748523,FALSE,FALSE
1989-04-21,Weddell,0.382562719,-0.14232851333226043,0.14232851333226043,0.29780060706748523,FALSE,FALSE
1989-04-22,Weddell,0.390050709,-0.14189102658792058,0.14189102658792058,0.29780060706748523,FALSE,FALSE
1989-04-23,Weddell,0.41132945,-0.12760644269038135,0.12760644269038135,0.29780060706748523,FALSE,FALSE
1989-04-24,Weddell,0.418840664,-0.12701062515962835,0.12701062515962835,0.29780060706748523,FALSE,FALSE
1989-04-25,Weddell,0.425051466,-0.12761606191957653,0.12761606191957653,0.29780060706748523,FALSE,FALSE
1989-04-26,Weddell,0.41816853,-0.14121484211227464,0.14121484211227464,0.29780060706748523,FALSE,FALSE
1989-04-27,Weddell,0.418208385,-0.147799787928368,0.147799787928368,0.29780060706748523,FALSE,FALSE
1989-04-28,Weddell,0.437535189,-0.13501620409190085,0.13501620409190085,0.29780060706748523,FALSE,FALSE
1989-04-29,Weddell,0.4331609,-0.1458615953269176,0.1458615953269176,0.29780060706748523,FALSE,FALSE
1989-04-30,Weddell,0.438255506,-0.14717543635746327,0.14717543635746327,0.29780060706748523,FALSE,FALSE
1989-05-01,Weddell,0.439462722,-0.15232347490758186,0.15232347490758186,0.29780060706748523,FALSE,FALSE
1989-05-02,Weddell,0.409478127,-0.1886195947013179,0.1886195947013179,0.29780060706748523,FALSE,FALSE
1989-05-03,Weddell,0.398874668,-0.2055003114627156,0.2055003114627156,0.29780060706748523,FALSE,FALSE
1989-05-04,Weddell,0.392039103,-0.21858832991581945,0.21858832991581945,0.29780060706748523,FALSE,FALSE
1989-05-05,Weddell,0.398940665,-0.21792387978467465,0.21792387978467465,0.29780060706748523,FALSE,FALSE
1989-05-06,Weddell,0.402079938,-0.221015839793325,0.221015839793325,0.29780060706748523,FALSE,FALSE
1989-05-07,Weddell,0.435861798,-0.1934688044943924,0.1934688044943924,0.29780060706748523,FALSE,FALSE
1989-05-08,Weddell,0.465227174,-0.1703556799948166,0.1703556799948166,0.29780060706748523,FALSE,FALSE
1989-05-09,Weddell,0.493901746,-0.14797623754279304,0.14797623754279304,0.29780060706748523,FALSE,FALSE
1989-05-10,Weddell,0.529316338,-0.11892701566033737,0.11892701566033737,0.29780060706748523,FALSE,FALSE
1989-05-11,Weddell,0.537988813,-0.11671751386946703,0.11671751386946703,0.29780060706748523,FALSE,FALSE
1989-05-12,Weddell,0.504902105,-0.1563921606921973,0.1563921606921973,0.29780060706748523,FALSE,FALSE
1989-05-13,Weddell,0.465081862,-0.20295267065054612,0.20295267065054612,0.29780060706748523,FALSE,FALSE
1989-05-14,Weddell,0.455823517,-0.2191309732665292,0.2191309732665292,0.29780060706748523,FALSE,FALSE
1989-05-15,Weddell,0.455220091,-0.22686141006216293,0.22686141006216293,0.29780060706748523,FALSE,FALSE
1989-05-16,Weddell,0.472087508,-0.217355419559464,0.217355419559464,0.29780060706748523,FALSE,FALSE
1989-05-17,Weddell,0.488292474,-0.20877365828044855,0.20877365828044855,0.29780060706748523,FALSE,FALSE
1989-05-18,Weddell,0.491381004,-0.2135974737471334,0.2135974737471334,0.29780060706748523,FALSE,FALSE
1989-05-19,Weddell,0.495127364,-0.21807996248153472,0.21807996248153472,0.29780060706748523,FALSE,FALSE
1989-05-20,Weddell,0.50323033,-0.2185478313425272,0.2185478313425272,0.29780060706748523,FALSE,FALSE
1989-05-21,Weddell,0.526834312,-0.20384785438456665,0.20384785438456665,0.29780060706748523,FALSE,FALSE
1989-05-22,Weddell,0.555516215,-0.1843643443527392,0.1843643443527392,0.29780060706748523,FALSE,FALSE
1989-05-23,Weddell,0.56113106,-0.1882024897841439,0.1882024897841439,0.29780060706748523,FALSE,FALSE
1989-05-24,Weddell,0.57477764,-0.18422370721587789,0.18422370721587789,0.29780060706748523,FALSE,FALSE
1989-05-25,Weddell,0.63746209,-0.13138207118503875,0.13138207118503875,0.29780060706748523,FALSE,FALSE
1989-05-26,Weddell,0.670299786,-0.1085224152287252,0.1085224152287252,0.29780060706748523,FALSE,FALSE
1989-05-27,Weddell,0.714823425,-0.07407225188403443,0.07407225188403443,0.29780060706748523,FALSE,FALSE
1989-05-28,Weddell,0.754355565,-0.04466923268806488,0.04466923268806488,0.29780060706748523,FALSE,FALSE
1989-05-29,Weddell,0.791323009,-0.01784676417791364,0.01784676417791364,0.29780060706748523,FALSE,FALSE
1989-05-30,Weddell,0.806766143,-0.01252466989067924,0.01252466989067924,0.29780060706748523,FALSE,FALSE
1989-05-31,Weddell,0.807977479,-0.02137064736345917,0.02137064736345917,0.29780060706748523,FALSE,FALSE
1989-06-01,Weddell,0.852291166,0.01298924286664815,0.01298924286664815,0.29780060706748523,FALSE,FALSE
1989-06-02,Weddell,0.894675744,0.04555514258304938,0.04555514258304938,0.29780060706748523,FALSE,FALSE
1989-06-03,Weddell,0.924751218,0.06594233137560201,0.06594233137560201,0.29780060706748523,FALSE,FALSE
1989-06-04,Weddell,0.928416797,0.06003522260859562,0.06003522260859562,0.29780060706748523,FALSE,FALSE
1989-06-05,Weddell,0.902051796,0.02419833527329373,0.02419833527329373,0.29780060706748523,FALSE,FALSE
1989-06-06,Weddell,0.908843347,0.02160400536095819,0.02160400536095819,0.29780060706748523,FALSE,FALSE
1989-06-07,Weddell,0.90080988,0.00425586686285328,0.00425586686285328,0.29780060706748523,FALSE,FALSE
1989-06-08,Weddell,0.853984347,-0.05182792422975946,0.05182792422975946,0.29780060706748523,FALSE,FALSE
1989-06-09,Weddell,0.824355253,-0.0906736589256163,0.0906736589256163,0.29780060706748523,FALSE,FALSE
1989-06-10,Weddell,0.813302834,-0.11091589723345474,0.11091589723345474,0.29780060706748523,FALSE,FALSE
1989-06-11,Weddell,0.812007665,-0.12138886016201088,0.12138886016201088,0.29780060706748523,FALSE,FALSE
1989-06-12,Weddell,0.778010545,-0.16456654472002297,0.16456654472002297,0.29780060706748523,FALSE,FALSE
1989-06-13,Weddell,0.747891279,-0.2038839419162276,0.2038839419162276,0.29780060706748523,FALSE,FALSE
1989-06-14,Weddell,0.713419315,-0.2475859853794511,0.2475859853794511,0.29780060706748523,FALSE,FALSE
1989-06-15,Weddell,0.702919331,-0.2673441111534709,0.2673441111534709,0.29780060706748523,FALSE,FALSE
1989-06-16,Weddell,0.769765366,-0.2097553337929721,0.2097553337929721,0.29780060706748523,FALSE,FALSE
1989-06-17,Weddell,0.777171149,-0.2115751621774693,0.2115751621774693,0.29780060706748523,FALSE,FALSE
1989-06-18,Weddell,0.80493196,-0.1929775541864831,0.1929775541864831,0.29780060706748523,FALSE,FALSE
1989-06-19,Weddell,0.816694689,-0.19028485769952908,0.19028485769952908,0.29780060706748523,FALSE,FALSE
1989-06-20,Weddell,0.836973291,-0.17895235559612488,0.17895235559612488,0.29780060706748523,FALSE,FALSE
1989-06-21,Weddell,0.885556697,-0.13916035475578847,0.13916035475578847,0.29780060706748523,FALSE,FALSE
1989-06-22,Weddell,0.906452361,-0.12687063905803642,0.12687063905803642,0.29780060706748523,FALSE,FALSE
1989-06-23,Weddell,0.883105613,-0.1586071163823869,0.1586071163823869,0.29780060706748523,FALSE,FALSE
1989-06-24,Weddell,0.897918108,-0.15193736960835702,0.15193736960835702,0.29780060706748523,FALSE,FALSE
1989-06-25,Weddell,0.931567071,-0.12615341161546467,0.12615341161546467,0.29780060706748523,FALSE,FALSE
1989-06-26,Weddell,0.963467904,-0.10180907828322704,0.10180907828322704,0.29780060706748523,FALSE,FALSE
1989-06-27,Weddell,0.997166189,-0.07533214986761327,0.07533214986761327,0.29780060706748523,FALSE,FALSE
1989-06-28,Weddell,1.024698224,-0.05469085649711514,0.05469085649711514,0.29780060706748523,FALSE,FALSE
1989-06-29,Weddell,1.0307984,-0.05516957621245555,0.05516957621245555,0.29780060706748523,FALSE,FALSE
1989-06-30,Weddell,1.011790693,-0.08046317527415736,0.08046317527415736,0.29780060706748523,FALSE,FALSE
1989-07-01,Weddell,0.981169836,-0.11709576294274436,0.11709576294274436,0.29780060706748523,FALSE,FALSE
1989-07-02,Weddell,1.007509581,-0.0965124294787394,0.0965124294787394,0.29780060706748523,FALSE,FALSE
1989-07-03,Weddell,1.006884584,-0.10265736114266533,0.10265736114266533,0.29780060706748523,FALSE,FALSE
1989-07-04,Weddell,0.978686127,-0.13615811819504686,0.13615811819504686,0.29780060706748523,FALSE,FALSE
1989-07-05,Weddell,0.946833362,-0.17311439089640634,0.17311439089640634,0.29780060706748523,FALSE,FALSE
1989-07-06,Weddell,0.926627737,-0.19824357350726696,0.19824357350726696,0.29780060706748523,FALSE,FALSE
1989-07-07,Weddell,0.934027709,-0.19560605128815256,0.19560605128815256,0.29780060706748523,FALSE,FALSE
1989-07-08,Weddell,0.943823244,-0.190430700499587,0.190430700499587,0.29780060706748523,FALSE,FALSE
1989-07-09,Weddell,0.929110121,-0.2096405768668793,0.2096405768668793,0.29780060706748523,FALSE,FALSE
1989-07-10,Weddell,0.91545159,-0.22768979955124305,0.22768979955124305,0.29780060706748523,FALSE,FALSE
1989-07-11,Weddell,0.933880906,-0.2135592753643176,0.2135592753643176,0.29780060706748523,FALSE,FALSE
1989-07-12,Weddell,0.969509428,-0.1821513826689453,0.1821513826689453,0.29780060706748523,FALSE,FALSE
1989-07-13,Weddell,1.018591258,-0.13722575682796845,0.13722575682796845,0.29780060706748523,FALSE,FALSE
1989-07-14,Weddell,1.008212337,-0.15171019420422982,0.15171019420422982,0.29780060706748523,FALSE,FALSE
1989-07-15,Weddell,1.000221792,-0.16376930516057264,0.16376930516057264,0.29780060706748523,FALSE,FALSE
1989-07-16,Weddell,1.027709019,-0.14032743105983905,0.14032743105983905,0.29780060706748523,FALSE,FALSE
1989-07-17,Weddell,1.02094151,-0.15113081726487265,0.15113081726487265,0.29780060706748523,FALSE,FALSE
1989-07-18,Weddell,1.00127382,-0.1748386461385143,0.1748386461385143,0.29780060706748523,FALSE,FALSE
1989-07-19,Weddell,1.010541803,-0.1696288010436091,0.1696288010436091,0.29780060706748523,FALSE,FALSE
1989-07-20,Weddell,1.002563071,-0.18169740734299733,0.18169740734299733,0.29780060706748523,FALSE,FALSE
1989-07-21,Weddell,0.996516333,-0.19187949339952315,0.19187949339952315,0.29780060706748523,FALSE,FALSE
1989-07-22,Weddell,0.995927679,-0.1966616631253435,0.1966616631253435,0.29780060706748523,FALSE,FALSE
1989-07-23,Weddell,1.001396703,-0.19544261441565536,0.19544261441565536,0.29780060706748523,FALSE,FALSE
1989-07-24,Weddell,0.998955359,-0.20217818696393852,0.20217818696393852,0.29780060706748523,FALSE,FALSE
1989-07-25,Weddell,1.000173984,-0.2052855993236078,0.2052855993236078,0.29780060706748523,FALSE,FALSE
1989-07-26,Weddell,0.973839738,-0.2359652470480763,0.2359652470480763,0.29780060706748523,FALSE,FALSE
1989-07-27,Weddell,0.957929434,-0.2562278726907612,0.2562278726907612,0.29780060706748523,FALSE,FALSE
1989-07-28,Weddell,0.981923685,-0.2365804188050752,0.2365804188050752,0.29780060706748523,FALSE,FALSE
1989-07-29,Weddell,0.997810684,-0.22502224794443224,0.22502224794443224,0.29780060706748523,FALSE,FALSE
1989-07-30,Weddell,0.986158369,-0.24097297766224823,0.24097297766224823,0.29780060706748523,FALSE,FALSE
1989-07-31,Weddell,1.002063706,-0.22932319751193808,0.22932319751193808,0.29780060706748523,FALSE,FALSE
1989-08-01,Weddell,1.041883245,-0.19370391304691448,0.19370391304691448,0.29780060706748523,FALSE,FALSE
1989-08-02,Weddell,1.063249794,-0.17646987182059393,0.17646987182059393,0.29780060706748523,FALSE,FALSE
1989-08-03,Weddell,1.065085429,-0.17868655351696328,0.17868655351696328,0.29780060706748523,FALSE,FALSE
1989-08-04,Weddell,1.056545322,-0.19118986678549477,0.19118986678549477,0.29780060706748523,FALSE,FALSE
1989-08-05,Weddell,1.015600557,-0.23601252418778176,0.23601252418778176,0.29780060706748523,FALSE,FALSE
1989-08-06,Weddell,1.04792201,-0.2074903126375536,0.2074903126375536,0.29780060706748523,FALSE,FALSE
1989-08-07,Weddell,1.054597757,-0.20454181904854177,0.20454181904854177,0.29780060706748523,FALSE,FALSE
1989-08-08,Weddell,1.025916116,-0.23688538833447503,0.23688538833447503,0.29780060706748523,FALSE,FALSE
1989-08-09,Weddell,1.017362665,-0.24904210540908545,0.24904210540908545,0.29780060706748523,FALSE,FALSE
1989-08-10,Weddell,0.996331278,-0.2736247591861023,0.2736247591861023,0.29780060706748523,FALSE,FALSE
1989-08-11,Weddell,0.980296365,-0.29316560257925606,0.29316560257925606,0.29780060706748523,FALSE,FALSE
1989-08-12,Weddell,0.964900852,-0.31202837250227744,0.31202837250227744,0.29780060706748523,TRUE,FALSE
1989-08-13,Weddell,0.934837695,-0.345526775868895,0.345526775868895,0.29780060706748523,TRUE,FALSE
1989-08-14,Weddell,0.93903298,-0.3447413895928416,0.3447413895928416,0.29780060706748523,TRUE,FALSE
1989-08-15,Weddell,0.979333668,-0.3078319155878466,0.3078319155878466,0.29780060706748523,TRUE,FALSE
1989-08-16,Weddell,1.040046233,-0.25049799381807425,0.25049799381807425,0.29780060706748523,FALSE,FALSE
1989-08-17,Weddell,1.087276035,-0.2066240621773221,0.2066240621773221,0.29780060706748523,FALSE,FALSE
1989-08-18,Weddell,1.078780172,-0.21842414553005396,0.21842414553005396,0.29780060706748523,FALSE,FALSE
1989-08-19,Weddell,1.066665888,-0.23376109930085232,0.23376109930085232,0.29780060706748523,FALSE,FALSE
1989-08-20,Weddell,1.057467989,-0.2460702169143001,0.2460702169143001,0.29780060706748523,FALSE,FALSE
1989-08-21,Weddell,1.047790829,-0.25871724379498184,0.25871724379498184,0.29780060706748523,FALSE,FALSE
1989-08-22,Weddell,1.021492811,-0.287813876367478,0.287813876367478,0.29780060706748523,FALSE,FALSE
1989-08-23,Weddell,0.978069883,-0.33383426605637345,0.33383426605637345,0.29780060706748523,TRUE,TRUE
1989-08-24,Weddell,0.958973099,-0.3552974582862496,0.3552974582862496,0.29780060706748523,TRUE,TRUE
1989-08-25,Weddell,0.949776726,-0.36659928548169096,0.36659928548169096,0.29780060706748523,TRUE,TRUE
1989-08-26,Weddell,0.933977611,-0.38421300006727943,0.38421300006727943,0.29780060706748523,TRUE,TRUE
1989-08-27,Weddell,0.916830097,-0.402854358467598,0.402854358467598,0.29780060706748523,TRUE,TRUE
1989-08-28,Weddell,0.909134275,-0.41169336910722953,0.41169336910722953,0.29780060706748523,TRUE,TRUE
1989-08-29,Weddell,0.942196418,-0.3793995354167734,0.3793995354167734,0.29780060706748523,TRUE,TRUE
1989-08-30,Weddell,0.984588237,-0.33741142594357865,0.33741142594357865,0.29780060706748523,TRUE,TRUE
1989-08-31,Weddell,1.04048849,-0.2815735261551018,0.2815735261551018,0.29780060706748523,FALSE,FALSE
1989-09-01,Weddell,1.076018744,-0.245787535771814,0.245787535771814,0.29780060706748523,FALSE,FALSE
1989-09-02,Weddell,1.097400358,-0.22385536251418703,0.22385536251418703,0.29780060706748523,FALSE,FALSE
1989-09-03,Weddell,1.1175006730000001,-0.20293293210269425,0.20293293210269425,0.29780060706748523,FALSE,FALSE
1989-09-04,Weddell,1.155837493,-0.16352570725780624,0.16352570725780624,0.29780060706748523,FALSE,FALSE
1989-09-05,Weddell,1.185601405,-0.13246636769999487,0.13246636769999487,0.29780060706748523,FALSE,FALSE
1989-09-06,Weddell,1.229240701,-0.0873298881497333,0.0873298881497333,0.29780060706748523,FALSE,FALSE
1989-09-07,Weddell,1.252206904,-0.06268801232749266,0.06268801232749266,0.29780060706748523,FALSE,FALSE
1989-09-08,Weddell,1.263038856,-0.05002516495374487,0.05002516495374487,0.29780060706748523,FALSE,FALSE
1989-09-09,Weddell,1.236870913,-0.07423025674896189,0.07423025674896189,0.29780060706748523,FALSE,FALSE
1989-09-10,Weddell,1.18350747,-0.125522047468416,0.125522047468416,0.29780060706748523,FALSE,FALSE
1989-09-11,Weddell,1.18301965,-0.12384193982721547,0.12384193982721547,0.29780060706748523,FALSE,FALSE
1989-09-12,Weddell,1.201325243,-0.1032654351436717,0.1032654351436717,0.29780060706748523,FALSE,FALSE
1989-09-13,Weddell,1.20012249,-0.1020855585217959,0.1020855585217959,0.29780060706748523,FALSE,FALSE
1989-09-14,Weddell,1.172125547,-0.12757942006559886,0.12757942006559886,0.29780060706748523,FALSE,FALSE
1989-09-15,Weddell,1.152610456,-0.144462243879095,0.144462243879095,0.29780060706748523,FALSE,FALSE
1989-09-16,Weddell,1.134344133,-0.15995838006629404,0.15995838006629404,0.29780060706748523,FALSE,FALSE
1989-09-17,Weddell,1.124578352,-0.16680732073120863,0.16680732073120863,0.29780060706748523,FALSE,FALSE
1989-09-18,Weddell,1.13188835,-0.15642509497785118,0.15642509497785118,0.29780060706748523,FALSE,FALSE
1989-09-19,Weddell,1.141038843,-0.1440382529102333,0.1440382529102333,0.29780060706748523,FALSE,FALSE
1989-09-20,Weddell,1.145312054,-0.13635583763236703,0.13635583763236703,0.29780060706748523,FALSE,FALSE
1989-09-21,Weddell,1.153216811,-0.1248602872482636,0.1248602872482636,0.29780060706748523,FALSE,FALSE
1989-09-22,Weddell,1.153852873,-0.12044310886193645,0.12044310886193645,0.29780060706748523,FALSE,FALSE
1989-09-23,Weddell,1.119806537,-0.15051143452309734,0.15051143452309734,0.29780060706748523,FALSE,FALSE
1989-09-24,Weddell,1.084446526,-0.18171312704850529,0.18171312704850529,0.29780060706748523,FALSE,FALSE
1989-09-25,Weddell,1.083861633,-0.17799002650577522,0.17799002650577522,0.29780060706748523,FALSE,FALSE
1989-09-26,Weddell,1.038584736,-0.21884008506094843,0.21884008506094843,0.29780060706748523,FALSE,FALSE
1989-09-27,Weddell,1.013599516,-0.2393104518800666,0.2393104518800666,0.29780060706748523,FALSE,FALSE
1989-09-28,Weddell,0.98782686,-0.26051107012917285,0.26051107012917285,0.29780060706748523,FALSE,FALSE
1989-09-29,Weddell,0.953450226,-0.29028931197430774,0.29028931197430774,0.29780060706748523,FALSE,FALSE
1989-09-30,Weddell,0.922112557,-0.3170330645815135,0.3170330645815135,0.29780060706748523,TRUE,FALSE
1989-10-01,Weddell,0.92892758,-0.305659431116832,0.305659431116832,0.29780060706748523,TRUE,FALSE
1989-10-02,Weddell,0.967629907,-0.2624646297463048,0.2624646297463048,0.29780060706748523,FALSE,FALSE
1989-10-03,Weddell,0.990415249,-0.2352837796359739,0.2352837796359739,0.29780060706748523,FALSE,FALSE
1989-10-04,Weddell,0.960449056,-0.26098226095188226,0.26098226095188226,0.29780060706748523,FALSE,FALSE
1989-10-05,Weddell,0.990316718,-0.22700550397991937,0.22700550397991937,0.29780060706748523,FALSE,FALSE
1989-10-06,Weddell,1.015874038,-0.1975165746835907,0.1975165746835907,0.29780060706748523,FALSE,FALSE
1989-10-07,Weddell,1.015025898,-0.19459430462244787,0.19459430462244787,0.29780060706748523,FALSE,FALSE
1989-10-08,Weddell,1.039981362,-0.16600691174421267,0.16600691174421267,0.29780060706748523,FALSE,FALSE
1989-10-09,Weddell,1.05843626,-0.1440358479966113,0.1440358479966113,0.29780060706748523,FALSE,FALSE
1989-10-10,Weddell,1.037848788,-0.16120019932736507,0.16120019932736507,0.29780060706748523,FALSE,FALSE
1989-10-11,Weddell,0.99972814,-0.19596805368420012,0.19596805368420012,0.29780060706748523,FALSE,FALSE
1989-10-12,Weddell,0.985619617,-0.20677139201483816,0.20677139201483816,0.29780060706748523,FALSE,FALSE
1989-10-13,Weddell,0.956662559,-0.23244815626700463,0.23244815626700463,0.29780060706748523,FALSE,FALSE
1989-10-14,Weddell,0.953297163,-0.2325354313884216,0.2325354313884216,0.29780060706748523,FALSE,FALSE
1989-10-15,Weddell,0.996833457,-0.1857004713268137,0.1857004713268137,0.29780060706748523,FALSE,FALSE
1989-10-16,Weddell,1.016477432,-0.16271456702990417,0.16271456702990417,0.29780060706748523,FALSE,FALSE
1989-10-17,Weddell,1.010357139,-0.1654269494454188,0.1654269494454188,0.29780060706748523,FALSE,FALSE
1989-10-18,Weddell,1.02602632,-0.1462616017983105,0.1462616017983105,0.29780060706748523,FALSE,FALSE
1989-10-19,Weddell,1.068969317,-0.09972132239060616,0.09972132239060616,0.29780060706748523,FALSE,FALSE
1989-10-20,Weddell,1.130808147,-0.03418023548195959,0.03418023548195959,0.29780060706748523,FALSE,FALSE
1989-10-21,Weddell,1.159650553,-0.00152709973283138,0.00152709973283138,0.29780060706748523,FALSE,FALSE
1989-10-22,Weddell,1.143172395,-0.01408255680368375,0.01408255680368375,0.29780060706748523,FALSE,FALSE
1989-10-23,Weddell,1.142434857,-0.0107819243549776,0.0107819243549776,0.29780060706748523,FALSE,FALSE
1989-10-24,Weddell,1.156326204,0.0072665609528264,0.0072665609528264,0.29780060706748523,FALSE,FALSE
1989-10-25,Weddell,1.184964269,0.04018423045926656,0.04018423045926656,0.29780060706748523,FALSE,FALSE
1989-10-26,Weddell,1.209447,0.06907253050388151,0.06907253050388151,0.29780060706748523,FALSE,FALSE
1989-10-27,Weddell,1.206594417,0.07075497942620967,0.07075497942620967,0.29780060706748523,FALSE,FALSE
1989-10-28,Weddell,1.188467274,0.05729582956579149,0.05729582956579149,0.29780060706748523,FALSE,FALSE
1989-10-29,Weddell,1.140488635,0.0141216432621638,0.0141216432621638,0.29780060706748523,FALSE,FALSE
1989-10-30,Weddell,1.133084966,0.01166238485486581,0.01166238485486581,0.29780060706748523,FALSE,FALSE
1989-10-31,Weddell,1.127622058,0.0112866905408544,0.0112866905408544,0.29780060706748523,FALSE,FALSE
1989-11-01,Weddell,1.137293622,0.02618790160747086,0.02618790160747086,0.29780060706748523,FALSE,FALSE
1989-11-02,Weddell,1.148789281,0.04305428384675092,0.04305428384675092,0.29780060706748523,FALSE,FALSE
1989-11-03,Weddell,1.146932703,0.04670814778526511,0.04670814778526511,0.29780060706748523,FALSE,FALSE
1989-11-04,Weddell,1.123830398,0.0292546459495846,0.0292546459495846,0.29780060706748523,FALSE,FALSE
1989-11-05,Weddell,1.074354162,-0.01443578313372051,0.01443578313372051,0.29780060706748523,FALSE,FALSE
1989-11-06,Weddell,1.051174038,-0.03169445393807701,0.03169445393807701,0.29780060706748523,FALSE,FALSE
1989-11-07,Weddell,1.023038785,-0.05377396493691688,0.05377396493691688,0.29780060706748523,FALSE,FALSE
1989-11-08,Weddell,0.978912894,-0.09171118260366762,0.09171118260366762,0.29780060706748523,FALSE,FALSE
1989-11-09,Weddell,0.958605087,-0.10569874241175904,0.10569874241175904,0.29780060706748523,FALSE,FALSE
1989-11-10,Weddell,0.937224564,-0.12062880183461988,0.12062880183461988,0.29780060706748523,FALSE,FALSE
1989-11-11,Weddell,0.929241783,-0.1220322603456786,0.1220322603456786,0.29780060706748523,FALSE,FALSE
1989-11-12,Weddell,0.927296073,-0.1172710504778064,0.1172710504778064,0.29780060706748523,FALSE,FALSE
1989-11-13,Weddell,0.932112097,-0.10561646342805464,0.10561646342805464,0.29780060706748523,FALSE,FALSE
1989-11-14,Weddell,0.940762466,-0.08998386436030192,0.08998386436030192,0.29780060706748523,FALSE,FALSE
1989-11-15,Weddell,0.946256898,-0.07735085338212933,0.07735085338212933,0.29780060706748523,FALSE,FALSE
1989-11-16,Weddell,0.938223311,-0.07807683060111659,0.07807683060111659,0.29780060706748523,FALSE,FALSE
1989-11-17,Weddell,0.923384833,-0.08542598612484353,0.08542598612484353,0.29780060706748523,FALSE,FALSE
1989-11-18,Weddell,0.917123646,-0.08400345606089055,0.08400345606089055,0.29780060706748523,FALSE,FALSE
1989-11-19,Weddell,0.915813645,-0.07742266351683802,0.07742266351683802,0.29780060706748523,FALSE,FALSE
1989-11-20,Weddell,0.916455713,-0.06867004360026574,0.06867004360026574,0.29780060706748523,FALSE,FALSE
1989-11-21,Weddell,0.911531293,-0.06525147141875431,0.06525147141875431,0.29780060706748523,FALSE,FALSE
1989-11-22,Weddell,0.902242357,-0.0659522930798837,0.0659522930798837,0.29780060706748523,FALSE,FALSE
1989-11-23,Weddell,0.891093215,-0.06825551669123386,0.06825551669123386,0.29780060706748523,FALSE,FALSE
1989-11-24,Weddell,0.878119487,-0.07211284036038534,0.07211284036038534,0.29780060706748523,FALSE,FALSE
1989-11-25,Weddell,0.858568568,-0.08226657180118224,0.08226657180118224,0.29780060706748523,FALSE,FALSE
1989-11-26,Weddell,0.811993932,-0.11917310832773076,0.11917310832773076,0.29780060706748523,FALSE,FALSE
1989-11-27,Weddell,0.777569226,-0.14367881554922068,0.14367881554922068,0.29780060706748523,FALSE,FALSE
1989-11-28,Weddell,0.746734534,-0.16436369888926505,0.16436369888926505,0.29780060706748523,FALSE,FALSE
1989-11-29,Weddell,0.73437187,-0.16636583377147474,0.16636583377147474,0.29780060706748523,FALSE,FALSE
1989-11-30,Weddell,0.730116627,-0.16006991661946135,0.16006991661946135,0.29780060706748523,FALSE,FALSE
1989-12-01,Weddell,0.719750947,-0.1597138948568373,0.1597138948568373,0.29780060706748523,FALSE,FALSE
1989-12-02,Weddell,0.664463596,-0.20412909190721415,0.20412909190721415,0.29780060706748523,FALSE,FALSE
1989-12-03,Weddell,0.65267361,-0.20491656119420332,0.20491656119420332,0.29780060706748523,FALSE,FALSE
1989-12-04,Weddell,0.645908307,-0.200569074141417,0.200569074141417,0.29780060706748523,FALSE,FALSE
1989-12-05,Weddell,0.634861192,-0.2004132151724669,0.2004132151724669,0.29780060706748523,FALSE,FALSE
1989-12-06,Weddell,0.612597988,-0.21140335071096428,0.21140335071096428,0.29780060706748523,FALSE,FALSE
1989-12-07,Weddell,0.597082743,-0.21559551996208304,0.21559551996208304,0.29780060706748523,FALSE,FALSE
1989-12-08,Weddell,0.584702107,-0.21662247145675315,0.21662247145675315,0.29780060706748523,FALSE,FALSE
1989-12-09,Weddell,0.578479283,-0.21147873989649613,0.21147873989649613,0.29780060706748523,FALSE,FALSE
1989-12-10,Weddell,0.577859895,-0.20073619364130457,0.20073619364130457,0.29780060706748523,FALSE,FALSE
1989-12-11,Weddell,0.581576417,-0.1856798510511689,0.1856798510511689,0.29780060706748523,FALSE,FALSE
1989-12-12,Weddell,0.598351017,-0.15760503648608082,0.15760503648608082,0.29780060706748523,FALSE,FALSE
1989-12-13,Weddell,0.605835329,-0.13887760830603268,0.13887760830603268,0.29780060706748523,FALSE,FALSE
1989-12-14,Weddell,0.610816313,-0.12272809887101532,0.12272809887101532,0.29780060706748523,FALSE,FALSE
1989-12-15,Weddell,0.608358978,-0.1141089915410205,0.1141089915410205,0.29780060706748523,FALSE,FALSE
1989-12-16,Weddell,0.605901035,-0.10560006767604002,0.10560006767604002,0.29780060706748523,FALSE,FALSE
1989-12-17,Weddell,0.605899924,-0.09476137963606523,0.09476137963606523,0.29780060706748523,FALSE,FALSE
1989-12-18,Weddell,0.607758954,-0.08220711078108744,0.08220711078108744,0.29780060706748523,FALSE,FALSE
1989-12-19,Weddell,0.613337005,-0.06609587347109891,0.06609587347109891,0.29780060706748523,FALSE,FALSE
1989-12-20,Weddell,0.608375088,-0.06070356395367027,0.06070356395367027,0.29780060706748523,FALSE,FALSE
1989-12-21,Weddell,0.597197512,-0.06171352872118219,0.06171352872118219,0.29780060706748523,FALSE,FALSE
1989-12-22,Weddell,0.584776858,-0.06415345732075595,0.06415345732075595,0.29780060706748523,FALSE,FALSE
1989-12-23,Weddell,0.570481304,-0.068655236503813,0.068655236503813,0.29780060706748523,FALSE,FALSE
1989-12-24,Weddell,0.562401856,-0.06712792502177645,0.06712792502177645,0.29780060706748523,FALSE,FALSE
1989-12-25,Weddell,0.554916495,-0.06519360662606855,0.06519360662606855,0.29780060706748523,FALSE,FALSE
1989-12-26,Weddell,0.553052998,-0.05782456906811306,0.05782456906811306,0.29780060706748523,FALSE,FALSE
1989-12-27,Weddell,0.5480641,-0.05376814209933178,0.05376814209933178,0.29780060706748523,FALSE,FALSE
1989-12-28,Weddell,0.534360338,-0.05861385347114678,0.05861385347114678,0.29780060706748523,FALSE,FALSE
1989-12-29,Weddell,0.534968884,-0.04933459593498157,0.04933459593498157,0.29780060706748523,FALSE,FALSE
1989-12-30,Weddell,0.531234913,-0.04458525924225953,0.04458525924225953,0.29780060706748523,FALSE,FALSE
1989-12-31,Weddell,0.533732426,-0.03379190714440139,0.03379190714440139,0.29780060706748523,FALSE,FALSE
1990-01-01,Weddell,0.536840563,-0.02257546439283053,0.02257546439283053,0.29780060706748523,FALSE,FALSE
1990-01-02,Weddell,0.533087929,-0.01840603787456651,0.01840603787456651,0.29780060706748523,FALSE,FALSE
1990-01-03,Weddell,0.534340627,-0.00941082501901069,0.00941082501901069,0.29780060706748523,FALSE,FALSE
1990-01-04,Weddell,0.521891882,-0.01428854839116233,0.01428854839116233,0.29780060706748523,FALSE,FALSE
1990-01-05,Weddell,0.506319386,-0.02245346355601807,0.02245346355601807,0.29780060706748523,FALSE,FALSE
1990-01-06,Weddell,0.500707243,-0.02081341407857906,0.02081341407857906,0.29780060706748523,FALSE,FALSE
1990-01-07,Weddell,0.485130118,-0.02928568252384139,0.02928568252384139,0.29780060706748523,FALSE,FALSE
1990-01-08,Weddell,0.47577055,-0.03167967745680411,0.03167967745680411,0.29780060706748523,FALSE,FALSE
1990-01-09,Weddell,0.46704374,-0.03357214544246717,0.03357214544246717,0.29780060706748523,FALSE,FALSE
1990-01-10,Weddell,0.464558752,-0.02934597004582645,0.02934597004582645,0.29780060706748523,FALSE,FALSE
1990-01-11,Weddell,0.467048669,-0.0202600158318823,0.0202600158318823,0.29780060706748523,FALSE,FALSE
1990-01-12,Weddell,0.46643088,-0.01438884136563178,0.01438884136563178,0.29780060706748523,FALSE,FALSE
1990-01-13,Weddell,0.464540675,-0.00988910421207445,0.00988910421207445,0.29780060706748523,FALSE,FALSE
1990-01-14,Weddell,0.4614065,-0.00672428949366649,0.00672428949366649,0.29780060706748523,FALSE,FALSE
1990-01-15,Weddell,0.456413304,-0.00550078929492831,0.00550078929492831,0.29780060706748523,FALSE,FALSE
1990-01-16,Weddell,0.448924348,-0.00684594450917941,0.00684594450917941,0.29780060706748523,FALSE,FALSE
1990-01-17,Weddell,0.441403346,-0.00828659628077804,0.00828659628077804,0.29780060706748523,FALSE,FALSE
1990-01-18,Weddell,0.437620889,-0.00604270875408236,0.00604270875408236,0.29780060706748523,FALSE,FALSE
1990-01-19,Weddell,0.44072917,0.0030473559265492,0.0030473559265492,0.29780060706748523,FALSE,FALSE
1990-01-20,Weddell,0.440741389,0.00900624261675925,0.00900624261675925,0.29780060706748523,FALSE,FALSE
1990-01-21,Weddell,0.438863242,0.01304909217218908,0.01304909217218908,0.29780060706748523,FALSE,FALSE
1990-01-22,Weddell,0.438248244,0.01833886444848104,0.01833886444848104,0.29780060706748523,FALSE,FALSE
1990-01-23,Weddell,0.437573366,0.02356197530127651,0.02356197530127651,0.29780060706748523,FALSE,FALSE
1990-01-24,Weddell,0.435704933,0.02759419458621792,0.02759419458621792,0.29780060706748523,FALSE,FALSE
1990-01-25,Weddell,0.436938419,0.03474044115894664,0.03474044115894664,0.29780060706748523,FALSE,FALSE
1990-01-26,Weddell,0.438182806,0.04191914187510565,0.04191914187510565,0.29780060706748523,FALSE,FALSE
1990-01-27,Weddell,0.445680195,0.0553791704334079,0.0553791704334079,0.29780060706748523,FALSE,FALSE
1990-01-28,Weddell,0.428715822,0.04439444647603835,0.04439444647603835,0.29780060706748523,FALSE,FALSE
1990-01-29,Weddell,0.437436438,0.05909290389449939,0.05909290389449939,0.29780060706748523,FALSE,FALSE
1990-01-30,Weddell,0.436834242,0.06444790041799486,0.06444790041799486,0.29780060706748523,FALSE,FALSE
1990-01-31,Weddell,0.429390715,0.062922075775729,0.062922075775729,0.29780060706748523,FALSE,FALSE
1990-02-01,Weddell,0.427486399,0.0668771306969051,0.0668771306969051,0.29780060706748523,FALSE,FALSE
1990-02-02,Weddell,0.425617884,0.07079081391072756,0.07079081391072756,0.29780060706748523,FALSE,FALSE
1990-02-03,Weddell,0.409990345,0.06084945914640005,0.06084945914640005,0.29780060706748523,FALSE,FALSE
1990-02-04,Weddell,0.391208469,0.04763891213312643,0.04763891213312643,0.29780060706748523,FALSE,FALSE
1990-02-05,Weddell,0.374936127,0.03680420260011091,0.03680420260011091,0.29780060706748523,FALSE,FALSE
1990-02-06,Weddell,0.358552869,0.02570603927655707,0.02570603927655707,0.29780060706748523,FALSE,FALSE
1990-02-07,Weddell,0.351044762,0.02331164789166878,0.02331164789166878,0.29780060706748523,FALSE,FALSE
1990-02-08,Weddell,0.341031889,0.01822229449487289,0.01822229449487289,0.29780060706748523,FALSE,FALSE
1990-02-09,Weddell,0.330298902,0.01220702497224041,0.01220702497224041,0.29780060706748523,FALSE,FALSE
1990-02-10,Weddell,0.324029452,0.01044026979277218,0.01044026979277218,0.29780060706748523,FALSE,FALSE
1990-02-11,Weddell,0.313924196,0.00461422041594122,0.00461422041594122,0.29780060706748523,FALSE,FALSE
1990-02-12,Weddell,0.308238163,0.00297544030122204,0.00297544030122204,0.29780060706748523,FALSE,FALSE
1990-02-13,Weddell,0.305086969,0.0036310799080878,0.0036310799080878,0.29780060706748523,FALSE,FALSE
1990-02-14,Weddell,0.300075634,0.00217769369601267,0.00217769369601267,0.29780060706748523,FALSE,FALSE
1990-02-15,Weddell,0.313883657,0.01928631512447021,0.01928631512447021,0.29780060706748523,FALSE,FALSE
1990-02-16,Weddell,0.320819434,0.02925687465293403,0.02925687465293403,0.29780060706748523,FALSE,FALSE
1990-02-17,Weddell,0.321425943,0.03262388474087807,0.03262388474087807,0.29780060706748523,FALSE,FALSE
1990-02-18,Weddell,0.309494988,0.02317068384777565,0.02317068384777565,0.29780060706748523,FALSE,FALSE
1990-02-19,Weddell,0.308263695,0.02412593243310068,0.02412593243310068,0.29780060706748523,FALSE,FALSE
1990-02-20,Weddell,0.292537074,0.01028617495632733,0.01028617495632733,0.29780060706748523,FALSE,FALSE
1990-02-21,Weddell,0.278087073,-0.00258463370243383,0.00258463370243383,0.29780060706748523,FALSE,FALSE
1990-02-22,Weddell,0.266089904,-0.01331254720855457,0.01331254720855457,0.29780060706748523,FALSE,FALSE
1990-02-23,Weddell,0.264842256,-0.01359933207472435,0.01359933207472435,0.29780060706748523,FALSE,FALSE
1990-02-24,Weddell,0.257876932,-0.01991057193761125,0.01991057193761125,0.29780060706748523,FALSE,FALSE
1990-02-25,Weddell,0.250906308,-0.02653227743388281,0.02653227743388281,0.29780060706748523,FALSE,FALSE
1990-02-26,Weddell,0.250933185,-0.02646003420020681,0.02646003420020681,0.29780060706748523,FALSE,FALSE
1990-02-27,Weddell,0.251599037,-0.02605075487325042,0.02605075487325042,0.29780060706748523,FALSE,FALSE
1990-02-28,Weddell,0.244061618,-0.03414507208968151,0.03414507208968151,0.29780060706748523,FALSE,FALSE
1990-03-01,Weddell,0.255344644,-0.02371765648616791,0.02371765648616791,0.29780060706748523,FALSE,FALSE
1990-03-02,Weddell,0.265364377,-0.01485063269937692,0.01485063269937692,0.29780060706748523,FALSE,FALSE
1990-03-03,Weddell,0.272994416,-0.00866878836597617,0.00866878836597617,0.29780060706748523,FALSE,FALSE
1990-03-04,Weddell,0.266115907,-0.01728936412263321,0.01728936412263321,0.29780060706748523,FALSE,FALSE
1990-03-05,Weddell,0.277407656,-0.00803193973392346,0.00803193973392346,0.29780060706748523,FALSE,FALSE
1990-03-06,Weddell,0.283044353,-0.00471696689096595,0.00471696689096595,0.29780060706748523,FALSE,FALSE
1990-03-07,Weddell,0.300639173,0.01028414918602954,0.01028414918602954,0.29780060706748523,FALSE,FALSE
1990-03-08,Weddell,0.308770823,0.01556768095036026,0.01556768095036026,0.29780060706748523,FALSE,FALSE
1990-03-09,Weddell,0.31573294,0.01944483085532189,0.01944483085532189,0.29780060706748523,FALSE,FALSE
1990-03-10,Weddell,0.326422331,0.02682997135421005,0.02682997135421005,0.29780060706748523,FALSE,FALSE
1990-03-11,Weddell,0.325740043,0.02264171490032168,0.02264171490032168,0.29780060706748523,FALSE,FALSE
1990-03-12,Weddell,0.317624353,0.0108359039469531,0.0108359039469531,0.29780060706748523,FALSE,FALSE
1990-03-13,Weddell,0.302562152,-0.00808300505260051,0.00808300505260051,0.29780060706748523,FALSE,FALSE
1990-03-14,Weddell,0.274893875,-0.03975701164504208,0.03975701164504208,0.29780060706748523,FALSE,FALSE
1990-03-15,Weddell,0.283092945,-0.03569512737707581,0.03569512737707581,0.29780060706748523,FALSE,FALSE
1990-03-16,Weddell,0.289284117,-0.03375503179540556,0.03375503179540556,0.29780060706748523,FALSE,FALSE
1990-03-17,Weddell,0.314598252,-0.01278829844673506,0.01278829844673506,0.29780060706748523,FALSE,FALSE
1990-03-18,Weddell,0.32279487,-0.00901812064265233,0.00901812064265233,0.29780060706748523,FALSE,FALSE
1990-03-19,Weddell,0.324684638,-0.01162350680710899,0.01162350680710899,0.29780060706748523,FALSE,FALSE
1990-03-20,Weddell,0.361878707,0.02100973620810303,0.02100973620810303,0.29780060706748523,FALSE,FALSE
1990-03-21,Weddell,0.384438707,0.03894593768257248,0.03894593768257248,0.29780060706748523,FALSE,FALSE
1990-03-22,Weddell,0.388226296,0.03804945489588879,0.03804945489588879,0.29780060706748523,FALSE,FALSE
1990-03-23,Weddell,0.38761361,0.03269512312764111,0.03269512312764111,0.29780060706748523,FALSE,FALSE
1990-03-24,Weddell,0.388864275,0.02914926765741904,0.02914926765741904,0.29780060706748523,FALSE,FALSE
1990-03-25,Weddell,0.385108688,0.02054498476481203,0.02054498476481203,0.29780060706748523,FALSE,FALSE
1990-03-26,Weddell,0.360594212,-0.00886766327059124,0.00886766327059124,0.29780060706748523,FALSE,FALSE
1990-03-27,Weddell,0.354975311,-0.01943151316920133,0.01943151316920133,0.29780060706748523,FALSE,FALSE
1990-03-28,Weddell,0.36880804700000003,-0.01058780365142869,0.01058780365142869,0.29780060706748523,FALSE,FALSE
1990-03-29,Weddell,0.389508064,0.0050818085623161,0.0050818085623161,0.29780060706748523,FALSE,FALSE
1990-03-30,Weddell,0.378258737,-0.01123660224837802,0.01123660224837802,0.29780060706748523,FALSE,FALSE
1990-03-31,Weddell,0.370753142,-0.02384891199160238,0.02384891199160238,0.29780060706748523,FALSE,FALSE
1990-04-01,Weddell,0.360697955,-0.03905642202217407,0.03905642202217407,0.29780060706748523,FALSE,FALSE
1990-04-02,Weddell,0.348732927,-0.05623042695786356,0.05623042695786356,0.29780060706748523,FALSE,FALSE
1990-04-03,Weddell,0.33667623,-0.07356380295297182,0.07356380295297182,0.29780060706748523,FALSE,FALSE
1990-04-04,Weddell,0.341678797,-0.0739166651617999,0.0739166651617999,0.29780060706748523,FALSE,FALSE
1990-04-05,Weddell,0.346688734,-0.07435195573864883,0.07435195573864883,0.29780060706748523,FALSE,FALSE
1990-04-06,Weddell,0.357976851,-0.06860991283781853,0.06860991283781853,0.29780060706748523,FALSE,FALSE
1990-04-07,Weddell,0.385619169,-0.04662556361361109,0.04662556361361109,0.29780060706748523,FALSE,FALSE
1990-04-08,Weddell,0.41632005,-0.02170559422032647,0.02170559422032647,0.29780060706748523,FALSE,FALSE
1990-04-09,Weddell,0.452021608,0.00808106118773349,0.00808106118773349,0.29780060706748523,FALSE,FALSE
1990-04-10,Weddell,0.468259934,0.01825944545626878,0.01825944545626878,0.29780060706748523,FALSE,FALSE
1990-04-11,Weddell,0.453273826,-0.0029426915690226,0.0029426915690226,0.29780060706748523,FALSE,FALSE
1990-04-12,Weddell,0.438937444,-0.02366207133982567,0.02366207133982567,0.29780060706748523,FALSE,FALSE
1990-04-13,Weddell,0.456411503,-0.01273697937360462,0.01273697937360462,0.29780060706748523,FALSE,FALSE
1990-04-14,Weddell,0.468902522,-0.00694031157431973,0.00694031157431973,0.29780060706748523,FALSE,FALSE
1990-04-15,Weddell,0.473267317,-0.00939283746195496,0.00939283746195496,0.29780060706748523,FALSE,FALSE
1990-04-16,Weddell,0.462008714,-0.02756931655649597,0.02756931655649597,0.29780060706748523,FALSE,FALSE
1990-04-17,Weddell,0.457025649,-0.03954839837792767,0.03954839837792767,0.29780060706748523,FALSE,FALSE
1990-04-18,Weddell,0.461396273,-0.04222951744623476,0.04222951744623476,0.29780060706748523,FALSE,FALSE
1990-04-19,Weddell,0.482626648,-0.02808419728140265,0.02808419728140265,0.29780060706748523,FALSE,FALSE
1990-04-20,Weddell,0.524350119,0.00654332159658377,0.00654332159658377,0.29780060706748523,FALSE,FALSE
1990-04-21,Weddell,0.550503695,0.02561246266773953,0.02561246266773953,0.29780060706748523,FALSE,FALSE
1990-04-22,Weddell,0.564802583,0.0328608474120794,0.0328608474120794,0.29780060706748523,FALSE,FALSE
1990-04-23,Weddell,0.570390232,0.03145433930961872,0.03145433930961872,0.29780060706748523,FALSE,FALSE
1990-04-24,Weddell,0.600820941,0.05496965184037172,0.05496965184037172,0.29780060706748523,FALSE,FALSE
1990-04-25,Weddell,0.636852871,0.08418534308042347,0.08418534308042347,0.29780060706748523,FALSE,FALSE
1990-04-26,Weddell,0.676465516,0.11708214388772542,0.11708214388772542,0.29780060706748523,FALSE,FALSE
1990-04-27,Weddell,0.711144044,0.14513587107163195,0.14513587107163195,0.29780060706748523,FALSE,FALSE
1990-04-28,Weddell,0.743224055,0.17067266190809915,0.17067266190809915,0.29780060706748523,FALSE,FALSE
1990-04-29,Weddell,0.750644493,0.1716219976730824,0.1716219976730824,0.29780060706748523,FALSE,FALSE
1990-04-30,Weddell,0.73707538,0.15164443764253666,0.15164443764253666,0.29780060706748523,FALSE,FALSE
1990-05-01,Weddell,0.706851413,0.11506521609241815,0.11506521609241815,0.29780060706748523,FALSE,FALSE
1990-05-02,Weddell,0.696950088,0.0988523662986821,0.0988523662986821,0.29780060706748523,FALSE,FALSE
1990-05-03,Weddell,0.696955822,0.09258084253728438,0.09258084253728438,0.29780060706748523,FALSE,FALSE
1990-05-04,Weddell,0.672152541,0.06152510808418054,0.06152510808418054,0.29780060706748523,FALSE,FALSE
1990-05-05,Weddell,0.671564572,0.0547000272153253,0.0547000272153253,0.29780060706748523,FALSE,FALSE
1990-05-06,Weddell,0.66043041,0.03733463220667499,0.03733463220667499,0.29780060706748523,FALSE,FALSE
1990-05-07,Weddell,0.655400479,0.02606987650560754,0.02606987650560754,0.29780060706748523,FALSE,FALSE
1990-05-08,Weddell,0.64485811,0.00927525600518341,0.00927525600518341,0.29780060706748523,FALSE,FALSE
1990-05-09,Weddell,0.640507805,-0.00137017854279297,0.00137017854279297,0.29780060706748523,FALSE,FALSE
1990-05-10,Weddell,0.611981411,-0.03626194266033733,0.03626194266033733,0.29780060706748523,FALSE,FALSE
1990-05-11,Weddell,0.56231643,-0.09238989686946708,0.09238989686946708,0.29780060706748523,FALSE,FALSE
1990-05-12,Weddell,0.523783053,-0.13751121269219724,0.13751121269219724,0.29780060706748523,FALSE,FALSE
1990-05-13,Weddell,0.49508322,-0.17295131265054614,0.17295131265054614,0.29780060706748523,FALSE,FALSE
1990-05-14,Weddell,0.487586618,-0.1873678722665292,0.1873678722665292,0.29780060706748523,FALSE,FALSE
1990-05-15,Weddell,0.490104908,-0.19197659306216291,0.19197659306216291,0.29780060706748523,FALSE,FALSE
1990-05-16,Weddell,0.506882304,-0.182560623559464,0.182560623559464,0.29780060706748523,FALSE,FALSE
1990-05-17,Weddell,0.541136221,-0.15592991128044853,0.15592991128044853,0.29780060706748523,FALSE,FALSE
1990-05-18,Weddell,0.585955909,-0.11902256874713336,0.11902256874713336,0.29780060706748523,FALSE,FALSE
1990-05-19,Weddell,0.624484338,-0.0887229884815347,0.0887229884815347,0.29780060706748523,FALSE,FALSE
1990-05-20,Weddell,0.652380843,-0.06939731834252716,0.06939731834252716,0.29780060706748523,FALSE,FALSE
1990-05-21,Weddell,0.659791896,-0.07089027038456663,0.07089027038456663,0.29780060706748523,FALSE,FALSE
1990-05-22,Weddell,0.706836806,-0.03304375335273923,0.03304375335273923,0.29780060706748523,FALSE,FALSE
1990-05-23,Weddell,0.734575276,-0.01475827378414385,0.01475827378414385,0.29780060706748523,FALSE,FALSE
1990-05-24,Weddell,0.742585476,-0.01641587121587784,0.01641587121587784,0.29780060706748523,FALSE,FALSE
1990-05-25,Weddell,0.740716568,-0.02812759318503877,0.02812759318503877,0.29780060706748523,FALSE,FALSE
1990-05-26,Weddell,0.720884281,-0.05793792022872512,0.05793792022872512,0.29780060706748523,FALSE,FALSE
1990-05-27,Weddell,0.706092324,-0.0828033528840344,0.0828033528840344,0.29780060706748523,FALSE,FALSE
1990-05-28,Weddell,0.693125599,-0.10589919868806486,0.10589919868806486,0.29780060706748523,FALSE,FALSE
1990-05-29,Weddell,0.653483325,-0.15568644817791366,0.15568644817791366,0.29780060706748523,FALSE,FALSE
1990-05-30,Weddell,0.676911107,-0.14237970589067928,0.14237970589067928,0.29780060706748523,FALSE,FALSE
1990-05-31,Weddell,0.757830485,-0.07151764136345917,0.07151764136345917,0.29780060706748523,FALSE,FALSE
1990-06-01,Weddell,0.794780697,-0.04452122613335185,0.04452122613335185,0.29780060706748523,FALSE,FALSE
1990-06-02,Weddell,0.816304323,-0.03281627841695067,0.03281627841695067,0.29780060706748523,FALSE,FALSE
1990-06-03,Weddell,0.84962017,-0.00918871662439801,0.00918871662439801,0.29780060706748523,FALSE,FALSE
1990-06-04,Weddell,0.868794538,4.1296360859555126e-4,4.1296360859555126e-4,0.29780060706748523,FALSE,FALSE
1990-06-05,Weddell,0.879734002,0.00188054127329373,0.00188054127329373,0.29780060706748523,FALSE,FALSE
1990-06-06,Weddell,0.882257546,-0.00498179563904188,0.00498179563904188,0.29780060706748523,FALSE,FALSE
1990-06-07,Weddell,0.872570643,-0.02398337013714668,0.02398337013714668,0.29780060706748523,FALSE,FALSE
1990-06-08,Weddell,0.878056307,-0.02775596422975945,0.02775596422975945,0.29780060706748523,FALSE,FALSE
1990-06-09,Weddell,0.876251363,-0.03877754892561635,0.03877754892561635,0.29780060706748523,FALSE,FALSE
1990-06-10,Weddell,0.870696833,-0.05352189823345477,0.05352189823345477,0.29780060706748523,FALSE,FALSE
1990-06-11,Weddell,0.878681268,-0.05471525716201086,0.05471525716201086,0.29780060706748523,FALSE,FALSE
1990-06-12,Weddell,0.896502346,-0.04607474372002296,0.04607474372002296,0.29780060706748523,FALSE,FALSE
1990-06-13,Weddell,0.896458402,-0.05531681891622753,0.05531681891622753,0.29780060706748523,FALSE,FALSE
1990-06-14,Weddell,0.874325555,-0.08667974537945111,0.08667974537945111,0.29780060706748523,FALSE,FALSE
1990-06-15,Weddell,0.884821571,-0.0854418711534709,0.0854418711534709,0.29780060706748523,FALSE,FALSE
1990-06-16,Weddell,0.950408648,-0.02911205179297205,0.02911205179297205,0.29780060706748523,FALSE,FALSE
1990-06-17,Weddell,1.008025645,0.01927933382253077,0.01927933382253077,0.29780060706748523,FALSE,FALSE
1990-06-18,Weddell,1.020306072,0.02239655781351679,0.02239655781351679,0.29780060706748523,FALSE,FALSE
1990-06-19,Weddell,1.035607845,0.02862829830047086,0.02862829830047086,0.29780060706748523,FALSE,FALSE
1990-06-20,Weddell,1.076530949,0.06060530240387507,0.06060530240387507,0.29780060706748523,FALSE,FALSE
1990-06-21,Weddell,1.108922796,0.08420574424421168,0.08420574424421168,0.29780060706748523,FALSE,FALSE
1990-06-22,Weddell,1.161134194,0.1278111939419635,0.1278111939419635,0.29780060706748523,FALSE,FALSE
1990-06-23,Weddell,1.191528759,0.1498160296176132,0.1498160296176132,0.29780060706748523,FALSE,FALSE
1990-06-24,Weddell,1.215877993,0.16602251539164303,0.16602251539164303,0.29780060706748523,FALSE,FALSE
1990-06-25,Weddell,1.271602276,0.2138817933845354,0.2138817933845354,0.29780060706748523,FALSE,FALSE
1990-06-26,Weddell,1.304172076,0.2388950937167729,0.2388950937167729,0.29780060706748523,FALSE,FALSE
1990-06-27,Weddell,1.317429479,0.2449311401323868,0.2449311401323868,0.29780060706748523,FALSE,FALSE
1990-06-28,Weddell,1.327176908,0.2477878275028849,0.2477878275028849,0.29780060706748523,FALSE,FALSE
1990-06-29,Weddell,1.356841398,0.2708734217875446,0.2708734217875446,0.29780060706748523,FALSE,FALSE
1990-06-30,Weddell,1.372511478,0.2802576097258427,0.2802576097258427,0.29780060706748523,FALSE,FALSE
1990-07-01,Weddell,1.358639141,0.2603735420572557,0.2603735420572557,0.29780060706748523,FALSE,FALSE
1990-07-02,Weddell,1.330847784,0.22682577352126043,0.22682577352126043,0.29780060706748523,FALSE,FALSE
1990-07-03,Weddell,1.306714527,0.19717258185733463,0.19717258185733463,0.29780060706748523,FALSE,FALSE
1990-07-04,Weddell,1.299584775,0.18474052980495315,0.18474052980495315,0.29780060706748523,FALSE,FALSE
1990-07-05,Weddell,1.306266963,0.1863192101035935,0.1863192101035935,0.29780060706748523,FALSE,FALSE
1990-07-06,Weddell,1.280247861,0.1553765504927331,0.1553765504927331,0.29780060706748523,FALSE,FALSE
1990-07-07,Weddell,1.247522501,0.1178887407118474,0.1178887407118474,0.29780060706748523,FALSE,FALSE
1990-07-08,Weddell,1.231771513,0.09751756850041304,0.09751756850041304,0.29780060706748523,FALSE,FALSE
1990-07-09,Weddell,1.245092153,0.10634145513312077,0.10634145513312077,0.29780060706748523,FALSE,FALSE
1990-07-10,Weddell,1.271135381,0.1279939914487569,0.1279939914487569,0.29780060706748523,FALSE,FALSE
1990-07-11,Weddell,1.31100011,0.16355992863568236,0.16355992863568236,0.29780060706748523,FALSE,FALSE
1990-07-12,Weddell,1.340636779,0.1889759683310548,0.1889759683310548,0.29780060706748523,FALSE,FALSE
1990-07-13,Weddell,1.355213438,0.19939642317203152,0.19939642317203152,0.29780060706748523,FALSE,FALSE
1990-07-14,Weddell,1.371527627,0.21160509579577025,0.21160509579577025,0.29780060706748523,FALSE,FALSE
1990-07-15,Weddell,1.401015811,0.23702471383942725,0.23702471383942725,0.29780060706748523,FALSE,FALSE
1990-07-16,Weddell,1.428066524,0.26003007394016087,0.26003007394016087,0.29780060706748523,FALSE,FALSE
1990-07-17,Weddell,1.434591731,0.2625194037351273,0.2625194037351273,0.29780060706748523,FALSE,FALSE
1990-07-18,Weddell,1.396485611,0.22037314486148565,0.22037314486148565,0.29780060706748523,FALSE,FALSE
1990-07-19,Weddell,1.348198388,0.16802778395639084,0.16802778395639084,0.29780060706748523,FALSE,FALSE
1990-07-20,Weddell,1.326412794,0.1421523156570026,0.1421523156570026,0.29780060706748523,FALSE,FALSE
1990-07-21,Weddell,1.310827467,0.12243164060047684,0.12243164060047684,0.29780060706748523,FALSE,FALSE
1990-07-22,Weddell,1.291449849,0.09886050687465642,0.09886050687465642,0.29780060706748523,FALSE,FALSE
1990-07-23,Weddell,1.249113063,0.05227374558434472,0.05227374558434472,0.29780060706748523,FALSE,FALSE
1990-07-24,Weddell,1.225475766,0.02434222003606145,0.02434222003606145,0.29780060706748523,FALSE,FALSE
1990-07-25,Weddell,1.20366589,-0.00179369332360779,0.00179369332360779,0.29780060706748523,FALSE,FALSE
1990-07-26,Weddell,1.195217894,-0.01458709104807631,0.01458709104807631,0.29780060706748523,FALSE,FALSE
1990-07-27,Weddell,1.184901118,-0.02925618869076118,0.02925618869076118,0.29780060706748523,FALSE,FALSE
1990-07-28,Weddell,1.178886934,-0.03961716980507512,0.03961716980507512,0.29780060706748523,FALSE,FALSE
1990-07-29,Weddell,1.246918046,0.02408511405556779,0.02408511405556779,0.29780060706748523,FALSE,FALSE
1990-07-30,Weddell,1.326124782,0.09899343533775172,0.09899343533775172,0.29780060706748523,FALSE,FALSE
1990-07-31,Weddell,1.334559753,0.10317284948806194,0.10317284948806194,0.29780060706748523,FALSE,FALSE
1990-08-01,Weddell,1.350900316,0.1153131579530855,0.1153131579530855,0.29780060706748523,FALSE,FALSE
1990-08-02,Weddell,1.386275808,0.1465561421794059,0.1465561421794059,0.29780060706748523,FALSE,FALSE
1990-08-03,Weddell,1.372320202,0.12854821948303674,0.12854821948303674,0.29780060706748523,FALSE,FALSE
1990-08-04,Weddell,1.330641686,0.08290649721450527,0.08290649721450527,0.29780060706748523,FALSE,FALSE
1990-08-05,Weddell,1.311796957,0.0601838758122184,0.0601838758122184,0.29780060706748523,FALSE,FALSE
1990-08-06,Weddell,1.289414373,0.03400205036244652,0.03400205036244652,0.29780060706748523,FALSE,FALSE
1990-08-07,Weddell,1.259928639,7.89062951458197e-4,7.89062951458197e-4,0.29780060706748523,FALSE,FALSE
1990-08-08,Weddell,1.289843897,0.02704239266552477,0.02704239266552477,0.29780060706748523,FALSE,FALSE
1990-08-09,Weddell,1.357557453,0.09115268259091458,0.09115268259091458,0.29780060706748523,FALSE,FALSE
1990-08-10,Weddell,1.404373136,0.13441709881389774,0.13441709881389774,0.29780060706748523,FALSE,FALSE
1990-08-11,Weddell,1.405515969,0.13205400142074408,0.13205400142074408,0.29780060706748523,FALSE,FALSE
1990-08-12,Weddell,1.412160002,0.1352307774977226,0.1352307774977226,0.29780060706748523,FALSE,FALSE
1990-08-13,Weddell,1.383837101,0.10347263013110486,0.10347263013110486,0.29780060706748523,FALSE,FALSE
1990-08-14,Weddell,1.368713825,0.0849394554071583,0.0849394554071583,0.29780060706748523,FALSE,FALSE
1990-08-15,Weddell,1.420516553,0.1333509694121533,0.1333509694121533,0.29780060706748523,FALSE,FALSE
1990-08-16,Weddell,1.459649159,0.1691049321819258,0.1691049321819258,0.29780060706748523,FALSE,FALSE
1990-08-17,Weddell,1.474780903,0.18088080582267807,0.18088080582267807,0.29780060706748523,FALSE,FALSE
1990-08-18,Weddell,1.517018102,0.21981378446994593,0.21981378446994593,0.29780060706748523,FALSE,FALSE
1990-08-19,Weddell,1.558954889,0.25852790169914774,0.25852790169914774,0.29780060706748523,FALSE,FALSE
1990-08-20,Weddell,1.576831611,0.2732934050856999,0.2732934050856999,0.29780060706748523,FALSE,FALSE
1990-08-21,Weddell,1.567202692,0.26069461920501813,0.26069461920501813,0.29780060706748523,FALSE,FALSE
1990-08-22,Weddell,1.581744404,0.27243771663252203,0.27243771663252203,0.29780060706748523,FALSE,FALSE
1990-08-23,Weddell,1.57754012,0.2656359709436267,0.2656359709436267,0.29780060706748523,FALSE,FALSE
1990-08-24,Weddell,1.588310161,0.27403960371375047,0.27403960371375047,0.29780060706748523,FALSE,FALSE
1990-08-25,Weddell,1.603222352,0.28684634051830904,0.28684634051830904,0.29780060706748523,FALSE,FALSE
1990-08-26,Weddell,1.626571933,0.3083813219327205,0.3083813219327205,0.29780060706748523,TRUE,TRUE
1990-08-27,Weddell,1.64214767,0.322463214532402,0.322463214532402,0.29780060706748523,TRUE,TRUE
1990-08-28,Weddell,1.65048698,0.3296593358927704,0.3296593358927704,0.29780060706748523,TRUE,TRUE
1990-08-29,Weddell,1.662400393,0.3408044395832266,0.3408044395832266,0.29780060706748523,TRUE,TRUE
1990-08-30,Weddell,1.657566119,0.3355664560564213,0.3355664560564213,0.29780060706748523,TRUE,TRUE
1990-08-31,Weddell,1.655045189,0.3329831728448982,0.3329831728448982,0.29780060706748523,TRUE,TRUE
1990-09-01,Weddell,1.628536233,0.30672995322818597,0.30672995322818597,0.29780060706748523,TRUE,TRUE
1990-09-02,Weddell,1.584672702,0.26341698148581294,0.26341698148581294,0.29780060706748523,FALSE,FALSE
1990-09-03,Weddell,1.542067312,0.22163370689730555,0.22163370689730555,0.29780060706748523,FALSE,FALSE
1990-09-04,Weddell,1.493343074,0.1739798737421938,0.1739798737421938,0.29780060706748523,FALSE,FALSE
1990-09-05,Weddell,1.4579519970000001,0.13988422430000513,0.13988422430000513,0.29780060706748523,FALSE,FALSE
1990-09-06,Weddell,1.4249776,0.10840701085026684,0.10840701085026684,0.29780060706748523,FALSE,FALSE
1990-09-07,Weddell,1.417858104,0.10296318767250744,0.10296318767250744,0.29780060706748523,FALSE,FALSE
1990-09-08,Weddell,1.423908845,0.11084482404625497,0.11084482404625497,0.29780060706748523,FALSE,FALSE
1990-09-09,Weddell,1.435454032,0.12435286225103814,0.12435286225103814,0.29780060706748523,FALSE,FALSE
1990-09-10,Weddell,1.445640512,0.1366109945315841,0.1366109945315841,0.29780060706748523,FALSE,FALSE
1990-09-11,Weddell,1.476482724,0.16962113417278446,0.16962113417278446,0.29780060706748523,FALSE,FALSE
1990-09-12,Weddell,1.487323505,0.1827328268563282,0.1827328268563282,0.29780060706748523,FALSE,FALSE
1990-09-13,Weddell,1.498712687,0.1965046384782041,0.1965046384782041,0.29780060706748523,FALSE,FALSE
1990-09-14,Weddell,1.49872398,0.19901901293440116,0.19901901293440116,0.29780060706748523,FALSE,FALSE
1990-09-15,Weddell,1.485933638,0.188860938120905,0.188860938120905,0.29780060706748523,FALSE,FALSE
1990-09-16,Weddell,1.453953763,0.15965124993370594,0.15965124993370594,0.29780060706748523,FALSE,FALSE
1990-09-17,Weddell,1.438857124,0.14747145126879158,0.14747145126879158,0.29780060706748523,FALSE,FALSE
1990-09-18,Weddell,1.405625327,0.11731188202214882,0.11731188202214882,0.29780060706748523,FALSE,FALSE
1990-09-19,Weddell,1.386409073,0.10133197708976673,0.10133197708976673,0.29780060706748523,FALSE,FALSE
1990-09-20,Weddell,1.373776876,0.09210898436763304,0.09210898436763304,0.29780060706748523,FALSE,FALSE
1990-09-21,Weddell,1.368304195,0.09022709675173624,0.09022709675173624,0.29780060706748523,FALSE,FALSE
1990-09-22,Weddell,1.348961433,0.07466545113806355,0.07466545113806355,0.29780060706748523,FALSE,FALSE
1990-09-23,Weddell,1.290167264,0.01984929247690248,0.01984929247690248,0.29780060706748523,FALSE,FALSE
1990-09-24,Weddell,1.238756239,-0.02740341404850532,0.02740341404850532,0.29780060706748523,FALSE,FALSE
1990-09-25,Weddell,1.211376715,-0.05047494450577505,0.05047494450577505,0.29780060706748523,FALSE,FALSE
1990-09-26,Weddell,1.178480361,-0.07894446006094835,0.07894446006094835,0.29780060706748523,FALSE,FALSE
1990-09-27,Weddell,1.204143702,-0.04876626588006649,0.04876626588006649,0.29780060706748523,FALSE,FALSE
1990-09-28,Weddell,1.245749555,-0.00258837512917287,0.00258837512917287,0.29780060706748523,FALSE,FALSE
1990-09-29,Weddell,1.265853558,0.0221140200256924,0.0221140200256924,0.29780060706748523,FALSE,FALSE
1990-09-30,Weddell,1.259110946,0.01996532441848653,0.01996532441848653,0.29780060706748523,FALSE,FALSE
1990-10-01,Weddell,1.302162454,0.06757544288316808,0.06757544288316808,0.29780060706748523,FALSE,FALSE
1990-10-02,Weddell,1.346289608,0.1161950712536952,0.1161950712536952,0.29780060706748523,FALSE,FALSE
1990-10-03,Weddell,1.39079203,0.16509300136402616,0.16509300136402616,0.29780060706748523,FALSE,FALSE
1990-10-04,Weddell,1.383439469,0.1620081520481178,0.1620081520481178,0.29780060706748523,FALSE,FALSE
1990-10-05,Weddell,1.385407735,0.16808551302008068,0.16808551302008068,0.29780060706748523,FALSE,FALSE
1990-10-06,Weddell,1.376474926,0.16308431331640927,0.16308431331640927,0.29780060706748523,FALSE,FALSE
1990-10-07,Weddell,1.388659612,0.17903940937755225,0.17903940937755225,0.29780060706748523,FALSE,FALSE
1990-10-08,Weddell,1.431974056,0.22598578225578736,0.22598578225578736,0.29780060706748523,FALSE,FALSE
1990-10-09,Weddell,1.433728318,0.2312562100033888,0.2312562100033888,0.29780060706748523,FALSE,FALSE
1990-10-10,Weddell,1.409474533,0.21042554567263497,0.21042554567263497,0.29780060706748523,FALSE,FALSE
1990-10-11,Weddell,1.463948398,0.2682522043158,0.2682522043158,0.29780060706748523,FALSE,FALSE
1990-10-12,Weddell,1.49706269,0.30467168098516173,0.30467168098516173,0.29780060706748523,TRUE,FALSE
1990-10-13,Weddell,1.517943866,0.32883315073299535,0.32883315073299535,0.29780060706748523,TRUE,FALSE
1990-10-14,Weddell,1.513655795,0.32782320061157844,0.32782320061157844,0.29780060706748523,TRUE,FALSE
1990-10-15,Weddell,1.494358679,0.3118247506731864,0.3118247506731864,0.29780060706748523,TRUE,FALSE
1990-10-16,Weddell,1.453911936,0.27471993697009567,0.27471993697009567,0.29780060706748523,FALSE,FALSE
1990-10-17,Weddell,1.417136033,0.2413519445545813,0.2413519445545813,0.29780060706748523,FALSE,FALSE
1990-10-18,Weddell,1.40156973,0.22928180820168964,0.22928180820168964,0.29780060706748523,FALSE,FALSE
1990-10-19,Weddell,1.38422831,0.2155376706093937,0.2155376706093937,0.29780060706748523,FALSE,FALSE
1990-10-20,Weddell,1.365642046,0.20065366351804048,0.20065366351804048,0.29780060706748523,FALSE,FALSE
1990-10-21,Weddell,1.366868078,0.20569042526716852,0.20569042526716852,0.29780060706748523,FALSE,FALSE
1990-10-22,Weddell,1.392262955,0.23500800319631643,0.23500800319631643,0.29780060706748523,FALSE,FALSE
1990-10-23,Weddell,1.395287382,0.2420706006450224,0.2420706006450224,0.29780060706748523,FALSE,FALSE
1990-10-24,Weddell,1.38015616,0.23109651695282651,0.23109651695282651,0.29780060706748523,FALSE,FALSE
1990-10-25,Weddell,1.383189492,0.23840945345926667,0.23840945345926667,0.29780060706748523,FALSE,FALSE
1990-10-26,Weddell,1.375399858,0.23502538850388155,0.23502538850388155,0.29780060706748523,FALSE,FALSE
1990-10-27,Weddell,1.361481638,0.22564220042620975,0.22564220042620975,0.29780060706748523,FALSE,FALSE
1990-10-28,Weddell,1.336612811,0.20544136656579148,0.20544136656579148,0.29780060706748523,FALSE,FALSE
1990-10-29,Weddell,1.337809403,0.2114424112621638,0.2114424112621638,0.29780060706748523,FALSE,FALSE
1990-10-30,Weddell,1.324035628,0.20261304685486592,0.20261304685486592,0.29780060706748523,FALSE,FALSE
1990-10-31,Weddell,1.340452731,0.22411736354085443,0.22411736354085443,0.29780060706748523,FALSE,FALSE
1990-11-01,Weddell,1.342246876,0.23114115560747073,0.23114115560747073,0.29780060706748523,FALSE,FALSE
1990-11-02,Weddell,1.357257378,0.2515223808467508,0.2515223808467508,0.29780060706748523,FALSE,FALSE
1990-11-03,Weddell,1.348181386,0.2479568307852651,0.2479568307852651,0.29780060706748523,FALSE,FALSE
1990-11-04,Weddell,1.351941635,0.2573658829495846,0.2573658829495846,0.29780060706748523,FALSE,FALSE
1990-11-05,Weddell,1.348948259,0.2601583138662795,0.2601583138662795,0.29780060706748523,FALSE,FALSE
1990-11-06,Weddell,1.36043255,0.27756405806192297,0.27756405806192297,0.29780060706748523,FALSE,FALSE
1990-11-07,Weddell,1.37551856,0.29870581006308305,0.29870581006308305,0.29780060706748523,TRUE,TRUE
1990-11-08,Weddell,1.382172324,0.31154824739633225,0.31154824739633225,0.29780060706748523,TRUE,TRUE
1990-11-09,Weddell,1.370099808,0.3057959785882409,0.3057959785882409,0.29780060706748523,TRUE,TRUE
1990-11-10,Weddell,1.378052823,0.3201994571653801,0.3201994571653801,0.29780060706748523,TRUE,TRUE
1990-11-11,Weddell,1.389519684,0.3382456406543213,0.3382456406543213,0.29780060706748523,TRUE,TRUE
1990-11-12,Weddell,1.424433647,0.3798665235221936,0.3798665235221936,0.29780060706748523,TRUE,TRUE
1990-11-13,Weddell,1.424527439,0.3867988785719454,0.3867988785719454,0.29780060706748523,TRUE,TRUE
1990-11-14,Weddell,1.430594342,0.3998480116396981,0.3998480116396981,0.29780060706748523,TRUE,TRUE
1990-11-15,Weddell,1.439004379,0.41539662761787066,0.41539662761787066,0.29780060706748523,TRUE,TRUE
1990-11-16,Weddell,1.444271094,0.4279709523988835,0.4279709523988835,0.29780060706748523,TRUE,TRUE
1990-11-17,Weddell,1.457488261,0.44867744187515646,0.44867744187515646,0.29780060706748523,TRUE,TRUE
1990-11-18,Weddell,1.452458981,0.4513318789391094,0.4513318789391094,0.29780060706748523,TRUE,TRUE
1990-11-19,Weddell,1.453681306,0.460444997483162,0.460444997483162,0.29780060706748523,TRUE,TRUE
1990-11-20,Weddell,1.456564036,0.4714382793997344,0.4714382793997344,0.29780060706748523,TRUE,TRUE
1990-11-21,Weddell,1.451097631,0.4743148665812458,0.4743148665812458,0.29780060706748523,TRUE,TRUE
1990-11-22,Weddell,1.466935761,0.4987411109201163,0.4987411109201163,0.29780060706748523,TRUE,TRUE
1990-11-23,Weddell,1.463947147,0.5045984153087661,0.5045984153087661,0.29780060706748523,TRUE,TRUE
1990-11-24,Weddell,1.432032119,0.4817997916396147,0.4817997916396147,0.29780060706748523,TRUE,TRUE
1990-11-25,Weddell,1.402226302,0.4613911621988178,0.4613911621988178,0.29780060706748523,TRUE,TRUE
1990-11-26,Weddell,1.410064491,0.4788974506722692,0.4788974506722692,0.29780060706748523,TRUE,TRUE
1990-11-27,Weddell,1.411452428,0.49020438645077935,0.49020438645077935,0.29780060706748523,TRUE,TRUE
1990-11-28,Weddell,1.409211248,0.498113015110735,0.498113015110735,0.29780060706748523,TRUE,TRUE
1990-11-29,Weddell,1.412057784,0.5113200802285252,0.5113200802285252,0.29780060706748523,TRUE,TRUE
1990-11-30,Weddell,1.419902269,0.5297157253805387,0.5297157253805387,0.29780060706748523,TRUE,TRUE
1990-12-01,Weddell,1.418716025,0.5392511831431627,0.5392511831431627,0.29780060706748523,TRUE,TRUE
1990-12-02,Weddell,1.41449758,0.5459048920927857,0.5459048920927857,0.29780060706748523,TRUE,TRUE
1990-12-03,Weddell,1.404036692,0.5464465208057967,0.5464465208057967,0.29780060706748523,TRUE,TRUE
1990-12-04,Weddell,1.400342685,0.553865303858583,0.553865303858583,0.29780060706748523,TRUE,TRUE
1990-12-05,Weddell,1.383227758,0.5479533508275332,0.5479533508275332,0.29780060706748523,TRUE,TRUE
1990-12-06,Weddell,1.349971639,0.5259703002890358,0.5259703002890358,0.29780060706748523,TRUE,TRUE
1990-12-07,Weddell,1.294392731,0.48171446803791707,0.48171446803791707,0.29780060706748523,TRUE,TRUE
1990-12-08,Weddell,1.266986355,0.4656617765432468,0.4656617765432468,0.29780060706748523,TRUE,TRUE
1990-12-09,Weddell,1.224453803,0.434495780103504,0.434495780103504,0.29780060706748523,TRUE,TRUE
1990-12-10,Weddell,1.208297754,0.42970166535869536,0.42970166535869536,0.29780060706748523,TRUE,TRUE
1990-12-11,Weddell,1.189289397,0.4220331289488312,0.4220331289488312,0.29780060706748523,TRUE,TRUE
1990-12-12,Weddell,1.164940143,0.408984089513919,0.408984089513919,0.29780060706748523,TRUE,TRUE
1990-12-13,Weddell,1.14358589,0.3988729526939673,0.3988729526939673,0.29780060706748523,TRUE,TRUE
1990-12-14,Weddell,1.120082667,0.38653825512898454,0.38653825512898454,0.29780060706748523,TRUE,TRUE
1990-12-15,Weddell,1.103413042,0.38094507245897935,0.38094507245897935,0.29780060706748523,TRUE,TRUE
1990-12-16,Weddell,1.082611331,0.37111022832396,0.37111022832396,0.29780060706748523,TRUE,TRUE
1990-12-17,Weddell,1.062641001,0.3619796973639347,0.3619796973639347,0.29780060706748523,TRUE,TRUE
1990-12-18,Weddell,1.039664056,0.34969799121891243,0.34969799121891243,0.29780060706748523,TRUE,TRUE
1990-12-19,Weddell,1.012698275,0.3332653965289011,0.3332653965289011,0.29780060706748523,TRUE,TRUE
1990-12-20,Weddell,0.99127606,0.3221974080463298,0.3221974080463298,0.29780060706748523,TRUE,TRUE
1990-12-21,Weddell,0.978904363,0.3199933222788178,0.3199933222788178,0.29780060706748523,TRUE,TRUE
1990-12-22,Weddell,0.977660363,0.3287300476792441,0.3287300476792441,0.29780060706748523,TRUE,TRUE
1990-12-23,Weddell,0.960818105,0.321681564496187,0.321681564496187,0.29780060706748523,TRUE,TRUE
1990-12-24,Weddell,0.935238675,0.30570889397822354,0.30570889397822354,0.29780060706748523,TRUE,TRUE
1990-12-25,Weddell,0.89542098,0.27531087837393153,0.27531087837393153,0.29780060706748523,FALSE,FALSE
1990-12-26,Weddell,0.889286967,0.27840939993188696,0.27840939993188696,0.29780060706748523,FALSE,FALSE
1990-12-27,Weddell,0.887456089,0.2856238469006681,0.2856238469006681,0.29780060706748523,FALSE,FALSE
1990-12-28,Weddell,0.854300512,0.2613263205288532,0.2613263205288532,0.29780060706748523,FALSE,FALSE
1990-12-29,Weddell,0.823945506,0.2396420260650185,0.2396420260650185,0.29780060706748523,FALSE,FALSE
1990-12-30,Weddell,0.787455972,0.2116357997577404,0.2116357997577404,0.29780060706748523,FALSE,FALSE
1990-12-31,Weddell,0.742207753,0.17468341985559854,0.17468341985559854,0.29780060706748523,FALSE,FALSE
1991-01-01,Weddell,0.70151876,0.14210273260716944,0.14210273260716944,0.29780060706748523,FALSE,FALSE
1991-01-02,Weddell,0.673253314,0.12175934712543346,0.12175934712543346,0.29780060706748523,FALSE,FALSE
1991-01-03,Weddell,0.620660668,0.07690921598098932,0.07690921598098932,0.29780060706748523,FALSE,FALSE
1991-01-04,Weddell,0.585307407,0.04912697660883758,0.04912697660883758,0.29780060706748523,FALSE,FALSE
1991-01-05,Weddell,0.558440418,0.02966756844398188,0.02966756844398188,0.29780060706748523,FALSE,FALSE
1991-01-06,Weddell,0.536026417,0.01450575992142089,0.01450575992142089,0.29780060706748523,FALSE,FALSE
1991-01-07,Weddell,0.526693894,0.0122780934761586,0.0122780934761586,0.29780060706748523,FALSE,FALSE
1991-01-08,Weddell,0.510609495,0.00315926754319584,0.00315926754319584,0.29780060706748523,FALSE,FALSE
1991-01-09,Weddell,0.491912972,-0.00870291344246715,0.00870291344246715,0.29780060706748523,FALSE,FALSE
1991-01-10,Weddell,0.478200533,-0.01570418904582649,0.01570418904582649,0.29780060706748523,FALSE,FALSE
1991-01-11,Weddell,0.448240277,-0.03906840783188231,0.03906840783188231,0.29780060706748523,FALSE,FALSE
1991-01-12,Weddell,0.417126076,-0.06369364536563177,0.06369364536563177,0.29780060706748523,FALSE,FALSE
1991-01-13,Weddell,0.406624947,-0.06780483221207445,0.06780483221207445,0.29780060706748523,FALSE,FALSE
1991-01-14,Weddell,0.391703817,-0.07642697249366648,0.07642697249366648,0.29780060706748523,FALSE,FALSE
1991-01-15,Weddell,0.380556222,-0.08135787129492833,0.08135787129492833,0.29780060706748523,FALSE,FALSE
1991-01-16,Weddell,0.37456519,-0.0812051025091794,0.0812051025091794,0.29780060706748523,FALSE,FALSE
1991-01-17,Weddell,0.372596711,-0.077093231280778,0.077093231280778,0.29780060706748523,FALSE,FALSE
1991-01-18,Weddell,0.355802826,-0.08786077175408236,0.08786077175408236,0.29780060706748523,FALSE,FALSE
1991-01-19,Weddell,0.343421011,-0.0942608030734508,0.0942608030734508,0.29780060706748523,FALSE,FALSE
1991-01-20,Weddell,0.353877124,-0.07785802238324074,0.07785802238324074,0.29780060706748523,FALSE,FALSE
1991-01-21,Weddell,0.351968282,-0.07384586782781088,0.07384586782781088,0.29780060706748523,FALSE,FALSE
1991-01-22,Weddell,0.340634005,-0.07927537455151895,0.07927537455151895,0.29780060706748523,FALSE,FALSE
1991-01-23,Weddell,0.340121888,-0.07388950269872352,0.07388950269872352,0.29780060706748523,FALSE,FALSE
1991-01-24,Weddell,0.335170378,-0.0729403604137821,0.0729403604137821,0.29780060706748523,FALSE,FALSE
1991-01-25,Weddell,0.326998374,-0.0751996038410534,0.0751996038410534,0.29780060706748523,FALSE,FALSE
1991-01-26,Weddell,0.305656466,-0.09060719812489432,0.09060719812489432,0.29780060706748523,FALSE,FALSE
1991-01-27,Weddell,0.279315189,-0.11098583556659208,0.11098583556659208,0.29780060706748523,FALSE,FALSE
1991-01-28,Weddell,0.261741345,-0.12258003052396166,0.12258003052396166,0.29780060706748523,FALSE,FALSE
1991-01-29,Weddell,0.246693797,-0.1316497371055006,0.1316497371055006,0.29780060706748523,FALSE,FALSE
1991-01-30,Weddell,0.227900254,-0.14448608758200512,0.14448608758200512,0.29780060706748523,FALSE,FALSE
1991-01-31,Weddell,0.222197485,-0.14427115422427098,0.14427115422427098,0.29780060706748523,FALSE,FALSE
1991-02-01,Weddell,0.190107667,-0.1705016013030949,0.1705016013030949,0.29780060706748523,FALSE,FALSE
1991-02-02,Weddell,0.160509807,-0.19431726308927244,0.19431726308927244,0.29780060706748523,FALSE,FALSE
1991-02-03,Weddell,0.132164534,-0.21697635185359992,0.21697635185359992,0.29780060706748523,FALSE,FALSE
1991-02-04,Weddell,0.14290699,-0.20066256686687356,0.20066256686687356,0.29780060706748523,FALSE,FALSE
1991-02-05,Weddell,0.173143883,-0.1649880413998891,0.1649880413998891,0.29780060706748523,FALSE,FALSE
1991-02-06,Weddell,0.160790861,-0.17205596872344292,0.17205596872344292,0.29780060706748523,FALSE,FALSE
1991-02-07,Weddell,0.152047655,-0.17568545910833122,0.17568545910833122,0.29780060706748523,FALSE,FALSE
1991-02-08,Weddell,0.131180605,-0.19162898950512708,0.19162898950512708,0.29780060706748523,FALSE,FALSE
1991-02-09,Weddell,0.127487969,-0.1906039080277596,0.1906039080277596,0.29780060706748523,FALSE,FALSE
1991-02-10,Weddell,0.122448793,-0.1911403892072278,0.1911403892072278,0.29780060706748523,FALSE,FALSE
1991-02-11,Weddell,0.111804021,-0.19750595458405876,0.19750595458405876,0.29780060706748523,FALSE,FALSE
1991-02-12,Weddell,0.106774649,-0.19848807369877797,0.19848807369877797,0.29780060706748523,FALSE,FALSE
1991-02-13,Weddell,0.099855179,-0.20160071009191216,0.20160071009191216,0.29780060706748523,FALSE,FALSE
1991-02-14,Weddell,0.096712686,-0.20118525430398732,0.20118525430398732,0.29780060706748523,FALSE,FALSE
1991-02-15,Weddell,0.082843968,-0.21175337387552975,0.21175337387552975,0.29780060706748523,FALSE,FALSE
1991-02-16,Weddell,0.078477528,-0.21308503134706597,0.21308503134706597,0.29780060706748523,FALSE,FALSE
1991-02-17,Weddell,0.068981601,-0.21982045725912192,0.21982045725912192,0.29780060706748523,FALSE,FALSE
1991-02-18,Weddell,0.068991362,-0.21733294215222437,0.21733294215222437,0.29780060706748523,FALSE,FALSE
1991-02-19,Weddell,0.065237195,-0.21890056756689932,0.21890056756689932,0.29780060706748523,FALSE,FALSE
1991-02-20,Weddell,0.056978273,-0.22527262604367268,0.22527262604367268,0.29780060706748523,FALSE,FALSE
1991-02-21,Weddell,0.051326863,-0.22934484370243385,0.22934484370243385,0.29780060706748523,FALSE,FALSE
1991-02-22,Weddell,0.048182233,-0.23122021820855457,0.23122021820855457,0.29780060706748523,FALSE,FALSE
1991-02-23,Weddell,0.048221723,-0.23021986507472436,0.23021986507472436,0.29780060706748523,FALSE,FALSE
1991-02-24,Weddell,0.040708624,-0.2370788799376113,0.2370788799376113,0.29780060706748523,FALSE,FALSE
1991-02-25,Weddell,0.036857882,-0.24058070343388285,0.24058070343388285,0.29780060706748523,FALSE,FALSE
1991-02-26,Weddell,0.035559208,-0.2418340112002068,0.2418340112002068,0.29780060706748523,FALSE,FALSE
1991-02-27,Weddell,0.032452627,-0.24519716487325044,0.24519716487325044,0.29780060706748523,FALSE,FALSE
1991-02-28,Weddell,0.033086124,-0.24512056608968152,0.24512056608968152,0.29780060706748523,FALSE,FALSE
1991-03-01,Weddell,0.03622378,-0.2428385204861679,0.2428385204861679,0.29780060706748523,FALSE,FALSE
1991-03-02,Weddell,0.035011167,-0.2452038426993769,0.2452038426993769,0.29780060706748523,FALSE,FALSE
1991-03-03,Weddell,0.042571071,-0.23909213336597615,0.23909213336597615,0.29780060706748523,FALSE,FALSE
1991-03-04,Weddell,0.048939116,-0.2344661551226332,0.2344661551226332,0.29780060706748523,FALSE,FALSE
1991-03-05,Weddell,0.050840373,-0.23459922273392347,0.23459922273392347,0.29780060706748523,FALSE,FALSE
1991-03-06,Weddell,0.056588843,-0.231172476890966,0.231172476890966,0.29780060706748523,FALSE,FALSE
1991-03-07,Weddell,0.068682635,-0.22167238881397044,0.22167238881397044,0.29780060706748523,FALSE,FALSE
1991-03-08,Weddell,0.106465669,-0.18673747304963975,0.18673747304963975,0.29780060706748523,FALSE,FALSE
1991-03-09,Weddell,0.0958229,-0.20046520914467816,0.20046520914467816,0.29780060706748523,FALSE,FALSE
1991-03-10,Weddell,0.095903304,-0.20368905564578996,0.20368905564578996,0.29780060706748523,FALSE,FALSE
1991-03-11,Weddell,0.100331965,-0.2027663630996783,0.2027663630996783,0.29780060706748523,FALSE,FALSE
1991-03-12,Weddell,0.09774919,-0.20903925905304693,0.20903925905304693,0.29780060706748523,FALSE,FALSE
1991-03-13,Weddell,0.102299211,-0.20834594605260048,0.20834594605260048,0.29780060706748523,FALSE,FALSE
1991-03-14,Weddell,0.099766231,-0.2148846556450421,0.2148846556450421,0.29780060706748523,FALSE,FALSE
1991-03-15,Weddell,0.129512892,-0.1892751803770758,0.1892751803770758,0.29780060706748523,FALSE,FALSE
1991-03-16,Weddell,0.144082777,-0.17895637179540558,0.17895637179540558,0.29780060706748523,FALSE,FALSE
1991-03-17,Weddell,0.202764322,-0.1246222284467351,0.1246222284467351,0.29780060706748523,FALSE,FALSE
1991-03-18,Weddell,0.24059394,-0.09121905064265234,0.09121905064265234,0.29780060706748523,FALSE,FALSE
1991-03-19,Weddell,0.267632391,-0.068675753807109,0.068675753807109,0.29780060706748523,FALSE,FALSE
1991-03-20,Weddell,0.273270219,-0.067598751791897,0.067598751791897,0.29780060706748523,FALSE,FALSE
1991-03-21,Weddell,0.283970898,-0.06152187131742748,0.06152187131742748,0.29780060706748523,FALSE,FALSE
1991-03-22,Weddell,0.283972042,-0.06620479910411126,0.06620479910411126,0.29780060706748523,FALSE,FALSE
1991-03-23,Weddell,0.26702798,-0.08789050687235889,0.08789050687235889,0.29780060706748523,FALSE,FALSE
1991-03-24,Weddell,0.270685484,-0.08902952334258096,0.08902952334258096,0.29780060706748523,FALSE,FALSE
1991-03-25,Weddell,0.270813976,-0.09374972723518792,0.09374972723518792,0.29780060706748523,FALSE,FALSE
1991-03-26,Weddell,0.267059589,-0.10240228627059128,0.10240228627059128,0.29780060706748523,FALSE,FALSE
1991-03-27,Weddell,0.265168037,-0.10923878716920132,0.10923878716920132,0.29780060706748523,FALSE,FALSE
1991-03-28,Weddell,0.241953621,-0.13744222965142872,0.13744222965142872,0.29780060706748523,FALSE,FALSE
1991-03-29,Weddell,0.222425135,-0.1620011204376839,0.1620011204376839,0.29780060706748523,FALSE,FALSE
1991-03-30,Weddell,0.199749277,-0.18974606224837803,0.18974606224837803,0.29780060706748523,FALSE,FALSE
1991-03-31,Weddell,0.178294184,-0.21630786999160237,0.21630786999160237,0.29780060706748523,FALSE,FALSE
1991-04-01,Weddell,0.180068349,-0.2196860280221741,0.2196860280221741,0.29780060706748523,FALSE,FALSE
1991-04-02,Weddell,0.191366801,-0.2135965529578636,0.2135965529578636,0.29780060706748523,FALSE,FALSE
1991-04-03,Weddell,0.200643381,-0.20959665195297184,0.20959665195297184,0.29780060706748523,FALSE,FALSE
1991-04-04,Weddell,0.204931894,-0.21066356816179987,0.21066356816179987,0.29780060706748523,FALSE,FALSE
1991-04-05,Weddell,0.204277556,-0.21676313373864883,0.21676313373864883,0.29780060706748523,FALSE,FALSE
1991-04-06,Weddell,0.218649311,-0.2079374528378185,0.2079374528378185,0.29780060706748523,FALSE,FALSE
1991-04-07,Weddell,0.250764264,-0.18148046861361103,0.18148046861361103,0.29780060706748523,FALSE,FALSE
1991-04-08,Weddell,0.277916247,-0.1601093972203265,0.1601093972203265,0.29780060706748523,FALSE,FALSE
1991-04-09,Weddell,0.296818306,-0.14712224081226655,0.14712224081226655,0.29780060706748523,FALSE,FALSE
1991-04-10,Weddell,0.281252597,-0.1687478915437312,0.1687478915437312,0.29780060706748523,FALSE,FALSE
1991-04-11,Weddell,0.244757827,-0.21145869056902256,0.21145869056902256,0.29780060706748523,FALSE,FALSE
1991-04-12,Weddell,0.239088261,-0.2235112543398257,0.2235112543398257,0.29780060706748523,FALSE,FALSE
1991-04-13,Weddell,0.263686468,-0.20546201437360465,0.20546201437360465,0.29780060706748523,FALSE,FALSE
1991-04-14,Weddell,0.287676207,-0.1881666265743197,0.1881666265743197,0.29780060706748523,FALSE,FALSE
1991-04-15,Weddell,0.270868162,-0.21179199246195496,0.21179199246195496,0.29780060706748523,FALSE,FALSE
1991-04-16,Weddell,0.286451811,-0.20312621955649596,0.20312621955649596,0.29780060706748523,FALSE,FALSE
1991-04-17,Weddell,0.304595166,-0.19197888137792768,0.19197888137792768,0.29780060706748523,FALSE,FALSE
1991-04-18,Weddell,0.324711549,-0.1789142414462348,0.1789142414462348,0.29780060706748523,FALSE,FALSE
1991-04-19,Weddell,0.356071399,-0.15463944628140264,0.15463944628140264,0.29780060706748523,FALSE,FALSE
1991-04-20,Weddell,0.400595646,-0.11721115140341616,0.11721115140341616,0.29780060706748523,FALSE,FALSE
1991-04-21,Weddell,0.425603343,-0.0992878893322604,0.0992878893322604,0.29780060706748523,FALSE,FALSE
1991-04-22,Weddell,0.459894563,-0.0720471725879206,0.0720471725879206,0.29780060706748523,FALSE,FALSE
1991-04-23,Weddell,0.474152973,-0.06478291969038136,0.06478291969038136,0.29780060706748523,FALSE,FALSE
1991-04-24,Weddell,0.471018078,-0.07483321115962832,0.07483321115962832,0.29780060706748523,FALSE,FALSE
1991-04-25,Weddell,0.47607326,-0.07659426791957652,0.07659426791957652,0.29780060706748523,FALSE,FALSE
1991-04-26,Weddell,0.464227576,-0.09515579611227463,0.09515579611227463,0.29780060706748523,FALSE,FALSE
1991-04-27,Weddell,0.473558237,-0.09244993592836805,0.09244993592836805,0.29780060706748523,FALSE,FALSE
1991-04-28,Weddell,0.483339185,-0.08921220809190084,0.08921220809190084,0.29780060706748523,FALSE,FALSE
1991-04-29,Weddell,0.510881392,-0.06814110332691758,0.06814110332691758,0.29780060706748523,FALSE,FALSE
1991-04-30,Weddell,0.538958004,-0.04647293835746324,0.04647293835746324,0.29780060706748523,FALSE,FALSE
1991-05-01,Weddell,0.563257246,-0.02852895090758178,0.02852895090758178,0.29780060706748523,FALSE,FALSE
1991-05-02,Weddell,0.589489116,-0.00860860570131794,0.00860860570131794,0.29780060706748523,FALSE,FALSE
1991-05-03,Weddell,0.626220023,0.02184504353728444,0.02184504353728444,0.29780060706748523,FALSE,FALSE
1991-05-04,Weddell,0.657875577,0.04724814408418054,0.04724814408418054,0.29780060706748523,FALSE,FALSE
1991-05-05,Weddell,0.708074437,0.09120989221532529,0.09120989221532529,0.29780060706748523,FALSE,FALSE
1991-05-06,Weddell,0.719197219,0.09610144120667496,0.09610144120667496,0.29780060706748523,FALSE,FALSE
1991-05-07,Weddell,0.729095231,0.09976462850560752,0.09976462850560752,0.29780060706748523,FALSE,FALSE
1991-05-08,Weddell,0.729679222,0.0940963680051834,0.0940963680051834,0.29780060706748523,FALSE,FALSE
1991-05-09,Weddell,0.756247305,0.11436932145720702,0.11436932145720702,0.29780060706748523,FALSE,FALSE
1991-05-10,Weddell,0.749461225,0.10121787133966265,0.10121787133966265,0.29780060706748523,FALSE,FALSE
1991-05-11,Weddell,0.744511924,0.08980559713053293,0.08980559713053293,0.29780060706748523,FALSE,FALSE
1991-05-12,Weddell,0.766150452,0.10485618630780268,0.10485618630780268,0.29780060706748523,FALSE,FALSE
1991-05-13,Weddell,0.790839283,0.12280475034945382,0.12280475034945382,0.29780060706748523,FALSE,FALSE
1991-05-14,Weddell,0.784025229,0.10907073873347084,0.10907073873347084,0.29780060706748523,FALSE,FALSE
1991-05-15,Weddell,0.79390166,0.11182015893783703,0.11182015893783703,0.29780060706748523,FALSE,FALSE
1991-05-16,Weddell,0.841987014,0.15254408644053596,0.15254408644053596,0.29780060706748523,FALSE,FALSE
1991-05-17,Weddell,0.90527575,0.2082096177195515,0.2082096177195515,0.29780060706748523,FALSE,FALSE
1991-05-18,Weddell,0.94147967,0.2365011922528666,0.2365011922528666,0.29780060706748523,FALSE,FALSE
1991-05-19,Weddell,0.98315394,0.2699466135184653,0.2699466135184653,0.29780060706748523,FALSE,FALSE
1991-05-20,Weddell,0.987992944,0.2662147826574729,0.2662147826574729,0.29780060706748523,FALSE,FALSE
1991-05-21,Weddell,1.010562402,0.2798802356154333,0.2798802356154333,0.29780060706748523,FALSE,FALSE
1991-05-22,Weddell,1.029497837,0.28961727764726086,0.28961727764726086,0.29780060706748523,FALSE,FALSE
1991-05-23,Weddell,1.062369253,0.31303570321585605,0.31303570321585605,0.29780060706748523,TRUE,TRUE
1991-05-24,Weddell,1.098232373,0.33923102578412223,0.33923102578412223,0.29780060706748523,TRUE,TRUE
1991-05-25,Weddell,1.145052966,0.3762088048149612,0.3762088048149612,0.29780060706748523,TRUE,TRUE
1991-05-26,Weddell,1.173563048,0.39474084677127497,0.39474084677127497,0.29780060706748523,TRUE,TRUE
1991-05-27,Weddell,1.210539359,0.4216436821159656,0.4216436821159656,0.29780060706748523,TRUE,TRUE
1991-05-28,Weddell,1.239438452,0.440413654311935,0.440413654311935,0.29780060706748523,TRUE,TRUE
1991-05-29,Weddell,1.252720602,0.4435508288220863,0.4435508288220863,0.29780060706748523,TRUE,TRUE
1991-05-30,Weddell,1.264671209,0.4453803961093208,0.4453803961093208,0.29780060706748523,TRUE,TRUE
1991-05-31,Weddell,1.271127171,0.4417790446365408,0.4417790446365408,0.29780060706748523,TRUE,TRUE
1991-06-01,Weddell,1.244923554,0.40562163086664826,0.40562163086664826,0.29780060706748523,TRUE,TRUE
1991-06-02,Weddell,1.237957063,0.3888364615830494,0.3888364615830494,0.29780060706748523,TRUE,TRUE
1991-06-03,Weddell,1.288024542,0.429215655375602,0.429215655375602,0.29780060706748523,TRUE,TRUE
1991-06-04,Weddell,1.316131902,0.4477503276085956,0.4477503276085956,0.29780060706748523,TRUE,TRUE
1991-06-05,Weddell,1.307530116,0.4296766552732937,0.4296766552732937,0.29780060706748523,TRUE,TRUE
1991-06-06,Weddell,1.305659718,0.4184203763609582,0.4184203763609582,0.29780060706748523,TRUE,TRUE
1991-06-07,Weddell,1.321373423,0.4248194098628534,0.4248194098628534,0.29780060706748523,TRUE,TRUE
1991-06-08,Weddell,1.330419375,0.42460710377024047,0.42460710377024047,0.29780060706748523,TRUE,TRUE
1991-06-09,Weddell,1.359051686,0.4440227740743836,0.4440227740743836,0.29780060706748523,TRUE,TRUE
1991-06-10,Weddell,1.393689112,0.4694703807665451,0.4694703807665451,0.29780060706748523,TRUE,TRUE
1991-06-11,Weddell,1.413180336,0.47978381083798904,0.47978381083798904,0.29780060706748523,TRUE,TRUE
1991-06-12,Weddell,1.413792232,0.4712151422799771,0.4712151422799771,0.29780060706748523,TRUE,TRUE
1991-06-13,Weddell,1.426735903,0.4749606820837724,0.4749606820837724,0.29780060706748523,TRUE,TRUE
1991-06-14,Weddell,1.427787689,0.466782388620549,0.466782388620549,0.29780060706748523,TRUE,TRUE
1991-06-15,Weddell,1.421532556,0.4512691138465291,0.4512691138465291,0.29780060706748523,TRUE,TRUE
1991-06-16,Weddell,1.41939807,0.4398773702070279,0.4398773702070279,0.29780060706748523,TRUE,TRUE
1991-06-17,Weddell,1.409953024,0.4212067128225307,0.4212067128225307,0.29780060706748523,TRUE,TRUE
1991-06-18,Weddell,1.368301289,0.3703917748135168,0.3703917748135168,0.29780060706748523,TRUE,TRUE
1991-06-19,Weddell,1.325290295,0.318310748300471,0.318310748300471,0.29780060706748523,TRUE,TRUE
1991-06-20,Weddell,1.29709563,0.2811699834038752,0.2811699834038752,0.29780060706748523,FALSE,FALSE
1991-06-21,Weddell,1.316949092,0.29223204024421157,0.29223204024421157,0.29780060706748523,FALSE,FALSE
1991-06-22,Weddell,1.35620534,0.3228823399419636,0.3228823399419636,0.29780060706748523,TRUE,FALSE
1991-06-23,Weddell,1.36695566,0.325242930617613,0.325242930617613,0.29780060706748523,TRUE,FALSE
1991-06-24,Weddell,1.364405202,0.31454972439164286,0.31454972439164286,0.29780060706748523,TRUE,FALSE
1991-06-25,Weddell,1.362223091,0.30450260838453524,0.30450260838453524,0.29780060706748523,TRUE,FALSE
1991-06-26,Weddell,1.35850743,0.29323044771677287,0.29323044771677287,0.29780060706748523,FALSE,FALSE
1991-06-27,Weddell,1.351951077,0.2794527381323868,0.2794527381323868,0.29780060706748523,FALSE,FALSE
1991-06-28,Weddell,1.365140973,0.2857518925028848,0.2857518925028848,0.29780060706748523,FALSE,FALSE
1991-06-29,Weddell,1.355521425,0.2695534487875446,0.2695534487875446,0.29780060706748523,FALSE,FALSE
1991-06-30,Weddell,1.340728641,0.24847477272584273,0.24847477272584273,0.29780060706748523,FALSE,FALSE
1991-07-01,Weddell,1.326306263,0.22804066405725565,0.22804066405725565,0.29780060706748523,FALSE,FALSE
1991-07-02,Weddell,1.299190101,0.1951680905212605,0.1951680905212605,0.29780060706748523,FALSE,FALSE
1991-07-03,Weddell,1.259311985,0.14977003985733472,0.14977003985733472,0.29780060706748523,FALSE,FALSE
1991-07-04,Weddell,1.231224267,0.1163800218049531,0.1163800218049531,0.29780060706748523,FALSE,FALSE
1991-07-05,Weddell,1.254704065,0.1347563121035937,0.1347563121035937,0.29780060706748523,FALSE,FALSE
1991-07-06,Weddell,1.242677572,0.1178062614927331,0.1178062614927331,0.29780060706748523,FALSE,FALSE
1991-07-07,Weddell,1.201251793,0.07161803271184741,0.07161803271184741,0.29780060706748523,FALSE,FALSE
1991-07-08,Weddell,1.178896684,0.04464273950041297,0.04464273950041297,0.29780060706748523,FALSE,FALSE
1991-07-09,Weddell,1.149645754,0.01089505613312069,0.01089505613312069,0.29780060706748523,FALSE,FALSE
1991-07-10,Weddell,1.113494453,-0.02964693655124306,0.02964693655124306,0.29780060706748523,FALSE,FALSE
1991-07-11,Weddell,1.076458849,-0.07098133236431758,0.07098133236431758,0.29780060706748523,FALSE,FALSE
1991-07-12,Weddell,1.068969641,-0.08269116966894519,0.08269116966894519,0.29780060706748523,FALSE,FALSE
1991-07-13,Weddell,1.075351108,-0.0804659068279685,0.0804659068279685,0.29780060706748523,FALSE,FALSE
1991-07-14,Weddell,1.098336069,-0.06158646220422992,0.06158646220422992,0.29780060706748523,FALSE,FALSE
1991-07-15,Weddell,1.099357417,-0.06463368016057269,0.06463368016057269,0.29780060706748523,FALSE,FALSE
1991-07-16,Weddell,1.123729415,-0.04430703505983913,0.04430703505983913,0.29780060706748523,FALSE,FALSE
1991-07-17,Weddell,1.11480713,-0.05726519726487278,0.05726519726487278,0.29780060706748523,FALSE,FALSE
1991-07-18,Weddell,1.14671972,-0.02939274613851417,0.02939274613851417,0.29780060706748523,FALSE,FALSE
1991-07-19,Weddell,1.210424364,0.03025375995639101,0.03025375995639101,0.29780060706748523,FALSE,FALSE
1991-07-20,Weddell,1.267777272,0.08351679365700271,0.08351679365700271,0.29780060706748523,FALSE,FALSE
1991-07-21,Weddell,1.320692896,0.13229706960047682,0.13229706960047682,0.29780060706748523,FALSE,FALSE
1991-07-22,Weddell,1.349402119,0.15681277687465656,0.15681277687465656,0.29780060706748523,FALSE,FALSE
1991-07-23,Weddell,1.383315139,0.18647582158434473,0.18647582158434473,0.29780060706748523,FALSE,FALSE
1991-07-24,Weddell,1.410481989,0.20934844303606148,0.20934844303606148,0.29780060706748523,FALSE,FALSE
1991-07-25,Weddell,1.436171051,0.2307114676763924,0.2307114676763924,0.29780060706748523,FALSE,FALSE
1991-07-26,Weddell,1.46135184,0.25154685495192375,0.25154685495192375,0.29780060706748523,FALSE,FALSE
1991-07-27,Weddell,1.462988669,0.24883136230923888,0.24883136230923888,0.29780060706748523,FALSE,FALSE
1991-07-28,Weddell,1.485065152,0.26656104819492477,0.26656104819492477,0.29780060706748523,FALSE,FALSE
1991-07-29,Weddell,1.513105541,0.29027260905556784,0.29027260905556784,0.29780060706748523,FALSE,FALSE
1991-07-30,Weddell,1.514143412,0.2870120653377517,0.2870120653377517,0.29780060706748523,FALSE,FALSE
1991-07-31,Weddell,1.453245645,0.22185874148806195,0.22185874148806195,0.29780060706748523,FALSE,FALSE
1991-08-01,Weddell,1.428723371,0.1931362129530856,0.1931362129530856,0.29780060706748523,FALSE,FALSE
1991-08-02,Weddell,1.38311411,0.14339444417940594,0.14339444417940594,0.29780060706748523,FALSE,FALSE
1991-08-03,Weddell,1.390572185,0.1468002024830366,0.1468002024830366,0.29780060706748523,FALSE,FALSE
1991-08-04,Weddell,1.437385794,0.18965060521450527,0.18965060521450527,0.29780060706748523,FALSE,FALSE
1991-08-05,Weddell,1.453233613,0.2016205318122184,0.2016205318122184,0.29780060706748523,FALSE,FALSE
1991-08-06,Weddell,1.436294265,0.18088194236244637,0.18088194236244637,0.29780060706748523,FALSE,FALSE
1991-08-07,Weddell,1.374506386,0.1153668099514582,0.1153668099514582,0.29780060706748523,FALSE,FALSE
1991-08-08,Weddell,1.343256381,0.08045487666552487,0.08045487666552487,0.29780060706748523,FALSE,FALSE
1991-08-09,Weddell,1.318910339,0.0525055685909146,0.0525055685909146,0.29780060706748523,FALSE,FALSE
1991-08-10,Weddell,1.370453212,0.10049717481389764,0.10049717481389764,0.29780060706748523,FALSE,FALSE
1991-08-11,Weddell,1.372806322,0.09934435442074396,0.09934435442074396,0.29780060706748523,FALSE,FALSE
1991-08-12,Weddell,1.346664487,0.06973526249772255,0.06973526249772255,0.29780060706748523,FALSE,FALSE
1991-08-13,Weddell,1.384881683,0.10451721213110488,0.10451721213110488,0.29780060706748523,FALSE,FALSE
1991-08-14,Weddell,1.439704085,0.1559297154071584,0.1559297154071584,0.29780060706748523,FALSE,FALSE
1991-08-15,Weddell,1.500365805,0.2132002214121533,0.2132002214121533,0.29780060706748523,FALSE,FALSE
1991-08-16,Weddell,1.539362326,0.24881809918192577,0.24881809918192577,0.29780060706748523,FALSE,FALSE
1991-08-17,Weddell,1.581914015,0.28801391782267793,0.28801391782267793,0.29780060706748523,FALSE,FALSE
1991-08-18,Weddell,1.593869482,0.29666516446994584,0.29666516446994584,0.29780060706748523,FALSE,FALSE
1991-08-19,Weddell,1.57882599,0.27839900269914764,0.27839900269914764,0.29780060706748523,FALSE,FALSE
1991-08-20,Weddell,1.55069604,0.2471578340856999,0.2471578340856999,0.29780060706748523,FALSE,FALSE
1991-08-21,Weddell,1.545990546,0.23948247320501825,0.23948247320501825,0.29780060706748523,FALSE,FALSE
1991-08-22,Weddell,1.522454837,0.21314814963252204,0.21314814963252204,0.29780060706748523,FALSE,FALSE
1991-08-23,Weddell,1.470064433,0.15816028394362647,0.15816028394362647,0.29780060706748523,FALSE,FALSE
1991-08-24,Weddell,1.45159801,0.13732745271375046,0.13732745271375046,0.29780060706748523,FALSE,FALSE
1991-08-25,Weddell,1.452383871,0.13600785951830918,0.13600785951830918,0.29780060706748523,FALSE,FALSE
1991-08-26,Weddell,1.502301232,0.18411062093272057,0.18411062093272057,0.29780060706748523,FALSE,FALSE
1991-08-27,Weddell,1.560213847,0.24052939153240205,0.24052939153240205,0.29780060706748523,FALSE,FALSE
1991-08-28,Weddell,1.589447928,0.2686202838927705,0.2686202838927705,0.29780060706748523,FALSE,FALSE
1991-08-29,Weddell,1.582016507,0.2604205535832267,0.2604205535832267,0.29780060706748523,FALSE,FALSE
1991-08-30,Weddell,1.484028199,0.1620285360564213,0.1620285360564213,0.29780060706748523,FALSE,FALSE
1991-08-31,Weddell,1.424334097,0.10227208084489824,0.10227208084489824,0.29780060706748523,FALSE,FALSE
1991-09-01,Weddell,1.382843851,0.06103757122818609,0.06103757122818609,0.29780060706748523,FALSE,FALSE
1991-09-02,Weddell,1.340532714,0.01927699348581302,0.01927699348581302,0.29780060706748523,FALSE,FALSE
1991-09-03,Weddell,1.323225168,0.00279156289730564,0.00279156289730564,0.29780060706748523,FALSE,FALSE
1991-09-04,Weddell,1.361675646,0.04231244574219373,0.04231244574219373,0.29780060706748523,FALSE,FALSE
1991-09-05,Weddell,1.376801148,0.058733375300005,0.058733375300005,0.29780060706748523,FALSE,FALSE
1991-09-06,Weddell,1.417714577,0.10114398785026668,0.10114398785026668,0.29780060706748523,FALSE,FALSE
1991-09-07,Weddell,1.411622244,0.09672732767250736,0.09672732767250736,0.29780060706748523,FALSE,FALSE
1991-09-08,Weddell,1.385822206,0.07275818504625509,0.07275818504625509,0.29780060706748523,FALSE,FALSE
1991-09-09,Weddell,1.366564777,0.05546360725103816,0.05546360725103816,0.29780060706748523,FALSE,FALSE
1991-09-10,Weddell,1.368478613,0.05944909553158406,0.05944909553158406,0.29780060706748523,FALSE,FALSE
1991-09-11,Weddell,1.369681571,0.06281998117278453,0.06281998117278453,0.29780060706748523,FALSE,FALSE
1991-09-12,Weddell,1.385953877,0.08136319885632814,0.08136319885632814,0.29780060706748523,FALSE,FALSE
1991-09-13,Weddell,1.364790398,0.06258234947820407,0.06258234947820407,0.29780060706748523,FALSE,FALSE
1991-09-14,Weddell,1.393163282,0.09345831493440104,0.09345831493440104,0.29780060706748523,FALSE,FALSE
1991-09-15,Weddell,1.414822975,0.1177502751209052,0.1177502751209052,0.29780060706748523,FALSE,FALSE
1991-09-16,Weddell,1.401461562,0.10715904893370598,0.10715904893370598,0.29780060706748523,FALSE,FALSE
1991-09-17,Weddell,1.35183936,0.06045368726879152,0.06045368726879152,0.29780060706748523,FALSE,FALSE
1991-09-18,Weddell,1.320407084,0.03209363902214868,0.03209363902214868,0.29780060706748523,FALSE,FALSE
1991-09-19,Weddell,1.271765029,-0.01331206691023334,0.01331206691023334,0.29780060706748523,FALSE,FALSE
1991-09-20,Weddell,1.222517588,-0.05915030363236684,0.05915030363236684,0.29780060706748523,FALSE,FALSE
1991-09-21,Weddell,1.210929664,-0.06714743424826364,0.06714743424826364,0.29780060706748523,FALSE,FALSE
1991-09-22,Weddell,1.204747467,-0.06954851486193636,0.06954851486193636,0.29780060706748523,FALSE,FALSE
1991-09-23,Weddell,1.192157472,-0.07816049952309734,0.07816049952309734,0.29780060706748523,FALSE,FALSE
1991-09-24,Weddell,1.187665814,-0.07849383904850527,0.07849383904850527,0.29780060706748523,FALSE,FALSE
1991-09-25,Weddell,1.193126353,-0.06872530650577513,0.06872530650577513,0.29780060706748523,FALSE,FALSE
1991-09-26,Weddell,1.176497876,-0.08092694506094844,0.08092694506094844,0.29780060706748523,FALSE,FALSE
1991-09-27,Weddell,1.149086726,-0.10382324188006664,0.10382324188006664,0.29780060706748523,FALSE,FALSE
1991-09-28,Weddell,1.129300031,-0.11903789912917272,0.11903789912917272,0.29780060706748523,FALSE,FALSE
1991-09-29,Weddell,1.152974309,-0.09076522897430772,0.09076522897430772,0.29780060706748523,FALSE,FALSE
1991-09-30,Weddell,1.175110118,-0.06403550358151344,0.06403550358151344,0.29780060706748523,FALSE,FALSE
1991-10-01,Weddell,1.171273416,-0.06331359511683199,0.06331359511683199,0.29780060706748523,FALSE,FALSE
1991-10-02,Weddell,1.175442007,-0.05465252974630474,0.05465252974630474,0.29780060706748523,FALSE,FALSE
1991-10-03,Weddell,1.194700487,-0.03099854163597393,0.03099854163597393,0.29780060706748523,FALSE,FALSE
1991-10-04,Weddell,1.179434049,-0.0419972679518823,0.0419972679518823,0.29780060706748523,FALSE,FALSE
1991-10-05,Weddell,1.198689685,-0.0186325369799194,0.0186325369799194,0.29780060706748523,FALSE,FALSE
1991-10-06,Weddell,1.244670351,0.03127973831640918,0.03127973831640918,0.29780060706748523,FALSE,FALSE
1991-10-07,Weddell,1.322948251,0.11332804837755206,0.11332804837755206,0.29780060706748523,FALSE,FALSE
1991-10-08,Weddell,1.371407382,0.1654191082557872,0.1654191082557872,0.29780060706748523,FALSE,FALSE
1991-10-09,Weddell,1.392542855,0.19007074700338888,0.19007074700338888,0.29780060706748523,FALSE,FALSE
1991-10-10,Weddell,1.419553962,0.22050497467263488,0.22050497467263488,0.29780060706748523,FALSE,FALSE
1991-10-11,Weddell,1.435108406,0.2394122123157998,0.2394122123157998,0.29780060706748523,FALSE,FALSE
1991-10-12,Weddell,1.427669475,0.2352784659851619,0.2352784659851619,0.29780060706748523,FALSE,FALSE
1991-10-13,Weddell,1.39005803,0.20094731473299543,0.20094731473299543,0.29780060706748523,FALSE,FALSE
1991-10-14,Weddell,1.381241188,0.19540859361157836,0.19540859361157836,0.29780060706748523,FALSE,FALSE
1991-10-15,Weddell,1.419150378,0.2366164496731864,0.2366164496731864,0.29780060706748523,FALSE,FALSE
1991-10-16,Weddell,1.43842076,0.25922876097009584,0.25922876097009584,0.29780060706748523,FALSE,FALSE
1991-10-17,Weddell,1.454738218,0.2789541295545812,0.2789541295545812,0.29780060706748523,FALSE,FALSE
1991-10-18,Weddell,1.452538018,0.2802500962016896,0.2802500962016896,0.29780060706748523,FALSE,FALSE
1991-10-19,Weddell,1.395545354,0.22685471460939377,0.22685471460939377,0.29780060706748523,FALSE,FALSE
1991-10-20,Weddell,1.396213567,0.2312251845180404,0.2312251845180404,0.29780060706748523,FALSE,FALSE
1991-10-21,Weddell,1.401915656,0.24073800326716843,0.24073800326716843,0.29780060706748523,FALSE,FALSE
1991-10-22,Weddell,1.409531155,0.2522762031963164,0.2522762031963164,0.29780060706748523,FALSE,FALSE
1991-10-23,Weddell,1.3901527360000001,0.23693595464502248,0.23693595464502248,0.29780060706748523,FALSE,FALSE
1991-10-24,Weddell,1.398583525,0.2495238819528265,0.2495238819528265,0.29780060706748523,FALSE,FALSE
1991-10-25,Weddell,1.3958904,0.2511103614592667,0.2511103614592667,0.29780060706748523,FALSE,FALSE
1991-10-26,Weddell,1.357471132,0.2170966625038815,0.2170966625038815,0.29780060706748523,FALSE,FALSE
1991-10-27,Weddell,1.321732102,0.18589266442620955,0.18589266442620955,0.29780060706748523,FALSE,FALSE
1991-10-28,Weddell,1.306263478,0.1750920335657915,0.1750920335657915,0.29780060706748523,FALSE,FALSE
1991-10-29,Weddell,1.267876247,0.14150925526216374,0.14150925526216374,0.29780060706748523,FALSE,FALSE
1991-10-30,Weddell,1.24192449,0.12050190885486578,0.12050190885486578,0.29780060706748523,FALSE,FALSE
1991-10-31,Weddell,1.233534875,0.11719950754085429,0.11719950754085429,0.29780060706748523,FALSE,FALSE
1991-11-01,Weddell,1.213000156,0.10189443560747093,0.10189443560747093,0.29780060706748523,FALSE,FALSE
1991-11-02,Weddell,1.169810081,0.06407508384675098,0.06407508384675098,0.29780060706748523,FALSE,FALSE
1991-11-03,Weddell,1.172058146,0.07183359078526497,0.07183359078526497,0.29780060706748523,FALSE,FALSE
1991-11-04,Weddell,1.167919663,0.07334391094958459,0.07334391094958459,0.29780060706748523,FALSE,FALSE
1991-11-05,Weddell,1.155080309,0.06629036386627951,0.06629036386627951,0.29780060706748523,FALSE,FALSE
1991-11-06,Weddell,1.113765948,0.03089745606192284,0.03089745606192284,0.29780060706748523,FALSE,FALSE
1991-11-07,Weddell,1.080359301,0.00354655106308321,0.00354655106308321,0.29780060706748523,FALSE,FALSE
1991-11-08,Weddell,1.041528384,-0.02909569260366762,0.02909569260366762,0.29780060706748523,FALSE,FALSE
1991-11-09,Weddell,1.029995257,-0.03430857241175911,0.03430857241175911,0.29780060706748523,FALSE,FALSE
1991-11-10,Weddell,0.996453333,-0.06140003283461981,0.06140003283461981,0.29780060706748523,FALSE,FALSE
1991-11-11,Weddell,0.983689288,-0.06758475534567865,0.06758475534567865,0.29780060706748523,FALSE,FALSE
1991-11-12,Weddell,0.978825024,-0.0657420994778064,0.0657420994778064,0.29780060706748523,FALSE,FALSE
1991-11-13,Weddell,0.978819801,-0.05890875942805462,0.05890875942805462,0.29780060706748523,FALSE,FALSE
1991-11-14,Weddell,0.986149088,-0.04459724236030193,0.04459724236030193,0.29780060706748523,FALSE,FALSE
1991-11-15,Weddell,0.988631954,-0.0349757973821293,0.0349757973821293,0.29780060706748523,FALSE,FALSE
1991-11-16,Weddell,1.009389873,-0.00691026860111665,0.00691026860111665,0.29780060706748523,FALSE,FALSE
1991-11-17,Weddell,1.020357594,0.01154677487515654,0.01154677487515654,0.29780060706748523,FALSE,FALSE
1991-11-18,Weddell,1.017853617,0.01672651493910959,0.01672651493910959,0.29780060706748523,FALSE,FALSE
1991-11-19,Weddell,1.00620126,0.01296495148316212,0.01296495148316212,0.29780060706748523,FALSE,FALSE
1991-11-20,Weddell,0.998763655,0.01363789839973428,0.01363789839973428,0.29780060706748523,FALSE,FALSE
1991-11-21,Weddell,0.991851824,0.01506905958124571,0.01506905958124571,0.29780060706748523,FALSE,FALSE
1991-11-22,Weddell,0.987332912,0.01913826192011625,0.01913826192011625,0.29780060706748523,FALSE,FALSE
1991-11-23,Weddell,0.984190665,0.02484193330876605,0.02484193330876605,0.29780060706748523,FALSE,FALSE
1991-11-24,Weddell,0.984751101,0.03451877363961464,0.03451877363961464,0.29780060706748523,FALSE,FALSE
1991-11-25,Weddell,0.987622191,0.04678705119881776,0.04678705119881776,0.29780060706748523,FALSE,FALSE
1991-11-26,Weddell,0.981421831,0.05025479067226923,0.05025479067226923,0.29780060706748523,FALSE,FALSE
1991-11-27,Weddell,0.983883747,0.06263570545077934,0.06263570545077934,0.29780060706748523,FALSE,FALSE
1991-11-28,Weddell,0.975310231,0.06421199811073497,0.06421199811073497,0.29780060706748523,FALSE,FALSE
1991-11-29,Weddell,0.946824023,0.04608631922852524,0.04608631922852524,0.29780060706748523,FALSE,FALSE
1991-11-30,Weddell,0.924886276,0.03469973238053858,0.03469973238053858,0.29780060706748523,FALSE,FALSE
1991-12-01,Weddell,0.877080362,-0.00238447985683731,0.00238447985683731,0.29780060706748523,FALSE,FALSE
1991-12-02,Weddell,0.840313471,-0.02827921690721424,0.02827921690721424,0.29780060706748523,FALSE,FALSE
1991-12-03,Weddell,0.798174085,-0.05941608619420335,0.05941608619420335,0.29780060706748523,FALSE,FALSE
1991-12-04,Weddell,0.769124443,-0.07735293814141697,0.07735293814141697,0.29780060706748523,FALSE,FALSE
1991-12-05,Weddell,0.743111644,-0.09216276317246697,0.09216276317246697,0.29780060706748523,FALSE,FALSE
1991-12-06,Weddell,0.718394729,-0.10560660971096424,0.10560660971096424,0.29780060706748523,FALSE,FALSE
1991-12-07,Weddell,0.702879548,-0.10979871496208304,0.10979871496208304,0.29780060706748523,FALSE,FALSE
1991-12-08,Weddell,0.670057578,-0.1312670004567532,0.1312670004567532,0.29780060706748523,FALSE,FALSE
1991-12-09,Weddell,0.657131436,-0.13282658689649607,0.13282658689649607,0.29780060706748523,FALSE,FALSE
1991-12-10,Weddell,0.640440567,-0.13815552164130462,0.13815552164130462,0.29780060706748523,FALSE,FALSE
1991-12-11,Weddell,0.628657415,-0.1385988530511688,0.1385988530511688,0.29780060706748523,FALSE,FALSE
1991-12-12,Weddell,0.608755989,-0.1472000644860808,0.1472000644860808,0.29780060706748523,FALSE,FALSE
1991-12-13,Weddell,0.603197984,-0.1415149533060327,0.1415149533060327,0.29780060706748523,FALSE,FALSE
1991-12-14,Weddell,0.586416191,-0.1471282208710154,0.1471282208710154,0.29780060706748523,FALSE,FALSE
1991-12-15,Weddell,0.564647076,-0.15782089354102058,0.15782089354102058,0.29780060706748523,FALSE,FALSE
1991-12-16,Weddell,0.564058601,-0.14744250167604,0.14744250167604,0.29780060706748523,FALSE,FALSE
1991-12-17,Weddell,0.565276825,-0.1353844786360653,0.1353844786360653,0.29780060706748523,FALSE,FALSE
1991-12-18,Weddell,0.566513155,-0.12345290978108749,0.12345290978108749,0.29780060706748523,FALSE,FALSE
1991-12-19,Weddell,0.565869249,-0.11356362947109888,0.11356362947109888,0.29780060706748523,FALSE,FALSE
1991-12-20,Weddell,0.567084982,-0.1019936699536702,0.1019936699536702,0.29780060706748523,FALSE,FALSE
1991-12-21,Weddell,0.566362535,-0.09254850572118224,0.09254850572118224,0.29780060706748523,FALSE,FALSE
1991-12-22,Weddell,0.568878084,-0.080052231320756,0.080052231320756,0.29780060706748523,FALSE,FALSE
1991-12-23,Weddell,0.56759642,-0.07154012050381298,0.07154012050381298,0.29780060706748523,FALSE,FALSE
1991-12-24,Weddell,0.546387878,-0.08314190302177649,0.08314190302177649,0.29780060706748523,FALSE,FALSE
1991-12-25,Weddell,0.521319855,-0.0987902466260685,0.0987902466260685,0.29780060706748523,FALSE,FALSE
1991-12-26,Weddell,0.526967445,-0.08391012206811299,0.08391012206811299,0.29780060706748523,FALSE,FALSE
1991-12-27,Weddell,0.525284783,-0.0765474590993318,0.0765474590993318,0.29780060706748523,FALSE,FALSE
1991-12-28,Weddell,0.514057954,-0.07891623747114684,0.07891623747114684,0.29780060706748523,FALSE,FALSE
1991-12-29,Weddell,0.526500656,-0.05780282393498159,0.05780282393498159,0.29780060706748523,FALSE,FALSE
1991-12-30,Weddell,0.535278785,-0.04054138724225953,0.04054138724225953,0.29780060706748523,FALSE,FALSE
1991-12-31,Weddell,0.50634972600000006,-0.06117460714440137,0.06117460714440137,0.29780060706748523,FALSE,FALSE
1992-01-01,Weddell,0.505080743,-0.05433528439283053,0.05433528439283053,0.29780060706748523,FALSE,FALSE
1992-01-02,Weddell,0.486915729,-0.06457823787456651,0.06457823787456651,0.29780060706748523,FALSE,FALSE
1992-01-03,Weddell,0.478701665,-0.06504978701901065,0.06504978701901065,0.29780060706748523,FALSE,FALSE
1992-01-04,Weddell,0.462355815,-0.07382461539116236,0.07382461539116236,0.29780060706748523,FALSE,FALSE
1992-01-05,Weddell,0.449247936,-0.0795249135560181,0.0795249135560181,0.29780060706748523,FALSE,FALSE
1992-01-06,Weddell,0.436183852,-0.0853368050785791,0.0853368050785791,0.29780060706748523,FALSE,FALSE
1992-01-07,Weddell,0.433031431,-0.08138436952384137,0.08138436952384137,0.29780060706748523,FALSE,FALSE
1992-01-08,Weddell,0.426807495,-0.08064273245680414,0.08064273245680414,0.29780060706748523,FALSE,FALSE
1992-01-09,Weddell,0.421125983,-0.07948990244246718,0.07948990244246718,0.29780060706748523,FALSE,FALSE
1992-01-10,Weddell,0.419264243,-0.07464047904582649,0.07464047904582649,0.29780060706748523,FALSE,FALSE
1992-01-11,Weddell,0.418011413,-0.06929727183188233,0.06929727183188233,0.29780060706748523,FALSE,FALSE
1992-01-12,Weddell,0.419300779,-0.06151894236563177,0.06151894236563177,0.29780060706748523,FALSE,FALSE
1992-01-13,Weddell,0.4060352,-0.06839457921207448,0.06839457921207448,0.29780060706748523,FALSE,FALSE
1992-01-14,Weddell,0.404664405,-0.06346638449366648,0.06346638449366648,0.29780060706748523,FALSE,FALSE
1992-01-15,Weddell,0.395458995,-0.06645509829492835,0.06645509829492835,0.29780060706748523,FALSE,FALSE
1992-01-16,Weddell,0.390440208,-0.06533008450917938,0.06533008450917938,0.29780060706748523,FALSE,FALSE
1992-01-17,Weddell,0.369195847,-0.080494095280778,0.080494095280778,0.29780060706748523,FALSE,FALSE
1992-01-18,Weddell,0.364182186,-0.07948141175408235,0.07948141175408235,0.29780060706748523,FALSE,FALSE
1992-01-19,Weddell,0.363663719,-0.07401809507345081,0.07401809507345081,0.29780060706748523,FALSE,FALSE
1992-01-20,Weddell,0.351689566,-0.08004558038324072,0.08004558038324072,0.29780060706748523,FALSE,FALSE
1992-01-21,Weddell,0.335351141,-0.09046300882781089,0.09046300882781089,0.29780060706748523,FALSE,FALSE
1992-01-22,Weddell,0.320827487,-0.09908189255151896,0.09908189255151896,0.29780060706748523,FALSE,FALSE
1992-01-23,Weddell,0.315180393,-0.0988309976987235,0.0988309976987235,0.29780060706748523,FALSE,FALSE
1992-01-24,Weddell,0.306986062,-0.10112467641378207,0.10112467641378207,0.29780060706748523,FALSE,FALSE
1992-01-25,Weddell,0.30380731,-0.09839066784105338,0.09839066784105338,0.29780060706748523,FALSE,FALSE
1992-01-26,Weddell,0.306334648,-0.08992901612489435,0.08992901612489435,0.29780060706748523,FALSE,FALSE
1992-01-27,Weddell,0.305052566,-0.08524845856659208,0.08524845856659208,0.29780060706748523,FALSE,FALSE
1992-01-28,Weddell,0.308247131,-0.07607424452396166,0.07607424452396166,0.29780060706748523,FALSE,FALSE
1992-01-29,Weddell,0.309591762,-0.0687517721055006,0.0687517721055006,0.29780060706748523,FALSE,FALSE
1992-01-30,Weddell,0.299468558,-0.07291778358200512,0.07291778358200512,0.29780060706748523,FALSE,FALSE
1992-01-31,Weddell,0.293809897,-0.07265874222427099,0.07265874222427099,0.29780060706748523,FALSE,FALSE
1992-02-01,Weddell,0.28626685,-0.0743424183030949,0.0743424183030949,0.29780060706748523,FALSE,FALSE
1992-02-02,Weddell,0.281856678,-0.07297039208927242,0.07297039208927242,0.29780060706748523,FALSE,FALSE
1992-02-03,Weddell,0.271741061,-0.07739982485359992,0.07739982485359992,0.29780060706748523,FALSE,FALSE
1992-02-04,Weddell,0.274324256,-0.06924530086687358,0.06924530086687358,0.29780060706748523,FALSE,FALSE
1992-02-05,Weddell,0.26299767,-0.07513425439988908,0.07513425439988908,0.29780060706748523,FALSE,FALSE
1992-02-06,Weddell,0.255947739,-0.07689909072344292,0.07689909072344292,0.29780060706748523,FALSE,FALSE
1992-02-07,Weddell,0.245794954,-0.081938160108331215,0.081938160108331215,0.29780060706748523,FALSE,FALSE
1992-02-08,Weddell,0.233072022,-0.0897375725051271,0.0897375725051271,0.29780060706748523,FALSE,FALSE
1992-02-09,Weddell,0.239971774,-0.0781201030277596,0.0781201030277596,0.29780060706748523,FALSE,FALSE
1992-02-10,Weddell,0.244989484,-0.0685996982072278,0.0685996982072278,0.29780060706748523,FALSE,FALSE
1992-02-11,Weddell,0.234223031,-0.07508694458405876,0.07508694458405876,0.29780060706748523,FALSE,FALSE
1992-02-12,Weddell,0.234878214,-0.07038450869877796,0.07038450869877796,0.29780060706748523,FALSE,FALSE
1992-02-13,Weddell,0.277585496,-0.02387039309191219,0.02387039309191219,0.29780060706748523,FALSE,FALSE
1992-02-14,Weddell,0.258682876,-0.0392150643039873,0.0392150643039873,0.29780060706748523,FALSE,FALSE
1992-02-15,Weddell,0.262302481,-0.03229486087552979,0.03229486087552979,0.29780060706748523,FALSE,FALSE
1992-02-16,Weddell,0.244598314,-0.04696424534706597,0.04696424534706597,0.29780060706748523,FALSE,FALSE
1992-02-17,Weddell,0.226994799,-0.06180725925912192,0.06180725925912192,0.29780060706748523,FALSE,FALSE
1992-02-18,Weddell,0.235730598,-0.05059370615222436,0.05059370615222436,0.29780060706748523,FALSE,FALSE
1992-02-19,Weddell,0.240021631,-0.04411613156689931,0.04411613156689931,0.29780060706748523,FALSE,FALSE
1992-02-20,Weddell,0.238729217,-0.04352168204367268,0.04352168204367268,0.29780060706748523,FALSE,FALSE
1992-02-21,Weddell,0.233734616,-0.04693709070243385,0.04693709070243385,0.29780060706748523,FALSE,FALSE
1992-02-22,Weddell,0.231903026,-0.04749942520855454,0.04749942520855454,0.29780060706748523,FALSE,FALSE
1992-02-23,Weddell,0.23618029,-0.04226129807472437,0.04226129807472437,0.29780060706748523,FALSE,FALSE
1992-02-24,Weddell,0.257440951,-0.02034655293761128,0.02034655293761128,0.29780060706748523,FALSE,FALSE
1992-02-25,Weddell,0.25879966,-0.01863892543388284,0.01863892543388284,0.29780060706748523,FALSE,FALSE
1992-02-26,Weddell,0.250644901,-0.02674831820020684,0.02674831820020684,0.29780060706748523,FALSE,FALSE
1992-02-27,Weddell,0.242018358,-0.03563143387325046,0.03563143387325046,0.29780060706748523,FALSE,FALSE
1992-02-28,Weddell,0.213873013,-0.06433367708968152,0.06433367708968152,0.29780060706748523,FALSE,FALSE
1992-03-01,Weddell,0.194611166,-0.0856038436993769,0.0856038436993769,0.29780060706748523,FALSE,FALSE
1992-03-02,Weddell,0.189034007,-0.0926291973659762,0.0926291973659762,0.29780060706748523,FALSE,FALSE
1992-03-03,Weddell,0.198559181,-0.0848460901226332,0.0848460901226332,0.29780060706748523,FALSE,FALSE
1992-03-04,Weddell,0.205598045,-0.07984155073392346,0.07984155073392346,0.29780060706748523,FALSE,FALSE
1992-03-05,Weddell,0.227097335,-0.06066398489096597,0.06066398489096597,0.29780060706748523,FALSE,FALSE
1992-03-06,Weddell,0.239111985,-0.05124303881397044,0.05124303881397044,0.29780060706748523,FALSE,FALSE
1992-03-07,Weddell,0.249122473,-0.04408066904963975,0.04408066904963975,0.29780060706748523,FALSE,FALSE
1992-03-08,Weddell,0.254686825,-0.04160128414467812,0.04160128414467812,0.29780060706748523,FALSE,FALSE
1992-03-09,Weddell,0.250332195,-0.04926016464578997,0.04926016464578997,0.29780060706748523,FALSE,FALSE
1992-03-10,Weddell,0.236466124,-0.0666322040996783,0.0666322040996783,0.29780060706748523,FALSE,FALSE
1992-03-11,Weddell,0.223172019,-0.08361643005304692,0.08361643005304692,0.29780060706748523,FALSE,FALSE
1992-03-12,Weddell,0.231392656,-0.07925250105260048,0.07925250105260048,0.29780060706748523,FALSE,FALSE
1992-03-13,Weddell,0.220694199,-0.09395668764504209,0.09395668764504209,0.29780060706748523,FALSE,FALSE
1992-03-14,Weddell,0.219926256,-0.0988618163770758,0.0988618163770758,0.29780060706748523,FALSE,FALSE
1992-03-15,Weddell,0.255759916,-0.0672792327954056,0.0672792327954056,0.29780060706748523,FALSE,FALSE
1992-03-16,Weddell,0.311268364,-0.01611818644673507,0.01611818644673507,0.29780060706748523,FALSE,FALSE
1992-03-17,Weddell,0.401120036,0.06930704535734766,0.06930704535734766,0.29780060706748523,FALSE,FALSE
1992-03-18,Weddell,0.452494678,0.11618653319289096,0.11618653319289096,0.29780060706748523,FALSE,FALSE
1992-03-19,Weddell,0.514514794,0.173645823208103,0.173645823208103,0.29780060706748523,FALSE,FALSE
1992-03-20,Weddell,0.518914294,0.1734215246825725,0.1734215246825725,0.29780060706748523,FALSE,FALSE
1992-03-21,Weddell,0.520737471,0.17056062989588877,0.17056062989588877,0.29780060706748523,FALSE,FALSE
1992-03-22,Weddell,0.525167443,0.17024895612764107,0.17024895612764107,0.29780060706748523,FALSE,FALSE
1992-03-23,Weddell,0.527584854,0.16786984665741905,0.16786984665741905,0.29780060706748523,FALSE,FALSE
1992-03-24,Weddell,0.525094636,0.160530932764812,0.160530932764812,0.29780060706748523,FALSE,FALSE
1992-03-25,Weddell,0.534452362,0.16499048672940875,0.16499048672940875,0.29780060706748523,FALSE,FALSE
1992-03-26,Weddell,0.551854686,0.17744786183079864,0.17744786183079864,0.29780060706748523,FALSE,FALSE
1992-03-27,Weddell,0.566830076,0.1874342253485713,0.1874342253485713,0.29780060706748523,FALSE,FALSE
1992-03-28,Weddell,0.59501341,0.21058715456231608,0.21058715456231608,0.29780060706748523,FALSE,FALSE
1992-03-29,Weddell,0.606227635,0.21673229575162195,0.21673229575162195,0.29780060706748523,FALSE,FALSE
1992-03-30,Weddell,0.60378084,0.2091787860083976,0.2091787860083976,0.29780060706748523,FALSE,FALSE
1992-03-31,Weddell,0.600675177,0.20092079997782583,0.20092079997782583,0.29780060706748523,FALSE,FALSE
1992-04-01,Weddell,0.583882462,0.17891910804213643,0.17891910804213643,0.29780060706748523,FALSE,FALSE
1992-04-02,Weddell,0.578938652,0.1686986190470282,0.1686986190470282,0.29780060706748523,FALSE,FALSE
1992-04-03,Weddell,0.582655161,0.16705969883820015,0.16705969883820015,0.29780060706748523,FALSE,FALSE
1992-04-04,Weddell,0.59577596,0.17473527026135116,0.17473527026135116,0.29780060706748523,FALSE,FALSE
1992-04-05,Weddell,0.602107632,0.17552086816218143,0.17552086816218143,0.29780060706748523,FALSE,FALSE
1992-04-06,Weddell,0.610899882,0.1786551493863889,0.1786551493863889,0.29780060706748523,FALSE,FALSE
1992-04-07,Weddell,0.608538152,0.17051250777967358,0.17051250777967358,0.29780060706748523,FALSE,FALSE
1992-04-08,Weddell,0.616695203,0.1727546561877335,0.1727546561877335,0.29780060706748523,FALSE,FALSE
1992-04-09,Weddell,0.626566565,0.17656607645626876,0.17656607645626876,0.29780060706748523,FALSE,FALSE
1992-04-10,Weddell,0.60646339,0.15024687243097745,0.15024687243097745,0.29780060706748523,FALSE,FALSE
1992-04-11,Weddell,0.580881791,0.11828227566017437,0.11828227566017437,0.29780060706748523,FALSE,FALSE
1992-04-12,Weddell,0.565355531,0.0962070486263954,0.0962070486263954,0.29780060706748523,FALSE,FALSE
1992-04-13,Weddell,0.564040174,0.08819734042568023,0.08819734042568023,0.29780060706748523,FALSE,FALSE
1992-04-14,Weddell,0.580147036,0.09748688153804495,0.09748688153804495,0.29780060706748523,FALSE,FALSE
1992-04-15,Weddell,0.59488183,0.105303799443504,0.105303799443504,0.29780060706748523,FALSE,FALSE
1992-04-16,Weddell,0.587934434,0.09136038662207235,0.09136038662207235,0.29780060706748523,FALSE,FALSE
1992-04-17,Weddell,0.560485308,0.05685951755376517,0.05685951755376517,0.29780060706748523,FALSE,FALSE
1992-04-18,Weddell,0.535543095,0.02483224971859732,0.02483224971859732,0.29780060706748523,FALSE,FALSE
1992-04-19,Weddell,0.499348069,-0.01845872840341617,0.01845872840341617,0.29780060706748523,FALSE,FALSE
1992-04-20,Weddell,0.473557025,-0.0513342073322604,0.0513342073322604,0.29780060706748523,FALSE,FALSE
1992-04-21,Weddell,0.450420274,-0.08152146158792056,0.08152146158792056,0.29780060706748523,FALSE,FALSE
1992-04-22,Weddell,0.444266094,-0.09466979869038132,0.09466979869038132,0.29780060706748523,FALSE,FALSE
1992-04-23,Weddell,0.468978368,-0.07687292115962835,0.07687292115962835,0.29780060706748523,FALSE,FALSE
1992-04-24,Weddell,0.507563107,-0.04510442091957656,0.04510442091957656,0.29780060706748523,FALSE,FALSE
1992-04-25,Weddell,0.513814813,-0.04556855911227464,0.04556855911227464,0.29780060706748523,FALSE,FALSE
1992-04-26,Weddell,0.549474074,-0.01653409892836799,0.01653409892836799,0.29780060706748523,FALSE,FALSE
1992-04-27,Weddell,0.593644538,0.02109314490809921,0.02109314490809921,0.29780060706748523,FALSE,FALSE
1992-04-28,Weddell,0.612798526,0.03377603067308232,0.03377603067308232,0.29780060706748523,FALSE,FALSE
1992-04-29,Weddell,0.633074887,0.04764394464253674,0.04764394464253674,0.29780060706748523,FALSE,FALSE
1992-04-30,Weddell,0.639845343,0.04805914609241812,0.04805914609241812,0.29780060706748523,FALSE,FALSE
1992-05-01,Weddell,0.663518609,0.06542088729868212,0.06542088729868212,0.29780060706748523,FALSE,FALSE
1992-05-02,Weddell,0.681348751,0.07697377153728446,0.07697377153728446,0.29780060706748523,FALSE,FALSE
1992-05-03,Weddell,0.676754339,0.06612690608418059,0.06612690608418059,0.29780060706748523,FALSE,FALSE
1992-05-04,Weddell,0.669256679,0.05239213421532529,0.05239213421532529,0.29780060706748523,FALSE,FALSE
1992-05-05,Weddell,0.662273064,0.03917728620667493,0.03917728620667493,0.29780060706748523,FALSE,FALSE
1992-05-06,Weddell,0.652223108,0.02289250550560762,0.02289250550560762,0.29780060706748523,FALSE,FALSE
1992-05-07,Weddell,0.656555735,0.02097288100518335,0.02097288100518335,0.29780060706748523,FALSE,FALSE
1992-05-08,Weddell,0.652811303,0.01093331945720699,0.01093331945720699,0.29780060706748523,FALSE,FALSE
1992-05-09,Weddell,0.613310255,-0.03493309866033733,0.03493309866033733,0.29780060706748523,FALSE,FALSE
1992-05-10,Weddell,0.576644394,-0.07806193286946705,0.07806193286946705,0.29780060706748523,FALSE,FALSE
1992-05-11,Weddell,0.554355122,-0.10693914369219726,0.10693914369219726,0.29780060706748523,FALSE,FALSE
1992-05-12,Weddell,0.541433708,-0.12660082465054612,0.12660082465054612,0.29780060706748523,FALSE,FALSE
1992-05-13,Weddell,0.566694369,-0.10826012126652916,0.10826012126652916,0.29780060706748523,FALSE,FALSE
1992-05-14,Weddell,0.60776299,-0.07431851106216292,0.07431851106216292,0.29780060706748523,FALSE,FALSE
1992-05-15,Weddell,0.66858976,-0.02085316755946398,0.02085316755946398,0.29780060706748523,FALSE,FALSE
1992-05-16,Weddell,0.67102416,-0.02604197228044857,0.02604197228044857,0.29780060706748523,FALSE,FALSE
1992-05-17,Weddell,0.657282758,-0.04769571974713338,0.04769571974713338,0.29780060706748523,FALSE,FALSE
1992-05-18,Weddell,0.636767141,-0.07644018548153475,0.07644018548153475,0.29780060706748523,FALSE,FALSE
1992-05-19,Weddell,0.662189723,-0.05958843834252714,0.05958843834252714,0.29780060706748523,FALSE,FALSE
1992-05-20,Weddell,0.729516353,-0.00116581338456667,0.00116581338456667,0.29780060706748523,FALSE,FALSE
1992-05-21,Weddell,0.752951217,0.01307065764726078,0.01307065764726078,0.29780060706748523,FALSE,FALSE
1992-05-22,Weddell,0.775611064,0.02627751421585611,0.02627751421585611,0.29780060706748523,FALSE,FALSE
1992-05-23,Weddell,0.783513327,0.02451197978412211,0.02451197978412211,0.29780060706748523,FALSE,FALSE
1992-05-24,Weddell,0.825112927,0.05626876581496132,0.05626876581496132,0.29780060706748523,FALSE,FALSE
1992-05-25,Weddell,0.842179275,0.06335707377127486,0.06335707377127486,0.29780060706748523,FALSE,FALSE
1992-05-26,Weddell,0.849971476,0.06107579911596561,0.06107579911596561,0.29780060706748523,FALSE,FALSE
1992-05-27,Weddell,0.860831667,0.06180686931193513,0.06180686931193513,0.29780060706748523,FALSE,FALSE
1992-05-28,Weddell,0.878597069,0.0694272958220864,0.0694272958220864,0.29780060706748523,FALSE,FALSE
1992-05-29,Weddell,0.893980616,0.07468980310932072,0.07468980310932072,0.29780060706748523,FALSE,FALSE
1992-05-30,Weddell,0.911295328,0.08194720163654079,0.08194720163654079,0.29780060706748523,FALSE,FALSE
1992-05-31,Weddell,0.926585402,0.08728347886664811,0.08728347886664811,0.29780060706748523,FALSE,FALSE
1992-06-01,Weddell,0.941588492,0.09246789058304938,0.09246789058304938,0.29780060706748523,FALSE,FALSE
1992-06-02,Weddell,0.918320948,0.05951206137560194,0.05951206137560194,0.29780060706748523,FALSE,FALSE
1992-06-03,Weddell,0.865100574,-0.00328100039140444,0.00328100039140444,0.29780060706748523,FALSE,FALSE
1992-06-04,Weddell,0.833180199,-0.04467326172670627,0.04467326172670627,0.29780060706748523,FALSE,FALSE
1992-06-05,Weddell,0.812241573,-0.07499776863904184,0.07499776863904184,0.29780060706748523,FALSE,FALSE
1992-06-06,Weddell,0.798657192,-0.0978968211371467,0.0978968211371467,0.29780060706748523,FALSE,FALSE
1992-06-07,Weddell,0.807295761,-0.09851651022975948,0.09851651022975948,0.29780060706748523,FALSE,FALSE
1992-06-08,Weddell,0.805647449,-0.10938146292561636,0.10938146292561636,0.29780060706748523,FALSE,FALSE
1992-06-09,Weddell,0.805086218,-0.11913251323345476,0.11913251323345476,0.29780060706748523,FALSE,FALSE
1992-06-10,Weddell,0.762806985,-0.1705895401620109,0.1705895401620109,0.29780060706748523,FALSE,FALSE
1992-06-11,Weddell,0.744771856,-0.197805233720023,0.197805233720023,0.29780060706748523,FALSE,FALSE
1992-06-12,Weddell,0.755531942,-0.1962432789162276,0.1962432789162276,0.29780060706748523,FALSE,FALSE
1992-06-13,Weddell,0.75316302,-0.20784228037945107,0.20784228037945107,0.29780060706748523,FALSE,FALSE
1992-06-14,Weddell,0.767590216,-0.20267322615347097,0.20267322615347097,0.29780060706748523,FALSE,FALSE
1992-06-15,Weddell,0.810211557,-0.16930914279297204,0.16930914279297204,0.29780060706748523,FALSE,FALSE
1992-06-16,Weddell,0.857979211,-0.1307671001774693,0.1307671001774693,0.29780060706748523,FALSE,FALSE
1992-06-17,Weddell,0.892292233,-0.10561728118648306,0.10561728118648306,0.29780060706748523,FALSE,FALSE
1992-06-18,Weddell,0.939736766,-0.06724278069952905,0.06724278069952905,0.29780060706748523,FALSE,FALSE
1992-06-19,Weddell,0.948201178,-0.0677244685961248,0.0677244685961248,0.29780060706748523,FALSE,FALSE
1992-06-20,Weddell,0.987222513,-0.03749453875578845,0.03749453875578845,0.29780060706748523,FALSE,FALSE
1992-06-21,Weddell,0.996382784,-0.03694021605803643,0.03694021605803643,0.29780060706748523,FALSE,FALSE
1992-06-22,Weddell,1.005650992,-0.03606173738238683,0.03606173738238683,0.29780060706748523,FALSE,FALSE
1992-06-23,Weddell,1.009308488,-0.04054698960835701,0.04054698960835701,0.29780060706748523,FALSE,FALSE
1992-06-24,Weddell,1.001433678,-0.05628680461546476,0.05628680461546476,0.29780060706748523,FALSE,FALSE
1992-06-25,Weddell,1.032154175,-0.03312280728322703,0.03312280728322703,0.29780060706748523,FALSE,FALSE
1992-06-26,Weddell,1.074393889,0.00189555013238673,0.00189555013238673,0.29780060706748523,FALSE,FALSE
1992-06-27,Weddell,1.091772165,0.01238308450288494,0.01238308450288494,0.29780060706748523,FALSE,FALSE
1992-06-28,Weddell,1.099898036,0.01393005978754446,0.01393005978754446,0.29780060706748523,FALSE,FALSE
1992-06-29,Weddell,1.09383407,0.00158020172584261,0.00158020172584261,0.29780060706748523,FALSE,FALSE
1992-06-30,Weddell,1.068393847,-0.02987175194274427,0.02987175194274427,0.29780060706748523,FALSE,FALSE
1992-07-01,Weddell,1.050587638,-0.05343437247873939,0.05343437247873939,0.29780060706748523,FALSE,FALSE
1992-07-02,Weddell,1.014077191,-0.09546475414266542,0.09546475414266542,0.29780060706748523,FALSE,FALSE
1992-07-03,Weddell,0.992797714,-0.12204653119504684,0.12204653119504684,0.29780060706748523,FALSE,FALSE
1992-07-04,Weddell,1.00173389,-0.11821386289640644,0.11821386289640644,0.29780060706748523,FALSE,FALSE
1992-07-05,Weddell,1.036219101,-0.08865220950726704,0.08865220950726704,0.29780060706748523,FALSE,FALSE
1992-07-06,Weddell,1.034301367,-0.09533239328815246,0.09533239328815246,0.29780060706748523,FALSE,FALSE
1992-07-07,Weddell,1.042073196,-0.0921807484995869,0.0921807484995869,0.29780060706748523,FALSE,FALSE
1992-07-08,Weddell,1.073804834,-0.0649458638668794,0.0649458638668794,0.29780060706748523,FALSE,FALSE
1992-07-09,Weddell,1.10650224,-0.03663914955124303,0.03663914955124303,0.29780060706748523,FALSE,FALSE
1992-07-10,Weddell,1.114352276,-0.0330879053643176,0.0330879053643176,0.29780060706748523,FALSE,FALSE
1992-07-11,Weddell,1.125071419,-0.02658939166894525,0.02658939166894525,0.29780060706748523,FALSE,FALSE
1992-07-12,Weddell,1.117295796,-0.03852121882796844,0.03852121882796844,0.29780060706748523,FALSE,FALSE
1992-07-13,Weddell,1.04957935,-0.11034318120422992,0.11034318120422992,0.29780060706748523,FALSE,FALSE
1992-07-14,Weddell,0.970062194,-0.19392890316057265,0.19392890316057265,0.29780060706748523,FALSE,FALSE
1992-07-15,Weddell,0.933090739,-0.23494571105983908,0.23494571105983908,0.29780060706748523,FALSE,FALSE
1992-07-16,Weddell,0.918146657,-0.2539256702648728,0.2539256702648728,0.29780060706748523,FALSE,FALSE
1992-07-17,Weddell,0.91124137,-0.26487109613851423,0.26487109613851423,0.29780060706748523,FALSE,FALSE
1992-07-18,Weddell,0.920414083,-0.259756521043609,0.259756521043609,0.29780060706748523,FALSE,FALSE
1992-07-19,Weddell,0.921477896,-0.26278258234299734,0.26278258234299734,0.29780060706748523,FALSE,FALSE
1992-07-20,Weddell,0.892612674,-0.29578315239952313,0.29578315239952313,0.29780060706748523,FALSE,FALSE
1992-07-21,Weddell,0.836044364,-0.35654497812534347,0.35654497812534347,0.29780060706748523,TRUE,TRUE
1992-07-22,Weddell,0.78028616,-0.41655315741565535,0.41655315741565535,0.29780060706748523,TRUE,TRUE
1992-07-23,Weddell,0.757832065,-0.4433014809639385,0.4433014809639385,0.29780060706748523,TRUE,TRUE
1992-07-24,Weddell,0.773983273,-0.43147631032360767,0.43147631032360767,0.29780060706748523,TRUE,TRUE
1992-07-25,Weddell,0.8270033,-0.3828016850480763,0.3828016850480763,0.29780060706748523,TRUE,TRUE
1992-07-26,Weddell,1.021248026,-0.19290928069076108,0.19290928069076108,0.29780060706748523,FALSE,FALSE
1992-07-27,Weddell,1.066558049,-0.15194605480507528,0.15194605480507528,0.29780060706748523,FALSE,FALSE
1992-07-28,Weddell,1.0856132,-0.13721973194443216,0.13721973194443216,0.29780060706748523,FALSE,FALSE
1992-07-29,Weddell,1.081953365,-0.14517798166224827,0.14517798166224827,0.29780060706748523,FALSE,FALSE
1992-07-30,Weddell,1.076412316,-0.15497458751193793,0.15497458751193793,0.29780060706748523,FALSE,FALSE
1992-07-31,Weddell,1.040014194,-0.1955729640469144,0.1955729640469144,0.29780060706748523,FALSE,FALSE
1992-08-01,Weddell,1.039964763,-0.19975490282059405,0.19975490282059405,0.29780060706748523,FALSE,FALSE
1992-08-02,Weddell,1.037392227,-0.2063797555169633,0.2063797555169633,0.29780060706748523,FALSE,FALSE
1992-08-03,Weddell,1.004146599,-0.2435885897854948,0.2435885897854948,0.29780060706748523,FALSE,FALSE
1992-08-04,Weddell,0.954733882,-0.2968791991877817,0.2968791991877817,0.29780060706748523,FALSE,FALSE
1992-08-05,Weddell,0.927720039,-0.32769228363755354,0.32769228363755354,0.29780060706748523,TRUE,FALSE
1992-08-06,Weddell,0.943209834,-0.31592974204854174,0.31592974204854174,0.29780060706748523,TRUE,FALSE
1992-08-07,Weddell,1.007374984,-0.2554265203344752,0.2554265203344752,0.29780060706748523,FALSE,FALSE
1992-08-08,Weddell,1.096325046,-0.17007972440908548,0.17007972440908548,0.29780060706748523,FALSE,FALSE
1992-08-09,Weddell,1.101730195,-0.16822584218610226,0.16822584218610226,0.29780060706748523,FALSE,FALSE
1992-08-10,Weddell,1.071744136,-0.20171783157925605,0.20171783157925605,0.29780060706748523,FALSE,FALSE
1992-08-11,Weddell,1.008940698,-0.26798852650227745,0.26798852650227745,0.29780060706748523,FALSE,FALSE
1992-08-12,Weddell,0.952907886,-0.32745658486889506,0.32745658486889506,0.29780060706748523,TRUE,TRUE
1992-08-13,Weddell,0.942729779,-0.34104459059284165,0.34104459059284165,0.29780060706748523,TRUE,TRUE
1992-08-14,Weddell,0.904751148,-0.3824144355878466,0.3824144355878466,0.29780060706748523,TRUE,TRUE
1992-08-15,Weddell,0.909993242,-0.38055098481807426,0.38055098481807426,0.29780060706748523,TRUE,TRUE
1992-08-16,Weddell,0.906357769,-0.3875423281773221,0.3875423281773221,0.29780060706748523,TRUE,TRUE
1992-08-17,Weddell,0.87569009,-0.4215142275300541,0.4215142275300541,0.29780060706748523,TRUE,TRUE
1992-08-18,Weddell,0.848679497,-0.45174749030085226,0.45174749030085226,0.29780060706748523,TRUE,TRUE
1992-08-19,Weddell,0.894267596,-0.4092706099143001,0.4092706099143001,0.29780060706748523,TRUE,TRUE
1992-08-20,Weddell,0.956824275,-0.3496837977949818,0.3496837977949818,0.29780060706748523,TRUE,TRUE
1992-08-21,Weddell,0.99106107,-0.3182456173674779,0.3182456173674779,0.29780060706748523,TRUE,TRUE
1992-08-22,Weddell,1.03141277,-0.28049137905637345,0.28049137905637345,0.29780060706748523,FALSE,FALSE
1992-08-23,Weddell,1.043642507,-0.2706280502862497,0.2706280502862497,0.29780060706748523,FALSE,FALSE
1992-08-24,Weddell,1.060785613,-0.25559039848169096,0.25559039848169096,0.29780060706748523,FALSE,FALSE
1992-08-25,Weddell,1.105201634,-0.21298897706727948,0.21298897706727948,0.29780060706748523,FALSE,FALSE
1992-08-26,Weddell,1.117840475,-0.201843980467598,0.201843980467598,0.29780060706748523,FALSE,FALSE
1992-08-27,Weddell,1.090354569,-0.23047307510722947,0.23047307510722947,0.29780060706748523,FALSE,FALSE
1992-08-28,Weddell,1.039326839,-0.2822691144167735,0.2822691144167735,0.29780060706748523,FALSE,FALSE
1992-08-29,Weddell,1.052464433,-0.2695352299435787,0.2695352299435787,0.29780060706748523,FALSE,FALSE
1992-08-30,Weddell,1.03906531,-0.28299670615510175,0.28299670615510175,0.29780060706748523,FALSE,FALSE
1992-08-31,Weddell,0.995729149,-0.326077130771814,0.326077130771814,0.29780060706748523,TRUE,FALSE
1992-09-01,Weddell,0.965315484,-0.35594023651418705,0.35594023651418705,0.29780060706748523,TRUE,FALSE
1992-09-02,Weddell,0.984452068,-0.3359815371026944,0.3359815371026944,0.29780060706748523,TRUE,FALSE
1992-09-03,Weddell,1.032830325,-0.28653287525780624,0.28653287525780624,0.29780060706748523,FALSE,FALSE
1992-09-04,Weddell,1.067060052,-0.251007720699995,0.251007720699995,0.29780060706748523,FALSE,FALSE
1992-09-05,Weddell,1.0907581,-0.2258124891497333,0.2258124891497333,0.29780060706748523,FALSE,FALSE
1992-09-06,Weddell,1.129277057,-0.18561785932749264,0.18561785932749264,0.29780060706748523,FALSE,FALSE
1992-09-07,Weddell,1.1072724,-0.20579162095374492,0.20579162095374492,0.29780060706748523,FALSE,FALSE
1992-09-08,Weddell,1.04855929,-0.2625418797489618,0.2625418797489618,0.29780060706748523,FALSE,FALSE
1992-09-09,Weddell,1.012632745,-0.296396772468416,0.296396772468416,0.29780060706748523,FALSE,FALSE
1992-09-10,Weddell,0.9881542,-0.3187073898272156,0.3187073898272156,0.29780060706748523,TRUE,FALSE
1992-09-11,Weddell,0.972889402,-0.33170127614367184,0.33170127614367184,0.29780060706748523,TRUE,FALSE
1992-09-12,Weddell,0.970757657,-0.3314503915217959,0.3314503915217959,0.29780060706748523,TRUE,FALSE
1992-09-13,Weddell,1.006338088,-0.293366879065599,0.293366879065599,0.29780060706748523,FALSE,FALSE
1992-09-14,Weddell,1.071671053,-0.22540164687909492,0.22540164687909492,0.29780060706748523,FALSE,FALSE
1992-09-15,Weddell,1.078965046,-0.21533746706629395,0.21533746706629395,0.29780060706748523,FALSE,FALSE
1992-09-16,Weddell,1.083259901,-0.2081257717312086,0.2081257717312086,0.29780060706748523,FALSE,FALSE
1992-09-17,Weddell,1.079005107,-0.2093083379778513,0.2093083379778513,0.29780060706748523,FALSE,FALSE
1992-09-18,Weddell,1.027717251,-0.2573598449102332,0.2573598449102332,0.29780060706748523,FALSE,FALSE
1992-09-19,Weddell,1.009986915,-0.2716809766323669,0.2716809766323669,0.29780060706748523,FALSE,FALSE
1992-09-20,Weddell,1.036867927,-0.2412091712482636,0.2412091712482636,0.29780060706748523,FALSE,FALSE
1992-09-21,Weddell,1.1143075119999999,-0.1599884698619365,0.1599884698619365,0.29780060706748523,FALSE,FALSE
1992-09-22,Weddell,1.180604389,-0.08971358252309747,0.08971358252309747,0.29780060706748523,FALSE,FALSE
1992-09-23,Weddell,1.2285941,-0.03756555304850528,0.03756555304850528,0.29780060706748523,FALSE,FALSE
1992-09-24,Weddell,1.260060987,-0.00179067250577524,0.00179067250577524,0.29780060706748523,FALSE,FALSE
1992-09-25,Weddell,1.25691259,-5.122310609484426e-4,5.122310609484426e-4,0.29780060706748523,FALSE,FALSE
1992-09-26,Weddell,1.254374954,0.00146498611993339,0.00146498611993339,0.29780060706748523,FALSE,FALSE
1992-09-27,Weddell,1.258569327,0.01023139687082719,0.01023139687082719,0.29780060706748523,FALSE,FALSE
1992-09-28,Weddell,1.253671366,0.00993182802569236,0.00993182802569236,0.29780060706748523,FALSE,FALSE
1992-09-29,Weddell,1.242568097,0.00342247541848639,0.00342247541848639,0.29780060706748523,FALSE,FALSE
1992-09-30,Weddell,1.212836362,-0.021750649116832,0.021750649116832,0.29780060706748523,FALSE,FALSE
1992-10-01,Weddell,1.192351919,-0.03774261774630472,0.03774261774630472,0.29780060706748523,FALSE,FALSE
1992-10-02,Weddell,1.204716034,-0.02098299463597386,0.02098299463597386,0.29780060706748523,FALSE,FALSE
1992-10-03,Weddell,1.244781476,0.02335015904811777,0.02335015904811777,0.29780060706748523,FALSE,FALSE
1992-10-04,Weddell,1.252591871,0.03526964902008056,0.03526964902008056,0.29780060706748523,FALSE,FALSE
1992-10-05,Weddell,1.264566083,0.05117547031640934,0.05117547031640934,0.29780060706748523,FALSE,FALSE
1992-10-06,Weddell,1.244367014,0.0347468113775522,0.0347468113775522,0.29780060706748523,FALSE,FALSE
1992-10-07,Weddell,1.178063831,-0.02792444274421268,0.02792444274421268,0.29780060706748523,FALSE,FALSE
1992-10-08,Weddell,1.084956873,-0.1175152349966111,0.1175152349966111,0.29780060706748523,FALSE,FALSE
1992-10-09,Weddell,1.001381356,-0.1976676313273651,0.1976676313273651,0.29780060706748523,FALSE,FALSE
1992-10-10,Weddell,0.942152324,-0.25354386968420006,0.25354386968420006,0.29780060706748523,FALSE,FALSE
1992-10-11,Weddell,0.947191621,-0.2451993880148382,0.2451993880148382,0.29780060706748523,FALSE,FALSE
1992-10-12,Weddell,0.963196489,-0.22591422626700464,0.22591422626700464,0.29780060706748523,FALSE,FALSE
1992-10-13,Weddell,0.951628025,-0.2342045693884216,0.2342045693884216,0.29780060706748523,FALSE,FALSE
1992-10-14,Weddell,0.947375799,-0.23515812932681368,0.23515812932681368,0.29780060706748523,FALSE,FALSE
1992-10-15,Weddell,0.928976385,-0.2502156140299042,0.2502156140299042,0.29780060706748523,FALSE,FALSE
1992-10-16,Weddell,0.907443937,-0.2683401514454187,0.2683401514454187,0.29780060706748523,FALSE,FALSE
1992-10-17,Weddell,0.890854101,-0.2814338207983105,0.2814338207983105,0.29780060706748523,FALSE,FALSE
1992-10-18,Weddell,0.886561565,-0.2821290743906062,0.2821290743906062,0.29780060706748523,FALSE,FALSE
1992-10-19,Weddell,0.838094062,-0.32689432048195954,0.32689432048195954,0.29780060706748523,TRUE,TRUE
1992-10-20,Weddell,0.817778964,-0.3433986887328314,0.3433986887328314,0.29780060706748523,TRUE,TRUE
1992-10-21,Weddell,0.814676117,-0.3425788348036837,0.3425788348036837,0.29780060706748523,TRUE,TRUE
1992-10-22,Weddell,0.790647077,-0.3625697043549776,0.3625697043549776,0.29780060706748523,TRUE,TRUE
1992-10-23,Weddell,0.781373193,-0.3676864500471736,0.3676864500471736,0.29780060706748523,TRUE,TRUE
1992-10-24,Weddell,0.772082483,-0.37269755554073336,0.37269755554073336,0.29780060706748523,TRUE,TRUE
1992-10-25,Weddell,0.789303695,-0.35107077449611845,0.35107077449611845,0.29780060706748523,TRUE,TRUE
1992-10-26,Weddell,0.825566221,-0.31027321657379037,0.31027321657379037,0.29780060706748523,TRUE,TRUE
1992-10-27,Weddell,0.885810907,-0.2453605374342085,0.2453605374342085,0.29780060706748523,FALSE,FALSE
1992-10-28,Weddell,0.948534672,-0.1778323197378363,0.1778323197378363,0.29780060706748523,FALSE,FALSE
1992-10-29,Weddell,0.963289547,-0.15813303414513413,0.15813303414513413,0.29780060706748523,FALSE,FALSE
1992-10-30,Weddell,0.963883661,-0.15245170645914563,0.15245170645914563,0.29780060706748523,FALSE,FALSE
1992-10-31,Weddell,0.972951267,-0.1381544533925292,0.1381544533925292,0.29780060706748523,FALSE,FALSE
1992-11-01,Weddell,0.979628249,-0.12610674815324907,0.12610674815324907,0.29780060706748523,FALSE,FALSE
1992-11-02,Weddell,0.985812845,-0.11441171021473497,0.11441171021473497,0.29780060706748523,FALSE,FALSE
1992-11-03,Weddell,0.980388042,-0.1141877100504154,0.1141877100504154,0.29780060706748523,FALSE,FALSE
1992-11-04,Weddell,1.006697797,-0.08209214813372046,0.08209214813372046,0.29780060706748523,FALSE,FALSE
1992-11-05,Weddell,1.055047739,-0.02782075293807717,0.02782075293807717,0.29780060706748523,FALSE,FALSE
1992-11-06,Weddell,1.096599915,0.0197871650630832,0.0197871650630832,0.29780060706748523,FALSE,FALSE
1992-11-07,Weddell,1.136295711,0.06567163439633239,0.06567163439633239,0.29780060706748523,FALSE,FALSE
1992-11-08,Weddell,1.13268339,0.0683795605882409,0.0683795605882409,0.29780060706748523,FALSE,FALSE
1992-11-09,Weddell,1.129044006,0.07119064016538013,0.07119064016538013,0.29780060706748523,FALSE,FALSE
1992-11-10,Weddell,1.097395688,0.04612164465432133,0.04612164465432133,0.29780060706748523,FALSE,FALSE
1992-11-11,Weddell,1.03327236,-0.01129476347780644,0.01129476347780644,0.29780060706748523,FALSE,FALSE
1992-11-12,Weddell,0.964721352,-0.07300720842805464,0.07300720842805464,0.29780060706748523,FALSE,FALSE
1992-11-13,Weddell,0.9236753,-0.10707103036030197,0.10707103036030197,0.29780060706748523,FALSE,FALSE
1992-11-14,Weddell,0.904653726,-0.11895402538212928,0.11895402538212928,0.29780060706748523,FALSE,FALSE
1992-11-15,Weddell,0.89114778,-0.12515236160111665,0.12515236160111665,0.29780060706748523,FALSE,FALSE
1992-11-16,Weddell,0.877631651,-0.13117916812484354,0.13117916812484354,0.29780060706748523,FALSE,FALSE
1992-11-17,Weddell,0.84317353,-0.15795357206089056,0.15795357206089056,0.29780060706748523,FALSE,FALSE
1992-11-18,Weddell,0.809888882,-0.183347426516838,0.183347426516838,0.29780060706748523,FALSE,FALSE
1992-11-19,Weddell,0.776546958,-0.20857879860026576,0.20857879860026576,0.29780060706748523,FALSE,FALSE
1992-11-20,Weddell,0.744991763,-0.2317910014187543,0.2317910014187543,0.29780060706748523,FALSE,FALSE
1992-11-21,Weddell,0.715268883,-0.2529257670798837,0.2529257670798837,0.29780060706748523,FALSE,FALSE
1992-11-22,Weddell,0.678136138,-0.28121259369123386,0.28121259369123386,0.29780060706748523,FALSE,FALSE
1992-11-23,Weddell,0.665767827,-0.2844645003603853,0.2844645003603853,0.29780060706748523,FALSE,FALSE
1992-11-24,Weddell,0.658345186,-0.28248995380118225,0.28248995380118225,0.29780060706748523,FALSE,FALSE
1992-11-25,Weddell,0.658345596,-0.2728214443277308,0.2728214443277308,0.29780060706748523,FALSE,FALSE
1992-11-26,Weddell,0.645297181,-0.2759508605492207,0.2759508605492207,0.29780060706748523,FALSE,FALSE
1992-11-27,Weddell,0.645892103,-0.26520612988926506,0.26520612988926506,0.29780060706748523,FALSE,FALSE
1992-11-28,Weddell,0.64279464,-0.2579430637714748,0.2579430637714748,0.29780060706748523,FALSE,FALSE
1992-11-29,Weddell,0.632250476,-0.2579360676194614,0.2579360676194614,0.29780060706748523,FALSE,FALSE
1992-11-30,Weddell,0.613605955,-0.26585888685683723,0.26585888685683723,0.29780060706748523,FALSE,FALSE
1992-12-01,Weddell,0.586887576,-0.28170511190721426,0.28170511190721426,0.29780060706748523,FALSE,FALSE
1992-12-02,Weddell,0.570059521,-0.2875306501942033,0.2875306501942033,0.29780060706748523,FALSE,FALSE
1992-12-03,Weddell,0.563774147,-0.28270323414141707,0.28270323414141707,0.29780060706748523,FALSE,FALSE
1992-12-04,Weddell,0.556305825,-0.2789685821724669,0.2789685821724669,0.29780060706748523,FALSE,FALSE
1992-12-05,Weddell,0.530173278,-0.29382806071096423,0.29382806071096423,0.29780060706748523,FALSE,FALSE
1992-12-06,Weddell,0.517703167,-0.29497509596208304,0.29497509596208304,0.29780060706748523,FALSE,FALSE
1992-12-07,Weddell,0.494019186,-0.3073053924567532,0.3073053924567532,0.29780060706748523,TRUE,FALSE
1992-12-08,Weddell,0.492146392,-0.2978116308964961,0.2978116308964961,0.29780060706748523,TRUE,FALSE
1992-12-09,Weddell,0.505799119,-0.2727969696413046,0.2727969696413046,0.29780060706748523,FALSE,FALSE
1992-12-10,Weddell,0.505812244,-0.26144402405116884,0.26144402405116884,0.29780060706748523,FALSE,FALSE
1992-12-11,Weddell,0.510187478,-0.2457685754860809,0.2457685754860809,0.29780060706748523,FALSE,FALSE
1992-12-12,Weddell,0.492835973,-0.25187696430603274,0.25187696430603274,0.29780060706748523,FALSE,FALSE
1992-12-13,Weddell,0.488494611,-0.24504980087101536,0.24504980087101536,0.29780060706748523,FALSE,FALSE
1992-12-14,Weddell,0.490321632,-0.23214633754102057,0.23214633754102057,0.29780060706748523,FALSE,FALSE
1992-12-15,Weddell,0.492795787,-0.21870531567604007,0.21870531567604007,0.29780060706748523,FALSE,FALSE
1992-12-16,Weddell,0.471066456,-0.22959484763606525,0.22959484763606525,0.29780060706748523,FALSE,FALSE
1992-12-17,Weddell,0.453633736,-0.23633232878108745,0.23633232878108745,0.29780060706748523,FALSE,FALSE
1992-12-18,Weddell,0.446696937,-0.23273594147109888,0.23273594147109888,0.29780060706748523,FALSE,FALSE
1992-12-19,Weddell,0.449203342,-0.21987530995367024,0.21987530995367024,0.29780060706748523,FALSE,FALSE
1992-12-20,Weddell,0.459913904,-0.19899713672118224,0.19899713672118224,0.29780060706748523,FALSE,FALSE
1992-12-21,Weddell,0.465523833,-0.18340648232075596,0.18340648232075596,0.29780060706748523,FALSE,FALSE
1992-12-22,Weddell,0.450400563,-0.188735977503813,0.188735977503813,0.29780060706748523,FALSE,FALSE
1992-12-23,Weddell,0.445509187,-0.1840205940217765,0.1840205940217765,0.29780060706748523,FALSE,FALSE
1992-12-24,Weddell,0.434267644,-0.1858424576260685,0.1858424576260685,0.29780060706748523,FALSE,FALSE
1992-12-25,Weddell,0.435420912,-0.17545665506811303,0.17545665506811303,0.29780060706748523,FALSE,FALSE
1992-12-26,Weddell,0.437926422,-0.16390582009933186,0.16390582009933186,0.29780060706748523,FALSE,FALSE
1992-12-27,Weddell,0.43983834,-0.15313585147114683,0.15313585147114683,0.29780060706748523,FALSE,FALSE
1992-12-28,Weddell,0.45486676,-0.12943671993498157,0.12943671993498157,0.29780060706748523,FALSE,FALSE
1992-12-29,Weddell,0.466023428,-0.10979674424225956,0.10979674424225956,0.29780060706748523,FALSE,FALSE
1992-12-30,Weddell,0.472310303,-0.09521403014440144,0.09521403014440144,0.29780060706748523,FALSE,FALSE
1992-12-31,Weddell,0.465412688,-0.09400333939283068,0.09400333939283068,0.29780060706748523,FALSE,FALSE
1993-01-01,Weddell,0.452291406,-0.10712462139283058,0.10712462139283058,0.29780060706748523,FALSE,FALSE
1993-01-02,Weddell,0.437956478,-0.11353748887456656,0.11353748887456656,0.29780060706748523,FALSE,FALSE
1993-01-03,Weddell,0.426695515,-0.11705593701901064,0.11705593701901064,0.29780060706748523,FALSE,FALSE
1993-01-04,Weddell,0.427976976,-0.10820345439116236,0.10820345439116236,0.29780060706748523,FALSE,FALSE
1993-01-05,Weddell,0.407464019,-0.1213088305560181,0.1213088305560181,0.29780060706748523,FALSE,FALSE
1993-01-06,Weddell,0.396190182,-0.12533047507857908,0.12533047507857908,0.29780060706748523,FALSE,FALSE
1993-01-07,Weddell,0.391752848,-0.1226629525238414,0.1226629525238414,0.29780060706748523,FALSE,FALSE
1993-01-08,Weddell,0.381021477,-0.12642875045680413,0.12642875045680413,0.29780060706748523,FALSE,FALSE
1993-01-09,Weddell,0.366016298,-0.13459958744246714,0.13459958744246714,0.29780060706748523,FALSE,FALSE
1993-01-10,Weddell,0.360978052,-0.13292667004582648,0.13292667004582648,0.29780060706748523,FALSE,FALSE
1993-01-11,Weddell,0.356447704,-0.13086098083188236,0.13086098083188236,0.29780060706748523,FALSE,FALSE
1993-01-12,Weddell,0.367060359,-0.11375936236563178,0.11375936236563178,0.29780060706748523,FALSE,FALSE
1993-01-13,Weddell,0.382799413,-0.09163036621207447,0.09163036621207447,0.29780060706748523,FALSE,FALSE
1993-01-14,Weddell,0.397853726,-0.07027706349366647,0.07027706349366647,0.29780060706748523,FALSE,FALSE
1993-01-15,Weddell,0.399711487,-0.06220260629492835,0.06220260629492835,0.29780060706748523,FALSE,FALSE
1993-01-16,Weddell,0.397186103,-0.05858418950917937,0.05858418950917937,0.29780060706748523,FALSE,FALSE
1993-01-17,Weddell,0.394085703,-0.05560423928077801,0.05560423928077801,0.29780060706748523,FALSE,FALSE
1993-01-18,Weddell,0.383398924,-0.0602646737540824,0.0602646737540824,0.29780060706748523,FALSE,FALSE
1993-01-19,Weddell,0.376484763,-0.0611970510734508,0.0611970510734508,0.29780060706748523,FALSE,FALSE
1993-01-20,Weddell,0.368385772,-0.06334937438324073,0.06334937438324073,0.29780060706748523,FALSE,FALSE
1993-01-21,Weddell,0.358964861,-0.06684928882781088,0.06684928882781088,0.29780060706748523,FALSE,FALSE
1993-01-22,Weddell,0.342682573,-0.07722680655151898,0.07722680655151898,0.29780060706748523,FALSE,FALSE
1993-01-23,Weddell,0.340158078,-0.07385331269872353,0.07385331269872353,0.29780060706748523,FALSE,FALSE
1993-01-24,Weddell,0.337078272,-0.07103246641378208,0.07103246641378208,0.29780060706748523,FALSE,FALSE
1993-01-25,Weddell,0.334609299,-0.06758867884105335,0.06758867884105335,0.29780060706748523,FALSE,FALSE
1993-01-26,Weddell,0.333913017,-0.06235064712489435,0.06235064712489435,0.29780060706748523,FALSE,FALSE
1993-01-27,Weddell,0.333286797,-0.05701422756659208,0.05701422756659208,0.29780060706748523,FALSE,FALSE
1993-01-28,Weddell,0.333870008,-0.05045136752396168,0.05045136752396168,0.29780060706748523,FALSE,FALSE
1993-01-29,Weddell,0.333785978,-0.0445575561055006,0.0445575561055006,0.29780060706748523,FALSE,FALSE
1993-01-30,Weddell,0.338191179,-0.03419516258200511,0.03419516258200511,0.29780060706748523,FALSE,FALSE
1993-01-31,Weddell,0.335052552,-0.03141608722427097,0.03141608722427097,0.29780060706748523,FALSE,FALSE
1993-02-01,Weddell,0.331964385,-0.02864488330309494,0.02864488330309494,0.29780060706748523,FALSE,FALSE
1993-02-02,Weddell,0.325651685,-0.02917538508927242,0.02917538508927242,0.29780060706748523,FALSE,FALSE
1993-02-03,Weddell,0.325024959,-0.02411592685359992,0.02411592685359992,0.29780060706748523,FALSE,FALSE
1993-02-04,Weddell,0.324393792,-0.01917576486687355,0.01917576486687355,0.29780060706748523,FALSE,FALSE
1993-02-05,Weddell,0.324407008,-0.01372491639988909,0.01372491639988909,0.29780060706748523,FALSE,FALSE
1993-02-06,Weddell,0.3237996,-0.0090472297234429,0.0090472297234429,0.29780060706748523,FALSE,FALSE
1993-02-07,Weddell,0.313104388,-0.01462872610833121,0.01462872610833121,0.29780060706748523,FALSE,FALSE
1993-02-08,Weddell,0.309933934,-0.01287566050512706,0.01287566050512706,0.29780060706748523,FALSE,FALSE
1993-02-09,Weddell,0.299104162,-0.01898771502775959,0.01898771502775959,0.29780060706748523,FALSE,FALSE
1993-02-10,Weddell,0.291537032,-0.02205215020722784,0.02205215020722784,0.29780060706748523,FALSE,FALSE
1993-02-11,Weddell,0.274529671,-0.03478030458405878,0.03478030458405878,0.29780060706748523,FALSE,FALSE
1993-02-12,Weddell,0.27077065,-0.03449207269877796,0.03449207269877796,0.29780060706748523,FALSE,FALSE
1993-02-13,Weddell,0.268841937,-0.0326139520919122,0.0326139520919122,0.29780060706748523,FALSE,FALSE
1993-02-14,Weddell,0.289710439,-0.00818750130398732,0.00818750130398732,0.29780060706748523,FALSE,FALSE
1993-02-15,Weddell,0.294751435,1.540931244702337e-4,1.540931244702337e-4,0.29780060706748523,FALSE,FALSE
1993-02-16,Weddell,0.292167498,6.049386529340395e-4,6.049386529340395e-4,0.29780060706748523,FALSE,FALSE
1993-02-17,Weddell,0.287039415,-0.00176264325912189,0.00176264325912189,0.29780060706748523,FALSE,FALSE
1993-02-18,Weddell,0.296556317,0.01023201284777564,0.01023201284777564,0.29780060706748523,FALSE,FALSE
1993-02-19,Weddell,0.29595356,0.01181579743310068,0.01181579743310068,0.29780060706748523,FALSE,FALSE
1993-02-20,Weddell,0.297253727,0.01500282795632734,0.01500282795632734,0.29780060706748523,FALSE,FALSE
1993-02-21,Weddell,0.299690809,0.01901910229756615,0.01901910229756615,0.29780060706748523,FALSE,FALSE
1993-02-22,Weddell,0.313608018,0.03420556679144543,0.03420556679144543,0.29780060706748523,FALSE,FALSE
1993-02-23,Weddell,0.319337043,0.04089545492527563,0.04089545492527563,0.29780060706748523,FALSE,FALSE
1993-02-24,Weddell,0.301255352,0.02346784806238872,0.02346784806238872,0.29780060706748523,FALSE,FALSE
1993-02-25,Weddell,0.306521599,0.02908301356611714,0.02908301356611714,0.29780060706748523,FALSE,FALSE
1993-02-26,Weddell,0.29525145,0.0178582307997932,0.0178582307997932,0.29780060706748523,FALSE,FALSE
1993-02-27,Weddell,0.287705615,0.01005582312674957,0.01005582312674957,0.29780060706748523,FALSE,FALSE
1993-02-28,Weddell,0.277618302,-5.883880896815352e-4,5.883880896815352e-4,0.29780060706748523,FALSE,FALSE
1993-03-01,Weddell,0.274448583,-0.0046137174861679,0.0046137174861679,0.29780060706748523,FALSE,FALSE
1993-03-02,Weddell,0.264375049,-0.01583996069937693,0.01583996069937693,0.29780060706748523,FALSE,FALSE
1993-03-03,Weddell,0.260593592,-0.02106961236597621,0.02106961236597621,0.29780060706748523,FALSE,FALSE
1993-03-04,Weddell,0.26504856,-0.0183567111226332,0.0183567111226332,0.29780060706748523,FALSE,FALSE
1993-03-05,Weddell,0.261287734,-0.02415186173392347,0.02415186173392347,0.29780060706748523,FALSE,FALSE
1993-03-06,Weddell,0.26002577,-0.02773554989096599,0.02773554989096599,0.29780060706748523,FALSE,FALSE
1993-03-07,Weddell,0.25245648,-0.03789854381397045,0.03789854381397045,0.29780060706748523,FALSE,FALSE
1993-03-08,Weddell,0.250573097,-0.04263004504963974,0.04263004504963974,0.29780060706748523,FALSE,FALSE
1993-03-09,Weddell,0.260029641,-0.03625846814467814,0.03625846814467814,0.29780060706748523,FALSE,FALSE
1993-03-10,Weddell,0.273905123,-0.02568723664578998,0.02568723664578998,0.29780060706748523,FALSE,FALSE
1993-03-11,Weddell,0.285244828,-0.01785350009967828,0.01785350009967828,0.29780060706748523,FALSE,FALSE
1993-03-12,Weddell,0.314143212,0.00735476294695308,0.00735476294695308,0.29780060706748523,FALSE,FALSE
1993-03-13,Weddell,0.314769166,0.0041240089473995,0.0041240089473995,0.29780060706748523,FALSE,FALSE
1993-03-14,Weddell,0.311652339,-0.00299854764504209,0.00299854764504209,0.29780060706748523,FALSE,FALSE
1993-03-15,Weddell,0.320415099,0.00162702662292418,0.00162702662292418,0.29780060706748523,FALSE,FALSE
1993-03-16,Weddell,0.328609238,0.00557008920459445,0.00557008920459445,0.29780060706748523,FALSE,FALSE
1993-03-17,Weddell,0.35494706,0.02756050955326489,0.02756050955326489,0.29780060706748523,FALSE,FALSE
1993-03-18,Weddell,0.376185199,0.04437220835734767,0.04437220835734767,0.29780060706748523,FALSE,FALSE
1993-03-19,Weddell,0.37236554,0.03605739519289097,0.03605739519289097,0.29780060706748523,FALSE,FALSE
1993-03-20,Weddell,0.358548563,0.017679592208103,0.017679592208103,0.29780060706748523,FALSE,FALSE
1993-03-21,Weddell,0.351005331,0.00551256168257247,0.00551256168257247,0.29780060706748523,FALSE,FALSE
1993-03-22,Weddell,0.35668218,0.00650533889588877,0.00650533889588877,0.29780060706748523,FALSE,FALSE
1993-03-23,Weddell,0.358592063,0.00367357612764113,0.00367357612764113,0.29780060706748523,FALSE,FALSE
1993-03-24,Weddell,0.368032344,0.00831733665741907,0.00831733665741907,0.29780060706748523,FALSE,FALSE
1993-03-25,Weddell,0.388141752,0.02357804876481206,0.02357804876481206,0.29780060706748523,FALSE,FALSE
1993-03-26,Weddell,0.410079109,0.04061723372940873,0.04061723372940873,0.29780060706748523,FALSE,FALSE
1993-03-27,Weddell,0.44822516,0.07381833583079866,0.07381833583079866,0.29780060706748523,FALSE,FALSE
1993-03-28,Weddell,0.479412639,0.10001678834857124,0.10001678834857124,0.29780060706748523,FALSE,FALSE
1993-03-29,Weddell,0.499960118,0.11553386256231613,0.11553386256231613,0.29780060706748523,FALSE,FALSE
1993-03-30,Weddell,0.517419643,0.12792430375162195,0.12792430375162195,0.29780060706748523,FALSE,FALSE
1993-03-31,Weddell,0.523031359,0.1284293050083976,0.1284293050083976,0.29780060706748523,FALSE,FALSE
1993-04-01,Weddell,0.516148587,0.1163942099778259,0.1163942099778259,0.29780060706748523,FALSE,FALSE
1993-04-02,Weddell,0.496192633,0.0912292790421364,0.0912292790421364,0.29780060706748523,FALSE,FALSE
1993-04-03,Weddell,0.476230266,0.06599023304702817,0.06599023304702817,0.29780060706748523,FALSE,FALSE
1993-04-04,Weddell,0.455657733,0.04006227083820013,0.04006227083820013,0.29780060706748523,FALSE,FALSE
1993-04-05,Weddell,0.454453959,0.03341326926135118,0.03341326926135118,0.29780060706748523,FALSE,FALSE
1993-04-06,Weddell,0.452583741,0.02599697716218146,0.02599697716218146,0.29780060706748523,FALSE,FALSE
1993-04-07,Weddell,0.453838166,0.02159343338638891,0.02159343338638891,0.29780060706748523,FALSE,FALSE
1993-04-08,Weddell,0.451346477,0.01332083277967355,0.01332083277967355,0.29780060706748523,FALSE,FALSE
1993-04-09,Weddell,0.441940176,-0.0020003708122665,0.0020003708122665,0.29780060706748523,FALSE,FALSE
1993-04-10,Weddell,0.441303363,-0.00869712554373119,0.00869712554373119,0.29780060706748523,FALSE,FALSE
1993-04-11,Weddell,0.440665367,-0.01555115056902262,0.01555115056902262,0.29780060706748523,FALSE,FALSE
1993-04-12,Weddell,0.453853224,-0.00874629133982568,0.00874629133982568,0.29780060706748523,FALSE,FALSE
1993-04-13,Weddell,0.476973448,0.00782496562639539,0.00782496562639539,0.29780060706748523,FALSE,FALSE
1993-04-14,Weddell,0.481911689,0.00606885542568025,0.00606885542568025,0.29780060706748523,FALSE,FALSE
1993-04-15,Weddell,0.46881489,-0.01384526446195499,0.01384526446195499,0.29780060706748523,FALSE,FALSE
1993-04-16,Weddell,0.446941122,-0.04263690855649593,0.04263690855649593,0.29780060706748523,FALSE,FALSE
1993-04-17,Weddell,0.448836513,-0.04773753437792766,0.04773753437792766,0.29780060706748523,FALSE,FALSE
1993-04-18,Weddell,0.446341651,-0.05728413944623478,0.05728413944623478,0.29780060706748523,FALSE,FALSE
1993-04-19,Weddell,0.47383009,-0.03688075528140266,0.03688075528140266,0.29780060706748523,FALSE,FALSE
1993-04-20,Weddell,0.501856252,-0.01595054540341622,0.01595054540341622,0.29780060706748523,FALSE,FALSE
1993-04-21,Weddell,0.508090393,-0.01680083933226039,0.01680083933226039,0.29780060706748523,FALSE,FALSE
1993-04-22,Weddell,0.518057505,-0.01388423058792054,0.01388423058792054,0.29780060706748523,FALSE,FALSE
1993-04-23,Weddell,0.529267803,-0.00966808969038135,0.00966808969038135,0.29780060706748523,FALSE,FALSE
1993-04-24,Weddell,0.570965288,0.02511399884037168,0.02511399884037168,0.29780060706748523,FALSE,FALSE
1993-04-25,Weddell,0.614450266,0.06178273808042345,0.06178273808042345,0.29780060706748523,FALSE,FALSE
1993-04-26,Weddell,0.654152658,0.09476928588772536,0.09476928588772536,0.29780060706748523,FALSE,FALSE
1993-04-27,Weddell,0.665289127,0.09928095407163195,0.09928095407163195,0.29780060706748523,FALSE,FALSE
1993-04-28,Weddell,0.665285854,0.09273446090809911,0.09273446090809911,0.29780060706748523,FALSE,FALSE
1993-04-29,Weddell,0.649176053,0.0701535576730824,0.0701535576730824,0.29780060706748523,FALSE,FALSE
1993-04-30,Weddell,0.664049305,0.07861836264253674,0.07861836264253674,0.29780060706748523,FALSE,FALSE
1993-05-01,Weddell,0.681406293,0.08962009609241817,0.08962009609241817,0.29780060706748523,FALSE,FALSE
1993-05-02,Weddell,0.703654327,0.10555660529868204,0.10555660529868204,0.29780060706748523,FALSE,FALSE
1993-05-03,Weddell,0.705473748,0.1010987685372844,0.1010987685372844,0.29780060706748523,FALSE,FALSE
1993-05-04,Weddell,0.706603324,0.0959758910841806,0.0959758910841806,0.29780060706748523,FALSE,FALSE
1993-05-05,Weddell,0.699171028,0.0823064832153253,0.0823064832153253,0.29780060706748523,FALSE,FALSE
1993-05-06,Weddell,0.730155471,0.10705969320667497,0.10705969320667497,0.29780060706748523,FALSE,FALSE
1993-05-07,Weddell,0.733264354,0.10393375150560756,0.10393375150560756,0.29780060706748523,FALSE,FALSE
1993-05-08,Weddell,0.720269007,0.08468615300518334,0.08468615300518334,0.29780060706748523,FALSE,FALSE
1993-05-09,Weddell,0.744398237,0.10252025345720694,0.10252025345720694,0.29780060706748523,FALSE,FALSE
1993-05-10,Weddell,0.775901452,0.12765809833966268,0.12765809833966268,0.29780060706748523,FALSE,FALSE
1993-05-11,Weddell,0.790685238,0.13597891113053295,0.13597891113053295,0.29780060706748523,FALSE,FALSE
1993-05-12,Weddell,0.767759419,0.1064651533078027,0.1064651533078027,0.29780060706748523,FALSE,FALSE
1993-05-13,Weddell,0.728190954,0.06015642134945387,0.06015642134945387,0.29780060706748523,FALSE,FALSE
1993-05-14,Weddell,0.703682172,0.02872768173347084,0.02872768173347084,0.29780060706748523,FALSE,FALSE
1993-05-15,Weddell,0.696924106,0.01484260493783706,0.01484260493783706,0.29780060706748523,FALSE,FALSE
1993-05-16,Weddell,0.690151341,7.084134405359599e-4,7.084134405359599e-4,0.29780060706748523,FALSE,FALSE
1993-05-17,Weddell,0.693257331,-0.00380880128044858,0.00380880128044858,0.29780060706748523,FALSE,FALSE
1993-05-18,Weddell,0.698790701,-0.00618777674713344,0.00618777674713344,0.29780060706748523,FALSE,FALSE
1993-05-19,Weddell,0.711142157,-0.00206516948153467,0.00206516948153467,0.29780060706748523,FALSE,FALSE
1993-05-20,Weddell,0.741353535,0.01957537365747286,0.01957537365747286,0.29780060706748523,FALSE,FALSE
1993-05-21,Weddell,0.814198899,0.08351673261543335,0.08351673261543335,0.29780060706748523,FALSE,FALSE
1993-05-22,Weddell,0.864675931,0.12479537164726072,0.12479537164726072,0.29780060706748523,FALSE,FALSE
1993-05-23,Weddell,0.868978292,0.11964474221585608,0.11964474221585608,0.29780060706748523,FALSE,FALSE
1993-05-24,Weddell,0.843185853,0.08418450578412218,0.08418450578412218,0.29780060706748523,FALSE,FALSE
1993-05-25,Weddell,0.827766306,0.05892214481496127,0.05892214481496127,0.29780060706748523,FALSE,FALSE
1993-05-26,Weddell,0.873300262,0.09447806077127484,0.09447806077127484,0.29780060706748523,FALSE,FALSE
1993-05-27,Weddell,0.918159609,0.12926393211596565,0.12926393211596565,0.29780060706748523,FALSE,FALSE
1993-05-28,Weddell,0.948834181,0.14980938331193516,0.14980938331193516,0.29780060706748523,FALSE,FALSE
1993-05-29,Weddell,0.99593361,0.1867638368220864,0.1867638368220864,0.29780060706748523,FALSE,FALSE
1993-05-30,Weddell,1.014865682,0.19557486910932065,0.19557486910932065,0.29780060706748523,FALSE,FALSE
1993-05-31,Weddell,1.041178683,0.2118305566365408,0.2118305566365408,0.29780060706748523,FALSE,FALSE
1993-06-01,Weddell,1.063697101,0.2243951778666482,0.2243951778666482,0.29780060706748523,FALSE,FALSE
1993-06-02,Weddell,1.097758645,0.24863804358304945,0.24863804358304945,0.29780060706748523,FALSE,FALSE
1993-06-03,Weddell,1.135515951,0.2767070643756019,0.2767070643756019,0.29780060706748523,FALSE,FALSE
1993-06-04,Weddell,1.159241402,0.2908598276085955,0.2908598276085955,0.29780060706748523,FALSE,FALSE
1993-06-05,Weddell,1.164038121,0.2861846602732937,0.2861846602732937,0.29780060706748523,FALSE,FALSE
1993-06-06,Weddell,1.126792983,0.23955364136095825,0.23955364136095825,0.29780060706748523,FALSE,FALSE
1993-06-07,Weddell,1.095083965,0.19852995186285327,0.19852995186285327,0.29780060706748523,FALSE,FALSE
1993-06-08,Weddell,1.059758298,0.1539460267702405,0.1539460267702405,0.29780060706748523,FALSE,FALSE
1993-06-09,Weddell,1.031101217,0.11607230507438372,0.11607230507438372,0.29780060706748523,FALSE,FALSE
1993-06-10,Weddell,1.001820096,0.07760136476654533,0.07760136476654533,0.29780060706748523,FALSE,FALSE
1993-06-11,Weddell,0.976732621,0.04333609583798914,0.04333609583798914,0.29780060706748523,FALSE,FALSE
1993-06-12,Weddell,0.956495482,0.01391839227997704,0.01391839227997704,0.29780060706748523,FALSE,FALSE
1993-06-13,Weddell,0.954103284,0.00232806308377242,0.00232806308377242,0.29780060706748523,FALSE,FALSE
1993-06-14,Weddell,0.951672208,-0.00933309237945112,0.00933309237945112,0.29780060706748523,FALSE,FALSE
1993-06-15,Weddell,0.98358661,0.01332316784652909,0.01332316784652909,0.29780060706748523,FALSE,FALSE
1993-06-16,Weddell,1.014795327,0.03527462720702801,0.03527462720702801,0.29780060706748523,FALSE,FALSE
1993-06-17,Weddell,1.015431779,0.02668546782253078,0.02668546782253078,0.29780060706748523,FALSE,FALSE
1993-06-18,Weddell,1.006259309,0.00834979481351694,0.00834979481351694,0.29780060706748523,FALSE,FALSE
1993-06-19,Weddell,1.004985929,-0.00199361769952899,0.00199361769952899,0.29780060706748523,FALSE,FALSE
1993-06-20,Weddell,0.996431568,-0.01949407859612484,0.01949407859612484,0.29780060706748523,FALSE,FALSE
1993-06-21,Weddell,1.003778812,-0.02093823975578845,0.02093823975578845,0.29780060706748523,FALSE,FALSE
1993-06-22,Weddell,1.036681431,0.00335843094196364,0.00335843094196364,0.29780060706748523,FALSE,FALSE
1993-06-23,Weddell,1.077564961,0.03585223161761308,0.03585223161761308,0.29780060706748523,FALSE,FALSE
1993-06-24,Weddell,1.165194887,0.11533940939164287,0.11533940939164287,0.29780060706748523,FALSE,FALSE
1993-06-25,Weddell,1.17973382,0.12201333738453536,0.12201333738453536,0.29780060706748523,FALSE,FALSE
1993-06-26,Weddell,1.205205605,0.1399286227167729,0.1399286227167729,0.29780060706748523,FALSE,FALSE
1993-06-27,Weddell,1.233583448,0.16108510913238683,0.16108510913238683,0.29780060706748523,FALSE,FALSE
1993-06-28,Weddell,1.22798505,0.1485959695028849,0.1485959695028849,0.29780060706748523,FALSE,FALSE
1993-06-29,Weddell,1.233327377,0.1473594007875445,0.1473594007875445,0.29780060706748523,FALSE,FALSE
1993-06-30,Weddell,1.210141009,0.1178871407258426,0.1178871407258426,0.29780060706748523,FALSE,FALSE
1993-07-01,Weddell,1.191829139,0.09356354005725565,0.09356354005725565,0.29780060706748523,FALSE,FALSE
1993-07-02,Weddell,1.201953961,0.09793195052126058,0.09793195052126058,0.29780060706748523,FALSE,FALSE
1993-07-03,Weddell,1.215626698,0.10608475285733454,0.10608475285733454,0.29780060706748523,FALSE,FALSE
1993-07-04,Weddell,1.186703672,0.07185942680495305,0.07185942680495305,0.29780060706748523,FALSE,FALSE
1993-07-05,Weddell,1.115268777,-0.00467897589640631,0.00467897589640631,0.29780060706748523,FALSE,FALSE
1993-07-06,Weddell,1.094626654,-0.03024465650726693,0.03024465650726693,0.29780060706748523,FALSE,FALSE
1993-07-07,Weddell,1.067385247,-0.06224851328815251,0.06224851328815251,0.29780060706748523,FALSE,FALSE
1993-07-08,Weddell,1.087140105,-0.04711383949958692,0.04711383949958692,0.29780060706748523,FALSE,FALSE
1993-07-09,Weddell,1.155333002,0.01658230413312078,0.01658230413312078,0.29780060706748523,FALSE,FALSE
1993-07-10,Weddell,1.1744738,0.0313324104487569,0.0313324104487569,0.29780060706748523,FALSE,FALSE
1993-07-11,Weddell,1.14949696,0.00205677863568243,0.00205677863568243,0.29780060706748523,FALSE,FALSE
1993-07-12,Weddell,1.112283028,-0.0393777826689452,0.0393777826689452,0.29780060706748523,FALSE,FALSE
1993-07-13,Weddell,1.1258317,-0.02998531482796851,0.02998531482796851,0.29780060706748523,FALSE,FALSE
1993-07-14,Weddell,1.150516238,-0.00940629320422981,0.00940629320422981,0.29780060706748523,FALSE,FALSE
1993-07-15,Weddell,1.154256717,-0.0097343801605727,0.0097343801605727,0.29780060706748523,FALSE,FALSE
1993-07-16,Weddell,1.213571493,0.04553504294016086,0.04553504294016086,0.29780060706748523,FALSE,FALSE
1993-07-17,Weddell,1.242407372,0.0703350447351272,0.0703350447351272,0.29780060706748523,FALSE,FALSE
1993-07-18,Weddell,1.223285922,0.0471734558614858,0.0471734558614858,0.29780060706748523,FALSE,FALSE
1993-07-19,Weddell,1.219845676,0.03967507195639097,0.03967507195639097,0.29780060706748523,FALSE,FALSE
1993-07-20,Weddell,1.193540866,0.00928038765700267,0.00928038765700267,0.29780060706748523,FALSE,FALSE
1993-07-21,Weddell,1.14143618,-0.04695964639952321,0.04695964639952321,0.29780060706748523,FALSE,FALSE
1993-07-22,Weddell,1.125682531,-0.06690681112534347,0.06690681112534347,0.29780060706748523,FALSE,FALSE
1993-07-23,Weddell,1.127927817,-0.0689115004156553,0.0689115004156553,0.29780060706748523,FALSE,FALSE
1993-07-24,Weddell,1.133971526,-0.06716201996393845,0.06716201996393845,0.29780060706748523,FALSE,FALSE
1993-07-25,Weddell,1.136535614,-0.06892396932360767,0.06892396932360767,0.29780060706748523,FALSE,FALSE
1993-07-26,Weddell,1.165090009,-0.04471497604807628,0.04471497604807628,0.29780060706748523,FALSE,FALSE
1993-07-27,Weddell,1.194170078,-0.01998722869076119,0.01998722869076119,0.29780060706748523,FALSE,FALSE
1993-07-28,Weddell,1.189910186,-0.02859391780507514,0.02859391780507514,0.29780060706748523,FALSE,FALSE
1993-07-29,Weddell,1.151123131,-0.07170980094443213,0.07170980094443213,0.29780060706748523,FALSE,FALSE
1993-07-30,Weddell,1.136572504,-0.09055884266224812,0.09055884266224812,0.29780060706748523,FALSE,FALSE
1993-07-31,Weddell,1.115919644,-0.11546725951193793,0.11546725951193793,0.29780060706748523,FALSE,FALSE
1993-08-01,Weddell,1.09415182,-0.14143533804691444,0.14143533804691444,0.29780060706748523,FALSE,FALSE
1993-08-02,Weddell,1.056328732,-0.1833909338205939,0.1833909338205939,0.29780060706748523,FALSE,FALSE
1993-08-03,Weddell,1.017249618,-0.2265223645169634,0.2265223645169634,0.29780060706748523,FALSE,FALSE
1993-08-04,Weddell,0.995744716,-0.2519904727854948,0.2519904727854948,0.29780060706748523,FALSE,FALSE
1993-08-05,Weddell,0.994259761,-0.2573533201877817,0.2573533201877817,0.29780060706748523,FALSE,FALSE
1993-08-06,Weddell,1.01665287,-0.2387594526375536,0.2387594526375536,0.29780060706748523,FALSE,FALSE
1993-08-07,Weddell,1.052716296,-0.2064232800485417,0.2064232800485417,0.29780060706748523,FALSE,FALSE
1993-08-08,Weddell,1.114062649,-0.14873885533447506,0.14873885533447506,0.29780060706748523,FALSE,FALSE
1993-08-09,Weddell,1.128829426,-0.13757534440908548,0.13757534440908548,0.29780060706748523,FALSE,FALSE
1993-08-10,Weddell,1.084307657,-0.1856483801861022,0.1856483801861022,0.29780060706748523,FALSE,FALSE
1993-08-11,Weddell,1.02928092,-0.24418104757925607,0.24418104757925607,0.29780060706748523,FALSE,FALSE
1993-08-12,Weddell,0.980937547,-0.2959916775022774,0.2959916775022774,0.29780060706748523,FALSE,FALSE
1993-08-13,Weddell,0.948886403,-0.331478067868895,0.331478067868895,0.29780060706748523,TRUE,FALSE
1993-08-14,Weddell,0.965901489,-0.3178728805928417,0.3178728805928417,0.29780060706748523,TRUE,FALSE
1993-08-15,Weddell,1.003233337,-0.28393224658784666,0.28393224658784666,0.29780060706748523,FALSE,FALSE
1993-08-16,Weddell,1.077394011,-0.21315021581807425,0.21315021581807425,0.29780060706748523,FALSE,FALSE
1993-08-17,Weddell,1.116590515,-0.17730958217732207,0.17730958217732207,0.29780060706748523,FALSE,FALSE
1993-08-18,Weddell,1.182503874,-0.11470044353005404,0.11470044353005404,0.29780060706748523,FALSE,FALSE
1993-08-19,Weddell,1.202602497,-0.09782449030085227,0.09782449030085227,0.29780060706748523,FALSE,FALSE
1993-08-20,Weddell,1.221416487,-0.0821217189143002,0.0821217189143002,0.29780060706748523,FALSE,FALSE
1993-08-21,Weddell,1.267517701,-0.03899037179498177,0.03899037179498177,0.29780060706748523,FALSE,FALSE
1993-08-22,Weddell,1.305013278,-0.00429340936747779,0.00429340936747779,0.29780060706748523,FALSE,FALSE
1993-08-23,Weddell,1.302535013,-0.00936913605637346,0.00936913605637346,0.29780060706748523,FALSE,FALSE
1993-08-24,Weddell,1.30674274,-0.00752781728624962,0.00752781728624962,0.29780060706748523,FALSE,FALSE
1993-08-25,Weddell,1.34191075,0.02553473851830912,0.02553473851830912,0.29780060706748523,FALSE,FALSE
1993-08-26,Weddell,1.410531772,0.09234116093272048,0.09234116093272048,0.29780060706748523,FALSE,FALSE
1993-08-27,Weddell,1.429538497,0.10985404153240208,0.10985404153240208,0.29780060706748523,FALSE,FALSE
1993-08-28,Weddell,1.410741749,0.08991410489277052,0.08991410489277052,0.29780060706748523,FALSE,FALSE
1993-08-29,Weddell,1.383484936,0.06188898258322672,0.06188898258322672,0.29780060706748523,FALSE,FALSE
1993-08-30,Weddell,1.352607507,0.03060784405642147,0.03060784405642147,0.29780060706748523,FALSE,FALSE
1993-08-31,Weddell,1.334596812,0.01253479584489825,0.01253479584489825,0.29780060706748523,FALSE,FALSE
1993-09-01,Weddell,1.322707182,9.009022281860624e-4,9.009022281860624e-4,0.29780060706748523,FALSE,FALSE
1993-09-02,Weddell,1.313511629,-0.00774409151418709,0.00774409151418709,0.29780060706748523,FALSE,FALSE
1993-09-03,Weddell,1.274693983,-0.04573962210269444,0.04573962210269444,0.29780060706748523,FALSE,FALSE
1993-09-04,Weddell,1.2186688,-0.10069440025780609,0.10069440025780609,0.29780060706748523,FALSE,FALSE
1993-09-05,Weddell,1.162317404,-0.15575036869999503,0.15575036869999503,0.29780060706748523,FALSE,FALSE
1993-09-06,Weddell,1.138860508,-0.1777100811497332,0.1777100811497332,0.29780060706748523,FALSE,FALSE
1993-09-07,Weddell,1.147340541,-0.16755437532749262,0.16755437532749262,0.29780060706748523,FALSE,FALSE
1993-09-08,Weddell,1.130856564,-0.18220745695374507,0.18220745695374507,0.29780060706748523,FALSE,FALSE
1993-09-09,Weddell,1.150315662,-0.16078550774896194,0.16078550774896194,0.29780060706748523,FALSE,FALSE
1993-09-10,Weddell,1.143572428,-0.16545708946841595,0.16545708946841595,0.29780060706748523,FALSE,FALSE
1993-09-11,Weddell,1.182788497,-0.12407309282721556,0.12407309282721556,0.29780060706748523,FALSE,FALSE
1993-09-12,Weddell,1.18048686,-0.12410381814367176,0.12410381814367176,0.29780060706748523,FALSE,FALSE
1993-09-13,Weddell,1.234653739,-0.06755430952179586,0.06755430952179586,0.29780060706748523,FALSE,FALSE
1993-09-14,Weddell,1.30726912,0.00756415293440104,0.00756415293440104,0.29780060706748523,FALSE,FALSE
1993-09-15,Weddell,1.345839428,0.04876672812090499,0.04876672812090499,0.29780060706748523,FALSE,FALSE
1993-09-16,Weddell,1.314263453,0.01996093993370595,0.01996093993370595,0.29780060706748523,FALSE,FALSE
1993-09-17,Weddell,1.302140956,0.01075528326879138,0.01075528326879138,0.29780060706748523,FALSE,FALSE
1993-09-18,Weddell,1.300235529,0.01192208402214878,0.01192208402214878,0.29780060706748523,FALSE,FALSE
1993-09-19,Weddell,1.279953019,-0.00512407691023342,0.00512407691023342,0.29780060706748523,FALSE,FALSE
1993-09-20,Weddell,1.250843136,-0.03082475563236686,0.03082475563236686,0.29780060706748523,FALSE,FALSE
1993-09-21,Weddell,1.211558954,-0.06651814424826363,0.06651814424826363,0.29780060706748523,FALSE,FALSE
1993-09-22,Weddell,1.186755687,-0.08754029486193637,0.08754029486193637,0.29780060706748523,FALSE,FALSE
1993-09-23,Weddell,1.215433075,-0.05488489652309747,0.05488489652309747,0.29780060706748523,FALSE,FALSE
1993-09-24,Weddell,1.211204218,-0.05495543504850531,0.05495543504850531,0.29780060706748523,FALSE,FALSE
1993-09-25,Weddell,1.216136404,-0.04571525550577515,0.04571525550577515,0.29780060706748523,FALSE,FALSE
1993-09-26,Weddell,1.286039721,0.02861489993905164,0.02861489993905164,0.29780060706748523,FALSE,FALSE
1993-09-27,Weddell,1.32034266,0.0674326921199333,0.0674326921199333,0.29780060706748523,FALSE,FALSE
1993-09-28,Weddell,1.339287679,0.09094974887082707,0.09094974887082707,0.29780060706748523,FALSE,FALSE
1993-09-29,Weddell,1.324634275,0.08089473702569228,0.08089473702569228,0.29780060706748523,FALSE,FALSE
1993-09-30,Weddell,1.315680154,0.07653453241848651,0.07653453241848651,0.29780060706748523,FALSE,FALSE
1993-10-01,Weddell,1.311387196,0.07680018488316809,0.07680018488316809,0.29780060706748523,FALSE,FALSE
1993-10-02,Weddell,1.285876528,0.05578199125369521,0.05578199125369521,0.29780060706748523,FALSE,FALSE
1993-10-03,Weddell,1.260473373,0.03477434436402604,0.03477434436402604,0.29780060706748523,FALSE,FALSE
1993-10-04,Weddell,1.226686787,0.00525547004811777,0.00525547004811777,0.29780060706748523,FALSE,FALSE
1993-10-05,Weddell,1.201819672,-0.01550254997991928,0.01550254997991928,0.29780060706748523,FALSE,FALSE
1993-10-06,Weddell,1.177600459,-0.03579015368359073,0.03579015368359073,0.29780060706748523,FALSE,FALSE
1993-10-07,Weddell,1.172859826,-0.0367603766224478,0.0367603766224478,0.29780060706748523,FALSE,FALSE
1993-10-08,Weddell,1.168572865,-0.03741540874421267,0.03741540874421267,0.29780060706748523,FALSE,FALSE
1993-10-09,Weddell,1.155742132,-0.0467299759966111,0.0467299759966111,0.29780060706748523,FALSE,FALSE
1993-10-10,Weddell,1.141117877,-0.0579311103273652,0.0579311103273652,0.29780060706748523,FALSE,FALSE
1993-10-11,Weddell,1.173571988,-0.02212420568420015,0.02212420568420015,0.29780060706748523,FALSE,FALSE
1993-10-12,Weddell,1.210739603,0.01834859398516175,0.01834859398516175,0.29780060706748523,FALSE,FALSE
1993-10-13,Weddell,1.235669312,0.04655859673299534,0.04655859673299534,0.29780060706748523,FALSE,FALSE
1993-10-14,Weddell,1.269123976,0.08329138161157834,0.08329138161157834,0.29780060706748523,FALSE,FALSE
1993-10-15,Weddell,1.289734419,0.10720049067318628,0.10720049067318628,0.29780060706748523,FALSE,FALSE
1993-10-16,Weddell,1.290234698,0.11104269897009568,0.11104269897009568,0.29780060706748523,FALSE,FALSE
1993-10-17,Weddell,1.273118327,0.09733423855458125,0.09733423855458125,0.29780060706748523,FALSE,FALSE
1993-10-18,Weddell,1.253631876,0.0813439542016896,0.0813439542016896,0.29780060706748523,FALSE,FALSE
1993-10-19,Weddell,1.223811669,0.0551210296093938,0.0551210296093938,0.29780060706748523,FALSE,FALSE
1993-10-20,Weddell,1.184302514,0.01931413151804051,0.01931413151804051,0.29780060706748523,FALSE,FALSE
1993-10-21,Weddell,1.163558358,0.00238070526716849,0.00238070526716849,0.29780060706748523,FALSE,FALSE
1993-10-22,Weddell,1.156909548,-3.4540380368364154e-4,3.4540380368364154e-4,0.29780060706748523,FALSE,FALSE
1993-10-23,Weddell,1.136225387,-0.01699139435497754,0.01699139435497754,0.29780060706748523,FALSE,FALSE
1993-10-24,Weddell,1.122756721,-0.02630292204717355,0.02630292204717355,0.29780060706748523,FALSE,FALSE
1993-10-25,Weddell,1.098913773,-0.04586626554073336,0.04586626554073336,0.29780060706748523,FALSE,FALSE
1993-10-26,Weddell,1.065346179,-0.07502829049611837,0.07502829049611837,0.29780060706748523,FALSE,FALSE
1993-10-27,Weddell,1.045197884,-0.09064155357379032,0.09064155357379032,0.29780060706748523,FALSE,FALSE
1993-10-28,Weddell,1.024708409,-0.10646303543420844,0.10646303543420844,0.29780060706748523,FALSE,FALSE
1993-10-29,Weddell,1.034550394,-0.09181659773783624,0.09181659773783624,0.29780060706748523,FALSE,FALSE
1993-10-30,Weddell,1.04312386,-0.07829872114513425,0.07829872114513425,0.29780060706748523,FALSE,FALSE
1993-10-31,Weddell,1.064587022,-0.05174834545914564,0.05174834545914564,0.29780060706748523,FALSE,FALSE
1993-11-01,Weddell,1.113532104,0.00242638360747071,0.00242638360747071,0.29780060706748523,FALSE,FALSE
1993-11-02,Weddell,1.143938801,0.03820380384675093,0.03820380384675093,0.29780060706748523,FALSE,FALSE
1993-11-03,Weddell,1.134140963,0.03391640778526494,0.03391640778526494,0.29780060706748523,FALSE,FALSE
1993-11-04,Weddell,1.089493935,-0.00508181705041543,0.00508181705041543,0.29780060706748523,FALSE,FALSE
1993-11-05,Weddell,1.049809981,-0.03897996413372051,0.03897996413372051,0.29780060706748523,FALSE,FALSE
1993-11-06,Weddell,1.007625815,-0.07524267693807718,0.07524267693807718,0.29780060706748523,FALSE,FALSE
1993-11-07,Weddell,0.980219956,-0.09659279393691687,0.09659279393691687,0.29780060706748523,FALSE,FALSE
1993-11-08,Weddell,0.980379872,-0.09024420460366768,0.09024420460366768,0.29780060706748523,FALSE,FALSE
1993-11-09,Weddell,0.98533254,-0.07897128941175902,0.07897128941175902,0.29780060706748523,FALSE,FALSE
1993-11-10,Weddell,0.989638064,-0.06821530183461988,0.06821530183461988,0.29780060706748523,FALSE,FALSE
1993-11-11,Weddell,0.98726185,-0.06401219334567865,0.06401219334567865,0.29780060706748523,FALSE,FALSE
1993-11-12,Weddell,0.979885421,-0.06468170247780647,0.06468170247780647,0.29780060706748523,FALSE,FALSE
1993-11-13,Weddell,0.986008597,-0.05171996342805463,0.05171996342805463,0.29780060706748523,FALSE,FALSE
1993-11-14,Weddell,0.971342466,-0.05940386436030198,0.05940386436030198,0.29780060706748523,FALSE,FALSE
1993-11-15,Weddell,0.956716707,-0.06689104438212934,0.06689104438212934,0.29780060706748523,FALSE,FALSE
1993-11-16,Weddell,0.946928598,-0.06937154360111664,0.06937154360111664,0.29780060706748523,FALSE,FALSE
1993-11-17,Weddell,0.892258297,-0.11655252212484346,0.11655252212484346,0.29780060706748523,FALSE,FALSE
1993-11-18,Weddell,0.900877173,-0.10024992906089047,0.10024992906089047,0.29780060706748523,FALSE,FALSE
1993-11-19,Weddell,0.910106944,-0.08312936451683794,0.08312936451683794,0.29780060706748523,FALSE,FALSE
1993-11-20,Weddell,0.921123995,-0.06400176160026572,0.06400176160026572,0.29780060706748523,FALSE,FALSE
1993-11-21,Weddell,0.91623369,-0.06054907441875434,0.06054907441875434,0.29780060706748523,FALSE,FALSE
1993-11-22,Weddell,0.899027132,-0.06916751807988375,0.06916751807988375,0.29780060706748523,FALSE,FALSE
1993-11-23,Weddell,0.880568089,-0.07878064269123386,0.07878064269123386,0.29780060706748523,FALSE,FALSE
1993-11-24,Weddell,0.857779369,-0.09245295836038536,0.09245295836038536,0.29780060706748523,FALSE,FALSE
1993-11-25,Weddell,0.852216474,-0.08861866580118227,0.08861866580118227,0.29780060706748523,FALSE,FALSE
1993-11-26,Weddell,0.842357912,-0.0888091283277308,0.0888091283277308,0.29780060706748523,FALSE,FALSE
1993-11-27,Weddell,0.845433024,-0.07581501754922071,0.07581501754922071,0.29780060706748523,FALSE,FALSE
1993-11-28,Weddell,0.848564452,-0.06253378088926509,0.06253378088926509,0.29780060706748523,FALSE,FALSE
1993-11-29,Weddell,0.843655302,-0.05708240177147472,0.05708240177147472,0.29780060706748523,FALSE,FALSE
1993-11-30,Weddell,0.836921381,-0.05326516261946135,0.05326516261946135,0.29780060706748523,FALSE,FALSE
1993-12-01,Weddell,0.824624248,-0.05484059385683726,0.05484059385683726,0.29780060706748523,FALSE,FALSE
1993-12-02,Weddell,0.836987654,-0.03160503390721425,0.03160503390721425,0.29780060706748523,FALSE,FALSE
1993-12-03,Weddell,0.84745693,-0.01013324119420333,0.01013324119420333,0.29780060706748523,FALSE,FALSE
1993-12-04,Weddell,0.859132413,0.01265503185858296,0.01265503185858296,0.29780060706748523,FALSE,FALSE
1993-12-05,Weddell,0.864041538,0.02876713082753312,0.02876713082753312,0.29780060706748523,FALSE,FALSE
1993-12-06,Weddell,0.868949153,0.04494781428903571,0.04494781428903571,0.29780060706748523,FALSE,FALSE
1993-12-07,Weddell,0.86205757,0.04937930703791704,0.04937930703791704,0.29780060706748523,FALSE,FALSE
1993-12-08,Weddell,0.861388971,0.0600643925432468,0.0600643925432468,0.29780060706748523,FALSE,FALSE
1993-12-09,Weddell,0.853421748,0.06346372510350395,0.06346372510350395,0.29780060706748523,FALSE,FALSE
1993-12-10,Weddell,0.865184254,0.0865881653586954,0.0865881653586954,0.29780060706748523,FALSE,FALSE
1993-12-11,Weddell,0.820250753,0.05299448494883119,0.05299448494883119,0.29780060706748523,FALSE,FALSE
1993-12-12,Weddell,0.799979678,0.04402362451391917,0.04402362451391917,0.29780060706748523,FALSE,FALSE
1993-12-13,Weddell,0.779616744,0.03490380669396731,0.03490380669396731,0.29780060706748523,FALSE,FALSE
1993-12-14,Weddell,0.751225524,0.0176811121289846,0.0176811121289846,0.29780060706748523,FALSE,FALSE
1993-12-15,Weddell,0.734559927,0.01209195745897939,0.01209195745897939,0.29780060706748523,FALSE,FALSE
1993-12-16,Weddell,0.730247211,0.01874610832395995,0.01874610832395995,0.29780060706748523,FALSE,FALSE
1993-12-17,Weddell,0.726550756,0.02588945236393469,0.02588945236393469,0.29780060706748523,FALSE,FALSE
1993-12-18,Weddell,0.723431118,0.03346505321891258,0.03346505321891258,0.29780060706748523,FALSE,FALSE
1993-12-19,Weddell,0.709777746,0.03034486752890108,0.03034486752890108,0.29780060706748523,FALSE,FALSE
1993-12-20,Weddell,0.678141644,0.00906299204632976,0.00906299204632976,0.29780060706748523,FALSE,FALSE
1993-12-21,Weddell,0.643509489,-0.01540155172118218,0.01540155172118218,0.29780060706748523,FALSE,FALSE
1993-12-22,Weddell,0.626155531,-0.02277478432075597,0.02277478432075597,0.29780060706748523,FALSE,FALSE
1993-12-23,Weddell,0.614960967,-0.02417557350381294,0.02417557350381294,0.29780060706748523,FALSE,FALSE
1993-12-24,Weddell,0.606942439,-0.02258734202177648,0.02258734202177648,0.29780060706748523,FALSE,FALSE
1993-12-25,Weddell,0.609430027,-0.01068007462606845,0.01068007462606845,0.29780060706748523,FALSE,FALSE
1993-12-26,Weddell,0.603782337,-0.00709523006811307,0.00709523006811307,0.29780060706748523,FALSE,FALSE
1993-12-27,Weddell,0.586964121,-0.01486812109933188,0.01486812109933188,0.29780060706748523,FALSE,FALSE
1993-12-28,Weddell,0.57081739,-0.02215680147114684,0.02215680147114684,0.29780060706748523,FALSE,FALSE
1993-12-29,Weddell,0.568368458,-0.01593502193498153,0.01593502193498153,0.29780060706748523,FALSE,FALSE
1993-12-30,Weddell,0.558372251,-0.01744792124225958,0.01744792124225958,0.29780060706748523,FALSE,FALSE
1993-12-31,Weddell,0.55895276,-0.00857157314440137,0.00857157314440137,0.29780060706748523,FALSE,FALSE
1994-01-01,Weddell,0.545189244,-0.01422678339283056,0.01422678339283056,0.29780060706748523,FALSE,FALSE
1994-01-02,Weddell,0.540170557,-0.01132340987456648,0.01132340987456648,0.29780060706748523,FALSE,FALSE
1994-01-03,Weddell,0.53758928,-0.0061621720190107,0.0061621720190107,0.29780060706748523,FALSE,FALSE
1994-01-04,Weddell,0.526349468,-0.00983096239116232,0.00983096239116232,0.29780060706748523,FALSE,FALSE
1994-01-05,Weddell,0.515172589,-0.01360026055601815,0.01360026055601815,0.29780060706748523,FALSE,FALSE
1994-01-06,Weddell,0.512483353,-0.00903730407857905,0.00903730407857905,0.29780060706748523,FALSE,FALSE
1994-01-07,Weddell,0.515466269,0.00105046847615863,0.00105046847615863,0.29780060706748523,FALSE,FALSE
1994-01-08,Weddell,0.506587295,-8.62932456804133e-4,8.62932456804133e-4,0.29780060706748523,FALSE,FALSE
1994-01-09,Weddell,0.506695169,0.00607928355753284,0.00607928355753284,0.29780060706748523,FALSE,FALSE
1994-01-10,Weddell,0.506731071,0.01282634895417356,0.01282634895417356,0.29780060706748523,FALSE,FALSE
1994-01-11,Weddell,0.499233353,0.01192466816811765,0.01192466816811765,0.29780060706748523,FALSE,FALSE
1994-01-12,Weddell,0.49742942,0.01660969863436823,0.01660969863436823,0.29780060706748523,FALSE,FALSE
1994-01-13,Weddell,0.493171563,0.01874178378792551,0.01874178378792551,0.29780060706748523,FALSE,FALSE
1994-01-14,Weddell,0.493911316,0.0257805265063335,0.0257805265063335,0.29780060706748523,FALSE,FALSE
1994-01-15,Weddell,0.488339466,0.02642537270507167,0.02642537270507167,0.29780060706748523,FALSE,FALSE
1994-01-16,Weddell,0.487011106,0.03124081349082064,0.03124081349082064,0.29780060706748523,FALSE,FALSE
1994-01-17,Weddell,0.490194854,0.04050491171922199,0.04050491171922199,0.29780060706748523,FALSE,FALSE
1994-01-18,Weddell,0.490853523,0.04718992524591764,0.04718992524591764,0.29780060706748523,FALSE,FALSE
1994-01-19,Weddell,0.494045823,0.05636400892654919,0.05636400892654919,0.29780060706748523,FALSE,FALSE
1994-01-20,Weddell,0.500212663,0.06847751661675927,0.06847751661675927,0.29780060706748523,FALSE,FALSE
1994-01-21,Weddell,0.498329546,0.0725153961721891,0.0725153961721891,0.29780060706748523,FALSE,FALSE
1994-01-22,Weddell,0.500751238,0.08084185844848102,0.08084185844848102,0.29780060706748523,FALSE,FALSE
1994-01-23,Weddell,0.496358848,0.08234745730127652,0.08234745730127652,0.29780060706748523,FALSE,FALSE
1994-01-24,Weddell,0.492022091,0.0839113525862179,0.0839113525862179,0.29780060706748523,FALSE,FALSE
1994-01-25,Weddell,0.474489837,0.07229185915894665,0.07229185915894665,0.29780060706748523,FALSE,FALSE
1994-01-26,Weddell,0.450755532,0.05449186787510568,0.05449186787510568,0.29780060706748523,FALSE,FALSE
1994-01-27,Weddell,0.448938618,0.05863759343340791,0.05863759343340791,0.29780060706748523,FALSE,FALSE
1994-01-28,Weddell,0.442762686,0.05844131047603834,0.05844131047603834,0.29780060706748523,FALSE,FALSE
1994-01-29,Weddell,0.434553046,0.05620951189449941,0.05620951189449941,0.29780060706748523,FALSE,FALSE
1994-01-30,Weddell,0.43473924,0.0623528984179949,0.0623528984179949,0.29780060706748523,FALSE,FALSE
1994-01-31,Weddell,0.43600129,0.06953265077572901,0.06953265077572901,0.29780060706748523,FALSE,FALSE
1994-02-01,Weddell,0.431505946,0.07089667769690505,0.07089667769690505,0.29780060706748523,FALSE,FALSE
1994-02-02,Weddell,0.427027021,0.07219995091072756,0.07219995091072756,0.29780060706748523,FALSE,FALSE
1994-02-03,Weddell,0.424500521,0.0753596351464001,0.0753596351464001,0.29780060706748523,FALSE,FALSE
1994-02-04,Weddell,0.416933869,0.07336431213312644,0.07336431213312644,0.29780060706748523,FALSE,FALSE
1994-02-05,Weddell,0.427755034,0.08962310960011088,0.08962310960011088,0.29780060706748523,FALSE,FALSE
1994-02-06,Weddell,0.427764568,0.09491773827655708,0.09491773827655708,0.29780060706748523,FALSE,FALSE
1994-02-07,Weddell,0.430856028,0.10312291389166878,0.10312291389166878,0.29780060706748523,FALSE,FALSE
1994-02-08,Weddell,0.433409378,0.11059978349487291,0.11059978349487291,0.29780060706748523,FALSE,FALSE
1994-02-09,Weddell,0.42841505,0.11032317297224042,0.11032317297224042,0.29780060706748523,FALSE,FALSE
1994-02-10,Weddell,0.417751353,0.10416217079277218,0.10416217079277218,0.29780060706748523,FALSE,FALSE
1994-02-11,Weddell,0.408399001,0.09908902541594122,0.09908902541594122,0.29780060706748523,FALSE,FALSE
1994-02-12,Weddell,0.416523452,0.11126072930122204,0.11126072930122204,0.29780060706748523,FALSE,FALSE
1994-02-13,Weddell,0.415289372,0.1138334829080878,0.1138334829080878,0.29780060706748523,FALSE,FALSE
1994-02-14,Weddell,0.414612861,0.11671492069601268,0.11671492069601268,0.29780060706748523,FALSE,FALSE
1994-02-15,Weddell,0.421515677,0.1269183351244702,0.1269183351244702,0.29780060706748523,FALSE,FALSE
1994-02-16,Weddell,0.408416689,0.116854129652934,0.116854129652934,0.29780060706748523,FALSE,FALSE
1994-02-17,Weddell,0.40083724,0.11203518174087806,0.11203518174087806,0.29780060706748523,FALSE,FALSE
1994-02-18,Weddell,0.38768832,0.1013640158477756,0.1013640158477756,0.29780060706748523,FALSE,FALSE
1994-02-19,Weddell,0.385236312,0.1010985494331007,0.1010985494331007,0.29780060706748523,FALSE,FALSE
1994-02-20,Weddell,0.376489436,0.09423853695632732,0.09423853695632732,0.29780060706748523,FALSE,FALSE
1994-02-21,Weddell,0.379658875,0.09898716829756617,0.09898716829756617,0.29780060706748523,FALSE,FALSE
1994-02-22,Weddell,0.374644192,0.09524174079144544,0.09524174079144544,0.29780060706748523,FALSE,FALSE
1994-02-23,Weddell,0.36523266,0.08679107192527563,0.08679107192527563,0.29780060706748523,FALSE,FALSE
1994-02-24,Weddell,0.350801535,0.07301403106238874,0.07301403106238874,0.29780060706748523,FALSE,FALSE
1994-02-25,Weddell,0.343805282,0.06636669656611716,0.06636669656611716,0.29780060706748523,FALSE,FALSE
1994-02-26,Weddell,0.35578219,0.07838897079979318,0.07838897079979318,0.29780060706748523,FALSE,FALSE
1994-02-27,Weddell,0.382789057,0.10513926512674954,0.10513926512674954,0.29780060706748523,FALSE,FALSE
1994-02-28,Weddell,0.390945144,0.1127384539103185,0.1127384539103185,0.29780060706748523,FALSE,FALSE
1994-03-01,Weddell,0.390916202,0.11185390151383208,0.11185390151383208,0.29780060706748523,FALSE,FALSE
1994-03-02,Weddell,0.378361676,0.09814666630062308,0.09814666630062308,0.29780060706748523,FALSE,FALSE
1994-03-03,Weddell,0.362153748,0.0804905436340238,0.0804905436340238,0.29780060706748523,FALSE,FALSE
1994-03-04,Weddell,0.355934939,0.07252966787736681,0.07252966787736681,0.29780060706748523,FALSE,FALSE
1994-03-05,Weddell,0.352192873,0.06675327726607655,0.06675327726607655,0.29780060706748523,FALSE,FALSE
1994-03-06,Weddell,0.362893562,0.07513224210903402,0.07513224210903402,0.29780060706748523,FALSE,FALSE
1994-03-07,Weddell,0.378636806,0.08828178218602956,0.08828178218602956,0.29780060706748523,FALSE,FALSE
1994-03-08,Weddell,0.387391725,0.09418858295036026,0.09418858295036026,0.29780060706748523,FALSE,FALSE
1994-03-09,Weddell,0.398116978,0.10182886885532189,0.10182886885532189,0.29780060706748523,FALSE,FALSE
1994-03-10,Weddell,0.408138045,0.10854568535421004,0.10854568535421004,0.29780060706748523,FALSE,FALSE
1994-03-11,Weddell,0.423244942,0.12014661390032172,0.12014661390032172,0.29780060706748523,FALSE,FALSE
1994-03-12,Weddell,0.426998192,0.12020974294695308,0.12020974294695308,0.29780060706748523,FALSE,FALSE
1994-03-13,Weddell,0.426377139,0.11573198194739952,0.11573198194739952,0.29780060706748523,FALSE,FALSE
1994-03-14,Weddell,0.41762392,0.10297303335495787,0.10297303335495787,0.29780060706748523,FALSE,FALSE
1994-03-15,Weddell,0.423236637,0.10444856462292423,0.10444856462292423,0.29780060706748523,FALSE,FALSE
1994-03-16,Weddell,0.423853454,0.10081430520459445,0.10081430520459445,0.29780060706748523,FALSE,FALSE
1994-03-17,Weddell,0.423166892,0.09578034155326492,0.09578034155326492,0.29780060706748523,FALSE,FALSE
1994-03-18,Weddell,0.411275418,0.07946242735734765,0.07946242735734765,0.29780060706748523,FALSE,FALSE
1994-03-19,Weddell,0.404396003,0.06808785819289098,0.06808785819289098,0.29780060706748523,FALSE,FALSE
1994-03-20,Weddell,0.395689667,0.05482069620810304,0.05482069620810304,0.29780060706748523,FALSE,FALSE
1994-03-21,Weddell,0.385675906,0.04018313668257251,0.04018313668257251,0.29780060706748523,FALSE,FALSE
1994-03-22,Weddell,0.378801807,0.02862496589588875,0.02862496589588875,0.29780060706748523,FALSE,FALSE
1994-03-23,Weddell,0.383185759,0.02826727212764113,0.02826727212764113,0.29780060706748523,FALSE,FALSE
1994-03-24,Weddell,0.377543303,0.01782829565741905,0.01782829565741905,0.29780060706748523,FALSE,FALSE
1994-03-25,Weddell,0.39573347,0.03116976676481203,0.03116976676481203,0.29780060706748523,FALSE,FALSE
1994-03-26,Weddell,0.414516997,0.04505512172940873,0.04505512172940873,0.29780060706748523,FALSE,FALSE
1994-03-27,Weddell,0.41072103,0.03631420583079864,0.03631420583079864,0.29780060706748523,FALSE,FALSE
1994-03-28,Weddell,0.408851381,0.02945553034857129,0.02945553034857129,0.29780060706748523,FALSE,FALSE
1994-03-29,Weddell,0.404488933,0.02006267756231611,0.02006267756231611,0.29780060706748523,FALSE,FALSE
1994-03-30,Weddell,0.391359174,0.00186383475162194,0.00186383475162194,0.29780060706748523,FALSE,FALSE
1994-03-31,Weddell,0.392590141,-0.00201191299160236,0.00201191299160236,0.29780060706748523,FALSE,FALSE
1994-04-01,Weddell,0.383163819,-0.01659055802217407,0.01659055802217407,0.29780060706748523,FALSE,FALSE
1994-04-02,Weddell,0.377515568,-0.02744778595786357,0.02744778595786357,0.29780060706748523,FALSE,FALSE
1994-04-03,Weddell,0.368748095,-0.04149193795297185,0.04149193795297185,0.29780060706748523,FALSE,FALSE
1994-04-04,Weddell,0.359944278,-0.05565118416179987,0.05565118416179987,0.29780060706748523,FALSE,FALSE
1994-04-05,Weddell,0.356211276,-0.06482941373864881,0.06482941373864881,0.29780060706748523,FALSE,FALSE
1994-04-06,Weddell,0.350565018,-0.07602174583781851,0.07602174583781851,0.29780060706748523,FALSE,FALSE
1994-04-07,Weddell,0.348048842,-0.08419589061361105,0.08419589061361105,0.29780060706748523,FALSE,FALSE
1994-04-08,Weddell,0.33987934400000003,-0.09814630022032644,0.09814630022032644,0.29780060706748523,FALSE,FALSE
1994-04-09,Weddell,0.331738615,-0.11220193181226652,0.11220193181226652,0.29780060706748523,FALSE,FALSE
1994-04-10,Weddell,0.322329943,-0.1276705455437312,0.1276705455437312,0.29780060706748523,FALSE,FALSE
1994-04-11,Weddell,0.321082958,-0.13513355956902262,0.13513355956902262,0.29780060706748523,FALSE,FALSE
1994-04-12,Weddell,0.321725795,-0.1408737203398257,0.1408737203398257,0.29780060706748523,FALSE,FALSE
1994-04-13,Weddell,0.360642258,-0.10850622437360465,0.10850622437360465,0.29780060706748523,FALSE,FALSE
1994-04-14,Weddell,0.378892454,-0.09695037957431972,0.09695037957431972,0.29780060706748523,FALSE,FALSE
1994-04-15,Weddell,0.37451372,-0.108146434461955,0.108146434461955,0.29780060706748523,FALSE,FALSE
1994-04-16,Weddell,0.355662902,-0.13391512855649595,0.13391512855649595,0.29780060706748523,FALSE,FALSE
1994-04-17,Weddell,0.337449089,-0.15912495837792767,0.15912495837792767,0.29780060706748523,FALSE,FALSE
1994-04-18,Weddell,0.333687208,-0.16993858244623478,0.16993858244623478,0.29780060706748523,FALSE,FALSE
1994-04-19,Weddell,0.374468595,-0.13624225028140263,0.13624225028140263,0.29780060706748523,FALSE,FALSE
1994-04-20,Weddell,0.423282278,-0.09452451940341616,0.09452451940341616,0.29780060706748523,FALSE,FALSE
1994-04-21,Weddell,0.452662184,-0.0722290483322604,0.0722290483322604,0.29780060706748523,FALSE,FALSE
1994-04-22,Weddell,0.480126013,-0.05181572258792055,0.05181572258792055,0.29780060706748523,FALSE,FALSE
1994-04-23,Weddell,0.510683132,-0.02825276069038129,0.02825276069038129,0.29780060706748523,FALSE,FALSE
1994-04-24,Weddell,0.539936899,-0.00591439015962835,0.00591439015962835,0.29780060706748523,FALSE,FALSE
1994-04-25,Weddell,0.543038957,-0.00962857091957647,0.00962857091957647,0.29780060706748523,FALSE,FALSE
1994-04-26,Weddell,0.549280725,-0.01010264711227459,0.01010264711227459,0.29780060706748523,FALSE,FALSE
1994-04-27,Weddell,0.554895022,-0.01111315092836806,0.01111315092836806,0.29780060706748523,FALSE,FALSE
1994-04-28,Weddell,0.589083646,0.01653225290809912,0.01653225290809912,0.29780060706748523,FALSE,FALSE
1994-04-29,Weddell,0.600895919,0.02187342367308231,0.02187342367308231,0.29780060706748523,FALSE,FALSE
1994-04-30,Weddell,0.613914214,0.02848327164253672,0.02848327164253672,0.29780060706748523,FALSE,FALSE
1994-05-01,Weddell,0.618194117,0.02640792009241821,0.02640792009241821,0.29780060706748523,FALSE,FALSE
1994-05-02,Weddell,0.599517208,0.00141948629868204,0.00141948629868204,0.29780060706748523,FALSE,FALSE
1994-05-03,Weddell,0.559709384,-0.04466559546271553,0.04466559546271553,0.29780060706748523,FALSE,FALSE
1994-05-04,Weddell,0.504330043,-0.1062973899158195,0.1062973899158195,0.29780060706748523,FALSE,FALSE
1994-05-05,Weddell,0.47630005,-0.1405644947846747,0.1405644947846747,0.29780060706748523,FALSE,FALSE
1994-05-06,Weddell,0.447604351,-0.17549142679332502,0.17549142679332502,0.29780060706748523,FALSE,FALSE
1994-05-07,Weddell,0.431366518,-0.19796408449439248,0.19796408449439248,0.29780060706748523,FALSE,FALSE
1994-05-08,Weddell,0.442580037,-0.19300281699481664,0.19300281699481664,0.29780060706748523,FALSE,FALSE
1994-05-09,Weddell,0.455099635,-0.18677834854279304,0.18677834854279304,0.29780060706748523,FALSE,FALSE
1994-05-10,Weddell,0.500713812,-0.14752954166033738,0.14752954166033738,0.29780060706748523,FALSE,FALSE
1994-05-11,Weddell,0.527467548,-0.1272387788694671,0.1272387788694671,0.29780060706748523,FALSE,FALSE
1994-05-12,Weddell,0.518664203,-0.14263006269219725,0.14263006269219725,0.29780060706748523,FALSE,FALSE
1994-05-13,Weddell,0.509345809,-0.1586887236505461,0.1586887236505461,0.29780060706748523,FALSE,FALSE
1994-05-14,Weddell,0.499418577,-0.17553591326652923,0.17553591326652923,0.29780060706748523,FALSE,FALSE
1994-05-15,Weddell,0.488206995,-0.19387450606216297,0.19387450606216297,0.29780060706748523,FALSE,FALSE
1994-05-16,Weddell,0.48195827,-0.207484657559464,0.207484657559464,0.29780060706748523,FALSE,FALSE
1994-05-17,Weddell,0.51373323,-0.18333290228044852,0.18333290228044852,0.29780060706748523,FALSE,FALSE
1994-05-18,Weddell,0.617008575,-0.08796990274713345,0.08796990274713345,0.29780060706748523,FALSE,FALSE
1994-05-19,Weddell,0.66102373,-0.0521835964815347,0.0521835964815347,0.29780060706748523,FALSE,FALSE
1994-05-20,Weddell,0.710479357,-0.01129880434252716,0.01129880434252716,0.29780060706748523,FALSE,FALSE
1994-05-21,Weddell,0.737697,0.00701483361543342,0.00701483361543342,0.29780060706748523,FALSE,FALSE
1994-05-22,Weddell,0.752530869,0.01265030964726077,0.01265030964726077,0.29780060706748523,FALSE,FALSE
1994-05-23,Weddell,0.744491923,-0.0048416267841439,0.0048416267841439,0.29780060706748523,FALSE,FALSE
1994-05-24,Weddell,0.73276445,-0.02623689721587785,0.02623689721587785,0.29780060706748523,FALSE,FALSE
1994-05-25,Weddell,0.720385217,-0.04845894418503871,0.04845894418503871,0.29780060706748523,FALSE,FALSE
1994-05-26,Weddell,0.69988645,-0.07893575122872509,0.07893575122872509,0.29780060706748523,FALSE,FALSE
1994-05-27,Weddell,0.702276746,-0.08661893088403438,0.08661893088403438,0.29780060706748523,FALSE,FALSE
1994-05-28,Weddell,0.712572724,-0.08645207368806485,0.08645207368806485,0.29780060706748523,FALSE,FALSE
1994-05-29,Weddell,0.715570172,-0.09359960117791366,0.09359960117791366,0.29780060706748523,FALSE,FALSE
1994-05-30,Weddell,0.801760894,-0.01752991889067934,0.01752991889067934,0.29780060706748523,FALSE,FALSE
1994-05-31,Weddell,0.867117564,0.03776943763654072,0.03776943763654072,0.29780060706748523,FALSE,FALSE
1994-06-01,Weddell,0.938335097,0.09903317386664812,0.09903317386664812,0.29780060706748523,FALSE,FALSE
1994-06-02,Weddell,0.973246186,0.12412558458304934,0.12412558458304934,0.29780060706748523,FALSE,FALSE
1994-06-03,Weddell,0.991552384,0.13274349737560198,0.13274349737560198,0.29780060706748523,FALSE,FALSE
1994-06-04,Weddell,1.020216315,0.1518347406085957,0.1518347406085957,0.29780060706748523,FALSE,FALSE
1994-06-05,Weddell,1.034808149,0.15695468827329384,0.15695468827329384,0.29780060706748523,FALSE,FALSE
1994-06-06,Weddell,1.031031713,0.14379237136095813,0.14379237136095813,0.29780060706748523,FALSE,FALSE
1994-06-07,Weddell,1.020530997,0.12397698386285338,0.12397698386285338,0.29780060706748523,FALSE,FALSE
1994-06-08,Weddell,1.005023989,0.0992117177702404,0.0992117177702404,0.29780060706748523,FALSE,FALSE
1994-06-09,Weddell,1.008704772,0.09367586007438368,0.09367586007438368,0.29780060706748523,FALSE,FALSE
1994-06-10,Weddell,1.01340362,0.08918488876654529,0.08918488876654529,0.29780060706748523,FALSE,FALSE
1994-06-11,Weddell,1.01070416,0.07730763483798908,0.07730763483798908,0.29780060706748523,FALSE,FALSE
1994-06-12,Weddell,1.012326276,0.06974918627997706,0.06974918627997706,0.29780060706748523,FALSE,FALSE
1994-06-13,Weddell,1.006538019,0.05476279808377238,0.05476279808377238,0.29780060706748523,FALSE,FALSE
1994-06-14,Weddell,1.007606654,0.04660135362054885,0.04660135362054885,0.29780060706748523,FALSE,FALSE
1994-06-15,Weddell,1.034750554,0.064487111846529,0.064487111846529,0.29780060706748523,FALSE,FALSE
1994-06-16,Weddell,1.071150759,0.09163005920702794,0.09163005920702794,0.29780060706748523,FALSE,FALSE
1994-06-17,Weddell,1.081627047,0.09288073582253076,0.09288073582253076,0.29780060706748523,FALSE,FALSE
1994-06-18,Weddell,1.09448776,0.09657824581351691,0.09657824581351691,0.29780060706748523,FALSE,FALSE
1994-06-19,Weddell,1.106090782,0.09911123530047106,0.09911123530047106,0.29780060706748523,FALSE,FALSE
1994-06-20,Weddell,1.135414828,0.1194891814038752,0.1194891814038752,0.29780060706748523,FALSE,FALSE
1994-06-21,Weddell,1.149536877,0.12481982524421165,0.12481982524421165,0.29780060706748523,FALSE,FALSE
1994-06-22,Weddell,1.179463147,0.14614014694196364,0.14614014694196364,0.29780060706748523,FALSE,FALSE
1994-06-23,Weddell,1.198422344,0.156709614617613,0.156709614617613,0.29780060706748523,FALSE,FALSE
1994-06-24,Weddell,1.215370662,0.16551518439164292,0.16551518439164292,0.29780060706748523,FALSE,FALSE
1994-06-25,Weddell,1.238854198,0.18113371538453535,0.18113371538453535,0.29780060706748523,FALSE,FALSE
1994-06-26,Weddell,1.227234753,0.16195777071677298,0.16195777071677298,0.29780060706748523,FALSE,FALSE
1994-06-27,Weddell,1.207134248,0.13463590913238677,0.13463590913238677,0.29780060706748523,FALSE,FALSE
1994-06-28,Weddell,1.208029454,0.12864037350288493,0.12864037350288493,0.29780060706748523,FALSE,FALSE
1994-06-29,Weddell,1.255089432,0.16912145578754445,0.16912145578754445,0.29780060706748523,FALSE,FALSE
1994-06-30,Weddell,1.280534483,0.18828061472584268,0.18828061472584268,0.29780060706748523,FALSE,FALSE
1994-07-01,Weddell,1.293052332,0.1947867330572557,0.1947867330572557,0.29780060706748523,FALSE,FALSE
1994-07-02,Weddell,1.291838397,0.18781638652126056,0.18781638652126056,0.29780060706748523,FALSE,FALSE
1994-07-03,Weddell,1.253081056,0.14353911085733473,0.14353911085733473,0.29780060706748523,FALSE,FALSE
1994-07-04,Weddell,1.241640384,0.12679613880495322,0.12679613880495322,0.29780060706748523,FALSE,FALSE
1994-07-05,Weddell,1.248278379,0.1283306261035937,0.1283306261035937,0.29780060706748523,FALSE,FALSE
1994-07-06,Weddell,1.211051076,0.08617976549273298,0.08617976549273298,0.29780060706748523,FALSE,FALSE
1994-07-07,Weddell,1.16973681,0.04010304971184753,0.04010304971184753,0.29780060706748523,FALSE,FALSE
1994-07-08,Weddell,1.147278666,0.01302472150041311,0.01302472150041311,0.29780060706748523,FALSE,FALSE
1994-07-09,Weddell,1.165018954,0.02626825613312067,0.02626825613312067,0.29780060706748523,FALSE,FALSE
1994-07-10,Weddell,1.219478441,0.07633705144875691,0.07633705144875691,0.29780060706748523,FALSE,FALSE
1994-07-11,Weddell,1.270138615,0.12269843363568245,0.12269843363568245,0.29780060706748523,FALSE,FALSE
1994-07-12,Weddell,1.301016578,0.14935576733105482,0.14935576733105482,0.29780060706748523,FALSE,FALSE
1994-07-13,Weddell,1.346827021,0.19101000617203143,0.19101000617203143,0.29780060706748523,FALSE,FALSE
1994-07-14,Weddell,1.374573801,0.2146512697957701,0.2146512697957701,0.29780060706748523,FALSE,FALSE
1994-07-15,Weddell,1.393807316,0.22981621883942727,0.22981621883942727,0.29780060706748523,FALSE,FALSE
1994-07-16,Weddell,1.403424473,0.23538802294016103,0.23538802294016103,0.29780060706748523,FALSE,FALSE
1994-07-17,Weddell,1.401500658,0.22942833073512725,0.22942833073512725,0.29780060706748523,FALSE,FALSE
1994-07-18,Weddell,1.386851497,0.21073903086148585,0.21073903086148585,0.29780060706748523,FALSE,FALSE
1994-07-19,Weddell,1.378857886,0.19868728195639096,0.19868728195639096,0.29780060706748523,FALSE,FALSE
1994-07-20,Weddell,1.381362638,0.19710215965700265,0.19710215965700265,0.29780060706748523,FALSE,FALSE
1994-07-21,Weddell,1.409837419,0.2214415926004769,0.2214415926004769,0.29780060706748523,FALSE,FALSE
1994-07-22,Weddell,1.433389633,0.2408002908746565,0.2408002908746565,0.29780060706748523,FALSE,FALSE
1994-07-23,Weddell,1.441149911,0.2443105935843446,0.2443105935843446,0.29780060706748523,FALSE,FALSE
1994-07-24,Weddell,1.435555239,0.23442169303606145,0.23442169303606145,0.29780060706748523,FALSE,FALSE
1994-07-25,Weddell,1.408534495,0.20307491167639236,0.20307491167639236,0.29780060706748523,FALSE,FALSE
1994-07-26,Weddell,1.365544939,0.15573995395192375,0.15573995395192375,0.29780060706748523,FALSE,FALSE
1994-07-27,Weddell,1.345343444,0.1311861373092389,0.1311861373092389,0.29780060706748523,FALSE,FALSE
1994-07-28,Weddell,1.320237691,0.10173358719492476,0.10173358719492476,0.29780060706748523,FALSE,FALSE
1994-07-29,Weddell,1.314408627,0.09157569505556772,0.09157569505556772,0.29780060706748523,FALSE,FALSE
1994-07-30,Weddell,1.317188134,0.0900567873377518,0.0900567873377518,0.29780060706748523,FALSE,FALSE
1994-07-31,Weddell,1.339764712,0.108377808488062,0.108377808488062,0.29780060706748523,FALSE,FALSE
1994-08-01,Weddell,1.33560737,0.10002021195308552,0.10002021195308552,0.29780060706748523,FALSE,FALSE
1994-08-02,Weddell,1.341773603,0.10205393717940604,0.10205393717940604,0.29780060706748523,FALSE,FALSE
1994-08-03,Weddell,1.338733499,0.09496151648303663,0.09496151648303663,0.29780060706748523,FALSE,FALSE
1994-08-04,Weddell,1.332791877,0.08505668821450518,0.08505668821450518,0.29780060706748523,FALSE,FALSE
1994-08-05,Weddell,1.315210361,0.06359727981221841,0.06359727981221841,0.29780060706748523,FALSE,FALSE
1994-08-06,Weddell,1.315984615,0.06057229236244654,0.06057229236244654,0.29780060706748523,FALSE,FALSE
1994-08-07,Weddell,1.309937226,0.05079764995145819,0.05079764995145819,0.29780060706748523,FALSE,FALSE
1994-08-08,Weddell,1.273578652,0.01077714766552495,0.01077714766552495,0.29780060706748523,FALSE,FALSE
1994-08-09,Weddell,1.265246042,-0.00115872840908548,0.00115872840908548,0.29780060706748523,FALSE,FALSE
1994-08-10,Weddell,1.256036771,-0.01391926618610228,0.01391926618610228,0.29780060706748523,FALSE,FALSE
1994-08-11,Weddell,1.262275702,-0.01118626557925606,0.01118626557925606,0.29780060706748523,FALSE,FALSE
1994-08-12,Weddell,1.266477401,-0.01045182350227746,0.01045182350227746,0.29780060706748523,FALSE,FALSE
1994-08-13,Weddell,1.208733329,-0.07163114186889508,0.07163114186889508,0.29780060706748523,FALSE,FALSE
1994-08-14,Weddell,1.15595035,-0.12782401959284173,0.12782401959284173,0.29780060706748523,FALSE,FALSE
1994-08-15,Weddell,1.114069049,-0.17309653458784657,0.17309653458784657,0.29780060706748523,FALSE,FALSE
1994-08-16,Weddell,1.092711856,-0.19783237081807423,0.19783237081807423,0.29780060706748523,FALSE,FALSE
1994-08-17,Weddell,1.129416463,-0.16448363417732192,0.16448363417732192,0.29780060706748523,FALSE,FALSE
1994-08-18,Weddell,1.179390561,-0.1178137565300541,0.1178137565300541,0.29780060706748523,FALSE,FALSE
1994-08-19,Weddell,1.253933989,-0.04649299830085218,0.04649299830085218,0.29780060706748523,FALSE,FALSE
1994-08-20,Weddell,1.267050403,-0.03648780291430009,0.03648780291430009,0.29780060706748523,FALSE,FALSE
1994-08-21,Weddell,1.245137713,-0.06137035979498173,0.06137035979498173,0.29780060706748523,FALSE,FALSE
1994-08-22,Weddell,1.194207676,-0.11509901136747792,0.11509901136747792,0.29780060706748523,FALSE,FALSE
1994-08-23,Weddell,1.16348101,-0.1484231390563735,0.1484231390563735,0.29780060706748523,FALSE,FALSE
1994-08-24,Weddell,1.238119727,-0.0761508302862497,0.0761508302862497,0.29780060706748523,FALSE,FALSE
1994-08-25,Weddell,1.274234601,-0.04214141048169084,0.04214141048169084,0.29780060706748523,FALSE,FALSE
1994-08-26,Weddell,1.279731609,-0.03845900206727948,0.03845900206727948,0.29780060706748523,FALSE,FALSE
1994-08-27,Weddell,1.260773786,-0.05891066946759804,0.05891066946759804,0.29780060706748523,FALSE,FALSE
1994-08-28,Weddell,1.263828778,-0.05699886610722959,0.05699886610722959,0.29780060706748523,FALSE,FALSE
1994-08-29,Weddell,1.26202491,-0.05957104341677333,0.05957104341677333,0.29780060706748523,FALSE,FALSE
1994-08-30,Weddell,1.232269861,-0.0897298019435786,0.0897298019435786,0.29780060706748523,FALSE,FALSE
1994-08-31,Weddell,1.211679362,-0.11038265415510184,0.11038265415510184,0.29780060706748523,FALSE,FALSE
1994-09-01,Weddell,1.199003438,-0.12280284177181389,0.12280284177181389,0.29780060706748523,FALSE,FALSE
1994-09-02,Weddell,1.246956449,-0.07429927151418703,0.07429927151418703,0.29780060706748523,FALSE,FALSE
1994-09-03,Weddell,1.321986446,0.00155284089730556,0.00155284089730556,0.29780060706748523,FALSE,FALSE
1994-09-04,Weddell,1.435272969,0.11590976874219372,0.11590976874219372,0.29780060706748523,FALSE,FALSE
1994-09-05,Weddell,1.450299494,0.13223172130000505,0.13223172130000505,0.29780060706748523,FALSE,FALSE
1994-09-06,Weddell,1.421283658,0.10471306885026666,0.10471306885026666,0.29780060706748523,FALSE,FALSE
1994-09-07,Weddell,1.339930582,0.02503566567250748,0.02503566567250748,0.29780060706748523,FALSE,FALSE
1994-09-08,Weddell,1.265631869,-0.04743215195374506,0.04743215195374506,0.29780060706748523,FALSE,FALSE
1994-09-09,Weddell,1.248772485,-0.06232868474896191,0.06232868474896191,0.29780060706748523,FALSE,FALSE
1994-09-10,Weddell,1.248244838,-0.06078467946841592,0.06078467946841592,0.29780060706748523,FALSE,FALSE
1994-09-11,Weddell,1.290637256,-0.01622433382721566,0.01622433382721566,0.29780060706748523,FALSE,FALSE
1994-09-12,Weddell,1.322071533,0.01748085485632811,0.01748085485632811,0.29780060706748523,FALSE,FALSE
1994-09-13,Weddell,1.356519079,0.05431103047820396,0.05431103047820396,0.29780060706748523,FALSE,FALSE
1994-09-14,Weddell,1.399930304,0.10022533693440104,0.10022533693440104,0.29780060706748523,FALSE,FALSE
1994-09-15,Weddell,1.424584512,0.12751181212090512,0.12751181212090512,0.29780060706748523,FALSE,FALSE
1994-09-16,Weddell,1.405848707,0.11154619393370611,0.11154619393370611,0.29780060706748523,FALSE,FALSE
1994-09-17,Weddell,1.434773917,0.1433882442687915,0.1433882442687915,0.29780060706748523,FALSE,FALSE
1994-09-18,Weddell,1.477450664,0.18913721902214875,0.18913721902214875,0.29780060706748523,FALSE,FALSE
1994-09-19,Weddell,1.524243303,0.23916620708976663,0.23916620708976663,0.29780060706748523,FALSE,FALSE
1994-09-20,Weddell,1.557889269,0.27622137736763297,0.27622137736763297,0.29780060706748523,FALSE,FALSE
1994-09-21,Weddell,1.579493555,0.30141645675173634,0.30141645675173634,0.29780060706748523,TRUE,TRUE
1994-09-22,Weddell,1.585485468,0.3111894861380635,0.3111894861380635,0.29780060706748523,TRUE,TRUE
1994-09-23,Weddell,1.592056348,0.3217383764769026,0.3217383764769026,0.29780060706748523,TRUE,TRUE
1994-09-24,Weddell,1.604011814,0.3378521609514946,0.3378521609514946,0.29780060706748523,TRUE,TRUE
1994-09-25,Weddell,1.596250499,0.3343988394942248,0.3343988394942248,0.29780060706748523,TRUE,TRUE
1994-09-26,Weddell,1.584913404,0.3274885829390515,0.3274885829390515,0.29780060706748523,TRUE,TRUE
1994-09-27,Weddell,1.586095649,0.3331856811199334,0.3331856811199334,0.29780060706748523,TRUE,TRUE
1994-09-28,Weddell,1.619030363,0.3706924328708272,0.3706924328708272,0.29780060706748523,TRUE,TRUE
1994-09-29,Weddell,1.643471293,0.39973175502569225,0.39973175502569225,0.29780060706748523,TRUE,TRUE
1994-09-30,Weddell,1.659537529,0.42039190741848653,0.42039190741848653,0.29780060706748523,TRUE,TRUE
1994-10-01,Weddell,1.672576069,0.437989057883168,0.437989057883168,0.29780060706748523,TRUE,TRUE
1994-10-02,Weddell,1.676084381,0.44598984425369514,0.44598984425369514,0.29780060706748523,TRUE,TRUE
1994-10-03,Weddell,1.670054924,0.4443558953640261,0.4443558953640261,0.29780060706748523,TRUE,TRUE
1994-10-04,Weddell,1.650282039,0.4288507220481177,0.4288507220481177,0.29780060706748523,TRUE,TRUE
1994-10-05,Weddell,1.612981362,0.3956591400200806,0.3956591400200806,0.29780060706748523,TRUE,TRUE
1994-10-06,Weddell,1.569120644,0.35573003131640935,0.35573003131640935,0.29780060706748523,TRUE,TRUE
1994-10-07,Weddell,1.537909411,0.32828920837755216,0.32828920837755216,0.29780060706748523,TRUE,TRUE
1994-10-08,Weddell,1.527843868,0.32185559425578725,0.32185559425578725,0.29780060706748523,TRUE,TRUE
1994-10-09,Weddell,1.54581032,0.34333821200338877,0.34333821200338877,0.29780060706748523,TRUE,TRUE
1994-10-10,Weddell,1.545734381,0.34668539367263485,0.34668539367263485,0.29780060706748523,TRUE,TRUE
1994-10-11,Weddell,1.546918361,0.3512221673157998,0.3512221673157998,0.29780060706748523,TRUE,TRUE
1994-10-12,Weddell,1.538548695,0.34615768598516183,0.34615768598516183,0.29780060706748523,TRUE,TRUE
1994-10-13,Weddell,1.533091885,0.3439811697329953,0.3439811697329953,0.29780060706748523,TRUE,TRUE
1994-10-14,Weddell,1.546464692,0.3606320976115784,0.3606320976115784,0.29780060706748523,TRUE,TRUE
1994-10-15,Weddell,1.568005092,0.38547116367318623,0.38547116367318623,0.29780060706748523,TRUE,TRUE
1994-10-16,Weddell,1.577494212,0.3983022129700957,0.3983022129700957,0.29780060706748523,TRUE,TRUE
1994-10-17,Weddell,1.570880979,0.3950968905545813,0.3950968905545813,0.29780060706748523,TRUE,TRUE
1994-10-18,Weddell,1.559954901,0.3876669792016896,0.3876669792016896,0.29780060706748523,TRUE,TRUE
1994-10-19,Weddell,1.561666725,0.3929760856093938,0.3929760856093938,0.29780060706748523,TRUE,TRUE
1994-10-20,Weddell,1.553090656,0.3881022735180404,0.3881022735180404,0.29780060706748523,TRUE,TRUE
1994-10-21,Weddell,1.536127883,0.37495023026716856,0.37495023026716856,0.29780060706748523,TRUE,TRUE
1994-10-22,Weddell,1.523383022,0.3661280701963163,0.3661280701963163,0.29780060706748523,TRUE,TRUE
1994-10-23,Weddell,1.509499902,0.3562831206450223,0.3562831206450223,0.29780060706748523,TRUE,TRUE
1994-10-24,Weddell,1.517417479,0.36835783595282634,0.36835783595282634,0.29780060706748523,TRUE,TRUE
1994-10-25,Weddell,1.534640482,0.3898604434592665,0.3898604434592665,0.29780060706748523,TRUE,TRUE
1994-10-26,Weddell,1.524684255,0.3843097855038815,0.3843097855038815,0.29780060706748523,TRUE,TRUE
1994-10-27,Weddell,1.504057893,0.3682184554262096,0.3682184554262096,0.29780060706748523,TRUE,TRUE
1994-10-28,Weddell,1.467185579,0.33601413456579143,0.33601413456579143,0.29780060706748523,TRUE,TRUE
1994-10-29,Weddell,1.441712072,0.3153450802621638,0.3153450802621638,0.29780060706748523,TRUE,TRUE
1994-10-30,Weddell,1.404686053,0.2832634718548659,0.2832634718548659,0.29780060706748523,FALSE,FALSE
1994-10-31,Weddell,1.346182523,0.22984715554085433,0.22984715554085433,0.29780060706748523,FALSE,FALSE
1994-11-01,Weddell,1.295088665,0.1839829446074708,0.1839829446074708,0.29780060706748523,FALSE,FALSE
1994-11-02,Weddell,1.258563284,0.15282828684675098,0.15282828684675098,0.29780060706748523,FALSE,FALSE
1994-11-03,Weddell,1.229156834,0.12893227878526514,0.12893227878526514,0.29780060706748523,FALSE,FALSE
1994-11-04,Weddell,1.214748642,0.12017288994958464,0.12017288994958464,0.29780060706748523,FALSE,FALSE
1994-11-05,Weddell,1.203448576,0.1146586308662796,0.1146586308662796,0.29780060706748523,FALSE,FALSE
1994-11-06,Weddell,1.187860526,0.1049920340619228,0.1049920340619228,0.29780060706748523,FALSE,FALSE
1994-11-07,Weddell,1.200765345,0.12395259506308308,0.12395259506308308,0.29780060706748523,FALSE,FALSE
1994-11-08,Weddell,1.186769971,0.11614589439633229,0.11614589439633229,0.29780060706748523,FALSE,FALSE
1994-11-09,Weddell,1.160132837,0.09582900758824088,0.09582900758824088,0.29780060706748523,FALSE,FALSE
1994-11-10,Weddell,1.135886272,0.07803290616538017,0.07803290616538017,0.29780060706748523,FALSE,FALSE
1994-11-11,Weddell,1.123263166,0.07198912265432145,0.07198912265432145,0.29780060706748523,FALSE,FALSE
1994-11-12,Weddell,1.125137634,0.08057051052219366,0.08057051052219366,0.29780060706748523,FALSE,FALSE
1994-11-13,Weddell,1.113651448,0.07592288757194532,0.07592288757194532,0.29780060706748523,FALSE,FALSE
1994-11-14,Weddell,1.095470629,0.06472429863969809,0.06472429863969809,0.29780060706748523,FALSE,FALSE
1994-11-15,Weddell,1.080900549,0.05729279761787076,0.05729279761787076,0.29780060706748523,FALSE,FALSE
1994-11-16,Weddell,1.051705374,0.03540523239888338,0.03540523239888338,0.29780060706748523,FALSE,FALSE
1994-11-17,Weddell,1.017030938,0.0082201188751565,0.0082201188751565,0.29780060706748523,FALSE,FALSE
1994-11-18,Weddell,0.983550131,-0.01757697106089051,0.01757697106089051,0.29780060706748523,FALSE,FALSE
1994-11-19,Weddell,0.96637519,-0.02686111851683792,0.02686111851683792,0.29780060706748523,FALSE,FALSE
1994-11-20,Weddell,0.955358762,-0.02976699460026566,0.02976699460026566,0.29780060706748523,FALSE,FALSE
1994-11-21,Weddell,0.909988921,-0.06679384341875438,0.06679384341875438,0.29780060706748523,FALSE,FALSE
1994-11-22,Weddell,0.902054989,-0.06613966107988367,0.06613966107988367,0.29780060706748523,FALSE,FALSE
1994-11-23,Weddell,0.903278107,-0.05607062469123392,0.05607062469123392,0.29780060706748523,FALSE,FALSE
1994-11-24,Weddell,0.873837457,-0.07639487036038528,0.07639487036038528,0.29780060706748523,FALSE,FALSE
1994-11-25,Weddell,0.856467326,-0.0843678138011823,0.0843678138011823,0.29780060706748523,FALSE,FALSE
1994-11-26,Weddell,0.828047135,-0.10311990532773074,0.10311990532773074,0.29780060706748523,FALSE,FALSE
1994-11-27,Weddell,0.810220648,-0.11102739354922064,0.11102739354922064,0.29780060706748523,FALSE,FALSE
1994-11-28,Weddell,0.796728254,-0.11436997888926503,0.11436997888926503,0.29780060706748523,FALSE,FALSE
1994-11-29,Weddell,0.774569793,-0.12616791077147482,0.12616791077147482,0.29780060706748523,FALSE,FALSE
1994-11-30,Weddell,0.757268598,-0.13291794561946135,0.13291794561946135,0.29780060706748523,FALSE,FALSE
1994-12-01,Weddell,0.738813557,-0.1406512848568373,0.1406512848568373,0.29780060706748523,FALSE,FALSE
1994-12-02,Weddell,0.723948191,-0.14464449690721426,0.14464449690721426,0.29780060706748523,FALSE,FALSE
1994-12-03,Weddell,0.707884424,-0.14970574719420338,0.14970574719420338,0.29780060706748523,FALSE,FALSE
1994-12-04,Weddell,0.691854299,-0.15462308214141707,0.15462308214141707,0.29780060706748523,FALSE,FALSE
1994-12-05,Weddell,0.679490332,-0.15578407517246695,0.15578407517246695,0.29780060706748523,FALSE,FALSE
1994-12-06,Weddell,0.674605733,-0.14939560571096422,0.14939560571096422,0.29780060706748523,FALSE,FALSE
1994-12-07,Weddell,0.674010199,-0.13866806396208298,0.13866806396208298,0.29780060706748523,FALSE,FALSE
1994-12-08,Weddell,0.675818181,-0.12550639745675318,0.12550639745675318,0.29780060706748523,FALSE,FALSE
1994-12-09,Weddell,0.67457744,-0.11538058289649612,0.11538058289649612,0.29780060706748523,FALSE,FALSE
1994-12-10,Weddell,0.668351685,-0.1102444036413046,0.1102444036413046,0.29780060706748523,FALSE,FALSE
1994-12-11,Weddell,0.651498689,-0.1157575790511689,0.1157575790511689,0.29780060706748523,FALSE,FALSE
1994-12-12,Weddell,0.640925103,-0.1150309504860808,0.1150309504860808,0.29780060706748523,FALSE,FALSE
1994-12-13,Weddell,0.632222229,-0.1124907083060327,0.1124907083060327,0.29780060706748523,FALSE,FALSE
1994-12-14,Weddell,0.627198124,-0.1063462878710154,0.1063462878710154,0.29780060706748523,FALSE,FALSE
1994-12-15,Weddell,0.635901918,-0.0865660515410206,0.0865660515410206,0.29780060706748523,FALSE,FALSE
1994-12-16,Weddell,0.627626565,-0.08387453767604003,0.08387453767604003,0.29780060706748523,FALSE,FALSE
1994-12-17,Weddell,0.626329744,-0.0743315596360653,0.0743315596360653,0.29780060706748523,FALSE,FALSE
1994-12-18,Weddell,0.623982144,-0.0659839207810875,0.0659839207810875,0.29780060706748523,FALSE,FALSE
1994-12-19,Weddell,0.634489844,-0.04494303447109893,0.04494303447109893,0.29780060706748523,FALSE,FALSE
1994-12-20,Weddell,0.637547523,-0.03153112895367027,0.03153112895367027,0.29780060706748523,FALSE,FALSE
1994-12-21,Weddell,0.640711341,-0.01819969972118218,0.01819969972118218,0.29780060706748523,FALSE,FALSE
1994-12-22,Weddell,0.650548641,0.00161832567924402,0.00161832567924402,0.29780060706748523,FALSE,FALSE
1994-12-23,Weddell,0.659281456,0.02014491549618702,0.02014491549618702,0.29780060706748523,FALSE,FALSE
1994-12-24,Weddell,0.659236823,0.02970704197822349,0.02970704197822349,0.29780060706748523,FALSE,FALSE
1994-12-25,Weddell,0.654130708,0.03402060637393145,0.03402060637393145,0.29780060706748523,FALSE,FALSE
1994-12-26,Weddell,0.66452125,0.05364368293188693,0.05364368293188693,0.29780060706748523,FALSE,FALSE
1994-12-27,Weddell,0.666765071,0.0649328289006682,0.0649328289006682,0.29780060706748523,FALSE,FALSE
1994-12-28,Weddell,0.675931278,0.08295708652885314,0.08295708652885314,0.29780060706748523,FALSE,FALSE
1994-12-29,Weddell,0.657627382,0.07332390206501849,0.07332390206501849,0.29780060706748523,FALSE,FALSE
1994-12-30,Weddell,0.663248929,0.08742875675774042,0.08742875675774042,0.29780060706748523,FALSE,FALSE
1994-12-31,Weddell,0.665142676,0.09761834285559856,0.09761834285559856,0.29780060706748523,FALSE,FALSE
1995-01-01,Weddell,0.65582691,0.09641088260716946,0.09641088260716946,0.29780060706748523,FALSE,FALSE
1995-01-02,Weddell,0.649573282,0.09807931512543344,0.09807931512543344,0.29780060706748523,FALSE,FALSE
1995-01-03,Weddell,0.640932066,0.09718061398098932,0.09718061398098932,0.29780060706748523,FALSE,FALSE
1995-01-04,Weddell,0.636695783,0.1005153526088376,0.1005153526088376,0.29780060706748523,FALSE,FALSE
1995-01-05,Weddell,0.624352629,0.09557977944398188,0.09557977944398188,0.29780060706748523,FALSE,FALSE
1995-01-06,Weddell,0.623503768,0.10198311092142089,0.10198311092142089,0.29780060706748523,FALSE,FALSE
1995-01-07,Weddell,0.610545809,0.0961300084761586,0.0961300084761586,0.29780060706748523,FALSE,FALSE
1995-01-08,Weddell,0.602465449,0.09501522154319586,0.09501522154319586,0.29780060706748523,FALSE,FALSE
1995-01-09,Weddell,0.61021359,0.10959770455753282,0.10959770455753282,0.29780060706748523,FALSE,FALSE
1995-01-10,Weddell,0.593429831,0.09952510895417356,0.09952510895417356,0.29780060706748523,FALSE,FALSE
1995-01-11,Weddell,0.577194239,0.08988555416811767,0.08988555416811767,0.29780060706748523,FALSE,FALSE
1995-01-12,Weddell,0.571550797,0.09073107563436822,0.09073107563436822,0.29780060706748523,FALSE,FALSE
1995-01-13,Weddell,0.570858882,0.09642910278792556,0.09642910278792556,0.29780060706748523,FALSE,FALSE
1995-01-14,Weddell,0.568247367,0.10011657750633352,0.10011657750633352,0.29780060706748523,FALSE,FALSE
1995-01-15,Weddell,0.564426769,0.10251267570507168,0.10251267570507168,0.29780060706748523,FALSE,FALSE
1995-01-16,Weddell,0.550083725,0.09431343249082064,0.09431343249082064,0.29780060706748523,FALSE,FALSE
1995-01-17,Weddell,0.54137047,0.09168052771922204,0.09168052771922204,0.29780060706748523,FALSE,FALSE
1995-01-18,Weddell,0.523360007,0.07969640924591759,0.07969640924591759,0.29780060706748523,FALSE,FALSE
1995-01-19,Weddell,0.506408718,0.06872690392654918,0.06872690392654918,0.29780060706748523,FALSE,FALSE
1995-01-20,Weddell,0.49763569,0.06590054361675929,0.06590054361675929,0.29780060706748523,FALSE,FALSE
1995-01-21,Weddell,0.493122172,0.06730802217218912,0.06730802217218912,0.29780060706748523,FALSE,FALSE
1995-01-22,Weddell,0.493209634,0.07330025444848104,0.07330025444848104,0.29780060706748523,FALSE,FALSE
1995-01-23,Weddell,0.497020527,0.08300913630127649,0.08300913630127649,0.29780060706748523,FALSE,FALSE
1995-01-24,Weddell,0.496440842,0.0883301035862179,0.0883301035862179,0.29780060706748523,FALSE,FALSE
1995-01-25,Weddell,0.474966728,0.07276875015894663,0.07276875015894663,0.29780060706748523,FALSE,FALSE
1995-01-26,Weddell,0.468076507,0.07181284287510564,0.07181284287510564,0.29780060706748523,FALSE,FALSE
1995-01-27,Weddell,0.438704992,0.04840396743340791,0.04840396743340791,0.29780060706748523,FALSE,FALSE
1995-01-28,Weddell,0.433107246,0.04878587047603833,0.04878587047603833,0.29780060706748523,FALSE,FALSE
1995-01-29,Weddell,0.431843348,0.05349981389449942,0.05349981389449942,0.29780060706748523,FALSE,FALSE
1995-01-30,Weddell,0.429338128,0.05695178641799486,0.05695178641799486,0.29780060706748523,FALSE,FALSE
1995-01-31,Weddell,0.394959734,0.02849109477572903,0.02849109477572903,0.29780060706748523,FALSE,FALSE
1995-02-01,Weddell,0.399276174,0.03866690569690506,0.03866690569690506,0.29780060706748523,FALSE,FALSE
1995-02-02,Weddell,0.396680264,0.04185319391072756,0.04185319391072756,0.29780060706748523,FALSE,FALSE
1995-02-03,Weddell,0.365392725,0.01625183914640005,0.01625183914640005,0.29780060706748523,FALSE,FALSE
1995-02-04,Weddell,0.312490868,-0.03107868886687359,0.03107868886687359,0.29780060706748523,FALSE,FALSE
1995-02-05,Weddell,0.310056058,-0.02807586639988907,0.02807586639988907,0.29780060706748523,FALSE,FALSE
1995-02-06,Weddell,0.301313505,-0.03153332472344294,0.03153332472344294,0.29780060706748523,FALSE,FALSE
1995-02-07,Weddell,0.262374852,-0.06535826210833123,0.06535826210833123,0.29780060706748523,FALSE,FALSE
1995-02-08,Weddell,0.252892305,-0.0699172895051271,0.0699172895051271,0.29780060706748523,FALSE,FALSE
1995-02-09,Weddell,0.250400997,-0.06769088002775958,0.06769088002775958,0.29780060706748523,FALSE,FALSE
1995-02-10,Weddell,0.225911624,-0.08767755820722781,0.08767755820722781,0.29780060706748523,FALSE,FALSE
1995-02-11,Weddell,0.230945857,-0.07836411858405876,0.07836411858405876,0.29780060706748523,FALSE,FALSE
1995-02-12,Weddell,0.226029471,-0.07923325169877796,0.07923325169877796,0.29780060706748523,FALSE,FALSE
1995-02-13,Weddell,0.216616932,-0.08483895709191216,0.08483895709191216,0.29780060706748523,FALSE,FALSE
1995-02-14,Weddell,0.214769477,-0.08312846330398732,0.08312846330398732,0.29780060706748523,FALSE,FALSE
1995-02-15,Weddell,0.227350034,-0.06724730787552977,0.06724730787552977,0.29780060706748523,FALSE,FALSE
1995-02-16,Weddell,0.222274772,-0.06928778734706598,0.06928778734706598,0.29780060706748523,FALSE,FALSE
1995-02-17,Weddell,0.234413926,-0.05438813225912192,0.05438813225912192,0.29780060706748523,FALSE,FALSE
1995-02-18,Weddell,0.234037733,-0.05228657115222437,0.05228657115222437,0.29780060706748523,FALSE,FALSE
1995-02-19,Weddell,0.240382941,-0.04375482156689933,0.04375482156689933,0.29780060706748523,FALSE,FALSE
1995-02-20,Weddell,0.250468138,-0.03178276104367267,0.03178276104367267,0.29780060706748523,FALSE,FALSE
1995-02-21,Weddell,0.244163783,-0.03650792370243386,0.03650792370243386,0.29780060706748523,FALSE,FALSE
1995-02-22,Weddell,0.220176045,-0.05922640620855457,0.05922640620855457,0.29780060706748523,FALSE,FALSE
1995-02-23,Weddell,0.2006113,-0.07783028807472436,0.07783028807472436,0.29780060706748523,FALSE,FALSE
1995-02-24,Weddell,0.178530992,-0.09925651193761126,0.09925651193761126,0.29780060706748523,FALSE,FALSE
1995-02-25,Weddell,0.18676005,-0.09067853543388282,0.09067853543388282,0.29780060706748523,FALSE,FALSE
1995-02-26,Weddell,0.220217158,-0.05717606120020682,0.05717606120020682,0.29780060706748523,FALSE,FALSE
1995-02-27,Weddell,0.22913608,-0.04851371187325046,0.04851371187325046,0.29780060706748523,FALSE,FALSE
1995-02-28,Weddell,0.202008001,-0.07619868908968153,0.07619868908968153,0.29780060706748523,FALSE,FALSE
1995-03-01,Weddell,0.203903004,-0.07515929648616793,0.07515929648616793,0.29780060706748523,FALSE,FALSE
1995-03-02,Weddell,0.207630661,-0.07258434869937691,0.07258434869937691,0.29780060706748523,FALSE,FALSE
1995-03-03,Weddell,0.208224809,-0.07343839536597618,0.07343839536597618,0.29780060706748523,FALSE,FALSE
1995-03-04,Weddell,0.207659515,-0.0757457561226332,0.0757457561226332,0.29780060706748523,FALSE,FALSE
1995-03-05,Weddell,0.212083535,-0.07335606073392348,0.07335606073392348,0.29780060706748523,FALSE,FALSE
1995-03-06,Weddell,0.22973242,-0.05802889989096599,0.05802889989096599,0.29780060706748523,FALSE,FALSE
1995-03-07,Weddell,0.244162032,-0.04619299181397043,0.04619299181397043,0.29780060706748523,FALSE,FALSE
1995-03-08,Weddell,0.26828101,-0.02492213204963977,0.02492213204963977,0.29780060706748523,FALSE,FALSE
1995-03-09,Weddell,0.282795304,-0.0134928051446781,0.0134928051446781,0.29780060706748523,FALSE,FALSE
1995-03-10,Weddell,0.29290943,-0.00668292964578992,0.00668292964578992,0.29780060706748523,FALSE,FALSE
1995-03-11,Weddell,0.291026603,-0.01207172509967829,0.01207172509967829,0.29780060706748523,FALSE,FALSE
1995-03-12,Weddell,0.265889653,-0.04089879605304691,0.04089879605304691,0.29780060706748523,FALSE,FALSE
1995-03-13,Weddell,0.263936371,-0.04670878605260048,0.04670878605260048,0.29780060706748523,FALSE,FALSE
1995-03-14,Weddell,0.274561283,-0.0400896036450421,0.0400896036450421,0.29780060706748523,FALSE,FALSE
1995-03-15,Weddell,0.330107507,0.01131943462292423,0.01131943462292423,0.29780060706748523,FALSE,FALSE
1995-03-16,Weddell,0.373422786,0.05038363720459443,0.05038363720459443,0.29780060706748523,FALSE,FALSE
1995-03-17,Weddell,0.397884224,0.07049767355326492,0.07049767355326492,0.29780060706748523,FALSE,FALSE
1995-03-18,Weddell,0.41412013,0.08230713935734763,0.08230713935734763,0.29780060706748523,FALSE,FALSE
1995-03-19,Weddell,0.416568529,0.080260384192891,0.080260384192891,0.29780060706748523,FALSE,FALSE
1995-03-20,Weddell,0.43969796,0.098828989208103,0.098828989208103,0.29780060706748523,FALSE,FALSE
1995-03-21,Weddell,0.470320476,0.12482770668257248,0.12482770668257248,0.29780060706748523,FALSE,FALSE
1995-03-22,Weddell,0.509707242,0.1595304008958887,0.1595304008958887,0.29780060706748523,FALSE,FALSE
1995-03-23,Weddell,0.540262824,0.18534433712764117,0.18534433712764117,0.29780060706748523,FALSE,FALSE
1995-03-24,Weddell,0.563310081,0.20359507365741908,0.20359507365741908,0.29780060706748523,FALSE,FALSE
1995-03-25,Weddell,0.587535348,0.222971644764812,0.222971644764812,0.29780060706748523,FALSE,FALSE
1995-03-26,Weddell,0.603145821,0.23368394572940876,0.23368394572940876,0.29780060706748523,FALSE,FALSE
1995-03-27,Weddell,0.603764932,0.22935810783079869,0.22935810783079869,0.29780060706748523,FALSE,FALSE
1995-03-28,Weddell,0.585755898,0.20636004734857133,0.20636004734857133,0.29780060706748523,FALSE,FALSE
1995-03-29,Weddell,0.567098985,0.18267272956231612,0.18267272956231612,0.29780060706748523,FALSE,FALSE
1995-03-30,Weddell,0.589531532,0.20003619275162193,0.20003619275162193,0.29780060706748523,FALSE,FALSE
1995-03-31,Weddell,0.603907152,0.20930509800839764,0.20930509800839764,0.29780060706748523,FALSE,FALSE
1995-04-01,Weddell,0.59082244,0.19106806297782583,0.19106806297782583,0.29780060706748523,FALSE,FALSE
1995-04-02,Weddell,0.566564793,0.16160143904213636,0.16160143904213636,0.29780060706748523,FALSE,FALSE
1995-04-03,Weddell,0.537976566,0.12773653304702814,0.12773653304702814,0.29780060706748523,FALSE,FALSE
1995-04-04,Weddell,0.544196919,0.12860145683820012,0.12860145683820012,0.29780060706748523,FALSE,FALSE
1995-04-05,Weddell,0.603304948,0.1822642582613512,0.1822642582613512,0.29780060706748523,FALSE,FALSE
1995-04-06,Weddell,0.633112166,0.20652540216218143,0.20652540216218143,0.29780060706748523,FALSE,FALSE
1995-04-07,Weddell,0.636196635,0.20395190238638897,0.20395190238638897,0.29780060706748523,FALSE,FALSE
1995-04-08,Weddell,0.612657064,0.1746314197796735,0.1746314197796735,0.29780060706748523,FALSE,FALSE
1995-04-09,Weddell,0.592192048,0.1482515011877335,0.1482515011877335,0.29780060706748523,FALSE,FALSE
1995-04-10,Weddell,0.558594501,0.10859401245626876,0.10859401245626876,0.29780060706748523,FALSE,FALSE
1995-04-11,Weddell,0.51314987,0.05693335243097741,0.05693335243097741,0.29780060706748523,FALSE,FALSE
1995-04-12,Weddell,0.491961827,0.02936231166017433,0.02936231166017433,0.29780060706748523,FALSE,FALSE
1995-04-13,Weddell,0.476980218,0.00783173562639538,0.00783173562639538,0.29780060706748523,FALSE,FALSE
1995-04-14,Weddell,0.469520384,-0.00632244957431971,0.00632244957431971,0.29780060706748523,FALSE,FALSE
1995-04-15,Weddell,0.472651822,-0.01000833246195498,0.01000833246195498,0.29780060706748523,FALSE,FALSE
1995-04-16,Weddell,0.513189554,0.02361152344350403,0.02361152344350403,0.29780060706748523,FALSE,FALSE
1995-04-17,Weddell,0.597136542,0.10056249462207234,0.10056249462207234,0.29780060706748523,FALSE,FALSE
1995-04-18,Weddell,0.640549092,0.1369233015537652,0.1369233015537652,0.29780060706748523,FALSE,FALSE
1995-04-19,Weddell,0.635577247,0.12486640171859732,0.12486640171859732,0.29780060706748523,FALSE,FALSE
1995-04-20,Weddell,0.625085743,0.1072789455965838,0.1072789455965838,0.29780060706748523,FALSE,FALSE
1995-04-21,Weddell,0.63315686,0.10826562766773962,0.10826562766773962,0.29780060706748523,FALSE,FALSE
1995-04-22,Weddell,0.630647141,0.0987054054120794,0.0987054054120794,0.29780060706748523,FALSE,FALSE
1995-04-23,Weddell,0.625614678,0.0866787853096187,0.0866787853096187,0.29780060706748523,FALSE,FALSE
1995-04-24,Weddell,0.657193888,0.11134259884037168,0.11134259884037168,0.29780060706748523,FALSE,FALSE
1995-04-25,Weddell,0.670305013,0.11763748508042347,0.11763748508042347,0.29780060706748523,FALSE,FALSE
1995-04-26,Weddell,0.683320296,0.12393692388772536,0.12393692388772536,0.29780060706748523,FALSE,FALSE
1995-04-27,Weddell,0.677720504,0.11171233107163192,0.11171233107163192,0.29780060706748523,FALSE,FALSE
1995-04-28,Weddell,0.652289905,0.07973851190809911,0.07973851190809911,0.29780060706748523,FALSE,FALSE
1995-04-29,Weddell,0.632934323,0.05391182767308233,0.05391182767308233,0.29780060706748523,FALSE,FALSE
1995-04-30,Weddell,0.640333766,0.05490282364253673,0.05490282364253673,0.29780060706748523,FALSE,FALSE
1995-05-01,Weddell,0.631667673,0.03988147609241821,0.03988147609241821,0.29780060706748523,FALSE,FALSE
1995-05-02,Weddell,0.611810441,0.01371271929868211,0.01371271929868211,0.29780060706748523,FALSE,FALSE
1995-05-03,Weddell,0.602393495,-0.00198148446271562,0.00198148446271562,0.29780060706748523,FALSE,FALSE
1995-05-04,Weddell,0.609048311,-0.00157912191581943,0.00157912191581943,0.29780060706748523,FALSE,FALSE
1995-05-05,Weddell,0.600277171,-0.01658737378467467,0.01658737378467467,0.29780060706748523,FALSE,FALSE
1995-05-06,Weddell,0.601529008,-0.02156676979332505,0.02156676979332505,0.29780060706748523,FALSE,FALSE
1995-05-07,Weddell,0.616576121,-0.0127544814943924,0.0127544814943924,0.29780060706748523,FALSE,FALSE
1995-05-08,Weddell,0.630883043,-0.00469981099481664,0.00469981099481664,0.29780060706748523,FALSE,FALSE
1995-05-09,Weddell,0.622228268,-0.01964971554279304,0.01964971554279304,0.29780060706748523,FALSE,FALSE
1995-05-10,Weddell,0.648362935,1.1958133966261109e-4,1.1958133966261109e-4,0.29780060706748523,FALSE,FALSE
1995-05-11,Weddell,0.680495478,0.02578915113053292,0.02578915113053292,0.29780060706748523,FALSE,FALSE
1995-05-12,Weddell,0.707151013,0.04585674730780276,0.04585674730780276,0.29780060706748523,FALSE,FALSE
1995-05-13,Weddell,0.727055349,0.05902081634945388,0.05902081634945388,0.29780060706748523,FALSE,FALSE
1995-05-14,Weddell,0.723435673,0.04848118273347079,0.04848118273347079,0.29780060706748523,FALSE,FALSE
1995-05-15,Weddell,0.707946809,0.02586530793783703,0.02586530793783703,0.29780060706748523,FALSE,FALSE
1995-05-16,Weddell,0.698033466,0.00859053844053603,0.00859053844053603,0.29780060706748523,FALSE,FALSE
1995-05-17,Weddell,0.675132091,-0.02193404128044851,0.02193404128044851,0.29780060706748523,FALSE,FALSE
1995-05-18,Weddell,0.715319858,0.01034138025286657,0.01034138025286657,0.29780060706748523,FALSE,FALSE
1995-05-19,Weddell,0.773958708,0.06075138151846526,0.06075138151846526,0.29780060706748523,FALSE,FALSE
1995-05-20,Weddell,0.829541334,0.10776317265747282,0.10776317265747282,0.29780060706748523,FALSE,FALSE
1995-05-21,Weddell,0.862156174,0.13147400761543335,0.13147400761543335,0.29780060706748523,FALSE,FALSE
1995-05-22,Weddell,0.894127824,0.1542472646472608,0.1542472646472608,0.29780060706748523,FALSE,FALSE
1995-05-23,Weddell,0.889155724,0.13982217421585608,0.13982217421585608,0.29780060706748523,FALSE,FALSE
1995-05-24,Weddell,0.867610699,0.10860935178412212,0.10860935178412212,0.29780060706748523,FALSE,FALSE
1995-05-25,Weddell,0.881806047,0.11296188581496124,0.11296188581496124,0.29780060706748523,FALSE,FALSE
1995-05-26,Weddell,0.901456555,0.12263435377127484,0.12263435377127484,0.29780060706748523,FALSE,FALSE
1995-05-27,Weddell,0.919160509,0.13026483211596562,0.13026483211596562,0.29780060706748523,FALSE,FALSE
1995-05-28,Weddell,0.895722532,0.09669773431193508,0.09669773431193508,0.29780060706748523,FALSE,FALSE
1995-05-29,Weddell,0.868050442,0.05888066882208642,0.05888066882208642,0.29780060706748523,FALSE,FALSE
1995-05-30,Weddell,0.837852781,0.01856196810932076,0.01856196810932076,0.29780060706748523,FALSE,FALSE
1995-05-31,Weddell,0.82793404,-0.00141408636345918,0.00141408636345918,0.29780060706748523,FALSE,FALSE
1995-06-01,Weddell,0.805867876,-0.03343404713335185,0.03343404713335185,0.29780060706748523,FALSE,FALSE
1995-06-02,Weddell,0.831934227,-0.0171863744169507,0.0171863744169507,0.29780060706748523,FALSE,FALSE
1995-06-03,Weddell,0.869606335,0.01079744837560192,0.01079744837560192,0.29780060706748523,FALSE,FALSE
1995-06-04,Weddell,0.903966207,0.03558463260859557,0.03558463260859557,0.29780060706748523,FALSE,FALSE
1995-06-05,Weddell,0.935651171,0.05779771027329372,0.05779771027329372,0.29780060706748523,FALSE,FALSE
1995-06-06,Weddell,0.947115513,0.05987617136095813,0.05987617136095813,0.29780060706748523,FALSE,FALSE
1995-06-07,Weddell,0.998028429,0.10147441586285331,0.10147441586285331,0.29780060706748523,FALSE,FALSE
1995-06-08,Weddell,1.056072923,0.15026065177024062,0.15026065177024062,0.29780060706748523,FALSE,FALSE
1995-06-09,Weddell,1.089025443,0.17399653107438362,0.17399653107438362,0.29780060706748523,FALSE,FALSE
1995-06-10,Weddell,1.1126908,0.1884720687665452,0.1884720687665452,0.29780060706748523,FALSE,FALSE
1995-06-11,Weddell,1.126541862,0.1931453368379892,0.1931453368379892,0.29780060706748523,FALSE,FALSE
1995-06-12,Weddell,1.131770772,0.18919368227997713,0.18919368227997713,0.29780060706748523,FALSE,FALSE
1995-06-13,Weddell,1.128476617,0.17670139608377244,0.17670139608377244,0.29780060706748523,FALSE,FALSE
1995-06-14,Weddell,1.127395081,0.16638978062054888,0.16638978062054888,0.29780060706748523,FALSE,FALSE
1995-06-15,Weddell,1.122375605,0.15211216284652906,0.15211216284652906,0.29780060706748523,FALSE,FALSE
1995-06-16,Weddell,1.109385092,0.12986439220702783,0.12986439220702783,0.29780060706748523,FALSE,FALSE
1995-06-17,Weddell,1.086729144,0.09798283282253072,0.09798283282253072,0.29780060706748523,FALSE,FALSE
1995-06-18,Weddell,1.068558508,0.07064899381351686,0.07064899381351686,0.29780060706748523,FALSE,FALSE
1995-06-19,Weddell,1.088300319,0.08132077230047097,0.08132077230047097,0.29780060706748523,FALSE,FALSE
1995-06-20,Weddell,1.145346043,0.12942039640387515,0.12942039640387515,0.29780060706748523,FALSE,FALSE
1995-06-21,Weddell,1.220063123,0.1953460712442117,0.1953460712442117,0.29780060706748523,FALSE,FALSE
1995-06-22,Weddell,1.261729256,0.2284062559419635,0.2284062559419635,0.29780060706748523,FALSE,FALSE
1995-06-23,Weddell,1.286878491,0.24516576161761305,0.24516576161761305,0.29780060706748523,FALSE,FALSE
1995-06-24,Weddell,1.311686099,0.26183062139164304,0.26183062139164304,0.29780060706748523,FALSE,FALSE
1995-06-25,Weddell,1.345068753,0.28734827038453536,0.28734827038453536,0.29780060706748523,FALSE,FALSE
1995-06-26,Weddell,1.367490302,0.3022133197167729,0.3022133197167729,0.29780060706748523,TRUE,FALSE
1995-06-27,Weddell,1.37155352,0.2990551811323867,0.2990551811323867,0.29780060706748523,TRUE,FALSE
1995-06-28,Weddell,1.353803614,0.2744145335028849,0.2744145335028849,0.29780060706748523,FALSE,FALSE
1995-06-29,Weddell,1.343956892,0.25798891578754457,0.25798891578754457,0.29780060706748523,FALSE,FALSE
1995-06-30,Weddell,1.34673891,0.25448504172584263,0.25448504172584263,0.29780060706748523,FALSE,FALSE
1995-07-01,Weddell,1.341184311,0.24291871205725557,0.24291871205725557,0.29780060706748523,FALSE,FALSE
1995-07-02,Weddell,1.33203219,0.22801017952126057,0.22801017952126057,0.29780060706748523,FALSE,FALSE
1995-07-03,Weddell,1.306234143,0.1966921978573346,0.1966921978573346,0.29780060706748523,FALSE,FALSE
1995-07-04,Weddell,1.305912324,0.19106807880495305,0.19106807880495305,0.29780060706748523,FALSE,FALSE
1995-07-05,Weddell,1.320674559,0.2007268061035936,0.2007268061035936,0.29780060706748523,FALSE,FALSE
1995-07-06,Weddell,1.341914716,0.21704340549273304,0.21704340549273304,0.29780060706748523,FALSE,FALSE
1995-07-07,Weddell,1.361896968,0.2322632077118474,0.2322632077118474,0.29780060706748523,FALSE,FALSE
1995-07-08,Weddell,1.374126212,0.23987226750041304,0.23987226750041304,0.29780060706748523,FALSE,FALSE
1995-07-09,Weddell,1.383428184,0.24467748613312068,0.24467748613312068,0.29780060706748523,FALSE,FALSE
1995-07-10,Weddell,1.412794339,0.26965294944875695,0.26965294944875695,0.29780060706748523,FALSE,FALSE
1995-07-11,Weddell,1.422225134,0.2747849526356825,0.2747849526356825,0.29780060706748523,FALSE,FALSE
1995-07-12,Weddell,1.424491838,0.2728310273310548,0.2728310273310548,0.29780060706748523,FALSE,FALSE
1995-07-13,Weddell,1.409409117,0.25359210217203154,0.25359210217203154,0.29780060706748523,FALSE,FALSE
1995-07-14,Weddell,1.419327673,0.2594051417957701,0.2594051417957701,0.29780060706748523,FALSE,FALSE
1995-07-15,Weddell,1.427620708,0.2636296108394274,0.2636296108394274,0.29780060706748523,FALSE,FALSE
1995-07-16,Weddell,1.432397871,0.264361420940161,0.264361420940161,0.29780060706748523,FALSE,FALSE
1995-07-17,Weddell,1.44196223,0.26988990273512714,0.26988990273512714,0.29780060706748523,FALSE,FALSE
1995-07-18,Weddell,1.465698037,0.2895855708614856,0.2895855708614856,0.29780060706748523,FALSE,FALSE
1995-07-19,Weddell,1.48751807,0.30734746595639084,0.30734746595639084,0.29780060706748523,TRUE,TRUE
1995-07-20,Weddell,1.506675374,0.32241489565700276,0.32241489565700276,0.29780060706748523,TRUE,TRUE
1995-07-21,Weddell,1.517633259,0.3292374326004768,0.3292374326004768,0.29780060706748523,TRUE,TRUE
1995-07-22,Weddell,1.519069102,0.3264797598746565,0.3264797598746565,0.29780060706748523,TRUE,TRUE
1995-07-23,Weddell,1.537179621,0.34034030358434464,0.34034030358434464,0.29780060706748523,TRUE,TRUE
1995-07-24,Weddell,1.553999673,0.35286612703606157,0.35286612703606157,0.29780060706748523,TRUE,TRUE
1995-07-25,Weddell,1.557595985,0.3521364016763924,0.3521364016763924,0.29780060706748523,TRUE,TRUE
1995-07-26,Weddell,1.567854867,0.3580498819519238,0.3580498819519238,0.29780060706748523,TRUE,TRUE
1995-07-27,Weddell,1.563540782,0.34938347530923886,0.34938347530923886,0.29780060706748523,TRUE,TRUE
1995-07-28,Weddell,1.564985285,0.34648118119492466,0.34648118119492466,0.29780060706748523,TRUE,TRUE
1995-07-29,Weddell,1.531802735,0.30896980305556787,0.30896980305556787,0.29780060706748523,TRUE,TRUE
1995-07-30,Weddell,1.518274702,0.2911433553377518,0.2911433553377518,0.29780060706748523,FALSE,FALSE
1995-07-31,Weddell,1.5614878,0.33010089648806207,0.33010089648806207,0.29780060706748523,TRUE,TRUE
1995-08-01,Weddell,1.609362929,0.3737757709530856,0.3737757709530856,0.29780060706748523,TRUE,TRUE
1995-08-02,Weddell,1.629992427,0.3902727611794059,0.3902727611794059,0.29780060706748523,TRUE,TRUE
1995-08-03,Weddell,1.611317683,0.3675457004830367,0.3675457004830367,0.29780060706748523,TRUE,TRUE
1995-08-04,Weddell,1.590347032,0.3426118432145051,0.3426118432145051,0.29780060706748523,TRUE,TRUE
1995-08-05,Weddell,1.576006901,0.32439381981221826,0.32439381981221826,0.29780060706748523,TRUE,TRUE
1995-08-06,Weddell,1.568239464,0.3128271413624464,0.3128271413624464,0.29780060706748523,TRUE,TRUE
1995-08-07,Weddell,1.56578363,0.30664405395145833,0.30664405395145833,0.29780060706748523,TRUE,TRUE
1995-08-08,Weddell,1.571115091,0.3083135866655249,0.3083135866655249,0.29780060706748523,TRUE,TRUE
1995-08-09,Weddell,1.571892279,0.30548750859091456,0.30548750859091456,0.29780060706748523,TRUE,TRUE
1995-08-10,Weddell,1.554747237,0.28479119981389767,0.28479119981389767,0.29780060706748523,FALSE,FALSE
1995-08-11,Weddell,1.509888339,0.23642637142074396,0.23642637142074396,0.29780060706748523,FALSE,FALSE
1995-08-12,Weddell,1.496431074,0.21950184949772256,0.21950184949772256,0.29780060706748523,FALSE,FALSE
1995-08-13,Weddell,1.43647081,0.15610633913110503,0.15610633913110503,0.29780060706748523,FALSE,FALSE
1995-08-14,Weddell,1.363473684,0.07969931440715827,0.07969931440715827,0.29780060706748523,FALSE,FALSE
1995-08-15,Weddell,1.320683706,0.03351812241215346,0.03351812241215346,0.29780060706748523,FALSE,FALSE
1995-08-16,Weddell,1.291956533,0.00141230618192578,0.00141230618192578,0.29780060706748523,FALSE,FALSE
1995-08-17,Weddell,1.254608592,-0.03929150517732194,0.03929150517732194,0.29780060706748523,FALSE,FALSE
1995-08-18,Weddell,1.25031347,-0.04689084753005401,0.04689084753005401,0.29780060706748523,FALSE,FALSE
1995-08-19,Weddell,1.245577128,-0.05484985930085218,0.05484985930085218,0.29780060706748523,FALSE,FALSE
1995-08-20,Weddell,1.337485271,0.03394706508569989,0.03394706508569989,0.29780060706748523,FALSE,FALSE
1995-08-21,Weddell,1.415798082,0.1092900092050182,0.1092900092050182,0.29780060706748523,FALSE,FALSE
1995-08-22,Weddell,1.458225262,0.14891857463252212,0.14891857463252212,0.29780060706748523,FALSE,FALSE
1995-08-23,Weddell,1.459422778,0.14751862894362655,0.14751862894362655,0.29780060706748523,FALSE,FALSE
1995-08-24,Weddell,1.469088224,0.1548176667137504,0.1548176667137504,0.29780060706748523,FALSE,FALSE
1995-08-25,Weddell,1.456507667,0.14013165551830897,0.14013165551830897,0.29780060706748523,FALSE,FALSE
1995-08-26,Weddell,1.422764205,0.1045735939327206,0.1045735939327206,0.29780060706748523,FALSE,FALSE
1995-08-27,Weddell,1.387773745,0.06808928953240212,0.06808928953240212,0.29780060706748523,FALSE,FALSE
1995-08-28,Weddell,1.362382532,0.04155488789277051,0.04155488789277051,0.29780060706748523,FALSE,FALSE
1995-08-29,Weddell,1.345241347,0.02364539358322659,0.02364539358322659,0.29780060706748523,FALSE,FALSE
1995-08-30,Weddell,1.357611373,0.03561171005642127,0.03561171005642127,0.29780060706748523,FALSE,FALSE
1995-08-31,Weddell,1.393673338,0.07161132184489816,0.07161132184489816,0.29780060706748523,FALSE,FALSE
1995-09-01,Weddell,1.42828388,0.10647760022818598,0.10647760022818598,0.29780060706748523,FALSE,FALSE
1995-09-02,Weddell,1.463242536,0.14198681548581304,0.14198681548581304,0.29780060706748523,FALSE,FALSE
1995-09-03,Weddell,1.493827122,0.17339351689730553,0.17339351689730553,0.29780060706748523,FALSE,FALSE
1995-09-04,Weddell,1.543623496,0.22426029574219375,0.22426029574219375,0.29780060706748523,FALSE,FALSE
1995-09-05,Weddell,1.572809912,0.2547421393000051,0.2547421393000051,0.29780060706748523,FALSE,FALSE
1995-09-06,Weddell,1.563670156,0.24709956685026668,0.24709956685026668,0.29780060706748523,FALSE,FALSE
1995-09-07,Weddell,1.571919325,0.25702440867250753,0.25702440867250753,0.29780060706748523,FALSE,FALSE
1995-09-08,Weddell,1.566294823,0.25323080204625503,0.25323080204625503,0.29780060706748523,FALSE,FALSE
1995-09-09,Weddell,1.584088994,0.2729878242510382,0.2729878242510382,0.29780060706748523,FALSE,FALSE
1995-09-10,Weddell,1.583423463,0.274393945531584,0.274393945531584,0.29780060706748523,FALSE,FALSE
1995-09-11,Weddell,1.558753544,0.2518919541727844,0.2518919541727844,0.29780060706748523,FALSE,FALSE
1995-09-12,Weddell,1.528674258,0.2240835798563281,0.2240835798563281,0.29780060706748523,FALSE,FALSE
1995-09-13,Weddell,1.516844171,0.21463612247820407,0.21463612247820407,0.29780060706748523,FALSE,FALSE
1995-09-14,Weddell,1.499455835,0.1997508679344011,0.1997508679344011,0.29780060706748523,FALSE,FALSE
1995-09-15,Weddell,1.46099062,0.16391792012090511,0.16391792012090511,0.29780060706748523,FALSE,FALSE
1995-09-16,Weddell,1.453847514,0.15954500093370605,0.15954500093370605,0.29780060706748523,FALSE,FALSE
1995-09-17,Weddell,1.457999564,0.16661389126879156,0.16661389126879156,0.29780060706748523,FALSE,FALSE
1995-09-18,Weddell,1.429433847,0.14112040202214882,0.14112040202214882,0.29780060706748523,FALSE,FALSE
1995-09-19,Weddell,1.393615992,0.10853889608976663,0.10853889608976663,0.29780060706748523,FALSE,FALSE
1995-09-20,Weddell,1.352252001,0.07058410936763315,0.07058410936763315,0.29780060706748523,FALSE,FALSE
1995-09-21,Weddell,1.314080838,0.03600373975173632,0.03600373975173632,0.29780060706748523,FALSE,FALSE
1995-09-22,Weddell,1.273163662,-0.0011323198619364,0.0011323198619364,0.29780060706748523,FALSE,FALSE
1995-09-23,Weddell,1.229840809,-0.04047716252309752,0.04047716252309752,0.29780060706748523,FALSE,FALSE
1995-09-24,Weddell,1.214944483,-0.05121517004850529,0.05121517004850529,0.29780060706748523,FALSE,FALSE
1995-09-25,Weddell,1.18837546,-0.07347619950577511,0.07347619950577511,0.29780060706748523,FALSE,FALSE
1995-09-26,Weddell,1.18204409,-0.07538073106094845,0.07538073106094845,0.29780060706748523,FALSE,FALSE
1995-09-27,Weddell,1.19306307,-0.05984689788006658,0.05984689788006658,0.29780060706748523,FALSE,FALSE
1995-09-28,Weddell,1.177867855,-0.07047007512917292,0.07047007512917292,0.29780060706748523,FALSE,FALSE
1995-09-29,Weddell,1.168306473,-0.0754330649743078,0.0754330649743078,0.29780060706748523,FALSE,FALSE
1995-09-30,Weddell,1.164793501,-0.07435212058151364,0.07435212058151364,0.29780060706748523,FALSE,FALSE
1995-10-01,Weddell,1.194734037,-0.03985297411683208,0.03985297411683208,0.29780060706748523,FALSE,FALSE
1995-10-02,Weddell,1.183239872,-0.04685466474630484,0.04685466474630484,0.29780060706748523,FALSE,FALSE
1995-10-03,Weddell,1.174739782,-0.05095924663597384,0.05095924663597384,0.29780060706748523,FALSE,FALSE
1995-10-04,Weddell,1.16989841,-0.05153290695188217,0.05153290695188217,0.29780060706748523,FALSE,FALSE
1995-10-05,Weddell,1.179610429,-0.03771179297991933,0.03771179297991933,0.29780060706748523,FALSE,FALSE
1995-10-06,Weddell,1.170479075,-0.04291153768359068,0.04291153768359068,0.29780060706748523,FALSE,FALSE
1995-10-07,Weddell,1.140083804,-0.06953639862244776,0.06953639862244776,0.29780060706748523,FALSE,FALSE
1995-10-08,Weddell,1.129725026,-0.07626324774421267,0.07626324774421267,0.29780060706748523,FALSE,FALSE
1995-10-09,Weddell,1.137566466,-0.0649056419966112,0.0649056419966112,0.29780060706748523,FALSE,FALSE
1995-10-10,Weddell,1.161891936,-0.03715705132736513,0.03715705132736513,0.29780060706748523,FALSE,FALSE
1995-10-11,Weddell,1.183123456,-0.01257273768420019,0.01257273768420019,0.29780060706748523,FALSE,FALSE
1995-10-12,Weddell,1.141251318,-0.05113969101483828,0.05113969101483828,0.29780060706748523,FALSE,FALSE
1995-10-13,Weddell,1.13033785,-0.05877286526700454,0.05877286526700454,0.29780060706748523,FALSE,FALSE
1995-10-14,Weddell,1.107180578,-0.07865201638842167,0.07865201638842167,0.29780060706748523,FALSE,FALSE
1995-10-15,Weddell,1.087057175,-0.09547675332681373,0.09547675332681373,0.29780060706748523,FALSE,FALSE
1995-10-16,Weddell,1.071163238,-0.10802876102990422,0.10802876102990422,0.29780060706748523,FALSE,FALSE
1995-10-17,Weddell,1.071188463,-0.10459562544541878,0.10459562544541878,0.29780060706748523,FALSE,FALSE
1995-10-18,Weddell,1.0662702,-0.10601772179831048,0.10601772179831048,0.29780060706748523,FALSE,FALSE
1995-10-19,Weddell,1.101625105,-0.06706553439060614,0.06706553439060614,0.29780060706748523,FALSE,FALSE
1995-10-20,Weddell,1.144895807,-0.02009257548195964,0.02009257548195964,0.29780060706748523,FALSE,FALSE
1995-10-21,Weddell,1.179590631,0.01841297826716848,0.01841297826716848,0.29780060706748523,FALSE,FALSE
1995-10-22,Weddell,1.195391242,0.03813629019631626,0.03813629019631626,0.29780060706748523,FALSE,FALSE
1995-10-23,Weddell,1.18627708,0.03306029864502236,0.03306029864502236,0.29780060706748523,FALSE,FALSE
1995-10-24,Weddell,1.165619398,0.01655975495282646,0.01655975495282646,0.29780060706748523,FALSE,FALSE
1995-10-25,Weddell,1.150419512,0.00563947345926663,0.00563947345926663,0.29780060706748523,FALSE,FALSE
1995-10-26,Weddell,1.142520647,0.00214617750388157,0.00214617750388157,0.29780060706748523,FALSE,FALSE
1995-10-27,Weddell,1.110242211,-0.02559722657379026,0.02559722657379026,0.29780060706748523,FALSE,FALSE
1995-10-28,Weddell,1.093796381,-0.03737506343420849,0.03737506343420849,0.29780060706748523,FALSE,FALSE
1995-10-29,Weddell,1.094406037,-0.03196095473783633,0.03196095473783633,0.29780060706748523,FALSE,FALSE
1995-10-30,Weddell,1.086491854,-0.03493072714513423,0.03493072714513423,0.29780060706748523,FALSE,FALSE
1995-10-31,Weddell,1.072442821,-0.04389254645914553,0.04389254645914553,0.29780060706748523,FALSE,FALSE
1995-11-01,Weddell,1.099842109,-0.01126361139252929,0.01126361139252929,0.29780060706748523,FALSE,FALSE
1995-11-02,Weddell,1.110767417,0.00503241984675084,0.00503241984675084,0.29780060706748523,FALSE,FALSE
1995-11-03,Weddell,1.108315644,0.00809108878526498,0.00809108878526498,0.29780060706748523,FALSE,FALSE
1995-11-04,Weddell,1.107727371,0.01315161894958461,0.01315161894958461,0.29780060706748523,FALSE,FALSE
1995-11-05,Weddell,1.104066139,0.01527619386627954,0.01527619386627954,0.29780060706748523,FALSE,FALSE
1995-11-06,Weddell,1.099187435,0.01631894306192283,0.01631894306192283,0.29780060706748523,FALSE,FALSE
1995-11-07,Weddell,1.105254436,0.02844168606308317,0.02844168606308317,0.29780060706748523,FALSE,FALSE
1995-11-08,Weddell,1.110077758,0.03945368139633243,0.03945368139633243,0.29780060706748523,FALSE,FALSE
1995-11-09,Weddell,1.110685876,0.04638204658824096,0.04638204658824096,0.29780060706748523,FALSE,FALSE
1995-11-10,Weddell,1.06551912,0.00766575416538017,0.00766575416538017,0.29780060706748523,FALSE,FALSE
1995-11-11,Weddell,1.038087582,-0.01318646134567869,0.01318646134567869,0.29780060706748523,FALSE,FALSE
1995-11-12,Weddell,0.995838528,-0.0487285954778065,0.0487285954778065,0.29780060706748523,FALSE,FALSE
1995-11-13,Weddell,0.977426659,-0.06030190142805458,0.06030190142805458,0.29780060706748523,FALSE,FALSE
1995-11-14,Weddell,0.960889167,-0.0698571633603019,0.0698571633603019,0.29780060706748523,FALSE,FALSE
1995-11-15,Weddell,0.94741058,-0.07619717138212934,0.07619717138212934,0.29780060706748523,FALSE,FALSE
1995-11-16,Weddell,0.955355555,-0.06094458660111657,0.06094458660111657,0.29780060706748523,FALSE,FALSE
1995-11-17,Weddell,0.935161881,-0.07364893812484352,0.07364893812484352,0.29780060706748523,FALSE,FALSE
1995-11-18,Weddell,0.899574346,-0.10155275606089054,0.10155275606089054,0.29780060706748523,FALSE,FALSE
1995-11-19,Weddell,0.860195034,-0.133041274516838,0.133041274516838,0.29780060706748523,FALSE,FALSE
1995-11-20,Weddell,0.817776689,-0.1673490676002657,0.1673490676002657,0.29780060706748523,FALSE,FALSE
1995-11-21,Weddell,0.771500772,-0.20528199241875433,0.20528199241875433,0.29780060706748523,FALSE,FALSE
1995-11-22,Weddell,0.773914119,-0.19428053107988377,0.19428053107988377,0.29780060706748523,FALSE,FALSE
1995-11-23,Weddell,0.774261026,-0.1850877056912339,0.1850877056912339,0.29780060706748523,FALSE,FALSE
1995-11-24,Weddell,0.77546874,-0.17476358736038533,0.17476358736038533,0.29780060706748523,FALSE,FALSE
1995-11-25,Weddell,0.751473203,-0.1893619368011823,0.1893619368011823,0.29780060706748523,FALSE,FALSE
1995-11-26,Weddell,0.739137421,-0.19202961932773077,0.19202961932773077,0.29780060706748523,FALSE,FALSE
1995-11-27,Weddell,0.735435508,-0.18581253354922067,0.18581253354922067,0.29780060706748523,FALSE,FALSE
1995-11-28,Weddell,0.723744371,-0.18735386188926503,0.18735386188926503,0.29780060706748523,FALSE,FALSE
1995-11-29,Weddell,0.736732156,-0.1640055477714748,0.1640055477714748,0.29780060706748523,FALSE,FALSE
1995-11-30,Weddell,0.73974629,-0.15044025361946134,0.15044025361946134,0.29780060706748523,FALSE,FALSE
1995-12-01,Weddell,0.728081374,-0.15138346785683732,0.15138346785683732,0.29780060706748523,FALSE,FALSE
1995-12-02,Weddell,0.702724614,-0.16586807390721425,0.16586807390721425,0.29780060706748523,FALSE,FALSE
1995-12-03,Weddell,0.690908958,-0.16668121319420337,0.16668121319420337,0.29780060706748523,FALSE,FALSE
1995-12-04,Weddell,0.679645191,-0.16683219014141704,0.16683219014141704,0.29780060706748523,FALSE,FALSE
1995-12-05,Weddell,0.672209738,-0.16306466917246698,0.16306466917246698,0.29780060706748523,FALSE,FALSE
1995-12-06,Weddell,0.663543334,-0.16045800471096427,0.16045800471096427,0.29780060706748523,FALSE,FALSE
1995-12-07,Weddell,0.651328937,-0.16134932596208296,0.16134932596208296,0.29780060706748523,FALSE,FALSE
1995-12-08,Weddell,0.620952382,-0.1803721964567532,0.1803721964567532,0.29780060706748523,FALSE,FALSE
1995-12-09,Weddell,0.606105797,-0.18385222589649608,0.18385222589649608,0.29780060706748523,FALSE,FALSE
1995-12-10,Weddell,0.593093856,-0.1855022326413046,0.1855022326413046,0.29780060706748523,FALSE,FALSE
1995-12-11,Weddell,0.581887179,-0.1853690890511689,0.1853690890511689,0.29780060706748523,FALSE,FALSE
1995-12-12,Weddell,0.572495865,-0.1834601884860808,0.1834601884860808,0.29780060706748523,FALSE,FALSE
1995-12-13,Weddell,0.575557801,-0.16915513630603274,0.16915513630603274,0.29780060706748523,FALSE,FALSE
1995-12-14,Weddell,0.576684343,-0.1568600688710153,0.1568600688710153,0.29780060706748523,FALSE,FALSE
1995-12-15,Weddell,0.584085609,-0.1383823605410206,0.1383823605410206,0.29780060706748523,FALSE,FALSE
1995-12-16,Weddell,0.600830013,-0.11067108967604,0.11067108967604,0.29780060706748523,FALSE,FALSE
1995-12-17,Weddell,0.61198959,-0.0886717136360653,0.0886717136360653,0.29780060706748523,FALSE,FALSE
1995-12-18,Weddell,0.637324251,-0.05264181378108745,0.05264181378108745,0.29780060706748523,FALSE,FALSE
1995-12-19,Weddell,0.648503454,-0.03092942447109892,0.03092942447109892,0.29780060706748523,FALSE,FALSE
1995-12-20,Weddell,0.633025381,-0.03605327095367017,0.03605327095367017,0.29780060706748523,FALSE,FALSE
1995-12-21,Weddell,0.630586675,-0.02832436572118224,0.02832436572118224,0.29780060706748523,FALSE,FALSE
1995-12-22,Weddell,0.610180147,-0.03875016832075595,0.03875016832075595,0.29780060706748523,FALSE,FALSE
1995-12-23,Weddell,0.597122231,-0.04201430950381302,0.04201430950381302,0.29780060706748523,FALSE,FALSE
1995-12-24,Weddell,0.588461292,-0.04106848902177651,0.04106848902177651,0.29780060706748523,FALSE,FALSE
1995-12-25,Weddell,0.579143302,-0.04096679962606853,0.04096679962606853,0.29780060706748523,FALSE,FALSE
1995-12-26,Weddell,0.56984507,-0.04103249706811307,0.04103249706811307,0.29780060706748523,FALSE,FALSE
1995-12-27,Weddell,0.56181902,-0.04001322209933189,0.04001322209933189,0.29780060706748523,FALSE,FALSE
1995-12-28,Weddell,0.549396389,-0.04357780247114684,0.04357780247114684,0.29780060706748523,FALSE,FALSE
1995-12-29,Weddell,0.53757597,-0.04672750993498154,0.04672750993498154,0.29780060706748523,FALSE,FALSE
1995-12-30,Weddell,0.527029612,-0.04879056024225958,0.04879056024225958,0.29780060706748523,FALSE,FALSE
1995-12-31,Weddell,0.525907393,-0.04161694014440142,0.04161694014440142,0.29780060706748523,FALSE,FALSE
1996-01-01,Weddell,0.529694302,-0.02972172539283057,0.02972172539283057,0.29780060706748523,FALSE,FALSE
1996-01-02,Weddell,0.528428876,-0.02306509087456654,0.02306509087456654,0.29780060706748523,FALSE,FALSE
1996-01-03,Weddell,0.524632516,-0.0191189360190106,0.0191189360190106,0.29780060706748523,FALSE,FALSE
1996-01-04,Weddell,0.507835698,-0.02834473239116242,0.02834473239116242,0.29780060706748523,FALSE,FALSE
1996-01-05,Weddell,0.499071151,-0.02970169855601812,0.02970169855601812,0.29780060706748523,FALSE,FALSE
1996-01-06,Weddell,0.493462885,-0.02805777207857907,0.02805777207857907,0.29780060706748523,FALSE,FALSE
1996-01-07,Weddell,0.487178042,-0.02723775852384141,0.02723775852384141,0.29780060706748523,FALSE,FALSE
1996-01-08,Weddell,0.475916048,-0.03153417945680414,0.03153417945680414,0.29780060706748523,FALSE,FALSE
1996-01-09,Weddell,0.465282572,-0.03533331344246715,0.03533331344246715,0.29780060706748523,FALSE,FALSE
1996-01-10,Weddell,0.457116992,-0.03678773004582647,0.03678773004582647,0.29780060706748523,FALSE,FALSE
1996-01-11,Weddell,0.458990015,-0.02831866983188236,0.02831866983188236,0.29780060706748523,FALSE,FALSE
1996-01-12,Weddell,0.462647101,-0.01817262036563177,0.01817262036563177,0.29780060706748523,FALSE,FALSE
1996-01-13,Weddell,0.451343117,-0.02308666221207445,0.02308666221207445,0.29780060706748523,FALSE,FALSE
1996-01-14,Weddell,0.43448148,-0.03364930949366651,0.03364930949366651,0.29780060706748523,FALSE,FALSE
1996-01-15,Weddell,0.421436976,-0.04047711729492831,0.04047711729492831,0.29780060706748523,FALSE,FALSE
1996-01-16,Weddell,0.411399053,-0.04437123950917937,0.04437123950917937,0.29780060706748523,FALSE,FALSE
1996-01-17,Weddell,0.40566483,-0.04402511228077804,0.04402511228077804,0.29780060706748523,FALSE,FALSE
1996-01-18,Weddell,0.403746107,-0.03991749075408235,0.03991749075408235,0.29780060706748523,FALSE,FALSE
1996-01-19,Weddell,0.408743844,-0.02893797007345078,0.02893797007345078,0.29780060706748523,FALSE,FALSE
1996-01-20,Weddell,0.411230439,-0.02050470738324072,0.02050470738324072,0.29780060706748523,FALSE,FALSE
1996-01-21,Weddell,0.417512546,-0.00830160382781092,0.00830160382781092,0.29780060706748523,FALSE,FALSE
1996-01-22,Weddell,0.417495983,-0.00241339655151895,0.00241339655151895,0.29780060706748523,FALSE,FALSE
1996-01-23,Weddell,0.408111094,-0.00590029669872349,0.00590029669872349,0.29780060706748523,FALSE,FALSE
1996-01-24,Weddell,0.403087729,-0.00502300941378208,0.00502300941378208,0.29780060706748523,FALSE,FALSE
1996-01-25,Weddell,0.406231862,0.00403388415894662,0.00403388415894662,0.29780060706748523,FALSE,FALSE
1996-01-26,Weddell,0.414411289,0.01814762487510568,0.01814762487510568,0.29780060706748523,FALSE,FALSE
1996-01-27,Weddell,0.404988672,0.01468764743340789,0.01468764743340789,0.29780060706748523,FALSE,FALSE
1996-01-28,Weddell,0.40992842,0.02560704447603834,0.02560704447603834,0.29780060706748523,FALSE,FALSE
1996-01-29,Weddell,0.415640232,0.03729669789449941,0.03729669789449941,0.29780060706748523,FALSE,FALSE
1996-01-30,Weddell,0.409426387,0.03704004541799488,0.03704004541799488,0.29780060706748523,FALSE,FALSE
1996-01-31,Weddell,0.386902421,0.02043378177572902,0.02043378177572902,0.29780060706748523,FALSE,FALSE
1996-02-01,Weddell,0.372433031,0.0118237626969051,0.0118237626969051,0.29780060706748523,FALSE,FALSE
1996-02-02,Weddell,0.367447147,0.01262007691072752,0.01262007691072752,0.29780060706748523,FALSE,FALSE
1996-02-03,Weddell,0.364356227,0.01521534114640005,0.01521534114640005,0.29780060706748523,FALSE,FALSE
1996-02-04,Weddell,0.358672732,0.01510317513312642,0.01510317513312642,0.29780060706748523,FALSE,FALSE
1996-02-05,Weddell,0.34240051,0.00426858560011089,0.00426858560011089,0.29780060706748523,FALSE,FALSE
1996-02-06,Weddell,0.326076155,-0.00677067472344294,0.00677067472344294,0.29780060706748523,FALSE,FALSE
1996-02-07,Weddell,0.316002388,-0.0117307261083312,0.0117307261083312,0.29780060706748523,FALSE,FALSE
1996-02-08,Weddell,0.312837721,-0.00997187350512707,0.00997187350512707,0.29780060706748523,FALSE,FALSE
1996-02-09,Weddell,0.314725526,-0.00336635102775961,0.00336635102775961,0.29780060706748523,FALSE,FALSE
1996-02-10,Weddell,0.315296585,0.0017074027927721999,0.0017074027927721999,0.29780060706748523,FALSE,FALSE
1996-02-11,Weddell,0.316573368,0.00726339241594126,0.00726339241594126,0.29780060706748523,FALSE,FALSE
1996-02-12,Weddell,0.321599564,0.01633684130122203,0.01633684130122203,0.29780060706748523,FALSE,FALSE
1996-02-13,Weddell,0.324145655,0.0226897659080878,0.0226897659080878,0.29780060706748523,FALSE,FALSE
1996-02-14,Weddell,0.319773508,0.02187556769601267,0.02187556769601267,0.29780060706748523,FALSE,FALSE
1996-02-15,Weddell,0.317843702,0.02324636012447023,0.02324636012447023,0.29780060706748523,FALSE,FALSE
1996-02-16,Weddell,0.322288796,0.030726236652934,0.030726236652934,0.29780060706748523,FALSE,FALSE
1996-02-17,Weddell,0.31914484,0.03034278174087806,0.03034278174087806,0.29780060706748523,FALSE,FALSE
1996-02-18,Weddell,0.316572374,0.03024806984777561,0.03024806984777561,0.29780060706748523,FALSE,FALSE
1996-02-19,Weddell,0.318449133,0.03431137043310067,0.03431137043310067,0.29780060706748523,FALSE,FALSE
1996-02-20,Weddell,0.326566444,0.04431554495632733,0.04431554495632733,0.29780060706748523,FALSE,FALSE
1996-02-21,Weddell,0.323894323,0.04322261629756613,0.04322261629756613,0.29780060706748523,FALSE,FALSE
1996-02-22,Weddell,0.331365426,0.05196297479144546,0.05196297479144546,0.29780060706748523,FALSE,FALSE
1996-02-23,Weddell,0.34834182,0.06990023192527567,0.06990023192527567,0.29780060706748523,FALSE,FALSE
1996-02-24,Weddell,0.358919786,0.08113228206238876,0.08113228206238876,0.29780060706748523,FALSE,FALSE
1996-02-25,Weddell,0.360758665,0.08332007956611714,0.08332007956611714,0.29780060706748523,FALSE,FALSE
1996-02-26,Weddell,0.36635248,0.08895926079979316,0.08895926079979316,0.29780060706748523,FALSE,FALSE
1996-02-27,Weddell,0.38527324,0.10762344812674957,0.10762344812674957,0.29780060706748523,FALSE,FALSE
1996-02-28,Weddell,0.392840231,0.11463354091031848,0.11463354091031848,0.29780060706748523,FALSE,FALSE
1996-03-01,Weddell,0.409390574,0.1291755643006231,0.1291755643006231,0.29780060706748523,FALSE,FALSE
1996-03-02,Weddell,0.415089499,0.13342629463402378,0.13342629463402378,0.29780060706748523,FALSE,FALSE
1996-03-03,Weddell,0.404518753,0.1211134818773668,0.1211134818773668,0.29780060706748523,FALSE,FALSE
1996-03-04,Weddell,0.372469797,0.08703020126607652,0.08703020126607652,0.29780060706748523,FALSE,FALSE
1996-03-05,Weddell,0.36168953,0.073928210109034,0.073928210109034,0.29780060706748523,FALSE,FALSE
1996-03-06,Weddell,0.354901341,0.06454631718602954,0.06454631718602954,0.29780060706748523,FALSE,FALSE
1996-03-07,Weddell,0.362414207,0.06921106495036022,0.06921106495036022,0.29780060706748523,FALSE,FALSE
1996-03-08,Weddell,0.359900074,0.06361196485532189,0.06361196485532189,0.29780060706748523,FALSE,FALSE
1996-03-09,Weddell,0.366909998,0.06731763835421006,0.06731763835421006,0.29780060706748523,FALSE,FALSE
1996-03-10,Weddell,0.370136255,0.06703792690032173,0.06703792690032173,0.29780060706748523,FALSE,FALSE
1996-03-11,Weddell,0.395825139,0.08903668994695307,0.08903668994695307,0.29780060706748523,FALSE,FALSE
1996-03-12,Weddell,0.434217855,0.1235726979473995,0.1235726979473995,0.29780060706748523,FALSE,FALSE
1996-03-13,Weddell,0.430466193,0.1158153063549579,0.1158153063549579,0.29780060706748523,FALSE,FALSE
1996-03-14,Weddell,0.404668304,0.08588023162292419,0.08588023162292419,0.29780060706748523,FALSE,FALSE
1996-03-15,Weddell,0.370812828,0.04777367920459441,0.04777367920459441,0.29780060706748523,FALSE,FALSE
1996-03-16,Weddell,0.370887438,0.04350088755326492,0.04350088755326492,0.29780060706748523,FALSE,FALSE
1996-03-17,Weddell,0.370944899,0.03913190835734764,0.03913190835734764,0.29780060706748523,FALSE,FALSE
1996-03-18,Weddell,0.369008334,0.03270018919289097,0.03270018919289097,0.29780060706748523,FALSE,FALSE
1996-03-19,Weddell,0.360923539,0.02005456820810303,0.02005456820810303,0.29780060706748523,FALSE,FALSE
1996-03-20,Weddell,0.364108474,0.01861570468257251,0.01861570468257251,0.29780060706748523,FALSE,FALSE
1996-03-21,Weddell,0.359076031,0.00889918989588878,0.00889918989588878,0.29780060706748523,FALSE,FALSE
1996-03-22,Weddell,0.346559674,-0.0083588128723589,0.0083588128723589,0.29780060706748523,FALSE,FALSE
1996-03-23,Weddell,0.337090166,-0.02262484134258091,0.02262484134258091,0.29780060706748523,FALSE,FALSE
1996-03-24,Weddell,0.359116356,-0.00544734723518791,0.00544734723518791,0.29780060706748523,FALSE,FALSE
1996-03-25,Weddell,0.385542466,0.0160805907294087,0.0160805907294087,0.29780060706748523,FALSE,FALSE
1996-03-26,Weddell,0.413683388,0.03927656383079864,0.03927656383079864,0.29780060706748523,FALSE,FALSE
1996-03-27,Weddell,0.438774022,0.05937817134857126,0.05937817134857126,0.29780060706748523,FALSE,FALSE
1996-03-28,Weddell,0.463113191,0.0786869355623161,0.0786869355623161,0.29780060706748523,FALSE,FALSE
1996-03-29,Weddell,0.486226505,0.09673116575162194,0.09673116575162194,0.29780060706748523,FALSE,FALSE
1996-03-30,Weddell,0.500586219,0.10598416500839763,0.10598416500839763,0.29780060706748523,FALSE,FALSE
1996-03-31,Weddell,0.501202641,0.10144826397782591,0.10144826397782591,0.29780060706748523,FALSE,FALSE
1996-04-01,Weddell,0.494954414,0.08999106004213642,0.08999106004213642,0.29780060706748523,FALSE,FALSE
1996-04-02,Weddell,0.470618461,0.06037842804702814,0.06037842804702814,0.29780060706748523,FALSE,FALSE
1996-04-03,Weddell,0.451285782,0.03569031983820014,0.03569031983820014,0.29780060706748523,FALSE,FALSE
1996-04-04,Weddell,0.453171197,0.03213050726135119,0.03213050726135119,0.29780060706748523,FALSE,FALSE
1996-04-05,Weddell,0.46822189,0.04163512616218146,0.04163512616218146,0.29780060706748523,FALSE,FALSE
1996-04-06,Weddell,0.485080373,0.05283564038638894,0.05283564038638894,0.29780060706748523,FALSE,FALSE
1996-04-07,Weddell,0.483802504,0.04577685977967355,0.04577685977967355,0.29780060706748523,FALSE,FALSE
1996-04-08,Weddell,0.482562564,0.0386220171877335,0.0386220171877335,0.29780060706748523,FALSE,FALSE
1996-04-09,Weddell,0.490020034,0.04001954545626879,0.04001954545626879,0.29780060706748523,FALSE,FALSE
1996-04-10,Weddell,0.480723906,0.02450738843097738,0.02450738843097738,0.29780060706748523,FALSE,FALSE
1996-04-11,Weddell,0.465746692,0.00314717666017433,0.00314717666017433,0.29780060706748523,FALSE,FALSE
1996-04-12,Weddell,0.436344599,-0.03280388337360462,0.03280388337360462,0.29780060706748523,FALSE,FALSE
1996-04-13,Weddell,0.411337819,-0.06450501457431973,0.06450501457431973,0.29780060706748523,FALSE,FALSE
1996-04-14,Weddell,0.396299096,-0.08636105846195496,0.08636105846195496,0.29780060706748523,FALSE,FALSE
1996-04-15,Weddell,0.381896409,-0.10768162155649597,0.10768162155649597,0.29780060706748523,FALSE,FALSE
1996-04-16,Weddell,0.374927744,-0.12164630337792764,0.12164630337792764,0.29780060706748523,FALSE,FALSE
1996-04-17,Weddell,0.360500682,-0.14312510844623477,0.14312510844623477,0.29780060706748523,FALSE,FALSE
1996-04-18,Weddell,0.348528344,-0.16218250128140266,0.16218250128140266,0.29780060706748523,FALSE,FALSE
1996-04-19,Weddell,0.338543939,-0.17926285840341616,0.17926285840341616,0.29780060706748523,FALSE,FALSE
1996-04-20,Weddell,0.359261031,-0.16563020133226042,0.16563020133226042,0.29780060706748523,FALSE,FALSE
1996-04-21,Weddell,0.365514498,-0.16642723758792055,0.16642723758792055,0.29780060706748523,FALSE,FALSE
1996-04-22,Weddell,0.374353118,-0.16458277469038135,0.16458277469038135,0.29780060706748523,FALSE,FALSE
1996-04-23,Weddell,0.364325912,-0.18152537715962835,0.18152537715962835,0.29780060706748523,FALSE,FALSE
1996-04-24,Weddell,0.346164468,-0.20650305991957651,0.20650305991957651,0.29780060706748523,FALSE,FALSE
1996-04-25,Weddell,0.327328588,-0.23205478411227465,0.23205478411227465,0.29780060706748523,FALSE,FALSE
1996-04-26,Weddell,0.331079098,-0.234929074928368,0.234929074928368,0.29780060706748523,FALSE,FALSE
1996-04-27,Weddell,0.363159743,-0.2093916500919009,0.2093916500919009,0.29780060706748523,FALSE,FALSE
1996-04-28,Weddell,0.377548699,-0.20147379632691764,0.20147379632691764,0.29780060706748523,FALSE,FALSE
1996-04-29,Weddell,0.381905684,-0.20352525835746327,0.20352525835746327,0.29780060706748523,FALSE,FALSE
1996-04-30,Weddell,0.385078893,-0.20670730390758185,0.20670730390758185,0.29780060706748523,FALSE,FALSE
1996-05-01,Weddell,0.396311355,-0.20178636670131792,0.20178636670131792,0.29780060706748523,FALSE,FALSE
1996-05-02,Weddell,0.431336578,-0.17303840146271554,0.17303840146271554,0.29780060706748523,FALSE,FALSE
1996-05-03,Weddell,0.461964286,-0.14866314691581944,0.14866314691581944,0.29780060706748523,FALSE,FALSE
1996-05-04,Weddell,0.48883192600000003,-0.12803261878467465,0.12803261878467465,0.29780060706748523,FALSE,FALSE
1996-05-05,Weddell,0.512528116,-0.110567661793325,0.110567661793325,0.29780060706748523,FALSE,FALSE
1996-05-06,Weddell,0.523767406,-0.1055631964943924,0.1055631964943924,0.29780060706748523,FALSE,FALSE
1996-05-07,Weddell,0.524379573,-0.11120328099481658,0.11120328099481658,0.29780060706748523,FALSE,FALSE
1996-05-08,Weddell,0.547980603,-0.09389738054279306,0.09389738054279306,0.29780060706748523,FALSE,FALSE
1996-05-09,Weddell,0.569772772,-0.07847058166033738,0.07847058166033738,0.29780060706748523,FALSE,FALSE
1996-05-10,Weddell,0.582832909,-0.0718734178694671,0.0718734178694671,0.29780060706748523,FALSE,FALSE
1996-05-11,Weddell,0.568533523,-0.09276074269219724,0.09276074269219724,0.29780060706748523,FALSE,FALSE
1996-05-12,Weddell,0.550393685,-0.11764084765054617,0.11764084765054617,0.29780060706748523,FALSE,FALSE
1996-05-13,Weddell,0.503140469,-0.17181402126652923,0.17181402126652923,0.29780060706748523,FALSE,FALSE
1996-05-14,Weddell,0.459467217,-0.22261428406216296,0.22261428406216296,0.29780060706748523,FALSE,FALSE
1996-05-15,Weddell,0.452016372,-0.237426555559464,0.237426555559464,0.29780060706748523,FALSE,FALSE
1996-05-16,Weddell,0.470136841,-0.22692929128044853,0.22692929128044853,0.29780060706748523,FALSE,FALSE
1996-05-17,Weddell,0.518788642,-0.18618983574713344,0.18618983574713344,0.29780060706748523,FALSE,FALSE
1996-05-18,Weddell,0.571039598,-0.1421677284815347,0.1421677284815347,0.29780060706748523,FALSE,FALSE
1996-05-19,Weddell,0.608332339,-0.11344582234252708,0.11344582234252708,0.29780060706748523,FALSE,FALSE
1996-05-20,Weddell,0.658606482,-0.07207568438456657,0.07207568438456657,0.29780060706748523,FALSE,FALSE
1996-05-21,Weddell,0.680291053,-0.05958950635273918,0.05958950635273918,0.29780060706748523,FALSE,FALSE
1996-05-22,Weddell,0.671625157,-0.07770839278414388,0.07770839278414388,0.29780060706748523,FALSE,FALSE
1996-05-23,Weddell,0.696384823,-0.06261652421587782,0.06261652421587782,0.29780060706748523,FALSE,FALSE
1996-05-24,Weddell,0.740258566,-0.02858559518503878,0.02858559518503878,0.29780060706748523,FALSE,FALSE
1996-05-25,Weddell,0.772345029,-0.00647717222872512,0.00647717222872512,0.29780060706748523,FALSE,FALSE
1996-05-26,Weddell,0.79141615,0.00252047311596559,0.00252047311596559,0.29780060706748523,FALSE,FALSE
1996-05-27,Weddell,0.805536947,0.00651214931193511,0.00651214931193511,0.29780060706748523,FALSE,FALSE
1996-05-28,Weddell,0.833301566,0.02413179282208644,0.02413179282208644,0.29780060706748523,FALSE,FALSE
1996-05-29,Weddell,0.848069317,0.0287785041093207,0.0287785041093207,0.29780060706748523,FALSE,FALSE
1996-05-30,Weddell,0.89728604,0.06793791363654078,0.06793791363654078,0.29780060706748523,FALSE,FALSE
1996-05-31,Weddell,0.9230422,0.0837402768666482,0.0837402768666482,0.29780060706748523,FALSE,FALSE
1996-06-01,Weddell,0.903465353,0.0543447515830493,0.0543447515830493,0.29780060706748523,FALSE,FALSE
1996-06-02,Weddell,0.907112555,0.04830366837560196,0.04830366837560196,0.29780060706748523,FALSE,FALSE
1996-06-03,Weddell,0.923046184,0.05466460960859565,0.05466460960859565,0.29780060706748523,FALSE,FALSE
1996-06-04,Weddell,0.918760246,0.04090678527329372,0.04090678527329372,0.29780060706748523,FALSE,FALSE
1996-06-05,Weddell,0.958002225,0.07076288336095815,0.07076288336095815,0.29780060706748523,FALSE,FALSE
1996-06-06,Weddell,0.980663296,0.08410928286285335,0.08410928286285335,0.29780060706748523,FALSE,FALSE
1996-06-07,Weddell,1.005751013,0.09993874177024054,0.09993874177024054,0.29780060706748523,FALSE,FALSE
1996-06-08,Weddell,1.019796197,0.10476728507438372,0.10476728507438372,0.29780060706748523,FALSE,FALSE
1996-06-09,Weddell,1.04176523,0.11754649876654522,0.11754649876654522,0.29780060706748523,FALSE,FALSE
1996-06-10,Weddell,1.075294565,0.1418980398379892,0.1418980398379892,0.29780060706748523,FALSE,FALSE
1996-06-11,Weddell,1.114325069,0.17174797927997698,0.17174797927997698,0.29780060706748523,FALSE,FALSE
1996-06-12,Weddell,1.144844049,0.1930688280837725,0.1930688280837725,0.29780060706748523,FALSE,FALSE
1996-06-13,Weddell,1.157545578,0.1965402776205488,0.1965402776205488,0.29780060706748523,FALSE,FALSE
1996-06-14,Weddell,1.154462411,0.18419896884652895,0.18419896884652895,0.29780060706748523,FALSE,FALSE
1996-06-15,Weddell,1.163592886,0.18407218620702792,0.18407218620702792,0.29780060706748523,FALSE,FALSE
1996-06-16,Weddell,1.14711916,0.1583728488225307,0.1583728488225307,0.29780060706748523,FALSE,FALSE
1996-06-17,Weddell,1.095205821,0.09729630681351686,0.09729630681351686,0.29780060706748523,FALSE,FALSE
1996-06-18,Weddell,1.089806744,0.08282719730047106,0.08282719730047106,0.29780060706748523,FALSE,FALSE
1996-06-19,Weddell,1.147082349,0.13115670240387511,0.13115670240387511,0.29780060706748523,FALSE,FALSE
1996-06-20,Weddell,1.173772761,0.14905570924421152,0.14905570924421152,0.29780060706748523,FALSE,FALSE
1996-06-21,Weddell,1.172502537,0.1391795369419635,0.1391795369419635,0.29780060706748523,FALSE,FALSE
1996-06-22,Weddell,1.170012183,0.1282994536176132,0.1282994536176132,0.29780060706748523,FALSE,FALSE
1996-06-23,Weddell,1.19706174,0.14720626239164303,0.14720626239164303,0.29780060706748523,FALSE,FALSE
1996-06-24,Weddell,1.183515934,0.1257954513845354,0.1257954513845354,0.29780060706748523,FALSE,FALSE
1996-06-25,Weddell,1.125723009,0.06044602671677301,0.06044602671677301,0.29780060706748523,FALSE,FALSE
1996-06-26,Weddell,1.072669785,1.7144613238673223e-4,1.7144613238673223e-4,0.29780060706748523,FALSE,FALSE
1996-06-27,Weddell,1.055653057,-0.02373602349711512,0.02373602349711512,0.29780060706748523,FALSE,FALSE
1996-06-28,Weddell,1.057027774,-0.02894020221245541,0.02894020221245541,0.29780060706748523,FALSE,FALSE
1996-06-29,Weddell,1.058775718,-0.03347815027415746,0.03347815027415746,0.29780060706748523,FALSE,FALSE
1996-06-30,Weddell,1.11236402,0.01409842105725567,0.01409842105725567,0.29780060706748523,FALSE,FALSE
1996-07-01,Weddell,1.13994229,0.03592027952126053,0.03592027952126053,0.29780060706748523,FALSE,FALSE
1996-07-02,Weddell,1.1165173,0.00697535485733458,0.00697535485733458,0.29780060706748523,FALSE,FALSE
1996-07-03,Weddell,1.074352964,-0.04049128119504686,0.04049128119504686,0.29780060706748523,FALSE,FALSE
1996-07-04,Weddell,0.995707739,-0.12424001389640638,0.12424001389640638,0.29780060706748523,FALSE,FALSE
1996-07-05,Weddell,0.951837624,-0.17303368650726692,0.17303368650726692,0.29780060706748523,FALSE,FALSE
1996-07-06,Weddell,0.942427318,-0.18720644228815253,0.18720644228815253,0.29780060706748523,FALSE,FALSE
1996-07-07,Weddell,1.009990268,-0.12426367649958704,0.12426367649958704,0.29780060706748523,FALSE,FALSE
1996-07-08,Weddell,1.037704384,-0.10104631386687934,0.10104631386687934,0.29780060706748523,FALSE,FALSE
1996-07-09,Weddell,0.992876375,-0.15026501455124297,0.15026501455124297,0.29780060706748523,FALSE,FALSE
1996-07-10,Weddell,0.958603028,-0.1888371533643176,0.1888371533643176,0.29780060706748523,FALSE,FALSE
1996-07-11,Weddell,0.963105827,-0.1885549836689452,0.1885549836689452,0.29780060706748523,FALSE,FALSE
1996-07-12,Weddell,1.018962463,-0.13685455182796846,0.13685455182796846,0.29780060706748523,FALSE,FALSE
1996-07-13,Weddell,1.027582511,-0.13234002020422975,0.13234002020422975,0.29780060706748523,FALSE,FALSE
1996-07-14,Weddell,1.028208723,-0.1357823741605726,0.1357823741605726,0.29780060706748523,FALSE,FALSE
1996-07-15,Weddell,1.0100301,-0.15800635005983898,0.15800635005983898,0.29780060706748523,FALSE,FALSE
1996-07-16,Weddell,1.037618227,-0.1344541002648727,0.1344541002648727,0.29780060706748523,FALSE,FALSE
1996-07-17,Weddell,1.091955319,-0.0841571471385143,0.0841571471385143,0.29780060706748523,FALSE,FALSE
1996-07-18,Weddell,1.187368043,0.00719743895639091,0.00719743895639091,0.29780060706748523,FALSE,FALSE
1996-07-19,Weddell,1.229521564,0.0452610856570026,0.0452610856570026,0.29780060706748523,FALSE,FALSE
1996-07-20,Weddell,1.201963595,0.01356776860047692,0.01356776860047692,0.29780060706748523,FALSE,FALSE
1996-07-21,Weddell,1.179878075,-0.01271126712534354,0.01271126712534354,0.29780060706748523,FALSE,FALSE
1996-07-22,Weddell,1.192768989,-0.00407032841565535,0.00407032841565535,0.29780060706748523,FALSE,FALSE
1996-07-23,Weddell,1.154479345,-0.04665420096393857,0.04665420096393857,0.29780060706748523,FALSE,FALSE
1996-07-24,Weddell,1.135201593,-0.0702579903236078,0.0702579903236078,0.29780060706748523,FALSE,FALSE
1996-07-25,Weddell,1.217508409,0.00770342395192358,0.00770342395192358,0.29780060706748523,FALSE,FALSE
1996-07-26,Weddell,1.282175377,0.06801807030923879,0.06801807030923879,0.29780060706748523,FALSE,FALSE
1996-07-27,Weddell,1.320977704,0.10247360019492469,0.10247360019492469,0.29780060706748523,FALSE,FALSE
1996-07-28,Weddell,1.36556045,0.14272751805556785,0.14272751805556785,0.29780060706748523,FALSE,FALSE
1996-07-29,Weddell,1.393981987,0.16685064033775188,0.16685064033775188,0.29780060706748523,FALSE,FALSE
1996-07-30,Weddell,1.42221846,0.19083155648806205,0.19083155648806205,0.29780060706748523,FALSE,FALSE
1996-07-31,Weddell,1.422779416,0.1871922579530856,0.1871922579530856,0.29780060706748523,FALSE,FALSE
1996-08-01,Weddell,1.353140737,0.11342107117940592,0.11342107117940592,0.29780060706748523,FALSE,FALSE
1996-08-02,Weddell,1.322951934,0.07917995148303669,0.07917995148303669,0.29780060706748523,FALSE,FALSE
1996-08-03,Weddell,1.280437948,0.03270275921450527,0.03270275921450527,0.29780060706748523,FALSE,FALSE
1996-08-04,Weddell,1.234239375,-0.01737370618778166,0.01737370618778166,0.29780060706748523,FALSE,FALSE
1996-08-05,Weddell,1.20036862,-0.05504370263755343,0.05504370263755343,0.29780060706748523,FALSE,FALSE
1996-08-06,Weddell,1.196830095,-0.06230948104854184,0.06230948104854184,0.29780060706748523,FALSE,FALSE
1996-08-07,Weddell,1.214352206,-0.04844929833447509,0.04844929833447509,0.29780060706748523,FALSE,FALSE
1996-08-08,Weddell,1.194791062,-0.07161370840908554,0.07161370840908554,0.29780060706748523,FALSE,FALSE
1996-08-09,Weddell,1.204808796,-0.06514724118610227,0.06514724118610227,0.29780060706748523,FALSE,FALSE
1996-08-10,Weddell,1.229416498,-0.04404546957925603,0.04404546957925603,0.29780060706748523,FALSE,FALSE
1996-08-11,Weddell,1.263550785,-0.01337843950227735,0.01337843950227735,0.29780060706748523,FALSE,FALSE
1996-08-12,Weddell,1.282336629,0.00197215813110496,0.00197215813110496,0.29780060706748523,FALSE,FALSE
1996-08-13,Weddell,1.302886662,0.01911229240715828,0.01911229240715828,0.29780060706748523,FALSE,FALSE
1996-08-14,Weddell,1.330671091,0.04350550741215331,0.04350550741215331,0.29780060706748523,FALSE,FALSE
1996-08-15,Weddell,1.345204589,0.05466036218192571,0.05466036218192571,0.29780060706748523,FALSE,FALSE
1996-08-16,Weddell,1.360964538,0.06706444082267793,0.06706444082267793,0.29780060706748523,FALSE,FALSE
1996-08-17,Weddell,1.368813441,0.07160912346994586,0.07160912346994586,0.29780060706748523,FALSE,FALSE
1996-08-18,Weddell,1.3773145,0.07688751269914773,0.07688751269914773,0.29780060706748523,FALSE,FALSE
1996-08-19,Weddell,1.409913917,0.10637571108569976,0.10637571108569976,0.29780060706748523,FALSE,FALSE
1996-08-20,Weddell,1.42263201,0.11612393720501824,0.11612393720501824,0.29780060706748523,FALSE,FALSE
1996-08-21,Weddell,1.453885081,0.144578393632522,0.144578393632522,0.29780060706748523,FALSE,FALSE
1996-08-22,Weddell,1.481948964,0.1700448149436267,0.1700448149436267,0.29780060706748523,FALSE,FALSE
1996-08-23,Weddell,1.497552776,0.1832822187137504,0.1832822187137504,0.29780060706748523,FALSE,FALSE
1996-08-24,Weddell,1.51771575,0.2013397385183091,0.2013397385183091,0.29780060706748523,FALSE,FALSE
1996-08-25,Weddell,1.505003061,0.1868124499327206,0.1868124499327206,0.29780060706748523,FALSE,FALSE
1996-08-26,Weddell,1.492345813,0.17266135753240208,0.17266135753240208,0.29780060706748523,FALSE,FALSE
1996-08-27,Weddell,1.456192848,0.1353652038927704,0.1353652038927704,0.29780060706748523,FALSE,FALSE
1996-08-28,Weddell,1.436370889,0.1147749355832266,0.1147749355832266,0.29780060706748523,FALSE,FALSE
1996-08-29,Weddell,1.409349907,0.08735024405642133,0.08735024405642133,0.29780060706748523,FALSE,FALSE
1996-08-30,Weddell,1.391422641,0.06936062484489813,0.06936062484489813,0.29780060706748523,FALSE,FALSE
1996-08-31,Weddell,1.386160065,0.06435378522818613,0.06435378522818613,0.29780060706748523,FALSE,FALSE
1996-09-01,Weddell,1.399408425,0.07815270448581302,0.07815270448581302,0.29780060706748523,FALSE,FALSE
1996-09-02,Weddell,1.398188343,0.07775473789730558,0.07775473789730558,0.29780060706748523,FALSE,FALSE
1996-09-03,Weddell,1.378180801,0.05881760074219389,0.05881760074219389,0.29780060706748523,FALSE,FALSE
1996-09-04,Weddell,1.391478622,0.07341084930000497,0.07341084930000497,0.29780060706748523,FALSE,FALSE
1996-09-05,Weddell,1.399900419,0.08332982985026671,0.08332982985026671,0.29780060706748523,FALSE,FALSE
1996-09-06,Weddell,1.400518148,0.0856232316725074,0.0856232316725074,0.29780060706748523,FALSE,FALSE
1996-09-07,Weddell,1.410143642,0.097079621046255,0.097079621046255,0.29780060706748523,FALSE,FALSE
1996-09-08,Weddell,1.387772779,0.07667160925103822,0.07667160925103822,0.29780060706748523,FALSE,FALSE
1996-09-09,Weddell,1.353535075,0.04450555753158403,0.04450555753158403,0.29780060706748523,FALSE,FALSE
1996-09-10,Weddell,1.386873156,0.08001156617278449,0.08001156617278449,0.29780060706748523,FALSE,FALSE
1996-09-11,Weddell,1.403764714,0.09917403585632822,0.09917403585632822,0.29780060706748523,FALSE,FALSE
1996-09-12,Weddell,1.429705383,0.127497334478204,0.127497334478204,0.29780060706748523,FALSE,FALSE
1996-09-13,Weddell,1.45743727,0.1577323029344011,0.1577323029344011,0.29780060706748523,FALSE,FALSE
1996-09-14,Weddell,1.473006601,0.17593390112090512,0.17593390112090512,0.29780060706748523,FALSE,FALSE
1996-09-15,Weddell,1.495764992,0.20146247893370609,0.20146247893370609,0.29780060706748523,FALSE,FALSE
1996-09-16,Weddell,1.487183001,0.19579732826879148,0.19579732826879148,0.29780060706748523,FALSE,FALSE
1996-09-17,Weddell,1.464324705,0.17601126002214862,0.17601126002214862,0.29780060706748523,FALSE,FALSE
1996-09-18,Weddell,1.461281317,0.17620422108976674,0.17620422108976674,0.29780060706748523,FALSE,FALSE
1996-09-19,Weddell,1.443115514,0.1614476223676331,0.1614476223676331,0.29780060706748523,FALSE,FALSE
1996-09-20,Weddell,1.41110745,0.1330303517517364,0.1330303517517364,0.29780060706748523,FALSE,FALSE
1996-09-21,Weddell,1.401653083,0.12735710113806364,0.12735710113806364,0.29780060706748523,FALSE,FALSE
1996-09-22,Weddell,1.390262367,0.1199443954769026,0.1199443954769026,0.29780060706748523,FALSE,FALSE
1996-09-23,Weddell,1.351156504,0.08499685095149467,0.08499685095149467,0.29780060706748523,FALSE,FALSE
1996-09-24,Weddell,1.305364461,0.04351280149422476,0.04351280149422476,0.29780060706748523,FALSE,FALSE
1996-09-25,Weddell,1.287275171,0.02985034993905166,0.02985034993905166,0.29780060706748523,FALSE,FALSE
1996-09-26,Weddell,1.262475543,0.0095655751199335,0.0095655751199335,0.29780060706748523,FALSE,FALSE
1996-09-27,Weddell,1.23397167,-0.01436626012917274,0.01436626012917274,0.29780060706748523,FALSE,FALSE
1996-09-28,Weddell,1.203110199,-0.04062933897430776,0.04062933897430776,0.29780060706748523,FALSE,FALSE
1996-09-29,Weddell,1.191016171,-0.04812945058151352,0.04812945058151352,0.29780060706748523,FALSE,FALSE
1996-09-30,Weddell,1.221444992,-0.0131420191168321,0.0131420191168321,0.29780060706748523,FALSE,FALSE
1996-10-01,Weddell,1.246939669,0.01684513225369532,0.01684513225369532,0.29780060706748523,FALSE,FALSE
1996-10-02,Weddell,1.248755068,0.023056039364026,0.023056039364026,0.29780060706748523,FALSE,FALSE
1996-10-03,Weddell,1.226297399,0.00486608204811767,0.00486608204811767,0.29780060706748523,FALSE,FALSE
1996-10-04,Weddell,1.235984398,0.01866217602008069,0.01866217602008069,0.29780060706748523,FALSE,FALSE
1996-10-05,Weddell,1.272325392,0.05893477931640922,0.05893477931640922,0.29780060706748523,FALSE,FALSE
1996-10-06,Weddell,1.298373721,0.08875351837755208,0.08875351837755208,0.29780060706748523,FALSE,FALSE
1996-10-07,Weddell,1.318413753,0.11242547925578728,0.11242547925578728,0.29780060706748523,FALSE,FALSE
1996-10-08,Weddell,1.313590062,0.11111795400338886,0.11111795400338886,0.29780060706748523,FALSE,FALSE
1996-10-09,Weddell,1.293627104,0.09457811667263494,0.09457811667263494,0.29780060706748523,FALSE,FALSE
1996-10-10,Weddell,1.264547649,0.06885145531579995,0.06885145531579995,0.29780060706748523,FALSE,FALSE
1996-10-11,Weddell,1.267577125,0.0751861159851619,0.0751861159851619,0.29780060706748523,FALSE,FALSE
1996-10-12,Weddell,1.309383867,0.12027315173299535,0.12027315173299535,0.29780060706748523,FALSE,FALSE
1996-10-13,Weddell,1.347507905,0.16167531061157847,0.16167531061157847,0.29780060706748523,FALSE,FALSE
1996-10-14,Weddell,1.409049438,0.22651550967318632,0.22651550967318632,0.29780060706748523,FALSE,FALSE
1996-10-15,Weddell,1.428914785,0.24972278597009567,0.24972278597009567,0.29780060706748523,FALSE,FALSE
1996-10-16,Weddell,1.428914058,0.2531299695545812,0.2531299695545812,0.29780060706748523,FALSE,FALSE
1996-10-17,Weddell,1.459005515,0.28671759320168966,0.28671759320168966,0.29780060706748523,FALSE,FALSE
1996-10-18,Weddell,1.457149151,0.28845851160939384,0.28845851160939384,0.29780060706748523,FALSE,FALSE
1996-10-19,Weddell,1.431806651,0.26681826851804047,0.26681826851804047,0.29780060706748523,FALSE,FALSE
1996-10-20,Weddell,1.381142763,0.21996511026716847,0.21996511026716847,0.29780060706748523,FALSE,FALSE
1996-10-21,Weddell,1.346759988,0.1895050361963164,0.1895050361963164,0.29780060706748523,FALSE,FALSE
1996-10-22,Weddell,1.359448408,0.20623162664502237,0.20623162664502237,0.29780060706748523,FALSE,FALSE
1996-10-23,Weddell,1.353986759,0.20492711595282653,0.20492711595282653,0.29780060706748523,FALSE,FALSE
1996-10-24,Weddell,1.338266589,0.19348655045926663,0.19348655045926663,0.29780060706748523,FALSE,FALSE
1996-10-25,Weddell,1.277117356,0.13674288650388156,0.13674288650388156,0.29780060706748523,FALSE,FALSE
1996-10-26,Weddell,1.24194694,0.1061075024262097,0.1061075024262097,0.29780060706748523,FALSE,FALSE
1996-10-27,Weddell,1.210375247,0.07920380256579151,0.07920380256579151,0.29780060706748523,FALSE,FALSE
1996-10-28,Weddell,1.167339151,0.04097215926216369,0.04097215926216369,0.29780060706748523,FALSE,FALSE
1996-10-29,Weddell,1.166152504,0.04472992285486588,0.04472992285486588,0.29780060706748523,FALSE,FALSE
1996-10-30,Weddell,1.158887432,0.04255206454085436,0.04255206454085436,0.29780060706748523,FALSE,FALSE
1996-10-31,Weddell,1.169264653,0.05815893260747074,0.05815893260747074,0.29780060706748523,FALSE,FALSE
1996-11-01,Weddell,1.180820074,0.07508507684675103,0.07508507684675103,0.29780060706748523,FALSE,FALSE
1996-11-02,Weddell,1.186252232,0.08602767678526502,0.08602767678526502,0.29780060706748523,FALSE,FALSE
1996-11-03,Weddell,1.18675706,0.09218130794958455,0.09218130794958455,0.29780060706748523,FALSE,FALSE
1996-11-04,Weddell,1.19933971,0.11054976486627964,0.11054976486627964,0.29780060706748523,FALSE,FALSE
1996-11-05,Weddell,1.229197386,0.14632889406192295,0.14632889406192295,0.29780060706748523,FALSE,FALSE
1996-11-06,Weddell,1.252297209,0.17548445906308308,0.17548445906308308,0.29780060706748523,FALSE,FALSE
1996-11-07,Weddell,1.268658468,0.19803439139633228,0.19803439139633228,0.29780060706748523,FALSE,FALSE
1996-11-08,Weddell,1.279485724,0.21518189458824089,0.21518189458824089,0.29780060706748523,FALSE,FALSE
1996-11-09,Weddell,1.302469295,0.24461592916538025,0.24461592916538025,0.29780060706748523,FALSE,FALSE
1996-11-10,Weddell,1.322416915,0.2711428716543214,0.2711428716543214,0.29780060706748523,FALSE,FALSE
1996-11-11,Weddell,1.337578577,0.2930114535221935,0.2930114535221935,0.29780060706748523,FALSE,FALSE
1996-11-12,Weddell,1.336438681,0.29871012057194535,0.29871012057194535,0.29780060706748523,TRUE,TRUE
1996-11-13,Weddell,1.351549426,0.3208030956396981,0.3208030956396981,0.29780060706748523,TRUE,TRUE
1996-11-14,Weddell,1.383627447,0.3600196956178707,0.3600196956178707,0.29780060706748523,TRUE,TRUE
1996-11-15,Weddell,1.394356201,0.3780560593988833,0.3780560593988833,0.29780060706748523,TRUE,TRUE
1996-11-16,Weddell,1.391657854,0.3828470348751565,0.3828470348751565,0.29780060706748523,TRUE,TRUE
1996-11-17,Weddell,1.379302238,0.37817513593910945,0.37817513593910945,0.29780060706748523,TRUE,TRUE
1996-11-18,Weddell,1.37292989,0.379693581483162,0.379693581483162,0.29780060706748523,TRUE,TRUE
1996-11-19,Weddell,1.371778711,0.38665295439973424,0.38665295439973424,0.29780060706748523,TRUE,TRUE
1996-11-20,Weddell,1.336510441,0.3597276765812456,0.3597276765812456,0.29780060706748523,TRUE,TRUE
1996-11-21,Weddell,1.298254225,0.3300595749201163,0.3300595749201163,0.29780060706748523,TRUE,TRUE
1996-11-22,Weddell,1.260442245,0.301093513308766,0.301093513308766,0.29780060706748523,TRUE,TRUE
1996-11-23,Weddell,1.222223979,0.2719916516396147,0.2719916516396147,0.29780060706748523,FALSE,FALSE
1996-11-24,Weddell,1.166077305,0.22524216519881768,0.22524216519881768,0.29780060706748523,FALSE,FALSE
1996-11-25,Weddell,1.119726492,0.18855945167226928,0.18855945167226928,0.29780060706748523,FALSE,FALSE
1996-11-26,Weddell,1.084724284,0.1634762424507793,0.1634762424507793,0.29780060706748523,FALSE,FALSE
1996-11-27,Weddell,1.069843536,0.15874530311073498,0.15874530311073498,0.29780060706748523,FALSE,FALSE
1996-11-28,Weddell,1.054538454,0.15380075022852524,0.15380075022852524,0.29780060706748523,FALSE,FALSE
1996-11-29,Weddell,1.04266548,0.15247893638053855,0.15247893638053855,0.29780060706748523,FALSE,FALSE
1996-11-30,Weddell,1.054881149,0.1754163071431628,0.1754163071431628,0.29780060706748523,FALSE,FALSE
1996-12-01,Weddell,1.027562535,0.15896984709278572,0.15896984709278572,0.29780060706748523,FALSE,FALSE
1996-12-02,Weddell,1.027834956,0.17024478480579663,0.17024478480579663,0.29780060706748523,FALSE,FALSE
1996-12-03,Weddell,1.030234102,0.18375672085858308,0.18375672085858308,0.29780060706748523,FALSE,FALSE
1996-12-04,Weddell,1.013160387,0.17788597982753318,0.17788597982753318,0.29780060706748523,FALSE,FALSE
1996-12-05,Weddell,0.97903572,0.1550343812890358,0.1550343812890358,0.29780060706748523,FALSE,FALSE
1996-12-06,Weddell,0.955534408,0.142856145037917,0.142856145037917,0.29780060706748523,FALSE,FALSE
1996-12-07,Weddell,0.918965065,0.11764048654324676,0.11764048654324676,0.29780060706748523,FALSE,FALSE
1996-12-08,Weddell,0.869134641,0.07917661810350396,0.07917661810350396,0.29780060706748523,FALSE,FALSE
1996-12-09,Weddell,0.835320164,0.05672407535869539,0.05672407535869539,0.29780060706748523,FALSE,FALSE
1996-12-10,Weddell,0.798664986,0.03140871794883115,0.03140871794883115,0.29780060706748523,FALSE,FALSE
1996-12-11,Weddell,0.742058096,-0.01389795748608091,0.01389795748608091,0.29780060706748523,FALSE,FALSE
1996-12-12,Weddell,0.708297526,-0.03641541130603276,0.03641541130603276,0.29780060706748523,FALSE,FALSE
1996-12-13,Weddell,0.670888379,-0.0626560328710154,0.0626560328710154,0.29780060706748523,FALSE,FALSE
1996-12-14,Weddell,0.613456028,-0.10901194154102056,0.10901194154102056,0.29780060706748523,FALSE,FALSE
1996-12-15,Weddell,0.606646553,-0.10485454967604002,0.10485454967604002,0.29780060706748523,FALSE,FALSE
1996-12-16,Weddell,0.605339091,-0.09532221263606522,0.09532221263606522,0.29780060706748523,FALSE,FALSE
1996-12-17,Weddell,0.59285138,-0.09711468478108742,0.09711468478108742,0.29780060706748523,FALSE,FALSE
1996-12-18,Weddell,0.556237128,-0.12319575047109887,0.12319575047109887,0.29780060706748523,FALSE,FALSE
1996-12-19,Weddell,0.536957434,-0.13212121795367027,0.13212121795367027,0.29780060706748523,FALSE,FALSE
1996-12-20,Weddell,0.518959587,-0.13995145372118223,0.13995145372118223,0.29780060706748523,FALSE,FALSE
1996-12-21,Weddell,0.515256425,-0.13367389032075594,0.13367389032075594,0.29780060706748523,FALSE,FALSE
1996-12-22,Weddell,0.507740291,-0.131396249503813,0.131396249503813,0.29780060706748523,FALSE,FALSE
1996-12-23,Weddell,0.50968922,-0.11984056102177644,0.11984056102177644,0.29780060706748523,FALSE,FALSE
1996-12-24,Weddell,0.507845425,-0.11226467662606854,0.11226467662606854,0.29780060706748523,FALSE,FALSE
1996-12-25,Weddell,0.496036261,-0.11484130606811303,0.11484130606811303,0.29780060706748523,FALSE,FALSE
1996-12-26,Weddell,0.465560625,-0.13627161709933183,0.13627161709933183,0.29780060706748523,FALSE,FALSE
1996-12-27,Weddell,0.461177959,-0.1317962324711468,0.1317962324711468,0.29780060706748523,FALSE,FALSE
1996-12-28,Weddell,0.45620048,-0.12810299993498153,0.12810299993498153,0.29780060706748523,FALSE,FALSE
1996-12-29,Weddell,0.458749369,-0.11707080324225956,0.11707080324225956,0.29780060706748523,FALSE,FALSE
1996-12-30,Weddell,0.449988482,-0.1175358511444014,0.1175358511444014,0.29780060706748523,FALSE,FALSE
1996-12-31,Weddell,0.43995046,-0.11946556739283072,0.11946556739283072,0.29780060706748523,FALSE,FALSE
1997-01-01,Weddell,0.430590538,-0.12882548939283056,0.12882548939283056,0.29780060706748523,FALSE,FALSE
1997-01-02,Weddell,0.428080568,-0.12341339887456654,0.12341339887456654,0.29780060706748523,FALSE,FALSE
1997-01-03,Weddell,0.423090422,-0.12066103001901064,0.12066103001901064,0.29780060706748523,FALSE,FALSE
1997-01-04,Weddell,0.421249097,-0.11493133339116236,0.11493133339116236,0.29780060706748523,FALSE,FALSE
1997-01-05,Weddell,0.413711735,-0.11506111455601808,0.11506111455601808,0.29780060706748523,FALSE,FALSE
1997-01-06,Weddell,0.410588321,-0.11093233607857912,0.11093233607857912,0.29780060706748523,FALSE,FALSE
1997-01-07,Weddell,0.414346532,-0.1000692685238414,0.1000692685238414,0.29780060706748523,FALSE,FALSE
1997-01-08,Weddell,0.41560223,-0.09184799745680412,0.09184799745680412,0.29780060706748523,FALSE,FALSE
1997-01-09,Weddell,0.401178217,-0.09943766844246715,0.09943766844246715,0.29780060706748523,FALSE,FALSE
1997-01-10,Weddell,0.395561926,-0.09834279604582646,0.09834279604582646,0.29780060706748523,FALSE,FALSE
1997-01-11,Weddell,0.39178699,-0.09552169483188232,0.09552169483188232,0.29780060706748523,FALSE,FALSE
1997-01-12,Weddell,0.383000128,-0.0978195933656318,0.0978195933656318,0.29780060706748523,FALSE,FALSE
1997-01-13,Weddell,0.382344872,-0.09208490721207446,0.09208490721207446,0.29780060706748523,FALSE,FALSE
1997-01-14,Weddell,0.366724077,-0.1014067124936665,0.1014067124936665,0.29780060706748523,FALSE,FALSE
1997-01-15,Weddell,0.336596873,-0.1253172202949283,0.1253172202949283,0.29780060706748523,FALSE,FALSE
1997-01-16,Weddell,0.309664609,-0.1461056835091794,0.1461056835091794,0.29780060706748523,FALSE,FALSE
1997-01-17,Weddell,0.319677819,-0.13001212328077805,0.13001212328077805,0.29780060706748523,FALSE,FALSE
1997-01-18,Weddell,0.314002189,-0.1296614087540824,0.1296614087540824,0.29780060706748523,FALSE,FALSE
1997-01-19,Weddell,0.312105763,-0.12557605107345082,0.12557605107345082,0.29780060706748523,FALSE,FALSE
1997-01-20,Weddell,0.309650584,-0.12208456238324072,0.12208456238324072,0.29780060706748523,FALSE,FALSE
1997-01-21,Weddell,0.303964741,-0.12184940882781092,0.12184940882781092,0.29780060706748523,FALSE,FALSE
1997-01-22,Weddell,0.297582693,-0.12232668655151896,0.12232668655151896,0.29780060706748523,FALSE,FALSE
1997-01-23,Weddell,0.297574026,-0.11643736469872353,0.11643736469872353,0.29780060706748523,FALSE,FALSE
1997-01-24,Weddell,0.283614802,-0.1244959364137821,0.1244959364137821,0.29780060706748523,FALSE,FALSE
1997-01-25,Weddell,0.280391313,-0.1218066648410534,0.1218066648410534,0.29780060706748523,FALSE,FALSE
1997-01-26,Weddell,0.273410436,-0.12285322812489435,0.12285322812489435,0.29780060706748523,FALSE,FALSE
1997-01-27,Weddell,0.274610173,-0.11569085156659208,0.11569085156659208,0.29780060706748523,FALSE,FALSE
1997-01-28,Weddell,0.27773591,-0.1065854655239617,0.1065854655239617,0.29780060706748523,FALSE,FALSE
1997-01-29,Weddell,0.279633925,-0.09870960910550058,0.09870960910550058,0.29780060706748523,FALSE,FALSE
1997-01-30,Weddell,0.273259992,-0.09912634958200511,0.09912634958200511,0.29780060706748523,FALSE,FALSE
1997-01-31,Weddell,0.265038794,-0.10142984522427095,0.10142984522427095,0.29780060706748523,FALSE,FALSE
1997-02-01,Weddell,0.256075062,-0.1045342063030949,0.1045342063030949,0.29780060706748523,FALSE,FALSE
1997-02-02,Weddell,0.25668459,-0.09814248008927244,0.09814248008927244,0.29780060706748523,FALSE,FALSE
1997-02-03,Weddell,0.249707112,-0.09943377385359992,0.09943377385359992,0.29780060706748523,FALSE,FALSE
1997-02-04,Weddell,0.241603192,-0.10196636486687358,0.10196636486687358,0.29780060706748523,FALSE,FALSE
1997-02-05,Weddell,0.232798388,-0.1053335363998891,0.1053335363998891,0.29780060706748523,FALSE,FALSE
1997-02-06,Weddell,0.21716227,-0.11568455972344294,0.11568455972344294,0.29780060706748523,FALSE,FALSE
1997-02-07,Weddell,0.198255374,-0.1294777401083312,0.1294777401083312,0.29780060706748523,FALSE,FALSE
1997-02-08,Weddell,0.199416316,-0.12339327850512707,0.12339327850512707,0.29780060706748523,FALSE,FALSE
1997-02-09,Weddell,0.198685594,-0.1194062830277596,0.1194062830277596,0.29780060706748523,FALSE,FALSE
1997-02-10,Weddell,0.195576467,-0.1180127152072278,0.1180127152072278,0.29780060706748523,FALSE,FALSE
1997-02-11,Weddell,0.187401101,-0.12190887458405876,0.12190887458405876,0.29780060706748523,FALSE,FALSE
1997-02-12,Weddell,0.211321761,-0.09394096169877796,0.09394096169877796,0.29780060706748523,FALSE,FALSE
1997-02-13,Weddell,0.207544704,-0.09391118509191218,0.09391118509191218,0.29780060706748523,FALSE,FALSE
1997-02-14,Weddell,0.190541445,-0.1073564953039873,0.1073564953039873,0.29780060706748523,FALSE,FALSE
1997-02-15,Weddell,0.189276812,-0.10532052987552978,0.10532052987552978,0.29780060706748523,FALSE,FALSE
1997-02-16,Weddell,0.195544976,-0.09601758334706598,0.09601758334706598,0.29780060706748523,FALSE,FALSE
1997-02-17,Weddell,0.201226853,-0.08757520525912191,0.08757520525912191,0.29780060706748523,FALSE,FALSE
1997-02-18,Weddell,0.196845877,-0.08947842715222437,0.08947842715222437,0.29780060706748523,FALSE,FALSE
1997-02-19,Weddell,0.168681082,-0.11545668056689933,0.11545668056689933,0.29780060706748523,FALSE,FALSE
1997-02-20,Weddell,0.170503857,-0.11174704204367268,0.11174704204367268,0.29780060706748523,FALSE,FALSE
1997-02-21,Weddell,0.183061821,-0.09760988570243384,0.09760988570243384,0.29780060706748523,FALSE,FALSE
1997-02-22,Weddell,0.203095816,-0.07630663520855455,0.07630663520855455,0.29780060706748523,FALSE,FALSE
1997-02-23,Weddell,0.210086604,-0.06835498407472435,0.06835498407472435,0.29780060706748523,FALSE,FALSE
1997-02-24,Weddell,0.198761413,-0.07902609093761126,0.07902609093761126,0.29780060706748523,FALSE,FALSE
1997-02-25,Weddell,0.179941425,-0.09749716043388285,0.09749716043388285,0.29780060706748523,FALSE,FALSE
1997-02-26,Weddell,0.159815496,-0.11757772320020682,0.11757772320020682,0.29780060706748523,FALSE,FALSE
1997-02-27,Weddell,0.150368085,-0.12728170687325044,0.12728170687325044,0.29780060706748523,FALSE,FALSE
1997-02-28,Weddell,0.154873211,-0.12333347908968152,0.12333347908968152,0.29780060706748523,FALSE,FALSE
1997-03-01,Weddell,0.154271885,-0.12479041548616791,0.12479041548616791,0.29780060706748523,FALSE,FALSE
1997-03-02,Weddell,0.154898785,-0.1253162246993769,0.1253162246993769,0.29780060706748523,FALSE,FALSE
1997-03-03,Weddell,0.16945296,-0.11221024436597618,0.11221024436597618,0.29780060706748523,FALSE,FALSE
1997-03-04,Weddell,0.171363783,-0.1120414881226332,0.1120414881226332,0.29780060706748523,FALSE,FALSE
1997-03-05,Weddell,0.16320078,-0.12223881573392348,0.12223881573392348,0.29780060706748523,FALSE,FALSE
1997-03-06,Weddell,0.151204243,-0.136557076890966,0.136557076890966,0.29780060706748523,FALSE,FALSE
1997-03-07,Weddell,0.160615351,-0.12973967281397045,0.12973967281397045,0.29780060706748523,FALSE,FALSE
1997-03-08,Weddell,0.165140432,-0.12806271004963976,0.12806271004963976,0.29780060706748523,FALSE,FALSE
1997-03-09,Weddell,0.160117707,-0.13617040214467813,0.13617040214467813,0.29780060706748523,FALSE,FALSE
1997-03-10,Weddell,0.17985424,-0.11973811964578995,0.11973811964578995,0.29780060706748523,FALSE,FALSE
1997-03-11,Weddell,0.174751596,-0.12834673209967828,0.12834673209967828,0.29780060706748523,FALSE,FALSE
1997-03-12,Weddell,0.195062083,-0.11172636605304692,0.11172636605304692,0.29780060706748523,FALSE,FALSE
1997-03-13,Weddell,0.191844503,-0.11880065405260049,0.11880065405260049,0.29780060706748523,FALSE,FALSE
1997-03-14,Weddell,0.200726172,-0.11392471464504209,0.11392471464504209,0.29780060706748523,FALSE,FALSE
1997-03-15,Weddell,0.190605964,-0.1281821083770758,0.1281821083770758,0.29780060706748523,FALSE,FALSE
1997-03-16,Weddell,0.185042966,-0.13799618279540557,0.13799618279540557,0.29780060706748523,FALSE,FALSE
1997-03-17,Weddell,0.18446384,-0.1429227104467351,0.1429227104467351,0.29780060706748523,FALSE,FALSE
1997-03-18,Weddell,0.207337904,-0.12447508664265236,0.12447508664265236,0.29780060706748523,FALSE,FALSE
1997-03-19,Weddell,0.255411702,-0.080896442807109,0.080896442807109,0.29780060706748523,FALSE,FALSE
1997-03-20,Weddell,0.317843172,-0.02302579879189698,0.02302579879189698,0.29780060706748523,FALSE,FALSE
1997-03-21,Weddell,0.375688632,0.03019586268257251,0.03019586268257251,0.29780060706748523,FALSE,FALSE
1997-03-22,Weddell,0.406922954,0.05674611289588877,0.05674611289588877,0.29780060706748523,FALSE,FALSE
1997-03-23,Weddell,0.429497304,0.07457881712764114,0.07457881712764114,0.29780060706748523,FALSE,FALSE
1997-03-24,Weddell,0.42386965,0.06415464265741905,0.06415464265741905,0.29780060706748523,FALSE,FALSE
1997-03-25,Weddell,0.405731886,0.04116818276481204,0.04116818276481204,0.29780060706748523,FALSE,FALSE
1997-03-26,Weddell,0.39944758,0.02998570472940875,0.02998570472940875,0.29780060706748523,FALSE,FALSE
1997-03-27,Weddell,0.406954436,0.03254761183079863,0.03254761183079863,0.29780060706748523,FALSE,FALSE
1997-03-28,Weddell,0.424515937,0.04512008634857129,0.04512008634857129,0.29780060706748523,FALSE,FALSE
1997-03-29,Weddell,0.433246444,0.04882018856231612,0.04882018856231612,0.29780060706748523,FALSE,FALSE
1997-03-30,Weddell,0.44259633,0.05310099075162194,0.05310099075162194,0.29780060706748523,FALSE,FALSE
1997-03-31,Weddell,0.451976913,0.05737485900839761,0.05737485900839761,0.29780060706748523,FALSE,FALSE
1997-04-01,Weddell,0.447618993,0.04786461597782593,0.04786461597782593,0.29780060706748523,FALSE,FALSE
1997-04-02,Weddell,0.438229147,0.03326579304213639,0.03326579304213639,0.29780060706748523,FALSE,FALSE
1997-04-03,Weddell,0.41826563,0.00802559704702815,0.00802559704702815,0.29780060706748523,FALSE,FALSE
1997-04-04,Weddell,0.388849206,-0.02674625616179987,0.02674625616179987,0.29780060706748523,FALSE,FALSE
1997-04-05,Weddell,0.3687848,-0.05225588973864881,0.05225588973864881,0.29780060706748523,FALSE,FALSE
1997-04-06,Weddell,0.358690777,-0.0678959868378185,0.0678959868378185,0.29780060706748523,FALSE,FALSE
1997-04-07,Weddell,0.363022128,-0.06922260461361107,0.06922260461361107,0.29780060706748523,FALSE,FALSE
1997-04-08,Weddell,0.370490989,-0.06753465522032648,0.06753465522032648,0.29780060706748523,FALSE,FALSE
1997-04-09,Weddell,0.388044801,-0.05589574581226653,0.05589574581226653,0.29780060706748523,FALSE,FALSE
1997-04-10,Weddell,0.421271462,-0.02872902654373121,0.02872902654373121,0.29780060706748523,FALSE,FALSE
1997-04-11,Weddell,0.440080787,-0.01613573056902262,0.01613573056902262,0.29780060706748523,FALSE,FALSE
1997-04-12,Weddell,0.481318016,0.01871850066017433,0.01871850066017433,0.29780060706748523,FALSE,FALSE
1997-04-13,Weddell,0.510026372,0.04087788962639538,0.04087788962639538,0.29780060706748523,FALSE,FALSE
1997-04-14,Weddell,0.521888831,0.04604599742568033,0.04604599742568033,0.29780060706748523,FALSE,FALSE
1997-04-15,Weddell,0.527495931,0.04483577653804505,0.04483577653804505,0.29780060706748523,FALSE,FALSE
1997-04-16,Weddell,0.553631939,0.064053908443504,0.064053908443504,0.29780060706748523,FALSE,FALSE
1997-04-17,Weddell,0.579769467,0.08319541962207233,0.08319541962207233,0.29780060706748523,FALSE,FALSE
1997-04-18,Weddell,0.610206048,0.1065802575537652,0.1065802575537652,0.29780060706748523,FALSE,FALSE
1997-04-19,Weddell,0.646197665,0.13548681971859733,0.13548681971859733,0.29780060706748523,FALSE,FALSE
1997-04-20,Weddell,0.666628301,0.14882150359658386,0.14882150359658386,0.29780060706748523,FALSE,FALSE
1997-04-21,Weddell,0.68019184,0.15530060766773957,0.15530060766773957,0.29780060706748523,FALSE,FALSE
1997-04-22,Weddell,0.670834797,0.1388930614120795,0.1388930614120795,0.29780060706748523,FALSE,FALSE
1997-04-23,Weddell,0.659656047,0.12072015430961867,0.12072015430961867,0.29780060706748523,FALSE,FALSE
1997-04-24,Weddell,0.664581942,0.11873065284037164,0.11873065284037164,0.29780060706748523,FALSE,FALSE
1997-04-25,Weddell,0.698543878,0.14587635008042343,0.14587635008042343,0.29780060706748523,FALSE,FALSE
1997-04-26,Weddell,0.728842894,0.1694595218877254,0.1694595218877254,0.29780060706748523,FALSE,FALSE
1997-04-27,Weddell,0.756688578,0.190680405071632,0.190680405071632,0.29780060706748523,FALSE,FALSE
1997-04-28,Weddell,0.767838638,0.19528724490809912,0.19528724490809912,0.29780060706748523,FALSE,FALSE
1997-04-29,Weddell,0.783320624,0.2042981286730824,0.2042981286730824,0.29780060706748523,FALSE,FALSE
1997-04-30,Weddell,0.797542525,0.2121115826425367,0.2121115826425367,0.29780060706748523,FALSE,FALSE
1997-05-01,Weddell,0.83320121,0.2414150130924182,0.2414150130924182,0.29780060706748523,FALSE,FALSE
1997-05-02,Weddell,0.851647012,0.2535492902986821,0.2535492902986821,0.29780060706748523,FALSE,FALSE
1997-05-03,Weddell,0.872611808,0.2682368285372845,0.2682368285372845,0.29780060706748523,FALSE,FALSE
1997-05-04,Weddell,0.881863603,0.27123617008418055,0.27123617008418055,0.29780060706748523,FALSE,FALSE
1997-05-05,Weddell,0.874503515,0.25763897021532534,0.25763897021532534,0.29780060706748523,FALSE,FALSE
1997-05-06,Weddell,0.845608955,0.22251317720667496,0.22251317720667496,0.29780060706748523,FALSE,FALSE
1997-05-07,Weddell,0.835773562,0.2064429595056075,0.2064429595056075,0.29780060706748523,FALSE,FALSE
1997-05-08,Weddell,0.827156545,0.1915736910051834,0.1915736910051834,0.29780060706748523,FALSE,FALSE
1997-05-09,Weddell,0.803728807,0.16185082345720703,0.16185082345720703,0.29780060706748523,FALSE,FALSE
1997-05-10,Weddell,0.806177206,0.15793385233966262,0.15793385233966262,0.29780060706748523,FALSE,FALSE
1997-05-11,Weddell,0.80805278,0.15334645313053297,0.15334645313053297,0.29780060706748523,FALSE,FALSE
1997-05-12,Weddell,0.798785627,0.1374913613078027,0.1374913613078027,0.29780060706748523,FALSE,FALSE
1997-05-13,Weddell,0.81396878,0.14593424734945382,0.14593424734945382,0.29780060706748523,FALSE,FALSE
1997-05-14,Weddell,0.869757941,0.19480345073347083,0.19480345073347083,0.29780060706748523,FALSE,FALSE
1997-05-15,Weddell,0.924434013,0.2423525119378371,0.2423525119378371,0.29780060706748523,FALSE,FALSE
1997-05-16,Weddell,0.97492388,0.28548095244053595,0.28548095244053595,0.29780060706748523,FALSE,FALSE
1997-05-17,Weddell,0.996446075,0.2993799427195515,0.2993799427195515,0.29780060706748523,TRUE,FALSE
1997-05-18,Weddell,0.997067644,0.29208916625286663,0.29208916625286663,0.29780060706748523,FALSE,FALSE
1997-05-19,Weddell,0.987906008,0.2746986815184652,0.2746986815184652,0.29780060706748523,FALSE,FALSE
1997-05-20,Weddell,0.977516034,0.25573787265747283,0.25573787265747283,0.29780060706748523,FALSE,FALSE
1997-05-21,Weddell,0.975695316,0.2450131496154334,0.2450131496154334,0.29780060706748523,FALSE,FALSE
1997-05-22,Weddell,0.946322995,0.20644243564726072,0.20644243564726072,0.29780060706748523,FALSE,FALSE
1997-05-23,Weddell,0.918736912,0.16940336221585606,0.16940336221585606,0.29780060706748523,FALSE,FALSE
1997-05-24,Weddell,0.897269017,0.13826766978412208,0.13826766978412208,0.29780060706748523,FALSE,FALSE
1997-05-25,Weddell,0.899733665,0.13088950381496123,0.13088950381496123,0.29780060706748523,FALSE,FALSE
1997-05-26,Weddell,0.867780352,0.08895815077127489,0.08895815077127489,0.29780060706748523,FALSE,FALSE
1997-05-27,Weddell,0.848699932,0.05980425511596565,0.05980425511596565,0.29780060706748523,FALSE,FALSE
1997-05-28,Weddell,0.820965193,0.02194039531193514,0.02194039531193514,0.29780060706748523,FALSE,FALSE
1997-05-29,Weddell,0.800017142,-0.00915263117791365,0.00915263117791365,0.29780060706748523,FALSE,FALSE
1997-05-30,Weddell,0.793270436,-0.02602037689067926,0.02602037689067926,0.29780060706748523,FALSE,FALSE
1997-05-31,Weddell,0.790794492,-0.03855363436345926,0.03855363436345926,0.29780060706748523,FALSE,FALSE
1997-06-01,Weddell,0.754968425,-0.08433349813335178,0.08433349813335178,0.29780060706748523,FALSE,FALSE
1997-06-02,Weddell,0.7512467,-0.09787390141695064,0.09787390141695064,0.29780060706748523,FALSE,FALSE
1997-06-03,Weddell,0.737049427,-0.12175945962439803,0.12175945962439803,0.29780060706748523,FALSE,FALSE
1997-06-04,Weddell,0.727723648,-0.1406579263914044,0.1406579263914044,0.29780060706748523,FALSE,FALSE
1997-06-05,Weddell,0.763467426,-0.11438603472670628,0.11438603472670628,0.29780060706748523,FALSE,FALSE
1997-06-06,Weddell,0.809217505,-0.07802183663904183,0.07802183663904183,0.29780060706748523,FALSE,FALSE
1997-06-07,Weddell,0.859815239,-0.03673877413714666,0.03673877413714666,0.29780060706748523,FALSE,FALSE
1997-06-08,Weddell,0.855490515,-0.05032175622975954,0.05032175622975954,0.29780060706748523,FALSE,FALSE
1997-06-09,Weddell,0.833265511,-0.08176340092561629,0.08176340092561629,0.29780060706748523,FALSE,FALSE
1997-06-10,Weddell,0.871404578,-0.05281415323345473,0.05281415323345473,0.29780060706748523,FALSE,FALSE
1997-06-11,Weddell,0.906249647,-0.02714687816201089,0.02714687816201089,0.29780060706748523,FALSE,FALSE
1997-06-12,Weddell,0.877809779,-0.06476731072002295,0.06476731072002295,0.29780060706748523,FALSE,FALSE
1997-06-13,Weddell,0.843842918,-0.10793230291622756,0.10793230291622756,0.29780060706748523,FALSE,FALSE
1997-06-14,Weddell,0.812500046,-0.14850525437945106,0.14850525437945106,0.29780060706748523,FALSE,FALSE
1997-06-15,Weddell,0.831831511,-0.13843193115347097,0.13843193115347097,0.29780060706748523,FALSE,FALSE
1997-06-16,Weddell,0.872051114,-0.10746958579297206,0.10746958579297206,0.29780060706748523,FALSE,FALSE
1997-06-17,Weddell,0.977634204,-0.01111210717746924,0.01111210717746924,0.29780060706748523,FALSE,FALSE
1997-06-18,Weddell,1.113651374,0.11574185981351692,0.11574185981351692,0.29780060706748523,FALSE,FALSE
1997-06-19,Weddell,1.14226969,0.13529014330047096,0.13529014330047096,0.29780060706748523,FALSE,FALSE
1997-06-20,Weddell,1.186003622,0.17007797540387526,0.17007797540387526,0.29780060706748523,FALSE,FALSE
1997-06-21,Weddell,1.219278733,0.19456168124421147,0.19456168124421147,0.29780060706748523,FALSE,FALSE
1997-06-22,Weddell,1.238991432,0.2056684319419635,0.2056684319419635,0.29780060706748523,FALSE,FALSE
1997-06-23,Weddell,1.23891592,0.19720319061761304,0.19720319061761304,0.29780060706748523,FALSE,FALSE
1997-06-24,Weddell,1.228682493,0.17882701539164292,0.17882701539164292,0.29780060706748523,FALSE,FALSE
1997-06-25,Weddell,1.208747543,0.1510270603845354,0.1510270603845354,0.29780060706748523,FALSE,FALSE
1997-06-26,Weddell,1.187964532,0.12268754971677298,0.12268754971677298,0.29780060706748523,FALSE,FALSE
1997-06-27,Weddell,1.147357229,0.07485889013238678,0.07485889013238678,0.29780060706748523,FALSE,FALSE
1997-06-28,Weddell,1.167000672,0.08761159150288478,0.08761159150288478,0.29780060706748523,FALSE,FALSE
1997-06-29,Weddell,1.20472093,0.11875295378754448,0.11875295378754448,0.29780060706748523,FALSE,FALSE
1997-06-30,Weddell,1.23879724,0.14654337172584264,0.14654337172584264,0.29780060706748523,FALSE,FALSE
1997-07-01,Weddell,1.256977202,0.1587116030572557,0.1587116030572557,0.29780060706748523,FALSE,FALSE
1997-07-02,Weddell,1.264656181,0.1606341705212606,0.1606341705212606,0.29780060706748523,FALSE,FALSE
1997-07-03,Weddell,1.251045383,0.14150343785733455,0.14150343785733455,0.29780060706748523,FALSE,FALSE
1997-07-04,Weddell,1.233864347,0.11902010180495304,0.11902010180495304,0.29780060706748523,FALSE,FALSE
1997-07-05,Weddell,1.20008421,0.08013645710359363,0.08013645710359363,0.29780060706748523,FALSE,FALSE
1997-07-06,Weddell,1.187340783,0.06246947249273305,0.06246947249273305,0.29780060706748523,FALSE,FALSE
1997-07-07,Weddell,1.226932759,0.09729899871184756,0.09729899871184756,0.29780060706748523,FALSE,FALSE
1997-07-08,Weddell,1.227928946,0.09367500150041308,0.09367500150041308,0.29780060706748523,FALSE,FALSE
1997-07-09,Weddell,1.177205991,0.03845529313312057,0.03845529313312057,0.29780060706748523,FALSE,FALSE
1997-07-10,Weddell,1.125748698,-0.01739269155124301,0.01739269155124301,0.29780060706748523,FALSE,FALSE
1997-07-11,Weddell,1.132373578,-0.01506660336431764,0.01506660336431764,0.29780060706748523,FALSE,FALSE
1997-07-12,Weddell,1.198383205,0.04672239433105485,0.04672239433105485,0.29780060706748523,FALSE,FALSE
1997-07-13,Weddell,1.309364729,0.1535477141720314,0.1535477141720314,0.29780060706748523,FALSE,FALSE
1997-07-14,Weddell,1.348252545,0.1883300137957702,0.1883300137957702,0.29780060706748523,FALSE,FALSE
1997-07-15,Weddell,1.352452706,0.1884616088394273,0.1884616088394273,0.29780060706748523,FALSE,FALSE
1997-07-16,Weddell,1.335527392,0.1674909419401609,0.1674909419401609,0.29780060706748523,FALSE,FALSE
1997-07-17,Weddell,1.329454772,0.1573824447351273,0.1573824447351273,0.29780060706748523,FALSE,FALSE
1997-07-18,Weddell,1.318206275,0.14209380886148582,0.14209380886148582,0.29780060706748523,FALSE,FALSE
1997-07-19,Weddell,1.280343792,0.10017318795639096,0.10017318795639096,0.29780060706748523,FALSE,FALSE
1997-07-20,Weddell,1.334810592,0.15055011365700266,0.15055011365700266,0.29780060706748523,FALSE,FALSE
1997-07-21,Weddell,1.384788773,0.1963929466004768,0.1963929466004768,0.29780060706748523,FALSE,FALSE
1997-07-22,Weddell,1.40303538,0.21044603787465643,0.21044603787465643,0.29780060706748523,FALSE,FALSE
1997-07-23,Weddell,1.391617563,0.19477824558434476,0.19477824558434476,0.29780060706748523,FALSE,FALSE
1997-07-24,Weddell,1.415406304,0.2142727580360615,0.2142727580360615,0.29780060706748523,FALSE,FALSE
1997-07-25,Weddell,1.468240094,0.2627805106763923,0.2627805106763923,0.29780060706748523,FALSE,FALSE
1997-07-26,Weddell,1.488014177,0.2782091919519236,0.2782091919519236,0.29780060706748523,FALSE,FALSE
1997-07-27,Weddell,1.477137889,0.2629805823092388,0.2629805823092388,0.29780060706748523,FALSE,FALSE
1997-07-28,Weddell,1.471246247,0.25274214319492483,0.25274214319492483,0.29780060706748523,FALSE,FALSE
1997-07-29,Weddell,1.51391815,0.29108521805556786,0.29108521805556786,0.29780060706748523,FALSE,FALSE
1997-07-30,Weddell,1.532456753,0.30532540633775174,0.30532540633775174,0.29780060706748523,TRUE,FALSE
1997-07-31,Weddell,1.546034404,0.314647500488062,0.314647500488062,0.29780060706748523,TRUE,FALSE
1997-08-01,Weddell,1.53643512,0.3008479619530855,0.3008479619530855,0.29780060706748523,TRUE,FALSE
1997-08-02,Weddell,1.527987246,0.2882675801794059,0.2882675801794059,0.29780060706748523,FALSE,FALSE
1997-08-03,Weddell,1.52133556,0.2775635774830367,0.2775635774830367,0.29780060706748523,FALSE,FALSE
1997-08-04,Weddell,1.529140462,0.28140527321450515,0.28140527321450515,0.29780060706748523,FALSE,FALSE
1997-08-05,Weddell,1.523118896,0.27150581481221825,0.27150581481221825,0.29780060706748523,FALSE,FALSE
1997-08-06,Weddell,1.49605237,0.24064004736244635,0.24064004736244635,0.29780060706748523,FALSE,FALSE
1997-08-07,Weddell,1.449583254,0.19044367795145825,0.19044367795145825,0.29780060706748523,FALSE,FALSE
1997-08-08,Weddell,1.406350001,0.14354849666552494,0.14354849666552494,0.29780060706748523,FALSE,FALSE
1997-08-09,Weddell,1.402163851,0.13575908059091457,0.13575908059091457,0.29780060706748523,FALSE,FALSE
1997-08-10,Weddell,1.446107278,0.17615124081389766,0.17615124081389766,0.29780060706748523,FALSE,FALSE
1997-08-11,Weddell,1.465630029,0.1921680614207439,0.1921680614207439,0.29780060706748523,FALSE,FALSE
1997-08-12,Weddell,1.484256182,0.20732695749772256,0.20732695749772256,0.29780060706748523,FALSE,FALSE
1997-08-13,Weddell,1.484198523,0.20383405213110503,0.20383405213110503,0.29780060706748523,FALSE,FALSE
1997-08-14,Weddell,1.493875505,0.21010113540715847,0.21010113540715847,0.29780060706748523,FALSE,FALSE
1997-08-15,Weddell,1.524512121,0.2373465374121535,0.2373465374121535,0.29780060706748523,FALSE,FALSE
1997-08-16,Weddell,1.548399246,0.25785501918192577,0.25785501918192577,0.29780060706748523,FALSE,FALSE
1997-08-17,Weddell,1.546465995,0.2525658978226779,0.2525658978226779,0.29780060706748523,FALSE,FALSE
1997-08-18,Weddell,1.539662654,0.24245833646994597,0.24245833646994597,0.29780060706748523,FALSE,FALSE
1997-08-19,Weddell,1.521038329,0.22061134169914776,0.22061134169914776,0.29780060706748523,FALSE,FALSE
1997-08-20,Weddell,1.528284331,0.2247461250856999,0.2247461250856999,0.29780060706748523,FALSE,FALSE
1997-08-21,Weddell,1.529625271,0.2231171982050182,0.2231171982050182,0.29780060706748523,FALSE,FALSE
1997-08-22,Weddell,1.555794994,0.24648830663252208,0.24648830663252208,0.29780060706748523,FALSE,FALSE
1997-08-23,Weddell,1.603635101,0.29173095194362664,0.29173095194362664,0.29780060706748523,FALSE,FALSE
1997-08-24,Weddell,1.622028022,0.30775746471375043,0.30775746471375043,0.29780060706748523,TRUE,FALSE
1997-08-25,Weddell,1.613040723,0.296664711518309,0.296664711518309,0.29780060706748523,FALSE,FALSE
1997-08-26,Weddell,1.599320614,0.2811300029327206,0.2811300029327206,0.29780060706748523,FALSE,FALSE
1997-08-27,Weddell,1.565317913,0.24563345753240196,0.24563345753240196,0.29780060706748523,FALSE,FALSE
1997-08-28,Weddell,1.557145012,0.23631736789277055,0.23631736789277055,0.29780060706748523,FALSE,FALSE
1997-08-29,Weddell,1.58420365,0.2626076965832267,0.2626076965832267,0.29780060706748523,FALSE,FALSE
1997-08-30,Weddell,1.633755402,0.3117557390564214,0.3117557390564214,0.29780060706748523,TRUE,FALSE
1997-08-31,Weddell,1.657522054,0.3354600378448982,0.3354600378448982,0.29780060706748523,TRUE,FALSE
1997-09-01,Weddell,1.658509745,0.33670346522818595,0.33670346522818595,0.29780060706748523,TRUE,FALSE
1997-09-02,Weddell,1.630300125,0.30904440448581294,0.30904440448581294,0.29780060706748523,TRUE,FALSE
1997-09-03,Weddell,1.595098022,0.2746644168973056,0.2746644168973056,0.29780060706748523,FALSE,FALSE
1997-09-04,Weddell,1.589231785,0.2698685847421938,0.2698685847421938,0.29780060706748523,FALSE,FALSE
1997-09-05,Weddell,1.580163031,0.26209525830000513,0.26209525830000513,0.29780060706748523,FALSE,FALSE
1997-09-06,Weddell,1.564559202,0.24798861285026683,0.24798861285026683,0.29780060706748523,FALSE,FALSE
1997-09-07,Weddell,1.57942072,0.26452580367250733,0.26452580367250733,0.29780060706748523,FALSE,FALSE
1997-09-08,Weddell,1.585886624,0.27282260304625505,0.27282260304625505,0.29780060706748523,FALSE,FALSE
1997-09-09,Weddell,1.571973123,0.2608719532510382,0.2608719532510382,0.29780060706748523,FALSE,FALSE
1997-09-10,Weddell,1.579442812,0.270413294531584,0.270413294531584,0.29780060706748523,FALSE,FALSE
1997-09-11,Weddell,1.596133404,0.28927181417278436,0.28927181417278436,0.29780060706748523,FALSE,FALSE
1997-09-12,Weddell,1.60606548,0.30147480185632825,0.30147480185632825,0.29780060706748523,TRUE,TRUE
1997-09-13,Weddell,1.633527502,0.331319453478204,0.331319453478204,0.29780060706748523,TRUE,TRUE
1997-09-14,Weddell,1.63583755,0.33613258293440107,0.33613258293440107,0.29780060706748523,TRUE,TRUE
1997-09-15,Weddell,1.621302206,0.32422950612090506,0.32422950612090506,0.29780060706748523,TRUE,TRUE
1997-09-16,Weddell,1.599113886,0.3048113729337061,0.3048113729337061,0.29780060706748523,TRUE,TRUE
1997-09-17,Weddell,1.583523626,0.29213795326879155,0.29213795326879155,0.29780060706748523,FALSE,FALSE
1997-09-18,Weddell,1.582888553,0.2945751080221488,0.2945751080221488,0.29780060706748523,FALSE,FALSE
1997-09-19,Weddell,1.577357391,0.2922802950897667,0.2922802950897667,0.29780060706748523,FALSE,FALSE
1997-09-20,Weddell,1.565302257,0.283634365367633,0.283634365367633,0.29780060706748523,FALSE,FALSE
1997-09-21,Weddell,1.541271869,0.26319477075173636,0.26319477075173636,0.29780060706748523,FALSE,FALSE
1997-09-22,Weddell,1.498580914,0.22428493213806355,0.22428493213806355,0.29780060706748523,FALSE,FALSE
1997-09-23,Weddell,1.464303576,0.1939856044769026,0.1939856044769026,0.29780060706748523,FALSE,FALSE
1997-09-24,Weddell,1.408933947,0.14277429395149466,0.14277429395149466,0.29780060706748523,FALSE,FALSE
1997-09-25,Weddell,1.3998277160000001,0.13797605649422495,0.13797605649422495,0.29780060706748523,FALSE,FALSE
1997-09-26,Weddell,1.39387021,0.13644538893905156,0.13644538893905156,0.29780060706748523,FALSE,FALSE
1997-09-27,Weddell,1.358431492,0.10552152411993344,0.10552152411993344,0.29780060706748523,FALSE,FALSE
1997-09-28,Weddell,1.331228033,0.0828901028708271,0.0828901028708271,0.29780060706748523,FALSE,FALSE
1997-09-29,Weddell,1.283837886,0.04009834802569223,0.04009834802569223,0.29780060706748523,FALSE,FALSE
1997-09-30,Weddell,1.237869294,-0.00127632758151352,0.00127632758151352,0.29780060706748523,FALSE,FALSE
1997-10-01,Weddell,1.19159956,-0.042987451116832,0.042987451116832,0.29780060706748523,FALSE,FALSE
1997-10-02,Weddell,1.147128436,-0.08296610074630473,0.08296610074630473,0.29780060706748523,FALSE,FALSE
1997-10-03,Weddell,1.128745018,-0.09695401063597386,0.09695401063597386,0.29780060706748523,FALSE,FALSE
1997-10-04,Weddell,1.103714939,-0.11771637795188215,0.11771637795188215,0.29780060706748523,FALSE,FALSE
1997-10-05,Weddell,1.070858793,-0.14646342897991935,0.14646342897991935,0.29780060706748523,FALSE,FALSE
1997-10-06,Weddell,1.034365311,-0.17902530168359077,0.17902530168359077,0.29780060706748523,FALSE,FALSE
1997-10-07,Weddell,1.013198332,-0.19642187062244787,0.19642187062244787,0.29780060706748523,FALSE,FALSE
1997-10-08,Weddell,1.033450039,-0.1725382347442126,0.1725382347442126,0.29780060706748523,FALSE,FALSE
1997-10-09,Weddell,1.051277044,-0.1511950639966111,0.1511950639966111,0.29780060706748523,FALSE,FALSE
1997-10-10,Weddell,1.053539203,-0.14550978432736517,0.14550978432736517,0.29780060706748523,FALSE,FALSE
1997-10-11,Weddell,1.022974042,-0.17272215168420013,0.17272215168420013,0.29780060706748523,FALSE,FALSE
1997-10-12,Weddell,0.996503878,-0.19588713101483823,0.19588713101483823,0.29780060706748523,FALSE,FALSE
1997-10-13,Weddell,1.023748719,-0.16536199626700454,0.16536199626700454,0.29780060706748523,FALSE,FALSE
1997-10-14,Weddell,1.02321171,-0.1626208843884216,0.1626208843884216,0.29780060706748523,FALSE,FALSE
1997-10-15,Weddell,0.985422796,-0.19711113232681363,0.19711113232681363,0.29780060706748523,FALSE,FALSE
1997-10-16,Weddell,0.962582803,-0.21660919602990425,0.21660919602990425,0.29780060706748523,FALSE,FALSE
1997-10-17,Weddell,0.934816785,-0.24096730344541872,0.24096730344541872,0.29780060706748523,FALSE,FALSE
1997-10-18,Weddell,0.916841385,-0.2554465367983104,0.2554465367983104,0.29780060706748523,FALSE,FALSE
1997-10-19,Weddell,0.938708482,-0.22998215739060623,0.22998215739060623,0.29780060706748523,FALSE,FALSE
1997-10-20,Weddell,0.961518263,-0.2034701194819596,0.2034701194819596,0.29780060706748523,FALSE,FALSE
1997-10-21,Weddell,0.987415295,-0.17376235773283144,0.17376235773283144,0.29780060706748523,FALSE,FALSE
1997-10-22,Weddell,1.023406711,-0.13384824080368363,0.13384824080368363,0.29780060706748523,FALSE,FALSE
1997-10-23,Weddell,1.042348644,-0.11086813735497758,0.11086813735497758,0.29780060706748523,FALSE,FALSE
1997-10-24,Weddell,1.049076945,-0.09998269804717363,0.09998269804717363,0.29780060706748523,FALSE,FALSE
1997-10-25,Weddell,1.042879894,-0.10190014454073348,0.10190014454073348,0.29780060706748523,FALSE,FALSE
1997-10-26,Weddell,1.023202097,-0.11717237249611843,0.11717237249611843,0.29780060706748523,FALSE,FALSE
1997-10-27,Weddell,0.992652712,-0.1431867255737903,0.1431867255737903,0.29780060706748523,FALSE,FALSE
1997-10-28,Weddell,0.970121396,-0.16105004843420845,0.16105004843420845,0.29780060706748523,FALSE,FALSE
1997-10-29,Weddell,0.937041999,-0.18932499273783632,0.18932499273783632,0.29780060706748523,FALSE,FALSE
1997-10-30,Weddell,0.927921293,-0.19350128814513412,0.19350128814513412,0.29780060706748523,FALSE,FALSE
1997-10-31,Weddell,0.949441732,-0.1668936354591456,0.1668936354591456,0.29780060706748523,FALSE,FALSE
1997-11-01,Weddell,0.951246112,-0.15985960839252922,0.15985960839252922,0.29780060706748523,FALSE,FALSE
1997-11-02,Weddell,0.930369826,-0.17536517115324912,0.17536517115324912,0.29780060706748523,FALSE,FALSE
1997-11-03,Weddell,0.922413666,-0.17781088921473498,0.17781088921473498,0.29780060706748523,FALSE,FALSE
1997-11-04,Weddell,0.926207351,-0.1683684010504154,0.1683684010504154,0.29780060706748523,FALSE,FALSE
1997-11-05,Weddell,0.939078322,-0.14971162313372044,0.14971162313372044,0.29780060706748523,FALSE,FALSE
1997-11-06,Weddell,0.932903214,-0.14996527793807712,0.14996527793807712,0.29780060706748523,FALSE,FALSE
1997-11-07,Weddell,0.931993797,-0.14481895293691693,0.14481895293691693,0.29780060706748523,FALSE,FALSE
1997-11-08,Weddell,0.918236105,-0.15238797160366768,0.15238797160366768,0.29780060706748523,FALSE,FALSE
1997-11-09,Weddell,0.889857084,-0.17444674541175909,0.17444674541175909,0.29780060706748523,FALSE,FALSE
1997-11-10,Weddell,0.860316161,-0.1975372048346199,0.1975372048346199,0.29780060706748523,FALSE,FALSE
1997-11-11,Weddell,0.825257161,-0.22601688234567863,0.22601688234567863,0.29780060706748523,FALSE,FALSE
1997-11-12,Weddell,0.803223709,-0.2413434144778065,0.2413434144778065,0.29780060706748523,FALSE,FALSE
1997-11-13,Weddell,0.777456415,-0.26027214542805466,0.26027214542805466,0.29780060706748523,FALSE,FALSE
1997-11-14,Weddell,0.754494312,-0.276252018360302,0.276252018360302,0.29780060706748523,FALSE,FALSE
1997-11-15,Weddell,0.740985487,-0.28262226438212934,0.28262226438212934,0.29780060706748523,FALSE,FALSE
1997-11-16,Weddell,0.720637046,-0.2956630956011166,0.2956630956011166,0.29780060706748523,FALSE,FALSE
1997-11-17,Weddell,0.709502293,-0.2993085261248435,0.2993085261248435,0.29780060706748523,TRUE,TRUE
1997-11-18,Weddell,0.678554748,-0.32257235406089046,0.32257235406089046,0.29780060706748523,TRUE,TRUE
1997-11-19,Weddell,0.654432268,-0.338804040516838,0.338804040516838,0.29780060706748523,TRUE,TRUE
1997-11-20,Weddell,0.626087833,-0.35903792360026565,0.35903792360026565,0.29780060706748523,TRUE,TRUE
1997-11-21,Weddell,0.610691926,-0.36609083841875434,0.36609083841875434,0.29780060706748523,TRUE,TRUE
1997-11-22,Weddell,0.597157198,-0.3710374520798837,0.3710374520798837,0.29780060706748523,TRUE,TRUE
1997-11-23,Weddell,0.594719467,-0.3646292646912339,0.3646292646912339,0.29780060706748523,TRUE,TRUE
1997-11-24,Weddell,0.587346796,-0.36288553136038537,0.36288553136038537,0.29780060706748523,TRUE,TRUE
1997-11-25,Weddell,0.589299983,-0.3515351568011823,0.3515351568011823,0.29780060706748523,TRUE,TRUE
1997-11-26,Weddell,0.598030683,-0.33313635732773084,0.33313635732773084,0.29780060706748523,TRUE,TRUE
1997-11-27,Weddell,0.606119389,-0.31512865254922073,0.31512865254922073,0.29780060706748523,TRUE,TRUE
1997-11-28,Weddell,0.612322136,-0.2987760968892651,0.2987760968892651,0.29780060706748523,TRUE,TRUE
1997-11-29,Weddell,0.612325855,-0.28841184877147474,0.28841184877147474,0.29780060706748523,FALSE,FALSE
1997-11-30,Weddell,0.600558888,-0.28962765561946135,0.28962765561946135,0.29780060706748523,FALSE,FALSE
1997-12-01,Weddell,0.585661652,-0.2938031898568373,0.2938031898568373,0.29780060706748523,FALSE,FALSE
1997-12-02,Weddell,0.570166745,-0.29842594290721425,0.29842594290721425,0.29780060706748523,TRUE,TRUE
1997-12-03,Weddell,0.557176794,-0.30041337719420336,0.30041337719420336,0.29780060706748523,TRUE,TRUE
1997-12-04,Weddell,0.54284485,-0.303632531141417,0.303632531141417,0.29780060706748523,TRUE,TRUE
1997-12-05,Weddell,0.526013386,-0.3092610211724669,0.3092610211724669,0.29780060706748523,TRUE,TRUE
1997-12-06,Weddell,0.517286667,-0.3067146717109642,0.3067146717109642,0.29780060706748523,TRUE,TRUE
1997-12-07,Weddell,0.511688027,-0.30099023596208296,0.30099023596208296,0.29780060706748523,TRUE,TRUE
1997-12-08,Weddell,0.504841903,-0.2964826754567532,0.2964826754567532,0.29780060706748523,FALSE,FALSE
1997-12-09,Weddell,0.499219602,-0.2907384208964961,0.2907384208964961,0.29780060706748523,FALSE,FALSE
1997-12-10,Weddell,0.496123377,-0.2824727116413046,0.2824727116413046,0.29780060706748523,FALSE,FALSE
1997-12-11,Weddell,0.492405108,-0.2748511600511689,0.2748511600511689,0.29780060706748523,FALSE,FALSE
1997-12-12,Weddell,0.491153888,-0.2648021654860809,0.2648021654860809,0.29780060706748523,FALSE,FALSE
1997-12-13,Weddell,0.481150038,-0.2635628993060327,0.2635628993060327,0.29780060706748523,FALSE,FALSE
1997-12-14,Weddell,0.483036785,-0.25050762687101535,0.25050762687101535,0.29780060706748523,FALSE,FALSE
1997-12-15,Weddell,0.481194398,-0.24127357154102053,0.24127357154102053,0.29780060706748523,FALSE,FALSE
1997-12-16,Weddell,0.478066033,-0.23343506967604005,0.23343506967604005,0.29780060706748523,FALSE,FALSE
1997-12-17,Weddell,0.474341624,-0.22631967963606525,0.22631967963606525,0.29780060706748523,FALSE,FALSE
1997-12-18,Weddell,0.473735584,-0.21623048078108748,0.21623048078108748,0.29780060706748523,FALSE,FALSE
1997-12-19,Weddell,0.487490898,-0.1919419804710989,0.1919419804710989,0.29780060706748523,FALSE,FALSE
1997-12-20,Weddell,0.502415895,-0.16666275695367028,0.16666275695367028,0.29780060706748523,FALSE,FALSE
1997-12-21,Weddell,0.508024376,-0.15088666472118217,0.15088666472118217,0.29780060706748523,FALSE,FALSE
1997-12-22,Weddell,0.512390722,-0.13653959332075594,0.13653959332075594,0.29780060706748523,FALSE,FALSE
1997-12-23,Weddell,0.515487327,-0.12364921350381296,0.12364921350381296,0.29780060706748523,FALSE,FALSE
1997-12-24,Weddell,0.521132864,-0.10839691702177644,0.10839691702177644,0.29780060706748523,FALSE,FALSE
1997-12-25,Weddell,0.526774029,-0.09333607262606848,0.09333607262606848,0.29780060706748523,FALSE,FALSE
1997-12-26,Weddell,0.51858977,-0.09228779706811308,0.09228779706811308,0.29780060706748523,FALSE,FALSE
1997-12-27,Weddell,0.509906889,-0.0919253530993318,0.0919253530993318,0.29780060706748523,FALSE,FALSE
1997-12-28,Weddell,0.499284602,-0.0936895894711468,0.0936895894711468,0.29780060706748523,FALSE,FALSE
1997-12-29,Weddell,0.483645574,-0.10065790593498151,0.10065790593498151,0.29780060706748523,FALSE,FALSE
1997-12-30,Weddell,0.466807979,-0.10901219324225958,0.10901219324225958,0.29780060706748523,FALSE,FALSE
1997-12-31,Weddell,0.449980371,-0.11754396214440144,0.11754396214440144,0.29780060706748523,FALSE,FALSE
1998-01-01,Weddell,0.443722988,-0.1156930393928306,0.1156930393928306,0.29780060706748523,FALSE,FALSE
1998-01-02,Weddell,0.440057207,-0.11143675987456653,0.11143675987456653,0.29780060706748523,FALSE,FALSE
1998-01-03,Weddell,0.440698201,-0.10305325101901064,0.10305325101901064,0.29780060706748523,FALSE,FALSE
1998-01-04,Weddell,0.441950298,-0.09423013239116236,0.09423013239116236,0.29780060706748523,FALSE,FALSE
1998-01-05,Weddell,0.446281804,-0.0824910455560181,0.0824910455560181,0.29780060706748523,FALSE,FALSE
1998-01-06,Weddell,0.446266288,-0.07525436907857908,0.07525436907857908,0.29780060706748523,FALSE,FALSE
1998-01-07,Weddell,0.449405846,-0.0650099545238414,0.0650099545238414,0.29780060706748523,FALSE,FALSE
1998-01-08,Weddell,0.453114058,-0.05433616945680414,0.05433616945680414,0.29780060706748523,FALSE,FALSE
1998-01-09,Weddell,0.46682779,-0.03378809544246713,0.03378809544246713,0.29780060706748523,FALSE,FALSE
1998-01-10,Weddell,0.464826337,-0.02907838504582649,0.02907838504582649,0.29780060706748523,FALSE,FALSE
1998-01-11,Weddell,0.463592356,-0.02371632883188235,0.02371632883188235,0.29780060706748523,FALSE,FALSE
1998-01-12,Weddell,0.453019305,-0.02780041636563179,0.02780041636563179,0.29780060706748523,FALSE,FALSE
1998-01-13,Weddell,0.43491508,-0.03951469921207445,0.03951469921207445,0.29780060706748523,FALSE,FALSE
1998-01-14,Weddell,0.42614861,-0.0419821794936665,0.0419821794936665,0.29780060706748523,FALSE,FALSE
1998-01-15,Weddell,0.411785886,-0.05012820729492834,0.05012820729492834,0.29780060706748523,FALSE,FALSE
1998-01-16,Weddell,0.4100031,-0.04576719250917938,0.04576719250917938,0.29780060706748523,FALSE,FALSE
1998-01-17,Weddell,0.399971179,-0.04971876328077801,0.04971876328077801,0.29780060706748523,FALSE,FALSE
1998-01-18,Weddell,0.397487825,-0.04617577275408235,0.04617577275408235,0.29780060706748523,FALSE,FALSE
1998-01-19,Weddell,0.394339823,-0.04334199107345082,0.04334199107345082,0.29780060706748523,FALSE,FALSE
1998-01-20,Weddell,0.397442288,-0.03429285838324075,0.03429285838324075,0.29780060706748523,FALSE,FALSE
1998-01-21,Weddell,0.391135768,-0.03467838182781091,0.03467838182781091,0.29780060706748523,FALSE,FALSE
1998-01-22,Weddell,0.384904535,-0.03500484455151898,0.03500484455151898,0.29780060706748523,FALSE,FALSE
1998-01-23,Weddell,0.384943555,-0.02906783569872351,0.02906783569872351,0.29780060706748523,FALSE,FALSE
1998-01-24,Weddell,0.390053228,-0.01805751041378212,0.01805751041378212,0.29780060706748523,FALSE,FALSE
1998-01-25,Weddell,0.391934155,-0.01026382284105337,0.01026382284105337,0.29780060706748523,FALSE,FALSE
1998-01-26,Weddell,0.39560174,-6.61924124894353e-4,6.61924124894353e-4,0.29780060706748523,FALSE,FALSE
1998-01-27,Weddell,0.389919363,-3.8166156659208417e-4,3.8166156659208417e-4,0.29780060706748523,FALSE,FALSE
1998-01-28,Weddell,0.371734004,-0.01258737152396166,0.01258737152396166,0.29780060706748523,FALSE,FALSE
1998-01-29,Weddell,0.36285994,-0.01548359410550059,0.01548359410550059,0.29780060706748523,FALSE,FALSE
1998-01-30,Weddell,0.357045686,-0.01534065558200514,0.01534065558200514,0.29780060706748523,FALSE,FALSE
1998-01-31,Weddell,0.352515839,-0.01395280022427097,0.01395280022427097,0.29780060706748523,FALSE,FALSE
1998-02-01,Weddell,0.357084547,-0.00352472130309494,0.00352472130309494,0.29780060706748523,FALSE,FALSE
1998-02-02,Weddell,0.354612056,-2.1501408927243615e-4,2.1501408927243615e-4,0.29780060706748523,FALSE,FALSE
1998-02-03,Weddell,0.340097711,-0.0090431748535999,0.0090431748535999,0.29780060706748523,FALSE,FALSE
1998-02-04,Weddell,0.334537438,-0.00903211886687355,0.00903211886687355,0.29780060706748523,FALSE,FALSE
1998-02-05,Weddell,0.332056396,-0.00607552839988911,0.00607552839988911,0.29780060706748523,FALSE,FALSE
1998-02-06,Weddell,0.317523091,-0.01532373872344294,0.01532373872344294,0.29780060706748523,FALSE,FALSE
1998-02-07,Weddell,0.319429151,-0.0083039631083312,0.0083039631083312,0.29780060706748523,FALSE,FALSE
1998-02-08,Weddell,0.313195434,-0.00961416050512709,0.00961416050512709,0.29780060706748523,FALSE,FALSE
1998-02-09,Weddell,0.302575067,-0.01551681002775962,0.01551681002775962,0.29780060706748523,FALSE,FALSE
1998-02-10,Weddell,0.314580098,9.909157927721624e-4,9.909157927721624e-4,0.29780060706748523,FALSE,FALSE
1998-02-11,Weddell,0.303925417,-0.00538455858405878,0.00538455858405878,0.29780060706748523,FALSE,FALSE
1998-02-12,Weddell,0.294543753,-0.01071896969877794,0.01071896969877794,0.29780060706748523,FALSE,FALSE
1998-02-13,Weddell,0.282974567,-0.01848132209191216,0.01848132209191216,0.29780060706748523,FALSE,FALSE
1998-02-14,Weddell,0.281619708,-0.01627823230398728,0.01627823230398728,0.29780060706748523,FALSE,FALSE
1998-02-15,Weddell,0.282889451,-0.01170789087552975,0.01170789087552975,0.29780060706748523,FALSE,FALSE
1998-02-16,Weddell,0.268357424,-0.02320513534706597,0.02320513534706597,0.29780060706748523,FALSE,FALSE
1998-02-17,Weddell,0.258908807,-0.0298932512591219,0.0298932512591219,0.29780060706748523,FALSE,FALSE
1998-02-18,Weddell,0.251950496,-0.03437380815222435,0.03437380815222435,0.29780060706748523,FALSE,FALSE
1998-02-19,Weddell,0.267286143,-0.01685161956689934,0.01685161956689934,0.29780060706748523,FALSE,FALSE
1998-02-20,Weddell,0.262275293,-0.01997560604367265,0.01997560604367265,0.29780060706748523,FALSE,FALSE
1998-02-21,Weddell,0.245912978,-0.03475872870243385,0.03475872870243385,0.29780060706748523,FALSE,FALSE
1998-02-22,Weddell,0.239509017,-0.03989343420855457,0.03989343420855457,0.29780060706748523,FALSE,FALSE
1998-02-23,Weddell,0.23246438,-0.04597720807472436,0.04597720807472436,0.29780060706748523,FALSE,FALSE
1998-02-24,Weddell,0.226133676,-0.05165382793761125,0.05165382793761125,0.29780060706748523,FALSE,FALSE
1998-02-25,Weddell,0.228596993,-0.04884159243388283,0.04884159243388283,0.29780060706748523,FALSE,FALSE
1998-02-26,Weddell,0.236127791,-0.04126542820020681,0.04126542820020681,0.29780060706748523,FALSE,FALSE
1998-02-27,Weddell,0.246220545,-0.03142924687325044,0.03142924687325044,0.29780060706748523,FALSE,FALSE
1998-02-28,Weddell,0.255103177,-0.0231035130896815,0.0231035130896815,0.29780060706748523,FALSE,FALSE
1998-03-01,Weddell,0.268373352,-0.01068894848616791,0.01068894848616791,0.29780060706748523,FALSE,FALSE
1998-03-02,Weddell,0.27983754,-3.774696993769089e-4,3.774696993769089e-4,0.29780060706748523,FALSE,FALSE
1998-03-03,Weddell,0.265306017,-0.01635718736597619,0.01635718736597619,0.29780060706748523,FALSE,FALSE
1998-03-04,Weddell,0.270932066,-0.01247320512263316,0.01247320512263316,0.29780060706748523,FALSE,FALSE
1998-03-05,Weddell,0.284728101,-7.114947339234567e-4,7.114947339234567e-4,0.29780060706748523,FALSE,FALSE
1998-03-06,Weddell,0.304222293,0.01646097310903399,0.01646097310903399,0.29780060706748523,FALSE,FALSE
1998-03-07,Weddell,0.328226453,0.03787142918602954,0.03787142918602954,0.29780060706748523,FALSE,FALSE
1998-03-08,Weddell,0.340146474,0.04694333195036021,0.04694333195036021,0.29780060706748523,FALSE,FALSE
1998-03-09,Weddell,0.333873652,0.03758554285532189,0.03758554285532189,0.29780060706748523,FALSE,FALSE
1998-03-10,Weddell,0.331296413,0.03170405335421006,0.03170405335421006,0.29780060706748523,FALSE,FALSE
1998-03-11,Weddell,0.343453552,0.0403552239003217,0.0403552239003217,0.29780060706748523,FALSE,FALSE
1998-03-12,Weddell,0.357349973,0.05056152394695307,0.05056152394695307,0.29780060706748523,FALSE,FALSE
1998-03-13,Weddell,0.348509237,0.03786407994739954,0.03786407994739954,0.29780060706748523,FALSE,FALSE
1998-03-14,Weddell,0.339550796,0.02489990935495789,0.02489990935495789,0.29780060706748523,FALSE,FALSE
1998-03-15,Weddell,0.354081453,0.0352933806229242,0.0352933806229242,0.29780060706748523,FALSE,FALSE
1998-03-16,Weddell,0.359820872,0.03678172320459444,0.03678172320459444,0.29780060706748523,FALSE,FALSE
1998-03-17,Weddell,0.362319433,0.03493288255326493,0.03493288255326493,0.29780060706748523,FALSE,FALSE
1998-03-18,Weddell,0.364901233,0.03308824235734764,0.03308824235734764,0.29780060706748523,FALSE,FALSE
1998-03-19,Weddell,0.339220746,0.00291260119289099,0.00291260119289099,0.29780060706748523,FALSE,FALSE
1998-03-20,Weddell,0.3138965,-0.02697247079189696,0.02697247079189696,0.29780060706748523,FALSE,FALSE
1998-03-21,Weddell,0.314563327,-0.0309294423174275,0.0309294423174275,0.29780060706748523,FALSE,FALSE
1998-03-22,Weddell,0.326040819,-0.02413602210411125,0.02413602210411125,0.29780060706748523,FALSE,FALSE
1998-03-23,Weddell,0.31347031,-0.04144817687235891,0.04144817687235891,0.29780060706748523,FALSE,FALSE
1998-03-24,Weddell,0.301446219,-0.05826878834258092,0.05826878834258092,0.29780060706748523,FALSE,FALSE
1998-03-25,Weddell,0.294609972,-0.06995373123518794,0.06995373123518794,0.29780060706748523,FALSE,FALSE
1998-03-26,Weddell,0.302770865,-0.06669101027059127,0.06669101027059127,0.29780060706748523,FALSE,FALSE
1998-03-27,Weddell,0.29515999,-0.07924683416920136,0.07924683416920136,0.29780060706748523,FALSE,FALSE
1998-03-28,Weddell,0.303348905,-0.07604694565142872,0.07604694565142872,0.29780060706748523,FALSE,FALSE
1998-03-29,Weddell,0.311475188,-0.07295106743768387,0.07295106743768387,0.29780060706748523,FALSE,FALSE
1998-03-30,Weddell,0.330946831,-0.05854850824837804,0.05854850824837804,0.29780060706748523,FALSE,FALSE
1998-03-31,Weddell,0.368035685,-0.02656636899160236,0.02656636899160236,0.29780060706748523,FALSE,FALSE
1998-04-01,Weddell,0.376181991,-0.02357238602217409,0.02357238602217409,0.29780060706748523,FALSE,FALSE
1998-04-02,Weddell,0.362315352,-0.04264800195786361,0.04264800195786361,0.29780060706748523,FALSE,FALSE
1998-04-03,Weddell,0.374227143,-0.03601288995297186,0.03601288995297186,0.29780060706748523,FALSE,FALSE
1998-04-04,Weddell,0.399990793,-0.01560466916179986,0.01560466916179986,0.29780060706748523,FALSE,FALSE
1998-04-05,Weddell,0.410018059,-0.01102263073864884,0.01102263073864884,0.29780060706748523,FALSE,FALSE
1998-04-06,Weddell,0.438218878,0.01163211416218146,0.01163211416218146,0.29780060706748523,FALSE,FALSE
1998-04-07,Weddell,0.464469645,0.03222491238638891,0.03222491238638891,0.29780060706748523,FALSE,FALSE
1998-04-08,Weddell,0.471987413,0.03396176877967355,0.03396176877967355,0.29780060706748523,FALSE,FALSE
1998-04-09,Weddell,0.47324931,0.02930876318773345,0.02930876318773345,0.29780060706748523,FALSE,FALSE
1998-04-10,Weddell,0.471380481,0.02137999245626881,0.02137999245626881,0.29780060706748523,FALSE,FALSE
1998-04-11,Weddell,0.466397961,0.01018144343097743,0.01018144343097743,0.29780060706748523,FALSE,FALSE
1998-04-12,Weddell,0.45952585,-0.00307366533982567,0.00307366533982567,0.29780060706748523,FALSE,FALSE
1998-04-13,Weddell,0.467652155,-0.00149632737360461,0.00149632737360461,0.29780060706748523,FALSE,FALSE
1998-04-14,Weddell,0.475753532,-8.93015743197445e-5,8.93015743197445e-5,0.29780060706748523,FALSE,FALSE
1998-04-15,Weddell,0.489469581,0.006809426538045,0.006809426538045,0.29780060706748523,FALSE,FALSE
1998-04-16,Weddell,0.495082654,0.00550462344350405,0.00550462344350405,0.29780060706748523,FALSE,FALSE
1998-04-17,Weddell,0.51381458,0.01724053262207237,0.01724053262207237,0.29780060706748523,FALSE,FALSE
1998-04-18,Weddell,0.526899934,0.02327414355376522,0.02327414355376522,0.29780060706748523,FALSE,FALSE
1998-04-19,Weddell,0.553696026,0.04298518071859736,0.04298518071859736,0.29780060706748523,FALSE,FALSE
1998-04-20,Weddell,0.543128756,0.02532195859658381,0.02532195859658381,0.29780060706748523,FALSE,FALSE
1998-04-21,Weddell,0.531300301,0.0064090686677396,0.0064090686677396,0.29780060706748523,FALSE,FALSE
1998-04-22,Weddell,0.529440679,-0.00250105658792054,0.00250105658792054,0.29780060706748523,FALSE,FALSE
1998-04-23,Weddell,0.51262469,-0.02631120269038134,0.02631120269038134,0.29780060706748523,FALSE,FALSE
1998-04-24,Weddell,0.493931103,-0.05192018615962834,0.05192018615962834,0.29780060706748523,FALSE,FALSE
1998-04-25,Weddell,0.462109022,-0.09055850591957654,0.09055850591957654,0.29780060706748523,FALSE,FALSE
1998-04-26,Weddell,0.431499081,-0.12788429111227462,0.12788429111227462,0.29780060706748523,FALSE,FALSE
1998-04-27,Weddell,0.419617281,-0.14639089192836802,0.14639089192836802,0.29780060706748523,FALSE,FALSE
1998-04-28,Weddell,0.416497138,-0.15605425509190085,0.15605425509190085,0.29780060706748523,FALSE,FALSE
1998-04-29,Weddell,0.403999292,-0.17502320332691762,0.17502320332691762,0.29780060706748523,FALSE,FALSE
1998-04-30,Weddell,0.397732705,-0.18769823735746327,0.18769823735746327,0.29780060706748523,FALSE,FALSE
1998-05-01,Weddell,0.39460273,-0.19718346690758184,0.19718346690758184,0.29780060706748523,FALSE,FALSE
1998-05-02,Weddell,0.400839364,-0.19725835770131792,0.19725835770131792,0.29780060706748523,FALSE,FALSE
1998-05-03,Weddell,0.455863391,-0.14851158846271556,0.14851158846271556,0.29780060706748523,FALSE,FALSE
1998-05-04,Weddell,0.500140872,-0.11048656091581945,0.11048656091581945,0.29780060706748523,FALSE,FALSE
1998-05-05,Weddell,0.549971592,-0.06689295278467466,0.06689295278467466,0.29780060706748523,FALSE,FALSE
1998-05-06,Weddell,0.606530202,-0.01656557579332507,0.01656557579332507,0.29780060706748523,FALSE,FALSE
1998-05-07,Weddell,0.636292226,0.00696162350560758,0.00696162350560758,0.29780060706748523,FALSE,FALSE
1998-05-08,Weddell,0.661061406,0.02547855200518334,0.02547855200518334,0.29780060706748523,FALSE,FALSE
1998-05-09,Weddell,0.677139304,0.03526132045720698,0.03526132045720698,0.29780060706748523,FALSE,FALSE
1998-05-10,Weddell,0.683309874,0.03506652033966262,0.03506652033966262,0.29780060706748523,FALSE,FALSE
1998-05-11,Weddell,0.690720875,0.03601454813053295,0.03601454813053295,0.29780060706748523,FALSE,FALSE
1998-05-12,Weddell,0.678324005,0.01702973930780271,0.01702973930780271,0.29780060706748523,FALSE,FALSE
1998-05-13,Weddell,0.665949136,-0.00208539665054607,0.00208539665054607,0.29780060706748523,FALSE,FALSE
1998-05-14,Weddell,0.665403589,-0.00955090126652924,0.00955090126652924,0.29780060706748523,FALSE,FALSE
1998-05-15,Weddell,0.696325717,0.01424421593783709,0.01424421593783709,0.29780060706748523,FALSE,FALSE
1998-05-16,Weddell,0.719190439,0.029747511440536,0.029747511440536,0.29780060706748523,FALSE,FALSE
1998-05-17,Weddell,0.728428534,0.0313624017195514,0.0313624017195514,0.29780060706748523,FALSE,FALSE
1998-05-18,Weddell,0.730819473,0.02584099525286665,0.02584099525286665,0.29780060706748523,FALSE,FALSE
1998-05-19,Weddell,0.70297194,-0.01023538648153477,0.01023538648153477,0.29780060706748523,FALSE,FALSE
1998-05-20,Weddell,0.698594358,-0.02318380334252712,0.02318380334252712,0.29780060706748523,FALSE,FALSE
1998-05-21,Weddell,0.693549289,-0.03713287738456661,0.03713287738456661,0.29780060706748523,FALSE,FALSE
1998-05-22,Weddell,0.694704801,-0.04517575835273924,0.04517575835273924,0.29780060706748523,FALSE,FALSE
1998-05-23,Weddell,0.686554894,-0.06277865578414388,0.06277865578414388,0.29780060706748523,FALSE,FALSE
1998-05-24,Weddell,0.671031016,-0.08797033121587783,0.08797033121587783,0.29780060706748523,FALSE,FALSE
1998-05-25,Weddell,0.662240755,-0.10660340618503872,0.10660340618503872,0.29780060706748523,FALSE,FALSE
1998-05-26,Weddell,0.663930025,-0.11489217622872516,0.11489217622872516,0.29780060706748523,FALSE,FALSE
1998-05-27,Weddell,0.636513761,-0.15238191588403438,0.15238191588403438,0.29780060706748523,FALSE,FALSE
1998-05-28,Weddell,0.609240582,-0.18978421568806492,0.18978421568806492,0.29780060706748523,FALSE,FALSE
1998-05-29,Weddell,0.594931706,-0.2142380671779136,0.2142380671779136,0.29780060706748523,FALSE,FALSE
1998-05-30,Weddell,0.578189173,-0.24110163989067937,0.24110163989067937,0.29780060706748523,FALSE,FALSE
1998-05-31,Weddell,0.557738893,-0.2716092333634592,0.2716092333634592,0.29780060706748523,FALSE,FALSE
1998-06-01,Weddell,0.549690919,-0.28961100413335183,0.28961100413335183,0.29780060706748523,FALSE,FALSE
1998-06-02,Weddell,0.552945029,-0.2961755724169507,0.2961755724169507,0.29780060706748523,FALSE,FALSE
1998-06-03,Weddell,0.598804413,-0.26000447362439805,0.26000447362439805,0.29780060706748523,FALSE,FALSE
1998-06-04,Weddell,0.677894242,-0.19048733239140436,0.19048733239140436,0.29780060706748523,FALSE,FALSE
1998-06-05,Weddell,0.733423902,-0.14442955872670626,0.14442955872670626,0.29780060706748523,FALSE,FALSE
1998-06-06,Weddell,0.728327497,-0.15891184463904184,0.15891184463904184,0.29780060706748523,FALSE,FALSE
1998-06-07,Weddell,0.71517971,-0.18137430313714664,0.18137430313714664,0.29780060706748523,FALSE,FALSE
1998-06-08,Weddell,0.724144222,-0.18166804922975952,0.18166804922975952,0.29780060706748523,FALSE,FALSE
1998-06-09,Weddell,0.699782047,-0.2152468649256163,0.2152468649256163,0.29780060706748523,FALSE,FALSE
1998-06-10,Weddell,0.665553244,-0.2586654872334547,0.2586654872334547,0.29780060706748523,FALSE,FALSE
1998-06-11,Weddell,0.623731899,-0.30966462616201085,0.30966462616201085,0.29780060706748523,TRUE,TRUE
1998-06-12,Weddell,0.586070697,-0.35650639272002294,0.35650639272002294,0.29780060706748523,TRUE,TRUE
1998-06-13,Weddell,0.546901915,-0.4048733059162276,0.4048733059162276,0.29780060706748523,TRUE,TRUE
1998-06-14,Weddell,0.518992124,-0.44201317637945103,0.44201317637945103,0.29780060706748523,TRUE,TRUE
1998-06-15,Weddell,0.490998281,-0.47926516115347095,0.47926516115347095,0.29780060706748523,TRUE,TRUE
1998-06-16,Weddell,0.491850441,-0.487670258792972,0.487670258792972,0.29780060706748523,TRUE,TRUE
1998-06-17,Weddell,0.510244341,-0.4785019701774692,0.4785019701774692,0.29780060706748523,TRUE,TRUE
1998-06-18,Weddell,0.500388926,-0.4975205881864831,0.4975205881864831,0.29780060706748523,TRUE,TRUE
1998-06-19,Weddell,0.481073252,-0.525906294699529,0.525906294699529,0.29780060706748523,TRUE,TRUE
1998-06-20,Weddell,0.498531645,-0.5173940015961248,0.5173940015961248,0.29780060706748523,TRUE,TRUE
1998-06-21,Weddell,0.54634506,-0.4783719917557884,0.4783719917557884,0.29780060706748523,TRUE,TRUE
1998-06-22,Weddell,0.582339168,-0.4509838320580365,0.4509838320580365,0.29780060706748523,TRUE,TRUE
1998-06-23,Weddell,0.576718726,-0.46499400338238694,0.46499400338238694,0.29780060706748523,TRUE,TRUE
1998-06-24,Weddell,0.548838068,-0.5010174096083571,0.5010174096083571,0.29780060706748523,TRUE,TRUE
1998-06-25,Weddell,0.567426941,-0.4902935416154647,0.4902935416154647,0.29780060706748523,TRUE,TRUE
1998-06-26,Weddell,0.573002366,-0.4922746162832271,0.4922746162832271,0.29780060706748523,TRUE,TRUE
1998-06-27,Weddell,0.574287673,-0.4982106658676132,0.4982106658676132,0.29780060706748523,TRUE,TRUE
1998-06-28,Weddell,0.581108468,-0.4982806124971151,0.4982806124971151,0.29780060706748523,TRUE,TRUE
1998-06-29,Weddell,0.563093759,-0.5228742172124554,0.5228742172124554,0.29780060706748523,TRUE,TRUE
1998-06-30,Weddell,0.546900082,-0.5453537862741574,0.5453537862741574,0.29780060706748523,TRUE,TRUE
1998-07-01,Weddell,0.565501009,-0.5327645899427443,0.5327645899427443,0.29780060706748523,TRUE,TRUE
1998-07-02,Weddell,0.580402419,-0.5236195914787395,0.5236195914787395,0.29780060706748523,TRUE,TRUE
1998-07-03,Weddell,0.659267387,-0.45027455814266537,0.45027455814266537,0.29780060706748523,TRUE,TRUE
1998-07-04,Weddell,0.711952244,-0.40289200119504687,0.40289200119504687,0.29780060706748523,TRUE,TRUE
1998-07-05,Weddell,0.728553174,-0.3913945788964064,0.3913945788964064,0.29780060706748523,TRUE,TRUE
1998-07-06,Weddell,0.756349449,-0.36852186150726696,0.36852186150726696,0.29780060706748523,TRUE,TRUE
1998-07-07,Weddell,0.795293296,-0.33434046428815256,0.33434046428815256,0.29780060706748523,TRUE,TRUE
1998-07-08,Weddell,0.819363865,-0.3148900794995869,0.3148900794995869,0.29780060706748523,TRUE,TRUE
1998-07-09,Weddell,0.827977349,-0.31077334886687935,0.31077334886687935,0.29780060706748523,TRUE,TRUE
1998-07-10,Weddell,0.852639261,-0.290502128551243,0.290502128551243,0.29780060706748523,FALSE,FALSE
1998-07-11,Weddell,0.855104224,-0.2923359573643176,0.2923359573643176,0.29780060706748523,FALSE,FALSE
1998-07-12,Weddell,0.856372661,-0.29528814966894523,0.29528814966894523,0.29780060706748523,FALSE,FALSE
1998-07-13,Weddell,0.871774928,-0.2840420868279685,0.2840420868279685,0.29780060706748523,FALSE,FALSE
1998-07-14,Weddell,0.884060318,-0.2758622132042299,0.2758622132042299,0.29780060706748523,FALSE,FALSE
1998-07-15,Weddell,0.911127976,-0.25286312116057275,0.25286312116057275,0.29780060706748523,FALSE,FALSE
1998-07-16,Weddell,0.941764331,-0.22627211905983904,0.22627211905983904,0.29780060706748523,FALSE,FALSE
1998-07-17,Weddell,0.971696083,-0.20037624426487277,0.20037624426487277,0.29780060706748523,FALSE,FALSE
1998-07-18,Weddell,0.980171322,-0.19594114413851427,0.19594114413851427,0.29780060706748523,FALSE,FALSE
1998-07-19,Weddell,0.988178049,-0.19199255504360913,0.19199255504360913,0.29780060706748523,FALSE,FALSE
1998-07-20,Weddell,0.98445323,-0.19980724834299737,0.19980724834299737,0.29780060706748523,FALSE,FALSE
1998-07-21,Weddell,0.956784697,-0.2316111293995231,0.2316111293995231,0.29780060706748523,FALSE,FALSE
1998-07-22,Weddell,0.929783879,-0.2628054631253435,0.2628054631253435,0.29780060706748523,FALSE,FALSE
1998-07-23,Weddell,0.929157456,-0.2676818614156553,0.2676818614156553,0.29780060706748523,FALSE,FALSE
1998-07-24,Weddell,0.950723492,-0.25041005396393856,0.25041005396393856,0.29780060706748523,FALSE,FALSE
1998-07-25,Weddell,0.954440215,-0.2510193683236077,0.2510193683236077,0.29780060706748523,FALSE,FALSE
1998-07-26,Weddell,0.960082448,-0.24972253704807632,0.24972253704807632,0.29780060706748523,FALSE,FALSE
1998-07-27,Weddell,0.970051658,-0.24410564869076112,0.24410564869076112,0.29780060706748523,FALSE,FALSE
1998-07-28,Weddell,0.952339543,-0.2661645608050752,0.2661645608050752,0.29780060706748523,FALSE,FALSE
1998-07-29,Weddell,0.927801713,-0.2950312189444322,0.2950312189444322,0.29780060706748523,FALSE,FALSE
1998-07-30,Weddell,0.889149079,-0.33798226766224826,0.33798226766224826,0.29780060706748523,TRUE,FALSE
1998-07-31,Weddell,0.887364436,-0.344022467511938,0.344022467511938,0.29780060706748523,TRUE,FALSE
1998-08-01,Weddell,0.91621477,-0.3193723880469145,0.3193723880469145,0.29780060706748523,TRUE,FALSE
1998-08-02,Weddell,0.954167268,-0.28555239782059405,0.28555239782059405,0.29780060706748523,FALSE,FALSE
1998-08-03,Weddell,0.966978108,-0.27679387451696336,0.27679387451696336,0.29780060706748523,FALSE,FALSE
1998-08-04,Weddell,0.947901237,-0.2998339517854949,0.2998339517854949,0.29780060706748523,TRUE,TRUE
1998-08-05,Weddell,0.894683987,-0.35692909418778174,0.35692909418778174,0.29780060706748523,TRUE,TRUE
1998-08-06,Weddell,0.841806103,-0.4136062196375535,0.4136062196375535,0.29780060706748523,TRUE,TRUE
1998-08-07,Weddell,0.841752228,-0.4173873480485417,0.4173873480485417,0.29780060706748523,TRUE,TRUE
1998-08-08,Weddell,0.820783941,-0.4420175633344752,0.4420175633344752,0.29780060706748523,TRUE,TRUE
1998-08-09,Weddell,0.81888142,-0.44752335040908553,0.44752335040908553,0.29780060706748523,TRUE,TRUE
1998-08-10,Weddell,0.843449127,-0.4265069101861023,0.4265069101861023,0.29780060706748523,TRUE,TRUE
1998-08-11,Weddell,0.941063881,-0.33239808657925596,0.33239808657925596,0.29780060706748523,TRUE,TRUE
1998-08-12,Weddell,1.035356003,-0.24157322150227745,0.24157322150227745,0.29780060706748523,FALSE,FALSE
1998-08-13,Weddell,1.051181431,-0.229183039868895,0.229183039868895,0.29780060706748523,FALSE,FALSE
1998-08-14,Weddell,1.071252822,-0.2125215475928417,0.2125215475928417,0.29780060706748523,FALSE,FALSE
1998-08-15,Weddell,1.079070036,-0.20809554758784657,0.20809554758784657,0.29780060706748523,FALSE,FALSE
1998-08-16,Weddell,1.068519438,-0.2220247888180742,0.2220247888180742,0.29780060706748523,FALSE,FALSE
1998-08-17,Weddell,1.07478717,-0.219112927177322,0.219112927177322,0.29780060706748523,FALSE,FALSE
1998-08-18,Weddell,1.148448881,-0.14875543653005407,0.14875543653005407,0.29780060706748523,FALSE,FALSE
1998-08-19,Weddell,1.174521574,-0.12590541330085236,0.12590541330085236,0.29780060706748523,FALSE,FALSE
1998-08-20,Weddell,1.145216141,-0.15832206491430023,0.15832206491430023,0.29780060706748523,FALSE,FALSE
1998-08-21,Weddell,1.112659791,-0.1938482817949818,0.1938482817949818,0.29780060706748523,FALSE,FALSE
1998-08-22,Weddell,1.089772926,-0.21953376136747793,0.21953376136747793,0.29780060706748523,FALSE,FALSE
1998-08-23,Weddell,1.089266282,-0.22263786705637337,0.22263786705637337,0.29780060706748523,FALSE,FALSE
1998-08-24,Weddell,1.080702458,-0.2335680992862497,0.2335680992862497,0.29780060706748523,FALSE,FALSE
1998-08-25,Weddell,1.056939685,-0.259436326481691,0.259436326481691,0.29780060706748523,FALSE,FALSE
1998-08-26,Weddell,1.055116603,-0.2630740080672793,0.2630740080672793,0.29780060706748523,FALSE,FALSE
1998-08-27,Weddell,1.052632752,-0.2670517034675979,0.2670517034675979,0.29780060706748523,FALSE,FALSE
1998-08-28,Weddell,1.06846144,-0.25236620410722943,0.25236620410722943,0.29780060706748523,FALSE,FALSE
1998-08-29,Weddell,1.07403905,-0.24755690341677328,0.24755690341677328,0.29780060706748523,FALSE,FALSE
1998-08-30,Weddell,1.069970875,-0.2520287879435785,0.2520287879435785,0.29780060706748523,FALSE,FALSE
1998-08-31,Weddell,1.081585018,-0.24047699815510185,0.24047699815510185,0.29780060706748523,FALSE,FALSE
1998-09-01,Weddell,1.082742947,-0.2390633327718139,0.2390633327718139,0.29780060706748523,FALSE,FALSE
1998-09-02,Weddell,1.106037379,-0.21521834151418703,0.21521834151418703,0.29780060706748523,FALSE,FALSE
1998-09-03,Weddell,1.16451588,-0.15591772510269442,0.15591772510269442,0.29780060706748523,FALSE,FALSE
1998-09-04,Weddell,1.213160771,-0.1062024292578061,0.1062024292578061,0.29780060706748523,FALSE,FALSE
1998-09-05,Weddell,1.254883076,-0.06318469669999494,0.06318469669999494,0.29780060706748523,FALSE,FALSE
1998-09-06,Weddell,1.264482326,-0.05208826314973325,0.05208826314973325,0.29780060706748523,FALSE,FALSE
1998-09-07,Weddell,1.279142236,-0.03575268032749257,0.03575268032749257,0.29780060706748523,FALSE,FALSE
1998-09-08,Weddell,1.30162346,-0.0114405609537449,0.0114405609537449,0.29780060706748523,FALSE,FALSE
1998-09-09,Weddell,1.335493184,0.02439201425103809,0.02439201425103809,0.29780060706748523,FALSE,FALSE
1998-09-10,Weddell,1.371044587,0.0620150695315842,0.0620150695315842,0.29780060706748523,FALSE,FALSE
1998-09-11,Weddell,1.384268183,0.07740659317278453,0.07740659317278453,0.29780060706748523,FALSE,FALSE
1998-09-12,Weddell,1.368548676,0.06395799785632827,0.06395799785632827,0.29780060706748523,FALSE,FALSE
1998-09-13,Weddell,1.388444392,0.08623634347820408,0.08623634347820408,0.29780060706748523,FALSE,FALSE
1998-09-14,Weddell,1.388930825,0.08922585793440119,0.08922585793440119,0.29780060706748523,FALSE,FALSE
1998-09-15,Weddell,1.386335972,0.08926327212090501,0.08926327212090501,0.29780060706748523,FALSE,FALSE
1998-09-16,Weddell,1.371097705,0.07679519193370599,0.07679519193370599,0.29780060706748523,FALSE,FALSE
1998-09-17,Weddell,1.328002625,0.03661695226879158,0.03661695226879158,0.29780060706748523,FALSE,FALSE
1998-09-18,Weddell,1.271646939,-0.01666650597785124,0.01666650597785124,0.29780060706748523,FALSE,FALSE
1998-09-19,Weddell,1.203973113,-0.08110398291023335,0.08110398291023335,0.29780060706748523,FALSE,FALSE
1998-09-20,Weddell,1.160920774,-0.1207471176323669,0.1207471176323669,0.29780060706748523,FALSE,FALSE
1998-09-21,Weddell,1.120318239,-0.15775885924826372,0.15775885924826372,0.29780060706748523,FALSE,FALSE
1998-09-22,Weddell,1.099699822,-0.17459615986193633,0.17459615986193633,0.29780060706748523,FALSE,FALSE
1998-09-23,Weddell,1.092536586,-0.1777813855230974,0.1777813855230974,0.29780060706748523,FALSE,FALSE
1998-09-24,Weddell,1.093301768,-0.1728578850485054,0.1728578850485054,0.29780060706748523,FALSE,FALSE
1998-09-25,Weddell,1.11912148,-0.14273017950577516,0.14273017950577516,0.29780060706748523,FALSE,FALSE
1998-09-26,Weddell,1.09969489,-0.15772993106094835,0.15772993106094835,0.29780060706748523,FALSE,FALSE
1998-09-27,Weddell,1.073462795,-0.17944717288006662,0.17944717288006662,0.29780060706748523,FALSE,FALSE
1998-09-28,Weddell,1.028241887,-0.22009604312917275,0.22009604312917275,0.29780060706748523,FALSE,FALSE
1998-09-29,Weddell,0.982957505,-0.2607820329743077,0.2607820329743077,0.29780060706748523,FALSE,FALSE
1998-09-30,Weddell,0.953540273,-0.28560534858151354,0.28560534858151354,0.29780060706748523,FALSE,FALSE
1998-10-01,Weddell,0.933315248,-0.301271763116832,0.301271763116832,0.29780060706748523,TRUE,TRUE
1998-10-02,Weddell,0.929044844,-0.3010496927463048,0.3010496927463048,0.29780060706748523,TRUE,TRUE
1998-10-03,Weddell,0.913063226,-0.3126358026359739,0.3126358026359739,0.29780060706748523,TRUE,TRUE
1998-10-04,Weddell,0.879918309,-0.3415130079518822,0.3415130079518822,0.29780060706748523,TRUE,TRUE
1998-10-05,Weddell,0.918591736,-0.29873048597991936,0.29873048597991936,0.29780060706748523,TRUE,TRUE
1998-10-06,Weddell,0.962788089,-0.2506025236835907,0.2506025236835907,0.29780060706748523,FALSE,FALSE
1998-10-07,Weddell,1.005637641,-0.20398256162244777,0.20398256162244777,0.29780060706748523,FALSE,FALSE
1998-10-08,Weddell,1.043578095,-0.1624101787442127,0.1624101787442127,0.29780060706748523,FALSE,FALSE
1998-10-09,Weddell,1.046646857,-0.15582525099661115,0.15582525099661115,0.29780060706748523,FALSE,FALSE
1998-10-10,Weddell,1.014902791,-0.18414619632736515,0.18414619632736515,0.29780060706748523,FALSE,FALSE
1998-10-11,Weddell,0.951817957,-0.24387823668420008,0.24387823668420008,0.29780060706748523,FALSE,FALSE
1998-10-12,Weddell,0.928494889,-0.2638961200148382,0.2638961200148382,0.29780060706748523,FALSE,FALSE
1998-10-13,Weddell,0.881125017,-0.3079856982670046,0.3079856982670046,0.29780060706748523,TRUE,TRUE
1998-10-14,Weddell,0.808925463,-0.3769071313884216,0.3769071313884216,0.29780060706748523,TRUE,TRUE
1998-10-15,Weddell,0.75825805,-0.4242758783268137,0.4242758783268137,0.29780060706748523,TRUE,TRUE
1998-10-16,Weddell,0.740855871,-0.4383361280299042,0.4383361280299042,0.29780060706748523,TRUE,TRUE
1998-10-17,Weddell,0.726616847,-0.4491672414454187,0.4491672414454187,0.29780060706748523,TRUE,TRUE
1998-10-18,Weddell,0.732819476,-0.43946844579831046,0.43946844579831046,0.29780060706748523,TRUE,TRUE
1998-10-19,Weddell,0.738978142,-0.42971249739060624,0.42971249739060624,0.29780060706748523,TRUE,TRUE
1998-10-20,Weddell,0.754404358,-0.4105840244819595,0.4105840244819595,0.29780060706748523,TRUE,TRUE
1998-10-21,Weddell,0.803642201,-0.3575354517328315,0.3575354517328315,0.29780060706748523,TRUE,TRUE
1998-10-22,Weddell,0.855530251,-0.30172470080368363,0.30172470080368363,0.29780060706748523,TRUE,TRUE
1998-10-23,Weddell,0.876549959,-0.27666682235497764,0.27666682235497764,0.29780060706748523,FALSE,FALSE
1998-10-24,Weddell,0.896942511,-0.25211713204717356,0.25211713204717356,0.29780060706748523,FALSE,FALSE
1998-10-25,Weddell,0.944931837,-0.19984820154073335,0.19984820154073335,0.29780060706748523,FALSE,FALSE
1998-10-26,Weddell,1.020917768,-0.11945670149611852,0.11945670149611852,0.29780060706748523,FALSE,FALSE
1998-10-27,Weddell,1.047851322,-0.08798811557379027,0.08798811557379027,0.29780060706748523,FALSE,FALSE
1998-10-28,Weddell,1.039961538,-0.09120990643420844,0.09120990643420844,0.29780060706748523,FALSE,FALSE
1998-10-29,Weddell,0.996537365,-0.12982962673783627,0.12982962673783627,0.29780060706748523,FALSE,FALSE
1998-10-30,Weddell,0.995303054,-0.1261195271451342,0.1261195271451342,0.29780060706748523,FALSE,FALSE
1998-10-31,Weddell,0.98979869,-0.12653667745914565,0.12653667745914565,0.29780060706748523,FALSE,FALSE
1998-11-01,Weddell,1.03810519,-0.07300053039252918,0.07300053039252918,0.29780060706748523,FALSE,FALSE
1998-11-02,Weddell,1.051552877,-0.05418212015324908,0.05418212015324908,0.29780060706748523,FALSE,FALSE
1998-11-03,Weddell,1.044245312,-0.05597924321473502,0.05597924321473502,0.29780060706748523,FALSE,FALSE
1998-11-04,Weddell,1.011772592,-0.08280316005041533,0.08280316005041533,0.29780060706748523,FALSE,FALSE
1998-11-05,Weddell,0.981086553,-0.10770339213372038,0.10770339213372038,0.29780060706748523,FALSE,FALSE
1998-11-06,Weddell,0.955348222,-0.12752026993807708,0.12752026993807708,0.29780060706748523,FALSE,FALSE
1998-11-07,Weddell,0.901988268,-0.1748244819369169,0.1748244819369169,0.29780060706748523,FALSE,FALSE
1998-11-08,Weddell,0.860830398,-0.2097936786036676,0.2097936786036676,0.29780060706748523,FALSE,FALSE
1998-11-09,Weddell,0.825103535,-0.23920029441175905,0.23920029441175905,0.29780060706748523,FALSE,FALSE
1998-11-10,Weddell,0.779373235,-0.27848013083461987,0.27848013083461987,0.29780060706748523,FALSE,FALSE
1998-11-11,Weddell,0.784729882,-0.2665441613456786,0.2665441613456786,0.29780060706748523,FALSE,FALSE
1998-11-12,Weddell,0.787825996,-0.2567411274778064,0.2567411274778064,0.29780060706748523,FALSE,FALSE
1998-11-13,Weddell,0.773675212,-0.2640533484280546,0.2640533484280546,0.29780060706748523,FALSE,FALSE
1998-11-14,Weddell,0.750142809,-0.280603521360302,0.280603521360302,0.29780060706748523,FALSE,FALSE
1998-11-15,Weddell,0.748727395,-0.2748803563821294,0.2748803563821294,0.29780060706748523,FALSE,FALSE
1998-11-16,Weddell,0.764775097,-0.2515250446011166,0.2515250446011166,0.29780060706748523,FALSE,FALSE
1998-11-17,Weddell,0.761174484,-0.2476363351248435,0.2476363351248435,0.29780060706748523,FALSE,FALSE
1998-11-18,Weddell,0.76418378,-0.23694332206089053,0.23694332206089053,0.29780060706748523,FALSE,FALSE
1998-11-19,Weddell,0.77340346,-0.21983284851683793,0.21983284851683793,0.29780060706748523,FALSE,FALSE
1998-11-20,Weddell,0.770816226,-0.2143095306002657,0.2143095306002657,0.29780060706748523,FALSE,FALSE
1998-11-21,Weddell,0.76761938,-0.20916338441875437,0.20916338441875437,0.29780060706748523,FALSE,FALSE
1998-11-22,Weddell,0.779847116,-0.1883475340798837,0.1883475340798837,0.29780060706748523,FALSE,FALSE
1998-11-23,Weddell,0.798355053,-0.16099367869123393,0.16099367869123393,0.29780060706748523,FALSE,FALSE
1998-11-24,Weddell,0.815671114,-0.1345612133603853,0.1345612133603853,0.29780060706748523,FALSE,FALSE
1998-11-25,Weddell,0.827529967,-0.11330517280118224,0.11330517280118224,0.29780060706748523,FALSE,FALSE
1998-11-26,Weddell,0.823941604,-0.10722543632773074,0.10722543632773074,0.29780060706748523,FALSE,FALSE
1998-11-27,Weddell,0.820285846,-0.1009621955492207,0.1009621955492207,0.29780060706748523,FALSE,FALSE
1998-11-28,Weddell,0.829582032,-0.08151620088926503,0.08151620088926503,0.29780060706748523,FALSE,FALSE
1998-11-29,Weddell,0.852450131,-0.04828757277147477,0.04828757277147477,0.29780060706748523,FALSE,FALSE
1998-11-30,Weddell,0.873311207,-0.01687533661946139,0.01687533661946139,0.29780060706748523,FALSE,FALSE
1998-12-01,Weddell,0.894276754,0.01481191214316268,0.01481191214316268,0.29780060706748523,FALSE,FALSE
1998-12-02,Weddell,0.907344106,0.03875141809278581,0.03875141809278581,0.29780060706748523,FALSE,FALSE
1998-12-03,Weddell,0.896360374,0.03877020280579668,0.03877020280579668,0.29780060706748523,FALSE,FALSE
1998-12-04,Weddell,0.869337267,0.022859885858583,0.022859885858583,0.29780060706748523,FALSE,FALSE
1998-12-05,Weddell,0.85950138,0.02422697282753305,0.02422697282753305,0.29780060706748523,FALSE,FALSE
1998-12-06,Weddell,0.864435701,0.04043436228903574,0.04043436228903574,0.29780060706748523,FALSE,FALSE
1998-12-07,Weddell,0.860143647,0.047465384037917,0.047465384037917,0.29780060706748523,FALSE,FALSE
1998-12-08,Weddell,0.826881267,0.02555668854324677,0.02555668854324677,0.29780060706748523,FALSE,FALSE
1998-12-09,Weddell,0.804593111,0.01463508810350389,0.01463508810350389,0.29780060706748523,FALSE,FALSE
1998-12-10,Weddell,0.810647678,0.03205158935869545,0.03205158935869545,0.29780060706748523,FALSE,FALSE
1998-12-11,Weddell,0.80387458,0.03661831194883114,0.03661831194883114,0.29780060706748523,FALSE,FALSE
1998-12-12,Weddell,0.791547485,0.03559143151391919,0.03559143151391919,0.29780060706748523,FALSE,FALSE
1998-12-13,Weddell,0.775271151,0.03055821369396727,0.03055821369396727,0.29780060706748523,FALSE,FALSE
1998-12-14,Weddell,0.76225733,0.02871291812898457,0.02871291812898457,0.29780060706748523,FALSE,FALSE
1998-12-15,Weddell,0.759744534,0.03727656445897942,0.03727656445897942,0.29780060706748523,FALSE,FALSE
1998-12-16,Weddell,0.735656273,0.02415517032395997,0.02415517032395997,0.29780060706748523,FALSE,FALSE
1998-12-17,Weddell,0.704696664,0.0040353603639347,0.0040353603639347,0.29780060706748523,FALSE,FALSE
1998-12-18,Weddell,0.676231643,-0.01373442178108741,0.01373442178108741,0.29780060706748523,FALSE,FALSE
1998-12-19,Weddell,0.609359538,-0.07007334047109892,0.07007334047109892,0.29780060706748523,FALSE,FALSE
1998-12-20,Weddell,0.575742161,-0.09333649095367023,0.09333649095367023,0.29780060706748523,FALSE,FALSE
1998-12-21,Weddell,0.552873679,-0.10603736172118228,0.10603736172118228,0.29780060706748523,FALSE,FALSE
1998-12-22,Weddell,0.539877867,-0.109052448320756,0.109052448320756,0.29780060706748523,FALSE,FALSE
1998-12-23,Weddell,0.526803036,-0.11233350450381296,0.11233350450381296,0.29780060706748523,FALSE,FALSE
1998-12-24,Weddell,0.516845412,-0.11268436902177648,0.11268436902177648,0.29780060706748523,FALSE,FALSE
1998-12-25,Weddell,0.497528955,-0.1225811466260685,0.1225811466260685,0.29780060706748523,FALSE,FALSE
1998-12-26,Weddell,0.47825445,-0.13262311706811303,0.13262311706811303,0.29780060706748523,FALSE,FALSE
1998-12-27,Weddell,0.464503992,-0.13732825009933186,0.13732825009933186,0.29780060706748523,FALSE,FALSE
1998-12-28,Weddell,0.442093439,-0.15088075247114685,0.15088075247114685,0.29780060706748523,FALSE,FALSE
1998-12-29,Weddell,0.422723328,-0.16158015193498154,0.16158015193498154,0.29780060706748523,FALSE,FALSE
1998-12-30,Weddell,0.412083979,-0.16373619324225958,0.16373619324225958,0.29780060706748523,FALSE,FALSE
1998-12-31,Weddell,0.404613685,-0.16291064814440143,0.16291064814440143,0.29780060706748523,FALSE,FALSE
1999-01-01,Weddell,0.382110645,-0.17730538239283056,0.17730538239283056,0.29780060706748523,FALSE,FALSE
1999-01-02,Weddell,0.378926165,-0.17256780187456655,0.17256780187456655,0.29780060706748523,FALSE,FALSE
1999-01-03,Weddell,0.370135473,-0.17361597901901066,0.17361597901901066,0.29780060706748523,FALSE,FALSE
1999-01-04,Weddell,0.358931407,-0.1772490233911624,0.1772490233911624,0.29780060706748523,FALSE,FALSE
1999-01-05,Weddell,0.358903915,-0.1698689345560181,0.1698689345560181,0.29780060706748523,FALSE,FALSE
1999-01-06,Weddell,0.354440533,-0.16708012407857908,0.16708012407857908,0.29780060706748523,FALSE,FALSE
1999-01-07,Weddell,0.358174379,-0.1562414215238414,0.1562414215238414,0.29780060706748523,FALSE,FALSE
1999-01-08,Weddell,0.358161407,-0.14928882045680414,0.14928882045680414,0.29780060706748523,FALSE,FALSE
1999-01-09,Weddell,0.352559566,-0.14805631944246717,0.14805631944246717,0.29780060706748523,FALSE,FALSE
1999-01-10,Weddell,0.352525854,-0.14137886804582644,0.14137886804582644,0.29780060706748523,FALSE,FALSE
1999-01-11,Weddell,0.346786188,-0.14052249683188234,0.14052249683188234,0.29780060706748523,FALSE,FALSE
1999-01-12,Weddell,0.339800355,-0.14101936636563178,0.14101936636563178,0.29780060706748523,FALSE,FALSE
1999-01-13,Weddell,0.333518119,-0.14091166021207446,0.14091166021207446,0.29780060706748523,FALSE,FALSE
1999-01-14,Weddell,0.329763504,-0.1383672854936665,0.1383672854936665,0.29780060706748523,FALSE,FALSE
1999-01-15,Weddell,0.33796583,-0.12394826329492832,0.12394826329492832,0.29780060706748523,FALSE,FALSE
1999-01-16,Weddell,0.34476533,-0.1110049625091794,0.1110049625091794,0.29780060706748523,FALSE,FALSE
1999-01-17,Weddell,0.348475844,-0.10121409828077804,0.10121409828077804,0.29780060706748523,FALSE,FALSE
1999-01-18,Weddell,0.34164212,-0.10202147775408238,0.10202147775408238,0.29780060706748523,FALSE,FALSE
1999-01-19,Weddell,0.332208438,-0.1054733760734508,0.1054733760734508,0.29780060706748523,FALSE,FALSE
1999-01-20,Weddell,0.321571839,-0.1101633073832407,0.1101633073832407,0.29780060706748523,FALSE,FALSE
1999-01-21,Weddell,0.302088599,-0.12372555082781088,0.12372555082781088,0.29780060706748523,FALSE,FALSE
1999-01-22,Weddell,0.295226181,-0.124683198551519,0.124683198551519,0.29780060706748523,FALSE,FALSE
1999-01-23,Weddell,0.280202986,-0.13380840469872352,0.13380840469872352,0.29780060706748523,FALSE,FALSE
1999-01-24,Weddell,0.265005373,-0.1431053654137821,0.1431053654137821,0.29780060706748523,FALSE,FALSE
1999-01-25,Weddell,0.267508858,-0.13468911984105336,0.13468911984105336,0.29780060706748523,FALSE,FALSE
1999-01-26,Weddell,0.26561329,-0.13065037412489433,0.13065037412489433,0.29780060706748523,FALSE,FALSE
1999-01-27,Weddell,0.269292739,-0.1210082855665921,0.1210082855665921,0.29780060706748523,FALSE,FALSE
1999-01-28,Weddell,0.266184713,-0.11813666252396166,0.11813666252396166,0.29780060706748523,FALSE,FALSE
1999-01-29,Weddell,0.262412068,-0.1159314661055006,0.1159314661055006,0.29780060706748523,FALSE,FALSE
1999-01-30,Weddell,0.262466295,-0.1099200465820051,0.1099200465820051,0.29780060706748523,FALSE,FALSE
1999-01-31,Weddell,0.259296306,-0.107172333224271,0.107172333224271,0.29780060706748523,FALSE,FALSE
1999-02-01,Weddell,0.249148349,-0.11146091930309492,0.11146091930309492,0.29780060706748523,FALSE,FALSE
1999-02-02,Weddell,0.233384592,-0.12144247808927244,0.12144247808927244,0.29780060706748523,FALSE,FALSE
1999-02-03,Weddell,0.223322483,-0.12581840285359994,0.12581840285359994,0.29780060706748523,FALSE,FALSE
1999-02-04,Weddell,0.222067711,-0.12150184586687356,0.12150184586687356,0.29780060706748523,FALSE,FALSE
1999-02-05,Weddell,0.2282399,-0.1098920243998891,0.1098920243998891,0.29780060706748523,FALSE,FALSE
1999-02-06,Weddell,0.224543973,-0.10830285672344292,0.10830285672344292,0.29780060706748523,FALSE,FALSE
1999-02-07,Weddell,0.204898847,-0.12283426710833124,0.12283426710833124,0.29780060706748523,FALSE,FALSE
1999-02-08,Weddell,0.213024183,-0.10978541150512708,0.10978541150512708,0.29780060706748523,FALSE,FALSE
1999-02-09,Weddell,0.212421037,-0.1056708400277596,0.1056708400277596,0.29780060706748523,FALSE,FALSE
1999-02-10,Weddell,0.209888335,-0.1037008472072278,0.1037008472072278,0.29780060706748523,FALSE,FALSE
1999-02-11,Weddell,0.191618105,-0.11769187058405876,0.11769187058405876,0.29780060706748523,FALSE,FALSE
1999-02-12,Weddell,0.187717848,-0.11754487469877796,0.11754487469877796,0.29780060706748523,FALSE,FALSE
1999-02-13,Weddell,0.180093808,-0.12136208109191218,0.12136208109191218,0.29780060706748523,FALSE,FALSE
1999-02-14,Weddell,0.182603589,-0.1152943513039873,0.1152943513039873,0.29780060706748523,FALSE,FALSE
1999-02-15,Weddell,0.185826891,-0.10877045087552978,0.10877045087552978,0.29780060706748523,FALSE,FALSE
1999-02-16,Weddell,0.189099298,-0.102463261347066,0.102463261347066,0.29780060706748523,FALSE,FALSE
1999-02-17,Weddell,0.187124547,-0.10167751125912192,0.10167751125912192,0.29780060706748523,FALSE,FALSE
1999-02-18,Weddell,0.190256069,-0.09606823515222436,0.09606823515222436,0.29780060706748523,FALSE,FALSE
1999-02-19,Weddell,0.19278422,-0.09135354256689932,0.09135354256689932,0.29780060706748523,FALSE,FALSE
1999-02-20,Weddell,0.191569612,-0.09068128704367268,0.09068128704367268,0.29780060706748523,FALSE,FALSE
1999-02-21,Weddell,0.183854456,-0.09681725070243384,0.09681725070243384,0.29780060706748523,FALSE,FALSE
1999-02-22,Weddell,0.164371719,-0.11503073220855456,0.11503073220855456,0.29780060706748523,FALSE,FALSE
1999-02-23,Weddell,0.163065541,-0.11537604707472436,0.11537604707472436,0.29780060706748523,FALSE,FALSE
1999-02-24,Weddell,0.167550132,-0.11023737193761128,0.11023737193761128,0.29780060706748523,FALSE,FALSE
1999-02-25,Weddell,0.17386178,-0.10357680543388284,0.10357680543388284,0.29780060706748523,FALSE,FALSE
1999-02-26,Weddell,0.192064345,-0.08532887420020682,0.08532887420020682,0.29780060706748523,FALSE,FALSE
1999-02-27,Weddell,0.195804404,-0.08184538787325046,0.08184538787325046,0.29780060706748523,FALSE,FALSE
1999-02-28,Weddell,0.173225331,-0.10498135908968152,0.10498135908968152,0.29780060706748523,FALSE,FALSE
1999-03-01,Weddell,0.171421233,-0.10764106748616792,0.10764106748616792,0.29780060706748523,FALSE,FALSE
1999-03-02,Weddell,0.16890401,-0.11131099969937693,0.11131099969937693,0.29780060706748523,FALSE,FALSE
1999-03-03,Weddell,0.163935905,-0.1177272993659762,0.1177272993659762,0.29780060706748523,FALSE,FALSE
1999-03-04,Weddell,0.151983442,-0.1314218291226332,0.1314218291226332,0.29780060706748523,FALSE,FALSE
1999-03-05,Weddell,0.161542272,-0.12389732373392348,0.12389732373392348,0.29780060706748523,FALSE,FALSE
1999-03-06,Weddell,0.174913601,-0.11284771889096598,0.11284771889096598,0.29780060706748523,FALSE,FALSE
1999-03-07,Weddell,0.200361568,-0.08999345581397045,0.08999345581397045,0.29780060706748523,FALSE,FALSE
1999-03-08,Weddell,0.205421276,-0.08778186604963975,0.08778186604963975,0.29780060706748523,FALSE,FALSE
1999-03-09,Weddell,0.214873698,-0.08141441114467812,0.08141441114467812,0.29780060706748523,FALSE,FALSE
1999-03-10,Weddell,0.196661797,-0.10293056264578997,0.10293056264578997,0.29780060706748523,FALSE,FALSE
1999-03-11,Weddell,0.171917622,-0.1311807060996783,0.1311807060996783,0.29780060706748523,FALSE,FALSE
1999-03-12,Weddell,0.171884797,-0.1349036520530469,0.1349036520530469,0.29780060706748523,FALSE,FALSE
1999-03-13,Weddell,0.183922555,-0.1267226020526005,0.1267226020526005,0.29780060706748523,FALSE,FALSE
1999-03-14,Weddell,0.192221567,-0.12242931964504208,0.12242931964504208,0.29780060706748523,FALSE,FALSE
1999-03-15,Weddell,0.204217643,-0.1145704293770758,0.1145704293770758,0.29780060706748523,FALSE,FALSE
1999-03-16,Weddell,0.214960103,-0.10807904579540556,0.10807904579540556,0.29780060706748523,FALSE,FALSE
1999-03-17,Weddell,0.214911911,-0.11247463944673508,0.11247463944673508,0.29780060706748523,FALSE,FALSE
1999-03-18,Weddell,0.222462917,-0.10935007364265234,0.10935007364265234,0.29780060706748523,FALSE,FALSE
1999-03-19,Weddell,0.22814167900000001,-0.108166465807109,0.108166465807109,0.29780060706748523,FALSE,FALSE
1999-03-20,Weddell,0.240173677,-0.10069529379189698,0.10069529379189698,0.29780060706748523,FALSE,FALSE
1999-03-21,Weddell,0.25092201,-0.09457075931742752,0.09457075931742752,0.29780060706748523,FALSE,FALSE
1999-03-22,Weddell,0.24717783,-0.10299901110411123,0.10299901110411123,0.29780060706748523,FALSE,FALSE
1999-03-23,Weddell,0.238396054,-0.11652243287235887,0.11652243287235887,0.29780060706748523,FALSE,FALSE
1999-03-24,Weddell,0.230842609,-0.1288723983425809,0.1288723983425809,0.29780060706748523,FALSE,FALSE
1999-03-25,Weddell,0.228347312,-0.13621639123518794,0.13621639123518794,0.29780060706748523,FALSE,FALSE
1999-03-26,Weddell,0.220725578,-0.14873629727059126,0.14873629727059126,0.29780060706748523,FALSE,FALSE
1999-03-27,Weddell,0.216970855,-0.15743596916920136,0.15743596916920136,0.29780060706748523,FALSE,FALSE
1999-03-28,Weddell,0.203125444,-0.1762704066514287,0.1762704066514287,0.29780060706748523,FALSE,FALSE
1999-03-29,Weddell,0.195614229,-0.18881202643768388,0.18881202643768388,0.29780060706748523,FALSE,FALSE
1999-03-30,Weddell,0.18677554,-0.20271979924837805,0.20271979924837805,0.29780060706748523,FALSE,FALSE
1999-03-31,Weddell,0.182953046,-0.21164900799160236,0.21164900799160236,0.29780060706748523,FALSE,FALSE
1999-04-01,Weddell,0.191184845,-0.2085695320221741,0.2085695320221741,0.29780060706748523,FALSE,FALSE
1999-04-02,Weddell,0.194313439,-0.2106499149578636,0.2106499149578636,0.29780060706748523,FALSE,FALSE
1999-04-03,Weddell,0.225913471,-0.18432656195297184,0.18432656195297184,0.29780060706748523,FALSE,FALSE
1999-04-04,Weddell,0.261243243,-0.15435221916179986,0.15435221916179986,0.29780060706748523,FALSE,FALSE
1999-04-05,Weddell,0.278199772,-0.14284091773864882,0.14284091773864882,0.29780060706748523,FALSE,FALSE
1999-04-06,Weddell,0.278193072,-0.14839369183781853,0.14839369183781853,0.29780060706748523,FALSE,FALSE
1999-04-07,Weddell,0.280069333,-0.1521753996136111,0.1521753996136111,0.29780060706748523,FALSE,FALSE
1999-04-08,Weddell,0.277510828,-0.16051481622032648,0.16051481622032648,0.29780060706748523,FALSE,FALSE
1999-04-09,Weddell,0.307026935,-0.13691361181226652,0.13691361181226652,0.29780060706748523,FALSE,FALSE
1999-04-10,Weddell,0.337189189,-0.1128112995437312,0.1128112995437312,0.29780060706748523,FALSE,FALSE
1999-04-11,Weddell,0.347189501,-0.10902701656902258,0.10902701656902258,0.29780060706748523,FALSE,FALSE
1999-04-12,Weddell,0.350898207,-0.11170130833982568,0.11170130833982568,0.29780060706748523,FALSE,FALSE
1999-04-13,Weddell,0.381568503,-0.08757997937360462,0.08757997937360462,0.29780060706748523,FALSE,FALSE
1999-04-14,Weddell,0.418024165,-0.05781866857431972,0.05781866857431972,0.29780060706748523,FALSE,FALSE
1999-04-15,Weddell,0.448178694,-0.03448146046195499,0.03448146046195499,0.29780060706748523,FALSE,FALSE
1999-04-16,Weddell,0.466310305,-0.02326772555649597,0.02326772555649597,0.29780060706748523,FALSE,FALSE
1999-04-17,Weddell,0.477512766,-0.01906128137792767,0.01906128137792767,0.29780060706748523,FALSE,FALSE
1999-04-18,Weddell,0.490559883,-0.01306590744623481,0.01306590744623481,0.29780060706748523,FALSE,FALSE
1999-04-19,Weddell,0.52240406,0.0116932147185973,0.0116932147185973,0.29780060706748523,FALSE,FALSE
1999-04-20,Weddell,0.559696395,0.04188959759658384,0.04188959759658384,0.29780060706748523,FALSE,FALSE
1999-04-21,Weddell,0.572118827,0.04722759466773962,0.04722759466773962,0.29780060706748523,FALSE,FALSE
1999-04-22,Weddell,0.579624703,0.04768296741207945,0.04768296741207945,0.29780060706748523,FALSE,FALSE
1999-04-23,Weddell,0.582746595,0.0438107023096187,0.0438107023096187,0.29780060706748523,FALSE,FALSE
1999-04-24,Weddell,0.574053882,0.02820259284037163,0.02820259284037163,0.29780060706748523,FALSE,FALSE
1999-04-25,Weddell,0.544187914,-0.00847961391957652,0.00847961391957652,0.29780060706748523,FALSE,FALSE
1999-04-26,Weddell,0.531741526,-0.0276418461122746,0.0276418461122746,0.29780060706748523,FALSE,FALSE
1999-04-27,Weddell,0.534789854,-0.03121831892836801,0.03121831892836801,0.29780060706748523,FALSE,FALSE
1999-04-28,Weddell,0.552902172,-0.01964922109190081,0.01964922109190081,0.29780060706748523,FALSE,FALSE
1999-04-29,Weddell,0.551661293,-0.02736120232691763,0.02736120232691763,0.29780060706748523,FALSE,FALSE
1999-04-30,Weddell,0.544803173,-0.04062776935746326,0.04062776935746326,0.29780060706748523,FALSE,FALSE
1999-05-01,Weddell,0.546570517,-0.04521567990758179,0.04521567990758179,0.29780060706748523,FALSE,FALSE
1999-05-02,Weddell,0.554599334,-0.04349838770131786,0.04349838770131786,0.29780060706748523,FALSE,FALSE
1999-05-03,Weddell,0.594426577,-0.00994840246271555,0.00994840246271555,0.29780060706748523,FALSE,FALSE
1999-05-04,Weddell,0.631027294,0.02039986108418057,0.02039986108418057,0.29780060706748523,FALSE,FALSE
1999-05-05,Weddell,0.632942758,0.01607821321532532,0.01607821321532532,0.29780060706748523,FALSE,FALSE
1999-05-06,Weddell,0.637208967,0.01411318920667492,0.01411318920667492,0.29780060706748523,FALSE,FALSE
1999-05-07,Weddell,0.625218482,-0.00411212049439246,0.00411212049439246,0.29780060706748523,FALSE,FALSE
1999-05-08,Weddell,0.622702609,-0.01288024499481665,0.01288024499481665,0.29780060706748523,FALSE,FALSE
1999-05-09,Weddell,0.637418361,-0.00445962254279297,0.00445962254279297,0.29780060706748523,FALSE,FALSE
1999-05-10,Weddell,0.667163084,0.01891973033966265,0.01891973033966265,0.29780060706748523,FALSE,FALSE
1999-05-11,Weddell,0.705044639,0.05033831213053297,0.05033831213053297,0.29780060706748523,FALSE,FALSE
1999-05-12,Weddell,0.71496783,0.05367356430780268,0.05367356430780268,0.29780060706748523,FALSE,FALSE
1999-05-13,Weddell,0.708795127,0.04076059434945389,0.04076059434945389,0.29780060706748523,FALSE,FALSE
1999-05-14,Weddell,0.705761522,0.03080703173347077,0.03080703173347077,0.29780060706748523,FALSE,FALSE
1999-05-15,Weddell,0.71250671,0.03042520893783706,0.03042520893783706,0.29780060706748523,FALSE,FALSE
1999-05-16,Weddell,0.747155225,0.05771229744053596,0.05771229744053596,0.29780060706748523,FALSE,FALSE
1999-05-17,Weddell,0.7453634,0.04829726771955145,0.04829726771955145,0.29780060706748523,FALSE,FALSE
1999-05-18,Weddell,0.724968221,0.01998974325286662,0.01998974325286662,0.29780060706748523,FALSE,FALSE
1999-05-19,Weddell,0.698298284,-0.01490904248153468,0.01490904248153468,0.29780060706748523,FALSE,FALSE
1999-05-20,Weddell,0.693244314,-0.02853384734252717,0.02853384734252717,0.29780060706748523,FALSE,FALSE
1999-05-21,Weddell,0.721710956,-0.0089712103845666,0.0089712103845666,0.29780060706748523,FALSE,FALSE
1999-05-22,Weddell,0.742242267,0.00236170764726073,0.00236170764726073,0.29780060706748523,FALSE,FALSE
1999-05-23,Weddell,0.724399282,-0.02493426778414387,0.02493426778414387,0.29780060706748523,FALSE,FALSE
1999-05-24,Weddell,0.739052496,-0.01994885121587786,0.01994885121587786,0.29780060706748523,FALSE,FALSE
1999-05-25,Weddell,0.76926108,4.16918814961309e-4,4.16918814961309e-4,0.29780060706748523,FALSE,FALSE
1999-05-26,Weddell,0.789698547,0.01087634577127483,0.01087634577127483,0.29780060706748523,FALSE,FALSE
1999-05-27,Weddell,0.813059144,0.02416346711596562,0.02416346711596562,0.29780060706748523,FALSE,FALSE
1999-05-28,Weddell,0.817939686,0.0189148883119351,0.0189148883119351,0.29780060706748523,FALSE,FALSE
1999-05-29,Weddell,0.801737698,-0.00743207517791355,0.00743207517791355,0.29780060706748523,FALSE,FALSE
1999-05-30,Weddell,0.779181322,-0.04010949089067928,0.04010949089067928,0.29780060706748523,FALSE,FALSE
1999-05-31,Weddell,0.810475451,-0.01887267536345926,0.01887267536345926,0.29780060706748523,FALSE,FALSE
1999-06-01,Weddell,0.802808832,-0.03649309113335186,0.03649309113335186,0.29780060706748523,FALSE,FALSE
1999-06-02,Weddell,0.763448856,-0.08567174541695066,0.08567174541695066,0.29780060706748523,FALSE,FALSE
1999-06-03,Weddell,0.751040464,-0.107768422624398,0.107768422624398,0.29780060706748523,FALSE,FALSE
1999-06-04,Weddell,0.74983234,-0.1185492343914044,0.1185492343914044,0.29780060706748523,FALSE,FALSE
1999-06-05,Weddell,0.747563864,-0.13028959672670626,0.13028959672670626,0.29780060706748523,FALSE,FALSE
1999-06-06,Weddell,0.757486121,-0.12975322063904182,0.12975322063904182,0.29780060706748523,FALSE,FALSE
1999-06-07,Weddell,0.773530026,-0.12302398713714668,0.12302398713714668,0.29780060706748523,FALSE,FALSE
1999-06-08,Weddell,0.792001952,-0.11381031922975948,0.11381031922975948,0.29780060706748523,FALSE,FALSE
1999-06-09,Weddell,0.850392702,-0.06463620992561636,0.06463620992561636,0.29780060706748523,FALSE,FALSE
1999-06-10,Weddell,0.943080502,0.01886177076654527,0.01886177076654527,0.29780060706748523,FALSE,FALSE
1999-06-11,Weddell,0.979827729,0.04643120383798915,0.04643120383798915,0.29780060706748523,FALSE,FALSE
1999-06-12,Weddell,1.034312407,0.09173531727997708,0.09173531727997708,0.29780060706748523,FALSE,FALSE
1999-06-13,Weddell,1.060006352,0.10823113108377248,0.10823113108377248,0.29780060706748523,FALSE,FALSE
1999-06-14,Weddell,1.074680566,0.11367526562054896,0.11367526562054896,0.29780060706748523,FALSE,FALSE
1999-06-15,Weddell,1.086840047,0.116576604846529,0.116576604846529,0.29780060706748523,FALSE,FALSE
1999-06-16,Weddell,1.102670352,0.123149652207028,0.123149652207028,0.29780060706748523,FALSE,FALSE
1999-06-17,Weddell,1.087944112,0.09919780082253073,0.09919780082253073,0.29780060706748523,FALSE,FALSE
1999-06-18,Weddell,1.096512723,0.09860320881351692,0.09860320881351692,0.29780060706748523,FALSE,FALSE
1999-06-19,Weddell,1.119187011,0.1122074643004709,0.1122074643004709,0.29780060706748523,FALSE,FALSE
1999-06-20,Weddell,1.121054564,0.1051289174038752,0.1051289174038752,0.29780060706748523,FALSE,FALSE
1999-06-21,Weddell,1.12713858,0.10242152824421158,0.10242152824421158,0.29780060706748523,FALSE,FALSE
1999-06-22,Weddell,1.13809476,0.10477175994196351,0.10477175994196351,0.29780060706748523,FALSE,FALSE
1999-06-23,Weddell,1.156336372,0.11462364261761304,0.11462364261761304,0.29780060706748523,FALSE,FALSE
1999-06-24,Weddell,1.172761593,0.12290611539164288,0.12290611539164288,0.29780060706748523,FALSE,FALSE
1999-06-25,Weddell,1.183729888,0.1260094053845353,0.1260094053845353,0.29780060706748523,FALSE,FALSE
1999-06-26,Weddell,1.201888532,0.1366115497167728,0.1366115497167728,0.29780060706748523,FALSE,FALSE
1999-06-27,Weddell,1.197575151,0.12507681213238664,0.12507681213238664,0.29780060706748523,FALSE,FALSE
1999-06-28,Weddell,1.174980824,0.0955917435028848,0.0955917435028848,0.29780060706748523,FALSE,FALSE
1999-06-29,Weddell,1.144445198,0.05847722178754466,0.05847722178754466,0.29780060706748523,FALSE,FALSE
1999-06-30,Weddell,1.107965849,0.01571198072584256,0.01571198072584256,0.29780060706748523,FALSE,FALSE
1999-07-01,Weddell,1.099485813,0.00122021405725569,0.00122021405725569,0.29780060706748523,FALSE,FALSE
1999-07-02,Weddell,1.096984185,-0.00703782547873954,0.00703782547873954,0.29780060706748523,FALSE,FALSE
1999-07-03,Weddell,1.076806438,-0.03273550714266537,0.03273550714266537,0.29780060706748523,FALSE,FALSE
1999-07-04,Weddell,1.05124348,-0.06360076519504698,0.06360076519504698,0.29780060706748523,FALSE,FALSE
1999-07-05,Weddell,1.055439011,-0.06450874189640632,0.06450874189640632,0.29780060706748523,FALSE,FALSE
1999-07-06,Weddell,1.057094435,-0.06777687550726696,0.06777687550726696,0.29780060706748523,FALSE,FALSE
1999-07-07,Weddell,1.067473787,-0.06215997328815259,0.06215997328815259,0.29780060706748523,FALSE,FALSE
1999-07-08,Weddell,1.096280776,-0.03797316849958698,0.03797316849958698,0.29780060706748523,FALSE,FALSE
1999-07-09,Weddell,1.131291964,-0.00745873386687923,0.00745873386687923,0.29780060706748523,FALSE,FALSE
1999-07-10,Weddell,1.16466326,0.02152187044875697,0.02152187044875697,0.29780060706748523,FALSE,FALSE
1999-07-11,Weddell,1.165248201,0.01780801963568246,0.01780801963568246,0.29780060706748523,FALSE,FALSE
1999-07-12,Weddell,1.155547067,0.00388625633105488,0.00388625633105488,0.29780060706748523,FALSE,FALSE
1999-07-13,Weddell,1.135395858,-0.02042115682796841,0.02042115682796841,0.29780060706748523,FALSE,FALSE
1999-07-14,Weddell,1.111704288,-0.04821824320422974,0.04821824320422974,0.29780060706748523,FALSE,FALSE
1999-07-15,Weddell,1.131668775,-0.03232232216057262,0.03232232216057262,0.29780060706748523,FALSE,FALSE
1999-07-16,Weddell,1.120603709,-0.04743274105983897,0.04743274105983897,0.29780060706748523,FALSE,FALSE
1999-07-17,Weddell,1.108831026,-0.0632413012648727,0.0632413012648727,0.29780060706748523,FALSE,FALSE
1999-07-18,Weddell,1.0877476,-0.08836486613851435,0.08836486613851435,0.29780060706748523,FALSE,FALSE
1999-07-19,Weddell,1.058314731,-0.121855873043609,0.121855873043609,0.29780060706748523,FALSE,FALSE
1999-07-20,Weddell,1.019215557,-0.1650449213429972,0.1650449213429972,0.29780060706748523,FALSE,FALSE
1999-07-21,Weddell,0.999114742,-0.1892810843995232,0.1892810843995232,0.29780060706748523,FALSE,FALSE
1999-07-22,Weddell,1.029936967,-0.16265237512534347,0.16265237512534347,0.29780060706748523,FALSE,FALSE
1999-07-23,Weddell,1.158988286,-0.03785103141565527,0.03785103141565527,0.29780060706748523,FALSE,FALSE
1999-07-24,Weddell,1.229558197,0.02842465103606151,0.02842465103606151,0.29780060706748523,FALSE,FALSE
1999-07-25,Weddell,1.250157153,0.04469756967639227,0.04469756967639227,0.29780060706748523,FALSE,FALSE
1999-07-26,Weddell,1.285168887,0.07536390195192366,0.07536390195192366,0.29780060706748523,FALSE,FALSE
1999-07-27,Weddell,1.282740971,0.06858366430923879,0.06858366430923879,0.29780060706748523,FALSE,FALSE
1999-07-28,Weddell,1.277394249,0.05889014519492486,0.05889014519492486,0.29780060706748523,FALSE,FALSE
1999-07-29,Weddell,1.31010981,0.08727687805556772,0.08727687805556772,0.29780060706748523,FALSE,FALSE
1999-07-30,Weddell,1.317986661,0.09085531433775174,0.09085531433775174,0.29780060706748523,FALSE,FALSE
1999-07-31,Weddell,1.328358831,0.09697192748806203,0.09697192748806203,0.29780060706748523,FALSE,FALSE
1999-08-01,Weddell,1.360475079,0.12488792095308554,0.12488792095308554,0.29780060706748523,FALSE,FALSE
1999-08-02,Weddell,1.396667889,0.15694822317940593,0.15694822317940593,0.29780060706748523,FALSE,FALSE
1999-08-03,Weddell,1.415316021,0.17154403848303668,0.17154403848303668,0.29780060706748523,FALSE,FALSE
1999-08-04,Weddell,1.415897862,0.16816267321450518,0.16816267321450518,0.29780060706748523,FALSE,FALSE
1999-08-05,Weddell,1.381456478,0.12984339681221835,0.12984339681221835,0.29780060706748523,FALSE,FALSE
1999-08-06,Weddell,1.348840643,0.09342832036244642,0.09342832036244642,0.29780060706748523,FALSE,FALSE
1999-08-07,Weddell,1.346517551,0.08737797495145827,0.08737797495145827,0.29780060706748523,FALSE,FALSE
1999-08-08,Weddell,1.396453002,0.13365149766552498,0.13365149766552498,0.29780060706748523,FALSE,FALSE
1999-08-09,Weddell,1.395977267,0.1295724965909144,0.1295724965909144,0.29780060706748523,FALSE,FALSE
1999-08-10,Weddell,1.355788892,0.0858328548138978,0.0858328548138978,0.29780060706748523,FALSE,FALSE
1999-08-11,Weddell,1.335606769,0.06214480142074397,0.06214480142074397,0.29780060706748523,FALSE,FALSE
1999-08-12,Weddell,1.297929686,0.02100046149772261,0.02100046149772261,0.29780060706748523,FALSE,FALSE
1999-08-13,Weddell,1.209445188,-0.07091928286889515,0.07091928286889515,0.29780060706748523,FALSE,FALSE
1999-08-14,Weddell,1.190810789,-0.09296358059284172,0.09296358059284172,0.29780060706748523,FALSE,FALSE
1999-08-15,Weddell,1.205013765,-0.0821518185878467,0.0821518185878467,0.29780060706748523,FALSE,FALSE
1999-08-16,Weddell,1.217700934,-0.07284329281807422,0.07284329281807422,0.29780060706748523,FALSE,FALSE
1999-08-17,Weddell,1.208101892,-0.08579820517732206,0.08579820517732206,0.29780060706748523,FALSE,FALSE
1999-08-18,Weddell,1.232625666,-0.06457865153005415,0.06457865153005415,0.29780060706748523,FALSE,FALSE
1999-08-19,Weddell,1.294555559,-0.00587142830085229,0.00587142830085229,0.29780060706748523,FALSE,FALSE
1999-08-20,Weddell,1.337933429,0.03439522308569986,0.03439522308569986,0.29780060706748523,FALSE,FALSE
1999-08-21,Weddell,1.330005704,0.02349763120501813,0.02349763120501813,0.29780060706748523,FALSE,FALSE
1999-08-22,Weddell,1.342144755,0.03283806763252217,0.03283806763252217,0.29780060706748523,FALSE,FALSE
1999-08-23,Weddell,1.324672051,0.01276790194362664,0.01276790194362664,0.29780060706748523,FALSE,FALSE
1999-08-24,Weddell,1.306511429,-0.00775912828624969,0.00775912828624969,0.29780060706748523,FALSE,FALSE
1999-08-25,Weddell,1.317377757,0.00100174551830911,0.00100174551830911,0.29780060706748523,FALSE,FALSE
1999-08-26,Weddell,1.363545582,0.04535497093272056,0.04535497093272056,0.29780060706748523,FALSE,FALSE
1999-08-27,Weddell,1.364620877,0.04493642153240196,0.04493642153240196,0.29780060706748523,FALSE,FALSE
1999-08-28,Weddell,1.367043372,0.0462157278927704,0.0462157278927704,0.29780060706748523,FALSE,FALSE
1999-08-29,Weddell,1.368854546,0.04725859258322651,0.04725859258322651,0.29780060706748523,FALSE,FALSE
1999-08-30,Weddell,1.365785925,0.04378626205642133,0.04378626205642133,0.29780060706748523,FALSE,FALSE
1999-08-31,Weddell,1.384277599,0.06221558284489825,0.06221558284489825,0.29780060706748523,FALSE,FALSE
1999-09-01,Weddell,1.386387954,0.06458167422818595,0.06458167422818595,0.29780060706748523,FALSE,FALSE
1999-09-02,Weddell,1.377814686,0.05655896548581296,0.05655896548581296,0.29780060706748523,FALSE,FALSE
1999-09-03,Weddell,1.398867984,0.07843437889730565,0.07843437889730565,0.29780060706748523,FALSE,FALSE
1999-09-04,Weddell,1.394522768,0.0751595677421939,0.0751595677421939,0.29780060706748523,FALSE,FALSE
1999-09-05,Weddell,1.372661147,0.0545933743000051,0.0545933743000051,0.29780060706748523,FALSE,FALSE
1999-09-06,Weddell,1.397863816,0.08129322685026685,0.08129322685026685,0.29780060706748523,FALSE,FALSE
1999-09-07,Weddell,1.464832556,0.1499376396725074,0.1499376396725074,0.29780060706748523,FALSE,FALSE
1999-09-08,Weddell,1.484621864,0.171557843046255,0.171557843046255,0.29780060706748523,FALSE,FALSE
1999-09-09,Weddell,1.466858937,0.15575776725103818,0.15575776725103818,0.29780060706748523,FALSE,FALSE
1999-09-10,Weddell,1.431653831,0.1226243135315841,0.1226243135315841,0.29780060706748523,FALSE,FALSE
1999-09-11,Weddell,1.397056994,0.09019540417278438,0.09019540417278438,0.29780060706748523,FALSE,FALSE
1999-09-12,Weddell,1.345555827,0.04096514885632829,0.04096514885632829,0.29780060706748523,FALSE,FALSE
1999-09-13,Weddell,1.278596469,-0.02361157952179593,0.02361157952179593,0.29780060706748523,FALSE,FALSE
1999-09-14,Weddell,1.214076939,-0.085628028065599,0.085628028065599,0.29780060706748523,FALSE,FALSE
1999-09-15,Weddell,1.183718542,-0.11335415787909486,0.11335415787909486,0.29780060706748523,FALSE,FALSE
1999-09-16,Weddell,1.173334751,-0.1209677620662939,0.1209677620662939,0.29780060706748523,FALSE,FALSE
1999-09-17,Weddell,1.152850599,-0.13853507373120855,0.13853507373120855,0.29780060706748523,FALSE,FALSE
1999-09-18,Weddell,1.159625957,-0.12868748797785123,0.12868748797785123,0.29780060706748523,FALSE,FALSE
1999-09-19,Weddell,1.155490823,-0.12958627291023328,0.12958627291023328,0.29780060706748523,FALSE,FALSE
1999-09-20,Weddell,1.166250543,-0.11541734863236686,0.11541734863236686,0.29780060706748523,FALSE,FALSE
1999-09-21,Weddell,1.189131427,-0.08894567124826369,0.08894567124826369,0.29780060706748523,FALSE,FALSE
1999-09-22,Weddell,1.213028563,-0.06126741886193643,0.06126741886193643,0.29780060706748523,FALSE,FALSE
1999-09-23,Weddell,1.206399439,-0.06391853252309754,0.06391853252309754,0.29780060706748523,FALSE,FALSE
1999-09-24,Weddell,1.212511147,-0.05364850604850524,0.05364850604850524,0.29780060706748523,FALSE,FALSE
1999-09-25,Weddell,1.259248398,-0.00260326150577516,0.00260326150577516,0.29780060706748523,FALSE,FALSE
1999-09-26,Weddell,1.275532793,0.01810797193905156,0.01810797193905156,0.29780060706748523,FALSE,FALSE
1999-09-27,Weddell,1.290685277,0.03777530911993332,0.03777530911993332,0.29780060706748523,FALSE,FALSE
1999-09-28,Weddell,1.305465143,0.05712721287082711,0.05712721287082711,0.29780060706748523,FALSE,FALSE
1999-09-29,Weddell,1.296330014,0.05259047602569233,0.05259047602569233,0.29780060706748523,FALSE,FALSE
1999-09-30,Weddell,1.294385728,0.05524010641848642,0.05524010641848642,0.29780060706748523,FALSE,FALSE
1999-10-01,Weddell,1.254707596,0.02012058488316803,0.02012058488316803,0.29780060706748523,FALSE,FALSE
1999-10-02,Weddell,1.194280824,-0.03581371274630474,0.03581371274630474,0.29780060706748523,FALSE,FALSE
1999-10-03,Weddell,1.117326038,-0.10837299063597385,0.10837299063597385,0.29780060706748523,FALSE,FALSE
1999-10-04,Weddell,1.058781533,-0.16264978395188212,0.16264978395188212,0.29780060706748523,FALSE,FALSE
1999-10-05,Weddell,1.015904272,-0.20141794997991935,0.20141794997991935,0.29780060706748523,FALSE,FALSE
1999-10-06,Weddell,0.953931775,-0.2594588376835907,0.2594588376835907,0.29780060706748523,FALSE,FALSE
1999-10-07,Weddell,0.901364456,-0.3082557466224478,0.3082557466224478,0.29780060706748523,TRUE,TRUE
1999-10-08,Weddell,0.884248062,-0.32174021174421275,0.32174021174421275,0.29780060706748523,TRUE,TRUE
1999-10-09,Weddell,0.845710227,-0.3567618809966112,0.3567618809966112,0.29780060706748523,TRUE,TRUE
1999-10-10,Weddell,0.785342427,-0.4137065603273651,0.4137065603273651,0.29780060706748523,TRUE,TRUE
1999-10-11,Weddell,0.75287488,-0.4428213136842001,0.4428213136842001,0.29780060706748523,TRUE,TRUE
1999-10-12,Weddell,0.719771205,-0.47261980401483816,0.47261980401483816,0.29780060706748523,TRUE,TRUE
1999-10-13,Weddell,0.693365217,-0.49574549826700465,0.49574549826700465,0.29780060706748523,TRUE,TRUE
1999-10-14,Weddell,0.705954117,-0.4798784773884216,0.4798784773884216,0.29780060706748523,TRUE,TRUE
1999-10-15,Weddell,0.801816859,-0.3807170693268137,0.3807170693268137,0.29780060706748523,TRUE,TRUE
1999-10-16,Weddell,0.975853698,-0.20333830102990424,0.20333830102990424,0.29780060706748523,FALSE,FALSE
1999-10-17,Weddell,1.049312878,-0.12647121044541865,0.12647121044541865,0.29780060706748523,FALSE,FALSE
1999-10-18,Weddell,1.045680723,-0.1266071987983104,0.1266071987983104,0.29780060706748523,FALSE,FALSE
1999-10-19,Weddell,1.034768964,-0.1339216753906063,0.1339216753906063,0.29780060706748523,FALSE,FALSE
1999-10-20,Weddell,1.034942241,-0.1300461414819596,0.1300461414819596,0.29780060706748523,FALSE,FALSE
1999-10-21,Weddell,1.029492434,-0.13168521873283143,0.13168521873283143,0.29780060706748523,FALSE,FALSE
1999-10-22,Weddell,1.029493759,-0.1277611928036837,0.1277611928036837,0.29780060706748523,FALSE,FALSE
1999-10-23,Weddell,1.046609659,-0.1066071223549776,0.1066071223549776,0.29780060706748523,FALSE,FALSE
1999-10-24,Weddell,1.068632221,-0.08042742204717346,0.08042742204717346,0.29780060706748523,FALSE,FALSE
1999-10-25,Weddell,1.082640381,-0.06213965754073336,0.06213965754073336,0.29780060706748523,FALSE,FALSE
1999-10-26,Weddell,1.074488107,-0.06588636249611834,0.06588636249611834,0.29780060706748523,FALSE,FALSE
1999-10-27,Weddell,1.041341549,-0.09449788857379038,0.09449788857379038,0.29780060706748523,FALSE,FALSE
1999-10-28,Weddell,0.987966649,-0.1432047954342085,0.1432047954342085,0.29780060706748523,FALSE,FALSE
1999-10-29,Weddell,0.95748553,-0.16888146173783625,0.16888146173783625,0.29780060706748523,FALSE,FALSE
1999-10-30,Weddell,0.970991001,-0.15043158014513414,0.15043158014513414,0.29780060706748523,FALSE,FALSE
1999-10-31,Weddell,0.971508499,-0.1448268684591456,0.1448268684591456,0.29780060706748523,FALSE,FALSE
1999-11-01,Weddell,0.96905546,-0.14205026039252922,0.14205026039252922,0.29780060706748523,FALSE,FALSE
1999-11-02,Weddell,0.96839228,-0.13734271715324908,0.13734271715324908,0.29780060706748523,FALSE,FALSE
1999-11-03,Weddell,0.932026873,-0.16819768221473497,0.16819768221473497,0.29780060706748523,FALSE,FALSE
1999-11-04,Weddell,0.880283799,-0.21429195305041537,0.21429195305041537,0.29780060706748523,FALSE,FALSE
1999-11-05,Weddell,0.840744868,-0.24804507713372037,0.24804507713372037,0.29780060706748523,FALSE,FALSE
1999-11-06,Weddell,0.800668338,-0.28220015393807707,0.28220015393807707,0.29780060706748523,FALSE,FALSE
1999-11-07,Weddell,0.761158159,-0.31565459093691695,0.31565459093691695,0.29780060706748523,TRUE,TRUE
1999-11-08,Weddell,0.723622662,-0.3470014146036676,0.3470014146036676,0.29780060706748523,TRUE,TRUE
1999-11-09,Weddell,0.697680256,-0.366623573411759,0.366623573411759,0.29780060706748523,TRUE,TRUE
1999-11-10,Weddell,0.662785501,-0.39506786483461986,0.39506786483461986,0.29780060706748523,TRUE,TRUE
1999-11-11,Weddell,0.641808893,-0.40946515034567865,0.40946515034567865,0.29780060706748523,TRUE,TRUE
1999-11-12,Weddell,0.641816281,-0.40275084247780646,0.40275084247780646,0.29780060706748523,TRUE,TRUE
1999-11-13,Weddell,0.642482647,-0.3952459134280546,0.3952459134280546,0.29780060706748523,TRUE,TRUE
1999-11-14,Weddell,0.646877397,-0.3838689333603019,0.3838689333603019,0.29780060706748523,TRUE,TRUE
1999-11-15,Weddell,0.643171112,-0.38043663938212935,0.38043663938212935,0.29780060706748523,TRUE,TRUE
1999-11-16,Weddell,0.614032269,-0.4022678726011166,0.4022678726011166,0.29780060706748523,TRUE,TRUE
1999-11-17,Weddell,0.595415153,-0.41339566612484346,0.41339566612484346,0.29780060706748523,TRUE,TRUE
1999-11-18,Weddell,0.590434612,-0.4106924900608905,0.4106924900608905,0.29780060706748523,TRUE,TRUE
1999-11-19,Weddell,0.599584502,-0.3936518065168379,0.3936518065168379,0.29780060706748523,TRUE,TRUE
1999-11-20,Weddell,0.610076009,-0.37504974760026566,0.37504974760026566,0.29780060706748523,TRUE,TRUE
1999-11-21,Weddell,0.6106996,-0.3660831644187543,0.3660831644187543,0.29780060706748523,TRUE,TRUE
1999-11-22,Weddell,0.607600991,-0.3605936590798837,0.3605936590798837,0.29780060706748523,TRUE,TRUE
1999-11-23,Weddell,0.601966933,-0.3573817986912339,0.3573817986912339,0.29780060706748523,TRUE,TRUE
1999-11-24,Weddell,0.608115493,-0.3421168343603853,0.3421168343603853,0.29780060706748523,TRUE,TRUE
1999-11-25,Weddell,0.628558894,-0.3122762458011823,0.3122762458011823,0.29780060706748523,TRUE,TRUE
1999-11-26,Weddell,0.635932674,-0.2952343663277308,0.2952343663277308,0.29780060706748523,FALSE,FALSE
1999-11-27,Weddell,0.632271427,-0.28897661454922063,0.28897661454922063,0.29780060706748523,FALSE,FALSE
1999-11-28,Weddell,0.621098174,-0.29000005888926506,0.29000005888926506,0.29780060706748523,FALSE,FALSE
1999-11-29,Weddell,0.610532678,-0.2902050257714748,0.2902050257714748,0.29780060706748523,FALSE,FALSE
1999-11-30,Weddell,0.619882948,-0.2703035956194614,0.2703035956194614,0.29780060706748523,FALSE,FALSE
1999-12-01,Weddell,0.629137731,-0.25032711085683723,0.25032711085683723,0.29780060706748523,FALSE,FALSE
1999-12-02,Weddell,0.632263974,-0.23632871390721424,0.23632871390721424,0.29780060706748523,FALSE,FALSE
1999-12-03,Weddell,0.636084427,-0.22150574419420332,0.22150574419420332,0.29780060706748523,FALSE,FALSE
1999-12-04,Weddell,0.629316943,-0.21716043814141703,0.21716043814141703,0.29780060706748523,FALSE,FALSE
1999-12-05,Weddell,0.621913136,-0.21336127117246695,0.21336127117246695,0.29780060706748523,FALSE,FALSE
1999-12-06,Weddell,0.634270927,-0.18973041171096428,0.18973041171096428,0.29780060706748523,FALSE,FALSE
1999-12-07,Weddell,0.638634145,-0.17404411796208297,0.17404411796208297,0.29780060706748523,FALSE,FALSE
1999-12-08,Weddell,0.638650259,-0.16267431945675315,0.16267431945675315,0.29780060706748523,FALSE,FALSE
1999-12-09,Weddell,0.631851377,-0.15810664589649603,0.15810664589649603,0.29780060706748523,FALSE,FALSE
1999-12-10,Weddell,0.62564414,-0.15295194864130457,0.15295194864130457,0.29780060706748523,FALSE,FALSE
1999-12-11,Weddell,0.620674574,-0.14658169405116883,0.14658169405116883,0.29780060706748523,FALSE,FALSE
1999-12-12,Weddell,0.59908945,-0.15686660348608084,0.15686660348608084,0.29780060706748523,FALSE,FALSE
1999-12-13,Weddell,0.609032428,-0.1356805093060327,0.1356805093060327,0.29780060706748523,FALSE,FALSE
1999-12-14,Weddell,0.615273721,-0.11827069087101538,0.11827069087101538,0.29780060706748523,FALSE,FALSE
1999-12-15,Weddell,0.614701978,-0.10776599154102053,0.10776599154102053,0.29780060706748523,FALSE,FALSE
1999-12-16,Weddell,0.634988614,-0.0765124886760401,0.0765124886760401,0.29780060706748523,FALSE,FALSE
1999-12-17,Weddell,0.640640961,-0.06002034263606526,0.06002034263606526,0.29780060706748523,FALSE,FALSE
1999-12-18,Weddell,0.645071952,-0.04489411278108746,0.04489411278108746,0.29780060706748523,FALSE,FALSE
1999-12-19,Weddell,0.641429445,-0.03800343347109891,0.03800343347109891,0.29780060706748523,FALSE,FALSE
1999-12-20,Weddell,0.631567699,-0.03751095295367024,0.03751095295367024,0.29780060706748523,FALSE,FALSE
1999-12-21,Weddell,0.610539655,-0.04837138572118227,0.04837138572118227,0.29780060706748523,FALSE,FALSE
1999-12-22,Weddell,0.591380417,-0.05754989832075596,0.05754989832075596,0.29780060706748523,FALSE,FALSE
1999-12-23,Weddell,0.588924421,-0.05021211950381299,0.05021211950381299,0.29780060706748523,FALSE,FALSE
1999-12-24,Weddell,0.588323267,-0.04120651402177644,0.04120651402177644,0.29780060706748523,FALSE,FALSE
1999-12-25,Weddell,0.571558682,-0.04855141962606846,0.04855141962606846,0.29780060706748523,FALSE,FALSE
1999-12-26,Weddell,0.542348293,-0.06852927406811304,0.06852927406811304,0.29780060706748523,FALSE,FALSE
1999-12-27,Weddell,0.544166927,-0.05766531509933181,0.05766531509933181,0.29780060706748523,FALSE,FALSE
1999-12-28,Weddell,0.539793303,-0.05318088847114688,0.05318088847114688,0.29780060706748523,FALSE,FALSE
1999-12-29,Weddell,0.526695811,-0.05760766893498159,0.05760766893498159,0.29780060706748523,FALSE,FALSE
1999-12-30,Weddell,0.514222737,-0.06159743524225958,0.06159743524225958,0.29780060706748523,FALSE,FALSE
1999-12-31,Weddell,0.507986045,-0.05953828814440143,0.05953828814440143,0.29780060706748523,FALSE,FALSE
2000-01-01,Weddell,0.500478958,-0.05893706939283061,0.05893706939283061,0.29780060706748523,FALSE,FALSE
2000-01-02,Weddell,0.501737572,-0.04975639487456651,0.04975639487456651,0.29780060706748523,FALSE,FALSE
2000-01-03,Weddell,0.504844198,-0.03890725401901063,0.03890725401901063,0.29780060706748523,FALSE,FALSE
2000-01-04,Weddell,0.504215489,-0.03196494139116235,0.03196494139116235,0.29780060706748523,FALSE,FALSE
2000-01-05,Weddell,0.49612242,-0.0326504295560181,0.0326504295560181,0.29780060706748523,FALSE,FALSE
2000-01-06,Weddell,0.494241895,-0.0272787620785791,0.0272787620785791,0.29780060706748523,FALSE,FALSE
2000-01-07,Weddell,0.48991918,-0.02449662052384138,0.02449662052384138,0.29780060706748523,FALSE,FALSE
2000-01-08,Weddell,0.477998842,-0.02945138545680414,0.02945138545680414,0.29780060706748523,FALSE,FALSE
2000-01-09,Weddell,0.473493863,-0.02712202244246714,0.02712202244246714,0.29780060706748523,FALSE,FALSE
2000-01-10,Weddell,0.480344179,-0.01356054304582649,0.01356054304582649,0.29780060706748523,FALSE,FALSE
2000-01-11,Weddell,0.484725598,-0.00258308683188235,0.00258308683188235,0.29780060706748523,FALSE,FALSE
2000-01-12,Weddell,0.490307992,0.00948827063436824,0.00948827063436824,0.29780060706748523,FALSE,FALSE
2000-01-13,Weddell,0.4871834,0.01275362078792552,0.01275362078792552,0.29780060706748523,FALSE,FALSE
2000-01-14,Weddell,0.491674566,0.02354377650633349,0.02354377650633349,0.29780060706748523,FALSE,FALSE
2000-01-15,Weddell,0.483456791,0.02154269770507166,0.02154269770507166,0.29780060706748523,FALSE,FALSE
2000-01-16,Weddell,0.489031682,0.03326138949082063,0.03326138949082063,0.29780060706748523,FALSE,FALSE
2000-01-17,Weddell,0.488967537,0.03927759471922198,0.03927759471922198,0.29780060706748523,FALSE,FALSE
2000-01-18,Weddell,0.490304247,0.04664064924591765,0.04664064924591765,0.29780060706748523,FALSE,FALSE
2000-01-19,Weddell,0.494661935,0.05698012092654919,0.05698012092654919,0.29780060706748523,FALSE,FALSE
2000-01-20,Weddell,0.490260949,0.05852580261675927,0.05852580261675927,0.29780060706748523,FALSE,FALSE
2000-01-21,Weddell,0.45898816,0.03317401017218907,0.03317401017218907,0.29780060706748523,FALSE,FALSE
2000-01-22,Weddell,0.425865535,0.00595615544848104,0.00595615544848104,0.29780060706748523,FALSE,FALSE
2000-01-23,Weddell,0.415794908,0.00178351730127651,0.00178351730127651,0.29780060706748523,FALSE,FALSE
2000-01-24,Weddell,0.410775738,0.0026649995862179,0.0026649995862179,0.29780060706748523,FALSE,FALSE
2000-01-25,Weddell,0.385038328,-0.01715964984105339,0.01715964984105339,0.29780060706748523,FALSE,FALSE
2000-01-26,Weddell,0.390704844,-0.00555882012489433,0.00555882012489433,0.29780060706748523,FALSE,FALSE
2000-01-27,Weddell,0.390039663,-2.6136156659212206e-4,2.6136156659212206e-4,0.29780060706748523,FALSE,FALSE
2000-01-28,Weddell,0.387506083,0.00318470747603832,0.00318470747603832,0.29780060706748523,FALSE,FALSE
2000-01-29,Weddell,0.381831627,0.00348809289449941,0.00348809289449941,0.29780060706748523,FALSE,FALSE
2000-01-30,Weddell,0.386227365,0.01384102341799486,0.01384102341799486,0.29780060706748523,FALSE,FALSE
2000-01-31,Weddell,0.385572074,0.01910343477572901,0.01910343477572901,0.29780060706748523,FALSE,FALSE
2000-02-01,Weddell,0.367424155,0.00681488669690505,0.00681488669690505,0.29780060706748523,FALSE,FALSE
2000-02-02,Weddell,0.357385598,0.00255852791072758,0.00255852791072758,0.29780060706748523,FALSE,FALSE
2000-02-03,Weddell,0.347329091,-0.00181179485359994,0.00181179485359994,0.29780060706748523,FALSE,FALSE
2000-02-04,Weddell,0.340360857,-0.00320869986687355,0.00320869986687355,0.29780060706748523,FALSE,FALSE
2000-02-05,Weddell,0.348531743,0.01039981860011091,0.01039981860011091,0.29780060706748523,FALSE,FALSE
2000-02-06,Weddell,0.361692961,0.02884613127655705,0.02884613127655705,0.29780060706748523,FALSE,FALSE
2000-02-07,Weddell,0.354714707,0.02698159289166879,0.02698159289166879,0.29780060706748523,FALSE,FALSE
2000-02-08,Weddell,0.354077157,0.03126756249487289,0.03126756249487289,0.29780060706748523,FALSE,FALSE
2000-02-09,Weddell,0.342825824,0.0247339469722404,0.0247339469722404,0.29780060706748523,FALSE,FALSE
2000-02-10,Weddell,0.354731399,0.04114221679277219,0.04114221679277219,0.29780060706748523,FALSE,FALSE
2000-02-11,Weddell,0.356590795,0.04728081941594125,0.04728081941594125,0.29780060706748523,FALSE,FALSE
2000-02-12,Weddell,0.357795418,0.05253269530122201,0.05253269530122201,0.29780060706748523,FALSE,FALSE
2000-02-13,Weddell,0.35211739,0.0506615009080878,0.0506615009080878,0.29780060706748523,FALSE,FALSE
2000-02-14,Weddell,0.343994476,0.04609653569601268,0.04609653569601268,0.29780060706748523,FALSE,FALSE
2000-02-15,Weddell,0.329441804,0.03484446212447023,0.03484446212447023,0.29780060706748523,FALSE,FALSE
2000-02-16,Weddell,0.284900955,-0.00666160434706597,0.00666160434706597,0.29780060706748523,FALSE,FALSE
2000-02-17,Weddell,0.286872732,-0.00192932625912189,0.00192932625912189,0.29780060706748523,FALSE,FALSE
2000-02-18,Weddell,0.281227174,-0.00509713015222434,0.00509713015222434,0.29780060706748523,FALSE,FALSE
2000-02-19,Weddell,0.28807604,0.00393827743310065,0.00393827743310065,0.29780060706748523,FALSE,FALSE
2000-02-20,Weddell,0.289961334,0.00771043495632733,0.00771043495632733,0.29780060706748523,FALSE,FALSE
2000-02-21,Weddell,0.277461036,-0.00321067070243386,0.00321067070243386,0.29780060706748523,FALSE,FALSE
2000-02-22,Weddell,0.272443844,-0.00695860720855456,0.00695860720855456,0.29780060706748523,FALSE,FALSE
2000-02-23,Weddell,0.279322989,8.81400925275666e-4,8.81400925275666e-4,0.29780060706748523,FALSE,FALSE
2000-02-24,Weddell,0.276223646,-0.00156385793761126,0.00156385793761126,0.29780060706748523,FALSE,FALSE
2000-02-25,Weddell,0.253822828,-0.02361575743388283,0.02361575743388283,0.29780060706748523,FALSE,FALSE
2000-02-26,Weddell,0.287227653,0.0098344337997932,0.0098344337997932,0.29780060706748523,FALSE,FALSE
2000-02-27,Weddell,0.27969712,0.00204732812674957,0.00204732812674957,0.29780060706748523,FALSE,FALSE
2000-02-28,Weddell,0.266481602,-0.01172508808968153,0.01172508808968153,0.29780060706748523,FALSE,FALSE
2000-03-01,Weddell,0.241221352,-0.0389936576993769,0.0389936576993769,0.29780060706748523,FALSE,FALSE
2000-03-02,Weddell,0.247546531,-0.03411667336597621,0.03411667336597621,0.29780060706748523,FALSE,FALSE
2000-03-03,Weddell,0.283490551,8.5279877366784e-5,8.5279877366784e-5,0.29780060706748523,FALSE,FALSE
2000-03-04,Weddell,0.292382466,0.00694287026607653,0.00694287026607653,0.29780060706748523,FALSE,FALSE
2000-03-05,Weddell,0.276038688,-0.011722631890966,0.011722631890966,0.29780060706748523,FALSE,FALSE
2000-03-06,Weddell,0.280431547,-0.00992347681397043,0.00992347681397043,0.29780060706748523,FALSE,FALSE
2000-03-07,Weddell,0.286135613,-0.00706752904963975,0.00706752904963975,0.29780060706748523,FALSE,FALSE
2000-03-08,Weddell,0.279868861,-0.0164192481446781,0.0164192481446781,0.29780060706748523,FALSE,FALSE
2000-03-09,Weddell,0.274835184,-0.02475717564578994,0.02475717564578994,0.29780060706748523,FALSE,FALSE
2000-03-10,Weddell,0.272986532,-0.03011179609967829,0.03011179609967829,0.29780060706748523,FALSE,FALSE
2000-03-11,Weddell,0.267864376,-0.0389240730530469,0.0389240730530469,0.29780060706748523,FALSE,FALSE
2000-03-12,Weddell,0.270262384,-0.04038277305260046,0.04038277305260046,0.29780060706748523,FALSE,FALSE
2000-03-13,Weddell,0.270922399,-0.04372848764504211,0.04372848764504211,0.29780060706748523,FALSE,FALSE
2000-03-14,Weddell,0.259648702,-0.05913937037707578,0.05913937037707578,0.29780060706748523,FALSE,FALSE
2000-03-15,Weddell,0.238845206,-0.08419394279540557,0.08419394279540557,0.29780060706748523,FALSE,FALSE
2000-03-16,Weddell,0.218045928,-0.10934062244673508,0.10934062244673508,0.29780060706748523,FALSE,FALSE
2000-03-17,Weddell,0.21238796,-0.11942503064265236,0.11942503064265236,0.29780060706748523,FALSE,FALSE
2000-03-18,Weddell,0.223056668,-0.113251476807109,0.113251476807109,0.29780060706748523,FALSE,FALSE
2000-03-19,Weddell,0.235097907,-0.105771063791897,0.105771063791897,0.29780060706748523,FALSE,FALSE
2000-03-20,Weddell,0.224438744,-0.12105402531742752,0.12105402531742752,0.29780060706748523,FALSE,FALSE
2000-03-21,Weddell,0.209273665,-0.14090317610411124,0.14090317610411124,0.29780060706748523,FALSE,FALSE
2000-03-22,Weddell,0.216922939,-0.13799554787235888,0.13799554787235888,0.29780060706748523,FALSE,FALSE
2000-03-23,Weddell,0.233880018,-0.12583498934258094,0.12583498934258094,0.29780060706748523,FALSE,FALSE
2000-03-24,Weddell,0.281006186,-0.08355751723518795,0.08355751723518795,0.29780060706748523,FALSE,FALSE
2000-03-25,Weddell,0.328317559,-0.04114431627059128,0.04114431627059128,0.29780060706748523,FALSE,FALSE
2000-03-26,Weddell,0.352844257,-0.02156256716920135,0.02156256716920135,0.29780060706748523,FALSE,FALSE
2000-03-27,Weddell,0.347830028,-0.03156582265142871,0.03156582265142871,0.29780060706748523,FALSE,FALSE
2000-03-28,Weddell,0.306353987,-0.07807226843768389,0.07807226843768389,0.29780060706748523,FALSE,FALSE
2000-03-29,Weddell,0.262920859,-0.12657448024837803,0.12657448024837803,0.29780060706748523,FALSE,FALSE
2000-03-30,Weddell,0.247232226,-0.14736982799160236,0.14736982799160236,0.29780060706748523,FALSE,FALSE
2000-03-31,Weddell,0.235936692,-0.1638176850221741,0.1638176850221741,0.29780060706748523,FALSE,FALSE
2000-04-01,Weddell,0.215718301,-0.1892450529578636,0.1892450529578636,0.29780060706748523,FALSE,FALSE
2000-04-02,Weddell,0.224629717,-0.18561031595297184,0.18561031595297184,0.29780060706748523,FALSE,FALSE
2000-04-03,Weddell,0.225286711,-0.19030875116179988,0.19030875116179988,0.29780060706748523,FALSE,FALSE
2000-04-04,Weddell,0.248042189,-0.17299850073864884,0.17299850073864884,0.29780060706748523,FALSE,FALSE
2000-04-05,Weddell,0.311663299,-0.11492346483781853,0.11492346483781853,0.29780060706748523,FALSE,FALSE
2000-04-06,Weddell,0.354292072,-0.07795266061361106,0.07795266061361106,0.29780060706748523,FALSE,FALSE
2000-04-07,Weddell,0.377517742,-0.06050790222032648,0.06050790222032648,0.29780060706748523,FALSE,FALSE
2000-04-08,Weddell,0.38692062,-0.05701992681226653,0.05701992681226653,0.29780060706748523,FALSE,FALSE
2000-04-09,Weddell,0.376250974,-0.07374951454373119,0.07374951454373119,0.29780060706748523,FALSE,FALSE
2000-04-10,Weddell,0.395707529,-0.06050898856902259,0.06050898856902259,0.29780060706748523,FALSE,FALSE
2000-04-11,Weddell,0.416331837,-0.0462676783398257,0.0462676783398257,0.29780060706748523,FALSE,FALSE
2000-04-12,Weddell,0.447583456,-0.02156502637360463,0.02156502637360463,0.29780060706748523,FALSE,FALSE
2000-04-13,Weddell,0.465063754,-0.01077907957431972,0.01077907957431972,0.29780060706748523,FALSE,FALSE
2000-04-14,Weddell,0.464430653,-0.01822950146195495,0.01822950146195495,0.29780060706748523,FALSE,FALSE
2000-04-15,Weddell,0.456890493,-0.03268753755649595,0.03268753755649595,0.29780060706748523,FALSE,FALSE
2000-04-16,Weddell,0.469325079,-0.02724896837792767,0.02724896837792767,0.29780060706748523,FALSE,FALSE
2000-04-17,Weddell,0.493060666,-0.0105651244462348,0.0105651244462348,0.29780060706748523,FALSE,FALSE
2000-04-18,Weddell,0.491164287,-0.01954655828140267,0.01954655828140267,0.29780060706748523,FALSE,FALSE
2000-04-19,Weddell,0.481694,-0.03611279740341616,0.03611279740341616,0.29780060706748523,FALSE,FALSE
2000-04-20,Weddell,0.499589089,-0.02530214333226044,0.02530214333226044,0.29780060706748523,FALSE,FALSE
2000-04-21,Weddell,0.523062765,-0.00887897058792053,0.00887897058792053,0.29780060706748523,FALSE,FALSE
2000-04-22,Weddell,0.562027337,0.02309144430961862,0.02309144430961862,0.29780060706748523,FALSE,FALSE
2000-04-23,Weddell,0.5887947,0.04294341084037167,0.04294341084037167,0.29780060706748523,FALSE,FALSE
2000-04-24,Weddell,0.610082714,0.05741518608042351,0.05741518608042351,0.29780060706748523,FALSE,FALSE
2000-04-25,Weddell,0.612718801,0.05333542888772535,0.05333542888772535,0.29780060706748523,FALSE,FALSE
2000-04-26,Weddell,0.618883513,0.05287534007163197,0.05287534007163197,0.29780060706748523,FALSE,FALSE
2000-04-27,Weddell,0.643043755,0.07049236190809915,0.07049236190809915,0.29780060706748523,FALSE,FALSE
2000-04-28,Weddell,0.684051289,0.10502879367308238,0.10502879367308238,0.29780060706748523,FALSE,FALSE
2000-04-29,Weddell,0.668742527,0.08331158464253674,0.08331158464253674,0.29780060706748523,FALSE,FALSE
2000-04-30,Weddell,0.670013146,0.07822694909241812,0.07822694909241812,0.29780060706748523,FALSE,FALSE
2000-05-01,Weddell,0.666977391,0.06887966929868206,0.06887966929868206,0.29780060706748523,FALSE,FALSE
2000-05-02,Weddell,0.6521238,0.04774882053728446,0.04774882053728446,0.29780060706748523,FALSE,FALSE
2000-05-03,Weddell,0.617359264,0.00673183108418051,0.00673183108418051,0.29780060706748523,FALSE,FALSE
2000-05-04,Weddell,0.609764422,-0.00710012278467464,0.00710012278467464,0.29780060706748523,FALSE,FALSE
2000-05-05,Weddell,0.59726626,-0.02582951779332498,0.02582951779332498,0.29780060706748523,FALSE,FALSE
2000-05-06,Weddell,0.617015617,-0.01231498549439247,0.01231498549439247,0.29780060706748523,FALSE,FALSE
2000-05-07,Weddell,0.662934614,0.02735176000518335,0.02735176000518335,0.29780060706748523,FALSE,FALSE
2000-05-08,Weddell,0.710199675,0.06832169145720701,0.06832169145720701,0.29780060706748523,FALSE,FALSE
2000-05-09,Weddell,0.705922521,0.05767916733966261,0.05767916733966261,0.29780060706748523,FALSE,FALSE
2000-05-10,Weddell,0.683562148,0.02885582113053297,0.02885582113053297,0.29780060706748523,FALSE,FALSE
2000-05-11,Weddell,0.669806171,0.00851190530780265,0.00851190530780265,0.29780060706748523,FALSE,FALSE
2000-05-12,Weddell,0.675446549,0.00741201634945387,0.00741201634945387,0.29780060706748523,FALSE,FALSE
2000-05-13,Weddell,0.664348406,-0.0106060842665292,0.0106060842665292,0.29780060706748523,FALSE,FALSE
2000-05-14,Weddell,0.661189488,-0.02089201306216293,0.02089201306216293,0.29780060706748523,FALSE,FALSE
2000-05-15,Weddell,0.644832786,-0.04461014155946397,0.04461014155946397,0.29780060706748523,FALSE,FALSE
2000-05-16,Weddell,0.671831522,-0.0252346102804486,0.0252346102804486,0.29780060706748523,FALSE,FALSE
2000-05-17,Weddell,0.675866662,-0.02911181574713339,0.02911181574713339,0.29780060706748523,FALSE,FALSE
2000-05-18,Weddell,0.712262683,-9.446434815347792e-4,9.446434815347792e-4,0.29780060706748523,FALSE,FALSE
2000-05-19,Weddell,0.752395031,0.0306168696574729,0.0306168696574729,0.29780060706748523,FALSE,FALSE
2000-05-20,Weddell,0.814817059,0.08413489261543339,0.08413489261543339,0.29780060706748523,FALSE,FALSE
2000-05-21,Weddell,0.882934276,0.14305371664726074,0.14305371664726074,0.29780060706748523,FALSE,FALSE
2000-05-22,Weddell,0.920657619,0.17132406921585608,0.17132406921585608,0.29780060706748523,FALSE,FALSE
2000-05-23,Weddell,0.925667761,0.16666641378412217,0.16666641378412217,0.29780060706748523,FALSE,FALSE
2000-05-24,Weddell,0.917061194,0.14821703281496124,0.14821703281496124,0.29780060706748523,FALSE,FALSE
2000-05-25,Weddell,0.917491695,0.1386694937712749,0.1386694937712749,0.29780060706748523,FALSE,FALSE
2000-05-26,Weddell,0.912505373,0.12360969611596562,0.12360969611596562,0.29780060706748523,FALSE,FALSE
2000-05-27,Weddell,0.908262406,0.10923760831193507,0.10923760831193507,0.29780060706748523,FALSE,FALSE
2000-05-28,Weddell,0.875177005,0.06600723182208634,0.06600723182208634,0.29780060706748523,FALSE,FALSE
2000-05-29,Weddell,0.841545092,0.02225427910932076,0.02225427910932076,0.29780060706748523,FALSE,FALSE
2000-05-30,Weddell,0.788524149,-0.04082397736345922,0.04082397736345922,0.29780060706748523,FALSE,FALSE
2000-05-31,Weddell,0.734845874,-0.10445604913335182,0.10445604913335182,0.29780060706748523,FALSE,FALSE
2000-06-01,Weddell,0.688937957,-0.16018264441695065,0.16018264441695065,0.29780060706748523,FALSE,FALSE
2000-06-02,Weddell,0.655396549,-0.20341233762439803,0.20341233762439803,0.29780060706748523,FALSE,FALSE
2000-06-03,Weddell,0.680315448,-0.1880661263914044,0.1880661263914044,0.29780060706748523,FALSE,FALSE
2000-06-04,Weddell,0.719465804,-0.15838765672670618,0.15838765672670618,0.29780060706748523,FALSE,FALSE
2000-06-05,Weddell,0.766050956,-0.12118838563904188,0.12118838563904188,0.29780060706748523,FALSE,FALSE
2000-06-06,Weddell,0.801817808,-0.09473620513714665,0.09473620513714665,0.29780060706748523,FALSE,FALSE
2000-06-07,Weddell,0.83192249,-0.07388978122975953,0.07388978122975953,0.29780060706748523,FALSE,FALSE
2000-06-08,Weddell,0.893071562,-0.021957349925616262,0.021957349925616262,0.29780060706748523,FALSE,FALSE
2000-06-09,Weddell,0.959616734,0.03539800276654525,0.03539800276654525,0.29780060706748523,FALSE,FALSE
2000-06-10,Weddell,1.012474329,0.07907780383798912,0.07907780383798912,0.29780060706748523,FALSE,FALSE
2000-06-11,Weddell,1.062821275,0.12024418527997692,0.12024418527997692,0.29780060706748523,FALSE,FALSE
2000-06-12,Weddell,1.112231072,0.16045585108377236,0.16045585108377236,0.29780060706748523,FALSE,FALSE
2000-06-13,Weddell,1.133582041,0.17257674062054884,0.17257674062054884,0.29780060706748523,FALSE,FALSE
2000-06-14,Weddell,1.14592073,0.17565728784652912,0.17565728784652912,0.29780060706748523,FALSE,FALSE
2000-06-15,Weddell,1.115611573,0.13609087320702795,0.13609087320702795,0.29780060706748523,FALSE,FALSE
2000-06-16,Weddell,1.0596239139999999,0.07087760282253064,0.07087760282253064,0.29780060706748523,FALSE,FALSE
2000-06-17,Weddell,1.003502932,0.00559341781351685,0.00559341781351685,0.29780060706748523,FALSE,FALSE
2000-06-18,Weddell,0.971581135,-0.03539841169952906,0.03539841169952906,0.29780060706748523,FALSE,FALSE
2000-06-19,Weddell,0.970994219,-0.04493142759612478,0.04493142759612478,0.29780060706748523,FALSE,FALSE
2000-06-20,Weddell,0.981450516,-0.04326653575578843,0.04326653575578843,0.29780060706748523,FALSE,FALSE
2000-06-21,Weddell,1.046501409,0.01317840894196353,0.01317840894196353,0.29780060706748523,FALSE,FALSE
2000-06-22,Weddell,1.085683292,0.04397056261761301,0.04397056261761301,0.29780060706748523,FALSE,FALSE
2000-06-23,Weddell,1.097903253,0.04804777539164284,0.04804777539164284,0.29780060706748523,FALSE,FALSE
2000-06-24,Weddell,1.099079736,0.04135925338453528,0.04135925338453528,0.29780060706748523,FALSE,FALSE
2000-06-25,Weddell,1.091754139,0.02647715671677297,0.02647715671677297,0.29780060706748523,FALSE,FALSE
2000-06-26,Weddell,1.07695287,0.00445453113238669,0.00445453113238669,0.29780060706748523,FALSE,FALSE
2000-06-27,Weddell,1.057234054,-0.02215502649711509,0.02215502649711509,0.29780060706748523,FALSE,FALSE
2000-06-28,Weddell,1.045986688,-0.0399812882124555,0.0399812882124555,0.29780060706748523,FALSE,FALSE
2000-06-29,Weddell,1.059979035,-0.03227483327415736,0.03227483327415736,0.29780060706748523,FALSE,FALSE
2000-06-30,Weddell,1.113011283,0.01474568405725573,0.01474568405725573,0.29780060706748523,FALSE,FALSE
2000-07-01,Weddell,1.154367885,0.0503458745212606,0.0503458745212606,0.29780060706748523,FALSE,FALSE
2000-07-02,Weddell,1.182332781,0.07279083585733459,0.07279083585733459,0.29780060706748523,FALSE,FALSE
2000-07-03,Weddell,1.182435243,0.06759099780495315,0.06759099780495315,0.29780060706748523,FALSE,FALSE
2000-07-04,Weddell,1.202055817,0.08210806410359361,0.08210806410359361,0.29780060706748523,FALSE,FALSE
2000-07-05,Weddell,1.207455702,0.08258439149273311,0.08258439149273311,0.29780060706748523,FALSE,FALSE
2000-07-06,Weddell,1.210495722,0.08086196171184756,0.08086196171184756,0.29780060706748523,FALSE,FALSE
2000-07-07,Weddell,1.205587547,0.07133360250041298,0.07133360250041298,0.29780060706748523,FALSE,FALSE
2000-07-08,Weddell,1.1578984,0.01914770213312078,0.01914770213312078,0.29780060706748523,FALSE,FALSE
2000-07-09,Weddell,1.08445224,-0.05868914955124293,0.05868914955124293,0.29780060706748523,FALSE,FALSE
2000-07-10,Weddell,0.985044931,-0.16239525036431757,0.16239525036431757,0.29780060706748523,FALSE,FALSE
2000-07-11,Weddell,0.870077188,-0.2815836226689452,0.2815836226689452,0.29780060706748523,FALSE,FALSE
2000-07-12,Weddell,0.797073844,-0.35874317082796847,0.35874317082796847,0.29780060706748523,TRUE,TRUE
2000-07-13,Weddell,0.780841275,-0.37908125620422983,0.37908125620422983,0.29780060706748523,TRUE,TRUE
2000-07-14,Weddell,0.766019544,-0.39797155316057264,0.39797155316057264,0.29780060706748523,TRUE,TRUE
2000-07-15,Weddell,0.759552855,-0.408483595059839,0.408483595059839,0.29780060706748523,TRUE,TRUE
2000-07-16,Weddell,0.755251478,-0.41682084926487273,0.41682084926487273,0.29780060706748523,TRUE,TRUE
2000-07-17,Weddell,0.740181659,-0.4359308071385143,0.4359308071385143,0.29780060706748523,TRUE,TRUE
2000-07-18,Weddell,0.728412043,-0.4517585610436091,0.4517585610436091,0.29780060706748523,TRUE,TRUE
2000-07-19,Weddell,0.701099537,-0.4831609413429973,0.4831609413429973,0.29780060706748523,TRUE,TRUE
2000-07-20,Weddell,0.707300459,-0.4810953673995231,0.4810953673995231,0.29780060706748523,TRUE,TRUE
2000-07-21,Weddell,0.722518716,-0.4700706261253435,0.4700706261253435,0.29780060706748523,TRUE,TRUE
2000-07-22,Weddell,0.719395416,-0.4774439014156553,0.4774439014156553,0.29780060706748523,TRUE,TRUE
2000-07-23,Weddell,0.677652732,-0.5234808139639385,0.5234808139639385,0.29780060706748523,TRUE,TRUE
2000-07-24,Weddell,0.636625396,-0.5688341873236077,0.5688341873236077,0.29780060706748523,TRUE,TRUE
2000-07-25,Weddell,0.610340506,-0.5994644790480763,0.5994644790480763,0.29780060706748523,TRUE,TRUE
2000-07-26,Weddell,0.613552776,-0.6006045306907611,0.6006045306907611,0.29780060706748523,TRUE,TRUE
2000-07-27,Weddell,0.640176306,-0.5783277978050753,0.5783277978050753,0.29780060706748523,TRUE,TRUE
2000-07-28,Weddell,0.830792597,-0.39204033494443224,0.39204033494443224,0.29780060706748523,TRUE,TRUE
2000-07-29,Weddell,1.051631908,-0.17549943866224815,0.17549943866224815,0.29780060706748523,FALSE,FALSE
2000-07-30,Weddell,1.097778237,-0.13360866651193803,0.13360866651193803,0.29780060706748523,FALSE,FALSE
2000-07-31,Weddell,1.112249709,-0.12333744904691436,0.12333744904691436,0.29780060706748523,FALSE,FALSE
2000-08-01,Weddell,1.167235779,-0.07248388682059392,0.07248388682059392,0.29780060706748523,FALSE,FALSE
2000-08-02,Weddell,1.237597258,-0.00617472451696321,0.00617472451696321,0.29780060706748523,FALSE,FALSE
2000-08-03,Weddell,1.263686354,0.01595116521450523,0.01595116521450523,0.29780060706748523,FALSE,FALSE
2000-08-04,Weddell,1.299324498,0.04771141681221835,0.04771141681221835,0.29780060706748523,FALSE,FALSE
2000-08-05,Weddell,1.305789788,0.05037746536244647,0.05037746536244647,0.29780060706748523,FALSE,FALSE
2000-08-06,Weddell,1.301254844,0.04211526795145826,0.04211526795145826,0.29780060706748523,FALSE,FALSE
2000-08-07,Weddell,1.274996843,0.01219533866552491,0.01219533866552491,0.29780060706748523,FALSE,FALSE
2000-08-08,Weddell,1.241635117,-0.02476965340908554,0.02476965340908554,0.29780060706748523,FALSE,FALSE
2000-08-09,Weddell,1.205659918,-0.06429611918610223,0.06429611918610223,0.29780060706748523,FALSE,FALSE
2000-08-10,Weddell,1.151736698,-0.12172526957925613,0.12172526957925613,0.29780060706748523,FALSE,FALSE
2000-08-11,Weddell,1.083615491,-0.19331373350227743,0.19331373350227743,0.29780060706748523,FALSE,FALSE
2000-08-12,Weddell,1.080888409,-0.1994760618688951,0.1994760618688951,0.29780060706748523,FALSE,FALSE
2000-08-13,Weddell,1.130587279,-0.15318709059284163,0.15318709059284163,0.29780060706748523,FALSE,FALSE
2000-08-14,Weddell,1.189071885,-0.09809369858784668,0.09809369858784668,0.29780060706748523,FALSE,FALSE
2000-08-15,Weddell,1.263151048,-0.02739317881807412,0.02739317881807412,0.29780060706748523,FALSE,FALSE
2000-08-16,Weddell,1.321948868,0.02804877082267798,0.02804877082267798,0.29780060706748523,FALSE,FALSE
2000-08-17,Weddell,1.359282192,0.06207787446994595,0.06207787446994595,0.29780060706748523,FALSE,FALSE
2000-08-18,Weddell,1.3736016,0.07317461269914771,0.07317461269914771,0.29780060706748523,FALSE,FALSE
2000-08-19,Weddell,1.372314454,0.06877624808569993,0.06877624808569993,0.29780060706748523,FALSE,FALSE
2000-08-20,Weddell,1.367480881,0.06097280820501827,0.06097280820501827,0.29780060706748523,FALSE,FALSE
2000-08-21,Weddell,1.356577974,0.047271286632522,0.047271286632522,0.29780060706748523,FALSE,FALSE
2000-08-22,Weddell,1.342642179,0.03073802994362662,0.03073802994362662,0.29780060706748523,FALSE,FALSE
2000-08-23,Weddell,1.333528597,0.01925803971375028,0.01925803971375028,0.29780060706748523,FALSE,FALSE
2000-08-24,Weddell,1.323284832,0.00690882051830898,0.00690882051830898,0.29780060706748523,FALSE,FALSE
2000-08-25,Weddell,1.331324794,0.0131341829327205,0.0131341829327205,0.29780060706748523,FALSE,FALSE
2000-08-26,Weddell,1.334365747,0.01468129153240216,0.01468129153240216,0.29780060706748523,FALSE,FALSE
2000-08-27,Weddell,1.330124248,0.00929660389277042,0.00929660389277042,0.29780060706748523,FALSE,FALSE
2000-08-28,Weddell,1.310221627,-0.01137432641677338,0.01137432641677338,0.29780060706748523,FALSE,FALSE
2000-08-29,Weddell,1.298765844,-0.02323381894357856,0.02323381894357856,0.29780060706748523,FALSE,FALSE
2000-08-30,Weddell,1.300641038,-0.0214209781551018,0.0214209781551018,0.29780060706748523,FALSE,FALSE
2000-08-31,Weddell,1.30013291,-0.02167336977181389,0.02167336977181389,0.29780060706748523,FALSE,FALSE
2000-09-01,Weddell,1.309258106,-0.01199761451418712,0.01199761451418712,0.29780060706748523,FALSE,FALSE
2000-09-02,Weddell,1.326807361,0.0063737558973056,0.0063737558973056,0.29780060706748523,FALSE,FALSE
2000-09-03,Weddell,1.342553693,0.02319049274219375,0.02319049274219375,0.29780060706748523,FALSE,FALSE
2000-09-04,Weddell,1.367909864,0.04984209130000505,0.04984209130000505,0.29780060706748523,FALSE,FALSE
2000-09-05,Weddell,1.397994194,0.08142360485026678,0.08142360485026678,0.29780060706748523,FALSE,FALSE
2000-09-06,Weddell,1.422517071,0.10762215467250737,0.10762215467250737,0.29780060706748523,FALSE,FALSE
2000-09-07,Weddell,1.414382514,0.10131849304625495,0.10131849304625495,0.29780060706748523,FALSE,FALSE
2000-09-08,Weddell,1.402049662,0.09094849225103818,0.09094849225103818,0.29780060706748523,FALSE,FALSE
2000-09-09,Weddell,1.376529308,0.06749979053158417,0.06749979053158417,0.29780060706748523,FALSE,FALSE
2000-09-10,Weddell,1.363831087,0.05696949717278454,0.05696949717278454,0.29780060706748523,FALSE,FALSE
2000-09-11,Weddell,1.397984929,0.09339425085632812,0.09339425085632812,0.29780060706748523,FALSE,FALSE
2000-09-12,Weddell,1.391078445,0.08887039647820405,0.08887039647820405,0.29780060706748523,FALSE,FALSE
2000-09-13,Weddell,1.362130559,0.062425591934401,0.062425591934401,0.29780060706748523,FALSE,FALSE
2000-09-14,Weddell,1.363946682,0.066873982120905,0.066873982120905,0.29780060706748523,FALSE,FALSE
2000-09-15,Weddell,1.387215266,0.09291275293370592,0.09291275293370592,0.29780060706748523,FALSE,FALSE
2000-09-16,Weddell,1.436709336,0.14532366326879154,0.14532366326879154,0.29780060706748523,FALSE,FALSE
2000-09-17,Weddell,1.467943789,0.17963034402214872,0.17963034402214872,0.29780060706748523,FALSE,FALSE
2000-09-18,Weddell,1.470305702,0.18522860608976677,0.18522860608976677,0.29780060706748523,FALSE,FALSE
2000-09-19,Weddell,1.491241608,0.209573716367633,0.209573716367633,0.29780060706748523,FALSE,FALSE
2000-09-20,Weddell,1.492853164,0.21477606575173636,0.21477606575173636,0.29780060706748523,FALSE,FALSE
2000-09-21,Weddell,1.472740217,0.19844423513806353,0.19844423513806353,0.29780060706748523,FALSE,FALSE
2000-09-22,Weddell,1.431543623,0.1612256514769026,0.1612256514769026,0.29780060706748523,FALSE,FALSE
2000-09-23,Weddell,1.393529046,0.12736939295149474,0.12736939295149474,0.29780060706748523,FALSE,FALSE
2000-09-24,Weddell,1.344912437,0.08306077749422491,0.08306077749422491,0.29780060706748523,FALSE,FALSE
2000-09-25,Weddell,1.344677501,0.08725267993905161,0.08725267993905161,0.29780060706748523,FALSE,FALSE
2000-09-26,Weddell,1.37561181,0.12270184211993353,0.12270184211993353,0.29780060706748523,FALSE,FALSE
2000-09-27,Weddell,1.391152462,0.14281453187082715,0.14281453187082715,0.29780060706748523,FALSE,FALSE
2000-09-28,Weddell,1.378405398,0.13466586002569225,0.13466586002569225,0.29780060706748523,FALSE,FALSE
2000-09-29,Weddell,1.33902838,0.09988275841848648,0.09988275841848648,0.29780060706748523,FALSE,FALSE
2000-09-30,Weddell,1.291209662,0.05662265088316798,0.05662265088316798,0.29780060706748523,FALSE,FALSE
2000-10-01,Weddell,1.248762781,0.01866824425369517,0.01866824425369517,0.29780060706748523,FALSE,FALSE
2000-10-02,Weddell,1.217394415,-0.0083046136359739,0.0083046136359739,0.29780060706748523,FALSE,FALSE
2000-10-03,Weddell,1.209069992,-0.01236132495188213,0.01236132495188213,0.29780060706748523,FALSE,FALSE
2000-10-04,Weddell,1.198813593,-0.01850862897991945,0.01850862897991945,0.29780060706748523,FALSE,FALSE
2000-10-05,Weddell,1.17442868,-0.03896193268359083,0.03896193268359083,0.29780060706748523,FALSE,FALSE
2000-10-06,Weddell,1.147728486,-0.06189171662244774,0.06189171662244774,0.29780060706748523,FALSE,FALSE
2000-10-07,Weddell,1.13138248,-0.07460579374421261,0.07460579374421261,0.29780060706748523,FALSE,FALSE
2000-10-08,Weddell,1.126510577,-0.07596153099661129,0.07596153099661129,0.29780060706748523,FALSE,FALSE
2000-10-09,Weddell,1.100961644,-0.09808734332736502,0.09808734332736502,0.29780060706748523,FALSE,FALSE
2000-10-10,Weddell,1.094398443,-0.1012977506842001,0.1012977506842001,0.29780060706748523,FALSE,FALSE
2000-10-11,Weddell,1.129868647,-0.0625223620148383,0.0625223620148383,0.29780060706748523,FALSE,FALSE
2000-10-12,Weddell,1.152951142,-0.03615957326700458,0.03615957326700458,0.29780060706748523,FALSE,FALSE
2000-10-13,Weddell,1.153499866,-0.0323327283884216,0.0323327283884216,0.29780060706748523,FALSE,FALSE
2000-10-14,Weddell,1.174306856,-0.00822707232681363,0.00822707232681363,0.29780060706748523,FALSE,FALSE
2000-10-15,Weddell,1.194517463,0.01532546397009571,0.01532546397009571,0.29780060706748523,FALSE,FALSE
2000-10-16,Weddell,1.249780549,0.07399646055458131,0.07399646055458131,0.29780060706748523,FALSE,FALSE
2000-10-17,Weddell,1.29347107,0.12118314820168964,0.12118314820168964,0.29780060706748523,FALSE,FALSE
2000-10-18,Weddell,1.3316120870000001,0.1629214476093939,0.1629214476093939,0.29780060706748523,FALSE,FALSE
2000-10-19,Weddell,1.344916675,0.17992829251804032,0.17992829251804032,0.29780060706748523,FALSE,FALSE
2000-10-20,Weddell,1.337679134,0.17650148126716858,0.17650148126716858,0.29780060706748523,FALSE,FALSE
2000-10-21,Weddell,1.331647932,0.17439298019631644,0.17439298019631644,0.29780060706748523,FALSE,FALSE
2000-10-22,Weddell,1.325561543,0.17234476164502244,0.17234476164502244,0.29780060706748523,FALSE,FALSE
2000-10-23,Weddell,1.3037665,0.1547068569528265,0.1547068569528265,0.29780060706748523,FALSE,FALSE
2000-10-24,Weddell,1.271658428,0.12687838945926666,0.12687838945926666,0.29780060706748523,FALSE,FALSE
2000-10-25,Weddell,1.239537472,0.09916300250388166,0.09916300250388166,0.29780060706748523,FALSE,FALSE
2000-10-26,Weddell,1.234086528,0.0982470904262096,0.0982470904262096,0.29780060706748523,FALSE,FALSE
2000-10-27,Weddell,1.193976544,0.06280509956579161,0.06280509956579161,0.29780060706748523,FALSE,FALSE
2000-10-28,Weddell,1.179438582,0.05307159026216368,0.05307159026216368,0.29780060706748523,FALSE,FALSE
2000-10-29,Weddell,1.183644643,0.06222206185486589,0.06222206185486589,0.29780060706748523,FALSE,FALSE
2000-10-30,Weddell,1.167228084,0.05089271654085436,0.05089271654085436,0.29780060706748523,FALSE,FALSE
2000-10-31,Weddell,1.144097083,0.03299136260747071,0.03299136260747071,0.29780060706748523,FALSE,FALSE
2000-11-01,Weddell,1.085573088,-0.020161909153249,0.020161909153249,0.29780060706748523,FALSE,FALSE
2000-11-02,Weddell,1.045340581,-0.0548839742147349,0.0548839742147349,0.29780060706748523,FALSE,FALSE
2000-11-03,Weddell,1.01412781,-0.08044794205041539,0.08044794205041539,0.29780060706748523,FALSE,FALSE
2000-11-04,Weddell,0.989620161,-0.09916978413372037,0.09916978413372037,0.29780060706748523,FALSE,FALSE
2000-11-05,Weddell,0.96763559,-0.11523290193807711,0.11523290193807711,0.29780060706748523,FALSE,FALSE
2000-11-06,Weddell,0.940633366,-0.13617938393691686,0.13617938393691686,0.29780060706748523,FALSE,FALSE
2000-11-07,Weddell,0.922756476,-0.14786760060366766,0.14786760060366766,0.29780060706748523,FALSE,FALSE
2000-11-08,Weddell,0.90547256,-0.15883126941175907,0.15883126941175907,0.29780060706748523,FALSE,FALSE
2000-11-09,Weddell,0.885175609,-0.17267775683461983,0.17267775683461983,0.29780060706748523,FALSE,FALSE
2000-11-10,Weddell,0.856855694,-0.1944183493456787,0.1944183493456787,0.29780060706748523,FALSE,FALSE
2000-11-11,Weddell,0.849546268,-0.19502085547780643,0.19502085547780643,0.29780060706748523,FALSE,FALSE
2000-11-12,Weddell,0.837866854,-0.19986170642805456,0.19986170642805456,0.29780060706748523,FALSE,FALSE
2000-11-13,Weddell,0.826734933,-0.2040113973603019,0.2040113973603019,0.29780060706748523,FALSE,FALSE
2000-11-14,Weddell,0.823118733,-0.2004890183821293,0.2004890183821293,0.29780060706748523,FALSE,FALSE
2000-11-15,Weddell,0.816347859,-0.19995228260111664,0.19995228260111664,0.29780060706748523,FALSE,FALSE
2000-11-16,Weddell,0.816342225,-0.19246859412484352,0.19246859412484352,0.29780060706748523,FALSE,FALSE
2000-11-17,Weddell,0.816954699,-0.18417240306089055,0.18417240306089055,0.29780060706748523,FALSE,FALSE
2000-11-18,Weddell,0.81512638,-0.1781099285168379,0.1781099285168379,0.29780060706748523,FALSE,FALSE
2000-11-19,Weddell,0.828751977,-0.15637377960026566,0.15637377960026566,0.29780060706748523,FALSE,FALSE
2000-11-20,Weddell,0.850976085,-0.12580667941875434,0.12580667941875434,0.29780060706748523,FALSE,FALSE
2000-11-21,Weddell,0.868874414,-0.09932023607988372,0.09932023607988372,0.29780060706748523,FALSE,FALSE
2000-11-22,Weddell,0.889187927,-0.07016080469123387,0.07016080469123387,0.29780060706748523,FALSE,FALSE
2000-11-23,Weddell,0.910072547,-0.04015978036038536,0.04015978036038536,0.29780060706748523,FALSE,FALSE
2000-11-24,Weddell,0.915573279,-0.02526186080118231,0.02526186080118231,0.29780060706748523,FALSE,FALSE
2000-11-25,Weddell,0.91064217,-0.02052487032773076,0.02052487032773076,0.29780060706748523,FALSE,FALSE
2000-11-26,Weddell,0.91247754,-0.00877050154922065,0.00877050154922065,0.29780060706748523,FALSE,FALSE
2000-11-27,Weddell,0.898969222,-0.0121290108892651,0.0121290108892651,0.29780060706748523,FALSE,FALSE
2000-11-28,Weddell,0.870625994,-0.03011170977147481,0.03011170977147481,0.29780060706748523,FALSE,FALSE
2000-11-29,Weddell,0.841052235,-0.04913430861946133,0.04913430861946133,0.29780060706748523,FALSE,FALSE
2000-11-30,Weddell,0.818883602,-0.06058123985683728,0.06058123985683728,0.29780060706748523,FALSE,FALSE
2000-12-01,Weddell,0.813376018,-0.05521666990721419,0.05521666990721419,0.29780060706748523,FALSE,FALSE
2000-12-02,Weddell,0.786229543,-0.0713606281942033,0.0713606281942033,0.29780060706748523,FALSE,FALSE
2000-12-03,Weddell,0.776975778,-0.06950160314141707,0.06950160314141707,0.29780060706748523,FALSE,FALSE
2000-12-04,Weddell,0.788095464,-0.04717894317246696,0.04717894317246696,0.29780060706748523,FALSE,FALSE
2000-12-05,Weddell,0.805944527,-0.01805681171096429,0.01805681171096429,0.29780060706748523,FALSE,FALSE
2000-12-06,Weddell,0.82070426,0.00802599703791695,0.00802599703791695,0.29780060706748523,FALSE,FALSE
2000-12-07,Weddell,0.828678172,0.02735359354324684,0.02735359354324684,0.29780060706748523,FALSE,FALSE
2000-12-08,Weddell,0.826812533,0.03685451010350393,0.03685451010350393,0.29780060706748523,FALSE,FALSE
2000-12-09,Weddell,0.824986072,0.04638998335869537,0.04638998335869537,0.29780060706748523,FALSE,FALSE
2000-12-10,Weddell,0.824990832,0.05773456394883114,0.05773456394883114,0.29780060706748523,FALSE,FALSE
2000-12-11,Weddell,0.810218078,0.05426202451391915,0.05426202451391915,0.29780060706748523,FALSE,FALSE
2000-12-12,Weddell,0.793030339,0.04831740169396725,0.04831740169396725,0.29780060706748523,FALSE,FALSE
2000-12-13,Weddell,0.779456329,0.04591191712898457,0.04591191712898457,0.29780060706748523,FALSE,FALSE
2000-12-14,Weddell,0.757885427,0.03541745745897939,0.03541745745897939,0.29780060706748523,FALSE,FALSE
2000-12-15,Weddell,0.741151684,0.02965058132395992,0.02965058132395992,0.29780060706748523,FALSE,FALSE
2000-12-16,Weddell,0.716439207,0.01577790336393469,0.01577790336393469,0.29780060706748523,FALSE,FALSE
2000-12-17,Weddell,0.694228186,0.00426212121891256,0.00426212121891256,0.29780060706748523,FALSE,FALSE
2000-12-18,Weddell,0.691161499,0.01172862052890111,0.01172862052890111,0.29780060706748523,FALSE,FALSE
2000-12-19,Weddell,0.689900025,0.0208213730463298,0.0208213730463298,0.29780060706748523,FALSE,FALSE
2000-12-20,Weddell,0.688022763,0.02911172227881775,0.02911172227881775,0.29780060706748523,FALSE,FALSE
2000-12-21,Weddell,0.687384991,0.03845467567924399,0.03845467567924399,0.29780060706748523,FALSE,FALSE
2000-12-22,Weddell,0.683602091,0.04446555049618705,0.04446555049618705,0.29780060706748523,FALSE,FALSE
2000-12-23,Weddell,0.675479371,0.04594958997822351,0.04594958997822351,0.29780060706748523,FALSE,FALSE
2000-12-24,Weddell,0.660548995,0.04043889337393147,0.04043889337393147,0.29780060706748523,FALSE,FALSE
2000-12-25,Weddell,0.657428749,0.04655118193188701,0.04655118193188701,0.29780060706748523,FALSE,FALSE
2000-12-26,Weddell,0.65988621,0.05805396790066819,0.05805396790066819,0.29780060706748523,FALSE,FALSE
2000-12-27,Weddell,0.658712682,0.06573849052885317,0.06573849052885317,0.29780060706748523,FALSE,FALSE
2000-12-28,Weddell,0.667404089,0.08310060906501848,0.08310060906501848,0.29780060706748523,FALSE,FALSE
2000-12-29,Weddell,0.669908855,0.0940886827577404,0.0940886827577404,0.29780060706748523,FALSE,FALSE
2000-12-30,Weddell,0.671176915,0.10365258185559856,0.10365258185559856,0.29780060706748523,FALSE,FALSE
2000-12-31,Weddell,0.661331702,0.10191567460716933,0.10191567460716933,0.29780060706748523,FALSE,FALSE
2001-01-01,Weddell,0.644109166,0.08469313860716943,0.08469313860716943,0.29780060706748523,FALSE,FALSE
2001-01-02,Weddell,0.632362416,0.08086844912543345,0.08086844912543345,0.29780060706748523,FALSE,FALSE
2001-01-03,Weddell,0.639189889,0.0954384369809893,0.0954384369809893,0.29780060706748523,FALSE,FALSE
2001-01-04,Weddell,0.637966003,0.10178557260883758,0.10178557260883758,0.29780060706748523,FALSE,FALSE
2001-01-05,Weddell,0.628718742,0.09994589244398187,0.09994589244398187,0.29780060706748523,FALSE,FALSE
2001-01-06,Weddell,0.624388965,0.10286830792142088,0.10286830792142088,0.29780060706748523,FALSE,FALSE
2001-01-07,Weddell,0.607652038,0.0932362374761586,0.0932362374761586,0.29780060706748523,FALSE,FALSE
2001-01-08,Weddell,0.601469717,0.09401948954319583,0.09401948954319583,0.29780060706748523,FALSE,FALSE
2001-01-09,Weddell,0.595899968,0.09528408255753285,0.09528408255753285,0.29780060706748523,FALSE,FALSE
2001-01-10,Weddell,0.588453391,0.09454866895417358,0.09454866895417358,0.29780060706748523,FALSE,FALSE
2001-01-11,Weddell,0.584108965,0.09680028016811763,0.09680028016811763,0.29780060706748523,FALSE,FALSE
2001-01-12,Weddell,0.58348426900000006,0.10266454763436828,0.10266454763436828,0.29780060706748523,FALSE,FALSE
2001-01-13,Weddell,0.58284493,0.10841515078792556,0.10841515078792556,0.29780060706748523,FALSE,FALSE
2001-01-14,Weddell,0.579023943,0.11089315350633357,0.11089315350633357,0.29780060706748523,FALSE,FALSE
2001-01-15,Weddell,0.576510358,0.11459626470507162,0.11459626470507162,0.29780060706748523,FALSE,FALSE
2001-01-16,Weddell,0.571430885,0.11566059249082068,0.11566059249082068,0.29780060706748523,FALSE,FALSE
2001-01-17,Weddell,0.563830771,0.114140828719222,0.114140828719222,0.29780060706748523,FALSE,FALSE
2001-01-18,Weddell,0.556965417,0.11330181924591765,0.11330181924591765,0.29780060706748523,FALSE,FALSE
2001-01-19,Weddell,0.527822887,0.0901410729265492,0.0901410729265492,0.29780060706748523,FALSE,FALSE
2001-01-20,Weddell,0.502237527,0.07050238061675929,0.07050238061675929,0.29780060706748523,FALSE,FALSE
2001-01-21,Weddell,0.480304587,0.0544904371721891,0.0544904371721891,0.29780060706748523,FALSE,FALSE
2001-01-22,Weddell,0.464106469,0.04419708944848105,0.04419708944848105,0.29780060706748523,FALSE,FALSE
2001-01-23,Weddell,0.454139369,0.04012797830127651,0.04012797830127651,0.29780060706748523,FALSE,FALSE
2001-01-24,Weddell,0.446046752,0.0379360135862179,0.0379360135862179,0.29780060706748523,FALSE,FALSE
2001-01-25,Weddell,0.446072289,0.04387431115894663,0.04387431115894663,0.29780060706748523,FALSE,FALSE
2001-01-26,Weddell,0.444197291,0.04793362687510566,0.04793362687510566,0.29780060706748523,FALSE,FALSE
2001-01-27,Weddell,0.444826922,0.05452589743340791,0.05452589743340791,0.29780060706748523,FALSE,FALSE
2001-01-28,Weddell,0.446105509,0.06178413347603834,0.06178413347603834,0.29780060706748523,FALSE,FALSE
2001-01-29,Weddell,0.44673038,0.06838684589449939,0.06838684589449939,0.29780060706748523,FALSE,FALSE
2001-01-30,Weddell,0.452364104,0.07997776241799487,0.07997776241799487,0.29780060706748523,FALSE,FALSE
2001-01-31,Weddell,0.452349547,0.08588090777572904,0.08588090777572904,0.29780060706748523,FALSE,FALSE
2001-02-01,Weddell,0.441699456,0.08109018769690507,0.08109018769690507,0.29780060706748523,FALSE,FALSE
2001-02-02,Weddell,0.439183398,0.08435632791072756,0.08435632791072756,0.29780060706748523,FALSE,FALSE
2001-02-03,Weddell,0.441641926,0.0925010401464001,0.0925010401464001,0.29780060706748523,FALSE,FALSE
2001-02-04,Weddell,0.437292653,0.0937230961331264,0.0937230961331264,0.29780060706748523,FALSE,FALSE
2001-02-05,Weddell,0.421594062,0.0834621376001109,0.0834621376001109,0.29780060706748523,FALSE,FALSE
2001-02-06,Weddell,0.410432294,0.07758546427655705,0.07758546427655705,0.29780060706748523,FALSE,FALSE
2001-02-07,Weddell,0.409852782,0.0821196678916688,0.0821196678916688,0.29780060706748523,FALSE,FALSE
2001-02-08,Weddell,0.401692655,0.07888306049487293,0.07888306049487293,0.29780060706748523,FALSE,FALSE
2001-02-09,Weddell,0.389144342,0.07105246497224038,0.07105246497224038,0.29780060706748523,FALSE,FALSE
2001-02-10,Weddell,0.376582825,0.0629936427927722,0.0629936427927722,0.29780060706748523,FALSE,FALSE
2001-02-11,Weddell,0.369711901,0.06040192541594125,0.06040192541594125,0.29780060706748523,FALSE,FALSE
2001-02-12,Weddell,0.365392432,0.06012970930122202,0.06012970930122202,0.29780060706748523,FALSE,FALSE
2001-02-13,Weddell,0.362325576,0.0608696869080878,0.0608696869080878,0.29780060706748523,FALSE,FALSE
2001-02-14,Weddell,0.358573422,0.06067548169601267,0.06067548169601267,0.29780060706748523,FALSE,FALSE
2001-02-15,Weddell,0.360428297,0.06583095512447024,0.06583095512447024,0.29780060706748523,FALSE,FALSE
2001-02-16,Weddell,0.364153218,0.07259065865293401,0.07259065865293401,0.29780060706748523,FALSE,FALSE
2001-02-17,Weddell,0.364221835,0.07541977674087808,0.07541977674087808,0.29780060706748523,FALSE,FALSE
2001-02-18,Weddell,0.35672824,0.0704039358477756,0.0704039358477756,0.29780060706748523,FALSE,FALSE
2001-02-19,Weddell,0.339160607,0.05502284443310068,0.05502284443310068,0.29780060706748523,FALSE,FALSE
2001-02-20,Weddell,0.320341906,0.038091006956327333,0.038091006956327333,0.29780060706748523,FALSE,FALSE
2001-02-21,Weddell,0.311531198,0.03085949129756615,0.03085949129756615,0.29780060706748523,FALSE,FALSE
2001-02-22,Weddell,0.298321827,0.01891937579144542,0.01891937579144542,0.29780060706748523,FALSE,FALSE
2001-02-23,Weddell,0.29266452,0.01422293192527562,0.01422293192527562,0.29780060706748523,FALSE,FALSE
2001-02-24,Weddell,0.293234842,0.01544733806238873,0.01544733806238873,0.29780060706748523,FALSE,FALSE
2001-02-25,Weddell,0.288182605,0.01074401956611714,0.01074401956611714,0.29780060706748523,FALSE,FALSE
2001-02-26,Weddell,0.275571641,-0.00182157820020684,0.00182157820020684,0.29780060706748523,FALSE,FALSE
2001-02-27,Weddell,0.271793134,-0.00585665787325045,0.00585665787325045,0.29780060706748523,FALSE,FALSE
2001-02-28,Weddell,0.274287192,-0.0039194980896815,0.0039194980896815,0.29780060706748523,FALSE,FALSE
2001-03-01,Weddell,0.270505619,-0.00855668148616795,0.00855668148616795,0.29780060706748523,FALSE,FALSE
2001-03-02,Weddell,0.26292252,-0.01729248969937691,0.01729248969937691,0.29780060706748523,FALSE,FALSE
2001-03-03,Weddell,0.266707274,-0.0149559303659762,0.0149559303659762,0.29780060706748523,FALSE,FALSE
2001-03-04,Weddell,0.272411109,-0.01099416212263321,0.01099416212263321,0.29780060706748523,FALSE,FALSE
2001-03-05,Weddell,0.289457209,0.00401761326607652,0.00401761326607652,0.29780060706748523,FALSE,FALSE
2001-03-06,Weddell,0.301408858,0.01364753810903401,0.01364753810903401,0.29780060706748523,FALSE,FALSE
2001-03-07,Weddell,0.301414135,0.01105911118602959,0.01105911118602959,0.29780060706748523,FALSE,FALSE
2001-03-08,Weddell,0.314061126,0.02085798395036026,0.02085798395036026,0.29780060706748523,FALSE,FALSE
2001-03-09,Weddell,0.32792853,0.03164042085532187,0.03164042085532187,0.29780060706748523,FALSE,FALSE
2001-03-10,Weddell,0.337396123,0.03780376335421004,0.03780376335421004,0.29780060706748523,FALSE,FALSE
2001-03-11,Weddell,0.334246568,0.03114823990032172,0.03114823990032172,0.29780060706748523,FALSE,FALSE
2001-03-12,Weddell,0.297086754,-0.00970169505304691,0.00970169505304691,0.29780060706748523,FALSE,FALSE
2001-03-13,Weddell,0.292718844,-0.0179263130526005,0.0179263130526005,0.29780060706748523,FALSE,FALSE
2001-03-14,Weddell,0.28821614,-0.02643474664504208,0.02643474664504208,0.29780060706748523,FALSE,FALSE
2001-03-15,Weddell,0.285093832,-0.0336942403770758,0.0336942403770758,0.29780060706748523,FALSE,FALSE
2001-03-16,Weddell,0.293915981,-0.02912316779540558,0.02912316779540558,0.29780060706748523,FALSE,FALSE
2001-03-17,Weddell,0.310829439,-0.0165571114467351,0.0165571114467351,0.29780060706748523,FALSE,FALSE
2001-03-18,Weddell,0.344907974,0.01309498335734765,0.01309498335734765,0.29780060706748523,FALSE,FALSE
2001-03-19,Weddell,0.352483385,0.01617524019289096,0.01617524019289096,0.29780060706748523,FALSE,FALSE
2001-03-20,Weddell,0.347494604,0.00662563320810299,0.00662563320810299,0.29780060706748523,FALSE,FALSE
2001-03-21,Weddell,0.341236602,-0.0042561673174275,0.0042561673174275,0.29780060706748523,FALSE,FALSE
2001-03-22,Weddell,0.336230669,-0.01394617210411125,0.01394617210411125,0.29780060706748523,FALSE,FALSE
2001-03-23,Weddell,0.319944775,-0.03497371187235887,0.03497371187235887,0.29780060706748523,FALSE,FALSE
2001-03-24,Weddell,0.291657254,-0.06805775334258096,0.06805775334258096,0.29780060706748523,FALSE,FALSE
2001-03-25,Weddell,0.280388652,-0.08417505123518793,0.08417505123518793,0.29780060706748523,FALSE,FALSE
2001-03-26,Weddell,0.280401477,-0.08906039827059126,0.08906039827059126,0.29780060706748523,FALSE,FALSE
2001-03-27,Weddell,0.288550758,-0.08585606616920133,0.08585606616920133,0.29780060706748523,FALSE,FALSE
2001-03-28,Weddell,0.314967881,-0.06442796965142872,0.06442796965142872,0.29780060706748523,FALSE,FALSE
2001-03-29,Weddell,0.345706716,-0.03871953943768386,0.03871953943768386,0.29780060706748523,FALSE,FALSE
2001-03-30,Weddell,0.369509234,-0.01998610524837801,0.01998610524837801,0.29780060706748523,FALSE,FALSE
2001-03-31,Weddell,0.383285241,-0.01131681299160236,0.01131681299160236,0.29780060706748523,FALSE,FALSE
2001-04-01,Weddell,0.390814547,-0.00893983002217407,0.00893983002217407,0.29780060706748523,FALSE,FALSE
2001-04-02,Weddell,0.39021197,-0.01475138395786357,0.01475138395786357,0.29780060706748523,FALSE,FALSE
2001-04-03,Weddell,0.378333456,-0.03190657695297183,0.03190657695297183,0.29780060706748523,FALSE,FALSE
2001-04-04,Weddell,0.359526362,-0.05606910016179989,0.05606910016179989,0.29780060706748523,FALSE,FALSE
2001-04-05,Weddell,0.362661496,-0.0583791937386488,0.0583791937386488,0.29780060706748523,FALSE,FALSE
2001-04-06,Weddell,0.368915007,-0.0576717568378185,0.0576717568378185,0.29780060706748523,FALSE,FALSE
2001-04-07,Weddell,0.384566947,-0.04767778561361108,0.04767778561361108,0.29780060706748523,FALSE,FALSE
2001-04-08,Weddell,0.414604147,-0.02342149722032649,0.02342149722032649,0.29780060706748523,FALSE,FALSE
2001-04-09,Weddell,0.43959959,-0.00434095681226653,0.00434095681226653,0.29780060706748523,FALSE,FALSE
2001-04-10,Weddell,0.446471204,-0.00352928454373119,0.00352928454373119,0.29780060706748523,FALSE,FALSE
2001-04-11,Weddell,0.457735283,0.00151876543097739,0.00151876543097739,0.29780060706748523,FALSE,FALSE
2001-04-12,Weddell,0.451465326,-0.01113418933982568,0.01113418933982568,0.29780060706748523,FALSE,FALSE
2001-04-13,Weddell,0.465802562,-0.00334592037360464,0.00334592037360464,0.29780060706748523,FALSE,FALSE
2001-04-14,Weddell,0.461416028,-0.01442680557431974,0.01442680557431974,0.29780060706748523,FALSE,FALSE
2001-04-15,Weddell,0.437708831,-0.04495132346195496,0.04495132346195496,0.29780060706748523,FALSE,FALSE
2001-04-16,Weddell,0.424593968,-0.06498406255649597,0.06498406255649597,0.29780060706748523,FALSE,FALSE
2001-04-17,Weddell,0.445225394,-0.05134865337792765,0.05134865337792765,0.29780060706748523,FALSE,FALSE
2001-04-18,Weddell,0.456437129,-0.04718866144623479,0.04718866144623479,0.29780060706748523,FALSE,FALSE
2001-04-19,Weddell,0.462642293,-0.04806855228140266,0.04806855228140266,0.29780060706748523,FALSE,FALSE
2001-04-20,Weddell,0.489395456,-0.02841134140341616,0.02841134140341616,0.29780060706748523,FALSE,FALSE
2001-04-21,Weddell,0.5467031,0.02181186766773957,0.02181186766773957,0.29780060706748523,FALSE,FALSE
2001-04-22,Weddell,0.575318061,0.04337632541207947,0.04337632541207947,0.29780060706748523,FALSE,FALSE
2001-04-23,Weddell,0.579672888,0.04073699530961872,0.04073699530961872,0.29780060706748523,FALSE,FALSE
2001-04-24,Weddell,0.574698851,0.02884756184037162,0.02884756184037162,0.29780060706748523,FALSE,FALSE
2001-04-25,Weddell,0.574696939,0.02202941108042344,0.02202941108042344,0.29780060706748523,FALSE,FALSE
2001-04-26,Weddell,0.579093708,0.01971033588772541,0.01971033588772541,0.29780060706748523,FALSE,FALSE
2001-04-27,Weddell,0.589636193,0.023628020071632,0.023628020071632,0.29780060706748523,FALSE,FALSE
2001-04-28,Weddell,0.567202001,-0.00534939209190088,0.00534939209190088,0.29780060706748523,FALSE,FALSE
2001-04-29,Weddell,0.544184986,-0.03483750932691765,0.03483750932691765,0.29780060706748523,FALSE,FALSE
2001-04-30,Weddell,0.549824723,-0.03560621935746333,0.03560621935746333,0.29780060706748523,FALSE,FALSE
2001-05-01,Weddell,0.572815115,-0.01897108190758178,0.01897108190758178,0.29780060706748523,FALSE,FALSE
2001-05-02,Weddell,0.590863446,-0.00723427570131796,0.00723427570131796,0.29780060706748523,FALSE,FALSE
2001-05-03,Weddell,0.589623049,-0.01475193046271561,0.01475193046271561,0.29780060706748523,FALSE,FALSE
2001-05-04,Weddell,0.586547056,-0.02408037691581943,0.02408037691581943,0.29780060706748523,FALSE,FALSE
2001-05-05,Weddell,0.583455558,-0.03340898678467463,0.03340898678467463,0.29780060706748523,FALSE,FALSE
2001-05-06,Weddell,0.587789877,-0.035305900793325067,0.035305900793325067,0.29780060706748523,FALSE,FALSE
2001-05-07,Weddell,0.563542938,-0.06578766449439244,0.06578766449439244,0.29780060706748523,FALSE,FALSE
2001-05-08,Weddell,0.53677115,-0.09881170399481665,0.09881170399481665,0.29780060706748523,FALSE,FALSE
2001-05-09,Weddell,0.491343052,-0.15053493154279302,0.15053493154279302,0.29780060706748523,FALSE,FALSE
2001-05-10,Weddell,0.450129898,-0.1981134556603374,0.1981134556603374,0.29780060706748523,FALSE,FALSE
2001-05-11,Weddell,0.413254744,-0.24145158286946705,0.24145158286946705,0.29780060706748523,FALSE,FALSE
2001-05-12,Weddell,0.385118336,-0.2761759296921973,0.2761759296921973,0.29780060706748523,FALSE,FALSE
2001-05-13,Weddell,0.357516104,-0.31051842865054613,0.31051842865054613,0.29780060706748523,TRUE,TRUE
2001-05-14,Weddell,0.354984917,-0.3199695732665292,0.3199695732665292,0.29780060706748523,TRUE,TRUE
2001-05-15,Weddell,0.345488556,-0.3365929450621629,0.3365929450621629,0.29780060706748523,TRUE,TRUE
2001-05-16,Weddell,0.374889823,-0.314553104559464,0.314553104559464,0.29780060706748523,TRUE,TRUE
2001-05-17,Weddell,0.388027372,-0.3090387602804486,0.3090387602804486,0.29780060706748523,TRUE,TRUE
2001-05-18,Weddell,0.372330955,-0.3326475227471334,0.3326475227471334,0.29780060706748523,TRUE,TRUE
2001-05-19,Weddell,0.384868201,-0.3283391254815347,0.3283391254815347,0.29780060706748523,TRUE,TRUE
2001-05-20,Weddell,0.381127347,-0.34065081434252714,0.34065081434252714,0.29780060706748523,TRUE,TRUE
2001-05-21,Weddell,0.411294478,-0.3193876883845666,0.3193876883845666,0.29780060706748523,TRUE,TRUE
2001-05-22,Weddell,0.443776135,-0.2961044243527392,0.2961044243527392,0.29780060706748523,FALSE,FALSE
2001-05-23,Weddell,0.486265548,-0.2630680017841439,0.2630680017841439,0.29780060706748523,FALSE,FALSE
2001-05-24,Weddell,0.558594382,-0.20040696521587784,0.20040696521587784,0.29780060706748523,FALSE,FALSE
2001-05-25,Weddell,0.635005768,-0.13383839318503876,0.13383839318503876,0.29780060706748523,FALSE,FALSE
2001-05-26,Weddell,0.644326902,-0.13449529922872516,0.13449529922872516,0.29780060706748523,FALSE,FALSE
2001-05-27,Weddell,0.630065809,-0.1588298678840344,0.1588298678840344,0.29780060706748523,FALSE,FALSE
2001-05-28,Weddell,0.654245708,-0.14477908968806483,0.14477908968806483,0.29780060706748523,FALSE,FALSE
2001-05-29,Weddell,0.711153868,-0.0980159051779136,0.0980159051779136,0.29780060706748523,FALSE,FALSE
2001-05-30,Weddell,0.738365285,-0.0809255278906793,0.0809255278906793,0.29780060706748523,FALSE,FALSE
2001-05-31,Weddell,0.777260854,-0.05208727236345922,0.05208727236345922,0.29780060706748523,FALSE,FALSE
2001-06-01,Weddell,0.803149562,-0.03615236113335185,0.03615236113335185,0.29780060706748523,FALSE,FALSE
2001-06-02,Weddell,0.830887691,-0.01823291041695063,0.01823291041695063,0.29780060706748523,FALSE,FALSE
2001-06-03,Weddell,0.846881435,-0.01192745162439801,0.01192745162439801,0.29780060706748523,FALSE,FALSE
2001-06-04,Weddell,0.854838709,-0.01354286539140436,0.01354286539140436,0.29780060706748523,FALSE,FALSE
2001-06-05,Weddell,0.845524281,-0.03232917972670623,0.03232917972670623,0.29780060706748523,FALSE,FALSE
2001-06-06,Weddell,0.843555346,-0.04368399563904179,0.04368399563904179,0.29780060706748523,FALSE,FALSE
2001-06-07,Weddell,0.825649037,-0.07090497613714664,0.07090497613714664,0.29780060706748523,FALSE,FALSE
2001-06-08,Weddell,0.819499794,-0.08631247722975954,0.08631247722975954,0.29780060706748523,FALSE,FALSE
2001-06-09,Weddell,0.806600074,-0.1084288379256163,0.1084288379256163,0.29780060706748523,FALSE,FALSE
2001-06-10,Weddell,0.782544178,-0.1416745532334548,0.1416745532334548,0.29780060706748523,FALSE,FALSE
2001-06-11,Weddell,0.766459406,-0.16693711916201093,0.16693711916201093,0.29780060706748523,FALSE,FALSE
2001-06-12,Weddell,0.76276299,-0.17981409972002294,0.17981409972002294,0.29780060706748523,FALSE,FALSE
2001-06-13,Weddell,0.770828746,-0.1809464749162276,0.1809464749162276,0.29780060706748523,FALSE,FALSE
2001-06-14,Weddell,0.76650055,-0.1945047503794511,0.1945047503794511,0.29780060706748523,FALSE,FALSE
2001-06-15,Weddell,0.754140516,-0.21612292615347095,0.21612292615347095,0.29780060706748523,FALSE,FALSE
2001-06-16,Weddell,0.765239944,-0.21428075579297212,0.21428075579297212,0.29780060706748523,FALSE,FALSE
2001-06-17,Weddell,0.801619925,-0.18712638617746924,0.18712638617746924,0.29780060706748523,FALSE,FALSE
2001-06-18,Weddell,0.81518938,-0.1827201341864831,0.1827201341864831,0.29780060706748523,FALSE,FALSE
2001-06-19,Weddell,0.825042687,-0.181936859699529,0.181936859699529,0.29780060706748523,FALSE,FALSE
2001-06-20,Weddell,0.854472842,-0.16145280459612488,0.16145280459612488,0.29780060706748523,FALSE,FALSE
2001-06-21,Weddell,0.890401363,-0.13431568875578848,0.13431568875578848,0.29780060706748523,FALSE,FALSE
2001-06-22,Weddell,0.879288817,-0.1540341830580365,0.1540341830580365,0.29780060706748523,FALSE,FALSE
2001-06-23,Weddell,0.867968597,-0.17374413238238695,0.17374413238238695,0.29780060706748523,FALSE,FALSE
2001-06-24,Weddell,0.843651079,-0.20620439860835704,0.20620439860835704,0.29780060706748523,FALSE,FALSE
2001-06-25,Weddell,0.822566117,-0.23515436561546463,0.23515436561546463,0.29780060706748523,FALSE,FALSE
2001-06-26,Weddell,0.846727501,-0.21854948128322704,0.21854948128322704,0.29780060706748523,FALSE,FALSE
2001-06-27,Weddell,0.866740279,-0.2057580598676133,0.2057580598676133,0.29780060706748523,FALSE,FALSE
2001-06-28,Weddell,0.909406813,-0.1699822674971151,0.1699822674971151,0.29780060706748523,FALSE,FALSE
2001-06-29,Weddell,0.95425929,-0.13170868621245546,0.13170868621245546,0.29780060706748523,FALSE,FALSE
2001-06-30,Weddell,0.973322333,-0.11893153527415734,0.11893153527415734,0.29780060706748523,FALSE,FALSE
2001-07-01,Weddell,0.9891877,-0.10907789894274432,0.10907789894274432,0.29780060706748523,FALSE,FALSE
2001-07-02,Weddell,1.006633195,-0.09738881547873944,0.09738881547873944,0.29780060706748523,FALSE,FALSE
2001-07-03,Weddell,1.0370643,-0.07247764514266541,0.07247764514266541,0.29780060706748523,FALSE,FALSE
2001-07-04,Weddell,1.050413732,-0.06443051319504689,0.06443051319504689,0.29780060706748523,FALSE,FALSE
2001-07-05,Weddell,1.065131463,-0.05481628989640641,0.05481628989640641,0.29780060706748523,FALSE,FALSE
2001-07-06,Weddell,1.074810614,-0.05006069650726696,0.05006069650726696,0.29780060706748523,FALSE,FALSE
2001-07-07,Weddell,1.070367182,-0.05926657828815251,0.05926657828815251,0.29780060706748523,FALSE,FALSE
2001-07-08,Weddell,1.031184913,-0.10306903149958702,0.10306903149958702,0.29780060706748523,FALSE,FALSE
2001-07-09,Weddell,1.039731656,-0.09901904186687926,0.09901904186687926,0.29780060706748523,FALSE,FALSE
2001-07-10,Weddell,1.052888292,-0.090253097551243,0.090253097551243,0.29780060706748523,FALSE,FALSE
2001-07-11,Weddell,1.030401402,-0.1170387793643175,0.1170387793643175,0.29780060706748523,FALSE,FALSE
2001-07-12,Weddell,1.018841904,-0.13281890666894514,0.13281890666894514,0.29780060706748523,FALSE,FALSE
2001-07-13,Weddell,1.018308134,-0.13750888082796853,0.13750888082796853,0.29780060706748523,FALSE,FALSE
2001-07-14,Weddell,1.022418633,-0.1375038982042298,0.1375038982042298,0.29780060706748523,FALSE,FALSE
2001-07-15,Weddell,1.042293832,-0.12169726516057278,0.12169726516057278,0.29780060706748523,FALSE,FALSE
2001-07-16,Weddell,1.077475672,-0.09056077805983898,0.09056077805983898,0.29780060706748523,FALSE,FALSE
2001-07-17,Weddell,1.095164647,-0.07690768026487271,0.07690768026487271,0.29780060706748523,FALSE,FALSE
2001-07-18,Weddell,1.105463439,-0.07064902713851429,0.07064902713851429,0.29780060706748523,FALSE,FALSE
2001-07-19,Weddell,1.109204817,-0.07096578704360912,0.07096578704360912,0.29780060706748523,FALSE,FALSE
2001-07-20,Weddell,1.113243237,-0.07101724134299725,0.07101724134299725,0.29780060706748523,FALSE,FALSE
2001-07-21,Weddell,1.106445226,-0.08195060039952318,0.08195060039952318,0.29780060706748523,FALSE,FALSE
2001-07-22,Weddell,1.069023656,-0.12356568612534358,0.12356568612534358,0.29780060706748523,FALSE,FALSE
2001-07-23,Weddell,1.033524888,-0.16331442941565522,0.16331442941565522,0.29780060706748523,FALSE,FALSE
2001-07-24,Weddell,1.0532855779999999,-0.14784796796393862,0.14784796796393862,0.29780060706748523,FALSE,FALSE
2001-07-25,Weddell,1.068919508,-0.13654007532360768,0.13654007532360768,0.29780060706748523,FALSE,FALSE
2001-07-26,Weddell,1.113949188,-0.09585579704807624,0.09585579704807624,0.29780060706748523,FALSE,FALSE
2001-07-27,Weddell,1.136060725,-0.07809658169076106,0.07809658169076106,0.29780060706748523,FALSE,FALSE
2001-07-28,Weddell,1.127276287,-0.0912278168050753,0.0912278168050753,0.29780060706748523,FALSE,FALSE
2001-07-29,Weddell,1.089163822,-0.13366910994443226,0.13366910994443226,0.29780060706748523,FALSE,FALSE
2001-07-30,Weddell,1.063692423,-0.1634389236622482,0.1634389236622482,0.29780060706748523,FALSE,FALSE
2001-07-31,Weddell,1.0539328,-0.17745410351193813,0.17745410351193813,0.29780060706748523,FALSE,FALSE
2001-08-01,Weddell,1.048415897,-0.1871712610469145,0.1871712610469145,0.29780060706748523,FALSE,FALSE
2001-08-02,Weddell,1.032425342,-0.207294323820594,0.207294323820594,0.29780060706748523,FALSE,FALSE
2001-08-03,Weddell,1.00322358,-0.2405484025169633,0.2405484025169633,0.29780060706748523,FALSE,FALSE
2001-08-04,Weddell,0.990033723,-0.2577014657854948,0.2577014657854948,0.29780060706748523,FALSE,FALSE
2001-08-05,Weddell,1.010748549,-0.2408645321877816,0.2408645321877816,0.29780060706748523,FALSE,FALSE
2001-08-06,Weddell,1.086892909,-0.16851941363755363,0.16851941363755363,0.29780060706748523,FALSE,FALSE
2001-08-07,Weddell,1.171363512,-0.08777606404854166,0.08777606404854166,0.29780060706748523,FALSE,FALSE
2001-08-08,Weddell,1.166278321,-0.09652318333447509,0.09652318333447509,0.29780060706748523,FALSE,FALSE
2001-08-09,Weddell,1.119882571,-0.1465221994090855,0.1465221994090855,0.29780060706748523,FALSE,FALSE
2001-08-10,Weddell,1.0731531,-0.1968029371861022,0.1968029371861022,0.29780060706748523,FALSE,FALSE
2001-08-11,Weddell,1.056172605,-0.217289362579256,0.217289362579256,0.29780060706748523,FALSE,FALSE
2001-08-12,Weddell,1.060320901,-0.21660832350227732,0.21660832350227732,0.29780060706748523,FALSE,FALSE
2001-08-13,Weddell,1.109089043,-0.17127542786889505,0.17127542786889505,0.29780060706748523,FALSE,FALSE
2001-08-14,Weddell,1.223492623,-0.06028174659284158,0.06028174659284158,0.29780060706748523,FALSE,FALSE
2001-08-15,Weddell,1.272412571,-0.01475301258784655,0.01475301258784655,0.29780060706748523,FALSE,FALSE
2001-08-16,Weddell,1.295412851,0.00486862418192579,0.00486862418192579,0.29780060706748523,FALSE,FALSE
2001-08-17,Weddell,1.297249716,0.00334961882267803,0.00334961882267803,0.29780060706748523,FALSE,FALSE
2001-08-18,Weddell,1.290078637,-0.00712568053005413,0.00712568053005413,0.29780060706748523,FALSE,FALSE
2001-08-19,Weddell,1.28188436,-0.01854262730085221,0.01854262730085221,0.29780060706748523,FALSE,FALSE
2001-08-20,Weddell,1.305686089,0.00214788308569979,0.00214788308569979,0.29780060706748523,FALSE,FALSE
2001-08-21,Weddell,1.30415874,-0.00234933279498172,0.00234933279498172,0.29780060706748523,FALSE,FALSE
2001-08-22,Weddell,1.365265505,0.05595881763252208,0.05595881763252208,0.29780060706748523,FALSE,FALSE
2001-08-23,Weddell,1.403728019,0.09182386994362668,0.09182386994362668,0.29780060706748523,FALSE,FALSE
2001-08-24,Weddell,1.415149401,0.10087884371375044,0.10087884371375044,0.29780060706748523,FALSE,FALSE
2001-08-25,Weddell,1.416287058,0.09991104651830908,0.09991104651830908,0.29780060706748523,FALSE,FALSE
2001-08-26,Weddell,1.410339084,0.09214847293272066,0.09214847293272066,0.29780060706748523,FALSE,FALSE
2001-08-27,Weddell,1.407428181,0.08774372553240206,0.08774372553240206,0.29780060706748523,FALSE,FALSE
2001-08-28,Weddell,1.415324476,0.09449683189277058,0.09449683189277058,0.29780060706748523,FALSE,FALSE
2001-08-29,Weddell,1.411688992,0.0900930385832266,0.0900930385832266,0.29780060706748523,FALSE,FALSE
2001-08-30,Weddell,1.409408385,0.08740872205642147,0.08740872205642147,0.29780060706748523,FALSE,FALSE
2001-08-31,Weddell,1.419130785,0.09706876884489812,0.09706876884489812,0.29780060706748523,FALSE,FALSE
2001-09-01,Weddell,1.452761135,0.13095485522818606,0.13095485522818606,0.29780060706748523,FALSE,FALSE
2001-09-02,Weddell,1.46644974,0.145194019485813,0.145194019485813,0.29780060706748523,FALSE,FALSE
2001-09-03,Weddell,1.460297218,0.13986361289730564,0.13986361289730564,0.29780060706748523,FALSE,FALSE
2001-09-04,Weddell,1.422908023,0.1035448227421938,0.1035448227421938,0.29780060706748523,FALSE,FALSE
2001-09-05,Weddell,1.388644938,0.07057716530000513,0.07057716530000513,0.29780060706748523,FALSE,FALSE
2001-09-06,Weddell,1.361662211,0.04509162185026683,0.04509162185026683,0.29780060706748523,FALSE,FALSE
2001-09-07,Weddell,1.370876105,0.05598118867250745,0.05598118867250745,0.29780060706748523,FALSE,FALSE
2001-09-08,Weddell,1.399247563,0.08618354204625511,0.08618354204625511,0.29780060706748523,FALSE,FALSE
2001-09-09,Weddell,1.428199099,0.11709792925103812,0.11709792925103812,0.29780060706748523,FALSE,FALSE
2001-09-10,Weddell,1.458191765,0.14916224753158414,0.14916224753158414,0.29780060706748523,FALSE,FALSE
2001-09-11,Weddell,1.429726805,0.12286521517278448,0.12286521517278448,0.29780060706748523,FALSE,FALSE
2001-09-12,Weddell,1.383785552,0.07919487385632817,0.07919487385632817,0.29780060706748523,FALSE,FALSE
2001-09-13,Weddell,1.362651731,0.06044368247820397,0.06044368247820397,0.29780060706748523,FALSE,FALSE
2001-09-14,Weddell,1.334026695,0.03432172793440102,0.03432172793440102,0.29780060706748523,FALSE,FALSE
2001-09-15,Weddell,1.314016561,0.01694386112090518,0.01694386112090518,0.29780060706748523,FALSE,FALSE
2001-09-16,Weddell,1.285500579,-0.00880193406629392,0.00880193406629392,0.29780060706748523,FALSE,FALSE
2001-09-17,Weddell,1.272966468,-0.01841920473120861,0.01841920473120861,0.29780060706748523,FALSE,FALSE
2001-09-18,Weddell,1.285966845,-0.00234659997785136,0.00234659997785136,0.29780060706748523,FALSE,FALSE
2001-09-19,Weddell,1.32368178,0.03860468408976669,0.03860468408976669,0.29780060706748523,FALSE,FALSE
2001-09-20,Weddell,1.347990487,0.06632259536763296,0.06632259536763296,0.29780060706748523,FALSE,FALSE
2001-09-21,Weddell,1.386583738,0.10850663975173624,0.10850663975173624,0.29780060706748523,FALSE,FALSE
2001-09-22,Weddell,1.355615815,0.08131983313806357,0.08131983313806357,0.29780060706748523,FALSE,FALSE
2001-09-23,Weddell,1.315035518,0.04471754647690251,0.04471754647690251,0.29780060706748523,FALSE,FALSE
2001-09-24,Weddell,1.270077802,0.00391814895149478,0.00391814895149478,0.29780060706748523,FALSE,FALSE
2001-09-25,Weddell,1.220926121,-0.04092553850577518,0.04092553850577518,0.29780060706748523,FALSE,FALSE
2001-09-26,Weddell,1.177817368,-0.07960745306094852,0.07960745306094852,0.29780060706748523,FALSE,FALSE
2001-09-27,Weddell,1.124163168,-0.12874679988006665,0.12874679988006665,0.29780060706748523,FALSE,FALSE
2001-09-28,Weddell,1.069303201,-0.17903472912917273,0.17903472912917273,0.29780060706748523,FALSE,FALSE
2001-09-29,Weddell,1.044550462,-0.1991890759743078,0.1991890759743078,0.29780060706748523,FALSE,FALSE
2001-09-30,Weddell,1.036576118,-0.2025695035815136,0.2025695035815136,0.29780060706748523,FALSE,FALSE
2001-10-01,Weddell,1.017636912,-0.21695009911683205,0.21695009911683205,0.29780060706748523,FALSE,FALSE
2001-10-02,Weddell,1.028707944,-0.20138659274630477,0.20138659274630477,0.29780060706748523,FALSE,FALSE
2001-10-03,Weddell,1.01156094,-0.21413808863597383,0.21413808863597383,0.29780060706748523,FALSE,FALSE
2001-10-04,Weddell,0.96748328,-0.2539480369518823,0.2539480369518823,0.29780060706748523,FALSE,FALSE
2001-10-05,Weddell,0.941796205,-0.2755260169799193,0.2755260169799193,0.29780060706748523,FALSE,FALSE
2001-10-06,Weddell,0.89684885,-0.3165417626835907,0.3165417626835907,0.29780060706748523,TRUE,TRUE
2001-10-07,Weddell,0.842172108,-0.3674480946224479,0.3674480946224479,0.29780060706748523,TRUE,TRUE
2001-10-08,Weddell,0.816525495,-0.38946277874421265,0.38946277874421265,0.29780060706748523,TRUE,TRUE
2001-10-09,Weddell,0.809805535,-0.3926665729966112,0.3926665729966112,0.29780060706748523,TRUE,TRUE
2001-10-10,Weddell,0.808538838,-0.39051014932736505,0.39051014932736505,0.29780060706748523,TRUE,TRUE
2001-10-11,Weddell,0.829492068,-0.36620412568420013,0.36620412568420013,0.29780060706748523,TRUE,TRUE
2001-10-12,Weddell,0.837999902,-0.3543911070148382,0.3543911070148382,0.29780060706748523,TRUE,TRUE
2001-10-13,Weddell,0.867456242,-0.3216544732670046,0.3216544732670046,0.29780060706748523,TRUE,TRUE
2001-10-14,Weddell,0.866216124,-0.31961647038842156,0.31961647038842156,0.29780060706748523,TRUE,TRUE
2001-10-15,Weddell,0.875197696,-0.30733623232681373,0.30733623232681373,0.29780060706748523,TRUE,TRUE
2001-10-16,Weddell,0.901452428,-0.2777395710299042,0.2777395710299042,0.29780060706748523,FALSE,FALSE
2001-10-17,Weddell,0.932118843,-0.24366524544541868,0.24366524544541868,0.29780060706748523,FALSE,FALSE
2001-10-18,Weddell,0.960923215,-0.21136470679831043,0.21136470679831043,0.29780060706748523,FALSE,FALSE
2001-10-19,Weddell,0.969990027,-0.1987006123906062,0.1987006123906062,0.29780060706748523,FALSE,FALSE
2001-10-20,Weddell,1.00398931,-0.16099907248195966,0.16099907248195966,0.29780060706748523,FALSE,FALSE
2001-10-21,Weddell,1.045158425,-0.11601922773283158,0.11601922773283158,0.29780060706748523,FALSE,FALSE
2001-10-22,Weddell,1.085120601,-0.07213435080368358,0.07213435080368358,0.29780060706748523,FALSE,FALSE
2001-10-23,Weddell,1.152480618,-7.361633549776148e-4,7.361633549776148e-4,0.29780060706748523,FALSE,FALSE
2001-10-24,Weddell,1.167137054,0.01807741095282633,0.01807741095282633,0.29780060706748523,FALSE,FALSE
2001-10-25,Weddell,1.165272424,0.02049238545926668,0.02049238545926668,0.29780060706748523,FALSE,FALSE
2001-10-26,Weddell,1.156105384,0.01573091450388153,0.01573091450388153,0.29780060706748523,FALSE,FALSE
2001-10-27,Weddell,1.178077385,0.04223794742620956,0.04223794742620956,0.29780060706748523,FALSE,FALSE
2001-10-28,Weddell,1.176252312,0.04508086756579144,0.04508086756579144,0.29780060706748523,FALSE,FALSE
2001-10-29,Weddell,1.165341005,0.03897401326216365,0.03897401326216365,0.29780060706748523,FALSE,FALSE
2001-10-30,Weddell,1.17370542,0.05228283885486595,0.05228283885486595,0.29780060706748523,FALSE,FALSE
2001-10-31,Weddell,1.187000914,0.07066554654085433,0.07066554654085433,0.29780060706748523,FALSE,FALSE
2001-11-01,Weddell,1.189434154,0.07832843360747077,0.07832843360747077,0.29780060706748523,FALSE,FALSE
2001-11-02,Weddell,1.202007003,0.096272005846751,0.096272005846751,0.29780060706748523,FALSE,FALSE
2001-11-03,Weddell,1.227829774,0.12760521878526498,0.12760521878526498,0.29780060706748523,FALSE,FALSE
2001-11-04,Weddell,1.238554905,0.14397915294958463,0.14397915294958463,0.29780060706748523,FALSE,FALSE
2001-11-05,Weddell,1.238566565,0.14977661986627955,0.14977661986627955,0.29780060706748523,FALSE,FALSE
2001-11-06,Weddell,1.225456131,0.14258763906192296,0.14258763906192296,0.29780060706748523,FALSE,FALSE
2001-11-07,Weddell,1.17228546,0.095472710063083,0.095472710063083,0.29780060706748523,FALSE,FALSE
2001-11-08,Weddell,1.135159595,0.06453551839633231,0.06453551839633231,0.29780060706748523,FALSE,FALSE
2001-11-09,Weddell,1.111381222,0.04707739258824084,0.04707739258824084,0.29780060706748523,FALSE,FALSE
2001-11-10,Weddell,1.103917039,0.04606367316538007,0.04606367316538007,0.29780060706748523,FALSE,FALSE
2001-11-11,Weddell,1.115930356,0.06465631265432137,0.06465631265432137,0.29780060706748523,FALSE,FALSE
2001-11-12,Weddell,1.115814545,0.07124742152219365,0.07124742152219365,0.29780060706748523,FALSE,FALSE
2001-11-13,Weddell,1.129817384,0.09208882357194548,0.09208882357194548,0.29780060706748523,FALSE,FALSE
2001-11-14,Weddell,1.133457419,0.10271108863969802,0.10271108863969802,0.29780060706748523,FALSE,FALSE
2001-11-15,Weddell,1.122055673,0.09844792161787064,0.09844792161787064,0.29780060706748523,FALSE,FALSE
2001-11-16,Weddell,1.128083426,0.1117832843988833,0.1117832843988833,0.29780060706748523,FALSE,FALSE
2001-11-17,Weddell,1.146309594,0.1374987748751566,0.1374987748751566,0.29780060706748523,FALSE,FALSE
2001-11-18,Weddell,1.177929004,0.17680190193910938,0.17680190193910938,0.29780060706748523,FALSE,FALSE
2001-11-19,Weddell,1.189909759,0.1966734504831621,0.1966734504831621,0.29780060706748523,FALSE,FALSE
2001-11-20,Weddell,1.206766233,0.22164047639973428,0.22164047639973428,0.29780060706748523,FALSE,FALSE
2001-11-21,Weddell,1.213322537,0.2365397725812457,0.2365397725812457,0.29780060706748523,FALSE,FALSE
2001-11-22,Weddell,1.203684744,0.23549009392011633,0.23549009392011633,0.29780060706748523,FALSE,FALSE
2001-11-23,Weddell,1.192358483,0.2330097513087661,0.2330097513087661,0.29780060706748523,FALSE,FALSE
2001-11-24,Weddell,1.17284666,0.22261433263961472,0.22261433263961472,0.29780060706748523,FALSE,FALSE
2001-11-25,Weddell,1.166098426,0.22526328619881775,0.22526328619881775,0.29780060706748523,FALSE,FALSE
2001-11-26,Weddell,1.160402679,0.22923563867226915,0.22923563867226915,0.29780060706748523,FALSE,FALSE
2001-11-27,Weddell,1.144499031,0.22325098945077937,0.22325098945077937,0.29780060706748523,FALSE,FALSE
2001-11-28,Weddell,1.138932069,0.22783383611073493,0.22783383611073493,0.29780060706748523,FALSE,FALSE
2001-11-29,Weddell,1.132928509,0.2321908052285253,0.2321908052285253,0.29780060706748523,FALSE,FALSE
2001-11-30,Weddell,1.140827376,0.2506408323805387,0.2506408323805387,0.29780060706748523,FALSE,FALSE
2001-12-01,Weddell,1.126965561,0.2475007191431627,0.2475007191431627,0.29780060706748523,FALSE,FALSE
2001-12-02,Weddell,1.11050955,0.24191686209278573,0.24191686209278573,0.29780060706748523,FALSE,FALSE
2001-12-03,Weddell,1.092764038,0.23517386680579677,0.23517386680579677,0.29780060706748523,FALSE,FALSE
2001-12-04,Weddell,1.076185228,0.22970784685858292,0.22970784685858292,0.29780060706748523,FALSE,FALSE
2001-12-05,Weddell,1.061941582,0.22666717482753307,0.22666717482753307,0.29780060706748523,FALSE,FALSE
2001-12-06,Weddell,1.032207473,0.20820613428903567,0.20820613428903567,0.29780060706748523,FALSE,FALSE
2001-12-07,Weddell,0.984020887,0.171342624037917,0.171342624037917,0.29780060706748523,FALSE,FALSE
2001-12-08,Weddell,0.93682833,0.1355037515432468,0.1355037515432468,0.29780060706748523,FALSE,FALSE
2001-12-09,Weddell,0.909861722,0.11990369910350396,0.11990369910350396,0.29780060706748523,FALSE,FALSE
2001-12-10,Weddell,0.898951857,0.12035576835869544,0.12035576835869544,0.29780060706748523,FALSE,FALSE
2001-12-11,Weddell,0.890374585,0.12311831694883112,0.12311831694883112,0.29780060706748523,FALSE,FALSE
2001-12-12,Weddell,0.876221284,0.12026523051391912,0.12026523051391912,0.29780060706748523,FALSE,FALSE
2001-12-13,Weddell,0.841744611,0.09703167369396726,0.09703167369396726,0.29780060706748523,FALSE,FALSE
2001-12-14,Weddell,0.843552528,0.11000811612898465,0.11000811612898465,0.29780060706748523,FALSE,FALSE
2001-12-15,Weddell,0.833483053,0.11101508345897948,0.11101508345897948,0.29780060706748523,FALSE,FALSE
2001-12-16,Weddell,0.823534694,0.11203359132395996,0.11203359132395996,0.29780060706748523,FALSE,FALSE
2001-12-17,Weddell,0.800818223,0.10015691936393478,0.10015691936393478,0.29780060706748523,FALSE,FALSE
2001-12-18,Weddell,0.777382419,0.08741635421891258,0.08741635421891258,0.29780060706748523,FALSE,FALSE
2001-12-19,Weddell,0.76442952,0.08499664152890107,0.08499664152890107,0.29780060706748523,FALSE,FALSE
2001-12-20,Weddell,0.749511551,0.08043289904632978,0.08043289904632978,0.29780060706748523,FALSE,FALSE
2001-12-21,Weddell,0.741463206,0.08255216527881781,0.08255216527881781,0.29780060706748523,FALSE,FALSE
2001-12-22,Weddell,0.737119168,0.08818885267924403,0.08818885267924403,0.29780060706748523,FALSE,FALSE
2001-12-23,Weddell,0.726611572,0.08747503149618707,0.08747503149618707,0.29780060706748523,FALSE,FALSE
2001-12-24,Weddell,0.719166551,0.08963676997822356,0.08963676997822356,0.29780060706748523,FALSE,FALSE
2001-12-25,Weddell,0.709901506,0.08979140437393152,0.08979140437393152,0.29780060706748523,FALSE,FALSE
2001-12-26,Weddell,0.699406114,0.08852854693188694,0.08852854693188694,0.29780060706748523,FALSE,FALSE
2001-12-27,Weddell,0.688294998,0.08646275590066821,0.08646275590066821,0.29780060706748523,FALSE,FALSE
2001-12-28,Weddell,0.674111333,0.08113714152885321,0.08113714152885321,0.29780060706748523,FALSE,FALSE
2001-12-29,Weddell,0.653629839,0.0693263590650185,0.0693263590650185,0.29780060706748523,FALSE,FALSE
2001-12-30,Weddell,0.628869569,0.05304939675774045,0.05304939675774045,0.29780060706748523,FALSE,FALSE
2001-12-31,Weddell,0.594782477,0.02725814385559855,0.02725814385559855,0.29780060706748523,FALSE,FALSE
2002-01-01,Weddell,0.570589057,0.01117302960716937,0.01117302960716937,0.29780060706748523,FALSE,FALSE
2002-01-02,Weddell,0.56057174,0.00907777312543345,0.00907777312543345,0.29780060706748523,FALSE,FALSE
2002-01-03,Weddell,0.55999056,0.01623910798098937,0.01623910798098937,0.29780060706748523,FALSE,FALSE
2002-01-04,Weddell,0.542013521,0.00583309060883763,0.00583309060883763,0.29780060706748523,FALSE,FALSE
2002-01-05,Weddell,0.530232805,0.00145995544398191,0.00145995544398191,0.29780060706748523,FALSE,FALSE
2002-01-06,Weddell,0.535186155,0.01366549792142091,0.01366549792142091,0.29780060706748523,FALSE,FALSE
2002-01-07,Weddell,0.532608947,0.01819314647615866,0.01819314647615866,0.29780060706748523,FALSE,FALSE
2002-01-08,Weddell,0.530705042,0.02325481454319589,0.02325481454319589,0.29780060706748523,FALSE,FALSE
2002-01-09,Weddell,0.527007127,0.0263912415575328,0.0263912415575328,0.29780060706748523,FALSE,FALSE
2002-01-10,Weddell,0.510764721,0.01685999895417356,0.01685999895417356,0.29780060706748523,FALSE,FALSE
2002-01-11,Weddell,0.499532845,0.01222416016811767,0.01222416016811767,0.29780060706748523,FALSE,FALSE
2002-01-12,Weddell,0.497666691,0.01684696963436821,0.01684696963436821,0.29780060706748523,FALSE,FALSE
2002-01-13,Weddell,0.481475422,0.00704564278792552,0.00704564278792552,0.29780060706748523,FALSE,FALSE
2002-01-14,Weddell,0.44955348,-0.01857730949366648,0.01857730949366648,0.29780060706748523,FALSE,FALSE
2002-01-15,Weddell,0.442662301,-0.01925179229492835,0.01925179229492835,0.29780060706748523,FALSE,FALSE
2002-01-16,Weddell,0.430147914,-0.02562237850917936,0.02562237850917936,0.29780060706748523,FALSE,FALSE
2002-01-17,Weddell,0.417682137,-0.03200780528077801,0.03200780528077801,0.29780060706748523,FALSE,FALSE
2002-01-18,Weddell,0.424098234,-0.01956536375408235,0.01956536375408235,0.29780060706748523,FALSE,FALSE
2002-01-19,Weddell,0.415298587,-0.0223832270734508,0.0223832270734508,0.29780060706748523,FALSE,FALSE
2002-01-20,Weddell,0.406525097,-0.02521004938324073,0.02521004938324073,0.29780060706748523,FALSE,FALSE
2002-01-21,Weddell,0.397122231,-0.02869191882781091,0.02869191882781091,0.29780060706748523,FALSE,FALSE
2002-01-22,Weddell,0.389534772,-0.03037460755151899,0.03037460755151899,0.29780060706748523,FALSE,FALSE
2002-01-23,Weddell,0.383230308,-0.03078108269872348,0.03078108269872348,0.29780060706748523,FALSE,FALSE
2002-01-24,Weddell,0.375711938,-0.03239880041378207,0.03239880041378207,0.29780060706748523,FALSE,FALSE
2002-01-25,Weddell,0.36762791,-0.03457006784105337,0.03457006784105337,0.29780060706748523,FALSE,FALSE
2002-01-26,Weddell,0.350698326,-0.04556533812489433,0.04556533812489433,0.29780060706748523,FALSE,FALSE
2002-01-27,Weddell,0.344357226,-0.04594379856659209,0.04594379856659209,0.29780060706748523,FALSE,FALSE
2002-01-28,Weddell,0.345092161,-0.03922921452396166,0.03922921452396166,0.29780060706748523,FALSE,FALSE
2002-01-29,Weddell,0.333844855,-0.04449867910550059,0.04449867910550059,0.29780060706748523,FALSE,FALSE
2002-01-30,Weddell,0.323831595,-0.04855474658200509,0.04855474658200509,0.29780060706748523,FALSE,FALSE
2002-01-31,Weddell,0.313283814,-0.05318482522427098,0.05318482522427098,0.29780060706748523,FALSE,FALSE
2002-02-01,Weddell,0.31021667000000003,-0.05039259830309489,0.05039259830309489,0.29780060706748523,FALSE,FALSE
2002-02-02,Weddell,0.298350547,-0.05647652308927242,0.05647652308927242,0.29780060706748523,FALSE,FALSE
2002-02-03,Weddell,0.281940357,-0.06720052885359995,0.06720052885359995,0.29780060706748523,FALSE,FALSE
2002-02-04,Weddell,0.288985352,-0.0545842048668736,0.0545842048668736,0.29780060706748523,FALSE,FALSE
2002-02-05,Weddell,0.274558271,-0.06357365339988907,0.06357365339988907,0.29780060706748523,FALSE,FALSE
2002-02-06,Weddell,0.268362284,-0.06448454572344292,0.06448454572344292,0.29780060706748523,FALSE,FALSE
2002-02-07,Weddell,0.262671144,-0.0650619701083312,0.0650619701083312,0.29780060706748523,FALSE,FALSE
2002-02-08,Weddell,0.260770348,-0.0620392465051271,0.0620392465051271,0.29780060706748523,FALSE,FALSE
2002-02-09,Weddell,0.260020614,-0.05807126302775961,0.05807126302775961,0.29780060706748523,FALSE,FALSE
2002-02-10,Weddell,0.259362395,-0.05422678720722779,0.05422678720722779,0.29780060706748523,FALSE,FALSE
2002-02-11,Weddell,0.265666593,-0.04364338258405875,0.04364338258405875,0.29780060706748523,FALSE,FALSE
2002-02-12,Weddell,0.262461918,-0.04280080469877795,0.04280080469877795,0.29780060706748523,FALSE,FALSE
2002-02-13,Weddell,0.263684768,-0.03777112109191216,0.03777112109191216,0.29780060706748523,FALSE,FALSE
2002-02-14,Weddell,0.261663437,-0.03623450330398731,0.03623450330398731,0.29780060706748523,FALSE,FALSE
2002-02-15,Weddell,0.257295923,-0.03730141887552979,0.03730141887552979,0.29780060706748523,FALSE,FALSE
2002-02-16,Weddell,0.249172514,-0.04239004534706597,0.04239004534706597,0.29780060706748523,FALSE,FALSE
2002-02-17,Weddell,0.258100409,-0.03070164925912194,0.03070164925912194,0.29780060706748523,FALSE,FALSE
2002-02-18,Weddell,0.259383547,-0.02694075715222438,0.02694075715222438,0.29780060706748523,FALSE,FALSE
2002-02-19,Weddell,0.246157653,-0.03798010956689932,0.03798010956689932,0.29780060706748523,FALSE,FALSE
2002-02-20,Weddell,0.248175887,-0.03407501204367266,0.03407501204367266,0.29780060706748523,FALSE,FALSE
2002-02-21,Weddell,0.243174357,-0.03749734970243384,0.03749734970243384,0.29780060706748523,FALSE,FALSE
2002-02-22,Weddell,0.249455831,-0.02994662020855457,0.02994662020855457,0.29780060706748523,FALSE,FALSE
2002-02-23,Weddell,0.24563484,-0.03280674807472436,0.03280674807472436,0.29780060706748523,FALSE,FALSE
2002-02-24,Weddell,0.260954223,-0.01683328093761127,0.01683328093761127,0.29780060706748523,FALSE,FALSE
2002-02-25,Weddell,0.265282912,-0.01215567343388285,0.01215567343388285,0.29780060706748523,FALSE,FALSE
2002-02-26,Weddell,0.284126469,0.00673324979979317,0.00673324979979317,0.29780060706748523,FALSE,FALSE
2002-02-27,Weddell,0.291595518,0.01394572612674954,0.01394572612674954,0.29780060706748523,FALSE,FALSE
2002-02-28,Weddell,0.285932556,0.00772586591031848,0.00772586591031848,0.29780060706748523,FALSE,FALSE
2002-03-01,Weddell,0.279681001,6.1870051383206e-4,6.1870051383206e-4,0.29780060706748523,FALSE,FALSE
2002-03-02,Weddell,0.275937844,-0.00427716569937691,0.00427716569937691,0.29780060706748523,FALSE,FALSE
2002-03-03,Weddell,0.270297947,-0.01136525736597621,0.01136525736597621,0.29780060706748523,FALSE,FALSE
2002-03-04,Weddell,0.265877103,-0.01752816812263319,0.01752816812263319,0.29780060706748523,FALSE,FALSE
2002-03-05,Weddell,0.269676562,-0.01576303373392346,0.01576303373392346,0.29780060706748523,FALSE,FALSE
2002-03-06,Weddell,0.284723399,-0.00303792089096599,0.00303792089096599,0.29780060706748523,FALSE,FALSE
2002-03-07,Weddell,0.312052868,0.02169784418602954,0.02169784418602954,0.29780060706748523,FALSE,FALSE
2002-03-08,Weddell,0.334102571,0.04089942895036025,0.04089942895036025,0.29780060706748523,FALSE,FALSE
2002-03-09,Weddell,0.350411009,0.05412289985532187,0.05412289985532187,0.29780060706748523,FALSE,FALSE
2002-03-10,Weddell,0.374252944,0.07466058435421002,0.07466058435421002,0.29780060706748523,FALSE,FALSE
2002-03-11,Weddell,0.395541365,0.09244303690032168,0.09244303690032168,0.29780060706748523,FALSE,FALSE
2002-03-12,Weddell,0.400566133,0.09377768394695309,0.09377768394695309,0.29780060706748523,FALSE,FALSE
2002-03-13,Weddell,0.391807555,0.08116239794739949,0.08116239794739949,0.29780060706748523,FALSE,FALSE
2002-03-14,Weddell,0.38555088,0.07089999335495789,0.07089999335495789,0.29780060706748523,FALSE,FALSE
2002-03-15,Weddell,0.372395797,0.05360772462292418,0.05360772462292418,0.29780060706748523,FALSE,FALSE
2002-03-16,Weddell,0.371156462,0.04811731320459445,0.04811731320459445,0.29780060706748523,FALSE,FALSE
2002-03-17,Weddell,0.354831183,0.0274446325532649,0.0274446325532649,0.29780060706748523,FALSE,FALSE
2002-03-18,Weddell,0.335384848,0.00357185735734766,0.00357185735734766,0.29780060706748523,FALSE,FALSE
2002-03-19,Weddell,0.33041029,-0.00589785480710902,0.00589785480710902,0.29780060706748523,FALSE,FALSE
2002-03-20,Weddell,0.341724775,8.558042081029948e-4,8.558042081029948e-4,0.29780060706748523,FALSE,FALSE
2002-03-21,Weddell,0.350498594,0.00500582468257249,0.00500582468257249,0.29780060706748523,FALSE,FALSE
2002-03-22,Weddell,0.36995366,0.01977681889588878,0.01977681889588878,0.29780060706748523,FALSE,FALSE
2002-03-23,Weddell,0.391226371,0.03630788412764113,0.03630788412764113,0.29780060706748523,FALSE,FALSE
2002-03-24,Weddell,0.409302603,0.04958759565741905,0.04958759565741905,0.29780060706748523,FALSE,FALSE
2002-03-25,Weddell,0.422451649,0.05788794576481204,0.05788794576481204,0.29780060706748523,FALSE,FALSE
2002-03-26,Weddell,0.455016163,0.0855542877294087,0.0855542877294087,0.29780060706748523,FALSE,FALSE
2002-03-27,Weddell,0.507994889,0.13358806483079866,0.13358806483079866,0.29780060706748523,FALSE,FALSE
2002-03-28,Weddell,0.529178986,0.1497831353485713,0.1497831353485713,0.29780060706748523,FALSE,FALSE
2002-03-29,Weddell,0.537207041,0.15278078556231617,0.15278078556231617,0.29780060706748523,FALSE,FALSE
2002-03-30,Weddell,0.534093933,0.14459859375162193,0.14459859375162193,0.29780060706748523,FALSE,FALSE
2002-03-31,Weddell,0.514940214,0.12033816000839764,0.12033816000839764,0.29780060706748523,FALSE,FALSE
2002-04-01,Weddell,0.511903012,0.1121486349778259,0.1121486349778259,0.29780060706748523,FALSE,FALSE
2002-04-02,Weddell,0.518176077,0.11321272304213642,0.11321272304213642,0.29780060706748523,FALSE,FALSE
2002-04-03,Weddell,0.521294258,0.11105422504702812,0.11105422504702812,0.29780060706748523,FALSE,FALSE
2002-04-04,Weddell,0.523781594,0.10818613183820014,0.10818613183820014,0.29780060706748523,FALSE,FALSE
2002-04-05,Weddell,0.530027026,0.10898633626135112,0.10898633626135112,0.29780060706748523,FALSE,FALSE
2002-04-06,Weddell,0.543743257,0.11715649316218152,0.11715649316218152,0.29780060706748523,FALSE,FALSE
2002-04-07,Weddell,0.543098725,0.11085399238638892,0.11085399238638892,0.29780060706748523,FALSE,FALSE
2002-04-08,Weddell,0.549946657,0.11192101277967352,0.11192101277967352,0.29780060706748523,FALSE,FALSE
2002-04-09,Weddell,0.572957195,0.12901664818773345,0.12901664818773345,0.29780060706748523,FALSE,FALSE
2002-04-10,Weddell,0.594062946,0.14406245745626878,0.14406245745626878,0.29780060706748523,FALSE,FALSE
2002-04-11,Weddell,0.590314713,0.13409819543097745,0.13409819543097745,0.29780060706748523,FALSE,FALSE
2002-04-12,Weddell,0.566667831,0.10406831566017428,0.10406831566017428,0.29780060706748523,FALSE,FALSE
2002-04-13,Weddell,0.544902886,0.0757544036263954,0.0757544036263954,0.29780060706748523,FALSE,FALSE
2002-04-14,Weddell,0.543688378,0.0678455444256803,0.0678455444256803,0.29780060706748523,FALSE,FALSE
2002-04-15,Weddell,0.548072837,0.065412682538045,0.065412682538045,0.29780060706748523,FALSE,FALSE
2002-04-16,Weddell,0.553054988,0.06347695744350401,0.06347695744350401,0.29780060706748523,FALSE,FALSE
2002-04-17,Weddell,0.572346758,0.07577271062207236,0.07577271062207236,0.29780060706748523,FALSE,FALSE
2002-04-18,Weddell,0.597193423,0.0935676325537652,0.0935676325537652,0.29780060706748523,FALSE,FALSE
2002-04-19,Weddell,0.594690571,0.08397972571859735,0.08397972571859735,0.29780060706748523,FALSE,FALSE
2002-04-20,Weddell,0.594680254,0.07687345659658384,0.07687345659658384,0.29780060706748523,FALSE,FALSE
2002-04-21,Weddell,0.579775229,0.05488399666773957,0.05488399666773957,0.29780060706748523,FALSE,FALSE
2002-04-22,Weddell,0.575365316,0.04342358041207939,0.04342358041207939,0.29780060706748523,FALSE,FALSE
2002-04-23,Weddell,0.602134319,0.0631984263096187,0.0631984263096187,0.29780060706748523,FALSE,FALSE
2002-04-24,Weddell,0.605230235,0.05937894584037162,0.05937894584037162,0.29780060706748523,FALSE,FALSE
2002-04-25,Weddell,0.596496644,0.0438291160804235,0.0438291160804235,0.29780060706748523,FALSE,FALSE
2002-04-26,Weddell,0.58466468,0.02528130788772542,0.02528130788772542,0.29780060706748523,FALSE,FALSE
2002-04-27,Weddell,0.569724189,0.00371601607163196,0.00371601607163196,0.29780060706748523,FALSE,FALSE
2002-04-28,Weddell,0.58099952,0.00844812690809915,0.00844812690809915,0.29780060706748523,FALSE,FALSE
2002-04-29,Weddell,0.58478251,0.0057600146730824,0.0057600146730824,0.29780060706748523,FALSE,FALSE
2002-04-30,Weddell,0.595910383,0.01047944064253669,0.01047944064253669,0.29780060706748523,FALSE,FALSE
2002-05-01,Weddell,0.606397024,0.01461082709241812,0.01461082709241812,0.29780060706748523,FALSE,FALSE
2002-05-02,Weddell,0.611930043,0.01383232129868206,0.01383232129868206,0.29780060706748523,FALSE,FALSE
2002-05-03,Weddell,0.64607221,0.04169723053728447,0.04169723053728447,0.29780060706748523,FALSE,FALSE
2002-05-04,Weddell,0.68020734,0.0695799070841806,0.0695799070841806,0.29780060706748523,FALSE,FALSE
2002-05-05,Weddell,0.677716914,0.06085236921532533,0.06085236921532533,0.29780060706748523,FALSE,FALSE
2002-05-06,Weddell,0.693754433,0.07065865520667491,0.07065865520667491,0.29780060706748523,FALSE,FALSE
2002-05-07,Weddell,0.688718067,0.05938746450560761,0.05938746450560761,0.29780060706748523,FALSE,FALSE
2002-05-08,Weddell,0.690544018,0.05496116400518336,0.05496116400518336,0.29780060706748523,FALSE,FALSE
2002-05-09,Weddell,0.737493351,0.095615367457207,0.095615367457207,0.29780060706748523,FALSE,FALSE
2002-05-10,Weddell,0.781925875,0.13368252133966263,0.13368252133966263,0.29780060706748523,FALSE,FALSE
2002-05-11,Weddell,0.805227444,0.15052111713053296,0.15052111713053296,0.29780060706748523,FALSE,FALSE
2002-05-12,Weddell,0.8302799,0.16898563430780267,0.16898563430780267,0.29780060706748523,FALSE,FALSE
2002-05-13,Weddell,0.828362843,0.16032831034945383,0.16032831034945383,0.29780060706748523,FALSE,FALSE
2002-05-14,Weddell,0.806034008,0.13107951773347082,0.13107951773347082,0.29780060706748523,FALSE,FALSE
2002-05-15,Weddell,0.788663426,0.10658192493783702,0.10658192493783702,0.29780060706748523,FALSE,FALSE
2002-05-16,Weddell,0.766503264,0.077060336440536,0.077060336440536,0.29780060706748523,FALSE,FALSE
2002-05-17,Weddell,0.790207711,0.09314157871955142,0.09314157871955142,0.29780060706748523,FALSE,FALSE
2002-05-18,Weddell,0.820981803,0.1160033252528666,0.1160033252528666,0.29780060706748523,FALSE,FALSE
2002-05-19,Weddell,0.879807198,0.16659987151846525,0.16659987151846525,0.29780060706748523,FALSE,FALSE
2002-05-20,Weddell,0.902988505,0.1812103436574729,0.1812103436574729,0.29780060706748523,FALSE,FALSE
2002-05-21,Weddell,0.916391445,0.1857092786154334,0.1857092786154334,0.29780060706748523,FALSE,FALSE
2002-05-22,Weddell,0.915008935,0.1751283756472608,0.1751283756472608,0.29780060706748523,FALSE,FALSE
2002-05-23,Weddell,0.908914398,0.15958084821585605,0.15958084821585605,0.29780060706748523,FALSE,FALSE
2002-05-24,Weddell,0.920173866,0.1611725187841221,0.1611725187841221,0.29780060706748523,FALSE,FALSE
2002-05-25,Weddell,0.940849329,0.17200516781496122,0.17200516781496122,0.29780060706748523,FALSE,FALSE
2002-05-26,Weddell,0.982386675,0.20356447377127485,0.20356447377127485,0.29780060706748523,FALSE,FALSE
2002-05-27,Weddell,1.036086475,0.24719079811596567,0.24719079811596567,0.29780060706748523,FALSE,FALSE
2002-05-28,Weddell,1.082238672,0.283213874311935,0.283213874311935,0.29780060706748523,FALSE,FALSE
2002-05-29,Weddell,1.133286724,0.32411695082208636,0.32411695082208636,0.29780060706748523,TRUE,TRUE
2002-05-30,Weddell,1.15510641,0.33581559710932063,0.33581559710932063,0.29780060706748523,TRUE,TRUE
2002-05-31,Weddell,1.183710012,0.3543618856365407,0.3543618856365407,0.29780060706748523,TRUE,TRUE
2002-06-01,Weddell,1.200021592,0.3607196688666481,0.3607196688666481,0.29780060706748523,TRUE,TRUE
2002-06-02,Weddell,1.202987955,0.3538673535830493,0.3538673535830493,0.29780060706748523,TRUE,TRUE
2002-06-03,Weddell,1.204501539,0.345692652375602,0.345692652375602,0.29780060706748523,TRUE,TRUE
2002-06-04,Weddell,1.225790801,0.35740922660859564,0.35740922660859564,0.29780060706748523,TRUE,TRUE
2002-06-05,Weddell,1.24995594,0.37210247927329376,0.37210247927329376,0.29780060706748523,TRUE,TRUE
2002-06-06,Weddell,1.279084886,0.3918455443609581,0.3918455443609581,0.29780060706748523,TRUE,TRUE
2002-06-07,Weddell,1.299131069,0.4025770558628533,0.4025770558628533,0.29780060706748523,TRUE,TRUE
2002-06-08,Weddell,1.301470033,0.3956577617702405,0.3956577617702405,0.29780060706748523,TRUE,TRUE
2002-06-09,Weddell,1.285560318,0.3705314060743836,0.3705314060743836,0.29780060706748523,TRUE,TRUE
2002-06-10,Weddell,1.262503391,0.3382846597665453,0.3382846597665453,0.29780060706748523,TRUE,TRUE
2002-06-11,Weddell,1.24055931,0.3071627848379892,0.3071627848379892,0.29780060706748523,TRUE,TRUE
2002-06-12,Weddell,1.270954638,0.3283775482799771,0.3283775482799771,0.29780060706748523,TRUE,TRUE
2002-06-13,Weddell,1.299569789,0.3477945680837724,0.3477945680837724,0.29780060706748523,TRUE,TRUE
2002-06-14,Weddell,1.305088806,0.344083505620549,0.344083505620549,0.29780060706748523,TRUE,TRUE
2002-06-15,Weddell,1.345012396,0.37474895384652906,0.37474895384652906,0.29780060706748523,TRUE,TRUE
2002-06-16,Weddell,1.384199349,0.4046786492070279,0.4046786492070279,0.29780060706748523,TRUE,TRUE
2002-06-17,Weddell,1.40573809,0.4169917788225308,0.4169917788225308,0.29780060706748523,TRUE,TRUE
2002-06-18,Weddell,1.404361962,0.40645244781351697,0.40645244781351697,0.29780060706748523,TRUE,TRUE
2002-06-19,Weddell,1.399966307,0.39298676030047086,0.39298676030047086,0.29780060706748523,TRUE,TRUE
2002-06-20,Weddell,1.375627765,0.3597021184038751,0.3597021184038751,0.29780060706748523,TRUE,TRUE
2002-06-21,Weddell,1.340087388,0.3153703362442115,0.3153703362442115,0.29780060706748523,TRUE,TRUE
2002-06-22,Weddell,1.297339865,0.26401686494196364,0.26401686494196364,0.29780060706748523,FALSE,FALSE
2002-06-23,Weddell,1.244205674,0.2024929446176131,0.2024929446176131,0.29780060706748523,FALSE,FALSE
2002-06-24,Weddell,1.231639477,0.18178399939164305,0.18178399939164305,0.29780060706748523,FALSE,FALSE
2002-06-25,Weddell,1.228985971,0.17126548838453526,0.17126548838453526,0.29780060706748523,FALSE,FALSE
2002-06-26,Weddell,1.26846645,0.20318946771677293,0.20318946771677293,0.29780060706748523,FALSE,FALSE
2002-06-27,Weddell,1.299124792,0.22662645313238672,0.22662645313238672,0.29780060706748523,FALSE,FALSE
2002-06-28,Weddell,1.297219768,0.2178306875028848,0.2178306875028848,0.29780060706748523,FALSE,FALSE
2002-06-29,Weddell,1.308639617,0.22267164078754464,0.22267164078754464,0.29780060706748523,FALSE,FALSE
2002-06-30,Weddell,1.306247808,0.21399393972584255,0.21399393972584255,0.29780060706748523,FALSE,FALSE
2002-07-01,Weddell,1.318641849,0.2203762500572557,0.2203762500572557,0.29780060706748523,FALSE,FALSE
2002-07-02,Weddell,1.327823521,0.22380151052126052,0.22380151052126052,0.29780060706748523,FALSE,FALSE
2002-07-03,Weddell,1.321320638,0.21177869285733464,0.21177869285733464,0.29780060706748523,FALSE,FALSE
2002-07-04,Weddell,1.346898018,0.2320537728049532,0.2320537728049532,0.29780060706748523,FALSE,FALSE
2002-07-05,Weddell,1.368429674,0.24848192110359357,0.24848192110359357,0.29780060706748523,FALSE,FALSE
2002-07-06,Weddell,1.374789553,0.2499182424927331,0.2499182424927331,0.29780060706748523,FALSE,FALSE
2002-07-07,Weddell,1.358193078,0.22855931771184743,0.22855931771184743,0.29780060706748523,FALSE,FALSE
2002-07-08,Weddell,1.389907544,0.255653599500413,0.255653599500413,0.29780060706748523,FALSE,FALSE
2002-07-09,Weddell,1.400069612,0.2613189141331207,0.2613189141331207,0.29780060706748523,FALSE,FALSE
2002-07-10,Weddell,1.381262108,0.23812071844875704,0.23812071844875704,0.29780060706748523,FALSE,FALSE
2002-07-11,Weddell,1.390776542,0.2433363606356824,0.2433363606356824,0.29780060706748523,FALSE,FALSE
2002-07-12,Weddell,1.44269889,0.29103807933105474,0.29103807933105474,0.29780060706748523,FALSE,FALSE
2002-07-13,Weddell,1.466185777,0.31036876217203146,0.31036876217203146,0.29780060706748523,TRUE,FALSE
2002-07-14,Weddell,1.491447128,0.33152459679577007,0.33152459679577007,0.29780060706748523,TRUE,FALSE
2002-07-15,Weddell,1.500378072,0.33638697483942726,0.33638697483942726,0.29780060706748523,TRUE,FALSE
2002-07-16,Weddell,1.487734876,0.31969842594016096,0.31969842594016096,0.29780060706748523,TRUE,FALSE
2002-07-17,Weddell,1.457818862,0.28574653473512734,0.28574653473512734,0.29780060706748523,FALSE,FALSE
2002-07-18,Weddell,1.461664314,0.2855518478614858,0.2855518478614858,0.29780060706748523,FALSE,FALSE
2002-07-19,Weddell,1.436387305,0.25621670095639093,0.25621670095639093,0.29780060706748523,FALSE,FALSE
2002-07-20,Weddell,1.423109639,0.23884916065700268,0.23884916065700268,0.29780060706748523,FALSE,FALSE
2002-07-21,Weddell,1.399593634,0.2111978076004768,0.2111978076004768,0.29780060706748523,FALSE,FALSE
2002-07-22,Weddell,1.370054987,0.17746564487465655,0.17746564487465655,0.29780060706748523,FALSE,FALSE
2002-07-23,Weddell,1.347125918,0.15028660058434462,0.15028660058434462,0.29780060706748523,FALSE,FALSE
2002-07-24,Weddell,1.32291561,0.1217820640360614,0.1217820640360614,0.29780060706748523,FALSE,FALSE
2002-07-25,Weddell,1.323700898,0.11824131467639232,0.11824131467639232,0.29780060706748523,FALSE,FALSE
2002-07-26,Weddell,1.343286545,0.13348155995192368,0.13348155995192368,0.29780060706748523,FALSE,FALSE
2002-07-27,Weddell,1.329763391,0.1156060843092388,0.1156060843092388,0.29780060706748523,FALSE,FALSE
2002-07-28,Weddell,1.283329281,0.06482517719492487,0.06482517719492487,0.29780060706748523,FALSE,FALSE
2002-07-29,Weddell,1.251533207,0.02870027505556782,0.02870027505556782,0.29780060706748523,FALSE,FALSE
2002-07-30,Weddell,1.218287186,-0.00884416066224824,0.00884416066224824,0.29780060706748523,FALSE,FALSE
2002-07-31,Weddell,1.221028186,-0.01035871751193795,0.01035871751193795,0.29780060706748523,FALSE,FALSE
2002-08-01,Weddell,1.212327937,-0.02325922104691447,0.02325922104691447,0.29780060706748523,FALSE,FALSE
2002-08-02,Weddell,1.20754522,-0.03217444582059392,0.03217444582059392,0.29780060706748523,FALSE,FALSE
2002-08-03,Weddell,1.189303197,-0.05446878551696321,0.05446878551696321,0.29780060706748523,FALSE,FALSE
2002-08-04,Weddell,1.148490837,-0.09924435178549484,0.09924435178549484,0.29780060706748523,FALSE,FALSE
2002-08-05,Weddell,1.102151198,-0.14946188318778164,0.14946188318778164,0.29780060706748523,FALSE,FALSE
2002-08-06,Weddell,1.074025012,-0.18138731063755364,0.18138731063755364,0.29780060706748523,FALSE,FALSE
2002-08-07,Weddell,1.036704513,-0.2224350630485417,0.2224350630485417,0.29780060706748523,FALSE,FALSE
2002-08-08,Weddell,0.993197814,-0.2696036903344752,0.2696036903344752,0.29780060706748523,FALSE,FALSE
2002-08-09,Weddell,0.999126736,-0.2672780344090855,0.2672780344090855,0.29780060706748523,FALSE,FALSE
2002-08-10,Weddell,1.069874121,-0.20008191618610227,0.20008191618610227,0.29780060706748523,FALSE,FALSE
2002-08-11,Weddell,1.12028509,-0.1531768775792559,0.1531768775792559,0.29780060706748523,FALSE,FALSE
2002-08-12,Weddell,1.164205908,-0.1127233165022774,0.1127233165022774,0.29780060706748523,FALSE,FALSE
2002-08-13,Weddell,1.170883621,-0.10948084986889506,0.10948084986889506,0.29780060706748523,FALSE,FALSE
2002-08-14,Weddell,1.183168013,-0.10060635659284169,0.10060635659284169,0.29780060706748523,FALSE,FALSE
2002-08-15,Weddell,1.205289398,-0.0818761855878467,0.0818761855878467,0.29780060706748523,FALSE,FALSE
2002-08-16,Weddell,1.221088212,-0.06945601481807429,0.06945601481807429,0.29780060706748523,FALSE,FALSE
2002-08-17,Weddell,1.229610561,-0.06428953617732192,0.06428953617732192,0.29780060706748523,FALSE,FALSE
2002-08-18,Weddell,1.249122916,-0.04808140153005413,0.04808140153005413,0.29780060706748523,FALSE,FALSE
2002-08-19,Weddell,1.275284135,-0.02514285230085233,0.02514285230085233,0.29780060706748523,FALSE,FALSE
2002-08-20,Weddell,1.382966039,0.0794278330856999,0.0794278330856999,0.29780060706748523,FALSE,FALSE
2002-08-21,Weddell,1.446153655,0.1396455822050182,0.1396455822050182,0.29780060706748523,FALSE,FALSE
2002-08-22,Weddell,1.517944107,0.20863741963252205,0.20863741963252205,0.29780060706748523,FALSE,FALSE
2002-08-23,Weddell,1.542544099,0.2306399499436265,0.2306399499436265,0.29780060706748523,FALSE,FALSE
2002-08-24,Weddell,1.550933551,0.23666299371375032,0.23666299371375032,0.29780060706748523,FALSE,FALSE
2002-08-25,Weddell,1.546730697,0.2303546855183092,0.2303546855183092,0.29780060706748523,FALSE,FALSE
2002-08-26,Weddell,1.526881922,0.20869131093272064,0.20869131093272064,0.29780060706748523,FALSE,FALSE
2002-08-27,Weddell,1.485417045,0.165732589532402,0.165732589532402,0.29780060706748523,FALSE,FALSE
2002-08-28,Weddell,1.461390924,0.1405632798927705,0.1405632798927705,0.29780060706748523,FALSE,FALSE
2002-08-29,Weddell,1.410649731,0.08905377758322652,0.08905377758322652,0.29780060706748523,FALSE,FALSE
2002-08-30,Weddell,1.35648583,0.03448616705642138,0.03448616705642138,0.29780060706748523,FALSE,FALSE
2002-08-31,Weddell,1.339253423,0.01719140684489817,0.01719140684489817,0.29780060706748523,FALSE,FALSE
2002-09-01,Weddell,1.360953558,0.03914727822818609,0.03914727822818609,0.29780060706748523,FALSE,FALSE
2002-09-02,Weddell,1.374657654,0.0534019334858129,0.0534019334858129,0.29780060706748523,FALSE,FALSE
2002-09-03,Weddell,1.353998658,0.03356505289730571,0.03356505289730571,0.29780060706748523,FALSE,FALSE
2002-09-04,Weddell,1.328992361,0.00962916074219388,0.00962916074219388,0.29780060706748523,FALSE,FALSE
2002-09-05,Weddell,1.296122857,-0.0219449156999949,0.0219449156999949,0.29780060706748523,FALSE,FALSE
2002-09-06,Weddell,1.271786088,-0.0447845011497332,0.0447845011497332,0.29780060706748523,FALSE,FALSE
2002-09-07,Weddell,1.240043389,-0.07485152732749256,0.07485152732749256,0.29780060706748523,FALSE,FALSE
2002-09-08,Weddell,1.191721015,-0.12134300595374505,0.12134300595374505,0.29780060706748523,FALSE,FALSE
2002-09-09,Weddell,1.140525559,-0.17057561074896177,0.17057561074896177,0.29780060706748523,FALSE,FALSE
2002-09-10,Weddell,1.103604751,-0.2054247664684159,0.2054247664684159,0.29780060706748523,FALSE,FALSE
2002-09-11,Weddell,1.072543812,-0.23431777782721563,0.23431777782721563,0.29780060706748523,FALSE,FALSE
2002-09-12,Weddell,1.021321789,-0.2832688891436719,0.2832688891436719,0.29780060706748523,FALSE,FALSE
2002-09-13,Weddell,0.973279508,-0.328928540521796,0.328928540521796,0.29780060706748523,TRUE,TRUE
2002-09-14,Weddell,0.943452226,-0.3562527410655989,0.3562527410655989,0.29780060706748523,TRUE,TRUE
2002-09-15,Weddell,0.934995398,-0.3620773018790949,0.3620773018790949,0.29780060706748523,TRUE,TRUE
2002-09-16,Weddell,0.931364848,-0.362937665066294,0.362937665066294,0.29780060706748523,TRUE,TRUE
2002-09-17,Weddell,0.91897534299999994,-0.3724103297312086,0.3724103297312086,0.29780060706748523,TRUE,TRUE
2002-09-18,Weddell,0.903345098,-0.3849683469778513,0.3849683469778513,0.29780060706748523,TRUE,TRUE
2002-09-19,Weddell,0.891266349,-0.3938107469102333,0.3938107469102333,0.29780060706748523,TRUE,TRUE
2002-09-20,Weddell,0.861512689,-0.42015520263236694,0.42015520263236694,0.29780060706748523,TRUE,TRUE
2002-09-21,Weddell,0.817949057,-0.4601280412482637,0.4601280412482637,0.29780060706748523,TRUE,TRUE
2002-09-22,Weddell,0.784871934,-0.4894240478619364,0.4894240478619364,0.29780060706748523,TRUE,TRUE
2002-09-23,Weddell,0.76916883,-0.5011491415230974,0.5011491415230974,0.29780060706748523,TRUE,TRUE
2002-09-24,Weddell,0.776132725,-0.49002692804850534,0.49002692804850534,0.29780060706748523,TRUE,TRUE
2002-09-25,Weddell,0.795357679,-0.4664939805057752,0.4664939805057752,0.29780060706748523,TRUE,TRUE
2002-09-26,Weddell,0.824927613,-0.4324972080609485,0.4324972080609485,0.29780060706748523,TRUE,TRUE
2002-09-27,Weddell,0.849440554,-0.40346941388006663,0.40346941388006663,0.29780060706748523,TRUE,TRUE
2002-09-28,Weddell,0.855481496,-0.3928564341291728,0.3928564341291728,0.29780060706748523,TRUE,TRUE
2002-09-29,Weddell,0.859709077,-0.3840304609743077,0.3840304609743077,0.29780060706748523,TRUE,TRUE
2002-09-30,Weddell,0.84786939,-0.3912762315815136,0.3912762315815136,0.29780060706748523,TRUE,TRUE
2002-10-01,Weddell,0.840563542,-0.3940234691168319,0.3940234691168319,0.29780060706748523,TRUE,TRUE
2002-10-02,Weddell,0.844267378,-0.3858271587463048,0.3858271587463048,0.29780060706748523,TRUE,TRUE
2002-10-03,Weddell,0.877131138,-0.34856789063597393,0.34856789063597393,0.29780060706748523,TRUE,TRUE
2002-10-04,Weddell,0.895636741,-0.3257945759518822,0.3257945759518822,0.29780060706748523,TRUE,TRUE
2002-10-05,Weddell,0.9338094,-0.28351282197991934,0.28351282197991934,0.29780060706748523,FALSE,FALSE
2002-10-06,Weddell,0.948964639,-0.26442597368359066,0.26442597368359066,0.29780060706748523,FALSE,FALSE
2002-10-07,Weddell,0.951937952,-0.2576822506224479,0.2576822506224479,0.29780060706748523,FALSE,FALSE
2002-10-08,Weddell,0.981758155,-0.22423011874421273,0.22423011874421273,0.29780060706748523,FALSE,FALSE
2002-10-09,Weddell,1.04395165,-0.1585204579966113,0.1585204579966113,0.29780060706748523,FALSE,FALSE
2002-10-10,Weddell,1.103008947,-0.09604004032736511,0.09604004032736511,0.29780060706748523,FALSE,FALSE
2002-10-11,Weddell,1.136902692,-0.05879350168420005,0.05879350168420005,0.29780060706748523,FALSE,FALSE
2002-10-12,Weddell,1.155209338,-0.03718167101483827,0.03718167101483827,0.29780060706748523,FALSE,FALSE
2002-10-13,Weddell,1.164917646,-0.0241930692670047,0.0241930692670047,0.29780060706748523,FALSE,FALSE
2002-10-14,Weddell,1.165479897,-0.0203526973884216,0.0203526973884216,0.29780060706748523,FALSE,FALSE
2002-10-15,Weddell,1.172077678,-0.01045625032681374,0.01045625032681374,0.29780060706748523,FALSE,FALSE
2002-10-16,Weddell,1.177954863,-0.00123713602990416,0.00123713602990416,0.29780060706748523,FALSE,FALSE
2002-10-17,Weddell,1.173383606,-0.00240048244541868,0.00240048244541868,0.29780060706748523,FALSE,FALSE
2002-10-18,Weddell,1.16146146,-0.01082646179831048,0.01082646179831048,0.29780060706748523,FALSE,FALSE
2002-10-19,Weddell,1.143252715,-0.02543792439060621,0.02543792439060621,0.29780060706748523,FALSE,FALSE
2002-10-20,Weddell,1.168820952,0.00383256951804034,0.00383256951804034,0.29780060706748523,FALSE,FALSE
2002-10-21,Weddell,1.218518158,0.05734050526716849,0.05734050526716849,0.29780060706748523,FALSE,FALSE
2002-10-22,Weddell,1.24931577,0.09206081819631629,0.09206081819631629,0.29780060706748523,FALSE,FALSE
2002-10-23,Weddell,1.261869857,0.10865307564502236,0.10865307564502236,0.29780060706748523,FALSE,FALSE
2002-10-24,Weddell,1.266625138,0.11756549495282642,0.11756549495282642,0.29780060706748523,FALSE,FALSE
2002-10-25,Weddell,1.266630816,0.12185077745926652,0.12185077745926652,0.29780060706748523,FALSE,FALSE
2002-10-26,Weddell,1.261423128,0.12104865850388148,0.12104865850388148,0.29780060706748523,FALSE,FALSE
2002-10-27,Weddell,1.253593418,0.11775398042620956,0.11775398042620956,0.29780060706748523,FALSE,FALSE
2002-10-28,Weddell,1.269582939,0.1384114945657915,0.1384114945657915,0.29780060706748523,FALSE,FALSE
2002-10-29,Weddell,1.290182817,0.16381582526216376,0.16381582526216376,0.29780060706748523,FALSE,FALSE
2002-10-30,Weddell,1.311191545,0.18976896385486583,0.18976896385486583,0.29780060706748523,FALSE,FALSE
2002-10-31,Weddell,1.318217241,0.2018818735408543,0.2018818735408543,0.29780060706748523,FALSE,FALSE
2002-11-01,Weddell,1.312000128,0.2008944076074708,0.2008944076074708,0.29780060706748523,FALSE,FALSE
2002-11-02,Weddell,1.293713406,0.18797840884675088,0.18797840884675088,0.29780060706748523,FALSE,FALSE
2002-11-03,Weddell,1.275598366,0.17537381078526515,0.17537381078526515,0.29780060706748523,FALSE,FALSE
2002-11-04,Weddell,1.255268343,0.16069259094958466,0.16069259094958466,0.29780060706748523,FALSE,FALSE
2002-11-05,Weddell,1.273543425,0.18475347986627955,0.18475347986627955,0.29780060706748523,FALSE,FALSE
2002-11-06,Weddell,1.27586327,0.192994778061923,0.192994778061923,0.29780060706748523,FALSE,FALSE
2002-11-07,Weddell,1.247824352,0.1710116020630832,0.1710116020630832,0.29780060706748523,FALSE,FALSE
2002-11-08,Weddell,1.204024036,0.13339995939633242,0.13339995939633242,0.29780060706748523,FALSE,FALSE
2002-11-09,Weddell,1.161019751,0.09671592158824094,0.09671592158824094,0.29780060706748523,FALSE,FALSE
2002-11-10,Weddell,1.140920832,0.08306746616538008,0.08306746616538008,0.29780060706748523,FALSE,FALSE
2002-11-11,Weddell,1.120205977,0.06893193365432126,0.06893193365432126,0.29780060706748523,FALSE,FALSE
2002-11-12,Weddell,1.113043222,0.0684760985221935,0.0684760985221935,0.29780060706748523,FALSE,FALSE
2002-11-13,Weddell,1.113872312,0.07614375157194542,0.07614375157194542,0.29780060706748523,FALSE,FALSE
2002-11-14,Weddell,1.109154862,0.07840853163969808,0.07840853163969808,0.29780060706748523,FALSE,FALSE
2002-11-15,Weddell,1.103844851,0.08023709961787073,0.08023709961787073,0.29780060706748523,FALSE,FALSE
2002-11-16,Weddell,1.090680222,0.07438008039888344,0.07438008039888344,0.29780060706748523,FALSE,FALSE
2002-11-17,Weddell,1.097366837,0.08855601787515655,0.08855601787515655,0.29780060706748523,FALSE,FALSE
2002-11-18,Weddell,1.100466204,0.09933910193910944,0.09933910193910944,0.29780060706748523,FALSE,FALSE
2002-11-19,Weddell,1.107100015,0.11386370648316212,0.11386370648316212,0.29780060706748523,FALSE,FALSE
2002-11-20,Weddell,1.096044007,0.11091825039973424,0.11091825039973424,0.29780060706748523,FALSE,FALSE
2002-11-21,Weddell,1.072264568,0.0954818035812457,0.0954818035812457,0.29780060706748523,FALSE,FALSE
2002-11-22,Weddell,1.06990274,0.10170808992011636,0.10170808992011636,0.29780060706748523,FALSE,FALSE
2002-11-23,Weddell,1.075963537,0.11661480530876613,0.11661480530876613,0.29780060706748523,FALSE,FALSE
2002-11-24,Weddell,1.082458212,0.1322258846396146,0.1322258846396146,0.29780060706748523,FALSE,FALSE
2002-11-25,Weddell,1.062661198,0.12182605819881775,0.12182605819881775,0.29780060706748523,FALSE,FALSE
2002-11-26,Weddell,1.057857946,0.12669090567226915,0.12669090567226915,0.29780060706748523,FALSE,FALSE
2002-11-27,Weddell,1.032870619,0.1116225774507794,0.1116225774507794,0.29780060706748523,FALSE,FALSE
2002-11-28,Weddell,1.006490005,0.09539177211073502,0.09539177211073502,0.29780060706748523,FALSE,FALSE
2002-11-29,Weddell,0.989960064,0.08922236022852525,0.08922236022852525,0.29780060706748523,FALSE,FALSE
2002-11-30,Weddell,0.973191106,0.08300456238053866,0.08300456238053866,0.29780060706748523,FALSE,FALSE
2002-12-01,Weddell,0.953025031,0.07356018914316276,0.07356018914316276,0.29780060706748523,FALSE,FALSE
2002-12-02,Weddell,0.914995072,0.04640238409278574,0.04640238409278574,0.29780060706748523,FALSE,FALSE
2002-12-03,Weddell,0.910101086,0.05251091480579661,0.05251091480579661,0.29780060706748523,FALSE,FALSE
2002-12-04,Weddell,0.897252556,0.05077517485858296,0.05077517485858296,0.29780060706748523,FALSE,FALSE
2002-12-05,Weddell,0.862131521,0.02685711382753308,0.02685711382753308,0.29780060706748523,FALSE,FALSE
2002-12-06,Weddell,0.793901738,-0.03009960071096429,0.03009960071096429,0.29780060706748523,FALSE,FALSE
2002-12-07,Weddell,0.745276486,-0.06740177696208305,0.06740177696208305,0.29780060706748523,FALSE,FALSE
2002-12-08,Weddell,0.711239769,-0.09008480945675323,0.09008480945675323,0.29780060706748523,FALSE,FALSE
2002-12-09,Weddell,0.685942277,-0.10401574589649608,0.10401574589649608,0.29780060706748523,FALSE,FALSE
2002-12-10,Weddell,0.655658536,-0.12293755264130456,0.12293755264130456,0.29780060706748523,FALSE,FALSE
2002-12-11,Weddell,0.63584695,-0.13140931805116884,0.13140931805116884,0.29780060706748523,FALSE,FALSE
2002-12-12,Weddell,0.619140407,-0.1368156464860809,0.1368156464860809,0.29780060706748523,FALSE,FALSE
2002-12-13,Weddell,0.60798721,-0.13672572730603272,0.13672572730603272,0.29780060706748523,FALSE,FALSE
2002-12-14,Weddell,0.596827754,-0.1367166578710154,0.1367166578710154,0.29780060706748523,FALSE,FALSE
2002-12-15,Weddell,0.599936139,-0.12253183054102056,0.12253183054102056,0.29780060706748523,FALSE,FALSE
2002-12-16,Weddell,0.603683218,-0.10781788467604005,0.10781788467604005,0.29780060706748523,FALSE,FALSE
2002-12-17,Weddell,0.59991349,-0.10074781363606522,0.10074781363606522,0.29780060706748523,FALSE,FALSE
2002-12-18,Weddell,0.588723868,-0.10124219678108748,0.10124219678108748,0.29780060706748523,FALSE,FALSE
2002-12-19,Weddell,0.581290543,-0.09814233547109884,0.09814233547109884,0.29780060706748523,FALSE,FALSE
2002-12-20,Weddell,0.574452874,-0.09462577795367022,0.09462577795367022,0.29780060706748523,FALSE,FALSE
2002-12-21,Weddell,0.551975533,-0.1069355077211822,0.1069355077211822,0.29780060706748523,FALSE,FALSE
2002-12-22,Weddell,0.546403414,-0.10252690132075593,0.10252690132075593,0.29780060706748523,FALSE,FALSE
2002-12-23,Weddell,0.546397871,-0.09273866950381292,0.09273866950381292,0.29780060706748523,FALSE,FALSE
2002-12-24,Weddell,0.535232157,-0.09429762402177644,0.09429762402177644,0.29780060706748523,FALSE,FALSE
2002-12-25,Weddell,0.524639691,-0.09547041062606854,0.09547041062606854,0.29780060706748523,FALSE,FALSE
2002-12-26,Weddell,0.505931815,-0.10494575206811307,0.10494575206811307,0.29780060706748523,FALSE,FALSE
2002-12-27,Weddell,0.494116949,-0.1077152930993318,0.1077152930993318,0.29780060706748523,FALSE,FALSE
2002-12-28,Weddell,0.483559167,-0.10941502447114682,0.10941502447114682,0.29780060706748523,FALSE,FALSE
2002-12-29,Weddell,0.468710599,-0.11559288093498156,0.11559288093498156,0.29780060706748523,FALSE,FALSE
2002-12-30,Weddell,0.446861138,-0.12895903424225957,0.12895903424225957,0.29780060706748523,FALSE,FALSE
2002-12-31,Weddell,0.42320606,-0.14431827314440143,0.14431827314440143,0.29780060706748523,FALSE,FALSE
2003-01-01,Weddell,0.408176805,-0.1512392223928306,0.1512392223928306,0.29780060706748523,FALSE,FALSE
2003-01-02,Weddell,0.400038157,-0.15145580987456653,0.15145580987456653,0.29780060706748523,FALSE,FALSE
2003-01-03,Weddell,0.398798406,-0.14495304601901066,0.14495304601901066,0.29780060706748523,FALSE,FALSE
2003-01-04,Weddell,0.401375612,-0.13480481839116237,0.13480481839116237,0.29780060706748523,FALSE,FALSE
2003-01-05,Weddell,0.381328049,-0.1474448005560181,0.1474448005560181,0.29780060706748523,FALSE,FALSE
2003-01-06,Weddell,0.36628678,-0.1552338770785791,0.1552338770785791,0.29780060706748523,FALSE,FALSE
2003-01-07,Weddell,0.355031176,-0.1593846245238414,0.1593846245238414,0.29780060706748523,FALSE,FALSE
2003-01-08,Weddell,0.35504656,-0.15240366745680411,0.15240366745680411,0.29780060706748523,FALSE,FALSE
2003-01-09,Weddell,0.35058078,-0.15003510544246718,0.15003510544246718,0.29780060706748523,FALSE,FALSE
2003-01-10,Weddell,0.344894226,-0.14901049604582645,0.14901049604582645,0.29780060706748523,FALSE,FALSE
2003-01-11,Weddell,0.347409842,-0.1398988428318823,0.1398988428318823,0.29780060706748523,FALSE,FALSE
2003-01-12,Weddell,0.344282657,-0.1365370643656318,0.1365370643656318,0.29780060706748523,FALSE,FALSE
2003-01-13,Weddell,0.350498136,-0.12393164321207444,0.12393164321207444,0.29780060706748523,FALSE,FALSE
2003-01-14,Weddell,0.35226064,-0.11587014949366647,0.11587014949366647,0.29780060706748523,FALSE,FALSE
2003-01-15,Weddell,0.35603428,-0.10587981329492836,0.10587981329492836,0.29780060706748523,FALSE,FALSE
2003-01-16,Weddell,0.357905561,-0.0978647315091794,0.0978647315091794,0.29780060706748523,FALSE,FALSE
2003-01-17,Weddell,0.359773756,-0.08991618628077802,0.08991618628077802,0.29780060706748523,FALSE,FALSE
2003-01-18,Weddell,0.358470856,-0.08519274175408237,0.08519274175408237,0.29780060706748523,FALSE,FALSE
2003-01-19,Weddell,0.355354701,-0.08232711307345081,0.08232711307345081,0.29780060706748523,FALSE,FALSE
2003-01-20,Weddell,0.354099402,-0.07763574438324072,0.07763574438324072,0.29780060706748523,FALSE,FALSE
2003-01-21,Weddell,0.350904448,-0.07490970182781093,0.07490970182781093,0.29780060706748523,FALSE,FALSE
2003-01-22,Weddell,0.345259111,-0.07465026855151896,0.07465026855151896,0.29780060706748523,FALSE,FALSE
2003-01-23,Weddell,0.337731305,-0.07628008569872352,0.07628008569872352,0.29780060706748523,FALSE,FALSE
2003-01-24,Weddell,0.329566232,-0.07854450641378208,0.07854450641378208,0.29780060706748523,FALSE,FALSE
2003-01-25,Weddell,0.325852714,-0.07634526384105339,0.07634526384105339,0.29780060706748523,FALSE,FALSE
2003-01-26,Weddell,0.312036505,-0.08422715912489431,0.08422715912489431,0.29780060706748523,FALSE,FALSE
2003-01-27,Weddell,0.310219404,-0.08008162056659213,0.08008162056659213,0.29780060706748523,FALSE,FALSE
2003-01-28,Weddell,0.309009445,-0.07531193052396168,0.07531193052396168,0.29780060706748523,FALSE,FALSE
2003-01-29,Weddell,0.304671673,-0.07367186110550061,0.07367186110550061,0.29780060706748523,FALSE,FALSE
2003-01-30,Weddell,0.301507833,-0.07087850858200512,0.07087850858200512,0.29780060706748523,FALSE,FALSE
2003-01-31,Weddell,0.290740184,-0.07572845522427096,0.07572845522427096,0.29780060706748523,FALSE,FALSE
2003-02-01,Weddell,0.283810531,-0.07679873730309494,0.07679873730309494,0.29780060706748523,FALSE,FALSE
2003-02-02,Weddell,0.280671186,-0.07415588408927243,0.07415588408927243,0.29780060706748523,FALSE,FALSE
2003-02-03,Weddell,0.27564737,-0.07349351585359992,0.07349351585359992,0.29780060706748523,FALSE,FALSE
2003-02-04,Weddell,0.280670767,-0.06289878986687358,0.06289878986687358,0.29780060706748523,FALSE,FALSE
2003-02-05,Weddell,0.274337096,-0.06379482839988909,0.06379482839988909,0.29780060706748523,FALSE,FALSE
2003-02-06,Weddell,0.260977413,-0.07186941672344294,0.07186941672344294,0.29780060706748523,FALSE,FALSE
2003-02-07,Weddell,0.256499973,-0.07123314110833123,0.07123314110833123,0.29780060706748523,FALSE,FALSE
2003-02-08,Weddell,0.264714563,-0.05809503150512707,0.05809503150512707,0.29780060706748523,FALSE,FALSE
2003-02-09,Weddell,0.266542037,-0.05154984002775958,0.05154984002775958,0.29780060706748523,FALSE,FALSE
2003-02-10,Weddell,0.267126157,-0.04646302520722784,0.04646302520722784,0.29780060706748523,FALSE,FALSE
2003-02-11,Weddell,0.263997058,-0.04531291758405875,0.04531291758405875,0.29780060706748523,FALSE,FALSE
2003-02-12,Weddell,0.25961819,-0.04564453269877794,0.04564453269877794,0.29780060706748523,FALSE,FALSE
2003-02-13,Weddell,0.25771574,-0.04374014909191215,0.04374014909191215,0.29780060706748523,FALSE,FALSE
2003-02-14,Weddell,0.243169614,-0.0547283263039873,0.0547283263039873,0.29780060706748523,FALSE,FALSE
2003-02-15,Weddell,0.231241068,-0.06335627387552978,0.06335627387552978,0.29780060706748523,FALSE,FALSE
2003-02-16,Weddell,0.22055532,-0.07100723934706599,0.07100723934706599,0.29780060706748523,FALSE,FALSE
2003-02-17,Weddell,0.218644258,-0.07015780025912191,0.07015780025912191,0.29780060706748523,FALSE,FALSE
2003-02-18,Weddell,0.221211304,-0.06511300015222438,0.06511300015222438,0.29780060706748523,FALSE,FALSE
2003-02-19,Weddell,0.220669377,-0.06346838556689932,0.06346838556689932,0.29780060706748523,FALSE,FALSE
2003-02-20,Weddell,0.219410859,-0.06284004004367266,0.06284004004367266,0.29780060706748523,FALSE,FALSE
2003-02-21,Weddell,0.215639705,-0.06503200170243387,0.06503200170243387,0.29780060706748523,FALSE,FALSE
2003-02-22,Weddell,0.216926355,-0.06247609620855457,0.06247609620855457,0.29780060706748523,FALSE,FALSE
2003-02-23,Weddell,0.212522556,-0.06591903207472435,0.06591903207472435,0.29780060706748523,FALSE,FALSE
2003-02-24,Weddell,0.201793445,-0.07599405893761127,0.07599405893761127,0.29780060706748523,FALSE,FALSE
2003-02-25,Weddell,0.199870728,-0.07756785743388284,0.07756785743388284,0.29780060706748523,FALSE,FALSE
2003-02-26,Weddell,0.195453611,-0.08193960820020682,0.08193960820020682,0.29780060706748523,FALSE,FALSE
2003-02-27,Weddell,0.192280827,-0.08536896487325046,0.08536896487325046,0.29780060706748523,FALSE,FALSE
2003-02-28,Weddell,0.191637158,-0.08656953208968152,0.08656953208968152,0.29780060706748523,FALSE,FALSE
2003-03-01,Weddell,0.189788467,-0.08927383348616794,0.08927383348616794,0.29780060706748523,FALSE,FALSE
2003-03-02,Weddell,0.198659591,-0.08155541869937691,0.08155541869937691,0.29780060706748523,FALSE,FALSE
2003-03-03,Weddell,0.203133002,-0.07853020236597619,0.07853020236597619,0.29780060706748523,FALSE,FALSE
2003-03-04,Weddell,0.211988992,-0.07141627912263321,0.07141627912263321,0.29780060706748523,FALSE,FALSE
2003-03-05,Weddell,0.221527661,-0.06391193473392348,0.06391193473392348,0.29780060706748523,FALSE,FALSE
2003-03-06,Weddell,0.229767919,-0.05799340089096599,0.05799340089096599,0.29780060706748523,FALSE,FALSE
2003-03-07,Weddell,0.232940916,-0.05741410781397044,0.05741410781397044,0.29780060706748523,FALSE,FALSE
2003-03-08,Weddell,0.255023816,-0.03817932604963975,0.03817932604963975,0.29780060706748523,FALSE,FALSE
2003-03-09,Weddell,0.279731673,-0.01655643614467811,0.01655643614467811,0.29780060706748523,FALSE,FALSE
2003-03-10,Weddell,0.315298244,0.01570588435421005,0.01570588435421005,0.29780060706748523,FALSE,FALSE
2003-03-11,Weddell,0.328467151,0.02536882290032172,0.02536882290032172,0.29780060706748523,FALSE,FALSE
2003-03-12,Weddell,0.342329407,0.03554095794695305,0.03554095794695305,0.29780060706748523,FALSE,FALSE
2003-03-13,Weddell,0.35426393900000003,0.04361878194739954,0.04361878194739954,0.29780060706748523,FALSE,FALSE
2003-03-14,Weddell,0.349896206,0.03524531935495789,0.03524531935495789,0.29780060706748523,FALSE,FALSE
2003-03-15,Weddell,0.363066273,0.0442782006229242,0.0442782006229242,0.29780060706748523,FALSE,FALSE
2003-03-16,Weddell,0.372432409,0.04939326020459445,0.04939326020459445,0.29780060706748523,FALSE,FALSE
2003-03-17,Weddell,0.372434733,0.04504818255326492,0.04504818255326492,0.29780060706748523,FALSE,FALSE
2003-03-18,Weddell,0.374325797,0.04251280635734766,0.04251280635734766,0.29780060706748523,FALSE,FALSE
2003-03-19,Weddell,0.373640962,0.037332817192891,0.037332817192891,0.29780060706748523,FALSE,FALSE
2003-03-20,Weddell,0.399473598,0.058604627208103,0.058604627208103,0.29780060706748523,FALSE,FALSE
2003-03-21,Weddell,0.393203732,0.04771096268257246,0.04771096268257246,0.29780060706748523,FALSE,FALSE
2003-03-22,Weddell,0.386921705,0.03674486389588877,0.03674486389588877,0.29780060706748523,FALSE,FALSE
2003-03-23,Weddell,0.36874418,0.01382569312764109,0.01382569312764109,0.29780060706748523,FALSE,FALSE
2003-03-24,Weddell,0.35492489,-0.00479011734258094,0.00479011734258094,0.29780060706748523,FALSE,FALSE
2003-03-25,Weddell,0.34676365,-0.01780005323518796,0.01780005323518796,0.29780060706748523,FALSE,FALSE
2003-03-26,Weddell,0.335501849,-0.03396002627059125,0.03396002627059125,0.29780060706748523,FALSE,FALSE
2003-03-27,Weddell,0.321670532,-0.05273629216920134,0.05273629216920134,0.29780060706748523,FALSE,FALSE
2003-03-28,Weddell,0.30657161,-0.07282424065142873,0.07282424065142873,0.29780060706748523,FALSE,FALSE
2003-03-29,Weddell,0.288948895,-0.0954773604376839,0.0954773604376839,0.29780060706748523,FALSE,FALSE
2003-03-30,Weddell,0.300298357,-0.08919698224837802,0.08919698224837802,0.29780060706748523,FALSE,FALSE
2003-03-31,Weddell,0.294066741,-0.10053531299160234,0.10053531299160234,0.29780060706748523,FALSE,FALSE
2003-04-01,Weddell,0.315516366,-0.0842380110221741,0.0842380110221741,0.29780060706748523,FALSE,FALSE
2003-04-02,Weddell,0.343134426,-0.0618289279578636,0.0618289279578636,0.29780060706748523,FALSE,FALSE
2003-04-03,Weddell,0.350034397,-0.06020563595297185,0.06020563595297185,0.29780060706748523,FALSE,FALSE
2003-04-04,Weddell,0.359438202,-0.05615726016179989,0.05615726016179989,0.29780060706748523,FALSE,FALSE
2003-04-05,Weddell,0.365098351,-0.05594233873864884,0.05594233873864884,0.29780060706748523,FALSE,FALSE
2003-04-06,Weddell,0.363849376,-0.06273738783781851,0.06273738783781851,0.29780060706748523,FALSE,FALSE
2003-04-07,Weddell,0.343165484,-0.08907924861361105,0.08907924861361105,0.29780060706748523,FALSE,FALSE
2003-04-08,Weddell,0.313686576,-0.12433906822032648,0.12433906822032648,0.29780060706748523,FALSE,FALSE
2003-04-09,Weddell,0.292880261,-0.15106028581226655,0.15106028581226655,0.29780060706748523,FALSE,FALSE
2003-04-10,Weddell,0.295405867,-0.1545946215437312,0.1545946215437312,0.29780060706748523,FALSE,FALSE
2003-04-11,Weddell,0.311780563,-0.14443595456902258,0.14443595456902258,0.29780060706748523,FALSE,FALSE
2003-04-12,Weddell,0.315534886,-0.14706462933982567,0.14706462933982567,0.29780060706748523,FALSE,FALSE
2003-04-13,Weddell,0.306101592,-0.16304689037360465,0.16304689037360465,0.29780060706748523,FALSE,FALSE
2003-04-14,Weddell,0.302957072,-0.17288576157431973,0.17288576157431973,0.29780060706748523,FALSE,FALSE
2003-04-15,Weddell,0.299166404,-0.183493750461955,0.183493750461955,0.29780060706748523,FALSE,FALSE
2003-04-16,Weddell,0.28910238,-0.20047565055649597,0.20047565055649597,0.29780060706748523,FALSE,FALSE
2003-04-17,Weddell,0.284066281,-0.21250776637792768,0.21250776637792768,0.29780060706748523,FALSE,FALSE
2003-04-18,Weddell,0.273347403,-0.2302783874462348,0.2302783874462348,0.29780060706748523,FALSE,FALSE
2003-04-19,Weddell,0.262647025,-0.24806382028140267,0.24806382028140267,0.29780060706748523,FALSE,FALSE
2003-04-20,Weddell,0.242500396,-0.27530640140341617,0.27530640140341617,0.29780060706748523,FALSE,FALSE
2003-04-21,Weddell,0.260840826,-0.2640504063322604,0.2640504063322604,0.29780060706748523,FALSE,FALSE
2003-04-22,Weddell,0.331874378,-0.20006735758792055,0.20006735758792055,0.29780060706748523,FALSE,FALSE
2003-04-23,Weddell,0.371405068,-0.16753082469038133,0.16753082469038133,0.29780060706748523,FALSE,FALSE
2003-04-24,Weddell,0.382050908,-0.1638003811596283,0.1638003811596283,0.29780060706748523,FALSE,FALSE
2003-04-25,Weddell,0.39203521,-0.1606323179195765,0.1606323179195765,0.29780060706748523,FALSE,FALSE
2003-04-26,Weddell,0.40893774,-0.15044563211227463,0.15044563211227463,0.29780060706748523,FALSE,FALSE
2003-04-27,Weddell,0.463890193,-0.10211797992836802,0.10211797992836802,0.29780060706748523,FALSE,FALSE
2003-04-28,Weddell,0.48820966,-0.08434173309190085,0.08434173309190085,0.29780060706748523,FALSE,FALSE
2003-04-29,Weddell,0.509425442,-0.06959705332691768,0.06959705332691768,0.29780060706748523,FALSE,FALSE
2003-04-30,Weddell,0.552384729,-0.03304621335746327,0.03304621335746327,0.29780060706748523,FALSE,FALSE
2003-05-01,Weddell,0.582209163,-0.0095770339075818,0.0095770339075818,0.29780060706748523,FALSE,FALSE
2003-05-02,Weddell,0.608933151,0.01083542929868208,0.01083542929868208,0.29780060706748523,FALSE,FALSE
2003-05-03,Weddell,0.630036243,0.02566126353728448,0.02566126353728448,0.29780060706748523,FALSE,FALSE
2003-05-04,Weddell,0.648062097,0.0374346640841805,0.0374346640841805,0.29780060706748523,FALSE,FALSE
2003-05-05,Weddell,0.665401303,0.04853675821532532,0.04853675821532532,0.29780060706748523,FALSE,FALSE
2003-05-06,Weddell,0.688913944,0.06581816620667491,0.06581816620667491,0.29780060706748523,FALSE,FALSE
2003-05-07,Weddell,0.703721449,0.07439084650560757,0.07439084650560757,0.29780060706748523,FALSE,FALSE
2003-05-08,Weddell,0.690703036,0.05512018200518343,0.05512018200518343,0.29780060706748523,FALSE,FALSE
2003-05-09,Weddell,0.659109932,0.01723194845720699,0.01723194845720699,0.29780060706748523,FALSE,FALSE
2003-05-10,Weddell,0.643586811,-0.00465654266033732,0.00465654266033732,0.29780060706748523,FALSE,FALSE
2003-05-11,Weddell,0.620014535,-0.03469179186946702,0.03469179186946702,0.29780060706748523,FALSE,FALSE
2003-05-12,Weddell,0.597110409,-0.06418385669219728,0.06418385669219728,0.29780060706748523,FALSE,FALSE
2003-05-13,Weddell,0.610723396,-0.0573111366505461,0.0573111366505461,0.29780060706748523,FALSE,FALSE
2003-05-14,Weddell,0.642402714,-0.03255177626652916,0.03255177626652916,0.29780060706748523,FALSE,FALSE
2003-05-15,Weddell,0.70361301,0.02153150893783706,0.02153150893783706,0.29780060706748523,FALSE,FALSE
2003-05-16,Weddell,0.714671794,0.02522886644053601,0.02522886644053601,0.29780060706748523,FALSE,FALSE
2003-05-17,Weddell,0.704716479,0.00765034671955144,0.00765034671955144,0.29780060706748523,FALSE,FALSE
2003-05-18,Weddell,0.719014633,0.01403615525286661,0.01403615525286661,0.29780060706748523,FALSE,FALSE
2003-05-19,Weddell,0.744216795,0.03100946851846531,0.03100946851846531,0.29780060706748523,FALSE,FALSE
2003-05-20,Weddell,0.734091856,0.01231369465747289,0.01231369465747289,0.29780060706748523,FALSE,FALSE
2003-05-21,Weddell,0.705489793,-0.02519237338456659,0.02519237338456659,0.29780060706748523,FALSE,FALSE
2003-05-22,Weddell,0.681443212,-0.0584373473527392,0.0584373473527392,0.29780060706748523,FALSE,FALSE
2003-05-23,Weddell,0.657354034,-0.09197951578414389,0.09197951578414389,0.29780060706748523,FALSE,FALSE
2003-05-24,Weddell,0.657211778,-0.1017895692158779,0.1017895692158779,0.29780060706748523,FALSE,FALSE
2003-05-25,Weddell,0.642843331,-0.12600083018503871,0.12600083018503871,0.29780060706748523,FALSE,FALSE
2003-05-26,Weddell,0.681676926,-0.09714527522872518,0.09714527522872518,0.29780060706748523,FALSE,FALSE
2003-05-27,Weddell,0.684968718,-0.10392695888403436,0.10392695888403436,0.29780060706748523,FALSE,FALSE
2003-05-28,Weddell,0.710988868,-0.08803592968806484,0.08803592968806484,0.29780060706748523,FALSE,FALSE
2003-05-29,Weddell,0.719087146,-0.0900826271779136,0.0900826271779136,0.29780060706748523,FALSE,FALSE
2003-05-30,Weddell,0.737082532,-0.08220828089067933,0.08220828089067933,0.29780060706748523,FALSE,FALSE
2003-05-31,Weddell,0.75378964,-0.07555848636345919,0.07555848636345919,0.29780060706748523,FALSE,FALSE
2003-06-01,Weddell,0.791397481,-0.04790444213335188,0.04790444213335188,0.29780060706748523,FALSE,FALSE
2003-06-02,Weddell,0.841291633,-0.00782896841695068,0.00782896841695068,0.29780060706748523,FALSE,FALSE
2003-06-03,Weddell,0.88424624,0.02543735337560193,0.02543735337560193,0.29780060706748523,FALSE,FALSE
2003-06-04,Weddell,0.905710979,0.03732940460859557,0.03732940460859557,0.29780060706748523,FALSE,FALSE
2003-06-05,Weddell,0.918446886,0.04059342527329379,0.04059342527329379,0.29780060706748523,FALSE,FALSE
2003-06-06,Weddell,0.915193137,0.02795379536095821,0.02795379536095821,0.29780060706748523,FALSE,FALSE
2003-06-07,Weddell,0.899847572,0.00329355886285331,0.00329355886285331,0.29780060706748523,FALSE,FALSE
2003-06-08,Weddell,0.893162786,-0.0126494852297595,0.0126494852297595,0.29780060706748523,FALSE,FALSE
2003-06-09,Weddell,0.897314323,-0.01771458892561628,0.01771458892561628,0.29780060706748523,FALSE,FALSE
2003-06-10,Weddell,0.884708082,-0.03951064923345482,0.03951064923345482,0.29780060706748523,FALSE,FALSE
2003-06-11,Weddell,0.860741633,-0.07265489216201093,0.07265489216201093,0.29780060706748523,FALSE,FALSE
2003-06-12,Weddell,0.840703639,-0.10187345072002296,0.10187345072002296,0.29780060706748523,FALSE,FALSE
2003-06-13,Weddell,0.837634219,-0.11414100191622756,0.11414100191622756,0.29780060706748523,FALSE,FALSE
2003-06-14,Weddell,0.821610903,-0.13939439737945114,0.13939439737945114,0.29780060706748523,FALSE,FALSE
2003-06-15,Weddell,0.824377045,-0.14588639715347096,0.14588639715347096,0.29780060706748523,FALSE,FALSE
2003-06-16,Weddell,0.823763145,-0.15575755479297204,0.15575755479297204,0.29780060706748523,FALSE,FALSE
2003-06-17,Weddell,0.842447697,-0.14629861417746926,0.14629861417746926,0.29780060706748523,FALSE,FALSE
2003-06-18,Weddell,0.854409682,-0.1434998321864831,0.1434998321864831,0.29780060706748523,FALSE,FALSE
2003-06-19,Weddell,0.845994913,-0.1609846336995291,0.1609846336995291,0.29780060706748523,FALSE,FALSE
2003-06-20,Weddell,0.861477829,-0.1544478175961248,0.1544478175961248,0.29780060706748523,FALSE,FALSE
2003-06-21,Weddell,0.879374283,-0.14534276875578844,0.14534276875578844,0.29780060706748523,FALSE,FALSE
2003-06-22,Weddell,0.93128987,-0.10203313005803648,0.10203313005803648,0.29780060706748523,FALSE,FALSE
2003-06-23,Weddell,0.94256466,-0.09914806938238684,0.09914806938238684,0.29780060706748523,FALSE,FALSE
2003-06-24,Weddell,0.932099705,-0.11775577260835712,0.11775577260835712,0.29780060706748523,FALSE,FALSE
2003-06-25,Weddell,0.92997567,-0.12774481261546466,0.12774481261546466,0.29780060706748523,FALSE,FALSE
2003-06-26,Weddell,0.947275684,-0.11800129828322714,0.11800129828322714,0.29780060706748523,FALSE,FALSE
2003-06-27,Weddell,0.973471619,-0.09902671986761324,0.09902671986761324,0.29780060706748523,FALSE,FALSE
2003-06-28,Weddell,0.987318125,-0.09207095549711508,0.09207095549711508,0.29780060706748523,FALSE,FALSE
2003-06-29,Weddell,0.982418548,-0.1035494282124555,0.1035494282124555,0.29780060706748523,FALSE,FALSE
2003-06-30,Weddell,0.977441916,-0.1148119522741574,0.1148119522741574,0.29780060706748523,FALSE,FALSE
2003-07-01,Weddell,0.979969165,-0.11829643394274436,0.11829643394274436,0.29780060706748523,FALSE,FALSE
2003-07-02,Weddell,0.989888943,-0.11413306747873952,0.11413306747873952,0.29780060706748523,FALSE,FALSE
2003-07-03,Weddell,1.020507524,-0.08903442114266524,0.08903442114266524,0.29780060706748523,FALSE,FALSE
2003-07-04,Weddell,1.018618344,-0.0962259011950468,0.0962259011950468,0.29780060706748523,FALSE,FALSE
2003-07-05,Weddell,1.035546005,-0.08440174789640631,0.08440174789640631,0.29780060706748523,FALSE,FALSE
2003-07-06,Weddell,1.073451103,-0.05142020750726694,0.05142020750726694,0.29780060706748523,FALSE,FALSE
2003-07-07,Weddell,1.104397513,-0.02523624728815243,0.02523624728815243,0.29780060706748523,FALSE,FALSE
2003-07-08,Weddell,1.098756619,-0.03549732549958695,0.03549732549958695,0.29780060706748523,FALSE,FALSE
2003-07-09,Weddell,1.100503773,-0.0382469248668793,0.0382469248668793,0.29780060706748523,FALSE,FALSE
2003-07-10,Weddell,1.083884967,-0.05925642255124308,0.05925642255124308,0.29780060706748523,FALSE,FALSE
2003-07-11,Weddell,1.048395855,-0.09904432636431748,0.09904432636431748,0.29780060706748523,FALSE,FALSE
2003-07-12,Weddell,1.025167336,-0.12649347466894523,0.12649347466894523,0.29780060706748523,FALSE,FALSE
2003-07-13,Weddell,0.996538447,-0.15927856782796845,0.15927856782796845,0.29780060706748523,FALSE,FALSE
2003-07-14,Weddell,0.976473389,-0.1834491422042298,0.1834491422042298,0.29780060706748523,FALSE,FALSE
2003-07-15,Weddell,0.941099947,-0.2228911501605727,0.2228911501605727,0.29780060706748523,FALSE,FALSE
2003-07-16,Weddell,0.93706886,-0.23096759005983905,0.23096759005983905,0.29780060706748523,FALSE,FALSE
2003-07-17,Weddell,0.947688679,-0.2243836482648728,0.2243836482648728,0.29780060706748523,FALSE,FALSE
2003-07-18,Weddell,0.97910092,-0.19701154613851424,0.19701154613851424,0.29780060706748523,FALSE,FALSE
2003-07-19,Weddell,1.027984983,-0.152185621043609,0.152185621043609,0.29780060706748523,FALSE,FALSE
2003-07-20,Weddell,1.088126811,-0.09613366734299732,0.09613366734299732,0.29780060706748523,FALSE,FALSE
2003-07-21,Weddell,1.103824218,-0.08457160839952316,0.08457160839952316,0.29780060706748523,FALSE,FALSE
2003-07-22,Weddell,1.118803857,-0.07378548512534344,0.07378548512534344,0.29780060706748523,FALSE,FALSE
2003-07-23,Weddell,1.113287697,-0.08355162041565523,0.08355162041565523,0.29780060706748523,FALSE,FALSE
2003-07-24,Weddell,1.079410462,-0.1217230839639385,0.1217230839639385,0.29780060706748523,FALSE,FALSE
2003-07-25,Weddell,1.065461303,-0.13999828032360773,0.13999828032360773,0.29780060706748523,FALSE,FALSE
2003-07-26,Weddell,1.065633461,-0.14417152404807632,0.14417152404807632,0.29780060706748523,FALSE,FALSE
2003-07-27,Weddell,1.074259644,-0.1398976626907611,0.1398976626907611,0.29780060706748523,FALSE,FALSE
2003-07-28,Weddell,1.062702077,-0.15580202680507527,0.15580202680507527,0.29780060706748523,FALSE,FALSE
2003-07-29,Weddell,1.065883042,-0.15694988994443215,0.15694988994443215,0.29780060706748523,FALSE,FALSE
2003-07-30,Weddell,1.06781496,-0.15931638666224823,0.15931638666224823,0.29780060706748523,FALSE,FALSE
2003-07-31,Weddell,1.046534098,-0.18485280551193808,0.18485280551193808,0.29780060706748523,FALSE,FALSE
2003-08-01,Weddell,1.040547118,-0.19504004004691433,0.19504004004691433,0.29780060706748523,FALSE,FALSE
2003-08-02,Weddell,1.035055248,-0.20466441782059408,0.20466441782059408,0.29780060706748523,FALSE,FALSE
2003-08-03,Weddell,1.015458889,-0.22831309351696327,0.22831309351696327,0.29780060706748523,FALSE,FALSE
2003-08-04,Weddell,0.98544995,-0.2622852387854948,0.2622852387854948,0.29780060706748523,FALSE,FALSE
2003-08-05,Weddell,0.965878454,-0.28573462718778164,0.28573462718778164,0.29780060706748523,FALSE,FALSE
2003-08-06,Weddell,0.948078815,-0.3073335076375535,0.3073335076375535,0.29780060706748523,TRUE,FALSE
2003-08-07,Weddell,0.920495649,-0.33864392704854174,0.33864392704854174,0.29780060706748523,TRUE,FALSE
2003-08-08,Weddell,0.926657207,-0.33614429733447515,0.33614429733447515,0.29780060706748523,TRUE,FALSE
2003-08-09,Weddell,0.962838901,-0.3035658694090855,0.3035658694090855,0.29780060706748523,TRUE,FALSE
2003-08-10,Weddell,1.012383869,-0.2575721681861023,0.2575721681861023,0.29780060706748523,FALSE,FALSE
2003-08-11,Weddell,1.047874399,-0.2255875685792561,0.2255875685792561,0.29780060706748523,FALSE,FALSE
2003-08-12,Weddell,1.099027241,-0.17790198350227748,0.17790198350227748,0.29780060706748523,FALSE,FALSE
2003-08-13,Weddell,1.109320752,-0.17104371886889513,0.17104371886889513,0.29780060706748523,FALSE,FALSE
2003-08-14,Weddell,1.109947214,-0.17382715559284168,0.17382715559284168,0.29780060706748523,FALSE,FALSE
2003-08-15,Weddell,1.106946949,-0.1802186345878467,0.1802186345878467,0.29780060706748523,FALSE,FALSE
2003-08-16,Weddell,1.157488103,-0.1330561238180743,0.1330561238180743,0.29780060706748523,FALSE,FALSE
2003-08-17,Weddell,1.197990765,-0.09590933217732212,0.09590933217732212,0.29780060706748523,FALSE,FALSE
2003-08-18,Weddell,1.257929273,-0.03927504453005404,0.03927504453005404,0.29780060706748523,FALSE,FALSE
2003-08-19,Weddell,1.303380034,0.00295304669914764,0.00295304669914764,0.29780060706748523,FALSE,FALSE
2003-08-20,Weddell,1.333541018,0.03000281208569988,0.03000281208569988,0.29780060706748523,FALSE,FALSE
2003-08-21,Weddell,1.356245897,0.04973782420501815,0.04973782420501815,0.29780060706748523,FALSE,FALSE
2003-08-22,Weddell,1.365834294,0.05652760663252199,0.05652760663252199,0.29780060706748523,FALSE,FALSE
2003-08-23,Weddell,1.378933204,0.06702905494362654,0.06702905494362654,0.29780060706748523,FALSE,FALSE
2003-08-24,Weddell,1.35339134,0.0391207827137503,0.0391207827137503,0.29780060706748523,FALSE,FALSE
2003-08-25,Weddell,1.302256509,-0.01411950248169091,0.01411950248169091,0.29780060706748523,FALSE,FALSE
2003-08-26,Weddell,1.244123621,-0.07406699006727946,0.07406699006727946,0.29780060706748523,FALSE,FALSE
2003-08-27,Weddell,1.2097094,-0.109975055467598,0.109975055467598,0.29780060706748523,FALSE,FALSE
2003-08-28,Weddell,1.186096455,-0.1347311891072296,0.1347311891072296,0.29780060706748523,FALSE,FALSE
2003-08-29,Weddell,1.173701163,-0.14789479041677334,0.14789479041677334,0.29780060706748523,FALSE,FALSE
2003-08-30,Weddell,1.176466251,-0.14553341194357872,0.14553341194357872,0.29780060706748523,FALSE,FALSE
2003-08-31,Weddell,1.193725846,-0.1283361701551018,0.1283361701551018,0.29780060706748523,FALSE,FALSE
2003-09-01,Weddell,1.209589929,-0.11221635077181392,0.11221635077181392,0.29780060706748523,FALSE,FALSE
2003-09-02,Weddell,1.231450878,-0.08980484251418708,0.08980484251418708,0.29780060706748523,FALSE,FALSE
2003-09-03,Weddell,1.268989996,-0.05144360910269441,0.05144360910269441,0.29780060706748523,FALSE,FALSE
2003-09-04,Weddell,1.335436273,0.01607307274219382,0.01607307274219382,0.29780060706748523,FALSE,FALSE
2003-09-05,Weddell,1.384730663,0.06666289030000505,0.06666289030000505,0.29780060706748523,FALSE,FALSE
2003-09-06,Weddell,1.391919433,0.07534884385026674,0.07534884385026674,0.29780060706748523,FALSE,FALSE
2003-09-07,Weddell,1.390655288,0.07576037167250749,0.07576037167250749,0.29780060706748523,FALSE,FALSE
2003-09-08,Weddell,1.38698987,0.0739258490462551,0.0739258490462551,0.29780060706748523,FALSE,FALSE
2003-09-09,Weddell,1.391934977,0.08083380725103817,0.08083380725103817,0.29780060706748523,FALSE,FALSE
2003-09-10,Weddell,1.382887531,0.07385801353158405,0.07385801353158405,0.29780060706748523,FALSE,FALSE
2003-09-11,Weddell,1.383418048,0.07655645817278445,0.07655645817278445,0.29780060706748523,FALSE,FALSE
2003-09-12,Weddell,1.378899935,0.07430925685632817,0.07430925685632817,0.29780060706748523,FALSE,FALSE
2003-09-13,Weddell,1.338749622,0.03654157347820397,0.03654157347820397,0.29780060706748523,FALSE,FALSE
2003-09-14,Weddell,1.290722788,-0.00898217906559883,0.00898217906559883,0.29780060706748523,FALSE,FALSE
2003-09-15,Weddell,1.251504885,-0.045567814879095,0.045567814879095,0.29780060706748523,FALSE,FALSE
2003-09-16,Weddell,1.216063727,-0.07823878606629386,0.07823878606629386,0.29780060706748523,FALSE,FALSE
2003-09-17,Weddell,1.204859085,-0.08652658773120847,0.08652658773120847,0.29780060706748523,FALSE,FALSE
2003-09-18,Weddell,1.224429789,-0.06388365597785128,0.06388365597785128,0.29780060706748523,FALSE,FALSE
2003-09-19,Weddell,1.267146262,-0.01793083391023331,0.01793083391023331,0.29780060706748523,FALSE,FALSE
2003-09-20,Weddell,1.29206037,0.01039247836763301,0.01039247836763301,0.29780060706748523,FALSE,FALSE
2003-09-21,Weddell,1.27256929,-0.00550780824826357,0.00550780824826357,0.29780060706748523,FALSE,FALSE
2003-09-22,Weddell,1.267180487,-0.0071154948619363,0.0071154948619363,0.29780060706748523,FALSE,FALSE
2003-09-23,Weddell,1.258216036,-0.01210193552309735,0.01210193552309735,0.29780060706748523,FALSE,FALSE
2003-09-24,Weddell,1.259498923,-0.00666073004850531,0.00666073004850531,0.29780060706748523,FALSE,FALSE
2003-09-25,Weddell,1.266296296,0.00444463649422477,0.00444463649422477,0.29780060706748523,FALSE,FALSE
2003-09-26,Weddell,1.277274301,0.01984947993905161,0.01984947993905161,0.29780060706748523,FALSE,FALSE
2003-09-27,Weddell,1.285171358,0.03226139011993334,0.03226139011993334,0.29780060706748523,FALSE,FALSE
2003-09-28,Weddell,1.316042591,0.06770466087082716,0.06770466087082716,0.29780060706748523,FALSE,FALSE
2003-09-29,Weddell,1.365615777,0.12187623902569222,0.12187623902569222,0.29780060706748523,FALSE,FALSE
2003-09-30,Weddell,1.401155801,0.1620101794184865,0.1620101794184865,0.29780060706748523,FALSE,FALSE
2003-10-01,Weddell,1.422161342,0.1875743308831681,0.1875743308831681,0.29780060706748523,FALSE,FALSE
2003-10-02,Weddell,1.44256353,0.21246899325369517,0.21246899325369517,0.29780060706748523,FALSE,FALSE
2003-10-03,Weddell,1.465414203,0.239715174364026,0.239715174364026,0.29780060706748523,FALSE,FALSE
2003-10-04,Weddell,1.496615127,0.27518381004811787,0.27518381004811787,0.29780060706748523,FALSE,FALSE
2003-10-05,Weddell,1.516361589,0.2990393670200806,0.2990393670200806,0.29780060706748523,TRUE,TRUE
2003-10-06,Weddell,1.51265163,0.2992610173164092,0.2992610173164092,0.29780060706748523,TRUE,TRUE
2003-10-07,Weddell,1.5180369,0.3084166973775522,0.3084166973775522,0.29780060706748523,TRUE,TRUE
2003-10-08,Weddell,1.52879728,0.32280900625578735,0.32280900625578735,0.29780060706748523,TRUE,TRUE
2003-10-09,Weddell,1.527461194,0.3249890860033888,0.3249890860033888,0.29780060706748523,TRUE,TRUE
2003-10-10,Weddell,1.491272835,0.2922238476726349,0.2922238476726349,0.29780060706748523,FALSE,FALSE
2003-10-11,Weddell,1.437748435,0.24205224131579992,0.24205224131579992,0.29780060706748523,FALSE,FALSE
2003-10-12,Weddell,1.41146938,0.2190783709851618,0.2190783709851618,0.29780060706748523,FALSE,FALSE
2003-10-13,Weddell,1.404889078,0.21577836273299544,0.21577836273299544,0.29780060706748523,FALSE,FALSE
2003-10-14,Weddell,1.39031188,0.2044792856115785,0.2044792856115785,0.29780060706748523,FALSE,FALSE
2003-10-15,Weddell,1.355924574,0.1733906456731864,0.1733906456731864,0.29780060706748523,FALSE,FALSE
2003-10-16,Weddell,1.336731665,0.15753966597009583,0.15753966597009583,0.29780060706748523,FALSE,FALSE
2003-10-17,Weddell,1.309577486,0.1337933975545813,0.1337933975545813,0.29780060706748523,FALSE,FALSE
2003-10-18,Weddell,1.28793973,0.11565180820168952,0.11565180820168952,0.29780060706748523,FALSE,FALSE
2003-10-19,Weddell,1.274055856,0.10536521660939369,0.10536521660939369,0.29780060706748523,FALSE,FALSE
2003-10-20,Weddell,1.253476116,0.08848773351804051,0.08848773351804051,0.29780060706748523,FALSE,FALSE
2003-10-21,Weddell,1.266847015,0.1056693622671685,0.1056693622671685,0.29780060706748523,FALSE,FALSE
2003-10-22,Weddell,1.268730858,0.11147590619631642,0.11147590619631642,0.29780060706748523,FALSE,FALSE
2003-10-23,Weddell,1.2898621,0.13664531864502227,0.13664531864502227,0.29780060706748523,FALSE,FALSE
2003-10-24,Weddell,1.308560264,0.15950062095282647,0.15950062095282647,0.29780060706748523,FALSE,FALSE
2003-10-25,Weddell,1.311598347,0.1668183084592667,0.1668183084592667,0.29780060706748523,FALSE,FALSE
2003-10-26,Weddell,1.321274005,0.1808995355038816,0.1808995355038816,0.29780060706748523,FALSE,FALSE
2003-10-27,Weddell,1.323633032,0.1877935944262097,0.1877935944262097,0.29780060706748523,FALSE,FALSE
2003-10-28,Weddell,1.314547429,0.18337598456579163,0.18337598456579163,0.29780060706748523,FALSE,FALSE
2003-10-29,Weddell,1.328525129,0.2021581372621637,0.2021581372621637,0.29780060706748523,FALSE,FALSE
2003-10-30,Weddell,1.340641121,0.21921853985486583,0.21921853985486583,0.29780060706748523,FALSE,FALSE
2003-10-31,Weddell,1.347336863,0.23100149554085436,0.23100149554085436,0.29780060706748523,FALSE,FALSE
2003-11-01,Weddell,1.329252249,0.21814652860747089,0.21814652860747089,0.29780060706748523,FALSE,FALSE
2003-11-02,Weddell,1.3007345,0.19499950284675083,0.19499950284675083,0.29780060706748523,FALSE,FALSE
2003-11-03,Weddell,1.2636039,0.16337934478526497,0.16337934478526497,0.29780060706748523,FALSE,FALSE
2003-11-04,Weddell,1.253840233,0.15926448094958467,0.15926448094958467,0.29780060706748523,FALSE,FALSE
2003-11-05,Weddell,1.259282335,0.17049238986627957,0.17049238986627957,0.29780060706748523,FALSE,FALSE
2003-11-06,Weddell,1.279338448,0.19646995606192297,0.19646995606192297,0.29780060706748523,FALSE,FALSE
2003-11-07,Weddell,1.290936656,0.21412390606308307,0.21412390606308307,0.29780060706748523,FALSE,FALSE
2003-11-08,Weddell,1.304912939,0.2342888623963324,0.2342888623963324,0.29780060706748523,FALSE,FALSE
2003-11-09,Weddell,1.307962983,0.2436591535882409,0.2436591535882409,0.29780060706748523,FALSE,FALSE
2003-11-10,Weddell,1.292924336,0.23507097016538017,0.23507097016538017,0.29780060706748523,FALSE,FALSE
2003-11-11,Weddell,1.272905349,0.22163130565432132,0.22163130565432132,0.29780060706748523,FALSE,FALSE
2003-11-12,Weddell,1.298969666,0.25440254252219363,0.25440254252219363,0.29780060706748523,FALSE,FALSE
2003-11-13,Weddell,1.299542176,0.2618136155719455,0.2618136155719455,0.29780060706748523,FALSE,FALSE
2003-11-14,Weddell,1.315278425,0.2845320946396981,0.2845320946396981,0.29780060706748523,FALSE,FALSE
2003-11-15,Weddell,1.309840912,0.28623316061787074,0.28623316061787074,0.29780060706748523,FALSE,FALSE
2003-11-16,Weddell,1.272204808,0.2559046663988833,0.2559046663988833,0.29780060706748523,FALSE,FALSE
2003-11-17,Weddell,1.272762854,0.2639520348751565,0.2639520348751565,0.29780060706748523,FALSE,FALSE
2003-11-18,Weddell,1.267930893,0.26680379093910944,0.26680379093910944,0.29780060706748523,FALSE,FALSE
2003-11-19,Weddell,1.247348314,0.25411200548316193,0.25411200548316193,0.29780060706748523,FALSE,FALSE
2003-11-20,Weddell,1.227228648,0.2421028913997344,0.2421028913997344,0.29780060706748523,FALSE,FALSE
2003-11-21,Weddell,1.214463119,0.2376803545812456,0.2376803545812456,0.29780060706748523,FALSE,FALSE
2003-11-22,Weddell,1.201088494,0.23289384392011625,0.23289384392011625,0.29780060706748523,FALSE,FALSE
2003-11-23,Weddell,1.19013215,0.23078341830876603,0.23078341830876603,0.29780060706748523,FALSE,FALSE
2003-11-24,Weddell,1.185140401,0.23490807363961463,0.23490807363961463,0.29780060706748523,FALSE,FALSE
2003-11-25,Weddell,1.204623221,0.2637880811988178,0.2637880811988178,0.29780060706748523,FALSE,FALSE
2003-11-26,Weddell,1.225417593,0.2942505526722692,0.2942505526722692,0.29780060706748523,FALSE,FALSE
2003-11-27,Weddell,1.22672697,0.3054789284507794,0.3054789284507794,0.29780060706748523,TRUE,FALSE
2003-11-28,Weddell,1.22292769,0.31182945711073484,0.31182945711073484,0.29780060706748523,TRUE,FALSE
2003-11-29,Weddell,1.217360465,0.3166227612285253,0.3166227612285253,0.29780060706748523,TRUE,FALSE
2003-11-30,Weddell,1.19798172,0.30779517638053866,0.30779517638053866,0.29780060706748523,TRUE,FALSE
2003-12-01,Weddell,1.163982831,0.28451798914316273,0.28451798914316273,0.29780060706748523,FALSE,FALSE
2003-12-02,Weddell,1.143428476,0.27483578809278575,0.27483578809278575,0.29780060706748523,FALSE,FALSE
2003-12-03,Weddell,1.110553491,0.25296331980579656,0.25296331980579656,0.29780060706748523,FALSE,FALSE
2003-12-04,Weddell,1.092231689,0.24575430785858288,0.24575430785858288,0.29780060706748523,FALSE,FALSE
2003-12-05,Weddell,1.055618878,0.22034447082753303,0.22034447082753303,0.29780060706748523,FALSE,FALSE
2003-12-06,Weddell,1.010990366,0.1869890272890357,0.1869890272890357,0.29780060706748523,FALSE,FALSE
2003-12-07,Weddell,0.98707666,0.17439839703791704,0.17439839703791704,0.29780060706748523,FALSE,FALSE
2003-12-08,Weddell,0.974091069,0.17276649054324678,0.17276649054324678,0.29780060706748523,FALSE,FALSE
2003-12-09,Weddell,0.957217018,0.16725899510350395,0.16725899510350395,0.29780060706748523,FALSE,FALSE
2003-12-10,Weddell,0.939279423,0.16068333435869542,0.16068333435869542,0.29780060706748523,FALSE,FALSE
2003-12-11,Weddell,0.916588463,0.1493321949488311,0.1493321949488311,0.29780060706748523,FALSE,FALSE
2003-12-12,Weddell,0.890113246,0.1341571925139191,0.1341571925139191,0.29780060706748523,FALSE,FALSE
2003-12-13,Weddell,0.872260154,0.1275472166939673,0.1275472166939673,0.29780060706748523,FALSE,FALSE
2003-12-14,Weddell,0.853086923,0.11954251112898462,0.11954251112898462,0.29780060706748523,FALSE,FALSE
2003-12-15,Weddell,0.829663784,0.1071958144589794,0.1071958144589794,0.29780060706748523,FALSE,FALSE
2003-12-16,Weddell,0.804538259,0.09303715632395992,0.09303715632395992,0.29780060706748523,FALSE,FALSE
2003-12-17,Weddell,0.793611953,0.09295064936393473,0.09295064936393473,0.29780060706748523,FALSE,FALSE
2003-12-18,Weddell,0.796854219,0.10688815421891253,0.10688815421891253,0.29780060706748523,FALSE,FALSE
2003-12-19,Weddell,0.801646332,0.12221345352890112,0.12221345352890112,0.29780060706748523,FALSE,FALSE
2003-12-20,Weddell,0.793654455,0.12457580304632976,0.12457580304632976,0.29780060706748523,FALSE,FALSE
2003-12-21,Weddell,0.785037038,0.1261259972788178,0.1261259972788178,0.29780060706748523,FALSE,FALSE
2003-12-22,Weddell,0.751879761,0.10294944567924402,0.10294944567924402,0.29780060706748523,FALSE,FALSE
2003-12-23,Weddell,0.721756773,0.082620232496187,0.082620232496187,0.29780060706748523,FALSE,FALSE
2003-12-24,Weddell,0.69536093,0.06583114897822351,0.06583114897822351,0.29780060706748523,FALSE,FALSE
2003-12-25,Weddell,0.694816147,0.07470604537393155,0.07470604537393155,0.29780060706748523,FALSE,FALSE
2003-12-26,Weddell,0.688629064,0.07775149693188699,0.07775149693188699,0.29780060706748523,FALSE,FALSE
2003-12-27,Weddell,0.65134956,0.04951731790066815,0.04951731790066815,0.29780060706748523,FALSE,FALSE
2003-12-28,Weddell,0.629795488,0.03682129652885313,0.03682129652885313,0.29780060706748523,FALSE,FALSE
2003-12-29,Weddell,0.61615467,0.03185119006501846,0.03185119006501846,0.29780060706748523,FALSE,FALSE
2003-12-30,Weddell,0.59259629,0.01677611775774046,0.01677611775774046,0.29780060706748523,FALSE,FALSE
2003-12-31,Weddell,0.585817145,0.01829281185559861,0.01829281185559861,0.29780060706748523,FALSE,FALSE
2004-01-01,Weddell,0.585265251,0.02584922360716945,0.02584922360716945,0.29780060706748523,FALSE,FALSE
2004-01-02,Weddell,0.572807656,0.02131368912543352,0.02131368912543352,0.29780060706748523,FALSE,FALSE
2004-01-03,Weddell,0.549163832,0.00541237998098931,0.00541237998098931,0.29780060706748523,FALSE,FALSE
2004-01-04,Weddell,0.531122338,-0.00505809239116239,0.00505809239116239,0.29780060706748523,FALSE,FALSE
2004-01-05,Weddell,0.51804779,-0.0107250595560181,0.0107250595560181,0.29780060706748523,FALSE,FALSE
2004-01-06,Weddell,0.505598703,-0.0159219540785791,0.0159219540785791,0.29780060706748523,FALSE,FALSE
2004-01-07,Weddell,0.50689064,-0.00752516052384144,0.00752516052384144,0.29780060706748523,FALSE,FALSE
2004-01-08,Weddell,0.511247621,0.00379739354319585,0.00379739354319585,0.29780060706748523,FALSE,FALSE
2004-01-09,Weddell,0.511870835,0.01125494955753281,0.01125494955753281,0.29780060706748523,FALSE,FALSE
2004-01-10,Weddell,0.505628577,0.01172385495417349,0.01172385495417349,0.29780060706748523,FALSE,FALSE
2004-01-11,Weddell,0.501898911,0.01459022616811761,0.01459022616811761,0.29780060706748523,FALSE,FALSE
2004-01-12,Weddell,0.503147783,0.02232806163436818,0.02232806163436818,0.29780060706748523,FALSE,FALSE
2004-01-13,Weddell,0.503141405,0.02871162578792557,0.02871162578792557,0.29780060706748523,FALSE,FALSE
2004-01-14,Weddell,0.520026411,0.05189562150633353,0.05189562150633353,0.29780060706748523,FALSE,FALSE
2004-01-15,Weddell,0.526230241,0.06431614770507171,0.06431614770507171,0.29780060706748523,FALSE,FALSE
2004-01-16,Weddell,0.514913972,0.05914367949082061,0.05914367949082061,0.29780060706748523,FALSE,FALSE
2004-01-17,Weddell,0.512969929,0.06327998671922203,0.06327998671922203,0.29780060706748523,FALSE,FALSE
2004-01-18,Weddell,0.517299883,0.07363628524591759,0.07363628524591759,0.29780060706748523,FALSE,FALSE
2004-01-19,Weddell,0.509145541,0.07146372692654918,0.07146372692654918,0.29780060706748523,FALSE,FALSE
2004-01-20,Weddell,0.497292707,0.06555756061675927,0.06555756061675927,0.29780060706748523,FALSE,FALSE
2004-01-21,Weddell,0.473600062,0.04778591217218908,0.04778591217218908,0.29780060706748523,FALSE,FALSE
2004-01-22,Weddell,0.446717525,0.02680814544848103,0.02680814544848103,0.29780060706748523,FALSE,FALSE
2004-01-23,Weddell,0.435997568,0.0219861773012765,0.0219861773012765,0.29780060706748523,FALSE,FALSE
2004-01-24,Weddell,0.435484715,0.02737397658621793,0.02737397658621793,0.29780060706748523,FALSE,FALSE
2004-01-25,Weddell,0.429294387,0.02709640915894662,0.02709640915894662,0.29780060706748523,FALSE,FALSE
2004-01-26,Weddell,0.421140287,0.02487662287510567,0.02487662287510567,0.29780060706748523,FALSE,FALSE
2004-01-27,Weddell,0.413702369,0.02340134443340791,0.02340134443340791,0.29780060706748523,FALSE,FALSE
2004-01-28,Weddell,0.401845918,0.01752454247603835,0.01752454247603835,0.29780060706748523,FALSE,FALSE
2004-01-29,Weddell,0.392999414,0.0146558798944994,0.0146558798944994,0.29780060706748523,FALSE,FALSE
2004-01-30,Weddell,0.386780471,0.01439412941799489,0.01439412941799489,0.29780060706748523,FALSE,FALSE
2004-01-31,Weddell,0.358451738,-0.00801690122427095,0.00801690122427095,0.29780060706748523,FALSE,FALSE
2004-02-01,Weddell,0.347147446,-0.01346182230309489,0.01346182230309489,0.29780060706748523,FALSE,FALSE
2004-02-02,Weddell,0.350228405,-0.00459866508927242,0.00459866508927242,0.29780060706748523,FALSE,FALSE
2004-02-03,Weddell,0.326190557,-0.02295032885359993,0.02295032885359993,0.29780060706748523,FALSE,FALSE
2004-02-04,Weddell,0.340090446,-0.00347911086687358,0.00347911086687358,0.29780060706748523,FALSE,FALSE
2004-02-05,Weddell,0.333799052,-0.0043328723998891,0.0043328723998891,0.29780060706748523,FALSE,FALSE
2004-02-06,Weddell,0.314850898,-0.01799593172344293,0.01799593172344293,0.29780060706748523,FALSE,FALSE
2004-02-07,Weddell,0.309173578,-0.01855953610833122,0.01855953610833122,0.29780060706748523,FALSE,FALSE
2004-02-08,Weddell,0.293415147,-0.02939444750512709,0.02939444750512709,0.29780060706748523,FALSE,FALSE
2004-02-09,Weddell,0.276997688,-0.04109418902775957,0.04109418902775957,0.29780060706748523,FALSE,FALSE
2004-02-10,Weddell,0.27198557,-0.0416036122072278,0.0416036122072278,0.29780060706748523,FALSE,FALSE
2004-02-11,Weddell,0.260005243,-0.04930473258405876,0.04930473258405876,0.29780060706748523,FALSE,FALSE
2004-02-12,Weddell,0.265736858,-0.03952586469877794,0.03952586469877794,0.29780060706748523,FALSE,FALSE
2004-02-13,Weddell,0.265743993,-0.03571189609191216,0.03571189609191216,0.29780060706748523,FALSE,FALSE
2004-02-14,Weddell,0.251235572,-0.04666236830398729,0.04666236830398729,0.29780060706748523,FALSE,FALSE
2004-02-15,Weddell,0.253698081,-0.04089926087552975,0.04089926087552975,0.29780060706748523,FALSE,FALSE
2004-02-16,Weddell,0.251180565,-0.04038199434706596,0.04038199434706596,0.29780060706748523,FALSE,FALSE
2004-02-17,Weddell,0.255005222,-0.03379683625912194,0.03379683625912194,0.29780060706748523,FALSE,FALSE
2004-02-18,Weddell,0.266403906,-0.01992039815222435,0.01992039815222435,0.29780060706748523,FALSE,FALSE
2004-02-19,Weddell,0.258231229,-0.02590653356689931,0.02590653356689931,0.29780060706748523,FALSE,FALSE
2004-02-20,Weddell,0.235506345,-0.04674455404367267,0.04674455404367267,0.29780060706748523,FALSE,FALSE
2004-02-21,Weddell,0.252480631,-0.02819107570243384,0.02819107570243384,0.29780060706748523,FALSE,FALSE
2004-02-22,Weddell,0.26692162,-0.01248083120855453,0.01248083120855453,0.29780060706748523,FALSE,FALSE
2004-02-23,Weddell,0.272681971,-0.00575961707472433,0.00575961707472433,0.29780060706748523,FALSE,FALSE
2004-02-24,Weddell,0.24687789,-0.03090961393761127,0.03090961393761127,0.29780060706748523,FALSE,FALSE
2004-02-25,Weddell,0.249460797,-0.02797778843388282,0.02797778843388282,0.29780060706748523,FALSE,FALSE
2004-02-26,Weddell,0.223764705,-0.05362851420020681,0.05362851420020681,0.29780060706748523,FALSE,FALSE
2004-02-27,Weddell,0.208031932,-0.06961785987325045,0.06961785987325045,0.29780060706748523,FALSE,FALSE
2004-02-28,Weddell,0.197285549,-0.08092114108968151,0.08092114108968151,0.29780060706748523,FALSE,FALSE
2004-03-01,Weddell,0.221817745,-0.05839726469937689,0.05839726469937689,0.29780060706748523,FALSE,FALSE
2004-03-02,Weddell,0.23189555,-0.04976765436597619,0.04976765436597619,0.29780060706748523,FALSE,FALSE
2004-03-03,Weddell,0.22689062,-0.05651465112263321,0.05651465112263321,0.29780060706748523,FALSE,FALSE
2004-03-04,Weddell,0.197912596,-0.08752699973392347,0.08752699973392347,0.29780060706748523,FALSE,FALSE
2004-03-05,Weddell,0.203523848,-0.08423747189096598,0.08423747189096598,0.29780060706748523,FALSE,FALSE
2004-03-06,Weddell,0.20412298,-0.08623204381397043,0.08623204381397043,0.29780060706748523,FALSE,FALSE
2004-03-07,Weddell,0.205983079,-0.08722006304963975,0.08722006304963975,0.29780060706748523,FALSE,FALSE
2004-03-08,Weddell,0.204715664,-0.09157244514467812,0.09157244514467812,0.29780060706748523,FALSE,FALSE
2004-03-09,Weddell,0.222476576,-0.07711578364578994,0.07711578364578994,0.29780060706748523,FALSE,FALSE
2004-03-10,Weddell,0.219971671,-0.08312665709967829,0.08312665709967829,0.29780060706748523,FALSE,FALSE
2004-03-11,Weddell,0.219394339,-0.08739411005304693,0.08739411005304693,0.29780060706748523,FALSE,FALSE
2004-03-12,Weddell,0.230135477,-0.08050968005260048,0.08050968005260048,0.29780060706748523,FALSE,FALSE
2004-03-13,Weddell,0.236428501,-0.07822238564504208,0.07822238564504208,0.29780060706748523,FALSE,FALSE
2004-03-14,Weddell,0.278008566,-0.04077950637707578,0.04077950637707578,0.29780060706748523,FALSE,FALSE
2004-03-15,Weddell,0.347475526,0.0244363772045944,0.0244363772045944,0.29780060706748523,FALSE,FALSE
2004-03-16,Weddell,0.34004550099999997,0.01265895055326488,0.01265895055326488,0.29780060706748523,FALSE,FALSE
2004-03-17,Weddell,0.326885967,-0.00492702364265235,0.00492702364265235,0.29780060706748523,FALSE,FALSE
2004-03-18,Weddell,0.318107475,-0.01820066980710905,0.01820066980710905,0.29780060706748523,FALSE,FALSE
2004-03-19,Weddell,0.319352512,-0.02151645879189701,0.02151645879189701,0.29780060706748523,FALSE,FALSE
2004-03-20,Weddell,0.328751056,-0.01674171331742752,0.01674171331742752,0.29780060706748523,FALSE,FALSE
2004-03-21,Weddell,0.330632715,-0.01954412610411121,0.01954412610411121,0.29780060706748523,FALSE,FALSE
2004-03-22,Weddell,0.326817718,-0.0281007688723589,0.0281007688723589,0.29780060706748523,FALSE,FALSE
2004-03-23,Weddell,0.331802387,-0.02791262034258096,0.02791262034258096,0.29780060706748523,FALSE,FALSE
2004-03-24,Weddell,0.344371677,-0.02019202623518795,0.02019202623518795,0.29780060706748523,FALSE,FALSE
2004-03-25,Weddell,0.390798925,0.02133704972940875,0.02133704972940875,0.29780060706748523,FALSE,FALSE
2004-03-26,Weddell,0.40772789,0.03332106583079863,0.03332106583079863,0.29780060706748523,FALSE,FALSE
2004-03-27,Weddell,0.425229942,0.0458340913485713,0.0458340913485713,0.29780060706748523,FALSE,FALSE
2004-03-28,Weddell,0.453953373,0.06952711756231611,0.06952711756231611,0.29780060706748523,FALSE,FALSE
2004-03-29,Weddell,0.468966989,0.07947164975162196,0.07947164975162196,0.29780060706748523,FALSE,FALSE
2004-03-30,Weddell,0.456489282,0.06188722800839763,0.06188722800839763,0.29780060706748523,FALSE,FALSE
2004-03-31,Weddell,0.436424929,0.03667055197782593,0.03667055197782593,0.29780060706748523,FALSE,FALSE
2004-04-01,Weddell,0.445770731,0.04080737704213638,0.04080737704213638,0.29780060706748523,FALSE,FALSE
2004-04-02,Weddell,0.464554617,0.05431458404702816,0.05431458404702816,0.29780060706748523,FALSE,FALSE
2004-04-03,Weddell,0.482019215,0.06642375283820012,0.06642375283820012,0.29780060706748523,FALSE,FALSE
2004-04-04,Weddell,0.491387505,0.07034681526135117,0.07034681526135117,0.29780060706748523,FALSE,FALSE
2004-04-05,Weddell,0.472695129,0.04610836516218147,0.04610836516218147,0.29780060706748523,FALSE,FALSE
2004-04-06,Weddell,0.44711315,0.01486841738638894,0.01486841738638894,0.29780060706748523,FALSE,FALSE
2004-04-07,Weddell,0.450805838,0.01278019377967354,0.01278019377967354,0.29780060706748523,FALSE,FALSE
2004-04-08,Weddell,0.472049262,0.0281087151877335,0.0281087151877335,0.29780060706748523,FALSE,FALSE
2004-04-09,Weddell,0.476421612,0.02642112345626879,0.02642112345626879,0.29780060706748523,FALSE,FALSE
2004-04-10,Weddell,0.476403785,0.02018726743097743,0.02018726743097743,0.29780060706748523,FALSE,FALSE
2004-04-11,Weddell,0.471956333,0.00935681766017432,0.00935681766017432,0.29780060706748523,FALSE,FALSE
2004-04-12,Weddell,0.478754502,0.0096060196263954,0.0096060196263954,0.29780060706748523,FALSE,FALSE
2004-04-13,Weddell,0.474376921,-0.00146591257431971,0.00146591257431971,0.29780060706748523,FALSE,FALSE
2004-04-14,Weddell,0.485002198,0.00234204353804501,0.00234204353804501,0.29780060706748523,FALSE,FALSE
2004-04-15,Weddell,0.525564682,0.03598665144350399,0.03598665144350399,0.29780060706748523,FALSE,FALSE
2004-04-16,Weddell,0.525013328,0.02843928062207235,0.02843928062207235,0.29780060706748523,FALSE,FALSE
2004-04-17,Weddell,0.510701306,0.00707551555376517,0.00707551555376517,0.29780060706748523,FALSE,FALSE
2004-04-18,Weddell,0.485750161,-0.02496068428140263,0.02496068428140263,0.29780060706748523,FALSE,FALSE
2004-04-19,Weddell,0.467042513,-0.05076428440341618,0.05076428440341618,0.29780060706748523,FALSE,FALSE
2004-04-20,Weddell,0.437047146,-0.08784408633226043,0.08784408633226043,0.29780060706748523,FALSE,FALSE
2004-04-21,Weddell,0.422660025,-0.10928171058792058,0.10928171058792058,0.29780060706748523,FALSE,FALSE
2004-04-22,Weddell,0.417669062,-0.12126683069038136,0.12126683069038136,0.29780060706748523,FALSE,FALSE
2004-04-23,Weddell,0.396440551,-0.14941073815962835,0.14941073815962835,0.29780060706748523,FALSE,FALSE
2004-04-24,Weddell,0.397050377,-0.1556171509195765,0.1556171509195765,0.29780060706748523,FALSE,FALSE
2004-04-25,Weddell,0.450175914,-0.1092074581122746,0.1092074581122746,0.29780060706748523,FALSE,FALSE
2004-04-26,Weddell,0.485141192,-0.08086698092836803,0.08086698092836803,0.29780060706748523,FALSE,FALSE
2004-04-27,Weddell,0.515053753,-0.05749764009190084,0.05749764009190084,0.29780060706748523,FALSE,FALSE
2004-04-28,Weddell,0.554206449,-0.02481604632691758,0.02481604632691758,0.29780060706748523,FALSE,FALSE
2004-04-29,Weddell,0.562912821,-0.02251812135746334,0.02251812135746334,0.29780060706748523,FALSE,FALSE
2004-04-30,Weddell,0.570413053,-0.02137314390758182,0.02137314390758182,0.29780060706748523,FALSE,FALSE
2004-05-01,Weddell,0.554882859,-0.04321486270131791,0.04321486270131791,0.29780060706748523,FALSE,FALSE
2004-05-02,Weddell,0.553605361,-0.05076961846271555,0.05076961846271555,0.29780060706748523,FALSE,FALSE
2004-05-03,Weddell,0.551082893,-0.05954453991581943,0.05954453991581943,0.29780060706748523,FALSE,FALSE
2004-05-04,Weddell,0.554810731,-0.06205381378467467,0.06205381378467467,0.29780060706748523,FALSE,FALSE
2004-05-05,Weddell,0.592765634,-0.03033014379332499,0.03033014379332499,0.29780060706748523,FALSE,FALSE
2004-05-06,Weddell,0.650540584,0.0212099815056076,0.0212099815056076,0.29780060706748523,FALSE,FALSE
2004-05-07,Weddell,0.689570003,0.05398714900518342,0.05398714900518342,0.29780060706748523,FALSE,FALSE
2004-05-08,Weddell,0.733480431,0.09160244745720704,0.09160244745720704,0.29780060706748523,FALSE,FALSE
2004-05-09,Weddell,0.766227302,0.11798394833966264,0.11798394833966264,0.29780060706748523,FALSE,FALSE
2004-05-10,Weddell,0.784106171,0.12939984413053296,0.12939984413053296,0.29780060706748523,FALSE,FALSE
2004-05-11,Weddell,0.785311843,0.12401757730780272,0.12401757730780272,0.29780060706748523,FALSE,FALSE
2004-05-12,Weddell,0.771112621,0.10307808834945388,0.10307808834945388,0.29780060706748523,FALSE,FALSE
2004-05-13,Weddell,0.743919677,0.06896518673347074,0.06896518673347074,0.29780060706748523,FALSE,FALSE
2004-05-14,Weddell,0.72042013,0.03833862893783713,0.03833862893783713,0.29780060706748523,FALSE,FALSE
2004-05-15,Weddell,0.692536393,0.00309346544053601,0.00309346544053601,0.29780060706748523,FALSE,FALSE
2004-05-16,Weddell,0.658469138,-0.0385969942804486,0.0385969942804486,0.29780060706748523,FALSE,FALSE
2004-05-17,Weddell,0.628073832,-0.0769046457471334,0.0769046457471334,0.29780060706748523,FALSE,FALSE
2004-05-18,Weddell,0.628704459,-0.08450286748153468,0.08450286748153468,0.29780060706748523,FALSE,FALSE
2004-05-19,Weddell,0.61564919,-0.1061289713425272,0.1061289713425272,0.29780060706748523,FALSE,FALSE
2004-05-20,Weddell,0.595069177,-0.13561298938456667,0.13561298938456667,0.29780060706748523,FALSE,FALSE
2004-05-21,Weddell,0.617483652,-0.12239690735273924,0.12239690735273924,0.29780060706748523,FALSE,FALSE
2004-05-22,Weddell,0.657314253,-0.09201929678414388,0.09201929678414388,0.29780060706748523,FALSE,FALSE
2004-05-23,Weddell,0.728501952,-0.03049939521587785,0.03049939521587785,0.29780060706748523,FALSE,FALSE
2004-05-24,Weddell,0.730966862,-0.03787729918503868,0.03787729918503868,0.29780060706748523,FALSE,FALSE
2004-05-25,Weddell,0.755646389,-0.02317581222872511,0.02317581222872511,0.29780060706748523,FALSE,FALSE
2004-05-26,Weddell,0.777800325,-0.01109535188403443,0.01109535188403443,0.29780060706748523,FALSE,FALSE
2004-05-27,Weddell,0.815390211,0.01636541331193508,0.01636541331193508,0.29780060706748523,FALSE,FALSE
2004-05-28,Weddell,0.837452363,0.02828258982208642,0.02828258982208642,0.29780060706748523,FALSE,FALSE
2004-05-29,Weddell,0.797246721,-0.02204409189067924,0.02204409189067924,0.29780060706748523,FALSE,FALSE
2004-05-30,Weddell,0.750988377,-0.07835974936345924,0.07835974936345924,0.29780060706748523,FALSE,FALSE
2004-05-31,Weddell,0.753613525,-0.08568839813335183,0.08568839813335183,0.29780060706748523,FALSE,FALSE
2004-06-01,Weddell,0.796263501,-0.05285710041695068,0.05285710041695068,0.29780060706748523,FALSE,FALSE
2004-06-02,Weddell,0.821539429,-0.03726945762439804,0.03726945762439804,0.29780060706748523,FALSE,FALSE
2004-06-03,Weddell,0.856640829,-0.01174074539140435,0.01174074539140435,0.29780060706748523,FALSE,FALSE
2004-06-04,Weddell,0.857878302,-0.01997515872670618,0.01997515872670618,0.29780060706748523,FALSE,FALSE
2004-06-05,Weddell,0.889824137,0.00258479536095812,0.00258479536095812,0.29780060706748523,FALSE,FALSE
2004-06-06,Weddell,0.932206758,0.0356527448628533,0.0356527448628533,0.29780060706748523,FALSE,FALSE
2004-06-07,Weddell,0.959730691,0.05391841977024048,0.05391841977024048,0.29780060706748523,FALSE,FALSE
2004-06-08,Weddell,0.957249824,0.04222091207438372,0.04222091207438372,0.29780060706748523,FALSE,FALSE
2004-06-09,Weddell,0.96764332,0.0434245887665452,0.0434245887665452,0.29780060706748523,FALSE,FALSE
2004-06-10,Weddell,0.966441658,0.03304513283798915,0.03304513283798915,0.29780060706748523,FALSE,FALSE
2004-06-11,Weddell,0.965223986,0.02264689627997707,0.02264689627997707,0.29780060706748523,FALSE,FALSE
2004-06-12,Weddell,0.979939522,0.02816430108377243,0.02816430108377243,0.29780060706748523,FALSE,FALSE
2004-06-13,Weddell,1.008577781,0.04757248062054897,0.04757248062054897,0.29780060706748523,FALSE,FALSE
2004-06-14,Weddell,1.003634812,0.03337136984652911,0.03337136984652911,0.29780060706748523,FALSE,FALSE
2004-06-15,Weddell,0.985178735,0.0056580352070279,0.0056580352070279,0.29780060706748523,FALSE,FALSE
2004-06-16,Weddell,0.980722324,-0.00802398717746921,0.00802398717746921,0.29780060706748523,FALSE,FALSE
2004-06-17,Weddell,0.979204862,-0.01870465218648309,0.01870465218648309,0.29780060706748523,FALSE,FALSE
2004-06-18,Weddell,0.955011009,-0.05196853769952903,0.05196853769952903,0.29780060706748523,FALSE,FALSE
2004-06-19,Weddell,0.921086681,-0.0948389655961248,0.0948389655961248,0.29780060706748523,FALSE,FALSE
2004-06-20,Weddell,0.882939346,-0.1417777057557884,0.1417777057557884,0.29780060706748523,FALSE,FALSE
2004-06-21,Weddell,0.85958731,-0.17373569005803646,0.17373569005803646,0.29780060706748523,FALSE,FALSE
2004-06-22,Weddell,0.849140089,-0.1925726403823869,0.1925726403823869,0.29780060706748523,FALSE,FALSE
2004-06-23,Weddell,0.831884618,-0.21797085960835705,0.21797085960835705,0.29780060706748523,FALSE,FALSE
2004-06-24,Weddell,0.912933055,-0.1447874276154647,0.1447874276154647,0.29780060706748523,FALSE,FALSE
2004-06-25,Weddell,0.973662459,-0.09161452328322706,0.09161452328322706,0.29780060706748523,FALSE,FALSE
2004-06-26,Weddell,0.99884016900000006,-0.0736581698676132,0.0736581698676132,0.29780060706748523,FALSE,FALSE
2004-06-27,Weddell,1.021075506,-0.05831357449711505,0.05831357449711505,0.29780060706748523,FALSE,FALSE
2004-06-28,Weddell,1.027276038,-0.05869193821245555,0.05869193821245555,0.29780060706748523,FALSE,FALSE
2004-06-29,Weddell,1.039790935,-0.0524629332741573,0.0524629332741573,0.29780060706748523,FALSE,FALSE
2004-06-30,Weddell,1.043479817,-0.05478578194274441,0.05478578194274441,0.29780060706748523,FALSE,FALSE
2004-07-01,Weddell,1.061984751,-0.04203725947873948,0.04203725947873948,0.29780060706748523,FALSE,FALSE
2004-07-02,Weddell,1.068056506,-0.04148543914266534,0.04148543914266534,0.29780060706748523,FALSE,FALSE
2004-07-03,Weddell,1.068574547,-0.04626969819504678,0.04626969819504678,0.29780060706748523,FALSE,FALSE
2004-07-04,Weddell,1.073549458,-0.04639829489640634,0.04639829489640634,0.29780060706748523,FALSE,FALSE
2004-07-05,Weddell,1.087119696,-0.03775161450726694,0.03775161450726694,0.29780060706748523,FALSE,FALSE
2004-07-06,Weddell,1.096697917,-0.03293584328815258,0.03293584328815258,0.29780060706748523,FALSE,FALSE
2004-07-07,Weddell,1.114490862,-0.01976308249958691,0.01976308249958691,0.29780060706748523,FALSE,FALSE
2004-07-08,Weddell,1.15811457,0.01936387213312063,0.01936387213312063,0.29780060706748523,FALSE,FALSE
2004-07-09,Weddell,1.16221627,0.01907488044875704,0.01907488044875704,0.29780060706748523,FALSE,FALSE
2004-07-10,Weddell,1.189096955,0.04165677363568232,0.04165677363568232,0.29780060706748523,FALSE,FALSE
2004-07-11,Weddell,1.199341344,0.04768053333105482,0.04768053333105482,0.29780060706748523,FALSE,FALSE
2004-07-12,Weddell,1.193145211,0.03732819617203153,0.03732819617203153,0.29780060706748523,FALSE,FALSE
2004-07-13,Weddell,1.175960992,0.0160384607957702,0.0160384607957702,0.29780060706748523,FALSE,FALSE
2004-07-14,Weddell,1.150939772,-0.01305132516057261,0.01305132516057261,0.29780060706748523,FALSE,FALSE
2004-07-15,Weddell,1.105740929,-0.06229552105983904,0.06229552105983904,0.29780060706748523,FALSE,FALSE
2004-07-16,Weddell,1.058185767,-0.11388656026487264,0.11388656026487264,0.29780060706748523,FALSE,FALSE
2004-07-17,Weddell,1.033431048,-0.14268141813851432,0.14268141813851432,0.29780060706748523,FALSE,FALSE
2004-07-18,Weddell,1.027139269,-0.153031335043609,0.153031335043609,0.29780060706748523,FALSE,FALSE
2004-07-19,Weddell,1.061606935,-0.12265354334299738,0.12265354334299738,0.29780060706748523,FALSE,FALSE
2004-07-20,Weddell,1.085839339,-0.10255648739952306,0.10255648739952306,0.29780060706748523,FALSE,FALSE
2004-07-21,Weddell,1.104170319,-0.08841902312534344,0.08841902312534344,0.29780060706748523,FALSE,FALSE
2004-07-22,Weddell,1.164519108,-0.03232020941565539,0.03232020941565539,0.29780060706748523,FALSE,FALSE
2004-07-23,Weddell,1.194787055,-0.00634649096393857,0.00634649096393857,0.29780060706748523,FALSE,FALSE
2004-07-24,Weddell,1.197802695,-0.00765688832360766,0.00765688832360766,0.29780060706748523,FALSE,FALSE
2004-07-25,Weddell,1.189245176,-0.0205598090480763,0.0205598090480763,0.29780060706748523,FALSE,FALSE
2004-07-26,Weddell,1.177788924,-0.03636838269076126,0.03636838269076126,0.29780060706748523,FALSE,FALSE
2004-07-27,Weddell,1.216858949,-0.00164515480507532,0.00164515480507532,0.29780060706748523,FALSE,FALSE
2004-07-28,Weddell,1.297383653,0.07455072105556781,0.07455072105556781,0.29780060706748523,FALSE,FALSE
2004-07-29,Weddell,1.364437329,0.13730598233775182,0.13730598233775182,0.29780060706748523,FALSE,FALSE
2004-07-30,Weddell,1.386704041,0.15531713748806197,0.15531713748806197,0.29780060706748523,FALSE,FALSE
2004-07-31,Weddell,1.393356463,0.1577693049530855,0.1577693049530855,0.29780060706748523,FALSE,FALSE
2004-08-01,Weddell,1.393360873,0.153641207179406,0.153641207179406,0.29780060706748523,FALSE,FALSE
2004-08-02,Weddell,1.371589618,0.1278176354830367,0.1278176354830367,0.29780060706748523,FALSE,FALSE
2004-08-03,Weddell,1.335945977,0.08821078821450512,0.08821078821450512,0.29780060706748523,FALSE,FALSE
2004-08-04,Weddell,1.319707684,0.06809460281221824,0.06809460281221824,0.29780060706748523,FALSE,FALSE
2004-08-05,Weddell,1.275385983,0.01997366036244652,0.01997366036244652,0.29780060706748523,FALSE,FALSE
2004-08-06,Weddell,1.24582106,-0.01331851604854184,0.01331851604854184,0.29780060706748523,FALSE,FALSE
2004-08-07,Weddell,1.255346395,-0.00745510933447524,0.00745510933447524,0.29780060706748523,FALSE,FALSE
2004-08-08,Weddell,1.215675096,-0.05072967440908549,0.05072967440908549,0.29780060706748523,FALSE,FALSE
2004-08-09,Weddell,1.168108751,-0.1018472861861024,0.1018472861861024,0.29780060706748523,FALSE,FALSE
2004-08-10,Weddell,1.133655373,-0.13980659457925593,0.13980659457925593,0.29780060706748523,FALSE,FALSE
2004-08-11,Weddell,1.134189848,-0.14273937650227753,0.14273937650227753,0.29780060706748523,FALSE,FALSE
2004-08-12,Weddell,1.20526246,-0.07510201086889512,0.07510201086889512,0.29780060706748523,FALSE,FALSE
2004-08-13,Weddell,1.343695599,0.05992122940715827,0.05992122940715827,0.29780060706748523,FALSE,FALSE
2004-08-14,Weddell,1.403461166,0.11629558241215344,0.11629558241215344,0.29780060706748523,FALSE,FALSE
2004-08-15,Weddell,1.414212149,0.12366792218192568,0.12366792218192568,0.29780060706748523,FALSE,FALSE
2004-08-16,Weddell,1.409988665,0.11608856782267796,0.11608856782267796,0.29780060706748523,FALSE,FALSE
2004-08-17,Weddell,1.394275936,0.09707161846994604,0.09707161846994604,0.29780060706748523,FALSE,FALSE
2004-08-18,Weddell,1.373749609,0.07332262169914783,0.07332262169914783,0.29780060706748523,FALSE,FALSE
2004-08-19,Weddell,1.364162377,0.06062417108569984,0.06062417108569984,0.29780060706748523,FALSE,FALSE
2004-08-20,Weddell,1.352695437,0.04618736420501812,0.04618736420501812,0.29780060706748523,FALSE,FALSE
2004-08-21,Weddell,1.387443296,0.07813660863252214,0.07813660863252214,0.29780060706748523,FALSE,FALSE
2004-08-22,Weddell,1.407893753,0.09598960394362654,0.09598960394362654,0.29780060706748523,FALSE,FALSE
2004-08-23,Weddell,1.441140954,0.12687039671375033,0.12687039671375033,0.29780060706748523,FALSE,FALSE
2004-08-24,Weddell,1.491545269,0.17516925751830903,0.17516925751830903,0.29780060706748523,FALSE,FALSE
2004-08-25,Weddell,1.507077255,0.1888866439327206,0.1888866439327206,0.29780060706748523,FALSE,FALSE
2004-08-26,Weddell,1.505811879,0.18612742353240197,0.18612742353240197,0.29780060706748523,FALSE,FALSE
2004-08-27,Weddell,1.49328512,0.17245747589277038,0.17245747589277038,0.29780060706748523,FALSE,FALSE
2004-08-28,Weddell,1.485986087,0.16439013358322652,0.16439013358322652,0.29780060706748523,FALSE,FALSE
2004-08-29,Weddell,1.507732464,0.18573280105642145,0.18573280105642145,0.29780060706748523,FALSE,FALSE
2004-08-30,Weddell,1.506539509,0.18447749284489823,0.18447749284489823,0.29780060706748523,FALSE,FALSE
2004-08-31,Weddell,1.485451514,0.163645234228186,0.163645234228186,0.29780060706748523,FALSE,FALSE
2004-09-01,Weddell,1.486285366,0.1650296454858129,0.1650296454858129,0.29780060706748523,FALSE,FALSE
2004-09-02,Weddell,1.532408035,0.21197442989730564,0.21197442989730564,0.29780060706748523,FALSE,FALSE
2004-09-03,Weddell,1.532405985,0.21304278474219385,0.21304278474219385,0.29780060706748523,FALSE,FALSE
2004-09-04,Weddell,1.531880625,0.21381285230000513,0.21381285230000513,0.29780060706748523,FALSE,FALSE
2004-09-05,Weddell,1.568481255,0.2519106658502668,0.2519106658502668,0.29780060706748523,FALSE,FALSE
2004-09-06,Weddell,1.592982617,0.27808770067250754,0.27808770067250754,0.29780060706748523,FALSE,FALSE
2004-09-07,Weddell,1.603693138,0.29062911704625494,0.29062911704625494,0.29780060706748523,FALSE,FALSE
2004-09-08,Weddell,1.613765022,0.3026638522510381,0.3026638522510381,0.29780060706748523,TRUE,FALSE
2004-09-09,Weddell,1.604051119,0.2950216015315841,0.2950216015315841,0.29780060706748523,FALSE,FALSE
2004-09-10,Weddell,1.556576417,0.24971482717278448,0.24971482717278448,0.29780060706748523,FALSE,FALSE
2004-09-11,Weddell,1.501952995,0.1973623168563281,0.1973623168563281,0.29780060706748523,FALSE,FALSE
2004-09-12,Weddell,1.46613334,0.16392529147820412,0.16392529147820412,0.29780060706748523,FALSE,FALSE
2004-09-13,Weddell,1.436046558,0.136341590934401,0.136341590934401,0.29780060706748523,FALSE,FALSE
2004-09-14,Weddell,1.421667601,0.1245949011209051,0.1245949011209051,0.29780060706748523,FALSE,FALSE
2004-09-15,Weddell,1.427906871,0.13360435793370606,0.13360435793370606,0.29780060706748523,FALSE,FALSE
2004-09-16,Weddell,1.450887496,0.15950182326879148,0.15950182326879148,0.29780060706748523,FALSE,FALSE
2004-09-17,Weddell,1.481089208,0.19277576302214872,0.19277576302214872,0.29780060706748523,FALSE,FALSE
2004-09-18,Weddell,1.523181468,0.23810437208976665,0.23810437208976665,0.29780060706748523,FALSE,FALSE
2004-09-19,Weddell,1.589665958,0.30799806636763316,0.30799806636763316,0.29780060706748523,TRUE,TRUE
2004-09-20,Weddell,1.62498902,0.34691192175173624,0.34691192175173624,0.29780060706748523,TRUE,TRUE
2004-09-21,Weddell,1.659040945,0.3847449631380637,0.3847449631380637,0.29780060706748523,TRUE,TRUE
2004-09-22,Weddell,1.68464518,0.4143272084769025,0.4143272084769025,0.29780060706748523,TRUE,TRUE
2004-09-23,Weddell,1.695347043,0.42918738995149464,0.42918738995149464,0.29780060706748523,TRUE,TRUE
2004-09-24,Weddell,1.717953237,0.4561015774942247,0.4561015774942247,0.29780060706748523,TRUE,TRUE
2004-09-25,Weddell,1.733425552,0.4760007309390515,0.4760007309390515,0.29780060706748523,TRUE,TRUE
2004-09-26,Weddell,1.72743773,0.4745277621199333,0.4745277621199333,0.29780060706748523,TRUE,TRUE
2004-09-27,Weddell,1.702379131,0.4540412008708272,0.4540412008708272,0.29780060706748523,TRUE,TRUE
2004-09-28,Weddell,1.681431872,0.4376923340256924,0.4376923340256924,0.29780060706748523,TRUE,TRUE
2004-09-29,Weddell,1.646750342,0.4076047204184865,0.4076047204184865,0.29780060706748523,TRUE,TRUE
2004-09-30,Weddell,1.61994074,0.3853537288831681,0.3853537288831681,0.29780060706748523,TRUE,TRUE
2004-10-01,Weddell,1.615882127,0.38578759025369513,0.38578759025369513,0.29780060706748523,TRUE,TRUE
2004-10-02,Weddell,1.632150565,0.4064515363640262,0.4064515363640262,0.29780060706748523,TRUE,TRUE
2004-10-03,Weddell,1.65366156,0.43223024304811775,0.43223024304811775,0.29780060706748523,TRUE,TRUE
2004-10-04,Weddell,1.618253002,0.4009307800200808,0.4009307800200808,0.29780060706748523,TRUE,TRUE
2004-10-05,Weddell,1.580054859,0.36666424631640937,0.36666424631640937,0.29780060706748523,TRUE,TRUE
2004-10-06,Weddell,1.565215565,0.35559536237755207,0.35559536237755207,0.29780060706748523,TRUE,TRUE
2004-10-07,Weddell,1.567681357,0.3616930832557874,0.3616930832557874,0.29780060706748523,TRUE,TRUE
2004-10-08,Weddell,1.57844078,0.3759686720033888,0.3759686720033888,0.29780060706748523,TRUE,TRUE
2004-10-09,Weddell,1.563407899,0.3643589116726349,0.3643589116726349,0.29780060706748523,TRUE,TRUE
2004-10-10,Weddell,1.53334299,0.33764679631579986,0.33764679631579986,0.29780060706748523,TRUE,TRUE
2004-10-11,Weddell,1.497270065,0.30487905598516174,0.30487905598516174,0.29780060706748523,TRUE,TRUE
2004-10-12,Weddell,1.464856623,0.27574590773299534,0.27574590773299534,0.29780060706748523,FALSE,FALSE
2004-10-13,Weddell,1.460080932,0.2742483376115785,0.2742483376115785,0.29780060706748523,FALSE,FALSE
2004-10-14,Weddell,1.47697454,0.29444061167318636,0.29444061167318636,0.29780060706748523,FALSE,FALSE
2004-10-15,Weddell,1.519021288,0.3398292889700958,0.3398292889700958,0.29780060706748523,TRUE,TRUE
2004-10-16,Weddell,1.550159304,0.3743752155545812,0.3743752155545812,0.29780060706748523,TRUE,TRUE
2004-10-17,Weddell,1.551761323,0.3794734012016896,0.3794734012016896,0.29780060706748523,TRUE,TRUE
2004-10-18,Weddell,1.530079039,0.36138839960939384,0.36138839960939384,0.29780060706748523,TRUE,TRUE
2004-10-19,Weddell,1.515192535,0.3502041525180404,0.3502041525180404,0.29780060706748523,TRUE,TRUE
2004-10-20,Weddell,1.501387064,0.3402094112671685,0.3402094112671685,0.29780060706748523,TRUE,TRUE
2004-10-21,Weddell,1.502019965,0.34476501319631625,0.34476501319631625,0.29780060706748523,TRUE,TRUE
2004-10-22,Weddell,1.497822774,0.34460599264502245,0.34460599264502245,0.29780060706748523,TRUE,TRUE
2004-10-23,Weddell,1.480334108,0.33127446495282653,0.33127446495282653,0.29780060706748523,TRUE,TRUE
2004-10-24,Weddell,1.467694372,0.32291433345926657,0.32291433345926657,0.29780060706748523,TRUE,TRUE
2004-10-25,Weddell,1.469348038,0.3289735685038815,0.3289735685038815,0.29780060706748523,TRUE,TRUE
2004-10-26,Weddell,1.443873004,0.3080335664262097,0.3080335664262097,0.29780060706748523,TRUE,TRUE
2004-10-27,Weddell,1.420873196,0.2897017515657916,0.2897017515657916,0.29780060706748523,FALSE,FALSE
2004-10-28,Weddell,1.403986764,0.27761977226216383,0.27761977226216383,0.29780060706748523,FALSE,FALSE
2004-10-29,Weddell,1.387108479,0.26568589785486574,0.26568589785486574,0.29780060706748523,FALSE,FALSE
2004-10-30,Weddell,1.369019053,0.2526836855408543,0.2526836855408543,0.29780060706748523,FALSE,FALSE
2004-10-31,Weddell,1.352185169,0.24107944860747077,0.24107944860747077,0.29780060706748523,FALSE,FALSE
2004-11-01,Weddell,1.338209055,0.232474057846751,0.232474057846751,0.29780060706748523,FALSE,FALSE
2004-11-02,Weddell,1.33755142,0.2373268647852651,0.2373268647852651,0.29780060706748523,FALSE,FALSE
2004-11-03,Weddell,1.340436357,0.24586060494958464,0.24586060494958464,0.29780060706748523,FALSE,FALSE
2004-11-04,Weddell,1.331345514,0.2425555688662795,0.2425555688662795,0.29780060706748523,FALSE,FALSE
2004-11-05,Weddell,1.315076336,0.23220784406192285,0.23220784406192285,0.29780060706748523,FALSE,FALSE
2004-11-06,Weddell,1.304277717,0.22746496706308303,0.22746496706308303,0.29780060706748523,FALSE,FALSE
2004-11-07,Weddell,1.298379398,0.22775532139633237,0.22775532139633237,0.29780060706748523,FALSE,FALSE
2004-11-08,Weddell,1.300781796,0.23647796658824105,0.23647796658824105,0.29780060706748523,FALSE,FALSE
2004-11-09,Weddell,1.26805831,0.21020494416538016,0.21020494416538016,0.29780060706748523,FALSE,FALSE
2004-11-10,Weddell,1.212089651,0.16081560765432146,0.16081560765432146,0.29780060706748523,FALSE,FALSE
2004-11-11,Weddell,1.168888831,0.12432170752219364,0.12432170752219364,0.29780060706748523,FALSE,FALSE
2004-11-12,Weddell,1.108011142,0.07028258157194545,0.07028258157194545,0.29780060706748523,FALSE,FALSE
2004-11-13,Weddell,1.063444097,0.03269776663969814,0.03269776663969814,0.29780060706748523,FALSE,FALSE
2004-11-14,Weddell,1.021163169,-0.0024445823821293,0.0024445823821293,0.29780060706748523,FALSE,FALSE
2004-11-15,Weddell,0.981935729,-0.03436441260111655,0.03436441260111655,0.29780060706748523,FALSE,FALSE
2004-11-16,Weddell,0.923683249,-0.08512757012484351,0.08512757012484351,0.29780060706748523,FALSE,FALSE
2004-11-17,Weddell,0.888865807,-0.11226129506089055,0.11226129506089055,0.29780060706748523,FALSE,FALSE
2004-11-18,Weddell,0.868738281,-0.12449802751683804,0.12449802751683804,0.29780060706748523,FALSE,FALSE
2004-11-19,Weddell,0.861430734,-0.12369502260026566,0.12369502260026566,0.29780060706748523,FALSE,FALSE
2004-11-20,Weddell,0.846116686,-0.13066607841875433,0.13066607841875433,0.29780060706748523,FALSE,FALSE
2004-11-21,Weddell,0.822801715,-0.1453929350798837,0.1453929350798837,0.29780060706748523,FALSE,FALSE
2004-11-22,Weddell,0.800743171,-0.15860556069123388,0.15860556069123388,0.29780060706748523,FALSE,FALSE
2004-11-23,Weddell,0.813118667,-0.1371136603603853,0.1371136603603853,0.29780060706748523,FALSE,FALSE
2004-11-24,Weddell,0.827972231,-0.11286290880118233,0.11286290880118233,0.29780060706748523,FALSE,FALSE
2004-11-25,Weddell,0.835376747,-0.0957902933277308,0.0957902933277308,0.29780060706748523,FALSE,FALSE
2004-11-26,Weddell,0.840934069,-0.08031397254922068,0.08031397254922068,0.29780060706748523,FALSE,FALSE
2004-11-27,Weddell,0.840946071,-0.0701521618892651,0.0701521618892651,0.29780060706748523,FALSE,FALSE
2004-11-28,Weddell,0.835423264,-0.06531443977147477,0.06531443977147477,0.29780060706748523,FALSE,FALSE
2004-11-29,Weddell,0.831780733,-0.05840581061946137,0.05840581061946137,0.29780060706748523,FALSE,FALSE
2004-11-30,Weddell,0.82814723,-0.05131761185683725,0.05131761185683725,0.29780060706748523,FALSE,FALSE
2004-12-01,Weddell,0.831834735,-0.03675795290721417,0.03675795290721417,0.29780060706748523,FALSE,FALSE
2004-12-02,Weddell,0.836740208,-0.02084996319420329,0.02084996319420329,0.29780060706748523,FALSE,FALSE
2004-12-03,Weddell,0.858823854,0.01234647285858303,0.01234647285858303,0.29780060706748523,FALSE,FALSE
2004-12-04,Weddell,0.863770953,0.02849654582753302,0.02849654582753302,0.29780060706748523,FALSE,FALSE
2004-12-05,Weddell,0.864983779,0.04098244028903575,0.04098244028903575,0.29780060706748523,FALSE,FALSE
2004-12-06,Weddell,0.844644594,0.03196633103791702,0.03196633103791702,0.29780060706748523,FALSE,FALSE
2004-12-07,Weddell,0.835522328,0.03419774954324683,0.03419774954324683,0.29780060706748523,FALSE,FALSE
2004-12-08,Weddell,0.820168889,0.03021086610350387,0.03021086610350387,0.29780060706748523,FALSE,FALSE
2004-12-09,Weddell,0.78868321,0.01008712135869538,0.01008712135869538,0.29780060706748523,FALSE,FALSE
2004-12-10,Weddell,0.773310362,0.00605409394883116,0.00605409394883116,0.29780060706748523,FALSE,FALSE
2004-12-11,Weddell,0.755412297,-5.437564860808486e-4,5.437564860808486e-4,0.29780060706748523,FALSE,FALSE
2004-12-12,Weddell,0.738682167,-0.00603077030603271,0.00603077030603271,0.29780060706748523,FALSE,FALSE
2004-12-13,Weddell,0.729406352,-0.00413805987101534,0.00413805987101534,0.29780060706748523,FALSE,FALSE
2004-12-14,Weddell,0.717676239,-0.00479173054102055,0.00479173054102055,0.29780060706748523,FALSE,FALSE
2004-12-15,Weddell,0.715835046,0.00433394332395997,0.00433394332395997,0.29780060706748523,FALSE,FALSE
2004-12-16,Weddell,0.71273582,0.01207451636393475,0.01207451636393475,0.29780060706748523,FALSE,FALSE
2004-12-17,Weddell,0.713342391,0.0233763262189125,0.0233763262189125,0.29780060706748523,FALSE,FALSE
2004-12-18,Weddell,0.727557932,0.04812505352890106,0.04812505352890106,0.29780060706748523,FALSE,FALSE
2004-12-19,Weddell,0.734348599,0.06526994704632982,0.06526994704632982,0.29780060706748523,FALSE,FALSE
2004-12-20,Weddell,0.734353461,0.07544242027881776,0.07544242027881776,0.29780060706748523,FALSE,FALSE
2004-12-21,Weddell,0.736220448,0.08729013267924401,0.08729013267924401,0.29780060706748523,FALSE,FALSE
2004-12-22,Weddell,0.713358538,0.07422199749618708,0.07422199749618708,0.29780060706748523,FALSE,FALSE
2004-12-23,Weddell,0.692847603,0.06331782197822355,0.06331782197822355,0.29780060706748523,FALSE,FALSE
2004-12-24,Weddell,0.680996687,0.06088658537393154,0.06088658537393154,0.29780060706748523,FALSE,FALSE
2004-12-25,Weddell,0.648040239,0.03716267193188694,0.03716267193188694,0.29780060706748523,FALSE,FALSE
2004-12-26,Weddell,0.628235432,0.02640318990066814,0.02640318990066814,0.29780060706748523,FALSE,FALSE
2004-12-27,Weddell,0.617136105,0.02416191352885322,0.02416191352885322,0.29780060706748523,FALSE,FALSE
2004-12-28,Weddell,0.617182123,0.03287864306501842,0.03287864306501842,0.29780060706748523,FALSE,FALSE
2004-12-29,Weddell,0.613500046,0.0376798737577404,0.0376798737577404,0.29780060706748523,FALSE,FALSE
2004-12-30,Weddell,0.609148901,0.04162456785559854,0.04162456785559854,0.29780060706748523,FALSE,FALSE
2004-12-31,Weddell,0.603576207,0.04416017960716933,0.04416017960716933,0.29780060706748523,FALSE,FALSE
2005-01-01,Weddell,0.593014876,0.03359884860716944,0.03359884860716944,0.29780060706748523,FALSE,FALSE
2005-01-02,Weddell,0.5880098,0.03651583312543349,0.03651583312543349,0.29780060706748523,FALSE,FALSE
2005-01-03,Weddell,0.587410011,0.04365855898098936,0.04365855898098936,0.29780060706748523,FALSE,FALSE
2005-01-04,Weddell,0.592413745,0.05623331460883762,0.05623331460883762,0.29780060706748523,FALSE,FALSE
2005-01-05,Weddell,0.599936536,0.07116368644398186,0.07116368644398186,0.29780060706748523,FALSE,FALSE
2005-01-06,Weddell,0.604292429,0.08277177192142093,0.08277177192142093,0.29780060706748523,FALSE,FALSE
2005-01-07,Weddell,0.609239596,0.0948237954761586,0.0948237954761586,0.29780060706748523,FALSE,FALSE
2005-01-08,Weddell,0.613535993,0.10608576554319582,0.10608576554319582,0.29780060706748523,FALSE,FALSE
2005-01-09,Weddell,0.624083456,0.12346757055753288,0.12346757055753288,0.29780060706748523,FALSE,FALSE
2005-01-10,Weddell,0.623999312,0.13009458995417356,0.13009458995417356,0.29780060706748523,FALSE,FALSE
2005-01-11,Weddell,0.613398493,0.1260898081681177,0.1260898081681177,0.29780060706748523,FALSE,FALSE
2005-01-12,Weddell,0.613276032,0.13245631063436825,0.13245631063436825,0.29780060706748523,FALSE,FALSE
2005-01-13,Weddell,0.616313586,0.1418838067879255,0.1418838067879255,0.29780060706748523,FALSE,FALSE
2005-01-14,Weddell,0.612589831,0.14445904150633349,0.14445904150633349,0.29780060706748523,FALSE,FALSE
2005-01-15,Weddell,0.603306194,0.14139210070507163,0.14139210070507163,0.29780060706748523,FALSE,FALSE
2005-01-16,Weddell,0.585740357,0.12997006449082066,0.12997006449082066,0.29780060706748523,FALSE,FALSE
2005-01-17,Weddell,0.586383803,0.13669386071922202,0.13669386071922202,0.29780060706748523,FALSE,FALSE
2005-01-18,Weddell,0.593925144,0.1502615462459176,0.1502615462459176,0.29780060706748523,FALSE,FALSE
2005-01-19,Weddell,0.586379363,0.14869754892654924,0.14869754892654924,0.29780060706748523,FALSE,FALSE
2005-01-20,Weddell,0.568364662,0.1366295156167593,0.1366295156167593,0.29780060706748523,FALSE,FALSE
2005-01-21,Weddell,0.555186601,0.12937245117218904,0.12937245117218904,0.29780060706748523,FALSE,FALSE
2005-01-22,Weddell,0.553968372,0.13405899244848107,0.13405899244848107,0.29780060706748523,FALSE,FALSE
2005-01-23,Weddell,0.55067479,0.13666339930127647,0.13666339930127647,0.29780060706748523,FALSE,FALSE
2005-01-24,Weddell,0.559943931,0.15183319258621786,0.15183319258621786,0.29780060706748523,FALSE,FALSE
2005-01-25,Weddell,0.554185996,0.15198801815894658,0.15198801815894658,0.29780060706748523,FALSE,FALSE
2005-01-26,Weddell,0.542927964,0.14666429987510565,0.14666429987510565,0.29780060706748523,FALSE,FALSE
2005-01-27,Weddell,0.532747649,0.14244662443340794,0.14244662443340794,0.29780060706748523,FALSE,FALSE
2005-01-28,Weddell,0.537812718,0.1534913424760383,0.1534913424760383,0.29780060706748523,FALSE,FALSE
2005-01-29,Weddell,0.533415861,0.15507232689449946,0.15507232689449946,0.29780060706748523,FALSE,FALSE
2005-01-30,Weddell,0.527086487,0.15470014541799493,0.15470014541799493,0.29780060706748523,FALSE,FALSE
2005-01-31,Weddell,0.517046804,0.15057816477572905,0.15057816477572905,0.29780060706748523,FALSE,FALSE
2005-02-01,Weddell,0.524071864,0.16346259569690513,0.16346259569690513,0.29780060706748523,FALSE,FALSE
2005-02-02,Weddell,0.520428471,0.16560140091072756,0.16560140091072756,0.29780060706748523,FALSE,FALSE
2005-02-03,Weddell,0.505967793,0.15682690714640013,0.15682690714640013,0.29780060706748523,FALSE,FALSE
2005-02-04,Weddell,0.493470046,0.14990048913312642,0.14990048913312642,0.29780060706748523,FALSE,FALSE
2005-02-05,Weddell,0.478388734,0.1402568096001109,0.1402568096001109,0.29780060706748523,FALSE,FALSE
2005-02-06,Weddell,0.468266269,0.13541943927655709,0.13541943927655709,0.29780060706748523,FALSE,FALSE
2005-02-07,Weddell,0.455765648,0.1280325338916688,0.1280325338916688,0.29780060706748523,FALSE,FALSE
2005-02-08,Weddell,0.440326331,0.11751673649487292,0.11751673649487292,0.29780060706748523,FALSE,FALSE
2005-02-09,Weddell,0.450500364,0.1324084869722404,0.1324084869722404,0.29780060706748523,FALSE,FALSE
2005-02-10,Weddell,0.446331891,0.13274270879277217,0.13274270879277217,0.29780060706748523,FALSE,FALSE
2005-02-11,Weddell,0.450826128,0.14151615241594123,0.14151615241594123,0.29780060706748523,FALSE,FALSE
2005-02-12,Weddell,0.444537749,0.13927502630122202,0.13927502630122202,0.29780060706748523,FALSE,FALSE
2005-02-13,Weddell,0.435022278,0.1335663889080878,0.1335663889080878,0.29780060706748523,FALSE,FALSE
2005-02-14,Weddell,0.433191094,0.1352931536960127,0.1352931536960127,0.29780060706748523,FALSE,FALSE
2005-02-15,Weddell,0.435329761,0.1407324191244702,0.1407324191244702,0.29780060706748523,FALSE,FALSE
2005-02-16,Weddell,0.440417013,0.14885445365293404,0.14885445365293404,0.29780060706748523,FALSE,FALSE
2005-02-17,Weddell,0.447979882,0.15917782374087808,0.15917782374087808,0.29780060706748523,FALSE,FALSE
2005-02-18,Weddell,0.462289842,0.17596553784777563,0.17596553784777563,0.29780060706748523,FALSE,FALSE
2005-02-19,Weddell,0.475420186,0.1912824234331007,0.1912824234331007,0.29780060706748523,FALSE,FALSE
2005-02-20,Weddell,0.480489527,0.19823862795632735,0.19823862795632735,0.29780060706748523,FALSE,FALSE
2005-02-21,Weddell,0.478655396,0.19798368929756616,0.19798368929756616,0.29780060706748523,FALSE,FALSE
2005-02-22,Weddell,0.479370427,0.19996797579144543,0.19996797579144543,0.29780060706748523,FALSE,FALSE
2005-02-23,Weddell,0.485244815,0.20680322692527564,0.20680322692527564,0.29780060706748523,FALSE,FALSE
2005-02-24,Weddell,0.48590366,0.20811615606238876,0.20811615606238876,0.29780060706748523,FALSE,FALSE
2005-02-25,Weddell,0.488498154,0.2110595685661172,0.2110595685661172,0.29780060706748523,FALSE,FALSE
2005-02-26,Weddell,0.504064503,0.22667128379979323,0.22667128379979323,0.29780060706748523,FALSE,FALSE
2005-02-27,Weddell,0.521001637,0.24335184512674957,0.24335184512674957,0.29780060706748523,FALSE,FALSE
2005-02-28,Weddell,0.521635246,0.24342855591031848,0.24342855591031848,0.29780060706748523,FALSE,FALSE
2005-03-01,Weddell,0.532263578,0.2532012775138321,0.2532012775138321,0.29780060706748523,FALSE,FALSE
2005-03-02,Weddell,0.549075051,0.2688600413006231,0.2688600413006231,0.29780060706748523,FALSE,FALSE
2005-03-03,Weddell,0.563520212,0.2818570076340238,0.2818570076340238,0.29780060706748523,FALSE,FALSE
2005-03-04,Weddell,0.569139714,0.28573444287736677,0.28573444287736677,0.29780060706748523,FALSE,FALSE
2005-03-05,Weddell,0.571638018,0.28619842226607656,0.28619842226607656,0.29780060706748523,FALSE,FALSE
2005-03-06,Weddell,0.57474442,0.28698310010903405,0.28698310010903405,0.29780060706748523,FALSE,FALSE
2005-03-07,Weddell,0.58029354,0.28993851618602956,0.28993851618602956,0.29780060706748523,FALSE,FALSE
2005-03-08,Weddell,0.556608153,0.26340501095036023,0.26340501095036023,0.29780060706748523,FALSE,FALSE
2005-03-09,Weddell,0.531050027,0.2347619178553219,0.2347619178553219,0.29780060706748523,FALSE,FALSE
2005-03-10,Weddell,0.537921229,0.23832886935421,0.23832886935421,0.29780060706748523,FALSE,FALSE
2005-03-11,Weddell,0.544136196,0.24103786790032167,0.24103786790032167,0.29780060706748523,FALSE,FALSE
2005-03-12,Weddell,0.549739127,0.24295067794695313,0.24295067794695313,0.29780060706748523,FALSE,FALSE
2005-03-13,Weddell,0.549110461,0.23846530394739957,0.23846530394739957,0.29780060706748523,FALSE,FALSE
2005-03-14,Weddell,0.544145604,0.2294947173549579,0.2294947173549579,0.29780060706748523,FALSE,FALSE
2005-03-15,Weddell,0.536654544,0.21786647162292425,0.21786647162292425,0.29780060706748523,FALSE,FALSE
2005-03-16,Weddell,0.532328445,0.2092892962045944,0.2092892962045944,0.29780060706748523,FALSE,FALSE
2005-03-17,Weddell,0.525502127,0.1981155765532649,0.1981155765532649,0.29780060706748523,FALSE,FALSE
2005-03-18,Weddell,0.511808006,0.17999501535734763,0.17999501535734763,0.29780060706748523,FALSE,FALSE
2005-03-19,Weddell,0.508715551,0.17240740619289097,0.17240740619289097,0.29780060706748523,FALSE,FALSE
2005-03-20,Weddell,0.487541185,0.146672214208103,0.146672214208103,0.29780060706748523,FALSE,FALSE
2005-03-21,Weddell,0.48940423,0.1439114606825725,0.1439114606825725,0.29780060706748523,FALSE,FALSE
2005-03-22,Weddell,0.49189758,0.14172073889588876,0.14172073889588876,0.29780060706748523,FALSE,FALSE
2005-03-23,Weddell,0.49314999,0.1382315031276411,0.1382315031276411,0.29780060706748523,FALSE,FALSE
2005-03-24,Weddell,0.493165976,0.13345096865741907,0.13345096865741907,0.29780060706748523,FALSE,FALSE
2005-03-25,Weddell,0.497534841,0.13297113776481206,0.13297113776481206,0.29780060706748523,FALSE,FALSE
2005-03-26,Weddell,0.495037424,0.12557554872940874,0.12557554872940874,0.29780060706748523,FALSE,FALSE
2005-03-27,Weddell,0.495642958,0.12123613383079868,0.12123613383079868,0.29780060706748523,FALSE,FALSE
2005-03-28,Weddell,0.501900718,0.1225048673485713,0.1225048673485713,0.29780060706748523,FALSE,FALSE
2005-03-29,Weddell,0.484430718,0.1000044625623161,0.1000044625623161,0.29780060706748523,FALSE,FALSE
2005-03-30,Weddell,0.472576221,0.08308088175162198,0.08308088175162198,0.29780060706748523,FALSE,FALSE
2005-03-31,Weddell,0.479423305,0.08482125100839766,0.08482125100839766,0.29780060706748523,FALSE,FALSE
2005-04-01,Weddell,0.477565256,0.0778108789778259,0.0778108789778259,0.29780060706748523,FALSE,FALSE
2005-04-02,Weddell,0.479991111,0.07502775704213643,0.07502775704213643,0.29780060706748523,FALSE,FALSE
2005-04-03,Weddell,0.4856591,0.07541906704702817,0.07541906704702817,0.29780060706748523,FALSE,FALSE
2005-04-04,Weddell,0.503138769,0.08754330683820011,0.08754330683820011,0.29780060706748523,FALSE,FALSE
2005-04-05,Weddell,0.491894525,0.0708538352613512,0.0708538352613512,0.29780060706748523,FALSE,FALSE
2005-04-06,Weddell,0.493137568,0.06655080416218151,0.06655080416218151,0.29780060706748523,FALSE,FALSE
2005-04-07,Weddell,0.520584005,0.08833927238638895,0.08833927238638895,0.29780060706748523,FALSE,FALSE
2005-04-08,Weddell,0.559802524,0.1217768797796735,0.1217768797796735,0.29780060706748523,FALSE,FALSE
2005-04-09,Weddell,0.57217787,0.12823732318773343,0.12823732318773343,0.29780060706748523,FALSE,FALSE
2005-04-10,Weddell,0.564038179,0.11403769045626876,0.11403769045626876,0.29780060706748523,FALSE,FALSE
2005-04-11,Weddell,0.54970262,0.09348610243097744,0.09348610243097744,0.29780060706748523,FALSE,FALSE
2005-04-12,Weddell,0.55785422,0.09525470466017429,0.09525470466017429,0.29780060706748523,FALSE,FALSE
2005-04-13,Weddell,0.561614213,0.0924657306263954,0.0924657306263954,0.29780060706748523,FALSE,FALSE
2005-04-14,Weddell,0.557253491,0.08141065742568027,0.08141065742568027,0.29780060706748523,FALSE,FALSE
2005-04-15,Weddell,0.567209019,0.084548864538045,0.084548864538045,0.29780060706748523,FALSE,FALSE
2005-04-16,Weddell,0.604482653,0.11490462244350408,0.11490462244350408,0.29780060706748523,FALSE,FALSE
2005-04-17,Weddell,0.638031039,0.14145699162207237,0.14145699162207237,0.29780060706748523,FALSE,FALSE
2005-04-18,Weddell,0.669064362,0.16543857155376518,0.16543857155376518,0.29780060706748523,FALSE,FALSE
2005-04-19,Weddell,0.68767315,0.1769623047185973,0.1769623047185973,0.29780060706748523,FALSE,FALSE
2005-04-20,Weddell,0.700649445,0.18284264759658383,0.18284264759658383,0.29780060706748523,FALSE,FALSE
2005-04-21,Weddell,0.736510452,0.21161921966773956,0.21161921966773956,0.29780060706748523,FALSE,FALSE
2005-04-22,Weddell,0.739586976,0.20764524041207943,0.20764524041207943,0.29780060706748523,FALSE,FALSE
2005-04-23,Weddell,0.721014203,0.18207831030961863,0.18207831030961863,0.29780060706748523,FALSE,FALSE
2005-04-24,Weddell,0.724777241,0.17892595184037163,0.17892595184037163,0.29780060706748523,FALSE,FALSE
2005-04-25,Weddell,0.755619268,0.2029517400804235,0.2029517400804235,0.29780060706748523,FALSE,FALSE
2005-04-26,Weddell,0.762373971,0.20299059888772544,0.20299059888772544,0.29780060706748523,FALSE,FALSE
2005-04-27,Weddell,0.772890719,0.20688254607163192,0.20688254607163192,0.29780060706748523,FALSE,FALSE
2005-04-28,Weddell,0.785846032,0.2132946389080992,0.2132946389080992,0.29780060706748523,FALSE,FALSE
2005-04-29,Weddell,0.804950753,0.22592825767308233,0.22592825767308233,0.29780060706748523,FALSE,FALSE
2005-04-30,Weddell,0.825303104,0.23987216164253664,0.23987216164253664,0.29780060706748523,FALSE,FALSE
2005-05-01,Weddell,0.854825576,0.26303937909241815,0.26303937909241815,0.29780060706748523,FALSE,FALSE
2005-05-02,Weddell,0.886203562,0.288105840298682,0.288105840298682,0.29780060706748523,FALSE,FALSE
2005-05-03,Weddell,0.904622737,0.3002477575372844,0.3002477575372844,0.29780060706748523,TRUE,FALSE
2005-05-04,Weddell,0.918114555,0.3074871220841806,0.3074871220841806,0.29780060706748523,TRUE,FALSE
2005-05-05,Weddell,0.938973118,0.3221085732153254,0.3221085732153254,0.29780060706748523,TRUE,FALSE
2005-05-06,Weddell,0.945694811,0.32259903320667493,0.32259903320667493,0.29780060706748523,TRUE,FALSE
2005-05-07,Weddell,0.92541436,0.29608375750560756,0.29608375750560756,0.29780060706748523,FALSE,FALSE
2005-05-08,Weddell,0.892918389,0.25733553500518336,0.25733553500518336,0.29780060706748523,FALSE,FALSE
2005-05-09,Weddell,0.880653148,0.23877516445720703,0.23877516445720703,0.29780060706748523,FALSE,FALSE
2005-05-10,Weddell,0.876371965,0.22812861133966267,0.22812861133966267,0.29780060706748523,FALSE,FALSE
2005-05-11,Weddell,0.869003959,0.214297632130533,0.214297632130533,0.29780060706748523,FALSE,FALSE
2005-05-12,Weddell,0.873261107,0.21196684130780272,0.21196684130780272,0.29780060706748523,FALSE,FALSE
2005-05-13,Weddell,0.884949025,0.2169144923494538,0.2169144923494538,0.29780060706748523,FALSE,FALSE
2005-05-14,Weddell,0.907671279,0.2327167887334708,0.2327167887334708,0.29780060706748523,FALSE,FALSE
2005-05-15,Weddell,0.902745346,0.22066384493783708,0.22066384493783708,0.29780060706748523,FALSE,FALSE
2005-05-16,Weddell,0.906428649,0.21698572144053596,0.21698572144053596,0.29780060706748523,FALSE,FALSE
2005-05-17,Weddell,0.899681699,0.2026155667195514,0.2026155667195514,0.29780060706748523,FALSE,FALSE
2005-05-18,Weddell,0.882526992,0.17754851425286655,0.17754851425286655,0.29780060706748523,FALSE,FALSE
2005-05-19,Weddell,0.865901837,0.15269451051846528,0.15269451051846528,0.29780060706748523,FALSE,FALSE
2005-05-20,Weddell,0.895438263,0.1736601016574728,0.1736601016574728,0.29780060706748523,FALSE,FALSE
2005-05-21,Weddell,0.917588939,0.18690677261543345,0.18690677261543345,0.29780060706748523,FALSE,FALSE
2005-05-22,Weddell,0.934663115,0.19478255564726077,0.19478255564726077,0.29780060706748523,FALSE,FALSE
2005-05-23,Weddell,0.951833948,0.20250039821585608,0.20250039821585608,0.29780060706748523,FALSE,FALSE
2005-05-24,Weddell,0.976964777,0.2179634297841221,0.2179634297841221,0.29780060706748523,FALSE,FALSE
2005-05-25,Weddell,0.986764301,0.21792013981496128,0.21792013981496128,0.29780060706748523,FALSE,FALSE
2005-05-26,Weddell,0.977610198,0.1987879967712749,0.1987879967712749,0.29780060706748523,FALSE,FALSE
2005-05-27,Weddell,1.000288883,0.21139320611596568,0.21139320611596568,0.29780060706748523,FALSE,FALSE
2005-05-28,Weddell,1.010642879,0.21161808131193505,0.21161808131193505,0.29780060706748523,FALSE,FALSE
2005-05-29,Weddell,1.014332826,0.20516305282208636,0.20516305282208636,0.29780060706748523,FALSE,FALSE
2005-05-30,Weddell,1.034549951,0.2152591381093207,0.2152591381093207,0.29780060706748523,FALSE,FALSE
2005-05-31,Weddell,1.068736511,0.23938838463654075,0.23938838463654075,0.29780060706748523,FALSE,FALSE
2005-06-01,Weddell,1.099846085,0.2605441618666482,0.2605441618666482,0.29780060706748523,FALSE,FALSE
2005-06-02,Weddell,1.116897589,0.26777698758304924,0.26777698758304924,0.29780060706748523,FALSE,FALSE
2005-06-03,Weddell,1.128436444,0.26962755737560207,0.26962755737560207,0.29780060706748523,FALSE,FALSE
2005-06-04,Weddell,1.127098718,0.25871714360859566,0.25871714360859566,0.29780060706748523,FALSE,FALSE
2005-06-05,Weddell,1.131308596,0.2534551352732938,0.2534551352732938,0.29780060706748523,FALSE,FALSE
2005-06-06,Weddell,1.167355832,0.2801164903609581,0.2801164903609581,0.29780060706748523,FALSE,FALSE
2005-06-07,Weddell,1.221434454,0.3248804408628533,0.3248804408628533,0.29780060706748523,TRUE,TRUE
2005-06-08,Weddell,1.265713751,0.35990147977024056,0.35990147977024056,0.29780060706748523,TRUE,TRUE
2005-06-09,Weddell,1.289959783,0.3749308710743837,0.3749308710743837,0.29780060706748523,TRUE,TRUE
2005-06-10,Weddell,1.320191931,0.3959731997665453,0.3959731997665453,0.29780060706748523,TRUE,TRUE
2005-06-11,Weddell,1.321353029,0.3879565038379891,0.3879565038379891,0.29780060706748523,TRUE,TRUE
2005-06-12,Weddell,1.321282543,0.37870545327997696,0.37870545327997696,0.29780060706748523,TRUE,TRUE
2005-06-13,Weddell,1.313365882,0.36159066108377247,0.36159066108377247,0.29780060706748523,TRUE,TRUE
2005-06-14,Weddell,1.275743025,0.31473772462054883,0.31473772462054883,0.29780060706748523,TRUE,TRUE
2005-06-15,Weddell,1.247877579,0.27761413684652914,0.27761413684652914,0.29780060706748523,FALSE,FALSE
2005-06-16,Weddell,1.237543627,0.2580229272070279,0.2580229272070279,0.29780060706748523,FALSE,FALSE
2005-06-17,Weddell,1.21196834,0.22322202882253084,0.22322202882253084,0.29780060706748523,FALSE,FALSE
2005-06-18,Weddell,1.192891212,0.1949816978135168,0.1949816978135168,0.29780060706748523,FALSE,FALSE
2005-06-19,Weddell,1.174306468,0.1673269213004709,0.1673269213004709,0.29780060706748523,FALSE,FALSE
2005-06-20,Weddell,1.154566188,0.13864054140387516,0.13864054140387516,0.29780060706748523,FALSE,FALSE
2005-06-21,Weddell,1.128666766,0.10394971424421162,0.10394971424421162,0.29780060706748523,FALSE,FALSE
2005-06-22,Weddell,1.12200677,0.08868376994196359,0.08868376994196359,0.29780060706748523,FALSE,FALSE
2005-06-23,Weddell,1.180857712,0.139144982617613,0.139144982617613,0.29780060706748523,FALSE,FALSE
2005-06-24,Weddell,1.256135346,0.20627986839164292,0.20627986839164292,0.29780060706748523,FALSE,FALSE
2005-06-25,Weddell,1.293057316,0.23533683338453537,0.23533683338453537,0.29780060706748523,FALSE,FALSE
2005-06-26,Weddell,1.300849662,0.23557267971677295,0.23557267971677295,0.29780060706748523,FALSE,FALSE
2005-06-27,Weddell,1.312332093,0.23983375413238672,0.23983375413238672,0.29780060706748523,FALSE,FALSE
2005-06-28,Weddell,1.358357567,0.27896848650288497,0.27896848650288497,0.29780060706748523,FALSE,FALSE
2005-06-29,Weddell,1.36675898,0.2807910037875445,0.2807910037875445,0.29780060706748523,FALSE,FALSE
2005-06-30,Weddell,1.346467401,0.2542135327258426,0.2542135327258426,0.29780060706748523,FALSE,FALSE
2005-07-01,Weddell,1.334821468,0.23655586905725556,0.23655586905725556,0.29780060706748523,FALSE,FALSE
2005-07-02,Weddell,1.324921623,0.22089961252126056,0.22089961252126056,0.29780060706748523,FALSE,FALSE
2005-07-03,Weddell,1.315238828,0.20569688285733467,0.20569688285733467,0.29780060706748523,FALSE,FALSE
2005-07-04,Weddell,1.290908584,0.1760643388049532,0.1760643388049532,0.29780060706748523,FALSE,FALSE
2005-07-05,Weddell,1.28247155,0.16252379710359355,0.16252379710359355,0.29780060706748523,FALSE,FALSE
2005-07-06,Weddell,1.269037033,0.14416572249273307,0.14416572249273307,0.29780060706748523,FALSE,FALSE
2005-07-07,Weddell,1.241854331,0.11222057071184754,0.11222057071184754,0.29780060706748523,FALSE,FALSE
2005-07-08,Weddell,1.216918834,0.08266488950041295,0.08266488950041295,0.29780060706748523,FALSE,FALSE
2005-07-09,Weddell,1.186358578,0.04760788013312078,0.04760788013312078,0.29780060706748523,FALSE,FALSE
2005-07-10,Weddell,1.184738801,0.04159741144875695,0.04159741144875695,0.29780060706748523,FALSE,FALSE
2005-07-11,Weddell,1.226432841,0.07899265963568247,0.07899265963568247,0.29780060706748523,FALSE,FALSE
2005-07-12,Weddell,1.273385662,0.1217248513310547,0.1217248513310547,0.29780060706748523,FALSE,FALSE
2005-07-13,Weddell,1.291364678,0.1355476631720316,0.1355476631720316,0.29780060706748523,FALSE,FALSE
2005-07-14,Weddell,1.279519616,0.11959708479577014,0.11959708479577014,0.29780060706748523,FALSE,FALSE
2005-07-15,Weddell,1.286271845,0.12228074783942722,0.12228074783942722,0.29780060706748523,FALSE,FALSE
2005-07-16,Weddell,1.285386101,0.11734965094016105,0.11734965094016105,0.29780060706748523,FALSE,FALSE
2005-07-17,Weddell,1.264645131,0.09257280373512722,0.09257280373512722,0.29780060706748523,FALSE,FALSE
2005-07-18,Weddell,1.267333732,0.09122126586148573,0.09122126586148573,0.29780060706748523,FALSE,FALSE
2005-07-19,Weddell,1.251383812,0.07121320795639097,0.07121320795639097,0.29780060706748523,FALSE,FALSE
2005-07-20,Weddell,1.22558146,0.0413209816570026,0.0413209816570026,0.29780060706748523,FALSE,FALSE
2005-07-21,Weddell,1.208976899,0.02058107260047692,0.02058107260047692,0.29780060706748523,FALSE,FALSE
2005-07-22,Weddell,1.218336344,0.02574700187465639,0.02574700187465639,0.29780060706748523,FALSE,FALSE
2005-07-23,Weddell,1.268602452,0.0717631345843448,0.0717631345843448,0.29780060706748523,FALSE,FALSE
2005-07-24,Weddell,1.318003702,0.11687015603606143,0.11687015603606143,0.29780060706748523,FALSE,FALSE
2005-07-25,Weddell,1.309756662,0.10429707867639236,0.10429707867639236,0.29780060706748523,FALSE,FALSE
2005-07-26,Weddell,1.288281044,0.07847605895192378,0.07847605895192378,0.29780060706748523,FALSE,FALSE
2005-07-27,Weddell,1.30961613,0.09545882330923884,0.09545882330923884,0.29780060706748523,FALSE,FALSE
2005-07-28,Weddell,1.317545231,0.09904112719492476,0.09904112719492476,0.29780060706748523,FALSE,FALSE
2005-07-29,Weddell,1.379540819,0.15670788705556782,0.15670788705556782,0.29780060706748523,FALSE,FALSE
2005-07-30,Weddell,1.394401727,0.16727038033775177,0.16727038033775177,0.29780060706748523,FALSE,FALSE
2005-07-31,Weddell,1.380371389,0.14898448548806198,0.14898448548806198,0.29780060706748523,FALSE,FALSE
2005-08-01,Weddell,1.356812096,0.12122493795308564,0.12122493795308564,0.29780060706748523,FALSE,FALSE
2005-08-02,Weddell,1.372344795,0.13262512917940605,0.13262512917940605,0.29780060706748523,FALSE,FALSE
2005-08-03,Weddell,1.382103347,0.13833136448303662,0.13833136448303662,0.29780060706748523,FALSE,FALSE
2005-08-04,Weddell,1.385874594,0.13813940521450507,0.13813940521450507,0.29780060706748523,FALSE,FALSE
2005-08-05,Weddell,1.389993635,0.13838055381221823,0.13838055381221823,0.29780060706748523,FALSE,FALSE
2005-08-06,Weddell,1.369319445,0.11390712236244638,0.11390712236244638,0.29780060706748523,FALSE,FALSE
2005-08-07,Weddell,1.333121626,0.0739820499514583,0.0739820499514583,0.29780060706748523,FALSE,FALSE
2005-08-08,Weddell,1.346877136,0.0840756316655249,0.0840756316655249,0.29780060706748523,FALSE,FALSE
2005-08-09,Weddell,1.350750406,0.08434563559091446,0.08434563559091446,0.29780060706748523,FALSE,FALSE
2005-08-10,Weddell,1.386537556,0.11658151881389768,0.11658151881389768,0.29780060706748523,FALSE,FALSE
2005-08-11,Weddell,1.402696035,0.12923406742074395,0.12923406742074395,0.29780060706748523,FALSE,FALSE
2005-08-12,Weddell,1.402440766,0.1255115414977226,0.1255115414977226,0.29780060706748523,FALSE,FALSE
2005-08-13,Weddell,1.395221688,0.11485721713110486,0.11485721713110486,0.29780060706748523,FALSE,FALSE
2005-08-14,Weddell,1.382748997,0.09897462740715834,0.09897462740715834,0.29780060706748523,FALSE,FALSE
2005-08-15,Weddell,1.3873651870000001,0.1001996034121535,0.1001996034121535,0.29780060706748523,FALSE,FALSE
2005-08-16,Weddell,1.398908571,0.10836434418192575,0.10836434418192575,0.29780060706748523,FALSE,FALSE
2005-08-17,Weddell,1.454603478,0.16070338082267788,0.16070338082267788,0.29780060706748523,FALSE,FALSE
2005-08-18,Weddell,1.469980372,0.17277605446994593,0.17277605446994593,0.29780060706748523,FALSE,FALSE
2005-08-19,Weddell,1.460130328,0.1597033406991477,0.1597033406991477,0.29780060706748523,FALSE,FALSE
2005-08-20,Weddell,1.428004367,0.12446616108569986,0.12446616108569986,0.29780060706748523,FALSE,FALSE
2005-08-21,Weddell,1.387241681,0.08073360820501807,0.08073360820501807,0.29780060706748523,FALSE,FALSE
2005-08-22,Weddell,1.353240432,0.04393374463252209,0.04393374463252209,0.29780060706748523,FALSE,FALSE
2005-08-23,Weddell,1.329649488,0.01774533894362662,0.01774533894362662,0.29780060706748523,FALSE,FALSE
2005-08-24,Weddell,1.307106656,-0.00716390128624966,0.00716390128624966,0.29780060706748523,FALSE,FALSE
2005-08-25,Weddell,1.322634488,0.00625847651830913,0.00625847651830913,0.29780060706748523,FALSE,FALSE
2005-08-26,Weddell,1.342615044,0.02442443293272056,0.02442443293272056,0.29780060706748523,FALSE,FALSE
2005-08-27,Weddell,1.349965965,0.03028150953240205,0.03028150953240205,0.29780060706748523,FALSE,FALSE
2005-08-28,Weddell,1.338877279,0.01804963489277056,0.01804963489277056,0.29780060706748523,FALSE,FALSE
2005-08-29,Weddell,1.31578739,-0.00580856341677349,0.00580856341677349,0.29780060706748523,FALSE,FALSE
2005-08-30,Weddell,1.273786891,-0.04821277194357853,0.04821277194357853,0.29780060706748523,FALSE,FALSE
2005-08-31,Weddell,1.240393374,-0.08166864215510183,0.08166864215510183,0.29780060706748523,FALSE,FALSE
2005-09-01,Weddell,1.212017982,-0.10978829777181388,0.10978829777181388,0.29780060706748523,FALSE,FALSE
2005-09-02,Weddell,1.166779192,-0.15447652851418714,0.15447652851418714,0.29780060706748523,FALSE,FALSE
2005-09-03,Weddell,1.127790703,-0.1926429021026943,0.1926429021026943,0.29780060706748523,FALSE,FALSE
2005-09-04,Weddell,1.085818897,-0.23354430325780615,0.23354430325780615,0.29780060706748523,FALSE,FALSE
2005-09-05,Weddell,1.038220997,-0.27984677569999494,0.27984677569999494,0.29780060706748523,FALSE,FALSE
2005-09-06,Weddell,0.991729951,-0.3248406381497332,0.3248406381497332,0.29780060706748523,TRUE,TRUE
2005-09-07,Weddell,0.970221396,-0.34467352032749254,0.34467352032749254,0.29780060706748523,TRUE,TRUE
2005-09-08,Weddell,0.951349715,-0.361714305953745,0.361714305953745,0.29780060706748523,TRUE,TRUE
2005-09-09,Weddell,0.941863715,-0.36923745474896186,0.36923745474896186,0.29780060706748523,TRUE,TRUE
2005-09-10,Weddell,0.931326023,-0.3777034944684159,0.3777034944684159,0.29780060706748523,TRUE,TRUE
2005-09-11,Weddell,0.8974528,-0.4094087898272155,0.4094087898272155,0.29780060706748523,TRUE,TRUE
2005-09-12,Weddell,0.852502188,-0.4520884901436718,0.4520884901436718,0.29780060706748523,TRUE,TRUE
2005-09-13,Weddell,0.831783616,-0.470424432521796,0.470424432521796,0.29780060706748523,TRUE,TRUE
2005-09-14,Weddell,0.820132215,-0.4795727520655989,0.4795727520655989,0.29780060706748523,TRUE,TRUE
2005-09-15,Weddell,0.822052925,-0.47501977487909486,0.47501977487909486,0.29780060706748523,TRUE,TRUE
2005-09-16,Weddell,0.817052981,-0.47724953206629395,0.47724953206629395,0.29780060706748523,TRUE,TRUE
2005-09-17,Weddell,0.877339698,-0.4140459747312085,0.4140459747312085,0.29780060706748523,TRUE,TRUE
2005-09-18,Weddell,0.947899991,-0.3404134539778513,0.3404134539778513,0.29780060706748523,TRUE,TRUE
2005-09-19,Weddell,1.01527992,-0.26979717591023333,0.26979717591023333,0.29780060706748523,FALSE,FALSE
2005-09-20,Weddell,1.0162190740000001,-0.26544881763236683,0.26544881763236683,0.29780060706748523,FALSE,FALSE
2005-09-21,Weddell,1.048221475,-0.2298556232482636,0.2298556232482636,0.29780060706748523,FALSE,FALSE
2005-09-22,Weddell,1.052461845,-0.22183413686193632,0.22183413686193632,0.29780060706748523,FALSE,FALSE
2005-09-23,Weddell,1.000193193,-0.27012477852309735,0.27012477852309735,0.29780060706748523,FALSE,FALSE
2005-09-24,Weddell,0.97896451,-0.28719514304850535,0.28719514304850535,0.29780060706748523,FALSE,FALSE
2005-09-25,Weddell,0.998393016,-0.2634586435057752,0.2634586435057752,0.29780060706748523,FALSE,FALSE
2005-09-26,Weddell,1.021481772,-0.23594304906094843,0.23594304906094843,0.29780060706748523,FALSE,FALSE
2005-09-27,Weddell,1.00198223,-0.2509277378800665,0.2509277378800665,0.29780060706748523,FALSE,FALSE
2005-09-28,Weddell,1.030269152,-0.2180687781291728,0.2180687781291728,0.29780060706748523,FALSE,FALSE
2005-09-29,Weddell,1.022977911,-0.2207616269743078,0.2207616269743078,0.29780060706748523,FALSE,FALSE
2005-09-30,Weddell,0.947411845,-0.29173377658151356,0.29173377658151356,0.29780060706748523,FALSE,FALSE
2005-10-01,Weddell,0.883769843,-0.35081716811683195,0.35081716811683195,0.29780060706748523,TRUE,TRUE
2005-10-02,Weddell,0.827747103,-0.4023474337463048,0.4023474337463048,0.29780060706748523,TRUE,TRUE
2005-10-03,Weddell,0.770523491,-0.4551755376359739,0.4551755376359739,0.29780060706748523,TRUE,TRUE
2005-10-04,Weddell,0.737665473,-0.4837658439518822,0.4837658439518822,0.29780060706748523,TRUE,TRUE
2005-10-05,Weddell,0.728578873,-0.48874334897991933,0.48874334897991933,0.29780060706748523,TRUE,TRUE
2005-10-06,Weddell,0.822669963,-0.3907206496835908,0.3907206496835908,0.29780060706748523,TRUE,TRUE
2005-10-07,Weddell,0.863556056,-0.3460641466224479,0.3460641466224479,0.29780060706748523,TRUE,TRUE
2005-10-08,Weddell,0.92584543,-0.2801428437442127,0.2801428437442127,0.29780060706748523,FALSE,FALSE
2005-10-09,Weddell,0.967682934,-0.23478917399661112,0.23478917399661112,0.29780060706748523,FALSE,FALSE
2005-10-10,Weddell,1.035538383,-0.16351060432736508,0.16351060432736508,0.29780060706748523,FALSE,FALSE
2005-10-11,Weddell,1.066057579,-0.12963861468420013,0.12963861468420013,0.29780060706748523,FALSE,FALSE
2005-10-12,Weddell,1.103669218,-0.08872179101483813,0.08872179101483813,0.29780060706748523,FALSE,FALSE
2005-10-13,Weddell,1.093685864,-0.09542485126700462,0.09542485126700462,0.29780060706748523,FALSE,FALSE
2005-10-14,Weddell,1.052634972,-0.1331976223884217,0.1331976223884217,0.29780060706748523,FALSE,FALSE
2005-10-15,Weddell,1.003625406,-0.17890852232681365,0.17890852232681365,0.29780060706748523,FALSE,FALSE
2005-10-16,Weddell,0.968885027,-0.21030697202990423,0.21030697202990423,0.29780060706748523,FALSE,FALSE
2005-10-17,Weddell,0.948261337,-0.22752275144541867,0.22752275144541867,0.29780060706748523,FALSE,FALSE
2005-10-18,Weddell,0.946480908,-0.22580701379831047,0.22580701379831047,0.29780060706748523,FALSE,FALSE
2005-10-19,Weddell,0.920159417,-0.2485312223906062,0.2485312223906062,0.29780060706748523,FALSE,FALSE
2005-10-20,Weddell,0.884640984,-0.28034739848195955,0.28034739848195955,0.29780060706748523,FALSE,FALSE
2005-10-21,Weddell,0.851405793,-0.3097718597328315,0.3097718597328315,0.29780060706748523,TRUE,TRUE
2005-10-22,Weddell,0.806977759,-0.35027719280368363,0.35027719280368363,0.29780060706748523,TRUE,TRUE
2005-10-23,Weddell,0.777305141,-0.3759116403549776,0.3759116403549776,0.29780060706748523,TRUE,TRUE
2005-10-24,Weddell,0.750180367,-0.39887927604717355,0.39887927604717355,0.29780060706748523,TRUE,TRUE
2005-10-25,Weddell,0.720436122,-0.42434391654073345,0.42434391654073345,0.29780060706748523,TRUE,TRUE
2005-10-26,Weddell,0.6981058,-0.4422686694961184,0.4422686694961184,0.29780060706748523,TRUE,TRUE
2005-10-27,Weddell,0.67517004,-0.46066939757379033,0.46066939757379033,0.29780060706748523,TRUE,TRUE
2005-10-28,Weddell,0.660888799,-0.4702826454342085,0.4702826454342085,0.29780060706748523,TRUE,TRUE
2005-10-29,Weddell,0.643485781,-0.4828812107378363,0.4828812107378363,0.29780060706748523,TRUE,TRUE
2005-10-30,Weddell,0.631190144,-0.4902324371451342,0.4902324371451342,0.29780060706748523,TRUE,TRUE
2005-10-31,Weddell,0.635553,-0.4807823674591456,0.4807823674591456,0.29780060706748523,TRUE,TRUE
2005-11-01,Weddell,0.645525457,-0.4655802633925292,0.4655802633925292,0.29780060706748523,TRUE,TRUE
2005-11-02,Weddell,0.646756752,-0.45897824515324903,0.45897824515324903,0.29780060706748523,TRUE,TRUE
2005-11-03,Weddell,0.636257067,-0.463967488214735,0.463967488214735,0.29780060706748523,TRUE,TRUE
2005-11-04,Weddell,0.635016859,-0.4595588930504153,0.4595588930504153,0.29780060706748523,TRUE,TRUE
2005-11-05,Weddell,0.636902574,-0.4518873711337203,0.4518873711337203,0.29780060706748523,TRUE,TRUE
2005-11-06,Weddell,0.640593288,-0.44227520393807707,0.44227520393807707,0.29780060706748523,TRUE,TRUE
2005-11-07,Weddell,0.618875248,-0.4579375019369169,0.4579375019369169,0.29780060706748523,TRUE,TRUE
2005-11-08,Weddell,0.593381586,-0.4772424906036677,0.4772424906036677,0.29780060706748523,TRUE,TRUE
2005-11-09,Weddell,0.584049614,-0.48025421541175906,0.48025421541175906,0.29780060706748523,TRUE,TRUE
2005-11-10,Weddell,0.579146273,-0.4787070928346199,0.4787070928346199,0.29780060706748523,TRUE,TRUE
2005-11-11,Weddell,0.584747943,-0.46652610034567865,0.46652610034567865,0.29780060706748523,TRUE,TRUE
2005-11-12,Weddell,0.586610655,-0.45795646847780647,0.45795646847780647,0.29780060706748523,TRUE,TRUE
2005-11-13,Weddell,0.588404001,-0.4493245594280546,0.4493245594280546,0.29780060706748523,TRUE,TRUE
2005-11-14,Weddell,0.577183355,-0.453562975360302,0.453562975360302,0.29780060706748523,TRUE,TRUE
2005-11-15,Weddell,0.563486444,-0.4601213073821293,0.4601213073821293,0.29780060706748523,TRUE,TRUE
2005-11-16,Weddell,0.557249031,-0.4590511106011166,0.4590511106011166,0.29780060706748523,TRUE,TRUE
2005-11-17,Weddell,0.559820373,-0.4489904461248435,0.4489904461248435,0.29780060706748523,TRUE,TRUE
2005-11-18,Weddell,0.572324765,-0.42880233706089055,0.42880233706089055,0.29780060706748523,TRUE,TRUE
2005-11-19,Weddell,0.567358942,-0.42587736651683794,0.42587736651683794,0.29780060706748523,TRUE,TRUE
2005-11-20,Weddell,0.574195633,-0.4109301236002657,0.4109301236002657,0.29780060706748523,TRUE,TRUE
2005-11-21,Weddell,0.574835209,-0.4019475554187544,0.4019475554187544,0.29780060706748523,TRUE,TRUE
2005-11-22,Weddell,0.586658554,-0.3815360960798837,0.3815360960798837,0.29780060706748523,TRUE,TRUE
2005-11-23,Weddell,0.597855425,-0.3614933066912339,0.3614933066912339,0.29780060706748523,TRUE,TRUE
2005-11-24,Weddell,0.605910275,-0.34432205236038527,0.34432205236038527,0.29780060706748523,TRUE,TRUE
2005-11-25,Weddell,0.612088717,-0.32874642280118227,0.32874642280118227,0.29780060706748523,TRUE,TRUE
2005-11-26,Weddell,0.627649617,-0.3035174233277308,0.3035174233277308,0.29780060706748523,TRUE,TRUE
2005-11-27,Weddell,0.635138756,-0.28610928554922066,0.28610928554922066,0.29780060706748523,FALSE,FALSE
2005-11-28,Weddell,0.63574614,-0.2753520928892651,0.2753520928892651,0.29780060706748523,FALSE,FALSE
2005-11-29,Weddell,0.630764837,-0.2699728667714748,0.2699728667714748,0.29780060706748523,FALSE,FALSE
2005-11-30,Weddell,0.633948236,-0.2562383076194613,0.2562383076194613,0.29780060706748523,FALSE,FALSE
2005-12-01,Weddell,0.652521391,-0.22694345085683731,0.22694345085683731,0.29780060706748523,FALSE,FALSE
2005-12-02,Weddell,0.673629331,-0.19496335690721425,0.19496335690721425,0.29780060706748523,FALSE,FALSE
2005-12-03,Weddell,0.679793682,-0.17779648919420332,0.17779648919420332,0.29780060706748523,FALSE,FALSE
2005-12-04,Weddell,0.681555215,-0.16492216614141697,0.16492216614141697,0.29780060706748523,FALSE,FALSE
2005-12-05,Weddell,0.666501558,-0.16877284917246693,0.16877284917246693,0.29780060706748523,FALSE,FALSE
2005-12-06,Weddell,0.651575522,-0.17242581671096424,0.17242581671096424,0.29780060706748523,FALSE,FALSE
2005-12-07,Weddell,0.625490328,-0.18718793496208297,0.18718793496208297,0.29780060706748523,FALSE,FALSE
2005-12-08,Weddell,0.609923666,-0.19140091245675317,0.19140091245675317,0.29780060706748523,FALSE,FALSE
2005-12-09,Weddell,0.597464123,-0.19249389989649612,0.19249389989649612,0.29780060706748523,FALSE,FALSE
2005-12-10,Weddell,0.576957042,-0.2016390466413046,0.2016390466413046,0.29780060706748523,FALSE,FALSE
2005-12-11,Weddell,0.575021383,-0.1922348850511688,0.1922348850511688,0.29780060706748523,FALSE,FALSE
2005-12-12,Weddell,0.57133582,-0.1846202334860808,0.1846202334860808,0.29780060706748523,FALSE,FALSE
2005-12-13,Weddell,0.566481801,-0.1782311363060327,0.1782311363060327,0.29780060706748523,FALSE,FALSE
2005-12-14,Weddell,0.559126801,-0.17441761087101537,0.17441761087101537,0.29780060706748523,FALSE,FALSE
2005-12-15,Weddell,0.561620271,-0.16084769854102057,0.16084769854102057,0.29780060706748523,FALSE,FALSE
2005-12-16,Weddell,0.567917126,-0.14358397667604006,0.14358397667604006,0.29780060706748523,FALSE,FALSE
2005-12-17,Weddell,0.570947672,-0.1297136316360653,0.1297136316360653,0.29780060706748523,FALSE,FALSE
2005-12-18,Weddell,0.571383392,-0.11858267278108749,0.11858267278108749,0.29780060706748523,FALSE,FALSE
2005-12-19,Weddell,0.565142158,-0.1142907204710989,0.1142907204710989,0.29780060706748523,FALSE,FALSE
2005-12-20,Weddell,0.557628194,-0.11145045795367026,0.11145045795367026,0.29780060706748523,FALSE,FALSE
2005-12-21,Weddell,0.550757164,-0.10815387672118226,0.10815387672118226,0.29780060706748523,FALSE,FALSE
2005-12-22,Weddell,0.54327111,-0.105659205320756,0.105659205320756,0.29780060706748523,FALSE,FALSE
2005-12-23,Weddell,0.53707623,-0.10206031050381292,0.10206031050381292,0.29780060706748523,FALSE,FALSE
2005-12-24,Weddell,0.530212891,-0.09931689002177646,0.09931689002177646,0.29780060706748523,FALSE,FALSE
2005-12-25,Weddell,0.513569111,-0.10654099062606848,0.10654099062606848,0.29780060706748523,FALSE,FALSE
2005-12-26,Weddell,0.519389887,-0.09148768006811304,0.09148768006811304,0.29780060706748523,FALSE,FALSE
2005-12-27,Weddell,0.522026108,-0.0798061340993318,0.0798061340993318,0.29780060706748523,FALSE,FALSE
2005-12-28,Weddell,0.515865101,-0.07710909047114678,0.07710909047114678,0.29780060706748523,FALSE,FALSE
2005-12-29,Weddell,0.50839756,-0.075905919934981525,0.075905919934981525,0.29780060706748523,FALSE,FALSE
2005-12-30,Weddell,0.498479389,-0.07734078324225957,0.07734078324225957,0.29780060706748523,FALSE,FALSE
2005-12-31,Weddell,0.488538968,-0.07898536514440141,0.07898536514440141,0.29780060706748523,FALSE,FALSE
2006-01-01,Weddell,0.484162083,-0.07525394439283056,0.07525394439283056,0.29780060706748523,FALSE,FALSE
2006-01-02,Weddell,0.477902354,-0.07359161287456656,0.07359161287456656,0.29780060706748523,FALSE,FALSE
2006-01-03,Weddell,0.467920079,-0.07583137301901066,0.07583137301901066,0.29780060706748523,FALSE,FALSE
2006-01-04,Weddell,0.467925417,-0.06825501339116236,0.06825501339116236,0.29780060706748523,FALSE,FALSE
2006-01-05,Weddell,0.469202922,-0.05956992755601809,0.05956992755601809,0.29780060706748523,FALSE,FALSE
2006-01-06,Weddell,0.477918109,-0.0436025480785791,0.0436025480785791,0.29780060706748523,FALSE,FALSE
2006-01-07,Weddell,0.486002783,-0.0284130175238414,0.0284130175238414,0.29780060706748523,FALSE,FALSE
2006-01-08,Weddell,0.495964905,-0.01148532245680411,0.01148532245680411,0.29780060706748523,FALSE,FALSE
2006-01-09,Weddell,0.513430989,0.01281510355753279,0.01281510355753279,0.29780060706748523,FALSE,FALSE
2006-01-10,Weddell,0.519018521,0.02511379895417354,0.02511379895417354,0.29780060706748523,FALSE,FALSE
2006-01-11,Weddell,0.520857801,0.03354911616811767,0.03354911616811767,0.29780060706748523,FALSE,FALSE
2006-01-12,Weddell,0.518344673,0.0375249516343682,0.0375249516343682,0.29780060706748523,FALSE,FALSE
2006-01-13,Weddell,0.516509072,0.04207929278792549,0.04207929278792549,0.29780060706748523,FALSE,FALSE
2006-01-14,Weddell,0.516521071,0.04839028150633351,0.04839028150633351,0.29780060706748523,FALSE,FALSE
2006-01-15,Weddell,0.515233659,0.05331956570507162,0.05331956570507162,0.29780060706748523,FALSE,FALSE
2006-01-16,Weddell,0.502742158,0.04697186549082061,0.04697186549082061,0.29780060706748523,FALSE,FALSE
2006-01-17,Weddell,0.489132018,0.03944207571922198,0.03944207571922198,0.29780060706748523,FALSE,FALSE
2006-01-18,Weddell,0.492867637,0.04920403924591765,0.04920403924591765,0.29780060706748523,FALSE,FALSE
2006-01-19,Weddell,0.492849117,0.0551673029265492,0.0551673029265492,0.29780060706748523,FALSE,FALSE
2006-01-20,Weddell,0.478432104,0.04669695761675929,0.04669695761675929,0.29780060706748523,FALSE,FALSE
2006-01-21,Weddell,0.464155471,0.03834132117218908,0.03834132117218908,0.29780060706748523,FALSE,FALSE
2006-01-22,Weddell,0.446644754,0.02673537444848101,0.02673537444848101,0.29780060706748523,FALSE,FALSE
2006-01-23,Weddell,0.445431552,0.0314201613012765,0.0314201613012765,0.29780060706748523,FALSE,FALSE
2006-01-24,Weddell,0.442316355,0.0342056165862179,0.0342056165862179,0.29780060706748523,FALSE,FALSE
2006-01-25,Weddell,0.44489428,0.0426963021589466,0.0426963021589466,0.29780060706748523,FALSE,FALSE
2006-01-26,Weddell,0.444899945,0.04863628087510568,0.04863628087510568,0.29780060706748523,FALSE,FALSE
2006-01-27,Weddell,0.444294949,0.05399392443340789,0.05399392443340789,0.29780060706748523,FALSE,FALSE
2006-01-28,Weddell,0.440483434,0.05616205847603833,0.05616205847603833,0.29780060706748523,FALSE,FALSE
2006-01-29,Weddell,0.439823113,0.0614795788944994,0.0614795788944994,0.29780060706748523,FALSE,FALSE
2006-01-30,Weddell,0.43355925,0.06117290841799489,0.06117290841799489,0.29780060706748523,FALSE,FALSE
2006-01-31,Weddell,0.425430204,0.058961564775729,0.058961564775729,0.29780060706748523,FALSE,FALSE
2006-02-01,Weddell,0.422280296,0.06167102769690508,0.06167102769690508,0.29780060706748523,FALSE,FALSE
2006-02-02,Weddell,0.421050307,0.06622323691072757,0.06622323691072757,0.29780060706748523,FALSE,FALSE
2006-02-03,Weddell,0.423503613,0.07436272714640008,0.07436272714640008,0.29780060706748523,FALSE,FALSE
2006-02-04,Weddell,0.423435951,0.0798663941331264,0.0798663941331264,0.29780060706748523,FALSE,FALSE
2006-02-05,Weddell,0.42282004,0.08468811560011091,0.08468811560011091,0.29780060706748523,FALSE,FALSE
2006-02-06,Weddell,0.406618655,0.07377182527655707,0.07377182527655707,0.29780060706748523,FALSE,FALSE
2006-02-07,Weddell,0.392959963,0.0652268488916688,0.0652268488916688,0.29780060706748523,FALSE,FALSE
2006-02-08,Weddell,0.391093703,0.06828410849487293,0.06828410849487293,0.29780060706748523,FALSE,FALSE
2006-02-09,Weddell,0.382329638,0.06423776097224043,0.06423776097224043,0.29780060706748523,FALSE,FALSE
2006-02-10,Weddell,0.369831527,0.05624234479277218,0.05624234479277218,0.29780060706748523,FALSE,FALSE
2006-02-11,Weddell,0.366728842,0.05741886641594124,0.05741886641594124,0.29780060706748523,FALSE,FALSE
2006-02-12,Weddell,0.36668216,0.06141943730122201,0.06141943730122201,0.29780060706748523,FALSE,FALSE
2006-02-13,Weddell,0.366038691,0.06458280190808785,0.06458280190808785,0.29780060706748523,FALSE,FALSE
2006-02-14,Weddell,0.368569375,0.07067143469601267,0.07067143469601267,0.29780060706748523,FALSE,FALSE
2006-02-15,Weddell,0.363558086,0.06896074412447023,0.06896074412447023,0.29780060706748523,FALSE,FALSE
2006-02-16,Weddell,0.357904984,0.066342424652934,0.066342424652934,0.29780060706748523,FALSE,FALSE
2006-02-17,Weddell,0.355340779,0.06653872074087808,0.06653872074087808,0.29780060706748523,FALSE,FALSE
2006-02-18,Weddell,0.363479336,0.07715503184777561,0.07715503184777561,0.29780060706748523,FALSE,FALSE
2006-02-19,Weddell,0.371659616,0.0875218534331007,0.0875218534331007,0.29780060706748523,FALSE,FALSE
2006-02-20,Weddell,0.387984807,0.10573390795632732,0.10573390795632732,0.29780060706748523,FALSE,FALSE
2006-02-21,Weddell,0.389798012,0.10912630529756616,0.10912630529756616,0.29780060706748523,FALSE,FALSE
2006-02-22,Weddell,0.383558544,0.10415609279144544,0.10415609279144544,0.29780060706748523,FALSE,FALSE
2006-02-23,Weddell,0.374788842,0.09634725392527566,0.09634725392527566,0.29780060706748523,FALSE,FALSE
2006-02-24,Weddell,0.355962007,0.07817450306238877,0.07817450306238877,0.29780060706748523,FALSE,FALSE
2006-02-25,Weddell,0.347833874,0.07039528856611715,0.07039528856611715,0.29780060706748523,FALSE,FALSE
2006-02-26,Weddell,0.346595367,0.06920214779979317,0.06920214779979317,0.29780060706748523,FALSE,FALSE
2006-02-27,Weddell,0.348448261,0.07079846912674953,0.07079846912674953,0.29780060706748523,FALSE,FALSE
2006-02-28,Weddell,0.344662705,0.0664560149103185,0.0664560149103185,0.29780060706748523,FALSE,FALSE
2006-03-01,Weddell,0.347147647,0.06808534651383208,0.06808534651383208,0.29780060706748523,FALSE,FALSE
2006-03-02,Weddell,0.352792847,0.07257783730062312,0.07257783730062312,0.29780060706748523,FALSE,FALSE
2006-03-03,Weddell,0.351549197,0.06988599263402379,0.06988599263402379,0.29780060706748523,FALSE,FALSE
2006-03-04,Weddell,0.349693605,0.06628833387736682,0.06628833387736682,0.29780060706748523,FALSE,FALSE
2006-03-05,Weddell,0.354054526,0.06861493026607651,0.06861493026607651,0.29780060706748523,FALSE,FALSE
2006-03-06,Weddell,0.353448547,0.06568722710903402,0.06568722710903402,0.29780060706748523,FALSE,FALSE
2006-03-07,Weddell,0.359124568,0.06876954418602954,0.06876954418602954,0.29780060706748523,FALSE,FALSE
2006-03-08,Weddell,0.362867361,0.06966421895036023,0.06966421895036023,0.29780060706748523,FALSE,FALSE
2006-03-09,Weddell,0.369101857,0.07281374785532185,0.07281374785532185,0.29780060706748523,FALSE,FALSE
2006-03-10,Weddell,0.370461544,0.07086918435421002,0.07086918435421002,0.29780060706748523,FALSE,FALSE
2006-03-11,Weddell,0.366730107,0.06363177890032173,0.06363177890032173,0.29780060706748523,FALSE,FALSE
2006-03-12,Weddell,0.378641537,0.07185308794695305,0.07185308794695305,0.29780060706748523,FALSE,FALSE
2006-03-13,Weddell,0.379889268,0.06924411094739952,0.06924411094739952,0.29780060706748523,FALSE,FALSE
2006-03-14,Weddell,0.369863011,0.05521212435495792,0.05521212435495792,0.29780060706748523,FALSE,FALSE
2006-03-15,Weddell,0.372990587,0.05420251462292419,0.05420251462292419,0.29780060706748523,FALSE,FALSE
2006-03-16,Weddell,0.368034731,0.04499558220459443,0.04499558220459443,0.29780060706748523,FALSE,FALSE
2006-03-17,Weddell,0.379958846,0.05257229555326492,0.05257229555326492,0.29780060706748523,FALSE,FALSE
2006-03-18,Weddell,0.400617922,0.06880493135734767,0.06880493135734767,0.29780060706748523,FALSE,FALSE
2006-03-19,Weddell,0.406212404,0.069904259192891,0.069904259192891,0.29780060706748523,FALSE,FALSE
2006-03-20,Weddell,0.402469575,0.06160060420810304,0.06160060420810304,0.29780060706748523,FALSE,FALSE
2006-03-21,Weddell,0.383769702,0.03827693268257248,0.03827693268257248,0.29780060706748523,FALSE,FALSE
2006-03-22,Weddell,0.394473575,0.04429673389588878,0.04429673389588878,0.29780060706748523,FALSE,FALSE
2006-03-23,Weddell,0.400095397,0.04517691012764113,0.04517691012764113,0.29780060706748523,FALSE,FALSE
2006-03-24,Weddell,0.399423702,0.03970869465741905,0.03970869465741905,0.29780060706748523,FALSE,FALSE
2006-03-25,Weddell,0.39066426,0.02610055676481204,0.02610055676481204,0.29780060706748523,FALSE,FALSE
2006-03-26,Weddell,0.381272406,0.01181053072940874,0.01181053072940874,0.29780060706748523,FALSE,FALSE
2006-03-27,Weddell,0.381908456,0.00750163183079866,0.00750163183079866,0.29780060706748523,FALSE,FALSE
2006-03-28,Weddell,0.380016616,6.207653485712505e-4,6.207653485712505e-4,0.29780060706748523,FALSE,FALSE
2006-03-29,Weddell,0.385663808,0.00123755256231611,0.00123755256231611,0.29780060706748523,FALSE,FALSE
2006-03-30,Weddell,0.392550644,0.00305530475162196,0.00305530475162196,0.29780060706748523,FALSE,FALSE
2006-03-31,Weddell,0.39693681200000003,0.00233475800839766,0.00233475800839766,0.29780060706748523,FALSE,FALSE
2006-04-01,Weddell,0.394455777,-0.00529860002217408,0.00529860002217408,0.29780060706748523,FALSE,FALSE
2006-04-02,Weddell,0.389423893,-0.01553946095786357,0.01553946095786357,0.29780060706748523,FALSE,FALSE
2006-04-03,Weddell,0.390677357,-0.01956267595297184,0.01956267595297184,0.29780060706748523,FALSE,FALSE
2006-04-04,Weddell,0.383132389,-0.03246307316179986,0.03246307316179986,0.29780060706748523,FALSE,FALSE
2006-04-05,Weddell,0.374413962,-0.04662672773864884,0.04662672773864884,0.29780060706748523,FALSE,FALSE
2006-04-06,Weddell,0.375030606,-0.05155615783781853,0.05155615783781853,0.29780060706748523,FALSE,FALSE
2006-04-07,Weddell,0.382535458,-0.04970927461361107,0.04970927461361107,0.29780060706748523,FALSE,FALSE
2006-04-08,Weddell,0.402589565,-0.03543607922032649,0.03543607922032649,0.29780060706748523,FALSE,FALSE
2006-04-09,Weddell,0.418248545,-0.02569200181226649,0.02569200181226649,0.29780060706748523,FALSE,FALSE
2006-04-10,Weddell,0.430711453,-0.01928903554373118,0.01928903554373118,0.29780060706748523,FALSE,FALSE
2006-04-11,Weddell,0.4344695,-0.02174701756902258,0.02174701756902258,0.29780060706748523,FALSE,FALSE
2006-04-12,Weddell,0.443231763,-0.01936775233982568,0.01936775233982568,0.29780060706748523,FALSE,FALSE
2006-04-13,Weddell,0.446979133,-0.02216934937360465,0.02216934937360465,0.29780060706748523,FALSE,FALSE
2006-04-14,Weddell,0.457602842,-0.01823999157431971,0.01823999157431971,0.29780060706748523,FALSE,FALSE
2006-04-15,Weddell,0.478227398,-0.00443275646195495,0.00443275646195495,0.29780060706748523,FALSE,FALSE
2006-04-16,Weddell,0.475766871,-0.01381115955649597,0.01381115955649597,0.29780060706748523,FALSE,FALSE
2006-04-17,Weddell,0.495110916,-0.00146313137792764,0.00146313137792764,0.29780060706748523,FALSE,FALSE
2006-04-18,Weddell,0.526256827,0.02263103655376519,0.02263103655376519,0.29780060706748523,FALSE,FALSE
2006-04-19,Weddell,0.546148552,0.03543770671859736,0.03543770671859736,0.29780060706748523,FALSE,FALSE
2006-04-20,Weddell,0.534304062,0.01649726459658385,0.01649726459658385,0.29780060706748523,FALSE,FALSE
2006-04-21,Weddell,0.507537989,-0.0173532433322604,0.0173532433322604,0.29780060706748523,FALSE,FALSE
2006-04-22,Weddell,0.480730751,-0.05121098458792056,0.05121098458792056,0.29780060706748523,FALSE,FALSE
2006-04-23,Weddell,0.447014688,-0.09192120469038134,0.09192120469038134,0.29780060706748523,FALSE,FALSE
2006-04-24,Weddell,0.428870086,-0.11698120315962834,0.11698120315962834,0.29780060706748523,FALSE,FALSE
2006-04-25,Weddell,0.420173192,-0.13249433591957654,0.13249433591957654,0.29780060706748523,FALSE,FALSE
2006-04-26,Weddell,0.422679725,-0.13670364711227462,0.13670364711227462,0.29780060706748523,FALSE,FALSE
2006-04-27,Weddell,0.420805488,-0.14520268492836802,0.14520268492836802,0.29780060706748523,FALSE,FALSE
2006-04-28,Weddell,0.40829432,-0.16425707309190085,0.16425707309190085,0.29780060706748523,FALSE,FALSE
2006-04-29,Weddell,0.380756469,-0.19826602632691764,0.19826602632691764,0.29780060706748523,FALSE,FALSE
2006-04-30,Weddell,0.364448475,-0.2209824673574633,0.2209824673574633,0.29780060706748523,FALSE,FALSE
2006-05-01,Weddell,0.373227573,-0.21855862390758185,0.21855862390758185,0.29780060706748523,FALSE,FALSE
2006-05-02,Weddell,0.405774715,-0.1923230067013179,0.1923230067013179,0.29780060706748523,FALSE,FALSE
2006-05-03,Weddell,0.433949491,-0.17042548846271555,0.17042548846271555,0.29780060706748523,FALSE,FALSE
2006-05-04,Weddell,0.490157648,-0.12046978491581944,0.12046978491581944,0.29780060706748523,FALSE,FALSE
2006-05-05,Weddell,0.502635981,-0.11422856378467472,0.11422856378467472,0.29780060706748523,FALSE,FALSE
2006-05-06,Weddell,0.535671223,-0.087424554793325,0.087424554793325,0.29780060706748523,FALSE,FALSE
2006-05-07,Weddell,0.561158426,-0.06817217649439244,0.06817217649439244,0.29780060706748523,FALSE,FALSE
2006-05-08,Weddell,0.571078892,-0.06450396199481667,0.06450396199481667,0.29780060706748523,FALSE,FALSE
2006-05-09,Weddell,0.558631695,-0.08324628854279303,0.08324628854279303,0.29780060706748523,FALSE,FALSE
2006-05-10,Weddell,0.563006185,-0.08523716866033737,0.08523716866033737,0.29780060706748523,FALSE,FALSE
2006-05-11,Weddell,0.568578694,-0.08612763286946701,0.08612763286946701,0.29780060706748523,FALSE,FALSE
2006-05-12,Weddell,0.599020128,-0.06227413769219725,0.06227413769219725,0.29780060706748523,FALSE,FALSE
2006-05-13,Weddell,0.643030881,-0.02500365165054607,0.02500365165054607,0.29780060706748523,FALSE,FALSE
2006-05-14,Weddell,0.687021165,0.01206667473347078,0.01206667473347078,0.29780060706748523,FALSE,FALSE
2006-05-15,Weddell,0.727824372,0.04574287093783713,0.04574287093783713,0.29780060706748523,FALSE,FALSE
2006-05-16,Weddell,0.742020821,0.05257789344053598,0.05257789344053598,0.29780060706748523,FALSE,FALSE
2006-05-17,Weddell,0.748218451,0.05115231871955139,0.05115231871955139,0.29780060706748523,FALSE,FALSE
2006-05-18,Weddell,0.756877954,0.05189947625286661,0.05189947625286661,0.29780060706748523,FALSE,FALSE
2006-05-19,Weddell,0.783413764,0.07020643751846523,0.07020643751846523,0.29780060706748523,FALSE,FALSE
2006-05-20,Weddell,0.800025438,0.07824727665747289,0.07824727665747289,0.29780060706748523,FALSE,FALSE
2006-05-21,Weddell,0.785818135,0.05513596861543335,0.05513596861543335,0.29780060706748523,FALSE,FALSE
2006-05-22,Weddell,0.76235674,0.02247618064726075,0.02247618064726075,0.29780060706748523,FALSE,FALSE
2006-05-23,Weddell,0.746965177,-0.00236837278414392,0.00236837278414392,0.29780060706748523,FALSE,FALSE
2006-05-24,Weddell,0.763651433,0.00465008578412218,0.00465008578412218,0.29780060706748523,FALSE,FALSE
2006-05-25,Weddell,0.772237341,0.00339317981496123,0.00339317981496123,0.29780060706748523,FALSE,FALSE
2006-05-26,Weddell,0.758035759,-0.02078644222872516,0.02078644222872516,0.29780060706748523,FALSE,FALSE
2006-05-27,Weddell,0.717850168,-0.07104550888403438,0.07104550888403438,0.29780060706748523,FALSE,FALSE
2006-05-28,Weddell,0.657104099,-0.1419206986880649,0.1419206986880649,0.29780060706748523,FALSE,FALSE
2006-05-29,Weddell,0.639103805,-0.17006596817791364,0.17006596817791364,0.29780060706748523,FALSE,FALSE
2006-05-30,Weddell,0.660133317,-0.1591574958906793,0.1591574958906793,0.29780060706748523,FALSE,FALSE
2006-05-31,Weddell,0.644566609,-0.18478151736345927,0.18478151736345927,0.29780060706748523,FALSE,FALSE
2006-06-01,Weddell,0.624051809,-0.21525011413335185,0.21525011413335185,0.29780060706748523,FALSE,FALSE
2006-06-02,Weddell,0.578631272,-0.2704893294169507,0.2704893294169507,0.29780060706748523,FALSE,FALSE
2006-06-03,Weddell,0.55557601,-0.303232876624398,0.303232876624398,0.29780060706748523,TRUE,FALSE
2006-06-04,Weddell,0.557451365,-0.31093020939140437,0.31093020939140437,0.29780060706748523,TRUE,FALSE
2006-06-05,Weddell,0.546926951,-0.33092650972670623,0.33092650972670623,0.29780060706748523,TRUE,FALSE
2006-06-06,Weddell,0.589579797,-0.2976595446390419,0.2976595446390419,0.29780060706748523,FALSE,FALSE
2006-06-07,Weddell,0.727576692,-0.1689773211371467,0.1689773211371467,0.29780060706748523,FALSE,FALSE
2006-06-08,Weddell,0.813581528,-0.09223074322975944,0.09223074322975944,0.29780060706748523,FALSE,FALSE
2006-06-09,Weddell,0.846849879,-0.06817903292561633,0.06817903292561633,0.29780060706748523,FALSE,FALSE
2006-06-10,Weddell,0.846813925,-0.0774048062334548,0.0774048062334548,0.29780060706748523,FALSE,FALSE
2006-06-11,Weddell,0.846732885,-0.08666364016201089,0.08666364016201089,0.29780060706748523,FALSE,FALSE
2006-06-12,Weddell,0.855920765,-0.08665632472002294,0.08665632472002294,0.29780060706748523,FALSE,FALSE
2006-06-13,Weddell,0.860788082,-0.09098713891622756,0.09098713891622756,0.29780060706748523,FALSE,FALSE
2006-06-14,Weddell,0.865040015,-0.09596528537945104,0.09596528537945104,0.29780060706748523,FALSE,FALSE
2006-06-15,Weddell,0.857010874,-0.11325256815347096,0.11325256815347096,0.29780060706748523,FALSE,FALSE
2006-06-16,Weddell,0.868721697,-0.11079900279297206,0.11079900279297206,0.29780060706748523,FALSE,FALSE
2006-06-17,Weddell,0.880961661,-0.1077846501774693,0.1077846501774693,0.29780060706748523,FALSE,FALSE
2006-06-18,Weddell,0.894470088,-0.10343942618648304,0.10343942618648304,0.29780060706748523,FALSE,FALSE
2006-06-19,Weddell,0.91544049,-0.091539056699529,0.091539056699529,0.29780060706748523,FALSE,FALSE
2006-06-20,Weddell,0.938841345,-0.07708430159612478,0.07708430159612478,0.29780060706748523,FALSE,FALSE
2006-06-21,Weddell,0.961476067,-0.06324098475578843,0.06324098475578843,0.29780060706748523,FALSE,FALSE
2006-06-22,Weddell,0.976171311,-0.05715168905803647,0.05715168905803647,0.29780060706748523,FALSE,FALSE
2006-06-23,Weddell,0.97546502,-0.06624770938238689,0.06624770938238689,0.29780060706748523,FALSE,FALSE
2006-06-24,Weddell,0.968097352,-0.08175812560835705,0.08175812560835705,0.29780060706748523,FALSE,FALSE
2006-06-25,Weddell,0.960065116,-0.0976553666154647,0.0976553666154647,0.29780060706748523,FALSE,FALSE
2006-06-26,Weddell,0.938554471,-0.1267225112832271,0.1267225112832271,0.29780060706748523,FALSE,FALSE
2006-06-27,Weddell,0.906676017,-0.16582232186761325,0.16582232186761325,0.29780060706748523,FALSE,FALSE
2006-06-28,Weddell,0.858881826,-0.22050725449711517,0.22050725449711517,0.29780060706748523,FALSE,FALSE
2006-06-29,Weddell,0.849180831,-0.23678714521245547,0.23678714521245547,0.29780060706748523,FALSE,FALSE
2006-06-30,Weddell,0.846194481,-0.24605938727415733,0.24605938727415733,0.29780060706748523,FALSE,FALSE
2006-07-01,Weddell,0.871423567,-0.22684203194274433,0.22684203194274433,0.29780060706748523,FALSE,FALSE
2006-07-02,Weddell,0.891102725,-0.2129192854787395,0.2129192854787395,0.29780060706748523,FALSE,FALSE
2006-07-03,Weddell,0.896619028,-0.2129229171426653,0.2129229171426653,0.29780060706748523,FALSE,FALSE
2006-07-04,Weddell,0.929780317,-0.1850639281950469,0.1850639281950469,0.29780060706748523,FALSE,FALSE
2006-07-05,Weddell,1.00211534,-0.11783241289640634,0.11783241289640634,0.29780060706748523,FALSE,FALSE
2006-07-06,Weddell,0.972694049,-0.15217726150726696,0.15217726150726696,0.29780060706748523,FALSE,FALSE
2006-07-07,Weddell,0.932842003,-0.19679175728815257,0.19679175728815257,0.29780060706748523,FALSE,FALSE
2006-07-08,Weddell,0.950629122,-0.1836248224995869,0.1836248224995869,0.29780060706748523,FALSE,FALSE
2006-07-09,Weddell,0.965911495,-0.17283920286687937,0.17283920286687937,0.29780060706748523,FALSE,FALSE
2006-07-10,Weddell,1.063844945,-0.07929644455124296,0.07929644455124296,0.29780060706748523,FALSE,FALSE
2006-07-11,Weddell,1.114988769,-0.03245141236431759,0.03245141236431759,0.29780060706748523,FALSE,FALSE
2006-07-12,Weddell,1.138035057,-0.01362575366894525,0.01362575366894525,0.29780060706748523,FALSE,FALSE
2006-07-13,Weddell,1.155679298,-1.3771682796859253e-4,1.3771682796859253e-4,0.29780060706748523,FALSE,FALSE
2006-07-14,Weddell,1.175745134,0.01582260279577019,0.01582260279577019,0.29780060706748523,FALSE,FALSE
2006-07-15,Weddell,1.174505823,0.01051472583942736,0.01051472583942736,0.29780060706748523,FALSE,FALSE
2006-07-16,Weddell,1.152567153,-0.01546929705983912,0.01546929705983912,0.29780060706748523,FALSE,FALSE
2006-07-17,Weddell,1.148959414,-0.02311291326487286,0.02311291326487286,0.29780060706748523,FALSE,FALSE
2006-07-18,Weddell,1.145334238,-0.03077822813851427,0.03077822813851427,0.29780060706748523,FALSE,FALSE
2006-07-19,Weddell,1.155608797,-0.0245618070436091,0.0245618070436091,0.29780060706748523,FALSE,FALSE
2006-07-20,Weddell,1.155486969,-0.02877350934299727,0.02877350934299727,0.29780060706748523,FALSE,FALSE
2006-07-21,Weddell,1.152380383,-0.03601544339952323,0.03601544339952323,0.29780060706748523,FALSE,FALSE
2006-07-22,Weddell,1.14435635,-0.04823299212534349,0.04823299212534349,0.29780060706748523,FALSE,FALSE
2006-07-23,Weddell,1.152709878,-0.04412943941565528,0.04412943941565528,0.29780060706748523,FALSE,FALSE
2006-07-24,Weddell,1.118310143,-0.08282340296393853,0.08282340296393853,0.29780060706748523,FALSE,FALSE
2006-07-25,Weddell,1.118443705,-0.08701587832360769,0.08701587832360769,0.29780060706748523,FALSE,FALSE
2006-07-26,Weddell,1.124119414,-0.08568557104807639,0.08568557104807639,0.29780060706748523,FALSE,FALSE
2006-07-27,Weddell,1.149215022,-0.06494228469076124,0.06494228469076124,0.29780060706748523,FALSE,FALSE
2006-07-28,Weddell,1.116856764,-0.10164733980507525,0.10164733980507525,0.29780060706748523,FALSE,FALSE
2006-07-29,Weddell,1.071621931,-0.1512110009444323,0.1512110009444323,0.29780060706748523,FALSE,FALSE
2006-07-30,Weddell,1.031782173,-0.19534917366224813,0.19534917366224813,0.29780060706748523,FALSE,FALSE
2006-07-31,Weddell,1.007270179,-0.224116724511938,0.224116724511938,0.29780060706748523,FALSE,FALSE
2006-08-01,Weddell,0.980853973,-0.25473318504691445,0.25473318504691445,0.29780060706748523,FALSE,FALSE
2006-08-02,Weddell,0.946230581,-0.293489084820594,0.293489084820594,0.29780060706748523,FALSE,FALSE
2006-08-03,Weddell,0.931421725,-0.3123502575169633,0.3123502575169633,0.29780060706748523,TRUE,TRUE
2006-08-04,Weddell,0.93727203,-0.3104631587854948,0.3104631587854948,0.29780060706748523,TRUE,TRUE
2006-08-05,Weddell,0.935516504,-0.3160965771877817,0.3160965771877817,0.29780060706748523,TRUE,TRUE
2006-08-06,Weddell,0.913415804,-0.34199651863755354,0.34199651863755354,0.29780060706748523,TRUE,TRUE
2006-08-07,Weddell,0.90845093,-0.3506886460485418,0.3506886460485418,0.29780060706748523,TRUE,TRUE
2006-08-08,Weddell,0.899163892,-0.3636376123344751,0.3636376123344751,0.29780060706748523,TRUE,TRUE
2006-08-09,Weddell,0.905967603,-0.3604371674090855,0.3604371674090855,0.29780060706748523,TRUE,TRUE
2006-08-10,Weddell,0.928513944,-0.3414420931861023,0.3414420931861023,0.29780060706748523,TRUE,TRUE
2006-08-11,Weddell,0.954862141,-0.318599826579256,0.318599826579256,0.29780060706748523,TRUE,TRUE
2006-08-12,Weddell,0.936865489,-0.3400637355022774,0.3400637355022774,0.29780060706748523,TRUE,TRUE
2006-08-13,Weddell,0.916892199,-0.3634722718688951,0.3634722718688951,0.29780060706748523,TRUE,TRUE
2006-08-14,Weddell,0.904252788,-0.37952158159284166,0.37952158159284166,0.29780060706748523,TRUE,TRUE
2006-08-15,Weddell,0.936385378,-0.3507802055878466,0.3507802055878466,0.29780060706748523,TRUE,TRUE
2006-08-16,Weddell,1.044690671,-0.24585355581807433,0.24585355581807433,0.29780060706748523,FALSE,FALSE
2006-08-17,Weddell,1.081828884,-0.21207121317732192,0.21207121317732192,0.29780060706748523,FALSE,FALSE
2006-08-18,Weddell,1.080353533,-0.216850784530054,0.216850784530054,0.29780060706748523,FALSE,FALSE
2006-08-19,Weddell,1.064299328,-0.23612765930085233,0.23612765930085233,0.29780060706748523,FALSE,FALSE
2006-08-20,Weddell,1.058072228,-0.24546597791430025,0.24546597791430025,0.29780060706748523,FALSE,FALSE
2006-08-21,Weddell,1.033447326,-0.2730607467949817,0.2730607467949817,0.29780060706748523,FALSE,FALSE
2006-08-22,Weddell,1.014470997,-0.2948356903674778,0.2948356903674778,0.29780060706748523,FALSE,FALSE
2006-08-23,Weddell,1.006239721,-0.3056644280563734,0.3056644280563734,0.29780060706748523,TRUE,TRUE
2006-08-24,Weddell,1.009045042,-0.30522551528624975,0.30522551528624975,0.29780060706748523,TRUE,TRUE
2006-08-25,Weddell,0.997528603,-0.3188474084816909,0.3188474084816909,0.29780060706748523,TRUE,TRUE
2006-08-26,Weddell,0.991008385,-0.3271822260672794,0.3271822260672794,0.29780060706748523,TRUE,TRUE
2006-08-27,Weddell,1.017957247,-0.30172720846759793,0.30172720846759793,0.29780060706748523,TRUE,TRUE
2006-08-28,Weddell,1.036938934,-0.2838887101072296,0.2838887101072296,0.29780060706748523,FALSE,FALSE
2006-08-29,Weddell,1.061509431,-0.26008652241677344,0.26008652241677344,0.29780060706748523,FALSE,FALSE
2006-08-30,Weddell,1.070049381,-0.2519502819435786,0.2519502819435786,0.29780060706748523,FALSE,FALSE
2006-08-31,Weddell,1.090797348,-0.23126466815510183,0.23126466815510183,0.29780060706748523,FALSE,FALSE
2006-09-01,Weddell,1.092492012,-0.22931426777181407,0.22931426777181407,0.29780060706748523,FALSE,FALSE
2006-09-02,Weddell,1.045391242,-0.27586447851418705,0.27586447851418705,0.29780060706748523,FALSE,FALSE
2006-09-03,Weddell,1.023544975,-0.2968886301026943,0.2968886301026943,0.29780060706748523,FALSE,FALSE
2006-09-04,Weddell,1.005168889,-0.3141943112578063,0.3141943112578063,0.29780060706748523,TRUE,FALSE
2006-09-05,Weddell,0.974074775,-0.34399299769999503,0.34399299769999503,0.29780060706748523,TRUE,FALSE
2006-09-06,Weddell,0.946699045,-0.3698715441497332,0.3698715441497332,0.29780060706748523,TRUE,FALSE
2006-09-07,Weddell,1.007549034,-0.3073458823274926,0.3073458823274926,0.29780060706748523,TRUE,FALSE
2006-09-08,Weddell,1.015550288,-0.29751373295374495,0.29751373295374495,0.29780060706748523,FALSE,FALSE
2006-09-09,Weddell,1.015545447,-0.2955557227489618,0.2955557227489618,0.29780060706748523,FALSE,FALSE
2006-09-10,Weddell,1.034502054,-0.27452746346841583,0.27452746346841583,0.29780060706748523,FALSE,FALSE
2006-09-11,Weddell,1.070380152,-0.2364814378272155,0.2364814378272155,0.29780060706748523,FALSE,FALSE
2006-09-12,Weddell,1.077595457,-0.22699522114367188,0.22699522114367188,0.29780060706748523,FALSE,FALSE
2006-09-13,Weddell,1.110046272,-0.192161776521796,0.192161776521796,0.29780060706748523,FALSE,FALSE
2006-09-14,Weddell,1.143393249,-0.15631171806559885,0.15631171806559885,0.29780060706748523,FALSE,FALSE
2006-09-15,Weddell,1.219316406,-0.077756293879095,0.077756293879095,0.29780060706748523,FALSE,FALSE
2006-09-16,Weddell,1.259851552,-0.03445096106629397,0.03445096106629397,0.29780060706748523,FALSE,FALSE
2006-09-17,Weddell,1.290679781,-7.058917312086077e-4,7.058917312086077e-4,0.29780060706748523,FALSE,FALSE
2006-09-18,Weddell,1.317243974,0.02893052902214865,0.02893052902214865,0.29780060706748523,FALSE,FALSE
2006-09-19,Weddell,1.337779156,0.05270206008976674,0.05270206008976674,0.29780060706748523,FALSE,FALSE
2006-09-20,Weddell,1.343201923,0.06153403136763313,0.06153403136763313,0.29780060706748523,FALSE,FALSE
2006-09-21,Weddell,1.338269963,0.06019286475173624,0.06019286475173624,0.29780060706748523,FALSE,FALSE
2006-09-22,Weddell,1.322268786,0.04797280413806359,0.04797280413806359,0.29780060706748523,FALSE,FALSE
2006-09-23,Weddell,1.29415654,0.02383856847690246,0.02383856847690246,0.29780060706748523,FALSE,FALSE
2006-09-24,Weddell,1.265521058,-6.385950485052749e-4,6.385950485052749e-4,0.29780060706748523,FALSE,FALSE
2006-09-25,Weddell,1.221280682,-0.04057097750577521,0.04057097750577521,0.29780060706748523,FALSE,FALSE
2006-09-26,Weddell,1.198445852,-0.05897896906094835,0.05897896906094835,0.29780060706748523,FALSE,FALSE
2006-09-27,Weddell,1.200515383,-0.05239458488006665,0.05239458488006665,0.29780060706748523,FALSE,FALSE
2006-09-28,Weddell,1.211714899,-0.03662303112917287,0.03662303112917287,0.29780060706748523,FALSE,FALSE
2006-09-29,Weddell,1.25547881,0.01173927202569236,0.01173927202569236,0.29780060706748523,FALSE,FALSE
2006-09-30,Weddell,1.285019935,0.04587431341848647,0.04587431341848647,0.29780060706748523,FALSE,FALSE
2006-10-01,Weddell,1.281919192,0.04733218088316793,0.04733218088316793,0.29780060706748523,FALSE,FALSE
2006-10-02,Weddell,1.257021848,0.02692731125369518,0.02692731125369518,0.29780060706748523,FALSE,FALSE
2006-10-03,Weddell,1.227160045,0.00146101636402606,0.00146101636402606,0.29780060706748523,FALSE,FALSE
2006-10-04,Weddell,1.182328112,-0.03910320495188224,0.03910320495188224,0.29780060706748523,FALSE,FALSE
2006-10-05,Weddell,1.142331682,-0.07499053997991934,0.07499053997991934,0.29780060706748523,FALSE,FALSE
2006-10-06,Weddell,1.10895814,-0.1044324726835908,0.1044324726835908,0.29780060706748523,FALSE,FALSE
2006-10-07,Weddell,1.076056717,-0.1335634856224479,0.1335634856224479,0.29780060706748523,FALSE,FALSE
2006-10-08,Weddell,1.057720292,-0.14826798174421274,0.14826798174421274,0.29780060706748523,FALSE,FALSE
2006-10-09,Weddell,1.052104878,-0.15036722999661123,0.15036722999661123,0.29780060706748523,FALSE,FALSE
2006-10-10,Weddell,1.025081986,-0.1739670013273651,0.1739670013273651,0.29780060706748523,FALSE,FALSE
2006-10-11,Weddell,0.971278969,-0.2244172246842001,0.2244172246842001,0.29780060706748523,FALSE,FALSE
2006-10-12,Weddell,0.934041495,-0.2583495140148382,0.2583495140148382,0.29780060706748523,FALSE,FALSE
2006-10-13,Weddell,0.910835526,-0.2782751892670047,0.2782751892670047,0.29780060706748523,FALSE,FALSE
2006-10-14,Weddell,0.899926795,-0.28590579938842164,0.28590579938842164,0.29780060706748523,FALSE,FALSE
2006-10-15,Weddell,0.889498923,-0.2930350053268137,0.2930350053268137,0.29780060706748523,FALSE,FALSE
2006-10-16,Weddell,0.869803316,-0.3093886830299042,0.3093886830299042,0.29780060706748523,TRUE,TRUE
2006-10-17,Weddell,0.837208112,-0.3385759764454187,0.3385759764454187,0.29780060706748523,TRUE,TRUE
2006-10-18,Weddell,0.79787435,-0.3744135717983105,0.3744135717983105,0.29780060706748523,TRUE,TRUE
2006-10-19,Weddell,0.794272457,-0.3744181823906062,0.3744181823906062,0.29780060706748523,TRUE,TRUE
2006-10-20,Weddell,0.796270552,-0.3687178304819596,0.3687178304819596,0.29780060706748523,TRUE,TRUE
2006-10-21,Weddell,0.803061934,-0.35811571873283143,0.35811571873283143,0.29780060706748523,TRUE,TRUE
2006-10-22,Weddell,0.817252994,-0.3400019578036837,0.3400019578036837,0.29780060706748523,TRUE,TRUE
2006-10-23,Weddell,0.831431639,-0.3217851423549777,0.3217851423549777,0.29780060706748523,TRUE,TRUE
2006-10-24,Weddell,0.831422069,-0.3176375740471735,0.3176375740471735,0.29780060706748523,TRUE,TRUE
2006-10-25,Weddell,0.824600556,-0.32017948254073336,0.32017948254073336,0.29780060706748523,TRUE,TRUE
2006-10-26,Weddell,0.81656815,-0.3238063194961184,0.3238063194961184,0.29780060706748523,TRUE,TRUE
2006-10-27,Weddell,0.826954276,-0.3088851615737903,0.3088851615737903,0.29780060706748523,TRUE,TRUE
2006-10-28,Weddell,0.842966332,-0.28820511243420843,0.28820511243420843,0.29780060706748523,FALSE,FALSE
2006-10-29,Weddell,0.854025843,-0.2723411487378363,0.2723411487378363,0.29780060706748523,FALSE,FALSE
2006-10-30,Weddell,0.861993408,-0.25942917314513414,0.25942917314513414,0.29780060706748523,FALSE,FALSE
2006-10-31,Weddell,0.890292023,-0.22604334445914565,0.22604334445914565,0.29780060706748523,FALSE,FALSE
2006-11-01,Weddell,0.921073097,-0.19003262339252924,0.19003262339252924,0.29780060706748523,FALSE,FALSE
2006-11-02,Weddell,0.920565677,-0.18516932015324905,0.18516932015324905,0.29780060706748523,FALSE,FALSE
2006-11-03,Weddell,0.911388749,-0.18883580621473495,0.18883580621473495,0.29780060706748523,FALSE,FALSE
2006-11-04,Weddell,0.912582894,-0.18199285805041532,0.18199285805041532,0.29780060706748523,FALSE,FALSE
2006-11-05,Weddell,0.932219724,-0.15657022113372043,0.15657022113372043,0.29780060706748523,FALSE,FALSE
2006-11-06,Weddell,0.925495926,-0.15737256593807714,0.15737256593807714,0.29780060706748523,FALSE,FALSE
2006-11-07,Weddell,0.91687048,-0.15994226993691685,0.15994226993691685,0.29780060706748523,FALSE,FALSE
2006-11-08,Weddell,0.914958953,-0.1556651236036677,0.1556651236036677,0.29780060706748523,FALSE,FALSE
2006-11-09,Weddell,0.921694784,-0.142609045411759,0.142609045411759,0.29780060706748523,FALSE,FALSE
2006-11-10,Weddell,0.923489333,-0.13436403283461984,0.13436403283461984,0.29780060706748523,FALSE,FALSE
2006-11-11,Weddell,0.925928745,-0.12534529834567865,0.12534529834567865,0.29780060706748523,FALSE,FALSE
2006-11-12,Weddell,0.94317252,-0.10139460347780647,0.10139460347780647,0.29780060706748523,FALSE,FALSE
2006-11-13,Weddell,0.970766145,-0.06696241542805459,0.06696241542805459,0.29780060706748523,FALSE,FALSE
2006-11-14,Weddell,0.99405269,-0.03669364036030198,0.03669364036030198,0.29780060706748523,FALSE,FALSE
2006-11-15,Weddell,0.998388421,-0.02521933038212931,0.02521933038212931,0.29780060706748523,FALSE,FALSE
2006-11-16,Weddell,1.00761597,-0.00868417160111656,0.00868417160111656,0.29780060706748523,FALSE,FALSE
2006-11-17,Weddell,1.004550169,-0.00426065012484344,0.00426065012484344,0.29780060706748523,FALSE,FALSE
2006-11-18,Weddell,0.991705183,-0.00942191906089051,0.00942191906089051,0.29780060706748523,FALSE,FALSE
2006-11-19,Weddell,0.96904726,-0.024189048516838,0.024189048516838,0.29780060706748523,FALSE,FALSE
2006-11-20,Weddell,0.951266889,-0.03385886760026568,0.03385886760026568,0.29780060706748523,FALSE,FALSE
2006-11-21,Weddell,0.941445737,-0.03533702741875433,0.03533702741875433,0.29780060706748523,FALSE,FALSE
2006-11-22,Weddell,0.937763638,-0.03043101207988374,0.03043101207988374,0.29780060706748523,FALSE,FALSE
2006-11-23,Weddell,0.922428799,-0.03691993269123395,0.03691993269123395,0.29780060706748523,FALSE,FALSE
2006-11-24,Weddell,0.88796039,-0.06227193736038528,0.06227193736038528,0.29780060706748523,FALSE,FALSE
2006-11-25,Weddell,0.841221394,-0.09961374580118232,0.09961374580118232,0.29780060706748523,FALSE,FALSE
2006-11-26,Weddell,0.779622008,-0.15154503232773076,0.15154503232773076,0.29780060706748523,FALSE,FALSE
2006-11-27,Weddell,0.742011662,-0.17923637954922067,0.17923637954922067,0.29780060706748523,FALSE,FALSE
2006-11-28,Weddell,0.719735819,-0.191362413889265,0.191362413889265,0.29780060706748523,FALSE,FALSE
2006-11-29,Weddell,0.717257811,-0.1834798927714748,0.1834798927714748,0.29780060706748523,FALSE,FALSE
2006-11-30,Weddell,0.724658991,-0.1655275526194614,0.1655275526194614,0.29780060706748523,FALSE,FALSE
2006-12-01,Weddell,0.71783955,-0.16162529185683727,0.16162529185683727,0.29780060706748523,FALSE,FALSE
2006-12-02,Weddell,0.71786498,-0.15072770790721424,0.15072770790721424,0.29780060706748523,FALSE,FALSE
2006-12-03,Weddell,0.696871381,-0.16071879019420332,0.16071879019420332,0.29780060706748523,FALSE,FALSE
2006-12-04,Weddell,0.68640695,-0.16007043114141706,0.16007043114141706,0.29780060706748523,FALSE,FALSE
2006-12-05,Weddell,0.670956005,-0.16431840217246696,0.16431840217246696,0.29780060706748523,FALSE,FALSE
2006-12-06,Weddell,0.652384789,-0.1716165497109643,0.1716165497109643,0.29780060706748523,FALSE,FALSE
2006-12-07,Weddell,0.638116116,-0.17456214696208305,0.17456214696208305,0.29780060706748523,FALSE,FALSE
2006-12-08,Weddell,0.621986204,-0.17933837445675316,0.17933837445675316,0.29780060706748523,FALSE,FALSE
2006-12-09,Weddell,0.617018929,-0.1729390938964961,0.1729390938964961,0.29780060706748523,FALSE,FALSE
2006-12-10,Weddell,0.619507719,-0.15908836964130457,0.15908836964130457,0.29780060706748523,FALSE,FALSE
2006-12-11,Weddell,0.615184664,-0.15207160405116882,0.15207160405116882,0.29780060706748523,FALSE,FALSE
2006-12-12,Weddell,0.617669214,-0.1382868394860809,0.1382868394860809,0.29780060706748523,FALSE,FALSE
2006-12-13,Weddell,0.626344398,-0.11836853930603276,0.11836853930603276,0.29780060706748523,FALSE,FALSE
2006-12-14,Weddell,0.628766735,-0.10477767687101536,0.10477767687101536,0.29780060706748523,FALSE,FALSE
2006-12-15,Weddell,0.630618189,-0.09184978054102055,0.09184978054102055,0.29780060706748523,FALSE,FALSE
2006-12-16,Weddell,0.621314527,-0.09018657567604003,0.09018657567604003,0.29780060706748523,FALSE,FALSE
2006-12-17,Weddell,0.583488011,-0.11717329263606524,0.11717329263606524,0.29780060706748523,FALSE,FALSE
2006-12-18,Weddell,0.572962998,-0.11700306678108752,0.11700306678108752,0.29780060706748523,FALSE,FALSE
2006-12-19,Weddell,0.569242644,-0.11019023447109888,0.11019023447109888,0.29780060706748523,FALSE,FALSE
2006-12-20,Weddell,0.576701916,-0.09237673595367024,0.09237673595367024,0.29780060706748523,FALSE,FALSE
2006-12-21,Weddell,0.5798099,-0.07910114072118224,0.07910114072118224,0.29780060706748523,FALSE,FALSE
2006-12-22,Weddell,0.577321039,-0.07160927632075598,0.07160927632075598,0.29780060706748523,FALSE,FALSE
2006-12-23,Weddell,0.561149767,-0.077986773503813,0.077986773503813,0.29780060706748523,FALSE,FALSE
2006-12-24,Weddell,0.551204836,-0.07832494502177645,0.07832494502177645,0.29780060706748523,FALSE,FALSE
2006-12-25,Weddell,0.546856381,-0.0732537206260685,0.0732537206260685,0.29780060706748523,FALSE,FALSE
2006-12-26,Weddell,0.539403002,-0.071474565068113,0.071474565068113,0.29780060706748523,FALSE,FALSE
2006-12-27,Weddell,0.53194964,-0.06988260209933184,0.06988260209933184,0.29780060706748523,FALSE,FALSE
2006-12-28,Weddell,0.527569662,-0.06540452947114683,0.06540452947114683,0.29780060706748523,FALSE,FALSE
2006-12-29,Weddell,0.525645526,-0.05865795393498152,0.05865795393498152,0.29780060706748523,FALSE,FALSE
2006-12-30,Weddell,0.526902128,-0.04891804424225954,0.04891804424225954,0.29780060706748523,FALSE,FALSE
2006-12-31,Weddell,0.521922474,-0.0456018591444014,0.0456018591444014,0.29780060706748523,FALSE,FALSE
2007-01-01,Weddell,0.512520189,-0.04689583839283062,0.04689583839283062,0.29780060706748523,FALSE,FALSE
2007-01-02,Weddell,0.510021787,-0.04147217987456653,0.04147217987456653,0.29780060706748523,FALSE,FALSE
2007-01-03,Weddell,0.512481902,-0.03126955001901066,0.03126955001901066,0.29780060706748523,FALSE,FALSE
2007-01-04,Weddell,0.518682295,-0.0174981353911624,0.0174981353911624,0.29780060706748523,FALSE,FALSE
2007-01-05,Weddell,0.522402273,-0.00637057655601813,0.00637057655601813,0.29780060706748523,FALSE,FALSE
2007-01-06,Weddell,0.518758605,-0.00276205207857904,0.00276205207857904,0.29780060706748523,FALSE,FALSE
2007-01-07,Weddell,0.506903476,-0.00751232452384142,0.00751232452384142,0.29780060706748523,FALSE,FALSE
2007-01-08,Weddell,0.481324106,-0.02612612145680415,0.02612612145680415,0.29780060706748523,FALSE,FALSE
2007-01-09,Weddell,0.463883418,-0.03673246744246716,0.03673246744246716,0.29780060706748523,FALSE,FALSE
2007-01-10,Weddell,0.450115029,-0.04378969304582647,0.04378969304582647,0.29780060706748523,FALSE,FALSE
2007-01-11,Weddell,0.438240753,-0.04906793183188235,0.04906793183188235,0.29780060706748523,FALSE,FALSE
2007-01-12,Weddell,0.435681198,-0.04513852336563179,0.04513852336563179,0.29780060706748523,FALSE,FALSE
2007-01-13,Weddell,0.431839552,-0.04259022721207445,0.04259022721207445,0.29780060706748523,FALSE,FALSE
2007-01-14,Weddell,0.428129288,-0.04000150149366649,0.04000150149366649,0.29780060706748523,FALSE,FALSE
2007-01-15,Weddell,0.41999035,-0.04192374329492832,0.04192374329492832,0.29780060706748523,FALSE,FALSE
2007-01-16,Weddell,0.422420266,-0.0333500265091794,0.0333500265091794,0.29780060706748523,FALSE,FALSE
2007-01-17,Weddell,0.427948388,-0.021741554280778,0.021741554280778,0.29780060706748523,FALSE,FALSE
2007-01-18,Weddell,0.438625458,-0.00503813975408234,0.00503813975408234,0.29780060706748523,FALSE,FALSE
2007-01-19,Weddell,0.443673134,0.00599131992654922,0.00599131992654922,0.29780060706748523,FALSE,FALSE
2007-01-20,Weddell,0.433537975,0.00180282861675928,0.00180282861675928,0.29780060706748523,FALSE,FALSE
2007-01-21,Weddell,0.436852989,0.01103883917218911,0.01103883917218911,0.29780060706748523,FALSE,FALSE
2007-01-22,Weddell,0.432540677,0.01263129744848101,0.01263129744848101,0.29780060706748523,FALSE,FALSE
2007-01-23,Weddell,0.426952973,0.01294158230127651,0.01294158230127651,0.29780060706748523,FALSE,FALSE
2007-01-24,Weddell,0.418193016,0.01008227758621788,0.01008227758621788,0.29780060706748523,FALSE,FALSE
2007-01-25,Weddell,0.406297892,0.00409991415894661,0.00409991415894661,0.29780060706748523,FALSE,FALSE
2007-01-26,Weddell,0.403091686,0.00682802187510567,0.00682802187510567,0.29780060706748523,FALSE,FALSE
2007-01-27,Weddell,0.394315009,0.00401398443340789,0.00401398443340789,0.29780060706748523,FALSE,FALSE
2007-01-28,Weddell,0.377991922,-0.00632945352396169,0.00632945352396169,0.29780060706748523,FALSE,FALSE
2007-01-29,Weddell,0.370486644,-0.00785689010550061,0.00785689010550061,0.29780060706748523,FALSE,FALSE
2007-01-30,Weddell,0.360588683,-0.0117976585820051,0.0117976585820051,0.29780060706748523,FALSE,FALSE
2007-01-31,Weddell,0.351732975,-0.01473566422427097,0.01473566422427097,0.29780060706748523,FALSE,FALSE
2007-02-01,Weddell,0.341605191,-0.01900407730309494,0.01900407730309494,0.29780060706748523,FALSE,FALSE
2007-02-02,Weddell,0.336507042,-0.01832002808927246,0.01832002808927246,0.29780060706748523,FALSE,FALSE
2007-02-03,Weddell,0.327663397,-0.0214774888535999,0.0214774888535999,0.29780060706748523,FALSE,FALSE
2007-02-04,Weddell,0.330160281,-0.01340927586687357,0.01340927586687357,0.29780060706748523,FALSE,FALSE
2007-02-05,Weddell,0.328815555,-0.00931636939988911,0.00931636939988911,0.29780060706748523,FALSE,FALSE
2007-02-06,Weddell,0.331273197,-0.0015736327234429,0.0015736327234429,0.29780060706748523,FALSE,FALSE
2007-02-07,Weddell,0.317331146,-0.01040196810833121,0.01040196810833121,0.29780060706748523,FALSE,FALSE
2007-02-08,Weddell,0.303403807,-0.01940578750512706,0.01940578750512706,0.29780060706748523,FALSE,FALSE
2007-02-09,Weddell,0.304822132,-0.01326974502775957,0.01326974502775957,0.29780060706748523,FALSE,FALSE
2007-02-10,Weddell,0.294768931,-0.0188202512072278,0.0188202512072278,0.29780060706748523,FALSE,FALSE
2007-02-11,Weddell,0.285309137,-0.02400083858405877,0.02400083858405877,0.29780060706748523,FALSE,FALSE
2007-02-12,Weddell,0.28154141,-0.02372131269877797,0.02372131269877797,0.29780060706748523,FALSE,FALSE
2007-02-13,Weddell,0.271439246,-0.03001664309191215,0.03001664309191215,0.29780060706748523,FALSE,FALSE
2007-02-14,Weddell,0.263240163,-0.03465777730398728,0.03465777730398728,0.29780060706748523,FALSE,FALSE
2007-02-15,Weddell,0.251237357,-0.04335998487552978,0.04335998487552978,0.29780060706748523,FALSE,FALSE
2007-02-16,Weddell,0.240599037,-0.050963522347066,0.050963522347066,0.29780060706748523,FALSE,FALSE
2007-02-17,Weddell,0.24814702,-0.04065503825912192,0.04065503825912192,0.29780060706748523,FALSE,FALSE
2007-02-18,Weddell,0.251319113,-0.03500519115222439,0.03500519115222439,0.29780060706748523,FALSE,FALSE
2007-02-19,Weddell,0.25879579,-0.02534197256689929,0.02534197256689929,0.29780060706748523,FALSE,FALSE
2007-02-20,Weddell,0.262551319,-0.01969958004367267,0.01969958004367267,0.29780060706748523,FALSE,FALSE
2007-02-21,Weddell,0.256273046,-0.02439866070243385,0.02439866070243385,0.29780060706748523,FALSE,FALSE
2007-02-22,Weddell,0.2455341,-0.03386835120855455,0.03386835120855455,0.29780060706748523,FALSE,FALSE
2007-02-23,Weddell,0.260614043,-0.01782754507472433,0.01782754507472433,0.29780060706748523,FALSE,FALSE
2007-02-24,Weddell,0.270793624,-0.00699387993761124,0.00699387993761124,0.29780060706748523,FALSE,FALSE
2007-02-25,Weddell,0.267039792,-0.01039879343388283,0.01039879343388283,0.29780060706748523,FALSE,FALSE
2007-02-26,Weddell,0.274668014,-0.0027252052002068,0.0027252052002068,0.29780060706748523,FALSE,FALSE
2007-02-27,Weddell,0.28218712,0.00453732812674956,0.00453732812674956,0.29780060706748523,FALSE,FALSE
2007-02-28,Weddell,0.303130443,0.02492375291031851,0.02492375291031851,0.29780060706748523,FALSE,FALSE
2007-03-01,Weddell,0.320155894,0.04109359351383207,0.04109359351383207,0.29780060706748523,FALSE,FALSE
2007-03-02,Weddell,0.335889999,0.05567498930062309,0.05567498930062309,0.29780060706748523,FALSE,FALSE
2007-03-03,Weddell,0.340318415,0.05865521063402379,0.05865521063402379,0.29780060706748523,FALSE,FALSE
2007-03-04,Weddell,0.344089816,0.0606845448773668,0.0606845448773668,0.29780060706748523,FALSE,FALSE
2007-03-05,Weddell,0.340867047,0.05542745126607651,0.05542745126607651,0.29780060706748523,FALSE,FALSE
2007-03-06,Weddell,0.326372677,0.03861135710903402,0.03861135710903402,0.29780060706748523,FALSE,FALSE
2007-03-07,Weddell,0.327042099,0.03668707518602954,0.03668707518602954,0.29780060706748523,FALSE,FALSE
2007-03-08,Weddell,0.337152366,0.04394922395036022,0.04394922395036022,0.29780060706748523,FALSE,FALSE
2007-03-09,Weddell,0.344804024,0.04851591485532186,0.04851591485532186,0.29780060706748523,FALSE,FALSE
2007-03-10,Weddell,0.339785399,0.04019303935421003,0.04019303935421003,0.29780060706748523,FALSE,FALSE
2007-03-11,Weddell,0.348684213,0.04558588490032173,0.04558588490032173,0.29780060706748523,FALSE,FALSE
2007-03-12,Weddell,0.348061075,0.04127262594695308,0.04127262594695308,0.29780060706748523,FALSE,FALSE
2007-03-13,Weddell,0.342424809,0.03177965194739951,0.03177965194739951,0.29780060706748523,FALSE,FALSE
2007-03-14,Weddell,0.344306014,0.0296551273549579,0.0296551273549579,0.29780060706748523,FALSE,FALSE
2007-03-15,Weddell,0.338647221,0.0198591486229242,0.0198591486229242,0.29780060706748523,FALSE,FALSE
2007-03-16,Weddell,0.335515806,0.01247665720459445,0.01247665720459445,0.29780060706748523,FALSE,FALSE
2007-03-17,Weddell,0.356186395,0.02879984455326489,0.02879984455326489,0.29780060706748523,FALSE,FALSE
2007-03-18,Weddell,0.362356957,0.03054396635734763,0.03054396635734763,0.29780060706748523,FALSE,FALSE
2007-03-19,Weddell,0.345447171,0.00913902619289097,0.00913902619289097,0.29780060706748523,FALSE,FALSE
2007-03-20,Weddell,0.361825775,0.02095680420810303,0.02095680420810303,0.29780060706748523,FALSE,FALSE
2007-03-21,Weddell,0.369377123,0.02388435368257246,0.02388435368257246,0.29780060706748523,FALSE,FALSE
2007-03-22,Weddell,0.366265335,0.01608849389588879,0.01608849389588879,0.29780060706748523,FALSE,FALSE
2007-03-23,Weddell,0.341847132,-0.01307135487235888,0.01307135487235888,0.29780060706748523,FALSE,FALSE
2007-03-24,Weddell,0.314193414,-0.04552159334258093,0.04552159334258093,0.29780060706748523,FALSE,FALSE
2007-03-25,Weddell,0.306610113,-0.05795359023518792,0.05795359023518792,0.29780060706748523,FALSE,FALSE
2007-03-26,Weddell,0.304715483,-0.06474639227059126,0.06474639227059126,0.29780060706748523,FALSE,FALSE
2007-03-27,Weddell,0.300996796,-0.07341002816920134,0.07341002816920134,0.29780060706748523,FALSE,FALSE
2007-03-28,Weddell,0.318687327,-0.0607085236514287,0.0607085236514287,0.29780060706748523,FALSE,FALSE
2007-03-29,Weddell,0.341950967,-0.04247528843768389,0.04247528843768389,0.29780060706748523,FALSE,FALSE
2007-03-30,Weddell,0.360762832,-0.02873250724837806,0.02873250724837806,0.29780060706748523,FALSE,FALSE
2007-03-31,Weddell,0.364488721,-0.03011333299160235,0.03011333299160235,0.29780060706748523,FALSE,FALSE
2007-04-01,Weddell,0.366972404,-0.03278197302217411,0.03278197302217411,0.29780060706748523,FALSE,FALSE
2007-04-02,Weddell,0.367003462,-0.03795989195786359,0.03795989195786359,0.29780060706748523,FALSE,FALSE
2007-04-03,Weddell,0.370775963,-0.03946406995297186,0.03946406995297186,0.29780060706748523,FALSE,FALSE
2007-04-04,Weddell,0.37514272,-0.04045274216179989,0.04045274216179989,0.29780060706748523,FALSE,FALSE
2007-04-05,Weddell,0.370115052,-0.05092563773864883,0.05092563773864883,0.29780060706748523,FALSE,FALSE
2007-04-06,Weddell,0.368264553,-0.05832221083781852,0.05832221083781852,0.29780060706748523,FALSE,FALSE
2007-04-07,Weddell,0.373285074,-0.05895965861361108,0.05895965861361108,0.29780060706748523,FALSE,FALSE
2007-04-08,Weddell,0.392704451,-0.04532119322032646,0.04532119322032646,0.29780060706748523,FALSE,FALSE
2007-04-09,Weddell,0.414629912,-0.02931063481226653,0.02931063481226653,0.29780060706748523,FALSE,FALSE
2007-04-10,Weddell,0.424003118,-0.02599737054373119,0.02599737054373119,0.29780060706748523,FALSE,FALSE
2007-04-11,Weddell,0.432743675,-0.0234728425690226,0.0234728425690226,0.29780060706748523,FALSE,FALSE
2007-04-12,Weddell,0.440862534,-0.02173698133982571,0.02173698133982571,0.29780060706748523,FALSE,FALSE
2007-04-13,Weddell,0.455809189,-0.01333929337360462,0.01333929337360462,0.29780060706748523,FALSE,FALSE
2007-04-14,Weddell,0.469510117,-0.00633271657431971,0.00633271657431971,0.29780060706748523,FALSE,FALSE
2007-04-15,Weddell,0.494433364,0.011773209538045,0.011773209538045,0.29780060706748523,FALSE,FALSE
2007-04-16,Weddell,0.498800048,0.00922201744350403,0.00922201744350403,0.29780060706748523,FALSE,FALSE
2007-04-17,Weddell,0.491333006,-0.00524104137792763,0.00524104137792763,0.29780060706748523,FALSE,FALSE
2007-04-18,Weddell,0.475755452,-0.02787033844623476,0.02787033844623476,0.29780060706748523,FALSE,FALSE
2007-04-19,Weddell,0.484526991,-0.02618385428140263,0.02618385428140263,0.29780060706748523,FALSE,FALSE
2007-04-20,Weddell,0.500103051,-0.01770374640341621,0.01770374640341621,0.29780060706748523,FALSE,FALSE
2007-04-21,Weddell,0.510684732,-0.01420650033226045,0.01420650033226045,0.29780060706748523,FALSE,FALSE
2007-04-22,Weddell,0.518152985,-0.01378875058792061,0.01378875058792061,0.29780060706748523,FALSE,FALSE
2007-04-23,Weddell,0.541817653,0.00288176030961861,0.00288176030961861,0.29780060706748523,FALSE,FALSE
2007-04-24,Weddell,0.555486808,0.00963551884037172,0.00963551884037172,0.29780060706748523,FALSE,FALSE
2007-04-25,Weddell,0.554873846,0.00220631808042348,0.00220631808042348,0.29780060706748523,FALSE,FALSE
2007-04-26,Weddell,0.540548117,-0.01883525511227457,0.01883525511227457,0.29780060706748523,FALSE,FALSE
2007-04-27,Weddell,0.551738255,-0.01426991792836807,0.01426991792836807,0.29780060706748523,FALSE,FALSE
2007-04-28,Weddell,0.557277249,-0.01527414409190086,0.01527414409190086,0.29780060706748523,FALSE,FALSE
2007-04-29,Weddell,0.523551408,-0.05547108732691763,0.05547108732691763,0.29780060706748523,FALSE,FALSE
2007-04-30,Weddell,0.510405091,-0.07502585135746331,0.07502585135746331,0.29780060706748523,FALSE,FALSE
2007-05-01,Weddell,0.472310782,-0.11947541490758185,0.11947541490758185,0.29780060706748523,FALSE,FALSE
2007-05-02,Weddell,0.420553938,-0.1775437837013179,0.1775437837013179,0.29780060706748523,FALSE,FALSE
2007-05-03,Weddell,0.399328978,-0.20504600146271557,0.20504600146271557,0.29780060706748523,FALSE,FALSE
2007-05-04,Weddell,0.375552167,-0.23507526591581945,0.23507526591581945,0.29780060706748523,FALSE,FALSE
2007-05-05,Weddell,0.345461675,-0.27140286978467465,0.27140286978467465,0.29780060706748523,FALSE,FALSE
2007-05-06,Weddell,0.329821901,-0.29327387679332506,0.29327387679332506,0.29780060706748523,FALSE,FALSE
2007-05-07,Weddell,0.3191738,-0.3101568024943924,0.3101568024943924,0.29780060706748523,TRUE,FALSE
2007-05-08,Weddell,0.319160892,-0.31642196199481665,0.31642196199481665,0.29780060706748523,TRUE,FALSE
2007-05-09,Weddell,0.31727778,-0.324600203542793,0.324600203542793,0.29780060706748523,TRUE,FALSE
2007-05-10,Weddell,0.33291053,-0.3153328236603374,0.3153328236603374,0.29780060706748523,TRUE,FALSE
2007-05-11,Weddell,0.368758286,-0.28594804086946707,0.28594804086946707,0.29780060706748523,FALSE,FALSE
2007-05-12,Weddell,0.415116384,-0.2461778816921973,0.2461778816921973,0.29780060706748523,FALSE,FALSE
2007-05-13,Weddell,0.466402077,-0.2016324556505461,0.2016324556505461,0.29780060706748523,FALSE,FALSE
2007-05-14,Weddell,0.504479783,-0.17047470726652925,0.17047470726652925,0.29780060706748523,FALSE,FALSE
2007-05-15,Weddell,0.519431421,-0.16265008006216297,0.16265008006216297,0.29780060706748523,FALSE,FALSE
2007-05-16,Weddell,0.531203341,-0.15823958655946402,0.15823958655946402,0.29780060706748523,FALSE,FALSE
2007-05-17,Weddell,0.529915853,-0.16715027928044857,0.16715027928044857,0.29780060706748523,FALSE,FALSE
2007-05-18,Weddell,0.521200548,-0.18377792974713336,0.18377792974713336,0.29780060706748523,FALSE,FALSE
2007-05-19,Weddell,0.493805125,-0.21940220148153472,0.21940220148153472,0.29780060706748523,FALSE,FALSE
2007-05-20,Weddell,0.494443198,-0.22733496334252715,0.22733496334252715,0.29780060706748523,FALSE,FALSE
2007-05-21,Weddell,0.499451701,-0.2312304653845666,0.2312304653845666,0.29780060706748523,FALSE,FALSE
2007-05-22,Weddell,0.531248886,-0.20863167335273924,0.20863167335273924,0.29780060706748523,FALSE,FALSE
2007-05-23,Weddell,0.538115072,-0.21121847778414393,0.21121847778414393,0.29780060706748523,FALSE,FALSE
2007-05-24,Weddell,0.556108425,-0.20289292221587785,0.20289292221587785,0.29780060706748523,FALSE,FALSE
2007-05-25,Weddell,0.552884689,-0.21595947218503875,0.21595947218503875,0.29780060706748523,FALSE,FALSE
2007-05-26,Weddell,0.524818893,-0.2540033082287252,0.2540033082287252,0.29780060706748523,FALSE,FALSE
2007-05-27,Weddell,0.488584088,-0.30031158888403436,0.30031158888403436,0.29780060706748523,TRUE,FALSE
2007-05-28,Weddell,0.463057146,-0.3359676516880649,0.3359676516880649,0.29780060706748523,TRUE,FALSE
2007-05-29,Weddell,0.496897728,-0.3122720451779136,0.3122720451779136,0.29780060706748523,TRUE,FALSE
2007-05-30,Weddell,0.530048345,-0.2892424678906793,0.2892424678906793,0.29780060706748523,FALSE,FALSE
2007-05-31,Weddell,0.566092454,-0.26325567236345926,0.26325567236345926,0.29780060706748523,FALSE,FALSE
2007-06-01,Weddell,0.599024113,-0.2402778101333518,0.2402778101333518,0.29780060706748523,FALSE,FALSE
2007-06-02,Weddell,0.608923387,-0.24019721441695063,0.24019721441695063,0.29780060706748523,FALSE,FALSE
2007-06-03,Weddell,0.58841845,-0.270390436624398,0.270390436624398,0.29780060706748523,FALSE,FALSE
2007-06-04,Weddell,0.614493605,-0.25388796939140434,0.25388796939140434,0.29780060706748523,FALSE,FALSE
2007-06-05,Weddell,0.615651676,-0.2622017847267062,0.2622017847267062,0.29780060706748523,FALSE,FALSE
2007-06-06,Weddell,0.617441489,-0.2697978526390419,0.2697978526390419,0.29780060706748523,FALSE,FALSE
2007-06-07,Weddell,0.636681128,-0.2598728851371467,0.2598728851371467,0.29780060706748523,FALSE,FALSE
2007-06-08,Weddell,0.657757483,-0.24805478822975943,0.24805478822975943,0.29780060706748523,FALSE,FALSE
2007-06-09,Weddell,0.671910371,-0.24311854092561636,0.24311854092561636,0.29780060706748523,FALSE,FALSE
2007-06-10,Weddell,0.688687941,-0.2355307902334548,0.2355307902334548,0.29780060706748523,FALSE,FALSE
2007-06-11,Weddell,0.684962539,-0.24843398616201084,0.24843398616201084,0.29780060706748523,FALSE,FALSE
2007-06-12,Weddell,0.657124535,-0.28545255472002296,0.28545255472002296,0.29780060706748523,FALSE,FALSE
2007-06-13,Weddell,0.668251828,-0.2835233929162275,0.2835233929162275,0.29780060706748523,FALSE,FALSE
2007-06-14,Weddell,0.714710514,-0.24629478637945112,0.24629478637945112,0.29780060706748523,FALSE,FALSE
2007-06-15,Weddell,0.727635904,-0.2426275381534709,0.2426275381534709,0.29780060706748523,FALSE,FALSE
2007-06-16,Weddell,0.75924817,-0.22027252979297207,0.22027252979297207,0.29780060706748523,FALSE,FALSE
2007-06-17,Weddell,0.782112078,-0.2066342331774692,0.2066342331774692,0.29780060706748523,FALSE,FALSE
2007-06-18,Weddell,0.804338589,-0.1935709251864831,0.1935709251864831,0.29780060706748523,FALSE,FALSE
2007-06-19,Weddell,0.814814859,-0.1921646876995291,0.1921646876995291,0.29780060706748523,FALSE,FALSE
2007-06-20,Weddell,0.805562413,-0.21036323359612483,0.21036323359612483,0.29780060706748523,FALSE,FALSE
2007-06-21,Weddell,0.809846376,-0.21487067575578844,0.21487067575578844,0.29780060706748523,FALSE,FALSE
2007-06-22,Weddell,0.838109787,-0.1952132130580364,0.1952132130580364,0.29780060706748523,FALSE,FALSE
2007-06-23,Weddell,0.873783021,-0.16792970838238686,0.16792970838238686,0.29780060706748523,FALSE,FALSE
2007-06-24,Weddell,0.894125314,-0.15573016360835712,0.15573016360835712,0.29780060706748523,FALSE,FALSE
2007-06-25,Weddell,0.905816354,-0.15190412861546465,0.15190412861546465,0.29780060706748523,FALSE,FALSE
2007-06-26,Weddell,0.940126483,-0.12515049928322708,0.12515049928322708,0.29780060706748523,FALSE,FALSE
2007-06-27,Weddell,0.96215049,-0.11034784886761329,0.11034784886761329,0.29780060706748523,FALSE,FALSE
2007-06-28,Weddell,0.966442969,-0.11294611149711507,0.11294611149711507,0.29780060706748523,FALSE,FALSE
2007-06-29,Weddell,0.961505879,-0.12446209721245548,0.12446209721245548,0.29780060706748523,FALSE,FALSE
2007-06-30,Weddell,0.963908533,-0.12834533527415737,0.12834533527415737,0.29780060706748523,FALSE,FALSE
2007-07-01,Weddell,0.928261167,-0.17000443194274428,0.17000443194274428,0.29780060706748523,FALSE,FALSE
2007-07-02,Weddell,0.911754524,-0.19226748647873948,0.19226748647873948,0.29780060706748523,FALSE,FALSE
2007-07-03,Weddell,0.979926712,-0.12961523314266532,0.12961523314266532,0.29780060706748523,FALSE,FALSE
2007-07-04,Weddell,1.03605608,-0.07878816519504683,0.07878816519504683,0.29780060706748523,FALSE,FALSE
2007-07-05,Weddell,1.047015135,-0.07293261789640626,0.07293261789640626,0.29780060706748523,FALSE,FALSE
2007-07-06,Weddell,1.054233768,-0.07063754250726695,0.07063754250726695,0.29780060706748523,FALSE,FALSE
2007-07-07,Weddell,1.052811797,-0.0768219632881526,0.0768219632881526,0.29780060706748523,FALSE,FALSE
2007-07-08,Weddell,1.045426248,-0.08882769649958688,0.08882769649958688,0.29780060706748523,FALSE,FALSE
2007-07-09,Weddell,1.045954726,-0.09279597186687938,0.09279597186687938,0.29780060706748523,FALSE,FALSE
2007-07-10,Weddell,1.052053404,-0.09108798555124298,0.09108798555124298,0.29780060706748523,FALSE,FALSE
2007-07-11,Weddell,1.054380891,-0.09305929036431748,0.09305929036431748,0.29780060706748523,FALSE,FALSE
2007-07-12,Weddell,1.049424627,-0.10223618366894516,0.10223618366894516,0.29780060706748523,FALSE,FALSE
2007-07-13,Weddell,1.040200012,-0.1156170028279686,0.1156170028279686,0.29780060706748523,FALSE,FALSE
2007-07-14,Weddell,1.053284446,-0.1066380852042299,0.1066380852042299,0.29780060706748523,FALSE,FALSE
2007-07-15,Weddell,1.053653253,-0.11033784416057268,0.11033784416057268,0.29780060706748523,FALSE,FALSE
2007-07-16,Weddell,1.031520698,-0.136515752059839,0.136515752059839,0.29780060706748523,FALSE,FALSE
2007-07-17,Weddell,1.020673789,-0.15139853826487282,0.15139853826487282,0.29780060706748523,FALSE,FALSE
2007-07-18,Weddell,1.025956413,-0.1501560531385142,0.1501560531385142,0.29780060706748523,FALSE,FALSE
2007-07-19,Weddell,1.039402975,-0.1407676290436091,0.1407676290436091,0.29780060706748523,FALSE,FALSE
2007-07-20,Weddell,1.064624723,-0.1196357553429972,0.1196357553429972,0.29780060706748523,FALSE,FALSE
2007-07-21,Weddell,1.089802494,-0.09859333239952316,0.09859333239952316,0.29780060706748523,FALSE,FALSE
2007-07-22,Weddell,1.110001695,-0.0825876471253435,0.0825876471253435,0.29780060706748523,FALSE,FALSE
2007-07-23,Weddell,1.128515278,-0.06832403941565524,0.06832403941565524,0.29780060706748523,FALSE,FALSE
2007-07-24,Weddell,1.163369632,-0.03776391396393852,0.03776391396393852,0.29780060706748523,FALSE,FALSE
2007-07-25,Weddell,1.180923555,-0.02453602832360779,0.02453602832360779,0.29780060706748523,FALSE,FALSE
2007-07-26,Weddell,1.182713343,-0.02709164204807623,0.02709164204807623,0.29780060706748523,FALSE,FALSE
2007-07-27,Weddell,1.169381232,-0.04477607469076106,0.04477607469076106,0.29780060706748523,FALSE,FALSE
2007-07-28,Weddell,1.170331797,-0.04817230680507523,0.04817230680507523,0.29780060706748523,FALSE,FALSE
2007-07-29,Weddell,1.184488035,-0.03834489694443221,0.03834489694443221,0.29780060706748523,FALSE,FALSE
2007-07-30,Weddell,1.214936718,-0.01219462866224829,0.01219462866224829,0.29780060706748523,FALSE,FALSE
2007-07-31,Weddell,1.218485655,-0.01290124851193796,0.01290124851193796,0.29780060706748523,FALSE,FALSE
2007-08-01,Weddell,1.182030671,-0.05355648704691451,0.05355648704691451,0.29780060706748523,FALSE,FALSE
2007-08-02,Weddell,1.168236174,-0.07148349182059399,0.07148349182059399,0.29780060706748523,FALSE,FALSE
2007-08-03,Weddell,1.147688688,-0.0960832945169634,0.0960832945169634,0.29780060706748523,FALSE,FALSE
2007-08-04,Weddell,1.136210201,-0.11152498778549493,0.11152498778549493,0.29780060706748523,FALSE,FALSE
2007-08-05,Weddell,1.125336782,-0.12627629918778172,0.12627629918778172,0.29780060706748523,FALSE,FALSE
2007-08-06,Weddell,1.158299145,-0.09711317763755356,0.09711317763755356,0.29780060706748523,FALSE,FALSE
2007-08-07,Weddell,1.177789031,-0.08135054504854167,0.08135054504854167,0.29780060706748523,FALSE,FALSE
2007-08-08,Weddell,1.197228853,-0.06557265133447521,0.06557265133447521,0.29780060706748523,FALSE,FALSE
2007-08-09,Weddell,1.197931379,-0.0684733914090856,0.0684733914090856,0.29780060706748523,FALSE,FALSE
2007-08-10,Weddell,1.232444046,-0.03751199118610238,0.03751199118610238,0.29780060706748523,FALSE,FALSE
2007-08-11,Weddell,1.23607405,-0.03738791757925597,0.03738791757925597,0.29780060706748523,FALSE,FALSE
2007-08-12,Weddell,1.255001416,-0.02192780850227738,0.02192780850227738,0.29780060706748523,FALSE,FALSE
2007-08-13,Weddell,1.278402367,-0.00196210386889506,0.00196210386889506,0.29780060706748523,FALSE,FALSE
2007-08-14,Weddell,1.277049694,-0.00672467559284162,0.00672467559284162,0.29780060706748523,FALSE,FALSE
2007-08-15,Weddell,1.255170075,-0.0319955085878465,0.0319955085878465,0.29780060706748523,FALSE,FALSE
2007-08-16,Weddell,1.217647802,-0.07289642481807435,0.07289642481807435,0.29780060706748523,FALSE,FALSE
2007-08-17,Weddell,1.169542547,-0.12435755017732196,0.12435755017732196,0.29780060706748523,FALSE,FALSE
2007-08-18,Weddell,1.126741006,-0.170463311530054,0.170463311530054,0.29780060706748523,FALSE,FALSE
2007-08-19,Weddell,1.121028845,-0.17939814230085216,0.17939814230085216,0.29780060706748523,FALSE,FALSE
2007-08-20,Weddell,1.127918975,-0.1756192309143001,0.1756192309143001,0.29780060706748523,FALSE,FALSE
2007-08-21,Weddell,1.152281301,-0.1542267717949819,0.1542267717949819,0.29780060706748523,FALSE,FALSE
2007-08-22,Weddell,1.180718217,-0.128588470367478,0.128588470367478,0.29780060706748523,FALSE,FALSE
2007-08-23,Weddell,1.170815377,-0.14108877205637338,0.14108877205637338,0.29780060706748523,FALSE,FALSE
2007-08-24,Weddell,1.170135727,-0.14413483028624974,0.14413483028624974,0.29780060706748523,FALSE,FALSE
2007-08-25,Weddell,1.172292727,-0.14408328448169083,0.14408328448169083,0.29780060706748523,FALSE,FALSE
2007-08-26,Weddell,1.197376893,-0.12081371806727947,0.12081371806727947,0.29780060706748523,FALSE,FALSE
2007-08-27,Weddell,1.208968263,-0.1107161924675979,0.1107161924675979,0.29780060706748523,FALSE,FALSE
2007-08-28,Weddell,1.199310541,-0.12151710310722952,0.12151710310722952,0.29780060706748523,FALSE,FALSE
2007-08-29,Weddell,1.199348967,-0.12224698641677344,0.12224698641677344,0.29780060706748523,FALSE,FALSE
2007-08-30,Weddell,1.198223236,-0.1237764269435786,0.1237764269435786,0.29780060706748523,FALSE,FALSE
2007-08-31,Weddell,1.208733226,-0.11332879015510168,0.11332879015510168,0.29780060706748523,FALSE,FALSE
2007-09-01,Weddell,1.217391646,-0.10441463377181393,0.10441463377181393,0.29780060706748523,FALSE,FALSE
2007-09-02,Weddell,1.244883513,-0.07637220751418705,0.07637220751418705,0.29780060706748523,FALSE,FALSE
2007-09-03,Weddell,1.264275337,-0.05615826810269442,0.05615826810269442,0.29780060706748523,FALSE,FALSE
2007-09-04,Weddell,1.288333905,-0.03102929525780617,0.03102929525780617,0.29780060706748523,FALSE,FALSE
2007-09-05,Weddell,1.290552146,-0.02751562669999496,0.02751562669999496,0.29780060706748523,FALSE,FALSE
2007-09-06,Weddell,1.261186714,-0.05538387514973331,0.05538387514973331,0.29780060706748523,FALSE,FALSE
2007-09-07,Weddell,1.223604757,-0.09129015932749264,0.09129015932749264,0.29780060706748523,FALSE,FALSE
2007-09-08,Weddell,1.184054237,-0.12900978395374496,0.12900978395374496,0.29780060706748523,FALSE,FALSE
2007-09-09,Weddell,1.108083626,-0.20301754374896183,0.20301754374896183,0.29780060706748523,FALSE,FALSE
2007-09-10,Weddell,1.056315666,-0.25271385146841596,0.25271385146841596,0.29780060706748523,FALSE,FALSE
2007-09-11,Weddell,1.011794274,-0.29506731582721546,0.29506731582721546,0.29780060706748523,FALSE,FALSE
2007-09-12,Weddell,1.00020156,-0.30438911814367176,0.30438911814367176,0.29780060706748523,TRUE,TRUE
2007-09-13,Weddell,0.980518725,-0.3216893235217959,0.3216893235217959,0.29780060706748523,TRUE,TRUE
2007-09-14,Weddell,0.938142589,-0.3615623780655989,0.3615623780655989,0.29780060706748523,TRUE,TRUE
2007-09-15,Weddell,0.914977091,-0.3820956088790949,0.3820956088790949,0.29780060706748523,TRUE,TRUE
2007-09-16,Weddell,0.897929381,-0.396373132066294,0.396373132066294,0.29780060706748523,TRUE,TRUE
2007-09-17,Weddell,0.85358859,-0.43779708273120854,0.43779708273120854,0.29780060706748523,TRUE,TRUE
2007-09-18,Weddell,0.811745837,-0.4765676079778513,0.4765676079778513,0.29780060706748523,TRUE,TRUE
2007-09-19,Weddell,0.795206647,-0.48987044891023335,0.48987044891023335,0.29780060706748523,TRUE,TRUE
2007-09-20,Weddell,0.777927884,-0.5037400076323669,0.5037400076323669,0.29780060706748523,TRUE,TRUE
2007-09-21,Weddell,0.803928952,-0.4741481462482636,0.4741481462482636,0.29780060706748523,TRUE,TRUE
2007-09-22,Weddell,0.805190219,-0.4691057628619364,0.4691057628619364,0.29780060706748523,TRUE,TRUE
2007-09-23,Weddell,0.784247918,-0.4860700535230974,0.4860700535230974,0.29780060706748523,TRUE,TRUE
2007-09-24,Weddell,0.740375772,-0.5257838810485053,0.5257838810485053,0.29780060706748523,TRUE,TRUE
2007-09-25,Weddell,0.721788587,-0.5400630725057751,0.5400630725057751,0.29780060706748523,TRUE,TRUE
2007-09-26,Weddell,0.714944096,-0.5424807250609485,0.5424807250609485,0.29780060706748523,TRUE,TRUE
2007-09-27,Weddell,0.719697744,-0.5332122238800666,0.5332122238800666,0.29780060706748523,TRUE,TRUE
2007-09-28,Weddell,0.720882856,-0.5274550741291728,0.5274550741291728,0.29780060706748523,TRUE,TRUE
2007-09-29,Weddell,0.728192409,-0.5155471289743077,0.5155471289743077,0.29780060706748523,TRUE,TRUE
2007-09-30,Weddell,0.740464064,-0.4986815575815136,0.4986815575815136,0.29780060706748523,TRUE,TRUE
2007-10-01,Weddell,0.746657233,-0.487929778116832,0.487929778116832,0.29780060706748523,TRUE,TRUE
2007-10-02,Weddell,0.770047153,-0.4600473837463047,0.4600473837463047,0.29780060706748523,TRUE,TRUE
2007-10-03,Weddell,0.758257314,-0.4674417146359739,0.4674417146359739,0.29780060706748523,TRUE,TRUE
2007-10-04,Weddell,0.760850551,-0.46058076595188224,0.46058076595188224,0.29780060706748523,TRUE,TRUE
2007-10-05,Weddell,0.752388397,-0.4649338249799193,0.4649338249799193,0.29780060706748523,TRUE,TRUE
2007-10-06,Weddell,0.725385867,-0.4880047456835907,0.4880047456835907,0.29780060706748523,TRUE,TRUE
2007-10-07,Weddell,0.774121081,-0.43549912162244786,0.43549912162244786,0.29780060706748523,TRUE,TRUE
2007-10-08,Weddell,0.853253886,-0.35273438774421273,0.35273438774421273,0.29780060706748523,TRUE,TRUE
2007-10-09,Weddell,0.869344028,-0.3331280799966112,0.3331280799966112,0.29780060706748523,TRUE,TRUE
2007-10-10,Weddell,0.864421769,-0.3346272183273651,0.3346272183273651,0.29780060706748523,TRUE,TRUE
2007-10-11,Weddell,0.889593483,-0.30610271068420014,0.30610271068420014,0.29780060706748523,TRUE,TRUE
2007-10-12,Weddell,0.924698992,-0.26769201701483814,0.26769201701483814,0.29780060706748523,FALSE,FALSE
2007-10-13,Weddell,0.952415708,-0.23669500726700465,0.23669500726700465,0.29780060706748523,FALSE,FALSE
2007-10-14,Weddell,0.973887771,-0.2119448233884216,0.2119448233884216,0.29780060706748523,FALSE,FALSE
2007-10-15,Weddell,1.013124733,-0.16940919532681376,0.16940919532681376,0.29780060706748523,FALSE,FALSE
2007-10-16,Weddell,1.057127165,-0.1220648340299042,0.1220648340299042,0.29780060706748523,FALSE,FALSE
2007-10-17,Weddell,1.051624816,-0.1241592724454188,0.1241592724454188,0.29780060706748523,FALSE,FALSE
2007-10-18,Weddell,1.01982493,-0.1524629917983105,0.1524629917983105,0.29780060706748523,FALSE,FALSE
2007-10-19,Weddell,0.971420619,-0.19727002039060623,0.19727002039060623,0.29780060706748523,FALSE,FALSE
2007-10-20,Weddell,0.921583058,-0.2434053244819596,0.2434053244819596,0.29780060706748523,FALSE,FALSE
2007-10-21,Weddell,0.894563667,-0.26661398573283146,0.26661398573283146,0.29780060706748523,FALSE,FALSE
2007-10-22,Weddell,0.89942045,-0.2578345018036836,0.2578345018036836,0.29780060706748523,FALSE,FALSE
2007-10-23,Weddell,0.889346717,-0.2638700643549776,0.2638700643549776,0.29780060706748523,FALSE,FALSE
2007-10-24,Weddell,0.882488743,-0.26657090004717354,0.26657090004717354,0.29780060706748523,FALSE,FALSE
2007-10-25,Weddell,0.875659207,-0.2691208315407334,0.2691208315407334,0.29780060706748523,FALSE,FALSE
2007-10-26,Weddell,0.908775168,-0.2315993014961184,0.2315993014961184,0.29780060706748523,FALSE,FALSE
2007-10-27,Weddell,0.933492691,-0.20234674657379037,0.20234674657379037,0.29780060706748523,FALSE,FALSE
2007-10-28,Weddell,0.975228517,-0.15594292743420846,0.15594292743420846,0.29780060706748523,FALSE,FALSE
2007-10-29,Weddell,1.007186503,-0.11918048873783628,0.11918048873783628,0.29780060706748523,FALSE,FALSE
2007-10-30,Weddell,1.04333923,-0.0780833511451342,0.0780833511451342,0.29780060706748523,FALSE,FALSE
2007-10-31,Weddell,1.068585684,-0.04774968345914554,0.04774968345914554,0.29780060706748523,FALSE,FALSE
2007-11-01,Weddell,1.071634696,-0.03947102439252914,0.03947102439252914,0.29780060706748523,FALSE,FALSE
2007-11-02,Weddell,1.082688142,-0.023046855153249,0.023046855153249,0.29780060706748523,FALSE,FALSE
2007-11-03,Weddell,1.06988281,-0.03034174521473498,0.03034174521473498,0.29780060706748523,FALSE,FALSE
2007-11-04,Weddell,1.033828611,-0.06074714105041545,0.06074714105041545,0.29780060706748523,FALSE,FALSE
2007-11-05,Weddell,1.035619265,-0.05317068013372039,0.05317068013372039,0.29780060706748523,FALSE,FALSE
2007-11-06,Weddell,1.055761118,-0.02710737393807716,0.02710737393807716,0.29780060706748523,FALSE,FALSE
2007-11-07,Weddell,1.063076041,-0.01373670893691692,0.01373670893691692,0.29780060706748523,FALSE,FALSE
2007-11-08,Weddell,1.050289404,-0.02033467260366772,0.02033467260366772,0.29780060706748523,FALSE,FALSE
2007-11-09,Weddell,1.024668332,-0.03963549741175898,0.03963549741175898,0.29780060706748523,FALSE,FALSE
2007-11-10,Weddell,1.016104397,-0.04174896883461976,0.04174896883461976,0.29780060706748523,FALSE,FALSE
2007-11-11,Weddell,1.005104338,-0.04616970534567866,0.04616970534567866,0.29780060706748523,FALSE,FALSE
2007-11-12,Weddell,0.989821789,-0.05474533447780649,0.05474533447780649,0.29780060706748523,FALSE,FALSE
2007-11-13,Weddell,0.945102298,-0.0926262624280546,0.0926262624280546,0.29780060706748523,FALSE,FALSE
2007-11-14,Weddell,0.912606727,-0.11813960336030194,0.11813960336030194,0.29780060706748523,FALSE,FALSE
2007-11-15,Weddell,0.903385566,-0.12022218538212937,0.12022218538212937,0.29780060706748523,FALSE,FALSE
2007-11-16,Weddell,0.908885403,-0.1074147386011166,0.1074147386011166,0.29780060706748523,FALSE,FALSE
2007-11-17,Weddell,0.905195837,-0.10361498212484356,0.10361498212484356,0.29780060706748523,FALSE,FALSE
2007-11-18,Weddell,0.933379905,-0.0677471970608905,0.0677471970608905,0.29780060706748523,FALSE,FALSE
2007-11-19,Weddell,0.941327724,-0.051908584516838,0.051908584516838,0.29780060706748523,FALSE,FALSE
2007-11-20,Weddell,0.950521907,-0.03460384960026563,0.03460384960026563,0.29780060706748523,FALSE,FALSE
2007-11-21,Weddell,0.946263394,-0.0305193704187543,0.0305193704187543,0.29780060706748523,FALSE,FALSE
2007-11-22,Weddell,0.908814131,-0.05938051907988373,0.05938051907988373,0.29780060706748523,FALSE,FALSE
2007-11-23,Weddell,0.891664438,-0.06768429369123397,0.06768429369123397,0.29780060706748523,FALSE,FALSE
2007-11-24,Weddell,0.909440337,-0.04079199036038528,0.04079199036038528,0.29780060706748523,FALSE,FALSE
2007-11-25,Weddell,0.925367307,-0.01546783280118224,0.01546783280118224,0.29780060706748523,FALSE,FALSE
2007-11-26,Weddell,0.922903705,-0.00826333532773082,0.00826333532773082,0.29780060706748523,FALSE,FALSE
2007-11-27,Weddell,0.926558366,0.00531032445077928,0.00531032445077928,0.29780060706748523,FALSE,FALSE
2007-11-28,Weddell,0.923472992,0.01237475911073493,0.01237475911073493,0.29780060706748523,FALSE,FALSE
2007-11-29,Weddell,0.903828155,0.00309045122852524,0.00309045122852524,0.29780060706748523,FALSE,FALSE
2007-11-30,Weddell,0.871909631,-0.0182769126194614,0.0182769126194614,0.29780060706748523,FALSE,FALSE
2007-12-01,Weddell,0.856575673,-0.02288916885683722,0.02288916885683722,0.29780060706748523,FALSE,FALSE
2007-12-02,Weddell,0.844799813,-0.02379287490721426,0.02379287490721426,0.29780060706748523,FALSE,FALSE
2007-12-03,Weddell,0.842328187,-0.01526198419420332,0.01526198419420332,0.29780060706748523,FALSE,FALSE
2007-12-04,Weddell,0.840473233,-0.00600414814141703,0.00600414814141703,0.29780060706748523,FALSE,FALSE
2007-12-05,Weddell,0.825678433,-0.00959597417246693,0.00959597417246693,0.29780060706748523,FALSE,FALSE
2007-12-06,Weddell,0.814679203,-0.00932213571096429,0.00932213571096429,0.29780060706748523,FALSE,FALSE
2007-12-07,Weddell,0.844140565,0.031462302037917,0.031462302037917,0.29780060706748523,FALSE,FALSE
2007-12-08,Weddell,0.851511279,0.05018670054324681,0.05018670054324681,0.29780060706748523,FALSE,FALSE
2007-12-09,Weddell,0.839752221,0.04979419810350394,0.04979419810350394,0.29780060706748523,FALSE,FALSE
2007-12-10,Weddell,0.837298184,0.05870209535869541,0.05870209535869541,0.29780060706748523,FALSE,FALSE
2007-12-11,Weddell,0.834779841,0.06752357294883116,0.06752357294883116,0.29780060706748523,FALSE,FALSE
2007-12-12,Weddell,0.82623132,0.07027526651391913,0.07027526651391913,0.29780060706748523,FALSE,FALSE
2007-12-13,Weddell,0.803548562,0.0588356246939673,0.0588356246939673,0.29780060706748523,FALSE,FALSE
2007-12-14,Weddell,0.776477238,0.04293282612898463,0.04293282612898463,0.29780060706748523,FALSE,FALSE
2007-12-15,Weddell,0.750597522,0.02812955245897941,0.02812955245897941,0.29780060706748523,FALSE,FALSE
2007-12-16,Weddell,0.725334016,0.01383291332395997,0.01383291332395997,0.29780060706748523,FALSE,FALSE
2007-12-17,Weddell,0.700586104,-7.51996360652818e-5,7.51996360652818e-5,0.29780060706748523,FALSE,FALSE
2007-12-18,Weddell,0.667172489,-0.02279357578108742,0.02279357578108742,0.29780060706748523,FALSE,FALSE
2007-12-19,Weddell,0.631237945,-0.04819493347109893,0.04819493347109893,0.29780060706748523,FALSE,FALSE
2007-12-20,Weddell,0.606384925,-0.06269372695367026,0.06269372695367026,0.29780060706748523,FALSE,FALSE
2007-12-21,Weddell,0.594555262,-0.06435577872118226,0.06435577872118226,0.29780060706748523,FALSE,FALSE
2007-12-22,Weddell,0.577810147,-0.07112016832075596,0.07112016832075596,0.29780060706748523,FALSE,FALSE
2007-12-23,Weddell,0.561056812,-0.07807972850381295,0.07807972850381295,0.29780060706748523,FALSE,FALSE
2007-12-24,Weddell,0.560437712,-0.06909206902177645,0.06909206902177645,0.29780060706748523,FALSE,FALSE
2007-12-25,Weddell,0.561659529,-0.05845057262606845,0.05845057262606845,0.29780060706748523,FALSE,FALSE
2007-12-26,Weddell,0.550470684,-0.06040688306811304,0.06040688306811304,0.29780060706748523,FALSE,FALSE
2007-12-27,Weddell,0.528716377,-0.07311586509933188,0.07311586509933188,0.29780060706748523,FALSE,FALSE
2007-12-28,Weddell,0.500087754,-0.09288643747114678,0.09288643747114678,0.29780060706748523,FALSE,FALSE
2007-12-29,Weddell,0.493219489,-0.09108399093498154,0.09108399093498154,0.29780060706748523,FALSE,FALSE
2007-12-30,Weddell,0.486326918,-0.08949325424225957,0.08949325424225957,0.29780060706748523,FALSE,FALSE
2007-12-31,Weddell,0.480055911,-0.08746842214440143,0.08746842214440143,0.29780060706748523,FALSE,FALSE
2008-01-01,Weddell,0.486906882,-0.0725091453928306,0.0725091453928306,0.29780060706748523,FALSE,FALSE
2008-01-02,Weddell,0.484397234,-0.06709673287456652,0.06709673287456652,0.29780060706748523,FALSE,FALSE
2008-01-03,Weddell,0.473708423,-0.07004302901901066,0.07004302901901066,0.29780060706748523,FALSE,FALSE
2008-01-04,Weddell,0.474964273,-0.06121615739116237,0.06121615739116237,0.29780060706748523,FALSE,FALSE
2008-01-05,Weddell,0.475547996,-0.05322485355601814,0.05322485355601814,0.29780060706748523,FALSE,FALSE
2008-01-06,Weddell,0.477955621,-0.04356503607857909,0.04356503607857909,0.29780060706748523,FALSE,FALSE
2008-01-07,Weddell,0.470890383,-0.04352541752384137,0.04352541752384137,0.29780060706748523,FALSE,FALSE
2008-01-08,Weddell,0.479085502,-0.02836472545680413,0.02836472545680413,0.29780060706748523,FALSE,FALSE
2008-01-09,Weddell,0.483358347,-0.017257538442467132,0.017257538442467132,0.29780060706748523,FALSE,FALSE
2008-01-10,Weddell,0.469407475,-0.02449724704582645,0.02449724704582645,0.29780060706748523,FALSE,FALSE
2008-01-11,Weddell,0.460604896,-0.02670378883188234,0.02670378883188234,0.29780060706748523,FALSE,FALSE
2008-01-12,Weddell,0.451836827,-0.02898289436563178,0.02898289436563178,0.29780060706748523,FALSE,FALSE
2008-01-13,Weddell,0.402237916,-0.07219186321207449,0.07219186321207449,0.29780060706748523,FALSE,FALSE
2008-01-14,Weddell,0.404093091,-0.06403769849366647,0.06403769849366647,0.29780060706748523,FALSE,FALSE
2008-01-15,Weddell,0.404292366,-0.05762172729492831,0.05762172729492831,0.29780060706748523,FALSE,FALSE
2008-01-16,Weddell,0.375534551,-0.08023574150917939,0.08023574150917939,0.29780060706748523,FALSE,FALSE
2008-01-17,Weddell,0.365507741,-0.08418220128077802,0.08418220128077802,0.29780060706748523,FALSE,FALSE
2008-01-18,Weddell,0.361798206,-0.08186539175408236,0.08186539175408236,0.29780060706748523,FALSE,FALSE
2008-01-19,Weddell,0.363734123,-0.07394769107345078,0.07394769107345078,0.29780060706748523,FALSE,FALSE
2008-01-20,Weddell,0.352997875,-0.07873727138324071,0.07873727138324071,0.29780060706748523,FALSE,FALSE
2008-01-21,Weddell,0.329163072,-0.0966510778278109,0.0966510778278109,0.29780060706748523,FALSE,FALSE
2008-01-22,Weddell,0.29583231,-0.12407706955151898,0.12407706955151898,0.29780060706748523,FALSE,FALSE
2008-01-23,Weddell,0.276235176,-0.13777621469872348,0.13777621469872348,0.29780060706748523,FALSE,FALSE
2008-01-24,Weddell,0.261745755,-0.14636498341378207,0.14636498341378207,0.29780060706748523,FALSE,FALSE
2008-01-25,Weddell,0.237873578,-0.16432439984105338,0.16432439984105338,0.29780060706748523,FALSE,FALSE
2008-01-26,Weddell,0.222111955,-0.17415170912489433,0.17415170912489433,0.29780060706748523,FALSE,FALSE
2008-01-27,Weddell,0.220157301,-0.1701437235665921,0.1701437235665921,0.29780060706748523,FALSE,FALSE
2008-01-28,Weddell,0.213768161,-0.17055321452396166,0.17055321452396166,0.29780060706748523,FALSE,FALSE
2008-01-29,Weddell,0.20753516,-0.1708083741055006,0.1708083741055006,0.29780060706748523,FALSE,FALSE
2008-01-30,Weddell,0.200724572,-0.17166176958200513,0.17166176958200513,0.29780060706748523,FALSE,FALSE
2008-01-31,Weddell,0.181152478,-0.18531616122427097,0.18531616122427097,0.29780060706748523,FALSE,FALSE
2008-02-01,Weddell,0.198069464,-0.16253980430309492,0.16253980430309492,0.29780060706748523,FALSE,FALSE
2008-02-02,Weddell,0.196785514,-0.15804155608927245,0.15804155608927245,0.29780060706748523,FALSE,FALSE
2008-02-03,Weddell,0.178565233,-0.17057565285359994,0.17057565285359994,0.29780060706748523,FALSE,FALSE
2008-02-04,Weddell,0.161596704,-0.18197285286687356,0.18197285286687356,0.29780060706748523,FALSE,FALSE
2008-02-05,Weddell,0.157870276,-0.1802616483998891,0.1802616483998891,0.29780060706748523,FALSE,FALSE
2008-02-06,Weddell,0.144095545,-0.18875128472344296,0.18875128472344296,0.29780060706748523,FALSE,FALSE
2008-02-07,Weddell,0.142209174,-0.18552394010833123,0.18552394010833123,0.29780060706748523,FALSE,FALSE
2008-02-08,Weddell,0.137100445,-0.1857091495051271,0.1857091495051271,0.29780060706748523,FALSE,FALSE
2008-02-09,Weddell,0.130147675,-0.1879442020277596,0.1879442020277596,0.29780060706748523,FALSE,FALSE
2008-02-10,Weddell,0.122532032,-0.1910571502072278,0.1910571502072278,0.29780060706748523,FALSE,FALSE
2008-02-11,Weddell,0.118168392,-0.19114158358405875,0.19114158358405875,0.29780060706748523,FALSE,FALSE
2008-02-12,Weddell,0.120063849,-0.18519887369877797,0.18519887369877797,0.29780060706748523,FALSE,FALSE
2008-02-13,Weddell,0.12891011,-0.17254577909191218,0.17254577909191218,0.29780060706748523,FALSE,FALSE
2008-02-14,Weddell,0.11502007,-0.1828778703039873,0.1828778703039873,0.29780060706748523,FALSE,FALSE
2008-02-15,Weddell,0.101661525,-0.19293581687552977,0.19293581687552977,0.29780060706748523,FALSE,FALSE
2008-02-16,Weddell,0.095372539,-0.196190020347066,0.196190020347066,0.29780060706748523,FALSE,FALSE
2008-02-17,Weddell,0.094107189,-0.1946948692591219,0.1946948692591219,0.29780060706748523,FALSE,FALSE
2008-02-18,Weddell,0.088426836,-0.19789746815222437,0.19789746815222437,0.29780060706748523,FALSE,FALSE
2008-02-19,Weddell,0.088494964,-0.1956427985668993,0.1956427985668993,0.29780060706748523,FALSE,FALSE
2008-02-20,Weddell,0.096030286,-0.18622061304367263,0.18622061304367263,0.29780060706748523,FALSE,FALSE
2008-02-21,Weddell,0.101048715,-0.17962299170243384,0.17962299170243384,0.29780060706748523,FALSE,FALSE
2008-02-22,Weddell,0.097821101,-0.18158135020855456,0.18158135020855456,0.29780060706748523,FALSE,FALSE
2008-02-23,Weddell,0.100940119,-0.17750146907472436,0.17750146907472436,0.29780060706748523,FALSE,FALSE
2008-02-24,Weddell,0.10215871,-0.17562879393761127,0.17562879393761127,0.29780060706748523,FALSE,FALSE
2008-02-25,Weddell,0.104718382,-0.17272020343388284,0.17272020343388284,0.29780060706748523,FALSE,FALSE
2008-02-26,Weddell,0.09215146,-0.1852417592002068,0.1852417592002068,0.29780060706748523,FALSE,FALSE
2008-02-27,Weddell,0.092084527,-0.18556526487325045,0.18556526487325045,0.29780060706748523,FALSE,FALSE
2008-02-28,Weddell,0.088335041,-0.18987164908968152,0.18987164908968152,0.29780060706748523,FALSE,FALSE
2008-03-01,Weddell,0.092263893,-0.18795111669937692,0.18795111669937692,0.29780060706748523,FALSE,FALSE
2008-03-02,Weddell,0.087841007,-0.1938221973659762,0.1938221973659762,0.29780060706748523,FALSE,FALSE
2008-03-03,Weddell,0.092923808,-0.1904814631226332,0.1904814631226332,0.29780060706748523,FALSE,FALSE
2008-03-04,Weddell,0.096081548,-0.18935804773392345,0.18935804773392345,0.29780060706748523,FALSE,FALSE
2008-03-05,Weddell,0.091686367,-0.196074952890966,0.196074952890966,0.29780060706748523,FALSE,FALSE
2008-03-06,Weddell,0.076544647,-0.21381037681397044,0.21381037681397044,0.29780060706748523,FALSE,FALSE
2008-03-07,Weddell,0.080369286,-0.21283385604963975,0.21283385604963975,0.29780060706748523,FALSE,FALSE
2008-03-08,Weddell,0.082261315,-0.21402679414467812,0.21402679414467812,0.29780060706748523,FALSE,FALSE
2008-03-09,Weddell,0.081017467,-0.21857489264578991,0.21857489264578991,0.29780060706748523,FALSE,FALSE
2008-03-10,Weddell,0.086094693,-0.2170036350996783,0.2170036350996783,0.29780060706748523,FALSE,FALSE
2008-03-11,Weddell,0.10136998,-0.20541846905304692,0.20541846905304692,0.29780060706748523,FALSE,FALSE
2008-03-12,Weddell,0.112212094,-0.1984330630526005,0.1984330630526005,0.29780060706748523,FALSE,FALSE
2008-03-13,Weddell,0.133655163,-0.1809957236450421,0.1809957236450421,0.29780060706748523,FALSE,FALSE
2008-03-14,Weddell,0.166965139,-0.15182293337707578,0.15182293337707578,0.29780060706748523,FALSE,FALSE
2008-03-15,Weddell,0.187728047,-0.13531110179540556,0.13531110179540556,0.29780060706748523,FALSE,FALSE
2008-03-16,Weddell,0.206536313,-0.12085023744673508,0.12085023744673508,0.29780060706748523,FALSE,FALSE
2008-03-17,Weddell,0.221747874,-0.11006511664265234,0.11006511664265234,0.29780060706748523,FALSE,FALSE
2008-03-18,Weddell,0.229636611,-0.10667153380710905,0.10667153380710905,0.29780060706748523,FALSE,FALSE
2008-03-19,Weddell,0.229636611,-0.111232359791897,0.111232359791897,0.29780060706748523,FALSE,FALSE
2008-03-20,Weddell,0.229002644,-0.1164901253174275,0.1164901253174275,0.29780060706748523,FALSE,FALSE
2008-03-21,Weddell,0.22838042,-0.12179642110411124,0.12179642110411124,0.29780060706748523,FALSE,FALSE
2008-03-22,Weddell,0.217715523,-0.1372029638723589,0.1372029638723589,0.29780060706748523,FALSE,FALSE
2008-03-23,Weddell,0.196982408,-0.16273259934258094,0.16273259934258094,0.29780060706748523,FALSE,FALSE
2008-03-24,Weddell,0.174951655,-0.18961204823518793,0.18961204823518793,0.29780060706748523,FALSE,FALSE
2008-03-25,Weddell,0.173070609,-0.19639126627059128,0.19639126627059128,0.29780060706748523,FALSE,FALSE
2008-03-26,Weddell,0.173070609,-0.20133621516920136,0.20133621516920136,0.29780060706748523,FALSE,FALSE
2008-03-27,Weddell,0.159856189,-0.2195396616514287,0.2195396616514287,0.29780060706748523,FALSE,FALSE
2008-03-28,Weddell,0.141526423,-0.24289983243768387,0.24289983243768387,0.29780060706748523,FALSE,FALSE
2008-03-29,Weddell,0.136472192,-0.25302314724837804,0.25302314724837804,0.29780060706748523,FALSE,FALSE
2008-03-30,Weddell,0.143479982,-0.25112207199160236,0.25112207199160236,0.29780060706748523,FALSE,FALSE
2008-03-31,Weddell,0.159942493,-0.2398118840221741,0.2398118840221741,0.29780060706748523,FALSE,FALSE
2008-04-01,Weddell,0.216001201,-0.1889621529578636,0.1889621529578636,0.29780060706748523,FALSE,FALSE
2008-04-02,Weddell,0.229168853,-0.18107117995297184,0.18107117995297184,0.29780060706748523,FALSE,FALSE
2008-04-03,Weddell,0.23919,-0.17640546216179986,0.17640546216179986,0.29780060706748523,FALSE,FALSE
2008-04-04,Weddell,0.240933749,-0.18010694073864883,0.18010694073864883,0.29780060706748523,FALSE,FALSE
2008-04-05,Weddell,0.253463399,-0.17312336483781854,0.17312336483781854,0.29780060706748523,FALSE,FALSE
2008-04-06,Weddell,0.264808749,-0.16743598361361106,0.16743598361361106,0.29780060706748523,FALSE,FALSE
2008-04-07,Weddell,0.288024675,-0.15000096922032646,0.15000096922032646,0.29780060706748523,FALSE,FALSE
2008-04-08,Weddell,0.306246214,-0.1376943328122665,0.1376943328122665,0.29780060706748523,FALSE,FALSE
2008-04-09,Weddell,0.336500105,-0.1135003835437312,0.1135003835437312,0.29780060706748523,FALSE,FALSE
2008-04-10,Weddell,0.363659727,-0.0925567905690226,0.0925567905690226,0.29780060706748523,FALSE,FALSE
2008-04-11,Weddell,0.368112187,-0.0944873283398257,0.0944873283398257,0.29780060706748523,FALSE,FALSE
2008-04-12,Weddell,0.354354854,-0.11479362837360464,0.11479362837360464,0.29780060706748523,FALSE,FALSE
2008-04-13,Weddell,0.330495128,-0.1453477055743197,0.1453477055743197,0.29780060706748523,FALSE,FALSE
2008-04-14,Weddell,0.327834088,-0.15482606646195496,0.15482606646195496,0.29780060706748523,FALSE,FALSE
2008-04-15,Weddell,0.337912557,-0.15166547355649596,0.15166547355649596,0.29780060706748523,FALSE,FALSE
2008-04-16,Weddell,0.336703375,-0.15987067237792765,0.15987067237792765,0.29780060706748523,FALSE,FALSE
2008-04-17,Weddell,0.336170814,-0.1674549764462348,0.1674549764462348,0.29780060706748523,FALSE,FALSE
2008-04-18,Weddell,0.344953073,-0.16575777228140265,0.16575777228140265,0.29780060706748523,FALSE,FALSE
2008-04-19,Weddell,0.365593388,-0.15221340940341616,0.15221340940341616,0.29780060706748523,FALSE,FALSE
2008-04-20,Weddell,0.37810956,-0.14678167233226042,0.14678167233226042,0.29780060706748523,FALSE,FALSE
2008-04-21,Weddell,0.40075245,-0.1311892855879206,0.1311892855879206,0.29780060706748523,FALSE,FALSE
2008-04-22,Weddell,0.419594338,-0.11934155469038132,0.11934155469038132,0.29780060706748523,FALSE,FALSE
2008-04-23,Weddell,0.445861327,-0.09998996215962835,0.09998996215962835,0.29780060706748523,FALSE,FALSE
2008-04-24,Weddell,0.473323341,-0.07934418691957651,0.07934418691957651,0.29780060706748523,FALSE,FALSE
2008-04-25,Weddell,0.482061657,-0.07732171511227465,0.07732171511227465,0.29780060706748523,FALSE,FALSE
2008-04-26,Weddell,0.494521221,-0.07148695192836801,0.07148695192836801,0.29780060706748523,FALSE,FALSE
2008-04-27,Weddell,0.497001302,-0.07555009109190086,0.07555009109190086,0.29780060706748523,FALSE,FALSE
2008-04-28,Weddell,0.487644099,-0.09137839632691765,0.09137839632691765,0.29780060706748523,FALSE,FALSE
2008-04-29,Weddell,0.462726706,-0.1227042363574633,0.1227042363574633,0.29780060706748523,FALSE,FALSE
2008-04-30,Weddell,0.450874184,-0.14091201290758182,0.14091201290758182,0.29780060706748523,FALSE,FALSE
2008-05-01,Weddell,0.441502303,-0.1565954187013179,0.1565954187013179,0.29780060706748523,FALSE,FALSE
2008-05-02,Weddell,0.418374431,-0.1860005484627156,0.1860005484627156,0.29780060706748523,FALSE,FALSE
2008-05-03,Weddell,0.408375209,-0.20225222391581943,0.20225222391581943,0.29780060706748523,FALSE,FALSE
2008-05-04,Weddell,0.419605115,-0.1972594297846747,0.1972594297846747,0.29780060706748523,FALSE,FALSE
2008-05-05,Weddell,0.430780082,-0.19231569579332505,0.19231569579332505,0.29780060706748523,FALSE,FALSE
2008-05-06,Weddell,0.434543281,-0.19478732149439243,0.19478732149439243,0.29780060706748523,FALSE,FALSE
2008-05-07,Weddell,0.418876468,-0.21670638599481665,0.21670638599481665,0.29780060706748523,FALSE,FALSE
2008-05-08,Weddell,0.406330369,-0.235547614542793,0.235547614542793,0.29780060706748523,FALSE,FALSE
2008-05-09,Weddell,0.420750312,-0.22749304166033735,0.22749304166033735,0.29780060706748523,FALSE,FALSE
2008-05-10,Weddell,0.474427339,-0.18027898786946703,0.18027898786946703,0.29780060706748523,FALSE,FALSE
2008-05-11,Weddell,0.505562315,-0.15573195069219725,0.15573195069219725,0.29780060706748523,FALSE,FALSE
2008-05-12,Weddell,0.528614278,-0.13942025465054608,0.13942025465054608,0.29780060706748523,FALSE,FALSE
2008-05-13,Weddell,0.539188931,-0.13576555926652922,0.13576555926652922,0.29780060706748523,FALSE,FALSE
2008-05-14,Weddell,0.565309425,-0.11677207606216287,0.11677207606216287,0.29780060706748523,FALSE,FALSE
2008-05-15,Weddell,0.580876613,-0.10856631455946396,0.10856631455946396,0.29780060706748523,FALSE,FALSE
2008-05-16,Weddell,0.56166177,-0.1354043622804486,0.1354043622804486,0.29780060706748523,FALSE,FALSE
2008-05-17,Weddell,0.533699094,-0.17127938374713336,0.17127938374713336,0.29780060706748523,FALSE,FALSE
2008-05-18,Weddell,0.541798826,-0.17140850048153478,0.17140850048153478,0.29780060706748523,FALSE,FALSE
2008-05-19,Weddell,0.54177781,-0.18000035134252712,0.18000035134252712,0.29780060706748523,FALSE,FALSE
2008-05-20,Weddell,0.537303486,-0.19337868038456665,0.19337868038456665,0.29780060706748523,FALSE,FALSE
2008-05-21,Weddell,0.574594128,-0.16528643135273924,0.16528643135273924,0.29780060706748523,FALSE,FALSE
2008-05-22,Weddell,0.607454951,-0.14187859878414388,0.14187859878414388,0.29780060706748523,FALSE,FALSE
2008-05-23,Weddell,0.640965806,-0.11803554121587788,0.11803554121587788,0.29780060706748523,FALSE,FALSE
2008-05-24,Weddell,0.66575723,-0.10308693118503875,0.10308693118503875,0.29780060706748523,FALSE,FALSE
2008-05-25,Weddell,0.704764828,-0.07405737322872519,0.07405737322872519,0.29780060706748523,FALSE,FALSE
2008-05-26,Weddell,0.725800974,-0.0630947028840344,0.0630947028840344,0.29780060706748523,FALSE,FALSE
2008-05-27,Weddell,0.722811308,-0.07621348968806485,0.07621348968806485,0.29780060706748523,FALSE,FALSE
2008-05-28,Weddell,0.727203393,-0.08196638017791358,0.08196638017791358,0.29780060706748523,FALSE,FALSE
2008-05-29,Weddell,0.742042209,-0.07724860389067933,0.07724860389067933,0.29780060706748523,FALSE,FALSE
2008-05-30,Weddell,0.800678477,-0.02866964936345917,0.02866964936345917,0.29780060706748523,FALSE,FALSE
2008-05-31,Weddell,0.808687747,-0.03061417613335182,0.03061417613335182,0.29780060706748523,FALSE,FALSE
2008-06-01,Weddell,0.793890956,-0.05522964541695063,0.05522964541695063,0.29780060706748523,FALSE,FALSE
2008-06-02,Weddell,0.77660356,-0.08220532662439806,0.08220532662439806,0.29780060706748523,FALSE,FALSE
2008-06-03,Weddell,0.776603194,-0.0917783803914044,0.0917783803914044,0.29780060706748523,FALSE,FALSE
2008-06-04,Weddell,0.790118059,-0.08773540172670624,0.08773540172670624,0.29780060706748523,FALSE,FALSE
2008-06-05,Weddell,0.797414084,-0.08982525763904181,0.08982525763904181,0.29780060706748523,FALSE,FALSE
2008-06-06,Weddell,0.773921936,-0.12263207713714663,0.12263207713714663,0.29780060706748523,FALSE,FALSE
2008-06-07,Weddell,0.74984971,-0.1559625612297595,0.1559625612297595,0.29780060706748523,FALSE,FALSE
2008-06-08,Weddell,0.752437357,-0.16259155492561628,0.16259155492561628,0.29780060706748523,FALSE,FALSE
2008-06-09,Weddell,0.745075897,-0.17914283423345478,0.17914283423345478,0.29780060706748523,FALSE,FALSE
2008-06-10,Weddell,0.741393311,-0.19200321416201083,0.19200321416201083,0.29780060706748523,FALSE,FALSE
2008-06-11,Weddell,0.766669551,-0.17590753872002296,0.17590753872002296,0.29780060706748523,FALSE,FALSE
2008-06-12,Weddell,0.790701842,-0.16107337891622753,0.16107337891622753,0.29780060706748523,FALSE,FALSE
2008-06-13,Weddell,0.824641544,-0.13636375637945108,0.13636375637945108,0.29780060706748523,FALSE,FALSE
2008-06-14,Weddell,0.817242136,-0.15302130615347098,0.15302130615347098,0.29780060706748523,FALSE,FALSE
2008-06-15,Weddell,0.782700273,-0.19682042679297207,0.19682042679297207,0.29780060706748523,FALSE,FALSE
2008-06-16,Weddell,0.775283834,-0.21346247717746925,0.21346247717746925,0.29780060706748523,FALSE,FALSE
2008-06-17,Weddell,0.772177573,-0.2257319411864831,0.2257319411864831,0.29780060706748523,FALSE,FALSE
2008-06-18,Weddell,0.770312218,-0.236667328699529,0.236667328699529,0.29780060706748523,FALSE,FALSE
2008-06-19,Weddell,0.762295168,-0.25363047859612486,0.25363047859612486,0.29780060706748523,FALSE,FALSE
2008-06-20,Weddell,0.782635431,-0.24208162075578843,0.24208162075578843,0.29780060706748523,FALSE,FALSE
2008-06-21,Weddell,0.75969155,-0.27363145005803646,0.27363145005803646,0.29780060706748523,FALSE,FALSE
2008-06-22,Weddell,0.73135685,-0.31035587938238696,0.31035587938238696,0.29780060706748523,TRUE,FALSE
2008-06-23,Weddell,0.738718404,-0.3111370736083571,0.3111370736083571,0.29780060706748523,TRUE,FALSE
2008-06-24,Weddell,0.739798713,-0.3179217696154647,0.3179217696154647,0.29780060706748523,TRUE,FALSE
2008-06-25,Weddell,0.755747408,-0.30952957428322714,0.30952957428322714,0.29780060706748523,TRUE,FALSE
2008-06-26,Weddell,0.784064744,-0.2884335948676132,0.2884335948676132,0.29780060706748523,FALSE,FALSE
2008-06-27,Weddell,0.852709599,-0.22667948149711512,0.22667948149711512,0.29780060706748523,FALSE,FALSE
2008-06-28,Weddell,0.884184329,-0.20178364721245545,0.20178364721245545,0.29780060706748523,FALSE,FALSE
2008-06-29,Weddell,0.899597327,-0.19265654127415743,0.19265654127415743,0.29780060706748523,FALSE,FALSE
2008-06-30,Weddell,0.935742928,-0.1625226709427443,0.1625226709427443,0.29780060706748523,FALSE,FALSE
2008-07-01,Weddell,0.969510931,-0.13451107947873953,0.13451107947873953,0.29780060706748523,FALSE,FALSE
2008-07-02,Weddell,1.019028472,-0.09051347314266532,0.09051347314266532,0.29780060706748523,FALSE,FALSE
2008-07-03,Weddell,1.051375072,-0.06346917319504697,0.06346917319504697,0.29780060706748523,FALSE,FALSE
2008-07-04,Weddell,1.096424993,-0.02352275989640628,0.02352275989640628,0.29780060706748523,FALSE,FALSE
2008-07-05,Weddell,1.129262068,0.00439075749273309,0.00439075749273309,0.29780060706748523,FALSE,FALSE
2008-07-06,Weddell,1.170670662,0.04103690171184748,0.04103690171184748,0.29780060706748523,FALSE,FALSE
2008-07-07,Weddell,1.202230223,0.06797627850041299,0.06797627850041299,0.29780060706748523,FALSE,FALSE
2008-07-08,Weddell,1.200373401,0.06162270313312068,0.06162270313312068,0.29780060706748523,FALSE,FALSE
2008-07-09,Weddell,1.181418747,0.03827735744875693,0.03827735744875693,0.29780060706748523,FALSE,FALSE
2008-07-10,Weddell,1.139988277,-0.00745190436431753,0.00745190436431753,0.29780060706748523,FALSE,FALSE
2008-07-11,Weddell,1.086752413,-0.0649083976689453,0.0649083976689453,0.29780060706748523,FALSE,FALSE
2008-07-12,Weddell,1.052291832,-0.1035251828279684,0.1035251828279684,0.29780060706748523,FALSE,FALSE
2008-07-13,Weddell,1.065463907,-0.0944586242042298,0.0944586242042298,0.29780060706748523,FALSE,FALSE
2008-07-14,Weddell,1.093508487,-0.07048261016057267,0.07048261016057267,0.29780060706748523,FALSE,FALSE
2008-07-15,Weddell,1.107543559,-0.06049289105983901,0.06049289105983901,0.29780060706748523,FALSE,FALSE
2008-07-16,Weddell,1.089182201,-0.08289012626487269,0.08289012626487269,0.29780060706748523,FALSE,FALSE
2008-07-17,Weddell,1.083281,-0.09283146613851434,0.09283146613851434,0.29780060706748523,FALSE,FALSE
2008-07-18,Weddell,1.075919592,-0.10425101204360908,0.10425101204360908,0.29780060706748523,FALSE,FALSE
2008-07-19,Weddell,1.047013575,-0.13724690334299727,0.13724690334299727,0.29780060706748523,FALSE,FALSE
2008-07-20,Weddell,0.995541789,-0.19285403739952311,0.19285403739952311,0.29780060706748523,FALSE,FALSE
2008-07-21,Weddell,0.937812298,-0.2547770441253435,0.2547770441253435,0.29780060706748523,FALSE,FALSE
2008-07-22,Weddell,0.881011907,-0.3158274104156553,0.3158274104156553,0.29780060706748523,TRUE,TRUE
2008-07-23,Weddell,0.855281186,-0.3458523599639385,0.3458523599639385,0.29780060706748523,TRUE,TRUE
2008-07-24,Weddell,0.833158184,-0.3723013993236078,0.3723013993236078,0.29780060706748523,TRUE,TRUE
2008-07-25,Weddell,0.796909014,-0.4128959710480763,0.4128959710480763,0.29780060706748523,TRUE,TRUE
2008-07-26,Weddell,0.857805405,-0.35635190169076114,0.35635190169076114,0.29780060706748523,TRUE,TRUE
2008-07-27,Weddell,0.919670502,-0.29883360180507523,0.29883360180507523,0.29780060706748523,TRUE,TRUE
2008-07-28,Weddell,0.942315632,-0.2805172999444322,0.2805172999444322,0.29780060706748523,FALSE,FALSE
2008-07-29,Weddell,0.964386832,-0.26274451466224824,0.26274451466224824,0.29780060706748523,FALSE,FALSE
2008-07-30,Weddell,1.029860533,-0.2015263705119381,0.2015263705119381,0.29780060706748523,FALSE,FALSE
2008-07-31,Weddell,1.032108612,-0.2034785460469144,0.2034785460469144,0.29780060706748523,FALSE,FALSE
2008-08-01,Weddell,0.977220822,-0.26249884382059396,0.26249884382059396,0.29780060706748523,FALSE,FALSE
2008-08-02,Weddell,0.966503088,-0.27726889451696335,0.27726889451696335,0.29780060706748523,FALSE,FALSE
2008-08-03,Weddell,0.98844532,-0.25928986878549487,0.25928986878549487,0.29780060706748523,FALSE,FALSE
2008-08-04,Weddell,1.002209075,-0.2494040061877818,0.2494040061877818,0.29780060706748523,FALSE,FALSE
2008-08-05,Weddell,1.018880338,-0.2365319846375535,0.2365319846375535,0.29780060706748523,FALSE,FALSE
2008-08-06,Weddell,1.095969728,-0.16316984804854173,0.16316984804854173,0.29780060706748523,FALSE,FALSE
2008-08-07,Weddell,1.159785122,-0.1030163823344752,0.1030163823344752,0.29780060706748523,FALSE,FALSE
2008-08-08,Weddell,1.150016004,-0.11638876640908546,0.11638876640908546,0.29780060706748523,FALSE,FALSE
2008-08-09,Weddell,1.144568261,-0.1253877761861022,0.1253877761861022,0.29780060706748523,FALSE,FALSE
2008-08-10,Weddell,1.213369761,-0.06009220657925596,0.06009220657925596,0.29780060706748523,FALSE,FALSE
2008-08-11,Weddell,1.271959367,-0.0049698575022774,0.0049698575022774,0.29780060706748523,FALSE,FALSE
2008-08-12,Weddell,1.27074966,-0.00961481086889515,0.00961481086889515,0.29780060706748523,FALSE,FALSE
2008-08-13,Weddell,1.333288821,0.04951445140715838,0.04951445140715838,0.29780060706748523,FALSE,FALSE
2008-08-14,Weddell,1.349471734,0.06230615041215337,0.06230615041215337,0.29780060706748523,FALSE,FALSE
2008-08-15,Weddell,1.398398594,0.10785436718192588,0.10785436718192588,0.29780060706748523,FALSE,FALSE
2008-08-16,Weddell,1.421363127,0.127463029822678,0.127463029822678,0.29780060706748523,FALSE,FALSE
2008-08-17,Weddell,1.432138292,0.13493397446994604,0.13493397446994604,0.29780060706748523,FALSE,FALSE
2008-08-18,Weddell,1.389796023,0.08936903569914767,0.08936903569914767,0.29780060706748523,FALSE,FALSE
2008-08-19,Weddell,1.327617487,0.02407928108569979,0.02407928108569979,0.29780060706748523,FALSE,FALSE
2008-08-20,Weddell,1.326037286,0.01952921320501821,0.01952921320501821,0.29780060706748523,FALSE,FALSE
2008-08-21,Weddell,1.373249883,0.06394319563252204,0.06394319563252204,0.29780060706748523,FALSE,FALSE
2008-08-22,Weddell,1.446079546,0.13417539694362657,0.13417539694362657,0.29780060706748523,FALSE,FALSE
2008-08-23,Weddell,1.468285271,0.15401471371375042,0.15401471371375042,0.29780060706748523,FALSE,FALSE
2008-08-24,Weddell,1.493527786,0.1771517745183091,0.1771517745183091,0.29780060706748523,FALSE,FALSE
2008-08-25,Weddell,1.495322632,0.1771320209327205,0.1771320209327205,0.29780060706748523,FALSE,FALSE
2008-08-26,Weddell,1.499496301,0.17981184553240204,0.17981184553240204,0.29780060706748523,FALSE,FALSE
2008-08-27,Weddell,1.48672368,0.16589603589277058,0.16589603589277058,0.29780060706748523,FALSE,FALSE
2008-08-28,Weddell,1.45287184,0.13127588658322664,0.13127588658322664,0.29780060706748523,FALSE,FALSE
2008-08-29,Weddell,1.434850336,0.11285067305642138,0.11285067305642138,0.29780060706748523,FALSE,FALSE
2008-08-30,Weddell,1.426407429,0.10434541284489818,0.10434541284489818,0.29780060706748523,FALSE,FALSE
2008-08-31,Weddell,1.388208377,0.06640209722818602,0.06640209722818602,0.29780060706748523,FALSE,FALSE
2008-09-01,Weddell,1.340360991,0.01910527048581301,0.01910527048581301,0.29780060706748523,FALSE,FALSE
2008-09-02,Weddell,1.284610685,-0.03582292010269428,0.03582292010269428,0.29780060706748523,FALSE,FALSE
2008-09-03,Weddell,1.225232518,-0.09413068225780608,0.09413068225780608,0.29780060706748523,FALSE,FALSE
2008-09-04,Weddell,1.21586406,-0.10220371269999506,0.10220371269999506,0.29780060706748523,FALSE,FALSE
2008-09-05,Weddell,1.229410495,-0.08716009414973325,0.08716009414973325,0.29780060706748523,FALSE,FALSE
2008-09-06,Weddell,1.234280334,-0.08061458232749263,0.08061458232749263,0.29780060706748523,FALSE,FALSE
2008-09-07,Weddell,1.244035327,-0.069028693953745,0.069028693953745,0.29780060706748523,FALSE,FALSE
2008-09-08,Weddell,1.22343319,-0.0876679797489619,0.0876679797489619,0.29780060706748523,FALSE,FALSE
2008-09-09,Weddell,1.184426319,-0.12460319846841594,0.12460319846841594,0.29780060706748523,FALSE,FALSE
2008-09-10,Weddell,1.152763855,-0.15409773482721567,0.15409773482721567,0.29780060706748523,FALSE,FALSE
2008-09-11,Weddell,1.105780904,-0.19880977414367185,0.19880977414367185,0.29780060706748523,FALSE,FALSE
2008-09-12,Weddell,1.081418571,-0.220789477521796,0.220789477521796,0.29780060706748523,FALSE,FALSE
2008-09-13,Weddell,1.061205696,-0.23849927106559887,0.23849927106559887,0.29780060706748523,FALSE,FALSE
2008-09-14,Weddell,1.045191936,-0.25188076387909497,0.25188076387909497,0.29780060706748523,FALSE,FALSE
2008-09-15,Weddell,1.014381989,-0.27992052406629386,0.27992052406629386,0.29780060706748523,FALSE,FALSE
2008-09-16,Weddell,0.97514921,-0.31623646273120853,0.31623646273120853,0.29780060706748523,TRUE,TRUE
2008-09-17,Weddell,0.955076024,-0.33323742097785125,0.33323742097785125,0.29780060706748523,TRUE,TRUE
2008-09-18,Weddell,0.926211855,-0.3588652409102333,0.3588652409102333,0.29780060706748523,TRUE,TRUE
2008-09-19,Weddell,0.897818903,-0.38384898863236694,0.38384898863236694,0.29780060706748523,TRUE,TRUE
2008-09-20,Weddell,0.896079215,-0.38199788324826367,0.38199788324826367,0.29780060706748523,TRUE,TRUE
2008-09-21,Weddell,0.863585942,-0.4107100398619363,0.4107100398619363,0.29780060706748523,TRUE,TRUE
2008-09-22,Weddell,0.849312331,-0.4210056405230974,0.4210056405230974,0.29780060706748523,TRUE,TRUE
2008-09-23,Weddell,0.831990962,-0.4341686910485053,0.4341686910485053,0.29780060706748523,TRUE,TRUE
2008-09-24,Weddell,0.814974196,-0.4468774635057752,0.4468774635057752,0.29780060706748523,TRUE,TRUE
2008-09-25,Weddell,0.809262961,-0.4481618600609485,0.4481618600609485,0.29780060706748523,TRUE,TRUE
2008-09-26,Weddell,0.81045456,-0.44245540788006654,0.44245540788006654,0.29780060706748523,TRUE,TRUE
2008-09-27,Weddell,0.800732626,-0.4476053041291729,0.4476053041291729,0.29780060706748523,TRUE,TRUE
2008-09-28,Weddell,0.791278156,-0.45246138197430774,0.45246138197430774,0.29780060706748523,TRUE,TRUE
2008-09-29,Weddell,0.787870697,-0.4512749245815135,0.4512749245815135,0.29780060706748523,TRUE,TRUE
2008-09-30,Weddell,0.83656277,-0.398024241116832,0.398024241116832,0.29780060706748523,TRUE,TRUE
2008-10-01,Weddell,0.884919333,-0.3451752037463047,0.3451752037463047,0.29780060706748523,TRUE,TRUE
2008-10-02,Weddell,0.956691977,-0.26900705163597394,0.26900705163597394,0.29780060706748523,FALSE,FALSE
2008-10-03,Weddell,0.978792744,-0.24263857295188215,0.24263857295188215,0.29780060706748523,FALSE,FALSE
2008-10-04,Weddell,1.03750607,-0.1798161519799193,0.1798161519799193,0.29780060706748523,FALSE,FALSE
2008-10-05,Weddell,1.080611165,-0.13277944768359062,0.13277944768359062,0.29780060706748523,FALSE,FALSE
2008-10-06,Weddell,1.058302036,-0.1513181666224479,0.1513181666224479,0.29780060706748523,FALSE,FALSE
2008-10-07,Weddell,1.042969793,-0.16301848074421277,0.16301848074421277,0.29780060706748523,FALSE,FALSE
2008-10-08,Weddell,0.995873388,-0.20659871999661117,0.20659871999661117,0.29780060706748523,FALSE,FALSE
2008-10-09,Weddell,0.965892656,-0.23315633132736513,0.23315633132736513,0.29780060706748523,FALSE,FALSE
2008-10-10,Weddell,0.952134161,-0.24356203268420007,0.24356203268420007,0.29780060706748523,FALSE,FALSE
2008-10-11,Weddell,0.949689724,-0.24270128501483823,0.24270128501483823,0.29780060706748523,FALSE,FALSE
2008-10-12,Weddell,0.969014637,-0.2200960782670046,0.2200960782670046,0.29780060706748523,FALSE,FALSE
2008-10-13,Weddell,1.0062243,-0.17960829438842163,0.17960829438842163,0.29780060706748523,FALSE,FALSE
2008-10-14,Weddell,1.008335641,-0.17419828732681375,0.17419828732681375,0.29780060706748523,FALSE,FALSE
2008-10-15,Weddell,0.956213891,-0.22297810802990423,0.22297810802990423,0.29780060706748523,FALSE,FALSE
2008-10-16,Weddell,0.89410489,-0.28167919844541867,0.28167919844541867,0.29780060706748523,FALSE,FALSE
2008-10-17,Weddell,0.86570698,-0.3065809417983104,0.3065809417983104,0.29780060706748523,TRUE,TRUE
2008-10-18,Weddell,0.841590113,-0.32710052639060627,0.32710052639060627,0.29780060706748523,TRUE,TRUE
2008-10-19,Weddell,0.839627326,-0.32536105648195957,0.32536105648195957,0.29780060706748523,TRUE,TRUE
2008-10-20,Weddell,0.82355123,-0.3376264227328315,0.3376264227328315,0.29780060706748523,TRUE,TRUE
2008-10-21,Weddell,0.804965358,-0.35228959380368363,0.35228959380368363,0.29780060706748523,TRUE,TRUE
2008-10-22,Weddell,0.792314109,-0.3609026723549776,0.3609026723549776,0.29780060706748523,TRUE,TRUE
2008-10-23,Weddell,0.790396235,-0.35866340804717356,0.35866340804717356,0.29780060706748523,TRUE,TRUE
2008-10-24,Weddell,0.795264269,-0.3495157695407334,0.3495157695407334,0.29780060706748523,TRUE,TRUE
2008-10-25,Weddell,0.80521202,-0.3351624494961184,0.3351624494961184,0.29780060706748523,TRUE,TRUE
2008-10-26,Weddell,0.79482613,-0.34101330757379034,0.34101330757379034,0.29780060706748523,TRUE,TRUE
2008-10-27,Weddell,0.781952441,-0.3492190034342084,0.3492190034342084,0.29780060706748523,TRUE,TRUE
2008-10-28,Weddell,0.736498105,-0.38986888673783626,0.38986888673783626,0.29780060706748523,TRUE,TRUE
2008-10-29,Weddell,0.72527116,-0.3961514211451342,0.3961514211451342,0.29780060706748523,TRUE,TRUE
2008-10-30,Weddell,0.72154405,-0.3947913174591456,0.3947913174591456,0.29780060706748523,TRUE,TRUE
2008-10-31,Weddell,0.730059806,-0.3810459143925292,0.3810459143925292,0.29780060706748523,TRUE,TRUE
2008-11-01,Weddell,0.765170728,-0.3405642691532491,0.3405642691532491,0.29780060706748523,TRUE,TRUE
2008-11-02,Weddell,0.807394512,-0.29283004321473494,0.29283004321473494,0.29780060706748523,FALSE,FALSE
2008-11-03,Weddell,0.833577535,-0.26099821705041537,0.26099821705041537,0.29780060706748523,FALSE,FALSE
2008-11-04,Weddell,0.854322722,-0.23446722313372037,0.23446722313372037,0.29780060706748523,FALSE,FALSE
2008-11-05,Weddell,0.884660147,-0.19820834493807715,0.19820834493807715,0.29780060706748523,FALSE,FALSE
2008-11-06,Weddell,0.878133843,-0.19867890693691692,0.19867890693691692,0.29780060706748523,FALSE,FALSE
2008-11-07,Weddell,0.852397538,-0.2182265386036677,0.2182265386036677,0.29780060706748523,FALSE,FALSE
2008-11-08,Weddell,0.823082873,-0.241220956411759,0.241220956411759,0.29780060706748523,FALSE,FALSE
2008-11-09,Weddell,0.786942642,-0.2709107238346199,0.2709107238346199,0.29780060706748523,FALSE,FALSE
2008-11-10,Weddell,0.746944796,-0.3043292473456787,0.3043292473456787,0.29780060706748523,TRUE,FALSE
2008-11-11,Weddell,0.720262381,-0.3243047424778065,0.3243047424778065,0.29780060706748523,TRUE,FALSE
2008-11-12,Weddell,0.724455231,-0.31327332942805464,0.31327332942805464,0.29780060706748523,TRUE,FALSE
2008-11-13,Weddell,0.747978597,-0.2827677333603019,0.2827677333603019,0.29780060706748523,FALSE,FALSE
2008-11-14,Weddell,0.756146165,-0.26746158638212936,0.26746158638212936,0.29780060706748523,FALSE,FALSE
2008-11-15,Weddell,0.751404759,-0.26489538260111656,0.26489538260111656,0.29780060706748523,FALSE,FALSE
2008-11-16,Weddell,0.733709014,-0.2751018051248435,0.2751018051248435,0.29780060706748523,FALSE,FALSE
2008-11-17,Weddell,0.701096022,-0.3000310800608905,0.3000310800608905,0.29780060706748523,TRUE,TRUE
2008-11-18,Weddell,0.689235927,-0.30400038151683795,0.30400038151683795,0.29780060706748523,TRUE,TRUE
2008-11-19,Weddell,0.676838179,-0.3082875776002657,0.3082875776002657,0.29780060706748523,TRUE,TRUE
2008-11-20,Weddell,0.668166667,-0.3086160974187543,0.3086160974187543,0.29780060706748523,TRUE,TRUE
2008-11-21,Weddell,0.667373665,-0.30082098507988375,0.30082098507988375,0.29780060706748523,TRUE,TRUE
2008-11-22,Weddell,0.684543348,-0.27480538369123386,0.27480538369123386,0.29780060706748523,FALSE,FALSE
2008-11-23,Weddell,0.678453905,-0.2717784223603853,0.2717784223603853,0.29780060706748523,FALSE,FALSE
2008-11-24,Weddell,0.660565684,-0.28026945580118223,0.28026945580118223,0.29780060706748523,FALSE,FALSE
2008-11-25,Weddell,0.638149884,-0.29301715632773084,0.29301715632773084,0.29780060706748523,FALSE,FALSE
2008-11-26,Weddell,0.628535865,-0.29271217654922066,0.29271217654922066,0.29780060706748523,FALSE,FALSE
2008-11-27,Weddell,0.623541184,-0.28755704888926503,0.28755704888926503,0.29780060706748523,FALSE,FALSE
2008-11-28,Weddell,0.611090577,-0.28964712677147475,0.28964712677147475,0.29780060706748523,FALSE,FALSE
2008-11-29,Weddell,0.608680292,-0.2815062516194614,0.2815062516194614,0.29780060706748523,FALSE,FALSE
2008-11-30,Weddell,0.603003947,-0.2764608948568372,0.2764608948568372,0.29780060706748523,FALSE,FALSE
2008-12-01,Weddell,0.589216342,-0.2793763459072143,0.2793763459072143,0.29780060706748523,FALSE,FALSE
2008-12-02,Weddell,0.581732054,-0.2758581171942033,0.2758581171942033,0.29780060706748523,FALSE,FALSE
2008-12-03,Weddell,0.567540158,-0.278937223141417,0.278937223141417,0.29780060706748523,FALSE,FALSE
2008-12-04,Weddell,0.581331014,-0.25394339317246695,0.25394339317246695,0.29780060706748523,FALSE,FALSE
2008-12-05,Weddell,0.58770321700000006,-0.2362981217109642,0.2362981217109642,0.29780060706748523,FALSE,FALSE
2008-12-06,Weddell,0.604475434,-0.20820282896208295,0.20820282896208295,0.29780060706748523,FALSE,FALSE
2008-12-07,Weddell,0.607106789,-0.19421778945675316,0.19421778945675316,0.29780060706748523,FALSE,FALSE
2008-12-08,Weddell,0.61275573,-0.17720229289649603,0.17720229289649603,0.29780060706748523,FALSE,FALSE
2008-12-09,Weddell,0.615316022,-0.16328006664130457,0.16328006664130457,0.29780060706748523,FALSE,FALSE
2008-12-10,Weddell,0.608421613,-0.1588346550511689,0.1588346550511689,0.29780060706748523,FALSE,FALSE
2008-12-11,Weddell,0.613962041,-0.1419940124860809,0.1419940124860809,0.29780060706748523,FALSE,FALSE
2008-12-12,Weddell,0.622093906,-0.12261903130603267,0.12261903130603267,0.29780060706748523,FALSE,FALSE
2008-12-13,Weddell,0.624006287,-0.10953812487101532,0.10953812487101532,0.29780060706748523,FALSE,FALSE
2008-12-14,Weddell,0.611550383,-0.11091758654102056,0.11091758654102056,0.29780060706748523,FALSE,FALSE
2008-12-15,Weddell,0.60774953,-0.10375157267604009,0.10375157267604009,0.29780060706748523,FALSE,FALSE
2008-12-16,Weddell,0.607813141,-0.09284816263606532,0.09284816263606532,0.29780060706748523,FALSE,FALSE
2008-12-17,Weddell,0.602807717,-0.08715834778108744,0.08715834778108744,0.29780060706748523,FALSE,FALSE
2008-12-18,Weddell,0.575525838,-0.10390704047109887,0.10390704047109887,0.29780060706748523,FALSE,FALSE
2008-12-19,Weddell,0.565604108,-0.10347454395367016,0.10347454395367016,0.29780060706748523,FALSE,FALSE
2008-12-20,Weddell,0.581160086,-0.07775095472118221,0.07775095472118221,0.29780060706748523,FALSE,FALSE
2008-12-21,Weddell,0.574455694,-0.074474621320756,0.074474621320756,0.29780060706748523,FALSE,FALSE
2008-12-22,Weddell,0.554596094,-0.08454044650381298,0.08454044650381298,0.29780060706748523,FALSE,FALSE
2008-12-23,Weddell,0.541614683,-0.08791509802177644,0.08791509802177644,0.29780060706748523,FALSE,FALSE
2008-12-24,Weddell,0.535081191,-0.08502891062606854,0.08502891062606854,0.29780060706748523,FALSE,FALSE
2008-12-25,Weddell,0.543238556,-0.06763901106811299,0.06763901106811299,0.29780060706748523,FALSE,FALSE
2008-12-26,Weddell,0.542501716,-0.05933052609933187,0.05933052609933187,0.29780060706748523,FALSE,FALSE
2008-12-27,Weddell,0.541260965,-0.05171322647114684,0.05171322647114684,0.29780060706748523,FALSE,FALSE
2008-12-28,Weddell,0.532504237,-0.0517992429349815,0.0517992429349815,0.29780060706748523,FALSE,FALSE
2008-12-29,Weddell,0.523190673,-0.05262949924225957,0.05262949924225957,0.29780060706748523,FALSE,FALSE
2008-12-30,Weddell,0.513289739,-0.05423459414440146,0.05423459414440146,0.29780060706748523,FALSE,FALSE
2008-12-31,Weddell,0.50955667,-0.04985935739283065,0.04985935739283065,0.29780060706748523,FALSE,FALSE
2009-01-01,Weddell,0.532624102,-0.02679192539283059,0.02679192539283059,0.29780060706748523,FALSE,FALSE
2009-01-02,Weddell,0.469568583,-0.08192538387456655,0.08192538387456655,0.29780060706748523,FALSE,FALSE
2009-01-03,Weddell,0.435125396,-0.10862605601901064,0.10862605601901064,0.29780060706748523,FALSE,FALSE
2009-01-04,Weddell,0.443839392,-0.09234103839116237,0.09234103839116237,0.29780060706748523,FALSE,FALSE
2009-01-05,Weddell,0.438789908,-0.0899829415560181,0.0899829415560181,0.29780060706748523,FALSE,FALSE
2009-01-06,Weddell,0.440579493,-0.0809411640785791,0.0809411640785791,0.29780060706748523,FALSE,FALSE
2009-01-07,Weddell,0.443737411,-0.07067838952384137,0.07067838952384137,0.29780060706748523,FALSE,FALSE
2009-01-08,Weddell,0.426925535,-0.0805246924568041,0.0805246924568041,0.29780060706748523,FALSE,FALSE
2009-01-09,Weddell,0.405519325,-0.09509656044246716,0.09509656044246716,0.29780060706748523,FALSE,FALSE
2009-01-10,Weddell,0.402946605,-0.09095811704582646,0.09095811704582646,0.29780060706748523,FALSE,FALSE
2009-01-11,Weddell,0.404838737,-0.08246994783188233,0.08246994783188233,0.29780060706748523,FALSE,FALSE
2009-01-12,Weddell,0.398616197,-0.08220352436563177,0.08220352436563177,0.29780060706748523,FALSE,FALSE
2009-01-13,Weddell,0.374819426,-0.09961035321207444,0.09961035321207444,0.29780060706748523,FALSE,FALSE
2009-01-14,Weddell,0.359711355,-0.10841943449366648,0.10841943449366648,0.29780060706748523,FALSE,FALSE
2009-01-15,Weddell,0.354635882,-0.10727821129492832,0.10727821129492832,0.29780060706748523,FALSE,FALSE
2009-01-16,Weddell,0.354007695,-0.10176259750917938,0.10176259750917938,0.29780060706748523,FALSE,FALSE
2009-01-17,Weddell,0.34705883,-0.10263111228077804,0.10263111228077804,0.29780060706748523,FALSE,FALSE
2009-01-18,Weddell,0.344532792,-0.0991308057540824,0.0991308057540824,0.29780060706748523,FALSE,FALSE
2009-01-19,Weddell,0.339513893,-0.0981679210734508,0.0981679210734508,0.29780060706748523,FALSE,FALSE
2009-01-20,Weddell,0.339506552,-0.09222859438324071,0.09222859438324071,0.29780060706748523,FALSE,FALSE
2009-01-21,Weddell,0.330711131,-0.09510301882781091,0.09510301882781091,0.29780060706748523,FALSE,FALSE
2009-01-22,Weddell,0.314239397,-0.105669982551519,0.105669982551519,0.29780060706748523,FALSE,FALSE
2009-01-23,Weddell,0.303005521,-0.1110058696987235,0.1110058696987235,0.29780060706748523,FALSE,FALSE
2009-01-24,Weddell,0.306125731,-0.10198500741378208,0.10198500741378208,0.29780060706748523,FALSE,FALSE
2009-01-25,Weddell,0.303085221,-0.09911275684105336,0.09911275684105336,0.29780060706748523,FALSE,FALSE
2009-01-26,Weddell,0.292447628,-0.10381603612489432,0.10381603612489432,0.29780060706748523,FALSE,FALSE
2009-01-27,Weddell,0.271752218,-0.11854880656659211,0.11854880656659211,0.29780060706748523,FALSE,FALSE
2009-01-28,Weddell,0.25728273,-0.12703864552396166,0.12703864552396166,0.29780060706748523,FALSE,FALSE
2009-01-29,Weddell,0.251074339,-0.1272691951055006,0.1272691951055006,0.29780060706748523,FALSE,FALSE
2009-01-30,Weddell,0.248576192,-0.12381014958200512,0.12381014958200512,0.29780060706748523,FALSE,FALSE
2009-01-31,Weddell,0.240318955,-0.12614968422427095,0.12614968422427095,0.29780060706748523,FALSE,FALSE
2009-02-01,Weddell,0.227166256,-0.1334430123030949,0.1334430123030949,0.29780060706748523,FALSE,FALSE
2009-02-02,Weddell,0.237816743,-0.11701032708927243,0.11701032708927243,0.29780060706748523,FALSE,FALSE
2009-02-03,Weddell,0.236571054,-0.11256983185359992,0.11256983185359992,0.29780060706748523,FALSE,FALSE
2009-02-04,Weddell,0.212176761,-0.13139279586687358,0.13139279586687358,0.29780060706748523,FALSE,FALSE
2009-02-05,Weddell,0.195361061,-0.1427708633998891,0.1427708633998891,0.29780060706748523,FALSE,FALSE
2009-02-06,Weddell,0.204945027,-0.12790180272344293,0.12790180272344293,0.29780060706748523,FALSE,FALSE
2009-02-07,Weddell,0.199325247,-0.1284078671083312,0.1284078671083312,0.29780060706748523,FALSE,FALSE
2009-02-08,Weddell,0.189230343,-0.1335792515051271,0.1335792515051271,0.29780060706748523,FALSE,FALSE
2009-02-09,Weddell,0.181659065,-0.1364328120277596,0.1364328120277596,0.29780060706748523,FALSE,FALSE
2009-02-10,Weddell,0.177869615,-0.1357195672072278,0.1357195672072278,0.29780060706748523,FALSE,FALSE
2009-02-11,Weddell,0.175959159,-0.13335081658405876,0.13335081658405876,0.29780060706748523,FALSE,FALSE
2009-02-12,Weddell,0.169622987,-0.13563973569877796,0.13563973569877796,0.29780060706748523,FALSE,FALSE
2009-02-13,Weddell,0.168422285,-0.13303360409191217,0.13303360409191217,0.29780060706748523,FALSE,FALSE
2009-02-14,Weddell,0.175420484,-0.12247745630398732,0.12247745630398732,0.29780060706748523,FALSE,FALSE
2009-02-15,Weddell,0.172242019,-0.12235532287552978,0.12235532287552978,0.29780060706748523,FALSE,FALSE
2009-02-16,Weddell,0.166546889,-0.12501567034706598,0.12501567034706598,0.29780060706748523,FALSE,FALSE
2009-02-17,Weddell,0.167183913,-0.12161814525912192,0.12161814525912192,0.29780060706748523,FALSE,FALSE
2009-02-18,Weddell,0.17100739,-0.11531691415222436,0.11531691415222436,0.29780060706748523,FALSE,FALSE
2009-02-19,Weddell,0.166615191,-0.11752257156689933,0.11752257156689933,0.29780060706748523,FALSE,FALSE
2009-02-20,Weddell,0.162188142,-0.12006275704367268,0.12006275704367268,0.29780060706748523,FALSE,FALSE
2009-02-21,Weddell,0.157810545,-0.12286116170243386,0.12286116170243386,0.29780060706748523,FALSE,FALSE
2009-02-22,Weddell,0.143432382,-0.13597006920855456,0.13597006920855456,0.29780060706748523,FALSE,FALSE
2009-02-23,Weddell,0.137717911,-0.14072367707472436,0.14072367707472436,0.29780060706748523,FALSE,FALSE
2009-02-24,Weddell,0.136471015,-0.14131648893761126,0.14131648893761126,0.29780060706748523,FALSE,FALSE
2009-02-25,Weddell,0.153451751,-0.12398683443388284,0.12398683443388284,0.29780060706748523,FALSE,FALSE
2009-02-26,Weddell,0.165381882,-0.1120113372002068,0.1120113372002068,0.29780060706748523,FALSE,FALSE
2009-02-27,Weddell,0.163475633,-0.11417415887325044,0.11417415887325044,0.29780060706748523,FALSE,FALSE
2009-02-28,Weddell,0.15601102,-0.12219567008968152,0.12219567008968152,0.29780060706748523,FALSE,FALSE
2009-03-01,Weddell,0.150476586,-0.12858571448616793,0.12858571448616793,0.29780060706748523,FALSE,FALSE
2009-03-02,Weddell,0.148645379,-0.1315696306993769,0.1315696306993769,0.29780060706748523,FALSE,FALSE
2009-03-03,Weddell,0.144280329,-0.13738287536597618,0.13738287536597618,0.29780060706748523,FALSE,FALSE
2009-03-04,Weddell,0.149270119,-0.1341351521226332,0.1341351521226332,0.29780060706748523,FALSE,FALSE
2009-03-05,Weddell,0.148631646,-0.13680794973392346,0.13680794973392346,0.29780060706748523,FALSE,FALSE
2009-03-06,Weddell,0.137337883,-0.150423436890966,0.150423436890966,0.29780060706748523,FALSE,FALSE
2009-03-07,Weddell,0.139132001,-0.15122302281397043,0.15122302281397043,0.29780060706748523,FALSE,FALSE
2009-03-08,Weddell,0.137874856,-0.15532828604963975,0.15532828604963975,0.29780060706748523,FALSE,FALSE
2009-03-09,Weddell,0.126568063,-0.16972004614467812,0.16972004614467812,0.29780060706748523,FALSE,FALSE
2009-03-10,Weddell,0.119652375,-0.17993998464578995,0.17993998464578995,0.29780060706748523,FALSE,FALSE
2009-03-11,Weddell,0.128496063,-0.1746022650996783,0.1746022650996783,0.29780060706748523,FALSE,FALSE
2009-03-12,Weddell,0.138065218,-0.16872323105304693,0.16872323105304693,0.29780060706748523,FALSE,FALSE
2009-03-13,Weddell,0.150800792,-0.1598443650526005,0.1598443650526005,0.29780060706748523,FALSE,FALSE
2009-03-14,Weddell,0.158354574,-0.1562963126450421,0.1562963126450421,0.29780060706748523,FALSE,FALSE
2009-03-15,Weddell,0.183610221,-0.1351778513770758,0.1351778513770758,0.29780060706748523,FALSE,FALSE
2009-03-16,Weddell,0.208895635,-0.11414351379540558,0.11414351379540558,0.29780060706748523,FALSE,FALSE
2009-03-17,Weddell,0.214552546,-0.11283400444673508,0.11283400444673508,0.29780060706748523,FALSE,FALSE
2009-03-18,Weddell,0.212000084,-0.11981290664265234,0.11981290664265234,0.29780060706748523,FALSE,FALSE
2009-03-19,Weddell,0.190500573,-0.14580757180710902,0.14580757180710902,0.29780060706748523,FALSE,FALSE
2009-03-20,Weddell,0.183456651,-0.157412319791897,0.157412319791897,0.29780060706748523,FALSE,FALSE
2009-03-21,Weddell,0.178428433,-0.1670643363174275,0.1670643363174275,0.29780060706748523,FALSE,FALSE
2009-03-22,Weddell,0.166452978,-0.18372386310411123,0.18372386310411123,0.29780060706748523,FALSE,FALSE
2009-03-23,Weddell,0.159537373,-0.19538111387235887,0.19538111387235887,0.29780060706748523,FALSE,FALSE
2009-03-24,Weddell,0.159546049,-0.20016895834258097,0.20016895834258097,0.29780060706748523,FALSE,FALSE
2009-03-25,Weddell,0.182256735,-0.1823069682351879,0.1823069682351879,0.29780060706748523,FALSE,FALSE
2009-03-26,Weddell,0.204274564,-0.16518731127059127,0.16518731127059127,0.29780060706748523,FALSE,FALSE
2009-03-27,Weddell,0.227026078,-0.14738074616920135,0.14738074616920135,0.29780060706748523,FALSE,FALSE
2009-03-28,Weddell,0.239029495,-0.14036635565142871,0.14036635565142871,0.29780060706748523,FALSE,FALSE
2009-03-29,Weddell,0.24919752,-0.13522873543768388,0.13522873543768388,0.29780060706748523,FALSE,FALSE
2009-03-30,Weddell,0.244806738,-0.14468860124837804,0.14468860124837804,0.29780060706748523,FALSE,FALSE
2009-03-31,Weddell,0.235338346,-0.15926370799160236,0.15926370799160236,0.29780060706748523,FALSE,FALSE
2009-04-01,Weddell,0.222805879,-0.17694849802217408,0.17694849802217408,0.29780060706748523,FALSE,FALSE
2009-04-02,Weddell,0.206431893,-0.1985314609578636,0.1985314609578636,0.29780060706748523,FALSE,FALSE
2009-04-03,Weddell,0.199437039,-0.21080299395297183,0.21080299395297183,0.29780060706748523,FALSE,FALSE
2009-04-04,Weddell,0.197541038,-0.21805442416179988,0.21805442416179988,0.29780060706748523,FALSE,FALSE
2009-04-05,Weddell,0.204459791,-0.21658089873864883,0.21658089873864883,0.29780060706748523,FALSE,FALSE
2009-04-06,Weddell,0.2449273,-0.18165946383781853,0.18165946383781853,0.29780060706748523,FALSE,FALSE
2009-04-07,Weddell,0.266411043,-0.16583368961361106,0.16583368961361106,0.29780060706748523,FALSE,FALSE
2009-04-08,Weddell,0.253219445,-0.18480619922032648,0.18480619922032648,0.29780060706748523,FALSE,FALSE
2009-04-09,Weddell,0.22040654,-0.2235340068122665,0.2235340068122665,0.29780060706748523,FALSE,FALSE
2009-04-10,Weddell,0.215403133,-0.2345973555437312,0.2345973555437312,0.29780060706748523,FALSE,FALSE
2009-04-11,Weddell,0.257567044,-0.19864947356902257,0.19864947356902257,0.29780060706748523,FALSE,FALSE
2009-04-12,Weddell,0.298446636,-0.1641528793398257,0.1641528793398257,0.29780060706748523,FALSE,FALSE
2009-04-13,Weddell,0.299072179,-0.17007630337360463,0.17007630337360463,0.29780060706748523,FALSE,FALSE
2009-04-14,Weddell,0.300935102,-0.1749077315743197,0.1749077315743197,0.29780060706748523,FALSE,FALSE
2009-04-15,Weddell,0.35552088,-0.127139274461955,0.127139274461955,0.29780060706748523,FALSE,FALSE
2009-04-16,Weddell,0.385658181,-0.10391984955649596,0.10391984955649596,0.29780060706748523,FALSE,FALSE
2009-04-17,Weddell,0.381359014,-0.11521503337792766,0.11521503337792766,0.29780060706748523,FALSE,FALSE
2009-04-18,Weddell,0.36384695,-0.1397788404462348,0.1397788404462348,0.29780060706748523,FALSE,FALSE
2009-04-19,Weddell,0.360104177,-0.15060666828140262,0.15060666828140262,0.29780060706748523,FALSE,FALSE
2009-04-20,Weddell,0.373296502,-0.1445102954034162,0.1445102954034162,0.29780060706748523,FALSE,FALSE
2009-04-21,Weddell,0.427044695,-0.09784653733226044,0.09784653733226044,0.29780060706748523,FALSE,FALSE
2009-04-22,Weddell,0.477606552,-0.05433518358792055,0.05433518358792055,0.29780060706748523,FALSE,FALSE
2009-04-23,Weddell,0.53244792,-0.00648797269038137,0.00648797269038137,0.29780060706748523,FALSE,FALSE
2009-04-24,Weddell,0.567293814,0.02144252484037168,0.02144252484037168,0.29780060706748523,FALSE,FALSE
2009-04-25,Weddell,0.594648388,0.04198086008042345,0.04198086008042345,0.29780060706748523,FALSE,FALSE
2009-04-26,Weddell,0.610172895,0.05078952288772542,0.05078952288772542,0.29780060706748523,FALSE,FALSE
2009-04-27,Weddell,0.622608178,0.05660000507163199,0.05660000507163199,0.29780060706748523,FALSE,FALSE
2009-04-28,Weddell,0.625706711,0.05315531790809913,0.05315531790809913,0.29780060706748523,FALSE,FALSE
2009-04-29,Weddell,0.60583256,0.02681006467308233,0.02681006467308233,0.29780060706748523,FALSE,FALSE
2009-04-30,Weddell,0.579767396,-0.00566354635746324,0.00566354635746324,0.29780060706748523,FALSE,FALSE
2009-05-01,Weddell,0.564856399,-0.02692979790758187,0.02692979790758187,0.29780060706748523,FALSE,FALSE
2009-05-02,Weddell,0.544946896,-0.0531508257013179,0.0531508257013179,0.29780060706748523,FALSE,FALSE
2009-05-03,Weddell,0.536800762,-0.06757421746271552,0.06757421746271552,0.29780060706748523,FALSE,FALSE
2009-05-04,Weddell,0.533616658,-0.07701077491581942,0.07701077491581942,0.29780060706748523,FALSE,FALSE
2009-05-05,Weddell,0.562805081,-0.05405946378467463,0.05405946378467463,0.29780060706748523,FALSE,FALSE
2009-05-06,Weddell,0.603219527,-0.019876250793325,0.019876250793325,0.29780060706748523,FALSE,FALSE
2009-05-07,Weddell,0.624910553,-0.00442004949439245,0.00442004949439245,0.29780060706748523,FALSE,FALSE
2009-05-08,Weddell,0.656512589,0.02092973500518336,0.02092973500518336,0.29780060706748523,FALSE,FALSE
2009-05-09,Weddell,0.673883666,0.03200568245720703,0.03200568245720703,0.29780060706748523,FALSE,FALSE
2009-05-10,Weddell,0.678187231,0.02994387733966264,0.02994387733966264,0.29780060706748523,FALSE,FALSE
2009-05-11,Weddell,0.682497299,0.02779097213053294,0.02779097213053294,0.29780060706748523,FALSE,FALSE
2009-05-12,Weddell,0.67870183,0.01740756430780266,0.01740756430780266,0.29780060706748523,FALSE,FALSE
2009-05-13,Weddell,0.671202954,0.00316842134945383,0.00316842134945383,0.29780060706748523,FALSE,FALSE
2009-05-14,Weddell,0.664887834,-0.01006665626652925,0.01006665626652925,0.29780060706748523,FALSE,FALSE
2009-05-15,Weddell,0.681463088,-6.184130621629258e-4,6.184130621629258e-4,0.29780060706748523,FALSE,FALSE
2009-05-16,Weddell,0.698013366,0.00857043844053595,0.00857043844053595,0.29780060706748523,FALSE,FALSE
2009-05-17,Weddell,0.705931844,0.00886571171955141,0.00886571171955141,0.29780060706748523,FALSE,FALSE
2009-05-18,Weddell,0.715915134,0.01093665625286655,0.01093665625286655,0.29780060706748523,FALSE,FALSE
2009-05-19,Weddell,0.738300248,0.02509292151846531,0.02509292151846531,0.29780060706748523,FALSE,FALSE
2009-05-20,Weddell,0.782318112,0.06053995065747286,0.06053995065747286,0.29780060706748523,FALSE,FALSE
2009-05-21,Weddell,0.785413103,0.05473093661543338,0.05473093661543338,0.29780060706748523,FALSE,FALSE
2009-05-22,Weddell,0.776758471,0.03687791164726073,0.03687791164726073,0.29780060706748523,FALSE,FALSE
2009-05-23,Weddell,0.757578,0.00824445021585607,0.00824445021585607,0.29780060706748523,FALSE,FALSE
2009-05-24,Weddell,0.735816763,-0.02318458421587788,0.02318458421587788,0.29780060706748523,FALSE,FALSE
2009-05-25,Weddell,0.701774273,-0.06706988818503878,0.06706988818503878,0.29780060706748523,FALSE,FALSE
2009-05-26,Weddell,0.717035603,-0.06178659822872512,0.06178659822872512,0.29780060706748523,FALSE,FALSE
2009-05-27,Weddell,0.738222517,-0.05067315988403442,0.05067315988403442,0.29780060706748523,FALSE,FALSE
2009-05-28,Weddell,0.727177914,-0.07184688368806491,0.07184688368806491,0.29780060706748523,FALSE,FALSE
2009-05-29,Weddell,0.718490264,-0.09067950917791356,0.09067950917791356,0.29780060706748523,FALSE,FALSE
2009-05-30,Weddell,0.709303409,-0.10998740389067928,0.10998740389067928,0.29780060706748523,FALSE,FALSE
2009-05-31,Weddell,0.690828848,-0.13851927836345923,0.13851927836345923,0.29780060706748523,FALSE,FALSE
2009-06-01,Weddell,0.725422475,-0.11387944813335182,0.11387944813335182,0.29780060706748523,FALSE,FALSE
2009-06-02,Weddell,0.789175979,-0.05994462241695064,0.05994462241695064,0.29780060706748523,FALSE,FALSE
2009-06-03,Weddell,0.79473285,-0.06407603662439798,0.06407603662439798,0.29780060706748523,FALSE,FALSE
2009-06-04,Weddell,0.789154075,-0.07922749939140439,0.07922749939140439,0.29780060706748523,FALSE,FALSE
2009-06-05,Weddell,0.762682291,-0.11517116972670628,0.11517116972670628,0.29780060706748523,FALSE,FALSE
2009-06-06,Weddell,0.7510394,-0.1361999416390418,0.1361999416390418,0.29780060706748523,FALSE,FALSE
2009-06-07,Weddell,0.794831868,-0.1017221451371466,0.1017221451371466,0.29780060706748523,FALSE,FALSE
2009-06-08,Weddell,0.847849557,-0.05796271422975951,0.05796271422975951,0.29780060706748523,FALSE,FALSE
2009-06-09,Weddell,0.888500819,-0.02652809292561631,0.02652809292561631,0.29780060706748523,FALSE,FALSE
2009-06-10,Weddell,0.887902168,-0.03631656323345478,0.03631656323345478,0.29780060706748523,FALSE,FALSE
2009-06-11,Weddell,0.89767626,-0.03572026516201088,0.03572026516201088,0.29780060706748523,FALSE,FALSE
2009-06-12,Weddell,0.909863938,-0.03271315172002298,0.03271315172002298,0.29780060706748523,FALSE,FALSE
2009-06-13,Weddell,0.917899566,-0.03387565491622757,0.03387565491622757,0.29780060706748523,FALSE,FALSE
2009-06-14,Weddell,0.933809284,-0.02719601637945112,0.02719601637945112,0.29780060706748523,FALSE,FALSE
2009-06-15,Weddell,0.943520549,-0.02674289315347089,0.02674289315347089,0.29780060706748523,FALSE,FALSE
2009-06-16,Weddell,0.934737372,-0.04478332779297211,0.04478332779297211,0.29780060706748523,FALSE,FALSE
2009-06-17,Weddell,0.951244683,-0.03750162817746927,0.03750162817746927,0.29780060706748523,FALSE,FALSE
2009-06-18,Weddell,0.997307713,-6.018011864831196e-4,6.018011864831196e-4,0.29780060706748523,FALSE,FALSE
2009-06-19,Weddell,1.046727475,0.03974792830047091,0.03974792830047091,0.29780060706748523,FALSE,FALSE
2009-06-20,Weddell,1.103498157,0.08757251040387515,0.08757251040387515,0.29780060706748523,FALSE,FALSE
2009-06-21,Weddell,1.125458457,0.10074140524421148,0.10074140524421148,0.29780060706748523,FALSE,FALSE
2009-06-22,Weddell,1.148719819,0.11539681894196364,0.11539681894196364,0.29780060706748523,FALSE,FALSE
2009-06-23,Weddell,1.170664171,0.12895144161761318,0.12895144161761318,0.29780060706748523,FALSE,FALSE
2009-06-24,Weddell,1.207886375,0.1580308973916429,0.1580308973916429,0.29780060706748523,FALSE,FALSE
2009-06-25,Weddell,1.198234145,0.14051366238453533,0.14051366238453533,0.29780060706748523,FALSE,FALSE
2009-06-26,Weddell,1.190976359,0.1256993767167729,0.1256993767167729,0.29780060706748523,FALSE,FALSE
2009-06-27,Weddell,1.163002782,0.0905044431323867,0.0905044431323867,0.29780060706748523,FALSE,FALSE
2009-06-28,Weddell,1.146506217,0.06711713650288487,0.06711713650288487,0.29780060706748523,FALSE,FALSE
2009-06-29,Weddell,1.150761273,0.06479329678754464,0.06479329678754464,0.29780060706748523,FALSE,FALSE
2009-06-30,Weddell,1.15375686,0.06150299172584272,0.06150299172584272,0.29780060706748523,FALSE,FALSE
2009-07-01,Weddell,1.216480182,0.11821458305725564,0.11821458305725564,0.29780060706748523,FALSE,FALSE
2009-07-02,Weddell,1.244977797,0.1409557865212605,0.1409557865212605,0.29780060706748523,FALSE,FALSE
2009-07-03,Weddell,1.253509745,0.14396779985733454,0.14396779985733454,0.29780060706748523,FALSE,FALSE
2009-07-04,Weddell,1.260228524,0.14538427880495308,0.14538427880495308,0.29780060706748523,FALSE,FALSE
2009-07-05,Weddell,1.256529936,0.1365821831035936,0.1365821831035936,0.29780060706748523,FALSE,FALSE
2009-07-06,Weddell,1.301379296,0.17650798549273294,0.17650798549273294,0.29780060706748523,FALSE,FALSE
2009-07-07,Weddell,1.346165745,0.21653198471184745,0.21653198471184745,0.29780060706748523,FALSE,FALSE
2009-07-08,Weddell,1.386040735,0.25178679050041297,0.25178679050041297,0.29780060706748523,FALSE,FALSE
2009-07-09,Weddell,1.399890789,0.26114009113312076,0.26114009113312076,0.29780060706748523,FALSE,FALSE
2009-07-10,Weddell,1.387191281,0.244049891448757,0.244049891448757,0.29780060706748523,FALSE,FALSE
2009-07-11,Weddell,1.425093305,0.2776531236356825,0.2776531236356825,0.29780060706748523,FALSE,FALSE
2009-07-12,Weddell,1.4412977,0.2896368893310548,0.2896368893310548,0.29780060706748523,FALSE,FALSE
2009-07-13,Weddell,1.426700345,0.2708833301720315,0.2708833301720315,0.29780060706748523,FALSE,FALSE
2009-07-14,Weddell,1.397660415,0.2377378837957702,0.2377378837957702,0.29780060706748523,FALSE,FALSE
2009-07-15,Weddell,1.384487462,0.22049636483942736,0.22049636483942736,0.29780060706748523,FALSE,FALSE
2009-07-16,Weddell,1.395226978,0.22719052794016092,0.22719052794016092,0.29780060706748523,FALSE,FALSE
2009-07-17,Weddell,1.351565393,0.17949306573512724,0.17949306573512724,0.29780060706748523,FALSE,FALSE
2009-07-18,Weddell,1.285162607,0.10905014086148568,0.10905014086148568,0.29780060706748523,FALSE,FALSE
2009-07-19,Weddell,1.253656115,0.073485510956391,0.073485510956391,0.29780060706748523,FALSE,FALSE
2009-07-20,Weddell,1.291706498,0.10744601965700262,0.10744601965700262,0.29780060706748523,FALSE,FALSE
2009-07-21,Weddell,1.305892504,0.11749667760047688,0.11749667760047688,0.29780060706748523,FALSE,FALSE
2009-07-22,Weddell,1.27534344,0.0827540978746566,0.0827540978746566,0.29780060706748523,FALSE,FALSE
2009-07-23,Weddell,1.257227668,0.06038835058434477,0.06038835058434477,0.29780060706748523,FALSE,FALSE
2009-07-24,Weddell,1.268642789,0.06750924303606154,0.06750924303606154,0.29780060706748523,FALSE,FALSE
2009-07-25,Weddell,1.34581073,0.14035114667639226,0.14035114667639226,0.29780060706748523,FALSE,FALSE
2009-07-26,Weddell,1.37012667,0.16032168495192378,0.16032168495192378,0.29780060706748523,FALSE,FALSE
2009-07-27,Weddell,1.3548591,0.14070179330923893,0.14070179330923893,0.29780060706748523,FALSE,FALSE
2009-07-28,Weddell,1.347864316,0.12936021219492466,0.12936021219492466,0.29780060706748523,FALSE,FALSE
2009-07-29,Weddell,1.321515038,0.09868210605556782,0.09868210605556782,0.29780060706748523,FALSE,FALSE
2009-07-30,Weddell,1.285647181,0.05851583433775187,0.05851583433775187,0.29780060706748523,FALSE,FALSE
2009-07-31,Weddell,1.262050494,0.03066359048806188,0.03066359048806188,0.29780060706748523,FALSE,FALSE
2009-08-01,Weddell,1.248046777,0.01245961895308567,0.01245961895308567,0.29780060706748523,FALSE,FALSE
2009-08-02,Weddell,1.246484261,0.00676459517940597,0.00676459517940597,0.29780060706748523,FALSE,FALSE
2009-08-03,Weddell,1.252438772,0.00866678948303678,0.00866678948303678,0.29780060706748523,FALSE,FALSE
2009-08-04,Weddell,1.271059032,0.02332384321450509,0.02332384321450509,0.29780060706748523,FALSE,FALSE
2009-08-05,Weddell,1.2775094,0.02589631881221832,0.02589631881221832,0.29780060706748523,FALSE,FALSE
2009-08-06,Weddell,1.313720205,0.05830788236244655,0.05830788236244655,0.29780060706748523,FALSE,FALSE
2009-08-07,Weddell,1.327135288,0.06799571195145826,0.06799571195145826,0.29780060706748523,FALSE,FALSE
2009-08-08,Weddell,1.367675919,0.10487441466552494,0.10487441466552494,0.29780060706748523,FALSE,FALSE
2009-08-09,Weddell,1.426280845,0.15987607459091446,0.15987607459091446,0.29780060706748523,FALSE,FALSE
2009-08-10,Weddell,1.4464897860000001,0.17653374881389783,0.17653374881389783,0.29780060706748523,FALSE,FALSE
2009-08-11,Weddell,1.420782129,0.147320161420744,0.147320161420744,0.29780060706748523,FALSE,FALSE
2009-08-12,Weddell,1.406725328,0.12979610349772264,0.12979610349772264,0.29780060706748523,FALSE,FALSE
2009-08-13,Weddell,1.402192529,0.12182805813110488,0.12182805813110488,0.29780060706748523,FALSE,FALSE
2009-08-14,Weddell,1.360875233,0.07710086340715838,0.07710086340715838,0.29780060706748523,FALSE,FALSE
2009-08-15,Weddell,1.318407218,0.03124163441215333,0.03124163441215333,0.29780060706748523,FALSE,FALSE
2009-08-16,Weddell,1.296149121,0.00560489418192577,0.00560489418192577,0.29780060706748523,FALSE,FALSE
2009-08-17,Weddell,1.266140362,-0.02775973517732199,0.02775973517732199,0.29780060706748523,FALSE,FALSE
2009-08-18,Weddell,1.207580598,-0.08962371953005399,0.08962371953005399,0.29780060706748523,FALSE,FALSE
2009-08-19,Weddell,1.168393546,-0.13203344130085237,0.13203344130085237,0.29780060706748523,FALSE,FALSE
2009-08-20,Weddell,1.163630708,-0.13990749791430024,0.13990749791430024,0.29780060706748523,FALSE,FALSE
2009-08-21,Weddell,1.187828913,-0.11867915979498188,0.11867915979498188,0.29780060706748523,FALSE,FALSE
2009-08-22,Weddell,1.197768086,-0.11153860136747797,0.11153860136747797,0.29780060706748523,FALSE,FALSE
2009-08-23,Weddell,1.229610684,-0.08229346505637336,0.08229346505637336,0.29780060706748523,FALSE,FALSE
2009-08-24,Weddell,1.235015838,-0.07925471928624961,0.07925471928624961,0.29780060706748523,FALSE,FALSE
2009-08-25,Weddell,1.247889607,-0.06848640448169085,0.06848640448169085,0.29780060706748523,FALSE,FALSE
2009-08-26,Weddell,1.244319998,-0.07387061306727949,0.07387061306727949,0.29780060706748523,FALSE,FALSE
2009-08-27,Weddell,1.284863357,-0.03482109846759784,0.03482109846759784,0.29780060706748523,FALSE,FALSE
2009-08-28,Weddell,1.315168247,-0.00565939710722962,0.00565939710722962,0.29780060706748523,FALSE,FALSE
2009-08-29,Weddell,1.338153874,0.01655792058322669,0.01655792058322669,0.29780060706748523,FALSE,FALSE
2009-08-30,Weddell,1.372961589,0.05096192605642136,0.05096192605642136,0.29780060706748523,FALSE,FALSE
2009-08-31,Weddell,1.392699002,0.0706369858448983,0.0706369858448983,0.29780060706748523,FALSE,FALSE
2009-09-01,Weddell,1.41119687,0.08939059022818596,0.08939059022818596,0.29780060706748523,FALSE,FALSE
2009-09-02,Weddell,1.435936598,0.11468087748581302,0.11468087748581302,0.29780060706748523,FALSE,FALSE
2009-09-03,Weddell,1.441360552,0.12092694689730554,0.12092694689730554,0.29780060706748523,FALSE,FALSE
2009-09-04,Weddell,1.435931226,0.11656802574219371,0.11656802574219371,0.29780060706748523,FALSE,FALSE
2009-09-05,Weddell,1.439448389,0.12138061630000507,0.12138061630000507,0.29780060706748523,FALSE,FALSE
2009-09-06,Weddell,1.410427223,0.09385663385026666,0.09385663385026666,0.29780060706748523,FALSE,FALSE
2009-09-07,Weddell,1.374274532,0.05937961567250749,0.05937961567250749,0.29780060706748523,FALSE,FALSE
2009-09-08,Weddell,1.382485923,0.06942190204625498,0.06942190204625498,0.29780060706748523,FALSE,FALSE
2009-09-09,Weddell,1.378260475,0.06715930525103819,0.06715930525103819,0.29780060706748523,FALSE,FALSE
2009-09-10,Weddell,1.338945914,0.02991639653158406,0.02991639653158406,0.29780060706748523,FALSE,FALSE
2009-09-11,Weddell,1.353133332,0.04627174217278451,0.04627174217278451,0.29780060706748523,FALSE,FALSE
2009-09-12,Weddell,1.372503243,0.06791256485632813,0.06791256485632813,0.29780060706748523,FALSE,FALSE
2009-09-13,Weddell,1.368096489,0.06588844047820408,0.06588844047820408,0.29780060706748523,FALSE,FALSE
2009-09-14,Weddell,1.334146304,0.03444133693440099,0.03444133693440099,0.29780060706748523,FALSE,FALSE
2009-09-15,Weddell,1.329499665,0.03242696512090504,0.03242696512090504,0.29780060706748523,FALSE,FALSE
2009-09-16,Weddell,1.352646818,0.05834430493370601,0.05834430493370601,0.29780060706748523,FALSE,FALSE
2009-09-17,Weddell,1.390686402,0.09930072926879152,0.09930072926879152,0.29780060706748523,FALSE,FALSE
2009-09-18,Weddell,1.431063108,0.14274966302214875,0.14274966302214875,0.29780060706748523,FALSE,FALSE
2009-09-19,Weddell,1.479536189,0.19445909308976672,0.19445909308976672,0.29780060706748523,FALSE,FALSE
2009-09-20,Weddell,1.45037409,0.168706198367633,0.168706198367633,0.29780060706748523,FALSE,FALSE
2009-09-21,Weddell,1.394917738,0.11684063975173632,0.11684063975173632,0.29780060706748523,FALSE,FALSE
2009-09-22,Weddell,1.369315384,0.0950194021380637,0.0950194021380637,0.29780060706748523,FALSE,FALSE
2009-09-23,Weddell,1.362073497,0.09175552547690248,0.09175552547690248,0.29780060706748523,FALSE,FALSE
2009-09-24,Weddell,1.369883873,0.10372421995149472,0.10372421995149472,0.29780060706748523,FALSE,FALSE
2009-09-25,Weddell,1.379404005,0.11755234549422489,0.11755234549422489,0.29780060706748523,FALSE,FALSE
2009-09-26,Weddell,1.355163894,0.09773907293905149,0.09773907293905149,0.29780060706748523,FALSE,FALSE
2009-09-27,Weddell,1.316504097,0.06359412911993334,0.06359412911993334,0.29780060706748523,FALSE,FALSE
2009-09-28,Weddell,1.294848086,0.04651015587082718,0.04651015587082718,0.29780060706748523,FALSE,FALSE
2009-09-29,Weddell,1.275062796,0.03132325802569236,0.03132325802569236,0.29780060706748523,FALSE,FALSE
2009-09-30,Weddell,1.302547961,0.06340233941848639,0.06340233941848639,0.29780060706748523,FALSE,FALSE
2009-10-01,Weddell,1.355853363,0.12126635188316803,0.12126635188316803,0.29780060706748523,FALSE,FALSE
2009-10-02,Weddell,1.416087643,0.18599310625369525,0.18599310625369525,0.29780060706748523,FALSE,FALSE
2009-10-03,Weddell,1.447988604,0.22228957536402616,0.22228957536402616,0.29780060706748523,FALSE,FALSE
2009-10-04,Weddell,1.450929988,0.22949867104811772,0.22949867104811772,0.29780060706748523,FALSE,FALSE
2009-10-05,Weddell,1.414107254,0.19678503202008055,0.19678503202008055,0.29780060706748523,FALSE,FALSE
2009-10-06,Weddell,1.377492977,0.16410236431640923,0.16410236431640923,0.29780060706748523,FALSE,FALSE
2009-10-07,Weddell,1.340768439,0.13114823637755224,0.13114823637755224,0.29780060706748523,FALSE,FALSE
2009-10-08,Weddell,1.301496212,0.0955079382557873,0.0955079382557873,0.29780060706748523,FALSE,FALSE
2009-10-09,Weddell,1.280319937,0.07784782900338882,0.07784782900338882,0.29780060706748523,FALSE,FALSE
2009-10-10,Weddell,1.262741381,0.06369239367263502,0.06369239367263502,0.29780060706748523,FALSE,FALSE
2009-10-11,Weddell,1.268774573,0.07307837931579986,0.07307837931579986,0.29780060706748523,FALSE,FALSE
2009-10-12,Weddell,1.31963402,0.1272430109851619,0.1272430109851619,0.29780060706748523,FALSE,FALSE
2009-10-13,Weddell,1.326904964,0.13779424873299528,0.13779424873299528,0.29780060706748523,FALSE,FALSE
2009-10-14,Weddell,1.305712071,0.1198794766115785,0.1198794766115785,0.29780060706748523,FALSE,FALSE
2009-10-15,Weddell,1.306340056,0.12380612767318631,0.12380612767318631,0.29780060706748523,FALSE,FALSE
2009-10-16,Weddell,1.332934021,0.1537420219700958,0.1537420219700958,0.29780060706748523,FALSE,FALSE
2009-10-17,Weddell,1.340230525,0.16444643655458124,0.16444643655458124,0.29780060706748523,FALSE,FALSE
2009-10-18,Weddell,1.388554352,0.21626643020168967,0.21626643020168967,0.29780060706748523,FALSE,FALSE
2009-10-19,Weddell,1.424107995,0.2554173556093937,0.2554173556093937,0.29780060706748523,FALSE,FALSE
2009-10-20,Weddell,1.454811059,0.2898226765180405,0.2898226765180405,0.29780060706748523,FALSE,FALSE
2009-10-21,Weddell,1.480661032,0.3194833792671685,0.3194833792671685,0.29780060706748523,TRUE,TRUE
2009-10-22,Weddell,1.492676963,0.3354220111963164,0.3354220111963164,0.29780060706748523,TRUE,TRUE
2009-10-23,Weddell,1.501662341,0.34844555964502244,0.34844555964502244,0.29780060706748523,TRUE,TRUE
2009-10-24,Weddell,1.508857173,0.35979752995282643,0.35979752995282643,0.29780060706748523,TRUE,TRUE
2009-10-25,Weddell,1.505844991,0.3610649524592666,0.3610649524592666,0.29780060706748523,TRUE,TRUE
2009-10-26,Weddell,1.517849588,0.3774751185038816,0.3774751185038816,0.29780060706748523,TRUE,TRUE
2009-10-27,Weddell,1.528036899,0.3921974614262096,0.3921974614262096,0.29780060706748523,TRUE,TRUE
2009-10-28,Weddell,1.534641071,0.4034696265657915,0.4034696265657915,0.29780060706748523,TRUE,TRUE
2009-10-29,Weddell,1.554429347,0.4280623552621636,0.4280623552621636,0.29780060706748523,TRUE,TRUE
2009-10-30,Weddell,1.559179213,0.4377566318548658,0.4377566318548658,0.29780060706748523,TRUE,TRUE
2009-10-31,Weddell,1.547184366,0.43084899854085434,0.43084899854085434,0.29780060706748523,TRUE,TRUE
2009-11-01,Weddell,1.531023354,0.4199176336074708,0.4199176336074708,0.29780060706748523,TRUE,TRUE
2009-11-02,Weddell,1.498569758,0.3928347608467509,0.3928347608467509,0.29780060706748523,TRUE,TRUE
2009-11-03,Weddell,1.514802521,0.414577965785265,0.414577965785265,0.29780060706748523,TRUE,TRUE
2009-11-04,Weddell,1.52675603,0.4321802779495847,0.4321802779495847,0.29780060706748523,TRUE,TRUE
2009-11-05,Weddell,1.517706425,0.4289164798662797,0.4289164798662797,0.29780060706748523,TRUE,TRUE
2009-11-06,Weddell,1.512828159,0.4299596670619228,0.4299596670619228,0.29780060706748523,TRUE,TRUE
2009-11-07,Weddell,1.524906162,0.44809341206308306,0.44809341206308306,0.29780060706748523,TRUE,TRUE
2009-11-08,Weddell,1.515000246,0.4443761693963324,0.4443761693963324,0.29780060706748523,TRUE,TRUE
2009-11-09,Weddell,1.501095924,0.43679209458824086,0.43679209458824086,0.29780060706748523,TRUE,TRUE
2009-11-10,Weddell,1.514218987,0.45636562116538015,0.45636562116538015,0.29780060706748523,TRUE,TRUE
2009-11-11,Weddell,1.511700342,0.4604262986543213,0.4604262986543213,0.29780060706748523,TRUE,TRUE
2009-11-12,Weddell,1.509783324,0.4652162005221936,0.4652162005221936,0.29780060706748523,TRUE,TRUE
2009-11-13,Weddell,1.508486542,0.47075798157194537,0.47075798157194537,0.29780060706748523,TRUE,TRUE
2009-11-14,Weddell,1.504982998,0.4742366676396981,0.4742366676396981,0.29780060706748523,TRUE,TRUE
2009-11-15,Weddell,1.491091262,0.46748351061787075,0.46748351061787075,0.29780060706748523,TRUE,TRUE
2009-11-16,Weddell,1.478477661,0.4621775193988835,0.4621775193988835,0.29780060706748523,TRUE,TRUE
2009-11-17,Weddell,1.464706953,0.4558961338751566,0.4558961338751566,0.29780060706748523,TRUE,TRUE
2009-11-18,Weddell,1.441582156,0.44045505393910944,0.44045505393910944,0.29780060706748523,TRUE,TRUE
2009-11-19,Weddell,1.412137308,0.4189009994831619,0.4189009994831619,0.29780060706748523,TRUE,TRUE
2009-11-20,Weddell,1.381475872,0.3963501153997343,0.3963501153997343,0.29780060706748523,TRUE,TRUE
2009-11-21,Weddell,1.356081709,0.3792989445812456,0.3792989445812456,0.29780060706748523,TRUE,TRUE
2009-11-22,Weddell,1.343099141,0.37490449092011624,0.37490449092011624,0.29780060706748523,TRUE,TRUE
2009-11-23,Weddell,1.309182444,0.34983371230876603,0.34983371230876603,0.29780060706748523,TRUE,TRUE
2009-11-24,Weddell,1.276821485,0.3265891576396146,0.3265891576396146,0.29780060706748523,TRUE,TRUE
2009-11-25,Weddell,1.252558959,0.31172381919881764,0.31172381919881764,0.29780060706748523,TRUE,TRUE
2009-11-26,Weddell,1.243392853,0.31222581267226923,0.31222581267226923,0.29780060706748523,TRUE,TRUE
2009-11-27,Weddell,1.242108354,0.3208603124507793,0.3208603124507793,0.29780060706748523,TRUE,TRUE
2009-11-28,Weddell,1.242143589,0.33104535611073505,0.33104535611073505,0.29780060706748523,TRUE,TRUE
2009-11-29,Weddell,1.231627964,0.3308902602285253,0.3308902602285253,0.29780060706748523,TRUE,TRUE
2009-11-30,Weddell,1.211725689,0.32153914538053874,0.32153914538053874,0.29780060706748523,TRUE,TRUE
2009-12-01,Weddell,1.180052404,0.30058756214316273,0.30058756214316273,0.29780060706748523,TRUE,TRUE
2009-12-02,Weddell,1.140969591,0.2723769030927857,0.2723769030927857,0.29780060706748523,FALSE,FALSE
2009-12-03,Weddell,1.11587995,0.25828977880579673,0.25828977880579673,0.29780060706748523,FALSE,FALSE
2009-12-04,Weddell,1.097046591,0.250569209858583,0.250569209858583,0.29780060706748523,FALSE,FALSE
2009-12-05,Weddell,1.073554862,0.23828045482753304,0.23828045482753304,0.29780060706748523,FALSE,FALSE
2009-12-06,Weddell,1.03383128,0.20982994128903576,0.20982994128903576,0.29780060706748523,FALSE,FALSE
2009-12-07,Weddell,1.014325692,0.20164742903791688,0.20164742903791688,0.29780060706748523,FALSE,FALSE
2009-12-08,Weddell,0.971950514,0.1706259355432468,0.1706259355432468,0.29780060706748523,FALSE,FALSE
2009-12-09,Weddell,0.951321613,0.16136359010350387,0.16136359010350387,0.29780060706748523,FALSE,FALSE
2009-12-10,Weddell,0.938327638,0.15973154935869538,0.15973154935869538,0.29780060706748523,FALSE,FALSE
2009-12-11,Weddell,0.924383613,0.15712734494883118,0.15712734494883118,0.29780060706748523,FALSE,FALSE
2009-12-12,Weddell,0.893203122,0.1372470685139191,0.1372470685139191,0.29780060706748523,FALSE,FALSE
2009-12-13,Weddell,0.846525965,0.10181302769396729,0.10181302769396729,0.29780060706748523,FALSE,FALSE
2009-12-14,Weddell,0.817334071,0.08378965912898462,0.08378965912898462,0.29780060706748523,FALSE,FALSE
2009-12-15,Weddell,0.774124636,0.05165666645897948,0.05165666645897948,0.29780060706748523,FALSE,FALSE
2009-12-16,Weddell,0.743171321,0.03167021832396,0.03167021832396,0.29780060706748523,FALSE,FALSE
2009-12-17,Weddell,0.712037375,0.0113760713639347,0.0113760713639347,0.29780060706748523,FALSE,FALSE
2009-12-18,Weddell,0.699184947,0.00921888221891253,0.00921888221891253,0.29780060706748523,FALSE,FALSE
2009-12-19,Weddell,0.667657422,-0.0117754564710989,0.0117754564710989,0.29780060706748523,FALSE,FALSE
2009-12-20,Weddell,0.643397631,-0.02568102095367019,0.02568102095367019,0.29780060706748523,FALSE,FALSE
2009-12-21,Weddell,0.614864121,-0.04404691972118224,0.04404691972118224,0.29780060706748523,FALSE,FALSE
2009-12-22,Weddell,0.620438518,-0.0284917973207559,0.0284917973207559,0.29780060706748523,FALSE,FALSE
2009-12-23,Weddell,0.613667734,-0.025468806503813,0.025468806503813,0.29780060706748523,FALSE,FALSE
2009-12-24,Weddell,0.590041632,-0.03948814902177644,0.03948814902177644,0.29780060706748523,FALSE,FALSE
2009-12-25,Weddell,0.576849591,-0.0432605106260685,0.0432605106260685,0.29780060706748523,FALSE,FALSE
2009-12-26,Weddell,0.558674567,-0.05220300006811307,0.05220300006811307,0.29780060706748523,FALSE,FALSE
2009-12-27,Weddell,0.559753701,-0.04207854109933184,0.04207854109933184,0.29780060706748523,FALSE,FALSE
2009-12-28,Weddell,0.556605224,-0.03636896747114682,0.03636896747114682,0.29780060706748523,FALSE,FALSE
2009-12-29,Weddell,0.542595829,-0.04170765093498152,0.04170765093498152,0.29780060706748523,FALSE,FALSE
2009-12-30,Weddell,0.531836826,-0.04398334624225952,0.04398334624225952,0.29780060706748523,FALSE,FALSE
2009-12-31,Weddell,0.513772957,-0.0537513761444014,0.0537513761444014,0.29780060706748523,FALSE,FALSE
2010-01-01,Weddell,0.476685573,-0.08273045439283061,0.08273045439283061,0.29780060706748523,FALSE,FALSE
2010-01-02,Weddell,0.452834418,-0.09865954887456652,0.09865954887456652,0.29780060706748523,FALSE,FALSE
2010-01-03,Weddell,0.410812805,-0.13293864701901065,0.13293864701901065,0.29780060706748523,FALSE,FALSE
2010-01-04,Weddell,0.389541294,-0.14663913639116238,0.14663913639116238,0.29780060706748523,FALSE,FALSE
2010-01-05,Weddell,0.376936453,-0.1518363965560181,0.1518363965560181,0.29780060706748523,FALSE,FALSE
2010-01-06,Weddell,0.365152957,-0.15636770007857909,0.15636770007857909,0.29780060706748523,FALSE,FALSE
2010-01-07,Weddell,0.349658882,-0.1647569185238414,0.1647569185238414,0.29780060706748523,FALSE,FALSE
2010-01-08,Weddell,0.320442997,-0.18700723045680412,0.18700723045680412,0.29780060706748523,FALSE,FALSE
2010-01-09,Weddell,0.293051634,-0.20756425144246715,0.20756425144246715,0.29780060706748523,FALSE,FALSE
2010-01-10,Weddell,0.279354357,-0.21455036504582647,0.21455036504582647,0.29780060706748523,FALSE,FALSE
2010-01-11,Weddell,0.235625487,-0.2516831978318823,0.2516831978318823,0.29780060706748523,FALSE,FALSE
2010-01-12,Weddell,0.215596031,-0.26522369036563176,0.26522369036563176,0.29780060706748523,FALSE,FALSE
2010-01-13,Weddell,0.191853982,-0.2825757972120745,0.2825757972120745,0.29780060706748523,FALSE,FALSE
2010-01-14,Weddell,0.184317779,-0.2838130104936665,0.2838130104936665,0.29780060706748523,FALSE,FALSE
2010-01-15,Weddell,0.166751214,-0.29516287929492835,0.29516287929492835,0.29780060706748523,FALSE,FALSE
2010-01-16,Weddell,0.167362692,-0.28840760050917935,0.28840760050917935,0.29780060706748523,FALSE,FALSE
2010-01-17,Weddell,0.165464603,-0.28422533928077803,0.28422533928077803,0.29780060706748523,FALSE,FALSE
2010-01-18,Weddell,0.150389357,-0.29327424075408237,0.29327424075408237,0.29780060706748523,FALSE,FALSE
2010-01-19,Weddell,0.140333513,-0.2973483010734508,0.2973483010734508,0.29780060706748523,FALSE,FALSE
2010-01-20,Weddell,0.130883996,-0.30085115038324073,0.30085115038324073,0.29780060706748523,TRUE,TRUE
2010-01-21,Weddell,0.126467374,-0.2993467758278109,0.2993467758278109,0.29780060706748523,TRUE,TRUE
2010-01-22,Weddell,0.117720991,-0.30218838855151897,0.30218838855151897,0.29780060706748523,TRUE,TRUE
2010-01-23,Weddell,0.112066849,-0.30194454169872353,0.30194454169872353,0.29780060706748523,TRUE,TRUE
2010-01-24,Weddell,0.110105537,-0.29800520141378206,0.29800520141378206,0.29780060706748523,TRUE,TRUE
2010-01-25,Weddell,0.101946596,-0.3002513818410534,0.3002513818410534,0.29780060706748523,TRUE,TRUE
2010-01-26,Weddell,0.094387838,-0.30187582612489433,0.30187582612489433,0.29780060706748523,TRUE,TRUE
2010-01-27,Weddell,0.090560642,-0.2997403825665921,0.2997403825665921,0.29780060706748523,TRUE,TRUE
2010-01-28,Weddell,0.083613784,-0.30070759152396165,0.30070759152396165,0.29780060706748523,TRUE,TRUE
2010-01-29,Weddell,0.077389238,-0.3009542961055006,0.3009542961055006,0.29780060706748523,TRUE,TRUE
2010-01-30,Weddell,0.075499344,-0.2968869975820051,0.2968869975820051,0.29780060706748523,FALSE,FALSE
2010-01-31,Weddell,0.066727029,-0.299741610224271,0.299741610224271,0.29780060706748523,TRUE,FALSE
2010-02-01,Weddell,0.047881298,-0.3127279703030949,0.3127279703030949,0.29780060706748523,TRUE,FALSE
2010-02-02,Weddell,0.059182907,-0.29564416308927244,0.29564416308927244,0.29780060706748523,FALSE,FALSE
2010-02-03,Weddell,0.058555207,-0.2905856788535999,0.2905856788535999,0.29780060706748523,FALSE,FALSE
2010-02-04,Weddell,0.052263563,-0.29130599386687356,0.29130599386687356,0.29780060706748523,FALSE,FALSE
2010-02-05,Weddell,0.058541979,-0.2795899453998891,0.2795899453998891,0.29780060706748523,FALSE,FALSE
2010-02-06,Weddell,0.054755456,-0.27809137372344295,0.27809137372344295,0.29780060706748523,FALSE,FALSE
2010-02-07,Weddell,0.047208815,-0.2805242991083312,0.2805242991083312,0.29780060706748523,FALSE,FALSE
2010-02-08,Weddell,0.039692969,-0.28311662550512706,0.28311662550512706,0.29780060706748523,FALSE,FALSE
2010-02-09,Weddell,0.039063831,-0.2790280460277596,0.2790280460277596,0.29780060706748523,FALSE,FALSE
2010-02-10,Weddell,0.035910782,-0.2776784002072278,0.2776784002072278,0.29780060706748523,FALSE,FALSE
2010-02-11,Weddell,0.031510735,-0.27779924058405875,0.27779924058405875,0.29780060706748523,FALSE,FALSE
2010-02-12,Weddell,0.029624198,-0.275638524698778,0.275638524698778,0.29780060706748523,FALSE,FALSE
2010-02-13,Weddell,0.030854576,-0.27060131309191215,0.27060131309191215,0.29780060706748523,FALSE,FALSE
2010-02-14,Weddell,0.04093772,-0.2569602203039873,0.2569602203039873,0.29780060706748523,FALSE,FALSE
2010-02-15,Weddell,0.042222624,-0.2523747178755298,0.2523747178755298,0.29780060706748523,FALSE,FALSE
2010-02-16,Weddell,0.041610925,-0.249951634347066,0.249951634347066,0.29780060706748523,FALSE,FALSE
2010-02-17,Weddell,0.035290507,-0.25351155125912195,0.25351155125912195,0.29780060706748523,FALSE,FALSE
2010-02-18,Weddell,0.037775524,-0.24854878015222437,0.24854878015222437,0.29780060706748523,FALSE,FALSE
2010-02-19,Weddell,0.037137781,-0.2469999815668993,0.2469999815668993,0.29780060706748523,FALSE,FALSE
2010-02-20,Weddell,0.035249565,-0.2470013340436727,0.2470013340436727,0.29780060706748523,FALSE,FALSE
2010-02-21,Weddell,0.028401528,-0.25227017870243384,0.25227017870243384,0.29780060706748523,FALSE,FALSE
2010-02-22,Weddell,0.028397359,-0.25100509220855455,0.25100509220855455,0.29780060706748523,FALSE,FALSE
2010-02-23,Weddell,0.030924386,-0.24751720207472436,0.24751720207472436,0.29780060706748523,FALSE,FALSE
2010-02-24,Weddell,0.028408033,-0.24937947093761129,0.24937947093761129,0.29780060706748523,FALSE,FALSE
2010-02-25,Weddell,0.025882584,-0.25155600143388285,0.25155600143388285,0.29780060706748523,FALSE,FALSE
2010-02-26,Weddell,0.01581288,-0.26158033920020685,0.26158033920020685,0.29780060706748523,FALSE,FALSE
2010-02-27,Weddell,0.015814726,-0.26183506587325045,0.26183506587325045,0.29780060706748523,FALSE,FALSE
2010-02-28,Weddell,0.015814726,-0.2623919640896815,0.2623919640896815,0.29780060706748523,FALSE,FALSE
2010-03-01,Weddell,0.015182004,-0.2638802964861679,0.2638802964861679,0.29780060706748523,FALSE,FALSE
2010-03-02,Weddell,0.012044753,-0.2681702566993769,0.2681702566993769,0.29780060706748523,FALSE,FALSE
2010-03-03,Weddell,0.011406096,-0.2702571083659762,0.2702571083659762,0.29780060706748523,FALSE,FALSE
2010-03-04,Weddell,0.011406096,-0.2719991751226332,0.2719991751226332,0.29780060706748523,FALSE,FALSE
2010-03-05,Weddell,0.011406096,-0.2740334997339235,0.2740334997339235,0.29780060706748523,FALSE,FALSE
2010-03-06,Weddell,0.011406096,-0.276355223890966,0.276355223890966,0.29780060706748523,FALSE,FALSE
2010-03-07,Weddell,0.012035642,-0.2783193818139704,0.2783193818139704,0.29780060706748523,FALSE,FALSE
2010-03-08,Weddell,0.016428913,-0.2767742290496398,0.2767742290496398,0.29780060706748523,FALSE,FALSE
2010-03-09,Weddell,0.016428913,-0.27985919614467814,0.27985919614467814,0.29780060706748523,FALSE,FALSE
2010-03-10,Weddell,0.015803426,-0.28378893364578994,0.28378893364578994,0.29780060706748523,FALSE,FALSE
2010-03-11,Weddell,0.015803426,-0.2872949020996783,0.2872949020996783,0.29780060706748523,FALSE,FALSE
2010-03-12,Weddell,0.015803426,-0.2909850230530469,0.2909850230530469,0.29780060706748523,FALSE,FALSE
2010-03-13,Weddell,0.014543347,-0.2961018100526005,0.2961018100526005,0.29780060706748523,FALSE,FALSE
2010-03-14,Weddell,0.014543347,-0.3001075396450421,0.3001075396450421,0.29780060706748523,TRUE,TRUE
2010-03-15,Weddell,0.013916014,-0.3048720583770758,0.3048720583770758,0.29780060706748523,TRUE,TRUE
2010-03-16,Weddell,0.012007755,-0.31103139379540556,0.31103139379540556,0.29780060706748523,TRUE,TRUE
2010-03-17,Weddell,0.013892912,-0.3134936384467351,0.3134936384467351,0.29780060706748523,TRUE,TRUE
2010-03-18,Weddell,0.013892912,-0.31792007864265237,0.31792007864265237,0.29780060706748523,TRUE,TRUE
2010-03-19,Weddell,0.013892912,-0.32241523280710904,0.32241523280710904,0.29780060706748523,TRUE,TRUE
2010-03-20,Weddell,0.017080127,-0.323788843791897,0.323788843791897,0.29780060706748523,TRUE,TRUE
2010-03-21,Weddell,0.023410756,-0.32208201331742753,0.32208201331742753,0.29780060706748523,TRUE,TRUE
2010-03-22,Weddell,0.070295821,-0.27988102010411126,0.27988102010411126,0.29780060706748523,FALSE,FALSE
2010-03-23,Weddell,0.088680774,-0.26623771287235887,0.26623771287235887,0.29780060706748523,FALSE,FALSE
2010-03-24,Weddell,0.118470933,-0.24124407434258097,0.24124407434258097,0.29780060706748523,FALSE,FALSE
2010-03-25,Weddell,0.145079027,-0.21948467623518791,0.21948467623518791,0.29780060706748523,FALSE,FALSE
2010-03-26,Weddell,0.171722934,-0.19773894127059127,0.19773894127059127,0.29780060706748523,FALSE,FALSE
2010-03-27,Weddell,0.166105824,-0.20830100016920133,0.20830100016920133,0.29780060706748523,FALSE,FALSE
2010-03-28,Weddell,0.142141796,-0.2372540546514287,0.2372540546514287,0.29780060706748523,FALSE,FALSE
2010-03-29,Weddell,0.169360152,-0.21506610343768387,0.21506610343768387,0.29780060706748523,FALSE,FALSE
2010-03-30,Weddell,0.202849546,-0.18664579324837804,0.18664579324837804,0.29780060706748523,FALSE,FALSE
2010-03-31,Weddell,0.231274175,-0.16332787899160237,0.16332787899160237,0.29780060706748523,FALSE,FALSE
2010-04-01,Weddell,0.272205248,-0.12754912902217408,0.12754912902217408,0.29780060706748523,FALSE,FALSE
2010-04-02,Weddell,0.272827926,-0.1321354279578636,0.1321354279578636,0.29780060706748523,FALSE,FALSE
2010-04-03,Weddell,0.255817058,-0.15442297495297186,0.15442297495297186,0.29780060706748523,FALSE,FALSE
2010-04-04,Weddell,0.208564521,-0.20703094116179988,0.20703094116179988,0.29780060706748523,FALSE,FALSE
2010-04-05,Weddell,0.204195623,-0.21684506673864884,0.21684506673864884,0.29780060706748523,FALSE,FALSE
2010-04-06,Weddell,0.215512069,-0.21107469483781852,0.21107469483781852,0.29780060706748523,FALSE,FALSE
2010-04-07,Weddell,0.242007529,-0.19023720361361107,0.19023720361361107,0.29780060706748523,FALSE,FALSE
2010-04-08,Weddell,0.26029729,-0.17772835422032646,0.17772835422032646,0.29780060706748523,FALSE,FALSE
2010-04-09,Weddell,0.257158227,-0.1867823198122665,0.1867823198122665,0.29780060706748523,FALSE,FALSE
2010-04-10,Weddell,0.236990082,-0.2130104065437312,0.2130104065437312,0.29780060706748523,FALSE,FALSE
2010-04-11,Weddell,0.228162191,-0.2280543265690226,0.2280543265690226,0.29780060706748523,FALSE,FALSE
2010-04-12,Weddell,0.225008072,-0.23759144333982568,0.23759144333982568,0.29780060706748523,FALSE,FALSE
2010-04-13,Weddell,0.213649933,-0.2554985493736046,0.2554985493736046,0.29780060706748523,FALSE,FALSE
2010-04-14,Weddell,0.193986744,-0.28185608957431973,0.28185608957431973,0.29780060706748523,FALSE,FALSE
2010-04-15,Weddell,0.202095834,-0.280564320461955,0.280564320461955,0.29780060706748523,FALSE,FALSE
2010-04-16,Weddell,0.259540942,-0.23003708855649596,0.23003708855649596,0.29780060706748523,FALSE,FALSE
2010-04-17,Weddell,0.322544269,-0.17402977837792766,0.17402977837792766,0.29780060706748523,FALSE,FALSE
2010-04-18,Weddell,0.352034187,-0.1515916034462348,0.1515916034462348,0.29780060706748523,FALSE,FALSE
2010-04-19,Weddell,0.382743998,-0.12796684728140267,0.12796684728140267,0.29780060706748523,FALSE,FALSE
2010-04-20,Weddell,0.400882537,-0.1169242604034162,0.1169242604034162,0.29780060706748523,FALSE,FALSE
2010-04-21,Weddell,0.40086323,-0.1240280023322604,0.1240280023322604,0.29780060706748523,FALSE,FALSE
2010-04-22,Weddell,0.395856401,-0.13608533458792055,0.13608533458792055,0.29780060706748523,FALSE,FALSE
2010-04-23,Weddell,0.428338359,-0.11059753369038132,0.11059753369038132,0.29780060706748523,FALSE,FALSE
2010-04-24,Weddell,0.469448298,-0.07640299115962834,0.07640299115962834,0.29780060706748523,FALSE,FALSE
2010-04-25,Weddell,0.488699436,-0.06396809191957653,0.06396809191957653,0.29780060706748523,FALSE,FALSE
2010-04-26,Weddell,0.489356191,-0.07002718111227463,0.07002718111227463,0.29780060706748523,FALSE,FALSE
2010-04-27,Weddell,0.496816512,-0.06919166092836804,0.06919166092836804,0.29780060706748523,FALSE,FALSE
2010-04-28,Weddell,0.51617866,-0.05637273309190083,0.05637273309190083,0.29780060706748523,FALSE,FALSE
2010-04-29,Weddell,0.542987285,-0.03603521032691759,0.03603521032691759,0.29780060706748523,FALSE,FALSE
2010-04-30,Weddell,0.58523646,-1.944823574633325e-4,1.944823574633325e-4,0.29780060706748523,FALSE,FALSE
2010-05-01,Weddell,0.604443594,0.01265739709241819,0.01265739709241819,0.29780060706748523,FALSE,FALSE
2010-05-02,Weddell,0.603109451,0.00501172929868209,0.00501172929868209,0.29780060706748523,FALSE,FALSE
2010-05-03,Weddell,0.585015989,-0.01935899046271561,0.01935899046271561,0.29780060706748523,FALSE,FALSE
2010-05-04,Weddell,0.565783771,-0.04484366191581945,0.04484366191581945,0.29780060706748523,FALSE,FALSE
2010-05-05,Weddell,0.596344912,-0.02051963278467472,0.02051963278467472,0.29780060706748523,FALSE,FALSE
2010-05-06,Weddell,0.619941809,-0.00315396879332507,0.00315396879332507,0.29780060706748523,FALSE,FALSE
2010-05-07,Weddell,0.620575105,-0.00875549749439241,0.00875549749439241,0.29780060706748523,FALSE,FALSE
2010-05-08,Weddell,0.588422675,-0.04716017899481661,0.04716017899481661,0.29780060706748523,FALSE,FALSE
2010-05-09,Weddell,0.581667144,-0.06021083954279305,0.06021083954279305,0.29780060706748523,FALSE,FALSE
2010-05-10,Weddell,0.604658023,-0.04358533066033732,0.04358533066033732,0.29780060706748523,FALSE,FALSE
2010-05-11,Weddell,0.613964053,-0.04074227386946705,0.04074227386946705,0.29780060706748523,FALSE,FALSE
2010-05-12,Weddell,0.622620552,-0.0386737136921973,0.0386737136921973,0.29780060706748523,FALSE,FALSE
2010-05-13,Weddell,0.629426783,-0.03860774965054614,0.03860774965054614,0.29780060706748523,FALSE,FALSE
2010-05-14,Weddell,0.617610384,-0.05734410626652919,0.05734410626652919,0.29780060706748523,FALSE,FALSE
2010-05-15,Weddell,0.60772015,-0.0743613510621629,0.0743613510621629,0.29780060706748523,FALSE,FALSE
2010-05-16,Weddell,0.612118169,-0.07732475855946397,0.07732475855946397,0.29780060706748523,FALSE,FALSE
2010-05-17,Weddell,0.636297685,-0.06076844728044861,0.06076844728044861,0.29780060706748523,FALSE,FALSE
2010-05-18,Weddell,0.656726692,-0.0482517857471334,0.0482517857471334,0.29780060706748523,FALSE,FALSE
2010-05-19,Weddell,0.661695221,-0.05151210548153473,0.05151210548153473,0.29780060706748523,FALSE,FALSE
2010-05-20,Weddell,0.638182784,-0.0835953773425272,0.0835953773425272,0.29780060706748523,FALSE,FALSE
2010-05-21,Weddell,0.629456808,-0.1012253583845666,0.1012253583845666,0.29780060706748523,FALSE,FALSE
2010-05-22,Weddell,0.642466059,-0.09741450035273924,0.09741450035273924,0.29780060706748523,FALSE,FALSE
2010-05-23,Weddell,0.653640884,-0.09569266578414393,0.09569266578414393,0.29780060706748523,FALSE,FALSE
2010-05-24,Weddell,0.663546436,-0.0954549112158779,0.0954549112158779,0.29780060706748523,FALSE,FALSE
2010-05-25,Weddell,0.683367891,-0.08547627018503878,0.08547627018503878,0.29780060706748523,FALSE,FALSE
2010-05-26,Weddell,0.688302259,-0.09051994222872516,0.09051994222872516,0.29780060706748523,FALSE,FALSE
2010-05-27,Weddell,0.739593997,-0.04930167988403444,0.04930167988403444,0.29780060706748523,FALSE,FALSE
2010-05-28,Weddell,0.800100712,0.0010759143119351,0.0010759143119351,0.29780060706748523,FALSE,FALSE
2010-05-29,Weddell,0.819810267,0.01064049382208642,0.01064049382208642,0.29780060706748523,FALSE,FALSE
2010-05-30,Weddell,0.814266296,-0.00502451689067928,0.00502451689067928,0.29780060706748523,FALSE,FALSE
2010-05-31,Weddell,0.806250305,-0.02309782136345928,0.02309782136345928,0.29780060706748523,FALSE,FALSE
2010-06-01,Weddell,0.80991841,-0.02938351313335185,0.02938351313335185,0.29780060706748523,FALSE,FALSE
2010-06-02,Weddell,0.801820663,-0.04729993841695068,0.04729993841695068,0.29780060706748523,FALSE,FALSE
2010-06-03,Weddell,0.788766645,-0.07004224162439798,0.07004224162439798,0.29780060706748523,FALSE,FALSE
2010-06-04,Weddell,0.822036135,-0.04634543939140445,0.04634543939140445,0.29780060706748523,FALSE,FALSE
2010-06-05,Weddell,0.851627347,-0.02622611372670624,0.02622611372670624,0.29780060706748523,FALSE,FALSE
2010-06-06,Weddell,0.851029456,-0.03620988563904182,0.03620988563904182,0.29780060706748523,FALSE,FALSE
2010-06-07,Weddell,0.825157808,-0.07139620513714662,0.07139620513714662,0.29780060706748523,FALSE,FALSE
2010-06-08,Weddell,0.840490428,-0.06532184322975954,0.06532184322975954,0.29780060706748523,FALSE,FALSE
2010-06-09,Weddell,0.881147999,-0.03388091292561635,0.03388091292561635,0.29780060706748523,FALSE,FALSE
2010-06-10,Weddell,0.894565491,-0.02965324023345472,0.02965324023345472,0.29780060706748523,FALSE,FALSE
2010-06-11,Weddell,0.943082835,0.00968630983798912,0.00968630983798912,0.29780060706748523,FALSE,FALSE
2010-06-12,Weddell,0.976198217,0.03362112727997701,0.03362112727997701,0.29780060706748523,FALSE,FALSE
2010-06-13,Weddell,1.031296296,0.07952107508377249,0.07952107508377249,0.29780060706748523,FALSE,FALSE
2010-06-14,Weddell,1.075268524,0.11426322362054886,0.11426322362054886,0.29780060706748523,FALSE,FALSE
2010-06-15,Weddell,1.082615024,0.11235158184652916,0.11235158184652916,0.29780060706748523,FALSE,FALSE
2010-06-16,Weddell,1.121069357,0.14154865720702803,0.14154865720702803,0.29780060706748523,FALSE,FALSE
2010-06-17,Weddell,1.1398396,0.1510932888225307,0.1510932888225307,0.29780060706748523,FALSE,FALSE
2010-06-18,Weddell,1.143364288,0.1454547738135168,0.1454547738135168,0.29780060706748523,FALSE,FALSE
2010-06-19,Weddell,1.127484031,0.120504484300471,0.120504484300471,0.29780060706748523,FALSE,FALSE
2010-06-20,Weddell,1.086708394,0.07078274740387513,0.07078274740387513,0.29780060706748523,FALSE,FALSE
2010-06-21,Weddell,1.100914477,0.07619742524421147,0.07619742524421147,0.29780060706748523,FALSE,FALSE
2010-06-22,Weddell,1.131431837,0.0981088369419636,0.0981088369419636,0.29780060706748523,FALSE,FALSE
2010-06-23,Weddell,1.179491409,0.13777867961761303,0.13777867961761303,0.29780060706748523,FALSE,FALSE
2010-06-24,Weddell,1.208084606,0.15822912839164285,0.15822912839164285,0.29780060706748523,FALSE,FALSE
2010-06-25,Weddell,1.200787031,0.14306654838453525,0.14306654838453525,0.29780060706748523,FALSE,FALSE
2010-06-26,Weddell,1.192186793,0.12690981071677301,0.12690981071677301,0.29780060706748523,FALSE,FALSE
2010-06-27,Weddell,1.198849687,0.1263513481323868,0.1263513481323868,0.29780060706748523,FALSE,FALSE
2010-06-28,Weddell,1.2145806,0.13519151950288477,0.13519151950288477,0.29780060706748523,FALSE,FALSE
2010-06-29,Weddell,1.245954924,0.15998694778754463,0.15998694778754463,0.29780060706748523,FALSE,FALSE
2010-06-30,Weddell,1.262343858,0.17008998972584255,0.17008998972584255,0.29780060706748523,FALSE,FALSE
2010-07-01,Weddell,1.281816866,0.1835512670572557,0.1835512670572557,0.29780060706748523,FALSE,FALSE
2010-07-02,Weddell,1.294072247,0.1900502365212604,0.1900502365212604,0.29780060706748523,FALSE,FALSE
2010-07-03,Weddell,1.314009362,0.2044674168573346,0.2044674168573346,0.29780060706748523,FALSE,FALSE
2010-07-04,Weddell,1.289673816,0.1748295708049532,0.1748295708049532,0.29780060706748523,FALSE,FALSE
2010-07-05,Weddell,1.26285366,0.14290590710359363,0.14290590710359363,0.29780060706748523,FALSE,FALSE
2010-07-06,Weddell,1.250645574,0.12577426349273302,0.12577426349273302,0.29780060706748523,FALSE,FALSE
2010-07-07,Weddell,1.248878845,0.11924508471184736,0.11924508471184736,0.29780060706748523,FALSE,FALSE
2010-07-08,Weddell,1.254415015,0.12016107050041304,0.12016107050041304,0.29780060706748523,FALSE,FALSE
2010-07-09,Weddell,1.309061423,0.17031072513312062,0.17031072513312062,0.29780060706748523,FALSE,FALSE
2010-07-10,Weddell,1.30303888,0.1598974904487569,0.1598974904487569,0.29780060706748523,FALSE,FALSE
2010-07-11,Weddell,1.27754457,0.13010438863568252,0.13010438863568252,0.29780060706748523,FALSE,FALSE
2010-07-12,Weddell,1.265419058,0.11375824733105476,0.11375824733105476,0.29780060706748523,FALSE,FALSE
2010-07-13,Weddell,1.226533654,0.07071663917203153,0.07071663917203153,0.29780060706748523,FALSE,FALSE
2010-07-14,Weddell,1.194359815,0.03443728379577027,0.03443728379577027,0.29780060706748523,FALSE,FALSE
2010-07-15,Weddell,1.209489133,0.04549803583942724,0.04549803583942724,0.29780060706748523,FALSE,FALSE
2010-07-16,Weddell,1.204015031,0.03597858094016093,0.03597858094016093,0.29780060706748523,FALSE,FALSE
2010-07-17,Weddell,1.187552061,0.01547973373512734,0.01547973373512734,0.29780060706748523,FALSE,FALSE
2010-07-18,Weddell,1.180863048,0.00475058186148569,0.00475058186148569,0.29780060706748523,FALSE,FALSE
2010-07-19,Weddell,1.271650824,0.09148021995639088,0.09148021995639088,0.29780060706748523,FALSE,FALSE
2010-07-20,Weddell,1.286753394,0.10249291565700268,0.10249291565700268,0.29780060706748523,FALSE,FALSE
2010-07-21,Weddell,1.336945842,0.14855001560047687,0.14855001560047687,0.29780060706748523,FALSE,FALSE
2010-07-22,Weddell,1.335126893,0.14253755087465647,0.14253755087465647,0.29780060706748523,FALSE,FALSE
2010-07-23,Weddell,1.30664224,0.10980292258434464,0.10980292258434464,0.29780060706748523,FALSE,FALSE
2010-07-24,Weddell,1.278345814,0.0772122680360614,0.0772122680360614,0.29780060706748523,FALSE,FALSE
2010-07-25,Weddell,1.281412153,0.0759525696763923,0.0759525696763923,0.29780060706748523,FALSE,FALSE
2010-07-26,Weddell,1.347316557,0.13751157195192376,0.13751157195192376,0.29780060706748523,FALSE,FALSE
2010-07-27,Weddell,1.391884954,0.17772764730923885,0.17772764730923885,0.29780060706748523,FALSE,FALSE
2010-07-28,Weddell,1.394838469,0.17633436519492474,0.17633436519492474,0.29780060706748523,FALSE,FALSE
2010-07-29,Weddell,1.391159478,0.16832654605556785,0.16832654605556785,0.29780060706748523,FALSE,FALSE
2010-07-30,Weddell,1.383760165,0.15662881833775175,0.15662881833775175,0.29780060706748523,FALSE,FALSE
2010-07-31,Weddell,1.350953329,0.11956642548806196,0.11956642548806196,0.29780060706748523,FALSE,FALSE
2010-08-01,Weddell,1.311057121,0.0754699629530855,0.0754699629530855,0.29780060706748523,FALSE,FALSE
2010-08-02,Weddell,1.282681842,0.0429621761794059,0.0429621761794059,0.29780060706748523,FALSE,FALSE
2010-08-03,Weddell,1.285773444,0.04200146148303663,0.04200146148303663,0.29780060706748523,FALSE,FALSE
2010-08-04,Weddell,1.284500042,0.03676485321450507,0.03676485321450507,0.29780060706748523,FALSE,FALSE
2010-08-05,Weddell,1.314886303,0.06327322181221828,0.06327322181221828,0.29780060706748523,FALSE,FALSE
2010-08-06,Weddell,1.339728791,0.08431646836244644,0.08431646836244644,0.29780060706748523,FALSE,FALSE
2010-08-07,Weddell,1.332985019,0.07384544295145834,0.07384544295145834,0.29780060706748523,FALSE,FALSE
2010-08-08,Weddell,1.365162875,0.10236137066552486,0.10236137066552486,0.29780060706748523,FALSE,FALSE
2010-08-09,Weddell,1.422007771,0.1556030005909146,0.1556030005909146,0.29780060706748523,FALSE,FALSE
2010-08-10,Weddell,1.440612688,0.1706566508138978,0.1706566508138978,0.29780060706748523,FALSE,FALSE
2010-08-11,Weddell,1.438635744,0.1651737764207439,0.1651737764207439,0.29780060706748523,FALSE,FALSE
2010-08-12,Weddell,1.401101592,0.12417236749772265,0.12417236749772265,0.29780060706748523,FALSE,FALSE
2010-08-13,Weddell,1.376351725,0.09598725413110488,0.09598725413110488,0.29780060706748523,FALSE,FALSE
2010-08-14,Weddell,1.351546146,0.06777177640715837,0.06777177640715837,0.29780060706748523,FALSE,FALSE
2010-08-15,Weddell,1.392302151,0.10513656741215338,0.10513656741215338,0.29780060706748523,FALSE,FALSE
2010-08-16,Weddell,1.422204287,0.13166006018192578,0.13166006018192578,0.29780060706748523,FALSE,FALSE
2010-08-17,Weddell,1.374717021,0.08081692382267791,0.08081692382267791,0.29780060706748523,FALSE,FALSE
2010-08-18,Weddell,1.291599185,-0.00560513253005412,0.00560513253005412,0.29780060706748523,FALSE,FALSE
2010-08-19,Weddell,1.213452499,-0.0869744883008523,0.0869744883008523,0.29780060706748523,FALSE,FALSE
2010-08-20,Weddell,1.218794676,-0.08474352991430023,0.08474352991430023,0.29780060706748523,FALSE,FALSE
2010-08-21,Weddell,1.24202749,-0.06448058279498192,0.06448058279498192,0.29780060706748523,FALSE,FALSE
2010-08-22,Weddell,1.265904078,-0.04340260936747797,0.04340260936747797,0.29780060706748523,FALSE,FALSE
2010-08-23,Weddell,1.324900619,0.01299646994362646,0.01299646994362646,0.29780060706748523,FALSE,FALSE
2010-08-24,Weddell,1.395066773,0.08079621571375029,0.08079621571375029,0.29780060706748523,FALSE,FALSE
2010-08-25,Weddell,1.413727972,0.09735196051830908,0.09735196051830908,0.29780060706748523,FALSE,FALSE
2010-08-26,Weddell,1.429419776,0.1112291649327206,0.1112291649327206,0.29780060706748523,FALSE,FALSE
2010-08-27,Weddell,1.434836683,0.11515222753240197,0.11515222753240197,0.29780060706748523,FALSE,FALSE
2010-08-28,Weddell,1.452888113,0.13206046889277046,0.13206046889277046,0.29780060706748523,FALSE,FALSE
2010-08-29,Weddell,1.511638335,0.19004238158322664,0.19004238158322664,0.29780060706748523,FALSE,FALSE
2010-08-30,Weddell,1.535537162,0.2135374990564214,0.2135374990564214,0.29780060706748523,FALSE,FALSE
2010-08-31,Weddell,1.52586614,0.2038041238448982,0.2038041238448982,0.29780060706748523,FALSE,FALSE
2010-09-01,Weddell,1.480087409,0.15828112922818605,0.15828112922818605,0.29780060706748523,FALSE,FALSE
2010-09-02,Weddell,1.468243145,0.14698742448581292,0.14698742448581292,0.29780060706748523,FALSE,FALSE
2010-09-03,Weddell,1.491132652,0.17069904689730553,0.17069904689730553,0.29780060706748523,FALSE,FALSE
2010-09-04,Weddell,1.545232393,0.22586919274219383,0.22586919274219383,0.29780060706748523,FALSE,FALSE
2010-09-05,Weddell,1.575627914,0.25756014130000504,0.25756014130000504,0.29780060706748523,FALSE,FALSE
2010-09-06,Weddell,1.565956228,0.24938563885026663,0.24938563885026663,0.29780060706748523,FALSE,FALSE
2010-09-07,Weddell,1.523851207,0.2089562906725075,0.2089562906725075,0.29780060706748523,FALSE,FALSE
2010-09-08,Weddell,1.473791287,0.1607272660462551,0.1607272660462551,0.29780060706748523,FALSE,FALSE
2010-09-09,Weddell,1.430418427,0.11931725725103814,0.11931725725103814,0.29780060706748523,FALSE,FALSE
2010-09-10,Weddell,1.402094941,0.0930654235315842,0.0930654235315842,0.29780060706748523,FALSE,FALSE
2010-09-11,Weddell,1.355513886,0.04865229617278444,0.04865229617278444,0.29780060706748523,FALSE,FALSE
2010-09-12,Weddell,1.32314001,0.01854933185632812,0.01854933185632812,0.29780060706748523,FALSE,FALSE
2010-09-13,Weddell,1.328887463,0.0266794144782041,0.0266794144782041,0.29780060706748523,FALSE,FALSE
2010-09-14,Weddell,1.354936159,0.05523119193440107,0.05523119193440107,0.29780060706748523,FALSE,FALSE
2010-09-15,Weddell,1.363453259,0.06638055912090501,0.06638055912090501,0.29780060706748523,FALSE,FALSE
2010-09-16,Weddell,1.356823908,0.06252139493370601,0.06252139493370601,0.29780060706748523,FALSE,FALSE
2010-09-17,Weddell,1.32840459,0.03701891726879158,0.03701891726879158,0.29780060706748523,FALSE,FALSE
2010-09-18,Weddell,1.340267553,0.05195410802214861,0.05195410802214861,0.29780060706748523,FALSE,FALSE
2010-09-19,Weddell,1.349303518,0.06422642208976659,0.06422642208976659,0.29780060706748523,FALSE,FALSE
2010-09-20,Weddell,1.371139167,0.089471275367633,0.089471275367633,0.29780060706748523,FALSE,FALSE
2010-09-21,Weddell,1.388187316,0.11011021775173636,0.11011021775173636,0.29780060706748523,FALSE,FALSE
2010-09-22,Weddell,1.375484108,0.1011881261380636,0.1011881261380636,0.29780060706748523,FALSE,FALSE
2010-09-23,Weddell,1.37279424,0.1024762684769025,0.1024762684769025,0.29780060706748523,FALSE,FALSE
2010-09-24,Weddell,1.401878275,0.13571862195149476,0.13571862195149476,0.29780060706748523,FALSE,FALSE
2010-09-25,Weddell,1.386900419,0.1250487594942249,0.1250487594942249,0.29780060706748523,FALSE,FALSE
2010-09-26,Weddell,1.336656863,0.07923204193905153,0.07923204193905153,0.29780060706748523,FALSE,FALSE
2010-09-27,Weddell,1.295968286,0.04305831811993332,0.04305831811993332,0.29780060706748523,FALSE,FALSE
2010-09-28,Weddell,1.272219478,0.02388154787082719,0.02388154787082719,0.29780060706748523,FALSE,FALSE
2010-09-29,Weddell,1.250985794,0.00724625602569228,0.00724625602569228,0.29780060706748523,FALSE,FALSE
2010-09-30,Weddell,1.241113361,0.00196773941848649,0.00196773941848649,0.29780060706748523,FALSE,FALSE
2010-10-01,Weddell,1.250876084,0.01628907288316794,0.01628907288316794,0.29780060706748523,FALSE,FALSE
2010-10-02,Weddell,1.253814817,0.02372028025369532,0.02372028025369532,0.29780060706748523,FALSE,FALSE
2010-10-03,Weddell,1.248307636,0.02260860736402614,0.02260860736402614,0.29780060706748523,FALSE,FALSE
2010-10-04,Weddell,1.222924145,0.00149282804811767,0.00149282804811767,0.29780060706748523,FALSE,FALSE
2010-10-05,Weddell,1.187749239,-0.02957298297991939,0.02957298297991939,0.29780060706748523,FALSE,FALSE
2010-10-06,Weddell,1.149963003,-0.06342760968359062,0.06342760968359062,0.29780060706748523,FALSE,FALSE
2010-10-07,Weddell,1.126895862,-0.08272434062244782,0.08272434062244782,0.29780060706748523,FALSE,FALSE
2010-10-08,Weddell,1.098881444,-0.1071068297442126,0.1071068297442126,0.29780060706748523,FALSE,FALSE
2010-10-09,Weddell,1.102218377,-0.10025373099661115,0.10025373099661115,0.29780060706748523,FALSE,FALSE
2010-10-10,Weddell,1.15454109,-0.044507897327365147,0.044507897327365147,0.29780060706748523,FALSE,FALSE
2010-10-11,Weddell,1.172838362,-0.02285783168420008,0.02285783168420008,0.29780060706748523,FALSE,FALSE
2010-10-12,Weddell,1.237056968,0.0446659589851619,0.0446659589851619,0.29780060706748523,FALSE,FALSE
2010-10-13,Weddell,1.264027638,0.07491692273299533,0.07491692273299533,0.29780060706748523,FALSE,FALSE
2010-10-14,Weddell,1.235118332,0.0492857376115785,0.0492857376115785,0.29780060706748523,FALSE,FALSE
2010-10-15,Weddell,1.222230745,0.03969681667318636,0.03969681667318636,0.29780060706748523,FALSE,FALSE
2010-10-16,Weddell,1.210749061,0.03155706197009578,0.03155706197009578,0.29780060706748523,FALSE,FALSE
2010-10-17,Weddell,1.182675387,0.00689129855458126,0.00689129855458126,0.29780060706748523,FALSE,FALSE
2010-10-18,Weddell,1.167084192,-0.00520372979831051,0.00520372979831051,0.29780060706748523,FALSE,FALSE
2010-10-19,Weddell,1.182944527,0.01425388760939383,0.01425388760939383,0.29780060706748523,FALSE,FALSE
2010-10-20,Weddell,1.182753808,0.01776542551804039,0.01776542551804039,0.29780060706748523,FALSE,FALSE
2010-10-21,Weddell,1.168155267,0.00697761426716847,0.00697761426716847,0.29780060706748523,FALSE,FALSE
2010-10-22,Weddell,1.161072559,0.00381760719631629,0.00381760719631629,0.29780060706748523,FALSE,FALSE
2010-10-23,Weddell,1.178160217,0.02494343564502243,0.02494343564502243,0.29780060706748523,FALSE,FALSE
2010-10-24,Weddell,1.193888108,0.04482846495282633,0.04482846495282633,0.29780060706748523,FALSE,FALSE
2010-10-25,Weddell,1.184657226,0.03987718745926649,0.03987718745926649,0.29780060706748523,FALSE,FALSE
2010-10-26,Weddell,1.179684231,0.03930976150388154,0.03930976150388154,0.29780060706748523,FALSE,FALSE
2010-10-27,Weddell,1.196218038,0.06037860042620968,0.06037860042620968,0.29780060706748523,FALSE,FALSE
2010-10-28,Weddell,1.178883818,0.04771237356579161,0.04771237356579161,0.29780060706748523,FALSE,FALSE
2010-10-29,Weddell,1.176187944,0.04982095226216376,0.04982095226216376,0.29780060706748523,FALSE,FALSE
2010-10-30,Weddell,1.203642902,0.08222032085486575,0.08222032085486575,0.29780060706748523,FALSE,FALSE
2010-10-31,Weddell,1.206908437,0.09057306954085442,0.09057306954085442,0.29780060706748523,FALSE,FALSE
2010-11-01,Weddell,1.189911455,0.07880573460747087,0.07880573460747087,0.29780060706748523,FALSE,FALSE
2010-11-02,Weddell,1.183868773,0.07813377584675085,0.07813377584675085,0.29780060706748523,FALSE,FALSE
2010-11-03,Weddell,1.163344702,0.06312014678526512,0.06312014678526512,0.29780060706748523,FALSE,FALSE
2010-11-04,Weddell,1.144300303,0.04972455094958472,0.04972455094958472,0.29780060706748523,FALSE,FALSE
2010-11-05,Weddell,1.152890047,0.06410010186627968,0.06410010186627968,0.29780060706748523,FALSE,FALSE
2010-11-06,Weddell,1.178457286,0.09558879406192287,0.09558879406192287,0.29780060706748523,FALSE,FALSE
2010-11-07,Weddell,1.17920324,0.1023904900630832,0.1023904900630832,0.29780060706748523,FALSE,FALSE
2010-11-08,Weddell,1.187886334,0.11726225739633243,0.11726225739633243,0.29780060706748523,FALSE,FALSE
2010-11-09,Weddell,1.171159752,0.10685592258824106,0.10685592258824106,0.29780060706748523,FALSE,FALSE
2010-11-10,Weddell,1.156070577,0.09821721116538008,0.09821721116538008,0.29780060706748523,FALSE,FALSE
2010-11-11,Weddell,1.131673208,0.0803991646543214,0.0803991646543214,0.29780060706748523,FALSE,FALSE
2010-11-12,Weddell,1.132321612,0.08775448852219347,0.08775448852219347,0.29780060706748523,FALSE,FALSE
2010-11-13,Weddell,1.123372489,0.08564392857194547,0.08564392857194547,0.29780060706748523,FALSE,FALSE
2010-11-14,Weddell,1.094216758,0.06347042763969801,0.06347042763969801,0.29780060706748523,FALSE,FALSE
2010-11-15,Weddell,1.085874391,0.0622666396178706,0.0622666396178706,0.29780060706748523,FALSE,FALSE
2010-11-16,Weddell,1.070638204,0.05433806239888339,0.05433806239888339,0.29780060706748523,FALSE,FALSE
2010-11-17,Weddell,1.088104294,0.07929347487515659,0.07929347487515659,0.29780060706748523,FALSE,FALSE
2010-11-18,Weddell,1.115581585,0.11445448293910944,0.11445448293910944,0.29780060706748523,FALSE,FALSE
2010-11-19,Weddell,1.139789583,0.14655327448316202,0.14655327448316202,0.29780060706748523,FALSE,FALSE
2010-11-20,Weddell,1.157424456,0.1722986993997343,0.1722986993997343,0.29780060706748523,FALSE,FALSE
2010-11-21,Weddell,1.163517936,0.18673517158124575,0.18673517158124575,0.29780060706748523,FALSE,FALSE
2010-11-22,Weddell,1.156140901,0.1879462509201164,0.1879462509201164,0.29780060706748523,FALSE,FALSE
2010-11-23,Weddell,1.148946934,0.18959820230876612,0.18959820230876612,0.29780060706748523,FALSE,FALSE
2010-11-24,Weddell,1.142807626,0.19257529863961464,0.19257529863961464,0.29780060706748523,FALSE,FALSE
2010-11-25,Weddell,1.139805035,0.1989698951988177,0.1989698951988177,0.29780060706748523,FALSE,FALSE
2010-11-26,Weddell,1.136997356,0.20583031567226917,0.20583031567226917,0.29780060706748523,FALSE,FALSE
2010-11-27,Weddell,1.132153973,0.2109059314507794,0.2109059314507794,0.29780060706748523,FALSE,FALSE
2010-11-28,Weddell,1.138667246,0.22756901311073496,0.22756901311073496,0.29780060706748523,FALSE,FALSE
2010-11-29,Weddell,1.143641805,0.24290410122852513,0.24290410122852513,0.29780060706748523,FALSE,FALSE
2010-11-30,Weddell,1.132042085,0.24185554138053855,0.24185554138053855,0.29780060706748523,FALSE,FALSE
2010-12-01,Weddell,1.132631246,0.2531664041431628,0.2531664041431628,0.29780060706748523,FALSE,FALSE
2010-12-02,Weddell,1.131611518,0.2630188300927857,0.2630188300927857,0.29780060706748523,FALSE,FALSE
2010-12-03,Weddell,1.134193548,0.2766033768057967,0.2766033768057967,0.29780060706748523,FALSE,FALSE
2010-12-04,Weddell,1.133556837,0.28707945585858297,0.28707945585858297,0.29780060706748523,FALSE,FALSE
2010-12-05,Weddell,1.125674141,0.29039973382753304,0.29039973382753304,0.29780060706748523,FALSE,FALSE
2010-12-06,Weddell,1.09942395,0.2754226112890358,0.2754226112890358,0.29780060706748523,FALSE,FALSE
2010-12-07,Weddell,1.035564359,0.2228860960379171,0.2228860960379171,0.29780060706748523,FALSE,FALSE
2010-12-08,Weddell,0.988948053,0.1876234745432468,0.1876234745432468,0.29780060706748523,FALSE,FALSE
2010-12-09,Weddell,0.965045933,0.17508791010350389,0.17508791010350389,0.29780060706748523,FALSE,FALSE
2010-12-10,Weddell,0.962803657,0.18420756835869545,0.18420756835869545,0.29780060706748523,FALSE,FALSE
2010-12-11,Weddell,0.952037871,0.18478160294883117,0.18478160294883117,0.29780060706748523,FALSE,FALSE
2010-12-12,Weddell,0.952077016,0.1961209625139192,0.1961209625139192,0.29780060706748523,FALSE,FALSE
2010-12-13,Weddell,0.953907131,0.2091941936939673,0.2091941936939673,0.29780060706748523,FALSE,FALSE
2010-12-14,Weddell,0.96067812,0.2271337081289846,0.2271337081289846,0.29780060706748523,FALSE,FALSE
2010-12-15,Weddell,0.967282077,0.24481410745897947,0.24481410745897947,0.29780060706748523,FALSE,FALSE
2010-12-16,Weddell,0.946316995,0.2348158923239599,0.2348158923239599,0.29780060706748523,FALSE,FALSE
2010-12-17,Weddell,0.941635591,0.2409742873639348,0.2409742873639348,0.29780060706748523,FALSE,FALSE
2010-12-18,Weddell,0.9324769,0.2425108352189126,0.2425108352189126,0.29780060706748523,FALSE,FALSE
2010-12-19,Weddell,0.913459057,0.23402617852890104,0.23402617852890104,0.29780060706748523,FALSE,FALSE
2010-12-20,Weddell,0.886931175,0.21785252304632977,0.21785252304632977,0.29780060706748523,FALSE,FALSE
2010-12-21,Weddell,0.890016179,0.2311051382788177,0.2311051382788177,0.29780060706748523,FALSE,FALSE
2010-12-22,Weddell,0.869134091,0.2202037756792441,0.2202037756792441,0.29780060706748523,FALSE,FALSE
2010-12-23,Weddell,0.84026038,0.20112383949618703,0.20112383949618703,0.29780060706748523,FALSE,FALSE
2010-12-24,Weddell,0.819887729,0.19035794797822347,0.19035794797822347,0.29780060706748523,FALSE,FALSE
2010-12-25,Weddell,0.793228741,0.17311863937393146,0.17311863937393146,0.29780060706748523,FALSE,FALSE
2010-12-26,Weddell,0.752595552,0.14171798493188692,0.14171798493188692,0.29780060706748523,FALSE,FALSE
2010-12-27,Weddell,0.719123217,0.1172909749006682,0.1172909749006682,0.29780060706748523,FALSE,FALSE
2010-12-28,Weddell,0.668023863,0.07504967152885322,0.07504967152885322,0.29780060706748523,FALSE,FALSE
2010-12-29,Weddell,0.641340648,0.05703716806501846,0.05703716806501846,0.29780060706748523,FALSE,FALSE
2010-12-30,Weddell,0.615401819,0.03958164675774045,0.03958164675774045,0.29780060706748523,FALSE,FALSE
2010-12-31,Weddell,0.588292227,0.02076789385559851,0.02076789385559851,0.29780060706748523,FALSE,FALSE
2011-01-01,Weddell,0.563995726,0.00457969860716944,0.00457969860716944,0.29780060706748523,FALSE,FALSE
2011-01-02,Weddell,0.542309596,-0.00918437087456658,0.00918437087456658,0.29780060706748523,FALSE,FALSE
2011-01-03,Weddell,0.54413096,3.79507980989402e-4,3.79507980989402e-4,0.29780060706748523,FALSE,FALSE
2011-01-04,Weddell,0.531723097,-0.00445733339116238,0.00445733339116238,0.29780060706748523,FALSE,FALSE
2011-01-05,Weddell,0.525589882,-0.0031829675560181,0.0031829675560181,0.29780060706748523,FALSE,FALSE
2011-01-06,Weddell,0.519289595,-0.00223106207857903,0.00223106207857903,0.29780060706748523,FALSE,FALSE
2011-01-07,Weddell,0.528068332,0.01365253147615863,0.01365253147615863,0.29780060706748523,FALSE,FALSE
2011-01-08,Weddell,0.526824585,0.01937435754319583,0.01937435754319583,0.29780060706748523,FALSE,FALSE
2011-01-09,Weddell,0.534139781,0.03352389555753288,0.03352389555753288,0.29780060706748523,FALSE,FALSE
2011-01-10,Weddell,0.533482328,0.03957760595417348,0.03957760595417348,0.29780060706748523,FALSE,FALSE
2011-01-11,Weddell,0.52168846,0.03437977516811769,0.03437977516811769,0.29780060706748523,FALSE,FALSE
2011-01-12,Weddell,0.511539861,0.03072013963436826,0.03072013963436826,0.29780060706748523,FALSE,FALSE
2011-01-13,Weddell,0.513964511,0.03953473178792549,0.03953473178792549,0.29780060706748523,FALSE,FALSE
2011-01-14,Weddell,0.513979946,0.04584915650633348,0.04584915650633348,0.29780060706748523,FALSE,FALSE
2011-01-15,Weddell,0.506564006,0.04464991270507162,0.04464991270507162,0.29780060706748523,FALSE,FALSE
2011-01-16,Weddell,0.4904644,0.03469410749082063,0.03469410749082063,0.29780060706748523,FALSE,FALSE
2011-01-17,Weddell,0.478038351,0.02834840871922195,0.02834840871922195,0.29780060706748523,FALSE,FALSE
2011-01-18,Weddell,0.47191764,0.02825404224591765,0.02825404224591765,0.29780060706748523,FALSE,FALSE
2011-01-19,Weddell,0.466977983,0.02929616892654918,0.02929616892654918,0.29780060706748523,FALSE,FALSE
2011-01-20,Weddell,0.460099769,0.02836462261675926,0.02836462261675926,0.29780060706748523,FALSE,FALSE
2011-01-21,Weddell,0.441462584,0.01564843417218908,0.01564843417218908,0.29780060706748523,FALSE,FALSE
2011-01-22,Weddell,0.422126999,0.00221761944848103,0.00221761944848103,0.29780060706748523,FALSE,FALSE
2011-01-23,Weddell,0.408996892,-0.0050144986987235,0.0050144986987235,0.29780060706748523,FALSE,FALSE
2011-01-24,Weddell,0.405855569,-0.00225516941378206,0.00225516941378206,0.29780060706748523,FALSE,FALSE
2011-01-25,Weddell,0.41391072,0.01171274215894663,0.01171274215894663,0.29780060706748523,FALSE,FALSE
2011-01-26,Weddell,0.417579791,0.02131612687510564,0.02131612687510564,0.29780060706748523,FALSE,FALSE
2011-01-27,Weddell,0.41694833,0.02664730543340787,0.02664730543340787,0.29780060706748523,FALSE,FALSE
2011-01-28,Weddell,0.412598364,0.02827698847603832,0.02827698847603832,0.29780060706748523,FALSE,FALSE
2011-01-29,Weddell,0.408864602,0.03052106789449943,0.03052106789449943,0.29780060706748523,FALSE,FALSE
2011-01-30,Weddell,0.3994477,0.02706135841799489,0.02706135841799489,0.29780060706748523,FALSE,FALSE
2011-01-31,Weddell,0.381734133,0.015265493775729,0.015265493775729,0.29780060706748523,FALSE,FALSE
2011-02-01,Weddell,0.37485276,0.01424349169690508,0.01424349169690508,0.29780060706748523,FALSE,FALSE
2011-02-02,Weddell,0.369221066,0.01439399591072754,0.01439399591072754,0.29780060706748523,FALSE,FALSE
2011-02-03,Weddell,0.356757155,0.00761626914640006,0.00761626914640006,0.29780060706748523,FALSE,FALSE
2011-02-04,Weddell,0.353075455,0.00950589813312641,0.00950589813312641,0.29780060706748523,FALSE,FALSE
2011-02-05,Weddell,0.349959565,0.01182764060011087,0.01182764060011087,0.29780060706748523,FALSE,FALSE
2011-02-06,Weddell,0.331860654,-9.861757234429502e-4,9.861757234429502e-4,0.29780060706748523,FALSE,FALSE
2011-02-07,Weddell,0.332489141,0.00475602689166876,0.00475602689166876,0.29780060706748523,FALSE,FALSE
2011-02-08,Weddell,0.323118275,3.0868049487292604e-4,3.0868049487292604e-4,0.29780060706748523,FALSE,FALSE
2011-02-09,Weddell,0.320569478,0.00247760097224042,0.00247760097224042,0.29780060706748523,FALSE,FALSE
2011-02-10,Weddell,0.321123738,0.00753455579277218,0.00753455579277218,0.29780060706748523,FALSE,FALSE
2011-02-11,Weddell,0.32977694,0.02046696441594125,0.02046696441594125,0.29780060706748523,FALSE,FALSE
2011-02-12,Weddell,0.332968496,0.02770577330122203,0.02770577330122203,0.29780060706748523,FALSE,FALSE
2011-02-13,Weddell,0.327967339,0.02651144990808784,0.02651144990808784,0.29780060706748523,FALSE,FALSE
2011-02-14,Weddell,0.316638787,0.01874084669601267,0.01874084669601267,0.29780060706748523,FALSE,FALSE
2011-02-15,Weddell,0.320921028,0.02632368612447022,0.02632368612447022,0.29780060706748523,FALSE,FALSE
2011-02-16,Weddell,0.324074318,0.03251175865293398,0.03251175865293398,0.29780060706748523,FALSE,FALSE
2011-02-17,Weddell,0.304090724,0.01528866574087806,0.01528866574087806,0.29780060706748523,FALSE,FALSE
2011-02-18,Weddell,0.294086511,0.00776220684777562,0.00776220684777562,0.29780060706748523,FALSE,FALSE
2011-02-19,Weddell,0.294078392,0.0099406294331007,0.0099406294331007,0.29780060706748523,FALSE,FALSE
2011-02-20,Weddell,0.291625257,0.00937435795632735,0.00937435795632735,0.29780060706748523,FALSE,FALSE
2011-02-21,Weddell,0.27848225,-0.00218945670243386,0.00218945670243386,0.29780060706748523,FALSE,FALSE
2011-02-22,Weddell,0.27036821,-0.00903424120855456,0.00903424120855456,0.29780060706748523,FALSE,FALSE
2011-02-23,Weddell,0.264713283,-0.01372830507472433,0.01372830507472433,0.29780060706748523,FALSE,FALSE
2011-02-24,Weddell,0.272879931,-0.00490757293761123,0.00490757293761123,0.29780060706748523,FALSE,FALSE
2011-02-25,Weddell,0.27793252,4.939345661171823e-4,4.939345661171823e-4,0.29780060706748523,FALSE,FALSE
2011-02-26,Weddell,0.271675857,-0.00571736220020679,0.00571736220020679,0.29780060706748523,FALSE,FALSE
2011-02-27,Weddell,0.274143494,-0.00350629787325046,0.00350629787325046,0.29780060706748523,FALSE,FALSE
2011-02-28,Weddell,0.281586055,0.00337936491031848,0.00337936491031848,0.29780060706748523,FALSE,FALSE
2011-03-01,Weddell,0.280788922,0.00172662151383207,0.00172662151383207,0.29780060706748523,FALSE,FALSE
2011-03-02,Weddell,0.282088076,0.00187306630062311,0.00187306630062311,0.29780060706748523,FALSE,FALSE
2011-03-03,Weddell,0.283309445,0.00164624063402379,0.00164624063402379,0.29780060706748523,FALSE,FALSE
2011-03-04,Weddell,0.30613894,0.02273366887736683,0.02273366887736683,0.29780060706748523,FALSE,FALSE
2011-03-05,Weddell,0.320004476,0.03456488026607651,0.03456488026607651,0.29780060706748523,FALSE,FALSE
2011-03-06,Weddell,0.333916098,0.04615477810903401,0.04615477810903401,0.29780060706748523,FALSE,FALSE
2011-03-07,Weddell,0.34015161,0.04979658618602956,0.04979658618602956,0.29780060706748523,FALSE,FALSE
2011-03-08,Weddell,0.344976055,0.05177291295036024,0.05177291295036024,0.29780060706748523,FALSE,FALSE
2011-03-09,Weddell,0.354443942,0.05815583285532189,0.05815583285532189,0.29780060706748523,FALSE,FALSE
2011-03-10,Weddell,0.363177235,0.06358487535421004,0.06358487535421004,0.29780060706748523,FALSE,FALSE
2011-03-11,Weddell,0.378939062,0.0758407339003217,0.0758407339003217,0.29780060706748523,FALSE,FALSE
2011-03-12,Weddell,0.382746505,0.0759580559469531,0.0759580559469531,0.29780060706748523,FALSE,FALSE
2011-03-13,Weddell,0.370954622,0.06030946494739953,0.06030946494739953,0.29780060706748523,FALSE,FALSE
2011-03-14,Weddell,0.335138694,0.02048780735495792,0.02048780735495792,0.29780060706748523,FALSE,FALSE
2011-03-15,Weddell,0.314891843,-0.00389622937707578,0.00389622937707578,0.29780060706748523,FALSE,FALSE
2011-03-16,Weddell,0.314320349,-0.00871879979540557,0.00871879979540557,0.29780060706748523,FALSE,FALSE
2011-03-17,Weddell,0.323212899,-0.00417365144673509,0.00417365144673509,0.29780060706748523,FALSE,FALSE
2011-03-18,Weddell,0.31760322,-0.01420977064265233,0.01420977064265233,0.29780060706748523,FALSE,FALSE
2011-03-19,Weddell,0.310560316,-0.02574782880710902,0.02574782880710902,0.29780060706748523,FALSE,FALSE
2011-03-20,Weddell,0.30599886,-0.034870110791897,0.034870110791897,0.29780060706748523,FALSE,FALSE
2011-03-21,Weddell,0.312522496,-0.03297027331742752,0.03297027331742752,0.29780060706748523,FALSE,FALSE
2011-03-22,Weddell,0.315701006,-0.03447583510411123,0.03447583510411123,0.29780060706748523,FALSE,FALSE
2011-03-23,Weddell,0.332153431,-0.02276505587235888,0.02276505587235888,0.29780060706748523,FALSE,FALSE
2011-03-24,Weddell,0.345512832,-0.01420217534258094,0.01420217534258094,0.29780060706748523,FALSE,FALSE
2011-03-25,Weddell,0.34995114,-0.01461256323518794,0.01461256323518794,0.29780060706748523,FALSE,FALSE
2011-03-26,Weddell,0.342457208,-0.02700466727059125,0.02700466727059125,0.29780060706748523,FALSE,FALSE
2011-03-27,Weddell,0.339989202,-0.03441762216920135,0.03441762216920135,0.29780060706748523,FALSE,FALSE
2011-03-28,Weddell,0.323724903,-0.05567094765142871,0.05567094765142871,0.29780060706748523,FALSE,FALSE
2011-03-29,Weddell,0.316225222,-0.06820103343768391,0.06820103343768391,0.29780060706748523,FALSE,FALSE
2011-03-30,Weddell,0.324953226,-0.06454211324837805,0.06454211324837805,0.29780060706748523,FALSE,FALSE
2011-03-31,Weddell,0.334348004,-0.06025404999160239,0.06025404999160239,0.29780060706748523,FALSE,FALSE
2011-04-01,Weddell,0.340015398,-0.05973897902217406,0.05973897902217406,0.29780060706748523,FALSE,FALSE
2011-04-02,Weddell,0.338765378,-0.06619797595786359,0.06619797595786359,0.29780060706748523,FALSE,FALSE
2011-04-03,Weddell,0.331903134,-0.07833689895297186,0.07833689895297186,0.29780060706748523,FALSE,FALSE
2011-04-04,Weddell,0.333133392,-0.0824620701617999,0.0824620701617999,0.29780060706748523,FALSE,FALSE
2011-04-05,Weddell,0.350008944,-0.07103174573864884,0.07103174573864884,0.29780060706748523,FALSE,FALSE
2011-04-06,Weddell,0.38014235,-0.0464444138378185,0.0464444138378185,0.29780060706748523,FALSE,FALSE
2011-04-07,Weddell,0.420404337,-0.01184039561361105,0.01184039561361105,0.29780060706748523,FALSE,FALSE
2011-04-08,Weddell,0.446092466,0.00806682177967355,0.00806682177967355,0.29780060706748523,FALSE,FALSE
2011-04-09,Weddell,0.484781948,0.04084140118773349,0.04084140118773349,0.29780060706748523,FALSE,FALSE
2011-04-10,Weddell,0.502840226,0.0528397374562688,0.0528397374562688,0.29780060706748523,FALSE,FALSE
2011-04-11,Weddell,0.517203832,0.06098731443097738,0.06098731443097738,0.29780060706748523,FALSE,FALSE
2011-04-12,Weddell,0.5420841,0.07948458466017427,0.07948458466017427,0.29780060706748523,FALSE,FALSE
2011-04-13,Weddell,0.553914255,0.0847657726263954,0.0847657726263954,0.29780060706748523,FALSE,FALSE
2011-04-14,Weddell,0.573814007,0.09797117342568024,0.09797117342568024,0.29780060706748523,FALSE,FALSE
2011-04-15,Weddell,0.593104759,0.11044460453804504,0.11044460453804504,0.29780060706748523,FALSE,FALSE
2011-04-16,Weddell,0.607975837,0.11839780644350406,0.11839780644350406,0.29780060706748523,FALSE,FALSE
2011-04-17,Weddell,0.611654811,0.11508076362207233,0.11508076362207233,0.29780060706748523,FALSE,FALSE
2011-04-18,Weddell,0.630956424,0.12733063355376517,0.12733063355376517,0.29780060706748523,FALSE,FALSE
2011-04-19,Weddell,0.650176995,0.1394661497185974,0.1394661497185974,0.29780060706748523,FALSE,FALSE
2011-04-20,Weddell,0.671281737,0.15347493959658387,0.15347493959658387,0.29780060706748523,FALSE,FALSE
2011-04-21,Weddell,0.673144162,0.14825292966773962,0.14825292966773962,0.29780060706748523,FALSE,FALSE
2011-04-22,Weddell,0.650816487,0.11887475141207948,0.11887475141207948,0.29780060706748523,FALSE,FALSE
2011-04-23,Weddell,0.636612657,0.09767676430961868,0.09767676430961868,0.29780060706748523,FALSE,FALSE
2011-04-24,Weddell,0.65210977,0.1062584808403717,0.1062584808403717,0.29780060706748523,FALSE,FALSE
2011-04-25,Weddell,0.675002598,0.12233507008042344,0.12233507008042344,0.29780060706748523,FALSE,FALSE
2011-04-26,Weddell,0.686866478,0.12748310588772538,0.12748310588772538,0.29780060706748523,FALSE,FALSE
2011-04-27,Weddell,0.673272244,0.10726407107163194,0.10726407107163194,0.29780060706748523,FALSE,FALSE
2011-04-28,Weddell,0.656433692,0.08388229890809917,0.08388229890809917,0.29780060706748523,FALSE,FALSE
2011-04-29,Weddell,0.697313404,0.11829090867308234,0.11829090867308234,0.29780060706748523,FALSE,FALSE
2011-04-30,Weddell,0.725867281,0.14043633864253668,0.14043633864253668,0.29780060706748523,FALSE,FALSE
2011-05-01,Weddell,0.739521112,0.1477349150924182,0.1477349150924182,0.29780060706748523,FALSE,FALSE
2011-05-02,Weddell,0.731516488,0.1334187662986821,0.1334187662986821,0.29780060706748523,FALSE,FALSE
2011-05-03,Weddell,0.726447907,0.12207292753728438,0.12207292753728438,0.29780060706748523,FALSE,FALSE
2011-05-04,Weddell,0.762187215,0.15155978208418053,0.15155978208418053,0.29780060706748523,FALSE,FALSE
2011-05-05,Weddell,0.807946867,0.19108232221532528,0.19108232221532528,0.29780060706748523,FALSE,FALSE
2011-05-06,Weddell,0.824539324,0.20144354620667493,0.20144354620667493,0.29780060706748523,FALSE,FALSE
2011-05-07,Weddell,0.832473861,0.20314325850560755,0.20314325850560755,0.29780060706748523,FALSE,FALSE
2011-05-08,Weddell,0.835505399,0.19992254500518336,0.19992254500518336,0.29780060706748523,FALSE,FALSE
2011-05-09,Weddell,0.823844822,0.18196683845720696,0.18196683845720696,0.29780060706748523,FALSE,FALSE
2011-05-10,Weddell,0.805981371,0.15773801733966264,0.15773801733966264,0.29780060706748523,FALSE,FALSE
2011-05-11,Weddell,0.791100585,0.13639425813053296,0.13639425813053296,0.29780060706748523,FALSE,FALSE
2011-05-12,Weddell,0.770745543,0.10945127730780269,0.10945127730780269,0.29780060706748523,FALSE,FALSE
2011-05-13,Weddell,0.719500815,0.05146628234945383,0.05146628234945383,0.29780060706748523,FALSE,FALSE
2011-05-14,Weddell,0.674315953,-6.385372665291822e-4,6.385372665291822e-4,0.29780060706748523,FALSE,FALSE
2011-05-15,Weddell,0.679742374,-0.00233912706216288,0.00233912706216288,0.29780060706748523,FALSE,FALSE
2011-05-16,Weddell,0.695593799,0.00615087144053594,0.00615087144053594,0.29780060706748523,FALSE,FALSE
2011-05-17,Weddell,0.739129696,0.04206356371955144,0.04206356371955144,0.29780060706748523,FALSE,FALSE
2011-05-18,Weddell,0.798267856,0.09328937825286664,0.09328937825286664,0.29780060706748523,FALSE,FALSE
2011-05-19,Weddell,0.855254053,0.14204672651846528,0.14204672651846528,0.29780060706748523,FALSE,FALSE
2011-05-20,Weddell,0.910797697,0.18901953565747287,0.18901953565747287,0.29780060706748523,FALSE,FALSE
2011-05-21,Weddell,0.894292986,0.16361081961543333,0.16361081961543333,0.29780060706748523,FALSE,FALSE
2011-05-22,Weddell,0.865953099,0.12607253964726073,0.12607253964726073,0.29780060706748523,FALSE,FALSE
2011-05-23,Weddell,0.89290464,0.14357109021585612,0.14357109021585612,0.29780060706748523,FALSE,FALSE
2011-05-24,Weddell,0.910839263,0.1518379157841221,0.1518379157841221,0.29780060706748523,FALSE,FALSE
2011-05-25,Weddell,0.907347341,0.1385031798149613,0.1385031798149613,0.29780060706748523,FALSE,FALSE
2011-05-26,Weddell,0.897500295,0.1186780937712748,0.1186780937712748,0.29780060706748523,FALSE,FALSE
2011-05-27,Weddell,0.888821276,0.09992559911596566,0.09992559911596566,0.29780060706748523,FALSE,FALSE
2011-05-28,Weddell,0.887587217,0.08856241931193509,0.08856241931193509,0.29780060706748523,FALSE,FALSE
2011-05-29,Weddell,0.902778422,0.09360864882208642,0.09360864882208642,0.29780060706748523,FALSE,FALSE
2011-05-30,Weddell,0.924097004,0.10480619110932075,0.10480619110932075,0.29780060706748523,FALSE,FALSE
2011-05-31,Weddell,0.953422971,0.12407484463654073,0.12407484463654073,0.29780060706748523,FALSE,FALSE
2011-06-01,Weddell,0.990526112,0.15122418886664812,0.15122418886664812,0.29780060706748523,FALSE,FALSE
2011-06-02,Weddell,0.964233693,0.11511309158304928,0.11511309158304928,0.29780060706748523,FALSE,FALSE
2011-06-03,Weddell,0.937894887,0.07908600037560198,0.07908600037560198,0.29780060706748523,FALSE,FALSE
2011-06-04,Weddell,0.976506035,0.1081244606085956,0.1081244606085956,0.29780060706748523,FALSE,FALSE
2011-06-05,Weddell,0.996142295,0.11828883427329372,0.11828883427329372,0.29780060706748523,FALSE,FALSE
2011-06-06,Weddell,0.980692551,0.09345320936095812,0.09345320936095812,0.29780060706748523,FALSE,FALSE
2011-06-07,Weddell,0.983008167,0.08645415386285338,0.08645415386285338,0.29780060706748523,FALSE,FALSE
2011-06-08,Weddell,0.974403374,0.0685911027702405,0.0685911027702405,0.29780060706748523,FALSE,FALSE
2011-06-09,Weddell,0.936454821,0.02142590907438368,0.02142590907438368,0.29780060706748523,FALSE,FALSE
2011-06-10,Weddell,0.937828424,0.01360969276654522,0.01360969276654522,0.29780060706748523,FALSE,FALSE
2011-06-11,Weddell,0.947077858,0.01368133283798911,0.01368133283798911,0.29780060706748523,FALSE,FALSE
2011-06-12,Weddell,0.948343765,0.00576667527997698,0.00576667527997698,0.29780060706748523,FALSE,FALSE
2011-06-13,Weddell,0.937884925,-0.01389029591622759,0.01389029591622759,0.29780060706748523,FALSE,FALSE
2011-06-14,Weddell,0.949577038,-0.01142826237945104,0.01142826237945104,0.29780060706748523,FALSE,FALSE
2011-06-15,Weddell,1.000437543,0.03017410084652916,0.03017410084652916,0.29780060706748523,FALSE,FALSE
2011-06-16,Weddell,1.033321895,0.05380119520702797,0.05380119520702797,0.29780060706748523,FALSE,FALSE
2011-06-17,Weddell,1.111931476,0.12318516482253083,0.12318516482253083,0.29780060706748523,FALSE,FALSE
2011-06-18,Weddell,1.132515316,0.134605801813517,0.134605801813517,0.29780060706748523,FALSE,FALSE
2011-06-19,Weddell,1.096624184,0.0896446373004709,0.0896446373004709,0.29780060706748523,FALSE,FALSE
2011-06-20,Weddell,1.119529591,0.1036039444038752,0.1036039444038752,0.29780060706748523,FALSE,FALSE
2011-06-21,Weddell,1.177831875,0.15311482324421166,0.15311482324421166,0.29780060706748523,FALSE,FALSE
2011-06-22,Weddell,1.227670617,0.19434761694196356,0.19434761694196356,0.29780060706748523,FALSE,FALSE
2011-06-23,Weddell,1.276104357,0.234391627617613,0.234391627617613,0.29780060706748523,FALSE,FALSE
2011-06-24,Weddell,1.284121654,0.23426617639164293,0.23426617639164293,0.29780060706748523,FALSE,FALSE
2011-06-25,Weddell,1.306055464,0.24833498138453525,0.24833498138453525,0.29780060706748523,FALSE,FALSE
2011-06-26,Weddell,1.352095095,0.2868181127167728,0.2868181127167728,0.29780060706748523,FALSE,FALSE
2011-06-27,Weddell,1.3779947320000001,0.30549639313238686,0.30549639313238686,0.29780060706748523,TRUE,FALSE
2011-06-28,Weddell,1.402740128,0.3233510475028849,0.3233510475028849,0.29780060706748523,TRUE,FALSE
2011-06-29,Weddell,1.441192061,0.3552240847875445,0.3552240847875445,0.29780060706748523,TRUE,FALSE
2011-06-30,Weddell,1.444772901,0.35251903272584273,0.35251903272584273,0.29780060706748523,TRUE,FALSE
2011-07-01,Weddell,1.38914685,0.2908812510572556,0.2908812510572556,0.29780060706748523,FALSE,FALSE
2011-07-02,Weddell,1.337204366,0.23318235552126043,0.23318235552126043,0.29780060706748523,FALSE,FALSE
2011-07-03,Weddell,1.332293305,0.2227513598573347,0.2227513598573347,0.29780060706748523,FALSE,FALSE
2011-07-04,Weddell,1.299445638,0.18460139280495305,0.18460139280495305,0.29780060706748523,FALSE,FALSE
2011-07-05,Weddell,1.253890807,0.13394305410359375,0.13394305410359375,0.29780060706748523,FALSE,FALSE
2011-07-06,Weddell,1.202085222,0.077213911492733045,0.077213911492733045,0.29780060706748523,FALSE,FALSE
2011-07-07,Weddell,1.176870604,0.04723684371184755,0.04723684371184755,0.29780060706748523,FALSE,FALSE
2011-07-08,Weddell,1.200667684,0.06641373950041296,0.06641373950041296,0.29780060706748523,FALSE,FALSE
2011-07-09,Weddell,1.212830807,0.07408010913312069,0.07408010913312069,0.29780060706748523,FALSE,FALSE
2011-07-10,Weddell,1.206720577,0.06357918744875701,0.06357918744875701,0.29780060706748523,FALSE,FALSE
2011-07-11,Weddell,1.237219895,0.08977971363568238,0.08977971363568238,0.29780060706748523,FALSE,FALSE
2011-07-12,Weddell,1.335039322,0.18337851133105487,0.18337851133105487,0.29780060706748523,FALSE,FALSE
2011-07-13,Weddell,1.358642537,0.20282552217203145,0.20282552217203145,0.29780060706748523,FALSE,FALSE
2011-07-14,Weddell,1.38169676,0.22177422879577025,0.22177422879577025,0.29780060706748523,FALSE,FALSE
2011-07-15,Weddell,1.393078568,0.2290874708394273,0.2290874708394273,0.29780060706748523,FALSE,FALSE
2011-07-16,Weddell,1.376090156,0.20805370594016104,0.20805370594016104,0.29780060706748523,FALSE,FALSE
2011-07-17,Weddell,1.437625271,0.26555294373512717,0.26555294373512717,0.29780060706748523,FALSE,FALSE
2011-07-18,Weddell,1.476787713,0.3006752468614857,0.3006752468614857,0.29780060706748523,TRUE,TRUE
2011-07-19,Weddell,1.497232338,0.31706173395639103,0.31706173395639103,0.29780060706748523,TRUE,TRUE
2011-07-20,Weddell,1.526097248,0.3418367696570026,0.3418367696570026,0.29780060706748523,TRUE,TRUE
2011-07-21,Weddell,1.552987599,0.3645917726004768,0.3645917726004768,0.29780060706748523,TRUE,TRUE
2011-07-22,Weddell,1.594898714,0.4023093718746564,0.4023093718746564,0.29780060706748523,TRUE,TRUE
2011-07-23,Weddell,1.611624618,0.4147853005843447,0.4147853005843447,0.29780060706748523,TRUE,TRUE
2011-07-24,Weddell,1.615133929,0.41400038303606146,0.41400038303606146,0.29780060706748523,TRUE,TRUE
2011-07-25,Weddell,1.59866986,0.3932102766763923,0.3932102766763923,0.29780060706748523,TRUE,TRUE
2011-07-26,Weddell,1.565974672,0.35616968695192375,0.35616968695192375,0.29780060706748523,TRUE,TRUE
2011-07-27,Weddell,1.523026858,0.30886955130923877,0.30886955130923877,0.29780060706748523,TRUE,TRUE
2011-07-28,Weddell,1.485322071,0.2668179671949247,0.2668179671949247,0.29780060706748523,FALSE,FALSE
2011-07-29,Weddell,1.495643573,0.27281064105556774,0.27281064105556774,0.29780060706748523,FALSE,FALSE
2011-07-30,Weddell,1.49485426,0.2677229133377519,0.2677229133377519,0.29780060706748523,FALSE,FALSE
2011-07-31,Weddell,1.468752289,0.23736538548806196,0.23736538548806196,0.29780060706748523,FALSE,FALSE
2011-08-01,Weddell,1.448399644,0.21281248595308555,0.21281248595308555,0.29780060706748523,FALSE,FALSE
2011-08-02,Weddell,1.437250421,0.19753075517940588,0.19753075517940588,0.29780060706748523,FALSE,FALSE
2011-08-03,Weddell,1.414694831,0.17092284848303674,0.17092284848303674,0.29780060706748523,FALSE,FALSE
2011-08-04,Weddell,1.411874209,0.16413902021450522,0.16413902021450522,0.29780060706748523,FALSE,FALSE
2011-08-05,Weddell,1.393057515,0.14144443381221827,0.14144443381221827,0.29780060706748523,FALSE,FALSE
2011-08-06,Weddell,1.327643364,0.07223104136244651,0.07223104136244651,0.29780060706748523,FALSE,FALSE
2011-08-07,Weddell,1.242736821,-0.01640275504854171,0.01640275504854171,0.29780060706748523,FALSE,FALSE
2011-08-08,Weddell,1.167772617,-0.09502888733447512,0.09502888733447512,0.29780060706748523,FALSE,FALSE
2011-08-09,Weddell,1.160631063,-0.10577370740908544,0.10577370740908544,0.29780060706748523,FALSE,FALSE
2011-08-10,Weddell,1.269663971,-2.920661861023355e-4,2.920661861023355e-4,0.29780060706748523,FALSE,FALSE
2011-08-11,Weddell,1.318073984,0.04461201642074397,0.04461201642074397,0.29780060706748523,FALSE,FALSE
2011-08-12,Weddell,1.36059695,0.0836677254977225,0.0836677254977225,0.29780060706748523,FALSE,FALSE
2011-08-13,Weddell,1.34034926,0.05998478913110494,0.05998478913110494,0.29780060706748523,FALSE,FALSE
2011-08-14,Weddell,1.321944569,0.03817019940715838,0.03817019940715838,0.29780060706748523,FALSE,FALSE
2011-08-15,Weddell,1.349544205,0.06237862141215333,0.06237862141215333,0.29780060706748523,FALSE,FALSE
2011-08-16,Weddell,1.357018783,0.06647455618192577,0.06647455618192577,0.29780060706748523,FALSE,FALSE
2011-08-17,Weddell,1.390208109,0.096308011822678,0.096308011822678,0.29780060706748523,FALSE,FALSE
2011-08-18,Weddell,1.3961791,0.09897478246994584,0.09897478246994584,0.29780060706748523,FALSE,FALSE
2011-08-19,Weddell,1.356099626,0.05567263869914773,0.05567263869914773,0.29780060706748523,FALSE,FALSE
2011-08-20,Weddell,1.309529317,0.00599111108569982,0.00599111108569982,0.29780060706748523,FALSE,FALSE
2011-08-21,Weddell,1.272128883,-0.03437918979498189,0.03437918979498189,0.29780060706748523,FALSE,FALSE
2011-08-22,Weddell,1.243456149,-0.0658505383674779,0.0658505383674779,0.29780060706748523,FALSE,FALSE
2011-08-23,Weddell,1.252621455,-0.05928269405637332,0.05928269405637332,0.29780060706748523,FALSE,FALSE
2011-08-24,Weddell,1.232977967,-0.08129259028624958,0.08129259028624958,0.29780060706748523,FALSE,FALSE
2011-08-25,Weddell,1.204815568,-0.11156044348169104,0.11156044348169104,0.29780060706748523,FALSE,FALSE
2011-08-26,Weddell,1.16084352,-0.1573470910672794,0.1573470910672794,0.29780060706748523,FALSE,FALSE
2011-08-27,Weddell,1.129785613,-0.18989884246759803,0.18989884246759803,0.29780060706748523,FALSE,FALSE
2011-08-28,Weddell,1.118316834,-0.2025108101072295,0.2025108101072295,0.29780060706748523,FALSE,FALSE
2011-08-29,Weddell,1.090808175,-0.23078777841677336,0.23078777841677336,0.29780060706748523,FALSE,FALSE
2011-08-30,Weddell,1.073410558,-0.24858910494357864,0.24858910494357864,0.29780060706748523,FALSE,FALSE
2011-08-31,Weddell,1.111196189,-0.21086582715510185,0.21086582715510185,0.29780060706748523,FALSE,FALSE
2011-09-01,Weddell,1.151756533,-0.17004974677181406,0.17004974677181406,0.29780060706748523,FALSE,FALSE
2011-09-02,Weddell,1.215245216,-0.10601050451418705,0.10601050451418705,0.29780060706748523,FALSE,FALSE
2011-09-03,Weddell,1.265542442,-0.05489116310269426,0.05489116310269426,0.29780060706748523,FALSE,FALSE
2011-09-04,Weddell,1.285963899,-0.03339930125780621,0.03339930125780621,0.29780060706748523,FALSE,FALSE
2011-09-05,Weddell,1.291303417,-0.02676435569999502,0.02676435569999502,0.29780060706748523,FALSE,FALSE
2011-09-06,Weddell,1.312476475,-0.00409411414973326,0.00409411414973326,0.29780060706748523,FALSE,FALSE
2011-09-07,Weddell,1.306221367,-0.00867354932749253,0.00867354932749253,0.29780060706748523,FALSE,FALSE
2011-09-08,Weddell,1.296121119,-0.01694290195374503,0.01694290195374503,0.29780060706748523,FALSE,FALSE
2011-09-09,Weddell,1.252346477,-0.05875469274896194,0.05875469274896194,0.29780060706748523,FALSE,FALSE
2011-09-10,Weddell,1.228222797,-0.08080672046841597,0.08080672046841597,0.29780060706748523,FALSE,FALSE
2011-09-11,Weddell,1.207742961,-0.09911862882721569,0.09911862882721569,0.29780060706748523,FALSE,FALSE
2011-09-12,Weddell,1.230786196,-0.07380448214367186,0.07380448214367186,0.29780060706748523,FALSE,FALSE
2011-09-13,Weddell,1.28185248,-0.02035556852179598,0.02035556852179598,0.29780060706748523,FALSE,FALSE
2011-09-14,Weddell,1.310509026,0.01080405893440117,0.01080405893440117,0.29780060706748523,FALSE,FALSE
2011-09-15,Weddell,1.32701073,0.02993803012090512,0.02993803012090512,0.29780060706748523,FALSE,FALSE
2011-09-16,Weddell,1.34224354,0.04794102693370594,0.04794102693370594,0.29780060706748523,FALSE,FALSE
2011-09-17,Weddell,1.39778385,0.10639817726879142,0.10639817726879142,0.29780060706748523,FALSE,FALSE
2011-09-18,Weddell,1.448243562,0.15993011702214877,0.15993011702214877,0.29780060706748523,FALSE,FALSE
2011-09-19,Weddell,1.475088905,0.19001180908976667,0.19001180908976667,0.29780060706748523,FALSE,FALSE
2011-09-20,Weddell,1.492302143,0.2106342513676331,0.2106342513676331,0.29780060706748523,FALSE,FALSE
2011-09-21,Weddell,1.485005162,0.2069280637517363,0.2069280637517363,0.29780060706748523,FALSE,FALSE
2011-09-22,Weddell,1.464466834,0.1901708521380636,0.1901708521380636,0.29780060706748523,FALSE,FALSE
2011-09-23,Weddell,1.414085439,0.1437674674769025,0.1437674674769025,0.29780060706748523,FALSE,FALSE
2011-09-24,Weddell,1.447555481,0.18139582795149467,0.18139582795149467,0.29780060706748523,FALSE,FALSE
2011-09-25,Weddell,1.483661187,0.2218095274942249,0.2218095274942249,0.29780060706748523,FALSE,FALSE
2011-09-26,Weddell,1.483648508,0.22622368693905148,0.22622368693905148,0.29780060706748523,FALSE,FALSE
2011-09-27,Weddell,1.461864157,0.20895418911993335,0.20895418911993335,0.29780060706748523,FALSE,FALSE
2011-09-28,Weddell,1.431728309,0.1833903788708271,0.1833903788708271,0.29780060706748523,FALSE,FALSE
2011-09-29,Weddell,1.440004982,0.19626544402569235,0.19626544402569235,0.29780060706748523,FALSE,FALSE
2011-09-30,Weddell,1.445109181,0.20596355941848657,0.20596355941848657,0.29780060706748523,FALSE,FALSE
2011-10-01,Weddell,1.437650006,0.20306299488316792,0.20306299488316792,0.29780060706748523,FALSE,FALSE
2011-10-02,Weddell,1.410198415,0.18010387825369523,0.18010387825369523,0.29780060706748523,FALSE,FALSE
2011-10-03,Weddell,1.368073557,0.1423745283640261,0.1423745283640261,0.29780060706748523,FALSE,FALSE
2011-10-04,Weddell,1.328020647,0.10658933004811776,0.10658933004811776,0.29780060706748523,FALSE,FALSE
2011-10-05,Weddell,1.296094688,0.07877246602008059,0.07877246602008059,0.29780060706748523,FALSE,FALSE
2011-10-06,Weddell,1.263353462,0.04996284931640926,0.04996284931640926,0.29780060706748523,FALSE,FALSE
2011-10-07,Weddell,1.211046449,0.00142624637755206,0.00142624637755206,0.29780060706748523,FALSE,FALSE
2011-10-08,Weddell,1.189346051,-0.01664222274421267,0.01664222274421267,0.29780060706748523,FALSE,FALSE
2011-10-09,Weddell,1.193575848,-0.00889625999661114,0.00889625999661114,0.29780060706748523,FALSE,FALSE
2011-10-10,Weddell,1.191345073,-0.00770391432736516,0.00770391432736516,0.29780060706748523,FALSE,FALSE
2011-10-11,Weddell,1.187097493,-0.0085987006842001,0.0085987006842001,0.29780060706748523,FALSE,FALSE
2011-10-12,Weddell,1.179151271,-0.01323973801483813,0.01323973801483813,0.29780060706748523,FALSE,FALSE
2011-10-13,Weddell,1.178003443,-0.01110727226700469,0.01110727226700469,0.29780060706748523,FALSE,FALSE
2011-10-14,Weddell,1.176677533,-0.00915506138842148,0.00915506138842148,0.29780060706748523,FALSE,FALSE
2011-10-15,Weddell,1.157746065,-0.02478786332681371,0.02478786332681371,0.29780060706748523,FALSE,FALSE
2011-10-16,Weddell,1.137060235,-0.04213176402990415,0.04213176402990415,0.29780060706748523,FALSE,FALSE
2011-10-17,Weddell,1.120831995,-0.05495209344541862,0.05495209344541862,0.29780060706748523,FALSE,FALSE
2011-10-18,Weddell,1.092506163,-0.07978175879831051,0.07978175879831051,0.29780060706748523,FALSE,FALSE
2011-10-19,Weddell,1.085584163,-0.0831064763906062,0.0831064763906062,0.29780060706748523,FALSE,FALSE
2011-10-20,Weddell,1.098713545,-0.0662748374819595,0.0662748374819595,0.29780060706748523,FALSE,FALSE
2011-10-21,Weddell,1.09812037,-0.06305728273283151,0.06305728273283151,0.29780060706748523,FALSE,FALSE
2011-10-22,Weddell,1.083493068,-0.07376188380368376,0.07376188380368376,0.29780060706748523,FALSE,FALSE
2011-10-23,Weddell,1.093975006,-0.05924177535497765,0.05924177535497765,0.29780060706748523,FALSE,FALSE
2011-10-24,Weddell,1.091500724,-0.05755891904717347,0.05755891904717347,0.29780060706748523,FALSE,FALSE
2011-10-25,Weddell,1.062827934,-0.08195210454073343,0.08195210454073343,0.29780060706748523,FALSE,FALSE
2011-10-26,Weddell,1.025572383,-0.11480208649611834,0.11480208649611834,0.29780060706748523,FALSE,FALSE
2011-10-27,Weddell,0.990763078,-0.1450763595737904,0.1450763595737904,0.29780060706748523,FALSE,FALSE
2011-10-28,Weddell,0.962677777,-0.16849366743420846,0.16849366743420846,0.29780060706748523,FALSE,FALSE
2011-10-29,Weddell,0.944322839,-0.18204415273783625,0.18204415273783625,0.29780060706748523,FALSE,FALSE
2011-10-30,Weddell,0.942522263,-0.1789003181451342,0.1789003181451342,0.29780060706748523,FALSE,FALSE
2011-10-31,Weddell,0.95117181,-0.16516355745914568,0.16516355745914568,0.29780060706748523,FALSE,FALSE
2011-11-01,Weddell,0.94934307,-0.16176265039252924,0.16176265039252924,0.29780060706748523,FALSE,FALSE
2011-11-02,Weddell,0.91187207,-0.19386292715324904,0.19386292715324904,0.29780060706748523,FALSE,FALSE
2011-11-03,Weddell,0.883573393,-0.2166511622147349,0.2166511622147349,0.29780060706748523,FALSE,FALSE
2011-11-04,Weddell,0.910657447,-0.1839183050504154,0.1839183050504154,0.29780060706748523,FALSE,FALSE
2011-11-05,Weddell,0.93526431,-0.15352563513372042,0.15352563513372042,0.29780060706748523,FALSE,FALSE
2011-11-06,Weddell,0.934672826,-0.1481956659380771,0.1481956659380771,0.29780060706748523,FALSE,FALSE
2011-11-07,Weddell,0.927940113,-0.14887263693691688,0.14887263693691688,0.29780060706748523,FALSE,FALSE
2011-11-08,Weddell,0.906444362,-0.16417971460366765,0.16417971460366765,0.29780060706748523,FALSE,FALSE
2011-11-09,Weddell,0.870794601,-0.1935092284117591,0.1935092284117591,0.29780060706748523,FALSE,FALSE
2011-11-10,Weddell,0.865923132,-0.19193023383461985,0.19193023383461985,0.29780060706748523,FALSE,FALSE
2011-11-11,Weddell,0.874572442,-0.1767016013456787,0.1767016013456787,0.29780060706748523,FALSE,FALSE
2011-11-12,Weddell,0.881313846,-0.1632532774778065,0.1632532774778065,0.29780060706748523,FALSE,FALSE
2011-11-13,Weddell,0.884406259,-0.1533223014280546,0.1533223014280546,0.29780060706748523,FALSE,FALSE
2011-11-14,Weddell,0.878871697,-0.15187463336030194,0.15187463336030194,0.29780060706748523,FALSE,FALSE
2011-11-15,Weddell,0.869652252,-0.15395549938212938,0.15395549938212938,0.29780060706748523,FALSE,FALSE
2011-11-16,Weddell,0.863328901,-0.15297124060111655,0.15297124060111655,0.29780060706748523,FALSE,FALSE
2011-11-17,Weddell,0.849177366,-0.15963345312484345,0.15963345312484345,0.29780060706748523,FALSE,FALSE
2011-11-18,Weddell,0.81895585,-0.1821712520608905,0.1821712520608905,0.29780060706748523,FALSE,FALSE
2011-11-19,Weddell,0.812074668,-0.18116164051683792,0.18116164051683792,0.29780060706748523,FALSE,FALSE
2011-11-20,Weddell,0.803224453,-0.18190130360026568,0.18190130360026568,0.29780060706748523,FALSE,FALSE
2011-11-21,Weddell,0.780328343,-0.19645442141875435,0.19645442141875435,0.29780060706748523,FALSE,FALSE
2011-11-22,Weddell,0.759286787,-0.20890786307988377,0.20890786307988377,0.29780060706748523,FALSE,FALSE
2011-11-23,Weddell,0.743201497,-0.21614723469123387,0.21614723469123387,0.29780060706748523,FALSE,FALSE
2011-11-24,Weddell,0.730323668,-0.21990865936038528,0.21990865936038528,0.29780060706748523,FALSE,FALSE
2011-11-25,Weddell,0.72175922,-0.21907591980118224,0.21907591980118224,0.29780060706748523,FALSE,FALSE
2011-11-26,Weddell,0.724353029,-0.2068140113277308,0.2068140113277308,0.29780060706748523,FALSE,FALSE
2011-11-27,Weddell,0.723135043,-0.1981129985492207,0.1981129985492207,0.29780060706748523,FALSE,FALSE
2011-11-28,Weddell,0.715509407,-0.19558882588926507,0.19558882588926507,0.29780060706748523,FALSE,FALSE
2011-11-29,Weddell,0.703905311,-0.1968323927714748,0.1968323927714748,0.29780060706748523,FALSE,FALSE
2011-11-30,Weddell,0.705794858,-0.1843916856194614,0.1843916856194614,0.29780060706748523,FALSE,FALSE
2011-12-01,Weddell,0.689490377,-0.1899744648568372,0.1899744648568372,0.29780060706748523,FALSE,FALSE
2011-12-02,Weddell,0.682042954,-0.1865497339072142,0.1865497339072142,0.29780060706748523,FALSE,FALSE
2011-12-03,Weddell,0.66656036,-0.19102981119420337,0.19102981119420337,0.29780060706748523,FALSE,FALSE
2011-12-04,Weddell,0.64868091,-0.19779647114141696,0.19779647114141696,0.29780060706748523,FALSE,FALSE
2011-12-05,Weddell,0.630795292,-0.20447911517246695,0.20447911517246695,0.29780060706748523,FALSE,FALSE
2011-12-06,Weddell,0.61655508,-0.20744625871096423,0.20744625871096423,0.29780060706748523,FALSE,FALSE
2011-12-07,Weddell,0.602285429,-0.21039283396208297,0.21039283396208297,0.29780060706748523,FALSE,FALSE
2011-12-08,Weddell,0.593612966,-0.2077116124567532,0.2077116124567532,0.29780060706748523,FALSE,FALSE
2011-12-09,Weddell,0.600510575,-0.18944744789649604,0.18944744789649604,0.29780060706748523,FALSE,FALSE
2011-12-10,Weddell,0.604239116,-0.17435697264130456,0.17435697264130456,0.29780060706748523,FALSE,FALSE
2011-12-11,Weddell,0.602855834,-0.1644004340511689,0.1644004340511689,0.29780060706748523,FALSE,FALSE
2011-12-12,Weddell,0.599824992,-0.1561310614860809,0.1561310614860809,0.29780060706748523,FALSE,FALSE
2011-12-13,Weddell,0.604816798,-0.13989613930603273,0.13989613930603273,0.29780060706748523,FALSE,FALSE
2011-12-14,Weddell,0.601667417,-0.13187699487101534,0.13187699487101534,0.29780060706748523,FALSE,FALSE
2011-12-15,Weddell,0.604345336,-0.1181226335410206,0.1181226335410206,0.29780060706748523,FALSE,FALSE
2011-12-16,Weddell,0.606217071,-0.10528403167604006,0.10528403167604006,0.29780060706748523,FALSE,FALSE
2011-12-17,Weddell,0.602375097,-0.09828620663606524,0.09828620663606524,0.29780060706748523,FALSE,FALSE
2011-12-18,Weddell,0.603604812,-0.08636125278108742,0.08636125278108742,0.29780060706748523,FALSE,FALSE
2011-12-19,Weddell,0.616647934,-0.06278494447109895,0.06278494447109895,0.29780060706748523,FALSE,FALSE
2011-12-20,Weddell,0.617880386,-0.05119826595367027,0.05119826595367027,0.29780060706748523,FALSE,FALSE
2011-12-21,Weddell,0.629192654,-0.02971838672118221,0.02971838672118221,0.29780060706748523,FALSE,FALSE
2011-12-22,Weddell,0.631010882,-0.01791943332075596,0.01791943332075596,0.29780060706748523,FALSE,FALSE
2011-12-23,Weddell,0.622360935,-0.01677560550381296,0.01677560550381296,0.29780060706748523,FALSE,FALSE
2011-12-24,Weddell,0.614225641,-0.01530414002177649,0.01530414002177649,0.29780060706748523,FALSE,FALSE
2011-12-25,Weddell,0.606116925,-0.01399317662606847,0.01399317662606847,0.29780060706748523,FALSE,FALSE
2011-12-26,Weddell,0.597445051,-0.01343251606811302,0.01343251606811302,0.29780060706748523,FALSE,FALSE
2011-12-27,Weddell,0.588089361,-0.01374288109933186,0.01374288109933186,0.29780060706748523,FALSE,FALSE
2011-12-28,Weddell,0.576312005,-0.01666218647114681,0.01666218647114681,0.29780060706748523,FALSE,FALSE
2011-12-29,Weddell,0.566223354,-0.01808012593498154,0.01808012593498154,0.29780060706748523,FALSE,FALSE
2011-12-30,Weddell,0.563733451,-0.01208672124225951,0.01208672124225951,0.29780060706748523,FALSE,FALSE
2011-12-31,Weddell,0.56311919,-0.00440514314440143,0.00440514314440143,0.29780060706748523,FALSE,FALSE
2012-01-01,Weddell,0.551200031,-0.00821599639283054,0.00821599639283054,0.29780060706748523,FALSE,FALSE
2012-01-02,Weddell,0.548092986,-0.00340098087456652,0.00340098087456652,0.29780060706748523,FALSE,FALSE
2012-01-03,Weddell,0.54498228,0.00123082798098939,0.00123082798098939,0.29780060706748523,FALSE,FALSE
2012-01-04,Weddell,0.551359813,0.01517938260883766,0.01517938260883766,0.29780060706748523,FALSE,FALSE
2012-01-05,Weddell,0.540097762,0.01132491244398192,0.01132491244398192,0.29780060706748523,FALSE,FALSE
2012-01-06,Weddell,0.538888198,0.0173675409214209,0.0173675409214209,0.29780060706748523,FALSE,FALSE
2012-01-07,Weddell,0.537633292,0.02321749147615859,0.02321749147615859,0.29780060706748523,FALSE,FALSE
2012-01-08,Weddell,0.540130186,0.03267995854319583,0.03267995854319583,0.29780060706748523,FALSE,FALSE
2012-01-09,Weddell,0.53890753,0.03829164455753287,0.03829164455753287,0.29780060706748523,FALSE,FALSE
2012-01-10,Weddell,0.544510157,0.05060543495417358,0.05060543495417358,0.29780060706748523,FALSE,FALSE
2012-01-11,Weddell,0.546915308,0.05960662316811765,0.05960662316811765,0.29780060706748523,FALSE,FALSE
2012-01-12,Weddell,0.536778492,0.05595877063436827,0.05595877063436827,0.29780060706748523,FALSE,FALSE
2012-01-13,Weddell,0.522443951,0.0480141717879255,0.0480141717879255,0.29780060706748523,FALSE,FALSE
2012-01-14,Weddell,0.512830456,0.0446996665063335,0.0446996665063335,0.29780060706748523,FALSE,FALSE
2012-01-15,Weddell,0.514046304,0.05213221070507162,0.05213221070507162,0.29780060706748523,FALSE,FALSE
2012-01-16,Weddell,0.505951602,0.05018130949082061,0.05018130949082061,0.29780060706748523,FALSE,FALSE
2012-01-17,Weddell,0.481070202,0.03138025971922198,0.03138025971922198,0.29780060706748523,FALSE,FALSE
2012-01-18,Weddell,0.474108142,0.03044454424591763,0.03044454424591763,0.29780060706748523,FALSE,FALSE
2012-01-19,Weddell,0.474708296,0.03702648192654917,0.03702648192654917,0.29780060706748523,FALSE,FALSE
2012-01-20,Weddell,0.470377794,0.03864264761675928,0.03864264761675928,0.29780060706748523,FALSE,FALSE
2012-01-21,Weddell,0.477499212,0.0516850621721891,0.0516850621721891,0.29780060706748523,FALSE,FALSE
2012-01-22,Weddell,0.484938826,0.06502944644848102,0.06502944644848102,0.29780060706748523,FALSE,FALSE
2012-01-23,Weddell,0.481011537,0.06700014630127649,0.06700014630127649,0.29780060706748523,FALSE,FALSE
2012-01-24,Weddell,0.47769835,0.0695876115862179,0.0695876115862179,0.29780060706748523,FALSE,FALSE
2012-01-25,Weddell,0.481492483,0.07929450515894665,0.07929450515894665,0.29780060706748523,FALSE,FALSE
2012-01-26,Weddell,0.47837332,0.08210965587510566,0.08210965587510566,0.29780060706748523,FALSE,FALSE
2012-01-27,Weddell,0.476457893,0.08615686843340792,0.08615686843340792,0.29780060706748523,FALSE,FALSE
2012-01-28,Weddell,0.470871559,0.08655018347603832,0.08655018347603832,0.29780060706748523,FALSE,FALSE
2012-01-29,Weddell,0.486584887,0.10824135289449945,0.10824135289449945,0.29780060706748523,FALSE,FALSE
2012-01-30,Weddell,0.488417347,0.11603100541799488,0.11603100541799488,0.29780060706748523,FALSE,FALSE
2012-01-31,Weddell,0.479563139,0.11309449977572904,0.11309449977572904,0.29780060706748523,FALSE,FALSE
2012-02-01,Weddell,0.475210271,0.1146010026969051,0.1146010026969051,0.29780060706748523,FALSE,FALSE
2012-02-02,Weddell,0.462680063,0.10785299291072752,0.10785299291072752,0.29780060706748523,FALSE,FALSE
2012-02-03,Weddell,0.453319058,0.10417817214640009,0.10417817214640009,0.29780060706748523,FALSE,FALSE
2012-02-04,Weddell,0.453893513,0.11032395613312646,0.11032395613312646,0.29780060706748523,FALSE,FALSE
2012-02-05,Weddell,0.451988099,0.11385617460011088,0.11385617460011088,0.29780060706748523,FALSE,FALSE
2012-02-06,Weddell,0.460081607,0.12723477727655708,0.12723477727655708,0.29780060706748523,FALSE,FALSE
2012-02-07,Weddell,0.455026931,0.1272938168916688,0.1272938168916688,0.29780060706748523,FALSE,FALSE
2012-02-08,Weddell,0.441804283,0.11899468849487294,0.11899468849487294,0.29780060706748523,FALSE,FALSE
2012-02-09,Weddell,0.421867208,0.1037753309722404,0.1037753309722404,0.29780060706748523,FALSE,FALSE
2012-02-10,Weddell,0.40437191,0.0907827277927722,0.0907827277927722,0.29780060706748523,FALSE,FALSE
2012-02-11,Weddell,0.398158711,0.08884873541594124,0.08884873541594124,0.29780060706748523,FALSE,FALSE
2012-02-12,Weddell,0.389951117,0.08468839430122205,0.08468839430122205,0.29780060706748523,FALSE,FALSE
2012-02-13,Weddell,0.390467821,0.08901193190808782,0.08901193190808782,0.29780060706748523,FALSE,FALSE
2012-02-14,Weddell,0.386621038,0.08872309769601266,0.08872309769601266,0.29780060706748523,FALSE,FALSE
2012-02-15,Weddell,0.383388924,0.08879158212447025,0.08879158212447025,0.29780060706748523,FALSE,FALSE
2012-02-16,Weddell,0.385232502,0.093669942652934,0.093669942652934,0.29780060706748523,FALSE,FALSE
2012-02-17,Weddell,0.380705822,0.09190376374087812,0.09190376374087812,0.29780060706748523,FALSE,FALSE
2012-02-18,Weddell,0.386874134,0.1005498298477756,0.1005498298477756,0.29780060706748523,FALSE,FALSE
2012-02-19,Weddell,0.387425588,0.10328782543310068,0.10328782543310068,0.29780060706748523,FALSE,FALSE
2012-02-20,Weddell,0.399247725,0.11699682595632732,0.11699682595632732,0.29780060706748523,FALSE,FALSE
2012-02-21,Weddell,0.401683323,0.12101161629756613,0.12101161629756613,0.29780060706748523,FALSE,FALSE
2012-02-22,Weddell,0.395969492,0.11656704079144542,0.11656704079144542,0.29780060706748523,FALSE,FALSE
2012-02-23,Weddell,0.386003458,0.10756186992527568,0.10756186992527568,0.29780060706748523,FALSE,FALSE
2012-02-24,Weddell,0.383640055,0.10585255106238872,0.10585255106238872,0.29780060706748523,FALSE,FALSE
2012-02-25,Weddell,0.378132422,0.1006938365661172,0.1006938365661172,0.29780060706748523,FALSE,FALSE
2012-02-26,Weddell,0.371864848,0.0944716287997932,0.0944716287997932,0.29780060706748523,FALSE,FALSE
2012-02-27,Weddell,0.355610651,0.07796085912674955,0.07796085912674955,0.29780060706748523,FALSE,FALSE
2012-02-28,Weddell,0.361255026,0.08304833591031846,0.08304833591031846,0.29780060706748523,FALSE,FALSE
2012-03-01,Weddell,0.395808704,0.1155936943006231,0.1155936943006231,0.29780060706748523,FALSE,FALSE
2012-03-02,Weddell,0.391558406,0.10989520163402385,0.10989520163402385,0.29780060706748523,FALSE,FALSE
2012-03-03,Weddell,0.405592334,0.1221870628773668,0.1221870628773668,0.29780060706748523,FALSE,FALSE
2012-03-04,Weddell,0.406162487,0.12072289126607656,0.12072289126607656,0.29780060706748523,FALSE,FALSE
2012-03-05,Weddell,0.403597558,0.11583623810903404,0.11583623810903404,0.29780060706748523,FALSE,FALSE
2012-03-06,Weddell,0.382018014,0.09166299018602958,0.09166299018602958,0.29780060706748523,FALSE,FALSE
2012-03-07,Weddell,0.366284364,0.07308122195036021,0.07308122195036021,0.29780060706748523,FALSE,FALSE
2012-03-08,Weddell,0.364435308,0.06814719885532189,0.06814719885532189,0.29780060706748523,FALSE,FALSE
2012-03-09,Weddell,0.361455936,0.06186357635421002,0.06186357635421002,0.29780060706748523,FALSE,FALSE
2012-03-10,Weddell,0.349660598,0.04656226990032169,0.04656226990032169,0.29780060706748523,FALSE,FALSE
2012-03-11,Weddell,0.336028205,0.0292397559469531,0.0292397559469531,0.29780060706748523,FALSE,FALSE
2012-03-12,Weddell,0.331133587,0.02048842994739952,0.02048842994739952,0.29780060706748523,FALSE,FALSE
2012-03-13,Weddell,0.31929114,0.00464025335495787,0.00464025335495787,0.29780060706748523,FALSE,FALSE
2012-03-14,Weddell,0.320032544,0.00124447162292418,0.00124447162292418,0.29780060706748523,FALSE,FALSE
2012-03-15,Weddell,0.321305624,-0.00173352479540556,0.00173352479540556,0.29780060706748523,FALSE,FALSE
2012-03-16,Weddell,0.351931221,0.02454467055326492,0.02454467055326492,0.29780060706748523,FALSE,FALSE
2012-03-17,Weddell,0.426132998,0.09432000735734763,0.09432000735734763,0.29780060706748523,FALSE,FALSE
2012-03-18,Weddell,0.4996438,0.163335655192891,0.163335655192891,0.29780060706748523,FALSE,FALSE
2012-03-19,Weddell,0.516731802,0.17586283120810303,0.17586283120810303,0.29780060706748523,FALSE,FALSE
2012-03-20,Weddell,0.522908772,0.17741600268257246,0.17741600268257246,0.29780060706748523,FALSE,FALSE
2012-03-21,Weddell,0.542865334,0.1926884928958888,0.1926884928958888,0.29780060706748523,FALSE,FALSE
2012-03-22,Weddell,0.535376148,0.1804576611276411,0.1804576611276411,0.29780060706748523,FALSE,FALSE
2012-03-23,Weddell,0.5223326,0.1626175926574191,0.1626175926574191,0.29780060706748523,FALSE,FALSE
2012-03-24,Weddell,0.516115963,0.151552259764812,0.151552259764812,0.29780060706748523,FALSE,FALSE
2012-03-25,Weddell,0.501743918,0.1322820427294087,0.1322820427294087,0.29780060706748523,FALSE,FALSE
2012-03-26,Weddell,0.484287599,0.10988077483079868,0.10988077483079868,0.29780060706748523,FALSE,FALSE
2012-03-27,Weddell,0.463112372,0.08371652134857127,0.08371652134857127,0.29780060706748523,FALSE,FALSE
2012-03-28,Weddell,0.457509143,0.07308288756231612,0.07308288756231612,0.29780060706748523,FALSE,FALSE
2012-03-29,Weddell,0.474376316,0.08488097675162198,0.08488097675162198,0.29780060706748523,FALSE,FALSE
2012-03-30,Weddell,0.486252922,0.0916508680083976,0.0916508680083976,0.29780060706748523,FALSE,FALSE
2012-03-31,Weddell,0.481868394,0.08211401697782589,0.08211401697782589,0.29780060706748523,FALSE,FALSE
2012-04-01,Weddell,0.468806283,0.0638429290421364,0.0638429290421364,0.29780060706748523,FALSE,FALSE
2012-04-02,Weddell,0.460636684,0.05039665104702817,0.05039665104702817,0.29780060706748523,FALSE,FALSE
2012-04-03,Weddell,0.453162359,0.03756689683820014,0.03756689683820014,0.29780060706748523,FALSE,FALSE
2012-04-04,Weddell,0.443826529,0.02278583926135119,0.02278583926135119,0.29780060706748523,FALSE,FALSE
2012-04-05,Weddell,0.451305535,0.02471877116218146,0.02471877116218146,0.29780060706748523,FALSE,FALSE
2012-04-06,Weddell,0.448188817,0.01594408438638894,0.01594408438638894,0.29780060706748523,FALSE,FALSE
2012-04-07,Weddell,0.443210915,0.00518527077967351,0.00518527077967351,0.29780060706748523,FALSE,FALSE
2012-04-08,Weddell,0.425080204,-0.0188603428122665,0.0188603428122665,0.29780060706748523,FALSE,FALSE
2012-04-09,Weddell,0.413832939,-0.03616754954373119,0.03616754954373119,0.29780060706748523,FALSE,FALSE
2012-04-10,Weddell,0.411981317,-0.04423520056902258,0.04423520056902258,0.29780060706748523,FALSE,FALSE
2012-04-11,Weddell,0.435794842,-0.02680467333982567,0.02680467333982567,0.29780060706748523,FALSE,FALSE
2012-04-12,Weddell,0.475794334,0.00664585162639536,0.00664585162639536,0.29780060706748523,FALSE,FALSE
2012-04-13,Weddell,0.514398367,0.03855553342568024,0.03855553342568024,0.29780060706748523,FALSE,FALSE
2012-04-14,Weddell,0.526240574,0.04358041953804503,0.04358041953804503,0.29780060706748523,FALSE,FALSE
2012-04-15,Weddell,0.522494836,0.03291680544350406,0.03291680544350406,0.29780060706748523,FALSE,FALSE
2012-04-16,Weddell,0.506299093,0.00972504562207232,0.00972504562207232,0.29780060706748523,FALSE,FALSE
2012-04-17,Weddell,0.492604321,-0.01102146944623477,0.01102146944623477,0.29780060706748523,FALSE,FALSE
2012-04-18,Weddell,0.480758699,-0.02995214628140263,0.02995214628140263,0.29780060706748523,FALSE,FALSE
2012-04-19,Weddell,0.472032664,-0.04577413340341618,0.04577413340341618,0.29780060706748523,FALSE,FALSE
2012-04-20,Weddell,0.464526011,-0.06036522133226041,0.06036522133226041,0.29780060706748523,FALSE,FALSE
2012-04-21,Weddell,0.442679329,-0.08926240658792056,0.08926240658792056,0.29780060706748523,FALSE,FALSE
2012-04-22,Weddell,0.405174773,-0.13376111969038135,0.13376111969038135,0.29780060706748523,FALSE,FALSE
2012-04-23,Weddell,0.376393555,-0.16945773415962834,0.16945773415962834,0.29780060706748523,FALSE,FALSE
2012-04-24,Weddell,0.359478198,-0.1931893299195765,0.1931893299195765,0.29780060706748523,FALSE,FALSE
2012-04-25,Weddell,0.330616306,-0.2287670661122746,0.2287670661122746,0.29780060706748523,FALSE,FALSE
2012-04-26,Weddell,0.321186095,-0.244822077928368,0.244822077928368,0.29780060706748523,FALSE,FALSE
2012-04-27,Weddell,0.317386241,-0.2551651520919008,0.2551651520919008,0.29780060706748523,FALSE,FALSE
2012-04-28,Weddell,0.304823732,-0.2741987633269176,0.2741987633269176,0.29780060706748523,FALSE,FALSE
2012-04-29,Weddell,0.306730453,-0.2787004893574633,0.2787004893574633,0.29780060706748523,FALSE,FALSE
2012-04-30,Weddell,0.327465584,-0.26432061290758185,0.26432061290758185,0.29780060706748523,FALSE,FALSE
2012-05-01,Weddell,0.373308876,-0.2247888457013179,0.2247888457013179,0.29780060706748523,FALSE,FALSE
2012-05-02,Weddell,0.462050398,-0.1423245814627156,0.1423245814627156,0.29780060706748523,FALSE,FALSE
2012-05-03,Weddell,0.50121751,-0.1094099229158194,0.1094099229158194,0.29780060706748523,FALSE,FALSE
2012-05-04,Weddell,0.495587209,-0.1212773357846747,0.1212773357846747,0.29780060706748523,FALSE,FALSE
2012-05-05,Weddell,0.449516979,-0.17357879879332505,0.17357879879332505,0.29780060706748523,FALSE,FALSE
2012-05-06,Weddell,0.424521134,-0.2048094684943924,0.2048094684943924,0.29780060706748523,FALSE,FALSE
2012-05-07,Weddell,0.41449171,-0.2210911439948166,0.2210911439948166,0.29780060706748523,FALSE,FALSE
2012-05-08,Weddell,0.406980425,-0.23489755854279304,0.23489755854279304,0.29780060706748523,FALSE,FALSE
2012-05-09,Weddell,0.388875063,-0.25936829066033734,0.25936829066033734,0.29780060706748523,FALSE,FALSE
2012-05-10,Weddell,0.35945653,-0.29524979686946706,0.29524979686946706,0.29780060706748523,FALSE,FALSE
2012-05-11,Weddell,0.32933814,-0.3319561256921973,0.3319561256921973,0.29780060706748523,TRUE,FALSE
2012-05-12,Weddell,0.352505382,-0.31552915065054615,0.31552915065054615,0.29780060706748523,TRUE,FALSE
2012-05-13,Weddell,0.394399887,-0.2805546032665292,0.2805546032665292,0.29780060706748523,FALSE,FALSE
2012-05-14,Weddell,0.397441902,-0.2846395990621629,0.2846395990621629,0.29780060706748523,FALSE,FALSE
2012-05-15,Weddell,0.40050994,-0.288932987559464,0.288932987559464,0.29780060706748523,FALSE,FALSE
2012-05-16,Weddell,0.400440826,-0.29662530628044853,0.29662530628044853,0.29780060706748523,FALSE,FALSE
2012-05-17,Weddell,0.425388925,-0.27958955274713343,0.27958955274713343,0.29780060706748523,FALSE,FALSE
2012-05-18,Weddell,0.523089621,-0.19011770548153473,0.19011770548153473,0.29780060706748523,FALSE,FALSE
2012-05-19,Weddell,0.551130713,-0.1706474483425271,0.1706474483425271,0.29780060706748523,FALSE,FALSE
2012-05-20,Weddell,0.564153201,-0.16652896538456663,0.16652896538456663,0.29780060706748523,FALSE,FALSE
2012-05-21,Weddell,0.593995352,-0.14588520735273924,0.14588520735273924,0.29780060706748523,FALSE,FALSE
2012-05-22,Weddell,0.64364738,-0.10568616978414393,0.10568616978414393,0.29780060706748523,FALSE,FALSE
2012-05-23,Weddell,0.661625456,-0.09737589121587786,0.09737589121587786,0.29780060706748523,FALSE,FALSE
2012-05-24,Weddell,0.681444277,-0.08739988418503875,0.08739988418503875,0.29780060706748523,FALSE,FALSE
2012-05-25,Weddell,0.680817689,-0.0980045122287252,0.0980045122287252,0.29780060706748523,FALSE,FALSE
2012-05-26,Weddell,0.686389191,-0.10250648588403444,0.10250648588403444,0.29780060706748523,FALSE,FALSE
2012-05-27,Weddell,0.691926558,-0.10709823968806488,0.10709823968806488,0.29780060706748523,FALSE,FALSE
2012-05-28,Weddell,0.670222491,-0.13894728217791363,0.13894728217791363,0.29780060706748523,FALSE,FALSE
2012-05-29,Weddell,0.671475241,-0.1478155718906793,0.1478155718906793,0.29780060706748523,FALSE,FALSE
2012-05-30,Weddell,0.678226383,-0.15112174336345918,0.15112174336345918,0.29780060706748523,FALSE,FALSE
2012-05-31,Weddell,0.669531148,-0.1697707751333518,0.1697707751333518,0.29780060706748523,FALSE,FALSE
2012-06-01,Weddell,0.656480226,-0.19264037541695067,0.19264037541695067,0.29780060706748523,FALSE,FALSE
2012-06-02,Weddell,0.66398948,-0.194819406624398,0.194819406624398,0.29780060706748523,FALSE,FALSE
2012-06-03,Weddell,0.684409826,-0.1839717483914044,0.1839717483914044,0.29780060706748523,FALSE,FALSE
2012-06-04,Weddell,0.745578661,-0.1322747997267062,0.1322747997267062,0.29780060706748523,FALSE,FALSE
2012-06-05,Weddell,0.756643536,-0.13059580563904183,0.13059580563904183,0.29780060706748523,FALSE,FALSE
2012-06-06,Weddell,0.791051379,-0.10550263413714668,0.10550263413714668,0.29780060706748523,FALSE,FALSE
2012-06-07,Weddell,0.783607645,-0.12220462622975949,0.12220462622975949,0.29780060706748523,FALSE,FALSE
2012-06-08,Weddell,0.820036834,-0.09499207792561626,0.09499207792561626,0.29780060706748523,FALSE,FALSE
2012-06-09,Weddell,0.891899099,-0.0323196322334548,0.0323196322334548,0.29780060706748523,FALSE,FALSE
2012-06-10,Weddell,0.923095124,-0.01030140116201083,0.01030140116201083,0.29780060706748523,FALSE,FALSE
2012-06-11,Weddell,0.973895963,0.03131887327997706,0.03131887327997706,0.29780060706748523,FALSE,FALSE
2012-06-12,Weddell,0.99521015,0.04343492908377244,0.04343492908377244,0.29780060706748523,FALSE,FALSE
2012-06-13,Weddell,1.007244058,0.04623875762054885,0.04623875762054885,0.29780060706748523,FALSE,FALSE
2012-06-14,Weddell,0.987482558,0.01721911584652902,0.01721911584652902,0.29780060706748523,FALSE,FALSE
2012-06-15,Weddell,0.976133932,-0.00338676779297208,0.00338676779297208,0.29780060706748523,FALSE,FALSE
2012-06-16,Weddell,0.987058013,-0.00168829817746929,0.00168829817746929,0.29780060706748523,FALSE,FALSE
2012-06-17,Weddell,1.00786833,0.00995881581351687,0.00995881581351687,0.29780060706748523,FALSE,FALSE
2012-06-18,Weddell,1.013274215,0.00629466830047098,0.00629466830047098,0.29780060706748523,FALSE,FALSE
2012-06-19,Weddell,1.005912409,-0.010013237596124821,0.010013237596124821,0.29780060706748523,FALSE,FALSE
2012-06-20,Weddell,1.017079904,-0.00763714775578838,0.00763714775578838,0.29780060706748523,FALSE,FALSE
2012-06-21,Weddell,1.064654911,0.03133191094196364,0.03133191094196364,0.29780060706748523,FALSE,FALSE
2012-06-22,Weddell,1.09441265,0.05269992061761308,0.05269992061761308,0.29780060706748523,FALSE,FALSE
2012-06-23,Weddell,1.112742275,0.06288679739164293,0.06288679739164293,0.29780060706748523,FALSE,FALSE
2012-06-24,Weddell,1.1280846,0.0703641173845353,0.0703641173845353,0.29780060706748523,FALSE,FALSE
2012-06-25,Weddell,1.141547972,0.07627098971677282,0.07627098971677282,0.29780060706748523,FALSE,FALSE
2012-06-26,Weddell,1.163267914,0.0907695751323867,0.0907695751323867,0.29780060706748523,FALSE,FALSE
2012-06-27,Weddell,1.165040867,0.08565178650288496,0.08565178650288496,0.29780060706748523,FALSE,FALSE
2012-06-28,Weddell,1.164591206,0.07862322978754466,0.07862322978754466,0.29780060706748523,FALSE,FALSE
2012-06-29,Weddell,1.188468621,0.09621475272584255,0.09621475272584255,0.29780060706748523,FALSE,FALSE
2012-06-30,Weddell,1.224203823,0.12593822405725574,0.12593822405725574,0.29780060706748523,FALSE,FALSE
2012-07-01,Weddell,1.240424546,0.13640253552126058,0.13640253552126058,0.29780060706748523,FALSE,FALSE
2012-07-02,Weddell,1.223349396,0.11380745085733456,0.11380745085733456,0.29780060706748523,FALSE,FALSE
2012-07-03,Weddell,1.239139911,0.1242956658049532,0.1242956658049532,0.29780060706748523,FALSE,FALSE
2012-07-04,Weddell,1.244321984,0.12437423110359358,0.12437423110359358,0.29780060706748523,FALSE,FALSE
2012-07-05,Weddell,1.217901335,0.09303002449273312,0.09303002449273312,0.29780060706748523,FALSE,FALSE
2012-07-06,Weddell,1.195439333,0.0658055727118474,0.0658055727118474,0.29780060706748523,FALSE,FALSE
2012-07-07,Weddell,1.185557602,0.0513036575004131,0.0513036575004131,0.29780060706748523,FALSE,FALSE
2012-07-08,Weddell,1.185588574,0.04683787613312074,0.04683787613312074,0.29780060706748523,FALSE,FALSE
2012-07-09,Weddell,1.174595134,0.03145374444875704,0.03145374444875704,0.29780060706748523,FALSE,FALSE
2012-07-10,Weddell,1.163650621,0.01621043963568236,0.01621043963568236,0.29780060706748523,FALSE,FALSE
2012-07-11,Weddell,1.145293626,-0.00636718466894525,0.00636718466894525,0.29780060706748523,FALSE,FALSE
2012-07-12,Weddell,1.143693378,-0.01212363682796846,0.01212363682796846,0.29780060706748523,FALSE,FALSE
2012-07-13,Weddell,1.154641138,-0.00528139320422993,0.00528139320422993,0.29780060706748523,FALSE,FALSE
2012-07-14,Weddell,1.137666218,-0.0263248791605728,0.0263248791605728,0.29780060706748523,FALSE,FALSE
2012-07-15,Weddell,1.116877247,-0.05115920305983912,0.05115920305983912,0.29780060706748523,FALSE,FALSE
2012-07-16,Weddell,1.09746532,-0.0746070072648728,0.0746070072648728,0.29780060706748523,FALSE,FALSE
2012-07-17,Weddell,1.133680477,-0.04243198913851431,0.04243198913851431,0.29780060706748523,FALSE,FALSE
2012-07-18,Weddell,1.146901932,-0.03326867204360906,0.03326867204360906,0.29780060706748523,FALSE,FALSE
2012-07-19,Weddell,1.120512607,-0.06374787134299731,0.06374787134299731,0.29780060706748523,FALSE,FALSE
2012-07-20,Weddell,1.120724587,-0.06767123939952313,0.06767123939952313,0.29780060706748523,FALSE,FALSE
2012-07-21,Weddell,1.151420719,-0.04116862312534342,0.04116862312534342,0.29780060706748523,FALSE,FALSE
2012-07-22,Weddell,1.176182002,-0.02065731541565529,0.02065731541565529,0.29780060706748523,FALSE,FALSE
2012-07-23,Weddell,1.192495074,-0.00863847196393852,0.00863847196393852,0.29780060706748523,FALSE,FALSE
2012-07-24,Weddell,1.236298985,0.03083940167639221,0.03083940167639221,0.29780060706748523,FALSE,FALSE
2012-07-25,Weddell,1.259086497,0.04928151195192365,0.04928151195192365,0.29780060706748523,FALSE,FALSE
2012-07-26,Weddell,1.233992314,0.01983500730923881,0.01983500730923881,0.29780060706748523,FALSE,FALSE
2012-07-27,Weddell,1.239661667,0.02115756319492479,0.02115756319492479,0.29780060706748523,FALSE,FALSE
2012-07-28,Weddell,1.247002128,0.02416919605556788,0.02416919605556788,0.29780060706748523,FALSE,FALSE
2012-07-29,Weddell,1.262472352,0.03534100533775186,0.03534100533775186,0.29780060706748523,FALSE,FALSE
2012-07-30,Weddell,1.285579621,0.05419271748806187,0.05419271748806187,0.29780060706748523,FALSE,FALSE
2012-07-31,Weddell,1.30963391,0.07404675195308563,0.07404675195308563,0.29780060706748523,FALSE,FALSE
2012-08-01,Weddell,1.307135806,0.067416140179406,0.067416140179406,0.29780060706748523,FALSE,FALSE
2012-08-02,Weddell,1.292694847,0.04892286448303662,0.04892286448303662,0.29780060706748523,FALSE,FALSE
2012-08-03,Weddell,1.285501975,0.03776678621450524,0.03776678621450524,0.29780060706748523,FALSE,FALSE
2012-08-04,Weddell,1.275093198,0.02348011681221828,0.02348011681221828,0.29780060706748523,FALSE,FALSE
2012-08-05,Weddell,1.256229234,8.169113624465485e-4,8.169113624465485e-4,0.29780060706748523,FALSE,FALSE
2012-08-06,Weddell,1.248533985,-0.01060559104854186,0.01060559104854186,0.29780060706748523,FALSE,FALSE
2012-08-07,Weddell,1.266631825,0.0038303206655248,0.0038303206655248,0.29780060706748523,FALSE,FALSE
2012-08-08,Weddell,1.27866829,0.01226351959091442,0.01226351959091442,0.29780060706748523,FALSE,FALSE
2012-08-09,Weddell,1.280531208,0.01057517081389769,0.01057517081389769,0.29780060706748523,FALSE,FALSE
2012-08-10,Weddell,1.281793843,0.00833187542074398,0.00833187542074398,0.29780060706748523,FALSE,FALSE
2012-08-11,Weddell,1.29224758,0.01531835549772253,0.01531835549772253,0.29780060706748523,FALSE,FALSE
2012-08-12,Weddell,1.315523779,0.03515930813110501,0.03515930813110501,0.29780060706748523,FALSE,FALSE
2012-08-13,Weddell,1.344453994,0.06067962440715835,0.06067962440715835,0.29780060706748523,FALSE,FALSE
2012-08-14,Weddell,1.352730845,0.06556526141215335,0.06556526141215335,0.29780060706748523,FALSE,FALSE
2012-08-15,Weddell,1.340568432,0.05002420518192574,0.05002420518192574,0.29780060706748523,FALSE,FALSE
2012-08-16,Weddell,1.314049227,0.02014912982267791,0.02014912982267791,0.29780060706748523,FALSE,FALSE
2012-08-17,Weddell,1.304535646,0.00733132846994588,0.00733132846994588,0.29780060706748523,FALSE,FALSE
2012-08-18,Weddell,1.29246442,-0.00796256730085231,0.00796256730085231,0.29780060706748523,FALSE,FALSE
2012-08-19,Weddell,1.312598278,0.00906007208569992,0.00906007208569992,0.29780060706748523,FALSE,FALSE
2012-08-20,Weddell,1.330794969,0.02428689620501822,0.02428689620501822,0.29780060706748523,FALSE,FALSE
2012-08-21,Weddell,1.355074352,0.04576766463252202,0.04576766463252202,0.29780060706748523,FALSE,FALSE
2012-08-22,Weddell,1.416380739,0.10447658994362664,0.10447658994362664,0.29780060706748523,FALSE,FALSE
2012-08-23,Weddell,1.425320296,0.11104973871375036,0.11104973871375036,0.29780060706748523,FALSE,FALSE
2012-08-24,Weddell,1.405405847,0.08902983551830901,0.08902983551830901,0.29780060706748523,FALSE,FALSE
2012-08-25,Weddell,1.360679016,0.04248840493272055,0.04248840493272055,0.29780060706748523,FALSE,FALSE
2012-08-26,Weddell,1.302140259,-0.01754419646759797,0.01754419646759797,0.29780060706748523,FALSE,FALSE
2012-08-27,Weddell,1.244590928,-0.07623671610722949,0.07623671610722949,0.29780060706748523,FALSE,FALSE
2012-08-28,Weddell,1.191275238,-0.13032071541677337,0.13032071541677337,0.29780060706748523,FALSE,FALSE
2012-08-29,Weddell,1.154842956,-0.16715670694357865,0.16715670694357865,0.29780060706748523,FALSE,FALSE
2012-08-30,Weddell,1.133653323,-0.18840869315510167,0.18840869315510167,0.29780060706748523,FALSE,FALSE
2012-08-31,Weddell,1.131288686,-0.190517593771814,0.190517593771814,0.29780060706748523,FALSE,FALSE
2012-09-01,Weddell,1.147810263,-0.17344545751418705,0.17344545751418705,0.29780060706748523,FALSE,FALSE
2012-09-02,Weddell,1.146041749,-0.17439185610269425,0.17439185610269425,0.29780060706748523,FALSE,FALSE
2012-09-03,Weddell,1.144814992,-0.17454820825780626,0.17454820825780626,0.29780060706748523,FALSE,FALSE
2012-09-04,Weddell,1.128367996,-0.18969977669999505,0.18969977669999505,0.29780060706748523,FALSE,FALSE
2012-09-05,Weddell,1.092970087,-0.22360050214973315,0.22360050214973315,0.29780060706748523,FALSE,FALSE
2012-09-06,Weddell,1.119198003,-0.19569691332749264,0.19569691332749264,0.29780060706748523,FALSE,FALSE
2012-09-07,Weddell,1.172804878,-0.14025914295374498,0.14025914295374498,0.29780060706748523,FALSE,FALSE
2012-09-08,Weddell,1.256551962,-0.05454920774896177,0.05454920774896177,0.29780060706748523,FALSE,FALSE
2012-09-09,Weddell,1.346383903,0.0373543855315841,0.0373543855315841,0.29780060706748523,FALSE,FALSE
2012-09-10,Weddell,1.358272476,0.05141088617278444,0.05141088617278444,0.29780060706748523,FALSE,FALSE
2012-09-11,Weddell,1.335075631,0.03048495285632824,0.03048495285632824,0.29780060706748523,FALSE,FALSE
2012-09-12,Weddell,1.317589104,0.01538105547820412,0.01538105547820412,0.29780060706748523,FALSE,FALSE
2012-09-13,Weddell,1.298949376,-7.555910655989706e-4,7.555910655989706e-4,0.29780060706748523,FALSE,FALSE
2012-09-14,Weddell,1.271657133,-0.02541556687909496,0.02541556687909496,0.29780060706748523,FALSE,FALSE
2012-09-15,Weddell,1.26754281,-0.02675970306629405,0.02675970306629405,0.29780060706748523,FALSE,FALSE
2012-09-16,Weddell,1.242187353,-0.04919831973120847,0.04919831973120847,0.29780060706748523,FALSE,FALSE
2012-09-17,Weddell,1.256323911,-0.03198953397785131,0.03198953397785131,0.29780060706748523,FALSE,FALSE
2012-09-18,Weddell,1.262488729,-0.02258836691023336,0.02258836691023336,0.29780060706748523,FALSE,FALSE
2012-09-19,Weddell,1.27379131,-0.00787658163236693,0.00787658163236693,0.29780060706748523,FALSE,FALSE
2012-09-20,Weddell,1.249962041,-0.02811505724826357,0.02811505724826357,0.29780060706748523,FALSE,FALSE
2012-09-21,Weddell,1.24639824,-0.02789774186193638,0.02789774186193638,0.29780060706748523,FALSE,FALSE
2012-09-22,Weddell,1.238079099,-0.03223887252309754,0.03223887252309754,0.29780060706748523,FALSE,FALSE
2012-09-23,Weddell,1.222341036,-0.04381861704850531,0.04381861704850531,0.29780060706748523,FALSE,FALSE
2012-09-24,Weddell,1.179954975,-0.08189668450577514,0.08189668450577514,0.29780060706748523,FALSE,FALSE
2012-09-25,Weddell,1.126449999,-0.13097482206094835,0.13097482206094835,0.29780060706748523,FALSE,FALSE
2012-09-26,Weddell,1.0844001110000001,-0.16850985688006648,0.16850985688006648,0.29780060706748523,FALSE,FALSE
2012-09-27,Weddell,1.042221147,-0.2061167831291728,0.2061167831291728,0.29780060706748523,FALSE,FALSE
2012-09-28,Weddell,1.005531715,-0.23820782297430765,0.23820782297430765,0.29780060706748523,FALSE,FALSE
2012-09-29,Weddell,0.96504322,-0.27410240158151356,0.27410240158151356,0.29780060706748523,FALSE,FALSE
2012-09-30,Weddell,0.959591986,-0.27499502511683205,0.27499502511683205,0.29780060706748523,FALSE,FALSE
2012-10-01,Weddell,0.956648308,-0.27344622874630475,0.27344622874630475,0.29780060706748523,FALSE,FALSE
2012-10-02,Weddell,0.943832174,-0.28186685463597394,0.28186685463597394,0.29780060706748523,FALSE,FALSE
2012-10-03,Weddell,0.968368067,-0.25306324995188223,0.25306324995188223,0.29780060706748523,FALSE,FALSE
2012-10-04,Weddell,0.983696751,-0.23362547097991937,0.23362547097991937,0.29780060706748523,FALSE,FALSE
2012-10-05,Weddell,0.992859113,-0.22053149968359076,0.22053149968359076,0.29780060706748523,FALSE,FALSE
2012-10-06,Weddell,1.005711703,-0.20390849962244784,0.20390849962244784,0.29780060706748523,FALSE,FALSE
2012-10-07,Weddell,1.041753848,-0.16423442574421276,0.16423442574421276,0.29780060706748523,FALSE,FALSE
2012-10-08,Weddell,1.078434783,-0.12403732499661112,0.12403732499661112,0.29780060706748523,FALSE,FALSE
2012-10-09,Weddell,1.090027315,-0.10902167232736516,0.10902167232736516,0.29780060706748523,FALSE,FALSE
2012-10-10,Weddell,1.069869542,-0.12582665168420015,0.12582665168420015,0.29780060706748523,FALSE,FALSE
2012-10-11,Weddell,1.053385393,-0.1390056160148383,0.1390056160148383,0.29780060706748523,FALSE,FALSE
2012-10-12,Weddell,1.058241458,-0.1308692572670047,0.1308692572670047,0.29780060706748523,FALSE,FALSE
2012-10-13,Weddell,1.082667961,-0.10316463338842152,0.10316463338842152,0.29780060706748523,FALSE,FALSE
2012-10-14,Weddell,1.104647564,-0.07788636432681373,0.07788636432681373,0.29780060706748523,FALSE,FALSE
2012-10-15,Weddell,1.133892899,-0.04529910002990434,0.04529910002990434,0.29780060706748523,FALSE,FALSE
2012-10-16,Weddell,1.14184375,-0.03394033844541866,0.03394033844541866,0.29780060706748523,FALSE,FALSE
2012-10-17,Weddell,1.152169412,-0.02011850979831053,0.02011850979831053,0.29780060706748523,FALSE,FALSE
2012-10-18,Weddell,1.160049859,-0.00864078039060634,0.00864078039060634,0.29780060706748523,FALSE,FALSE
2012-10-19,Weddell,1.192799961,0.02781157851804039,0.02781157851804039,0.29780060706748523,FALSE,FALSE
2012-10-20,Weddell,1.186038138,0.02486048526716855,0.02486048526716855,0.29780060706748523,FALSE,FALSE
2012-10-21,Weddell,1.167755062,0.01050011019631624,0.01050011019631624,0.29780060706748523,FALSE,FALSE
2012-10-22,Weddell,1.156303286,0.00308650464502235,0.00308650464502235,0.29780060706748523,FALSE,FALSE
2012-10-23,Weddell,1.178861871,0.0298022279528265,0.0298022279528265,0.29780060706748523,FALSE,FALSE
2012-10-24,Weddell,1.208661754,0.06388171545926657,0.06388171545926657,0.29780060706748523,FALSE,FALSE
2012-10-25,Weddell,1.252965017,0.11259054750388152,0.11259054750388152,0.29780060706748523,FALSE,FALSE
2012-10-26,Weddell,1.265680341,0.12984090342620958,0.12984090342620958,0.29780060706748523,FALSE,FALSE
2012-10-27,Weddell,1.268684788,0.1375133435657916,0.1375133435657916,0.29780060706748523,FALSE,FALSE
2012-10-28,Weddell,1.288695216,0.16232822426216376,0.16232822426216376,0.29780060706748523,FALSE,FALSE
2012-10-29,Weddell,1.325599289,0.20417670785486575,0.20417670785486575,0.29780060706748523,FALSE,FALSE
2012-10-30,Weddell,1.334047379,0.2177120115408544,0.2177120115408544,0.29780060706748523,FALSE,FALSE
2012-10-31,Weddell,1.340083833,0.2289781126074708,0.2289781126074708,0.29780060706748523,FALSE,FALSE
2012-11-01,Weddell,1.348490961,0.2427559638467509,0.2427559638467509,0.29780060706748523,FALSE,FALSE
2012-11-02,Weddell,1.358677904,0.25845334878526516,0.25845334878526516,0.29780060706748523,FALSE,FALSE
2012-11-03,Weddell,1.375525685,0.2809499329495846,0.2809499329495846,0.29780060706748523,FALSE,FALSE
2012-11-04,Weddell,1.389948303,0.30115835786627954,0.30115835786627954,0.29780060706748523,TRUE,FALSE
2012-11-05,Weddell,1.386871426,0.3040029340619228,0.3040029340619228,0.29780060706748523,TRUE,FALSE
2012-11-06,Weddell,1.380824439,0.30401168906308307,0.30401168906308307,0.29780060706748523,TRUE,FALSE
2012-11-07,Weddell,1.359930525,0.28930644839633235,0.28930644839633235,0.29780060706748523,FALSE,FALSE
2012-11-08,Weddell,1.342454813,0.278150983588241,0.278150983588241,0.29780060706748523,FALSE,FALSE
2012-11-09,Weddell,1.329776131,0.27192276516538016,0.27192276516538016,0.29780060706748523,FALSE,FALSE
2012-11-10,Weddell,1.298917199,0.24764315565432127,0.24764315565432127,0.29780060706748523,FALSE,FALSE
2012-11-11,Weddell,1.274076703,0.22950957952219353,0.22950957952219353,0.29780060706748523,FALSE,FALSE
2012-11-12,Weddell,1.254078798,0.2163502375719455,0.2163502375719455,0.29780060706748523,FALSE,FALSE
2012-11-13,Weddell,1.264428474,0.23368214363969808,0.23368214363969808,0.29780060706748523,FALSE,FALSE
2012-11-14,Weddell,1.285665041,0.26205728961787056,0.26205728961787056,0.29780060706748523,FALSE,FALSE
2012-11-15,Weddell,1.283263439,0.26696329739888336,0.26696329739888336,0.29780060706748523,FALSE,FALSE
2012-11-16,Weddell,1.256001326,0.2471905068751565,0.2471905068751565,0.29780060706748523,FALSE,FALSE
2012-11-17,Weddell,1.2274373,0.22631019793910956,0.22631019793910956,0.29780060706748523,FALSE,FALSE
2012-11-18,Weddell,1.233507932,0.240271623483162,0.240271623483162,0.29780060706748523,FALSE,FALSE
2012-11-19,Weddell,1.25659356,0.2714678033997343,0.2714678033997343,0.29780060706748523,FALSE,FALSE
2012-11-20,Weddell,1.27656407,0.2997813055812457,0.2997813055812457,0.29780060706748523,TRUE,TRUE
2012-11-21,Weddell,1.285004061,0.3168094109201163,0.3168094109201163,0.29780060706748523,TRUE,TRUE
2012-11-22,Weddell,1.301994642,0.342645910308766,0.342645910308766,0.29780060706748523,TRUE,TRUE
2012-11-23,Weddell,1.3025696,0.3523372726396147,0.3523372726396147,0.29780060706748523,TRUE,TRUE
2012-11-24,Weddell,1.284363939,0.3435287991988176,0.3435287991988176,0.29780060706748523,TRUE,TRUE
2012-11-25,Weddell,1.26794249,0.33677544967226924,0.33677544967226924,0.29780060706748523,TRUE,TRUE
2012-11-26,Weddell,1.254610752,0.33336271045077936,0.33336271045077936,0.29780060706748523,TRUE,TRUE
2012-11-27,Weddell,1.227329877,0.316231644110735,0.316231644110735,0.29780060706748523,TRUE,TRUE
2012-11-28,Weddell,1.201874967,0.3011372632285252,0.3011372632285252,0.29780060706748523,TRUE,TRUE
2012-11-29,Weddell,1.193387269,0.30320072538053866,0.30320072538053866,0.29780060706748523,TRUE,TRUE
2012-11-30,Weddell,1.213323326,0.33385848414316277,0.33385848414316277,0.29780060706748523,TRUE,TRUE
2012-12-01,Weddell,1.218029308,0.34943662009278575,0.34943662009278575,0.29780060706748523,TRUE,TRUE
2012-12-02,Weddell,1.196445351,0.3388551798057966,0.3388551798057966,0.29780060706748523,TRUE,TRUE
2012-12-03,Weddell,1.168414425,0.3219370438585829,0.3219370438585829,0.29780060706748523,TRUE,TRUE
2012-12-04,Weddell,1.09724537,0.26197096282753307,0.26197096282753307,0.29780060706748523,FALSE,FALSE
2012-12-05,Weddell,1.102842759,0.2788414202890358,0.2788414202890358,0.29780060706748523,FALSE,FALSE
2012-12-06,Weddell,1.09835705,0.28567878703791694,0.28567878703791694,0.29780060706748523,FALSE,FALSE
2012-12-07,Weddell,1.072751093,0.27142651454324673,0.27142651454324673,0.29780060706748523,FALSE,FALSE
2012-12-08,Weddell,1.058253849,0.2682958261035039,0.2682958261035039,0.29780060706748523,FALSE,FALSE
2012-12-09,Weddell,1.05612934,0.27753325135869544,0.27753325135869544,0.29780060706748523,FALSE,FALSE
2012-12-10,Weddell,1.041309713,0.2740534449488311,0.2740534449488311,0.29780060706748523,FALSE,FALSE
2012-12-11,Weddell,1.01672667,0.2607706165139191,0.2607706165139191,0.29780060706748523,FALSE,FALSE
2012-12-12,Weddell,0.985617619,0.24090468169396728,0.24090468169396728,0.29780060706748523,FALSE,FALSE
2012-12-13,Weddell,0.974009824,0.24046541212898465,0.24046541212898465,0.29780060706748523,FALSE,FALSE
2012-12-14,Weddell,0.945226512,0.22275854245897941,0.22275854245897941,0.29780060706748523,FALSE,FALSE
2012-12-15,Weddell,0.89783603,0.18633492732395995,0.18633492732395995,0.29780060706748523,FALSE,FALSE
2012-12-16,Weddell,0.876087509,0.17542620536393472,0.17542620536393472,0.29780060706748523,FALSE,FALSE
2012-12-17,Weddell,0.859300889,0.16933482421891255,0.16933482421891255,0.29780060706748523,FALSE,FALSE
2012-12-18,Weddell,0.842509877,0.16307699852890112,0.16307699852890112,0.29780060706748523,FALSE,FALSE
2012-12-19,Weddell,0.827753156,0.15867450404632977,0.15867450404632977,0.29780060706748523,FALSE,FALSE
2012-12-20,Weddell,0.804163239,0.14525219827881777,0.14525219827881777,0.29780060706748523,FALSE,FALSE
2012-12-21,Weddell,0.753995023,0.10506470767924404,0.10506470767924404,0.29780060706748523,FALSE,FALSE
2012-12-22,Weddell,0.718883842,0.07974730149618703,0.07974730149618703,0.29780060706748523,FALSE,FALSE
2012-12-23,Weddell,0.710092688,0.08056290697822355,0.08056290697822355,0.29780060706748523,FALSE,FALSE
2012-12-24,Weddell,0.684109021,0.06399891937393154,0.06399891937393154,0.29780060706748523,FALSE,FALSE
2012-12-25,Weddell,0.671165173,0.06028760593188698,0.06028760593188698,0.29780060706748523,FALSE,FALSE
2012-12-26,Weddell,0.648457487,0.04662524490066822,0.04662524490066822,0.29780060706748523,FALSE,FALSE
2012-12-27,Weddell,0.63535204,0.04237784852885318,0.04237784852885318,0.29780060706748523,FALSE,FALSE
2012-12-28,Weddell,0.625472754,0.04116927406501847,0.04116927406501847,0.29780060706748523,FALSE,FALSE
2012-12-29,Weddell,0.605017944,0.02919777175774041,0.02919777175774041,0.29780060706748523,FALSE,FALSE
2012-12-30,Weddell,0.57077945,0.00325511685559853,0.00325511685559853,0.29780060706748523,FALSE,FALSE
2012-12-31,Weddell,0.570452475,0.01103644760716926,0.01103644760716926,0.29780060706748523,FALSE,FALSE
2013-01-01,Weddell,0.551389534,-0.00802649339283057,0.00802649339283057,0.29780060706748523,FALSE,FALSE
2013-01-02,Weddell,0.535858117,-0.01563584987456656,0.01563584987456656,0.29780060706748523,FALSE,FALSE
2013-01-03,Weddell,0.5089587,-0.03479275201901066,0.03479275201901066,0.29780060706748523,FALSE,FALSE
2013-01-04,Weddell,0.480920482,-0.05525994839116238,0.05525994839116238,0.29780060706748523,FALSE,FALSE
2013-01-05,Weddell,0.482420174,-0.04635267555601813,0.04635267555601813,0.29780060706748523,FALSE,FALSE
2013-01-06,Weddell,0.463156234,-0.05836442307857908,0.05836442307857908,0.29780060706748523,FALSE,FALSE
2013-01-07,Weddell,0.436150472,-0.07826532852384138,0.07826532852384138,0.29780060706748523,FALSE,FALSE
2013-01-08,Weddell,0.41979338,-0.08765684745680413,0.08765684745680413,0.29780060706748523,FALSE,FALSE
2013-01-09,Weddell,0.412218634,-0.08839725144246718,0.08839725144246718,0.29780060706748523,FALSE,FALSE
2013-01-10,Weddell,0.413997007,-0.0799077150458265,0.0799077150458265,0.29780060706748523,FALSE,FALSE
2013-01-11,Weddell,0.408999762,-0.07830892283188234,0.07830892283188234,0.29780060706748523,FALSE,FALSE
2013-01-12,Weddell,0.39391068,-0.08690904136563177,0.08690904136563177,0.29780060706748523,FALSE,FALSE
2013-01-13,Weddell,0.393890258,-0.08053952121207447,0.08053952121207447,0.29780060706748523,FALSE,FALSE
2013-01-14,Weddell,0.384366535,-0.08376425449366648,0.08376425449366648,0.29780060706748523,FALSE,FALSE
2013-01-15,Weddell,0.376308629,-0.08560546429492832,0.08560546429492832,0.29780060706748523,FALSE,FALSE
2013-01-16,Weddell,0.367617337,-0.0881529555091794,0.0881529555091794,0.29780060706748523,FALSE,FALSE
2013-01-17,Weddell,0.363933708,-0.085756234280778,0.085756234280778,0.29780060706748523,FALSE,FALSE
2013-01-18,Weddell,0.351587937,-0.09207566075408236,0.09207566075408236,0.29780060706748523,FALSE,FALSE
2013-01-19,Weddell,0.33667046900000003,-0.10101134507345078,0.10101134507345078,0.29780060706748523,FALSE,FALSE
2013-01-20,Weddell,0.321638774,-0.11009637238324071,0.11009637238324071,0.29780060706748523,FALSE,FALSE
2013-01-21,Weddell,0.305804732,-0.12000941782781088,0.12000941782781088,0.29780060706748523,FALSE,FALSE
2013-01-22,Weddell,0.281830534,-0.13807884555151895,0.13807884555151895,0.29780060706748523,FALSE,FALSE
2013-01-23,Weddell,0.284647044,-0.1293643466987235,0.1293643466987235,0.29780060706748523,FALSE,FALSE
2013-01-24,Weddell,0.282719423,-0.12539131541378207,0.12539131541378207,0.29780060706748523,FALSE,FALSE
2013-01-25,Weddell,0.253263824,-0.14893415384105335,0.14893415384105335,0.29780060706748523,FALSE,FALSE
2013-01-26,Weddell,0.234595204,-0.16166846012489433,0.16166846012489433,0.29780060706748523,FALSE,FALSE
2013-01-27,Weddell,0.23076329,-0.1595377345665921,0.1595377345665921,0.29780060706748523,FALSE,FALSE
2013-01-28,Weddell,0.205628591,-0.17869278452396167,0.17869278452396167,0.29780060706748523,FALSE,FALSE
2013-01-29,Weddell,0.191349016,-0.18699451810550055,0.18699451810550055,0.29780060706748523,FALSE,FALSE
2013-01-30,Weddell,0.175096444,-0.19728989758200513,0.19728989758200513,0.29780060706748523,FALSE,FALSE
2013-01-31,Weddell,0.164497297,-0.201971342224271,0.201971342224271,0.29780060706748523,FALSE,FALSE
2013-02-01,Weddell,0.15130952,-0.20929974830309492,0.20929974830309492,0.29780060706748523,FALSE,FALSE
2013-02-02,Weddell,0.144988084,-0.20983898608927248,0.20983898608927248,0.29780060706748523,FALSE,FALSE
2013-02-03,Weddell,0.128650921,-0.22048996485359992,0.22048996485359992,0.29780060706748523,FALSE,FALSE
2013-02-04,Weddell,0.112906246,-0.2306633108668736,0.2306633108668736,0.29780060706748523,FALSE,FALSE
2013-02-05,Weddell,0.100913553,-0.2372183713998891,0.2372183713998891,0.29780060706748523,FALSE,FALSE
2013-02-06,Weddell,0.09966349,-0.2331833397234429,0.2331833397234429,0.29780060706748523,FALSE,FALSE
2013-02-07,Weddell,0.097753616,-0.22997949810833124,0.22997949810833124,0.29780060706748523,FALSE,FALSE
2013-02-08,Weddell,0.089584115,-0.23322547950512704,0.23322547950512704,0.29780060706748523,FALSE,FALSE
2013-02-09,Weddell,0.089555383,-0.2285364940277596,0.2285364940277596,0.29780060706748523,FALSE,FALSE
2013-02-10,Weddell,0.086423854,-0.22716532820722785,0.22716532820722785,0.29780060706748523,FALSE,FALSE
2013-02-11,Weddell,0.083884797,-0.22542517858405875,0.22542517858405875,0.29780060706748523,FALSE,FALSE
2013-02-12,Weddell,0.078854288,-0.22640843469877797,0.22640843469877797,0.29780060706748523,FALSE,FALSE
2013-02-13,Weddell,0.076962149999999993,-0.22449373909191217,0.22449373909191217,0.29780060706748523,FALSE,FALSE
2013-02-14,Weddell,0.06817854,-0.2297194003039873,0.2297194003039873,0.29780060706748523,FALSE,FALSE
2013-02-15,Weddell,0.077536763,-0.21706057887552976,0.21706057887552976,0.29780060706748523,FALSE,FALSE
2013-02-16,Weddell,0.073760415,-0.217802144347066,0.217802144347066,0.29780060706748523,FALSE,FALSE
2013-02-17,Weddell,0.075012838,-0.21378922025912192,0.21378922025912192,0.29780060706748523,FALSE,FALSE
2013-02-18,Weddell,0.068723698,-0.21760060615222435,0.21760060615222435,0.29780060706748523,FALSE,FALSE
2013-02-19,Weddell,0.068734372,-0.21540339056689933,0.21540339056689933,0.29780060706748523,FALSE,FALSE
2013-02-20,Weddell,0.090867005,-0.19138389404367268,0.19138389404367268,0.29780060706748523,FALSE,FALSE
2013-02-21,Weddell,0.091575287,-0.18909641970243385,0.18909641970243385,0.29780060706748523,FALSE,FALSE
2013-02-22,Weddell,0.084660212,-0.19474223920855455,0.19474223920855455,0.29780060706748523,FALSE,FALSE
2013-02-23,Weddell,0.076521825,-0.20191976307472437,0.20191976307472437,0.29780060706748523,FALSE,FALSE
2013-02-24,Weddell,0.085997004,-0.19179049993761127,0.19179049993761127,0.29780060706748523,FALSE,FALSE
2013-02-25,Weddell,0.082852679,-0.19458590643388285,0.19458590643388285,0.29780060706748523,FALSE,FALSE
2013-02-26,Weddell,0.075278566,-0.20211465320020683,0.20211465320020683,0.29780060706748523,FALSE,FALSE
2013-02-27,Weddell,0.077195401,-0.20045439087325043,0.20045439087325043,0.29780060706748523,FALSE,FALSE
2013-02-28,Weddell,0.079141894,-0.19906479608968153,0.19906479608968153,0.29780060706748523,FALSE,FALSE
2013-03-01,Weddell,0.07851199,-0.20055031048616792,0.20055031048616792,0.29780060706748523,FALSE,FALSE
2013-03-02,Weddell,0.064531005,-0.2156840046993769,0.2156840046993769,0.29780060706748523,FALSE,FALSE
2013-03-03,Weddell,0.063266216,-0.2183969883659762,0.2183969883659762,0.29780060706748523,FALSE,FALSE
2013-03-04,Weddell,0.067037559,-0.2163677121226332,0.2163677121226332,0.29780060706748523,FALSE,FALSE
2013-03-05,Weddell,0.063213678,-0.22222591773392347,0.22222591773392347,0.29780060706748523,FALSE,FALSE
2013-03-06,Weddell,0.067620719,-0.220140600890966,0.220140600890966,0.29780060706748523,FALSE,FALSE
2013-03-07,Weddell,0.069572775,-0.22078224881397043,0.22078224881397043,0.29780060706748523,FALSE,FALSE
2013-03-08,Weddell,0.065165125,-0.22803801704963975,0.22803801704963975,0.29780060706748523,FALSE,FALSE
2013-03-09,Weddell,0.076122073,-0.2201660361446781,0.2201660361446781,0.29780060706748523,FALSE,FALSE
2013-03-10,Weddell,0.074205482,-0.22538687764578996,0.22538687764578996,0.29780060706748523,FALSE,FALSE
2013-03-11,Weddell,0.064653034,-0.2384452940996783,0.2384452940996783,0.29780060706748523,FALSE,FALSE
2013-03-12,Weddell,0.06783489,-0.23895355905304697,0.23895355905304697,0.29780060706748523,FALSE,FALSE
2013-03-13,Weddell,0.053992312,-0.2566528450526005,0.2566528450526005,0.29780060706748523,FALSE,FALSE
2013-03-14,Weddell,0.058390236,-0.2562606506450421,0.2562606506450421,0.29780060706748523,FALSE,FALSE
2013-03-15,Weddell,0.055856403,-0.2629316693770758,0.2629316693770758,0.29780060706748523,FALSE,FALSE
2013-03-16,Weddell,0.057219824,-0.2658193247954056,0.2658193247954056,0.29780060706748523,FALSE,FALSE
2013-03-17,Weddell,0.066153398,-0.26123315244673506,0.26123315244673506,0.29780060706748523,FALSE,FALSE
2013-03-18,Weddell,0.055950171,-0.27586281964265236,0.27586281964265236,0.29780060706748523,FALSE,FALSE
2013-03-19,Weddell,0.054028731,-0.282279413807109,0.282279413807109,0.29780060706748523,FALSE,FALSE
2013-03-20,Weddell,0.052754117,-0.288114853791897,0.288114853791897,0.29780060706748523,FALSE,FALSE
2013-03-21,Weddell,0.063614111,-0.28187865831742753,0.28187865831742753,0.29780060706748523,FALSE,FALSE
2013-03-22,Weddell,0.064886089,-0.28529075210411126,0.28529075210411126,0.29780060706748523,FALSE,FALSE
2013-03-23,Weddell,0.057266222,-0.2976522648723589,0.2976522648723589,0.29780060706748523,FALSE,FALSE
2013-03-24,Weddell,0.04902697,-0.31068803734258094,0.31068803734258094,0.29780060706748523,TRUE,TRUE
2013-03-25,Weddell,0.038805128,-0.3257585752351879,0.3257585752351879,0.29780060706748523,TRUE,TRUE
2013-03-26,Weddell,0.036893772,-0.3325681032705913,0.3325681032705913,0.29780060706748523,TRUE,TRUE
2013-03-27,Weddell,0.037560023,-0.33684680116920135,0.33684680116920135,0.29780060706748523,TRUE,TRUE
2013-03-28,Weddell,0.038910385,-0.34048546565142873,0.34048546565142873,0.29780060706748523,TRUE,TRUE
2013-03-29,Weddell,0.040170055,-0.3442562004376839,0.3442562004376839,0.29780060706748523,TRUE,TRUE
2013-03-30,Weddell,0.049663082,-0.33983225724837807,0.33983225724837807,0.29780060706748523,TRUE,TRUE
2013-03-31,Weddell,0.044618246,-0.34998380799160234,0.34998380799160234,0.29780060706748523,TRUE,TRUE
2013-04-01,Weddell,0.047757019,-0.3519973580221741,0.3519973580221741,0.29780060706748523,TRUE,TRUE
2013-04-02,Weddell,0.070020836,-0.33494251795786356,0.33494251795786356,0.29780060706748523,TRUE,TRUE
2013-04-03,Weddell,0.099216228,-0.3110238049529718,0.3110238049529718,0.29780060706748523,TRUE,TRUE
2013-04-04,Weddell,0.116310317,-0.2992851451617999,0.2992851451617999,0.29780060706748523,TRUE,TRUE
2013-04-05,Weddell,0.123901022,-0.29713966773864886,0.29713966773864886,0.29780060706748523,FALSE,FALSE
2013-04-06,Weddell,0.134652721,-0.29193404283781854,0.29193404283781854,0.29780060706748523,FALSE,FALSE
2013-04-07,Weddell,0.147307441,-0.28493729161361103,0.28493729161361103,0.29780060706748523,FALSE,FALSE
2013-04-08,Weddell,0.158707127,-0.27931851722032647,0.27931851722032647,0.29780060706748523,FALSE,FALSE
2013-04-09,Weddell,0.173229719,-0.2707108278122665,0.2707108278122665,0.29780060706748523,FALSE,FALSE
2013-04-10,Weddell,0.188377548,-0.2616229405437312,0.2616229405437312,0.29780060706748523,FALSE,FALSE
2013-04-11,Weddell,0.190248282,-0.2659682355690226,0.2659682355690226,0.29780060706748523,FALSE,FALSE
2013-04-12,Weddell,0.1978246,-0.26477491533982567,0.26477491533982567,0.29780060706748523,FALSE,FALSE
2013-04-13,Weddell,0.199726269,-0.2694222133736046,0.2694222133736046,0.29780060706748523,FALSE,FALSE
2013-04-14,Weddell,0.212916101,-0.26292673257431975,0.26292673257431975,0.29780060706748523,FALSE,FALSE
2013-04-15,Weddell,0.249484206,-0.233175948461955,0.233175948461955,0.29780060706748523,FALSE,FALSE
2013-04-16,Weddell,0.269667052,-0.2199109785564959,0.2199109785564959,0.29780060706748523,FALSE,FALSE
2013-04-17,Weddell,0.286719856,-0.20985419137792768,0.20985419137792768,0.29780060706748523,FALSE,FALSE
2013-04-18,Weddell,0.293021334,-0.21060445644623477,0.21060445644623477,0.29780060706748523,FALSE,FALSE
2013-04-19,Weddell,0.299893776,-0.21081706928140265,0.21081706928140265,0.29780060706748523,FALSE,FALSE
2013-04-20,Weddell,0.318059503,-0.19974729440341615,0.19974729440341615,0.29780060706748523,FALSE,FALSE
2013-04-21,Weddell,0.351375354,-0.17351587833226045,0.17351587833226045,0.29780060706748523,FALSE,FALSE
2013-04-22,Weddell,0.355779778,-0.17616195758792058,0.17616195758792058,0.29780060706748523,FALSE,FALSE
2013-04-23,Weddell,0.350148029,-0.1887878636903813,0.1887878636903813,0.29780060706748523,FALSE,FALSE
2013-04-24,Weddell,0.348900771,-0.19695051815962833,0.19695051815962833,0.29780060706748523,FALSE,FALSE
2013-04-25,Weddell,0.345760054,-0.2069074739195765,0.2069074739195765,0.29780060706748523,FALSE,FALSE
2013-04-26,Weddell,0.323160995,-0.23622237711227465,0.23622237711227465,0.29780060706748523,FALSE,FALSE
2013-04-27,Weddell,0.31433983,-0.25166834292836804,0.25166834292836804,0.29780060706748523,FALSE,FALSE
2013-04-28,Weddell,0.340696214,-0.23185517909190084,0.23185517909190084,0.29780060706748523,FALSE,FALSE
2013-04-29,Weddell,0.365747764,-0.21327473132691763,0.21327473132691763,0.29780060706748523,FALSE,FALSE
2013-04-30,Weddell,0.403958308,-0.1814726343574633,0.1814726343574633,0.29780060706748523,FALSE,FALSE
2013-05-01,Weddell,0.460888657,-0.13089753990758185,0.13089753990758185,0.29780060706748523,FALSE,FALSE
2013-05-02,Weddell,0.495812157,-0.10228556470131794,0.10228556470131794,0.29780060706748523,FALSE,FALSE
2013-05-03,Weddell,0.520722467,-0.08365251246271554,0.08365251246271554,0.29780060706748523,FALSE,FALSE
2013-05-04,Weddell,0.524418315,-0.08620911791581942,0.08620911791581942,0.29780060706748523,FALSE,FALSE
2013-05-05,Weddell,0.515023769,-0.10184077578467464,0.10184077578467464,0.29780060706748523,FALSE,FALSE
2013-05-06,Weddell,0.538590177,-0.08450560079332503,0.08450560079332503,0.29780060706748523,FALSE,FALSE
2013-05-07,Weddell,0.557678792,-0.0716518104943924,0.0716518104943924,0.29780060706748523,FALSE,FALSE
2013-05-08,Weddell,0.580019753,-0.05556310099481665,0.05556310099481665,0.29780060706748523,FALSE,FALSE
2013-05-09,Weddell,0.61871355,-0.02316443354279307,0.02316443354279307,0.29780060706748523,FALSE,FALSE
2013-05-10,Weddell,0.646035823,-0.0022075306603374,0.0022075306603374,0.29780060706748523,FALSE,FALSE
2013-05-11,Weddell,0.651594176,-0.0031121508694670302,0.0031121508694670302,0.29780060706748523,FALSE,FALSE
2013-05-12,Weddell,0.674552834,0.01325856830780269,0.01325856830780269,0.29780060706748523,FALSE,FALSE
2013-05-13,Weddell,0.698576199,0.03054166634945387,0.03054166634945387,0.29780060706748523,FALSE,FALSE
2013-05-14,Weddell,0.671794563,-0.00315992726652925,0.00315992726652925,0.29780060706748523,FALSE,FALSE
2013-05-15,Weddell,0.663136169,-0.01894533206216286,0.01894533206216286,0.29780060706748523,FALSE,FALSE
2013-05-16,Weddell,0.647022977,-0.04241995055946401,0.04241995055946401,0.29780060706748523,FALSE,FALSE
2013-05-17,Weddell,0.655213661,-0.04185247128044855,0.04185247128044855,0.29780060706748523,FALSE,FALSE
2013-05-18,Weddell,0.673319258,-0.03165921974713337,0.03165921974713337,0.29780060706748523,FALSE,FALSE
2013-05-19,Weddell,0.673361999,-0.03984532748153469,0.03984532748153469,0.29780060706748523,FALSE,FALSE
2013-05-20,Weddell,0.657307372,-0.06447078934252715,0.06447078934252715,0.29780060706748523,FALSE,FALSE
2013-05-21,Weddell,0.671611392,-0.05907077438456665,0.05907077438456665,0.29780060706748523,FALSE,FALSE
2013-05-22,Weddell,0.71672706,-0.02315349935273925,0.02315349935273925,0.29780060706748523,FALSE,FALSE
2013-05-23,Weddell,0.749967834,6.342842158560957e-4,6.342842158560957e-4,0.29780060706748523,FALSE,FALSE
2013-05-24,Weddell,0.776430474,0.01742912678412211,0.01742912678412211,0.29780060706748523,FALSE,FALSE
2013-05-25,Weddell,0.77887748,0.01003331881496127,0.01003331881496127,0.29780060706748523,FALSE,FALSE
2013-05-26,Weddell,0.78357529,0.00475308877127489,0.00475308877127489,0.29780060706748523,FALSE,FALSE
2013-05-27,Weddell,0.771609373,-0.0172863038840344,0.0172863038840344,0.29780060706748523,FALSE,FALSE
2013-05-28,Weddell,0.759105002,-0.03991979568806492,0.03991979568806492,0.29780060706748523,FALSE,FALSE
2013-05-29,Weddell,0.754200159,-0.05496961417791357,0.05496961417791357,0.29780060706748523,FALSE,FALSE
2013-05-30,Weddell,0.829046157,0.00975534410932066,0.00975534410932066,0.29780060706748523,FALSE,FALSE
2013-05-31,Weddell,0.878172066,0.04882393963654075,0.04882393963654075,0.29780060706748523,FALSE,FALSE
2013-06-01,Weddell,0.902607691,0.06330576786664821,0.06330576786664821,0.29780060706748523,FALSE,FALSE
2013-06-02,Weddell,0.901966476,0.05284587458304934,0.05284587458304934,0.29780060706748523,FALSE,FALSE
2013-06-03,Weddell,0.902639091,0.04383020437560192,0.04383020437560192,0.29780060706748523,FALSE,FALSE
2013-06-04,Weddell,0.915685688,0.04730411360859565,0.04730411360859565,0.29780060706748523,FALSE,FALSE
2013-06-05,Weddell,0.924392729,0.0465392682732938,0.0465392682732938,0.29780060706748523,FALSE,FALSE
2013-06-06,Weddell,0.931981218,0.04474187636095816,0.04474187636095816,0.29780060706748523,FALSE,FALSE
2013-06-07,Weddell,0.977951157,0.08139714386285335,0.08139714386285335,0.29780060706748523,FALSE,FALSE
2013-06-08,Weddell,1.001258427,0.095446155770240515,0.095446155770240515,0.29780060706748523,FALSE,FALSE
2013-06-09,Weddell,1.024374492,0.10934558007438366,0.10934558007438366,0.29780060706748523,FALSE,FALSE
2013-06-10,Weddell,1.017458103,0.09323937176654527,0.09323937176654527,0.29780060706748523,FALSE,FALSE
2013-06-11,Weddell,1.008340824,0.07494429883798914,0.07494429883798914,0.29780060706748523,FALSE,FALSE
2013-06-12,Weddell,1.024143157,0.08156606727997695,0.08156606727997695,0.29780060706748523,FALSE,FALSE
2013-06-13,Weddell,1.02104449,0.0692692690837724,0.0692692690837724,0.29780060706748523,FALSE,FALSE
2013-06-14,Weddell,1.014339094,0.05333379362054902,0.05333379362054902,0.29780060706748523,FALSE,FALSE
2013-06-15,Weddell,1.051135558,0.08087211584652898,0.08087211584652898,0.29780060706748523,FALSE,FALSE
2013-06-16,Weddell,1.079836285,0.100315585207028,0.100315585207028,0.29780060706748523,FALSE,FALSE
2013-06-17,Weddell,1.10967743,0.12093111882253084,0.12093111882253084,0.29780060706748523,FALSE,FALSE
2013-06-18,Weddell,1.119939379,0.12202986481351696,0.12202986481351696,0.29780060706748523,FALSE,FALSE
2013-06-19,Weddell,1.101038559,0.09405901230047098,0.09405901230047098,0.29780060706748523,FALSE,FALSE
2013-06-20,Weddell,1.109050349,0.09312470240387528,0.09312470240387528,0.29780060706748523,FALSE,FALSE
2013-06-21,Weddell,1.132145114,0.10742806224421164,0.10742806224421164,0.29780060706748523,FALSE,FALSE
2013-06-22,Weddell,1.139438526,0.1061155259419635,0.1061155259419635,0.29780060706748523,FALSE,FALSE
2013-06-23,Weddell,1.147361467,0.10564873761761318,0.10564873761761318,0.29780060706748523,FALSE,FALSE
2013-06-24,Weddell,1.195419664,0.14556418639164304,0.14556418639164304,0.29780060706748523,FALSE,FALSE
2013-06-25,Weddell,1.217944591,0.16022410838453527,0.16022410838453527,0.29780060706748523,FALSE,FALSE
2013-06-26,Weddell,1.225816143,0.160539160716773,0.160539160716773,0.29780060706748523,FALSE,FALSE
2013-06-27,Weddell,1.231304265,0.15880592613238664,0.15880592613238664,0.29780060706748523,FALSE,FALSE
2013-06-28,Weddell,1.233820815,0.15443173450288494,0.15443173450288494,0.29780060706748523,FALSE,FALSE
2013-06-29,Weddell,1.238746885,0.15277890878754463,0.15277890878754463,0.29780060706748523,FALSE,FALSE
2013-06-30,Weddell,1.235750428,0.14349655972584263,0.14349655972584263,0.29780060706748523,FALSE,FALSE
2013-07-01,Weddell,1.221785399,0.12351980005725571,0.12351980005725571,0.29780060706748523,FALSE,FALSE
2013-07-02,Weddell,1.195772716,0.09175070552126052,0.09175070552126052,0.29780060706748523,FALSE,FALSE
2013-07-03,Weddell,1.167871029,0.05832908385733471,0.05832908385733471,0.29780060706748523,FALSE,FALSE
2013-07-04,Weddell,1.149031412,0.03418716680495315,0.03418716680495315,0.29780060706748523,FALSE,FALSE
2013-07-05,Weddell,1.146603244,0.02665549110359366,0.02665549110359366,0.29780060706748523,FALSE,FALSE
2013-07-06,Weddell,1.158741729,0.03387041849273298,0.03387041849273298,0.29780060706748523,FALSE,FALSE
2013-07-07,Weddell,1.207968189,0.07833442871184748,0.07833442871184748,0.29780060706748523,FALSE,FALSE
2013-07-08,Weddell,1.252743242,0.11848929750041304,0.11848929750041304,0.29780060706748523,FALSE,FALSE
2013-07-09,Weddell,1.260627984,0.12187728613312077,0.12187728613312077,0.29780060706748523,FALSE,FALSE
2013-07-10,Weddell,1.264284336,0.121142946448757,0.121142946448757,0.29780060706748523,FALSE,FALSE
2013-07-11,Weddell,1.275854007,0.12841382563568238,0.12841382563568238,0.29780060706748523,FALSE,FALSE
2013-07-12,Weddell,1.293374628,0.1417138173310548,0.1417138173310548,0.29780060706748523,FALSE,FALSE
2013-07-13,Weddell,1.313934225,0.1581172101720314,0.1581172101720314,0.29780060706748523,FALSE,FALSE
2013-07-14,Weddell,1.33332514,0.17340260879577007,0.17340260879577007,0.29780060706748523,FALSE,FALSE
2013-07-15,Weddell,1.361112122,0.19712102483942728,0.19712102483942728,0.29780060706748523,FALSE,FALSE
2013-07-16,Weddell,1.354978828,0.1869423779401609,0.1869423779401609,0.29780060706748523,FALSE,FALSE
2013-07-17,Weddell,1.336817654,0.16474532673512732,0.16474532673512732,0.29780060706748523,FALSE,FALSE
2013-07-18,Weddell,1.324050473,0.14793800686148573,0.14793800686148573,0.29780060706748523,FALSE,FALSE
2013-07-19,Weddell,1.334234641,0.15406403695639104,0.15406403695639104,0.29780060706748523,FALSE,FALSE
2013-07-20,Weddell,1.306246808,0.12198632965700272,0.12198632965700272,0.29780060706748523,FALSE,FALSE
2013-07-21,Weddell,1.250552973,0.06215714660047689,0.06215714660047689,0.29780060706748523,FALSE,FALSE
2013-07-22,Weddell,1.225070588,0.03248124587465639,0.03248124587465639,0.29780060706748523,FALSE,FALSE
2013-07-23,Weddell,1.197783181,9.438635843446176e-4,9.438635843446176e-4,0.29780060706748523,FALSE,FALSE
2013-07-24,Weddell,1.241127003,0.03999345703606138,0.03999345703606138,0.29780060706748523,FALSE,FALSE
2013-07-25,Weddell,1.322053974,0.1165943906763922,0.1165943906763922,0.29780060706748523,FALSE,FALSE
2013-07-26,Weddell,1.349555558,0.13975057295192372,0.13975057295192372,0.29780060706748523,FALSE,FALSE
2013-07-27,Weddell,1.340334069,0.1261767623092389,0.1261767623092389,0.29780060706748523,FALSE,FALSE
2013-07-28,Weddell,1.335483656,0.11697955219492484,0.11697955219492484,0.29780060706748523,FALSE,FALSE
2013-07-29,Weddell,1.322061318,0.09922838605556784,0.09922838605556784,0.29780060706748523,FALSE,FALSE
2013-07-30,Weddell,1.332918288,0.10578694133775168,0.10578694133775168,0.29780060706748523,FALSE,FALSE
2013-07-31,Weddell,1.363661908,0.13227500448806206,0.13227500448806206,0.29780060706748523,FALSE,FALSE
2013-08-01,Weddell,1.373213195,0.1376260369530855,0.1376260369530855,0.29780060706748523,FALSE,FALSE
2013-08-02,Weddell,1.373066502,0.1333468361794059,0.1333468361794059,0.29780060706748523,FALSE,FALSE
2013-08-03,Weddell,1.368780695,0.1250087124830368,0.1250087124830368,0.29780060706748523,FALSE,FALSE
2013-08-04,Weddell,1.367044392,0.11930920321450512,0.11930920321450512,0.29780060706748523,FALSE,FALSE
2013-08-05,Weddell,1.347816907,0.0962038258122182,0.0962038258122182,0.29780060706748523,FALSE,FALSE
2013-08-06,Weddell,1.341451502,0.08603917936244643,0.08603917936244643,0.29780060706748523,FALSE,FALSE
2013-08-07,Weddell,1.344981942,0.08584236595145822,0.08584236595145822,0.29780060706748523,FALSE,FALSE
2013-08-08,Weddell,1.36747323,0.10467172566552496,0.10467172566552496,0.29780060706748523,FALSE,FALSE
2013-08-09,Weddell,1.401267089,0.13486231859091458,0.13486231859091458,0.29780060706748523,FALSE,FALSE
2013-08-10,Weddell,1.433174133,0.1632180958138978,0.1632180958138978,0.29780060706748523,FALSE,FALSE
2013-08-11,Weddell,1.479562795,0.2061008274207441,0.2061008274207441,0.29780060706748523,FALSE,FALSE
2013-08-12,Weddell,1.500493408,0.22356418349772267,0.22356418349772267,0.29780060706748523,FALSE,FALSE
2013-08-13,Weddell,1.488815644,0.20845117313110495,0.20845117313110495,0.29780060706748523,FALSE,FALSE
2013-08-14,Weddell,1.468233543,0.1844591734071583,0.1844591734071583,0.29780060706748523,FALSE,FALSE
2013-08-15,Weddell,1.488232905,0.20106732141215344,0.20106732141215344,0.29780060706748523,FALSE,FALSE
2013-08-16,Weddell,1.522694846,0.2321506191819258,0.2321506191819258,0.29780060706748523,FALSE,FALSE
2013-08-17,Weddell,1.545057271,0.2511571738226779,0.2511571738226779,0.29780060706748523,FALSE,FALSE
2013-08-18,Weddell,1.553468968,0.25626465046994595,0.25626465046994595,0.29780060706748523,FALSE,FALSE
2013-08-19,Weddell,1.560029001,0.2596020136991477,0.2596020136991477,0.29780060706748523,FALSE,FALSE
2013-08-20,Weddell,1.567683927,0.2641457210856999,0.2641457210856999,0.29780060706748523,FALSE,FALSE
2013-08-21,Weddell,1.542849989,0.2363419162050182,0.2363419162050182,0.29780060706748523,FALSE,FALSE
2013-08-22,Weddell,1.479967892,0.170661204632522,0.170661204632522,0.29780060706748523,FALSE,FALSE
2013-08-23,Weddell,1.422536047,0.11063189794362648,0.11063189794362648,0.29780060706748523,FALSE,FALSE
2013-08-24,Weddell,1.358040394,0.04376983671375045,0.04376983671375045,0.29780060706748523,FALSE,FALSE
2013-08-25,Weddell,1.328259526,0.01188351451830915,0.01188351451830915,0.29780060706748523,FALSE,FALSE
2013-08-26,Weddell,1.349872002,0.03168139093272049,0.03168139093272049,0.29780060706748523,FALSE,FALSE
2013-08-27,Weddell,1.379480184,0.059795728532402,0.059795728532402,0.29780060706748523,FALSE,FALSE
2013-08-28,Weddell,1.429486615,0.10865897089277056,0.10865897089277056,0.29780060706748523,FALSE,FALSE
2013-08-29,Weddell,1.45111486,0.1295189065832265,0.1295189065832265,0.29780060706748523,FALSE,FALSE
2013-08-30,Weddell,1.455369042,0.13336937905642143,0.13336937905642143,0.29780060706748523,FALSE,FALSE
2013-08-31,Weddell,1.454039309,0.13197729284489812,0.13197729284489812,0.29780060706748523,FALSE,FALSE
2013-09-01,Weddell,1.441365996,0.11955971622818606,0.11955971622818606,0.29780060706748523,FALSE,FALSE
2013-09-02,Weddell,1.422021787,0.100766066485813,0.100766066485813,0.29780060706748523,FALSE,FALSE
2013-09-03,Weddell,1.421594662,0.1011610568973056,0.1011610568973056,0.29780060706748523,FALSE,FALSE
2013-09-04,Weddell,1.416820505,0.09745730474219384,0.09745730474219384,0.29780060706748523,FALSE,FALSE
2013-09-05,Weddell,1.409119844,0.09105207130000492,0.09105207130000492,0.29780060706748523,FALSE,FALSE
2013-09-06,Weddell,1.399537084,0.08296649485026686,0.08296649485026686,0.29780060706748523,FALSE,FALSE
2013-09-07,Weddell,1.420714109,0.1058191926725074,0.1058191926725074,0.29780060706748523,FALSE,FALSE
2013-09-08,Weddell,1.495276962,0.18221294104625496,0.18221294104625496,0.29780060706748523,FALSE,FALSE
2013-09-09,Weddell,1.550330534,0.2392293642510381,0.2392293642510381,0.29780060706748523,FALSE,FALSE
2013-09-10,Weddell,1.561143047,0.25211352953158417,0.25211352953158417,0.29780060706748523,FALSE,FALSE
2013-09-11,Weddell,1.562372659,0.25551106917278443,0.25551106917278443,0.29780060706748523,FALSE,FALSE
2013-09-12,Weddell,1.549752682,0.24516200385632825,0.24516200385632825,0.29780060706748523,FALSE,FALSE
2013-09-13,Weddell,1.519649352,0.21744130347820412,0.21744130347820412,0.29780060706748523,FALSE,FALSE
2013-09-14,Weddell,1.475748438,0.1760434709344012,0.1760434709344012,0.29780060706748523,FALSE,FALSE
2013-09-15,Weddell,1.441326057,0.14425335712090503,0.14425335712090503,0.29780060706748523,FALSE,FALSE
2013-09-16,Weddell,1.388444398,0.09414188493370612,0.09414188493370612,0.29780060706748523,FALSE,FALSE
2013-09-17,Weddell,1.367470985,0.07608531226879145,0.07608531226879145,0.29780060706748523,FALSE,FALSE
2013-09-18,Weddell,1.372597925,0.08428448002214872,0.08428448002214872,0.29780060706748523,FALSE,FALSE
2013-09-19,Weddell,1.375056617,0.0899795210897667,0.0899795210897667,0.29780060706748523,FALSE,FALSE
2013-09-20,Weddell,1.370219638,0.08855174636763308,0.08855174636763308,0.29780060706748523,FALSE,FALSE
2013-09-21,Weddell,1.361176311,0.08309921275173626,0.08309921275173626,0.29780060706748523,FALSE,FALSE
2013-09-22,Weddell,1.34004234,0.06574635813806373,0.06574635813806373,0.29780060706748523,FALSE,FALSE
2013-09-23,Weddell,1.335809514,0.06549154247690248,0.06549154247690248,0.29780060706748523,FALSE,FALSE
2013-09-24,Weddell,1.341946264,0.07578661095149464,0.07578661095149464,0.29780060706748523,FALSE,FALSE
2013-09-25,Weddell,1.359466416,0.09761475649422492,0.09761475649422492,0.29780060706748523,FALSE,FALSE
2013-09-26,Weddell,1.357646645,0.10022182393905156,0.10022182393905156,0.29780060706748523,FALSE,FALSE
2013-09-27,Weddell,1.315896434,0.0629864661199333,0.0629864661199333,0.29780060706748523,FALSE,FALSE
2013-09-28,Weddell,1.274728665,0.02639073487082721,0.02639073487082721,0.29780060706748523,FALSE,FALSE
2013-09-29,Weddell,1.227422098,-0.01631743997430779,0.01631743997430779,0.29780060706748523,FALSE,FALSE
2013-09-30,Weddell,1.203761793,-0.03538382858151356,0.03538382858151356,0.29780060706748523,FALSE,FALSE
2013-10-01,Weddell,1.183149667,-0.05143734411683209,0.05143734411683209,0.29780060706748523,FALSE,FALSE
2013-10-02,Weddell,1.161229823,-0.06886471374630476,0.06886471374630476,0.29780060706748523,FALSE,FALSE
2013-10-03,Weddell,1.131336896,-0.09436213263597382,0.09436213263597382,0.29780060706748523,FALSE,FALSE
2013-10-04,Weddell,1.108105985,-0.11332533195188232,0.11332533195188232,0.29780060706748523,FALSE,FALSE
2013-10-05,Weddell,1.093405752,-0.12391646997991934,0.12391646997991934,0.29780060706748523,FALSE,FALSE
2013-10-06,Weddell,1.086097373,-0.12729323968359063,0.12729323968359063,0.29780060706748523,FALSE,FALSE
2013-10-07,Weddell,1.070230067,-0.13939013562244784,0.13939013562244784,0.29780060706748523,FALSE,FALSE
2013-10-08,Weddell,1.048227004,-0.15776126974421278,0.15776126974421278,0.29780060706748523,FALSE,FALSE
2013-10-09,Weddell,1.04524546,-0.15722664799661112,0.15722664799661112,0.29780060706748523,FALSE,FALSE
2013-10-10,Weddell,1.040963729,-0.15808525832736509,0.15808525832736509,0.29780060706748523,FALSE,FALSE
2013-10-11,Weddell,1.041569038,-0.1541271556842001,0.1541271556842001,0.29780060706748523,FALSE,FALSE
2013-10-12,Weddell,1.064254288,-0.12813672101483808,0.12813672101483808,0.29780060706748523,FALSE,FALSE
2013-10-13,Weddell,1.106433617,-0.08267709826700465,0.08267709826700465,0.29780060706748523,FALSE,FALSE
2013-10-14,Weddell,1.1752344,-0.01059819438842168,0.01059819438842168,0.29780060706748523,FALSE,FALSE
2013-10-15,Weddell,1.234146762,0.05161283367318625,0.05161283367318625,0.29780060706748523,FALSE,FALSE
2013-10-16,Weddell,1.264397857,0.08520585797009583,0.08520585797009583,0.29780060706748523,FALSE,FALSE
2013-10-17,Weddell,1.25404097,0.07825688155458121,0.07825688155458121,0.29780060706748523,FALSE,FALSE
2013-10-18,Weddell,1.292298511,0.1200105892016896,0.1200105892016896,0.29780060706748523,FALSE,FALSE
2013-10-19,Weddell,1.345545614,0.1768549746093937,0.1768549746093937,0.29780060706748523,FALSE,FALSE
2013-10-20,Weddell,1.355738116,0.19074973351804037,0.19074973351804037,0.29780060706748523,FALSE,FALSE
2013-10-21,Weddell,1.361754145,0.20057649226716845,0.20057649226716845,0.29780060706748523,FALSE,FALSE
2013-10-22,Weddell,1.362953867,0.20569891519631645,0.20569891519631645,0.29780060706748523,FALSE,FALSE
2013-10-23,Weddell,1.348473117,0.19525633564502232,0.19525633564502232,0.29780060706748523,FALSE,FALSE
2013-10-24,Weddell,1.338813137,0.18975349395282648,0.18975349395282648,0.29780060706748523,FALSE,FALSE
2013-10-25,Weddell,1.339446368,0.19466632945926657,0.19466632945926657,0.29780060706748523,FALSE,FALSE
2013-10-26,Weddell,1.389040285,0.24866581550388167,0.24866581550388167,0.29780060706748523,FALSE,FALSE
2013-10-27,Weddell,1.402861839,0.2670224014262097,0.2670224014262097,0.29780060706748523,FALSE,FALSE
2013-10-28,Weddell,1.383523575,0.2523521305657914,0.2523521305657914,0.29780060706748523,FALSE,FALSE
2013-10-29,Weddell,1.378717398,0.25235040626216376,0.25235040626216376,0.29780060706748523,FALSE,FALSE
2013-10-30,Weddell,1.372749684,0.2513271028548658,0.2513271028548658,0.29780060706748523,FALSE,FALSE
2013-10-31,Weddell,1.369115637,0.2527802695408543,0.2527802695408543,0.29780060706748523,FALSE,FALSE
2013-11-01,Weddell,1.379352572,0.26824685160747075,0.26824685160747075,0.29780060706748523,FALSE,FALSE
2013-11-02,Weddell,1.398107865,0.292372867846751,0.292372867846751,0.29780060706748523,FALSE,FALSE
2013-11-03,Weddell,1.41982359,0.3195990347852651,0.3195990347852651,0.29780060706748523,TRUE,TRUE
2013-11-04,Weddell,1.431878565,0.33730281294958475,0.33730281294958475,0.29780060706748523,TRUE,TRUE
2013-11-05,Weddell,1.472720364,0.38393041886627954,0.38393041886627954,0.29780060706748523,TRUE,TRUE
2013-11-06,Weddell,1.488974892,0.406106400061923,0.406106400061923,0.29780060706748523,TRUE,TRUE
2013-11-07,Weddell,1.530423419,0.453610669063083,0.453610669063083,0.29780060706748523,TRUE,TRUE
2013-11-08,Weddell,1.53520112,0.4645770433963323,0.4645770433963323,0.29780060706748523,TRUE,TRUE
2013-11-09,Weddell,1.51477891,0.450475080588241,0.450475080588241,0.29780060706748523,TRUE,TRUE
2013-11-10,Weddell,1.493693013,0.43583964716538,0.43583964716538,0.29780060706748523,TRUE,TRUE
2013-11-11,Weddell,1.516417555,0.46514351165432144,0.46514351165432144,0.29780060706748523,TRUE,TRUE
2013-11-12,Weddell,1.512234651,0.46766752752219354,0.46766752752219354,0.29780060706748523,TRUE,TRUE
2013-11-13,Weddell,1.496638181,0.4589096205719454,0.4589096205719454,0.29780060706748523,TRUE,TRUE
2013-11-14,Weddell,1.482848572,0.452102241639698,0.452102241639698,0.29780060706748523,TRUE,TRUE
2013-11-15,Weddell,1.470876773,0.44726902161787074,0.44726902161787074,0.29780060706748523,TRUE,TRUE
2013-11-16,Weddell,1.461251353,0.4449512113988834,0.4449512113988834,0.29780060706748523,TRUE,TRUE
2013-11-17,Weddell,1.442005683,0.4331948638751566,0.4331948638751566,0.29780060706748523,TRUE,TRUE
2013-11-18,Weddell,1.437732306,0.4366052039391095,0.4366052039391095,0.29780060706748523,TRUE,TRUE
2013-11-19,Weddell,1.460622239,0.4673859304831621,0.4673859304831621,0.29780060706748523,TRUE,TRUE
2013-11-20,Weddell,1.458811246,0.4736854893997343,0.4736854893997343,0.29780060706748523,TRUE,TRUE
2013-11-21,Weddell,1.44435941,0.4675766455812456,0.4675766455812456,0.29780060706748523,TRUE,TRUE
2013-11-22,Weddell,1.425653003,0.4574583529201164,0.4574583529201164,0.29780060706748523,TRUE,TRUE
2013-11-23,Weddell,1.42074938,0.4614006483087661,0.4614006483087661,0.29780060706748523,TRUE,TRUE
2013-11-24,Weddell,1.415313999,0.4650816716396148,0.4650816716396148,0.29780060706748523,TRUE,TRUE
2013-11-25,Weddell,1.388770393,0.44793525319881766,0.44793525319881766,0.29780060706748523,TRUE,TRUE
2013-11-26,Weddell,1.358655065,0.4274880246722692,0.4274880246722692,0.29780060706748523,TRUE,TRUE
2013-11-27,Weddell,1.347132941,0.4258848994507792,0.4258848994507792,0.29780060706748523,TRUE,TRUE
2013-11-28,Weddell,1.353207716,0.44210948311073495,0.44210948311073495,0.29780060706748523,TRUE,TRUE
2013-11-29,Weddell,1.343531329,0.4427936252285252,0.4427936252285252,0.29780060706748523,TRUE,TRUE
2013-11-30,Weddell,1.328452508,0.43826596438053866,0.43826596438053866,0.29780060706748523,TRUE,TRUE
2013-12-01,Weddell,1.32717482,0.4477099781431627,0.4477099781431627,0.29780060706748523,TRUE,TRUE
2013-12-02,Weddell,1.313743331,0.44515064309278574,0.44515064309278574,0.29780060706748523,TRUE,TRUE
2013-12-03,Weddell,1.27866549,0.42107531880579674,0.42107531880579674,0.29780060706748523,TRUE,TRUE
2013-12-04,Weddell,1.262951291,0.416473909858583,0.416473909858583,0.29780060706748523,TRUE,TRUE
2013-12-05,Weddell,1.245371696,0.4100972888275331,0.4100972888275331,0.29780060706748523,TRUE,TRUE
2013-12-06,Weddell,1.210592657,0.3865913182890358,0.3865913182890358,0.29780060706748523,TRUE,TRUE
2013-12-07,Weddell,1.169040499,0.35636223603791706,0.35636223603791706,0.29780060706748523,TRUE,TRUE
2013-12-08,Weddell,1.084707801,0.28338322254324677,0.28338322254324677,0.29780060706748523,FALSE,FALSE
2013-12-09,Weddell,1.014812307,0.22485428410350383,0.22485428410350383,0.29780060706748523,FALSE,FALSE
2013-12-10,Weddell,0.963284186,0.1846880973586954,0.1846880973586954,0.29780060706748523,FALSE,FALSE
2013-12-11,Weddell,0.913071044,0.1458147759488312,0.1458147759488312,0.29780060706748523,FALSE,FALSE
2013-12-12,Weddell,0.89342645,0.13747039651391912,0.13747039651391912,0.29780060706748523,FALSE,FALSE
2013-12-13,Weddell,0.890692791,0.1459798536939673,0.1459798536939673,0.29780060706748523,FALSE,FALSE
2013-12-14,Weddell,0.893082244,0.15953783212898465,0.15953783212898465,0.29780060706748523,FALSE,FALSE
2013-12-15,Weddell,0.883872395,0.16140442545897948,0.16140442545897948,0.29780060706748523,FALSE,FALSE
2013-12-16,Weddell,0.879589002,0.16808789932395996,0.16808789932395996,0.29780060706748523,FALSE,FALSE
2013-12-17,Weddell,0.871535983,0.17087467936393474,0.17087467936393474,0.29780060706748523,FALSE,FALSE
2013-12-18,Weddell,0.855630503,0.16566443821891252,0.16566443821891252,0.29780060706748523,FALSE,FALSE
2013-12-19,Weddell,0.845834032,0.16640115352890106,0.16640115352890106,0.29780060706748523,FALSE,FALSE
2013-12-20,Weddell,0.845171602,0.17609295004632974,0.17609295004632974,0.29780060706748523,FALSE,FALSE
2013-12-21,Weddell,0.833443407,0.17453236627881774,0.17453236627881774,0.29780060706748523,FALSE,FALSE
2013-12-22,Weddell,0.835354518,0.1864242026792441,0.1864242026792441,0.29780060706748523,FALSE,FALSE
2013-12-23,Weddell,0.827470076,0.18833353549618703,0.18833353549618703,0.29780060706748523,FALSE,FALSE
2013-12-24,Weddell,0.816385123,0.1868553419782235,0.1868553419782235,0.29780060706748523,FALSE,FALSE
2013-12-25,Weddell,0.811556221,0.19144611937393152,0.19144611937393152,0.29780060706748523,FALSE,FALSE
2013-12-26,Weddell,0.812127001,0.201249433931887,0.201249433931887,0.29780060706748523,FALSE,FALSE
2013-12-27,Weddell,0.817077199,0.21524495690066817,0.21524495690066817,0.29780060706748523,FALSE,FALSE
2013-12-28,Weddell,0.818413401,0.2254392095288532,0.2254392095288532,0.29780060706748523,FALSE,FALSE
2013-12-29,Weddell,0.807368584,0.22306510406501845,0.22306510406501845,0.29780060706748523,FALSE,FALSE
2013-12-30,Weddell,0.803635586,0.2278154137577404,0.2278154137577404,0.29780060706748523,FALSE,FALSE
2013-12-31,Weddell,0.807428796,0.23990446285559852,0.23990446285559852,0.29780060706748523,FALSE,FALSE
2014-01-01,Weddell,0.802749648,0.24333362060716943,0.24333362060716943,0.29780060706748523,FALSE,FALSE
2014-01-02,Weddell,0.78722968,0.2357357131254335,0.2357357131254335,0.29780060706748523,FALSE,FALSE
2014-01-03,Weddell,0.769430789,0.2256793369809893,0.2256793369809893,0.29780060706748523,FALSE,FALSE
2014-01-04,Weddell,0.739190377,0.20300994660883764,0.20300994660883764,0.29780060706748523,FALSE,FALSE
2014-01-05,Weddell,0.721378129,0.19260527944398187,0.19260527944398187,0.29780060706748523,FALSE,FALSE
2014-01-06,Weddell,0.69085684,0.16933618292142094,0.16933618292142094,0.29780060706748523,FALSE,FALSE
2014-01-07,Weddell,0.663218281,0.14880248047615863,0.14880248047615863,0.29780060706748523,FALSE,FALSE
2014-01-08,Weddell,0.659890955,0.15244072754319582,0.15244072754319582,0.29780060706748523,FALSE,FALSE
2014-01-09,Weddell,0.645111896,0.1444960105575328,0.1444960105575328,0.29780060706748523,FALSE,FALSE
2014-01-10,Weddell,0.629682036,0.13577731395417347,0.13577731395417347,0.29780060706748523,FALSE,FALSE
2014-01-11,Weddell,0.603577652,0.11626896716811767,0.11626896716811767,0.29780060706748523,FALSE,FALSE
2014-01-12,Weddell,0.570600903,0.08978118163436821,0.08978118163436821,0.29780060706748523,FALSE,FALSE
2014-01-13,Weddell,0.548010493,0.07358071378792558,0.07358071378792558,0.29780060706748523,FALSE,FALSE
2014-01-14,Weddell,0.52006531,0.05193452050633351,0.05193452050633351,0.29780060706748523,FALSE,FALSE
2014-01-15,Weddell,0.498620101,0.03670600770507165,0.03670600770507165,0.29780060706748523,FALSE,FALSE
2014-01-16,Weddell,0.482873049,0.02710275649082061,0.02710275649082061,0.29780060706748523,FALSE,FALSE
2014-01-17,Weddell,0.491163185,0.04147324271922198,0.04147324271922198,0.29780060706748523,FALSE,FALSE
2014-01-18,Weddell,0.476847164,0.03318356624591762,0.03318356624591762,0.29780060706748523,FALSE,FALSE
2014-01-19,Weddell,0.471314943,0.03363312892654918,0.03363312892654918,0.29780060706748523,FALSE,FALSE
2014-01-20,Weddell,0.461898878,0.03016373161675928,0.03016373161675928,0.29780060706748523,FALSE,FALSE
2014-01-21,Weddell,0.438479168,0.01266501817218906,0.01266501817218906,0.29780060706748523,FALSE,FALSE
2014-01-22,Weddell,0.429013201,0.00910382144848104,0.00910382144848104,0.29780060706748523,FALSE,FALSE
2014-01-23,Weddell,0.424601268,0.01058987730127647,0.01058987730127647,0.29780060706748523,FALSE,FALSE
2014-01-24,Weddell,0.422863157,0.01475241858621789,0.01475241858621789,0.29780060706748523,FALSE,FALSE
2014-01-25,Weddell,0.418950047,0.01675206915894661,0.01675206915894661,0.29780060706748523,FALSE,FALSE
2014-01-26,Weddell,0.396905168,6.415038751056423e-4,6.415038751056423e-4,0.29780060706748523,FALSE,FALSE
2014-01-27,Weddell,0.38425882,-0.0060422045665921,0.0060422045665921,0.29780060706748523,FALSE,FALSE
2014-01-28,Weddell,0.35908228,-0.02523909552396169,0.02523909552396169,0.29780060706748523,FALSE,FALSE
2014-01-29,Weddell,0.3402176,-0.03812593410550058,0.03812593410550058,0.29780060706748523,FALSE,FALSE
2014-01-30,Weddell,0.313719257,-0.05866708458200515,0.05866708458200515,0.29780060706748523,FALSE,FALSE
2014-01-31,Weddell,0.2838254,-0.08264323922427097,0.08264323922427097,0.29780060706748523,FALSE,FALSE
2014-02-01,Weddell,0.285028576,-0.07558069230309494,0.07558069230309494,0.29780060706748523,FALSE,FALSE
2014-02-02,Weddell,0.304623539,-0.05020353108927244,0.05020353108927244,0.29780060706748523,FALSE,FALSE
2014-02-03,Weddell,0.302776994,-0.0463638918535999,0.0463638918535999,0.29780060706748523,FALSE,FALSE
2014-02-04,Weddell,0.287020643,-0.05654891386687355,0.05654891386687355,0.29780060706748523,FALSE,FALSE
2014-02-05,Weddell,0.281992973,-0.05613895139988911,0.05613895139988911,0.29780060706748523,FALSE,FALSE
2014-02-06,Weddell,0.273815742,-0.05903108772344295,0.05903108772344295,0.29780060706748523,FALSE,FALSE
2014-02-07,Weddell,0.251872538,-0.07586057610833125,0.07586057610833125,0.29780060706748523,FALSE,FALSE
2014-02-08,Weddell,0.253153262,-0.0696563325051271,0.0696563325051271,0.29780060706748523,FALSE,FALSE
2014-02-09,Weddell,0.257497012,-0.06059486502775957,0.06059486502775957,0.29780060706748523,FALSE,FALSE
2014-02-10,Weddell,0.25937543,-0.05421375220722779,0.05421375220722779,0.29780060706748523,FALSE,FALSE
2014-02-11,Weddell,0.242525369,-0.06678460658405877,0.06678460658405877,0.29780060706748523,FALSE,FALSE
2014-02-12,Weddell,0.231961138,-0.07330158469877796,0.07330158469877796,0.29780060706748523,FALSE,FALSE
2014-02-13,Weddell,0.210795166,-0.09066072309191216,0.09066072309191216,0.29780060706748523,FALSE,FALSE
2014-02-14,Weddell,0.223424062,-0.0744738783039873,0.0744738783039873,0.29780060706748523,FALSE,FALSE
2014-02-15,Weddell,0.212214402,-0.08238293987552978,0.08238293987552978,0.29780060706748523,FALSE,FALSE
2014-02-16,Weddell,0.211571495,-0.07999106434706599,0.07999106434706599,0.29780060706748523,FALSE,FALSE
2014-02-17,Weddell,0.205273733,-0.0835283252591219,0.0835283252591219,0.29780060706748523,FALSE,FALSE
2014-02-18,Weddell,0.195950546,-0.09037375815222436,0.09037375815222436,0.29780060706748523,FALSE,FALSE
2014-02-19,Weddell,0.172759923,-0.11137783956689933,0.11137783956689933,0.29780060706748523,FALSE,FALSE
2014-02-20,Weddell,0.15206183,-0.13018906904367267,0.13018906904367267,0.29780060706748523,FALSE,FALSE
2014-02-21,Weddell,0.157067448,-0.12360425870243386,0.12360425870243386,0.29780060706748523,FALSE,FALSE
2014-02-22,Weddell,0.150198305,-0.12920414620855455,0.12920414620855455,0.29780060706748523,FALSE,FALSE
2014-02-23,Weddell,0.155183842,-0.12325774607472435,0.12325774607472435,0.29780060706748523,FALSE,FALSE
2014-02-24,Weddell,0.148282126,-0.12950537793761127,0.12950537793761127,0.29780060706748523,FALSE,FALSE
2014-02-25,Weddell,0.132703551,-0.14473503443388283,0.14473503443388283,0.29780060706748523,FALSE,FALSE
2014-02-26,Weddell,0.142883904,-0.1345093152002068,0.1345093152002068,0.29780060706748523,FALSE,FALSE
2014-02-27,Weddell,0.15794958,-0.11970021187325044,0.11970021187325044,0.29780060706748523,FALSE,FALSE
2014-02-28,Weddell,0.178481222,-0.09972546808968152,0.09972546808968152,0.29780060706748523,FALSE,FALSE
2014-03-01,Weddell,0.181074944,-0.09798735648616794,0.09798735648616794,0.29780060706748523,FALSE,FALSE
2014-03-02,Weddell,0.178596299,-0.10161871069937692,0.10161871069937692,0.29780060706748523,FALSE,FALSE
2014-03-03,Weddell,0.184092638,-0.0975705663659762,0.0975705663659762,0.29780060706748523,FALSE,FALSE
2014-03-04,Weddell,0.191669389,-0.0917358821226332,0.0917358821226332,0.29780060706748523,FALSE,FALSE
2014-03-05,Weddell,0.211368112,-0.07407148373392347,0.07407148373392347,0.29780060706748523,FALSE,FALSE
2014-03-06,Weddell,0.237275956,-0.05048536389096597,0.05048536389096597,0.29780060706748523,FALSE,FALSE
2014-03-07,Weddell,0.264844267,-0.02551075681397041,0.02551075681397041,0.29780060706748523,FALSE,FALSE
2014-03-08,Weddell,0.298319088,0.00511594595036024,0.00511594595036024,0.29780060706748523,FALSE,FALSE
2014-03-09,Weddell,0.304001858,0.00771374885532188,0.00771374885532188,0.29780060706748523,FALSE,FALSE
2014-03-10,Weddell,0.311424055,0.01183169535421002,0.01183169535421002,0.29780060706748523,FALSE,FALSE
2014-03-11,Weddell,0.365342091,0.06224376290032168,0.06224376290032168,0.29780060706748523,FALSE,FALSE
2014-03-12,Weddell,0.438235992,0.1314475429469531,0.1314475429469531,0.29780060706748523,FALSE,FALSE
2014-03-13,Weddell,0.48664487,0.17599971294739952,0.17599971294739952,0.29780060706748523,FALSE,FALSE
2014-03-14,Weddell,0.516919912,0.2022690253549579,0.2022690253549579,0.29780060706748523,FALSE,FALSE
2014-03-15,Weddell,0.499489913,0.1807018406229242,0.1807018406229242,0.29780060706748523,FALSE,FALSE
2014-03-16,Weddell,0.448562735,0.12552358620459442,0.12552358620459442,0.29780060706748523,FALSE,FALSE
2014-03-17,Weddell,0.422317161,0.0949306105532649,0.0949306105532649,0.29780060706748523,FALSE,FALSE
2014-03-18,Weddell,0.416509854,0.08469686335734766,0.08469686335734766,0.29780060706748523,FALSE,FALSE
2014-03-19,Weddell,0.42271323,0.08640508519289097,0.08640508519289097,0.29780060706748523,FALSE,FALSE
2014-03-20,Weddell,0.458693541,0.117824570208103,0.117824570208103,0.29780060706748523,FALSE,FALSE
2014-03-21,Weddell,0.484531977,0.1390392076825725,0.1390392076825725,0.29780060706748523,FALSE,FALSE
2014-03-22,Weddell,0.515085992,0.1649091508958888,0.1649091508958888,0.29780060706748523,FALSE,FALSE
2014-03-23,Weddell,0.505717338,0.15079885112764108,0.15079885112764108,0.29780060706748523,FALSE,FALSE
2014-03-24,Weddell,0.500752908,0.1410379006574191,0.1410379006574191,0.29780060706748523,FALSE,FALSE
2014-03-25,Weddell,0.503870184,0.1393064807648121,0.1393064807648121,0.29780060706748523,FALSE,FALSE
2014-03-26,Weddell,0.534408767,0.16494689172940868,0.16494689172940868,0.29780060706748523,FALSE,FALSE
2014-03-27,Weddell,0.561753405,0.1873465808307987,0.1873465808307987,0.29780060706748523,FALSE,FALSE
2014-03-28,Weddell,0.559253002,0.17985715134857133,0.17985715134857133,0.29780060706748523,FALSE,FALSE
2014-03-29,Weddell,0.548703117,0.16427686156231608,0.16427686156231608,0.29780060706748523,FALSE,FALSE
2014-03-30,Weddell,0.569822406,0.18032706675162197,0.18032706675162197,0.29780060706748523,FALSE,FALSE
2014-03-31,Weddell,0.566671558,0.17206950400839766,0.17206950400839766,0.29780060706748523,FALSE,FALSE
2014-04-01,Weddell,0.559784218,0.1600298409778259,0.1600298409778259,0.29780060706748523,FALSE,FALSE
2014-04-02,Weddell,0.542972909,0.13800955504213636,0.13800955504213636,0.29780060706748523,FALSE,FALSE
2014-04-03,Weddell,0.547310296,0.13707026304702818,0.13707026304702818,0.29780060706748523,FALSE,FALSE
2014-04-04,Weddell,0.537929104,0.12233364183820016,0.12233364183820016,0.29780060706748523,FALSE,FALSE
2014-04-05,Weddell,0.52175557,0.10071488026135111,0.10071488026135111,0.29780060706748523,FALSE,FALSE
2014-04-06,Weddell,0.518015519,0.09142875516218146,0.09142875516218146,0.29780060706748523,FALSE,FALSE
2014-04-07,Weddell,0.511839338,0.07959460538638896,0.07959460538638896,0.29780060706748523,FALSE,FALSE
2014-04-08,Weddell,0.508795436,0.07076979177967352,0.07076979177967352,0.29780060706748523,FALSE,FALSE
2014-04-09,Weddell,0.519465106,0.07552455918773343,0.07552455918773343,0.29780060706748523,FALSE,FALSE
2014-04-10,Weddell,0.528194768,0.07819427945626878,0.07819427945626878,0.29780060706748523,FALSE,FALSE
2014-04-11,Weddell,0.557934015,0.10171749743097735,0.10171749743097735,0.29780060706748523,FALSE,FALSE
2014-04-12,Weddell,0.592731788,0.13013227266017435,0.13013227266017435,0.29780060706748523,FALSE,FALSE
2014-04-13,Weddell,0.600179015,0.1310305326263954,0.1310305326263954,0.29780060706748523,FALSE,FALSE
2014-04-14,Weddell,0.590253959,0.11441112542568029,0.11441112542568029,0.29780060706748523,FALSE,FALSE
2014-04-15,Weddell,0.572357912,0.08969775753804499,0.08969775753804499,0.29780060706748523,FALSE,FALSE
2014-04-16,Weddell,0.576060177,0.08648214644350405,0.08648214644350405,0.29780060706748523,FALSE,FALSE
2014-04-17,Weddell,0.609430481,0.11285643362207232,0.11285643362207232,0.29780060706748523,FALSE,FALSE
2014-04-18,Weddell,0.618719087,0.1150932965537652,0.1150932965537652,0.29780060706748523,FALSE,FALSE
2014-04-19,Weddell,0.577224987,0.06651414171859737,0.06651414171859737,0.29780060706748523,FALSE,FALSE
2014-04-20,Weddell,0.545450809,0.0276440115965838,0.0276440115965838,0.29780060706748523,FALSE,FALSE
2014-04-21,Weddell,0.524878391,-1.2841332260427052e-5,1.2841332260427052e-5,0.29780060706748523,FALSE,FALSE
2014-04-22,Weddell,0.485665815,-0.04627592058792057,0.04627592058792057,0.29780060706748523,FALSE,FALSE
2014-04-23,Weddell,0.456370166,-0.08256572669038131,0.08256572669038131,0.29780060706748523,FALSE,FALSE
2014-04-24,Weddell,0.448870994,-0.0969802951596283,0.0969802951596283,0.29780060706748523,FALSE,FALSE
2014-04-25,Weddell,0.454485324,-0.0981822039195765,0.0981822039195765,0.29780060706748523,FALSE,FALSE
2014-04-26,Weddell,0.489311397,-0.07007197511227464,0.07007197511227464,0.29780060706748523,FALSE,FALSE
2014-04-27,Weddell,0.514890824,-0.05111734892836805,0.05111734892836805,0.29780060706748523,FALSE,FALSE
2014-04-28,Weddell,0.503741398,-0.06880999509190089,0.06880999509190089,0.29780060706748523,FALSE,FALSE
2014-04-29,Weddell,0.508132572,-0.07088992332691768,0.07088992332691768,0.29780060706748523,FALSE,FALSE
2014-04-30,Weddell,0.524971146,-0.06045979635746323,0.06045979635746323,0.29780060706748523,FALSE,FALSE
2014-05-01,Weddell,0.549178148,-0.04260804890758185,0.04260804890758185,0.29780060706748523,FALSE,FALSE
2014-05-02,Weddell,0.594551329,-0.00354639270131795,0.00354639270131795,0.29780060706748523,FALSE,FALSE
2014-05-03,Weddell,0.663421381,0.05904640153728446,0.05904640153728446,0.29780060706748523,FALSE,FALSE
2014-05-04,Weddell,0.668923316,0.05829588308418054,0.05829588308418054,0.29780060706748523,FALSE,FALSE
2014-05-05,Weddell,0.634718721,0.01785417621532536,0.01785417621532536,0.29780060706748523,FALSE,FALSE
2014-05-06,Weddell,0.612308506,-0.01078727179332506,0.01078727179332506,0.29780060706748523,FALSE,FALSE
2014-05-07,Weddell,0.607334757,-0.02199584549439248,0.02199584549439248,0.29780060706748523,FALSE,FALSE
2014-05-08,Weddell,0.556885929,-0.07869692499481662,0.07869692499481662,0.29780060706748523,FALSE,FALSE
2014-05-09,Weddell,0.536002017,-0.10587596654279297,0.10587596654279297,0.29780060706748523,FALSE,FALSE
2014-05-10,Weddell,0.546373636,-0.10186971766033737,0.10186971766033737,0.29780060706748523,FALSE,FALSE
2014-05-11,Weddell,0.5822713,-0.07243502686946701,0.07243502686946701,0.29780060706748523,FALSE,FALSE
2014-05-12,Weddell,0.632286133,-0.02900813269219726,0.02900813269219726,0.29780060706748523,FALSE,FALSE
2014-05-13,Weddell,0.717053553,0.049019020349453817,0.049019020349453817,0.29780060706748523,FALSE,FALSE
2014-05-14,Weddell,0.753737916,0.07878342573347075,0.07878342573347075,0.29780060706748523,FALSE,FALSE
2014-05-15,Weddell,0.735834494,0.05375299293783708,0.05375299293783708,0.29780060706748523,FALSE,FALSE
2014-05-16,Weddell,0.712981383,0.02353845544053601,0.02353845544053601,0.29780060706748523,FALSE,FALSE
2014-05-17,Weddell,0.695045827,-0.0020203052804486,0.0020203052804486,0.29780060706748523,FALSE,FALSE
2014-05-18,Weddell,0.69123765,-0.01374082774713336,0.01374082774713336,0.29780060706748523,FALSE,FALSE
2014-05-19,Weddell,0.710253079,-0.00295424748153472,0.00295424748153472,0.29780060706748523,FALSE,FALSE
2014-05-20,Weddell,0.738678521,0.01690035965747283,0.01690035965747283,0.29780060706748523,FALSE,FALSE
2014-05-21,Weddell,0.79694627,0.06626410361543333,0.06626410361543333,0.29780060706748523,FALSE,FALSE
2014-05-22,Weddell,0.772299528,0.03241896864726079,0.03241896864726079,0.29780060706748523,FALSE,FALSE
2014-05-23,Weddell,0.75991393,0.01058038021585605,0.01058038021585605,0.29780060706748523,FALSE,FALSE
2014-05-24,Weddell,0.748182219,-0.01081912821587782,0.01081912821587782,0.29780060706748523,FALSE,FALSE
2014-05-25,Weddell,0.728413262,-0.04043089918503873,0.04043089918503873,0.29780060706748523,FALSE,FALSE
2014-05-26,Weddell,0.741800412,-0.03702178922872512,0.03702178922872512,0.29780060706748523,FALSE,FALSE
2014-05-27,Weddell,0.760291168,-0.02860450888403443,0.02860450888403443,0.29780060706748523,FALSE,FALSE
2014-05-28,Weddell,0.765892628,-0.03313216968806487,0.03313216968806487,0.29780060706748523,FALSE,FALSE
2014-05-29,Weddell,0.765897127,-0.0432726461779136,0.0432726461779136,0.29780060706748523,FALSE,FALSE
2014-05-30,Weddell,0.827655951,0.00836513810932071,0.00836513810932071,0.29780060706748523,FALSE,FALSE
2014-05-31,Weddell,0.848595158,0.01924703163654073,0.01924703163654073,0.29780060706748523,FALSE,FALSE
2014-06-01,Weddell,0.844261717,0.00495979386664813,0.00495979386664813,0.29780060706748523,FALSE,FALSE
2014-06-02,Weddell,0.815271328,-0.03384927341695065,0.03384927341695065,0.29780060706748523,FALSE,FALSE
2014-06-03,Weddell,0.806004515,-0.05280437162439799,0.05280437162439799,0.29780060706748523,FALSE,FALSE
2014-06-04,Weddell,0.789942681,-0.07843889339140442,0.07843889339140442,0.29780060706748523,FALSE,FALSE
2014-06-05,Weddell,0.813982889,-0.06387057172670618,0.06387057172670618,0.29780060706748523,FALSE,FALSE
2014-06-06,Weddell,0.870191526,-0.01704781563904178,0.01704781563904178,0.29780060706748523,FALSE,FALSE
2014-06-07,Weddell,0.924179324,0.02762531086285336,0.02762531086285336,0.29780060706748523,FALSE,FALSE
2014-06-08,Weddell,0.943788002,0.03797573077024052,0.03797573077024052,0.29780060706748523,FALSE,FALSE
2014-06-09,Weddell,0.971413557,0.05638464507438368,0.05638464507438368,0.29780060706748523,FALSE,FALSE
2014-06-10,Weddell,0.975718592,0.05149986076654522,0.05149986076654522,0.29780060706748523,FALSE,FALSE
2014-06-11,Weddell,0.978139021,0.04474249583798917,0.04474249583798917,0.29780060706748523,FALSE,FALSE
2014-06-12,Weddell,0.955928969,0.01335187927997705,0.01335187927997705,0.29780060706748523,FALSE,FALSE
2014-06-13,Weddell,0.950963892,-8.113289162275938e-4,8.113289162275938e-4,0.29780060706748523,FALSE,FALSE
2014-06-14,Weddell,0.936911053,-0.02409424737945109,0.02409424737945109,0.29780060706748523,FALSE,FALSE
2014-06-15,Weddell,0.960975387,-0.00928805515347097,0.00928805515347097,0.29780060706748523,FALSE,FALSE
2014-06-16,Weddell,0.97324496,-0.00627573979297202,0.00627573979297202,0.29780060706748523,FALSE,FALSE
2014-06-17,Weddell,0.965894823,-0.02285148817746929,0.02285148817746929,0.29780060706748523,FALSE,FALSE
2014-06-18,Weddell,0.933416366,-0.0644931481864831,0.0644931481864831,0.29780060706748523,FALSE,FALSE
2014-06-19,Weddell,0.922267724,-0.08471182269952904,0.08471182269952904,0.29780060706748523,FALSE,FALSE
2014-06-20,Weddell,0.954207765,-0.06171788159612479,0.06171788159612479,0.29780060706748523,FALSE,FALSE
2014-06-21,Weddell,1.050917613,0.02620056124421155,0.02620056124421155,0.29780060706748523,FALSE,FALSE
2014-06-22,Weddell,1.05579371,0.02247070994196365,0.02247070994196365,0.29780060706748523,FALSE,FALSE
2014-06-23,Weddell,1.06012255,0.01840982061761309,0.01840982061761309,0.29780060706748523,FALSE,FALSE
2014-06-24,Weddell,1.097371216,0.04751573839164291,0.04751573839164291,0.29780060706748523,FALSE,FALSE
2014-06-25,Weddell,1.126021079,0.06830059638453534,0.06830059638453534,0.29780060706748523,FALSE,FALSE
2014-06-26,Weddell,1.148522747,0.08324576471677281,0.08324576471677281,0.29780060706748523,FALSE,FALSE
2014-06-27,Weddell,1.157046784,0.0845484451323868,0.0845484451323868,0.29780060706748523,FALSE,FALSE
2014-06-28,Weddell,1.153974689,0.07458560850288487,0.07458560850288487,0.29780060706748523,FALSE,FALSE
2014-06-29,Weddell,1.178312088,0.09234411178754454,0.09234411178754454,0.29780060706748523,FALSE,FALSE
2014-06-30,Weddell,1.1952551279999999,0.10300125972584252,0.10300125972584252,0.29780060706748523,FALSE,FALSE
2014-07-01,Weddell,1.204904817,0.10663921805725574,0.10663921805725574,0.29780060706748523,FALSE,FALSE
2014-07-02,Weddell,1.22975165,0.1257296395212606,0.1257296395212606,0.29780060706748523,FALSE,FALSE
2014-07-03,Weddell,1.269892933,0.1603509878573346,0.1603509878573346,0.29780060706748523,FALSE,FALSE
2014-07-04,Weddell,1.284508653,0.16966440780495318,0.16966440780495318,0.29780060706748523,FALSE,FALSE
2014-07-05,Weddell,1.306273057,0.18632530410359371,0.18632530410359371,0.29780060706748523,FALSE,FALSE
2014-07-06,Weddell,1.338376091,0.21350478049273303,0.21350478049273303,0.29780060706748523,FALSE,FALSE
2014-07-07,Weddell,1.375879865,0.24624610471184735,0.24624610471184735,0.29780060706748523,FALSE,FALSE
2014-07-08,Weddell,1.368626447,0.23437250250041308,0.23437250250041308,0.29780060706748523,FALSE,FALSE
2014-07-09,Weddell,1.343846864,0.20509616613312076,0.20509616613312076,0.29780060706748523,FALSE,FALSE
2014-07-10,Weddell,1.339611191,0.19646980144875692,0.19646980144875692,0.29780060706748523,FALSE,FALSE
2014-07-11,Weddell,1.330560461,0.1831202796356823,0.1831202796356823,0.29780060706748523,FALSE,FALSE
2014-07-12,Weddell,1.346869518,0.1952087073310549,0.1952087073310549,0.29780060706748523,FALSE,FALSE
2014-07-13,Weddell,1.364410606,0.2085935911720316,0.2085935911720316,0.29780060706748523,FALSE,FALSE
2014-07-14,Weddell,1.369242572,0.20932004079577027,0.20932004079577027,0.29780060706748523,FALSE,FALSE
2014-07-15,Weddell,1.374077617,0.21008651983942728,0.21008651983942728,0.29780060706748523,FALSE,FALSE
2014-07-16,Weddell,1.370457276,0.20242082594016095,0.20242082594016095,0.29780060706748523,FALSE,FALSE
2014-07-17,Weddell,1.367410877,0.1953385497351272,0.1953385497351272,0.29780060706748523,FALSE,FALSE
2014-07-18,Weddell,1.343813722,0.16770125586148563,0.16770125586148563,0.29780060706748523,FALSE,FALSE
2014-07-19,Weddell,1.320791865,0.14062126095639085,0.14062126095639085,0.29780060706748523,FALSE,FALSE
2014-07-20,Weddell,1.305600327,0.12133984865700276,0.12133984865700276,0.29780060706748523,FALSE,FALSE
2014-07-21,Weddell,1.340056462,0.15166063560047682,0.15166063560047682,0.29780060706748523,FALSE,FALSE
2014-07-22,Weddell,1.374414849,0.1818255068746566,0.1818255068746566,0.29780060706748523,FALSE,FALSE
2014-07-23,Weddell,1.428134757,0.23129543958434473,0.23129543958434473,0.29780060706748523,FALSE,FALSE
2014-07-24,Weddell,1.488325171,0.28719162503606155,0.28719162503606155,0.29780060706748523,FALSE,FALSE
2014-07-25,Weddell,1.49246745,0.2870078666763922,0.2870078666763922,0.29780060706748523,FALSE,FALSE
2014-07-26,Weddell,1.479766315,0.2699613299519237,0.2699613299519237,0.29780060706748523,FALSE,FALSE
2014-07-27,Weddell,1.448418861,0.2342615543092388,0.2342615543092388,0.29780060706748523,FALSE,FALSE
2014-07-28,Weddell,1.429136064,0.2106319601949247,0.2106319601949247,0.29780060706748523,FALSE,FALSE
2014-07-29,Weddell,1.431599186,0.2087662540555677,0.2087662540555677,0.29780060706748523,FALSE,FALSE
2014-07-30,Weddell,1.444300733,0.21716938633775176,0.21716938633775176,0.29780060706748523,FALSE,FALSE
2014-07-31,Weddell,1.461731834,0.23034493048806204,0.23034493048806204,0.29780060706748523,FALSE,FALSE
2014-08-01,Weddell,1.471449021,0.23586186295308553,0.23586186295308553,0.29780060706748523,FALSE,FALSE
2014-08-02,Weddell,1.512356647,0.27263698117940605,0.27263698117940605,0.29780060706748523,FALSE,FALSE
2014-08-03,Weddell,1.539955567,0.2961835844830367,0.2961835844830367,0.29780060706748523,FALSE,FALSE
2014-08-04,Weddell,1.535753807,0.28801861821450525,0.28801861821450525,0.29780060706748523,FALSE,FALSE
2014-08-05,Weddell,1.509917858,0.2583047768122182,0.2583047768122182,0.29780060706748523,FALSE,FALSE
2014-08-06,Weddell,1.48705798,0.23164565736244636,0.23164565736244636,0.29780060706748523,FALSE,FALSE
2014-08-07,Weddell,1.469049362,0.20990978595145823,0.20990978595145823,0.29780060706748523,FALSE,FALSE
2014-08-08,Weddell,1.481159539,0.21835803466552495,0.21835803466552495,0.29780060706748523,FALSE,FALSE
2014-08-09,Weddell,1.507005689,0.2406009185909146,0.2406009185909146,0.29780060706748523,FALSE,FALSE
2014-08-10,Weddell,1.530313137,0.26035709981389776,0.26035709981389776,0.29780060706748523,FALSE,FALSE
2014-08-11,Weddell,1.551862569,0.2784006014207441,0.2784006014207441,0.29780060706748523,FALSE,FALSE
2014-08-12,Weddell,1.582969904,0.3060406794977226,0.3060406794977226,0.29780060706748523,TRUE,FALSE
2014-08-13,Weddell,1.575154518,0.2947900471311049,0.2947900471311049,0.29780060706748523,FALSE,FALSE
2014-08-14,Weddell,1.591955884,0.30818151440715846,0.30818151440715846,0.29780060706748523,TRUE,TRUE
2014-08-15,Weddell,1.606408123,0.3192425394121534,0.3192425394121534,0.29780060706748523,TRUE,TRUE
2014-08-16,Weddell,1.62924774,0.3387035131819258,0.3387035131819258,0.29780060706748523,TRUE,TRUE
2014-08-17,Weddell,1.650103815,0.356203717822678,0.356203717822678,0.29780060706748523,TRUE,TRUE
2014-08-18,Weddell,1.65843782,0.361233502469946,0.361233502469946,0.29780060706748523,TRUE,TRUE
2014-08-19,Weddell,1.6691586,0.3687316126991478,0.3687316126991478,0.29780060706748523,TRUE,TRUE
2014-08-20,Weddell,1.660761109,0.35722290308569993,0.35722290308569993,0.29780060706748523,TRUE,TRUE
2014-08-21,Weddell,1.624839926,0.3183318532050181,0.3183318532050181,0.29780060706748523,TRUE,TRUE
2014-08-22,Weddell,1.599650312,0.29034362463252217,0.29034362463252217,0.29780060706748523,FALSE,FALSE
2014-08-23,Weddell,1.553965378,0.24206122894362656,0.24206122894362656,0.29780060706748523,FALSE,FALSE
2014-08-24,Weddell,1.52402272,0.2097521627137504,0.2097521627137504,0.29780060706748523,FALSE,FALSE
2014-08-25,Weddell,1.487386555,0.17101054351830913,0.17101054351830913,0.29780060706748523,FALSE,FALSE
2014-08-26,Weddell,1.455437312,0.1372467009327205,0.1372467009327205,0.29780060706748523,FALSE,FALSE
2014-08-27,Weddell,1.420384574,0.10070011853240211,0.10070011853240211,0.29780060706748523,FALSE,FALSE
2014-08-28,Weddell,1.389378522,0.06855087789277037,0.06855087789277037,0.29780060706748523,FALSE,FALSE
2014-08-29,Weddell,1.356644172,0.0350482185832266,0.0350482185832266,0.29780060706748523,FALSE,FALSE
2014-08-30,Weddell,1.319619493,-0.00238016994357859,0.00238016994357859,0.29780060706748523,FALSE,FALSE
2014-08-31,Weddell,1.285118547,-0.03694346915510183,0.03694346915510183,0.29780060706748523,FALSE,FALSE
2014-09-01,Weddell,1.245640992,-0.07616528777181397,0.07616528777181397,0.29780060706748523,FALSE,FALSE
2014-09-02,Weddell,1.203452217,-0.11780350351418711,0.11780350351418711,0.29780060706748523,FALSE,FALSE
2014-09-03,Weddell,1.158240297,-0.16219330810269428,0.16219330810269428,0.29780060706748523,FALSE,FALSE
2014-09-04,Weddell,1.117384239,-0.20197896125780623,0.20197896125780623,0.29780060706748523,FALSE,FALSE
2014-09-05,Weddell,1.121758519,-0.19630925369999508,0.19630925369999508,0.29780060706748523,FALSE,FALSE
2014-09-06,Weddell,1.135505018,-0.18106557114973332,0.18106557114973332,0.29780060706748523,FALSE,FALSE
2014-09-07,Weddell,1.12034279,-0.19455212632749252,0.19455212632749252,0.29780060706748523,FALSE,FALSE
2014-09-08,Weddell,1.102168348,-0.210895672953745,0.210895672953745,0.29780060706748523,FALSE,FALSE
2014-09-09,Weddell,1.120796911,-0.19030425874896184,0.19030425874896184,0.29780060706748523,FALSE,FALSE
2014-09-10,Weddell,1.148191567,-0.16083795046841587,0.16083795046841587,0.29780060706748523,FALSE,FALSE
2014-09-11,Weddell,1.107196308,-0.19966528182721557,0.19966528182721557,0.29780060706748523,FALSE,FALSE
2014-09-12,Weddell,1.20050101,-0.10408966814367182,0.10408966814367182,0.29780060706748523,FALSE,FALSE
2014-09-13,Weddell,1.215813708,-0.08639434052179595,0.08639434052179595,0.29780060706748523,FALSE,FALSE
2014-09-14,Weddell,1.236426928,-0.06327803906559892,0.06327803906559892,0.29780060706748523,FALSE,FALSE
2014-09-15,Weddell,1.279473094,-0.01759960587909481,0.01759960587909481,0.29780060706748523,FALSE,FALSE
2014-09-16,Weddell,1.310997894,0.01669538093370604,0.01669538093370604,0.29780060706748523,FALSE,FALSE
2014-09-17,Weddell,1.397961105,0.10657543226879151,0.10657543226879151,0.29780060706748523,FALSE,FALSE
2014-09-18,Weddell,1.420830143,0.13251669802214883,0.13251669802214883,0.29780060706748523,FALSE,FALSE
2014-09-19,Weddell,1.404421825,0.11934472908976668,0.11934472908976668,0.29780060706748523,FALSE,FALSE
2014-09-20,Weddell,1.358522393,0.07685450136763317,0.07685450136763317,0.29780060706748523,FALSE,FALSE
2014-09-21,Weddell,1.287234212,0.00915711375173633,0.00915711375173633,0.29780060706748523,FALSE,FALSE
2014-09-22,Weddell,1.290401742,0.01610576013806364,0.01610576013806364,0.29780060706748523,FALSE,FALSE
2014-09-23,Weddell,1.312793171,0.04247519947690259,0.04247519947690259,0.29780060706748523,FALSE,FALSE
2014-09-24,Weddell,1.338729633,0.07256997995149472,0.07256997995149472,0.29780060706748523,FALSE,FALSE
2014-09-25,Weddell,1.352963231,0.09111157149422476,0.09111157149422476,0.29780060706748523,FALSE,FALSE
2014-09-26,Weddell,1.390658332,0.13323351093905167,0.13323351093905167,0.29780060706748523,FALSE,FALSE
2014-09-27,Weddell,1.402288409,0.14937844111993348,0.14937844111993348,0.29780060706748523,FALSE,FALSE
2014-09-28,Weddell,1.397729565,0.14939163487082707,0.14939163487082707,0.29780060706748523,FALSE,FALSE
2014-09-29,Weddell,1.369528917,0.12578937902569232,0.12578937902569232,0.29780060706748523,FALSE,FALSE
2014-09-30,Weddell,1.315795859,0.07665023741848653,0.07665023741848653,0.29780060706748523,FALSE,FALSE
2014-10-01,Weddell,1.247229436,0.01264242488316802,0.01264242488316802,0.29780060706748523,FALSE,FALSE
2014-10-02,Weddell,1.178563519,-0.05153101774630486,0.05153101774630486,0.29780060706748523,FALSE,FALSE
2014-10-03,Weddell,1.187383302,-0.03831572663597393,0.03831572663597393,0.29780060706748523,FALSE,FALSE
2014-10-04,Weddell,1.204904962,-0.01652635495188215,0.01652635495188215,0.29780060706748523,FALSE,FALSE
2014-10-05,Weddell,1.233267029,0.01594480702008072,0.01594480702008072,0.29780060706748523,FALSE,FALSE
2014-10-06,Weddell,1.267317665,0.05392705231640926,0.05392705231640926,0.29780060706748523,FALSE,FALSE
2014-10-07,Weddell,1.274426219,0.06480601637755212,0.06480601637755212,0.29780060706748523,FALSE,FALSE
2014-10-08,Weddell,1.261656235,0.05566796125578732,0.05566796125578732,0.29780060706748523,FALSE,FALSE
2014-10-09,Weddell,1.289585672,0.08711356400338888,0.08711356400338888,0.29780060706748523,FALSE,FALSE
2014-10-10,Weddell,1.340239008,0.14119002067263486,0.14119002067263486,0.29780060706748523,FALSE,FALSE
2014-10-11,Weddell,1.357031735,0.16133554131579997,0.16133554131579997,0.29780060706748523,FALSE,FALSE
2014-10-12,Weddell,1.386580242,0.19418923298516175,0.19418923298516175,0.29780060706748523,FALSE,FALSE
2014-10-13,Weddell,1.405027135,0.21591641973299547,0.21591641973299547,0.29780060706748523,FALSE,FALSE
2014-10-14,Weddell,1.38501541,0.19918281561157847,0.19918281561157847,0.29780060706748523,FALSE,FALSE
2014-10-15,Weddell,1.382731989,0.20019806067318635,0.20019806067318635,0.29780060706748523,FALSE,FALSE
2014-10-16,Weddell,1.374903001,0.19571100197009583,0.19571100197009583,0.29780060706748523,FALSE,FALSE
2014-10-17,Weddell,1.328821093,0.15303700455458125,0.15303700455458125,0.29780060706748523,FALSE,FALSE
2014-10-18,Weddell,1.274120865,0.10183294320168956,0.10183294320168956,0.29780060706748523,FALSE,FALSE
2014-10-19,Weddell,1.231304549,0.06261390960939384,0.06261390960939384,0.29780060706748523,FALSE,FALSE
2014-10-20,Weddell,1.192655459,0.02766707651804045,0.02766707651804045,0.29780060706748523,FALSE,FALSE
2014-10-21,Weddell,1.163412778,0.00223512526716862,0.00223512526716862,0.29780060706748523,FALSE,FALSE
2014-10-22,Weddell,1.150084917,-0.00717003480368361,0.00717003480368361,0.29780060706748523,FALSE,FALSE
2014-10-23,Weddell,1.156820366,0.00360358464502241,0.00360358464502241,0.29780060706748523,FALSE,FALSE
2014-10-24,Weddell,1.15634294,0.00728329695282647,0.00728329695282647,0.29780060706748523,FALSE,FALSE
2014-10-25,Weddell,1.144768735,-1.1303540733420547e-5,1.1303540733420547e-5,0.29780060706748523,FALSE,FALSE
2014-10-26,Weddell,1.174138923,0.03376445350388146,0.03376445350388146,0.29780060706748523,FALSE,FALSE
2014-10-27,Weddell,1.224705277,0.08886583942620963,0.08886583942620963,0.29780060706748523,FALSE,FALSE
2014-10-28,Weddell,1.251299191,0.1201277465657915,0.1201277465657915,0.29780060706748523,FALSE,FALSE
2014-10-29,Weddell,1.258488699,0.13212170726216366,0.13212170726216366,0.29780060706748523,FALSE,FALSE
2014-10-30,Weddell,1.24745998,0.12603739885486576,0.12603739885486576,0.29780060706748523,FALSE,FALSE
2014-10-31,Weddell,1.169430654,0.05309528654085427,0.05309528654085427,0.29780060706748523,FALSE,FALSE
2014-11-01,Weddell,1.134849521,0.02374380060747083,0.02374380060747083,0.29780060706748523,FALSE,FALSE
2014-11-02,Weddell,1.110135015,0.00440001784675092,0.00440001784675092,0.29780060706748523,FALSE,FALSE
2014-11-03,Weddell,1.140148271,0.03992371578526499,0.03992371578526499,0.29780060706748523,FALSE,FALSE
2014-11-04,Weddell,1.162155763,0.06758001094958455,0.06758001094958455,0.29780060706748523,FALSE,FALSE
2014-11-05,Weddell,1.153035023,0.06424507786627953,0.06424507786627953,0.29780060706748523,FALSE,FALSE
2014-11-06,Weddell,1.13172077,0.04885227806192294,0.04885227806192294,0.29780060706748523,FALSE,FALSE
2014-11-07,Weddell,1.118996023,0.04218327306308311,0.04218327306308311,0.29780060706748523,FALSE,FALSE
2014-11-08,Weddell,1.105609705,0.03498562839633235,0.03498562839633235,0.29780060706748523,FALSE,FALSE
2014-11-09,Weddell,1.081832627,0.01752879758824099,0.01752879758824099,0.29780060706748523,FALSE,FALSE
2014-11-10,Weddell,1.054868539,-0.00298482683461975,0.00298482683461975,0.29780060706748523,FALSE,FALSE
2014-11-11,Weddell,1.049897555,-0.0013764883456786,0.0013764883456786,0.29780060706748523,FALSE,FALSE
2014-11-12,Weddell,1.04990241,0.00533528652219361,0.00533528652219361,0.29780060706748523,FALSE,FALSE
2014-11-13,Weddell,1.059005082,0.02127652157194548,0.02127652157194548,0.29780060706748523,FALSE,FALSE
2014-11-14,Weddell,1.082226299,0.05147996863969806,0.05147996863969806,0.29780060706748523,FALSE,FALSE
2014-11-15,Weddell,1.084758241,0.06115048961787073,0.06115048961787073,0.29780060706748523,FALSE,FALSE
2014-11-16,Weddell,1.079859139,0.06355899739888349,0.06355899739888349,0.29780060706748523,FALSE,FALSE
2014-11-17,Weddell,1.080504889,0.07169406987515647,0.07169406987515647,0.29780060706748523,FALSE,FALSE
2014-11-18,Weddell,1.095115237,0.0939881349391094,0.0939881349391094,0.29780060706748523,FALSE,FALSE
2014-11-19,Weddell,1.082293988,0.08905767948316201,0.08905767948316201,0.29780060706748523,FALSE,FALSE
2014-11-20,Weddell,1.073137133,0.08801137639973422,0.08801137639973422,0.29780060706748523,FALSE,FALSE
2014-11-21,Weddell,1.101906202,0.12512343758124556,0.12512343758124556,0.29780060706748523,FALSE,FALSE
2014-11-22,Weddell,1.110383442,0.14218879192011635,0.14218879192011635,0.29780060706748523,FALSE,FALSE
2014-11-23,Weddell,1.099427799,0.14007906730876618,0.14007906730876618,0.29780060706748523,FALSE,FALSE
2014-11-24,Weddell,1.071936987,0.12170465963961465,0.12170465963961465,0.29780060706748523,FALSE,FALSE
2014-11-25,Weddell,1.052969783,0.11213464319881772,0.11213464319881772,0.29780060706748523,FALSE,FALSE
2014-11-26,Weddell,1.018072609,0.08690556867226928,0.08690556867226928,0.29780060706748523,FALSE,FALSE
2014-11-27,Weddell,0.974694812,0.05344677045077928,0.05344677045077928,0.29780060706748523,FALSE,FALSE
2014-11-28,Weddell,0.959464207,0.04836597411073495,0.04836597411073495,0.29780060706748523,FALSE,FALSE
2014-11-29,Weddell,0.930036883,0.0292991792285252,0.0292991792285252,0.29780060706748523,FALSE,FALSE
2014-11-30,Weddell,0.904305202,0.0141186583805386,0.0141186583805386,0.29780060706748523,FALSE,FALSE
2014-12-01,Weddell,0.902470382,0.02300554014316269,0.02300554014316269,0.29780060706748523,FALSE,FALSE
2014-12-02,Weddell,0.896321811,0.02772912309278574,0.02772912309278574,0.29780060706748523,FALSE,FALSE
2014-12-03,Weddell,0.893882638,0.03629246680579667,0.03629246680579667,0.29780060706748523,FALSE,FALSE
2014-12-04,Weddell,0.86127177,0.01479438885858297,0.01479438885858297,0.29780060706748523,FALSE,FALSE
2014-12-05,Weddell,0.837293182,0.00201877482753309,0.00201877482753309,0.29780060706748523,FALSE,FALSE
2014-12-06,Weddell,0.816377133,-0.00762420571096422,0.00762420571096422,0.29780060706748523,FALSE,FALSE
2014-12-07,Weddell,0.799116077,-0.01356218596208302,0.01356218596208302,0.29780060706748523,FALSE,FALSE
2014-12-08,Weddell,0.780563046,-0.02076153245675316,0.02076153245675316,0.29780060706748523,FALSE,FALSE
2014-12-09,Weddell,0.741614234,-0.04834378889649604,0.04834378889649604,0.29780060706748523,FALSE,FALSE
2014-12-10,Weddell,0.719492621,-0.05910346764130458,0.05910346764130458,0.29780060706748523,FALSE,FALSE
2014-12-11,Weddell,0.715804366,-0.05145190205116889,0.05145190205116889,0.29780060706748523,FALSE,FALSE
2014-12-12,Weddell,0.70088202,-0.05507403348608086,0.05507403348608086,0.29780060706748523,FALSE,FALSE
2014-12-13,Weddell,0.691591279,-0.05312165830603277,0.05312165830603277,0.29780060706748523,FALSE,FALSE
2014-12-14,Weddell,0.679856003,-0.05368840887101533,0.05368840887101533,0.29780060706748523,FALSE,FALSE
2014-12-15,Weddell,0.67368617,-0.04878179954102057,0.04878179954102057,0.29780060706748523,FALSE,FALSE
2014-12-16,Weddell,0.669344878,-0.04215622467604008,0.04215622467604008,0.29780060706748523,FALSE,FALSE
2014-12-17,Weddell,0.66323484,-0.03742646363606528,0.03742646363606528,0.29780060706748523,FALSE,FALSE
2014-12-18,Weddell,0.66198173,-0.02798433478108741,0.02798433478108741,0.29780060706748523,FALSE,FALSE
2014-12-19,Weddell,0.660729969,-0.01870290947109887,0.01870290947109887,0.29780060706748523,FALSE,FALSE
2014-12-20,Weddell,0.653842493,-0.01523615895367025,0.01523615895367025,0.29780060706748523,FALSE,FALSE
2014-12-21,Weddell,0.644514904,-0.01439613672118222,0.01439613672118222,0.29780060706748523,FALSE,FALSE
2014-12-22,Weddell,0.618316069,-0.03061424632075593,0.03061424632075593,0.29780060706748523,FALSE,FALSE
2014-12-23,Weddell,0.605958791,-0.03317774950381291,0.03317774950381291,0.29780060706748523,FALSE,FALSE
2014-12-24,Weddell,0.601506907,-0.0280228740217765,0.0280228740217765,0.29780060706748523,FALSE,FALSE
2014-12-25,Weddell,0.597029473,-0.02308062862606852,0.02308062862606852,0.29780060706748523,FALSE,FALSE
2014-12-26,Weddell,0.588085599,-0.02279196806811301,0.02279196806811301,0.29780060706748523,FALSE,FALSE
2014-12-27,Weddell,0.581831886,-0.02000035609933181,0.02000035609933181,0.29780060706748523,FALSE,FALSE
2014-12-28,Weddell,0.564322416,-0.02865177547114683,0.02865177547114683,0.29780060706748523,FALSE,FALSE
2014-12-29,Weddell,0.557474634,-0.02682884593498158,0.02682884593498158,0.29780060706748523,FALSE,FALSE
2014-12-30,Weddell,0.548967356,-0.02685281624225954,0.02685281624225954,0.29780060706748523,FALSE,FALSE
2014-12-31,Weddell,0.525442108,-0.04208222514440141,0.04208222514440141,0.29780060706748523,FALSE,FALSE
2015-01-01,Weddell,0.488896273,-0.07051975439283059,0.07051975439283059,0.29780060706748523,FALSE,FALSE
2015-01-02,Weddell,0.464042327,-0.08745163987456656,0.08745163987456656,0.29780060706748523,FALSE,FALSE
2015-01-03,Weddell,0.453440396,-0.09031105601901064,0.09031105601901064,0.29780060706748523,FALSE,FALSE
2015-01-04,Weddell,0.433484276,-0.10269615439116236,0.10269615439116236,0.29780060706748523,FALSE,FALSE
2015-01-05,Weddell,0.4265934,-0.1021794495560181,0.1021794495560181,0.29780060706748523,FALSE,FALSE
2015-01-06,Weddell,0.413337937,-0.1081827200785791,0.1081827200785791,0.29780060706748523,FALSE,FALSE
2015-01-07,Weddell,0.386785055,-0.1276307455238414,0.1276307455238414,0.29780060706748523,FALSE,FALSE
2015-01-08,Weddell,0.381177308,-0.12627291945680413,0.12627291945680413,0.29780060706748523,FALSE,FALSE
2015-01-09,Weddell,0.349651448,-0.15096443744246718,0.15096443744246718,0.29780060706748523,FALSE,FALSE
2015-01-10,Weddell,0.343995928,-0.1499087940458265,0.1499087940458265,0.29780060706748523,FALSE,FALSE
2015-01-11,Weddell,0.345249629,-0.14205905583188233,0.14205905583188233,0.29780060706748523,FALSE,FALSE
2015-01-12,Weddell,0.341420371,-0.13939935036563178,0.13939935036563178,0.29780060706748523,FALSE,FALSE
2015-01-13,Weddell,0.341423759,-0.13300602021207447,0.13300602021207447,0.29780060706748523,FALSE,FALSE
2015-01-14,Weddell,0.338259606,-0.1298711834936665,0.1298711834936665,0.29780060706748523,FALSE,FALSE
2015-01-15,Weddell,0.335108468,-0.12680562529492834,0.12680562529492834,0.29780060706748523,FALSE,FALSE
2015-01-16,Weddell,0.333711587,-0.1220587055091794,0.1220587055091794,0.29780060706748523,FALSE,FALSE
2015-01-17,Weddell,0.337502989,-0.11218695328077805,0.11218695328077805,0.29780060706748523,FALSE,FALSE
2015-01-18,Weddell,0.336254483,-0.10740911475408238,0.10740911475408238,0.29780060706748523,FALSE,FALSE
2015-01-19,Weddell,0.330662224,-0.1070195900734508,0.1070195900734508,0.29780060706748523,FALSE,FALSE
2015-01-20,Weddell,0.332540697,-0.09919444938324072,0.09919444938324072,0.29780060706748523,FALSE,FALSE
2015-01-21,Weddell,0.318013601,-0.10780054882781091,0.10780054882781091,0.29780060706748523,FALSE,FALSE
2015-01-22,Weddell,0.318077115,-0.10183226455151896,0.10183226455151896,0.29780060706748523,FALSE,FALSE
2015-01-23,Weddell,0.313085135,-0.10092625569872347,0.10092625569872347,0.29780060706748523,FALSE,FALSE
2015-01-24,Weddell,0.3043462,-0.10376453841378208,0.10376453841378208,0.29780060706748523,FALSE,FALSE
2015-01-25,Weddell,0.296234366,-0.10596361184105337,0.10596361184105337,0.29780060706748523,FALSE,FALSE
2015-01-26,Weddell,0.289985995,-0.10627766912489434,0.10627766912489434,0.29780060706748523,FALSE,FALSE
2015-01-27,Weddell,0.282426002,-0.1078750225665921,0.1078750225665921,0.29780060706748523,FALSE,FALSE
2015-01-28,Weddell,0.276795872,-0.10752550352396167,0.10752550352396167,0.29780060706748523,FALSE,FALSE
2015-01-29,Weddell,0.264279164,-0.11406437010550058,0.11406437010550058,0.29780060706748523,FALSE,FALSE
2015-01-30,Weddell,0.266171119,-0.10621522258200512,0.10621522258200512,0.29780060706748523,FALSE,FALSE
2015-01-31,Weddell,0.260503331,-0.10596530822427096,0.10596530822427096,0.29780060706748523,FALSE,FALSE
2015-02-01,Weddell,0.261767179,-0.0988420893030949,0.0988420893030949,0.29780060706748523,FALSE,FALSE
2015-02-02,Weddell,0.261146133,-0.09368093708927244,0.09368093708927244,0.29780060706748523,FALSE,FALSE
2015-02-03,Weddell,0.260514753,-0.08862613285359994,0.08862613285359994,0.29780060706748523,FALSE,FALSE
2015-02-04,Weddell,0.257992397,-0.08557715986687359,0.08557715986687359,0.29780060706748523,FALSE,FALSE
2015-02-05,Weddell,0.252925689,-0.08520623539988909,0.08520623539988909,0.29780060706748523,FALSE,FALSE
2015-02-06,Weddell,0.254800763,-0.07804606672344294,0.07804606672344294,0.29780060706748523,FALSE,FALSE
2015-02-07,Weddell,0.253496854,-0.07423626010833123,0.07423626010833123,0.29780060706748523,FALSE,FALSE
2015-02-08,Weddell,0.250973833,-0.0718357615051271,0.0718357615051271,0.29780060706748523,FALSE,FALSE
2015-02-09,Weddell,0.244666995,-0.0734248820277596,0.0734248820277596,0.29780060706748523,FALSE,FALSE
2015-02-10,Weddell,0.230237855,-0.08335132720722782,0.08335132720722782,0.29780060706748523,FALSE,FALSE
2015-02-11,Weddell,0.227707576,-0.08160239958405877,0.08160239958405877,0.29780060706748523,FALSE,FALSE
2015-02-12,Weddell,0.231478811,-0.07378391169877796,0.07378391169877796,0.29780060706748523,FALSE,FALSE
2015-02-13,Weddell,0.23462837,-0.06682751909191217,0.06682751909191217,0.29780060706748523,FALSE,FALSE
2015-02-14,Weddell,0.231515068,-0.06638287230398732,0.06638287230398732,0.29780060706748523,FALSE,FALSE
2015-02-15,Weddell,0.224569746,-0.07002759587552979,0.07002759587552979,0.29780060706748523,FALSE,FALSE
2015-02-16,Weddell,0.222073481,-0.069489078347066,0.069489078347066,0.29780060706748523,FALSE,FALSE
2015-02-17,Weddell,0.218321549,-0.07048050925912192,0.07048050925912192,0.29780060706748523,FALSE,FALSE
2015-02-18,Weddell,0.218374432,-0.06794987215222437,0.06794987215222437,0.29780060706748523,FALSE,FALSE
2015-02-19,Weddell,0.210209296,-0.07392846656689933,0.07392846656689933,0.29780060706748523,FALSE,FALSE
2015-02-20,Weddell,0.203320334,-0.07893056504367268,0.07893056504367268,0.29780060706748523,FALSE,FALSE
2015-02-21,Weddell,0.207752996,-0.07291871070243386,0.07291871070243386,0.29780060706748523,FALSE,FALSE
2015-02-22,Weddell,0.21461806,-0.06478439120855456,0.06478439120855456,0.29780060706748523,FALSE,FALSE
2015-02-23,Weddell,0.220246638,-0.05819495007472436,0.05819495007472436,0.29780060706748523,FALSE,FALSE
2015-02-24,Weddell,0.21895724,-0.05883026393761126,0.05883026393761126,0.29780060706748523,FALSE,FALSE
2015-02-25,Weddell,0.217067737,-0.06037084843388282,0.06037084843388282,0.29780060706748523,FALSE,FALSE
2015-02-26,Weddell,0.217059362,-0.06033385720020681,0.06033385720020681,0.29780060706748523,FALSE,FALSE
2015-02-27,Weddell,0.214558391,-0.06309140087325046,0.06309140087325046,0.29780060706748523,FALSE,FALSE
2015-02-28,Weddell,0.207072326,-0.07113436408968152,0.07113436408968152,0.29780060706748523,FALSE,FALSE
2015-03-01,Weddell,0.193908837,-0.08515346348616792,0.08515346348616792,0.29780060706748523,FALSE,FALSE
2015-03-02,Weddell,0.19830437,-0.0819106396993769,0.0819106396993769,0.29780060706748523,FALSE,FALSE
2015-03-03,Weddell,0.197031926,-0.0846312783659762,0.0846312783659762,0.29780060706748523,FALSE,FALSE
2015-03-04,Weddell,0.204555044,-0.0788502271226332,0.0788502271226332,0.29780060706748523,FALSE,FALSE
2015-03-05,Weddell,0.224091004,-0.06134859173392346,0.06134859173392346,0.29780060706748523,FALSE,FALSE
2015-03-06,Weddell,0.232242001,-0.05551931889096598,0.05551931889096598,0.29780060706748523,FALSE,FALSE
2015-03-07,Weddell,0.231042505,-0.05931251881397043,0.05931251881397043,0.29780060706748523,FALSE,FALSE
2015-03-08,Weddell,0.241101701,-0.05210144104963976,0.05210144104963976,0.29780060706748523,FALSE,FALSE
2015-03-09,Weddell,0.271936153,-0.02435195614467811,0.02435195614467811,0.29780060706748523,FALSE,FALSE
2015-03-10,Weddell,0.278859388,-0.02073297164578996,0.02073297164578996,0.29780060706748523,FALSE,FALSE
2015-03-11,Weddell,0.286396498,-0.01670183009967829,0.01670183009967829,0.29780060706748523,FALSE,FALSE
2015-03-12,Weddell,0.281294074,-0.02549437505304691,0.02549437505304691,0.29780060706748523,FALSE,FALSE
2015-03-13,Weddell,0.276919117,-0.03372604005260049,0.03372604005260049,0.29780060706748523,FALSE,FALSE
2015-03-14,Weddell,0.286946617,-0.02770426964504208,0.02770426964504208,0.29780060706748523,FALSE,FALSE
2015-03-15,Weddell,0.314764639,-0.00402343337707578,0.00402343337707578,0.29780060706748523,FALSE,FALSE
2015-03-16,Weddell,0.322976804,-6.23447954055667e-5,6.23447954055667e-5,0.29780060706748523,FALSE,FALSE
2015-03-17,Weddell,0.331162294,0.00377574355326493,0.00377574355326493,0.29780060706748523,FALSE,FALSE
2015-03-18,Weddell,0.372678428,0.04086543735734765,0.04086543735734765,0.29780060706748523,FALSE,FALSE
2015-03-19,Weddell,0.390966003,0.05465785819289098,0.05465785819289098,0.29780060706748523,FALSE,FALSE
2015-03-20,Weddell,0.387835844,0.046966873208103,0.046966873208103,0.29780060706748523,FALSE,FALSE
2015-03-21,Weddell,0.342657947,-0.00283482231742748,0.00283482231742748,0.29780060706748523,FALSE,FALSE
2015-03-22,Weddell,0.343281798,-0.0068950431041112,0.0068950431041112,0.29780060706748523,FALSE,FALSE
2015-03-23,Weddell,0.321324398,-0.03359408887235887,0.03359408887235887,0.29780060706748523,FALSE,FALSE
2015-03-24,Weddell,0.288597318,-0.07111768934258095,0.07111768934258095,0.29780060706748523,FALSE,FALSE
2015-03-25,Weddell,0.281053818,-0.08350988523518793,0.08350988523518793,0.29780060706748523,FALSE,FALSE
2015-03-26,Weddell,0.291814421,-0.07764745427059128,0.07764745427059128,0.29780060706748523,FALSE,FALSE
2015-03-27,Weddell,0.317093025,-0.05731379916920137,0.05731379916920137,0.29780060706748523,FALSE,FALSE
2015-03-28,Weddell,0.31966837,-0.05972748065142874,0.05972748065142874,0.29780060706748523,FALSE,FALSE
2015-03-29,Weddell,0.31340021,-0.07102604543768387,0.07102604543768387,0.29780060706748523,FALSE,FALSE
2015-03-30,Weddell,0.314020635,-0.07547470424837804,0.07547470424837804,0.29780060706748523,FALSE,FALSE
2015-03-31,Weddell,0.334710422,-0.05989163199160235,0.05989163199160235,0.29780060706748523,FALSE,FALSE
2015-04-01,Weddell,0.369140348,-0.03061402902217408,0.03061402902217408,0.29780060706748523,FALSE,FALSE
2015-04-02,Weddell,0.406796886,0.00183353204213643,0.00183353204213643,0.29780060706748523,FALSE,FALSE
2015-04-03,Weddell,0.427517226,0.01727719304702812,0.01727719304702812,0.29780060706748523,FALSE,FALSE
2015-04-04,Weddell,0.41689944,0.00130397783820013,0.00130397783820013,0.29780060706748523,FALSE,FALSE
2015-04-05,Weddell,0.408125991,-0.01291469873864881,0.01291469873864881,0.29780060706748523,FALSE,FALSE
2015-04-06,Weddell,0.401876407,-0.02471035683781852,0.02471035683781852,0.29780060706748523,FALSE,FALSE
2015-04-07,Weddell,0.393745501,-0.03849923161361107,0.03849923161361107,0.29780060706748523,FALSE,FALSE
2015-04-08,Weddell,0.39618272,-0.04184292422032648,0.04184292422032648,0.29780060706748523,FALSE,FALSE
2015-04-09,Weddell,0.415584323,-0.02835622381226654,0.02835622381226654,0.29780060706748523,FALSE,FALSE
2015-04-10,Weddell,0.448166032,-0.00183445654373121,0.00183445654373121,0.29780060706748523,FALSE,FALSE
2015-04-11,Weddell,0.488832711,0.03261619343097738,0.03261619343097738,0.29780060706748523,FALSE,FALSE
2015-04-12,Weddell,0.48322729,0.020627774660174292,0.020627774660174292,0.29780060706748523,FALSE,FALSE
2015-04-13,Weddell,0.491330876,0.0221823936263954,0.0221823936263954,0.29780060706748523,FALSE,FALSE
2015-04-14,Weddell,0.490077572,0.01423473842568029,0.01423473842568029,0.29780060706748523,FALSE,FALSE
2015-04-15,Weddell,0.490700908,0.008040753538045,0.008040753538045,0.29780060706748523,FALSE,FALSE
2015-04-16,Weddell,0.501298933,0.01172090244350398,0.01172090244350398,0.29780060706748523,FALSE,FALSE
2015-04-17,Weddell,0.504410016,0.00783596862207236,0.00783596862207236,0.29780060706748523,FALSE,FALSE
2015-04-18,Weddell,0.50943768,0.00581188955376521,0.00581188955376521,0.29780060706748523,FALSE,FALSE
2015-04-19,Weddell,0.519417025,0.00870617971859732,0.00870617971859732,0.29780060706748523,FALSE,FALSE
2015-04-20,Weddell,0.514434752,-0.00337204540341617,0.00337204540341617,0.29780060706748523,FALSE,FALSE
2015-04-21,Weddell,0.528748394,0.00385716166773952,0.00385716166773952,0.29780060706748523,FALSE,FALSE
2015-04-22,Weddell,0.549258651,0.01731691541207947,0.01731691541207947,0.29780060706748523,FALSE,FALSE
2015-04-23,Weddell,0.556121383,0.01718549030961869,0.01718549030961869,0.29780060706748523,FALSE,FALSE
2015-04-24,Weddell,0.552379695,0.00652840584037162,0.00652840584037162,0.29780060706748523,FALSE,FALSE
2015-04-25,Weddell,0.545555819,-0.00711170891957646,0.00711170891957646,0.29780060706748523,FALSE,FALSE
2015-04-26,Weddell,0.538070518,-0.02131285411227457,0.02131285411227457,0.29780060706748523,FALSE,FALSE
2015-04-27,Weddell,0.524366822,-0.04164135092836807,0.04164135092836807,0.29780060706748523,FALSE,FALSE
2015-04-28,Weddell,0.508146678,-0.06440471509190082,0.06440471509190082,0.29780060706748523,FALSE,FALSE
2015-04-29,Weddell,0.501277872,-0.07774462332691767,0.07774462332691767,0.29780060706748523,FALSE,FALSE
2015-04-30,Weddell,0.506177945,-0.07925299735746327,0.07925299735746327,0.29780060706748523,FALSE,FALSE
2015-05-01,Weddell,0.508052342,-0.08373385490758178,0.08373385490758178,0.29780060706748523,FALSE,FALSE
2015-05-02,Weddell,0.519818488,-0.07827923370131795,0.07827923370131795,0.29780060706748523,FALSE,FALSE
2015-05-03,Weddell,0.585940112,-0.01843486746271561,0.01843486746271561,0.29780060706748523,FALSE,FALSE
2015-05-04,Weddell,0.587816942,-0.02281049091581943,0.02281049091581943,0.29780060706748523,FALSE,FALSE
2015-05-05,Weddell,0.567940486,-0.04892405878467465,0.04892405878467465,0.29780060706748523,FALSE,FALSE
2015-05-06,Weddell,0.56734525,-0.05575052779332501,0.05575052779332501,0.29780060706748523,FALSE,FALSE
2015-05-07,Weddell,0.540012458,-0.08931814449439246,0.08931814449439246,0.29780060706748523,FALSE,FALSE
2015-05-08,Weddell,0.516990699,-0.11859215499481655,0.11859215499481655,0.29780060706748523,FALSE,FALSE
2015-05-09,Weddell,0.492069143,-0.14980884054279303,0.14980884054279303,0.29780060706748523,FALSE,FALSE
2015-05-10,Weddell,0.455871791,-0.19237156266033736,0.19237156266033736,0.29780060706748523,FALSE,FALSE
2015-05-11,Weddell,0.417109527,-0.23759679986946708,0.23759679986946708,0.29780060706748523,FALSE,FALSE
2015-05-12,Weddell,0.418365651,-0.2429286146921973,0.2429286146921973,0.29780060706748523,FALSE,FALSE
2015-05-13,Weddell,0.573588572,-0.09444596065054613,0.09444596065054613,0.29780060706748523,FALSE,FALSE
2015-05-14,Weddell,0.592208435,-0.08274605526652923,0.08274605526652923,0.29780060706748523,FALSE,FALSE
2015-05-15,Weddell,0.636188933,-0.04589256806216291,0.04589256806216291,0.29780060706748523,FALSE,FALSE
2015-05-16,Weddell,0.66034622,-0.02909670755946403,0.02909670755946403,0.29780060706748523,FALSE,FALSE
2015-05-17,Weddell,0.680758693,-0.01630743928044853,0.01630743928044853,0.29780060706748523,FALSE,FALSE
2015-05-18,Weddell,0.685654791,-0.01932368674713336,0.01932368674713336,0.29780060706748523,FALSE,FALSE
2015-05-19,Weddell,0.682635016,-0.03057231048153474,0.03057231048153474,0.29780060706748523,FALSE,FALSE
2015-05-20,Weddell,0.700540329,-0.02123783234252718,0.02123783234252718,0.29780060706748523,FALSE,FALSE
2015-05-21,Weddell,0.725934803,-0.0047473633845666,0.0047473633845666,0.29780060706748523,FALSE,FALSE
2015-05-22,Weddell,0.755585844,0.01570528464726073,0.01570528464726073,0.29780060706748523,FALSE,FALSE
2015-05-23,Weddell,0.817827121,0.06849357121585609,0.06849357121585609,0.29780060706748523,FALSE,FALSE
2015-05-24,Weddell,0.847330588,0.08832924078412219,0.08832924078412219,0.29780060706748523,FALSE,FALSE
2015-05-25,Weddell,0.845988577,0.07714441581496123,0.07714441581496123,0.29780060706748523,FALSE,FALSE
2015-05-26,Weddell,0.829318999,0.0504967977712748,0.0504967977712748,0.29780060706748523,FALSE,FALSE
2015-05-27,Weddell,0.831189367,0.04229369011596562,0.04229369011596562,0.29780060706748523,FALSE,FALSE
2015-05-28,Weddell,0.829340006,0.03031520831193512,0.03031520831193512,0.29780060706748523,FALSE,FALSE
2015-05-29,Weddell,0.866117122,0.05694734882208641,0.05694734882208641,0.29780060706748523,FALSE,FALSE
2015-05-30,Weddell,0.879530673,0.0602398601093207,0.0602398601093207,0.29780060706748523,FALSE,FALSE
2015-05-31,Weddell,0.901227736,0.07187960963654072,0.07187960963654072,0.29780060706748523,FALSE,FALSE
2015-06-01,Weddell,0.945267493,0.10596556986664818,0.10596556986664818,0.29780060706748523,FALSE,FALSE
2015-06-02,Weddell,0.956234544,0.10711394258304928,0.10711394258304928,0.29780060706748523,FALSE,FALSE
2015-06-03,Weddell,0.955408637,0.09659975037560198,0.09659975037560198,0.29780060706748523,FALSE,FALSE
2015-06-04,Weddell,0.942301531,0.07391995660859563,0.07391995660859563,0.29780060706748523,FALSE,FALSE
2015-06-05,Weddell,0.925075363,0.04722190227329381,0.04722190227329381,0.29780060706748523,FALSE,FALSE
2015-06-06,Weddell,0.910389535,0.02315019336095813,0.02315019336095813,0.29780060706748523,FALSE,FALSE
2015-06-07,Weddell,0.89257295,-0.00398106313714663,0.00398106313714663,0.29780060706748523,FALSE,FALSE
2015-06-08,Weddell,0.898779529,-0.00703274222975947,0.00703274222975947,0.29780060706748523,FALSE,FALSE
2015-06-09,Weddell,0.967182551,0.05215363907438364,0.05215363907438364,0.29780060706748523,FALSE,FALSE
2015-06-10,Weddell,1.002510416,0.07829168476654524,0.07829168476654524,0.29780060706748523,FALSE,FALSE
2015-06-11,Weddell,1.021820979,0.08842445383798903,0.08842445383798903,0.29780060706748523,FALSE,FALSE
2015-06-12,Weddell,1.016908009,0.07433091927997704,0.07433091927997704,0.29780060706748523,FALSE,FALSE
2015-06-13,Weddell,1.059346175,0.10757095408377236,0.10757095408377236,0.29780060706748523,FALSE,FALSE
2015-06-14,Weddell,1.116609252,0.15560395162054885,0.15560395162054885,0.29780060706748523,FALSE,FALSE
2015-06-15,Weddell,1.139134509,0.16887106684652908,0.16887106684652908,0.29780060706748523,FALSE,FALSE
2015-06-16,Weddell,1.140903049,0.161382349207028,0.161382349207028,0.29780060706748523,FALSE,FALSE
2015-06-17,Weddell,1.118237908,0.12949159682253075,0.12949159682253075,0.29780060706748523,FALSE,FALSE
2015-06-18,Weddell,1.134848255,0.13693874081351698,0.13693874081351698,0.29780060706748523,FALSE,FALSE
2015-06-19,Weddell,1.177698968,0.17071942130047102,0.17071942130047102,0.29780060706748523,FALSE,FALSE
2015-06-20,Weddell,1.204474862,0.1885492154038753,0.1885492154038753,0.29780060706748523,FALSE,FALSE
2015-06-21,Weddell,1.211127215,0.18641016324421167,0.18641016324421167,0.29780060706748523,FALSE,FALSE
2015-06-22,Weddell,1.211117572,0.17779457194196358,0.17779457194196358,0.29780060706748523,FALSE,FALSE
2015-06-23,Weddell,1.213073982,0.17136125261761315,0.17136125261761315,0.29780060706748523,FALSE,FALSE
2015-06-24,Weddell,1.235099259,0.185243781391643,0.185243781391643,0.29780060706748523,FALSE,FALSE
2015-06-25,Weddell,1.239389294,0.18166881138453528,0.18166881138453528,0.29780060706748523,FALSE,FALSE
2015-06-26,Weddell,1.218667862,0.1533908797167729,0.1533908797167729,0.29780060706748523,FALSE,FALSE
2015-06-27,Weddell,1.226025133,0.1535267941323868,0.1535267941323868,0.29780060706748523,FALSE,FALSE
2015-06-28,Weddell,1.28231389,0.20292480950288483,0.20292480950288483,0.29780060706748523,FALSE,FALSE
2015-06-29,Weddell,1.348859793,0.2628918167875445,0.2628918167875445,0.29780060706748523,FALSE,FALSE
2015-06-30,Weddell,1.362003883,0.2697500147258427,0.2697500147258427,0.29780060706748523,FALSE,FALSE
2015-07-01,Weddell,1.371056389,0.2727907900572557,0.2727907900572557,0.29780060706748523,FALSE,FALSE
2015-07-02,Weddell,1.409647414,0.30562540352126044,0.30562540352126044,0.29780060706748523,TRUE,FALSE
2015-07-03,Weddell,1.43484975,0.32530780485733457,0.32530780485733457,0.29780060706748523,TRUE,FALSE
2015-07-04,Weddell,1.437732656,0.32288841080495323,0.32288841080495323,0.29780060706748523,TRUE,FALSE
2015-07-05,Weddell,1.416910758,0.29696300510359364,0.29696300510359364,0.29780060706748523,FALSE,FALSE
2015-07-06,Weddell,1.382312923,0.257441612492733,0.257441612492733,0.29780060706748523,FALSE,FALSE
2015-07-07,Weddell,1.346555196,0.2169214357118474,0.2169214357118474,0.29780060706748523,FALSE,FALSE
2015-07-08,Weddell,1.321977601,0.187723656500413,0.187723656500413,0.29780060706748523,FALSE,FALSE
2015-07-09,Weddell,1.30789076,0.16914006213312072,0.16914006213312072,0.29780060706748523,FALSE,FALSE
2015-07-10,Weddell,1.334194234,0.19105284444875692,0.19105284444875692,0.29780060706748523,FALSE,FALSE
2015-07-11,Weddell,1.384381202,0.23694102063568231,0.23694102063568231,0.29780060706748523,FALSE,FALSE
2015-07-12,Weddell,1.420458286,0.2687974753310547,0.2687974753310547,0.29780060706748523,FALSE,FALSE
2015-07-13,Weddell,1.428768942,0.27295192717203154,0.27295192717203154,0.29780060706748523,FALSE,FALSE
2015-07-14,Weddell,1.430691335,0.27076880379577006,0.27076880379577006,0.29780060706748523,FALSE,FALSE
2015-07-15,Weddell,1.439253947,0.2752628498394274,0.2752628498394274,0.29780060706748523,FALSE,FALSE
2015-07-16,Weddell,1.461589266,0.293552815940161,0.293552815940161,0.29780060706748523,FALSE,FALSE
2015-07-17,Weddell,1.485046765,0.31297443773512734,0.31297443773512734,0.29780060706748523,TRUE,TRUE
2015-07-18,Weddell,1.507285584,0.3311731178614856,0.3311731178614856,0.29780060706748523,TRUE,TRUE
2015-07-19,Weddell,1.52994565,0.34977504595639086,0.34977504595639086,0.29780060706748523,TRUE,TRUE
2015-07-20,Weddell,1.520916505,0.33665602665700267,0.33665602665700267,0.29780060706748523,TRUE,TRUE
2015-07-21,Weddell,1.568440961,0.38004513460047695,0.38004513460047695,0.29780060706748523,TRUE,TRUE
2015-07-22,Weddell,1.593603614,0.40101427187465655,0.40101427187465655,0.29780060706748523,TRUE,TRUE
2015-07-23,Weddell,1.598903399,0.4020640815843446,0.4020640815843446,0.29780060706748523,TRUE,TRUE
2015-07-24,Weddell,1.568826665,0.3676931190360615,0.3676931190360615,0.29780060706748523,TRUE,TRUE
2015-07-25,Weddell,1.526737018,0.32127743467639225,0.32127743467639225,0.29780060706748523,TRUE,TRUE
2015-07-26,Weddell,1.491769332,0.28196434695192374,0.28196434695192374,0.29780060706748523,FALSE,FALSE
2015-07-27,Weddell,1.479780591,0.26562328430923876,0.26562328430923876,0.29780060706748523,FALSE,FALSE
2015-07-28,Weddell,1.453883213,0.23537910919492464,0.23537910919492464,0.29780060706748523,FALSE,FALSE
2015-07-29,Weddell,1.458285041,0.23545210905556768,0.23545210905556768,0.29780060706748523,FALSE,FALSE
2015-07-30,Weddell,1.460269922,0.23313857533775173,0.23313857533775173,0.29780060706748523,FALSE,FALSE
2015-07-31,Weddell,1.466402928,0.23501602448806191,0.23501602448806191,0.29780060706748523,FALSE,FALSE
2015-08-01,Weddell,1.490523239,0.2549360809530856,0.2549360809530856,0.29780060706748523,FALSE,FALSE
2015-08-02,Weddell,1.512836789,0.27311712317940606,0.27311712317940606,0.29780060706748523,FALSE,FALSE
2015-08-03,Weddell,1.520092083,0.2763201004830367,0.2763201004830367,0.29780060706748523,FALSE,FALSE
2015-08-04,Weddell,1.530390051,0.2826548622145051,0.2826548622145051,0.29780060706748523,FALSE,FALSE
2015-08-05,Weddell,1.550231125,0.29861804381221835,0.29861804381221835,0.29780060706748523,TRUE,TRUE
2015-08-06,Weddell,1.588520749,0.3331084263624464,0.3331084263624464,0.29780060706748523,TRUE,TRUE
2015-08-07,Weddell,1.572839351,0.3136997749514583,0.3136997749514583,0.29780060706748523,TRUE,TRUE
2015-08-08,Weddell,1.573894529,0.3110930246655248,0.3110930246655248,0.29780060706748523,TRUE,TRUE
2015-08-09,Weddell,1.589520282,0.32311551159091456,0.32311551159091456,0.29780060706748523,TRUE,TRUE
2015-08-10,Weddell,1.614206286,0.34425024881389765,0.34425024881389765,0.29780060706748523,TRUE,TRUE
2015-08-11,Weddell,1.607670415,0.33420844742074407,0.33420844742074407,0.29780060706748523,TRUE,TRUE
2015-08-12,Weddell,1.534561984,0.2576327594977226,0.2576327594977226,0.29780060706748523,FALSE,FALSE
2015-08-13,Weddell,1.550161643,0.269797172131105,0.269797172131105,0.29780060706748523,FALSE,FALSE
2015-08-14,Weddell,1.619690571,0.3359162014071584,0.3359162014071584,0.29780060706748523,TRUE,TRUE
2015-08-15,Weddell,1.683025198,0.39585961441215334,0.39585961441215334,0.29780060706748523,TRUE,TRUE
2015-08-16,Weddell,1.732527952,0.44198372518192586,0.44198372518192586,0.29780060706748523,TRUE,TRUE
2015-08-17,Weddell,1.772977979,0.4790778818226779,0.4790778818226779,0.29780060706748523,TRUE,TRUE
2015-08-18,Weddell,1.787803109,0.4905987914699459,0.4905987914699459,0.29780060706748523,TRUE,TRUE
2015-08-19,Weddell,1.776496239,0.4760692516991478,0.4760692516991478,0.29780060706748523,TRUE,TRUE
2015-08-20,Weddell,1.799675428,0.4961372220856999,0.4961372220856999,0.29780060706748523,TRUE,TRUE
2015-08-21,Weddell,1.805578308,0.49907023520501825,0.49907023520501825,0.29780060706748523,TRUE,TRUE
2015-08-22,Weddell,1.809095923,0.4997892356325222,0.4997892356325222,0.29780060706748523,TRUE,TRUE
2015-08-23,Weddell,1.801875518,0.4899713689436265,0.4899713689436265,0.29780060706748523,TRUE,TRUE
2015-08-24,Weddell,1.783335613,0.46906505571375035,0.46906505571375035,0.29780060706748523,TRUE,TRUE
2015-08-25,Weddell,1.754093429,0.4377174175183092,0.4377174175183092,0.29780060706748523,TRUE,TRUE
2015-08-26,Weddell,1.769763009,0.45157239793272064,0.45157239793272064,0.29780060706748523,TRUE,TRUE
2015-08-27,Weddell,1.789447701,0.4697632455324021,0.4697632455324021,0.29780060706748523,TRUE,TRUE
2015-08-28,Weddell,1.787641398,0.4668137538927706,0.4668137538927706,0.29780060706748523,TRUE,TRUE
2015-08-29,Weddell,1.76267747,0.4410815165832267,0.4410815165832267,0.29780060706748523,TRUE,TRUE
2015-08-30,Weddell,1.748989274,0.4269896110564213,0.4269896110564213,0.29780060706748523,TRUE,TRUE
2015-08-31,Weddell,1.694717262,0.3726552458448982,0.3726552458448982,0.29780060706748523,TRUE,TRUE
2015-09-01,Weddell,1.669142318,0.34733603822818604,0.34733603822818604,0.29780060706748523,TRUE,TRUE
2015-09-02,Weddell,1.653540852,0.33228513148581285,0.33228513148581285,0.29780060706748523,TRUE,TRUE
2015-09-03,Weddell,1.621800419,0.3013668138973056,0.3013668138973056,0.29780060706748523,TRUE,TRUE
2015-09-04,Weddell,1.669756367,0.3503931667421938,0.3503931667421938,0.29780060706748523,TRUE,TRUE
2015-09-05,Weddell,1.685288794,0.3672210213000051,0.3672210213000051,0.29780060706748523,TRUE,TRUE
2015-09-06,Weddell,1.698488527,0.3819179378502669,0.3819179378502669,0.29780060706748523,TRUE,TRUE
2015-09-07,Weddell,1.778250142,0.46335522567250753,0.46335522567250753,0.29780060706748523,TRUE,TRUE
2015-09-08,Weddell,1.804305296,0.4912412750462549,0.4912412750462549,0.29780060706748523,TRUE,TRUE
2015-09-09,Weddell,1.808237304,0.4971361342510381,0.4971361342510381,0.29780060706748523,TRUE,TRUE
2015-09-10,Weddell,1.801063676,0.49203415853158416,0.49203415853158416,0.29780060706748523,TRUE,TRUE
2015-09-11,Weddell,1.783747619,0.47688602917278433,0.47688602917278433,0.29780060706748523,TRUE,TRUE
2015-09-12,Weddell,1.77132715,0.4667364718563282,0.4667364718563282,0.29780060706748523,TRUE,TRUE
2015-09-13,Weddell,1.805256299,0.5030482504782041,0.5030482504782041,0.29780060706748523,TRUE,TRUE
2015-09-14,Weddell,1.831345349,0.5316403819344011,0.5316403819344011,0.29780060706748523,TRUE,TRUE
2015-09-15,Weddell,1.843260479,0.5461877791209051,0.5461877791209051,0.29780060706748523,TRUE,TRUE
2015-09-16,Weddell,1.869205915,0.574903401933706,0.574903401933706,0.29780060706748523,TRUE,TRUE
2015-09-17,Weddell,1.863809429,0.5724237562687915,0.5724237562687915,0.29780060706748523,TRUE,TRUE
2015-09-18,Weddell,1.877299525,0.5889860800221487,0.5889860800221487,0.29780060706748523,TRUE,TRUE
2015-09-19,Weddell,1.873095413,0.5880183170897666,0.5880183170897666,0.29780060706748523,TRUE,TRUE
2015-09-20,Weddell,1.857080464,0.5754125723676331,0.5754125723676331,0.29780060706748523,TRUE,TRUE
2015-09-21,Weddell,1.835737181,0.5576600827517364,0.5576600827517364,0.29780060706748523,TRUE,TRUE
2015-09-22,Weddell,1.80792408,0.5336280981380637,0.5336280981380637,0.29780060706748523,TRUE,TRUE
2015-09-23,Weddell,1.820455575,0.5501376034769025,0.5501376034769025,0.29780060706748523,TRUE,TRUE
2015-09-24,Weddell,1.804456068,0.5382964149514946,0.5382964149514946,0.29780060706748523,TRUE,TRUE
2015-09-25,Weddell,1.78011665,0.5182649904942249,0.5182649904942249,0.29780060706748523,TRUE,TRUE
2015-09-26,Weddell,1.751591724,0.4941669029390516,0.4941669029390516,0.29780060706748523,TRUE,TRUE
2015-09-27,Weddell,1.724063745,0.47115377711993345,0.47115377711993345,0.29780060706748523,TRUE,TRUE
2015-09-28,Weddell,1.686489544,0.4381516138708272,0.4381516138708272,0.29780060706748523,TRUE,TRUE
2015-09-29,Weddell,1.646799624,0.4030600860256923,0.4030600860256923,0.29780060706748523,TRUE,TRUE
2015-09-30,Weddell,1.634395385,0.3952497634184864,0.3952497634184864,0.29780060706748523,TRUE,TRUE
2015-10-01,Weddell,1.620670244,0.386083232883168,0.386083232883168,0.29780060706748523,TRUE,TRUE
2015-10-02,Weddell,1.584885869,0.3547913322536953,0.3547913322536953,0.29780060706748523,TRUE,TRUE
2015-10-03,Weddell,1.579526808,0.3538277793640261,0.3538277793640261,0.29780060706748523,TRUE,TRUE
2015-10-04,Weddell,1.570529435,0.34909811804811786,0.34909811804811786,0.29780060706748523,TRUE,TRUE
2015-10-05,Weddell,1.579521935,0.3621997130200807,0.3621997130200807,0.29780060706748523,TRUE,TRUE
2015-10-06,Weddell,1.572308188,0.35891757531640933,0.35891757531640933,0.29780060706748523,TRUE,TRUE
2015-10-07,Weddell,1.54709143,0.3374712273775522,0.3374712273775522,0.29780060706748523,TRUE,TRUE
2015-10-08,Weddell,1.514022055,0.3080337812557874,0.3080337812557874,0.29780060706748523,TRUE,TRUE
2015-10-09,Weddell,1.468272586,0.2658004780033889,0.2658004780033889,0.29780060706748523,FALSE,FALSE
2015-10-10,Weddell,1.43219859,0.23314960267263496,0.23314960267263496,0.29780060706748523,FALSE,FALSE
2015-10-11,Weddell,1.408125986,0.21242979231579984,0.21242979231579984,0.29780060706748523,FALSE,FALSE
2015-10-12,Weddell,1.42565479,0.23326378098516187,0.23326378098516187,0.29780060706748523,FALSE,FALSE
2015-10-13,Weddell,1.436995961,0.24788524573299545,0.24788524573299545,0.29780060706748523,FALSE,FALSE
2015-10-14,Weddell,1.410384912,0.22455231761157848,0.22455231761157848,0.29780060706748523,FALSE,FALSE
2015-10-15,Weddell,1.392347331,0.2098134026731864,0.2098134026731864,0.29780060706748523,FALSE,FALSE
2015-10-16,Weddell,1.377252184,0.1980601849700958,0.1980601849700958,0.29780060706748523,FALSE,FALSE
2015-10-17,Weddell,1.385745935,0.2099618465545814,0.2099618465545814,0.29780060706748523,FALSE,FALSE
2015-10-18,Weddell,1.419590623,0.2473027012016895,0.2473027012016895,0.29780060706748523,FALSE,FALSE
2015-10-19,Weddell,1.476635882,0.3079452426093938,0.3079452426093938,0.29780060706748523,TRUE,FALSE
2015-10-20,Weddell,1.487307857,0.32231947451804044,0.32231947451804044,0.29780060706748523,TRUE,FALSE
2015-10-21,Weddell,1.461931473,0.30075382026716846,0.30075382026716846,0.29780060706748523,TRUE,FALSE
2015-10-22,Weddell,1.421488041,0.2642330891963163,0.2642330891963163,0.29780060706748523,FALSE,FALSE
2015-10-23,Weddell,1.382782304,0.2295655226450224,0.2295655226450224,0.29780060706748523,FALSE,FALSE
2015-10-24,Weddell,1.33310656,0.1840469169528265,0.1840469169528265,0.29780060706748523,FALSE,FALSE
2015-10-25,Weddell,1.300444985,0.15566494645926654,0.15566494645926654,0.29780060706748523,FALSE,FALSE
2015-10-26,Weddell,1.266096913,0.1257224435038815,0.1257224435038815,0.29780060706748523,FALSE,FALSE
2015-10-27,Weddell,1.264996166,0.12915672842620962,0.12915672842620962,0.29780060706748523,FALSE,FALSE
2015-10-28,Weddell,1.263824812,0.1326533675657915,0.1326533675657915,0.29780060706748523,FALSE,FALSE
2015-10-29,Weddell,1.238387932,0.11202094026216368,0.11202094026216368,0.29780060706748523,FALSE,FALSE
2015-10-30,Weddell,1.226902627,0.10548004585486592,0.10548004585486592,0.29780060706748523,FALSE,FALSE
2015-10-31,Weddell,1.216536061,0.10020069354085435,0.10020069354085435,0.29780060706748523,FALSE,FALSE
2015-11-01,Weddell,1.21481893,0.10371320960747088,0.10371320960747088,0.29780060706748523,FALSE,FALSE
2015-11-02,Weddell,1.234175119,0.12844012184675102,0.12844012184675102,0.29780060706748523,FALSE,FALSE
2015-11-03,Weddell,1.226862546,0.12663799078526505,0.12663799078526505,0.29780060706748523,FALSE,FALSE
2015-11-04,Weddell,1.218326218,0.12375046594958472,0.12375046594958472,0.29780060706748523,FALSE,FALSE
2015-11-05,Weddell,1.191438026,0.10264808086627952,0.10264808086627952,0.29780060706748523,FALSE,FALSE
2015-11-06,Weddell,1.163420937,0.08055244506192283,0.08055244506192283,0.29780060706748523,FALSE,FALSE
2015-11-07,Weddell,1.144505826,0.06769307606308317,0.06769307606308317,0.29780060706748523,FALSE,FALSE
2015-11-08,Weddell,1.115919259,0.04529518239633234,0.04529518239633234,0.29780060706748523,FALSE,FALSE
2015-11-09,Weddell,1.095952322,0.03164849258824098,0.03164849258824098,0.29780060706748523,FALSE,FALSE
2015-11-10,Weddell,1.085000122,0.0271467561653802,0.0271467561653802,0.29780060706748523,FALSE,FALSE
2015-11-11,Weddell,1.069814155,0.01854011165432134,0.01854011165432134,0.29780060706748523,FALSE,FALSE
2015-11-12,Weddell,1.063643113,0.01907598952219347,0.01907598952219347,0.29780060706748523,FALSE,FALSE
2015-11-13,Weddell,1.071071259,0.03334269857194538,0.03334269857194538,0.29780060706748523,FALSE,FALSE
2015-11-14,Weddell,1.090761373,0.06001504263969814,0.06001504263969814,0.29780060706748523,FALSE,FALSE
2015-11-15,Weddell,1.110964837,0.0873570856178707,0.0873570856178707,0.29780060706748523,FALSE,FALSE
2015-11-16,Weddell,1.12918572,0.11288557839888336,0.11288557839888336,0.29780060706748523,FALSE,FALSE
2015-11-17,Weddell,1.126025032,0.11721421287515654,0.11721421287515654,0.29780060706748523,FALSE,FALSE
2015-11-18,Weddell,1.101653281,0.10052617893910942,0.10052617893910942,0.29780060706748523,FALSE,FALSE
2015-11-19,Weddell,1.089551704,0.09631539548316204,0.09631539548316204,0.29780060706748523,FALSE,FALSE
2015-11-20,Weddell,1.082830606,0.09770484939973424,0.09770484939973424,0.29780060706748523,FALSE,FALSE
2015-11-21,Weddell,1.072466142,0.09568337758124557,0.09568337758124557,0.29780060706748523,FALSE,FALSE
2015-11-22,Weddell,1.063950455,0.09575580492011636,0.09575580492011636,0.29780060706748523,FALSE,FALSE
2015-11-23,Weddell,1.057326032,0.09797730030876606,0.09797730030876606,0.29780060706748523,FALSE,FALSE
2015-11-24,Weddell,1.051250586,0.10101825863961478,0.10101825863961478,0.29780060706748523,FALSE,FALSE
2015-11-25,Weddell,1.047029902,0.10619476219881774,0.10619476219881774,0.29780060706748523,FALSE,FALSE
2015-11-26,Weddell,1.041544207,0.11037716667226928,0.11037716667226928,0.29780060706748523,FALSE,FALSE
2015-11-27,Weddell,1.029360961,0.1081129194507794,0.1081129194507794,0.29780060706748523,FALSE,FALSE
2015-11-28,Weddell,1.011058414,0.099960181110735,0.099960181110735,0.29780060706748523,FALSE,FALSE
2015-11-29,Weddell,0.996392973,0.0956552692285252,0.0956552692285252,0.29780060706748523,FALSE,FALSE
2015-11-30,Weddell,0.990919466,0.10073292238053866,0.10073292238053866,0.29780060706748523,FALSE,FALSE
2015-12-01,Weddell,0.976892331,0.09742748914316268,0.09742748914316268,0.29780060706748523,FALSE,FALSE
2015-12-02,Weddell,0.972029652,0.1034369640927858,0.1034369640927858,0.29780060706748523,FALSE,FALSE
2015-12-03,Weddell,0.968343686,0.11075351480579664,0.11075351480579664,0.29780060706748523,FALSE,FALSE
2015-12-04,Weddell,0.952411613,0.10593423185858296,0.10593423185858296,0.29780060706748523,FALSE,FALSE
2015-12-05,Weddell,0.922314664,0.08704025682753302,0.08704025682753302,0.29780060706748523,FALSE,FALSE
2015-12-06,Weddell,0.893471085,0.0694697462890358,0.0694697462890358,0.29780060706748523,FALSE,FALSE
2015-12-07,Weddell,0.881183212,0.06850494903791704,0.06850494903791704,0.29780060706748523,FALSE,FALSE
2015-12-08,Weddell,0.886141274,0.08481669554324678,0.08481669554324678,0.29780060706748523,FALSE,FALSE
2015-12-09,Weddell,0.884921072,0.09496304910350396,0.09496304910350396,0.29780060706748523,FALSE,FALSE
2015-12-10,Weddell,0.901511669,0.12291558035869544,0.12291558035869544,0.29780060706748523,FALSE,FALSE
2015-12-11,Weddell,0.911934869,0.14467860094883112,0.14467860094883112,0.29780060706748523,FALSE,FALSE
2015-12-12,Weddell,0.925406845,0.16945079151391915,0.16945079151391915,0.29780060706748523,FALSE,FALSE
2015-12-13,Weddell,0.9339607,0.1892477626939673,0.1892477626939673,0.29780060706748523,FALSE,FALSE
2015-12-14,Weddell,0.941889154,0.20834474212898457,0.20834474212898457,0.29780060706748523,FALSE,FALSE
2015-12-15,Weddell,0.920980096,0.19851212645897945,0.19851212645897945,0.29780060706748523,FALSE,FALSE
2015-12-16,Weddell,0.882811337,0.17131023432395998,0.17131023432395998,0.29780060706748523,FALSE,FALSE
2015-12-17,Weddell,0.845229282,0.14456797836393476,0.14456797836393476,0.29780060706748523,FALSE,FALSE
2015-12-18,Weddell,0.828010704,0.13804463921891252,0.13804463921891252,0.29780060706748523,FALSE,FALSE
2015-12-19,Weddell,0.818247238,0.1388143595289011,0.1388143595289011,0.29780060706748523,FALSE,FALSE
2015-12-20,Weddell,0.817009955,0.14793130304632973,0.14793130304632973,0.29780060706748523,FALSE,FALSE
2015-12-21,Weddell,0.816369367,0.15745832627881773,0.15745832627881773,0.29780060706748523,FALSE,FALSE
2015-12-22,Weddell,0.810162017,0.16123170167924403,0.16123170167924403,0.29780060706748523,FALSE,FALSE
2015-12-23,Weddell,0.803971829,0.164835288496187,0.164835288496187,0.29780060706748523,FALSE,FALSE
2015-12-24,Weddell,0.797199532,0.16766975097822356,0.16766975097822356,0.29780060706748523,FALSE,FALSE
2015-12-25,Weddell,0.795325329,0.17521522737393147,0.17521522737393147,0.29780060706748523,FALSE,FALSE
2015-12-26,Weddell,0.793479302,0.18260173493188703,0.18260173493188703,0.29780060706748523,FALSE,FALSE
2015-12-27,Weddell,0.802130887,0.20029864490066815,0.20029864490066815,0.29780060706748523,FALSE,FALSE
2015-12-28,Weddell,0.79905511,0.20608091852885313,0.20608091852885313,0.29780060706748523,FALSE,FALSE
2015-12-29,Weddell,0.787934133,0.20363065306501849,0.20363065306501849,0.29780060706748523,FALSE,FALSE
2015-12-30,Weddell,0.76383463,0.1880144577577404,0.1880144577577404,0.29780060706748523,FALSE,FALSE
2015-12-31,Weddell,0.744099237,0.1765749038555986,0.1765749038555986,0.29780060706748523,FALSE,FALSE
2016-01-01,Weddell,0.724389212,0.16497318460716937,0.16497318460716937,0.29780060706748523,FALSE,FALSE
2016-01-02,Weddell,0.702842572,0.15134860512543347,0.15134860512543347,0.29780060706748523,FALSE,FALSE
2016-01-03,Weddell,0.698520337,0.1547688849809894,0.1547688849809894,0.29780060706748523,FALSE,FALSE
2016-01-04,Weddell,0.692904966,0.1567245356088376,0.1567245356088376,0.29780060706748523,FALSE,FALSE
2016-01-05,Weddell,0.674140787,0.1453679374439819,0.1453679374439819,0.29780060706748523,FALSE,FALSE
2016-01-06,Weddell,0.665019673,0.1434990159214209,0.1434990159214209,0.29780060706748523,FALSE,FALSE
2016-01-07,Weddell,0.658857005,0.1444412044761586,0.1444412044761586,0.29780060706748523,FALSE,FALSE
2016-01-08,Weddell,0.637685421,0.1302351935431959,0.1302351935431959,0.29780060706748523,FALSE,FALSE
2016-01-09,Weddell,0.644495604,0.1438797185575329,0.1438797185575329,0.29780060706748523,FALSE,FALSE
2016-01-10,Weddell,0.653619612,0.1597148899541735,0.1597148899541735,0.29780060706748523,FALSE,FALSE
2016-01-11,Weddell,0.652197873,0.16488918816811765,0.16488918816811765,0.29780060706748523,FALSE,FALSE
2016-01-12,Weddell,0.654083495,0.17326377363436818,0.17326377363436818,0.29780060706748523,FALSE,FALSE
2016-01-13,Weddell,0.649638966,0.17520918678792555,0.17520918678792555,0.29780060706748523,FALSE,FALSE
2016-01-14,Weddell,0.646336627,0.17820583750633356,0.17820583750633356,0.29780060706748523,FALSE,FALSE
2016-01-15,Weddell,0.653108741,0.19119464770507172,0.19119464770507172,0.29780060706748523,FALSE,FALSE
2016-01-16,Weddell,0.63994671,0.18417641749082064,0.18417641749082064,0.29780060706748523,FALSE,FALSE
2016-01-17,Weddell,0.629879606,0.180189663719222,0.180189663719222,0.29780060706748523,FALSE,FALSE
2016-01-18,Weddell,0.629140811,0.1854772132459176,0.1854772132459176,0.29780060706748523,FALSE,FALSE
2016-01-19,Weddell,0.616707439,0.17902562492654922,0.17902562492654922,0.29780060706748523,FALSE,FALSE
2016-01-20,Weddell,0.620168432,0.18843328561675932,0.18843328561675932,0.29780060706748523,FALSE,FALSE
2016-01-21,Weddell,0.619513597,0.1936994471721891,0.1936994471721891,0.29780060706748523,FALSE,FALSE
2016-01-22,Weddell,0.621995421,0.20208604144848108,0.20208604144848108,0.29780060706748523,FALSE,FALSE
2016-01-23,Weddell,0.620714664,0.20670327330127647,0.20670327330127647,0.29780060706748523,FALSE,FALSE
2016-01-24,Weddell,0.61203896,0.20392822158621793,0.20392822158621793,0.29780060706748523,FALSE,FALSE
2016-01-25,Weddell,0.592744033,0.19054605515894665,0.19054605515894665,0.29780060706748523,FALSE,FALSE
2016-01-26,Weddell,0.573530634,0.1772669698751057,0.1772669698751057,0.29780060706748523,FALSE,FALSE
2016-01-27,Weddell,0.560512479,0.1702114544334079,0.1702114544334079,0.29780060706748523,FALSE,FALSE
2016-01-28,Weddell,0.549317538,0.16499616247603838,0.16499616247603838,0.29780060706748523,FALSE,FALSE
2016-01-29,Weddell,0.521819497,0.14347596289449938,0.14347596289449938,0.29780060706748523,FALSE,FALSE
2016-01-30,Weddell,0.508199152,0.13581281041799487,0.13581281041799487,0.29780060706748523,FALSE,FALSE
2016-01-31,Weddell,0.503919192,0.13745055277572904,0.13745055277572904,0.29780060706748523,FALSE,FALSE
2016-02-01,Weddell,0.490836952,0.13022768369690507,0.13022768369690507,0.29780060706748523,FALSE,FALSE
2016-02-02,Weddell,0.48352893,0.12870185991072758,0.12870185991072758,0.29780060706748523,FALSE,FALSE
2016-02-03,Weddell,0.473021178,0.12388029214640006,0.12388029214640006,0.29780060706748523,FALSE,FALSE
2016-02-04,Weddell,0.452309885,0.10874032813312644,0.10874032813312644,0.29780060706748523,FALSE,FALSE
2016-02-05,Weddell,0.438559219,0.1004272946001109,0.1004272946001109,0.29780060706748523,FALSE,FALSE
2016-02-06,Weddell,0.416630056,0.0837832262765571,0.0837832262765571,0.29780060706748523,FALSE,FALSE
2016-02-07,Weddell,0.405358766,0.07762565189166876,0.07762565189166876,0.29780060706748523,FALSE,FALSE
2016-02-08,Weddell,0.410504447,0.08769485249487291,0.08769485249487291,0.29780060706748523,FALSE,FALSE
2016-02-09,Weddell,0.403067804,0.08497592697224038,0.08497592697224038,0.29780060706748523,FALSE,FALSE
2016-02-10,Weddell,0.408556931,0.0949677487927722,0.0949677487927722,0.29780060706748523,FALSE,FALSE
2016-02-11,Weddell,0.406684847,0.09737487141594126,0.09737487141594126,0.29780060706748523,FALSE,FALSE
2016-02-12,Weddell,0.396057847,0.09079512430122204,0.09079512430122204,0.29780060706748523,FALSE,FALSE
2016-02-13,Weddell,0.392336031,0.0908801419080878,0.0908801419080878,0.29780060706748523,FALSE,FALSE
2016-02-14,Weddell,0.394837546,0.09693960569601268,0.09693960569601268,0.29780060706748523,FALSE,FALSE
2016-02-15,Weddell,0.393606916,0.0990095741244702,0.0990095741244702,0.29780060706748523,FALSE,FALSE
2016-02-16,Weddell,0.394245423,0.102682863652934,0.102682863652934,0.29780060706748523,FALSE,FALSE
2016-02-17,Weddell,0.389825502,0.10102344374087809,0.10102344374087809,0.29780060706748523,FALSE,FALSE
2016-02-18,Weddell,0.377398465,0.09107416084777564,0.09107416084777564,0.29780060706748523,FALSE,FALSE
2016-02-19,Weddell,0.384415432,0.10027766943310068,0.10027766943310068,0.29780060706748523,FALSE,FALSE
2016-02-20,Weddell,0.388152423,0.10590152395632736,0.10590152395632736,0.29780060706748523,FALSE,FALSE
2016-02-21,Weddell,0.39943352,0.11876181329756612,0.11876181329756612,0.29780060706748523,FALSE,FALSE
2016-02-22,Weddell,0.406931058,0.12752860679144545,0.12752860679144545,0.29780060706748523,FALSE,FALSE
2016-02-23,Weddell,0.403075555,0.12463396692527562,0.12463396692527562,0.29780060706748523,FALSE,FALSE
2016-02-24,Weddell,0.39983056300000003,0.12204305906238876,0.12204305906238876,0.29780060706748523,FALSE,FALSE
2016-02-25,Weddell,0.394856334,0.11741774856611714,0.11741774856611714,0.29780060706748523,FALSE,FALSE
2016-02-26,Weddell,0.387256713,0.10986349379979315,0.10986349379979315,0.29780060706748523,FALSE,FALSE
2016-02-27,Weddell,0.383539643,0.10588985112674952,0.10588985112674952,0.29780060706748523,FALSE,FALSE
2016-02-28,Weddell,0.379217453,0.10101076291031846,0.10101076291031846,0.29780060706748523,FALSE,FALSE
2016-03-01,Weddell,0.36549967,0.0852846603006231,0.0852846603006231,0.29780060706748523,FALSE,FALSE
2016-03-02,Weddell,0.361118804,0.07945559963402382,0.07945559963402382,0.29780060706748523,FALSE,FALSE
2016-03-03,Weddell,0.360579877,0.0771746058773668,0.0771746058773668,0.29780060706748523,FALSE,FALSE
2016-03-04,Weddell,0.361359958,0.07592036226607651,0.07592036226607651,0.29780060706748523,FALSE,FALSE
2016-03-05,Weddell,0.357618112,0.069856792109034,0.069856792109034,0.29780060706748523,FALSE,FALSE
2016-03-06,Weddell,0.343763884,0.05340886018602958,0.05340886018602958,0.29780060706748523,FALSE,FALSE
2016-03-07,Weddell,0.346350893,0.05314775095036023,0.05314775095036023,0.29780060706748523,FALSE,FALSE
2016-03-08,Weddell,0.346342467,0.05005435785532186,0.05005435785532186,0.29780060706748523,FALSE,FALSE
2016-03-09,Weddell,0.331192762,0.03160040235421002,0.03160040235421002,0.29780060706748523,FALSE,FALSE
2016-03-10,Weddell,0.33435001600000003,0.03125168790032173,0.03125168790032173,0.29780060706748523,FALSE,FALSE
2016-03-11,Weddell,0.352821417,0.04603296794695311,0.04603296794695311,0.29780060706748523,FALSE,FALSE
2016-03-12,Weddell,0.368490061,0.05784490394739949,0.05784490394739949,0.29780060706748523,FALSE,FALSE
2016-03-13,Weddell,0.369106946,0.0544560593549579,0.0544560593549579,0.29780060706748523,FALSE,FALSE
2016-03-14,Weddell,0.374735505,0.05594743262292423,0.05594743262292423,0.29780060706748523,FALSE,FALSE
2016-03-15,Weddell,0.382292038,0.05925288920459443,0.05925288920459443,0.29780060706748523,FALSE,FALSE
2016-03-16,Weddell,0.398699816,0.07131326555326489,0.07131326555326489,0.29780060706748523,FALSE,FALSE
2016-03-17,Weddell,0.427435262,0.09562227135734765,0.09562227135734765,0.29780060706748523,FALSE,FALSE
2016-03-18,Weddell,0.443013798,0.106705653192891,0.106705653192891,0.29780060706748523,FALSE,FALSE
2016-03-19,Weddell,0.439248291,0.09837932020810304,0.09837932020810304,0.29780060706748523,FALSE,FALSE
2016-03-20,Weddell,0.437449311,0.0919565416825725,0.0919565416825725,0.29780060706748523,FALSE,FALSE
2016-03-21,Weddell,0.438678947,0.08850210589588875,0.08850210589588875,0.29780060706748523,FALSE,FALSE
2016-03-22,Weddell,0.420498078,0.06557959112764111,0.06557959112764111,0.29780060706748523,FALSE,FALSE
2016-03-23,Weddell,0.400563222,0.04084821465741906,0.04084821465741906,0.29780060706748523,FALSE,FALSE
2016-03-24,Weddell,0.401227819,0.03666411576481204,0.03666411576481204,0.29780060706748523,FALSE,FALSE
2016-03-25,Weddell,0.41062264,0.04116076472940871,0.04116076472940871,0.29780060706748523,FALSE,FALSE
2016-03-26,Weddell,0.438802406,0.06439558183079863,0.06439558183079863,0.29780060706748523,FALSE,FALSE
2016-03-27,Weddell,0.460675194,0.08127934334857129,0.08127934334857129,0.29780060706748523,FALSE,FALSE
2016-03-28,Weddell,0.478748501,0.09432224556231612,0.09432224556231612,0.29780060706748523,FALSE,FALSE
2016-03-29,Weddell,0.486843344,0.09734800475162196,0.09734800475162196,0.29780060706748523,FALSE,FALSE
2016-03-30,Weddell,0.490020812,0.0954187580083976,0.0954187580083976,0.29780060706748523,FALSE,FALSE
2016-03-31,Weddell,0.508052491,0.10829811397782596,0.10829811397782596,0.29780060706748523,FALSE,FALSE
2016-04-01,Weddell,0.531684317,0.12672096304213637,0.12672096304213637,0.29780060706748523,FALSE,FALSE
2016-04-02,Weddell,0.551574221,0.14133418804702813,0.14133418804702813,0.29780060706748523,FALSE,FALSE
2016-04-03,Weddell,0.554032259,0.1384367968382001,0.1384367968382001,0.29780060706748523,FALSE,FALSE
2016-04-04,Weddell,0.551642002,0.1306013122613512,0.1306013122613512,0.29780060706748523,FALSE,FALSE
2016-04-05,Weddell,0.556112583,0.12952581916218148,0.12952581916218148,0.29780060706748523,FALSE,FALSE
2016-04-06,Weddell,0.598384856,0.16614012338638895,0.16614012338638895,0.29780060706748523,FALSE,FALSE
2016-04-07,Weddell,0.623170465,0.18514482077967348,0.18514482077967348,0.29780060706748523,FALSE,FALSE
2016-04-08,Weddell,0.611943929,0.16800338218773353,0.16800338218773353,0.29780060706748523,FALSE,FALSE
2016-04-09,Weddell,0.595204619,0.1452041304562688,0.1452041304562688,0.29780060706748523,FALSE,FALSE
2016-04-10,Weddell,0.599521826,0.14330530843097744,0.14330530843097744,0.29780060706748523,FALSE,FALSE
2016-04-11,Weddell,0.622501509,0.15990199366017432,0.15990199366017432,0.29780060706748523,FALSE,FALSE
2016-04-12,Weddell,0.64416356,0.17501507762639534,0.17501507762639534,0.29780060706748523,FALSE,FALSE
2016-04-13,Weddell,0.668940017,0.19309718342568033,0.19309718342568033,0.29780060706748523,FALSE,FALSE
2016-04-14,Weddell,0.706119106,0.22345895153804507,0.22345895153804507,0.29780060706748523,FALSE,FALSE
2016-04-15,Weddell,0.746853366,0.257275335443504,0.257275335443504,0.29780060706748523,FALSE,FALSE
2016-04-16,Weddell,0.785678114,0.28910406662207233,0.28910406662207233,0.29780060706748523,FALSE,FALSE
2016-04-17,Weddell,0.80903214,0.3054063495537652,0.3054063495537652,0.29780060706748523,TRUE,TRUE
2016-04-18,Weddell,0.821847007,0.31113616171859737,0.31113616171859737,0.29780060706748523,TRUE,TRUE
2016-04-19,Weddell,0.824777291,0.3069704935965838,0.3069704935965838,0.29780060706748523,TRUE,TRUE
2016-04-20,Weddell,0.85469051,0.32979927766773953,0.32979927766773953,0.29780060706748523,TRUE,TRUE
2016-04-21,Weddell,0.869204066,0.3372623304120794,0.3372623304120794,0.29780060706748523,TRUE,TRUE
2016-04-22,Weddell,0.869640102,0.33070420930961864,0.33070420930961864,0.29780060706748523,TRUE,TRUE
2016-04-23,Weddell,0.849875056,0.3040237668403717,0.3040237668403717,0.29780060706748523,TRUE,TRUE
2016-04-24,Weddell,0.829012719,0.27634519108042344,0.27634519108042344,0.29780060706748523,FALSE,FALSE
2016-04-25,Weddell,0.807715651,0.24833227888772536,0.24833227888772536,0.29780060706748523,FALSE,FALSE
2016-04-26,Weddell,0.797953643,0.231945470071632,0.231945470071632,0.29780060706748523,FALSE,FALSE
2016-04-27,Weddell,0.802840878,0.2302894849080992,0.2302894849080992,0.29780060706748523,FALSE,FALSE
2016-04-28,Weddell,0.774975834,0.1959533386730824,0.1959533386730824,0.29780060706748523,FALSE,FALSE
2016-04-29,Weddell,0.77264365,0.18721270764253672,0.18721270764253672,0.29780060706748523,FALSE,FALSE
2016-04-30,Weddell,0.783784659,0.19199846209241825,0.19199846209241825,0.29780060706748523,FALSE,FALSE
2016-05-01,Weddell,0.805165703,0.2070679812986821,0.2070679812986821,0.29780060706748523,FALSE,FALSE
2016-05-02,Weddell,0.800727619,0.19635263953728443,0.19635263953728443,0.29780060706748523,FALSE,FALSE
2016-05-03,Weddell,0.793297408,0.1826699750841806,0.1826699750841806,0.29780060706748523,FALSE,FALSE
2016-05-04,Weddell,0.788189765,0.17132522021532537,0.17132522021532537,0.29780060706748523,FALSE,FALSE
2016-05-05,Weddell,0.772516622,0.149420844206675,0.149420844206675,0.29780060706748523,FALSE,FALSE
2016-05-06,Weddell,0.752606808,0.12327620550560758,0.12327620550560758,0.29780060706748523,FALSE,FALSE
2016-05-07,Weddell,0.734000091,0.09841723700518334,0.09841723700518334,0.29780060706748523,FALSE,FALSE
2016-05-08,Weddell,0.724087219,0.08220923545720693,0.08220923545720693,0.29780060706748523,FALSE,FALSE
2016-05-09,Weddell,0.7024486,0.05420524633966261,0.05420524633966261,0.29780060706748523,FALSE,FALSE
2016-05-10,Weddell,0.680801676,0.0260953491305329,0.0260953491305329,0.29780060706748523,FALSE,FALSE
2016-05-11,Weddell,0.647363959,-0.0139303066921973,0.0139303066921973,0.29780060706748523,FALSE,FALSE
2016-05-12,Weddell,0.625851922,-0.04218261065054618,0.04218261065054618,0.29780060706748523,FALSE,FALSE
2016-05-13,Weddell,0.602235313,-0.07271917726652921,0.07271917726652921,0.29780060706748523,FALSE,FALSE
2016-05-14,Weddell,0.569691974,-0.11238952706216288,0.11238952706216288,0.29780060706748523,FALSE,FALSE
2016-05-15,Weddell,0.538550943,-0.1508919845594641,0.1508919845594641,0.29780060706748523,FALSE,FALSE
2016-05-16,Weddell,0.531397076,-0.1656690562804486,0.1656690562804486,0.29780060706748523,FALSE,FALSE
2016-05-17,Weddell,0.540363633,-0.1646148447471334,0.1646148447471334,0.29780060706748523,FALSE,FALSE
2016-05-18,Weddell,0.533622951,-0.17958437548153472,0.17958437548153472,0.29780060706748523,FALSE,FALSE
2016-05-19,Weddell,0.573729191,-0.14804897034252718,0.14804897034252718,0.29780060706748523,FALSE,FALSE
2016-05-20,Weddell,0.590528267,-0.14015389938456657,0.14015389938456657,0.29780060706748523,FALSE,FALSE
2016-05-21,Weddell,0.678257589,-0.06162297035273922,0.06162297035273922,0.29780060706748523,FALSE,FALSE
2016-05-22,Weddell,0.698448009,-0.05088554078414387,0.05088554078414387,0.29780060706748523,FALSE,FALSE
2016-05-23,Weddell,0.695901663,-0.06309968421587786,0.06309968421587786,0.29780060706748523,FALSE,FALSE
2016-05-24,Weddell,0.684125148,-0.08471901318503872,0.08471901318503872,0.29780060706748523,FALSE,FALSE
2016-05-25,Weddell,0.625267107,-0.15355509422872515,0.15355509422872515,0.29780060706748523,FALSE,FALSE
2016-05-26,Weddell,0.562389066,-0.22650661088403432,0.22650661088403432,0.29780060706748523,FALSE,FALSE
2016-05-27,Weddell,0.526555536,-0.27246926168806485,0.27246926168806485,0.29780060706748523,FALSE,FALSE
2016-05-28,Weddell,0.500464978,-0.3087047951779136,0.3087047951779136,0.29780060706748523,TRUE,TRUE
2016-05-29,Weddell,0.490617194,-0.3286736188906793,0.3286736188906793,0.29780060706748523,TRUE,TRUE
2016-05-30,Weddell,0.475703742,-0.35364438436345924,0.35364438436345924,0.29780060706748523,TRUE,TRUE
2016-05-31,Weddell,0.509467676,-0.32983424713335185,0.32983424713335185,0.29780060706748523,TRUE,TRUE
2016-06-01,Weddell,0.522014753,-0.3271058484169507,0.3271058484169507,0.29780060706748523,TRUE,TRUE
2016-06-02,Weddell,0.560028727,-0.2987801596243981,0.2987801596243981,0.29780060706748523,TRUE,TRUE
2016-06-03,Weddell,0.601554769,-0.26682680539140435,0.26682680539140435,0.29780060706748523,FALSE,FALSE
2016-06-04,Weddell,0.611509185,-0.26634427572670627,0.26634427572670627,0.29780060706748523,FALSE,FALSE
2016-06-05,Weddell,0.697504098,-0.18973524363904185,0.18973524363904185,0.29780060706748523,FALSE,FALSE
2016-06-06,Weddell,0.747776507,-0.1487775061371467,0.1487775061371467,0.29780060706748523,FALSE,FALSE
2016-06-07,Weddell,0.750177563,-0.15563470822975944,0.15563470822975944,0.29780060706748523,FALSE,FALSE
2016-06-08,Weddell,0.719681296,-0.1953476159256163,0.1953476159256163,0.29780060706748523,FALSE,FALSE
2016-06-09,Weddell,0.681578198,-0.2426405332334548,0.2426405332334548,0.29780060706748523,FALSE,FALSE
2016-06-10,Weddell,0.647647697,-0.28574882816201086,0.28574882816201086,0.29780060706748523,FALSE,FALSE
2016-06-11,Weddell,0.634076172,-0.30850091772002297,0.30850091772002297,0.29780060706748523,TRUE,FALSE
2016-06-12,Weddell,0.710123044,-0.2416521769162275,0.2416521769162275,0.29780060706748523,FALSE,FALSE
2016-06-13,Weddell,0.815740931,-0.14526436937945109,0.14526436937945109,0.29780060706748523,FALSE,FALSE
2016-06-14,Weddell,0.843352742,-0.12691070015347097,0.12691070015347097,0.29780060706748523,FALSE,FALSE
2016-06-15,Weddell,0.852023506,-0.12749719379297209,0.12749719379297209,0.29780060706748523,FALSE,FALSE
2016-06-16,Weddell,0.832229418,-0.1565168931774692,0.1565168931774692,0.29780060706748523,FALSE,FALSE
2016-06-17,Weddell,0.813841184,-0.18406833018648305,0.18406833018648305,0.29780060706748523,FALSE,FALSE
2016-06-18,Weddell,0.801070063,-0.205909483699529,0.205909483699529,0.29780060706748523,FALSE,FALSE
2016-06-19,Weddell,0.813593415,-0.2023322315961248,0.2023322315961248,0.29780060706748523,FALSE,FALSE
2016-06-20,Weddell,0.822212029,-0.2025050227557884,0.2025050227557884,0.29780060706748523,FALSE,FALSE
2016-06-21,Weddell,0.822906397,-0.21041660305803644,0.21041660305803644,0.29780060706748523,FALSE,FALSE
2016-06-22,Weddell,0.829787656,-0.2119250733823869,0.2119250733823869,0.29780060706748523,FALSE,FALSE
2016-06-23,Weddell,0.815683476,-0.23417200160835705,0.23417200160835705,0.29780060706748523,FALSE,FALSE
2016-06-24,Weddell,0.80405681,-0.25366367261546474,0.25366367261546474,0.29780060706748523,FALSE,FALSE
2016-06-25,Weddell,0.796874831,-0.2684021512832271,0.2684021512832271,0.29780060706748523,FALSE,FALSE
2016-06-26,Weddell,0.815427415,-0.2570709238676132,0.2570709238676132,0.29780060706748523,FALSE,FALSE
2016-06-27,Weddell,0.842438864,-0.23695021649711512,0.23695021649711512,0.29780060706748523,FALSE,FALSE
2016-06-28,Weddell,0.857782486,-0.2281854902124555,0.2281854902124555,0.29780060706748523,FALSE,FALSE
2016-06-29,Weddell,0.889691722,-0.20256214627415736,0.20256214627415736,0.29780060706748523,FALSE,FALSE
2016-06-30,Weddell,0.945796423,-0.15246917594274434,0.15246917594274434,0.29780060706748523,FALSE,FALSE
2016-07-01,Weddell,0.951259948,-0.15276206247873947,0.15276206247873947,0.29780060706748523,FALSE,FALSE
2016-07-02,Weddell,0.974702448,-0.1348394971426653,0.1348394971426653,0.29780060706748523,FALSE,FALSE
2016-07-03,Weddell,1.013896998,-0.10094724719504676,0.10094724719504676,0.29780060706748523,FALSE,FALSE
2016-07-04,Weddell,1.073361512,-0.04658624089640639,0.04658624089640639,0.29780060706748523,FALSE,FALSE
2016-07-05,Weddell,1.094002694,-0.03086861650726691,0.03086861650726691,0.29780060706748523,FALSE,FALSE
2016-07-06,Weddell,1.123110035,-0.00652372528815248,0.00652372528815248,0.29780060706748523,FALSE,FALSE
2016-07-07,Weddell,1.147251,0.01299705550041308,0.01299705550041308,0.29780060706748523,FALSE,FALSE
2016-07-08,Weddell,1.13782469,-9.260078668793524e-4,9.260078668793524e-4,0.29780060706748523,FALSE,FALSE
2016-07-09,Weddell,1.121806765,-0.02133462455124291,0.02133462455124291,0.29780060706748523,FALSE,FALSE
2016-07-10,Weddell,1.089847774,-0.05759240736431748,0.05759240736431748,0.29780060706748523,FALSE,FALSE
2016-07-11,Weddell,1.060612466,-0.09104834466894518,0.09104834466894518,0.29780060706748523,FALSE,FALSE
2016-07-12,Weddell,1.039084326,-0.1167326888279685,0.1167326888279685,0.29780060706748523,FALSE,FALSE
2016-07-13,Weddell,0.999676232,-0.16024629920422984,0.16024629920422984,0.29780060706748523,FALSE,FALSE
2016-07-14,Weddell,0.948153299,-0.2158377981605727,0.2158377981605727,0.29780060706748523,FALSE,FALSE
2016-07-15,Weddell,0.89736054,-0.27067591005983904,0.27067591005983904,0.29780060706748523,FALSE,FALSE
2016-07-16,Weddell,0.860429337,-0.31164299026487274,0.31164299026487274,0.29780060706748523,TRUE,FALSE
2016-07-17,Weddell,0.843268477,-0.3328439891385143,0.3328439891385143,0.29780060706748523,TRUE,FALSE
2016-07-18,Weddell,0.878721261,-0.30144934304360904,0.30144934304360904,0.29780060706748523,TRUE,FALSE
2016-07-19,Weddell,0.894884612,-0.2893758663429973,0.2893758663429973,0.29780060706748523,FALSE,FALSE
2016-07-20,Weddell,0.941668128,-0.24672769839952313,0.24672769839952313,0.29780060706748523,FALSE,FALSE
2016-07-21,Weddell,1.030447512,-0.16214183012534344,0.16214183012534344,0.29780060706748523,FALSE,FALSE
2016-07-22,Weddell,1.115535559,-0.08130375841565529,0.08130375841565529,0.29780060706748523,FALSE,FALSE
2016-07-23,Weddell,1.129355003,-0.0717785429639386,0.0717785429639386,0.29780060706748523,FALSE,FALSE
2016-07-24,Weddell,1.134123877,-0.07133570632360775,0.07133570632360775,0.29780060706748523,FALSE,FALSE
2016-07-25,Weddell,1.129848956,-0.0799560290480763,0.0799560290480763,0.29780060706748523,FALSE,FALSE
2016-07-26,Weddell,1.109011109,-0.10514619769076106,0.10514619769076106,0.29780060706748523,FALSE,FALSE
2016-07-27,Weddell,1.061295132,-0.15720897180507531,0.15720897180507531,0.29780060706748523,FALSE,FALSE
2016-07-28,Weddell,1.005236543,-0.21759638894443212,0.21759638894443212,0.29780060706748523,FALSE,FALSE
2016-07-29,Weddell,0.991772498,-0.2353588486622482,0.2353588486622482,0.29780060706748523,FALSE,FALSE
2016-07-30,Weddell,0.998487581,-0.232899322511938,0.232899322511938,0.29780060706748523,FALSE,FALSE
2016-07-31,Weddell,0.983186107,-0.25240105104691446,0.25240105104691446,0.29780060706748523,FALSE,FALSE
2016-08-01,Weddell,0.958894983,-0.28082468282059403,0.28082468282059403,0.29780060706748523,FALSE,FALSE
2016-08-02,Weddell,0.968226588,-0.27554539451696325,0.27554539451696325,0.29780060706748523,FALSE,FALSE
2016-08-03,Weddell,0.974018074,-0.2737171147854949,0.2737171147854949,0.29780060706748523,FALSE,FALSE
2016-08-04,Weddell,1.016249024,-0.23536405718778175,0.23536405718778175,0.29780060706748523,FALSE,FALSE
2016-08-05,Weddell,1.049936326,-0.20547599663755345,0.20547599663755345,0.29780060706748523,FALSE,FALSE
2016-08-06,Weddell,1.072633803,-0.18650577304854177,0.18650577304854177,0.29780060706748523,FALSE,FALSE
2016-08-07,Weddell,1.130050577,-0.13275092733447513,0.13275092733447513,0.29780060706748523,FALSE,FALSE
2016-08-08,Weddell,1.197469899,-0.06893487140908561,0.06893487140908561,0.29780060706748523,FALSE,FALSE
2016-08-09,Weddell,1.251044184,-0.01891185318610233,0.01891185318610233,0.29780060706748523,FALSE,FALSE
2016-08-10,Weddell,1.233171373,-0.04029059457925599,0.04029059457925599,0.29780060706748523,FALSE,FALSE
2016-08-11,Weddell,1.188021075,-0.08890814950227743,0.08890814950227743,0.29780060706748523,FALSE,FALSE
2016-08-12,Weddell,1.157635507,-0.12272896386889508,0.12272896386889508,0.29780060706748523,FALSE,FALSE
2016-08-13,Weddell,1.132832599,-0.15094177059284153,0.15094177059284153,0.29780060706748523,FALSE,FALSE
2016-08-14,Weddell,1.136799823,-0.15036576058784656,0.15036576058784656,0.29780060706748523,FALSE,FALSE
2016-08-15,Weddell,1.134180438,-0.15636378881807422,0.15636378881807422,0.29780060706748523,FALSE,FALSE
2016-08-16,Weddell,1.135942262,-0.1579578351773221,0.1579578351773221,0.29780060706748523,FALSE,FALSE
2016-08-17,Weddell,1.151905608,-0.14529870953005397,0.14529870953005397,0.29780060706748523,FALSE,FALSE
2016-08-18,Weddell,1.190235011,-0.11019197630085233,0.11019197630085233,0.29780060706748523,FALSE,FALSE
2016-08-19,Weddell,1.216895724,-0.08664248191430013,0.08664248191430013,0.29780060706748523,FALSE,FALSE
2016-08-20,Weddell,1.216073685,-0.0904343877949818,0.0904343877949818,0.29780060706748523,FALSE,FALSE
2016-08-21,Weddell,1.212284723,-0.0970219643674779,0.0970219643674779,0.29780060706748523,FALSE,FALSE
2016-08-22,Weddell,1.203053675,-0.10885047405637338,0.10885047405637338,0.29780060706748523,FALSE,FALSE
2016-08-23,Weddell,1.180172371,-0.1340981862862496,0.1340981862862496,0.29780060706748523,FALSE,FALSE
2016-08-24,Weddell,1.134148513,-0.18222749848169095,0.18222749848169095,0.29780060706748523,FALSE,FALSE
2016-08-25,Weddell,1.104184194,-0.21400641706727952,0.21400641706727952,0.29780060706748523,FALSE,FALSE
2016-08-26,Weddell,1.07566702,-0.2440174354675979,0.2440174354675979,0.29780060706748523,FALSE,FALSE
2016-08-27,Weddell,1.05707557,-0.26375207410722945,0.26375207410722945,0.29780060706748523,FALSE,FALSE
2016-08-28,Weddell,1.090083048,-0.23151290541677327,0.23151290541677327,0.29780060706748523,FALSE,FALSE
2016-08-29,Weddell,1.120995138,-0.20100452494357857,0.20100452494357857,0.29780060706748523,FALSE,FALSE
2016-08-30,Weddell,1.160497975,-0.1615640411551018,0.1615640411551018,0.29780060706748523,FALSE,FALSE
2016-08-31,Weddell,1.182070495,-0.13973578477181392,0.13973578477181392,0.29780060706748523,FALSE,FALSE
2016-09-01,Weddell,1.161853951,-0.15940176951418694,0.15940176951418694,0.29780060706748523,FALSE,FALSE
2016-09-02,Weddell,1.072803851,-0.2476297541026944,0.2476297541026944,0.29780060706748523,FALSE,FALSE
2016-09-03,Weddell,0.96947673,-0.34988647025780617,0.34988647025780617,0.29780060706748523,TRUE,FALSE
2016-09-04,Weddell,0.934036672,-0.384031100699995,0.384031100699995,0.29780060706748523,TRUE,FALSE
2016-09-05,Weddell,0.99669731,-0.3198732791497333,0.3198732791497333,0.29780060706748523,TRUE,FALSE
2016-09-06,Weddell,1.051075342,-0.2638195743274925,0.2638195743274925,0.29780060706748523,FALSE,FALSE
2016-09-07,Weddell,1.155754133,-0.1573098879537449,0.1573098879537449,0.29780060706748523,FALSE,FALSE
2016-09-08,Weddell,1.195764641,-0.11533652874896184,0.11533652874896184,0.29780060706748523,FALSE,FALSE
2016-09-09,Weddell,1.210393532,-0.0986359854684158,0.0986359854684158,0.29780060706748523,FALSE,FALSE
2016-09-10,Weddell,1.207874323,-0.0989872668272156,0.0989872668272156,0.29780060706748523,FALSE,FALSE
2016-09-11,Weddell,1.150053872,-0.15453680614367182,0.15453680614367182,0.29780060706748523,FALSE,FALSE
2016-09-12,Weddell,1.102850723,-0.19935732552179597,0.19935732552179597,0.29780060706748523,FALSE,FALSE
2016-09-13,Weddell,1.039511173,-0.26019379406559895,0.26019379406559895,0.29780060706748523,FALSE,FALSE
2016-09-14,Weddell,1.01840365,-0.2786690498790949,0.2786690498790949,0.29780060706748523,FALSE,FALSE
2016-09-15,Weddell,0.997017537,-0.297284976066294,0.297284976066294,0.29780060706748523,FALSE,FALSE
2016-09-16,Weddell,0.974983297,-0.31640237573120855,0.31640237573120855,0.29780060706748523,TRUE,TRUE
2016-09-17,Weddell,0.951111393,-0.33720205197785125,0.33720205197785125,0.29780060706748523,TRUE,TRUE
2016-09-18,Weddell,0.953540647,-0.33153644891023337,0.33153644891023337,0.29780060706748523,TRUE,TRUE
2016-09-19,Weddell,0.93939264200000006,-0.3422752496323669,0.3422752496323669,0.29780060706748523,TRUE,TRUE
2016-09-20,Weddell,0.962573122,-0.31550397624826365,0.31550397624826365,0.29780060706748523,TRUE,TRUE
2016-09-21,Weddell,0.998086247,-0.27620973486193634,0.27620973486193634,0.29780060706748523,FALSE,FALSE
2016-09-22,Weddell,1.011609559,-0.2587084125230974,0.2587084125230974,0.29780060706748523,FALSE,FALSE
2016-09-23,Weddell,1.014652939,-0.2515067140485052,0.2515067140485052,0.29780060706748523,FALSE,FALSE
2016-09-24,Weddell,1.037295761,-0.2245558985057752,0.2245558985057752,0.29780060706748523,FALSE,FALSE
2016-09-25,Weddell,1.030636151,-0.2267886700609485,0.2267886700609485,0.29780060706748523,FALSE,FALSE
2016-09-26,Weddell,0.99217153,-0.26073843788006656,0.26073843788006656,0.29780060706748523,FALSE,FALSE
2016-09-27,Weddell,0.963948628,-0.2843893021291728,0.2843893021291728,0.29780060706748523,FALSE,FALSE
2016-09-28,Weddell,0.942460096,-0.30127944197430767,0.30127944197430767,0.29780060706748523,TRUE,TRUE
2016-09-29,Weddell,0.929524474,-0.3096211475815135,0.3096211475815135,0.29780060706748523,TRUE,TRUE
2016-09-30,Weddell,0.922099826,-0.31248718511683204,0.31248718511683204,0.29780060706748523,TRUE,TRUE
2016-10-01,Weddell,0.912247069,-0.3178474677463048,0.3178474677463048,0.29780060706748523,TRUE,TRUE
2016-10-02,Weddell,0.902962669,-0.3227363596359739,0.3227363596359739,0.29780060706748523,TRUE,TRUE
2016-10-03,Weddell,0.902367023,-0.3190642939518822,0.3190642939518822,0.29780060706748523,TRUE,TRUE
2016-10-04,Weddell,0.885210299,-0.3321119229799193,0.3321119229799193,0.29780060706748523,TRUE,TRUE
2016-10-05,Weddell,0.869930012,-0.34346060068359074,0.34346060068359074,0.29780060706748523,TRUE,TRUE
2016-10-06,Weddell,0.844785624,-0.36483457862244784,0.36483457862244784,0.29780060706748523,TRUE,TRUE
2016-10-07,Weddell,0.807265266,-0.39872300774421265,0.39872300774421265,0.29780060706748523,TRUE,TRUE
2016-10-08,Weddell,0.778882486,-0.4235896219966112,0.4235896219966112,0.29780060706748523,TRUE,TRUE
2016-10-09,Weddell,0.763952771,-0.43509621632736506,0.43509621632736506,0.29780060706748523,TRUE,TRUE
2016-10-10,Weddell,0.757755204,-0.43794098968420014,0.43794098968420014,0.29780060706748523,TRUE,TRUE
2016-10-11,Weddell,0.772508909,-0.41988210001483817,0.41988210001483817,0.29780060706748523,TRUE,TRUE
2016-10-12,Weddell,0.8338978,-0.3552129152670046,0.3552129152670046,0.29780060706748523,TRUE,TRUE
2016-10-13,Weddell,0.850514846,-0.33531774838842154,0.33531774838842154,0.29780060706748523,TRUE,TRUE
2016-10-14,Weddell,0.87392991,-0.3086040183268137,0.3086040183268137,0.29780060706748523,TRUE,TRUE
2016-10-15,Weddell,0.900441418,-0.27875058102990424,0.27875058102990424,0.29780060706748523,FALSE,FALSE
2016-10-16,Weddell,0.90602605,-0.2697580384454187,0.2697580384454187,0.29780060706748523,FALSE,FALSE
2016-10-17,Weddell,0.901803411,-0.2704845107983104,0.2704845107983104,0.29780060706748523,FALSE,FALSE
2016-10-18,Weddell,0.880356192,-0.2883344473906062,0.2883344473906062,0.29780060706748523,FALSE,FALSE
2016-10-19,Weddell,0.85521704,-0.3097713424819596,0.3097713424819596,0.29780060706748523,TRUE,FALSE
2016-10-20,Weddell,0.876090923,-0.28508672973283145,0.28508672973283145,0.29780060706748523,FALSE,FALSE
2016-10-21,Weddell,0.903799105,-0.2534558468036836,0.2534558468036836,0.29780060706748523,FALSE,FALSE
2016-10-22,Weddell,0.905086112,-0.24813066935497763,0.24813066935497763,0.29780060706748523,FALSE,FALSE
2016-10-23,Weddell,0.878094664,-0.27096497904717354,0.27096497904717354,0.29780060706748523,FALSE,FALSE
2016-10-24,Weddell,0.857800316,-0.28697972254073345,0.28697972254073345,0.29780060706748523,FALSE,FALSE
2016-10-25,Weddell,0.850480536,-0.28989393349611847,0.28989393349611847,0.29780060706748523,FALSE,FALSE
2016-10-26,Weddell,0.821583935,-0.3142555025737903,0.3142555025737903,0.29780060706748523,TRUE,TRUE
2016-10-27,Weddell,0.804898171,-0.3262732734342084,0.3262732734342084,0.29780060706748523,TRUE,TRUE
2016-10-28,Weddell,0.785129693,-0.34123729873783626,0.34123729873783626,0.29780060706748523,TRUE,TRUE
2016-10-29,Weddell,0.766513649,-0.3549089321451342,0.3549089321451342,0.29780060706748523,TRUE,TRUE
2016-10-30,Weddell,0.761377978,-0.3549573894591457,0.3549573894591457,0.29780060706748523,TRUE,TRUE
2016-10-31,Weddell,0.77429368,-0.3368120403925292,0.3368120403925292,0.29780060706748523,TRUE,TRUE
2016-11-01,Weddell,0.787675649,-0.3180593481532491,0.3180593481532491,0.29780060706748523,TRUE,TRUE
2016-11-02,Weddell,0.810986384,-0.28923817121473494,0.28923817121473494,0.29780060706748523,FALSE,FALSE
2016-11-03,Weddell,0.82565812,-0.2689176320504153,0.2689176320504153,0.29780060706748523,FALSE,FALSE
2016-11-04,Weddell,0.838587142,-0.25020280313372045,0.25020280313372045,0.29780060706748523,FALSE,FALSE
2016-11-05,Weddell,0.855222201,-0.2276462909380771,0.2276462909380771,0.29780060706748523,FALSE,FALSE
2016-11-06,Weddell,0.88686981,-0.1899429399369169,0.1899429399369169,0.29780060706748523,FALSE,FALSE
2016-11-07,Weddell,0.890558255,-0.1800658216036677,0.1800658216036677,0.29780060706748523,FALSE,FALSE
2016-11-08,Weddell,0.888109307,-0.17619452241175904,0.17619452241175904,0.29780060706748523,FALSE,FALSE
2016-11-09,Weddell,0.901695124,-0.1561582418346199,0.1561582418346199,0.29780060706748523,FALSE,FALSE
2016-11-10,Weddell,0.901798991,-0.1494750523456786,0.1494750523456786,0.29780060706748523,FALSE,FALSE
2016-11-11,Weddell,0.881280743,-0.1632863804778064,0.1632863804778064,0.29780060706748523,FALSE,FALSE
2016-11-12,Weddell,0.865140514,-0.1725880464280546,0.1725880464280546,0.29780060706748523,FALSE,FALSE
2016-11-13,Weddell,0.863619182,-0.16712714836030196,0.16712714836030196,0.29780060706748523,FALSE,FALSE
2016-11-14,Weddell,0.870378336,-0.1532294153821293,0.1532294153821293,0.29780060706748523,FALSE,FALSE
2016-11-15,Weddell,0.867451272,-0.14884886960111654,0.14884886960111654,0.29780060706748523,FALSE,FALSE
2016-11-16,Weddell,0.851552853,-0.15725796612484344,0.15725796612484344,0.29780060706748523,FALSE,FALSE
2016-11-17,Weddell,0.82757702,-0.1735500820608905,0.1735500820608905,0.29780060706748523,FALSE,FALSE
2016-11-18,Weddell,0.789455416,-0.20378089251683795,0.20378089251683795,0.29780060706748523,FALSE,FALSE
2016-11-19,Weddell,0.746258554,-0.23886720260026573,0.23886720260026573,0.29780060706748523,FALSE,FALSE
2016-11-20,Weddell,0.711049146,-0.2657336184187543,0.2657336184187543,0.29780060706748523,FALSE,FALSE
2016-11-21,Weddell,0.686419604,-0.2817750460798837,0.2817750460798837,0.29780060706748523,FALSE,FALSE
2016-11-22,Weddell,0.667845011,-0.29150372069123387,0.29150372069123387,0.29780060706748523,FALSE,FALSE
2016-11-23,Weddell,0.670183511,-0.28004881636038537,0.28004881636038537,0.29780060706748523,FALSE,FALSE
2016-11-24,Weddell,0.681084878,-0.2597502618011823,0.2597502618011823,0.29780060706748523,FALSE,FALSE
2016-11-25,Weddell,0.689826717,-0.2413403233277308,0.2413403233277308,0.29780060706748523,FALSE,FALSE
2016-11-26,Weddell,0.686168341,-0.23507970054922067,0.23507970054922067,0.29780060706748523,FALSE,FALSE
2016-11-27,Weddell,0.686169844,-0.22492838888926503,0.22492838888926503,0.29780060706748523,FALSE,FALSE
2016-11-28,Weddell,0.68803918,-0.2126985237714748,0.2126985237714748,0.29780060706748523,FALSE,FALSE
2016-11-29,Weddell,0.697413503,-0.19277304061946132,0.19277304061946132,0.29780060706748523,FALSE,FALSE
2016-11-30,Weddell,0.697430405,-0.1820344368568373,0.1820344368568373,0.29780060706748523,FALSE,FALSE
2016-12-01,Weddell,0.695020845,-0.17357184290721417,0.17357184290721417,0.29780060706748523,FALSE,FALSE
2016-12-02,Weddell,0.680169708,-0.17742046319420335,0.17742046319420335,0.29780060706748523,FALSE,FALSE
2016-12-03,Weddell,0.664663604,-0.181813777141417,0.181813777141417,0.29780060706748523,FALSE,FALSE
2016-12-04,Weddell,0.643508244,-0.19176616317246695,0.19176616317246695,0.29780060706748523,FALSE,FALSE
2016-12-05,Weddell,0.629825648,-0.1941756907109643,0.1941756907109643,0.29780060706748523,FALSE,FALSE
2016-12-06,Weddell,0.631677218,-0.18100104496208305,0.18100104496208305,0.29780060706748523,FALSE,FALSE
2016-12-07,Weddell,0.6336146,-0.16770997845675317,0.16770997845675317,0.29780060706748523,FALSE,FALSE
2016-12-08,Weddell,0.615709226,-0.17424879689649608,0.17424879689649608,0.29780060706748523,FALSE,FALSE
2016-12-09,Weddell,0.606422542,-0.17217354664130458,0.17217354664130458,0.29780060706748523,FALSE,FALSE
2016-12-10,Weddell,0.595283306,-0.17197296205116883,0.17197296205116883,0.29780060706748523,FALSE,FALSE
2016-12-11,Weddell,0.595406562,-0.1605494914860809,0.1605494914860809,0.29780060706748523,FALSE,FALSE
2016-12-12,Weddell,0.594848057,-0.14986488030603273,0.14986488030603273,0.29780060706748523,FALSE,FALSE
2016-12-13,Weddell,0.578046583,-0.15549782887101538,0.15549782887101538,0.29780060706748523,FALSE,FALSE
2016-12-14,Weddell,0.56497762,-0.1574903495410206,0.1574903495410206,0.29780060706748523,FALSE,FALSE
2016-12-15,Weddell,0.564400116,-0.1471009866760401,0.1471009866760401,0.29780060706748523,FALSE,FALSE
2016-12-16,Weddell,0.565644826,-0.13501647763606528,0.13501647763606528,0.29780060706748523,FALSE,FALSE
2016-12-17,Weddell,0.553689261,-0.13627680378108742,0.13627680378108742,0.29780060706748523,FALSE,FALSE
2016-12-18,Weddell,0.556129716,-0.12330316247109883,0.12330316247109883,0.29780060706748523,FALSE,FALSE
2016-12-19,Weddell,0.561704778,-0.10737387395367026,0.10737387395367026,0.29780060706748523,FALSE,FALSE
2016-12-20,Weddell,0.557963444,-0.10094759672118224,0.10094759672118224,0.29780060706748523,FALSE,FALSE
2016-12-21,Weddell,0.555458002,-0.093472313320756,0.093472313320756,0.29780060706748523,FALSE,FALSE
2016-12-22,Weddell,0.557937497,-0.08119904350381302,0.08119904350381302,0.29780060706748523,FALSE,FALSE
2016-12-23,Weddell,0.567247143,-0.06228263802177647,0.06228263802177647,0.29780060706748523,FALSE,FALSE
2016-12-24,Weddell,0.570971692,-0.04913840962606852,0.04913840962606852,0.29780060706748523,FALSE,FALSE
2016-12-25,Weddell,0.571582494,-0.03929507306811297,0.03929507306811297,0.29780060706748523,FALSE,FALSE
2016-12-26,Weddell,0.564118054,-0.0377141880993318,0.0377141880993318,0.29780060706748523,FALSE,FALSE
2016-12-27,Weddell,0.56476098,-0.02821321147114686,0.02821321147114686,0.29780060706748523,FALSE,FALSE
2016-12-28,Weddell,0.562833456,-0.02147002393498154,0.02147002393498154,0.29780060706748523,FALSE,FALSE
2016-12-29,Weddell,0.567245034,-0.00857513824225952,0.00857513824225952,0.29780060706748523,FALSE,FALSE
2016-12-30,Weddell,0.564803453,-0.00272088014440141,0.00272088014440141,0.29780060706748523,FALSE,FALSE
2016-12-31,Weddell,0.561755185,0.00233915760716929,0.00233915760716929,0.29780060706748523,FALSE,FALSE
2017-01-01,Weddell,0.559291922,-1.2410539283058686e-4,1.2410539283058686e-4,0.29780060706748523,FALSE,FALSE
2017-01-02,Weddell,0.546101832,-0.00539213487456657,0.00539213487456657,0.29780060706748523,FALSE,FALSE
2017-01-03,Weddell,0.55239151,0.00864005798098932,0.00864005798098932,0.29780060706748523,FALSE,FALSE
2017-01-04,Weddell,0.547940401,0.0117599706088376,0.0117599706088376,0.29780060706748523,FALSE,FALSE
2017-01-05,Weddell,0.545966972,0.01719412244398188,0.01719412244398188,0.29780060706748523,FALSE,FALSE
2017-01-06,Weddell,0.549652636,0.02813197892142094,0.02813197892142094,0.29780060706748523,FALSE,FALSE
2017-01-07,Weddell,0.559624855,0.04520905447615864,0.04520905447615864,0.29780060706748523,FALSE,FALSE
2017-01-08,Weddell,0.554659422,0.04720919454319583,0.04720919454319583,0.29780060706748523,FALSE,FALSE
2017-01-09,Weddell,0.540860577,0.04024469155753285,0.04024469155753285,0.29780060706748523,FALSE,FALSE
2017-01-10,Weddell,0.544571926,0.05066720395417357,0.05066720395417357,0.29780060706748523,FALSE,FALSE
2017-01-11,Weddell,0.542074004,0.05476531916811772,0.05476531916811772,0.29780060706748523,FALSE,FALSE
2017-01-12,Weddell,0.539587776,0.05876805463436818,0.05876805463436818,0.29780060706748523,FALSE,FALSE
2017-01-13,Weddell,0.53327858,0.05884880078792548,0.05884880078792548,0.29780060706748523,FALSE,FALSE
2017-01-14,Weddell,0.520767214,0.05263642450633354,0.05263642450633354,0.29780060706748523,FALSE,FALSE
2017-01-15,Weddell,0.51768039,0.05576629670507166,0.05576629670507166,0.29780060706748523,FALSE,FALSE
2017-01-16,Weddell,0.505160366,0.04939007349082064,0.04939007349082064,0.29780060706748523,FALSE,FALSE
2017-01-17,Weddell,0.500187671,0.05049772871922192,0.05049772871922192,0.29780060706748523,FALSE,FALSE
2017-01-18,Weddell,0.504492215,0.06082861724591759,0.06082861724591759,0.29780060706748523,FALSE,FALSE
2017-01-19,Weddell,0.500117185,0.06243537092654921,0.06243537092654921,0.29780060706748523,FALSE,FALSE
2017-01-20,Weddell,0.481287762,0.04955261561675928,0.04955261561675928,0.29780060706748523,FALSE,FALSE
2017-01-21,Weddell,0.475068286,0.0492541361721891,0.0492541361721891,0.29780060706748523,FALSE,FALSE
2017-01-22,Weddell,0.483316199,0.06340681944848103,0.06340681944848103,0.29780060706748523,FALSE,FALSE
2017-01-23,Weddell,0.477058522,0.06304713130127648,0.06304713130127648,0.29780060706748523,FALSE,FALSE
2017-01-24,Weddell,0.451287023,0.04317628458621792,0.04317628458621792,0.29780060706748523,FALSE,FALSE
2017-01-25,Weddell,0.43943218,0.03723420215894663,0.03723420215894663,0.29780060706748523,FALSE,FALSE
2017-01-26,Weddell,0.44073505,0.04447138587510568,0.04447138587510568,0.29780060706748523,FALSE,FALSE
2017-01-27,Weddell,0.414456592,0.02415556743340791,0.02415556743340791,0.29780060706748523,FALSE,FALSE
2017-01-28,Weddell,0.392351182,0.00802980647603834,0.00802980647603834,0.29780060706748523,FALSE,FALSE
2017-01-29,Weddell,0.372863932,-0.00547960210550058,0.00547960210550058,0.29780060706748523,FALSE,FALSE
2017-01-30,Weddell,0.394105345,0.02171900341799487,0.02171900341799487,0.29780060706748523,FALSE,FALSE
2017-01-31,Weddell,0.399094006,0.03262536677572902,0.03262536677572902,0.29780060706748523,FALSE,FALSE
2017-02-01,Weddell,0.371444481,0.01083521269690507,0.01083521269690507,0.29780060706748523,FALSE,FALSE
2017-02-02,Weddell,0.375816501,0.02098943091072758,0.02098943091072758,0.29780060706748523,FALSE,FALSE
2017-02-03,Weddell,0.400202884,0.05106199814640005,0.05106199814640005,0.29780060706748523,FALSE,FALSE
2017-02-04,Weddell,0.402064677,0.05849512013312641,0.05849512013312641,0.29780060706748523,FALSE,FALSE
2017-02-05,Weddell,0.404089423,0.06595749860011091,0.06595749860011091,0.29780060706748523,FALSE,FALSE
2017-02-06,Weddell,0.406004563,0.07315773327655706,0.07315773327655706,0.29780060706748523,FALSE,FALSE
2017-02-07,Weddell,0.406064901,0.07833178689166875,0.07833178689166875,0.29780060706748523,FALSE,FALSE
2017-02-08,Weddell,0.403015192,0.08020559749487294,0.08020559749487294,0.29780060706748523,FALSE,FALSE
2017-02-09,Weddell,0.369810711,0.05171883397224042,0.05171883397224042,0.29780060706748523,FALSE,FALSE
2017-02-10,Weddell,0.352969826,0.03938064379277217,0.03938064379277217,0.29780060706748523,FALSE,FALSE
2017-02-11,Weddell,0.331043967,0.02173399141594123,0.02173399141594123,0.29780060706748523,FALSE,FALSE
2017-02-12,Weddell,0.32093652,0.01567379730122203,0.01567379730122203,0.29780060706748523,FALSE,FALSE
2017-02-13,Weddell,0.309579119,0.00812322990808783,0.00812322990808783,0.29780060706748523,FALSE,FALSE
2017-02-14,Weddell,0.295756513,-0.0021414273039873,0.0021414273039873,0.29780060706748523,FALSE,FALSE
2017-02-15,Weddell,0.284399125,-0.01019821687552979,0.01019821687552979,0.29780060706748523,FALSE,FALSE
2017-02-16,Weddell,0.30961992,0.018057360652934,0.018057360652934,0.29780060706748523,FALSE,FALSE
2017-02-17,Weddell,0.300820992,0.01201893374087809,0.01201893374087809,0.29780060706748523,FALSE,FALSE
2017-02-18,Weddell,0.283287206,-0.00303709815222436,0.00303709815222436,0.29780060706748523,FALSE,FALSE
2017-02-19,Weddell,0.274543586,-0.00959417656689931,0.00959417656689931,0.29780060706748523,FALSE,FALSE
2017-02-20,Weddell,0.267009917,-0.01524098204367269,0.01524098204367269,0.29780060706748523,FALSE,FALSE
2017-02-21,Weddell,0.242534253,-0.03813745370243385,0.03813745370243385,0.29780060706748523,FALSE,FALSE
2017-02-22,Weddell,0.223644249,-0.05575820220855457,0.05575820220855457,0.29780060706748523,FALSE,FALSE
2017-02-23,Weddell,0.219797406,-0.05864418207472435,0.05864418207472435,0.29780060706748523,FALSE,FALSE
2017-02-24,Weddell,0.202156848,-0.07563065593761126,0.07563065593761126,0.29780060706748523,FALSE,FALSE
2017-02-25,Weddell,0.20794525,-0.06949333543388284,0.06949333543388284,0.29780060706748523,FALSE,FALSE
2017-02-26,Weddell,0.210507352,-0.06688586720020681,0.06688586720020681,0.29780060706748523,FALSE,FALSE
2017-02-27,Weddell,0.204227215,-0.07342257687325046,0.07342257687325046,0.29780060706748523,FALSE,FALSE
2017-02-28,Weddell,0.206827709,-0.07137898108968152,0.07137898108968152,0.29780060706748523,FALSE,FALSE
2017-03-01,Weddell,0.196774557,-0.08228774348616794,0.08228774348616794,0.29780060706748523,FALSE,FALSE
2017-03-02,Weddell,0.216952224,-0.0632627856993769,0.0632627856993769,0.29780060706748523,FALSE,FALSE
2017-03-03,Weddell,0.228339285,-0.05332391936597619,0.05332391936597619,0.29780060706748523,FALSE,FALSE
2017-03-04,Weddell,0.217549139,-0.06585613212263319,0.06585613212263319,0.29780060706748523,FALSE,FALSE
2017-03-05,Weddell,0.220747463,-0.06469213273392346,0.06469213273392346,0.29780060706748523,FALSE,FALSE
2017-03-06,Weddell,0.209474858,-0.07828646189096597,0.07828646189096597,0.29780060706748523,FALSE,FALSE
2017-03-07,Weddell,0.210715604,-0.07963941981397044,0.07963941981397044,0.29780060706748523,FALSE,FALSE
2017-03-08,Weddell,0.23425138,-0.05895176204963975,0.05895176204963975,0.29780060706748523,FALSE,FALSE
2017-03-09,Weddell,0.229807379,-0.06648073014467812,0.06648073014467812,0.29780060706748523,FALSE,FALSE
2017-03-10,Weddell,0.219695871,-0.07989648864578996,0.07989648864578996,0.29780060706748523,FALSE,FALSE
2017-03-11,Weddell,0.2114144,-0.09168392809967828,0.09168392809967828,0.29780060706748523,FALSE,FALSE
2017-03-12,Weddell,0.19630554,-0.11048290905304692,0.11048290905304692,0.29780060706748523,FALSE,FALSE
2017-03-13,Weddell,0.193149166,-0.11749599105260047,0.11749599105260047,0.29780060706748523,FALSE,FALSE
2017-03-14,Weddell,0.202101539,-0.1125493476450421,0.1125493476450421,0.29780060706748523,FALSE,FALSE
2017-03-15,Weddell,0.212159195,-0.1066288773770758,0.1066288773770758,0.29780060706748523,FALSE,FALSE
2017-03-16,Weddell,0.21529611,-0.10774303879540556,0.10774303879540556,0.29780060706748523,FALSE,FALSE
2017-03-17,Weddell,0.208326985,-0.1190595654467351,0.1190595654467351,0.29780060706748523,FALSE,FALSE
2017-03-18,Weddell,0.208331797,-0.12348119364265234,0.12348119364265234,0.29780060706748523,FALSE,FALSE
2017-03-19,Weddell,0.207715514,-0.12859263080710903,0.12859263080710903,0.29780060706748523,FALSE,FALSE
2017-03-20,Weddell,0.202651736,-0.138217234791897,0.138217234791897,0.29780060706748523,FALSE,FALSE
2017-03-21,Weddell,0.202752206,-0.14274056331742752,0.14274056331742752,0.29780060706748523,FALSE,FALSE
2017-03-22,Weddell,0.209729842,-0.14044699910411124,0.14044699910411124,0.29780060706748523,FALSE,FALSE
2017-03-23,Weddell,0.205339398,-0.14957908887235888,0.14957908887235888,0.29780060706748523,FALSE,FALSE
2017-03-24,Weddell,0.206638804,-0.15307620334258093,0.15307620334258093,0.29780060706748523,FALSE,FALSE
2017-03-25,Weddell,0.189527618,-0.17503608523518793,0.17503608523518793,0.29780060706748523,FALSE,FALSE
2017-03-26,Weddell,0.195249482,-0.17421239327059126,0.17421239327059126,0.29780060706748523,FALSE,FALSE
2017-03-27,Weddell,0.196499707,-0.17790711716920135,0.17790711716920135,0.29780060706748523,FALSE,FALSE
2017-03-28,Weddell,0.189534085,-0.18986176565142873,0.18986176565142873,0.29780060706748523,FALSE,FALSE
2017-03-29,Weddell,0.206614133,-0.17781212243768388,0.17781212243768388,0.29780060706748523,FALSE,FALSE
2017-03-30,Weddell,0.237164651,-0.15233068824837803,0.15233068824837803,0.29780060706748523,FALSE,FALSE
2017-03-31,Weddell,0.243554116,-0.15104793799160238,0.15104793799160238,0.29780060706748523,FALSE,FALSE
2017-04-01,Weddell,0.253557895,-0.1461964820221741,0.1461964820221741,0.29780060706748523,FALSE,FALSE
2017-04-02,Weddell,0.285102015,-0.1198613389578636,0.1198613389578636,0.29780060706748523,FALSE,FALSE
2017-04-03,Weddell,0.302112099,-0.10812793395297182,0.10812793395297182,0.29780060706748523,FALSE,FALSE
2017-04-04,Weddell,0.322836391,-0.09275907116179988,0.09275907116179988,0.29780060706748523,FALSE,FALSE
2017-04-05,Weddell,0.33539174,-0.08564894973864884,0.08564894973864884,0.29780060706748523,FALSE,FALSE
2017-04-06,Weddell,0.328496816,-0.09808994783781848,0.09808994783781848,0.29780060706748523,FALSE,FALSE
2017-04-07,Weddell,0.308421037,-0.12382369561361106,0.12382369561361106,0.29780060706748523,FALSE,FALSE
2017-04-08,Weddell,0.305872693,-0.1321529512203265,0.1321529512203265,0.29780060706748523,FALSE,FALSE
2017-04-09,Weddell,0.300259219,-0.1436813278122665,0.1436813278122665,0.29780060706748523,FALSE,FALSE
2017-04-10,Weddell,0.304088832,-0.14591165654373123,0.14591165654373123,0.29780060706748523,FALSE,FALSE
2017-04-11,Weddell,0.298437832,-0.15777868556902258,0.15777868556902258,0.29780060706748523,FALSE,FALSE
2017-04-12,Weddell,0.283361375,-0.17923814033982566,0.17923814033982566,0.29780060706748523,FALSE,FALSE
2017-04-13,Weddell,0.277704852,-0.19144363037360465,0.19144363037360465,0.29780060706748523,FALSE,FALSE
2017-04-14,Weddell,0.297184014,-0.17865881957431973,0.17865881957431973,0.29780060706748523,FALSE,FALSE
2017-04-15,Weddell,0.305326336,-0.177333818461955,0.177333818461955,0.29780060706748523,FALSE,FALSE
2017-04-16,Weddell,0.319217231,-0.17036079955649597,0.17036079955649597,0.29780060706748523,FALSE,FALSE
2017-04-17,Weddell,0.329904437,-0.16666961037792766,0.16666961037792766,0.29780060706748523,FALSE,FALSE
2017-04-18,Weddell,0.339294695,-0.1643310954462348,0.1643310954462348,0.29780060706748523,FALSE,FALSE
2017-04-19,Weddell,0.358084467,-0.15262637828140263,0.15262637828140263,0.29780060706748523,FALSE,FALSE
2017-04-20,Weddell,0.376266258,-0.14154053940341615,0.14154053940341615,0.29780060706748523,FALSE,FALSE
2017-04-21,Weddell,0.398161265,-0.12672996733226044,0.12672996733226044,0.29780060706748523,FALSE,FALSE
2017-04-22,Weddell,0.394950617,-0.13699111858792057,0.13699111858792057,0.29780060706748523,FALSE,FALSE
2017-04-23,Weddell,0.381753442,-0.15718245069038134,0.15718245069038134,0.29780060706748523,FALSE,FALSE
2017-04-24,Weddell,0.375516236,-0.17033505315962832,0.17033505315962832,0.29780060706748523,FALSE,FALSE
2017-04-25,Weddell,0.372390791,-0.18027673691957652,0.18027673691957652,0.29780060706748523,FALSE,FALSE
2017-04-26,Weddell,0.364242096,-0.1951412761122746,0.1951412761122746,0.29780060706748523,FALSE,FALSE
2017-04-27,Weddell,0.362336581,-0.20367159192836803,0.20367159192836803,0.29780060706748523,FALSE,FALSE
2017-04-28,Weddell,0.375481812,-0.1970695810919008,0.1970695810919008,0.29780060706748523,FALSE,FALSE
2017-04-29,Weddell,0.391766301,-0.18725619432691765,0.18725619432691765,0.29780060706748523,FALSE,FALSE
2017-04-30,Weddell,0.410592915,-0.1748380273574633,0.1748380273574633,0.29780060706748523,FALSE,FALSE
2017-05-01,Weddell,0.418782006,-0.17300419090758185,0.17300419090758185,0.29780060706748523,FALSE,FALSE
2017-05-02,Weddell,0.432594224,-0.1655034977013179,0.1655034977013179,0.29780060706748523,FALSE,FALSE
2017-05-03,Weddell,0.441348525,-0.16302645446271558,0.16302645446271558,0.29780060706748523,FALSE,FALSE
2017-05-04,Weddell,0.424410768,-0.18621666491581945,0.18621666491581945,0.29780060706748523,FALSE,FALSE
2017-05-05,Weddell,0.408202692,-0.2086618527846747,0.2086618527846747,0.29780060706748523,FALSE,FALSE
2017-05-06,Weddell,0.40198715,-0.22110862779332505,0.22110862779332505,0.29780060706748523,FALSE,FALSE
2017-05-07,Weddell,0.391358922,-0.23797168049439243,0.23797168049439243,0.29780060706748523,FALSE,FALSE
2017-05-08,Weddell,0.407020982,-0.22856187199481665,0.22856187199481665,0.29780060706748523,FALSE,FALSE
2017-05-09,Weddell,0.412670734,-0.22920724954279303,0.22920724954279303,0.29780060706748523,FALSE,FALSE
2017-05-10,Weddell,0.425129459,-0.22311389466033735,0.22311389466033735,0.29780060706748523,FALSE,FALSE
2017-05-11,Weddell,0.424483843,-0.23022248386946703,0.23022248386946703,0.29780060706748523,FALSE,FALSE
2017-05-12,Weddell,0.416964103,-0.24433016269219732,0.24433016269219732,0.29780060706748523,FALSE,FALSE
2017-05-13,Weddell,0.398191877,-0.2698426556505461,0.2698426556505461,0.29780060706748523,FALSE,FALSE
2017-05-14,Weddell,0.374448996,-0.3005054942665292,0.3005054942665292,0.29780060706748523,TRUE,TRUE
2017-05-15,Weddell,0.346887776,-0.33519372506216294,0.33519372506216294,0.29780060706748523,TRUE,TRUE
2017-05-16,Weddell,0.343131897,-0.346311030559464,0.346311030559464,0.29780060706748523,TRUE,TRUE
2017-05-17,Weddell,0.338110861,-0.3589552712804486,0.3589552712804486,0.29780060706748523,TRUE,TRUE
2017-05-18,Weddell,0.354369295,-0.35060918274713343,0.35060918274713343,0.29780060706748523,TRUE,TRUE
2017-05-19,Weddell,0.389517077,-0.32369024948153474,0.32369024948153474,0.29780060706748523,TRUE,TRUE
2017-05-20,Weddell,0.43331442,-0.28846374134252717,0.28846374134252717,0.29780060706748523,FALSE,FALSE
2017-05-21,Weddell,0.471359997,-0.25932216938456665,0.25932216938456665,0.29780060706748523,FALSE,FALSE
2017-05-22,Weddell,0.485673106,-0.2542074533527392,0.2542074533527392,0.29780060706748523,FALSE,FALSE
2017-05-23,Weddell,0.490632741,-0.2587008087841439,0.2587008087841439,0.29780060706748523,FALSE,FALSE
2017-05-24,Weddell,0.504380213,-0.25462113421587784,0.25462113421587784,0.29780060706748523,FALSE,FALSE
2017-05-25,Weddell,0.528011849,-0.24083231218503875,0.24083231218503875,0.29780060706748523,FALSE,FALSE
2017-05-26,Weddell,0.526069632,-0.25275256922872513,0.25275256922872513,0.29780060706748523,FALSE,FALSE
2017-05-27,Weddell,0.497370842,-0.2915248348840344,0.2915248348840344,0.29780060706748523,FALSE,FALSE
2017-05-28,Weddell,0.466875379,-0.3321494186880649,0.3321494186880649,0.29780060706748523,TRUE,TRUE
2017-05-29,Weddell,0.447584031,-0.3615857421779136,0.3615857421779136,0.29780060706748523,TRUE,TRUE
2017-05-30,Weddell,0.427060121,-0.3922306918906793,0.3922306918906793,0.29780060706748523,TRUE,TRUE
2017-05-31,Weddell,0.429577569,-0.3997705573634592,0.3997705573634592,0.29780060706748523,TRUE,TRUE
2017-06-01,Weddell,0.40895629,-0.43034563313335183,0.43034563313335183,0.29780060706748523,TRUE,TRUE
2017-06-02,Weddell,0.401425421,-0.44769518041695067,0.44769518041695067,0.29780060706748523,TRUE,TRUE
2017-06-03,Weddell,0.40891344,-0.449895446624398,0.449895446624398,0.29780060706748523,TRUE,TRUE
2017-06-04,Weddell,0.444524312,-0.4238572623914044,0.4238572623914044,0.29780060706748523,TRUE,TRUE
2017-06-05,Weddell,0.47329382,-0.40455964072670625,0.40455964072670625,0.29780060706748523,TRUE,TRUE
2017-06-06,Weddell,0.490139174,-0.3971001676390418,0.3971001676390418,0.29780060706748523,TRUE,TRUE
2017-06-07,Weddell,0.505111867,-0.3914421461371467,0.3914421461371467,0.29780060706748523,TRUE,TRUE
2017-06-08,Weddell,0.525687533,-0.38012473822975945,0.38012473822975945,0.29780060706748523,TRUE,TRUE
2017-06-09,Weddell,0.54185018,-0.37317873192561635,0.37317873192561635,0.29780060706748523,TRUE,TRUE
2017-06-10,Weddell,0.539966895,-0.3842518362334548,0.3842518362334548,0.29780060706748523,TRUE,TRUE
2017-06-11,Weddell,0.55236737,-0.38102915516201086,0.38102915516201086,0.29780060706748523,TRUE,TRUE
2017-06-12,Weddell,0.57916994,-0.36340714972002297,0.36340714972002297,0.29780060706748523,TRUE,TRUE
2017-06-13,Weddell,0.604620616,-0.3471546049162275,0.3471546049162275,0.29780060706748523,TRUE,TRUE
2017-06-14,Weddell,0.603382076,-0.35762322437945104,0.35762322437945104,0.29780060706748523,TRUE,TRUE
2017-06-15,Weddell,0.579739828,-0.3905236141534709,0.3905236141534709,0.29780060706748523,TRUE,TRUE
2017-06-16,Weddell,0.5959235,-0.383597199792972,0.383597199792972,0.29780060706748523,TRUE,TRUE
2017-06-17,Weddell,0.631924195,-0.3568221161774693,0.3568221161774693,0.29780060706748523,TRUE,TRUE
2017-06-18,Weddell,0.654193954,-0.3437155601864831,0.3437155601864831,0.29780060706748523,TRUE,TRUE
2017-06-19,Weddell,0.660374673,-0.3466048736995291,0.3466048736995291,0.29780060706748523,TRUE,TRUE
2017-06-20,Weddell,0.694952152,-0.3209734945961248,0.3209734945961248,0.29780060706748523,TRUE,TRUE
2017-06-21,Weddell,0.765409639,-0.2593074127557884,0.2593074127557884,0.29780060706748523,FALSE,FALSE
2017-06-22,Weddell,0.794924352,-0.23839864805803648,0.23839864805803648,0.29780060706748523,FALSE,FALSE
2017-06-23,Weddell,0.798588164,-0.24312456538238691,0.24312456538238691,0.29780060706748523,FALSE,FALSE
2017-06-24,Weddell,0.796107219,-0.25374825860835704,0.25374825860835704,0.29780060706748523,FALSE,FALSE
2017-06-25,Weddell,0.818376426,-0.23934405661546465,0.23934405661546465,0.29780060706748523,FALSE,FALSE
2017-06-26,Weddell,0.828794461,-0.2364825212832271,0.2364825212832271,0.29780060706748523,FALSE,FALSE
2017-06-27,Weddell,0.832531218,-0.2399671208676133,0.2399671208676133,0.29780060706748523,FALSE,FALSE
2017-06-28,Weddell,0.8866516,-0.19273748049711512,0.19273748049711512,0.29780060706748523,FALSE,FALSE
2017-06-29,Weddell,0.907504523,-0.1784634532124555,0.1784634532124555,0.29780060706748523,FALSE,FALSE
2017-06-30,Weddell,0.928422198,-0.16383167027415735,0.16383167027415735,0.29780060706748523,FALSE,FALSE
2017-07-01,Weddell,0.933943589,-0.16432200994274437,0.16432200994274437,0.29780060706748523,FALSE,FALSE
2017-07-02,Weddell,0.93372397,-0.17029804047873953,0.17029804047873953,0.29780060706748523,FALSE,FALSE
2017-07-03,Weddell,0.92198707,-0.18755487514266533,0.18755487514266533,0.29780060706748523,FALSE,FALSE
2017-07-04,Weddell,0.92024607,-0.19459817519504685,0.19459817519504685,0.29780060706748523,FALSE,FALSE
2017-07-05,Weddell,0.91121027,-0.20873748289640637,0.20873748289640637,0.29780060706748523,FALSE,FALSE
2017-07-06,Weddell,0.899106161,-0.225765149507267,0.225765149507267,0.29780060706748523,FALSE,FALSE
2017-07-07,Weddell,0.899713021,-0.2299207392881526,0.2299207392881526,0.29780060706748523,FALSE,FALSE
2017-07-08,Weddell,0.905267574,-0.22898637049958692,0.22898637049958692,0.29780060706748523,FALSE,FALSE
2017-07-09,Weddell,0.932890424,-0.20586027386687933,0.20586027386687933,0.29780060706748523,FALSE,FALSE
2017-07-10,Weddell,0.991064708,-0.152076681551243,0.152076681551243,0.29780060706748523,FALSE,FALSE
2017-07-11,Weddell,1.05756631,-0.08987387136431768,0.08987387136431768,0.29780060706748523,FALSE,FALSE
2017-07-12,Weddell,1.109391701,-0.04226910966894515,0.04226910966894515,0.29780060706748523,FALSE,FALSE
2017-07-13,Weddell,1.138538274,-0.01727874082796843,0.01727874082796843,0.29780060706748523,FALSE,FALSE
2017-07-14,Weddell,1.139643125,-0.02027940620422974,0.02027940620422974,0.29780060706748523,FALSE,FALSE
2017-07-15,Weddell,1.134206381,-0.02978471616057265,0.02978471616057265,0.29780060706748523,FALSE,FALSE
2017-07-16,Weddell,1.157288545,-0.01074790505983913,0.01074790505983913,0.29780060706748523,FALSE,FALSE
2017-07-17,Weddell,1.163324357,-0.00874797026487272,0.00874797026487272,0.29780060706748523,FALSE,FALSE
2017-07-18,Weddell,1.15171323,-0.02439923613851435,0.02439923613851435,0.29780060706748523,FALSE,FALSE
2017-07-19,Weddell,1.143749865,-0.03642073904360909,0.03642073904360909,0.29780060706748523,FALSE,FALSE
2017-07-20,Weddell,1.121717777,-0.06254270134299733,0.06254270134299733,0.29780060706748523,FALSE,FALSE
2017-07-21,Weddell,1.123593856,-0.06480197039952307,0.06480197039952307,0.29780060706748523,FALSE,FALSE
2017-07-22,Weddell,1.13414893,-0.05844041212534345,0.05844041212534345,0.29780060706748523,FALSE,FALSE
2017-07-23,Weddell,1.114576004,-0.0822633134156554,0.0822633134156554,0.29780060706748523,FALSE,FALSE
2017-07-24,Weddell,1.106543564,-0.09458998196393842,0.09458998196393842,0.29780060706748523,FALSE,FALSE
2017-07-25,Weddell,1.148109929,-0.05734965432360761,0.05734965432360761,0.29780060706748523,FALSE,FALSE
2017-07-26,Weddell,1.190169414,-0.01963557104807622,0.01963557104807622,0.29780060706748523,FALSE,FALSE
2017-07-27,Weddell,1.226408344,0.01225103730923882,0.01225103730923882,0.29780060706748523,FALSE,FALSE
2017-07-28,Weddell,1.250560625,0.03205652119492486,0.03205652119492486,0.29780060706748523,FALSE,FALSE
2017-07-29,Weddell,1.261559116,0.03872618405556771,0.03872618405556771,0.29780060706748523,FALSE,FALSE
2017-07-30,Weddell,1.262770077,0.03563873033775189,0.03563873033775189,0.29780060706748523,FALSE,FALSE
2017-07-31,Weddell,1.252968197,0.02158129348806192,0.02158129348806192,0.29780060706748523,FALSE,FALSE
2017-08-01,Weddell,1.258513786,0.02292662795308553,0.02292662795308553,0.29780060706748523,FALSE,FALSE
2017-08-02,Weddell,1.257354835,0.01763516917940588,0.01763516917940588,0.29780060706748523,FALSE,FALSE
2017-08-03,Weddell,1.272701084,0.02892910148303662,0.02892910148303662,0.29780060706748523,FALSE,FALSE
2017-08-04,Weddell,1.284245799,0.03651061021450519,0.03651061021450519,0.29780060706748523,FALSE,FALSE
2017-08-05,Weddell,1.284770091,0.03315700981221825,0.03315700981221825,0.29780060706748523,FALSE,FALSE
2017-08-06,Weddell,1.244629245,-0.01078307763755348,0.01078307763755348,0.29780060706748523,FALSE,FALSE
2017-08-07,Weddell,1.206868508,-0.05227106804854187,0.05227106804854187,0.29780060706748523,FALSE,FALSE
2017-08-08,Weddell,1.174615068,-0.0881864363344751,0.0881864363344751,0.29780060706748523,FALSE,FALSE
2017-08-09,Weddell,1.149176109,-0.1172286614090856,0.1172286614090856,0.29780060706748523,FALSE,FALSE
2017-08-10,Weddell,1.13470219,-0.13525384718610223,0.13525384718610223,0.29780060706748523,FALSE,FALSE
2017-08-11,Weddell,1.131035667,-0.1424263005792561,0.1424263005792561,0.29780060706748523,FALSE,FALSE
2017-08-12,Weddell,1.126194639,-0.15073458550227747,0.15073458550227747,0.29780060706748523,FALSE,FALSE
2017-08-13,Weddell,1.138460755,-0.14190371586889494,0.14190371586889494,0.29780060706748523,FALSE,FALSE
2017-08-14,Weddell,1.182504253,-0.10127011659284156,0.10127011659284156,0.29780060706748523,FALSE,FALSE
2017-08-15,Weddell,1.22199995,-0.06516563358784655,0.06516563358784655,0.29780060706748523,FALSE,FALSE
2017-08-16,Weddell,1.275265764,-0.01527846281807421,0.01527846281807421,0.29780060706748523,FALSE,FALSE
2017-08-17,Weddell,1.304635159,0.01073506182267802,0.01073506182267802,0.29780060706748523,FALSE,FALSE
2017-08-18,Weddell,1.328827766,0.03162344846994602,0.03162344846994602,0.29780060706748523,FALSE,FALSE
2017-08-19,Weddell,1.334892542,0.03446555469914769,0.03446555469914769,0.29780060706748523,FALSE,FALSE
2017-08-20,Weddell,1.343336656,0.03979845008569982,0.03979845008569982,0.29780060706748523,FALSE,FALSE
2017-08-21,Weddell,1.356107581,0.04959950820501824,0.04959950820501824,0.29780060706748523,FALSE,FALSE
2017-08-22,Weddell,1.380883525,0.0715768376325221,0.0715768376325221,0.29780060706748523,FALSE,FALSE
2017-08-23,Weddell,1.422391192,0.11048704294362666,0.11048704294362666,0.29780060706748523,FALSE,FALSE
2017-08-24,Weddell,1.450592934,0.13632237671375025,0.13632237671375025,0.29780060706748523,FALSE,FALSE
2017-08-25,Weddell,1.452331617,0.1359556055183091,0.1359556055183091,0.29780060706748523,FALSE,FALSE
2017-08-26,Weddell,1.432324413,0.11413380193272048,0.11413380193272048,0.29780060706748523,FALSE,FALSE
2017-08-27,Weddell,1.431832001,0.11214754553240214,0.11214754553240214,0.29780060706748523,FALSE,FALSE
2017-08-28,Weddell,1.44622268,0.12539503589277046,0.12539503589277046,0.29780060706748523,FALSE,FALSE
2017-08-29,Weddell,1.440163978,0.11856802458322656,0.11856802458322656,0.29780060706748523,FALSE,FALSE
2017-08-30,Weddell,1.424501978,0.10250231505642128,0.10250231505642128,0.29780060706748523,FALSE,FALSE
2017-08-31,Weddell,1.44338063,0.12131861384489828,0.12131861384489828,0.29780060706748523,FALSE,FALSE
2017-09-01,Weddell,1.453653723,0.13184744322818598,0.13184744322818598,0.29780060706748523,FALSE,FALSE
2017-09-02,Weddell,1.446985938,0.12573021748581303,0.12573021748581303,0.29780060706748523,FALSE,FALSE
2017-09-03,Weddell,1.441657014,0.12122340889730564,0.12122340889730564,0.29780060706748523,FALSE,FALSE
2017-09-04,Weddell,1.418794273,0.09943107274219389,0.09943107274219389,0.29780060706748523,FALSE,FALSE
2017-09-05,Weddell,1.401424382,0.0833566093000051,0.0833566093000051,0.29780060706748523,FALSE,FALSE
2017-09-06,Weddell,1.405762786,0.08919219685026669,0.08919219685026669,0.29780060706748523,FALSE,FALSE
2017-09-07,Weddell,1.415593085,0.10069816867250748,0.10069816867250748,0.29780060706748523,FALSE,FALSE
2017-09-08,Weddell,1.416824105,0.10376008404625492,0.10376008404625492,0.29780060706748523,FALSE,FALSE
2017-09-09,Weddell,1.424076542,0.11297537225103804,0.11297537225103804,0.29780060706748523,FALSE,FALSE
2017-09-10,Weddell,1.456583006,0.14755348853158412,0.14755348853158412,0.29780060706748523,FALSE,FALSE
2017-09-11,Weddell,1.504029887,0.1971682971727844,0.1971682971727844,0.29780060706748523,FALSE,FALSE
2017-09-12,Weddell,1.565064761,0.2604740828563281,0.2604740828563281,0.29780060706748523,FALSE,FALSE
2017-09-13,Weddell,1.587772437,0.285564388478204,0.285564388478204,0.29780060706748523,FALSE,FALSE
2017-09-14,Weddell,1.581719322,0.2820143549344012,0.2820143549344012,0.29780060706748523,FALSE,FALSE
2017-09-15,Weddell,1.583520752,0.2864480521209052,0.2864480521209052,0.29780060706748523,FALSE,FALSE
2017-09-16,Weddell,1.589521928,0.29521941493370596,0.29521941493370596,0.29780060706748523,FALSE,FALSE
2017-09-17,Weddell,1.611147619,0.3197619462687915,0.3197619462687915,0.29780060706748523,TRUE,FALSE
2017-09-18,Weddell,1.615324134,0.3270106890221487,0.3270106890221487,0.29780060706748523,TRUE,FALSE
2017-09-19,Weddell,1.57811105,0.2930339540897666,0.2930339540897666,0.29780060706748523,FALSE,FALSE
2017-09-20,Weddell,1.57827252,0.2966046283676331,0.2966046283676331,0.29780060706748523,FALSE,FALSE
2017-09-21,Weddell,1.583097567,0.3050204687517364,0.3050204687517364,0.29780060706748523,TRUE,TRUE
2017-09-22,Weddell,1.5932588,0.3189628181380637,0.3189628181380637,0.29780060706748523,TRUE,TRUE
2017-09-23,Weddell,1.601683109,0.33136513747690266,0.33136513747690266,0.29780060706748523,TRUE,TRUE
2017-09-24,Weddell,1.601578278,0.33541862495149477,0.33541862495149477,0.29780060706748523,TRUE,TRUE
2017-09-25,Weddell,1.580600313,0.31874865349422477,0.31874865349422477,0.29780060706748523,TRUE,TRUE
2017-09-26,Weddell,1.577079575,0.3196547539390515,0.3196547539390515,0.29780060706748523,TRUE,TRUE
2017-09-27,Weddell,1.566323858,0.3134138901199335,0.3134138901199335,0.29780060706748523,TRUE,TRUE
2017-09-28,Weddell,1.563352394,0.3150144638708272,0.3150144638708272,0.29780060706748523,TRUE,TRUE
2017-09-29,Weddell,1.559674382,0.3159348440256924,0.3159348440256924,0.29780060706748523,TRUE,TRUE
2017-09-30,Weddell,1.547038203,0.3078925814184865,0.3078925814184865,0.29780060706748523,TRUE,TRUE
2017-10-01,Weddell,1.527943304,0.2933562928831679,0.2933562928831679,0.29780060706748523,FALSE,FALSE
2017-10-02,Weddell,1.536368482,0.30627394525369533,0.30627394525369533,0.29780060706748523,TRUE,TRUE
2017-10-03,Weddell,1.573017892,0.34731886336402606,0.34731886336402606,0.29780060706748523,TRUE,TRUE
2017-10-04,Weddell,1.608335282,0.38690396504811786,0.38690396504811786,0.29780060706748523,TRUE,TRUE
2017-10-05,Weddell,1.617884272,0.4005620500200806,0.4005620500200806,0.29780060706748523,TRUE,TRUE
2017-10-06,Weddell,1.625060982,0.4116703693164092,0.4116703693164092,0.29780060706748523,TRUE,TRUE
2017-10-07,Weddell,1.616681128,0.4070609253775521,0.4070609253775521,0.29780060706748523,TRUE,TRUE
2017-10-08,Weddell,1.617241722,0.4112534482557873,0.4112534482557873,0.29780060706748523,TRUE,TRUE
2017-10-09,Weddell,1.613575669,0.4111035610033889,0.4111035610033889,0.29780060706748523,TRUE,TRUE
2017-10-10,Weddell,1.58829847,0.389249482672635,0.389249482672635,0.29780060706748523,TRUE,TRUE
2017-10-11,Weddell,1.585917798,0.3902216043158,0.3902216043158,0.29780060706748523,TRUE,TRUE
2017-10-12,Weddell,1.560125082,0.3677340729851619,0.3677340729851619,0.29780060706748523,TRUE,TRUE
2017-10-13,Weddell,1.554840574,0.36572985873299535,0.36572985873299535,0.29780060706748523,TRUE,TRUE
2017-10-14,Weddell,1.548221015,0.3623884206115784,0.3623884206115784,0.29780060706748523,TRUE,TRUE
2017-10-15,Weddell,1.55121152,0.3686775916731864,0.3686775916731864,0.29780060706748523,TRUE,TRUE
2017-10-16,Weddell,1.574670621,0.39547862197009587,0.39547862197009587,0.29780060706748523,TRUE,TRUE
2017-10-17,Weddell,1.60815987,0.4323757815545812,0.4323757815545812,0.29780060706748523,TRUE,TRUE
2017-10-18,Weddell,1.631313189,0.4590252672016897,0.4590252672016897,0.29780060706748523,TRUE,TRUE
2017-10-19,Weddell,1.62759515,0.45890451060939386,0.45890451060939386,0.29780060706748523,TRUE,TRUE
2017-10-20,Weddell,1.612669269,0.4476808865180404,0.4476808865180404,0.29780060706748523,TRUE,TRUE
2017-10-21,Weddell,1.591151941,0.4299742882671685,0.4299742882671685,0.29780060706748523,TRUE,TRUE
2017-10-22,Weddell,1.563664868,0.4064099161963164,0.4064099161963164,0.29780060706748523,TRUE,TRUE
2017-10-23,Weddell,1.570946266,0.4177294846450223,0.4177294846450223,0.29780060706748523,TRUE,TRUE
2017-10-24,Weddell,1.587109713,0.43805006995282647,0.43805006995282647,0.29780060706748523,TRUE,TRUE
2017-10-25,Weddell,1.585148313,0.4403682744592665,0.4403682744592665,0.29780060706748523,TRUE,TRUE
2017-10-26,Weddell,1.574289015,0.43391454550388153,0.43391454550388153,0.29780060706748523,TRUE,TRUE
2017-10-27,Weddell,1.563521738,0.4276823004262096,0.4276823004262096,0.29780060706748523,TRUE,TRUE
2017-10-28,Weddell,1.544301425,0.41312998056579153,0.41312998056579153,0.29780060706748523,TRUE,TRUE
2017-10-29,Weddell,1.524408097,0.39804110526216374,0.39804110526216374,0.29780060706748523,TRUE,TRUE
2017-10-30,Weddell,1.499722873,0.3783002918548659,0.3783002918548659,0.29780060706748523,TRUE,TRUE
2017-10-31,Weddell,1.495537966,0.3792025985408545,0.3792025985408545,0.29780060706748523,TRUE,TRUE
2017-11-01,Weddell,1.492532919,0.3814271986074709,0.3814271986074709,0.29780060706748523,TRUE,TRUE
2017-11-02,Weddell,1.494958929,0.38922393184675097,0.38922393184675097,0.29780060706748523,TRUE,TRUE
2017-11-03,Weddell,1.480377203,0.38015264778526503,0.38015264778526503,0.29780060706748523,TRUE,TRUE
2017-11-04,Weddell,1.439868067,0.34529231494958457,0.34529231494958457,0.29780060706748523,TRUE,TRUE
2017-11-05,Weddell,1.393361451,0.3045715058662797,0.3045715058662797,0.29780060706748523,TRUE,TRUE
2017-11-06,Weddell,1.343178047,0.260309555061923,0.260309555061923,0.29780060706748523,FALSE,FALSE
2017-11-07,Weddell,1.312492681,0.23567993106308305,0.23567993106308305,0.29780060706748523,FALSE,FALSE
2017-11-08,Weddell,1.299937088,0.2293130113963324,0.2293130113963324,0.29780060706748523,FALSE,FALSE
2017-11-09,Weddell,1.284473896,0.2201700665882409,0.2201700665882409,0.29780060706748523,FALSE,FALSE
2017-11-10,Weddell,1.263959804,0.2061064381653801,0.2061064381653801,0.29780060706748523,FALSE,FALSE
2017-11-11,Weddell,1.249478833,0.1982047896543213,0.1982047896543213,0.29780060706748523,FALSE,FALSE
2017-11-12,Weddell,1.237369724,0.19280260052219345,0.19280260052219345,0.29780060706748523,FALSE,FALSE
2017-11-13,Weddell,1.210113073,0.17238451257194545,0.17238451257194545,0.29780060706748523,FALSE,FALSE
2017-11-14,Weddell,1.196739815,0.165993484639698,0.165993484639698,0.29780060706748523,FALSE,FALSE
2017-11-15,Weddell,1.182263932,0.15865618061787057,0.15865618061787057,0.29780060706748523,FALSE,FALSE
2017-11-16,Weddell,1.169074667,0.15277452539888348,0.15277452539888348,0.29780060706748523,FALSE,FALSE
2017-11-17,Weddell,1.156334227,0.1475234078751566,0.1475234078751566,0.29780060706748523,FALSE,FALSE
2017-11-18,Weddell,1.169758096,0.16863099393910952,0.16863099393910952,0.29780060706748523,FALSE,FALSE
2017-11-19,Weddell,1.158238753,0.16500244448316204,0.16500244448316204,0.29780060706748523,FALSE,FALSE
2017-11-20,Weddell,1.13272708,0.1476013233997343,0.1476013233997343,0.29780060706748523,FALSE,FALSE
2017-11-21,Weddell,1.100462477,0.12367971258124566,0.12367971258124566,0.29780060706748523,FALSE,FALSE
2017-11-22,Weddell,1.063856379,0.09566172892011626,0.09566172892011626,0.29780060706748523,FALSE,FALSE
2017-11-23,Weddell,1.036366178,0.07701744630876606,0.07701744630876606,0.29780060706748523,FALSE,FALSE
2017-11-24,Weddell,1.033929988,0.08369766063961459,0.08369766063961459,0.29780060706748523,FALSE,FALSE
2017-11-25,Weddell,1.047984277,0.1071491371988178,0.1071491371988178,0.29780060706748523,FALSE,FALSE
2017-11-26,Weddell,1.039418406,0.10825136567226924,0.10825136567226924,0.29780060706748523,FALSE,FALSE
2017-11-27,Weddell,1.020453025,0.09920498345077922,0.09920498345077922,0.29780060706748523,FALSE,FALSE
2017-11-28,Weddell,0.995967607,0.08486937411073492,0.08486937411073492,0.29780060706748523,FALSE,FALSE
2017-11-29,Weddell,0.969625216,0.06888751222852518,0.06888751222852518,0.29780060706748523,FALSE,FALSE
2017-11-30,Weddell,0.961064357,0.07087781338053867,0.07087781338053867,0.29780060706748523,FALSE,FALSE
2017-12-01,Weddell,0.937772353,0.05830751114316268,0.05830751114316268,0.29780060706748523,FALSE,FALSE
2017-12-02,Weddell,0.925516813,0.05692412509278577,0.05692412509278577,0.29780060706748523,FALSE,FALSE
2017-12-03,Weddell,0.891762507,0.0341723358057967,0.0341723358057967,0.29780060706748523,FALSE,FALSE
2017-12-04,Weddell,0.850571762,0.00409438085858293,0.00409438085858293,0.29780060706748523,FALSE,FALSE
2017-12-05,Weddell,0.835152077,-1.2233017246687794e-4,1.2233017246687794e-4,0.29780060706748523,FALSE,FALSE
2017-12-06,Weddell,0.820948456,-0.00305288271096426,0.00305288271096426,0.29780060706748523,FALSE,FALSE
2017-12-07,Weddell,0.811694326,-9.839369620829874e-4,9.839369620829874e-4,0.29780060706748523,FALSE,FALSE
2017-12-08,Weddell,0.788250887,-0.01307369145675319,0.01307369145675319,0.29780060706748523,FALSE,FALSE
2017-12-09,Weddell,0.749219258,-0.04073876489649608,0.04073876489649608,0.29780060706748523,FALSE,FALSE
2017-12-10,Weddell,0.724355141,-0.0542409476413046,0.0542409476413046,0.29780060706748523,FALSE,FALSE
2017-12-11,Weddell,0.708862021,-0.05839424705116891,0.05839424705116891,0.29780060706748523,FALSE,FALSE
2017-12-12,Weddell,0.705114026,-0.05084202748608091,0.05084202748608091,0.29780060706748523,FALSE,FALSE
2017-12-13,Weddell,0.692723439,-0.05198949830603272,0.05198949830603272,0.29780060706748523,FALSE,FALSE
2017-12-14,Weddell,0.684680285,-0.04886412687101538,0.04886412687101538,0.29780060706748523,FALSE,FALSE
2017-12-15,Weddell,0.68720723,-0.0352607395410206,0.0352607395410206,0.29780060706748523,FALSE,FALSE
2017-12-16,Weddell,0.684132171,-0.02736893167604004,0.02736893167604004,0.29780060706748523,FALSE,FALSE
2017-12-17,Weddell,0.645806079,-0.05485522463606529,0.05485522463606529,0.29780060706748523,FALSE,FALSE
2017-12-18,Weddell,0.622336937,-0.06762912778108743,0.06762912778108743,0.29780060706748523,FALSE,FALSE
2017-12-19,Weddell,0.618070265,-0.06136261347109895,0.06136261347109895,0.29780060706748523,FALSE,FALSE
2017-12-20,Weddell,0.618101612,-0.0509770399536702,0.0509770399536702,0.29780060706748523,FALSE,FALSE
2017-12-21,Weddell,0.616289456,-0.04262158472118227,0.04262158472118227,0.29780060706748523,FALSE,FALSE
2017-12-22,Weddell,0.633042666,-0.01588764932075592,0.01588764932075592,0.29780060706748523,FALSE,FALSE
2017-12-23,Weddell,0.639260931,1.2439049618706566e-4,1.2439049618706566e-4,0.29780060706748523,FALSE,FALSE
2017-12-24,Weddell,0.633694857,0.00416507597822346,0.00416507597822346,0.29780060706748523,FALSE,FALSE
2017-12-25,Weddell,0.645999735,0.02588963337393146,0.02588963337393146,0.29780060706748523,FALSE,FALSE
2017-12-26,Weddell,0.642713448,0.03183588093188694,0.03183588093188694,0.29780060706748523,FALSE,FALSE
2017-12-27,Weddell,0.636415877,0.03458363490066818,0.03458363490066818,0.29780060706748523,FALSE,FALSE
2017-12-28,Weddell,0.628412977,0.03543878552885315,0.03543878552885315,0.29780060706748523,FALSE,FALSE
2017-12-29,Weddell,0.630197049,0.0458935690650184,0.0458935690650184,0.29780060706748523,FALSE,FALSE
2017-12-30,Weddell,0.633281959,0.05746178675774038,0.05746178675774038,0.29780060706748523,FALSE,FALSE
2017-12-31,Weddell,0.634530666,0.06700633285559854,0.06700633285559854,0.29780060706748523,FALSE,FALSE
2018-01-01,Weddell,0.636950251,0.07753422360716944,0.07753422360716944,0.29780060706748523,FALSE,FALSE
2018-01-02,Weddell,0.630757652,0.07926368512543347,0.07926368512543347,0.29780060706748523,FALSE,FALSE
2018-01-03,Weddell,0.612687263,0.06893581098098933,0.06893581098098933,0.29780060706748523,FALSE,FALSE
2018-01-04,Weddell,0.60082115,0.06464071960883766,0.06464071960883766,0.29780060706748523,FALSE,FALSE
2018-01-05,Weddell,0.595302034,0.06652918444398193,0.06652918444398193,0.29780060706748523,FALSE,FALSE
2018-01-06,Weddell,0.585505274,0.06398461692142088,0.06398461692142088,0.29780060706748523,FALSE,FALSE
2018-01-07,Weddell,0.570005382,0.05558958147615855,0.05558958147615855,0.29780060706748523,FALSE,FALSE
2018-01-08,Weddell,0.548966003,0.04151577554319585,0.04151577554319585,0.29780060706748523,FALSE,FALSE
2018-01-09,Weddell,0.528495129,0.02787924355753279,0.02787924355753279,0.29780060706748523,FALSE,FALSE
2018-01-10,Weddell,0.511142965,0.01723824295417353,0.01723824295417353,0.29780060706748523,FALSE,FALSE
2018-01-11,Weddell,0.508668105,0.0213594201681177,0.0213594201681177,0.29780060706748523,FALSE,FALSE
2018-01-12,Weddell,0.505578212,0.02475849063436819,0.02475849063436819,0.29780060706748523,FALSE,FALSE
2018-01-13,Weddell,0.504294133,0.02986435378792557,0.02986435378792557,0.29780060706748523,FALSE,FALSE
2018-01-14,Weddell,0.509860266,0.04172947650633352,0.04172947650633352,0.29780060706748523,FALSE,FALSE
2018-01-15,Weddell,0.51111787,0.04920377670507164,0.04920377670507164,0.29780060706748523,FALSE,FALSE
2018-01-16,Weddell,0.507399601,0.05162930849082065,0.05162930849082065,0.29780060706748523,FALSE,FALSE
2018-01-17,Weddell,0.49991195,0.05022200771922197,0.05022200771922197,0.29780060706748523,FALSE,FALSE
2018-01-18,Weddell,0.467559802,0.02389620424591765,0.02389620424591765,0.29780060706748523,FALSE,FALSE
2018-01-19,Weddell,0.450724831,0.01304301692654918,0.01304301692654918,0.29780060706748523,FALSE,FALSE
2018-01-20,Weddell,0.435100184,0.00336503761675927,0.00336503761675927,0.29780060706748523,FALSE,FALSE
2018-01-21,Weddell,0.421980666,-0.0038334838278109,0.0038334838278109,0.29780060706748523,FALSE,FALSE
2018-01-22,Weddell,0.422535706,0.00262632644848104,0.00262632644848104,0.29780060706748523,FALSE,FALSE
2018-01-23,Weddell,0.426268756,0.01225736530127652,0.01225736530127652,0.29780060706748523,FALSE,FALSE
2018-01-24,Weddell,0.409745757,0.00163501858621789,0.00163501858621789,0.29780060706748523,FALSE,FALSE
2018-01-25,Weddell,0.411655437,0.00945745915894663,0.00945745915894663,0.29780060706748523,FALSE,FALSE
2018-01-26,Weddell,0.402223158,0.00595949387510569,0.00595949387510569,0.29780060706748523,FALSE,FALSE
2018-01-27,Weddell,0.382733702,-0.00756732256659209,0.00756732256659209,0.29780060706748523,FALSE,FALSE
2018-01-28,Weddell,0.365122739,-0.0191986365239617,0.0191986365239617,0.29780060706748523,FALSE,FALSE
2018-01-29,Weddell,0.36390623,-0.01443730410550059,0.01443730410550059,0.29780060706748523,FALSE,FALSE
2018-01-30,Weddell,0.357010426,-0.01537591558200512,0.01537591558200512,0.29780060706748523,FALSE,FALSE
2018-01-31,Weddell,0.353928317,-0.01254032222427098,0.01254032222427098,0.29780060706748523,FALSE,FALSE
2018-02-01,Weddell,0.348941846,-0.01166742230309492,0.01166742230309492,0.29780060706748523,FALSE,FALSE
2018-02-02,Weddell,0.336315557,-0.01851151308927245,0.01851151308927245,0.29780060706748523,FALSE,FALSE
2018-02-03,Weddell,0.312287529,-0.03685335685359992,0.03685335685359992,0.29780060706748523,FALSE,FALSE
2018-02-04,Weddell,0.314759909,-0.02880964786687356,0.02880964786687356,0.29780060706748523,FALSE,FALSE
2018-02-05,Weddell,0.312853411,-0.02527851339988907,0.02527851339988907,0.29780060706748523,FALSE,FALSE
2018-02-06,Weddell,0.301527416,-0.03131941372344293,0.03131941372344293,0.29780060706748523,FALSE,FALSE
2018-02-07,Weddell,0.293965384,-0.03376773010833123,0.03376773010833123,0.29780060706748523,FALSE,FALSE
2018-02-08,Weddell,0.304560326,-0.01824926850512709,0.01824926850512709,0.29780060706748523,FALSE,FALSE
2018-02-09,Weddell,0.308275517,-0.00981636002775959,0.00981636002775959,0.29780060706748523,FALSE,FALSE
2018-02-10,Weddell,0.313936529,3.4734679277220737e-4,3.4734679277220737e-4,0.29780060706748523,FALSE,FALSE
2018-02-11,Weddell,0.302031475,-0.00727850058405876,0.00727850058405876,0.29780060706748523,FALSE,FALSE
2018-02-12,Weddell,0.288863595,-0.01639912769877799,0.01639912769877799,0.29780060706748523,FALSE,FALSE
2018-02-13,Weddell,0.283844092,-0.01761179709191218,0.01761179709191218,0.29780060706748523,FALSE,FALSE
2018-02-14,Weddell,0.285091568,-0.01280637230398729,0.01280637230398729,0.29780060706748523,FALSE,FALSE
2018-02-15,Weddell,0.291391947,-0.00320539487552978,0.00320539487552978,0.29780060706748523,FALSE,FALSE
2018-02-16,Weddell,0.289544161,-0.00201839834706596,0.00201839834706596,0.29780060706748523,FALSE,FALSE
2018-02-17,Weddell,0.2901662,0.00136414174087806,0.00136414174087806,0.29780060706748523,FALSE,FALSE
2018-02-18,Weddell,0.277583642,-0.00874066215222435,0.00874066215222435,0.29780060706748523,FALSE,FALSE
2018-02-19,Weddell,0.270051386,-0.01408637656689931,0.01408637656689931,0.29780060706748523,FALSE,FALSE
2018-02-20,Weddell,0.261930565,-0.02032033404367267,0.02032033404367267,0.29780060706748523,FALSE,FALSE
2018-02-21,Weddell,0.258170561,-0.02250114570243383,0.02250114570243383,0.29780060706748523,FALSE,FALSE
2018-02-22,Weddell,0.251877165,-0.02752528620855454,0.02752528620855454,0.29780060706748523,FALSE,FALSE
2018-02-23,Weddell,0.249357252,-0.02908433607472435,0.02908433607472435,0.29780060706748523,FALSE,FALSE
2018-02-24,Weddell,0.253097493,-0.02469001093761125,0.02469001093761125,0.29780060706748523,FALSE,FALSE
2018-02-25,Weddell,0.258124726,-0.0193138594338828,0.0193138594338828,0.29780060706748523,FALSE,FALSE
2018-02-26,Weddell,0.263199528,-0.0141936912002068,0.0141936912002068,0.29780060706748523,FALSE,FALSE
2018-02-27,Weddell,0.276449478,-0.00120031387325042,0.00120031387325042,0.29780060706748523,FALSE,FALSE
2018-02-28,Weddell,0.274585425,-0.00362126508968152,0.00362126508968152,0.29780060706748523,FALSE,FALSE
2018-03-01,Weddell,0.252507242,-0.0265550584861679,0.0265550584861679,0.29780060706748523,FALSE,FALSE
2018-03-02,Weddell,0.245649255,-0.03456575469937689,0.03456575469937689,0.29780060706748523,FALSE,FALSE
2018-03-03,Weddell,0.243730355,-0.03793284936597618,0.03793284936597618,0.29780060706748523,FALSE,FALSE
2018-03-04,Weddell,0.227968193,-0.05543707812263318,0.05543707812263318,0.29780060706748523,FALSE,FALSE
2018-03-05,Weddell,0.226744987,-0.05869460873392346,0.05869460873392346,0.29780060706748523,FALSE,FALSE
2018-03-06,Weddell,0.243174744,-0.04458657589096598,0.04458657589096598,0.29780060706748523,FALSE,FALSE
2018-03-07,Weddell,0.292433062,0.00207803818602958,0.00207803818602958,0.29780060706748523,FALSE,FALSE
2018-03-08,Weddell,0.298141108,0.00493796595036022,0.00493796595036022,0.29780060706748523,FALSE,FALSE
2018-03-09,Weddell,0.265402487,-0.0308856221446781,0.0308856221446781,0.29780060706748523,FALSE,FALSE
2018-03-10,Weddell,0.259577684,-0.04001467564578998,0.04001467564578998,0.29780060706748523,FALSE,FALSE
2018-03-11,Weddell,0.271516593,-0.03158173509967832,0.03158173509967832,0.29780060706748523,FALSE,FALSE
2018-03-12,Weddell,0.28806453,-0.01872391905304693,0.01872391905304693,0.29780060706748523,FALSE,FALSE
2018-03-13,Weddell,0.281153468,-0.02949168905260046,0.02949168905260046,0.29780060706748523,FALSE,FALSE
2018-03-14,Weddell,0.31650564,0.00185475335495788,0.00185475335495788,0.29780060706748523,FALSE,FALSE
2018-03-15,Weddell,0.335487132,0.01669905962292423,0.01669905962292423,0.29780060706748523,FALSE,FALSE
2018-03-16,Weddell,0.341164557,0.0181254082045944,0.0181254082045944,0.29780060706748523,FALSE,FALSE
2018-03-17,Weddell,0.362486064,0.0350995135532649,0.0350995135532649,0.29780060706748523,FALSE,FALSE
2018-03-18,Weddell,0.388189186,0.05637619535734767,0.05637619535734767,0.29780060706748523,FALSE,FALSE
2018-03-19,Weddell,0.396321464,0.06001331919289099,0.06001331919289099,0.29780060706748523,FALSE,FALSE
2018-03-20,Weddell,0.40317471,0.062305739208103,0.062305739208103,0.29780060706748523,FALSE,FALSE
2018-03-21,Weddell,0.422524836,0.07703206668257251,0.07703206668257251,0.29780060706748523,FALSE,FALSE
2018-03-22,Weddell,0.440005793,0.08982895189588874,0.08982895189588874,0.29780060706748523,FALSE,FALSE
2018-03-23,Weddell,0.443685201,0.08876671412764109,0.08876671412764109,0.29780060706748523,FALSE,FALSE
2018-03-24,Weddell,0.446839492,0.08712448465741907,0.08712448465741907,0.29780060706748523,FALSE,FALSE
2018-03-25,Weddell,0.444938317,0.08037461376481209,0.08037461376481209,0.29780060706748523,FALSE,FALSE
2018-03-26,Weddell,0.459343749,0.08988187372940876,0.08988187372940876,0.29780060706748523,FALSE,FALSE
2018-03-27,Weddell,0.485676967,0.11127014283079868,0.11127014283079868,0.29780060706748523,FALSE,FALSE
2018-03-28,Weddell,0.499427151,0.12003130034857128,0.12003130034857128,0.29780060706748523,FALSE,FALSE
2018-03-29,Weddell,0.506316443,0.12189018756231612,0.12189018756231612,0.29780060706748523,FALSE,FALSE
2018-03-30,Weddell,0.50321914,0.11372380075162196,0.11372380075162196,0.29780060706748523,FALSE,FALSE
2018-03-31,Weddell,0.488250183,0.09364812900839764,0.09364812900839764,0.29780060706748523,FALSE,FALSE
2018-04-01,Weddell,0.462003503,0.06224912597782589,0.06224912597782589,0.29780060706748523,FALSE,FALSE
2018-04-02,Weddell,0.452605774,0.04764242004213642,0.04764242004213642,0.29780060706748523,FALSE,FALSE
2018-04-03,Weddell,0.449403746,0.03916371304702815,0.03916371304702815,0.29780060706748523,FALSE,FALSE
2018-04-04,Weddell,0.468739139,0.05314367683820015,0.05314367683820015,0.29780060706748523,FALSE,FALSE
2018-04-05,Weddell,0.505617324,0.0845766342613512,0.0845766342613512,0.29780060706748523,FALSE,FALSE
2018-04-06,Weddell,0.522474137,0.09588737316218147,0.09588737316218147,0.29780060706748523,FALSE,FALSE
2018-04-07,Weddell,0.519360239,0.08711550638638887,0.08711550638638887,0.29780060706748523,FALSE,FALSE
2018-04-08,Weddell,0.510624868,0.07259922377967348,0.07259922377967348,0.29780060706748523,FALSE,FALSE
2018-04-09,Weddell,0.503059226,0.05911867918773345,0.05911867918773345,0.29780060706748523,FALSE,FALSE
2018-04-10,Weddell,0.49861546,0.04861497145626881,0.04861497145626881,0.29780060706748523,FALSE,FALSE
2018-04-11,Weddell,0.504886887,0.04867036943097735,0.04867036943097735,0.29780060706748523,FALSE,FALSE
2018-04-12,Weddell,0.486235147,0.02363563166017429,0.02363563166017429,0.29780060706748523,FALSE,FALSE
2018-04-13,Weddell,0.461266079,-0.00788240337360463,0.00788240337360463,0.29780060706748523,FALSE,FALSE
2018-04-14,Weddell,0.460559813,-0.01528302057431973,0.01528302057431973,0.29780060706748523,FALSE,FALSE
2018-04-15,Weddell,0.469894686,-0.01276546846195497,0.01276546846195497,0.29780060706748523,FALSE,FALSE
2018-04-16,Weddell,0.466784816,-0.02279321455649596,0.02279321455649596,0.29780060706748523,FALSE,FALSE
2018-04-17,Weddell,0.455517445,-0.04105660237792763,0.04105660237792763,0.29780060706748523,FALSE,FALSE
2018-04-18,Weddell,0.44863048,-0.05499531044623479,0.05499531044623479,0.29780060706748523,FALSE,FALSE
2018-04-19,Weddell,0.456736547,-0.05397429828140265,0.05397429828140265,0.29780060706748523,FALSE,FALSE
2018-04-20,Weddell,0.482310513,-0.03549628440341618,0.03549628440341618,0.29780060706748523,FALSE,FALSE
2018-04-21,Weddell,0.500294397,-0.02459683533226042,0.02459683533226042,0.29780060706748523,FALSE,FALSE
2018-04-22,Weddell,0.534014282,0.00207254641207943,0.00207254641207943,0.29780060706748523,FALSE,FALSE
2018-04-23,Weddell,0.573854747,0.03491885430961872,0.03491885430961872,0.29780060706748523,FALSE,FALSE
2018-04-24,Weddell,0.600634455,0.05478316584037168,0.05478316584037168,0.29780060706748523,FALSE,FALSE
2018-04-25,Weddell,0.596343453,0.0436759250804235,0.0436759250804235,0.29780060706748523,FALSE,FALSE
2018-04-26,Weddell,0.59881099,0.03942761788772542,0.03942761788772542,0.29780060706748523,FALSE,FALSE
2018-04-27,Weddell,0.594489148,0.02848097507163194,0.02848097507163194,0.29780060706748523,FALSE,FALSE
2018-04-28,Weddell,0.598788753,0.02623735990809916,0.02623735990809916,0.29780060706748523,FALSE,FALSE
2018-04-29,Weddell,0.605011343,0.0259888476730824,0.0259888476730824,0.29780060706748523,FALSE,FALSE
2018-04-30,Weddell,0.621658083,0.03622714064253674,0.03622714064253674,0.29780060706748523,FALSE,FALSE
2018-05-01,Weddell,0.655826186,0.06403998909241815,0.06403998909241815,0.29780060706748523,FALSE,FALSE
2018-05-02,Weddell,0.678679704,0.08058198229868208,0.08058198229868208,0.29780060706748523,FALSE,FALSE
2018-05-03,Weddell,0.712268227,0.10789324753728446,0.10789324753728446,0.29780060706748523,FALSE,FALSE
2018-05-04,Weddell,0.730280463,0.1196530300841806,0.1196530300841806,0.29780060706748523,FALSE,FALSE
2018-05-05,Weddell,0.772848658,0.15598411321532535,0.15598411321532535,0.29780060706748523,FALSE,FALSE
2018-05-06,Weddell,0.783970675,0.16087489720667492,0.16087489720667492,0.29780060706748523,FALSE,FALSE
2018-05-07,Weddell,0.808040295,0.17870969250560753,0.17870969250560753,0.29780060706748523,FALSE,FALSE
2018-05-08,Weddell,0.808031097,0.17244824300518335,0.17244824300518335,0.29780060706748523,FALSE,FALSE
2018-05-09,Weddell,0.81854785,0.17666986645720695,0.17666986645720695,0.29780060706748523,FALSE,FALSE
2018-05-10,Weddell,0.80870314,0.16045978633966262,0.16045978633966262,0.29780060706748523,FALSE,FALSE
2018-05-11,Weddell,0.790235804,0.13552947713053298,0.13552947713053298,0.29780060706748523,FALSE,FALSE
2018-05-12,Weddell,0.768669755,0.10737548930780272,0.10737548930780272,0.29780060706748523,FALSE,FALSE
2018-05-13,Weddell,0.752003529,0.08396899634945387,0.08396899634945387,0.29780060706748523,FALSE,FALSE
2018-05-14,Weddell,0.740280925,0.06532643473347077,0.06532643473347077,0.29780060706748523,FALSE,FALSE
2018-05-15,Weddell,0.730398382,0.04831688093783704,0.04831688093783704,0.29780060706748523,FALSE,FALSE
2018-05-16,Weddell,0.719881757,0.03043882944053599,0.03043882944053599,0.29780060706748523,FALSE,FALSE
2018-05-17,Weddell,0.71491642,0.01785028771955144,0.01785028771955144,0.29780060706748523,FALSE,FALSE
2018-05-18,Weddell,0.696335299,-0.00864317874713338,0.00864317874713338,0.29780060706748523,FALSE,FALSE
2018-05-19,Weddell,0.686985851,-0.02622147548153475,0.02622147548153475,0.29780060706748523,FALSE,FALSE
2018-05-20,Weddell,0.694401004,-0.0273771573425271,0.0273771573425271,0.29780060706748523,FALSE,FALSE
2018-05-21,Weddell,0.751792641,0.02111047461543336,0.02111047461543336,0.29780060706748523,FALSE,FALSE
2018-05-22,Weddell,0.828269214,0.08838865464726076,0.08838865464726076,0.29780060706748523,FALSE,FALSE
2018-05-23,Weddell,0.883687121,0.13435357121585612,0.13435357121585612,0.29780060706748523,FALSE,FALSE
2018-05-24,Weddell,0.912520694,0.15351934678412216,0.15351934678412216,0.29780060706748523,FALSE,FALSE
2018-05-25,Weddell,0.940739982,0.17189582081496124,0.17189582081496124,0.29780060706748523,FALSE,FALSE
2018-05-26,Weddell,0.952376012,0.17355381077127485,0.17355381077127485,0.29780060706748523,FALSE,FALSE
2018-05-27,Weddell,0.964007967,0.17511229011596563,0.17511229011596563,0.29780060706748523,FALSE,FALSE
2018-05-28,Weddell,0.996427392,0.19740259431193508,0.19740259431193508,0.29780060706748523,FALSE,FALSE
2018-05-29,Weddell,1.027038948,0.21786917482208631,0.21786917482208631,0.29780060706748523,FALSE,FALSE
2018-05-30,Weddell,1.031953701,0.21266288810932063,0.21266288810932063,0.29780060706748523,FALSE,FALSE
2018-05-31,Weddell,1.052139071,0.2227909446365408,0.2227909446365408,0.29780060706748523,FALSE,FALSE
2018-06-01,Weddell,1.056462303,0.21716037986664816,0.21716037986664816,0.29780060706748523,FALSE,FALSE
2018-06-02,Weddell,1.032624174,0.18350357258304928,0.18350357258304928,0.29780060706748523,FALSE,FALSE
2018-06-03,Weddell,1.034468935,0.175660048375602,0.175660048375602,0.29780060706748523,FALSE,FALSE
2018-06-04,Weddell,1.039372335,0.17099076060859553,0.17099076060859553,0.29780060706748523,FALSE,FALSE
2018-06-05,Weddell,1.042387919,0.16453445827329383,0.16453445827329383,0.29780060706748523,FALSE,FALSE
2018-06-06,Weddell,1.03744966,0.15021031836095822,0.15021031836095822,0.29780060706748523,FALSE,FALSE
2018-06-07,Weddell,1.055190583,0.15863656986285324,0.15863656986285324,0.29780060706748523,FALSE,FALSE
2018-06-08,Weddell,1.042384104,0.13657183277024043,0.13657183277024043,0.29780060706748523,FALSE,FALSE
2018-06-09,Weddell,1.019776314,0.10474740207438372,0.10474740207438372,0.29780060706748523,FALSE,FALSE
2018-06-10,Weddell,1.014877311,0.09065857976654523,0.09065857976654523,0.29780060706748523,FALSE,FALSE
2018-06-11,Weddell,1.032078628,0.09868210283798916,0.09868210283798916,0.29780060706748523,FALSE,FALSE
2018-06-12,Weddell,1.058371458,0.11579436827997712,0.11579436827997712,0.29780060706748523,FALSE,FALSE
2018-06-13,Weddell,1.062651841,0.11087662008377253,0.11087662008377253,0.29780060706748523,FALSE,FALSE
2018-06-14,Weddell,1.049216896,0.08821159562054881,0.08821159562054881,0.29780060706748523,FALSE,FALSE
2018-06-15,Weddell,1.05101758,0.08075413784652896,0.08075413784652896,0.29780060706748523,FALSE,FALSE
2018-06-16,Weddell,1.075394673,0.09587397320702784,0.09587397320702784,0.29780060706748523,FALSE,FALSE
2018-06-17,Weddell,1.111271141,0.12252482982253075,0.12252482982253075,0.29780060706748523,FALSE,FALSE
2018-06-18,Weddell,1.144640495,0.14673098081351688,0.14673098081351688,0.29780060706748523,FALSE,FALSE
2018-06-19,Weddell,1.191600808,0.18462126130047096,0.18462126130047096,0.29780060706748523,FALSE,FALSE
2018-06-20,Weddell,1.229291393,0.2133657464038752,0.2133657464038752,0.29780060706748523,FALSE,FALSE
2018-06-21,Weddell,1.275965373,0.2512483212442116,0.2512483212442116,0.29780060706748523,FALSE,FALSE
2018-06-22,Weddell,1.275327068,0.2420040679419635,0.2420040679419635,0.29780060706748523,FALSE,FALSE
2018-06-23,Weddell,1.251584906,0.20987217661761304,0.20987217661761304,0.29780060706748523,FALSE,FALSE
2018-06-24,Weddell,1.240561289,0.1907058113916429,0.1907058113916429,0.29780060706748523,FALSE,FALSE
2018-06-25,Weddell,1.226605807,0.1688853243845354,0.1688853243845354,0.29780060706748523,FALSE,FALSE
2018-06-26,Weddell,1.175071854,0.10979487171677292,0.10979487171677292,0.29780060706748523,FALSE,FALSE
2018-06-27,Weddell,1.130135654,0.05763731513238679,0.05763731513238679,0.29780060706748523,FALSE,FALSE
2018-06-28,Weddell,1.179499213,0.1001101325028848,0.1001101325028848,0.29780060706748523,FALSE,FALSE
2018-06-29,Weddell,1.273395671,0.18742769478754465,0.18742769478754465,0.29780060706748523,FALSE,FALSE
2018-06-30,Weddell,1.300478182,0.2082243137258426,0.2082243137258426,0.29780060706748523,FALSE,FALSE
2018-07-01,Weddell,1.31661561,0.2183500110572556,0.2183500110572556,0.29780060706748523,FALSE,FALSE
2018-07-02,Weddell,1.297721135,0.19369912452126048,0.19369912452126048,0.29780060706748523,FALSE,FALSE
2018-07-03,Weddell,1.294766671,0.1852247258573347,0.1852247258573347,0.29780060706748523,FALSE,FALSE
2018-07-04,Weddell,1.282071679,0.16722743380495309,0.16722743380495309,0.29780060706748523,FALSE,FALSE
2018-07-05,Weddell,1.277877589,0.15792983610359368,0.15792983610359368,0.29780060706748523,FALSE,FALSE
2018-07-06,Weddell,1.26819646,0.143325149492733,0.143325149492733,0.29780060706748523,FALSE,FALSE
2018-07-07,Weddell,1.262722869,0.13308910871184754,0.13308910871184754,0.29780060706748523,FALSE,FALSE
2018-07-08,Weddell,1.232963636,0.09870969150041307,0.09870969150041307,0.29780060706748523,FALSE,FALSE
2018-07-09,Weddell,1.259279165,0.1205284671331206,0.1205284671331206,0.29780060706748523,FALSE,FALSE
2018-07-10,Weddell,1.317503435,0.17436204544875689,0.17436204544875689,0.29780060706748523,FALSE,FALSE
2018-07-11,Weddell,1.365685147,0.2182449656356824,0.2182449656356824,0.29780060706748523,FALSE,FALSE
2018-07-12,Weddell,1.387664138,0.2360033273310549,0.2360033273310549,0.29780060706748523,FALSE,FALSE
2018-07-13,Weddell,1.383215588,0.2273985731720316,0.2273985731720316,0.29780060706748523,FALSE,FALSE
2018-07-14,Weddell,1.370970953,0.2110484217957702,0.2110484217957702,0.29780060706748523,FALSE,FALSE
2018-07-15,Weddell,1.336290609,0.17229951183942727,0.17229951183942727,0.29780060706748523,FALSE,FALSE
2018-07-16,Weddell,1.303617965,0.1355815149401609,0.1355815149401609,0.29780060706748523,FALSE,FALSE
2018-07-17,Weddell,1.261658176,0.08958584873512732,0.08958584873512732,0.29780060706748523,FALSE,FALSE
2018-07-18,Weddell,1.203842885,0.02773041886148575,0.02773041886148575,0.29780060706748523,FALSE,FALSE
2018-07-19,Weddell,1.156775024,-0.02339558004360897,0.02339558004360897,0.29780060706748523,FALSE,FALSE
2018-07-20,Weddell,1.148807798,-0.03545268034299731,0.03545268034299731,0.29780060706748523,FALSE,FALSE
2018-07-21,Weddell,1.21068345,0.02228762360047698,0.02228762360047698,0.29780060706748523,FALSE,FALSE
2018-07-22,Weddell,1.255754606,0.06316526387465649,0.06316526387465649,0.29780060706748523,FALSE,FALSE
2018-07-23,Weddell,1.269790168,0.0729508505843448,0.0729508505843448,0.29780060706748523,FALSE,FALSE
2018-07-24,Weddell,1.296352033,0.0952184870360615,0.0952184870360615,0.29780060706748523,FALSE,FALSE
2018-07-25,Weddell,1.289061855,0.08360227167639223,0.08360227167639223,0.29780060706748523,FALSE,FALSE
2018-07-26,Weddell,1.277675631,0.0678706459519236,0.0678706459519236,0.29780060706748523,FALSE,FALSE
2018-07-27,Weddell,1.298925025,0.0847677183092388,0.0847677183092388,0.29780060706748523,FALSE,FALSE
2018-07-28,Weddell,1.334961268,0.1164571641949248,0.1164571641949248,0.29780060706748523,FALSE,FALSE
2018-07-29,Weddell,1.354237347,0.13140441505556777,0.13140441505556777,0.29780060706748523,FALSE,FALSE
2018-07-30,Weddell,1.399388513,0.17225716633775168,0.17225716633775168,0.29780060706748523,FALSE,FALSE
2018-07-31,Weddell,1.448779102,0.217392198488062,0.217392198488062,0.29780060706748523,FALSE,FALSE
2018-08-01,Weddell,1.492638098,0.2570509399530856,0.2570509399530856,0.29780060706748523,FALSE,FALSE
2018-08-02,Weddell,1.519130353,0.279410687179406,0.279410687179406,0.29780060706748523,FALSE,FALSE
2018-08-03,Weddell,1.542552757,0.29878077448303664,0.29878077448303664,0.29780060706748523,TRUE,FALSE
2018-08-04,Weddell,1.567121943,0.31938675421450524,0.31938675421450524,0.29780060706748523,TRUE,FALSE
2018-08-05,Weddell,1.577335892,0.3257228108122183,0.3257228108122183,0.29780060706748523,TRUE,FALSE
2018-08-06,Weddell,1.571829052,0.31641672936244647,0.31641672936244647,0.29780060706748523,TRUE,FALSE
2018-08-07,Weddell,1.535596105,0.2764565289514582,0.2764565289514582,0.29780060706748523,FALSE,FALSE
2018-08-08,Weddell,1.471742871,0.20894136666552487,0.20894136666552487,0.29780060706748523,FALSE,FALSE
2018-08-09,Weddell,1.419702742,0.1532979715909144,0.1532979715909144,0.29780060706748523,FALSE,FALSE
2018-08-10,Weddell,1.39816094,0.12820490281389765,0.12820490281389765,0.29780060706748523,FALSE,FALSE
2018-08-11,Weddell,1.357818316,0.08435634842074391,0.08435634842074391,0.29780060706748523,FALSE,FALSE
2018-08-12,Weddell,1.328353723,0.05142449849772257,0.05142449849772257,0.29780060706748523,FALSE,FALSE
2018-08-13,Weddell,1.338708991,0.05834452013110503,0.05834452013110503,0.29780060706748523,FALSE,FALSE
2018-08-14,Weddell,1.34597997,0.06220560040715828,0.06220560040715828,0.29780060706748523,FALSE,FALSE
2018-08-15,Weddell,1.34656145,0.05939586641215344,0.05939586641215344,0.29780060706748523,FALSE,FALSE
2018-08-16,Weddell,1.378640555,0.08809632818192581,0.08809632818192581,0.29780060706748523,FALSE,FALSE
2018-08-17,Weddell,1.433570455,0.1396703578226779,0.1396703578226779,0.29780060706748523,FALSE,FALSE
2018-08-18,Weddell,1.478715997,0.18151167946994584,0.18151167946994584,0.29780060706748523,FALSE,FALSE
2018-08-19,Weddell,1.520746498,0.2203195106991478,0.2203195106991478,0.29780060706748523,FALSE,FALSE
2018-08-20,Weddell,1.543457414,0.23991920808569975,0.23991920808569975,0.29780060706748523,FALSE,FALSE
2018-08-21,Weddell,1.54046491,0.23395683720501825,0.23395683720501825,0.29780060706748523,FALSE,FALSE
2018-08-22,Weddell,1.523735792,0.21442910463252216,0.21442910463252216,0.29780060706748523,FALSE,FALSE
2018-08-23,Weddell,1.511199975,0.1992958259436266,0.1992958259436266,0.29780060706748523,FALSE,FALSE
2018-08-24,Weddell,1.517172992,0.20290243471375047,0.20290243471375047,0.29780060706748523,FALSE,FALSE
2018-08-25,Weddell,1.542385331,0.22600931951830905,0.22600931951830905,0.29780060706748523,FALSE,FALSE
2018-08-26,Weddell,1.561561061,0.2433704499327205,0.2433704499327205,0.29780060706748523,FALSE,FALSE
2018-08-27,Weddell,1.598140606,0.27845615053240214,0.27845615053240214,0.29780060706748523,FALSE,FALSE
2018-08-28,Weddell,1.618442862,0.29761521789277046,0.29761521789277046,0.29780060706748523,FALSE,FALSE
2018-08-29,Weddell,1.606968736,0.2853727825832266,0.2853727825832266,0.29780060706748523,FALSE,FALSE
2018-08-30,Weddell,1.5696894240000001,0.2476897610564215,0.2476897610564215,0.29780060706748523,FALSE,FALSE
2018-08-31,Weddell,1.533733963,0.2116719468448982,0.2116719468448982,0.29780060706748523,FALSE,FALSE
2018-09-01,Weddell,1.54469808,0.2228918002281861,0.2228918002281861,0.29780060706748523,FALSE,FALSE
2018-09-02,Weddell,1.577620968,0.2563652474858129,0.2563652474858129,0.29780060706748523,FALSE,FALSE
2018-09-03,Weddell,1.61229374,0.29186013489730556,0.29186013489730556,0.29780060706748523,FALSE,FALSE
2018-09-04,Weddell,1.609882258,0.2905190577421939,0.2905190577421939,0.29780060706748523,FALSE,FALSE
2018-09-05,Weddell,1.579885381,0.261817608300005,0.261817608300005,0.29780060706748523,FALSE,FALSE
2018-09-06,Weddell,1.515137176,0.19856658685026685,0.19856658685026685,0.29780060706748523,FALSE,FALSE
2018-09-07,Weddell,1.482191389,0.16729647267250747,0.16729647267250747,0.29780060706748523,FALSE,FALSE
2018-09-08,Weddell,1.468445826,0.15538180504625498,0.15538180504625498,0.29780060706748523,FALSE,FALSE
2018-09-09,Weddell,1.464278161,0.15317699125103812,0.15317699125103812,0.29780060706748523,FALSE,FALSE
2018-09-10,Weddell,1.446230114,0.13720059653158412,0.13720059653158412,0.29780060706748523,FALSE,FALSE
2018-09-11,Weddell,1.400332217,0.09347062717278454,0.09347062717278454,0.29780060706748523,FALSE,FALSE
2018-09-12,Weddell,1.38821606,0.08362538185632817,0.08362538185632817,0.29780060706748523,FALSE,FALSE
2018-09-13,Weddell,1.398960695,0.09675264647820404,0.09675264647820404,0.29780060706748523,FALSE,FALSE
2018-09-14,Weddell,1.450215574,0.1505106069344011,0.1505106069344011,0.29780060706748523,FALSE,FALSE
2018-09-15,Weddell,1.506208221,0.20913552112090517,0.20913552112090517,0.29780060706748523,FALSE,FALSE
2018-09-16,Weddell,1.540530687,0.246228173933706,0.246228173933706,0.29780060706748523,FALSE,FALSE
2018-09-17,Weddell,1.544748385,0.25336271226879137,0.25336271226879137,0.29780060706748523,FALSE,FALSE
2018-09-18,Weddell,1.534483446,0.2461700010221488,0.2461700010221488,0.29780060706748523,FALSE,FALSE
2018-09-19,Weddell,1.525321213,0.24024411708976667,0.24024411708976667,0.29780060706748523,FALSE,FALSE
2018-09-20,Weddell,1.497744379,0.21607648736763307,0.21607648736763307,0.29780060706748523,FALSE,FALSE
2018-09-21,Weddell,1.482228376,0.20415127775173625,0.20415127775173625,0.29780060706748523,FALSE,FALSE
2018-09-22,Weddell,1.472541551,0.19824556913806357,0.19824556913806357,0.29780060706748523,FALSE,FALSE
2018-09-23,Weddell,1.453885403,0.1835674314769025,0.1835674314769025,0.29780060706748523,FALSE,FALSE
2018-09-24,Weddell,1.440001555,0.17384190195149474,0.17384190195149474,0.29780060706748523,FALSE,FALSE
2018-09-25,Weddell,1.402615722,0.1407640624942248,0.1407640624942248,0.29780060706748523,FALSE,FALSE
2018-09-26,Weddell,1.36597667,0.10855184893905157,0.10855184893905157,0.29780060706748523,FALSE,FALSE
2018-09-27,Weddell,1.403932897,0.15102292911993342,0.15102292911993342,0.29780060706748523,FALSE,FALSE
2018-09-28,Weddell,1.446206599,0.1978686688708271,0.1978686688708271,0.29780060706748523,FALSE,FALSE
2018-09-29,Weddell,1.457106877,0.21336733902569227,0.21336733902569227,0.29780060706748523,FALSE,FALSE
2018-09-30,Weddell,1.46129442,0.22214879841848645,0.22214879841848645,0.29780060706748523,FALSE,FALSE
2018-10-01,Weddell,1.478779002,0.244191990883168,0.244191990883168,0.29780060706748523,FALSE,FALSE
2018-10-02,Weddell,1.496233758,0.26613922125369527,0.26613922125369527,0.29780060706748523,FALSE,FALSE
2018-10-03,Weddell,1.502767779,0.2770687503640261,0.2770687503640261,0.29780060706748523,FALSE,FALSE
2018-10-04,Weddell,1.478086397,0.25665508004811777,0.25665508004811777,0.29780060706748523,FALSE,FALSE
2018-10-05,Weddell,1.447976804,0.2306545820200807,0.2306545820200807,0.29780060706748523,FALSE,FALSE
2018-10-06,Weddell,1.421454236,0.2080636233164093,0.2080636233164093,0.29780060706748523,FALSE,FALSE
2018-10-07,Weddell,1.404648929,0.1950287263775521,0.1950287263775521,0.29780060706748523,FALSE,FALSE
2018-10-08,Weddell,1.40888351,0.2028952362557872,0.2028952362557872,0.29780060706748523,FALSE,FALSE
2018-10-09,Weddell,1.396792854,0.1943207460033889,0.1943207460033889,0.29780060706748523,FALSE,FALSE
2018-10-10,Weddell,1.371418337,0.17236934967263484,0.17236934967263484,0.29780060706748523,FALSE,FALSE
2018-10-11,Weddell,1.34483561,0.14913941631579997,0.14913941631579997,0.29780060706748523,FALSE,FALSE
2018-10-12,Weddell,1.322552918,0.13016190898516178,0.13016190898516178,0.29780060706748523,FALSE,FALSE
2018-10-13,Weddell,1.3310297,0.14191898473299536,0.14191898473299536,0.29780060706748523,FALSE,FALSE
2018-10-14,Weddell,1.327341249,0.1415086546115785,0.1415086546115785,0.29780060706748523,FALSE,FALSE
2018-10-15,Weddell,1.321298483,0.13876455467318638,0.13876455467318638,0.29780060706748523,FALSE,FALSE
2018-10-16,Weddell,1.301846064,0.1226540649700958,0.1226540649700958,0.29780060706748523,FALSE,FALSE
2018-10-17,Weddell,1.2563009,0.08051681155458135,0.08051681155458135,0.29780060706748523,FALSE,FALSE
2018-10-18,Weddell,1.190091253,0.01780333120168964,0.01780333120168964,0.29780060706748523,FALSE,FALSE
2018-10-19,Weddell,1.147498483,-0.02119215639060634,0.02119215639060634,0.29780060706748523,FALSE,FALSE
2018-10-20,Weddell,1.134633489,-0.03035489348195952,0.03035489348195952,0.29780060706748523,FALSE,FALSE
2018-10-21,Weddell,1.115001624,-0.04617602873283144,0.04617602873283144,0.29780060706748523,FALSE,FALSE
2018-10-22,Weddell,1.095350809,-0.06190414280368372,0.06190414280368372,0.29780060706748523,FALSE,FALSE
2018-10-23,Weddell,1.069672186,-0.0835445953549776,0.0835445953549776,0.29780060706748523,FALSE,FALSE
2018-10-24,Weddell,1.03597883,-0.11308081304717366,0.11308081304717366,0.29780060706748523,FALSE,FALSE
2018-10-25,Weddell,0.992526917,-0.15225312154073345,0.15225312154073345,0.29780060706748523,FALSE,FALSE
2018-10-26,Weddell,0.939214211,-0.2011602584961184,0.2011602584961184,0.29780060706748523,FALSE,FALSE
2018-10-27,Weddell,0.896443464,-0.2393959735737904,0.2393959735737904,0.29780060706748523,FALSE,FALSE
2018-10-28,Weddell,0.873259184,-0.25791226043420845,0.25791226043420845,0.29780060706748523,FALSE,FALSE
2018-10-29,Weddell,0.868958032,-0.2574089597378363,0.2574089597378363,0.29780060706748523,FALSE,FALSE
2018-10-30,Weddell,0.857917794,-0.26350478714513415,0.26350478714513415,0.29780060706748523,FALSE,FALSE
2018-10-31,Weddell,0.839629407,-0.27670596045914564,0.27670596045914564,0.29780060706748523,FALSE,FALSE
2018-11-01,Weddell,0.832964555,-0.2781411653925292,0.2781411653925292,0.29780060706748523,FALSE,FALSE
2018-11-02,Weddell,0.82755828,-0.2781767171532491,0.2781767171532491,0.29780060706748523,FALSE,FALSE
2018-11-03,Weddell,0.819033069,-0.281191486214735,0.281191486214735,0.29780060706748523,FALSE,FALSE
2018-11-04,Weddell,0.838181014,-0.25639473805041535,0.25639473805041535,0.29780060706748523,FALSE,FALSE
2018-11-05,Weddell,0.872084881,-0.21670506413372037,0.21670506413372037,0.29780060706748523,FALSE,FALSE
2018-11-06,Weddell,0.894836442,-0.1880320499380771,0.1880320499380771,0.29780060706748523,FALSE,FALSE
2018-11-07,Weddell,0.927376162,-0.14943658793691694,0.14943658793691694,0.29780060706748523,FALSE,FALSE
2018-11-08,Weddell,0.945160791,-0.1254632856036677,0.1254632856036677,0.29780060706748523,FALSE,FALSE
2018-11-09,Weddell,0.945748574,-0.11855525541175904,0.11855525541175904,0.29780060706748523,FALSE,FALSE
2018-11-10,Weddell,0.939001457,-0.11885190883461982,0.11885190883461982,0.29780060706748523,FALSE,FALSE
2018-11-11,Weddell,0.912603234,-0.13867080934567866,0.13867080934567866,0.29780060706748523,FALSE,FALSE
2018-11-12,Weddell,0.905864061,-0.1387030624778064,0.1387030624778064,0.29780060706748523,FALSE,FALSE
2018-11-13,Weddell,0.90709676400000006,-0.13063179642805456,0.13063179642805456,0.29780060706748523,FALSE,FALSE
2018-11-14,Weddell,0.907108189,-0.12363814136030192,0.12363814136030192,0.29780060706748523,FALSE,FALSE
2018-11-15,Weddell,0.90525047300000006,-0.11835727838212928,0.11835727838212928,0.29780060706748523,FALSE,FALSE
2018-11-16,Weddell,0.906487745,-0.10981239660111664,0.10981239660111664,0.29780060706748523,FALSE,FALSE
2018-11-17,Weddell,0.896645299,-0.11216552012484347,0.11216552012484347,0.29780060706748523,FALSE,FALSE
2018-11-18,Weddell,0.889888803,-0.11123829906089056,0.11123829906089056,0.29780060706748523,FALSE,FALSE
2018-11-19,Weddell,0.902801245,-0.09043506351683794,0.09043506351683794,0.29780060706748523,FALSE,FALSE
2018-11-20,Weddell,0.913870921,-0.07125483560026569,0.07125483560026569,0.29780060706748523,FALSE,FALSE
2018-11-21,Weddell,0.912031085,-0.06475167941875437,0.06475167941875437,0.29780060706748523,FALSE,FALSE
2018-11-22,Weddell,0.888048285,-0.08014636507988371,0.08014636507988371,0.29780060706748523,FALSE,FALSE
2018-11-23,Weddell,0.866539852,-0.09280887969123386,0.09280887969123386,0.29780060706748523,FALSE,FALSE
2018-11-24,Weddell,0.86101876,-0.08921356736038533,0.08921356736038533,0.29780060706748523,FALSE,FALSE
2018-11-25,Weddell,0.857329366,-0.08350577380118229,0.08350577380118229,0.29780060706748523,FALSE,FALSE
2018-11-26,Weddell,0.852411441,-0.0787555993277308,0.0787555993277308,0.29780060706748523,FALSE,FALSE
2018-11-27,Weddell,0.857322755,-0.0639252865492207,0.0639252865492207,0.29780060706748523,FALSE,FALSE
2018-11-28,Weddell,0.851782984,-0.05931524888926509,0.05931524888926509,0.29780060706748523,FALSE,FALSE
2018-11-29,Weddell,0.845624442,-0.0551132617714748,0.0551132617714748,0.29780060706748523,FALSE,FALSE
2018-11-30,Weddell,0.849936281,-0.04025026261946141,0.04025026261946141,0.29780060706748523,FALSE,FALSE
2018-12-01,Weddell,0.843159713,-0.03630512885683723,0.03630512885683723,0.29780060706748523,FALSE,FALSE
2018-12-02,Weddell,0.859161442,-0.00943124590721422,0.00943124590721422,0.29780060706748523,FALSE,FALSE
2018-12-03,Weddell,0.860398,0.00280782880579666,0.00280782880579666,0.29780060706748523,FALSE,FALSE
2018-12-04,Weddell,0.851793271,0.005315889858583,0.005315889858583,0.29780060706748523,FALSE,FALSE
2018-12-05,Weddell,0.834574982,-6.994251724669054e-4,6.994251724669054e-4,0.29780060706748523,FALSE,FALSE
2018-12-06,Weddell,0.830883184,0.00688184528903579,0.00688184528903579,0.29780060706748523,FALSE,FALSE
2018-12-07,Weddell,0.8320957,0.01941743703791698,0.01941743703791698,0.29780060706748523,FALSE,FALSE
2018-12-08,Weddell,0.82716029,0.02583571154324682,0.02583571154324682,0.29780060706748523,FALSE,FALSE
2018-12-09,Weddell,0.828398196,0.03844017310350389,0.03844017310350389,0.29780060706748523,FALSE,FALSE
2018-12-10,Weddell,0.829613888,0.05101779935869544,0.05101779935869544,0.29780060706748523,FALSE,FALSE
2018-12-11,Weddell,0.802500034,0.03524376594883116,0.03524376594883116,0.29780060706748523,FALSE,FALSE
2018-12-12,Weddell,0.793252092,0.03729603851391916,0.03729603851391916,0.29780060706748523,FALSE,FALSE
2018-12-13,Weddell,0.794480185,0.04976724769396723,0.04976724769396723,0.29780060706748523,FALSE,FALSE
2018-12-14,Weddell,0.786417859,0.05287344712898467,0.05287344712898467,0.29780060706748523,FALSE,FALSE
2018-12-15,Weddell,0.767929042,0.04546107245897946,0.04546107245897946,0.29780060706748523,FALSE,FALSE
2018-12-16,Weddell,0.757445253,0.04594415032395993,0.04594415032395993,0.29780060706748523,FALSE,FALSE
2018-12-17,Weddell,0.756809047,0.05614774336393469,0.05614774336393469,0.29780060706748523,FALSE,FALSE
2018-12-18,Weddell,0.75863736,0.06867129521891258,0.06867129521891258,0.29780060706748523,FALSE,FALSE
2018-12-19,Weddell,0.747469807,0.06803692852890109,0.06803692852890109,0.29780060706748523,FALSE,FALSE
2018-12-20,Weddell,0.717176888,0.04809823604632979,0.04809823604632979,0.29780060706748523,FALSE,FALSE
2018-12-21,Weddell,0.688643896,0.02973285527881775,0.02973285527881775,0.29780060706748523,FALSE,FALSE
2018-12-22,Weddell,0.675609373,0.02667905767924405,0.02667905767924405,0.29780060706748523,FALSE,FALSE
2018-12-23,Weddell,0.673217781,0.03408124049618699,0.03408124049618699,0.29780060706748523,FALSE,FALSE
2018-12-24,Weddell,0.674444404,0.04491462297822357,0.04491462297822357,0.29780060706748523,FALSE,FALSE
2018-12-25,Weddell,0.661402061,0.04129195937393148,0.04129195937393148,0.29780060706748523,FALSE,FALSE
2018-12-26,Weddell,0.648931073,0.03805350593188694,0.03805350593188694,0.29780060706748523,FALSE,FALSE
2018-12-27,Weddell,0.640931451,0.0390992089006682,0.0390992089006682,0.29780060706748523,FALSE,FALSE
2018-12-28,Weddell,0.638447176,0.04547298452885318,0.04547298452885318,0.29780060706748523,FALSE,FALSE
2018-12-29,Weddell,0.639095288,0.05479180806501849,0.05479180806501849,0.29780060706748523,FALSE,FALSE
2018-12-30,Weddell,0.634756621,0.0589364487577404,0.0589364487577404,0.29780060706748523,FALSE,FALSE
2018-12-31,Weddell,0.636516821,0.06899248785559853,0.06899248785559853,0.29780060706748523,FALSE,FALSE
2019-01-01,Weddell,0.636504613,0.07708858560716947,0.07708858560716947,0.29780060706748523,FALSE,FALSE
2019-01-02,Weddell,0.63141184,0.07991787312543341,0.07991787312543341,0.29780060706748523,FALSE,FALSE
2019-01-03,Weddell,0.625198425,0.08144697298098935,0.08144697298098935,0.29780060706748523,FALSE,FALSE
2019-01-04,Weddell,0.606618467,0.07043803660883763,0.07043803660883763,0.29780060706748523,FALSE,FALSE
2019-01-05,Weddell,0.60731493,0.07854208044398192,0.07854208044398192,0.29780060706748523,FALSE,FALSE
2019-01-06,Weddell,0.602394105,0.08087344792142093,0.08087344792142093,0.29780060706748523,FALSE,FALSE
2019-01-07,Weddell,0.598083135,0.0836673344761586,0.0836673344761586,0.29780060706748523,FALSE,FALSE
2019-01-08,Weddell,0.594345116,0.08689488854319583,0.08689488854319583,0.29780060706748523,FALSE,FALSE
2019-01-09,Weddell,0.582556998,0.08194111255753289,0.08194111255753289,0.29780060706748523,FALSE,FALSE
2019-01-10,Weddell,0.575086958,0.08118223595417351,0.08118223595417351,0.29780060706748523,FALSE,FALSE
2019-01-11,Weddell,0.568859937,0.0815512521681177,0.0815512521681177,0.29780060706748523,FALSE,FALSE
2019-01-12,Weddell,0.567611579,0.08679185763436825,0.08679185763436825,0.29780060706748523,FALSE,FALSE
2019-01-13,Weddell,0.563263798,0.08883401878792557,0.08883401878792557,0.29780060706748523,FALSE,FALSE
2019-01-14,Weddell,0.575043502,0.1069127125063335,0.1069127125063335,0.29780060706748523,FALSE,FALSE
2019-01-15,Weddell,0.576280591,0.11436649770507162,0.11436649770507162,0.29780060706748523,FALSE,FALSE
2019-01-16,Weddell,0.561249292,0.10547899949082055,0.10547899949082055,0.29780060706748523,FALSE,FALSE
2019-01-17,Weddell,0.556955427,0.10726548471922198,0.10726548471922198,0.29780060706748523,FALSE,FALSE
2019-01-18,Weddell,0.562072968,0.11840937024591758,0.11840937024591758,0.29780060706748523,FALSE,FALSE
2019-01-19,Weddell,0.552072778,0.11439096392654918,0.11439096392654918,0.29780060706748523,FALSE,FALSE
2019-01-20,Weddell,0.532702034,0.10096688761675932,0.10096688761675932,0.29780060706748523,FALSE,FALSE
2019-01-21,Weddell,0.534580907,0.10876675717218914,0.10876675717218914,0.29780060706748523,FALSE,FALSE
2019-01-22,Weddell,0.537075952,0.11716657244848104,0.11716657244848104,0.29780060706748523,FALSE,FALSE
2019-01-23,Weddell,0.530135716,0.11612432530127648,0.11612432530127648,0.29780060706748523,FALSE,FALSE
2019-01-24,Weddell,0.527502835,0.11939209658621786,0.11939209658621786,0.29780060706748523,FALSE,FALSE
2019-01-25,Weddell,0.510482476,0.10828449815894658,0.10828449815894658,0.29780060706748523,FALSE,FALSE
2019-01-26,Weddell,0.486802419,0.09053875487510564,0.09053875487510564,0.29780060706748523,FALSE,FALSE
2019-01-27,Weddell,0.454927397,0.06462637243340791,0.06462637243340791,0.29780060706748523,FALSE,FALSE
2019-01-28,Weddell,0.452412711,0.06809133547603835,0.06809133547603835,0.29780060706748523,FALSE,FALSE
2019-01-29,Weddell,0.456788014,0.07844447989449943,0.07844447989449943,0.29780060706748523,FALSE,FALSE
2019-01-30,Weddell,0.469076275,0.09668993341799488,0.09668993341799488,0.29780060706748523,FALSE,FALSE
2019-01-31,Weddell,0.475293607,0.10882496777572905,0.10882496777572905,0.29780060706748523,FALSE,FALSE
2019-02-01,Weddell,0.462185674,0.10157640569690508,0.10157640569690508,0.29780060706748523,FALSE,FALSE
2019-02-02,Weddell,0.428288605,0.07346153491072754,0.07346153491072754,0.29780060706748523,FALSE,FALSE
2019-02-03,Weddell,0.445443176,0.09630229014640009,0.09630229014640009,0.29780060706748523,FALSE,FALSE
2019-02-04,Weddell,0.434823099,0.09125354213312642,0.09125354213312642,0.29780060706748523,FALSE,FALSE
2019-02-05,Weddell,0.414445701,0.0763137766001109,0.0763137766001109,0.29780060706748523,FALSE,FALSE
2019-02-06,Weddell,0.409868163,0.07702133327655708,0.07702133327655708,0.29780060706748523,FALSE,FALSE
2019-02-07,Weddell,0.423713293,0.09598017889166877,0.09598017889166877,0.29780060706748523,FALSE,FALSE
2019-02-08,Weddell,0.423726851,0.10091725649487292,0.10091725649487292,0.29780060706748523,FALSE,FALSE
2019-02-09,Weddell,0.414294812,0.09620293497224042,0.09620293497224042,0.29780060706748523,FALSE,FALSE
2019-02-10,Weddell,0.40608004,0.09249085779277216,0.09249085779277216,0.29780060706748523,FALSE,FALSE
2019-02-11,Weddell,0.379076262,0.06976628641594124,0.06976628641594124,0.29780060706748523,FALSE,FALSE
2019-02-12,Weddell,0.389085718,0.08382299530122206,0.08382299530122206,0.29780060706748523,FALSE,FALSE
2019-02-13,Weddell,0.380849495,0.0793936059080878,0.0793936059080878,0.29780060706748523,FALSE,FALSE
2019-02-14,Weddell,0.370347834,0.07244989369601268,0.07244989369601268,0.29780060706748523,FALSE,FALSE
2019-02-15,Weddell,0.363400045,0.06880270312447023,0.06880270312447023,0.29780060706748523,FALSE,FALSE
2019-02-16,Weddell,0.362130441,0.07056788165293404,0.07056788165293404,0.29780060706748523,FALSE,FALSE
2019-02-17,Weddell,0.360841424,0.0720393657408781,0.0720393657408781,0.29780060706748523,FALSE,FALSE
2019-02-18,Weddell,0.367824844,0.08150053984777561,0.08150053984777561,0.29780060706748523,FALSE,FALSE
2019-02-19,Weddell,0.364130513,0.07999275043310067,0.07999275043310067,0.29780060706748523,FALSE,FALSE
2019-02-20,Weddell,0.358451307,0.07620040795632732,0.07620040795632732,0.29780060706748523,FALSE,FALSE
2019-02-21,Weddell,0.358458391,0.07778668429756613,0.07778668429756613,0.29780060706748523,FALSE,FALSE
2019-02-22,Weddell,0.349666211,0.07026375979144545,0.07026375979144545,0.29780060706748523,FALSE,FALSE
2019-02-23,Weddell,0.347060059,0.06861847092527562,0.06861847092527562,0.29780060706748523,FALSE,FALSE
2019-02-24,Weddell,0.330096562,0.05230905806238872,0.05230905806238872,0.29780060706748523,FALSE,FALSE
2019-02-25,Weddell,0.330389647,0.05295106156611717,0.05295106156611717,0.29780060706748523,FALSE,FALSE
2019-02-26,Weddell,0.338608223,0.06121500379979316,0.06121500379979316,0.29780060706748523,FALSE,FALSE
2019-02-27,Weddell,0.331468314,0.05381852212674953,0.05381852212674953,0.29780060706748523,FALSE,FALSE
2019-02-28,Weddell,0.336021794,0.05781510391031846,0.05781510391031846,0.29780060706748523,FALSE,FALSE
2019-03-01,Weddell,0.320997136,0.04193483551383209,0.04193483551383209,0.29780060706748523,FALSE,FALSE
2019-03-02,Weddell,0.311507992,0.03129298230062311,0.03129298230062311,0.29780060706748523,FALSE,FALSE
2019-03-03,Weddell,0.323552235,0.04188903063402383,0.04188903063402383,0.29780060706748523,FALSE,FALSE
2019-03-04,Weddell,0.331708464,0.04830319287736678,0.04830319287736678,0.29780060706748523,FALSE,FALSE
2019-03-05,Weddell,0.336024797,0.05058520126607652,0.05058520126607652,0.29780060706748523,FALSE,FALSE
2019-03-06,Weddell,0.335343603,0.04758228310903401,0.04758228310903401,0.29780060706748523,FALSE,FALSE
2019-03-07,Weddell,0.353688998,0.06333397418602954,0.06333397418602954,0.29780060706748523,FALSE,FALSE
2019-03-08,Weddell,0.363332612,0.07012946995036023,0.07012946995036023,0.29780060706748523,FALSE,FALSE
2019-03-09,Weddell,0.356519276,0.06023116685532187,0.06023116685532187,0.29780060706748523,FALSE,FALSE
2019-03-10,Weddell,0.369726818,0.07013445835421006,0.07013445835421006,0.29780060706748523,FALSE,FALSE
2019-03-11,Weddell,0.388059793,0.08496146490032169,0.08496146490032169,0.29780060706748523,FALSE,FALSE
2019-03-12,Weddell,0.381029757,0.0742413079469531,0.0742413079469531,0.29780060706748523,FALSE,FALSE
2019-03-13,Weddell,0.363361682,0.05271652494739953,0.05271652494739953,0.29780060706748523,FALSE,FALSE
2019-03-14,Weddell,0.351541741,0.03689085435495792,0.03689085435495792,0.29780060706748523,FALSE,FALSE
2019-03-15,Weddell,0.356096511,0.03730843862292421,0.03730843862292421,0.29780060706748523,FALSE,FALSE
2019-03-16,Weddell,0.353648415,0.03060926620459442,0.03060926620459442,0.29780060706748523,FALSE,FALSE
2019-03-17,Weddell,0.349304977,0.02191842655326492,0.02191842655326492,0.29780060706748523,FALSE,FALSE
2019-03-18,Weddell,0.341220404,0.00940741335734762,0.00940741335734762,0.29780060706748523,FALSE,FALSE
2019-03-19,Weddell,0.341336389,0.00502824419289099,0.00502824419289099,0.29780060706748523,FALSE,FALSE
2019-03-20,Weddell,0.359056299,0.01818732820810303,0.01818732820810303,0.29780060706748523,FALSE,FALSE
2019-03-21,Weddell,0.35150646,0.00601369068257251,0.00601369068257251,0.29780060706748523,FALSE,FALSE
2019-03-22,Weddell,0.363580576,0.01340373489588875,0.01340373489588875,0.29780060706748523,FALSE,FALSE
2019-03-23,Weddell,0.351061854,-0.00385663287235887,0.00385663287235887,0.29780060706748523,FALSE,FALSE
2019-03-24,Weddell,0.345531408,-0.01418359934258095,0.01418359934258095,0.29780060706748523,FALSE,FALSE
2019-03-25,Weddell,0.349353554,-0.01521014923518793,0.01521014923518793,0.29780060706748523,FALSE,FALSE
2019-03-26,Weddell,0.369475949,1.407372940875895e-5,1.407372940875895e-5,0.29780060706748523,FALSE,FALSE
2019-03-27,Weddell,0.372613111,-0.00179371316920134,0.00179371316920134,0.29780060706748523,FALSE,FALSE
2019-03-28,Weddell,0.387069454,0.00767360334857125,0.00767360334857125,0.29780060706748523,FALSE,FALSE
2019-03-29,Weddell,0.403362786,0.01893653056231609,0.01893653056231609,0.29780060706748523,FALSE,FALSE
2019-03-30,Weddell,0.416502811,0.02700747175162193,0.02700747175162193,0.29780060706748523,FALSE,FALSE
2019-03-31,Weddell,0.437116627,0.04251457300839761,0.04251457300839761,0.29780060706748523,FALSE,FALSE
2019-04-01,Weddell,0.449615435,0.04986105797782592,0.04986105797782592,0.29780060706748523,FALSE,FALSE
2019-04-02,Weddell,0.450242211,0.04527885704213641,0.04527885704213641,0.29780060706748523,FALSE,FALSE
2019-04-03,Weddell,0.428972311,0.01873227804702815,0.01873227804702815,0.29780060706748523,FALSE,FALSE
2019-04-04,Weddell,0.409567214,-0.00602824816179986,0.00602824816179986,0.29780060706748523,FALSE,FALSE
2019-04-05,Weddell,0.412705159,-0.00833553073864884,0.00833553073864884,0.29780060706748523,FALSE,FALSE
2019-04-06,Weddell,0.411475452,-0.01511131183781849,0.01511131183781849,0.29780060706748523,FALSE,FALSE
2019-04-07,Weddell,0.413960917,-0.01828381561361108,0.01828381561361108,0.29780060706748523,FALSE,FALSE
2019-04-08,Weddell,0.405208092,-0.03281755222032645,0.03281755222032645,0.29780060706748523,FALSE,FALSE
2019-04-09,Weddell,0.383918964,-0.06002158281226655,0.06002158281226655,0.29780060706748523,FALSE,FALSE
2019-04-10,Weddell,0.382644431,-0.0673560575437312,0.0673560575437312,0.29780060706748523,FALSE,FALSE
2019-04-11,Weddell,0.400710086,-0.05550643156902257,0.05550643156902257,0.29780060706748523,FALSE,FALSE
2019-04-12,Weddell,0.455177665,-0.00742185033982567,0.00742185033982567,0.29780060706748523,FALSE,FALSE
2019-04-13,Weddell,0.480803656,0.01165517362639539,0.01165517362639539,0.29780060706748523,FALSE,FALSE
2019-04-14,Weddell,0.490150899,0.01430806542568025,0.01430806542568025,0.29780060706748523,FALSE,FALSE
2019-04-15,Weddell,0.516310381,0.03365022653804506,0.03365022653804506,0.29780060706748523,FALSE,FALSE
2019-04-16,Weddell,0.546223334,0.05664530344350405,0.05664530344350405,0.29780060706748523,FALSE,FALSE
2019-04-17,Weddell,0.569258482,0.0726844346220723,0.0726844346220723,0.29780060706748523,FALSE,FALSE
2019-04-18,Weddell,0.574232067,0.07060627655376517,0.07060627655376517,0.29780060706748523,FALSE,FALSE
2019-04-19,Weddell,0.565519681,0.0548088357185974,0.0548088357185974,0.29780060706748523,FALSE,FALSE
2019-04-20,Weddell,0.569226878,0.05142008059658387,0.05142008059658387,0.29780060706748523,FALSE,FALSE
2019-04-21,Weddell,0.551785094,0.02689386166773955,0.02689386166773955,0.29780060706748523,FALSE,FALSE
2019-04-22,Weddell,0.530015668,-0.00192606758792057,0.00192606758792057,0.29780060706748523,FALSE,FALSE
2019-04-23,Weddell,0.506384156,-0.03255173669038136,0.03255173669038136,0.29780060706748523,FALSE,FALSE
2019-04-24,Weddell,0.505683773,-0.04016751615962832,0.04016751615962832,0.29780060706748523,FALSE,FALSE
2019-04-25,Weddell,0.511242719,-0.04142480891957656,0.04142480891957656,0.29780060706748523,FALSE,FALSE
2019-04-26,Weddell,0.539942122,-0.0194412501122746,0.0194412501122746,0.29780060706748523,FALSE,FALSE
2019-04-27,Weddell,0.566026592,1.8419071632025386e-5,1.8419071632025386e-5,0.29780060706748523,FALSE,FALSE
2019-04-28,Weddell,0.605160252,0.03260885890809917,0.03260885890809917,0.29780060706748523,FALSE,FALSE
2019-04-29,Weddell,0.633779276,0.05475678067308232,0.05475678067308232,0.29780060706748523,FALSE,FALSE
2019-04-30,Weddell,0.649316151,0.06388520864253666,0.06388520864253666,0.29780060706748523,FALSE,FALSE
2019-05-01,Weddell,0.645607654,0.05382145709241814,0.05382145709241814,0.29780060706748523,FALSE,FALSE
2019-05-02,Weddell,0.609010551,0.01091282929868209,0.01091282929868209,0.29780060706748523,FALSE,FALSE
2019-05-03,Weddell,0.582278726,-0.02209625346271559,0.02209625346271559,0.29780060706748523,FALSE,FALSE
2019-05-04,Weddell,0.619496266,0.00886883308418051,0.00886883308418051,0.29780060706748523,FALSE,FALSE
2019-05-05,Weddell,0.637472098,0.02060755321532537,0.02060755321532537,0.29780060706748523,FALSE,FALSE
2019-05-06,Weddell,0.651076896,0.02798111820667492,0.02798111820667492,0.29780060706748523,FALSE,FALSE
2019-05-07,Weddell,0.65533357,0.0260029675056076,0.0260029675056076,0.29780060706748523,FALSE,FALSE
2019-05-08,Weddell,0.660871156,0.02528830200518339,0.02528830200518339,0.29780060706748523,FALSE,FALSE
2019-05-09,Weddell,0.666391804,0.02451382045720696,0.02451382045720696,0.29780060706748523,FALSE,FALSE
2019-05-10,Weddell,0.68125769,0.03301433633966266,0.03301433633966266,0.29780060706748523,FALSE,FALSE
2019-05-11,Weddell,0.725881528,0.071175201130533,0.071175201130533,0.29780060706748523,FALSE,FALSE
2019-05-12,Weddell,0.765432856,0.1041385903078027,0.1041385903078027,0.29780060706748523,FALSE,FALSE
2019-05-13,Weddell,0.780234173,0.11219964034945384,0.11219964034945384,0.29780060706748523,FALSE,FALSE
2019-05-14,Weddell,0.804921746,0.1299672557334708,0.1299672557334708,0.29780060706748523,FALSE,FALSE
2019-05-15,Weddell,0.828407604,0.1463261029378371,0.1463261029378371,0.29780060706748523,FALSE,FALSE
2019-05-16,Weddell,0.794544419,0.10510149144053592,0.10510149144053592,0.29780060706748523,FALSE,FALSE
2019-05-17,Weddell,0.782200313,0.08513418071955148,0.08513418071955148,0.29780060706748523,FALSE,FALSE
2019-05-18,Weddell,0.801905279,0.09692680125286655,0.09692680125286655,0.29780060706748523,FALSE,FALSE
2019-05-19,Weddell,0.819123031,0.1059157045184652,0.1059157045184652,0.29780060706748523,FALSE,FALSE
2019-05-20,Weddell,0.843144784,0.12136662265747288,0.12136662265747288,0.29780060706748523,FALSE,FALSE
2019-05-21,Weddell,0.876385234,0.1457030676154334,0.1457030676154334,0.29780060706748523,FALSE,FALSE
2019-05-22,Weddell,0.912644615,0.17276405564726083,0.17276405564726083,0.29780060706748523,FALSE,FALSE
2019-05-23,Weddell,0.940841598,0.1915080482158561,0.1915080482158561,0.29780060706748523,FALSE,FALSE
2019-05-24,Weddell,0.95553731,0.1965359627841221,0.1965359627841221,0.29780060706748523,FALSE,FALSE
2019-05-25,Weddell,0.967133186,0.19828902481496125,0.19828902481496125,0.29780060706748523,FALSE,FALSE
2019-05-26,Weddell,0.978042919,0.1992207177712748,0.1992207177712748,0.29780060706748523,FALSE,FALSE
2019-05-27,Weddell,0.964419499,0.17552382211596562,0.17552382211596562,0.29780060706748523,FALSE,FALSE
2019-05-28,Weddell,0.949705434,0.15068063631193507,0.15068063631193507,0.29780060706748523,FALSE,FALSE
2019-05-29,Weddell,0.940415942,0.1312461688220864,0.1312461688220864,0.29780060706748523,FALSE,FALSE
2019-05-30,Weddell,0.923151338,0.10386052510932076,0.10386052510932076,0.29780060706748523,FALSE,FALSE
2019-05-31,Weddell,0.895500574,0.06615244763654082,0.06615244763654082,0.29780060706748523,FALSE,FALSE
2019-06-01,Weddell,0.86119207,0.02189014686664814,0.02189014686664814,0.29780060706748523,FALSE,FALSE
2019-06-02,Weddell,0.862442556,0.0133219545830493,0.0133219545830493,0.29780060706748523,FALSE,FALSE
2019-06-03,Weddell,0.879852975,0.02104408837560201,0.02104408837560201,0.29780060706748523,FALSE,FALSE
2019-06-04,Weddell,0.889812783,0.02143120860859559,0.02143120860859559,0.29780060706748523,FALSE,FALSE
2019-06-05,Weddell,0.891027087,0.01317362627329377,0.01317362627329377,0.29780060706748523,FALSE,FALSE
2019-06-06,Weddell,0.878694186,-0.00854515563904179,0.00854515563904179,0.29780060706748523,FALSE,FALSE
2019-06-07,Weddell,0.899581686,0.00302767286285332,0.00302767286285332,0.29780060706748523,FALSE,FALSE
2019-06-08,Weddell,0.94445183,0.0386395587702405,0.0386395587702405,0.29780060706748523,FALSE,FALSE
2019-06-09,Weddell,0.993958636,0.0789297240743837,0.0789297240743837,0.29780060706748523,FALSE,FALSE
2019-06-10,Weddell,1.031707,0.10748826876654516,0.10748826876654516,0.29780060706748523,FALSE,FALSE
2019-06-11,Weddell,1.034723661,0.10132713583798902,0.10132713583798902,0.29780060706748523,FALSE,FALSE
2019-06-12,Weddell,0.984414981,0.04183789127997706,0.04183789127997706,0.29780060706748523,FALSE,FALSE
2019-06-13,Weddell,0.939345165,-0.01243005591622759,0.01243005591622759,0.29780060706748523,FALSE,FALSE
2019-06-14,Weddell,0.923439091,-0.0375662093794511,0.0375662093794511,0.29780060706748523,FALSE,FALSE
2019-06-15,Weddell,0.91367677,-0.05658667215347091,0.05658667215347091,0.29780060706748523,FALSE,FALSE
2019-06-16,Weddell,0.945051783,-0.03446891679297204,0.03446891679297204,0.29780060706748523,FALSE,FALSE
2019-06-17,Weddell,0.967174046,-0.02157226517746924,0.02157226517746924,0.29780060706748523,FALSE,FALSE
2019-06-18,Weddell,0.994671772,-0.00323774218648309,0.00323774218648309,0.29780060706748523,FALSE,FALSE
2019-06-19,Weddell,1.027722084,0.02074253730047104,0.02074253730047104,0.29780060706748523,FALSE,FALSE
2019-06-20,Weddell,1.055854318,0.03992867140387513,0.03992867140387513,0.29780060706748523,FALSE,FALSE
2019-06-21,Weddell,1.069716882,0.04499983024421161,0.04499983024421161,0.29780060706748523,FALSE,FALSE
2019-06-22,Weddell,1.048894839,0.01557183894196345,0.01557183894196345,0.29780060706748523,FALSE,FALSE
2019-06-23,Weddell,1.057637892,0.01592516261761312,0.01592516261761312,0.29780060706748523,FALSE,FALSE
2019-06-24,Weddell,1.13804539,0.08818991239164298,0.08818991239164298,0.29780060706748523,FALSE,FALSE
2019-06-25,Weddell,1.167872421,0.1101519383845353,0.1101519383845353,0.29780060706748523,FALSE,FALSE
2019-06-26,Weddell,1.169604067,0.104327084716773,0.104327084716773,0.29780060706748523,FALSE,FALSE
2019-06-27,Weddell,1.143951036,0.07145269713238678,0.07145269713238678,0.29780060706748523,FALSE,FALSE
2019-06-28,Weddell,1.140915891,0.06152681050288478,0.06152681050288478,0.29780060706748523,FALSE,FALSE
2019-06-29,Weddell,1.134703159,0.04873518278754463,0.04873518278754463,0.29780060706748523,FALSE,FALSE
2019-06-30,Weddell,1.126137873,0.03388400472584263,0.03388400472584263,0.29780060706748523,FALSE,FALSE
2019-07-01,Weddell,1.117020636,0.01875503705725556,0.01875503705725556,0.29780060706748523,FALSE,FALSE
2019-07-02,Weddell,1.102256624,-0.00176538647873947,0.00176538647873947,0.29780060706748523,FALSE,FALSE
2019-07-03,Weddell,1.080956327,-0.02858561814266536,0.02858561814266536,0.29780060706748523,FALSE,FALSE
2019-07-04,Weddell,1.08403521,-0.03080903519504696,0.03080903519504696,0.29780060706748523,FALSE,FALSE
2019-07-05,Weddell,1.058259761,-0.06168799189640639,0.06168799189640639,0.29780060706748523,FALSE,FALSE
2019-07-06,Weddell,1.037967902,-0.08690340850726685,0.08690340850726685,0.29780060706748523,FALSE,FALSE
2019-07-07,Weddell,1.004216653,-0.12541710728815247,0.12541710728815247,0.29780060706748523,FALSE,FALSE
2019-07-08,Weddell,0.97628173,-0.15797221449958698,0.15797221449958698,0.29780060706748523,FALSE,FALSE
2019-07-09,Weddell,1.000714136,-0.1380365618668793,0.1380365618668793,0.29780060706748523,FALSE,FALSE
2019-07-10,Weddell,0.986964646,-0.156176743551243,0.156176743551243,0.29780060706748523,FALSE,FALSE
2019-07-11,Weddell,0.963082679,-0.1843575023643176,0.1843575023643176,0.29780060706748523,FALSE,FALSE
2019-07-12,Weddell,0.933215863,-0.2184449476689452,0.2184449476689452,0.29780060706748523,FALSE,FALSE
2019-07-13,Weddell,0.888406657,-0.2674103578279685,0.2674103578279685,0.29780060706748523,FALSE,FALSE
2019-07-14,Weddell,0.899456958,-0.2604655732042298,0.2604655732042298,0.29780060706748523,FALSE,FALSE
2019-07-15,Weddell,0.997703091,-0.1662880061605727,0.1662880061605727,0.29780060706748523,FALSE,FALSE
2019-07-16,Weddell,1.097728025,-0.07030842505983892,0.07030842505983892,0.29780060706748523,FALSE,FALSE
2019-07-17,Weddell,1.183543375,0.01147104773512719,0.01147104773512719,0.29780060706748523,FALSE,FALSE
2019-07-18,Weddell,1.201824056,0.02571158986148569,0.02571158986148569,0.29780060706748523,FALSE,FALSE
2019-07-19,Weddell,1.199427364,0.01925675995639086,0.01925675995639086,0.29780060706748523,FALSE,FALSE
2019-07-20,Weddell,1.199989396,0.01572891765700279,0.01572891765700279,0.29780060706748523,FALSE,FALSE
2019-07-21,Weddell,1.193890424,0.00549459760047676,0.00549459760047676,0.29780060706748523,FALSE,FALSE
2019-07-22,Weddell,1.227217012,0.0346276698746566,0.0346276698746566,0.29780060706748523,FALSE,FALSE
2019-07-23,Weddell,1.235021764,0.03818244658434477,0.03818244658434477,0.29780060706748523,FALSE,FALSE
2019-07-24,Weddell,1.194215639,-0.00691790696393845,0.00691790696393845,0.29780060706748523,FALSE,FALSE
2019-07-25,Weddell,1.168313294,-0.03714628932360764,0.03714628932360764,0.29780060706748523,FALSE,FALSE
2019-07-26,Weddell,1.164723159,-0.04508182604807631,0.04508182604807631,0.29780060706748523,FALSE,FALSE
2019-07-27,Weddell,1.195174529,-0.01898277769076117,0.01898277769076117,0.29780060706748523,FALSE,FALSE
2019-07-28,Weddell,1.254599687,0.03609558319492478,0.03609558319492478,0.29780060706748523,FALSE,FALSE
2019-07-29,Weddell,1.25700323,0.03417029805556781,0.03417029805556781,0.29780060706748523,FALSE,FALSE
2019-07-30,Weddell,1.229020434,0.00188908733775172,0.00188908733775172,0.29780060706748523,FALSE,FALSE
2019-07-31,Weddell,1.184518608,-0.04686829551193794,0.04686829551193794,0.29780060706748523,FALSE,FALSE
2019-08-01,Weddell,1.144439845,-0.09114731304691448,0.09114731304691448,0.29780060706748523,FALSE,FALSE
2019-08-02,Weddell,1.139774108,-0.09994555782059412,0.09994555782059412,0.29780060706748523,FALSE,FALSE
2019-08-03,Weddell,1.167888703,-0.07588327951696328,0.07588327951696328,0.29780060706748523,FALSE,FALSE
2019-08-04,Weddell,1.220164023,-0.0275711657854949,0.0275711657854949,0.29780060706748523,FALSE,FALSE
2019-08-05,Weddell,1.282592704,0.03097962281221833,0.03097962281221833,0.29780060706748523,FALSE,FALSE
2019-08-06,Weddell,1.341166364,0.08575404136244646,0.08575404136244646,0.29780060706748523,FALSE,FALSE
2019-08-07,Weddell,1.380667487,0.1215279109514582,0.1215279109514582,0.29780060706748523,FALSE,FALSE
2019-08-08,Weddell,1.381178777,0.11837727266552478,0.11837727266552478,0.29780060706748523,FALSE,FALSE
2019-08-09,Weddell,1.416101695,0.14969692459091455,0.14969692459091455,0.29780060706748523,FALSE,FALSE
2019-08-10,Weddell,1.432640262,0.16268422481389777,0.16268422481389777,0.29780060706748523,FALSE,FALSE
2019-08-11,Weddell,1.421577975,0.14811600742074393,0.14811600742074393,0.29780060706748523,FALSE,FALSE
2019-08-12,Weddell,1.405220674,0.12829144949772253,0.12829144949772253,0.29780060706748523,FALSE,FALSE
2019-08-13,Weddell,1.390833523,0.11046905213110492,0.11046905213110492,0.29780060706748523,FALSE,FALSE
2019-08-14,Weddell,1.362904143,0.07912977340715832,0.07912977340715832,0.29780060706748523,FALSE,FALSE
2019-08-15,Weddell,1.341138984,0.05397340041215348,0.05397340041215348,0.29780060706748523,FALSE,FALSE
2019-08-16,Weddell,1.329465032,0.03892080518192586,0.03892080518192586,0.29780060706748523,FALSE,FALSE
2019-08-17,Weddell,1.316013592,0.02211349482267799,0.02211349482267799,0.29780060706748523,FALSE,FALSE
2019-08-18,Weddell,1.278925214,-0.01827910353005402,0.01827910353005402,0.29780060706748523,FALSE,FALSE
2019-08-19,Weddell,1.238140243,-0.06228674430085235,0.06228674430085235,0.29780060706748523,FALSE,FALSE
2019-08-20,Weddell,1.203966164,-0.09957204191430025,0.09957204191430025,0.29780060706748523,FALSE,FALSE
2019-08-21,Weddell,1.169200708,-0.13730736479498185,0.13730736479498185,0.29780060706748523,FALSE,FALSE
2019-08-22,Weddell,1.151549942,-0.15775674536747797,0.15775674536747797,0.29780060706748523,FALSE,FALSE
2019-08-23,Weddell,1.124127698,-0.18777645105637353,0.18777645105637353,0.29780060706748523,FALSE,FALSE
2019-08-24,Weddell,1.149120927,-0.16514963028624963,0.16514963028624963,0.29780060706748523,FALSE,FALSE
2019-08-25,Weddell,1.190510112,-0.12586589948169102,0.12586589948169102,0.29780060706748523,FALSE,FALSE
2019-08-26,Weddell,1.206707548,-0.1114830630672794,0.1114830630672794,0.29780060706748523,FALSE,FALSE
2019-08-27,Weddell,1.20745092,-0.11223353546759784,0.11223353546759784,0.29780060706748523,FALSE,FALSE
2019-08-28,Weddell,1.203295693,-0.11753195110722948,0.11753195110722948,0.29780060706748523,FALSE,FALSE
2019-08-29,Weddell,1.197751077,-0.12384487641677344,0.12384487641677344,0.29780060706748523,FALSE,FALSE
2019-08-30,Weddell,1.206929509,-0.11507015394357856,0.11507015394357856,0.29780060706748523,FALSE,FALSE
2019-08-31,Weddell,1.217203174,-0.10485884215510176,0.10485884215510176,0.29780060706748523,FALSE,FALSE
2019-09-01,Weddell,1.209011629,-0.11279465077181404,0.11279465077181404,0.29780060706748523,FALSE,FALSE
2019-09-02,Weddell,1.194719599,-0.12653612151418714,0.12653612151418714,0.29780060706748523,FALSE,FALSE
2019-09-03,Weddell,1.159000985,-0.16143262010269432,0.16143262010269432,0.29780060706748523,FALSE,FALSE
2019-09-04,Weddell,1.111771811,-0.20759138925780607,0.20759138925780607,0.29780060706748523,FALSE,FALSE
2019-09-05,Weddell,1.069054559,-0.24901321369999496,0.24901321369999496,0.29780060706748523,FALSE,FALSE
2019-09-06,Weddell,1.053417896,-0.2631526931497332,0.2631526931497332,0.29780060706748523,FALSE,FALSE
2019-09-07,Weddell,1.083851401,-0.23104351532749257,0.23104351532749257,0.29780060706748523,FALSE,FALSE
2019-09-08,Weddell,1.085193948,-0.22787007295374503,0.22787007295374503,0.29780060706748523,FALSE,FALSE
2019-09-09,Weddell,1.031865196,-0.2792359737489618,0.2792359737489618,0.29780060706748523,FALSE,FALSE
2019-09-10,Weddell,1.015640981,-0.2933885364684159,0.2933885364684159,0.29780060706748523,FALSE,FALSE
2019-09-11,Weddell,1.12226709,-0.1845944998272155,0.1845944998272155,0.29780060706748523,FALSE,FALSE
2019-09-12,Weddell,1.141010533,-0.1635801451436718,0.1635801451436718,0.29780060706748523,FALSE,FALSE
2019-09-13,Weddell,1.169786415,-0.13242163352179603,0.13242163352179603,0.29780060706748523,FALSE,FALSE
2019-09-14,Weddell,1.204438135,-0.09526683206559894,0.09526683206559894,0.29780060706748523,FALSE,FALSE
2019-09-15,Weddell,1.185991576,-0.11108112387909495,0.11108112387909495,0.29780060706748523,FALSE,FALSE
2019-09-16,Weddell,1.133642284,-0.16066022906629396,0.16066022906629396,0.29780060706748523,FALSE,FALSE
2019-09-17,Weddell,1.092682224,-0.1987034487312085,0.1987034487312085,0.29780060706748523,FALSE,FALSE
2019-09-18,Weddell,1.097694284,-0.19061916097785137,0.19061916097785137,0.29780060706748523,FALSE,FALSE
2019-09-19,Weddell,1.123046579,-0.1620305169102334,0.1620305169102334,0.29780060706748523,FALSE,FALSE
2019-09-20,Weddell,1.146783487,-0.13488440463236695,0.13488440463236695,0.29780060706748523,FALSE,FALSE
2019-09-21,Weddell,1.15692457,-0.12115252824826372,0.12115252824826372,0.29780060706748523,FALSE,FALSE
2019-09-22,Weddell,1.152673424,-0.12162255786193632,0.12162255786193632,0.29780060706748523,FALSE,FALSE
2019-09-23,Weddell,1.14279326,-0.12752471152309752,0.12752471152309752,0.29780060706748523,FALSE,FALSE
2019-09-24,Weddell,1.108085118,-0.15807453504850533,0.15807453504850533,0.29780060706748523,FALSE,FALSE
2019-09-25,Weddell,1.077264614,-0.1845870455057752,0.1845870455057752,0.29780060706748523,FALSE,FALSE
2019-09-26,Weddell,1.100526792,-0.15689802906094852,0.15689802906094852,0.29780060706748523,FALSE,FALSE
2019-09-27,Weddell,1.095391611,-0.15751835688006666,0.15751835688006666,0.29780060706748523,FALSE,FALSE
2019-09-28,Weddell,1.118521244,-0.12981668612917274,0.12981668612917274,0.29780060706748523,FALSE,FALSE
2019-09-29,Weddell,1.135764504,-0.10797503397430774,0.10797503397430774,0.29780060706748523,FALSE,FALSE
2019-09-30,Weddell,1.106638399,-0.1325072225815136,0.1325072225815136,0.29780060706748523,FALSE,FALSE
2019-10-01,Weddell,1.099273611,-0.1353134001168319,0.1353134001168319,0.29780060706748523,FALSE,FALSE
2019-10-02,Weddell,1.083891435,-0.1462031017463048,0.1462031017463048,0.29780060706748523,FALSE,FALSE
2019-10-03,Weddell,1.125064294,-0.10063473463597394,0.10063473463597394,0.29780060706748523,FALSE,FALSE
2019-10-04,Weddell,1.156416256,-0.06501506095188225,0.06501506095188225,0.29780060706748523,FALSE,FALSE
2019-10-05,Weddell,1.137853494,-0.07946872797991933,0.07946872797991933,0.29780060706748523,FALSE,FALSE
2019-10-06,Weddell,1.121621372,-0.09176924068359082,0.09176924068359082,0.29780060706748523,FALSE,FALSE
2019-10-07,Weddell,1.105012549,-0.10460765362244784,0.10460765362244784,0.29780060706748523,FALSE,FALSE
2019-10-08,Weddell,1.114230641,-0.09175763274421268,0.09175763274421268,0.29780060706748523,FALSE,FALSE
2019-10-09,Weddell,1.139191831,-0.0632802769966112,0.0632802769966112,0.29780060706748523,FALSE,FALSE
2019-10-10,Weddell,1.170786608,-0.02826237932736508,0.02826237932736508,0.29780060706748523,FALSE,FALSE
2019-10-11,Weddell,1.186696545,-0.00899964868420011,0.00899964868420011,0.29780060706748523,FALSE,FALSE
2019-10-12,Weddell,1.195587003,0.00319599398516179,0.00319599398516179,0.29780060706748523,FALSE,FALSE
2019-10-13,Weddell,1.16369891,-0.0254118052670047,0.0254118052670047,0.29780060706748523,FALSE,FALSE
2019-10-14,Weddell,1.120057111,-0.06577548338842165,0.06577548338842165,0.29780060706748523,FALSE,FALSE
2019-10-15,Weddell,1.076135637,-0.10639829132681378,0.10639829132681378,0.29780060706748523,FALSE,FALSE
2019-10-16,Weddell,1.038582607,-0.1406093920299043,0.1406093920299043,0.29780060706748523,FALSE,FALSE
2019-10-17,Weddell,0.997881989,-0.17790209944541868,0.17790209944541868,0.29780060706748523,FALSE,FALSE
2019-10-18,Weddell,0.993779592,-0.17850832979831044,0.17850832979831044,0.29780060706748523,FALSE,FALSE
2019-10-19,Weddell,0.981238012,-0.1874526273906062,0.1874526273906062,0.29780060706748523,FALSE,FALSE
2019-10-20,Weddell,1.002771644,-0.1622167384819595,0.1622167384819595,0.29780060706748523,FALSE,FALSE
2019-10-21,Weddell,1.014691869,-0.1464857837328315,0.1464857837328315,0.29780060706748523,FALSE,FALSE
2019-10-22,Weddell,1.045546565,-0.11170838680368368,0.11170838680368368,0.29780060706748523,FALSE,FALSE
2019-10-23,Weddell,1.057927862,-0.09528891935497752,0.09528891935497752,0.29780060706748523,FALSE,FALSE
2019-10-24,Weddell,1.035353667,-0.11370597604717347,0.11370597604717347,0.29780060706748523,FALSE,FALSE
2019-10-25,Weddell,1.037851706,-0.1069283325407333,0.1069283325407333,0.29780060706748523,FALSE,FALSE
2019-10-26,Weddell,1.050721402,-0.08965306749611845,0.08965306749611845,0.29780060706748523,FALSE,FALSE
2019-10-27,Weddell,1.061677496,-0.07416194157379041,0.07416194157379041,0.29780060706748523,FALSE,FALSE
2019-10-28,Weddell,1.0640017960000001,-0.06716964843420836,0.06716964843420836,0.29780060706748523,FALSE,FALSE
2019-10-29,Weddell,1.055415267,-0.07095172473783617,0.07095172473783617,0.29780060706748523,FALSE,FALSE
2019-10-30,Weddell,1.066492343,-0.0549302381451342,0.0549302381451342,0.29780060706748523,FALSE,FALSE
2019-10-31,Weddell,1.081801726,-0.03453364145914572,0.03453364145914572,0.29780060706748523,FALSE,FALSE
2019-11-01,Weddell,1.070176183,-0.04092953739252913,0.04092953739252913,0.29780060706748523,FALSE,FALSE
2019-11-02,Weddell,1.052403384,-0.05333161315324908,0.05333161315324908,0.29780060706748523,FALSE,FALSE
2019-11-03,Weddell,1.0592019,-0.04102265521473502,0.04102265521473502,0.29780060706748523,FALSE,FALSE
2019-11-04,Weddell,1.062232672,-0.03234308005041542,0.03234308005041542,0.29780060706748523,FALSE,FALSE
2019-11-05,Weddell,1.062332005,-0.02645794013372038,0.02645794013372038,0.29780060706748523,FALSE,FALSE
2019-11-06,Weddell,1.081312441,-0.0015560509380772,0.0015560509380772,0.29780060706748523,FALSE,FALSE
2019-11-07,Weddell,1.08498596,0.00817321006308313,0.00817321006308313,0.29780060706748523,FALSE,FALSE
2019-11-08,Weddell,1.072085504,0.00146142739633226,0.00146142739633226,0.29780060706748523,FALSE,FALSE
2019-11-09,Weddell,1.046422239,-0.01788159041175907,0.01788159041175907,0.29780060706748523,FALSE,FALSE
2019-11-10,Weddell,1.024399881,-0.03345348483461996,0.03345348483461996,0.29780060706748523,FALSE,FALSE
2019-11-11,Weddell,1.00539038,-0.04588366334567873,0.04588366334567873,0.29780060706748523,FALSE,FALSE
2019-11-12,Weddell,0.988273303,-0.0562938204778064,0.0562938204778064,0.29780060706748523,FALSE,FALSE
2019-11-13,Weddell,0.997501006,-0.04022755442805459,0.04022755442805459,0.29780060706748523,FALSE,FALSE
2019-11-14,Weddell,1.013444478,-0.0173018523603019,0.0173018523603019,0.29780060706748523,FALSE,FALSE
2019-11-15,Weddell,1.033628134,0.01002038261787063,0.01002038261787063,0.29780060706748523,FALSE,FALSE
2019-11-16,Weddell,1.060513674,0.04421353239888348,0.04421353239888348,0.29780060706748523,FALSE,FALSE
2019-11-17,Weddell,1.075164041,0.06635322187515658,0.06635322187515658,0.29780060706748523,FALSE,FALSE
2019-11-18,Weddell,1.086767031,0.08563992893910943,0.08563992893910943,0.29780060706748523,FALSE,FALSE
2019-11-19,Weddell,1.086111532,0.09287522348316211,0.09287522348316211,0.29780060706748523,FALSE,FALSE
2019-11-20,Weddell,1.064633019,0.07950726239973427,0.07950726239973427,0.29780060706748523,FALSE,FALSE
2019-11-21,Weddell,1.053664325,0.07688156058124562,0.07688156058124562,0.29780060706748523,FALSE,FALSE
2019-11-22,Weddell,1.020112353,0.05191770292011632,0.05191770292011632,0.29780060706748523,FALSE,FALSE
2019-11-23,Weddell,1.011024398,0.05167566630876608,0.05167566630876608,0.29780060706748523,FALSE,FALSE
2019-11-24,Weddell,0.987783932,0.03755160463961471,0.03755160463961471,0.29780060706748523,FALSE,FALSE
2019-11-25,Weddell,0.966412809,0.02557766919881776,0.02557766919881776,0.29780060706748523,FALSE,FALSE
2019-11-26,Weddell,0.93807051,0.00690346967226918,0.00690346967226918,0.29780060706748523,FALSE,FALSE
2019-11-27,Weddell,0.92445489,0.00320684845077934,0.00320684845077934,0.29780060706748523,FALSE,FALSE
2019-11-28,Weddell,0.912714718,0.00161648511073497,0.00161648511073497,0.29780060706748523,FALSE,FALSE
2019-11-29,Weddell,0.900939067,2.0136322852526425e-4,2.0136322852526425e-4,0.29780060706748523,FALSE,FALSE
2019-11-30,Weddell,0.892238729,0.00205218538053864,0.00205218538053864,0.29780060706748523,FALSE,FALSE
2019-12-01,Weddell,0.879234411,-2.304308568372715e-4,2.304308568372715e-4,0.29780060706748523,FALSE,FALSE
2019-12-02,Weddell,0.855825113,-0.01276757490721425,0.01276757490721425,0.29780060706748523,FALSE,FALSE
2019-12-03,Weddell,0.842370529,-0.01521964219420335,0.01521964219420335,0.29780060706748523,FALSE,FALSE
2019-12-04,Weddell,0.825873974,-0.02060340714141706,0.02060340714141706,0.29780060706748523,FALSE,FALSE
2019-12-05,Weddell,0.806835791,-0.0284386161724669,0.0284386161724669,0.29780060706748523,FALSE,FALSE
2019-12-06,Weddell,0.785871619,-0.03812971971096424,0.03812971971096424,0.29780060706748523,FALSE,FALSE
2019-12-07,Weddell,0.756932848,-0.05574541496208296,0.05574541496208296,0.29780060706748523,FALSE,FALSE
2019-12-08,Weddell,0.738416639,-0.06290793945675321,0.06290793945675321,0.29780060706748523,FALSE,FALSE
2019-12-09,Weddell,0.722992908,-0.06696511489649604,0.06696511489649604,0.29780060706748523,FALSE,FALSE
2019-12-10,Weddell,0.718020112,-0.06057597664130454,0.06057597664130454,0.29780060706748523,FALSE,FALSE
2019-12-11,Weddell,0.709333319,-0.0579229490511689,0.0579229490511689,0.29780060706748523,FALSE,FALSE
2019-12-12,Weddell,0.700014993,-0.05594106048608083,0.05594106048608083,0.29780060706748523,FALSE,FALSE
2019-12-13,Weddell,0.684532469,-0.06018046830603274,0.06018046830603274,0.29780060706748523,FALSE,FALSE
2019-12-14,Weddell,0.664741016,-0.06880339587101536,0.06880339587101536,0.29780060706748523,FALSE,FALSE
2019-12-15,Weddell,0.656605177,-0.06586279254102057,0.06586279254102057,0.29780060706748523,FALSE,FALSE
2019-12-16,Weddell,0.65282082,-0.05868028267604008,0.05868028267604008,0.29780060706748523,FALSE,FALSE
2019-12-17,Weddell,0.645320122,-0.05534118163606527,0.05534118163606527,0.29780060706748523,FALSE,FALSE
2019-12-18,Weddell,0.634120906,-0.05584515878108742,0.05584515878108742,0.29780060706748523,FALSE,FALSE
2019-12-19,Weddell,0.636616648,-0.04281623047109895,0.04281623047109895,0.29780060706748523,FALSE,FALSE
2019-12-20,Weddell,0.630527612,-0.03855103995367026,0.03855103995367026,0.29780060706748523,FALSE,FALSE
2019-12-21,Weddell,0.623152811,-0.03575822972118225,0.03575822972118225,0.29780060706748523,FALSE,FALSE
2019-12-22,Weddell,0.619494254,-0.02943606132075593,0.02943606132075593,0.29780060706748523,FALSE,FALSE
2019-12-23,Weddell,0.618931648,-0.02020489250381296,0.02020489250381296,0.29780060706748523,FALSE,FALSE
2019-12-24,Weddell,0.605915369,-0.0236144120217765,0.0236144120217765,0.29780060706748523,FALSE,FALSE
2019-12-25,Weddell,0.602837981,-0.01727212062606853,0.01727212062606853,0.29780060706748523,FALSE,FALSE
2019-12-26,Weddell,0.589861226,-0.02101634106811301,0.02101634106811301,0.29780060706748523,FALSE,FALSE
2019-12-27,Weddell,0.583056614,-0.01877562809933186,0.01877562809933186,0.29780060706748523,FALSE,FALSE
2019-12-28,Weddell,0.575012419,-0.01796177247114683,0.01796177247114683,0.29780060706748523,FALSE,FALSE
2019-12-29,Weddell,0.569501592,-0.0148018879349816,0.0148018879349816,0.29780060706748523,FALSE,FALSE
2019-12-30,Weddell,0.56457234,-0.01124783224225955,0.01124783224225955,0.29780060706748523,FALSE,FALSE
2019-12-31,Weddell,0.556526933,-0.01099740014440142,0.01099740014440142,0.29780060706748523,FALSE,FALSE
2020-01-01,Weddell,0.557161256,-0.00225477139283059,0.00225477139283059,0.29780060706748523,FALSE,FALSE
2020-01-02,Weddell,0.545384264,-0.00610970287456658,0.00610970287456658,0.29780060706748523,FALSE,FALSE
2020-01-03,Weddell,0.539808203,-0.00394324901901066,0.00394324901901066,0.29780060706748523,FALSE,FALSE
2020-01-04,Weddell,0.528018436,-0.00816199439116238,0.00816199439116238,0.29780060706748523,FALSE,FALSE
2020-01-05,Weddell,0.528647851,-1.2499855601810772e-4,1.2499855601810772e-4,0.29780060706748523,FALSE,FALSE
2020-01-06,Weddell,0.522375262,8.546049214208651e-4,8.546049214208651e-4,0.29780060706748523,FALSE,FALSE
2020-01-07,Weddell,0.516069818,0.00165401747615856,0.00165401747615856,0.29780060706748523,FALSE,FALSE
2020-01-08,Weddell,0.516047425,0.00859719754319587,0.00859719754319587,0.29780060706748523,FALSE,FALSE
2020-01-09,Weddell,0.507179459,0.00656357355753289,0.00656357355753289,0.29780060706748523,FALSE,FALSE
2020-01-10,Weddell,0.51165526,0.01775053795417347,0.01775053795417347,0.29780060706748523,FALSE,FALSE
2020-01-11,Weddell,0.511669548,0.02436086316811764,0.02436086316811764,0.29780060706748523,FALSE,FALSE
2020-01-12,Weddell,0.512345238,0.0315255166343682,0.0315255166343682,0.29780060706748523,FALSE,FALSE
2020-01-13,Weddell,0.505511952,0.03108217278792552,0.03108217278792552,0.29780060706748523,FALSE,FALSE
2020-01-14,Weddell,0.496731779,0.02860098950633349,0.02860098950633349,0.29780060706748523,FALSE,FALSE
2020-01-15,Weddell,0.503045673,0.0411315797050717,0.0411315797050717,0.29780060706748523,FALSE,FALSE
2020-01-16,Weddell,0.503661671,0.04789137849082064,0.04789137849082064,0.29780060706748523,FALSE,FALSE
2020-01-17,Weddell,0.491052196,0.04136225371922197,0.04136225371922197,0.29780060706748523,FALSE,FALSE
2020-01-18,Weddell,0.476808211,0.03314461324591761,0.03314461324591761,0.29780060706748523,FALSE,FALSE
2020-01-19,Weddell,0.474319875,0.0366380609265492,0.0366380609265492,0.29780060706748523,FALSE,FALSE
2020-01-20,Weddell,0.475566742,0.04383159561675925,0.04383159561675925,0.29780060706748523,FALSE,FALSE
2020-01-21,Weddell,0.473644179,0.04783002917218909,0.04783002917218909,0.29780060706748523,FALSE,FALSE
2020-01-22,Weddell,0.47110417,0.05119479044848102,0.05119479044848102,0.29780060706748523,FALSE,FALSE
2020-01-23,Weddell,0.468624995,0.05461360430127648,0.05461360430127648,0.29780060706748523,FALSE,FALSE
2020-01-24,Weddell,0.463005005,0.05489426658621793,0.05489426658621793,0.29780060706748523,FALSE,FALSE
2020-01-25,Weddell,0.449884044,0.0476860661589466,0.0476860661589466,0.29780060706748523,FALSE,FALSE
2020-01-26,Weddell,0.437908265,0.04164460087510568,0.04164460087510568,0.29780060706748523,FALSE,FALSE
2020-01-27,Weddell,0.424806338,0.0345053134334079,0.0345053134334079,0.29780060706748523,FALSE,FALSE
2020-01-28,Weddell,0.406572875,0.02225149947603832,0.02225149947603832,0.29780060706748523,FALSE,FALSE
2020-01-29,Weddell,0.400291142,0.0219476078944994,0.0219476078944994,0.29780060706748523,FALSE,FALSE
2020-01-30,Weddell,0.397769185,0.0253828434179949,0.0253828434179949,0.29780060706748523,FALSE,FALSE
2020-01-31,Weddell,0.399638228,0.03316958877572901,0.03316958877572901,0.29780060706748523,FALSE,FALSE
2020-02-01,Weddell,0.392672373,0.0320631046969051,0.0320631046969051,0.29780060706748523,FALSE,FALSE
2020-02-02,Weddell,0.386929271,0.03210220091072757,0.03210220091072757,0.29780060706748523,FALSE,FALSE
2020-02-03,Weddell,0.37115124,0.02201035414640007,0.02201035414640007,0.29780060706748523,FALSE,FALSE
2020-02-04,Weddell,0.384013497,0.04044394013312641,0.04044394013312641,0.29780060706748523,FALSE,FALSE
2020-02-05,Weddell,0.380996548,0.04286462360011089,0.04286462360011089,0.29780060706748523,FALSE,FALSE
2020-02-06,Weddell,0.367273338,0.03442650827655708,0.03442650827655708,0.29780060706748523,FALSE,FALSE
2020-02-07,Weddell,0.344091072,0.01635795789166877,0.01635795789166877,0.29780060706748523,FALSE,FALSE
2020-02-08,Weddell,0.339802847,0.01699325249487293,0.01699325249487293,0.29780060706748523,FALSE,FALSE
2020-02-09,Weddell,0.327229196,0.0091373189722404,0.0091373189722404,0.29780060706748523,FALSE,FALSE
2020-02-10,Weddell,0.322829431,0.00924024879277218,0.00924024879277218,0.29780060706748523,FALSE,FALSE
2020-02-11,Weddell,0.327843119,0.01853314341594125,0.01853314341594125,0.29780060706748523,FALSE,FALSE
2020-02-12,Weddell,0.329710797,0.02444807430122203,0.02444807430122203,0.29780060706748523,FALSE,FALSE
2020-02-13,Weddell,0.326475534,0.02501964490808783,0.02501964490808783,0.29780060706748523,FALSE,FALSE
2020-02-14,Weddell,0.306174112,0.00827617169601269,0.00827617169601269,0.29780060706748523,FALSE,FALSE
2020-02-15,Weddell,0.297397243,0.0027999011244702,0.0027999011244702,0.29780060706748523,FALSE,FALSE
2020-02-16,Weddell,0.289094326,-0.00246823334706597,0.00246823334706597,0.29780060706748523,FALSE,FALSE
2020-02-17,Weddell,0.292936109,0.00413405074087808,0.00413405074087808,0.29780060706748523,FALSE,FALSE
2020-02-18,Weddell,0.294899092,0.0085747878477756,0.0085747878477756,0.29780060706748523,FALSE,FALSE
2020-02-19,Weddell,0.292463193,0.00832543043310068,0.00832543043310068,0.29780060706748523,FALSE,FALSE
2020-02-20,Weddell,0.278821694,-0.00342920504367266,0.00342920504367266,0.29780060706748523,FALSE,FALSE
2020-02-21,Weddell,0.268785235,-0.01188647170243384,0.01188647170243384,0.29780060706748523,FALSE,FALSE
2020-02-22,Weddell,0.264386447,-0.01501600420855453,0.01501600420855453,0.29780060706748523,FALSE,FALSE
2020-02-23,Weddell,0.252429744,-0.02601184407472434,0.02601184407472434,0.29780060706748523,FALSE,FALSE
2020-02-24,Weddell,0.24925621,-0.02853129393761125,0.02853129393761125,0.29780060706748523,FALSE,FALSE
2020-02-25,Weddell,0.24234221,-0.03509637543388283,0.03509637543388283,0.29780060706748523,FALSE,FALSE
2020-02-26,Weddell,0.243568084,-0.03382513520020683,0.03382513520020683,0.29780060706748523,FALSE,FALSE
2020-02-27,Weddell,0.244830986,-0.03281880587325045,0.03281880587325045,0.29780060706748523,FALSE,FALSE
2020-02-28,Weddell,0.240405248,-0.03780144208968153,0.03780144208968153,0.29780060706748523,FALSE,FALSE
2020-03-01,Weddell,0.260671719,-0.01954329069937688,0.01954329069937688,0.29780060706748523,FALSE,FALSE
2020-03-02,Weddell,0.259411732,-0.02225147236597618,0.02225147236597618,0.29780060706748523,FALSE,FALSE
2020-03-03,Weddell,0.242372169,-0.0410331021226332,0.0410331021226332,0.29780060706748523,FALSE,FALSE
2020-03-04,Weddell,0.244208199,-0.04123139673392348,0.04123139673392348,0.29780060706748523,FALSE,FALSE
2020-03-05,Weddell,0.239167821,-0.04859349889096598,0.04859349889096598,0.29780060706748523,FALSE,FALSE
2020-03-06,Weddell,0.234809787,-0.05554523681397044,0.05554523681397044,0.29780060706748523,FALSE,FALSE
2020-03-07,Weddell,0.227914322,-0.06528882004963976,0.06528882004963976,0.29780060706748523,FALSE,FALSE
2020-03-08,Weddell,0.217812423,-0.07847568614467812,0.07847568614467812,0.29780060706748523,FALSE,FALSE
2020-03-09,Weddell,0.213954481,-0.08563787864578995,0.08563787864578995,0.29780060706748523,FALSE,FALSE
2020-03-10,Weddell,0.206311756,-0.09678657209967828,0.09678657209967828,0.29780060706748523,FALSE,FALSE
2020-03-11,Weddell,0.205737509,-0.1010509400530469,0.1010509400530469,0.29780060706748523,FALSE,FALSE
2020-03-12,Weddell,0.200679744,-0.10996541305260048,0.10996541305260048,0.29780060706748523,FALSE,FALSE
2020-03-13,Weddell,0.188014796,-0.12663609064504208,0.12663609064504208,0.29780060706748523,FALSE,FALSE
2020-03-14,Weddell,0.176637972,-0.1421501003770758,0.1421501003770758,0.29780060706748523,FALSE,FALSE
2020-03-15,Weddell,0.166547973,-0.15649117579540558,0.15649117579540558,0.29780060706748523,FALSE,FALSE
2020-03-16,Weddell,0.171009224,-0.1563773264467351,0.1563773264467351,0.29780060706748523,FALSE,FALSE
2020-03-17,Weddell,0.195110534,-0.13670245664265235,0.13670245664265235,0.29780060706748523,FALSE,FALSE
2020-03-18,Weddell,0.198260196,-0.13804794880710902,0.13804794880710902,0.29780060706748523,FALSE,FALSE
2020-03-19,Weddell,0.207703736,-0.133165234791897,0.133165234791897,0.29780060706748523,FALSE,FALSE
2020-03-20,Weddell,0.217195927,-0.1282968423174275,0.1282968423174275,0.29780060706748523,FALSE,FALSE
2020-03-21,Weddell,0.221588849,-0.12858799210411123,0.12858799210411123,0.29780060706748523,FALSE,FALSE
2020-03-22,Weddell,0.224054429,-0.13086405787235889,0.13086405787235889,0.29780060706748523,FALSE,FALSE
2020-03-23,Weddell,0.2612898,-0.09842520734258092,0.09842520734258092,0.29780060706748523,FALSE,FALSE
2020-03-24,Weddell,0.277051151,-0.08751255223518795,0.08751255223518795,0.29780060706748523,FALSE,FALSE
2020-03-25,Weddell,0.310386472,-0.05907540327059124,0.05907540327059124,0.29780060706748523,FALSE,FALSE
2020-03-26,Weddell,0.338068423,-0.03633840116920134,0.03633840116920134,0.29780060706748523,FALSE,FALSE
2020-03-27,Weddell,0.349413844,-0.02998200665142875,0.02998200665142875,0.29780060706748523,FALSE,FALSE
2020-03-28,Weddell,0.343782102,-0.0406441534376839,0.0406441534376839,0.29780060706748523,FALSE,FALSE
2020-03-29,Weddell,0.324288233,-0.06520710624837806,0.06520710624837806,0.29780060706748523,FALSE,FALSE
2020-03-30,Weddell,0.326735134,-0.06786691999160238,0.06786691999160238,0.29780060706748523,FALSE,FALSE
2020-03-31,Weddell,0.329262958,-0.0704914190221741,0.0704914190221741,0.29780060706748523,FALSE,FALSE
2020-04-01,Weddell,0.301682952,-0.1032804019578636,0.1032804019578636,0.29780060706748523,FALSE,FALSE
2020-04-02,Weddell,0.284060098,-0.12617993495297186,0.12617993495297186,0.29780060706748523,FALSE,FALSE
2020-04-03,Weddell,0.283429657,-0.13216580516179988,0.13216580516179988,0.29780060706748523,FALSE,FALSE
2020-04-04,Weddell,0.323738573,-0.09730211673864886,0.09730211673864886,0.29780060706748523,FALSE,FALSE
2020-04-05,Weddell,0.343219794,-0.0833669698378185,0.0833669698378185,0.29780060706748523,FALSE,FALSE
2020-04-06,Weddell,0.342589728,-0.08965500461361109,0.08965500461361109,0.29780060706748523,FALSE,FALSE
2020-04-07,Weddell,0.333665805,-0.10435983922032648,0.10435983922032648,0.29780060706748523,FALSE,FALSE
2020-04-08,Weddell,0.346707898,-0.09723264881226652,0.09723264881226652,0.29780060706748523,FALSE,FALSE
2020-04-09,Weddell,0.363623592,-0.08637689654373121,0.08637689654373121,0.29780060706748523,FALSE,FALSE
2020-04-10,Weddell,0.400755137,-0.05546138056902261,0.05546138056902261,0.29780060706748523,FALSE,FALSE
2020-04-11,Weddell,0.439537608,-0.02306190733982566,0.02306190733982566,0.29780060706748523,FALSE,FALSE
2020-04-12,Weddell,0.453921669,-0.01522681337360459,0.01522681337360459,0.29780060706748523,FALSE,FALSE
2020-04-13,Weddell,0.453946267,-0.02189656657431971,0.02189656657431971,0.29780060706748523,FALSE,FALSE
2020-04-14,Weddell,0.466437698,-0.01622245646195497,0.01622245646195497,0.29780060706748523,FALSE,FALSE
2020-04-15,Weddell,0.466439947,-0.02313808355649593,0.02313808355649593,0.29780060706748523,FALSE,FALSE
2020-04-16,Weddell,0.468898935,-0.02767511237792763,0.02767511237792763,0.29780060706748523,FALSE,FALSE
2020-04-17,Weddell,0.478278291,-0.02534749944623476,0.02534749944623476,0.29780060706748523,FALSE,FALSE
2020-04-18,Weddell,0.478902787,-0.03180805828140265,0.03180805828140265,0.29780060706748523,FALSE,FALSE
2020-04-19,Weddell,0.478281357,-0.03952544040341616,0.03952544040341616,0.29780060706748523,FALSE,FALSE
2020-04-20,Weddell,0.495734975,-0.0291562573322604,0.0291562573322604,0.29780060706748523,FALSE,FALSE
2020-04-21,Weddell,0.508205314,-0.02373642158792055,0.02373642158792055,0.29780060706748523,FALSE,FALSE
2020-04-22,Weddell,0.510074679,-0.0288612136903813,0.0288612136903813,0.29780060706748523,FALSE,FALSE
2020-04-23,Weddell,0.516908551,-0.02894273815962833,0.02894273815962833,0.29780060706748523,FALSE,FALSE
2020-04-24,Weddell,0.501924842,-0.05074268591957653,0.05074268591957653,0.29780060706748523,FALSE,FALSE
2020-04-25,Weddell,0.478864303,-0.08051906911227463,0.08051906911227463,0.29780060706748523,FALSE,FALSE
2020-04-26,Weddell,0.495663129,-0.07034504392836805,0.07034504392836805,0.29780060706748523,FALSE,FALSE
2020-04-27,Weddell,0.549243289,-0.02330810409190087,0.02330810409190087,0.29780060706748523,FALSE,FALSE
2020-04-28,Weddell,0.580958857,0.00193636167308242,0.00193636167308242,0.29780060706748523,FALSE,FALSE
2020-04-29,Weddell,0.601440014,0.01600907164253673,0.01600907164253673,0.29780060706748523,FALSE,FALSE
2020-04-30,Weddell,0.644338489,0.05255229209241818,0.05255229209241818,0.29780060706748523,FALSE,FALSE
2020-05-01,Weddell,0.639997829,0.0419001072986821,0.0419001072986821,0.29780060706748523,FALSE,FALSE
2020-05-02,Weddell,0.617666664,0.01329168453728446,0.01329168453728446,0.29780060706748523,FALSE,FALSE
2020-05-03,Weddell,0.605854069,-0.00477336391581939,0.00477336391581939,0.29780060706748523,FALSE,FALSE
2020-05-04,Weddell,0.602706508,-0.01415803678467464,0.01415803678467464,0.29780060706748523,FALSE,FALSE
2020-05-05,Weddell,0.598921739,-0.02417403879332502,0.02417403879332502,0.29780060706748523,FALSE,FALSE
2020-05-06,Weddell,0.58956513,-0.03976547249439244,0.03976547249439244,0.29780060706748523,FALSE,FALSE
2020-05-07,Weddell,0.581481152,-0.05410170199481667,0.05410170199481667,0.29780060706748523,FALSE,FALSE
2020-05-08,Weddell,0.564070694,-0.07780728954279303,0.07780728954279303,0.29780060706748523,FALSE,FALSE
2020-05-09,Weddell,0.585320131,-0.06292322266033734,0.06292322266033734,0.29780060706748523,FALSE,FALSE
2020-05-10,Weddell,0.62266094,-0.03204538686946701,0.03204538686946701,0.29780060706748523,FALSE,FALSE
2020-05-11,Weddell,0.661069226,-2.2503969219733744e-4,2.2503969219733744e-4,0.29780060706748523,FALSE,FALSE
2020-05-12,Weddell,0.712987785,0.04495325234945391,0.04495325234945391,0.29780060706748523,FALSE,FALSE
2020-05-13,Weddell,0.722812883,0.04785839273347081,0.04785839273347081,0.29780060706748523,FALSE,FALSE
2020-05-14,Weddell,0.71784838,0.03576687893783703,0.03576687893783703,0.29780060706748523,FALSE,FALSE
2020-05-15,Weddell,0.699976744,0.01053381644053597,0.01053381644053597,0.29780060706748523,FALSE,FALSE
2020-05-16,Weddell,0.69259928,-0.00446685228044851,0.00446685228044851,0.29780060706748523,FALSE,FALSE
2020-05-17,Weddell,0.679006799,-0.02597167874713335,0.02597167874713335,0.29780060706748523,FALSE,FALSE
2020-05-18,Weddell,0.653655963,-0.05955136348153478,0.05955136348153478,0.29780060706748523,FALSE,FALSE
2020-05-19,Weddell,0.632590945,-0.08918721634252713,0.08918721634252713,0.29780060706748523,FALSE,FALSE
2020-05-20,Weddell,0.617072769,-0.11360939738456666,0.11360939738456666,0.29780060706748523,FALSE,FALSE
2020-05-21,Weddell,0.629426431,-0.11045412835273928,0.11045412835273928,0.29780060706748523,FALSE,FALSE
2020-05-22,Weddell,0.67527195,-0.07406159978414395,0.07406159978414395,0.29780060706748523,FALSE,FALSE
2020-05-23,Weddell,0.714827532,-0.04417381521587782,0.04417381521587782,0.29780060706748523,FALSE,FALSE
2020-05-24,Weddell,0.712912397,-0.05593176418503876,0.05593176418503876,0.29780060706748523,FALSE,FALSE
2020-05-25,Weddell,0.674470368,-0.1043518332287251,0.1043518332287251,0.29780060706748523,FALSE,FALSE
2020-05-26,Weddell,0.646749904,-0.1421457728840344,0.1421457728840344,0.29780060706748523,FALSE,FALSE
2020-05-27,Weddell,0.647374771,-0.15165002668806493,0.15165002668806493,0.29780060706748523,FALSE,FALSE
2020-05-28,Weddell,0.634294869,-0.17487490417791365,0.17487490417791365,0.29780060706748523,FALSE,FALSE
2020-05-29,Weddell,0.593935356,-0.2253554568906793,0.2253554568906793,0.29780060706748523,FALSE,FALSE
2020-05-30,Weddell,0.54282523,-0.2865228963634592,0.2865228963634592,0.29780060706748523,FALSE,FALSE
2020-05-31,Weddell,0.534742514,-0.3045594091333519,0.3045594091333519,0.29780060706748523,TRUE,FALSE
2020-06-01,Weddell,0.634213343,-0.21490725841695069,0.21490725841695069,0.29780060706748523,FALSE,FALSE
2020-06-02,Weddell,0.704266969,-0.15454191762439806,0.15454191762439806,0.29780060706748523,FALSE,FALSE
2020-06-03,Weddell,0.732069109,-0.1363124653914044,0.1363124653914044,0.29780060706748523,FALSE,FALSE
2020-06-04,Weddell,0.753680556,-0.12417290472670628,0.12417290472670628,0.29780060706748523,FALSE,FALSE
2020-06-05,Weddell,0.791355856,-0.0958834856390418,0.0958834856390418,0.29780060706748523,FALSE,FALSE
2020-06-06,Weddell,0.824649327,-0.07190468613714662,0.07190468613714662,0.29780060706748523,FALSE,FALSE
2020-06-07,Weddell,0.841298106,-0.0645141652297595,0.0645141652297595,0.29780060706748523,FALSE,FALSE
2020-06-08,Weddell,0.854269407,-0.06075950492561632,0.06075950492561632,0.29780060706748523,FALSE,FALSE
2020-06-09,Weddell,0.895433209,-0.02878552223345476,0.02878552223345476,0.29780060706748523,FALSE,FALSE
2020-06-10,Weddell,0.913223635,-0.02017289016201084,0.02017289016201084,0.29780060706748523,FALSE,FALSE
2020-06-11,Weddell,0.926635182,-0.01594190772002302,0.01594190772002302,0.29780060706748523,FALSE,FALSE
2020-06-12,Weddell,0.913002313,-0.03877290791622756,0.03877290791622756,0.29780060706748523,FALSE,FALSE
2020-06-13,Weddell,0.90188755,-0.0591177503794511,0.0591177503794511,0.29780060706748523,FALSE,FALSE
2020-06-14,Weddell,0.895722626,-0.07454081615347097,0.07454081615347097,0.29780060706748523,FALSE,FALSE
2020-06-15,Weddell,0.877939101,-0.10158159879297202,0.10158159879297202,0.29780060706748523,FALSE,FALSE
2020-06-16,Weddell,0.844004591,-0.14474172017746922,0.14474172017746922,0.29780060706748523,FALSE,FALSE
2020-06-17,Weddell,0.805902011,-0.19200750318648308,0.19200750318648308,0.29780060706748523,FALSE,FALSE
2020-06-18,Weddell,0.792508775,-0.214470771699529,0.214470771699529,0.29780060706748523,FALSE,FALSE
2020-06-19,Weddell,0.792514337,-0.22341130959612487,0.22341130959612487,0.29780060706748523,FALSE,FALSE
2020-06-20,Weddell,0.813289867,-0.21142718475578837,0.21142718475578837,0.29780060706748523,FALSE,FALSE
2020-06-21,Weddell,0.849052547,-0.1842704530580365,0.1842704530580365,0.29780060706748523,FALSE,FALSE
2020-06-22,Weddell,0.884557859,-0.15715487038238696,0.15715487038238696,0.29780060706748523,FALSE,FALSE
2020-06-23,Weddell,0.88939245199999994,-0.16046302560835712,0.16046302560835712,0.29780060706748523,FALSE,FALSE
2020-06-24,Weddell,0.864739675,-0.19298080761546463,0.19298080761546463,0.29780060706748523,FALSE,FALSE
2020-06-25,Weddell,0.843343398,-0.22193358428322707,0.22193358428322707,0.29780060706748523,FALSE,FALSE
2020-06-26,Weddell,0.877149762,-0.1953485768676132,0.1953485768676132,0.29780060706748523,FALSE,FALSE
2020-06-27,Weddell,0.870178106,-0.20921097449711512,0.20921097449711512,0.29780060706748523,FALSE,FALSE
2020-06-28,Weddell,0.835463792,-0.25050418421245546,0.25050418421245546,0.29780060706748523,FALSE,FALSE
2020-06-29,Weddell,0.796445613,-0.29580825527415733,0.29580825527415733,0.29780060706748523,FALSE,FALSE
2020-06-30,Weddell,0.783284276,-0.3149813229427444,0.3149813229427444,0.29780060706748523,TRUE,TRUE
2020-07-01,Weddell,0.80199108,-0.3020309304787395,0.3020309304787395,0.29780060706748523,TRUE,TRUE
2020-07-02,Weddell,0.800434495,-0.3091074501426654,0.3091074501426654,0.29780060706748523,TRUE,TRUE
2020-07-03,Weddell,0.787807752,-0.3270364931950469,0.3270364931950469,0.29780060706748523,TRUE,TRUE
2020-07-04,Weddell,0.764287245,-0.35566050789640635,0.35566050789640635,0.29780060706748523,TRUE,TRUE
2020-07-05,Weddell,0.749541245,-0.375330065507267,0.375330065507267,0.29780060706748523,TRUE,TRUE
2020-07-06,Weddell,0.732850413,-0.39678334728815257,0.39678334728815257,0.29780060706748523,TRUE,TRUE
2020-07-07,Weddell,0.704691279,-0.429562665499587,0.429562665499587,0.29780060706748523,TRUE,TRUE
2020-07-08,Weddell,0.691725493,-0.44702520486687936,0.44702520486687936,0.29780060706748523,TRUE,TRUE
2020-07-09,Weddell,0.737706982,-0.40543440755124305,0.40543440755124305,0.29780060706748523,TRUE,TRUE
2020-07-10,Weddell,0.799235811,-0.3482043703643176,0.3482043703643176,0.29780060706748523,TRUE,TRUE
2020-07-11,Weddell,0.856316453,-0.2953443576689452,0.2953443576689452,0.29780060706748523,FALSE,FALSE
2020-07-12,Weddell,0.876385069,-0.2794319458279685,0.2794319458279685,0.29780060706748523,FALSE,FALSE
2020-07-13,Weddell,0.889135701,-0.2707868302042299,0.2707868302042299,0.29780060706748523,FALSE,FALSE
2020-07-14,Weddell,0.884114499,-0.27987659816057264,0.27987659816057264,0.29780060706748523,FALSE,FALSE
2020-07-15,Weddell,0.877881092,-0.29015535805983905,0.29015535805983905,0.29780060706748523,FALSE,FALSE
2020-07-16,Weddell,0.884154882,-0.28791744526487273,0.28791744526487273,0.29780060706748523,FALSE,FALSE
2020-07-17,Weddell,0.886525694,-0.28958677213851425,0.28958677213851425,0.29780060706748523,FALSE,FALSE
2020-07-18,Weddell,0.869856153,-0.3103144510436091,0.3103144510436091,0.29780060706748523,TRUE,TRUE
2020-07-19,Weddell,0.831126164,-0.35313431434299736,0.35313431434299736,0.29780060706748523,TRUE,TRUE
2020-07-20,Weddell,0.807319419,-0.3810764073995231,0.3810764073995231,0.29780060706748523,TRUE,TRUE
2020-07-21,Weddell,0.835433029,-0.35715631312534346,0.35715631312534346,0.29780060706748523,TRUE,TRUE
2020-07-22,Weddell,0.846012273,-0.35082704441565526,0.35082704441565526,0.29780060706748523,TRUE,TRUE
2020-07-23,Weddell,0.94841973,-0.2527138159639385,0.2527138159639385,0.29780060706748523,FALSE,FALSE
2020-07-24,Weddell,1.021300355,-0.18415922832360776,0.18415922832360776,0.29780060706748523,FALSE,FALSE
2020-07-25,Weddell,1.018763166,-0.19104181904807627,0.19104181904807627,0.29780060706748523,FALSE,FALSE
2020-07-26,Weddell,1.016270633,-0.1978866736907612,0.1978866736907612,0.29780060706748523,FALSE,FALSE
2020-07-27,Weddell,1.034609023,-0.1838950808050752,0.1838950808050752,0.29780060706748523,FALSE,FALSE
2020-07-28,Weddell,1.031554018,-0.1912789139444322,0.1912789139444322,0.29780060706748523,FALSE,FALSE
2020-07-29,Weddell,1.030981367,-0.19614997966224812,0.19614997966224812,0.29780060706748523,FALSE,FALSE
2020-07-30,Weddell,1.006625418,-0.224761485511938,0.224761485511938,0.29780060706748523,FALSE,FALSE
2020-07-31,Weddell,0.97914984,-0.2564373180469144,0.2564373180469144,0.29780060706748523,FALSE,FALSE
2020-08-01,Weddell,0.965059691,-0.274659974820594,0.274659974820594,0.29780060706748523,FALSE,FALSE
2020-08-02,Weddell,0.958946804,-0.2848251785169633,0.2848251785169633,0.29780060706748523,FALSE,FALSE
2020-08-03,Weddell,0.975023989,-0.27271119978549485,0.27271119978549485,0.29780060706748523,FALSE,FALSE
2020-08-04,Weddell,0.973851653,-0.2777614281877817,0.2777614281877817,0.29780060706748523,FALSE,FALSE
2020-08-05,Weddell,0.996602496,-0.2588098266375536,0.2588098266375536,0.29780060706748523,FALSE,FALSE
2020-08-06,Weddell,0.99426809,-0.2648714860485417,0.2648714860485417,0.29780060706748523,FALSE,FALSE
2020-08-07,Weddell,0.995517103,-0.2672844013344752,0.2672844013344752,0.29780060706748523,FALSE,FALSE
2020-08-08,Weddell,0.994270799,-0.27213397140908546,0.27213397140908546,0.29780060706748523,FALSE,FALSE
2020-08-09,Weddell,1.018315402,-0.25164063518610225,0.25164063518610225,0.29780060706748523,FALSE,FALSE
2020-08-10,Weddell,1.072536825,-0.200925142579256,0.200925142579256,0.29780060706748523,FALSE,FALSE
2020-08-11,Weddell,1.089494377,-0.18743484750227735,0.18743484750227735,0.29780060706748523,FALSE,FALSE
2020-08-12,Weddell,1.093503381,-0.18686108986889496,0.18686108986889496,0.29780060706748523,FALSE,FALSE
2020-08-13,Weddell,1.089606387,-0.19416798259284176,0.19416798259284176,0.29780060706748523,FALSE,FALSE
2020-08-14,Weddell,1.091408776,-0.19575680758784664,0.19575680758784664,0.29780060706748523,FALSE,FALSE
2020-08-15,Weddell,1.10141103,-0.18913319681807428,0.18913319681807428,0.29780060706748523,FALSE,FALSE
2020-08-16,Weddell,1.163719536,-0.1301805611773219,0.1301805611773219,0.29780060706748523,FALSE,FALSE
2020-08-17,Weddell,1.189842719,-0.107361598530054,0.107361598530054,0.29780060706748523,FALSE,FALSE
2020-08-18,Weddell,1.185458659,-0.11496832830085224,0.11496832830085224,0.29780060706748523,FALSE,FALSE
2020-08-19,Weddell,1.16168803,-0.14185017591430005,0.14185017591430005,0.29780060706748523,FALSE,FALSE
2020-08-20,Weddell,1.126321913,-0.18018615979498187,0.18018615979498187,0.29780060706748523,FALSE,FALSE
2020-08-21,Weddell,1.126488294,-0.18281839336747785,0.18281839336747785,0.29780060706748523,FALSE,FALSE
2020-08-22,Weddell,1.17109036,-0.14081378905637343,0.14081378905637343,0.29780060706748523,FALSE,FALSE
2020-08-23,Weddell,1.18866991,-0.12560064728624964,0.12560064728624964,0.29780060706748523,FALSE,FALSE
2020-08-24,Weddell,1.211633229,-0.10474278248169087,0.10474278248169087,0.29780060706748523,FALSE,FALSE
2020-08-25,Weddell,1.221932092,-0.09625851906727934,0.09625851906727934,0.29780060706748523,FALSE,FALSE
2020-08-26,Weddell,1.240748358,-0.07893609746759789,0.07893609746759789,0.29780060706748523,FALSE,FALSE
2020-08-27,Weddell,1.292858115,-0.02796952910722949,0.02796952910722949,0.29780060706748523,FALSE,FALSE
2020-08-28,Weddell,1.301782907,-0.01981304641677339,0.01981304641677339,0.29780060706748523,FALSE,FALSE
2020-08-29,Weddell,1.322778366,7.787030564214703e-4,7.787030564214703e-4,0.29780060706748523,FALSE,FALSE
2020-08-30,Weddell,1.319587637,-0.00247437915510184,0.00247437915510184,0.29780060706748523,FALSE,FALSE
2020-08-31,Weddell,1.295894061,-0.02591221877181393,0.02591221877181393,0.29780060706748523,FALSE,FALSE
2020-09-01,Weddell,1.264385916,-0.0568698045141871,0.0568698045141871,0.29780060706748523,FALSE,FALSE
2020-09-02,Weddell,1.246720152,-0.07371345310269439,0.07371345310269439,0.29780060706748523,FALSE,FALSE
2020-09-03,Weddell,1.222969286,-0.09639391425780608,0.09639391425780608,0.29780060706748523,FALSE,FALSE
2020-09-04,Weddell,1.180373781,-0.13769399169999508,0.13769399169999508,0.29780060706748523,FALSE,FALSE
2020-09-05,Weddell,1.139158788,-0.1774118011497332,0.1774118011497332,0.29780060706748523,FALSE,FALSE
2020-09-06,Weddell,1.12587054,-0.18902437632749255,0.18902437632749255,0.29780060706748523,FALSE,FALSE
2020-09-07,Weddell,1.117867371,-0.19519664995374497,0.19519664995374497,0.29780060706748523,FALSE,FALSE
2020-09-08,Weddell,1.100168743,-0.21093242674896184,0.21093242674896184,0.29780060706748523,FALSE,FALSE
2020-09-09,Weddell,1.107777848,-0.20125166946841588,0.20125166946841588,0.29780060706748523,FALSE,FALSE
2020-09-10,Weddell,1.143994199,-0.16286739082721555,0.16286739082721555,0.29780060706748523,FALSE,FALSE
2020-09-11,Weddell,1.185612242,-0.11897843614367189,0.11897843614367189,0.29780060706748523,FALSE,FALSE
2020-09-12,Weddell,1.20021997,-0.10198807852179592,0.10198807852179592,0.29780060706748523,FALSE,FALSE
2020-09-13,Weddell,1.239325717,-0.06037925006559885,0.06037925006559885,0.29780060706748523,FALSE,FALSE
2020-09-14,Weddell,1.25759334,-0.03947935987909501,0.03947935987909501,0.29780060706748523,FALSE,FALSE
2020-09-15,Weddell,1.29564213,0.0013396169337061,0.0013396169337061,0.29780060706748523,FALSE,FALSE
2020-09-16,Weddell,1.305375475,0.01398980226879143,0.01398980226879143,0.29780060706748523,FALSE,FALSE
2020-09-17,Weddell,1.328406674,0.04009322902214873,0.04009322902214873,0.29780060706748523,FALSE,FALSE
2020-09-18,Weddell,1.347332039,0.06225494308976676,0.06225494308976676,0.29780060706748523,FALSE,FALSE
2020-09-19,Weddell,1.309003162,0.02733527036763305,0.02733527036763305,0.29780060706748523,FALSE,FALSE
2020-09-20,Weddell,1.282338335,0.00426123675173628,0.00426123675173628,0.29780060706748523,FALSE,FALSE
2020-09-21,Weddell,1.261731204,-0.01256477786193643,0.01256477786193643,0.29780060706748523,FALSE,FALSE
2020-09-22,Weddell,1.240411458,-0.02990651352309736,0.02990651352309736,0.29780060706748523,FALSE,FALSE
2020-09-23,Weddell,1.196041357,-0.07011829604850539,0.07011829604850539,0.29780060706748523,FALSE,FALSE
2020-09-24,Weddell,1.185907967,-0.07594369250577526,0.07594369250577526,0.29780060706748523,FALSE,FALSE
2020-09-25,Weddell,1.196967048,-0.06045777306094835,0.06045777306094835,0.29780060706748523,FALSE,FALSE
2020-09-26,Weddell,1.232969926,-0.01994004188006659,0.01994004188006659,0.29780060706748523,FALSE,FALSE
2020-09-27,Weddell,1.275500344,0.02716241387082707,0.02716241387082707,0.29780060706748523,FALSE,FALSE
2020-09-28,Weddell,1.307437887,0.06369834902569238,0.06369834902569238,0.29780060706748523,FALSE,FALSE
2020-09-29,Weddell,1.323607057,0.0844614354184865,0.0844614354184865,0.29780060706748523,FALSE,FALSE
2020-09-30,Weddell,1.332603762,0.09801675088316796,0.09801675088316796,0.29780060706748523,FALSE,FALSE
2020-10-01,Weddell,1.314248483,0.08415394625369532,0.08415394625369532,0.29780060706748523,FALSE,FALSE
2020-10-02,Weddell,1.271145027,0.04544599836402607,0.04544599836402607,0.29780060706748523,FALSE,FALSE
2020-10-03,Weddell,1.23605842,0.01462710304811776,0.01462710304811776,0.29780060706748523,FALSE,FALSE
2020-10-04,Weddell,1.222681406,0.00535918402008062,0.00535918402008062,0.29780060706748523,FALSE,FALSE
2020-10-05,Weddell,1.229389444,0.01599883131640922,0.01599883131640922,0.29780060706748523,FALSE,FALSE
2020-10-06,Weddell,1.24080642,0.03118621737755211,0.03118621737755211,0.29780060706748523,FALSE,FALSE
2020-10-07,Weddell,1.244946699,0.0389584252557873,0.0389584252557873,0.29780060706748523,FALSE,FALSE
2020-10-08,Weddell,1.22419571,0.02172360200338885,0.02172360200338885,0.29780060706748523,FALSE,FALSE
2020-10-09,Weddell,1.182496388,-0.01655259932736519,0.01655259932736519,0.29780060706748523,FALSE,FALSE
2020-10-10,Weddell,1.169979426,-0.02571676768420006,0.02571676768420006,0.29780060706748523,FALSE,FALSE
2020-10-11,Weddell,1.179890122,-0.0125008870148382,0.0125008870148382,0.29780060706748523,FALSE,FALSE
2020-10-12,Weddell,1.196973275,0.00786255973299532,0.00786255973299532,0.29780060706748523,FALSE,FALSE
2020-10-13,Weddell,1.204339077,0.01850648261157839,0.01850648261157839,0.29780060706748523,FALSE,FALSE
2020-10-14,Weddell,1.21761897,0.03508504167318627,0.03508504167318627,0.29780060706748523,FALSE,FALSE
2020-10-15,Weddell,1.229726282,0.05053428297009565,0.05053428297009565,0.29780060706748523,FALSE,FALSE
2020-10-16,Weddell,1.23148957,0.05570548155458121,0.05570548155458121,0.29780060706748523,FALSE,FALSE
2020-10-17,Weddell,1.232201249,0.05991332720168962,0.05991332720168962,0.29780060706748523,FALSE,FALSE
2020-10-18,Weddell,1.241446693,0.07275605360939386,0.07275605360939386,0.29780060706748523,FALSE,FALSE
2020-10-19,Weddell,1.250507711,0.08551932851804045,0.08551932851804045,0.29780060706748523,FALSE,FALSE
2020-10-20,Weddell,1.240118611,0.07894095826716852,0.07894095826716852,0.29780060706748523,FALSE,FALSE
2020-10-21,Weddell,1.223824979,0.06657002719631633,0.06657002719631633,0.29780060706748523,FALSE,FALSE
2020-10-22,Weddell,1.223151539,0.06993475764502244,0.06993475764502244,0.29780060706748523,FALSE,FALSE
2020-10-23,Weddell,1.212081564,0.06302192095282644,0.06302192095282644,0.29780060706748523,FALSE,FALSE
2020-10-24,Weddell,1.187285238,0.04250519945926667,0.04250519945926667,0.29780060706748523,FALSE,FALSE
2020-10-25,Weddell,1.17058544,0.03021097050388155,0.03021097050388155,0.29780060706748523,FALSE,FALSE
2020-10-26,Weddell,1.138449939,0.00261050142620966,0.00261050142620966,0.29780060706748523,FALSE,FALSE
2020-10-27,Weddell,1.116459698,-0.01471174643420858,0.01471174643420858,0.29780060706748523,FALSE,FALSE
2020-10-28,Weddell,1.109790975,-0.01657601673783637,0.01657601673783637,0.29780060706748523,FALSE,FALSE
2020-10-29,Weddell,1.101178868,-0.02024371314513406,0.02024371314513406,0.29780060706748523,FALSE,FALSE
2020-10-30,Weddell,1.056582352,-0.05975301545914568,0.05975301545914568,0.29780060706748523,FALSE,FALSE
2020-10-31,Weddell,1.019205288,-0.0919004323925292,0.0919004323925292,0.29780060706748523,FALSE,FALSE
2020-11-01,Weddell,0.983761737,-0.12197326015324904,0.12197326015324904,0.29780060706748523,FALSE,FALSE
2020-11-02,Weddell,0.96550433,-0.13472022521473492,0.13472022521473492,0.29780060706748523,FALSE,FALSE
2020-11-03,Weddell,0.933801426,-0.1607743260504153,0.1607743260504153,0.29780060706748523,FALSE,FALSE
2020-11-04,Weddell,0.899433953,-0.18935599213372045,0.18935599213372045,0.29780060706748523,FALSE,FALSE
2020-11-05,Weddell,0.860086185,-0.2227823069380771,0.2227823069380771,0.29780060706748523,FALSE,FALSE
2020-11-06,Weddell,0.832943966,-0.2438687839369169,0.2438687839369169,0.29780060706748523,FALSE,FALSE
2020-11-07,Weddell,0.825956085,-0.2446679916036677,0.2446679916036677,0.29780060706748523,FALSE,FALSE
2020-11-08,Weddell,0.833212419,-0.23109141041175907,0.23109141041175907,0.29780060706748523,FALSE,FALSE
2020-11-09,Weddell,0.84122503,-0.21662833583461985,0.21662833583461985,0.29780060706748523,FALSE,FALSE
2020-11-10,Weddell,0.834488872,-0.21678517134567865,0.21678517134567865,0.29780060706748523,FALSE,FALSE
2020-11-11,Weddell,0.838780385,-0.20578673847780649,0.20578673847780649,0.29780060706748523,FALSE,FALSE
2020-11-12,Weddell,0.835746572,-0.2019819884280546,0.2019819884280546,0.29780060706748523,FALSE,FALSE
2020-11-13,Weddell,0.84066769,-0.190078640360302,0.190078640360302,0.29780060706748523,FALSE,FALSE
2020-11-14,Weddell,0.837606559,-0.1860011923821293,0.1860011923821293,0.29780060706748523,FALSE,FALSE
2020-11-15,Weddell,0.828347792,-0.18795234960111665,0.18795234960111665,0.29780060706748523,FALSE,FALSE
2020-11-16,Weddell,0.835495663,-0.1733151561248435,0.1733151561248435,0.29780060706748523,FALSE,FALSE
2020-11-17,Weddell,0.844750553,-0.1563765490608905,0.1563765490608905,0.29780060706748523,FALSE,FALSE
2020-11-18,Weddell,0.860538868,-0.13269744051683796,0.13269744051683796,0.29780060706748523,FALSE,FALSE
2020-11-19,Weddell,0.885641535,-0.09948422160026572,0.09948422160026572,0.29780060706748523,FALSE,FALSE
2020-11-20,Weddell,0.888205228,-0.08857753641875432,0.08857753641875432,0.29780060706748523,FALSE,FALSE
2020-11-21,Weddell,0.8772265,-0.09096815007988368,0.09096815007988368,0.29780060706748523,FALSE,FALSE
2020-11-22,Weddell,0.847238092,-0.11211063969123392,0.11211063969123392,0.29780060706748523,FALSE,FALSE
2020-11-23,Weddell,0.85285684,-0.09737548736038536,0.09737548736038536,0.29780060706748523,FALSE,FALSE
2020-11-24,Weddell,0.838920661,-0.10191447880118232,0.10191447880118232,0.29780060706748523,FALSE,FALSE
2020-11-25,Weddell,0.82604536,-0.10512168032773084,0.10512168032773084,0.29780060706748523,FALSE,FALSE
2020-11-26,Weddell,0.821047493,-0.10020054854922068,0.10020054854922068,0.29780060706748523,FALSE,FALSE
2020-11-27,Weddell,0.817347754,-0.09375047888926502,0.09375047888926502,0.29780060706748523,FALSE,FALSE
2020-11-28,Weddell,0.825952601,-0.07478510277147477,0.07478510277147477,0.29780060706748523,FALSE,FALSE
2020-11-29,Weddell,0.835667139,-0.05451940461946136,0.05451940461946136,0.29780060706748523,FALSE,FALSE
2020-11-30,Weddell,0.847171821,-0.03229302085683727,0.03229302085683727,0.29780060706748523,FALSE,FALSE
2020-12-01,Weddell,0.855176181,-0.01341650690721418,0.01341650690721418,0.29780060706748523,FALSE,FALSE
2020-12-02,Weddell,0.868756863,0.01116669180579665,0.01116669180579665,0.29780060706748523,FALSE,FALSE
2020-12-03,Weddell,0.848655324,0.00217794285858297,0.00217794285858297,0.29780060706748523,FALSE,FALSE
2020-12-04,Weddell,0.833305169,-0.00196923817246696,0.00196923817246696,0.29780060706748523,FALSE,FALSE
2020-12-05,Weddell,0.840573684,0.01657234528903572,0.01657234528903572,0.29780060706748523,FALSE,FALSE
2020-12-06,Weddell,0.859658248,0.046979985037917,0.046979985037917,0.29780060706748523,FALSE,FALSE
2020-12-07,Weddell,0.859121004,0.05779642554324682,0.05779642554324682,0.29780060706748523,FALSE,FALSE
2020-12-08,Weddell,0.85604555,0.06608752710350396,0.06608752710350396,0.29780060706748523,FALSE,FALSE
2020-12-09,Weddell,0.841967833,0.06337174435869541,0.06337174435869541,0.29780060706748523,FALSE,FALSE
2020-12-10,Weddell,0.843635116,0.0763788479488311,0.0763788479488311,0.29780060706748523,FALSE,FALSE
2020-12-11,Weddell,0.85702793,0.10107187651391912,0.10107187651391912,0.29780060706748523,FALSE,FALSE
2020-12-12,Weddell,0.882177646,0.13746470869396732,0.13746470869396732,0.29780060706748523,FALSE,FALSE
2020-12-13,Weddell,0.8876795,0.15413508812898458,0.15413508812898458,0.29780060706748523,FALSE,FALSE
2020-12-14,Weddell,0.893297334,0.17082936445897945,0.17082936445897945,0.29780060706748523,FALSE,FALSE
2020-12-15,Weddell,0.888492727,0.17699162432395998,0.17699162432395998,0.29780060706748523,FALSE,FALSE
2020-12-16,Weddell,0.879341032,0.17867972836393475,0.17867972836393475,0.29780060706748523,FALSE,FALSE
2020-12-17,Weddell,0.855497914,0.1655318492189125,0.1655318492189125,0.29780060706748523,FALSE,FALSE
2020-12-18,Weddell,0.843269547,0.1638366685289011,0.1638366685289011,0.29780060706748523,FALSE,FALSE
2020-12-19,Weddell,0.802118238,0.13303958604632982,0.13303958604632982,0.29780060706748523,FALSE,FALSE
2020-12-20,Weddell,0.762695009,0.10378396827881776,0.10378396827881776,0.29780060706748523,FALSE,FALSE
2020-12-21,Weddell,0.740568455,0.09163813967924406,0.09163813967924406,0.29780060706748523,FALSE,FALSE
2020-12-22,Weddell,0.720791079,0.08165453849618698,0.08165453849618698,0.29780060706748523,FALSE,FALSE
2020-12-23,Weddell,0.705271718,0.07574193697822351,0.07574193697822351,0.29780060706748523,FALSE,FALSE
2020-12-24,Weddell,0.683550487,0.06344038537393148,0.06344038537393148,0.29780060706748523,FALSE,FALSE
2020-12-25,Weddell,0.669903541,0.05902597393188702,0.05902597393188702,0.29780060706748523,FALSE,FALSE
2020-12-26,Weddell,0.671095362,0.06926311990066814,0.06926311990066814,0.29780060706748523,FALSE,FALSE
2020-12-27,Weddell,0.662366989,0.06939279752885319,0.06939279752885319,0.29780060706748523,FALSE,FALSE
2020-12-28,Weddell,0.662979903,0.07867642306501843,0.07867642306501843,0.29780060706748523,FALSE,FALSE
2020-12-29,Weddell,0.664888145,0.08906797275774048,0.08906797275774048,0.29780060706748523,FALSE,FALSE
2020-12-30,Weddell,0.646436445,0.07891211185559854,0.07891211185559854,0.29780060706748523,FALSE,FALSE
2020-12-31,Weddell,0.642094704,0.08267867660716932,0.08267867660716932,0.29780060706748523,FALSE,FALSE
2021-01-01,Weddell,0.625324256,0.06590822860716938,0.06590822860716938,0.29780060706748523,FALSE,FALSE
2021-01-02,Weddell,0.612335959,0.06084199212543351,0.06084199212543351,0.29780060706748523,FALSE,FALSE
2021-01-03,Weddell,0.609836237,0.06608478498098935,0.06608478498098935,0.29780060706748523,FALSE,FALSE
2021-01-04,Weddell,0.596192061,0.06001163060883763,0.06001163060883763,0.29780060706748523,FALSE,FALSE
2021-01-05,Weddell,0.577559227,0.04878637744398184,0.04878637744398184,0.29780060706748523,FALSE,FALSE
2021-01-06,Weddell,0.570671229,0.04915057192142091,0.04915057192142091,0.29780060706748523,FALSE,FALSE
2021-01-07,Weddell,0.566323766,0.05190796547615861,0.05190796547615861,0.29780060706748523,FALSE,FALSE
2021-01-08,Weddell,0.568810468,0.06136024054319589,0.06136024054319589,0.29780060706748523,FALSE,FALSE
2021-01-09,Weddell,0.569417043,0.0688011575575328,0.0688011575575328,0.29780060706748523,FALSE,FALSE
2021-01-10,Weddell,0.549622148,0.0557174259541735,0.0557174259541735,0.29780060706748523,FALSE,FALSE
2021-01-11,Weddell,0.550164359,0.06285567416811771,0.06285567416811771,0.29780060706748523,FALSE,FALSE
2021-01-12,Weddell,0.547045871,0.06622614963436824,0.06622614963436824,0.29780060706748523,FALSE,FALSE
2021-01-13,Weddell,0.539600844,0.0651710647879255,0.0651710647879255,0.29780060706748523,FALSE,FALSE
2021-01-14,Weddell,0.545225933,0.07709514350633351,0.07709514350633351,0.29780060706748523,FALSE,FALSE
2021-01-15,Weddell,0.53657093,0.07465683670507167,0.07465683670507167,0.29780060706748523,FALSE,FALSE
2021-01-16,Weddell,0.515397495,0.0596272024908206,0.0596272024908206,0.29780060706748523,FALSE,FALSE
2021-01-17,Weddell,0.509808181,0.060118238719222,0.060118238719222,0.29780060706748523,FALSE,FALSE
2021-01-18,Weddell,0.507355602,0.06369200424591759,0.06369200424591759,0.29780060706748523,FALSE,FALSE
2021-01-19,Weddell,0.502991048,0.06530923392654925,0.06530923392654925,0.29780060706748523,FALSE,FALSE
2021-01-20,Weddell,0.496141901,0.06440675461675927,0.06440675461675927,0.29780060706748523,FALSE,FALSE
2021-01-21,Weddell,0.488638677,0.06282452717218912,0.06282452717218912,0.29780060706748523,FALSE,FALSE
2021-01-22,Weddell,0.483001274,0.06309189444848101,0.06309189444848101,0.29780060706748523,FALSE,FALSE
2021-01-23,Weddell,0.472382667,0.05837127630127647,0.05837127630127647,0.29780060706748523,FALSE,FALSE
2021-01-24,Weddell,0.4729927,0.0648819615862179,0.0648819615862179,0.29780060706748523,FALSE,FALSE
2021-01-25,Weddell,0.473681216,0.07148323815894664,0.07148323815894664,0.29780060706748523,FALSE,FALSE
2021-01-26,Weddell,0.481155767,0.08489210287510568,0.08489210287510568,0.29780060706748523,FALSE,FALSE
2021-01-27,Weddell,0.48176593,0.0914649054334079,0.0914649054334079,0.29780060706748523,FALSE,FALSE
2021-01-28,Weddell,0.479315274,0.09499389847603834,0.09499389847603834,0.29780060706748523,FALSE,FALSE
2021-01-29,Weddell,0.489846953,0.11150341889449938,0.11150341889449938,0.29780060706748523,FALSE,FALSE
2021-01-30,Weddell,0.496755188,0.1243688464179949,0.1243688464179949,0.29780060706748523,FALSE,FALSE
2021-01-31,Weddell,0.491144755,0.124676115775729,0.124676115775729,0.29780060706748523,FALSE,FALSE
2021-02-01,Weddell,0.465452642,0.1048433736969051,0.1048433736969051,0.29780060706748523,FALSE,FALSE
2021-02-02,Weddell,0.449900655,0.09507358491072754,0.09507358491072754,0.29780060706748523,FALSE,FALSE
2021-02-03,Weddell,0.452366123,0.10322523714640008,0.10322523714640008,0.29780060706748523,FALSE,FALSE
2021-02-04,Weddell,0.446785591,0.1032160341331264,0.1032160341331264,0.29780060706748523,FALSE,FALSE
2021-02-05,Weddell,0.4386777,0.10054577560011092,0.10054577560011092,0.29780060706748523,FALSE,FALSE
2021-02-06,Weddell,0.415497187,0.08265035727655706,0.08265035727655706,0.29780060706748523,FALSE,FALSE
2021-02-07,Weddell,0.403002987,0.07526987289166875,0.07526987289166875,0.29780060706748523,FALSE,FALSE
2021-02-08,Weddell,0.382394952,0.05958535749487292,0.05958535749487292,0.29780060706748523,FALSE,FALSE
2021-02-09,Weddell,0.375507091,0.05741521397224042,0.05741521397224042,0.29780060706748523,FALSE,FALSE
2021-02-10,Weddell,0.363015672,0.0494264897927722,0.0494264897927722,0.29780060706748523,FALSE,FALSE
2021-02-11,Weddell,0.352319081,0.04300910541594122,0.04300910541594122,0.29780060706748523,FALSE,FALSE
2021-02-12,Weddell,0.34919112,0.04392839730122205,0.04392839730122205,0.29780060706748523,FALSE,FALSE
2021-02-13,Weddell,0.344122164,0.04266627490808783,0.04266627490808783,0.29780060706748523,FALSE,FALSE
2021-02-14,Weddell,0.339150964,0.04125302369601269,0.04125302369601269,0.29780060706748523,FALSE,FALSE
2021-02-15,Weddell,0.3359804,0.04138305812447024,0.04138305812447024,0.29780060706748523,FALSE,FALSE
2021-02-16,Weddell,0.343492144,0.05192958465293401,0.05192958465293401,0.29780060706748523,FALSE,FALSE
2021-02-17,Weddell,0.347264043,0.0584619847408781,0.0584619847408781,0.29780060706748523,FALSE,FALSE
2021-02-18,Weddell,0.341589644,0.05526533984777565,0.05526533984777565,0.29780060706748523,FALSE,FALSE
2021-02-19,Weddell,0.34155708,0.05741931743310069,0.05741931743310069,0.29780060706748523,FALSE,FALSE
2021-02-20,Weddell,0.34093242,0.05868152095632734,0.05868152095632734,0.29780060706748523,FALSE,FALSE
2021-02-21,Weddell,0.334661372,0.05398966529756616,0.05398966529756616,0.29780060706748523,FALSE,FALSE
2021-02-22,Weddell,0.340224292,0.06082184079144542,0.06082184079144542,0.29780060706748523,FALSE,FALSE
2021-02-23,Weddell,0.345837071,0.06739548292527564,0.06739548292527564,0.29780060706748523,FALSE,FALSE
2021-02-24,Weddell,0.359766923,0.08197941906238876,0.08197941906238876,0.29780060706748523,FALSE,FALSE
2021-02-25,Weddell,0.370418012,0.09297942656611718,0.09297942656611718,0.29780060706748523,FALSE,FALSE
2021-02-26,Weddell,0.36793408,0.09054086079979318,0.09054086079979318,0.29780060706748523,FALSE,FALSE
2021-02-27,Weddell,0.36789457,0.09024477812674953,0.09024477812674953,0.29780060706748523,FALSE,FALSE
2021-02-28,Weddell,0.389103078,0.11089638791031849,0.11089638791031849,0.29780060706748523,FALSE,FALSE
2021-03-01,Weddell,0.392251103,0.11318880251383208,0.11318880251383208,0.29780060706748523,FALSE,FALSE
2021-03-02,Weddell,0.407813194,0.12759818430062309,0.12759818430062309,0.29780060706748523,FALSE,FALSE
2021-03-03,Weddell,0.425988202,0.1443249976340238,0.1443249976340238,0.29780060706748523,FALSE,FALSE
2021-03-04,Weddell,0.424087607,0.14068233587736678,0.14068233587736678,0.29780060706748523,FALSE,FALSE
2021-03-05,Weddell,0.431692627,0.14625303126607653,0.14625303126607653,0.29780060706748523,FALSE,FALSE
2021-03-06,Weddell,0.446649634,0.15888831410903403,0.15888831410903403,0.29780060706748523,FALSE,FALSE
2021-03-07,Weddell,0.45224402,0.1618889961860296,0.1618889961860296,0.29780060706748523,FALSE,FALSE
2021-03-08,Weddell,0.464723672,0.1715205299503602,0.1715205299503602,0.29780060706748523,FALSE,FALSE
2021-03-09,Weddell,0.461600193,0.16531208385532187,0.16531208385532187,0.29780060706748523,FALSE,FALSE
2021-03-10,Weddell,0.454038442,0.15444608235421003,0.15444608235421003,0.29780060706748523,FALSE,FALSE
2021-03-11,Weddell,0.438380451,0.1352821229003217,0.1352821229003217,0.29780060706748523,FALSE,FALSE
2021-03-12,Weddell,0.455229176,0.1484407269469531,0.1484407269469531,0.29780060706748523,FALSE,FALSE
2021-03-13,Weddell,0.469616618,0.1589714609473995,0.1589714609473995,0.29780060706748523,FALSE,FALSE
2021-03-14,Weddell,0.473332944,0.15868205735495788,0.15868205735495788,0.29780060706748523,FALSE,FALSE
2021-03-15,Weddell,0.476387057,0.1575989846229242,0.1575989846229242,0.29780060706748523,FALSE,FALSE
2021-03-16,Weddell,0.475112261,0.1520731122045944,0.1520731122045944,0.29780060706748523,FALSE,FALSE
2021-03-17,Weddell,0.486849667,0.1594631165532649,0.1594631165532649,0.29780060706748523,FALSE,FALSE
2021-03-18,Weddell,0.516185784,0.1843727933573477,0.1843727933573477,0.29780060706748523,FALSE,FALSE
2021-03-19,Weddell,0.546095103,0.20978695819289095,0.20978695819289095,0.29780060706748523,FALSE,FALSE
2021-03-20,Weddell,0.564224164,0.223355193208103,0.223355193208103,0.29780060706748523,FALSE,FALSE
2021-03-21,Weddell,0.563615869,0.21812309968257257,0.21812309968257257,0.29780060706748523,FALSE,FALSE
2021-03-22,Weddell,0.537428092,0.18725125089588873,0.18725125089588873,0.29780060706748523,FALSE,FALSE
2021-03-23,Weddell,0.517387727,0.1624692401276411,0.1624692401276411,0.29780060706748523,FALSE,FALSE
2021-03-24,Weddell,0.487526605,0.12781159765741906,0.12781159765741906,0.29780060706748523,FALSE,FALSE
2021-03-25,Weddell,0.458868823,0.09430511976481204,0.09430511976481204,0.29780060706748523,FALSE,FALSE
2021-03-26,Weddell,0.440113993,0.07065211772940871,0.07065211772940871,0.29780060706748523,FALSE,FALSE
2021-03-27,Weddell,0.422543295,0.04813647083079864,0.04813647083079864,0.29780060706748523,FALSE,FALSE
2021-03-28,Weddell,0.416421884,0.0370260333485713,0.0370260333485713,0.29780060706748523,FALSE,FALSE
2021-03-29,Weddell,0.404575224,0.02014896856231612,0.02014896856231612,0.29780060706748523,FALSE,FALSE
2021-03-30,Weddell,0.392521115,0.00302577575162193,0.00302577575162193,0.29780060706748523,FALSE,FALSE
2021-03-31,Weddell,0.379786669,-0.01481538499160234,0.01481538499160234,0.29780060706748523,FALSE,FALSE
2021-04-01,Weddell,0.393327313,-0.0064270640221740704,0.0064270640221740704,0.29780060706748523,FALSE,FALSE
2021-04-02,Weddell,0.407757022,0.00279366804213643,0.00279366804213643,0.29780060706748523,FALSE,FALSE
2021-04-03,Weddell,0.458023198,0.04778316504702817,0.04778316504702817,0.29780060706748523,FALSE,FALSE
2021-04-04,Weddell,0.475679809,0.06008434683820013,0.06008434683820013,0.29780060706748523,FALSE,FALSE
2021-04-05,Weddell,0.47689773,0.05585704026135119,0.05585704026135119,0.29780060706748523,FALSE,FALSE
2021-04-06,Weddell,0.463714238,0.03712747416218148,0.03712747416218148,0.29780060706748523,FALSE,FALSE
2021-04-07,Weddell,0.465544576,0.03329984338638891,0.03329984338638891,0.29780060706748523,FALSE,FALSE
2021-04-08,Weddell,0.487666856,0.04964121177967351,0.04964121177967351,0.29780060706748523,FALSE,FALSE
2021-04-09,Weddell,0.48704952,0.04310897318773349,0.04310897318773349,0.29780060706748523,FALSE,FALSE
2021-04-10,Weddell,0.497193588,0.04719309945626882,0.04719309945626882,0.29780060706748523,FALSE,FALSE
2021-04-11,Weddell,0.52034807,0.06413155243097746,0.06413155243097746,0.29780060706748523,FALSE,FALSE
2021-04-12,Weddell,0.575110778,0.1125112626601743,0.1125112626601743,0.29780060706748523,FALSE,FALSE
2021-04-13,Weddell,0.598621335,0.1294728526263954,0.1294728526263954,0.29780060706748523,FALSE,FALSE
2021-04-14,Weddell,0.599143544,0.1233007104256803,0.1233007104256803,0.29780060706748523,FALSE,FALSE
2021-04-15,Weddell,0.615283322,0.13262316753804504,0.13262316753804504,0.29780060706748523,FALSE,FALSE
2021-04-16,Weddell,0.618009954,0.12843192344350407,0.12843192344350407,0.29780060706748523,FALSE,FALSE
2021-04-17,Weddell,0.617954331,0.12138028362207232,0.12138028362207232,0.29780060706748523,FALSE,FALSE
2021-04-18,Weddell,0.618804329,0.11517853855376524,0.11517853855376524,0.29780060706748523,FALSE,FALSE
2021-04-19,Weddell,0.623630064,0.11291921871859734,0.11291921871859734,0.29780060706748523,FALSE,FALSE
2021-04-20,Weddell,0.632298364,0.11449156659658376,0.11449156659658376,0.29780060706748523,FALSE,FALSE
2021-04-21,Weddell,0.69079073,0.1658994976677396,0.1658994976677396,0.29780060706748523,FALSE,FALSE
2021-04-22,Weddell,0.701428964,0.16948722841207942,0.16948722841207942,0.29780060706748523,FALSE,FALSE
2021-04-23,Weddell,0.711512353,0.1725764603096187,0.1725764603096187,0.29780060706748523,FALSE,FALSE
2021-04-24,Weddell,0.693654239,0.14780294984037168,0.14780294984037168,0.29780060706748523,FALSE,FALSE
2021-04-25,Weddell,0.699756698,0.14708917008042344,0.14708917008042344,0.29780060706748523,FALSE,FALSE
2021-04-26,Weddell,0.738703397,0.17932002488772536,0.17932002488772536,0.29780060706748523,FALSE,FALSE
2021-04-27,Weddell,0.78368442,0.217676247071632,0.217676247071632,0.29780060706748523,FALSE,FALSE
2021-04-28,Weddell,0.821286673,0.2487352799080992,0.2487352799080992,0.29780060706748523,FALSE,FALSE
2021-04-29,Weddell,0.854628204,0.2756057086730823,0.2756057086730823,0.29780060706748523,FALSE,FALSE
2021-04-30,Weddell,0.862698436,0.27726749364253667,0.27726749364253667,0.29780060706748523,FALSE,FALSE
2021-05-01,Weddell,0.879954782,0.28816858509241816,0.28816858509241816,0.29780060706748523,FALSE,FALSE
2021-05-02,Weddell,0.898454203,0.3003564812986821,0.3003564812986821,0.29780060706748523,TRUE,FALSE
2021-05-03,Weddell,0.885593683,0.2812187035372844,0.2812187035372844,0.29780060706748523,FALSE,FALSE
2021-05-04,Weddell,0.855510789,0.24488335608418055,0.24488335608418055,0.29780060706748523,FALSE,FALSE
2021-05-05,Weddell,0.827803055,0.21093851021532528,0.21093851021532528,0.29780060706748523,FALSE,FALSE
2021-05-06,Weddell,0.811810442,0.18871466420667493,0.18871466420667493,0.29780060706748523,FALSE,FALSE
2021-05-07,Weddell,0.81424554,0.1849149375056076,0.1849149375056076,0.29780060706748523,FALSE,FALSE
2021-05-08,Weddell,0.830823303,0.19524044900518336,0.19524044900518336,0.29780060706748523,FALSE,FALSE
2021-05-09,Weddell,0.86403559,0.22215760645720695,0.22215760645720695,0.29780060706748523,FALSE,FALSE
2021-05-10,Weddell,0.866489815,0.21824646133966263,0.21824646133966263,0.29780060706748523,FALSE,FALSE
2021-05-11,Weddell,0.879933418,0.22522709113053296,0.22522709113053296,0.29780060706748523,FALSE,FALSE
2021-05-12,Weddell,0.882280968,0.2209867023078027,0.2209867023078027,0.29780060706748523,FALSE,FALSE
2021-05-13,Weddell,0.882194584,0.21416005134945384,0.21416005134945384,0.29780060706748523,FALSE,FALSE
2021-05-14,Weddell,0.880929102,0.20597461173347076,0.20597461173347076,0.29780060706748523,FALSE,FALSE
2021-05-15,Weddell,0.861842936,0.17976143493783703,0.17976143493783703,0.29780060706748523,FALSE,FALSE
2021-05-16,Weddell,0.831114039,0.141671111440536,0.141671111440536,0.29780060706748523,FALSE,FALSE
2021-05-17,Weddell,0.804515251,0.10744911871955144,0.10744911871955144,0.29780060706748523,FALSE,FALSE
2021-05-18,Weddell,0.774783486,0.06980500825286662,0.06980500825286662,0.29780060706748523,FALSE,FALSE
2021-05-19,Weddell,0.755468878,0.04226155151846522,0.04226155151846522,0.29780060706748523,FALSE,FALSE
2021-05-20,Weddell,0.779379732,0.05760157065747284,0.05760157065747284,0.29780060706748523,FALSE,FALSE
2021-05-21,Weddell,0.833198663,0.10251649661543338,0.10251649661543338,0.29780060706748523,FALSE,FALSE
2021-05-22,Weddell,0.862175893,0.12229533364726076,0.12229533364726076,0.29780060706748523,FALSE,FALSE
2021-05-23,Weddell,0.945155112,0.19582156221585612,0.19582156221585612,0.29780060706748523,FALSE,FALSE
2021-05-24,Weddell,1.016938372,0.25793702478412217,0.25793702478412217,0.29780060706748523,FALSE,FALSE
2021-05-25,Weddell,1.07333499,0.30449082881496126,0.30449082881496126,0.29780060706748523,TRUE,TRUE
2021-05-26,Weddell,1.122851559,0.34402935777127497,0.34402935777127497,0.29780060706748523,TRUE,TRUE
2021-05-27,Weddell,1.130793968,0.3418982911159657,0.3418982911159657,0.29780060706748523,TRUE,TRUE
2021-05-28,Weddell,1.158187701,0.359162903311935,0.359162903311935,0.29780060706748523,TRUE,TRUE
2021-05-29,Weddell,1.16486454,0.35569476682208634,0.35569476682208634,0.29780060706748523,TRUE,TRUE
2021-05-30,Weddell,1.184914041,0.3656232281093208,0.3656232281093208,0.29780060706748523,TRUE,TRUE
2021-05-31,Weddell,1.200579554,0.3712314276365407,0.3712314276365407,0.29780060706748523,TRUE,TRUE
2021-06-01,Weddell,1.196250327,0.35694840386664817,0.35694840386664817,0.29780060706748523,TRUE,TRUE
2021-06-02,Weddell,1.16879538,0.31967477858304927,0.31967477858304927,0.29780060706748523,TRUE,TRUE
2021-06-03,Weddell,1.170543337,0.311734450375602,0.311734450375602,0.29780060706748523,TRUE,TRUE
2021-06-04,Weddell,1.17704977,0.3086681956085956,0.3086681956085956,0.29780060706748523,TRUE,TRUE
2021-06-05,Weddell,1.19339129,0.3155378292732939,0.3155378292732939,0.29780060706748523,TRUE,TRUE
2021-06-06,Weddell,1.19408931,0.30684996836095824,0.30684996836095824,0.29780060706748523,TRUE,TRUE
2021-06-07,Weddell,1.193679515,0.29712550186285325,0.29712550186285325,0.29780060706748523,FALSE,FALSE
2021-06-08,Weddell,1.162404356,0.2565920847702404,0.2565920847702404,0.29780060706748523,FALSE,FALSE
2021-06-09,Weddell,1.183134786,0.2681058740743838,0.2681058740743838,0.29780060706748523,FALSE,FALSE
2021-06-10,Weddell,1.209864626,0.28564589476654534,0.28564589476654534,0.29780060706748523,FALSE,FALSE
2021-06-11,Weddell,1.198941631,0.2655451058379892,0.2655451058379892,0.29780060706748523,FALSE,FALSE
2021-06-12,Weddell,1.177101109,0.23452401927997713,0.23452401927997713,0.29780060706748523,FALSE,FALSE
2021-06-13,Weddell,1.160073363,0.2082981420837724,0.2082981420837724,0.29780060706748523,FALSE,FALSE
2021-06-14,Weddell,1.136878791,0.1758734906205489,0.1758734906205489,0.29780060706748523,FALSE,FALSE
2021-06-15,Weddell,1.085004949,0.11474150684652906,0.11474150684652906,0.29780060706748523,FALSE,FALSE
2021-06-16,Weddell,1.049689366,0.07016866620702789,0.07016866620702789,0.29780060706748523,FALSE,FALSE
2021-06-17,Weddell,1.048436347,0.05969003582253074,0.05969003582253074,0.29780060706748523,FALSE,FALSE
2021-06-18,Weddell,1.054254797,0.05634528281351692,0.05634528281351692,0.29780060706748523,FALSE,FALSE
2021-06-19,Weddell,1.052022974,0.04504342730047095,0.04504342730047095,0.29780060706748523,FALSE,FALSE
2021-06-20,Weddell,1.020129355,0.00420370840387507,0.00420370840387507,0.29780060706748523,FALSE,FALSE
2021-06-21,Weddell,0.984876624,-0.03984042775578844,0.03984042775578844,0.29780060706748523,FALSE,FALSE
2021-06-22,Weddell,0.999657457,-0.03366554305803648,0.03366554305803648,0.29780060706748523,FALSE,FALSE
2021-06-23,Weddell,1.002818313,-0.038894416382387,0.038894416382387,0.29780060706748523,FALSE,FALSE
2021-06-24,Weddell,1.010468271,-0.03938720660835715,0.03938720660835715,0.29780060706748523,FALSE,FALSE
2021-06-25,Weddell,1.010535902,-0.04718458061546471,0.04718458061546471,0.29780060706748523,FALSE,FALSE
2021-06-26,Weddell,1.016720951,-0.04855603128322716,0.04855603128322716,0.29780060706748523,FALSE,FALSE
2021-06-27,Weddell,0.995963957,-0.0765343818676133,0.0765343818676133,0.29780060706748523,FALSE,FALSE
2021-06-28,Weddell,0.992339313,-0.08704976749711513,0.08704976749711513,0.29780060706748523,FALSE,FALSE
2021-06-29,Weddell,0.980064712,-0.10590326421245544,0.10590326421245544,0.29780060706748523,FALSE,FALSE
2021-06-30,Weddell,0.969551264,-0.12270260427415736,0.12270260427415736,0.29780060706748523,FALSE,FALSE
2021-07-01,Weddell,1.011082956,-0.08718264294274425,0.08718264294274425,0.29780060706748523,FALSE,FALSE
2021-07-02,Weddell,1.077702134,-0.02631987647873956,0.02631987647873956,0.29780060706748523,FALSE,FALSE
2021-07-03,Weddell,1.141223784,0.03168183885733455,0.03168183885733455,0.29780060706748523,FALSE,FALSE
2021-07-04,Weddell,1.177145918,0.06230167280495302,0.06230167280495302,0.29780060706748523,FALSE,FALSE
2021-07-05,Weddell,1.20146727,0.08151951710359362,0.08151951710359362,0.29780060706748523,FALSE,FALSE
2021-07-06,Weddell,1.211710145,0.08683883449273311,0.08683883449273311,0.29780060706748523,FALSE,FALSE
2021-07-07,Weddell,1.172192452,0.04255869171184745,0.04255869171184745,0.29780060706748523,FALSE,FALSE
2021-07-08,Weddell,1.115670145,-0.01858379949958699,0.01858379949958699,0.29780060706748523,FALSE,FALSE
2021-07-09,Weddell,1.065609534,-0.0731411638668793,0.0731411638668793,0.29780060706748523,FALSE,FALSE
2021-07-10,Weddell,1.047008952,-0.0961324375512429,0.0961324375512429,0.29780060706748523,FALSE,FALSE
2021-07-11,Weddell,1.080363919,-0.06707626236431752,0.06707626236431752,0.29780060706748523,FALSE,FALSE
2021-07-12,Weddell,1.156871644,0.00521083333105476,0.00521083333105476,0.29780060706748523,FALSE,FALSE
2021-07-13,Weddell,1.231671633,0.07585461817203143,0.07585461817203143,0.29780060706748523,FALSE,FALSE
2021-07-14,Weddell,1.243731875,0.0838093437957701,0.0838093437957701,0.29780060706748523,FALSE,FALSE
2021-07-15,Weddell,1.225922877,0.06193177983942721,0.06193177983942721,0.29780060706748523,FALSE,FALSE
2021-07-16,Weddell,1.197866687,0.02983023694016107,0.02983023694016107,0.29780060706748523,FALSE,FALSE
2021-07-17,Weddell,1.174857526,0.00278519873512728,0.00278519873512728,0.29780060706748523,FALSE,FALSE
2021-07-18,Weddell,1.191488002,0.01537553586148576,0.01537553586148576,0.29780060706748523,FALSE,FALSE
2021-07-19,Weddell,1.222338305,0.042167700956391,0.042167700956391,0.29780060706748523,FALSE,FALSE
2021-07-20,Weddell,1.212410313,0.0281498346570026,0.0281498346570026,0.29780060706748523,FALSE,FALSE
2021-07-21,Weddell,1.193972807,0.00557698060047684,0.00557698060047684,0.29780060706748523,FALSE,FALSE
2021-07-22,Weddell,1.17375796,-0.01883138212534341,0.01883138212534341,0.29780060706748523,FALSE,FALSE
2021-07-23,Weddell,1.153015853,-0.04382346441565521,0.04382346441565521,0.29780060706748523,FALSE,FALSE
2021-07-24,Weddell,1.158755098,-0.04237844796393841,0.04237844796393841,0.29780060706748523,FALSE,FALSE
2021-07-25,Weddell,1.149145525,-0.05631405832360769,0.05631405832360769,0.29780060706748523,FALSE,FALSE
2021-07-26,Weddell,1.128260354,-0.0815446310480763,0.0815446310480763,0.29780060706748523,FALSE,FALSE
2021-07-27,Weddell,1.099642225,-0.1145150816907612,0.1145150816907612,0.29780060706748523,FALSE,FALSE
2021-07-28,Weddell,1.107218462,-0.11128564180507516,0.11128564180507516,0.29780060706748523,FALSE,FALSE
2021-07-29,Weddell,1.144625766,-0.07820716594443211,0.07820716594443211,0.29780060706748523,FALSE,FALSE
2021-07-30,Weddell,1.198152422,-0.02897892466224827,0.02897892466224827,0.29780060706748523,FALSE,FALSE
2021-07-31,Weddell,1.220085184,-0.01130171951193803,0.01130171951193803,0.29780060706748523,FALSE,FALSE
2021-08-01,Weddell,1.250528038,0.01494087995308546,0.01494087995308546,0.29780060706748523,FALSE,FALSE
2021-08-02,Weddell,1.260868395,0.02114872917940591,0.02114872917940591,0.29780060706748523,FALSE,FALSE
2021-08-03,Weddell,1.265046232,0.02127424948303669,0.02127424948303669,0.29780060706748523,FALSE,FALSE
2021-08-04,Weddell,1.260756003,0.01302081421450518,0.01302081421450518,0.29780060706748523,FALSE,FALSE
2021-08-05,Weddell,1.277135134,0.0255220528122182,0.0255220528122182,0.29780060706748523,FALSE,FALSE
2021-08-06,Weddell,1.319423508,0.06401118536244654,0.06401118536244654,0.29780060706748523,FALSE,FALSE
2021-08-07,Weddell,1.321192742,0.06205316595145827,0.06205316595145827,0.29780060706748523,FALSE,FALSE
2021-08-08,Weddell,1.280536443,0.01773493866552478,0.01773493866552478,0.29780060706748523,FALSE,FALSE
2021-08-09,Weddell,1.292335467,0.02593069659091451,0.02593069659091451,0.29780060706748523,FALSE,FALSE
2021-08-10,Weddell,1.335236265,0.06528022781389775,0.06528022781389775,0.29780060706748523,FALSE,FALSE
2021-08-11,Weddell,1.344920855,0.07145888742074402,0.07145888742074402,0.29780060706748523,FALSE,FALSE
2021-08-12,Weddell,1.402214173,0.12528494849772254,0.12528494849772254,0.29780060706748523,FALSE,FALSE
2021-08-13,Weddell,1.43704788,0.1566834091311049,0.1566834091311049,0.29780060706748523,FALSE,FALSE
2021-08-14,Weddell,1.449696105,0.16592173540715827,0.16592173540715827,0.29780060706748523,FALSE,FALSE
2021-08-15,Weddell,1.460575898,0.1734103144121535,0.1734103144121535,0.29780060706748523,FALSE,FALSE
2021-08-16,Weddell,1.48878111,0.19823688318192567,0.19823688318192567,0.29780060706748523,FALSE,FALSE
2021-08-17,Weddell,1.510333409,0.216433311822678,0.216433311822678,0.29780060706748523,FALSE,FALSE
2021-08-18,Weddell,1.521107482,0.22390316446994585,0.22390316446994585,0.29780060706748523,FALSE,FALSE
2021-08-19,Weddell,1.52451308,0.2240860926991477,0.2240860926991477,0.29780060706748523,FALSE,FALSE
2021-08-20,Weddell,1.484006051,0.1804678450856998,0.1804678450856998,0.29780060706748523,FALSE,FALSE
2021-08-21,Weddell,1.447291732,0.14078365920501823,0.14078365920501823,0.29780060706748523,FALSE,FALSE
2021-08-22,Weddell,1.412913411,0.103606723632522,0.103606723632522,0.29780060706748523,FALSE,FALSE
2021-08-23,Weddell,1.398586121,0.08668197194362648,0.08668197194362648,0.29780060706748523,FALSE,FALSE
2021-08-24,Weddell,1.39271429,0.07844373271375038,0.07844373271375038,0.29780060706748523,FALSE,FALSE
2021-08-25,Weddell,1.395754193,0.079378181518309,0.079378181518309,0.29780060706748523,FALSE,FALSE
2021-08-26,Weddell,1.386154476,0.06796386493272055,0.06796386493272055,0.29780060706748523,FALSE,FALSE
2021-08-27,Weddell,1.360897116,0.04121266053240213,0.04121266053240213,0.29780060706748523,FALSE,FALSE
2021-08-28,Weddell,1.343484877,0.02265723289277055,0.02265723289277055,0.29780060706748523,FALSE,FALSE
2021-08-29,Weddell,1.336869065,0.01527311158322652,0.01527311158322652,0.29780060706748523,FALSE,FALSE
2021-08-30,Weddell,1.317570974,-0.00442868894357872,0.00442868894357872,0.29780060706748523,FALSE,FALSE
2021-08-31,Weddell,1.300670415,-0.02139160115510185,0.02139160115510185,0.29780060706748523,FALSE,FALSE
2021-09-01,Weddell,1.279445737,-0.04236054277181389,0.04236054277181389,0.29780060706748523,FALSE,FALSE
2021-09-02,Weddell,1.275894876,-0.04536084451418709,0.04536084451418709,0.29780060706748523,FALSE,FALSE
2021-09-03,Weddell,1.263243181,-0.05719042410269437,0.05719042410269437,0.29780060706748523,FALSE,FALSE
2021-09-04,Weddell,1.243177339,-0.07618586125780613,0.07618586125780613,0.29780060706748523,FALSE,FALSE
2021-09-05,Weddell,1.19949981,-0.11856796269999492,0.11856796269999492,0.29780060706748523,FALSE,FALSE
2021-09-06,Weddell,1.183767642,-0.13280294714973315,0.13280294714973315,0.29780060706748523,FALSE,FALSE
2021-09-07,Weddell,1.144196915,-0.17069800132749258,0.17069800132749258,0.29780060706748523,FALSE,FALSE
2021-09-08,Weddell,1.100355017,-0.21270900395374492,0.21270900395374492,0.29780060706748523,FALSE,FALSE
2021-09-09,Weddell,1.107098486,-0.2040026837489619,0.2040026837489619,0.29780060706748523,FALSE,FALSE
2021-09-10,Weddell,1.126030909,-0.18299860846841587,0.18299860846841587,0.29780060706748523,FALSE,FALSE
2021-09-11,Weddell,1.143688229,-0.16317336082721567,0.16317336082721567,0.29780060706748523,FALSE,FALSE
2021-09-12,Weddell,1.170472567,-0.13411811114367178,0.13411811114367178,0.29780060706748523,FALSE,FALSE
2021-09-13,Weddell,1.231219402,-0.07098864652179593,0.07098864652179593,0.29780060706748523,FALSE,FALSE
2021-09-14,Weddell,1.296670668,-0.00303429906559893,0.00303429906559893,0.29780060706748523,FALSE,FALSE
2021-09-15,Weddell,1.341965903,0.04489320312090505,0.04489320312090505,0.29780060706748523,FALSE,FALSE
2021-09-16,Weddell,1.354421437,0.0601189239337061,0.0601189239337061,0.29780060706748523,FALSE,FALSE
2021-09-17,Weddell,1.329573198,0.03818752526879154,0.03818752526879154,0.29780060706748523,FALSE,FALSE
2021-09-18,Weddell,1.287821484,-4.919609778513134e-4,4.919609778513134e-4,0.29780060706748523,FALSE,FALSE
2021-09-19,Weddell,1.23893796,-0.04613913591023344,0.04613913591023344,0.29780060706748523,FALSE,FALSE
2021-09-20,Weddell,1.213985291,-0.06768260063236697,0.06768260063236697,0.29780060706748523,FALSE,FALSE
2021-09-21,Weddell,1.172037781,-0.10603931724826364,0.10603931724826364,0.29780060706748523,FALSE,FALSE
2021-09-22,Weddell,1.144774674,-0.1295213078619364,0.1295213078619364,0.29780060706748523,FALSE,FALSE
2021-09-23,Weddell,1.137482489,-0.13283548252309751,0.13283548252309751,0.29780060706748523,FALSE,FALSE
2021-09-24,Weddell,1.161913665,-0.10424598804850538,0.10424598804850538,0.29780060706748523,FALSE,FALSE
2021-09-25,Weddell,1.163150371,-0.0987012885057752,0.0987012885057752,0.29780060706748523,FALSE,FALSE
2021-09-26,Weddell,1.150362537,-0.10706228406094852,0.10706228406094852,0.29780060706748523,FALSE,FALSE
2021-09-27,Weddell,1.15099059,-0.10191937788006666,0.10191937788006666,0.29780060706748523,FALSE,FALSE
2021-09-28,Weddell,1.134565892,-0.11377203812917291,0.11377203812917291,0.29780060706748523,FALSE,FALSE
2021-09-29,Weddell,1.149127334,-0.094612203974307807,0.094612203974307807,0.29780060706748523,FALSE,FALSE
2021-09-30,Weddell,1.182592441,-0.05655318058151359,0.05655318058151359,0.29780060706748523,FALSE,FALSE
2021-10-01,Weddell,1.189277517,-0.04530949411683194,0.04530949411683194,0.29780060706748523,FALSE,FALSE
2021-10-02,Weddell,1.185044445,-0.04505009174630481,0.04505009174630481,0.29780060706748523,FALSE,FALSE
2021-10-03,Weddell,1.180168212,-0.0455308166359738,0.0455308166359738,0.29780060706748523,FALSE,FALSE
2021-10-04,Weddell,1.176537447,-0.04489386995188216,0.04489386995188216,0.29780060706748523,FALSE,FALSE
2021-10-05,Weddell,1.133943437,-0.08337878497991924,0.08337878497991924,0.29780060706748523,FALSE,FALSE
2021-10-06,Weddell,1.087652351,-0.1257382616835907,0.1257382616835907,0.29780060706748523,FALSE,FALSE
2021-10-07,Weddell,1.063825187,-0.1457950156224479,0.1457950156224479,0.29780060706748523,FALSE,FALSE
2021-10-08,Weddell,1.050403006,-0.15558526774421266,0.15558526774421266,0.29780060706748523,FALSE,FALSE
2021-10-09,Weddell,1.035732134,-0.1667399739966111,0.1667399739966111,0.29780060706748523,FALSE,FALSE
2021-10-10,Weddell,1.039365083,-0.159683904327365,0.159683904327365,0.29780060706748523,FALSE,FALSE
2021-10-11,Weddell,1.053346537,-0.1423496566842002,0.1423496566842002,0.29780060706748523,FALSE,FALSE
2021-10-12,Weddell,1.058170094,-0.13422091501483813,0.13422091501483813,0.29780060706748523,FALSE,FALSE
2021-10-13,Weddell,1.054422469,-0.1346882462670047,0.1346882462670047,0.29780060706748523,FALSE,FALSE
2021-10-14,Weddell,1.058728021,-0.12710457338842152,0.12710457338842152,0.29780060706748523,FALSE,FALSE
2021-10-15,Weddell,1.073270642,-0.1092632863268137,0.1092632863268137,0.29780060706748523,FALSE,FALSE
2021-10-16,Weddell,1.090376654,-0.08881534502990429,0.08881534502990429,0.29780060706748523,FALSE,FALSE
2021-10-17,Weddell,1.088568618,-0.08721547044541866,0.08721547044541866,0.29780060706748523,FALSE,FALSE
2021-10-18,Weddell,1.114795091,-0.05749283079831047,0.05749283079831047,0.29780060706748523,FALSE,FALSE
2021-10-19,Weddell,1.1068576,-0.06183303939060614,0.06183303939060614,0.29780060706748523,FALSE,FALSE
2021-10-20,Weddell,1.097029712,-0.06795867048195947,0.06795867048195947,0.29780060706748523,FALSE,FALSE
2021-10-21,Weddell,1.079904221,-0.08127343173283141,0.08127343173283141,0.29780060706748523,FALSE,FALSE
2021-10-22,Weddell,1.059155855,-0.09809909680368369,0.09809909680368369,0.29780060706748523,FALSE,FALSE
2021-10-23,Weddell,1.056081294,-0.09713548735497768,0.09713548735497768,0.29780060706748523,FALSE,FALSE
2021-10-24,Weddell,1.057949411,-0.0911102320471735,0.0911102320471735,0.29780060706748523,FALSE,FALSE
2021-10-25,Weddell,1.05920933,-0.08557070854073334,0.08557070854073334,0.29780060706748523,FALSE,FALSE
2021-10-26,Weddell,1.057302818,-0.0830716514961185,0.0830716514961185,0.29780060706748523,FALSE,FALSE
2021-10-27,Weddell,1.058973662,-0.07686577557379026,0.07686577557379026,0.29780060706748523,FALSE,FALSE
2021-10-28,Weddell,1.039970399,-0.09120104543420848,0.09120104543420848,0.29780060706748523,FALSE,FALSE
2021-10-29,Weddell,1.011853492,-0.11451349973783632,0.11451349973783632,0.29780060706748523,FALSE,FALSE
2021-10-30,Weddell,0.977625639,-0.14379694214513417,0.14379694214513417,0.29780060706748523,FALSE,FALSE
2021-10-31,Weddell,0.946365785,-0.16996958245914562,0.16996958245914562,0.29780060706748523,FALSE,FALSE
2021-11-01,Weddell,0.911222759,-0.19988296139252917,0.19988296139252917,0.29780060706748523,FALSE,FALSE
2021-11-02,Weddell,0.904384613,-0.20135038415324913,0.20135038415324913,0.29780060706748523,FALSE,FALSE
2021-11-03,Weddell,0.883005756,-0.21721879921473497,0.21721879921473497,0.29780060706748523,FALSE,FALSE
2021-11-04,Weddell,0.866778491,-0.2277972610504153,0.2277972610504153,0.29780060706748523,FALSE,FALSE
2021-11-05,Weddell,0.875805547,-0.2129843981337204,0.2129843981337204,0.29780060706748523,FALSE,FALSE
2021-11-06,Weddell,0.864142375,-0.2187261169380771,0.2187261169380771,0.29780060706748523,FALSE,FALSE
2021-11-07,Weddell,0.834103787,-0.2427089629369169,0.2427089629369169,0.29780060706748523,FALSE,FALSE
2021-11-08,Weddell,0.817439006,-0.2531850706036677,0.2531850706036677,0.29780060706748523,FALSE,FALSE
2021-11-09,Weddell,0.805070643,-0.2592331864117591,0.2592331864117591,0.29780060706748523,FALSE,FALSE
2021-11-10,Weddell,0.784679084,-0.2731742818346199,0.2731742818346199,0.29780060706748523,FALSE,FALSE
2021-11-11,Weddell,0.800304602,-0.25096944134567867,0.25096944134567867,0.29780060706748523,FALSE,FALSE
2021-11-12,Weddell,0.814946496,-0.22962062747780643,0.22962062747780643,0.29780060706748523,FALSE,FALSE
2021-11-13,Weddell,0.822869433,-0.21485912742805455,0.21485912742805455,0.29780060706748523,FALSE,FALSE
2021-11-14,Weddell,0.810797128,-0.2199492023603019,0.2199492023603019,0.29780060706748523,FALSE,FALSE
2021-11-15,Weddell,0.80156836,-0.22203939138212936,0.22203939138212936,0.29780060706748523,FALSE,FALSE
2021-11-16,Weddell,0.794843423,-0.2214567186011166,0.2214567186011166,0.29780060706748523,FALSE,FALSE
2021-11-17,Weddell,0.793134746,-0.2156760731248435,0.2156760731248435,0.29780060706748523,FALSE,FALSE
2021-11-18,Weddell,0.78778781,-0.21333929206089053,0.21333929206089053,0.29780060706748523,FALSE,FALSE
2021-11-19,Weddell,0.793721699,-0.19951460951683797,0.19951460951683797,0.29780060706748523,FALSE,FALSE
2021-11-20,Weddell,0.80289921,-0.18222654660026572,0.18222654660026572,0.29780060706748523,FALSE,FALSE
2021-11-21,Weddell,0.829031112,-0.14775165241875432,0.14775165241875432,0.29780060706748523,FALSE,FALSE
2021-11-22,Weddell,0.823115416,-0.14507923407988366,0.14507923407988366,0.29780060706748523,FALSE,FALSE
2021-11-23,Weddell,0.801110878,-0.1582378536912339,0.1582378536912339,0.29780060706748523,FALSE,FALSE
2021-11-24,Weddell,0.77962246,-0.1706098673603853,0.1706098673603853,0.29780060706748523,FALSE,FALSE
2021-11-25,Weddell,0.766567239,-0.17426790080118226,0.17426790080118226,0.29780060706748523,FALSE,FALSE
2021-11-26,Weddell,0.746711065,-0.18445597532773084,0.18445597532773084,0.29780060706748523,FALSE,FALSE
2021-11-27,Weddell,0.727654514,-0.19359352754922063,0.19359352754922063,0.29780060706748523,FALSE,FALSE
2021-11-28,Weddell,0.693795718,-0.2173025148892651,0.2173025148892651,0.29780060706748523,FALSE,FALSE
2021-11-29,Weddell,0.668455244,-0.23228245977147477,0.23228245977147477,0.29780060706748523,FALSE,FALSE
2021-11-30,Weddell,0.657909183,-0.23227736061946136,0.23227736061946136,0.29780060706748523,FALSE,FALSE
2021-12-01,Weddell,0.646575218,-0.2328896238568373,0.2328896238568373,0.29780060706748523,FALSE,FALSE
2021-12-02,Weddell,0.642850005,-0.22574268290721425,0.22574268290721425,0.29780060706748523,FALSE,FALSE
2021-12-03,Weddell,0.663796131,-0.19379404019420332,0.19379404019420332,0.29780060706748523,FALSE,FALSE
2021-12-04,Weddell,0.668117755,-0.17835962614141698,0.17835962614141698,0.29780060706748523,FALSE,FALSE
2021-12-05,Weddell,0.662002892,-0.17327151517246697,0.17327151517246697,0.29780060706748523,FALSE,FALSE
2021-12-06,Weddell,0.666409768,-0.1575915707109643,0.1575915707109643,0.29780060706748523,FALSE,FALSE
2021-12-07,Weddell,0.639917406,-0.172760856962083,0.172760856962083,0.29780060706748523,FALSE,FALSE
2021-12-08,Weddell,0.610210611,-0.19111396745675324,0.19111396745675324,0.29780060706748523,FALSE,FALSE
2021-12-09,Weddell,0.603960048,-0.18599797489649603,0.18599797489649603,0.29780060706748523,FALSE,FALSE
2021-12-10,Weddell,0.601548448,-0.17704764064130463,0.17704764064130463,0.29780060706748523,FALSE,FALSE
2021-12-11,Weddell,0.605269654,-0.16198661405116888,0.16198661405116888,0.29780060706748523,FALSE,FALSE
2021-12-12,Weddell,0.610866613,-0.14508944048608086,0.14508944048608086,0.29780060706748523,FALSE,FALSE
2021-12-13,Weddell,0.627151551,-0.11756138630603274,0.11756138630603274,0.29780060706748523,FALSE,FALSE
2021-12-14,Weddell,0.625911272,-0.10763313987101542,0.10763313987101542,0.29780060706748523,FALSE,FALSE
2021-12-15,Weddell,0.632117493,-0.09035047654102056,0.09035047654102056,0.29780060706748523,FALSE,FALSE
2021-12-16,Weddell,0.635886163,-0.07561493967604005,0.07561493967604005,0.29780060706748523,FALSE,FALSE
2021-12-17,Weddell,0.617967419,-0.0826938846360653,0.0826938846360653,0.29780060706748523,FALSE,FALSE
2021-12-18,Weddell,0.619174983,-0.0707910817810875,0.0707910817810875,0.29780060706748523,FALSE,FALSE
2021-12-19,Weddell,0.609875059,-0.06955781947109885,0.06955781947109885,0.29780060706748523,FALSE,FALSE
2021-12-20,Weddell,0.608041219,-0.06103743295367025,0.06103743295367025,0.29780060706748523,FALSE,FALSE
2021-12-21,Weddell,0.603711932,-0.05519910872118228,0.05519910872118228,0.29780060706748523,FALSE,FALSE
2021-12-22,Weddell,0.600601227,-0.048329088320756,0.048329088320756,0.29780060706748523,FALSE,FALSE
2021-12-23,Weddell,0.602467782,-0.03666875850381301,0.03666875850381301,0.29780060706748523,FALSE,FALSE
2021-12-24,Weddell,0.604374298,-0.0251554830217765,0.0251554830217765,0.29780060706748523,FALSE,FALSE
2021-12-25,Weddell,0.606265289,-0.01384481262606851,0.01384481262606851,0.29780060706748523,FALSE,FALSE
2021-12-26,Weddell,0.606290249,-0.00458731806811307,0.00458731806811307,0.29780060706748523,FALSE,FALSE
2021-12-27,Weddell,0.608119844,0.00628760190066812,0.00628760190066812,0.29780060706748523,FALSE,FALSE
2021-12-28,Weddell,0.613097608,0.02012341652885319,0.02012341652885319,0.29780060706748523,FALSE,FALSE
2021-12-29,Weddell,0.60446931,0.02016583006501848,0.02016583006501848,0.29780060706748523,FALSE,FALSE
2021-12-30,Weddell,0.590830747,0.01501057475774048,0.01501057475774048,0.29780060706748523,FALSE,FALSE
2021-12-31,Weddell,0.5914393,0.02391496685559857,0.02391496685559857,0.29780060706748523,FALSE,FALSE
2022-01-01,Weddell,0.588965343,0.02954931560716944,0.02954931560716944,0.29780060706748523,FALSE,FALSE
2022-01-02,Weddell,0.586479025,0.03498505812543351,0.03498505812543351,0.29780060706748523,FALSE,FALSE
2022-01-03,Weddell,0.590228958,0.04647750598098932,0.04647750598098932,0.29780060706748523,FALSE,FALSE
2022-01-04,Weddell,0.591482644,0.05530221360883758,0.05530221360883758,0.29780060706748523,FALSE,FALSE
2022-01-05,Weddell,0.580790808,0.05201795844398194,0.05201795844398194,0.29780060706748523,FALSE,FALSE
2022-01-06,Weddell,0.569653247,0.04813258992142089,0.04813258992142089,0.29780060706748523,FALSE,FALSE
2022-01-07,Weddell,0.561585745,0.04716994447615863,0.04716994447615863,0.29780060706748523,FALSE,FALSE
2022-01-08,Weddell,0.552140567,0.0446903395431959,0.0446903395431959,0.29780060706748523,FALSE,FALSE
2022-01-09,Weddell,0.511913765,0.0112978795575328,0.0112978795575328,0.29780060706748523,FALSE,FALSE
2022-01-10,Weddell,0.49695148,0.00304675795417352,0.00304675795417352,0.29780060706748523,FALSE,FALSE
2022-01-11,Weddell,0.491245457,0.00393677216811766,0.00393677216811766,0.29780060706748523,FALSE,FALSE
2022-01-12,Weddell,0.489988327,0.00916860563436822,0.00916860563436822,0.29780060706748523,FALSE,FALSE
2022-01-13,Weddell,0.480646978,0.00621719878792553,0.00621719878792553,0.29780060706748523,FALSE,FALSE
2022-01-14,Weddell,0.480064043,0.0119332535063335,0.0119332535063335,0.29780060706748523,FALSE,FALSE
2022-01-15,Weddell,0.470625292,0.00871119870507164,0.00871119870507164,0.29780060706748523,FALSE,FALSE
2022-01-16,Weddell,0.454206558,-0.0015637345091794,0.0015637345091794,0.29780060706748523,FALSE,FALSE
2022-01-17,Weddell,0.462933607,0.013243664719222,0.013243664719222,0.29780060706748523,FALSE,FALSE
2022-01-18,Weddell,0.445956614,0.0022930162459176,0.0022930162459176,0.29780060706748523,FALSE,FALSE
2022-01-19,Weddell,0.42967882,-0.00800299407345078,0.00800299407345078,0.29780060706748523,FALSE,FALSE
2022-01-20,Weddell,0.420910768,-0.01082437838324074,0.01082437838324074,0.29780060706748523,FALSE,FALSE
2022-01-21,Weddell,0.415817522,-0.00999662782781091,0.00999662782781091,0.29780060706748523,FALSE,FALSE
2022-01-22,Weddell,0.410132874,-0.00977650555151898,0.00977650555151898,0.29780060706748523,FALSE,FALSE
2022-01-23,Weddell,0.404528742,-0.0094826486987235,0.0094826486987235,0.29780060706748523,FALSE,FALSE
2022-01-24,Weddell,0.400799393,-0.00731134541378208,0.00731134541378208,0.29780060706748523,FALSE,FALSE
2022-01-25,Weddell,0.39702328,-0.00517469784105339,0.00517469784105339,0.29780060706748523,FALSE,FALSE
2022-01-26,Weddell,0.398384138,0.00212047387510566,0.00212047387510566,0.29780060706748523,FALSE,FALSE
2022-01-27,Weddell,0.394603024,0.00430199943340792,0.00430199943340792,0.29780060706748523,FALSE,FALSE
2022-01-28,Weddell,0.38335099,-9.7038552396167e-4,9.7038552396167e-4,0.29780060706748523,FALSE,FALSE
2022-01-29,Weddell,0.366560614,-0.01178292010550058,0.01178292010550058,0.29780060706748523,FALSE,FALSE
2022-01-30,Weddell,0.359771205,-0.01261513658200513,0.01261513658200513,0.29780060706748523,FALSE,FALSE
2022-01-31,Weddell,0.355418162,-0.01105047722427099,0.01105047722427099,0.29780060706748523,FALSE,FALSE
2022-02-01,Weddell,0.360386399,-2.2286930309489697e-4,2.2286930309489697e-4,0.29780060706748523,FALSE,FALSE
2022-02-02,Weddell,0.365192917,0.01036584691072756,0.01036584691072756,0.29780060706748523,FALSE,FALSE
2022-02-03,Weddell,0.367622291,0.01848140514640006,0.01848140514640006,0.29780060706748523,FALSE,FALSE
2022-02-04,Weddell,0.366383355,0.02281379813312645,0.02281379813312645,0.29780060706748523,FALSE,FALSE
2022-02-05,Weddell,0.358946546,0.02081462160011088,0.02081462160011088,0.29780060706748523,FALSE,FALSE
2022-02-06,Weddell,0.346482965,0.01363613527655704,0.01363613527655704,0.29780060706748523,FALSE,FALSE
2022-02-07,Weddell,0.316452019,-0.01128109510833125,0.01128109510833125,0.29780060706748523,FALSE,FALSE
2022-02-08,Weddell,0.322841413,3.18184948729372e-5,3.18184948729372e-5,0.29780060706748523,FALSE,FALSE
2022-02-09,Weddell,0.319750356,0.00165847897224041,0.00165847897224041,0.29780060706748523,FALSE,FALSE
2022-02-10,Weddell,0.32545662,0.01186743779277216,0.01186743779277216,0.29780060706748523,FALSE,FALSE
2022-02-11,Weddell,0.318639846,0.00932987041594124,0.00932987041594124,0.29780060706748523,FALSE,FALSE
2022-02-12,Weddell,0.304830572,-4.321506987779444e-4,4.321506987779444e-4,0.29780060706748523,FALSE,FALSE
2022-02-13,Weddell,0.306709408,0.00525351890808784,0.00525351890808784,0.29780060706748523,FALSE,FALSE
2022-02-14,Weddell,0.306053617,0.00815567669601269,0.00815567669601269,0.29780060706748523,FALSE,FALSE
2022-02-15,Weddell,0.298490076,0.00389273412447022,0.00389273412447022,0.29780060706748523,FALSE,FALSE
2022-02-16,Weddell,0.292202369,6.398096529340314e-4,6.398096529340314e-4,0.29780060706748523,FALSE,FALSE
2022-02-17,Weddell,0.290952272,0.00215021374087809,0.00215021374087809,0.29780060706748523,FALSE,FALSE
2022-02-18,Weddell,0.288998146,0.00267384184777563,0.00267384184777563,0.29780060706748523,FALSE,FALSE
2022-02-19,Weddell,0.286447351,0.00230958843310069,0.00230958843310069,0.29780060706748523,FALSE,FALSE
2022-02-20,Weddell,0.277646928,-0.00460397104367266,0.00460397104367266,0.29780060706748523,FALSE,FALSE
2022-02-21,Weddell,0.277000958,-0.00367074870243383,0.00367074870243383,0.29780060706748523,FALSE,FALSE
2022-02-22,Weddell,0.281393574,0.00199112279144542,0.00199112279144542,0.29780060706748523,FALSE,FALSE
2022-02-23,Weddell,0.282060538,0.00361894992527567,0.00361894992527567,0.29780060706748523,FALSE,FALSE
2022-02-24,Weddell,0.285812422,0.00802491806238875,0.00802491806238875,0.29780060706748523,FALSE,FALSE
2022-02-25,Weddell,0.287069343,0.00963075756611714,0.00963075756611714,0.29780060706748523,FALSE,FALSE
2022-02-26,Weddell,0.288335855,0.01094263579979315,0.01094263579979315,0.29780060706748523,FALSE,FALSE
2022-02-27,Weddell,0.279584661,0.00193486912674956,0.00193486912674956,0.29780060706748523,FALSE,FALSE
2022-02-28,Weddell,0.288388886,0.01018219591031849,0.01018219591031849,0.29780060706748523,FALSE,FALSE
2022-03-01,Weddell,0.277093842,-0.00196845848616794,0.00196845848616794,0.29780060706748523,FALSE,FALSE
2022-03-02,Weddell,0.265829632,-0.01438537769937692,0.01438537769937692,0.29780060706748523,FALSE,FALSE
2022-03-03,Weddell,0.268996126,-0.01266707836597619,0.01266707836597619,0.29780060706748523,FALSE,FALSE
2022-03-04,Weddell,0.269635287,-0.01376998412263319,0.01376998412263319,0.29780060706748523,FALSE,FALSE
2022-03-05,Weddell,0.267142153,-0.01829744273392347,0.01829744273392347,0.29780060706748523,FALSE,FALSE
2022-03-06,Weddell,0.262112485,-0.02564883489096597,0.02564883489096597,0.29780060706748523,FALSE,FALSE
2022-03-07,Weddell,0.258364135,-0.03199088881397044,0.03199088881397044,0.29780060706748523,FALSE,FALSE
2022-03-08,Weddell,0.247106765,-0.04609637704963976,0.04609637704963976,0.29780060706748523,FALSE,FALSE
2022-03-09,Weddell,0.232710104,-0.06357800514467812,0.06357800514467812,0.29780060706748523,FALSE,FALSE
2022-03-10,Weddell,0.225149368,-0.07444299164578996,0.07444299164578996,0.29780060706748523,FALSE,FALSE
2022-03-11,Weddell,0.220144563,-0.0829537650996783,0.0829537650996783,0.29780060706748523,FALSE,FALSE
2022-03-12,Weddell,0.218894754,-0.08789369505304692,0.08789369505304692,0.29780060706748523,FALSE,FALSE
2022-03-13,Weddell,0.218276019,-0.0923691380526005,0.0923691380526005,0.29780060706748523,FALSE,FALSE
2022-03-14,Weddell,0.22393908,-0.09071180664504208,0.09071180664504208,0.29780060706748523,FALSE,FALSE
2022-03-15,Weddell,0.241588313,-0.0771997593770758,0.0771997593770758,0.29780060706748523,FALSE,FALSE
2022-03-16,Weddell,0.237189663,-0.08584948579540558,0.08584948579540558,0.29780060706748523,FALSE,FALSE
2022-03-17,Weddell,0.232162252,-0.09522429844673508,0.09522429844673508,0.29780060706748523,FALSE,FALSE
2022-03-18,Weddell,0.220840596,-0.11097239464265236,0.11097239464265236,0.29780060706748523,FALSE,FALSE
2022-03-19,Weddell,0.222723833,-0.113584311807109,0.113584311807109,0.29780060706748523,FALSE,FALSE
2022-03-20,Weddell,0.223991107,-0.116877863791897,0.116877863791897,0.29780060706748523,FALSE,FALSE
2022-03-21,Weddell,0.23154415,-0.1139486193174275,0.1139486193174275,0.29780060706748523,FALSE,FALSE
2022-03-22,Weddell,0.256144553,-0.09403228810411124,0.09403228810411124,0.29780060706748523,FALSE,FALSE
2022-03-23,Weddell,0.253643182,-0.10127530487235886,0.10127530487235886,0.29780060706748523,FALSE,FALSE
2022-03-24,Weddell,0.24422119,-0.11549381734258092,0.11549381734258092,0.29780060706748523,FALSE,FALSE
2022-03-25,Weddell,0.260599886,-0.10396381723518794,0.10396381723518794,0.29780060706748523,FALSE,FALSE
2022-03-26,Weddell,0.266811876,-0.10264999927059126,0.10264999927059126,0.29780060706748523,FALSE,FALSE
2022-03-27,Weddell,0.27996354,-0.09444328416920134,0.09444328416920134,0.29780060706748523,FALSE,FALSE
2022-03-28,Weddell,0.294664901,-0.08473094965142874,0.08473094965142874,0.29780060706748523,FALSE,FALSE
2022-03-29,Weddell,0.27395533,-0.11047092543768389,0.11047092543768389,0.29780060706748523,FALSE,FALSE
2022-03-30,Weddell,0.269532875,-0.11996246424837805,0.11996246424837805,0.29780060706748523,FALSE,FALSE
2022-03-31,Weddell,0.242418708,-0.15218334599160235,0.15218334599160235,0.29780060706748523,FALSE,FALSE
2022-04-01,Weddell,0.24485765,-0.15489672702217408,0.15489672702217408,0.29780060706748523,FALSE,FALSE
2022-04-02,Weddell,0.241734518,-0.16322883595786358,0.16322883595786358,0.29780060706748523,FALSE,FALSE
2022-04-03,Weddell,0.248642873,-0.16159715995297186,0.16159715995297186,0.29780060706748523,FALSE,FALSE
2022-04-04,Weddell,0.285152028,-0.13044343416179988,0.13044343416179988,0.29780060706748523,FALSE,FALSE
2022-04-05,Weddell,0.319089004,-0.10195168573864882,0.10195168573864882,0.29780060706748523,FALSE,FALSE
2022-04-06,Weddell,0.316600526,-0.10998623783781852,0.10998623783781852,0.29780060706748523,FALSE,FALSE
2022-04-07,Weddell,0.309199411,-0.12304532161361108,0.12304532161361108,0.29780060706748523,FALSE,FALSE
2022-04-08,Weddell,0.289097049,-0.14892859522032648,0.14892859522032648,0.29780060706748523,FALSE,FALSE
2022-04-09,Weddell,0.261416358,-0.1825241888122665,0.1825241888122665,0.29780060706748523,FALSE,FALSE
2022-04-10,Weddell,0.240676027,-0.2093244615437312,0.2093244615437312,0.29780060706748523,FALSE,FALSE
2022-04-11,Weddell,0.265869161,-0.19034735656902255,0.19034735656902255,0.29780060706748523,FALSE,FALSE
2022-04-12,Weddell,0.301615011,-0.1609845043398257,0.1609845043398257,0.29780060706748523,FALSE,FALSE
2022-04-13,Weddell,0.352525425,-0.11662305737360462,0.11662305737360462,0.29780060706748523,FALSE,FALSE
2022-04-14,Weddell,0.379461953,-0.0963808805743197,0.0963808805743197,0.29780060706748523,FALSE,FALSE
2022-04-15,Weddell,0.408884789,-0.07377536546195496,0.07377536546195496,0.29780060706748523,FALSE,FALSE
2022-04-16,Weddell,0.408904849,-0.08067318155649594,0.08067318155649594,0.29780060706748523,FALSE,FALSE
2022-04-17,Weddell,0.389543371,-0.10703067637792762,0.10703067637792762,0.29780060706748523,FALSE,FALSE
2022-04-18,Weddell,0.364475085,-0.1391507054462348,0.1391507054462348,0.29780060706748523,FALSE,FALSE
2022-04-19,Weddell,0.349413731,-0.16129711428140264,0.16129711428140264,0.29780060706748523,FALSE,FALSE
2022-04-20,Weddell,0.329962633,-0.18784416440341617,0.18784416440341617,0.29780060706748523,FALSE,FALSE
2022-04-21,Weddell,0.323628037,-0.20126319533226045,0.20126319533226045,0.29780060706748523,FALSE,FALSE
2022-04-22,Weddell,0.347418794,-0.1845229415879206,0.1845229415879206,0.29780060706748523,FALSE,FALSE
2022-04-23,Weddell,0.391929324,-0.1470065686903813,0.1470065686903813,0.29780060706748523,FALSE,FALSE
2022-04-24,Weddell,0.423252715,-0.12259857415962833,0.12259857415962833,0.29780060706748523,FALSE,FALSE
2022-04-25,Weddell,0.437596074,-0.11507145391957652,0.11507145391957652,0.29780060706748523,FALSE,FALSE
2022-04-26,Weddell,0.446953726,-0.11242964611227464,0.11242964611227464,0.29780060706748523,FALSE,FALSE
2022-04-27,Weddell,0.454422164,-0.111586008928368,0.111586008928368,0.29780060706748523,FALSE,FALSE
2022-04-28,Weddell,0.455059769,-0.11749162409190084,0.11749162409190084,0.29780060706748523,FALSE,FALSE
2022-04-29,Weddell,0.440685714,-0.13833678132691762,0.13833678132691762,0.29780060706748523,FALSE,FALSE
2022-04-30,Weddell,0.425065441,-0.1603655013574633,0.1603655013574633,0.29780060706748523,FALSE,FALSE
2022-05-01,Weddell,0.381950323,-0.20983587390758185,0.20983587390758185,0.29780060706748523,FALSE,FALSE
2022-05-02,Weddell,0.366321018,-0.23177670370131792,0.23177670370131792,0.29780060706748523,FALSE,FALSE
2022-05-03,Weddell,0.375097751,-0.2292772284627156,0.2292772284627156,0.29780060706748523,FALSE,FALSE
2022-05-04,Weddell,0.427674721,-0.1829527119158195,0.1829527119158195,0.29780060706748523,FALSE,FALSE
2022-05-05,Weddell,0.47259023,-0.14427431478467467,0.14427431478467467,0.29780060706748523,FALSE,FALSE
2022-05-06,Weddell,0.493799035,-0.12929674279332504,0.12929674279332504,0.29780060706748523,FALSE,FALSE
2022-05-07,Weddell,0.501330591,-0.12800001149439244,0.12800001149439244,0.29780060706748523,FALSE,FALSE
2022-05-08,Weddell,0.491994585,-0.14358826899481664,0.14358826899481664,0.29780060706748523,FALSE,FALSE
2022-05-09,Weddell,0.471409253,-0.17046873054279305,0.17046873054279305,0.29780060706748523,FALSE,FALSE
2022-05-10,Weddell,0.425191846,-0.22305150766033735,0.22305150766033735,0.29780060706748523,FALSE,FALSE
2022-05-11,Weddell,0.38829287,-0.26641345686946705,0.26641345686946705,0.29780060706748523,FALSE,FALSE
2022-05-12,Weddell,0.380126531,-0.2811677346921973,0.2811677346921973,0.29780060706748523,FALSE,FALSE
2022-05-13,Weddell,0.359393396,-0.30864113665054616,0.30864113665054616,0.29780060706748523,TRUE,TRUE
2022-05-14,Weddell,0.338631499,-0.3363229912665292,0.3363229912665292,0.29780060706748523,TRUE,TRUE
2022-05-15,Weddell,0.347957284,-0.33412421706216294,0.33412421706216294,0.29780060706748523,TRUE,TRUE
2022-05-16,Weddell,0.36052106,-0.328921867559464,0.328921867559464,0.29780060706748523,TRUE,TRUE
2022-05-17,Weddell,0.359272309,-0.33779382328044855,0.33779382328044855,0.29780060706748523,TRUE,TRUE
2022-05-18,Weddell,0.352946769,-0.3520317087471334,0.3520317087471334,0.29780060706748523,TRUE,TRUE
2022-05-19,Weddell,0.391918396,-0.32128893048153473,0.32128893048153473,0.29780060706748523,TRUE,TRUE
2022-05-20,Weddell,0.395645903,-0.3261322583425271,0.3261322583425271,0.29780060706748523,TRUE,TRUE
2022-05-21,Weddell,0.418161222,-0.3125209443845666,0.3125209443845666,0.29780060706748523,TRUE,TRUE
2022-05-22,Weddell,0.445646231,-0.2942343283527392,0.2942343283527392,0.29780060706748523,FALSE,FALSE
2022-05-23,Weddell,0.468103677,-0.2812298727841439,0.2812298727841439,0.29780060706748523,FALSE,FALSE
2022-05-24,Weddell,0.51058153,-0.24841981721587791,0.24841981721587791,0.29780060706748523,FALSE,FALSE
2022-05-25,Weddell,0.542385928,-0.22645823318503877,0.22645823318503877,0.29780060706748523,FALSE,FALSE
2022-05-26,Weddell,0.577166471,-0.2016557302287252,0.2016557302287252,0.29780060706748523,FALSE,FALSE
2022-05-27,Weddell,0.585211122,-0.20368455488403436,0.20368455488403436,0.29780060706748523,FALSE,FALSE
2022-05-28,Weddell,0.581463858,-0.2175609396880649,0.2175609396880649,0.29780060706748523,FALSE,FALSE
2022-05-29,Weddell,0.571489125,-0.23768064817791357,0.23768064817791357,0.29780060706748523,FALSE,FALSE
2022-05-30,Weddell,0.548389229,-0.2709015838906793,0.2709015838906793,0.29780060706748523,FALSE,FALSE
2022-05-31,Weddell,0.550324313,-0.27902381336345927,0.27902381336345927,0.29780060706748523,FALSE,FALSE
2022-06-01,Weddell,0.533573725,-0.30572819813335184,0.30572819813335184,0.29780060706748523,TRUE,FALSE
2022-06-02,Weddell,0.557917696,-0.2912029054169507,0.2912029054169507,0.29780060706748523,FALSE,FALSE
2022-06-03,Weddell,0.625650998,-0.233157888624398,0.233157888624398,0.29780060706748523,FALSE,FALSE
2022-06-04,Weddell,0.686378971,-0.1820026033914044,0.1820026033914044,0.29780060706748523,FALSE,FALSE
2022-06-05,Weddell,0.71669138,-0.16116208072670624,0.16116208072670624,0.29780060706748523,FALSE,FALSE
2022-06-06,Weddell,0.732749644,-0.15448969763904186,0.15448969763904186,0.29780060706748523,FALSE,FALSE
2022-06-07,Weddell,0.739548494,-0.1570055191371467,0.1570055191371467,0.29780060706748523,FALSE,FALSE
2022-06-08,Weddell,0.763026603,-0.1427856682297595,0.1427856682297595,0.29780060706748523,FALSE,FALSE
2022-06-09,Weddell,0.772240116,-0.14278879592561633,0.14278879592561633,0.29780060706748523,FALSE,FALSE
2022-06-10,Weddell,0.773454806,-0.15076392523345472,0.15076392523345472,0.29780060706748523,FALSE,FALSE
2022-06-11,Weddell,0.790079226,-0.14331729916201086,0.14331729916201086,0.29780060706748523,FALSE,FALSE
2022-06-12,Weddell,0.807368088,-0.13520900172002293,0.13520900172002293,0.29780060706748523,FALSE,FALSE
2022-06-13,Weddell,0.826475101,-0.12530011991622758,0.12530011991622758,0.29780060706748523,FALSE,FALSE
2022-06-14,Weddell,0.859776916,-0.10122838437945114,0.10122838437945114,0.29780060706748523,FALSE,FALSE
2022-06-15,Weddell,0.871458657,-0.09880478515347092,0.09880478515347092,0.29780060706748523,FALSE,FALSE
2022-06-16,Weddell,0.897264509,-0.08225619079297208,0.08225619079297208,0.29780060706748523,FALSE,FALSE
2022-06-17,Weddell,0.909531477,-0.07921483417746922,0.07921483417746922,0.29780060706748523,FALSE,FALSE
2022-06-18,Weddell,0.913208608,-0.08470090618648307,0.08470090618648307,0.29780060706748523,FALSE,FALSE
2022-06-19,Weddell,0.915665609,-0.091313937699529,0.091313937699529,0.29780060706748523,FALSE,FALSE
2022-06-20,Weddell,0.918723147,-0.0972024995961248,0.0972024995961248,0.29780060706748523,FALSE,FALSE
2022-06-21,Weddell,0.916856589,-0.10786046275578842,0.10786046275578842,0.29780060706748523,FALSE,FALSE
2022-06-22,Weddell,0.910051484,-0.12327151605803643,0.12327151605803643,0.29780060706748523,FALSE,FALSE
2022-06-23,Weddell,0.882926988,-0.15878574138238688,0.15878574138238688,0.29780060706748523,FALSE,FALSE
2022-06-24,Weddell,0.854610138,-0.1952453396083571,0.1952453396083571,0.29780060706748523,FALSE,FALSE
2022-06-25,Weddell,0.827545186,-0.23017529661546465,0.23017529661546465,0.29780060706748523,FALSE,FALSE
2022-06-26,Weddell,0.825817664,-0.23945931828322709,0.23945931828322709,0.29780060706748523,FALSE,FALSE
2022-06-27,Weddell,0.848691163,-0.22380717586761323,0.22380717586761323,0.29780060706748523,FALSE,FALSE
2022-06-28,Weddell,0.881310842,-0.19807823849711512,0.19807823849711512,0.29780060706748523,FALSE,FALSE
2022-06-29,Weddell,0.900340114,-0.18562786221245545,0.18562786221245545,0.29780060706748523,FALSE,FALSE
2022-06-30,Weddell,0.908885312,-0.18336855627415735,0.18336855627415735,0.29780060706748523,FALSE,FALSE
2022-07-01,Weddell,0.910052029,-0.1882135699427443,0.1882135699427443,0.29780060706748523,FALSE,FALSE
2022-07-02,Weddell,0.898373143,-0.20564886747873945,0.20564886747873945,0.29780060706748523,FALSE,FALSE
2022-07-03,Weddell,0.886781012,-0.22276093314266532,0.22276093314266532,0.29780060706748523,FALSE,FALSE
2022-07-04,Weddell,0.898382514,-0.21646173119504689,0.21646173119504689,0.29780060706748523,FALSE,FALSE
2022-07-05,Weddell,0.931538431,-0.18840932189640636,0.18840932189640636,0.29780060706748523,FALSE,FALSE
2022-07-06,Weddell,0.963422281,-0.16144902950726692,0.16144902950726692,0.29780060706748523,FALSE,FALSE
2022-07-07,Weddell,1.005625023,-0.12400873728815263,0.12400873728815263,0.29780060706748523,FALSE,FALSE
2022-07-08,Weddell,1.047190181,-0.087063763499587,0.087063763499587,0.29780060706748523,FALSE,FALSE
2022-07-09,Weddell,1.053159563,-0.08559113486687941,0.08559113486687941,0.29780060706748523,FALSE,FALSE
2022-07-10,Weddell,1.015739532,-0.127401857551243,0.127401857551243,0.29780060706748523,FALSE,FALSE
2022-07-11,Weddell,1.000574193,-0.14686598836431752,0.14686598836431752,0.29780060706748523,FALSE,FALSE
2022-07-12,Weddell,1.008589099,-0.14307171166894528,0.14307171166894528,0.29780060706748523,FALSE,FALSE
2022-07-13,Weddell,0.990073833,-0.16574318182796854,0.16574318182796854,0.29780060706748523,FALSE,FALSE
2022-07-14,Weddell,0.950078198,-0.2098443332042298,0.2098443332042298,0.29780060706748523,FALSE,FALSE
2022-07-15,Weddell,0.896615613,-0.26737548416057266,0.26737548416057266,0.29780060706748523,FALSE,FALSE
2022-07-16,Weddell,0.903701042,-0.264335408059839,0.264335408059839,0.29780060706748523,FALSE,FALSE
2022-07-17,Weddell,1.009247576,-0.16282475126487284,0.16282475126487284,0.29780060706748523,FALSE,FALSE
2022-07-18,Weddell,1.070945377,-0.10516708913851436,0.10516708913851436,0.29780060706748523,FALSE,FALSE
2022-07-19,Weddell,1.100145062,-0.08002554204360912,0.08002554204360912,0.29780060706748523,FALSE,FALSE
2022-07-20,Weddell,1.123244812,-0.06101566634299726,0.06101566634299726,0.29780060706748523,FALSE,FALSE
2022-07-21,Weddell,1.126768177,-0.06162764939952314,0.06162764939952314,0.29780060706748523,FALSE,FALSE
2022-07-22,Weddell,1.116299628,-0.07628971412534358,0.07628971412534358,0.29780060706748523,FALSE,FALSE
2022-07-23,Weddell,1.083289181,-0.11355013641565526,0.11355013641565526,0.29780060706748523,FALSE,FALSE
2022-07-24,Weddell,1.06088186,-0.14025168596393844,0.14025168596393844,0.29780060706748523,FALSE,FALSE
2022-07-25,Weddell,1.048636897,-0.15682268632360774,0.15682268632360774,0.29780060706748523,FALSE,FALSE
2022-07-26,Weddell,1.01254004,-0.19726494504807637,0.19726494504807637,0.29780060706748523,FALSE,FALSE
2022-07-27,Weddell,1.017012692,-0.19714461469076117,0.19714461469076117,0.29780060706748523,FALSE,FALSE
2022-07-28,Weddell,1.009708945,-0.20879515880507515,0.20879515880507515,0.29780060706748523,FALSE,FALSE
2022-07-29,Weddell,1.042898244,-0.17993468794443213,0.17993468794443213,0.29780060706748523,FALSE,FALSE
2022-07-30,Weddell,1.085041785,-0.14208956166224818,0.14208956166224818,0.29780060706748523,FALSE,FALSE
2022-07-31,Weddell,1.148803881,-0.08258302251193794,0.08258302251193794,0.29780060706748523,FALSE,FALSE
2022-08-01,Weddell,1.152425308,-0.08316185004691445,0.08316185004691445,0.29780060706748523,FALSE,FALSE
2022-08-02,Weddell,1.129834172,-0.10988549382059398,0.10988549382059398,0.29780060706748523,FALSE,FALSE
2022-08-03,Weddell,1.071212176,-0.17255980651696334,0.17255980651696334,0.29780060706748523,FALSE,FALSE
2022-08-04,Weddell,1.030222099,-0.21751308978549488,0.21751308978549488,0.29780060706748523,FALSE,FALSE
2022-08-05,Weddell,1.0395714,-0.2120416811877817,0.2120416811877817,0.29780060706748523,FALSE,FALSE
2022-08-06,Weddell,1.040275256,-0.2151370666375536,0.2151370666375536,0.29780060706748523,FALSE,FALSE
2022-08-07,Weddell,1.04417264,-0.21496693604854175,0.21496693604854175,0.29780060706748523,FALSE,FALSE
2022-08-08,Weddell,1.025938162,-0.23686334233447504,0.23686334233447504,0.29780060706748523,FALSE,FALSE
2022-08-09,Weddell,0.983123065,-0.2832817054090855,0.2832817054090855,0.29780060706748523,FALSE,FALSE
2022-08-10,Weddell,0.960999612,-0.30895642518610233,0.30895642518610233,0.29780060706748523,TRUE,TRUE
2022-08-11,Weddell,0.950544757,-0.32291721057925604,0.32291721057925604,0.29780060706748523,TRUE,TRUE
2022-08-12,Weddell,0.945561671,-0.3313675535022774,0.3313675535022774,0.29780060706748523,TRUE,TRUE
2022-08-13,Weddell,0.921489081,-0.358875389868895,0.358875389868895,0.29780060706748523,TRUE,TRUE
2022-08-14,Weddell,0.959161,-0.3246133695928416,0.3246133695928416,0.29780060706748523,TRUE,TRUE
2022-08-15,Weddell,0.943927543,-0.34323804058784657,0.34323804058784657,0.29780060706748523,TRUE,TRUE
2022-08-16,Weddell,0.923153849,-0.36739037781807427,0.36739037781807427,0.29780060706748523,TRUE,TRUE
2022-08-17,Weddell,0.944310889,-0.349589208177322,0.349589208177322,0.29780060706748523,TRUE,TRUE
2022-08-18,Weddell,0.928983483,-0.36822083453005405,0.36822083453005405,0.29780060706748523,TRUE,TRUE
2022-08-19,Weddell,0.86935835,-0.4310686373008523,0.4310686373008523,0.29780060706748523,TRUE,TRUE
2022-08-20,Weddell,0.834208372,-0.46932983391430017,0.46932983391430017,0.29780060706748523,TRUE,TRUE
2022-08-21,Weddell,0.789166281,-0.5173417917949819,0.5173417917949819,0.29780060706748523,TRUE,TRUE
2022-08-22,Weddell,0.793332369,-0.5159743183674779,0.5159743183674779,0.29780060706748523,TRUE,TRUE
2022-08-23,Weddell,0.860722403,-0.4511817460563734,0.4511817460563734,0.29780060706748523,TRUE,TRUE
2022-08-24,Weddell,0.984942351,-0.3293282062862496,0.3293282062862496,0.29780060706748523,TRUE,TRUE
2022-08-25,Weddell,1.189712482,-0.1266635294816909,0.1266635294816909,0.29780060706748523,FALSE,FALSE
2022-08-26,Weddell,1.23696925,-0.0812213610672794,0.0812213610672794,0.29780060706748523,FALSE,FALSE
2022-08-27,Weddell,1.238158969,-0.08152548646759783,0.08152548646759783,0.29780060706748523,FALSE,FALSE
2022-08-28,Weddell,1.212625194,-0.10820245010722962,0.10820245010722962,0.29780060706748523,FALSE,FALSE
2022-08-29,Weddell,1.16229939,-0.15929656341677334,0.15929656341677334,0.29780060706748523,FALSE,FALSE
2022-08-30,Weddell,1.114872043,-0.20712761994357853,0.20712761994357853,0.29780060706748523,FALSE,FALSE
2022-08-31,Weddell,1.11121041,-0.2108516061551018,0.2108516061551018,0.29780060706748523,FALSE,FALSE
2022-09-01,Weddell,1.142237272,-0.17956900777181395,0.17956900777181395,0.29780060706748523,FALSE,FALSE
2022-09-02,Weddell,1.156200192,-0.16505552851418703,0.16505552851418703,0.29780060706748523,FALSE,FALSE
2022-09-03,Weddell,1.160442079,-0.1599915261026943,0.1599915261026943,0.29780060706748523,FALSE,FALSE
2022-09-04,Weddell,1.170810461,-0.1485527392578061,0.1485527392578061,0.29780060706748523,FALSE,FALSE
2022-09-05,Weddell,1.201897192,-0.11617058069999509,0.11617058069999509,0.29780060706748523,FALSE,FALSE
2022-09-06,Weddell,1.237600967,-0.07896962214973313,0.07896962214973313,0.29780060706748523,FALSE,FALSE
2022-09-07,Weddell,1.211344566,-0.1035503503274926,0.1035503503274926,0.29780060706748523,FALSE,FALSE
2022-09-08,Weddell,1.196237924,-0.1168260969537449,0.1168260969537449,0.29780060706748523,FALSE,FALSE
2022-09-09,Weddell,1.19876183,-0.11233933974896182,0.11233933974896182,0.29780060706748523,FALSE,FALSE
2022-09-10,Weddell,1.204206896,-0.1048226214684158,0.1048226214684158,0.29780060706748523,FALSE,FALSE
2022-09-11,Weddell,1.19875171,-0.10810987982721554,0.10810987982721554,0.29780060706748523,FALSE,FALSE
2022-09-12,Weddell,1.184209323,-0.12038135514367188,0.12038135514367188,0.29780060706748523,FALSE,FALSE
2022-09-13,Weddell,1.173984222,-0.12822382652179587,0.12822382652179587,0.29780060706748523,FALSE,FALSE
2022-09-14,Weddell,1.187961006,-0.11174396106559881,0.11174396106559881,0.29780060706748523,FALSE,FALSE
2022-09-15,Weddell,1.211614279,-0.08545842087909494,0.08545842087909494,0.29780060706748523,FALSE,FALSE
2022-09-16,Weddell,1.223250713,-0.07105180006629386,0.07105180006629386,0.29780060706748523,FALSE,FALSE
2022-09-17,Weddell,1.211085955,-0.08029971773120859,0.08029971773120859,0.29780060706748523,FALSE,FALSE
2022-09-18,Weddell,1.166053783,-0.12225966197785132,0.12225966197785132,0.29780060706748523,FALSE,FALSE
2022-09-19,Weddell,1.113068906,-0.17200818991023326,0.17200818991023326,0.29780060706748523,FALSE,FALSE
2022-09-20,Weddell,1.061268594,-0.22039929763236701,0.22039929763236701,0.29780060706748523,FALSE,FALSE
2022-09-21,Weddell,0.99465297,-0.2834241282482637,0.2834241282482637,0.29780060706748523,FALSE,FALSE
2022-09-22,Weddell,0.968848947,-0.30544703486193636,0.30544703486193636,0.29780060706748523,TRUE,FALSE
2022-09-23,Weddell,0.958821132,-0.3114968395230975,0.3114968395230975,0.29780060706748523,TRUE,FALSE
2022-09-24,Weddell,0.973538186,-0.29262146704850533,0.29262146704850533,0.29780060706748523,FALSE,FALSE
2022-09-25,Weddell,1.000040263,-0.2618113965057751,0.2618113965057751,0.29780060706748523,FALSE,FALSE
2022-09-26,Weddell,0.995840259,-0.2615845620609485,0.2615845620609485,0.29780060706748523,FALSE,FALSE
2022-09-27,Weddell,0.966958243,-0.2859517248800666,0.2859517248800666,0.29780060706748523,FALSE,FALSE
2022-09-28,Weddell,0.926357106,-0.32198082412917284,0.32198082412917284,0.29780060706748523,TRUE,FALSE
2022-09-29,Weddell,0.913134973,-0.3306045649743077,0.3306045649743077,0.29780060706748523,TRUE,FALSE
2022-09-30,Weddell,0.924004204,-0.3151414175815135,0.3151414175815135,0.29780060706748523,TRUE,FALSE
2022-10-01,Weddell,0.941801788,-0.29278522311683197,0.29278522311683197,0.29780060706748523,FALSE,FALSE
2022-10-02,Weddell,0.937546478,-0.29254805874630474,0.29254805874630474,0.29780060706748523,FALSE,FALSE
2022-10-03,Weddell,0.932753395,-0.2929456336359739,0.2929456336359739,0.29780060706748523,FALSE,FALSE
2022-10-04,Weddell,0.902235568,-0.3191957489518822,0.3191957489518822,0.29780060706748523,TRUE,TRUE
2022-10-05,Weddell,0.875184543,-0.3421376789799193,0.3421376789799193,0.29780060706748523,TRUE,TRUE
2022-10-06,Weddell,0.842274511,-0.3711161016835908,0.3711161016835908,0.29780060706748523,TRUE,TRUE
2022-10-07,Weddell,0.853265743,-0.35635445962244783,0.35635445962244783,0.29780060706748523,TRUE,TRUE
2022-10-08,Weddell,0.855127743,-0.35086053074421264,0.35086053074421264,0.29780060706748523,TRUE,TRUE
2022-10-09,Weddell,0.87393148,-0.3285406279966112,0.3285406279966112,0.29780060706748523,TRUE,TRUE
2022-10-10,Weddell,0.918236415,-0.2808125723273651,0.2808125723273651,0.29780060706748523,FALSE,FALSE
2022-10-11,Weddell,0.940901148,-0.2547950456842001,0.2547950456842001,0.29780060706748523,FALSE,FALSE
2022-10-12,Weddell,0.95384224,-0.23854876901483824,0.23854876901483824,0.29780060706748523,FALSE,FALSE
2022-10-13,Weddell,0.941064256,-0.24804645926700464,0.24804645926700464,0.29780060706748523,FALSE,FALSE
2022-10-14,Weddell,0.92059258,-0.2652400143884216,0.2652400143884216,0.29780060706748523,FALSE,FALSE
2022-10-15,Weddell,0.92118059,-0.26135333832681373,0.26135333832681373,0.29780060706748523,FALSE,FALSE
2022-10-16,Weddell,0.916976199,-0.2622158000299042,0.2622158000299042,0.29780060706748523,FALSE,FALSE
2022-10-17,Weddell,0.938613595,-0.2371704934454187,0.2371704934454187,0.29780060706748523,FALSE,FALSE
2022-10-18,Weddell,0.913853765,-0.2584341567983104,0.2584341567983104,0.29780060706748523,FALSE,FALSE
2022-10-19,Weddell,0.938103073,-0.2305875663906063,0.2305875663906063,0.29780060706748523,FALSE,FALSE
2022-10-20,Weddell,0.963957642,-0.20103074048195957,0.20103074048195957,0.29780060706748523,FALSE,FALSE
2022-10-21,Weddell,1.017701245,-0.14347640773283143,0.14347640773283143,0.29780060706748523,FALSE,FALSE
2022-10-22,Weddell,1.037843855,-0.11941109680368368,0.11941109680368368,0.29780060706748523,FALSE,FALSE
2022-10-23,Weddell,1.06020899,-0.0930077913549776,0.0930077913549776,0.29780060706748523,FALSE,FALSE
2022-10-24,Weddell,1.068524829,-0.08053481404717355,0.08053481404717355,0.29780060706748523,FALSE,FALSE
2022-10-25,Weddell,1.063039251,-0.08174078754073344,0.08174078754073344,0.29780060706748523,FALSE,FALSE
2022-10-26,Weddell,1.032659717,-0.1077147524961184,0.1077147524961184,0.29780060706748523,FALSE,FALSE
2022-10-27,Weddell,0.986346103,-0.14949333457379033,0.14949333457379033,0.29780060706748523,FALSE,FALSE
2022-10-28,Weddell,0.969988319,-0.16118312543420843,0.16118312543420843,0.29780060706748523,FALSE,FALSE
2022-10-29,Weddell,0.964606639,-0.1617603527378363,0.1617603527378363,0.29780060706748523,FALSE,FALSE
2022-10-30,Weddell,0.952800289,-0.1686222921451341,0.1686222921451341,0.29780060706748523,FALSE,FALSE
2022-10-31,Weddell,0.936152684,-0.18018268345914568,0.18018268345914568,0.29780060706748523,FALSE,FALSE
2022-11-01,Weddell,0.928677616,-0.1824281043925292,0.1824281043925292,0.29780060706748523,FALSE,FALSE
2022-11-02,Weddell,0.93703729,-0.16869770715324903,0.16869770715324903,0.29780060706748523,FALSE,FALSE
2022-11-03,Weddell,0.95308932,-0.14713523521473493,0.14713523521473493,0.29780060706748523,FALSE,FALSE
2022-11-04,Weddell,0.932555213,-0.16202053905041536,0.16202053905041536,0.29780060706748523,FALSE,FALSE
2022-11-05,Weddell,0.900116453,-0.1886734921337204,0.1886734921337204,0.29780060706748523,FALSE,FALSE
2022-11-06,Weddell,0.892062336,-0.19080615593807715,0.19080615593807715,0.29780060706748523,FALSE,FALSE
2022-11-07,Weddell,0.882256084,-0.1945566659369169,0.1945566659369169,0.29780060706748523,FALSE,FALSE
2022-11-08,Weddell,0.899292282,-0.17133179460366765,0.17133179460366765,0.29780060706748523,FALSE,FALSE
2022-11-09,Weddell,0.893763065,-0.17054076441175903,0.17054076441175903,0.29780060706748523,FALSE,FALSE
2022-11-10,Weddell,0.895683512,-0.1621698538346199,0.1621698538346199,0.29780060706748523,FALSE,FALSE
2022-11-11,Weddell,0.884043457,-0.16723058634567867,0.16723058634567867,0.29780060706748523,FALSE,FALSE
2022-11-12,Weddell,0.87806189,-0.16650523347780644,0.16650523347780644,0.29780060706748523,FALSE,FALSE
2022-11-13,Weddell,0.868965946,-0.16876261442805462,0.16876261442805462,0.29780060706748523,FALSE,FALSE
2022-11-14,Weddell,0.868159165,-0.16258716536030193,0.16258716536030193,0.29780060706748523,FALSE,FALSE
2022-11-15,Weddell,0.88209234,-0.1415154113821293,0.1415154113821293,0.29780060706748523,FALSE,FALSE
2022-11-16,Weddell,0.883808148,-0.13249199360111663,0.13249199360111663,0.29780060706748523,FALSE,FALSE
2022-11-17,Weddell,0.85745675,-0.1513540691248435,0.1513540691248435,0.29780060706748523,FALSE,FALSE
2022-11-18,Weddell,0.841774851,-0.15935225106089046,0.15935225106089046,0.29780060706748523,FALSE,FALSE
2022-11-19,Weddell,0.832827821,-0.160408487516838,0.160408487516838,0.29780060706748523,FALSE,FALSE
2022-11-20,Weddell,0.812246539,-0.1728792176002657,0.1728792176002657,0.29780060706748523,FALSE,FALSE
2022-11-21,Weddell,0.777775579,-0.19900718541875428,0.19900718541875428,0.29780060706748523,FALSE,FALSE
2022-11-22,Weddell,0.765909442,-0.2022852080798837,0.2022852080798837,0.29780060706748523,FALSE,FALSE
2022-11-23,Weddell,0.755910105,-0.20343862669123391,0.20343862669123391,0.29780060706748523,FALSE,FALSE
2022-11-24,Weddell,0.720402516,-0.22982981136038527,0.22982981136038527,0.29780060706748523,FALSE,FALSE
2022-11-25,Weddell,0.717701561,-0.22313357880118223,0.22313357880118223,0.29780060706748523,FALSE,FALSE
2022-11-26,Weddell,0.713334574,-0.2178324663277308,0.2178324663277308,0.29780060706748523,FALSE,FALSE
2022-11-27,Weddell,0.683421703,-0.23782633854922064,0.23782633854922064,0.29780060706748523,FALSE,FALSE
2022-11-28,Weddell,0.675442408,-0.23565582488926504,0.23565582488926504,0.29780060706748523,FALSE,FALSE
2022-11-29,Weddell,0.677785068,-0.22295263577147473,0.22295263577147473,0.29780060706748523,FALSE,FALSE
2022-11-30,Weddell,0.672662177,-0.2175243666194614,0.2175243666194614,0.29780060706748523,FALSE,FALSE
2022-12-01,Weddell,0.682818515,-0.19664632685683725,0.19664632685683725,0.29780060706748523,FALSE,FALSE
2022-12-02,Weddell,0.680638637,-0.18795405090721415,0.18795405090721415,0.29780060706748523,FALSE,FALSE
2022-12-03,Weddell,0.67503554,-0.18255463119420337,0.18255463119420337,0.29780060706748523,FALSE,FALSE
2022-12-04,Weddell,0.65756317500000006,-0.18891420614141696,0.18891420614141696,0.29780060706748523,FALSE,FALSE
2022-12-05,Weddell,0.638300434,-0.1969739731724669,0.1969739731724669,0.29780060706748523,FALSE,FALSE
2022-12-06,Weddell,0.592764703,-0.2312366357109643,0.2312366357109643,0.29780060706748523,FALSE,FALSE
2022-12-07,Weddell,0.572617027,-0.24006123596208304,0.24006123596208304,0.29780060706748523,FALSE,FALSE
2022-12-08,Weddell,0.570724367,-0.23060021145675325,0.23060021145675325,0.29780060706748523,FALSE,FALSE
2022-12-09,Weddell,0.553686727,-0.2362712958964961,0.2362712958964961,0.29780060706748523,FALSE,FALSE
2022-12-10,Weddell,0.510790285,-0.2678058036413046,0.2678058036413046,0.29780060706748523,FALSE,FALSE
2022-12-11,Weddell,0.478380234,-0.28887603405116885,0.28887603405116885,0.29780060706748523,FALSE,FALSE
2022-12-12,Weddell,0.44986875,-0.3060873034860809,0.3060873034860809,0.29780060706748523,TRUE,TRUE
2022-12-13,Weddell,0.430119315,-0.3145936223060327,0.3145936223060327,0.29780060706748523,TRUE,TRUE
2022-12-14,Weddell,0.418354587,-0.3151898248710154,0.3151898248710154,0.29780060706748523,TRUE,TRUE
2022-12-15,Weddell,0.402848848,-0.31961912154102057,0.31961912154102057,0.29780060706748523,TRUE,TRUE
2022-12-16,Weddell,0.386718906,-0.3247821966760401,0.3247821966760401,0.29780060706748523,TRUE,TRUE
2022-12-17,Weddell,0.369908349,-0.33075295463606524,0.33075295463606524,0.29780060706748523,TRUE,TRUE
2022-12-18,Weddell,0.345516613,-0.3444494517810875,0.3444494517810875,0.29780060706748523,TRUE,TRUE
2022-12-19,Weddell,0.328782324,-0.3506505544710989,0.3506505544710989,0.29780060706748523,TRUE,TRUE
2022-12-20,Weddell,0.323700122,-0.34537852995367024,0.34537852995367024,0.29780060706748523,TRUE,TRUE
2022-12-21,Weddell,0.322475132,-0.33643590872118223,0.33643590872118223,0.29780060706748523,TRUE,TRUE
2022-12-22,Weddell,0.316781018,-0.33214929732075593,0.33214929732075593,0.29780060706748523,TRUE,TRUE
2022-12-23,Weddell,0.301905912,-0.33723062850381297,0.33723062850381297,0.29780060706748523,TRUE,TRUE
2022-12-24,Weddell,0.291303956,-0.3382258250217765,0.3382258250217765,0.29780060706748523,TRUE,TRUE
2022-12-25,Weddell,0.269446,-0.3506641016260685,0.3506641016260685,0.29780060706748523,TRUE,TRUE
2022-12-26,Weddell,0.265103804,-0.345773763068113,0.345773763068113,0.29780060706748523,TRUE,TRUE
2022-12-27,Weddell,0.264518679,-0.33731356309933186,0.33731356309933186,0.29780060706748523,TRUE,TRUE
2022-12-28,Weddell,0.249528676,-0.3434455154711468,0.3434455154711468,0.29780060706748523,TRUE,TRUE
2022-12-29,Weddell,0.245289784,-0.33901369593498154,0.33901369593498154,0.29780060706748523,TRUE,TRUE
2022-12-30,Weddell,0.240288525,-0.3355316472422596,0.3355316472422596,0.29780060706748523,TRUE,TRUE
2022-12-31,Weddell,0.23156132200000001,-0.3359630111444014,0.3359630111444014,0.29780060706748523,TRUE,TRUE
2023-01-01,Weddell,0.219618509,-0.33979751839283057,0.33979751839283057,0.29780060706748523,TRUE,TRUE
2023-01-02,Weddell,0.200095756,-0.3513982108745665,0.3513982108745665,0.29780060706748523,TRUE,TRUE
2023-01-03,Weddell,0.200165728,-0.34358572401901066,0.34358572401901066,0.29780060706748523,TRUE,TRUE
2023-01-04,Weddell,0.200165502,-0.33601492839116237,0.33601492839116237,0.29780060706748523,TRUE,TRUE
2023-01-05,Weddell,0.198296953,-0.3304758965560181,0.3304758965560181,0.29780060706748523,TRUE,TRUE
2023-01-06,Weddell,0.192644834,-0.3288758230785791,0.3288758230785791,0.29780060706748523,TRUE,TRUE
2023-01-07,Weddell,0.190745466,-0.3236703345238414,0.3236703345238414,0.29780060706748523,TRUE,TRUE
2023-01-08,Weddell,0.183699315,-0.3237509124568041,0.3237509124568041,0.29780060706748523,TRUE,TRUE
2023-01-09,Weddell,0.182441825,-0.31817406044246715,0.31817406044246715,0.29780060706748523,TRUE,TRUE
2023-01-10,Weddell,0.183104788,-0.3107999340458265,0.3107999340458265,0.29780060706748523,TRUE,TRUE
2023-01-11,Weddell,0.179959329,-0.30734935583188233,0.30734935583188233,0.29780060706748523,TRUE,TRUE
2023-01-12,Weddell,0.179986498,-0.3008332233656318,0.3008332233656318,0.29780060706748523,TRUE,TRUE
2023-01-13,Weddell,0.177458916,-0.29697086321207444,0.29697086321207444,0.29780060706748523,FALSE,FALSE
2023-01-14,Weddell,0.173669537,-0.2944612524936665,0.2944612524936665,0.29780060706748523,FALSE,FALSE
2023-01-15,Weddell,0.167264745,-0.29464934829492834,0.29464934829492834,0.29780060706748523,FALSE,FALSE
2023-01-16,Weddell,0.165949283,-0.2898210095091794,0.2898210095091794,0.29780060706748523,FALSE,FALSE
2023-01-17,Weddell,0.165936265,-0.28375367728077805,0.28375367728077805,0.29780060706748523,FALSE,FALSE
2023-01-18,Weddell,0.164670517,-0.27899308075408236,0.27899308075408236,0.29780060706748523,FALSE,FALSE
2023-01-19,Weddell,0.154555752,-0.2831260620734508,0.2831260620734508,0.29780060706748523,FALSE,FALSE
2023-01-20,Weddell,0.159517737,-0.27221740938324074,0.27221740938324074,0.29780060706748523,FALSE,FALSE
2023-01-21,Weddell,0.157575698,-0.2682384518278109,0.2682384518278109,0.29780060706748523,FALSE,FALSE
2023-01-22,Weddell,0.164533711,-0.25537566855151894,0.25537566855151894,0.29780060706748523,FALSE,FALSE
2023-01-23,Weddell,0.170213686,-0.2437977046987235,0.2437977046987235,0.29780060706748523,FALSE,FALSE
2023-01-24,Weddell,0.160078679,-0.2480320594137821,0.2480320594137821,0.29780060706748523,FALSE,FALSE
2023-01-25,Weddell,0.149922541,-0.25227543684105336,0.25227543684105336,0.29780060706748523,FALSE,FALSE
2023-01-26,Weddell,0.150523334,-0.24574033012489432,0.24574033012489432,0.29780060706748523,FALSE,FALSE
2023-01-27,Weddell,0.14925117,-0.24104985456659211,0.24104985456659211,0.29780060706748523,FALSE,FALSE
2023-01-28,Weddell,0.142304601,-0.24201677452396167,0.24201677452396167,0.29780060706748523,FALSE,FALSE
2023-01-29,Weddell,0.135358136,-0.2429853981055006,0.2429853981055006,0.29780060706748523,FALSE,FALSE
2023-01-30,Weddell,0.134709664,-0.2376766775820051,0.2376766775820051,0.29780060706748523,FALSE,FALSE
2023-01-31,Weddell,0.130913807,-0.23555483222427095,0.23555483222427095,0.29780060706748523,FALSE,FALSE
2023-02-01,Weddell,0.132167231,-0.22844203730309492,0.22844203730309492,0.29780060706748523,FALSE,FALSE
2023-02-02,Weddell,0.127111705,-0.22771536508927245,0.22771536508927245,0.29780060706748523,FALSE,FALSE
2023-02-03,Weddell,0.119573881,-0.22956700485359993,0.22956700485359993,0.29780060706748523,FALSE,FALSE
2023-02-04,Weddell,0.126528157,-0.21704139986687357,0.21704139986687357,0.29780060706748523,FALSE,FALSE
2023-02-05,Weddell,0.120234551,-0.2178973733998891,0.2178973733998891,0.29780060706748523,FALSE,FALSE
2023-02-06,Weddell,0.113335233,-0.21951159672344295,0.21951159672344295,0.29780060706748523,FALSE,FALSE
2023-02-07,Weddell,0.107049215,-0.2206838991083312,0.2206838991083312,0.29780060706748523,FALSE,FALSE
2023-02-08,Weddell,0.094398528,-0.2284110665051271,0.2284110665051271,0.29780060706748523,FALSE,FALSE
2023-02-09,Weddell,0.083088216,-0.2350036610277596,0.2350036610277596,0.29780060706748523,FALSE,FALSE
2023-02-10,Weddell,0.079934982,-0.23365420020722785,0.23365420020722785,0.29780060706748523,FALSE,FALSE
2023-02-11,Weddell,0.085570187,-0.2237397885840587,0.2237397885840587,0.29780060706748523,FALSE,FALSE
2023-02-12,Weddell,0.084958798,-0.22030392469877796,0.22030392469877796,0.29780060706748523,FALSE,FALSE
2023-02-13,Weddell,0.084949765,-0.21650612409191217,0.21650612409191217,0.29780060706748523,FALSE,FALSE
2023-02-14,Weddell,0.084356012,-0.21354192830398733,0.21354192830398733,0.29780060706748523,FALSE,FALSE
2023-02-15,Weddell,0.089413964,-0.20518337787552976,0.20518337787552976,0.29780060706748523,FALSE,FALSE
2023-02-16,Weddell,0.0894161,-0.202146459347066,0.202146459347066,0.29780060706748523,FALSE,FALSE
2023-02-17,Weddell,0.095195304,-0.1936067542591219,0.1936067542591219,0.29780060706748523,FALSE,FALSE
2023-02-18,Weddell,0.093405732,-0.19291857215222435,0.19291857215222435,0.29780060706748523,FALSE,FALSE
2023-02-19,Weddell,0.097801861,-0.18633590156689933,0.18633590156689933,0.29780060706748523,FALSE,FALSE
2023-02-20,Weddell,0.089579042,-0.19267185704367268,0.19267185704367268,0.29780060706748523,FALSE,FALSE
2023-02-21,Weddell,0.092101835,-0.18856987170243383,0.18856987170243383,0.29780060706748523,FALSE,FALSE
2023-02-22,Weddell,0.092107589,-0.18729486220855457,0.18729486220855457,0.29780060706748523,FALSE,FALSE
2023-02-23,Weddell,0.087067151,-0.19137443707472435,0.19137443707472435,0.29780060706748523,FALSE,FALSE
2023-02-24,Weddell,0.087782095,-0.19000540893761125,0.19000540893761125,0.29780060706748523,FALSE,FALSE
2023-02-25,Weddell,0.081501133,-0.19593745243388283,0.19593745243388283,0.29780060706748523,FALSE,FALSE
2023-02-26,Weddell,0.090479999,-0.1869132202002068,0.1869132202002068,0.29780060706748523,FALSE,FALSE
2023-02-27,Weddell,0.084816374,-0.19283341787325045,0.19283341787325045,0.29780060706748523,FALSE,FALSE
2023-02-28,Weddell,0.087399864,-0.19080682608968152,0.19080682608968152,0.29780060706748523,FALSE,FALSE
2023-03-01,Weddell,0.088071646,-0.19099065448616792,0.19099065448616792,0.29780060706748523,FALSE,FALSE
2023-03-02,Weddell,0.089926709,-0.1902883006993769,0.1902883006993769,0.29780060706748523,FALSE,FALSE
2023-03-03,Weddell,0.089243607,-0.1924195973659762,0.1924195973659762,0.29780060706748523,FALSE,FALSE
2023-03-04,Weddell,0.120303946,-0.1631013251226332,0.1631013251226332,0.29780060706748523,FALSE,FALSE
2023-03-05,Weddell,0.131136317,-0.1543032787339235,0.1543032787339235,0.29780060706748523,FALSE,FALSE
2023-03-06,Weddell,0.136782139,-0.150979180890966,0.150979180890966,0.29780060706748523,FALSE,FALSE
2023-03-07,Weddell,0.132915368,-0.15743965581397043,0.15743965581397043,0.29780060706748523,FALSE,FALSE
2023-03-08,Weddell,0.127898682,-0.16530446004963975,0.16530446004963975,0.29780060706748523,FALSE,FALSE
2023-03-09,Weddell,0.123460048,-0.17282806114467814,0.17282806114467814,0.29780060706748523,FALSE,FALSE
2023-03-10,Weddell,0.11334845,-0.18624390964578996,0.18624390964578996,0.29780060706748523,FALSE,FALSE
2023-03-11,Weddell,0.120974718,-0.1821236100996783,0.1821236100996783,0.29780060706748523,FALSE,FALSE
2023-03-12,Weddell,0.131756788,-0.1750316610530469,0.1750316610530469,0.29780060706748523,FALSE,FALSE
2023-03-13,Weddell,0.135454251,-0.1751909060526005,0.1751909060526005,0.29780060706748523,FALSE,FALSE
2023-03-14,Weddell,0.138585234,-0.1760656526450421,0.1760656526450421,0.29780060706748523,FALSE,FALSE
2023-03-15,Weddell,0.139845191,-0.1789428813770758,0.1789428813770758,0.29780060706748523,FALSE,FALSE
2023-03-16,Weddell,0.146125557,-0.17691359179540558,0.17691359179540558,0.29780060706748523,FALSE,FALSE
2023-03-17,Weddell,0.148643932,-0.17874261844673509,0.17874261844673509,0.29780060706748523,FALSE,FALSE
2023-03-18,Weddell,0.151139738,-0.18067325264265235,0.18067325264265235,0.29780060706748523,FALSE,FALSE
2023-03-19,Weddell,0.149228518,-0.18707962680710905,0.18707962680710905,0.29780060706748523,FALSE,FALSE
2023-03-20,Weddell,0.147983975,-0.192884995791897,0.192884995791897,0.29780060706748523,FALSE,FALSE
2023-03-21,Weddell,0.15364157,-0.1918511993174275,0.1918511993174275,0.29780060706748523,FALSE,FALSE
2023-03-22,Weddell,0.161780378,-0.18839646310411123,0.18839646310411123,0.29780060706748523,FALSE,FALSE
2023-03-23,Weddell,0.169261646,-0.1856568408723589,0.1856568408723589,0.29780060706748523,FALSE,FALSE
2023-03-24,Weddell,0.174219905,-0.18549510234258093,0.18549510234258093,0.29780060706748523,FALSE,FALSE
2023-03-25,Weddell,0.187935474,-0.17662822923518795,0.17662822923518795,0.29780060706748523,FALSE,FALSE
2023-03-26,Weddell,0.197955981,-0.17150589427059126,0.17150589427059126,0.29780060706748523,FALSE,FALSE
2023-03-27,Weddell,0.207422936,-0.16698388816920134,0.16698388816920134,0.29780060706748523,FALSE,FALSE
2023-03-28,Weddell,0.211186798,-0.16820905265142871,0.16820905265142871,0.29780060706748523,FALSE,FALSE
2023-03-29,Weddell,0.201098848,-0.1833274074376839,0.1833274074376839,0.29780060706748523,FALSE,FALSE
2023-03-30,Weddell,0.209767233,-0.17972810624837804,0.17972810624837804,0.29780060706748523,FALSE,FALSE
2023-03-31,Weddell,0.219100532,-0.17550152199160238,0.17550152199160238,0.29780060706748523,FALSE,FALSE
2023-04-01,Weddell,0.226636251,-0.17311812602217408,0.17311812602217408,0.29780060706748523,FALSE,FALSE
2023-04-02,Weddell,0.214748335,-0.1902150189578636,0.1902150189578636,0.29780060706748523,FALSE,FALSE
2023-04-03,Weddell,0.2040292,-0.20621083295297185,0.20621083295297185,0.29780060706748523,FALSE,FALSE
2023-04-04,Weddell,0.210286808,-0.20530865416179989,0.20530865416179989,0.29780060706748523,FALSE,FALSE
2023-04-05,Weddell,0.231454844,-0.18958584573864884,0.18958584573864884,0.29780060706748523,FALSE,FALSE
2023-04-06,Weddell,0.236420036,-0.19016672783781852,0.19016672783781852,0.29780060706748523,FALSE,FALSE
2023-04-07,Weddell,0.252533632,-0.17971110061361106,0.17971110061361106,0.29780060706748523,FALSE,FALSE
2023-04-08,Weddell,0.253769539,-0.18425610522032648,0.18425610522032648,0.29780060706748523,FALSE,FALSE
2023-04-09,Weddell,0.272138702,-0.1718018448122665,0.1718018448122665,0.29780060706748523,FALSE,FALSE
2023-04-10,Weddell,0.271721555,-0.1782789335437312,0.1782789335437312,0.29780060706748523,FALSE,FALSE
2023-04-11,Weddell,0.261295444,-0.1949210735690226,0.1949210735690226,0.29780060706748523,FALSE,FALSE
2023-04-12,Weddell,0.231708475,-0.2308910403398257,0.2308910403398257,0.29780060706748523,FALSE,FALSE
2023-04-13,Weddell,0.226113129,-0.24303535337360463,0.24303535337360463,0.29780060706748523,FALSE,FALSE
2023-04-14,Weddell,0.218609287,-0.25723354657431974,0.25723354657431974,0.29780060706748523,FALSE,FALSE
2023-04-15,Weddell,0.219188189,-0.26347196546195495,0.26347196546195495,0.29780060706748523,FALSE,FALSE
2023-04-16,Weddell,0.231814166,-0.25776386455649597,0.25776386455649597,0.29780060706748523,FALSE,FALSE
2023-04-17,Weddell,0.245097664,-0.25147638337792766,0.25147638337792766,0.29780060706748523,FALSE,FALSE
2023-04-18,Weddell,0.241491598,-0.2621341924462348,0.2621341924462348,0.29780060706748523,FALSE,FALSE
2023-04-19,Weddell,0.217002617,-0.29370822828140264,0.29370822828140264,0.29780060706748523,FALSE,FALSE
2023-04-20,Weddell,0.226328225,-0.2914785724034162,0.2914785724034162,0.29780060706748523,FALSE,FALSE
2023-04-21,Weddell,0.255630951,-0.26926028133226043,0.26926028133226043,0.29780060706748523,FALSE,FALSE
2023-04-22,Weddell,0.258115458,-0.27382627758792055,0.27382627758792055,0.29780060706748523,FALSE,FALSE
2023-04-23,Weddell,0.259992561,-0.2789433316903813,0.2789433316903813,0.29780060706748523,FALSE,FALSE
2023-04-24,Weddell,0.289566774,-0.2562845151596283,0.2562845151596283,0.29780060706748523,FALSE,FALSE
2023-04-25,Weddell,0.340012231,-0.21265529691957652,0.21265529691957652,0.29780060706748523,FALSE,FALSE
2023-04-26,Weddell,0.370236687,-0.18914668511227464,0.18914668511227464,0.29780060706748523,FALSE,FALSE
2023-04-27,Weddell,0.396624802,-0.16938337092836803,0.16938337092836803,0.29780060706748523,FALSE,FALSE
2023-04-28,Weddell,0.409195181,-0.16335621209190082,0.16335621209190082,0.29780060706748523,FALSE,FALSE
2023-04-29,Weddell,0.405472176,-0.1735503193269176,0.1735503193269176,0.29780060706748523,FALSE,FALSE
2023-04-30,Weddell,0.407076292,-0.17835465035746328,0.17835465035746328,0.29780060706748523,FALSE,FALSE
2023-05-01,Weddell,0.432578095,-0.15920810190758183,0.15920810190758183,0.29780060706748523,FALSE,FALSE
2023-05-02,Weddell,0.459352108,-0.13874561370131794,0.13874561370131794,0.29780060706748523,FALSE,FALSE
2023-05-03,Weddell,0.495068392,-0.10930658746271554,0.10930658746271554,0.29780060706748523,FALSE,FALSE
2023-05-04,Weddell,0.509545537,-0.1010818959158194,0.1010818959158194,0.29780060706748523,FALSE,FALSE
2023-05-05,Weddell,0.506262847,-0.11060169778467466,0.11060169778467466,0.29780060706748523,FALSE,FALSE
2023-05-06,Weddell,0.48639108,-0.13670469779332506,0.13670469779332506,0.29780060706748523,FALSE,FALSE
2023-05-07,Weddell,0.473296456,-0.15603414649439246,0.15603414649439246,0.29780060706748523,FALSE,FALSE
2023-05-08,Weddell,0.45626887,-0.17931398399481663,0.17931398399481663,0.29780060706748523,FALSE,FALSE
2023-05-09,Weddell,0.441806369,-0.20007161454279304,0.20007161454279304,0.29780060706748523,FALSE,FALSE
2023-05-10,Weddell,0.441858278,-0.20638507566033737,0.20638507566033737,0.29780060706748523,FALSE,FALSE
2023-05-11,Weddell,0.432259416,-0.22244691086946705,0.22244691086946705,0.29780060706748523,FALSE,FALSE
2023-05-12,Weddell,0.459951944,-0.2013423216921973,0.2013423216921973,0.29780060706748523,FALSE,FALSE
2023-05-13,Weddell,0.469152048,-0.19888248465054617,0.19888248465054617,0.29780060706748523,FALSE,FALSE
2023-05-14,Weddell,0.457034567,-0.2179199232665292,0.2179199232665292,0.29780060706748523,FALSE,FALSE
2023-05-15,Weddell,0.497909916,-0.1841715850621629,0.1841715850621629,0.29780060706748523,FALSE,FALSE
2023-05-16,Weddell,0.510333785,-0.17910914255946395,0.17910914255946395,0.29780060706748523,FALSE,FALSE
2023-05-17,Weddell,0.505966182,-0.19109995028044857,0.19109995028044857,0.29780060706748523,FALSE,FALSE
2023-05-18,Weddell,0.501142739,-0.20383573874713343,0.20383573874713343,0.29780060706748523,FALSE,FALSE
2023-05-19,Weddell,0.55337484,-0.1598324864815347,0.1598324864815347,0.29780060706748523,FALSE,FALSE
2023-05-20,Weddell,0.572008958,-0.1497692033425272,0.1497692033425272,0.29780060706748523,FALSE,FALSE
2023-05-21,Weddell,0.590186338,-0.14049582838456665,0.14049582838456665,0.29780060706748523,FALSE,FALSE
2023-05-22,Weddell,0.64117762,-0.09870293935273922,0.09870293935273922,0.29780060706748523,FALSE,FALSE
2023-05-23,Weddell,0.681941765,-0.06739178478414387,0.06739178478414387,0.29780060706748523,FALSE,FALSE
2023-05-24,Weddell,0.690507095,-0.0684942522158779,0.0684942522158779,0.29780060706748523,FALSE,FALSE
2023-05-25,Weddell,0.697487788,-0.07135637318503874,0.07135637318503874,0.29780060706748523,FALSE,FALSE
2023-05-26,Weddell,0.713804017,-0.06501818422872518,0.06501818422872518,0.29780060706748523,FALSE,FALSE
2023-05-27,Weddell,0.743950705,-0.04494497188403434,0.04494497188403434,0.29780060706748523,FALSE,FALSE
2023-05-28,Weddell,0.739464806,-0.05955999168806492,0.05955999168806492,0.29780060706748523,FALSE,FALSE
2023-05-29,Weddell,0.728685093,-0.08048468017791366,0.08048468017791366,0.29780060706748523,FALSE,FALSE
2023-05-30,Weddell,0.708917311,-0.11037350189067928,0.11037350189067928,0.29780060706748523,FALSE,FALSE
2023-05-31,Weddell,0.699589568,-0.12975855836345918,0.12975855836345918,0.29780060706748523,FALSE,FALSE
2023-06-01,Weddell,0.723801197,-0.11550072613335184,0.11550072613335184,0.29780060706748523,FALSE,FALSE
2023-06-02,Weddell,0.761238714,-0.08788188741695069,0.08788188741695069,0.29780060706748523,FALSE,FALSE
2023-06-03,Weddell,0.755116725,-0.10369216162439798,0.10369216162439798,0.29780060706748523,FALSE,FALSE
2023-06-04,Weddell,0.740598299,-0.12778327539140444,0.12778327539140444,0.29780060706748523,FALSE,FALSE
2023-06-05,Weddell,0.734573346,-0.1432801147267062,0.1432801147267062,0.29780060706748523,FALSE,FALSE
2023-06-06,Weddell,0.7339844,-0.15325494163904185,0.15325494163904185,0.29780060706748523,FALSE,FALSE
2023-06-07,Weddell,0.750596553,-0.1459574601371466,0.1459574601371466,0.29780060706748523,FALSE,FALSE
2023-06-08,Weddell,0.761474298,-0.1443379732297595,0.1443379732297595,0.29780060706748523,FALSE,FALSE
2023-06-09,Weddell,0.757892752,-0.15713615992561636,0.15713615992561636,0.29780060706748523,FALSE,FALSE
2023-06-10,Weddell,0.795640103,-0.12857862823345478,0.12857862823345478,0.29780060706748523,FALSE,FALSE
2023-06-11,Weddell,0.836659769,-0.09673675616201084,0.09673675616201084,0.29780060706748523,FALSE,FALSE
2023-06-12,Weddell,0.830742934,-0.11183415572002298,0.11183415572002298,0.29780060706748523,FALSE,FALSE
2023-06-13,Weddell,0.797009891,-0.1547653299162276,0.1547653299162276,0.29780060706748523,FALSE,FALSE
2023-06-14,Weddell,0.770379319,-0.19062598137945108,0.19062598137945108,0.29780060706748523,FALSE,FALSE
2023-06-15,Weddell,0.759688503,-0.21057493915347092,0.21057493915347092,0.29780060706748523,FALSE,FALSE
2023-06-16,Weddell,0.769876052,-0.2096446477929721,0.2096446477929721,0.29780060706748523,FALSE,FALSE
2023-06-17,Weddell,0.78628184,-0.20246447117746924,0.20246447117746924,0.29780060706748523,FALSE,FALSE
2023-06-18,Weddell,0.800817382,-0.1970921321864831,0.1970921321864831,0.29780060706748523,FALSE,FALSE
2023-06-19,Weddell,0.841541048,-0.1654384986995291,0.1654384986995291,0.29780060706748523,FALSE,FALSE
2023-06-20,Weddell,0.891065361,-0.12486028559612485,0.12486028559612485,0.29780060706748523,FALSE,FALSE
2023-06-21,Weddell,0.916973177,-0.1077438747557884,0.1077438747557884,0.29780060706748523,FALSE,FALSE
2023-06-22,Weddell,0.929229788,-0.10409321205803646,0.10409321205803646,0.29780060706748523,FALSE,FALSE
2023-06-23,Weddell,0.929145288,-0.11256744138238696,0.11256744138238696,0.29780060706748523,FALSE,FALSE
2023-06-24,Weddell,0.934232219,-0.1156232586083571,0.1156232586083571,0.29780060706748523,FALSE,FALSE
2023-06-25,Weddell,0.945785122,-0.11193536061546472,0.11193536061546472,0.29780060706748523,FALSE,FALSE
2023-06-26,Weddell,0.959949165,-0.10532781728322704,0.10532781728322704,0.29780060706748523,FALSE,FALSE
2023-06-27,Weddell,0.95685857,-0.11563976886761328,0.11563976886761328,0.29780060706748523,FALSE,FALSE
2023-06-28,Weddell,0.939068282,-0.1403207984971151,0.1403207984971151,0.29780060706748523,FALSE,FALSE
2023-06-29,Weddell,0.912050709,-0.17391726721245548,0.17391726721245548,0.29780060706748523,FALSE,FALSE
2023-06-30,Weddell,0.929530037,-0.16272383127415735,0.16272383127415735,0.29780060706748523,FALSE,FALSE
2023-07-01,Weddell,0.916794657,-0.1814709419427444,0.1814709419427444,0.29780060706748523,FALSE,FALSE
2023-07-02,Weddell,0.909471824,-0.19455018647873945,0.19455018647873945,0.29780060706748523,FALSE,FALSE
2023-07-03,Weddell,0.926663281,-0.1828786641426654,0.1828786641426654,0.29780060706748523,FALSE,FALSE
2023-07-04,Weddell,0.990134365,-0.12470988019504692,0.12470988019504692,0.29780060706748523,FALSE,FALSE
2023-07-05,Weddell,1.039845067,-0.08010268589640646,0.08010268589640646,0.29780060706748523,FALSE,FALSE
2023-07-06,Weddell,1.055799158,-0.06907215250726706,0.06907215250726706,0.29780060706748523,FALSE,FALSE
2023-07-07,Weddell,1.052406056,-0.07722770428815262,0.07722770428815262,0.29780060706748523,FALSE,FALSE
2023-07-08,Weddell,1.036768516,-0.09748542849958695,0.09748542849958695,0.29780060706748523,FALSE,FALSE
2023-07-09,Weddell,1.031522771,-0.10722792686687944,0.10722792686687944,0.29780060706748523,FALSE,FALSE
2023-07-10,Weddell,0.997423467,-0.14571792255124305,0.14571792255124305,0.29780060706748523,FALSE,FALSE
2023-07-11,Weddell,0.951318925,-0.19612125636431751,0.19612125636431751,0.29780060706748523,FALSE,FALSE
2023-07-12,Weddell,0.938729875,-0.21293093566894516,0.21293093566894516,0.29780060706748523,FALSE,FALSE
2023-07-13,Weddell,0.955156786,-0.20066022882796852,0.20066022882796852,0.29780060706748523,FALSE,FALSE
2023-07-14,Weddell,0.932851565,-0.22707096620422984,0.22707096620422984,0.29780060706748523,FALSE,FALSE
2023-07-15,Weddell,0.945808834,-0.21818226316057265,0.21818226316057265,0.29780060706748523,FALSE,FALSE
2023-07-16,Weddell,0.959802782,-0.208233668059839,0.208233668059839,0.29780060706748523,FALSE,FALSE
2023-07-17,Weddell,1.005480361,-0.16659196626487272,0.16659196626487272,0.29780060706748523,FALSE,FALSE
2023-07-18,Weddell,1.055813744,-0.12029872213851434,0.12029872213851434,0.29780060706748523,FALSE,FALSE
2023-07-19,Weddell,1.119698695,-0.06047190904360899,0.06047190904360899,0.29780060706748523,FALSE,FALSE
2023-07-20,Weddell,1.165066122,-0.01919435634299726,0.01919435634299726,0.29780060706748523,FALSE,FALSE
2023-07-21,Weddell,1.2232361,0.03484027360047692,0.03484027360047692,0.29780060706748523,FALSE,FALSE
2023-07-22,Weddell,1.247206719,0.05461737687465651,0.05461737687465651,0.29780060706748523,FALSE,FALSE
2023-07-23,Weddell,1.217715398,0.02087608058434464,0.02087608058434464,0.29780060706748523,FALSE,FALSE
2023-07-24,Weddell,1.168989107,-0.03214443896393848,0.03214443896393848,0.29780060706748523,FALSE,FALSE
2023-07-25,Weddell,1.21224983,0.00679024667639227,0.00679024667639227,0.29780060706748523,FALSE,FALSE
2023-07-26,Weddell,1.218382014,0.00857702895192358,0.00857702895192358,0.29780060706748523,FALSE,FALSE
2023-07-27,Weddell,1.254234849,0.04007754230923877,0.04007754230923877,0.29780060706748523,FALSE,FALSE
2023-07-28,Weddell,1.295501471,0.07699736719492467,0.07699736719492467,0.29780060706748523,FALSE,FALSE
2023-07-29,Weddell,1.347553915,0.12472098305556778,0.12472098305556778,0.29780060706748523,FALSE,FALSE
2023-07-30,Weddell,1.365745281,0.1386139343377517,0.1386139343377517,0.29780060706748523,FALSE,FALSE
2023-07-31,Weddell,1.394021454,0.16263455048806197,0.16263455048806197,0.29780060706748523,FALSE,FALSE
2023-08-01,Weddell,1.422423779,0.1868366209530856,0.1868366209530856,0.29780060706748523,FALSE,FALSE
2023-08-02,Weddell,1.469490293,0.229770627179406,0.229770627179406,0.29780060706748523,FALSE,FALSE
2023-08-03,Weddell,1.512782974,0.26901099148303675,0.26901099148303675,0.29780060706748523,FALSE,FALSE
2023-08-04,Weddell,1.557943663,0.31020847421450526,0.31020847421450526,0.29780060706748523,TRUE,FALSE
2023-08-05,Weddell,1.586711344,0.33509826281221833,0.33509826281221833,0.29780060706748523,TRUE,FALSE
2023-08-06,Weddell,1.587309584,0.33189726136244646,0.33189726136244646,0.29780060706748523,TRUE,FALSE
2023-08-07,Weddell,1.57232801,0.31318843395145834,0.31318843395145834,0.29780060706748523,TRUE,FALSE
2023-08-08,Weddell,1.556142806,0.29334130166552486,0.29334130166552486,0.29780060706748523,FALSE,FALSE
2023-08-09,Weddell,1.572325391,0.3059206205909144,0.3059206205909144,0.29780060706748523,TRUE,TRUE
2023-08-10,Weddell,1.595692975,0.3257369378138977,0.3257369378138977,0.29780060706748523,TRUE,TRUE
2023-08-11,Weddell,1.599905094,0.3264431264207439,0.3264431264207439,0.29780060706748523,TRUE,TRUE
2023-08-12,Weddell,1.604078292,0.32714906749772266,0.32714906749772266,0.29780060706748523,TRUE,TRUE
2023-08-13,Weddell,1.602875541,0.3225110701311049,0.3225110701311049,0.29780060706748523,TRUE,TRUE
2023-08-14,Weddell,1.629815943,0.34604157340715846,0.34604157340715846,0.29780060706748523,TRUE,TRUE
2023-08-15,Weddell,1.629791896,0.34262631241215336,0.34262631241215336,0.29780060706748523,TRUE,TRUE
2023-08-16,Weddell,1.592040674,0.3014964471819257,0.3014964471819257,0.29780060706748523,TRUE,TRUE
2023-08-17,Weddell,1.55064585,0.256745752822678,0.256745752822678,0.29780060706748523,FALSE,FALSE
2023-08-18,Weddell,1.549488079,0.252283761469946,0.252283761469946,0.29780060706748523,FALSE,FALSE
2023-08-19,Weddell,1.552516081,0.2520890936991478,0.2520890936991478,0.29780060706748523,FALSE,FALSE
2023-08-20,Weddell,1.580056355,0.2765181490856998,0.2765181490856998,0.29780060706748523,FALSE,FALSE
2023-08-21,Weddell,1.614773553,0.3082654802050182,0.3082654802050182,0.29780060706748523,TRUE,TRUE
2023-08-22,Weddell,1.650733131,0.34142644363252206,0.34142644363252206,0.29780060706748523,TRUE,TRUE
2023-08-23,Weddell,1.68836341,0.3764592609436266,0.3764592609436266,0.29780060706748523,TRUE,TRUE
2023-08-24,Weddell,1.719328013,0.4050574557137503,0.4050574557137503,0.29780060706748523,TRUE,TRUE
2023-08-25,Weddell,1.714526804,0.398150792518309,0.398150792518309,0.29780060706748523,TRUE,TRUE
2023-08-26,Weddell,1.711539625,0.3933490139327205,0.3933490139327205,0.29780060706748523,TRUE,TRUE
2023-08-27,Weddell,1.69002494,0.3703404845324021,0.3703404845324021,0.29780060706748523,TRUE,TRUE
2023-08-28,Weddell,1.660148947,0.3393213028927704,0.3393213028927704,0.29780060706748523,TRUE,TRUE
2023-08-29,Weddell,1.634318713,0.3127227595832267,0.3127227595832267,0.29780060706748523,TRUE,TRUE
2023-08-30,Weddell,1.618791257,0.2967915940564214,0.2967915940564214,0.29780060706748523,FALSE,FALSE
2023-08-31,Weddell,1.649337214,0.3272751978448982,0.3272751978448982,0.29780060706748523,TRUE,TRUE
2023-09-01,Weddell,1.689937702,0.3681314222281859,0.3681314222281859,0.29780060706748523,TRUE,TRUE
2023-09-02,Weddell,1.703662796,0.3824070754858129,0.3824070754858129,0.29780060706748523,TRUE,TRUE
2023-09-03,Weddell,1.703663797,0.3832301918973056,0.3832301918973056,0.29780060706748523,TRUE,TRUE
2023-09-04,Weddell,1.675597307,0.3562341067421939,0.3562341067421939,0.29780060706748523,TRUE,TRUE
2023-09-05,Weddell,1.618023451,0.299955678300005,0.299955678300005,0.29780060706748523,TRUE,TRUE
2023-09-06,Weddell,1.56107694,0.24450635085026673,0.24450635085026673,0.29780060706748523,FALSE,FALSE
2023-09-07,Weddell,1.520308209,0.2054132926725074,0.2054132926725074,0.29780060706748523,FALSE,FALSE
2023-09-08,Weddell,1.489641636,0.17657761504625502,0.17657761504625502,0.29780060706748523,FALSE,FALSE
2023-09-09,Weddell,1.455303857,0.14420268725103824,0.14420268725103824,0.29780060706748523,FALSE,FALSE
2023-09-10,Weddell,1.422707818,0.113678300531584,0.113678300531584,0.29780060706748523,FALSE,FALSE
2023-09-11,Weddell,1.399824678,0.09296308817278454,0.09296308817278454,0.29780060706748523,FALSE,FALSE
2023-09-12,Weddell,1.390118119,0.08552744085632824,0.08552744085632824,0.29780060706748523,FALSE,FALSE
2023-09-13,Weddell,1.383488436,0.08128038747820399,0.08128038747820399,0.29780060706748523,FALSE,FALSE
2023-09-14,Weddell,1.388431687,0.08872671993440107,0.08872671993440107,0.29780060706748523,FALSE,FALSE
2023-09-15,Weddell,1.417356247,0.12028354712090517,0.12028354712090517,0.29780060706748523,FALSE,FALSE
2023-09-16,Weddell,1.43404898,0.13974646693370607,0.13974646693370607,0.29780060706748523,FALSE,FALSE
2023-09-17,Weddell,1.441790416,0.1504047432687914,0.1504047432687914,0.29780060706748523,FALSE,FALSE
2023-09-18,Weddell,1.438749298,0.1504358530221488,0.1504358530221488,0.29780060706748523,FALSE,FALSE
2023-09-19,Weddell,1.455644569,0.1705674730897666,0.1705674730897666,0.29780060706748523,FALSE,FALSE
2023-09-20,Weddell,1.462327561,0.180659669367633,0.180659669367633,0.29780060706748523,FALSE,FALSE
2023-09-21,Weddell,1.468320437,0.1902433387517364,0.1902433387517364,0.29780060706748523,FALSE,FALSE
2023-09-22,Weddell,1.477985718,0.20368973613806363,0.20368973613806363,0.29780060706748523,FALSE,FALSE
2023-09-23,Weddell,1.473841324,0.20352335247690245,0.20352335247690245,0.29780060706748523,FALSE,FALSE
2023-09-24,Weddell,1.470902848,0.20474319495149465,0.20474319495149465,0.29780060706748523,FALSE,FALSE
2023-09-25,Weddell,1.470999998,0.20914833849422476,0.20914833849422476,0.29780060706748523,FALSE,FALSE
2023-09-26,Weddell,1.47667776,0.2192529389390516,0.2192529389390516,0.29780060706748523,FALSE,FALSE
2023-09-27,Weddell,1.471904809,0.2189948411199334,0.2189948411199334,0.29780060706748523,FALSE,FALSE
2023-09-28,Weddell,1.480982094,0.2326441638708272,0.2326441638708272,0.29780060706748523,FALSE,FALSE
2023-09-29,Weddell,1.486998318,0.24325878002569223,0.24325878002569223,0.29780060706748523,FALSE,FALSE
2023-09-30,Weddell,1.519491162,0.28034554041848647,0.28034554041848647,0.29780060706748523,FALSE,FALSE
2023-10-01,Weddell,1.529746773,0.29515976188316806,0.29515976188316806,0.29780060706748523,FALSE,FALSE
2023-10-02,Weddell,1.532171304,0.30207676725369526,0.30207676725369526,0.29780060706748523,TRUE,FALSE
2023-10-03,Weddell,1.509993887,0.2842948583640261,0.2842948583640261,0.29780060706748523,FALSE,FALSE
2023-10-04,Weddell,1.50874317,0.2873118530481178,0.2873118530481178,0.29780060706748523,FALSE,FALSE
2023-10-05,Weddell,1.531010206,0.3136879840200806,0.3136879840200806,0.29780060706748523,TRUE,TRUE
2023-10-06,Weddell,1.53582407,0.3224334573164094,0.3224334573164094,0.29780060706748523,TRUE,TRUE
2023-10-07,Weddell,1.556760514,0.3471403113775522,0.3471403113775522,0.29780060706748523,TRUE,TRUE
2023-10-08,Weddell,1.592141854,0.3861535802557874,0.3861535802557874,0.29780060706748523,TRUE,TRUE
2023-10-09,Weddell,1.612511221,0.4100391130033889,0.4100391130033889,0.29780060706748523,TRUE,TRUE
2023-10-10,Weddell,1.604161171,0.405112183672635,0.405112183672635,0.29780060706748523,TRUE,TRUE
2023-10-11,Weddell,1.595178604,0.3994824103157999,0.3994824103157999,0.29780060706748523,TRUE,TRUE
2023-10-12,Weddell,1.585577371,0.3931863619851619,0.3931863619851619,0.29780060706748523,TRUE,TRUE
2023-10-13,Weddell,1.584967199,0.3958564837329954,0.3958564837329954,0.29780060706748523,TRUE,TRUE
2023-10-14,Weddell,1.572364408,0.3865318136115785,0.3865318136115785,0.29780060706748523,TRUE,TRUE
2023-10-15,Weddell,1.550775742,0.3682418136731862,0.3682418136731862,0.29780060706748523,TRUE,TRUE
2023-10-16,Weddell,1.526789405,0.3475974059700957,0.3475974059700957,0.29780060706748523,TRUE,TRUE
2023-10-17,Weddell,1.53159859,0.3558145015545813,0.3558145015545813,0.29780060706748523,TRUE,TRUE
2023-10-18,Weddell,1.537657406,0.36536948420168947,0.36536948420168947,0.29780060706748523,TRUE,TRUE
2023-10-19,Weddell,1.565269161,0.3965785216093938,0.3965785216093938,0.29780060706748523,TRUE,TRUE
2023-10-20,Weddell,1.565282639,0.4002942565180405,0.4002942565180405,0.29780060706748523,TRUE,TRUE
2023-10-21,Weddell,1.534075276,0.3728976232671686,0.3728976232671686,0.29780060706748523,TRUE,TRUE
2023-10-22,Weddell,1.497993213,0.34073826119631634,0.34073826119631634,0.29780060706748523,TRUE,TRUE
2023-10-23,Weddell,1.457720868,0.3045040866450224,0.3045040866450224,0.29780060706748523,TRUE,TRUE
2023-10-24,Weddell,1.44571601,0.2966563669528264,0.2966563669528264,0.29780060706748523,FALSE,FALSE
2023-10-25,Weddell,1.458379932,0.31359989345926653,0.31359989345926653,0.29780060706748523,TRUE,TRUE
2023-10-26,Weddell,1.484865986,0.34449151650388155,0.34449151650388155,0.29780060706748523,TRUE,TRUE
2023-10-27,Weddell,1.510106185,0.3742667474262096,0.3742667474262096,0.29780060706748523,TRUE,TRUE
2023-10-28,Weddell,1.511902865,0.38073142056579146,0.38073142056579146,0.29780060706748523,TRUE,TRUE
2023-10-29,Weddell,1.485414992,0.35904800026216366,0.35904800026216366,0.29780060706748523,TRUE,TRUE
2023-10-30,Weddell,1.451150914,0.3297283328548659,0.3297283328548659,0.29780060706748523,TRUE,TRUE
2023-10-31,Weddell,1.437912921,0.32157755354085427,0.32157755354085427,0.29780060706748523,TRUE,TRUE
2023-11-01,Weddell,1.436094143,0.32498842260747085,0.32498842260747085,0.29780060706748523,TRUE,TRUE
2023-11-02,Weddell,1.4342749,0.32853990284675083,0.32853990284675083,0.29780060706748523,TRUE,TRUE
2023-11-03,Weddell,1.41499196,0.3147674047852651,0.3147674047852651,0.29780060706748523,TRUE,TRUE
2023-11-04,Weddell,1.412636886,0.3180611339495847,0.3180611339495847,0.29780060706748523,TRUE,TRUE
2023-11-05,Weddell,1.41503075,0.3262408048662795,0.3262408048662795,0.29780060706748523,TRUE,TRUE
2023-11-06,Weddell,1.411408182,0.32853969006192285,0.32853969006192285,0.29780060706748523,TRUE,TRUE
2023-11-07,Weddell,1.409601803,0.33278905306308304,0.33278905306308304,0.29780060706748523,TRUE,TRUE
2023-11-08,Weddell,1.407207958,0.33658388139633244,0.33658388139633244,0.29780060706748523,TRUE,TRUE
2023-11-09,Weddell,1.398128971,0.33382514158824095,0.33382514158824095,0.29780060706748523,TRUE,TRUE
2023-11-10,Weddell,1.425193239,0.3673398731653801,0.3673398731653801,0.29780060706748523,TRUE,TRUE
2023-11-11,Weddell,1.424608867,0.3733348236543213,0.3733348236543213,0.29780060706748523,TRUE,TRUE
2023-11-12,Weddell,1.43839839,0.3938312665221934,0.3938312665221934,0.29780060706748523,TRUE,TRUE
2023-11-13,Weddell,1.463064957,0.42533639657194544,0.42533639657194544,0.29780060706748523,TRUE,TRUE
2023-11-14,Weddell,1.485987055,0.4552407246396981,0.4552407246396981,0.29780060706748523,TRUE,TRUE
2023-11-15,Weddell,1.48662001,0.46301225861787065,0.46301225861787065,0.29780060706748523,TRUE,TRUE
2023-11-16,Weddell,1.479395654,0.46309551239888336,0.46309551239888336,0.29780060706748523,TRUE,TRUE
2023-11-17,Weddell,1.489612602,0.4808017828751565,0.4808017828751565,0.29780060706748523,TRUE,TRUE
2023-11-18,Weddell,1.474605142,0.4734780399391094,0.4734780399391094,0.29780060706748523,TRUE,TRUE
2023-11-19,Weddell,1.449347429,0.45611112048316194,0.45611112048316194,0.29780060706748523,TRUE,TRUE
2023-11-20,Weddell,1.412607685,0.4274819283997343,0.4274819283997343,0.29780060706748523,TRUE,TRUE
2023-11-21,Weddell,1.398693994,0.4219112295812457,0.4219112295812457,0.29780060706748523,TRUE,TRUE
2023-11-22,Weddell,1.389623742,0.42142909192011624,0.42142909192011624,0.29780060706748523,TRUE,TRUE
2023-11-23,Weddell,1.369652676,0.41030394430876616,0.41030394430876616,0.29780060706748523,TRUE,TRUE
2023-11-24,Weddell,1.365422908,0.4151905806396146,0.4151905806396146,0.29780060706748523,TRUE,TRUE
2023-11-25,Weddell,1.353999572,0.4131644321988177,0.4131644321988177,0.29780060706748523,TRUE,TRUE
2023-11-26,Weddell,1.317162241,0.3859952006722691,0.3859952006722691,0.29780060706748523,TRUE,TRUE
2023-11-27,Weddell,1.286860658,0.3656126164507793,0.3656126164507793,0.29780060706748523,TRUE,TRUE
2023-11-28,Weddell,1.235149101,0.3240508681107349,0.3240508681107349,0.29780060706748523,TRUE,TRUE
2023-11-29,Weddell,1.201677762,0.3009400582285253,0.3009400582285253,0.29780060706748523,TRUE,TRUE
2023-11-30,Weddell,1.156117451,0.2659309073805387,0.2659309073805387,0.29780060706748523,FALSE,FALSE
2023-12-01,Weddell,1.136636004,0.2571711621431628,0.2571711621431628,0.29780060706748523,FALSE,FALSE
2023-12-02,Weddell,1.125655799,0.2570631110927858,0.2570631110927858,0.29780060706748523,FALSE,FALSE
2023-12-03,Weddell,1.08790018,0.23031000880579677,0.23031000880579677,0.29780060706748523,FALSE,FALSE
2023-12-04,Weddell,1.072733586,0.226256204858583,0.226256204858583,0.29780060706748523,FALSE,FALSE
2023-12-05,Weddell,1.044078473,0.20880406582753297,0.20880406582753297,0.29780060706748523,FALSE,FALSE
2023-12-06,Weddell,1.031278109,0.2072767702890358,0.2072767702890358,0.29780060706748523,FALSE,FALSE
2023-12-07,Weddell,1.008072179,0.195393916037917,0.195393916037917,0.29780060706748523,FALSE,FALSE
2023-12-08,Weddell,0.987905617,0.1865810385432468,0.1865810385432468,0.29780060706748523,FALSE,FALSE
2023-12-09,Weddell,0.967022126,0.17706410310350396,0.17706410310350396,0.29780060706748523,FALSE,FALSE
2023-12-10,Weddell,0.952351711,0.17375562235869546,0.17375562235869546,0.29780060706748523,FALSE,FALSE
2023-12-11,Weddell,0.935786078,0.16852980994883116,0.16852980994883116,0.29780060706748523,FALSE,FALSE
2023-12-12,Weddell,0.898797671,0.1428416175139191,0.1428416175139191,0.29780060706748523,FALSE,FALSE
2023-12-13,Weddell,0.872930235,0.12821729769396728,0.12821729769396728,0.29780060706748523,FALSE,FALSE
2023-12-14,Weddell,0.84756711,0.11402269812898458,0.11402269812898458,0.29780060706748523,FALSE,FALSE
2023-12-15,Weddell,0.833349792,0.11088182245897948,0.11088182245897948,0.29780060706748523,FALSE,FALSE
2023-12-16,Weddell,0.802690841,0.09118973832395992,0.09118973832395992,0.29780060706748523,FALSE,FALSE
2023-12-17,Weddell,0.77191358,0.07125227636393472,0.07125227636393472,0.29780060706748523,FALSE,FALSE
2023-12-18,Weddell,0.760245166,0.07027910121891257,0.07027910121891257,0.29780060706748523,FALSE,FALSE
2023-12-19,Weddell,0.750223462,0.07079058352890111,0.07079058352890111,0.29780060706748523,FALSE,FALSE
2023-12-20,Weddell,0.713014004,0.04393535204632981,0.04393535204632981,0.29780060706748523,FALSE,FALSE
2023-12-21,Weddell,0.698727743,0.03981670227881773,0.03981670227881773,0.29780060706748523,FALSE,FALSE
2023-12-22,Weddell,0.69193148,0.04300116467924408,0.04300116467924408,0.29780060706748523,FALSE,FALSE
2023-12-23,Weddell,0.689784578,0.05064803749618707,0.05064803749618707,0.29780060706748523,FALSE,FALSE
2023-12-24,Weddell,0.655853467,0.02632368597822354,0.02632368597822354,0.29780060706748523,FALSE,FALSE
2023-12-25,Weddell,0.625923946,0.0058138443739315,0.0058138443739315,0.29780060706748523,FALSE,FALSE
2023-12-26,Weddell,0.608514765,-0.00236280206811301,0.00236280206811301,0.29780060706748523,FALSE,FALSE
2023-12-27,Weddell,0.58867749,-0.01315475209933181,0.01315475209933181,0.29780060706748523,FALSE,FALSE
2023-12-28,Weddell,0.573667719,-0.0193064724711468,0.0193064724711468,0.29780060706748523,FALSE,FALSE
2023-12-29,Weddell,0.553430146,-0.03087333393498159,0.03087333393498159,0.29780060706748523,FALSE,FALSE
2023-12-30,Weddell,0.502883767,-0.07293640524225953,0.07293640524225953,0.29780060706748523,FALSE,FALSE
2023-12-31,Weddell,0.510522068,-0.05700226514440143,0.05700226514440143,0.29780060706748523,FALSE,FALSE
2024-01-01,Weddell,0.501806148,-0.05760987939283057,0.05760987939283057,0.29780060706748523,FALSE,FALSE
2024-01-02,Weddell,0.477344401,-0.07414956587456656,0.07414956587456656,0.29780060706748523,FALSE,FALSE
2024-01-03,Weddell,0.454861371,-0.08889008101901064,0.08889008101901064,0.29780060706748523,FALSE,FALSE
2024-01-04,Weddell,0.450494229,-0.08568620139116234,0.08568620139116234,0.29780060706748523,FALSE,FALSE
2024-01-05,Weddell,0.436050332,-0.09272251755601812,0.09272251755601812,0.29780060706748523,FALSE,FALSE
2024-01-06,Weddell,0.426032439,-0.0954882180785791,0.0954882180785791,0.29780060706748523,FALSE,FALSE
2024-01-07,Weddell,0.421653224,-0.0927625765238414,0.0927625765238414,0.29780060706748523,FALSE,FALSE
2024-01-08,Weddell,0.419833355,-0.0876168724568041,0.0876168724568041,0.29780060706748523,FALSE,FALSE
2024-01-09,Weddell,0.401723871,-0.09889201444246716,0.09889201444246716,0.29780060706748523,FALSE,FALSE
2024-01-10,Weddell,0.381021353,-0.11288336904582646,0.11288336904582646,0.29780060706748523,FALSE,FALSE
2024-01-11,Weddell,0.367872489,-0.11943619583188232,0.11943619583188232,0.29780060706748523,FALSE,FALSE
2024-01-12,Weddell,0.355839489,-0.12498023236563176,0.12498023236563176,0.29780060706748523,FALSE,FALSE
2024-01-13,Weddell,0.36144422,-0.11298555921207448,0.11298555921207448,0.29780060706748523,FALSE,FALSE
2024-01-14,Weddell,0.361419477,-0.1067113124936665,0.1067113124936665,0.29780060706748523,FALSE,FALSE
2024-01-15,Weddell,0.352525283,-0.10938881029492832,0.10938881029492832,0.29780060706748523,FALSE,FALSE
2024-01-16,Weddell,0.359514677,-0.09625561550917938,0.09625561550917938,0.29780060706748523,FALSE,FALSE
2024-01-17,Weddell,0.345047811,-0.10464213128077804,0.10464213128077804,0.29780060706748523,FALSE,FALSE
2024-01-18,Weddell,0.315337576,-0.12832602175408236,0.12832602175408236,0.29780060706748523,FALSE,FALSE
2024-01-19,Weddell,0.300847388,-0.1368344260734508,0.1368344260734508,0.29780060706748523,FALSE,FALSE
2024-01-20,Weddell,0.295786048,-0.1359490983832407,0.1359490983832407,0.29780060706748523,FALSE,FALSE
2024-01-21,Weddell,0.286984593,-0.1388295568278109,0.1388295568278109,0.29780060706748523,FALSE,FALSE
2024-01-22,Weddell,0.297011075,-0.12289830455151896,0.12289830455151896,0.29780060706748523,FALSE,FALSE
2024-01-23,Weddell,0.299551583,-0.11445980769872348,0.11445980769872348,0.29780060706748523,FALSE,FALSE
2024-01-24,Weddell,0.295197439,-0.11291329941378209,0.11291329941378209,0.29780060706748523,FALSE,FALSE
2024-01-25,Weddell,0.2876939,-0.11450407784105338,0.11450407784105338,0.29780060706748523,FALSE,FALSE
2024-01-26,Weddell,0.284619807,-0.11164385712489432,0.11164385712489432,0.29780060706748523,FALSE,FALSE
2024-01-27,Weddell,0.268853207,-0.12144781756659212,0.12144781756659212,0.29780060706748523,FALSE,FALSE
2024-01-28,Weddell,0.263695851,-0.12062552452396168,0.12062552452396168,0.29780060706748523,FALSE,FALSE
2024-01-29,Weddell,0.252858596,-0.1254849381055006,0.1254849381055006,0.29780060706748523,FALSE,FALSE
2024-01-30,Weddell,0.235154867,-0.13723147458200513,0.13723147458200513,0.29780060706748523,FALSE,FALSE
2024-01-31,Weddell,0.238932987,-0.12753565222427096,0.12753565222427096,0.29780060706748523,FALSE,FALSE
2024-02-01,Weddell,0.237097435,-0.12351183330309493,0.12351183330309493,0.29780060706748523,FALSE,FALSE
2024-02-02,Weddell,0.237115114,-0.11771195608927246,0.11771195608927246,0.29780060706748523,FALSE,FALSE
2024-02-03,Weddell,0.223283445,-0.12585744085359993,0.12585744085359993,0.29780060706748523,FALSE,FALSE
2024-02-04,Weddell,0.222653864,-0.12091569286687356,0.12091569286687356,0.29780060706748523,FALSE,FALSE
2024-02-05,Weddell,0.210678074,-0.1274538503998891,0.1274538503998891,0.29780060706748523,FALSE,FALSE
2024-02-06,Weddell,0.201228313,-0.13161851672344294,0.13161851672344294,0.29780060706748523,FALSE,FALSE
2024-02-07,Weddell,0.198683214,-0.12904990010833123,0.12904990010833123,0.29780060706748523,FALSE,FALSE
2024-02-08,Weddell,0.191758331,-0.13105126350512708,0.13105126350512708,0.29780060706748523,FALSE,FALSE
2024-02-09,Weddell,0.178564973,-0.1395269040277596,0.1395269040277596,0.29780060706748523,FALSE,FALSE
2024-02-10,Weddell,0.181080515,-0.1325086672072278,0.1325086672072278,0.29780060706748523,FALSE,FALSE
2024-02-11,Weddell,0.184188902,-0.12512107358405877,0.12512107358405877,0.29780060706748523,FALSE,FALSE
2024-02-12,Weddell,0.181031188,-0.12423153469877796,0.12423153469877796,0.29780060706748523,FALSE,FALSE
2024-02-13,Weddell,0.169688702,-0.13176718709191218,0.13176718709191218,0.29780060706748523,FALSE,FALSE
2024-02-14,Weddell,0.169625721,-0.1282722193039873,0.1282722193039873,0.29780060706748523,FALSE,FALSE
2024-02-15,Weddell,0.164583613,-0.13001372887552978,0.13001372887552978,0.29780060706748523,FALSE,FALSE
2024-02-16,Weddell,0.157034558,-0.134528001347066,0.134528001347066,0.29780060706748523,FALSE,FALSE
2024-02-17,Weddell,0.156386126,-0.13241593225912193,0.13241593225912193,0.29780060706748523,FALSE,FALSE
2024-02-18,Weddell,0.153880988,-0.13244331615222438,0.13244331615222438,0.29780060706748523,FALSE,FALSE
2024-02-19,Weddell,0.149492116,-0.1346456465668993,0.1346456465668993,0.29780060706748523,FALSE,FALSE
2024-02-20,Weddell,0.142593105,-0.13965779404367268,0.13965779404367268,0.29780060706748523,FALSE,FALSE
2024-02-21,Weddell,0.143883451,-0.13678825570243386,0.13678825570243386,0.29780060706748523,FALSE,FALSE
2024-02-22,Weddell,0.143882465,-0.13551998620855457,0.13551998620855457,0.29780060706748523,FALSE,FALSE
2024-02-23,Weddell,0.140766012,-0.13767557607472436,0.13767557607472436,0.29780060706748523,FALSE,FALSE
2024-02-24,Weddell,0.133253708,-0.14453379593761126,0.14453379593761126,0.29780060706748523,FALSE,FALSE
2024-02-25,Weddell,0.130730288,-0.14670829743388283,0.14670829743388283,0.29780060706748523,FALSE,FALSE
2024-02-26,Weddell,0.127610807,-0.14978241220020683,0.14978241220020683,0.29780060706748523,FALSE,FALSE
2024-02-27,Weddell,0.121969138,-0.15568065387325045,0.15568065387325045,0.29780060706748523,FALSE,FALSE
2024-02-28,Weddell,0.128912961,-0.14929372908968153,0.14929372908968153,0.29780060706748523,FALSE,FALSE
2024-03-01,Weddell,0.132750736,-0.1474642736993769,0.1474642736993769,0.29780060706748523,FALSE,FALSE
2024-03-02,Weddell,0.128988887,-0.1526743173659762,0.1526743173659762,0.29780060706748523,FALSE,FALSE
2024-03-03,Weddell,0.120158874,-0.1632463971226332,0.1632463971226332,0.29780060706748523,FALSE,FALSE
2024-03-04,Weddell,0.113845596,-0.17159399973392347,0.17159399973392347,0.29780060706748523,FALSE,FALSE
2024-03-05,Weddell,0.106294427,-0.181466892890966,0.181466892890966,0.29780060706748523,FALSE,FALSE
2024-03-06,Weddell,0.1057006,-0.18465442381397043,0.18465442381397043,0.29780060706748523,FALSE,FALSE
2024-03-07,Weddell,0.107631275,-0.18557186704963977,0.18557186704963977,0.29780060706748523,FALSE,FALSE
2024-03-08,Weddell,0.110777681,-0.1855104281446781,0.1855104281446781,0.29780060706748523,FALSE,FALSE
2024-03-09,Weddell,0.114567173,-0.18502518664578996,0.18502518664578996,0.29780060706748523,FALSE,FALSE
2024-03-10,Weddell,0.124599792,-0.1784985360996783,0.1784985360996783,0.29780060706748523,FALSE,FALSE
2024-03-11,Weddell,0.138509301,-0.16827914805304692,0.16827914805304692,0.29780060706748523,FALSE,FALSE
2024-03-12,Weddell,0.157527486,-0.1531176710526005,0.1531176710526005,0.29780060706748523,FALSE,FALSE
2024-03-13,Weddell,0.17653527,-0.1381156166450421,0.1381156166450421,0.29780060706748523,FALSE,FALSE
2024-03-14,Weddell,0.187870334,-0.1309177383770758,0.1309177383770758,0.29780060706748523,FALSE,FALSE
2024-03-15,Weddell,0.196015224,-0.1270239247954056,0.1270239247954056,0.29780060706748523,FALSE,FALSE
2024-03-16,Weddell,0.199132383,-0.1282541674467351,0.1282541674467351,0.29780060706748523,FALSE,FALSE
2024-03-17,Weddell,0.214263084,-0.11754990664265236,0.11754990664265236,0.29780060706748523,FALSE,FALSE
2024-03-18,Weddell,0.261200785,-0.07510735980710903,0.07510735980710903,0.29780060706748523,FALSE,FALSE
2024-03-19,Weddell,0.267486188,-0.07338278279189697,0.07338278279189697,0.29780060706748523,FALSE,FALSE
2024-03-20,Weddell,0.269374325,-0.07611844431742748,0.07611844431742748,0.29780060706748523,FALSE,FALSE
2024-03-21,Weddell,0.271911664,-0.07826517710411124,0.07826517710411124,0.29780060706748523,FALSE,FALSE
2024-03-22,Weddell,0.253625883,-0.10129260387235887,0.10129260387235887,0.29780060706748523,FALSE,FALSE
2024-03-23,Weddell,0.274517958,-0.08519704934258093,0.08519704934258093,0.29780060706748523,FALSE,FALSE
2024-03-24,Weddell,0.278980887,-0.08558281623518793,0.08558281623518793,0.29780060706748523,FALSE,FALSE
2024-03-25,Weddell,0.314730006,-0.05473186927059126,0.05473186927059126,0.29780060706748523,FALSE,FALSE
2024-03-26,Weddell,0.349958083,-0.02444874116920137,0.02444874116920137,0.29780060706748523,FALSE,FALSE
2024-03-27,Weddell,0.363182008,-0.01621384265142872,0.01621384265142872,0.29780060706748523,FALSE,FALSE
2024-03-28,Weddell,0.380166566,-0.0042596894376839,0.0042596894376839,0.29780060706748523,FALSE,FALSE
2024-03-29,Weddell,0.381428635,-0.00806670424837802,0.00806670424837802,0.29780060706748523,FALSE,FALSE
2024-03-30,Weddell,0.367006137,-0.02759591699160235,0.02759591699160235,0.29780060706748523,FALSE,FALSE
2024-03-31,Weddell,0.388956281,-0.01079809602217407,0.01079809602217407,0.29780060706748523,FALSE,FALSE
2024-04-01,Weddell,0.4021283,-0.00283505395786359,0.00283505395786359,0.29780060706748523,FALSE,FALSE
2024-04-02,Weddell,0.429613442,0.01937340904702816,0.01937340904702816,0.29780060706748523,FALSE,FALSE
2024-04-03,Weddell,0.45649328,0.04089781783820012,0.04089781783820012,0.29780060706748523,FALSE,FALSE
2024-04-04,Weddell,0.480177552,0.05913686226135117,0.05913686226135117,0.29780060706748523,FALSE,FALSE
2024-04-05,Weddell,0.49196385,0.06537708616218146,0.06537708616218146,0.29780060706748523,FALSE,FALSE
2024-04-06,Weddell,0.503790315,0.07154558238638897,0.07154558238638897,0.29780060706748523,FALSE,FALSE
2024-04-07,Weddell,0.539956392,0.10193074777967354,0.10193074777967354,0.29780060706748523,FALSE,FALSE
2024-04-08,Weddell,0.554278452,0.11033790518773352,0.11033790518773352,0.29780060706748523,FALSE,FALSE
2024-04-09,Weddell,0.541225199,0.0912247104562688,0.0912247104562688,0.29780060706748523,FALSE,FALSE
2024-04-10,Weddell,0.530044335,0.07382781743097744,0.07382781743097744,0.29780060706748523,FALSE,FALSE
2024-04-11,Weddell,0.530049096,0.06744958066017437,0.06744958066017437,0.29780060706748523,FALSE,FALSE
2024-04-12,Weddell,0.525063866,0.05591538362639536,0.05591538362639536,0.29780060706748523,FALSE,FALSE
2024-04-13,Weddell,0.508254038,0.03241120442568029,0.03241120442568029,0.29780060706748523,FALSE,FALSE
2024-04-14,Weddell,0.498881131,0.01622097653804499,0.01622097653804499,0.29780060706748523,FALSE,FALSE
2024-04-15,Weddell,0.511318784,0.02174075344350401,0.02174075344350401,0.29780060706748523,FALSE,FALSE
2024-04-16,Weddell,0.53741808,0.04084403262207237,0.04084403262207237,0.29780060706748523,FALSE,FALSE
2024-04-17,Weddell,0.540514754,0.03688896355376525,0.03688896355376525,0.29780060706748523,FALSE,FALSE
2024-04-18,Weddell,0.546198577,0.03548773171859731,0.03548773171859731,0.29780060706748523,FALSE,FALSE
2024-04-19,Weddell,0.546196929,0.02839013159658388,0.02839013159658388,0.29780060706748523,FALSE,FALSE
2024-04-20,Weddell,0.542462325,0.01757109266773959,0.01757109266773959,0.29780060706748523,FALSE,FALSE
2024-04-21,Weddell,0.561733312,0.02979157641207941,0.02979157641207941,0.29780060706748523,FALSE,FALSE
2024-04-22,Weddell,0.595314608,0.05637871530961869,0.05637871530961869,0.29780060706748523,FALSE,FALSE
2024-04-23,Weddell,0.594074697,0.04822340784037171,0.04822340784037171,0.29780060706748523,FALSE,FALSE
2024-04-24,Weddell,0.622543962,0.06987643408042343,0.06987643408042343,0.29780060706748523,FALSE,FALSE
2024-04-25,Weddell,0.653559451,0.0941760788877254,0.0941760788877254,0.29780060706748523,FALSE,FALSE
2024-04-26,Weddell,0.652950526,0.086942353071632,0.086942353071632,0.29780060706748523,FALSE,FALSE
2024-04-27,Weddell,0.690032215,0.11748082190809916,0.11748082190809916,0.29780060706748523,FALSE,FALSE
2024-04-28,Weddell,0.72336452,0.14434202467308233,0.14434202467308233,0.29780060706748523,FALSE,FALSE
2024-04-29,Weddell,0.72707713,0.14164618764253667,0.14164618764253667,0.29780060706748523,FALSE,FALSE
2024-04-30,Weddell,0.712325062,0.12053886509241818,0.12053886509241818,0.29780060706748523,FALSE,FALSE
2024-05-01,Weddell,0.717276208,0.11917848629868212,0.11917848629868212,0.29780060706748523,FALSE,FALSE
2024-05-02,Weddell,0.724682754,0.12030777453728447,0.12030777453728447,0.29780060706748523,FALSE,FALSE
2024-05-03,Weddell,0.746861656,0.13623422308418054,0.13623422308418054,0.29780060706748523,FALSE,FALSE
2024-05-04,Weddell,0.772771724,0.15590717921532538,0.15590717921532538,0.29780060706748523,FALSE,FALSE
2024-05-05,Weddell,0.793227674,0.17013189620667502,0.17013189620667502,0.29780060706748523,FALSE,FALSE
2024-05-06,Weddell,0.783340346,0.1540097435056076,0.1540097435056076,0.29780060706748523,FALSE,FALSE
2024-05-07,Weddell,0.767342616,0.13175976200518336,0.13175976200518336,0.29780060706748523,FALSE,FALSE
2024-05-08,Weddell,0.740078859,0.09820087545720702,0.09820087545720702,0.29780060706748523,FALSE,FALSE
2024-05-09,Weddell,0.725829432,0.07758607833966269,0.07758607833966269,0.29780060706748523,FALSE,FALSE
2024-05-10,Weddell,0.725821133,0.07111480613053289,0.07111480613053289,0.29780060706748523,FALSE,FALSE
2024-05-11,Weddell,0.736298254,0.07500398830780275,0.07500398830780275,0.29780060706748523,FALSE,FALSE
2024-05-12,Weddell,0.733689056,0.06565452334945387,0.06565452334945387,0.29780060706748523,FALSE,FALSE
2024-05-13,Weddell,0.696399499,0.02144500873347077,0.02144500873347077,0.29780060706748523,FALSE,FALSE
2024-05-14,Weddell,0.693881058,0.01179955693783707,0.01179955693783707,0.29780060706748523,FALSE,FALSE
2024-05-15,Weddell,0.67639185,-0.01305107755946399,0.01305107755946399,0.29780060706748523,FALSE,FALSE
2024-05-16,Weddell,0.678260173,-0.01880595928044859,0.01880595928044859,0.29780060706748523,FALSE,FALSE
2024-05-17,Weddell,0.685799108,-0.01917936974713341,0.01917936974713341,0.29780060706748523,FALSE,FALSE
2024-05-18,Weddell,0.69822171,-0.01498561648153473,0.01498561648153473,0.29780060706748523,FALSE,FALSE
2024-05-19,Weddell,0.724219273,0.00244111165747284,0.00244111165747284,0.29780060706748523,FALSE,FALSE
2024-05-20,Weddell,0.788670934,0.05798876761543337,0.05798876761543337,0.29780060706748523,FALSE,FALSE
2024-05-21,Weddell,0.847260955,0.10738039564726076,0.10738039564726076,0.29780060706748523,FALSE,FALSE
2024-05-22,Weddell,0.860728902,0.11139535221585606,0.11139535221585606,0.29780060706748523,FALSE,FALSE
2024-05-23,Weddell,0.84520419,0.08620284278412216,0.08620284278412216,0.29780060706748523,FALSE,FALSE
2024-05-24,Weddell,0.816687638,0.04784347681496126,0.04784347681496126,0.29780060706748523,FALSE,FALSE
2024-05-25,Weddell,0.794514877,0.01569267577127486,0.01569267577127486,0.29780060706748523,FALSE,FALSE
2024-05-26,Weddell,0.802104565,0.01320888811596565,0.01320888811596565,0.29780060706748523,FALSE,FALSE
2024-05-27,Weddell,0.849675831,0.0506510333119351,0.0506510333119351,0.29780060706748523,FALSE,FALSE
2024-05-28,Weddell,0.879162182,0.06999240882208635,0.06999240882208635,0.29780060706748523,FALSE,FALSE
2024-05-29,Weddell,0.908523009,0.08923219610932076,0.08923219610932076,0.29780060706748523,FALSE,FALSE
2024-05-30,Weddell,0.922477246,0.0931291196365408,0.0931291196365408,0.29780060706748523,FALSE,FALSE
2024-05-31,Weddell,0.917329289,0.07802736586664816,0.07802736586664816,0.29780060706748523,FALSE,FALSE
2024-06-01,Weddell,0.907412861,0.05829225958304929,0.05829225958304929,0.29780060706748523,FALSE,FALSE
2024-06-02,Weddell,0.905062951,0.04625406437560198,0.04625406437560198,0.29780060706748523,FALSE,FALSE
2024-06-03,Weddell,0.932143431,0.06376185660859557,0.06376185660859557,0.29780060706748523,FALSE,FALSE
2024-06-04,Weddell,0.957167376,0.07931391527329379,0.07931391527329379,0.29780060706748523,FALSE,FALSE
2024-06-05,Weddell,0.972289603,0.08505026136095817,0.08505026136095817,0.29780060706748523,FALSE,FALSE
2024-06-06,Weddell,0.974582136,0.07802812286285332,0.07802812286285332,0.29780060706748523,FALSE,FALSE
2024-06-07,Weddell,0.975000168,0.06918789677024051,0.06918789677024051,0.29780060706748523,FALSE,FALSE
2024-06-08,Weddell,0.978465824,0.06343691207438373,0.06343691207438373,0.29780060706748523,FALSE,FALSE
2024-06-09,Weddell,0.973331517,0.04911278576654521,0.04911278576654521,0.29780060706748523,FALSE,FALSE
2024-06-10,Weddell,0.952830922,0.01943439683798908,0.01943439683798908,0.29780060706748523,FALSE,FALSE
2024-06-11,Weddell,0.939915538,-0.00266155172002291,0.00266155172002291,0.29780060706748523,FALSE,FALSE
2024-06-12,Weddell,0.962765353,0.01099013208377242,0.01099013208377242,0.29780060706748523,FALSE,FALSE
2024-06-13,Weddell,1.049447693,0.08844239262054898,0.08844239262054898,0.29780060706748523,FALSE,FALSE
2024-06-14,Weddell,1.095928069,0.12566462684652902,0.12566462684652902,0.29780060706748523,FALSE,FALSE
2024-06-15,Weddell,1.109845305,0.13032460520702782,0.13032460520702782,0.29780060706748523,FALSE,FALSE
2024-06-16,Weddell,1.11879623,0.1300499188225308,0.1300499188225308,0.29780060706748523,FALSE,FALSE
2024-06-17,Weddell,1.118419168,0.12050965381351686,0.12050965381351686,0.29780060706748523,FALSE,FALSE
2024-06-18,Weddell,1.093017722,0.08603817530047086,0.08603817530047086,0.29780060706748523,FALSE,FALSE
2024-06-19,Weddell,1.059780101,0.04385445440387525,0.04385445440387525,0.29780060706748523,FALSE,FALSE
2024-06-20,Weddell,1.035675729,0.01095867724421162,0.01095867724421162,0.29780060706748523,FALSE,FALSE
2024-06-21,Weddell,1.056405504,0.02308250394196354,0.02308250394196354,0.29780060706748523,FALSE,FALSE
2024-06-22,Weddell,1.059550189,0.01783745961761318,0.01783745961761318,0.29780060706748523,FALSE,FALSE
2024-06-23,Weddell,1.048453871,-0.00140160660835708,0.00140160660835708,0.29780060706748523,FALSE,FALSE
2024-06-24,Weddell,1.042633127,-0.0150873556154647,0.0150873556154647,0.29780060706748523,FALSE,FALSE
2024-06-25,Weddell,1.031477507,-0.03379947528322713,0.03379947528322713,0.29780060706748523,FALSE,FALSE
2024-06-26,Weddell,0.990040116,-0.08245822286761328,0.08245822286761328,0.29780060706748523,FALSE,FALSE
2024-06-27,Weddell,0.950944222,-0.12844485849711518,0.12844485849711518,0.29780060706748523,FALSE,FALSE
2024-06-28,Weddell,0.913728847,-0.17223912921245543,0.17223912921245543,0.29780060706748523,FALSE,FALSE
2024-06-29,Weddell,0.970893806,-0.1213600622741574,0.1213600622741574,0.29780060706748523,FALSE,FALSE
2024-06-30,Weddell,1.021599908,-0.07666569094274434,0.07666569094274434,0.29780060706748523,FALSE,FALSE
2024-07-01,Weddell,1.076895555,-0.02712645547873959,0.02712645547873959,0.29780060706748523,FALSE,FALSE
2024-07-02,Weddell,1.106183214,-0.00335873114266527,0.00335873114266527,0.29780060706748523,FALSE,FALSE
2024-07-03,Weddell,1.098750488,-0.0160937571950468,0.0160937571950468,0.29780060706748523,FALSE,FALSE
2024-07-04,Weddell,1.073380418,-0.04656733489640641,0.04656733489640641,0.29780060706748523,FALSE,FALSE
2024-07-05,Weddell,1.072907209,-0.05196410150726693,0.05196410150726693,0.29780060706748523,FALSE,FALSE
2024-07-06,Weddell,1.065605139,-0.06402862128815245,0.06402862128815245,0.29780060706748523,FALSE,FALSE
2024-07-07,Weddell,1.056390934,-0.077863010499587,0.077863010499587,0.29780060706748523,FALSE,FALSE
2024-07-08,Weddell,1.026942556,-0.11180814186687926,0.11180814186687926,0.29780060706748523,FALSE,FALSE
2024-07-09,Weddell,1.046212102,-0.09692928755124308,0.09692928755124308,0.29780060706748523,FALSE,FALSE
2024-07-10,Weddell,1.098953,-0.04848718136431751,0.04848718136431751,0.29780060706748523,FALSE,FALSE
2024-07-11,Weddell,1.092791351,-0.05886945966894519,0.05886945966894519,0.29780060706748523,FALSE,FALSE
2024-07-12,Weddell,1.105873969,-0.0499430458279686,0.0499430458279686,0.29780060706748523,FALSE,FALSE
2024-07-13,Weddell,1.120153874,-0.03976865720422973,0.03976865720422973,0.29780060706748523,FALSE,FALSE
2024-07-14,Weddell,1.125205786,-0.03878531116057271,0.03878531116057271,0.29780060706748523,FALSE,FALSE
2024-07-15,Weddell,1.119687906,-0.04834854405983901,0.04834854405983901,0.29780060706748523,FALSE,FALSE
2024-07-16,Weddell,1.093511037,-0.07856129026487269,0.07856129026487269,0.29780060706748523,FALSE,FALSE
2024-07-17,Weddell,1.095484778,-0.08062768813851418,0.08062768813851418,0.29780060706748523,FALSE,FALSE
2024-07-18,Weddell,1.104632918,-0.075537686043609,0.075537686043609,0.29780060706748523,FALSE,FALSE
2024-07-19,Weddell,1.170254785,-0.01400569334299728,0.01400569334299728,0.29780060706748523,FALSE,FALSE
2024-07-20,Weddell,1.232468173,0.04407234660047687,0.04407234660047687,0.29780060706748523,FALSE,FALSE
2024-07-21,Weddell,1.251161793,0.05857245087465657,0.05857245087465657,0.29780060706748523,FALSE,FALSE
2024-07-22,Weddell,1.295781362,0.09894204458434476,0.09894204458434476,0.29780060706748523,FALSE,FALSE
2024-07-23,Weddell,1.308440377,0.10730683103606142,0.10730683103606142,0.29780060706748523,FALSE,FALSE
2024-07-24,Weddell,1.309667529,0.10420794567639224,0.10420794567639224,0.29780060706748523,FALSE,FALSE
2024-07-25,Weddell,1.315806209,0.10600122395192368,0.10600122395192368,0.29780060706748523,FALSE,FALSE
2024-07-26,Weddell,1.365959572,0.1518022653092388,0.1518022653092388,0.29780060706748523,FALSE,FALSE
2024-07-27,Weddell,1.391116066,0.1726119621949247,0.1726119621949247,0.29780060706748523,FALSE,FALSE
2024-07-28,Weddell,1.383205941,0.16037300905556773,0.16037300905556773,0.29780060706748523,FALSE,FALSE
2024-07-29,Weddell,1.377873795,0.15074244833775174,0.15074244833775174,0.29780060706748523,FALSE,FALSE
2024-07-30,Weddell,1.380075676,0.1486887724880619,0.1486887724880619,0.29780060706748523,FALSE,FALSE
2024-07-31,Weddell,1.378015659,0.14242850095308546,0.14242850095308546,0.29780060706748523,FALSE,FALSE
2024-08-01,Weddell,1.35535109,0.11563142417940608,0.11563142417940608,0.29780060706748523,FALSE,FALSE
2024-08-02,Weddell,1.326480859,0.0827088764830366,0.0827088764830366,0.29780060706748523,FALSE,FALSE
2024-08-03,Weddell,1.315745991,0.06801080221450517,0.06801080221450517,0.29780060706748523,FALSE,FALSE
2024-08-04,Weddell,1.332236858,0.08062377681221822,0.08062377681221822,0.29780060706748523,FALSE,FALSE
2024-08-05,Weddell,1.341371969,0.08595964636244657,0.08595964636244657,0.29780060706748523,FALSE,FALSE
2024-08-06,Weddell,1.34463332,0.08549374395145826,0.08549374395145826,0.29780060706748523,FALSE,FALSE
2024-08-07,Weddell,1.329119715,0.0663182106655249,0.0663182106655249,0.29780060706748523,FALSE,FALSE
2024-08-08,Weddell,1.318358181,0.05195341059091452,0.05195341059091452,0.29780060706748523,FALSE,FALSE
2024-08-09,Weddell,1.309406808,0.0394507708138978,0.0394507708138978,0.29780060706748523,FALSE,FALSE
2024-08-10,Weddell,1.314936941,0.04147497342074402,0.04147497342074402,0.29780060706748523,FALSE,FALSE
2024-08-11,Weddell,1.305695945,0.02876672049772266,0.02876672049772266,0.29780060706748523,FALSE,FALSE
2024-08-12,Weddell,1.283092726,0.00272825513110497,0.00272825513110497,0.29780060706748523,FALSE,FALSE
2024-08-13,Weddell,1.226061365,-0.05771300459284156,0.05771300459284156,0.29780060706748523,FALSE,FALSE
2024-08-14,Weddell,1.169880527,-0.11728505658784671,0.11728505658784671,0.29780060706748523,FALSE,FALSE
2024-08-15,Weddell,1.151980113,-0.1385641138180742,0.1385641138180742,0.29780060706748523,FALSE,FALSE
2024-08-16,Weddell,1.143639068,-0.1502610291773221,0.1502610291773221,0.29780060706748523,FALSE,FALSE
2024-08-17,Weddell,1.136284336,-0.16091998153005416,0.16091998153005416,0.29780060706748523,FALSE,FALSE
2024-08-18,Weddell,1.111083015,-0.18934397230085231,0.18934397230085231,0.29780060706748523,FALSE,FALSE
2024-08-19,Weddell,1.121082074,-0.1824561319143001,0.1824561319143001,0.29780060706748523,FALSE,FALSE
2024-08-20,Weddell,1.150397054,-0.1561110187949819,0.1561110187949819,0.29780060706748523,FALSE,FALSE
2024-08-21,Weddell,1.126146361,-0.18316032636747792,0.18316032636747792,0.29780060706748523,FALSE,FALSE
2024-08-22,Weddell,1.096927606,-0.21497654305637348,0.21497654305637348,0.29780060706748523,FALSE,FALSE
2024-08-23,Weddell,1.075756619,-0.23851393828624956,0.23851393828624956,0.29780060706748523,FALSE,FALSE
2024-08-24,Weddell,1.061277521,-0.25509849048169086,0.25509849048169086,0.29780060706748523,FALSE,FALSE
2024-08-25,Weddell,1.068990477,-0.24920013406727937,0.24920013406727937,0.29780060706748523,FALSE,FALSE
2024-08-26,Weddell,1.080061008,-0.239623447467598,0.239623447467598,0.29780060706748523,FALSE,FALSE
2024-08-27,Weddell,1.074052005,-0.24677563910722955,0.24677563910722955,0.29780060706748523,FALSE,FALSE
2024-08-28,Weddell,1.123677791,-0.1979181624167734,0.1979181624167734,0.29780060706748523,FALSE,FALSE
2024-08-29,Weddell,1.145621751,-0.17637791194357866,0.17637791194357866,0.29780060706748523,FALSE,FALSE
2024-08-30,Weddell,1.164640453,-0.1574215631551017,0.1574215631551017,0.29780060706748523,FALSE,FALSE
2024-08-31,Weddell,1.190163045,-0.13164323477181394,0.13164323477181394,0.29780060706748523,FALSE,FALSE
2024-09-01,Weddell,1.211749337,-0.10950638351418696,0.10950638351418696,0.29780060706748523,FALSE,FALSE
2024-09-02,Weddell,1.220903035,-0.09953057010269428,0.09953057010269428,0.29780060706748523,FALSE,FALSE
2024-09-03,Weddell,1.237286443,-0.08207675725780628,0.08207675725780628,0.29780060706748523,FALSE,FALSE
2024-09-04,Weddell,1.238437167,-0.07963060569999492,0.07963060569999492,0.29780060706748523,FALSE,FALSE
2024-09-05,Weddell,1.250035517,-0.06653507214973331,0.06653507214973331,0.29780060706748523,FALSE,FALSE
2024-09-06,Weddell,1.280912596,-0.03398232032749249,0.03398232032749249,0.29780060706748523,FALSE,FALSE
2024-09-07,Weddell,1.315955839,0.00289181804625493,0.00289181804625493,0.29780060706748523,FALSE,FALSE
2024-09-08,Weddell,1.341695743,0.0305945732510382,0.0305945732510382,0.29780060706748523,FALSE,FALSE
2024-09-09,Weddell,1.340434306,0.03140478853158401,0.03140478853158401,0.29780060706748523,FALSE,FALSE
2024-09-10,Weddell,1.327073694,0.02021210417278451,0.02021210417278451,0.29780060706748523,FALSE,FALSE
2024-09-11,Weddell,1.334591534,0.03000085585632828,0.03000085585632828,0.29780060706748523,FALSE,FALSE
2024-09-12,Weddell,1.334591534,0.03238348547820413,0.03238348547820413,0.29780060706748523,FALSE,FALSE
2024-09-13,Weddell,1.38216621,0.08246124293440116,0.08246124293440116,0.29780060706748523,FALSE,FALSE
2024-09-14,Weddell,1.443674151,0.14660145112090506,0.14660145112090506,0.29780060706748523,FALSE,FALSE
2024-09-15,Weddell,1.475036608,0.18073409493370596,0.18073409493370596,0.29780060706748523,FALSE,FALSE
2024-09-16,Weddell,1.496068668,0.2046829952687914,0.2046829952687914,0.29780060706748523,FALSE,FALSE
2024-09-17,Weddell,1.514708264,0.22639481902214875,0.22639481902214875,0.29780060706748523,FALSE,FALSE
2024-09-18,Weddell,1.520704209,0.2356271130897667,0.2356271130897667,0.29780060706748523,FALSE,FALSE
2024-09-19,Weddell,1.524192665,0.242524773367633,0.242524773367633,0.29780060706748523,FALSE,FALSE
2024-09-20,Weddell,1.532713439,0.25463634075173625,0.25463634075173625,0.29780060706748523,FALSE,FALSE
2024-09-21,Weddell,1.558629107,0.28433312513806364,0.28433312513806364,0.29780060706748523,FALSE,FALSE
2024-09-22,Weddell,1.578939627,0.30862165547690257,0.30862165547690257,0.29780060706748523,TRUE,TRUE
2024-09-23,Weddell,1.617279599,0.35111994595149465,0.35111994595149465,0.29780060706748523,TRUE,TRUE
2024-09-24,Weddell,1.632139935,0.37028827549422494,0.37028827549422494,0.29780060706748523,TRUE,TRUE
2024-09-25,Weddell,1.636945543,0.3795207219390515,0.3795207219390515,0.29780060706748523,TRUE,TRUE
2024-09-26,Weddell,1.658560602,0.4056506341199335,0.4056506341199335,0.29780060706748523,TRUE,TRUE
2024-09-27,Weddell,1.690785171,0.4424472408708271,0.4424472408708271,0.29780060706748523,TRUE,TRUE
2024-09-28,Weddell,1.701442397,0.4577028590256924,0.4577028590256924,0.29780060706748523,TRUE,TRUE
2024-09-29,Weddell,1.705434392,0.4662887704184864,0.4662887704184864,0.29780060706748523,TRUE,TRUE
2024-09-30,Weddell,1.686753856,0.45216684488316794,0.45216684488316794,0.29780060706748523,TRUE,TRUE
2024-10-01,Weddell,1.668700697,0.43860616025369525,0.43860616025369525,0.29780060706748523,TRUE,TRUE
2024-10-02,Weddell,1.637586998,0.4118879693640261,0.4118879693640261,0.29780060706748523,TRUE,TRUE
2024-10-03,Weddell,1.634081672,0.41265035504811776,0.41265035504811776,0.29780060706748523,TRUE,TRUE
2024-10-04,Weddell,1.629223637,0.4119014150200806,0.4119014150200806,0.29780060706748523,TRUE,TRUE
2024-10-05,Weddell,1.618482717,0.4050921043164093,0.4050921043164093,0.29780060706748523,TRUE,TRUE
2024-10-06,Weddell,1.596298444,0.38667824137755225,0.38667824137755225,0.29780060706748523,TRUE,TRUE
2024-10-07,Weddell,1.565038139,0.3590498652557874,0.3590498652557874,0.29780060706748523,TRUE,TRUE
2024-10-08,Weddell,1.525041829,0.3225697210033889,0.3225697210033889,0.29780060706748523,TRUE,TRUE
2024-10-09,Weddell,1.505648387,0.30659939967263483,0.30659939967263483,0.29780060706748523,TRUE,TRUE
2024-10-10,Weddell,1.501612783,0.3059165893157998,0.3059165893157998,0.29780060706748523,TRUE,TRUE
2024-10-11,Weddell,1.506992611,0.31460160198516185,0.31460160198516185,0.29780060706748523,TRUE,TRUE
2024-10-12,Weddell,1.505828683,0.31671796773299543,0.31671796773299543,0.29780060706748523,TRUE,TRUE
2024-10-13,Weddell,1.497585726,0.31175313161157847,0.31175313161157847,0.29780060706748523,TRUE,TRUE
2024-10-14,Weddell,1.494146313,0.3116123846731862,0.3116123846731862,0.29780060706748523,TRUE,TRUE
2024-10-15,Weddell,1.499077559,0.3198855599700958,0.3198855599700958,0.29780060706748523,TRUE,TRUE
2024-10-16,Weddell,1.511106039,0.33532195055458125,0.33532195055458125,0.29780060706748523,TRUE,TRUE
2024-10-17,Weddell,1.501512372,0.32922445020168967,0.32922445020168967,0.29780060706748523,TRUE,TRUE
2024-10-18,Weddell,1.463683714,0.29499307460939383,0.29499307460939383,0.29780060706748523,FALSE,FALSE
2024-10-19,Weddell,1.470363484,0.30537510151804037,0.30537510151804037,0.29780060706748523,TRUE,FALSE
2024-10-20,Weddell,1.48120654,0.3200288872671686,0.3200288872671686,0.29780060706748523,TRUE,FALSE
2024-10-21,Weddell,1.469745894,0.31249094219631646,0.31249094219631646,0.29780060706748523,TRUE,FALSE
2024-10-22,Weddell,1.438440802,0.2852240206450223,0.2852240206450223,0.29780060706748523,FALSE,FALSE
2024-10-23,Weddell,1.413709708,0.2646500649528265,0.2646500649528265,0.29780060706748523,FALSE,FALSE
2024-10-24,Weddell,1.401638083,0.2568580444592665,0.2568580444592665,0.29780060706748523,FALSE,FALSE
2024-10-25,Weddell,1.37448355,0.23410908050388168,0.23410908050388168,0.29780060706748523,FALSE,FALSE
2024-10-26,Weddell,1.346671291,0.2108318534262097,0.2108318534262097,0.29780060706748523,FALSE,FALSE
2024-10-27,Weddell,1.320694649,0.18952320456579153,0.18952320456579153,0.29780060706748523,FALSE,FALSE
2024-10-28,Weddell,1.301954373,0.17558738126216378,0.17558738126216378,0.29780060706748523,FALSE,FALSE
2024-10-29,Weddell,1.297771803,0.1763492218548659,0.1763492218548659,0.29780060706748523,FALSE,FALSE
2024-10-30,Weddell,1.309857023,0.19352165554085432,0.19352165554085432,0.29780060706748523,FALSE,FALSE
2024-10-31,Weddell,1.318921709,0.2078159886074709,0.2078159886074709,0.29780060706748523,FALSE,FALSE
2024-11-01,Weddell,1.318331974,0.21259697684675083,0.21259697684675083,0.29780060706748523,FALSE,FALSE
2024-11-02,Weddell,1.34975836,0.2495338047852651,0.2495338047852651,0.29780060706748523,FALSE,FALSE
2024-11-03,Weddell,1.358868964,0.26429321194958466,0.26429321194958466,0.29780060706748523,FALSE,FALSE
2024-11-04,Weddell,1.366725425,0.27793547986627964,0.27793547986627964,0.29780060706748523,FALSE,FALSE
2024-11-05,Weddell,1.380629231,0.2977607390619228,0.2977607390619228,0.29780060706748523,FALSE,FALSE
2024-11-06,Weddell,1.399921019,0.3231082690630831,0.3231082690630831,0.29780060706748523,TRUE,FALSE
2024-11-07,Weddell,1.399890487,0.3292664103963323,0.3292664103963323,0.29780060706748523,TRUE,FALSE
2024-11-08,Weddell,1.373908805,0.30960497558824085,0.30960497558824085,0.29780060706748523,TRUE,FALSE
2024-11-09,Weddell,1.329145755,0.27129238916538023,0.27129238916538023,0.29780060706748523,FALSE,FALSE
2024-11-10,Weddell,1.302502962,0.2512289186543213,0.2512289186543213,0.29780060706748523,FALSE,FALSE
2024-11-11,Weddell,1.272262848,0.22769572452219355,0.22769572452219355,0.29780060706748523,FALSE,FALSE
2024-11-12,Weddell,1.251713336,0.21398477557194528,0.21398477557194528,0.29780060706748523,FALSE,FALSE
2024-11-13,Weddell,1.229269565,0.19852323463969812,0.19852323463969812,0.29780060706748523,FALSE,FALSE
2024-11-14,Weddell,1.242053978,0.2184462266178706,0.2184462266178706,0.29780060706748523,FALSE,FALSE
2024-11-15,Weddell,1.262668182,0.2463680403988835,0.2463680403988835,0.29780060706748523,FALSE,FALSE
2024-11-16,Weddell,1.28138113,0.2725703108751565,0.2725703108751565,0.29780060706748523,FALSE,FALSE
2024-11-17,Weddell,1.258914533,0.2577874309391095,0.2577874309391095,0.29780060706748523,FALSE,FALSE
2024-11-18,Weddell,1.234667013,0.24143070448316195,0.24143070448316195,0.29780060706748523,FALSE,FALSE
2024-11-19,Weddell,1.201348268,0.21622251139973436,0.21622251139973436,0.29780060706748523,FALSE,FALSE
2024-11-20,Weddell,1.170974536,0.19419177158124556,0.19419177158124556,0.29780060706748523,FALSE,FALSE
2024-11-21,Weddell,1.136326358,0.16813170792011634,0.16813170792011634,0.29780060706748523,FALSE,FALSE
2024-11-22,Weddell,1.132112534,0.1727638023087661,0.1727638023087661,0.29780060706748523,FALSE,FALSE
2024-11-23,Weddell,1.129663454,0.17943112663961458,0.17943112663961458,0.29780060706748523,FALSE,FALSE
2024-11-24,Weddell,1.125384317,0.1845491771988177,0.1845491771988177,0.29780060706748523,FALSE,FALSE
2024-11-25,Weddell,1.075398282,0.1442312416722693,0.1442312416722693,0.29780060706748523,FALSE,FALSE
2024-11-26,Weddell,1.057073215,0.13582517345077927,0.13582517345077927,0.29780060706748523,FALSE,FALSE
2024-11-27,Weddell,1.060743194,0.149644961110735,0.149644961110735,0.29780060706748523,FALSE,FALSE
2024-11-28,Weddell,1.047325319,0.14658761522852526,0.14658761522852526,0.29780060706748523,FALSE,FALSE
2024-11-29,Weddell,1.031427736,0.14124119238053856,0.14124119238053856,0.29780060706748523,FALSE,FALSE
2024-11-30,Weddell,1.01428845,0.13482360814316274,0.13482360814316274,0.29780060706748523,FALSE,FALSE
2024-12-01,Weddell,0.980000942,0.11140825409278576,0.11140825409278576,0.29780060706748523,FALSE,FALSE
2024-12-02,Weddell,0.958572988,0.10098281680579668,0.10098281680579668,0.29780060706748523,FALSE,FALSE
2024-12-03,Weddell,0.942039183,0.09556180185858298,0.09556180185858298,0.29780060706748523,FALSE,FALSE
2024-12-04,Weddell,0.913799901,0.07852549382753304,0.07852549382753304,0.29780060706748523,FALSE,FALSE
2024-12-05,Weddell,0.870131878,0.04613053928903576,0.04613053928903576,0.29780060706748523,FALSE,FALSE
2024-12-06,Weddell,0.820860587,0.00818232403791696,0.00818232403791696,0.29780060706748523,FALSE,FALSE
2024-12-07,Weddell,0.786861934,-0.01446264445675316,0.01446264445675316,0.29780060706748523,FALSE,FALSE
2024-12-08,Weddell,0.75225237,-0.03770565289649608,0.03770565289649608,0.29780060706748523,FALSE,FALSE
2024-12-09,Weddell,0.738034137,-0.0405619516413046,0.0405619516413046,0.29780060706748523,FALSE,FALSE
2024-12-10,Weddell,0.692064064,-0.07519220405116889,0.07519220405116889,0.29780060706748523,FALSE,FALSE
2024-12-11,Weddell,0.687682529,-0.06827352448608082,0.06827352448608082,0.29780060706748523,FALSE,FALSE
2024-12-12,Weddell,0.666048974,-0.07866396330603276,0.07866396330603276,0.29780060706748523,FALSE,FALSE
2024-12-13,Weddell,0.635568993,-0.09797541887101537,0.09797541887101537,0.29780060706748523,FALSE,FALSE
2024-12-14,Weddell,0.621243415,-0.10122455454102051,0.10122455454102051,0.29780060706748523,FALSE,FALSE
2024-12-15,Weddell,0.614261644,-0.09723945867604,0.09723945867604,0.29780060706748523,FALSE,FALSE
2024-12-16,Weddell,0.616046313,-0.08461499063606526,0.08461499063606526,0.29780060706748523,FALSE,FALSE
2024-12-17,Weddell,0.614802162,-0.07516390278108742,0.07516390278108742,0.29780060706748523,FALSE,FALSE
2024-12-18,Weddell,0.599188657,-0.08024422147109889,0.08024422147109889,0.29780060706748523,FALSE,FALSE
2024-12-19,Weddell,0.598530034,-0.07054861795367018,0.07054861795367018,0.29780060706748523,FALSE,FALSE
2024-12-20,Weddell,0.591774779,-0.06713626172118226,0.06713626172118226,0.29780060706748523,FALSE,FALSE
2024-12-21,Weddell,0.555651514,-0.09327880132075594,0.09327880132075594,0.29780060706748523,FALSE,FALSE
2024-12-22,Weddell,0.498915016,-0.14022152450381298,0.14022152450381298,0.29780060706748523,FALSE,FALSE
2024-12-23,Weddell,0.472211581,-0.1573182000217765,0.1573182000217765,0.29780060706748523,FALSE,FALSE
2024-12-24,Weddell,0.459819982,-0.16029011962606848,0.16029011962606848,0.29780060706748523,FALSE,FALSE
2024-12-25,Weddell,0.446724982,-0.16415258506811303,0.16415258506811303,0.29780060706748523,FALSE,FALSE
2024-12-26,Weddell,0.429889105,-0.17194313709933184,0.17194313709933184,0.29780060706748523,FALSE,FALSE
2024-12-27,Weddell,0.395972863,-0.1970013284711468,0.1970013284711468,0.29780060706748523,FALSE,FALSE
2024-12-28,Weddell,0.38981591,-0.19448756993498156,0.19448756993498156,0.29780060706748523,FALSE,FALSE
2024-12-29,Weddell,0.387299874,-0.1885202982422596,0.1885202982422596,0.29780060706748523,FALSE,FALSE
2024-12-30,Weddell,0.370485313,-0.19703902014440144,0.19703902014440144,0.29780060706748523,FALSE,FALSE
2024-12-31,Weddell,0.359253821,-0.20016220639283072,0.20016220639283072,0.29780060706748523,FALSE,FALSE
1978-11-01,circumpolar,17.66952881,0.0636195413138978,0.0636195413138978,1.1150233324839751,FALSE,FALSE
1978-11-03,circumpolar,17.57554043,0.11068037508117,0.11068037508117,1.1150233324839751,FALSE,FALSE
1978-11-05,circumpolar,17.41479287,0.10144539163767874,0.10144539163767874,1.1150233324839751,FALSE,FALSE
1978-11-07,circumpolar,17.26035021,0.11038228371842608,0.11038228371842608,1.1150233324839751,FALSE,FALSE
1978-11-09,circumpolar,17.1391336,0.16581581405844048,0.16581581405844048,1.1150233324839751,FALSE,FALSE
1978-11-11,circumpolar,16.87465006,0.09265661539273395,0.09265661539273395,1.1150233324839751,FALSE,FALSE
1978-11-13,circumpolar,16.5097914,-0.06487710957769721,0.06487710957769721,1.1150233324839751,FALSE,FALSE
1978-11-15,circumpolar,16.34536164,-0.00553416356882863,0.00553416356882863,1.1150233324839751,FALSE,FALSE
1978-11-17,circumpolar,16.02648537,-0.08430136735336902,0.08430136735336902,1.1150233324839751,FALSE,FALSE
1978-11-19,circumpolar,15.78338885,-0.07107280058373888,0.07107280058373888,1.1150233324839751,FALSE,FALSE
1978-11-21,circumpolar,15.51397596,-0.06806492291231692,0.06806492291231692,1.1150233324839751,FALSE,FALSE
1978-11-23,circumpolar,15.18733737,-0.1063074039915115,0.1063074039915115,1.1150233324839751,FALSE,FALSE
1978-11-25,circumpolar,14.90111805,-0.08826810627980564,0.08826810627980564,1.1150233324839751,FALSE,FALSE
1978-11-27,circumpolar,14.56385432,-0.10519259399360692,0.10519259399360692,1.1150233324839751,FALSE,FALSE
1978-11-29,circumpolar,14.23628236,-0.09567255814554798,0.09567255814554798,1.1150233324839751,FALSE,FALSE
1978-12-01,circumpolar,13.95429248,-0.02311266571751424,0.02311266571751424,1.1150233324839751,FALSE,FALSE
1978-12-03,circumpolar,13.76039598,0.15570340630861068,0.15570340630861068,1.1150233324839751,FALSE,FALSE
1978-12-05,circumpolar,13.47568044,0.262568260950939,0.262568260950939,1.1150233324839751,FALSE,FALSE
1978-12-07,circumpolar,13.0140135,0.2120540669069957,0.2120540669069957,1.1150233324839751,FALSE,FALSE
1978-12-09,circumpolar,12.57434291,0.2028262531199303,0.2028262531199303,1.1150233324839751,FALSE,FALSE
1978-12-11,circumpolar,12.20129516,0.276175578181709,0.276175578181709,1.1150233324839751,FALSE,FALSE
1978-12-13,circumpolar,11.7404085,0.27371581695711455,0.27371581695711455,1.1150233324839751,FALSE,FALSE
1978-12-15,circumpolar,11.31049433,0.3103338943109488,0.3103338943109488,1.1150233324839751,FALSE,FALSE
1978-12-17,circumpolar,10.84867196,0.3192246451080294,0.3192246451080294,1.1150233324839751,FALSE,FALSE
1978-12-19,circumpolar,10.34690766,0.28842986421312666,0.28842986421312666,1.1150233324839751,FALSE,FALSE
1978-12-21,circumpolar,9.937986306,0.34684131558461573,0.34684131558461573,1.1150233324839751,FALSE,FALSE
1978-12-23,circumpolar,9.487240653,0.35613563756369615,0.35613563756369615,1.1150233324839751,FALSE,FALSE
1978-12-25,circumpolar,8.947773673,0.265867977997841,0.265867977997841,1.1150233324839751,FALSE,FALSE
1978-12-27,circumpolar,8.500792968,0.2536986715215974,0.2536986715215974,1.1150233324839751,FALSE,FALSE
1978-12-29,circumpolar,8.098749931,0.26853184376951944,0.26853184376951944,1.1150233324839751,FALSE,FALSE
1978-12-31,circumpolar,7.777750778,0.34292644337613964,0.34292644337613964,1.1150233324839751,FALSE,FALSE
1979-01-01,circumpolar,6.182461316,-1.0638305846127327,1.0638305846127327,1.1150233324839751,FALSE,FALSE
1979-01-02,circumpolar,7.456886721,0.3925438384307291,0.3925438384307291,1.1150233324839751,FALSE,FALSE
1979-01-04,circumpolar,7.286636164,0.5671333284808195,0.5671333284808195,1.1150233324839751,FALSE,FALSE
1979-01-06,circumpolar,7.097029422,0.6986968635323194,0.6986968635323194,1.1150233324839751,FALSE,FALSE
1979-01-08,circumpolar,6.790886421,0.692143428045771,0.692143428045771,1.1150233324839751,FALSE,FALSE
1979-01-10,circumpolar,6.615114348,0.7964692674817657,0.7964692674817657,1.1150233324839751,FALSE,FALSE
1979-01-12,circumpolar,6.381475983,0.8255262203008691,0.8255262203008691,1.1150233324839751,FALSE,FALSE
1979-01-14,circumpolar,6.092835097,0.7842638899729142,0.7842638899729142,1.1150233324839751,FALSE,FALSE
1979-01-16,circumpolar,5.901119732,0.8260687107010654,0.8260687107010654,1.1150233324839751,FALSE,FALSE
1979-01-18,circumpolar,5.759769851,0.9044659006978044,0.9044659006978044,1.1150233324839751,FALSE,FALSE
1979-01-20,circumpolar,5.46669676,0.8172703052982451,0.8172703052982451,1.1150233324839751,FALSE,FALSE
1979-01-22,circumpolar,5.162836888,0.7053218928374934,0.7053218928374934,1.1150233324839751,FALSE,FALSE
1979-01-24,circumpolar,4.974112887,0.6944468546506597,0.6944468546506597,1.1150233324839751,FALSE,FALSE
1979-01-26,circumpolar,4.69603393,0.5800579030728521,0.5800579030728521,1.1150233324839751,FALSE,FALSE
1979-01-28,circumpolar,4.573283328,0.6068654340946851,0.6068654340946851,1.1150233324839751,FALSE,FALSE
1979-01-30,circumpolar,4.370066575,0.5397427733779545,0.5397427733779545,1.1150233324839751,FALSE,FALSE
1979-02-01,circumpolar,4.146673591,0.4398547592915705,0.4398547592915705,1.1150233324839751,FALSE,FALSE
1979-02-03,circumpolar,3.963581882,0.3685539199357528,0.3685539199357528,1.1150233324839751,FALSE,FALSE
1979-02-05,circumpolar,3.805652178,0.31157600741071967,0.31157600741071967,1.1150233324839751,FALSE,FALSE
1979-02-07,circumpolar,3.687640904,0.2845524688166976,0.2845524688166976,1.1150233324839751,FALSE,FALSE
1979-02-09,circumpolar,3.613377712,0.29207360753896783,0.29207360753896783,1.1150233324839751,FALSE,FALSE
1979-02-11,circumpolar,3.461090632,0.21154952631076895,0.21154952631076895,1.1150233324839751,FALSE,FALSE
1979-02-13,circumpolar,3.39947893,0.20971087523888168,0.20971087523888168,1.1150233324839751,FALSE,FALSE
1979-02-15,circumpolar,3.355001884,0.21102221433447751,0.21102221433447751,1.1150233324839751,FALSE,FALSE
1979-02-17,circumpolar,3.302000388,0.18782971960872177,0.18782971960872177,1.1150233324839751,FALSE,FALSE
1979-02-19,circumpolar,3.314796207,0.2124604380727808,0.2124604380727808,1.1150233324839751,FALSE,FALSE
1979-02-21,circumpolar,3.342637475,0.23218991951619072,0.23218991951619072,1.1150233324839751,FALSE,FALSE
1979-02-23,circumpolar,3.333914683,0.1948207533197168,0.1948207533197168,1.1150233324839751,FALSE,FALSE
1979-02-25,circumpolar,3.40038767,0.21370436184788577,0.21370436184788577,1.1150233324839751,FALSE,FALSE
1979-02-27,circumpolar,3.437457908,0.18602522102194996,0.18602522102194996,1.1150233324839751,FALSE,FALSE
1979-03-01,circumpolar,3.485525871,0.1539668087631636,0.1539668087631636,1.1150233324839751,FALSE,FALSE
1979-03-03,circumpolar,3.490725252,0.0654458219927756,0.0654458219927756,1.1150233324839751,FALSE,FALSE
1979-03-05,circumpolar,3.600254186,0.06944339334550031,0.06944339334550031,1.1150233324839751,FALSE,FALSE
1979-03-07,circumpolar,3.675629934,0.02909006994082119,0.02909006994082119,1.1150233324839751,FALSE,FALSE
1979-03-09,circumpolar,3.756656017,-0.0148095560932604,0.0148095560932604,1.1150233324839751,FALSE,FALSE
1979-03-11,circumpolar,3.838736303,-0.06598854782100005,0.06598854782100005,1.1150233324839751,FALSE,FALSE
1979-03-13,circumpolar,3.917824931,-0.12762969730665663,0.12762969730665663,1.1150233324839751,FALSE,FALSE
1979-03-15,circumpolar,4.039375708,-0.1534161286144835,0.1534161286144835,1.1150233324839751,FALSE,FALSE
1979-03-17,circumpolar,4.19047256,-0.1554008468087389,0.1554008468087389,1.1150233324839751,FALSE,FALSE
1979-03-19,circumpolar,4.355707911,-0.14816576579613194,0.14816576579613194,1.1150233324839751,FALSE,FALSE
1979-03-21,circumpolar,4.532165374,-0.1341367241701068,0.1341367241701068,1.1150233324839751,FALSE,FALSE
1979-03-23,circumpolar,4.851836512,0.01899171440002334,0.01899171440002334,1.1150233324839751,FALSE,FALSE
1979-03-25,circumpolar,5.110884048,0.10769455835843011,0.10769455835843011,1.1150233324839751,FALSE,FALSE
1979-03-27,circumpolar,5.188394096,0.01137020714928649,0.01137020714928649,1.1150233324839751,FALSE,FALSE
1979-03-29,circumpolar,5.474278492,0.12024278221677064,0.12024278221677064,1.1150233324839751,FALSE,FALSE
1979-03-31,circumpolar,5.745043849,0.2111213284225686,0.2111213284225686,1.1150233324839751,FALSE,FALSE
1979-04-01,circumpolar,8.537129692,2.912208435156578,2.912208435156578,1.1150233324839751,TRUE,FALSE
1979-04-02,circumpolar,5.929244409,0.2125696480141697,0.2125696480141697,1.1150233324839751,FALSE,FALSE
1979-04-04,circumpolar,6.12737028,0.22475219457875273,0.22475219457875273,1.1150233324839751,FALSE,FALSE
1979-04-06,circumpolar,6.446707128,0.3546106090736316,0.3546106090736316,1.1150233324839751,FALSE,FALSE
1979-04-08,circumpolar,6.718864738,0.4334106514561036,0.4334106514561036,1.1150233324839751,FALSE,FALSE
1979-04-10,circumpolar,7.126166325,0.643131511683471,0.643131511683471,1.1150233324839751,FALSE,FALSE
1979-04-12,circumpolar,7.407718829,0.7225367312803828,0.7225367312803828,1.1150233324839751,FALSE,FALSE
1979-04-14,circumpolar,7.584295397,0.6923120549391371,0.6923120549391371,1.1150233324839751,FALSE,FALSE
1979-04-16,circumpolar,7.853985418,0.7511079081164382,0.7511079081164382,1.1150233324839751,FALSE,FALSE
1979-04-18,circumpolar,8.067898474,0.7506960272696324,0.7506960272696324,1.1150233324839751,FALSE,FALSE
1979-04-20,circumpolar,8.325347153,0.7910511548560359,0.7910511548560359,1.1150233324839751,FALSE,FALSE
1979-04-22,circumpolar,8.581831744,0.8283357343329794,0.8283357343329794,1.1150233324839751,FALSE,FALSE
1979-04-24,circumpolar,8.858303365,0.8841630381577952,0.8841630381577952,1.1150233324839751,FALSE,FALSE
1979-04-26,circumpolar,9.077591255,0.8819771973912562,0.8819771973912562,1.1150233324839751,FALSE,FALSE
1979-04-28,circumpolar,9.238724033,0.8211344766155761,0.8211344766155761,1.1150233324839751,FALSE,FALSE
1979-04-30,circumpolar,9.327986919,0.6881398137603938,0.6881398137603938,1.1150233324839751,FALSE,FALSE
1979-05-01,circumpolar,11.76334439,3.01233134291013,3.01233134291013,1.1150233324839751,TRUE,FALSE
1979-05-02,circumpolar,9.456840892,0.5946737121685555,0.5946737121685555,1.1150233324839751,FALSE,FALSE
1979-05-04,circumpolar,9.755993428,0.6716631721829369,0.6716631721829369,1.1150233324839751,FALSE,FALSE
1979-05-06,circumpolar,9.944242733,0.6381259241463813,0.6381259241463813,1.1150233324839751,FALSE,FALSE
1979-05-08,circumpolar,10.10373244,0.5764167066032488,0.5764167066032488,1.1150233324839751,FALSE,FALSE
1979-05-10,circumpolar,10.39088891,0.6430301256210029,0.6430301256210029,1.1150233324839751,FALSE,FALSE
1979-05-12,circumpolar,10.61592161,0.6481245849043713,0.6481245849043713,1.1150233324839751,FALSE,FALSE
1979-05-14,circumpolar,10.95580487,0.7686196907599765,0.7686196907599765,1.1150233324839751,FALSE,FALSE
1979-05-16,circumpolar,11.28230803,0.8762300594944357,0.8762300594944357,1.1150233324839751,FALSE,FALSE
1979-05-18,circumpolar,11.44371306,0.8191829374143751,0.8191829374143751,1.1150233324839751,FALSE,FALSE
1979-05-20,circumpolar,11.54976288,0.707167653863884,0.707167653863884,1.1150233324839751,FALSE,FALSE
1979-05-22,circumpolar,11.70521202,0.6449927092932537,0.6449927092932537,1.1150233324839751,FALSE,FALSE
1979-05-24,circumpolar,11.88665697,0.6095032075980011,0.6095032075980011,1.1150233324839751,FALSE,FALSE
1979-05-26,circumpolar,12.15645624,0.6633267669315384,0.6633267669315384,1.1150233324839751,FALSE,FALSE
1979-05-28,circumpolar,12.40929152,0.701414185447252,0.701414185447252,1.1150233324839751,FALSE,FALSE
1979-05-30,circumpolar,12.69355809,0.7724298512985754,0.7724298512985754,1.1150233324839751,FALSE,FALSE
1979-06-01,circumpolar,12.98727126,0.8546581826388913,0.8546581826388913,1.1150233324839751,FALSE,FALSE
1979-06-03,circumpolar,13.31924094,0.9770844540509228,0.9770844540509228,1.1150233324839751,FALSE,FALSE
1979-06-05,circumpolar,13.53411934,0.984141356721512,0.984141356721512,1.1150233324839751,FALSE,FALSE
1979-06-07,circumpolar,13.73395957,0.9775585222611428,0.9775585222611428,1.1150233324839751,FALSE,FALSE
1979-06-09,circumpolar,13.80233665,0.8405874917740714,0.8405874917740714,1.1150233324839751,FALSE,FALSE
1979-06-11,circumpolar,13.93439382,0.7680480263645659,0.7680480263645659,1.1150233324839751,FALSE,FALSE
1979-06-13,circumpolar,14.09143844,0.7209240071368939,0.7209240071368939,1.1150233324839751,FALSE,FALSE
1979-06-15,circumpolar,14.24610102,0.6716104794010036,0.6716104794010036,1.1150233324839751,FALSE,FALSE
1979-06-17,circumpolar,14.55235521,0.7747879195546101,0.7747879195546101,1.1150233324839751,FALSE,FALSE
1979-06-19,circumpolar,14.92312635,0.9446601022541898,0.9446601022541898,1.1150233324839751,FALSE,FALSE
1979-06-21,circumpolar,15.22773519,1.0518342324507444,1.0518342324507444,1.1150233324839751,FALSE,FALSE
1979-06-23,circumpolar,15.4963733,1.1277883350952305,1.1277883350952305,1.1150233324839751,TRUE,FALSE
1979-06-25,circumpolar,15.62100017,1.065768355138653,1.065768355138653,1.1150233324839751,FALSE,FALSE
1979-06-27,circumpolar,15.7588621,1.0242790228456915,1.0242790228456915,1.1150233324839751,FALSE,FALSE
1979-06-29,circumpolar,15.88078007,0.9742877601621488,0.9742877601621488,1.1150233324839751,FALSE,FALSE
1979-07-01,circumpolar,15.98916124,0.916890486869466,0.916890486869466,1.1150233324839751,FALSE,FALSE
1979-07-03,circumpolar,16.09551216,0.8621837572280366,0.8621837572280366,1.1150233324839751,FALSE,FALSE
1979-07-05,circumpolar,16.13355306,0.7424778054982557,0.7424778054982557,1.1150233324839751,FALSE,FALSE
1979-07-07,circumpolar,16.21631213,0.6693908259404964,0.6693908259404964,1.1150233324839751,FALSE,FALSE
1979-07-09,circumpolar,16.39405879,0.6917826558090407,0.6917826558090407,1.1150233324839751,FALSE,FALSE
1979-07-11,circumpolar,16.52747798,0.6694282220004588,0.6694282220004588,1.1150233324839751,FALSE,FALSE
1979-07-13,circumpolar,16.68493697,0.6712542901408582,0.6712542901408582,1.1150233324839751,FALSE,FALSE
1979-07-15,circumpolar,16.8615836,0.693237039580584,0.693237039580584,1.1150233324839751,FALSE,FALSE
1979-07-17,circumpolar,16.98189164,0.6606785796699413,0.6606785796699413,1.1150233324839751,FALSE,FALSE
1979-07-19,circumpolar,17.09627517,0.6248213297592926,0.6248213297592926,1.1150233324839751,FALSE,FALSE
1979-07-21,circumpolar,17.23132799,0.6130874291989414,0.6130874291989414,1.1150233324839751,FALSE,FALSE
1979-07-23,circumpolar,17.33081872,0.5700225321563934,0.5700225321563934,1.1150233324839751,FALSE,FALSE
1979-07-25,circumpolar,17.40298246,0.504271941458267,0.504271941458267,1.1150233324839751,FALSE,FALSE
1979-07-27,circumpolar,17.29906379,0.26733073480307823,0.26733073480307823,1.1150233324839751,FALSE,FALSE
1979-07-29,circumpolar,17.43056158,0.270947622162236,0.270947622162236,1.1150233324839751,FALSE,FALSE
1979-07-31,circumpolar,17.36256124,0.0804578535071947,0.0804578535071947,1.1150233324839751,FALSE,FALSE
1979-08-01,circumpolar,18.53663993,1.195391706915391,1.195391706915391,1.1150233324839751,TRUE,FALSE
1979-08-02,circumpolar,17.3094736,-0.08947790119066568,0.08947790119066568,1.1150233324839751,FALSE,FALSE
1979-08-04,circumpolar,17.36070234,-0.1492213140620997,0.1492213140620997,1.1150233324839751,FALSE,FALSE
1979-08-06,circumpolar,17.33814823,-0.2769596429877623,0.2769596429877623,1.1150233324839751,FALSE,FALSE
1979-08-08,circumpolar,17.36095473,-0.3539459387985673,0.3539459387985673,1.1150233324839751,FALSE,FALSE
1979-08-10,circumpolar,17.59412285,-0.21558805406723636,0.21558805406723636,1.1150233324839751,FALSE,FALSE
1979-08-12,circumpolar,17.89559256,-0.00435488136650619,0.00435488136650619,1.1150233324839751,FALSE,FALSE
1979-08-14,circumpolar,18.02933942,0.04332027673093819,0.04332027673093819,1.1150233324839751,FALSE,FALSE
1979-08-16,circumpolar,18.35592084,0.2875868462226485,0.2875868462226485,1.1150233324839751,FALSE,FALSE
1979-08-18,circumpolar,18.47382119,0.3266608258053765,0.3266608258053765,1.1150233324839751,FALSE,FALSE
1979-08-20,circumpolar,18.52246188,0.2999864688395206,0.2999864688395206,1.1150233324839751,FALSE,FALSE
1979-08-22,circumpolar,18.59685603,0.3026361791584158,0.3026361791584158,1.1150233324839751,FALSE,FALSE
1979-08-24,circumpolar,18.58529105,0.2229566505953464,0.2229566505953464,1.1150233324839751,FALSE,FALSE
1979-08-26,circumpolar,18.51859756,0.09183778698364264,0.09183778698364264,1.1150233324839751,FALSE,FALSE
1979-08-28,circumpolar,18.47745969,-0.00997699784340611,0.00997699784340611,1.1150233324839751,FALSE,FALSE
1979-08-30,circumpolar,18.46773839,-0.07655830401722596,0.07655830401722596,1.1150233324839751,FALSE,FALSE
1979-09-01,circumpolar,18.51200923,-0.08521699445322994,0.08521699445322994,1.1150233324839751,FALSE,FALSE
1979-09-03,circumpolar,18.51442318,-0.13167467381131814,0.13167467381131814,1.1150233324839751,FALSE,FALSE
1979-09-05,circumpolar,18.59875585,-0.09202830302591992,0.09202830302591992,1.1150233324839751,FALSE,FALSE
1979-09-07,circumpolar,18.65820508,-0.07295261303143974,0.07295261303143974,1.1150233324839751,FALSE,FALSE
1979-09-09,circumpolar,18.65735411,-0.10973693476233136,0.10973693476233136,1.1150233324839751,FALSE,FALSE
1979-09-11,circumpolar,18.65266373,-0.14579068648133386,0.14579068648133386,1.1150233324839751,FALSE,FALSE
1979-09-13,circumpolar,18.65171871,-0.17336876551604874,0.17336876551604874,1.1150233324839751,FALSE,FALSE
1979-09-15,circumpolar,18.67201722,-0.1747913996450201,0.1747913996450201,1.1150233324839751,FALSE,FALSE
1979-09-17,circumpolar,18.50137966,-0.36205615467430974,0.36205615467430974,1.1150233324839751,FALSE,FALSE
1979-09-19,circumpolar,18.36864693,-0.5061400964099967,0.5061400964099967,1.1150233324839751,FALSE,FALSE
1979-09-21,circumpolar,18.44090746,-0.4397727606581654,0.4397727606581654,1.1150233324839751,FALSE,FALSE
1979-09-23,circumpolar,18.35617464,-0.5247595039715414,0.5247595039715414,1.1150233324839751,FALSE,FALSE
1979-09-25,circumpolar,18.45510367,-0.4203070630292949,0.4203070630292949,1.1150233324839751,FALSE,FALSE
1979-09-27,circumpolar,18.596625,-0.26741184828264863,0.26741184828264863,1.1150233324839751,FALSE,FALSE
1979-09-29,circumpolar,18.59870937,-0.24803533532443825,0.24803533532443825,1.1150233324839751,FALSE,FALSE
1979-10-01,circumpolar,18.5894854,-0.2339811197474937,0.2339811197474937,1.1150233324839751,FALSE,FALSE
1979-10-03,circumpolar,18.63402076,-0.16011374714463145,0.16011374714463145,1.1150233324839751,FALSE,FALSE
1979-10-05,circumpolar,18.60250571,-0.15617517039747497,0.15617517039747497,1.1150233324839751,FALSE,FALSE
1979-10-07,circumpolar,18.46915607,-0.24785900100607705,0.24785900100607705,1.1150233324839751,FALSE,FALSE
1979-10-09,circumpolar,18.47441384,-0.19455460839314753,0.19455460839314753,1.1150233324839751,FALSE,FALSE
1979-10-11,circumpolar,18.38128869,-0.23306698548757865,0.23306698548757865,1.1150233324839751,FALSE,FALSE
1979-10-13,circumpolar,18.40647868,-0.1465127352183444,0.1465127352183444,1.1150233324839751,FALSE,FALSE
1979-10-15,circumpolar,18.341853360000002,-0.14283697051434174,0.14283697051434174,1.1150233324839751,FALSE,FALSE
1979-10-17,circumpolar,18.29990536,-0.10936172430450952,0.10936172430450952,1.1150233324839751,FALSE,FALSE
1979-10-19,circumpolar,18.13082691,-0.19571884202063217,0.19571884202063217,1.1150233324839751,FALSE,FALSE
1979-10-21,circumpolar,18.0769473,-0.15948271846666273,0.15948271846666273,1.1150233324839751,FALSE,FALSE
1979-10-23,circumpolar,17.93115944,-0.2077041581027821,0.2077041581027821,1.1150233324839751,FALSE,FALSE
1979-10-25,circumpolar,17.80638787,-0.227402638590533,0.227402638590533,1.1150233324839751,FALSE,FALSE
1979-10-27,circumpolar,17.67544424,-0.24571052759149128,0.24571052759149128,1.1150233324839751,FALSE,FALSE
1979-10-29,circumpolar,17.58756364,-0.2133367527672334,0.2133367527672334,1.1150233324839751,FALSE,FALSE
1979-10-31,circumpolar,17.38698433,-0.2859644135034678,0.2859644135034678,1.1150233324839751,FALSE,FALSE
1979-11-01,circumpolar,16.35893269,-1.2469765786861018,1.2469765786861018,1.1150233324839751,TRUE,FALSE
1979-11-02,circumpolar,17.31377718,-0.2228276763551804,0.2228276763551804,1.1150233324839751,FALSE,FALSE
1979-11-04,circumpolar,17.11599401,-0.27450540278516655,0.27450540278516655,1.1150233324839751,FALSE,FALSE
1979-11-06,circumpolar,17.05569215,-0.17753665005841412,0.17753665005841412,1.1150233324839751,FALSE,FALSE
1979-11-08,circumpolar,16.9683577,-0.09503170543990792,0.09503170543990792,1.1150233324839751,FALSE,FALSE
1979-11-10,circumpolar,16.52467189,-0.3549057261946338,0.3549057261946338,1.1150233324839751,FALSE,FALSE
1979-11-12,circumpolar,16.44389841,-0.2364927113632902,0.2364927113632902,1.1150233324839751,FALSE,FALSE
1979-11-14,circumpolar,16.1943255,-0.2705062228273576,0.2705062228273576,1.1150233324839751,FALSE,FALSE
1979-11-16,circumpolar,15.94092979,-0.29194600425864614,0.29194600425864614,1.1150233324839751,FALSE,FALSE
1979-11-18,circumpolar,15.72038919,-0.26425448530955187,0.26425448530955187,1.1150233324839751,FALSE,FALSE
1979-11-20,circumpolar,15.44046965,-0.2797860556324725,0.2797860556324725,1.1150233324839751,FALSE,FALSE
1979-11-22,circumpolar,15.18402903,-0.2558031948798085,0.2558031948798085,1.1150233324839751,FALSE,FALSE
1979-11-24,circumpolar,14.73061952,-0.4128740527039625,0.4128740527039625,1.1150233324839751,FALSE,FALSE
1979-11-26,circumpolar,14.39899846,-0.43226810539330174,0.43226810539330174,1.1150233324839751,FALSE,FALSE
1979-11-28,circumpolar,14.06244203,-0.4401970442034422,0.4401970442034422,1.1150233324839751,FALSE,FALSE
1979-11-30,circumpolar,13.7186868,-0.4382195179426595,0.4382195179426595,1.1150233324839751,FALSE,FALSE
1979-12-01,circumpolar,10.96968466,-3.0077204857175133,3.0077204857175133,1.1150233324839751,TRUE,FALSE
1979-12-02,circumpolar,13.42815322,-0.36521005359284153,0.36521005359284153,1.1150233324839751,FALSE,FALSE
1979-12-04,circumpolar,13.00204709,-0.40925782813588185,0.40925782813588185,1.1150233324839751,FALSE,FALSE
1979-12-06,circumpolar,12.57330178,-0.43672444855366344,0.43672444855366344,1.1150233324839751,FALSE,FALSE
1979-12-08,circumpolar,12.03683165,-0.5521459620385922,0.5521459620385922,1.1150233324839751,FALSE,FALSE
1979-12-10,circumpolar,11.48948881,-0.6605783170093371,0.6605783170093371,1.1150233324839751,FALSE,FALSE
1979-12-12,circumpolar,11.06219952,-0.6349650606988426,0.6349650606988426,1.1150233324839751,FALSE,FALSE
1979-12-14,circumpolar,10.38682268,-0.8473717682423203,0.8473717682423203,1.1150233324839751,FALSE,FALSE
1979-12-16,circumpolar,9.765439077,-0.999642127774962,0.999642127774962,1.1150233324839751,FALSE,FALSE
1979-12-18,circumpolar,9.067806567,-1.2259427584319766,1.2259427584319766,1.1150233324839751,TRUE,TRUE
1979-12-20,circumpolar,8.584702194,-1.2394195083075663,1.2394195083075663,1.1150233324839751,TRUE,TRUE
1979-12-22,circumpolar,8.06880714,-1.2911844853180714,1.2911844853180714,1.1150233324839751,TRUE,TRUE
1979-12-24,circumpolar,7.464203486,-1.44072508319078,1.44072508319078,1.1150233324839751,TRUE,TRUE
1979-12-26,circumpolar,7.109549017,-1.3529307842911509,1.3529307842911509,1.1150233324839751,TRUE,TRUE
1979-12-28,circumpolar,6.853222132,-1.1829704569846298,1.1829704569846298,1.1150233324839751,TRUE,TRUE
1979-12-30,circumpolar,6.607096571,-1.0225176286366633,1.0225176286366633,1.1150233324839751,FALSE,FALSE
1980-01-01,circumpolar,6.464588346,-0.7817035546127329,0.7817035546127329,1.1150233324839751,FALSE,FALSE
1980-01-03,circumpolar,6.229232155,-0.6596014166406121,0.6596014166406121,1.1150233324839751,FALSE,FALSE
1980-01-05,circumpolar,6.081930055,-0.47415948689738663,0.47415948689738663,1.1150233324839751,FALSE,FALSE
1980-01-07,circumpolar,5.815110618,-0.4308601349224901,0.4308601349224901,1.1150233324839751,FALSE,FALSE
1980-01-09,circumpolar,5.544050693,-0.4123374532553399,0.4123374532553399,1.1150233324839751,FALSE,FALSE
1980-01-11,circumpolar,5.366783875,-0.318468788435359,0.318468788435359,1.1150233324839751,FALSE,FALSE
1980-01-13,circumpolar,5.157120346,-0.27335490000197993,0.27335490000197993,1.1150233324839751,FALSE,FALSE
1980-01-15,circumpolar,5.0745463730000004,-0.11554913061313954,0.11554913061313954,1.1150233324839751,FALSE,FALSE
1980-01-17,circumpolar,4.930916483,-0.03253333466758335,0.03253333466758335,1.1150233324839751,FALSE,FALSE
1980-01-19,circumpolar,4.878698234,0.1280727572141176,0.1280727572141176,1.1150233324839751,FALSE,FALSE
1980-01-21,circumpolar,4.660173216,0.10845427436707313,0.10845427436707313,1.1150233324839751,FALSE,FALSE
1980-01-23,circumpolar,4.522072449,0.155245776126395,0.155245776126395,1.1150233324839751,FALSE,FALSE
1980-01-25,circumpolar,4.347802348,0.15175721682718102,0.15175721682718102,1.1150233324839751,FALSE,FALSE
1980-01-27,circumpolar,4.205523224,0.16606391865810988,0.16606391865810988,1.1150233324839751,FALSE,FALSE
1980-01-29,circumpolar,4.076308715,0.17956619641379357,0.17956619641379357,1.1150233324839751,FALSE,FALSE
1980-01-31,circumpolar,4.01298567,0.24593330474970765,0.24593330474970765,1.1150233324839751,FALSE,FALSE
1980-02-01,circumpolar,3.311730998,-0.3950878337084296,0.3950878337084296,1.1150233324839751,FALSE,FALSE
1980-02-02,circumpolar,3.903361711,0.25384788776607436,0.25384788776607436,1.1150233324839751,FALSE,FALSE
1980-02-04,circumpolar,3.75711648,0.21386460956312625,0.21386460956312625,1.1150233324839751,FALSE,FALSE
1980-02-06,circumpolar,3.630420411,0.1830289262410676,0.1830289262410676,1.1150233324839751,FALSE,FALSE
1980-02-08,circumpolar,3.494865338,0.13380685308319018,0.13380685308319018,1.1150233324839751,FALSE,FALSE
1980-02-10,circumpolar,3.415386562,0.13133803053102475,0.13133803053102475,1.1150233324839751,FALSE,FALSE
1980-02-12,circumpolar,3.323995413,0.1059642461295911,0.1059642461295911,1.1150233324839751,FALSE,FALSE
1980-02-14,circumpolar,3.238399412,0.07339830289004778,0.07339830289004778,1.1150233324839751,FALSE,FALSE
1980-02-16,circumpolar,3.171816958,0.04486388182356649,0.04486388182356649,1.1150233324839751,FALSE,FALSE
1980-02-18,circumpolar,3.124392699,0.01851091294132745,0.01851091294132745,1.1150233324839751,FALSE,FALSE
1980-02-20,circumpolar,3.09632834,-0.00745361674551281,0.00745361674551281,1.1150233324839751,FALSE,FALSE
1980-02-22,circumpolar,3.067613246,-0.05467818330255003,0.05467818330255003,1.1150233324839751,FALSE,FALSE
1980-02-24,circumpolar,2.974931508,-0.18570067312685937,0.18570067312685937,1.1150233324839751,FALSE,FALSE
1980-02-26,circumpolar,2.966987224,-0.25003721126589795,0.25003721126589795,1.1150233324839751,FALSE,FALSE
1980-02-28,circumpolar,3.002456177,-0.28722901079841545,0.28722901079841545,1.1150233324839751,FALSE,FALSE
1980-03-01,circumpolar,2.967922801,-0.4089086338031618,0.4089086338031618,1.1150233324839751,FALSE,FALSE
1980-03-03,circumpolar,3.081743798,-0.3949363743588745,0.3949363743588745,1.1150233324839751,FALSE,FALSE
1980-03-05,circumpolar,3.258871923,-0.32859988384467975,0.32859988384467975,1.1150233324839751,FALSE,FALSE
1980-03-07,circumpolar,3.366480723,-0.3414263576810268,0.3414263576810268,1.1150233324839751,FALSE,FALSE
1980-03-09,circumpolar,3.427372827,-0.4097346306789085,0.4097346306789085,1.1150233324839751,FALSE,FALSE
1980-03-11,circumpolar,3.499390507,-0.47481936190257246,0.47481936190257246,1.1150233324839751,FALSE,FALSE
1980-03-13,circumpolar,3.568423068,-0.5499281774162825,0.5499281774162825,1.1150233324839751,FALSE,FALSE
1980-03-15,circumpolar,3.655076617,-0.6135919012842934,0.6135919012842934,1.1150233324839751,FALSE,FALSE
1980-03-17,circumpolar,3.713005324,-0.7112945855814043,0.7112945855814043,1.1150233324839751,FALSE,FALSE
1980-03-19,circumpolar,3.775697891,-0.8088561938858669,0.8088561938858669,1.1150233324839751,FALSE,FALSE
1980-03-21,circumpolar,3.789907348,-0.9591713329683156,0.9591713329683156,1.1150233324839751,FALSE,FALSE
1980-03-23,circumpolar,3.905735217,-1.0118261953845709,1.0118261953845709,1.1150233324839751,FALSE,FALSE
1980-03-25,circumpolar,4.083786465,-1.0059035286904603,1.0059035286904603,1.1150233324839751,FALSE,FALSE
1980-03-27,circumpolar,4.23274492,-1.032407219441808,1.032407219441808,1.1150233324839751,FALSE,FALSE
1980-03-29,circumpolar,4.397327186,-1.046308378194447,1.046308378194447,1.1150233324839751,FALSE,FALSE
1980-03-31,circumpolar,4.544421172,-1.0805000848434227,1.0805000848434227,1.1150233324839751,FALSE,FALSE
1980-04-01,circumpolar,6.342494473,0.6258197120141702,0.6258197120141702,1.1150233324839751,FALSE,FALSE
1980-04-02,circumpolar,4.617547338,-1.1916786981349947,1.1916786981349947,1.1150233324839751,TRUE,TRUE
1980-04-04,circumpolar,4.754402396,-1.2424915159749297,1.2424915159749297,1.1150233324839751,TRUE,TRUE
1980-04-06,circumpolar,5.020171817,-1.1680970924059144,1.1680970924059144,1.1150233324839751,TRUE,TRUE
1980-04-08,circumpolar,5.077935503,-1.3057595504706576,1.3057595504706576,1.1150233324839751,TRUE,TRUE
1980-04-10,circumpolar,5.249589625,-1.3339267442118548,1.3339267442118548,1.1150233324839751,TRUE,TRUE
1980-04-12,circumpolar,5.396657345,-1.3913723748014766,1.3913723748014766,1.1150233324839751,TRUE,TRUE
1980-04-14,circumpolar,5.522153931,-1.4748062641906197,1.4748062641906197,1.1150233324839751,TRUE,TRUE
1980-04-16,circumpolar,5.655817464,-1.5538350528325324,1.5538350528325324,1.1150233324839751,TRUE,TRUE
1980-04-18,circumpolar,5.868494184,-1.5569503462699066,1.5569503462699066,1.1150233324839751,TRUE,TRUE
1980-04-20,circumpolar,6.10034584,-1.5433282410453932,1.5433282410453932,1.1150233324839751,TRUE,TRUE
1980-04-22,circumpolar,6.370339832,-1.4933391827016749,1.4933391827016749,1.1150233324839751,TRUE,TRUE
1980-04-24,circumpolar,6.545927425,-1.538873253357865,1.538873253357865,1.1150233324839751,TRUE,TRUE
1980-04-26,circumpolar,6.698685858,-1.60786697246522,1.60786697246522,1.1150233324839751,TRUE,TRUE
1980-04-28,circumpolar,6.993739892,-1.534956902823505,1.534956902823505,1.1150233324839751,TRUE,TRUE
1980-04-30,circumpolar,7.210251483,-1.5407615640898698,1.5407615640898698,1.1150233324839751,TRUE,TRUE
1980-05-01,circumpolar,9.818155117,0.9559879371685548,0.9559879371685548,1.1150233324839751,FALSE,FALSE
1980-05-02,circumpolar,7.461573876,-1.5117081869214577,1.5117081869214577,1.1150233324839751,TRUE,TRUE
1980-05-04,circumpolar,7.709913565,-1.485370752975407,1.485370752975407,1.1150233324839751,TRUE,TRUE
1980-05-06,circumpolar,7.980442837,-1.4363574659018443,1.4363574659018443,1.1150233324839751,TRUE,TRUE
1980-05-08,circumpolar,8.25812795,-1.379538330401914,1.379538330401914,1.1150233324839751,TRUE,TRUE
1980-05-10,circumpolar,8.530386649,-1.3275134367896797,1.3275134367896797,1.1150233324839751,TRUE,TRUE
1980-05-12,circumpolar,8.75170344,-1.325853002758521,1.325853002758521,1.1150233324839751,TRUE,TRUE
1980-05-14,circumpolar,8.940882819,-1.3558072560018104,1.3558072560018104,1.1150233324839751,TRUE,TRUE
1980-05-16,circumpolar,9.193506935,-1.3218487712129503,1.3218487712129503,1.1150233324839751,TRUE,TRUE
1980-05-18,circumpolar,9.431817331,-1.3017907290852833,1.3017907290852833,1.1150233324839751,TRUE,TRUE
1980-05-20,circumpolar,9.650576815,-1.300899838271263,1.300899838271263,1.1150233324839751,TRUE,TRUE
1980-05-22,circumpolar,9.86816767,-1.300621889923379,1.300621889923379,1.1150233324839751,TRUE,TRUE
1980-05-24,circumpolar,10.13493042,-1.2503478596234174,1.2503478596234174,1.1150233324839751,TRUE,TRUE
1980-05-26,circumpolar,10.33538056,-1.2652931442179651,1.2652931442179651,1.1150233324839751,TRUE,TRUE
1980-05-28,circumpolar,10.49092376,-1.3237829655536242,1.3237829655536242,1.1150233324839751,TRUE,TRUE
1980-05-30,circumpolar,10.77773385,-1.2493743854769868,1.2493743854769868,1.1150233324839751,TRUE,TRUE
1980-06-01,circumpolar,10.93343323,-1.304187007803586,1.304187007803586,1.1150233324839751,TRUE,TRUE
1980-06-03,circumpolar,11.08482988,-1.361432376153397,1.361432376153397,1.1150233324839751,TRUE,TRUE
1980-06-05,circumpolar,11.39783127,-1.2555128321863176,1.2555128321863176,1.1150233324839751,TRUE,TRUE
1980-06-07,circumpolar,11.61272218,-1.2464670747980708,1.2464670747980708,1.1150233324839751,TRUE,TRUE
1980-06-09,circumpolar,11.92763043,-1.1364907628844012,1.1364907628844012,1.1150233324839751,TRUE,TRUE
1980-06-11,circumpolar,12.2883561,-0.9801072953410142,0.9801072953410142,1.1150233324839751,FALSE,FALSE
1980-06-13,circumpolar,12.61488294,-0.857654570643243,0.857654570643243,1.1150233324839751,FALSE,FALSE
1980-06-15,circumpolar,12.95800276,-0.7182179761560068,0.7182179761560068,1.1150233324839751,FALSE,FALSE
1980-06-17,circumpolar,13.14034792,-0.7380214765982878,0.7380214765982878,1.1150233324839751,FALSE,FALSE
1980-06-19,circumpolar,13.38902049,-0.6886765470190923,0.6886765470190923,1.1150233324839751,FALSE,FALSE
1980-06-21,circumpolar,13.57881315,-0.6941040524674449,0.6941040524674449,1.1150233324839751,FALSE,FALSE
1980-06-23,circumpolar,13.93716904,-0.5255743979923562,0.5255743979923562,1.1150233324839751,FALSE,FALSE
1980-06-25,circumpolar,14.10275069,-0.5431385986428516,0.5431385986428516,1.1150233324839751,FALSE,FALSE
1980-06-27,circumpolar,14.24908454,-0.5723076269036689,0.5723076269036689,1.1150233324839751,FALSE,FALSE
1980-06-29,circumpolar,14.39238017,-0.5976795854243271,0.5976795854243271,1.1150233324839751,FALSE,FALSE
1980-07-01,circumpolar,14.48130129,-0.6720002624239338,0.6720002624239338,1.1150233324839751,FALSE,FALSE
1980-07-03,circumpolar,14.6984421,-0.6140854536420832,0.6140854536420832,1.1150233324839751,FALSE,FALSE
1980-07-05,circumpolar,15.00947964,-0.4596681148184026,0.4596681148184026,1.1150233324839751,FALSE,FALSE
1980-07-07,circumpolar,15.28523246,-0.33933969169249956,0.33933969169249956,1.1150233324839751,FALSE,FALSE
1980-07-09,circumpolar,15.35552843,-0.42460033262948826,0.42460033262948826,1.1150233324839751,FALSE,FALSE
1980-07-11,circumpolar,15.48954356,-0.44639201788236704,0.44639201788236704,1.1150233324839751,FALSE,FALSE
1980-07-13,circumpolar,15.77245556,-0.3187319615110926,0.3187319615110926,1.1150233324839751,FALSE,FALSE
1980-07-15,circumpolar,15.94223985,-0.30281640416533406,0.30281640416533406,1.1150233324839751,FALSE,FALSE
1980-07-17,circumpolar,16.07620784,-0.32050559649476895,0.32050559649476895,1.1150233324839751,FALSE,FALSE
1980-07-19,circumpolar,16.24746444,-0.2978662891490629,0.2978662891490629,1.1150233324839751,FALSE,FALSE
1980-07-21,circumpolar,16.29782235,-0.3922603247195155,0.3922603247195155,1.1150233324839751,FALSE,FALSE
1980-07-23,circumpolar,16.51026226,-0.32008695244981666,0.32008695244981666,1.1150233324839751,FALSE,FALSE
1980-07-25,circumpolar,16.6866485,-0.27920037612290827,0.27920037612290827,1.1150233324839751,FALSE,FALSE
1980-07-27,circumpolar,16.82432409,-0.27200773576735315,0.27200773576735315,1.1150233324839751,FALSE,FALSE
1980-07-29,circumpolar,16.92883251,-0.2927157114117165,0.2927157114117165,1.1150233324839751,FALSE,FALSE
1980-07-31,circumpolar,16.95297401,-0.3882742130846104,0.3882742130846104,1.1150233324839751,FALSE,FALSE
1980-08-01,circumpolar,18.50816086,1.109209358809334,1.109209358809334,1.1150233324839751,FALSE,FALSE
1980-08-02,circumpolar,17.05852838,-0.3966536113772357,0.3966536113772357,1.1150233324839751,FALSE,FALSE
1980-08-04,circumpolar,17.41166584,-0.15154940532508476,0.15154940532508476,1.1150233324839751,FALSE,FALSE
1980-08-06,circumpolar,17.59405863,-0.07159401487172445,0.07159401487172445,1.1150233324839751,FALSE,FALSE
1980-08-08,circumpolar,17.6478109,-0.11509215258987028,0.11509215258987028,1.1150233324839751,FALSE,FALSE
1980-08-10,circumpolar,17.92780335,0.07242801894775042,0.07242801894775042,1.1150233324839751,FALSE,FALSE
1980-08-12,circumpolar,18.08690684,0.14342849716842565,0.14342849716842565,1.1150233324839751,FALSE,FALSE
1980-08-14,circumpolar,18.20271199,0.17509103949944205,0.17509103949944205,1.1150233324839751,FALSE,FALSE
1980-08-16,circumpolar,18.18570402,0.07752163082216157,0.07752163082216157,1.1150233324839751,FALSE,FALSE
1980-08-18,circumpolar,18.25309228,0.06783177165143783,0.06783177165143783,1.1150233324839751,FALSE,FALSE
1980-08-20,circumpolar,18.4750058,0.2162081378487919,0.2162081378487919,1.1150233324839751,FALSE,FALSE
1980-08-22,circumpolar,18.46027911,0.13154454324754283,0.13154454324754283,1.1150233324839751,FALSE,FALSE
1980-08-24,circumpolar,18.55945407,0.16444213168099964,0.16444213168099964,1.1150233324839751,FALSE,FALSE
1980-08-26,circumpolar,18.70015064,0.24258014698245137,0.24258014698245137,1.1150233324839751,FALSE,FALSE
1980-08-28,circumpolar,18.72128067,0.20493063252199303,0.20493063252199303,1.1150233324839751,FALSE,FALSE
1980-08-30,circumpolar,18.75886493,0.18760419744662823,0.18760419744662823,1.1150233324839751,FALSE,FALSE
1980-09-01,circumpolar,18.93702634,0.31484909891638324,0.31484909891638324,1.1150233324839751,FALSE,FALSE
1980-09-03,circumpolar,18.95130442,0.2823322859968549,0.2823322859968549,1.1150233324839751,FALSE,FALSE
1980-09-05,circumpolar,19.03984792,0.32832993775359753,0.32832993775359753,1.1150233324839751,FALSE,FALSE
1980-09-07,circumpolar,18.98010799,0.2304206332521872,0.2304206332521872,1.1150233324839751,FALSE,FALSE
1980-09-09,circumpolar,18.990625,0.2072721954400727,0.2072721954400727,1.1150233324839751,FALSE,FALSE
1980-09-11,circumpolar,19.08659282,0.2742192617752046,0.2742192617752046,1.1150233324839751,FALSE,FALSE
1980-09-13,circumpolar,19.16032553,0.32375211591913455,0.32375211591913455,1.1150233324839751,FALSE,FALSE
1980-09-15,circumpolar,19.19255414,0.3367838020657494,0.3367838020657494,1.1150233324839751,FALSE,FALSE
1980-09-17,circumpolar,19.21095302,0.34117072440902163,0.34117072440902163,1.1150233324839751,FALSE,FALSE
1980-09-19,circumpolar,19.30178166,0.42335440714285255,0.42335440714285255,1.1150233324839751,FALSE,FALSE
1980-09-21,circumpolar,19.40981434,0.5282911644611943,0.5282911644611943,1.1150233324839751,FALSE,FALSE
1980-09-23,circumpolar,19.47040558,0.5915060687994895,0.5915060687994895,1.1150233324839751,FALSE,FALSE
1980-09-25,circumpolar,19.39303811,0.5225787735930325,0.5225787735930325,1.1150233324839751,FALSE,FALSE
1980-09-27,circumpolar,19.34290866,0.4867738643945678,0.4867738643945678,1.1150233324839751,FALSE,FALSE
1980-09-29,circumpolar,19.32780042,0.4919423156112366,0.4919423156112366,1.1150233324839751,FALSE,FALSE
1980-10-01,circumpolar,19.23373864,0.42417716165024544,0.42417716165024544,1.1150233324839751,FALSE,FALSE
1980-10-03,circumpolar,19.22060978,0.4434326469187688,0.4434326469187688,1.1150233324839751,FALSE,FALSE
1980-10-05,circumpolar,19.1736416,0.4350076062124728,0.4350076062124728,1.1150233324839751,FALSE,FALSE
1980-10-07,circumpolar,19.08582155,0.3920206050807522,0.3920206050807522,1.1150233324839751,FALSE,FALSE
1980-10-09,circumpolar,19.17053718,0.5280427657061182,0.5280427657061182,1.1150233324839751,FALSE,FALSE
1980-10-11,circumpolar,19.18530685,0.6007777851596217,0.6007777851596217,1.1150233324839751,FALSE,FALSE
1980-10-13,circumpolar,19.15528403,0.6355644705123638,0.6355644705123638,1.1150233324839751,FALSE,FALSE
1980-10-15,circumpolar,19.22588114,0.7780005788354032,0.7780005788354032,1.1150233324839751,FALSE,FALSE
1980-10-17,circumpolar,18.97984933,0.6110222242753522,0.6110222242753522,1.1150233324839751,FALSE,FALSE
1980-10-19,circumpolar,18.86610728,0.5836915578012629,0.5836915578012629,1.1150233324839751,FALSE,FALSE
1980-10-21,circumpolar,18.7582737,0.569692056967888,0.569692056967888,1.1150233324839751,FALSE,FALSE
1980-10-23,circumpolar,18.68406151,0.5967926241136503,0.5967926241136503,1.1150233324839751,FALSE,FALSE
1980-10-25,circumpolar,18.68692807,0.7085066015769819,0.7085066015769819,1.1150233324839751,FALSE,FALSE
1980-10-27,circumpolar,18.60102018,0.739036771696334,0.739036771696334,1.1150233324839751,FALSE,FALSE
1980-10-29,circumpolar,18.5041133,0.7662145768101212,0.7662145768101212,1.1150233324839751,FALSE,FALSE
1980-10-31,circumpolar,18.23817526,0.632265991313897,0.632265991313897,1.1150233324839751,FALSE,FALSE
1980-11-01,circumpolar,17.198396,-0.3382088563551804,0.3382088563551804,1.1150233324839751,FALSE,FALSE
1980-11-02,circumpolar,18.158625,0.6937649450811705,0.6937649450811705,1.1150233324839751,FALSE,FALSE
1980-11-04,circumpolar,17.9927706,0.6794231216376794,0.6794231216376794,1.1150233324839751,FALSE,FALSE
1980-11-06,circumpolar,17.75882011,0.608852183718426,0.608852183718426,1.1150233324839751,FALSE,FALSE
1980-11-08,circumpolar,17.64730934,0.6739915540584391,0.6739915540584391,1.1150233324839751,FALSE,FALSE
1980-11-10,circumpolar,17.55486043,0.772866985392735,0.772866985392735,1.1150233324839751,FALSE,FALSE
1980-11-12,circumpolar,17.39973628,0.8250677704223008,0.8250677704223008,1.1150233324839751,FALSE,FALSE
1980-11-14,circumpolar,17.14705401,0.7961582064311727,0.7961582064311727,1.1150233324839751,FALSE,FALSE
1980-11-16,circumpolar,16.90085504,0.7900683026466311,0.7900683026466311,1.1150233324839751,FALSE,FALSE
1980-11-18,circumpolar,16.69227274,0.8378110894162614,0.8378110894162614,1.1150233324839751,FALSE,FALSE
1980-11-20,circumpolar,16.30838962,0.7263487370876831,0.7263487370876831,1.1150233324839751,FALSE,FALSE
1980-11-22,circumpolar,15.90470903,0.611064256008488,0.611064256008488,1.1150233324839751,FALSE,FALSE
1980-11-24,circumpolar,15.57554612,0.5861599637201955,0.5861599637201955,1.1150233324839751,FALSE,FALSE
1980-11-26,circumpolar,15.27923402,0.6101871060063928,0.6101871060063928,1.1150233324839751,FALSE,FALSE
1980-11-28,circumpolar,14.92978991,0.5978349918544517,0.5978349918544517,1.1150233324839751,FALSE,FALSE
1980-11-30,circumpolar,14.49551302,0.518107874282487,0.518107874282487,1.1150233324839751,FALSE,FALSE
1980-12-01,circumpolar,11.775027680000001,-2.018335593592841,2.018335593592841,1.1150233324839751,TRUE,FALSE
1980-12-02,circumpolar,14.1553676,0.5506750263086104,0.5506750263086104,1.1150233324839751,FALSE,FALSE
1980-12-04,circumpolar,13.73706965,0.5239574709509398,0.5239574709509398,1.1150233324839751,FALSE,FALSE
1980-12-06,circumpolar,13.24617812,0.4442186869069946,0.4442186869069946,1.1150233324839751,FALSE,FALSE
1980-12-08,circumpolar,12.7383262,0.3668095431199294,0.3668095431199294,1.1150233324839751,FALSE,FALSE
1980-12-10,circumpolar,12.26019987,0.33508028818170743,0.33508028818170743,1.1150233324839751,FALSE,FALSE
1980-12-12,circumpolar,11.79310456,0.32641187695711515,0.32641187695711515,1.1150233324839751,FALSE,FALSE
1980-12-14,circumpolar,11.31369117,0.3135307343109499,0.3135307343109499,1.1150233324839751,FALSE,FALSE
1980-12-16,circumpolar,10.85682906,0.3273817451080294,0.3273817451080294,1.1150233324839751,FALSE,FALSE
1980-12-18,circumpolar,10.34530038,0.2868225842131267,0.2868225842131267,1.1150233324839751,FALSE,FALSE
1980-12-20,circumpolar,9.933842607,0.3426976165846156,0.3426976165846156,1.1150233324839751,FALSE,FALSE
1980-12-22,circumpolar,9.254677523,0.12357250756369532,0.12357250756369532,1.1150233324839751,FALSE,FALSE
1980-12-24,circumpolar,8.713271916,0.0313662209978407,0.0313662209978407,1.1150233324839751,FALSE,FALSE
1980-12-26,circumpolar,8.241217098,-0.0058771984784034,0.0058771984784034,1.1150233324839751,FALSE,FALSE
1980-12-28,circumpolar,7.748653301,-0.08156478623048091,0.08156478623048091,1.1150233324839751,FALSE,FALSE
1980-12-30,circumpolar,7.332357613,-0.10246672162385996,0.10246672162385996,1.1150233324839751,FALSE,FALSE
1981-01-01,circumpolar,6.930847719,-0.31544418161273313,0.31544418161273313,1.1150233324839751,FALSE,FALSE
1981-01-03,circumpolar,6.358084304,-0.530749267640612,0.530749267640612,1.1150233324839751,FALSE,FALSE
1981-01-05,circumpolar,5.918213174,-0.6378763678973867,0.6378763678973867,1.1150233324839751,FALSE,FALSE
1981-01-07,circumpolar,5.611148986,-0.6348217669224905,0.6348217669224905,1.1150233324839751,FALSE,FALSE
1981-01-09,circumpolar,5.252424874,-0.70396327225534,0.70396327225534,1.1150233324839751,FALSE,FALSE
1981-01-11,circumpolar,5.028190067,-0.6570625964353596,0.6570625964353596,1.1150233324839751,FALSE,FALSE
1981-01-13,circumpolar,4.878532387,-0.5519428590019801,0.5519428590019801,1.1150233324839751,FALSE,FALSE
1981-01-15,circumpolar,4.625767577,-0.5643279266131396,0.5643279266131396,1.1150233324839751,FALSE,FALSE
1981-01-17,circumpolar,4.479645471,-0.4838043466675827,0.4838043466675827,1.1150233324839751,FALSE,FALSE
1981-01-19,circumpolar,4.433875112,-0.31675036478588225,0.31675036478588225,1.1150233324839751,FALSE,FALSE
1981-01-21,circumpolar,4.307054307,-0.24466463463292687,0.24466463463292687,1.1150233324839751,FALSE,FALSE
1981-01-23,circumpolar,4.1860999,-0.18072677287360503,0.18072677287360503,1.1150233324839751,FALSE,FALSE
1981-01-25,circumpolar,4.100367735,-0.09567739617281924,0.09567739617281924,1.1150233324839751,FALSE,FALSE
1981-01-27,circumpolar,3.977440178,-0.06201912734189019,0.06201912734189019,1.1150233324839751,FALSE,FALSE
1981-01-29,circumpolar,3.931805726,0.03506320741379376,0.03506320741379376,1.1150233324839751,FALSE,FALSE
1981-01-31,circumpolar,3.841832527,0.07478016174970792,0.07478016174970792,1.1150233324839751,FALSE,FALSE
1981-02-01,circumpolar,3.266390547,-0.44042828470842954,0.44042828470842954,1.1150233324839751,FALSE,FALSE
1981-02-02,circumpolar,3.73887838,0.08936455676607435,0.08936455676607435,1.1150233324839751,FALSE,FALSE
1981-02-04,circumpolar,3.663436485,0.12018461456312624,0.12018461456312624,1.1150233324839751,FALSE,FALSE
1981-02-06,circumpolar,3.542188603,0.09479711824106785,0.09479711824106785,1.1150233324839751,FALSE,FALSE
1981-02-08,circumpolar,3.392001504,0.0309430190831903,0.0309430190831903,1.1150233324839751,FALSE,FALSE
1981-02-10,circumpolar,3.314477145,0.03042861353102477,0.03042861353102477,1.1150233324839751,FALSE,FALSE
1981-02-12,circumpolar,3.238452113,0.02042094612959122,0.02042094612959122,1.1150233324839751,FALSE,FALSE
1981-02-14,circumpolar,3.185159218,0.02015810889004754,0.02015810889004754,1.1150233324839751,FALSE,FALSE
1981-02-16,circumpolar,3.15213419,0.02518111382356647,0.02518111382356647,1.1150233324839751,FALSE,FALSE
1981-02-18,circumpolar,3.149608368,0.0437265819413275,0.0437265819413275,1.1150233324839751,FALSE,FALSE
1981-02-20,circumpolar,3.121122637,0.01734068025448731,0.01734068025448731,1.1150233324839751,FALSE,FALSE
1981-02-22,circumpolar,3.159517418,0.03722598869744997,0.03722598869744997,1.1150233324839751,FALSE,FALSE
1981-02-24,circumpolar,3.212939551,0.05230736987314044,0.05230736987314044,1.1150233324839751,FALSE,FALSE
1981-02-26,circumpolar,3.238353141,0.02132870573410228,0.02132870573410228,1.1150233324839751,FALSE,FALSE
1981-02-28,circumpolar,3.279155719,-0.01052946879841565,0.01052946879841565,1.1150233324839751,FALSE,FALSE
1981-03-01,circumpolar,4.022078103,0.6905190407631636,0.6905190407631636,1.1150233324839751,FALSE,FALSE
1981-03-02,circumpolar,3.250600835,-0.12623059980316145,0.12623059980316145,1.1150233324839751,FALSE,FALSE
1981-03-04,circumpolar,3.247747723,-0.2289324493588749,0.2289324493588749,1.1150233324839751,FALSE,FALSE
1981-03-06,circumpolar,3.248128761,-0.33934304584468,0.33934304584468,1.1150233324839751,FALSE,FALSE
1981-03-08,circumpolar,3.343844489,-0.36406259168102695,0.36406259168102695,1.1150233324839751,FALSE,FALSE
1981-03-10,circumpolar,3.39929898,-0.4378084776789084,0.4378084776789084,1.1150233324839751,FALSE,FALSE
1981-03-12,circumpolar,3.472162046,-0.5020478229025729,0.5020478229025729,1.1150233324839751,FALSE,FALSE
1981-03-14,circumpolar,3.60484859,-0.5135026554162825,0.5135026554162825,1.1150233324839751,FALSE,FALSE
1981-03-16,circumpolar,3.773966694,-0.49470182428429377,0.49470182428429377,1.1150233324839751,FALSE,FALSE
1981-03-18,circumpolar,3.825511433,-0.5987884765814044,0.5987884765814044,1.1150233324839751,FALSE,FALSE
1981-03-20,circumpolar,3.924895617,-0.6596584678858672,0.6596584678858672,1.1150233324839751,FALSE,FALSE
1981-03-22,circumpolar,4.090028533,-0.6590501479683155,0.6590501479683155,1.1150233324839751,FALSE,FALSE
1981-03-24,circumpolar,4.303399622,-0.6141617903845713,0.6141617903845713,1.1150233324839751,FALSE,FALSE
1981-03-26,circumpolar,4.501838649,-0.5878513446904607,0.5878513446904607,1.1150233324839751,FALSE,FALSE
1981-03-28,circumpolar,4.604592104,-0.660560035441808,0.660560035441808,1.1150233324839751,FALSE,FALSE
1981-03-30,circumpolar,4.709010036,-0.7346255281944476,0.7346255281944476,1.1150233324839751,FALSE,FALSE
1981-04-01,circumpolar,4.896399838,-0.7285214188434228,0.7285214188434228,1.1150233324839751,FALSE,FALSE
1981-04-03,circumpolar,5.005002596,-0.8042234401349946,0.8042234401349946,1.1150233324839751,FALSE,FALSE
1981-04-05,circumpolar,5.217790838,-0.7791030739749294,0.7791030739749294,1.1150233324839751,FALSE,FALSE
1981-04-07,circumpolar,5.405966362,-0.782302547405914,0.782302547405914,1.1150233324839751,FALSE,FALSE
1981-04-09,circumpolar,5.517857395,-0.8658376584706575,0.8658376584706575,1.1150233324839751,FALSE,FALSE
1981-04-11,circumpolar,5.726683584,-0.8568327852118545,0.8568327852118545,1.1150233324839751,FALSE,FALSE
1981-04-13,circumpolar,5.918253931,-0.8697757888014772,0.8697757888014772,1.1150233324839751,FALSE,FALSE
1981-04-15,circumpolar,6.085612775,-0.9113474201906192,0.9113474201906192,1.1150233324839751,FALSE,FALSE
1981-04-17,circumpolar,6.295577485,-0.9140750318325326,0.9140750318325326,1.1150233324839751,FALSE,FALSE
1981-04-19,circumpolar,6.488586201,-0.9368583292699064,0.9368583292699064,1.1150233324839751,FALSE,FALSE
1981-04-21,circumpolar,6.681536748,-0.9621373330453932,0.9621373330453932,1.1150233324839751,FALSE,FALSE
1981-04-23,circumpolar,6.945221038,-0.9184579767016752,0.9184579767016752,1.1150233324839751,FALSE,FALSE
1981-04-25,circumpolar,7.166667358,-0.9181333203578655,0.9181333203578655,1.1150233324839751,FALSE,FALSE
1981-04-27,circumpolar,7.447905839,-0.8586469914652204,0.8586469914652204,1.1150233324839751,FALSE,FALSE
1981-04-29,circumpolar,7.682218263,-0.8464785318235046,0.8464785318235046,1.1150233324839751,FALSE,FALSE
1981-05-01,circumpolar,7.833374854,-0.9176381930898704,0.9176381930898704,1.1150233324839751,FALSE,FALSE
1981-05-03,circumpolar,7.998799267,-0.9744827959214576,0.9744827959214576,1.1150233324839751,FALSE,FALSE
1981-05-05,circumpolar,8.23927174,-0.9560125779754074,0.9560125779754074,1.1150233324839751,FALSE,FALSE
1981-05-07,circumpolar,8.470223882,-0.9465764209018436,0.9465764209018436,1.1150233324839751,FALSE,FALSE
1981-05-09,circumpolar,8.707593163,-0.930073117401914,0.930073117401914,1.1150233324839751,FALSE,FALSE
1981-05-11,circumpolar,8.93578517,-0.9221149157896792,0.9221149157896792,1.1150233324839751,FALSE,FALSE
1981-05-13,circumpolar,9.184925286,-0.8926311567585206,0.8926311567585206,1.1150233324839751,FALSE,FALSE
1981-05-15,circumpolar,9.508168266,-0.7885218090018107,0.7885218090018107,1.1150233324839751,FALSE,FALSE
1981-05-17,circumpolar,9.717696366,-0.7976593402129506,0.7976593402129506,1.1150233324839751,FALSE,FALSE
1981-05-19,circumpolar,9.964725318,-0.7688827420852835,0.7688827420852835,1.1150233324839751,FALSE,FALSE
1981-05-21,circumpolar,10.16810997,-0.7833666832712645,0.7833666832712645,1.1150233324839751,FALSE,FALSE
1981-05-23,circumpolar,10.54083092,-0.6279586399233796,0.6279586399233796,1.1150233324839751,FALSE,FALSE
1981-05-25,circumpolar,10.76808393,-0.6171943496234178,0.6171943496234178,1.1150233324839751,FALSE,FALSE
1981-05-27,circumpolar,10.97463796,-0.6260357442179654,0.6260357442179654,1.1150233324839751,FALSE,FALSE
1981-05-29,circumpolar,11.27857842,-0.536128305553623,0.536128305553623,1.1150233324839751,FALSE,FALSE
1981-05-31,circumpolar,11.64143688,-0.3856713554769868,0.3856713554769868,1.1150233324839751,FALSE,FALSE
1981-06-01,circumpolar,14.34135337,2.2087402926388915,2.2087402926388915,1.1150233324839751,TRUE,FALSE
1981-06-02,circumpolar,11.89946602,-0.3381542178035861,0.3381542178035861,1.1150233324839751,FALSE,FALSE
1981-06-04,circumpolar,12.01288449,-0.4333777661533969,0.4333777661533969,1.1150233324839751,FALSE,FALSE
1981-06-06,circumpolar,12.08389465,-0.5694494521863174,0.5694494521863174,1.1150233324839751,FALSE,FALSE
1981-06-08,circumpolar,12.21962171,-0.6395675447980711,0.6395675447980711,1.1150233324839751,FALSE,FALSE
1981-06-10,circumpolar,12.62612878,-0.4379924128844017,0.4379924128844017,1.1150233324839751,FALSE,FALSE
1981-06-12,circumpolar,12.98508584,-0.28337755534101383,0.28337755534101383,1.1150233324839751,FALSE,FALSE
1981-06-14,circumpolar,13.11357145,-0.3589660606432421,0.3589660606432421,1.1150233324839751,FALSE,FALSE
1981-06-16,circumpolar,13.5177024,-0.15851833615600697,0.15851833615600697,1.1150233324839751,FALSE,FALSE
1981-06-18,circumpolar,13.96544873,0.08707933340171259,0.08707933340171259,1.1150233324839751,FALSE,FALSE
1981-06-20,circumpolar,14.04767042,-0.03002661701909303,0.03002661701909303,1.1150233324839751,FALSE,FALSE
1981-06-22,circumpolar,14.17292115,-0.09999605246744458,0.09999605246744458,1.1150233324839751,FALSE,FALSE
1981-06-24,circumpolar,14.37910088,-0.08364255799235742,0.08364255799235742,1.1150233324839751,FALSE,FALSE
1981-06-26,circumpolar,14.61330902,-0.03258026864285135,0.03258026864285135,1.1150233324839751,FALSE,FALSE
1981-06-28,circumpolar,14.9359236,0.11453143309633164,0.11453143309633164,1.1150233324839751,FALSE,FALSE
1981-06-30,circumpolar,15.17036344,0.18030368457567292,0.18030368457567292,1.1150233324839751,FALSE,FALSE
1981-07-01,circumpolar,16.85156159,1.7792908368694658,1.7792908368694658,1.1150233324839751,TRUE,FALSE
1981-07-02,circumpolar,15.40184721,0.2485456575760665,0.2485456575760665,1.1150233324839751,FALSE,FALSE
1981-07-04,circumpolar,15.58534292,0.2728153663579178,0.2728153663579178,1.1150233324839751,FALSE,FALSE
1981-07-06,circumpolar,15.63511273,0.1659649751815966,0.1659649751815966,1.1150233324839751,FALSE,FALSE
1981-07-08,circumpolar,15.68237556,0.05780340830750141,0.05780340830750141,1.1150233324839751,FALSE,FALSE
1981-07-10,circumpolar,15.89946553,0.11933676737051258,0.11933676737051258,1.1150233324839751,FALSE,FALSE
1981-07-12,circumpolar,16.16211605,0.22618047211763503,0.22618047211763503,1.1150233324839751,FALSE,FALSE
1981-07-14,circumpolar,16.30340523,0.21221770848890745,0.21221770848890745,1.1150233324839751,FALSE,FALSE
1981-07-16,circumpolar,16.37852461,0.13346835583466543,0.13346835583466543,1.1150233324839751,FALSE,FALSE
1981-07-18,circumpolar,16.47337405,0.07666061350523279,0.07666061350523279,1.1150233324839751,FALSE,FALSE
1981-07-20,circumpolar,16.61554254,0.07021181085093531,0.07021181085093531,1.1150233324839751,FALSE,FALSE
1981-07-22,circumpolar,16.84941952,0.1593368452804853,0.1593368452804853,1.1150233324839751,FALSE,FALSE
1981-07-24,circumpolar,17.09088881,0.2605395975501814,0.2605395975501814,1.1150233324839751,FALSE,FALSE
1981-07-26,circumpolar,17.16201233,0.1961634538770909,0.1961634538770909,1.1150233324839751,FALSE,FALSE
1981-07-28,circumpolar,17.18910871,0.09277688423264507,0.09277688423264507,1.1150233324839751,FALSE,FALSE
1981-07-30,circumpolar,17.3336485,0.11210027858828298,0.11210027858828298,1.1150233324839751,FALSE,FALSE
1981-08-01,circumpolar,17.41108945,0.06984122691538985,0.06984122691538985,1.1150233324839751,FALSE,FALSE
1981-08-03,circumpolar,17.47941697,0.02423497862276491,0.02423497862276491,1.1150233324839751,FALSE,FALSE
1981-08-05,circumpolar,17.58994521,0.02672996467491373,0.02672996467491373,1.1150233324839751,FALSE,FALSE
1981-08-07,circumpolar,17.69271088,0.02705823512827621,0.02705823512827621,1.1150233324839751,FALSE,FALSE
1981-08-09,circumpolar,17.87544948,0.11254642741013043,0.11254642741013043,1.1150233324839751,FALSE,FALSE
1981-08-11,circumpolar,18.05342271,0.1980473789477486,0.1980473789477486,1.1150233324839751,FALSE,FALSE
1981-08-13,circumpolar,18.08314677,0.13966842716842365,0.13966842716842365,1.1150233324839751,FALSE,FALSE
1981-08-15,circumpolar,18.20548841,0.17786745949944205,0.17786745949944205,1.1150233324839751,FALSE,FALSE
1981-08-17,circumpolar,18.39623648,0.28805409082216116,0.28805409082216116,1.1150233324839751,FALSE,FALSE
1981-08-19,circumpolar,18.36498518,0.17972467165143868,0.17972467165143868,1.1150233324839751,FALSE,FALSE
1981-08-21,circumpolar,18.31707575,0.05827808784879096,0.05827808784879096,1.1150233324839751,FALSE,FALSE
1981-08-23,circumpolar,18.2746994,-0.05403516675245612,0.05403516675245612,1.1150233324839751,FALSE,FALSE
1981-08-25,circumpolar,18.328011,-0.06700093831900134,0.06700093831900134,1.1150233324839751,FALSE,FALSE
1981-08-27,circumpolar,18.46992712,0.01235662698245221,0.01235662698245221,1.1150233324839751,FALSE,FALSE
1981-08-29,circumpolar,18.522246289999998,0.00589625252199255,0.00589625252199255,1.1150233324839751,FALSE,FALSE
1981-08-31,circumpolar,18.55751487,-0.01374586255337462,0.01374586255337462,1.1150233324839751,FALSE,FALSE
1981-09-01,circumpolar,19.32409567,0.7268694455467681,0.7268694455467681,1.1150233324839751,FALSE,FALSE
1981-09-02,circumpolar,18.57514755,-0.04702969108361543,0.04702969108361543,1.1150233324839751,FALSE,FALSE
1981-09-04,circumpolar,18.66775087,-0.0012212640031457,0.0012212640031457,1.1150233324839751,FALSE,FALSE
1981-09-06,circumpolar,18.68939126,-0.02212672224640144,0.02212672224640144,1.1150233324839751,FALSE,FALSE
1981-09-08,circumpolar,18.83351992,0.08383256325218724,0.08383256325218724,1.1150233324839751,FALSE,FALSE
1981-09-10,circumpolar,18.80522998,0.02187717544007128,0.02187717544007128,1.1150233324839751,FALSE,FALSE
1981-09-12,circumpolar,18.93335394,0.12098038177520463,0.12098038177520463,1.1150233324839751,FALSE,FALSE
1981-09-14,circumpolar,18.99433658,0.15776316591913186,0.15776316591913186,1.1150233324839751,FALSE,FALSE
1981-09-16,circumpolar,19.07480155,0.21903121206575096,0.21903121206575096,1.1150233324839751,FALSE,FALSE
1981-09-18,circumpolar,19.19875896,0.3289766644090193,0.3289766644090193,1.1150233324839751,FALSE,FALSE
1981-09-20,circumpolar,19.20531118,0.32688392714285186,0.32688392714285186,1.1150233324839751,FALSE,FALSE
1981-09-22,circumpolar,19.1182322,0.23670902446119513,0.23670902446119513,1.1150233324839751,FALSE,FALSE
1981-09-24,circumpolar,19.14775908,0.26885956879948836,0.26885956879948836,1.1150233324839751,FALSE,FALSE
1981-09-26,circumpolar,19.17689489,0.3064355535930332,0.3064355535930332,1.1150233324839751,FALSE,FALSE
1981-09-28,circumpolar,19.15463686,0.29850206439456883,0.29850206439456883,1.1150233324839751,FALSE,FALSE
1981-09-30,circumpolar,19.16569212,0.3298340156112367,0.3298340156112367,1.1150233324839751,FALSE,FALSE
1981-10-01,circumpolar,18.97651506,0.15304854025250592,0.15304854025250592,1.1150233324839751,FALSE,FALSE
1981-10-02,circumpolar,19.12422741,0.3146659316502465,0.3146659316502465,1.1150233324839751,FALSE,FALSE
1981-10-04,circumpolar,19.09635446,0.3191773269187692,0.3191773269187692,1.1150233324839751,FALSE,FALSE
1981-10-06,circumpolar,19.09109173,0.3524577362124717,0.3524577362124717,1.1150233324839751,FALSE,FALSE
1981-10-08,circumpolar,19.05247263,0.3586716850807541,0.3586716850807541,1.1150233324839751,FALSE,FALSE
1981-10-10,circumpolar,18.99977374,0.3572793257061164,0.3572793257061164,1.1150233324839751,FALSE,FALSE
1981-10-12,circumpolar,19.01847175,0.43394268515962153,0.43394268515962153,1.1150233324839751,FALSE,FALSE
1981-10-14,circumpolar,18.85374179,0.3340222305123639,0.3340222305123639,1.1150233324839751,FALSE,FALSE
1981-10-16,circumpolar,18.83661154,0.3887309788354046,0.3887309788354046,1.1150233324839751,FALSE,FALSE
1981-10-18,circumpolar,18.82279257,0.45396546427535256,0.45396546427535256,1.1150233324839751,FALSE,FALSE
1981-10-20,circumpolar,18.60175282,0.31933709780126307,0.31933709780126307,1.1150233324839751,FALSE,FALSE
1981-10-22,circumpolar,18.34625622,0.15767457696788867,0.15767457696788867,1.1150233324839751,FALSE,FALSE
1981-10-24,circumpolar,18.24891675,0.16164786411365029,0.16164786411365029,1.1150233324839751,FALSE,FALSE
1981-10-26,circumpolar,18.17169627,0.1932748015769832,0.1932748015769832,1.1150233324839751,FALSE,FALSE
1981-10-28,circumpolar,18.126169,0.2641855916963358,0.2641855916963358,1.1150233324839751,FALSE,FALSE
1981-10-30,circumpolar,17.88145712,0.14355839681012128,0.14355839681012128,1.1150233324839751,FALSE,FALSE
1981-11-01,circumpolar,17.6387772,0.03286793131389842,0.03286793131389842,1.1150233324839751,FALSE,FALSE
1981-11-03,circumpolar,17.48854343,0.0236833750811698,0.0236833750811698,1.1150233324839751,FALSE,FALSE
1981-11-05,circumpolar,17.24272033,-0.07062714836231976,0.07062714836231976,1.1150233324839751,FALSE,FALSE
1981-11-07,circumpolar,17.1655865,0.01561857371842734,0.01561857371842734,1.1150233324839751,FALSE,FALSE
1981-11-09,circumpolar,17.06849425,0.09517646405844005,0.09517646405844005,1.1150233324839751,FALSE,FALSE
1981-11-11,circumpolar,16.94469145,0.16269800539273405,0.16269800539273405,1.1150233324839751,FALSE,FALSE
1981-11-13,circumpolar,16.8432514,0.26858289042230155,0.26858289042230155,1.1150233324839751,FALSE,FALSE
1981-11-15,circumpolar,16.66715071,0.3162549064311726,0.3162549064311726,1.1150233324839751,FALSE,FALSE
1981-11-17,circumpolar,16.42869633,0.31790959264663243,0.31790959264663243,1.1150233324839751,FALSE,FALSE
1981-11-19,circumpolar,16.32832666,0.47386500941625975,0.47386500941625975,1.1150233324839751,FALSE,FALSE
1981-11-21,circumpolar,16.20004155,0.618000667087685,0.618000667087685,1.1150233324839751,FALSE,FALSE
1981-11-23,circumpolar,15.92222308,0.6285783060084889,0.6285783060084889,1.1150233324839751,FALSE,FALSE
1981-11-25,circumpolar,15.70422575,0.7148395937201961,0.7148395937201961,1.1150233324839751,FALSE,FALSE
1981-11-27,circumpolar,15.42768006,0.7586331460063924,0.7586331460063924,1.1150233324839751,FALSE,FALSE
1981-11-29,circumpolar,15.17390786,0.8419529418544514,0.8419529418544514,1.1150233324839751,FALSE,FALSE
1981-12-01,circumpolar,14.88006495,0.9026598042824858,0.9026598042824858,1.1150233324839751,FALSE,FALSE
1981-12-03,circumpolar,14.52673178,0.9220392063086108,0.9220392063086108,1.1150233324839751,FALSE,FALSE
1981-12-05,circumpolar,14.18403434,0.9709221609509396,0.9709221609509396,1.1150233324839751,FALSE,FALSE
1981-12-07,circumpolar,13.75890619,0.9569467569069944,0.9569467569069944,1.1150233324839751,FALSE,FALSE
1981-12-09,circumpolar,13.3767741,1.0052574431199304,1.0052574431199304,1.1150233324839751,FALSE,FALSE
1981-12-11,circumpolar,12.98620917,1.0610895881817086,1.0610895881817086,1.1150233324839751,FALSE,FALSE
1981-12-13,circumpolar,12.70788042,1.2411877369571158,1.2411877369571158,1.1150233324839751,TRUE,FALSE
1981-12-15,circumpolar,12.20296378,1.202803344310949,1.202803344310949,1.1150233324839751,TRUE,FALSE
1981-12-17,circumpolar,11.58715095,1.0577036351080285,1.0577036351080285,1.1150233324839751,FALSE,FALSE
1981-12-19,circumpolar,10.83391045,0.7754326542131267,0.7754326542131267,1.1150233324839751,FALSE,FALSE
1981-12-21,circumpolar,10.1959559,0.6048109095846144,0.6048109095846144,1.1150233324839751,FALSE,FALSE
1981-12-23,circumpolar,9.535798771,0.40469375556369513,0.40469375556369513,1.1150233324839751,FALSE,FALSE
1981-12-25,circumpolar,8.96873714,0.28683144499784063,0.28683144499784063,1.1150233324839751,FALSE,FALSE
1981-12-27,circumpolar,8.538770653,0.29167635652159696,0.29167635652159696,1.1150233324839751,FALSE,FALSE
1981-12-29,circumpolar,8.229132978,0.3989148907695199,0.3989148907695199,1.1150233324839751,FALSE,FALSE
1981-12-31,circumpolar,7.857272249,0.42244791437614015,0.42244791437614015,1.1150233324839751,FALSE,FALSE
1982-01-01,circumpolar,5.925709375,-1.3205825256127328,1.3205825256127328,1.1150233324839751,TRUE,FALSE
1982-01-02,circumpolar,7.536122171,0.4717792884307288,0.4717792884307288,1.1150233324839751,FALSE,FALSE
1982-01-04,circumpolar,7.215051685,0.49554884948081934,0.49554884948081934,1.1150233324839751,FALSE,FALSE
1982-01-06,circumpolar,6.884290103,0.4859575445323187,0.4859575445323187,1.1150233324839751,FALSE,FALSE
1982-01-08,circumpolar,6.609655488,0.5109124950457709,0.5109124950457709,1.1150233324839751,FALSE,FALSE
1982-01-10,circumpolar,6.341915021,0.5232699404817662,0.5232699404817662,1.1150233324839751,FALSE,FALSE
1982-01-12,circumpolar,6.086187273,0.5302375103008696,0.5302375103008696,1.1150233324839751,FALSE,FALSE
1982-01-14,circumpolar,5.891972596,0.5834013889729137,0.5834013889729137,1.1150233324839751,FALSE,FALSE
1982-01-16,circumpolar,5.706724698,0.631673676701066,0.631673676701066,1.1150233324839751,FALSE,FALSE
1982-01-18,circumpolar,5.548636135,0.6933321846978044,0.6933321846978044,1.1150233324839751,FALSE,FALSE
1982-01-20,circumpolar,5.357807576,0.7083811212982454,0.7083811212982454,1.1150233324839751,FALSE,FALSE
1982-01-22,circumpolar,5.0364718,0.5789568048374933,0.5789568048374933,1.1150233324839751,FALSE,FALSE
1982-01-24,circumpolar,4.787916791,0.508250758650659,0.508250758650659,1.1150233324839751,FALSE,FALSE
1982-01-26,circumpolar,4.567438154,0.45146212707285294,0.45146212707285294,1.1150233324839751,FALSE,FALSE
1982-01-28,circumpolar,4.486068771,0.5196508770946857,0.5196508770946857,1.1150233324839751,FALSE,FALSE
1982-01-30,circumpolar,4.277408321,0.4470845193779547,0.4470845193779547,1.1150233324839751,FALSE,FALSE
1982-02-01,circumpolar,4.098822567,0.3920037352915706,0.3920037352915706,1.1150233324839751,FALSE,FALSE
1982-02-03,circumpolar,3.993541412,0.39851344993575255,0.39851344993575255,1.1150233324839751,FALSE,FALSE
1982-02-05,circumpolar,3.823349808,0.3292736374107199,0.3292736374107199,1.1150233324839751,FALSE,FALSE
1982-02-07,circumpolar,3.766994062,0.3639056268166976,0.3639056268166976,1.1150233324839751,FALSE,FALSE
1982-02-09,circumpolar,3.674542309,0.3532382045389677,0.3532382045389677,1.1150233324839751,FALSE,FALSE
1982-02-11,circumpolar,3.537290809,0.287749703310769,0.287749703310769,1.1150233324839751,FALSE,FALSE
1982-02-13,circumpolar,3.455727736,0.2659596812388818,0.2659596812388818,1.1150233324839751,FALSE,FALSE
1982-02-15,circumpolar,3.379635885,0.23565621533447745,0.23565621533447745,1.1150233324839751,FALSE,FALSE
1982-02-17,circumpolar,3.349560946,0.23539027760872155,0.23539027760872155,1.1150233324839751,FALSE,FALSE
1982-02-19,circumpolar,3.37373189,0.2713961210727809,0.2713961210727809,1.1150233324839751,FALSE,FALSE
1982-02-21,circumpolar,3.318035204,0.20758764851619071,0.20758764851619071,1.1150233324839751,FALSE,FALSE
1982-02-23,circumpolar,3.308050641,0.16895671131971657,0.16895671131971657,1.1150233324839751,FALSE,FALSE
1982-02-25,circumpolar,3.3814625,0.1947791918478856,0.1947791918478856,1.1150233324839751,FALSE,FALSE
1982-02-27,circumpolar,3.405176881,0.15374419402195016,0.15374419402195016,1.1150233324839751,FALSE,FALSE
1982-03-01,circumpolar,3.477019672,0.14546060976316344,0.14546060976316344,1.1150233324839751,FALSE,FALSE
1982-03-03,circumpolar,3.562373548,0.13709411799277582,0.13709411799277582,1.1150233324839751,FALSE,FALSE
1982-03-05,circumpolar,3.651548236,0.1207374433455004,0.1207374433455004,1.1150233324839751,FALSE,FALSE
1982-03-07,circumpolar,3.748848864,0.10230899994082154,0.10230899994082154,1.1150233324839751,FALSE,FALSE
1982-03-09,circumpolar,3.905704427,0.1342388539067394,0.1342388539067394,1.1150233324839751,FALSE,FALSE
1982-03-11,circumpolar,4.116310958,0.2115861071789995,0.2115861071789995,1.1150233324839751,FALSE,FALSE
1982-03-13,circumpolar,4.349964865,0.30451023669334276,0.30451023669334276,1.1150233324839751,FALSE,FALSE
1982-03-15,circumpolar,4.556236332,0.363444495385517,0.363444495385517,1.1150233324839751,FALSE,FALSE
1982-03-17,circumpolar,4.686833502,0.340960095191261,0.340960095191261,1.1150233324839751,FALSE,FALSE
1982-03-19,circumpolar,4.8681492,0.3642755232038688,0.3642755232038688,1.1150233324839751,FALSE,FALSE
1982-03-21,circumpolar,5.07219692,0.405894821829893,0.405894821829893,1.1150233324839751,FALSE,FALSE
1982-03-23,circumpolar,5.287262387,0.4544175894000233,0.4544175894000233,1.1150233324839751,FALSE,FALSE
1982-03-25,circumpolar,5.48345553,0.4802660403584298,0.4802660403584298,1.1150233324839751,FALSE,FALSE
1982-03-27,circumpolar,5.788636911,0.611613022149287,0.611613022149287,1.1150233324839751,FALSE,FALSE
1982-03-29,circumpolar,6.000035962,0.6460002522167709,0.6460002522167709,1.1150233324839751,FALSE,FALSE
1982-03-31,circumpolar,6.269853547,0.7359310264225689,0.7359310264225689,1.1150233324839751,FALSE,FALSE
1982-04-01,circumpolar,8.554846068,2.929924811156577,2.929924811156577,1.1150233324839751,TRUE,FALSE
1982-04-02,circumpolar,6.502325665,0.7856509040141697,0.7856509040141697,1.1150233324839751,FALSE,FALSE
1982-04-04,circumpolar,6.807471119,0.9048530335787524,0.9048530335787524,1.1150233324839751,FALSE,FALSE
1982-04-06,circumpolar,6.915783327,0.8236868080736315,0.8236868080736315,1.1150233324839751,FALSE,FALSE
1982-04-08,circumpolar,7.051382266,0.7659281794561039,0.7659281794561039,1.1150233324839751,FALSE,FALSE
1982-04-10,circumpolar,7.271114482,0.788079668683471,0.788079668683471,1.1150233324839751,FALSE,FALSE
1982-04-12,circumpolar,7.491452602,0.8062705042803824,0.8062705042803824,1.1150233324839751,FALSE,FALSE
1982-04-14,circumpolar,7.764922294,0.8729389519391368,0.8729389519391368,1.1150233324839751,FALSE,FALSE
1982-04-16,circumpolar,8.036354151,0.933476641116438,0.933476641116438,1.1150233324839751,FALSE,FALSE
1982-04-18,circumpolar,8.279119444,0.9619169972696336,0.9619169972696336,1.1150233324839751,FALSE,FALSE
1982-04-20,circumpolar,8.483865632,0.9495696338560372,0.9495696338560372,1.1150233324839751,FALSE,FALSE
1982-04-22,circumpolar,8.639801734,0.8863057243329795,0.8863057243329795,1.1150233324839751,FALSE,FALSE
1982-04-24,circumpolar,8.822213578,0.8480732511577953,0.8480732511577953,1.1150233324839751,FALSE,FALSE
1982-04-26,circumpolar,9.058727422,0.863113364391257,0.863113364391257,1.1150233324839751,FALSE,FALSE
1982-04-28,circumpolar,9.245312663,0.8277231066155757,0.8277231066155757,1.1150233324839751,FALSE,FALSE
1982-04-30,circumpolar,9.420707096,0.7808599907603924,0.7808599907603924,1.1150233324839751,FALSE,FALSE
1982-05-01,circumpolar,11.49984973,2.748836682910129,2.748836682910129,1.1150233324839751,TRUE,FALSE
1982-05-02,circumpolar,9.728991184,0.8668240041685547,0.8668240041685547,1.1150233324839751,FALSE,FALSE
1982-05-04,circumpolar,9.853074337,0.7687440811829376,0.7687440811829376,1.1150233324839751,FALSE,FALSE
1982-05-06,circumpolar,10.04288129,0.7367644811463823,0.7367644811463823,1.1150233324839751,FALSE,FALSE
1982-05-08,circumpolar,10.31946485,0.7921491166032482,0.7921491166032482,1.1150233324839751,FALSE,FALSE
1982-05-10,circumpolar,10.60258178,0.8547229956210032,0.8547229956210032,1.1150233324839751,FALSE,FALSE
1982-05-12,circumpolar,10.76455514,0.7967581149043728,0.7967581149043728,1.1150233324839751,FALSE,FALSE
1982-05-14,circumpolar,10.83756388,0.6503787007599762,0.6503787007599762,1.1150233324839751,FALSE,FALSE
1982-05-16,circumpolar,10.98942944,0.5833514694944366,0.5833514694944366,1.1150233324839751,FALSE,FALSE
1982-05-18,circumpolar,11.22824575,0.603715627414374,0.603715627414374,1.1150233324839751,FALSE,FALSE
1982-05-20,circumpolar,11.43014705,0.587551823863885,0.587551823863885,1.1150233324839751,FALSE,FALSE
1982-05-22,circumpolar,11.63161062,0.5713913092932543,0.5713913092932543,1.1150233324839751,FALSE,FALSE
1982-05-24,circumpolar,11.73497123,0.4578174675979998,0.4578174675979998,1.1150233324839751,FALSE,FALSE
1982-05-26,circumpolar,12.03796985,0.5448403769315373,0.5448403769315373,1.1150233324839751,FALSE,FALSE
1982-05-28,circumpolar,12.22106686,0.5131895254472525,0.5131895254472525,1.1150233324839751,FALSE,FALSE
1982-05-30,circumpolar,12.30463399,0.3835057512985749,0.3835057512985749,1.1150233324839751,FALSE,FALSE
1982-06-01,circumpolar,12.45617162,0.3235585426388905,0.3235585426388905,1.1150233324839751,FALSE,FALSE
1982-06-03,circumpolar,12.64141914,0.29926265405092245,0.29926265405092245,1.1150233324839751,FALSE,FALSE
1982-06-05,circumpolar,12.916860550000001,0.3668825667215128,0.3668825667215128,1.1150233324839751,FALSE,FALSE
1982-06-07,circumpolar,13.07963158,0.3232305322611424,0.3232305322611424,1.1150233324839751,FALSE,FALSE
1982-06-09,circumpolar,13.25648956,0.2947404017740709,0.2947404017740709,1.1150233324839751,FALSE,FALSE
1982-06-11,circumpolar,13.56344334,0.39709754636456474,0.39709754636456474,1.1150233324839751,FALSE,FALSE
1982-06-13,circumpolar,13.71182161,0.34130717713689407,0.34130717713689407,1.1150233324839751,FALSE,FALSE
1982-06-15,circumpolar,13.81829133,0.24380078940100347,0.24380078940100347,1.1150233324839751,FALSE,FALSE
1982-06-17,circumpolar,13.96533409,0.18776679955461084,0.18776679955461084,1.1150233324839751,FALSE,FALSE
1982-06-19,circumpolar,14.06917719,0.09071094225418896,0.09071094225418896,1.1150233324839751,FALSE,FALSE
1982-06-21,circumpolar,14.16311112,-0.01278983754925633,0.01278983754925633,1.1150233324839751,FALSE,FALSE
1982-06-23,circumpolar,14.31406897,-0.05451599490477044,0.05451599490477044,1.1150233324839751,FALSE,FALSE
1982-06-25,circumpolar,14.4846132,-0.07061861486134724,0.07061861486134724,1.1150233324839751,FALSE,FALSE
1982-06-27,circumpolar,14.55898387,-0.175599207154308,0.175599207154308,1.1150233324839751,FALSE,FALSE
1982-06-29,circumpolar,14.85457278,-0.05191952983785164,0.05191952983785164,1.1150233324839751,FALSE,FALSE
1982-07-01,circumpolar,15.06559363,-0.00667712313053314,0.00667712313053314,1.1150233324839751,FALSE,FALSE
1982-07-03,circumpolar,15.30080883,0.0674804272280376,0.0674804272280376,1.1150233324839751,FALSE,FALSE
1982-07-05,circumpolar,15.41302909,0.02195383549825536,0.02195383549825536,1.1150233324839751,FALSE,FALSE
1982-07-07,circumpolar,15.4776838,-0.0692375040595028,0.0692375040595028,1.1150233324839751,FALSE,FALSE
1982-07-09,circumpolar,15.60258347,-0.09969266419095746,0.09969266419095746,1.1150233324839751,FALSE,FALSE
1982-07-11,circumpolar,15.76430023,-0.09374952799954173,0.09374952799954173,1.1150233324839751,FALSE,FALSE
1982-07-13,circumpolar,16.23767086,0.22398818014086075,0.22398818014086075,1.1150233324839751,FALSE,FALSE
1982-07-15,circumpolar,16.59966853,0.43132196958058344,0.43132196958058344,1.1150233324839751,FALSE,FALSE
1982-07-17,circumpolar,16.46915527,0.14794220966994232,0.14794220966994232,1.1150233324839751,FALSE,FALSE
1982-07-19,circumpolar,16.3148955,-0.15655834024070714,0.15655834024070714,1.1150233324839751,FALSE,FALSE
1982-07-21,circumpolar,16.47589035,-0.1423502108010588,0.1423502108010588,1.1150233324839751,FALSE,FALSE
1982-07-23,circumpolar,16.80049815,0.03970196215639277,0.03970196215639277,1.1150233324839751,FALSE,FALSE
1982-07-25,circumpolar,16.99547388,0.09676336145826524,0.09676336145826524,1.1150233324839751,FALSE,FALSE
1982-07-27,circumpolar,17.07558316,0.04385010480307727,0.04385010480307727,1.1150233324839751,FALSE,FALSE
1982-07-29,circumpolar,17.20843708,0.04882312216223639,0.04882312216223639,1.1150233324839751,FALSE,FALSE
1982-07-31,circumpolar,17.42598295,0.14387956350719475,0.14387956350719475,1.1150233324839751,FALSE,FALSE
1982-08-01,circumpolar,18.54568572,1.2044374969153928,1.2044374969153928,1.1150233324839751,TRUE,FALSE
1982-08-02,circumpolar,17.54600962,0.1470581188093334,0.1470581188093334,1.1150233324839751,FALSE,FALSE
1982-08-04,circumpolar,17.72628561,0.2163619559379022,0.2163619559379022,1.1150233324839751,FALSE,FALSE
1982-08-06,circumpolar,17.73142129,0.1163134170122362,0.1163134170122362,1.1150233324839751,FALSE,FALSE
1982-08-08,circumpolar,17.94939139,0.234490721201432,0.234490721201432,1.1150233324839751,FALSE,FALSE
1982-08-10,circumpolar,18.02168267,0.21197176593276268,0.21197176593276268,1.1150233324839751,FALSE,FALSE
1982-08-12,circumpolar,18.14414148,0.24419403863349132,0.24419403863349132,1.1150233324839751,FALSE,FALSE
1982-08-14,circumpolar,18.42787798,0.4418588367309404,0.4418588367309404,1.1150233324839751,FALSE,FALSE
1982-08-16,circumpolar,18.4561951,0.3878611062226476,0.3878611062226476,1.1150233324839751,FALSE,FALSE
1982-08-18,circumpolar,18.29246168,0.14530131580537642,0.14530131580537642,1.1150233324839751,FALSE,FALSE
1982-08-20,circumpolar,18.35836189,0.1358864788395202,0.1358864788395202,1.1150233324839751,FALSE,FALSE
1982-08-22,circumpolar,18.38427976,0.09005990915841267,0.09005990915841267,1.1150233324839751,FALSE,FALSE
1982-08-24,circumpolar,18.36369057,0.00135617059534709,0.00135617059534709,1.1150233324839751,FALSE,FALSE
1982-08-26,circumpolar,18.39256091,-0.03419886301635699,0.03419886301635699,1.1150233324839751,FALSE,FALSE
1982-08-28,circumpolar,18.42070098,-0.06673570784340654,0.06673570784340654,1.1150233324839751,FALSE,FALSE
1982-08-30,circumpolar,18.57352677,0.02923007598277394,0.02923007598277394,1.1150233324839751,FALSE,FALSE
1982-09-01,circumpolar,18.73430205,0.1370758255467699,0.1370758255467699,1.1150233324839751,FALSE,FALSE
1982-09-03,circumpolar,18.87488557,0.22878771618868043,0.22878771618868043,1.1150233324839751,FALSE,FALSE
1982-09-05,circumpolar,18.85806086,0.1672767069740786,0.1672767069740786,1.1150233324839751,FALSE,FALSE
1982-09-07,circumpolar,18.73494813,0.00379043696856129,0.00379043696856129,1.1150233324839751,FALSE,FALSE
1982-09-09,circumpolar,18.7226747,-0.04441634476233247,0.04441634476233247,1.1150233324839751,FALSE,FALSE
1982-09-11,circumpolar,18.65838983,-0.14006458648133346,0.14006458648133346,1.1150233324839751,FALSE,FALSE
1982-09-13,circumpolar,18.62185359,-0.20323388551604893,0.20323388551604893,1.1150233324839751,FALSE,FALSE
1982-09-15,circumpolar,18.5943933,-0.25241531964502073,0.25241531964502073,1.1150233324839751,FALSE,FALSE
1982-09-17,circumpolar,18.71063888,-0.15279693467430988,0.15279693467430988,1.1150233324839751,FALSE,FALSE
1982-09-19,circumpolar,18.72998414,-0.14480288640999817,0.14480288640999817,1.1150233324839751,FALSE,FALSE
1982-09-21,circumpolar,18.66905681,-0.21162341065816292,0.21162341065816292,1.1150233324839751,FALSE,FALSE
1982-09-23,circumpolar,18.67901355,-0.20192059397153983,0.20192059397153983,1.1150233324839751,FALSE,FALSE
1982-09-25,circumpolar,18.65246439,-0.22294634302929597,0.22294634302929597,1.1150233324839751,FALSE,FALSE
1982-09-27,circumpolar,18.66278353,-0.20125331828264947,0.20125331828264947,1.1150233324839751,FALSE,FALSE
1982-09-29,circumpolar,18.65764591,-0.18909879532444052,0.18909879532444052,1.1150233324839751,FALSE,FALSE
1982-10-01,circumpolar,18.64926568,-0.17420083974749545,0.17420083974749545,1.1150233324839751,FALSE,FALSE
1982-10-03,circumpolar,18.48394168,-0.31019282714462904,0.31019282714462904,1.1150233324839751,FALSE,FALSE
1982-10-05,circumpolar,18.44675407,-0.3119268103974733,0.3119268103974733,1.1150233324839751,FALSE,FALSE
1982-10-07,circumpolar,18.47118119,-0.2458338810060781,0.2458338810060781,1.1150233324839751,FALSE,FALSE
1982-10-09,circumpolar,18.57001849,-0.09894995839314902,0.09894995839314902,1.1150233324839751,FALSE,FALSE
1982-10-11,circumpolar,18.40050629,-0.21384938548758117,0.21384938548758117,1.1150233324839751,FALSE,FALSE
1982-10-13,circumpolar,18.31749254,-0.23549887521834376,0.23549887521834376,1.1150233324839751,FALSE,FALSE
1982-10-15,circumpolar,18.28300103,-0.2016893005143423,0.2016893005143423,1.1150233324839751,FALSE,FALSE
1982-10-17,circumpolar,18.18841908,-0.22084800430451068,0.22084800430451068,1.1150233324839751,FALSE,FALSE
1982-10-19,circumpolar,18.09270269,-0.23384306202063243,0.23384306202063243,1.1150233324839751,FALSE,FALSE
1982-10-21,circumpolar,18.16244906,-0.07398095846666308,0.07398095846666308,1.1150233324839751,FALSE,FALSE
1982-10-23,circumpolar,18.10372693,-0.03513666810277982,0.03513666810277982,1.1150233324839751,FALSE,FALSE
1982-10-25,circumpolar,17.96959209,-0.06419841859053221,0.06419841859053221,1.1150233324839751,FALSE,FALSE
1982-10-27,circumpolar,17.76301526,-0.15813950759149265,0.15813950759149265,1.1150233324839751,FALSE,FALSE
1982-10-29,circumpolar,17.70134323,-0.09955716276723336,0.09955716276723336,1.1150233324839751,FALSE,FALSE
1982-10-31,circumpolar,17.51246602,-0.16048272350346693,0.16048272350346693,1.1150233324839751,FALSE,FALSE
1982-11-01,circumpolar,16.47521038,-1.1306988886861014,1.1306988886861014,1.1150233324839751,TRUE,FALSE
1982-11-02,circumpolar,17.42762576,-0.10897909635517776,0.10897909635517776,1.1150233324839751,FALSE,FALSE
1982-11-04,circumpolar,17.27386492,-0.1166344927851668,0.1166344927851668,1.1150233324839751,FALSE,FALSE
1982-11-06,circumpolar,17.16767822,-0.06555058005841374,0.06555058005841374,1.1150233324839751,FALSE,FALSE
1982-11-08,circumpolar,17.00287461,-0.06051479543990723,0.06051479543990723,1.1150233324839751,FALSE,FALSE
1982-11-10,circumpolar,16.91151782,0.03194020380536599,0.03194020380536599,1.1150233324839751,FALSE,FALSE
1982-11-12,circumpolar,16.78177583,0.10138470863671144,0.10138470863671144,1.1150233324839751,FALSE,FALSE
1982-11-14,circumpolar,16.63013342,0.16530169717264087,0.16530169717264087,1.1150233324839751,FALSE,FALSE
1982-11-16,circumpolar,16.37283073,0.1399549357413541,0.1399549357413541,1.1150233324839751,FALSE,FALSE
1982-11-18,circumpolar,16.02703268,0.04238900469044893,0.04238900469044893,1.1150233324839751,FALSE,FALSE
1982-11-20,circumpolar,15.77395059,0.05369488436752689,0.05369488436752689,1.1150233324839751,FALSE,FALSE
1982-11-22,circumpolar,15.50377077,0.06393854512019104,0.06393854512019104,1.1150233324839751,FALSE,FALSE
1982-11-24,circumpolar,15.04170062,-0.1017929527039616,0.1017929527039616,1.1150233324839751,FALSE,FALSE
1982-11-26,circumpolar,14.60691161,-0.2243549553933022,0.2243549553933022,1.1150233324839751,FALSE,FALSE
1982-11-28,circumpolar,14.19576109,-0.30687798420344237,0.30687798420344237,1.1150233324839751,FALSE,FALSE
1982-11-30,circumpolar,13.68926715,-0.4676391679426608,0.4676391679426608,1.1150233324839751,FALSE,FALSE
1982-12-01,circumpolar,10.41806795,-3.5593371957175144,3.5593371957175144,1.1150233324839751,TRUE,FALSE
1982-12-02,circumpolar,13.04575182,-0.7476114535928424,0.7476114535928424,1.1150233324839751,FALSE,FALSE
1982-12-04,circumpolar,12.49672546,-0.914579458135881,0.914579458135881,1.1150233324839751,FALSE,FALSE
1982-12-06,circumpolar,11.9772009,-1.0328253285536633,1.0328253285536633,1.1150233324839751,FALSE,FALSE
1982-12-08,circumpolar,11.49748145,-1.0914961620385917,1.0914961620385917,1.1150233324839751,FALSE,FALSE
1982-12-10,circumpolar,11.09082506,-1.059242067009336,1.059242067009336,1.1150233324839751,FALSE,FALSE
1982-12-12,circumpolar,10.63807379,-1.0590907906988427,1.0590907906988427,1.1150233324839751,FALSE,FALSE
1982-12-14,circumpolar,10.06495261,-1.1692418382423195,1.1692418382423195,1.1150233324839751,TRUE,FALSE
1982-12-16,circumpolar,9.54243728,-1.222643924774962,1.222643924774962,1.1150233324839751,TRUE,FALSE
1982-12-18,circumpolar,9.136941298,-1.1568080274319763,1.1568080274319763,1.1150233324839751,TRUE,FALSE
1982-12-20,circumpolar,8.672739478,-1.1513822243075662,1.1513822243075662,1.1150233324839751,TRUE,FALSE
1982-12-22,circumpolar,8.252472008,-1.107519617318072,1.107519617318072,1.1150233324839751,FALSE,FALSE
1982-12-24,circumpolar,7.969397319,-0.9355312501907802,0.9355312501907802,1.1150233324839751,FALSE,FALSE
1982-12-26,circumpolar,7.648106558,-0.8143732432911506,0.8143732432911506,1.1150233324839751,FALSE,FALSE
1982-12-28,circumpolar,7.348559178,-0.6876334109846294,0.6876334109846294,1.1150233324839751,FALSE,FALSE
1982-12-30,circumpolar,7.135140224,-0.4944739756366632,0.4944739756366632,1.1150233324839751,FALSE,FALSE
1983-01-01,circumpolar,6.916114929,-0.3301769716127332,0.3301769716127332,1.1150233324839751,FALSE,FALSE
1983-01-03,circumpolar,6.577338586,-0.3114949856406124,0.3114949856406124,1.1150233324839751,FALSE,FALSE
1983-01-05,circumpolar,6.310890622,-0.24519891989738696,0.24519891989738696,1.1150233324839751,FALSE,FALSE
1983-01-07,circumpolar,6.090699313,-0.15527143992249037,0.15527143992249037,1.1150233324839751,FALSE,FALSE
1983-01-09,circumpolar,5.841746866,-0.1146412802553396,0.1146412802553396,1.1150233324839751,FALSE,FALSE
1983-01-11,circumpolar,5.562298065,-0.12295459843535904,0.12295459843535904,1.1150233324839751,FALSE,FALSE
1983-01-13,circumpolar,5.375227962,-0.05524728400197976,0.05524728400197976,1.1150233324839751,FALSE,FALSE
1983-01-15,circumpolar,5.11881369,-0.07128181361314034,0.07128181361314034,1.1150233324839751,FALSE,FALSE
1983-01-17,circumpolar,4.962664166,-7.856516675834868e-4,7.856516675834868e-4,1.1150233324839751,FALSE,FALSE
1983-01-19,circumpolar,4.840926917,0.0903014402141178,0.0903014402141178,1.1150233324839751,FALSE,FALSE
1983-01-21,circumpolar,4.73927323,0.18755428836707377,0.18755428836707377,1.1150233324839751,FALSE,FALSE
1983-01-23,circumpolar,4.598895424,0.2320687511263948,0.2320687511263948,1.1150233324839751,FALSE,FALSE
1983-01-25,circumpolar,4.434722332,0.2386772008271807,0.2386772008271807,1.1150233324839751,FALSE,FALSE
1983-01-27,circumpolar,4.321505938,0.28204663265810925,0.28204663265810925,1.1150233324839751,FALSE,FALSE
1983-01-29,circumpolar,4.277384482,0.3806419634137943,0.3806419634137943,1.1150233324839751,FALSE,FALSE
1983-01-31,circumpolar,4.12059658,0.35354421474970765,0.35354421474970765,1.1150233324839751,FALSE,FALSE
1983-02-01,circumpolar,3.511960286,-0.19485854570842953,0.19485854570842953,1.1150233324839751,FALSE,FALSE
1983-02-02,circumpolar,4.036567743,0.3870539197660743,0.3870539197660743,1.1150233324839751,FALSE,FALSE
1983-02-04,circumpolar,3.907031273,0.363779402563126,0.363779402563126,1.1150233324839751,FALSE,FALSE
1983-02-06,circumpolar,3.798445743,0.3510542582410676,0.3510542582410676,1.1150233324839751,FALSE,FALSE
1983-02-08,circumpolar,3.689854506,0.3287960210831904,0.3287960210831904,1.1150233324839751,FALSE,FALSE
1983-02-10,circumpolar,3.58371888,0.2996703485310248,0.2996703485310248,1.1150233324839751,FALSE,FALSE
1983-02-12,circumpolar,3.535470492,0.31743932512959105,0.31743932512959105,1.1150233324839751,FALSE,FALSE
1983-02-14,circumpolar,3.51591065,0.35090954089004756,0.35090954089004756,1.1150233324839751,FALSE,FALSE
1983-02-16,circumpolar,3.432554478,0.30560140182356665,0.30560140182356665,1.1150233324839751,FALSE,FALSE
1983-02-18,circumpolar,3.386683085,0.28080129894132755,0.28080129894132755,1.1150233324839751,FALSE,FALSE
1983-02-20,circumpolar,3.404570621,0.30078866425448725,0.30078866425448725,1.1150233324839751,FALSE,FALSE
1983-02-22,circumpolar,3.354135528,0.23184409869744993,0.23184409869744993,1.1150233324839751,FALSE,FALSE
1983-02-24,circumpolar,3.373049894,0.2124177128731408,0.2124177128731408,1.1150233324839751,FALSE,FALSE
1983-02-26,circumpolar,3.367433152,0.15040871673410194,0.15040871673410194,1.1150233324839751,FALSE,FALSE
1983-02-28,circumpolar,3.431422431,0.14173724320158465,0.14173724320158465,1.1150233324839751,FALSE,FALSE
1983-03-01,circumpolar,4.757197664,1.425638601763164,1.425638601763164,1.1150233324839751,TRUE,FALSE
1983-03-02,circumpolar,3.550302081,0.17347064619683827,0.17347064619683827,1.1150233324839751,FALSE,FALSE
1983-03-04,circumpolar,3.738458091,0.2617779186411253,0.2617779186411253,1.1150233324839751,FALSE,FALSE
1983-03-06,circumpolar,3.809909105,0.2224372981553202,0.2224372981553202,1.1150233324839751,FALSE,FALSE
1983-03-08,circumpolar,3.857211435,0.14930435431897315,0.14930435431897315,1.1150233324839751,FALSE,FALSE
1983-03-10,circumpolar,3.924127876,0.08702041832109142,0.08702041832109142,1.1150233324839751,FALSE,FALSE
1983-03-12,circumpolar,4.051384399,0.07717453009742714,0.07717453009742714,1.1150233324839751,FALSE,FALSE
1983-03-14,circumpolar,4.277323507,0.1589722615837177,0.1589722615837177,1.1150233324839751,FALSE,FALSE
1983-03-16,circumpolar,4.40065341,0.1319848917157067,0.1319848917157067,1.1150233324839751,FALSE,FALSE
1983-03-18,circumpolar,4.519694505,0.09539459541859596,0.09539459541859596,1.1150233324839751,FALSE,FALSE
1983-03-20,circumpolar,4.714318699,0.12976461411413265,0.12976461411413265,1.1150233324839751,FALSE,FALSE
1983-03-22,circumpolar,4.886997455,0.13791877403168495,0.13791877403168495,1.1150233324839751,FALSE,FALSE
1983-03-24,circumpolar,5.016744379,0.09918296661542936,0.09918296661542936,1.1150233324839751,FALSE,FALSE
1983-03-26,circumpolar,5.138545229,0.0488552353095395,0.0488552353095395,1.1150233324839751,FALSE,FALSE
1983-03-28,circumpolar,5.293390853,0.02823871355819207,0.02823871355819207,1.1150233324839751,FALSE,FALSE
1983-03-30,circumpolar,5.433291056,-0.01034450819444732,0.01034450819444732,1.1150233324839751,FALSE,FALSE
1983-04-01,circumpolar,5.596700245,-0.02822101184342251,0.02822101184342251,1.1150233324839751,FALSE,FALSE
1983-04-03,circumpolar,5.754624527,-0.05460150913499451,0.05460150913499451,1.1150233324839751,FALSE,FALSE
1983-04-05,circumpolar,5.94113689,-0.05575702197492926,0.05575702197492926,1.1150233324839751,FALSE,FALSE
1983-04-07,circumpolar,6.132818191,-0.05545071840591387,0.05545071840591387,1.1150233324839751,FALSE,FALSE
1983-04-09,circumpolar,6.318144392,-0.0655506614706578,0.0655506614706578,1.1150233324839751,FALSE,FALSE
1983-04-11,circumpolar,6.502594984,-0.08092138521185444,0.08092138521185444,1.1150233324839751,FALSE,FALSE
1983-04-13,circumpolar,6.680382651,-0.10764706880147656,0.10764706880147656,1.1150233324839751,FALSE,FALSE
1983-04-15,circumpolar,6.806827149,-0.1901330461906197,0.1901330461906197,1.1150233324839751,FALSE,FALSE
1983-04-17,circumpolar,7.023802934,-0.1858495828325326,0.1858495828325326,1.1150233324839751,FALSE,FALSE
1983-04-19,circumpolar,7.164982421,-0.26046210926990643,0.26046210926990643,1.1150233324839751,FALSE,FALSE
1983-04-21,circumpolar,7.341365349,-0.3023087320453932,0.3023087320453932,1.1150233324839751,FALSE,FALSE
1983-04-23,circumpolar,7.505559173,-0.3581198417016749,0.3581198417016749,1.1150233324839751,FALSE,FALSE
1983-04-25,circumpolar,7.717613713,-0.367186965357865,0.367186965357865,1.1150233324839751,FALSE,FALSE
1983-04-27,circumpolar,7.938817716,-0.3677351144652201,0.3677351144652201,1.1150233324839751,FALSE,FALSE
1983-04-29,circumpolar,8.213781183,-0.3149156118235048,0.3149156118235048,1.1150233324839751,FALSE,FALSE
1983-05-01,circumpolar,8.497407582,-0.2536054650898709,0.2536054650898709,1.1150233324839751,FALSE,FALSE
1983-05-03,circumpolar,8.674362191,-0.2989198719214574,0.2989198719214574,1.1150233324839751,FALSE,FALSE
1983-05-05,circumpolar,8.810145969,-0.38513834897540633,0.38513834897540633,1.1150233324839751,FALSE,FALSE
1983-05-07,circumpolar,8.903556514,-0.5132437889018444,0.5132437889018444,1.1150233324839751,FALSE,FALSE
1983-05-09,circumpolar,9.248209945,-0.3894563354019151,0.3894563354019151,1.1150233324839751,FALSE,FALSE
1983-05-11,circumpolar,9.449827028,-0.4080730577896805,0.4080730577896805,1.1150233324839751,FALSE,FALSE
1983-05-13,circumpolar,9.608591989,-0.46896445375852025,0.46896445375852025,1.1150233324839751,FALSE,FALSE
1983-05-15,circumpolar,9.785931024,-0.510759051001811,0.510759051001811,1.1150233324839751,FALSE,FALSE
1983-05-17,circumpolar,10.04556087,-0.4697948362129516,0.4697948362129516,1.1150233324839751,FALSE,FALSE
1983-05-19,circumpolar,10.18702078,-0.5465872800852836,0.5465872800852836,1.1150233324839751,FALSE,FALSE
1983-05-21,circumpolar,10.29206883,-0.6594078232712643,0.6594078232712643,1.1150233324839751,FALSE,FALSE
1983-05-23,circumpolar,10.42745198,-0.7413375799233783,0.7413375799233783,1.1150233324839751,FALSE,FALSE
1983-05-25,circumpolar,10.71436959,-0.6709086896234169,0.6709086896234169,1.1150233324839751,FALSE,FALSE
1983-05-27,circumpolar,10.93133194,-0.6693417642179664,0.6693417642179664,1.1150233324839751,FALSE,FALSE
1983-05-29,circumpolar,11.09926684,-0.7154398855536233,0.7154398855536233,1.1150233324839751,FALSE,FALSE
1983-05-31,circumpolar,11.24258335,-0.7845248854769871,0.7845248854769871,1.1150233324839751,FALSE,FALSE
1983-06-01,circumpolar,13.78968094,1.6570678626388915,1.6570678626388915,1.1150233324839751,TRUE,FALSE
1983-06-02,circumpolar,11.36551075,-0.872109487803586,0.872109487803586,1.1150233324839751,FALSE,FALSE
1983-06-04,circumpolar,11.62668703,-0.8195752261533968,0.8195752261533968,1.1150233324839751,FALSE,FALSE
1983-06-06,circumpolar,11.95774951,-0.6955945921863176,0.6955945921863176,1.1150233324839751,FALSE,FALSE
1983-06-08,circumpolar,12.19405466,-0.6651345947980705,0.6651345947980705,1.1150233324839751,FALSE,FALSE
1983-06-10,circumpolar,12.40271145,-0.6614097428844019,0.6614097428844019,1.1150233324839751,FALSE,FALSE
1983-06-12,circumpolar,12.62570358,-0.6427598153410141,0.6427598153410141,1.1150233324839751,FALSE,FALSE
1983-06-14,circumpolar,12.80340258,-0.6691349306432421,0.6691349306432421,1.1150233324839751,FALSE,FALSE
1983-06-16,circumpolar,13.12801487,-0.5482058661560067,0.5482058661560067,1.1150233324839751,FALSE,FALSE
1983-06-18,circumpolar,13.31567801,-0.5626913865982885,0.5626913865982885,1.1150233324839751,FALSE,FALSE
1983-06-20,circumpolar,13.38644959,-0.6912474470190926,0.6912474470190926,1.1150233324839751,FALSE,FALSE
1983-06-22,circumpolar,13.6002167,-0.6727005024674444,0.6727005024674444,1.1150233324839751,FALSE,FALSE
1983-06-24,circumpolar,13.89085091,-0.5718925279923575,0.5718925279923575,1.1150233324839751,FALSE,FALSE
1983-06-26,circumpolar,14.08795716,-0.557932128642852,0.557932128642852,1.1150233324839751,FALSE,FALSE
1983-06-28,circumpolar,14.26961256,-0.5517796069036685,0.5517796069036685,1.1150233324839751,FALSE,FALSE
1983-06-30,circumpolar,14.48257534,-0.5074844154243259,0.5074844154243259,1.1150233324839751,FALSE,FALSE
1983-07-01,circumpolar,16.35869138,1.2864206268694662,1.2864206268694662,1.1150233324839751,TRUE,FALSE
1983-07-02,circumpolar,14.8478834,-0.30541815242393255,0.30541815242393255,1.1150233324839751,FALSE,FALSE
1983-07-04,circumpolar,15.05012626,-0.26240129364208187,0.26240129364208187,1.1150233324839751,FALSE,FALSE
1983-07-06,circumpolar,15.18943381,-0.2797139448184023,0.2797139448184023,1.1150233324839751,FALSE,FALSE
1983-07-08,circumpolar,15.31894799,-0.3056241616924993,0.3056241616924993,1.1150233324839751,FALSE,FALSE
1983-07-10,circumpolar,15.44115902,-0.3389697426294873,0.3389697426294873,1.1150233324839751,FALSE,FALSE
1983-07-12,circumpolar,15.64590272,-0.2900328578823661,0.2900328578823661,1.1150233324839751,FALSE,FALSE
1983-07-14,circumpolar,15.78620783,-0.3049796915110914,0.3049796915110914,1.1150233324839751,FALSE,FALSE
1983-07-16,circumpolar,15.81308029,-0.4319759641653338,0.4319759641653338,1.1150233324839751,FALSE,FALSE
1983-07-18,circumpolar,15.91058176,-0.4861316764947681,0.4861316764947681,1.1150233324839751,FALSE,FALSE
1983-07-20,circumpolar,15.99489293,-0.5504377991490639,0.5504377991490639,1.1150233324839751,FALSE,FALSE
1983-07-22,circumpolar,16.22179508,-0.4682875947195164,0.4682875947195164,1.1150233324839751,FALSE,FALSE
1983-07-24,circumpolar,16.2415833,-0.5887659124498192,0.5887659124498192,1.1150233324839751,FALSE,FALSE
1983-07-26,circumpolar,16.38474474,-0.5811041361229101,0.5811041361229101,1.1150233324839751,FALSE,FALSE
1983-07-28,circumpolar,16.54113358,-0.5551982457673539,0.5551982457673539,1.1150233324839751,FALSE,FALSE
1983-07-30,circumpolar,16.7585697,-0.462978521411717,0.462978521411717,1.1150233324839751,FALSE,FALSE
1983-08-01,circumpolar,16.94293191,-0.3983163130846102,0.3983163130846102,1.1150233324839751,FALSE,FALSE
1983-08-03,circumpolar,16.9824596,-0.4727223913772356,0.4727223913772356,1.1150233324839751,FALSE,FALSE
1983-08-05,circumpolar,17.11528384,-0.447931405325086,0.447931405325086,1.1150233324839751,FALSE,FALSE
1983-08-07,circumpolar,17.16477121,-0.5008814348717223,0.5008814348717223,1.1150233324839751,FALSE,FALSE
1983-08-09,circumpolar,17.0659122,-0.6969908525898703,0.6969908525898703,1.1150233324839751,FALSE,FALSE
1983-08-11,circumpolar,17.07807738,-0.7772979510522511,0.7772979510522511,1.1150233324839751,FALSE,FALSE
1983-08-13,circumpolar,17.2130939,-0.7303844428315749,0.7303844428315749,1.1150233324839751,FALSE,FALSE
1983-08-15,circumpolar,17.36762429,-0.6599966605005605,0.6599966605005605,1.1150233324839751,FALSE,FALSE
1983-08-17,circumpolar,17.50568636,-0.6024960291778392,0.6024960291778392,1.1150233324839751,FALSE,FALSE
1983-08-19,circumpolar,17.64146081,-0.5437996983485611,0.5437996983485611,1.1150233324839751,FALSE,FALSE
1983-08-21,circumpolar,17.88898431,-0.3698133521512083,0.3698133521512083,1.1150233324839751,FALSE,FALSE
1983-08-23,circumpolar,18.15274317,-0.17599139675245468,0.17599139675245468,1.1150233324839751,FALSE,FALSE
1983-08-25,circumpolar,18.19172861,-0.20328332831900295,0.20328332831900295,1.1150233324839751,FALSE,FALSE
1983-08-27,circumpolar,18.35411411,-0.10345638301754788,0.10345638301754788,1.1150233324839751,FALSE,FALSE
1983-08-29,circumpolar,18.38184006,-0.1345099774780074,0.1345099774780074,1.1150233324839751,FALSE,FALSE
1983-08-31,circumpolar,18.45950026,-0.11176047255337453,0.11176047255337453,1.1150233324839751,FALSE,FALSE
1983-09-01,circumpolar,19.289368,0.6921417755467694,0.6921417755467694,1.1150233324839751,FALSE,FALSE
1983-09-02,circumpolar,18.65138057,0.02920332891638466,0.02920332891638466,1.1150233324839751,FALSE,FALSE
1983-09-04,circumpolar,18.7505413,0.0815691659968536,0.0815691659968536,1.1150233324839751,FALSE,FALSE
1983-09-06,circumpolar,18.815899,0.10438101775359954,0.10438101775359954,1.1150233324839751,FALSE,FALSE
1983-09-08,circumpolar,18.9204395,0.17075214325218724,0.17075214325218724,1.1150233324839751,FALSE,FALSE
1983-09-10,circumpolar,19.0456021,0.26224929544007125,0.26224929544007125,1.1150233324839751,FALSE,FALSE
1983-09-12,circumpolar,19.12985035,0.3174767917752064,0.3174767917752064,1.1150233324839751,FALSE,FALSE
1983-09-14,circumpolar,19.13519239,0.29861897591913333,0.29861897591913333,1.1150233324839751,FALSE,FALSE
1983-09-16,circumpolar,19.06855586,0.21278552206575083,0.21278552206575083,1.1150233324839751,FALSE,FALSE
1983-09-18,circumpolar,19.21280304,0.34302074440902075,0.34302074440902075,1.1150233324839751,FALSE,FALSE
1983-09-20,circumpolar,19.28923977,0.4108125171428512,0.4108125171428512,1.1150233324839751,FALSE,FALSE
1983-09-22,circumpolar,19.10893157,0.2274083944611931,0.2274083944611931,1.1150233324839751,FALSE,FALSE
1983-09-24,circumpolar,19.03028623,0.15138671879948973,0.15138671879948973,1.1150233324839751,FALSE,FALSE
1983-09-26,circumpolar,18.81591797,-0.05454136640696561,0.05454136640696561,1.1150233324839751,FALSE,FALSE
1983-09-28,circumpolar,18.78873014,-0.06740465560543285,0.06740465560543285,1.1150233324839751,FALSE,FALSE
1983-09-30,circumpolar,18.81990576,-0.01595234438876147,0.01595234438876147,1.1150233324839751,FALSE,FALSE
1983-10-01,circumpolar,18.46881834,-0.3546481797474961,0.3546481797474961,1.1150233324839751,FALSE,FALSE
1983-10-02,circumpolar,18.70808877,-0.1014727083497533,0.1014727083497533,1.1150233324839751,FALSE,FALSE
1983-10-04,circumpolar,18.58783501,-0.18934212308123224,0.18934212308123224,1.1150233324839751,FALSE,FALSE
1983-10-06,circumpolar,18.36956691,-0.3690670837875274,0.3690670837875274,1.1150233324839751,FALSE,FALSE
1983-10-08,circumpolar,18.32761084,-0.366190104919248,0.366190104919248,1.1150233324839751,FALSE,FALSE
1983-10-10,circumpolar,18.34621947,-0.2962749442938808,0.2962749442938808,1.1150233324839751,FALSE,FALSE
1983-10-12,circumpolar,18.4055317,-0.17899736484037732,0.17899736484037732,1.1150233324839751,FALSE,FALSE
1983-10-14,circumpolar,18.32634207,-0.1933774894876379,0.1933774894876379,1.1150233324839751,FALSE,FALSE
1983-10-16,circumpolar,18.40526453,-0.04261603116459511,0.04261603116459511,1.1150233324839751,FALSE,FALSE
1983-10-18,circumpolar,18.39445282,0.02562571427535331,0.02562571427535331,1.1150233324839751,FALSE,FALSE
1983-10-20,circumpolar,18.28355271,0.00113698780126014,0.00113698780126014,1.1150233324839751,FALSE,FALSE
1983-10-22,circumpolar,18.12368152,-0.06490012303211046,0.06490012303211046,1.1150233324839751,FALSE,FALSE
1983-10-24,circumpolar,18.05070561,-0.03656327588634767,0.03656327588634767,1.1150233324839751,FALSE,FALSE
1983-10-26,circumpolar,17.9968133,0.01839183157698087,0.01839183157698087,1.1150233324839751,FALSE,FALSE
1983-10-28,circumpolar,17.94405631,0.08207290169633552,0.08207290169633552,1.1150233324839751,FALSE,FALSE
1983-10-30,circumpolar,17.78357519,0.0456764668101215,0.0456764668101215,1.1150233324839751,FALSE,FALSE
1983-11-01,circumpolar,17.65580712,0.04989785131389723,0.04989785131389723,1.1150233324839751,FALSE,FALSE
1983-11-03,circumpolar,17.56547776,0.10061770508117009,0.10061770508117009,1.1150233324839751,FALSE,FALSE
1983-11-05,circumpolar,17.44405088,0.13070340163767824,0.13070340163767824,1.1150233324839751,FALSE,FALSE
1983-11-07,circumpolar,17.32971584,0.17974791371842613,0.17974791371842613,1.1150233324839751,FALSE,FALSE
1983-11-09,circumpolar,17.17274596,0.19942817405843985,0.19942817405843985,1.1150233324839751,FALSE,FALSE
1983-11-11,circumpolar,17.12239209,0.34039864539273523,0.34039864539273523,1.1150233324839751,FALSE,FALSE
1983-11-13,circumpolar,16.90953084,0.3348623304223004,0.3348623304223004,1.1150233324839751,FALSE,FALSE
1983-11-15,circumpolar,16.6873187,0.33642289643116996,0.33642289643116996,1.1150233324839751,FALSE,FALSE
1983-11-17,circumpolar,16.428083,0.31729626264663224,0.31729626264663224,1.1150233324839751,FALSE,FALSE
1983-11-19,circumpolar,16.21853424,0.36407258941626175,0.36407258941626175,1.1150233324839751,FALSE,FALSE
1983-11-21,circumpolar,15.91633806,0.3342971770876826,0.3342971770876826,1.1150233324839751,FALSE,FALSE
1983-11-23,circumpolar,15.67821871,0.3845739360084881,0.3845739360084881,1.1150233324839751,FALSE,FALSE
1983-11-25,circumpolar,15.31846472,0.32907856372019495,0.32907856372019495,1.1150233324839751,FALSE,FALSE
1983-11-27,circumpolar,14.96710419,0.29805727600639287,0.29805727600639287,1.1150233324839751,FALSE,FALSE
1983-11-29,circumpolar,14.71736881,0.3854138918544514,0.3854138918544514,1.1150233324839751,FALSE,FALSE
1983-12-01,circumpolar,14.40648961,0.4290844642824858,0.4290844642824858,1.1150233324839751,FALSE,FALSE
1983-12-03,circumpolar,14.00497432,0.400281746308611,0.400281746308611,1.1150233324839751,FALSE,FALSE
1983-12-05,circumpolar,13.50837457,0.2952623909509402,0.2952623909509402,1.1150233324839751,FALSE,FALSE
1983-12-07,circumpolar,13.06428456,0.2623251269069957,0.2623251269069957,1.1150233324839751,FALSE,FALSE
1983-12-09,circumpolar,12.709577,0.3380603431199294,0.3380603431199294,1.1150233324839751,FALSE,FALSE
1983-12-11,circumpolar,12.26598701,0.3408674281817081,0.3408674281817081,1.1150233324839751,FALSE,FALSE
1983-12-13,circumpolar,11.82436365,0.35767096695711587,0.35767096695711587,1.1150233324839751,FALSE,FALSE
1983-12-15,circumpolar,11.32374822,0.32358778431095025,0.32358778431095025,1.1150233324839751,FALSE,FALSE
1983-12-17,circumpolar,10.81332775,0.28388043510802774,0.28388043510802774,1.1150233324839751,FALSE,FALSE
1983-12-19,circumpolar,9.992646402,-0.06583139378687264,0.06583139378687264,1.1150233324839751,FALSE,FALSE
1983-12-21,circumpolar,9.694528377,0.1033833865846141,0.1033833865846141,1.1150233324839751,FALSE,FALSE
1983-12-23,circumpolar,9.319196731,0.18809171556369544,0.18809171556369544,1.1150233324839751,FALSE,FALSE
1983-12-25,circumpolar,8.840416673,0.15851097799784064,0.15851097799784064,1.1150233324839751,FALSE,FALSE
1983-12-27,circumpolar,8.458339877,0.21124558052159692,0.21124558052159692,1.1150233324839751,FALSE,FALSE
1983-12-29,circumpolar,8.090720705,0.2605026177695198,0.2605026177695198,1.1150233324839751,FALSE,FALSE
1983-12-31,circumpolar,7.649600326,0.2147759913761398,0.2147759913761398,1.1150233324839751,FALSE,FALSE
1984-01-01,circumpolar,5.685544875,-1.5607470256127334,1.5607470256127334,1.1150233324839751,TRUE,FALSE
1984-01-02,circumpolar,7.340829573,0.2764866904307288,0.2764866904307288,1.1150233324839751,FALSE,FALSE
1984-01-04,circumpolar,7.126389686,0.4068868504808192,0.4068868504808192,1.1150233324839751,FALSE,FALSE
1984-01-06,circumpolar,6.829947209,0.4316146505323193,0.4316146505323193,1.1150233324839751,FALSE,FALSE
1984-01-08,circumpolar,6.455811222,0.3570682290457716,0.3570682290457716,1.1150233324839751,FALSE,FALSE
1984-01-10,circumpolar,6.124837992,0.30619291148176586,0.30619291148176586,1.1150233324839751,FALSE,FALSE
1984-01-12,circumpolar,5.817666137,0.26171637430086925,0.26171637430086925,1.1150233324839751,FALSE,FALSE
1984-01-14,circumpolar,5.603788448,0.2952172409729146,0.2952172409729146,1.1150233324839751,FALSE,FALSE
1984-01-16,circumpolar,5.171379644,0.09632862270106556,0.09632862270106556,1.1150233324839751,FALSE,FALSE
1984-01-18,circumpolar,4.878214259,0.02291030869780463,0.02291030869780463,1.1150233324839751,FALSE,FALSE
1984-01-20,circumpolar,4.550401067,-0.0990253877017544,0.0990253877017544,1.1150233324839751,FALSE,FALSE
1984-01-22,circumpolar,4.221039339,-0.236475656162507,0.236475656162507,1.1150233324839751,FALSE,FALSE
1984-01-24,circumpolar,4.0266240700000004,-0.2530419623493403,0.2530419623493403,1.1150233324839751,FALSE,FALSE
1984-01-26,circumpolar,3.883496038,-0.2324799889271474,0.2324799889271474,1.1150233324839751,FALSE,FALSE
1984-01-28,circumpolar,3.719482954,-0.24693493990531443,0.24693493990531443,1.1150233324839751,FALSE,FALSE
1984-01-30,circumpolar,3.635006022,-0.19531777962204577,0.19531777962204577,1.1150233324839751,FALSE,FALSE
1984-02-01,circumpolar,3.557931629,-0.14888720270842937,0.14888720270842937,1.1150233324839751,FALSE,FALSE
1984-02-03,circumpolar,3.450813259,-0.14421470306424755,0.14421470306424755,1.1150233324839751,FALSE,FALSE
1984-02-05,circumpolar,3.429989006,-0.06408716458928021,0.06408716458928021,1.1150233324839751,FALSE,FALSE
1984-02-07,circumpolar,3.328283621,-0.07480481418330243,0.07480481418330243,1.1150233324839751,FALSE,FALSE
1984-02-09,circumpolar,3.21346064,-0.1078434644610322,0.1078434644610322,1.1150233324839751,FALSE,FALSE
1984-02-11,circumpolar,3.100224791,-0.1493163146892309,0.1493163146892309,1.1150233324839751,FALSE,FALSE
1984-02-13,circumpolar,3.020561567,-0.16920648776111813,0.16920648776111813,1.1150233324839751,FALSE,FALSE
1984-02-15,circumpolar,2.995582838,-0.14839683166552264,0.14839683166552264,1.1150233324839751,FALSE,FALSE
1984-02-17,circumpolar,3.005460937,-0.10870973139127836,0.10870973139127836,1.1150233324839751,FALSE,FALSE
1984-02-19,circumpolar,2.965074746,-0.1372610229272193,0.1372610229272193,1.1150233324839751,FALSE,FALSE
1984-02-21,circumpolar,2.993237734,-0.11720982148380932,0.11720982148380932,1.1150233324839751,FALSE,FALSE
1984-02-23,circumpolar,3.024610458,-0.11448347168028317,0.11448347168028317,1.1150233324839751,FALSE,FALSE
1984-02-25,circumpolar,2.975793239,-0.21089006915211428,0.21089006915211428,1.1150233324839751,FALSE,FALSE
1984-02-27,circumpolar,2.97811019,-0.27332249697804967,0.27332249697804967,1.1150233324839751,FALSE,FALSE
1984-03-01,circumpolar,4.32765264,0.9508212051968384,0.9508212051968384,1.1150233324839751,FALSE,FALSE
1984-03-02,circumpolar,3.244842056,-0.18043737400722423,0.18043737400722423,1.1150233324839751,FALSE,FALSE
1984-03-04,circumpolar,3.397844184,-0.1329666086544994,0.1329666086544994,1.1150233324839751,FALSE,FALSE
1984-03-06,circumpolar,3.524090618,-0.12244924605917884,0.12244924605917884,1.1150233324839751,FALSE,FALSE
1984-03-08,circumpolar,3.597483223,-0.17398235009326068,0.17398235009326068,1.1150233324839751,FALSE,FALSE
1984-03-10,circumpolar,3.689059846,-0.21566500482100004,0.21566500482100004,1.1150233324839751,FALSE,FALSE
1984-03-12,circumpolar,3.778675993,-0.266778635306657,0.266778635306657,1.1150233324839751,FALSE,FALSE
1984-03-14,circumpolar,3.881344011,-0.31144782561448325,0.31144782561448325,1.1150233324839751,FALSE,FALSE
1984-03-16,circumpolar,4.022170228,-0.32370317880873856,0.32370317880873856,1.1150233324839751,FALSE,FALSE
1984-03-18,circumpolar,4.125206645,-0.378667031796132,0.378667031796132,1.1150233324839751,FALSE,FALSE
1984-03-20,circumpolar,4.259648907,-0.4066531911701068,0.4066531911701068,1.1150233324839751,FALSE,FALSE
1984-03-22,circumpolar,4.352626484,-0.4802183135999769,0.4802183135999769,1.1150233324839751,FALSE,FALSE
1984-03-24,circumpolar,4.526167296,-0.47702219364157017,0.47702219364157017,1.1150233324839751,FALSE,FALSE
1984-03-26,circumpolar,4.791063713,-0.3859601758507134,0.3859601758507134,1.1150233324839751,FALSE,FALSE
1984-03-28,circumpolar,4.97325417,-0.3807815397832295,0.3807815397832295,1.1150233324839751,FALSE,FALSE
1984-03-30,circumpolar,5.127740017,-0.4061825035774316,0.4061825035774316,1.1150233324839751,FALSE,FALSE
1984-04-01,circumpolar,5.334501097,-0.38217366398582975,0.38217366398582975,1.1150233324839751,FALSE,FALSE
1984-04-03,circumpolar,5.532835366,-0.36978271942124774,0.36978271942124774,1.1150233324839751,FALSE,FALSE
1984-04-05,circumpolar,5.72554759,-0.3665489289263686,0.3665489289263686,1.1150233324839751,FALSE,FALSE
1984-04-07,circumpolar,5.928464134,-0.35698995254389576,0.35698995254389576,1.1150233324839751,FALSE,FALSE
1984-04-09,circumpolar,6.08385144,-0.39918337331652864,0.39918337331652864,1.1150233324839751,FALSE,FALSE
1984-04-11,circumpolar,6.289088316,-0.3960937817196175,0.3960937817196175,1.1150233324839751,FALSE,FALSE
1984-04-13,circumpolar,6.43935401,-0.4526293320608632,0.4526293320608632,1.1150233324839751,FALSE,FALSE
1984-04-15,circumpolar,6.671747424,-0.4311300858835611,0.4311300858835611,1.1150233324839751,FALSE,FALSE
1984-04-17,circumpolar,6.946734347,-0.37046809973036776,0.37046809973036776,1.1150233324839751,FALSE,FALSE
1984-04-19,circumpolar,7.167122507,-0.367173491143963,0.367173491143963,1.1150233324839751,FALSE,FALSE
1984-04-21,circumpolar,7.331814994,-0.421681015667021,0.421681015667021,1.1150233324839751,FALSE,FALSE
1984-04-23,circumpolar,7.60498505,-0.3691552768422044,0.3691552768422044,1.1150233324839751,FALSE,FALSE
1984-04-25,circumpolar,7.891915667,-0.3036983906087434,0.3036983906087434,1.1150233324839751,FALSE,FALSE
1984-04-27,circumpolar,8.074273797,-0.34331575938442427,0.34331575938442427,1.1150233324839751,FALSE,FALSE
1984-04-29,circumpolar,8.337560227,-0.302286878239606,0.302286878239606,1.1150233324839751,FALSE,FALSE
1984-05-01,circumpolar,8.455459378,-0.4067078018314447,0.4067078018314447,1.1150233324839751,FALSE,FALSE
1984-05-03,circumpolar,8.574655894,-0.5096743618170638,0.5096743618170638,1.1150233324839751,FALSE,FALSE
1984-05-05,circumpolar,8.842735444,-0.4633813648536176,0.4633813648536176,1.1150233324839751,FALSE,FALSE
1984-05-07,circumpolar,9.056623462,-0.47069227139675185,0.47069227139675185,1.1150233324839751,FALSE,FALSE
1984-05-09,circumpolar,9.223244541,-0.5246142433789966,0.5246142433789966,1.1150233324839751,FALSE,FALSE
1984-05-11,circumpolar,9.543528361,-0.4242686640956279,0.4242686640956279,1.1150233324839751,FALSE,FALSE
1984-05-13,circumpolar,9.790838168,-0.3963470112400227,0.3963470112400227,1.1150233324839751,FALSE,FALSE
1984-05-15,circumpolar,9.926594343,-0.47948362750556406,0.47948362750556406,1.1150233324839751,FALSE,FALSE
1984-05-17,circumpolar,10.14131906,-0.4832110625856245,0.4832110625856245,1.1150233324839751,FALSE,FALSE
1984-05-19,circumpolar,10.38904975,-0.4535454761361155,0.4535454761361155,1.1150233324839751,FALSE,FALSE
1984-05-21,circumpolar,10.54367119,-0.5165481207067462,0.5165481207067462,1.1150233324839751,FALSE,FALSE
1984-05-23,circumpolar,10.80382059,-0.4733331724019987,0.4733331724019987,1.1150233324839751,FALSE,FALSE
1984-05-25,circumpolar,10.93779633,-0.5553331430684629,0.5553331430684629,1.1150233324839751,FALSE,FALSE
1984-05-27,circumpolar,11.0485488,-0.6593285345527473,0.6593285345527473,1.1150233324839751,FALSE,FALSE
1984-05-29,circumpolar,11.34833986,-0.572788378701425,0.572788378701425,1.1150233324839751,FALSE,FALSE
1984-05-31,circumpolar,11.59271673,-0.5398963473611094,0.5398963473611094,1.1150233324839751,FALSE,FALSE
1984-06-01,circumpolar,14.27797455,2.0403543121964134,2.0403543121964134,1.1150233324839751,TRUE,FALSE
1984-06-02,circumpolar,11.81685752,-0.5252989659490783,0.5252989659490783,1.1150233324839751,FALSE,FALSE
1984-06-04,circumpolar,12.06838382,-0.4815941632784888,0.4815941632784888,1.1150233324839751,FALSE,FALSE
1984-06-06,circumpolar,12.22804032,-0.5283607277388569,0.5283607277388569,1.1150233324839751,FALSE,FALSE
1984-06-08,circumpolar,12.53375139,-0.4279977682259286,0.4279977682259286,1.1150233324839751,FALSE,FALSE
1984-06-10,circumpolar,12.79976376,-0.36658203363543507,0.36658203363543507,1.1150233324839751,FALSE,FALSE
1984-06-12,circumpolar,13.04320304,-0.3273113928631055,0.3273113928631055,1.1150233324839751,FALSE,FALSE
1984-06-14,circumpolar,13.34040641,-0.2340841305989958,0.2340841305989958,1.1150233324839751,FALSE,FALSE
1984-06-16,circumpolar,13.4906798,-0.2868874904453893,0.2868874904453893,1.1150233324839751,FALSE,FALSE
1984-06-18,circumpolar,13.64258816,-0.33587808774580985,0.33587808774580985,1.1150233324839751,FALSE,FALSE
1984-06-20,circumpolar,13.97118938,-0.2047115775492561,0.2047115775492561,1.1150233324839751,FALSE,FALSE
1984-06-22,circumpolar,14.13351948,-0.2350654849047693,0.2350654849047693,1.1150233324839751,FALSE,FALSE
1984-06-24,circumpolar,14.48157782,-0.07365399486134727,0.07365399486134727,1.1150233324839751,FALSE,FALSE
1984-06-26,circumpolar,14.71817823,-0.01640484715430901,0.01640484715430901,1.1150233324839751,FALSE,FALSE
1984-06-28,circumpolar,14.99288467,0.08639236016214902,0.08639236016214902,1.1150233324839751,FALSE,FALSE
1984-06-30,circumpolar,15.36456486,0.2922941068694662,0.2922941068694662,1.1150233324839751,FALSE,FALSE
1984-07-01,circumpolar,17.12666365,1.973362097576068,1.973362097576068,1.1150233324839751,TRUE,FALSE
1984-07-02,circumpolar,15.71554388,0.4822154772280385,0.4822154772280385,1.1150233324839751,FALSE,FALSE
1984-07-04,circumpolar,15.95831339,0.5672381354982559,0.5672381354982559,1.1150233324839751,FALSE,FALSE
1984-07-06,circumpolar,16.23140045,0.6844791459404966,0.6844791459404966,1.1150233324839751,FALSE,FALSE
1984-07-08,circumpolar,16.27902969,0.5767535558090433,0.5767535558090433,1.1150233324839751,FALSE,FALSE
1984-07-10,circumpolar,16.40417193,0.5461221720004588,0.5461221720004588,1.1150233324839751,FALSE,FALSE
1984-07-12,circumpolar,16.61740048,0.6037178001408599,0.6037178001408599,1.1150233324839751,FALSE,FALSE
1984-07-14,circumpolar,16.68093882,0.5125922595805861,0.5125922595805861,1.1150233324839751,FALSE,FALSE
1984-07-16,circumpolar,16.67972963,0.3585165696699413,0.3585165696699413,1.1150233324839751,FALSE,FALSE
1984-07-18,circumpolar,16.77366433,0.3022104897592932,0.3022104897592932,1.1150233324839751,FALSE,FALSE
1984-07-20,circumpolar,16.89615478,0.27791421919894077,0.27791421919894077,1.1150233324839751,FALSE,FALSE
1984-07-22,circumpolar,17.06121801,0.30042182215639457,0.30042182215639457,1.1150233324839751,FALSE,FALSE
1984-07-24,circumpolar,17.28029436,0.38158384145826574,0.38158384145826574,1.1150233324839751,FALSE,FALSE
1984-07-26,circumpolar,17.37718505,0.34545199480307787,0.34545199480307787,1.1150233324839751,FALSE,FALSE
1984-07-28,circumpolar,17.50626068,0.34664672216223735,0.34664672216223735,1.1150233324839751,FALSE,FALSE
1984-07-30,circumpolar,17.5813267,0.2992233135071949,0.2992233135071949,1.1150233324839751,FALSE,FALSE
1984-08-01,circumpolar,17.81661814,0.4176666388093331,0.4176666388093331,1.1150233324839751,FALSE,FALSE
1984-08-03,circumpolar,18.03565549,0.5257318359379006,0.5257318359379006,1.1150233324839751,FALSE,FALSE
1984-08-05,circumpolar,18.12971151,0.514603637012236,0.514603637012236,1.1150233324839751,FALSE,FALSE
1984-08-07,circumpolar,18.21133932,0.4964386512014336,0.4964386512014336,1.1150233324839751,FALSE,FALSE
1984-08-09,circumpolar,18.19301172,0.3833008159327634,0.3833008159327634,1.1150233324839751,FALSE,FALSE
1984-08-11,circumpolar,18.09440969,0.19446224863349215,0.19446224863349215,1.1150233324839751,FALSE,FALSE
1984-08-13,circumpolar,18.08914016,0.1031210167309382,0.1031210167309382,1.1150233324839751,FALSE,FALSE
1984-08-15,circumpolar,18.30616075,0.23782675622264904,0.23782675622264904,1.1150233324839751,FALSE,FALSE
1984-08-17,circumpolar,18.57532088,0.4281605158053772,0.4281605158053772,1.1150233324839751,FALSE,FALSE
1984-08-19,circumpolar,18.6281532,0.4056777888395189,0.4056777888395189,1.1150233324839751,FALSE,FALSE
1984-08-21,circumpolar,18.5501427,0.2559228491584129,0.2559228491584129,1.1150233324839751,FALSE,FALSE
1984-08-23,circumpolar,18.37510312,0.01276872059534639,0.01276872059534639,1.1150233324839751,FALSE,FALSE
1984-08-25,circumpolar,18.32591391,-0.10084586301635667,0.10084586301635667,1.1150233324839751,FALSE,FALSE
1984-08-27,circumpolar,18.64582528,0.1583885921565944,0.1583885921565944,1.1150233324839751,FALSE,FALSE
1984-08-29,circumpolar,18.57944241,0.03514571598277172,0.03514571598277172,1.1150233324839751,FALSE,FALSE
1984-08-31,circumpolar,18.5116529,-0.08557332445322885,0.08557332445322885,1.1150233324839751,FALSE,FALSE
1984-09-01,circumpolar,19.07855,0.456372758916384,0.456372758916384,1.1150233324839751,FALSE,FALSE
1984-09-02,circumpolar,18.4995599,-0.1465379538113183,0.1465379538113183,1.1150233324839751,FALSE,FALSE
1984-09-04,circumpolar,18.43770623,-0.2530779230259199,0.2530779230259199,1.1150233324839751,FALSE,FALSE
1984-09-06,circumpolar,18.48907636,-0.24208133303143953,0.24208133303143953,1.1150233324839751,FALSE,FALSE
1984-09-08,circumpolar,18.52239939,-0.244691654762331,0.244691654762331,1.1150233324839751,FALSE,FALSE
1984-09-10,circumpolar,18.5450686,-0.25338581648133385,0.25338581648133385,1.1150233324839751,FALSE,FALSE
1984-09-12,circumpolar,18.62019627,-0.20489120551604856,0.20489120551604856,1.1150233324839751,FALSE,FALSE
1984-09-14,circumpolar,18.82138071,-0.02542790964502117,0.02542790964502117,1.1150233324839751,FALSE,FALSE
1984-09-16,circumpolar,18.79064019,-0.07279562467430978,0.07279562467430978,1.1150233324839751,FALSE,FALSE
1984-09-18,circumpolar,18.69419567,-0.18059135640999813,0.18059135640999813,1.1150233324839751,FALSE,FALSE
1984-09-20,circumpolar,18.7029316,-0.1777486206581642,0.1777486206581642,1.1150233324839751,FALSE,FALSE
1984-09-22,circumpolar,18.77573044,-0.10520370397154012,0.10520370397154012,1.1150233324839751,FALSE,FALSE
1984-09-24,circumpolar,18.63035758,-0.2450531530292963,0.2450531530292963,1.1150233324839751,FALSE,FALSE
1984-09-26,circumpolar,18.49608705,-0.3679497982826483,0.3679497982826483,1.1150233324839751,FALSE,FALSE
1984-09-28,circumpolar,18.40799353,-0.4387511753244411,0.4387511753244411,1.1150233324839751,FALSE,FALSE
1984-09-30,circumpolar,18.29750278,-0.5259637397474961,0.5259637397474961,1.1150233324839751,FALSE,FALSE
1984-10-01,circumpolar,18.14356042,-0.6660010583497531,0.6660010583497531,1.1150233324839751,FALSE,FALSE
1984-10-02,circumpolar,18.33718374,-0.4569507671446296,0.4569507671446296,1.1150233324839751,FALSE,FALSE
1984-10-04,circumpolar,18.25994507,-0.4987358103974735,0.4987358103974735,1.1150233324839751,FALSE,FALSE
1984-10-06,circumpolar,18.28650633,-0.4305087410060757,0.4305087410060757,1.1150233324839751,FALSE,FALSE
1984-10-08,circumpolar,18.1708963,-0.49807214839314895,0.49807214839314895,1.1150233324839751,FALSE,FALSE
1984-10-10,circumpolar,18.05697578,-0.5573798954875819,0.5573798954875819,1.1150233324839751,FALSE,FALSE
1984-10-12,circumpolar,18.10130589,-0.4516855252183447,0.4516855252183447,1.1150233324839751,FALSE,FALSE
1984-10-14,circumpolar,17.93765771,-0.5470326205143436,0.5470326205143436,1.1150233324839751,FALSE,FALSE
1984-10-16,circumpolar,17.82723071,-0.5820363743045114,0.5820363743045114,1.1150233324839751,FALSE,FALSE
1984-10-18,circumpolar,17.72722833,-0.5993174220206328,0.5993174220206328,1.1150233324839751,FALSE,FALSE
1984-10-20,circumpolar,17.72670384,-0.5097261784666642,0.5097261784666642,1.1150233324839751,FALSE,FALSE
1984-10-22,circumpolar,17.80611499,-0.3327486081027793,0.3327486081027793,1.1150233324839751,FALSE,FALSE
1984-10-24,circumpolar,17.78042863,-0.25336187859053183,0.25336187859053183,1.1150233324839751,FALSE,FALSE
1984-10-26,circumpolar,17.70130632,-0.2198484475914917,0.2198484475914917,1.1150233324839751,FALSE,FALSE
1984-10-28,circumpolar,17.72992143,-0.07097896276723148,0.07097896276723148,1.1150233324839751,FALSE,FALSE
1984-10-30,circumpolar,17.72101398,0.04806523649653016,0.04806523649653016,1.1150233324839751,FALSE,FALSE
1984-11-01,circumpolar,17.68633747,0.1497326136448223,0.1497326136448223,1.1150233324839751,FALSE,FALSE
1984-11-03,circumpolar,17.66817926,0.27767984721483074,0.27767984721483074,1.1150233324839751,FALSE,FALSE
1984-11-05,circumpolar,17.55860305,0.3253742499415857,0.3253742499415857,1.1150233324839751,FALSE,FALSE
1984-11-07,circumpolar,17.42819138,0.3648019745600948,0.3648019745600948,1.1150233324839751,FALSE,FALSE
1984-11-09,circumpolar,17.27103498,0.39145736380536533,0.39145736380536533,1.1150233324839751,FALSE,FALSE
1984-11-11,circumpolar,17.16557293,0.48518180863671034,0.48518180863671034,1.1150233324839751,FALSE,FALSE
1984-11-13,circumpolar,16.99066925,0.5258375271726408,0.5258375271726408,1.1150233324839751,FALSE,FALSE
1984-11-15,circumpolar,16.78486299,0.5519871957413542,0.5519871957413542,1.1150233324839751,FALSE,FALSE
1984-11-17,circumpolar,16.58754022,0.6028965446904486,0.6028965446904486,1.1150233324839751,FALSE,FALSE
1984-11-19,circumpolar,16.37705844,0.6568027343675258,0.6568027343675258,1.1150233324839751,FALSE,FALSE
1984-11-21,circumpolar,16.05113502,0.6113027951201921,0.6113027951201921,1.1150233324839751,FALSE,FALSE
1984-11-23,circumpolar,15.77356644,0.6300728672960378,0.6300728672960378,1.1150233324839751,FALSE,FALSE
1984-11-25,circumpolar,15.58562094,0.7543543746066987,0.7543543746066987,1.1150233324839751,FALSE,FALSE
1984-11-27,circumpolar,15.25482666,0.752187585796559,0.752187585796559,1.1150233324839751,FALSE,FALSE
1984-11-29,circumpolar,14.88020451,0.7232981920573405,0.7232981920573405,1.1150233324839751,FALSE,FALSE
1984-12-01,circumpolar,14.53914861,0.7457853364071578,0.7457853364071578,1.1150233324839751,FALSE,FALSE
1984-12-03,circumpolar,14.06669583,0.655390911864119,0.655390911864119,1.1150233324839751,FALSE,FALSE
1984-12-05,circumpolar,13.66745607,0.6574298414463371,0.6574298414463371,1.1150233324839751,FALSE,FALSE
1984-12-07,circumpolar,13.1163154,0.5273377879614074,0.5273377879614074,1.1150233324839751,FALSE,FALSE
1984-12-09,circumpolar,12.70637478,0.5563076529906645,0.5563076529906645,1.1150233324839751,FALSE,FALSE
1984-12-11,circumpolar,12.14060492,0.4434403393011568,0.4434403393011568,1.1150233324839751,FALSE,FALSE
1984-12-13,circumpolar,11.72946843,0.49527398175768056,0.49527398175768056,1.1150233324839751,FALSE,FALSE
1984-12-15,circumpolar,11.33693377,0.5718525652250381,0.5718525652250381,1.1150233324839751,FALSE,FALSE
1984-12-17,circumpolar,10.91862597,0.6248766445680243,0.6248766445680243,1.1150233324839751,FALSE,FALSE
1984-12-19,circumpolar,10.35950209,0.5353803876924328,0.5353803876924328,1.1150233324839751,FALSE,FALSE
1984-12-21,circumpolar,9.810316797,0.45032517168192854,0.45032517168192854,1.1150233324839751,FALSE,FALSE
1984-12-23,circumpolar,9.340475387,0.4355468178092199,0.4355468178092199,1.1150233324839751,FALSE,FALSE
1984-12-25,circumpolar,8.997365722,0.5348859207088488,0.5348859207088488,1.1150233324839751,FALSE,FALSE
1984-12-27,circumpolar,8.594335188,0.5581425990153708,0.5581425990153708,1.1150233324839751,FALSE,FALSE
1984-12-29,circumpolar,8.239911871,0.6102976713633375,0.6102976713633375,1.1150233324839751,FALSE,FALSE
1984-12-31,circumpolar,7.733918728,0.4876268273872606,0.4876268273872606,1.1150233324839751,FALSE,FALSE
1985-01-01,circumpolar,4.967315759,-2.278976141612733,2.278976141612733,1.1150233324839751,TRUE,FALSE
1985-01-02,circumpolar,7.094467785,0.03012490243072907,0.03012490243072907,1.1150233324839751,FALSE,FALSE
1985-01-04,circumpolar,6.6504392470000004,-0.06906358851917993,0.06906358851917993,1.1150233324839751,FALSE,FALSE
1985-01-06,circumpolar,6.22753497,-0.17079758846768112,0.17079758846768112,1.1150233324839751,FALSE,FALSE
1985-01-08,circumpolar,5.873242263,-0.22550072995422887,0.22550072995422887,1.1150233324839751,FALSE,FALSE
1985-01-10,circumpolar,5.502169872,-0.3164752085182343,0.3164752085182343,1.1150233324839751,FALSE,FALSE
1985-01-12,circumpolar,5.228663946,-0.32728581669913037,0.32728581669913037,1.1150233324839751,FALSE,FALSE
1985-01-14,circumpolar,4.921756137,-0.3868150700270858,0.3868150700270858,1.1150233324839751,FALSE,FALSE
1985-01-16,circumpolar,4.664636842,-0.4104141792989342,0.4104141792989342,1.1150233324839751,FALSE,FALSE
1985-01-18,circumpolar,4.495308926,-0.35999502430219543,0.35999502430219543,1.1150233324839751,FALSE,FALSE
1985-01-20,circumpolar,4.31455755,-0.33486890470175457,0.33486890470175457,1.1150233324839751,FALSE,FALSE
1985-01-22,circumpolar,4.164848983,-0.2926660121625071,0.2926660121625071,1.1150233324839751,FALSE,FALSE
1985-01-24,circumpolar,4.027056854,-0.25260917834934116,0.25260917834934116,1.1150233324839751,FALSE,FALSE
1985-01-26,circumpolar,3.863629805,-0.2523462219271475,0.2523462219271475,1.1150233324839751,FALSE,FALSE
1985-01-28,circumpolar,3.808662138,-0.15775575590531463,0.15775575590531463,1.1150233324839751,FALSE,FALSE
1985-01-30,circumpolar,3.662538691,-0.1677851106220456,0.1677851106220456,1.1150233324839751,FALSE,FALSE
1985-02-01,circumpolar,3.585605604,-0.12121322770842946,0.12121322770842946,1.1150233324839751,FALSE,FALSE
1985-02-03,circumpolar,3.515298044,-0.07972991806424723,0.07972991806424723,1.1150233324839751,FALSE,FALSE
1985-02-05,circumpolar,3.406295257,-0.0877809135892802,0.0877809135892802,1.1150233324839751,FALSE,FALSE
1985-02-07,circumpolar,3.257075215,-0.14601322018330265,0.14601322018330265,1.1150233324839751,FALSE,FALSE
1985-02-09,circumpolar,3.151394766,-0.16990933846103218,0.16990933846103218,1.1150233324839751,FALSE,FALSE
1985-02-11,circumpolar,3.123249174,-0.1262919316892308,0.1262919316892308,1.1150233324839751,FALSE,FALSE
1985-02-13,circumpolar,3.042596074,-0.14717198076111826,0.14717198076111826,1.1150233324839751,FALSE,FALSE
1985-02-15,circumpolar,3.029256491,-0.11472317866552252,0.11472317866552252,1.1150233324839751,FALSE,FALSE
1985-02-17,circumpolar,2.989938962,-0.12423170639127834,0.12423170639127834,1.1150233324839751,FALSE,FALSE
1985-02-19,circumpolar,2.930494157,-0.17184161192721925,0.17184161192721925,1.1150233324839751,FALSE,FALSE
1985-02-21,circumpolar,3.001930732,-0.10851682348380942,0.10851682348380942,1.1150233324839751,FALSE,FALSE
1985-02-23,circumpolar,3.035991488,-0.10310244168028326,0.10310244168028326,1.1150233324839751,FALSE,FALSE
1985-02-25,circumpolar,3.184121813,-0.00256149515211445,0.00256149515211445,1.1150233324839751,FALSE,FALSE
1985-02-27,circumpolar,3.3007712320000002,0.04933854502195034,0.04933854502195034,1.1150233324839751,FALSE,FALSE
1985-03-01,circumpolar,3.347954613,0.01639555076316368,0.01639555076316368,1.1150233324839751,FALSE,FALSE
1985-03-03,circumpolar,3.380645806,-0.04463362400722426,0.04463362400722426,1.1150233324839751,FALSE,FALSE
1985-03-05,circumpolar,3.512631102,-0.01817969065449976,0.01817969065449976,1.1150233324839751,FALSE,FALSE
1985-03-07,circumpolar,3.562278585,-0.08426127905917857,0.08426127905917857,1.1150233324839751,FALSE,FALSE
1985-03-09,circumpolar,3.708111474,-0.06335409909326062,0.06335409909326062,1.1150233324839751,FALSE,FALSE
1985-03-11,circumpolar,3.746786923,-0.15793792782100002,0.15793792782100002,1.1150233324839751,FALSE,FALSE
1985-03-13,circumpolar,3.773669058,-0.27178557030665695,0.27178557030665695,1.1150233324839751,FALSE,FALSE
1985-03-15,circumpolar,3.903155489,-0.2896363476144832,0.2896363476144832,1.1150233324839751,FALSE,FALSE
1985-03-17,circumpolar,4.000237138,-0.34563626880873866,0.34563626880873866,1.1150233324839751,FALSE,FALSE
1985-03-19,circumpolar,4.146036377,-0.3578372997961319,0.3578372997961319,1.1150233324839751,FALSE,FALSE
1985-03-21,circumpolar,4.242688555,-0.4236135431701067,0.4236135431701067,1.1150233324839751,FALSE,FALSE
1985-03-23,circumpolar,4.362283672,-0.47056112559997665,0.47056112559997665,1.1150233324839751,FALSE,FALSE
1985-03-25,circumpolar,4.559392249,-0.4437972406415698,0.4437972406415698,1.1150233324839751,FALSE,FALSE
1985-03-27,circumpolar,4.72804701,-0.44897687885071313,0.44897687885071313,1.1150233324839751,FALSE,FALSE
1985-03-29,circumpolar,4.910694163,-0.4433415467832296,0.4433415467832296,1.1150233324839751,FALSE,FALSE
1985-03-31,circumpolar,5.044855463,-0.4890670575774312,0.4890670575774312,1.1150233324839751,FALSE,FALSE
1985-04-01,circumpolar,7.443495754,1.8185744971565772,1.8185744971565772,1.1150233324839751,TRUE,FALSE
1985-04-02,circumpolar,5.301227012,-0.41544774898583015,0.41544774898583015,1.1150233324839751,FALSE,FALSE
1985-04-04,circumpolar,5.459302564,-0.4433155214212477,0.4433155214212477,1.1150233324839751,FALSE,FALSE
1985-04-06,circumpolar,5.777064512,-0.31503200692636835,0.31503200692636835,1.1150233324839751,FALSE,FALSE
1985-04-08,circumpolar,6.056965784,-0.22848830254389615,0.22848830254389615,1.1150233324839751,FALSE,FALSE
1985-04-10,circumpolar,6.189473283,-0.2935615303165289,0.2935615303165289,1.1150233324839751,FALSE,FALSE
1985-04-12,circumpolar,6.437943566,-0.24723853171961707,0.24723853171961707,1.1150233324839751,FALSE,FALSE
1985-04-14,circumpolar,6.61310613,-0.2788772120608627,0.2788772120608627,1.1150233324839751,FALSE,FALSE
1985-04-16,circumpolar,6.779847882,-0.32302962788356115,0.32302962788356115,1.1150233324839751,FALSE,FALSE
1985-04-18,circumpolar,7.016753969,-0.30044847773036754,0.30044847773036754,1.1150233324839751,FALSE,FALSE
1985-04-20,circumpolar,7.365733887,-0.16856211114396302,0.16856211114396302,1.1150233324839751,FALSE,FALSE
1985-04-22,circumpolar,7.560740561,-0.19275544866702088,0.19275544866702088,1.1150233324839751,FALSE,FALSE
1985-04-24,circumpolar,7.708954392,-0.2651859348422043,0.2651859348422043,1.1150233324839751,FALSE,FALSE
1985-04-26,circumpolar,7.868338449,-0.32727560860874316,0.32727560860874316,1.1150233324839751,FALSE,FALSE
1985-04-28,circumpolar,8.163965394,-0.2536241623844244,0.2536241623844244,1.1150233324839751,FALSE,FALSE
1985-04-30,circumpolar,8.41882465,-0.2210224552396074,0.2210224552396074,1.1150233324839751,FALSE,FALSE
1985-05-01,circumpolar,11.23169161,2.4806785629101302,2.4806785629101302,1.1150233324839751,TRUE,FALSE
1985-05-02,circumpolar,8.603979722,-0.25818745783144514,0.25818745783144514,1.1150233324839751,FALSE,FALSE
1985-05-04,circumpolar,8.953881381,-0.1304488748170627,0.1304488748170627,1.1150233324839751,FALSE,FALSE
1985-05-06,circumpolar,9.246880062,-0.05923674685361746,0.05923674685361746,1.1150233324839751,FALSE,FALSE
1985-05-08,circumpolar,9.482418702,-0.04489703139675072,0.04489703139675072,1.1150233324839751,FALSE,FALSE
1985-05-10,circumpolar,9.722252432,-0.02560635237899689,0.02560635237899689,1.1150233324839751,FALSE,FALSE
1985-05-12,circumpolar,10.00127561,0.03347858490437261,0.03347858490437261,1.1150233324839751,FALSE,FALSE
1985-05-14,circumpolar,10.26025667,0.07307149075997721,0.07307149075997721,1.1150233324839751,FALSE,FALSE
1985-05-16,circumpolar,10.546569999999999,0.1404920294944354,0.1404920294944354,1.1150233324839751,FALSE,FALSE
1985-05-18,circumpolar,10.72981142,0.10528129741437552,0.10528129741437552,1.1150233324839751,FALSE,FALSE
1985-05-20,circumpolar,10.98494728,0.14235205386388472,0.14235205386388472,1.1150233324839751,FALSE,FALSE
1985-05-22,circumpolar,11.19481974,0.1346004292932541,0.1346004292932541,1.1150233324839751,FALSE,FALSE
1985-05-24,circumpolar,11.5393525,0.26219873759800016,0.26219873759800016,1.1150233324839751,FALSE,FALSE
1985-05-26,circumpolar,11.6868186,0.19368912693153817,0.19368912693153817,1.1150233324839751,FALSE,FALSE
1985-05-28,circumpolar,11.83999246,0.13211512544725146,0.13211512544725146,1.1150233324839751,FALSE,FALSE
1985-05-30,circumpolar,11.96626076,0.04513252129857648,0.04513252129857648,1.1150233324839751,FALSE,FALSE
1985-06-01,circumpolar,12.12659061,-0.00602246736110956,0.00602246736110956,1.1150233324839751,FALSE,FALSE
1985-06-03,circumpolar,12.43231487,0.09015838405092325,0.09015838405092325,1.1150233324839751,FALSE,FALSE
1985-06-05,circumpolar,12.63171993,0.08174194672151103,0.08174194672151103,1.1150233324839751,FALSE,FALSE
1985-06-07,circumpolar,12.98963516,0.23323411226114388,0.23323411226114388,1.1150233324839751,FALSE,FALSE
1985-06-09,circumpolar,13.32840279,0.36665363177407073,0.36665363177407073,1.1150233324839751,FALSE,FALSE
1985-06-11,circumpolar,13.5001131,0.33376730636456564,0.33376730636456564,1.1150233324839751,FALSE,FALSE
1985-06-13,circumpolar,13.67439684,0.30388240713689463,0.30388240713689463,1.1150233324839751,FALSE,FALSE
1985-06-15,circumpolar,13.89193295,0.31744240940100354,0.31744240940100354,1.1150233324839751,FALSE,FALSE
1985-06-17,circumpolar,14.151352,0.3737847095546094,0.3737847095546094,1.1150233324839751,FALSE,FALSE
1985-06-19,circumpolar,14.22542663,0.2469603822541888,0.2469603822541888,1.1150233324839751,FALSE,FALSE
1985-06-21,circumpolar,14.32990789,0.15400693245074315,0.15400693245074315,1.1150233324839751,FALSE,FALSE
1985-06-23,circumpolar,14.47229255,0.10370758509523093,0.10370758509523093,1.1150233324839751,FALSE,FALSE
1985-06-25,circumpolar,14.61988171,0.06464989513865227,0.06464989513865227,1.1150233324839751,FALSE,FALSE
1985-06-27,circumpolar,14.88400424,0.14942116284569096,0.14942116284569096,1.1150233324839751,FALSE,FALSE
1985-06-29,circumpolar,15.09946474,0.1929724301621487,0.1929724301621487,1.1150233324839751,FALSE,FALSE
1985-07-01,circumpolar,15.19699185,0.12472109686946632,0.12472109686946632,1.1150233324839751,FALSE,FALSE
1985-07-03,circumpolar,15.38656334,0.1532349372280386,0.1532349372280386,1.1150233324839751,FALSE,FALSE
1985-07-05,circumpolar,15.55883071,0.16775545549825566,0.16775545549825566,1.1150233324839751,FALSE,FALSE
1985-07-07,circumpolar,15.65204091,0.10511960594049796,0.10511960594049796,1.1150233324839751,FALSE,FALSE
1985-07-09,circumpolar,15.68897144,-0.01330469419095869,0.01330469419095869,1.1150233324839751,FALSE,FALSE
1985-07-11,circumpolar,15.90184662,0.04379686200045896,0.04379686200045896,1.1150233324839751,FALSE,FALSE
1985-07-13,circumpolar,16.04392697,0.03024429014086038,0.03024429014086038,1.1150233324839751,FALSE,FALSE
1985-07-15,circumpolar,16.15898816,-0.0093584004194156,0.0093584004194156,1.1150233324839751,FALSE,FALSE
1985-07-17,circumpolar,16.08913193,-0.23208113033005873,0.23208113033005873,1.1150233324839751,FALSE,FALSE
1985-07-19,circumpolar,16.10846017,-0.36299367024070506,0.36299367024070506,1.1150233324839751,FALSE,FALSE
1985-07-21,circumpolar,16.35433443,-0.2639061308010575,0.2639061308010575,1.1150233324839751,FALSE,FALSE
1985-07-23,circumpolar,16.48788218,-0.27291400784360675,0.27291400784360675,1.1150233324839751,FALSE,FALSE
1985-07-25,circumpolar,16.54097576,-0.357734758541735,0.357734758541735,1.1150233324839751,FALSE,FALSE
1985-07-27,circumpolar,16.55723188,-0.4745011751969237,0.4745011751969237,1.1150233324839751,FALSE,FALSE
1985-07-29,circumpolar,16.46689593,-0.6927180278377634,0.6927180278377634,1.1150233324839751,FALSE,FALSE
1985-07-31,circumpolar,16.65089051,-0.6312128764928069,0.6312128764928069,1.1150233324839751,FALSE,FALSE
1985-08-01,circumpolar,18.39891912,1.0576708969153898,1.0576708969153898,1.1150233324839751,FALSE,FALSE
1985-08-02,circumpolar,16.76032947,-0.6386220311906676,0.6386220311906676,1.1150233324839751,FALSE,FALSE
1985-08-04,circumpolar,17.06225875,-0.4476649040620977,0.4476649040620977,1.1150233324839751,FALSE,FALSE
1985-08-06,circumpolar,17.28458664,-0.33052123298776337,0.33052123298776337,1.1150233324839751,FALSE,FALSE
1985-08-08,circumpolar,17.46575224,-0.24914842879856636,0.24914842879856636,1.1150233324839751,FALSE,FALSE
1985-08-10,circumpolar,17.63605421,-0.17365669406723683,0.17365669406723683,1.1150233324839751,FALSE,FALSE
1985-08-12,circumpolar,17.69694569,-0.2030017513665072,0.2030017513665072,1.1150233324839751,FALSE,FALSE
1985-08-14,circumpolar,17.87869347,-0.10732567326905952,0.10732567326905952,1.1150233324839751,FALSE,FALSE
1985-08-16,circumpolar,18.02183006,-0.04650393377735185,0.04650393377735185,1.1150233324839751,FALSE,FALSE
1985-08-18,circumpolar,18.25613717,0.1089768058053764,0.1089768058053764,1.1150233324839751,FALSE,FALSE
1985-08-20,circumpolar,18.37486772,0.15239230883952004,0.15239230883952004,1.1150233324839751,FALSE,FALSE
1985-08-22,circumpolar,18.40804283,0.11382297915841376,0.11382297915841376,1.1150233324839751,FALSE,FALSE
1985-08-24,circumpolar,18.57541925,0.21308485059534732,0.21308485059534732,1.1150233324839751,FALSE,FALSE
1985-08-26,circumpolar,18.70053379,0.27377401698364423,0.27377401698364423,1.1150233324839751,FALSE,FALSE
1985-08-28,circumpolar,18.7623326,0.2748959121565946,0.2748959121565946,1.1150233324839751,FALSE,FALSE
1985-08-30,circumpolar,18.96276241,0.41846571598277293,0.41846571598277293,1.1150233324839751,FALSE,FALSE
1985-09-01,circumpolar,18.99632535,0.3990991255467691,0.3990991255467691,1.1150233324839751,FALSE,FALSE
1985-09-03,circumpolar,19.10975504,0.46365718618868,0.46365718618868,1.1150233324839751,FALSE,FALSE
1985-09-05,circumpolar,19.14388875,0.4531045969740788,0.4531045969740788,1.1150233324839751,FALSE,FALSE
1985-09-07,circumpolar,19.15903528,0.4278775869685631,0.4278775869685631,1.1150233324839751,FALSE,FALSE
1985-09-09,circumpolar,19.25446614,0.4873750952376703,0.4873750952376703,1.1150233324839751,FALSE,FALSE
1985-09-11,circumpolar,19.27962728,0.4811728635186654,0.4811728635186654,1.1150233324839751,FALSE,FALSE
1985-09-13,circumpolar,19.23225589,0.4071684144839516,0.4071684144839516,1.1150233324839751,FALSE,FALSE
1985-09-15,circumpolar,19.12086689,0.27405827035497765,0.27405827035497765,1.1150233324839751,FALSE,FALSE
1985-09-17,circumpolar,19.07671933,0.21328351532568848,0.21328351532568848,1.1150233324839751,FALSE,FALSE
1985-09-19,circumpolar,19.00442636,0.1296393335900028,0.1296393335900028,1.1150233324839751,FALSE,FALSE
1985-09-21,circumpolar,18.95157609,0.070895869341836,0.070895869341836,1.1150233324839751,FALSE,FALSE
1985-09-23,circumpolar,18.94828067,0.0673465260284587,0.0673465260284587,1.1150233324839751,FALSE,FALSE
1985-09-25,circumpolar,18.90500431,0.0295935769707043,0.0295935769707043,1.1150233324839751,FALSE,FALSE
1985-09-27,circumpolar,18.94907859,0.08504174171735102,0.08504174171735102,1.1150233324839751,FALSE,FALSE
1985-09-29,circumpolar,18.93142774,0.08468303467556026,0.08468303467556026,1.1150233324839751,FALSE,FALSE
1985-10-01,circumpolar,18.98145785,0.1579913302525071,0.1579913302525071,1.1150233324839751,FALSE,FALSE
1985-10-03,circumpolar,19.05789608,0.26376157285536905,0.26376157285536905,1.1150233324839751,FALSE,FALSE
1985-10-05,circumpolar,18.91731021,0.15862932960252607,0.15862932960252607,1.1150233324839751,FALSE,FALSE
1985-10-07,circumpolar,18.97401669,0.2570016189939217,0.2570016189939217,1.1150233324839751,FALSE,FALSE
1985-10-09,circumpolar,18.8116643,0.1426958516068524,0.1426958516068524,1.1150233324839751,FALSE,FALSE
1985-10-11,circumpolar,18.80682287,0.192467194512421,0.192467194512421,1.1150233324839751,FALSE,FALSE
1985-10-13,circumpolar,18.71192767,0.15893625478165774,0.15893625478165774,1.1150233324839751,FALSE,FALSE
1985-10-15,circumpolar,18.58255338,0.09786304948565672,0.09786304948565672,1.1150233324839751,FALSE,FALSE
1985-10-17,circumpolar,18.47454404,0.06527695569549152,0.06527695569549152,1.1150233324839751,FALSE,FALSE
1985-10-19,circumpolar,18.42179503,0.09524927797936655,0.09524927797936655,1.1150233324839751,FALSE,FALSE
1985-10-21,circumpolar,18.47390208,0.2374720615333352,0.2374720615333352,1.1150233324839751,FALSE,FALSE
1985-10-23,circumpolar,18.37065561,0.23179201189721965,0.23179201189721965,1.1150233324839751,FALSE,FALSE
1985-10-25,circumpolar,18.35346935,0.3196788414094698,0.3196788414094698,1.1150233324839751,FALSE,FALSE
1985-10-27,circumpolar,18.25831117,0.33715640240850675,0.33715640240850675,1.1150233324839751,FALSE,FALSE
1985-10-29,circumpolar,18.04664574,0.2457453472327664,0.2457453472327664,1.1150233324839751,FALSE,FALSE
1985-10-31,circumpolar,18.02822916,0.3552804164965302,0.3552804164965302,1.1150233324839751,FALSE,FALSE
1985-11-01,circumpolar,16.80847648,-0.7974327886861019,0.7974327886861019,1.1150233324839751,FALSE,FALSE
1985-11-02,circumpolar,17.80193538,0.26533052364482046,0.26533052364482046,1.1150233324839751,FALSE,FALSE
1985-11-04,circumpolar,17.61941528,0.22891586721483037,0.22891586721483037,1.1150233324839751,FALSE,FALSE
1985-11-06,circumpolar,17.47550119,0.2422723899415864,0.2422723899415864,1.1150233324839751,FALSE,FALSE
1985-11-08,circumpolar,17.3976724,0.3342829945600947,0.3342829945600947,1.1150233324839751,FALSE,FALSE
1985-11-10,circumpolar,17.26502556,0.3854479438053673,0.3854479438053673,1.1150233324839751,FALSE,FALSE
1985-11-12,circumpolar,17.01079301,0.33040188863671105,0.33040188863671105,1.1150233324839751,FALSE,FALSE
1985-11-14,circumpolar,16.79542329,0.3305915671726396,0.3305915671726396,1.1150233324839751,FALSE,FALSE
1985-11-16,circumpolar,16.65869117,0.4258153757413546,0.4258153757413546,1.1150233324839751,FALSE,FALSE
1985-11-18,circumpolar,16.51683432,0.5321906446904485,0.5321906446904485,1.1150233324839751,FALSE,FALSE
1985-11-20,circumpolar,16.3023827,0.5821269943675258,0.5821269943675258,1.1150233324839751,FALSE,FALSE
1985-11-22,circumpolar,16.10131072,0.6614784951201926,0.6614784951201926,1.1150233324839751,FALSE,FALSE
1985-11-24,circumpolar,15.90384146,0.7603478872960387,0.7603478872960387,1.1150233324839751,FALSE,FALSE
1985-11-26,circumpolar,15.6418439,0.8105773346066982,0.8105773346066982,1.1150233324839751,FALSE,FALSE
1985-11-28,circumpolar,15.40860349,0.905964415796559,0.905964415796559,1.1150233324839751,FALSE,FALSE
1985-11-30,circumpolar,15.07181903,0.9149127120573404,0.9149127120573404,1.1150233324839751,FALSE,FALSE
1985-12-01,circumpolar,12.97394304,-1.0034621057175137,1.0034621057175137,1.1150233324839751,FALSE,FALSE
1985-12-02,circumpolar,14.73658037,0.9432170964071585,0.9432170964071585,1.1150233324839751,FALSE,FALSE
1985-12-04,circumpolar,14.33130749,0.9200025718641188,0.9200025718641188,1.1150233324839751,FALSE,FALSE
1985-12-06,circumpolar,14.06752152,1.0574952914463367,1.0574952914463367,1.1150233324839751,FALSE,FALSE
1985-12-08,circumpolar,13.76637659,1.177398977961408,1.177398977961408,1.1150233324839751,TRUE,TRUE
1985-12-10,circumpolar,13.45524079,1.3051736629906632,1.3051736629906632,1.1150233324839751,TRUE,TRUE
1985-12-12,circumpolar,13.16411072,1.4669461393011574,1.4669461393011574,1.1150233324839751,TRUE,TRUE
1985-12-14,circumpolar,12.87559432,1.6413998717576792,1.6413998717576792,1.1150233324839751,TRUE,TRUE
1985-12-16,circumpolar,12.51866234,1.7535811352250388,1.7535811352250388,1.1150233324839751,TRUE,TRUE
1985-12-18,circumpolar,11.82327921,1.5295298845680243,1.5295298845680243,1.1150233324839751,TRUE,TRUE
1985-12-20,circumpolar,11.12269649,1.2985747876924325,1.2985747876924325,1.1150233324839751,TRUE,TRUE
1985-12-22,circumpolar,10.6157468,1.2557551746819282,1.2557551746819282,1.1150233324839751,TRUE,TRUE
1985-12-24,circumpolar,10.14447817,1.2395496008092195,1.2395496008092195,1.1150233324839751,TRUE,TRUE
1985-12-26,circumpolar,9.666420217,1.2039404157088498,1.2039404157088498,1.1150233324839751,TRUE,TRUE
1985-12-28,circumpolar,9.263463431,1.2272708420153702,1.2272708420153702,1.1150233324839751,TRUE,TRUE
1985-12-30,circumpolar,8.850279833,1.2206656333633372,1.2206656333633372,1.1150233324839751,TRUE,TRUE
1986-01-01,circumpolar,8.288730474,1.0424385733872663,1.0424385733872663,1.1150233324839751,FALSE,FALSE
1986-01-03,circumpolar,8.159928151,1.2710945793593886,1.2710945793593886,1.1150233324839751,TRUE,FALSE
1986-01-05,circumpolar,7.762241577,1.2061520351026136,1.2061520351026136,1.1150233324839751,TRUE,FALSE
1986-01-07,circumpolar,7.330701491,1.0847307380775095,1.0847307380775095,1.1150233324839751,FALSE,FALSE
1986-01-09,circumpolar,6.75100777,0.7946196237446603,0.7946196237446603,1.1150233324839751,FALSE,FALSE
1986-01-11,circumpolar,6.500304646,0.8150519825646407,0.8150519825646407,1.1150233324839751,FALSE,FALSE
1986-01-13,circumpolar,6.125058642,0.6945833959980199,0.6945833959980199,1.1150233324839751,FALSE,FALSE
1986-01-15,circumpolar,5.725404159,0.53530865538686,0.53530865538686,1.1150233324839751,FALSE,FALSE
1986-01-17,circumpolar,5.455985407,0.4925355893324168,0.4925355893324168,1.1150233324839751,FALSE,FALSE
1986-01-19,circumpolar,5.228587565,0.4779620882141176,0.4779620882141176,1.1150233324839751,FALSE,FALSE
1986-01-21,circumpolar,5.022370499,0.47065155736707354,0.47065155736707354,1.1150233324839751,FALSE,FALSE
1986-01-23,circumpolar,4.847916558,0.4810898851263943,0.4810898851263943,1.1150233324839751,FALSE,FALSE
1986-01-25,circumpolar,4.675443174,0.4793980428271807,0.4793980428271807,1.1150233324839751,FALSE,FALSE
1986-01-27,circumpolar,4.564380848,0.5249215426581095,0.5249215426581095,1.1150233324839751,FALSE,FALSE
1986-01-29,circumpolar,4.312558968,0.41581644941379414,0.41581644941379414,1.1150233324839751,FALSE,FALSE
1986-01-31,circumpolar,4.168308101,0.40125573574970774,0.40125573574970774,1.1150233324839751,FALSE,FALSE
1986-02-01,circumpolar,3.632239675,-0.0745791567084293,0.0745791567084293,1.1150233324839751,FALSE,FALSE
1986-02-02,circumpolar,4.078555289,0.42904146576607394,0.42904146576607394,1.1150233324839751,FALSE,FALSE
1986-02-04,circumpolar,3.993385372,0.45013350156312626,0.45013350156312626,1.1150233324839751,FALSE,FALSE
1986-02-06,circumpolar,3.94102488,0.49363339524106786,0.49363339524106786,1.1150233324839751,FALSE,FALSE
1986-02-08,circumpolar,3.860145631,0.4990871460831902,0.4990871460831902,1.1150233324839751,FALSE,FALSE
1986-02-10,circumpolar,3.725293749,0.44124521753102464,0.44124521753102464,1.1150233324839751,FALSE,FALSE
1986-02-12,circumpolar,3.692671696,0.4746405291295912,0.4746405291295912,1.1150233324839751,FALSE,FALSE
1986-02-14,circumpolar,3.620722066,0.45572095689004755,0.45572095689004755,1.1150233324839751,FALSE,FALSE
1986-02-16,circumpolar,3.574386066,0.4474329898235667,0.4474329898235667,1.1150233324839751,FALSE,FALSE
1986-02-18,circumpolar,3.562157786,0.4562759999413277,0.4562759999413277,1.1150233324839751,FALSE,FALSE
1986-02-20,circumpolar,3.491700533,0.3879185762544872,0.3879185762544872,1.1150233324839751,FALSE,FALSE
1986-02-22,circumpolar,3.448784292,0.3264928626974499,0.3264928626974499,1.1150233324839751,FALSE,FALSE
1986-02-24,circumpolar,3.43999459,0.27936240887314057,0.27936240887314057,1.1150233324839751,FALSE,FALSE
1986-02-26,circumpolar,3.428302003,0.2112775677341023,0.2112775677341023,1.1150233324839751,FALSE,FALSE
1986-02-28,circumpolar,3.418733743,0.12904855520158476,0.12904855520158476,1.1150233324839751,FALSE,FALSE
1986-03-01,circumpolar,4.4711673,1.1396082377631638,1.1396082377631638,1.1150233324839751,TRUE,FALSE
1986-03-02,circumpolar,3.437500359,0.06066892419683833,0.06066892419683833,1.1150233324839751,FALSE,FALSE
1986-03-04,circumpolar,3.442830449,-0.03384972335887459,0.03384972335887459,1.1150233324839751,FALSE,FALSE
1986-03-06,circumpolar,3.416071296,-0.1714005108446797,0.1714005108446797,1.1150233324839751,FALSE,FALSE
1986-03-08,circumpolar,3.477341832,-0.2305652486810268,0.2305652486810268,1.1150233324839751,FALSE,FALSE
1986-03-10,circumpolar,3.536906858,-0.30020059967890855,0.30020059967890855,1.1150233324839751,FALSE,FALSE
1986-03-12,circumpolar,3.684359176,-0.2898506929025726,0.2898506929025726,1.1150233324839751,FALSE,FALSE
1986-03-14,circumpolar,3.823935692,-0.29441555341628245,0.29441555341628245,1.1150233324839751,FALSE,FALSE
1986-03-16,circumpolar,4.042078289,-0.2265902292842936,0.2265902292842936,1.1150233324839751,FALSE,FALSE
1986-03-18,circumpolar,4.250565332,-0.17373457758140454,0.17373457758140454,1.1150233324839751,FALSE,FALSE
1986-03-20,circumpolar,4.346748605,-0.23780547988586687,0.23780547988586687,1.1150233324839751,FALSE,FALSE
1986-03-22,circumpolar,4.481940944,-0.26713773696831566,0.26713773696831566,1.1150233324839751,FALSE,FALSE
1986-03-24,circumpolar,4.669374255,-0.24818715738457087,0.24818715738457087,1.1150233324839751,FALSE,FALSE
1986-03-26,circumpolar,4.788961898,-0.30072809569046033,0.30072809569046033,1.1150233324839751,FALSE,FALSE
1986-03-28,circumpolar,5.07404566,-0.1911064794418076,0.1911064794418076,1.1150233324839751,FALSE,FALSE
1986-03-30,circumpolar,5.431849441,-0.01178612319444738,0.01178612319444738,1.1150233324839751,FALSE,FALSE
1986-04-01,circumpolar,5.79162688,0.16670562315657733,0.16670562315657733,1.1150233324839751,FALSE,FALSE
1986-04-03,circumpolar,5.892153792,0.08292775586500589,0.08292775586500589,1.1150233324839751,FALSE,FALSE
1986-04-05,circumpolar,5.973077511,-0.02381640097492976,0.02381640097492976,1.1150233324839751,FALSE,FALSE
1986-04-07,circumpolar,6.076448915,-0.11181999440591373,0.11181999440591373,1.1150233324839751,FALSE,FALSE
1986-04-09,circumpolar,6.283795884,-0.09989916947065768,0.09989916947065768,1.1150233324839751,FALSE,FALSE
1986-04-11,circumpolar,6.369583518,-0.21393285121185457,0.21393285121185457,1.1150233324839751,FALSE,FALSE
1986-04-13,circumpolar,6.509147906,-0.27888181380147703,0.27888181380147703,1.1150233324839751,FALSE,FALSE
1986-04-15,circumpolar,6.683098476,-0.3138617191906201,0.3138617191906201,1.1150233324839751,FALSE,FALSE
1986-04-17,circumpolar,6.827424992,-0.3822275248325324,0.3822275248325324,1.1150233324839751,FALSE,FALSE
1986-04-19,circumpolar,6.932833668,-0.492610862269907,0.492610862269907,1.1150233324839751,FALSE,FALSE
1986-04-21,circumpolar,7.254736919,-0.3889371620453934,0.3889371620453934,1.1150233324839751,FALSE,FALSE
1986-04-23,circumpolar,7.423002813,-0.4406762017016747,0.4406762017016747,1.1150233324839751,FALSE,FALSE
1986-04-25,circumpolar,7.635424811,-0.4493758673578654,0.4493758673578654,1.1150233324839751,FALSE,FALSE
1986-04-27,circumpolar,7.817122888,-0.48942994246522,0.48942994246522,1.1150233324839751,FALSE,FALSE
1986-04-29,circumpolar,7.94478937,-0.5839074248235052,0.5839074248235052,1.1150233324839751,FALSE,FALSE
1986-05-01,circumpolar,8.223370348,-0.5276426990898706,0.5276426990898706,1.1150233324839751,FALSE,FALSE
1986-05-03,circumpolar,8.485228553,-0.4880535099214569,0.4880535099214569,1.1150233324839751,FALSE,FALSE
1986-05-05,circumpolar,8.619948028,-0.5753362899754073,0.5753362899754073,1.1150233324839751,FALSE,FALSE
1986-05-07,circumpolar,8.916612573,-0.5001877299018442,0.5001877299018442,1.1150233324839751,FALSE,FALSE
1986-05-09,circumpolar,9.118825664,-0.5188406164019153,0.5188406164019153,1.1150233324839751,FALSE,FALSE
1986-05-11,circumpolar,9.301491045,-0.5564090407896796,0.5564090407896796,1.1150233324839751,FALSE,FALSE
1986-05-13,circumpolar,9.711965502,-0.36559094075852094,0.36559094075852094,1.1150233324839751,FALSE,FALSE
1986-05-15,circumpolar,10.04631215,-0.25037792500181055,0.25037792500181055,1.1150233324839751,FALSE,FALSE
1986-05-17,circumpolar,10.2032813,-0.31207440621295035,0.31207440621295035,1.1150233324839751,FALSE,FALSE
1986-05-19,circumpolar,10.35076019,-0.382847870085282,0.382847870085282,1.1150233324839751,FALSE,FALSE
1986-05-21,circumpolar,10.67226117,-0.27921548327126366,0.27921548327126366,1.1150233324839751,FALSE,FALSE
1986-05-23,circumpolar,10.91244048,-0.2563490799233783,0.2563490799233783,1.1150233324839751,FALSE,FALSE
1986-05-25,circumpolar,11.02226124,-0.3630170396234167,0.3630170396234167,1.1150233324839751,FALSE,FALSE
1986-05-27,circumpolar,11.18474899,-0.41592471421796695,0.41592471421796695,1.1150233324839751,FALSE,FALSE
1986-05-29,circumpolar,11.42181653,-0.3928901955536244,0.3928901955536244,1.1150233324839751,FALSE,FALSE
1986-05-31,circumpolar,11.49014891,-0.5369593254769871,0.5369593254769871,1.1150233324839751,FALSE,FALSE
1986-06-01,circumpolar,13.88428664,1.7516735626388904,1.7516735626388904,1.1150233324839751,TRUE,FALSE
1986-06-02,circumpolar,11.88367218,-0.35394805780358674,0.35394805780358674,1.1150233324839751,FALSE,FALSE
1986-06-04,circumpolar,12.04936277,-0.3968994861533961,0.3968994861533961,1.1150233324839751,FALSE,FALSE
1986-06-06,circumpolar,12.38946783,-0.2638762721863177,0.2638762721863177,1.1150233324839751,FALSE,FALSE
1986-06-08,circumpolar,12.64117001,-0.21801924479807155,0.21801924479807155,1.1150233324839751,FALSE,FALSE
1986-06-10,circumpolar,12.69112683,-0.3729943628844019,0.3729943628844019,1.1150233324839751,FALSE,FALSE
1986-06-12,circumpolar,12.79620108,-0.4722623153410144,0.4722623153410144,1.1150233324839751,FALSE,FALSE
1986-06-14,circumpolar,12.93234281,-0.5401947006432426,0.5401947006432426,1.1150233324839751,FALSE,FALSE
1986-06-16,circumpolar,13.12992927,-0.5462914661560063,0.5462914661560063,1.1150233324839751,FALSE,FALSE
1986-06-18,circumpolar,13.44751932,-0.4308500765982881,0.4308500765982881,1.1150233324839751,FALSE,FALSE
1986-06-20,circumpolar,13.72763949,-0.35005754701909275,0.35005754701909275,1.1150233324839751,FALSE,FALSE
1986-06-22,circumpolar,13.77328294,-0.49963426246744547,0.49963426246744547,1.1150233324839751,FALSE,FALSE
1986-06-24,circumpolar,13.69652206,-0.7662213779923572,0.7662213779923572,1.1150233324839751,FALSE,FALSE
1986-06-26,circumpolar,13.81548299,-0.8304062986428526,0.8304062986428526,1.1150233324839751,FALSE,FALSE
1986-06-28,circumpolar,13.98657839,-0.834813776903669,0.834813776903669,1.1150233324839751,FALSE,FALSE
1986-06-30,circumpolar,14.2757852,-0.7142745554243266,0.7142745554243266,1.1150233324839751,FALSE,FALSE
1986-07-01,circumpolar,16.15668425,1.084413496869468,1.084413496869468,1.1150233324839751,FALSE,FALSE
1986-07-02,circumpolar,14.4610487,-0.692252852423934,0.692252852423934,1.1150233324839751,FALSE,FALSE
1986-07-04,circumpolar,14.47572823,-0.836799323642083,0.836799323642083,1.1150233324839751,FALSE,FALSE
1986-07-06,circumpolar,14.50993899,-0.9592087648184028,0.9592087648184028,1.1150233324839751,FALSE,FALSE
1986-07-08,circumpolar,14.6706939,-0.9538782516924992,0.9538782516924992,1.1150233324839751,FALSE,FALSE
1986-07-10,circumpolar,14.87999327,-0.900135492629488,0.900135492629488,1.1150233324839751,FALSE,FALSE
1986-07-12,circumpolar,15.02163981,-0.9142957678823668,0.9142957678823668,1.1150233324839751,FALSE,FALSE
1986-07-14,circumpolar,15.50476453,-0.5864229915110926,0.5864229915110926,1.1150233324839751,FALSE,FALSE
1986-07-16,circumpolar,15.82430969,-0.4207465641653343,0.4207465641653343,1.1150233324839751,FALSE,FALSE
1986-07-18,circumpolar,15.98664585,-0.4100675864947672,0.4100675864947672,1.1150233324839751,FALSE,FALSE
1986-07-20,circumpolar,16.196837,-0.34849372914906596,0.34849372914906596,1.1150233324839751,FALSE,FALSE
1986-07-22,circumpolar,16.40445227,-0.28563040471951595,0.28563040471951595,1.1150233324839751,FALSE,FALSE
1986-07-24,circumpolar,16.42449486,-0.4058543524498184,0.4058543524498184,1.1150233324839751,FALSE,FALSE
1986-07-26,circumpolar,16.554581,-0.4112678761229098,0.4112678761229098,1.1150233324839751,FALSE,FALSE
1986-07-28,circumpolar,16.58633955,-0.5099922757673525,0.5099922757673525,1.1150233324839751,FALSE,FALSE
1986-07-30,circumpolar,16.69331328,-0.5282349414117142,0.5282349414117142,1.1150233324839751,FALSE,FALSE
1986-08-01,circumpolar,16.70650211,-0.6347461130846099,0.6347461130846099,1.1150233324839751,FALSE,FALSE
1986-08-03,circumpolar,16.65027979,-0.8049022013772351,0.8049022013772351,1.1150233324839751,FALSE,FALSE
1986-08-05,circumpolar,16.62233003,-0.9408852153250856,0.9408852153250856,1.1150233324839751,FALSE,FALSE
1986-08-07,circumpolar,16.70304445,-0.9626081948717236,0.9626081948717236,1.1150233324839751,FALSE,FALSE
1986-08-09,circumpolar,16.74404811,-1.0188549425898683,1.0188549425898683,1.1150233324839751,FALSE,FALSE
1986-08-11,circumpolar,17.02426605,-0.8311092810522496,0.8311092810522496,1.1150233324839751,FALSE,FALSE
1986-08-13,circumpolar,17.17029225,-0.7731860928315761,0.7731860928315761,1.1150233324839751,FALSE,FALSE
1986-08-15,circumpolar,17.35604039,-0.6715805605005585,0.6715805605005585,1.1150233324839751,FALSE,FALSE
1986-08-17,circumpolar,17.54263955,-0.5655428391778372,0.5655428391778372,1.1150233324839751,FALSE,FALSE
1986-08-19,circumpolar,17.7353706,-0.4498899083485632,0.4498899083485632,1.1150233324839751,FALSE,FALSE
1986-08-21,circumpolar,17.75560184,-0.5031958221512092,0.5031958221512092,1.1150233324839751,FALSE,FALSE
1986-08-23,circumpolar,17.78159312,-0.5471414467524554,0.5471414467524554,1.1150233324839751,FALSE,FALSE
1986-08-25,circumpolar,17.73138234,-0.6636295983190017,0.6636295983190017,1.1150233324839751,FALSE,FALSE
1986-08-27,circumpolar,17.80875273,-0.6488177630175507,0.6488177630175507,1.1150233324839751,FALSE,FALSE
1986-08-29,circumpolar,17.84892858,-0.6674214574780066,0.6674214574780066,1.1150233324839751,FALSE,FALSE
1986-08-31,circumpolar,17.88519497,-0.6860657625533726,0.6860657625533726,1.1150233324839751,FALSE,FALSE
1986-09-01,circumpolar,18.3673194,-0.2299068244532307,0.2299068244532307,1.1150233324839751,FALSE,FALSE
1986-09-02,circumpolar,17.8298343,-0.7923429410836142,0.7923429410836142,1.1150233324839751,FALSE,FALSE
1986-09-04,circumpolar,18.04401552,-0.6249566140031462,0.6249566140031462,1.1150233324839751,FALSE,FALSE
1986-09-06,circumpolar,17.94429514,-0.7672228422464009,0.7672228422464009,1.1150233324839751,FALSE,FALSE
1986-09-08,circumpolar,17.91019545,-0.8394919067478135,0.8394919067478135,1.1150233324839751,FALSE,FALSE
1986-09-10,circumpolar,17.93167524,-0.8516775645599282,0.8516775645599282,1.1150233324839751,FALSE,FALSE
1986-09-12,circumpolar,17.96877612,-0.8435974382247942,0.8435974382247942,1.1150233324839751,FALSE,FALSE
1986-09-14,circumpolar,18.13783744,-0.6987359740808685,0.6987359740808685,1.1150233324839751,FALSE,FALSE
1986-09-16,circumpolar,18.28263054,-0.5731397979342496,0.5731397979342496,1.1150233324839751,FALSE,FALSE
1986-09-18,circumpolar,18.36184098,-0.5079413155909798,0.5079413155909798,1.1150233324839751,FALSE,FALSE
1986-09-20,circumpolar,18.35125053,-0.5271767228571456,0.5271767228571456,1.1150233324839751,FALSE,FALSE
1986-09-22,circumpolar,18.20179253,-0.6797306455388075,0.6797306455388075,1.1150233324839751,FALSE,FALSE
1986-09-24,circumpolar,18.04078534,-0.8381141712005125,0.8381141712005125,1.1150233324839751,FALSE,FALSE
1986-09-26,circumpolar,17.82196962,-1.0484897164069658,1.0484897164069658,1.1150233324839751,FALSE,FALSE
1986-09-28,circumpolar,17.93488272,-0.9212520756054304,0.9212520756054304,1.1150233324839751,FALSE,FALSE
1986-09-30,circumpolar,17.90663081,-0.9292272943887632,0.9292272943887632,1.1150233324839751,FALSE,FALSE
1986-10-01,circumpolar,18.02226014,-0.8012063797474944,0.8012063797474944,1.1150233324839751,FALSE,FALSE
1986-10-02,circumpolar,17.97782683,-0.8317346483497516,0.8317346483497516,1.1150233324839751,FALSE,FALSE
1986-10-04,circumpolar,18.00329285,-0.7738842830812303,0.7738842830812303,1.1150233324839751,FALSE,FALSE
1986-10-06,circumpolar,17.8839151,-0.8547188937875276,0.8547188937875276,1.1150233324839751,FALSE,FALSE
1986-10-08,circumpolar,17.86918493,-0.824616014919247,0.824616014919247,1.1150233324839751,FALSE,FALSE
1986-10-10,circumpolar,17.70535197,-0.9371424442938832,0.9371424442938832,1.1150233324839751,FALSE,FALSE
1986-10-12,circumpolar,17.77933157,-0.8051974948403782,0.8051974948403782,1.1150233324839751,FALSE,FALSE
1986-10-14,circumpolar,17.68976147,-0.8299580894876364,0.8299580894876364,1.1150233324839751,FALSE,FALSE
1986-10-16,circumpolar,17.66167033,-0.7862102311645955,0.7862102311645955,1.1150233324839751,FALSE,FALSE
1986-10-18,circumpolar,17.53783619,-0.830990915724648,0.830990915724648,1.1150233324839751,FALSE,FALSE
1986-10-20,circumpolar,17.46608687,-0.8163288521987369,0.8163288521987369,1.1150233324839751,FALSE,FALSE
1986-10-22,circumpolar,17.33528329,-0.8532983530321125,0.8532983530321125,1.1150233324839751,FALSE,FALSE
1986-10-24,circumpolar,17.28193092,-0.8053379658863484,0.8053379658863484,1.1150233324839751,FALSE,FALSE
1986-10-26,circumpolar,17.28970893,-0.6887125384230188,0.6887125384230188,1.1150233324839751,FALSE,FALSE
1986-10-28,circumpolar,17.05409344,-0.807889968303666,0.807889968303666,1.1150233324839751,FALSE,FALSE
1986-10-30,circumpolar,16.86015929,-0.8777394331898805,0.8777394331898805,1.1150233324839751,FALSE,FALSE
1986-11-01,circumpolar,16.85606358,-0.7498456886861007,0.7498456886861007,1.1150233324839751,FALSE,FALSE
1986-11-03,circumpolar,16.6137022,-0.8511578549188314,0.8511578549188314,1.1150233324839751,FALSE,FALSE
1986-11-05,circumpolar,16.66894725,-0.644400228362322,0.644400228362322,1.1150233324839751,FALSE,FALSE
1986-11-07,circumpolar,16.51112205,-0.6388458762815716,0.6388458762815716,1.1150233324839751,FALSE,FALSE
1986-11-09,circumpolar,16.34894394,-0.6243738459415589,0.6243738459415589,1.1150233324839751,FALSE,FALSE
1986-11-11,circumpolar,16.18488341,-0.5971100346072653,0.5971100346072653,1.1150233324839751,FALSE,FALSE
1986-11-13,circumpolar,16.01257311,-0.5620953995776965,0.5620953995776965,1.1150233324839751,FALSE,FALSE
1986-11-15,circumpolar,15.71891037,-0.6319854335688291,0.6319854335688291,1.1150233324839751,FALSE,FALSE
1986-11-17,circumpolar,15.489089420000001,-0.6216973173533678,0.6216973173533678,1.1150233324839751,FALSE,FALSE
1986-11-19,circumpolar,15.32046737,-0.5339942805837392,0.5339942805837392,1.1150233324839751,FALSE,FALSE
1986-11-21,circumpolar,14.85309707,-0.7289438129123162,0.7289438129123162,1.1150233324839751,FALSE,FALSE
1986-11-23,circumpolar,14.47042955,-0.8232152239915109,0.8232152239915109,1.1150233324839751,FALSE,FALSE
1986-11-25,circumpolar,14.16214742,-0.8272387362798046,0.8272387362798046,1.1150233324839751,FALSE,FALSE
1986-11-27,circumpolar,13.85203365,-0.8170132639936085,0.8170132639936085,1.1150233324839751,FALSE,FALSE
1986-11-29,circumpolar,13.51874356,-0.8132113581455478,0.8132113581455478,1.1150233324839751,FALSE,FALSE
1986-12-01,circumpolar,13.15897156,-0.8184335857175142,0.8184335857175142,1.1150233324839751,FALSE,FALSE
1986-12-03,circumpolar,12.70146165,-0.9032309236913888,0.9032309236913888,1.1150233324839751,FALSE,FALSE
1986-12-05,circumpolar,12.5487563,-0.6643558790490598,0.6643558790490598,1.1150233324839751,FALSE,FALSE
1986-12-07,circumpolar,12.04823397,-0.753725463093005,0.753725463093005,1.1150233324839751,FALSE,FALSE
1986-12-09,circumpolar,11.13738894,-1.2341277168800708,1.2341277168800708,1.1150233324839751,TRUE,FALSE
1986-12-11,circumpolar,11.11088362,-0.8142359618182926,0.8142359618182926,1.1150233324839751,FALSE,FALSE
1986-12-13,circumpolar,10.57337583,-0.8933168530428848,0.8933168530428848,1.1150233324839751,FALSE,FALSE
1986-12-15,circumpolar,10.34100592,-0.6591545156890497,0.6591545156890497,1.1150233324839751,FALSE,FALSE
1986-12-17,circumpolar,9.741467515,-0.7879797998919713,0.7879797998919713,1.1150233324839751,FALSE,FALSE
1986-12-19,circumpolar,9.583144702,-0.4753330937868725,0.4753330937868725,1.1150233324839751,FALSE,FALSE
1986-12-21,circumpolar,9.219382776,-0.3717622144153854,0.3717622144153854,1.1150233324839751,FALSE,FALSE
1986-12-23,circumpolar,8.913818467,-0.217286548436304,0.217286548436304,1.1150233324839751,FALSE,FALSE
1986-12-25,circumpolar,8.588336198,-0.093569497002159,0.093569497002159,1.1150233324839751,FALSE,FALSE
1986-12-27,circumpolar,8.256862896,0.00976859952159614,0.00976859952159614,1.1150233324839751,FALSE,FALSE
1986-12-29,circumpolar,7.81705989,-0.01315819723048061,0.01315819723048061,1.1150233324839751,FALSE,FALSE
1986-12-31,circumpolar,7.586199554,0.15137521937614018,0.15137521937614018,1.1150233324839751,FALSE,FALSE
1987-01-01,circumpolar,5.678963863,-1.5673280376127332,1.5673280376127332,1.1150233324839751,TRUE,FALSE
1987-01-02,circumpolar,7.333195486,0.26885260343072925,0.26885260343072925,1.1150233324839751,FALSE,FALSE
1987-01-04,circumpolar,7.095930799,0.3764279634808192,0.3764279634808192,1.1150233324839751,FALSE,FALSE
1987-01-06,circumpolar,6.838159136,0.4398265775323189,0.4398265775323189,1.1150233324839751,FALSE,FALSE
1987-01-08,circumpolar,6.481078206,0.3823352130457715,0.3823352130457715,1.1150233324839751,FALSE,FALSE
1987-01-10,circumpolar,6.140519202,0.3218741214817662,0.3218741214817662,1.1150233324839751,FALSE,FALSE
1987-01-12,circumpolar,5.933612408,0.3776626453008696,0.3776626453008696,1.1150233324839751,FALSE,FALSE
1987-01-14,circumpolar,5.753355508,0.4447843009729144,0.4447843009729144,1.1150233324839751,FALSE,FALSE
1987-01-16,circumpolar,5.465365884,0.3903148627010653,0.3903148627010653,1.1150233324839751,FALSE,FALSE
1987-01-18,circumpolar,5.297425723,0.4421217726978046,0.4421217726978046,1.1150233324839751,FALSE,FALSE
1987-01-20,circumpolar,5.108493726,0.4590672712982453,0.4590672712982453,1.1150233324839751,FALSE,FALSE
1987-01-22,circumpolar,4.897513864,0.4399988688374936,0.4399988688374936,1.1150233324839751,FALSE,FALSE
1987-01-24,circumpolar,4.860405229,0.5807391966506597,0.5807391966506597,1.1150233324839751,FALSE,FALSE
1987-01-26,circumpolar,4.617133847,0.5011578200728524,0.5011578200728524,1.1150233324839751,FALSE,FALSE
1987-01-28,circumpolar,4.599810369,0.6333924750946855,0.6333924750946855,1.1150233324839751,FALSE,FALSE
1987-01-30,circumpolar,4.329896343,0.49957254137795415,0.49957254137795415,1.1150233324839751,FALSE,FALSE
1987-02-01,circumpolar,4.236112946,0.529294114291571,0.529294114291571,1.1150233324839751,FALSE,FALSE
1987-02-03,circumpolar,4.091386517,0.4963585549357528,0.4963585549357528,1.1150233324839751,FALSE,FALSE
1987-02-05,circumpolar,3.979583839,0.4855076684107198,0.4855076684107198,1.1150233324839751,FALSE,FALSE
1987-02-07,circumpolar,3.847324475,0.4442360398166976,0.4442360398166976,1.1150233324839751,FALSE,FALSE
1987-02-09,circumpolar,3.758861414,0.43755730953896776,0.43755730953896776,1.1150233324839751,FALSE,FALSE
1987-02-11,circumpolar,3.736989384,0.4874482783107692,0.4874482783107692,1.1150233324839751,FALSE,FALSE
1987-02-13,circumpolar,3.679398902,0.4896308472388818,0.4896308472388818,1.1150233324839751,FALSE,FALSE
1987-02-15,circumpolar,3.630997105,0.4870174353344776,0.4870174353344776,1.1150233324839751,FALSE,FALSE
1987-02-17,circumpolar,3.577237587,0.4630669186087215,0.4630669186087215,1.1150233324839751,FALSE,FALSE
1987-02-19,circumpolar,3.564400057,0.46206428807278055,0.46206428807278055,1.1150233324839751,FALSE,FALSE
1987-02-21,circumpolar,3.526986789,0.4165392335161906,0.4165392335161906,1.1150233324839751,FALSE,FALSE
1987-02-23,circumpolar,3.593948279,0.4548543493197168,0.4548543493197168,1.1150233324839751,FALSE,FALSE
1987-02-25,circumpolar,3.596893843,0.4102105348478857,0.4102105348478857,1.1150233324839751,FALSE,FALSE
1987-02-27,circumpolar,3.632435883,0.38100319602195,0.38100319602195,1.1150233324839751,FALSE,FALSE
1987-03-01,circumpolar,3.702308338,0.3707492757631634,0.3707492757631634,1.1150233324839751,FALSE,FALSE
1987-03-03,circumpolar,3.714157899,0.2888784689927757,0.2888784689927757,1.1150233324839751,FALSE,FALSE
1987-03-05,circumpolar,3.808725196,0.27791440334550055,0.27791440334550055,1.1150233324839751,FALSE,FALSE
1987-03-07,circumpolar,3.972876799,0.32633693494082117,0.32633693494082117,1.1150233324839751,FALSE,FALSE
1987-03-09,circumpolar,4.032274024,0.2608084509067399,0.2608084509067399,1.1150233324839751,FALSE,FALSE
1987-03-11,circumpolar,4.171145107,0.2664202561789999,0.2664202561789999,1.1150233324839751,FALSE,FALSE
1987-03-13,circumpolar,4.274270986,0.22881635769334352,0.22881635769334352,1.1150233324839751,FALSE,FALSE
1987-03-15,circumpolar,4.336834821,0.14404298438551688,0.14404298438551688,1.1150233324839751,FALSE,FALSE
1987-03-17,circumpolar,4.421599846,0.07572643919126154,0.07572643919126154,1.1150233324839751,FALSE,FALSE
1987-03-19,circumpolar,4.626851462,0.1229777852038687,0.1229777852038687,1.1150233324839751,FALSE,FALSE
1987-03-21,circumpolar,4.766836389,0.10053429082989318,0.10053429082989318,1.1150233324839751,FALSE,FALSE
1987-03-23,circumpolar,4.918812238,0.08596744040002324,0.08596744040002324,1.1150233324839751,FALSE,FALSE
1987-03-25,circumpolar,5.102882859,0.09969336935843032,0.09969336935843032,1.1150233324839751,FALSE,FALSE
1987-03-27,circumpolar,5.301686645,0.124662756149287,0.124662756149287,1.1150233324839751,FALSE,FALSE
1987-03-29,circumpolar,5.396074022,0.04203831221677046,0.04203831221677046,1.1150233324839751,FALSE,FALSE
1987-03-31,circumpolar,5.567847497,0.03392497642256842,0.03392497642256842,1.1150233324839751,FALSE,FALSE
1987-04-01,circumpolar,7.73879713,2.1138758731565774,2.1138758731565774,1.1150233324839751,TRUE,FALSE
1987-04-02,circumpolar,5.7426532,0.02597843901417018,0.02597843901417018,1.1150233324839751,FALSE,FALSE
1987-04-04,circumpolar,5.921995739,0.01937765357875243,0.01937765357875243,1.1150233324839751,FALSE,FALSE
1987-04-06,circumpolar,6.090306466,-0.00179005292636791,0.00179005292636791,1.1150233324839751,FALSE,FALSE
1987-04-08,circumpolar,6.345148412,0.0596943254561042,0.0596943254561042,1.1150233324839751,FALSE,FALSE
1987-04-10,circumpolar,6.611722559,0.12868774568347163,0.12868774568347163,1.1150233324839751,FALSE,FALSE
1987-04-12,circumpolar,6.830181758,0.1449996602803827,0.1449996602803827,1.1150233324839751,FALSE,FALSE
1987-04-14,circumpolar,7.049021668,0.15703832593913702,0.15703832593913702,1.1150233324839751,FALSE,FALSE
1987-04-16,circumpolar,7.225936323,0.12305881311643851,0.12305881311643851,1.1150233324839751,FALSE,FALSE
1987-04-18,circumpolar,7.388681884,0.07147943726963302,0.07147943726963302,1.1150233324839751,FALSE,FALSE
1987-04-20,circumpolar,7.607539536,0.07324353785603677,0.07324353785603677,1.1150233324839751,FALSE,FALSE
1987-04-22,circumpolar,7.732158955,-0.02133705466702107,0.02133705466702107,1.1150233324839751,FALSE,FALSE
1987-04-24,circumpolar,7.925374618,-0.04876570884220399,0.04876570884220399,1.1150233324839751,FALSE,FALSE
1987-04-26,circumpolar,8.037378074,-0.15823598360874414,0.15823598360874414,1.1150233324839751,FALSE,FALSE
1987-04-28,circumpolar,8.124451147,-0.29313840938442404,0.29313840938442404,1.1150233324839751,FALSE,FALSE
1987-04-30,circumpolar,8.33435542,-0.30549168523960724,0.30549168523960724,1.1150233324839751,FALSE,FALSE
1987-05-01,circumpolar,10.55306434,1.8020512929101304,1.8020512929101304,1.1150233324839751,TRUE,FALSE
1987-05-02,circumpolar,8.492081888,-0.3700852918314457,0.3700852918314457,1.1150233324839751,FALSE,FALSE
1987-05-04,circumpolar,8.833137799,-0.2511924568170638,0.2511924568170638,1.1150233324839751,FALSE,FALSE
1987-05-06,circumpolar,9.039342912,-0.26677389685361774,0.26677389685361774,1.1150233324839751,FALSE,FALSE
1987-05-08,circumpolar,9.178942492,-0.34837324139675196,0.34837324139675196,1.1150233324839751,FALSE,FALSE
1987-05-10,circumpolar,9.417689599,-0.3301691853789972,0.3301691853789972,1.1150233324839751,FALSE,FALSE
1987-05-12,circumpolar,9.592179125,-0.37561790009562834,0.37561790009562834,1.1150233324839751,FALSE,FALSE
1987-05-14,circumpolar,9.758885623,-0.4282995562400238,0.4282995562400238,1.1150233324839751,FALSE,FALSE
1987-05-16,circumpolar,9.996676031,-0.4094019395055639,0.4094019395055639,1.1150233324839751,FALSE,FALSE
1987-05-18,circumpolar,10.20864463,-0.415885492585625,0.415885492585625,1.1150233324839751,FALSE,FALSE
1987-05-20,circumpolar,10.34882059,-0.4937746361361146,0.4937746361361146,1.1150233324839751,FALSE,FALSE
1987-05-22,circumpolar,10.49303343,-0.5671858807067451,0.5671858807067451,1.1150233324839751,FALSE,FALSE
1987-05-24,circumpolar,10.69658123,-0.5805725324019999,0.5805725324019999,1.1150233324839751,FALSE,FALSE
1987-05-26,circumpolar,10.87242668,-0.6207027930684621,0.6207027930684621,1.1150233324839751,FALSE,FALSE
1987-05-28,circumpolar,11.10958078,-0.5982965545527481,0.5982965545527481,1.1150233324839751,FALSE,FALSE
1987-05-30,circumpolar,11.344155,-0.5769732387014237,0.5769732387014237,1.1150233324839751,FALSE,FALSE
1987-06-01,circumpolar,11.66819199,-0.4644210873611083,0.4644210873611083,1.1150233324839751,FALSE,FALSE
1987-06-03,circumpolar,11.81319794,-0.5289585459490773,0.5289585459490773,1.1150233324839751,FALSE,FALSE
1987-06-05,circumpolar,11.89915982,-0.6508181632784886,0.6508181632784886,1.1150233324839751,FALSE,FALSE
1987-06-07,circumpolar,12.2494353,-0.5069657477388567,0.5069657477388567,1.1150233324839751,FALSE,FALSE
1987-06-09,circumpolar,12.3397818,-0.6219673582259286,0.6219673582259286,1.1150233324839751,FALSE,FALSE
1987-06-11,circumpolar,12.47026915,-0.6960766436354344,0.6960766436354344,1.1150233324839751,FALSE,FALSE
1987-06-13,circumpolar,12.6812068,-0.6893076328631054,0.6893076328631054,1.1150233324839751,FALSE,FALSE
1987-06-15,circumpolar,12.93453548,-0.6399550605989965,0.6399550605989965,1.1150233324839751,FALSE,FALSE
1987-06-17,circumpolar,13.15810184,-0.6194654504453894,0.6194654504453894,1.1150233324839751,FALSE,FALSE
1987-06-19,circumpolar,13.25847282,-0.7199934277458109,0.7199934277458109,1.1150233324839751,FALSE,FALSE
1987-06-21,circumpolar,13.52743382,-0.6484671375492557,0.6484671375492557,1.1150233324839751,FALSE,FALSE
1987-06-23,circumpolar,13.78167376,-0.5869112049047693,0.5869112049047693,1.1150233324839751,FALSE,FALSE
1987-06-25,circumpolar,14.09152443,-0.4637073848613475,0.4637073848613475,1.1150233324839751,FALSE,FALSE
1987-06-27,circumpolar,14.39126066,-0.3433224171543081,0.3433224171543081,1.1150233324839751,FALSE,FALSE
1987-06-29,circumpolar,14.676382,-0.2301103098378512,0.2301103098378512,1.1150233324839751,FALSE,FALSE
1987-07-01,circumpolar,14.94685655,-0.12541420313053386,0.12541420313053386,1.1150233324839751,FALSE,FALSE
1987-07-03,circumpolar,15.06751775,-0.1658106527719614,0.1658106527719614,1.1150233324839751,FALSE,FALSE
1987-07-05,circumpolar,15.2233732,-0.16770205450174558,0.16770205450174558,1.1150233324839751,FALSE,FALSE
1987-07-07,circumpolar,15.38445607,-0.16246523405950164,0.16246523405950164,1.1150233324839751,FALSE,FALSE
1987-07-09,circumpolar,15.44568477,-0.2565913641909585,0.2565913641909585,1.1150233324839751,FALSE,FALSE
1987-07-11,circumpolar,15.57584265,-0.2822071079995414,0.2822071079995414,1.1150233324839751,FALSE,FALSE
1987-07-13,circumpolar,15.73680767,-0.2768750098591415,0.2768750098591415,1.1150233324839751,FALSE,FALSE
1987-07-15,circumpolar,15.99454822,-0.173798340419415,0.173798340419415,1.1150233324839751,FALSE,FALSE
1987-07-17,circumpolar,16.16095024,-0.16026282033006112,0.16026282033006112,1.1150233324839751,FALSE,FALSE
1987-07-19,circumpolar,16.24507757,-0.2263762702407064,0.2263762702407064,1.1150233324839751,FALSE,FALSE
1987-07-21,circumpolar,16.3671274,-0.25111316080105794,0.25111316080105794,1.1150233324839751,FALSE,FALSE
1987-07-23,circumpolar,16.65381152,-0.10698466784360504,0.10698466784360504,1.1150233324839751,FALSE,FALSE
1987-07-25,circumpolar,16.85495428,-0.04375623854173227,0.04375623854173227,1.1150233324839751,FALSE,FALSE
1987-07-27,circumpolar,17.10724334,0.07551028480307664,0.07551028480307664,1.1150233324839751,FALSE,FALSE
1987-07-29,circumpolar,17.30469622,0.1450822621622372,0.1450822621622372,1.1150233324839751,FALSE,FALSE
1987-07-31,circumpolar,17.33267044,0.05056705350719426,0.05056705350719426,1.1150233324839751,FALSE,FALSE
1987-08-01,circumpolar,17.59748654,0.2562383169153897,0.2562383169153897,1.1150233324839751,FALSE,FALSE
1987-08-02,circumpolar,17.60035449,0.20140298880933472,0.20140298880933472,1.1150233324839751,FALSE,FALSE
1987-08-03,circumpolar,17.70977259,0.2545905986227659,0.2545905986227659,1.1150233324839751,FALSE,FALSE
1987-08-04,circumpolar,17.83853573,0.328612075937901,0.328612075937901,1.1150233324839751,FALSE,FALSE
1987-08-05,circumpolar,17.90501774,0.34180249467491564,0.34180249467491564,1.1150233324839751,FALSE,FALSE
1987-08-06,circumpolar,17.91351073,0.2984028570122348,0.2984028570122348,1.1150233324839751,FALSE,FALSE
1987-08-07,circumpolar,17.95119729,0.28554464512827593,0.28554464512827593,1.1150233324839751,FALSE,FALSE
1987-08-08,circumpolar,18.02475776,0.3098570912014331,0.3098570912014331,1.1150233324839751,FALSE,FALSE
1987-08-09,circumpolar,17.96666663,0.20376357741012896,0.20376357741012896,1.1150233324839751,FALSE,FALSE
1987-08-10,circumpolar,17.9166494,0.10693849593276283,0.10693849593276283,1.1150233324839751,FALSE,FALSE
1987-08-11,circumpolar,17.90162691,0.04625157894775,0.04625157894775,1.1150233324839751,FALSE,FALSE
1987-08-12,circumpolar,17.97394918,0.0740017386334948,0.0740017386334948,1.1150233324839751,FALSE,FALSE
1987-08-13,circumpolar,18.00787839,0.06440004716842296,0.06440004716842296,1.1150233324839751,FALSE,FALSE
1987-08-14,circumpolar,18.03262544,0.04660629673093908,0.04660629673093908,1.1150233324839751,FALSE,FALSE
1987-08-15,circumpolar,17.93836871,-0.08925224050056002,0.08925224050056002,1.1150233324839751,FALSE,FALSE
1987-08-16,circumpolar,17.93871016,-0.12962383377735165,0.12962383377735165,1.1150233324839751,FALSE,FALSE
1987-08-17,circumpolar,17.85539175,-0.2527906391778387,0.2527906391778387,1.1150233324839751,FALSE,FALSE
1987-08-18,circumpolar,17.81998432,-0.32717604419462276,0.32717604419462276,1.1150233324839751,FALSE,FALSE
1987-08-19,circumpolar,17.86953503,-0.31572547834856124,0.31572547834856124,1.1150233324839751,FALSE,FALSE
1987-08-20,circumpolar,17.99481456,-0.2276608511604827,0.2276608511604827,1.1150233324839751,FALSE,FALSE
1987-08-21,circumpolar,18.09612989,-0.16266777215120953,0.16266777215120953,1.1150233324839751,FALSE,FALSE
1987-08-22,circumpolar,18.15468621,-0.13953364084158437,0.13953364084158437,1.1150233324839751,FALSE,FALSE
1987-08-23,circumpolar,18.21047717,-0.11825739675245472,0.11825739675245472,1.1150233324839751,FALSE,FALSE
1987-08-24,circumpolar,18.41583269,0.05349829059534627,0.05349829059534627,1.1150233324839751,FALSE,FALSE
1987-08-25,circumpolar,18.4658023,0.07079036168099861,0.07079036168099861,1.1150233324839751,FALSE,FALSE
1987-08-26,circumpolar,18.50991914,0.08315936698364368,0.08315936698364368,1.1150233324839751,FALSE,FALSE
1987-08-27,circumpolar,18.4326508,-0.02491969301754792,0.02491969301754792,1.1150233324839751,FALSE,FALSE
1987-08-28,circumpolar,18.44326499,-0.04417169784340658,0.04417169784340658,1.1150233324839751,FALSE,FALSE
1987-08-29,circumpolar,18.40878594,-0.10756409747800431,0.10756409747800431,1.1150233324839751,FALSE,FALSE
1987-08-30,circumpolar,18.4065712,-0.13772549401722856,0.13772549401722856,1.1150233324839751,FALSE,FALSE
1987-08-31,circumpolar,18.33395945,-0.2373012825533749,0.2373012825533749,1.1150233324839751,FALSE,FALSE
1987-09-01,circumpolar,18.37017716,-0.22704906445322948,0.22704906445322948,1.1150233324839751,FALSE,FALSE
1987-09-02,circumpolar,18.38212001,-0.24005723108361465,0.24005723108361465,1.1150233324839751,FALSE,FALSE
1987-09-03,circumpolar,18.3845309,-0.2615669538113181,0.2615669538113181,1.1150233324839751,FALSE,FALSE
1987-09-04,circumpolar,18.35217903,-0.3167931040031462,0.3167931040031462,1.1150233324839751,FALSE,FALSE
1987-09-05,circumpolar,18.38702807,-0.3037560830259203,0.3037560830259203,1.1150233324839751,FALSE,FALSE
1987-09-06,circumpolar,18.46381963,-0.2476983522464025,0.2476983522464025,1.1150233324839751,FALSE,FALSE
1987-09-07,circumpolar,18.47062138,-0.2605363130314373,0.2605363130314373,1.1150233324839751,FALSE,FALSE
1987-09-08,circumpolar,18.4852216,-0.26446575674781414,0.26446575674781414,1.1150233324839751,FALSE,FALSE
1987-09-09,circumpolar,18.64039779,-0.12669325476232984,0.12669325476232984,1.1150233324839751,FALSE,FALSE
1987-09-10,circumpolar,18.75575822,-0.02759458455992813,0.02759458455992813,1.1150233324839751,FALSE,FALSE
1987-09-11,circumpolar,18.80991314,0.01145872351866472,0.01145872351866472,1.1150233324839751,FALSE,FALSE
1987-09-12,circumpolar,18.88547737,0.07310381177520497,0.07310381177520497,1.1150233324839751,FALSE,FALSE
1987-09-13,circumpolar,19.02714534,0.20205786448395105,0.20205786448395105,1.1150233324839751,FALSE,FALSE
1987-09-14,circumpolar,19.09668913,0.2601157159191345,0.2601157159191345,1.1150233324839751,FALSE,FALSE
1987-09-15,circumpolar,19.139914,0.2931053803549801,0.2931053803549801,1.1150233324839751,FALSE,FALSE
1987-09-16,circumpolar,19.13823344,0.2824631020657513,0.2824631020657513,1.1150233324839751,FALSE,FALSE
1987-09-17,circumpolar,19.13148269,0.2680468753256875,0.2680468753256875,1.1150233324839751,FALSE,FALSE
1987-09-18,circumpolar,19.05982285,0.1900405544090198,0.1900405544090198,1.1150233324839751,FALSE,FALSE
1987-09-19,circumpolar,19.02660503,0.15181800359000164,0.15181800359000164,1.1150233324839751,FALSE,FALSE
1987-09-20,circumpolar,18.93642704,0.05799978714285458,0.05799978714285458,1.1150233324839751,FALSE,FALSE
1987-09-21,circumpolar,18.91031241,0.02963218934183587,0.02963218934183587,1.1150233324839751,FALSE,FALSE
1987-09-22,circumpolar,18.79625285,-0.08527032553880787,0.08527032553880787,1.1150233324839751,FALSE,FALSE
1987-09-23,circumpolar,18.66776534,-0.21316880397154137,0.21316880397154137,1.1150233324839751,FALSE,FALSE
1987-09-24,circumpolar,18.66651493,-0.21238458120051007,0.21238458120051007,1.1150233324839751,FALSE,FALSE
1987-09-25,circumpolar,18.71733744,-0.15807329302929318,0.15807329302929318,1.1150233324839751,FALSE,FALSE
1987-09-26,circumpolar,18.83661464,-0.03384469640696608,0.03384469640696608,1.1150233324839751,FALSE,FALSE
1987-09-27,circumpolar,18.86424783,2.1098171735189908e-4,2.1098171735189908e-4,1.1150233324839751,FALSE,FALSE
1987-09-28,circumpolar,18.82929371,-0.02684108560542952,0.02684108560542952,1.1150233324839751,FALSE,FALSE
1987-09-29,circumpolar,18.84237459,-0.00437011532444131,0.00437011532444131,1.1150233324839751,FALSE,FALSE
1987-09-30,circumpolar,18.90271196,0.0668538556112388,0.0668538556112388,1.1150233324839751,FALSE,FALSE
1987-10-01,circumpolar,18.94499283,0.12152631025250572,0.12152631025250572,1.1150233324839751,FALSE,FALSE
1987-10-02,circumpolar,18.86055041,0.0509889316502452,0.0509889316502452,1.1150233324839751,FALSE,FALSE
1987-10-03,circumpolar,18.78079435,-0.01334015714462921,0.01334015714462921,1.1150233324839751,FALSE,FALSE
1987-10-04,circumpolar,18.63814815,-0.13902898308123213,0.13902898308123213,1.1150233324839751,FALSE,FALSE
1987-10-05,circumpolar,18.64534524,-0.113335640397473,0.113335640397473,1.1150233324839751,FALSE,FALSE
1987-10-06,circumpolar,18.67282274,-0.06581125378752617,0.06581125378752617,1.1150233324839751,FALSE,FALSE
1987-10-07,circumpolar,18.43291713,-0.28409794100607755,0.28409794100607755,1.1150233324839751,FALSE,FALSE
1987-10-08,circumpolar,18.35881835,-0.3349825949192464,0.3349825949192464,1.1150233324839751,FALSE,FALSE
1987-10-09,circumpolar,18.15365928,-0.5153091683931486,0.5153091683931486,1.1150233324839751,FALSE,FALSE
1987-10-10,circumpolar,18.15373066,-0.4887637542938812,0.4887637542938812,1.1150233324839751,FALSE,FALSE
1987-10-11,circumpolar,18.21076093,-0.403594745487581,0.403594745487581,1.1150233324839751,FALSE,FALSE
1987-10-12,circumpolar,18.19886138,-0.38566768484037794,0.38566768484037794,1.1150233324839751,FALSE,FALSE
1987-10-13,circumpolar,18.21284985,-0.3401415652183424,0.3401415652183424,1.1150233324839751,FALSE,FALSE
1987-10-14,circumpolar,18.21468131,-0.30503824948763736,0.30503824948763736,1.1150233324839751,FALSE,FALSE
1987-10-15,circumpolar,18.15797538,-0.3267149505143436,0.3267149505143436,1.1150233324839751,FALSE,FALSE
1987-10-16,circumpolar,18.07434849,-0.37353207116459686,0.37353207116459686,1.1150233324839751,FALSE,FALSE
1987-10-17,circumpolar,18.05264288,-0.35662420430450936,0.35662420430450936,1.1150233324839751,FALSE,FALSE
1987-10-18,circumpolar,18.00842969,-0.36039741572464834,0.36039741572464834,1.1150233324839751,FALSE,FALSE
1987-10-19,circumpolar,17.95717777,-0.3693679820206306,0.3693679820206306,1.1150233324839751,FALSE,FALSE
1987-10-20,circumpolar,17.84461614,-0.43779958219873905,0.43779958219873905,1.1150233324839751,FALSE,FALSE
1987-10-21,circumpolar,17.85071463,-0.3857153884666644,0.3857153884666644,1.1150233324839751,FALSE,FALSE
1987-10-22,circumpolar,17.75131331,-0.43726833303211166,0.43726833303211166,1.1150233324839751,FALSE,FALSE
1987-10-23,circumpolar,17.74122531,-0.3976382881027796,0.3976382881027796,1.1150233324839751,FALSE,FALSE
1987-10-24,circumpolar,17.69770257,-0.3895663158863485,0.3895663158863485,1.1150233324839751,FALSE,FALSE
1987-10-25,circumpolar,17.67325395,-0.3605365585905318,0.3605365585905318,1.1150233324839751,FALSE,FALSE
1987-10-26,circumpolar,17.60402532,-0.37439614842301694,0.37439614842301694,1.1150233324839751,FALSE,FALSE
1987-10-27,circumpolar,17.49296435,-0.428190417591491,0.428190417591491,1.1150233324839751,FALSE,FALSE
1987-10-28,circumpolar,17.48032544,-0.3816579683036636,0.3816579683036636,1.1150233324839751,FALSE,FALSE
1987-10-29,circumpolar,17.46693077,-0.3339696227672313,0.3339696227672313,1.1150233324839751,FALSE,FALSE
1987-10-30,circumpolar,17.42242201,-0.3154767131898808,0.3154767131898808,1.1150233324839751,FALSE,FALSE
1987-10-31,circumpolar,17.2893444,-0.3836043435034675,0.3836043435034675,1.1150233324839751,FALSE,FALSE
1987-11-01,circumpolar,17.20644297,-0.3994662986861002,0.3994662986861002,1.1150233324839751,FALSE,FALSE
1987-11-02,circumpolar,17.14348557,-0.39311928635518,0.39311928635518,1.1150233324839751,FALSE,FALSE
1987-11-03,circumpolar,17.13501827,-0.3298417849188304,0.3298417849188304,1.1150233324839751,FALSE,FALSE
1987-11-04,circumpolar,17.13513299,-0.2553664227851691,0.2553664227851691,1.1150233324839751,FALSE,FALSE
1987-11-05,circumpolar,17.00057034,-0.31277713836232124,0.31277713836232124,1.1150233324839751,FALSE,FALSE
1987-11-06,circumpolar,16.93897433,-0.2942544700584122,0.2942544700584122,1.1150233324839751,FALSE,FALSE
1987-11-07,circumpolar,16.82569335,-0.32427457628157086,0.32427457628157086,1.1150233324839751,FALSE,FALSE
1987-11-08,circumpolar,16.76940279,-0.29398661543990556,0.29398661543990556,1.1150233324839751,FALSE,FALSE
1987-11-09,circumpolar,16.70591183,-0.2674059559415589,0.2674059559415589,1.1150233324839751,FALSE,FALSE
1987-11-10,circumpolar,16.53761497,-0.34196264619463435,0.34196264619463435,1.1150233324839751,FALSE,FALSE
1987-11-11,circumpolar,16.44457413,-0.33741931460726704,0.33741931460726704,1.1150233324839751,FALSE,FALSE
1987-11-12,circumpolar,16.33337292,-0.34701820136329076,0.34701820136329076,1.1150233324839751,FALSE,FALSE
1987-11-13,circumpolar,16.18270248,-0.39196602957769855,0.39196602957769855,1.1150233324839751,FALSE,FALSE
1987-11-14,circumpolar,16.13844118,-0.32639054282735813,0.32639054282735813,1.1150233324839751,FALSE,FALSE
1987-11-15,circumpolar,16.0642993,-0.2865965035688305,0.2865965035688305,1.1150233324839751,FALSE,FALSE
1987-11-16,circumpolar,15.98349863,-0.24937716425864664,0.24937716425864664,1.1150233324839751,FALSE,FALSE
1987-11-17,circumpolar,15.92793726,-0.18284947735336843,0.18284947735336843,1.1150233324839751,FALSE,FALSE
1987-11-18,circumpolar,15.83411627,-0.15052740530955155,0.15052740530955155,1.1150233324839751,FALSE,FALSE
1987-11-19,circumpolar,15.75657653,-0.09788512058373831,0.09788512058373831,1.1150233324839751,FALSE,FALSE
1987-11-20,circumpolar,15.72848579,0.00823008436752736,0.00823008436752736,1.1150233324839751,FALSE,FALSE
1987-11-21,circumpolar,15.62794066,0.04589977708768345,0.04589977708768345,1.1150233324839751,FALSE,FALSE
1987-11-22,circumpolar,15.47693576,0.03710353512019182,0.03710353512019182,1.1150233324839751,FALSE,FALSE
1987-11-23,circumpolar,15.37862096,0.08497618600848789,0.08497618600848789,1.1150233324839751,FALSE,FALSE
1987-11-24,circumpolar,15.21028315,0.06678957729603852,0.06678957729603852,1.1150233324839751,FALSE,FALSE
1987-11-25,circumpolar,15.02683171,0.03744555372019498,0.03744555372019498,1.1150233324839751,FALSE,FALSE
1987-11-26,circumpolar,14.85994789,0.02868132460669947,0.02868132460669947,1.1150233324839751,FALSE,FALSE
1987-11-27,circumpolar,14.61856765,-0.05047926399360847,0.05047926399360847,1.1150233324839751,FALSE,FALSE
1987-11-28,circumpolar,14.39898111,-0.10365796420344252,0.10365796420344252,1.1150233324839751,FALSE,FALSE
1987-11-29,circumpolar,14.27364897,-0.05830594814554857,0.05830594814554857,1.1150233324839751,FALSE,FALSE
1987-11-30,circumpolar,14.11205782,-0.04484849794265955,0.04484849794265955,1.1150233324839751,FALSE,FALSE
1987-12-01,circumpolar,13.88538937,-0.09201577571751328,0.09201577571751328,1.1150233324839751,FALSE,FALSE
1987-12-02,circumpolar,13.85125314,0.05788986640715876,0.05788986640715876,1.1150233324839751,FALSE,FALSE
1988-01-14,circumpolar,4.88185584,-0.4267153670270858,0.4267153670270858,1.1150233324839751,FALSE,FALSE
1988-01-15,circumpolar,4.788964897,-0.4011306066131404,0.4011306066131404,1.1150233324839751,FALSE,FALSE
1988-01-16,circumpolar,4.664778537,-0.41027248429893426,0.41027248429893426,1.1150233324839751,FALSE,FALSE
1988-01-17,circumpolar,4.596080307,-0.36736951066758294,0.36736951066758294,1.1150233324839751,FALSE,FALSE
1988-01-18,circumpolar,4.507428914,-0.3478750363021952,0.3478750363021952,1.1150233324839751,FALSE,FALSE
1988-01-19,circumpolar,4.458127354,-0.29249812278588205,0.29249812278588205,1.1150233324839751,FALSE,FALSE
1988-01-20,circumpolar,4.378772199,-0.2706542557017544,0.2706542557017544,1.1150233324839751,FALSE,FALSE
1988-01-21,circumpolar,4.238234234,-0.31348470763292635,0.31348470763292635,1.1150233324839751,FALSE,FALSE
1988-01-22,circumpolar,4.0888275610000004,-0.3686874341625064,0.3686874341625064,1.1150233324839751,FALSE,FALSE
1988-01-23,circumpolar,3.995952795,-0.3708738778736054,0.3708738778736054,1.1150233324839751,FALSE,FALSE
1988-01-24,circumpolar,3.939889178,-0.3397768543493407,0.3397768543493407,1.1150233324839751,FALSE,FALSE
1988-01-25,circumpolar,3.888893052,-0.3071520791728193,0.3071520791728193,1.1150233324839751,FALSE,FALSE
1988-01-26,circumpolar,3.840343595,-0.27563243192714726,0.27563243192714726,1.1150233324839751,FALSE,FALSE
1988-01-27,circumpolar,3.717793487,-0.32166581834189056,0.32166581834189056,1.1150233324839751,FALSE,FALSE
1988-01-28,circumpolar,3.634033967,-0.3323839269053144,0.3323839269053144,1.1150233324839751,FALSE,FALSE
1988-01-29,circumpolar,3.622341293,-0.2744012255862063,0.2744012255862063,1.1150233324839751,FALSE,FALSE
1988-01-30,circumpolar,3.610359773,-0.21996402862204567,0.21996402862204567,1.1150233324839751,FALSE,FALSE
1988-01-31,circumpolar,3.556119315,-0.2109330502502922,0.2109330502502922,1.1150233324839751,FALSE,FALSE
1988-02-01,circumpolar,3.519643171,-0.1871756607084296,0.1871756607084296,1.1150233324839751,FALSE,FALSE
1988-02-02,circumpolar,3.439327022,-0.21018680123392564,0.21018680123392564,1.1150233324839751,FALSE,FALSE
1988-02-03,circumpolar,3.413534907,-0.1814930550642475,0.1814930550642475,1.1150233324839751,FALSE,FALSE
1988-02-04,circumpolar,3.376265461,-0.16698640943687382,0.16698640943687382,1.1150233324839751,FALSE,FALSE
1988-02-05,circumpolar,3.347503781,-0.14657238958928032,0.14657238958928032,1.1150233324839751,FALSE,FALSE
1988-02-06,circumpolar,3.357856485,-0.08953499975893209,0.08953499975893209,1.1150233324839751,FALSE,FALSE
1988-02-07,circumpolar,3.331807562,-0.07128087318330278,0.07128087318330278,1.1150233324839751,FALSE,FALSE
1988-02-08,circumpolar,3.292533833,-0.0685246519168099,0.0685246519168099,1.1150233324839751,FALSE,FALSE
1988-02-09,circumpolar,3.245977402,-0.07532670246103246,0.07532670246103246,1.1150233324839751,FALSE,FALSE
1988-02-10,circumpolar,3.246486579,-0.03756195246897542,0.03756195246897542,1.1150233324839751,FALSE,FALSE
1988-02-11,circumpolar,3.247937516,-0.00160358968923102,0.00160358968923102,1.1150233324839751,FALSE,FALSE
1988-02-12,circumpolar,3.222334456,0.0043032891295911,0.0043032891295911,1.1150233324839751,FALSE,FALSE
1988-02-13,circumpolar,3.191119367,0.00135131223888196,0.00135131223888196,1.1150233324839751,FALSE,FALSE
1988-02-14,circumpolar,3.184268041,0.0192669318900478,0.0192669318900478,1.1150233324839751,FALSE,FALSE
1988-02-15,circumpolar,3.165095707,0.02111603733447742,0.02111603733447742,1.1150233324839751,FALSE,FALSE
1988-02-16,circumpolar,3.12848786,0.00153478382356642,0.00153478382356642,1.1150233324839751,FALSE,FALSE
1988-02-17,circumpolar,3.099987953,-0.01418271539127857,0.01418271539127857,1.1150233324839751,FALSE,FALSE
1988-02-18,circumpolar,3.147293159,0.04141137294132768,0.04141137294132768,1.1150233324839751,FALSE,FALSE
1988-02-19,circumpolar,3.128824443,0.02648867407278077,0.02648867407278077,1.1150233324839751,FALSE,FALSE
1988-02-20,circumpolar,3.132428869,0.02864691225448723,0.02864691225448723,1.1150233324839751,FALSE,FALSE
1988-02-21,circumpolar,3.108458547,-0.00198900848380922,0.00198900848380922,1.1150233324839751,FALSE,FALSE
1988-02-22,circumpolar,3.085069471,-0.03722195830254993,0.03722195830254993,1.1150233324839751,FALSE,FALSE
1988-02-23,circumpolar,2.948831369,-0.19026256068028324,0.19026256068028324,1.1150233324839751,FALSE,FALSE
1988-02-24,circumpolar,2.941293145,-0.21933903612685943,0.21933903612685943,1.1150233324839751,FALSE,FALSE
1988-02-25,circumpolar,2.928046912,-0.2586363961521143,0.2586363961521143,1.1150233324839751,FALSE,FALSE
1988-02-26,circumpolar,2.948012935,-0.26901150026589793,0.26901150026589793,1.1150233324839751,FALSE,FALSE
1988-02-27,circumpolar,3.022334432,-0.2290982549780498,0.2290982549780498,1.1150233324839751,FALSE,FALSE
1988-02-28,circumpolar,3.065961134,-0.2237240537984153,0.2237240537984153,1.1150233324839751,FALSE,FALSE
1988-03-01,circumpolar,3.196151845,-0.18067958980316143,0.18067958980316143,1.1150233324839751,FALSE,FALSE
1988-03-02,circumpolar,3.318331251,-0.1069481790072242,0.1069481790072242,1.1150233324839751,FALSE,FALSE
1988-03-03,circumpolar,3.438676505,-0.03800366735887461,0.03800366735887461,1.1150233324839751,FALSE,FALSE
1988-03-04,circumpolar,3.564528432,0.03371763934550031,0.03371763934550031,1.1150233324839751,FALSE,FALSE
1988-03-05,circumpolar,3.603556387,0.01608458015531999,0.01608458015531999,1.1150233324839751,FALSE,FALSE
1988-03-06,circumpolar,3.615218219,-0.03132164505917867,0.03132164505917867,1.1150233324839751,FALSE,FALSE
1988-03-07,circumpolar,3.683296002,-0.02461107868102674,0.02461107868102674,1.1150233324839751,FALSE,FALSE
1988-03-08,circumpolar,3.774548691,0.00308311790673965,0.00308311790673965,1.1150233324839751,FALSE,FALSE
1988-03-09,circumpolar,3.917540628,0.08043317032109121,0.08043317032109121,1.1150233324839751,FALSE,FALSE
1988-03-10,circumpolar,4.035818534,0.1310936831789995,0.1310936831789995,1.1150233324839751,FALSE,FALSE
1988-03-11,circumpolar,4.124442342,0.15023247309742738,0.15023247309742738,1.1150233324839751,FALSE,FALSE
1988-03-12,circumpolar,4.201810567,0.15635593869334308,0.15635593869334308,1.1150233324839751,FALSE,FALSE
1988-03-13,circumpolar,4.319415198,0.20106395258371723,0.20106395258371723,1.1150233324839751,FALSE,FALSE
1988-03-14,circumpolar,4.372748386,0.17995654938551642,0.17995654938551642,1.1150233324839751,FALSE,FALSE
1988-03-15,circumpolar,4.401675295,0.13300677671570682,0.13300677671570682,1.1150233324839751,FALSE,FALSE
1988-03-16,circumpolar,4.452145628,0.10627222119126144,0.10627222119126144,1.1150233324839751,FALSE,FALSE
1988-03-17,circumpolar,4.485953876,0.06165396641859555,0.06165396641859555,1.1150233324839751,FALSE,FALSE
1988-03-18,circumpolar,4.569719171,0.06584549420386843,0.06584549420386843,1.1150233324839751,FALSE,FALSE
1988-03-19,circumpolar,4.642610238,0.05805615311413259,0.05805615311413259,1.1150233324839751,FALSE,FALSE
1988-03-20,circumpolar,4.735549796,0.06924769782989326,0.06924769782989326,1.1150233324839751,FALSE,FALSE
1988-03-21,circumpolar,4.777473089,0.02839440803168447,0.02839440803168447,1.1150233324839751,FALSE,FALSE
1988-03-22,circumpolar,4.815457943,-0.01738685459997668,0.01738685459997668,1.1150233324839751,FALSE,FALSE
1988-03-23,circumpolar,4.879415919,-0.03814549338457063,0.03814549338457063,1.1150233324839751,FALSE,FALSE
1988-03-24,circumpolar,4.954962321,-0.04822716864156984,0.04822716864156984,1.1150233324839751,FALSE,FALSE
1988-03-25,circumpolar,5.058749066,-0.03094092769046064,0.03094092769046064,1.1150233324839751,FALSE,FALSE
1988-03-26,circumpolar,5.115093136,-0.06193075285071359,0.06193075285071359,1.1150233324839751,FALSE,FALSE
1988-03-27,circumpolar,5.180309599,-0.08484254044180783,0.08484254044180783,1.1150233324839751,FALSE,FALSE
1988-03-28,circumpolar,5.258419909,-0.09561580078322952,0.09561580078322952,1.1150233324839751,FALSE,FALSE
1988-03-29,circumpolar,5.314773033,-0.12886253119444735,0.12886253119444735,1.1150233324839751,FALSE,FALSE
1988-03-30,circumpolar,5.357856135,-0.17606638557743182,0.17606638557743182,1.1150233324839751,FALSE,FALSE
1988-03-31,circumpolar,5.326962331,-0.29795892584342276,0.29795892584342276,1.1150233324839751,FALSE,FALSE
1988-04-01,circumpolar,5.414738093,-0.30193666798582974,0.30193666798582974,1.1150233324839751,FALSE,FALSE
1988-04-02,circumpolar,5.454404374,-0.3548216621349942,0.3548216621349942,1.1150233324839751,FALSE,FALSE
1988-04-03,circumpolar,5.49845598,-0.4041621054212472,0.4041621054212472,1.1150233324839751,FALSE,FALSE
1988-04-04,circumpolar,5.558803879,-0.4380900329749293,0.4380900329749293,1.1150233324839751,FALSE,FALSE
1988-04-05,circumpolar,5.596904027,-0.4951924919263684,0.4951924919263684,1.1150233324839751,FALSE,FALSE
1988-04-06,circumpolar,5.685426094,-0.5028428154059137,0.5028428154059137,1.1150233324839751,FALSE,FALSE
1988-04-07,circumpolar,5.820923432,-0.4645306545438963,0.4645306545438963,1.1150233324839751,FALSE,FALSE
1988-04-08,circumpolar,5.882948802,-0.500746251470658,0.500746251470658,1.1150233324839751,FALSE,FALSE
1988-04-09,circumpolar,5.946989772,-0.5360450413165285,0.5360450413165285,1.1150233324839751,FALSE,FALSE
1988-04-10,circumpolar,6.060120432,-0.5233959372118546,0.5233959372118546,1.1150233324839751,FALSE,FALSE
1988-04-11,circumpolar,6.13306031,-0.5521217877196172,0.5521217877196172,1.1150233324839751,FALSE,FALSE
1988-04-12,circumpolar,6.213527281,-0.5745024388014768,0.5745024388014768,1.1150233324839751,FALSE,FALSE
1988-04-13,circumpolar,6.335434055,-0.5565492870608626,0.5565492870608626,1.1150233324839751,FALSE,FALSE
1988-04-14,circumpolar,6.462551986,-0.5344082091906195,0.5344082091906195,1.1150233324839751,FALSE,FALSE
1988-04-15,circumpolar,6.644679142,-0.4581983678835613,0.4581983678835613,1.1150233324839751,FALSE,FALSE
1988-04-16,circumpolar,6.765518095,-0.4441344218325325,0.4441344218325325,1.1150233324839751,FALSE,FALSE
1988-04-17,circumpolar,6.878349145,-0.43885330173036774,0.43885330173036774,1.1150233324839751,FALSE,FALSE
1988-04-18,circumpolar,6.956760195,-0.4686843352699066,0.4686843352699066,1.1150233324839751,FALSE,FALSE
1988-04-19,circumpolar,7.027961591,-0.5063344071439628,0.5063344071439628,1.1150233324839751,FALSE,FALSE
1988-04-20,circumpolar,7.138111577,-0.5055625040453933,0.5055625040453933,1.1150233324839751,FALSE,FALSE
1988-04-21,circumpolar,7.207686148,-0.5458098616670215,0.5458098616670215,1.1150233324839751,FALSE,FALSE
1988-04-22,circumpolar,7.267570889,-0.5961081257016749,0.5961081257016749,1.1150233324839751,FALSE,FALSE
1988-04-23,circumpolar,7.349301129,-0.6248391978422045,0.6248391978422045,1.1150233324839751,FALSE,FALSE
1988-04-24,circumpolar,7.47514859,-0.6096520883578656,0.6096520883578656,1.1150233324839751,FALSE,FALSE
1988-04-25,circumpolar,7.546933016,-0.6486810416087438,0.6486810416087438,1.1150233324839751,FALSE,FALSE
1988-04-26,circumpolar,7.647186056,-0.6593667744652203,0.6593667744652203,1.1150233324839751,FALSE,FALSE
1988-04-27,circumpolar,7.756298432,-0.661291124384424,0.661291124384424,1.1150233324839751,FALSE,FALSE
1988-04-28,circumpolar,7.902204239,-0.6264925558235053,0.6264925558235053,1.1150233324839751,FALSE,FALSE
1988-04-29,circumpolar,8.024928537,-0.6149185682396077,0.6149185682396077,1.1150233324839751,FALSE,FALSE
1988-04-30,circumpolar,8.14048818,-0.61052486708987,0.61052486708987,1.1150233324839751,FALSE,FALSE
1988-05-01,circumpolar,8.199763293,-0.662403886831445,0.662403886831445,1.1150233324839751,FALSE,FALSE
1988-05-02,circumpolar,8.333965732,-0.6393163309214582,0.6393163309214582,1.1150233324839751,FALSE,FALSE
1988-05-03,circumpolar,8.491393956,-0.5929362998170635,0.5929362998170635,1.1150233324839751,FALSE,FALSE
1988-05-04,circumpolar,8.573708708,-0.6215756099754071,0.6215756099754071,1.1150233324839751,FALSE,FALSE
1988-05-05,circumpolar,8.714897507,-0.5912193018536183,0.5912193018536183,1.1150233324839751,FALSE,FALSE
1988-05-06,circumpolar,8.729762614,-0.6870376889018441,0.6870376889018441,1.1150233324839751,FALSE,FALSE
1988-05-07,circumpolar,9.028224545,-0.4990911883967506,0.4990911883967506,1.1150233324839751,FALSE,FALSE
1988-05-08,circumpolar,9.14629716,-0.4913691204019148,0.4913691204019148,1.1150233324839751,FALSE,FALSE
1988-05-09,circumpolar,9.105013765,-0.6428450193789956,0.6428450193789956,1.1150233324839751,FALSE,FALSE
1988-05-10,circumpolar,9.135544726,-0.722355359789681,0.722355359789681,1.1150233324839751,FALSE,FALSE
1988-05-11,circumpolar,9.220906101,-0.7468909240956272,0.7468909240956272,1.1150233324839751,FALSE,FALSE
1988-05-12,circumpolar,9.402390937,-0.6751655057585211,0.6751655057585211,1.1150233324839751,FALSE,FALSE
1988-05-13,circumpolar,9.579584324,-0.6076008552400225,0.6076008552400225,1.1150233324839751,FALSE,FALSE
1988-05-14,circumpolar,9.775522583,-0.5211674920018101,0.5211674920018101,1.1150233324839751,FALSE,FALSE
1988-05-15,circumpolar,9.927789507,-0.47828846350556375,0.47828846350556375,1.1150233324839751,FALSE,FALSE
1988-05-16,circumpolar,10.07682804,-0.43852766621295025,0.43852766621295025,1.1150233324839751,FALSE,FALSE
1988-05-17,circumpolar,10.12206453,-0.5024655925856258,0.5024655925856258,1.1150233324839751,FALSE,FALSE
1988-05-18,circumpolar,10.34146752,-0.39214054008528265,0.39214054008528265,1.1150233324839751,FALSE,FALSE
1988-05-19,circumpolar,10.48015617,-0.3624390561361146,0.3624390561361146,1.1150233324839751,FALSE,FALSE
1988-05-20,circumpolar,10.61873334,-0.33274331327126383,0.33274331327126383,1.1150233324839751,FALSE,FALSE
1988-05-21,circumpolar,10.71761574,-0.3426035707067463,0.3426035707067463,1.1150233324839751,FALSE,FALSE
1988-05-22,circumpolar,10.77273844,-0.3960511199233796,0.3960511199233796,1.1150233324839751,FALSE,FALSE
1988-05-23,circumpolar,10.83715705,-0.43999671240199945,0.43999671240199945,1.1150233324839751,FALSE,FALSE
1988-05-24,circumpolar,10.93449351,-0.4507847696234179,0.4507847696234179,1.1150233324839751,FALSE,FALSE
1988-05-25,circumpolar,11.11966093,-0.3734685430684621,0.3734685430684621,1.1150233324839751,FALSE,FALSE
1988-05-26,circumpolar,11.24834577,-0.35232793421796593,0.35232793421796593,1.1150233324839751,FALSE,FALSE
1988-05-27,circumpolar,11.37882618,-0.32905115455274725,0.32905115455274725,1.1150233324839751,FALSE,FALSE
1988-05-28,circumpolar,11.48441484,-0.3302918855536241,0.3302918855536241,1.1150233324839751,FALSE,FALSE
1988-05-29,circumpolar,11.62145306,-0.299675178701424,0.299675178701424,1.1150233324839751,FALSE,FALSE
1988-05-30,circumpolar,11.76649907,-0.2606091654769873,0.2606091654769873,1.1150233324839751,FALSE,FALSE
1988-05-31,circumpolar,11.86365184,-0.26896123736110944,0.26896123736110944,1.1150233324839751,FALSE,FALSE
1988-06-01,circumpolar,11.94678824,-0.29083199780358626,0.29083199780358626,1.1150233324839751,FALSE,FALSE
1988-06-02,circumpolar,12.12822972,-0.21392676594907736,0.21392676594907736,1.1150233324839751,FALSE,FALSE
1988-06-03,circumpolar,12.33064416,-0.11561809615339592,0.11561809615339592,1.1150233324839751,FALSE,FALSE
1988-06-04,circumpolar,12.56804912,0.01807113672151139,0.01807113672151139,1.1150233324839751,FALSE,FALSE
1988-06-05,circumpolar,12.66112272,0.00777861781368294,0.00777861781368294,1.1150233324839751,FALSE,FALSE
1988-06-06,circumpolar,12.69361778,-0.06278326773885645,0.06278326773885645,1.1150233324839751,FALSE,FALSE
1988-06-07,circumpolar,12.71597538,-0.14321387479807157,0.14321387479807157,1.1150233324839751,FALSE,FALSE
1988-06-08,circumpolar,12.73392288,-0.2278262782259297,0.2278262782259297,1.1150233324839751,FALSE,FALSE
1988-06-09,circumpolar,12.8184923,-0.24562889288440104,0.24562889288440104,1.1150233324839751,FALSE,FALSE
1988-06-10,circumpolar,12.85358425,-0.3127615436354336,0.3127615436354336,1.1150233324839751,FALSE,FALSE
1988-06-11,circumpolar,12.99655088,-0.2719125153410147,0.2719125153410147,1.1150233324839751,FALSE,FALSE
1988-06-12,circumpolar,13.06119425,-0.3093201828631056,0.3093201828631056,1.1150233324839751,FALSE,FALSE
1988-06-13,circumpolar,13.10472017,-0.3678173406432421,0.3678173406432421,1.1150233324839751,FALSE,FALSE
1988-06-14,circumpolar,13.2104639,-0.36402664059899514,0.36402664059899514,1.1150233324839751,FALSE,FALSE
1988-06-15,circumpolar,13.41969533,-0.2565254061560065,0.2565254061560065,1.1150233324839751,FALSE,FALSE
1988-06-16,circumpolar,13.71325947,-0.0643078204453893,0.0643078204453893,1.1150233324839751,FALSE,FALSE
1988-06-17,circumpolar,13.89329633,0.01492693340171236,0.01492693340171236,1.1150233324839751,FALSE,FALSE
1988-06-18,circumpolar,14.03922936,0.06076311225418962,0.06076311225418962,1.1150233324839751,FALSE,FALSE
1988-06-19,circumpolar,14.0690778,-0.00861923701909184,0.00861923701909184,1.1150233324839751,FALSE,FALSE
1988-06-20,circumpolar,14.13994711,-0.03595384754925668,0.03595384754925668,1.1150233324839751,FALSE,FALSE
1988-06-21,circumpolar,14.14654147,-0.12637573246744438,0.12637573246744438,1.1150233324839751,FALSE,FALSE
1988-06-22,circumpolar,14.19118389,-0.17740107490477008,0.17740107490477008,1.1150233324839751,FALSE,FALSE
1988-06-23,circumpolar,14.27743989,-0.1853035479923566,0.1853035479923566,1.1150233324839751,FALSE,FALSE
1988-06-24,circumpolar,14.40456978,-0.1506620348613481,0.1506620348613481,1.1150233324839751,FALSE,FALSE
1988-06-25,circumpolar,14.51655835,-0.12933093864285183,0.12933093864285183,1.1150233324839751,FALSE,FALSE
1988-06-26,circumpolar,14.55905182,-0.17553125715430795,0.17553125715430795,1.1150233324839751,FALSE,FALSE
1988-06-27,circumpolar,14.5934737,-0.2279184669036685,0.2279184669036685,1.1150233324839751,FALSE,FALSE
1988-06-28,circumpolar,14.70959114,-0.1969011698378509,0.1969011698378509,1.1150233324839751,FALSE,FALSE
1988-06-29,circumpolar,14.75903645,-0.23102330542432625,0.23102330542432625,1.1150233324839751,FALSE,FALSE
1988-06-30,circumpolar,14.90347941,-0.16879134313053434,0.16879134313053434,1.1150233324839751,FALSE,FALSE
1988-07-01,circumpolar,14.93942638,-0.21387517242393272,0.21387517242393272,1.1150233324839751,FALSE,FALSE
1988-07-02,circumpolar,14.95773875,-0.275589652771961,0.275589652771961,1.1150233324839751,FALSE,FALSE
1988-07-03,circumpolar,15.01729318,-0.29523437364208327,0.29523437364208327,1.1150233324839751,FALSE,FALSE
1988-07-04,circumpolar,15.09710827,-0.2939669845017452,0.2939669845017452,1.1150233324839751,FALSE,FALSE
1988-07-05,circumpolar,15.15514929,-0.3139984648184022,0.3139984648184022,1.1150233324839751,FALSE,FALSE
1988-07-06,circumpolar,15.3115378,-0.23538350405950223,0.23538350405950223,1.1150233324839751,FALSE,FALSE
1988-07-07,circumpolar,15.37949795,-0.24507420169249983,0.24507420169249983,1.1150233324839751,FALSE,FALSE
1988-07-08,circumpolar,15.46245265,-0.2398234841909588,0.2398234841909588,1.1150233324839751,FALSE,FALSE
1988-07-09,circumpolar,15.51394481,-0.266183952629488,0.266183952629488,1.1150233324839751,FALSE,FALSE
1988-07-10,circumpolar,15.64318707,-0.2148626879995419,0.2148626879995419,1.1150233324839751,FALSE,FALSE
1988-07-11,circumpolar,15.82489271,-0.11104286788236628,0.11104286788236628,1.1150233324839751,FALSE,FALSE
1988-07-12,circumpolar,15.92840443,-0.08527824985914023,0.08527824985914023,1.1150233324839751,FALSE,FALSE
1988-07-13,circumpolar,16.04393998,-0.04724754151109067,0.04724754151109067,1.1150233324839751,FALSE,FALSE
1988-07-14,circumpolar,16.23258634,0.06423977958058558,0.06423977958058558,1.1150233324839751,FALSE,FALSE
1988-07-15,circumpolar,16.27841196,0.03335570583466563,0.03335570583466563,1.1150233324839751,FALSE,FALSE
1988-07-16,circumpolar,16.28437932,-0.03683374033006004,0.03683374033006004,1.1150233324839751,FALSE,FALSE
1988-07-17,circumpolar,16.29800258,-0.09871085649476896,0.09871085649476896,1.1150233324839751,FALSE,FALSE
1988-07-18,circumpolar,16.40742153,-0.06403231024070521,0.06403231024070521,1.1150233324839751,FALSE,FALSE
1988-07-19,circumpolar,16.44447788,-0.10085284914906369,0.10085284914906369,1.1150233324839751,FALSE,FALSE
1988-07-20,circumpolar,16.51834499,-0.09989557080105982,0.09989557080105982,1.1150233324839751,FALSE,FALSE
1988-07-21,circumpolar,16.61767868,-0.0724039947195152,0.0724039947195152,1.1150233324839751,FALSE,FALSE
1988-07-22,circumpolar,16.65268117,-0.10811501784360544,0.10811501784360544,1.1150233324839751,FALSE,FALSE
1988-07-23,circumpolar,16.6540927,-0.1762565124498181,0.1762565124498181,1.1150233324839751,FALSE,FALSE
1988-07-24,circumpolar,16.66064784,-0.23806267854173413,0.23806267854173413,1.1150233324839751,FALSE,FALSE
1988-07-25,circumpolar,16.73882254,-0.22702633612290768,0.22702633612290768,1.1150233324839751,FALSE,FALSE
1988-07-26,circumpolar,16.84484569,-0.18688736519692384,0.18688736519692384,1.1150233324839751,FALSE,FALSE
1988-07-27,circumpolar,17.00745772,-0.08887410576735277,0.08887410576735277,1.1150233324839751,FALSE,FALSE
1988-07-28,circumpolar,17.08972164,-0.06989231783776262,0.06989231783776262,1.1150233324839751,FALSE,FALSE
1988-07-29,circumpolar,17.19165607,-0.02989215141171541,0.02989215141171541,1.1150233324839751,FALSE,FALSE
1988-07-30,circumpolar,17.27134342,-0.01075996649280597,0.01075996649280597,1.1150233324839751,FALSE,FALSE
1988-07-31,circumpolar,17.38901838,0.04777015691539077,0.04777015691539077,1.1150233324839751,FALSE,FALSE
1988-08-01,circumpolar,17.44957899,0.05062748880933299,0.05062748880933299,1.1150233324839751,FALSE,FALSE
1988-08-02,circumpolar,17.53985167,0.08466967862276675,0.08466967862276675,1.1150233324839751,FALSE,FALSE
1988-08-03,circumpolar,17.55964971,0.04972605593789936,0.04972605593789936,1.1150233324839751,FALSE,FALSE
1988-08-04,circumpolar,17.74626852,0.18305327467491497,0.18305327467491497,1.1150233324839751,FALSE,FALSE
1988-08-05,circumpolar,17.84069516,0.2255872870122353,0.2255872870122353,1.1150233324839751,FALSE,FALSE
1988-08-06,circumpolar,17.85505923,0.18940658512827468,0.18940658512827468,1.1150233324839751,FALSE,FALSE
1988-08-07,circumpolar,17.89523288,0.1803322112014314,0.1803322112014314,1.1150233324839751,FALSE,FALSE
1988-08-08,circumpolar,17.88725762,0.12435456741012985,0.12435456741012985,1.1150233324839751,FALSE,FALSE
1988-08-09,circumpolar,17.9099805,0.10026959593276176,0.10026959593276176,1.1150233324839751,FALSE,FALSE
1988-08-10,circumpolar,17.89803387,0.04265853894774807,0.04265853894774807,1.1150233324839751,FALSE,FALSE
1988-08-11,circumpolar,17.97119498,0.07124753863349298,0.07124753863349298,1.1150233324839751,FALSE,FALSE
1988-08-12,circumpolar,17.97779763,0.03431928716842591,0.03431928716842591,1.1150233324839751,FALSE,FALSE
1988-08-13,circumpolar,17.95614084,-0.02987830326906149,0.02987830326906149,1.1150233324839751,FALSE,FALSE
1988-08-14,circumpolar,17.97040311,-0.05721784050055945,0.05721784050055945,1.1150233324839751,FALSE,FALSE
1988-08-15,circumpolar,18.04025707,-0.02807692377735193,0.02807692377735193,1.1150233324839751,FALSE,FALSE
1988-08-16,circumpolar,18.05564838,-0.052534009177836793,0.052534009177836793,1.1150233324839751,FALSE,FALSE
1988-08-17,circumpolar,18.13229677,-0.01486359419462246,0.01486359419462246,1.1150233324839751,FALSE,FALSE
1988-08-18,circumpolar,18.05829417,-0.12696633834856286,0.12696633834856286,1.1150233324839751,FALSE,FALSE
1988-08-19,circumpolar,18.0673656,-0.15510981116048228,0.15510981116048228,1.1150233324839751,FALSE,FALSE
1988-08-20,circumpolar,18.09471529,-0.1640823721512099,0.1640823721512099,1.1150233324839751,FALSE,FALSE
1988-08-21,circumpolar,18.21949501,-0.07472484084158637,0.07472484084158637,1.1150233324839751,FALSE,FALSE
1988-08-22,circumpolar,18.25632853,-0.07240603675245438,0.07240603675245438,1.1150233324839751,FALSE,FALSE
1988-08-23,circumpolar,18.21295645,-0.1493779494046521,0.1493779494046521,1.1150233324839751,FALSE,FALSE
1988-08-24,circumpolar,18.25610036,-0.13891157831900003,0.13891157831900003,1.1150233324839751,FALSE,FALSE
1988-08-25,circumpolar,18.33461137,-0.09214840301635618,0.09214840301635618,1.1150233324839751,FALSE,FALSE
1988-08-26,circumpolar,18.38459724,-0.07297325301754753,0.07297325301754753,1.1150233324839751,FALSE,FALSE
1988-08-27,circumpolar,18.360569,-0.1268676878434043,0.1268676878434043,1.1150233324839751,FALSE,FALSE
1988-08-28,circumpolar,18.36266105,-0.15368898747800586,0.15368898747800586,1.1150233324839751,FALSE,FALSE
1988-08-29,circumpolar,18.30017677,-0.2441199240172267,0.2441199240172267,1.1150233324839751,FALSE,FALSE
1988-08-30,circumpolar,18.26644025,-0.30482048255337446,0.30482048255337446,1.1150233324839751,FALSE,FALSE
1988-08-31,circumpolar,18.19101112,-0.4062151044532314,0.4062151044532314,1.1150233324839751,FALSE,FALSE
1988-09-01,circumpolar,18.18950326,-0.4326739810836173,0.4326739810836173,1.1150233324839751,FALSE,FALSE
1988-09-02,circumpolar,18.10046133,-0.5456365238113179,0.5456365238113179,1.1150233324839751,FALSE,FALSE
1988-09-03,circumpolar,18.22084026,-0.4481318740031454,0.4481318740031454,1.1150233324839751,FALSE,FALSE
1988-09-04,circumpolar,18.31063682,-0.38014733302592063,0.38014733302592063,1.1150233324839751,FALSE,FALSE
1988-09-05,circumpolar,18.39142124,-0.3200967422464025,0.3200967422464025,1.1150233324839751,FALSE,FALSE
1988-09-06,circumpolar,18.41504953,-0.3161081630314371,0.3161081630314371,1.1150233324839751,FALSE,FALSE
1988-09-07,circumpolar,18.54227285,-0.20741450674781348,0.20741450674781348,1.1150233324839751,FALSE,FALSE
1988-09-08,circumpolar,18.60671734,-0.16037370476233193,0.16037370476233193,1.1150233324839751,FALSE,FALSE
1988-09-09,circumpolar,18.73197688,-0.05137592455992745,0.05137592455992745,1.1150233324839751,FALSE,FALSE
1988-09-10,circumpolar,18.88099985,0.08254543351866417,0.08254543351866417,1.1150233324839751,FALSE,FALSE
1988-09-11,circumpolar,18.92903789,0.11666433177520474,0.11666433177520474,1.1150233324839751,FALSE,FALSE
1988-09-12,circumpolar,18.88238801,0.05730053448395011,0.05730053448395011,1.1150233324839751,FALSE,FALSE
1988-09-13,circumpolar,18.88013663,0.04356321591913215,0.04356321591913215,1.1150233324839751,FALSE,FALSE
1988-09-14,circumpolar,19.0115834,0.1647747803549784,0.1647747803549784,1.1150233324839751,FALSE,FALSE
1988-09-15,circumpolar,19.14980148,0.29403114206575154,0.29403114206575154,1.1150233324839751,FALSE,FALSE
1988-09-16,circumpolar,19.12641633,0.26298051532569033,0.26298051532569033,1.1150233324839751,FALSE,FALSE
1988-09-17,circumpolar,19.16484279,0.2950604944090216,0.2950604944090216,1.1150233324839751,FALSE,FALSE
1988-09-18,circumpolar,19.14035034,0.26556331359000396,0.26556331359000396,1.1150233324839751,FALSE,FALSE
1988-09-19,circumpolar,19.16834682,0.28991956714285294,0.28991956714285294,1.1150233324839751,FALSE,FALSE
1988-09-20,circumpolar,19.10826535,0.22758512934183628,0.22758512934183628,1.1150233324839751,FALSE,FALSE
1988-09-21,circumpolar,19.05298976,0.1714665844611929,0.1714665844611929,1.1150233324839751,FALSE,FALSE
1988-09-22,circumpolar,18.98730302,0.10636887602845846,0.10636887602845846,1.1150233324839751,FALSE,FALSE
1988-09-23,circumpolar,18.9046207,0.02572118879948703,0.02572118879948703,1.1150233324839751,FALSE,FALSE
1988-09-24,circumpolar,18.95239773,0.07698699697070666,0.07698699697070666,1.1150233324839751,FALSE,FALSE
1988-09-25,circumpolar,18.89768548,0.02722614359303321,0.02722614359303321,1.1150233324839751,FALSE,FALSE
1988-09-26,circumpolar,18.90860241,0.04456556171735215,0.04456556171735215,1.1150233324839751,FALSE,FALSE
1988-09-27,circumpolar,18.93458364,0.07844884439456834,0.07844884439456834,1.1150233324839751,FALSE,FALSE
1988-09-28,circumpolar,18.95923768,0.1124929746755612,0.1124929746755612,1.1150233324839751,FALSE,FALSE
1988-09-29,circumpolar,18.99285807,0.15699996561123797,0.15699996561123797,1.1150233324839751,FALSE,FALSE
1988-09-30,circumpolar,19.08219111,0.2587245902525055,0.2587245902525055,1.1150233324839751,FALSE,FALSE
1988-10-01,circumpolar,19.1874922,0.3779307216502481,0.3779307216502481,1.1150233324839751,FALSE,FALSE
1988-10-02,circumpolar,19.1528527,0.35871819285537043,0.35871819285537043,1.1150233324839751,FALSE,FALSE
1988-10-03,circumpolar,19.22304106,0.4458639269187685,0.4458639269187685,1.1150233324839751,FALSE,FALSE
1988-10-04,circumpolar,19.20491667,0.4462357896025253,0.4462357896025253,1.1150233324839751,FALSE,FALSE
1988-10-05,circumpolar,19.18467128,0.4460372862124729,0.4460372862124729,1.1150233324839751,FALSE,FALSE
1988-10-06,circumpolar,19.14717522,0.43016014899392374,0.43016014899392374,1.1150233324839751,FALSE,FALSE
1988-10-07,circumpolar,19.14171975,0.44791880508075366,0.44791880508075366,1.1150233324839751,FALSE,FALSE
1988-10-08,circumpolar,19.10500123,0.4360327816068512,0.4360327816068512,1.1150233324839751,FALSE,FALSE
1988-10-09,circumpolar,19.10234558,0.4598511657061195,0.4598511657061195,1.1150233324839751,FALSE,FALSE
1988-10-10,circumpolar,19.07552283,0.4611671545124203,0.4611671545124203,1.1150233324839751,FALSE,FALSE
1988-10-11,circumpolar,19.09534129,0.5108122251596221,0.5108122251596221,1.1150233324839751,FALSE,FALSE
1988-10-12,circumpolar,19.07121511,0.518223694781657,0.518223694781657,1.1150233324839751,FALSE,FALSE
1988-10-13,circumpolar,19.02761568,0.5078961205123633,0.5078961205123633,1.1150233324839751,FALSE,FALSE
1988-10-14,circumpolar,18.98762243,0.5029320994856548,0.5029320994856548,1.1150233324839751,FALSE,FALSE
1988-10-15,circumpolar,18.90198711,0.454106548835405,0.454106548835405,1.1150233324839751,FALSE,FALSE
1988-10-16,circumpolar,18.86796448,0.4586973956954914,0.4586973956954914,1.1150233324839751,FALSE,FALSE
1988-10-17,circumpolar,18.90742027,0.5385931642753512,0.5385931642753512,1.1150233324839751,FALSE,FALSE
1988-10-18,circumpolar,18.78221626,0.4556705079793666,0.4556705079793666,1.1150233324839751,FALSE,FALSE
1988-10-19,circumpolar,18.70162665,0.419210927801263,0.419210927801263,1.1150233324839751,FALSE,FALSE
1988-10-20,circumpolar,18.6934064,0.4569763815333374,0.4569763815333374,1.1150233324839751,FALSE,FALSE
1988-10-21,circumpolar,18.71931144,0.5307297969678864,0.5307297969678864,1.1150233324839751,FALSE,FALSE
1988-10-22,circumpolar,18.67145045,0.5325868518972179,0.5325868518972179,1.1150233324839751,FALSE,FALSE
1988-10-23,circumpolar,18.63248482,0.5452159341136493,0.5452159341136493,1.1150233324839751,FALSE,FALSE
1988-10-24,circumpolar,18.59013117,0.5563406614094681,0.5563406614094681,1.1150233324839751,FALSE,FALSE
1988-10-25,circumpolar,18.51528966,0.536868191576982,0.536868191576982,1.1150233324839751,FALSE,FALSE
1988-10-26,circumpolar,18.45432575,0.5331709824085067,0.5331709824085067,1.1150233324839751,FALSE,FALSE
1988-10-27,circumpolar,18.38973914,0.5277557316963346,0.5277557316963346,1.1150233324839751,FALSE,FALSE
1988-10-28,circumpolar,18.32960652,0.5287061272327662,0.5287061272327662,1.1150233324839751,FALSE,FALSE
1988-10-29,circumpolar,18.25026315,0.5123644268101195,0.5123644268101195,1.1150233324839751,FALSE,FALSE
1988-10-30,circumpolar,18.186975,0.5140262564965319,0.5140262564965319,1.1150233324839751,FALSE,FALSE
1988-10-31,circumpolar,18.0970738,0.49116453131389903,0.49116453131389903,1.1150233324839751,FALSE,FALSE
1988-11-01,circumpolar,18.03222237,0.4956175136448202,0.4956175136448202,1.1150233324839751,FALSE,FALSE
1988-11-02,circumpolar,17.91156982,0.4467097650811702,0.4467097650811702,1.1150233324839751,FALSE,FALSE
1988-11-03,circumpolar,17.81575929,0.42525987721483105,0.42525987721483105,1.1150233324839751,FALSE,FALSE
1988-11-04,circumpolar,17.71390885,0.4005613716376786,0.4005613716376786,1.1150233324839751,FALSE,FALSE
1988-11-05,circumpolar,17.61896297,0.3857341699415855,0.3857341699415855,1.1150233324839751,FALSE,FALSE
1988-11-06,circumpolar,17.47537284,0.32540491371842606,0.32540491371842606,1.1150233324839751,FALSE,FALSE
1988-11-07,circumpolar,17.40132678,0.3379373745600951,0.3379373745600951,1.1150233324839751,FALSE,FALSE
1988-11-08,circumpolar,17.36168291,0.3883651240584385,0.3883651240584385,1.1150233324839751,FALSE,FALSE
1988-11-09,circumpolar,17.27234768,0.39277006380536506,0.39277006380536506,1.1150233324839751,FALSE,FALSE
1988-11-10,circumpolar,17.19278333,0.41078988539273453,0.41078988539273453,1.1150233324839751,FALSE,FALSE
1988-11-11,circumpolar,17.16526146,0.4848703386367106,0.4848703386367106,1.1150233324839751,FALSE,FALSE
1988-11-12,circumpolar,17.06085714,0.4861886304223013,0.4861886304223013,1.1150233324839751,FALSE,FALSE
1988-11-13,circumpolar,16.97271477,0.5078830471726405,0.5078830471726405,1.1150233324839751,FALSE,FALSE
1988-11-14,circumpolar,16.92157482,0.5706790164311712,0.5706790164311712,1.1150233324839751,FALSE,FALSE
1988-11-15,circumpolar,16.8386666,0.6057908057413535,0.6057908057413535,1.1150233324839751,FALSE,FALSE
1988-11-16,circumpolar,16.70102253,0.5902357926466308,0.5902357926466308,1.1150233324839751,FALSE,FALSE
1988-11-17,circumpolar,16.57693865,0.5922949746904465,0.5922949746904465,1.1150233324839751,FALSE,FALSE
1988-11-18,circumpolar,16.39824442,0.5437827694162625,0.5437827694162625,1.1150233324839751,FALSE,FALSE
1988-11-19,circumpolar,16.09918368,0.37892797436752623,0.37892797436752623,1.1150233324839751,FALSE,FALSE
1988-11-20,circumpolar,16.08542958,0.5033886970876829,0.5033886970876829,1.1150233324839751,FALSE,FALSE
1988-11-21,circumpolar,15.96666734,0.5268351151201927,0.5268351151201927,1.1150233324839751,FALSE,FALSE
1988-11-22,circumpolar,15.79160922,0.4979644460084885,0.4979644460084885,1.1150233324839751,FALSE,FALSE
1988-11-23,circumpolar,15.67880296,0.5353093872960386,0.5353093872960386,1.1150233324839751,FALSE,FALSE
1988-11-24,circumpolar,15.56988687,0.5805007137201947,0.5805007137201947,1.1150233324839751,FALSE,FALSE
1988-11-25,circumpolar,15.43386245,0.6025958846066981,0.6025958846066981,1.1150233324839751,FALSE,FALSE
1988-11-26,circumpolar,15.30373668,0.6346897660063924,0.6346897660063924,1.1150233324839751,FALSE,FALSE
1988-11-27,circumpolar,15.20495812,0.7023190457965587,0.7023190457965587,1.1150233324839751,FALSE,FALSE
1988-11-28,circumpolar,15.08087096,0.7489160418544518,0.7489160418544518,1.1150233324839751,FALSE,FALSE
1988-11-29,circumpolar,14.91777738,0.7608710620573405,0.7608710620573405,1.1150233324839751,FALSE,FALSE
1988-11-30,circumpolar,14.74698924,0.7695840942824859,0.7695840942824859,1.1150233324839751,FALSE,FALSE
1988-12-01,circumpolar,14.57775939,0.7843961164071587,0.7843961164071587,1.1150233324839751,FALSE,FALSE
1988-12-02,circumpolar,14.41609091,0.8113983363086099,0.8113983363086099,1.1150233324839751,FALSE,FALSE
1988-12-03,circumpolar,14.24622973,0.8349248118641182,0.8349248118641182,1.1150233324839751,FALSE,FALSE
1988-12-04,circumpolar,14.05125758,0.838145400950939,0.838145400950939,1.1150233324839751,FALSE,FALSE
1988-12-05,circumpolar,13.86611354,0.8560873114463377,0.8560873114463377,1.1150233324839751,FALSE,FALSE
1988-12-06,circumpolar,13.71686949,0.9149100569069956,0.9149100569069956,1.1150233324839751,FALSE,FALSE
1988-12-07,circumpolar,13.5446329,0.9556552879614078,0.9556552879614078,1.1150233324839751,FALSE,FALSE
1988-12-08,circumpolar,13.3408542,0.9693375431199308,0.9693375431199308,1.1150233324839751,FALSE,FALSE
1988-12-09,circumpolar,13.19764535,1.0475782229906638,1.0475782229906638,1.1150233324839751,FALSE,FALSE
1988-12-10,circumpolar,13.06283098,1.1377113981817075,1.1377113981817075,1.1150233324839751,TRUE,TRUE
1988-12-11,circumpolar,12.85902169,1.1618571093011578,1.1618571093011578,1.1150233324839751,TRUE,TRUE
1988-12-12,circumpolar,12.6403691,1.1736764169571146,1.1736764169571146,1.1150233324839751,TRUE,TRUE
1988-12-13,circumpolar,12.46093094,1.2267364917576806,1.2267364917576806,1.1150233324839751,TRUE,TRUE
1988-12-14,circumpolar,12.23279281,1.232632374310949,1.232632374310949,1.1150233324839751,TRUE,TRUE
1988-12-15,circumpolar,12.07499395,1.309912745225038,1.309912745225038,1.1150233324839751,TRUE,TRUE
1988-12-16,circumpolar,11.93435745,1.4049101351080289,1.4049101351080289,1.1150233324839751,TRUE,TRUE
1988-12-17,circumpolar,11.69940203,1.4056527045680234,1.4056527045680234,1.1150233324839751,TRUE,TRUE
1988-12-18,circumpolar,11.49823704,1.4397592442131266,1.4397592442131266,1.1150233324839751,TRUE,TRUE
1988-12-19,circumpolar,11.23521966,1.4110979576924336,1.4110979576924336,1.1150233324839751,TRUE,TRUE
1988-12-20,circumpolar,10.95156082,1.360415829584614,1.360415829584614,1.1150233324839751,TRUE,TRUE
1988-12-21,circumpolar,10.74169512,1.381703494681927,1.381703494681927,1.1150233324839751,TRUE,TRUE
1988-12-22,circumpolar,10.51595328,1.3848482645636953,1.3848482645636953,1.1150233324839751,TRUE,TRUE
1988-12-23,circumpolar,10.14760926,1.2426806908092196,1.2426806908092196,1.1150233324839751,TRUE,TRUE
1988-12-24,circumpolar,9.935619309,1.2537136139978404,1.2537136139978404,1.1150233324839751,TRUE,TRUE
1988-12-25,circumpolar,9.845608223,1.3831284217088484,1.3831284217088484,1.1150233324839751,TRUE,TRUE
1988-12-26,circumpolar,9.50226378,1.2551694835215963,1.2551694835215963,1.1150233324839751,TRUE,TRUE
1988-12-27,circumpolar,8.848887999,0.8126954100153707,0.8126954100153707,1.1150233324839751,FALSE,FALSE
1988-12-28,circumpolar,8.531352854,0.7011347667695187,0.7011347667695187,1.1150233324839751,FALSE,FALSE
1988-12-29,circumpolar,8.514428246,0.8848140463633367,0.8848140463633367,1.1150233324839751,FALSE,FALSE
1988-12-30,circumpolar,8.17486258,0.7400382453761392,0.7400382453761392,1.1150233324839751,FALSE,FALSE
1988-12-31,circumpolar,7.918964576,0.6726726753872603,0.6726726753872603,1.1150233324839751,FALSE,FALSE
1989-01-01,circumpolar,7.593681251,0.3473893503872665,0.3473893503872665,1.1150233324839751,FALSE,FALSE
1989-01-02,circumpolar,7.340412993,0.27607011043072927,0.27607011043072927,1.1150233324839751,FALSE,FALSE
1989-01-03,circumpolar,7.113244653,0.2244110813593876,0.2244110813593876,1.1150233324839751,FALSE,FALSE
1989-01-04,circumpolar,6.829358009,0.10985517348081952,0.10985517348081952,1.1150233324839751,FALSE,FALSE
1989-01-05,circumpolar,6.595383723,0.03929418110261373,0.03929418110261373,1.1150233324839751,FALSE,FALSE
1989-01-06,circumpolar,6.332729169,-0.06560338946768063,0.06560338946768063,1.1150233324839751,FALSE,FALSE
1989-01-07,circumpolar,6.121896343,-0.12407440992248996,0.12407440992248996,1.1150233324839751,FALSE,FALSE
1989-01-08,circumpolar,5.923569802,-0.17517319095422845,0.17517319095422845,1.1150233324839751,FALSE,FALSE
1989-01-09,circumpolar,5.732170267,-0.22421787925534,0.22421787925534,1.1150233324839751,FALSE,FALSE
1989-01-10,circumpolar,5.626064544,-0.1925805365182338,0.1925805365182338,1.1150233324839751,FALSE,FALSE
1989-01-11,circumpolar,5.499805879,-0.1854467844353591,0.1854467844353591,1.1150233324839751,FALSE,FALSE
1989-01-12,circumpolar,5.423795097,-0.13215466569913037,0.13215466569913037,1.1150233324839751,FALSE,FALSE
1989-01-13,circumpolar,5.424040664,-0.00643458200198043,0.00643458200198043,1.1150233324839751,FALSE,FALSE
1989-01-14,circumpolar,5.210040517,-0.09853069002708548,0.09853069002708548,1.1150233324839751,FALSE,FALSE
1989-01-15,circumpolar,5.096651374,-0.09344412961313964,0.09344412961313964,1.1150233324839751,FALSE,FALSE
1989-01-16,circumpolar,4.968678676,-0.10637234529893468,0.10637234529893468,1.1150233324839751,FALSE,FALSE
1989-01-17,circumpolar,4.840380696,-0.12306912166758276,0.12306912166758276,1.1150233324839751,FALSE,FALSE
1989-01-18,circumpolar,4.738283483,-0.11702046730219529,0.11702046730219529,1.1150233324839751,FALSE,FALSE
1989-01-19,circumpolar,4.616670837,-0.13395463978588218,0.13395463978588218,1.1150233324839751,FALSE,FALSE
1989-01-20,circumpolar,4.527366842,-0.12205961270175436,0.12205961270175436,1.1150233324839751,FALSE,FALSE
1989-01-21,circumpolar,4.421495757,-0.1302231846329267,0.1302231846329267,1.1150233324839751,FALSE,FALSE
1989-01-22,circumpolar,4.348845885,-0.10866911016250658,0.10866911016250658,1.1150233324839751,FALSE,FALSE
1989-01-23,circumpolar,4.238634952,-0.12819172087360542,0.12819172087360542,1.1150233324839751,FALSE,FALSE
1989-01-24,circumpolar,4.15952566,-0.12014037234934084,0.12014037234934084,1.1150233324839751,FALSE,FALSE
1989-01-25,circumpolar,4.080247701,-0.11579743017281884,0.11579743017281884,1.1150233324839751,FALSE,FALSE
1989-01-26,circumpolar,4.013277546,-0.10269848092714716,0.10269848092714716,1.1150233324839751,FALSE,FALSE
1989-01-27,circumpolar,3.956174133,-0.08328517234189015,0.08328517234189015,1.1150233324839751,FALSE,FALSE
1989-01-28,circumpolar,3.910596305,-0.05582158890531463,0.05582158890531463,1.1150233324839751,FALSE,FALSE
1989-01-29,circumpolar,3.874918726,-0.02182379258620592,0.02182379258620592,1.1150233324839751,FALSE,FALSE
1989-01-30,circumpolar,3.834297447,0.0039736453779544104,0.0039736453779544104,1.1150233324839751,FALSE,FALSE
1989-01-31,circumpolar,3.789062989,0.02201062374970774,0.02201062374970774,1.1150233324839751,FALSE,FALSE
1989-02-01,circumpolar,3.771033005,0.06421417329157064,0.06421417329157064,1.1150233324839751,FALSE,FALSE
1989-02-02,circumpolar,3.710925952,0.06141212876607449,0.06141212876607449,1.1150233324839751,FALSE,FALSE
1989-02-03,circumpolar,3.67464339,0.0796154279357526,0.0796154279357526,1.1150233324839751,FALSE,FALSE
1989-02-04,circumpolar,3.639232363,0.09598049256312624,0.09598049256312624,1.1150233324839751,FALSE,FALSE
1989-02-05,circumpolar,3.590693132,0.09661696141071996,0.09661696141071996,1.1150233324839751,FALSE,FALSE
1989-02-06,circumpolar,3.522016268,0.07462478324106758,0.07462478324106758,1.1150233324839751,FALSE,FALSE
1989-02-07,circumpolar,3.476575164,0.0734867288166976,0.0734867288166976,1.1150233324839751,FALSE,FALSE
1989-02-08,circumpolar,3.410934423,0.04987593808319035,0.04987593808319035,1.1150233324839751,FALSE,FALSE
1989-02-09,circumpolar,3.32953508,0.00823097553896756,0.00823097553896756,1.1150233324839751,FALSE,FALSE
1989-02-10,circumpolar,3.266365416,-0.01768311546897516,0.01768311546897516,1.1150233324839751,FALSE,FALSE
1989-02-11,circumpolar,3.205849372,-0.04369173368923107,0.04369173368923107,1.1150233324839751,FALSE,FALSE
1989-02-12,circumpolar,3.202591982,-0.01543918487040896,0.01543918487040896,1.1150233324839751,FALSE,FALSE
1989-02-13,circumpolar,3.188806681,-9.613737611182672e-4,9.613737611182672e-4,1.1150233324839751,FALSE,FALSE
1989-02-14,circumpolar,3.173033786,0.0080326768900476,0.0080326768900476,1.1150233324839751,FALSE,FALSE
1989-02-15,circumpolar,3.145929468,0.00194979833447739,0.00194979833447739,1.1150233324839751,FALSE,FALSE
1989-02-16,circumpolar,3.108125108,-0.01882796817643361,0.01882796817643361,1.1150233324839751,FALSE,FALSE
1989-02-17,circumpolar,3.121381142,0.00721047360872173,0.00721047360872173,1.1150233324839751,FALSE,FALSE
1989-02-18,circumpolar,3.131757826,0.02587603994132736,0.02587603994132736,1.1150233324839751,FALSE,FALSE
1989-02-19,circumpolar,3.118482711,0.01614694207278066,0.01614694207278066,1.1150233324839751,FALSE,FALSE
1989-02-20,circumpolar,3.093550638,-0.01023131874551275,0.01023131874551275,1.1150233324839751,FALSE,FALSE
1989-02-21,circumpolar,3.150884282,0.04043672651619046,0.04043672651619046,1.1150233324839751,FALSE,FALSE
1989-02-22,circumpolar,3.203329204,0.08103777469745,0.08103777469745,1.1150233324839751,FALSE,FALSE
1989-02-23,circumpolar,3.200610476,0.0615165463197167,0.0615165463197167,1.1150233324839751,FALSE,FALSE
1989-02-24,circumpolar,3.211010313,0.05037813187314066,0.05037813187314066,1.1150233324839751,FALSE,FALSE
1989-02-25,circumpolar,3.243901179,0.05721787084788543,0.05721787084788543,1.1150233324839751,FALSE,FALSE
1989-02-26,circumpolar,3.299760278,0.08273584273410206,0.08273584273410206,1.1150233324839751,FALSE,FALSE
1989-02-27,circumpolar,3.388057282,0.13662459502195023,0.13662459502195023,1.1150233324839751,FALSE,FALSE
1989-02-28,circumpolar,3.431191373,0.14150618520158442,0.14150618520158442,1.1150233324839751,FALSE,FALSE
1989-03-01,circumpolar,3.496534117,0.16497505476316343,0.16497505476316343,1.1150233324839751,FALSE,FALSE
1989-03-02,circumpolar,3.564468461,0.18763702619683853,0.18763702619683853,1.1150233324839751,FALSE,FALSE
1989-03-03,circumpolar,3.639595017,0.21431558699277575,0.21431558699277575,1.1150233324839751,FALSE,FALSE
1989-03-04,circumpolar,3.711030574,0.2343504016411253,0.2343504016411253,1.1150233324839751,FALSE,FALSE
1989-03-05,circumpolar,3.728618125,0.19780733234550052,0.19780733234550052,1.1150233324839751,FALSE,FALSE
1989-03-06,circumpolar,3.739426738,0.15195493115532033,0.15195493115532033,1.1150233324839751,FALSE,FALSE
1989-03-07,circumpolar,3.784806501,0.1382666369408212,0.1382666369408212,1.1150233324839751,FALSE,FALSE
1989-03-08,circumpolar,3.802251032,0.09434395131897322,0.09434395131897322,1.1150233324839751,FALSE,FALSE
1989-03-09,circumpolar,3.816506232,0.04504065890673958,0.04504065890673958,1.1150233324839751,FALSE,FALSE
1989-03-10,circumpolar,3.787938602,-0.04916885567890849,0.04916885567890849,1.1150233324839751,FALSE,FALSE
1989-03-11,circumpolar,3.856202148,-0.04852270282100024,0.04852270282100024,1.1150233324839751,FALSE,FALSE
1989-03-12,circumpolar,3.933868985,-0.04034088390257251,0.04034088390257251,1.1150233324839751,FALSE,FALSE
1989-03-13,circumpolar,4.021515261,-0.02393936730665657,0.02393936730665657,1.1150233324839751,FALSE,FALSE
1989-03-14,circumpolar,4.136622769,0.01827152358371719,0.01827152358371719,1.1150233324839751,FALSE,FALSE
1989-03-15,circumpolar,4.230737454,0.0379456173855166,0.0379456173855166,1.1150233324839751,FALSE,FALSE
1989-03-16,circumpolar,4.296548262,0.02787974371570634,0.02787974371570634,1.1150233324839751,FALSE,FALSE
1989-03-17,circumpolar,4.310893177,-0.03498022980873916,0.03498022980873916,1.1150233324839751,FALSE,FALSE
1989-03-18,circumpolar,4.354338877,-0.0699610325814044,0.0699610325814044,1.1150233324839751,FALSE,FALSE
1989-03-19,circumpolar,4.415984348,-0.08788932879613132,0.08788932879613132,1.1150233324839751,FALSE,FALSE
1989-03-20,circumpolar,4.485073978,-0.09948010688586706,0.09948010688586706,1.1150233324839751,FALSE,FALSE
1989-03-21,circumpolar,4.589556615,-0.07674548317010643,0.07674548317010643,1.1150233324839751,FALSE,FALSE
1989-03-22,circumpolar,4.668364137,-0.08071454396831523,0.08071454396831523,1.1150233324839751,FALSE,FALSE
1989-03-23,circumpolar,4.736543477,-0.0963013205999772,0.0963013205999772,1.1150233324839751,FALSE,FALSE
1989-03-24,circumpolar,4.817388061,-0.10017335138457106,0.10017335138457106,1.1150233324839751,FALSE,FALSE
1989-03-25,circumpolar,4.929272034,-0.0739174556415696,0.0739174556415696,1.1150233324839751,FALSE,FALSE
1989-03-26,circumpolar,5.035830259,-0.05385973469046057,0.05385973469046057,1.1150233324839751,FALSE,FALSE
1989-03-27,circumpolar,5.11033098,-0.06669290885071355,0.06669290885071355,1.1150233324839751,FALSE,FALSE
1989-03-28,circumpolar,5.156791031,-0.10836110844180792,0.10836110844180792,1.1150233324839751,FALSE,FALSE
1989-03-29,circumpolar,5.177537545,-0.17649816478322933,0.17649816478322933,1.1150233324839751,FALSE,FALSE
1989-03-30,circumpolar,5.199324632,-0.24431093219444744,0.24431093219444744,1.1150233324839751,FALSE,FALSE
1989-03-31,circumpolar,5.24710156,-0.28682096057743145,0.28682096057743145,1.1150233324839751,FALSE,FALSE
1989-04-01,circumpolar,5.330143353,-0.2947779038434222,0.2947779038434222,1.1150233324839751,FALSE,FALSE
1989-04-02,circumpolar,5.40853135,-0.30814341098583053,0.30814341098583053,1.1150233324839751,FALSE,FALSE
1989-04-03,circumpolar,5.462983914,-0.3462421221349947,0.3462421221349947,1.1150233324839751,FALSE,FALSE
1989-04-04,circumpolar,5.528306234,-0.3743118514212469,0.3743118514212469,1.1150233324839751,FALSE,FALSE
1989-04-05,circumpolar,5.597880806,-0.39901310597492934,0.39901310597492934,1.1150233324839751,FALSE,FALSE
1989-04-06,circumpolar,5.667645162,-0.42445135692636793,0.42445135692636793,1.1150233324839751,FALSE,FALSE
1989-04-07,circumpolar,5.738944376,-0.44932453340591394,0.44932453340591394,1.1150233324839751,FALSE,FALSE
1989-04-08,circumpolar,5.812526355,-0.472927731543896,0.472927731543896,1.1150233324839751,FALSE,FALSE
1989-04-09,circumpolar,5.871510049,-0.5121850044706573,0.5121850044706573,1.1150233324839751,FALSE,FALSE
1989-04-10,circumpolar,5.943436522,-0.5395982913165289,0.5395982913165289,1.1150233324839751,FALSE,FALSE
1989-04-11,circumpolar,6.034649222,-0.5488671472118547,0.5488671472118547,1.1150233324839751,FALSE,FALSE
1989-04-12,circumpolar,6.129833531,-0.5553485667196174,0.5553485667196174,1.1150233324839751,FALSE,FALSE
1989-04-13,circumpolar,6.249377153,-0.5386525668014768,0.5386525668014768,1.1150233324839751,FALSE,FALSE
1989-04-14,circumpolar,6.300218031,-0.5917653110608629,0.5917653110608629,1.1150233324839751,FALSE,FALSE
1989-04-15,circumpolar,6.423902599,-0.5730575961906199,0.5730575961906199,1.1150233324839751,FALSE,FALSE
1989-04-16,circumpolar,6.557884108,-0.5449934018835618,0.5449934018835618,1.1150233324839751,FALSE,FALSE
1989-04-17,circumpolar,6.680848484,-0.5288040328325323,0.5288040328325323,1.1150233324839751,FALSE,FALSE
1989-04-18,circumpolar,6.80017702,-0.5170254267303678,0.5170254267303678,1.1150233324839751,FALSE,FALSE
1989-04-19,circumpolar,6.959802405,-0.4656421252699072,0.4656421252699072,1.1150233324839751,FALSE,FALSE
1989-04-20,circumpolar,7.097206593,-0.4370894051439631,0.4370894051439631,1.1150233324839751,FALSE,FALSE
1989-04-21,circumpolar,7.214293284,-0.42938079704539334,0.42938079704539334,1.1150233324839751,FALSE,FALSE
1989-04-22,circumpolar,7.31562798,-0.4378680296670208,0.4378680296670208,1.1150233324839751,FALSE,FALSE
1989-04-23,circumpolar,7.401938251,-0.46174076370167505,0.46174076370167505,1.1150233324839751,FALSE,FALSE
1989-04-24,circumpolar,7.474970252,-0.4991700748422039,0.4991700748422039,1.1150233324839751,FALSE,FALSE
1989-04-25,circumpolar,7.630006969,-0.45479370935786534,0.45479370935786534,1.1150233324839751,FALSE,FALSE
1989-04-26,circumpolar,7.758652764,-0.4369612936087437,0.4369612936087437,1.1150233324839751,FALSE,FALSE
1989-04-27,circumpolar,7.877251889,-0.42930094146522,0.42930094146522,1.1150233324839751,FALSE,FALSE
1989-04-28,circumpolar,8.052672262,-0.36491729438442455,0.36491729438442455,1.1150233324839751,FALSE,FALSE
1989-04-29,circumpolar,8.180145306,-0.34855148882350484,0.34855148882350484,1.1150233324839751,FALSE,FALSE
1989-04-30,circumpolar,8.353028707,-0.28681839823960686,0.28681839823960686,1.1150233324839751,FALSE,FALSE
1989-05-01,circumpolar,8.58648613,-0.16452691708986933,0.16452691708986933,1.1150233324839751,FALSE,FALSE
1989-05-02,circumpolar,8.744865421,-0.11730175883144511,0.11730175883144511,1.1150233324839751,FALSE,FALSE
1989-05-03,circumpolar,8.853278994,-0.12000306892145753,0.12000306892145753,1.1150233324839751,FALSE,FALSE
1989-05-04,circumpolar,8.96721983,-0.11711042581706366,0.11711042581706366,1.1150233324839751,FALSE,FALSE
1989-05-05,circumpolar,9.108664368,-0.08661994997540745,0.08661994997540745,1.1150233324839751,FALSE,FALSE
1989-05-06,circumpolar,9.204619264,-0.1014975448536184,0.1014975448536184,1.1150233324839751,FALSE,FALSE
1989-05-07,circumpolar,9.369094264,-0.0477060389018451,0.0477060389018451,1.1150233324839751,FALSE,FALSE
1989-05-08,circumpolar,9.540480908,0.01316517460324817,0.01316517460324817,1.1150233324839751,FALSE,FALSE
1989-05-09,circumpolar,9.70833931,0.07067302959808508,0.07067302959808508,1.1150233324839751,FALSE,FALSE
1989-05-10,circumpolar,9.842033774,0.09417498962100446,0.09417498962100446,1.1150233324839751,FALSE,FALSE
1989-05-11,circumpolar,9.983530108,0.12563002221031994,0.12563002221031994,1.1150233324839751,FALSE,FALSE
1989-05-12,circumpolar,10.11384853,0.14605150490437246,0.14605150490437246,1.1150233324839751,FALSE,FALSE
1989-05-13,circumpolar,10.22812745,0.15057100724147965,0.15057100724147965,1.1150233324839751,FALSE,FALSE
1989-05-14,circumpolar,10.35386636,0.1666811807599764,0.1666811807599764,1.1150233324839751,FALSE,FALSE
1989-05-15,circumpolar,10.50346479,0.20677471499818975,0.20677471499818975,1.1150233324839751,FALSE,FALSE
1989-05-16,circumpolar,10.68658455,0.28050657949443547,0.28050657949443547,1.1150233324839751,FALSE,FALSE
1989-05-17,circumpolar,10.75954957,0.24419386378705,0.24419386378705,1.1150233324839751,FALSE,FALSE
1989-05-18,circumpolar,10.89211136,0.26758123741437423,0.26758123741437423,1.1150233324839751,FALSE,FALSE
1989-05-19,circumpolar,11.01578799,0.28217992991471696,0.28217992991471696,1.1150233324839751,FALSE,FALSE
1989-05-20,circumpolar,11.13798204,0.2953868138638853,0.2953868138638853,1.1150233324839751,FALSE,FALSE
1989-05-21,circumpolar,11.24932401,0.2978473567287363,0.2978473567287363,1.1150233324839751,FALSE,FALSE
1989-05-22,circumpolar,11.39829497,0.33807565929325456,0.33807565929325456,1.1150233324839751,FALSE,FALSE
1989-05-23,circumpolar,11.53628478,0.3674952200766217,0.3674952200766217,1.1150233324839751,FALSE,FALSE
1989-05-24,circumpolar,11.61999702,0.34284325759800005,0.34284325759800005,1.1150233324839751,FALSE,FALSE
1989-05-25,circumpolar,11.74965988,0.36438160037658207,0.36438160037658207,1.1150233324839751,FALSE,FALSE
1989-05-26,circumpolar,11.87654606,0.38341658693153846,0.38341658693153846,1.1150233324839751,FALSE,FALSE
1989-05-27,circumpolar,12.02999885,0.4293251457820339,0.4293251457820339,1.1150233324839751,FALSE,FALSE
1989-05-28,circumpolar,12.15922795,0.451350615447252,0.451350615447252,1.1150233324839751,FALSE,FALSE
1989-05-29,circumpolar,12.33617172,0.5214649944463758,0.5214649944463758,1.1150233324839751,FALSE,FALSE
1989-05-30,circumpolar,12.36653449,0.44540625129857503,0.44540625129857503,1.1150233324839751,FALSE,FALSE
1989-05-31,circumpolar,12.35326429,0.3261560545230129,0.3261560545230129,1.1150233324839751,FALSE,FALSE
1989-06-01,circumpolar,12.45199748,0.31938440263889056,0.31938440263889056,1.1150233324839751,FALSE,FALSE
1989-06-02,circumpolar,12.53977309,0.3021528521964143,0.3021528521964143,1.1150233324839751,FALSE,FALSE
1989-06-03,circumpolar,12.66166962,0.3195131340509221,0.3195131340509221,1.1150233324839751,FALSE,FALSE
1989-06-04,circumpolar,12.73848193,0.2922196738466045,0.2922196738466045,1.1150233324839751,FALSE,FALSE
1989-06-05,circumpolar,12.81718653,0.2672085467215126,0.2672085467215126,1.1150233324839751,FALSE,FALSE
1989-06-06,circumpolar,12.85903922,0.20569511781368277,0.20569511781368277,1.1150233324839751,FALSE,FALSE
1989-06-07,circumpolar,12.96369166,0.2072906122611435,0.2072906122611435,1.1150233324839751,FALSE,FALSE
1989-06-08,circumpolar,13.01107899,0.1518897352019284,0.1518897352019284,1.1150233324839751,FALSE,FALSE
1989-06-09,circumpolar,13.13699423,0.17524507177407145,0.17524507177407145,1.1150233324839751,FALSE,FALSE
1989-06-10,circumpolar,13.32670235,0.2625811571155978,0.2625811571155978,1.1150233324839751,FALSE,FALSE
1989-06-11,circumpolar,13.46088795,0.2945421563645656,0.2945421563645656,1.1150233324839751,FALSE,FALSE
1989-06-12,circumpolar,13.57254911,0.3040857146589868,0.3040857146589868,1.1150233324839751,FALSE,FALSE
1989-06-13,circumpolar,13.67149854,0.3009841071368946,0.3009841071368946,1.1150233324839751,FALSE,FALSE
1989-06-14,circumpolar,13.77068209,0.298144579356757,0.298144579356757,1.1150233324839751,FALSE,FALSE
1989-06-15,circumpolar,13.91874906,0.34425851940100394,0.34425851940100394,1.1150233324839751,FALSE,FALSE
1989-06-16,circumpolar,14.12858597,0.4523652338439934,0.4523652338439934,1.1150233324839751,FALSE,FALSE
1989-06-17,circumpolar,14.19482763,0.4172603395546109,0.4172603395546109,1.1150233324839751,FALSE,FALSE
1989-06-18,circumpolar,14.30047578,0.4221063834017116,0.4221063834017116,1.1150233324839751,FALSE,FALSE
1989-06-19,circumpolar,14.44375024,0.46528399225418937,0.46528399225418937,1.1150233324839751,FALSE,FALSE
1989-06-20,circumpolar,14.55531337,0.477616332980908,0.477616332980908,1.1150233324839751,FALSE,FALSE
1989-06-21,circumpolar,14.62744261,0.45154165245074296,0.45154165245074296,1.1150233324839751,FALSE,FALSE
1989-06-22,circumpolar,14.6980567,0.4251394975325553,0.4251394975325553,1.1150233324839751,FALSE,FALSE
1989-06-23,circumpolar,14.68396913,0.3153841650952298,0.3153841650952298,1.1150233324839751,FALSE,FALSE
1989-06-24,circumpolar,14.74685724,0.2841138020076439,0.2841138020076439,1.1150233324839751,FALSE,FALSE
1989-06-25,circumpolar,14.81848896,0.2632571451386525,0.2632571451386525,1.1150233324839751,FALSE,FALSE
1989-06-26,circumpolar,14.93080182,0.284912531357147,0.284912531357147,1.1150233324839751,FALSE,FALSE
1989-06-27,circumpolar,15.01692527,0.2823421928456913,0.2823421928456913,1.1150233324839751,FALSE,FALSE
1989-06-28,circumpolar,15.07269708,0.2513049130963303,0.2513049130963303,1.1150233324839751,FALSE,FALSE
1989-06-29,circumpolar,15.1105448,0.2040524901621481,0.2040524901621481,1.1150233324839751,FALSE,FALSE
1989-06-30,circumpolar,15.2224164,0.23235664457567395,0.23235664457567395,1.1150233324839751,FALSE,FALSE
1989-07-01,circumpolar,15.29684285,0.22457209686946733,0.22457209686946733,1.1150233324839751,FALSE,FALSE
1989-07-02,circumpolar,15.28596773,0.13266617757606625,0.13266617757606625,1.1150233324839751,FALSE,FALSE
1989-07-03,circumpolar,15.27673864,0.04341023722803783,0.04341023722803783,1.1150233324839751,FALSE,FALSE
1989-07-04,circumpolar,15.35048442,0.03795686635791817,0.03795686635791817,1.1150233324839751,FALSE,FALSE
1989-07-05,circumpolar,15.36747045,-0.02360480450174407,0.02360480450174407,1.1150233324839751,FALSE,FALSE
1989-07-06,circumpolar,15.41275098,-0.05639677481840266,0.05639677481840266,1.1150233324839751,FALSE,FALSE
1989-07-07,circumpolar,15.45219205,-0.0947292540595015,0.0947292540595015,1.1150233324839751,FALSE,FALSE
1989-07-08,circumpolar,15.41690082,-0.2076713316924987,0.2076713316924987,1.1150233324839751,FALSE,FALSE
1989-07-09,circumpolar,15.45009993,-0.2521762041909579,0.2521762041909579,1.1150233324839751,FALSE,FALSE
1989-07-10,circumpolar,15.46820612,-0.3119226426294883,0.3119226426294883,1.1150233324839751,FALSE,FALSE
1989-07-11,circumpolar,15.5642428,-0.29380695799954104,0.29380695799954104,1.1150233324839751,FALSE,FALSE
1989-07-12,circumpolar,15.63137496,-0.3045606178823661,0.3045606178823661,1.1150233324839751,FALSE,FALSE
1989-07-13,circumpolar,15.72225317,-0.2914295098591406,0.2914295098591406,1.1150233324839751,FALSE,FALSE
1989-07-14,circumpolar,15.7671183,-0.32406922151109185,0.32406922151109185,1.1150233324839751,FALSE,FALSE
1989-07-15,circumpolar,15.82206801,-0.3462785504194148,0.3462785504194148,1.1150233324839751,FALSE,FALSE
1989-07-16,circumpolar,15.9237447,-0.32131155416533375,0.32131155416533375,1.1150233324839751,FALSE,FALSE
1989-07-17,circumpolar,15.97395732,-0.3472557403300591,0.3472557403300591,1.1150233324839751,FALSE,FALSE
1989-07-18,circumpolar,16.06496892,-0.3317445164947692,0.3317445164947692,1.1150233324839751,FALSE,FALSE
1989-07-19,circumpolar,16.19020487,-0.28124897024070705,0.28124897024070705,1.1150233324839751,FALSE,FALSE
1989-07-20,circumpolar,16.32819551,-0.21713521914906408,0.21713521914906408,1.1150233324839751,FALSE,FALSE
1989-07-21,circumpolar,16.42474079,-0.19349977080105776,0.19349977080105776,1.1150233324839751,FALSE,FALSE
1989-07-22,circumpolar,16.39026827,-0.29981440471951615,0.29981440471951615,1.1150233324839751,FALSE,FALSE
1989-07-23,circumpolar,16.49989274,-0.26090344784360653,0.26090344784360653,1.1150233324839751,FALSE,FALSE
1989-07-24,circumpolar,16.59869054,-0.23165867244981797,0.23165867244981797,1.1150233324839751,FALSE,FALSE
1989-07-25,circumpolar,16.66431354,-0.23439697854173505,0.23439697854173505,1.1150233324839751,FALSE,FALSE
1989-07-26,circumpolar,16.69514034,-0.27070853612291046,0.27070853612291046,1.1150233324839751,FALSE,FALSE
1989-07-27,circumpolar,16.73806655,-0.2936665051969243,0.2936665051969243,1.1150233324839751,FALSE,FALSE
1989-07-28,circumpolar,16.86128468,-0.23504714576735353,0.23504714576735353,1.1150233324839751,FALSE,FALSE
1989-07-29,circumpolar,17.01114326,-0.14847069783776234,0.14847069783776234,1.1150233324839751,FALSE,FALSE
1989-07-30,circumpolar,17.0598377,-0.1617105214117167,0.1617105214117167,1.1150233324839751,FALSE,FALSE
1989-07-31,circumpolar,17.08630647,-0.19579691649280664,0.19579691649280664,1.1150233324839751,FALSE,FALSE
1989-08-01,circumpolar,17.19605455,-0.1451936730846093,0.1451936730846093,1.1150233324839751,FALSE,FALSE
1989-08-02,circumpolar,17.27173829,-0.12721321119066786,0.12721321119066786,1.1150233324839751,FALSE,FALSE
1989-08-03,circumpolar,17.23192798,-0.22325401137723588,0.22325401137723588,1.1150233324839751,FALSE,FALSE
1989-08-04,circumpolar,17.24767176,-0.2622518940620999,0.2622518940620999,1.1150233324839751,FALSE,FALSE
1989-08-05,circumpolar,17.13674623,-0.4264690153250861,0.4264690153250861,1.1150233324839751,FALSE,FALSE
1989-08-06,circumpolar,17.37566936,-0.23943851298776408,0.23943851298776408,1.1150233324839751,FALSE,FALSE
1989-08-07,circumpolar,17.45905544,-0.2065972048717235,0.2065972048717235,1.1150233324839751,FALSE,FALSE
1989-08-08,circumpolar,17.47354941,-0.24135125879856645,0.24135125879856645,1.1150233324839751,FALSE,FALSE
1989-08-09,circumpolar,17.55382248,-0.209080572589869,0.209080572589869,1.1150233324839751,FALSE,FALSE
1989-08-10,circumpolar,17.58391157,-0.2257993340672364,0.2257993340672364,1.1150233324839751,FALSE,FALSE
1989-08-11,circumpolar,17.6866253,-0.1687500310522516,0.1687500310522516,1.1150233324839751,FALSE,FALSE
1989-08-12,circumpolar,17.75233782,-0.1476096213665059,0.1476096213665059,1.1150233324839751,FALSE,FALSE
1989-08-13,circumpolar,17.78635958,-0.15711876283157622,0.15711876283157622,1.1150233324839751,FALSE,FALSE
1989-08-14,circumpolar,17.83954805,-0.14647109326906005,0.14647109326906005,1.1150233324839751,FALSE,FALSE
1989-08-15,circumpolar,17.91786469,-0.10975626050056064,0.10975626050056064,1.1150233324839751,FALSE,FALSE
1989-08-16,circumpolar,18.00161315,-0.06672084377735032,0.06672084377735032,1.1150233324839751,FALSE,FALSE
1989-08-17,circumpolar,18.11827134,0.01008895082216199,0.01008895082216199,1.1150233324839751,FALSE,FALSE
1989-08-18,circumpolar,18.11128966,-0.03587070419462179,0.03587070419462179,1.1150233324839751,FALSE,FALSE
1989-08-19,circumpolar,18.04636449,-0.13889601834856435,0.13889601834856435,1.1150233324839751,FALSE,FALSE
1989-08-20,circumpolar,18.02121181,-0.20126360116048048,0.20126360116048048,1.1150233324839751,FALSE,FALSE
1989-08-21,circumpolar,18.00047663,-0.2583210321512084,0.2583210321512084,1.1150233324839751,FALSE,FALSE
1989-08-22,circumpolar,18.02194866,-0.272271190841586,0.272271190841586,1.1150233324839751,FALSE,FALSE
1989-08-23,circumpolar,18.05820068,-0.2705338867524567,0.2705338867524567,1.1150233324839751,FALSE,FALSE
1989-08-24,circumpolar,18.13665813,-0.22567626940465144,0.22567626940465144,1.1150233324839751,FALSE,FALSE
1989-08-25,circumpolar,18.18803245,-0.20697948831899993,0.20697948831899993,1.1150233324839751,FALSE,FALSE
1989-08-26,circumpolar,18.21852052,-0.2082392530163588,0.2082392530163588,1.1150233324839751,FALSE,FALSE
1989-08-27,circumpolar,18.29553346,-0.16203703301754757,0.16203703301754757,1.1150233324839751,FALSE,FALSE
1989-08-28,circumpolar,18.38916978,-0.0982669078434064,0.0982669078434064,1.1150233324839751,FALSE,FALSE
1989-08-29,circumpolar,18.4841519,-0.03219813747800515,0.03219813747800515,1.1150233324839751,FALSE,FALSE
1989-08-30,circumpolar,18.5286334,-0.01566329401722654,0.01566329401722654,1.1150233324839751,FALSE,FALSE
1989-08-31,circumpolar,18.52122636,-0.05003437255337317,0.05003437255337317,1.1150233324839751,FALSE,FALSE
1989-09-01,circumpolar,18.51438386,-0.08284236445323145,0.08284236445323145,1.1150233324839751,FALSE,FALSE
1989-09-02,circumpolar,18.4316456,-0.1905316410836164,0.1905316410836164,1.1150233324839751,FALSE,FALSE
1989-09-03,circumpolar,18.42400239,-0.22209546381132128,0.22209546381132128,1.1150233324839751,FALSE,FALSE
1989-09-04,circumpolar,18.48148609,-0.1874860440031441,0.1874860440031441,1.1150233324839751,FALSE,FALSE
1989-09-05,circumpolar,18.4824189,-0.2083652530259208,0.2083652530259208,1.1150233324839751,FALSE,FALSE
1989-09-06,circumpolar,18.52050237,-0.1910156122464031,0.1910156122464031,1.1150233324839751,FALSE,FALSE
1989-09-07,circumpolar,18.49512098,-0.2360367130314387,0.2360367130314387,1.1150233324839751,FALSE,FALSE
1989-09-08,circumpolar,18.47842118,-0.2712661767478117,0.2712661767478117,1.1150233324839751,FALSE,FALSE
1989-09-09,circumpolar,18.46154382,-0.3055472247623321,0.3055472247623321,1.1150233324839751,FALSE,FALSE
1989-09-10,circumpolar,18.43837135,-0.3449814545599281,0.3449814545599281,1.1150233324839751,FALSE,FALSE
1989-09-11,circumpolar,18.454234370000002,-0.34422004648133253,0.34422004648133253,1.1150233324839751,FALSE,FALSE
1989-09-12,circumpolar,18.44853134,-0.36384221822479645,0.36384221822479645,1.1150233324839751,FALSE,FALSE
1989-09-13,circumpolar,18.43709575,-0.38799172551604855,0.38799172551604855,1.1150233324839751,FALSE,FALSE
1989-09-14,circumpolar,18.4269028,-0.4096706140808664,0.4096706140808664,1.1150233324839751,FALSE,FALSE
1989-09-15,circumpolar,18.42187759,-0.4249310296450197,0.4249310296450197,1.1150233324839751,FALSE,FALSE
1989-09-16,circumpolar,18.44178963,-0.41398070793425035,0.41398070793425035,1.1150233324839751,FALSE,FALSE
1989-09-17,circumpolar,18.42468825,-0.438747564674312,0.438747564674312,1.1150233324839751,FALSE,FALSE
1989-09-18,circumpolar,18.41574472,-0.4540375755909807,0.4540375755909807,1.1150233324839751,FALSE,FALSE
1989-09-19,circumpolar,18.46560368,-0.4091833464099963,0.4091833464099963,1.1150233324839751,FALSE,FALSE
1989-09-20,circumpolar,18.47973496,-0.3986922928571488,0.3986922928571488,1.1150233324839751,FALSE,FALSE
1989-09-21,circumpolar,18.52192686,-0.358753360658163,0.358753360658163,1.1150233324839751,FALSE,FALSE
1989-09-22,circumpolar,18.57556426,-0.30595891553880605,0.30595891553880605,1.1150233324839751,FALSE,FALSE
1989-09-23,circumpolar,18.52780587,-0.3531282739715387,0.3531282739715387,1.1150233324839751,FALSE,FALSE
1989-09-24,circumpolar,18.464889199999998,-0.4140103112005136,0.4140103112005136,1.1150233324839751,FALSE,FALSE
1989-09-25,circumpolar,18.42988827,-0.4455224630292953,0.4455224630292953,1.1150233324839751,FALSE,FALSE
1989-09-26,circumpolar,18.37798195,-0.4924773864069678,0.4924773864069678,1.1150233324839751,FALSE,FALSE
1989-09-27,circumpolar,18.31613158,-0.5479052682826477,0.5479052682826477,1.1150233324839751,FALSE,FALSE
1989-09-28,circumpolar,18.28953214,-0.5666026556054327,0.5666026556054327,1.1150233324839751,FALSE,FALSE
1989-09-29,circumpolar,18.23077953,-0.6159651753244404,0.6159651753244404,1.1150233324839751,FALSE,FALSE
1989-09-30,circumpolar,18.22650798,-0.6093501243887616,0.6093501243887616,1.1150233324839751,FALSE,FALSE
1989-10-01,circumpolar,18.21670807,-0.6067584497474954,0.6067584497474954,1.1150233324839751,FALSE,FALSE
1989-10-02,circumpolar,18.24535192,-0.5642095583497522,0.5642095583497522,1.1150233324839751,FALSE,FALSE
1989-10-03,circumpolar,18.25367027,-0.5404642371446293,0.5404642371446293,1.1150233324839751,FALSE,FALSE
1989-10-04,circumpolar,18.25433687,-0.5228402630812319,0.5228402630812319,1.1150233324839751,FALSE,FALSE
1989-10-05,circumpolar,18.323157900000002,-0.4355229803974723,0.4355229803974723,1.1150233324839751,FALSE,FALSE
1989-10-06,circumpolar,18.37029852,-0.3683354737875284,0.3683354737875284,1.1150233324839751,FALSE,FALSE
1989-10-07,circumpolar,18.34871622,-0.3682988510060774,0.3682988510060774,1.1150233324839751,FALSE,FALSE
1989-10-08,circumpolar,18.33982667,-0.3539742749192456,0.3539742749192456,1.1150233324839751,FALSE,FALSE
1989-10-09,circumpolar,18.35351029,-0.31545815839314884,0.31545815839314884,1.1150233324839751,FALSE,FALSE
1989-10-10,circumpolar,18.40796251,-0.23453190429388115,0.23453190429388115,1.1150233324839751,FALSE,FALSE
1989-10-11,circumpolar,18.43467638,-0.1796792954875812,0.1796792954875812,1.1150233324839751,FALSE,FALSE
1989-10-12,circumpolar,18.38769903,-0.196830034840378,0.196830034840378,1.1150233324839751,FALSE,FALSE
1989-10-13,circumpolar,18.37772828,-0.17526313521834425,0.17526313521834425,1.1150233324839751,FALSE,FALSE
1989-10-14,circumpolar,18.37998011,-0.13973944948763517,0.13973944948763517,1.1150233324839751,FALSE,FALSE
1989-10-15,circumpolar,18.42839574,-0.05629459051434438,0.05629459051434438,1.1150233324839751,FALSE,FALSE
1989-10-16,circumpolar,18.39888787,-0.04899269116459592,0.04899269116459592,1.1150233324839751,FALSE,FALSE
1989-10-17,circumpolar,18.37546677,-0.03380031430451069,0.03380031430451069,1.1150233324839751,FALSE,FALSE
1989-10-18,circumpolar,18.31482144,-0.05400566572464882,0.05400566572464882,1.1150233324839751,FALSE,FALSE
1989-10-19,circumpolar,18.28648442,-0.04006133202063111,0.04006133202063111,1.1150233324839751,FALSE,FALSE
1989-10-20,circumpolar,18.19938574,-0.08302998219873814,0.08302998219873814,1.1150233324839751,FALSE,FALSE
1989-10-21,circumpolar,18.28896716,0.05253714153333533,0.05253714153333533,1.1150233324839751,FALSE,FALSE
1989-10-22,circumpolar,18.21723831,0.02865666696788693,0.02865666696788693,1.1150233324839751,FALSE,FALSE
1989-10-23,circumpolar,18.19227566,0.05341206189721959,0.05341206189721959,1.1150233324839751,FALSE,FALSE
1989-10-24,circumpolar,18.09310469,0.00583580411365147,0.00583580411365147,1.1150233324839751,FALSE,FALSE
1989-10-25,circumpolar,18.06550508,0.03171457140946998,0.03171457140946998,1.1150233324839751,FALSE,FALSE
1989-10-26,circumpolar,17.96405878,-0.01436268842302013,0.01436268842302013,1.1150233324839751,FALSE,FALSE
1989-10-27,circumpolar,17.85119949,-0.06995527759149311,0.06995527759149311,1.1150233324839751,FALSE,FALSE
1989-10-28,circumpolar,17.69533207,-0.16665133830366585,0.16665133830366585,1.1150233324839751,FALSE,FALSE
1989-10-29,circumpolar,17.54992082,-0.25097957276723193,0.25097957276723193,1.1150233324839751,FALSE,FALSE
1989-10-30,circumpolar,17.45452451,-0.2833742131898802,0.2833742131898802,1.1150233324839751,FALSE,FALSE
1989-10-31,circumpolar,17.35501868,-0.31793006350346786,0.31793006350346786,1.1150233324839751,FALSE,FALSE
1989-11-01,circumpolar,17.28900958,-0.3168996886861031,0.3168996886861031,1.1150233324839751,FALSE,FALSE
1989-11-02,circumpolar,17.27345735,-0.26314750635517825,0.26314750635517825,1.1150233324839751,FALSE,FALSE
1989-11-03,circumpolar,17.21804659,-0.24681346491883005,0.24681346491883005,1.1150233324839751,FALSE,FALSE
1989-11-04,circumpolar,17.19091854,-0.19958087278516956,0.19958087278516956,1.1150233324839751,FALSE,FALSE
1989-11-05,circumpolar,17.09498806,-0.2183594183623221,0.2183594183623221,1.1150233324839751,FALSE,FALSE
1989-11-06,circumpolar,17.05848937,-0.17473943005841264,0.17473943005841264,1.1150233324839751,FALSE,FALSE
1989-11-07,circumpolar,17.01331008,-0.1366578462815724,0.1366578462815724,1.1150233324839751,FALSE,FALSE
1989-11-08,circumpolar,16.95214059,-0.1112488154399074,0.1112488154399074,1.1150233324839751,FALSE,FALSE
1989-11-09,circumpolar,16.85027908,-0.12303870594156052,0.12303870594156052,1.1150233324839751,FALSE,FALSE
1989-11-10,circumpolar,16.793366,-0.08621161619463535,0.08621161619463535,1.1150233324839751,FALSE,FALSE
1989-11-11,circumpolar,16.67359517,-0.1083982746072678,0.1083982746072678,1.1150233324839751,FALSE,FALSE
1989-11-12,circumpolar,16.58677995,-0.093611171363289,0.093611171363289,1.1150233324839751,FALSE,FALSE
1989-11-13,circumpolar,16.51088562,-0.0637828895776984,0.0637828895776984,1.1150233324839751,FALSE,FALSE
1989-11-14,circumpolar,16.46525915,4.274271726423251e-4,4.274271726423251e-4,1.1150233324839751,FALSE,FALSE
1989-11-15,circumpolar,16.36641798,0.01552217643117259,0.01552217643117259,1.1150233324839751,FALSE,FALSE
1989-11-16,circumpolar,16.2292088,-0.0036669942586478,0.0036669942586478,1.1150233324839751,FALSE,FALSE
1989-11-17,circumpolar,16.09895658,-0.01183015735336923,0.01183015735336923,1.1150233324839751,FALSE,FALSE
1989-11-18,circumpolar,16.00187377,0.01723009469044711,0.01723009469044711,1.1150233324839751,FALSE,FALSE
1989-11-19,circumpolar,15.84763698,-0.00682467058373781,0.00682467058373781,1.1150233324839751,FALSE,FALSE
1989-11-20,circumpolar,15.64859394,-0.07166176563247362,0.07166176563247362,1.1150233324839751,FALSE,FALSE
1989-11-21,circumpolar,15.55807751,-0.02396337291231631,0.02396337291231631,1.1150233324839751,FALSE,FALSE
1989-11-22,circumpolar,15.47919978,0.03936755512019196,0.03936755512019196,1.1150233324839751,FALSE,FALSE
1989-11-23,circumpolar,15.31825715,0.02461237600848953,0.02461237600848953,1.1150233324839751,FALSE,FALSE
1989-11-24,circumpolar,15.19628499,0.05279141729603864,0.05279141729603864,1.1150233324839751,FALSE,FALSE
1989-11-25,circumpolar,15.10154696,0.11216080372019556,0.11216080372019556,1.1150233324839751,FALSE,FALSE
1989-11-26,circumpolar,14.95770084,0.12643427460669798,0.12643427460669798,1.1150233324839751,FALSE,FALSE
1989-11-27,circumpolar,14.80872864,0.13968172600639228,0.13968172600639228,1.1150233324839751,FALSE,FALSE
1989-11-28,circumpolar,14.58565912,0.08302004579655886,0.08302004579655886,1.1150233324839751,FALSE,FALSE
1989-11-29,circumpolar,14.41391504,0.08196012185445056,0.08196012185445056,1.1150233324839751,FALSE,FALSE
1989-11-30,circumpolar,14.2485117,0.09160538205733992,0.09160538205733992,1.1150233324839751,FALSE,FALSE
1989-12-01,circumpolar,14.03996626,0.06256111428248623,0.06256111428248623,1.1150233324839751,FALSE,FALSE
1989-12-02,circumpolar,13.81200993,0.01864665640715834,0.01864665640715834,1.1150233324839751,FALSE,FALSE
1989-12-03,circumpolar,13.65138544,0.0466928663086108,0.0466928663086108,1.1150233324839751,FALSE,FALSE
1989-12-04,circumpolar,13.43007857,0.01877365186411772,0.01877365186411772,1.1150233324839751,FALSE,FALSE
1989-12-05,circumpolar,13.25292178,0.03980960095093877,0.03980960095093877,1.1150233324839751,FALSE,FALSE
1989-12-06,circumpolar,12.97330976,-0.03671646855366362,0.03671646855366362,1.1150233324839751,FALSE,FALSE
1989-12-07,circumpolar,12.71486253,-0.08709690309300555,0.08709690309300555,1.1150233324839751,FALSE,FALSE
1989-12-08,circumpolar,12.41598035,-0.17299726203859225,0.17299726203859225,1.1150233324839751,FALSE,FALSE
1989-12-09,circumpolar,12.19018863,-0.18132802688007033,0.18132802688007033,1.1150233324839751,FALSE,FALSE
1989-12-10,circumpolar,11.9496698,-0.20039732700933577,0.20039732700933577,1.1150233324839751,FALSE,FALSE
1989-12-11,circumpolar,11.71679212,-0.20832746181829265,0.20832746181829265,1.1150233324839751,FALSE,FALSE
1989-12-12,circumpolar,11.42878348,-0.2683811006988428,0.2683811006988428,1.1150233324839751,FALSE,FALSE
1989-12-13,circumpolar,11.12915685,-0.33753583304288526,0.33753583304288526,1.1150233324839751,FALSE,FALSE
1989-12-14,circumpolar,10.82260896,-0.41158548824232,0.41158548824232,1.1150233324839751,FALSE,FALSE
1989-12-15,circumpolar,10.53789723,-0.4622632056890499,0.4622632056890499,1.1150233324839751,FALSE,FALSE
1989-12-16,circumpolar,10.16367104,-0.6014101647749612,0.6014101647749612,1.1150233324839751,FALSE,FALSE
1989-12-17,circumpolar,9.760890933,-0.7685563818919707,0.7685563818919707,1.1150233324839751,FALSE,FALSE
1989-12-18,circumpolar,9.481613191,-0.8121361344319773,0.8121361344319773,1.1150233324839751,FALSE,FALSE
1989-12-19,circumpolar,9.253121944,-0.8053558517868726,0.8053558517868726,1.1150233324839751,FALSE,FALSE
1989-12-20,circumpolar,9.034652982,-0.7894687203075659,0.7894687203075659,1.1150233324839751,FALSE,FALSE
1989-12-21,circumpolar,8.822885472,-0.7682595184153858,0.7682595184153858,1.1150233324839751,FALSE,FALSE
1989-12-22,circumpolar,8.64970502,-0.7102866053180712,0.7102866053180712,1.1150233324839751,FALSE,FALSE
1989-12-23,circumpolar,8.478928402,-0.6521766134363052,0.6521766134363052,1.1150233324839751,FALSE,FALSE
1989-12-24,circumpolar,8.329542159,-0.5753864101907791,0.5753864101907791,1.1150233324839751,FALSE,FALSE
1989-12-25,circumpolar,8.160963313,-0.5209423820021595,0.5209423820021595,1.1150233324839751,FALSE,FALSE
1989-12-26,circumpolar,7.942420613,-0.5200591882911505,0.5200591882911505,1.1150233324839751,FALSE,FALSE
1989-12-27,circumpolar,7.737357094,-0.5097372024784033,0.5097372024784033,1.1150233324839751,FALSE,FALSE
1989-12-28,circumpolar,7.576368132,-0.4598244569846299,0.4598244569846299,1.1150233324839751,FALSE,FALSE
1989-12-29,circumpolar,7.475926726,-0.354291361230481,0.354291361230481,1.1150233324839751,FALSE,FALSE
1989-12-30,circumpolar,7.407161147,-0.2224530526366628,0.2224530526366628,1.1150233324839751,FALSE,FALSE
1989-12-31,circumpolar,7.262686403,-0.17213793162386004,0.17213793162386004,1.1150233324839751,FALSE,FALSE
1990-01-01,circumpolar,7.105258702,-0.14103319861273267,0.14103319861273267,1.1150233324839751,FALSE,FALSE
1990-01-02,circumpolar,6.961758703,-0.1025841795692708,0.1025841795692708,1.1150233324839751,FALSE,FALSE
1990-01-03,circumpolar,6.838961685,-0.04987188664061204,0.04987188664061204,1.1150233324839751,FALSE,FALSE
1990-01-04,circumpolar,6.719076623,-4.262125191800692e-4,4.262125191800692e-4,1.1150233324839751,FALSE,FALSE
1990-01-05,circumpolar,6.595322965,0.03923342310261368,0.03923342310261368,1.1150233324839751,FALSE,FALSE
1990-01-06,circumpolar,6.445936193,0.04760363453231875,0.04760363453231875,1.1150233324839751,FALSE,FALSE
1990-01-07,circumpolar,6.354193145,0.1082223920775096,0.1082223920775096,1.1150233324839751,FALSE,FALSE
1990-01-08,circumpolar,6.205031238,0.1062882450457714,0.1062882450457714,1.1150233324839751,FALSE,FALSE
1990-01-09,circumpolar,6.051457512,0.09506936574465996,0.09506936574465996,1.1150233324839751,FALSE,FALSE
1990-01-10,circumpolar,5.920627308,0.10198222748176632,0.10198222748176632,1.1150233324839751,FALSE,FALSE
1990-01-11,circumpolar,5.822063045,0.13681038156464087,0.13681038156464087,1.1150233324839751,FALSE,FALSE
1990-01-12,circumpolar,5.719612368,0.1636626053008694,0.1636626053008694,1.1150233324839751,FALSE,FALSE
1990-01-13,circumpolar,5.583266879,0.1527916329980199,0.1527916329980199,1.1150233324839751,FALSE,FALSE
1990-01-14,circumpolar,5.465429134,0.156857926972914,0.156857926972914,1.1150233324839751,FALSE,FALSE
1990-01-15,circumpolar,5.323949781,0.13385427738685962,0.13385427738685962,1.1150233324839751,FALSE,FALSE
1990-01-16,circumpolar,5.138181859,0.06313083770106598,0.06313083770106598,1.1150233324839751,FALSE,FALSE
1990-01-17,circumpolar,4.910663392,-0.05278642566758318,0.05278642566758318,1.1150233324839751,FALSE,FALSE
1990-01-18,circumpolar,4.724339301,-0.13096464930219565,0.13096464930219565,1.1150233324839751,FALSE,FALSE
1990-01-19,circumpolar,4.61014853,-0.14047694678588218,0.14047694678588218,1.1150233324839751,FALSE,FALSE
1990-01-20,circumpolar,4.526116494,-0.12330996070175448,0.12330996070175448,1.1150233324839751,FALSE,FALSE
1990-01-21,circumpolar,4.436911722,-0.11480721963292684,0.11480721963292684,1.1150233324839751,FALSE,FALSE
1990-01-22,circumpolar,4.327480803,-0.13003419216250656,0.13003419216250656,1.1150233324839751,FALSE,FALSE
1990-01-23,circumpolar,4.262996543,-0.10383012987360551,0.10383012987360551,1.1150233324839751,FALSE,FALSE
1990-01-24,circumpolar,4.183773754,-0.095892278349341,0.095892278349341,1.1150233324839751,FALSE,FALSE
1990-01-25,circumpolar,4.114228898,-0.08181623317281872,0.08181623317281872,1.1150233324839751,FALSE,FALSE
1990-01-26,circumpolar,4.042701849,-0.0732741779271473,0.0732741779271473,1.1150233324839751,FALSE,FALSE
1990-01-27,circumpolar,4.024953879,-0.01450542634189044,0.01450542634189044,1.1150233324839751,FALSE,FALSE
1990-01-28,circumpolar,3.962623693,-0.00379420090531468,0.00379420090531468,1.1150233324839751,FALSE,FALSE
1990-01-29,circumpolar,3.905509773,0.00876725441379377,0.00876725441379377,1.1150233324839751,FALSE,FALSE
1990-01-30,circumpolar,3.824909809,-0.00541399262204533,0.00541399262204533,1.1150233324839751,FALSE,FALSE
1990-01-31,circumpolar,3.733550748,-0.03350161725029244,0.03350161725029244,1.1150233324839751,FALSE,FALSE
1990-02-01,circumpolar,3.696200303,-0.01061852870842949,0.01061852870842949,1.1150233324839751,FALSE,FALSE
1990-02-02,circumpolar,3.667984617,0.01847079376607441,0.01847079376607441,1.1150233324839751,FALSE,FALSE
1990-02-03,circumpolar,3.682041129,0.08701316693575256,0.08701316693575256,1.1150233324839751,FALSE,FALSE
1990-02-04,circumpolar,3.613001064,0.06974919356312625,0.06974919356312625,1.1150233324839751,FALSE,FALSE
1990-02-05,circumpolar,3.54416283,0.05008665941071966,0.05008665941071966,1.1150233324839751,FALSE,FALSE
1990-02-06,circumpolar,3.459264484,0.01187299924106799,0.01187299924106799,1.1150233324839751,FALSE,FALSE
1990-02-07,circumpolar,3.444230011,0.04114157581669753,0.04114157581669753,1.1150233324839751,FALSE,FALSE
1990-02-08,circumpolar,3.425843808,0.06478532308319052,0.06478532308319052,1.1150233324839751,FALSE,FALSE
1990-02-09,circumpolar,3.386588613,0.0652845085389675,0.0652845085389675,1.1150233324839751,FALSE,FALSE
1990-02-10,circumpolar,3.392146303,0.10809777153102472,0.10809777153102472,1.1150233324839751,FALSE,FALSE
1990-02-11,circumpolar,3.35927472,0.10973361431076922,0.10973361431076922,1.1150233324839751,FALSE,FALSE
1990-02-12,circumpolar,3.309554793,0.0915236261295913,0.0915236261295913,1.1150233324839751,FALSE,FALSE
1990-02-13,circumpolar,3.245601572,0.05583351723888175,0.05583351723888175,1.1150233324839751,FALSE,FALSE
1990-02-14,circumpolar,3.230663583,0.06566247389004776,0.06566247389004776,1.1150233324839751,FALSE,FALSE
1990-02-15,circumpolar,3.191030733,0.04705106333447739,0.04705106333447739,1.1150233324839751,FALSE,FALSE
1990-02-16,circumpolar,3.158079586,0.03112650982356646,0.03112650982356646,1.1150233324839751,FALSE,FALSE
1990-02-17,circumpolar,3.135768432,0.02159776360872145,0.02159776360872145,1.1150233324839751,FALSE,FALSE
1990-02-18,circumpolar,3.112534065,0.00665227894132769,0.00665227894132769,1.1150233324839751,FALSE,FALSE
1990-02-19,circumpolar,3.13063554,0.02829977107278081,0.02829977107278081,1.1150233324839751,FALSE,FALSE
1990-02-20,circumpolar,3.101677451,-0.00210450574551268,0.00210450574551268,1.1150233324839751,FALSE,FALSE
1990-02-21,circumpolar,3.060864081,-0.04958347448380929,0.04958347448380929,1.1150233324839751,FALSE,FALSE
1990-02-22,circumpolar,3.062179617,-0.06011181230255014,0.06011181230255014,1.1150233324839751,FALSE,FALSE
1990-02-23,circumpolar,3.097051798,-0.04204213168028348,0.04204213168028348,1.1150233324839751,FALSE,FALSE
1990-02-24,circumpolar,3.128206744,-0.03242543712685952,0.03242543712685952,1.1150233324839751,FALSE,FALSE
1990-02-25,circumpolar,3.135220101,-0.05146320715211461,0.05146320715211461,1.1150233324839751,FALSE,FALSE
1990-02-26,circumpolar,3.156789334,-0.06023510126589793,0.06023510126589793,1.1150233324839751,FALSE,FALSE
1990-02-27,circumpolar,3.196015898,-0.05541678897804969,0.05541678897804969,1.1150233324839751,FALSE,FALSE
1990-02-28,circumpolar,3.236667005,-0.0530181827984153,0.0530181827984153,1.1150233324839751,FALSE,FALSE
1990-03-01,circumpolar,3.259483962,-0.0720751002368365,0.0720751002368365,1.1150233324839751,FALSE,FALSE
1990-03-02,circumpolar,3.296406274,-0.08042516080316142,0.08042516080316142,1.1150233324839751,FALSE,FALSE
1990-03-03,circumpolar,3.326156717,-0.0991227130072243,0.0991227130072243,1.1150233324839751,FALSE,FALSE
1990-03-04,circumpolar,3.356458552,-0.12022162035887483,0.12022162035887483,1.1150233324839751,FALSE,FALSE
1990-03-05,circumpolar,3.411550336,-0.11926045665449968,0.11926045665449968,1.1150233324839751,FALSE,FALSE
1990-03-06,circumpolar,3.443641096,-0.1438307108446799,0.1438307108446799,1.1150233324839751,FALSE,FALSE
1990-03-07,circumpolar,3.512384256,-0.1341556080591788,0.1341556080591788,1.1150233324839751,FALSE,FALSE
1990-03-08,circumpolar,3.532442135,-0.17546494568102666,0.17546494568102666,1.1150233324839751,FALSE,FALSE
1990-03-09,circumpolar,3.600969254,-0.17049631909326068,0.17049631909326068,1.1150233324839751,FALSE,FALSE
1990-03-10,circumpolar,3.709285209,-0.12782224867890868,0.12782224867890868,1.1150233324839751,FALSE,FALSE
1990-03-11,circumpolar,3.705930349,-0.19879450182100025,0.19879450182100025,1.1150233324839751,FALSE,FALSE
1990-03-12,circumpolar,3.908590843,-0.06561902590257285,0.06561902590257285,1.1150233324839751,FALSE,FALSE
1990-03-13,circumpolar,3.970255967,-0.07519866130665687,0.07519866130665687,1.1150233324839751,FALSE,FALSE
1990-03-14,circumpolar,4.033641523,-0.0847097224162825,0.0847097224162825,1.1150233324839751,FALSE,FALSE
1990-03-15,circumpolar,4.144774539,-0.04801729761448303,0.04801729761448303,1.1150233324839751,FALSE,FALSE
1990-03-16,circumpolar,4.245047029,-0.02362148928429341,0.02362148928429341,1.1150233324839751,FALSE,FALSE
1990-03-17,circumpolar,4.318858817,-0.02701458980873905,0.02701458980873905,1.1150233324839751,FALSE,FALSE
1990-03-18,circumpolar,4.373578934,-0.0507209755814042,0.0507209755814042,1.1150233324839751,FALSE,FALSE
1990-03-19,circumpolar,4.49554057,-0.00833310679613141,0.00833310679613141,1.1150233324839751,FALSE,FALSE
1990-03-20,circumpolar,4.65420162,0.06964753511413324,0.06964753511413324,1.1150233324839751,FALSE,FALSE
1990-03-21,circumpolar,4.754590851,0.08828875282989301,0.08828875282989301,1.1150233324839751,FALSE,FALSE
1990-03-22,circumpolar,4.869925877,0.1208471960316846,0.1208471960316846,1.1150233324839751,FALSE,FALSE
1990-03-23,circumpolar,4.972361264,0.13951646640002302,0.13951646640002302,1.1150233324839751,FALSE,FALSE
1990-03-24,circumpolar,5.039120375,0.12155896261542942,0.12155896261542942,1.1150233324839751,FALSE,FALSE
1990-03-25,circumpolar,5.112569711,0.10938022135843006,0.10938022135843006,1.1150233324839751,FALSE,FALSE
1990-03-26,circumpolar,5.217381111,0.1276911173095394,0.1276911173095394,1.1150233324839751,FALSE,FALSE
1990-03-27,circumpolar,5.294517634,0.1174937451492868,0.1174937451492868,1.1150233324839751,FALSE,FALSE
1990-03-28,circumpolar,5.401221463,0.1360693235581918,0.1360693235581918,1.1150233324839751,FALSE,FALSE
1990-03-29,circumpolar,5.516869108,0.16283339821677068,0.16283339821677068,1.1150233324839751,FALSE,FALSE
1990-03-30,circumpolar,5.624031542,0.18039597780555283,0.18039597780555283,1.1150233324839751,FALSE,FALSE
1990-03-31,circumpolar,5.75531929,0.2213967694225687,0.2213967694225687,1.1150233324839751,FALSE,FALSE
1990-04-01,circumpolar,5.89151344,0.2665921831565772,0.2665921831565772,1.1150233324839751,FALSE,FALSE
1990-04-02,circumpolar,6.005206619,0.2885318580141698,0.2885318580141698,1.1150233324839751,FALSE,FALSE
1990-04-03,circumpolar,6.107856687,0.2986306508650056,0.2986306508650056,1.1150233324839751,FALSE,FALSE
1990-04-04,circumpolar,6.2125125,0.30989441457875255,0.30989441457875255,1.1150233324839751,FALSE,FALSE
1990-04-05,circumpolar,6.343519405,0.34662549302507095,0.34662549302507095,1.1150233324839751,FALSE,FALSE
1990-04-06,circumpolar,6.420356215,0.3282596960736317,0.3282596960736317,1.1150233324839751,FALSE,FALSE
1990-04-07,circumpolar,6.490890311,0.30262140159408624,0.30262140159408624,1.1150233324839751,FALSE,FALSE
1990-04-08,circumpolar,6.532663137,0.24720905045610397,0.24720905045610397,1.1150233324839751,FALSE,FALSE
1990-04-09,circumpolar,6.609800143,0.2261050895293426,0.2261050895293426,1.1150233324839751,FALSE,FALSE
1990-04-10,circumpolar,6.714638131,0.2316033176834713,0.2316033176834713,1.1150233324839751,FALSE,FALSE
1990-04-11,circumpolar,6.834842163,0.2513257937881459,0.2513257937881459,1.1150233324839751,FALSE,FALSE
1990-04-12,circumpolar,6.948181964,0.2629998662803823,0.2629998662803823,1.1150233324839751,FALSE,FALSE
1990-04-13,circumpolar,7.037573786,0.24954406619852332,0.24954406619852332,1.1150233324839751,FALSE,FALSE
1990-04-14,circumpolar,7.145445459,0.25346211693913734,0.25346211693913734,1.1150233324839751,FALSE,FALSE
1990-04-15,circumpolar,7.194736747,0.1977765518093806,0.1977765518093806,1.1150233324839751,FALSE,FALSE
1990-04-16,circumpolar,7.288727283,0.18584977311643855,0.18584977311643855,1.1150233324839751,FALSE,FALSE
1990-04-17,circumpolar,7.365854416,0.15620189916746785,0.15620189916746785,1.1150233324839751,FALSE,FALSE
1990-04-18,circumpolar,7.461110398,0.1439079512696324,0.1439079512696324,1.1150233324839751,FALSE,FALSE
1990-04-19,circumpolar,7.584742875,0.15929834473009308,0.15929834473009308,1.1150233324839751,FALSE,FALSE
1990-04-20,circumpolar,7.646627514,0.11233151585603718,0.11233151585603718,1.1150233324839751,FALSE,FALSE
1990-04-21,circumpolar,7.693624992,0.0499509109546068,0.0499509109546068,1.1150233324839751,FALSE,FALSE
1990-04-22,circumpolar,7.792972653,0.03947664333297851,0.03947664333297851,1.1150233324839751,FALSE,FALSE
1990-04-23,circumpolar,8.023776893,0.160097878298326,0.160097878298326,1.1150233324839751,FALSE,FALSE
1990-04-24,circumpolar,8.163531384,0.18939105715779636,0.18939105715779636,1.1150233324839751,FALSE,FALSE
1990-04-25,circumpolar,8.339678275,0.2548775966421353,0.2548775966421353,1.1150233324839751,FALSE,FALSE
1990-04-26,circumpolar,8.471703501,0.27608944339125685,0.27608944339125685,1.1150233324839751,FALSE,FALSE
1990-04-27,circumpolar,8.595200575,0.2886477445347797,0.2886477445347797,1.1150233324839751,FALSE,FALSE
1990-04-28,circumpolar,8.601628858,0.18403930161557547,0.18403930161557547,1.1150233324839751,FALSE,FALSE
1990-04-29,circumpolar,8.702226448,0.1735296531764945,0.1735296531764945,1.1150233324839751,FALSE,FALSE
1990-04-30,circumpolar,8.726322625,0.08647551976039303,0.08647551976039303,1.1150233324839751,FALSE,FALSE
1990-05-01,circumpolar,8.698719198,-0.052293849089871,0.052293849089871,1.1150233324839751,FALSE,FALSE
1990-05-02,circumpolar,8.720019285,-0.14214789483144585,0.14214789483144585,1.1150233324839751,FALSE,FALSE
1990-05-03,circumpolar,8.824451293,-0.14883076992145838,0.14883076992145838,1.1150233324839751,FALSE,FALSE
1990-05-04,circumpolar,8.91888044,-0.16544981581706253,0.16544981581706253,1.1150233324839751,FALSE,FALSE
1990-05-05,circumpolar,8.9943172830000009,-0.200967034975406,0.200967034975406,1.1150233324839751,FALSE,FALSE
1990-05-06,circumpolar,9.109959347,-0.19615746185361793,0.19615746185361793,1.1150233324839751,FALSE,FALSE
1990-05-07,circumpolar,9.211543691,-0.20525661190184508,0.20525661190184508,1.1150233324839751,FALSE,FALSE
1990-05-08,circumpolar,9.286671366,-0.24064436739675088,0.24064436739675088,1.1150233324839751,FALSE,FALSE
1990-05-09,circumpolar,9.343249737,-0.2944165434019137,0.2944165434019137,1.1150233324839751,FALSE,FALSE
1990-05-10,circumpolar,9.396410523,-0.3514482613789962,0.3514482613789962,1.1150233324839751,FALSE,FALSE
1990-05-11,circumpolar,9.475666813,-0.38223327278968,0.38223327278968,1.1150233324839751,FALSE,FALSE
1990-05-12,circumpolar,9.534071908,-0.4337251170956282,0.4337251170956282,1.1150233324839751,FALSE,FALSE
1990-05-13,circumpolar,9.684862589,-0.3926938537585212,0.3926938537585212,1.1150233324839751,FALSE,FALSE
1990-05-14,circumpolar,9.819268532,-0.3679166472400226,0.3679166472400226,1.1150233324839751,FALSE,FALSE
1990-05-15,circumpolar,9.920592037,-0.3760980380018104,0.3760980380018104,1.1150233324839751,FALSE,FALSE
1990-05-16,circumpolar,10.010209,-0.395868970505564,0.395868970505564,1.1150233324839751,FALSE,FALSE
1990-05-17,circumpolar,10.09320931,-0.42214639621295014,0.42214639621295014,1.1150233324839751,FALSE,FALSE
1990-05-18,circumpolar,10.16415126,-0.46037886258562466,0.46037886258562466,1.1150233324839751,FALSE,FALSE
1990-05-19,circumpolar,10.34300061,-0.3906074500852821,0.3906074500852821,1.1150233324839751,FALSE,FALSE
1990-05-20,circumpolar,10.47175774,-0.3708374861361161,0.3708374861361161,1.1150233324839751,FALSE,FALSE
1990-05-21,circumpolar,10.60752047,-0.3439561832712634,0.3439561832712634,1.1150233324839751,FALSE,FALSE
1990-05-22,circumpolar,10.77676182,-0.28345749070674486,0.28345749070674486,1.1150233324839751,FALSE,FALSE
1990-05-23,circumpolar,10.86171522,-0.3070743399233784,0.3070743399233784,1.1150233324839751,FALSE,FALSE
1990-05-24,circumpolar,10.91670858,-0.3604451824019996,0.3604451824019996,1.1150233324839751,FALSE,FALSE
1990-05-25,circumpolar,11.01676995,-0.3685083296234168,0.3685083296234168,1.1150233324839751,FALSE,FALSE
1990-05-26,circumpolar,11.13561978,-0.3575096930684616,0.3575096930684616,1.1150233324839751,FALSE,FALSE
1990-05-27,circumpolar,11.31923202,-0.2814416842179668,0.2814416842179668,1.1150233324839751,FALSE,FALSE
1990-05-28,circumpolar,11.44404769,-0.2638296445527484,0.2638296445527484,1.1150233324839751,FALSE,FALSE
1990-05-29,circumpolar,11.48620513,-0.32850159555362346,0.32850159555362346,1.1150233324839751,FALSE,FALSE
1990-05-30,circumpolar,11.58793466,-0.3331935787014242,0.3331935787014242,1.1150233324839751,FALSE,FALSE
1990-05-31,circumpolar,11.70914164,-0.317966595476987,0.317966595476987,1.1150233324839751,FALSE,FALSE
1990-06-01,circumpolar,11.83967644,-0.29293663736110886,0.29293663736110886,1.1150233324839751,FALSE,FALSE
1990-06-02,circumpolar,11.96954497,-0.2680752678035869,0.2680752678035869,1.1150233324839751,FALSE,FALSE
1990-06-03,circumpolar,12.07945368,-0.26270280594907724,0.26270280594907724,1.1150233324839751,FALSE,FALSE
1990-06-04,circumpolar,12.14973875,-0.29652350615339707,0.29652350615339707,1.1150233324839751,FALSE,FALSE
1990-06-05,circumpolar,12.30013203,-0.2498459532784878,0.2498459532784878,1.1150233324839751,FALSE,FALSE
1990-06-06,circumpolar,12.40964281,-0.24370129218631753,0.24370129218631753,1.1150233324839751,FALSE,FALSE
1990-06-07,circumpolar,12.46968461,-0.2867164377388569,0.2867164377388569,1.1150233324839751,FALSE,FALSE
1990-06-08,circumpolar,12.57404428,-0.28514497479807055,0.28514497479807055,1.1150233324839751,FALSE,FALSE
1990-06-09,circumpolar,12.61470336,-0.3470457982259294,0.3470457982259294,1.1150233324839751,FALSE,FALSE
1990-06-10,circumpolar,12.71211958,-0.35200161288440235,0.35200161288440235,1.1150233324839751,FALSE,FALSE
1990-06-11,circumpolar,12.8106964,-0.355649393635435,0.355649393635435,1.1150233324839751,FALSE,FALSE
1990-06-12,circumpolar,12.99718551,-0.27127788534101427,0.27127788534101427,1.1150233324839751,FALSE,FALSE
1990-06-13,circumpolar,13.16266753,-0.20784690286310512,0.20784690286310512,1.1150233324839751,FALSE,FALSE
1990-06-14,circumpolar,13.29710063,-0.17543688064324314,0.17543688064324314,1.1150233324839751,FALSE,FALSE
1990-06-15,circumpolar,13.44809918,-0.12639136059899592,0.12639136059899592,1.1150233324839751,FALSE,FALSE
1990-06-16,circumpolar,13.60132796,-0.07489277615600543,0.07489277615600543,1.1150233324839751,FALSE,FALSE
1990-06-17,circumpolar,13.73347772,-0.04408957044539008,0.04408957044539008,1.1150233324839751,FALSE,FALSE
1990-06-18,circumpolar,13.88023525,0.00186585340171241,0.00186585340171241,1.1150233324839751,FALSE,FALSE
1990-06-19,circumpolar,14.00507564,0.02660939225418879,0.02660939225418879,1.1150233324839751,FALSE,FALSE
1990-06-20,circumpolar,14.13841593,0.06071889298090838,0.06071889298090838,1.1150233324839751,FALSE,FALSE
1990-06-21,circumpolar,14.21262919,0.03672823245074319,0.03672823245074319,1.1150233324839751,FALSE,FALSE
1990-06-22,circumpolar,14.2407704,-0.0321468024674445,0.0321468024674445,1.1150233324839751,FALSE,FALSE
1990-06-23,circumpolar,14.30801838,-0.06056658490476963,0.06056658490476963,1.1150233324839751,FALSE,FALSE
1990-06-24,circumpolar,14.3830838,-0.07965963799235709,0.07965963799235709,1.1150233324839751,FALSE,FALSE
1990-06-25,circumpolar,14.44285393,-0.11237788486134724,0.11237788486134724,1.1150233324839751,FALSE,FALSE
1990-06-26,circumpolar,14.51462179,-0.1312674986428526,0.1312674986428526,1.1150233324839751,FALSE,FALSE
1990-06-27,circumpolar,14.51669428,-0.2178887971543091,0.2178887971543091,1.1150233324839751,FALSE,FALSE
1990-06-28,circumpolar,14.53816248,-0.28322968690366856,0.28322968690366856,1.1150233324839751,FALSE,FALSE
1990-06-29,circumpolar,14.58982828,-0.3166640298378507,0.3166640298378507,1.1150233324839751,FALSE,FALSE
1990-06-30,circumpolar,14.66463617,-0.3254235854243266,0.3254235854243266,1.1150233324839751,FALSE,FALSE
1990-07-01,circumpolar,14.79389042,-0.27838033313053323,0.27838033313053323,1.1150233324839751,FALSE,FALSE
1990-07-02,circumpolar,14.89741566,-0.2558858924239331,0.2558858924239331,1.1150233324839751,FALSE,FALSE
1990-07-03,circumpolar,14.98543975,-0.24788865277196237,0.24788865277196237,1.1150233324839751,FALSE,FALSE
1990-07-04,circumpolar,15.12472838,-0.1877991736420821,0.1877991736420821,1.1150233324839751,FALSE,FALSE
1990-07-05,circumpolar,15.14447183,-0.24660342450174433,0.24660342450174433,1.1150233324839751,FALSE,FALSE
1990-07-06,circumpolar,15.1139856,-0.3551621548184034,0.3551621548184034,1.1150233324839751,FALSE,FALSE
1990-07-07,circumpolar,15.14988922,-0.39703208405950186,0.39703208405950186,1.1150233324839751,FALSE,FALSE
1990-07-08,circumpolar,15.23717532,-0.3873968316924987,0.3873968316924987,1.1150233324839751,FALSE,FALSE
1990-07-09,circumpolar,15.34036966,-0.3619064741909579,0.3619064741909579,1.1150233324839751,FALSE,FALSE
1990-07-10,circumpolar,15.45059258,-0.3295361826294876,0.3295361826294876,1.1150233324839751,FALSE,FALSE
1990-07-11,circumpolar,15.57418724,-0.2838625179995411,0.2838625179995411,1.1150233324839751,FALSE,FALSE
1990-07-12,circumpolar,15.71405418,-0.22188139788236683,0.22188139788236683,1.1150233324839751,FALSE,FALSE
1990-07-13,circumpolar,15.75295823,-0.2607244498591399,0.2607244498591399,1.1150233324839751,FALSE,FALSE
1990-07-14,circumpolar,15.81980003,-0.2713874915110921,0.2713874915110921,1.1150233324839751,FALSE,FALSE
1990-07-15,circumpolar,15.86225611,-0.30609045041941485,0.30609045041941485,1.1150233324839751,FALSE,FALSE
1990-07-16,circumpolar,15.90194436,-0.34311189416533416,0.34311189416533416,1.1150233324839751,FALSE,FALSE
1990-07-17,circumpolar,15.99805105,-0.32316201033005854,0.32316201033005854,1.1150233324839751,FALSE,FALSE
1990-07-18,circumpolar,16.08493889,-0.31177454649476743,0.31177454649476743,1.1150233324839751,FALSE,FALSE
1990-07-19,circumpolar,16.17198394,-0.2994699002407053,0.2994699002407053,1.1150233324839751,FALSE,FALSE
1990-07-20,circumpolar,16.33183664,-0.21349408914906576,0.21349408914906576,1.1150233324839751,FALSE,FALSE
1990-07-21,circumpolar,16.39964354,-0.21859702080105947,0.21859702080105947,1.1150233324839751,FALSE,FALSE
1990-07-22,circumpolar,16.47675443,-0.2133282447195164,0.2133282447195164,1.1150233324839751,FALSE,FALSE
1990-07-23,circumpolar,16.53215593,-0.2286402578436082,0.2286402578436082,1.1150233324839751,FALSE,FALSE
1990-07-24,circumpolar,16.59980552,-0.23054369244981743,0.23054369244981743,1.1150233324839751,FALSE,FALSE
1990-07-25,circumpolar,16.66774317,-0.2309673485417321,0.2309673485417321,1.1150233324839751,FALSE,FALSE
1990-07-26,circumpolar,16.73057212,-0.2352767561229072,0.2352767561229072,1.1150233324839751,FALSE,FALSE
1990-07-27,circumpolar,16.82713018,-0.20460287519692244,0.20460287519692244,1.1150233324839751,FALSE,FALSE
1990-07-28,circumpolar,16.86655856,-0.2297732657673528,0.2297732657673528,1.1150233324839751,FALSE,FALSE
1990-07-29,circumpolar,16.96534069,-0.1942732678377617,0.1942732678377617,1.1150233324839751,FALSE,FALSE
1990-07-30,circumpolar,17.09744313,-0.12410509141171744,0.12410509141171744,1.1150233324839751,FALSE,FALSE
1990-07-31,circumpolar,17.13791037,-0.1441930164928067,0.1441930164928067,1.1150233324839751,FALSE,FALSE
1990-08-01,circumpolar,17.17903622,-0.16221200308460837,0.16221200308460837,1.1150233324839751,FALSE,FALSE
1990-08-02,circumpolar,17.28810461,-0.11084689119066482,0.11084689119066482,1.1150233324839751,FALSE,FALSE
1990-08-03,circumpolar,17.37619278,-0.07898921137723391,0.07898921137723391,1.1150233324839751,FALSE,FALSE
1990-08-04,circumpolar,17.39705787,-0.11286578406209812,0.11286578406209812,1.1150233324839751,FALSE,FALSE
1990-08-05,circumpolar,17.49355515,-0.06966009532508721,0.06966009532508721,1.1150233324839751,FALSE,FALSE
1990-08-06,circumpolar,17.55348626,-0.06162161298776425,0.06162161298776425,1.1150233324839751,FALSE,FALSE
1990-08-07,circumpolar,17.63248019,-0.03317245487172471,0.03317245487172471,1.1150233324839751,FALSE,FALSE
1990-08-08,circumpolar,17.63790317,-0.07699749879856554,0.07699749879856554,1.1150233324839751,FALSE,FALSE
1990-08-09,circumpolar,17.71936649,-0.04353656258987115,0.04353656258987115,1.1150233324839751,FALSE,FALSE
1990-08-10,circumpolar,17.70507232,-0.10463858406723858,0.10463858406723858,1.1150233324839751,FALSE,FALSE
1990-08-11,circumpolar,17.63513221,-0.22024312105225263,0.22024312105225263,1.1150233324839751,FALSE,FALSE
1990-08-12,circumpolar,17.70183707,-0.1981103713665071,0.1981103713665071,1.1150233324839751,FALSE,FALSE
1990-08-13,circumpolar,17.78131611,-0.1621622328315766,0.1621622328315766,1.1150233324839751,FALSE,FALSE
1990-08-14,circumpolar,17.95183927,-0.03417987326906058,0.03417987326906058,1.1150233324839751,FALSE,FALSE
1990-08-15,circumpolar,17.94241902,-0.0852019305005598,0.0852019305005598,1.1150233324839751,FALSE,FALSE
1990-08-16,circumpolar,17.96187829,-0.1064557037773497,0.1064557037773497,1.1150233324839751,FALSE,FALSE
1990-08-17,circumpolar,18.04282197,-0.06536041917783919,0.06536041917783919,1.1150233324839751,FALSE,FALSE
1990-08-18,circumpolar,18.12113197,-0.02602839419462199,0.02602839419462199,1.1150233324839751,FALSE,FALSE
1990-08-19,circumpolar,18.0842627,-0.10099780834856276,0.10099780834856276,1.1150233324839751,FALSE,FALSE
1990-08-20,circumpolar,18.0243837,-0.19809171116047963,0.19809171116047963,1.1150233324839751,FALSE,FALSE
1990-08-21,circumpolar,18.05267399,-0.20612367215121097,0.20612367215121097,1.1150233324839751,FALSE,FALSE
1990-08-22,circumpolar,18.10181339,-0.19240646084158541,0.19240646084158541,1.1150233324839751,FALSE,FALSE
1990-08-23,circumpolar,17.94192177,-0.38681279675245506,0.38681279675245506,1.1150233324839751,FALSE,FALSE
1990-08-24,circumpolar,18.16103458,-0.2012998194046531,0.2012998194046531,1.1150233324839751,FALSE,FALSE
1990-08-25,circumpolar,18.1970417,-0.1979702383190016,0.1979702383190016,1.1150233324839751,FALSE,FALSE
1990-08-26,circumpolar,18.38314462,-0.04361515301635776,0.04361515301635776,1.1150233324839751,FALSE,FALSE
1990-08-27,circumpolar,18.4896759,0.03210540698245268,0.03210540698245268,1.1150233324839751,FALSE,FALSE
1990-08-28,circumpolar,18.47015535,-0.01728133784340713,0.01728133784340713,1.1150233324839751,FALSE,FALSE
1990-08-29,circumpolar,18.46542932,-0.0509207174780073,0.0509207174780073,1.1150233324839751,FALSE,FALSE
1990-08-30,circumpolar,18.45829408,-0.0860026140172252,0.0860026140172252,1.1150233324839751,FALSE,FALSE
1990-08-31,circumpolar,18.4666919,-0.10456883255337246,0.10456883255337246,1.1150233324839751,FALSE,FALSE
1990-09-01,circumpolar,18.55557811,-0.04164811445323124,0.04164811445323124,1.1150233324839751,FALSE,FALSE
1990-09-02,circumpolar,18.54593036,-0.0762468810836161,0.0762468810836161,1.1150233324839751,FALSE,FALSE
1990-09-03,circumpolar,18.55938684,-0.08671101381132118,0.08671101381132118,1.1150233324839751,FALSE,FALSE
1990-09-04,circumpolar,18.57272933,-0.09624280400314332,0.09624280400314332,1.1150233324839751,FALSE,FALSE
1990-09-05,circumpolar,18.58690123,-0.10388292302592106,0.10388292302592106,1.1150233324839751,FALSE,FALSE
1990-09-06,circumpolar,18.54954432,-0.1619736622464032,0.1619736622464032,1.1150233324839751,FALSE,FALSE
1990-09-07,circumpolar,18.48529292,-0.24586477303143897,0.24586477303143897,1.1150233324839751,FALSE,FALSE
1990-09-08,circumpolar,18.46192974,-0.28775761674781464,0.28775761674781464,1.1150233324839751,FALSE,FALSE
1990-09-09,circumpolar,18.4233566,-0.3437344447623296,0.3437344447623296,1.1150233324839751,FALSE,FALSE
1990-09-10,circumpolar,18.40068746,-0.3826653445599284,0.3826653445599284,1.1150233324839751,FALSE,FALSE
1990-09-11,circumpolar,18.34156154,-0.4568928764813336,0.4568928764813336,1.1150233324839751,FALSE,FALSE
1990-09-12,circumpolar,18.280927,-0.5314465582247969,0.5314465582247969,1.1150233324839751,FALSE,FALSE
1990-09-13,circumpolar,18.37748788,-0.4475995955160492,0.4475995955160492,1.1150233324839751,FALSE,FALSE
1990-09-14,circumpolar,18.38129028,-0.4552831340808652,0.4552831340808652,1.1150233324839751,FALSE,FALSE
1990-09-15,circumpolar,18.42963489,-0.41717372964502175,0.41717372964502175,1.1150233324839751,FALSE,FALSE
1990-09-16,circumpolar,18.47000715,-0.38576318793424846,0.38576318793424846,1.1150233324839751,FALSE,FALSE
1990-09-17,circumpolar,18.53005951,-0.3333763046743101,0.3333763046743101,1.1150233324839751,FALSE,FALSE
1990-09-18,circumpolar,18.6046771,-0.26510519559098,0.26510519559098,1.1150233324839751,FALSE,FALSE
1990-09-19,circumpolar,18.60572871,-0.2690583164099962,0.2690583164099962,1.1150233324839751,FALSE,FALSE
1990-09-20,circumpolar,18.56463926,-0.3137879928571472,0.3137879928571472,1.1150233324839751,FALSE,FALSE
1990-09-21,circumpolar,18.53934295,-0.3413372706581619,0.3413372706581619,1.1150233324839751,FALSE,FALSE
1990-09-22,circumpolar,18.54406886,-0.3374543155388068,0.3374543155388068,1.1150233324839751,FALSE,FALSE
1990-09-23,circumpolar,18.54103823,-0.33989591397153873,0.33989591397153873,1.1150233324839751,FALSE,FALSE
1990-09-24,circumpolar,18.55107128,-0.3278282312005132,0.3278282312005132,1.1150233324839751,FALSE,FALSE
1990-09-25,circumpolar,18.57029048,-0.305120253029294,0.305120253029294,1.1150233324839751,FALSE,FALSE
1990-09-26,circumpolar,18.60376445,-0.2666948864069667,0.2666948864069667,1.1150233324839751,FALSE,FALSE
1990-09-27,circumpolar,18.64836084,-0.21567600828264943,0.21567600828264943,1.1150233324839751,FALSE,FALSE
1990-09-28,circumpolar,18.65826554,-0.19786925560543267,0.19786925560543267,1.1150233324839751,FALSE,FALSE
1990-09-29,circumpolar,18.68810993,-0.15863477532444037,0.15863477532444037,1.1150233324839751,FALSE,FALSE
1990-09-30,circumpolar,18.65470962,-0.18114848438876407,0.18114848438876407,1.1150233324839751,FALSE,FALSE
1990-10-01,circumpolar,18.65829648,-0.165170039747494,0.165170039747494,1.1150233324839751,FALSE,FALSE
1990-10-02,circumpolar,18.63826835,-0.17129312834975252,0.17129312834975252,1.1150233324839751,FALSE,FALSE
1990-10-03,circumpolar,18.65432618,-0.1398083271446282,0.1398083271446282,1.1150233324839751,FALSE,FALSE
1990-10-04,circumpolar,18.59136964,-0.18580749308123143,0.18580749308123143,1.1150233324839751,FALSE,FALSE
1990-10-05,circumpolar,18.57609776,-0.18258312039747435,0.18258312039747435,1.1150233324839751,FALSE,FALSE
1990-10-06,circumpolar,18.55670275,-0.18193124378752756,0.18193124378752756,1.1150233324839751,FALSE,FALSE
1990-10-07,circumpolar,18.5353263,-0.18168877100607617,0.18168877100607617,1.1150233324839751,FALSE,FALSE
1990-10-08,circumpolar,18.5857702,-0.10803074491924748,0.10803074491924748,1.1150233324839751,FALSE,FALSE
1990-10-09,circumpolar,18.55413013,-0.11483831839314718,0.11483831839314718,1.1150233324839751,FALSE,FALSE
1990-10-10,circumpolar,18.55524861,-0.0872458042938824,0.0872458042938824,1.1150233324839751,FALSE,FALSE
1990-10-11,circumpolar,18.48478521,-0.129570465487582,0.129570465487582,1.1150233324839751,FALSE,FALSE
1990-10-12,circumpolar,18.49776484,-0.08676422484037971,0.08676422484037971,1.1150233324839751,FALSE,FALSE
1990-10-13,circumpolar,18.5051657,-0.04782571521834455,0.04782571521834455,1.1150233324839751,FALSE,FALSE
1990-10-14,circumpolar,18.49775259,-0.02196696948763588,0.02196696948763588,1.1150233324839751,FALSE,FALSE
1990-10-15,circumpolar,18.38981094,-0.09487939051434324,0.09487939051434324,1.1150233324839751,FALSE,FALSE
1990-10-16,circumpolar,18.35765208,-0.09022848116459414,0.09022848116459414,1.1150233324839751,FALSE,FALSE
1990-10-17,circumpolar,18.51548572,0.10621863569549106,0.10621863569549106,1.1150233324839751,FALSE,FALSE
1990-10-18,circumpolar,18.45294164,0.08411453427535065,0.08411453427535065,1.1150233324839751,FALSE,FALSE
1990-10-19,circumpolar,18.42415995,0.0976141979793681,0.0976141979793681,1.1150233324839751,FALSE,FALSE
1990-10-20,circumpolar,18.41450729,0.13209156780126108,0.13209156780126108,1.1150233324839751,FALSE,FALSE
1990-10-21,circumpolar,18.31140928,0.07497926153333623,0.07497926153333623,1.1150233324839751,FALSE,FALSE
1990-10-22,circumpolar,18.09958344,-0.08899820303211214,0.08899820303211214,1.1150233324839751,FALSE,FALSE
1990-10-23,circumpolar,18.00016066,-0.13870293810278156,0.13870293810278156,1.1150233324839751,FALSE,FALSE
1990-10-24,circumpolar,18.00647587,-0.0807930158863499,0.0807930158863499,1.1150233324839751,FALSE,FALSE
1990-10-25,circumpolar,17.9895599,-0.04423060859053152,0.04423060859053152,1.1150233324839751,FALSE,FALSE
1990-10-26,circumpolar,17.98713376,0.00871229157698039,0.00871229157698039,1.1150233324839751,FALSE,FALSE
1990-10-27,circumpolar,17.87702278,-0.04413198759149139,0.04413198759149139,1.1150233324839751,FALSE,FALSE
1990-10-28,circumpolar,17.70559262,-0.15639078830366415,0.15639078830366415,1.1150233324839751,FALSE,FALSE
1990-10-29,circumpolar,17.69417687,-0.10672352276723274,0.10672352276723274,1.1150233324839751,FALSE,FALSE
1990-10-30,circumpolar,17.60598746,-0.13191126318987756,0.13191126318987756,1.1150233324839751,FALSE,FALSE
1990-10-31,circumpolar,17.52937819,-0.14357055350346926,0.14357055350346926,1.1150233324839751,FALSE,FALSE
1990-11-01,circumpolar,17.42649153,-0.17941773868610156,0.17941773868610156,1.1150233324839751,FALSE,FALSE
1990-11-02,circumpolar,17.37013412,-0.16647073635517984,0.16647073635517984,1.1150233324839751,FALSE,FALSE
1990-11-03,circumpolar,17.24120655,-0.22365350491882907,0.22365350491882907,1.1150233324839751,FALSE,FALSE
1990-11-04,circumpolar,17.17670867,-0.21379074278516796,0.21379074278516796,1.1150233324839751,FALSE,FALSE
1990-11-05,circumpolar,17.09132769,-0.22201978836232072,0.22201978836232072,1.1150233324839751,FALSE,FALSE
1990-11-06,circumpolar,17.04891839,-0.1843104100584121,0.1843104100584121,1.1150233324839751,FALSE,FALSE
1990-11-07,circumpolar,17.01205866,-0.13790926628157152,0.13790926628157152,1.1150233324839751,FALSE,FALSE
1990-11-08,circumpolar,16.93488498,-0.1285044254399068,0.1285044254399068,1.1150233324839751,FALSE,FALSE
1990-11-09,circumpolar,16.81369241,-0.1596253759415589,0.1596253759415589,1.1150233324839751,FALSE,FALSE
1990-11-10,circumpolar,16.7291363,-0.15044131619463386,0.15044131619463386,1.1150233324839751,FALSE,FALSE
1990-11-11,circumpolar,16.56222676,-0.219766684607265,0.219766684607265,1.1150233324839751,FALSE,FALSE
1990-11-12,circumpolar,16.55199196,-0.12839916136329066,0.12839916136329066,1.1150233324839751,FALSE,FALSE
1990-11-13,circumpolar,16.47355755,-0.10111095957769932,0.10111095957769932,1.1150233324839751,FALSE,FALSE
1990-11-14,circumpolar,16.32196383,-0.14286789282735768,0.14286789282735768,1.1150233324839751,FALSE,FALSE
1990-11-15,circumpolar,16.20829833,-0.14259747356882713,0.14259747356882713,1.1150233324839751,FALSE,FALSE
1990-11-16,circumpolar,16.05163586,-0.1812399342586453,0.1812399342586453,1.1150233324839751,FALSE,FALSE
1990-11-17,circumpolar,16.01570664,-0.09508009735336742,0.09508009735336742,1.1150233324839751,FALSE,FALSE
1990-11-18,circumpolar,15.86575902,-0.11888465530955196,0.11888465530955196,1.1150233324839751,FALSE,FALSE
1990-11-19,circumpolar,15.68311737,-0.17134428058373885,0.17134428058373885,1.1150233324839751,FALSE,FALSE
1990-11-20,circumpolar,15.50903408,-0.21122162563247393,0.21122162563247393,1.1150233324839751,FALSE,FALSE
1990-11-21,circumpolar,15.30831474,-0.27372614291231656,0.27372614291231656,1.1150233324839751,FALSE,FALSE
1990-11-22,circumpolar,15.21507988,-0.22475234487980875,0.22475234487980875,1.1150233324839751,FALSE,FALSE
1990-11-23,circumpolar,14.92636988,-0.367274893991512,0.367274893991512,1.1150233324839751,FALSE,FALSE
1990-11-24,circumpolar,14.7959069,-0.3475866727039616,0.3475866727039616,1.1150233324839751,FALSE,FALSE
1990-11-25,circumpolar,14.60446463,-0.384921526279804,0.384921526279804,1.1150233324839751,FALSE,FALSE
1990-11-26,circumpolar,14.43049639,-0.4007701753933013,0.4007701753933013,1.1150233324839751,FALSE,FALSE
1990-11-27,circumpolar,14.22924458,-0.4398023339936082,0.4398023339936082,1.1150233324839751,FALSE,FALSE
1990-11-28,circumpolar,14.0304604,-0.47217867420344106,0.47217867420344106,1.1150233324839751,FALSE,FALSE
1990-11-29,circumpolar,13.81946142,-0.5124934981455489,0.5124934981455489,1.1150233324839751,FALSE,FALSE
1990-11-30,circumpolar,13.66535931,-0.4915470079426605,0.4915470079426605,1.1150233324839751,FALSE,FALSE
1990-12-01,circumpolar,13.47854054,-0.49886460571751456,0.49886460571751456,1.1150233324839751,FALSE,FALSE
1990-12-02,circumpolar,13.16156069,-0.631802583592842,0.631802583592842,1.1150233324839751,FALSE,FALSE
1990-12-03,circumpolar,12.93276747,-0.6719251036913896,0.6719251036913896,1.1150233324839751,FALSE,FALSE
1990-12-04,circumpolar,12.78432924,-0.6269756781358815,0.6269756781358815,1.1150233324839751,FALSE,FALSE
1990-12-05,circumpolar,12.5439296,-0.6691825790490604,0.6691825790490604,1.1150233324839751,FALSE,FALSE
1990-12-06,circumpolar,12.32681209,-0.6832141385536623,0.6832141385536623,1.1150233324839751,FALSE,FALSE
1990-12-07,circumpolar,12.19934947,-0.6026099630930055,0.6026099630930055,1.1150233324839751,FALSE,FALSE
1990-12-08,circumpolar,12.03296112,-0.5560164920385926,0.5560164920385926,1.1150233324839751,FALSE,FALSE
1990-12-09,circumpolar,11.86412555,-0.5073911068800694,0.5073911068800694,1.1150233324839751,FALSE,FALSE
1990-12-10,circumpolar,11.70034776,-0.4497193670093367,0.4497193670093367,1.1150233324839751,FALSE,FALSE
1990-12-11,circumpolar,11.50241114,-0.42270844181829226,0.42270844181829226,1.1150233324839751,FALSE,FALSE
1990-12-12,circumpolar,11.2141492,-0.4830153806988431,0.4830153806988431,1.1150233324839751,FALSE,FALSE
1990-12-13,circumpolar,11.02773597,-0.4389567130428844,0.4389567130428844,1.1150233324839751,FALSE,FALSE
1990-12-14,circumpolar,10.7967334,-0.43746104824231935,0.43746104824231935,1.1150233324839751,FALSE,FALSE
1990-12-15,circumpolar,10.63334151,-0.36681892568905106,0.36681892568905106,1.1150233324839751,FALSE,FALSE
1990-12-16,circumpolar,10.41329499,-0.3517862147749611,0.3517862147749611,1.1150233324839751,FALSE,FALSE
1990-12-17,circumpolar,10.20451993,-0.32492738489197137,0.32492738489197137,1.1150233324839751,FALSE,FALSE
1990-12-18,circumpolar,9.999374612,-0.2943747134319761,0.2943747134319761,1.1150233324839751,FALSE,FALSE
1990-12-19,circumpolar,9.792256939,-0.26622085678687313,0.26622085678687313,1.1150233324839751,FALSE,FALSE
1990-12-20,circumpolar,9.595146726,-0.22897497630756725,0.22897497630756725,1.1150233324839751,FALSE,FALSE
1990-12-21,circumpolar,9.471064861,-0.12008012941538482,0.12008012941538482,1.1150233324839751,FALSE,FALSE
1990-12-22,circumpolar,9.349680757,-0.01031086831807215,0.01031086831807215,1.1150233324839751,FALSE,FALSE
1990-12-23,circumpolar,9.139370074,0.00826505856369586,0.00826505856369586,1.1150233324839751,FALSE,FALSE
1990-12-24,circumpolar,8.84938776,-0.05554080919077897,0.05554080919077897,1.1150233324839751,FALSE,FALSE
1990-12-25,circumpolar,8.531062028,-0.15084366700216023,0.15084366700216023,1.1150233324839751,FALSE,FALSE
1990-12-26,circumpolar,8.423883546,-0.03859625529115007,0.03859625529115007,1.1150233324839751,FALSE,FALSE
1990-12-27,circumpolar,8.411628829,0.16453453252159633,0.16453453252159633,1.1150233324839751,FALSE,FALSE
1990-12-28,circumpolar,8.223858132,0.1876655430153704,0.1876655430153704,1.1150233324839751,FALSE,FALSE
1990-12-29,circumpolar,8.039574366,0.20935627876951912,0.20935627876951912,1.1150233324839751,FALSE,FALSE
1990-12-30,circumpolar,7.853794902,0.22418070236333687,0.22418070236333687,1.1150233324839751,FALSE,FALSE
1990-12-31,circumpolar,7.643270717,0.20844638237614,0.20844638237614,1.1150233324839751,FALSE,FALSE
1991-01-01,circumpolar,7.468737568,0.2224456673872668,0.2224456673872668,1.1150233324839751,FALSE,FALSE
1991-01-02,circumpolar,7.287404596,0.22306171343072911,0.22306171343072911,1.1150233324839751,FALSE,FALSE
1991-01-03,circumpolar,7.148514946,0.25968137435938754,0.25968137435938754,1.1150233324839751,FALSE,FALSE
1991-01-04,circumpolar,7.006247678,0.2867448424808199,0.2867448424808199,1.1150233324839751,FALSE,FALSE
1991-01-05,circumpolar,6.842002147,0.28591260510261307,0.28591260510261307,1.1150233324839751,FALSE,FALSE
1991-01-06,circumpolar,6.682399635,0.28406707653231944,0.28406707653231944,1.1150233324839751,FALSE,FALSE
1991-01-07,circumpolar,6.594594775,0.34862402207750964,0.34862402207750964,1.1150233324839751,FALSE,FALSE
1991-01-08,circumpolar,6.506730989,0.4079879960457715,0.4079879960457715,1.1150233324839751,FALSE,FALSE
1991-01-09,circumpolar,6.4193751,0.46298695374466,0.46298695374466,1.1150233324839751,FALSE,FALSE
1991-01-10,circumpolar,6.313666378,0.4950212974817658,0.4950212974817658,1.1150233324839751,FALSE,FALSE
1991-01-11,circumpolar,6.1738374,0.48858473656464074,0.48858473656464074,1.1150233324839751,FALSE,FALSE
1991-01-12,circumpolar,6.019858748,0.4639089853008693,0.4639089853008693,1.1150233324839751,FALSE,FALSE
1991-01-13,circumpolar,5.934690225,0.5042149789980197,0.5042149789980197,1.1150233324839751,FALSE,FALSE
1991-01-14,circumpolar,5.781980053,0.473408845972914,0.473408845972914,1.1150233324839751,FALSE,FALSE
1991-01-15,circumpolar,5.65152064,0.4614251363868602,0.4614251363868602,1.1150233324839751,FALSE,FALSE
1991-01-16,circumpolar,5.533319015,0.4582679937010656,0.4582679937010656,1.1150233324839751,FALSE,FALSE
1991-01-17,circumpolar,5.487029844,0.5235800263324171,0.5235800263324171,1.1150233324839751,FALSE,FALSE
1991-01-18,circumpolar,5.412970703,0.5576667526978047,0.5576667526978047,1.1150233324839751,FALSE,FALSE
1991-01-19,circumpolar,5.301045238,0.5504197612141182,0.5504197612141182,1.1150233324839751,FALSE,FALSE
1991-01-20,circumpolar,5.232073975,0.5826475202982451,0.5826475202982451,1.1150233324839751,FALSE,FALSE
1991-01-21,circumpolar,5.125551706,0.573832764367074,0.573832764367074,1.1150233324839751,FALSE,FALSE
1991-01-22,circumpolar,5.055214878,0.5976998828374933,0.5976998828374933,1.1150233324839751,FALSE,FALSE
1991-01-23,circumpolar,5.030089779,0.6632631061263945,0.6632631061263945,1.1150233324839751,FALSE,FALSE
1991-01-24,circumpolar,4.981247575,0.7015815426506595,0.7015815426506595,1.1150233324839751,FALSE,FALSE
1991-01-25,circumpolar,4.865985991,0.6699408598271805,0.6699408598271805,1.1150233324839751,FALSE,FALSE
1991-01-26,circumpolar,4.778186262,0.6622102350728527,0.6622102350728527,1.1150233324839751,FALSE,FALSE
1991-01-27,circumpolar,4.665484757,0.6260254516581094,0.6260254516581094,1.1150233324839751,FALSE,FALSE
1991-01-28,circumpolar,4.567800346,0.6013824520946858,0.6013824520946858,1.1150233324839751,FALSE,FALSE
1991-01-29,circumpolar,4.482298156,0.5855556374137936,0.5855556374137936,1.1150233324839751,FALSE,FALSE
1991-01-30,circumpolar,4.35038158,0.5200577783779541,0.5200577783779541,1.1150233324839751,FALSE,FALSE
1991-01-31,circumpolar,4.2880185730000004,0.5209662077497081,0.5209662077497081,1.1150233324839751,FALSE,FALSE
1991-02-01,circumpolar,4.189035525,0.482216693291571,0.482216693291571,1.1150233324839751,FALSE,FALSE
1991-02-02,circumpolar,4.099098873,0.4495850497660743,0.4495850497660743,1.1150233324839751,FALSE,FALSE
1991-02-03,circumpolar,3.996325421,0.4012974589357525,0.4012974589357525,1.1150233324839751,FALSE,FALSE
1991-02-04,circumpolar,3.931908343,0.3886564725631261,0.3886564725631261,1.1150233324839751,FALSE,FALSE
1991-02-05,circumpolar,3.868878954,0.3748027834107197,0.3748027834107197,1.1150233324839751,FALSE,FALSE
1991-02-06,circumpolar,3.820420957,0.37302947224106786,0.37302947224106786,1.1150233324839751,FALSE,FALSE
1991-02-07,circumpolar,3.736689068,0.3336006328166974,0.3336006328166974,1.1150233324839751,FALSE,FALSE
1991-02-08,circumpolar,3.721071969,0.36001348408319034,0.36001348408319034,1.1150233324839751,FALSE,FALSE
1991-02-09,circumpolar,3.669804659,0.34850055453896767,0.34850055453896767,1.1150233324839751,FALSE,FALSE
1991-02-10,circumpolar,3.692830506,0.4087819745310246,0.4087819745310246,1.1150233324839751,FALSE,FALSE
1991-02-11,circumpolar,3.654040925,0.40449981931076895,0.40449981931076895,1.1150233324839751,FALSE,FALSE
1991-02-12,circumpolar,3.652010274,0.43397910712959087,0.43397910712959087,1.1150233324839751,FALSE,FALSE
1991-02-13,circumpolar,3.652569416,0.4628013612388817,0.4628013612388817,1.1150233324839751,FALSE,FALSE
1991-02-14,circumpolar,3.601230412,0.4362293028900477,0.4362293028900477,1.1150233324839751,FALSE,FALSE
1991-02-15,circumpolar,3.440681555,0.2967018853344774,0.2967018853344774,1.1150233324839751,FALSE,FALSE
1991-02-16,circumpolar,3.430595772,0.30364269582356673,0.30364269582356673,1.1150233324839751,FALSE,FALSE
1991-02-17,circumpolar,3.516616916,0.4024462476087214,0.4024462476087214,1.1150233324839751,FALSE,FALSE
1991-02-18,circumpolar,3.493009833,0.3871280469413274,0.3871280469413274,1.1150233324839751,FALSE,FALSE
1991-02-19,circumpolar,3.432117707,0.3297819380727809,0.3297819380727809,1.1150233324839751,FALSE,FALSE
1991-02-20,circumpolar,3.33216877,0.2283868132544873,0.2283868132544873,1.1150233324839751,FALSE,FALSE
1991-02-21,circumpolar,3.225387805,0.11494024951619064,0.11494024951619064,1.1150233324839751,FALSE,FALSE
1991-02-22,circumpolar,3.170527363,0.04823593369745005,0.04823593369745005,1.1150233324839751,FALSE,FALSE
1991-02-23,circumpolar,3.085822468,-0.0532714616802834,0.0532714616802834,1.1150233324839751,FALSE,FALSE
1991-02-24,circumpolar,3.037272537,-0.12335964412685918,0.12335964412685918,1.1150233324839751,FALSE,FALSE
1991-02-25,circumpolar,3.028900916,-0.15778239215211445,0.15778239215211445,1.1150233324839751,FALSE,FALSE
1991-02-26,circumpolar,2.983490326,-0.2335341092658978,0.2335341092658978,1.1150233324839751,FALSE,FALSE
1991-02-27,circumpolar,2.970620785,-0.28081190197804995,0.28081190197804995,1.1150233324839751,FALSE,FALSE
1991-02-28,circumpolar,2.938158987,-0.35152620079841546,0.35152620079841546,1.1150233324839751,FALSE,FALSE
1991-03-01,circumpolar,2.941356855,-0.3902022072368365,0.3902022072368365,1.1150233324839751,FALSE,FALSE
1991-03-02,circumpolar,2.949103675,-0.4277277598031617,0.4277277598031617,1.1150233324839751,FALSE,FALSE
1991-03-03,circumpolar,2.993232479,-0.43204695100722423,0.43204695100722423,1.1150233324839751,FALSE,FALSE
1991-03-04,circumpolar,2.981287173,-0.4953929993588746,0.4953929993588746,1.1150233324839751,FALSE,FALSE
1991-03-05,circumpolar,3.054069837,-0.4767409556544995,0.4767409556544995,1.1150233324839751,FALSE,FALSE
1991-03-06,circumpolar,3.17787251,-0.40959929684468,0.40959929684468,1.1150233324839751,FALSE,FALSE
1991-03-07,circumpolar,3.207941881,-0.43859798305917863,0.43859798305917863,1.1150233324839751,FALSE,FALSE
1991-03-08,circumpolar,3.333441315,-0.3744657656810269,0.3744657656810269,1.1150233324839751,FALSE,FALSE
1991-03-09,circumpolar,3.384828337,-0.3866372360932604,0.3866372360932604,1.1150233324839751,FALSE,FALSE
1991-03-10,circumpolar,3.476803291,-0.36030416667890863,0.36030416667890863,1.1150233324839751,FALSE,FALSE
1991-03-11,circumpolar,3.669627745,-0.23509710582100007,0.23509710582100007,1.1150233324839751,FALSE,FALSE
1991-03-12,circumpolar,3.852151398,-0.12205847090257248,0.12205847090257248,1.1150233324839751,FALSE,FALSE
1991-03-13,circumpolar,3.895481912,-0.14997271630665665,0.14997271630665665,1.1150233324839751,FALSE,FALSE
1991-03-14,circumpolar,3.969532616,-0.14881862941628254,0.14881862941628254,1.1150233324839751,FALSE,FALSE
1991-03-15,circumpolar,4.05471015,-0.13808168661448317,0.13808168661448317,1.1150233324839751,FALSE,FALSE
1991-03-16,circumpolar,4.173712779,-0.0949557392842939,0.0949557392842939,1.1150233324839751,FALSE,FALSE
1991-03-17,circumpolar,4.288639286,-0.05723412080873835,0.05723412080873835,1.1150233324839751,FALSE,FALSE
1991-03-18,circumpolar,4.424029264,-2.7064558140477146e-4,2.7064558140477146e-4,1.1150233324839751,FALSE,FALSE
1991-03-19,circumpolar,4.518178585,0.01430490820386865,0.01430490820386865,1.1150233324839751,FALSE,FALSE
1991-03-20,circumpolar,4.638997228,0.05444314311413301,0.05444314311413301,1.1150233324839751,FALSE,FALSE
1991-03-21,circumpolar,4.744137078,0.07783497982989296,0.07783497982989296,1.1150233324839751,FALSE,FALSE
1991-03-22,circumpolar,4.86782083,0.1187421490316849,0.1187421490316849,1.1150233324839751,FALSE,FALSE
1991-03-23,circumpolar,5.029441096,0.19659629840002335,0.19659629840002335,1.1150233324839751,FALSE,FALSE
1991-03-24,circumpolar,5.18584153,0.26828011761542925,0.26828011761542925,1.1150233324839751,FALSE,FALSE
1991-03-25,circumpolar,5.307370832,0.3041813423584303,0.3041813423584303,1.1150233324839751,FALSE,FALSE
1991-03-26,circumpolar,5.474105317,0.38441532330953976,0.38441532330953976,1.1150233324839751,FALSE,FALSE
1991-03-27,circumpolar,5.561616383,0.3845924941492864,0.3845924941492864,1.1150233324839751,FALSE,FALSE
1991-03-28,circumpolar,5.650301892,0.3851497525581919,0.3851497525581919,1.1150233324839751,FALSE,FALSE
1991-03-29,circumpolar,5.788294902,0.4342591922167705,0.4342591922167705,1.1150233324839751,FALSE,FALSE
1991-03-30,circumpolar,5.886608711,0.4429731468055529,0.4429731468055529,1.1150233324839751,FALSE,FALSE
1991-03-31,circumpolar,5.95757272,0.42365019942256854,0.42365019942256854,1.1150233324839751,FALSE,FALSE
1991-04-01,circumpolar,5.999919363,0.3749981061565774,0.3749981061565774,1.1150233324839751,FALSE,FALSE
1991-04-02,circumpolar,6.075080942,0.35840618101416943,0.35840618101416943,1.1150233324839751,FALSE,FALSE
1991-04-03,circumpolar,6.22536374,0.41613770386500537,0.41613770386500537,1.1150233324839751,FALSE,FALSE
1991-04-04,circumpolar,6.317620701,0.41500261557875273,0.41500261557875273,1.1150233324839751,FALSE,FALSE
1991-04-05,circumpolar,6.394125994,0.397232082025071,0.397232082025071,1.1150233324839751,FALSE,FALSE
1991-04-06,circumpolar,6.513889213,0.4217926940736314,0.4217926940736314,1.1150233324839751,FALSE,FALSE
1991-04-07,circumpolar,6.613874741,0.4256058315940861,0.4256058315940861,1.1150233324839751,FALSE,FALSE
1991-04-08,circumpolar,6.729848894,0.4443948074561037,0.4443948074561037,1.1150233324839751,FALSE,FALSE
1991-04-09,circumpolar,6.832782902,0.4490878485293424,0.4490878485293424,1.1150233324839751,FALSE,FALSE
1991-04-10,circumpolar,6.906190907,0.4231560936834713,0.4231560936834713,1.1150233324839751,FALSE,FALSE
1991-04-11,circumpolar,6.968763039,0.38524666978814537,0.38524666978814537,1.1150233324839751,FALSE,FALSE
1991-04-12,circumpolar,7.059690942,0.3745088442803821,0.3745088442803821,1.1150233324839751,FALSE,FALSE
1991-04-13,circumpolar,7.201091899,0.4130621791985227,0.4130621791985227,1.1150233324839751,FALSE,FALSE
1991-04-14,circumpolar,7.276978192,0.3849948499391367,0.3849948499391367,1.1150233324839751,FALSE,FALSE
1991-04-15,circumpolar,7.320119248,0.3231590528093804,0.3231590528093804,1.1150233324839751,FALSE,FALSE
1991-04-16,circumpolar,7.361416675,0.2585391651164386,0.2585391651164386,1.1150233324839751,FALSE,FALSE
1991-04-17,circumpolar,7.479222988,0.2695704711674676,0.2695704711674676,1.1150233324839751,FALSE,FALSE
1991-04-18,circumpolar,7.602427062,0.28522461526963294,0.28522461526963294,1.1150233324839751,FALSE,FALSE
1991-04-19,circumpolar,7.686112733,0.26066820273009306,0.26066820273009306,1.1150233324839751,FALSE,FALSE
1991-04-20,circumpolar,7.731043397,0.19674739885603643,0.19674739885603643,1.1150233324839751,FALSE,FALSE
1991-04-21,circumpolar,7.814761685,0.17108760395460632,0.17108760395460632,1.1150233324839751,FALSE,FALSE
1991-04-22,circumpolar,7.905669593,0.1521735833329787,0.1521735833329787,1.1150233324839751,FALSE,FALSE
1991-04-23,circumpolar,8.002651258,0.13897224329832536,0.13897224329832536,1.1150233324839751,FALSE,FALSE
1991-04-24,circumpolar,8.16967537,0.195535043157796,0.195535043157796,1.1150233324839751,FALSE,FALSE
1991-04-25,circumpolar,8.289328657,0.204527978642135,0.204527978642135,1.1150233324839751,FALSE,FALSE
1991-04-26,circumpolar,8.379001759,0.18338770139125593,0.18338770139125593,1.1150233324839751,FALSE,FALSE
1991-04-27,circumpolar,8.524362665,0.21780983453477987,0.21780983453477987,1.1150233324839751,FALSE,FALSE
1991-04-28,circumpolar,8.632837041,0.21524748461557583,0.21524748461557583,1.1150233324839751,FALSE,FALSE
1991-04-29,circumpolar,8.746837018,0.21814022317649595,0.21814022317649595,1.1150233324839751,FALSE,FALSE
1991-04-30,circumpolar,8.880334419,0.24048731376039356,0.24048731376039356,1.1150233324839751,FALSE,FALSE
1991-05-01,circumpolar,9.039141488,0.2881284409101301,0.2881284409101301,1.1150233324839751,FALSE,FALSE
1991-05-02,circumpolar,9.157589998,0.2954228181685554,0.2954228181685554,1.1150233324839751,FALSE,FALSE
1991-05-03,circumpolar,9.253684057,0.2804019940785416,0.2804019940785416,1.1150233324839751,FALSE,FALSE
1991-05-04,circumpolar,9.359957094,0.2756268381829372,0.2756268381829372,1.1150233324839751,FALSE,FALSE
1991-05-05,circumpolar,9.487377396,0.2920930780245925,0.2920930780245925,1.1150233324839751,FALSE,FALSE
1991-05-06,circumpolar,9.540310885,0.2341940761463821,0.2341940761463821,1.1150233324839751,FALSE,FALSE
1991-05-07,circumpolar,9.603816833,0.18701653009815544,0.18701653009815544,1.1150233324839751,FALSE,FALSE
1991-05-08,circumpolar,9.722440065,0.1951243316032496,0.1951243316032496,1.1150233324839751,FALSE,FALSE
1991-05-09,circumpolar,9.909479304,0.2718130235980851,0.2718130235980851,1.1150233324839751,FALSE,FALSE
1991-05-10,circumpolar,9.970881859,0.223023074621004,0.223023074621004,1.1150233324839751,FALSE,FALSE
1991-05-11,circumpolar,10.10465835,0.2467582642103192,0.2467582642103192,1.1150233324839751,FALSE,FALSE
1991-05-12,circumpolar,10.29288629,0.3250892649043724,0.3250892649043724,1.1150233324839751,FALSE,FALSE
1991-05-13,circumpolar,10.332153,0.254596557241479,0.254596557241479,1.1150233324839751,FALSE,FALSE
1991-05-14,circumpolar,10.44490071,0.25771553075997744,0.25771553075997744,1.1150233324839751,FALSE,FALSE
1991-05-15,circumpolar,10.59636484,0.2996747649981888,0.2996747649981888,1.1150233324839751,FALSE,FALSE
1991-05-16,circumpolar,10.72442904,0.3183510694944367,0.3183510694944367,1.1150233324839751,FALSE,FALSE
1991-05-17,circumpolar,10.88430009,0.3689443837870492,0.3689443837870492,1.1150233324839751,FALSE,FALSE
1991-05-18,circumpolar,10.94851133,0.3239812074143753,0.3239812074143753,1.1150233324839751,FALSE,FALSE
1991-05-19,circumpolar,11.03417608,0.30056801991471715,0.30056801991471715,1.1150233324839751,FALSE,FALSE
1991-05-20,circumpolar,11.04318322,0.20058799386388415,0.20058799386388415,1.1150233324839751,FALSE,FALSE
1991-05-21,circumpolar,11.13943302,0.18795636672873609,0.18795636672873609,1.1150233324839751,FALSE,FALSE
1991-05-22,circumpolar,11.20502785,0.14480853929325477,0.14480853929325477,1.1150233324839751,FALSE,FALSE
1991-05-23,circumpolar,11.26475855,0.09596899007662074,0.09596899007662074,1.1150233324839751,FALSE,FALSE
1991-05-24,circumpolar,11.36711486,0.08996109759799964,0.08996109759799964,1.1150233324839751,FALSE,FALSE
1991-05-25,circumpolar,11.47664324,0.09136496037658226,0.09136496037658226,1.1150233324839751,FALSE,FALSE
1991-05-26,circumpolar,11.53794475,0.04481527693153708,0.04481527693153708,1.1150233324839751,FALSE,FALSE
1991-05-27,circumpolar,11.62927954,0.02860583578203446,0.02860583578203446,1.1150233324839751,FALSE,FALSE
1991-05-28,circumpolar,11.73876299,0.03088565544725163,0.03088565544725163,1.1150233324839751,FALSE,FALSE
1991-05-29,circumpolar,11.8562064,0.04149967444637603,0.04149967444637603,1.1150233324839751,FALSE,FALSE
1991-05-30,circumpolar,11.98321866,0.062090421298576,0.062090421298576,1.1150233324839751,FALSE,FALSE
1991-05-31,circumpolar,12.08154206,0.05443382452301293,0.05443382452301293,1.1150233324839751,FALSE,FALSE
1991-06-01,circumpolar,12.10964496,-0.02296811736110804,0.02296811736110804,1.1150233324839751,FALSE,FALSE
1991-06-02,circumpolar,12.1990952,-0.03852503780358596,0.03852503780358596,1.1150233324839751,FALSE,FALSE
1991-06-03,circumpolar,12.25906825,-0.08308823594907722,0.08308823594907722,1.1150233324839751,FALSE,FALSE
1991-06-04,circumpolar,12.32290247,-0.12335978615339548,0.12335978615339548,1.1150233324839751,FALSE,FALSE
1991-06-05,circumpolar,12.42428596,-0.1256920232784875,0.1256920232784875,1.1150233324839751,FALSE,FALSE
1991-06-06,circumpolar,12.51373196,-0.13961214218631746,0.13961214218631746,1.1150233324839751,FALSE,FALSE
1991-06-07,circumpolar,12.6513113,-0.10508974773885704,0.10508974773885704,1.1150233324839751,FALSE,FALSE
1991-06-08,circumpolar,12.82441108,-0.03477817479807044,0.03477817479807044,1.1150233324839751,FALSE,FALSE
1991-06-09,circumpolar,13.01453017,0.05278101177407102,0.05278101177407102,1.1150233324839751,FALSE,FALSE
1991-06-10,circumpolar,13.10591691,0.0417957171155976,0.0417957171155976,1.1150233324839751,FALSE,FALSE
1991-06-11,circumpolar,13.18429727,0.01795147636456562,0.01795147636456562,1.1150233324839751,FALSE,FALSE
1991-06-12,circumpolar,13.28177622,0.01331282465898553,0.01331282465898553,1.1150233324839751,FALSE,FALSE
1991-06-13,circumpolar,13.34432475,-0.02618968286310519,0.02618968286310519,1.1150233324839751,FALSE,FALSE
1991-06-14,circumpolar,13.45114344,-0.02139407064324316,0.02139407064324316,1.1150233324839751,FALSE,FALSE
1991-06-15,circumpolar,13.54182334,-0.03266720059899519,0.03266720059899519,1.1150233324839751,FALSE,FALSE
1991-06-16,circumpolar,13.65867,-0.01755073615600544,0.01755073615600544,1.1150233324839751,FALSE,FALSE
1991-06-17,circumpolar,13.71423004,-0.06333725044538951,0.06333725044538951,1.1150233324839751,FALSE,FALSE
1991-06-18,circumpolar,13.75954801,-0.11882138659828811,0.11882138659828811,1.1150233324839751,FALSE,FALSE
1991-06-19,circumpolar,13.87251274,-0.10595350774581114,0.10595350774581114,1.1150233324839751,FALSE,FALSE
1991-06-20,circumpolar,13.91429005,-0.1634069870190924,0.1634069870190924,1.1150233324839751,FALSE,FALSE
1991-06-21,circumpolar,14.0306371,-0.1452638575492564,0.1452638575492564,1.1150233324839751,FALSE,FALSE
1991-06-22,circumpolar,14.16987056,-0.10304664246744544,0.10304664246744544,1.1150233324839751,FALSE,FALSE
1991-06-23,circumpolar,14.2353963,-0.13318866490477,0.13318866490477,1.1150233324839751,FALSE,FALSE
1991-06-24,circumpolar,14.30683419,-0.15590924799235673,0.15590924799235673,1.1150233324839751,FALSE,FALSE
1991-06-25,circumpolar,14.37779367,-0.17743814486134646,0.17743814486134646,1.1150233324839751,FALSE,FALSE
1991-06-26,circumpolar,14.41149264,-0.2343966486428517,0.2343966486428517,1.1150233324839751,FALSE,FALSE
1991-06-27,circumpolar,14.4811861,-0.2533969771543081,0.2533969771543081,1.1150233324839751,FALSE,FALSE
1991-06-28,circumpolar,14.46507001,-0.3563221569036692,0.3563221569036692,1.1150233324839751,FALSE,FALSE
1991-06-29,circumpolar,14.57283414,-0.333658169837852,0.333658169837852,1.1150233324839751,FALSE,FALSE
1991-06-30,circumpolar,14.61399961,-0.37606014542432575,0.37606014542432575,1.1150233324839751,FALSE,FALSE
1991-07-01,circumpolar,14.70056041,-0.371710343130534,0.371710343130534,1.1150233324839751,FALSE,FALSE
1991-07-02,circumpolar,14.69864444,-0.4546571124239325,0.4546571124239325,1.1150233324839751,FALSE,FALSE
1991-07-03,circumpolar,14.78939216,-0.44393624277196153,0.44393624277196153,1.1150233324839751,FALSE,FALSE
1991-07-04,circumpolar,14.82543737,-0.4870901836420831,0.4870901836420831,1.1150233324839751,FALSE,FALSE
1991-07-05,circumpolar,14.89661236,-0.4944628945017442,0.4944628945017442,1.1150233324839751,FALSE,FALSE
1991-07-06,circumpolar,14.97708369,-0.49206406481840226,0.49206406481840226,1.1150233324839751,FALSE,FALSE
1991-07-07,circumpolar,15.06684565,-0.4800756540595028,0.4800756540595028,1.1150233324839751,FALSE,FALSE
1991-07-08,circumpolar,15.1997237,-0.4248484516924993,0.4248484516924993,1.1150233324839751,FALSE,FALSE
1991-07-09,circumpolar,15.25037511,-0.451901024190958,0.451901024190958,1.1150233324839751,FALSE,FALSE
1991-07-10,circumpolar,15.32823498,-0.4518937826294884,0.4518937826294884,1.1150233324839751,FALSE,FALSE
1991-07-11,circumpolar,15.33397702,-0.5240727379995409,0.5240727379995409,1.1150233324839751,FALSE,FALSE
1991-07-12,circumpolar,15.44406471,-0.49187086788236734,0.49187086788236734,1.1150233324839751,FALSE,FALSE
1991-07-13,circumpolar,15.48933174,-0.5243509398591399,0.5243509398591399,1.1150233324839751,FALSE,FALSE
1991-07-14,circumpolar,15.6213401,-0.4698474215110924,0.4698474215110924,1.1150233324839751,FALSE,FALSE
1991-07-15,circumpolar,15.76826327,-0.4000832904194151,0.4000832904194151,1.1150233324839751,FALSE,FALSE
1991-07-16,circumpolar,15.92752498,-0.31753127416533466,0.31753127416533466,1.1150233324839751,FALSE,FALSE
1991-07-17,circumpolar,15.96523877,-0.35597429033006023,0.35597429033006023,1.1150233324839751,FALSE,FALSE
1991-07-18,circumpolar,16.16700294,-0.22971049649476785,0.22971049649476785,1.1150233324839751,FALSE,FALSE
1991-07-19,circumpolar,16.34937717,-0.12207667024070544,0.12207667024070544,1.1150233324839751,FALSE,FALSE
1991-07-20,circumpolar,16.50249205,-0.04283867914906381,0.04283867914906381,1.1150233324839751,FALSE,FALSE
1991-07-21,circumpolar,16.69881835,0.08057778919894076,0.08057778919894076,1.1150233324839751,FALSE,FALSE
1991-07-22,circumpolar,16.81807989,0.1279972152804838,0.1279972152804838,1.1150233324839751,FALSE,FALSE
1991-07-23,circumpolar,16.81295072,0.05215453215639343,0.05215453215639343,1.1150233324839751,FALSE,FALSE
1991-07-24,circumpolar,16.81991889,-0.01043032244981745,0.01043032244981745,1.1150233324839751,FALSE,FALSE
1991-07-25,circumpolar,16.86081253,-0.03789798854173298,0.03789798854173298,1.1150233324839751,FALSE,FALSE
1991-07-26,circumpolar,16.9564233,-0.00942557612290784,0.00942557612290784,1.1150233324839751,FALSE,FALSE
1991-07-27,circumpolar,16.96055621,-0.07117684519692347,0.07117684519692347,1.1150233324839751,FALSE,FALSE
1991-07-28,circumpolar,16.97433684,-0.1219949857673548,0.1219949857673548,1.1150233324839751,FALSE,FALSE
1991-07-29,circumpolar,17.00584377,-0.15377018783776464,0.15377018783776464,1.1150233324839751,FALSE,FALSE
1991-07-30,circumpolar,17.10708666,-0.1144615614117157,0.1144615614117157,1.1150233324839751,FALSE,FALSE
1991-07-31,circumpolar,17.19235327,-0.08975011649280518,0.08975011649280518,1.1150233324839751,FALSE,FALSE
1991-08-01,circumpolar,17.30347459,-0.03777363308460835,0.03777363308460835,1.1150233324839751,FALSE,FALSE
1991-08-02,circumpolar,17.3491891,-0.04976240119066588,0.04976240119066588,1.1150233324839751,FALSE,FALSE
1991-08-03,circumpolar,17.38375777,-0.07142422137723514,0.07142422137723514,1.1150233324839751,FALSE,FALSE
1991-08-04,circumpolar,17.46403928,-0.04588437406209778,0.04588437406209778,1.1150233324839751,FALSE,FALSE
1991-08-05,circumpolar,17.581324,0.01810875467491257,0.01810875467491257,1.1150233324839751,FALSE,FALSE
1991-08-06,circumpolar,17.7113174,0.09620952701223472,0.09620952701223472,1.1150233324839751,FALSE,FALSE
1991-08-07,circumpolar,17.95695093,0.2912982851282777,0.2912982851282777,1.1150233324839751,FALSE,FALSE
1991-08-08,circumpolar,18.06399054,0.3490898712014321,0.3490898712014321,1.1150233324839751,FALSE,FALSE
1991-08-09,circumpolar,18.14837573,0.3854726774101316,0.3854726774101316,1.1150233324839751,FALSE,FALSE
1991-08-10,circumpolar,18.1976264,0.38791549593276287,0.38791549593276287,1.1150233324839751,FALSE,FALSE
1991-08-11,circumpolar,18.21441393,0.35903859894774826,0.35903859894774826,1.1150233324839751,FALSE,FALSE
1991-08-12,circumpolar,18.19071227,0.29076482863349185,0.29076482863349185,1.1150233324839751,FALSE,FALSE
1991-08-13,circumpolar,18.27799955,0.33452120716842515,0.33452120716842515,1.1150233324839751,FALSE,FALSE
1991-08-14,circumpolar,18.33159243,0.34557328673093934,0.34557328673093934,1.1150233324839751,FALSE,FALSE
1991-08-15,circumpolar,18.44605891,0.4184379594994425,0.4184379594994425,1.1150233324839751,FALSE,FALSE
1991-08-16,circumpolar,18.4067983,0.33846430622264734,0.33846430622264734,1.1150233324839751,FALSE,FALSE
1991-08-17,circumpolar,18.37520714,0.2670247508221628,0.2670247508221628,1.1150233324839751,FALSE,FALSE
1991-08-18,circumpolar,18.24224059,0.09508022580537911,0.09508022580537911,1.1150233324839751,FALSE,FALSE
1991-08-19,circumpolar,18.16654236,-0.01871814834856167,0.01871814834856167,1.1150233324839751,FALSE,FALSE
1991-08-20,circumpolar,18.12517764,-0.09729777116048056,0.09729777116048056,1.1150233324839751,FALSE,FALSE
1991-08-21,circumpolar,18.17372161,-0.08507605215120861,0.08507605215120861,1.1150233324839751,FALSE,FALSE
1991-08-22,circumpolar,18.254418,-0.03980185084158449,0.03980185084158449,1.1150233324839751,FALSE,FALSE
1991-08-23,circumpolar,18.24148638,-0.08724818675245416,0.08724818675245416,1.1150233324839751,FALSE,FALSE
1991-08-24,circumpolar,18.24911646,-0.1132179394046524,0.1132179394046524,1.1150233324839751,FALSE,FALSE
1991-08-25,circumpolar,18.23862353,-0.1563884083189997,0.1563884083189997,1.1150233324839751,FALSE,FALSE
1991-08-26,circumpolar,18.27844242,-0.14831735301635618,0.14831735301635618,1.1150233324839751,FALSE,FALSE
1991-08-27,circumpolar,18.36742303,-0.09014746301754784,0.09014746301754784,1.1150233324839751,FALSE,FALSE
1991-08-28,circumpolar,18.42563339,-0.06180329784340444,0.06180329784340444,1.1150233324839751,FALSE,FALSE
1991-08-29,circumpolar,18.52295909,0.00660905252199484,0.00660905252199484,1.1150233324839751,FALSE,FALSE
1991-08-30,circumpolar,18.50714276,-0.03715393401722622,0.03715393401722622,1.1150233324839751,FALSE,FALSE
1991-08-31,circumpolar,18.39040406,-0.18085667255337157,0.18085667255337157,1.1150233324839751,FALSE,FALSE
1991-09-01,circumpolar,18.29044838,-0.3067778444532294,0.3067778444532294,1.1150233324839751,FALSE,FALSE
1991-09-02,circumpolar,18.24960112,-0.3725761210836147,0.3725761210836147,1.1150233324839751,FALSE,FALSE
1991-09-03,circumpolar,18.28058897,-0.3655088838113194,0.3655088838113194,1.1150233324839751,FALSE,FALSE
1991-09-04,circumpolar,18.34601865,-0.3229534840031434,0.3229534840031434,1.1150233324839751,FALSE,FALSE
1991-09-05,circumpolar,18.31761524,-0.37316891302592126,0.37316891302592126,1.1150233324839751,FALSE,FALSE
1991-09-06,circumpolar,18.39635876,-0.3151592222464039,0.3151592222464039,1.1150233324839751,FALSE,FALSE
1991-09-07,circumpolar,18.52766928,-0.20348841303143672,0.20348841303143672,1.1150233324839751,FALSE,FALSE
1991-09-08,circumpolar,18.6047857,-0.14490165674781252,0.14490165674781252,1.1150233324839751,FALSE,FALSE
1991-09-09,circumpolar,18.61196087,-0.1551301747623306,0.1551301747623306,1.1150233324839751,FALSE,FALSE
1991-09-10,circumpolar,18.57141363,-0.21193917455993017,0.21193917455993017,1.1150233324839751,FALSE,FALSE
1991-09-11,circumpolar,18.45110338,-0.34735103648133503,0.34735103648133503,1.1150233324839751,FALSE,FALSE
1991-09-12,circumpolar,18.64089788,-0.1714756782247946,0.1714756782247946,1.1150233324839751,FALSE,FALSE
1991-09-13,circumpolar,18.65515339,-0.16993408551605071,0.16993408551605071,1.1150233324839751,FALSE,FALSE
1991-09-14,circumpolar,18.65886093,-0.17771248408086748,0.17771248408086748,1.1150233324839751,FALSE,FALSE
1991-09-15,circumpolar,18.66963518,-0.17717343964502064,0.17717343964502064,1.1150233324839751,FALSE,FALSE
1991-09-16,circumpolar,18.66849033,-0.18728000793424823,0.18728000793424823,1.1150233324839751,FALSE,FALSE
1991-09-17,circumpolar,18.63323267,-0.23020314467430936,0.23020314467430936,1.1150233324839751,FALSE,FALSE
1991-09-18,circumpolar,18.7736064,-0.0961758955909815,0.0961758955909815,1.1150233324839751,FALSE,FALSE
1991-09-19,circumpolar,18.85523906,-0.01954796640999845,0.01954796640999845,1.1150233324839751,FALSE,FALSE
1991-09-20,circumpolar,18.91629243,0.03786517714285153,0.03786517714285153,1.1150233324839751,FALSE,FALSE
1991-09-21,circumpolar,18.97040691,0.08972668934183758,0.08972668934183758,1.1150233324839751,FALSE,FALSE
1991-09-22,circumpolar,19.00367947,0.12215629446119536,0.12215629446119536,1.1150233324839751,FALSE,FALSE
1991-09-23,circumpolar,19.01325656,0.13232241602845818,0.13232241602845818,1.1150233324839751,FALSE,FALSE
1991-09-24,circumpolar,19.07063705,0.19173753879948663,0.19173753879948663,1.1150233324839751,FALSE,FALSE
1991-09-25,circumpolar,19.00694436,0.13153362697070392,0.13153362697070392,1.1150233324839751,FALSE,FALSE
1991-09-26,circumpolar,19.09226795,0.2218086135930335,0.2218086135930335,1.1150233324839751,FALSE,FALSE
1991-09-27,circumpolar,19.16282918,0.2987923317173511,0.2987923317173511,1.1150233324839751,FALSE,FALSE
1991-09-28,circumpolar,19.14653184,0.29039704439457026,0.29039704439457026,1.1150233324839751,FALSE,FALSE
1991-09-29,circumpolar,19.11419611,0.26745140467556183,0.26745140467556183,1.1150233324839751,FALSE,FALSE
1991-09-30,circumpolar,19.09734316,0.2614850556112387,0.2614850556112387,1.1150233324839751,FALSE,FALSE
1991-10-01,circumpolar,19.0164573,0.1929907802525044,0.1929907802525044,1.1150233324839751,FALSE,FALSE
1991-10-02,circumpolar,18.94871335,0.13915187165024534,0.13915187165024534,1.1150233324839751,FALSE,FALSE
1991-10-03,circumpolar,18.89105402,0.0969195128553686,0.0969195128553686,1.1150233324839751,FALSE,FALSE
1991-10-04,circumpolar,18.8336211,0.05644396691876707,0.05644396691876707,1.1150233324839751,FALSE,FALSE
1991-10-05,circumpolar,18.83171694,0.07303605960252568,0.07303605960252568,1.1150233324839751,FALSE,FALSE
1991-10-06,circumpolar,18.85839747,0.11976347621247284,0.11976347621247284,1.1150233324839751,FALSE,FALSE
1991-10-07,circumpolar,18.89398167,0.1769665989939213,0.1769665989939213,1.1150233324839751,FALSE,FALSE
1991-10-08,circumpolar,18.94311517,0.2493142250807523,0.2493142250807523,1.1150233324839751,FALSE,FALSE
1991-10-09,circumpolar,18.94507858,0.2761101316068526,0.2761101316068526,1.1150233324839751,FALSE,FALSE
1991-10-10,circumpolar,18.89266483,0.2501704157061191,0.2501704157061191,1.1150233324839751,FALSE,FALSE
1991-10-11,circumpolar,18.81724563,0.2028899545124183,0.2028899545124183,1.1150233324839751,FALSE,FALSE
1991-10-12,circumpolar,18.74878328,0.16425421515962313,0.16425421515962313,1.1150233324839751,FALSE,FALSE
1991-10-13,circumpolar,18.64520124,0.09220982478165496,0.09220982478165496,1.1150233324839751,FALSE,FALSE
1991-10-14,circumpolar,18.55258071,0.03286115051236393,0.03286115051236393,1.1150233324839751,FALSE,FALSE
1991-10-15,circumpolar,18.54234407,0.05765373948565511,0.05765373948565511,1.1150233324839751,FALSE,FALSE
1991-10-16,circumpolar,18.52397976,0.07609919883540428,0.07609919883540428,1.1150233324839751,FALSE,FALSE
1991-10-17,circumpolar,18.46147654,0.05220945569548974,0.05220945569548974,1.1150233324839751,FALSE,FALSE
1991-10-18,circumpolar,18.28349783,-0.08532927572464644,0.08532927572464644,1.1150233324839751,FALSE,FALSE
1991-10-19,circumpolar,18.14431046,-0.18223529202063204,0.18223529202063204,1.1150233324839751,FALSE,FALSE
1991-10-20,circumpolar,18.10319789,-0.17921783219873788,0.17921783219873788,1.1150233324839751,FALSE,FALSE
1991-10-21,circumpolar,18.03294052,-0.2034894984666629,0.2034894984666629,1.1150233324839751,FALSE,FALSE
1991-10-22,circumpolar,17.92994827,-0.25863337303211154,0.25863337303211154,1.1150233324839751,FALSE,FALSE
1991-10-23,circumpolar,17.85017034,-0.2886932581027821,0.2886932581027821,1.1150233324839751,FALSE,FALSE
1991-10-24,circumpolar,17.77810528,-0.3091636058863507,0.3091636058863507,1.1150233324839751,FALSE,FALSE
1991-10-25,circumpolar,17.74978639,-0.28400411859053065,0.28400411859053065,1.1150233324839751,FALSE,FALSE
1991-10-26,circumpolar,17.64394554,-0.3344759284230179,0.3344759284230179,1.1150233324839751,FALSE,FALSE
1991-10-27,circumpolar,17.53559425,-0.3855605175914931,0.3855605175914931,1.1150233324839751,FALSE,FALSE
1991-10-28,circumpolar,17.47508667,-0.38689673830366544,0.38689673830366544,1.1150233324839751,FALSE,FALSE
1991-10-29,circumpolar,17.41395987,-0.3869405227672331,0.3869405227672331,1.1150233324839751,FALSE,FALSE
1991-10-30,circumpolar,17.40516487,-0.3327338531898789,0.3327338531898789,1.1150233324839751,FALSE,FALSE
1991-10-31,circumpolar,17.37768617,-0.29526257350346796,0.29526257350346796,1.1150233324839751,FALSE,FALSE
1991-11-01,circumpolar,17.33140773,-0.2745015386861027,0.2745015386861027,1.1150233324839751,FALSE,FALSE
1991-11-02,circumpolar,17.26398755,-0.2726173063551798,0.2726173063551798,1.1150233324839751,FALSE,FALSE
1991-11-03,circumpolar,17.22488988,-0.239970174918831,0.239970174918831,1.1150233324839751,FALSE,FALSE
1991-11-04,circumpolar,17.20195784,-0.18854157278516936,0.18854157278516936,1.1150233324839751,FALSE,FALSE
1991-11-05,circumpolar,17.18563689,-0.1277105883623193,0.1277105883623193,1.1150233324839751,FALSE,FALSE
1991-11-06,circumpolar,17.08547645,-0.14775235005841125,0.14775235005841125,1.1150233324839751,FALSE,FALSE
1991-11-07,circumpolar,17.05336404,-0.0966038862815708,0.0966038862815708,1.1150233324839751,FALSE,FALSE
1991-11-08,circumpolar,16.94679849,-0.1165909154399074,0.1165909154399074,1.1150233324839751,FALSE,FALSE
1991-11-09,circumpolar,16.91806482,-0.05525296594155904,0.05525296594155904,1.1150233324839751,FALSE,FALSE
1991-11-10,circumpolar,16.85723554,-0.02234207619463291,0.02234207619463291,1.1150233324839751,FALSE,FALSE
1991-11-11,circumpolar,16.76744343,-0.01455001460726634,0.01455001460726634,1.1150233324839751,FALSE,FALSE
1991-11-12,circumpolar,16.65201648,-0.02837464136328904,0.02837464136328904,1.1150233324839751,FALSE,FALSE
1991-11-13,circumpolar,16.52525456,-0.04941394957769773,0.04941394957769773,1.1150233324839751,FALSE,FALSE
1991-11-14,circumpolar,16.41845985,-0.04637187282735766,0.04637187282735766,1.1150233324839751,FALSE,FALSE
1991-11-15,circumpolar,16.29955547,-0.05134033356882739,0.05134033356882739,1.1150233324839751,FALSE,FALSE
1991-11-16,circumpolar,16.16967076,-0.06320503425864743,0.06320503425864743,1.1150233324839751,FALSE,FALSE
1991-11-17,circumpolar,16.05338035,-0.05740638735336745,0.05740638735336745,1.1150233324839751,FALSE,FALSE
1991-11-18,circumpolar,15.91513234,-0.06951133530955289,0.06951133530955289,1.1150233324839751,FALSE,FALSE
1991-11-19,circumpolar,15.75262445,-0.1018372005837378,0.1018372005837378,1.1150233324839751,FALSE,FALSE
1991-11-20,circumpolar,15.51064746,-0.2096082456324737,0.2096082456324737,1.1150233324839751,FALSE,FALSE
1991-11-21,circumpolar,15.36318068,-0.21886020291231745,0.21886020291231745,1.1150233324839751,FALSE,FALSE
1991-11-22,circumpolar,15.12007034,-0.3197618848798083,0.3197618848798083,1.1150233324839751,FALSE,FALSE
1991-11-23,circumpolar,15.01204359,-0.281601183991512,0.281601183991512,1.1150233324839751,FALSE,FALSE
1991-11-24,circumpolar,14.85785269,-0.28564088270396226,0.28564088270396226,1.1150233324839751,FALSE,FALSE
1991-11-25,circumpolar,14.71453882,-0.2748473362798052,0.2748473362798052,1.1150233324839751,FALSE,FALSE
1991-11-26,circumpolar,14.49627911,-0.33498745539330166,0.33498745539330166,1.1150233324839751,FALSE,FALSE
1991-11-27,circumpolar,14.30663641,-0.3624105039936083,0.3624105039936083,1.1150233324839751,FALSE,FALSE
1991-11-28,circumpolar,14.21214067,-0.29049840420344175,0.29049840420344175,1.1150233324839751,FALSE,FALSE
1991-11-29,circumpolar,14.11667022,-0.21528469814554896,0.21528469814554896,1.1150233324839751,FALSE,FALSE
1991-11-30,circumpolar,13.95158469,-0.2053216279426593,0.2053216279426593,1.1150233324839751,FALSE,FALSE
1991-12-01,circumpolar,13.82135746,-0.15604768571751393,0.15604768571751393,1.1150233324839751,FALSE,FALSE
1991-12-02,circumpolar,13.65962598,-0.13373729359284248,0.13373729359284248,1.1150233324839751,FALSE,FALSE
1991-12-03,circumpolar,13.43888833,-0.16580424369139024,0.16580424369139024,1.1150233324839751,FALSE,FALSE
1991-12-04,circumpolar,13.29141053,-0.11989438813588116,0.11989438813588116,1.1150233324839751,FALSE,FALSE
1991-12-05,circumpolar,13.02775537,-0.18535680904906116,0.18535680904906116,1.1150233324839751,FALSE,FALSE
1991-12-06,circumpolar,12.88125572,-0.12877050855366257,0.12877050855366257,1.1150233324839751,FALSE,FALSE
1991-12-07,circumpolar,12.71788839,-0.0840710430930045,0.0840710430930045,1.1150233324839751,FALSE,FALSE
1991-12-08,circumpolar,12.46748542,-0.12149219203859296,0.12149219203859296,1.1150233324839751,FALSE,FALSE
1991-12-09,circumpolar,12.27346143,-0.09805522688007072,0.09805522688007072,1.1150233324839751,FALSE,FALSE
1991-12-10,circumpolar,12.04182301,-0.10824411700933644,0.10824411700933644,1.1150233324839751,FALSE,FALSE
1991-12-11,circumpolar,11.83903475,-0.08608483181829207,0.08608483181829207,1.1150233324839751,FALSE,FALSE
1991-12-12,circumpolar,11.66428651,-0.03287807069884252,0.03287807069884252,1.1150233324839751,FALSE,FALSE
1991-12-13,circumpolar,11.49902628,0.03233359695711613,0.03233359695711613,1.1150233324839751,FALSE,FALSE
1991-12-14,circumpolar,11.2768107,0.04261625175768024,0.04261625175768024,1.1150233324839751,FALSE,FALSE
1991-12-15,circumpolar,11.03137243,0.03121199431094901,0.03121199431094901,1.1150233324839751,FALSE,FALSE
1991-12-16,circumpolar,10.82887112,0.06378991522503874,0.06378991522503874,1.1150233324839751,FALSE,FALSE
1991-12-17,circumpolar,10.40561361,-0.12383370489197176,0.12383370489197176,1.1150233324839751,FALSE,FALSE
1991-12-18,circumpolar,9.9677647,-0.3259846254319765,0.3259846254319765,1.1150233324839751,FALSE,FALSE
1991-12-19,circumpolar,9.705582563,-0.3528952327868726,0.3528952327868726,1.1150233324839751,FALSE,FALSE
1991-12-20,circumpolar,9.469822967,-0.35429873530756595,0.35429873530756595,1.1150233324839751,FALSE,FALSE
1991-12-21,circumpolar,9.26178433,-0.3293606604153858,0.3293606604153858,1.1150233324839751,FALSE,FALSE
1991-12-22,circumpolar,9.055927827,-0.3040637983180723,0.3040637983180723,1.1150233324839751,FALSE,FALSE
1991-12-23,circumpolar,8.885772868,-0.2453321474363044,0.2453321474363044,1.1150233324839751,FALSE,FALSE
1991-12-24,circumpolar,8.615073963,-0.2898546061907794,0.2898546061907794,1.1150233324839751,FALSE,FALSE
1991-12-25,circumpolar,8.356254735,-0.3256509600021591,0.3256509600021591,1.1150233324839751,FALSE,FALSE
1991-12-26,circumpolar,8.252523566,-0.20995623529115015,0.20995623529115015,1.1150233324839751,FALSE,FALSE
1991-12-27,circumpolar,8.167066273,-0.08002802347840365,0.08002802347840365,1.1150233324839751,FALSE,FALSE
1991-12-28,circumpolar,7.917727205,-0.11846538398462948,0.11846538398462948,1.1150233324839751,FALSE,FALSE
1991-12-29,circumpolar,7.703032095,-0.12718599223048077,0.12718599223048077,1.1150233324839751,FALSE,FALSE
1991-12-30,circumpolar,7.352330832,-0.27728336763666306,0.27728336763666306,1.1150233324839751,FALSE,FALSE
1991-12-31,circumpolar,7.087990672,-0.34683366262385995,0.34683366262385995,1.1150233324839751,FALSE,FALSE
1992-01-01,circumpolar,6.94242263,-0.30386927061273283,0.30386927061273283,1.1150233324839751,FALSE,FALSE
1992-01-02,circumpolar,6.752124588,-0.31221829456927086,0.31221829456927086,1.1150233324839751,FALSE,FALSE
1992-01-03,circumpolar,6.596224349,-0.2926092226406123,0.2926092226406123,1.1150233324839751,FALSE,FALSE
1992-01-04,circumpolar,6.430302462,-0.28920037351918015,0.28920037351918015,1.1150233324839751,FALSE,FALSE
1992-01-05,circumpolar,6.203685192,-0.35240434989738656,0.35240434989738656,1.1150233324839751,FALSE,FALSE
1992-01-06,circumpolar,5.861468258,-0.5368643004676805,0.5368643004676805,1.1150233324839751,FALSE,FALSE
1992-01-07,circumpolar,5.798609098,-0.4473616549224904,0.4473616549224904,1.1150233324839751,FALSE,FALSE
1992-01-08,circumpolar,5.718164522,-0.3805784709542284,0.3805784709542284,1.1150233324839751,FALSE,FALSE
1992-01-09,circumpolar,5.60493608,-0.35145206625534,0.35145206625534,1.1150233324839751,FALSE,FALSE
1992-01-10,circumpolar,5.431299025,-0.38734605551823353,0.38734605551823353,1.1150233324839751,FALSE,FALSE
1992-01-11,circumpolar,5.303522117,-0.3817305464353593,0.3817305464353593,1.1150233324839751,FALSE,FALSE
1992-01-12,circumpolar,5.23437899,-0.3215707726991308,0.3215707726991308,1.1150233324839751,FALSE,FALSE
1992-01-13,circumpolar,5.042499376,-0.38797587000197975,0.38797587000197975,1.1150233324839751,FALSE,FALSE
1992-01-14,circumpolar,4.993038054,-0.3155331530270855,0.3155331530270855,1.1150233324839751,FALSE,FALSE
1992-01-15,circumpolar,4.890869487,-0.2992260166131402,0.2992260166131402,1.1150233324839751,FALSE,FALSE
1992-01-16,circumpolar,4.815798468,-0.2592525532989347,0.2592525532989347,1.1150233324839751,FALSE,FALSE
1992-01-17,circumpolar,4.6577159,-0.30573391766758284,0.30573391766758284,1.1150233324839751,FALSE,FALSE
1992-01-18,circumpolar,4.550740591,-0.304563359302195,0.304563359302195,1.1150233324839751,FALSE,FALSE
1992-01-19,circumpolar,4.509781544,-0.24084393278588223,0.24084393278588223,1.1150233324839751,FALSE,FALSE
1992-01-20,circumpolar,4.483007521,-0.1664189337017543,0.1664189337017543,1.1150233324839751,FALSE,FALSE
1992-01-21,circumpolar,4.389708662,-0.16201027963292614,0.16201027963292614,1.1150233324839751,FALSE,FALSE
1992-01-22,circumpolar,4.238766124,-0.2187488711625072,0.2187488711625072,1.1150233324839751,FALSE,FALSE
1992-01-23,circumpolar,4.1968481,-0.16997857287360496,0.16997857287360496,1.1150233324839751,FALSE,FALSE
1992-01-24,circumpolar,4.134532398,-0.14513363434934057,0.14513363434934057,1.1150233324839751,FALSE,FALSE
1992-01-25,circumpolar,4.060574964,-0.13547016717281934,0.13547016717281934,1.1150233324839751,FALSE,FALSE
1992-01-26,circumpolar,3.975338414,-0.1406376129271476,0.1406376129271476,1.1150233324839751,FALSE,FALSE
1992-01-27,circumpolar,3.936730255,-0.10272905034189028,0.10272905034189028,1.1150233324839751,FALSE,FALSE
1992-01-28,circumpolar,3.896231937,-0.07018595690531448,0.07018595690531448,1.1150233324839751,FALSE,FALSE
1992-01-29,circumpolar,3.846631367,-0.05011115158620605,0.05011115158620605,1.1150233324839751,FALSE,FALSE
1992-01-30,circumpolar,3.769951487,-0.0603723146220454,0.0603723146220454,1.1150233324839751,FALSE,FALSE
1992-01-31,circumpolar,3.718293495,-0.04875887025029213,0.04875887025029213,1.1150233324839751,FALSE,FALSE
1992-02-01,circumpolar,3.649792629,-0.05702620270842962,0.05702620270842962,1.1150233324839751,FALSE,FALSE
1992-02-02,circumpolar,3.582856871,-0.06665695223392554,0.06665695223392554,1.1150233324839751,FALSE,FALSE
1992-02-03,circumpolar,3.502613846,-0.09241411606424732,0.09241411606424732,1.1150233324839751,FALSE,FALSE
1992-02-04,circumpolar,3.424891449,-0.11836042143687386,0.11836042143687386,1.1150233324839751,FALSE,FALSE
1992-02-05,circumpolar,3.39659709,-0.09747908058928,0.09747908058928,1.1150233324839751,FALSE,FALSE
1992-02-06,circumpolar,3.405696212,-0.04169527275893214,0.04169527275893214,1.1150233324839751,FALSE,FALSE
1992-02-07,circumpolar,3.361161179,-0.0419272561833024,0.0419272561833024,1.1150233324839751,FALSE,FALSE
1992-02-08,circumpolar,3.316433039,-0.04462544591680961,0.04462544591680961,1.1150233324839751,FALSE,FALSE
1992-02-09,circumpolar,3.260545615,-0.06075848946103246,0.06075848946103246,1.1150233324839751,FALSE,FALSE
1992-02-10,circumpolar,3.197252363,-0.08679616846897531,0.08679616846897531,1.1150233324839751,FALSE,FALSE
1992-02-11,circumpolar,3.137969436,-0.11157166968923082,0.11157166968923082,1.1150233324839751,FALSE,FALSE
1992-02-12,circumpolar,3.086271908,-0.13175925887040885,0.13175925887040885,1.1150233324839751,FALSE,FALSE
1992-02-13,circumpolar,3.1163457,-0.07342235476111814,0.07342235476111814,1.1150233324839751,FALSE,FALSE
1992-02-14,circumpolar,3.024433068,-0.14056804110995236,0.14056804110995236,1.1150233324839751,FALSE,FALSE
1992-02-15,circumpolar,2.961190505,-0.18278916466552264,0.18278916466552264,1.1150233324839751,FALSE,FALSE
1992-02-16,circumpolar,2.894478965,-0.23247411117643368,0.23247411117643368,1.1150233324839751,FALSE,FALSE
1992-02-17,circumpolar,2.859822829,-0.25434783939127836,0.25434783939127836,1.1150233324839751,FALSE,FALSE
1992-02-18,circumpolar,2.838562861,-0.2673189250586723,0.2673189250586723,1.1150233324839751,FALSE,FALSE
1992-02-19,circumpolar,2.805587023,-0.2967487459272191,0.2967487459272191,1.1150233324839751,FALSE,FALSE
1992-02-20,circumpolar,2.782644374,-0.3211375827455125,0.3211375827455125,1.1150233324839751,FALSE,FALSE
1992-02-21,circumpolar,2.751367451,-0.3590801044838092,0.3590801044838092,1.1150233324839751,FALSE,FALSE
1992-02-22,circumpolar,2.759870632,-0.36242079730254995,0.36242079730254995,1.1150233324839751,FALSE,FALSE
1992-02-23,circumpolar,2.752198288,-0.3868956416802831,0.3868956416802831,1.1150233324839751,FALSE,FALSE
1992-02-24,circumpolar,2.788261778,-0.37237040312685954,0.37237040312685954,1.1150233324839751,FALSE,FALSE
1992-02-25,circumpolar,2.785237961,-0.4014453471521144,0.4014453471521144,1.1150233324839751,FALSE,FALSE
1992-02-26,circumpolar,2.777024223,-0.4400002122658977,0.4400002122658977,1.1150233324839751,FALSE,FALSE
1992-02-27,circumpolar,2.823345688,-0.42808699897805,0.42808699897805,1.1150233324839751,FALSE,FALSE
1992-02-28,circumpolar,2.892688409,-0.39699677879841566,0.39699677879841566,1.1150233324839751,FALSE,FALSE
1992-03-01,circumpolar,3.065606073,-0.3112253618031615,0.3112253618031615,1.1150233324839751,FALSE,FALSE
1992-03-02,circumpolar,3.137718836,-0.28756059400722433,0.28756059400722433,1.1150233324839751,FALSE,FALSE
1992-03-03,circumpolar,3.157916273,-0.3187638993588746,0.3187638993588746,1.1150233324839751,FALSE,FALSE
1992-03-04,circumpolar,3.167809701,-0.3630010916544997,0.3630010916544997,1.1150233324839751,FALSE,FALSE
1992-03-05,circumpolar,3.184980811,-0.40249099584467984,0.40249099584467984,1.1150233324839751,FALSE,FALSE
1992-03-06,circumpolar,3.192607136,-0.4539327280591787,0.4539327280591787,1.1150233324839751,FALSE,FALSE
1992-03-07,circumpolar,3.257718884,-0.4501881966810268,0.4501881966810268,1.1150233324839751,FALSE,FALSE
1992-03-08,circumpolar,3.314348564,-0.4571170090932606,0.4571170090932606,1.1150233324839751,FALSE,FALSE
1992-03-09,circumpolar,3.404322951,-0.4327845066789085,0.4327845066789085,1.1150233324839751,FALSE,FALSE
1992-03-10,circumpolar,3.469701206,-0.4350236448210003,0.4350236448210003,1.1150233324839751,FALSE,FALSE
1992-03-11,circumpolar,3.535859455,-0.43835041390257246,0.43835041390257246,1.1150233324839751,FALSE,FALSE
1992-03-12,circumpolar,3.611521171,-0.43393345730665667,0.43393345730665667,1.1150233324839751,FALSE,FALSE
1992-03-13,circumpolar,3.691111557,-0.4272396884162823,0.4272396884162823,1.1150233324839751,FALSE,FALSE
1992-03-14,circumpolar,3.760696554,-0.43209528261448327,0.43209528261448327,1.1150233324839751,FALSE,FALSE
1992-03-15,circumpolar,3.854955266,-0.41371325228429345,0.41371325228429345,1.1150233324839751,FALSE,FALSE
1992-03-16,circumpolar,3.905476674,-0.4403967328087388,0.4403967328087388,1.1150233324839751,FALSE,FALSE
1992-03-17,circumpolar,3.996219869,-0.4280800405814045,0.4280800405814045,1.1150233324839751,FALSE,FALSE
1992-03-18,circumpolar,4.062030818,-0.4418428587961314,0.4418428587961314,1.1150233324839751,FALSE,FALSE
1992-03-19,circumpolar,4.139741191,-0.4448128938858673,0.4448128938858673,1.1150233324839751,FALSE,FALSE
1992-03-20,circumpolar,4.183738773,-0.4825633251701067,0.4825633251701067,1.1150233324839751,FALSE,FALSE
1992-03-21,circumpolar,4.280756808,-0.46832187296831584,0.46832187296831584,1.1150233324839751,FALSE,FALSE
1992-03-22,circumpolar,4.413774495,-0.4190703025999767,0.4190703025999767,1.1150233324839751,FALSE,FALSE
1992-03-23,circumpolar,4.526557316,-0.3910040963845711,0.3910040963845711,1.1150233324839751,FALSE,FALSE
1992-03-24,circumpolar,4.64046033,-0.3627291596415701,0.3627291596415701,1.1150233324839751,FALSE,FALSE
1992-03-25,circumpolar,4.725692674,-0.36399731969046023,0.36399731969046023,1.1150233324839751,FALSE,FALSE
1992-03-26,circumpolar,4.802236082,-0.3747878068507129,0.3747878068507129,1.1150233324839751,FALSE,FALSE
1992-03-27,circumpolar,4.892126608,-0.37302553144180806,0.37302553144180806,1.1150233324839751,FALSE,FALSE
1992-03-28,circumpolar,4.992925851,-0.3611098587832293,0.3611098587832293,1.1150233324839751,FALSE,FALSE
1992-03-29,circumpolar,5.065187436,-0.37844812819444673,0.37844812819444673,1.1150233324839751,FALSE,FALSE
1992-03-30,circumpolar,5.170509264,-0.3634132565774318,0.3634132565774318,1.1150233324839751,FALSE,FALSE
1992-03-31,circumpolar,5.319554519,-0.30536673784342216,0.30536673784342216,1.1150233324839751,FALSE,FALSE
1992-04-01,circumpolar,5.464073823,-0.2526009379858305,0.2526009379858305,1.1150233324839751,FALSE,FALSE
1992-04-02,circumpolar,5.609963891,-0.1992621451349947,0.1992621451349947,1.1150233324839751,FALSE,FALSE
1992-04-03,circumpolar,5.720436568,-0.1821815174212471,0.1821815174212471,1.1150233324839751,FALSE,FALSE
1992-04-04,circumpolar,5.905570532,-0.0913233799749298,0.0913233799749298,1.1150233324839751,FALSE,FALSE
1992-04-05,circumpolar,6.042676664,-0.04941985492636824,0.04941985492636824,1.1150233324839751,FALSE,FALSE
1992-04-06,circumpolar,6.161810277,-0.02645863240591417,0.02645863240591417,1.1150233324839751,FALSE,FALSE
1992-04-07,circumpolar,6.260360887,-0.0250931995438961,0.0250931995438961,1.1150233324839751,FALSE,FALSE
1992-04-08,circumpolar,6.38549089,0.00179583652934223,0.00179583652934223,1.1150233324839751,FALSE,FALSE
1992-04-09,circumpolar,6.491023719,0.00798890568347143,0.00798890568347143,1.1150233324839751,FALSE,FALSE
1992-04-10,circumpolar,6.587320722,0.00380435278814594,0.00380435278814594,1.1150233324839751,FALSE,FALSE
1992-04-11,circumpolar,6.675841794,-0.00934030371961736,0.00934030371961736,1.1150233324839751,FALSE,FALSE
1992-04-12,circumpolar,6.811665292,0.02363557219852286,0.02363557219852286,1.1150233324839751,FALSE,FALSE
1992-04-13,circumpolar,6.92365743,0.03167408793913662,0.03167408793913662,1.1150233324839751,FALSE,FALSE
1992-04-14,circumpolar,7.032027837,0.03506764180938049,0.03506764180938049,1.1150233324839751,FALSE,FALSE
1992-04-15,circumpolar,7.120033998,0.01715648811643877,0.01715648811643877,1.1150233324839751,FALSE,FALSE
1992-04-16,circumpolar,7.204660331,-0.00499218583253213,0.00499218583253213,1.1150233324839751,FALSE,FALSE
1992-04-17,circumpolar,7.299561995,-0.01764045173036699,0.01764045173036699,1.1150233324839751,FALSE,FALSE
1992-04-18,circumpolar,7.383820425,-0.04162410526990712,0.04162410526990712,1.1150233324839751,FALSE,FALSE
1992-04-19,circumpolar,7.501520963,-0.03277503514396329,0.03277503514396329,1.1150233324839751,FALSE,FALSE
1992-04-20,circumpolar,7.548580794,-0.0950932870453931,0.0950932870453931,1.1150233324839751,FALSE,FALSE
1992-04-21,circumpolar,7.645425117,-0.10807089266702086,0.10807089266702086,1.1150233324839751,FALSE,FALSE
1992-04-22,circumpolar,7.695264005,-0.16841500970167456,0.16841500970167456,1.1150233324839751,FALSE,FALSE
1992-04-23,circumpolar,7.862082353,-0.11205797384220428,0.11205797384220428,1.1150233324839751,FALSE,FALSE
1992-04-24,circumpolar,7.982699021,-0.10210165735786524,0.10210165735786524,1.1150233324839751,FALSE,FALSE
1992-04-25,circumpolar,8.097225422,-0.09838863560874422,0.09838863560874422,1.1150233324839751,FALSE,FALSE
1992-04-26,circumpolar,8.201905667,-0.10464716346521996,0.10464716346521996,1.1150233324839751,FALSE,FALSE
1992-04-27,circumpolar,8.349319459,-0.06827009738442413,0.06827009738442413,1.1150233324839751,FALSE,FALSE
1992-04-28,circumpolar,8.464757726,-0.06393906882350464,0.06393906882350464,1.1150233324839751,FALSE,FALSE
1992-04-29,circumpolar,8.584360942,-0.05548616323960687,0.05548616323960687,1.1150233324839751,FALSE,FALSE
1992-04-30,circumpolar,8.691844945,-0.05916810208987044,0.05916810208987044,1.1150233324839751,FALSE,FALSE
1992-05-01,circumpolar,8.813443707,-0.04872347283144584,0.04872347283144584,1.1150233324839751,FALSE,FALSE
1992-05-02,circumpolar,8.882200107,-0.0910819559214584,0.0910819559214584,1.1150233324839751,FALSE,FALSE
1992-05-03,circumpolar,8.957555784,-0.12677447181706292,0.12677447181706292,1.1150233324839751,FALSE,FALSE
1992-05-04,circumpolar,9.060960444,-0.1343238739754078,0.1343238739754078,1.1150233324839751,FALSE,FALSE
1992-05-05,circumpolar,9.172179073,-0.13393773585361757,0.13393773585361757,1.1150233324839751,FALSE,FALSE
1992-05-06,circumpolar,9.253259686,-0.16354061690184452,0.16354061690184452,1.1150233324839751,FALSE,FALSE
1992-05-07,circumpolar,9.305993021,-0.22132271239675028,0.22132271239675028,1.1150233324839751,FALSE,FALSE
1992-05-08,circumpolar,9.358118312,-0.2795479684019142,0.2795479684019142,1.1150233324839751,FALSE,FALSE
1992-05-09,circumpolar,9.476175925,-0.2716828593789966,0.2716828593789966,1.1150233324839751,FALSE,FALSE
1992-05-10,circumpolar,9.602048482,-0.2558516037896794,0.2558516037896794,1.1150233324839751,FALSE,FALSE
1992-05-11,circumpolar,9.71167854,-0.2561184850956284,0.2561184850956284,1.1150233324839751,FALSE,FALSE
1992-05-12,circumpolar,9.835038616,-0.24251782675852063,0.24251782675852063,1.1150233324839751,FALSE,FALSE
1992-05-13,circumpolar,10.00309751,-0.1840876692400233,0.1840876692400233,1.1150233324839751,FALSE,FALSE
1992-05-14,circumpolar,10.13785886,-0.1588312150018112,0.1588312150018112,1.1150233324839751,FALSE,FALSE
1992-05-15,circumpolar,10.22966489,-0.17641308050556326,0.17641308050556326,1.1150233324839751,FALSE,FALSE
1992-05-16,circumpolar,10.30824576,-0.20710994621295065,0.20710994621295065,1.1150233324839751,FALSE,FALSE
1992-05-17,circumpolar,10.43471007,-0.18982005258562573,0.18982005258562573,1.1150233324839751,FALSE,FALSE
1992-05-18,circumpolar,10.55857277,-0.17503529008528318,0.17503529008528318,1.1150233324839751,FALSE,FALSE
1992-05-19,circumpolar,10.68881328,-0.15378194613611562,0.15378194613611562,1.1150233324839751,FALSE,FALSE
1992-05-20,circumpolar,10.8024317,-0.14904495327126455,0.14904495327126455,1.1150233324839751,FALSE,FALSE
1992-05-21,circumpolar,10.88561568,-0.1746036307067449,0.1746036307067449,1.1150233324839751,FALSE,FALSE
1992-05-22,circumpolar,10.89825196,-0.27053759992337945,0.27053759992337945,1.1150233324839751,FALSE,FALSE
1992-05-23,circumpolar,10.89706462,-0.3800891424019994,0.3800891424019994,1.1150233324839751,FALSE,FALSE
1992-05-24,circumpolar,10.99737877,-0.3878995096234181,0.3878995096234181,1.1150233324839751,FALSE,FALSE
1992-05-25,circumpolar,11.10160741,-0.3915220630684626,0.3915220630684626,1.1150233324839751,FALSE,FALSE
1992-05-26,circumpolar,11.18698417,-0.4136895342179656,0.4136895342179656,1.1150233324839751,FALSE,FALSE
1992-05-27,circumpolar,11.25585123,-0.4520261045527487,0.4520261045527487,1.1150233324839751,FALSE,FALSE
1992-05-28,circumpolar,11.39502052,-0.41968620555362435,0.41968620555362435,1.1150233324839751,FALSE,FALSE
1992-05-29,circumpolar,11.44926662,-0.4718616187014249,0.4718616187014249,1.1150233324839751,FALSE,FALSE
1992-05-30,circumpolar,11.51167959,-0.5154286454769874,0.5154286454769874,1.1150233324839751,FALSE,FALSE
1992-05-31,circumpolar,11.66952186,-0.46309121736110903,0.46309121736110903,1.1150233324839751,FALSE,FALSE
1992-06-01,circumpolar,11.81356543,-0.4240548078035858,0.4240548078035858,1.1150233324839751,FALSE,FALSE
1992-06-02,circumpolar,11.92451175,-0.4176447359490769,0.4176447359490769,1.1150233324839751,FALSE,FALSE
1992-06-03,circumpolar,11.98862376,-0.4576384961533968,0.4576384961533968,1.1150233324839751,FALSE,FALSE
1992-06-04,circumpolar,12.08162316,-0.46835482327848865,0.46835482327848865,1.1150233324839751,FALSE,FALSE
1992-06-05,circumpolar,12.12417269,-0.5291714121863169,0.5291714121863169,1.1150233324839751,FALSE,FALSE
1992-06-06,circumpolar,12.27401349,-0.482387557738857,0.482387557738857,1.1150233324839751,FALSE,FALSE
1992-06-07,circumpolar,12.35586878,-0.5033204747980715,0.5033204747980715,1.1150233324839751,FALSE,FALSE
1992-06-08,circumpolar,12.41867002,-0.543079138225929,0.543079138225929,1.1150233324839751,FALSE,FALSE
1992-06-09,circumpolar,12.51835758,-0.5457636128844019,0.5457636128844019,1.1150233324839751,FALSE,FALSE
1992-06-10,circumpolar,12.5899164,-0.5764293936354346,0.5764293936354346,1.1150233324839751,FALSE,FALSE
1992-06-11,circumpolar,12.60851131,-0.659952085341013,0.659952085341013,1.1150233324839751,FALSE,FALSE
1992-06-12,circumpolar,12.81592295,-0.5545914828631062,0.5545914828631062,1.1150233324839751,FALSE,FALSE
1992-06-13,circumpolar,12.99462409,-0.4779134206432421,0.4779134206432421,1.1150233324839751,FALSE,FALSE
1992-06-14,circumpolar,13.07905814,-0.49543240059899496,0.49543240059899496,1.1150233324839751,FALSE,FALSE
1992-06-15,circumpolar,13.19267546,-0.4835452761560059,0.4835452761560059,1.1150233324839751,FALSE,FALSE
1992-06-16,circumpolar,13.2999818,-0.4775854904453905,0.4775854904453905,1.1150233324839751,FALSE,FALSE
1992-06-17,circumpolar,13.36812255,-0.510246846598287,0.510246846598287,1.1150233324839751,FALSE,FALSE
1992-06-18,circumpolar,13.6448225,-0.3336437477458105,0.3336437477458105,1.1150233324839751,FALSE,FALSE
1992-06-19,circumpolar,13.6995585,-0.37813853701909217,0.37813853701909217,1.1150233324839751,FALSE,FALSE
1992-06-20,circumpolar,13.74004112,-0.4358598375492555,0.4358598375492555,1.1150233324839751,FALSE,FALSE
1992-06-21,circumpolar,13.71218891,-0.560728292467445,0.560728292467445,1.1150233324839751,FALSE,FALSE
1992-06-22,circumpolar,13.79789018,-0.5706947849047701,0.5706947849047701,1.1150233324839751,FALSE,FALSE
1992-06-23,circumpolar,13.98308379,-0.4796596479923565,0.4796596479923565,1.1150233324839751,FALSE,FALSE
1992-06-24,circumpolar,14.09015353,-0.46507828486134706,0.46507828486134706,1.1150233324839751,FALSE,FALSE
1992-06-25,circumpolar,14.19258115,-0.4533081386428517,0.4533081386428517,1.1150233324839751,FALSE,FALSE
1992-06-26,circumpolar,14.37631217,-0.3582709071543082,0.3582709071543082,1.1150233324839751,FALSE,FALSE
1992-06-27,circumpolar,14.54087692,-0.28051524690366847,0.28051524690366847,1.1150233324839751,FALSE,FALSE
1992-06-28,circumpolar,14.66680175,-0.23969055983785204,0.23969055983785204,1.1150233324839751,FALSE,FALSE
1992-06-29,circumpolar,14.77720283,-0.212856925424326,0.212856925424326,1.1150233324839751,FALSE,FALSE
1992-06-30,circumpolar,14.87010797,-0.20216278313053415,0.20216278313053415,1.1150233324839751,FALSE,FALSE
1992-07-01,circumpolar,14.97260935,-0.18069220242393236,0.18069220242393236,1.1150233324839751,FALSE,FALSE
1992-07-02,circumpolar,14.96063605,-0.272692352771962,0.272692352771962,1.1150233324839751,FALSE,FALSE
1992-07-03,circumpolar,15.00771586,-0.30481169364208327,0.30481169364208327,1.1150233324839751,FALSE,FALSE
1992-07-04,circumpolar,15.15003229,-0.24104296450174445,0.24104296450174445,1.1150233324839751,FALSE,FALSE
1992-07-05,circumpolar,15.28077539,-0.18837236481840236,0.18837236481840236,1.1150233324839751,FALSE,FALSE
1992-07-06,circumpolar,15.35541867,-0.19150263405950163,0.19150263405950163,1.1150233324839751,FALSE,FALSE
1992-07-07,circumpolar,15.56189337,-0.06267878169249919,0.06267878169249919,1.1150233324839751,FALSE,FALSE
1992-07-08,circumpolar,15.72160311,0.01932697580904197,0.01932697580904197,1.1150233324839751,FALSE,FALSE
1992-07-09,circumpolar,15.84332144,0.06319267737051248,0.06319267737051248,1.1150233324839751,FALSE,FALSE
1992-07-10,circumpolar,15.88359299,0.02554323200045871,0.02554323200045871,1.1150233324839751,FALSE,FALSE
1992-07-11,circumpolar,16.04053731,0.10460173211763468,0.10460173211763468,1.1150233324839751,FALSE,FALSE
1992-07-12,circumpolar,16.16060239,0.14691971014086036,0.14691971014086036,1.1150233324839751,FALSE,FALSE
1992-07-13,circumpolar,16.22818713,0.1369996084889067,0.1369996084889067,1.1150233324839751,FALSE,FALSE
1992-07-14,circumpolar,16.23233242,0.06398585958058334,0.06398585958058334,1.1150233324839751,FALSE,FALSE
1992-07-15,circumpolar,16.33395707,0.08890081583466625,0.08890081583466625,1.1150233324839751,FALSE,FALSE
1992-07-16,circumpolar,16.38560663,0.06439356966994225,0.06439356966994225,1.1150233324839751,FALSE,FALSE
1992-07-17,circumpolar,16.41872211,0.02200867350523339,0.02200867350523339,1.1150233324839751,FALSE,FALSE
1992-07-18,circumpolar,16.51688882,0.04543497975929256,0.04543497975929256,1.1150233324839751,FALSE,FALSE
1992-07-19,circumpolar,16.63565539,0.0903246608509356,0.0903246608509356,1.1150233324839751,FALSE,FALSE
1992-07-20,circumpolar,16.68893408,0.07069351919894018,0.07069351919894018,1.1150233324839751,FALSE,FALSE
1992-07-21,circumpolar,16.7616232,0.07154052528048283,0.07154052528048283,1.1150233324839751,FALSE,FALSE
1992-07-22,circumpolar,16.82970114,0.06890495215639447,0.06890495215639447,1.1150233324839751,FALSE,FALSE
1992-07-23,circumpolar,16.897578,0.06722878755018158,0.06722878755018158,1.1150233324839751,FALSE,FALSE
1992-07-24,circumpolar,16.94787042,0.04915990145826754,0.04915990145826754,1.1150233324839751,FALSE,FALSE
1992-07-25,circumpolar,16.95673091,-0.00911796612290771,0.00911796612290771,1.1150233324839751,FALSE,FALSE
1992-07-26,circumpolar,17.16851693,0.13678387480307563,0.13678387480307563,1.1150233324839751,FALSE,FALSE
1992-07-27,circumpolar,17.27203671,0.17570488423264408,0.17570488423264408,1.1150233324839751,FALSE,FALSE
1992-07-28,circumpolar,17.39737295,0.2377589921622381,0.2377589921622381,1.1150233324839751,FALSE,FALSE
1992-07-29,circumpolar,17.39120324,0.16965501858828347,0.16965501858828347,1.1150233324839751,FALSE,FALSE
1992-07-30,circumpolar,17.33387501,0.051771623507193,0.051771623507193,1.1150233324839751,FALSE,FALSE
1992-07-31,circumpolar,17.31896907,-0.02227915308460737,0.02227915308460737,1.1150233324839751,FALSE,FALSE
1992-08-01,circumpolar,17.33549077,-0.06346073119066631,0.06346073119066631,1.1150233324839751,FALSE,FALSE
1992-08-02,circumpolar,17.42717002,-0.02801197137723576,0.02801197137723576,1.1150233324839751,FALSE,FALSE
1992-08-03,circumpolar,17.57214674,0.0622230859379016,0.0622230859379016,1.1150233324839751,FALSE,FALSE
1992-08-04,circumpolar,17.6507007,0.08748545467491553,0.08748545467491553,1.1150233324839751,FALSE,FALSE
1992-08-05,circumpolar,17.74001813,0.12491025701223536,0.12491025701223536,1.1150233324839751,FALSE,FALSE
1992-08-06,circumpolar,17.84047098,0.1748183351282755,0.1748183351282755,1.1150233324839751,FALSE,FALSE
1992-08-07,circumpolar,17.90602294,0.19112227120143288,0.19112227120143288,1.1150233324839751,FALSE,FALSE
1992-08-08,circumpolar,18.01672758,0.2538245274101314,0.2538245274101314,1.1150233324839751,FALSE,FALSE
1992-08-09,circumpolar,18.1015294,0.29181849593276254,0.29181849593276254,1.1150233324839751,FALSE,FALSE
1992-08-10,circumpolar,18.05645922,0.20108388894774976,0.20108388894774976,1.1150233324839751,FALSE,FALSE
1992-08-11,circumpolar,18.01015323,0.11020578863349328,0.11020578863349328,1.1150233324839751,FALSE,FALSE
1992-08-12,circumpolar,18.01852024,0.07504189716842546,0.07504189716842546,1.1150233324839751,FALSE,FALSE
1992-08-13,circumpolar,18.07366368,0.08764453673093797,0.08764453673093797,1.1150233324839751,FALSE,FALSE
1992-08-14,circumpolar,18.10000853,0.0723875794994413,0.0723875794994413,1.1150233324839751,FALSE,FALSE
1992-08-15,circumpolar,18.22146447,0.15313047622264975,0.15313047622264975,1.1150233324839751,FALSE,FALSE
1992-08-16,circumpolar,18.26148929,0.15330690082216236,0.15330690082216236,1.1150233324839751,FALSE,FALSE
1992-08-17,circumpolar,18.21705059,0.06989022580537707,0.06989022580537707,1.1150233324839751,FALSE,FALSE
1992-08-18,circumpolar,18.1832777,-0.00198280834856134,0.00198280834856134,1.1150233324839751,FALSE,FALSE
1992-08-19,circumpolar,18.23540145,0.01292603883952026,0.01292603883952026,1.1150233324839751,FALSE,FALSE
1992-08-20,circumpolar,18.31926026,0.06046259784879027,0.06046259784879027,1.1150233324839751,FALSE,FALSE
1992-08-21,circumpolar,18.37642389,0.08220403915841601,0.08220403915841601,1.1150233324839751,FALSE,FALSE
1992-08-22,circumpolar,18.42529522,0.09656065324754336,0.09656065324754336,1.1150233324839751,FALSE,FALSE
1992-08-23,circumpolar,18.446576,0.08424160059534813,0.08424160059534813,1.1150233324839751,FALSE,FALSE
1992-08-24,circumpolar,18.44443665,0.04942471168099871,0.04942471168099871,1.1150233324839751,FALSE,FALSE
1992-08-25,circumpolar,18.46781134,0.04105156698364354,0.04105156698364354,1.1150233324839751,FALSE,FALSE
1992-08-26,circumpolar,18.45227056,-0.00529993301755027,0.00529993301755027,1.1150233324839751,FALSE,FALSE
1992-08-27,circumpolar,18.34527042,-0.14216626784340747,0.14216626784340747,1.1150233324839751,FALSE,FALSE
1992-08-28,circumpolar,18.28059366,-0.2357563774780047,0.2357563774780047,1.1150233324839751,FALSE,FALSE
1992-08-29,circumpolar,18.21426734,-0.33002935401722766,0.33002935401722766,1.1150233324839751,FALSE,FALSE
1992-08-30,circumpolar,18.20235562,-0.3689051125533744,0.3689051125533744,1.1150233324839751,FALSE,FALSE
1992-08-31,circumpolar,18.33537368,-0.26185254445323025,0.26185254445323025,1.1150233324839751,FALSE,FALSE
1992-09-01,circumpolar,18.40219828,-0.2199789610836156,0.2199789610836156,1.1150233324839751,FALSE,FALSE
1992-09-02,circumpolar,18.48742072,-0.1586771338113202,0.1586771338113202,1.1150233324839751,FALSE,FALSE
1992-09-03,circumpolar,18.43940469,-0.22956744400314477,0.22956744400314477,1.1150233324839751,FALSE,FALSE
1992-09-04,circumpolar,18.46923002,-0.22155413302591853,0.22155413302591853,1.1150233324839751,FALSE,FALSE
1992-09-05,circumpolar,18.48109321,-0.23042477224640123,0.23042477224640123,1.1150233324839751,FALSE,FALSE
1992-09-06,circumpolar,18.61816398,-0.11299371303143955,0.11299371303143955,1.1150233324839751,FALSE,FALSE
1992-09-07,circumpolar,18.66887753,-0.08080982674781367,0.08080982674781367,1.1150233324839751,FALSE,FALSE
1992-09-08,circumpolar,18.67416595,-0.09292509476233236,0.09292509476233236,1.1150233324839751,FALSE,FALSE
1992-09-09,circumpolar,18.75093504,-0.03241776455992706,0.03241776455992706,1.1150233324839751,FALSE,FALSE
1992-09-10,circumpolar,18.83456289,0.03610847351866653,0.03610847351866653,1.1150233324839751,FALSE,FALSE
1992-09-11,circumpolar,18.86794757,0.05557401177520305,0.05557401177520305,1.1150233324839751,FALSE,FALSE
1992-09-12,circumpolar,18.81115902,-0.01392845551604793,0.01392845551604793,1.1150233324839751,FALSE,FALSE
1992-09-13,circumpolar,18.69576097,-0.14081244408086846,0.14081244408086846,1.1150233324839751,FALSE,FALSE
1992-09-14,circumpolar,18.73478586,-0.11202275964502206,0.11202275964502206,1.1150233324839751,FALSE,FALSE
1992-09-15,circumpolar,18.60917561,-0.24659472793424797,0.24659472793424797,1.1150233324839751,FALSE,FALSE
1992-09-16,circumpolar,18.5241266,-0.3393092146743122,0.3393092146743122,1.1150233324839751,FALSE,FALSE
1992-09-17,circumpolar,18.38844727,-0.4813350255909796,0.4813350255909796,1.1150233324839751,FALSE,FALSE
1992-09-18,circumpolar,18.3094344,-0.5653526264099966,0.5653526264099966,1.1150233324839751,FALSE,FALSE
1992-09-19,circumpolar,18.22572813,-0.6526991228571468,0.6526991228571468,1.1150233324839751,FALSE,FALSE
1992-09-20,circumpolar,18.24463251,-0.6360477106581648,0.6360477106581648,1.1150233324839751,FALSE,FALSE
1992-09-21,circumpolar,18.32459782,-0.5569253555388052,0.5569253555388052,1.1150233324839751,FALSE,FALSE
1992-09-22,circumpolar,18.31358279,-0.5673513539715387,0.5673513539715387,1.1150233324839751,FALSE,FALSE
1992-09-23,circumpolar,18.31593703,-0.5629624812005112,0.5629624812005112,1.1150233324839751,FALSE,FALSE
1992-09-24,circumpolar,18.36692753,-0.508483203029293,0.508483203029293,1.1150233324839751,FALSE,FALSE
1992-09-25,circumpolar,18.39425261,-0.4762067264069678,0.4762067264069678,1.1150233324839751,FALSE,FALSE
1992-09-26,circumpolar,18.35557152,-0.5084653282826466,0.5084653282826466,1.1150233324839751,FALSE,FALSE
1992-09-27,circumpolar,18.37369928,-0.48243551560543096,0.48243551560543096,1.1150233324839751,FALSE,FALSE
1992-09-28,circumpolar,18.40004124,-0.4467034653244397,0.4467034653244397,1.1150233324839751,FALSE,FALSE
1992-09-29,circumpolar,18.39671433,-0.4391437743887643,0.4391437743887643,1.1150233324839751,FALSE,FALSE
1992-09-30,circumpolar,18.38975231,-0.433714209747496,0.433714209747496,1.1150233324839751,FALSE,FALSE
1992-10-01,circumpolar,18.33993134,-0.4696301383497534,0.4696301383497534,1.1150233324839751,FALSE,FALSE
1992-10-02,circumpolar,18.4756125,-0.3185220071446295,0.3185220071446295,1.1150233324839751,FALSE,FALSE
1992-10-03,circumpolar,18.47349317,-0.30368396308123025,0.30368396308123025,1.1150233324839751,FALSE,FALSE
1992-10-04,circumpolar,18.44436982,-0.3143110603974755,0.3143110603974755,1.1150233324839751,FALSE,FALSE
1992-10-05,circumpolar,18.46200572,-0.2766282737875265,0.2766282737875265,1.1150233324839751,FALSE,FALSE
1992-10-06,circumpolar,18.54599767,-0.17101740100607898,0.17101740100607898,1.1150233324839751,FALSE,FALSE
1992-10-07,circumpolar,18.57451466,-0.11928628491924798,0.11928628491924798,1.1150233324839751,FALSE,FALSE
1992-10-08,circumpolar,18.58851161,-0.08045683839314677,0.08045683839314677,1.1150233324839751,FALSE,FALSE
1992-10-09,circumpolar,18.52951362,-0.11298079429388252,0.11298079429388252,1.1150233324839751,FALSE,FALSE
1992-10-10,circumpolar,18.48277007,-0.13158560548757947,0.13158560548757947,1.1150233324839751,FALSE,FALSE
1992-10-11,circumpolar,18.48729881,-0.09723025484037962,0.09723025484037962,1.1150233324839751,FALSE,FALSE
1992-10-12,circumpolar,18.54501255,-0.00797886521834456,0.00797886521834456,1.1150233324839751,FALSE,FALSE
1992-10-13,circumpolar,18.55500684,0.03528728051236385,0.03528728051236385,1.1150233324839751,FALSE,FALSE
1992-10-14,circumpolar,18.53741085,0.05272051948565703,0.05272051948565703,1.1150233324839751,FALSE,FALSE
1992-10-15,circumpolar,18.55487418,0.10699361883540348,0.10699361883540348,1.1150233324839751,FALSE,FALSE
1992-10-16,circumpolar,18.48389672,0.07462963569549075,0.07462963569549075,1.1150233324839751,FALSE,FALSE
1992-10-17,circumpolar,18.41963946,0.05081235427535091,0.05081235427535091,1.1150233324839751,FALSE,FALSE
1992-10-18,circumpolar,18.37102021,0.04447445797936922,0.04447445797936922,1.1150233324839751,FALSE,FALSE
1992-10-19,circumpolar,18.28668688,0.00427115780126285,0.00427115780126285,1.1150233324839751,FALSE,FALSE
1992-10-20,circumpolar,18.21947029,-0.01695972846666293,0.01695972846666293,1.1150233324839751,FALSE,FALSE
1992-10-21,circumpolar,18.20333121,0.01474956696788964,0.01474956696788964,1.1150233324839751,FALSE,FALSE
1992-10-22,circumpolar,18.17590492,0.03704132189722031,0.03704132189722031,1.1150233324839751,FALSE,FALSE
1992-10-23,circumpolar,18.14197302,0.05470413411364916,0.05470413411364916,1.1150233324839751,FALSE,FALSE
1992-10-24,circumpolar,18.05843589,0.02464538140946715,0.02464538140946715,1.1150233324839751,FALSE,FALSE
1992-10-25,circumpolar,17.99470384,0.01628237157698109,0.01628237157698109,1.1150233324839751,FALSE,FALSE
1992-10-26,circumpolar,17.96670192,0.04554715240850626,0.04554715240850626,1.1150233324839751,FALSE,FALSE
1992-10-27,circumpolar,17.93425088,0.0722674716963354,0.0722674716963354,1.1150233324839751,FALSE,FALSE
1992-10-28,circumpolar,17.86934812,0.06844772723276904,0.06844772723276904,1.1150233324839751,FALSE,FALSE
1992-10-29,circumpolar,17.7556901,0.01779137681011988,0.01779137681011988,1.1150233324839751,FALSE,FALSE
1992-10-30,circumpolar,17.66492455,-0.00802419350346994,0.00802419350346994,1.1150233324839751,FALSE,FALSE
1992-10-31,circumpolar,17.60745859,0.00154932131389884,0.00154932131389884,1.1150233324839751,FALSE,FALSE
1992-11-01,circumpolar,17.51516071,-0.02144414635517932,0.02144414635517932,1.1150233324839751,FALSE,FALSE
1992-11-02,circumpolar,17.45506911,-0.00979094491883003,0.00979094491883003,1.1150233324839751,FALSE,FALSE
1992-11-03,circumpolar,17.38751736,-0.00298205278516761,0.00298205278516761,1.1150233324839751,FALSE,FALSE
1992-11-04,circumpolar,17.38169921,0.06835173163768005,0.06835173163768005,1.1150233324839751,FALSE,FALSE
1992-11-05,circumpolar,17.34986289,0.11663408994158786,0.11663408994158786,1.1150233324839751,FALSE,FALSE
1992-11-06,circumpolar,17.27389405,0.1239261237184266,0.1239261237184266,1.1150233324839751,FALSE,FALSE
1992-11-07,circumpolar,17.281245470000002,0.21785606456009532,0.21785606456009532,1.1150233324839751,FALSE,FALSE
1992-11-08,circumpolar,17.14172613,0.16840834405843808,0.16840834405843808,1.1150233324839751,FALSE,FALSE
1992-11-09,circumpolar,17.03974041,0.16016279380536602,0.16016279380536602,1.1150233324839751,FALSE,FALSE
1992-11-10,circumpolar,16.92671569,0.14472224539273526,0.14472224539273526,1.1150233324839751,FALSE,FALSE
1992-11-11,circumpolar,16.83301583,0.1526247086367114,0.1526247086367114,1.1150233324839751,FALSE,FALSE
1992-11-12,circumpolar,16.70606925,0.13140074042230054,0.13140074042230054,1.1150233324839751,FALSE,FALSE
1992-11-13,circumpolar,16.65478858,0.18995685717264263,0.18995685717264263,1.1150233324839751,FALSE,FALSE
1992-11-14,circumpolar,16.60491599,0.25402018643116975,0.25402018643116975,1.1150233324839751,FALSE,FALSE
1992-11-15,circumpolar,16.55590304,0.3230272457413541,0.3230272457413541,1.1150233324839751,FALSE,FALSE
1992-11-16,circumpolar,16.45960311,0.3488163726466311,0.3488163726466311,1.1150233324839751,FALSE,FALSE
1992-11-17,circumpolar,16.18850563,0.2038619546904492,0.2038619546904492,1.1150233324839751,FALSE,FALSE
1992-11-18,circumpolar,16.16826756,0.31380590941626174,0.31380590941626174,1.1150233324839751,FALSE,FALSE
1992-11-19,circumpolar,16.06623847,0.34598276436752506,0.34598276436752506,1.1150233324839751,FALSE,FALSE
1992-11-20,circumpolar,15.90525672,0.32321583708768387,0.32321583708768387,1.1150233324839751,FALSE,FALSE
1992-11-21,circumpolar,15.72250384,0.2826716151201918,0.2826716151201918,1.1150233324839751,FALSE,FALSE
1992-11-22,circumpolar,15.68683047,0.39318569600848896,0.39318569600848896,1.1150233324839751,FALSE,FALSE
1992-11-23,circumpolar,15.60869944,0.46520586729603863,0.46520586729603863,1.1150233324839751,FALSE,FALSE
1992-11-24,circumpolar,15.3898552,0.4004690437201947,0.4004690437201947,1.1150233324839751,FALSE,FALSE
1992-11-25,circumpolar,15.2467949,0.415528334606698,0.415528334606698,1.1150233324839751,FALSE,FALSE
1992-11-26,circumpolar,15.09458518,0.4255382660063915,0.4255382660063915,1.1150233324839751,FALSE,FALSE
1992-11-27,circumpolar,14.88545023,0.3828111557965581,0.3828111557965581,1.1150233324839751,FALSE,FALSE
1992-11-28,circumpolar,14.69118942,0.35923450185445205,0.35923450185445205,1.1150233324839751,FALSE,FALSE
1992-11-29,circumpolar,14.50602219,0.3491158720573395,0.3491158720573395,1.1150233324839751,FALSE,FALSE
1992-11-30,circumpolar,14.34412652,0.366721374282486,0.366721374282486,1.1150233324839751,FALSE,FALSE
1992-12-01,circumpolar,14.19782589,0.4044626164071587,0.4044626164071587,1.1150233324839751,FALSE,FALSE
1992-12-02,circumpolar,14.0387916,0.4340990263086102,0.4340990263086102,1.1150233324839751,FALSE,FALSE
1992-12-03,circumpolar,13.85506915,0.4437642318641189,0.4437642318641189,1.1150233324839751,FALSE,FALSE
1992-12-04,circumpolar,13.6595351,0.4464229209509387,0.4464229209509387,1.1150233324839751,FALSE,FALSE
1992-12-05,circumpolar,13.46587493,0.45584870144633705,0.45584870144633705,1.1150233324839751,FALSE,FALSE
1992-12-06,circumpolar,13.35580285,0.5538434169069948,0.5538434169069948,1.1150233324839751,FALSE,FALSE
1992-12-07,circumpolar,13.02694363,0.43796601796140777,0.43796601796140777,1.1150233324839751,FALSE,FALSE
1992-12-08,circumpolar,12.873240880000001,0.5017242231199308,0.5017242231199308,1.1150233324839751,FALSE,FALSE
1992-12-09,circumpolar,12.67083496,0.5207678329906642,0.5207678329906642,1.1150233324839751,FALSE,FALSE
1992-12-10,circumpolar,12.44761618,0.5224965981817089,0.5224965981817089,1.1150233324839751,FALSE,FALSE
1992-12-11,circumpolar,12.22797303,0.5308084493011567,0.5308084493011567,1.1150233324839751,FALSE,FALSE
1992-12-12,circumpolar,11.94863122,0.4819385369571147,0.4819385369571147,1.1150233324839751,FALSE,FALSE
1992-12-13,circumpolar,11.68525066,0.4510562117576793,0.4510562117576793,1.1150233324839751,FALSE,FALSE
1992-12-14,circumpolar,11.35865768,0.35849724431095,0.35849724431095,1.1150233324839751,FALSE,FALSE
1992-12-15,circumpolar,11.14192054,0.37683933522503743,0.37683933522503743,1.1150233324839751,FALSE,FALSE
1992-12-16,circumpolar,10.92847425,0.39902693510802933,0.39902693510802933,1.1150233324839751,FALSE,FALSE
1992-12-17,circumpolar,10.64203112,0.3482817945680239,0.3482817945680239,1.1150233324839751,FALSE,FALSE
1992-12-18,circumpolar,10.36832198,0.30984418421312654,0.30984418421312654,1.1150233324839751,FALSE,FALSE
1992-12-19,circumpolar,10.05368195,0.229560247692433,0.229560247692433,1.1150233324839751,FALSE,FALSE
1992-12-20,circumpolar,9.823402442,0.23225745158461564,0.23225745158461564,1.1150233324839751,FALSE,FALSE
1992-12-21,circumpolar,9.600957149,0.24096552368192725,0.24096552368192725,1.1150233324839751,FALSE,FALSE
1992-12-22,circumpolar,9.268398443,0.1372934275636961,0.1372934275636961,1.1150233324839751,FALSE,FALSE
1992-12-23,circumpolar,9.129828736,0.22490016680922056,0.22490016680922056,1.1150233324839751,FALSE,FALSE
1992-12-24,circumpolar,8.784669471,0.10276377599784148,0.10276377599784148,1.1150233324839751,FALSE,FALSE
1992-12-25,circumpolar,8.510332992,0.04785319070884952,0.04785319070884952,1.1150233324839751,FALSE,FALSE
1992-12-26,circumpolar,8.175010069,-0.0720842274784026,0.0720842274784026,1.1150233324839751,FALSE,FALSE
1992-12-27,circumpolar,7.85174698,-0.18444560898463003,0.18444560898463003,1.1150233324839751,FALSE,FALSE
1992-12-28,circumpolar,7.623867704,-0.20635038323048072,0.20635038323048072,1.1150233324839751,FALSE,FALSE
1992-12-29,circumpolar,7.40759953,-0.22201466963666316,0.22201466963666316,1.1150233324839751,FALSE,FALSE
1992-12-30,circumpolar,7.124349056,-0.31047527862386026,0.31047527862386026,1.1150233324839751,FALSE,FALSE
1992-12-31,circumpolar,6.921061596,-0.32523030461273894,0.32523030461273894,1.1150233324839751,FALSE,FALSE
1993-01-01,circumpolar,6.758390911,-0.48790098961273287,0.48790098961273287,1.1150233324839751,FALSE,FALSE
1993-01-02,circumpolar,6.557076334,-0.5072665485692713,0.5072665485692713,1.1150233324839751,FALSE,FALSE
1993-01-03,circumpolar,6.377894953,-0.510938618640612,0.510938618640612,1.1150233324839751,FALSE,FALSE
1993-01-04,circumpolar,6.137413525,-0.58208931051918,0.58208931051918,1.1150233324839751,FALSE,FALSE
1993-01-05,circumpolar,6.10897906,-0.44711048189738634,0.44711048189738634,1.1150233324839751,FALSE,FALSE
1993-01-06,circumpolar,5.983220638,-0.4151119204676812,0.4151119204676812,1.1150233324839751,FALSE,FALSE
1993-01-07,circumpolar,5.853549541,-0.3924212119224908,0.3924212119224908,1.1150233324839751,FALSE,FALSE
1993-01-08,circumpolar,5.668240705,-0.430502287954229,0.430502287954229,1.1150233324839751,FALSE,FALSE
1993-01-09,circumpolar,5.529390799,-0.4269973472553401,0.4269973472553401,1.1150233324839751,FALSE,FALSE
1993-01-10,circumpolar,5.422957796,-0.39568728451823354,0.39568728451823354,1.1150233324839751,FALSE,FALSE
1993-01-11,circumpolar,5.323581013,-0.3616716504353592,0.3616716504353592,1.1150233324839751,FALSE,FALSE
1993-01-12,circumpolar,5.21063933,-0.3453104326991303,0.3453104326991303,1.1150233324839751,FALSE,FALSE
1993-01-13,circumpolar,5.086759619,-0.34371562700197966,0.34371562700197966,1.1150233324839751,FALSE,FALSE
1993-01-14,circumpolar,4.976936558,-0.3316346490270856,0.3316346490270856,1.1150233324839751,FALSE,FALSE
1993-01-15,circumpolar,4.837207572,-0.35288793161314036,0.35288793161314036,1.1150233324839751,FALSE,FALSE
1993-01-16,circumpolar,4.744360942,-0.33069007929893424,0.33069007929893424,1.1150233324839751,FALSE,FALSE
1993-01-17,circumpolar,4.618685927,-0.3447638906675836,0.3447638906675836,1.1150233324839751,FALSE,FALSE
1993-01-18,circumpolar,4.466324194,-0.38897975630219506,0.38897975630219506,1.1150233324839751,FALSE,FALSE
1993-01-19,circumpolar,4.387451067,-0.3631744097858825,0.3631744097858825,1.1150233324839751,FALSE,FALSE
1993-01-20,circumpolar,4.303757129,-0.34566932570175446,0.34566932570175446,1.1150233324839751,FALSE,FALSE
1993-01-21,circumpolar,4.247787559,-0.30393138263292663,0.30393138263292663,1.1150233324839751,FALSE,FALSE
1993-01-22,circumpolar,4.13754057,-0.3199744251625072,0.3199744251625072,1.1150233324839751,FALSE,FALSE
1993-01-23,circumpolar,4.048602706,-0.31822396687360577,0.31822396687360577,1.1150233324839751,FALSE,FALSE
1993-01-24,circumpolar,3.963515454,-0.3161505783493408,0.3161505783493408,1.1150233324839751,FALSE,FALSE
1993-01-25,circumpolar,3.855656508,-0.34038862317281904,0.34038862317281904,1.1150233324839751,FALSE,FALSE
1993-01-26,circumpolar,3.747134185,-0.3688418419271473,0.3688418419271473,1.1150233324839751,FALSE,FALSE
1993-01-27,circumpolar,3.622865247,-0.41659405834189034,0.41659405834189034,1.1150233324839751,FALSE,FALSE
1993-01-28,circumpolar,3.557231024,-0.4091868699053145,0.4091868699053145,1.1150233324839751,FALSE,FALSE
1993-01-29,circumpolar,3.512094956,-0.38464756258620625,0.38464756258620625,1.1150233324839751,FALSE,FALSE
1993-01-30,circumpolar,3.467499436,-0.36282436562204534,0.36282436562204534,1.1150233324839751,FALSE,FALSE
1993-01-31,circumpolar,3.313878652,-0.4531737132502922,0.4531737132502922,1.1150233324839751,FALSE,FALSE
1993-02-01,circumpolar,3.170614123,-0.5362047087084294,0.5362047087084294,1.1150233324839751,FALSE,FALSE
1993-02-02,circumpolar,3.201602933,-0.4479108902339255,0.4479108902339255,1.1150233324839751,FALSE,FALSE
1993-02-03,circumpolar,3.178258728,-0.4167692340642475,0.4167692340642475,1.1150233324839751,FALSE,FALSE
1993-02-04,circumpolar,3.131920571,-0.4113312994368736,0.4113312994368736,1.1150233324839751,FALSE,FALSE
1993-02-05,circumpolar,3.106936129,-0.38714004158928006,0.38714004158928006,1.1150233324839751,FALSE,FALSE
1993-02-06,circumpolar,3.030389195,-0.41700228975893205,0.41700228975893205,1.1150233324839751,FALSE,FALSE
1993-02-07,circumpolar,2.953704287,-0.44938414818330275,0.44938414818330275,1.1150233324839751,FALSE,FALSE
1993-02-08,circumpolar,2.857331728,-0.5037267569168096,0.5037267569168096,1.1150233324839751,FALSE,FALSE
1993-02-09,circumpolar,2.853660417,-0.4676436874610323,0.4676436874610323,1.1150233324839751,FALSE,FALSE
1993-02-10,circumpolar,2.844643666,-0.4394048654689753,0.4394048654689753,1.1150233324839751,FALSE,FALSE
1993-02-11,circumpolar,2.797069262,-0.452471843689231,0.452471843689231,1.1150233324839751,FALSE,FALSE
1993-02-12,circumpolar,2.722888101,-0.4951430658704088,0.4951430658704088,1.1150233324839751,FALSE,FALSE
1993-02-13,circumpolar,2.695518785,-0.4942492697611182,0.4942492697611182,1.1150233324839751,FALSE,FALSE
1993-02-14,circumpolar,2.675070687,-0.4899304221099525,0.4899304221099525,1.1150233324839751,FALSE,FALSE
1993-02-15,circumpolar,2.727132962,-0.41684670766552223,0.41684670766552223,1.1150233324839751,FALSE,FALSE
1993-02-16,circumpolar,2.699859787,-0.4270932891764336,0.4270932891764336,1.1150233324839751,FALSE,FALSE
1993-02-17,circumpolar,2.670118967,-0.4440517013912784,0.4440517013912784,1.1150233324839751,FALSE,FALSE
1993-02-18,circumpolar,2.727361072,-0.3785207140586726,0.3785207140586726,1.1150233324839751,FALSE,FALSE
1993-02-19,circumpolar,2.738338225,-0.3639975439272192,0.3639975439272192,1.1150233324839751,FALSE,FALSE
1993-02-20,circumpolar,2.741522845,-0.36225911174551273,0.36225911174551273,1.1150233324839751,FALSE,FALSE
1993-02-21,circumpolar,2.809077647,-0.3013699084838093,0.3013699084838093,1.1150233324839751,FALSE,FALSE
1993-02-22,circumpolar,2.818769881,-0.30352154830254996,0.30352154830254996,1.1150233324839751,FALSE,FALSE
1993-02-23,circumpolar,2.854099225,-0.2849947046802832,0.2849947046802832,1.1150233324839751,FALSE,FALSE
1993-02-24,circumpolar,2.840298204,-0.3203339771268592,0.3203339771268592,1.1150233324839751,FALSE,FALSE
1993-02-25,circumpolar,2.882288443,-0.3043948651521142,0.3043948651521142,1.1150233324839751,FALSE,FALSE
1993-02-26,circumpolar,2.873150486,-0.34387394926589776,0.34387394926589776,1.1150233324839751,FALSE,FALSE
1993-02-27,circumpolar,2.933736107,-0.3176965799780498,0.3176965799780498,1.1150233324839751,FALSE,FALSE
1993-02-28,circumpolar,2.920532627,-0.3691525607984154,0.3691525607984154,1.1150233324839751,FALSE,FALSE
1993-03-01,circumpolar,2.859334608,-0.47222445423683634,0.47222445423683634,1.1150233324839751,FALSE,FALSE
1993-03-02,circumpolar,2.867275842,-0.5095555928031614,0.5095555928031614,1.1150233324839751,FALSE,FALSE
1993-03-03,circumpolar,2.855033867,-0.5702455630072243,0.5702455630072243,1.1150233324839751,FALSE,FALSE
1993-03-04,circumpolar,2.930762346,-0.5459178263588749,0.5459178263588749,1.1150233324839751,FALSE,FALSE
1993-03-05,circumpolar,2.988605906,-0.5422048866544995,0.5422048866544995,1.1150233324839751,FALSE,FALSE
1993-03-06,circumpolar,3.123118154,-0.46435365284467967,0.46435365284467967,1.1150233324839751,FALSE,FALSE
1993-03-07,circumpolar,3.244145166,-0.4023946980591786,0.4023946980591786,1.1150233324839751,FALSE,FALSE
1993-03-08,circumpolar,3.256858978,-0.4510481026810269,0.4510481026810269,1.1150233324839751,FALSE,FALSE
1993-03-09,circumpolar,3.331721078,-0.4397444950932603,0.4397444950932603,1.1150233324839751,FALSE,FALSE
1993-03-10,circumpolar,3.454006436,-0.3831010216789088,0.3831010216789088,1.1150233324839751,FALSE,FALSE
1993-03-11,circumpolar,3.560237373,-0.3444874778210001,0.3444874778210001,1.1150233324839751,FALSE,FALSE
1993-03-12,circumpolar,3.756193967,-0.21801590190257247,0.21801590190257247,1.1150233324839751,FALSE,FALSE
1993-03-13,circumpolar,3.852842196,-0.1926124323066567,0.1926124323066567,1.1150233324839751,FALSE,FALSE
1993-03-14,circumpolar,3.944767167,-0.17358407841628232,0.17358407841628232,1.1150233324839751,FALSE,FALSE
1993-03-15,circumpolar,4.076886678,-0.11590515861448304,0.11590515861448304,1.1150233324839751,FALSE,FALSE
1993-03-16,circumpolar,4.212396066,-0.05627245228429345,0.05627245228429345,1.1150233324839751,FALSE,FALSE
1993-03-17,circumpolar,4.339071067,-0.0068023398087389,0.0068023398087389,1.1150233324839751,FALSE,FALSE
1993-03-18,circumpolar,4.450087087,0.02578717741859559,0.02578717741859559,1.1150233324839751,FALSE,FALSE
1993-03-19,circumpolar,4.573271009,0.06939733220386834,0.06939733220386834,1.1150233324839751,FALSE,FALSE
1993-03-20,circumpolar,4.630789962,0.04623587711413268,0.04623587711413268,1.1150233324839751,FALSE,FALSE
1993-03-21,circumpolar,4.683024467,0.01672236882989342,0.01672236882989342,1.1150233324839751,FALSE,FALSE
1993-03-22,circumpolar,4.781661209,0.03258252803168471,0.03258252803168471,1.1150233324839751,FALSE,FALSE
1993-03-23,circumpolar,4.878580077,0.04573527940002275,0.04573527940002275,1.1150233324839751,FALSE,FALSE
1993-03-24,circumpolar,4.997947956,0.08038654361542896,0.08038654361542896,1.1150233324839751,FALSE,FALSE
1993-03-25,circumpolar,5.10166994,0.09848045035843,0.09848045035843,1.1150233324839751,FALSE,FALSE
1993-03-26,circumpolar,5.182229052,0.0925390583095398,0.0925390583095398,1.1150233324839751,FALSE,FALSE
1993-03-27,circumpolar,5.262481623,0.08545773414928703,0.08545773414928703,1.1150233324839751,FALSE,FALSE
1993-03-28,circumpolar,5.276522885,0.01137074555819239,0.01137074555819239,1.1150233324839751,FALSE,FALSE
1993-03-29,circumpolar,5.363103955,0.00906824521677052,0.00906824521677052,1.1150233324839751,FALSE,FALSE
1993-03-30,circumpolar,5.429683607,-0.01395195719444686,0.01395195719444686,1.1150233324839751,FALSE,FALSE
1993-03-31,circumpolar,5.505316914,-0.0286056065774316,0.0286056065774316,1.1150233324839751,FALSE,FALSE
1993-04-01,circumpolar,5.57460614,-0.05031511684342238,0.05031511684342238,1.1150233324839751,FALSE,FALSE
1993-04-02,circumpolar,5.660953892,-0.05572086898582995,0.05572086898582995,1.1150233324839751,FALSE,FALSE
1993-04-03,circumpolar,5.779788401,-0.02943763513499409,0.02943763513499409,1.1150233324839751,FALSE,FALSE
1993-04-04,circumpolar,5.842054143,-0.06056394242124696,0.06056394242124696,1.1150233324839751,FALSE,FALSE
1993-04-05,circumpolar,5.943159735,-0.05373417697492932,0.05373417697492932,1.1150233324839751,FALSE,FALSE
1993-04-06,circumpolar,6.007802172,-0.08429434692636839,0.08429434692636839,1.1150233324839751,FALSE,FALSE
1993-04-07,circumpolar,6.06337571,-0.12489319940591416,0.12489319940591416,1.1150233324839751,FALSE,FALSE
1993-04-08,circumpolar,6.144820517,-0.14063356954389583,0.14063356954389583,1.1150233324839751,FALSE,FALSE
1993-04-09,circumpolar,6.246817043,-0.1368780104706575,0.1368780104706575,1.1150233324839751,FALSE,FALSE
1993-04-10,circumpolar,6.386548076,-0.09648673731652836,0.09648673731652836,1.1150233324839751,FALSE,FALSE
1993-04-11,circumpolar,6.481718863,-0.10179750621185411,0.10179750621185411,1.1150233324839751,FALSE,FALSE
1993-04-12,circumpolar,6.616178758,-0.06900333971961725,0.06900333971961725,1.1150233324839751,FALSE,FALSE
1993-04-13,circumpolar,6.734268186,-0.05376153380147652,0.05376153380147652,1.1150233324839751,FALSE,FALSE
1993-04-14,circumpolar,6.84695682,-0.04502652206086299,0.04502652206086299,1.1150233324839751,FALSE,FALSE
1993-04-15,circumpolar,6.924052354,-0.0729078411906201,0.0729078411906201,1.1150233324839751,FALSE,FALSE
1993-04-16,circumpolar,6.993989913,-0.10888759688356142,0.10888759688356142,1.1150233324839751,FALSE,FALSE
1993-04-17,circumpolar,7.0710989,-0.13855361683253253,0.13855361683253253,1.1150233324839751,FALSE,FALSE
1993-04-18,circumpolar,7.091795307,-0.2254071397303674,0.2254071397303674,1.1150233324839751,FALSE,FALSE
1993-04-19,circumpolar,7.140923095,-0.28452143526990703,0.28452143526990703,1.1150233324839751,FALSE,FALSE
1993-04-20,circumpolar,7.224757392,-0.30953860614396334,0.30953860614396334,1.1150233324839751,FALSE,FALSE
1993-04-21,circumpolar,7.32085653,-0.322817551045393,0.322817551045393,1.1150233324839751,FALSE,FALSE
1993-04-22,circumpolar,7.475116225,-0.2783797846670213,0.2783797846670213,1.1150233324839751,FALSE,FALSE
1993-04-23,circumpolar,7.598587459,-0.26509155570167486,0.26509155570167486,1.1150233324839751,FALSE,FALSE
1993-04-24,circumpolar,7.77185302,-0.2022873068422042,0.2022873068422042,1.1150233324839751,FALSE,FALSE
1993-04-25,circumpolar,7.89311274,-0.19168793835786513,0.19168793835786513,1.1150233324839751,FALSE,FALSE
1993-04-26,circumpolar,8.043263524,-0.15235053360874318,0.15235053360874318,1.1150233324839751,FALSE,FALSE
1993-04-27,circumpolar,8.176443539,-0.13010929146522088,0.13010929146522088,1.1150233324839751,FALSE,FALSE
1993-04-28,circumpolar,8.352972697,-0.06461685938442407,0.06461685938442407,1.1150233324839751,FALSE,FALSE
1993-04-29,circumpolar,8.481104776,-0.04759201882350439,0.04759201882350439,1.1150233324839751,FALSE,FALSE
1993-04-30,circumpolar,8.611286443,-0.02856066223960773,0.02856066223960773,1.1150233324839751,FALSE,FALSE
1993-05-01,circumpolar,8.741281504,-0.00973154308987034,0.00973154308987034,1.1150233324839751,FALSE,FALSE
1993-05-02,circumpolar,8.8962601,0.03409292016855403,0.03409292016855403,1.1150233324839751,FALSE,FALSE
1993-05-03,circumpolar,9.016494929,0.04321286607854269,0.04321286607854269,1.1150233324839751,FALSE,FALSE
1993-05-04,circumpolar,9.179578678,0.09524842218293728,0.09524842218293728,1.1150233324839751,FALSE,FALSE
1993-05-05,circumpolar,9.283644815,0.0883604970245937,0.0883604970245937,1.1150233324839751,FALSE,FALSE
1993-05-06,circumpolar,9.394879964,0.08876315514638122,0.08876315514638122,1.1150233324839751,FALSE,FALSE
1993-05-07,circumpolar,9.501689749,0.08488944609815618,0.08488944609815618,1.1150233324839751,FALSE,FALSE
1993-05-08,circumpolar,9.544392536,0.01707680260324906,0.01707680260324906,1.1150233324839751,FALSE,FALSE
1993-05-09,circumpolar,9.54918844,-0.08847784040191442,0.08847784040191442,1.1150233324839751,FALSE,FALSE
1993-05-10,circumpolar,9.627111921,-0.1207468633789972,0.1207468633789972,1.1150233324839751,FALSE,FALSE
1993-05-11,circumpolar,9.768493827,-0.08940625878967978,0.08940625878967978,1.1150233324839751,FALSE,FALSE
1993-05-12,circumpolar,9.939592131,-0.02820489409562832,0.02820489409562832,1.1150233324839751,FALSE,FALSE
1993-05-13,circumpolar,10.04831047,-0.02924597275852036,0.02924597275852036,1.1150233324839751,FALSE,FALSE
1993-05-14,circumpolar,10.17415633,-0.01302884924002256,0.01302884924002256,1.1150233324839751,FALSE,FALSE
1993-05-15,circumpolar,10.31188167,0.01519159499818911,0.01519159499818911,1.1150233324839751,FALSE,FALSE
1993-05-16,circumpolar,10.4568986,0.05082062949443688,0.05082062949443688,1.1150233324839751,FALSE,FALSE
1993-05-17,circumpolar,10.53570837,0.02035266378704925,0.02035266378704925,1.1150233324839751,FALSE,FALSE
1993-05-18,circumpolar,10.62563307,0.001102947414374,0.001102947414374,1.1150233324839751,FALSE,FALSE
1993-05-19,circumpolar,10.67744881,-0.05615925008528322,0.05615925008528322,1.1150233324839751,FALSE,FALSE
1993-05-20,circumpolar,10.77036456,-0.07223066613611451,0.07223066613611451,1.1150233324839751,FALSE,FALSE
1993-05-21,circumpolar,10.94575448,-0.00572217327126445,0.00572217327126445,1.1150233324839751,FALSE,FALSE
1993-05-22,circumpolar,11.06705095,0.00683163929325481,0.00683163929325481,1.1150233324839751,FALSE,FALSE
1993-05-23,circumpolar,11.18453491,0.01574535007662092,0.01574535007662092,1.1150233324839751,FALSE,FALSE
1993-05-24,circumpolar,11.23261297,-0.04454079240199959,0.04454079240199959,1.1150233324839751,FALSE,FALSE
1993-05-25,circumpolar,11.35460318,-0.03067509962341752,0.03067509962341752,1.1150233324839751,FALSE,FALSE
1993-05-26,circumpolar,11.49660758,0.00347810693153682,0.00347810693153682,1.1150233324839751,FALSE,FALSE
1993-05-27,circumpolar,11.54229935,-0.05837435421796577,0.05837435421796577,1.1150233324839751,FALSE,FALSE
1993-05-28,circumpolar,11.63521312,-0.07266421455274852,0.07266421455274852,1.1150233324839751,FALSE,FALSE
1993-05-29,circumpolar,11.70289144,-0.1118152855536234,0.1118152855536234,1.1150233324839751,FALSE,FALSE
1993-05-30,circumpolar,11.79784975,-0.1232784887014251,0.1232784887014251,1.1150233324839751,FALSE,FALSE
1993-05-31,circumpolar,11.97058087,-0.05652736547698822,0.05652736547698822,1.1150233324839751,FALSE,FALSE
1993-06-01,circumpolar,12.12856082,-0.00405225736110814,0.00405225736110814,1.1150233324839751,FALSE,FALSE
1993-06-02,circumpolar,12.26165882,0.02403858219641286,0.02403858219641286,1.1150233324839751,FALSE,FALSE
1993-06-03,circumpolar,12.372232,0.03007551405092279,0.03007551405092279,1.1150233324839751,FALSE,FALSE
1993-06-04,circumpolar,12.46684274,0.02058048384660438,0.02058048384660438,1.1150233324839751,FALSE,FALSE
1993-06-05,circumpolar,12.62976717,0.07978918672151103,0.07978918672151103,1.1150233324839751,FALSE,FALSE
1993-06-06,circumpolar,12.84853165,0.19518754781368308,0.19518754781368308,1.1150233324839751,FALSE,FALSE
1993-06-07,circumpolar,12.93697392,0.18057287226114305,0.18057287226114305,1.1150233324839751,FALSE,FALSE
1993-06-08,circumpolar,12.94893088,0.08974162520192941,0.08974162520192941,1.1150233324839751,FALSE,FALSE
1993-06-09,circumpolar,13.02818509,0.0664359317740697,0.0664359317740697,1.1150233324839751,FALSE,FALSE
1993-06-10,circumpolar,13.11929546,0.05517426711559814,0.05517426711559814,1.1150233324839751,FALSE,FALSE
1993-06-11,circumpolar,13.18657571,0.02022991636456517,0.02022991636456517,1.1150233324839751,FALSE,FALSE
1993-06-12,circumpolar,13.2741721,0.00570870465898565,0.00570870465898565,1.1150233324839751,FALSE,FALSE
1993-06-13,circumpolar,13.26814387,-0.10237056286310596,0.10237056286310596,1.1150233324839751,FALSE,FALSE
1993-06-14,circumpolar,13.28118669,-0.19135082064324216,0.19135082064324216,1.1150233324839751,FALSE,FALSE
1993-06-15,circumpolar,13.33999481,-0.23449573059899545,0.23449573059899545,1.1150233324839751,FALSE,FALSE
1993-06-16,circumpolar,13.44760148,-0.22861925615600676,0.22861925615600676,1.1150233324839751,FALSE,FALSE
1993-06-17,circumpolar,13.47657584,-0.3009914504453892,0.3009914504453892,1.1150233324839751,FALSE,FALSE
1993-06-18,circumpolar,13.6553985,-0.22297089659828728,0.22297089659828728,1.1150233324839751,FALSE,FALSE
1993-06-19,circumpolar,13.82109355,-0.1573726977458101,0.1573726977458101,1.1150233324839751,FALSE,FALSE
1993-06-20,circumpolar,13.8960699,-0.18162713701909183,0.18162713701909183,1.1150233324839751,FALSE,FALSE
1993-06-21,circumpolar,13.91864379,-0.25725716754925543,0.25725716754925543,1.1150233324839751,FALSE,FALSE
1993-06-22,circumpolar,14.02339036,-0.2495268424674446,0.2495268424674446,1.1150233324839751,FALSE,FALSE
1993-06-23,circumpolar,14.08613238,-0.2824525849047692,0.2824525849047692,1.1150233324839751,FALSE,FALSE
1993-06-24,circumpolar,14.20616417,-0.25657926799235753,0.25657926799235753,1.1150233324839751,FALSE,FALSE
1993-06-25,circumpolar,14.30128871,-0.25394310486134763,0.25394310486134763,1.1150233324839751,FALSE,FALSE
1993-06-26,circumpolar,14.38292402,-0.2629652686428514,0.2629652686428514,1.1150233324839751,FALSE,FALSE
1993-06-27,circumpolar,14.54109465,-0.1934884271543087,0.1934884271543087,1.1150233324839751,FALSE,FALSE
1993-06-28,circumpolar,14.68186727,-0.13952489690366932,0.13952489690366932,1.1150233324839751,FALSE,FALSE
1993-06-29,circumpolar,14.80789445,-0.0985978598378523,0.0985978598378523,1.1150233324839751,FALSE,FALSE
1993-06-30,circumpolar,15.00043535,0.01037559457567383,0.01037559457567383,1.1150233324839751,FALSE,FALSE
1993-07-01,circumpolar,15.09160633,0.01933557686946585,0.01933557686946585,1.1150233324839751,FALSE,FALSE
1993-07-02,circumpolar,15.1450126,-0.00828895242393379,0.00828895242393379,1.1150233324839751,FALSE,FALSE
1993-07-03,circumpolar,15.25706583,0.0237374272280384,0.0237374272280384,1.1150233324839751,FALSE,FALSE
1993-07-04,circumpolar,15.40260964,0.090082086357917035,0.090082086357917035,1.1150233324839751,FALSE,FALSE
1993-07-05,circumpolar,15.35051017,-0.04056508450174512,0.04056508450174512,1.1150233324839751,FALSE,FALSE
1993-07-06,circumpolar,15.44809062,-0.02105713481840254,0.02105713481840254,1.1150233324839751,FALSE,FALSE
1993-07-07,circumpolar,15.55368736,0.00676605594049739,0.00676605594049739,1.1150233324839751,FALSE,FALSE
1993-07-08,circumpolar,15.56500548,-0.05956667169249918,0.05956667169249918,1.1150233324839751,FALSE,FALSE
1993-07-09,circumpolar,15.80916191,0.10688577580904202,0.10688577580904202,1.1150233324839751,FALSE,FALSE
1993-07-10,circumpolar,15.96413955,0.18401078737051255,0.18401078737051255,1.1150233324839751,FALSE,FALSE
1993-07-11,circumpolar,16.08641848,0.22836872200045732,0.22836872200045732,1.1150233324839751,FALSE,FALSE
1993-07-12,circumpolar,16.22509386,0.2891582821176346,0.2891582821176346,1.1150233324839751,FALSE,FALSE
1993-07-13,circumpolar,16.26378159,0.25009891014085994,0.25009891014085994,1.1150233324839751,FALSE,FALSE
1993-07-14,circumpolar,16.19653725,0.10534972848890688,0.10534972848890688,1.1150233324839751,FALSE,FALSE
1993-07-15,circumpolar,16.15418915,-0.01415741041941487,0.01415741041941487,1.1150233324839751,FALSE,FALSE
1993-07-16,circumpolar,16.27269719,0.02764093583466476,0.02764093583466476,1.1150233324839751,FALSE,FALSE
1993-07-17,circumpolar,16.32645203,0.0052389696699393,0.0052389696699393,1.1150233324839751,FALSE,FALSE
1993-07-18,circumpolar,16.31689141,-0.07982202649476733,0.07982202649476733,1.1150233324839751,FALSE,FALSE
1993-07-19,circumpolar,16.46414162,-0.00731222024070632,0.00731222024070632,1.1150233324839751,FALSE,FALSE
1993-07-20,circumpolar,16.55161635,0.0062856208509352,0.0062856208509352,1.1150233324839751,FALSE,FALSE
1993-07-21,circumpolar,16.55554949,-0.0626910708010584,0.0626910708010584,1.1150233324839751,FALSE,FALSE
1993-07-22,circumpolar,16.65191387,-0.03816880471951478,0.03816880471951478,1.1150233324839751,FALSE,FALSE
1993-07-23,circumpolar,16.77797566,0.0171794721563927,0.0171794721563927,1.1150233324839751,FALSE,FALSE
1993-07-24,circumpolar,16.87367681,0.04332759755018145,0.04332759755018145,1.1150233324839751,FALSE,FALSE
1993-07-25,circumpolar,16.92575409,0.02704357145826819,0.02704357145826819,1.1150233324839751,FALSE,FALSE
1993-07-26,circumpolar,17.01893734,0.05308846387709209,0.05308846387709209,1.1150233324839751,FALSE,FALSE
1993-07-27,circumpolar,17.09828743,0.06655437480307569,0.06655437480307569,1.1150233324839751,FALSE,FALSE
1993-07-28,circumpolar,17.08177296,-0.01455886576735565,0.01455886576735565,1.1150233324839751,FALSE,FALSE
1993-07-29,circumpolar,17.0601652,-0.09944875783776295,0.09944875783776295,1.1150233324839751,FALSE,FALSE
1993-07-30,circumpolar,17.10629755,-0.1152506714117152,0.1152506714117152,1.1150233324839751,FALSE,FALSE
1993-07-31,circumpolar,17.15263451,-0.12946887649280825,0.12946887649280825,1.1150233324839751,FALSE,FALSE
1993-08-01,circumpolar,17.1221998,-0.21904842308460817,0.21904842308460817,1.1150233324839751,FALSE,FALSE
1993-08-02,circumpolar,17.06215596,-0.3367955411906678,0.3367955411906678,1.1150233324839751,FALSE,FALSE
1993-08-03,circumpolar,17.074746,-0.38043599137723305,0.38043599137723305,1.1150233324839751,FALSE,FALSE
1993-08-04,circumpolar,17.08125503,-0.4286686240620981,0.4286686240620981,1.1150233324839751,FALSE,FALSE
1993-08-05,circumpolar,17.12196946,-0.441245785325087,0.441245785325087,1.1150233324839751,FALSE,FALSE
1993-08-06,circumpolar,17.13883555,-0.47627232298776434,0.47627232298776434,1.1150233324839751,FALSE,FALSE
1993-08-07,circumpolar,17.19951738,-0.4661352648717241,0.4661352648717241,1.1150233324839751,FALSE,FALSE
1993-08-08,circumpolar,17.36289041,-0.3520102587985683,0.3520102587985683,1.1150233324839751,FALSE,FALSE
1993-08-09,circumpolar,17.51526719,-0.24763586258987047,0.24763586258987047,1.1150233324839751,FALSE,FALSE
1993-08-10,circumpolar,17.5801894,-0.2295215040672396,0.2295215040672396,1.1150233324839751,FALSE,FALSE
1993-08-11,circumpolar,17.59379871,-0.26157662105224944,0.26157662105224944,1.1150233324839751,FALSE,FALSE
1993-08-12,circumpolar,17.60515565,-0.2947917913665066,0.2947917913665066,1.1150233324839751,FALSE,FALSE
1993-08-13,circumpolar,17.63410046,-0.3093778828315763,0.3093778828315763,1.1150233324839751,FALSE,FALSE
1993-08-14,circumpolar,17.73104005,-0.25497909326906054,0.25497909326906054,1.1150233324839751,FALSE,FALSE
1993-08-15,circumpolar,17.82788577,-0.19973518050055716,0.19973518050055716,1.1150233324839751,FALSE,FALSE
1993-08-16,circumpolar,17.92687944,-0.1414545537773506,0.1414545537773506,1.1150233324839751,FALSE,FALSE
1993-08-17,circumpolar,17.94408098,-0.16410140917783878,0.16410140917783878,1.1150233324839751,FALSE,FALSE
1993-08-18,circumpolar,18.02376273,-0.12339763419462102,0.12339763419462102,1.1150233324839751,FALSE,FALSE
1993-08-19,circumpolar,18.14199892,-0.04326158834856386,0.04326158834856386,1.1150233324839751,FALSE,FALSE
1993-08-20,circumpolar,18.18542848,-0.03704693116048219,0.03704693116048219,1.1150233324839751,FALSE,FALSE
1993-08-21,circumpolar,18.26139782,0.0026001578487893,0.0026001578487893,1.1150233324839751,FALSE,FALSE
1993-08-22,circumpolar,18.30140496,0.00718510915841363,0.00718510915841363,1.1150233324839751,FALSE,FALSE
1993-08-23,circumpolar,18.29888435,-0.02985021675245391,0.02985021675245391,1.1150233324839751,FALSE,FALSE
1993-08-24,circumpolar,18.30784712,-0.05448727940465048,0.05448727940465048,1.1150233324839751,FALSE,FALSE
1993-08-25,circumpolar,18.34965785,-0.04535408831900156,0.04535408831900156,1.1150233324839751,FALSE,FALSE
1993-08-26,circumpolar,18.46380117,0.03704139698364273,0.03704139698364273,1.1150233324839751,FALSE,FALSE
1993-08-27,circumpolar,18.5563558,0.09878530698244958,0.09878530698244958,1.1150233324839751,FALSE,FALSE
1993-08-28,circumpolar,18.61505685,0.12762016215659244,0.12762016215659244,1.1150233324839751,FALSE,FALSE
1993-08-29,circumpolar,18.71221116,0.19586112252199328,0.19586112252199328,1.1150233324839751,FALSE,FALSE
1993-08-30,circumpolar,18.72673411,0.18243741598277197,0.18243741598277197,1.1150233324839751,FALSE,FALSE
1993-08-31,circumpolar,18.80575284,0.23449210744662707,0.23449210744662707,1.1150233324839751,FALSE,FALSE
1993-09-01,circumpolar,18.80921532,0.2119890955467696,0.2119890955467696,1.1150233324839751,FALSE,FALSE
1993-09-02,circumpolar,18.85072401,0.22854676891638448,0.22854676891638448,1.1150233324839751,FALSE,FALSE
1993-09-03,circumpolar,18.89417928,0.2480814261886799,0.2480814261886799,1.1150233324839751,FALSE,FALSE
1993-09-04,circumpolar,18.847992,0.1790198659968567,0.1790198659968567,1.1150233324839751,FALSE,FALSE
1993-09-05,circumpolar,18.83549721,0.14471305697408,0.14471305697408,1.1150233324839751,FALSE,FALSE
1993-09-06,circumpolar,18.7761883,0.064670317753599,0.064670317753599,1.1150233324839751,FALSE,FALSE
1993-09-07,circumpolar,18.74242964,0.01127194696856293,0.01127194696856293,1.1150233324839751,FALSE,FALSE
1993-09-08,circumpolar,18.71440843,-0.03527892674781441,0.03527892674781441,1.1150233324839751,FALSE,FALSE
1993-09-09,circumpolar,18.66734798,-0.09974306476233252,0.09974306476233252,1.1150233324839751,FALSE,FALSE
1993-09-10,circumpolar,18.6726991,-0.11065370455992962,0.11065370455992962,1.1150233324839751,FALSE,FALSE
1993-09-11,circumpolar,18.75563385,-0.04282056648133547,0.04282056648133547,1.1150233324839751,FALSE,FALSE
1993-09-12,circumpolar,18.79266443,-0.01970912822479675,0.01970912822479675,1.1150233324839751,FALSE,FALSE
1993-09-13,circumpolar,18.85231838,0.02723090448395027,0.02723090448395027,1.1150233324839751,FALSE,FALSE
1993-09-14,circumpolar,18.91995432,0.08338090591913172,0.08338090591913172,1.1150233324839751,FALSE,FALSE
1993-09-15,circumpolar,18.94298211,0.09617349035497824,0.09617349035497824,1.1150233324839751,FALSE,FALSE
1993-09-16,circumpolar,18.95047917,0.09470883206575208,0.09470883206575208,1.1150233324839751,FALSE,FALSE
1993-09-17,circumpolar,18.94911574,0.0856799253256888,0.0856799253256888,1.1150233324839751,FALSE,FALSE
1993-09-18,circumpolar,18.99645374,0.12667144440901978,0.12667144440901978,1.1150233324839751,FALSE,FALSE
1993-09-19,circumpolar,19.02772813,0.15294110359000257,0.15294110359000257,1.1150233324839751,FALSE,FALSE
1993-09-20,circumpolar,18.9741341,0.09570684714285348,0.09570684714285348,1.1150233324839751,FALSE,FALSE
1993-09-21,circumpolar,18.90393735,0.02325712934183599,0.02325712934183599,1.1150233324839751,FALSE,FALSE
1993-09-22,circumpolar,18.83207522,-0.0494479555388061,0.0494479555388061,1.1150233324839751,FALSE,FALSE
1993-09-23,circumpolar,18.86170526,-0.01922888397153954,0.01922888397153954,1.1150233324839751,FALSE,FALSE
1993-09-24,circumpolar,18.76880492,-0.1100945912005109,0.1100945912005109,1.1150233324839751,FALSE,FALSE
1993-09-25,circumpolar,18.76195298,-0.1134577530292944,0.1134577530292944,1.1150233324839751,FALSE,FALSE
1993-09-26,circumpolar,18.86129832,-0.00916101640696709,0.00916101640696709,1.1150233324839751,FALSE,FALSE
1993-09-27,circumpolar,18.9141961,0.05015925171735347,0.05015925171735347,1.1150233324839751,FALSE,FALSE
1993-09-28,circumpolar,18.97625803,0.12012323439456908,0.12012323439456908,1.1150233324839751,FALSE,FALSE
1993-09-29,circumpolar,18.94777005,0.10102534467555913,0.10102534467555913,1.1150233324839751,FALSE,FALSE
1993-09-30,circumpolar,18.87753572,0.04167761561123839,0.04167761561123839,1.1150233324839751,FALSE,FALSE
1993-10-01,circumpolar,18.84993624,0.02646972025250704,0.02646972025250704,1.1150233324839751,FALSE,FALSE
1993-10-02,circumpolar,18.85983647,0.05027499165024807,0.05027499165024807,1.1150233324839751,FALSE,FALSE
1993-10-03,circumpolar,18.83716497,0.04303046285536993,0.04303046285536993,1.1150233324839751,FALSE,FALSE
1993-10-04,circumpolar,18.78828061,0.01110347691876967,0.01110347691876967,1.1150233324839751,FALSE,FALSE
1993-10-05,circumpolar,18.79618413,0.03750324960252627,0.03750324960252627,1.1150233324839751,FALSE,FALSE
1993-10-06,circumpolar,18.82574784,0.0871138462124712,0.0871138462124712,1.1150233324839751,FALSE,FALSE
1993-10-07,circumpolar,18.82624845,0.10923337899392394,0.10923337899392394,1.1150233324839751,FALSE,FALSE
1993-10-08,circumpolar,18.82802311,0.1342221650807538,0.1342221650807538,1.1150233324839751,FALSE,FALSE
1993-10-09,circumpolar,18.82124696,0.1522785116068519,0.1522785116068519,1.1150233324839751,FALSE,FALSE
1993-10-10,circumpolar,18.77951254,0.13701812570611693,0.13701812570611693,1.1150233324839751,FALSE,FALSE
1993-10-11,circumpolar,18.71905502,0.10469934451241868,0.10469934451241868,1.1150233324839751,FALSE,FALSE
1993-10-12,circumpolar,18.6648117,0.08028263515962308,0.08028263515962308,1.1150233324839751,FALSE,FALSE
1993-10-13,circumpolar,18.60623892,0.05324750478165541,0.05324750478165541,1.1150233324839751,FALSE,FALSE
1993-10-14,circumpolar,18.57458356,0.05486400051236373,0.05486400051236373,1.1150233324839751,FALSE,FALSE
1993-10-15,circumpolar,18.55439731,0.0697069794856553,0.0697069794856553,1.1150233324839751,FALSE,FALSE
1993-10-16,circumpolar,18.55612933,0.10824876883540568,0.10824876883540568,1.1150233324839751,FALSE,FALSE
1993-10-17,circumpolar,18.50088031,0.09161322569548958,0.09161322569548958,1.1150233324839751,FALSE,FALSE
1993-10-18,circumpolar,18.40485424,0.03602713427535065,0.03602713427535065,1.1150233324839751,FALSE,FALSE
1993-10-19,circumpolar,18.35830866,0.03176290797936687,0.03176290797936687,1.1150233324839751,FALSE,FALSE
1993-10-20,circumpolar,18.28598714,0.00357141780126113,0.00357141780126113,1.1150233324839751,FALSE,FALSE
1993-10-21,circumpolar,18.25485757,0.01842755153333541,0.01842755153333541,1.1150233324839751,FALSE,FALSE
1993-10-22,circumpolar,18.15037252,-0.03820912303211088,0.03820912303211088,1.1150233324839751,FALSE,FALSE
1993-10-23,circumpolar,18.13825133,-6.122681027811439e-4,6.122681027811439e-4,1.1150233324839751,FALSE,FALSE
1993-10-24,circumpolar,18.07975633,-0.00751255588635046,0.00751255588635046,1.1150233324839751,FALSE,FALSE
1993-10-25,circumpolar,17.94929094,-0.08449956859053032,0.08449956859053032,1.1150233324839751,FALSE,FALSE
1993-10-26,circumpolar,17.84173278,-0.13668868842301762,0.13668868842301762,1.1150233324839751,FALSE,FALSE
1993-10-27,circumpolar,17.82958281,-0.09157195759149062,0.09157195759149062,1.1150233324839751,FALSE,FALSE
1993-10-28,circumpolar,17.8269616,-0.03502180830366441,0.03502180830366441,1.1150233324839751,FALSE,FALSE
1993-10-29,circumpolar,17.82815877,0.02725837723276925,0.02725837723276925,1.1150233324839751,FALSE,FALSE
1993-10-30,circumpolar,17.83945991,0.1015611868101196,0.1015611868101196,1.1150233324839751,FALSE,FALSE
1993-10-31,circumpolar,17.79496842,0.12201967649653156,0.12201967649653156,1.1150233324839751,FALSE,FALSE
1993-11-01,circumpolar,17.77568795,0.16977868131389684,0.16977868131389684,1.1150233324839751,FALSE,FALSE
1993-11-02,circumpolar,17.74450008,0.2078952236448224,0.2078952236448224,1.1150233324839751,FALSE,FALSE
1993-11-03,circumpolar,17.70540373,0.24054367508117025,0.24054367508117025,1.1150233324839751,FALSE,FALSE
1993-11-04,circumpolar,17.64962262,0.25912320721483084,0.25912320721483084,1.1150233324839751,FALSE,FALSE
1993-11-05,circumpolar,17.62287408,0.3095266016376783,0.3095266016376783,1.1150233324839751,FALSE,FALSE
1993-11-06,circumpolar,17.59922178,0.36599297994158775,0.36599297994158775,1.1150233324839751,FALSE,FALSE
1993-11-07,circumpolar,17.43289022,0.28292229371842836,0.28292229371842836,1.1150233324839751,FALSE,FALSE
1993-11-08,circumpolar,17.33850666,0.2751172545600937,0.2751172545600937,1.1150233324839751,FALSE,FALSE
1993-11-09,circumpolar,17.22444642,0.2511286340584391,0.2511286340584391,1.1150233324839751,FALSE,FALSE
1993-11-10,circumpolar,17.13692561,0.25734799380536444,0.25734799380536444,1.1150233324839751,FALSE,FALSE
1993-11-11,circumpolar,17.02725813,0.24526468539273336,0.24526468539273336,1.1150233324839751,FALSE,FALSE
1993-11-12,circumpolar,16.95965534,0.2792642186367118,0.2792642186367118,1.1150233324839751,FALSE,FALSE
1993-11-13,circumpolar,16.84546052,0.2707920104223014,0.2707920104223014,1.1150233324839751,FALSE,FALSE
1993-11-14,circumpolar,16.73648635,0.2716546271726408,0.2716546271726408,1.1150233324839751,FALSE,FALSE
1993-11-15,circumpolar,16.63952896,0.28863315643117105,0.28863315643117105,1.1150233324839751,FALSE,FALSE
1993-11-16,circumpolar,16.59185462,0.3589788257413531,0.3589788257413531,1.1150233324839751,FALSE,FALSE
1993-11-17,circumpolar,16.41828911,0.3075023726466313,0.3075023726466313,1.1150233324839751,FALSE,FALSE
1993-11-18,circumpolar,16.2702452,0.2856015246904491,0.2856015246904491,1.1150233324839751,FALSE,FALSE
1993-11-19,circumpolar,16.15524606,0.30078440941626106,0.30078440941626106,1.1150233324839751,FALSE,FALSE
1993-11-20,circumpolar,16.02024661,0.29999090436752773,0.29999090436752773,1.1150233324839751,FALSE,FALSE
1993-11-21,circumpolar,15.86671283,0.2846719470876842,0.2846719470876842,1.1150233324839751,FALSE,FALSE
1993-11-22,circumpolar,15.70908348,0.2692512551201922,0.2692512551201922,1.1150233324839751,FALSE,FALSE
1993-11-23,circumpolar,15.60747624,0.3138314660084891,0.3138314660084891,1.1150233324839751,FALSE,FALSE
1993-11-24,circumpolar,15.42641152,0.28291794729603836,0.28291794729603836,1.1150233324839751,FALSE,FALSE
1993-11-25,circumpolar,15.29079365,0.3014074937201947,0.3014074937201947,1.1150233324839751,FALSE,FALSE
1993-11-26,circumpolar,15.12089192,0.2896253546066987,0.2896253546066987,1.1150233324839751,FALSE,FALSE
1993-11-27,circumpolar,14.95020192,0.28115500600639187,0.28115500600639187,1.1150233324839751,FALSE,FALSE
1993-11-28,circumpolar,14.77388454,0.2712454657965573,0.2712454657965573,1.1150233324839751,FALSE,FALSE
1993-11-29,circumpolar,14.56594088,0.2339859618544509,0.2339859618544509,1.1150233324839751,FALSE,FALSE
1993-11-30,circumpolar,14.41409234,0.25718602205733987,0.25718602205733987,1.1150233324839751,FALSE,FALSE
1993-12-01,circumpolar,14.21178128,0.2343761342824866,0.2343761342824866,1.1150233324839751,FALSE,FALSE
1993-12-02,circumpolar,13.96732991,0.17396663640715815,0.17396663640715815,1.1150233324839751,FALSE,FALSE
1993-12-03,circumpolar,13.71709574,0.11240316630861004,0.11240316630861004,1.1150233324839751,FALSE,FALSE
1993-12-04,circumpolar,13.54603664,0.13473172186411908,0.13473172186411908,1.1150233324839751,FALSE,FALSE
1993-12-05,circumpolar,13.2737828,0.06067062095093867,0.06067062095093867,1.1150233324839751,FALSE,FALSE
1993-12-06,circumpolar,12.82923393,-0.18079229855366383,0.18079229855366383,1.1150233324839751,FALSE,FALSE
1993-12-07,circumpolar,12.56301088,-0.2389485530930049,0.2389485530930049,1.1150233324839751,FALSE,FALSE
1993-12-08,circumpolar,12.38448282,-0.20449479203859156,0.20449479203859156,1.1150233324839751,FALSE,FALSE
1993-12-09,circumpolar,12.03112568,-0.3403909768800695,0.3403909768800695,1.1150233324839751,FALSE,FALSE
1993-12-10,circumpolar,11.94148479,-0.20858233700933584,0.20858233700933584,1.1150233324839751,FALSE,FALSE
1993-12-11,circumpolar,11.60361869,-0.32150089181829244,0.32150089181829244,1.1150233324839751,FALSE,FALSE
1993-12-12,circumpolar,11.47226083,-0.22490375069884297,0.22490375069884297,1.1150233324839751,FALSE,FALSE
1993-12-13,circumpolar,11.187297300000001,-0.2793953830428837,0.2793953830428837,1.1150233324839751,FALSE,FALSE
1993-12-14,circumpolar,10.95733364,-0.2768608082423203,0.2768608082423203,1.1150233324839751,FALSE,FALSE
1993-12-15,circumpolar,10.70327207,-0.29688836568904975,0.29688836568904975,1.1150233324839751,FALSE,FALSE
1993-12-16,circumpolar,10.44439003,-0.32069117477496256,0.32069117477496256,1.1150233324839751,FALSE,FALSE
1993-12-17,circumpolar,10.11500421,-0.414443104891971,0.414443104891971,1.1150233324839751,FALSE,FALSE
1993-12-18,circumpolar,9.854391441,-0.4393578844319759,0.4393578844319759,1.1150233324839751,FALSE,FALSE
1993-12-19,circumpolar,9.552882287,-0.5055955087868735,0.5055955087868735,1.1150233324839751,FALSE,FALSE
1993-12-20,circumpolar,9.110833509,-0.7132881933075659,0.7132881933075659,1.1150233324839751,FALSE,FALSE
1993-12-21,circumpolar,8.852040223,-0.7391047674153857,0.7391047674153857,1.1150233324839751,FALSE,FALSE
1993-12-22,circumpolar,8.647687596,-0.7123040293180711,0.7123040293180711,1.1150233324839751,FALSE,FALSE
1993-12-23,circumpolar,8.410201407,-0.7209036084363039,0.7209036084363039,1.1150233324839751,FALSE,FALSE
1993-12-24,circumpolar,8.145816522,-0.7591120471907793,0.7591120471907793,1.1150233324839751,FALSE,FALSE
1993-12-25,circumpolar,7.919771728,-0.7621339670021596,0.7621339670021596,1.1150233324839751,FALSE,FALSE
1993-12-26,circumpolar,7.77725615,-0.6852236512911505,0.6852236512911505,1.1150233324839751,FALSE,FALSE
1993-12-27,circumpolar,7.675372698,-0.571721598478403,0.571721598478403,1.1150233324839751,FALSE,FALSE
1993-12-28,circumpolar,7.420411808,-0.6157807809846298,0.6157807809846298,1.1150233324839751,FALSE,FALSE
1993-12-29,circumpolar,7.389067506,-0.441150581230481,0.441150581230481,1.1150233324839751,FALSE,FALSE
1993-12-30,circumpolar,7.265488244,-0.3641259556366627,0.3641259556366627,1.1150233324839751,FALSE,FALSE
1993-12-31,circumpolar,7.155915493,-0.27890884162385987,0.27890884162385987,1.1150233324839751,FALSE,FALSE
1994-01-01,circumpolar,6.974735347,-0.2715565536127329,0.2715565536127329,1.1150233324839751,FALSE,FALSE
1994-01-02,circumpolar,6.879437052,-0.1849058305692708,0.1849058305692708,1.1150233324839751,FALSE,FALSE
1994-01-03,circumpolar,6.765143105,-0.12369046664061224,0.12369046664061224,1.1150233324839751,FALSE,FALSE
1994-01-04,circumpolar,6.643718301,-0.07578453451918055,0.07578453451918055,1.1150233324839751,FALSE,FALSE
1994-01-05,circumpolar,6.471810541,-0.0842790008973866,0.0842790008973866,1.1150233324839751,FALSE,FALSE
1994-01-06,circumpolar,6.351073946,-0.04725861246768126,0.04725861246768126,1.1150233324839751,FALSE,FALSE
1994-01-07,circumpolar,6.26032663,0.0143558770775094,0.0143558770775094,1.1150233324839751,FALSE,FALSE
1994-01-08,circumpolar,6.155250266,0.05650727304577163,0.05650727304577163,1.1150233324839751,FALSE,FALSE
1994-01-09,circumpolar,6.038124112,0.08173596574466035,0.08173596574466035,1.1150233324839751,FALSE,FALSE
1994-01-10,circumpolar,5.93359133,0.11494624948176568,0.11494624948176568,1.1150233324839751,FALSE,FALSE
1994-01-11,circumpolar,5.797720821,0.11246815756464112,0.11246815756464112,1.1150233324839751,FALSE,FALSE
1994-01-12,circumpolar,5.64906025,0.09311048730086924,0.09311048730086924,1.1150233324839751,FALSE,FALSE
1994-01-13,circumpolar,5.539124846,0.10864959999801992,0.10864959999801992,1.1150233324839751,FALSE,FALSE
1994-01-14,circumpolar,5.426558692,0.11798748497291456,0.11798748497291456,1.1150233324839751,FALSE,FALSE
1994-01-15,circumpolar,5.356328511,0.1662330073868601,0.1662330073868601,1.1150233324839751,FALSE,FALSE
1994-01-16,circumpolar,5.25199756,0.17694653870106605,0.17694653870106605,1.1150233324839751,FALSE,FALSE
1994-01-17,circumpolar,5.159543728,0.19609391033241683,0.19609391033241683,1.1150233324839751,FALSE,FALSE
1994-01-18,circumpolar,5.050948234,0.1956442836978045,0.1956442836978045,1.1150233324839751,FALSE,FALSE
1994-01-19,circumpolar,4.877348967,0.12672349021411744,0.12672349021411744,1.1150233324839751,FALSE,FALSE
1994-01-20,circumpolar,4.749292016,0.09986556129824552,0.09986556129824552,1.1150233324839751,FALSE,FALSE
1994-01-21,circumpolar,4.669129477,0.1174105353670738,0.1174105353670738,1.1150233324839751,FALSE,FALSE
1994-01-22,circumpolar,4.590363365,0.13284836983749315,0.13284836983749315,1.1150233324839751,FALSE,FALSE
1994-01-23,circumpolar,4.491502078,0.12467540512639452,0.12467540512639452,1.1150233324839751,FALSE,FALSE
1994-01-24,circumpolar,4.415210191,0.13554415865065916,0.13554415865065916,1.1150233324839751,FALSE,FALSE
1994-01-25,circumpolar,4.312774309,0.11672917782718084,0.11672917782718084,1.1150233324839751,FALSE,FALSE
1994-01-26,circumpolar,4.232862258,0.11688623107285244,0.11688623107285244,1.1150233324839751,FALSE,FALSE
1994-01-27,circumpolar,4.20796064,0.16850133465810924,0.16850133465810924,1.1150233324839751,FALSE,FALSE
1994-01-28,circumpolar,4.167239432,0.20082153809468517,0.20082153809468517,1.1150233324839751,FALSE,FALSE
1994-01-29,circumpolar,4.080651324,0.1839088054137936,0.1839088054137936,1.1150233324839751,FALSE,FALSE
1994-01-30,circumpolar,4.016454491,0.18613068937795463,0.18613068937795463,1.1150233324839751,FALSE,FALSE
1994-01-31,circumpolar,3.916843585,0.14979121974970777,0.14979121974970777,1.1150233324839751,FALSE,FALSE
1994-02-01,circumpolar,3.869249105,0.16243027329157078,0.16243027329157078,1.1150233324839751,FALSE,FALSE
1994-02-02,circumpolar,3.794385854,0.14487203076607447,0.14487203076607447,1.1150233324839751,FALSE,FALSE
1994-02-03,circumpolar,3.714970846,0.1199428839357526,0.1199428839357526,1.1150233324839751,FALSE,FALSE
1994-02-04,circumpolar,3.649427626,0.1061757555631262,0.1061757555631262,1.1150233324839751,FALSE,FALSE
1994-02-05,circumpolar,3.641064762,0.14698859141071985,0.14698859141071985,1.1150233324839751,FALSE,FALSE
1994-02-06,circumpolar,3.634922354,0.18753086924106777,0.18753086924106777,1.1150233324839751,FALSE,FALSE
1994-02-07,circumpolar,3.589251644,0.18616320881669737,0.18616320881669737,1.1150233324839751,FALSE,FALSE
1994-02-08,circumpolar,3.555612814,0.19455432908319015,0.19455432908319015,1.1150233324839751,FALSE,FALSE
1994-02-09,circumpolar,3.502502862,0.18119875753896775,0.18119875753896775,1.1150233324839751,FALSE,FALSE
1994-02-10,circumpolar,3.450068158,0.16601962653102476,0.16601962653102476,1.1150233324839751,FALSE,FALSE
1994-02-11,circumpolar,3.391773934,0.14223282831076922,0.14223282831076922,1.1150233324839751,FALSE,FALSE
1994-02-12,circumpolar,3.407124043,0.1890928761295911,0.1890928761295911,1.1150233324839751,FALSE,FALSE
1994-02-13,circumpolar,3.385525985,0.19575793023888188,0.19575793023888188,1.1150233324839751,FALSE,FALSE
1994-02-14,circumpolar,3.385846652,0.22084554289004776,0.22084554289004776,1.1150233324839751,FALSE,FALSE
1994-02-15,circumpolar,3.402542762,0.2585630923344775,0.2585630923344775,1.1150233324839751,FALSE,FALSE
1994-02-16,circumpolar,3.426852392,0.2998993158235663,0.2998993158235663,1.1150233324839751,FALSE,FALSE
1994-02-17,circumpolar,3.406145921,0.29197525260872137,0.29197525260872137,1.1150233324839751,FALSE,FALSE
1994-02-18,circumpolar,3.419167174,0.31328538794132754,0.31328538794132754,1.1150233324839751,FALSE,FALSE
1994-02-19,circumpolar,3.429401825,0.3270660560727805,0.3270660560727805,1.1150233324839751,FALSE,FALSE
1994-02-20,circumpolar,3.450737946,0.3469559892544871,0.3469559892544871,1.1150233324839751,FALSE,FALSE
1994-02-21,circumpolar,3.45326822,0.34282066451619064,0.34282066451619064,1.1150233324839751,FALSE,FALSE
1994-02-22,circumpolar,3.43488913,0.3125977006974501,0.3125977006974501,1.1150233324839751,FALSE,FALSE
1994-02-23,circumpolar,3.449386789,0.31029285931971673,0.31029285931971673,1.1150233324839751,FALSE,FALSE
1994-02-24,circumpolar,3.483528358,0.32289617687314065,0.32289617687314065,1.1150233324839751,FALSE,FALSE
1994-02-25,circumpolar,3.50255712,0.31587381184788565,0.31587381184788565,1.1150233324839751,FALSE,FALSE
1994-02-26,circumpolar,3.572711614,0.35568717873410227,0.35568717873410227,1.1150233324839751,FALSE,FALSE
1994-02-27,circumpolar,3.607526774,0.3560940870219502,0.3560940870219502,1.1150233324839751,FALSE,FALSE
1994-02-28,circumpolar,3.677576529,0.3878913412015845,0.3878913412015845,1.1150233324839751,FALSE,FALSE
1994-03-01,circumpolar,3.757363035,0.4258039727631635,0.4258039727631635,1.1150233324839751,FALSE,FALSE
1994-03-02,circumpolar,3.876097012,0.4992655771968382,0.4992655771968382,1.1150233324839751,FALSE,FALSE
1994-03-03,circumpolar,3.910682209,0.4854027789927758,0.4854027789927758,1.1150233324839751,FALSE,FALSE
1994-03-04,circumpolar,3.965300957,0.48862078464112546,0.48862078464112546,1.1150233324839751,FALSE,FALSE
1994-03-05,circumpolar,3.956316922,0.42550612934550047,0.42550612934550047,1.1150233324839751,FALSE,FALSE
1994-03-06,circumpolar,3.9615034,0.37403159315532,0.37403159315532,1.1150233324839751,FALSE,FALSE
1994-03-07,circumpolar,4.066248462,0.41970859794082127,0.41970859794082127,1.1150233324839751,FALSE,FALSE
1994-03-08,circumpolar,4.165016655,0.4571095743189728,0.4571095743189728,1.1150233324839751,FALSE,FALSE
1994-03-09,circumpolar,4.225414608,0.4539490349067399,0.4539490349067399,1.1150233324839751,FALSE,FALSE
1994-03-10,circumpolar,4.295986551,0.4588790933210918,0.4588790933210918,1.1150233324839751,FALSE,FALSE
1994-03-11,circumpolar,4.431559683,0.5268348321789995,0.5268348321789995,1.1150233324839751,FALSE,FALSE
1994-03-12,circumpolar,4.506798161,0.5325882920974272,0.5325882920974272,1.1150233324839751,FALSE,FALSE
1994-03-13,circumpolar,4.577877573,0.5324229446933435,0.5324229446933435,1.1150233324839751,FALSE,FALSE
1994-03-14,circumpolar,4.647615317,0.5292640715837171,0.5292640715837171,1.1150233324839751,FALSE,FALSE
1994-03-15,circumpolar,4.770898271,0.5781064343855169,0.5781064343855169,1.1150233324839751,FALSE,FALSE
1994-03-16,circumpolar,4.893568387,0.6248998687157066,0.6248998687157066,1.1150233324839751,FALSE,FALSE
1994-03-17,circumpolar,4.963665927,0.6177925201912613,0.6177925201912613,1.1150233324839751,FALSE,FALSE
1994-03-18,circumpolar,5.056279804,0.6319798944185955,0.6319798944185955,1.1150233324839751,FALSE,FALSE
1994-03-19,circumpolar,5.149952528,0.6460788512038684,0.6460788512038684,1.1150233324839751,FALSE,FALSE
1994-03-20,circumpolar,5.215450263,0.6308961781141331,0.6308961781141331,1.1150233324839751,FALSE,FALSE
1994-03-21,circumpolar,5.27653243,0.610230331829893,0.610230331829893,1.1150233324839751,FALSE,FALSE
1994-03-22,circumpolar,5.361310242,0.6122315610316846,0.6122315610316846,1.1150233324839751,FALSE,FALSE
1994-03-23,circumpolar,5.47895112,0.6461063224000227,0.6461063224000227,1.1150233324839751,FALSE,FALSE
1994-03-24,circumpolar,5.556814557,0.639253144615429,0.639253144615429,1.1150233324839751,FALSE,FALSE
1994-03-25,circumpolar,5.654645157,0.6514556673584302,0.6514556673584302,1.1150233324839751,FALSE,FALSE
1994-03-26,circumpolar,5.745561335,0.6558713413095392,0.6558713413095392,1.1150233324839751,FALSE,FALSE
1994-03-27,circumpolar,5.881622514,0.7045986251492868,0.7045986251492868,1.1150233324839751,FALSE,FALSE
1994-03-28,circumpolar,5.966122876,0.7009707365581921,0.7009707365581921,1.1150233324839751,FALSE,FALSE
1994-03-29,circumpolar,6.083559003,0.7295232932167712,0.7295232932167712,1.1150233324839751,FALSE,FALSE
1994-03-30,circumpolar,6.130049785,0.6864142208055526,0.6864142208055526,1.1150233324839751,FALSE,FALSE
1994-03-31,circumpolar,6.192195922,0.6582734014225684,0.6582734014225684,1.1150233324839751,FALSE,FALSE
1994-04-01,circumpolar,6.252652995,0.6277317381565775,0.6277317381565775,1.1150233324839751,FALSE,FALSE
1994-04-02,circumpolar,6.307423552,0.5907487910141702,0.5907487910141702,1.1150233324839751,FALSE,FALSE
1994-04-03,circumpolar,6.383946806,0.5747207698650056,0.5747207698650056,1.1150233324839751,FALSE,FALSE
1994-04-04,circumpolar,6.428396587,0.5257785015787526,0.5257785015787526,1.1150233324839751,FALSE,FALSE
1994-04-05,circumpolar,6.499772235,0.5028783230250706,0.5028783230250706,1.1150233324839751,FALSE,FALSE
1994-04-06,circumpolar,6.592560983,0.500464464073632,0.500464464073632,1.1150233324839751,FALSE,FALSE
1994-04-07,circumpolar,6.674918075,0.4866491655940859,0.4866491655940859,1.1150233324839751,FALSE,FALSE
1994-04-08,circumpolar,6.724645562,0.43919147545610393,0.43919147545610393,1.1150233324839751,FALSE,FALSE
1994-04-09,circumpolar,6.843479782,0.4597847285293426,0.4597847285293426,1.1150233324839751,FALSE,FALSE
1994-04-10,circumpolar,6.916901511,0.4338666976834711,0.4338666976834711,1.1150233324839751,FALSE,FALSE
1994-04-11,circumpolar,7.034470341,0.4509539717881452,0.4509539717881452,1.1150233324839751,FALSE,FALSE
1994-04-12,circumpolar,7.134072493,0.4488903952803822,0.4488903952803822,1.1150233324839751,FALSE,FALSE
1994-04-13,circumpolar,7.326022296,0.5379925761985227,0.5379925761985227,1.1150233324839751,FALSE,FALSE
1994-04-14,circumpolar,7.377065431,0.4850820889391372,0.4850820889391372,1.1150233324839751,FALSE,FALSE
1994-04-15,circumpolar,7.417455431,0.42049523580937986,0.42049523580937986,1.1150233324839751,FALSE,FALSE
1994-04-16,circumpolar,7.506377108,0.4034995981164382,0.4034995981164382,1.1150233324839751,FALSE,FALSE
1994-04-17,circumpolar,7.640223782,0.43057126516746713,0.43057126516746713,1.1150233324839751,FALSE,FALSE
1994-04-18,circumpolar,7.776071585,0.45886913826963305,0.45886913826963305,1.1150233324839751,FALSE,FALSE
1994-04-19,circumpolar,7.892282101,0.46683757073009335,0.46683757073009335,1.1150233324839751,FALSE,FALSE
1994-04-20,circumpolar,7.954931441,0.42063544285603705,0.42063544285603705,1.1150233324839751,FALSE,FALSE
1994-04-21,circumpolar,8.021729812,0.37805573095460687,0.37805573095460687,1.1150233324839751,FALSE,FALSE
1994-04-22,circumpolar,8.089854791,0.33635878133297936,0.33635878133297936,1.1150233324839751,FALSE,FALSE
1994-04-23,circumpolar,8.161848798,0.29816978329832455,0.29816978329832455,1.1150233324839751,FALSE,FALSE
1994-04-24,circumpolar,8.274014223,0.2998738961577958,0.2998738961577958,1.1150233324839751,FALSE,FALSE
1994-04-25,circumpolar,8.336108728,0.2513080496421338,0.2513080496421338,1.1150233324839751,FALSE,FALSE
1994-04-26,circumpolar,8.471177332,0.2755632743912564,0.2755632743912564,1.1150233324839751,FALSE,FALSE
1994-04-27,circumpolar,8.584658561,0.2781057305347794,0.2781057305347794,1.1150233324839751,FALSE,FALSE
1994-04-28,circumpolar,8.672191794,0.25460223761557543,0.25460223761557543,1.1150233324839751,FALSE,FALSE
1994-04-29,circumpolar,8.760394617,0.23169782217649448,0.23169782217649448,1.1150233324839751,FALSE,FALSE
1994-04-30,circumpolar,8.873381052,0.2335339467603923,0.2335339467603923,1.1150233324839751,FALSE,FALSE
1994-05-01,circumpolar,8.984085852,0.2330728049101296,0.2330728049101296,1.1150233324839751,FALSE,FALSE
1994-05-02,circumpolar,9.12089448,0.2587273001685553,0.2587273001685553,1.1150233324839751,FALSE,FALSE
1994-05-03,circumpolar,9.204507019,0.23122495607854177,0.23122495607854177,1.1150233324839751,FALSE,FALSE
1994-05-04,circumpolar,9.286732336,0.20240208018293693,0.20240208018293693,1.1150233324839751,FALSE,FALSE
1994-05-05,circumpolar,9.459137571,0.2638532530245925,0.2638532530245925,1.1150233324839751,FALSE,FALSE
1994-05-06,circumpolar,9.605894613,0.2997778041463821,0.2997778041463821,1.1150233324839751,FALSE,FALSE
1994-05-07,circumpolar,9.706041012,0.2892407090981557,0.2892407090981557,1.1150233324839751,FALSE,FALSE
1994-05-08,circumpolar,9.834691797,0.30737606360324854,0.30737606360324854,1.1150233324839751,FALSE,FALSE
1994-05-09,circumpolar,9.939995718,0.30232943759808606,0.30232943759808606,1.1150233324839751,FALSE,FALSE
1994-05-10,circumpolar,10.11792228,0.3700634956210038,0.3700634956210038,1.1150233324839751,FALSE,FALSE
1994-05-11,circumpolar,10.21307866,0.3551785742103206,0.3551785742103206,1.1150233324839751,FALSE,FALSE
1994-05-12,circumpolar,10.2904346,0.3226375749043715,0.3226375749043715,1.1150233324839751,FALSE,FALSE
1994-05-13,circumpolar,10.37079613,0.29323968724147953,0.29323968724147953,1.1150233324839751,FALSE,FALSE
1994-05-14,circumpolar,10.50590234,0.31871716075997725,0.31871716075997725,1.1150233324839751,FALSE,FALSE
1994-05-15,circumpolar,10.65140361,0.35471353499818825,0.35471353499818825,1.1150233324839751,FALSE,FALSE
1994-05-16,circumpolar,10.76434289,0.3582649194944363,0.3582649194944363,1.1150233324839751,FALSE,FALSE
1994-05-17,circumpolar,10.83106637,0.3157106637870495,0.3157106637870495,1.1150233324839751,FALSE,FALSE
1994-05-18,circumpolar,11.03628603,0.4117559074143742,0.4117559074143742,1.1150233324839751,FALSE,FALSE
1994-05-19,circumpolar,11.17456128,0.4409532199147179,0.4409532199147179,1.1150233324839751,FALSE,FALSE
1994-05-20,circumpolar,11.32590157,0.4833063438638838,0.4833063438638838,1.1150233324839751,FALSE,FALSE
1994-05-21,circumpolar,11.37163816,0.4201615067287357,0.4201615067287357,1.1150233324839751,FALSE,FALSE
1994-05-22,circumpolar,11.41836126,0.3581419492932536,0.3581419492932536,1.1150233324839751,FALSE,FALSE
1994-05-23,circumpolar,11.44422873,0.27543917007662166,0.27543917007662166,1.1150233324839751,FALSE,FALSE
1994-05-24,circumpolar,11.5196215,0.242467737598,0.242467737598,1.1150233324839751,FALSE,FALSE
1994-05-25,circumpolar,11.61333742,0.22805914037658329,0.22805914037658329,1.1150233324839751,FALSE,FALSE
1994-05-26,circumpolar,11.6673388,0.17420932693153723,0.17420932693153723,1.1150233324839751,FALSE,FALSE
1994-05-27,circumpolar,11.77940794,0.1787342357820343,0.1787342357820343,1.1150233324839751,FALSE,FALSE
1994-05-28,circumpolar,11.89713053,0.18925319544725203,0.18925319544725203,1.1150233324839751,FALSE,FALSE
1994-05-29,circumpolar,12.03781,0.2231032744463768,0.2231032744463768,1.1150233324839751,FALSE,FALSE
1994-05-30,circumpolar,12.303187,0.3820587612985751,0.3820587612985751,1.1150233324839751,FALSE,FALSE
1994-05-31,circumpolar,12.38493132,0.35782308452301237,0.35782308452301237,1.1150233324839751,FALSE,FALSE
1994-06-01,circumpolar,12.50600382,0.3733907426388914,0.3733907426388914,1.1150233324839751,FALSE,FALSE
1994-06-02,circumpolar,12.53232838,0.29470814219641284,0.29470814219641284,1.1150233324839751,FALSE,FALSE
1994-06-03,circumpolar,12.60221186,0.26005537405092305,0.26005537405092305,1.1150233324839751,FALSE,FALSE
1994-06-04,circumpolar,12.68180542,0.23554316384660368,0.23554316384660368,1.1150233324839751,FALSE,FALSE
1994-06-05,circumpolar,12.82097459,0.2709966067215124,0.2709966067215124,1.1150233324839751,FALSE,FALSE
1994-06-06,circumpolar,12.96964291,0.31629880781368236,0.31629880781368236,1.1150233324839751,FALSE,FALSE
1994-06-07,circumpolar,13.10503971,0.34863866226114304,0.34863866226114304,1.1150233324839751,FALSE,FALSE
1994-06-08,circumpolar,13.26719571,0.408006455201928,0.408006455201928,1.1150233324839751,FALSE,FALSE
1994-06-09,circumpolar,13.33211824,0.3703690817740703,0.3703690817740703,1.1150233324839751,FALSE,FALSE
1994-06-10,circumpolar,13.34014246,0.27602126711559727,0.27602126711559727,1.1150233324839751,FALSE,FALSE
1994-06-11,circumpolar,13.42744808,0.2611022863645651,0.2611022863645651,1.1150233324839751,FALSE,FALSE
1994-06-12,circumpolar,13.5334432,0.26497980465898685,0.26497980465898685,1.1150233324839751,FALSE,FALSE
1994-06-13,circumpolar,13.68584122,0.315326787136895,0.315326787136895,1.1150233324839751,FALSE,FALSE
1994-06-14,circumpolar,13.74819748,0.27565996935675763,0.27565996935675763,1.1150233324839751,FALSE,FALSE
1994-06-15,circumpolar,13.82225243,0.24776188940100496,0.24776188940100496,1.1150233324839751,FALSE,FALSE
1994-06-16,circumpolar,13.97865999,0.3024392538439944,0.3024392538439944,1.1150233324839751,FALSE,FALSE
1994-06-17,circumpolar,14.12868211,0.3511148195546099,0.3511148195546099,1.1150233324839751,FALSE,FALSE
1994-06-18,circumpolar,14.3459522,0.46758280340171154,0.46758280340171154,1.1150233324839751,FALSE,FALSE
1994-06-19,circumpolar,14.44051437,0.4620481222541901,0.4620481222541901,1.1150233324839751,FALSE,FALSE
1994-06-20,circumpolar,14.65108067,0.5733836329809083,0.5733836329809083,1.1150233324839751,FALSE,FALSE
1994-06-21,circumpolar,14.76855396,0.5926530024507439,0.5926530024507439,1.1150233324839751,FALSE,FALSE
1994-06-22,circumpolar,14.86836163,0.5954444275325557,0.5954444275325557,1.1150233324839751,FALSE,FALSE
1994-06-23,circumpolar,14.9004609,0.5318759350952309,0.5318759350952309,1.1150233324839751,FALSE,FALSE
1994-06-24,circumpolar,15.00618985,0.5434464120076434,0.5434464120076434,1.1150233324839751,FALSE,FALSE
1994-06-25,circumpolar,14.98316463,0.4279328151386519,0.4279328151386519,1.1150233324839751,FALSE,FALSE
1994-06-26,circumpolar,15.05994808,0.4140587913571476,0.4140587913571476,1.1150233324839751,FALSE,FALSE
1994-06-27,circumpolar,15.07711137,0.3425282928456923,0.3425282928456923,1.1150233324839751,FALSE,FALSE
1994-06-28,circumpolar,15.10071383,0.2793216630963311,0.2793216630963311,1.1150233324839751,FALSE,FALSE
1994-06-29,circumpolar,15.17830649,0.2718141801621492,0.2718141801621492,1.1150233324839751,FALSE,FALSE
1994-06-30,circumpolar,15.27966955,0.28960979457567326,0.28960979457567326,1.1150233324839751,FALSE,FALSE
1994-07-01,circumpolar,15.36320418,0.29093342686946677,0.29093342686946677,1.1150233324839751,FALSE,FALSE
1994-07-02,circumpolar,15.4235772,0.27027564757606726,0.27027564757606726,1.1150233324839751,FALSE,FALSE
1994-07-03,circumpolar,15.53245352,0.2991251172280389,0.2991251172280389,1.1150233324839751,FALSE,FALSE
1994-07-04,circumpolar,15.76072439,0.4481968363579174,0.4481968363579174,1.1150233324839751,FALSE,FALSE
1994-07-05,circumpolar,15.91907959,0.528004335498256,0.528004335498256,1.1150233324839751,FALSE,FALSE
1994-07-06,circumpolar,15.98695646,0.5178087051815972,0.5178087051815972,1.1150233324839751,FALSE,FALSE
1994-07-07,circumpolar,15.97875715,0.4318358459404976,0.4318358459404976,1.1150233324839751,FALSE,FALSE
1994-07-08,circumpolar,15.98073572,0.35616356830750107,0.35616356830750107,1.1150233324839751,FALSE,FALSE
1994-07-09,circumpolar,15.97830749,0.27603135580904237,0.27603135580904237,1.1150233324839751,FALSE,FALSE
1994-07-10,circumpolar,16.05126319,0.2711344273705123,0.2711344273705123,1.1150233324839751,FALSE,FALSE
1994-07-11,circumpolar,16.17418502,0.31613526200045783,0.31613526200045783,1.1150233324839751,FALSE,FALSE
1994-07-12,circumpolar,16.26000146,0.324065882117635,0.324065882117635,1.1150233324839751,FALSE,FALSE
1994-07-13,circumpolar,16.35574118,0.34205850014085826,0.34205850014085826,1.1150233324839751,FALSE,FALSE
1994-07-14,circumpolar,16.48807932,0.3968917984889089,0.3968917984889089,1.1150233324839751,FALSE,FALSE
1994-07-15,circumpolar,16.67881361,0.5104670495805834,0.5104670495805834,1.1150233324839751,FALSE,FALSE
1994-07-16,circumpolar,16.78206447,0.5370082158346676,0.5370082158346676,1.1150233324839751,FALSE,FALSE
1994-07-17,circumpolar,16.92552889,0.6043158296699396,0.6043158296699396,1.1150233324839751,FALSE,FALSE
1994-07-18,circumpolar,16.99241279,0.595699353505232,0.595699353505232,1.1150233324839751,FALSE,FALSE
1994-07-19,circumpolar,17.13232879,0.6608749497592932,0.6608749497592932,1.1150233324839751,FALSE,FALSE
1994-07-20,circumpolar,17.13607611,0.5907453808509366,0.5907453808509366,1.1150233324839751,FALSE,FALSE
1994-07-21,circumpolar,17.31684053,0.6985999691989413,0.6985999691989413,1.1150233324839751,FALSE,FALSE
1994-07-22,circumpolar,17.43348451,0.7434018352804834,0.7434018352804834,1.1150233324839751,FALSE,FALSE
1994-07-23,circumpolar,17.51751959,0.7567234021563927,0.7567234021563927,1.1150233324839751,FALSE,FALSE
1994-07-24,circumpolar,17.55291693,0.7225677175501808,0.7225677175501808,1.1150233324839751,FALSE,FALSE
1994-07-25,circumpolar,17.56582593,0.6671154114582656,0.6671154114582656,1.1150233324839751,FALSE,FALSE
1994-07-26,circumpolar,17.52096221,0.5551133338770917,0.5551133338770917,1.1150233324839751,FALSE,FALSE
1994-07-27,circumpolar,17.5157424,0.4840093448030771,0.4840093448030771,1.1150233324839751,FALSE,FALSE
1994-07-28,circumpolar,17.57830936,0.4819775342326445,0.4819775342326445,1.1150233324839751,FALSE,FALSE
1994-07-29,circumpolar,17.61479424,0.4551802821622353,0.4551802821622353,1.1150233324839751,FALSE,FALSE
1994-07-30,circumpolar,17.62106459,0.39951636858828365,0.39951636858828365,1.1150233324839751,FALSE,FALSE
1994-07-31,circumpolar,17.58411772,0.3020143335071914,0.3020143335071914,1.1150233324839751,FALSE,FALSE
1994-08-01,circumpolar,17.53944353,0.198195306915391,0.198195306915391,1.1150233324839751,FALSE,FALSE
1994-08-02,circumpolar,17.51065419,0.1117026888093342,0.1117026888093342,1.1150233324839751,FALSE,FALSE
1994-08-03,circumpolar,17.55169899,0.0965169986227643,0.0965169986227643,1.1150233324839751,FALSE,FALSE
1994-08-04,circumpolar,17.61025577,0.10033211593789916,0.10033211593789916,1.1150233324839751,FALSE,FALSE
1994-08-05,circumpolar,17.66504474,0.10182949467491298,0.10182949467491298,1.1150233324839751,FALSE,FALSE
1994-08-06,circumpolar,17.72945256,0.11434468701223466,0.11434468701223466,1.1150233324839751,FALSE,FALSE
1994-08-07,circumpolar,17.76311899,0.09746634512827512,0.09746634512827512,1.1150233324839751,FALSE,FALSE
1994-08-08,circumpolar,17.81957813,0.10467746120143318,0.10467746120143318,1.1150233324839751,FALSE,FALSE
1994-08-09,circumpolar,17.8251463,0.06224324741013021,0.06224324741013021,1.1150233324839751,FALSE,FALSE
1994-08-10,circumpolar,17.8264852,0.01677429593276258,0.01677429593276258,1.1150233324839751,FALSE,FALSE
1994-08-11,circumpolar,17.8152677,-0.04010763105225123,0.04010763105225123,1.1150233324839751,FALSE,FALSE
1994-08-12,circumpolar,17.84316212,-0.05678532136650816,0.05678532136650816,1.1150233324839751,FALSE,FALSE
1994-08-13,circumpolar,17.94373427,2.559271684248188e-4,2.559271684248188e-4,1.1150233324839751,FALSE,FALSE
1994-08-14,circumpolar,18.00926632,0.02324717673093701,0.02324717673093701,1.1150233324839751,FALSE,FALSE
1994-08-15,circumpolar,18.03143121,0.00381025949944202,0.00381025949944202,1.1150233324839751,FALSE,FALSE
1994-08-16,circumpolar,18.08750312,0.01916912622264988,0.01916912622264988,1.1150233324839751,FALSE,FALSE
1994-08-17,circumpolar,18.11163041,0.00344802082216233,0.00344802082216233,1.1150233324839751,FALSE,FALSE
1994-08-18,circumpolar,18.06323148,-0.08392888419462352,0.08392888419462352,1.1150233324839751,FALSE,FALSE
1994-08-19,circumpolar,18.07189882,-0.11336168834856152,0.11336168834856152,1.1150233324839751,FALSE,FALSE
1994-08-20,circumpolar,18.15575797,-0.06671744116048117,0.06671744116048117,1.1150233324839751,FALSE,FALSE
1994-08-21,circumpolar,18.27368488,0.01488721784879132,0.01488721784879132,1.1150233324839751,FALSE,FALSE
1994-08-22,circumpolar,18.31945889,0.0252390391584143,0.0252390391584143,1.1150233324839751,FALSE,FALSE
1994-08-23,circumpolar,18.44276057,0.1140260032475453,0.1140260032475453,1.1150233324839751,FALSE,FALSE
1994-08-24,circumpolar,18.58614732,0.2238129205953463,0.2238129205953463,1.1150233324839751,FALSE,FALSE
1994-08-25,circumpolar,18.70808565,0.3130737116809996,0.3130737116809996,1.1150233324839751,FALSE,FALSE
1994-08-26,circumpolar,18.83730941,0.41054963698364233,0.41054963698364233,1.1150233324839751,FALSE,FALSE
1994-08-27,circumpolar,18.8868622,0.4292917069824505,0.4292917069824505,1.1150233324839751,FALSE,FALSE
1994-08-28,circumpolar,18.97392287,0.4864861821565931,0.4864861821565931,1.1150233324839751,FALSE,FALSE
1994-08-29,circumpolar,19.07862298,0.562272942521993,0.562272942521993,1.1150233324839751,FALSE,FALSE
1994-08-30,circumpolar,19.11682909,0.5725323959827726,0.5725323959827726,1.1150233324839751,FALSE,FALSE
1994-08-31,circumpolar,19.14319349,0.5719327574466284,0.5719327574466284,1.1150233324839751,FALSE,FALSE
1994-09-01,circumpolar,19.01703386,0.4198076355467713,0.4198076355467713,1.1150233324839751,FALSE,FALSE
1994-09-02,circumpolar,19.02777683,0.4055995889163846,0.4055995889163846,1.1150233324839751,FALSE,FALSE
1994-09-03,circumpolar,19.02357241,0.3774745561886803,0.3774745561886803,1.1150233324839751,FALSE,FALSE
1994-09-04,circumpolar,19.09891405,0.4299419159968565,0.4299419159968565,1.1150233324839751,FALSE,FALSE
1994-09-05,circumpolar,19.08625926,0.3954751069740787,0.3954751069740787,1.1150233324839751,FALSE,FALSE
1994-09-06,circumpolar,19.07504566,0.3635276777535985,0.3635276777535985,1.1150233324839751,FALSE,FALSE
1994-09-07,circumpolar,18.9953325,0.2641748069685619,0.2641748069685619,1.1150233324839751,FALSE,FALSE
1994-09-08,circumpolar,18.89069021,0.14100285325218564,0.14100285325218564,1.1150233324839751,FALSE,FALSE
1994-09-09,circumpolar,18.85478064,0.08768959523766995,0.08768959523766995,1.1150233324839751,FALSE,FALSE
1994-09-10,circumpolar,18.86433843,0.08098562544007137,0.08098562544007137,1.1150233324839751,FALSE,FALSE
1994-09-11,circumpolar,18.87554221,0.07708779351866468,0.07708779351866468,1.1150233324839751,FALSE,FALSE
1994-09-12,circumpolar,18.85064523,0.03827167177520607,0.03827167177520607,1.1150233324839751,FALSE,FALSE
1994-09-13,circumpolar,18.85195997,0.02687249448394979,0.02687249448394979,1.1150233324839751,FALSE,FALSE
1994-09-14,circumpolar,18.83744593,8.725159191342868e-4,8.725159191342868e-4,1.1150233324839751,FALSE,FALSE
1994-09-15,circumpolar,18.8867892,0.0399805803549782,0.0399805803549782,1.1150233324839751,FALSE,FALSE
1994-09-16,circumpolar,18.83743124,-0.01833909793424837,0.01833909793424837,1.1150233324839751,FALSE,FALSE
1994-09-17,circumpolar,18.81634773,-0.04708808467431069,0.04708808467431069,1.1150233324839751,FALSE,FALSE
1994-09-18,circumpolar,18.83067234,-0.0391099555909804,0.0391099555909804,1.1150233324839751,FALSE,FALSE
1994-09-19,circumpolar,18.86246663,-0.01232039640999715,0.01232039640999715,1.1150233324839751,FALSE,FALSE
1994-09-20,circumpolar,18.85120919,-0.02721806285714834,0.02721806285714834,1.1150233324839751,FALSE,FALSE
1994-09-21,circumpolar,18.83907113,-0.04160909065816298,0.04160909065816298,1.1150233324839751,FALSE,FALSE
1994-09-22,circumpolar,18.85964525,-0.02187792553880641,0.02187792553880641,1.1150233324839751,FALSE,FALSE
1994-09-23,circumpolar,18.83533372,-0.04560042397153907,0.04560042397153907,1.1150233324839751,FALSE,FALSE
1994-09-24,circumpolar,18.8762463,-0.00265321120051353,0.00265321120051353,1.1150233324839751,FALSE,FALSE
1994-09-25,circumpolar,18.93535588,0.05994514697070485,0.05994514697070485,1.1150233324839751,FALSE,FALSE
1994-09-26,circumpolar,18.9410393,0.07057996359303331,0.07057996359303331,1.1150233324839751,FALSE,FALSE
1994-09-27,circumpolar,18.98343701,0.11940016171735124,0.11940016171735124,1.1150233324839751,FALSE,FALSE
1994-09-28,circumpolar,19.0156472,0.15951240439456882,0.15951240439456882,1.1150233324839751,FALSE,FALSE
1994-09-29,circumpolar,19.04358742,0.1968427146755616,0.1968427146755616,1.1150233324839751,FALSE,FALSE
1994-09-30,circumpolar,19.04921181,0.21335370561123668,0.21335370561123668,1.1150233324839751,FALSE,FALSE
1994-10-01,circumpolar,18.98023741,0.15677089025250623,0.15677089025250623,1.1150233324839751,FALSE,FALSE
1994-10-02,circumpolar,18.93916447,0.12960299165024836,0.12960299165024836,1.1150233324839751,FALSE,FALSE
1994-10-03,circumpolar,18.87326943,0.0791349228553706,0.0791349228553706,1.1150233324839751,FALSE,FALSE
1994-10-04,circumpolar,18.77540578,-0.00177135308123155,0.00177135308123155,1.1150233324839751,FALSE,FALSE
1994-10-05,circumpolar,18.67513118,-0.083549700397473,0.083549700397473,1.1150233324839751,FALSE,FALSE
1994-10-06,circumpolar,18.60311374,-0.13552025378752575,0.13552025378752575,1.1150233324839751,FALSE,FALSE
1994-10-07,circumpolar,18.54320139,-0.1738136810060773,0.1738136810060773,1.1150233324839751,FALSE,FALSE
1994-10-08,circumpolar,18.48108938,-0.21271156491924617,0.21271156491924617,1.1150233324839751,FALSE,FALSE
1994-10-09,circumpolar,18.44185974,-0.22710870839314623,0.22710870839314623,1.1150233324839751,FALSE,FALSE
1994-10-10,circumpolar,18.41160548,-0.23088893429388335,0.23088893429388335,1.1150233324839751,FALSE,FALSE
1994-10-11,circumpolar,18.43117169,-0.18318398548758097,0.18318398548758097,1.1150233324839751,FALSE,FALSE
1994-10-12,circumpolar,18.36671132,-0.21781774484037797,0.21781774484037797,1.1150233324839751,FALSE,FALSE
1994-10-13,circumpolar,18.32296914,-0.2300222752183423,0.2300222752183423,1.1150233324839751,FALSE,FALSE
1994-10-14,circumpolar,18.326616,-0.1931035594876356,0.1931035594876356,1.1150233324839751,FALSE,FALSE
1994-10-15,circumpolar,18.32582741,-0.1588629205143448,0.1588629205143448,1.1150233324839751,FALSE,FALSE
1994-10-16,circumpolar,18.28627477,-0.16160579116459672,0.16160579116459672,1.1150233324839751,FALSE,FALSE
1994-10-17,circumpolar,18.28521249,-0.1240545943045106,0.1240545943045106,1.1150233324839751,FALSE,FALSE
1994-10-18,circumpolar,18.2770669,-0.09176020572464694,0.09176020572464694,1.1150233324839751,FALSE,FALSE
1994-10-19,circumpolar,18.29442401,-0.03212174202063167,0.03212174202063167,1.1150233324839751,FALSE,FALSE
1994-10-20,circumpolar,18.27931234,-0.00310338219873784,0.00310338219873784,1.1150233324839751,FALSE,FALSE
1994-10-21,circumpolar,18.19783672,-0.03859329846666171,0.03859329846666171,1.1150233324839751,FALSE,FALSE
1994-10-22,circumpolar,18.15586579,-0.03271585303211211,0.03271585303211211,1.1150233324839751,FALSE,FALSE
1994-10-23,circumpolar,18.16127753,0.02241393189721918,0.02241393189721918,1.1150233324839751,FALSE,FALSE
1994-10-24,circumpolar,18.16234064,0.07507175411365097,0.07507175411365097,1.1150233324839751,FALSE,FALSE
1994-10-25,circumpolar,18.13996549,0.10617498140947036,0.10617498140947036,1.1150233324839751,FALSE,FALSE
1994-10-26,circumpolar,18.0910401,0.11261863157698215,0.11261863157698215,1.1150233324839751,FALSE,FALSE
1994-10-27,circumpolar,18.0785072,0.1573524324085085,0.1573524324085085,1.1150233324839751,FALSE,FALSE
1994-10-28,circumpolar,18.08540965,0.22342624169633396,0.22342624169633396,1.1150233324839751,FALSE,FALSE
1994-10-29,circumpolar,18.05411607,0.2532156772327667,0.2532156772327667,1.1150233324839751,FALSE,FALSE
1994-10-30,circumpolar,17.99443331,0.25653458681012253,0.25653458681012253,1.1150233324839751,FALSE,FALSE
1994-10-31,circumpolar,17.99204362,0.319094876496532,0.319094876496532,1.1150233324839751,FALSE,FALSE
1994-11-01,circumpolar,17.94194501,0.3360357413138999,0.3360357413138999,1.1150233324839751,FALSE,FALSE
1994-11-02,circumpolar,17.90597944,0.3693745836448201,0.3693745836448201,1.1150233324839751,FALSE,FALSE
1994-11-03,circumpolar,17.87550796,0.41064790508117,0.41064790508117,1.1150233324839751,FALSE,FALSE
1994-11-04,circumpolar,17.86233264,0.4718332272148338,0.4718332272148338,1.1150233324839751,FALSE,FALSE
1994-11-05,circumpolar,17.78875171,0.475404231637679,0.475404231637679,1.1150233324839751,FALSE,FALSE
1994-11-06,circumpolar,17.63688027,0.40365146994158607,0.40365146994158607,1.1150233324839751,FALSE,FALSE
1994-11-07,circumpolar,17.66898971,0.5190217837184292,0.5190217837184292,1.1150233324839751,FALSE,FALSE
1994-11-08,circumpolar,17.51554619,0.452156784560092,0.452156784560092,1.1150233324839751,FALSE,FALSE
1994-11-09,circumpolar,17.41432243,0.4410046440584381,0.4410046440584381,1.1150233324839751,FALSE,FALSE
1994-11-10,circumpolar,17.26239123,0.3828136138053644,0.3828136138053644,1.1150233324839751,FALSE,FALSE
1994-11-11,circumpolar,17.1395409,0.3575474553927336,0.3575474553927336,1.1150233324839751,FALSE,FALSE
1994-11-12,circumpolar,17.02226592,0.34187479863670944,0.34187479863670944,1.1150233324839751,FALSE,FALSE
1994-11-13,circumpolar,16.95194053,0.37727202042230346,0.37727202042230346,1.1150233324839751,FALSE,FALSE
1994-11-14,circumpolar,16.79924235,0.33441062717264103,0.33441062717264103,1.1150233324839751,FALSE,FALSE
1994-11-15,circumpolar,16.65557372,0.3046779164311708,0.3046779164311708,1.1150233324839751,FALSE,FALSE
1994-11-16,circumpolar,16.48328561,0.250409815741353,0.250409815741353,1.1150233324839751,FALSE,FALSE
1994-11-17,circumpolar,16.3109939,0.20020716264663108,0.20020716264663108,1.1150233324839751,FALSE,FALSE
1994-11-18,circumpolar,16.13209306,0.14744938469044655,0.14744938469044655,1.1150233324839751,FALSE,FALSE
1994-11-19,circumpolar,15.93040319,0.07594153941626125,0.07594153941626125,1.1150233324839751,FALSE,FALSE
1994-11-20,circumpolar,15.73880196,0.01854625436752677,0.01854625436752677,1.1150233324839751,FALSE,FALSE
1994-11-21,circumpolar,15.39286718,-0.18917370291231703,0.18917370291231703,1.1150233324839751,FALSE,FALSE
1994-11-22,circumpolar,15.30838068,-0.13145154487980726,0.13145154487980726,1.1150233324839751,FALSE,FALSE
1994-11-23,circumpolar,15.23331089,-0.06033388399151107,0.06033388399151107,1.1150233324839751,FALSE,FALSE
1994-11-24,circumpolar,15.10442236,-0.03907121270396274,0.03907121270396274,1.1150233324839751,FALSE,FALSE
1994-11-25,circumpolar,14.94645638,-0.04292977627980399,0.04292977627980399,1.1150233324839751,FALSE,FALSE
1994-11-26,circumpolar,14.76003373,-0.07123283539330139,0.07123283539330139,1.1150233324839751,FALSE,FALSE
1994-11-27,circumpolar,14.57165821,-0.097388703993607,0.097388703993607,1.1150233324839751,FALSE,FALSE
1994-11-28,circumpolar,14.36317242,-0.13946665420344218,0.13946665420344218,1.1150233324839751,FALSE,FALSE
1994-11-29,circumpolar,14.10057621,-0.23137870814554873,0.23137870814554873,1.1150233324839751,FALSE,FALSE
1994-11-30,circumpolar,13.92955154,-0.22735477794265968,0.22735477794265968,1.1150233324839751,FALSE,FALSE
1994-12-01,circumpolar,13.70539608,-0.2720090657175138,0.2720090657175138,1.1150233324839751,FALSE,FALSE
1994-12-02,circumpolar,13.5143138,-0.27904947359284193,0.27904947359284193,1.1150233324839751,FALSE,FALSE
1994-12-03,circumpolar,13.24062366,-0.3640689136913888,0.3640689136913888,1.1150233324839751,FALSE,FALSE
1994-12-04,circumpolar,12.97118298,-0.4401219381358814,0.4401219381358814,1.1150233324839751,FALSE,FALSE
1994-12-05,circumpolar,12.71861499,-0.4944971890490599,0.4944971890490599,1.1150233324839751,FALSE,FALSE
1994-12-06,circumpolar,12.47789704,-0.5321291885536628,0.5321291885536628,1.1150233324839751,FALSE,FALSE
1994-12-07,circumpolar,12.2221009,-0.579858533093006,0.579858533093006,1.1150233324839751,FALSE,FALSE
1994-12-08,circumpolar,12.03078728,-0.5581903320385919,0.5581903320385919,1.1150233324839751,FALSE,FALSE
1994-12-09,circumpolar,11.78967024,-0.5818464168800705,0.5818464168800705,1.1150233324839751,FALSE,FALSE
1994-12-10,circumpolar,11.57836475,-0.5717023770093359,0.5717023770093359,1.1150233324839751,FALSE,FALSE
1994-12-11,circumpolar,11.3751468,-0.5499727818182922,0.5499727818182922,1.1150233324839751,FALSE,FALSE
1994-12-12,circumpolar,11.2214852,-0.47567938069884264,0.47567938069884264,1.1150233324839751,FALSE,FALSE
1994-12-13,circumpolar,11.00197337,-0.4647193130428846,0.4647193130428846,1.1150233324839751,FALSE,FALSE
1994-12-14,circumpolar,10.89046179,-0.34373265824232035,0.34373265824232035,1.1150233324839751,FALSE,FALSE
1994-12-15,circumpolar,10.80661789,-0.19354254568905027,0.19354254568905027,1.1150233324839751,FALSE,FALSE
1994-12-16,circumpolar,10.55946536,-0.20561584477496095,0.20561584477496095,1.1150233324839751,FALSE,FALSE
1994-12-17,circumpolar,10.35825003,-0.17119728489197072,0.17119728489197072,1.1150233324839751,FALSE,FALSE
1994-12-18,circumpolar,10.2067485,-0.08700082543197674,0.08700082543197674,1.1150233324839751,FALSE,FALSE
1994-12-19,circumpolar,10.05677964,-0.00169815578687249,0.00169815578687249,1.1150233324839751,FALSE,FALSE
1994-12-20,circumpolar,9.861562315,0.03744061269243382,0.03744061269243382,1.1150233324839751,FALSE,FALSE
1994-12-21,circumpolar,9.659944859,0.06879986858461429,0.06879986858461429,1.1150233324839751,FALSE,FALSE
1994-12-22,circumpolar,9.461848401,0.1018567756819273,0.1018567756819273,1.1150233324839751,FALSE,FALSE
1994-12-23,circumpolar,9.211590139,0.08048512356369564,0.08048512356369564,1.1150233324839751,FALSE,FALSE
1994-12-24,circumpolar,8.951112476,0.04618390680922069,0.04618390680922069,1.1150233324839751,FALSE,FALSE
1994-12-25,circumpolar,8.799822543,0.11791684799784008,0.11791684799784008,1.1150233324839751,FALSE,FALSE
1994-12-26,circumpolar,8.619369004,0.15688920270884843,0.15688920270884843,1.1150233324839751,FALSE,FALSE
1994-12-27,circumpolar,8.413188306,0.16609400952159703,0.16609400952159703,1.1150233324839751,FALSE,FALSE
1994-12-28,circumpolar,8.272517724,0.2363251350153703,0.2363251350153703,1.1150233324839751,FALSE,FALSE
1994-12-29,circumpolar,8.140152862,0.3099347747695198,0.3099347747695198,1.1150233324839751,FALSE,FALSE
1994-12-30,circumpolar,8.016583789,0.38696958936333736,0.38696958936333736,1.1150233324839751,FALSE,FALSE
1994-12-31,circumpolar,7.89910389,0.4642795553761401,0.4642795553761401,1.1150233324839751,FALSE,FALSE
1995-01-01,circumpolar,7.750403145,0.5041112443872668,0.5041112443872668,1.1150233324839751,FALSE,FALSE
1995-01-02,circumpolar,7.611205544,0.5468626614307288,0.5468626614307288,1.1150233324839751,FALSE,FALSE
1995-01-03,circumpolar,7.462907949,0.5740743773593877,0.5740743773593877,1.1150233324839751,FALSE,FALSE
1995-01-04,circumpolar,7.361839467,0.6423366314808199,0.6423366314808199,1.1150233324839751,FALSE,FALSE
1995-01-05,circumpolar,7.244042939,0.6879533971026133,0.6879533971026133,1.1150233324839751,FALSE,FALSE
1995-01-06,circumpolar,7.119460685,0.7211281265323191,0.7211281265323191,1.1150233324839751,FALSE,FALSE
1995-01-07,circumpolar,6.935047653,0.6890769000775094,0.6890769000775094,1.1150233324839751,FALSE,FALSE
1995-01-08,circumpolar,6.780981517,0.6822385240457711,0.6822385240457711,1.1150233324839751,FALSE,FALSE
1995-01-09,circumpolar,6.654290876,0.6979027297446603,0.6979027297446603,1.1150233324839751,FALSE,FALSE
1995-01-10,circumpolar,6.501234247,0.6825891664817663,0.6825891664817663,1.1150233324839751,FALSE,FALSE
1995-01-11,circumpolar,6.381653112,0.6964004485646411,0.6964004485646411,1.1150233324839751,FALSE,FALSE
1995-01-12,circumpolar,6.315499689,0.7595499263008696,0.7595499263008696,1.1150233324839751,FALSE,FALSE
1995-01-13,circumpolar,6.232720952,0.8022457059980201,0.8022457059980201,1.1150233324839751,FALSE,FALSE
1995-01-14,circumpolar,6.125106793,0.8165355859729138,0.8165355859729138,1.1150233324839751,FALSE,FALSE
1995-01-15,circumpolar,5.996567144,0.8064716403868601,0.8064716403868601,1.1150233324839751,FALSE,FALSE
1995-01-16,circumpolar,5.884852605,0.8098015837010655,0.8098015837010655,1.1150233324839751,FALSE,FALSE
1995-01-17,circumpolar,5.787432612,0.8239827943324167,0.8239827943324167,1.1150233324839751,FALSE,FALSE
1995-01-18,circumpolar,5.700805918,0.8455019676978051,0.8455019676978051,1.1150233324839751,FALSE,FALSE
1995-01-19,circumpolar,5.568579482,0.8179540052141174,0.8179540052141174,1.1150233324839751,FALSE,FALSE
1995-01-20,circumpolar,5.469015571,0.8195891162982454,0.8195891162982454,1.1150233324839751,FALSE,FALSE
1995-01-21,circumpolar,5.353268206,0.8015492643670736,0.8015492643670736,1.1150233324839751,FALSE,FALSE
1995-01-22,circumpolar,5.270923243,0.8134082478374935,0.8134082478374935,1.1150233324839751,FALSE,FALSE
1995-01-23,circumpolar,5.193473622,0.8266469491263946,0.8266469491263946,1.1150233324839751,FALSE,FALSE
1995-01-24,circumpolar,5.140951417,0.8612853846506594,0.8612853846506594,1.1150233324839751,FALSE,FALSE
1995-01-25,circumpolar,5.009692355,0.8136472238271812,0.8136472238271812,1.1150233324839751,FALSE,FALSE
1995-01-26,circumpolar,4.91272001,0.7967439830728527,0.7967439830728527,1.1150233324839751,FALSE,FALSE
1995-01-27,circumpolar,4.885572433,0.8461131276581098,0.8461131276581098,1.1150233324839751,FALSE,FALSE
1995-01-28,circumpolar,4.878747787,0.9123298930946856,0.9123298930946856,1.1150233324839751,FALSE,FALSE
1995-01-29,circumpolar,4.766948753,0.8702062344137942,0.8702062344137942,1.1150233324839751,FALSE,FALSE
1995-01-30,circumpolar,4.63552838,0.8052045783779547,0.8052045783779547,1.1150233324839751,FALSE,FALSE
1995-01-31,circumpolar,4.446523525,0.6794711597497076,0.6794711597497076,1.1150233324839751,FALSE,FALSE
1995-02-01,circumpolar,4.381925054,0.6751062222915705,0.6751062222915705,1.1150233324839751,FALSE,FALSE
1995-02-02,circumpolar,4.305276243,0.6557624197660741,0.6557624197660741,1.1150233324839751,FALSE,FALSE
1995-02-03,circumpolar,4.225891045,0.6308630829357527,0.6308630829357527,1.1150233324839751,FALSE,FALSE
1995-02-04,circumpolar,4.112713253,0.5694613825631261,0.5694613825631261,1.1150233324839751,FALSE,FALSE
1995-02-05,circumpolar,4.055854781,0.5617786104107196,0.5617786104107196,1.1150233324839751,FALSE,FALSE
1995-02-06,circumpolar,3.989764469,0.5423729842410676,0.5423729842410676,1.1150233324839751,FALSE,FALSE
1995-02-07,circumpolar,3.927201863,0.5241134278166975,0.5241134278166975,1.1150233324839751,FALSE,FALSE
1995-02-08,circumpolar,3.898613728,0.5375552430831902,0.5375552430831902,1.1150233324839751,FALSE,FALSE
1995-02-09,circumpolar,3.861116271,0.5398121665389679,0.5398121665389679,1.1150233324839751,FALSE,FALSE
1995-02-10,circumpolar,3.797697933,0.5136494015310245,0.5136494015310245,1.1150233324839751,FALSE,FALSE
1995-02-11,circumpolar,3.766123415,0.5165823093107691,0.5165823093107691,1.1150233324839751,FALSE,FALSE
1995-02-12,circumpolar,3.731617907,0.513586740129591,0.513586740129591,1.1150233324839751,FALSE,FALSE
1995-02-13,circumpolar,3.666285575,0.4765175202388816,0.4765175202388816,1.1150233324839751,FALSE,FALSE
1995-02-14,circumpolar,3.631814059,0.4668129498900475,0.4668129498900475,1.1150233324839751,FALSE,FALSE
1995-02-15,circumpolar,3.620771419,0.47679174933447754,0.47679174933447754,1.1150233324839751,FALSE,FALSE
1995-02-16,circumpolar,3.638432731,0.5114796548235665,0.5114796548235665,1.1150233324839751,FALSE,FALSE
1995-02-17,circumpolar,3.64570249,0.5315318216087217,0.5315318216087217,1.1150233324839751,FALSE,FALSE
1995-02-18,circumpolar,3.660984381,0.5551025949413275,0.5551025949413275,1.1150233324839751,FALSE,FALSE
1995-02-19,circumpolar,3.745208699,0.6428729300727807,0.6428729300727807,1.1150233324839751,FALSE,FALSE
1995-02-20,circumpolar,3.735733056,0.6319510992544872,0.6319510992544872,1.1150233324839751,FALSE,FALSE
1995-02-21,circumpolar,3.728823207,0.6183756515161907,0.6183756515161907,1.1150233324839751,FALSE,FALSE
1995-02-22,circumpolar,3.685638515,0.5633470856974498,0.5633470856974498,1.1150233324839751,FALSE,FALSE
1995-02-23,circumpolar,3.680166651,0.5410727213197166,0.5410727213197166,1.1150233324839751,FALSE,FALSE
1995-02-24,circumpolar,3.659987117,0.4993549358731406,0.4993549358731406,1.1150233324839751,FALSE,FALSE
1995-02-25,circumpolar,3.66391877,0.4772354618478856,0.4772354618478856,1.1150233324839751,FALSE,FALSE
1995-02-26,circumpolar,3.763456461,0.5464320257341022,0.5464320257341022,1.1150233324839751,FALSE,FALSE
1995-02-27,circumpolar,3.840681573,0.58924888602195,0.58924888602195,1.1150233324839751,FALSE,FALSE
1995-02-28,circumpolar,3.887220964,0.5975357762015845,0.5975357762015845,1.1150233324839751,FALSE,FALSE
1995-03-01,circumpolar,3.945176883,0.6136178207631633,0.6136178207631633,1.1150233324839751,FALSE,FALSE
1995-03-02,circumpolar,3.974753103,0.5979216681968382,0.5979216681968382,1.1150233324839751,FALSE,FALSE
1995-03-03,circumpolar,4.020830943,0.5955515129927758,0.5955515129927758,1.1150233324839751,FALSE,FALSE
1995-03-04,circumpolar,4.079399207,0.6027190346411251,0.6027190346411251,1.1150233324839751,FALSE,FALSE
1995-03-05,circumpolar,4.169772878,0.6389620853455003,0.6389620853455003,1.1150233324839751,FALSE,FALSE
1995-03-06,circumpolar,4.227112243,0.6396404361553198,0.6396404361553198,1.1150233324839751,FALSE,FALSE
1995-03-07,circumpolar,4.288282415,0.6417425509408217,0.6417425509408217,1.1150233324839751,FALSE,FALSE
1995-03-08,circumpolar,4.396823223,0.6889161423189734,0.6889161423189734,1.1150233324839751,FALSE,FALSE
1995-03-09,circumpolar,4.490157352,0.7186917789067393,0.7186917789067393,1.1150233324839751,FALSE,FALSE
1995-03-10,circumpolar,4.591958005,0.7548505473210918,0.7548505473210918,1.1150233324839751,FALSE,FALSE
1995-03-11,circumpolar,4.624985719,0.7202608681789995,0.7202608681789995,1.1150233324839751,FALSE,FALSE
1995-03-12,circumpolar,4.635444808,0.6612349390974273,0.6612349390974273,1.1150233324839751,FALSE,FALSE
1995-03-13,circumpolar,4.690373152,0.6449185236933435,0.6449185236933435,1.1150233324839751,FALSE,FALSE
1995-03-14,circumpolar,4.787784564,0.6694333185837174,0.6694333185837174,1.1150233324839751,FALSE,FALSE
1995-03-15,circumpolar,4.92055341,0.727761573385517,0.727761573385517,1.1150233324839751,FALSE,FALSE
1995-03-16,circumpolar,5.035468748,0.7668002297157068,0.7668002297157068,1.1150233324839751,FALSE,FALSE
1995-03-17,circumpolar,5.132486185,0.7866127781912615,0.7866127781912615,1.1150233324839751,FALSE,FALSE
1995-03-18,circumpolar,5.172830977,0.7485310674185959,0.7485310674185959,1.1150233324839751,FALSE,FALSE
1995-03-19,circumpolar,5.160669272,0.6567955952038682,0.6567955952038682,1.1150233324839751,FALSE,FALSE
1995-03-20,circumpolar,5.196195995,0.611641910114133,0.611641910114133,1.1150233324839751,FALSE,FALSE
1995-03-21,circumpolar,5.292924388,0.6266222898298937,0.6266222898298937,1.1150233324839751,FALSE,FALSE
1995-03-22,circumpolar,5.424245886,0.6751672050316841,0.6751672050316841,1.1150233324839751,FALSE,FALSE
1995-03-23,circumpolar,5.530015599,0.6971708014000235,0.6971708014000235,1.1150233324839751,FALSE,FALSE
1995-03-24,circumpolar,5.605566019,0.6880046066154293,0.6880046066154293,1.1150233324839751,FALSE,FALSE
1995-03-25,circumpolar,5.713425018,0.7102355283584298,0.7102355283584298,1.1150233324839751,FALSE,FALSE
1995-03-26,circumpolar,5.789759302,0.7000693083095397,0.7000693083095397,1.1150233324839751,FALSE,FALSE
1995-03-27,circumpolar,5.860536088,0.6835121991492867,0.6835121991492867,1.1150233324839751,FALSE,FALSE
1995-03-28,circumpolar,5.920251635,0.6550994955581917,0.6550994955581917,1.1150233324839751,FALSE,FALSE
1995-03-29,circumpolar,5.922028599,0.5679928892167707,0.5679928892167707,1.1150233324839751,FALSE,FALSE
1995-03-30,circumpolar,5.959850116,0.516214551805553,0.516214551805553,1.1150233324839751,FALSE,FALSE
1995-03-31,circumpolar,6.044027991,0.5101054704225687,0.5101054704225687,1.1150233324839751,FALSE,FALSE
1995-04-01,circumpolar,6.148742401,0.5238211441565772,0.5238211441565772,1.1150233324839751,FALSE,FALSE
1995-04-02,circumpolar,6.267852202,0.5511774410141701,0.5511774410141701,1.1150233324839751,FALSE,FALSE
1995-04-03,circumpolar,6.364685686,0.5554596498650053,0.5554596498650053,1.1150233324839751,FALSE,FALSE
1995-04-04,circumpolar,6.415815516,0.513197430578753,0.513197430578753,1.1150233324839751,FALSE,FALSE
1995-04-05,circumpolar,6.484208791,0.487314879025071,0.487314879025071,1.1150233324839751,FALSE,FALSE
1995-04-06,circumpolar,6.605081635,0.5129851160736321,0.5129851160736321,1.1150233324839751,FALSE,FALSE
1995-04-07,circumpolar,6.719949427,0.5316805175940864,0.5316805175940864,1.1150233324839751,FALSE,FALSE
1995-04-08,circumpolar,6.866555092,0.5811010054561034,0.5811010054561034,1.1150233324839751,FALSE,FALSE
1995-04-09,circumpolar,6.966533597,0.5828385435293422,0.5828385435293422,1.1150233324839751,FALSE,FALSE
1995-04-10,circumpolar,7.00731726,0.524282446683471,0.524282446683471,1.1150233324839751,FALSE,FALSE
1995-04-11,circumpolar,7.111255891,0.5277395217881455,0.5277395217881455,1.1150233324839751,FALSE,FALSE
1995-04-12,circumpolar,7.207369854,0.5221877562803829,0.5221877562803829,1.1150233324839751,FALSE,FALSE
1995-04-13,circumpolar,7.237921553,0.44989183319852266,0.44989183319852266,1.1150233324839751,FALSE,FALSE
1995-04-14,circumpolar,7.319713113,0.4277297709391368,0.4277297709391368,1.1150233324839751,FALSE,FALSE
1995-04-15,circumpolar,7.441192438,0.4442322428093801,0.4442322428093801,1.1150233324839751,FALSE,FALSE
1995-04-16,circumpolar,7.508147169,0.4052696591164384,0.4052696591164384,1.1150233324839751,FALSE,FALSE
1995-04-17,circumpolar,7.613392136,0.40373961916746737,0.40373961916746737,1.1150233324839751,FALSE,FALSE
1995-04-18,circumpolar,7.708496787,0.3912943402696323,0.3912943402696323,1.1150233324839751,FALSE,FALSE
1995-04-19,circumpolar,7.845909941,0.4204654107300936,0.4204654107300936,1.1150233324839751,FALSE,FALSE
1995-04-20,circumpolar,7.939592029,0.4052960308560367,0.4052960308560367,1.1150233324839751,FALSE,FALSE
1995-04-21,circumpolar,8.064196883,0.4205228019546059,0.4205228019546059,1.1150233324839751,FALSE,FALSE
1995-04-22,circumpolar,8.177809939,0.4243139293329783,0.4243139293329783,1.1150233324839751,FALSE,FALSE
1995-04-23,circumpolar,8.267182038,0.4035030232983248,0.4035030232983248,1.1150233324839751,FALSE,FALSE
1995-04-24,circumpolar,8.35548646,0.3813461331577957,0.3813461331577957,1.1150233324839751,FALSE,FALSE
1995-04-25,circumpolar,8.45031799,0.36551731164213486,0.36551731164213486,1.1150233324839751,FALSE,FALSE
1995-04-26,circumpolar,8.577312317,0.381698259391257,0.381698259391257,1.1150233324839751,FALSE,FALSE
1995-04-27,circumpolar,8.702805627,0.39625279653478,0.39625279653478,1.1150233324839751,FALSE,FALSE
1995-04-28,circumpolar,8.72469157,0.3071020136155749,0.3071020136155749,1.1150233324839751,FALSE,FALSE
1995-04-29,circumpolar,8.811251437,0.2825546421764944,0.2825546421764944,1.1150233324839751,FALSE,FALSE
1995-04-30,circumpolar,8.875645896,0.23579879076039312,0.23579879076039312,1.1150233324839751,FALSE,FALSE
1995-05-01,circumpolar,8.890765286,0.13975223891013044,0.13975223891013044,1.1150233324839751,FALSE,FALSE
1995-05-02,circumpolar,8.948468705,0.0863015251685546,0.0863015251685546,1.1150233324839751,FALSE,FALSE
1995-05-03,circumpolar,9.118417815,0.14513575207854323,0.14513575207854323,1.1150233324839751,FALSE,FALSE
1995-05-04,circumpolar,9.277268547,0.19293829118293715,0.19293829118293715,1.1150233324839751,FALSE,FALSE
1995-05-05,circumpolar,9.391750149,0.19646583102459303,0.19646583102459303,1.1150233324839751,FALSE,FALSE
1995-05-06,circumpolar,9.489695812,0.18357900314638265,0.18357900314638265,1.1150233324839751,FALSE,FALSE
1995-05-07,circumpolar,9.678462213,0.2616619100981552,0.2616619100981552,1.1150233324839751,FALSE,FALSE
1995-05-08,circumpolar,9.897550384,0.37023465060324945,0.37023465060324945,1.1150233324839751,FALSE,FALSE
1995-05-09,circumpolar,10.06429035,0.42662406959808585,0.42662406959808585,1.1150233324839751,FALSE,FALSE
1995-05-10,circumpolar,10.27353133,0.5256725456210045,0.5256725456210045,1.1150233324839751,FALSE,FALSE
1995-05-11,circumpolar,10.40153151,0.5436314242103197,0.5436314242103197,1.1150233324839751,FALSE,FALSE
1995-05-12,circumpolar,10.44802246,0.48022543490437286,0.48022543490437286,1.1150233324839751,FALSE,FALSE
1995-05-13,circumpolar,10.59021195,0.5126555072414796,0.5126555072414796,1.1150233324839751,FALSE,FALSE
1995-05-14,circumpolar,10.64018179,0.45299661075997655,0.45299661075997655,1.1150233324839751,FALSE,FALSE
1995-05-15,circumpolar,10.71160505,0.4149149749981884,0.4149149749981884,1.1150233324839751,FALSE,FALSE
1995-05-16,circumpolar,10.81303136,0.4069533894944364,0.4069533894944364,1.1150233324839751,FALSE,FALSE
1995-05-17,circumpolar,10.88914122,0.3737855137870501,0.3737855137870501,1.1150233324839751,FALSE,FALSE
1995-05-18,circumpolar,11.02238705,0.3978569274143755,0.3978569274143755,1.1150233324839751,FALSE,FALSE
1995-05-19,circumpolar,11.12257815,0.38897008991471793,0.38897008991471793,1.1150233324839751,FALSE,FALSE
1995-05-20,circumpolar,11.1699667,0.32737147386388443,0.32737147386388443,1.1150233324839751,FALSE,FALSE
1995-05-21,circumpolar,11.28146076,0.3299841067287357,0.3299841067287357,1.1150233324839751,FALSE,FALSE
1995-05-22,circumpolar,11.41053648,0.3503171692932536,0.3503171692932536,1.1150233324839751,FALSE,FALSE
1995-05-23,circumpolar,11.52525772,0.35646816007662174,0.35646816007662174,1.1150233324839751,FALSE,FALSE
1995-05-24,circumpolar,11.65921285,0.3820590875979999,0.3820590875979999,1.1150233324839751,FALSE,FALSE
1995-05-25,circumpolar,11.76509878,0.3798205003765833,0.3798205003765833,1.1150233324839751,FALSE,FALSE
1995-05-26,circumpolar,11.90421592,0.41108644693153806,0.41108644693153806,1.1150233324839751,FALSE,FALSE
1995-05-27,circumpolar,12.01695401,0.416280305782033,0.416280305782033,1.1150233324839751,FALSE,FALSE
1995-05-28,circumpolar,12.08721255,0.37933521544725224,0.37933521544725224,1.1150233324839751,FALSE,FALSE
1995-05-29,circumpolar,12.15539102,0.34068429444637616,0.34068429444637616,1.1150233324839751,FALSE,FALSE
1995-05-30,circumpolar,12.25378595,0.3326577112985749,0.3326577112985749,1.1150233324839751,FALSE,FALSE
1995-05-31,circumpolar,12.31934318,0.29223494452301324,0.29223494452301324,1.1150233324839751,FALSE,FALSE
1995-06-01,circumpolar,12.42891909,0.2963060126388921,0.2963060126388921,1.1150233324839751,FALSE,FALSE
1995-06-02,circumpolar,12.56421507,0.32659483219641317,0.32659483219641317,1.1150233324839751,FALSE,FALSE
1995-06-03,circumpolar,12.65476019,0.31260370405092175,0.31260370405092175,1.1150233324839751,FALSE,FALSE
1995-06-04,circumpolar,12.77047181,0.3242095538466039,0.3242095538466039,1.1150233324839751,FALSE,FALSE
1995-06-05,circumpolar,12.85879226,0.3088142767215114,0.3088142767215114,1.1150233324839751,FALSE,FALSE
1995-06-06,circumpolar,12.97810277,0.3247586678136827,0.3247586678136827,1.1150233324839751,FALSE,FALSE
1995-06-07,circumpolar,13.06348236,0.3070813122611433,0.3070813122611433,1.1150233324839751,FALSE,FALSE
1995-06-08,circumpolar,13.10064122,0.2414519652019287,0.2414519652019287,1.1150233324839751,FALSE,FALSE
1995-06-09,circumpolar,13.18690385,0.22515469177407077,0.22515469177407077,1.1150233324839751,FALSE,FALSE
1995-06-10,circumpolar,13.25817092,0.19404972711559765,0.19404972711559765,1.1150233324839751,FALSE,FALSE
1995-06-11,circumpolar,13.2689017,0.10255590636456624,0.10255590636456624,1.1150233324839751,FALSE,FALSE
1995-06-12,circumpolar,13.31047478,0.04201138465898602,0.04201138465898602,1.1150233324839751,FALSE,FALSE
1995-06-13,circumpolar,13.37298255,0.00246811713689432,0.00246811713689432,1.1150233324839751,FALSE,FALSE
1995-06-14,circumpolar,13.49905123,0.02651371935675683,0.02651371935675683,1.1150233324839751,FALSE,FALSE
1995-06-15,circumpolar,13.52681002,-0.04768052059899652,0.04768052059899652,1.1150233324839751,FALSE,FALSE
1995-06-16,circumpolar,13.53228386,-0.14393687615600648,0.14393687615600648,1.1150233324839751,FALSE,FALSE
1995-06-17,circumpolar,13.58370783,-0.19385946044539004,0.19385946044539004,1.1150233324839751,FALSE,FALSE
1995-06-18,circumpolar,13.69441163,-0.18395776659828833,0.18395776659828833,1.1150233324839751,FALSE,FALSE
1995-06-19,circumpolar,13.8133566,-0.16510964774581005,0.16510964774581005,1.1150233324839751,FALSE,FALSE
1995-06-20,circumpolar,14.06467877,-0.01301826701909192,0.01301826701909192,1.1150233324839751,FALSE,FALSE
1995-06-21,circumpolar,14.22443198,0.04853102245074403,0.04853102245074403,1.1150233324839751,FALSE,FALSE
1995-06-22,circumpolar,14.34137793,0.06846072753255505,0.06846072753255505,1.1150233324839751,FALSE,FALSE
1995-06-23,circumpolar,14.44694573,0.07836076509522982,0.07836076509522982,1.1150233324839751,FALSE,FALSE
1995-06-24,circumpolar,14.4809404,0.01819696200764298,0.01819696200764298,1.1150233324839751,FALSE,FALSE
1995-06-25,circumpolar,14.60406421,0.04883239513865334,0.04883239513865334,1.1150233324839751,FALSE,FALSE
1995-06-26,circumpolar,14.71900881,0.07311952135714783,0.07311952135714783,1.1150233324839751,FALSE,FALSE
1995-06-27,circumpolar,14.82940789,0.09482481284569212,0.09482481284569212,1.1150233324839751,FALSE,FALSE
1995-06-28,circumpolar,14.83595897,0.01456680309633107,0.01456680309633107,1.1150233324839751,FALSE,FALSE
1995-06-29,circumpolar,14.91530948,0.008817170162148,0.008817170162148,1.1150233324839751,FALSE,FALSE
1995-06-30,circumpolar,15.0455914,0.05553164457567305,0.05553164457567305,1.1150233324839751,FALSE,FALSE
1995-07-01,circumpolar,15.17160546,0.09933470686946676,0.09933470686946676,1.1150233324839751,FALSE,FALSE
1995-07-02,circumpolar,15.32067272,0.16737116757606607,0.16737116757606607,1.1150233324839751,FALSE,FALSE
1995-07-03,circumpolar,15.37265319,0.13932478722803765,0.13932478722803765,1.1150233324839751,FALSE,FALSE
1995-07-04,circumpolar,15.43643915,0.12391159635791738,0.12391159635791738,1.1150233324839751,FALSE,FALSE
1995-07-05,circumpolar,15.4918013,0.1007260454982557,0.1007260454982557,1.1150233324839751,FALSE,FALSE
1995-07-06,circumpolar,15.53380147,0.06465371518159735,0.06465371518159735,1.1150233324839751,FALSE,FALSE
1995-07-07,circumpolar,15.56760262,0.02068131594049838,0.02068131594049838,1.1150233324839751,FALSE,FALSE
1995-07-08,circumpolar,15.58161606,-0.04295609169249914,0.04295609169249914,1.1150233324839751,FALSE,FALSE
1995-07-09,circumpolar,15.70508599,0.00280985580904236,0.00280985580904236,1.1150233324839751,FALSE,FALSE
1995-07-10,circumpolar,15.83312065,0.05299188737051175,0.05299188737051175,1.1150233324839751,FALSE,FALSE
1995-07-11,circumpolar,15.83874851,-0.01930124799954136,0.01930124799954136,1.1150233324839751,FALSE,FALSE
1995-07-12,circumpolar,15.84459902,-0.09133655788236617,0.09133655788236617,1.1150233324839751,FALSE,FALSE
1995-07-13,circumpolar,15.9999169,-0.01376577985914018,0.01376577985914018,1.1150233324839751,FALSE,FALSE
1995-07-14,circumpolar,16.05231917,-0.03886835151109125,0.03886835151109125,1.1150233324839751,FALSE,FALSE
1995-07-15,circumpolar,16.094002,-0.07434456041941573,0.07434456041941573,1.1150233324839751,FALSE,FALSE
1995-07-16,circumpolar,16.0637731,-0.18128315416533525,0.18128315416533525,1.1150233324839751,FALSE,FALSE
1995-07-17,circumpolar,16.05546791,-0.2657451503300585,0.2657451503300585,1.1150233324839751,FALSE,FALSE
1995-07-18,circumpolar,16.12484519,-0.27186824649476904,0.27186824649476904,1.1150233324839751,FALSE,FALSE
1995-07-19,circumpolar,16.1934392,-0.27801464024070555,0.27801464024070555,1.1150233324839751,FALSE,FALSE
1995-07-20,circumpolar,16.32627227,-0.21905845914906408,0.21905845914906408,1.1150233324839751,FALSE,FALSE
1995-07-21,circumpolar,16.45528882,-0.16295174080105923,0.16295174080105923,1.1150233324839751,FALSE,FALSE
1995-07-22,circumpolar,16.65773429,-0.03234838471951562,0.03234838471951562,1.1150233324839751,FALSE,FALSE
1995-07-23,circumpolar,16.73733222,-0.02346396784360749,0.02346396784360749,1.1150233324839751,FALSE,FALSE
1995-07-24,circumpolar,16.76980813,-0.06054108244981648,0.06054108244981648,1.1150233324839751,FALSE,FALSE
1995-07-25,circumpolar,16.85766798,-0.04104253854173478,0.04104253854173478,1.1150233324839751,FALSE,FALSE
1995-07-26,circumpolar,16.91228978,-0.05355909612291043,0.05355909612291043,1.1150233324839751,FALSE,FALSE
1995-07-27,circumpolar,16.9442191,-0.08751395519692196,0.08751395519692196,1.1150233324839751,FALSE,FALSE
1995-07-28,circumpolar,17.02434485,-0.07198697576735569,0.07198697576735569,1.1150233324839751,FALSE,FALSE
1995-07-29,circumpolar,17.08192038,-0.07769357783776343,0.07769357783776343,1.1150233324839751,FALSE,FALSE
1995-07-30,circumpolar,17.25096471,0.02941648858828571,0.02941648858828571,1.1150233324839751,FALSE,FALSE
1995-07-31,circumpolar,17.32514756,0.04304417350719447,0.04304417350719447,1.1150233324839751,FALSE,FALSE
1995-08-01,circumpolar,17.4436406,0.1023923769153896,0.1023923769153896,1.1150233324839751,FALSE,FALSE
1995-08-02,circumpolar,17.49232789,0.0933763888093324,0.0933763888093324,1.1150233324839751,FALSE,FALSE
1995-08-03,circumpolar,17.52035868,0.06517668862276693,0.06517668862276693,1.1150233324839751,FALSE,FALSE
1995-08-04,circumpolar,17.55046212,0.04053846593789956,0.04053846593789956,1.1150233324839751,FALSE,FALSE
1995-08-05,circumpolar,17.65262468,0.0894094346749128,0.0894094346749128,1.1150233324839751,FALSE,FALSE
1995-08-06,circumpolar,17.79872183,0.1836139570122377,0.1836139570122377,1.1150233324839751,FALSE,FALSE
1995-08-07,circumpolar,17.89847208,0.23281943512827752,0.23281943512827752,1.1150233324839751,FALSE,FALSE
1995-08-08,circumpolar,17.99753912,0.28263845120143216,0.28263845120143216,1.1150233324839751,FALSE,FALSE
1995-08-09,circumpolar,18.12878271,0.3658796574101295,0.3658796574101295,1.1150233324839751,FALSE,FALSE
1995-08-10,circumpolar,18.1993839,0.38967299593276294,0.38967299593276294,1.1150233324839751,FALSE,FALSE
1995-08-11,circumpolar,18.28229492,0.4269195889477473,0.4269195889477473,1.1150233324839751,FALSE,FALSE
1995-08-12,circumpolar,18.34123888,0.44129143863349185,0.44129143863349185,1.1150233324839751,FALSE,FALSE
1995-08-13,circumpolar,18.28935309,0.34587474716842337,0.34587474716842337,1.1150233324839751,FALSE,FALSE
1995-08-14,circumpolar,18.25581099,0.26979184673093926,0.26979184673093926,1.1150233324839751,FALSE,FALSE
1995-08-15,circumpolar,18.25856025,0.2309392994994397,0.2309392994994397,1.1150233324839751,FALSE,FALSE
1995-08-16,circumpolar,18.29345999,0.22512599622264773,0.22512599622264773,1.1150233324839751,FALSE,FALSE
1995-08-17,circumpolar,18.31984734,0.2116649508221613,0.2116649508221613,1.1150233324839751,FALSE,FALSE
1995-08-18,circumpolar,18.36970457,0.2225442058053773,0.2225442058053773,1.1150233324839751,FALSE,FALSE
1995-08-19,circumpolar,18.41719131,0.23193080165143695,0.23193080165143695,1.1150233324839751,FALSE,FALSE
1995-08-20,circumpolar,18.51596935,0.2934939388395179,0.2934939388395179,1.1150233324839751,FALSE,FALSE
1995-08-21,circumpolar,18.55485333,0.29605566784879045,0.29605566784879045,1.1150233324839751,FALSE,FALSE
1995-08-22,circumpolar,18.59611171,0.3018918591584132,0.3018918591584132,1.1150233324839751,FALSE,FALSE
1995-08-23,circumpolar,18.61327306,0.28453849324754543,0.28453849324754543,1.1150233324839751,FALSE,FALSE
1995-08-24,circumpolar,18.63836573,0.2760313305953481,0.2760313305953481,1.1150233324839751,FALSE,FALSE
1995-08-25,circumpolar,18.49736237,0.10235043168099978,0.10235043168099978,1.1150233324839751,FALSE,FALSE
1995-08-26,circumpolar,18.3614776,-0.06528217301635664,0.06528217301635664,1.1150233324839751,FALSE,FALSE
1995-08-27,circumpolar,18.32513362,-0.13243687301755003,0.13243687301755003,1.1150233324839751,FALSE,FALSE
1995-08-28,circumpolar,18.26139965,-0.22603703784340468,0.22603703784340468,1.1150233324839751,FALSE,FALSE
1995-08-29,circumpolar,18.27803005,-0.238319987478004,0.238319987478004,1.1150233324839751,FALSE,FALSE
1995-08-30,circumpolar,18.3206662,-0.22363049401722537,0.22363049401722537,1.1150233324839751,FALSE,FALSE
1995-08-31,circumpolar,18.37656593,-0.19469480255337143,0.19469480255337143,1.1150233324839751,FALSE,FALSE
1995-09-01,circumpolar,18.40735081,-0.18987541445322975,0.18987541445322975,1.1150233324839751,FALSE,FALSE
1995-09-02,circumpolar,18.39103926,-0.2311379810836165,0.2311379810836165,1.1150233324839751,FALSE,FALSE
1995-09-03,circumpolar,18.4195027,-0.22659515381132067,0.22659515381132067,1.1150233324839751,FALSE,FALSE
1995-09-04,circumpolar,18.48192693,-0.1870452040031445,0.1870452040031445,1.1150233324839751,FALSE,FALSE
1995-09-05,circumpolar,18.47464061,-0.2161435430259182,0.2161435430259182,1.1150233324839751,FALSE,FALSE
1995-09-06,circumpolar,18.50749493,-0.20402305224640216,0.20402305224640216,1.1150233324839751,FALSE,FALSE
1995-09-07,circumpolar,18.54157047,-0.18958722303143816,0.18958722303143816,1.1150233324839751,FALSE,FALSE
1995-09-08,circumpolar,18.50263962,-0.2470477367478132,0.2470477367478132,1.1150233324839751,FALSE,FALSE
1995-09-09,circumpolar,18.61651859,-0.15057245476233305,0.15057245476233305,1.1150233324839751,FALSE,FALSE
1995-09-10,circumpolar,18.68014375,-0.10320905455992956,0.10320905455992956,1.1150233324839751,FALSE,FALSE
1995-09-11,circumpolar,18.73404333,-0.06441108648133564,0.06441108648133564,1.1150233324839751,FALSE,FALSE
1995-09-12,circumpolar,18.76221571,-0.05015784822479574,0.05015784822479574,1.1150233324839751,FALSE,FALSE
1995-09-13,circumpolar,18.79091982,-0.03416765551605039,0.03416765551605039,1.1150233324839751,FALSE,FALSE
1995-09-14,circumpolar,18.76423772,-0.07233569408086638,0.07233569408086638,1.1150233324839751,FALSE,FALSE
1995-09-15,circumpolar,18.76052232,-0.0862862996450211,0.0862862996450211,1.1150233324839751,FALSE,FALSE
1995-09-16,circumpolar,18.80387106,-0.05189927793425042,0.05189927793425042,1.1150233324839751,FALSE,FALSE
1995-09-17,circumpolar,18.86839072,0.00495490532568965,0.00495490532568965,1.1150233324839751,FALSE,FALSE
1995-09-18,circumpolar,18.91442152,0.04463922440902124,0.04463922440902124,1.1150233324839751,FALSE,FALSE
1995-09-19,circumpolar,19.03991435,0.16512732359000282,0.16512732359000282,1.1150233324839751,FALSE,FALSE
1995-09-20,circumpolar,19.01672685,0.13829959714285422,0.13829959714285422,1.1150233324839751,FALSE,FALSE
1995-09-21,circumpolar,18.94840094,0.06772071934183543,0.06772071934183543,1.1150233324839751,FALSE,FALSE
1995-09-22,circumpolar,18.92992847,0.0484052944611939,0.0484052944611939,1.1150233324839751,FALSE,FALSE
1995-09-23,circumpolar,18.90074954,0.01981539602845927,0.01981539602845927,1.1150233324839751,FALSE,FALSE
1995-09-24,circumpolar,18.97772059,0.09882107879948876,0.09882107879948876,1.1150233324839751,FALSE,FALSE
1995-09-25,circumpolar,18.96020179,0.08479105697070466,0.08479105697070466,1.1150233324839751,FALSE,FALSE
1995-09-26,circumpolar,18.99030062,0.1198412835930327,0.1198412835930327,1.1150233324839751,FALSE,FALSE
1995-09-27,circumpolar,18.92375207,0.05971522171735088,0.05971522171735088,1.1150233324839751,FALSE,FALSE
1995-09-28,circumpolar,18.73999973,-0.1161350656054303,0.1161350656054303,1.1150233324839751,FALSE,FALSE
1995-09-29,circumpolar,18.71797225,-0.12877245532444093,0.12877245532444093,1.1150233324839751,FALSE,FALSE
1995-09-30,circumpolar,18.78835469,-0.04750341438876404,0.04750341438876404,1.1150233324839751,FALSE,FALSE
1995-10-01,circumpolar,18.82827391,0.00480739025250542,0.00480739025250542,1.1150233324839751,FALSE,FALSE
1995-10-02,circumpolar,18.81658203,0.00702055165024617,0.00702055165024617,1.1150233324839751,FALSE,FALSE
1995-10-03,circumpolar,18.81919362,0.0250591128553701,0.0250591128553701,1.1150233324839751,FALSE,FALSE
1995-10-04,circumpolar,18.80066505,0.02348791691876783,0.02348791691876783,1.1150233324839751,FALSE,FALSE
1995-10-05,circumpolar,18.76345323,0.00477234960252559,0.00477234960252559,1.1150233324839751,FALSE,FALSE
1995-10-06,circumpolar,18.74481554,0.00618154621247413,0.00618154621247413,1.1150233324839751,FALSE,FALSE
1995-10-07,circumpolar,18.77169094,0.05467586899392174,0.05467586899392174,1.1150233324839751,FALSE,FALSE
1995-10-08,circumpolar,18.77151303,0.07771208508075489,0.07771208508075489,1.1150233324839751,FALSE,FALSE
1995-10-09,circumpolar,18.83910688,0.17013843160685127,0.17013843160685127,1.1150233324839751,FALSE,FALSE
1995-10-10,circumpolar,18.76158789,0.11909347570611928,0.11909347570611928,1.1150233324839751,FALSE,FALSE
1995-10-11,circumpolar,18.86638771,0.2520320345124212,0.2520320345124212,1.1150233324839751,FALSE,FALSE
1995-10-12,circumpolar,18.77246355,0.18793448515962297,0.18793448515962297,1.1150233324839751,FALSE,FALSE
1995-10-13,circumpolar,18.73989697,0.1869055547816565,0.1869055547816565,1.1150233324839751,FALSE,FALSE
1995-10-14,circumpolar,18.65519509,0.1354755305123625,0.1354755305123625,1.1150233324839751,FALSE,FALSE
1995-10-15,circumpolar,18.56618963,0.0814992994856567,0.0814992994856567,1.1150233324839751,FALSE,FALSE
1995-10-16,circumpolar,18.48007437,0.03219380883540523,0.03219380883540523,1.1150233324839751,FALSE,FALSE
1995-10-17,circumpolar,18.42824825,0.01898116569548946,0.01898116569548946,1.1150233324839751,FALSE,FALSE
1995-10-18,circumpolar,18.30822341,-0.06060369572464808,0.06060369572464808,1.1150233324839751,FALSE,FALSE
1995-10-19,circumpolar,18.28574345,-0.04080230202063362,0.04080230202063362,1.1150233324839751,FALSE,FALSE
1995-10-20,circumpolar,18.23819272,-0.04422300219873776,0.04422300219873776,1.1150233324839751,FALSE,FALSE
1995-10-21,circumpolar,18.19393791,-0.04249210846666429,0.04249210846666429,1.1150233324839751,FALSE,FALSE
1995-10-22,circumpolar,18.13104035,-0.05754129303211286,0.05754129303211286,1.1150233324839751,FALSE,FALSE
1995-10-23,circumpolar,18.06174169,-0.07712190810277875,0.07712190810277875,1.1150233324839751,FALSE,FALSE
1995-10-24,circumpolar,17.94147118,-0.14579770588634844,0.14579770588634844,1.1150233324839751,FALSE,FALSE
1995-10-25,circumpolar,17.87280124,-0.1609892685905301,0.1609892685905301,1.1150233324839751,FALSE,FALSE
1995-10-26,circumpolar,17.83516898,-0.14325248842301974,0.14325248842301974,1.1150233324839751,FALSE,FALSE
1995-10-27,circumpolar,17.69907606,-0.22207870759149273,0.22207870759149273,1.1150233324839751,FALSE,FALSE
1995-10-28,circumpolar,17.60390136,-0.25808204830366677,0.25808204830366677,1.1150233324839751,FALSE,FALSE
1995-10-29,circumpolar,17.56303805,-0.23786234276723303,0.23786234276723303,1.1150233324839751,FALSE,FALSE
1995-10-30,circumpolar,17.49285921,-0.24503951318988015,0.24503951318988015,1.1150233324839751,FALSE,FALSE
1995-10-31,circumpolar,17.42309056,-0.2498581835034699,0.2498581835034699,1.1150233324839751,FALSE,FALSE
1995-11-01,circumpolar,17.36531796,-0.24059130868610268,0.24059130868610268,1.1150233324839751,FALSE,FALSE
1995-11-02,circumpolar,17.33304106,-0.20356379635517996,0.20356379635517996,1.1150233324839751,FALSE,FALSE
1995-11-03,circumpolar,17.32410984,-0.14075021491883177,0.14075021491883177,1.1150233324839751,FALSE,FALSE
1995-11-04,circumpolar,17.28916585,-0.10133356278516814,0.10133356278516814,1.1150233324839751,FALSE,FALSE
1995-11-05,circumpolar,17.22187355,-0.09147392836231916,0.09147392836231916,1.1150233324839751,FALSE,FALSE
1995-11-06,circumpolar,17.04950093,-0.18372787005841215,0.18372787005841215,1.1150233324839751,FALSE,FALSE
1995-11-07,circumpolar,16.88040117,-0.26956675628157356,0.26956675628157356,1.1150233324839751,FALSE,FALSE
1995-11-08,circumpolar,16.90014185,-0.16324755543990577,0.16324755543990577,1.1150233324839751,FALSE,FALSE
1995-11-09,circumpolar,16.91439266,-0.05892512594155974,0.05892512594155974,1.1150233324839751,FALSE,FALSE
1995-11-10,circumpolar,16.70252016,-0.17705745619463542,0.17705745619463542,1.1150233324839751,FALSE,FALSE
1995-11-11,circumpolar,16.5869859,-0.1950075446072681,0.1950075446072681,1.1150233324839751,FALSE,FALSE
1995-11-12,circumpolar,16.49938958,-0.1810015413632904,0.1810015413632904,1.1150233324839751,FALSE,FALSE
1995-11-13,circumpolar,16.41843209,-0.15623641957769863,0.15623641957769863,1.1150233324839751,FALSE,FALSE
1995-11-14,circumpolar,16.33612912,-0.12870260282736012,0.12870260282736012,1.1150233324839751,FALSE,FALSE
1995-11-15,circumpolar,16.23482106,-0.1160747435688272,0.1160747435688272,1.1150233324839751,FALSE,FALSE
1995-11-16,circumpolar,16.13957049,-0.0933053042586458,0.0933053042586458,1.1150233324839751,FALSE,FALSE
1995-11-17,circumpolar,16.00963839,-0.10114834735336942,0.10114834735336942,1.1150233324839751,FALSE,FALSE
1995-11-18,circumpolar,15.89665013,-0.08799354530955306,0.08799354530955306,1.1150233324839751,FALSE,FALSE
1995-11-19,circumpolar,15.80669543,-0.04776622058373903,0.04776622058373903,1.1150233324839751,FALSE,FALSE
1995-11-20,circumpolar,15.6618726,-0.05838310563247262,0.05838310563247262,1.1150233324839751,FALSE,FALSE
1995-11-21,circumpolar,15.44972799,-0.13231289291231718,0.13231289291231718,1.1150233324839751,FALSE,FALSE
1995-11-22,circumpolar,15.373584,-0.06624822487980886,0.06624822487980886,1.1150233324839751,FALSE,FALSE
1995-11-23,circumpolar,15.28546428,-0.00818049399151199,0.00818049399151199,1.1150233324839751,FALSE,FALSE
1995-11-24,circumpolar,15.13825167,-0.00524190270396118,0.00524190270396118,1.1150233324839751,FALSE,FALSE
1995-11-25,circumpolar,14.98204451,-0.00734164627980504,0.00734164627980504,1.1150233324839751,FALSE,FALSE
1995-11-26,circumpolar,14.85316769,0.02190112460669802,0.02190112460669802,1.1150233324839751,FALSE,FALSE
1995-11-27,circumpolar,14.64503965,-0.02400726399360842,0.02400726399360842,1.1150233324839751,FALSE,FALSE
1995-11-28,circumpolar,14.42011103,-0.08252804420344262,0.08252804420344262,1.1150233324839751,FALSE,FALSE
1995-11-29,circumpolar,14.2606144,-0.07134051814554887,0.07134051814554887,1.1150233324839751,FALSE,FALSE
1995-11-30,circumpolar,14.12609041,-0.0308159079426602,0.0308159079426602,1.1150233324839751,FALSE,FALSE
1995-12-01,circumpolar,13.9681228,-0.00928234571751396,0.00928234571751396,1.1150233324839751,FALSE,FALSE
1995-12-02,circumpolar,13.77418678,-0.01917649359284112,0.01917649359284112,1.1150233324839751,FALSE,FALSE
1995-12-03,circumpolar,13.54519941,-0.05949316369138913,0.05949316369138913,1.1150233324839751,FALSE,FALSE
1995-12-04,circumpolar,13.34991977,-0.0613851481358818,0.0613851481358818,1.1150233324839751,FALSE,FALSE
1995-12-05,circumpolar,13.21108662,-0.00202555904906098,0.00202555904906098,1.1150233324839751,FALSE,FALSE
1995-12-06,circumpolar,13.06722991,0.05720368144633703,0.05720368144633703,1.1150233324839751,FALSE,FALSE
1995-12-07,circumpolar,12.90435354,0.10239410690699556,0.10239410690699556,1.1150233324839751,FALSE,FALSE
1995-12-08,circumpolar,12.73279733,0.14381971796140824,0.14381971796140824,1.1150233324839751,FALSE,FALSE
1995-12-09,circumpolar,12.60306029,0.2315436331199301,0.2315436331199301,1.1150233324839751,FALSE,FALSE
1995-12-10,circumpolar,12.50719456,0.35712743299066396,0.35712743299066396,1.1150233324839751,FALSE,FALSE
1995-12-11,circumpolar,12.28433149,0.3592119081817078,0.3592119081817078,1.1150233324839751,FALSE,FALSE
1995-12-12,circumpolar,12.06180121,0.3646366293011578,0.3646366293011578,1.1150233324839751,FALSE,FALSE
1995-12-13,circumpolar,11.82823039,0.3615377069571153,0.3615377069571153,1.1150233324839751,FALSE,FALSE
1995-12-14,circumpolar,11.59902063,0.3648261817576799,0.3648261817576799,1.1150233324839751,FALSE,FALSE
1995-12-15,circumpolar,11.37056005,0.3703996143109496,0.3703996143109496,1.1150233324839751,FALSE,FALSE
1995-12-16,circumpolar,11.10217221,0.3370910052250391,0.3370910052250391,1.1150233324839751,FALSE,FALSE
1995-12-17,circumpolar,10.87988849,0.3504411751080294,0.3504411751080294,1.1150233324839751,FALSE,FALSE
1995-12-18,circumpolar,10.58155552,0.2878061945680237,0.2878061945680237,1.1150233324839751,FALSE,FALSE
1995-12-19,circumpolar,10.18808758,0.12960978421312674,0.12960978421312674,1.1150233324839751,FALSE,FALSE
1995-12-20,circumpolar,10.02688497,0.2027632676924327,0.2027632676924327,1.1150233324839751,FALSE,FALSE
1995-12-21,circumpolar,9.869326319,0.27818132858461553,0.27818132858461553,1.1150233324839751,FALSE,FALSE
1995-12-22,circumpolar,9.7392708120000009,0.37927918668192895,0.37927918668192895,1.1150233324839751,FALSE,FALSE
1995-12-23,circumpolar,9.511429905,0.3803248895636955,0.3803248895636955,1.1150233324839751,FALSE,FALSE
1995-12-24,circumpolar,9.371688041,0.4667594718092207,0.4667594718092207,1.1150233324839751,FALSE,FALSE
1995-12-25,circumpolar,9.172317392,0.4904116969978407,0.4904116969978407,1.1150233324839751,FALSE,FALSE
1995-12-26,circumpolar,8.981620889,0.5191410877088494,0.5191410877088494,1.1150233324839751,FALSE,FALSE
1995-12-27,circumpolar,8.825836969,0.5787426725215958,0.5787426725215958,1.1150233324839751,FALSE,FALSE
1995-12-28,circumpolar,8.69273577,0.6565431810153708,0.6565431810153708,1.1150233324839751,FALSE,FALSE
1995-12-29,circumpolar,8.572952711,0.7427346237695183,0.7427346237695183,1.1150233324839751,FALSE,FALSE
1995-12-30,circumpolar,8.397844922,0.768230722363338,0.768230722363338,1.1150233324839751,FALSE,FALSE
1995-12-31,circumpolar,8.267322104,0.8324977693761397,0.8324977693761397,1.1150233324839751,FALSE,FALSE
1996-01-01,circumpolar,8.143990124,0.897698223387267,0.897698223387267,1.1150233324839751,FALSE,FALSE
1996-01-02,circumpolar,7.967822036,0.9034791534307294,0.9034791534307294,1.1150233324839751,FALSE,FALSE
1996-01-03,circumpolar,7.857801124,0.9689675523593876,0.9689675523593876,1.1150233324839751,FALSE,FALSE
1996-01-04,circumpolar,7.796433065,1.07693022948082,1.07693022948082,1.1150233324839751,FALSE,FALSE
1996-01-05,circumpolar,7.657039308,1.1009497661026133,1.1009497661026133,1.1150233324839751,FALSE,FALSE
1996-01-06,circumpolar,7.574106385,1.1757738265323194,1.1757738265323194,1.1150233324839751,TRUE,TRUE
1996-01-07,circumpolar,7.466934288,1.2209635350775097,1.2209635350775097,1.1150233324839751,TRUE,TRUE
1996-01-08,circumpolar,7.362197429,1.2634544360457711,1.2634544360457711,1.1150233324839751,TRUE,TRUE
1996-01-09,circumpolar,7.265877071,1.3094889247446604,1.3094889247446604,1.1150233324839751,TRUE,TRUE
1996-01-10,circumpolar,7.082810025,1.2641649444817658,1.2641649444817658,1.1150233324839751,TRUE,TRUE
1996-01-11,circumpolar,6.951040509,1.265787845564641,1.265787845564641,1.1150233324839751,TRUE,TRUE
1996-01-12,circumpolar,6.77860052,1.2226507573008698,1.2226507573008698,1.1150233324839751,TRUE,TRUE
1996-01-13,circumpolar,6.654015922,1.22354067599802,1.22354067599802,1.1150233324839751,TRUE,TRUE
1996-01-14,circumpolar,6.540028203,1.2314569959729145,1.2314569959729145,1.1150233324839751,TRUE,TRUE
1996-01-15,circumpolar,6.382884034,1.19278853038686,1.19278853038686,1.1150233324839751,TRUE,TRUE
1996-01-16,circumpolar,6.259342546,1.1842915247010657,1.1842915247010657,1.1150233324839751,TRUE,TRUE
1996-01-17,circumpolar,6.142783204,1.1793333863324165,1.1793333863324165,1.1150233324839751,TRUE,TRUE
1996-01-18,circumpolar,6.00322552,1.147921569697805,1.147921569697805,1.1150233324839751,TRUE,TRUE
1996-01-19,circumpolar,5.872379831,1.1217543542141175,1.1217543542141175,1.1150233324839751,TRUE,TRUE
1996-01-20,circumpolar,5.767009711,1.1175832562982455,1.1175832562982455,1.1150233324839751,TRUE,TRUE
1996-01-21,circumpolar,5.633194062,1.0814751203670738,1.0814751203670738,1.1150233324839751,FALSE,FALSE
1996-01-22,circumpolar,5.535064358,1.0775493628374928,1.0775493628374928,1.1150233324839751,FALSE,FALSE
1996-01-23,circumpolar,5.373495078,1.006668405126395,1.006668405126395,1.1150233324839751,FALSE,FALSE
1996-01-24,circumpolar,5.253082977,0.9734169446506592,0.9734169446506592,1.1150233324839751,FALSE,FALSE
1996-01-25,circumpolar,5.165281302,0.9692361708271812,0.9692361708271812,1.1150233324839751,FALSE,FALSE
1996-01-26,circumpolar,5.023512625,0.9075365980728528,0.9075365980728528,1.1150233324839751,FALSE,FALSE
1996-01-27,circumpolar,4.873040394,0.8335810886581099,0.8335810886581099,1.1150233324839751,FALSE,FALSE
1996-01-28,circumpolar,4.747057381,0.7806394870946858,0.7806394870946858,1.1150233324839751,FALSE,FALSE
1996-01-29,circumpolar,4.651625779,0.7548832604137936,0.7548832604137936,1.1150233324839751,FALSE,FALSE
1996-01-30,circumpolar,4.446436167,0.6161123653779543,0.6161123653779543,1.1150233324839751,FALSE,FALSE
1996-01-31,circumpolar,4.288617436,0.5215650707497077,0.5215650707497077,1.1150233324839751,FALSE,FALSE
1996-02-01,circumpolar,4.102098839,0.39528000729157053,0.39528000729157053,1.1150233324839751,FALSE,FALSE
1996-02-02,circumpolar,4.028038205,0.37852438176607395,0.37852438176607395,1.1150233324839751,FALSE,FALSE
1996-02-03,circumpolar,3.960592398,0.3655644359357528,0.3655644359357528,1.1150233324839751,FALSE,FALSE
1996-02-04,circumpolar,3.88698123,0.3437293595631261,0.3437293595631261,1.1150233324839751,FALSE,FALSE
1996-02-05,circumpolar,3.810255928,0.3161797574107199,0.3161797574107199,1.1150233324839751,FALSE,FALSE
1996-02-06,circumpolar,3.769022113,0.3216306282410679,0.3216306282410679,1.1150233324839751,FALSE,FALSE
1996-02-07,circumpolar,3.697878406,0.29478997081669744,0.29478997081669744,1.1150233324839751,FALSE,FALSE
1996-02-08,circumpolar,3.657885732,0.2968272470831903,0.2968272470831903,1.1150233324839751,FALSE,FALSE
1996-02-09,circumpolar,3.613658833,0.2923547285389678,0.2923547285389678,1.1150233324839751,FALSE,FALSE
1996-02-10,circumpolar,3.542599982,0.2585514505310247,0.2585514505310247,1.1150233324839751,FALSE,FALSE
1996-02-11,circumpolar,3.450336678,0.20079557231076928,0.20079557231076928,1.1150233324839751,FALSE,FALSE
1996-02-12,circumpolar,3.353014574,0.134983407129591,0.134983407129591,1.1150233324839751,FALSE,FALSE
1996-02-13,circumpolar,3.312815481,0.12304742623888164,0.12304742623888164,1.1150233324839751,FALSE,FALSE
1996-02-14,circumpolar,3.329414717,0.16441360789004775,0.16441360789004775,1.1150233324839751,FALSE,FALSE
1996-02-15,circumpolar,3.263367265,0.1193875953344774,0.1193875953344774,1.1150233324839751,FALSE,FALSE
1996-02-16,circumpolar,3.273065851,0.14611277482356666,0.14611277482356666,1.1150233324839751,FALSE,FALSE
1996-02-17,circumpolar,3.226214584,0.11204391560872162,0.11204391560872162,1.1150233324839751,FALSE,FALSE
1996-02-18,circumpolar,3.139508153,0.03362636694132748,0.03362636694132748,1.1150233324839751,FALSE,FALSE
1996-02-19,circumpolar,3.100150947,-0.00218482192721936,0.00218482192721936,1.1150233324839751,FALSE,FALSE
1996-02-20,circumpolar,3.042117549,-0.06166440774551285,0.06166440774551285,1.1150233324839751,FALSE,FALSE
1996-02-21,circumpolar,3.040050062,-0.07039749348380919,0.07039749348380919,1.1150233324839751,FALSE,FALSE
1996-02-22,circumpolar,3.016380679,-0.10591075030255004,0.10591075030255004,1.1150233324839751,FALSE,FALSE
1996-02-23,circumpolar,3.027435454,-0.11165847568028342,0.11165847568028342,1.1150233324839751,FALSE,FALSE
1996-02-24,circumpolar,3.050876243,-0.10975593812685958,0.10975593812685958,1.1150233324839751,FALSE,FALSE
1996-02-25,circumpolar,3.037176023,-0.14950728515211464,0.14950728515211464,1.1150233324839751,FALSE,FALSE
1996-02-26,circumpolar,3.04622105,-0.17080338526589767,0.17080338526589767,1.1150233324839751,FALSE,FALSE
1996-02-27,circumpolar,3.1815132,-0.06991948697804995,0.06991948697804995,1.1150233324839751,FALSE,FALSE
1996-02-28,circumpolar,3.292579374,0.00289418620158432,0.00289418620158432,1.1150233324839751,FALSE,FALSE
1996-03-01,circumpolar,3.371580564,-0.00525087080316177,0.00525087080316177,1.1150233324839751,FALSE,FALSE
1996-03-02,circumpolar,3.448694777,0.02341534699277581,0.02341534699277581,1.1150233324839751,FALSE,FALSE
1996-03-03,circumpolar,3.521673417,0.04499324464112542,0.04499324464112542,1.1150233324839751,FALSE,FALSE
1996-03-04,circumpolar,3.568172702,0.03736190934550043,0.03736190934550043,1.1150233324839751,FALSE,FALSE
1996-03-05,circumpolar,3.641336845,0.05386503815532029,0.05386503815532029,1.1150233324839751,FALSE,FALSE
1996-03-06,circumpolar,3.744824271,0.09828440694082152,0.09828440694082152,1.1150233324839751,FALSE,FALSE
1996-03-07,circumpolar,3.889021421,0.181114340318973,0.181114340318973,1.1150233324839751,FALSE,FALSE
1996-03-08,circumpolar,4.013995595,0.24253002190673945,0.24253002190673945,1.1150233324839751,FALSE,FALSE
1996-03-09,circumpolar,4.093667254,0.25655979632109105,0.25655979632109105,1.1150233324839751,FALSE,FALSE
1996-03-10,circumpolar,4.163375757,0.25865090617899966,0.25865090617899966,1.1150233324839751,FALSE,FALSE
1996-03-11,circumpolar,4.213496898,0.23928702909742716,0.23928702909742716,1.1150233324839751,FALSE,FALSE
1996-03-12,circumpolar,4.313396943,0.26794231469334306,0.26794231469334306,1.1150233324839751,FALSE,FALSE
1996-03-13,circumpolar,4.396545129,0.2781938835837172,0.2781938835837172,1.1150233324839751,FALSE,FALSE
1996-03-14,circumpolar,4.471724627,0.2789327903855172,0.2789327903855172,1.1150233324839751,FALSE,FALSE
1996-03-15,circumpolar,4.5427351,0.2740665817157062,0.2740665817157062,1.1150233324839751,FALSE,FALSE
1996-03-16,circumpolar,4.605881802,0.26000839519126107,0.26000839519126107,1.1150233324839751,FALSE,FALSE
1996-03-17,circumpolar,4.66637306,0.24207315041859537,0.24207315041859537,1.1150233324839751,FALSE,FALSE
1996-03-18,circumpolar,4.742032073,0.23815839620386825,0.23815839620386825,1.1150233324839751,FALSE,FALSE
1996-03-19,circumpolar,4.849730822,0.2651767371141327,0.2651767371141327,1.1150233324839751,FALSE,FALSE
1996-03-20,circumpolar,4.964924832,0.2986227338298937,0.2986227338298937,1.1150233324839751,FALSE,FALSE
1996-03-21,circumpolar,4.993960343,0.24488166203168493,0.24488166203168493,1.1150233324839751,FALSE,FALSE
1996-03-22,circumpolar,5.078668915,0.24582411740002288,0.24582411740002288,1.1150233324839751,FALSE,FALSE
1996-03-23,circumpolar,5.147977397,0.230415984615429,0.230415984615429,1.1150233324839751,FALSE,FALSE
1996-03-24,circumpolar,5.21573353,0.21254404035842975,0.21254404035842975,1.1150233324839751,FALSE,FALSE
1996-03-25,circumpolar,5.286381262,0.19669126830953945,0.19669126830953945,1.1150233324839751,FALSE,FALSE
1996-03-26,circumpolar,5.442144147,0.2651202581492864,0.2651202581492864,1.1150233324839751,FALSE,FALSE
1996-03-27,circumpolar,5.57437529,0.30922315055819194,0.30922315055819194,1.1150233324839751,FALSE,FALSE
1996-03-28,circumpolar,5.681162969,0.32712725921677066,0.32712725921677066,1.1150233324839751,FALSE,FALSE
1996-03-29,circumpolar,5.799528413,0.35589284880555283,0.35589284880555283,1.1150233324839751,FALSE,FALSE
1996-03-30,circumpolar,5.909553516,0.3756309954225685,0.3756309954225685,1.1150233324839751,FALSE,FALSE
1996-03-31,circumpolar,5.960171767,0.3352505101565777,0.3352505101565777,1.1150233324839751,FALSE,FALSE
1996-04-01,circumpolar,6.036759713,0.3200849520141702,0.3200849520141702,1.1150233324839751,FALSE,FALSE
1996-04-02,circumpolar,6.09914147,0.28991543386500584,0.28991543386500584,1.1150233324839751,FALSE,FALSE
1996-04-03,circumpolar,6.199526107,0.2969080215787523,0.2969080215787523,1.1150233324839751,FALSE,FALSE
1996-04-04,circumpolar,6.280331099,0.28343718702507026,0.28343718702507026,1.1150233324839751,FALSE,FALSE
1996-04-05,circumpolar,6.397015571,0.30491905207363157,0.30491905207363157,1.1150233324839751,FALSE,FALSE
1996-04-06,circumpolar,6.462559613,0.2742907035940858,0.2742907035940858,1.1150233324839751,FALSE,FALSE
1996-04-07,circumpolar,6.532311044,0.24685695745610392,0.24685695745610392,1.1150233324839751,FALSE,FALSE
1996-04-08,circumpolar,6.64669327,0.2629982165293425,0.2629982165293425,1.1150233324839751,FALSE,FALSE
1996-04-09,circumpolar,6.782300936,0.29926612268347164,0.29926612268347164,1.1150233324839751,FALSE,FALSE
1996-04-10,circumpolar,6.906729639,0.3232132697881456,0.3232132697881456,1.1150233324839751,FALSE,FALSE
1996-04-11,circumpolar,7.020754741,0.3355726432803827,0.3355726432803827,1.1150233324839751,FALSE,FALSE
1996-04-12,circumpolar,7.149617927,0.3615882071985234,0.3615882071985234,1.1150233324839751,FALSE,FALSE
1996-04-13,circumpolar,7.245180834,0.3531974919391372,0.3531974919391372,1.1150233324839751,FALSE,FALSE
1996-04-14,circumpolar,7.287616953,0.29065675780937994,0.29065675780937994,1.1150233324839751,FALSE,FALSE
1996-04-15,circumpolar,7.396159015,0.2932815051164388,0.2932815051164388,1.1150233324839751,FALSE,FALSE
1996-04-16,circumpolar,7.539361658,0.3297091411674673,0.3297091411674673,1.1150233324839751,FALSE,FALSE
1996-04-17,circumpolar,7.721735398,0.4045329512696325,0.4045329512696325,1.1150233324839751,FALSE,FALSE
1996-04-18,circumpolar,7.889634285,0.4641897547300928,0.4641897547300928,1.1150233324839751,FALSE,FALSE
1996-04-19,circumpolar,7.970166013,0.4358700148560368,0.4358700148560368,1.1150233324839751,FALSE,FALSE
1996-04-20,circumpolar,8.144977055,0.5013029739546067,0.5013029739546067,1.1150233324839751,FALSE,FALSE
1996-04-21,circumpolar,8.246021865,0.4925258553329783,0.4925258553329783,1.1150233324839751,FALSE,FALSE
1996-04-22,circumpolar,8.330975182,0.4672961672983247,0.4672961672983247,1.1150233324839751,FALSE,FALSE
1996-04-23,circumpolar,8.436451638,0.4623113111577952,0.4623113111577952,1.1150233324839751,FALSE,FALSE
1996-04-24,circumpolar,8.599552998,0.5147523196421346,0.5147523196421346,1.1150233324839751,FALSE,FALSE
1996-04-25,circumpolar,8.719995845,0.5243817873912562,0.5243817873912562,1.1150233324839751,FALSE,FALSE
1996-04-26,circumpolar,8.822276403,0.51572357253478,0.51572357253478,1.1150233324839751,FALSE,FALSE
1996-04-27,circumpolar,8.993441777,0.575852220615575,0.575852220615575,1.1150233324839751,FALSE,FALSE
1996-04-28,circumpolar,9.101292584,0.5725957891764946,0.5725957891764946,1.1150233324839751,FALSE,FALSE
1996-04-29,circumpolar,9.2127124,0.5728652947603923,0.5728652947603923,1.1150233324839751,FALSE,FALSE
1996-04-30,circumpolar,9.33109437,0.5800813229101305,0.5800813229101305,1.1150233324839751,FALSE,FALSE
1996-05-01,circumpolar,9.464482089,0.6023149091685553,0.6023149091685553,1.1150233324839751,FALSE,FALSE
1996-05-02,circumpolar,9.675754758,0.7024726950785425,0.7024726950785425,1.1150233324839751,FALSE,FALSE
1996-05-03,circumpolar,9.803436906,0.7191066501829368,0.7191066501829368,1.1150233324839751,FALSE,FALSE
1996-05-04,circumpolar,9.944222485,0.7489381670245923,0.7489381670245923,1.1150233324839751,FALSE,FALSE
1996-05-05,circumpolar,10.06812114,0.7620043311463824,0.7620043311463824,1.1150233324839751,FALSE,FALSE
1996-05-06,circumpolar,10.14227727,0.7254769670981549,0.7254769670981549,1.1150233324839751,FALSE,FALSE
1996-05-07,circumpolar,10.2884135,0.7610977666032497,0.7610977666032497,1.1150233324839751,FALSE,FALSE
1996-05-08,circumpolar,10.41628222,0.778615939598085,0.778615939598085,1.1150233324839751,FALSE,FALSE
1996-05-09,circumpolar,10.48029172,0.732432935621004,0.732432935621004,1.1150233324839751,FALSE,FALSE
1996-05-10,circumpolar,10.55733876,0.6994386742103202,0.6994386742103202,1.1150233324839751,FALSE,FALSE
1996-05-11,circumpolar,10.5604462,0.5926491749043716,0.5926491749043716,1.1150233324839751,FALSE,FALSE
1996-05-12,circumpolar,10.64705116,0.5694947172414793,0.5694947172414793,1.1150233324839751,FALSE,FALSE
1996-05-13,circumpolar,10.74938075,0.5621955707599771,0.5621955707599771,1.1150233324839751,FALSE,FALSE
1996-05-14,circumpolar,10.80442605,0.5077359749981891,0.5077359749981891,1.1150233324839751,FALSE,FALSE
1996-05-15,circumpolar,11.04148748,0.635409509494437,0.635409509494437,1.1150233324839751,FALSE,FALSE
1996-05-16,circumpolar,11.16086854,0.6455128337870484,0.6455128337870484,1.1150233324839751,FALSE,FALSE
1996-05-17,circumpolar,11.25908085,0.6345507274143749,0.6345507274143749,1.1150233324839751,FALSE,FALSE
1996-05-18,circumpolar,11.36708011,0.6334720499147171,0.6334720499147171,1.1150233324839751,FALSE,FALSE
1996-05-19,circumpolar,11.50938828,0.6667930538638842,0.6667930538638842,1.1150233324839751,FALSE,FALSE
1996-05-20,circumpolar,11.65304377,0.7015671167287358,0.7015671167287358,1.1150233324839751,FALSE,FALSE
1996-05-21,circumpolar,11.74912273,0.6889034192932542,0.6889034192932542,1.1150233324839751,FALSE,FALSE
1996-05-22,circumpolar,11.86081769,0.6920281300766202,0.6920281300766202,1.1150233324839751,FALSE,FALSE
1996-05-23,circumpolar,12.0092597,0.7321059375979999,0.7321059375979999,1.1150233324839751,FALSE,FALSE
1996-05-24,circumpolar,12.1798183,0.7945400203765836,0.7945400203765836,1.1150233324839751,FALSE,FALSE
1996-05-25,circumpolar,12.32480522,0.8316757469315377,0.8316757469315377,1.1150233324839751,FALSE,FALSE
1996-05-26,circumpolar,12.43944335,0.8387696457820333,0.8387696457820333,1.1150233324839751,FALSE,FALSE
1996-05-27,circumpolar,12.47874567,0.7708683354472523,0.7708683354472523,1.1150233324839751,FALSE,FALSE
1996-05-28,circumpolar,12.54945944,0.7347527144463761,0.7347527144463761,1.1150233324839751,FALSE,FALSE
1996-05-29,circumpolar,12.70501256,0.7838843212985758,0.7838843212985758,1.1150233324839751,FALSE,FALSE
1996-05-30,circumpolar,12.82331793,0.7962096945230126,0.7962096945230126,1.1150233324839751,FALSE,FALSE
1996-05-31,circumpolar,13.0091848,0.8765717226388912,0.8765717226388912,1.1150233324839751,FALSE,FALSE
1996-06-01,circumpolar,13.0615054,0.8238851621964134,0.8238851621964134,1.1150233324839751,FALSE,FALSE
1996-06-02,circumpolar,13.14602576,0.803869274050923,0.803869274050923,1.1150233324839751,FALSE,FALSE
1996-06-03,circumpolar,13.19560128,0.7493390238466038,0.7493390238466038,1.1150233324839751,FALSE,FALSE
1996-06-04,circumpolar,13.18396755,0.6339895667215121,0.6339895667215121,1.1150233324839751,FALSE,FALSE
1996-06-05,circumpolar,13.23380455,0.5804604478136834,0.5804604478136834,1.1150233324839751,FALSE,FALSE
1996-06-06,circumpolar,13.29858475,0.5421837022611431,0.5421837022611431,1.1150233324839751,FALSE,FALSE
1996-06-07,circumpolar,13.3468562,0.4876669452019282,0.4876669452019282,1.1150233324839751,FALSE,FALSE
1996-06-08,circumpolar,13.3980232,0.43627404177407136,0.43627404177407136,1.1150233324839751,FALSE,FALSE
1996-06-09,circumpolar,13.54074441,0.4766232171155984,0.4766232171155984,1.1150233324839751,FALSE,FALSE
1996-06-10,circumpolar,13.62005182,0.453706026364566,0.453706026364566,1.1150233324839751,FALSE,FALSE
1996-06-11,circumpolar,13.76020699,0.49174359465898654,0.49174359465898654,1.1150233324839751,FALSE,FALSE
1996-06-12,circumpolar,13.92717122,0.5566567871368946,0.5566567871368946,1.1150233324839751,FALSE,FALSE
1996-06-13,circumpolar,14.0932473,0.6207097893567575,0.6207097893567575,1.1150233324839751,FALSE,FALSE
1996-06-14,circumpolar,14.1599349,0.5854443594010039,0.5854443594010039,1.1150233324839751,FALSE,FALSE
1996-06-15,circumpolar,14.27851968,0.6022989438439943,0.6022989438439943,1.1150233324839751,FALSE,FALSE
1996-06-16,circumpolar,14.35379163,0.57622433955461,0.57622433955461,1.1150233324839751,FALSE,FALSE
1996-06-17,circumpolar,14.4532408,0.57487140340171194,0.57487140340171194,1.1150233324839751,FALSE,FALSE
1996-06-18,circumpolar,14.51481161,0.53634536225419,0.53634536225419,1.1150233324839751,FALSE,FALSE
1996-06-19,circumpolar,14.54870356,0.4710065229809075,0.4710065229809075,1.1150233324839751,FALSE,FALSE
1996-06-20,circumpolar,14.68507956,0.5091786024507439,0.5091786024507439,1.1150233324839751,FALSE,FALSE
1996-06-21,circumpolar,14.72228952,0.4493723175325552,0.4493723175325552,1.1150233324839751,FALSE,FALSE
1996-06-22,circumpolar,14.82010032,0.4515153550952302,0.4515153550952302,1.1150233324839751,FALSE,FALSE
1996-06-23,circumpolar,14.95104326,0.48829982200764377,0.48829982200764377,1.1150233324839751,FALSE,FALSE
1996-06-24,circumpolar,15.04333766,0.4881058451386533,0.4881058451386533,1.1150233324839751,FALSE,FALSE
1996-06-25,circumpolar,15.05048899,0.4045997013571476,0.4045997013571476,1.1150233324839751,FALSE,FALSE
1996-06-26,circumpolar,15.08000893,0.3454258528456915,0.3454258528456915,1.1150233324839751,FALSE,FALSE
1996-06-27,circumpolar,15.16215393,0.34076176309633155,0.34076176309633155,1.1150233324839751,FALSE,FALSE
1996-06-28,circumpolar,15.18992162,0.28342931016214834,0.28342931016214834,1.1150233324839751,FALSE,FALSE
1996-06-29,circumpolar,15.18814187,0.1980821145756746,0.1980821145756746,1.1150233324839751,FALSE,FALSE
1996-06-30,circumpolar,15.24676088,0.17449012686946652,0.17449012686946652,1.1150233324839751,FALSE,FALSE
1996-07-01,circumpolar,15.34684177,0.1935402175760661,0.1935402175760661,1.1150233324839751,FALSE,FALSE
1996-07-02,circumpolar,15.43862961,0.2053012072280378,0.2053012072280378,1.1150233324839751,FALSE,FALSE
1996-07-03,circumpolar,15.49979353,0.1872659763579172,0.1872659763579172,1.1150233324839751,FALSE,FALSE
1996-07-04,circumpolar,15.5484891,0.15741384549825457,0.15741384549825457,1.1150233324839751,FALSE,FALSE
1996-07-05,circumpolar,15.56528762,0.09613986518159656,0.09613986518159656,1.1150233324839751,FALSE,FALSE
1996-07-06,circumpolar,15.57069772,0.02377641594049784,0.02377641594049784,1.1150233324839751,FALSE,FALSE
1996-07-07,circumpolar,15.68160003,0.05702787830750111,0.05702787830750111,1.1150233324839751,FALSE,FALSE
1996-07-08,circumpolar,15.76478426,0.06250812580904253,0.06250812580904253,1.1150233324839751,FALSE,FALSE
1996-07-09,circumpolar,15.7330852,-0.04704356262948828,0.04704356262948828,1.1150233324839751,FALSE,FALSE
1996-07-10,circumpolar,15.87032869,0.01227893200045748,0.01227893200045748,1.1150233324839751,FALSE,FALSE
1996-07-11,circumpolar,15.96168605,0.02575047211763426,0.02575047211763426,1.1150233324839751,FALSE,FALSE
1996-07-12,circumpolar,16.07180378,0.05812110014085903,0.05812110014085903,1.1150233324839751,FALSE,FALSE
1996-07-13,circumpolar,16.14488262,0.05369509848890885,0.05369509848890885,1.1150233324839751,FALSE,FALSE
1996-07-14,circumpolar,16.23703195,0.06868538958058323,0.06868538958058323,1.1150233324839751,FALSE,FALSE
1996-07-15,circumpolar,16.40158103,0.15652477583466506,0.15652477583466506,1.1150233324839751,FALSE,FALSE
1996-07-16,circumpolar,16.54582855,0.22461548966994016,0.22461548966994016,1.1150233324839751,FALSE,FALSE
1996-07-17,circumpolar,16.62844162,0.23172818350523272,0.23172818350523272,1.1150233324839751,FALSE,FALSE
1996-07-18,circumpolar,16.78455057,0.3130967297592946,0.3130967297592946,1.1150233324839751,FALSE,FALSE
1996-07-19,circumpolar,16.93537195,0.39004122085093584,0.39004122085093584,1.1150233324839751,FALSE,FALSE
1996-07-20,circumpolar,17.00379596,0.3855553991989424,0.3855553991989424,1.1150233324839751,FALSE,FALSE
1996-07-21,circumpolar,17.07573515,0.38565247528048374,0.38565247528048374,1.1150233324839751,FALSE,FALSE
1996-07-22,circumpolar,17.17315896,0.41236277215639205,0.41236277215639205,1.1150233324839751,FALSE,FALSE
1996-07-23,circumpolar,17.10529841,0.2749491975501819,0.2749491975501819,1.1150233324839751,FALSE,FALSE
1996-07-24,circumpolar,17.05002196,0.15131144145826525,0.15131144145826525,1.1150233324839751,FALSE,FALSE
1996-07-25,circumpolar,17.15261987,0.1867709938770901,0.1867709938770901,1.1150233324839751,FALSE,FALSE
1996-07-26,circumpolar,17.2620928,0.23035974480307783,0.23035974480307783,1.1150233324839751,FALSE,FALSE
1996-07-27,circumpolar,17.30011004,0.20377821423264564,0.20377821423264564,1.1150233324839751,FALSE,FALSE
1996-07-28,circumpolar,17.35020433,0.1905903721622373,0.1905903721622373,1.1150233324839751,FALSE,FALSE
1996-07-29,circumpolar,17.34100857,0.1194603485882837,0.1194603485882837,1.1150233324839751,FALSE,FALSE
1996-07-30,circumpolar,17.40560475,0.12350136350719154,0.12350136350719154,1.1150233324839751,FALSE,FALSE
1996-07-31,circumpolar,17.46666451,0.1254162869153923,0.1254162869153923,1.1150233324839751,FALSE,FALSE
1996-08-01,circumpolar,17.47425865,0.07530714880933331,0.07530714880933331,1.1150233324839751,FALSE,FALSE
1996-08-02,circumpolar,17.58989388,0.13471188862276762,0.13471188862276762,1.1150233324839751,FALSE,FALSE
1996-08-03,circumpolar,17.67982263,0.16989897593790104,0.16989897593790104,1.1150233324839751,FALSE,FALSE
1996-08-04,circumpolar,17.67133837,0.1081231246749148,0.1081231246749148,1.1150233324839751,FALSE,FALSE
1996-08-05,circumpolar,17.67377006,0.05866218701223502,0.05866218701223502,1.1150233324839751,FALSE,FALSE
1996-08-06,circumpolar,17.71080675,0.045154105128276,0.045154105128276,1.1150233324839751,FALSE,FALSE
1996-08-07,circumpolar,17.75435667,0.03945600120143311,0.03945600120143311,1.1150233324839751,FALSE,FALSE
1996-08-08,circumpolar,17.71262156,-0.05028149258987113,0.05028149258987113,1.1150233324839751,FALSE,FALSE
1996-08-09,circumpolar,17.67947473,-0.13023617406723886,0.13023617406723886,1.1150233324839751,FALSE,FALSE
1996-08-10,circumpolar,17.75592833,-0.09944700105225124,0.09944700105225124,1.1150233324839751,FALSE,FALSE
1996-08-11,circumpolar,17.87498281,-0.02496463136650817,0.02496463136650817,1.1150233324839751,FALSE,FALSE
1996-08-12,circumpolar,17.89615738,-0.04732096283157716,0.04732096283157716,1.1150233324839751,FALSE,FALSE
1996-08-13,circumpolar,17.91296867,-0.07305047326905978,0.07305047326905978,1.1150233324839751,FALSE,FALSE
1996-08-14,circumpolar,17.9850304,-0.04259055050055949,0.04259055050055949,1.1150233324839751,FALSE,FALSE
1996-08-15,circumpolar,18.04467274,-0.02366125377735173,0.02366125377735173,1.1150233324839751,FALSE,FALSE
1996-08-16,circumpolar,18.13757065,0.02938826082216294,0.02938826082216294,1.1150233324839751,FALSE,FALSE
1996-08-17,circumpolar,18.1410531,-0.00610726419462182,0.00610726419462182,1.1150233324839751,FALSE,FALSE
1996-08-18,circumpolar,18.1739023,-0.01135820834856105,0.01135820834856105,1.1150233324839751,FALSE,FALSE
1996-08-19,circumpolar,18.08854279,-0.1339326211604792,0.1339326211604792,1.1150233324839751,FALSE,FALSE
1996-08-20,circumpolar,18.06347886,-0.19531880215120975,0.19531880215120975,1.1150233324839751,FALSE,FALSE
1996-08-21,circumpolar,18.09829667,-0.19592318084158575,0.19592318084158575,1.1150233324839751,FALSE,FALSE
1996-08-22,circumpolar,18.11028406,-0.21845050675245403,0.21845050675245403,1.1150233324839751,FALSE,FALSE
1996-08-23,circumpolar,18.225211,-0.13712339940465057,0.13712339940465057,1.1150233324839751,FALSE,FALSE
1996-08-24,circumpolar,18.35767845,-0.03733348831899974,0.03733348831899974,1.1150233324839751,FALSE,FALSE
1996-08-25,circumpolar,18.56088852,0.13412874698364163,0.13412874698364163,1.1150233324839751,FALSE,FALSE
1996-08-26,circumpolar,18.66473914,0.2071686469824492,0.2071686469824492,1.1150233324839751,FALSE,FALSE
1996-08-27,circumpolar,18.70959534,0.22215865215659392,0.22215865215659392,1.1150233324839751,FALSE,FALSE
1996-08-28,circumpolar,18.67191524,0.1555652025219949,0.1555652025219949,1.1150233324839751,FALSE,FALSE
1996-08-29,circumpolar,18.72065092,0.17635422598277373,0.17635422598277373,1.1150233324839751,FALSE,FALSE
1996-08-30,circumpolar,18.80434518,0.23308444744662535,0.23308444744662535,1.1150233324839751,FALSE,FALSE
1996-08-31,circumpolar,18.84348659,0.246260365546771,0.246260365546771,1.1150233324839751,FALSE,FALSE
1996-09-01,circumpolar,18.85382167,0.2316444289163826,0.2316444289163826,1.1150233324839751,FALSE,FALSE
1996-09-02,circumpolar,18.89703523,0.2509373761886806,0.2509373761886806,1.1150233324839751,FALSE,FALSE
1996-09-03,circumpolar,18.87509752,0.20612538599685593,0.20612538599685593,1.1150233324839751,FALSE,FALSE
1996-09-04,circumpolar,18.90442558,0.21364142697408184,0.21364142697408184,1.1150233324839751,FALSE,FALSE
1996-09-05,circumpolar,19.00245762,0.2909396377535991,0.2909396377535991,1.1150233324839751,FALSE,FALSE
1996-09-06,circumpolar,19.01296388,0.28180618696856286,0.28180618696856286,1.1150233324839751,FALSE,FALSE
1996-09-07,circumpolar,19.05166809,0.30198073325218644,0.30198073325218644,1.1150233324839751,FALSE,FALSE
1996-09-08,circumpolar,19.19937289,0.432281845237668,0.432281845237668,1.1150233324839751,FALSE,FALSE
1996-09-09,circumpolar,19.20152349,0.41817068544007086,0.41817068544007086,1.1150233324839751,FALSE,FALSE
1996-09-10,circumpolar,19.2619346,0.4634801835186657,0.4634801835186657,1.1150233324839751,FALSE,FALSE
1996-09-11,circumpolar,19.15935106,0.3469775017752035,0.3469775017752035,1.1150233324839751,FALSE,FALSE
1996-09-12,circumpolar,19.07981426,0.2547267844839496,0.2547267844839496,1.1150233324839751,FALSE,FALSE
1996-09-13,circumpolar,19.00686809,0.17029467591913416,0.17029467591913416,1.1150233324839751,FALSE,FALSE
1996-09-14,circumpolar,18.95124445,0.10443583035497994,0.10443583035497994,1.1150233324839751,FALSE,FALSE
1996-09-15,circumpolar,18.98166167,0.12589133206575198,0.12589133206575198,1.1150233324839751,FALSE,FALSE
1996-09-16,circumpolar,19.07145592,0.20802010532568715,0.20802010532568715,1.1150233324839751,FALSE,FALSE
1996-09-17,circumpolar,19.07874091,0.20895861440902053,0.20895861440902053,1.1150233324839751,FALSE,FALSE
1996-09-18,circumpolar,19.15072532,0.2759382935900021,0.2759382935900021,1.1150233324839751,FALSE,FALSE
1996-09-19,circumpolar,19.16089955,0.2824722971428528,0.2824722971428528,1.1150233324839751,FALSE,FALSE
1996-09-20,circumpolar,19.1420736,0.26139337934183615,0.26139337934183615,1.1150233324839751,FALSE,FALSE
1996-09-21,circumpolar,19.17128307,0.289759894461195,0.289759894461195,1.1150233324839751,FALSE,FALSE
1996-09-22,circumpolar,19.11951872,0.23858457602845817,0.23858457602845817,1.1150233324839751,FALSE,FALSE
1996-09-23,circumpolar,19.085629870000002,0.20673035879949,0.20673035879949,1.1150233324839751,FALSE,FALSE
1996-09-24,circumpolar,19.0379035,0.16249276697070414,0.16249276697070414,1.1150233324839751,FALSE,FALSE
1996-09-25,circumpolar,18.91841225,0.04795291359303277,0.04795291359303277,1.1150233324839751,FALSE,FALSE
1996-09-26,circumpolar,18.80328133,-0.06075551828264736,0.06075551828264736,1.1150233324839751,FALSE,FALSE
1996-09-27,circumpolar,18.72077245,-0.13536234560543292,0.13536234560543292,1.1150233324839751,FALSE,FALSE
1996-09-28,circumpolar,18.6585334,-0.1882113053244403,0.1882113053244403,1.1150233324839751,FALSE,FALSE
1996-09-29,circumpolar,18.60826174,-0.22759636438876285,0.22759636438876285,1.1150233324839751,FALSE,FALSE
1996-09-30,circumpolar,18.63859929,-0.18486722974749625,0.18486722974749625,1.1150233324839751,FALSE,FALSE
1996-10-01,circumpolar,18.58710031,-0.2224611683497528,0.2224611683497528,1.1150233324839751,FALSE,FALSE
1996-10-02,circumpolar,18.60150831,-0.19262619714463017,0.19262619714463017,1.1150233324839751,FALSE,FALSE
1996-10-03,circumpolar,18.58165579,-0.19552134308123215,0.19552134308123215,1.1150233324839751,FALSE,FALSE
1996-10-04,circumpolar,18.68922198,-0.06945890039747482,0.06945890039747482,1.1150233324839751,FALSE,FALSE
1996-10-05,circumpolar,18.69440118,-0.04423281378752719,0.04423281378752719,1.1150233324839751,FALSE,FALSE
1996-10-06,circumpolar,18.6914387,-0.02557637100607834,0.02557637100607834,1.1150233324839751,FALSE,FALSE
1996-10-07,circumpolar,18.64402264,-0.04977830491924706,0.04977830491924706,1.1150233324839751,FALSE,FALSE
1996-10-08,circumpolar,18.49991123,-0.16905721839314936,0.16905721839314936,1.1150233324839751,FALSE,FALSE
1996-10-09,circumpolar,18.46784971,-0.17464470429388257,0.17464470429388257,1.1150233324839751,FALSE,FALSE
1996-10-10,circumpolar,18.41428689,-0.20006878548758067,0.20006878548758067,1.1150233324839751,FALSE,FALSE
1996-10-11,circumpolar,18.40505002,-0.17947904484037736,0.17947904484037736,1.1150233324839751,FALSE,FALSE
1996-10-12,circumpolar,18.39623659,-0.15675482521834283,0.15675482521834283,1.1150233324839751,FALSE,FALSE
1996-10-13,circumpolar,18.39578001,-0.12393954948763763,0.12393954948763763,1.1150233324839751,FALSE,FALSE
1996-10-14,circumpolar,18.40626433,-0.07842600051434445,0.07842600051434445,1.1150233324839751,FALSE,FALSE
1996-10-15,circumpolar,18.40938629,-0.03849427116459481,0.03849427116459481,1.1150233324839751,FALSE,FALSE
1996-10-16,circumpolar,18.31990891,-0.0893581743045111,0.0893581743045111,1.1150233324839751,FALSE,FALSE
1996-10-17,circumpolar,18.34901569,-0.01981141572464651,0.01981141572464651,1.1150233324839751,FALSE,FALSE
1996-10-18,circumpolar,18.31882834,-0.00771741202063225,0.00771741202063225,1.1150233324839751,FALSE,FALSE
1996-10-19,circumpolar,18.27870837,-0.00370735219873807,0.00370735219873807,1.1150233324839751,FALSE,FALSE
1996-10-20,circumpolar,18.173384510000002,-0.06304550846666146,0.06304550846666146,1.1150233324839751,FALSE,FALSE
1996-10-21,circumpolar,18.06463883,-0.1239428130321123,0.1239428130321123,1.1150233324839751,FALSE,FALSE
1996-10-22,circumpolar,17.96991143,-0.16895216810278058,0.16895216810278058,1.1150233324839751,FALSE,FALSE
1996-10-23,circumpolar,17.86942084,-0.21784804588634896,0.21784804588634896,1.1150233324839751,FALSE,FALSE
1996-10-24,circumpolar,17.77081966,-0.26297084859053044,0.26297084859053044,1.1150233324839751,FALSE,FALSE
1996-10-25,circumpolar,17.76395526,-0.2144662084230191,0.2144662084230191,1.1150233324839751,FALSE,FALSE
1996-10-26,circumpolar,17.72000277,-0.2011519975914915,0.2011519975914915,1.1150233324839751,FALSE,FALSE
1996-10-27,circumpolar,17.63594687,-0.22603653830366355,0.22603653830366355,1.1150233324839751,FALSE,FALSE
1996-10-28,circumpolar,17.60881363,-0.19208676276723224,0.19208676276723224,1.1150233324839751,FALSE,FALSE
1996-10-29,circumpolar,17.58600072,-0.15189800318987778,0.15189800318987778,1.1150233324839751,FALSE,FALSE
1996-10-30,circumpolar,17.55899413,-0.11395461350346991,0.11395461350346991,1.1150233324839751,FALSE,FALSE
1996-10-31,circumpolar,17.53055446,-0.07535480868610023,0.07535480868610023,1.1150233324839751,FALSE,FALSE
1996-11-01,circumpolar,17.46813268,-0.06847217635517922,0.06847217635517922,1.1150233324839751,FALSE,FALSE
1996-11-02,circumpolar,17.44043344,-0.02442661491883058,0.02442661491883058,1.1150233324839751,FALSE,FALSE
1996-11-03,circumpolar,17.41165286,0.02115344721483225,0.02115344721483225,1.1150233324839751,FALSE,FALSE
1996-11-04,circumpolar,17.33120786,0.01786038163767855,0.01786038163767855,1.1150233324839751,FALSE,FALSE
1996-11-05,circumpolar,17.28461252,0.05138371994158675,0.05138371994158675,1.1150233324839751,FALSE,FALSE
1996-11-06,circumpolar,17.20013959,0.05017166371842663,0.05017166371842663,1.1150233324839751,FALSE,FALSE
1996-11-07,circumpolar,17.09251029,0.02912088456009343,0.02912088456009343,1.1150233324839751,FALSE,FALSE
1996-11-08,circumpolar,17.05324893,0.07993114405843826,0.07993114405843826,1.1150233324839751,FALSE,FALSE
1996-11-09,circumpolar,17.03346008,0.15388246380536685,0.15388246380536685,1.1150233324839751,FALSE,FALSE
1996-11-10,circumpolar,16.95218811,0.1701946653927351,0.1701946653927351,1.1150233324839751,FALSE,FALSE
1996-11-11,circumpolar,16.90974933,0.22935820863671097,0.22935820863671097,1.1150233324839751,FALSE,FALSE
1996-11-12,circumpolar,16.82475224,0.2500837304223005,0.2500837304223005,1.1150233324839751,FALSE,FALSE
1996-11-13,circumpolar,16.73680237,0.2719706471726404,0.2719706471726404,1.1150233324839751,FALSE,FALSE
1996-11-14,circumpolar,16.64949633,0.29860052643117285,0.29860052643117285,1.1150233324839751,FALSE,FALSE
1996-11-15,circumpolar,16.53633873,0.3034629357413543,0.3034629357413543,1.1150233324839751,FALSE,FALSE
1996-11-16,circumpolar,16.44496824,0.3341815026466328,0.3341815026466328,1.1150233324839751,FALSE,FALSE
1996-11-17,circumpolar,16.30309948,0.31845580469044776,0.31845580469044776,1.1150233324839751,FALSE,FALSE
1996-11-18,circumpolar,16.13917451,0.28471285941626157,0.28471285941626157,1.1150233324839751,FALSE,FALSE
1996-11-19,circumpolar,15.96968375,0.24942804436752652,0.24942804436752652,1.1150233324839751,FALSE,FALSE
1996-11-20,circumpolar,15.79247849,0.2104376070876839,0.2104376070876839,1.1150233324839751,FALSE,FALSE
1996-11-21,circumpolar,15.59779926,0.15796703512019228,0.15796703512019228,1.1150233324839751,FALSE,FALSE
1996-11-22,circumpolar,15.39754275,0.10389797600848816,0.10389797600848816,1.1150233324839751,FALSE,FALSE
1996-11-23,circumpolar,15.18209928,0.03860570729603729,0.03860570729603729,1.1150233324839751,FALSE,FALSE
1996-11-24,circumpolar,14.95723848,-0.03214767627980564,0.03214767627980564,1.1150233324839751,FALSE,FALSE
1996-11-25,circumpolar,14.73459441,-0.09667215539330164,0.09667215539330164,1.1150233324839751,FALSE,FALSE
1996-11-26,circumpolar,14.4760348,-0.19301211399360696,0.19301211399360696,1.1150233324839751,FALSE,FALSE
1996-11-27,circumpolar,14.36183471,-0.14080436420344178,0.14080436420344178,1.1150233324839751,FALSE,FALSE
1996-11-28,circumpolar,14.21224231,-0.11971260814554796,0.11971260814554796,1.1150233324839751,FALSE,FALSE
1996-11-29,circumpolar,14.02242352,-0.13448279794265972,0.13448279794265972,1.1150233324839751,FALSE,FALSE
1996-11-30,circumpolar,13.8728447,-0.10456044571751376,0.10456044571751376,1.1150233324839751,FALSE,FALSE
1996-12-01,circumpolar,13.57748874,-0.21587453359284223,0.21587453359284223,1.1150233324839751,FALSE,FALSE
1996-12-02,circumpolar,13.48558078,-0.11911179369139012,0.11911179369139012,1.1150233324839751,FALSE,FALSE
1996-12-03,circumpolar,13.27446111,-0.1368438081358807,0.1368438081358807,1.1150233324839751,FALSE,FALSE
1996-12-04,circumpolar,13.04253095,-0.17058122904906092,0.17058122904906092,1.1150233324839751,FALSE,FALSE
1996-12-05,circumpolar,12.8468929,-0.1631333285536627,0.1631333285536627,1.1150233324839751,FALSE,FALSE
1996-12-06,circumpolar,12.65437586,-0.14758357309300507,0.14758357309300507,1.1150233324839751,FALSE,FALSE
1996-12-07,circumpolar,12.43178904,-0.15718857203859216,0.15718857203859216,1.1150233324839751,FALSE,FALSE
1996-12-08,circumpolar,12.23062185,-0.14089480688006972,0.14089480688006972,1.1150233324839751,FALSE,FALSE
1996-12-09,circumpolar,11.98539426,-0.1646728670093367,0.1646728670093367,1.1150233324839751,FALSE,FALSE
1996-12-10,circumpolar,11.72339105,-0.20172853181829176,0.20172853181829176,1.1150233324839751,FALSE,FALSE
1996-12-11,circumpolar,11.41239157,-0.2847730106988422,0.2847730106988422,1.1150233324839751,FALSE,FALSE
1996-12-12,circumpolar,11.11434732,-0.35234536304288433,0.35234536304288433,1.1150233324839751,FALSE,FALSE
1996-12-13,circumpolar,10.8175247,-0.4166697482423203,0.4166697482423203,1.1150233324839751,FALSE,FALSE
1996-12-14,circumpolar,10.45430296,-0.5458574756890506,0.5458574756890506,1.1150233324839751,FALSE,FALSE
1996-12-15,circumpolar,10.1124749,-0.6526063047749613,0.6526063047749613,1.1150233324839751,FALSE,FALSE
1996-12-16,circumpolar,9.848904855,-0.6805424598919707,0.6805424598919707,1.1150233324839751,FALSE,FALSE
1996-12-17,circumpolar,9.613996372,-0.6797529534319757,0.6797529534319757,1.1150233324839751,FALSE,FALSE
1996-12-18,circumpolar,9.383258351,-0.6752194447868725,0.6752194447868725,1.1150233324839751,FALSE,FALSE
1996-12-19,circumpolar,9.178341734,-0.6457799683075667,0.6457799683075667,1.1150233324839751,FALSE,FALSE
1996-12-20,circumpolar,8.905051675,-0.6860933154153859,0.6860933154153859,1.1150233324839751,FALSE,FALSE
1996-12-21,circumpolar,8.692998267,-0.6669933583180718,0.6669933583180718,1.1150233324839751,FALSE,FALSE
1996-12-22,circumpolar,8.53034548,-0.6007595354363051,0.6007595354363051,1.1150233324839751,FALSE,FALSE
1996-12-23,circumpolar,8.258356612,-0.6465719571907798,0.6465719571907798,1.1150233324839751,FALSE,FALSE
1996-12-24,circumpolar,8.037896332,-0.6440093630021586,0.6440093630021586,1.1150233324839751,FALSE,FALSE
1996-12-25,circumpolar,7.856923343,-0.6055564582911508,0.6055564582911508,1.1150233324839751,FALSE,FALSE
1996-12-26,circumpolar,7.589541677,-0.6575526194784036,0.6575526194784036,1.1150233324839751,FALSE,FALSE
1996-12-27,circumpolar,7.356682194,-0.6795103949846295,0.6795103949846295,1.1150233324839751,FALSE,FALSE
1996-12-28,circumpolar,7.122420545,-0.7077975422304812,0.7077975422304812,1.1150233324839751,FALSE,FALSE
1996-12-29,circumpolar,6.977929541,-0.6516846586366629,0.6516846586366629,1.1150233324839751,FALSE,FALSE
1996-12-30,circumpolar,6.79316275,-0.6416615846238605,0.6416615846238605,1.1150233324839751,FALSE,FALSE
1996-12-31,circumpolar,6.650088832,-0.5962030686127395,0.5962030686127395,1.1150233324839751,FALSE,FALSE
1997-01-01,circumpolar,6.391951049,-0.8543408516127329,0.8543408516127329,1.1150233324839751,FALSE,FALSE
1997-01-02,circumpolar,6.237501903,-0.8268409795692708,0.8268409795692708,1.1150233324839751,FALSE,FALSE
1997-01-03,circumpolar,6.081482,-0.8073515716406119,0.8073515716406119,1.1150233324839751,FALSE,FALSE
1997-01-04,circumpolar,5.872141352,-0.8473614835191805,0.8473614835191805,1.1150233324839751,FALSE,FALSE
1997-01-05,circumpolar,5.703369273,-0.8527202688973867,0.8527202688973867,1.1150233324839751,FALSE,FALSE
1997-01-06,circumpolar,5.534820954,-0.8635116044676812,0.8635116044676812,1.1150233324839751,FALSE,FALSE
1997-01-07,circumpolar,5.389346142,-0.8566246109224904,0.8566246109224904,1.1150233324839751,FALSE,FALSE
1997-01-08,circumpolar,5.192191753,-0.9065512399542284,0.9065512399542284,1.1150233324839751,FALSE,FALSE
1997-01-09,circumpolar,5.046327536,-0.91006061025534,0.91006061025534,1.1150233324839751,FALSE,FALSE
1997-01-10,circumpolar,4.924498623,-0.8941464575182341,0.8941464575182341,1.1150233324839751,FALSE,FALSE
1997-01-11,circumpolar,4.789669332,-0.8955833314353594,0.8955833314353594,1.1150233324839751,FALSE,FALSE
1997-01-12,circumpolar,4.674156786,-0.8817929766991304,0.8817929766991304,1.1150233324839751,FALSE,FALSE
1997-01-13,circumpolar,4.583630178,-0.8468450680019801,0.8468450680019801,1.1150233324839751,FALSE,FALSE
1997-01-14,circumpolar,4.476080676,-0.8324905310270863,0.8324905310270863,1.1150233324839751,FALSE,FALSE
1997-01-15,circumpolar,4.35677695,-0.8333185536131396,0.8333185536131396,1.1150233324839751,FALSE,FALSE
1997-01-16,circumpolar,4.233108993,-0.8419420282989343,0.8419420282989343,1.1150233324839751,FALSE,FALSE
1997-01-17,circumpolar,4.186606554,-0.7768432636675833,0.7768432636675833,1.1150233324839751,FALSE,FALSE
1997-01-18,circumpolar,4.129131811,-0.7261721393021956,0.7261721393021956,1.1150233324839751,FALSE,FALSE
1997-01-19,circumpolar,4.045856692,-0.7047687847858821,0.7047687847858821,1.1150233324839751,FALSE,FALSE
1997-01-20,circumpolar,3.972736976,-0.6766894787017543,0.6766894787017543,1.1150233324839751,FALSE,FALSE
1997-01-21,circumpolar,3.892812318,-0.6589066236329266,0.6589066236329266,1.1150233324839751,FALSE,FALSE
1997-01-22,circumpolar,3.816266292,-0.6412487031625069,0.6412487031625069,1.1150233324839751,FALSE,FALSE
1997-01-23,circumpolar,3.751375957,-0.6154507158736053,0.6154507158736053,1.1150233324839751,FALSE,FALSE
1997-01-24,circumpolar,3.656382483,-0.6232835493493409,0.6232835493493409,1.1150233324839751,FALSE,FALSE
1997-01-25,circumpolar,3.587086252,-0.6089588791728189,0.6089588791728189,1.1150233324839751,FALSE,FALSE
1997-01-26,circumpolar,3.517910176,-0.5980658509271475,0.5980658509271475,1.1150233324839751,FALSE,FALSE
1997-01-27,circumpolar,3.442183144,-0.5972761613418904,0.5972761613418904,1.1150233324839751,FALSE,FALSE
1997-01-28,circumpolar,3.393642812,-0.5727750819053146,0.5727750819053146,1.1150233324839751,FALSE,FALSE
1997-01-29,circumpolar,3.330730154,-0.5660123645862063,0.5660123645862063,1.1150233324839751,FALSE,FALSE
1997-01-30,circumpolar,3.306274964,-0.5240488376220456,0.5240488376220456,1.1150233324839751,FALSE,FALSE
1997-01-31,circumpolar,3.291492965,-0.4755594002502921,0.4755594002502921,1.1150233324839751,FALSE,FALSE
1997-02-01,circumpolar,3.215300824,-0.4915180077084296,0.4915180077084296,1.1150233324839751,FALSE,FALSE
1997-02-02,circumpolar,3.175805744,-0.4737080792339259,0.4737080792339259,1.1150233324839751,FALSE,FALSE
1997-02-03,circumpolar,3.103449135,-0.4915788270642474,0.4915788270642474,1.1150233324839751,FALSE,FALSE
1997-02-04,circumpolar,3.034609029,-0.508642841436874,0.508642841436874,1.1150233324839751,FALSE,FALSE
1997-02-05,circumpolar,2.980061868,-0.5140143025892803,0.5140143025892803,1.1150233324839751,FALSE,FALSE
1997-02-06,circumpolar,2.898585091,-0.548806393758932,0.548806393758932,1.1150233324839751,FALSE,FALSE
1997-02-07,circumpolar,2.82298195,-0.5801064851833027,0.5801064851833027,1.1150233324839751,FALSE,FALSE
1997-02-08,circumpolar,2.772747963,-0.5883105219168097,0.5883105219168097,1.1150233324839751,FALSE,FALSE
1997-02-09,circumpolar,2.744726322,-0.5765777824610323,0.5765777824610323,1.1150233324839751,FALSE,FALSE
1997-02-10,circumpolar,2.669284081,-0.6147644504689755,0.6147644504689755,1.1150233324839751,FALSE,FALSE
1997-02-11,circumpolar,2.67126214,-0.5782789656892309,0.5782789656892309,1.1150233324839751,FALSE,FALSE
1997-02-12,circumpolar,2.694759941,-0.5232712258704089,0.5232712258704089,1.1150233324839751,FALSE,FALSE
1997-02-13,circumpolar,2.659140029,-0.5306280257611182,0.5306280257611182,1.1150233324839751,FALSE,FALSE
1997-02-14,circumpolar,2.568510779,-0.5964903301099524,0.5964903301099524,1.1150233324839751,FALSE,FALSE
1997-02-15,circumpolar,2.605280822,-0.5386988476655223,0.5386988476655223,1.1150233324839751,FALSE,FALSE
1997-02-16,circumpolar,2.621511692,-0.5054413841764336,0.5054413841764336,1.1150233324839751,FALSE,FALSE
1997-02-17,circumpolar,2.5755703,-0.5386003683912786,0.5386003683912786,1.1150233324839751,FALSE,FALSE
1997-02-18,circumpolar,2.539251896,-0.5666298900586724,0.5666298900586724,1.1150233324839751,FALSE,FALSE
1997-02-19,circumpolar,2.465329537,-0.6370062319272192,0.6370062319272192,1.1150233324839751,FALSE,FALSE
1997-02-20,circumpolar,2.508280828,-0.5955011287455125,0.5955011287455125,1.1150233324839751,FALSE,FALSE
1997-02-21,circumpolar,2.572793633,-0.5376539224838095,0.5376539224838095,1.1150233324839751,FALSE,FALSE
1997-02-22,circumpolar,2.573529506,-0.5487619233025502,0.5487619233025502,1.1150233324839751,FALSE,FALSE
1997-02-23,circumpolar,2.600960473,-0.5381334566802831,0.5381334566802831,1.1150233324839751,FALSE,FALSE
1997-02-24,circumpolar,2.564892574,-0.5957396071268595,0.5957396071268595,1.1150233324839751,FALSE,FALSE
1997-02-25,circumpolar,2.548402357,-0.6382809511521144,0.6382809511521144,1.1150233324839751,FALSE,FALSE
1997-02-26,circumpolar,2.514252871,-0.7027715642658978,0.7027715642658978,1.1150233324839751,FALSE,FALSE
1997-02-27,circumpolar,2.604543293,-0.64688939397805,0.64688939397805,1.1150233324839751,FALSE,FALSE
1997-02-28,circumpolar,2.659930076,-0.6297551117984153,0.6297551117984153,1.1150233324839751,FALSE,FALSE
1997-03-01,circumpolar,2.739503625,-0.5920554372368363,0.5920554372368363,1.1150233324839751,FALSE,FALSE
1997-03-02,circumpolar,2.809206391,-0.5676250438031616,0.5676250438031616,1.1150233324839751,FALSE,FALSE
1997-03-03,circumpolar,2.896759974,-0.5285194560072242,0.5285194560072242,1.1150233324839751,FALSE,FALSE
1997-03-04,circumpolar,2.964571698,-0.5121084743588749,0.5121084743588749,1.1150233324839751,FALSE,FALSE
1997-03-05,circumpolar,2.9965576,-0.5342531926544996,0.5342531926544996,1.1150233324839751,FALSE,FALSE
1997-03-06,circumpolar,3.040685043,-0.54678676384468,0.54678676384468,1.1150233324839751,FALSE,FALSE
1997-03-07,circumpolar,3.093666449,-0.5528734150591785,0.5528734150591785,1.1150233324839751,FALSE,FALSE
1997-03-08,circumpolar,3.161433607,-0.5464734736810266,0.5464734736810266,1.1150233324839751,FALSE,FALSE
1997-03-09,circumpolar,3.234905066,-0.5365605070932604,0.5365605070932604,1.1150233324839751,FALSE,FALSE
1997-03-10,circumpolar,3.253037901,-0.5840695566789087,0.5840695566789087,1.1150233324839751,FALSE,FALSE
1997-03-11,circumpolar,3.3253589,-0.5793659508210003,0.5793659508210003,1.1150233324839751,FALSE,FALSE
1997-03-12,circumpolar,3.473402873,-0.5008069959025727,0.5008069959025727,1.1150233324839751,FALSE,FALSE
1997-03-13,circumpolar,3.539840054,-0.5056145743066569,0.5056145743066569,1.1150233324839751,FALSE,FALSE
1997-03-14,circumpolar,3.597561553,-0.5207896924162827,0.5207896924162827,1.1150233324839751,FALSE,FALSE
1997-03-15,circumpolar,3.618791073,-0.574000763614483,0.574000763614483,1.1150233324839751,FALSE,FALSE
1997-03-16,circumpolar,3.69953819,-0.5691303282842934,0.5691303282842934,1.1150233324839751,FALSE,FALSE
1997-03-17,circumpolar,3.762139801,-0.5837336058087388,0.5837336058087388,1.1150233324839751,FALSE,FALSE
1997-03-18,circumpolar,3.865333803,-0.5589661065814044,0.5589661065814044,1.1150233324839751,FALSE,FALSE
1997-03-19,circumpolar,4.062633029,-0.4412406477961319,0.4412406477961319,1.1150233324839751,FALSE,FALSE
1997-03-20,circumpolar,4.256888666,-0.327665418885867,0.327665418885867,1.1150233324839751,FALSE,FALSE
1997-03-21,circumpolar,4.372446918,-0.29385518017010703,0.29385518017010703,1.1150233324839751,FALSE,FALSE
1997-03-22,circumpolar,4.443606169,-0.3054725119683157,0.3054725119683157,1.1150233324839751,FALSE,FALSE
1997-03-23,circumpolar,4.510565135,-0.32227966259997665,0.32227966259997665,1.1150233324839751,FALSE,FALSE
1997-03-24,circumpolar,4.554473721,-0.3630876913845711,0.3630876913845711,1.1150233324839751,FALSE,FALSE
1997-03-25,circumpolar,4.610894847,-0.3922946426415699,0.3922946426415699,1.1150233324839751,FALSE,FALSE
1997-03-26,circumpolar,4.648788378,-0.4409016156904606,0.4409016156904606,1.1150233324839751,FALSE,FALSE
1997-03-27,circumpolar,4.724578148,-0.4524457408507132,0.4524457408507132,1.1150233324839751,FALSE,FALSE
1997-03-28,circumpolar,4.802186838,-0.462965301441808,0.462965301441808,1.1150233324839751,FALSE,FALSE
1997-03-29,circumpolar,4.899386433,-0.4546492767832291,0.4546492767832291,1.1150233324839751,FALSE,FALSE
1997-03-30,circumpolar,4.967426714,-0.47620885019444703,0.47620885019444703,1.1150233324839751,FALSE,FALSE
1997-03-31,circumpolar,5.094666084,-0.4392564365774314,0.4392564365774314,1.1150233324839751,FALSE,FALSE
1997-04-01,circumpolar,5.230164483,-0.39475677384342234,0.39475677384342234,1.1150233324839751,FALSE,FALSE
1997-04-02,circumpolar,5.314097894,-0.4025768669858305,0.4025768669858305,1.1150233324839751,FALSE,FALSE
1997-04-03,circumpolar,5.426576504,-0.3826495321349946,0.3826495321349946,1.1150233324839751,FALSE,FALSE
1997-04-04,circumpolar,5.522809266,-0.379808819421247,0.379808819421247,1.1150233324839751,FALSE,FALSE
1997-04-05,circumpolar,5.634103101,-0.3627908109749294,0.3627908109749294,1.1150233324839751,FALSE,FALSE
1997-04-06,circumpolar,5.781856546,-0.31023997292636807,0.31023997292636807,1.1150233324839751,FALSE,FALSE
1997-04-07,circumpolar,5.859195665,-0.32907324440591434,0.32907324440591434,1.1150233324839751,FALSE,FALSE
1997-04-08,circumpolar,5.911195589,-0.37425849754389606,0.37425849754389606,1.1150233324839751,FALSE,FALSE
1997-04-09,circumpolar,6.013613234,-0.37008181947065744,0.37008181947065744,1.1150233324839751,FALSE,FALSE
1997-04-10,circumpolar,6.107006089,-0.37602872431652834,0.37602872431652834,1.1150233324839751,FALSE,FALSE
1997-04-11,circumpolar,6.206868437,-0.37664793221185455,0.37664793221185455,1.1150233324839751,FALSE,FALSE
1997-04-12,circumpolar,6.374374093,-0.31080800471961734,0.31080800471961734,1.1150233324839751,FALSE,FALSE
1997-04-13,circumpolar,6.505309089,-0.28272063080147714,0.28272063080147714,1.1150233324839751,FALSE,FALSE
1997-04-14,circumpolar,6.652903307,-0.23908003506086303,0.23908003506086303,1.1150233324839751,FALSE,FALSE
1997-04-15,circumpolar,6.756986027,-0.2399741681906198,0.2399741681906198,1.1150233324839751,FALSE,FALSE
1997-04-16,circumpolar,6.887280596,-0.2155969138835614,0.2155969138835614,1.1150233324839751,FALSE,FALSE
1997-04-17,circumpolar,7.002346163,-0.20730635383253215,0.20730635383253215,1.1150233324839751,FALSE,FALSE
1997-04-18,circumpolar,7.138627435,-0.17857501173036727,0.17857501173036727,1.1150233324839751,FALSE,FALSE
1997-04-19,circumpolar,7.254900866,-0.17054366426990697,0.17054366426990697,1.1150233324839751,FALSE,FALSE
1997-04-20,circumpolar,7.336847056,-0.19744894214396336,0.19744894214396336,1.1150233324839751,FALSE,FALSE
1997-04-21,circumpolar,7.420896431,-0.2227776500453933,0.2227776500453933,1.1150233324839751,FALSE,FALSE
1997-04-22,circumpolar,7.539298129,-0.2141978806670215,0.2141978806670215,1.1150233324839751,FALSE,FALSE
1997-04-23,circumpolar,7.613520086,-0.25015892870167455,0.25015892870167455,1.1150233324839751,FALSE,FALSE
1997-04-24,circumpolar,7.704135425,-0.2700049018422046,0.2700049018422046,1.1150233324839751,FALSE,FALSE
1997-04-25,circumpolar,7.815860179,-0.268940499357865,0.268940499357865,1.1150233324839751,FALSE,FALSE
1997-04-26,circumpolar,7.994512424,-0.20110163360874367,0.20110163360874367,1.1150233324839751,FALSE,FALSE
1997-04-27,circumpolar,8.1181846620000009,-0.1883681684652192,0.1883681684652192,1.1150233324839751,FALSE,FALSE
1997-04-28,circumpolar,8.232923437,-0.18466611938442412,0.18466611938442412,1.1150233324839751,FALSE,FALSE
1997-04-29,circumpolar,8.344053625,-0.18464316982350404,0.18464316982350404,1.1150233324839751,FALSE,FALSE
1997-04-30,circumpolar,8.506685594,-0.1331615112396065,0.1331615112396065,1.1150233324839751,FALSE,FALSE
1997-05-01,circumpolar,8.707705707,-0.04330734008986958,0.04330734008986958,1.1150233324839751,FALSE,FALSE
1997-05-02,circumpolar,8.826291173,-0.03587600683144565,0.03587600683144565,1.1150233324839751,FALSE,FALSE
1997-05-03,circumpolar,8.97652953,0.00324746707854295,0.00324746707854295,1.1150233324839751,FALSE,FALSE
1997-05-04,circumpolar,9.130503337,0.04617308118293728,0.04617308118293728,1.1150233324839751,FALSE,FALSE
1997-05-05,circumpolar,9.183417367,-0.01186695097540635,0.01186695097540635,1.1150233324839751,FALSE,FALSE
1997-05-06,circumpolar,9.293758922,-0.01235788685361782,0.01235788685361782,1.1150233324839751,FALSE,FALSE
1997-05-07,circumpolar,9.411598893,-0.00520140990184359,0.00520140990184359,1.1150233324839751,FALSE,FALSE
1997-05-08,circumpolar,9.528334086,0.00101835260324811,0.00101835260324811,1.1150233324839751,FALSE,FALSE
1997-05-09,circumpolar,9.667107066,0.02944078559808538,0.02944078559808538,1.1150233324839751,FALSE,FALSE
1997-05-10,circumpolar,9.799946636,0.05208785162100327,0.05208785162100327,1.1150233324839751,FALSE,FALSE
1997-05-11,circumpolar,9.934434181,0.07653409521032017,0.07653409521032017,1.1150233324839751,FALSE,FALSE
1997-05-12,circumpolar,10.04267858,0.07488155490437265,0.07488155490437265,1.1150233324839751,FALSE,FALSE
1997-05-13,circumpolar,10.10305396,0.02549751724147952,0.02549751724147952,1.1150233324839751,FALSE,FALSE
1997-05-14,circumpolar,10.23135082,0.0441656407599762,0.0441656407599762,1.1150233324839751,FALSE,FALSE
1997-05-15,circumpolar,10.34832361,0.05163353499818868,0.05163353499818868,1.1150233324839751,FALSE,FALSE
1997-05-16,circumpolar,10.47694314,0.07086516949443578,0.07086516949443578,1.1150233324839751,FALSE,FALSE
1997-05-17,circumpolar,10.59834923,0.08299352378704938,0.08299352378704938,1.1150233324839751,FALSE,FALSE
1997-05-18,circumpolar,10.73410076,0.10957063741437524,0.10957063741437524,1.1150233324839751,FALSE,FALSE
1997-05-19,circumpolar,10.84348922,0.1098811599147176,0.1098811599147176,1.1150233324839751,FALSE,FALSE
1997-05-20,circumpolar,10.95077975,0.10818452386388522,0.10818452386388522,1.1150233324839751,FALSE,FALSE
1997-05-21,circumpolar,11.12161065,0.17013399672873497,0.17013399672873497,1.1150233324839751,FALSE,FALSE
1997-05-22,circumpolar,11.2188894,0.15867008929325443,0.15867008929325443,1.1150233324839751,FALSE,FALSE
1997-05-23,circumpolar,11.2477219,0.07893234007662109,0.07893234007662109,1.1150233324839751,FALSE,FALSE
1997-05-24,circumpolar,11.33865572,0.0615019575980007,0.0615019575980007,1.1150233324839751,FALSE,FALSE
1997-05-25,circumpolar,11.46317129,0.0778930103765827,0.0778930103765827,1.1150233324839751,FALSE,FALSE
1997-05-26,circumpolar,11.45796243,-0.03516704306846208,0.03516704306846208,1.1150233324839751,FALSE,FALSE
1997-05-27,circumpolar,11.53200023,-0.06867347421796666,0.06867347421796666,1.1150233324839751,FALSE,FALSE
1997-05-28,circumpolar,11.59775526,-0.11012207455274849,0.11012207455274849,1.1150233324839751,FALSE,FALSE
1997-05-29,circumpolar,11.7058205,-0.10888622555362382,0.10888622555362382,1.1150233324839751,FALSE,FALSE
1997-05-30,circumpolar,11.85202816,-0.06910007870142465,0.06910007870142465,1.1150233324839751,FALSE,FALSE
1997-05-31,circumpolar,11.94293288,-0.08417535547698662,0.08417535547698662,1.1150233324839751,FALSE,FALSE
1997-06-01,circumpolar,12.04757635,-0.08503672736110879,0.08503672736110879,1.1150233324839751,FALSE,FALSE
1997-06-02,circumpolar,12.26043558,0.02281534219641301,0.02281534219641301,1.1150233324839751,FALSE,FALSE
1997-06-03,circumpolar,12.42671377,0.08455728405092167,0.08455728405092167,1.1150233324839751,FALSE,FALSE
1997-06-04,circumpolar,12.45327502,0.00701276384660332,0.00701276384660332,1.1150233324839751,FALSE,FALSE
1997-06-05,circumpolar,12.51383016,-0.03614782327848864,0.03614782327848864,1.1150233324839751,FALSE,FALSE
1997-06-06,circumpolar,12.60862081,-0.04472329218631721,0.04472329218631721,1.1150233324839751,FALSE,FALSE
1997-06-07,circumpolar,12.78887666,0.03247561226114293,0.03247561226114293,1.1150233324839751,FALSE,FALSE
1997-06-08,circumpolar,12.85205713,-0.0071321247980709,0.0071321247980709,1.1150233324839751,FALSE,FALSE
1997-06-09,circumpolar,12.98842169,0.02667253177406969,0.02667253177406969,1.1150233324839751,FALSE,FALSE
1997-06-10,circumpolar,13.14277914,0.07865794711559815,0.07865794711559815,1.1150233324839751,FALSE,FALSE
1997-06-11,circumpolar,13.22062315,0.05427735636456532,0.05427735636456532,1.1150233324839751,FALSE,FALSE
1997-06-12,circumpolar,13.28564729,0.01718389465898617,0.01718389465898617,1.1150233324839751,FALSE,FALSE
1997-06-13,circumpolar,13.28683916,-0.08367527286310583,0.08367527286310583,1.1150233324839751,FALSE,FALSE
1997-06-14,circumpolar,13.23933816,-0.2331993506432415,0.2331993506432415,1.1150233324839751,FALSE,FALSE
1997-06-15,circumpolar,13.39557293,-0.17891761059899558,0.17891761059899558,1.1150233324839751,FALSE,FALSE
1997-06-16,circumpolar,13.48280619,-0.1934145461560064,0.1934145461560064,1.1150233324839751,FALSE,FALSE
1997-06-17,circumpolar,13.6458626,-0.13170469044539068,0.13170469044539068,1.1150233324839751,FALSE,FALSE
1997-06-18,circumpolar,13.77364575,-0.1047236465982877,0.1047236465982877,1.1150233324839751,FALSE,FALSE
1997-06-19,circumpolar,13.81880397,-0.1596622777458112,0.1596622777458112,1.1150233324839751,FALSE,FALSE
1997-06-20,circumpolar,13.9525928,-0.12510423701909268,0.12510423701909268,1.1150233324839751,FALSE,FALSE
1997-06-21,circumpolar,14.08902033,-0.08688062754925596,0.08688062754925596,1.1150233324839751,FALSE,FALSE
1997-06-22,circumpolar,14.2260388,-0.04687840246744557,0.04687840246744557,1.1150233324839751,FALSE,FALSE
1997-06-23,circumpolar,14.29061136,-0.0779736049047699,0.0779736049047699,1.1150233324839751,FALSE,FALSE
1997-06-24,circumpolar,14.403373,-0.05937043799235653,0.05937043799235653,1.1150233324839751,FALSE,FALSE
1997-06-25,circumpolar,14.51433401,-0.04089780486134664,0.04089780486134664,1.1150233324839751,FALSE,FALSE
1997-06-26,circumpolar,14.64008224,-0.0058070486428523,0.0058070486428523,1.1150233324839751,FALSE,FALSE
1997-06-27,circumpolar,14.72349577,-0.01108730715430894,0.01108730715430894,1.1150233324839751,FALSE,FALSE
1997-06-28,circumpolar,14.79238959,-0.02900257690366814,0.02900257690366814,1.1150233324839751,FALSE,FALSE
1997-06-29,circumpolar,14.86422658,-0.04226572983785104,0.04226572983785104,1.1150233324839751,FALSE,FALSE
1997-06-30,circumpolar,14.9011497,-0.08891005542432673,0.08891005542432673,1.1150233324839751,FALSE,FALSE
1997-07-01,circumpolar,14.93006833,-0.14220242313053433,0.14220242313053433,1.1150233324839751,FALSE,FALSE
1997-07-02,circumpolar,15.10878923,-0.04451232242393388,0.04451232242393388,1.1150233324839751,FALSE,FALSE
1997-07-03,circumpolar,15.27175579,0.03842738722803851,0.03842738722803851,1.1150233324839751,FALSE,FALSE
1997-07-04,circumpolar,15.34462655,0.03209899635791657,0.03209899635791657,1.1150233324839751,FALSE,FALSE
1997-07-05,circumpolar,15.38411023,-0.00696502450174563,0.00696502450174563,1.1150233324839751,FALSE,FALSE
1997-07-06,circumpolar,15.46666049,-0.00248726481840222,0.00248726481840222,1.1150233324839751,FALSE,FALSE
1997-07-07,circumpolar,15.543343,-0.0035783040595021,0.0035783040595021,1.1150233324839751,FALSE,FALSE
1997-07-08,circumpolar,15.670898,0.04632584830750019,0.04632584830750019,1.1150233324839751,FALSE,FALSE
1997-07-09,circumpolar,15.70691656,0.00464042580904155,0.00464042580904155,1.1150233324839751,FALSE,FALSE
1997-07-10,circumpolar,15.76693468,-0.01319408262948762,0.01319408262948762,1.1150233324839751,FALSE,FALSE
1997-07-11,circumpolar,15.86523238,0.00718262200045849,0.00718262200045849,1.1150233324839751,FALSE,FALSE
1997-07-12,circumpolar,15.98494073,0.04900515211763334,0.04900515211763334,1.1150233324839751,FALSE,FALSE
1997-07-13,circumpolar,16.10804652,0.09436384014085776,0.09436384014085776,1.1150233324839751,FALSE,FALSE
1997-07-14,circumpolar,16.21601812,0.12483059848890932,0.12483059848890932,1.1150233324839751,FALSE,FALSE
1997-07-15,circumpolar,16.25080708,0.08246051958058587,0.08246051958058587,1.1150233324839751,FALSE,FALSE
1997-07-16,circumpolar,16.28918071,0.04412445583466606,0.04412445583466606,1.1150233324839751,FALSE,FALSE
1997-07-17,circumpolar,16.32447721,0.00326414966994192,0.00326414966994192,1.1150233324839751,FALSE,FALSE
1997-07-18,circumpolar,16.42679184,0.03007840350523238,0.03007840350523238,1.1150233324839751,FALSE,FALSE
1997-07-19,circumpolar,16.49980527,0.02835142975929372,0.02835142975929372,1.1150233324839751,FALSE,FALSE
1997-07-20,circumpolar,16.59422833,0.04889760085093542,0.04889760085093542,1.1150233324839751,FALSE,FALSE
1997-07-21,circumpolar,16.69075797,0.0725174091989409,0.0725174091989409,1.1150233324839751,FALSE,FALSE
1997-07-22,circumpolar,16.79374732,0.10366464528048525,0.10366464528048525,1.1150233324839751,FALSE,FALSE
1997-07-23,circumpolar,16.87725646,0.1164602721563952,0.1164602721563952,1.1150233324839751,FALSE,FALSE
1997-07-24,circumpolar,17.01234215,0.18199293755018076,0.18199293755018076,1.1150233324839751,FALSE,FALSE
1997-07-25,circumpolar,17.10504688,0.20633636145826628,0.20633636145826628,1.1150233324839751,FALSE,FALSE
1997-07-26,circumpolar,17.18352756,0.217678683877093,0.217678683877093,1.1150233324839751,FALSE,FALSE
1997-07-27,circumpolar,17.21148014,0.17974708480307555,0.17974708480307555,1.1150233324839751,FALSE,FALSE
1997-07-28,circumpolar,17.20568616,0.10935433423264485,0.10935433423264485,1.1150233324839751,FALSE,FALSE
1997-07-29,circumpolar,17.26324238,0.10362842216223812,0.10362842216223812,1.1150233324839751,FALSE,FALSE
1997-07-30,circumpolar,17.35941437,0.13786614858828372,0.13786614858828372,1.1150233324839751,FALSE,FALSE
1997-07-31,circumpolar,17.36224725,0.08014386350719249,0.08014386350719249,1.1150233324839751,FALSE,FALSE
1997-08-01,circumpolar,17.36463174,0.02338351691539131,0.02338351691539131,1.1150233324839751,FALSE,FALSE
1997-08-02,circumpolar,17.42036568,0.0214141788093336,0.0214141788093336,1.1150233324839751,FALSE,FALSE
1997-08-03,circumpolar,17.4579075,0.00272550862276688,0.00272550862276688,1.1150233324839751,FALSE,FALSE
1997-08-04,circumpolar,17.47117203,-0.03875162406209753,0.03875162406209753,1.1150233324839751,FALSE,FALSE
1997-08-05,circumpolar,17.43678685,-0.12642839532508532,0.12642839532508532,1.1150233324839751,FALSE,FALSE
1997-08-06,circumpolar,17.37544753,-0.23966034298776503,0.23966034298776503,1.1150233324839751,FALSE,FALSE
1997-08-07,circumpolar,17.36935664,-0.29629600487172425,0.29629600487172425,1.1150233324839751,FALSE,FALSE
1997-08-08,circumpolar,17.48977422,-0.2251264487985658,0.2251264487985658,1.1150233324839751,FALSE,FALSE
1997-08-09,circumpolar,17.61653649,-0.1463665625898685,0.1463665625898685,1.1150233324839751,FALSE,FALSE
1997-08-10,circumpolar,17.71918095,-0.09052995406723952,0.09052995406723952,1.1150233324839751,FALSE,FALSE
1997-08-11,circumpolar,17.80272316,-0.05265217105225162,0.05265217105225162,1.1150233324839751,FALSE,FALSE
1997-08-12,circumpolar,17.88036082,-0.01958662136650701,0.01958662136650701,1.1150233324839751,FALSE,FALSE
1997-08-13,circumpolar,17.96248608,0.01900773716842607,0.01900773716842607,1.1150233324839751,FALSE,FALSE
1997-08-14,circumpolar,18.00830997,0.02229082673093785,0.02229082673093785,1.1150233324839751,FALSE,FALSE
1997-08-15,circumpolar,18.06251948,0.03489852949943994,0.03489852949943994,1.1150233324839751,FALSE,FALSE
1997-08-16,circumpolar,18.18095164,0.11261764622264891,0.11261764622264891,1.1150233324839751,FALSE,FALSE
1997-08-17,circumpolar,18.267335,0.15915261082216148,0.15915261082216148,1.1150233324839751,FALSE,FALSE
1997-08-18,circumpolar,18.321675,0.17451463580537663,0.17451463580537663,1.1150233324839751,FALSE,FALSE
1997-08-19,circumpolar,18.35664422,0.17138371165143695,0.17138371165143695,1.1150233324839751,FALSE,FALSE
1997-08-20,circumpolar,18.37329199,0.1508165788395175,0.1508165788395175,1.1150233324839751,FALSE,FALSE
1997-08-21,circumpolar,18.36325427,0.10445660784878896,0.10445660784878896,1.1150233324839751,FALSE,FALSE
1997-08-22,circumpolar,18.3458711,0.05165124915841446,0.05165124915841446,1.1150233324839751,FALSE,FALSE
1997-08-23,circumpolar,18.30425952,-0.02447504675245682,0.02447504675245682,1.1150233324839751,FALSE,FALSE
1997-08-24,circumpolar,18.37337433,0.01103993059534858,0.01103993059534858,1.1150233324839751,FALSE,FALSE
1997-08-25,circumpolar,18.36467724,-0.03033469831900248,0.03033469831900248,1.1150233324839751,FALSE,FALSE
1997-08-26,circumpolar,18.40395992,-0.02279985301635889,0.02279985301635889,1.1150233324839751,FALSE,FALSE
1997-08-27,circumpolar,18.41036035,-0.04721014301754778,0.04721014301754778,1.1150233324839751,FALSE,FALSE
1997-08-28,circumpolar,18.41356563,-0.0738710578434052,0.0738710578434052,1.1150233324839751,FALSE,FALSE
1997-08-29,circumpolar,18.43607756,-0.08027247747800459,0.08027247747800459,1.1150233324839751,FALSE,FALSE
1997-08-30,circumpolar,18.56940303,0.02510633598277323,0.02510633598277323,1.1150233324839751,FALSE,FALSE
1997-08-31,circumpolar,18.62565482,0.05439408744662799,0.05439408744662799,1.1150233324839751,FALSE,FALSE
1997-09-01,circumpolar,18.76229975,0.16507352554677013,0.16507352554677013,1.1150233324839751,FALSE,FALSE
1997-09-02,circumpolar,18.83597945,0.213802208916384,0.213802208916384,1.1150233324839751,FALSE,FALSE
1997-09-03,circumpolar,18.85286481,0.20676695618868024,0.20676695618868024,1.1150233324839751,FALSE,FALSE
1997-09-04,circumpolar,18.89996148,0.23098934599685703,0.23098934599685703,1.1150233324839751,FALSE,FALSE
1997-09-05,circumpolar,19.01119677,0.32041261697408174,0.32041261697408174,1.1150233324839751,FALSE,FALSE
1997-09-06,circumpolar,18.98280188,0.27128389775359807,0.27128389775359807,1.1150233324839751,FALSE,FALSE
1997-09-07,circumpolar,19.00202159,0.27086389696856017,0.27086389696856017,1.1150233324839751,FALSE,FALSE
1997-09-08,circumpolar,19.03478943,0.2851020732521867,0.2851020732521867,1.1150233324839751,FALSE,FALSE
1997-09-09,circumpolar,19.0289315,0.2618404552376674,0.2618404552376674,1.1150233324839751,FALSE,FALSE
1997-09-10,circumpolar,18.98379901,0.20044620544006975,0.20044620544006975,1.1150233324839751,FALSE,FALSE
1997-09-11,circumpolar,18.94079734,0.1423429235186653,0.1423429235186653,1.1150233324839751,FALSE,FALSE
1997-09-12,circumpolar,18.91222262,0.09984906177520614,0.09984906177520614,1.1150233324839751,FALSE,FALSE
1997-09-13,circumpolar,18.87037043,0.0452829544839517,0.0452829544839517,1.1150233324839751,FALSE,FALSE
1997-09-14,circumpolar,18.91011754,0.07354412591913473,0.07354412591913473,1.1150233324839751,FALSE,FALSE
1997-09-15,circumpolar,18.83551515,-0.01129346964502175,0.01129346964502175,1.1150233324839751,FALSE,FALSE
1997-09-16,circumpolar,18.80082634,-0.05494399793424875,0.05494399793424875,1.1150233324839751,FALSE,FALSE
1997-09-17,circumpolar,18.8509351,-0.01250071467431013,0.01250071467431013,1.1150233324839751,FALSE,FALSE
1997-09-18,circumpolar,18.95430761,0.08452531440902078,0.08452531440902078,1.1150233324839751,FALSE,FALSE
1997-09-19,circumpolar,19.04220532,0.1674182935900035,0.1674182935900035,1.1150233324839751,FALSE,FALSE
1997-09-20,circumpolar,19.14983722,0.27140996714285137,0.27140996714285137,1.1150233324839751,FALSE,FALSE
1997-09-21,circumpolar,19.16295541,0.28227518934183493,0.28227518934183493,1.1150233324839751,FALSE,FALSE
1997-09-22,circumpolar,19.14211043,0.2605872544611927,0.2605872544611927,1.1150233324839751,FALSE,FALSE
1997-09-23,circumpolar,19.11199475,0.23106060602846057,0.23106060602846057,1.1150233324839751,FALSE,FALSE
1997-09-24,circumpolar,19.0477185,0.16881898879948665,0.16881898879948665,1.1150233324839751,FALSE,FALSE
1997-09-25,circumpolar,19.01097054,0.13555980697070424,0.13555980697070424,1.1150233324839751,FALSE,FALSE
1997-09-26,circumpolar,19.03181866,0.1613593235930324,0.1613593235930324,1.1150233324839751,FALSE,FALSE
1997-09-27,circumpolar,18.97168807,0.10765122171735086,0.10765122171735086,1.1150233324839751,FALSE,FALSE
1997-09-28,circumpolar,18.95004848,0.09391368439456826,0.09391368439456826,1.1150233324839751,FALSE,FALSE
1997-09-29,circumpolar,18.87301438,0.02626967467556085,0.02626967467556085,1.1150233324839751,FALSE,FALSE
1997-09-30,circumpolar,18.88145971,0.04560160561123894,0.04560160561123894,1.1150233324839751,FALSE,FALSE
1997-10-01,circumpolar,18.87477045,0.05130393025250512,0.05130393025250512,1.1150233324839751,FALSE,FALSE
1997-10-02,circumpolar,18.84223512,0.03267364165024844,0.03267364165024844,1.1150233324839751,FALSE,FALSE
1997-10-03,circumpolar,18.9023855,0.1082509928553712,0.1082509928553712,1.1150233324839751,FALSE,FALSE
1997-10-04,circumpolar,18.93013085,0.1529537169187698,0.1529537169187698,1.1150233324839751,FALSE,FALSE
1997-10-05,circumpolar,18.90555424,0.14687335960252668,0.14687335960252668,1.1150233324839751,FALSE,FALSE
1997-10-06,circumpolar,18.96289744,0.22426344621247196,0.22426344621247196,1.1150233324839751,FALSE,FALSE
1997-10-07,circumpolar,18.97107196,0.2540568889939223,0.2540568889939223,1.1150233324839751,FALSE,FALSE
1997-10-08,circumpolar,18.90158091,0.20777996508075347,0.20777996508075347,1.1150233324839751,FALSE,FALSE
1997-10-09,circumpolar,18.81905732,0.15008887160685092,0.15008887160685092,1.1150233324839751,FALSE,FALSE
1997-10-10,circumpolar,18.75036321,0.10786879570611774,0.10786879570611774,1.1150233324839751,FALSE,FALSE
1997-10-11,circumpolar,18.70265067,0.08829499451242029,0.08829499451242029,1.1150233324839751,FALSE,FALSE
1997-10-12,circumpolar,18.61258707,0.02805800515962175,0.02805800515962175,1.1150233324839751,FALSE,FALSE
1997-10-13,circumpolar,18.616841,0.06384958478165714,0.06384958478165714,1.1150233324839751,FALSE,FALSE
1997-10-14,circumpolar,18.59747011,0.07775055051236279,0.07775055051236279,1.1150233324839751,FALSE,FALSE
1997-10-15,circumpolar,18.52348878,0.03879844948565747,0.03879844948565747,1.1150233324839751,FALSE,FALSE
1997-10-16,circumpolar,18.49594131,0.0480607488354039,0.0480607488354039,1.1150233324839751,FALSE,FALSE
1997-10-17,circumpolar,18.35342239,-0.05584469430451122,0.05584469430451122,1.1150233324839751,FALSE,FALSE
1997-10-18,circumpolar,18.30287577,-0.06595133572464817,0.06595133572464817,1.1150233324839751,FALSE,FALSE
1997-10-19,circumpolar,18.29250667,-0.03403908202063022,0.03403908202063022,1.1150233324839751,FALSE,FALSE
1997-10-20,circumpolar,18.14270396,-0.13971176219873982,0.13971176219873982,1.1150233324839751,FALSE,FALSE
1997-10-21,circumpolar,18.06822076,-0.16820925846666412,0.16820925846666412,1.1150233324839751,FALSE,FALSE
1997-10-22,circumpolar,18.0330619,-0.15551974303211225,0.15551974303211225,1.1150233324839751,FALSE,FALSE
1997-10-23,circumpolar,18.04803431,-0.0908292881027819,0.0908292881027819,1.1150233324839751,FALSE,FALSE
1997-10-24,circumpolar,18.00015222,-0.0871166658863487,0.0871166658863487,1.1150233324839751,FALSE,FALSE
1997-10-25,circumpolar,17.96943822,-0.06435228859053055,0.06435228859053055,1.1150233324839751,FALSE,FALSE
1997-10-26,circumpolar,17.88821754,-0.09020392842301916,0.09020392842301916,1.1150233324839751,FALSE,FALSE
1997-10-27,circumpolar,17.78234542,-0.13880934759149355,0.13880934759149355,1.1150233324839751,FALSE,FALSE
1997-10-28,circumpolar,17.7125416,-0.1494418083036635,0.1494418083036635,1.1150233324839751,FALSE,FALSE
1997-10-29,circumpolar,17.64320528,-0.15769511276723236,0.15769511276723236,1.1150233324839751,FALSE,FALSE
1997-10-30,circumpolar,17.59975268,-0.13814604318987733,0.13814604318987733,1.1150233324839751,FALSE,FALSE
1997-10-31,circumpolar,17.51992932,-0.1530194235034692,0.1530194235034692,1.1150233324839751,FALSE,FALSE
1997-11-01,circumpolar,17.47646533,-0.1294439386861015,0.1294439386861015,1.1150233324839751,FALSE,FALSE
1997-11-02,circumpolar,17.48244278,-0.05416207635517978,0.05416207635517978,1.1150233324839751,FALSE,FALSE
1997-11-03,circumpolar,17.43726842,-0.02759163491883143,0.02759163491883143,1.1150233324839751,FALSE,FALSE
1997-11-04,circumpolar,17.37071346,-0.01978595278516692,0.01978595278516692,1.1150233324839751,FALSE,FALSE
1997-11-05,circumpolar,17.35213141,0.03878393163767768,0.03878393163767768,1.1150233324839751,FALSE,FALSE
1997-11-06,circumpolar,17.28461066,0.05138185994158562,0.05138185994158562,1.1150233324839751,FALSE,FALSE
1997-11-07,circumpolar,17.2463999,0.0964319737184276,0.0964319737184276,1.1150233324839751,FALSE,FALSE
1997-11-08,circumpolar,17.19774599,0.13435658456009492,0.13435658456009492,1.1150233324839751,FALSE,FALSE
1997-11-09,circumpolar,17.12924317,0.15592538405843823,0.15592538405843823,1.1150233324839751,FALSE,FALSE
1997-11-10,circumpolar,17.0477356,0.16815798380536506,0.16815798380536506,1.1150233324839751,FALSE,FALSE
1997-11-11,circumpolar,16.93437077,0.15237732539273452,0.15237732539273452,1.1150233324839751,FALSE,FALSE
1997-11-12,circumpolar,16.77283206,0.09244093863670956,0.09244093863670956,1.1150233324839751,FALSE,FALSE
1997-11-13,circumpolar,16.65478949,0.08012098042230065,0.08012098042230065,1.1150233324839751,FALSE,FALSE
1997-11-14,circumpolar,16.55941552,0.09458379717264263,0.09458379717264263,1.1150233324839751,FALSE,FALSE
1997-11-15,circumpolar,16.43269123,0.08179542643117088,0.08179542643117088,1.1150233324839751,FALSE,FALSE
1997-11-16,circumpolar,16.30501614,0.07214034574135297,0.07214034574135297,1.1150233324839751,FALSE,FALSE
1997-11-17,circumpolar,16.24847934,0.13769260264663075,0.13769260264663075,1.1150233324839751,FALSE,FALSE
1997-11-18,circumpolar,16.14947208,0.16482840469044646,0.16482840469044646,1.1150233324839751,FALSE,FALSE
1997-11-19,circumpolar,15.94628008,0.09181842941626071,0.09181842941626071,1.1150233324839751,FALSE,FALSE
1997-11-20,circumpolar,15.80744379,0.08718808436752745,0.08718808436752745,1.1150233324839751,FALSE,FALSE
1997-11-21,circumpolar,15.6698036,0.08776271708768313,0.08776271708768313,1.1150233324839751,FALSE,FALSE
1997-11-22,circumpolar,15.50122291,0.06139068512019108,0.06139068512019108,1.1150233324839751,FALSE,FALSE
1997-11-23,circumpolar,15.26336595,-0.0302788239915106,0.0302788239915106,1.1150233324839751,FALSE,FALSE
1997-11-24,circumpolar,15.04628691,-0.09720666270396272,0.09720666270396272,1.1150233324839751,FALSE,FALSE
1997-11-25,circumpolar,14.85707381,-0.13231234627980548,0.13231234627980548,1.1150233324839751,FALSE,FALSE
1997-11-26,circumpolar,14.70220431,-0.12906225539330052,0.12906225539330052,1.1150233324839751,FALSE,FALSE
1997-11-27,circumpolar,14.49094307,-0.17810384399360757,0.17810384399360757,1.1150233324839751,FALSE,FALSE
1997-11-28,circumpolar,14.28446643,-0.2181726442034417,0.2181726442034417,1.1150233324839751,FALSE,FALSE
1997-11-29,circumpolar,14.11227279,-0.2196821281455481,0.2196821281455481,1.1150233324839751,FALSE,FALSE
1997-11-30,circumpolar,13.95167234,-0.20523397794265996,0.20523397794265996,1.1150233324839751,FALSE,FALSE
1997-12-01,circumpolar,13.79649797,-0.1809071757175129,0.1809071757175129,1.1150233324839751,FALSE,FALSE
1997-12-02,circumpolar,13.67825823,-0.11510504359284111,0.11510504359284111,1.1150233324839751,FALSE,FALSE
1997-12-03,circumpolar,13.50079275,-0.10389982369138906,0.10389982369138906,1.1150233324839751,FALSE,FALSE
1997-12-04,circumpolar,13.37374783,-0.03755708813588221,0.03755708813588221,1.1150233324839751,FALSE,FALSE
1997-12-05,circumpolar,13.21852654,0.0054143609509385,0.0054143609509385,1.1150233324839751,FALSE,FALSE
1997-12-06,circumpolar,13.08088514,0.07085891144633649,0.07085891144633649,1.1150233324839751,FALSE,FALSE
1997-12-07,circumpolar,12.91011428,0.10815484690699506,0.10815484690699506,1.1150233324839751,FALSE,FALSE
1997-12-08,circumpolar,12.72621082,0.13723320796140823,0.13723320796140823,1.1150233324839751,FALSE,FALSE
1997-12-09,circumpolar,12.60108041,0.22956375311992971,0.22956375311992971,1.1150233324839751,FALSE,FALSE
1997-12-10,circumpolar,12.46039653,0.31032940299066425,0.31032940299066425,1.1150233324839751,FALSE,FALSE
1997-12-11,circumpolar,12.29188947,0.3667698881817074,0.3667698881817074,1.1150233324839751,FALSE,FALSE
1997-12-12,circumpolar,12.06214063,0.36497604930115735,0.36497604930115735,1.1150233324839751,FALSE,FALSE
1997-12-13,circumpolar,11.91006711,0.4433744269571154,0.4433744269571154,1.1150233324839751,FALSE,FALSE
1997-12-14,circumpolar,11.7154608,0.4812663517576805,0.4812663517576805,1.1150233324839751,FALSE,FALSE
1997-12-15,circumpolar,11.44961147,0.4494510343109503,0.4494510343109503,1.1150233324839751,FALSE,FALSE
1997-12-16,circumpolar,11.17847993,0.4133987252250382,0.4133987252250382,1.1150233324839751,FALSE,FALSE
1997-12-17,circumpolar,10.92898187,0.399534555108028,0.399534555108028,1.1150233324839751,FALSE,FALSE
1997-12-18,circumpolar,10.60361918,0.3098698545680243,0.3098698545680243,1.1150233324839751,FALSE,FALSE
1997-12-19,circumpolar,10.31663889,0.2581610942131274,0.2581610942131274,1.1150233324839751,FALSE,FALSE
1997-12-20,circumpolar,9.973164942,0.14904323969243372,0.14904323969243372,1.1150233324839751,FALSE,FALSE
1997-12-21,circumpolar,9.781040553,0.1898955625846153,0.1898955625846153,1.1150233324839751,FALSE,FALSE
1997-12-22,circumpolar,9.48675634,0.12676471468192752,0.12676471468192752,1.1150233324839751,FALSE,FALSE
1997-12-23,circumpolar,9.118711446,-0.01239356943630376,0.01239356943630376,1.1150233324839751,FALSE,FALSE
1997-12-24,circumpolar,8.765975186,-0.13895338319077943,0.13895338319077943,1.1150233324839751,FALSE,FALSE
1997-12-25,circumpolar,8.541097543,-0.14080815200216,0.14080815200216,1.1150233324839751,FALSE,FALSE
1997-12-26,circumpolar,8.171660861,-0.2908189402911514,0.2908189402911514,1.1150233324839751,FALSE,FALSE
1997-12-27,circumpolar,7.837680206,-0.4094140904784034,0.4094140904784034,1.1150233324839751,FALSE,FALSE
1997-12-28,circumpolar,7.621636627,-0.41455596198462974,0.41455596198462974,1.1150233324839751,FALSE,FALSE
1997-12-29,circumpolar,7.360446454,-0.4697716332304811,0.4697716332304811,1.1150233324839751,FALSE,FALSE
1997-12-30,circumpolar,7.135643878,-0.4939703216366631,0.4939703216366631,1.1150233324839751,FALSE,FALSE
1997-12-31,circumpolar,6.911292468,-0.52353186662386,0.52353186662386,1.1150233324839751,FALSE,FALSE
1998-01-01,circumpolar,6.739061592,-0.5072303086127334,0.5072303086127334,1.1150233324839751,FALSE,FALSE
1998-01-02,circumpolar,6.464312693,-0.6000301895692708,0.6000301895692708,1.1150233324839751,FALSE,FALSE
1998-01-03,circumpolar,6.273314174,-0.6155193976406119,0.6155193976406119,1.1150233324839751,FALSE,FALSE
1998-01-04,circumpolar,6.076209703,-0.6432931325191804,0.6432931325191804,1.1150233324839751,FALSE,FALSE
1998-01-05,circumpolar,5.90136939,-0.6547201518973864,0.6547201518973864,1.1150233324839751,FALSE,FALSE
1998-01-06,circumpolar,5.758617475,-0.6397150834676806,0.6397150834676806,1.1150233324839751,FALSE,FALSE
1998-01-07,circumpolar,5.574167436,-0.6718033169224906,0.6718033169224906,1.1150233324839751,FALSE,FALSE
1998-01-08,circumpolar,5.355230646,-0.7435123469542289,0.7435123469542289,1.1150233324839751,FALSE,FALSE
1998-01-09,circumpolar,5.237633254,-0.7187548922553395,0.7187548922553395,1.1150233324839751,FALSE,FALSE
1998-01-10,circumpolar,5.118949249,-0.699695831518234,0.699695831518234,1.1150233324839751,FALSE,FALSE
1998-01-11,circumpolar,4.989315895,-0.6959367684353595,0.6959367684353595,1.1150233324839751,FALSE,FALSE
1998-01-12,circumpolar,4.926247588,-0.6297021746991307,0.6297021746991307,1.1150233324839751,FALSE,FALSE
1998-01-13,circumpolar,4.824767627,-0.6057076190019801,0.6057076190019801,1.1150233324839751,FALSE,FALSE
1998-01-14,circumpolar,4.72293608,-0.5856351270270856,0.5856351270270856,1.1150233324839751,FALSE,FALSE
1998-01-15,circumpolar,4.624435502,-0.5656600016131401,0.5656600016131401,1.1150233324839751,FALSE,FALSE
1998-01-16,circumpolar,4.547634655,-0.527416366298934,0.527416366298934,1.1150233324839751,FALSE,FALSE
1998-01-17,circumpolar,4.479344049,-0.48410576866758337,0.48410576866758337,1.1150233324839751,FALSE,FALSE
1998-01-18,circumpolar,4.433926493,-0.4213774573021949,0.4213774573021949,1.1150233324839751,FALSE,FALSE
1998-01-19,circumpolar,4.358413602,-0.3922118747858825,0.3922118747858825,1.1150233324839751,FALSE,FALSE
1998-01-20,circumpolar,4.264450544,-0.38497591070175474,0.38497591070175474,1.1150233324839751,FALSE,FALSE
1998-01-21,circumpolar,4.153140239,-0.3985787026329266,0.3985787026329266,1.1150233324839751,FALSE,FALSE
1998-01-22,circumpolar,4.131093583,-0.32642141216250664,0.32642141216250664,1.1150233324839751,FALSE,FALSE
1998-01-23,circumpolar,4.063829349,-0.3029973238736057,0.3029973238736057,1.1150233324839751,FALSE,FALSE
1998-01-24,circumpolar,3.990497581,-0.28916845134934066,0.28916845134934066,1.1150233324839751,FALSE,FALSE
1998-01-25,circumpolar,3.968860332,-0.2271847991728189,0.2271847991728189,1.1150233324839751,FALSE,FALSE
1998-01-26,circumpolar,3.884428614,-0.23154741292714753,0.23154741292714753,1.1150233324839751,FALSE,FALSE
1998-01-27,circumpolar,3.809209913,-0.23024939234189024,0.23024939234189024,1.1150233324839751,FALSE,FALSE
1998-01-28,circumpolar,3.7516524,-0.2147654939053143,0.2147654939053143,1.1150233324839751,FALSE,FALSE
1998-01-29,circumpolar,3.718499321,-0.1782431975862062,0.1782431975862062,1.1150233324839751,FALSE,FALSE
1998-01-30,circumpolar,3.61917237,-0.21115143162204575,0.21115143162204575,1.1150233324839751,FALSE,FALSE
1998-01-31,circumpolar,3.56810206,-0.19895030525029211,0.19895030525029211,1.1150233324839751,FALSE,FALSE
1998-02-01,circumpolar,3.519758585,-0.18706024670842947,0.18706024670842947,1.1150233324839751,FALSE,FALSE
1998-02-02,circumpolar,3.471175366,-0.1783384572339255,0.1783384572339255,1.1150233324839751,FALSE,FALSE
1998-02-03,circumpolar,3.449933261,-0.14509470106424738,0.14509470106424738,1.1150233324839751,FALSE,FALSE
1998-02-04,circumpolar,3.416295078,-0.12695679243687374,0.12695679243687374,1.1150233324839751,FALSE,FALSE
1998-02-05,circumpolar,3.359122456,-0.13495371458928007,0.13495371458928007,1.1150233324839751,FALSE,FALSE
1998-02-06,circumpolar,3.344214273,-0.10317721175893224,0.10317721175893224,1.1150233324839751,FALSE,FALSE
1998-02-07,circumpolar,3.349468656,-0.05361977918330263,0.05361977918330263,1.1150233324839751,FALSE,FALSE
1998-02-08,circumpolar,3.319664666,-0.04139381891680971,0.04139381891680971,1.1150233324839751,FALSE,FALSE
1998-02-09,circumpolar,3.274430372,-0.04687373246103243,0.04687373246103243,1.1150233324839751,FALSE,FALSE
1998-02-10,circumpolar,3.222137408,-0.06191112346897531,0.06191112346897531,1.1150233324839751,FALSE,FALSE
1998-02-11,circumpolar,3.191001929,-0.05853917668923092,0.05853917668923092,1.1150233324839751,FALSE,FALSE
1998-02-12,circumpolar,3.182557041,-0.03547412587040899,0.03547412587040899,1.1150233324839751,FALSE,FALSE
1998-02-13,circumpolar,3.160413691,-0.02935436376111822,0.02935436376111822,1.1150233324839751,FALSE,FALSE
1998-02-14,circumpolar,3.107969306,-0.05703180310995215,0.05703180310995215,1.1150233324839751,FALSE,FALSE
1998-02-15,circumpolar,3.069825278,-0.07415439166552229,0.07415439166552229,1.1150233324839751,FALSE,FALSE
1998-02-16,circumpolar,3.03189082,-0.09506225617643338,0.09506225617643338,1.1150233324839751,FALSE,FALSE
1998-02-17,circumpolar,3.015116426,-0.09905424239127836,0.09905424239127836,1.1150233324839751,FALSE,FALSE
1998-02-18,circumpolar,2.99245694,-0.11342484605867265,0.11342484605867265,1.1150233324839751,FALSE,FALSE
1998-02-19,circumpolar,3.066069055,-0.03626671392721947,0.03626671392721947,1.1150233324839751,FALSE,FALSE
1998-02-20,circumpolar,3.106371751,0.00258979425448746,0.00258979425448746,1.1150233324839751,FALSE,FALSE
1998-02-21,circumpolar,3.060660965,-0.04978659048380951,0.04978659048380951,1.1150233324839751,FALSE,FALSE
1998-02-22,circumpolar,3.003645658,-0.11864577130255016,0.11864577130255016,1.1150233324839751,FALSE,FALSE
1998-02-23,circumpolar,3.01524967,-0.12384425968028312,0.12384425968028312,1.1150233324839751,FALSE,FALSE
1998-02-24,circumpolar,3.027292726,-0.1333394551268592,0.1333394551268592,1.1150233324839751,FALSE,FALSE
1998-02-25,circumpolar,3.030069937,-0.1566133711521145,0.1566133711521145,1.1150233324839751,FALSE,FALSE
1998-02-26,circumpolar,3.027427721,-0.18959671426589783,0.18959671426589783,1.1150233324839751,FALSE,FALSE
1998-02-27,circumpolar,3.041641918,-0.20979076897805005,0.20979076897805005,1.1150233324839751,FALSE,FALSE
1998-02-28,circumpolar,3.041830228,-0.24785495979841565,0.24785495979841565,1.1150233324839751,FALSE,FALSE
1998-03-01,circumpolar,3.094634893,-0.23692416923683668,0.23692416923683668,1.1150233324839751,FALSE,FALSE
1998-03-02,circumpolar,3.138692527,-0.23813890780316171,0.23813890780316171,1.1150233324839751,FALSE,FALSE
1998-03-03,circumpolar,3.206123926,-0.21915550400722417,0.21915550400722417,1.1150233324839751,FALSE,FALSE
1998-03-04,circumpolar,3.330607248,-0.1460729243588745,0.1460729243588745,1.1150233324839751,FALSE,FALSE
1998-03-05,circumpolar,3.42305649,-0.1077543026544996,0.1077543026544996,1.1150233324839751,FALSE,FALSE
1998-03-06,circumpolar,3.468250144,-0.1192216628446796,0.1192216628446796,1.1150233324839751,FALSE,FALSE
1998-03-07,circumpolar,3.533189027,-0.11335083705917848,0.11335083705917848,1.1150233324839751,FALSE,FALSE
1998-03-08,circumpolar,3.713595604,0.00568852331897318,0.00568852331897318,1.1150233324839751,FALSE,FALSE
1998-03-09,circumpolar,3.981972768,0.2105071949067394,0.2105071949067394,1.1150233324839751,FALSE,FALSE
1998-03-10,circumpolar,4.064117545,0.2270100873210916,0.2270100873210916,1.1150233324839751,FALSE,FALSE
1998-03-11,circumpolar,4.205814299,0.30108944817899985,0.30108944817899985,1.1150233324839751,FALSE,FALSE
1998-03-12,circumpolar,4.312038492,0.33782862309742745,0.33782862309742745,1.1150233324839751,FALSE,FALSE
1998-03-13,circumpolar,4.286207304,0.2407526756933436,0.2407526756933436,1.1150233324839751,FALSE,FALSE
1998-03-14,circumpolar,4.352700201,0.2343489555837177,0.2343489555837177,1.1150233324839751,FALSE,FALSE
1998-03-15,circumpolar,4.495674168,0.3028823313855167,0.3028823313855167,1.1150233324839751,FALSE,FALSE
1998-03-16,circumpolar,4.526273025,0.25760450671570645,0.25760450671570645,1.1150233324839751,FALSE,FALSE
1998-03-17,circumpolar,4.559887884,0.21401447719126132,0.21401447719126132,1.1150233324839751,FALSE,FALSE
1998-03-18,circumpolar,4.654867722,0.23056781241859525,0.23056781241859525,1.1150233324839751,FALSE,FALSE
1998-03-19,circumpolar,4.72159307,0.21771939320386835,0.21771939320386835,1.1150233324839751,FALSE,FALSE
1998-03-20,circumpolar,4.750042525,0.16548844011413255,0.16548844011413255,1.1150233324839751,FALSE,FALSE
1998-03-21,circumpolar,4.85654983,0.19024773182989296,0.19024773182989296,1.1150233324839751,FALSE,FALSE
1998-03-22,circumpolar,4.983737125,0.2346584440316848,0.2346584440316848,1.1150233324839751,FALSE,FALSE
1998-03-23,circumpolar,5.035262943,0.20241814540002337,0.20241814540002337,1.1150233324839751,FALSE,FALSE
1998-03-24,circumpolar,5.09263068,0.17506926761542907,0.17506926761542907,1.1150233324839751,FALSE,FALSE
1998-03-25,circumpolar,5.173496636,0.17030714635843047,0.17030714635843047,1.1150233324839751,FALSE,FALSE
1998-03-26,circumpolar,5.313554802,0.22386480830953912,0.22386480830953912,1.1150233324839751,FALSE,FALSE
1998-03-27,circumpolar,5.444603042,0.2675791531492866,0.2675791531492866,1.1150233324839751,FALSE,FALSE
1998-03-28,circumpolar,5.514285173,0.24913303355819227,0.24913303355819227,1.1150233324839751,FALSE,FALSE
1998-03-29,circumpolar,5.578321854,0.2242861442167712,0.2242861442167712,1.1150233324839751,FALSE,FALSE
1998-03-30,circumpolar,5.65991229,0.21627672580555313,0.21627672580555313,1.1150233324839751,FALSE,FALSE
1998-03-31,circumpolar,5.713149777,0.17922725642256854,0.17922725642256854,1.1150233324839751,FALSE,FALSE
1998-04-01,circumpolar,5.761849697,0.13692844015657712,0.13692844015657712,1.1150233324839751,FALSE,FALSE
1998-04-02,circumpolar,5.756061545,0.03938678401416951,0.03938678401416951,1.1150233324839751,FALSE,FALSE
1998-04-03,circumpolar,5.795292176,-0.01393386013499409,0.01393386013499409,1.1150233324839751,FALSE,FALSE
1998-04-04,circumpolar,5.885355527,-0.01726255842124757,0.01726255842124757,1.1150233324839751,FALSE,FALSE
1998-04-05,circumpolar,5.915330842,-0.08156306997492901,0.08156306997492901,1.1150233324839751,FALSE,FALSE
1998-04-06,circumpolar,5.978343655,-0.11375286392636852,0.11375286392636852,1.1150233324839751,FALSE,FALSE
1998-04-07,circumpolar,6.106305649,-0.08196326040591373,0.08196326040591373,1.1150233324839751,FALSE,FALSE
1998-04-08,circumpolar,6.208519729,-0.07693435754389633,0.07693435754389633,1.1150233324839751,FALSE,FALSE
1998-04-09,circumpolar,6.295886594,-0.08780845947065785,0.08780845947065785,1.1150233324839751,FALSE,FALSE
1998-04-10,circumpolar,6.457211817,-0.02582299631652862,0.02582299631652862,1.1150233324839751,FALSE,FALSE
1998-04-11,circumpolar,6.571875296,-0.01164107321185437,0.01164107321185437,1.1150233324839751,FALSE,FALSE
1998-04-12,circumpolar,6.640256656,-0.04492544171961743,0.04492544171961743,1.1150233324839751,FALSE,FALSE
1998-04-13,circumpolar,6.758818303,-0.02921141680147698,0.02921141680147698,1.1150233324839751,FALSE,FALSE
1998-04-14,circumpolar,6.923069238,0.03108589593913713,0.03108589593913713,1.1150233324839751,FALSE,FALSE
1998-04-15,circumpolar,7.100321903,0.10336170780938048,0.10336170780938048,1.1150233324839751,FALSE,FALSE
1998-04-16,circumpolar,7.212440901,0.10956339111643842,0.10956339111643842,1.1150233324839751,FALSE,FALSE
1998-04-17,circumpolar,7.27991171,0.07025919316746787,0.07025919316746787,1.1150233324839751,FALSE,FALSE
1998-04-18,circumpolar,7.411650495,0.0944480482696326,0.0944480482696326,1.1150233324839751,FALSE,FALSE
1998-04-19,circumpolar,7.524295439,0.0988509087300935,0.0988509087300935,1.1150233324839751,FALSE,FALSE
1998-04-20,circumpolar,7.631305244,0.09700924585603676,0.09700924585603676,1.1150233324839751,FALSE,FALSE
1998-04-21,circumpolar,7.781230872,0.1375567909546067,0.1375567909546067,1.1150233324839751,FALSE,FALSE
1998-04-22,circumpolar,7.965804257,0.21230824733297915,0.21230824733297915,1.1150233324839751,FALSE,FALSE
1998-04-23,circumpolar,8.144140445,0.2804614302983248,0.2804614302983248,1.1150233324839751,FALSE,FALSE
1998-04-24,circumpolar,8.246278232,0.2721379051577957,0.2721379051577957,1.1150233324839751,FALSE,FALSE
1998-04-25,circumpolar,8.295159899,0.2103592206421343,0.2103592206421343,1.1150233324839751,FALSE,FALSE
1998-04-26,circumpolar,8.40638956,0.21077550239125564,0.21077550239125564,1.1150233324839751,FALSE,FALSE
1998-04-27,circumpolar,8.532172341,0.2256195105347807,0.2256195105347807,1.1150233324839751,FALSE,FALSE
1998-04-28,circumpolar,8.669341865,0.2517523086155755,0.2517523086155755,1.1150233324839751,FALSE,FALSE
1998-04-29,circumpolar,8.758683967,0.2299871721764948,0.2299871721764948,1.1150233324839751,FALSE,FALSE
1998-04-30,circumpolar,8.89656102,0.2567139147603932,0.2567139147603932,1.1150233324839751,FALSE,FALSE
1998-05-01,circumpolar,8.971123348,0.22011030091013065,0.22011030091013065,1.1150233324839751,FALSE,FALSE
1998-05-02,circumpolar,9.051145659,0.18897847916855423,0.18897847916855423,1.1150233324839751,FALSE,FALSE
1998-05-03,circumpolar,9.253851132,0.28056906907854184,0.28056906907854184,1.1150233324839751,FALSE,FALSE
1998-05-04,circumpolar,9.433202855,0.3488725991829362,0.3488725991829362,1.1150233324839751,FALSE,FALSE
1998-05-05,circumpolar,9.524572819,0.3292885010245925,0.3292885010245925,1.1150233324839751,FALSE,FALSE
1998-05-06,circumpolar,9.62367548,0.31755867114638114,0.31755867114638114,1.1150233324839751,FALSE,FALSE
1998-05-07,circumpolar,9.740934983,0.3241346800981564,0.3241346800981564,1.1150233324839751,FALSE,FALSE
1998-05-08,circumpolar,9.875950416,0.34863468260324915,0.34863468260324915,1.1150233324839751,FALSE,FALSE
1998-05-09,circumpolar,9.988336789,0.35067050859808546,0.35067050859808546,1.1150233324839751,FALSE,FALSE
1998-05-10,circumpolar,10.06292605,0.3150672656210034,0.3150672656210034,1.1150233324839751,FALSE,FALSE
1998-05-11,circumpolar,10.13995534,0.28205525421032007,0.28205525421032007,1.1150233324839751,FALSE,FALSE
1998-05-12,circumpolar,10.24854401,0.280746984904372,0.280746984904372,1.1150233324839751,FALSE,FALSE
1998-05-13,circumpolar,10.37439141,0.2968349672414785,0.2968349672414785,1.1150233324839751,FALSE,FALSE
1998-05-14,circumpolar,10.52164423,0.3344590507599765,0.3344590507599765,1.1150233324839751,FALSE,FALSE
1998-05-15,circumpolar,10.68933478,0.3926447049981885,0.3926447049981885,1.1150233324839751,FALSE,FALSE
1998-05-16,circumpolar,10.78786567,0.3817876994944367,0.3817876994944367,1.1150233324839751,FALSE,FALSE
1998-05-17,circumpolar,10.88821007,0.3728543637870487,0.3728543637870487,1.1150233324839751,FALSE,FALSE
1998-05-18,circumpolar,11.06876608,0.4442359574143744,0.4442359574143744,1.1150233324839751,FALSE,FALSE
1998-05-19,circumpolar,11.15689361,0.42328554991471634,0.42328554991471634,1.1150233324839751,FALSE,FALSE
1998-05-20,circumpolar,11.25510294,0.4125077138638851,0.4125077138638851,1.1150233324839751,FALSE,FALSE
1998-05-21,circumpolar,11.27827698,0.32680032672873516,0.32680032672873516,1.1150233324839751,FALSE,FALSE
1998-05-22,circumpolar,11.28146129,0.2212419792932536,0.2212419792932536,1.1150233324839751,FALSE,FALSE
1998-05-23,circumpolar,11.314206,0.14541644007662136,0.14541644007662136,1.1150233324839751,FALSE,FALSE
1998-05-24,circumpolar,11.37728843,0.1001346675980006,0.1001346675980006,1.1150233324839751,FALSE,FALSE
1998-05-25,circumpolar,11.46965853,0.08438025037658292,0.08438025037658292,1.1150233324839751,FALSE,FALSE
1998-05-26,circumpolar,11.60717023,0.11404075693153716,0.11404075693153716,1.1150233324839751,FALSE,FALSE
1998-05-27,circumpolar,11.71549137,0.11481766578203434,0.11481766578203434,1.1150233324839751,FALSE,FALSE
1998-05-28,circumpolar,11.85368453,0.14580719544725262,0.14580719544725262,1.1150233324839751,FALSE,FALSE
1998-05-29,circumpolar,11.95753353,0.14282680444637563,0.14282680444637563,1.1150233324839751,FALSE,FALSE
1998-05-30,circumpolar,12.00748521,0.08635697129857611,0.08635697129857611,1.1150233324839751,FALSE,FALSE
1998-05-31,circumpolar,12.09058245,0.06347421452301205,0.06347421452301205,1.1150233324839751,FALSE,FALSE
1998-06-01,circumpolar,12.14307086,0.01045778263889118,0.01045778263889118,1.1150233324839751,FALSE,FALSE
1998-06-02,circumpolar,12.25524525,0.01762501219641343,0.01762501219641343,1.1150233324839751,FALSE,FALSE
1998-06-03,circumpolar,12.41685051,0.07469402405092218,0.07469402405092218,1.1150233324839751,FALSE,FALSE
1998-06-04,circumpolar,12.6173868,0.17112454384660403,0.17112454384660403,1.1150233324839751,FALSE,FALSE
1998-06-05,circumpolar,12.80163608,0.2516580967215116,0.2516580967215116,1.1150233324839751,FALSE,FALSE
1998-06-06,circumpolar,12.95535589,0.302011787813683,0.302011787813683,1.1150233324839751,FALSE,FALSE
1998-06-07,circumpolar,12.99470821,0.2383071622611439,0.2383071622611439,1.1150233324839751,FALSE,FALSE
1998-06-08,circumpolar,13.05699095,0.19780169520192817,0.19780169520192817,1.1150233324839751,FALSE,FALSE
1998-06-09,circumpolar,13.03724533,0.07549617177406986,0.07549617177406986,1.1150233324839751,FALSE,FALSE
1998-06-10,circumpolar,13.15246566,0.08834446711559885,0.08834446711559885,1.1150233324839751,FALSE,FALSE
1998-06-11,circumpolar,13.1658254,-5.203936354352123e-4,5.203936354352123e-4,1.1150233324839751,FALSE,FALSE
1998-06-12,circumpolar,13.17471988,-0.09374351534101422,0.09374351534101422,1.1150233324839751,FALSE,FALSE
1998-06-13,circumpolar,13.281784,-0.08873043286310534,0.08873043286310534,1.1150233324839751,FALSE,FALSE
1998-06-14,circumpolar,13.37094678,-0.10159073064324176,0.10159073064324176,1.1150233324839751,FALSE,FALSE
1998-06-15,circumpolar,13.51962507,-0.05486547059899571,0.05486547059899571,1.1150233324839751,FALSE,FALSE
1998-06-16,circumpolar,13.71426572,0.03804498384399402,0.03804498384399402,1.1150233324839751,FALSE,FALSE
1998-06-17,circumpolar,13.87354914,0.09598184955460988,0.09598184955460988,1.1150233324839751,FALSE,FALSE
1998-06-18,circumpolar,13.99558591,0.11721651340171312,0.11721651340171312,1.1150233324839751,FALSE,FALSE
1998-06-19,circumpolar,14.09705396,0.11858771225418964,0.11858771225418964,1.1150233324839751,FALSE,FALSE
1998-06-20,circumpolar,14.2148171,0.13712006298090706,0.13712006298090706,1.1150233324839751,FALSE,FALSE
1998-06-21,circumpolar,14.31186511,0.13596415245074311,0.13596415245074311,1.1150233324839751,FALSE,FALSE
1998-06-22,circumpolar,14.47412755,0.2012103475325553,0.2012103475325553,1.1150233324839751,FALSE,FALSE
1998-06-23,circumpolar,14.584323,0.21573803509522985,0.21573803509522985,1.1150233324839751,FALSE,FALSE
1998-06-24,circumpolar,14.64695856,0.18421512200764312,0.18421512200764312,1.1150233324839751,FALSE,FALSE
1998-06-25,circumpolar,14.72745279,0.17222097513865187,0.17222097513865187,1.1150233324839751,FALSE,FALSE
1998-06-26,circumpolar,14.78491348,0.13902419135714794,0.13902419135714794,1.1150233324839751,FALSE,FALSE
1998-06-27,circumpolar,14.85919383,0.12461075284569212,0.12461075284569212,1.1150233324839751,FALSE,FALSE
1998-06-28,circumpolar,14.93802894,0.11663677309633158,0.11663677309633158,1.1150233324839751,FALSE,FALSE
1998-06-29,circumpolar,14.981637600000001,0.07514529016214944,0.07514529016214944,1.1150233324839751,FALSE,FALSE
1998-06-30,circumpolar,15.04948252,0.05942276457567352,0.05942276457567352,1.1150233324839751,FALSE,FALSE
1998-07-01,circumpolar,15.09277913,0.02050837686946671,0.02050837686946671,1.1150233324839751,FALSE,FALSE
1998-07-02,circumpolar,15.14349128,-0.00981027242393395,0.00981027242393395,1.1150233324839751,FALSE,FALSE
1998-07-03,circumpolar,15.28399113,0.05066272722803866,0.05066272722803866,1.1150233324839751,FALSE,FALSE
1998-07-04,circumpolar,15.39988782,0.08736026635791738,0.08736026635791738,1.1150233324839751,FALSE,FALSE
1998-07-05,circumpolar,15.44410817,0.05303291549825495,0.05303291549825495,1.1150233324839751,FALSE,FALSE
1998-07-06,circumpolar,15.5280017,0.05885394518159792,0.05885394518159792,1.1150233324839751,FALSE,FALSE
1998-07-07,circumpolar,15.62944135,0.08252004594049822,0.08252004594049822,1.1150233324839751,FALSE,FALSE
1998-07-08,circumpolar,15.67160995,0.04703779830750143,0.04703779830750143,1.1150233324839751,FALSE,FALSE
1998-07-09,circumpolar,15.69168789,-0.01058824419095749,0.01058824419095749,1.1150233324839751,FALSE,FALSE
1998-07-10,circumpolar,15.68371216,-0.09641660262948726,0.09641660262948726,1.1150233324839751,FALSE,FALSE
1998-07-11,circumpolar,15.74606723,-0.11198252799954211,0.11198252799954211,1.1150233324839751,FALSE,FALSE
1998-07-12,circumpolar,15.79167533,-0.14426024788236624,0.14426024788236624,1.1150233324839751,FALSE,FALSE
1998-07-13,circumpolar,15.93289264,-0.08079003985914035,0.08079003985914035,1.1150233324839751,FALSE,FALSE
1998-07-14,circumpolar,16.05217985,-0.03900767151109008,0.03900767151109008,1.1150233324839751,FALSE,FALSE
1998-07-15,circumpolar,16.19115282,0.0228062595805838,0.0228062595805838,1.1150233324839751,FALSE,FALSE
1998-07-16,circumpolar,16.29359829,0.04854203583466443,0.04854203583466443,1.1150233324839751,FALSE,FALSE
1998-07-17,circumpolar,16.39193562,0.07072255966994234,0.07072255966994234,1.1150233324839751,FALSE,FALSE
1998-07-18,circumpolar,16.47470788,0.07799444350523288,0.07799444350523288,1.1150233324839751,FALSE,FALSE
1998-07-19,circumpolar,16.57819923,0.10674538975929336,0.10674538975929336,1.1150233324839751,FALSE,FALSE
1998-07-20,circumpolar,16.66535412,0.1200233908509354,0.1200233908509354,1.1150233324839751,FALSE,FALSE
1998-07-21,circumpolar,16.72439666,0.10615609919894098,0.10615609919894098,1.1150233324839751,FALSE,FALSE
1998-07-22,circumpolar,16.7319832,0.04190052528048227,0.04190052528048227,1.1150233324839751,FALSE,FALSE
1998-07-23,circumpolar,16.75103766,-0.00975852784360498,0.00975852784360498,1.1150233324839751,FALSE,FALSE
1998-07-24,circumpolar,16.84631572,0.01596650755018203,0.01596650755018203,1.1150233324839751,FALSE,FALSE
1998-07-25,circumpolar,17.02249339,0.1237828714582676,0.1237828714582676,1.1150233324839751,FALSE,FALSE
1998-07-26,circumpolar,17.17693904,0.2110901638770919,0.2110901638770919,1.1150233324839751,FALSE,FALSE
1998-07-27,circumpolar,17.27265765,0.24092459480307585,0.24092459480307585,1.1150233324839751,FALSE,FALSE
1998-07-28,circumpolar,17.34419269,0.24786086423264564,0.24786086423264564,1.1150233324839751,FALSE,FALSE
1998-07-29,circumpolar,17.38772763,0.22811367216223744,0.22811367216223744,1.1150233324839751,FALSE,FALSE
1998-07-30,circumpolar,17.40944469,0.1878964685882849,0.1878964685882849,1.1150233324839751,FALSE,FALSE
1998-07-31,circumpolar,17.4651773,0.1830739135071937,0.1830739135071937,1.1150233324839751,FALSE,FALSE
1998-08-01,circumpolar,17.52322983,0.18198160691538945,0.18198160691538945,1.1150233324839751,FALSE,FALSE
1998-08-02,circumpolar,17.54431291,0.14536140880933246,0.14536140880933246,1.1150233324839751,FALSE,FALSE
1998-08-03,circumpolar,17.60644731,0.15126531862276593,0.15126531862276593,1.1150233324839751,FALSE,FALSE
1998-08-04,circumpolar,17.71734373,0.20742007593790035,0.20742007593790035,1.1150233324839751,FALSE,FALSE
1998-08-05,circumpolar,17.84312231,0.2799070646749122,0.2799070646749122,1.1150233324839751,FALSE,FALSE
1998-08-06,circumpolar,17.97432117,0.3592132970122357,0.3592132970122357,1.1150233324839751,FALSE,FALSE
1998-08-07,circumpolar,18.0119009,0.34624825512827684,0.34624825512827684,1.1150233324839751,FALSE,FALSE
1998-08-08,circumpolar,18.00344125,0.2885405812014348,0.2885405812014348,1.1150233324839751,FALSE,FALSE
1998-08-09,circumpolar,17.99599546,0.2330924074101297,0.2330924074101297,1.1150233324839751,FALSE,FALSE
1998-08-10,circumpolar,17.94650869,0.13679778593276382,0.13679778593276382,1.1150233324839751,FALSE,FALSE
1998-08-11,circumpolar,18.03764217,0.18226683894775064,0.18226683894775064,1.1150233324839751,FALSE,FALSE
1998-08-12,circumpolar,18.11871323,0.2187657886334939,0.2187657886334939,1.1150233324839751,FALSE,FALSE
1998-08-13,circumpolar,18.17410489,0.23062654716842343,0.23062654716842343,1.1150233324839751,FALSE,FALSE
1998-08-14,circumpolar,18.17050145,0.1844823067309385,0.1844823067309385,1.1150233324839751,FALSE,FALSE
1998-08-15,circumpolar,18.22303506,0.1954141094994419,0.1954141094994419,1.1150233324839751,FALSE,FALSE
1998-08-16,circumpolar,18.23701317,0.16867917622264983,0.16867917622264983,1.1150233324839751,FALSE,FALSE
1998-08-17,circumpolar,18.2307333,0.12255091082216296,0.12255091082216296,1.1150233324839751,FALSE,FALSE
1998-08-18,circumpolar,18.29370925,0.14654888580537673,0.14654888580537673,1.1150233324839751,FALSE,FALSE
1998-08-19,circumpolar,18.39476402,0.20950351165143744,0.20950351165143744,1.1150233324839751,FALSE,FALSE
1998-08-20,circumpolar,18.36007183,0.137596418839518,0.137596418839518,1.1150233324839751,FALSE,FALSE
1998-08-21,circumpolar,18.46577662,0.20697895784878995,0.20697895784878995,1.1150233324839751,FALSE,FALSE
1998-08-22,circumpolar,18.50832512,0.21410526915841288,0.21410526915841288,1.1150233324839751,FALSE,FALSE
1998-08-23,circumpolar,18.58399229,0.2552577232475457,0.2552577232475457,1.1150233324839751,FALSE,FALSE
1998-08-24,circumpolar,18.61079498,0.24846058059534928,0.24846058059534928,1.1150233324839751,FALSE,FALSE
1998-08-25,circumpolar,18.65375496,0.25874302168099916,0.25874302168099916,1.1150233324839751,FALSE,FALSE
1998-08-26,circumpolar,18.66934094,0.24258116698364415,0.24258116698364415,1.1150233324839751,FALSE,FALSE
1998-08-27,circumpolar,18.71819522,0.2606247269824493,0.2606247269824493,1.1150233324839751,FALSE,FALSE
1998-08-28,circumpolar,18.78904111,0.30160442215659344,0.30160442215659344,1.1150233324839751,FALSE,FALSE
1998-08-29,circumpolar,18.87036942,0.3540193825219937,0.3540193825219937,1.1150233324839751,FALSE,FALSE
1998-08-30,circumpolar,18.80326198,0.2589652859827716,0.2589652859827716,1.1150233324839751,FALSE,FALSE
1998-08-31,circumpolar,18.75999228,0.18873154744662557,0.18873154744662557,1.1150233324839751,FALSE,FALSE
1998-09-01,circumpolar,18.75211704,0.15489081554677142,0.15489081554677142,1.1150233324839751,FALSE,FALSE
1998-09-02,circumpolar,18.70826812,0.08609087891638367,0.08609087891638367,1.1150233324839751,FALSE,FALSE
1998-09-03,circumpolar,18.78331604,0.13721818618867945,0.13721818618867945,1.1150233324839751,FALSE,FALSE
1998-09-04,circumpolar,18.83503575,0.1660636159968547,0.1660636159968547,1.1150233324839751,FALSE,FALSE
1998-09-05,circumpolar,18.87438297,0.18359881697407943,0.18359881697407943,1.1150233324839751,FALSE,FALSE
1998-09-06,circumpolar,18.90261606,0.19109807775359755,0.19109807775359755,1.1150233324839751,FALSE,FALSE
1998-09-07,circumpolar,18.90303894,0.17188124696856022,0.17188124696856022,1.1150233324839751,FALSE,FALSE
1998-09-08,circumpolar,18.93082284,0.18113548325218787,0.18113548325218787,1.1150233324839751,FALSE,FALSE
1998-09-09,circumpolar,19.04415279,0.2770617452376669,0.2770617452376669,1.1150233324839751,FALSE,FALSE
1998-09-10,circumpolar,19.11918396,0.33583115544007214,0.33583115544007214,1.1150233324839751,FALSE,FALSE
1998-09-11,circumpolar,19.15562865,0.3571742335186663,0.3571742335186663,1.1150233324839751,FALSE,FALSE
1998-09-12,circumpolar,19.25734855,0.4449749917752044,0.4449749917752044,1.1150233324839751,FALSE,FALSE
1998-09-13,circumpolar,19.42668387,0.601596394483952,0.601596394483952,1.1150233324839751,FALSE,FALSE
1998-09-14,circumpolar,19.54695345,0.7103800359191332,0.7103800359191332,1.1150233324839751,FALSE,FALSE
1998-09-15,circumpolar,19.59232114,0.7455125203549784,0.7455125203549784,1.1150233324839751,FALSE,FALSE
1998-09-16,circumpolar,19.58077894,0.7250086020657491,0.7250086020657491,1.1150233324839751,FALSE,FALSE
1998-09-17,circumpolar,19.5313006,0.6678647853256905,0.6678647853256905,1.1150233324839751,FALSE,FALSE
1998-09-18,circumpolar,19.5251692,0.6553869044090206,0.6553869044090206,1.1150233324839751,FALSE,FALSE
1998-09-19,circumpolar,19.47254611,0.5977590835900024,0.5977590835900024,1.1150233324839751,FALSE,FALSE
1998-09-20,circumpolar,19.43522332,0.5567960671428516,0.5567960671428516,1.1150233324839751,FALSE,FALSE
1998-09-21,circumpolar,19.39655145,0.5158712293418368,0.5158712293418368,1.1150233324839751,FALSE,FALSE
1998-09-22,circumpolar,19.36885126,0.48732808446119336,0.48732808446119336,1.1150233324839751,FALSE,FALSE
1998-09-23,circumpolar,19.3253267,0.4443925560284612,0.4443925560284612,1.1150233324839751,FALSE,FALSE
1998-09-24,circumpolar,19.30982826,0.4309287487994879,0.4309287487994879,1.1150233324839751,FALSE,FALSE
1998-09-25,circumpolar,19.34227509,0.4668643569707065,0.4668643569707065,1.1150233324839751,FALSE,FALSE
1998-09-26,circumpolar,19.3484287,0.4779693635930329,0.4779693635930329,1.1150233324839751,FALSE,FALSE
1998-09-27,circumpolar,19.30381675,0.4397799017173511,0.4397799017173511,1.1150233324839751,FALSE,FALSE
1998-09-28,circumpolar,19.26373885,0.407604054394568,0.407604054394568,1.1150233324839751,FALSE,FALSE
1998-09-29,circumpolar,19.21200447,0.3652597646755602,0.3652597646755602,1.1150233324839751,FALSE,FALSE
1998-09-30,circumpolar,19.2498865,0.4140283956112363,0.4140283956112363,1.1150233324839751,FALSE,FALSE
1998-10-01,circumpolar,19.3320927,0.5086261802525058,0.5086261802525058,1.1150233324839751,FALSE,FALSE
1998-10-02,circumpolar,19.3686072,0.5590457216502465,0.5590457216502465,1.1150233324839751,FALSE,FALSE
1998-10-03,circumpolar,19.41216979,0.6180352828553701,0.6180352828553701,1.1150233324839751,FALSE,FALSE
1998-10-04,circumpolar,19.38817021,0.610993076918767,0.610993076918767,1.1150233324839751,FALSE,FALSE
1998-10-05,circumpolar,19.40942086,0.6507399796025268,0.6507399796025268,1.1150233324839751,FALSE,FALSE
1998-10-06,circumpolar,19.43299402,0.6943600262124718,0.6943600262124718,1.1150233324839751,FALSE,FALSE
1998-10-07,circumpolar,19.40344885,0.6864337789939228,0.6864337789939228,1.1150233324839751,FALSE,FALSE
1998-10-08,circumpolar,19.33160766,0.6378067150807532,0.6378067150807532,1.1150233324839751,FALSE,FALSE
1998-10-09,circumpolar,19.23868711,0.5697186616068528,0.5697186616068528,1.1150233324839751,FALSE,FALSE
1998-10-10,circumpolar,19.17659095,0.5340965357061194,0.5340965357061194,1.1150233324839751,FALSE,FALSE
1998-10-11,circumpolar,19.14509184,0.5307361645124189,0.5307361645124189,1.1150233324839751,FALSE,FALSE
1998-10-12,circumpolar,19.20978425,0.6252551851596202,0.6252551851596202,1.1150233324839751,FALSE,FALSE
1998-10-13,circumpolar,19.24710142,0.6941100047816562,0.6941100047816562,1.1150233324839751,FALSE,FALSE
1998-10-14,circumpolar,19.17484633,0.6551267705123642,0.6551267705123642,1.1150233324839751,FALSE,FALSE
1998-10-15,circumpolar,19.12344968,0.6387593494856567,0.6387593494856567,1.1150233324839751,FALSE,FALSE
1998-10-16,circumpolar,19.10371421,0.6558336488354044,0.6558336488354044,1.1150233324839751,FALSE,FALSE
1998-10-17,circumpolar,19.05133029,0.6420632056954894,0.6420632056954894,1.1150233324839751,FALSE,FALSE
1998-10-18,circumpolar,18.98870037,0.6198732642753519,0.6198732642753519,1.1150233324839751,FALSE,FALSE
1998-10-19,circumpolar,18.93596349,0.609417737979367,0.609417737979367,1.1150233324839751,FALSE,FALSE
1998-10-20,circumpolar,18.83339116,0.550975437801263,0.550975437801263,1.1150233324839751,FALSE,FALSE
1998-10-21,circumpolar,18.76183292,0.5254029015333366,0.5254029015333366,1.1150233324839751,FALSE,FALSE
1998-10-22,circumpolar,18.74843144,0.5598497969678888,0.5598497969678888,1.1150233324839751,FALSE,FALSE
1998-10-23,circumpolar,18.7535063,0.6146427018972211,0.6146427018972211,1.1150233324839751,FALSE,FALSE
1998-10-24,circumpolar,18.71868911,0.6314202241136506,0.6314202241136506,1.1150233324839751,FALSE,FALSE
1998-10-25,circumpolar,18.68565285,0.6518623414094691,0.6518623414094691,1.1150233324839751,FALSE,FALSE
1998-10-26,circumpolar,18.70433684,0.7259153715769813,0.7259153715769813,1.1150233324839751,FALSE,FALSE
1998-10-27,circumpolar,18.63980313,0.7186483624085085,0.7186483624085085,1.1150233324839751,FALSE,FALSE
1998-10-28,circumpolar,18.53645948,0.6744760716963363,0.6744760716963363,1.1150233324839751,FALSE,FALSE
1998-10-29,circumpolar,18.37519251,0.5742921172327691,0.5742921172327691,1.1150233324839751,FALSE,FALSE
1998-10-30,circumpolar,18.36555957,0.6276608468101195,0.6276608468101195,1.1150233324839751,FALSE,FALSE
1998-10-31,circumpolar,18.27952838,0.6065796364965301,0.6065796364965301,1.1150233324839751,FALSE,FALSE
1998-11-01,circumpolar,18.15428251,0.5483732413139002,0.5483732413139002,1.1150233324839751,FALSE,FALSE
1998-11-02,circumpolar,18.03516676,0.4985619036448199,0.4985619036448199,1.1150233324839751,FALSE,FALSE
1998-11-03,circumpolar,17.94785964,0.4829995850811706,0.4829995850811706,1.1150233324839751,FALSE,FALSE
1998-11-04,circumpolar,17.87064071,0.480141297214832,0.480141297214832,1.1150233324839751,FALSE,FALSE
1998-11-05,circumpolar,17.79467927,0.4813317916376789,0.4813317916376789,1.1150233324839751,FALSE,FALSE
1998-11-06,circumpolar,17.66432337,0.4310945699415889,0.4310945699415889,1.1150233324839751,FALSE,FALSE
1998-11-07,circumpolar,17.57138951,0.421421583718427,0.421421583718427,1.1150233324839751,FALSE,FALSE
1998-11-08,circumpolar,17.46679109,0.4034016845600945,0.4034016845600945,1.1150233324839751,FALSE,FALSE
1998-11-09,circumpolar,17.33505182,0.36173403405843985,0.36173403405843985,1.1150233324839751,FALSE,FALSE
1998-11-10,circumpolar,17.27050173,0.3909241138053652,0.3909241138053652,1.1150233324839751,FALSE,FALSE
1998-11-11,circumpolar,17.24244801,0.4604545653927339,0.4604545653927339,1.1150233324839751,FALSE,FALSE
1998-11-12,circumpolar,17.13572455,0.45533342863670967,0.45533342863670967,1.1150233324839751,FALSE,FALSE
1998-11-13,circumpolar,17.00258048,0.4279119704223006,0.4279119704223006,1.1150233324839751,FALSE,FALSE
1998-11-14,circumpolar,16.84255126,0.3777195371726414,0.3777195371726414,1.1150233324839751,FALSE,FALSE
1998-11-15,circumpolar,16.76506462,0.4141688164311717,0.4141688164311717,1.1150233324839751,FALSE,FALSE
1998-11-16,circumpolar,16.69360829,0.4607324957413539,0.4607324957413539,1.1150233324839751,FALSE,FALSE
1998-11-17,circumpolar,16.5823315,0.47154476264663,0.47154476264663,1.1150233324839751,FALSE,FALSE
1998-11-18,circumpolar,16.49783969,0.5131960146904468,0.5131960146904468,1.1150233324839751,FALSE,FALSE
1998-11-19,circumpolar,16.36244124,0.5079795894162604,0.5079795894162604,1.1150233324839751,FALSE,FALSE
1998-11-20,circumpolar,16.24799727,0.5277415643675258,0.5277415643675258,1.1150233324839751,FALSE,FALSE
1998-11-21,circumpolar,16.12388346,0.5418425770876816,0.5418425770876816,1.1150233324839751,FALSE,FALSE
1998-11-22,circumpolar,16.04473688,0.6049046551201904,0.6049046551201904,1.1150233324839751,FALSE,FALSE
1998-11-23,circumpolar,15.93192986,0.638285086008489,0.638285086008489,1.1150233324839751,FALSE,FALSE
1998-11-24,circumpolar,15.78193166,0.6384380872960378,0.6384380872960378,1.1150233324839751,FALSE,FALSE
1998-11-25,circumpolar,15.68241462,0.6930284637201947,0.6930284637201947,1.1150233324839751,FALSE,FALSE
1998-11-26,circumpolar,15.54643033,0.7151637646066984,0.7151637646066984,1.1150233324839751,FALSE,FALSE
1998-11-27,circumpolar,15.41808254,0.7490356260063926,0.7490356260063926,1.1150233324839751,FALSE,FALSE
1998-11-28,circumpolar,15.23530532,0.7326662457965583,0.7326662457965583,1.1150233324839751,FALSE,FALSE
1998-11-29,circumpolar,15.11682337,0.784868451854452,0.784868451854452,1.1150233324839751,FALSE,FALSE
1998-11-30,circumpolar,14.89955374,0.74264742205734,0.74264742205734,1.1150233324839751,FALSE,FALSE
1998-12-01,circumpolar,14.62554288,0.6481377342824857,0.6481377342824857,1.1150233324839751,FALSE,FALSE
1998-12-02,circumpolar,14.32123751,0.5278742364071576,0.5278742364071576,1.1150233324839751,FALSE,FALSE
1998-12-03,circumpolar,14.09030385,0.48561127630861023,0.48561127630861023,1.1150233324839751,FALSE,FALSE
1998-12-04,circumpolar,13.88091975,0.4696148318641189,0.4696148318641189,1.1150233324839751,FALSE,FALSE
1998-12-05,circumpolar,13.67809984,0.46498766095093913,0.46498766095093913,1.1150233324839751,FALSE,FALSE
1998-12-06,circumpolar,13.41631239,0.4062861614463369,0.4062861614463369,1.1150233324839751,FALSE,FALSE
1998-12-07,circumpolar,13.13357957,0.3316201369069951,0.3316201369069951,1.1150233324839751,FALSE,FALSE
1998-12-08,circumpolar,12.87528509,0.2863074779614081,0.2863074779614081,1.1150233324839751,FALSE,FALSE
1998-12-09,circumpolar,12.69783689,0.3263202331199295,0.3263202331199295,1.1150233324839751,FALSE,FALSE
1998-12-10,circumpolar,12.51898384,0.3689167129906643,0.3689167129906643,1.1150233324839751,FALSE,FALSE
1998-12-11,circumpolar,12.33643418,0.4113145981817077,0.4113145981817077,1.1150233324839751,FALSE,FALSE
1998-12-12,circumpolar,12.09703563,0.3998710493011579,0.3998710493011579,1.1150233324839751,FALSE,FALSE
1998-12-13,circumpolar,11.93084846,0.4641557769571154,0.4641557769571154,1.1150233324839751,FALSE,FALSE
1998-12-14,circumpolar,11.71116116,0.47696671175767946,0.47696671175767946,1.1150233324839751,FALSE,FALSE
1998-12-15,circumpolar,11.52615066,0.5259902243109504,0.5259902243109504,1.1150233324839751,FALSE,FALSE
1998-12-16,circumpolar,11.26899655,0.5039153452250389,0.5039153452250389,1.1150233324839751,FALSE,FALSE
1998-12-17,circumpolar,10.9343053,0.40485798510802873,0.40485798510802873,1.1150233324839751,FALSE,FALSE
1998-12-18,circumpolar,10.6339102,0.34016087456802424,0.34016087456802424,1.1150233324839751,FALSE,FALSE
1998-12-19,circumpolar,10.30167082,0.24319302421312727,0.24319302421312727,1.1150233324839751,FALSE,FALSE
1998-12-20,circumpolar,10.04685461,0.2227329076924338,0.2227329076924338,1.1150233324839751,FALSE,FALSE
1998-12-21,circumpolar,9.781369669,0.1902246785846149,0.1902246785846149,1.1150233324839751,FALSE,FALSE
1998-12-22,circumpolar,9.504602408,0.14461078268192828,0.14461078268192828,1.1150233324839751,FALSE,FALSE
1998-12-23,circumpolar,9.194908825,0.06380380956369613,0.06380380956369613,1.1150233324839751,FALSE,FALSE
1998-12-24,circumpolar,8.96051589,0.05558732080922013,0.05558732080922013,1.1150233324839751,FALSE,FALSE
1998-12-25,circumpolar,8.732208383,0.05030268799784032,0.05030268799784032,1.1150233324839751,FALSE,FALSE
1998-12-26,circumpolar,8.495299383,0.03281958170884991,0.03281958170884991,1.1150233324839751,FALSE,FALSE
1998-12-27,circumpolar,8.241618942,-0.00547535447840275,0.00547535447840275,1.1150233324839751,FALSE,FALSE
1998-12-28,circumpolar,7.970632262,-0.0655603269846301,0.0655603269846301,1.1150233324839751,FALSE,FALSE
1998-12-29,circumpolar,7.709672001,-0.12054608623048058,0.12054608623048058,1.1150233324839751,FALSE,FALSE
1998-12-30,circumpolar,7.432514928,-0.19709927163666308,0.19709927163666308,1.1150233324839751,FALSE,FALSE
1998-12-31,circumpolar,7.196018875,-0.23880545962386,0.23880545962386,1.1150233324839751,FALSE,FALSE
1999-01-01,circumpolar,7.003755902,-0.24253599861273312,0.24253599861273312,1.1150233324839751,FALSE,FALSE
1999-01-02,circumpolar,6.839434978,-0.224907904569271,0.224907904569271,1.1150233324839751,FALSE,FALSE
1999-01-03,circumpolar,6.727869183,-0.16096438864061202,0.16096438864061202,1.1150233324839751,FALSE,FALSE
1999-01-04,circumpolar,6.638528232,-0.08097460351918073,0.08097460351918073,1.1150233324839751,FALSE,FALSE
1999-01-05,circumpolar,6.52351535,-0.0325741918973863,0.0325741918973863,1.1150233324839751,FALSE,FALSE
1999-01-06,circumpolar,6.399592658,0.00126009953231953,0.00126009953231953,1.1150233324839751,FALSE,FALSE
1999-01-07,circumpolar,6.258860068,0.01288931507750934,0.01288931507750934,1.1150233324839751,FALSE,FALSE
1999-01-08,circumpolar,6.094325402,-0.00441759095422877,0.00441759095422877,1.1150233324839751,FALSE,FALSE
1999-01-09,circumpolar,5.955973552,-4.145942553401838e-4,4.145942553401838e-4,1.1150233324839751,FALSE,FALSE
1999-01-10,circumpolar,5.797126644,-0.02151843651823348,0.02151843651823348,1.1150233324839751,FALSE,FALSE
1999-01-11,circumpolar,5.641835527,-0.04341713643535971,0.04341713643535971,1.1150233324839751,FALSE,FALSE
1999-01-12,circumpolar,5.440818504,-0.11513125869913043,0.11513125869913043,1.1150233324839751,FALSE,FALSE
1999-01-13,circumpolar,5.31019484,-0.12028040600197976,0.12028040600197976,1.1150233324839751,FALSE,FALSE
1999-01-14,circumpolar,5.142927457,-0.16564375002708598,0.16564375002708598,1.1150233324839751,FALSE,FALSE
1999-01-15,circumpolar,5.026012031,-0.16408347261314038,0.16408347261314038,1.1150233324839751,FALSE,FALSE
1999-01-16,circumpolar,4.917567725,-0.15748329629893476,0.15748329629893476,1.1150233324839751,FALSE,FALSE
1999-01-17,circumpolar,4.811397474,-0.15205234366758358,0.15205234366758358,1.1150233324839751,FALSE,FALSE
1999-01-18,circumpolar,4.702352406,-0.15295154430219515,0.15295154430219515,1.1150233324839751,FALSE,FALSE
1999-01-19,circumpolar,4.628287137,-0.12233833978588216,0.12233833978588216,1.1150233324839751,FALSE,FALSE
1999-01-20,circumpolar,4.560241041,-0.08918541370175426,0.08918541370175426,1.1150233324839751,FALSE,FALSE
1999-01-21,circumpolar,4.469553447,-0.08216549463292644,0.08216549463292644,1.1150233324839751,FALSE,FALSE
1999-01-22,circumpolar,4.389579485,-0.0679355101625072,0.0679355101625072,1.1150233324839751,FALSE,FALSE
1999-01-23,circumpolar,4.335989053,-0.03083761987360578,0.03083761987360578,1.1150233324839751,FALSE,FALSE
1999-01-24,circumpolar,4.308777007,0.02911097465065904,0.02911097465065904,1.1150233324839751,FALSE,FALSE
1999-01-25,circumpolar,4.265945313,0.0699001818271805,0.0699001818271805,1.1150233324839751,FALSE,FALSE
1999-01-26,circumpolar,4.208414609,0.0924385820728526,0.0924385820728526,1.1150233324839751,FALSE,FALSE
1999-01-27,circumpolar,4.18062663,0.14116732465810955,0.14116732465810955,1.1150233324839751,FALSE,FALSE
1999-01-28,circumpolar,4.112744259,0.14632636509468577,0.14632636509468577,1.1150233324839751,FALSE,FALSE
1999-01-29,circumpolar,4.018189445,0.12144692641379384,0.12144692641379384,1.1150233324839751,FALSE,FALSE
1999-01-30,circumpolar,3.955601672,0.12527787037795424,0.12527787037795424,1.1150233324839751,FALSE,FALSE
1999-01-31,circumpolar,3.915554415,0.1485020497497076,0.1485020497497076,1.1150233324839751,FALSE,FALSE
1999-02-01,circumpolar,3.882743761,0.17592492929157055,0.17592492929157055,1.1150233324839751,FALSE,FALSE
1999-02-02,circumpolar,3.805978344,0.15646452076607442,0.15646452076607442,1.1150233324839751,FALSE,FALSE
1999-02-03,circumpolar,3.799312654,0.2042846919357526,0.2042846919357526,1.1150233324839751,FALSE,FALSE
1999-02-04,circumpolar,3.75827953,0.21502765956312597,0.21502765956312597,1.1150233324839751,FALSE,FALSE
1999-02-05,circumpolar,3.691384118,0.19730794741072,0.19730794741072,1.1150233324839751,FALSE,FALSE
1999-02-06,circumpolar,3.641700053,0.1943085682410679,0.1943085682410679,1.1150233324839751,FALSE,FALSE
1999-02-07,circumpolar,3.533957623,0.13086918781669743,0.13086918781669743,1.1150233324839751,FALSE,FALSE
1999-02-08,circumpolar,3.511701367,0.15064288208319043,0.15064288208319043,1.1150233324839751,FALSE,FALSE
1999-02-09,circumpolar,3.416410755,0.0951066505389675,0.0951066505389675,1.1150233324839751,FALSE,FALSE
1999-02-10,circumpolar,3.384219186,0.1001706545310248,0.1001706545310248,1.1150233324839751,FALSE,FALSE
1999-02-11,circumpolar,3.304494095,0.05495298931076897,0.05495298931076897,1.1150233324839751,FALSE,FALSE
1999-02-12,circumpolar,3.313293529,0.09526236212959116,0.09526236212959116,1.1150233324839751,FALSE,FALSE
1999-02-13,circumpolar,3.309185523,0.11941746823888176,0.11941746823888176,1.1150233324839751,FALSE,FALSE
1999-02-14,circumpolar,3.282931995,0.11793088589004784,0.11793088589004784,1.1150233324839751,FALSE,FALSE
1999-02-15,circumpolar,3.227377793,0.0833981233344776,0.0833981233344776,1.1150233324839751,FALSE,FALSE
1999-02-16,circumpolar,3.163440633,0.03648755682356652,0.03648755682356652,1.1150233324839751,FALSE,FALSE
1999-02-17,circumpolar,3.138845247,0.02467457860872146,0.02467457860872146,1.1150233324839751,FALSE,FALSE
1999-02-18,circumpolar,3.147346025,0.04146423894132756,0.04146423894132756,1.1150233324839751,FALSE,FALSE
1999-02-19,circumpolar,3.161287183,0.05895141407278048,0.05895141407278048,1.1150233324839751,FALSE,FALSE
1999-02-20,circumpolar,3.129340726,0.02555876925448741,0.02555876925448741,1.1150233324839751,FALSE,FALSE
1999-02-21,circumpolar,3.078145078,-0.03230247748380943,0.03230247748380943,1.1150233324839751,FALSE,FALSE
1999-02-22,circumpolar,3.05746108,-0.06483034930255016,0.06483034930255016,1.1150233324839751,FALSE,FALSE
1999-02-23,circumpolar,3.076445553,-0.06264837668028322,0.06264837668028322,1.1150233324839751,FALSE,FALSE
1999-02-24,circumpolar,3.108065342,-0.05256683912685922,0.05256683912685922,1.1150233324839751,FALSE,FALSE
1999-02-25,circumpolar,3.109596923,-0.07708638515211463,0.07708638515211463,1.1150233324839751,FALSE,FALSE
1999-02-26,circumpolar,3.174693156,-0.04233127926589786,0.04233127926589786,1.1150233324839751,FALSE,FALSE
1999-02-27,circumpolar,3.170855846,-0.08057684097805007,0.08057684097805007,1.1150233324839751,FALSE,FALSE
1999-02-28,circumpolar,3.200145537,-0.08953965079841542,0.08953965079841542,1.1150233324839751,FALSE,FALSE
1999-03-01,circumpolar,3.207292022,-0.12426704023683666,0.12426704023683666,1.1150233324839751,FALSE,FALSE
1999-03-02,circumpolar,3.244573516,-0.13225791880316162,0.13225791880316162,1.1150233324839751,FALSE,FALSE
1999-03-03,circumpolar,3.281995705,-0.1432837250072243,0.1432837250072243,1.1150233324839751,FALSE,FALSE
1999-03-04,circumpolar,3.326183467,-0.15049670535887483,0.15049670535887483,1.1150233324839751,FALSE,FALSE
1999-03-05,circumpolar,3.371885594,-0.1589251986544995,0.1589251986544995,1.1150233324839751,FALSE,FALSE
1999-03-06,circumpolar,3.405619409,-0.18185239784468,0.18185239784468,1.1150233324839751,FALSE,FALSE
1999-03-07,circumpolar,3.471462598,-0.17507726605917862,0.17507726605917862,1.1150233324839751,FALSE,FALSE
1999-03-08,circumpolar,3.545492019,-0.1624150616810267,0.1624150616810267,1.1150233324839751,FALSE,FALSE
1999-03-09,circumpolar,3.737928722,-0.03353685109326054,0.03353685109326054,1.1150233324839751,FALSE,FALSE
1999-03-10,circumpolar,3.85034641,0.01323895232109162,0.01323895232109162,1.1150233324839751,FALSE,FALSE
1999-03-11,circumpolar,3.959095475,0.05437062417899963,0.05437062417899963,1.1150233324839751,FALSE,FALSE
1999-03-12,circumpolar,4.130998627,0.15678875809742765,0.15678875809742765,1.1150233324839751,FALSE,FALSE
1999-03-13,circumpolar,4.280593464,0.23513883569334304,0.23513883569334304,1.1150233324839751,FALSE,FALSE
1999-03-14,circumpolar,4.399530465,0.2811792195837173,0.2811792195837173,1.1150233324839751,FALSE,FALSE
1999-03-15,circumpolar,4.515785392,0.32299355538551655,0.32299355538551655,1.1150233324839751,FALSE,FALSE
1999-03-16,circumpolar,4.602618307,0.3339497887157066,0.3339497887157066,1.1150233324839751,FALSE,FALSE
1999-03-17,circumpolar,4.651080541,0.305207134191261,0.305207134191261,1.1150233324839751,FALSE,FALSE
1999-03-18,circumpolar,4.703717009,0.2794170994185956,0.2794170994185956,1.1150233324839751,FALSE,FALSE
1999-03-19,circumpolar,4.745970645,0.24209696820386828,0.24209696820386828,1.1150233324839751,FALSE,FALSE
1999-03-20,circumpolar,4.814032629,0.2294785441141327,0.2294785441141327,1.1150233324839751,FALSE,FALSE
1999-03-21,circumpolar,4.909547389,0.24324529082989343,0.24324529082989343,1.1150233324839751,FALSE,FALSE
1999-03-22,circumpolar,4.97879994,0.2297212590316846,0.2297212590316846,1.1150233324839751,FALSE,FALSE
1999-03-23,circumpolar,5.039658038,0.2068132404000229,0.2068132404000229,1.1150233324839751,FALSE,FALSE
1999-03-24,circumpolar,5.11510428,0.19754286761542872,0.19754286761542872,1.1150233324839751,FALSE,FALSE
1999-03-25,circumpolar,5.185181758,0.18199226835842983,0.18199226835842983,1.1150233324839751,FALSE,FALSE
1999-03-26,circumpolar,5.296775459,0.20708546530953953,0.20708546530953953,1.1150233324839751,FALSE,FALSE
1999-03-27,circumpolar,5.363238795,0.1862149061492868,0.1862149061492868,1.1150233324839751,FALSE,FALSE
1999-03-28,circumpolar,5.410655635,0.14550349555819242,0.14550349555819242,1.1150233324839751,FALSE,FALSE
1999-03-29,circumpolar,5.514325461,0.16028975121677114,0.16028975121677114,1.1150233324839751,FALSE,FALSE
1999-03-30,circumpolar,5.579107016,0.13547145180555287,0.13547145180555287,1.1150233324839751,FALSE,FALSE
1999-03-31,circumpolar,5.677086044,0.14316352342256877,0.14316352342256877,1.1150233324839751,FALSE,FALSE
1999-04-01,circumpolar,5.778154349,0.15323309215657763,0.15323309215657763,1.1150233324839751,FALSE,FALSE
1999-04-02,circumpolar,5.842237905,0.12556314401417,0.12556314401417,1.1150233324839751,FALSE,FALSE
1999-04-03,circumpolar,5.943947449,0.13472141286500605,0.13472141286500605,1.1150233324839751,FALSE,FALSE
1999-04-04,circumpolar,6.07602333,0.17340524457875262,0.17340524457875262,1.1150233324839751,FALSE,FALSE
1999-04-05,circumpolar,6.173070338,0.17617642602507022,0.17617642602507022,1.1150233324839751,FALSE,FALSE
1999-04-06,circumpolar,6.295126162,0.2030296430736316,0.2030296430736316,1.1150233324839751,FALSE,FALSE
1999-04-07,circumpolar,6.394270523,0.2060016135940863,0.2060016135940863,1.1150233324839751,FALSE,FALSE
1999-04-08,circumpolar,6.471807757,0.18635367045610352,0.18635367045610352,1.1150233324839751,FALSE,FALSE
1999-04-09,circumpolar,6.542167822,0.1584727685293421,0.1584727685293421,1.1150233324839751,FALSE,FALSE
1999-04-10,circumpolar,6.633512207,0.15047739368347113,0.15047739368347113,1.1150233324839751,FALSE,FALSE
1999-04-11,circumpolar,6.738891424,0.15537505478814584,0.15537505478814584,1.1150233324839751,FALSE,FALSE
1999-04-12,circumpolar,6.827864867,0.14268276928038226,0.14268276928038226,1.1150233324839751,FALSE,FALSE
1999-04-13,circumpolar,6.90923128,0.12120156019852324,0.12120156019852324,1.1150233324839751,FALSE,FALSE
1999-04-14,circumpolar,7.022032234,0.13004889193913716,0.13004889193913716,1.1150233324839751,FALSE,FALSE
1999-04-15,circumpolar,7.18127249,0.18431229480937983,0.18431229480937983,1.1150233324839751,FALSE,FALSE
1999-04-16,circumpolar,7.291142761,0.1882652511164382,0.1882652511164382,1.1150233324839751,FALSE,FALSE
1999-04-17,circumpolar,7.395640242,0.1859877251674673,0.1859877251674673,1.1150233324839751,FALSE,FALSE
1999-04-18,circumpolar,7.43235277,0.11515032326963226,0.11515032326963226,1.1150233324839751,FALSE,FALSE
1999-04-19,circumpolar,7.48296845,0.05752391973009363,0.05752391973009363,1.1150233324839751,FALSE,FALSE
1999-04-20,circumpolar,7.550395018,0.01609901985603645,0.01609901985603645,1.1150233324839751,FALSE,FALSE
1999-04-21,circumpolar,7.615086644,-0.02858743704539357,0.02858743704539357,1.1150233324839751,FALSE,FALSE
1999-04-22,circumpolar,7.713015574,-0.0404804356670212,0.0404804356670212,1.1150233324839751,FALSE,FALSE
1999-04-23,circumpolar,7.811624118,-0.05205489670167473,0.05205489670167473,1.1150233324839751,FALSE,FALSE
1999-04-24,circumpolar,7.929706022,-0.04443430484220379,0.04443430484220379,1.1150233324839751,FALSE,FALSE
1999-04-25,circumpolar,8.038113913,-0.04668676535786531,0.04668676535786531,1.1150233324839751,FALSE,FALSE
1999-04-26,circumpolar,8.137594733,-0.05801932460874326,0.05801932460874326,1.1150233324839751,FALSE,FALSE
1999-04-27,circumpolar,8.231092405,-0.07546042546522003,0.07546042546522003,1.1150233324839751,FALSE,FALSE
1999-04-28,circumpolar,8.415768891,-0.00182066538442349,0.00182066538442349,1.1150233324839751,FALSE,FALSE
1999-04-29,circumpolar,8.578513548,0.04981675317649525,0.04981675317649525,1.1150233324839751,FALSE,FALSE
1999-04-30,circumpolar,8.731811535,0.09196442976039344,0.09196442976039344,1.1150233324839751,FALSE,FALSE
1999-05-01,circumpolar,8.885348868,0.1343358209101293,0.1343358209101293,1.1150233324839751,FALSE,FALSE
1999-05-02,circumpolar,8.946109578,0.08394239816855453,0.08394239816855453,1.1150233324839751,FALSE,FALSE
1999-05-03,circumpolar,9.049719223,0.07643716007854273,0.07643716007854273,1.1150233324839751,FALSE,FALSE
1999-05-04,circumpolar,9.184034516,0.09970426018293745,0.09970426018293745,1.1150233324839751,FALSE,FALSE
1999-05-05,circumpolar,9.277369117,0.08208479902459231,0.08208479902459231,1.1150233324839751,FALSE,FALSE
1999-05-06,circumpolar,9.423152518,0.11703570914638206,0.11703570914638206,1.1150233324839751,FALSE,FALSE
1999-05-07,circumpolar,9.528023021,0.11122271809815489,0.11122271809815489,1.1150233324839751,FALSE,FALSE
1999-05-08,circumpolar,9.686460772,0.15914503860324913,0.15914503860324913,1.1150233324839751,FALSE,FALSE
1999-05-09,circumpolar,9.81864563,0.18097934959808623,0.18097934959808623,1.1150233324839751,FALSE,FALSE
1999-05-10,circumpolar,9.969916671,0.22205788662100368,0.22205788662100368,1.1150233324839751,FALSE,FALSE
1999-05-11,circumpolar,10.14113698,0.2832368942103205,0.2832368942103205,1.1150233324839751,FALSE,FALSE
1999-05-12,circumpolar,10.20307047,0.2352734449043723,0.2352734449043723,1.1150233324839751,FALSE,FALSE
1999-05-13,circumpolar,10.27949159,0.20193514724147832,0.20193514724147832,1.1150233324839751,FALSE,FALSE
1999-05-14,circumpolar,10.35229386,0.16510868075997642,0.16510868075997642,1.1150233324839751,FALSE,FALSE
1999-05-15,circumpolar,10.35234386,0.05565378499818863,0.05565378499818863,1.1150233324839751,FALSE,FALSE
1999-05-16,circumpolar,10.44843811,0.04236013949443595,0.04236013949443595,1.1150233324839751,FALSE,FALSE
1999-05-17,circumpolar,10.53153245,0.01617674378704947,0.01617674378704947,1.1150233324839751,FALSE,FALSE
1999-05-18,circumpolar,10.67046171,0.04593158741437442,0.04593158741437442,1.1150233324839751,FALSE,FALSE
1999-05-19,circumpolar,10.82329656,0.0896884999147165,0.0896884999147165,1.1150233324839751,FALSE,FALSE
1999-05-20,circumpolar,10.97683795,0.1342427238638848,0.1342427238638848,1.1150233324839751,FALSE,FALSE
1999-05-21,circumpolar,11.18316122,0.2316845667287364,0.2316845667287364,1.1150233324839751,FALSE,FALSE
1999-05-22,circumpolar,11.31874046,0.2585211492932551,0.2585211492932551,1.1150233324839751,FALSE,FALSE
1999-05-23,circumpolar,11.42121149,0.25242193007662017,0.25242193007662017,1.1150233324839751,FALSE,FALSE
1999-05-24,circumpolar,11.53073645,0.2535826875979996,0.2535826875979996,1.1150233324839751,FALSE,FALSE
1999-05-25,circumpolar,11.62660665,0.24132837037658209,0.24132837037658209,1.1150233324839751,FALSE,FALSE
1999-05-26,circumpolar,11.73703521,0.24390573693153783,0.24390573693153783,1.1150233324839751,FALSE,FALSE
1999-05-27,circumpolar,11.85963315,0.25895944578203434,0.25895944578203434,1.1150233324839751,FALSE,FALSE
1999-05-28,circumpolar,12.02773727,0.31985993544725133,0.31985993544725133,1.1150233324839751,FALSE,FALSE
1999-05-29,circumpolar,12.19835845,0.3836517244463771,0.3836517244463771,1.1150233324839751,FALSE,FALSE
1999-05-30,circumpolar,12.38525929,0.4641310512985761,0.4641310512985761,1.1150233324839751,FALSE,FALSE
1999-05-31,circumpolar,12.51974036,0.4926321245230127,0.4926321245230127,1.1150233324839751,FALSE,FALSE
1999-06-01,circumpolar,12.60862504,0.476011962638891,0.476011962638891,1.1150233324839751,FALSE,FALSE
1999-06-02,circumpolar,12.71261036,0.474990122196413,0.474990122196413,1.1150233324839751,FALSE,FALSE
1999-06-03,circumpolar,12.85555864,0.5134021540509224,0.5134021540509224,1.1150233324839751,FALSE,FALSE
1999-06-04,circumpolar,12.90995152,0.4636892638466037,0.4636892638466037,1.1150233324839751,FALSE,FALSE
1999-06-05,circumpolar,12.96610186,0.4161238767215121,0.4161238767215121,1.1150233324839751,FALSE,FALSE
1999-06-06,circumpolar,13.05868951,0.4053454078136838,0.4053454078136838,1.1150233324839751,FALSE,FALSE
1999-06-07,circumpolar,13.15128661,0.3948855622611429,0.3948855622611429,1.1150233324839751,FALSE,FALSE
1999-06-08,circumpolar,13.35416589,0.4949766352019296,0.4949766352019296,1.1150233324839751,FALSE,FALSE
1999-06-09,circumpolar,13.5560805,0.5943313417740708,0.5943313417740708,1.1150233324839751,FALSE,FALSE
1999-06-10,circumpolar,13.72023068,0.6561094871155984,0.6561094871155984,1.1150233324839751,FALSE,FALSE
1999-06-11,circumpolar,13.74690723,0.5805614363645653,0.5805614363645653,1.1150233324839751,FALSE,FALSE
1999-06-12,circumpolar,13.73158046,0.46311706465898617,0.46311706465898617,1.1150233324839751,FALSE,FALSE
1999-06-13,circumpolar,13.77102088,0.40050644713689465,0.40050644713689465,1.1150233324839751,FALSE,FALSE
1999-06-14,circumpolar,13.85220126,0.37966374935675695,0.37966374935675695,1.1150233324839751,FALSE,FALSE
1999-06-15,circumpolar,13.95024388,0.37575333940100464,0.37575333940100464,1.1150233324839751,FALSE,FALSE
1999-06-16,circumpolar,14.06176249,0.38554175384399336,0.38554175384399336,1.1150233324839751,FALSE,FALSE
1999-06-17,circumpolar,14.09123481,0.3136675195546097,0.3136675195546097,1.1150233324839751,FALSE,FALSE
1999-06-18,circumpolar,14.16175705,0.28338765340171257,0.28338765340171257,1.1150233324839751,FALSE,FALSE
1999-06-19,circumpolar,14.28692485,0.30845860225418953,0.30845860225418953,1.1150233324839751,FALSE,FALSE
1999-06-20,circumpolar,14.32505287,0.247355832980908,0.247355832980908,1.1150233324839751,FALSE,FALSE
1999-06-21,circumpolar,14.44942629,0.2735253324507436,0.2735253324507436,1.1150233324839751,FALSE,FALSE
1999-06-22,circumpolar,14.57682582,0.3039086175325547,0.3039086175325547,1.1150233324839751,FALSE,FALSE
1999-06-23,circumpolar,14.69351335,0.32492838509523025,0.32492838509523025,1.1150233324839751,FALSE,FALSE
1999-06-24,circumpolar,14.83066399,0.36792055200764295,0.36792055200764295,1.1150233324839751,FALSE,FALSE
1999-06-25,circumpolar,14.93628863,0.38105681513865264,0.38105681513865264,1.1150233324839751,FALSE,FALSE
1999-06-26,circumpolar,15.04233501,0.3964457213571482,0.3964457213571482,1.1150233324839751,FALSE,FALSE
1999-06-27,circumpolar,15.18314454,0.4485614628456922,0.4485614628456922,1.1150233324839751,FALSE,FALSE
1999-06-28,circumpolar,15.39325261,0.5718604430963303,0.5718604430963303,1.1150233324839751,FALSE,FALSE
1999-06-29,circumpolar,15.55280112,0.6463088101621484,0.6463088101621484,1.1150233324839751,FALSE,FALSE
1999-06-30,circumpolar,15.61070878,0.6206490245756733,0.6206490245756733,1.1150233324839751,FALSE,FALSE
1999-07-01,circumpolar,15.68238376,0.6101130068694669,0.6101130068694669,1.1150233324839751,FALSE,FALSE
1999-07-02,circumpolar,15.69261217,0.5393106175760671,0.5393106175760671,1.1150233324839751,FALSE,FALSE
1999-07-03,circumpolar,15.73252649,0.49919808722803793,0.49919808722803793,1.1150233324839751,FALSE,FALSE
1999-07-04,circumpolar,15.76846225,0.45593469635791806,0.45593469635791806,1.1150233324839751,FALSE,FALSE
1999-07-05,circumpolar,15.78465281,0.3935775554982559,0.3935775554982559,1.1150233324839751,FALSE,FALSE
1999-07-06,circumpolar,15.85943739,0.3902896351815972,0.3902896351815972,1.1150233324839751,FALSE,FALSE
1999-07-07,circumpolar,15.9848353,0.43791399594049807,0.43791399594049807,1.1150233324839751,FALSE,FALSE
1999-07-08,circumpolar,16.14637291,0.5218007583075011,0.5218007583075011,1.1150233324839751,FALSE,FALSE
1999-07-09,circumpolar,16.22084053,0.518564395809042,0.518564395809042,1.1150233324839751,FALSE,FALSE
1999-07-10,circumpolar,16.29371012,0.5135813573705121,0.5135813573705121,1.1150233324839751,FALSE,FALSE
1999-07-11,circumpolar,16.34202019,0.48397043200045786,0.48397043200045786,1.1150233324839751,FALSE,FALSE
1999-07-12,circumpolar,16.4476399,0.5117043221176321,0.5117043221176321,1.1150233324839751,FALSE,FALSE
1999-07-13,circumpolar,16.55885162,0.5451689401408579,0.5451689401408579,1.1150233324839751,FALSE,FALSE
1999-07-14,circumpolar,16.58021173,0.4890242084889067,0.4890242084889067,1.1150233324839751,FALSE,FALSE
1999-07-15,circumpolar,16.6077292,0.439382639580586,0.439382639580586,1.1150233324839751,FALSE,FALSE
1999-07-16,circumpolar,16.67967287,0.434616615834667,0.434616615834667,1.1150233324839751,FALSE,FALSE
1999-07-17,circumpolar,16.72185892,0.4006458596699396,0.4006458596699396,1.1150233324839751,FALSE,FALSE
1999-07-18,circumpolar,16.79586353,0.3991500935052308,0.3991500935052308,1.1150233324839751,FALSE,FALSE
1999-07-19,circumpolar,16.83761709,0.3661632497592926,0.3661632497592926,1.1150233324839751,FALSE,FALSE
1999-07-20,circumpolar,16.86455458,0.3192238508509355,0.3192238508509355,1.1150233324839751,FALSE,FALSE
1999-07-21,circumpolar,17.005968,0.38772743919894026,0.38772743919894026,1.1150233324839751,FALSE,FALSE
1999-07-22,circumpolar,17.14295946,0.452876785280484,0.452876785280484,1.1150233324839751,FALSE,FALSE
1999-07-23,circumpolar,17.31581382,0.5550176321563924,0.5550176321563924,1.1150233324839751,FALSE,FALSE
1999-07-24,circumpolar,17.43387719,0.6035279775501827,0.6035279775501827,1.1150233324839751,FALSE,FALSE
1999-07-25,circumpolar,17.39585509,0.49714457145826785,0.49714457145826785,1.1150233324839751,FALSE,FALSE
1999-07-26,circumpolar,17.43897291,0.4731240338770917,0.4731240338770917,1.1150233324839751,FALSE,FALSE
1999-07-27,circumpolar,17.37326827,0.341535214803077,0.341535214803077,1.1150233324839751,FALSE,FALSE
1999-07-28,circumpolar,17.34555443,0.24922260423264575,0.24922260423264575,1.1150233324839751,FALSE,FALSE
1999-07-29,circumpolar,17.39911565,0.2395016921622357,0.2395016921622357,1.1150233324839751,FALSE,FALSE
1999-07-30,circumpolar,17.49386967,0.2723214485882828,0.2723214485882828,1.1150233324839751,FALSE,FALSE
1999-07-31,circumpolar,17.52824429,0.2461409035071931,0.2461409035071931,1.1150233324839751,FALSE,FALSE
1999-08-01,circumpolar,17.58811843,0.24687020691539271,0.24687020691539271,1.1150233324839751,FALSE,FALSE
1999-08-02,circumpolar,17.66333607,0.2643845688093336,0.2643845688093336,1.1150233324839751,FALSE,FALSE
1999-08-03,circumpolar,17.7165508,0.2613688086227661,0.2613688086227661,1.1150233324839751,FALSE,FALSE
1999-08-04,circumpolar,17.77583694,0.2659132859379021,0.2659132859379021,1.1150233324839751,FALSE,FALSE
1999-08-05,circumpolar,17.81620814,0.2529928946749145,0.2529928946749145,1.1150233324839751,FALSE,FALSE
1999-08-06,circumpolar,17.87719615,0.2620882770122357,0.2620882770122357,1.1150233324839751,FALSE,FALSE
1999-08-07,circumpolar,18.0073357,0.341683055128275,0.341683055128275,1.1150233324839751,FALSE,FALSE
1999-08-08,circumpolar,18.12616806,0.4112673912014344,0.4112673912014344,1.1150233324839751,FALSE,FALSE
1999-08-09,circumpolar,18.20401613,0.4411130774101295,0.4411130774101295,1.1150233324839751,FALSE,FALSE
1999-08-10,circumpolar,18.29776389,0.4880529859327609,0.4880529859327609,1.1150233324839751,FALSE,FALSE
1999-08-11,circumpolar,18.39838162,0.5430062889477476,0.5430062889477476,1.1150233324839751,FALSE,FALSE
1999-08-12,circumpolar,18.43475734,0.5348098986334939,0.5348098986334939,1.1150233324839751,FALSE,FALSE
1999-08-13,circumpolar,18.39342906,0.4499507171684236,0.4499507171684236,1.1150233324839751,FALSE,FALSE
1999-08-14,circumpolar,18.41271294,0.42669379673093744,0.42669379673093744,1.1150233324839751,FALSE,FALSE
1999-08-15,circumpolar,18.39087379,0.3632528394994417,0.3632528394994417,1.1150233324839751,FALSE,FALSE
1999-08-16,circumpolar,18.37483619,0.30650219622264885,0.30650219622264885,1.1150233324839751,FALSE,FALSE
1999-08-17,circumpolar,18.35108664,0.2429042508221606,0.2429042508221606,1.1150233324839751,FALSE,FALSE
1999-08-18,circumpolar,18.33902683,0.19186646580537925,0.19186646580537925,1.1150233324839751,FALSE,FALSE
1999-08-19,circumpolar,18.45766302,0.2724025116514355,0.2724025116514355,1.1150233324839751,FALSE,FALSE
1999-08-20,circumpolar,18.50609284,0.2836174288395199,0.2836174288395199,1.1150233324839751,FALSE,FALSE
1999-08-21,circumpolar,18.5811481,0.32235043784879025,0.32235043784879025,1.1150233324839751,FALSE,FALSE
1999-08-22,circumpolar,18.60440374,0.310183889158413,0.310183889158413,1.1150233324839751,FALSE,FALSE
1999-08-23,circumpolar,18.6586542,0.32991963324754536,0.32991963324754536,1.1150233324839751,FALSE,FALSE
1999-08-24,circumpolar,18.66899776,0.3066633605953477,0.3066633605953477,1.1150233324839751,FALSE,FALSE
1999-08-25,circumpolar,18.71046777,0.31545583168099967,0.31545583168099967,1.1150233324839751,FALSE,FALSE
1999-08-26,circumpolar,18.77440098,0.3476412069836421,0.3476412069836421,1.1150233324839751,FALSE,FALSE
1999-08-27,circumpolar,18.76047475,0.30290425698245116,0.30290425698245116,1.1150233324839751,FALSE,FALSE
1999-08-28,circumpolar,18.73126207,0.2438253821565937,0.2438253821565937,1.1150233324839751,FALSE,FALSE
1999-08-29,circumpolar,18.69932892,0.18297888252199357,0.18297888252199357,1.1150233324839751,FALSE,FALSE
1999-08-30,circumpolar,18.72831263,0.18401593598277444,0.18401593598277444,1.1150233324839751,FALSE,FALSE
1999-08-31,circumpolar,18.73115536,0.15989462744662575,0.15989462744662575,1.1150233324839751,FALSE,FALSE
1999-09-01,circumpolar,18.74494906,0.14772283554676946,0.14772283554676946,1.1150233324839751,FALSE,FALSE
1999-09-02,circumpolar,18.78652309,0.16434584891638335,0.16434584891638335,1.1150233324839751,FALSE,FALSE
1999-09-03,circumpolar,18.88538116,0.23928330618868188,0.23928330618868188,1.1150233324839751,FALSE,FALSE
1999-09-04,circumpolar,18.95168931,0.2827171759968543,0.2827171759968543,1.1150233324839751,FALSE,FALSE
1999-09-05,circumpolar,18.95153917,0.26075501697408043,0.26075501697408043,1.1150233324839751,FALSE,FALSE
1999-09-06,circumpolar,18.99628018,0.28476219775359723,0.28476219775359723,1.1150233324839751,FALSE,FALSE
1999-09-07,circumpolar,19.06012145,0.3289637569685624,0.3289637569685624,1.1150233324839751,FALSE,FALSE
1999-09-08,circumpolar,19.09179327,0.34210591325218687,0.34210591325218687,1.1150233324839751,FALSE,FALSE
1999-09-09,circumpolar,19.06373124,0.2966401952376678,0.2966401952376678,1.1150233324839751,FALSE,FALSE
1999-09-10,circumpolar,19.01850359,0.23515078544007295,0.23515078544007295,1.1150233324839751,FALSE,FALSE
1999-09-11,circumpolar,19.0538704,0.2554159835186667,0.2554159835186667,1.1150233324839751,FALSE,FALSE
1999-09-12,circumpolar,19.00313848,0.1907649217752052,0.1907649217752052,1.1150233324839751,FALSE,FALSE
1999-09-13,circumpolar,18.97901595,0.1539284744839513,0.1539284744839513,1.1150233324839751,FALSE,FALSE
1999-09-14,circumpolar,18.99524782,0.1586744059191325,0.1586744059191325,1.1150233324839751,FALSE,FALSE
1999-09-15,circumpolar,19.04417456,0.19736594035497745,0.19736594035497745,1.1150233324839751,FALSE,FALSE
1999-09-16,circumpolar,19.08465116,0.2288808220657508,0.2288808220657508,1.1150233324839751,FALSE,FALSE
1999-09-17,circumpolar,19.04692548,0.18348966532568767,0.18348966532568767,1.1150233324839751,FALSE,FALSE
1999-09-18,circumpolar,19.03413502,0.16435272440902082,0.16435272440902082,1.1150233324839751,FALSE,FALSE
1999-09-19,circumpolar,19.0307264,0.15593937359000165,0.15593937359000165,1.1150233324839751,FALSE,FALSE
1999-09-20,circumpolar,19.05306176,0.17463450714285145,0.17463450714285145,1.1150233324839751,FALSE,FALSE
1999-09-21,circumpolar,19.12186877,0.2411885493418353,0.2411885493418353,1.1150233324839751,FALSE,FALSE
1999-09-22,circumpolar,19.12404202,0.24251884446119476,0.24251884446119476,1.1150233324839751,FALSE,FALSE
1999-09-23,circumpolar,19.20027582,0.3193416760284613,0.3193416760284613,1.1150233324839751,FALSE,FALSE
1999-09-24,circumpolar,19.20232931,0.32342979879948786,0.32342979879948786,1.1150233324839751,FALSE,FALSE
1999-09-25,circumpolar,19.23856561,0.3631548769707038,0.3631548769707038,1.1150233324839751,FALSE,FALSE
1999-09-26,circumpolar,19.2588731,0.38841376359303226,0.38841376359303226,1.1150233324839751,FALSE,FALSE
1999-09-27,circumpolar,19.22905451,0.3650176617173528,0.3650176617173528,1.1150233324839751,FALSE,FALSE
1999-09-28,circumpolar,19.26083338,0.40469858439456985,0.40469858439456985,1.1150233324839751,FALSE,FALSE
1999-09-29,circumpolar,19.27751362,0.43076891467556067,0.43076891467556067,1.1150233324839751,FALSE,FALSE
1999-09-30,circumpolar,19.27522315,0.4393650456112361,0.4393650456112361,1.1150233324839751,FALSE,FALSE
1999-10-01,circumpolar,19.19623113,0.3727646102525064,0.3727646102525064,1.1150233324839751,FALSE,FALSE
1999-10-02,circumpolar,19.12888821,0.3193267316502464,0.3193267316502464,1.1150233324839751,FALSE,FALSE
1999-10-03,circumpolar,19.10038946,0.30625495285536886,0.30625495285536886,1.1150233324839751,FALSE,FALSE
1999-10-04,circumpolar,19.06548289,0.28830575691876703,0.28830575691876703,1.1150233324839751,FALSE,FALSE
1999-10-05,circumpolar,19.06390855,0.3052276696025267,0.3052276696025267,1.1150233324839751,FALSE,FALSE
1999-10-06,circumpolar,18.92755913,0.18892513621247176,0.18892513621247176,1.1150233324839751,FALSE,FALSE
1999-10-07,circumpolar,18.85134824,0.13433316899392267,0.13433316899392267,1.1150233324839751,FALSE,FALSE
1999-10-08,circumpolar,18.83251626,0.13871531508075208,0.13871531508075208,1.1150233324839751,FALSE,FALSE
1999-10-09,circumpolar,18.80698804,0.1380195916068523,0.1380195916068523,1.1150233324839751,FALSE,FALSE
1999-10-10,circumpolar,18.77292967,0.13043525570611791,0.13043525570611791,1.1150233324839751,FALSE,FALSE
1999-10-11,circumpolar,18.74549794,0.13114226451241962,0.13114226451241962,1.1150233324839751,FALSE,FALSE
1999-10-12,circumpolar,18.74637264,0.16184357515962233,0.16184357515962233,1.1150233324839751,FALSE,FALSE
1999-10-13,circumpolar,18.72814559,0.17515417478165674,0.17515417478165674,1.1150233324839751,FALSE,FALSE
1999-10-14,circumpolar,18.73115813,0.2114385705123638,0.2114385705123638,1.1150233324839751,FALSE,FALSE
1999-10-15,circumpolar,18.74887977,0.264189439485655,0.264189439485655,1.1150233324839751,FALSE,FALSE
1999-10-16,circumpolar,18.86615191,0.418271348835404,0.418271348835404,1.1150233324839751,FALSE,FALSE
1999-10-17,circumpolar,18.87273396,0.4634668756954916,0.4634668756954916,1.1150233324839751,FALSE,FALSE
1999-10-18,circumpolar,18.77755176,0.4087246542753533,0.4087246542753533,1.1150233324839751,FALSE,FALSE
1999-10-19,circumpolar,18.69323123,0.3666854779793667,0.3666854779793667,1.1150233324839751,FALSE,FALSE
1999-10-20,circumpolar,18.65545995,0.3730442278012625,0.3730442278012625,1.1150233324839751,FALSE,FALSE
1999-10-21,circumpolar,18.58160991,0.3451798915333377,0.3451798915333377,1.1150233324839751,FALSE,FALSE
1999-10-22,circumpolar,18.54184241,0.3532607669678889,0.3532607669678889,1.1150233324839751,FALSE,FALSE
1999-10-23,circumpolar,18.46807725,0.32921365189721996,0.32921365189721996,1.1150233324839751,FALSE,FALSE
1999-10-24,circumpolar,18.36402187,0.27675298411364935,0.27675298411364935,1.1150233324839751,FALSE,FALSE
1999-10-25,circumpolar,18.28420302,0.2504125114094684,0.2504125114094684,1.1150233324839751,FALSE,FALSE
1999-10-26,circumpolar,18.21663068,0.23820921157698297,0.23820921157698297,1.1150233324839751,FALSE,FALSE
1999-10-27,circumpolar,18.09232044,0.17116567240850955,0.17116567240850955,1.1150233324839751,FALSE,FALSE
1999-10-28,circumpolar,17.9584986,0.0965151916963336,0.0965151916963336,1.1150233324839751,FALSE,FALSE
1999-10-29,circumpolar,17.85395416,0.05305376723276822,0.05305376723276822,1.1150233324839751,FALSE,FALSE
1999-10-30,circumpolar,17.77323275,0.03533402681011921,0.03533402681011921,1.1150233324839751,FALSE,FALSE
1999-10-31,circumpolar,17.724317,0.05136825649653076,0.05136825649653076,1.1150233324839751,FALSE,FALSE
1999-11-01,circumpolar,17.63066398,0.02475471131389994,0.02475471131389994,1.1150233324839751,FALSE,FALSE
1999-11-02,circumpolar,17.58427655,0.04767169364481916,0.04767169364481916,1.1150233324839751,FALSE,FALSE
1999-11-03,circumpolar,17.52439635,0.05953629508116975,0.05953629508116975,1.1150233324839751,FALSE,FALSE
1999-11-04,circumpolar,17.43996847,0.04946905721483219,0.04946905721483219,1.1150233324839751,FALSE,FALSE
1999-11-05,circumpolar,17.38408212,0.07073464163767795,0.07073464163767795,1.1150233324839751,FALSE,FALSE
1999-11-06,circumpolar,17.31202536,0.07879655994158696,0.07879655994158696,1.1150233324839751,FALSE,FALSE
1999-11-07,circumpolar,17.23965877,0.08969084371842584,0.08969084371842584,1.1150233324839751,FALSE,FALSE
1999-11-08,circumpolar,17.10892928,0.04553987456009523,0.04553987456009523,1.1150233324839751,FALSE,FALSE
1999-11-09,circumpolar,17.0050209,0.03170311405844117,0.03170311405844117,1.1150233324839751,FALSE,FALSE
1999-11-10,circumpolar,16.90821862,0.02864100380536527,0.02864100380536527,1.1150233324839751,FALSE,FALSE
1999-11-11,circumpolar,16.79044514,0.00845169539273271,0.00845169539273271,1.1150233324839751,FALSE,FALSE
1999-11-12,circumpolar,16.74621831,0.06582718863671033,0.06582718863671033,1.1150233324839751,FALSE,FALSE
1999-11-13,circumpolar,16.69570257,0.12103406042230348,0.12103406042230348,1.1150233324839751,FALSE,FALSE
1999-11-14,circumpolar,16.59770675,0.13287502717264132,0.13287502717264132,1.1150233324839751,FALSE,FALSE
1999-11-15,circumpolar,16.47998474,0.12908893643117025,0.12908893643117025,1.1150233324839751,FALSE,FALSE
1999-11-16,circumpolar,16.37436192,0.141486125741352,0.141486125741352,1.1150233324839751,FALSE,FALSE
1999-11-17,circumpolar,16.21982756,0.10904082264663018,0.10904082264663018,1.1150233324839751,FALSE,FALSE
1999-11-18,circumpolar,16.17213293,0.18748925469044764,0.18748925469044764,1.1150233324839751,FALSE,FALSE
1999-11-19,circumpolar,16.03328152,0.1788198694162606,0.1788198694162606,1.1150233324839751,FALSE,FALSE
1999-11-20,circumpolar,15.94764415,0.22738844436752711,0.22738844436752711,1.1150233324839751,FALSE,FALSE
1999-11-21,circumpolar,15.84863678,0.26659589708768294,0.26659589708768294,1.1150233324839751,FALSE,FALSE
1999-11-22,circumpolar,15.77519711,0.33536488512019247,0.33536488512019247,1.1150233324839751,FALSE,FALSE
1999-11-23,circumpolar,15.69662653,0.4029817560084883,0.4029817560084883,1.1150233324839751,FALSE,FALSE
1999-11-24,circumpolar,15.62683554,0.4833419672960382,0.4833419672960382,1.1150233324839751,FALSE,FALSE
1999-11-25,circumpolar,15.5169052,0.5275190437201953,0.5275190437201953,1.1150233324839751,FALSE,FALSE
1999-11-26,circumpolar,15.31425034,0.48298377460669784,0.48298377460669784,1.1150233324839751,FALSE,FALSE
1999-11-27,circumpolar,15.1152894,0.4462424860063922,0.4462424860063922,1.1150233324839751,FALSE,FALSE
1999-11-28,circumpolar,14.97185755,0.4692184757965574,0.4692184757965574,1.1150233324839751,FALSE,FALSE
1999-11-29,circumpolar,14.76144585,0.42949093185445086,0.42949093185445086,1.1150233324839751,FALSE,FALSE
1999-11-30,circumpolar,14.59456337,0.4376570520573395,0.4376570520573395,1.1150233324839751,FALSE,FALSE
1999-12-01,circumpolar,14.44605183,0.46864668428248635,0.46864668428248635,1.1150233324839751,FALSE,FALSE
1999-12-02,circumpolar,14.28377488,0.4904116064071573,0.4904116064071573,1.1150233324839751,FALSE,FALSE
1999-12-03,circumpolar,14.08042762,0.4757350463086105,0.4757350463086105,1.1150233324839751,FALSE,FALSE
1999-12-04,circumpolar,13.91943007,0.5081251518641192,0.5081251518641192,1.1150233324839751,FALSE,FALSE
1999-12-05,circumpolar,13.75175844,0.538646260950939,0.538646260950939,1.1150233324839751,FALSE,FALSE
1999-12-06,circumpolar,13.59058138,0.5805551514463367,0.5805551514463367,1.1150233324839751,FALSE,FALSE
1999-12-07,circumpolar,13.43291732,0.6309578869069945,0.6309578869069945,1.1150233324839751,FALSE,FALSE
1999-12-08,circumpolar,13.26210927,0.6731316579614077,0.6731316579614077,1.1150233324839751,FALSE,FALSE
1999-12-09,circumpolar,13.05069093,0.67917427311993,0.67917427311993,1.1150233324839751,FALSE,FALSE
1999-12-10,circumpolar,12.89680798,0.7467408529906638,0.7467408529906638,1.1150233324839751,FALSE,FALSE
1999-12-11,circumpolar,12.73860349,0.8134839081817073,0.8134839081817073,1.1150233324839751,FALSE,FALSE
1999-12-12,circumpolar,12.49902543,0.801860849301157,0.801860849301157,1.1150233324839751,FALSE,FALSE
1999-12-13,circumpolar,12.24130488,0.7746121969571149,0.7746121969571149,1.1150233324839751,FALSE,FALSE
1999-12-14,circumpolar,12.04108254,0.8068880917576795,0.8068880917576795,1.1150233324839751,FALSE,FALSE
1999-12-15,circumpolar,11.77959371,0.77943327431095,0.77943327431095,1.1150233324839751,FALSE,FALSE
1999-12-16,circumpolar,11.40997803,0.6448968252250378,0.6448968252250378,1.1150233324839751,FALSE,FALSE
1999-12-17,circumpolar,11.13851294,0.6090656251080286,0.6090656251080286,1.1150233324839751,FALSE,FALSE
1999-12-18,circumpolar,10.86034947,0.5666001445680227,0.5666001445680227,1.1150233324839751,FALSE,FALSE
1999-12-19,circumpolar,10.52482878,0.46635098421312726,0.46635098421312726,1.1150233324839751,FALSE,FALSE
1999-12-20,circumpolar,10.17657931,0.3524576076924326,0.3524576076924326,1.1150233324839751,FALSE,FALSE
1999-12-21,circumpolar,9.860444038,0.26929904758461554,0.26929904758461554,1.1150233324839751,FALSE,FALSE
1999-12-22,circumpolar,9.570985851,0.21099422568192772,0.21099422568192772,1.1150233324839751,FALSE,FALSE
1999-12-23,circumpolar,9.356887754,0.22578273856369613,0.22578273856369613,1.1150233324839751,FALSE,FALSE
1999-12-24,circumpolar,9.197982135,0.2930535658092204,0.2930535658092204,1.1150233324839751,FALSE,FALSE
1999-12-25,circumpolar,8.995817445,0.31391174999784077,0.31391174999784077,1.1150233324839751,FALSE,FALSE
1999-12-26,circumpolar,8.823620182,0.36114038070885,0.36114038070885,1.1150233324839751,FALSE,FALSE
1999-12-27,circumpolar,8.632948763,0.3858544665215966,0.3858544665215966,1.1150233324839751,FALSE,FALSE
1999-12-28,circumpolar,8.380762017,0.3445694280153706,0.3445694280153706,1.1150233324839751,FALSE,FALSE
1999-12-29,circumpolar,8.130756932,0.30053884476951964,0.30053884476951964,1.1150233324839751,FALSE,FALSE
1999-12-30,circumpolar,7.932579841,0.30296564136333703,0.30296564136333703,1.1150233324839751,FALSE,FALSE
1999-12-31,circumpolar,7.697937158,0.26311282337614017,0.26311282337614017,1.1150233324839751,FALSE,FALSE
2000-01-01,circumpolar,7.469415622,0.22312372138726655,0.22312372138726655,1.1150233324839751,FALSE,FALSE
2000-01-02,circumpolar,7.204566131,0.14022324843072909,0.14022324843072909,1.1150233324839751,FALSE,FALSE
2000-01-03,circumpolar,6.932525953,0.04369238135938769,0.04369238135938769,1.1150233324839751,FALSE,FALSE
2000-01-04,circumpolar,6.691073893,-0.02842894251917993,0.02842894251917993,1.1150233324839751,FALSE,FALSE
2000-01-05,circumpolar,6.419225917,-0.13686362489738624,0.13686362489738624,1.1150233324839751,FALSE,FALSE
2000-01-06,circumpolar,6.256971752,-0.1413608064676808,0.1413608064676808,1.1150233324839751,FALSE,FALSE
2000-01-07,circumpolar,6.112225711,-0.1337450419224906,0.1337450419224906,1.1150233324839751,FALSE,FALSE
2000-01-08,circumpolar,5.916678622,-0.18206437095422867,0.18206437095422867,1.1150233324839751,FALSE,FALSE
2000-01-09,circumpolar,5.710653765,-0.24573438125533983,0.24573438125533983,1.1150233324839751,FALSE,FALSE
2000-01-10,circumpolar,5.554837352,-0.2638077285182341,0.2638077285182341,1.1150233324839751,FALSE,FALSE
2000-01-11,circumpolar,5.440890565,-0.24436209843535917,0.24436209843535917,1.1150233324839751,FALSE,FALSE
2000-01-12,circumpolar,5.348696351,-0.20725341169913047,0.20725341169913047,1.1150233324839751,FALSE,FALSE
2000-01-13,circumpolar,5.232631862,-0.1978433840019802,0.1978433840019802,1.1150233324839751,FALSE,FALSE
2000-01-14,circumpolar,5.112477399,-0.1960938080270855,0.1960938080270855,1.1150233324839751,FALSE,FALSE
2000-01-15,circumpolar,5.017496838,-0.1725986656131404,0.1725986656131404,1.1150233324839751,FALSE,FALSE
2000-01-16,circumpolar,4.944547137,-0.13050388429893456,0.13050388429893456,1.1150233324839751,FALSE,FALSE
2000-01-17,circumpolar,4.827482493,-0.13596732466758343,0.13596732466758343,1.1150233324839751,FALSE,FALSE
2000-01-18,circumpolar,4.721651294,-0.13365265630219536,0.13365265630219536,1.1150233324839751,FALSE,FALSE
2000-01-19,circumpolar,4.627330825,-0.1232946517858826,0.1232946517858826,1.1150233324839751,FALSE,FALSE
2000-01-20,circumpolar,4.559875946,-0.08955050870175452,0.08955050870175452,1.1150233324839751,FALSE,FALSE
2000-01-21,circumpolar,4.486452126,-0.0652668156329268,0.0652668156329268,1.1150233324839751,FALSE,FALSE
2000-01-22,circumpolar,4.373946827,-0.08356816816250667,0.08356816816250667,1.1150233324839751,FALSE,FALSE
2000-01-23,circumpolar,4.29118088,-0.07564579287360562,0.07564579287360562,1.1150233324839751,FALSE,FALSE
2000-01-24,circumpolar,4.213556382,-0.06610965034934058,0.06610965034934058,1.1150233324839751,FALSE,FALSE
2000-01-25,circumpolar,4.124412595,-0.07163253617281917,0.07163253617281917,1.1150233324839751,FALSE,FALSE
2000-01-26,circumpolar,4.082129058,-0.03384696892714789,0.03384696892714789,1.1150233324839751,FALSE,FALSE
2000-01-27,circumpolar,4.01128268,-0.02817662534189047,0.02817662534189047,1.1150233324839751,FALSE,FALSE
2000-01-28,circumpolar,3.96438438,-0.00203351390531469,0.00203351390531469,1.1150233324839751,FALSE,FALSE
2000-01-29,circumpolar,3.907425302,0.01068278341379391,0.01068278341379391,1.1150233324839751,FALSE,FALSE
2000-01-30,circumpolar,3.878805719,0.04848191737795426,0.04848191737795426,1.1150233324839751,FALSE,FALSE
2000-01-31,circumpolar,3.811006855,0.04395448974970772,0.04395448974970772,1.1150233324839751,FALSE,FALSE
2000-02-01,circumpolar,3.700203676,-0.00661515570842929,0.00661515570842929,1.1150233324839751,FALSE,FALSE
2000-02-02,circumpolar,3.605934718,-0.04357910523392583,0.04357910523392583,1.1150233324839751,FALSE,FALSE
2000-02-03,circumpolar,3.521571807,-0.07345615506424741,0.07345615506424741,1.1150233324839751,FALSE,FALSE
2000-02-04,circumpolar,3.509525967,-0.03372590343687376,0.03372590343687376,1.1150233324839751,FALSE,FALSE
2000-02-05,circumpolar,3.473046277,-0.02102989358928031,0.02102989358928031,1.1150233324839751,FALSE,FALSE
2000-02-06,circumpolar,3.384846671,-0.06254481375893217,0.06254481375893217,1.1150233324839751,FALSE,FALSE
2000-02-07,circumpolar,3.347333289,-0.05575514618330279,0.05575514618330279,1.1150233324839751,FALSE,FALSE
2000-02-08,circumpolar,3.296567341,-0.06449114391680988,0.06449114391680988,1.1150233324839751,FALSE,FALSE
2000-02-09,circumpolar,3.260788811,-0.06051529346103246,0.06051529346103246,1.1150233324839751,FALSE,FALSE
2000-02-10,circumpolar,3.232028138,-0.05202039346897536,0.05202039346897536,1.1150233324839751,FALSE,FALSE
2000-02-11,circumpolar,3.190641868,-0.05889923768923078,0.05889923768923078,1.1150233324839751,FALSE,FALSE
2000-02-12,circumpolar,3.12840431,-0.08962685687040883,0.08962685687040883,1.1150233324839751,FALSE,FALSE
2000-02-13,circumpolar,3.112741021,-0.07702703376111808,0.07702703376111808,1.1150233324839751,FALSE,FALSE
2000-02-14,circumpolar,3.127390403,-0.03761070610995221,0.03761070610995221,1.1150233324839751,FALSE,FALSE
2000-02-15,circumpolar,3.070302479,-0.07367719066552247,0.07367719066552247,1.1150233324839751,FALSE,FALSE
2000-02-16,circumpolar,3.055875685,-0.0710773911764333,0.0710773911764333,1.1150233324839751,FALSE,FALSE
2000-02-17,circumpolar,3.070265881,-0.04390478739127834,0.04390478739127834,1.1150233324839751,FALSE,FALSE
2000-02-18,circumpolar,3.068801605,-0.0370801810586725,0.0370801810586725,1.1150233324839751,FALSE,FALSE
2000-02-19,circumpolar,3.155500535,0.05316476607278053,0.05316476607278053,1.1150233324839751,FALSE,FALSE
2000-02-20,circumpolar,3.207896908,0.10411495125448722,0.10411495125448722,1.1150233324839751,FALSE,FALSE
2000-02-21,circumpolar,3.226572856,0.11612530051619084,0.11612530051619084,1.1150233324839751,FALSE,FALSE
2000-02-22,circumpolar,3.254967398,0.1326759686974497,0.1326759686974497,1.1150233324839751,FALSE,FALSE
2000-02-23,circumpolar,3.302457263,0.16336333331971664,0.16336333331971664,1.1150233324839751,FALSE,FALSE
2000-02-24,circumpolar,3.293532916,0.1329007348731408,0.1329007348731408,1.1150233324839751,FALSE,FALSE
2000-02-25,circumpolar,3.302184837,0.11550152884788556,0.11550152884788556,1.1150233324839751,FALSE,FALSE
2000-02-26,circumpolar,3.378613567,0.16158913173410203,0.16158913173410203,1.1150233324839751,FALSE,FALSE
2000-02-27,circumpolar,3.404485008,0.1530523210219501,0.1530523210219501,1.1150233324839751,FALSE,FALSE
2000-02-28,circumpolar,3.431976179,0.1422909912015844,0.1422909912015844,1.1150233324839751,FALSE,FALSE
2000-03-01,circumpolar,3.48861147,0.11178003519683832,0.11178003519683832,1.1150233324839751,FALSE,FALSE
2000-03-02,circumpolar,3.565077163,0.13979773299277598,0.13979773299277598,1.1150233324839751,FALSE,FALSE
2000-03-03,circumpolar,3.665905237,0.18922506464112532,0.18922506464112532,1.1150233324839751,FALSE,FALSE
2000-03-04,circumpolar,3.721180407,0.19036961434550023,0.19036961434550023,1.1150233324839751,FALSE,FALSE
2000-03-05,circumpolar,3.72311836,0.13564655315532015,0.13564655315532015,1.1150233324839751,FALSE,FALSE
2000-03-06,circumpolar,3.770544512,0.12400464794082122,0.12400464794082122,1.1150233324839751,FALSE,FALSE
2000-03-07,circumpolar,3.857832262,0.14992518131897326,0.14992518131897326,1.1150233324839751,FALSE,FALSE
2000-03-08,circumpolar,3.93026292,0.15879734690673963,0.15879734690673963,1.1150233324839751,FALSE,FALSE
2000-03-09,circumpolar,3.989503267,0.1523958093210913,0.1523958093210913,1.1150233324839751,FALSE,FALSE
2000-03-10,circumpolar,4.044175015,0.13945016417900025,0.13945016417900025,1.1150233324839751,FALSE,FALSE
2000-03-11,circumpolar,4.084705666,0.11049579709742696,0.11049579709742696,1.1150233324839751,FALSE,FALSE
2000-03-12,circumpolar,4.107442804,0.06198817569334292,0.06198817569334292,1.1150233324839751,FALSE,FALSE
2000-03-13,circumpolar,4.154418906,0.03606766058371757,0.03606766058371757,1.1150233324839751,FALSE,FALSE
2000-03-14,circumpolar,4.225882094,0.03309025738551696,0.03309025738551696,1.1150233324839751,FALSE,FALSE
2000-03-15,circumpolar,4.296858789,0.02819027071570623,0.02819027071570623,1.1150233324839751,FALSE,FALSE
2000-03-16,circumpolar,4.377894078,0.03202067119126095,0.03202067119126095,1.1150233324839751,FALSE,FALSE
2000-03-17,circumpolar,4.482648666,0.05834875641859582,0.05834875641859582,1.1150233324839751,FALSE,FALSE
2000-03-18,circumpolar,4.615021018,0.1111473412038686,0.1111473412038686,1.1150233324839751,FALSE,FALSE
2000-03-19,circumpolar,4.671922262,0.0873681771141328,0.0873681771141328,1.1150233324839751,FALSE,FALSE
2000-03-20,circumpolar,4.707965059,0.04166296082989351,0.04166296082989351,1.1150233324839751,FALSE,FALSE
2000-03-21,circumpolar,4.763393904,0.01431522303168453,0.01431522303168453,1.1150233324839751,FALSE,FALSE
2000-03-22,circumpolar,4.818606785,-0.01423801259997681,0.01423801259997681,1.1150233324839751,FALSE,FALSE
2000-03-23,circumpolar,4.896280464,-0.02128094838457084,0.02128094838457084,1.1150233324839751,FALSE,FALSE
2000-03-24,circumpolar,4.96556093,-0.03762855964157019,0.03762855964157019,1.1150233324839751,FALSE,FALSE
2000-03-25,circumpolar,5.047919052,-0.04177094169046036,0.04177094169046036,1.1150233324839751,FALSE,FALSE
2000-03-26,circumpolar,5.117231463,-0.05979242585071276,0.05979242585071276,1.1150233324839751,FALSE,FALSE
2000-03-27,circumpolar,5.265150381,-1.7584418081639797e-6,1.7584418081639797e-6,1.1150233324839751,FALSE,FALSE
2000-03-28,circumpolar,5.393926331,0.03989062121677111,0.03989062121677111,1.1150233324839751,FALSE,FALSE
2000-03-29,circumpolar,5.488432799,0.04479723480555275,0.04479723480555275,1.1150233324839751,FALSE,FALSE
2000-03-30,circumpolar,5.581406558,0.0474840374225689,0.0474840374225689,1.1150233324839751,FALSE,FALSE
2000-03-31,circumpolar,5.642774684,0.01785342715657734,0.01785342715657734,1.1150233324839751,FALSE,FALSE
2000-04-01,circumpolar,5.712816738,-0.00385802298583026,0.00385802298583026,1.1150233324839751,FALSE,FALSE
2000-04-02,circumpolar,5.823633982,0.01440794586500526,0.01440794586500526,1.1150233324839751,FALSE,FALSE
2000-04-03,circumpolar,5.917089743,0.01447165757875268,0.01447165757875268,1.1150233324839751,FALSE,FALSE
2000-04-04,circumpolar,6.028274784,0.03138087202507034,0.03138087202507034,1.1150233324839751,FALSE,FALSE
2000-04-05,circumpolar,6.117554585,0.02545806607363143,0.02545806607363143,1.1150233324839751,FALSE,FALSE
2000-04-06,circumpolar,6.16187088,-0.02639802940591362,0.02639802940591362,1.1150233324839751,FALSE,FALSE
2000-04-07,circumpolar,6.329668292,0.04421420545610388,0.04421420545610388,1.1150233324839751,FALSE,FALSE
2000-04-08,circumpolar,6.491147444,0.10745239052934252,0.10745239052934252,1.1150233324839751,FALSE,FALSE
2000-04-09,circumpolar,6.593805034,0.11077022068347107,0.11077022068347107,1.1150233324839751,FALSE,FALSE
2000-04-10,circumpolar,6.751196436,0.1676800667881455,0.1676800667881455,1.1150233324839751,FALSE,FALSE
2000-04-11,circumpolar,6.900259043,0.21507694528038268,0.21507694528038268,1.1150233324839751,FALSE,FALSE
2000-04-12,circumpolar,7.045777578,0.2577478581985231,0.2577478581985231,1.1150233324839751,FALSE,FALSE
2000-04-13,circumpolar,7.15344373,0.2614603879391373,0.2614603879391373,1.1150233324839751,FALSE,FALSE
2000-04-14,circumpolar,7.272402617,0.2754424218093803,0.2754424218093803,1.1150233324839751,FALSE,FALSE
2000-04-15,circumpolar,7.36122046,0.2583429501164387,0.2583429501164387,1.1150233324839751,FALSE,FALSE
2000-04-16,circumpolar,7.564024827,0.3543723101674674,0.3543723101674674,1.1150233324839751,FALSE,FALSE
2000-04-17,circumpolar,7.673551937,0.3563494902696327,0.3563494902696327,1.1150233324839751,FALSE,FALSE
2000-04-18,circumpolar,7.839115527,0.4136709967300929,0.4136709967300929,1.1150233324839751,FALSE,FALSE
2000-04-19,circumpolar,7.980162047,0.4458660488560371,0.4458660488560371,1.1150233324839751,FALSE,FALSE
2000-04-20,circumpolar,8.135528589,0.4918545079546064,0.4918545079546064,1.1150233324839751,FALSE,FALSE
2000-04-21,circumpolar,8.255505456,0.5020094463329787,0.5020094463329787,1.1150233324839751,FALSE,FALSE
2000-04-22,circumpolar,8.349282178,0.4856031632983244,0.4856031632983244,1.1150233324839751,FALSE,FALSE
2000-04-23,circumpolar,8.424081957,0.4499416301577961,0.4499416301577961,1.1150233324839751,FALSE,FALSE
2000-04-24,circumpolar,8.540449153,0.4556484746421354,0.4556484746421354,1.1150233324839751,FALSE,FALSE
2000-04-25,circumpolar,8.646043303,0.4504292453912573,0.4504292453912573,1.1150233324839751,FALSE,FALSE
2000-04-26,circumpolar,8.774241704,0.4676888735347795,0.4676888735347795,1.1150233324839751,FALSE,FALSE
2000-04-27,circumpolar,8.882724989,0.46513543261557544,0.46513543261557544,1.1150233324839751,FALSE,FALSE
2000-04-28,circumpolar,9.025157595,0.49646080017649474,0.49646080017649474,1.1150233324839751,FALSE,FALSE
2000-04-29,circumpolar,9.098233693,0.4583865877603923,0.4583865877603923,1.1150233324839751,FALSE,FALSE
2000-04-30,circumpolar,9.196063016,0.44504996891012993,0.44504996891012993,1.1150233324839751,FALSE,FALSE
2000-05-01,circumpolar,9.296412416,0.4342452361685556,0.4342452361685556,1.1150233324839751,FALSE,FALSE
2000-05-02,circumpolar,9.429824355,0.4565422920785416,0.4565422920785416,1.1150233324839751,FALSE,FALSE
2000-05-03,circumpolar,9.617432883,0.5331026271829362,0.5331026271829362,1.1150233324839751,FALSE,FALSE
2000-05-04,circumpolar,9.760616141,0.565331823024593,0.565331823024593,1.1150233324839751,FALSE,FALSE
2000-05-05,circumpolar,9.944185851,0.6380690421463822,0.6380690421463822,1.1150233324839751,FALSE,FALSE
2000-05-06,circumpolar,10.04655291,0.6297526070981565,0.6297526070981565,1.1150233324839751,FALSE,FALSE
2000-05-07,circumpolar,10.11113306,0.5838173266032491,0.5838173266032491,1.1150233324839751,FALSE,FALSE
2000-05-08,circumpolar,10.32199872,0.6843324395980854,0.6843324395980854,1.1150233324839751,FALSE,FALSE
2000-05-09,circumpolar,10.49128224,0.743423455621004,0.743423455621004,1.1150233324839751,FALSE,FALSE
2000-05-10,circumpolar,10.60466424,0.7467641542103198,0.7467641542103198,1.1150233324839751,FALSE,FALSE
2000-05-11,circumpolar,10.68164427,0.7138472449043718,0.7138472449043718,1.1150233324839751,FALSE,FALSE
2000-05-12,circumpolar,10.8278945,0.7503380572414784,0.7503380572414784,1.1150233324839751,FALSE,FALSE
2000-05-13,circumpolar,10.95793138,0.7707462007599766,0.7707462007599766,1.1150233324839751,FALSE,FALSE
2000-05-14,circumpolar,11.07816571,0.7814756349981895,0.7814756349981895,1.1150233324839751,FALSE,FALSE
2000-05-15,circumpolar,11.18307493,0.7769969594944364,0.7769969594944364,1.1150233324839751,FALSE,FALSE
2000-05-16,circumpolar,11.29650247,0.7811467637870493,0.7811467637870493,1.1150233324839751,FALSE,FALSE
2000-05-17,circumpolar,11.3888688,0.7643386774143739,0.7643386774143739,1.1150233324839751,FALSE,FALSE
2000-05-18,circumpolar,11.51139401,0.7777859499147173,0.7777859499147173,1.1150233324839751,FALSE,FALSE
2000-05-19,circumpolar,11.65500717,0.8124119438638839,0.8124119438638839,1.1150233324839751,FALSE,FALSE
2000-05-20,circumpolar,11.80084538,0.849368726728736,0.849368726728736,1.1150233324839751,FALSE,FALSE
2000-05-21,circumpolar,12.00085578,0.9406364692932544,0.9406364692932544,1.1150233324839751,FALSE,FALSE
2000-05-22,circumpolar,12.15365316,0.9848636000766202,0.9848636000766202,1.1150233324839751,FALSE,FALSE
2000-05-23,circumpolar,12.23804845,0.9608946875980012,0.9608946875980012,1.1150233324839751,FALSE,FALSE
2000-05-24,circumpolar,12.27700912,0.8917308403765833,0.8917308403765833,1.1150233324839751,FALSE,FALSE
2000-05-25,circumpolar,12.34716014,0.8540306669315374,0.8540306669315374,1.1150233324839751,FALSE,FALSE
2000-05-26,circumpolar,12.44873256,0.8480588557820337,0.8480588557820337,1.1150233324839751,FALSE,FALSE
2000-05-27,circumpolar,12.5874926,0.8796152654472511,0.8796152654472511,1.1150233324839751,FALSE,FALSE
2000-05-28,circumpolar,12.68619686,0.8714901344463772,0.8714901344463772,1.1150233324839751,FALSE,FALSE
2000-05-29,circumpolar,12.74517052,0.8240422812985759,0.8240422812985759,1.1150233324839751,FALSE,FALSE
2000-05-30,circumpolar,12.79297889,0.7658706545230132,0.7658706545230132,1.1150233324839751,FALSE,FALSE
2000-05-31,circumpolar,12.89019227,0.7575791926388913,0.7575791926388913,1.1150233324839751,FALSE,FALSE
2000-06-01,circumpolar,12.9059875,0.6683672621964138,0.6683672621964138,1.1150233324839751,FALSE,FALSE
2000-06-02,circumpolar,12.90980765,0.5676511640509219,0.5676511640509219,1.1150233324839751,FALSE,FALSE
2000-06-03,circumpolar,13.00419293,0.5579306738466041,0.5579306738466041,1.1150233324839751,FALSE,FALSE
2000-06-04,circumpolar,13.1713387,0.6213607167215116,0.6213607167215116,1.1150233324839751,FALSE,FALSE
2000-06-05,circumpolar,13.39070122,0.7373571178136835,0.7373571178136835,1.1150233324839751,FALSE,FALSE
2000-06-06,circumpolar,13.53208606,0.7756850122611425,0.7756850122611425,1.1150233324839751,FALSE,FALSE
2000-06-07,circumpolar,13.69261844,0.8334291852019291,0.8334291852019291,1.1150233324839751,FALSE,FALSE
2000-06-08,circumpolar,13.7766419,0.8148927417740701,0.8148927417740701,1.1150233324839751,FALSE,FALSE
2000-06-09,circumpolar,13.81024745,0.7461262571155984,0.7461262571155984,1.1150233324839751,FALSE,FALSE
2000-06-10,circumpolar,13.84267751,0.6763317163645652,0.6763317163645652,1.1150233324839751,FALSE,FALSE
2000-06-11,circumpolar,13.95903793,0.6905745346589853,0.6905745346589853,1.1150233324839751,FALSE,FALSE
2000-06-12,circumpolar,14.08695524,0.7164408071368946,0.7164408071368946,1.1150233324839751,FALSE,FALSE
2000-06-13,circumpolar,14.17295263,0.7004151193567569,0.7004151193567569,1.1150233324839751,FALSE,FALSE
2000-06-14,circumpolar,14.27155243,0.6970618894010041,0.6970618894010041,1.1150233324839751,FALSE,FALSE
2000-06-15,circumpolar,14.28996126,0.6137405238439939,0.6137405238439939,1.1150233324839751,FALSE,FALSE
2000-06-16,circumpolar,14.32705204,0.54948474955461,0.54948474955461,1.1150233324839751,FALSE,FALSE
2000-06-17,circumpolar,14.40454315,0.5261737534017126,0.5261737534017126,1.1150233324839751,FALSE,FALSE
2000-06-18,circumpolar,14.49389436,0.5154281122541899,0.5154281122541899,1.1150233324839751,FALSE,FALSE
2000-06-19,circumpolar,14.58712425,0.5094272129809081,0.5094272129809081,1.1150233324839751,FALSE,FALSE
2000-06-20,circumpolar,14.59577879,0.4198778324507444,0.4198778324507444,1.1150233324839751,FALSE,FALSE
2000-06-21,circumpolar,14.70402437,0.43110716753255574,0.43110716753255574,1.1150233324839751,FALSE,FALSE
2000-06-22,circumpolar,14.84947662,0.48089165509523113,0.48089165509523113,1.1150233324839751,FALSE,FALSE
2000-06-23,circumpolar,14.93261255,0.46986911200764325,0.46986911200764325,1.1150233324839751,FALSE,FALSE
2000-06-24,circumpolar,14.95891697,0.4036851551386534,0.4036851551386534,1.1150233324839751,FALSE,FALSE
2000-06-25,circumpolar,14.97461216,0.3287228713571473,0.3287228713571473,1.1150233324839751,FALSE,FALSE
2000-06-26,circumpolar,14.95735782,0.22277474284569188,0.22277474284569188,1.1150233324839751,FALSE,FALSE
2000-06-27,circumpolar,14.99514335,0.1737511830963303,0.1737511830963303,1.1150233324839751,FALSE,FALSE
2000-06-28,circumpolar,15.11582363,0.2093313201621481,0.2093313201621481,1.1150233324839751,FALSE,FALSE
2000-06-29,circumpolar,15.25431953,0.26425977457567384,0.26425977457567384,1.1150233324839751,FALSE,FALSE
2000-06-30,circumpolar,15.41808983,0.345819076869466,0.345819076869466,1.1150233324839751,FALSE,FALSE
2000-07-01,circumpolar,15.5944884,0.4411868475760663,0.4411868475760663,1.1150233324839751,FALSE,FALSE
2000-07-02,circumpolar,15.62966971,0.3963413072280382,0.3963413072280382,1.1150233324839751,FALSE,FALSE
2000-07-03,circumpolar,15.65257398,0.34004642635791704,0.34004642635791704,1.1150233324839751,FALSE,FALSE
2000-07-04,circumpolar,15.77467177,0.3835965154982546,0.3835965154982546,1.1150233324839751,FALSE,FALSE
2000-07-05,circumpolar,15.87506374,0.405915985181597,0.405915985181597,1.1150233324839751,FALSE,FALSE
2000-07-06,circumpolar,16.0339274,0.4870060959404974,0.4870060959404974,1.1150233324839751,FALSE,FALSE
2000-07-07,circumpolar,16.14316649,0.5185943383074996,0.5185943383074996,1.1150233324839751,FALSE,FALSE
2000-07-08,circumpolar,16.1914845,0.48920836580904314,0.48920836580904314,1.1150233324839751,FALSE,FALSE
2000-07-09,circumpolar,16.2525077,0.47237893737051095,0.47237893737051095,1.1150233324839751,FALSE,FALSE
2000-07-10,circumpolar,16.20039393,0.34234417200045897,0.34234417200045897,1.1150233324839751,FALSE,FALSE
2000-07-11,circumpolar,16.17359814,0.2376625621176327,0.2376625621176327,1.1150233324839751,FALSE,FALSE
2000-07-12,circumpolar,16.16436834,0.1506856601408586,0.1506856601408586,1.1150233324839751,FALSE,FALSE
2000-07-13,circumpolar,16.25390532,0.16271779848890944,0.16271779848890944,1.1150233324839751,FALSE,FALSE
2000-07-14,circumpolar,16.29777056,0.1294239995805846,0.1294239995805846,1.1150233324839751,FALSE,FALSE
2000-07-15,circumpolar,16.38578786,0.1407316058346666,0.1407316058346666,1.1150233324839751,FALSE,FALSE
2000-07-16,circumpolar,16.52637184,0.20515877966994012,0.20515877966994012,1.1150233324839751,FALSE,FALSE
2000-07-17,circumpolar,16.54700176,0.15028832350523302,0.15028832350523302,1.1150233324839751,FALSE,FALSE
2000-07-18,circumpolar,16.61732031,0.1458664697592944,0.1458664697592944,1.1150233324839751,FALSE,FALSE
2000-07-19,circumpolar,16.66697931,0.121648580850934,0.121648580850934,1.1150233324839751,FALSE,FALSE
2000-07-20,circumpolar,16.75364298,0.13540241919893958,0.13540241919893958,1.1150233324839751,FALSE,FALSE
2000-07-21,circumpolar,16.75014407,0.06006139528048493,0.06006139528048493,1.1150233324839751,FALSE,FALSE
2000-07-22,circumpolar,16.81814085,0.05734466215639244,0.05734466215639244,1.1150233324839751,FALSE,FALSE
2000-07-23,circumpolar,16.91909508,0.08874586755018399,0.08874586755018399,1.1150233324839751,FALSE,FALSE
2000-07-24,circumpolar,16.93780132,0.03909080145826493,0.03909080145826493,1.1150233324839751,FALSE,FALSE
2000-07-25,circumpolar,17.00255453,0.03670565387709246,0.03670565387709246,1.1150233324839751,FALSE,FALSE
2000-07-26,circumpolar,17.06803661,0.03630355480307656,0.03630355480307656,1.1150233324839751,FALSE,FALSE
2000-07-27,circumpolar,17.12409424,0.02776241423264736,0.02776241423264736,1.1150233324839751,FALSE,FALSE
2000-07-28,circumpolar,17.34731333,0.18769937216223553,0.18769937216223553,1.1150233324839751,FALSE,FALSE
2000-07-29,circumpolar,17.66012626,0.4385780385882825,0.4385780385882825,1.1150233324839751,FALSE,FALSE
2000-07-30,circumpolar,17.74095788,0.458854493507193,0.458854493507193,1.1150233324839751,FALSE,FALSE
2000-07-31,circumpolar,17.74932376,0.40807553691539056,0.40807553691539056,1.1150233324839751,FALSE,FALSE
2000-08-01,circumpolar,17.8012394,0.4022878988093339,0.4022878988093339,1.1150233324839751,FALSE,FALSE
2000-08-02,circumpolar,17.99894392,0.5437619286227644,0.5437619286227644,1.1150233324839751,FALSE,FALSE
2000-08-03,circumpolar,18.14682017,0.6368965159379023,0.6368965159379023,1.1150233324839751,FALSE,FALSE
2000-08-04,circumpolar,18.29812965,0.7349144046749139,0.7349144046749139,1.1150233324839751,FALSE,FALSE
2000-08-05,circumpolar,18.40722125,0.7921133770122353,0.7921133770122353,1.1150233324839751,FALSE,FALSE
2000-08-06,circumpolar,18.51103101,0.8453783651282762,0.8453783651282762,1.1150233324839751,FALSE,FALSE
2000-08-07,circumpolar,18.50156176,0.7866610912014345,0.7866610912014345,1.1150233324839751,FALSE,FALSE
2000-08-08,circumpolar,18.55815453,0.7952514774101296,0.7952514774101296,1.1150233324839751,FALSE,FALSE
2000-08-09,circumpolar,18.59423833,0.7845274259327617,0.7845274259327617,1.1150233324839751,FALSE,FALSE
2000-08-10,circumpolar,18.60097351,0.7455981789477484,0.7455981789477484,1.1150233324839751,FALSE,FALSE
2000-08-11,circumpolar,18.57941708,0.679469638633492,0.679469638633492,1.1150233324839751,FALSE,FALSE
2000-08-12,circumpolar,18.57699042,0.633512077168426,0.633512077168426,1.1150233324839751,FALSE,FALSE
2000-08-13,circumpolar,18.57101809,0.5849989467309378,0.5849989467309378,1.1150233324839751,FALSE,FALSE
2000-08-14,circumpolar,18.59956264,0.5719416894994396,0.5719416894994396,1.1150233324839751,FALSE,FALSE
2000-08-15,circumpolar,18.7379738,0.6696398062226478,0.6696398062226478,1.1150233324839751,FALSE,FALSE
2000-08-16,circumpolar,18.83637762,0.7281952308221626,0.7281952308221626,1.1150233324839751,FALSE,FALSE
2000-08-17,circumpolar,18.82884933,0.6816889658053782,0.6816889658053782,1.1150233324839751,FALSE,FALSE
2000-08-18,circumpolar,18.8445837,0.6593231916514384,0.6593231916514384,1.1150233324839751,FALSE,FALSE
2000-08-19,circumpolar,18.81515429,0.5926788788395179,0.5926788788395179,1.1150233324839751,FALSE,FALSE
2000-08-20,circumpolar,18.81247036,0.5536726978487891,0.5536726978487891,1.1150233324839751,FALSE,FALSE
2000-08-21,circumpolar,18.76884652,0.4746266691584146,0.4746266691584146,1.1150233324839751,FALSE,FALSE
2000-08-22,circumpolar,18.71327487,0.38454030324754385,0.38454030324754385,1.1150233324839751,FALSE,FALSE
2000-08-23,circumpolar,18.75246292,0.3901285205953471,0.3901285205953471,1.1150233324839751,FALSE,FALSE
2000-08-24,circumpolar,18.76235447,0.3673425316809968,0.3673425316809968,1.1150233324839751,FALSE,FALSE
2000-08-25,circumpolar,18.839365,0.41260522698364355,0.41260522698364355,1.1150233324839751,FALSE,FALSE
2000-08-26,circumpolar,18.88777339,0.4302028969824505,0.4302028969824505,1.1150233324839751,FALSE,FALSE
2000-08-27,circumpolar,18.88162441,0.3941877221565946,0.3941877221565946,1.1150233324839751,FALSE,FALSE
2000-08-28,circumpolar,18.84528298,0.3289329425219947,0.3289329425219947,1.1150233324839751,FALSE,FALSE
2000-08-29,circumpolar,18.83915194,0.2948552459827738,0.2948552459827738,1.1150233324839751,FALSE,FALSE
2000-08-30,circumpolar,18.85386733,0.28260659744662675,0.28260659744662675,1.1150233324839751,FALSE,FALSE
2000-08-31,circumpolar,18.88523969,0.28801346554676854,0.28801346554676854,1.1150233324839751,FALSE,FALSE
2000-09-01,circumpolar,18.97294334,0.35076609891638455,0.35076609891638455,1.1150233324839751,FALSE,FALSE
2000-09-02,circumpolar,19.0014437,0.3553458461886798,0.3553458461886798,1.1150233324839751,FALSE,FALSE
2000-09-03,circumpolar,19.02853265,0.35956051599685424,0.35956051599685424,1.1150233324839751,FALSE,FALSE
2000-09-04,circumpolar,19.08786309,0.39707893697407926,0.39707893697407926,1.1150233324839751,FALSE,FALSE
2000-09-05,circumpolar,19.1072529,0.3957349177535967,0.3957349177535967,1.1150233324839751,FALSE,FALSE
2000-09-06,circumpolar,19.2037731,0.4726154069685613,0.4726154069685613,1.1150233324839751,FALSE,FALSE
2000-09-07,circumpolar,19.37672564,0.6270382832521868,0.6270382832521868,1.1150233324839751,FALSE,FALSE
2000-09-08,circumpolar,19.43579449,0.6687034452376679,0.6687034452376679,1.1150233324839751,FALSE,FALSE
2000-09-09,circumpolar,19.44819967,0.6648468654400723,0.6648468654400723,1.1150233324839751,FALSE,FALSE
2000-09-10,circumpolar,19.44176154,0.6433071235186674,0.6433071235186674,1.1150233324839751,FALSE,FALSE
2000-09-11,circumpolar,19.37571518,0.563341621775205,0.563341621775205,1.1150233324839751,FALSE,FALSE
2000-09-12,circumpolar,19.36963979,0.5445523144839512,0.5445523144839512,1.1150233324839751,FALSE,FALSE
2000-09-13,circumpolar,19.40580398,0.5692305659191348,0.5692305659191348,1.1150233324839751,FALSE,FALSE
2000-09-14,circumpolar,19.35716355,0.5103549303549784,0.5103549303549784,1.1150233324839751,FALSE,FALSE
2000-09-15,circumpolar,19.26828744,0.41251710206575254,0.41251710206575254,1.1150233324839751,FALSE,FALSE
2000-09-16,circumpolar,19.21371345,0.3502776353256891,0.3502776353256891,1.1150233324839751,FALSE,FALSE
2000-09-17,circumpolar,19.1755164,0.3057341044090194,0.3057341044090194,1.1150233324839751,FALSE,FALSE
2000-09-18,circumpolar,19.14139044,0.2666034135900013,0.2666034135900013,1.1150233324839751,FALSE,FALSE
2000-09-19,circumpolar,19.23279242,0.35436516714285204,0.35436516714285204,1.1150233324839751,FALSE,FALSE
2000-09-20,circumpolar,19.27741568,0.396735459341837,0.396735459341837,1.1150233324839751,FALSE,FALSE
2000-09-21,circumpolar,19.32210731,0.4405841344611936,0.4405841344611936,1.1150233324839751,FALSE,FALSE
2000-09-22,circumpolar,19.37153816,0.4906040160284597,0.4906040160284597,1.1150233324839751,FALSE,FALSE
2000-09-23,circumpolar,19.38964439,0.510744878799489,0.510744878799489,1.1150233324839751,FALSE,FALSE
2000-09-24,circumpolar,19.3532874,0.47787666697070463,0.47787666697070463,1.1150233324839751,FALSE,FALSE
2000-09-25,circumpolar,19.37352761,0.5030682735930334,0.5030682735930334,1.1150233324839751,FALSE,FALSE
2000-09-26,circumpolar,19.4331897,0.5691528517173516,0.5691528517173516,1.1150233324839751,FALSE,FALSE
2000-09-27,circumpolar,19.48093868,0.62480388439457,0.62480388439457,1.1150233324839751,FALSE,FALSE
2000-09-28,circumpolar,19.45856158,0.6118168746755615,0.6118168746755615,1.1150233324839751,FALSE,FALSE
2000-09-29,circumpolar,19.40516415,0.5693060456112384,0.5693060456112384,1.1150233324839751,FALSE,FALSE
2000-09-30,circumpolar,19.33355188,0.5100853602525071,0.5100853602525071,1.1150233324839751,FALSE,FALSE
2000-10-01,circumpolar,19.26536252,0.455801041650247,0.455801041650247,1.1150233324839751,FALSE,FALSE
2000-10-02,circumpolar,19.13340613,0.33927162285537094,0.33927162285537094,1.1150233324839751,FALSE,FALSE
2000-10-03,circumpolar,19.07548175,0.2983046169187702,0.2983046169187702,1.1150233324839751,FALSE,FALSE
2000-10-04,circumpolar,18.98231859,0.2236377096025244,0.2236377096025244,1.1150233324839751,FALSE,FALSE
2000-10-05,circumpolar,18.98882422,0.25019022621247444,0.25019022621247444,1.1150233324839751,FALSE,FALSE
2000-10-06,circumpolar,19.01451428,0.2974992089939228,0.2974992089939228,1.1150233324839751,FALSE,FALSE
2000-10-07,circumpolar,18.98517432,0.29137337508075234,0.29137337508075234,1.1150233324839751,FALSE,FALSE
2000-10-08,circumpolar,19.00961738,0.3406489316068537,0.3406489316068537,1.1150233324839751,FALSE,FALSE
2000-10-09,circumpolar,18.97230309,0.3298086757061185,0.3298086757061185,1.1150233324839751,FALSE,FALSE
2000-10-10,circumpolar,18.85264093,0.23828525451241944,0.23828525451241944,1.1150233324839751,FALSE,FALSE
2000-10-11,circumpolar,18.81439127,0.2298622051596233,0.2298622051596233,1.1150233324839751,FALSE,FALSE
2000-10-12,circumpolar,18.64007371,0.08708229478165563,0.08708229478165563,1.1150233324839751,FALSE,FALSE
2000-10-13,circumpolar,18.5625039,0.04278434051236246,0.04278434051236246,1.1150233324839751,FALSE,FALSE
2000-10-14,circumpolar,18.53114097,0.04645063948565564,0.04645063948565564,1.1150233324839751,FALSE,FALSE
2000-10-15,circumpolar,18.43273036,-0.01515020116459453,0.01515020116459453,1.1150233324839751,FALSE,FALSE
2000-10-16,circumpolar,18.42706923,0.01780214569549088,0.01780214569549088,1.1150233324839751,FALSE,FALSE
2000-10-17,circumpolar,18.38796274,0.01913563427535081,0.01913563427535081,1.1150233324839751,FALSE,FALSE
2000-10-18,circumpolar,18.32332094,-0.00322481202063329,0.00322481202063329,1.1150233324839751,FALSE,FALSE
2000-10-19,circumpolar,18.22957542,-0.0528403021987387,0.0528403021987387,1.1150233324839751,FALSE,FALSE
2000-10-20,circumpolar,18.17436064,-0.06206937846666349,0.06206937846666349,1.1150233324839751,FALSE,FALSE
2000-10-21,circumpolar,18.10616701,-0.08241463303211205,0.08241463303211205,1.1150233324839751,FALSE,FALSE
2000-10-22,circumpolar,18.05176222,-0.08710137810277985,0.08710137810277985,1.1150233324839751,FALSE,FALSE
2000-10-23,circumpolar,18.04831042,-0.0389584658863491,0.0389584658863491,1.1150233324839751,FALSE,FALSE
2000-10-24,circumpolar,18.01228368,-0.02150682859053176,0.02150682859053176,1.1150233324839751,FALSE,FALSE
2000-10-25,circumpolar,17.98167802,0.00325655157698179,0.00325655157698179,1.1150233324839751,FALSE,FALSE
2000-10-26,circumpolar,17.92335303,0.00219826240850906,0.00219826240850906,1.1150233324839751,FALSE,FALSE
2000-10-27,circumpolar,17.85263685,-0.00934655830366537,0.00934655830366537,1.1150233324839751,FALSE,FALSE
2000-10-28,circumpolar,17.79794377,-0.00295662276723263,0.00295662276723263,1.1150233324839751,FALSE,FALSE
2000-10-29,circumpolar,17.70228505,-0.03561367318987862,0.03561367318987862,1.1150233324839751,FALSE,FALSE
2000-10-30,circumpolar,17.61224925,-0.06069949350346704,0.06069949350346704,1.1150233324839751,FALSE,FALSE
2000-10-31,circumpolar,17.53053304,-0.07537622868609972,0.07537622868609972,1.1150233324839751,FALSE,FALSE
2000-11-01,circumpolar,17.49414342,-0.04246143635517896,0.04246143635517896,1.1150233324839751,FALSE,FALSE
2000-11-02,circumpolar,17.46564354,7.834850811683225e-4,7.834850811683225e-4,1.1150233324839751,FALSE,FALSE
2000-11-03,circumpolar,17.41588066,0.02538124721483115,0.02538124721483115,1.1150233324839751,FALSE,FALSE
2000-11-04,circumpolar,17.33509416,0.0217466816376799,0.0217466816376799,1.1150233324839751,FALSE,FALSE
2000-11-05,circumpolar,17.26079411,0.02756530994158623,0.02756530994158623,1.1150233324839751,FALSE,FALSE
2000-11-06,circumpolar,17.13497314,-0.01499478628157291,0.01499478628157291,1.1150233324839751,FALSE,FALSE
2000-11-07,circumpolar,17.05676491,-0.00662449543990817,0.00662449543990817,1.1150233324839751,FALSE,FALSE
2000-11-08,circumpolar,16.97468957,0.0013717840584384,0.0013717840584384,1.1150233324839751,FALSE,FALSE
2000-11-09,circumpolar,16.92070418,0.04112656380536705,0.04112656380536705,1.1150233324839751,FALSE,FALSE
2000-11-10,circumpolar,16.8321955,0.05020205539273448,0.05020205539273448,1.1150233324839751,FALSE,FALSE
2000-11-11,circumpolar,16.7474585,0.06706737863671108,0.06706737863671108,1.1150233324839751,FALSE,FALSE
2000-11-12,circumpolar,16.67648007,0.101811560422302,0.101811560422302,1.1150233324839751,FALSE,FALSE
2000-11-13,circumpolar,16.61977709,0.1549453671726404,0.1549453671726404,1.1150233324839751,FALSE,FALSE
2000-11-14,circumpolar,16.53029878,0.1794029764311702,0.1794029764311702,1.1150233324839751,FALSE,FALSE
2000-11-15,circumpolar,16.3933626,0.16048680574135332,0.16048680574135332,1.1150233324839751,FALSE,FALSE
2000-11-16,circumpolar,16.20936231,0.09857557264663086,0.09857557264663086,1.1150233324839751,FALSE,FALSE
2000-11-17,circumpolar,16.01081208,0.02616840469044845,0.02616840469044845,1.1150233324839751,FALSE,FALSE
2000-11-18,circumpolar,15.92312895,0.06866729941626204,0.06866729941626204,1.1150233324839751,FALSE,FALSE
2000-11-19,circumpolar,15.84600472,0.1257490143675266,0.1257490143675266,1.1150233324839751,FALSE,FALSE
2000-11-20,circumpolar,15.77613581,0.19409492708768283,0.19409492708768283,1.1150233324839751,FALSE,FALSE
2000-11-21,circumpolar,15.64887308,0.20904085512019144,0.20904085512019144,1.1150233324839751,FALSE,FALSE
2000-11-22,circumpolar,15.47811705,0.18447227600848848,0.18447227600848848,1.1150233324839751,FALSE,FALSE
2000-11-23,circumpolar,15.33948261,0.19598903729603737,0.19598903729603737,1.1150233324839751,FALSE,FALSE
2000-11-24,circumpolar,15.21343124,0.2240450837201955,0.2240450837201955,1.1150233324839751,FALSE,FALSE
2000-11-25,circumpolar,15.01150142,0.18023485460669875,0.18023485460669875,1.1150233324839751,FALSE,FALSE
2000-11-26,circumpolar,14.8546428,0.18559588600639287,0.18559588600639287,1.1150233324839751,FALSE,FALSE
2000-11-27,circumpolar,14.67450249,0.17186341579655817,0.17186341579655817,1.1150233324839751,FALSE,FALSE
2000-11-28,circumpolar,14.4949008,0.16294588185445136,0.16294588185445136,1.1150233324839751,FALSE,FALSE
2000-11-29,circumpolar,14.2948881,0.13798178205733969,0.13798178205733969,1.1150233324839751,FALSE,FALSE
2000-11-30,circumpolar,14.12608528,0.14868013428248616,0.14868013428248616,1.1150233324839751,FALSE,FALSE
2000-12-01,circumpolar,13.93291628,0.13955300640715862,0.13955300640715862,1.1150233324839751,FALSE,FALSE
2000-12-02,circumpolar,13.46909113,-0.13560144369138882,0.13560144369138882,1.1150233324839751,FALSE,FALSE
2000-12-03,circumpolar,13.38423426,-0.02707065813588194,0.02707065813588194,1.1150233324839751,FALSE,FALSE
2000-12-04,circumpolar,13.17221718,-0.04089499904906013,0.04089499904906013,1.1150233324839751,FALSE,FALSE
2000-12-05,circumpolar,12.94426057,-0.06576565855366212,0.06576565855366212,1.1150233324839751,FALSE,FALSE
2000-12-06,circumpolar,12.71000414,-0.09195529309300454,0.09195529309300454,1.1150233324839751,FALSE,FALSE
2000-12-07,circumpolar,12.53194326,-0.05703435203859186,0.05703435203859186,1.1150233324839751,FALSE,FALSE
2000-12-08,circumpolar,12.32235234,-0.04916431688006995,0.04916431688006995,1.1150233324839751,FALSE,FALSE
2000-12-09,circumpolar,12.04983043,-0.10023669700933624,0.10023669700933624,1.1150233324839751,FALSE,FALSE
2000-12-10,circumpolar,11.77406945,-0.15105013181829108,0.15105013181829108,1.1150233324839751,FALSE,FALSE
2000-12-11,circumpolar,11.47777229,-0.21939229069884192,0.21939229069884192,1.1150233324839751,FALSE,FALSE
2000-12-12,circumpolar,11.20239474,-0.2642979430428838,0.2642979430428838,1.1150233324839751,FALSE,FALSE
2000-12-13,circumpolar,10.99235608,-0.24183836824231977,0.24183836824231977,1.1150233324839751,FALSE,FALSE
2000-12-14,circumpolar,10.72731664,-0.2728437956890506,0.2728437956890506,1.1150233324839751,FALSE,FALSE
2000-12-15,circumpolar,10.43373225,-0.3313489547749615,0.3313489547749615,1.1150233324839751,FALSE,FALSE
2000-12-16,circumpolar,10.1718765,-0.3575708148919716,0.3575708148919716,1.1150233324839751,FALSE,FALSE
2000-12-17,circumpolar,9.892091824,-0.401657501431977,0.401657501431977,1.1150233324839751,FALSE,FALSE
2000-12-18,circumpolar,9.66889063,-0.3895871657868728,0.3895871657868728,1.1150233324839751,FALSE,FALSE
2000-12-19,circumpolar,9.379267222,-0.44485448030756736,0.44485448030756736,1.1150233324839751,FALSE,FALSE
2000-12-20,circumpolar,9.151723013,-0.43942197741538536,0.43942197741538536,1.1150233324839751,FALSE,FALSE
2000-12-21,circumpolar,8.96256078,-0.3974308453180715,0.3974308453180715,1.1150233324839751,FALSE,FALSE
2000-12-22,circumpolar,8.760886378,-0.3702186374363041,0.3702186374363041,1.1150233324839751,FALSE,FALSE
2000-12-23,circumpolar,8.603560923,-0.30136764619077994,0.30136764619077994,1.1150233324839751,FALSE,FALSE
2000-12-24,circumpolar,8.429391302,-0.2525143930021585,0.2525143930021585,1.1150233324839751,FALSE,FALSE
2000-12-25,circumpolar,8.288322819,-0.1741569822911515,0.1741569822911515,1.1150233324839751,FALSE,FALSE
2000-12-26,circumpolar,8.120243821,-0.12685047547840256,0.12685047547840256,1.1150233324839751,FALSE,FALSE
2000-12-27,circumpolar,7.910986698,-0.12520589098462942,0.12520589098462942,1.1150233324839751,FALSE,FALSE
2000-12-28,circumpolar,7.754390005,-0.07582808223048065,0.07582808223048065,1.1150233324839751,FALSE,FALSE
2000-12-29,circumpolar,7.584203664,-0.04541053563666253,0.04541053563666253,1.1150233324839751,FALSE,FALSE
2000-12-30,circumpolar,7.365936619,-0.06888771562385987,0.06888771562385987,1.1150233324839751,FALSE,FALSE
2000-12-31,circumpolar,7.193798724,-0.05249317661273967,0.05249317661273967,1.1150233324839751,FALSE,FALSE
2001-01-01,circumpolar,7.001390404,-0.24490149661273275,0.24490149661273275,1.1150233324839751,FALSE,FALSE
2001-01-02,circumpolar,6.810327478,-0.2540154045692713,0.2540154045692713,1.1150233324839751,FALSE,FALSE
2001-01-03,circumpolar,6.659487715,-0.22934585664061213,0.22934585664061213,1.1150233324839751,FALSE,FALSE
2001-01-04,circumpolar,6.526957375,-0.1925454605191801,0.1925454605191801,1.1150233324839751,FALSE,FALSE
2001-01-05,circumpolar,6.434066717,-0.12202282489738624,0.12202282489738624,1.1150233324839751,FALSE,FALSE
2001-01-06,circumpolar,6.293791035,-0.10454152346768096,0.10454152346768096,1.1150233324839751,FALSE,FALSE
2001-01-07,circumpolar,6.225400831,-0.02056992192249041,0.02056992192249041,1.1150233324839751,FALSE,FALSE
2001-01-08,circumpolar,6.133832165,0.03508917204577155,0.03508917204577155,1.1150233324839751,FALSE,FALSE
2001-01-09,circumpolar,6.028311772,0.07192362574466049,0.07192362574466049,1.1150233324839751,FALSE,FALSE
2001-01-10,circumpolar,5.945929466,0.12728438548176602,0.12728438548176602,1.1150233324839751,FALSE,FALSE
2001-01-11,circumpolar,5.854009173,0.1687565095646404,0.1687565095646404,1.1150233324839751,FALSE,FALSE
2001-01-12,circumpolar,5.745793965,0.1898442023008693,0.1898442023008693,1.1150233324839751,FALSE,FALSE
2001-01-13,circumpolar,5.654169498,0.22369425199801984,0.22369425199801984,1.1150233324839751,FALSE,FALSE
2001-01-14,circumpolar,5.568538218,0.25996701097291375,0.25996701097291375,1.1150233324839751,FALSE,FALSE
2001-01-15,circumpolar,5.518474844,0.32837934038686,0.32837934038686,1.1150233324839751,FALSE,FALSE
2001-01-16,circumpolar,5.466679649,0.3916286277010652,0.3916286277010652,1.1150233324839751,FALSE,FALSE
2001-01-17,circumpolar,5.401709959,0.4382601413324166,0.4382601413324166,1.1150233324839751,FALSE,FALSE
2001-01-18,circumpolar,5.340143149,0.4848391986978049,0.4848391986978049,1.1150233324839751,FALSE,FALSE
2001-01-19,circumpolar,5.259865007,0.5092395302141179,0.5092395302141179,1.1150233324839751,FALSE,FALSE
2001-01-20,circumpolar,5.167912164,0.5184857092982451,0.5184857092982451,1.1150233324839751,FALSE,FALSE
2001-01-21,circumpolar,5.072605859,0.5208869173670738,0.5208869173670738,1.1150233324839751,FALSE,FALSE
2001-01-22,circumpolar,4.994146882,0.5366318868374931,0.5366318868374931,1.1150233324839751,FALSE,FALSE
2001-01-23,circumpolar,4.937719447,0.5708927741263947,0.5708927741263947,1.1150233324839751,FALSE,FALSE
2001-01-24,circumpolar,4.884359034,0.6046930016506593,0.6046930016506593,1.1150233324839751,FALSE,FALSE
2001-01-25,circumpolar,4.859024699,0.6629795678271808,0.6629795678271808,1.1150233324839751,FALSE,FALSE
2001-01-26,circumpolar,4.815226068,0.6992500410728528,0.6992500410728528,1.1150233324839751,FALSE,FALSE
2001-01-27,circumpolar,4.749755763,0.7102964576581092,0.7102964576581092,1.1150233324839751,FALSE,FALSE
2001-01-28,circumpolar,4.696444927,0.7300270330946854,0.7300270330946854,1.1150233324839751,FALSE,FALSE
2001-01-29,circumpolar,4.635014829,0.738272310413794,0.738272310413794,1.1150233324839751,FALSE,FALSE
2001-01-30,circumpolar,4.562078374,0.7317545723779548,0.7317545723779548,1.1150233324839751,FALSE,FALSE
2001-01-31,circumpolar,4.490274575,0.7232222097497076,0.7232222097497076,1.1150233324839751,FALSE,FALSE
2001-02-01,circumpolar,4.395778333,0.6889595012915706,0.6889595012915706,1.1150233324839751,FALSE,FALSE
2001-02-02,circumpolar,4.302751148,0.6532373247660739,0.6532373247660739,1.1150233324839751,FALSE,FALSE
2001-02-03,circumpolar,4.233355305,0.6383273429357526,0.6383273429357526,1.1150233324839751,FALSE,FALSE
2001-02-04,circumpolar,4.176186559,0.6329346885631257,0.6329346885631257,1.1150233324839751,FALSE,FALSE
2001-02-05,circumpolar,4.101115669,0.6070394984107201,0.6070394984107201,1.1150233324839751,FALSE,FALSE
2001-02-06,circumpolar,4.012243326,0.5648518412410679,0.5648518412410679,1.1150233324839751,FALSE,FALSE
2001-02-07,circumpolar,3.954537393,0.5514489578166972,0.5514489578166972,1.1150233324839751,FALSE,FALSE
2001-02-08,circumpolar,3.947362447,0.5863039620831905,0.5863039620831905,1.1150233324839751,FALSE,FALSE
2001-02-09,circumpolar,3.936491604,0.6151874995389677,0.6151874995389677,1.1150233324839751,FALSE,FALSE
2001-02-10,circumpolar,3.896825804,0.6127772725310248,0.6127772725310248,1.1150233324839751,FALSE,FALSE
2001-02-11,circumpolar,3.902616457,0.6530753513107692,0.6530753513107692,1.1150233324839751,FALSE,FALSE
2001-02-12,circumpolar,3.884624463,0.6665932961295913,0.6665932961295913,1.1150233324839751,FALSE,FALSE
2001-02-13,circumpolar,3.84636913,0.6566010752388816,0.6566010752388816,1.1150233324839751,FALSE,FALSE
2001-02-14,circumpolar,3.817976781,0.6529756718900477,0.6529756718900477,1.1150233324839751,FALSE,FALSE
2001-02-15,circumpolar,3.8353625,0.6913828303344776,0.6913828303344776,1.1150233324839751,FALSE,FALSE
2001-02-16,circumpolar,3.859213232,0.7322601558235666,0.7322601558235666,1.1150233324839751,FALSE,FALSE
2001-02-17,circumpolar,3.824501059,0.7103303906087217,0.7103303906087217,1.1150233324839751,FALSE,FALSE
2001-02-18,circumpolar,3.815883206,0.7100014199413276,0.7100014199413276,1.1150233324839751,FALSE,FALSE
2001-02-19,circumpolar,3.786275795,0.6839400260727806,0.6839400260727806,1.1150233324839751,FALSE,FALSE
2001-02-20,circumpolar,3.826643642,0.7228616852544874,0.7228616852544874,1.1150233324839751,FALSE,FALSE
2001-02-21,circumpolar,3.862470903,0.7520233475161908,0.7520233475161908,1.1150233324839751,FALSE,FALSE
2001-02-22,circumpolar,3.817093318,0.6948018886974499,0.6948018886974499,1.1150233324839751,FALSE,FALSE
2001-02-23,circumpolar,3.858187703,0.7190937733197167,0.7190937733197167,1.1150233324839751,FALSE,FALSE
2001-02-24,circumpolar,3.914608263,0.7539760818731405,0.7539760818731405,1.1150233324839751,FALSE,FALSE
2001-02-25,circumpolar,3.973684677,0.7870013688478856,0.7870013688478856,1.1150233324839751,FALSE,FALSE
2001-02-26,circumpolar,4.027088191,0.8100637557341019,0.8100637557341019,1.1150233324839751,FALSE,FALSE
2001-02-27,circumpolar,4.082363697,0.83093101002195,0.83093101002195,1.1150233324839751,FALSE,FALSE
2001-02-28,circumpolar,4.140768918,0.8510837302015846,0.8510837302015846,1.1150233324839751,FALSE,FALSE
2001-03-01,circumpolar,4.18220338,0.8506443177631633,0.8506443177631633,1.1150233324839751,FALSE,FALSE
2001-03-02,circumpolar,4.215317955,0.8384865201968381,0.8384865201968381,1.1150233324839751,FALSE,FALSE
2001-03-03,circumpolar,4.240593047,0.8153136169927757,0.8153136169927757,1.1150233324839751,FALSE,FALSE
2001-03-04,circumpolar,4.305030325,0.828350152641125,0.828350152641125,1.1150233324839751,FALSE,FALSE
2001-03-05,circumpolar,4.400387171,0.8695763783455006,0.8695763783455006,1.1150233324839751,FALSE,FALSE
2001-03-06,circumpolar,4.493313314,0.90584150715532,0.90584150715532,1.1150233324839751,FALSE,FALSE
2001-03-07,circumpolar,4.55620722,0.9096673559408216,0.9096673559408216,1.1150233324839751,FALSE,FALSE
2001-03-08,circumpolar,4.608152489,0.9002454083189733,0.9002454083189733,1.1150233324839751,FALSE,FALSE
2001-03-09,circumpolar,4.700512429,0.9290468559067392,0.9290468559067392,1.1150233324839751,FALSE,FALSE
2001-03-10,circumpolar,4.749833097,0.9127256393210912,0.9127256393210912,1.1150233324839751,FALSE,FALSE
2001-03-11,circumpolar,4.811479372,0.9067545211789998,0.9067545211789998,1.1150233324839751,FALSE,FALSE
2001-03-12,circumpolar,4.865832077,0.8916222080974276,0.8916222080974276,1.1150233324839751,FALSE,FALSE
2001-03-13,circumpolar,4.917523177,0.8720685486933428,0.8720685486933428,1.1150233324839751,FALSE,FALSE
2001-03-14,circumpolar,4.958903775,0.8405525295837171,0.8405525295837171,1.1150233324839751,FALSE,FALSE
2001-03-15,circumpolar,4.983319752,0.7905279153855167,0.7905279153855167,1.1150233324839751,FALSE,FALSE
2001-03-16,circumpolar,5.023600062,0.7549315437157063,0.7549315437157063,1.1150233324839751,FALSE,FALSE
2001-03-17,circumpolar,5.098842113,0.7529687061912611,0.7529687061912611,1.1150233324839751,FALSE,FALSE
2001-03-18,circumpolar,5.18962678,0.7653268704185958,0.7653268704185958,1.1150233324839751,FALSE,FALSE
2001-03-19,circumpolar,5.254165505,0.750291828203868,0.750291828203868,1.1150233324839751,FALSE,FALSE
2001-03-20,circumpolar,5.292010486,0.7074564011141327,0.7074564011141327,1.1150233324839751,FALSE,FALSE
2001-03-21,circumpolar,5.335322554,0.6690204558298936,0.6690204558298936,1.1150233324839751,FALSE,FALSE
2001-03-22,circumpolar,5.412830247,0.6637515660316842,0.6637515660316842,1.1150233324839751,FALSE,FALSE
2001-03-23,circumpolar,5.489649619,0.6568048214000228,0.6568048214000228,1.1150233324839751,FALSE,FALSE
2001-03-24,circumpolar,5.534183821,0.616622408615429,0.616622408615429,1.1150233324839751,FALSE,FALSE
2001-03-25,circumpolar,5.616830383,0.6136408933584301,0.6136408933584301,1.1150233324839751,FALSE,FALSE
2001-03-26,circumpolar,5.701698827,0.6120088333095399,0.6120088333095399,1.1150233324839751,FALSE,FALSE
2001-03-27,circumpolar,5.745179024,0.5681551351492864,0.5681551351492864,1.1150233324839751,FALSE,FALSE
2001-03-28,circumpolar,5.786869828,0.5217176885581924,0.5217176885581924,1.1150233324839751,FALSE,FALSE
2001-03-29,circumpolar,5.85135641,0.497320700216771,0.497320700216771,1.1150233324839751,FALSE,FALSE
2001-03-30,circumpolar,5.904871341,0.4612357768055526,0.4612357768055526,1.1150233324839751,FALSE,FALSE
2001-03-31,circumpolar,5.979011733,0.4450892124225687,0.4450892124225687,1.1150233324839751,FALSE,FALSE
2001-04-01,circumpolar,6.033974869,0.4090536121565771,0.4090536121565771,1.1150233324839751,FALSE,FALSE
2001-04-02,circumpolar,6.066227541,0.3495527800141698,0.3495527800141698,1.1150233324839751,FALSE,FALSE
2001-04-03,circumpolar,6.129156153,0.31993011686500594,0.31993011686500594,1.1150233324839751,FALSE,FALSE
2001-04-04,circumpolar,6.177236776,0.27461869057875266,0.27461869057875266,1.1150233324839751,FALSE,FALSE
2001-04-05,circumpolar,6.254740748,0.2578468360250703,0.2578468360250703,1.1150233324839751,FALSE,FALSE
2001-04-06,circumpolar,6.357246409,0.26514989007363177,0.26514989007363177,1.1150233324839751,FALSE,FALSE
2001-04-07,circumpolar,6.456252857,0.26798394759408595,0.26798394759408595,1.1150233324839751,FALSE,FALSE
2001-04-08,circumpolar,6.58631688,0.3008627934561039,0.3008627934561039,1.1150233324839751,FALSE,FALSE
2001-04-09,circumpolar,6.735279732,0.35158467852934283,0.35158467852934283,1.1150233324839751,FALSE,FALSE
2001-04-10,circumpolar,6.813437369,0.3304025556834711,0.3304025556834711,1.1150233324839751,FALSE,FALSE
2001-04-11,circumpolar,6.873463079,0.2899467097881461,0.2899467097881461,1.1150233324839751,FALSE,FALSE
2001-04-12,circumpolar,6.94052475,0.25534265228038233,0.25534265228038233,1.1150233324839751,FALSE,FALSE
2001-04-13,circumpolar,7.082405859,0.2943761391985227,0.2943761391985227,1.1150233324839751,FALSE,FALSE
2001-04-14,circumpolar,7.223186649,0.3312033069391367,0.3312033069391367,1.1150233324839751,FALSE,FALSE
2001-04-15,circumpolar,7.319965051,0.3230048558093799,0.3230048558093799,1.1150233324839751,FALSE,FALSE
2001-04-16,circumpolar,7.416091791,0.3132142811164389,0.3132142811164389,1.1150233324839751,FALSE,FALSE
2001-04-17,circumpolar,7.490443729,0.2807912121674674,0.2807912121674674,1.1150233324839751,FALSE,FALSE
2001-04-18,circumpolar,7.588040817,0.2708383702696331,0.2708383702696331,1.1150233324839751,FALSE,FALSE
2001-04-19,circumpolar,7.67242219,0.246977659730093,0.246977659730093,1.1150233324839751,FALSE,FALSE
2001-04-20,circumpolar,7.768459436,0.23416343785603644,0.23416343785603644,1.1150233324839751,FALSE,FALSE
2001-04-21,circumpolar,7.886048185,0.24237410395460657,0.24237410395460657,1.1150233324839751,FALSE,FALSE
2001-04-22,circumpolar,7.987517441,0.23402143133297848,0.23402143133297848,1.1150233324839751,FALSE,FALSE
2001-04-23,circumpolar,8.071315872,0.2076368572983247,0.2076368572983247,1.1150233324839751,FALSE,FALSE
2001-04-24,circumpolar,8.205166926,0.23102659915779625,0.23102659915779625,1.1150233324839751,FALSE,FALSE
2001-04-25,circumpolar,8.313118526,0.2283178476421348,0.2283178476421348,1.1150233324839751,FALSE,FALSE
2001-04-26,circumpolar,8.433675099,0.23806104139125672,0.23806104139125672,1.1150233324839751,FALSE,FALSE
2001-04-27,circumpolar,8.536088299,0.22953546853477924,0.22953546853477924,1.1150233324839751,FALSE,FALSE
2001-04-28,circumpolar,8.651374749,0.2337851926155761,0.2337851926155761,1.1150233324839751,FALSE,FALSE
2001-04-29,circumpolar,8.780338057,0.25164126217649496,0.25164126217649496,1.1150233324839751,FALSE,FALSE
2001-04-30,circumpolar,8.910132898,0.27028579276039366,0.27028579276039366,1.1150233324839751,FALSE,FALSE
2001-05-01,circumpolar,9.102900506,0.35188745891012907,0.35188745891012907,1.1150233324839751,FALSE,FALSE
2001-05-02,circumpolar,9.219751246,0.3575840661685543,0.3575840661685543,1.1150233324839751,FALSE,FALSE
2001-05-03,circumpolar,9.304925268,0.3316432050785423,0.3316432050785423,1.1150233324839751,FALSE,FALSE
2001-05-04,circumpolar,9.424810436,0.34048018018293646,0.34048018018293646,1.1150233324839751,FALSE,FALSE
2001-05-05,circumpolar,9.532932048,0.33764773002459236,0.33764773002459236,1.1150233324839751,FALSE,FALSE
2001-05-06,circumpolar,9.6898205,0.3837036911463816,0.3837036911463816,1.1150233324839751,FALSE,FALSE
2001-05-07,circumpolar,9.776464465,0.35966416209815577,0.35966416209815577,1.1150233324839751,FALSE,FALSE
2001-05-08,circumpolar,9.899427824,0.3721120906032489,0.3721120906032489,1.1150233324839751,FALSE,FALSE
2001-05-09,circumpolar,9.98551144,0.3478451595980854,0.3478451595980854,1.1150233324839751,FALSE,FALSE
2001-05-10,circumpolar,10.05928444,0.31142565562100444,0.31142565562100444,1.1150233324839751,FALSE,FALSE
2001-05-11,circumpolar,10.12828129,0.2703812042103202,0.2703812042103202,1.1150233324839751,FALSE,FALSE
2001-05-12,circumpolar,10.2306646,0.26286757490437296,0.26286757490437296,1.1150233324839751,FALSE,FALSE
2001-05-13,circumpolar,10.35015792,0.2726014772414782,0.2726014772414782,1.1150233324839751,FALSE,FALSE
2001-05-14,circumpolar,10.47451236,0.2873271807599771,0.2873271807599771,1.1150233324839751,FALSE,FALSE
2001-05-15,circumpolar,10.57944442,0.28275434499818886,0.28275434499818886,1.1150233324839751,FALSE,FALSE
2001-05-16,circumpolar,10.70829753,0.3022195594944357,0.3022195594944357,1.1150233324839751,FALSE,FALSE
2001-05-17,circumpolar,10.82318381,0.30782810378704895,0.30782810378704895,1.1150233324839751,FALSE,FALSE
2001-05-18,circumpolar,10.91408626,0.28955613741437425,0.28955613741437425,1.1150233324839751,FALSE,FALSE
2001-05-19,circumpolar,11.04196813,0.308360069914718,0.308360069914718,1.1150233324839751,FALSE,FALSE
2001-05-20,circumpolar,11.07112289,0.22852766386388448,0.22852766386388448,1.1150233324839751,FALSE,FALSE
2001-05-21,circumpolar,11.1735457,0.22206904672873584,0.22206904672873584,1.1150233324839751,FALSE,FALSE
2001-05-22,circumpolar,11.2785879,0.2183685892932541,0.2183685892932541,1.1150233324839751,FALSE,FALSE
2001-05-23,circumpolar,11.35949499,0.19070543007662089,0.19070543007662089,1.1150233324839751,FALSE,FALSE
2001-05-24,circumpolar,11.47649014,0.19933637759799971,0.19933637759799971,1.1150233324839751,FALSE,FALSE
2001-05-25,circumpolar,11.59151551,0.20623723037658337,0.20623723037658337,1.1150233324839751,FALSE,FALSE
2001-05-26,circumpolar,11.66160179,0.1684723169315383,0.1684723169315383,1.1150233324839751,FALSE,FALSE
2001-05-27,circumpolar,11.67685533,0.07618162578203425,0.07618162578203425,1.1150233324839751,FALSE,FALSE
2001-05-28,circumpolar,11.79905413,0.091176795447252,0.091176795447252,1.1150233324839751,FALSE,FALSE
2001-05-29,circumpolar,11.9372571,0.12255037444637652,0.12255037444637652,1.1150233324839751,FALSE,FALSE
2001-05-30,circumpolar,12.04424079,0.12311255129857555,0.12311255129857555,1.1150233324839751,FALSE,FALSE
2001-05-31,circumpolar,12.12198417,0.0948759345230119,0.0948759345230119,1.1150233324839751,FALSE,FALSE
2001-06-01,circumpolar,12.22336096,0.09074788263889212,0.09074788263889212,1.1150233324839751,FALSE,FALSE
2001-06-02,circumpolar,12.31744085,0.07982061219641423,0.07982061219641423,1.1150233324839751,FALSE,FALSE
2001-06-03,circumpolar,12.36565408,0.023497594050923,0.023497594050923,1.1150233324839751,FALSE,FALSE
2001-06-04,circumpolar,12.4100837,-0.03617855615339671,0.03617855615339671,1.1150233324839751,FALSE,FALSE
2001-06-05,circumpolar,12.48966878,-0.06030920327848754,0.06030920327848754,1.1150233324839751,FALSE,FALSE
2001-06-06,circumpolar,12.69378782,0.04044371781368383,0.04044371781368383,1.1150233324839751,FALSE,FALSE
2001-06-07,circumpolar,12.88024382,0.12384277226114372,0.12384277226114372,1.1150233324839751,FALSE,FALSE
2001-06-08,circumpolar,12.98903422,0.12984496520192934,0.12984496520192934,1.1150233324839751,FALSE,FALSE
2001-06-09,circumpolar,13.07832463,0.11657547177406968,0.11657547177406968,1.1150233324839751,FALSE,FALSE
2001-06-10,circumpolar,13.18812238,0.12400118711559747,0.12400118711559747,1.1150233324839751,FALSE,FALSE
2001-06-11,circumpolar,13.34134258,0.17499678636456473,0.17499678636456473,1.1150233324839751,FALSE,FALSE
2001-06-12,circumpolar,13.53021869,0.26175529465898606,0.26175529465898606,1.1150233324839751,FALSE,FALSE
2001-06-13,circumpolar,13.70905712,0.3385426871368953,0.3385426871368953,1.1150233324839751,FALSE,FALSE
2001-06-14,circumpolar,13.82298253,0.35044501935675854,0.35044501935675854,1.1150233324839751,FALSE,FALSE
2001-06-15,circumpolar,13.90966709,0.3351765494010035,0.3351765494010035,1.1150233324839751,FALSE,FALSE
2001-06-16,circumpolar,13.99705088,0.32083014384399355,0.32083014384399355,1.1150233324839751,FALSE,FALSE
2001-06-17,circumpolar,14.04440876,0.26684146955460974,0.26684146955460974,1.1150233324839751,FALSE,FALSE
2001-06-18,circumpolar,14.1196204,0.2412510034017128,0.2412510034017128,1.1150233324839751,FALSE,FALSE
2001-06-19,circumpolar,14.25345226,0.27498601225418895,0.27498601225418895,1.1150233324839751,FALSE,FALSE
2001-06-20,circumpolar,14.3513418,0.2736447629809078,0.2736447629809078,1.1150233324839751,FALSE,FALSE
2001-06-21,circumpolar,14.47769293,0.30179197245074363,0.30179197245074363,1.1150233324839751,FALSE,FALSE
2001-06-22,circumpolar,14.54791302,0.2749958175325542,0.2749958175325542,1.1150233324839751,FALSE,FALSE
2001-06-23,circumpolar,14.61988544,0.25130047509522946,0.25130047509522946,1.1150233324839751,FALSE,FALSE
2001-06-24,circumpolar,14.66732289,0.20457945200764271,0.20457945200764271,1.1150233324839751,FALSE,FALSE
2001-06-25,circumpolar,14.65772273,0.10249091513865238,0.10249091513865238,1.1150233324839751,FALSE,FALSE
2001-06-26,circumpolar,14.72051201,0.07462272135714798,0.07462272135714798,1.1150233324839751,FALSE,FALSE
2001-06-27,circumpolar,14.79615232,0.06156924284569065,0.06156924284569065,1.1150233324839751,FALSE,FALSE
2001-06-28,circumpolar,14.93469002,0.11329785309633068,0.11329785309633068,1.1150233324839751,FALSE,FALSE
2001-06-29,circumpolar,15.01300611,0.10651380016214772,0.10651380016214772,1.1150233324839751,FALSE,FALSE
2001-06-30,circumpolar,15.05696278,0.06690302457567299,0.06690302457567299,1.1150233324839751,FALSE,FALSE
2001-07-01,circumpolar,15.17002041,0.0977496568694658,0.0977496568694658,1.1150233324839751,FALSE,FALSE
2001-07-02,circumpolar,15.27614938,0.12284782757606648,0.12284782757606648,1.1150233324839751,FALSE,FALSE
2001-07-03,circumpolar,15.35415534,0.1208269372280384,0.1208269372280384,1.1150233324839751,FALSE,FALSE
2001-07-04,circumpolar,15.35235887,0.03983131635791714,0.03983131635791714,1.1150233324839751,FALSE,FALSE
2001-07-05,circumpolar,15.37926001,-0.01181524450174542,0.01181524450174542,1.1150233324839751,FALSE,FALSE
2001-07-06,circumpolar,15.44969057,-0.0194571848184033,0.0194571848184033,1.1150233324839751,FALSE,FALSE
2001-07-07,circumpolar,15.59250168,0.04558037594049757,0.04558037594049757,1.1150233324839751,FALSE,FALSE
2001-07-08,circumpolar,15.68684034,0.06226818830750069,0.06226818830750069,1.1150233324839751,FALSE,FALSE
2001-07-09,circumpolar,15.79900315,0.09672701580904251,0.09672701580904251,1.1150233324839751,FALSE,FALSE
2001-07-10,circumpolar,15.89893664,0.11880787737051256,0.11880787737051256,1.1150233324839751,FALSE,FALSE
2001-07-11,circumpolar,15.93735096,0.0793012020004582,0.0793012020004582,1.1150233324839751,FALSE,FALSE
2001-07-12,circumpolar,15.94456114,0.00862556211763276,0.00862556211763276,1.1150233324839751,FALSE,FALSE
2001-07-13,circumpolar,15.97797128,-0.03571139985914051,0.03571139985914051,1.1150233324839751,FALSE,FALSE
2001-07-14,circumpolar,16.04570683,-0.04548069151109146,0.04548069151109146,1.1150233324839751,FALSE,FALSE
2001-07-15,circumpolar,16.10464746,-0.06369910041941651,0.06369910041941651,1.1150233324839751,FALSE,FALSE
2001-07-16,circumpolar,16.13112196,-0.11393429416533252,0.11393429416533252,1.1150233324839751,FALSE,FALSE
2001-07-17,circumpolar,16.2091797,-0.1120333603300594,0.1120333603300594,1.1150233324839751,FALSE,FALSE
2001-07-18,circumpolar,16.29456674,-0.10214669649476704,0.10214669649476704,1.1150233324839751,FALSE,FALSE
2001-07-19,circumpolar,16.3546031,-0.1168507402407073,0.1168507402407073,1.1150233324839751,FALSE,FALSE
2001-07-20,circumpolar,16.42394241,-0.12138831914906588,0.12138831914906588,1.1150233324839751,FALSE,FALSE
2001-07-21,circumpolar,16.53568178,-0.08255878080105816,0.08255878080105816,1.1150233324839751,FALSE,FALSE
2001-07-22,circumpolar,16.60854799,-0.08153468471951442,0.08153468471951442,1.1150233324839751,FALSE,FALSE
2001-07-23,circumpolar,16.72574038,-0.03505580784360518,0.03505580784360518,1.1150233324839751,FALSE,FALSE
2001-07-24,circumpolar,16.83815328,0.00780406755018248,0.00780406755018248,1.1150233324839751,FALSE,FALSE
2001-07-25,circumpolar,16.94814771,0.04943719145826719,0.04943719145826719,1.1150233324839751,FALSE,FALSE
2001-07-26,circumpolar,17.06026888,0.09442000387709017,0.09442000387709017,1.1150233324839751,FALSE,FALSE
2001-07-27,circumpolar,17.19423556,0.1625025048030757,0.1625025048030757,1.1150233324839751,FALSE,FALSE
2001-07-28,circumpolar,17.28551072,0.1891788942326471,0.1891788942326471,1.1150233324839751,FALSE,FALSE
2001-07-29,circumpolar,17.23899689,0.07938293216223613,0.07938293216223613,1.1150233324839751,FALSE,FALSE
2001-07-30,circumpolar,17.30446009,0.08291186858828326,0.08291186858828326,1.1150233324839751,FALSE,FALSE
2001-07-31,circumpolar,17.29126928,0.00916589350719476,0.00916589350719476,1.1150233324839751,FALSE,FALSE
2001-08-01,circumpolar,17.36917784,0.0279296169153902,0.0279296169153902,1.1150233324839751,FALSE,FALSE
2001-08-02,circumpolar,17.45323819,0.05428668880933429,0.05428668880933429,1.1150233324839751,FALSE,FALSE
2001-08-03,circumpolar,17.49549127,0.04030927862276456,0.04030927862276456,1.1150233324839751,FALSE,FALSE
2001-08-04,circumpolar,17.52457662,0.01465296593790199,0.01465296593790199,1.1150233324839751,FALSE,FALSE
2001-08-05,circumpolar,17.48511151,-0.07810373532508663,0.07810373532508663,1.1150233324839751,FALSE,FALSE
2001-08-06,circumpolar,17.53564222,-0.0794656529877642,0.0794656529877642,1.1150233324839751,FALSE,FALSE
2001-08-07,circumpolar,17.57615524,-0.0894974048717252,0.0894974048717252,1.1150233324839751,FALSE,FALSE
2001-08-08,circumpolar,17.61957615,-0.09532451879856652,0.09532451879856652,1.1150233324839751,FALSE,FALSE
2001-08-09,circumpolar,17.68093617,-0.08196688258987095,0.08196688258987095,1.1150233324839751,FALSE,FALSE
2001-08-10,circumpolar,17.70100787,-0.10870303406723636,0.10870303406723636,1.1150233324839751,FALSE,FALSE
2001-08-11,circumpolar,17.68406112,-0.17131421105225186,0.17131421105225186,1.1150233324839751,FALSE,FALSE
2001-08-12,circumpolar,17.67197397,-0.2279734713665071,0.2279734713665071,1.1150233324839751,FALSE,FALSE
2001-08-13,circumpolar,17.71347408,-0.2300042628315744,0.2300042628315744,1.1150233324839751,FALSE,FALSE
2001-08-14,circumpolar,17.80649471,-0.1795244332690622,0.1795244332690622,1.1150233324839751,FALSE,FALSE
2001-08-15,circumpolar,17.96773238,-0.05988857050055785,0.05988857050055785,1.1150233324839751,FALSE,FALSE
2001-08-16,circumpolar,18.00481536,-0.06351863377735256,0.06351863377735256,1.1150233324839751,FALSE,FALSE
2001-08-17,circumpolar,17.99851139,-0.10967099917783683,0.10967099917783683,1.1150233324839751,FALSE,FALSE
2001-08-18,circumpolar,17.97907883,-0.16808153419462357,0.16808153419462357,1.1150233324839751,FALSE,FALSE
2001-08-19,circumpolar,17.95196679,-0.2332937183485626,0.2332937183485626,1.1150233324839751,FALSE,FALSE
2001-08-20,circumpolar,17.91895365,-0.30352176116048213,0.30352176116048213,1.1150233324839751,FALSE,FALSE
2001-08-21,circumpolar,17.86802547,-0.3907721921512106,0.3907721921512106,1.1150233324839751,FALSE,FALSE
2001-08-22,circumpolar,17.93205125,-0.362168600841585,0.362168600841585,1.1150233324839751,FALSE,FALSE
2001-08-23,circumpolar,17.94232828,-0.3864062867524538,0.3864062867524538,1.1150233324839751,FALSE,FALSE
2001-08-24,circumpolar,17.87622117,-0.4861132294046513,0.4861132294046513,1.1150233324839751,FALSE,FALSE
2001-08-25,circumpolar,17.84411254,-0.5508993983190003,0.5508993983190003,1.1150233324839751,FALSE,FALSE
2001-08-26,circumpolar,17.84336693,-0.5833928430163589,0.5833928430163589,1.1150233324839751,FALSE,FALSE
2001-08-27,circumpolar,17.82530406,-0.6322664330175485,0.6322664330175485,1.1150233324839751,FALSE,FALSE
2001-08-28,circumpolar,17.78190573,-0.7055309578434077,0.7055309578434077,1.1150233324839751,FALSE,FALSE
2001-08-29,circumpolar,17.76085954,-0.7554904974780072,0.7554904974780072,1.1150233324839751,FALSE,FALSE
2001-08-30,circumpolar,17.80634593,-0.7379507640172278,0.7379507640172278,1.1150233324839751,FALSE,FALSE
2001-08-31,circumpolar,17.81226437,-0.758996362553372,0.758996362553372,1.1150233324839751,FALSE,FALSE
2001-09-01,circumpolar,17.90872218,-0.6885040444532287,0.6885040444532287,1.1150233324839751,FALSE,FALSE
2001-09-02,circumpolar,17.94462609,-0.6775511510836161,0.6775511510836161,1.1150233324839751,FALSE,FALSE
2001-09-03,circumpolar,18.04567593,-0.600421923811318,0.600421923811318,1.1150233324839751,FALSE,FALSE
2001-09-04,circumpolar,18.13507197,-0.5339001640031462,0.5339001640031462,1.1150233324839751,FALSE,FALSE
2001-09-05,circumpolar,18.11990731,-0.5708768430259212,0.5708768430259212,1.1150233324839751,FALSE,FALSE
2001-09-06,circumpolar,18.1461735,-0.5653444822464024,0.5653444822464024,1.1150233324839751,FALSE,FALSE
2001-09-07,circumpolar,18.20744256,-0.5237151330314376,0.5237151330314376,1.1150233324839751,FALSE,FALSE
2001-09-08,circumpolar,18.25048092,-0.4992064367478122,0.4992064367478122,1.1150233324839751,FALSE,FALSE
2001-09-09,circumpolar,18.36593229,-0.4011587547623314,0.4011587547623314,1.1150233324839751,FALSE,FALSE
2001-09-10,circumpolar,18.49265246,-0.2907003445599301,0.2907003445599301,1.1150233324839751,FALSE,FALSE
2001-09-11,circumpolar,18.55778066,-0.2406737564813355,0.2406737564813355,1.1150233324839751,FALSE,FALSE
2001-09-12,circumpolar,18.5477554,-0.2646181582247955,0.2646181582247955,1.1150233324839751,FALSE,FALSE
2001-09-13,circumpolar,18.59841765,-0.2266698255160513,0.2266698255160513,1.1150233324839751,FALSE,FALSE
2001-09-14,circumpolar,18.59637098,-0.24020243408086728,0.24020243408086728,1.1150233324839751,FALSE,FALSE
2001-09-15,circumpolar,18.57499943,-0.27180918964502254,0.27180918964502254,1.1150233324839751,FALSE,FALSE
2001-09-16,circumpolar,18.57399791,-0.28177242793424995,0.28177242793424995,1.1150233324839751,FALSE,FALSE
2001-09-17,circumpolar,18.61227608,-0.2511597346743102,0.2511597346743102,1.1150233324839751,FALSE,FALSE
2001-09-18,circumpolar,18.73902146,-0.13076083559097995,0.13076083559097995,1.1150233324839751,FALSE,FALSE
2001-09-19,circumpolar,18.84571432,-0.02907270640999826,0.02907270640999826,1.1150233324839751,FALSE,FALSE
2001-09-20,circumpolar,18.79790836,-0.08051889285714608,0.08051889285714608,1.1150233324839751,FALSE,FALSE
2001-09-21,circumpolar,18.82793326,-0.05274696065816542,0.05274696065816542,1.1150233324839751,FALSE,FALSE
2001-09-22,circumpolar,18.78642666,-0.09509651553880616,0.09509651553880616,1.1150233324839751,FALSE,FALSE
2001-09-23,circumpolar,18.75691226,-0.12402188397154036,0.12402188397154036,1.1150233324839751,FALSE,FALSE
2001-09-24,circumpolar,18.71832662,-0.16057289120051266,0.16057289120051266,1.1150233324839751,FALSE,FALSE
2001-09-25,circumpolar,18.6979843,-0.17742643302929295,0.17742643302929295,1.1150233324839751,FALSE,FALSE
2001-09-26,circumpolar,18.69833257,-0.172126766406965,0.172126766406965,1.1150233324839751,FALSE,FALSE
2001-09-27,circumpolar,18.72521787,-0.13881897828264655,0.13881897828264655,1.1150233324839751,FALSE,FALSE
2001-09-28,circumpolar,18.72161032,-0.13452447560543135,0.13452447560543135,1.1150233324839751,FALSE,FALSE
2001-09-29,circumpolar,18.66777677,-0.17896793532444022,0.17896793532444022,1.1150233324839751,FALSE,FALSE
2001-09-30,circumpolar,18.64385557,-0.19200253438876305,0.19200253438876305,1.1150233324839751,FALSE,FALSE
2001-10-01,circumpolar,18.54938953,-0.2740769897474955,0.2740769897474955,1.1150233324839751,FALSE,FALSE
2001-10-02,circumpolar,18.5298363,-0.27972517834975363,0.27972517834975363,1.1150233324839751,FALSE,FALSE
2001-10-03,circumpolar,18.45291702,-0.34121748714462896,0.34121748714462896,1.1150233324839751,FALSE,FALSE
2001-10-04,circumpolar,18.3790845,-0.3980926330812302,0.3980926330812302,1.1150233324839751,FALSE,FALSE
2001-10-05,circumpolar,18.33561055,-0.42307033039747566,0.42307033039747566,1.1150233324839751,FALSE,FALSE
2001-10-06,circumpolar,18.28774692,-0.450887073787527,0.450887073787527,1.1150233324839751,FALSE,FALSE
2001-10-07,circumpolar,18.25120641,-0.46580866100607565,0.46580866100607565,1.1150233324839751,FALSE,FALSE
2001-10-08,circumpolar,18.23659525,-0.4572056949192458,0.4572056949192458,1.1150233324839751,FALSE,FALSE
2001-10-09,circumpolar,18.20183451,-0.4671339383931467,0.4671339383931467,1.1150233324839751,FALSE,FALSE
2001-10-10,circumpolar,18.1908332,-0.45166121429388184,0.45166121429388184,1.1150233324839751,FALSE,FALSE
2001-10-11,circumpolar,18.10576678,-0.5085888954875806,0.5085888954875806,1.1150233324839751,FALSE,FALSE
2001-10-12,circumpolar,18.09307885,-0.491450214840377,0.491450214840377,1.1150233324839751,FALSE,FALSE
2001-10-13,circumpolar,18.06719281,-0.48579860521834206,0.48579860521834206,1.1150233324839751,FALSE,FALSE
2001-10-14,circumpolar,18.05361754,-0.46610201948763574,0.46610201948763574,1.1150233324839751,FALSE,FALSE
2001-10-15,circumpolar,18.06406345,-0.4206268805143445,0.4206268805143445,1.1150233324839751,FALSE,FALSE
2001-10-16,circumpolar,18.04521181,-0.4026687511645939,0.4026687511645939,1.1150233324839751,FALSE,FALSE
2001-10-17,circumpolar,18.06406846,-0.34519862430450843,0.34519862430450843,1.1150233324839751,FALSE,FALSE
2001-10-18,circumpolar,18.05559725,-0.31322985572464646,0.31322985572464646,1.1150233324839751,FALSE,FALSE
2001-10-19,circumpolar,18.03853245,-0.28801330202063014,0.28801330202063014,1.1150233324839751,FALSE,FALSE
2001-10-20,circumpolar,17.97115824,-0.3112574821987373,0.3112574821987373,1.1150233324839751,FALSE,FALSE
2001-10-21,circumpolar,17.87736927,-0.35906074846666414,0.35906074846666414,1.1150233324839751,FALSE,FALSE
2001-10-22,circumpolar,17.75838818,-0.43019346303211137,0.43019346303211137,1.1150233324839751,FALSE,FALSE
2001-10-23,circumpolar,17.7806664,-0.35819719810277917,0.35819719810277917,1.1150233324839751,FALSE,FALSE
2001-10-24,circumpolar,17.70602045,-0.3812484358863486,0.3812484358863486,1.1150233324839751,FALSE,FALSE
2001-10-25,circumpolar,17.67693868,-0.356851828590532,0.356851828590532,1.1150233324839751,FALSE,FALSE
2001-10-26,circumpolar,17.60746942,-0.37095204842301754,0.37095204842301754,1.1150233324839751,FALSE,FALSE
2001-10-27,circumpolar,17.61724301,-0.3039117575914929,0.3039117575914929,1.1150233324839751,FALSE,FALSE
2001-10-28,circumpolar,17.5753456,-0.2866378083036665,0.2866378083036665,1.1150233324839751,FALSE,FALSE
2001-10-29,circumpolar,17.4882481,-0.3126522927672326,0.3126522927672326,1.1150233324839751,FALSE,FALSE
2001-10-30,circumpolar,17.42108288,-0.3168158431898789,0.3168158431898789,1.1150233324839751,FALSE,FALSE
2001-10-31,circumpolar,17.34018436,-0.33276438350346993,0.33276438350346993,1.1150233324839751,FALSE,FALSE
2001-11-01,circumpolar,17.26202949,-0.34387977868610164,0.34387977868610164,1.1150233324839751,FALSE,FALSE
2001-11-02,circumpolar,17.20536562,-0.3312392363551808,0.3312392363551808,1.1150233324839751,FALSE,FALSE
2001-11-03,circumpolar,17.1471589,-0.31770115491882933,0.31770115491882933,1.1150233324839751,FALSE,FALSE
2001-11-04,circumpolar,17.04778962,-0.34270979278516833,0.34270979278516833,1.1150233324839751,FALSE,FALSE
2001-11-05,circumpolar,16.97350594,-0.33984153836232167,0.33984153836232167,1.1150233324839751,FALSE,FALSE
2001-11-06,circumpolar,16.96007826,-0.2731505400584133,0.2731505400584133,1.1150233324839751,FALSE,FALSE
2001-11-07,circumpolar,16.86043723,-0.2895306962815738,0.2895306962815738,1.1150233324839751,FALSE,FALSE
2001-11-08,circumpolar,16.74763443,-0.31575497543990494,0.31575497543990494,1.1150233324839751,FALSE,FALSE
2001-11-09,circumpolar,16.69723306,-0.27608472594156197,0.27608472594156197,1.1150233324839751,FALSE,FALSE
2001-11-10,circumpolar,16.62631194,-0.25326567619463347,0.25326567619463347,1.1150233324839751,FALSE,FALSE
2001-11-11,circumpolar,16.53768304,-0.2443104046072655,0.2443104046072655,1.1150233324839751,FALSE,FALSE
2001-11-12,circumpolar,16.41573675,-0.26465437136328873,0.26465437136328873,1.1150233324839751,FALSE,FALSE
2001-11-13,circumpolar,16.36138068,-0.21328782957769832,0.21328782957769832,1.1150233324839751,FALSE,FALSE
2001-11-14,circumpolar,16.21295589,-0.25187583282735915,0.25187583282735915,1.1150233324839751,FALSE,FALSE
2001-11-15,circumpolar,16.17138094,-0.17951486356882995,0.17951486356882995,1.1150233324839751,FALSE,FALSE
2001-11-16,circumpolar,16.07846128,-0.15441451425864727,0.15441451425864727,1.1150233324839751,FALSE,FALSE
2001-11-17,circumpolar,15.94522403,-0.1655627073533683,0.1655627073533683,1.1150233324839751,FALSE,FALSE
2001-11-18,circumpolar,15.87585718,-0.10878649530955188,0.10878649530955188,1.1150233324839751,FALSE,FALSE
2001-11-19,circumpolar,15.82217075,-0.03229090058373884,0.03229090058373884,1.1150233324839751,FALSE,FALSE
2001-11-20,circumpolar,15.66221324,-0.05804246563247339,0.05804246563247339,1.1150233324839751,FALSE,FALSE
2001-11-21,circumpolar,15.56834401,-0.01369687291231613,0.01369687291231613,1.1150233324839751,FALSE,FALSE
2001-11-22,circumpolar,15.41935144,-0.02048078487980831,0.02048078487980831,1.1150233324839751,FALSE,FALSE
2001-11-23,circumpolar,15.26841512,-0.02522965399151111,0.02522965399151111,1.1150233324839751,FALSE,FALSE
2001-11-24,circumpolar,15.13342939,-0.01006418270396203,0.01006418270396203,1.1150233324839751,FALSE,FALSE
2001-11-25,circumpolar,14.91337115,-0.07601500627980506,0.07601500627980506,1.1150233324839751,FALSE,FALSE
2001-11-26,circumpolar,14.8039383,-0.02732826539330091,0.02732826539330091,1.1150233324839751,FALSE,FALSE
2001-11-27,circumpolar,14.68964411,0.02059719600639198,0.02059719600639198,1.1150233324839751,FALSE,FALSE
2001-11-28,circumpolar,14.55478192,0.05214284579655803,0.05214284579655803,1.1150233324839751,FALSE,FALSE
2001-11-29,circumpolar,14.48178426,0.14982934185445096,0.14982934185445096,1.1150233324839751,FALSE,FALSE
2001-11-30,circumpolar,14.3641164,0.20721008205734037,0.20721008205734037,1.1150233324839751,FALSE,FALSE
2001-12-01,circumpolar,14.22753352,0.250128374282486,0.250128374282486,1.1150233324839751,FALSE,FALSE
2001-12-02,circumpolar,14.00094421,0.2075809364071581,0.2075809364071581,1.1150233324839751,FALSE,FALSE
2001-12-03,circumpolar,13.78725526,0.18256268630861072,0.18256268630861072,1.1150233324839751,FALSE,FALSE
2001-12-04,circumpolar,13.65880891,0.247503991864118,0.247503991864118,1.1150233324839751,FALSE,FALSE
2001-12-05,circumpolar,13.46689462,0.25378244095093905,0.25378244095093905,1.1150233324839751,FALSE,FALSE
2001-12-06,circumpolar,13.16743745,0.15741122144633657,0.15741122144633657,1.1150233324839751,FALSE,FALSE
2001-12-07,circumpolar,12.99111049,0.1891510569069954,0.1891510569069954,1.1150233324839751,FALSE,FALSE
2001-12-08,circumpolar,12.7544742,0.16549658796140854,0.16549658796140854,1.1150233324839751,FALSE,FALSE
2001-12-09,circumpolar,12.47914877,0.10763211311993004,0.10763211311993004,1.1150233324839751,FALSE,FALSE
2001-12-10,circumpolar,12.25064472,0.10057759299066404,0.10057759299066404,1.1150233324839751,FALSE,FALSE
2001-12-11,circumpolar,12.10959542,0.184475838181708,0.184475838181708,1.1150233324839751,FALSE,FALSE
2001-12-12,circumpolar,11.90470706,0.2075424793011571,0.2075424793011571,1.1150233324839751,FALSE,FALSE
2001-12-13,circumpolar,11.595827420000001,0.1291347369571163,0.1291347369571163,1.1150233324839751,FALSE,FALSE
2001-12-14,circumpolar,11.39921174,0.16501729175767998,0.16501729175767998,1.1150233324839751,FALSE,FALSE
2001-12-15,circumpolar,11.14897649,0.14881605431095046,0.14881605431095046,1.1150233324839751,FALSE,FALSE
2001-12-16,circumpolar,10.90707917,0.1419979652250376,0.1419979652250376,1.1150233324839751,FALSE,FALSE
2001-12-17,circumpolar,10.71928557,0.18983825510802887,0.18983825510802887,1.1150233324839751,FALSE,FALSE
2001-12-18,circumpolar,10.45238522,0.15863589456802352,0.15863589456802352,1.1150233324839751,FALSE,FALSE
2001-12-19,circumpolar,10.24764527,0.18916747421312685,0.18916747421312685,1.1150233324839751,FALSE,FALSE
2001-12-20,circumpolar,9.974200203,0.1500785006924339,0.1500785006924339,1.1150233324839751,FALSE,FALSE
2001-12-21,circumpolar,9.767455984,0.17631099358461455,0.17631099358461455,1.1150233324839751,FALSE,FALSE
2001-12-22,circumpolar,9.574417041,0.2144254156819283,0.2144254156819283,1.1150233324839751,FALSE,FALSE
2001-12-23,circumpolar,9.378697485,0.24759246956369552,0.24759246956369552,1.1150233324839751,FALSE,FALSE
2001-12-24,circumpolar,9.218300959,0.31337238980922066,0.31337238980922066,1.1150233324839751,FALSE,FALSE
2001-12-25,circumpolar,9.042117406,0.3602117109978398,0.3602117109978398,1.1150233324839751,FALSE,FALSE
2001-12-26,circumpolar,8.834461651,0.37198184970884896,0.37198184970884896,1.1150233324839751,FALSE,FALSE
2001-12-27,circumpolar,8.622909066,0.3758147695215968,0.3758147695215968,1.1150233324839751,FALSE,FALSE
2001-12-28,circumpolar,8.483446977,0.4472543880153701,0.4472543880153701,1.1150233324839751,FALSE,FALSE
2001-12-29,circumpolar,8.295460959,0.46524287176951873,0.46524287176951873,1.1150233324839751,FALSE,FALSE
2001-12-30,circumpolar,8.02004189,0.390427690363337,0.390427690363337,1.1150233324839751,FALSE,FALSE
2001-12-31,circumpolar,7.723160754,0.2883364193761402,0.2883364193761402,1.1150233324839751,FALSE,FALSE
2002-01-01,circumpolar,7.41942028,0.17312837938726666,0.17312837938726666,1.1150233324839751,FALSE,FALSE
2002-01-02,circumpolar,7.18151408,0.11717119743072946,0.11717119743072946,1.1150233324839751,FALSE,FALSE
2002-01-03,circumpolar,7.045728817,0.15689524535938748,0.15689524535938748,1.1150233324839751,FALSE,FALSE
2002-01-04,circumpolar,6.817248191,0.09774535548081964,0.09774535548081964,1.1150233324839751,FALSE,FALSE
2002-01-05,circumpolar,6.629519664,0.07343012210261346,0.07343012210261346,1.1150233324839751,FALSE,FALSE
2002-01-06,circumpolar,6.432955987,0.03462342853231881,0.03462342853231881,1.1150233324839751,FALSE,FALSE
2002-01-07,circumpolar,6.306425294,0.06045454107750991,0.06045454107750991,1.1150233324839751,FALSE,FALSE
2002-01-08,circumpolar,6.088309532,-0.01043346095422848,0.01043346095422848,1.1150233324839751,FALSE,FALSE
2002-01-09,circumpolar,5.860612096,-0.0957760502553402,0.0957760502553402,1.1150233324839751,FALSE,FALSE
2002-01-10,circumpolar,5.672512979,-0.14613210151823353,0.14613210151823353,1.1150233324839751,FALSE,FALSE
2002-01-11,circumpolar,5.552938107,-0.13231455643535917,0.13231455643535917,1.1150233324839751,FALSE,FALSE
2002-01-12,circumpolar,5.408909142,-0.14704062069913082,0.14704062069913082,1.1150233324839751,FALSE,FALSE
2002-01-13,circumpolar,5.288719858,-0.14175538800197973,0.14175538800197973,1.1150233324839751,FALSE,FALSE
2002-01-14,circumpolar,5.188509586,-0.12006162102708552,0.12006162102708552,1.1150233324839751,FALSE,FALSE
2002-01-15,circumpolar,5.036959314,-0.15313618961314024,0.15313618961314024,1.1150233324839751,FALSE,FALSE
2002-01-16,circumpolar,4.85250337,-0.2225476512989344,0.2225476512989344,1.1150233324839751,FALSE,FALSE
2002-01-17,circumpolar,4.7209916,-0.2424582176675836,0.2424582176675836,1.1150233324839751,FALSE,FALSE
2002-01-18,circumpolar,4.620811206,-0.23449274430219536,0.23449274430219536,1.1150233324839751,FALSE,FALSE
2002-01-19,circumpolar,4.559800932,-0.1908245447858823,0.1908245447858823,1.1150233324839751,FALSE,FALSE
2002-01-20,circumpolar,4.510948634,-0.13847782070175452,0.13847782070175452,1.1150233324839751,FALSE,FALSE
2002-01-21,circumpolar,4.422556665,-0.12916227663292634,0.12916227663292634,1.1150233324839751,FALSE,FALSE
2002-01-22,circumpolar,4.329588709,-0.12792628616250656,0.12792628616250656,1.1150233324839751,FALSE,FALSE
2002-01-23,circumpolar,4.182638963,-0.18418770987360575,0.18418770987360575,1.1150233324839751,FALSE,FALSE
2002-01-24,circumpolar,4.093015096,-0.1866509363493405,0.1866509363493405,1.1150233324839751,FALSE,FALSE
2002-01-25,circumpolar,4.033986917,-0.16205821417281907,0.16205821417281907,1.1150233324839751,FALSE,FALSE
2002-01-26,circumpolar,4.013253752,-0.1027222749271477,0.1027222749271477,1.1150233324839751,FALSE,FALSE
2002-01-27,circumpolar,3.951186405,-0.08827290034189028,0.08827290034189028,1.1150233324839751,FALSE,FALSE
2002-01-28,circumpolar,3.91358201,-0.05283588390531468,0.05283588390531468,1.1150233324839751,FALSE,FALSE
2002-01-29,circumpolar,3.845564925,-0.05117759358620599,0.05117759358620599,1.1150233324839751,FALSE,FALSE
2002-01-30,circumpolar,3.740569543,-0.08975425862204567,0.08975425862204567,1.1150233324839751,FALSE,FALSE
2002-01-31,circumpolar,3.653375686,-0.11367667925029236,0.11367667925029236,1.1150233324839751,FALSE,FALSE
2002-02-01,circumpolar,3.654837171,-0.05198166070842935,0.05198166070842935,1.1150233324839751,FALSE,FALSE
2002-02-02,circumpolar,3.651245734,0.00173191076607448,0.00173191076607448,1.1150233324839751,FALSE,FALSE
2002-02-03,circumpolar,3.599939608,0.00491164593575277,0.00491164593575277,1.1150233324839751,FALSE,FALSE
2002-02-04,circumpolar,3.551835937,0.00858406656312604,0.00858406656312604,1.1150233324839751,FALSE,FALSE
2002-02-05,circumpolar,3.489082192,-0.00499397858928007,0.00499397858928007,1.1150233324839751,FALSE,FALSE
2002-02-06,circumpolar,3.403262193,-0.04412929175893199,0.04412929175893199,1.1150233324839751,FALSE,FALSE
2002-02-07,circumpolar,3.309523634,-0.09356480118330256,0.09356480118330256,1.1150233324839751,FALSE,FALSE
2002-02-08,circumpolar,3.27824034,-0.08281814491680972,0.08281814491680972,1.1150233324839751,FALSE,FALSE
2002-02-09,circumpolar,3.24362894,-0.07767516446103251,0.07767516446103251,1.1150233324839751,FALSE,FALSE
2002-02-10,circumpolar,3.203060554,-0.08098797746897546,0.08098797746897546,1.1150233324839751,FALSE,FALSE
2002-02-11,circumpolar,3.213047026,-0.03649407968923102,0.03649407968923102,1.1150233324839751,FALSE,FALSE
2002-02-12,circumpolar,3.194337385,-0.02369378187040904,0.02369378187040904,1.1150233324839751,FALSE,FALSE
2002-02-13,circumpolar,3.098553428,-0.09121462676111802,0.09121462676111802,1.1150233324839751,FALSE,FALSE
2002-02-14,circumpolar,3.044966973,-0.12003413610995216,0.12003413610995216,1.1150233324839751,FALSE,FALSE
2002-02-15,circumpolar,3.043689785,-0.10028988466552224,0.10028988466552224,1.1150233324839751,FALSE,FALSE
2002-02-16,circumpolar,3.020670832,-0.1062822441764335,0.1062822441764335,1.1150233324839751,FALSE,FALSE
2002-02-17,circumpolar,3.066770483,-0.04740018539127844,0.04740018539127844,1.1150233324839751,FALSE,FALSE
2002-02-18,circumpolar,3.087281359,-0.01860042705867259,0.01860042705867259,1.1150233324839751,FALSE,FALSE
2002-02-19,circumpolar,3.062941768,-0.03939400092721934,0.03939400092721934,1.1150233324839751,FALSE,FALSE
2002-02-20,circumpolar,3.072896309,-0.03088564774551283,0.03088564774551283,1.1150233324839751,FALSE,FALSE
2002-02-21,circumpolar,3.030069997,-0.08037755848380934,0.08037755848380934,1.1150233324839751,FALSE,FALSE
2002-02-22,circumpolar,3.005807679,-0.11648375030254998,0.11648375030254998,1.1150233324839751,FALSE,FALSE
2002-02-23,circumpolar,3.038688261,-0.10040566868028344,0.10040566868028344,1.1150233324839751,FALSE,FALSE
2002-02-24,circumpolar,3.121198941,-0.03943324012685956,0.03943324012685956,1.1150233324839751,FALSE,FALSE
2002-02-25,circumpolar,3.189765721,0.00308241284788568,0.00308241284788568,1.1150233324839751,FALSE,FALSE
2002-02-26,circumpolar,3.226811566,0.00978713073410197,0.00978713073410197,1.1150233324839751,FALSE,FALSE
2002-02-27,circumpolar,3.306812809,0.0553801220219503,0.0553801220219503,1.1150233324839751,FALSE,FALSE
2002-02-28,circumpolar,3.395575464,0.10589027620158475,0.10589027620158475,1.1150233324839751,FALSE,FALSE
2002-03-01,circumpolar,3.417363635,0.08580457276316356,0.08580457276316356,1.1150233324839751,FALSE,FALSE
2002-03-02,circumpolar,3.448737465,0.07190603019683817,0.07190603019683817,1.1150233324839751,FALSE,FALSE
2002-03-03,circumpolar,3.475054862,0.04977543199277567,0.04977543199277567,1.1150233324839751,FALSE,FALSE
2002-03-04,circumpolar,3.451962444,-0.02471772835887487,0.02471772835887487,1.1150233324839751,FALSE,FALSE
2002-03-05,circumpolar,3.52914789,-0.00166290265449964,0.00166290265449964,1.1150233324839751,FALSE,FALSE
2002-03-06,circumpolar,3.625460679,0.03798887215532032,0.03798887215532032,1.1150233324839751,FALSE,FALSE
2002-03-07,circumpolar,3.690252009,0.04371214494082132,0.04371214494082132,1.1150233324839751,FALSE,FALSE
2002-03-08,circumpolar,3.712141789,0.0042347083189731,0.0042347083189731,1.1150233324839751,FALSE,FALSE
2002-03-09,circumpolar,3.776725225,0.00525965190673938,0.00525965190673938,1.1150233324839751,FALSE,FALSE
2002-03-10,circumpolar,3.842662736,0.00555527832109126,0.00555527832109126,1.1150233324839751,FALSE,FALSE
2002-03-11,circumpolar,3.914918577,0.01019372617899971,0.01019372617899971,1.1150233324839751,FALSE,FALSE
2002-03-12,circumpolar,3.990155238,0.01594536909742716,0.01594536909742716,1.1150233324839751,FALSE,FALSE
2002-03-13,circumpolar,4.030413954,-0.01504067430665667,0.01504067430665667,1.1150233324839751,FALSE,FALSE
2002-03-14,circumpolar,4.06525167,-0.05309957541628218,0.05309957541628218,1.1150233324839751,FALSE,FALSE
2002-03-15,circumpolar,4.067735577,-0.12505625961448352,0.12505625961448352,1.1150233324839751,FALSE,FALSE
2002-03-16,circumpolar,4.130549152,-0.13811936628429322,0.13811936628429322,1.1150233324839751,FALSE,FALSE
2002-03-17,circumpolar,4.220075012,-0.1257983948087391,0.1257983948087391,1.1150233324839751,FALSE,FALSE
2002-03-18,circumpolar,4.299459231,-0.12484067858140424,0.12484067858140424,1.1150233324839751,FALSE,FALSE
2002-03-19,circumpolar,4.361125969,-0.14274770779613188,0.14274770779613188,1.1150233324839751,FALSE,FALSE
2002-03-20,circumpolar,4.380980884,-0.2035732008858666,0.2035732008858666,1.1150233324839751,FALSE,FALSE
2002-03-21,circumpolar,4.420412086,-0.2458900121701069,0.2458900121701069,1.1150233324839751,FALSE,FALSE
2002-03-22,circumpolar,4.454460748,-0.2946179329683156,0.2946179329683156,1.1150233324839751,FALSE,FALSE
2002-03-23,circumpolar,4.502079447,-0.330765350599977,0.330765350599977,1.1150233324839751,FALSE,FALSE
2002-03-24,circumpolar,4.541859911,-0.3757015013845706,0.3757015013845706,1.1150233324839751,FALSE,FALSE
2002-03-25,circumpolar,4.594124746,-0.40906474364156953,0.40906474364156953,1.1150233324839751,FALSE,FALSE
2002-03-26,circumpolar,4.661205197,-0.4284847966904603,0.4284847966904603,1.1150233324839751,FALSE,FALSE
2002-03-27,circumpolar,4.753589578,-0.4234343108507135,0.4234343108507135,1.1150233324839751,FALSE,FALSE
2002-03-28,circumpolar,4.813506083,-0.4516460564418079,0.4516460564418079,1.1150233324839751,FALSE,FALSE
2002-03-29,circumpolar,4.841684379,-0.512351330783229,0.512351330783229,1.1150233324839751,FALSE,FALSE
2002-03-30,circumpolar,4.872811897,-0.5708236671944471,0.5708236671944471,1.1150233324839751,FALSE,FALSE
2002-03-31,circumpolar,4.924276292,-0.6096462285774313,0.6096462285774313,1.1150233324839751,FALSE,FALSE
2002-04-01,circumpolar,4.996647189,-0.6282740678434227,0.6282740678434227,1.1150233324839751,FALSE,FALSE
2002-04-02,circumpolar,5.125732141,-0.5909426199858299,0.5909426199858299,1.1150233324839751,FALSE,FALSE
2002-04-03,circumpolar,5.173108795,-0.6361172411349942,0.6361172411349942,1.1150233324839751,FALSE,FALSE
2002-04-04,circumpolar,5.249991604,-0.6526264814212475,0.6526264814212475,1.1150233324839751,FALSE,FALSE
2002-04-05,circumpolar,5.38207319,-0.6148207219749295,0.6148207219749295,1.1150233324839751,FALSE,FALSE
2002-04-06,circumpolar,5.523723344,-0.5683731749263679,0.5683731749263679,1.1150233324839751,FALSE,FALSE
2002-04-07,circumpolar,5.632951128,-0.5553177814059138,0.5553177814059138,1.1150233324839751,FALSE,FALSE
2002-04-08,circumpolar,5.785706696,-0.49974739054389605,0.49974739054389605,1.1150233324839751,FALSE,FALSE
2002-04-09,circumpolar,5.847595907,-0.5360991464706579,0.5360991464706579,1.1150233324839751,FALSE,FALSE
2002-04-10,circumpolar,5.960115784,-0.5229190293165287,0.5229190293165287,1.1150233324839751,FALSE,FALSE
2002-04-11,circumpolar,6.076875807,-0.5066405622118539,0.5066405622118539,1.1150233324839751,FALSE,FALSE
2002-04-12,circumpolar,6.187710093,-0.4974720047196177,0.4974720047196177,1.1150233324839751,FALSE,FALSE
2002-04-13,circumpolar,6.345117955,-0.44291176480147687,0.44291176480147687,1.1150233324839751,FALSE,FALSE
2002-04-14,circumpolar,6.505631208,-0.3863521340608634,0.3863521340608634,1.1150233324839751,FALSE,FALSE
2002-04-15,circumpolar,6.612148482,-0.38481171319061946,0.38481171319061946,1.1150233324839751,FALSE,FALSE
2002-04-16,circumpolar,6.737759441,-0.3651180688835618,0.3651180688835618,1.1150233324839751,FALSE,FALSE
2002-04-17,circumpolar,6.865655975,-0.34399654183253237,0.34399654183253237,1.1150233324839751,FALSE,FALSE
2002-04-18,circumpolar,7.0313081650000004,-0.2858942817303669,0.2858942817303669,1.1150233324839751,FALSE,FALSE
2002-04-19,circumpolar,7.172465314,-0.2529792162699067,0.2529792162699067,1.1150233324839751,FALSE,FALSE
2002-04-20,circumpolar,7.293070556,-0.24122544214396324,0.24122544214396324,1.1150233324839751,FALSE,FALSE
2002-04-21,circumpolar,7.400390464,-0.24328361704539336,0.24328361704539336,1.1150233324839751,FALSE,FALSE
2002-04-22,circumpolar,7.503924205,-0.24957180466702145,0.24957180466702145,1.1150233324839751,FALSE,FALSE
2002-04-23,circumpolar,7.668191757,-0.19548725770167508,0.19548725770167508,1.1150233324839751,FALSE,FALSE
2002-04-24,circumpolar,7.754133116,-0.220007210842204,0.220007210842204,1.1150233324839751,FALSE,FALSE
2002-04-25,circumpolar,7.781922181,-0.30287849735786576,0.30287849735786576,1.1150233324839751,FALSE,FALSE
2002-04-26,circumpolar,7.972266304,-0.22334775360874384,0.22334775360874384,1.1150233324839751,FALSE,FALSE
2002-04-27,circumpolar,8.164963195,-0.14158963546521974,0.14158963546521974,1.1150233324839751,FALSE,FALSE
2002-04-28,circumpolar,8.343048941,-0.07454061538442502,0.07454061538442502,1.1150233324839751,FALSE,FALSE
2002-04-29,circumpolar,8.538789978,0.01009318317649565,0.01009318317649565,1.1150233324839751,FALSE,FALSE
2002-04-30,circumpolar,8.630946687,-0.00890041823960707,0.00890041823960707,1.1150233324839751,FALSE,FALSE
2002-05-01,circumpolar,8.712271996,-0.03874105108987003,0.03874105108987003,1.1150233324839751,FALSE,FALSE
2002-05-02,circumpolar,8.771486357,-0.09068082283144464,0.09068082283144464,1.1150233324839751,FALSE,FALSE
2002-05-03,circumpolar,8.834781404,-0.13850065892145835,0.13850065892145835,1.1150233324839751,FALSE,FALSE
2002-05-04,circumpolar,8.940360188,-0.14397006781706345,0.14397006781706345,1.1150233324839751,FALSE,FALSE
2002-05-05,circumpolar,8.988794965,-0.2064893529754066,0.2064893529754066,1.1150233324839751,FALSE,FALSE
2002-05-06,circumpolar,9.046414654,-0.2597021548536187,0.2597021548536187,1.1150233324839751,FALSE,FALSE
2002-05-07,circumpolar,9.1160979,-0.3007024029018446,0.3007024029018446,1.1150233324839751,FALSE,FALSE
2002-05-08,circumpolar,9.180565601,-0.34675013239675145,0.34675013239675145,1.1150233324839751,FALSE,FALSE
2002-05-09,circumpolar,9.255708999,-0.381957281401915,0.381957281401915,1.1150233324839751,FALSE,FALSE
2002-05-10,circumpolar,9.286231097,-0.4616276873789964,0.4616276873789964,1.1150233324839751,FALSE,FALSE
2002-05-11,circumpolar,9.318697414,-0.5392026717896794,0.5392026717896794,1.1150233324839751,FALSE,FALSE
2002-05-12,circumpolar,9.393902349,-0.5738946760956285,0.5738946760956285,1.1150233324839751,FALSE,FALSE
2002-05-13,circumpolar,9.476407326,-0.6011491167585206,0.6011491167585206,1.1150233324839751,FALSE,FALSE
2002-05-14,circumpolar,9.505465889,-0.6817192902400233,0.6817192902400233,1.1150233324839751,FALSE,FALSE
2002-05-15,circumpolar,9.590194039,-0.7064960360018109,0.7064960360018109,1.1150233324839751,FALSE,FALSE
2002-05-16,circumpolar,9.708782893,-0.6972950775055633,0.6972950775055633,1.1150233324839751,FALSE,FALSE
2002-05-17,circumpolar,9.904167789,-0.6111879172129502,0.6111879172129502,1.1150233324839751,FALSE,FALSE
2002-05-18,circumpolar,9.98338593,-0.6411441925856245,0.6411441925856245,1.1150233324839751,FALSE,FALSE
2002-05-19,circumpolar,10.09766641,-0.6359416500852824,0.6359416500852824,1.1150233324839751,FALSE,FALSE
2002-05-20,circumpolar,10.2154476,-0.6271476261361162,0.6271476261361162,1.1150233324839751,FALSE,FALSE
2002-05-21,circumpolar,10.34181614,-0.6096605132712636,0.6096605132712636,1.1150233324839751,FALSE,FALSE
2002-05-22,circumpolar,10.48207588,-0.5781434307067457,0.5781434307067457,1.1150233324839751,FALSE,FALSE
2002-05-23,circumpolar,10.56070481,-0.6080847499233784,0.6080847499233784,1.1150233324839751,FALSE,FALSE
2002-05-24,circumpolar,10.60015944,-0.676994322401999,0.676994322401999,1.1150233324839751,FALSE,FALSE
2002-05-25,circumpolar,10.65039878,-0.7348794996234176,0.7348794996234176,1.1150233324839751,FALSE,FALSE
2002-05-26,circumpolar,10.6755902,-0.8175392730684621,0.8175392730684621,1.1150233324839751,FALSE,FALSE
2002-05-27,circumpolar,10.70550939,-0.8951643142179666,0.8951643142179666,1.1150233324839751,FALSE,FALSE
2002-05-28,circumpolar,10.81381529,-0.8940620445527472,0.8940620445527472,1.1150233324839751,FALSE,FALSE
2002-05-29,circumpolar,10.98598679,-0.8287199355536234,0.8287199355536234,1.1150233324839751,FALSE,FALSE
2002-05-30,circumpolar,11.06497738,-0.8561508587014242,0.8561508587014242,1.1150233324839751,FALSE,FALSE
2002-05-31,circumpolar,11.16542381,-0.8616844254769873,0.8616844254769873,1.1150233324839751,FALSE,FALSE
2002-06-01,circumpolar,11.26300376,-0.8696093173611086,0.8696093173611086,1.1150233324839751,FALSE,FALSE
2002-06-02,circumpolar,11.35915491,-0.8784653278035854,0.8784653278035854,1.1150233324839751,FALSE,FALSE
2002-06-03,circumpolar,11.46126053,-0.880895955949077,0.880895955949077,1.1150233324839751,FALSE,FALSE
2002-06-04,circumpolar,11.54453761,-0.9017246461533954,0.9017246461533954,1.1150233324839751,FALSE,FALSE
2002-06-05,circumpolar,11.66658236,-0.8833956232784885,0.8833956232784885,1.1150233324839751,FALSE,FALSE
2002-06-06,circumpolar,11.76388479,-0.8894593121863164,0.8894593121863164,1.1150233324839751,FALSE,FALSE
2002-06-07,circumpolar,11.77245597,-0.9839450777388574,0.9839450777388574,1.1150233324839751,FALSE,FALSE
2002-06-08,circumpolar,11.82948907,-1.029700184798072,1.029700184798072,1.1150233324839751,FALSE,FALSE
2002-06-09,circumpolar,11.91814662,-1.0436025382259295,1.0436025382259295,1.1150233324839751,FALSE,FALSE
2002-06-10,circumpolar,11.97474642,-1.0893747728844012,1.0893747728844012,1.1150233324839751,FALSE,FALSE
2002-06-11,circumpolar,12.12746402,-1.0388817736354348,1.0388817736354348,1.1150233324839751,FALSE,FALSE
2002-06-12,circumpolar,12.24937067,-1.0190927253410145,1.0190927253410145,1.1150233324839751,FALSE,FALSE
2002-06-13,circumpolar,12.37434997,-0.9961644628631046,0.9961644628631046,1.1150233324839751,FALSE,FALSE
2002-06-14,circumpolar,12.45798539,-1.014552120643243,1.014552120643243,1.1150233324839751,FALSE,FALSE
2002-06-15,circumpolar,12.6887614,-0.8857291405989951,0.8857291405989951,1.1150233324839751,FALSE,FALSE
2002-06-16,circumpolar,12.9096248,-0.7665959361560066,0.7665959361560066,1.1150233324839751,FALSE,FALSE
2002-06-17,circumpolar,13.08722814,-0.6903391504453893,0.6903391504453893,1.1150233324839751,FALSE,FALSE
2002-06-18,circumpolar,13.19226232,-0.6861070765982884,0.6861070765982884,1.1150233324839751,FALSE,FALSE
2002-06-19,circumpolar,13.31409922,-0.6643670277458114,0.6643670277458114,1.1150233324839751,FALSE,FALSE
2002-06-20,circumpolar,13.37398085,-0.7037161870190918,0.7037161870190918,1.1150233324839751,FALSE,FALSE
2002-06-21,circumpolar,13.44293999,-0.732960967549257,0.732960967549257,1.1150233324839751,FALSE,FALSE
2002-06-22,circumpolar,13.63390515,-0.6390120524674447,0.6390120524674447,1.1150233324839751,FALSE,FALSE
2002-06-23,circumpolar,13.72229684,-0.6462881249047694,0.6462881249047694,1.1150233324839751,FALSE,FALSE
2002-06-24,circumpolar,13.75333172,-0.7094117179923565,0.7094117179923565,1.1150233324839751,FALSE,FALSE
2002-06-25,circumpolar,13.78177387,-0.773457944861347,0.773457944861347,1.1150233324839751,FALSE,FALSE
2002-06-26,circumpolar,13.91035808,-0.7355312086428523,0.7355312086428523,1.1150233324839751,FALSE,FALSE
2002-06-27,circumpolar,14.03712237,-0.697460707154308,0.697460707154308,1.1150233324839751,FALSE,FALSE
2002-06-28,circumpolar,14.0894722,-0.7319199669036696,0.7319199669036696,1.1150233324839751,FALSE,FALSE
2002-06-29,circumpolar,14.1983188,-0.7081735098378523,0.7081735098378523,1.1150233324839751,FALSE,FALSE
2002-06-30,circumpolar,14.27121164,-0.7188481154243256,0.7188481154243256,1.1150233324839751,FALSE,FALSE
2002-07-01,circumpolar,14.33053105,-0.7417397031305342,0.7417397031305342,1.1150233324839751,FALSE,FALSE
2002-07-02,circumpolar,14.44004727,-0.7132542824239323,0.7132542824239323,1.1150233324839751,FALSE,FALSE
2002-07-03,circumpolar,14.534954,-0.698374402771961,0.698374402771961,1.1150233324839751,FALSE,FALSE
2002-07-04,circumpolar,14.72387849,-0.588649063642082,0.588649063642082,1.1150233324839751,FALSE,FALSE
2002-07-05,circumpolar,14.85229303,-0.5387822245017446,0.5387822245017446,1.1150233324839751,FALSE,FALSE
2002-07-06,circumpolar,14.98864035,-0.48050740481840215,0.48050740481840215,1.1150233324839751,FALSE,FALSE
2002-07-07,circumpolar,15.06029309,-0.4866282140595022,0.4866282140595022,1.1150233324839751,FALSE,FALSE
2002-07-08,circumpolar,15.08071444,-0.5438577116924996,0.5438577116924996,1.1150233324839751,FALSE,FALSE
2002-07-09,circumpolar,15.12802585,-0.574250284190958,0.574250284190958,1.1150233324839751,FALSE,FALSE
2002-07-10,circumpolar,15.23392171,-0.5462070526294873,0.5462070526294873,1.1150233324839751,FALSE,FALSE
2002-07-11,circumpolar,15.34236183,-0.5156879279995419,0.5156879279995419,1.1150233324839751,FALSE,FALSE
2002-07-12,circumpolar,15.47992905,-0.4560065278823658,0.4560065278823658,1.1150233324839751,FALSE,FALSE
2002-07-13,circumpolar,15.60814912,-0.4055335598591405,0.4055335598591405,1.1150233324839751,FALSE,FALSE
2002-07-14,circumpolar,15.72763501,-0.3635525115110916,0.3635525115110916,1.1150233324839751,FALSE,FALSE
2002-07-15,circumpolar,15.80825049,-0.3600960704194147,0.3600960704194147,1.1150233324839751,FALSE,FALSE
2002-07-16,circumpolar,15.80942016,-0.4356360941653339,0.4356360941653339,1.1150233324839751,FALSE,FALSE
2002-07-17,circumpolar,15.87084628,-0.45036678033005906,0.45036678033005906,1.1150233324839751,FALSE,FALSE
2002-07-18,circumpolar,15.9507516,-0.4459618364947673,0.4459618364947673,1.1150233324839751,FALSE,FALSE
2002-07-19,circumpolar,16.0702977,-0.4011561402407047,0.4011561402407047,1.1150233324839751,FALSE,FALSE
2002-07-20,circumpolar,16.21031998,-0.33501074914906326,0.33501074914906326,1.1150233324839751,FALSE,FALSE
2002-07-21,circumpolar,16.29983139,-0.3184091708010577,0.3184091708010577,1.1150233324839751,FALSE,FALSE
2002-07-22,circumpolar,16.35010329,-0.3399793847195163,0.3399793847195163,1.1150233324839751,FALSE,FALSE
2002-07-23,circumpolar,16.4613807,-0.29941548784360705,0.29941548784360705,1.1150233324839751,FALSE,FALSE
2002-07-24,circumpolar,16.57106,-0.2592892124498185,0.2592892124498185,1.1150233324839751,FALSE,FALSE
2002-07-25,circumpolar,16.63921433,-0.25949618854173195,0.25949618854173195,1.1150233324839751,FALSE,FALSE
2002-07-26,circumpolar,16.69403125,-0.2718176261229104,0.2718176261229104,1.1150233324839751,FALSE,FALSE
2002-07-27,circumpolar,16.7029192,-0.3288138551969233,0.3288138551969233,1.1150233324839751,FALSE,FALSE
2002-07-28,circumpolar,16.71340744,-0.3829243857673532,0.3829243857673532,1.1150233324839751,FALSE,FALSE
2002-07-29,circumpolar,16.73507576,-0.42453819783776225,0.42453819783776225,1.1150233324839751,FALSE,FALSE
2002-07-30,circumpolar,16.72522856,-0.49631966141171446,0.49631966141171446,1.1150233324839751,FALSE,FALSE
2002-07-31,circumpolar,16.80641935,-0.4756840364928081,0.4756840364928081,1.1150233324839751,FALSE,FALSE
2002-08-01,circumpolar,16.81320241,-0.52804581308461,0.52804581308461,1.1150233324839751,FALSE,FALSE
2002-08-02,circumpolar,16.87873529,-0.5202162111906645,0.5202162111906645,1.1150233324839751,FALSE,FALSE
2002-08-03,circumpolar,16.92212188,-0.5330601113772353,0.5330601113772353,1.1150233324839751,FALSE,FALSE
2002-08-04,circumpolar,16.90521607,-0.6047075840620977,0.6047075840620977,1.1150233324839751,FALSE,FALSE
2002-08-05,circumpolar,16.93038036,-0.6328348853250851,0.6328348853250851,1.1150233324839751,FALSE,FALSE
2002-08-06,circumpolar,16.91581621,-0.6992916629877648,0.6992916629877648,1.1150233324839751,FALSE,FALSE
2002-08-07,circumpolar,16.91699573,-0.7486569148717237,0.7486569148717237,1.1150233324839751,FALSE,FALSE
2002-08-08,circumpolar,16.940192,-0.7747086687985671,0.7747086687985671,1.1150233324839751,FALSE,FALSE
2002-08-09,circumpolar,17.08349724,-0.6794058125898701,0.6794058125898701,1.1150233324839751,FALSE,FALSE
2002-08-10,circumpolar,17.17791397,-0.6317969340672391,0.6317969340672391,1.1150233324839751,FALSE,FALSE
2002-08-11,circumpolar,17.1936274,-0.6617479310522505,0.6617479310522505,1.1150233324839751,FALSE,FALSE
2002-08-12,circumpolar,17.26444758,-0.6354998613665082,0.6354998613665082,1.1150233324839751,FALSE,FALSE
2002-08-13,circumpolar,17.27941059,-0.6640677528315742,0.6640677528315742,1.1150233324839751,FALSE,FALSE
2002-08-14,circumpolar,17.31306915,-0.6729499932690608,0.6729499932690608,1.1150233324839751,FALSE,FALSE
2002-08-15,circumpolar,17.3390662,-0.6885547505005576,0.6885547505005576,1.1150233324839751,FALSE,FALSE
2002-08-16,circumpolar,17.355877,-0.7124569937773515,0.7124569937773515,1.1150233324839751,FALSE,FALSE
2002-08-17,circumpolar,17.34113213,-0.7670502591778394,0.7670502591778394,1.1150233324839751,FALSE,FALSE
2002-08-18,circumpolar,17.41457363,-0.7325867341946228,0.7325867341946228,1.1150233324839751,FALSE,FALSE
2002-08-19,circumpolar,17.49639968,-0.6888608283485631,0.6888608283485631,1.1150233324839751,FALSE,FALSE
2002-08-20,circumpolar,17.62919193,-0.5932834811604799,0.5932834811604799,1.1150233324839751,FALSE,FALSE
2002-08-21,circumpolar,17.66993873,-0.5888589321512114,0.5888589321512114,1.1150233324839751,FALSE,FALSE
2002-08-22,circumpolar,17.77817,-0.5160498508415863,0.5160498508415863,1.1150233324839751,FALSE,FALSE
2002-08-23,circumpolar,17.93840872,-0.39032584675245374,0.39032584675245374,1.1150233324839751,FALSE,FALSE
2002-08-24,circumpolar,18.04798115,-0.3143532494046539,0.3143532494046539,1.1150233324839751,FALSE,FALSE
2002-08-25,circumpolar,18.04489892,-0.350113018319,0.350113018319,1.1150233324839751,FALSE,FALSE
2002-08-26,circumpolar,18.09093933,-0.33582044301635605,0.33582044301635605,1.1150233324839751,FALSE,FALSE
2002-08-27,circumpolar,18.1253764,-0.33219409301754865,0.33219409301754865,1.1150233324839751,FALSE,FALSE
2002-08-28,circumpolar,18.17456909,-0.31286759784340745,0.31286759784340745,1.1150233324839751,FALSE,FALSE
2002-08-29,circumpolar,18.2238219,-0.2925281374780049,0.2925281374780049,1.1150233324839751,FALSE,FALSE
2002-08-30,circumpolar,18.22896622,-0.3153304740172267,0.3153304740172267,1.1150233324839751,FALSE,FALSE
2002-08-31,circumpolar,18.24544974,-0.32581099255337165,0.32581099255337165,1.1150233324839751,FALSE,FALSE
2002-09-01,circumpolar,18.36298302,-0.23424320445322877,0.23424320445322877,1.1150233324839751,FALSE,FALSE
2002-09-02,circumpolar,18.35376986,-0.26840738108361606,0.26840738108361606,1.1150233324839751,FALSE,FALSE
2002-09-03,circumpolar,18.23510556,-0.41099229381131863,0.41099229381131863,1.1150233324839751,FALSE,FALSE
2002-09-04,circumpolar,18.23267341,-0.4362987240031444,0.4362987240031444,1.1150233324839751,FALSE,FALSE
2002-09-05,circumpolar,18.31349113,-0.3772930230259206,0.3772930230259206,1.1150233324839751,FALSE,FALSE
2002-09-06,circumpolar,18.39587747,-0.31564051224640366,0.31564051224640366,1.1150233324839751,FALSE,FALSE
2002-09-07,circumpolar,18.45117726,-0.2799804330314366,0.2799804330314366,1.1150233324839751,FALSE,FALSE
2002-09-08,circumpolar,18.48501496,-0.2646723967478124,0.2646723967478124,1.1150233324839751,FALSE,FALSE
2002-09-09,circumpolar,18.49512796,-0.27196308476233,0.27196308476233,1.1150233324839751,FALSE,FALSE
2002-09-10,circumpolar,18.44619165,-0.33716115455992934,0.33716115455992934,1.1150233324839751,FALSE,FALSE
2002-09-11,circumpolar,18.3928964,-0.4055580164813328,0.4055580164813328,1.1150233324839751,FALSE,FALSE
2002-09-12,circumpolar,18.34603956,-0.4663339982247941,0.4663339982247941,1.1150233324839751,FALSE,FALSE
2002-09-13,circumpolar,18.3235463,-0.5015411755160493,0.5015411755160493,1.1150233324839751,FALSE,FALSE
2002-09-14,circumpolar,18.23971325,-0.5968601640808657,0.5968601640808657,1.1150233324839751,FALSE,FALSE
2002-09-15,circumpolar,18.23315357,-0.6136550496450219,0.6136550496450219,1.1150233324839751,FALSE,FALSE
2002-09-16,circumpolar,18.24033121,-0.6154391279342484,0.6154391279342484,1.1150233324839751,FALSE,FALSE
2002-09-17,circumpolar,18.20913444,-0.6543013746743114,0.6543013746743114,1.1150233324839751,FALSE,FALSE
2002-09-18,circumpolar,18.11468323,-0.7550990655909793,0.7550990655909793,1.1150233324839751,FALSE,FALSE
2002-09-19,circumpolar,18.10329466,-0.7714923664099977,0.7714923664099977,1.1150233324839751,FALSE,FALSE
2002-09-20,circumpolar,18.11121258,-0.767214672857147,0.767214672857147,1.1150233324839751,FALSE,FALSE
2002-09-21,circumpolar,18.11580279,-0.7648774306581636,0.7648774306581636,1.1150233324839751,FALSE,FALSE
2002-09-22,circumpolar,18.0901441,-0.7913790755388064,0.7913790755388064,1.1150233324839751,FALSE,FALSE
2002-09-23,circumpolar,18.12492221,-0.7560119339715392,0.7560119339715392,1.1150233324839751,FALSE,FALSE
2002-09-24,circumpolar,18.11758554,-0.7613139712005115,0.7613139712005115,1.1150233324839751,FALSE,FALSE
2002-09-25,circumpolar,18.14214067,-0.7332700630292948,0.7332700630292948,1.1150233324839751,FALSE,FALSE
2002-09-26,circumpolar,18.18239108,-0.688068256406968,0.688068256406968,1.1150233324839751,FALSE,FALSE
2002-09-27,circumpolar,18.19176859,-0.6722682582826494,0.6722682582826494,1.1150233324839751,FALSE,FALSE
2002-09-28,circumpolar,18.17787497,-0.67825982560543,0.67825982560543,1.1150233324839751,FALSE,FALSE
2002-09-29,circumpolar,18.20818841,-0.6385562953244381,0.6385562953244381,1.1150233324839751,FALSE,FALSE
2002-09-30,circumpolar,18.22299922,-0.6128588843887641,0.6128588843887641,1.1150233324839751,FALSE,FALSE
2002-10-01,circumpolar,18.22283196,-0.600634559747494,0.600634559747494,1.1150233324839751,FALSE,FALSE
2002-10-02,circumpolar,18.20659246,-0.6029690183497536,0.6029690183497536,1.1150233324839751,FALSE,FALSE
2002-10-03,circumpolar,18.22528657,-0.5688479371446284,0.5688479371446284,1.1150233324839751,FALSE,FALSE
2002-10-04,circumpolar,18.26531963,-0.5118575030812309,0.5118575030812309,1.1150233324839751,FALSE,FALSE
2002-10-05,circumpolar,18.32126969,-0.4374111903974729,0.4374111903974729,1.1150233324839751,FALSE,FALSE
2002-10-06,circumpolar,18.37771726,-0.3609167337875263,0.3609167337875263,1.1150233324839751,FALSE,FALSE
2002-10-07,circumpolar,18.33388017,-0.38313490100607694,0.38313490100607694,1.1150233324839751,FALSE,FALSE
2002-10-08,circumpolar,18.33723634,-0.3565646049192459,0.3565646049192459,1.1150233324839751,FALSE,FALSE
2002-10-09,circumpolar,18.3825807,-0.2863877483931496,0.2863877483931496,1.1150233324839751,FALSE,FALSE
2002-10-10,circumpolar,18.39357532,-0.24891909429388193,0.24891909429388193,1.1150233324839751,FALSE,FALSE
2002-10-11,circumpolar,18.39740466,-0.2169510154875809,0.2169510154875809,1.1150233324839751,FALSE,FALSE
2002-10-12,circumpolar,18.41016007,-0.17436899484037838,0.17436899484037838,1.1150233324839751,FALSE,FALSE
2002-10-13,circumpolar,18.39699004,-0.15600137521834512,0.15600137521834512,1.1150233324839751,FALSE,FALSE
2002-10-14,circumpolar,18.34900591,-0.170713649487638,0.170713649487638,1.1150233324839751,FALSE,FALSE
2002-10-15,circumpolar,18.31504879,-0.16964154051434477,0.16964154051434477,1.1150233324839751,FALSE,FALSE
2002-10-16,circumpolar,18.29175253,-0.15612803116459517,0.15612803116459517,1.1150233324839751,FALSE,FALSE
2002-10-17,circumpolar,18.26583834,-0.14342874430451147,0.14342874430451147,1.1150233324839751,FALSE,FALSE
2002-10-18,circumpolar,18.26608098,-0.10274612572464648,0.10274612572464648,1.1150233324839751,FALSE,FALSE
2002-10-19,circumpolar,18.2174082,-0.10913755202063058,0.10913755202063058,1.1150233324839751,FALSE,FALSE
2002-10-20,circumpolar,18.21576817,-0.06664755219873797,0.06664755219873797,1.1150233324839751,FALSE,FALSE
2002-10-21,circumpolar,18.23899348,0.00256346153333808,0.00256346153333808,1.1150233324839751,FALSE,FALSE
2002-10-22,circumpolar,18.24616509,0.05758344696788953,0.05758344696788953,1.1150233324839751,FALSE,FALSE
2002-10-23,circumpolar,18.23188128,0.09301768189721926,0.09301768189721926,1.1150233324839751,FALSE,FALSE
2002-10-24,circumpolar,18.16034643,0.07307754411365153,0.07307754411365153,1.1150233324839751,FALSE,FALSE
2002-10-25,circumpolar,18.03922401,0.0054335014094704,0.0054335014094704,1.1150233324839751,FALSE,FALSE
2002-10-26,circumpolar,17.963437,-0.01498446842301959,0.01498446842301959,1.1150233324839751,FALSE,FALSE
2002-10-27,circumpolar,17.89406488,-0.02708988759149377,0.02708988759149377,1.1150233324839751,FALSE,FALSE
2002-10-28,circumpolar,17.86607063,0.00408722169633435,0.00408722169633435,1.1150233324839751,FALSE,FALSE
2002-10-29,circumpolar,17.82718127,0.02628087723276806,0.02628087723276806,1.1150233324839751,FALSE,FALSE
2002-10-30,circumpolar,17.82142272,0.08352399681012201,0.08352399681012201,1.1150233324839751,FALSE,FALSE
2002-10-31,circumpolar,17.75603802,0.08308927649652986,0.08308927649652986,1.1150233324839751,FALSE,FALSE
2002-11-01,circumpolar,17.67203099,0.06612172131389826,0.06612172131389826,1.1150233324839751,FALSE,FALSE
2002-11-02,circumpolar,17.55495088,0.01834602364482052,0.01834602364482052,1.1150233324839751,FALSE,FALSE
2002-11-03,circumpolar,17.41515251,-0.04970754491883156,0.04970754491883156,1.1150233324839751,FALSE,FALSE
2002-11-04,circumpolar,17.25724927,-0.1332501427851689,0.1332501427851689,1.1150233324839751,FALSE,FALSE
2002-11-05,circumpolar,17.18998283,-0.12336464836231896,0.12336464836231896,1.1150233324839751,FALSE,FALSE
2002-11-06,circumpolar,17.17634123,-0.05688757005841438,0.05688757005841438,1.1150233324839751,FALSE,FALSE
2002-11-07,circumpolar,17.06241109,-0.087556836281571293,0.087556836281571293,1.1150233324839751,FALSE,FALSE
2002-11-08,circumpolar,16.92640752,-0.13698188543990497,0.13698188543990497,1.1150233324839751,FALSE,FALSE
2002-11-09,circumpolar,16.76645894,-0.2068588459415608,0.2068588459415608,1.1150233324839751,FALSE,FALSE
2002-11-10,circumpolar,16.64991387,-0.22966374619463537,0.22966374619463537,1.1150233324839751,FALSE,FALSE
2002-11-11,circumpolar,16.52442818,-0.2575652646072655,0.2575652646072655,1.1150233324839751,FALSE,FALSE
2002-11-12,circumpolar,16.40953996,-0.27085116136328935,0.27085116136328935,1.1150233324839751,FALSE,FALSE
2002-11-13,circumpolar,16.27183275,-0.3028357595776967,0.3028357595776967,1.1150233324839751,FALSE,FALSE
2002-11-14,circumpolar,16.15769204,-0.3071396828273585,0.3071396828273585,1.1150233324839751,FALSE,FALSE
2002-11-15,circumpolar,15.97444324,-0.3764525635688294,0.3764525635688294,1.1150233324839751,FALSE,FALSE
2002-11-16,circumpolar,15.79680912,-0.4360666742586457,0.4360666742586457,1.1150233324839751,FALSE,FALSE
2002-11-17,circumpolar,15.65761465,-0.45317208735336934,0.45317208735336934,1.1150233324839751,FALSE,FALSE
2002-11-18,circumpolar,15.5042391,-0.48040457530955294,0.48040457530955294,1.1150233324839751,FALSE,FALSE
2002-11-19,circumpolar,15.39964579,-0.45481586058373935,0.45481586058373935,1.1150233324839751,FALSE,FALSE
2002-11-20,circumpolar,15.25548263,-0.4647730756324737,0.4647730756324737,1.1150233324839751,FALSE,FALSE
2002-11-21,circumpolar,15.11962672,-0.4624141629123173,0.4624141629123173,1.1150233324839751,FALSE,FALSE
2002-11-22,circumpolar,14.93774593,-0.5020862948798079,0.5020862948798079,1.1150233324839751,FALSE,FALSE
2002-11-23,circumpolar,14.70946721,-0.5841775639915117,0.5841775639915117,1.1150233324839751,FALSE,FALSE
2002-11-24,circumpolar,14.50862208,-0.6348714927039616,0.6348714927039616,1.1150233324839751,FALSE,FALSE
2002-11-25,circumpolar,14.37714203,-0.6122441262798048,0.6122441262798048,1.1150233324839751,FALSE,FALSE
2002-11-26,circumpolar,14.24225887,-0.5890076953933008,0.5890076953933008,1.1150233324839751,FALSE,FALSE
2002-11-27,circumpolar,14.1036034,-0.5654435139936069,0.5654435139936069,1.1150233324839751,FALSE,FALSE
2002-11-28,circumpolar,14.0184258,-0.4842132742034426,0.4842132742034426,1.1150233324839751,FALSE,FALSE
2002-11-29,circumpolar,13.86890278,-0.4630521381455477,0.4630521381455477,1.1150233324839751,FALSE,FALSE
2002-11-30,circumpolar,13.73770364,-0.4192026779426606,0.4192026779426606,1.1150233324839751,FALSE,FALSE
2002-12-01,circumpolar,13.60064963,-0.3767555157175142,0.3767555157175142,1.1150233324839751,FALSE,FALSE
2002-12-02,circumpolar,13.45113544,-0.34222783359284215,0.34222783359284215,1.1150233324839751,FALSE,FALSE
2002-12-03,circumpolar,13.3911866,-0.21350597369139024,0.21350597369139024,1.1150233324839751,FALSE,FALSE
2002-12-04,circumpolar,13.27939263,-0.13191228813588118,0.13191228813588118,1.1150233324839751,FALSE,FALSE
2002-12-05,circumpolar,13.09469634,-0.11841583904906015,0.11841583904906015,1.1150233324839751,FALSE,FALSE
2002-12-06,circumpolar,12.95800372,-0.0520225085536623,0.0520225085536623,1.1150233324839751,FALSE,FALSE
2002-12-07,circumpolar,12.80734927,0.00538983690699446,0.00538983690699446,1.1150233324839751,FALSE,FALSE
2002-12-08,circumpolar,12.7076582,0.118680587961407,0.118680587961407,1.1150233324839751,FALSE,FALSE
2002-12-09,circumpolar,12.58867017,0.21715351311993025,0.21715351311993025,1.1150233324839751,FALSE,FALSE
2002-12-10,circumpolar,12.41199262,0.26192549299066314,0.26192549299066314,1.1150233324839751,FALSE,FALSE
2002-12-11,circumpolar,12.24218429,0.31706470818170907,0.31706470818170907,1.1150233324839751,FALSE,FALSE
2002-12-12,circumpolar,12.11351741,0.41635282930115736,0.41635282930115736,1.1150233324839751,FALSE,FALSE
2002-12-13,circumpolar,11.90966279,0.4429701069571159,0.4429701069571159,1.1150233324839751,FALSE,FALSE
2002-12-14,circumpolar,11.69167216,0.4574777117576794,0.4574777117576794,1.1150233324839751,FALSE,FALSE
2002-12-15,circumpolar,11.51897591,0.5188154743109497,0.5188154743109497,1.1150233324839751,FALSE,FALSE
2002-12-16,circumpolar,11.37884998,0.6137687752250383,0.6137687752250383,1.1150233324839751,FALSE,FALSE
2002-12-17,circumpolar,11.25359191,0.7241445951080294,0.7241445951080294,1.1150233324839751,FALSE,FALSE
2002-12-18,circumpolar,11.05773553,0.7639862045680239,0.7639862045680239,1.1150233324839751,FALSE,FALSE
2002-12-19,circumpolar,10.81231372,0.7538359242131278,0.7538359242131278,1.1150233324839751,FALSE,FALSE
2002-12-20,circumpolar,10.56217342,0.7380517176924339,0.7380517176924339,1.1150233324839751,FALSE,FALSE
2002-12-21,circumpolar,10.31016965,0.7190246595846155,0.7190246595846155,1.1150233324839751,FALSE,FALSE
2002-12-22,circumpolar,10.05958623,0.6995946046819288,0.6995946046819288,1.1150233324839751,FALSE,FALSE
2002-12-23,circumpolar,9.771301602,0.6401965865636949,0.6401965865636949,1.1150233324839751,FALSE,FALSE
2002-12-24,circumpolar,9.501369644,0.5964410748092206,0.5964410748092206,1.1150233324839751,FALSE,FALSE
2002-12-25,circumpolar,9.374194675,0.6922889799978407,0.6922889799978407,1.1150233324839751,FALSE,FALSE
2002-12-26,circumpolar,9.211982249,0.7495024477088492,0.7495024477088492,1.1150233324839751,FALSE,FALSE
2002-12-27,circumpolar,9.041877144,0.7947828475215974,0.7947828475215974,1.1150233324839751,FALSE,FALSE
2002-12-28,circumpolar,8.836560993,0.8003684040153711,0.8003684040153711,1.1150233324839751,FALSE,FALSE
2002-12-29,circumpolar,8.531915693,0.7016976057695192,0.7016976057695192,1.1150233324839751,FALSE,FALSE
2002-12-30,circumpolar,8.276314742,0.6467005423633374,0.6467005423633374,1.1150233324839751,FALSE,FALSE
2002-12-31,circumpolar,8.053362401,0.6185380663761393,0.6185380663761393,1.1150233324839751,FALSE,FALSE
2003-01-01,circumpolar,7.895917303,0.649625402387267,0.649625402387267,1.1150233324839751,FALSE,FALSE
2003-01-02,circumpolar,7.746069341,0.6817264584307292,0.6817264584307292,1.1150233324839751,FALSE,FALSE
2003-01-03,circumpolar,7.607852755,0.7190191833593875,0.7190191833593875,1.1150233324839751,FALSE,FALSE
2003-01-04,circumpolar,7.543186681,0.8236838454808195,0.8236838454808195,1.1150233324839751,FALSE,FALSE
2003-01-05,circumpolar,7.377762787,0.8216732451026134,0.8216732451026134,1.1150233324839751,FALSE,FALSE
2003-01-06,circumpolar,7.244187159,0.8458546005323191,0.8458546005323191,1.1150233324839751,FALSE,FALSE
2003-01-07,circumpolar,7.090018634,0.8440478810775094,0.8440478810775094,1.1150233324839751,FALSE,FALSE
2003-01-08,circumpolar,6.98320384,0.8844608470457711,0.8844608470457711,1.1150233324839751,FALSE,FALSE
2003-01-09,circumpolar,6.87447783,0.9180896837446602,0.9180896837446602,1.1150233324839751,FALSE,FALSE
2003-01-10,circumpolar,6.720823494,0.9021784134817664,0.9021784134817664,1.1150233324839751,FALSE,FALSE
2003-01-11,circumpolar,6.586441226,0.9011885625646404,0.9011885625646404,1.1150233324839751,FALSE,FALSE
2003-01-12,circumpolar,6.420472128,0.8645223653008696,0.8645223653008696,1.1150233324839751,FALSE,FALSE
2003-01-13,circumpolar,6.311152559,0.8806773129980199,0.8806773129980199,1.1150233324839751,FALSE,FALSE
2003-01-14,circumpolar,6.174167636,0.8655964289729141,0.8655964289729141,1.1150233324839751,FALSE,FALSE
2003-01-15,circumpolar,6.049302368,0.8592068643868602,0.8592068643868602,1.1150233324839751,FALSE,FALSE
2003-01-16,circumpolar,5.94819421,0.8731431887010652,0.8731431887010652,1.1150233324839751,FALSE,FALSE
2003-01-17,circumpolar,5.845283736,0.8818339183324166,0.8818339183324166,1.1150233324839751,FALSE,FALSE
2003-01-18,circumpolar,5.739888186,0.8845842356978046,0.8845842356978046,1.1150233324839751,FALSE,FALSE
2003-01-19,circumpolar,5.583077467,0.8324519902141176,0.8324519902141176,1.1150233324839751,FALSE,FALSE
2003-01-20,circumpolar,5.474027558,0.8246011032982459,0.8246011032982459,1.1150233324839751,FALSE,FALSE
2003-01-21,circumpolar,5.386711552,0.834992610367074,0.834992610367074,1.1150233324839751,FALSE,FALSE
2003-01-22,circumpolar,5.272418789,0.8149037938374928,0.8149037938374928,1.1150233324839751,FALSE,FALSE
2003-01-23,circumpolar,5.137068618,0.7702419451263944,0.7702419451263944,1.1150233324839751,FALSE,FALSE
2003-01-24,circumpolar,5.042932342,0.7632663096506596,0.7632663096506596,1.1150233324839751,FALSE,FALSE
2003-01-25,circumpolar,4.984203637,0.7881585058271812,0.7881585058271812,1.1150233324839751,FALSE,FALSE
2003-01-26,circumpolar,4.860738071,0.7447620440728526,0.7447620440728526,1.1150233324839751,FALSE,FALSE
2003-01-27,circumpolar,4.810285942,0.7708266366581098,0.7708266366581098,1.1150233324839751,FALSE,FALSE
2003-01-28,circumpolar,4.742864941,0.77644704709468515,0.77644704709468515,1.1150233324839751,FALSE,FALSE
2003-01-29,circumpolar,4.725346364,0.8286038454137938,0.8286038454137938,1.1150233324839751,FALSE,FALSE
2003-01-30,circumpolar,4.696547333,0.8662235313779543,0.8662235313779543,1.1150233324839751,FALSE,FALSE
2003-01-31,circumpolar,4.607616139,0.8405637737497078,0.8405637737497078,1.1150233324839751,FALSE,FALSE
2003-02-01,circumpolar,4.511908145,0.8050893132915702,0.8050893132915702,1.1150233324839751,FALSE,FALSE
2003-02-02,circumpolar,4.437312943,0.7877991197660745,0.7877991197660745,1.1150233324839751,FALSE,FALSE
2003-02-03,circumpolar,4.375569207,0.7805412449357525,0.7805412449357525,1.1150233324839751,FALSE,FALSE
2003-02-04,circumpolar,4.303183198,0.7599313275631263,0.7599313275631263,1.1150233324839751,FALSE,FALSE
2003-02-05,circumpolar,4.231864264,0.7377880934107202,0.7377880934107202,1.1150233324839751,FALSE,FALSE
2003-02-06,circumpolar,4.167550899,0.7201594142410679,0.7201594142410679,1.1150233324839751,FALSE,FALSE
2003-02-07,circumpolar,4.159492852,0.756404416816697,0.756404416816697,1.1150233324839751,FALSE,FALSE
2003-02-08,circumpolar,4.126995094,0.7659366090831901,0.7659366090831901,1.1150233324839751,FALSE,FALSE
2003-02-09,circumpolar,4.110694288,0.7893901835389681,0.7893901835389681,1.1150233324839751,FALSE,FALSE
2003-02-10,circumpolar,4.078383722,0.7943351905310245,0.7943351905310245,1.1150233324839751,FALSE,FALSE
2003-02-11,circumpolar,4.03354523,0.7840041243107687,0.7840041243107687,1.1150233324839751,FALSE,FALSE
2003-02-12,circumpolar,3.983995243,0.7659640761295909,0.7659640761295909,1.1150233324839751,FALSE,FALSE
2003-02-13,circumpolar,3.988655059,0.7988870042388818,0.7988870042388818,1.1150233324839751,FALSE,FALSE
2003-02-14,circumpolar,3.934148159,0.7691470498900475,0.7691470498900475,1.1150233324839751,FALSE,FALSE
2003-02-15,circumpolar,3.910271494,0.7662918243344774,0.7662918243344774,1.1150233324839751,FALSE,FALSE
2003-02-16,circumpolar,3.879987076,0.7530339998235664,0.7530339998235664,1.1150233324839751,FALSE,FALSE
2003-02-17,circumpolar,3.883460827,0.7692901586087215,0.7692901586087215,1.1150233324839751,FALSE,FALSE
2003-02-18,circumpolar,3.904591051,0.7987092649413277,0.7987092649413277,1.1150233324839751,FALSE,FALSE
2003-02-19,circumpolar,3.887445786,0.7851100170727805,0.7851100170727805,1.1150233324839751,FALSE,FALSE
2003-02-20,circumpolar,3.89843207,0.7946501132544874,0.7946501132544874,1.1150233324839751,FALSE,FALSE
2003-02-21,circumpolar,3.932967333,0.8225197775161908,0.8225197775161908,1.1150233324839751,FALSE,FALSE
2003-02-22,circumpolar,3.932531077,0.81023964769745,0.81023964769745,1.1150233324839751,FALSE,FALSE
2003-02-23,circumpolar,3.928908111,0.7898141813197168,0.7898141813197168,1.1150233324839751,FALSE,FALSE
2003-02-24,circumpolar,3.949068975,0.7884367938731405,0.7884367938731405,1.1150233324839751,FALSE,FALSE
2003-02-25,circumpolar,3.943121565,0.7564382568478858,0.7564382568478858,1.1150233324839751,FALSE,FALSE
2003-02-26,circumpolar,3.939359114,0.7223346787341023,0.7223346787341023,1.1150233324839751,FALSE,FALSE
2003-02-27,circumpolar,3.920717841,0.6692851540219502,0.6692851540219502,1.1150233324839751,FALSE,FALSE
2003-02-28,circumpolar,3.948448506,0.6587633182015846,0.6587633182015846,1.1150233324839751,FALSE,FALSE
2003-03-01,circumpolar,3.954586683,0.6230276207631635,0.6230276207631635,1.1150233324839751,FALSE,FALSE
2003-03-02,circumpolar,3.993015963,0.6161845281968383,0.6161845281968383,1.1150233324839751,FALSE,FALSE
2003-03-03,circumpolar,4.019582668,0.5943032379927757,0.5943032379927757,1.1150233324839751,FALSE,FALSE
2003-03-04,circumpolar,4.025145213,0.5484650406411253,0.5484650406411253,1.1150233324839751,FALSE,FALSE
2003-03-05,circumpolar,4.047005915,0.5161951223455001,0.5161951223455001,1.1150233324839751,FALSE,FALSE
2003-03-06,circumpolar,4.107910866,0.5204390591553203,0.5204390591553203,1.1150233324839751,FALSE,FALSE
2003-03-07,circumpolar,4.123925223,0.477385358940821,0.477385358940821,1.1150233324839751,FALSE,FALSE
2003-03-08,circumpolar,4.17058638,0.4626792993189728,0.4626792993189728,1.1150233324839751,FALSE,FALSE
2003-03-09,circumpolar,4.215578183,0.4441126099067394,0.4441126099067394,1.1150233324839751,FALSE,FALSE
2003-03-10,circumpolar,4.324673602,0.4875661443210912,0.4875661443210912,1.1150233324839751,FALSE,FALSE
2003-03-11,circumpolar,4.405668637,0.5009437861789996,0.5009437861789996,1.1150233324839751,FALSE,FALSE
2003-03-12,circumpolar,4.488508293,0.5142984240974271,0.5142984240974271,1.1150233324839751,FALSE,FALSE
2003-03-13,circumpolar,4.552517874,0.5070632456933435,0.5070632456933435,1.1150233324839751,FALSE,FALSE
2003-03-14,circumpolar,4.609816756,0.49146551058371735,0.49146551058371735,1.1150233324839751,FALSE,FALSE
2003-03-15,circumpolar,4.655130409,0.4623385723855167,0.4623385723855167,1.1150233324839751,FALSE,FALSE
2003-03-16,circumpolar,4.714266705,0.4455981867157064,0.4455981867157064,1.1150233324839751,FALSE,FALSE
2003-03-17,circumpolar,4.768304721,0.422431314191261,0.422431314191261,1.1150233324839751,FALSE,FALSE
2003-03-18,circumpolar,4.844882596,0.4205826864185953,0.4205826864185953,1.1150233324839751,FALSE,FALSE
2003-03-19,circumpolar,4.918535633,0.4146619562038687,0.4146619562038687,1.1150233324839751,FALSE,FALSE
2003-03-20,circumpolar,4.976826333,0.39227224811413297,0.39227224811413297,1.1150233324839751,FALSE,FALSE
2003-03-21,circumpolar,5.075779294,0.4094771958298935,0.4094771958298935,1.1150233324839751,FALSE,FALSE
2003-03-22,circumpolar,5.263013072,0.5139343910316843,0.5139343910316843,1.1150233324839751,FALSE,FALSE
2003-03-23,circumpolar,5.344533812,0.511689014400023,0.511689014400023,1.1150233324839751,FALSE,FALSE
2003-03-24,circumpolar,5.386534919,0.4689735066154288,0.4689735066154288,1.1150233324839751,FALSE,FALSE
2003-03-25,circumpolar,5.468399138,0.4652096483584298,0.4652096483584298,1.1150233324839751,FALSE,FALSE
2003-03-26,circumpolar,5.550684865,0.46099487130953953,0.46099487130953953,1.1150233324839751,FALSE,FALSE
2003-03-27,circumpolar,5.63177373,0.45474984114928674,0.45474984114928674,1.1150233324839751,FALSE,FALSE
2003-03-28,circumpolar,5.701298004,0.43614586455819193,0.43614586455819193,1.1150233324839751,FALSE,FALSE
2003-03-29,circumpolar,5.791111022,0.4370753122167707,0.4370753122167707,1.1150233324839751,FALSE,FALSE
2003-03-30,circumpolar,5.892662042,0.44902647780555327,0.44902647780555327,1.1150233324839751,FALSE,FALSE
2003-03-31,circumpolar,5.933232801,0.39931028042256855,0.39931028042256855,1.1150233324839751,FALSE,FALSE
2003-04-01,circumpolar,5.982925264,0.35800400715657776,0.35800400715657776,1.1150233324839751,FALSE,FALSE
2003-04-02,circumpolar,6.073548483,0.35687372201416956,0.35687372201416956,1.1150233324839751,FALSE,FALSE
2003-04-03,circumpolar,6.198583046,0.3893570098650061,0.3893570098650061,1.1150233324839751,FALSE,FALSE
2003-04-04,circumpolar,6.385248586,0.482630500578753,0.482630500578753,1.1150233324839751,FALSE,FALSE
2003-04-05,circumpolar,6.449399455,0.4525055430250706,0.4525055430250706,1.1150233324839751,FALSE,FALSE
2003-04-06,circumpolar,6.554989422,0.462892903073632,0.462892903073632,1.1150233324839751,FALSE,FALSE
2003-04-07,circumpolar,6.674226639,0.4859577295940856,0.4859577295940856,1.1150233324839751,FALSE,FALSE
2003-04-08,circumpolar,6.795172579,0.5097184924561038,0.5097184924561038,1.1150233324839751,FALSE,FALSE
2003-04-09,circumpolar,6.914885655,0.5311906015293424,0.5311906015293424,1.1150233324839751,FALSE,FALSE
2003-04-10,circumpolar,7.014862964,0.531828150683471,0.531828150683471,1.1150233324839751,FALSE,FALSE
2003-04-11,circumpolar,7.108735832,0.5252194627881455,0.5252194627881455,1.1150233324839751,FALSE,FALSE
2003-04-12,circumpolar,7.170578848,0.4853967502803824,0.4853967502803824,1.1150233324839751,FALSE,FALSE
2003-04-13,circumpolar,7.237475587,0.44944586719852264,0.44944586719852264,1.1150233324839751,FALSE,FALSE
2003-04-14,circumpolar,7.322901016,0.4309176739391374,0.4309176739391374,1.1150233324839751,FALSE,FALSE
2003-04-15,circumpolar,7.373130148,0.3761699528093807,0.3761699528093807,1.1150233324839751,FALSE,FALSE
2003-04-16,circumpolar,7.477402941,0.3745254311164388,0.3745254311164388,1.1150233324839751,FALSE,FALSE
2003-04-17,circumpolar,7.563316555,0.3536640381674676,0.3536640381674676,1.1150233324839751,FALSE,FALSE
2003-04-18,circumpolar,7.675760608,0.3585581612696327,0.3585581612696327,1.1150233324839751,FALSE,FALSE
2003-04-19,circumpolar,7.821847471,0.3964029407300931,0.3964029407300931,1.1150233324839751,FALSE,FALSE
2003-04-20,circumpolar,7.976492828,0.4421968298560364,0.4421968298560364,1.1150233324839751,FALSE,FALSE
2003-04-21,circumpolar,8.140842432,0.4971683509546061,0.4971683509546061,1.1150233324839751,FALSE,FALSE
2003-04-22,circumpolar,8.302245368,0.5487493583329783,0.5487493583329783,1.1150233324839751,FALSE,FALSE
2003-04-23,circumpolar,8.406352757,0.5426737422983257,0.5426737422983257,1.1150233324839751,FALSE,FALSE
2003-04-24,circumpolar,8.487021215,0.5128808881577962,0.5128808881577962,1.1150233324839751,FALSE,FALSE
2003-04-25,circumpolar,8.598906239,0.5141055606421343,0.5141055606421343,1.1150233324839751,FALSE,FALSE
2003-04-26,circumpolar,8.708557101,0.5129430433912567,0.5129430433912567,1.1150233324839751,FALSE,FALSE
2003-04-27,circumpolar,8.851558455,0.5450056245347792,0.5450056245347792,1.1150233324839751,FALSE,FALSE
2003-04-28,circumpolar,8.97915274,0.5615631836155757,0.5615631836155757,1.1150233324839751,FALSE,FALSE
2003-04-29,circumpolar,9.067441626,0.538744831176496,0.538744831176496,1.1150233324839751,FALSE,FALSE
2003-04-30,circumpolar,9.196799387,0.5569522817603936,0.5569522817603936,1.1150233324839751,FALSE,FALSE
2003-05-01,circumpolar,9.305431377,0.5544183299101295,0.5544183299101295,1.1150233324839751,FALSE,FALSE
2003-05-02,circumpolar,9.417886694,0.5557195141685547,0.5557195141685547,1.1150233324839751,FALSE,FALSE
2003-05-03,circumpolar,9.550435392,0.5771533290785431,0.5771533290785431,1.1150233324839751,FALSE,FALSE
2003-05-04,circumpolar,9.683982887,0.5996526311829378,0.5996526311829378,1.1150233324839751,FALSE,FALSE
2003-05-05,circumpolar,9.760620013,0.5653356950245936,0.5653356950245936,1.1150233324839751,FALSE,FALSE
2003-05-06,circumpolar,9.853958883,0.5478420741463825,0.5478420741463825,1.1150233324839751,FALSE,FALSE
2003-05-07,circumpolar,9.936547816,0.5197475130981548,0.5197475130981548,1.1150233324839751,FALSE,FALSE
2003-05-08,circumpolar,9.995304711,0.4679889776032482,0.4679889776032482,1.1150233324839751,FALSE,FALSE
2003-05-09,circumpolar,10.10652008,0.4688537995980848,0.4688537995980848,1.1150233324839751,FALSE,FALSE
2003-05-10,circumpolar,10.19084811,0.4429893256210029,0.4429893256210029,1.1150233324839751,FALSE,FALSE
2003-05-11,circumpolar,10.35864199,0.5007419042103205,0.5007419042103205,1.1150233324839751,FALSE,FALSE
2003-05-12,circumpolar,10.48280086,0.5150038349043715,0.5150038349043715,1.1150233324839751,FALSE,FALSE
2003-05-13,circumpolar,10.58312686,0.5055704172414792,0.5055704172414792,1.1150233324839751,FALSE,FALSE
2003-05-14,circumpolar,10.67605014,0.488864960759976,0.488864960759976,1.1150233324839751,FALSE,FALSE
2003-05-15,circumpolar,10.78938321,0.4926931349981896,0.4926931349981896,1.1150233324839751,FALSE,FALSE
2003-05-16,circumpolar,10.90041673,0.4943387594944362,0.4943387594944362,1.1150233324839751,FALSE,FALSE
2003-05-17,circumpolar,11.05771507,0.5423593637870496,0.5423593637870496,1.1150233324839751,FALSE,FALSE
2003-05-18,circumpolar,11.20120101,0.5766708874143749,0.5766708874143749,1.1150233324839751,FALSE,FALSE
2003-05-19,circumpolar,11.38650996,0.6529018999147169,0.6529018999147169,1.1150233324839751,FALSE,FALSE
2003-05-20,circumpolar,11.62277106,0.7801758338638844,0.7801758338638844,1.1150233324839751,FALSE,FALSE
2003-05-21,circumpolar,11.81028508,0.8588084267287357,0.8588084267287357,1.1150233324839751,FALSE,FALSE
2003-05-22,circumpolar,11.85218345,0.7919641392932544,0.7919641392932544,1.1150233324839751,FALSE,FALSE
2003-05-23,circumpolar,11.93486054,0.7660709800766217,0.7660709800766217,1.1150233324839751,FALSE,FALSE
2003-05-24,circumpolar,12.03234706,0.7551932975979998,0.7551932975979998,1.1150233324839751,FALSE,FALSE
2003-05-25,circumpolar,12.1774056,0.7921273203765828,0.7921273203765828,1.1150233324839751,FALSE,FALSE
2003-05-26,circumpolar,12.31458258,0.8214531069315374,0.8214531069315374,1.1150233324839751,FALSE,FALSE
2003-05-27,circumpolar,12.43644699,0.8357732857820341,0.8357732857820341,1.1150233324839751,FALSE,FALSE
2003-05-28,circumpolar,12.62197882,0.9141014854472528,0.9141014854472528,1.1150233324839751,FALSE,FALSE
2003-05-29,circumpolar,12.78863099,0.973924264446376,0.973924264446376,1.1150233324839751,FALSE,FALSE
2003-05-30,circumpolar,12.90055952,0.9794312812985756,0.9794312812985756,1.1150233324839751,FALSE,FALSE
2003-05-31,circumpolar,12.98600001,0.9588917745230124,0.9588917745230124,1.1150233324839751,FALSE,FALSE
2003-06-01,circumpolar,13.09177007,0.959156992638892,0.959156992638892,1.1150233324839751,FALSE,FALSE
2003-06-02,circumpolar,13.17029307,0.9326728321964132,0.9326728321964132,1.1150233324839751,FALSE,FALSE
2003-06-03,circumpolar,13.24368754,0.9015310540509224,0.9015310540509224,1.1150233324839751,FALSE,FALSE
2003-06-04,circumpolar,13.33337973,0.8871174738466046,0.8871174738466046,1.1150233324839751,FALSE,FALSE
2003-06-05,circumpolar,13.39739213,0.8474141467215119,0.8474141467215119,1.1150233324839751,FALSE,FALSE
2003-06-06,circumpolar,13.50415875,0.8508146478136833,0.8508146478136833,1.1150233324839751,FALSE,FALSE
2003-06-07,circumpolar,13.59065592,0.8342548722611429,0.8342548722611429,1.1150233324839751,FALSE,FALSE
2003-06-08,circumpolar,13.68312288,0.8239336252019296,0.8239336252019296,1.1150233324839751,FALSE,FALSE
2003-06-09,circumpolar,13.7945398,0.8327906417740714,0.8327906417740714,1.1150233324839751,FALSE,FALSE
2003-06-10,circumpolar,13.91484941,0.8507282171155985,0.8507282171155985,1.1150233324839751,FALSE,FALSE
2003-06-11,circumpolar,14.01884696,0.852501166364565,0.852501166364565,1.1150233324839751,FALSE,FALSE
2003-06-12,circumpolar,14.06419209,0.7957286946589868,0.7957286946589868,1.1150233324839751,FALSE,FALSE
2003-06-13,circumpolar,14.13821758,0.7677031471368938,0.7677031471368938,1.1150233324839751,FALSE,FALSE
2003-06-14,circumpolar,14.25706176,0.7845242493567568,0.7845242493567568,1.1150233324839751,FALSE,FALSE
2003-06-15,circumpolar,14.33932223,0.7648316894010048,0.7648316894010048,1.1150233324839751,FALSE,FALSE
2003-06-16,circumpolar,14.42939533,0.753174593843994,0.753174593843994,1.1150233324839751,FALSE,FALSE
2003-06-17,circumpolar,14.54478917,0.7672218795546097,0.7672218795546097,1.1150233324839751,FALSE,FALSE
2003-06-18,circumpolar,14.62194494,0.7435755434017128,0.7435755434017128,1.1150233324839751,FALSE,FALSE
2003-06-19,circumpolar,14.66011466,0.681648412254189,0.681648412254189,1.1150233324839751,FALSE,FALSE
2003-06-20,circumpolar,14.69380204,0.6161050029809072,0.6161050029809072,1.1150233324839751,FALSE,FALSE
2003-06-21,circumpolar,14.7136316,0.5377306424507431,0.5377306424507431,1.1150233324839751,FALSE,FALSE
2003-06-22,circumpolar,14.79735047,0.5244332675325545,0.5244332675325545,1.1150233324839751,FALSE,FALSE
2003-06-23,circumpolar,14.96623341,0.5976484450952295,0.5976484450952295,1.1150233324839751,FALSE,FALSE
2003-06-24,circumpolar,15.08462597,0.6218825320076427,0.6218825320076427,1.1150233324839751,FALSE,FALSE
2003-06-25,circumpolar,15.17257111,0.6173392951386525,0.6173392951386525,1.1150233324839751,FALSE,FALSE
2003-06-26,circumpolar,15.25630225,0.610412961357147,0.610412961357147,1.1150233324839751,FALSE,FALSE
2003-06-27,circumpolar,15.33364439,0.5990613128456914,0.5990613128456914,1.1150233324839751,FALSE,FALSE
2003-06-28,circumpolar,15.41404066,0.5926484930963305,0.5926484930963305,1.1150233324839751,FALSE,FALSE
2003-06-29,circumpolar,15.47459127,0.568098960162148,0.568098960162148,1.1150233324839751,FALSE,FALSE
2003-06-30,circumpolar,15.60125382,0.6111940645756739,0.6111940645756739,1.1150233324839751,FALSE,FALSE
2003-07-01,circumpolar,15.68804679,0.615776036869466,0.615776036869466,1.1150233324839751,FALSE,FALSE
2003-07-02,circumpolar,15.75781299,0.6045114375760665,0.6045114375760665,1.1150233324839751,FALSE,FALSE
2003-07-03,circumpolar,15.83183025,0.5985018472280377,0.5985018472280377,1.1150233324839751,FALSE,FALSE
2003-07-04,circumpolar,15.91435288,0.6018253263579165,0.6018253263579165,1.1150233324839751,FALSE,FALSE
2003-07-05,circumpolar,15.9821973,0.5911220454982544,0.5911220454982544,1.1150233324839751,FALSE,FALSE
2003-07-06,circumpolar,16.04444338,0.5752956251815977,0.5752956251815977,1.1150233324839751,FALSE,FALSE
2003-07-07,circumpolar,16.11175123,0.5648299259404972,0.5648299259404972,1.1150233324839751,FALSE,FALSE
2003-07-08,circumpolar,16.22766964,0.6030974883074993,0.6030974883074993,1.1150233324839751,FALSE,FALSE
2003-07-09,circumpolar,16.32837909,0.6261029558090403,0.6261029558090403,1.1150233324839751,FALSE,FALSE
2003-07-10,circumpolar,16.34522209,0.5650933273705121,0.5650933273705121,1.1150233324839751,FALSE,FALSE
2003-07-11,circumpolar,16.33279373,0.4747439720004571,0.4747439720004571,1.1150233324839751,FALSE,FALSE
2003-07-12,circumpolar,16.39116488,0.455229302117635,0.455229302117635,1.1150233324839751,FALSE,FALSE
2003-07-13,circumpolar,16.4416759,0.4279932201408592,0.4279932201408592,1.1150233324839751,FALSE,FALSE
2003-07-14,circumpolar,16.53531187,0.4441243484889093,0.4441243484889093,1.1150233324839751,FALSE,FALSE
2003-07-15,circumpolar,16.63245045,0.4641038895805849,0.4641038895805849,1.1150233324839751,FALSE,FALSE
2003-07-16,circumpolar,16.67258715,0.4275308958346642,0.4275308958346642,1.1150233324839751,FALSE,FALSE
2003-07-17,circumpolar,16.74928129,0.4280682296699396,0.4280682296699396,1.1150233324839751,FALSE,FALSE
2003-07-18,circumpolar,16.8836453,0.48693186350523376,0.48693186350523376,1.1150233324839751,FALSE,FALSE
2003-07-19,circumpolar,17.00059174,0.529137899759295,0.529137899759295,1.1150233324839751,FALSE,FALSE
2003-07-20,circumpolar,17.13132473,0.5859940008509348,0.5859940008509348,1.1150233324839751,FALSE,FALSE
2003-07-21,circumpolar,17.23787982,0.6196392591989408,0.6196392591989408,1.1150233324839751,FALSE,FALSE
2003-07-22,circumpolar,17.30059376,0.6105110852804856,0.6105110852804856,1.1150233324839751,FALSE,FALSE
2003-07-23,circumpolar,17.40727232,0.6464761321563941,0.6464761321563941,1.1150233324839751,FALSE,FALSE
2003-07-24,circumpolar,17.44414582,0.6137966075501815,0.6137966075501815,1.1150233324839751,FALSE,FALSE
2003-07-25,circumpolar,17.44464256,0.5459320414582649,0.5459320414582649,1.1150233324839751,FALSE,FALSE
2003-07-26,circumpolar,17.44872226,0.4828733838770915,0.4828733838770915,1.1150233324839751,FALSE,FALSE
2003-07-27,circumpolar,17.43278293,0.40104987480307486,0.40104987480307486,1.1150233324839751,FALSE,FALSE
2003-07-28,circumpolar,17.48807297,0.3917411442326468,0.3917411442326468,1.1150233324839751,FALSE,FALSE
2003-07-29,circumpolar,17.55524179,0.395627832162237,0.395627832162237,1.1150233324839751,FALSE,FALSE
2003-07-30,circumpolar,17.57344419,0.3518959685882841,0.3518959685882841,1.1150233324839751,FALSE,FALSE
2003-07-31,circumpolar,17.5715104,0.2894070135071942,0.2894070135071942,1.1150233324839751,FALSE,FALSE
2003-08-01,circumpolar,17.61915538,0.2779071569153899,0.2779071569153899,1.1150233324839751,FALSE,FALSE
2003-08-02,circumpolar,17.60350424,0.2045527388093333,0.2045527388093333,1.1150233324839751,FALSE,FALSE
2003-08-03,circumpolar,17.65361517,0.19843317862276424,0.19843317862276424,1.1150233324839751,FALSE,FALSE
2003-08-04,circumpolar,17.57718892,0.06726526593790183,0.06726526593790183,1.1150233324839751,FALSE,FALSE
2003-08-05,circumpolar,17.56467107,0.00145582467491323,0.00145582467491323,1.1150233324839751,FALSE,FALSE
2003-08-06,circumpolar,17.58484973,-0.03025814298776552,0.03025814298776552,1.1150233324839751,FALSE,FALSE
2003-08-07,circumpolar,17.60904042,-0.05661222487172424,0.05661222487172424,1.1150233324839751,FALSE,FALSE
2003-08-08,circumpolar,17.7359788,0.02107813120143475,0.02107813120143475,1.1150233324839751,FALSE,FALSE
2003-08-09,circumpolar,17.80888868,0.04598562741012912,0.04598562741012912,1.1150233324839751,FALSE,FALSE
2003-08-10,circumpolar,17.85054289,0.04083198593276194,0.04083198593276194,1.1150233324839751,FALSE,FALSE
2003-08-11,circumpolar,17.77744689,-0.07792844105225072,0.07792844105225072,1.1150233324839751,FALSE,FALSE
2003-08-12,circumpolar,17.74277378,-0.15717366136650668,0.15717366136650668,1.1150233324839751,FALSE,FALSE
2003-08-13,circumpolar,17.78366962,-0.1598087228315741,0.1598087228315741,1.1150233324839751,FALSE,FALSE
2003-08-14,circumpolar,17.77150645,-0.2145126932690609,0.2145126932690609,1.1150233324839751,FALSE,FALSE
2003-08-15,circumpolar,17.80020794,-0.22741301050055895,0.22741301050055895,1.1150233324839751,FALSE,FALSE
2003-08-16,circumpolar,17.86015974,-0.20817425377735077,0.20817425377735077,1.1150233324839751,FALSE,FALSE
2003-08-17,circumpolar,17.92015758,-0.18802480917783623,0.18802480917783623,1.1150233324839751,FALSE,FALSE
2003-08-18,circumpolar,17.96230691,-0.1848534541946236,0.1848534541946236,1.1150233324839751,FALSE,FALSE
2003-08-19,circumpolar,17.91471126,-0.2705492483485621,0.2705492483485621,1.1150233324839751,FALSE,FALSE
2003-08-20,circumpolar,17.92934808,-0.2931273311604805,0.2931273311604805,1.1150233324839751,FALSE,FALSE
2003-08-21,circumpolar,17.93776967,-0.32102799215120825,0.32102799215120825,1.1150233324839751,FALSE,FALSE
2003-08-22,circumpolar,17.98610132,-0.30811853084158614,0.30811853084158614,1.1150233324839751,FALSE,FALSE
2003-08-23,circumpolar,18.07409697,-0.2546375967524561,0.2546375967524561,1.1150233324839751,FALSE,FALSE
2003-08-24,circumpolar,18.16294168,-0.19939271940465275,0.19939271940465275,1.1150233324839751,FALSE,FALSE
2003-08-25,circumpolar,18.20180104,-0.19321089831900196,0.19321089831900196,1.1150233324839751,FALSE,FALSE
2003-08-26,circumpolar,18.2939345,-0.13282527301635838,0.13282527301635838,1.1150233324839751,FALSE,FALSE
2003-08-27,circumpolar,18.29085785,-0.16671264301755073,0.16671264301755073,1.1150233324839751,FALSE,FALSE
2003-08-28,circumpolar,18.29601481,-0.19142187784340692,0.19142187784340692,1.1150233324839751,FALSE,FALSE
2003-08-29,circumpolar,18.29896115,-0.21738888747800544,0.21738888747800544,1.1150233324839751,FALSE,FALSE
2003-08-30,circumpolar,18.26330093,-0.28099576401722715,0.28099576401722715,1.1150233324839751,FALSE,FALSE
2003-08-31,circumpolar,18.29817505,-0.27308568255337207,0.27308568255337207,1.1150233324839751,FALSE,FALSE
2003-09-01,circumpolar,18.30348721,-0.29373901445323014,0.29373901445323014,1.1150233324839751,FALSE,FALSE
2003-09-02,circumpolar,18.27915828,-0.3430189610836152,0.3430189610836152,1.1150233324839751,FALSE,FALSE
2003-09-03,circumpolar,18.273935,-0.372162853811318,0.372162853811318,1.1150233324839751,FALSE,FALSE
2003-09-04,circumpolar,18.24248268,-0.4264894540031463,0.4264894540031463,1.1150233324839751,FALSE,FALSE
2003-09-05,circumpolar,18.3130357,-0.3777484530259194,0.3777484530259194,1.1150233324839751,FALSE,FALSE
2003-09-06,circumpolar,18.34187417,-0.3696438122464016,0.3696438122464016,1.1150233324839751,FALSE,FALSE
2003-09-07,circumpolar,18.40109961,-0.3300580830314388,0.3300580830314388,1.1150233324839751,FALSE,FALSE
2003-09-08,circumpolar,18.43016506,-0.3195222967478131,0.3195222967478131,1.1150233324839751,FALSE,FALSE
2003-09-09,circumpolar,18.42831051,-0.33878053476233205,0.33878053476233205,1.1150233324839751,FALSE,FALSE
2003-09-10,circumpolar,18.40707349,-0.3762793145599304,0.3762793145599304,1.1150233324839751,FALSE,FALSE
2003-09-11,circumpolar,18.47469289,-0.32376152648133427,0.32376152648133427,1.1150233324839751,FALSE,FALSE
2003-09-12,circumpolar,18.59424696,-0.21812659822479577,0.21812659822479577,1.1150233324839751,FALSE,FALSE
2003-09-13,circumpolar,18.68546642,-0.13962105551604864,0.13962105551604864,1.1150233324839751,FALSE,FALSE
2003-09-14,circumpolar,18.63844429,-0.198129124080868,0.198129124080868,1.1150233324839751,FALSE,FALSE
2003-09-15,circumpolar,18.61398856,-0.2328200596450216,0.2328200596450216,1.1150233324839751,FALSE,FALSE
2003-09-16,circumpolar,18.65707018,-0.19870015793424756,0.19870015793424756,1.1150233324839751,FALSE,FALSE
2003-09-17,circumpolar,18.69782106,-0.16561475467431208,0.16561475467431208,1.1150233324839751,FALSE,FALSE
2003-09-18,circumpolar,18.74090304,-0.1288792555909808,0.1288792555909808,1.1150233324839751,FALSE,FALSE
2003-09-19,circumpolar,18.80329711,-0.07148991640999824,0.07148991640999824,1.1150233324839751,FALSE,FALSE
2003-09-20,circumpolar,18.89981618,0.02138892714285134,0.02138892714285134,1.1150233324839751,FALSE,FALSE
2003-09-21,circumpolar,18.90730445,0.02662422934183794,0.02662422934183794,1.1150233324839751,FALSE,FALSE
2003-09-22,circumpolar,18.878493,-0.00303017553880735,0.00303017553880735,1.1150233324839751,FALSE,FALSE
2003-09-23,circumpolar,18.92905462,0.04812047602845837,0.04812047602845837,1.1150233324839751,FALSE,FALSE
2003-09-24,circumpolar,19.03890856,0.16000904879948763,0.16000904879948763,1.1150233324839751,FALSE,FALSE
2003-09-25,circumpolar,19.02325737,0.147846636970705,0.147846636970705,1.1150233324839751,FALSE,FALSE
2003-09-26,circumpolar,18.9591372,0.08867786359303409,0.08867786359303409,1.1150233324839751,FALSE,FALSE
2003-09-27,circumpolar,18.92851253,0.06447568171735085,0.06447568171735085,1.1150233324839751,FALSE,FALSE
2003-09-28,circumpolar,18.94548338,0.08934858439456761,0.08934858439456761,1.1150233324839751,FALSE,FALSE
2003-09-29,circumpolar,18.96170237,0.11495766467556125,0.11495766467556125,1.1150233324839751,FALSE,FALSE
2003-09-30,circumpolar,18.96837757,0.13251946561123873,0.13251946561123873,1.1150233324839751,FALSE,FALSE
2003-10-01,circumpolar,19.00049814,0.17703162025250663,0.17703162025250663,1.1150233324839751,FALSE,FALSE
2003-10-02,circumpolar,19.03795623,0.2283947516502458,0.2283947516502458,1.1150233324839751,FALSE,FALSE
2003-10-03,circumpolar,19.01870058,0.2245660728553709,0.2245660728553709,1.1150233324839751,FALSE,FALSE
2003-10-04,circumpolar,18.97957897,0.20240183691876723,0.20240183691876723,1.1150233324839751,FALSE,FALSE
2003-10-05,circumpolar,18.90236449,0.14368360960252602,0.14368360960252602,1.1150233324839751,FALSE,FALSE
2003-10-06,circumpolar,18.82593384,0.08729984621247411,0.08729984621247411,1.1150233324839751,FALSE,FALSE
2003-10-07,circumpolar,18.77582182,0.05880674899392346,0.05880674899392346,1.1150233324839751,FALSE,FALSE
2003-10-08,circumpolar,18.72931473,0.03551378508075231,0.03551378508075231,1.1150233324839751,FALSE,FALSE
2003-10-09,circumpolar,18.6186928,-0.05027564839314635,0.05027564839314635,1.1150233324839751,FALSE,FALSE
2003-10-10,circumpolar,18.53550898,-0.10698543429388252,0.10698543429388252,1.1150233324839751,FALSE,FALSE
2003-10-11,circumpolar,18.47342013,-0.14093554548757936,0.14093554548757936,1.1150233324839751,FALSE,FALSE
2003-10-12,circumpolar,18.47271772,-0.11181134484037968,0.11181134484037968,1.1150233324839751,FALSE,FALSE
2003-10-13,circumpolar,18.43935663,-0.1136347852183448,0.1136347852183448,1.1150233324839751,FALSE,FALSE
2003-10-14,circumpolar,18.41967593,-0.10004362948763657,0.10004362948763657,1.1150233324839751,FALSE,FALSE
2003-10-15,circumpolar,18.41321536,-0.0714749705143447,0.0714749705143447,1.1150233324839751,FALSE,FALSE
2003-10-16,circumpolar,18.4494076,0.00152703883540539,0.00152703883540539,1.1150233324839751,FALSE,FALSE
2003-10-17,circumpolar,18.44878314,0.03951605569548988,0.03951605569548988,1.1150233324839751,FALSE,FALSE
2003-10-18,circumpolar,18.5004362,0.13160909427535117,0.13160909427535117,1.1150233324839751,FALSE,FALSE
2003-10-19,circumpolar,18.53408177,0.2075360179793684,0.2075360179793684,1.1150233324839751,FALSE,FALSE
2003-10-20,circumpolar,18.54170891,0.2592931878012621,0.2592931878012621,1.1150233324839751,FALSE,FALSE
2003-10-21,circumpolar,18.51591079,0.2794807715333363,0.2794807715333363,1.1150233324839751,FALSE,FALSE
2003-10-22,circumpolar,18.44016801,0.2515863669678886,0.2515863669678886,1.1150233324839751,FALSE,FALSE
2003-10-23,circumpolar,18.41030662,0.2714430218972197,0.2714430218972197,1.1150233324839751,FALSE,FALSE
2003-10-24,circumpolar,18.37174851,0.2844796241136507,0.2844796241136507,1.1150233324839751,FALSE,FALSE
2003-10-25,circumpolar,18.34824902,0.31445851140946957,0.31445851140946957,1.1150233324839751,FALSE,FALSE
2003-10-26,circumpolar,18.33129587,0.35287440157698313,0.35287440157698313,1.1150233324839751,FALSE,FALSE
2003-10-27,circumpolar,18.3081686,0.3870138324085062,0.3870138324085062,1.1150233324839751,FALSE,FALSE
2003-10-28,circumpolar,18.24387842,0.3818950116963365,0.3818950116963365,1.1150233324839751,FALSE,FALSE
2003-10-29,circumpolar,18.2030141,0.4021137072327683,0.4021137072327683,1.1150233324839751,FALSE,FALSE
2003-10-30,circumpolar,18.1713129,0.4334141768101212,0.4334141768101212,1.1150233324839751,FALSE,FALSE
2003-10-31,circumpolar,18.11999874,0.4470499964965313,0.4470499964965313,1.1150233324839751,FALSE,FALSE
2003-11-01,circumpolar,18.03118976,0.4252804913138988,0.4252804913138988,1.1150233324839751,FALSE,FALSE
2003-11-02,circumpolar,17.94066468,0.40405982364482185,0.40405982364482185,1.1150233324839751,FALSE,FALSE
2003-11-03,circumpolar,17.83982512,0.3749650650811702,0.3749650650811702,1.1150233324839751,FALSE,FALSE
2003-11-04,circumpolar,17.74376445,0.3532650372148325,0.3532650372148325,1.1150233324839751,FALSE,FALSE
2003-11-05,circumpolar,17.60219883,0.2888513516376783,0.2888513516376783,1.1150233324839751,FALSE,FALSE
2003-11-06,circumpolar,17.50330536,0.27007655994158597,0.27007655994158597,1.1150233324839751,FALSE,FALSE
2003-11-07,circumpolar,17.45588673,0.30591880371842706,0.30591880371842706,1.1150233324839751,FALSE,FALSE
2003-11-08,circumpolar,17.41487781,0.35148840456009367,0.35148840456009367,1.1150233324839751,FALSE,FALSE
2003-11-09,circumpolar,17.31934935,0.34603156405843905,0.34603156405843905,1.1150233324839751,FALSE,FALSE
2003-11-10,circumpolar,17.24987553,0.3702979138053664,0.3702979138053664,1.1150233324839751,FALSE,FALSE
2003-11-11,circumpolar,17.15666825,0.3746748053927327,0.3746748053927327,1.1150233324839751,FALSE,FALSE
2003-11-12,circumpolar,17.07568841,0.3952972886367121,0.3952972886367121,1.1150233324839751,FALSE,FALSE
2003-11-13,circumpolar,16.94626543,0.3715969204223022,0.3715969204223022,1.1150233324839751,FALSE,FALSE
2003-11-14,circumpolar,16.83019726,0.3653655371726394,0.3653655371726394,1.1150233324839751,FALSE,FALSE
2003-11-15,circumpolar,16.70695133,0.3560555264311702,0.3560555264311702,1.1150233324839751,FALSE,FALSE
2003-11-16,circumpolar,16.50380745,0.2709316557413537,0.2709316557413537,1.1150233324839751,FALSE,FALSE
2003-11-17,circumpolar,16.32258296,0.21179622264662967,0.21179622264662967,1.1150233324839751,FALSE,FALSE
2003-11-18,circumpolar,16.18865216,0.20400848469044777,0.20400848469044777,1.1150233324839751,FALSE,FALSE
2003-11-19,circumpolar,16.0634764,0.2090147494162604,0.2090147494162604,1.1150233324839751,FALSE,FALSE
2003-11-20,circumpolar,15.94757128,0.2273155743675268,0.2273155743675268,1.1150233324839751,FALSE,FALSE
2003-11-21,circumpolar,15.8972108,0.31516991708768316,0.31516991708768316,1.1150233324839751,FALSE,FALSE
2003-11-22,circumpolar,15.77881282,0.3389805951201925,0.3389805951201925,1.1150233324839751,FALSE,FALSE
2003-11-23,circumpolar,15.60285536,0.30921058600848816,0.30921058600848816,1.1150233324839751,FALSE,FALSE
2003-11-24,circumpolar,15.45404636,0.31055278729603764,0.31055278729603764,1.1150233324839751,FALSE,FALSE
2003-11-25,circumpolar,15.31421899,0.3248328337201958,0.3248328337201958,1.1150233324839751,FALSE,FALSE
2003-11-26,circumpolar,15.17843472,0.3471681546066989,0.3471681546066989,1.1150233324839751,FALSE,FALSE
2003-11-27,circumpolar,15.04873824,0.3796913260063928,0.3796913260063928,1.1150233324839751,FALSE,FALSE
2003-11-28,circumpolar,14.88790143,0.38526235579655754,0.38526235579655754,1.1150233324839751,FALSE,FALSE
2003-11-29,circumpolar,14.75952154,0.4275666218544512,0.4275666218544512,1.1150233324839751,FALSE,FALSE
2003-11-30,circumpolar,14.58465692,0.4277506020573405,0.4277506020573405,1.1150233324839751,FALSE,FALSE
2003-12-01,circumpolar,14.39894274,0.42153759428248705,0.42153759428248705,1.1150233324839751,FALSE,FALSE
2003-12-02,circumpolar,14.17648334,0.3831200664071588,0.3831200664071588,1.1150233324839751,FALSE,FALSE
2003-12-03,circumpolar,14.01153498,0.4068424063086109,0.4068424063086109,1.1150233324839751,FALSE,FALSE
2003-12-04,circumpolar,13.76988503,0.35858011186411787,0.35858011186411787,1.1150233324839751,FALSE,FALSE
2003-12-05,circumpolar,13.47260704,0.2594948609509391,0.2594948609509391,1.1150233324839751,FALSE,FALSE
2003-12-06,circumpolar,13.1935191,0.18349287144633664,0.18349287144633664,1.1150233324839751,FALSE,FALSE
2003-12-07,circumpolar,12.9597939,0.1578344669069942,0.1578344669069942,1.1150233324839751,FALSE,FALSE
2003-12-08,circumpolar,12.73966289,0.15068527796140785,0.15068527796140785,1.1150233324839751,FALSE,FALSE
2003-12-09,circumpolar,12.5547663,0.18324964311993064,0.18324964311993064,1.1150233324839751,FALSE,FALSE
2003-12-10,circumpolar,12.3974924,0.24742527299066452,0.24742527299066452,1.1150233324839751,FALSE,FALSE
2003-12-11,circumpolar,12.26413128,0.33901169818170906,0.33901169818170906,1.1150233324839751,FALSE,FALSE
2003-12-12,circumpolar,12.02635959,0.3291950093011575,0.3291950093011575,1.1150233324839751,FALSE,FALSE
2003-12-13,circumpolar,11.7479145,0.2812218169571157,0.2812218169571157,1.1150233324839751,FALSE,FALSE
2003-12-14,circumpolar,11.46494324,0.23074879175768004,0.23074879175768004,1.1150233324839751,FALSE,FALSE
2003-12-15,circumpolar,11.19612073,0.1959602943109502,0.1959602943109502,1.1150233324839751,FALSE,FALSE
2003-12-16,circumpolar,10.94117266,0.17609145522503766,0.17609145522503766,1.1150233324839751,FALSE,FALSE
2003-12-17,circumpolar,10.71145774,0.1820104251080288,0.1820104251080288,1.1150233324839751,FALSE,FALSE
2003-12-18,circumpolar,10.42007803,0.12632870456802436,0.12632870456802436,1.1150233324839751,FALSE,FALSE
2003-12-19,circumpolar,10.14791993,0.08944213421312774,0.08944213421312774,1.1150233324839751,FALSE,FALSE
2003-12-20,circumpolar,9.938953645,0.11483194269243312,0.11483194269243312,1.1150233324839751,FALSE,FALSE
2003-12-21,circumpolar,9.741093753,0.14994876258461431,0.14994876258461431,1.1150233324839751,FALSE,FALSE
2003-12-22,circumpolar,9.532923893,0.1729322676819276,0.1729322676819276,1.1150233324839751,FALSE,FALSE
2003-12-23,circumpolar,9.314688884,0.18358386856369613,0.18358386856369613,1.1150233324839751,FALSE,FALSE
2003-12-24,circumpolar,9.077178085,0.1722495158092201,0.1722495158092201,1.1150233324839751,FALSE,FALSE
2003-12-25,circumpolar,8.853235914,0.1713302189978414,0.1713302189978414,1.1150233324839751,FALSE,FALSE
2003-12-26,circumpolar,8.706747036,0.2442672347088486,0.2442672347088486,1.1150233324839751,FALSE,FALSE
2003-12-27,circumpolar,8.480338082,0.23324378552159608,0.23324378552159608,1.1150233324839751,FALSE,FALSE
2003-12-28,circumpolar,8.273327901,0.2371353120153703,0.2371353120153703,1.1150233324839751,FALSE,FALSE
2003-12-29,circumpolar,8.109834631,0.27961654376951905,0.27961654376951905,1.1150233324839751,FALSE,FALSE
2003-12-30,circumpolar,7.996231863,0.36661766336333734,0.36661766336333734,1.1150233324839751,FALSE,FALSE
2003-12-31,circumpolar,7.830049065,0.3952247303761398,0.3952247303761398,1.1150233324839751,FALSE,FALSE
2004-01-01,circumpolar,7.677993021,0.4317011203872667,0.4317011203872667,1.1150233324839751,FALSE,FALSE
2004-01-02,circumpolar,7.497207389,0.4328645064307288,0.4328645064307288,1.1150233324839751,FALSE,FALSE
2004-01-03,circumpolar,7.32923646,0.4404028883593876,0.4404028883593876,1.1150233324839751,FALSE,FALSE
2004-01-04,circumpolar,7.169984525,0.4504816894808199,0.4504816894808199,1.1150233324839751,FALSE,FALSE
2004-01-05,circumpolar,7.019168541,0.4630789991026134,0.4630789991026134,1.1150233324839751,FALSE,FALSE
2004-01-06,circumpolar,6.887978745,0.48964618653231895,0.48964618653231895,1.1150233324839751,FALSE,FALSE
2004-01-07,circumpolar,6.762698049,0.5167272960775096,0.5167272960775096,1.1150233324839751,FALSE,FALSE
2004-01-08,circumpolar,6.645953567,0.5472105740457716,0.5472105740457716,1.1150233324839751,FALSE,FALSE
2004-01-09,circumpolar,6.439100177,0.4827120307446604,0.4827120307446604,1.1150233324839751,FALSE,FALSE
2004-01-10,circumpolar,6.316598846,0.49795376548176584,0.49795376548176584,1.1150233324839751,FALSE,FALSE
2004-01-11,circumpolar,6.252448122,0.5671954585646404,0.5671954585646404,1.1150233324839751,FALSE,FALSE
2004-01-12,circumpolar,6.137006926,0.5810571633008692,0.5810571633008692,1.1150233324839751,FALSE,FALSE
2004-01-13,circumpolar,6.065614899,0.6351396529980198,0.6351396529980198,1.1150233324839751,FALSE,FALSE
2004-01-14,circumpolar,6.018047985,0.7094767779729141,0.7094767779729141,1.1150233324839751,FALSE,FALSE
2004-01-15,circumpolar,5.903565928,0.7134704243868599,0.7134704243868599,1.1150233324839751,FALSE,FALSE
2004-01-16,circumpolar,5.819041343,0.7439903217010659,0.7439903217010659,1.1150233324839751,FALSE,FALSE
2004-01-17,circumpolar,5.681444601,0.7179947833324167,0.7179947833324167,1.1150233324839751,FALSE,FALSE
2004-01-18,circumpolar,5.595122914,0.7398189636978048,0.7398189636978048,1.1150233324839751,FALSE,FALSE
2004-01-19,circumpolar,5.524424061,0.7737985842141182,0.7737985842141182,1.1150233324839751,FALSE,FALSE
2004-01-20,circumpolar,5.372406883,0.7229804282982455,0.7229804282982455,1.1150233324839751,FALSE,FALSE
2004-01-21,circumpolar,5.28568007,0.7339611283670733,0.7339611283670733,1.1150233324839751,FALSE,FALSE
2004-01-22,circumpolar,5.173143256,0.7156282608374935,0.7156282608374935,1.1150233324839751,FALSE,FALSE
2004-01-23,circumpolar,5.1122014160000004,0.7453747431263951,0.7453747431263951,1.1150233324839751,FALSE,FALSE
2004-01-24,circumpolar,5.054787133,0.7751211006506589,0.7751211006506589,1.1150233324839751,FALSE,FALSE
2004-01-25,circumpolar,5.0382994,0.8422542688271806,0.8422542688271806,1.1150233324839751,FALSE,FALSE
2004-01-26,circumpolar,5.007655363,0.8916793360728521,0.8916793360728521,1.1150233324839751,FALSE,FALSE
2004-01-27,circumpolar,4.945318726,0.9058594206581096,0.9058594206581096,1.1150233324839751,FALSE,FALSE
2004-01-28,circumpolar,4.834603876,0.8681859820946856,0.8681859820946856,1.1150233324839751,FALSE,FALSE
2004-01-29,circumpolar,4.701508676,0.8047661574137943,0.8047661574137943,1.1150233324839751,FALSE,FALSE
2004-01-30,circumpolar,4.625850483,0.7955266813779542,0.7955266813779542,1.1150233324839751,FALSE,FALSE
2004-01-31,circumpolar,4.51427571,0.7472233447497074,0.7472233447497074,1.1150233324839751,FALSE,FALSE
2004-02-01,circumpolar,4.410150977,0.7033321452915704,0.7033321452915704,1.1150233324839751,FALSE,FALSE
2004-02-02,circumpolar,4.358712858,0.7091990347660739,0.7091990347660739,1.1150233324839751,FALSE,FALSE
2004-02-03,circumpolar,4.333676571,0.7386486089357525,0.7386486089357525,1.1150233324839751,FALSE,FALSE
2004-02-04,circumpolar,4.34004558,0.7967937095631261,0.7967937095631261,1.1150233324839751,FALSE,FALSE
2004-02-05,circumpolar,4.278529048,0.78445287741072,0.78445287741072,1.1150233324839751,FALSE,FALSE
2004-02-06,circumpolar,4.195333135,0.7479416502410681,0.7479416502410681,1.1150233324839751,FALSE,FALSE
2004-02-07,circumpolar,4.094381544,0.6912931088166974,0.6912931088166974,1.1150233324839751,FALSE,FALSE
2004-02-08,circumpolar,4.00455533,0.6434968450831899,0.6434968450831899,1.1150233324839751,FALSE,FALSE
2004-02-09,circumpolar,3.91649705,0.5951929455389675,0.5951929455389675,1.1150233324839751,FALSE,FALSE
2004-02-10,circumpolar,3.872516453,0.5884679215310245,0.5884679215310245,1.1150233324839751,FALSE,FALSE
2004-02-11,circumpolar,3.811749099,0.5622079933107691,0.5622079933107691,1.1150233324839751,FALSE,FALSE
2004-02-12,circumpolar,3.805250797,0.5872196301295909,0.5872196301295909,1.1150233324839751,FALSE,FALSE
2004-02-13,circumpolar,3.77115441,0.5813863552388816,0.5813863552388816,1.1150233324839751,FALSE,FALSE
2004-02-14,circumpolar,3.736235769,0.5712346598900475,0.5712346598900475,1.1150233324839751,FALSE,FALSE
2004-02-15,circumpolar,3.735438251,0.5914585813344777,0.5914585813344777,1.1150233324839751,FALSE,FALSE
2004-02-16,circumpolar,3.6424723,0.5155192238235666,0.5155192238235666,1.1150233324839751,FALSE,FALSE
2004-02-17,circumpolar,3.648387051,0.5342163826087214,0.5342163826087214,1.1150233324839751,FALSE,FALSE
2004-02-18,circumpolar,3.701741902,0.5958601159413277,0.5958601159413277,1.1150233324839751,FALSE,FALSE
2004-02-19,circumpolar,3.643964473,0.5416287040727807,0.5416287040727807,1.1150233324839751,FALSE,FALSE
2004-02-20,circumpolar,3.583624182,0.4798422252544872,0.4798422252544872,1.1150233324839751,FALSE,FALSE
2004-02-21,circumpolar,3.599410112,0.4889625565161908,0.4889625565161908,1.1150233324839751,FALSE,FALSE
2004-02-22,circumpolar,3.628318363,0.5060269336974499,0.5060269336974499,1.1150233324839751,FALSE,FALSE
2004-02-23,circumpolar,3.669608242,0.5305143123197165,0.5305143123197165,1.1150233324839751,FALSE,FALSE
2004-02-24,circumpolar,3.700868875,0.5402366938731404,0.5402366938731404,1.1150233324839751,FALSE,FALSE
2004-02-25,circumpolar,3.724066768,0.5373834598478857,0.5373834598478857,1.1150233324839751,FALSE,FALSE
2004-02-26,circumpolar,3.77678292,0.5597584847341022,0.5597584847341022,1.1150233324839751,FALSE,FALSE
2004-02-27,circumpolar,3.7551011,0.5036684130219502,0.5036684130219502,1.1150233324839751,FALSE,FALSE
2004-02-28,circumpolar,3.769421936,0.47973674820158463,0.47973674820158463,1.1150233324839751,FALSE,FALSE
2004-03-01,circumpolar,3.867926778,0.49109534319683856,0.49109534319683856,1.1150233324839751,FALSE,FALSE
2004-03-02,circumpolar,3.910145331,0.4848659009927756,0.4848659009927756,1.1150233324839751,FALSE,FALSE
2004-03-03,circumpolar,3.987795492,0.5111153196411253,0.5111153196411253,1.1150233324839751,FALSE,FALSE
2004-03-04,circumpolar,4.043111057,0.5123002643455004,0.5123002643455004,1.1150233324839751,FALSE,FALSE
2004-03-05,circumpolar,4.100288506,0.5128166991553202,0.5128166991553202,1.1150233324839751,FALSE,FALSE
2004-03-06,circumpolar,4.166589816,0.5200499519408215,0.5200499519408215,1.1150233324839751,FALSE,FALSE
2004-03-07,circumpolar,4.189755566,0.4818484853189728,0.4818484853189728,1.1150233324839751,FALSE,FALSE
2004-03-08,circumpolar,4.216721847,0.4452562739067392,0.4452562739067392,1.1150233324839751,FALSE,FALSE
2004-03-09,circumpolar,4.308516967,0.4714095093210915,0.4714095093210915,1.1150233324839751,FALSE,FALSE
2004-03-10,circumpolar,4.408124494,0.5033996431789998,0.5033996431789998,1.1150233324839751,FALSE,FALSE
2004-03-11,circumpolar,4.485600568,0.5113906990974271,0.5113906990974271,1.1150233324839751,FALSE,FALSE
2004-03-12,circumpolar,4.590252625,0.544797996693343,0.544797996693343,1.1150233324839751,FALSE,FALSE
2004-03-13,circumpolar,4.636988709,0.5186374635837172,0.5186374635837172,1.1150233324839751,FALSE,FALSE
2004-03-14,circumpolar,4.726118958,0.5333271213855166,0.5333271213855166,1.1150233324839751,FALSE,FALSE
2004-03-15,circumpolar,4.824985776,0.5563172577157065,0.5563172577157065,1.1150233324839751,FALSE,FALSE
2004-03-16,circumpolar,4.892325332,0.5464519251912616,0.5464519251912616,1.1150233324839751,FALSE,FALSE
2004-03-17,circumpolar,4.992314852,0.5680149424185954,0.5680149424185954,1.1150233324839751,FALSE,FALSE
2004-03-18,circumpolar,5.075687472,0.5718137952038687,0.5718137952038687,1.1150233324839751,FALSE,FALSE
2004-03-19,circumpolar,5.133188802,0.5486347171141333,0.5486347171141333,1.1150233324839751,FALSE,FALSE
2004-03-20,circumpolar,5.185976656,0.5196745578298936,0.5196745578298936,1.1150233324839751,FALSE,FALSE
2004-03-21,circumpolar,5.225430558,0.4763518770316848,0.4763518770316848,1.1150233324839751,FALSE,FALSE
2004-03-22,circumpolar,5.269473775,0.43662897740002293,0.43662897740002293,1.1150233324839751,FALSE,FALSE
2004-03-23,circumpolar,5.393070153,0.475508740615429,0.475508740615429,1.1150233324839751,FALSE,FALSE
2004-03-24,circumpolar,5.473818705,0.4706292153584304,0.4706292153584304,1.1150233324839751,FALSE,FALSE
2004-03-25,circumpolar,5.536877184,0.4471871903095392,0.4471871903095392,1.1150233324839751,FALSE,FALSE
2004-03-26,circumpolar,5.524307455,0.34728356614928657,0.34728356614928657,1.1150233324839751,FALSE,FALSE
2004-03-27,circumpolar,5.584957603,0.3198054635581924,0.3198054635581924,1.1150233324839751,FALSE,FALSE
2004-03-28,circumpolar,5.649342741,0.2953070312167707,0.2953070312167707,1.1150233324839751,FALSE,FALSE
2004-03-29,circumpolar,5.785352722,0.3417171578055527,0.3417171578055527,1.1150233324839751,FALSE,FALSE
2004-03-30,circumpolar,5.905465949,0.3715434284225685,0.3715434284225685,1.1150233324839751,FALSE,FALSE
2004-03-31,circumpolar,6.028367971,0.4034467141565772,0.4034467141565772,1.1150233324839751,FALSE,FALSE
2004-04-01,circumpolar,6.191666221,0.47499146001417,0.47499146001417,1.1150233324839751,FALSE,FALSE
2004-04-02,circumpolar,6.332240875,0.5230148388650058,0.5230148388650058,1.1150233324839751,FALSE,FALSE
2004-04-03,circumpolar,6.437164617,0.5345465315787523,0.5345465315787523,1.1150233324839751,FALSE,FALSE
2004-04-04,circumpolar,6.503673742,0.5067798300250708,0.5067798300250708,1.1150233324839751,FALSE,FALSE
2004-04-05,circumpolar,6.588721485,0.4966249660736315,0.4966249660736315,1.1150233324839751,FALSE,FALSE
2004-04-06,circumpolar,6.672684651,0.4844157415940859,0.4844157415940859,1.1150233324839751,FALSE,FALSE
2004-04-07,circumpolar,6.79280637,0.507352283456104,0.507352283456104,1.1150233324839751,FALSE,FALSE
2004-04-08,circumpolar,6.853902259,0.47020720552934225,0.47020720552934225,1.1150233324839751,FALSE,FALSE
2004-04-09,circumpolar,6.932652751,0.4496179376834713,0.4496179376834713,1.1150233324839751,FALSE,FALSE
2004-04-10,circumpolar,7.037578149,0.45406177978814544,0.45406177978814544,1.1150233324839751,FALSE,FALSE
2004-04-11,circumpolar,7.18487099,0.4996888922803828,0.4996888922803828,1.1150233324839751,FALSE,FALSE
2004-04-12,circumpolar,7.294498801,0.5064690811985226,0.5064690811985226,1.1150233324839751,FALSE,FALSE
2004-04-13,circumpolar,7.369761147,0.4777778049391373,0.4777778049391373,1.1150233324839751,FALSE,FALSE
2004-04-14,circumpolar,7.440225708,0.4432655128093801,0.4432655128093801,1.1150233324839751,FALSE,FALSE
2004-04-15,circumpolar,7.579308904,0.47643139411643887,0.47643139411643887,1.1150233324839751,FALSE,FALSE
2004-04-16,circumpolar,7.70054272,0.4908902031674671,0.4908902031674671,1.1150233324839751,FALSE,FALSE
2004-04-17,circumpolar,7.807411241,0.49020879426963226,0.49020879426963226,1.1150233324839751,FALSE,FALSE
2004-04-18,circumpolar,7.854823318,0.4293787877300934,0.4293787877300934,1.1150233324839751,FALSE,FALSE
2004-04-19,circumpolar,7.916918527,0.3826225288560368,0.3826225288560368,1.1150233324839751,FALSE,FALSE
2004-04-20,circumpolar,7.994156429,0.35048234795460687,0.35048234795460687,1.1150233324839751,FALSE,FALSE
2004-04-21,circumpolar,8.097118632,0.3436226223329797,0.3436226223329797,1.1150233324839751,FALSE,FALSE
2004-04-22,circumpolar,8.204912309,0.3412332942983243,0.3412332942983243,1.1150233324839751,FALSE,FALSE
2004-04-23,circumpolar,8.267913244,0.2937729171577965,0.2937729171577965,1.1150233324839751,FALSE,FALSE
2004-04-24,circumpolar,8.364022821,0.2792221426421353,0.2792221426421353,1.1150233324839751,FALSE,FALSE
2004-04-25,circumpolar,8.523160125,0.3275460673912569,0.3275460673912569,1.1150233324839751,FALSE,FALSE
2004-04-26,circumpolar,8.638544624,0.3319917935347796,0.3319917935347796,1.1150233324839751,FALSE,FALSE
2004-04-27,circumpolar,8.767545194,0.3499556376155759,0.3499556376155759,1.1150233324839751,FALSE,FALSE
2004-04-28,circumpolar,8.938486953,0.4097901581764951,0.4097901581764951,1.1150233324839751,FALSE,FALSE
2004-04-29,circumpolar,9.012995674,0.37314856876039393,0.37314856876039393,1.1150233324839751,FALSE,FALSE
2004-04-30,circumpolar,9.122343232,0.37133018491013026,0.37133018491013026,1.1150233324839751,FALSE,FALSE
2004-05-01,circumpolar,9.188340731,0.32617355116855506,0.32617355116855506,1.1150233324839751,FALSE,FALSE
2004-05-02,circumpolar,9.317388054,0.3441059910785427,0.3441059910785427,1.1150233324839751,FALSE,FALSE
2004-05-03,circumpolar,9.425687064,0.3413568081829368,0.3413568081829368,1.1150233324839751,FALSE,FALSE
2004-05-04,circumpolar,9.54357978,0.34829546202459305,0.34829546202459305,1.1150233324839751,FALSE,FALSE
2004-05-05,circumpolar,9.64405858,0.33794177114638124,0.33794177114638124,1.1150233324839751,FALSE,FALSE
2004-05-06,circumpolar,9.68228354,0.2654832370981559,0.2654832370981559,1.1150233324839751,FALSE,FALSE
2004-05-07,circumpolar,9.778018517,0.2507027836032485,0.2507027836032485,1.1150233324839751,FALSE,FALSE
2004-05-08,circumpolar,9.868904833,0.2312385525980858,0.2312385525980858,1.1150233324839751,FALSE,FALSE
2004-05-09,circumpolar,9.951044351,0.20318556662100384,0.20318556662100384,1.1150233324839751,FALSE,FALSE
2004-05-10,circumpolar,10.07704855,0.21914846421032053,0.21914846421032053,1.1150233324839751,FALSE,FALSE
2004-05-11,circumpolar,10.2322952,0.26449817490437155,0.26449817490437155,1.1150233324839751,FALSE,FALSE
2004-05-12,circumpolar,10.36422565,0.28666920724147893,0.28666920724147893,1.1150233324839751,FALSE,FALSE
2004-05-13,circumpolar,10.44105346,0.2538682807599759,0.2538682807599759,1.1150233324839751,FALSE,FALSE
2004-05-14,circumpolar,10.58283,0.28613992499818863,0.28613992499818863,1.1150233324839751,FALSE,FALSE
2004-05-15,circumpolar,10.69768225,0.291604279494436,0.291604279494436,1.1150233324839751,FALSE,FALSE
2004-05-16,circumpolar,10.73777672,0.2224210137870486,0.2224210137870486,1.1150233324839751,FALSE,FALSE
2004-05-17,circumpolar,10.75329582,0.1287656974143747,0.1287656974143747,1.1150233324839751,FALSE,FALSE
2004-05-18,circumpolar,10.87949429,0.14588622991471745,0.14588622991471745,1.1150233324839751,FALSE,FALSE
2004-05-19,circumpolar,11.10608421,0.2634889838638852,0.2634889838638852,1.1150233324839751,FALSE,FALSE
2004-05-20,circumpolar,11.24719222,0.29571556672873633,0.29571556672873633,1.1150233324839751,FALSE,FALSE
2004-05-21,circumpolar,11.28886994,0.22865062929325397,0.22865062929325397,1.1150233324839751,FALSE,FALSE
2004-05-22,circumpolar,11.37071119,0.20192163007662067,0.20192163007662067,1.1150233324839751,FALSE,FALSE
2004-05-23,circumpolar,11.53187818,0.25472441759800013,0.25472441759800013,1.1150233324839751,FALSE,FALSE
2004-05-24,circumpolar,11.73863771,0.35335943037658346,0.35335943037658346,1.1150233324839751,FALSE,FALSE
2004-05-25,circumpolar,11.88113916,0.3880096869315377,0.3880096869315377,1.1150233324839751,FALSE,FALSE
2004-05-26,circumpolar,12.05600557,0.4553318657820338,0.4553318657820338,1.1150233324839751,FALSE,FALSE
2004-05-27,circumpolar,12.23183804,0.5239607054472515,0.5239607054472515,1.1150233324839751,FALSE,FALSE
2004-05-28,circumpolar,12.35779578,0.5430890544463765,0.5430890544463765,1.1150233324839751,FALSE,FALSE
2004-05-29,circumpolar,12.40362734,0.48249910129857554,0.48249910129857554,1.1150233324839751,FALSE,FALSE
2004-05-30,circumpolar,12.43016788,0.40305964452301346,0.40305964452301346,1.1150233324839751,FALSE,FALSE
2004-05-31,circumpolar,12.45431133,0.32169825263889074,0.32169825263889074,1.1150233324839751,FALSE,FALSE
2004-06-01,circumpolar,12.56986178,0.3322415421964138,0.3322415421964138,1.1150233324839751,FALSE,FALSE
2004-06-02,circumpolar,12.71633947,0.3741829840509219,0.3741829840509219,1.1150233324839751,FALSE,FALSE
2004-06-03,circumpolar,12.85721479,0.41095253384660424,0.41095253384660424,1.1150233324839751,FALSE,FALSE
2004-06-04,circumpolar,12.90294422,0.35296623672151206,0.35296623672151206,1.1150233324839751,FALSE,FALSE
2004-06-05,circumpolar,12.92583553,0.27249142781368363,0.27249142781368363,1.1150233324839751,FALSE,FALSE
2004-06-06,circumpolar,13.00804338,0.2516423322611434,0.2516423322611434,1.1150233324839751,FALSE,FALSE
2004-06-07,circumpolar,13.11073212,0.2515428652019285,0.2515428652019285,1.1150233324839751,FALSE,FALSE
2004-06-08,circumpolar,13.23317229,0.2714231317740712,0.2714231317740712,1.1150233324839751,FALSE,FALSE
2004-06-09,circumpolar,13.39801962,0.3338984271155976,0.3338984271155976,1.1150233324839751,FALSE,FALSE
2004-06-10,circumpolar,13.50402435,0.33767855636456545,0.33767855636456545,1.1150233324839751,FALSE,FALSE
2004-06-11,circumpolar,13.60855502,0.3400916246589869,0.3400916246589869,1.1150233324839751,FALSE,FALSE
2004-06-12,circumpolar,13.74943761,0.37892317713689394,0.37892317713689394,1.1150233324839751,FALSE,FALSE
2004-06-13,circumpolar,13.90917402,0.4366365093567577,0.4366365093567577,1.1150233324839751,FALSE,FALSE
2004-06-14,circumpolar,14.05409023,0.47959968940100417,0.47959968940100417,1.1150233324839751,FALSE,FALSE
2004-06-15,circumpolar,14.15763203,0.48141129384399406,0.48141129384399406,1.1150233324839751,FALSE,FALSE
2004-06-16,circumpolar,14.30647494,0.5289076495546094,0.5289076495546094,1.1150233324839751,FALSE,FALSE
2004-06-17,circumpolar,14.40064928,0.5222798834017119,0.5222798834017119,1.1150233324839751,FALSE,FALSE
2004-06-18,circumpolar,14.49771706,0.5192508122541888,0.5192508122541888,1.1150233324839751,FALSE,FALSE
2004-06-19,circumpolar,14.59135231,0.5136552729809072,0.5136552729809072,1.1150233324839751,FALSE,FALSE
2004-06-20,circumpolar,14.71894403,0.5430430724507431,0.5430430724507431,1.1150233324839751,FALSE,FALSE
2004-06-21,circumpolar,14.84361403,0.5706968275325544,0.5706968275325544,1.1150233324839751,FALSE,FALSE
2004-06-22,circumpolar,14.94620895,0.5776239850952312,0.5776239850952312,1.1150233324839751,FALSE,FALSE
2004-06-23,circumpolar,15.0504911,0.5877476620076436,0.5877476620076436,1.1150233324839751,FALSE,FALSE
2004-06-24,circumpolar,15.12501315,0.5697813351386518,0.5697813351386518,1.1150233324839751,FALSE,FALSE
2004-06-25,circumpolar,15.10782292,0.461933631357148,0.461933631357148,1.1150233324839751,FALSE,FALSE
2004-06-26,circumpolar,15.10630185,0.371718772845691,0.371718772845691,1.1150233324839751,FALSE,FALSE
2004-06-27,circumpolar,15.18628883,0.3648966630963315,0.3648966630963315,1.1150233324839751,FALSE,FALSE
2004-06-28,circumpolar,15.31385675,0.4073644401621479,0.4073644401621479,1.1150233324839751,FALSE,FALSE
2004-06-29,circumpolar,15.41204,0.421980244575673,0.421980244575673,1.1150233324839751,FALSE,FALSE
2004-06-30,circumpolar,15.46243506,0.3901643068694671,0.3901643068694671,1.1150233324839751,FALSE,FALSE
2004-07-01,circumpolar,15.55680588,0.40350432757606747,0.40350432757606747,1.1150233324839751,FALSE,FALSE
2004-07-02,circumpolar,15.62249566,0.38916725722803847,0.38916725722803847,1.1150233324839751,FALSE,FALSE
2004-07-03,circumpolar,15.68110859,0.3685810363579165,0.3685810363579165,1.1150233324839751,FALSE,FALSE
2004-07-04,circumpolar,15.6937905,0.30271524549825557,0.30271524549825557,1.1150233324839751,FALSE,FALSE
2004-07-05,circumpolar,15.73220063,0.2630528751815966,0.2630528751815966,1.1150233324839751,FALSE,FALSE
2004-07-06,circumpolar,15.80526107,0.258339765940498,0.258339765940498,1.1150233324839751,FALSE,FALSE
2004-07-07,circumpolar,15.91571891,0.2911467583075016,0.2911467583075016,1.1150233324839751,FALSE,FALSE
2004-07-08,circumpolar,15.99936859,0.2970924558090413,0.2970924558090413,1.1150233324839751,FALSE,FALSE
2004-07-09,circumpolar,16.16584225,0.3857134873705128,0.3857134873705128,1.1150233324839751,FALSE,FALSE
2004-07-10,circumpolar,16.33472752,0.4766777620004597,0.4766777620004597,1.1150233324839751,FALSE,FALSE
2004-07-11,circumpolar,16.48177122,0.5458356421176322,0.5458356421176322,1.1150233324839751,FALSE,FALSE
2004-07-12,circumpolar,16.56834685,0.5546641701408603,0.5546641701408603,1.1150233324839751,FALSE,FALSE
2004-07-13,circumpolar,16.63850056,0.5473130384889089,0.5473130384889089,1.1150233324839751,FALSE,FALSE
2004-07-14,circumpolar,16.66227485,0.4939282895805839,0.4939282895805839,1.1150233324839751,FALSE,FALSE
2004-07-15,circumpolar,16.65647959,0.4114233358346659,0.4114233358346659,1.1150233324839751,FALSE,FALSE
2004-07-16,circumpolar,16.7024681,0.38125503966994145,0.38125503966994145,1.1150233324839751,FALSE,FALSE
2004-07-17,circumpolar,16.74257879,0.34586535350523206,0.34586535350523206,1.1150233324839751,FALSE,FALSE
2004-07-18,circumpolar,16.80814516,0.3366913197592929,0.3366913197592929,1.1150233324839751,FALSE,FALSE
2004-07-19,circumpolar,16.90757577,0.36224504085093656,0.36224504085093656,1.1150233324839751,FALSE,FALSE
2004-07-20,circumpolar,16.98607806,0.3678374991989415,0.3678374991989415,1.1150233324839751,FALSE,FALSE
2004-07-21,circumpolar,17.03403482,0.34395214528048257,0.34395214528048257,1.1150233324839751,FALSE,FALSE
2004-07-22,circumpolar,17.07651701,0.3157208221563934,0.3157208221563934,1.1150233324839751,FALSE,FALSE
2004-07-23,circumpolar,17.11959998,0.28925076755018253,0.28925076755018253,1.1150233324839751,FALSE,FALSE
2004-07-24,circumpolar,17.14106856,0.24235804145826736,0.24235804145826736,1.1150233324839751,FALSE,FALSE
2004-07-25,circumpolar,17.12879297,0.16294409387709052,0.16294409387709052,1.1150233324839751,FALSE,FALSE
2004-07-26,circumpolar,17.16961263,0.1378795748030761,0.1378795748030761,1.1150233324839751,FALSE,FALSE
2004-07-27,circumpolar,17.29564038,0.19930855423264404,0.19930855423264404,1.1150233324839751,FALSE,FALSE
2004-07-28,circumpolar,17.41338109,0.25376713216223834,0.25376713216223834,1.1150233324839751,FALSE,FALSE
2004-07-29,circumpolar,17.56302184,0.3414736185882852,0.3414736185882852,1.1150233324839751,FALSE,FALSE
2004-07-30,circumpolar,17.68147795,0.3993745635071946,0.3993745635071946,1.1150233324839751,FALSE,FALSE
2004-07-31,circumpolar,17.70172805,0.36047982691539104,0.36047982691539104,1.1150233324839751,FALSE,FALSE
2004-08-01,circumpolar,17.73849809,0.3395465888093341,0.3395465888093341,1.1150233324839751,FALSE,FALSE
2004-08-02,circumpolar,17.77681735,0.3216353586227676,0.3216353586227676,1.1150233324839751,FALSE,FALSE
2004-08-03,circumpolar,17.79876278,0.2888391259379013,0.2888391259379013,1.1150233324839751,FALSE,FALSE
2004-08-04,circumpolar,17.79925881,0.23604356467491527,0.23604356467491527,1.1150233324839751,FALSE,FALSE
2004-08-05,circumpolar,17.81943854,0.20433066701223623,0.20433066701223623,1.1150233324839751,FALSE,FALSE
2004-08-06,circumpolar,17.8657278,0.20007515512827467,0.20007515512827467,1.1150233324839751,FALSE,FALSE
2004-08-07,circumpolar,18.01371574,0.2988150712014317,0.2988150712014317,1.1150233324839751,FALSE,FALSE
2004-08-08,circumpolar,18.09163792,0.32873486741013025,0.32873486741013025,1.1150233324839751,FALSE,FALSE
2004-08-09,circumpolar,18.09080136,0.2810904559327625,0.2810904559327625,1.1150233324839751,FALSE,FALSE
2004-08-10,circumpolar,18.03391884,0.1785435089477474,0.1785435089477474,1.1150233324839751,FALSE,FALSE
2004-08-11,circumpolar,18.05781714,0.15786969863349398,0.15786969863349398,1.1150233324839751,FALSE,FALSE
2004-08-12,circumpolar,18.1586854,0.21520705716842417,0.21520705716842417,1.1150233324839751,FALSE,FALSE
2004-08-13,circumpolar,18.29319437,0.3071752267309371,0.3071752267309371,1.1150233324839751,FALSE,FALSE
2004-08-14,circumpolar,18.37191774,0.34429678949944176,0.34429678949944176,1.1150233324839751,FALSE,FALSE
2004-08-15,circumpolar,18.38497423,0.3166402362226499,0.3166402362226499,1.1150233324839751,FALSE,FALSE
2004-08-16,circumpolar,18.44525361,0.337071220822164,0.337071220822164,1.1150233324839751,FALSE,FALSE
2004-08-17,circumpolar,18.38574158,0.23858121580537883,0.23858121580537883,1.1150233324839751,FALSE,FALSE
2004-08-18,circumpolar,18.31676095,0.13150044165143626,0.13150044165143626,1.1150233324839751,FALSE,FALSE
2004-08-19,circumpolar,18.32932716,0.10685174883951731,0.10685174883951731,1.1150233324839751,FALSE,FALSE
2004-08-20,circumpolar,18.36881801,0.11002034784878845,0.11002034784878845,1.1150233324839751,FALSE,FALSE
2004-08-21,circumpolar,18.4232264,0.12900654915841514,0.12900654915841514,1.1150233324839751,FALSE,FALSE
2004-08-22,circumpolar,18.44561214,0.116877573247546,0.116877573247546,1.1150233324839751,FALSE,FALSE
2004-08-23,circumpolar,18.59628116,0.233946760595348,0.233946760595348,1.1150233324839751,FALSE,FALSE
2004-08-24,circumpolar,18.82064559,0.4256336516810002,0.4256336516810002,1.1150233324839751,FALSE,FALSE
2004-08-25,circumpolar,18.98992086,0.5631610869836443,0.5631610869836443,1.1150233324839751,FALSE,FALSE
2004-08-26,circumpolar,18.95152971,0.4939592169824501,0.4939592169824501,1.1150233324839751,FALSE,FALSE
2004-08-27,circumpolar,18.91862399,0.4311873021565944,0.4311873021565944,1.1150233324839751,FALSE,FALSE
2004-08-28,circumpolar,18.95142803,0.4350779925219932,0.4350779925219932,1.1150233324839751,FALSE,FALSE
2004-08-29,circumpolar,18.9715223,0.42722560598277326,0.42722560598277326,1.1150233324839751,FALSE,FALSE
2004-08-30,circumpolar,18.98312289,0.41186215744662746,0.41186215744662746,1.1150233324839751,FALSE,FALSE
2004-08-31,circumpolar,19.06169899,0.46447276554676975,0.46447276554676975,1.1150233324839751,FALSE,FALSE
2004-09-01,circumpolar,19.09852062,0.4763433789163827,0.4763433789163827,1.1150233324839751,FALSE,FALSE
2004-09-02,circumpolar,19.13818054,0.4920826861886809,0.4920826861886809,1.1150233324839751,FALSE,FALSE
2004-09-03,circumpolar,19.16964971,0.5006775759968569,0.5006775759968569,1.1150233324839751,FALSE,FALSE
2004-09-04,circumpolar,19.22451583,0.5337316769740816,0.5337316769740816,1.1150233324839751,FALSE,FALSE
2004-09-05,circumpolar,19.3221746,0.6106566177535981,0.6106566177535981,1.1150233324839751,FALSE,FALSE
2004-09-06,circumpolar,19.28879785,0.5576401569685636,0.5576401569685636,1.1150233324839751,FALSE,FALSE
2004-09-07,circumpolar,19.3272762,0.5775888432521867,0.5775888432521867,1.1150233324839751,FALSE,FALSE
2004-09-08,circumpolar,19.33109256,0.564001515237667,0.564001515237667,1.1150233324839751,FALSE,FALSE
2004-09-09,circumpolar,19.29710264,0.5137498354400698,0.5137498354400698,1.1150233324839751,FALSE,FALSE
2004-09-10,circumpolar,19.27184352,0.4733891035186666,0.4733891035186666,1.1150233324839751,FALSE,FALSE
2004-09-11,circumpolar,19.16429576,0.3519222017752064,0.3519222017752064,1.1150233324839751,FALSE,FALSE
2004-09-12,circumpolar,19.14267453,0.3175870544839512,0.3175870544839512,1.1150233324839751,FALSE,FALSE
2004-09-13,circumpolar,19.16280614,0.32623272591913377,0.32623272591913377,1.1150233324839751,FALSE,FALSE
2004-09-14,circumpolar,19.20260101,0.3557923903549778,0.3557923903549778,1.1150233324839751,FALSE,FALSE
2004-09-15,circumpolar,19.1879853,0.33221496206575196,0.33221496206575196,1.1150233324839751,FALSE,FALSE
2004-09-16,circumpolar,19.15569603,0.29226021532569035,0.29226021532569035,1.1150233324839751,FALSE,FALSE
2004-09-17,circumpolar,19.14211065,0.27232835440901937,0.27232835440901937,1.1150233324839751,FALSE,FALSE
2004-09-18,circumpolar,19.16053812,0.28575109359000095,0.28575109359000095,1.1150233324839751,FALSE,FALSE
2004-09-19,circumpolar,19.23246613,0.35403887714285176,0.35403887714285176,1.1150233324839751,FALSE,FALSE
2004-09-20,circumpolar,19.30303714,0.42235691934183706,0.42235691934183706,1.1150233324839751,FALSE,FALSE
2004-09-21,circumpolar,19.29807086,0.41654768446119306,0.41654768446119306,1.1150233324839751,FALSE,FALSE
2004-09-22,circumpolar,19.26572908,0.3847949360284595,0.3847949360284595,1.1150233324839751,FALSE,FALSE
2004-09-23,circumpolar,19.23821384,0.35931432879948844,0.35931432879948844,1.1150233324839751,FALSE,FALSE
2004-09-24,circumpolar,19.23256671,0.3571559769707058,0.3571559769707058,1.1150233324839751,FALSE,FALSE
2004-09-25,circumpolar,19.19212193,0.3216625935930324,0.3216625935930324,1.1150233324839751,FALSE,FALSE
2004-09-26,circumpolar,19.1677015,0.3036646517173516,0.3036646517173516,1.1150233324839751,FALSE,FALSE
2004-09-27,circumpolar,19.12915553,0.2730207343945672,0.2730207343945672,1.1150233324839751,FALSE,FALSE
2004-09-28,circumpolar,19.18127809,0.3345333846755594,0.3345333846755594,1.1150233324839751,FALSE,FALSE
2004-09-29,circumpolar,19.23853061,0.402672505611239,0.402672505611239,1.1150233324839751,FALSE,FALSE
2004-09-30,circumpolar,19.21126032,0.3877938002525063,0.3877938002525063,1.1150233324839751,FALSE,FALSE
2004-10-01,circumpolar,19.20637416,0.3968126816502462,0.3968126816502462,1.1150233324839751,FALSE,FALSE
2004-10-02,circumpolar,19.16103437,0.36689986285536946,0.36689986285536946,1.1150233324839751,FALSE,FALSE
2004-10-03,circumpolar,19.16233387,0.38515673691876984,0.38515673691876984,1.1150233324839751,FALSE,FALSE
2004-10-04,circumpolar,19.12559728,0.36691639960252687,0.36691639960252687,1.1150233324839751,FALSE,FALSE
2004-10-05,circumpolar,19.15774888,0.4191148862124727,0.4191148862124727,1.1150233324839751,FALSE,FALSE
2004-10-06,circumpolar,19.11185196,0.3948368889939218,0.3948368889939218,1.1150233324839751,FALSE,FALSE
2004-10-07,circumpolar,19.08218083,0.3883798850807523,0.3883798850807523,1.1150233324839751,FALSE,FALSE
2004-10-08,circumpolar,19.03564775,0.366679301606851,0.366679301606851,1.1150233324839751,FALSE,FALSE
2004-10-09,circumpolar,18.99946069,0.3569662757061174,0.3569662757061174,1.1150233324839751,FALSE,FALSE
2004-10-10,circumpolar,18.9971288,0.3827731245124184,0.3827731245124184,1.1150233324839751,FALSE,FALSE
2004-10-11,circumpolar,18.97358883,0.3890597651596224,0.3890597651596224,1.1150233324839751,FALSE,FALSE
2004-10-12,circumpolar,18.96096385,0.4079724347816551,0.4079724347816551,1.1150233324839751,FALSE,FALSE
2004-10-13,circumpolar,18.95467482,0.4349552605123641,0.4349552605123641,1.1150233324839751,FALSE,FALSE
2004-10-14,circumpolar,18.94266371,0.457973379485658,0.457973379485658,1.1150233324839751,FALSE,FALSE
2004-10-15,circumpolar,18.88164307,0.4337625088354038,0.4337625088354038,1.1150233324839751,FALSE,FALSE
2004-10-16,circumpolar,18.86442028,0.45515319569549106,0.45515319569549106,1.1150233324839751,FALSE,FALSE
2004-10-17,circumpolar,18.86651568,0.49768857427535096,0.49768857427535096,1.1150233324839751,FALSE,FALSE
2004-10-18,circumpolar,18.87971969,0.5531739379793699,0.5531739379793699,1.1150233324839751,FALSE,FALSE
2004-10-19,circumpolar,18.8158294,0.5334136778012599,0.5334136778012599,1.1150233324839751,FALSE,FALSE
2004-10-20,circumpolar,18.72005224,0.4836222215333379,0.4836222215333379,1.1150233324839751,FALSE,FALSE
2004-10-21,circumpolar,18.64124375,0.4526621069678889,0.4526621069678889,1.1150233324839751,FALSE,FALSE
2004-10-22,circumpolar,18.60638205,0.4675184518972202,0.4675184518972202,1.1150233324839751,FALSE,FALSE
2004-10-23,circumpolar,18.5738109,0.4865420141136525,0.4865420141136525,1.1150233324839751,FALSE,FALSE
2004-10-24,circumpolar,18.49815366,0.4643631514094686,0.4643631514094686,1.1150233324839751,FALSE,FALSE
2004-10-25,circumpolar,18.47477373,0.4963522615769804,0.4963522615769804,1.1150233324839751,FALSE,FALSE
2004-10-26,circumpolar,18.42607415,0.5049193824085094,0.5049193824085094,1.1150233324839751,FALSE,FALSE
2004-10-27,circumpolar,18.35685797,0.49487456169633504,0.49487456169633504,1.1150233324839751,FALSE,FALSE
2004-10-28,circumpolar,18.31447071,0.5135703172327659,0.5135703172327659,1.1150233324839751,FALSE,FALSE
2004-10-29,circumpolar,18.25533365,0.5174349268101217,0.5174349268101217,1.1150233324839751,FALSE,FALSE
2004-10-30,circumpolar,18.15368109,0.48073234649653074,0.48073234649653074,1.1150233324839751,FALSE,FALSE
2004-10-31,circumpolar,18.11536573,0.5094564613138992,0.5094564613138992,1.1150233324839751,FALSE,FALSE
2004-11-01,circumpolar,18.01587369,0.4792688336448201,0.4792688336448201,1.1150233324839751,FALSE,FALSE
2004-11-02,circumpolar,17.84187589,0.37701583508117054,0.37701583508117054,1.1150233324839751,FALSE,FALSE
2004-11-03,circumpolar,17.7365261,0.346026687214831,0.346026687214831,1.1150233324839751,FALSE,FALSE
2004-11-04,circumpolar,17.64863502,0.3352875416376797,0.3352875416376797,1.1150233324839751,FALSE,FALSE
2004-11-05,circumpolar,17.58613283,0.35290402994158754,0.35290402994158754,1.1150233324839751,FALSE,FALSE
2004-11-06,circumpolar,17.47250921,0.32254128371842583,0.32254128371842583,1.1150233324839751,FALSE,FALSE
2004-11-07,circumpolar,17.4440005,0.3806110945600949,0.3806110945600949,1.1150233324839751,FALSE,FALSE
2004-11-08,circumpolar,17.46767915,0.4943613640584381,0.4943613640584381,1.1150233324839751,FALSE,FALSE
2004-11-09,circumpolar,17.40405083,0.5244732138053649,0.5244732138053649,1.1150233324839751,FALSE,FALSE
2004-11-10,circumpolar,17.31972061,0.5377271653927345,0.5377271653927345,1.1150233324839751,FALSE,FALSE
2004-11-11,circumpolar,17.27749772,0.5971065986367101,0.5971065986367101,1.1150233324839751,FALSE,FALSE
2004-11-12,circumpolar,17.16891302,0.5942445104223033,0.5942445104223033,1.1150233324839751,FALSE,FALSE
2004-11-13,circumpolar,17.02784839,0.56301666717264,0.56301666717264,1.1150233324839751,FALSE,FALSE
2004-11-14,circumpolar,16.94135344,0.5904576364311716,0.5904576364311716,1.1150233324839751,FALSE,FALSE
2004-11-15,circumpolar,16.7698832,0.5370074057413525,0.5370074057413525,1.1150233324839751,FALSE,FALSE
2004-11-16,circumpolar,16.63018561,0.519398872646633,0.519398872646633,1.1150233324839751,FALSE,FALSE
2004-11-17,circumpolar,16.50098832,0.5163446446904487,0.5163446446904487,1.1150233324839751,FALSE,FALSE
2004-11-18,circumpolar,16.34459666,0.490135009416262,0.490135009416262,1.1150233324839751,FALSE,FALSE
2004-11-19,circumpolar,16.195577750000002,0.47532204436752856,0.47532204436752856,1.1150233324839751,FALSE,FALSE
2004-11-20,circumpolar,16.09668221,0.5146413270876842,0.5146413270876842,1.1150233324839751,FALSE,FALSE
2004-11-21,circumpolar,15.94773501,0.5079027851201925,0.5079027851201925,1.1150233324839751,FALSE,FALSE
2004-11-22,circumpolar,15.74792094,0.45427616600848886,0.45427616600848886,1.1150233324839751,FALSE,FALSE
2004-11-23,circumpolar,15.6549089,0.5114153272960387,0.5114153272960387,1.1150233324839751,FALSE,FALSE
2004-11-24,circumpolar,15.47642889,0.4870427337201946,0.4870427337201946,1.1150233324839751,FALSE,FALSE
2004-11-25,circumpolar,15.28447094,0.45320437460669893,0.45320437460669893,1.1150233324839751,FALSE,FALSE
2004-11-26,circumpolar,15.13553668,0.4664897660063918,0.4664897660063918,1.1150233324839751,FALSE,FALSE
2004-11-27,circumpolar,14.94677746,0.4441383857965579,0.4441383857965579,1.1150233324839751,FALSE,FALSE
2004-11-28,circumpolar,14.68378553,0.3518306118544512,0.3518306118544512,1.1150233324839751,FALSE,FALSE
2004-11-29,circumpolar,14.49966238,0.3427560620573402,0.3427560620573402,1.1150233324839751,FALSE,FALSE
2004-11-30,circumpolar,14.28349995,0.3060948042824858,0.3060948042824858,1.1150233324839751,FALSE,FALSE
2004-12-01,circumpolar,14.10749471,0.31413143640715724,0.31413143640715724,1.1150233324839751,FALSE,FALSE
2004-12-02,circumpolar,13.93929414,0.33460156630860993,0.33460156630860993,1.1150233324839751,FALSE,FALSE
2004-12-03,circumpolar,13.820006,0.4087010818641179,0.4087010818641179,1.1150233324839751,FALSE,FALSE
2004-12-04,circumpolar,13.6388486,0.42573642095093867,0.42573642095093867,1.1150233324839751,FALSE,FALSE
2004-12-05,circumpolar,13.47657203,0.4665458014463368,0.4665458014463368,1.1150233324839751,FALSE,FALSE
2004-12-06,circumpolar,13.30107958,0.4991201469069946,0.4991201469069946,1.1150233324839751,FALSE,FALSE
2004-12-07,circumpolar,13.15703046,0.5680528479614075,0.5680528479614075,1.1150233324839751,FALSE,FALSE
2004-12-08,circumpolar,12.99310759,0.6215909331199292,0.6215909331199292,1.1150233324839751,FALSE,FALSE
2004-12-09,circumpolar,12.77969367,0.629626542990664,0.629626542990664,1.1150233324839751,FALSE,FALSE
2004-12-10,circumpolar,12.6179355,0.692815918181708,0.692815918181708,1.1150233324839751,FALSE,FALSE
2004-12-11,circumpolar,12.3275722,0.6304076193011579,0.6304076193011579,1.1150233324839751,FALSE,FALSE
2004-12-12,circumpolar,11.94037865,0.47368596695711496,0.47368596695711496,1.1150233324839751,FALSE,FALSE
2004-12-13,circumpolar,11.56421101,0.33001656175767913,0.33001656175767913,1.1150233324839751,FALSE,FALSE
2004-12-14,circumpolar,11.25123641,0.2510759743109503,0.2510759743109503,1.1150233324839751,FALSE,FALSE
2004-12-15,circumpolar,10.92962859,0.1645473852250383,0.1645473852250383,1.1150233324839751,FALSE,FALSE
2004-12-16,circumpolar,10.559334,0.02988668510802838,0.02988668510802838,1.1150233324839751,FALSE,FALSE
2004-12-17,circumpolar,10.10141102,-0.19233830543197605,0.19233830543197605,1.1150233324839751,FALSE,FALSE
2004-12-18,circumpolar,9.732429743,-0.3260480527868719,0.3260480527868719,1.1150233324839751,FALSE,FALSE
2004-12-19,circumpolar,9.460869243,-0.3632524593075672,0.3632524593075672,1.1150233324839751,FALSE,FALSE
2004-12-20,circumpolar,9.216090133,-0.37505485741538536,0.37505485741538536,1.1150233324839751,FALSE,FALSE
2004-12-21,circumpolar,9.015215077,-0.34477654831807136,0.34477654831807136,1.1150233324839751,FALSE,FALSE
2004-12-22,circumpolar,8.822869788,-0.30823522743630427,0.30823522743630427,1.1150233324839751,FALSE,FALSE
2004-12-23,circumpolar,8.653585443,-0.25134312619077903,0.25134312619077903,1.1150233324839751,FALSE,FALSE
2004-12-24,circumpolar,8.470504679,-0.21140101600216,0.21140101600216,1.1150233324839751,FALSE,FALSE
2004-12-25,circumpolar,8.271077632,-0.1914021692911501,0.1914021692911501,1.1150233324839751,FALSE,FALSE
2004-12-26,circumpolar,8.082224797,-0.164869499478403,0.164869499478403,1.1150233324839751,FALSE,FALSE
2004-12-27,circumpolar,7.84967453,-0.18651805898463003,0.18651805898463003,1.1150233324839751,FALSE,FALSE
2004-12-28,circumpolar,7.737039014,-0.09317907323048136,0.09317907323048136,1.1150233324839751,FALSE,FALSE
2004-12-29,circumpolar,7.611471222,-0.01814297763666328,0.01814297763666328,1.1150233324839751,FALSE,FALSE
2004-12-30,circumpolar,7.494648059,0.05982372437614014,0.05982372437614014,1.1150233324839751,FALSE,FALSE
2004-12-31,circumpolar,7.34219306,0.09590115938726028,0.09590115938726028,1.1150233324839751,FALSE,FALSE
2005-01-01,circumpolar,7.158934098,-0.087357802612733515,0.087357802612733515,1.1150233324839751,FALSE,FALSE
2005-01-02,circumpolar,7.000588108,-0.06375477456927126,0.06375477456927126,1.1150233324839751,FALSE,FALSE
2005-01-03,circumpolar,6.848787403,-0.04004616864061194,0.04004616864061194,1.1150233324839751,FALSE,FALSE
2005-01-04,circumpolar,6.652952303,-0.0665505325191802,0.0665505325191802,1.1150233324839751,FALSE,FALSE
2005-01-05,circumpolar,6.318765469,-0.23732407289738688,0.23732407289738688,1.1150233324839751,FALSE,FALSE
2005-01-06,circumpolar,6.107932154,-0.2904004044676807,0.2904004044676807,1.1150233324839751,FALSE,FALSE
2005-01-07,circumpolar,6.067881897,-0.17808885592249002,0.17808885592249002,1.1150233324839751,FALSE,FALSE
2005-01-08,circumpolar,5.969635235,-0.12910775795422855,0.12910775795422855,1.1150233324839751,FALSE,FALSE
2005-01-09,circumpolar,5.773027287,-0.18336085925534015,0.18336085925534015,1.1150233324839751,FALSE,FALSE
2005-01-10,circumpolar,5.666959667,-0.1516854135182335,0.1516854135182335,1.1150233324839751,FALSE,FALSE
2005-01-11,circumpolar,5.574673522,-0.11057914143535896,0.11057914143535896,1.1150233324839751,FALSE,FALSE
2005-01-12,circumpolar,5.349339127,-0.2066106356991302,0.2066106356991302,1.1150233324839751,FALSE,FALSE
2005-01-13,circumpolar,5.106262087,-0.3242131590019799,0.3242131590019799,1.1150233324839751,FALSE,FALSE
2005-01-14,circumpolar,4.956915998,-0.35165520902708547,0.35165520902708547,1.1150233324839751,FALSE,FALSE
2005-01-15,circumpolar,4.740386504,-0.44970899961314,0.44970899961314,1.1150233324839751,FALSE,FALSE
2005-01-16,circumpolar,4.62760747,-0.4474435512989343,0.4474435512989343,1.1150233324839751,FALSE,FALSE
2005-01-17,circumpolar,4.571005054,-0.3924447636675836,0.3924447636675836,1.1150233324839751,FALSE,FALSE
2005-01-18,circumpolar,4.525753937,-0.32955001330219513,0.32955001330219513,1.1150233324839751,FALSE,FALSE
2005-01-19,circumpolar,4.413589617,-0.3370358597858818,0.3370358597858818,1.1150233324839751,FALSE,FALSE
2005-01-20,circumpolar,4.319055449,-0.33037100570175415,0.33037100570175415,1.1150233324839751,FALSE,FALSE
2005-01-21,circumpolar,4.205399421,-0.34631952063292637,0.34631952063292637,1.1150233324839751,FALSE,FALSE
2005-01-22,circumpolar,4.125387812,-0.3321271831625072,0.3321271831625072,1.1150233324839751,FALSE,FALSE
2005-01-23,circumpolar,4.039734056,-0.327092616873605,0.327092616873605,1.1150233324839751,FALSE,FALSE
2005-01-24,circumpolar,3.961792754,-0.31787327834934054,0.31787327834934054,1.1150233324839751,FALSE,FALSE
2005-01-25,circumpolar,3.90081961,-0.29522552117281897,0.29522552117281897,1.1150233324839751,FALSE,FALSE
2005-01-26,circumpolar,3.830649671,-0.2853263559271473,0.2853263559271473,1.1150233324839751,FALSE,FALSE
2005-01-27,circumpolar,3.760080066,-0.27937923934189035,0.27937923934189035,1.1150233324839751,FALSE,FALSE
2005-01-28,circumpolar,3.709204784,-0.2572131099053143,0.2572131099053143,1.1150233324839751,FALSE,FALSE
2005-01-29,circumpolar,3.637538313,-0.25920420558620627,0.25920420558620627,1.1150233324839751,FALSE,FALSE
2005-01-30,circumpolar,3.579846517,-0.25047728462204555,0.25047728462204555,1.1150233324839751,FALSE,FALSE
2005-01-31,circumpolar,3.472847686,-0.29420467925029214,0.29420467925029214,1.1150233324839751,FALSE,FALSE
2005-02-01,circumpolar,3.419146178,-0.2876726537084293,0.2876726537084293,1.1150233324839751,FALSE,FALSE
2005-02-02,circumpolar,3.413093259,-0.23642056423392568,0.23642056423392568,1.1150233324839751,FALSE,FALSE
2005-02-03,circumpolar,3.363275291,-0.23175267106424743,0.23175267106424743,1.1150233324839751,FALSE,FALSE
2005-02-04,circumpolar,3.321617354,-0.22163451643687404,0.22163451643687404,1.1150233324839751,FALSE,FALSE
2005-02-05,circumpolar,3.28417475,-0.2099014205892802,0.2099014205892802,1.1150233324839751,FALSE,FALSE
2005-02-06,circumpolar,3.24844652,-0.1989449647589323,0.1989449647589323,1.1150233324839751,FALSE,FALSE
2005-02-07,circumpolar,3.210917269,-0.19217116618330277,0.19217116618330277,1.1150233324839751,FALSE,FALSE
2005-02-08,circumpolar,3.199871694,-0.16118679091680965,0.16118679091680965,1.1150233324839751,FALSE,FALSE
2005-02-09,circumpolar,3.161301296,-0.16000280846103232,0.16000280846103232,1.1150233324839751,FALSE,FALSE
2005-02-10,circumpolar,3.126478214,-0.15757031746897532,0.15757031746897532,1.1150233324839751,FALSE,FALSE
2005-02-11,circumpolar,3.124172713,-0.12536839268923083,0.12536839268923083,1.1150233324839751,FALSE,FALSE
2005-02-12,circumpolar,3.081345408,-0.13668575887040912,0.13668575887040912,1.1150233324839751,FALSE,FALSE
2005-02-13,circumpolar,3.050807159,-0.13896089576111814,0.13896089576111814,1.1150233324839751,FALSE,FALSE
2005-02-14,circumpolar,3.015812665,-0.14918844410995247,0.14918844410995247,1.1150233324839751,FALSE,FALSE
2005-02-15,circumpolar,3.034652034,-0.1093276356655224,0.1093276356655224,1.1150233324839751,FALSE,FALSE
2005-02-16,circumpolar,3.081149444,-0.04580363217643368,0.04580363217643368,1.1150233324839751,FALSE,FALSE
2005-02-17,circumpolar,3.040782428,-0.07338824039127845,0.07338824039127845,1.1150233324839751,FALSE,FALSE
2005-02-18,circumpolar,3.045075661,-0.06080612505867266,0.06080612505867266,1.1150233324839751,FALSE,FALSE
2005-02-19,circumpolar,3.05571923,-0.04661653892721951,0.04661653892721951,1.1150233324839751,FALSE,FALSE
2005-02-20,circumpolar,3.05839077,-0.04539118674551279,0.04539118674551279,1.1150233324839751,FALSE,FALSE
2005-02-21,circumpolar,3.073704786,-0.03674276948380939,0.03674276948380939,1.1150233324839751,FALSE,FALSE
2005-02-22,circumpolar,3.096058715,-0.02623271430255025,0.02623271430255025,1.1150233324839751,FALSE,FALSE
2005-02-23,circumpolar,3.116556289,-0.0225376406802833,0.0225376406802833,1.1150233324839751,FALSE,FALSE
2005-02-24,circumpolar,3.119010251,-0.04162193012685922,0.04162193012685922,1.1150233324839751,FALSE,FALSE
2005-02-25,circumpolar,3.139629958,-0.04705335015211442,0.04705335015211442,1.1150233324839751,FALSE,FALSE
2005-02-26,circumpolar,3.175413536,-0.04161089926589767,0.04161089926589767,1.1150233324839751,FALSE,FALSE
2005-02-27,circumpolar,3.301167986,0.04973529902194995,0.04973529902194995,1.1150233324839751,FALSE,FALSE
2005-02-28,circumpolar,3.380845481,0.0911602932015847,0.0911602932015847,1.1150233324839751,FALSE,FALSE
2005-03-01,circumpolar,3.433916574,0.10235751176316343,0.10235751176316343,1.1150233324839751,FALSE,FALSE
2005-03-02,circumpolar,3.518698098,0.1418666631968386,0.1418666631968386,1.1150233324839751,FALSE,FALSE
2005-03-03,circumpolar,3.550970638,0.12569120799277567,0.12569120799277567,1.1150233324839751,FALSE,FALSE
2005-03-04,circumpolar,3.559535453,0.08285528064112535,0.08285528064112535,1.1150233324839751,FALSE,FALSE
2005-03-05,circumpolar,3.554890701,0.02407990834550055,0.02407990834550055,1.1150233324839751,FALSE,FALSE
2005-03-06,circumpolar,3.594621231,0.00714942415532027,0.00714942415532027,1.1150233324839751,FALSE,FALSE
2005-03-07,circumpolar,3.711375181,0.06483531694082156,0.06483531694082156,1.1150233324839751,FALSE,FALSE
2005-03-08,circumpolar,3.772942453,0.06503537231897338,0.06503537231897338,1.1150233324839751,FALSE,FALSE
2005-03-09,circumpolar,3.830603352,0.05913777890673932,0.05913777890673932,1.1150233324839751,FALSE,FALSE
2005-03-10,circumpolar,3.91139794,0.07429048232109148,0.07429048232109148,1.1150233324839751,FALSE,FALSE
2005-03-11,circumpolar,3.952519288,0.04779443717899978,0.04779443717899978,1.1150233324839751,FALSE,FALSE
2005-03-12,circumpolar,4.040199557,0.06598968809742756,0.06598968809742756,1.1150233324839751,FALSE,FALSE
2005-03-13,circumpolar,4.13833134,0.09287671169334288,0.09287671169334288,1.1150233324839751,FALSE,FALSE
2005-03-14,circumpolar,4.199974508,0.08162326258371788,0.08162326258371788,1.1150233324839751,FALSE,FALSE
2005-03-15,circumpolar,4.268260665,0.0754688283855165,0.0754688283855165,1.1150233324839751,FALSE,FALSE
2005-03-16,circumpolar,4.349391656,0.08072313771570627,0.08072313771570627,1.1150233324839751,FALSE,FALSE
2005-03-17,circumpolar,4.419218264,0.0733448571912616,0.0733448571912616,1.1150233324839751,FALSE,FALSE
2005-03-18,circumpolar,4.501993944,0.07769403441859524,0.07769403441859524,1.1150233324839751,FALSE,FALSE
2005-03-19,circumpolar,4.591824714,0.08795103720386876,0.08795103720386876,1.1150233324839751,FALSE,FALSE
2005-03-20,circumpolar,4.648285589,0.06373150411413331,0.06373150411413331,1.1150233324839751,FALSE,FALSE
2005-03-21,circumpolar,4.799471739,0.1331696408298937,0.1331696408298937,1.1150233324839751,FALSE,FALSE
2005-03-22,circumpolar,4.931841598,0.18276291703168468,0.18276291703168468,1.1150233324839751,FALSE,FALSE
2005-03-23,circumpolar,5.019246171,0.18640137340002297,0.18640137340002297,1.1150233324839751,FALSE,FALSE
2005-03-24,circumpolar,5.069635134,0.1520737216154293,0.1520737216154293,1.1150233324839751,FALSE,FALSE
2005-03-25,circumpolar,5.171795161,0.16860567135843052,0.16860567135843052,1.1150233324839751,FALSE,FALSE
2005-03-26,circumpolar,5.262215936,0.1725259423095391,0.1725259423095391,1.1150233324839751,FALSE,FALSE
2005-03-27,circumpolar,5.357336844,0.18031295514928655,0.18031295514928655,1.1150233324839751,FALSE,FALSE
2005-03-28,circumpolar,5.471527519,0.2063753795581924,0.2063753795581924,1.1150233324839751,FALSE,FALSE
2005-03-29,circumpolar,5.591730022,0.23769431221677095,0.23769431221677095,1.1150233324839751,FALSE,FALSE
2005-03-30,circumpolar,5.69666012,0.2530245558055526,0.2530245558055526,1.1150233324839751,FALSE,FALSE
2005-03-31,circumpolar,5.766061974,0.23213945342256892,0.23213945342256892,1.1150233324839751,FALSE,FALSE
2005-04-01,circumpolar,5.875697812,0.2507765551565777,0.2507765551565777,1.1150233324839751,FALSE,FALSE
2005-04-02,circumpolar,5.965110908,0.2484361470141696,0.2484361470141696,1.1150233324839751,FALSE,FALSE
2005-04-03,circumpolar,6.048930594,0.23970455786500544,0.23970455786500544,1.1150233324839751,FALSE,FALSE
2005-04-04,circumpolar,6.14367975,0.2410616645787531,0.2410616645787531,1.1150233324839751,FALSE,FALSE
2005-04-05,circumpolar,6.259662379,0.2627684670250705,0.2627684670250705,1.1150233324839751,FALSE,FALSE
2005-04-06,circumpolar,6.363408863,0.2713123440736318,0.2713123440736318,1.1150233324839751,FALSE,FALSE
2005-04-07,circumpolar,6.448594764,0.2603258545940861,0.2603258545940861,1.1150233324839751,FALSE,FALSE
2005-04-08,circumpolar,6.527397239,0.24194315245610376,0.24194315245610376,1.1150233324839751,FALSE,FALSE
2005-04-09,circumpolar,6.616744136,0.23304908252934275,0.23304908252934275,1.1150233324839751,FALSE,FALSE
2005-04-10,circumpolar,6.746993167,0.26395835368347154,0.26395835368347154,1.1150233324839751,FALSE,FALSE
2005-04-11,circumpolar,6.810681149,0.2271647797881453,0.2271647797881453,1.1150233324839751,FALSE,FALSE
2005-04-12,circumpolar,6.947115876,0.26193377828038233,0.26193377828038233,1.1150233324839751,FALSE,FALSE
2005-04-13,circumpolar,7.082695572,0.2946658521985235,0.2946658521985235,1.1150233324839751,FALSE,FALSE
2005-04-14,circumpolar,7.232090045,0.3401067029391367,0.3401067029391367,1.1150233324839751,FALSE,FALSE
2005-04-15,circumpolar,7.281738492,0.28477829680937994,0.28477829680937994,1.1150233324839751,FALSE,FALSE
2005-04-16,circumpolar,7.331699799,0.22882228911643843,0.22882228911643843,1.1150233324839751,FALSE,FALSE
2005-04-17,circumpolar,7.373892305,0.16423978816746754,0.16423978816746754,1.1150233324839751,FALSE,FALSE
2005-04-18,circumpolar,7.426203049,0.10900060226963236,0.10900060226963236,1.1150233324839751,FALSE,FALSE
2005-04-19,circumpolar,7.617165842,0.19172131173009355,0.19172131173009355,1.1150233324839751,FALSE,FALSE
2005-04-20,circumpolar,7.776235412,0.2419394138560369,0.2419394138560369,1.1150233324839751,FALSE,FALSE
2005-04-21,circumpolar,7.878989522,0.235315440954607,0.235315440954607,1.1150233324839751,FALSE,FALSE
2005-04-22,circumpolar,7.979547948,0.22605193833297843,0.22605193833297843,1.1150233324839751,FALSE,FALSE
2005-04-23,circumpolar,8.056184176,0.1925051612983255,0.1925051612983255,1.1150233324839751,FALSE,FALSE
2005-04-24,circumpolar,8.105576953,0.13143662615779572,0.13143662615779572,1.1150233324839751,FALSE,FALSE
2005-04-25,circumpolar,8.245448652,0.1606479736421349,0.1606479736421349,1.1150233324839751,FALSE,FALSE
2005-04-26,circumpolar,8.340632434,0.14501837639125623,0.14501837639125623,1.1150233324839751,FALSE,FALSE
2005-04-27,circumpolar,8.449401524,0.14284869353478058,0.14284869353478058,1.1150233324839751,FALSE,FALSE
2005-04-28,circumpolar,8.58198598,0.16439642361557638,0.16439642361557638,1.1150233324839751,FALSE,FALSE
2005-04-29,circumpolar,8.682550028,0.1538532331764948,0.1538532331764948,1.1150233324839751,FALSE,FALSE
2005-04-30,circumpolar,8.80676689,0.1669197847603936,0.1669197847603936,1.1150233324839751,FALSE,FALSE
2005-05-01,circumpolar,8.921523834,0.1705107869101301,0.1705107869101301,1.1150233324839751,FALSE,FALSE
2005-05-02,circumpolar,9.013279271,0.15111209116855484,0.15111209116855484,1.1150233324839751,FALSE,FALSE
2005-05-03,circumpolar,9.094638185,0.1213561220785433,0.1213561220785433,1.1150233324839751,FALSE,FALSE
2005-05-04,circumpolar,9.213043159,0.1287129031829366,0.1287129031829366,1.1150233324839751,FALSE,FALSE
2005-05-05,circumpolar,9.319458271,0.12417395302459332,0.12417395302459332,1.1150233324839751,FALSE,FALSE
2005-05-06,circumpolar,9.473354873,0.16723806414638176,0.16723806414638176,1.1150233324839751,FALSE,FALSE
2005-05-07,circumpolar,9.548289122,0.13148881909815557,0.13148881909815557,1.1150233324839751,FALSE,FALSE
2005-05-08,circumpolar,9.711727592,0.1844118586032497,0.1844118586032497,1.1150233324839751,FALSE,FALSE
2005-05-09,circumpolar,9.829640801,0.1919745205980856,0.1919745205980856,1.1150233324839751,FALSE,FALSE
2005-05-10,circumpolar,9.941058258,0.19319947362100365,0.19319947362100365,1.1150233324839751,FALSE,FALSE
2005-05-11,circumpolar,10.0342875,0.17638741421031945,0.17638741421031945,1.1150233324839751,FALSE,FALSE
2005-05-12,circumpolar,10.15219974,0.18440271490437257,0.18440271490437257,1.1150233324839751,FALSE,FALSE
2005-05-13,circumpolar,10.291324060000001,0.21376761724147997,0.21376761724147997,1.1150233324839751,FALSE,FALSE
2005-05-14,circumpolar,10.37668403,0.18949885075997663,0.18949885075997663,1.1150233324839751,FALSE,FALSE
2005-05-15,circumpolar,10.40584968,0.10915960499818844,0.10915960499818844,1.1150233324839751,FALSE,FALSE
2005-05-16,circumpolar,10.51252603,0.10644805949443636,0.10644805949443636,1.1150233324839751,FALSE,FALSE
2005-05-17,circumpolar,10.68033827,0.16498256378704923,0.16498256378704923,1.1150233324839751,FALSE,FALSE
2005-05-18,circumpolar,10.83748887,0.21295874741437437,0.21295874741437437,1.1150233324839751,FALSE,FALSE
2005-05-19,circumpolar,10.91852577,0.18491770991471768,0.18491770991471768,1.1150233324839751,FALSE,FALSE
2005-05-20,circumpolar,11.03699866,0.1944034338638847,0.1944034338638847,1.1150233324839751,FALSE,FALSE
2005-05-21,circumpolar,11.18032596,0.22884930672873516,0.22884930672873516,1.1150233324839751,FALSE,FALSE
2005-05-22,circumpolar,11.33032266,0.2701033492932545,0.2701033492932545,1.1150233324839751,FALSE,FALSE
2005-05-23,circumpolar,11.47355797,0.3047684100766208,0.3047684100766208,1.1150233324839751,FALSE,FALSE
2005-05-24,circumpolar,11.64949943,0.37234566759800103,0.37234566759800103,1.1150233324839751,FALSE,FALSE
2005-05-25,circumpolar,11.7490416,0.36376332037658266,0.36376332037658266,1.1150233324839751,FALSE,FALSE
2005-05-26,circumpolar,11.7555896,0.2624601269315381,0.2624601269315381,1.1150233324839751,FALSE,FALSE
2005-05-27,circumpolar,11.83031532,0.22964161578203424,0.22964161578203424,1.1150233324839751,FALSE,FALSE
2005-05-28,circumpolar,11.91315732,0.2052799854472518,0.2052799854472518,1.1150233324839751,FALSE,FALSE
2005-05-29,circumpolar,11.99387831,0.17917158444637593,0.17917158444637593,1.1150233324839751,FALSE,FALSE
2005-05-30,circumpolar,12.09468884,0.1735606012985755,0.1735606012985755,1.1150233324839751,FALSE,FALSE
2005-05-31,circumpolar,12.15094312,0.1238348845230135,0.1238348845230135,1.1150233324839751,FALSE,FALSE
2005-06-01,circumpolar,12.25119948,0.11858640263889164,0.11858640263889164,1.1150233324839751,FALSE,FALSE
2005-06-02,circumpolar,12.30523202,0.06761178219641373,0.06761178219641373,1.1150233324839751,FALSE,FALSE
2005-06-03,circumpolar,12.36005924,0.01790275405092245,0.01790275405092245,1.1150233324839751,FALSE,FALSE
2005-06-04,circumpolar,12.40409687,-0.04216538615339615,0.04216538615339615,1.1150233324839751,FALSE,FALSE
2005-06-05,circumpolar,12.44532519,-0.10465279327848798,0.10465279327848798,1.1150233324839751,FALSE,FALSE
2005-06-06,circumpolar,12.57240626,-0.08093784218631761,0.08093784218631761,1.1150233324839751,FALSE,FALSE
2005-06-07,circumpolar,12.68518594,-0.07121510773885653,0.07121510773885653,1.1150233324839751,FALSE,FALSE
2005-06-08,circumpolar,12.81697196,-0.04221729479807123,0.04221729479807123,1.1150233324839751,FALSE,FALSE
2005-06-09,circumpolar,12.96428515,0.00253599177407082,0.00253599177407082,1.1150233324839751,FALSE,FALSE
2005-06-10,circumpolar,13.12715458,0.06303338711559725,0.06303338711559725,1.1150233324839751,FALSE,FALSE
2005-06-11,circumpolar,13.22149578,0.05514998636456525,0.05514998636456525,1.1150233324839751,FALSE,FALSE
2005-06-12,circumpolar,13.36548064,0.09701724465898565,0.09701724465898565,1.1150233324839751,FALSE,FALSE
2005-06-13,circumpolar,13.45738627,0.08687183713689528,0.08687183713689528,1.1150233324839751,FALSE,FALSE
2005-06-14,circumpolar,13.58402598,0.11148846935675748,0.11148846935675748,1.1150233324839751,FALSE,FALSE
2005-06-15,circumpolar,13.6444228,0.06993225940100345,0.06993225940100345,1.1150233324839751,FALSE,FALSE
2005-06-16,circumpolar,13.74940204,0.07318130384399346,0.07318130384399346,1.1150233324839751,FALSE,FALSE
2005-06-17,circumpolar,13.84137847,0.06381117955461058,0.06381117955461058,1.1150233324839751,FALSE,FALSE
2005-06-18,circumpolar,13.9484931,0.07012370340171259,0.07012370340171259,1.1150233324839751,FALSE,FALSE
2005-06-19,circumpolar,14.0055331,0.02706685225418859,0.02706685225418859,1.1150233324839751,FALSE,FALSE
2005-06-20,circumpolar,14.03360749,-0.04408954701909273,0.04408954701909273,1.1150233324839751,FALSE,FALSE
2005-06-21,circumpolar,14.19804973,0.022148772450742982,0.022148772450742982,1.1150233324839751,FALSE,FALSE
2005-06-22,circumpolar,14.35036896,0.07745175753255573,0.07745175753255573,1.1150233324839751,FALSE,FALSE
2005-06-23,circumpolar,14.54432243,0.1757374650952297,0.1757374650952297,1.1150233324839751,FALSE,FALSE
2005-06-24,circumpolar,14.72487114,0.2621277020076427,0.2621277020076427,1.1150233324839751,FALSE,FALSE
2005-06-25,circumpolar,14.83628158,0.2810497651386523,0.2810497651386523,1.1150233324839751,FALSE,FALSE
2005-06-26,circumpolar,14.83697964,0.19109035135714691,0.19109035135714691,1.1150233324839751,FALSE,FALSE
2005-06-27,circumpolar,14.90154592,0.16696284284569174,0.16696284284569174,1.1150233324839751,FALSE,FALSE
2005-06-28,circumpolar,14.94168195,0.12028978309633054,0.12028978309633054,1.1150233324839751,FALSE,FALSE
2005-06-29,circumpolar,15.02673399,0.12024168016214888,0.12024168016214888,1.1150233324839751,FALSE,FALSE
2005-06-30,circumpolar,15.17762318,0.1875634245756732,0.1875634245756732,1.1150233324839751,FALSE,FALSE
2005-07-01,circumpolar,15.33709348,0.2648227268694665,0.2648227268694665,1.1150233324839751,FALSE,FALSE
2005-07-02,circumpolar,15.43108607,0.27778451757606604,0.27778451757606604,1.1150233324839751,FALSE,FALSE
2005-07-03,circumpolar,15.46409228,0.23076387722803737,0.23076387722803737,1.1150233324839751,FALSE,FALSE
2005-07-04,circumpolar,15.42754035,0.1150127963579166,0.1150127963579166,1.1150233324839751,FALSE,FALSE
2005-07-05,circumpolar,15.53111808,0.14004282549825575,0.14004282549825575,1.1150233324839751,FALSE,FALSE
2005-07-06,circumpolar,15.65708,0.18793224518159768,0.18793224518159768,1.1150233324839751,FALSE,FALSE
2005-07-07,circumpolar,15.72080526,0.17388395594049832,0.17388395594049832,1.1150233324839751,FALSE,FALSE
2005-07-08,circumpolar,15.75463427,0.13006211830750125,0.13006211830750125,1.1150233324839751,FALSE,FALSE
2005-07-09,circumpolar,15.76930106,0.06702492580904185,0.06702492580904185,1.1150233324839751,FALSE,FALSE
2005-07-10,circumpolar,15.90242307,0.1222943073705114,0.1222943073705114,1.1150233324839751,FALSE,FALSE
2005-07-11,circumpolar,16.165336279999998,0.3072865220004566,0.3072865220004566,1.1150233324839751,FALSE,FALSE
2005-07-12,circumpolar,16.37772591,0.4417903321176322,0.4417903321176322,1.1150233324839751,FALSE,FALSE
2005-07-13,circumpolar,16.43074816,0.41706548014085953,0.41706548014085953,1.1150233324839751,FALSE,FALSE
2005-07-14,circumpolar,16.5244093,0.4332217784889067,0.4332217784889067,1.1150233324839751,FALSE,FALSE
2005-07-15,circumpolar,16.58909865,0.42075208958058496,0.42075208958058496,1.1150233324839751,FALSE,FALSE
2005-07-16,circumpolar,16.63842888,0.39337262583466526,0.39337262583466526,1.1150233324839751,FALSE,FALSE
2005-07-17,circumpolar,16.73716655,0.41595348966994194,0.41595348966994194,1.1150233324839751,FALSE,FALSE
2005-07-18,circumpolar,16.87518485,0.4784714135052326,0.4784714135052326,1.1150233324839751,FALSE,FALSE
2005-07-19,circumpolar,17.02428471,0.5528308697592941,0.5528308697592941,1.1150233324839751,FALSE,FALSE
2005-07-20,circumpolar,17.07612269,0.5307919608509337,0.5307919608509337,1.1150233324839751,FALSE,FALSE
2005-07-21,circumpolar,17.11987711,0.5016365491989419,0.5016365491989419,1.1150233324839751,FALSE,FALSE
2005-07-22,circumpolar,17.1544241,0.46434142528048383,0.46434142528048383,1.1150233324839751,FALSE,FALSE
2005-07-23,circumpolar,17.20518262,0.4443864321563922,0.4443864321563922,1.1150233324839751,FALSE,FALSE
2005-07-24,circumpolar,17.34370277,0.5133535575501824,0.5133535575501824,1.1150233324839751,FALSE,FALSE
2005-07-25,circumpolar,17.46884502,0.5701345014582664,0.5701345014582664,1.1150233324839751,FALSE,FALSE
2005-07-26,circumpolar,17.5273885,0.561539623877092,0.561539623877092,1.1150233324839751,FALSE,FALSE
2005-07-27,circumpolar,17.559266,0.5275329448030774,0.5275329448030774,1.1150233324839751,FALSE,FALSE
2005-07-28,circumpolar,17.59559891,0.49926708423264543,0.49926708423264543,1.1150233324839751,FALSE,FALSE
2005-07-29,circumpolar,17.70035711,0.5407431521622357,0.5407431521622357,1.1150233324839751,FALSE,FALSE
2005-07-30,circumpolar,17.74328199,0.5217337685882839,0.5217337685882839,1.1150233324839751,FALSE,FALSE
2005-07-31,circumpolar,17.8379665,0.5558631135071934,0.5558631135071934,1.1150233324839751,FALSE,FALSE
2005-08-01,circumpolar,17.93157145,0.5903232269153911,0.5903232269153911,1.1150233324839751,FALSE,FALSE
2005-08-02,circumpolar,17.92575746,0.5268059588093337,0.5268059588093337,1.1150233324839751,FALSE,FALSE
2005-08-03,circumpolar,17.88642164,0.4312396486227641,0.4312396486227641,1.1150233324839751,FALSE,FALSE
2005-08-04,circumpolar,17.98879064,0.478866985937902,0.478866985937902,1.1150233324839751,FALSE,FALSE
2005-08-05,circumpolar,18.06008647,0.4968712246749156,0.4968712246749156,1.1150233324839751,FALSE,FALSE
2005-08-06,circumpolar,18.07162078,0.456512907012236,0.456512907012236,1.1150233324839751,FALSE,FALSE
2005-08-07,circumpolar,18.04366386,0.378011215128275,0.378011215128275,1.1150233324839751,FALSE,FALSE
2005-08-08,circumpolar,18.00772426,0.292823591201433,0.292823591201433,1.1150233324839751,FALSE,FALSE
2005-08-09,circumpolar,17.99321891,0.2303158574101296,0.2303158574101296,1.1150233324839751,FALSE,FALSE
2005-08-10,circumpolar,17.98689681,0.17718590593276318,0.17718590593276318,1.1150233324839751,FALSE,FALSE
2005-08-11,circumpolar,18.02627551,0.17090017894775045,0.17090017894775045,1.1150233324839751,FALSE,FALSE
2005-08-12,circumpolar,18.0266541,0.1267066586334913,0.1267066586334913,1.1150233324839751,FALSE,FALSE
2005-08-13,circumpolar,18.12174415,0.178265807168426,0.178265807168426,1.1150233324839751,FALSE,FALSE
2005-08-14,circumpolar,18.24569871,0.25967956673093795,0.25967956673093795,1.1150233324839751,FALSE,FALSE
2005-08-15,circumpolar,18.28988811,0.2622671594994408,0.2622671594994408,1.1150233324839751,FALSE,FALSE
2005-08-16,circumpolar,18.2685404,0.20020640622264807,0.20020640622264807,1.1150233324839751,FALSE,FALSE
2005-08-17,circumpolar,18.32369694,0.21551455082216364,0.21551455082216364,1.1150233324839751,FALSE,FALSE
2005-08-18,circumpolar,18.41299663,0.2658362658053761,0.2658362658053761,1.1150233324839751,FALSE,FALSE
2005-08-19,circumpolar,18.47363135,0.2883708416514388,0.2883708416514388,1.1150233324839751,FALSE,FALSE
2005-08-20,circumpolar,18.45485265,0.23237723883951844,0.23237723883951844,1.1150233324839751,FALSE,FALSE
2005-08-21,circumpolar,18.40643071,0.14763304784878883,0.14763304784878883,1.1150233324839751,FALSE,FALSE
2005-08-22,circumpolar,18.40969718,0.1154773291584128,0.1154773291584128,1.1150233324839751,FALSE,FALSE
2005-08-23,circumpolar,18.48330495,0.15457038324754535,0.15457038324754535,1.1150233324839751,FALSE,FALSE
2005-08-24,circumpolar,18.52641475,0.1640803505953485,0.1640803505953485,1.1150233324839751,FALSE,FALSE
2005-08-25,circumpolar,18.56423265,0.1692207116809996,0.1692207116809996,1.1150233324839751,FALSE,FALSE
2005-08-26,circumpolar,18.61736994,0.1906101669836424,0.1906101669836424,1.1150233324839751,FALSE,FALSE
2005-08-27,circumpolar,18.64702395,0.1894534569824522,0.1894534569824522,1.1150233324839751,FALSE,FALSE
2005-08-28,circumpolar,18.61034408,0.12290739215659484,0.12290739215659484,1.1150233324839751,FALSE,FALSE
2005-08-29,circumpolar,18.49579952,-0.02055051747800718,0.02055051747800718,1.1150233324839751,FALSE,FALSE
2005-08-30,circumpolar,18.39953023,-0.14476646401722704,0.14476646401722704,1.1150233324839751,FALSE,FALSE
2005-08-31,circumpolar,18.43462161,-0.13663912255337252,0.13663912255337252,1.1150233324839751,FALSE,FALSE
2005-09-01,circumpolar,18.49018369,-0.10704253445323177,0.10704253445323177,1.1150233324839751,FALSE,FALSE
2005-09-02,circumpolar,18.52227431,-0.0999029310836157,0.0999029310836157,1.1150233324839751,FALSE,FALSE
2005-09-03,circumpolar,18.63907687,-0.00702098381131932,0.00702098381131932,1.1150233324839751,FALSE,FALSE
2005-09-04,circumpolar,18.69948924,0.03051710599685364,0.03051710599685364,1.1150233324839751,FALSE,FALSE
2005-09-05,circumpolar,18.78085797,0.0900738169740798,0.0900738169740798,1.1150233324839751,FALSE,FALSE
2005-09-06,circumpolar,18.81699452,0.10547653775359932,0.10547653775359932,1.1150233324839751,FALSE,FALSE
2005-09-07,circumpolar,18.90331885,0.1721611569685635,0.1721611569685635,1.1150233324839751,FALSE,FALSE
2005-09-08,circumpolar,19.00076814,0.2510807832521884,0.2510807832521884,1.1150233324839751,FALSE,FALSE
2005-09-09,circumpolar,19.02633139,0.2592403452376679,0.2592403452376679,1.1150233324839751,FALSE,FALSE
2005-09-10,circumpolar,19.09032022,0.3069674154400701,0.3069674154400701,1.1150233324839751,FALSE,FALSE
2005-09-11,circumpolar,19.13802615,0.33957173351866743,0.33957173351866743,1.1150233324839751,FALSE,FALSE
2005-09-12,circumpolar,19.125445,0.31307144177520385,0.31307144177520385,1.1150233324839751,FALSE,FALSE
2005-09-13,circumpolar,19.08502727,0.25993979448395166,0.25993979448395166,1.1150233324839751,FALSE,FALSE
2005-09-14,circumpolar,19.07687009,0.24029667591913295,0.24029667591913295,1.1150233324839751,FALSE,FALSE
2005-09-15,circumpolar,19.15384913,0.30704051035498026,0.30704051035498026,1.1150233324839751,FALSE,FALSE
2005-09-16,circumpolar,19.14707944,0.29130910206574967,0.29130910206574967,1.1150233324839751,FALSE,FALSE
2005-09-17,circumpolar,19.19058081,0.3271449953256891,0.3271449953256891,1.1150233324839751,FALSE,FALSE
2005-09-18,circumpolar,19.2257745,0.35599220440902,0.35599220440902,1.1150233324839751,FALSE,FALSE
2005-09-19,circumpolar,19.23910697,0.3643199435900044,0.3643199435900044,1.1150233324839751,FALSE,FALSE
2005-09-20,circumpolar,19.30711211,0.42868485714285143,0.42868485714285143,1.1150233324839751,FALSE,FALSE
2005-09-21,circumpolar,19.37548322,0.4948029993418359,0.4948029993418359,1.1150233324839751,FALSE,FALSE
2005-09-22,circumpolar,19.41183434,0.5303111644611924,0.5303111644611924,1.1150233324839751,FALSE,FALSE
2005-09-23,circumpolar,19.46781129,0.5868771460284599,0.5868771460284599,1.1150233324839751,FALSE,FALSE
2005-09-24,circumpolar,19.56211591,0.6832163987994875,0.6832163987994875,1.1150233324839751,FALSE,FALSE
2005-09-25,circumpolar,19.57673901,0.7013282769707061,0.7013282769707061,1.1150233324839751,FALSE,FALSE
2005-09-26,circumpolar,19.58882596,0.7183666235930346,0.7183666235930346,1.1150233324839751,FALSE,FALSE
2005-09-27,circumpolar,19.64493777,0.7809009217173504,0.7809009217173504,1.1150233324839751,FALSE,FALSE
2005-09-28,circumpolar,19.70500308,0.8488682843945696,0.8488682843945696,1.1150233324839751,FALSE,FALSE
2005-09-29,circumpolar,19.71961366,0.8728689546755604,0.8728689546755604,1.1150233324839751,FALSE,FALSE
2005-09-30,circumpolar,19.66559783,0.8297397256112369,0.8297397256112369,1.1150233324839751,FALSE,FALSE
2005-10-01,circumpolar,19.58063287,0.7571663502525041,0.7571663502525041,1.1150233324839751,FALSE,FALSE
2005-10-02,circumpolar,19.48755739,0.6779959116502461,0.6779959116502461,1.1150233324839751,FALSE,FALSE
2005-10-03,circumpolar,19.44937913,0.6552446228553706,0.6552446228553706,1.1150233324839751,FALSE,FALSE
2005-10-04,circumpolar,19.39092643,0.613749296918769,0.613749296918769,1.1150233324839751,FALSE,FALSE
2005-10-05,circumpolar,19.33911657,0.5804356896025276,0.5804356896025276,1.1150233324839751,FALSE,FALSE
2005-10-06,circumpolar,19.35832032,0.6196863262124737,0.6196863262124737,1.1150233324839751,FALSE,FALSE
2005-10-07,circumpolar,19.25684105,0.539825978993921,0.539825978993921,1.1150233324839751,FALSE,FALSE
2005-10-08,circumpolar,19.21606409,0.5222631450807533,0.5222631450807533,1.1150233324839751,FALSE,FALSE
2005-10-09,circumpolar,19.10571186,0.4367434116068516,0.4367434116068516,1.1150233324839751,FALSE,FALSE
2005-10-10,circumpolar,19.06351363,0.4210192157061172,0.4210192157061172,1.1150233324839751,FALSE,FALSE
2005-10-11,circumpolar,19.06040172,0.4460460445124213,0.4460460445124213,1.1150233324839751,FALSE,FALSE
2005-10-12,circumpolar,19.10882364,0.5242945751596224,0.5242945751596224,1.1150233324839751,FALSE,FALSE
2005-10-13,circumpolar,19.10859217,0.5556007547816577,0.5556007547816577,1.1150233324839751,FALSE,FALSE
2005-10-14,circumpolar,19.05217733,0.5324577705123623,0.5324577705123623,1.1150233324839751,FALSE,FALSE
2005-10-15,circumpolar,18.96043807,0.4757477394856551,0.4757477394856551,1.1150233324839751,FALSE,FALSE
2005-10-16,circumpolar,18.83047092,0.3825903588354045,0.3825903588354045,1.1150233324839751,FALSE,FALSE
2005-10-17,circumpolar,18.70555466,0.2962875756954908,0.2962875756954908,1.1150233324839751,FALSE,FALSE
2005-10-18,circumpolar,18.61161543,0.24278832427535235,0.24278832427535235,1.1150233324839751,FALSE,FALSE
2005-10-19,circumpolar,18.56914385,0.24259809797936785,0.24259809797936785,1.1150233324839751,FALSE,FALSE
2005-10-20,circumpolar,18.49734071,0.21492498780126112,0.21492498780126112,1.1150233324839751,FALSE,FALSE
2005-10-21,circumpolar,18.46835168,0.23192166153333815,0.23192166153333815,1.1150233324839751,FALSE,FALSE
2005-10-22,circumpolar,18.41303564,0.22445399696788823,0.22445399696788823,1.1150233324839751,FALSE,FALSE
2005-10-23,circumpolar,18.36397109,0.22510749189721935,0.22510749189721935,1.1150233324839751,FALSE,FALSE
2005-10-24,circumpolar,18.36989279,0.28262390411365246,0.28262390411365246,1.1150233324839751,FALSE,FALSE
2005-10-25,circumpolar,18.36323557,0.3294450614094693,0.3294450614094693,1.1150233324839751,FALSE,FALSE
2005-10-26,circumpolar,18.3228468,0.3444253315769821,0.3444253315769821,1.1150233324839751,FALSE,FALSE
2005-10-27,circumpolar,18.37474764,0.4535928724085067,0.4535928724085067,1.1150233324839751,FALSE,FALSE
2005-10-28,circumpolar,18.38990146,0.5279180516963358,0.5279180516963358,1.1150233324839751,FALSE,FALSE
2005-10-29,circumpolar,18.34348817,0.5425877772327681,0.5425877772327681,1.1150233324839751,FALSE,FALSE
2005-10-30,circumpolar,18.25997781,0.5220790868101197,0.5220790868101197,1.1150233324839751,FALSE,FALSE
2005-10-31,circumpolar,18.24369163,0.5707428864965323,0.5707428864965323,1.1150233324839751,FALSE,FALSE
2005-11-01,circumpolar,18.18278937,0.5768801013138969,0.5768801013138969,1.1150233324839751,FALSE,FALSE
2005-11-02,circumpolar,18.14586428,0.6092594236448221,0.6092594236448221,1.1150233324839751,FALSE,FALSE
2005-11-03,circumpolar,18.06888941,0.6040293550811704,0.6040293550811704,1.1150233324839751,FALSE,FALSE
2005-11-04,circumpolar,17.99157306,0.6010736472148324,0.6010736472148324,1.1150233324839751,FALSE,FALSE
2005-11-05,circumpolar,17.84924883,0.5359013516376798,0.5359013516376798,1.1150233324839751,FALSE,FALSE
2005-11-06,circumpolar,17.76858395,0.5353551499415872,0.5353551499415872,1.1150233324839751,FALSE,FALSE
2005-11-07,circumpolar,17.6359985,0.48603057371842695,0.48603057371842695,1.1150233324839751,FALSE,FALSE
2005-11-08,circumpolar,17.53566462,0.47227521456009214,0.47227521456009214,1.1150233324839751,FALSE,FALSE
2005-11-09,circumpolar,17.4483993,0.4750815140584379,0.4750815140584379,1.1150233324839751,FALSE,FALSE
2005-11-10,circumpolar,17.42001634,0.5404387238053658,0.5404387238053658,1.1150233324839751,FALSE,FALSE
2005-11-11,circumpolar,17.37150921,0.5895157653927328,0.5895157653927328,1.1150233324839751,FALSE,FALSE
2005-11-12,circumpolar,17.30188217,0.6214910486367096,0.6214910486367096,1.1150233324839751,FALSE,FALSE
2005-11-13,circumpolar,17.21938858,0.6447200704223022,0.6447200704223022,1.1150233324839751,FALSE,FALSE
2005-11-14,circumpolar,17.1387685,0.6739367771726421,0.6739367771726421,1.1150233324839751,FALSE,FALSE
2005-11-15,circumpolar,17.06208313,0.7111873264311726,0.7111873264311726,1.1150233324839751,FALSE,FALSE
2005-11-16,circumpolar,16.93408637,0.7012105757413529,0.7012105757413529,1.1150233324839751,FALSE,FALSE
2005-11-17,circumpolar,16.81882445,0.7080377126466324,0.7080377126466324,1.1150233324839751,FALSE,FALSE
2005-11-18,circumpolar,16.69014433,0.7055006546904465,0.7055006546904465,1.1150233324839751,FALSE,FALSE
2005-11-19,circumpolar,16.55026403,0.6958023794162624,0.6958023794162624,1.1150233324839751,FALSE,FALSE
2005-11-20,circumpolar,16.38993312,0.6696774143675253,0.6696774143675253,1.1150233324839751,FALSE,FALSE
2005-11-21,circumpolar,16.17618888,0.5941479970876848,0.5941479970876848,1.1150233324839751,FALSE,FALSE
2005-11-22,circumpolar,15.9784039,0.5385716751201919,0.5385716751201919,1.1150233324839751,FALSE,FALSE
2005-11-23,circumpolar,15.80342278,0.5097780060084887,0.5097780060084887,1.1150233324839751,FALSE,FALSE
2005-11-24,circumpolar,15.59451866,0.4510250872960384,0.4510250872960384,1.1150233324839751,FALSE,FALSE
2005-11-25,circumpolar,15.42365751,0.4342713537201952,0.4342713537201952,1.1150233324839751,FALSE,FALSE
2005-11-26,circumpolar,15.2817784,0.45051183460669897,0.45051183460669897,1.1150233324839751,FALSE,FALSE
2005-11-27,circumpolar,15.01514827,0.34610135600639147,0.34610135600639147,1.1150233324839751,FALSE,FALSE
2005-11-28,circumpolar,14.84166204,0.33902296579655733,0.33902296579655733,1.1150233324839751,FALSE,FALSE
2005-11-29,circumpolar,14.64739405,0.31543913185445227,0.31543913185445227,1.1150233324839751,FALSE,FALSE
2005-11-30,circumpolar,14.51185455,0.3549482320573407,0.3549482320573407,1.1150233324839751,FALSE,FALSE
2005-12-01,circumpolar,14.27657181,0.2991666642824864,0.2991666642824864,1.1150233324839751,FALSE,FALSE
2005-12-02,circumpolar,14.01054641,0.21718313640715792,0.21718313640715792,1.1150233324839751,FALSE,FALSE
2005-12-03,circumpolar,13.75970129,0.15500871630861113,0.15500871630861113,1.1150233324839751,FALSE,FALSE
2005-12-04,circumpolar,13.47352614,0.06222122186411916,0.06222122186411916,1.1150233324839751,FALSE,FALSE
2005-12-05,circumpolar,13.11889556,-0.09421661904906033,0.09421661904906033,1.1150233324839751,FALSE,FALSE
2005-12-06,circumpolar,12.83616259,-0.17386363855366227,0.17386363855366227,1.1150233324839751,FALSE,FALSE
2005-12-07,circumpolar,12.58735591,-0.21460352309300568,0.21460352309300568,1.1150233324839751,FALSE,FALSE
2005-12-08,circumpolar,12.22160713,-0.36737048203859146,0.36737048203859146,1.1150233324839751,FALSE,FALSE
2005-12-09,circumpolar,11.91292834,-0.4585883168800695,0.4585883168800695,1.1150233324839751,FALSE,FALSE
2005-12-10,circumpolar,11.54116774,-0.6088993870093358,0.6088993870093358,1.1150233324839751,FALSE,FALSE
2005-12-11,circumpolar,11.28357687,-0.6415427118182926,0.6415427118182926,1.1150233324839751,FALSE,FALSE
2005-12-12,circumpolar,10.97978401,-0.7173805706988432,0.7173805706988432,1.1150233324839751,FALSE,FALSE
2005-12-13,circumpolar,10.71581392,-0.7508787630428841,0.7508787630428841,1.1150233324839751,FALSE,FALSE
2005-12-14,circumpolar,10.41005786,-0.82413658824232,0.82413658824232,1.1150233324839751,FALSE,FALSE
2005-12-15,circumpolar,10.1936876,-0.8064728356890498,0.8064728356890498,1.1150233324839751,FALSE,FALSE
2005-12-16,circumpolar,9.961089683,-0.8039915217749609,0.8039915217749609,1.1150233324839751,FALSE,FALSE
2005-12-17,circumpolar,9.775045013,-0.7544023018919717,0.7544023018919717,1.1150233324839751,FALSE,FALSE
2005-12-18,circumpolar,9.557407377,-0.736341948431976,0.736341948431976,1.1150233324839751,FALSE,FALSE
2005-12-19,circumpolar,9.316534014,-0.7419437817868726,0.7419437817868726,1.1150233324839751,FALSE,FALSE
2005-12-20,circumpolar,8.986239543,-0.8378821593075667,0.8378821593075667,1.1150233324839751,FALSE,FALSE
2005-12-21,circumpolar,8.631766536,-0.9593784544153844,0.9593784544153844,1.1150233324839751,FALSE,FALSE
2005-12-22,circumpolar,8.317256504,-1.0427351213180724,1.0427351213180724,1.1150233324839751,FALSE,FALSE
2005-12-23,circumpolar,8.078971651,-1.052133364436305,1.052133364436305,1.1150233324839751,FALSE,FALSE
2005-12-24,circumpolar,7.866839642,-1.0380889271907794,1.0380889271907794,1.1150233324839751,FALSE,FALSE
2005-12-25,circumpolar,7.611430802,-1.0704748930021593,1.0704748930021593,1.1150233324839751,FALSE,FALSE
2005-12-26,circumpolar,7.43381683,-1.0286629712911513,1.0286629712911513,1.1150233324839751,FALSE,FALSE
2005-12-27,circumpolar,7.289659141,-0.9574351554784036,0.9574351554784036,1.1150233324839751,FALSE,FALSE
2005-12-28,circumpolar,7.117291735,-0.9189008539846296,0.9189008539846296,1.1150233324839751,FALSE,FALSE
2005-12-29,circumpolar,6.980214494,-0.8500035932304808,0.8500035932304808,1.1150233324839751,FALSE,FALSE
2005-12-30,circumpolar,6.789250627,-0.8403635726366625,0.8403635726366625,1.1150233324839751,FALSE,FALSE
2005-12-31,circumpolar,6.556805709,-0.8780186256238602,0.8780186256238602,1.1150233324839751,FALSE,FALSE
2006-01-01,circumpolar,6.446617695,-0.7996742056127335,0.7996742056127335,1.1150233324839751,FALSE,FALSE
2006-01-02,circumpolar,6.269833464,-0.7945094185692705,0.7945094185692705,1.1150233324839751,FALSE,FALSE
2006-01-03,circumpolar,6.050341736,-0.8384918356406121,0.8384918356406121,1.1150233324839751,FALSE,FALSE
2006-01-04,circumpolar,5.821081053,-0.89842178251918,0.89842178251918,1.1150233324839751,FALSE,FALSE
2006-01-05,circumpolar,5.610581994,-0.9455075478973862,0.9455075478973862,1.1150233324839751,FALSE,FALSE
2006-01-06,circumpolar,5.425290846,-0.9730417124676808,0.9730417124676808,1.1150233324839751,FALSE,FALSE
2006-01-07,circumpolar,5.241453491,-1.0045172619224907,1.0045172619224907,1.1150233324839751,FALSE,FALSE
2006-01-08,circumpolar,5.094792538,-1.0039504549542286,1.0039504549542286,1.1150233324839751,FALSE,FALSE
2006-01-09,circumpolar,4.952021698,-1.0043664482553396,1.0043664482553396,1.1150233324839751,FALSE,FALSE
2006-01-10,circumpolar,4.876363141,-0.9422819395182342,0.9422819395182342,1.1150233324839751,FALSE,FALSE
2006-01-11,circumpolar,4.766123265,-0.9191293984353592,0.9191293984353592,1.1150233324839751,FALSE,FALSE
2006-01-12,circumpolar,4.604314869,-0.95163489369913,0.95163489369913,1.1150233324839751,FALSE,FALSE
2006-01-13,circumpolar,4.502658401,-0.9278168450019804,0.9278168450019804,1.1150233324839751,FALSE,FALSE
2006-01-14,circumpolar,4.388972151,-0.919599056027086,0.919599056027086,1.1150233324839751,FALSE,FALSE
2006-01-15,circumpolar,4.276534911,-0.9135605926131404,0.9135605926131404,1.1150233324839751,FALSE,FALSE
2006-01-16,circumpolar,4.196713592,-0.8783374292989343,0.8783374292989343,1.1150233324839751,FALSE,FALSE
2006-01-17,circumpolar,4.051005852,-0.9124439656675828,0.9124439656675828,1.1150233324839751,FALSE,FALSE
2006-01-18,circumpolar,3.910960013,-0.9443439373021952,0.9443439373021952,1.1150233324839751,FALSE,FALSE
2006-01-19,circumpolar,3.834850769,-0.9157747077858822,0.9157747077858822,1.1150233324839751,FALSE,FALSE
2006-01-20,circumpolar,3.780724305,-0.8687021497017544,0.8687021497017544,1.1150233324839751,FALSE,FALSE
2006-01-21,circumpolar,3.699084413,-0.8526345286329264,0.8526345286329264,1.1150233324839751,FALSE,FALSE
2006-01-22,circumpolar,3.559177914,-0.8983370811625067,0.8983370811625067,1.1150233324839751,FALSE,FALSE
2006-01-23,circumpolar,3.514808407,-0.8520182658736055,0.8520182658736055,1.1150233324839751,FALSE,FALSE
2006-01-24,circumpolar,3.476853494,-0.8028125383493405,0.8028125383493405,1.1150233324839751,FALSE,FALSE
2006-01-25,circumpolar,3.403777297,-0.7922678341728191,0.7922678341728191,1.1150233324839751,FALSE,FALSE
2006-01-26,circumpolar,3.353225339,-0.7627506879271473,0.7627506879271473,1.1150233324839751,FALSE,FALSE
2006-01-27,circumpolar,3.282163255,-0.7572960503418904,0.7572960503418904,1.1150233324839751,FALSE,FALSE
2006-01-28,circumpolar,3.21646862,-0.7499492739053144,0.7499492739053144,1.1150233324839751,FALSE,FALSE
2006-01-29,circumpolar,3.168200676,-0.728541842586206,0.728541842586206,1.1150233324839751,FALSE,FALSE
2006-01-30,circumpolar,3.114508976,-0.7158148256220453,0.7158148256220453,1.1150233324839751,FALSE,FALSE
2006-01-31,circumpolar,3.03081228,-0.7362400852502922,0.7362400852502922,1.1150233324839751,FALSE,FALSE
2006-02-01,circumpolar,2.9744983,-0.7323205317084294,0.7323205317084294,1.1150233324839751,FALSE,FALSE
2006-02-02,circumpolar,2.932240697,-0.7172731262339256,0.7172731262339256,1.1150233324839751,FALSE,FALSE
2006-02-03,circumpolar,2.928221026,-0.6668069360642472,0.6668069360642472,1.1150233324839751,FALSE,FALSE
2006-02-04,circumpolar,2.932480015,-0.610771855436874,0.610771855436874,1.1150233324839751,FALSE,FALSE
2006-02-05,circumpolar,2.917161183,-0.5769149875892801,0.5769149875892801,1.1150233324839751,FALSE,FALSE
2006-02-06,circumpolar,2.865672741,-0.5817187437589322,0.5817187437589322,1.1150233324839751,FALSE,FALSE
2006-02-07,circumpolar,2.816319662,-0.58676877318330245,0.58676877318330245,1.1150233324839751,FALSE,FALSE
2006-02-08,circumpolar,2.789482071,-0.5715764139168096,0.5715764139168096,1.1150233324839751,FALSE,FALSE
2006-02-09,circumpolar,2.796441591,-0.5248625134610325,0.5248625134610325,1.1150233324839751,FALSE,FALSE
2006-02-10,circumpolar,2.817099087,-0.46694944446897546,0.46694944446897546,1.1150233324839751,FALSE,FALSE
2006-02-11,circumpolar,2.781647802,-0.4678933036892308,0.4678933036892308,1.1150233324839751,FALSE,FALSE
2006-02-12,circumpolar,2.780567734,-0.437463432870409,0.437463432870409,1.1150233324839751,FALSE,FALSE
2006-02-13,circumpolar,2.742700198,-0.44706785676111815,0.44706785676111815,1.1150233324839751,FALSE,FALSE
2006-02-14,circumpolar,2.766062085,-0.3989390241099522,0.3989390241099522,1.1150233324839751,FALSE,FALSE
2006-02-15,circumpolar,2.756409051,-0.38757061866552256,0.38757061866552256,1.1150233324839751,FALSE,FALSE
2006-02-16,circumpolar,2.737411905,-0.3895411711764334,0.3895411711764334,1.1150233324839751,FALSE,FALSE
2006-02-17,circumpolar,2.718037025,-0.3961336433912783,0.3961336433912783,1.1150233324839751,FALSE,FALSE
2006-02-18,circumpolar,2.691838312,-0.4140434740586727,0.4140434740586727,1.1150233324839751,FALSE,FALSE
2006-02-19,circumpolar,2.678178043,-0.42415772592721934,0.42415772592721934,1.1150233324839751,FALSE,FALSE
2006-02-20,circumpolar,2.693470145,-0.4103118117455127,0.4103118117455127,1.1150233324839751,FALSE,FALSE
2006-02-21,circumpolar,2.705497982,-0.4049495734838096,0.4049495734838096,1.1150233324839751,FALSE,FALSE
2006-02-22,circumpolar,2.740397076,-0.3818943533025503,0.3818943533025503,1.1150233324839751,FALSE,FALSE
2006-02-23,circumpolar,2.757233854,-0.38186007568028346,0.38186007568028346,1.1150233324839751,FALSE,FALSE
2006-02-24,circumpolar,2.766624989,-0.39400719212685953,0.39400719212685953,1.1150233324839751,FALSE,FALSE
2006-02-25,circumpolar,2.80134822,-0.3853350881521145,0.3853350881521145,1.1150233324839751,FALSE,FALSE
2006-02-26,circumpolar,2.862777235,-0.35424720026589807,0.35424720026589807,1.1150233324839751,FALSE,FALSE
2006-02-27,circumpolar,2.878761077,-0.3726716099780498,0.3726716099780498,1.1150233324839751,FALSE,FALSE
2006-02-28,circumpolar,2.853576021,-0.4361091667984156,0.4361091667984156,1.1150233324839751,FALSE,FALSE
2006-03-01,circumpolar,2.818579726,-0.5129793362368367,0.5129793362368367,1.1150233324839751,FALSE,FALSE
2006-03-02,circumpolar,2.799546375,-0.5772850598031618,0.5772850598031618,1.1150233324839751,FALSE,FALSE
2006-03-03,circumpolar,2.851472992,-0.5738064380072241,0.5738064380072241,1.1150233324839751,FALSE,FALSE
2006-03-04,circumpolar,2.900460727,-0.5762194453588747,0.5762194453588747,1.1150233324839751,FALSE,FALSE
2006-03-05,circumpolar,2.964908969,-0.5659018236544995,0.5659018236544995,1.1150233324839751,FALSE,FALSE
2006-03-06,circumpolar,3.02147294,-0.5659988668446796,0.5659988668446796,1.1150233324839751,FALSE,FALSE
2006-03-07,circumpolar,3.06854752,-0.5779923440591785,0.5779923440591785,1.1150233324839751,FALSE,FALSE
2006-03-08,circumpolar,3.129898609,-0.5780084716810268,0.5780084716810268,1.1150233324839751,FALSE,FALSE
2006-03-09,circumpolar,3.166388129,-0.6050774440932605,0.6050774440932605,1.1150233324839751,FALSE,FALSE
2006-03-10,circumpolar,3.164569974,-0.6725374836789086,0.6725374836789086,1.1150233324839751,FALSE,FALSE
2006-03-11,circumpolar,3.212075649,-0.6926492018210002,0.6926492018210002,1.1150233324839751,FALSE,FALSE
2006-03-12,circumpolar,3.239648547,-0.7345613219025728,0.7345613219025728,1.1150233324839751,FALSE,FALSE
2006-03-13,circumpolar,3.229432806,-0.8160218223066567,0.8160218223066567,1.1150233324839751,FALSE,FALSE
2006-03-14,circumpolar,3.26460201,-0.8537492354162826,0.8537492354162826,1.1150233324839751,FALSE,FALSE
2006-03-15,circumpolar,3.316768482,-0.8760233546144831,0.8760233546144831,1.1150233324839751,FALSE,FALSE
2006-03-16,circumpolar,3.384127911,-0.8845406072842934,0.8845406072842934,1.1150233324839751,FALSE,FALSE
2006-03-17,circumpolar,3.461360644,-0.8845127628087388,0.8845127628087388,1.1150233324839751,FALSE,FALSE
2006-03-18,circumpolar,3.510212356,-0.9140875535814046,0.9140875535814046,1.1150233324839751,FALSE,FALSE
2006-03-19,circumpolar,3.612147099,-0.8917265777961316,0.8917265777961316,1.1150233324839751,FALSE,FALSE
2006-03-20,circumpolar,3.691819423,-0.8927346618858669,0.8927346618858669,1.1150233324839751,FALSE,FALSE
2006-03-21,circumpolar,3.74126388,-0.9250382181701068,0.9250382181701068,1.1150233324839751,FALSE,FALSE
2006-03-22,circumpolar,3.838759615,-0.9103190659683156,0.9103190659683156,1.1150233324839751,FALSE,FALSE
2006-03-23,circumpolar,3.974436995,-0.8584078025999768,0.8584078025999768,1.1150233324839751,FALSE,FALSE
2006-03-24,circumpolar,4.10631736,-0.8112440523845708,0.8112440523845708,1.1150233324839751,FALSE,FALSE
2006-03-25,circumpolar,4.208251876,-0.7949376136415696,0.7949376136415696,1.1150233324839751,FALSE,FALSE
2006-03-26,circumpolar,4.31348629,-0.7762037036904603,0.7762037036904603,1.1150233324839751,FALSE,FALSE
2006-03-27,circumpolar,4.404755981,-0.7722679078507131,0.7722679078507131,1.1150233324839751,FALSE,FALSE
2006-03-28,circumpolar,4.526333928,-0.7388182114418083,0.7388182114418083,1.1150233324839751,FALSE,FALSE
2006-03-29,circumpolar,4.616642979,-0.7373927307832293,0.7373927307832293,1.1150233324839751,FALSE,FALSE
2006-03-30,circumpolar,4.71619686,-0.727438704194447,0.727438704194447,1.1150233324839751,FALSE,FALSE
2006-03-31,circumpolar,4.809157671,-0.724764849577431,0.724764849577431,1.1150233324839751,FALSE,FALSE
2006-04-01,circumpolar,4.866056004,-0.7588652528434228,0.7588652528434228,1.1150233324839751,FALSE,FALSE
2006-04-02,circumpolar,4.981425062,-0.7352496989858306,0.7352496989858306,1.1150233324839751,FALSE,FALSE
2006-04-03,circumpolar,5.121205121,-0.6880209151349943,0.6880209151349943,1.1150233324839751,FALSE,FALSE
2006-04-04,circumpolar,5.198245511,-0.7043725744212477,0.7043725744212477,1.1150233324839751,FALSE,FALSE
2006-04-05,circumpolar,5.245411114,-0.751482797974929,0.751482797974929,1.1150233324839751,FALSE,FALSE
2006-04-06,circumpolar,5.315891742,-0.7762047769263685,0.7762047769263685,1.1150233324839751,FALSE,FALSE
2006-04-07,circumpolar,5.398319221,-0.7899496884059136,0.7899496884059136,1.1150233324839751,FALSE,FALSE
2006-04-08,circumpolar,5.490569932,-0.7948841545438965,0.7948841545438965,1.1150233324839751,FALSE,FALSE
2006-04-09,circumpolar,5.628054916,-0.7556401374706576,0.7556401374706576,1.1150233324839751,FALSE,FALSE
2006-04-10,circumpolar,5.747006376,-0.7360284373165289,0.7360284373165289,1.1150233324839751,FALSE,FALSE
2006-04-11,circumpolar,5.876823144,-0.7066932252118541,0.7066932252118541,1.1150233324839751,FALSE,FALSE
2006-04-12,circumpolar,5.948185571,-0.7369965267196177,0.7369965267196177,1.1150233324839751,FALSE,FALSE
2006-04-13,circumpolar,6.028818496,-0.7592112238014765,0.7592112238014765,1.1150233324839751,FALSE,FALSE
2006-04-14,circumpolar,6.122350296,-0.7696330460608634,0.7696330460608634,1.1150233324839751,FALSE,FALSE
2006-04-15,circumpolar,6.228705003,-0.7682551921906198,0.7682551921906198,1.1150233324839751,FALSE,FALSE
2006-04-16,circumpolar,6.299725628,-0.8031518818835615,0.8031518818835615,1.1150233324839751,FALSE,FALSE
2006-04-17,circumpolar,6.459324032,-0.7503284848325329,0.7503284848325329,1.1150233324839751,FALSE,FALSE
2006-04-18,circumpolar,6.563173748,-0.7540286987303677,0.7540286987303677,1.1150233324839751,FALSE,FALSE
2006-04-19,circumpolar,6.63035051,-0.7950940202699064,0.7950940202699064,1.1150233324839751,FALSE,FALSE
2006-04-20,circumpolar,6.756627999,-0.7776679991439632,0.7776679991439632,1.1150233324839751,FALSE,FALSE
2006-04-21,circumpolar,6.853531571,-0.7901425100453929,0.7901425100453929,1.1150233324839751,FALSE,FALSE
2006-04-22,circumpolar,6.956031372,-0.7974646376670211,0.7974646376670211,1.1150233324839751,FALSE,FALSE
2006-04-23,circumpolar,7.045177582,-0.8185014327016749,0.8185014327016749,1.1150233324839751,FALSE,FALSE
2006-04-24,circumpolar,7.162360507,-0.8117798198422044,0.8117798198422044,1.1150233324839751,FALSE,FALSE
2006-04-25,circumpolar,7.267883129,-0.8169175493578651,0.8169175493578651,1.1150233324839751,FALSE,FALSE
2006-04-26,circumpolar,7.349925259,-0.8456887986087436,0.8456887986087436,1.1150233324839751,FALSE,FALSE
2006-04-27,circumpolar,7.440653925,-0.8658989054652197,0.8658989054652197,1.1150233324839751,FALSE,FALSE
2006-04-28,circumpolar,7.553354287,-0.864235269384424,0.864235269384424,1.1150233324839751,FALSE,FALSE
2006-04-29,circumpolar,7.680991095,-0.8477056998235044,0.8477056998235044,1.1150233324839751,FALSE,FALSE
2006-04-30,circumpolar,7.772829459,-0.8670176462396064,0.8670176462396064,1.1150233324839751,FALSE,FALSE
2006-05-01,circumpolar,7.900276866,-0.8507361810898706,0.8507361810898706,1.1150233324839751,FALSE,FALSE
2006-05-02,circumpolar,8.014652642,-0.8475145378314455,0.8475145378314455,1.1150233324839751,FALSE,FALSE
2006-05-03,circumpolar,8.142163196,-0.8311188669214573,0.8311188669214573,1.1150233324839751,FALSE,FALSE
2006-05-04,circumpolar,8.254810971,-0.8295192848170636,0.8295192848170636,1.1150233324839751,FALSE,FALSE
2006-05-05,circumpolar,8.375185481,-0.8200988369754061,0.8200988369754061,1.1150233324839751,FALSE,FALSE
2006-05-06,circumpolar,8.444794259,-0.8613225498536181,0.8613225498536181,1.1150233324839751,FALSE,FALSE
2006-05-07,circumpolar,8.527287289,-0.8895130139018441,0.8895130139018441,1.1150233324839751,FALSE,FALSE
2006-05-08,circumpolar,8.669405956,-0.8579097773967508,0.8579097773967508,1.1150233324839751,FALSE,FALSE
2006-05-09,circumpolar,8.831809213,-0.8058570674019148,0.8058570674019148,1.1150233324839751,FALSE,FALSE
2006-05-10,circumpolar,8.938082172,-0.8097766123789967,0.8097766123789967,1.1150233324839751,FALSE,FALSE
2006-05-11,circumpolar,9.055327794,-0.80257229178968,0.80257229178968,1.1150233324839751,FALSE,FALSE
2006-05-12,circumpolar,9.147980402,-0.8198166230956279,0.8198166230956279,1.1150233324839751,FALSE,FALSE
2006-05-13,circumpolar,9.303144108,-0.7744123347585212,0.7744123347585212,1.1150233324839751,FALSE,FALSE
2006-05-14,circumpolar,9.371189306,-0.8159958732400234,0.8159958732400234,1.1150233324839751,FALSE,FALSE
2006-05-15,circumpolar,9.403168487,-0.8935215880018106,0.8935215880018106,1.1150233324839751,FALSE,FALSE
2006-05-16,circumpolar,9.583977432,-0.8221005385055644,0.8221005385055644,1.1150233324839751,FALSE,FALSE
2006-05-17,circumpolar,9.723950621,-0.7914050852129506,0.7914050852129506,1.1150233324839751,FALSE,FALSE
2006-05-18,circumpolar,9.870141631,-0.754388491585626,0.754388491585626,1.1150233324839751,FALSE,FALSE
2006-05-19,circumpolar,10.01789074,-0.7157173200852824,0.7157173200852824,1.1150233324839751,FALSE,FALSE
2006-05-20,circumpolar,10.12806713,-0.7145280961361156,0.7145280961361156,1.1150233324839751,FALSE,FALSE
2006-05-21,circumpolar,10.28546932,-0.6660073332712635,0.6660073332712635,1.1150233324839751,FALSE,FALSE
2006-05-22,circumpolar,10.42877468,-0.6314446307067456,0.6314446307067456,1.1150233324839751,FALSE,FALSE
2006-05-23,circumpolar,10.67073485,-0.4980547099233785,0.4980547099233785,1.1150233324839751,FALSE,FALSE
2006-05-24,circumpolar,10.8512823,-0.42587146240200013,0.42587146240200013,1.1150233324839751,FALSE,FALSE
2006-05-25,circumpolar,11.0479725,-0.3373057796234171,0.3373057796234171,1.1150233324839751,FALSE,FALSE
2006-05-26,circumpolar,11.2110895,-0.2820399730684624,0.2820399730684624,1.1150233324839751,FALSE,FALSE
2006-05-27,circumpolar,11.41388545,-0.18678825421796577,0.18678825421796577,1.1150233324839751,FALSE,FALSE
2006-05-28,circumpolar,11.51030037,-0.19757696455274856,0.19757696455274856,1.1150233324839751,FALSE,FALSE
2006-05-29,circumpolar,11.72908494,-0.08562178555362365,0.08562178555362365,1.1150233324839751,FALSE,FALSE
2006-05-30,circumpolar,11.89250587,-0.02862236870142354,0.02862236870142354,1.1150233324839751,FALSE,FALSE
2006-05-31,circumpolar,12.01542266,-0.01168557547698689,0.01168557547698689,1.1150233324839751,FALSE,FALSE
2006-06-01,circumpolar,12.13485897,0.00224589263889107,0.00224589263889107,1.1150233324839751,FALSE,FALSE
2006-06-02,circumpolar,12.23677547,-8.447678035867767e-4,8.447678035867767e-4,1.1150233324839751,FALSE,FALSE
2006-06-03,circumpolar,12.31876281,-0.02339367594907671,0.02339367594907671,1.1150233324839751,FALSE,FALSE
2006-06-04,circumpolar,12.39715536,-0.04910689615339692,0.04910689615339692,1.1150233324839751,FALSE,FALSE
2006-06-05,circumpolar,12.42148627,-0.1284917132784873,0.1284917132784873,1.1150233324839751,FALSE,FALSE
2006-06-06,circumpolar,12.51652013,-0.13682397218631692,0.13682397218631692,1.1150233324839751,FALSE,FALSE
2006-06-07,circumpolar,12.7307199,-0.02568114773885632,0.02568114773885632,1.1150233324839751,FALSE,FALSE
2006-06-08,circumpolar,12.87374457,0.01455531520192821,0.01455531520192821,1.1150233324839751,FALSE,FALSE
2006-06-09,circumpolar,13.03794077,0.07619161177407108,0.07619161177407108,1.1150233324839751,FALSE,FALSE
2006-06-10,circumpolar,13.18368564,0.11956444711559833,0.11956444711559833,1.1150233324839751,FALSE,FALSE
2006-06-11,circumpolar,13.36315352,0.19680772636456467,0.19680772636456467,1.1150233324839751,FALSE,FALSE
2006-06-12,circumpolar,13.50716157,0.23869817465898535,0.23869817465898535,1.1150233324839751,FALSE,FALSE
2006-06-13,circumpolar,13.63621749,0.26570305713689457,0.26570305713689457,1.1150233324839751,FALSE,FALSE
2006-06-14,circumpolar,13.7821522,0.3096146893567582,0.3096146893567582,1.1150233324839751,FALSE,FALSE
2006-06-15,circumpolar,13.79222936,0.2177388194010046,0.2177388194010046,1.1150233324839751,FALSE,FALSE
2006-06-16,circumpolar,13.87402823,0.1978074938439942,0.1978074938439942,1.1150233324839751,FALSE,FALSE
2006-06-17,circumpolar,13.91558145,0.1380141595546096,0.1380141595546096,1.1150233324839751,FALSE,FALSE
2006-06-18,circumpolar,13.97796161,0.09959221340171176,0.09959221340171176,1.1150233324839751,FALSE,FALSE
2006-06-19,circumpolar,14.03929627,0.06083002225418887,0.06083002225418887,1.1150233324839751,FALSE,FALSE
2006-06-20,circumpolar,14.11563963,0.03794259298090807,0.03794259298090807,1.1150233324839751,FALSE,FALSE
2006-06-21,circumpolar,14.17162849,-0.00427246754925647,0.00427246754925647,1.1150233324839751,FALSE,FALSE
2006-06-22,circumpolar,14.28186943,0.00895222753255531,0.00895222753255531,1.1150233324839751,FALSE,FALSE
2006-06-23,circumpolar,14.38056636,0.01198139509522988,0.01198139509522988,1.1150233324839751,FALSE,FALSE
2006-06-24,circumpolar,14.50404219,0.0412987520076431,0.0412987520076431,1.1150233324839751,FALSE,FALSE
2006-06-25,circumpolar,14.66462986,0.10939804513865248,0.10939804513865248,1.1150233324839751,FALSE,FALSE
2006-06-26,circumpolar,14.76949757,0.1236082813571482,0.1236082813571482,1.1150233324839751,FALSE,FALSE
2006-06-27,circumpolar,14.84513353,0.11055045284569154,0.11055045284569154,1.1150233324839751,FALSE,FALSE
2006-06-28,circumpolar,14.96488596,0.14349379309633117,0.14349379309633117,1.1150233324839751,FALSE,FALSE
2006-06-29,circumpolar,15.06134964,0.1548573301621481,0.1548573301621481,1.1150233324839751,FALSE,FALSE
2006-06-30,circumpolar,15.16530249,0.17524273457567396,0.17524273457567396,1.1150233324839751,FALSE,FALSE
2006-07-01,circumpolar,15.25712029,0.18484953686946604,0.18484953686946604,1.1150233324839751,FALSE,FALSE
2006-07-02,circumpolar,15.3063593,0.15305774757606727,0.15305774757606727,1.1150233324839751,FALSE,FALSE
2006-07-03,circumpolar,15.37825148,0.14492307722803766,0.14492307722803766,1.1150233324839751,FALSE,FALSE
2006-07-04,circumpolar,15.46235382,0.14982626635791796,0.14982626635791796,1.1150233324839751,FALSE,FALSE
2006-07-05,circumpolar,15.65856934,0.2674940854982548,0.2674940854982548,1.1150233324839751,FALSE,FALSE
2006-07-06,circumpolar,15.79157373,0.32242597518159677,0.32242597518159677,1.1150233324839751,FALSE,FALSE
2006-07-07,circumpolar,15.90143586,0.3545145559404972,0.3545145559404972,1.1150233324839751,FALSE,FALSE
2006-07-08,circumpolar,15.9825602,0.35798804830750086,0.35798804830750086,1.1150233324839751,FALSE,FALSE
2006-07-09,circumpolar,15.97745882,0.2751826858090425,0.2751826858090425,1.1150233324839751,FALSE,FALSE
2006-07-10,circumpolar,15.9970442,0.21691543737051155,0.21691543737051155,1.1150233324839751,FALSE,FALSE
2006-07-11,circumpolar,16.06584644,0.20779668200045975,0.20779668200045975,1.1150233324839751,FALSE,FALSE
2006-07-12,circumpolar,16.16756937,0.23163379211763235,0.23163379211763235,1.1150233324839751,FALSE,FALSE
2006-07-13,circumpolar,16.26244402,0.2487613401408595,0.2487613401408595,1.1150233324839751,FALSE,FALSE
2006-07-14,circumpolar,16.25507755,0.16389002848890755,0.16389002848890755,1.1150233324839751,FALSE,FALSE
2006-07-15,circumpolar,16.28063201,0.11228544958058606,0.11228544958058606,1.1150233324839751,FALSE,FALSE
2006-07-16,circumpolar,16.39948423,0.15442797583466472,0.15442797583466472,1.1150233324839751,FALSE,FALSE
2006-07-17,circumpolar,16.50955513,0.1883420696699396,0.1883420696699396,1.1150233324839751,FALSE,FALSE
2006-07-18,circumpolar,16.56082519,0.16411175350523166,0.16411175350523166,1.1150233324839751,FALSE,FALSE
2006-07-19,circumpolar,16.67129714,0.19984329975929427,0.19984329975929427,1.1150233324839751,FALSE,FALSE
2006-07-20,circumpolar,16.77835608,0.23302535085093368,0.23302535085093368,1.1150233324839751,FALSE,FALSE
2006-07-21,circumpolar,16.81970339,0.20146282919894176,0.20146282919894176,1.1150233324839751,FALSE,FALSE
2006-07-22,circumpolar,16.90822906,0.2181463852804839,0.2181463852804839,1.1150233324839751,FALSE,FALSE
2006-07-23,circumpolar,17.06789484,0.30709865215639454,0.30709865215639454,1.1150233324839751,FALSE,FALSE
2006-07-24,circumpolar,17.23731663,0.40696741755018095,0.40696741755018095,1.1150233324839751,FALSE,FALSE
2006-07-25,circumpolar,17.31466517,0.41595465145826793,0.41595465145826793,1.1150233324839751,FALSE,FALSE
2006-07-26,circumpolar,17.30514093,0.3392920538770916,0.3392920538770916,1.1150233324839751,FALSE,FALSE
2006-07-27,circumpolar,17.35461854,0.3228854848030771,0.3228854848030771,1.1150233324839751,FALSE,FALSE
2006-07-28,circumpolar,17.34990851,0.25357668423264457,0.25357668423264457,1.1150233324839751,FALSE,FALSE
2006-07-29,circumpolar,17.36959836,0.20998440216223813,0.20998440216223813,1.1150233324839751,FALSE,FALSE
2006-07-30,circumpolar,17.38198107,0.16043284858828244,0.16043284858828244,1.1150233324839751,FALSE,FALSE
2006-07-31,circumpolar,17.38097927,0.09887588350719412,0.09887588350719412,1.1150233324839751,FALSE,FALSE
2006-08-01,circumpolar,17.41111539,0.0698671669153903,0.0698671669153903,1.1150233324839751,FALSE,FALSE
2006-08-02,circumpolar,17.47090853,0.07195702880933297,0.07195702880933297,1.1150233324839751,FALSE,FALSE
2006-08-03,circumpolar,17.53178873,0.07660673862276468,0.07660673862276468,1.1150233324839751,FALSE,FALSE
2006-08-04,circumpolar,17.59858379,0.08866013593790001,0.08866013593790001,1.1150233324839751,FALSE,FALSE
2006-08-05,circumpolar,17.64206823,0.07885298467491353,0.07885298467491353,1.1150233324839751,FALSE,FALSE
2006-08-06,circumpolar,17.64959598,0.03448810701223692,0.03448810701223692,1.1150233324839751,FALSE,FALSE
2006-08-07,circumpolar,17.80592675,0.14027410512827743,0.14027410512827743,1.1150233324839751,FALSE,FALSE
2006-08-08,circumpolar,18.03699604,0.3220953712014314,0.3220953712014314,1.1150233324839751,FALSE,FALSE
2006-08-09,circumpolar,18.11289233,0.3499892774101312,0.3499892774101312,1.1150233324839751,FALSE,FALSE
2006-08-10,circumpolar,18.14060666,0.33089575593276166,0.33089575593276166,1.1150233324839751,FALSE,FALSE
2006-08-11,circumpolar,18.20016939,0.3447940589477483,0.3447940589477483,1.1150233324839751,FALSE,FALSE
2006-08-12,circumpolar,18.22551284,0.32556539863349343,0.32556539863349343,1.1150233324839751,FALSE,FALSE
2006-08-13,circumpolar,18.2754663,0.3319879571684261,0.3319879571684261,1.1150233324839751,FALSE,FALSE
2006-08-14,circumpolar,18.29200892,0.3059897767309394,0.3059897767309394,1.1150233324839751,FALSE,FALSE
2006-08-15,circumpolar,18.37133003,0.3437090794994404,0.3437090794994404,1.1150233324839751,FALSE,FALSE
2006-08-16,circumpolar,18.53849448,0.4701604862226496,0.4701604862226496,1.1150233324839751,FALSE,FALSE
2006-08-17,circumpolar,18.71279034,0.6046079508221638,0.6046079508221638,1.1150233324839751,FALSE,FALSE
2006-08-18,circumpolar,18.80514075,0.6579803858053772,0.6579803858053772,1.1150233324839751,FALSE,FALSE
2006-08-19,circumpolar,18.89113152,0.7058710116514355,0.7058710116514355,1.1150233324839751,FALSE,FALSE
2006-08-20,circumpolar,18.92147252,0.6989971088395173,0.6989971088395173,1.1150233324839751,FALSE,FALSE
2006-08-21,circumpolar,19.03569345,0.7768957878487903,0.7768957878487903,1.1150233324839751,FALSE,FALSE
2006-08-22,circumpolar,19.08609216,0.7918723091584141,0.7918723091584141,1.1150233324839751,FALSE,FALSE
2006-08-23,circumpolar,19.14861821,0.8198836432475431,0.8198836432475431,1.1150233324839751,FALSE,FALSE
2006-08-24,circumpolar,19.16879447,0.8064600705953495,0.8064600705953495,1.1150233324839751,FALSE,FALSE
2006-08-25,circumpolar,19.18103337,0.7860214316810001,0.7860214316810001,1.1150233324839751,FALSE,FALSE
2006-08-26,circumpolar,19.1628302,0.7360704269836411,0.7360704269836411,1.1150233324839751,FALSE,FALSE
2006-08-27,circumpolar,19.21834784,0.7607773469824508,0.7607773469824508,1.1150233324839751,FALSE,FALSE
2006-08-28,circumpolar,19.30391159,0.8164749021565925,0.8164749021565925,1.1150233324839751,FALSE,FALSE
2006-08-29,circumpolar,19.38581974,0.8694697025219931,0.8694697025219931,1.1150233324839751,FALSE,FALSE
2006-08-30,circumpolar,19.31679747,0.772500775982774,0.772500775982774,1.1150233324839751,FALSE,FALSE
2006-08-31,circumpolar,19.30649793,0.7352371974466259,0.7352371974466259,1.1150233324839751,FALSE,FALSE
2006-09-01,circumpolar,19.30108845,0.7038622255467715,0.7038622255467715,1.1150233324839751,FALSE,FALSE
2006-09-02,circumpolar,19.27174122,0.6495639789163832,0.6495639789163832,1.1150233324839751,FALSE,FALSE
2006-09-03,circumpolar,19.22520853,0.5791106761886802,0.5791106761886802,1.1150233324839751,FALSE,FALSE
2006-09-04,circumpolar,19.216002370000002,0.5470302359968571,0.5470302359968571,1.1150233324839751,FALSE,FALSE
2006-09-05,circumpolar,19.1942534,0.5034692469740811,0.5034692469740811,1.1150233324839751,FALSE,FALSE
2006-09-06,circumpolar,19.15686268,0.44534469775359753,0.44534469775359753,1.1150233324839751,FALSE,FALSE
2006-09-07,circumpolar,19.19447161,0.4633139169685627,0.4633139169685627,1.1150233324839751,FALSE,FALSE
2006-09-08,circumpolar,19.19940225,0.4497148932521853,0.4497148932521853,1.1150233324839751,FALSE,FALSE
2006-09-09,circumpolar,19.16184582,0.39475477523766855,0.39475477523766855,1.1150233324839751,FALSE,FALSE
2006-09-10,circumpolar,19.15081065,0.3674578454400717,0.3674578454400717,1.1150233324839751,FALSE,FALSE
2006-09-11,circumpolar,19.1417443,0.34328988351866485,0.34328988351866485,1.1150233324839751,FALSE,FALSE
2006-09-12,circumpolar,19.19414892,0.38177536177520466,0.38177536177520466,1.1150233324839751,FALSE,FALSE
2006-09-13,circumpolar,19.28562196,0.46053448448395073,0.46053448448395073,1.1150233324839751,FALSE,FALSE
2006-09-14,circumpolar,19.37327151,0.5366980959191316,0.5366980959191316,1.1150233324839751,FALSE,FALSE
2006-09-15,circumpolar,19.48752558,0.6407169603549789,0.6407169603549789,1.1150233324839751,FALSE,FALSE
2006-09-16,circumpolar,19.55250113,0.6967307920657504,0.6967307920657504,1.1150233324839751,FALSE,FALSE
2006-09-17,circumpolar,19.60339755,0.7399617353256893,0.7399617353256893,1.1150233324839751,FALSE,FALSE
2006-09-18,circumpolar,19.63556512,0.765782824409019,0.765782824409019,1.1150233324839751,FALSE,FALSE
2006-09-19,circumpolar,19.67995424,0.8051672135900034,0.8051672135900034,1.1150233324839751,FALSE,FALSE
2006-09-20,circumpolar,19.70489898,0.8264717271428523,0.8264717271428523,1.1150233324839751,FALSE,FALSE
2006-09-21,circumpolar,19.75566342,0.8749831993418375,0.8749831993418375,1.1150233324839751,FALSE,FALSE
2006-09-22,circumpolar,19.7341004,0.8525772244611929,0.8525772244611929,1.1150233324839751,FALSE,FALSE
2006-09-23,circumpolar,19.72652888,0.8455947360284597,0.8455947360284597,1.1150233324839751,FALSE,FALSE
2006-09-24,circumpolar,19.73008528,0.851185768799489,0.851185768799489,1.1150233324839751,FALSE,FALSE
2006-09-25,circumpolar,19.67693403,0.8015232969707071,0.8015232969707071,1.1150233324839751,FALSE,FALSE
2006-09-26,circumpolar,19.61980065,0.7493413135930318,0.7493413135930318,1.1150233324839751,FALSE,FALSE
2006-09-27,circumpolar,19.58338895,0.7193521017173516,0.7193521017173516,1.1150233324839751,FALSE,FALSE
2006-09-28,circumpolar,19.53232549,0.6761906943945704,0.6761906943945704,1.1150233324839751,FALSE,FALSE
2006-09-29,circumpolar,19.47789027,0.6311455646755597,0.6311455646755597,1.1150233324839751,FALSE,FALSE
2006-09-30,circumpolar,19.47637364,0.640515535611236,0.640515535611236,1.1150233324839751,FALSE,FALSE
2006-10-01,circumpolar,19.47817838,0.6547118602525046,0.6547118602525046,1.1150233324839751,FALSE,FALSE
2006-10-02,circumpolar,19.47329767,0.6637361916502478,0.6637361916502478,1.1150233324839751,FALSE,FALSE
2006-10-03,circumpolar,19.53551504,0.74138053285537,0.74138053285537,1.1150233324839751,FALSE,FALSE
2006-10-04,circumpolar,19.59927744,0.8221003069187702,0.8221003069187702,1.1150233324839751,FALSE,FALSE
2006-10-05,circumpolar,19.57323955,0.8145586696025262,0.8145586696025262,1.1150233324839751,FALSE,FALSE
2006-10-06,circumpolar,19.5533541,0.8147201062124729,0.8147201062124729,1.1150233324839751,FALSE,FALSE
2006-10-07,circumpolar,19.47684183,0.759826758993924,0.759826758993924,1.1150233324839751,FALSE,FALSE
2006-10-08,circumpolar,19.44041098,0.746610035080753,0.746610035080753,1.1150233324839751,FALSE,FALSE
2006-10-09,circumpolar,19.41430285,0.7453344016068506,0.7453344016068506,1.1150233324839751,FALSE,FALSE
2006-10-10,circumpolar,19.32349734,0.6810029257061174,0.6810029257061174,1.1150233324839751,FALSE,FALSE
2006-10-11,circumpolar,19.24869688,0.6343412045124204,0.6343412045124204,1.1150233324839751,FALSE,FALSE
2006-10-12,circumpolar,19.1703438,0.585814735159623,0.585814735159623,1.1150233324839751,FALSE,FALSE
2006-10-13,circumpolar,19.17847177,0.6254803547816579,0.6254803547816579,1.1150233324839751,FALSE,FALSE
2006-10-14,circumpolar,19.17639695,0.656677390512364,0.656677390512364,1.1150233324839751,FALSE,FALSE
2006-10-15,circumpolar,19.13921959,0.6545292594856562,0.6545292594856562,1.1150233324839751,FALSE,FALSE
2006-10-16,circumpolar,19.05444236,0.6065617988354042,0.6065617988354042,1.1150233324839751,FALSE,FALSE
2006-10-17,circumpolar,19.01557654,0.6063094556954916,0.6063094556954916,1.1150233324839751,FALSE,FALSE
2006-10-18,circumpolar,18.99511216,0.6262850542753533,0.6262850542753533,1.1150233324839751,FALSE,FALSE
2006-10-19,circumpolar,18.93429473,0.6077489779793694,0.6077489779793694,1.1150233324839751,FALSE,FALSE
2006-10-20,circumpolar,18.88296757,0.60055184780126325,0.60055184780126325,1.1150233324839751,FALSE,FALSE
2006-10-21,circumpolar,18.83577352,0.5993435015333368,0.5993435015333368,1.1150233324839751,FALSE,FALSE
2006-10-22,circumpolar,18.80243004,0.6138483969678887,0.6138483969678887,1.1150233324839751,FALSE,FALSE
2006-10-23,circumpolar,18.74733641,0.6084728118972187,0.6084728118972187,1.1150233324839751,FALSE,FALSE
2006-10-24,circumpolar,18.72059637,0.63332748411365,0.63332748411365,1.1150233324839751,FALSE,FALSE
2006-10-25,circumpolar,18.67438027,0.6405897614094691,0.6405897614094691,1.1150233324839751,FALSE,FALSE
2006-10-26,circumpolar,18.57057409,0.5921526215769823,0.5921526215769823,1.1150233324839751,FALSE,FALSE
2006-10-27,circumpolar,18.51707155,0.5959167824085085,0.5959167824085085,1.1150233324839751,FALSE,FALSE
2006-10-28,circumpolar,18.42519934,0.5632159316963339,0.5632159316963339,1.1150233324839751,FALSE,FALSE
2006-10-29,circumpolar,18.33819467,0.5372942772327676,0.5372942772327676,1.1150233324839751,FALSE,FALSE
2006-10-30,circumpolar,18.28162492,0.5437261968101197,0.5437261968101197,1.1150233324839751,FALSE,FALSE
2006-10-31,circumpolar,18.27719281,0.6042440664965305,0.6042440664965305,1.1150233324839751,FALSE,FALSE
2006-11-01,circumpolar,18.2745256,0.6686163313138991,0.6686163313138991,1.1150233324839751,FALSE,FALSE
2006-11-02,circumpolar,18.19630989,0.6597050336448191,0.6597050336448191,1.1150233324839751,FALSE,FALSE
2006-11-03,circumpolar,18.11378191,0.64892185508117,0.64892185508117,1.1150233324839751,FALSE,FALSE
2006-11-04,circumpolar,17.95022395,0.5597245372148336,0.5597245372148336,1.1150233324839751,FALSE,FALSE
2006-11-05,circumpolar,17.86381861,0.5504711316376785,0.5504711316376785,1.1150233324839751,FALSE,FALSE
2006-11-06,circumpolar,17.72211856,0.4888897599415856,0.4888897599415856,1.1150233324839751,FALSE,FALSE
2006-11-07,circumpolar,17.6221471,0.4721791737184269,0.4721791737184269,1.1150233324839751,FALSE,FALSE
2006-11-08,circumpolar,17.54877531,0.48538590456009345,0.48538590456009345,1.1150233324839751,FALSE,FALSE
2006-11-09,circumpolar,17.52273474,0.5494169540584402,0.5494169540584402,1.1150233324839751,FALSE,FALSE
2006-11-10,circumpolar,17.40895089,0.5293732738053656,0.5293732738053656,1.1150233324839751,FALSE,FALSE
2006-11-11,circumpolar,17.25204467,0.4700512253927336,0.4700512253927336,1.1150233324839751,FALSE,FALSE
2006-11-12,circumpolar,17.13337813,0.4529870086367111,0.4529870086367111,1.1150233324839751,FALSE,FALSE
2006-11-13,circumpolar,17.07560446,0.5009359504223028,0.5009359504223028,1.1150233324839751,FALSE,FALSE
2006-11-14,circumpolar,16.96823997,0.50340824717264,0.50340824717264,1.1150233324839751,FALSE,FALSE
2006-11-15,circumpolar,16.84638788,0.495492076431173,0.495492076431173,1.1150233324839751,FALSE,FALSE
2006-11-16,circumpolar,16.74208025,0.5092044557413544,0.5092044557413544,1.1150233324839751,FALSE,FALSE
2006-11-17,circumpolar,16.65823277,0.5474460326466328,0.5474460326466328,1.1150233324839751,FALSE,FALSE
2006-11-18,circumpolar,16.53321659,0.5485729146904461,0.5485729146904461,1.1150233324839751,FALSE,FALSE
2006-11-19,circumpolar,16.42691308,0.5724514294162599,0.5724514294162599,1.1150233324839751,FALSE,FALSE
2006-11-20,circumpolar,16.2313864,0.5111306943675284,0.5111306943675284,1.1150233324839751,FALSE,FALSE
2006-11-21,circumpolar,16.06986766,0.4878267770876832,0.4878267770876832,1.1150233324839751,FALSE,FALSE
2006-11-22,circumpolar,15.86245839,0.4226261651201923,0.4226261651201923,1.1150233324839751,FALSE,FALSE
2006-11-23,circumpolar,15.67874554,0.3851007660084882,0.3851007660084882,1.1150233324839751,FALSE,FALSE
2006-11-24,circumpolar,15.53411275,0.39061917729603834,0.39061917729603834,1.1150233324839751,FALSE,FALSE
2006-11-25,circumpolar,15.34375347,0.3543673137201946,0.3543673137201946,1.1150233324839751,FALSE,FALSE
2006-11-26,circumpolar,15.07022504,0.23895847460669903,0.23895847460669903,1.1150233324839751,FALSE,FALSE
2006-11-27,circumpolar,14.81607306,0.14702614600639308,0.14702614600639308,1.1150233324839751,FALSE,FALSE
2006-11-28,circumpolar,14.60242681,0.09978773579655886,0.09978773579655886,1.1150233324839751,FALSE,FALSE
2006-11-29,circumpolar,14.40728442,0.07532950185445131,0.07532950185445131,1.1150233324839751,FALSE,FALSE
2006-11-30,circumpolar,14.21316174,0.05625542205734035,0.05625542205734035,1.1150233324839751,FALSE,FALSE
2006-12-01,circumpolar,13.9057008,-0.07170434571751372,0.07170434571751372,1.1150233324839751,FALSE,FALSE
2006-12-02,circumpolar,13.7463747,-0.04698857359284147,0.04698857359284147,1.1150233324839751,FALSE,FALSE
2006-12-03,circumpolar,13.46168729,-0.1430052836913891,0.1430052836913891,1.1150233324839751,FALSE,FALSE
2006-12-04,circumpolar,13.17794293,-0.23336198813588105,0.23336198813588105,1.1150233324839751,FALSE,FALSE
2006-12-05,circumpolar,12.9123717,-0.3007404790490611,0.3007404790490611,1.1150233324839751,FALSE,FALSE
2006-12-06,circumpolar,12.6919872,-0.31803902855366317,0.31803902855366317,1.1150233324839751,FALSE,FALSE
2006-12-07,circumpolar,12.46239883,-0.3395606030930054,0.3395606030930054,1.1150233324839751,FALSE,FALSE
2006-12-08,circumpolar,12.19392675,-0.39505086203859285,0.39505086203859285,1.1150233324839751,FALSE,FALSE
2006-12-09,circumpolar,11.88718586,-0.4843307968800694,0.4843307968800694,1.1150233324839751,FALSE,FALSE
2006-12-10,circumpolar,11.5791869,-0.5708802270093365,0.5708802270093365,1.1150233324839751,FALSE,FALSE
2006-12-11,circumpolar,11.27004359,-0.6550759918182916,0.6550759918182916,1.1150233324839751,FALSE,FALSE
2006-12-12,circumpolar,10.99639613,-0.7007684506988419,0.7007684506988419,1.1150233324839751,FALSE,FALSE
2006-12-13,circumpolar,10.81502849,-0.651664193042885,0.651664193042885,1.1150233324839751,FALSE,FALSE
2006-12-14,circumpolar,10.54399256,-0.6902018882423206,0.6902018882423206,1.1150233324839751,FALSE,FALSE
2006-12-15,circumpolar,10.37208156,-0.6280788756890505,0.6280788756890505,1.1150233324839751,FALSE,FALSE
2006-12-16,circumpolar,10.12580964,-0.6392715647749618,0.6392715647749618,1.1150233324839751,FALSE,FALSE
2006-12-17,circumpolar,9.855313698,-0.6741336168919716,0.6741336168919716,1.1150233324839751,FALSE,FALSE
2006-12-18,circumpolar,9.549504097,-0.7442452284319767,0.7442452284319767,1.1150233324839751,FALSE,FALSE
2006-12-19,circumpolar,9.285546299,-0.7729314967868728,0.7729314967868728,1.1150233324839751,FALSE,FALSE
2006-12-20,circumpolar,9.080471349,-0.7436503533075669,0.7436503533075669,1.1150233324839751,FALSE,FALSE
2006-12-21,circumpolar,8.85765566,-0.7334893304153844,0.7334893304153844,1.1150233324839751,FALSE,FALSE
2006-12-22,circumpolar,8.719435327,-0.6405562983180726,0.6405562983180726,1.1150233324839751,FALSE,FALSE
2006-12-23,circumpolar,8.552599778,-0.5785052374363051,0.5785052374363051,1.1150233324839751,FALSE,FALSE
2006-12-24,circumpolar,8.453537743,-0.45139082619077975,0.45139082619077975,1.1150233324839751,FALSE,FALSE
2006-12-25,circumpolar,8.319460411,-0.3624452840021597,0.3624452840021597,1.1150233324839751,FALSE,FALSE
2006-12-26,circumpolar,8.143690026,-0.31878977529115105,0.31878977529115105,1.1150233324839751,FALSE,FALSE
2006-12-27,circumpolar,7.930455508,-0.31663878847840365,0.31663878847840365,1.1150233324839751,FALSE,FALSE
2006-12-28,circumpolar,7.698711881,-0.33748070798462937,0.33748070798462937,1.1150233324839751,FALSE,FALSE
2006-12-29,circumpolar,7.506062484,-0.32415560323048087,0.32415560323048087,1.1150233324839751,FALSE,FALSE
2006-12-30,circumpolar,7.32631077,-0.3033034296366628,0.3033034296366628,1.1150233324839751,FALSE,FALSE
2006-12-31,circumpolar,7.132330803,-0.3024935316238597,0.3024935316238597,1.1150233324839751,FALSE,FALSE
2007-01-01,circumpolar,6.979275459,-0.26701644161273297,0.26701644161273297,1.1150233324839751,FALSE,FALSE
2007-01-02,circumpolar,6.789596658,-0.2747462245692711,0.2747462245692711,1.1150233324839751,FALSE,FALSE
2007-01-03,circumpolar,6.677633837,-0.21119973464061204,0.21119973464061204,1.1150233324839751,FALSE,FALSE
2007-01-04,circumpolar,6.560043523,-0.15945931251918033,0.15945931251918033,1.1150233324839751,FALSE,FALSE
2007-01-05,circumpolar,6.450580217,-0.10550932489738683,0.10550932489738683,1.1150233324839751,FALSE,FALSE
2007-01-06,circumpolar,6.221827966,-0.1765045924676807,0.1765045924676807,1.1150233324839751,FALSE,FALSE
2007-01-07,circumpolar,6.043596396,-0.2023743569224905,0.2023743569224905,1.1150233324839751,FALSE,FALSE
2007-01-08,circumpolar,5.92758584,-0.17115715295422884,0.17115715295422884,1.1150233324839751,FALSE,FALSE
2007-01-09,circumpolar,5.843811701,-0.11257644525533994,0.11257644525533994,1.1150233324839751,FALSE,FALSE
2007-01-10,circumpolar,5.684592912,-0.13405216851823365,0.13405216851823365,1.1150233324839751,FALSE,FALSE
2007-01-11,circumpolar,5.517116559,-0.1681361044353595,0.1681361044353595,1.1150233324839751,FALSE,FALSE
2007-01-12,circumpolar,5.384261212,-0.17168855069913036,0.17168855069913036,1.1150233324839751,FALSE,FALSE
2007-01-13,circumpolar,5.266864048,-0.16361119800197965,0.16361119800197965,1.1150233324839751,FALSE,FALSE
2007-01-14,circumpolar,5.128689946,-0.17988126102708613,0.17988126102708613,1.1150233324839751,FALSE,FALSE
2007-01-15,circumpolar,4.983223699,-0.20687180461314017,0.20687180461314017,1.1150233324839751,FALSE,FALSE
2007-01-16,circumpolar,4.863409674,-0.2116413472989347,0.2116413472989347,1.1150233324839751,FALSE,FALSE
2007-01-17,circumpolar,4.711437351,-0.25201246666758337,0.25201246666758337,1.1150233324839751,FALSE,FALSE
2007-01-18,circumpolar,4.585186059,-0.27011789130219555,0.27011789130219555,1.1150233324839751,FALSE,FALSE
2007-01-19,circumpolar,4.470621387,-0.28000408978588265,0.28000408978588265,1.1150233324839751,FALSE,FALSE
2007-01-20,circumpolar,4.385456818,-0.2639696367017548,0.2639696367017548,1.1150233324839751,FALSE,FALSE
2007-01-21,circumpolar,4.285083274,-0.2666356676329267,0.2666356676329267,1.1150233324839751,FALSE,FALSE
2007-01-22,circumpolar,4.191319158,-0.26619583716250705,0.26619583716250705,1.1150233324839751,FALSE,FALSE
2007-01-23,circumpolar,4.094600535,-0.2722261378736057,0.2722261378736057,1.1150233324839751,FALSE,FALSE
2007-01-24,circumpolar,3.99336454,-0.28630149234934077,0.28630149234934077,1.1150233324839751,FALSE,FALSE
2007-01-25,circumpolar,3.912239204,-0.28380592717281905,0.28380592717281905,1.1150233324839751,FALSE,FALSE
2007-01-26,circumpolar,3.870272312,-0.2457037149271475,0.2457037149271475,1.1150233324839751,FALSE,FALSE
2007-01-27,circumpolar,3.833735609,-0.20572369634189025,0.20572369634189025,1.1150233324839751,FALSE,FALSE
2007-01-28,circumpolar,3.759973702,-0.2064441919053146,0.2064441919053146,1.1150233324839751,FALSE,FALSE
2007-01-29,circumpolar,3.642684335,-0.2540581835862059,0.2540581835862059,1.1150233324839751,FALSE,FALSE
2007-01-30,circumpolar,3.596663508,-0.23366029362204577,0.23366029362204577,1.1150233324839751,FALSE,FALSE
2007-01-31,circumpolar,3.581622795,-0.1854295702502924,0.1854295702502924,1.1150233324839751,FALSE,FALSE
2007-02-01,circumpolar,3.528197032,-0.1786217997084294,0.1786217997084294,1.1150233324839751,FALSE,FALSE
2007-02-02,circumpolar,3.48072502,-0.16878880323392575,0.16878880323392575,1.1150233324839751,FALSE,FALSE
2007-02-03,circumpolar,3.429413773,-0.16561418906424752,0.16561418906424752,1.1150233324839751,FALSE,FALSE
2007-02-04,circumpolar,3.399246236,-0.14400563443687364,0.14400563443687364,1.1150233324839751,FALSE,FALSE
2007-02-05,circumpolar,3.355069456,-0.13900671458928038,0.13900671458928038,1.1150233324839751,FALSE,FALSE
2007-02-06,circumpolar,3.318508964,-0.12888252075893236,0.12888252075893236,1.1150233324839751,FALSE,FALSE
2007-02-07,circumpolar,3.256422969,-0.14666546618330267,0.14666546618330267,1.1150233324839751,FALSE,FALSE
2007-02-08,circumpolar,3.20284447,-0.15821401491680964,0.15821401491680964,1.1150233324839751,FALSE,FALSE
2007-02-09,circumpolar,3.164589894,-0.15671421046103218,0.15671421046103218,1.1150233324839751,FALSE,FALSE
2007-02-10,circumpolar,3.147147685,-0.13690084646897516,0.13690084646897516,1.1150233324839751,FALSE,FALSE
2007-02-11,circumpolar,3.125303093,-0.12423801268923108,0.12423801268923108,1.1150233324839751,FALSE,FALSE
2007-02-12,circumpolar,3.119042251,-0.0989889158704087,0.0989889158704087,1.1150233324839751,FALSE,FALSE
2007-02-13,circumpolar,3.102049879,-0.08771817576111829,0.08771817576111829,1.1150233324839751,FALSE,FALSE
2007-02-14,circumpolar,3.051312415,-0.11368869410995242,0.11368869410995242,1.1150233324839751,FALSE,FALSE
2007-02-15,circumpolar,3.026543476,-0.11743619366552238,0.11743619366552238,1.1150233324839751,FALSE,FALSE
2007-02-16,circumpolar,3.019195414,-0.10775766217643357,0.10775766217643357,1.1150233324839751,FALSE,FALSE
2007-02-17,circumpolar,3.051124902,-0.06304576639127824,0.06304576639127824,1.1150233324839751,FALSE,FALSE
2007-02-18,circumpolar,3.034184412,-0.07169737405867238,0.07169737405867238,1.1150233324839751,FALSE,FALSE
2007-02-19,circumpolar,3.042204331,-0.06013143792721909,0.06013143792721909,1.1150233324839751,FALSE,FALSE
2007-02-20,circumpolar,3.051367574,-0.0524143827455128,0.0524143827455128,1.1150233324839751,FALSE,FALSE
2007-02-21,circumpolar,3.025238481,-0.08520907448380921,0.08520907448380921,1.1150233324839751,FALSE,FALSE
2007-02-22,circumpolar,3.025988032,-0.09630339730255022,0.09630339730255022,1.1150233324839751,FALSE,FALSE
2007-02-23,circumpolar,3.109014146,-0.03007978368028352,0.03007978368028352,1.1150233324839751,FALSE,FALSE
2007-02-24,circumpolar,3.192255528,0.03162334687314061,0.03162334687314061,1.1150233324839751,FALSE,FALSE
2007-02-25,circumpolar,3.231079147,0.04439583884788556,0.04439583884788556,1.1150233324839751,FALSE,FALSE
2007-02-26,circumpolar,3.302747715,0.08572327973410232,0.08572327973410232,1.1150233324839751,FALSE,FALSE
2007-02-27,circumpolar,3.385392647,0.13395996002195032,0.13395996002195032,1.1150233324839751,FALSE,FALSE
2007-02-28,circumpolar,3.482200643,0.19251545520158464,0.19251545520158464,1.1150233324839751,FALSE,FALSE
2007-03-01,circumpolar,3.503707498,0.1721484357631633,0.1721484357631633,1.1150233324839751,FALSE,FALSE
2007-03-02,circumpolar,3.523192713,0.1463612781968382,0.1463612781968382,1.1150233324839751,FALSE,FALSE
2007-03-03,circumpolar,3.625287451,0.20000802099277593,0.20000802099277593,1.1150233324839751,FALSE,FALSE
2007-03-04,circumpolar,3.674675878,0.19799570564112523,0.19799570564112523,1.1150233324839751,FALSE,FALSE
2007-03-05,circumpolar,3.64328463,0.11247383734550054,0.11247383734550054,1.1150233324839751,FALSE,FALSE
2007-03-06,circumpolar,3.629668728,0.04219692115532014,0.04219692115532014,1.1150233324839751,FALSE,FALSE
2007-03-07,circumpolar,3.681181671,0.03464180694082142,0.03464180694082142,1.1150233324839751,FALSE,FALSE
2007-03-08,circumpolar,3.723387678,0.01548059731897311,0.01548059731897311,1.1150233324839751,FALSE,FALSE
2007-03-09,circumpolar,3.807920703,0.03645512990673971,0.03645512990673971,1.1150233324839751,FALSE,FALSE
2007-03-10,circumpolar,3.874742865,0.03763540732109138,0.03763540732109138,1.1150233324839751,FALSE,FALSE
2007-03-11,circumpolar,3.947360484,0.04263563317899965,0.04263563317899965,1.1150233324839751,FALSE,FALSE
2007-03-12,circumpolar,3.981734974,0.00752510509742743,0.00752510509742743,1.1150233324839751,FALSE,FALSE
2007-03-13,circumpolar,4.011214599,-0.03424002930665715,0.03424002930665715,1.1150233324839751,FALSE,FALSE
2007-03-14,circumpolar,4.054945395,-0.06340585041628266,0.06340585041628266,1.1150233324839751,FALSE,FALSE
2007-03-15,circumpolar,4.056474901,-0.13631693561448355,0.13631693561448355,1.1150233324839751,FALSE,FALSE
2007-03-16,circumpolar,4.115836282,-0.15283223628429354,0.15283223628429354,1.1150233324839751,FALSE,FALSE
2007-03-17,circumpolar,4.208411413,-0.13746199380873847,0.13746199380873847,1.1150233324839751,FALSE,FALSE
2007-03-18,circumpolar,4.288406897,-0.13589301258140463,0.13589301258140463,1.1150233324839751,FALSE,FALSE
2007-03-19,circumpolar,4.312625556,-0.1912481207961312,0.1912481207961312,1.1150233324839751,FALSE,FALSE
2007-03-20,circumpolar,4.357546568,-0.22700751688586696,0.22700751688586696,1.1150233324839751,FALSE,FALSE
2007-03-21,circumpolar,4.379721551,-0.2865805471701064,0.2865805471701064,1.1150233324839751,FALSE,FALSE
2007-03-22,circumpolar,4.423307659,-0.32577102196831564,0.32577102196831564,1.1150233324839751,FALSE,FALSE
2007-03-23,circumpolar,4.50158444,-0.33126035759997663,0.33126035759997663,1.1150233324839751,FALSE,FALSE
2007-03-24,circumpolar,4.564421042,-0.3531403703845708,0.3531403703845708,1.1150233324839751,FALSE,FALSE
2007-03-25,circumpolar,4.647190692,-0.35599879764157016,0.35599879764157016,1.1150233324839751,FALSE,FALSE
2007-03-26,circumpolar,4.745860626,-0.3438293676904607,0.3438293676904607,1.1150233324839751,FALSE,FALSE
2007-03-27,circumpolar,4.797317892,-0.3797059968507135,0.3797059968507135,1.1150233324839751,FALSE,FALSE
2007-03-28,circumpolar,4.872156456,-0.392995683441808,0.392995683441808,1.1150233324839751,FALSE,FALSE
2007-03-29,circumpolar,4.950753258,-0.4032824517832294,0.4032824517832294,1.1150233324839751,FALSE,FALSE
2007-03-30,circumpolar,5.088216122,-0.35541944219444677,0.35541944219444677,1.1150233324839751,FALSE,FALSE
2007-03-31,circumpolar,5.174936373,-0.35898614757743097,0.35898614757743097,1.1150233324839751,FALSE,FALSE
2007-04-01,circumpolar,5.23782726,-0.38709399684342216,0.38709399684342216,1.1150233324839751,FALSE,FALSE
2007-04-02,circumpolar,5.309443065,-0.4072316959858302,0.4072316959858302,1.1150233324839751,FALSE,FALSE
2007-04-03,circumpolar,5.378036879,-0.4311891571349946,0.4311891571349946,1.1150233324839751,FALSE,FALSE
2007-04-04,circumpolar,5.43561762,-0.46700046542124696,0.46700046542124696,1.1150233324839751,FALSE,FALSE
2007-04-05,circumpolar,5.489749756,-0.5071441559749292,0.5071441559749292,1.1150233324839751,FALSE,FALSE
2007-04-06,circumpolar,5.640971288,-0.451125230926368,0.451125230926368,1.1150233324839751,FALSE,FALSE
2007-04-07,circumpolar,5.664435517,-0.5238333924059138,0.5238333924059138,1.1150233324839751,FALSE,FALSE
2007-04-08,circumpolar,5.871502159,-0.4139519275438958,0.4139519275438958,1.1150233324839751,FALSE,FALSE
2007-04-09,circumpolar,6.056129148,-0.32756590547065745,0.32756590547065745,1.1150233324839751,FALSE,FALSE
2007-04-10,circumpolar,6.184149393,-0.29888542031652854,0.29888542031652854,1.1150233324839751,FALSE,FALSE
2007-04-11,circumpolar,6.262007263,-0.32150910621185425,0.32150910621185425,1.1150233324839751,FALSE,FALSE
2007-04-12,circumpolar,6.349252991,-0.3359291067196173,0.3359291067196173,1.1150233324839751,FALSE,FALSE
2007-04-13,circumpolar,6.432582881,-0.35544683880147687,0.35544683880147687,1.1150233324839751,FALSE,FALSE
2007-04-14,circumpolar,6.462506114,-0.42947722806086297,0.42947722806086297,1.1150233324839751,FALSE,FALSE
2007-04-15,circumpolar,6.53094285,-0.46601734519062,0.46601734519062,1.1150233324839751,FALSE,FALSE
2007-04-16,circumpolar,6.664266753,-0.43861075688356177,0.43861075688356177,1.1150233324839751,FALSE,FALSE
2007-04-17,circumpolar,6.807010261,-0.4026422558325322,0.4026422558325322,1.1150233324839751,FALSE,FALSE
2007-04-18,circumpolar,6.965593533,-0.3516089137303675,0.3516089137303675,1.1150233324839751,FALSE,FALSE
2007-04-19,circumpolar,7.084346258,-0.34109827226990674,0.34109827226990674,1.1150233324839751,FALSE,FALSE
2007-04-20,circumpolar,7.226981212,-0.3073147861439631,0.3073147861439631,1.1150233324839751,FALSE,FALSE
2007-04-21,circumpolar,7.366010115,-0.27766396604539345,0.27766396604539345,1.1150233324839751,FALSE,FALSE
2007-04-22,circumpolar,7.457893522,-0.29560248766702113,0.29560248766702113,1.1150233324839751,FALSE,FALSE
2007-04-23,circumpolar,7.55016424,-0.3135147747016749,0.3135147747016749,1.1150233324839751,FALSE,FALSE
2007-04-24,circumpolar,7.670811245,-0.30332908184220386,0.30332908184220386,1.1150233324839751,FALSE,FALSE
2007-04-25,circumpolar,7.780094285,-0.30470639335786576,0.30470639335786576,1.1150233324839751,FALSE,FALSE
2007-04-26,circumpolar,7.880069134,-0.3155449236087433,0.3155449236087433,1.1150233324839751,FALSE,FALSE
2007-04-27,circumpolar,7.962272494,-0.3442803364652205,0.3442803364652205,1.1150233324839751,FALSE,FALSE
2007-04-28,circumpolar,8.088351282,-0.32923827438442466,0.32923827438442466,1.1150233324839751,FALSE,FALSE
2007-04-29,circumpolar,8.189369483,-0.33932731182350473,0.33932731182350473,1.1150233324839751,FALSE,FALSE
2007-04-30,circumpolar,8.212264159,-0.4275829462396068,0.4275829462396068,1.1150233324839751,FALSE,FALSE
2007-05-01,circumpolar,8.312982922,-0.4380301250898704,0.4380301250898704,1.1150233324839751,FALSE,FALSE
2007-05-02,circumpolar,8.352334037,-0.5098331428314449,0.5098331428314449,1.1150233324839751,FALSE,FALSE
2007-05-03,circumpolar,8.399704563,-0.5735774999214573,0.5735774999214573,1.1150233324839751,FALSE,FALSE
2007-05-04,circumpolar,8.482202017,-0.6021282388170626,0.6021282388170626,1.1150233324839751,FALSE,FALSE
2007-05-05,circumpolar,8.57507472,-0.620209597975407,0.620209597975407,1.1150233324839751,FALSE,FALSE
2007-05-06,circumpolar,8.674929442,-0.6311873668536183,0.6311873668536183,1.1150233324839751,FALSE,FALSE
2007-05-07,circumpolar,8.843460356,-0.5733399469018448,0.5733399469018448,1.1150233324839751,FALSE,FALSE
2007-05-08,circumpolar,9.003605558,-0.5237101753967508,0.5237101753967508,1.1150233324839751,FALSE,FALSE
2007-05-09,circumpolar,9.096333678,-0.5413326024019138,0.5413326024019138,1.1150233324839751,FALSE,FALSE
2007-05-10,circumpolar,9.210272826,-0.5375859583789957,0.5375859583789957,1.1150233324839751,FALSE,FALSE
2007-05-11,circumpolar,9.345774395,-0.5121256907896807,0.5121256907896807,1.1150233324839751,FALSE,FALSE
2007-05-12,circumpolar,9.463517784,-0.5042792410956274,0.5042792410956274,1.1150233324839751,FALSE,FALSE
2007-05-13,circumpolar,9.580261037,-0.49729540575852127,0.49729540575852127,1.1150233324839751,FALSE,FALSE
2007-05-14,circumpolar,9.713309027,-0.4738761522400239,0.4738761522400239,1.1150233324839751,FALSE,FALSE
2007-05-15,circumpolar,9.816129722,-0.48056035300181144,0.48056035300181144,1.1150233324839751,FALSE,FALSE
2007-05-16,circumpolar,9.952018359,-0.4540596115055635,0.4540596115055635,1.1150233324839751,FALSE,FALSE
2007-05-17,circumpolar,10.05368721,-0.46166849621295114,0.46166849621295114,1.1150233324839751,FALSE,FALSE
2007-05-18,circumpolar,10.12546011,-0.49907001258562467,0.49907001258562467,1.1150233324839751,FALSE,FALSE
2007-05-19,circumpolar,10.24601409,-0.4875939700852836,0.4875939700852836,1.1150233324839751,FALSE,FALSE
2007-05-20,circumpolar,10.42289414,-0.419701086136115,0.419701086136115,1.1150233324839751,FALSE,FALSE
2007-05-21,circumpolar,10.5776554,-0.3738212532712648,0.3738212532712648,1.1150233324839751,FALSE,FALSE
2007-05-22,circumpolar,10.77203354,-0.288185770706745,0.288185770706745,1.1150233324839751,FALSE,FALSE
2007-05-23,circumpolar,10.89878758,-0.2700019799233786,0.2700019799233786,1.1150233324839751,FALSE,FALSE
2007-05-24,circumpolar,10.98209317,-0.2950605924019989,0.2950605924019989,1.1150233324839751,FALSE,FALSE
2007-05-25,circumpolar,11.05788681,-0.3273914696234179,0.3273914696234179,1.1150233324839751,FALSE,FALSE
2007-05-26,circumpolar,11.18112088,-0.3120085930684624,0.3120085930684624,1.1150233324839751,FALSE,FALSE
2007-05-27,circumpolar,11.33373319,-0.26694051421796594,0.26694051421796594,1.1150233324839751,FALSE,FALSE
2007-05-28,circumpolar,11.48662637,-0.22125096455274829,0.22125096455274829,1.1150233324839751,FALSE,FALSE
2007-05-29,circumpolar,11.64578026,-0.16892646555362312,0.16892646555362312,1.1150233324839751,FALSE,FALSE
2007-05-30,circumpolar,11.85280458,-0.06832365870142354,0.06832365870142354,1.1150233324839751,FALSE,FALSE
2007-05-31,circumpolar,12.00377588,-0.02333235547698819,0.02333235547698819,1.1150233324839751,FALSE,FALSE
2007-06-01,circumpolar,12.1258712,-0.00674187736110809,0.00674187736110809,1.1150233324839751,FALSE,FALSE
2007-06-02,circumpolar,12.22688108,-0.01073915780358625,0.01073915780358625,1.1150233324839751,FALSE,FALSE
2007-06-03,circumpolar,12.31989587,-0.02226061594907769,0.02226061594907769,1.1150233324839751,FALSE,FALSE
2007-06-04,circumpolar,12.36889417,-0.07736808615339541,0.07736808615339541,1.1150233324839751,FALSE,FALSE
2007-06-05,circumpolar,12.48013407,-0.06984391327848805,0.06984391327848805,1.1150233324839751,FALSE,FALSE
2007-06-06,circumpolar,12.56275268,-0.09059142218631776,0.09059142218631776,1.1150233324839751,FALSE,FALSE
2007-06-07,circumpolar,12.6656275,-0.09077354773885736,0.09077354773885736,1.1150233324839751,FALSE,FALSE
2007-06-08,circumpolar,12.76768927,-0.09149998479807132,0.09149998479807132,1.1150233324839751,FALSE,FALSE
2007-06-09,circumpolar,12.92773679,-0.03401236822592857,0.03401236822592857,1.1150233324839751,FALSE,FALSE
2007-06-10,circumpolar,13.09430229,0.03018109711559802,0.03018109711559802,1.1150233324839751,FALSE,FALSE
2007-06-11,circumpolar,13.24618794,0.07984214636456599,0.07984214636456599,1.1150233324839751,FALSE,FALSE
2007-06-12,circumpolar,13.29148799,0.02302459465898643,0.02302459465898643,1.1150233324839751,FALSE,FALSE
2007-06-13,circumpolar,13.37244494,0.00193050713689402,0.00193050713689402,1.1150233324839751,FALSE,FALSE
2007-06-14,circumpolar,13.46452366,-0.008013850643243,0.008013850643243,1.1150233324839751,FALSE,FALSE
2007-06-15,circumpolar,13.57470457,2.1402940100401224e-4,2.1402940100401224e-4,1.1150233324839751,FALSE,FALSE
2007-06-16,circumpolar,13.71481039,0.03858965384399404,0.03858965384399404,1.1150233324839751,FALSE,FALSE
2007-06-17,circumpolar,13.89867379,0.12110649955461028,0.12110649955461028,1.1150233324839751,FALSE,FALSE
2007-06-18,circumpolar,14.01011085,0.1317414534017125,0.1317414534017125,1.1150233324839751,FALSE,FALSE
2007-06-19,circumpolar,14.11943252,0.14096627225418956,0.14096627225418956,1.1150233324839751,FALSE,FALSE
2007-06-20,circumpolar,14.26036531,0.1826682729809068,0.1826682729809068,1.1150233324839751,FALSE,FALSE
2007-06-21,circumpolar,14.37482438,0.19892342245074343,0.19892342245074343,1.1150233324839751,FALSE,FALSE
2007-06-22,circumpolar,14.50889636,0.2359791575325545,0.2359791575325545,1.1150233324839751,FALSE,FALSE
2007-06-23,circumpolar,14.57430219,0.2057172250952295,0.2057172250952295,1.1150233324839751,FALSE,FALSE
2007-06-24,circumpolar,14.54378217,0.08103873200764333,0.08103873200764333,1.1150233324839751,FALSE,FALSE
2007-06-25,circumpolar,14.59824475,0.0430129351386519,0.0430129351386519,1.1150233324839751,FALSE,FALSE
2007-06-26,circumpolar,14.68538152,0.03949223135714774,0.03949223135714774,1.1150233324839751,FALSE,FALSE
2007-06-27,circumpolar,14.74066411,0.00608103284569239,0.00608103284569239,1.1150233324839751,FALSE,FALSE
2007-06-28,circumpolar,14.83354299,0.01215082309633075,0.01215082309633075,1.1150233324839751,FALSE,FALSE
2007-06-29,circumpolar,14.8686424,-0.03784990983785086,0.03784990983785086,1.1150233324839751,FALSE,FALSE
2007-06-30,circumpolar,14.93991794,-0.05014181542432539,0.05014181542432539,1.1150233324839751,FALSE,FALSE
2007-07-01,circumpolar,15.08025039,0.00797963686946623,0.00797963686946623,1.1150233324839751,FALSE,FALSE
2007-07-02,circumpolar,15.19003457,0.03673301757606673,0.03673301757606673,1.1150233324839751,FALSE,FALSE
2007-07-03,circumpolar,15.24781855,0.01449014722803809,0.01449014722803809,1.1150233324839751,FALSE,FALSE
2007-07-04,circumpolar,15.27373509,-0.038792463642082,0.038792463642082,1.1150233324839751,FALSE,FALSE
2007-07-05,circumpolar,15.28453837,-0.10653688450174492,0.10653688450174492,1.1150233324839751,FALSE,FALSE
2007-07-06,circumpolar,15.34990417,-0.11924358481840258,0.11924358481840258,1.1150233324839751,FALSE,FALSE
2007-07-07,circumpolar,15.46481896,-0.08210234405950168,0.08210234405950168,1.1150233324839751,FALSE,FALSE
2007-07-08,circumpolar,15.55071839,-0.07385376169249902,0.07385376169249902,1.1150233324839751,FALSE,FALSE
2007-07-09,circumpolar,15.68254821,-0.01972792419095803,0.01972792419095803,1.1150233324839751,FALSE,FALSE
2007-07-10,circumpolar,15.72752191,-0.05260685262948783,0.05260685262948783,1.1150233324839751,FALSE,FALSE
2007-07-11,circumpolar,15.69889406,-0.159155697999541,0.159155697999541,1.1150233324839751,FALSE,FALSE
2007-07-12,circumpolar,15.75464398,-0.1812915978823657,0.1812915978823657,1.1150233324839751,FALSE,FALSE
2007-07-13,circumpolar,15.86037381,-0.15330886985914027,0.15330886985914027,1.1150233324839751,FALSE,FALSE
2007-07-14,circumpolar,16.0242952,-0.06689232151109081,0.06689232151109081,1.1150233324839751,FALSE,FALSE
2007-07-15,circumpolar,16.18363568,0.01528911958058287,0.01528911958058287,1.1150233324839751,FALSE,FALSE
2007-07-16,circumpolar,16.29800763,0.05295137583466669,0.05295137583466669,1.1150233324839751,FALSE,FALSE
2007-07-17,circumpolar,16.44616216,0.12494909966994072,0.12494909966994072,1.1150233324839751,FALSE,FALSE
2007-07-18,circumpolar,16.52659046,0.12987702350523378,0.12987702350523378,1.1150233324839751,FALSE,FALSE
2007-07-19,circumpolar,16.59422117,0.12276732975929504,0.12276732975929504,1.1150233324839751,FALSE,FALSE
2007-07-20,circumpolar,16.73862564,0.1932949108509341,0.1932949108509341,1.1150233324839751,FALSE,FALSE
2007-07-21,circumpolar,16.88625918,0.26801861919894066,0.26801861919894066,1.1150233324839751,FALSE,FALSE
2007-07-22,circumpolar,17.02439271,0.33431003528048464,0.33431003528048464,1.1150233324839751,FALSE,FALSE
2007-07-23,circumpolar,17.21299126,0.45219507215639254,0.45219507215639254,1.1150233324839751,FALSE,FALSE
2007-07-24,circumpolar,17.39215636,0.5618071475501836,0.5618071475501836,1.1150233324839751,FALSE,FALSE
2007-07-25,circumpolar,17.3900769,0.49136638145826694,0.49136638145826694,1.1150233324839751,FALSE,FALSE
2007-07-26,circumpolar,17.40922515,0.44337627387709233,0.44337627387709233,1.1150233324839751,FALSE,FALSE
2007-07-27,circumpolar,17.46612917,0.43439611480307505,0.43439611480307505,1.1150233324839751,FALSE,FALSE
2007-07-28,circumpolar,17.49508626,0.39875443423264656,0.39875443423264656,1.1150233324839751,FALSE,FALSE
2007-07-29,circumpolar,17.55302053,0.3934065721622382,0.3934065721622382,1.1150233324839751,FALSE,FALSE
2007-07-30,circumpolar,17.60890889,0.38736066858828266,0.38736066858828266,1.1150233324839751,FALSE,FALSE
2007-07-31,circumpolar,17.6821996,0.4000962135071937,0.4000962135071937,1.1150233324839751,FALSE,FALSE
2007-08-01,circumpolar,17.72433469,0.3830864669153904,0.3830864669153904,1.1150233324839751,FALSE,FALSE
2007-08-02,circumpolar,17.77784242,0.3788909188093328,0.3788909188093328,1.1150233324839751,FALSE,FALSE
2007-08-03,circumpolar,17.84166284,0.3864808486227673,0.3864808486227673,1.1150233324839751,FALSE,FALSE
2007-08-04,circumpolar,17.83842314,0.32849948593790046,0.32849948593790046,1.1150233324839751,FALSE,FALSE
2007-08-05,circumpolar,17.76352926,0.2003140146749125,0.2003140146749125,1.1150233324839751,FALSE,FALSE
2007-08-06,circumpolar,17.7298138,0.1147059270122348,0.1147059270122348,1.1150233324839751,FALSE,FALSE
2007-08-07,circumpolar,17.778239,0.11258635512827551,0.11258635512827551,1.1150233324839751,FALSE,FALSE
2007-08-08,circumpolar,17.84077352,0.1258728512014322,0.1258728512014322,1.1150233324839751,FALSE,FALSE
2007-08-09,circumpolar,17.86545709,0.1025540374101297,0.1025540374101297,1.1150233324839751,FALSE,FALSE
2007-08-10,circumpolar,17.86047428,0.05076337593276037,0.05076337593276037,1.1150233324839751,FALSE,FALSE
2007-08-11,circumpolar,17.84533066,-0.01004467105225259,0.01004467105225259,1.1150233324839751,FALSE,FALSE
2007-08-12,circumpolar,17.82352127,-0.07642617136650642,0.07642617136650642,1.1150233324839751,FALSE,FALSE
2007-08-13,circumpolar,17.79774458,-0.14573376283157558,0.14573376283157558,1.1150233324839751,FALSE,FALSE
2007-08-14,circumpolar,17.77596561,-0.2100535332690612,0.2100535332690612,1.1150233324839751,FALSE,FALSE
2007-08-15,circumpolar,17.77536413,-0.2522568205005591,0.2522568205005591,1.1150233324839751,FALSE,FALSE
2007-08-16,circumpolar,17.81089171,-0.2574422837773511,0.2574422837773511,1.1150233324839751,FALSE,FALSE
2007-08-17,circumpolar,17.80296048,-0.3052219091778383,0.3052219091778383,1.1150233324839751,FALSE,FALSE
2007-08-18,circumpolar,17.88580963,-0.26135073419462174,0.26135073419462174,1.1150233324839751,FALSE,FALSE
2007-08-19,circumpolar,17.84288973,-0.3423707783485632,0.3423707783485632,1.1150233324839751,FALSE,FALSE
2007-08-20,circumpolar,17.89214581,-0.33032960116048216,0.33032960116048216,1.1150233324839751,FALSE,FALSE
2007-08-21,circumpolar,17.95917492,-0.299622742151211,0.299622742151211,1.1150233324839751,FALSE,FALSE
2007-08-22,circumpolar,17.92177597,-0.37244388084158686,0.37244388084158686,1.1150233324839751,FALSE,FALSE
2007-08-23,circumpolar,18.01676306,-0.31197150675245666,0.31197150675245666,1.1150233324839751,FALSE,FALSE
2007-08-24,circumpolar,18.19739323,-0.16494116940465275,0.16494116940465275,1.1150233324839751,FALSE,FALSE
2007-08-25,circumpolar,18.36805263,-0.02695930831900028,0.02695930831900028,1.1150233324839751,FALSE,FALSE
2007-08-26,circumpolar,18.52113816,0.09437838698364232,0.09437838698364232,1.1150233324839751,FALSE,FALSE
2007-08-27,circumpolar,18.6451239,0.1875534069824525,0.1875534069824525,1.1150233324839751,FALSE,FALSE
2007-08-28,circumpolar,18.65344203,0.1660053421565948,0.1660053421565948,1.1150233324839751,FALSE,FALSE
2007-08-29,circumpolar,18.67202155,0.15567151252199452,0.15567151252199452,1.1150233324839751,FALSE,FALSE
2007-08-30,circumpolar,18.73830313,0.19400643598277156,0.19400643598277156,1.1150233324839751,FALSE,FALSE
2007-08-31,circumpolar,18.79172149,0.2204607574466273,0.2204607574466273,1.1150233324839751,FALSE,FALSE
2007-09-01,circumpolar,18.84142788,0.24420165554677095,0.24420165554677095,1.1150233324839751,FALSE,FALSE
2007-09-02,circumpolar,18.85449418,0.23231693891638372,0.23231693891638372,1.1150233324839751,FALSE,FALSE
2007-09-03,circumpolar,18.90945913,0.2633612761886788,0.2633612761886788,1.1150233324839751,FALSE,FALSE
2007-09-04,circumpolar,18.97385337,0.3048812359968558,0.3048812359968558,1.1150233324839751,FALSE,FALSE
2007-09-05,circumpolar,19.08218705,0.3914028969740819,0.3914028969740819,1.1150233324839751,FALSE,FALSE
2007-09-06,circumpolar,19.15255585,0.44103786775359666,0.44103786775359666,1.1150233324839751,FALSE,FALSE
2007-09-07,circumpolar,19.20804873,0.4768910369685635,0.4768910369685635,1.1150233324839751,FALSE,FALSE
2007-09-08,circumpolar,19.19470132,0.4450139632521868,0.4450139632521868,1.1150233324839751,FALSE,FALSE
2007-09-09,circumpolar,19.14931564,0.3822245952376697,0.3822245952376697,1.1150233324839751,FALSE,FALSE
2007-09-10,circumpolar,19.14228203,0.3589292254400718,0.3589292254400718,1.1150233324839751,FALSE,FALSE
2007-09-11,circumpolar,19.10024831,0.30179389351866703,0.30179389351866703,1.1150233324839751,FALSE,FALSE
2007-09-12,circumpolar,19.07307646,0.26070290177520405,0.26070290177520405,1.1150233324839751,FALSE,FALSE
2007-09-13,circumpolar,19.08229296,0.25720548448395064,0.25720548448395064,1.1150233324839751,FALSE,FALSE
2007-09-14,circumpolar,19.12881157,0.29223815591913294,0.29223815591913294,1.1150233324839751,FALSE,FALSE
2007-09-15,circumpolar,19.17475956,0.3279509403549774,0.3279509403549774,1.1150233324839751,FALSE,FALSE
2007-09-16,circumpolar,19.19220898,0.336438642065751,0.336438642065751,1.1150233324839751,FALSE,FALSE
2007-09-17,circumpolar,19.19050208,0.3270662653256906,0.3270662653256906,1.1150233324839751,FALSE,FALSE
2007-09-18,circumpolar,19.2045244,0.3347421044090204,0.3347421044090204,1.1150233324839751,FALSE,FALSE
2007-09-19,circumpolar,19.26523684,0.3904498135900027,0.3904498135900027,1.1150233324839751,FALSE,FALSE
2007-09-20,circumpolar,19.30791406,0.4294868071428546,0.4294868071428546,1.1150233324839751,FALSE,FALSE
2007-09-21,circumpolar,19.34332478,0.462644559341836,0.462644559341836,1.1150233324839751,FALSE,FALSE
2007-09-22,circumpolar,19.38876925,0.5072460744611931,0.5072460744611931,1.1150233324839751,FALSE,FALSE
2007-09-23,circumpolar,19.33088754,0.44995339602845874,0.44995339602845874,1.1150233324839751,FALSE,FALSE
2007-09-24,circumpolar,19.30267664,0.4237771287994896,0.4237771287994896,1.1150233324839751,FALSE,FALSE
2007-09-25,circumpolar,19.31426439,0.4388536569707071,0.4388536569707071,1.1150233324839751,FALSE,FALSE
2007-09-26,circumpolar,19.29927241,0.4288130735930338,0.4288130735930338,1.1150233324839751,FALSE,FALSE
2007-09-27,circumpolar,19.31554783,0.4515109817173517,0.4515109817173517,1.1150233324839751,FALSE,FALSE
2007-09-28,circumpolar,19.38620166,0.5300668643945698,0.5300668643945698,1.1150233324839751,FALSE,FALSE
2007-09-29,circumpolar,19.37037483,0.5236301246755595,0.5236301246755595,1.1150233324839751,FALSE,FALSE
2007-09-30,circumpolar,19.32708518,0.49122707561123846,0.49122707561123846,1.1150233324839751,FALSE,FALSE
2007-10-01,circumpolar,19.29440737,0.4709408502525037,0.4709408502525037,1.1150233324839751,FALSE,FALSE
2007-10-02,circumpolar,19.27044391,0.4608824316502478,0.4608824316502478,1.1150233324839751,FALSE,FALSE
2007-10-03,circumpolar,19.1978908,0.40375629285536974,0.40375629285536974,1.1150233324839751,FALSE,FALSE
2007-10-04,circumpolar,19.1535121,0.376334966918769,0.376334966918769,1.1150233324839751,FALSE,FALSE
2007-10-05,circumpolar,19.07784393,0.31916304960252617,0.31916304960252617,1.1150233324839751,FALSE,FALSE
2007-10-06,circumpolar,19.00906571,0.2704317162124745,0.2704317162124745,1.1150233324839751,FALSE,FALSE
2007-10-07,circumpolar,19.02133591,0.3043208389939238,0.3043208389939238,1.1150233324839751,FALSE,FALSE
2007-10-08,circumpolar,18.99884953,0.3050485850807547,0.3050485850807547,1.1150233324839751,FALSE,FALSE
2007-10-09,circumpolar,18.92905604,0.260087591606851,0.260087591606851,1.1150233324839751,FALSE,FALSE
2007-10-10,circumpolar,18.85098309,0.20848867570611773,0.20848867570611773,1.1150233324839751,FALSE,FALSE
2007-10-11,circumpolar,18.83693566,0.22257998451242145,0.22257998451242145,1.1150233324839751,FALSE,FALSE
2007-10-12,circumpolar,18.87330904,0.2887799751596205,0.2887799751596205,1.1150233324839751,FALSE,FALSE
2007-10-13,circumpolar,18.95977124,0.4067798247816547,0.4067798247816547,1.1150233324839751,FALSE,FALSE
2007-10-14,circumpolar,19.00380488,0.4840853205123637,0.4840853205123637,1.1150233324839751,FALSE,FALSE
2007-10-15,circumpolar,19.06186326,0.5771729294856556,0.5771729294856556,1.1150233324839751,FALSE,FALSE
2007-10-16,circumpolar,19.08247387,0.6345933088354059,0.6345933088354059,1.1150233324839751,FALSE,FALSE
2007-10-17,circumpolar,19.068395,0.659127915695489,0.659127915695489,1.1150233324839751,FALSE,FALSE
2007-10-18,circumpolar,19.02856865,0.6597415442753523,0.6597415442753523,1.1150233324839751,FALSE,FALSE
2007-10-19,circumpolar,18.97542913,0.6488833779793666,0.6488833779793666,1.1150233324839751,FALSE,FALSE
2007-10-20,circumpolar,18.89818333,0.6157676078012599,0.6157676078012599,1.1150233324839751,FALSE,FALSE
2007-10-21,circumpolar,18.81575002,0.5793200015333362,0.5793200015333362,1.1150233324839751,FALSE,FALSE
2007-10-22,circumpolar,18.76838083,0.5797991869678896,0.5797991869678896,1.1150233324839751,FALSE,FALSE
2007-10-23,circumpolar,18.74950261,0.61063901189722,0.61063901189722,1.1150233324839751,FALSE,FALSE
2007-10-24,circumpolar,18.74038667,0.6531177841136504,0.6531177841136504,1.1150233324839751,FALSE,FALSE
2007-10-25,circumpolar,18.67269665,0.6389061414094677,0.6389061414094677,1.1150233324839751,FALSE,FALSE
2007-10-26,circumpolar,18.60116678,0.6227453115769812,0.6227453115769812,1.1150233324839751,FALSE,FALSE
2007-10-27,circumpolar,18.45941682,0.5382620524085091,0.5382620524085091,1.1150233324839751,FALSE,FALSE
2007-10-28,circumpolar,18.37051146,0.5085280516963344,0.5085280516963344,1.1150233324839751,FALSE,FALSE
2007-10-29,circumpolar,18.30958881,0.5086884172327686,0.5086884172327686,1.1150233324839751,FALSE,FALSE
2007-10-30,circumpolar,18.27808783,0.5401891068101214,0.5401891068101214,1.1150233324839751,FALSE,FALSE
2007-10-31,circumpolar,18.15962379,0.4866750464965328,0.4866750464965328,1.1150233324839751,FALSE,FALSE
2007-11-01,circumpolar,18.06597984,0.4600705713138993,0.4600705713138993,1.1150233324839751,FALSE,FALSE
2007-11-02,circumpolar,17.9300023,0.3933974436448224,0.3933974436448224,1.1150233324839751,FALSE,FALSE
2007-11-03,circumpolar,17.83886246,0.3740024050811712,0.3740024050811712,1.1150233324839751,FALSE,FALSE
2007-11-04,circumpolar,17.68757974,0.29708032721483235,0.29708032721483235,1.1150233324839751,FALSE,FALSE
2007-11-05,circumpolar,17.58231602,0.2689685416376797,0.2689685416376797,1.1150233324839751,FALSE,FALSE
2007-11-06,circumpolar,17.53113134,0.2979025399415889,0.2979025399415889,1.1150233324839751,FALSE,FALSE
2007-11-07,circumpolar,17.42840115,0.2784332237184266,0.2784332237184266,1.1150233324839751,FALSE,FALSE
2007-11-08,circumpolar,17.30415152,0.2407621145600949,0.2407621145600949,1.1150233324839751,FALSE,FALSE
2007-11-09,circumpolar,17.12802683,0.1547090440584391,0.1547090440584391,1.1150233324839751,FALSE,FALSE
2007-11-10,circumpolar,16.96730091,0.08772329380536448,0.08772329380536448,1.1150233324839751,FALSE,FALSE
2007-11-11,circumpolar,16.8583725,0.07637905539273504,0.07637905539273504,1.1150233324839751,FALSE,FALSE
2007-11-12,circumpolar,16.75035822,0.06996709863670958,0.06996709863670958,1.1150233324839751,FALSE,FALSE
2007-11-13,circumpolar,16.55318885,-0.0214796595776967,0.0214796595776967,1.1150233324839751,FALSE,FALSE
2007-11-14,circumpolar,16.4202105,-0.04462122282735947,0.04462122282735947,1.1150233324839751,FALSE,FALSE
2007-11-15,circumpolar,16.27903449,-0.07186131356882797,0.07186131356882797,1.1150233324839751,FALSE,FALSE
2007-11-16,circumpolar,16.13272135,-0.10015444425864573,0.10015444425864573,1.1150233324839751,FALSE,FALSE
2007-11-17,circumpolar,15.99444794,-0.11633879735336804,0.11633879735336804,1.1150233324839751,FALSE,FALSE
2007-11-18,circumpolar,15.93052551,-0.05411816530955171,0.05411816530955171,1.1150233324839751,FALSE,FALSE
2007-11-19,circumpolar,15.79504093,-0.05942072058373782,0.05942072058373782,1.1150233324839751,FALSE,FALSE
2007-11-20,circumpolar,15.68348857,-0.03676713563247347,0.03676713563247347,1.1150233324839751,FALSE,FALSE
2007-11-21,circumpolar,15.58415346,0.00211257708768286,0.00211257708768286,1.1150233324839751,FALSE,FALSE
2007-11-22,circumpolar,15.46227338,0.02244115512019107,0.02244115512019107,1.1150233324839751,FALSE,FALSE
2007-11-23,circumpolar,15.33331843,0.03967365600848893,0.03967365600848893,1.1150233324839751,FALSE,FALSE
2007-11-24,circumpolar,15.21612077,0.07262719729603795,0.07262719729603795,1.1150233324839751,FALSE,FALSE
2007-11-25,circumpolar,15.08334811,0.09396195372019456,0.09396195372019456,1.1150233324839751,FALSE,FALSE
2007-11-26,circumpolar,14.95246882,0.12120225460669865,0.12120225460669865,1.1150233324839751,FALSE,FALSE
2007-11-27,circumpolar,14.8222303,0.1531833860063916,0.1531833860063916,1.1150233324839751,FALSE,FALSE
2007-11-28,circumpolar,14.74667612,0.24403704579655816,0.24403704579655816,1.1150233324839751,FALSE,FALSE
2007-11-29,circumpolar,14.66017432,0.32821940185445087,0.32821940185445087,1.1150233324839751,FALSE,FALSE
2007-11-30,circumpolar,14.49300944,0.33610312205733983,0.33610312205733983,1.1150233324839751,FALSE,FALSE
2007-12-01,circumpolar,14.34992826,0.37252311428248674,0.37252311428248674,1.1150233324839751,FALSE,FALSE
2007-12-02,circumpolar,14.25713737,0.4637740964071586,0.4637740964071586,1.1150233324839751,FALSE,FALSE
2007-12-03,circumpolar,14.10971004,0.50501746630861,0.50501746630861,1.1150233324839751,FALSE,FALSE
2007-12-04,circumpolar,13.97108648,0.5597815618641189,0.5597815618641189,1.1150233324839751,FALSE,FALSE
2007-12-05,circumpolar,13.87875206,0.6656398809509394,0.6656398809509394,1.1150233324839751,FALSE,FALSE
2007-12-06,circumpolar,13.7474826,0.7374563714463367,0.7374563714463367,1.1150233324839751,FALSE,FALSE
2007-12-07,circumpolar,13.64293512,0.8409756869069955,0.8409756869069955,1.1150233324839751,FALSE,FALSE
2007-12-08,circumpolar,13.56609295,0.9771153379614076,0.9771153379614076,1.1150233324839751,FALSE,FALSE
2007-12-09,circumpolar,13.4444733,1.0729566431199302,1.0729566431199302,1.1150233324839751,FALSE,FALSE
2007-12-10,circumpolar,13.3026573,1.1525901729906636,1.1525901729906636,1.1150233324839751,TRUE,TRUE
2007-12-11,circumpolar,13.21908206,1.293962478181708,1.293962478181708,1.1150233324839751,TRUE,TRUE
2007-12-12,circumpolar,13.07986513,1.3827005493011573,1.3827005493011573,1.1150233324839751,TRUE,TRUE
2007-12-13,circumpolar,12.94551743,1.478824746957116,1.478824746957116,1.1150233324839751,TRUE,TRUE
2007-12-14,circumpolar,12.84020114,1.6060066917576794,1.6060066917576794,1.1150233324839751,TRUE,TRUE
2007-12-15,circumpolar,12.71304728,1.7128868443109493,1.7128868443109493,1.1150233324839751,TRUE,TRUE
2007-12-16,circumpolar,12.59453972,1.8294585152250384,1.8294585152250384,1.1150233324839751,TRUE,TRUE
2007-12-17,circumpolar,12.43088015,1.9014328351080287,1.9014328351080287,1.1150233324839751,TRUE,TRUE
2007-12-18,circumpolar,12.26655759,1.9728082645680232,1.9728082645680232,1.1150233324839751,TRUE,TRUE
2007-12-19,circumpolar,12.09551456,2.037036764213127,2.037036764213127,1.1150233324839751,TRUE,TRUE
2007-12-20,circumpolar,11.90304178,2.078920077692434,2.078920077692434,1.1150233324839751,TRUE,TRUE
2007-12-21,circumpolar,11.73949853,2.1483535395846154,2.1483535395846154,1.1150233324839751,TRUE,TRUE
2007-12-22,circumpolar,11.56997199,2.209980364681929,2.209980364681929,1.1150233324839751,TRUE,TRUE
2007-12-23,circumpolar,11.40030035,2.2691953345636957,2.2691953345636957,1.1150233324839751,TRUE,TRUE
2007-12-24,circumpolar,11.21569227,2.31076370080922,2.31076370080922,1.1150233324839751,TRUE,TRUE
2007-12-25,circumpolar,11.02666569,2.3447599949978404,2.3447599949978404,1.1150233324839751,TRUE,TRUE
2007-12-26,circumpolar,10.80133662,2.33885681870885,2.33885681870885,1.1150233324839751,TRUE,TRUE
2007-12-27,circumpolar,10.56088411,2.3137898135215966,2.3137898135215966,1.1150233324839751,TRUE,TRUE
2007-12-28,circumpolar,10.3451915,2.3089989110153706,2.3089989110153706,1.1150233324839751,TRUE,TRUE
2007-12-29,circumpolar,10.13649621,2.3062781227695197,2.3062781227695197,1.1150233324839751,TRUE,TRUE
2007-12-30,circumpolar,9.929201292,2.2995870923633372,2.2995870923633372,1.1150233324839751,TRUE,TRUE
2007-12-31,circumpolar,9.6815605,2.2467361653761397,2.2467361653761397,1.1150233324839751,TRUE,TRUE
2008-01-01,circumpolar,9.575159612,2.328867711387267,2.328867711387267,1.1150233324839751,TRUE,TRUE
2008-01-02,circumpolar,9.36471253,2.30036964743073,2.30036964743073,1.1150233324839751,TRUE,TRUE
2008-01-03,circumpolar,9.169881737,2.2810481653593886,2.2810481653593886,1.1150233324839751,TRUE,TRUE
2008-01-04,circumpolar,8.964444196,2.24494136048082,2.24494136048082,1.1150233324839751,TRUE,TRUE
2008-01-05,circumpolar,8.714177301,2.158087759102613,2.158087759102613,1.1150233324839751,TRUE,TRUE
2008-01-06,circumpolar,8.433374521,2.0350419625323184,2.0350419625323184,1.1150233324839751,TRUE,TRUE
2008-01-07,circumpolar,8.176029472,1.9300587190775096,1.9300587190775096,1.1150233324839751,TRUE,TRUE
2008-01-08,circumpolar,7.989423155,1.8906801620457712,1.8906801620457712,1.1150233324839751,TRUE,TRUE
2008-01-09,circumpolar,7.808633193,1.8522450467446605,1.8522450467446605,1.1150233324839751,TRUE,TRUE
2008-01-10,circumpolar,7.64386778,1.825222699481766,1.825222699481766,1.1150233324839751,TRUE,TRUE
2008-01-11,circumpolar,7.497486594,1.8122339305646404,1.8122339305646404,1.1150233324839751,TRUE,TRUE
2008-01-12,circumpolar,7.337103207,1.7811534443008696,1.7811534443008696,1.1150233324839751,TRUE,TRUE
2008-01-13,circumpolar,6.997951066,1.5674758199980197,1.5674758199980197,1.1150233324839751,TRUE,TRUE
2008-01-14,circumpolar,6.797633776,1.4890625689729138,1.4890625689729138,1.1150233324839751,TRUE,TRUE
2008-01-15,circumpolar,6.683307054,1.4932115503868602,1.4932115503868602,1.1150233324839751,TRUE,TRUE
2008-01-16,circumpolar,6.534585108,1.4595340867010655,1.4595340867010655,1.1150233324839751,TRUE,TRUE
2008-01-17,circumpolar,6.412172214,1.4487223963324167,1.4487223963324167,1.1150233324839751,TRUE,TRUE
2008-01-18,circumpolar,6.338110452,1.4828065016978045,1.4828065016978045,1.1150233324839751,TRUE,TRUE
2008-01-19,circumpolar,6.173235509,1.4226100322141182,1.4226100322141182,1.1150233324839751,TRUE,TRUE
2008-01-20,circumpolar,6.086788752,1.4373622972982458,1.4373622972982458,1.1150233324839751,TRUE,TRUE
2008-01-21,circumpolar,5.913304365,1.3615854233670737,1.3615854233670737,1.1150233324839751,TRUE,TRUE
2008-01-22,circumpolar,5.713419955,1.2559049598374932,1.2559049598374932,1.1150233324839751,TRUE,TRUE
2008-01-23,circumpolar,5.511461675,1.1446350021263942,1.1446350021263942,1.1150233324839751,TRUE,TRUE
2008-01-24,circumpolar,5.364021531,1.084355498650659,1.084355498650659,1.1150233324839751,FALSE,FALSE
2008-01-25,circumpolar,5.245131926,1.049086794827181,1.049086794827181,1.1150233324839751,FALSE,FALSE
2008-01-26,circumpolar,5.08472212,0.9687460930728528,0.9687460930728528,1.1150233324839751,FALSE,FALSE
2008-01-27,circumpolar,4.988773791,0.9493144856581096,0.9493144856581096,1.1150233324839751,FALSE,FALSE
2008-01-28,circumpolar,4.851859734,0.8854418400946851,0.8854418400946851,1.1150233324839751,FALSE,FALSE
2008-01-29,circumpolar,4.801846292,0.9051037734137934,0.9051037734137934,1.1150233324839751,FALSE,FALSE
2008-01-30,circumpolar,4.689544724,0.8592209223779546,0.8592209223779546,1.1150233324839751,FALSE,FALSE
2008-01-31,circumpolar,4.610737278,0.8436849127497079,0.8436849127497079,1.1150233324839751,FALSE,FALSE
2008-02-01,circumpolar,4.553624676,0.8468058442915707,0.8468058442915707,1.1150233324839751,FALSE,FALSE
2008-02-02,circumpolar,4.497586293,0.8480724697660746,0.8480724697660746,1.1150233324839751,FALSE,FALSE
2008-02-03,circumpolar,4.415220067,0.8201921049357526,0.8201921049357526,1.1150233324839751,FALSE,FALSE
2008-02-04,circumpolar,4.346729451,0.803477580563126,0.803477580563126,1.1150233324839751,FALSE,FALSE
2008-02-05,circumpolar,4.33013623,0.8360600594107197,0.8360600594107197,1.1150233324839751,FALSE,FALSE
2008-02-06,circumpolar,4.300731585,0.8533401002410681,0.8533401002410681,1.1150233324839751,FALSE,FALSE
2008-02-07,circumpolar,4.26914757,0.8660591348166977,0.8660591348166977,1.1150233324839751,FALSE,FALSE
2008-02-08,circumpolar,4.23641427,0.8753557850831903,0.8753557850831903,1.1150233324839751,FALSE,FALSE
2008-02-09,circumpolar,4.168566322,0.8472622175389679,0.8472622175389679,1.1150233324839751,FALSE,FALSE
2008-02-10,circumpolar,4.123251776,0.8392032445310247,0.8392032445310247,1.1150233324839751,FALSE,FALSE
2008-02-11,circumpolar,4.087397283,0.8378561773107687,0.8378561773107687,1.1150233324839751,FALSE,FALSE
2008-02-12,circumpolar,4.123808699,0.9057775321295908,0.9057775321295908,1.1150233324839751,FALSE,FALSE
2008-02-13,circumpolar,4.08036199,0.8905939352388819,0.8905939352388819,1.1150233324839751,FALSE,FALSE
2008-02-14,circumpolar,3.961778308,0.7967771988900476,0.7967771988900476,1.1150233324839751,FALSE,FALSE
2008-02-15,circumpolar,3.871678317,0.7276986473344778,0.7276986473344778,1.1150233324839751,FALSE,FALSE
2008-02-16,circumpolar,3.838451267,0.7114981908235665,0.7114981908235665,1.1150233324839751,FALSE,FALSE
2008-02-17,circumpolar,3.929484772,0.8153141036087215,0.8153141036087215,1.1150233324839751,FALSE,FALSE
2008-02-18,circumpolar,3.919080209,0.8131984229413276,0.8131984229413276,1.1150233324839751,FALSE,FALSE
2008-02-19,circumpolar,3.985655438,0.8833196690727809,0.8833196690727809,1.1150233324839751,FALSE,FALSE
2008-02-20,circumpolar,4.003204792,0.8994228352544873,0.8994228352544873,1.1150233324839751,FALSE,FALSE
2008-02-21,circumpolar,4.041437099,0.930989543516191,0.930989543516191,1.1150233324839751,FALSE,FALSE
2008-02-22,circumpolar,4.13634267,1.0140512406974502,1.0140512406974502,1.1150233324839751,FALSE,FALSE
2008-02-23,circumpolar,4.188420966,1.0493270363197165,1.0493270363197165,1.1150233324839751,FALSE,FALSE
2008-02-24,circumpolar,4.223381071,1.062748889873141,1.062748889873141,1.1150233324839751,FALSE,FALSE
2008-02-25,circumpolar,4.235460422,1.0487771138478856,1.0487771138478856,1.1150233324839751,FALSE,FALSE
2008-02-26,circumpolar,4.201325979,0.984301543734102,0.984301543734102,1.1150233324839751,FALSE,FALSE
2008-02-27,circumpolar,4.239497168,0.98806448102195,0.98806448102195,1.1150233324839751,FALSE,FALSE
2008-02-28,circumpolar,4.296318043,1.0066328552015849,1.0066328552015849,1.1150233324839751,FALSE,FALSE
2008-03-01,circumpolar,4.452023269,1.075191834196838,1.075191834196838,1.1150233324839751,FALSE,FALSE
2008-03-02,circumpolar,4.50808009,1.0828006599927755,1.0828006599927755,1.1150233324839751,FALSE,FALSE
2008-03-03,circumpolar,4.605338657,1.1286584846411252,1.1286584846411252,1.1150233324839751,TRUE,FALSE
2008-03-04,circumpolar,4.643871502,1.1130607093455,1.1130607093455,1.1150233324839751,FALSE,FALSE
2008-03-05,circumpolar,4.699077725,1.1116059181553206,1.1116059181553206,1.1150233324839751,FALSE,FALSE
2008-03-06,circumpolar,4.768586759,1.122046894940821,1.122046894940821,1.1150233324839751,TRUE,FALSE
2008-03-07,circumpolar,4.818856961,1.110949880318973,1.110949880318973,1.1150233324839751,FALSE,FALSE
2008-03-08,circumpolar,4.923721233,1.1522556599067395,1.1522556599067395,1.1150233324839751,TRUE,TRUE
2008-03-09,circumpolar,4.958134315,1.121026857321091,1.121026857321091,1.1150233324839751,TRUE,TRUE
2008-03-10,circumpolar,5.055567318,1.1508424671789994,1.1508424671789994,1.1150233324839751,TRUE,TRUE
2008-03-11,circumpolar,5.151958208,1.1777483390974273,1.1777483390974273,1.1150233324839751,TRUE,TRUE
2008-03-12,circumpolar,5.266926557,1.2214719286933429,1.2214719286933429,1.1150233324839751,TRUE,TRUE
2008-03-13,circumpolar,5.344173205,1.2258219595837172,1.2258219595837172,1.1150233324839751,TRUE,TRUE
2008-03-14,circumpolar,5.442787295,1.2499954583855164,1.2499954583855164,1.1150233324839751,TRUE,TRUE
2008-03-15,circumpolar,5.499658022,1.2309895037157066,1.2309895037157066,1.1150233324839751,TRUE,TRUE
2008-03-16,circumpolar,5.556063713,1.2101903061912616,1.2101903061912616,1.1150233324839751,TRUE,TRUE
2008-03-17,circumpolar,5.583803259,1.1595033494185951,1.1595033494185951,1.1150233324839751,TRUE,TRUE
2008-03-18,circumpolar,5.693818148,1.1899444712038685,1.1899444712038685,1.1150233324839751,TRUE,TRUE
2008-03-19,circumpolar,5.693818148,1.109264063114133,1.109264063114133,1.1150233324839751,FALSE,FALSE
2008-03-20,circumpolar,5.831588292,1.1652861938298935,1.1652861938298935,1.1150233324839751,TRUE,TRUE
2008-03-21,circumpolar,6.03260797,1.2835292890316845,1.2835292890316845,1.1150233324839751,TRUE,TRUE
2008-03-22,circumpolar,6.362151993,1.5293071954000237,1.5293071954000237,1.1150233324839751,TRUE,TRUE
2008-03-23,circumpolar,6.412952535,1.4953911226154286,1.4953911226154286,1.1150233324839751,TRUE,TRUE
2008-03-24,circumpolar,6.410078551,1.40688906135843,1.40688906135843,1.1150233324839751,TRUE,TRUE
2008-03-25,circumpolar,6.417290904,1.3276009103095392,1.3276009103095392,1.1150233324839751,TRUE,TRUE
2008-03-26,circumpolar,6.417894101,1.2408702121492867,1.2408702121492867,1.1150233324839751,TRUE,TRUE
2008-03-27,circumpolar,6.458606983,1.1934548435581922,1.1934548435581922,1.1150233324839751,TRUE,TRUE
2008-03-28,circumpolar,6.549608071,1.1955723612167706,1.1955723612167706,1.1150233324839751,TRUE,TRUE
2008-03-29,circumpolar,6.627371842,1.1837362778055525,1.1837362778055525,1.1150233324839751,TRUE,TRUE
2008-03-30,circumpolar,6.702507039,1.168584518422569,1.168584518422569,1.1150233324839751,TRUE,TRUE
2008-03-31,circumpolar,6.791349922,1.1664286651565776,1.1664286651565776,1.1150233324839751,TRUE,TRUE
2008-04-01,circumpolar,6.936946958,1.22027219701417,1.22027219701417,1.1150233324839751,TRUE,TRUE
2008-04-02,circumpolar,7.049015483,1.2397894468650057,1.2397894468650057,1.1150233324839751,TRUE,TRUE
2008-04-03,circumpolar,7.203041044,1.3004229585787526,1.3004229585787526,1.1150233324839751,TRUE,TRUE
2008-04-04,circumpolar,7.331045177,1.3341512650250706,1.3341512650250706,1.1150233324839751,TRUE,TRUE
2008-04-05,circumpolar,7.41666516,1.3245686410736317,1.3245686410736317,1.1150233324839751,TRUE,TRUE
2008-04-06,circumpolar,7.54584136,1.3575724505940858,1.3575724505940858,1.1150233324839751,TRUE,TRUE
2008-04-07,circumpolar,7.637620548,1.352166461456104,1.352166461456104,1.1150233324839751,TRUE,TRUE
2008-04-08,circumpolar,7.715394207,1.3316991535293423,1.3316991535293423,1.1150233324839751,TRUE,TRUE
2008-04-09,circumpolar,7.844746536,1.361711722683471,1.361711722683471,1.1150233324839751,TRUE,TRUE
2008-04-10,circumpolar,7.972642577,1.389126207788146,1.389126207788146,1.1150233324839751,TRUE,TRUE
2008-04-11,circumpolar,8.05260611,1.3674240122803818,1.3674240122803818,1.1150233324839751,TRUE,TRUE
2008-04-12,circumpolar,8.143671953,1.3556422331985232,1.3556422331985232,1.1150233324839751,TRUE,TRUE
2008-04-13,circumpolar,8.255287799,1.3633044569391366,1.3633044569391366,1.1150233324839751,TRUE,TRUE
2008-04-14,circumpolar,8.3720264,1.3750662048093796,1.3750662048093796,1.1150233324839751,TRUE,TRUE
2008-04-15,circumpolar,8.511010224,1.408132714116438,1.408132714116438,1.1150233324839751,TRUE,TRUE
2008-04-16,circumpolar,8.621287139,1.4116346221674672,1.4116346221674672,1.1150233324839751,TRUE,TRUE
2008-04-17,circumpolar,8.731480331,1.4142778842696329,1.4142778842696329,1.1150233324839751,TRUE,TRUE
2008-04-18,circumpolar,8.864799343,1.4393548127300928,1.4393548127300928,1.1150233324839751,TRUE,TRUE
2008-04-19,circumpolar,9.024776018,1.4904800198560375,1.4904800198560375,1.1150233324839751,TRUE,TRUE
2008-04-20,circumpolar,9.12311613,1.4794420489546063,1.4794420489546063,1.1150233324839751,TRUE,TRUE
2008-04-21,circumpolar,9.229790003,1.4762939933329786,1.4762939933329786,1.1150233324839751,TRUE,TRUE
2008-04-22,circumpolar,9.290224368,1.4265453532983257,1.4265453532983257,1.1150233324839751,TRUE,TRUE
2008-04-23,circumpolar,9.377601068,1.4034607411577964,1.4034607411577964,1.1150233324839751,TRUE,TRUE
2008-04-24,circumpolar,9.431157386,1.3463567076421352,1.3463567076421352,1.1150233324839751,TRUE,TRUE
2008-04-25,circumpolar,9.469186642,1.2735725843912569,1.2735725843912569,1.1150233324839751,TRUE,TRUE
2008-04-26,circumpolar,9.503216939,1.1966641085347796,1.1966641085347796,1.1150233324839751,TRUE,TRUE
2008-04-27,circumpolar,9.568161401,1.150571844615575,1.150571844615575,1.1150233324839751,TRUE,TRUE
2008-04-28,circumpolar,9.617623302,1.0889265071764953,1.0889265071764953,1.1150233324839751,FALSE,FALSE
2008-04-29,circumpolar,9.687274562,1.0474274567603938,1.0474274567603938,1.1150233324839751,FALSE,FALSE
2008-04-30,circumpolar,9.814007617,1.0629945699101295,1.0629945699101295,1.1150233324839751,FALSE,FALSE
2008-05-01,circumpolar,9.887922416,1.0257552361685551,1.0257552361685551,1.1150233324839751,FALSE,FALSE
2008-05-02,circumpolar,10.02221307,1.0489310070785418,1.0489310070785418,1.1150233324839751,FALSE,FALSE
2008-05-03,circumpolar,10.13909898,1.0547687241829369,1.0547687241829369,1.1150233324839751,FALSE,FALSE
2008-05-04,circumpolar,10.24251692,1.047232602024593,1.047232602024593,1.1150233324839751,FALSE,FALSE
2008-05-05,circumpolar,10.34630809,1.0401912811463827,1.0401912811463827,1.1150233324839751,FALSE,FALSE
2008-05-06,circumpolar,10.44986853,1.0330682270981555,1.0330682270981555,1.1150233324839751,FALSE,FALSE
2008-05-07,circumpolar,10.52395654,0.9966408066032492,0.9966408066032492,1.1150233324839751,FALSE,FALSE
2008-05-08,circumpolar,10.59164489,0.9539786095980852,0.9539786095980852,1.1150233324839751,FALSE,FALSE
2008-05-09,circumpolar,10.67400554,0.9261467556210032,0.9261467556210032,1.1150233324839751,FALSE,FALSE
2008-05-10,circumpolar,10.75298508,0.8950849942103201,0.8950849942103201,1.1150233324839751,FALSE,FALSE
2008-05-11,circumpolar,10.80343956,0.8356425349043715,0.8356425349043715,1.1150233324839751,FALSE,FALSE
2008-05-12,circumpolar,10.8801227,0.8025662572414785,0.8025662572414785,1.1150233324839751,FALSE,FALSE
2008-05-13,circumpolar,10.97900984,0.7918246607599766,0.7918246607599766,1.1150233324839751,FALSE,FALSE
2008-05-14,circumpolar,11.10164339,0.8049533149981887,0.8049533149981887,1.1150233324839751,FALSE,FALSE
2008-05-15,circumpolar,11.21042615,0.8043481794944363,0.8043481794944363,1.1150233324839751,FALSE,FALSE
2008-05-16,circumpolar,11.28420767,0.7688519637870499,0.7688519637870499,1.1150233324839751,FALSE,FALSE
2008-05-17,circumpolar,11.34355995,0.7190298274143743,0.7190298274143743,1.1150233324839751,FALSE,FALSE
2008-05-18,circumpolar,11.44279277,0.7091847099147177,0.7091847099147177,1.1150233324839751,FALSE,FALSE
2008-05-19,circumpolar,11.57402643,0.7314312038638846,0.7314312038638846,1.1150233324839751,FALSE,FALSE
2008-05-20,circumpolar,11.62277648,0.6712998267287364,0.6712998267287364,1.1150233324839751,FALSE,FALSE
2008-05-21,circumpolar,11.73009401,0.6698746992932545,0.6698746992932545,1.1150233324839751,FALSE,FALSE
2008-05-22,circumpolar,11.85753573,0.6887461700766213,0.6887461700766213,1.1150233324839751,FALSE,FALSE
2008-05-23,circumpolar,11.99099614,0.7138423775980005,0.7138423775980005,1.1150233324839751,FALSE,FALSE
2008-05-24,circumpolar,12.07243583,0.6871575503765825,0.6871575503765825,1.1150233324839751,FALSE,FALSE
2008-05-25,circumpolar,12.15579645,0.6626669769315381,0.6626669769315381,1.1150233324839751,FALSE,FALSE
2008-05-26,circumpolar,12.24415507,0.6434813657820335,0.6434813657820335,1.1150233324839751,FALSE,FALSE
2008-05-27,circumpolar,12.306619,0.5987416654472515,0.5987416654472515,1.1150233324839751,FALSE,FALSE
2008-05-28,circumpolar,12.41755114,0.6028444144463769,0.6028444144463769,1.1150233324839751,FALSE,FALSE
2008-05-29,circumpolar,12.51499334,0.5938651012985758,0.5938651012985758,1.1150233324839751,FALSE,FALSE
2008-05-30,circumpolar,12.66811252,0.641004284523012,0.641004284523012,1.1150233324839751,FALSE,FALSE
2008-05-31,circumpolar,12.75154065,0.6189275726388921,0.6189275726388921,1.1150233324839751,FALSE,FALSE
2008-06-01,circumpolar,12.84503984,0.6074196021964138,0.6074196021964138,1.1150233324839751,FALSE,FALSE
2008-06-02,circumpolar,12.98677186,0.6446153740509217,0.6446153740509217,1.1150233324839751,FALSE,FALSE
2008-06-03,circumpolar,13.07666294,0.6304006838466041,0.6304006838466041,1.1150233324839751,FALSE,FALSE
2008-06-04,circumpolar,13.21720675,0.6672287667215127,0.6672287667215127,1.1150233324839751,FALSE,FALSE
2008-06-05,circumpolar,13.32401554,0.6706714378136827,0.6706714378136827,1.1150233324839751,FALSE,FALSE
2008-06-06,circumpolar,13.47434529,0.7179442422611437,0.7179442422611437,1.1150233324839751,FALSE,FALSE
2008-06-07,circumpolar,13.5563138,0.6971245452019286,0.6971245452019286,1.1150233324839751,FALSE,FALSE
2008-06-08,circumpolar,13.69577666,0.7340275017740705,0.7340275017740705,1.1150233324839751,FALSE,FALSE
2008-06-09,circumpolar,13.77992169,0.7158004971155982,0.7158004971155982,1.1150233324839751,FALSE,FALSE
2008-06-10,circumpolar,13.88928372,0.7229379263645654,0.7229379263645654,1.1150233324839751,FALSE,FALSE
2008-06-11,circumpolar,14.01146618,0.7430027846589855,0.7430027846589855,1.1150233324839751,FALSE,FALSE
2008-06-12,circumpolar,14.12981343,0.7592989971368951,0.7592989971368951,1.1150233324839751,FALSE,FALSE
2008-06-13,circumpolar,14.21664408,0.7441065693567577,0.7441065693567577,1.1150233324839751,FALSE,FALSE
2008-06-14,circumpolar,14.31041846,0.7359279194010035,0.7359279194010035,1.1150233324839751,FALSE,FALSE
2008-06-15,circumpolar,14.35199666,0.6757759238439931,0.6757759238439931,1.1150233324839751,FALSE,FALSE
2008-06-16,circumpolar,14.41995902,0.6423917295546104,0.6423917295546104,1.1150233324839751,FALSE,FALSE
2008-06-17,circumpolar,14.48246989,0.6041004934017131,0.6041004934017131,1.1150233324839751,FALSE,FALSE
2008-06-18,circumpolar,14.59826449,0.6197982422541894,0.6197982422541894,1.1150233324839751,FALSE,FALSE
2008-06-19,circumpolar,14.72807815,0.6503811129809076,0.6503811129809076,1.1150233324839751,FALSE,FALSE
2008-06-20,circumpolar,14.88180957,0.7059086124507434,0.7059086124507434,1.1150233324839751,FALSE,FALSE
2008-06-21,circumpolar,14.96596828,0.6930510775325551,0.6930510775325551,1.1150233324839751,FALSE,FALSE
2008-06-22,circumpolar,15.04404395,0.6754589850952311,0.6754589850952311,1.1150233324839751,FALSE,FALSE
2008-06-23,circumpolar,15.17191649,0.7091730520076425,0.7091730520076425,1.1150233324839751,FALSE,FALSE
2008-06-24,circumpolar,15.23919917,0.6839673551386518,0.6839673551386518,1.1150233324839751,FALSE,FALSE
2008-06-25,circumpolar,15.33134845,0.6854591613571479,0.6854591613571479,1.1150233324839751,FALSE,FALSE
2008-06-26,circumpolar,15.37642758,0.6418445028456912,0.6418445028456912,1.1150233324839751,FALSE,FALSE
2008-06-27,circumpolar,15.42275281,0.6013606430963314,0.6013606430963314,1.1150233324839751,FALSE,FALSE
2008-06-28,circumpolar,15.41155618,0.5050638701621484,0.5050638701621484,1.1150233324839751,FALSE,FALSE
2008-06-29,circumpolar,15.37880212,0.38874236457567335,0.38874236457567335,1.1150233324839751,FALSE,FALSE
2008-06-30,circumpolar,15.38155617,0.3092854168694661,0.3092854168694661,1.1150233324839751,FALSE,FALSE
2008-07-01,circumpolar,15.38635166,0.2330501075760676,0.2330501075760676,1.1150233324839751,FALSE,FALSE
2008-07-02,circumpolar,15.53624743,0.30291902722803776,0.30291902722803776,1.1150233324839751,FALSE,FALSE
2008-07-03,circumpolar,15.58694894,0.2744213863579166,0.2744213863579166,1.1150233324839751,FALSE,FALSE
2008-07-04,circumpolar,15.64744941,0.25637415549825526,0.25637415549825526,1.1150233324839751,FALSE,FALSE
2008-07-05,circumpolar,15.74477705,0.27562929518159685,0.27562929518159685,1.1150233324839751,FALSE,FALSE
2008-07-06,circumpolar,15.82385406,0.27693275594049815,0.27693275594049815,1.1150233324839751,FALSE,FALSE
2008-07-07,circumpolar,15.90184027,0.2772681183075001,0.2772681183075001,1.1150233324839751,FALSE,FALSE
2008-07-08,circumpolar,15.91005604,0.2077799058090424,0.2077799058090424,1.1150233324839751,FALSE,FALSE
2008-07-09,circumpolar,15.82547395,0.0453451873705113,0.0453451873705113,1.1150233324839751,FALSE,FALSE
2008-07-10,circumpolar,15.82829581,-0.02975394799954145,0.02975394799954145,1.1150233324839751,FALSE,FALSE
2008-07-11,circumpolar,15.96883258,0.03289700211763424,0.03289700211763424,1.1150233324839751,FALSE,FALSE
2008-07-12,circumpolar,16.11519804,0.10151536014085848,0.10151536014085848,1.1150233324839751,FALSE,FALSE
2008-07-13,circumpolar,16.27980506,0.18861753848890928,0.18861753848890928,1.1150233324839751,FALSE,FALSE
2008-07-14,circumpolar,16.43350316,0.26515659958058535,0.26515659958058535,1.1150233324839751,FALSE,FALSE
2008-07-15,circumpolar,16.48423546,0.23917920583466667,0.23917920583466667,1.1150233324839751,FALSE,FALSE
2008-07-16,circumpolar,16.5937836,0.27257053966993894,0.27257053966993894,1.1150233324839751,FALSE,FALSE
2008-07-17,circumpolar,16.66957886,0.2728654235052339,0.2728654235052339,1.1150233324839751,FALSE,FALSE
2008-07-18,circumpolar,16.75199781,0.2805439697592931,0.2805439697592931,1.1150233324839751,FALSE,FALSE
2008-07-19,circumpolar,16.81007125,0.26474052085093547,0.26474052085093547,1.1150233324839751,FALSE,FALSE
2008-07-20,circumpolar,16.8715139,0.253273339198941,0.253273339198941,1.1150233324839751,FALSE,FALSE
2008-07-21,circumpolar,16.87646205,0.18637937528048457,0.18637937528048457,1.1150233324839751,FALSE,FALSE
2008-07-22,circumpolar,16.82783581,0.06703962215639336,0.06703962215639336,1.1150233324839751,FALSE,FALSE
2008-07-23,circumpolar,16.77629937,-0.05404984244981747,0.05404984244981747,1.1150233324839751,FALSE,FALSE
2008-07-24,circumpolar,16.74128508,-0.15742543854173263,0.15742543854173263,1.1150233324839751,FALSE,FALSE
2008-07-25,circumpolar,16.68106788,-0.2847809961229082,0.2847809961229082,1.1150233324839751,FALSE,FALSE
2008-07-26,circumpolar,16.79121517,-0.24051788519692252,0.24051788519692252,1.1150233324839751,FALSE,FALSE
2008-07-27,circumpolar,16.87307142,-0.2232604057673555,0.2232604057673555,1.1150233324839751,FALSE,FALSE
2008-07-28,circumpolar,16.96091765,-0.19869630783776415,0.19869630783776415,1.1150233324839751,FALSE,FALSE
2008-07-29,circumpolar,17.1041361,-0.11741212141171432,0.11741212141171432,1.1150233324839751,FALSE,FALSE
2008-07-30,circumpolar,17.32382159,0.04171820350719457,0.04171820350719457,1.1150233324839751,FALSE,FALSE
2008-07-31,circumpolar,17.38648201,0.04523378691539292,0.04523378691539292,1.1150233324839751,FALSE,FALSE
2008-08-01,circumpolar,17.33550191,-0.06344959119066473,0.06344959119066473,1.1150233324839751,FALSE,FALSE
2008-08-02,circumpolar,17.39272093,-0.06246106137723473,0.06246106137723473,1.1150233324839751,FALSE,FALSE
2008-08-03,circumpolar,17.46761163,-0.04231202406209888,0.04231202406209888,1.1150233324839751,FALSE,FALSE
2008-08-04,circumpolar,17.53655593,-0.02665931532508736,0.02665931532508736,1.1150233324839751,FALSE,FALSE
2008-08-05,circumpolar,17.57519697,-0.03991090298776356,0.03991090298776356,1.1150233324839751,FALSE,FALSE
2008-08-06,circumpolar,17.64142014,-0.02423250487172268,0.02423250487172268,1.1150233324839751,FALSE,FALSE
2008-08-07,circumpolar,17.72916052,0.0142598512014338,0.0142598512014338,1.1150233324839751,FALSE,FALSE
2008-08-08,circumpolar,17.79276217,0.0298591174101297,0.0298591174101297,1.1150233324839751,FALSE,FALSE
2008-08-09,circumpolar,17.809404,-3.0690406723721253e-4,3.0690406723721253e-4,1.1150233324839751,FALSE,FALSE
2008-08-10,circumpolar,17.88696384,0.031588508947749,0.031588508947749,1.1150233324839751,FALSE,FALSE
2008-08-11,circumpolar,18.00097892,0.10103147863349447,0.10103147863349447,1.1150233324839751,FALSE,FALSE
2008-08-12,circumpolar,18.12111673,0.17763838716842528,0.17763838716842528,1.1150233324839751,FALSE,FALSE
2008-08-13,circumpolar,18.27340651,0.2873873667309397,0.2873873667309397,1.1150233324839751,FALSE,FALSE
2008-08-14,circumpolar,18.2202438,0.19262284949943975,0.19262284949943975,1.1150233324839751,FALSE,FALSE
2008-08-15,circumpolar,18.16721598,0.09888198622265064,0.09888198622265064,1.1150233324839751,FALSE,FALSE
2008-08-16,circumpolar,18.12808714,0.01990475082216392,0.01990475082216392,1.1150233324839751,FALSE,FALSE
2008-08-17,circumpolar,18.06605105,-0.08110931419462375,0.08110931419462375,1.1150233324839751,FALSE,FALSE
2008-08-18,circumpolar,18.03945742,-0.14580308834856126,0.14580308834856126,1.1150233324839751,FALSE,FALSE
2008-08-19,circumpolar,18.0151782,-0.20729721116047983,0.20729721116047983,1.1150233324839751,FALSE,FALSE
2008-08-20,circumpolar,18.03120874,-0.22758892215120952,0.22758892215120952,1.1150233324839751,FALSE,FALSE
2008-08-21,circumpolar,18.00772944,-0.2864904108415871,0.2864904108415871,1.1150233324839751,FALSE,FALSE
2008-08-22,circumpolar,18.00584636,-0.3228882067524559,0.3228882067524559,1.1150233324839751,FALSE,FALSE
2008-08-23,circumpolar,18.01876073,-0.34357366940465184,0.34357366940465184,1.1150233324839751,FALSE,FALSE
2008-08-24,circumpolar,18.08254274,-0.31246919831900044,0.31246919831900044,1.1150233324839751,FALSE,FALSE
2008-08-25,circumpolar,18.17173384,-0.25502593301635557,0.25502593301635557,1.1150233324839751,FALSE,FALSE
2008-08-26,circumpolar,18.15543459,-0.30213590301755033,0.30213590301755033,1.1150233324839751,FALSE,FALSE
2008-08-27,circumpolar,18.18421325,-0.3032234378434069,0.3032234378434069,1.1150233324839751,FALSE,FALSE
2008-08-28,circumpolar,18.22202521,-0.2943248274780039,0.2943248274780039,1.1150233324839751,FALSE,FALSE
2008-08-29,circumpolar,18.32703722,-0.21725947401722576,0.21725947401722576,1.1150233324839751,FALSE,FALSE
2008-08-30,circumpolar,18.46267934,-0.10858139255337208,0.10858139255337208,1.1150233324839751,FALSE,FALSE
2008-08-31,circumpolar,18.46104468,-0.13618154445322972,0.13618154445322972,1.1150233324839751,FALSE,FALSE
2008-09-01,circumpolar,18.50587714,-0.11630010108361688,0.11630010108361688,1.1150233324839751,FALSE,FALSE
2008-09-02,circumpolar,18.59193603,-0.05416182381132017,0.05416182381132017,1.1150233324839751,FALSE,FALSE
2008-09-03,circumpolar,18.63658292,-0.03238921400314609,0.03238921400314609,1.1150233324839751,FALSE,FALSE
2008-09-04,circumpolar,18.62671384,-0.06407031302591903,0.06407031302591903,1.1150233324839751,FALSE,FALSE
2008-09-05,circumpolar,18.55622653,-0.15529145224640217,0.15529145224640217,1.1150233324839751,FALSE,FALSE
2008-09-06,circumpolar,18.51596511,-0.2151925830314383,0.2151925830314383,1.1150233324839751,FALSE,FALSE
2008-09-07,circumpolar,18.51851119,-0.2311761667478116,0.2311761667478116,1.1150233324839751,FALSE,FALSE
2008-09-08,circumpolar,18.4901812,-0.2769098447623328,0.2769098447623328,1.1150233324839751,FALSE,FALSE
2008-09-09,circumpolar,18.52579619,-0.2575566145599275,0.2575566145599275,1.1150233324839751,FALSE,FALSE
2008-09-10,circumpolar,18.49475666,-0.3036977564813341,0.3036977564813341,1.1150233324839751,FALSE,FALSE
2008-09-11,circumpolar,18.46950005,-0.3428735082247947,0.3428735082247947,1.1150233324839751,FALSE,FALSE
2008-09-12,circumpolar,18.48693787,-0.3381496055160511,0.3381496055160511,1.1150233324839751,FALSE,FALSE
2008-09-13,circumpolar,18.516164,-0.3204094140808671,0.3204094140808671,1.1150233324839751,FALSE,FALSE
2008-09-14,circumpolar,18.57100853,-0.27580008964502056,0.27580008964502056,1.1150233324839751,FALSE,FALSE
2008-09-15,circumpolar,18.56075397,-0.2950163679342488,0.2950163679342488,1.1150233324839751,FALSE,FALSE
2008-09-16,circumpolar,18.49741187,-0.36602394467431054,0.36602394467431054,1.1150233324839751,FALSE,FALSE
2008-09-17,circumpolar,18.50050794,-0.36927435559098143,0.36927435559098143,1.1150233324839751,FALSE,FALSE
2008-09-18,circumpolar,18.46070511,-0.414081916409998,0.414081916409998,1.1150233324839751,FALSE,FALSE
2008-09-19,circumpolar,18.40051052,-0.4779167328571461,0.4779167328571461,1.1150233324839751,FALSE,FALSE
2008-09-20,circumpolar,18.36320396,-0.5174762606581638,0.5174762606581638,1.1150233324839751,FALSE,FALSE
2008-09-21,circumpolar,18.33310661,-0.5484165655388047,0.5484165655388047,1.1150233324839751,FALSE,FALSE
2008-09-22,circumpolar,18.27714227,-0.6037918739715415,0.6037918739715415,1.1150233324839751,FALSE,FALSE
2008-09-23,circumpolar,18.26790275,-0.6109967612005107,0.6109967612005107,1.1150233324839751,FALSE,FALSE
2008-09-24,circumpolar,18.25393444,-0.6214762930292963,0.6214762930292963,1.1150233324839751,FALSE,FALSE
2008-09-25,circumpolar,18.27636084,-0.5940984964069678,0.5940984964069678,1.1150233324839751,FALSE,FALSE
2008-09-26,circumpolar,18.28838306,-0.5756537882826471,0.5756537882826471,1.1150233324839751,FALSE,FALSE
2008-09-27,circumpolar,18.25815747,-0.5979773256054308,0.5979773256054308,1.1150233324839751,FALSE,FALSE
2008-09-28,circumpolar,18.23686808,-0.6098766253244392,0.6098766253244392,1.1150233324839751,FALSE,FALSE
2008-09-29,circumpolar,18.30223645,-0.5336216543887637,0.5336216543887637,1.1150233324839751,FALSE,FALSE
2008-09-30,circumpolar,18.34759921,-0.47586730974749614,0.47586730974749614,1.1150233324839751,FALSE,FALSE
2008-10-01,circumpolar,18.40701669,-0.40254478834975416,0.40254478834975416,1.1150233324839751,FALSE,FALSE
2008-10-02,circumpolar,18.45855942,-0.3355750871446297,0.3355750871446297,1.1150233324839751,FALSE,FALSE
2008-10-03,circumpolar,18.46824359,-0.3089335430812312,0.3089335430812312,1.1150233324839751,FALSE,FALSE
2008-10-04,circumpolar,18.56756705,-0.1911138303974731,0.1911138303974731,1.1150233324839751,FALSE,FALSE
2008-10-05,circumpolar,18.55907759,-0.1795564037875259,0.1795564037875259,1.1150233324839751,FALSE,FALSE
2008-10-06,circumpolar,18.48251058,-0.23450449100607784,0.23450449100607784,1.1150233324839751,FALSE,FALSE
2008-10-07,circumpolar,18.43659689,-0.2572040549192458,0.2572040549192458,1.1150233324839751,FALSE,FALSE
2008-10-08,circumpolar,18.39168227,-0.2772861783931475,0.2772861783931475,1.1150233324839751,FALSE,FALSE
2008-10-09,circumpolar,18.33568401,-0.3068104042938806,0.3068104042938806,1.1150233324839751,FALSE,FALSE
2008-10-10,circumpolar,18.34279425,-0.27156142548757956,0.27156142548757956,1.1150233324839751,FALSE,FALSE
2008-10-11,circumpolar,18.36775759,-0.21677147484037815,0.21677147484037815,1.1150233324839751,FALSE,FALSE
2008-10-12,circumpolar,18.39835094,-0.15464047521834343,0.15464047521834343,1.1150233324839751,FALSE,FALSE
2008-10-13,circumpolar,18.4535619,-0.06615765948763652,0.06615765948763652,1.1150233324839751,FALSE,FALSE
2008-10-14,circumpolar,18.48758705,0.00289671948565484,0.00289671948565484,1.1150233324839751,FALSE,FALSE
2008-10-15,circumpolar,18.4019419,-0.04593866116459466,0.04593866116459466,1.1150233324839751,FALSE,FALSE
2008-10-16,circumpolar,18.31774109,-0.09152599430451148,0.09152599430451148,1.1150233324839751,FALSE,FALSE
2008-10-17,circumpolar,18.29603153,-0.07279557572464768,0.07279557572464768,1.1150233324839751,FALSE,FALSE
2008-10-18,circumpolar,18.24917194,-0.07737381202063176,0.07737381202063176,1.1150233324839751,FALSE,FALSE
2008-10-19,circumpolar,18.25297433,-0.02944139219873776,0.02944139219873776,1.1150233324839751,FALSE,FALSE
2008-10-20,circumpolar,18.26650637,0.0300763515333351,0.0300763515333351,1.1150233324839751,FALSE,FALSE
2008-10-21,circumpolar,18.27411173,0.08553008696788922,0.08553008696788922,1.1150233324839751,FALSE,FALSE
2008-10-22,circumpolar,18.269714660000002,0.1308510618972214,0.1308510618972214,1.1150233324839751,FALSE,FALSE
2008-10-23,circumpolar,18.2237302,0.13646131411364948,0.13646131411364948,1.1150233324839751,FALSE,FALSE
2008-10-24,circumpolar,18.24275918,0.20896867140946895,0.20896867140946895,1.1150233324839751,FALSE,FALSE
2008-10-25,circumpolar,18.26792833,0.2895068615769816,0.2895068615769816,1.1150233324839751,FALSE,FALSE
2008-10-26,circumpolar,18.27551964,0.35436487240850667,0.35436487240850667,1.1150233324839751,FALSE,FALSE
2008-10-27,circumpolar,18.26280208,0.4008186716963351,0.4008186716963351,1.1150233324839751,FALSE,FALSE
2008-10-28,circumpolar,18.25168942,0.45078902723276926,0.45078902723276926,1.1150233324839751,FALSE,FALSE
2008-10-29,circumpolar,18.24113098,0.5032322568101222,0.5032322568101222,1.1150233324839751,FALSE,FALSE
2008-10-30,circumpolar,18.16943449,0.496485746496532,0.496485746496532,1.1150233324839751,FALSE,FALSE
2008-10-31,circumpolar,18.2357939,0.6298846313138995,0.6298846313138995,1.1150233324839751,FALSE,FALSE
2008-11-01,circumpolar,18.16498011,0.628375253644819,0.628375253644819,1.1150233324839751,FALSE,FALSE
2008-11-02,circumpolar,18.1539885,0.6891284450811703,0.6891284450811703,1.1150233324839751,FALSE,FALSE
2008-11-03,circumpolar,18.03189891,0.6413994972148309,0.6413994972148309,1.1150233324839751,FALSE,FALSE
2008-11-04,circumpolar,17.9067814,0.5934339216376792,0.5934339216376792,1.1150233324839751,FALSE,FALSE
2008-11-05,circumpolar,17.8403592,0.6071303999415889,0.6071303999415889,1.1150233324839751,FALSE,FALSE
2008-11-06,circumpolar,17.73856779,0.5885998637184287,0.5885998637184287,1.1150233324839751,FALSE,FALSE
2008-11-07,circumpolar,17.60885601,0.5454666045600938,0.5454666045600938,1.1150233324839751,FALSE,FALSE
2008-11-08,circumpolar,17.48573116,0.5124133740584398,0.5124133740584398,1.1150233324839751,FALSE,FALSE
2008-11-09,circumpolar,17.3248429,0.4452652838053659,0.4452652838053659,1.1150233324839751,FALSE,FALSE
2008-11-10,circumpolar,17.18277595,0.4007825053927334,0.4007825053927334,1.1150233324839751,FALSE,FALSE
2008-11-11,circumpolar,17.07935837,0.398967248636712,0.398967248636712,1.1150233324839751,FALSE,FALSE
2008-11-12,circumpolar,16.98352141,0.4088529004223034,0.4088529004223034,1.1150233324839751,FALSE,FALSE
2008-11-13,circumpolar,16.9013416,0.43650987717263945,0.43650987717263945,1.1150233324839751,FALSE,FALSE
2008-11-14,circumpolar,16.80623571,0.4553399064311705,0.4553399064311705,1.1150233324839751,FALSE,FALSE
2008-11-15,circumpolar,16.66228911,0.4294133157413534,0.4294133157413534,1.1150233324839751,FALSE,FALSE
2008-11-16,circumpolar,16.56243692,0.45165018264663104,0.45165018264663104,1.1150233324839751,FALSE,FALSE
2008-11-17,circumpolar,16.4158547,0.43121102469044814,0.43121102469044814,1.1150233324839751,FALSE,FALSE
2008-11-18,circumpolar,16.26829617,0.4138345194162607,0.4138345194162607,1.1150233324839751,FALSE,FALSE
2008-11-19,circumpolar,16.13383415,0.4135784443675252,0.4135784443675252,1.1150233324839751,FALSE,FALSE
2008-11-20,circumpolar,16.07054697,0.48850608708768206,0.48850608708768206,1.1150233324839751,FALSE,FALSE
2008-11-21,circumpolar,15.97910487,0.5392726451201924,0.5392726451201924,1.1150233324839751,FALSE,FALSE
2008-11-22,circumpolar,15.88054019,0.5868954160084883,0.5868954160084883,1.1150233324839751,FALSE,FALSE
2008-11-23,circumpolar,15.71352695,0.5700333772960384,0.5700333772960384,1.1150233324839751,FALSE,FALSE
2008-11-24,circumpolar,15.56370361,0.5743174537201945,0.5743174537201945,1.1150233324839751,FALSE,FALSE
2008-11-25,circumpolar,15.40166074,0.5703941746066992,0.5703941746066992,1.1150233324839751,FALSE,FALSE
2008-11-26,circumpolar,15.32849369,0.6594467760063925,0.6594467760063925,1.1150233324839751,FALSE,FALSE
2008-11-27,circumpolar,15.23187088,0.7292318057965588,0.7292318057965588,1.1150233324839751,FALSE,FALSE
2008-11-28,circumpolar,15.05453473,0.7225798118544517,0.7225798118544517,1.1150233324839751,FALSE,FALSE
2008-11-29,circumpolar,14.96155175,0.80464543205734,0.80464543205734,1.1150233324839751,FALSE,FALSE
2008-11-30,circumpolar,14.8381381,0.8607329542824864,0.8607329542824864,1.1150233324839751,FALSE,FALSE
2008-12-01,circumpolar,14.62786304,0.8344997664071574,0.8344997664071574,1.1150233324839751,FALSE,FALSE
2008-12-02,circumpolar,14.4570703,0.8523777263086103,0.8523777263086103,1.1150233324839751,FALSE,FALSE
2008-12-03,circumpolar,14.2981044,0.8867994818641183,0.8867994818641183,1.1150233324839751,FALSE,FALSE
2008-12-04,circumpolar,14.21549371,1.0023815309509398,1.0023815309509398,1.1150233324839751,FALSE,FALSE
2008-12-05,circumpolar,14.04082793,1.0308017014463378,1.0308017014463378,1.1150233324839751,FALSE,FALSE
2008-12-06,circumpolar,13.88976921,1.0878097769069957,1.0878097769069957,1.1150233324839751,FALSE,FALSE
2008-12-07,circumpolar,13.71847377,1.1294961579614071,1.1294961579614071,1.1150233324839751,TRUE,TRUE
2008-12-08,circumpolar,13.52481445,1.153297793119929,1.153297793119929,1.1150233324839751,TRUE,TRUE
2008-12-09,circumpolar,13.32367907,1.1736119429906644,1.1736119429906644,1.1150233324839751,TRUE,TRUE
2008-12-10,circumpolar,13.13906625,1.213946668181709,1.213946668181709,1.1150233324839751,TRUE,TRUE
2008-12-11,circumpolar,12.98122369,1.2840591093011575,1.2840591093011575,1.1150233324839751,TRUE,TRUE
2008-12-12,circumpolar,12.9075803,1.4408876169571148,1.4408876169571148,1.1150233324839751,TRUE,TRUE
2008-12-13,circumpolar,12.78585144,1.55165699175768,1.55165699175768,1.1150233324839751,TRUE,TRUE
2008-12-14,circumpolar,12.66894772,1.66878728431095,1.66878728431095,1.1150233324839751,TRUE,TRUE
2008-12-15,circumpolar,12.46745495,1.7023737452250387,1.7023737452250387,1.1150233324839751,TRUE,TRUE
2008-12-16,circumpolar,12.21728466,1.6878373451080293,1.6878373451080293,1.1150233324839751,TRUE,TRUE
2008-12-17,circumpolar,11.93500887,1.6412595445680245,1.6412595445680245,1.1150233324839751,TRUE,TRUE
2008-12-18,circumpolar,11.73198394,1.6735061442131265,1.6735061442131265,1.1150233324839751,TRUE,TRUE
2008-12-19,circumpolar,11.51166161,1.6875399076924342,1.6875399076924342,1.1150233324839751,TRUE,TRUE
2008-12-20,circumpolar,11.25657476,1.6654297695846143,1.6654297695846143,1.1150233324839751,TRUE,TRUE
2008-12-21,circumpolar,11.07350256,1.7135109346819275,1.7135109346819275,1.1150233324839751,TRUE,TRUE
2008-12-22,circumpolar,10.82156246,1.6904574445636964,1.6904574445636964,1.1150233324839751,TRUE,TRUE
2008-12-23,circumpolar,10.62353398,1.7186054108092197,1.7186054108092197,1.1150233324839751,TRUE,TRUE
2008-12-24,circumpolar,10.3285928,1.6466871049978398,1.6466871049978398,1.1150233324839751,TRUE,TRUE
2008-12-25,circumpolar,10.07516054,1.6126807387088498,1.6126807387088498,1.1150233324839751,TRUE,TRUE
2008-12-26,circumpolar,9.829232593,1.582138296521597,1.582138296521597,1.1150233324839751,TRUE,TRUE
2008-12-27,circumpolar,9.475413137,1.4392205480153706,1.4392205480153706,1.1150233324839751,TRUE,TRUE
2008-12-28,circumpolar,9.274906367,1.4446882797695189,1.4446882797695189,1.1150233324839751,TRUE,TRUE
2008-12-29,circumpolar,8.937331758,1.3077175583633365,1.3077175583633365,1.1150233324839751,TRUE,TRUE
2008-12-30,circumpolar,8.582362091,1.1475377563761402,1.1475377563761402,1.1150233324839751,TRUE,TRUE
2008-12-31,circumpolar,8.421964947,1.17567304638726,1.17567304638726,1.1150233324839751,TRUE,TRUE
2009-01-01,circumpolar,8.333620338,1.0873284373872665,1.0873284373872665,1.1150233324839751,FALSE,FALSE
2009-01-02,circumpolar,8.131499639,1.0671567564307285,1.0671567564307285,1.1150233324839751,FALSE,FALSE
2009-01-03,circumpolar,7.92520017,1.036366598359388,1.036366598359388,1.1150233324839751,FALSE,FALSE
2009-01-04,circumpolar,7.784626571,1.06512373548082,1.06512373548082,1.1150233324839751,FALSE,FALSE
2009-01-05,circumpolar,7.66241126,1.1063217181026133,1.1063217181026133,1.1150233324839751,FALSE,FALSE
2009-01-06,circumpolar,7.510569518,1.1122369595323187,1.1122369595323187,1.1150233324839751,FALSE,FALSE
2009-01-07,circumpolar,7.347798085,1.1018273320775096,1.1018273320775096,1.1150233324839751,FALSE,FALSE
2009-01-08,circumpolar,7.244703788,1.145960795045771,1.145960795045771,1.1150233324839751,TRUE,TRUE
2009-01-09,circumpolar,7.114172053,1.15778390674466,1.15778390674466,1.1150233324839751,TRUE,TRUE
2009-01-10,circumpolar,6.976992488,1.1583474074817657,1.1583474074817657,1.1150233324839751,TRUE,TRUE
2009-01-11,circumpolar,6.894119768,1.208867104564641,1.208867104564641,1.1150233324839751,TRUE,TRUE
2009-01-12,circumpolar,6.7576538,1.2017040373008694,1.2017040373008694,1.1150233324839751,TRUE,TRUE
2009-01-13,circumpolar,6.597774997,1.16729975099802,1.16729975099802,1.1150233324839751,TRUE,TRUE
2009-01-14,circumpolar,6.434958927,1.1263877199729144,1.1263877199729144,1.1150233324839751,TRUE,TRUE
2009-01-15,circumpolar,6.267429975,1.0773344713868598,1.0773344713868598,1.1150233324839751,FALSE,FALSE
2009-01-16,circumpolar,6.104686966,1.0296359447010657,1.0296359447010657,1.1150233324839751,FALSE,FALSE
2009-01-17,circumpolar,5.938949374,0.9754995563324168,0.9754995563324168,1.1150233324839751,FALSE,FALSE
2009-01-18,circumpolar,5.782060825,0.926756874697805,0.926756874697805,1.1150233324839751,FALSE,FALSE
2009-01-19,circumpolar,5.624581626,0.8739561492141181,0.8739561492141181,1.1150233324839751,FALSE,FALSE
2009-01-20,circumpolar,5.320264371,0.6708379162982459,0.6708379162982459,1.1150233324839751,FALSE,FALSE
2009-01-21,circumpolar,5.213075213,0.6613562713670733,0.6613562713670733,1.1150233324839751,FALSE,FALSE
2009-01-22,circumpolar,5.111697017,0.6541820218374932,0.6541820218374932,1.1150233324839751,FALSE,FALSE
2009-01-23,circumpolar,4.927662158,0.560835485126395,0.560835485126395,1.1150233324839751,FALSE,FALSE
2009-01-24,circumpolar,4.770843195,0.4911771626506596,0.4911771626506596,1.1150233324839751,FALSE,FALSE
2009-01-25,circumpolar,4.615887336,0.41984220482718104,0.41984220482718104,1.1150233324839751,FALSE,FALSE
2009-01-26,circumpolar,4.534916884,0.4189408570728528,0.4189408570728528,1.1150233324839751,FALSE,FALSE
2009-01-27,circumpolar,4.428711384,0.3892520786581093,0.3892520786581093,1.1150233324839751,FALSE,FALSE
2009-01-28,circumpolar,4.330558477,0.3641405830946858,0.3641405830946858,1.1150233324839751,FALSE,FALSE
2009-01-29,circumpolar,4.208890574,0.31214805541379365,0.31214805541379365,1.1150233324839751,FALSE,FALSE
2009-01-30,circumpolar,4.136480495,0.30615669337795426,0.30615669337795426,1.1150233324839751,FALSE,FALSE
2009-01-31,circumpolar,4.016911324,0.24985895874970732,0.24985895874970732,1.1150233324839751,FALSE,FALSE
2009-02-01,circumpolar,3.933710344,0.22689151229157067,0.22689151229157067,1.1150233324839751,FALSE,FALSE
2009-02-02,circumpolar,3.866397612,0.2168837887660744,0.2168837887660744,1.1150233324839751,FALSE,FALSE
2009-02-03,circumpolar,3.732159536,0.13713157393575282,0.13713157393575282,1.1150233324839751,FALSE,FALSE
2009-02-04,circumpolar,3.562847678,0.01959580756312595,0.01959580756312595,1.1150233324839751,FALSE,FALSE
2009-02-05,circumpolar,3.550982987,0.05690681641071959,0.05690681641071959,1.1150233324839751,FALSE,FALSE
2009-02-06,circumpolar,3.590249355,0.14285787024106789,0.14285787024106789,1.1150233324839751,FALSE,FALSE
2009-02-07,circumpolar,3.619355679,0.2162672438166973,0.2162672438166973,1.1150233324839751,FALSE,FALSE
2009-02-08,circumpolar,3.5743071,0.21324861508319023,0.21324861508319023,1.1150233324839751,FALSE,FALSE
2009-02-09,circumpolar,3.47319667,0.1518925655389678,0.1518925655389678,1.1150233324839751,FALSE,FALSE
2009-02-10,circumpolar,3.343298644,0.05925011253102452,0.05925011253102452,1.1150233324839751,FALSE,FALSE
2009-02-11,circumpolar,3.286045992,0.03650488631076909,0.03650488631076909,1.1150233324839751,FALSE,FALSE
2009-02-12,circumpolar,3.278218,0.06018683312959094,0.06018683312959094,1.1150233324839751,FALSE,FALSE
2009-02-13,circumpolar,3.243803255,0.05403520023888175,0.05403520023888175,1.1150233324839751,FALSE,FALSE
2009-02-14,circumpolar,3.183011518,0.01801040889004745,0.01801040889004745,1.1150233324839751,FALSE,FALSE
2009-02-15,circumpolar,3.111542007,-0.03243766266552228,0.03243766266552228,1.1150233324839751,FALSE,FALSE
2009-02-16,circumpolar,3.099642836,-0.02731024017643335,0.02731024017643335,1.1150233324839751,FALSE,FALSE
2009-02-17,circumpolar,3.090654271,-0.02351639739127842,0.02351639739127842,1.1150233324839751,FALSE,FALSE
2009-02-18,circumpolar,3.034844639,-0.07103714705867237,0.07103714705867237,1.1150233324839751,FALSE,FALSE
2009-02-19,circumpolar,2.986031809,-0.11630395992721931,0.11630395992721931,1.1150233324839751,FALSE,FALSE
2009-02-20,circumpolar,2.963313585,-0.14046837174551283,0.14046837174551283,1.1150233324839751,FALSE,FALSE
2009-02-21,circumpolar,3.032140908,-0.07830664748380922,0.07830664748380922,1.1150233324839751,FALSE,FALSE
2009-02-22,circumpolar,3.062058378,-0.06023305130254997,0.06023305130254997,1.1150233324839751,FALSE,FALSE
2009-02-23,circumpolar,3.029243962,-0.10984996768028354,0.10984996768028354,1.1150233324839751,FALSE,FALSE
2009-02-24,circumpolar,3.101661071,-0.05897111012685929,0.05897111012685929,1.1150233324839751,FALSE,FALSE
2009-02-25,circumpolar,3.197673896,0.01099058784788553,0.01099058784788553,1.1150233324839751,FALSE,FALSE
2009-02-26,circumpolar,3.236553211,0.01952877573410205,0.01952877573410205,1.1150233324839751,FALSE,FALSE
2009-02-27,circumpolar,3.341064626,0.08963193902195021,0.08963193902195021,1.1150233324839751,FALSE,FALSE
2009-02-28,circumpolar,3.459573301,0.16988811320158437,0.16988811320158437,1.1150233324839751,FALSE,FALSE
2009-03-01,circumpolar,3.539770854,0.2082117917631634,0.2082117917631634,1.1150233324839751,FALSE,FALSE
2009-03-02,circumpolar,3.58654869,0.20971725519683823,0.20971725519683823,1.1150233324839751,FALSE,FALSE
2009-03-03,circumpolar,3.702179881,0.27690045099277594,0.27690045099277594,1.1150233324839751,FALSE,FALSE
2009-03-04,circumpolar,3.827950419,0.35127024664112527,0.35127024664112527,1.1150233324839751,FALSE,FALSE
2009-03-05,circumpolar,3.920883132,0.39007233934550056,0.39007233934550056,1.1150233324839751,FALSE,FALSE
2009-03-06,circumpolar,3.988917445,0.40144563815532,0.40144563815532,1.1150233324839751,FALSE,FALSE
2009-03-07,circumpolar,4.042003057,0.395463192940821,0.395463192940821,1.1150233324839751,FALSE,FALSE
2009-03-08,circumpolar,4.05929739,0.3513903093189734,0.3513903093189734,1.1150233324839751,FALSE,FALSE
2009-03-09,circumpolar,4.142302453,0.3708368799067397,0.3708368799067397,1.1150233324839751,FALSE,FALSE
2009-03-10,circumpolar,4.209174333,0.3720668753210914,0.3720668753210914,1.1150233324839751,FALSE,FALSE
2009-03-11,circumpolar,4.245406521,0.3406816701789994,0.3406816701789994,1.1150233324839751,FALSE,FALSE
2009-03-12,circumpolar,4.357265963,0.383056094097427,0.383056094097427,1.1150233324839751,FALSE,FALSE
2009-03-13,circumpolar,4.514371421,0.4689167926933431,0.4689167926933431,1.1150233324839751,FALSE,FALSE
2009-03-14,circumpolar,4.605392653,0.4870414075837175,0.4870414075837175,1.1150233324839751,FALSE,FALSE
2009-03-15,circumpolar,4.706717956,0.5139261193855171,0.5139261193855171,1.1150233324839751,FALSE,FALSE
2009-03-16,circumpolar,4.790661256,0.5219927377157063,0.5219927377157063,1.1150233324839751,FALSE,FALSE
2009-03-17,circumpolar,4.902563257,0.5566898501912609,0.5566898501912609,1.1150233324839751,FALSE,FALSE
2009-03-18,circumpolar,5.105369086,0.6810691764185952,0.6810691764185952,1.1150233324839751,FALSE,FALSE
2009-03-19,circumpolar,5.252613026,0.7487393492038681,0.7487393492038681,1.1150233324839751,FALSE,FALSE
2009-03-20,circumpolar,5.322618733,0.7380646481141326,0.7380646481141326,1.1150233324839751,FALSE,FALSE
2009-03-21,circumpolar,5.341307497,0.6750053988298932,0.6750053988298932,1.1150233324839751,FALSE,FALSE
2009-03-22,circumpolar,5.452309767,0.7032310860316846,0.7032310860316846,1.1150233324839751,FALSE,FALSE
2009-03-23,circumpolar,5.518095907,0.6852511094000233,0.6852511094000233,1.1150233324839751,FALSE,FALSE
2009-03-24,circumpolar,5.549315026,0.6317536136154294,0.6317536136154294,1.1150233324839751,FALSE,FALSE
2009-03-25,circumpolar,5.622121217,0.6189317273584303,0.6189317273584303,1.1150233324839751,FALSE,FALSE
2009-03-26,circumpolar,5.728844912,0.6391549183095391,0.6391549183095391,1.1150233324839751,FALSE,FALSE
2009-03-27,circumpolar,5.85319013,0.6761662411492866,0.6761662411492866,1.1150233324839751,FALSE,FALSE
2009-03-28,circumpolar,5.969876099,0.7047239595581924,0.7047239595581924,1.1150233324839751,FALSE,FALSE
2009-03-29,circumpolar,6.085767798,0.7317320882167708,0.7317320882167708,1.1150233324839751,FALSE,FALSE
2009-03-30,circumpolar,6.220131514,0.776495949805553,0.776495949805553,1.1150233324839751,FALSE,FALSE
2009-03-31,circumpolar,6.300514215,0.7665916944225684,0.7665916944225684,1.1150233324839751,FALSE,FALSE
2009-04-01,circumpolar,6.394439176,0.7695179191565771,0.7695179191565771,1.1150233324839751,FALSE,FALSE
2009-04-02,circumpolar,6.489244347,0.7725695860141695,0.7725695860141695,1.1150233324839751,FALSE,FALSE
2009-04-03,circumpolar,6.609850826,0.8006247898650054,0.8006247898650054,1.1150233324839751,FALSE,FALSE
2009-04-04,circumpolar,6.696759979,0.794141893578753,0.794141893578753,1.1150233324839751,FALSE,FALSE
2009-04-05,circumpolar,6.780222939,0.7833290270250703,0.7833290270250703,1.1150233324839751,FALSE,FALSE
2009-04-06,circumpolar,6.925584021,0.8334875020736314,0.8334875020736314,1.1150233324839751,FALSE,FALSE
2009-04-07,circumpolar,7.066161193,0.8778922835940861,0.8778922835940861,1.1150233324839751,FALSE,FALSE
2009-04-08,circumpolar,7.159369754,0.8739156674561039,0.8739156674561039,1.1150233324839751,FALSE,FALSE
2009-04-09,circumpolar,7.269455908,0.8857608545293427,0.8857608545293427,1.1150233324839751,FALSE,FALSE
2009-04-10,circumpolar,7.411936419,0.9289016056834712,0.9289016056834712,1.1150233324839751,FALSE,FALSE
2009-04-11,circumpolar,7.606977384,1.023461014788146,1.023461014788146,1.1150233324839751,FALSE,FALSE
2009-04-12,circumpolar,7.782932183,1.0977500852803823,1.0977500852803823,1.1150233324839751,FALSE,FALSE
2009-04-13,circumpolar,7.882610716,1.0945809961985231,1.0945809961985231,1.1150233324839751,FALSE,FALSE
2009-04-14,circumpolar,8.006541974,1.1145586319391363,1.1145586319391363,1.1150233324839751,FALSE,FALSE
2009-04-15,circumpolar,8.108950978,1.1119907828093796,1.1119907828093796,1.1150233324839751,FALSE,FALSE
2009-04-16,circumpolar,8.214043188,1.1111656781164383,1.1111656781164383,1.1150233324839751,FALSE,FALSE
2009-04-17,circumpolar,8.293181602,1.0835290851674682,1.0835290851674682,1.1150233324839751,FALSE,FALSE
2009-04-18,circumpolar,8.428330596,1.111128149269633,1.111128149269633,1.1150233324839751,FALSE,FALSE
2009-04-19,circumpolar,8.495235217,1.0697906867300926,1.0697906867300926,1.1150233324839751,FALSE,FALSE
2009-04-20,circumpolar,8.581861121,1.047565122856036,1.047565122856036,1.1150233324839751,FALSE,FALSE
2009-04-21,circumpolar,8.724600768,1.0809266869546068,1.0809266869546068,1.1150233324839751,FALSE,FALSE
2009-04-22,circumpolar,8.8262989,1.0728028903329785,1.0728028903329785,1.1150233324839751,FALSE,FALSE
2009-04-23,circumpolar,8.963445616,1.0997666012983247,1.0997666012983247,1.1150233324839751,FALSE,FALSE
2009-04-24,circumpolar,9.064129351,1.089989024157796,1.089989024157796,1.1150233324839751,FALSE,FALSE
2009-04-25,circumpolar,9.207171554,1.122370875642135,1.122370875642135,1.1150233324839751,TRUE,FALSE
2009-04-26,circumpolar,9.265327935,1.069713877391257,1.069713877391257,1.1150233324839751,FALSE,FALSE
2009-04-27,circumpolar,9.347246763,1.0406939325347793,1.0406939325347793,1.1150233324839751,FALSE,FALSE
2009-04-28,circumpolar,9.470268338,1.052678781615576,1.052678781615576,1.1150233324839751,FALSE,FALSE
2009-04-29,circumpolar,9.51314275,0.9844459551764952,0.9844459551764952,1.1150233324839751,FALSE,FALSE
2009-04-30,circumpolar,9.554816759,0.9149696537603926,0.9149696537603926,1.1150233324839751,FALSE,FALSE
2009-05-01,circumpolar,9.638491622,0.8874785749101299,0.8874785749101299,1.1150233324839751,FALSE,FALSE
2009-05-02,circumpolar,9.776591328,0.9144241481685552,0.9144241481685552,1.1150233324839751,FALSE,FALSE
2009-05-03,circumpolar,9.886407786,0.913125723078542,0.913125723078542,1.1150233324839751,FALSE,FALSE
2009-05-04,circumpolar,10.00768026,0.9233500041829376,0.9233500041829376,1.1150233324839751,FALSE,FALSE
2009-05-05,circumpolar,10.12516171,0.9298773920245936,0.9298773920245936,1.1150233324839751,FALSE,FALSE
2009-05-06,circumpolar,10.19885159,0.8927347811463822,0.8927347811463822,1.1150233324839751,FALSE,FALSE
2009-05-07,circumpolar,10.30916895,0.8923686470981558,0.8923686470981558,1.1150233324839751,FALSE,FALSE
2009-05-08,circumpolar,10.39120396,0.8638882266032493,0.8638882266032493,1.1150233324839751,FALSE,FALSE
2009-05-09,circumpolar,10.52993219,0.8922659095980858,0.8922659095980858,1.1150233324839751,FALSE,FALSE
2009-05-10,circumpolar,10.64515504,0.8972962556210042,0.8972962556210042,1.1150233324839751,FALSE,FALSE
2009-05-11,circumpolar,10.78169192,0.92379183421032,0.92379183421032,1.1150233324839751,FALSE,FALSE
2009-05-12,circumpolar,10.91597122,0.9481741949043716,0.9481741949043716,1.1150233324839751,FALSE,FALSE
2009-05-13,circumpolar,11.02340187,0.9458454272414798,0.9458454272414798,1.1150233324839751,FALSE,FALSE
2009-05-14,circumpolar,11.094021,0.9068358207599764,0.9068358207599764,1.1150233324839751,FALSE,FALSE
2009-05-15,circumpolar,11.18129787,0.884607794998189,0.884607794998189,1.1150233324839751,FALSE,FALSE
2009-05-16,circumpolar,11.318242679999999,0.9121647094944354,0.9121647094944354,1.1150233324839751,FALSE,FALSE
2009-05-17,circumpolar,11.39213491,0.8767792037870485,0.8767792037870485,1.1150233324839751,FALSE,FALSE
2009-05-18,circumpolar,11.44051011,0.8159799874143747,0.8159799874143747,1.1150233324839751,FALSE,FALSE
2009-05-19,circumpolar,11.48767375,0.754065689914718,0.754065689914718,1.1150233324839751,FALSE,FALSE
2009-05-20,circumpolar,11.53662492,0.6940296938638841,0.6940296938638841,1.1150233324839751,FALSE,FALSE
2009-05-21,circumpolar,11.59509641,0.6436197567287358,0.6436197567287358,1.1150233324839751,FALSE,FALSE
2009-05-22,circumpolar,11.66608949,0.6058701792932535,0.6058701792932535,1.1150233324839751,FALSE,FALSE
2009-05-23,circumpolar,11.78510807,0.6163185100766206,0.6163185100766206,1.1150233324839751,FALSE,FALSE
2009-05-24,circumpolar,11.97851254,0.701358777598001,0.701358777598001,1.1150233324839751,FALSE,FALSE
2009-05-25,circumpolar,12.11514056,0.7298622803765831,0.7298622803765831,1.1150233324839751,FALSE,FALSE
2009-05-26,circumpolar,12.26608411,0.7729546369315372,0.7729546369315372,1.1150233324839751,FALSE,FALSE
2009-05-27,circumpolar,12.3483407,0.7476669957820334,0.7476669957820334,1.1150233324839751,FALSE,FALSE
2009-05-28,circumpolar,12.46631881,0.7584414754472526,0.7584414754472526,1.1150233324839751,FALSE,FALSE
2009-05-29,circumpolar,12.56919313,0.7544864044463768,0.7544864044463768,1.1150233324839751,FALSE,FALSE
2009-05-30,circumpolar,12.65786081,0.7367325712985764,0.7367325712985764,1.1150233324839751,FALSE,FALSE
2009-05-31,circumpolar,12.70470979,0.6776015545230134,0.6776015545230134,1.1150233324839751,FALSE,FALSE
2009-06-01,circumpolar,12.77108076,0.6384676826388915,0.6384676826388915,1.1150233324839751,FALSE,FALSE
2009-06-02,circumpolar,12.93332005,0.6956998121964144,0.6956998121964144,1.1150233324839751,FALSE,FALSE
2009-06-03,circumpolar,13.04833305,0.7061765640509226,0.7061765640509226,1.1150233324839751,FALSE,FALSE
2009-06-04,circumpolar,13.12348367,0.6772214138466044,0.6772214138466044,1.1150233324839751,FALSE,FALSE
2009-06-05,circumpolar,13.22777096,0.6777929767215127,0.6777929767215127,1.1150233324839751,FALSE,FALSE
2009-06-06,circumpolar,13.30173638,0.6483922778136826,0.6483922778136826,1.1150233324839751,FALSE,FALSE
2009-06-07,circumpolar,13.41501505,0.6586140022611424,0.6586140022611424,1.1150233324839751,FALSE,FALSE
2009-06-08,circumpolar,13.59044302,0.7312537652019291,0.7312537652019291,1.1150233324839751,FALSE,FALSE
2009-06-09,circumpolar,13.70451494,0.7427657817740698,0.7427657817740698,1.1150233324839751,FALSE,FALSE
2009-06-10,circumpolar,13.76290843,0.6987872371155976,0.6987872371155976,1.1150233324839751,FALSE,FALSE
2009-06-11,circumpolar,13.83221119,0.6658653963645662,0.6658653963645662,1.1150233324839751,FALSE,FALSE
2009-06-12,circumpolar,13.91129409,0.6428306946589863,0.6428306946589863,1.1150233324839751,FALSE,FALSE
2009-06-13,circumpolar,13.99177474,0.621260307136895,0.621260307136895,1.1150233324839751,FALSE,FALSE
2009-06-14,circumpolar,14.09952167,0.6269841593567573,0.6269841593567573,1.1150233324839751,FALSE,FALSE
2009-06-15,circumpolar,14.22303948,0.6485489394010049,0.6485489394010049,1.1150233324839751,FALSE,FALSE
2009-06-16,circumpolar,14.29698855,0.6207678138439938,0.6207678138439938,1.1150233324839751,FALSE,FALSE
2009-06-17,circumpolar,14.40062079,0.6230534995546098,0.6230534995546098,1.1150233324839751,FALSE,FALSE
2009-06-18,circumpolar,14.55547126,0.6771018634017114,0.6771018634017114,1.1150233324839751,FALSE,FALSE
2009-06-19,circumpolar,14.61327938,0.6348131322541892,0.6348131322541892,1.1150233324839751,FALSE,FALSE
2009-06-20,circumpolar,14.7014,0.6237029629809072,0.6237029629809072,1.1150233324839751,FALSE,FALSE
2009-06-21,circumpolar,14.73588026,0.5599793024507438,0.5599793024507438,1.1150233324839751,FALSE,FALSE
2009-06-22,circumpolar,14.82024264,0.5473254375325549,0.5473254375325549,1.1150233324839751,FALSE,FALSE
2009-06-23,circumpolar,14.91611967,0.5475347050952308,0.5475347050952308,1.1150233324839751,FALSE,FALSE
2009-06-24,circumpolar,15.09026445,0.6275210120076427,0.6275210120076427,1.1150233324839751,FALSE,FALSE
2009-06-25,circumpolar,15.19781947,0.6425876551386533,0.6425876551386533,1.1150233324839751,FALSE,FALSE
2009-06-26,circumpolar,15.21495734,0.5690680513571476,0.5690680513571476,1.1150233324839751,FALSE,FALSE
2009-06-27,circumpolar,15.21754948,0.48296640284569214,0.48296640284569214,1.1150233324839751,FALSE,FALSE
2009-06-28,circumpolar,15.21332942,0.3919372530963319,0.3919372530963319,1.1150233324839751,FALSE,FALSE
2009-06-29,circumpolar,15.30130035,0.39480804016214854,0.39480804016214854,1.1150233324839751,FALSE,FALSE
2009-06-30,circumpolar,15.34392636,0.3538666045756731,0.3538666045756731,1.1150233324839751,FALSE,FALSE
2009-07-01,circumpolar,15.54100574,0.4687349868694657,0.4687349868694657,1.1150233324839751,FALSE,FALSE
2009-07-02,circumpolar,15.63119496,0.477893407576067,0.477893407576067,1.1150233324839751,FALSE,FALSE
2009-07-03,circumpolar,15.62078971,0.3874613072280386,0.3874613072280386,1.1150233324839751,FALSE,FALSE
2009-07-04,circumpolar,15.61500291,0.3024753563579168,0.3024753563579168,1.1150233324839751,FALSE,FALSE
2009-07-05,circumpolar,15.68820857,0.2971333154982556,0.2971333154982556,1.1150233324839751,FALSE,FALSE
2009-07-06,circumpolar,15.80783457,0.3386868151815978,0.3386868151815978,1.1150233324839751,FALSE,FALSE
2009-07-07,circumpolar,15.96751621,0.4205949059404972,0.4205949059404972,1.1150233324839751,FALSE,FALSE
2009-07-08,circumpolar,16.1589777,0.5344055483075021,0.5344055483075021,1.1150233324839751,FALSE,FALSE
2009-07-09,circumpolar,16.31424593,0.6119697958090402,0.6119697958090402,1.1150233324839751,FALSE,FALSE
2009-07-10,circumpolar,16.44872925,0.6686004873705116,0.6686004873705116,1.1150233324839751,FALSE,FALSE
2009-07-11,circumpolar,16.56178585,0.7037360920004581,0.7037360920004581,1.1150233324839751,FALSE,FALSE
2009-07-12,circumpolar,16.64679428,0.7108587021176351,0.7108587021176351,1.1150233324839751,FALSE,FALSE
2009-07-13,circumpolar,16.69273506,0.6790523801408597,0.6790523801408597,1.1150233324839751,FALSE,FALSE
2009-07-14,circumpolar,16.63120322,0.540015698488908,0.540015698488908,1.1150233324839751,FALSE,FALSE
2009-07-15,circumpolar,16.66882926,0.5004826995805836,0.5004826995805836,1.1150233324839751,FALSE,FALSE
2009-07-16,circumpolar,16.78954983,0.5444935758346645,0.5444935758346645,1.1150233324839751,FALSE,FALSE
2009-07-17,circumpolar,16.79531098,0.47409791966994064,0.47409791966994064,1.1150233324839751,FALSE,FALSE
2009-07-18,circumpolar,16.73376048,0.3370470435052333,0.3370470435052333,1.1150233324839751,FALSE,FALSE
2009-07-19,circumpolar,16.67772467,0.20627082975929412,0.20627082975929412,1.1150233324839751,FALSE,FALSE
2009-07-20,circumpolar,16.73422239,0.1888916608509348,0.1888916608509348,1.1150233324839751,FALSE,FALSE
2009-07-21,circumpolar,16.7825003,0.16425973919893977,0.16425973919893977,1.1150233324839751,FALSE,FALSE
2009-07-22,circumpolar,16.81609885,0.12601617528048337,0.12601617528048337,1.1150233324839751,FALSE,FALSE
2009-07-23,circumpolar,16.83363944,0.07284325215639242,0.07284325215639242,1.1150233324839751,FALSE,FALSE
2009-07-24,circumpolar,16.96383507,0.1334858575501805,0.1334858575501805,1.1150233324839751,FALSE,FALSE
2009-07-25,circumpolar,17.0722187,0.17350818145826707,0.17350818145826707,1.1150233324839751,FALSE,FALSE
2009-07-26,circumpolar,17.18293973,0.21709085387709237,0.21709085387709237,1.1150233324839751,FALSE,FALSE
2009-07-27,circumpolar,17.19340605,0.16167299480307662,0.16167299480307662,1.1150233324839751,FALSE,FALSE
2009-07-28,circumpolar,17.27459047,0.17825864423264548,0.17825864423264548,1.1150233324839751,FALSE,FALSE
2009-07-29,circumpolar,17.38305213,0.22343817216223627,0.22343817216223627,1.1150233324839751,FALSE,FALSE
2009-07-30,circumpolar,17.4082298,0.18668157858828496,0.18668157858828496,1.1150233324839751,FALSE,FALSE
2009-07-31,circumpolar,17.50802937,0.22592598350719229,0.22592598350719229,1.1150233324839751,FALSE,FALSE
2009-08-01,circumpolar,17.58851227,0.24726404691539017,0.24726404691539017,1.1150233324839751,FALSE,FALSE
2009-08-02,circumpolar,17.65907899,0.260127488809335,0.260127488809335,1.1150233324839751,FALSE,FALSE
2009-08-03,circumpolar,17.7377894,0.28260740862276634,0.28260740862276634,1.1150233324839751,FALSE,FALSE
2009-08-04,circumpolar,17.87092254,0.3609988859378994,0.3609988859378994,1.1150233324839751,FALSE,FALSE
2009-08-05,circumpolar,18.02178276,0.45856751467491463,0.45856751467491463,1.1150233324839751,FALSE,FALSE
2009-08-06,circumpolar,18.05032816,0.4352202870122355,0.4352202870122355,1.1150233324839751,FALSE,FALSE
2009-08-07,circumpolar,18.05580547,0.39015282512827554,0.39015282512827554,1.1150233324839751,FALSE,FALSE
2009-08-08,circumpolar,18.16228766,0.44738699120143366,0.44738699120143366,1.1150233324839751,FALSE,FALSE
2009-08-09,circumpolar,18.27271194,0.5098088874101308,0.5098088874101308,1.1150233324839751,FALSE,FALSE
2009-08-10,circumpolar,18.34736388,0.5376529759327617,0.5376529759327617,1.1150233324839751,FALSE,FALSE
2009-08-11,circumpolar,18.41060683,0.555231498947748,0.555231498947748,1.1150233324839751,FALSE,FALSE
2009-08-12,circumpolar,18.4164712,0.5165237586334932,0.5165237586334932,1.1150233324839751,FALSE,FALSE
2009-08-13,circumpolar,18.46288181,0.5194034671684236,0.5194034671684236,1.1150233324839751,FALSE,FALSE
2009-08-14,circumpolar,18.5746394,0.5886202567309375,0.5886202567309375,1.1150233324839751,FALSE,FALSE
2009-08-15,circumpolar,18.61302198,0.5854010294994403,0.5854010294994403,1.1150233324839751,FALSE,FALSE
2009-08-16,circumpolar,18.63972739,0.5713933962226498,0.5713933962226498,1.1150233324839751,FALSE,FALSE
2009-08-17,circumpolar,18.62464903,0.5164666408221628,0.5164666408221628,1.1150233324839751,FALSE,FALSE
2009-08-18,circumpolar,18.62622757,0.47906720580537865,0.47906720580537865,1.1150233324839751,FALSE,FALSE
2009-08-19,circumpolar,18.62529301,0.44003250165143726,0.44003250165143726,1.1150233324839751,FALSE,FALSE
2009-08-20,circumpolar,18.67489043,0.4524150188395204,0.4524150188395204,1.1150233324839751,FALSE,FALSE
2009-08-21,circumpolar,18.68115735,0.4223596878487896,0.4223596878487896,1.1150233324839751,FALSE,FALSE
2009-08-22,circumpolar,18.67843861,0.38421875915841497,0.38421875915841497,1.1150233324839751,FALSE,FALSE
2009-08-23,circumpolar,18.71052982,0.38179525324754593,0.38179525324754593,1.1150233324839751,FALSE,FALSE
2009-08-24,circumpolar,18.66759379,0.30525939059534934,0.30525939059534934,1.1150233324839751,FALSE,FALSE
2009-08-25,circumpolar,18.74153095,0.34651901168099997,0.34651901168099997,1.1150233324839751,FALSE,FALSE
2009-08-26,circumpolar,18.78030359,0.3535438169836418,0.3535438169836418,1.1150233324839751,FALSE,FALSE
2009-08-27,circumpolar,18.8401302,0.3825597069824518,0.3825597069824518,1.1150233324839751,FALSE,FALSE
2009-08-28,circumpolar,18.82684151,0.3394048221565953,0.3394048221565953,1.1150233324839751,FALSE,FALSE
2009-08-29,circumpolar,18.84029266,0.3239426225219937,0.3239426225219937,1.1150233324839751,FALSE,FALSE
2009-08-30,circumpolar,18.85505894,0.31076224598277236,0.31076224598277236,1.1150233324839751,FALSE,FALSE
2009-08-31,circumpolar,18.86637468,0.29511394744662667,0.29511394744662667,1.1150233324839751,FALSE,FALSE
2009-09-01,circumpolar,18.92424892,0.3270226955467699,0.3270226955467699,1.1150233324839751,FALSE,FALSE
2009-09-02,circumpolar,19.01961853,0.397441288916383,0.397441288916383,1.1150233324839751,FALSE,FALSE
2009-09-03,circumpolar,19.05438799,0.40829013618867904,0.40829013618867904,1.1150233324839751,FALSE,FALSE
2009-09-04,circumpolar,19.11541289,0.44644075599685706,0.44644075599685706,1.1150233324839751,FALSE,FALSE
2009-09-05,circumpolar,19.17731155,0.4865273969740791,0.4865273969740791,1.1150233324839751,FALSE,FALSE
2009-09-06,circumpolar,19.14530095,0.4337829677535971,0.4337829677535971,1.1150233324839751,FALSE,FALSE
2009-09-07,circumpolar,19.13457367,0.4034159769685637,0.4034159769685637,1.1150233324839751,FALSE,FALSE
2009-09-08,circumpolar,19.08780253,0.3381151732521879,0.3381151732521879,1.1150233324839751,FALSE,FALSE
2009-09-09,circumpolar,19.12761459,0.36052354523766894,0.36052354523766894,1.1150233324839751,FALSE,FALSE
2009-09-10,circumpolar,19.15392453,0.3705717254400725,0.3705717254400725,1.1150233324839751,FALSE,FALSE
2009-09-11,circumpolar,19.17975577,0.3813013535186656,0.3813013535186656,1.1150233324839751,FALSE,FALSE
2009-09-12,circumpolar,19.20026742,0.3878938617752042,0.3878938617752042,1.1150233324839751,FALSE,FALSE
2009-09-13,circumpolar,19.2298585,0.4047710244839493,0.4047710244839493,1.1150233324839751,FALSE,FALSE
2009-09-14,circumpolar,19.2246052,0.38803178591913223,0.38803178591913223,1.1150233324839751,FALSE,FALSE
2009-09-15,circumpolar,19.25581627,0.40900765035497955,0.40900765035497955,1.1150233324839751,FALSE,FALSE
2009-09-16,circumpolar,19.25507812,0.3993077820657511,0.3993077820657511,1.1150233324839751,FALSE,FALSE
2009-09-17,circumpolar,19.29305975,0.4296239353256901,0.4296239353256901,1.1150233324839751,FALSE,FALSE
2009-09-18,circumpolar,19.33977479,0.4699924944090199,0.4699924944090199,1.1150233324839751,FALSE,FALSE
2009-09-19,circumpolar,19.45344234,0.5786553135900014,0.5786553135900014,1.1150233324839751,FALSE,FALSE
2009-09-20,circumpolar,19.53968613,0.6612588771428527,0.6612588771428527,1.1150233324839751,FALSE,FALSE
2009-09-21,circumpolar,19.5645574,0.6838771793418381,0.6838771793418381,1.1150233324839751,FALSE,FALSE
2009-09-22,circumpolar,19.55577372,0.674250544461195,0.674250544461195,1.1150233324839751,FALSE,FALSE
2009-09-23,circumpolar,19.55492492,0.6739907760284609,0.6739907760284609,1.1150233324839751,FALSE,FALSE
2009-09-24,circumpolar,19.55696346,0.6780639487994868,0.6780639487994868,1.1150233324839751,FALSE,FALSE
2009-09-25,circumpolar,19.51088363,0.635472896970704,0.635472896970704,1.1150233324839751,FALSE,FALSE
2009-09-26,circumpolar,19.46333726,0.5928779235930328,0.5928779235930328,1.1150233324839751,FALSE,FALSE
2009-09-27,circumpolar,19.34833215,0.4842953017173528,0.4842953017173528,1.1150233324839751,FALSE,FALSE
2009-09-28,circumpolar,19.32034123,0.4642064343945691,0.4642064343945691,1.1150233324839751,FALSE,FALSE
2009-09-29,circumpolar,19.23619561,0.38945090467555943,0.38945090467555943,1.1150233324839751,FALSE,FALSE
2009-09-30,circumpolar,19.1679621,0.33210399561123793,0.33210399561123793,1.1150233324839751,FALSE,FALSE
2009-10-01,circumpolar,19.14448518,0.3210186602525056,0.3210186602525056,1.1150233324839751,FALSE,FALSE
2009-10-02,circumpolar,19.20818241,0.3986209316502461,0.3986209316502461,1.1150233324839751,FALSE,FALSE
2009-10-03,circumpolar,19.20855778,0.4144232728553696,0.4144232728553696,1.1150233324839751,FALSE,FALSE
2009-10-04,circumpolar,19.16518786,0.38801072691876826,0.38801072691876826,1.1150233324839751,FALSE,FALSE
2009-10-05,circumpolar,19.08172816,0.32304727960252677,0.32304727960252677,1.1150233324839751,FALSE,FALSE
2009-10-06,circumpolar,18.99187564,0.2532416462124729,0.2532416462124729,1.1150233324839751,FALSE,FALSE
2009-10-07,circumpolar,18.94680085,0.2297857789939215,0.2297857789939215,1.1150233324839751,FALSE,FALSE
2009-10-08,circumpolar,18.88334412,0.1895431750807539,0.1895431750807539,1.1150233324839751,FALSE,FALSE
2009-10-09,circumpolar,18.89217275,0.2232043016068523,0.2232043016068523,1.1150233324839751,FALSE,FALSE
2009-10-10,circumpolar,18.80307997,0.16058555570611688,0.16058555570611688,1.1150233324839751,FALSE,FALSE
2009-10-11,circumpolar,18.78408104,0.16972536451241993,0.16972536451241993,1.1150233324839751,FALSE,FALSE
2009-10-12,circumpolar,18.7633953,0.17886623515962086,0.17886623515962086,1.1150233324839751,FALSE,FALSE
2009-10-13,circumpolar,18.72369208,0.17070066478165558,0.17070066478165558,1.1150233324839751,FALSE,FALSE
2009-10-14,circumpolar,18.66775847,0.1480389105123621,0.1480389105123621,1.1150233324839751,FALSE,FALSE
2009-10-15,circumpolar,18.57561078,0.09092044948565814,0.09092044948565814,1.1150233324839751,FALSE,FALSE
2009-10-16,circumpolar,18.4969537,0.04907313883540354,0.04907313883540354,1.1150233324839751,FALSE,FALSE
2009-10-17,circumpolar,18.48505543,0.07578834569548931,0.07578834569548931,1.1150233324839751,FALSE,FALSE
2009-10-18,circumpolar,18.45259219,0.08376508427535256,0.08376508427535256,1.1150233324839751,FALSE,FALSE
2009-10-19,circumpolar,18.44518669,0.11864093797936805,0.11864093797936805,1.1150233324839751,FALSE,FALSE
2009-10-20,circumpolar,18.45714127,0.1747255478012626,0.1747255478012626,1.1150233324839751,FALSE,FALSE
2009-10-21,circumpolar,18.38748054,0.1510505215333353,0.1510505215333353,1.1150233324839751,FALSE,FALSE
2009-10-22,circumpolar,18.34280255,0.15422090696788615,0.15422090696788615,1.1150233324839751,FALSE,FALSE
2009-10-23,circumpolar,18.26579465,0.12693105189721976,0.12693105189721976,1.1150233324839751,FALSE,FALSE
2009-10-24,circumpolar,18.21669653,0.12942764411365104,0.12942764411365104,1.1150233324839751,FALSE,FALSE
2009-10-25,circumpolar,18.15051933,0.11672882140947038,0.11672882140947038,1.1150233324839751,FALSE,FALSE
2009-10-26,circumpolar,17.99740826,0.01898679157698168,0.01898679157698168,1.1150233324839751,FALSE,FALSE
2009-10-27,circumpolar,17.9285976,0.00744283240850762,0.00744283240850762,1.1150233324839751,FALSE,FALSE
2009-10-28,circumpolar,17.89811606,0.0361326516963345,0.0361326516963345,1.1150233324839751,FALSE,FALSE
2009-10-29,circumpolar,17.85374242,0.05284202723276721,0.05284202723276721,1.1150233324839751,FALSE,FALSE
2009-10-30,circumpolar,17.78053489,0.04263616681011939,0.04263616681011939,1.1150233324839751,FALSE,FALSE
2009-10-31,circumpolar,17.72525708,0.05230833649653022,0.05230833649653022,1.1150233324839751,FALSE,FALSE
2009-11-01,circumpolar,17.60705121,0.00114194131390021,0.00114194131390021,1.1150233324839751,FALSE,FALSE
2009-11-02,circumpolar,17.50870431,-0.02790054635518046,0.02790054635518046,1.1150233324839751,FALSE,FALSE
2009-11-03,circumpolar,17.40370642,-0.0611536349188313,0.0611536349188313,1.1150233324839751,FALSE,FALSE
2009-11-04,circumpolar,17.30546409,-0.08503532278516701,0.08503532278516701,1.1150233324839751,FALSE,FALSE
2009-11-05,circumpolar,17.26178468,-0.05156279836231903,0.05156279836231903,1.1150233324839751,FALSE,FALSE
2009-11-06,circumpolar,17.17750716,-0.05572164005841174,0.05572164005841174,1.1150233324839751,FALSE,FALSE
2009-11-07,circumpolar,17.11939519,-0.03057273628157375,0.03057273628157375,1.1150233324839751,FALSE,FALSE
2009-11-08,circumpolar,17.00145829,-0.06193111543990781,0.06193111543990781,1.1150233324839751,FALSE,FALSE
2009-11-09,circumpolar,16.89888037,-0.07443741594155995,0.07443741594155995,1.1150233324839751,FALSE,FALSE
2009-11-10,circumpolar,16.88940133,0.00982371380536406,0.00982371380536406,1.1150233324839751,FALSE,FALSE
2009-11-11,circumpolar,16.84573768,0.06374423539273266,0.06374423539273266,1.1150233324839751,FALSE,FALSE
2009-11-12,circumpolar,16.74288932,0.06249819863671035,0.06249819863671035,1.1150233324839751,FALSE,FALSE
2009-11-13,circumpolar,16.62403027,0.04936176042230045,0.04936176042230045,1.1150233324839751,FALSE,FALSE
2009-11-14,circumpolar,16.53111427,0.0662825471726407,0.0662825471726407,1.1150233324839751,FALSE,FALSE
2009-11-15,circumpolar,16.37947053,0.0285747264311702,0.0285747264311702,1.1150233324839751,FALSE,FALSE
2009-11-16,circumpolar,16.25088841,0.01801261574135537,0.01801261574135537,1.1150233324839751,FALSE,FALSE
2009-11-17,circumpolar,16.08434506,-0.02644167735336822,0.02644167735336822,1.1150233324839751,FALSE,FALSE
2009-11-18,circumpolar,15.94222709,-0.04241658530955305,0.04241658530955305,1.1150233324839751,FALSE,FALSE
2009-11-19,circumpolar,15.75005488,-0.10440677058373816,0.10440677058373816,1.1150233324839751,FALSE,FALSE
2009-11-20,circumpolar,15.63832858,-0.08192712563247362,0.08192712563247362,1.1150233324839751,FALSE,FALSE
2009-11-21,circumpolar,15.51551288,-0.06652800291231742,0.06652800291231742,1.1150233324839751,FALSE,FALSE
2009-11-22,circumpolar,15.39334772,-0.0464845048798086,0.0464845048798086,1.1150233324839751,FALSE,FALSE
2009-11-23,circumpolar,15.2808115,-0.0128332739915109,0.0128332739915109,1.1150233324839751,FALSE,FALSE
2009-11-24,circumpolar,15.13166384,-0.01182973270396203,0.01182973270396203,1.1150233324839751,FALSE,FALSE
2009-11-25,circumpolar,14.96555854,-0.02382761627980478,0.02382761627980478,1.1150233324839751,FALSE,FALSE
2009-11-26,circumpolar,14.84249456,0.01122799460669909,0.01122799460669909,1.1150233324839751,FALSE,FALSE
2009-11-27,circumpolar,14.70631837,0.03727145600639225,0.03727145600639225,1.1150233324839751,FALSE,FALSE
2009-11-28,circumpolar,14.5708344,0.06819532579655885,0.06819532579655885,1.1150233324839751,FALSE,FALSE
2009-11-29,circumpolar,14.40050385,0.06854893185445121,0.06854893185445121,1.1150233324839751,FALSE,FALSE
2009-11-30,circumpolar,14.26506557,0.1081592520573409,0.1081592520573409,1.1150233324839751,FALSE,FALSE
2009-12-01,circumpolar,14.06191987,0.08451472428248685,0.08451472428248685,1.1150233324839751,FALSE,FALSE
2009-12-02,circumpolar,13.8243106,0.03094732640715847,0.03094732640715847,1.1150233324839751,FALSE,FALSE
2009-12-03,circumpolar,13.65950955,0.05481697630860971,0.05481697630860971,1.1150233324839751,FALSE,FALSE
2009-12-04,circumpolar,13.47610219,0.06479727186411921,0.06479727186411921,1.1150233324839751,FALSE,FALSE
2009-12-05,circumpolar,13.30652607,0.09341389095093966,0.09341389095093966,1.1150233324839751,FALSE,FALSE
2009-12-06,circumpolar,13.04657852,0.03655229144633765,0.03655229144633765,1.1150233324839751,FALSE,FALSE
2009-12-07,circumpolar,12.84753706,0.0455776269069954,0.0455776269069954,1.1150233324839751,FALSE,FALSE
2009-12-08,circumpolar,12.61170073,0.02272311796140869,0.02272311796140869,1.1150233324839751,FALSE,FALSE
2009-12-09,circumpolar,12.43233906,0.06082240311993026,0.06082240311993026,1.1150233324839751,FALSE,FALSE
2009-12-10,circumpolar,12.27402584,0.12395871299066386,0.12395871299066386,1.1150233324839751,FALSE,FALSE
2009-12-11,circumpolar,12.07172599,0.14660640818170734,0.14660640818170734,1.1150233324839751,FALSE,FALSE
2009-12-12,circumpolar,11.86635762,0.1691930393011578,0.1691930393011578,1.1150233324839751,FALSE,FALSE
2009-12-13,circumpolar,11.64859175,0.181899066957115,0.181899066957115,1.1150233324839751,FALSE,FALSE
2009-12-14,circumpolar,11.45288223,0.21868778175768,0.21868778175768,1.1150233324839751,FALSE,FALSE
2009-12-15,circumpolar,11.23626493,0.23610449431095049,0.23610449431095049,1.1150233324839751,FALSE,FALSE
2009-12-16,circumpolar,11.10052195,0.3354407452250374,0.3354407452250374,1.1150233324839751,FALSE,FALSE
2009-12-17,circumpolar,10.88080245,0.35135513510802774,0.35135513510802774,1.1150233324839751,FALSE,FALSE
2009-12-18,circumpolar,10.6500371,0.35628777456802396,0.35628777456802396,1.1150233324839751,FALSE,FALSE
2009-12-19,circumpolar,10.45516763,0.3966898342131273,0.3966898342131273,1.1150233324839751,FALSE,FALSE
2009-12-20,circumpolar,10.33973928,0.5156175776924332,0.5156175776924332,1.1150233324839751,FALSE,FALSE
2009-12-21,circumpolar,10.13751976,0.5463747695846148,0.5463747695846148,1.1150233324839751,FALSE,FALSE
2009-12-22,circumpolar,9.909750704,0.5497590786819284,0.5497590786819284,1.1150233324839751,FALSE,FALSE
2009-12-23,circumpolar,9.703672319,0.5725673035636962,0.5725673035636962,1.1150233324839751,FALSE,FALSE
2009-12-24,circumpolar,9.499978436,0.5950498668092195,0.5950498668092195,1.1150233324839751,FALSE,FALSE
2009-12-25,circumpolar,9.277899892,0.5959941969978413,0.5959941969978413,1.1150233324839751,FALSE,FALSE
2009-12-26,circumpolar,9.081379767,0.6188999657088488,0.6188999657088488,1.1150233324839751,FALSE,FALSE
2009-12-27,circumpolar,8.924406386,0.677312089521596,0.677312089521596,1.1150233324839751,FALSE,FALSE
2009-12-28,circumpolar,8.694067527,0.6578749380153699,0.6578749380153699,1.1150233324839751,FALSE,FALSE
2009-12-29,circumpolar,8.454862373,0.6246442857695182,0.6246442857695182,1.1150233324839751,FALSE,FALSE
2009-12-30,circumpolar,8.191663762,0.5620495623633364,0.5620495623633364,1.1150233324839751,FALSE,FALSE
2009-12-31,circumpolar,7.976110496,0.5412861613761404,0.5412861613761404,1.1150233324839751,FALSE,FALSE
2010-01-01,circumpolar,7.714957307,0.4686654063872666,0.4686654063872666,1.1150233324839751,FALSE,FALSE
2010-01-02,circumpolar,7.387252344,0.3229094614307293,0.3229094614307293,1.1150233324839751,FALSE,FALSE
2010-01-03,circumpolar,7.083702479,0.1948689073593881,0.1948689073593881,1.1150233324839751,FALSE,FALSE
2010-01-04,circumpolar,6.811762346,0.0922595104808197,0.0922595104808197,1.1150233324839751,FALSE,FALSE
2010-01-05,circumpolar,6.530071062,-0.02601847989738637,0.02601847989738637,1.1150233324839751,FALSE,FALSE
2010-01-06,circumpolar,6.321117608,-0.07721495046768112,0.07721495046768112,1.1150233324839751,FALSE,FALSE
2010-01-07,circumpolar,6.18522823,-0.06074252292249049,0.06074252292249049,1.1150233324839751,FALSE,FALSE
2010-01-08,circumpolar,5.99901995,-0.09972304295422862,0.09972304295422862,1.1150233324839751,FALSE,FALSE
2010-01-09,circumpolar,5.820078901,-0.13630924525534027,0.13630924525534027,1.1150233324839751,FALSE,FALSE
2010-01-10,circumpolar,5.636635193,-0.18200988751823388,0.18200988751823388,1.1150233324839751,FALSE,FALSE
2010-01-11,circumpolar,5.422771808,-0.26248085543535904,0.26248085543535904,1.1150233324839751,FALSE,FALSE
2010-01-12,circumpolar,5.229323103,-0.32662665969913096,0.32662665969913096,1.1150233324839751,FALSE,FALSE
2010-01-13,circumpolar,5.098671169,-0.3318040770019799,0.3318040770019799,1.1150233324839751,FALSE,FALSE
2010-01-14,circumpolar,5.031004023,-0.27756718402708547,0.27756718402708547,1.1150233324839751,FALSE,FALSE
2010-01-15,circumpolar,4.954419999,-0.23567550461314024,0.23567550461314024,1.1150233324839751,FALSE,FALSE
2010-01-16,circumpolar,4.883963648,-0.19108737329893444,0.19108737329893444,1.1150233324839751,FALSE,FALSE
2010-01-17,circumpolar,4.812130587,-0.1513192306675828,0.1513192306675828,1.1150233324839751,FALSE,FALSE
2010-01-18,circumpolar,4.720137604,-0.1351663463021957,0.1351663463021957,1.1150233324839751,FALSE,FALSE
2010-01-19,circumpolar,4.596023598,-0.15460187878588183,0.15460187878588183,1.1150233324839751,FALSE,FALSE
2010-01-20,circumpolar,4.498494941,-0.15093151370175484,0.15093151370175484,1.1150233324839751,FALSE,FALSE
2010-01-21,circumpolar,4.45829802,-0.09342092163292648,0.09342092163292648,1.1150233324839751,FALSE,FALSE
2010-01-22,circumpolar,4.447642025,-0.00987297016250643,0.00987297016250643,1.1150233324839751,FALSE,FALSE
2010-01-23,circumpolar,4.394362292,0.0275356191263949,0.0275356191263949,1.1150233324839751,FALSE,FALSE
2010-01-24,circumpolar,4.285184543,0.005518510650659,0.005518510650659,1.1150233324839751,FALSE,FALSE
2010-01-25,circumpolar,4.210615663,0.01457053182718048,0.01457053182718048,1.1150233324839751,FALSE,FALSE
2010-01-26,circumpolar,4.163764628,0.04778860107285254,0.04778860107285254,1.1150233324839751,FALSE,FALSE
2010-01-27,circumpolar,4.093843279,0.05438397365810932,0.05438397365810932,1.1150233324839751,FALSE,FALSE
2010-01-28,circumpolar,4.011355328,0.04493743409468509,0.04493743409468509,1.1150233324839751,FALSE,FALSE
2010-01-29,circumpolar,3.901930969,0.00518845041379378,0.00518845041379378,1.1150233324839751,FALSE,FALSE
2010-01-30,circumpolar,3.832273949,0.00195014737795462,0.00195014737795462,1.1150233324839751,FALSE,FALSE
2010-01-31,circumpolar,3.744156712,-0.02289565325029219,0.02289565325029219,1.1150233324839751,FALSE,FALSE
2010-02-01,circumpolar,3.692511459,-0.01430737270842952,0.01430737270842952,1.1150233324839751,FALSE,FALSE
2010-02-02,circumpolar,3.683638685,0.03412486176607432,0.03412486176607432,1.1150233324839751,FALSE,FALSE
2010-02-03,circumpolar,3.647828898,0.05280093593575286,0.05280093593575286,1.1150233324839751,FALSE,FALSE
2010-02-04,circumpolar,3.620631146,0.07737927556312618,0.07737927556312618,1.1150233324839751,FALSE,FALSE
2010-02-05,circumpolar,3.562886761,0.06881059041071991,0.06881059041071991,1.1150233324839751,FALSE,FALSE
2010-02-06,circumpolar,3.497973345,0.05058186024106792,0.05058186024106792,1.1150233324839751,FALSE,FALSE
2010-02-07,circumpolar,3.409197376,0.00610894081669721,0.00610894081669721,1.1150233324839751,FALSE,FALSE
2010-02-08,circumpolar,3.356902211,-0.00415627391680972,0.00415627391680972,1.1150233324839751,FALSE,FALSE
2010-02-09,circumpolar,3.356141544,0.03483743953896789,0.03483743953896789,1.1150233324839751,FALSE,FALSE
2010-02-10,circumpolar,3.282499437,-0.00154909446897555,0.00154909446897555,1.1150233324839751,FALSE,FALSE
2010-02-11,circumpolar,3.183815445,-0.06572566068923091,0.06572566068923091,1.1150233324839751,FALSE,FALSE
2010-02-12,circumpolar,3.11119989,-0.10683127687040894,0.10683127687040894,1.1150233324839751,FALSE,FALSE
2010-02-13,circumpolar,3.051785167,-0.13798288776111844,0.13798288776111844,1.1150233324839751,FALSE,FALSE
2010-02-14,circumpolar,3.063132013,-0.1018690961099522,0.1018690961099522,1.1150233324839751,FALSE,FALSE
2010-02-15,circumpolar,3.132425563,-0.01155410666552247,0.01155410666552247,1.1150233324839751,FALSE,FALSE
2010-02-16,circumpolar,3.173953301,0.04700022482356658,0.04700022482356658,1.1150233324839751,FALSE,FALSE
2010-02-17,circumpolar,3.159477427,0.04530675860872169,0.04530675860872169,1.1150233324839751,FALSE,FALSE
2010-02-18,circumpolar,3.11019677,0.00431498394132745,0.00431498394132745,1.1150233324839751,FALSE,FALSE
2010-02-19,circumpolar,3.125669412,0.02333364307278085,0.02333364307278085,1.1150233324839751,FALSE,FALSE
2010-02-20,circumpolar,3.125550312,0.02176835525448739,0.02176835525448739,1.1150233324839751,FALSE,FALSE
2010-02-21,circumpolar,3.149912734,0.03946517851619058,0.03946517851619058,1.1150233324839751,FALSE,FALSE
2010-02-22,circumpolar,3.266319187,0.14402775769745002,0.14402775769745002,1.1150233324839751,FALSE,FALSE
2010-02-23,circumpolar,3.36608346,0.2269895303197167,0.2269895303197167,1.1150233324839751,FALSE,FALSE
2010-02-24,circumpolar,3.433179324,0.27254714287314075,0.27254714287314075,1.1150233324839751,FALSE,FALSE
2010-02-25,circumpolar,3.445456758,0.25877344984788575,0.25877344984788575,1.1150233324839751,FALSE,FALSE
2010-02-26,circumpolar,3.414001592,0.1969771567341021,0.1969771567341021,1.1150233324839751,FALSE,FALSE
2010-02-27,circumpolar,3.426837322,0.17540463502195003,0.17540463502195003,1.1150233324839751,FALSE,FALSE
2010-02-28,circumpolar,3.45856537,0.16888018220158463,0.16888018220158463,1.1150233324839751,FALSE,FALSE
2010-03-01,circumpolar,3.477412393,0.1458533307631633,0.1458533307631633,1.1150233324839751,FALSE,FALSE
2010-03-02,circumpolar,3.52409293,0.1472614951968385,0.1472614951968385,1.1150233324839751,FALSE,FALSE
2010-03-03,circumpolar,3.557264653,0.1319852229927756,0.1319852229927756,1.1150233324839751,FALSE,FALSE
2010-03-04,circumpolar,3.534040525,0.05736035264112527,0.05736035264112527,1.1150233324839751,FALSE,FALSE
2010-03-05,circumpolar,3.585843257,0.05503246434550046,0.05503246434550046,1.1150233324839751,FALSE,FALSE
2010-03-06,circumpolar,3.674802431,0.08733062415532,0.08733062415532,1.1150233324839751,FALSE,FALSE
2010-03-07,circumpolar,3.789401994,0.14286212994082126,0.14286212994082126,1.1150233324839751,FALSE,FALSE
2010-03-08,circumpolar,3.895954333,0.18804725231897337,0.18804725231897337,1.1150233324839751,FALSE,FALSE
2010-03-09,circumpolar,3.959050198,0.18758462490673944,0.18758462490673944,1.1150233324839751,FALSE,FALSE
2010-03-10,circumpolar,3.979976562,0.14286910432109146,0.14286910432109146,1.1150233324839751,FALSE,FALSE
2010-03-11,circumpolar,4.016992797,0.11226794617900016,0.11226794617900016,1.1150233324839751,FALSE,FALSE
2010-03-12,circumpolar,4.048375152,0.07416528309742754,0.07416528309742754,1.1150233324839751,FALSE,FALSE
2010-03-13,circumpolar,4.06020008,0.01474545169334362,0.01474545169334362,1.1150233324839751,FALSE,FALSE
2010-03-14,circumpolar,4.090209972,-0.02814127341628225,0.02814127341628225,1.1150233324839751,FALSE,FALSE
2010-03-15,circumpolar,4.085369355,-0.10742248161448308,0.10742248161448308,1.1150233324839751,FALSE,FALSE
2010-03-16,circumpolar,4.111779162,-0.15688935628429324,0.15688935628429324,1.1150233324839751,FALSE,FALSE
2010-03-17,circumpolar,4.095670335,-0.25020307180873846,0.25020307180873846,1.1150233324839751,FALSE,FALSE
2010-03-18,circumpolar,4.138491211,-0.28580869858140456,0.28580869858140456,1.1150233324839751,FALSE,FALSE
2010-03-19,circumpolar,4.169270687,-0.33460298979613157,0.33460298979613157,1.1150233324839751,FALSE,FALSE
2010-03-20,circumpolar,4.201910918,-0.3826431668858667,0.3826431668858667,1.1150233324839751,FALSE,FALSE
2010-03-21,circumpolar,4.207388083,-0.458914015170107,0.458914015170107,1.1150233324839751,FALSE,FALSE
2010-03-22,circumpolar,4.275071696,-0.47400698496831506,0.47400698496831506,1.1150233324839751,FALSE,FALSE
2010-03-23,circumpolar,4.34240326,-0.49044153759997666,0.49044153759997666,1.1150233324839751,FALSE,FALSE
2010-03-24,circumpolar,4.477955909,-0.4396055033845707,0.4396055033845707,1.1150233324839751,FALSE,FALSE
2010-03-25,circumpolar,4.588823703,-0.41436578664156976,0.41436578664156976,1.1150233324839751,FALSE,FALSE
2010-03-26,circumpolar,4.732824079,-0.35686591469046025,0.35686591469046025,1.1150233324839751,FALSE,FALSE
2010-03-27,circumpolar,4.831848487,-0.34517540185071294,0.34517540185071294,1.1150233324839751,FALSE,FALSE
2010-03-28,circumpolar,4.885340753,-0.3798113864418075,0.3798113864418075,1.1150233324839751,FALSE,FALSE
2010-03-29,circumpolar,4.979742228,-0.3742934817832291,0.3742934817832291,1.1150233324839751,FALSE,FALSE
2010-03-30,circumpolar,5.130800542,-0.3128350221944469,0.3128350221944469,1.1150233324839751,FALSE,FALSE
2010-03-31,circumpolar,5.25869203,-0.27523049057743165,0.27523049057743165,1.1150233324839751,FALSE,FALSE
2010-04-01,circumpolar,5.385097009,-0.2398242478434227,0.2398242478434227,1.1150233324839751,FALSE,FALSE
2010-04-02,circumpolar,5.467129061,-0.24954569998583057,0.24954569998583057,1.1150233324839751,FALSE,FALSE
2010-04-03,circumpolar,5.607965285,-0.20126075113499464,0.20126075113499464,1.1150233324839751,FALSE,FALSE
2010-04-04,circumpolar,5.747103484,-0.15551460142124718,0.15551460142124718,1.1150233324839751,FALSE,FALSE
2010-04-05,circumpolar,5.855555335,-0.14133857697492935,0.14133857697492935,1.1150233324839751,FALSE,FALSE
2010-04-06,circumpolar,5.94090548,-0.15119103892636865,0.15119103892636865,1.1150233324839751,FALSE,FALSE
2010-04-07,circumpolar,6.035126497,-0.15314241240591375,0.15314241240591375,1.1150233324839751,FALSE,FALSE
2010-04-08,circumpolar,6.085428055,-0.20002603154389575,0.20002603154389575,1.1150233324839751,FALSE,FALSE
2010-04-09,circumpolar,6.195322536,-0.18837251747065764,0.18837251747065764,1.1150233324839751,FALSE,FALSE
2010-04-10,circumpolar,6.292730764,-0.1903040493165289,0.1903040493165289,1.1150233324839751,FALSE,FALSE
2010-04-11,circumpolar,6.380194552,-0.2033218172118545,0.2033218172118545,1.1150233324839751,FALSE,FALSE
2010-04-12,circumpolar,6.462489335,-0.2226927627196176,0.2226927627196176,1.1150233324839751,FALSE,FALSE
2010-04-13,circumpolar,6.561254696,-0.2267750238014772,0.2267750238014772,1.1150233324839751,FALSE,FALSE
2010-04-14,circumpolar,6.664756602,-0.2272267400608632,0.2272267400608632,1.1150233324839751,FALSE,FALSE
2010-04-15,circumpolar,6.809818811,-0.18714138419061932,0.18714138419061932,1.1150233324839751,FALSE,FALSE
2010-04-16,circumpolar,6.962987646,-0.13988986388356128,0.13988986388356128,1.1150233324839751,FALSE,FALSE
2010-04-17,circumpolar,7.146920079,-0.06273243783253246,0.06273243783253246,1.1150233324839751,FALSE,FALSE
2010-04-18,circumpolar,7.265350284,-0.05185216273036719,0.05185216273036719,1.1150233324839751,FALSE,FALSE
2010-04-19,circumpolar,7.375700179,-0.04974435126990695,0.04974435126990695,1.1150233324839751,FALSE,FALSE
2010-04-20,circumpolar,7.490107205,-0.04418879314396307,0.04418879314396307,1.1150233324839751,FALSE,FALSE
2010-04-21,circumpolar,7.568876822,-0.07479725904539336,0.07479725904539336,1.1150233324839751,FALSE,FALSE
2010-04-22,circumpolar,7.681943075,-0.07155293466702073,0.07155293466702073,1.1150233324839751,FALSE,FALSE
2010-04-23,circumpolar,7.852193031,-0.01148598370167519,0.01148598370167519,1.1150233324839751,FALSE,FALSE
2010-04-24,circumpolar,8.025937208,0.05179688115779601,0.05179688115779601,1.1150233324839751,FALSE,FALSE
2010-04-25,circumpolar,8.209649239,0.12484856064213544,0.12484856064213544,1.1150233324839751,FALSE,FALSE
2010-04-26,circumpolar,8.338558485,0.14294442739125657,0.14294442739125657,1.1150233324839751,FALSE,FALSE
2010-04-27,circumpolar,8.417008217,0.11045538653477928,0.11045538653477928,1.1150233324839751,FALSE,FALSE
2010-04-28,circumpolar,8.527659339,0.1100697826155752,0.1100697826155752,1.1150233324839751,FALSE,FALSE
2010-04-29,circumpolar,8.654999606,0.12630281117649567,0.12630281117649567,1.1150233324839751,FALSE,FALSE
2010-04-30,circumpolar,8.819009544,0.17916243876039317,0.17916243876039317,1.1150233324839751,FALSE,FALSE
2010-05-01,circumpolar,8.916889924,0.1658768769101293,0.1658768769101293,1.1150233324839751,FALSE,FALSE
2010-05-02,circumpolar,9.014700588,0.15253340816855498,0.15253340816855498,1.1150233324839751,FALSE,FALSE
2010-05-03,circumpolar,9.128566757,0.15528469407854217,0.15528469407854217,1.1150233324839751,FALSE,FALSE
2010-05-04,circumpolar,9.296640595,0.2123103391829364,0.2123103391829364,1.1150233324839751,FALSE,FALSE
2010-05-05,circumpolar,9.472921024,0.2776367060245928,0.2776367060245928,1.1150233324839751,FALSE,FALSE
2010-05-06,circumpolar,9.674104244,0.3679874351463823,0.3679874351463823,1.1150233324839751,FALSE,FALSE
2010-05-07,circumpolar,9.800340421,0.3835401180981553,0.3835401180981553,1.1150233324839751,FALSE,FALSE
2010-05-08,circumpolar,9.8696088,0.3422930666032489,0.3422930666032489,1.1150233324839751,FALSE,FALSE
2010-05-09,circumpolar,9.943538625,0.305872344598086,0.305872344598086,1.1150233324839751,FALSE,FALSE
2010-05-10,circumpolar,10.00432582,0.2564670356210037,0.2564670356210037,1.1150233324839751,FALSE,FALSE
2010-05-11,circumpolar,10.06033872,0.2024386342103206,0.2024386342103206,1.1150233324839751,FALSE,FALSE
2010-05-12,circumpolar,10.32489956,0.3571025349043726,0.3571025349043726,1.1150233324839751,FALSE,FALSE
2010-05-13,circumpolar,10.41480148,0.3372450372414786,0.3372450372414786,1.1150233324839751,FALSE,FALSE
2010-05-14,circumpolar,10.53849469,0.3513095107599771,0.3513095107599771,1.1150233324839751,FALSE,FALSE
2010-05-15,circumpolar,10.66466829,0.36797821499818895,0.36797821499818895,1.1150233324839751,FALSE,FALSE
2010-05-16,circumpolar,10.79423919,0.38816121949443705,0.38816121949443705,1.1150233324839751,FALSE,FALSE
2010-05-17,circumpolar,10.95192846,0.43657275378704874,0.43657275378704874,1.1150233324839751,FALSE,FALSE
2010-05-18,circumpolar,11.04324506,0.41871493741437504,0.41871493741437504,1.1150233324839751,FALSE,FALSE
2010-05-19,circumpolar,11.16551997,0.4319119099147173,0.4319119099147173,1.1150233324839751,FALSE,FALSE
2010-05-20,circumpolar,11.27145353,0.4288583038638851,0.4288583038638851,1.1150233324839751,FALSE,FALSE
2010-05-21,circumpolar,11.44267078,0.4911941267287361,0.4911941267287361,1.1150233324839751,FALSE,FALSE
2010-05-22,circumpolar,11.67418118,0.613961869293254,0.613961869293254,1.1150233324839751,FALSE,FALSE
2010-05-23,circumpolar,11.92597567,0.7571861100766206,0.7571861100766206,1.1150233324839751,FALSE,FALSE
2010-05-24,circumpolar,12.05743496,0.7802811975980006,0.7802811975980006,1.1150233324839751,FALSE,FALSE
2010-05-25,circumpolar,12.21211945,0.8268411703765821,0.8268411703765821,1.1150233324839751,FALSE,FALSE
2010-05-26,circumpolar,12.36233567,0.8692061969315379,0.8692061969315379,1.1150233324839751,FALSE,FALSE
2010-05-27,circumpolar,12.52725786,0.9265841557820343,0.9265841557820343,1.1150233324839751,FALSE,FALSE
2010-05-28,circumpolar,12.67978547,0.9719081354472524,0.9719081354472524,1.1150233324839751,FALSE,FALSE
2010-05-29,circumpolar,12.76045489,0.9457481644463764,0.9457481644463764,1.1150233324839751,FALSE,FALSE
2010-05-30,circumpolar,12.87344639,0.9523181512985754,0.9523181512985754,1.1150233324839751,FALSE,FALSE
2010-05-31,circumpolar,12.93241008,0.905301844523013,0.905301844523013,1.1150233324839751,FALSE,FALSE
2010-06-01,circumpolar,13.07150599,0.9388929126388916,0.9388929126388916,1.1150233324839751,FALSE,FALSE
2010-06-02,circumpolar,13.18621006,0.9485898221964142,0.9485898221964142,1.1150233324839751,FALSE,FALSE
2010-06-03,circumpolar,13.22670167,0.8845451840509231,0.8845451840509231,1.1150233324839751,FALSE,FALSE
2010-06-04,circumpolar,13.39436109,0.948098833846604,0.948098833846604,1.1150233324839751,FALSE,FALSE
2010-06-05,circumpolar,13.53637642,0.9863984367215116,0.9863984367215116,1.1150233324839751,FALSE,FALSE
2010-06-06,circumpolar,13.64100339,0.987659287813683,0.987659287813683,1.1150233324839751,FALSE,FALSE
2010-06-07,circumpolar,13.73501922,0.9786181722611432,0.9786181722611432,1.1150233324839751,FALSE,FALSE
2010-06-08,circumpolar,13.8620236,1.0028343452019293,1.0028343452019293,1.1150233324839751,FALSE,FALSE
2010-06-09,circumpolar,14.01732199,1.0555728317740698,1.0555728317740698,1.1150233324839751,FALSE,FALSE
2010-06-10,circumpolar,14.12751526,1.0633940671155973,1.0633940671155973,1.1150233324839751,FALSE,FALSE
2010-06-11,circumpolar,14.24708068,1.0807348863645654,1.0807348863645654,1.1150233324839751,FALSE,FALSE
2010-06-12,circumpolar,14.32004838,1.0515849846589855,1.0515849846589855,1.1150233324839751,FALSE,FALSE
2010-06-13,circumpolar,14.36184705,0.9913326171368944,0.9913326171368944,1.1150233324839751,FALSE,FALSE
2010-06-14,circumpolar,14.47014096,0.9976034493567578,0.9976034493567578,1.1150233324839751,FALSE,FALSE
2010-06-15,circumpolar,14.56643875,0.991948209401004,0.991948209401004,1.1150233324839751,FALSE,FALSE
2010-06-16,circumpolar,14.71212123,1.035900493843993,1.035900493843993,1.1150233324839751,FALSE,FALSE
2010-06-17,circumpolar,14.8487508,1.0711835095546096,1.0711835095546096,1.1150233324839751,FALSE,FALSE
2010-06-18,circumpolar,15.01946644,1.1410970434017127,1.1410970434017127,1.1150233324839751,TRUE,FALSE
2010-06-19,circumpolar,15.10789515,1.1294289022541886,1.1294289022541886,1.1150233324839751,TRUE,FALSE
2010-06-20,circumpolar,15.17669007,1.098993032980907,1.098993032980907,1.1150233324839751,FALSE,FALSE
2010-06-21,circumpolar,15.23179209,1.0558911324507445,1.0558911324507445,1.1150233324839751,FALSE,FALSE
2010-06-22,circumpolar,15.39923264,1.126315437532554,1.126315437532554,1.1150233324839751,TRUE,TRUE
2010-06-23,circumpolar,15.5487713,1.1801863350952306,1.1801863350952306,1.1150233324839751,TRUE,TRUE
2010-06-24,circumpolar,15.63489648,1.1721530420076434,1.1721530420076434,1.1150233324839751,TRUE,TRUE
2010-06-25,circumpolar,15.72527676,1.1700449451386523,1.1700449451386523,1.1150233324839751,TRUE,TRUE
2010-06-26,circumpolar,15.83478751,1.1888982213571475,1.1888982213571475,1.1150233324839751,TRUE,TRUE
2010-06-27,circumpolar,15.98966312,1.255080042845691,1.255080042845691,1.1150233324839751,TRUE,TRUE
2010-06-28,circumpolar,15.99949877,1.1781066030963316,1.1781066030963316,1.1150233324839751,TRUE,TRUE
2010-06-29,circumpolar,16.19215709,1.285664780162147,1.285664780162147,1.1150233324839751,TRUE,TRUE
2010-06-30,circumpolar,16.22256369,1.232503934575675,1.232503934575675,1.1150233324839751,TRUE,TRUE
2010-07-01,circumpolar,16.2702934,1.1980226468694664,1.1980226468694664,1.1150233324839751,TRUE,TRUE
2010-07-02,circumpolar,16.28719056,1.133889007576066,1.133889007576066,1.1150233324839751,TRUE,TRUE
2010-07-03,circumpolar,16.32010094,1.086772537228038,1.086772537228038,1.1150233324839751,FALSE,FALSE
2010-07-04,circumpolar,16.40159874,1.089071186357918,1.089071186357918,1.1150233324839751,FALSE,FALSE
2010-07-05,circumpolar,16.51908726,1.1280120054982543,1.1280120054982543,1.1150233324839751,TRUE,FALSE
2010-07-06,circumpolar,16.65220481,1.1830570551815978,1.1830570551815978,1.1150233324839751,TRUE,FALSE
2010-07-07,circumpolar,16.68100953,1.1340882259404983,1.1340882259404983,1.1150233324839751,TRUE,FALSE
2010-07-08,circumpolar,16.661765,1.0371928483075,1.0371928483075,1.1150233324839751,FALSE,FALSE
2010-07-09,circumpolar,16.76405731,1.06178117580904,1.06178117580904,1.1150233324839751,FALSE,FALSE
2010-07-10,circumpolar,16.86118477,1.081056007370513,1.081056007370513,1.1150233324839751,FALSE,FALSE
2010-07-11,circumpolar,16.96931842,1.1112686620004588,1.1112686620004588,1.1150233324839751,FALSE,FALSE
2010-07-12,circumpolar,17.02432798,1.0883924021176323,1.0883924021176323,1.1150233324839751,FALSE,FALSE
2010-07-13,circumpolar,17.14739317,1.13371049014086,1.13371049014086,1.1150233324839751,TRUE,FALSE
2010-07-14,circumpolar,17.19664453,1.1054570084889086,1.1054570084889086,1.1150233324839751,FALSE,FALSE
2010-07-15,circumpolar,17.19689896,1.0285523995805832,1.0285523995805832,1.1150233324839751,FALSE,FALSE
2010-07-16,circumpolar,17.27407116,1.0290149058346645,1.0290149058346645,1.1150233324839751,FALSE,FALSE
2010-07-17,circumpolar,17.28219248,0.9609794196699396,0.9609794196699396,1.1150233324839751,FALSE,FALSE
2010-07-18,circumpolar,17.3050971,0.9083836635052336,0.9083836635052336,1.1150233324839751,FALSE,FALSE
2010-07-19,circumpolar,17.42623529,0.9547814497592952,0.9547814497592952,1.1150233324839751,FALSE,FALSE
2010-07-20,circumpolar,17.47072055,0.9253898208509348,0.9253898208509348,1.1150233324839751,FALSE,FALSE
2010-07-21,circumpolar,17.45581563,0.837575069198941,0.837575069198941,1.1150233324839751,FALSE,FALSE
2010-07-22,circumpolar,17.44680498,0.7567223052804835,0.7567223052804835,1.1150233324839751,FALSE,FALSE
2010-07-23,circumpolar,17.47328502,0.7124888321563922,0.7124888321563922,1.1150233324839751,FALSE,FALSE
2010-07-24,circumpolar,17.43119382,0.600844607550183,0.600844607550183,1.1150233324839751,FALSE,FALSE
2010-07-25,circumpolar,17.52585605,0.6271455314582681,0.6271455314582681,1.1150233324839751,FALSE,FALSE
2010-07-26,circumpolar,17.62354002,0.6576911438770914,0.6576911438770914,1.1150233324839751,FALSE,FALSE
2010-07-27,circumpolar,17.7150969,0.6833638448030754,0.6833638448030754,1.1150233324839751,FALSE,FALSE
2010-07-28,circumpolar,17.73657796,0.6402461342326475,0.6402461342326475,1.1150233324839751,FALSE,FALSE
2010-07-29,circumpolar,17.82377463,0.664160672162236,0.664160672162236,1.1150233324839751,FALSE,FALSE
2010-07-30,circumpolar,17.96923944,0.7476912185882831,0.7476912185882831,1.1150233324839751,FALSE,FALSE
2010-07-31,circumpolar,18.03303309,0.7509297035071931,0.7509297035071931,1.1150233324839751,FALSE,FALSE
2010-08-01,circumpolar,18.08154833,0.7403001069153916,0.7403001069153916,1.1150233324839751,FALSE,FALSE
2010-08-02,circumpolar,18.13044195,0.7314904488093354,0.7314904488093354,1.1150233324839751,FALSE,FALSE
2010-08-03,circumpolar,18.17079845,0.7156164586227654,0.7156164586227654,1.1150233324839751,FALSE,FALSE
2010-08-04,circumpolar,18.26399873,0.7540750759379016,0.7540750759379016,1.1150233324839751,FALSE,FALSE
2010-08-05,circumpolar,18.37346171,0.8102464646749148,0.8102464646749148,1.1150233324839751,FALSE,FALSE
2010-08-06,circumpolar,18.43742228,0.8223144070122359,0.8223144070122359,1.1150233324839751,FALSE,FALSE
2010-08-07,circumpolar,18.47323739,0.8075847451282776,0.8075847451282776,1.1150233324839751,FALSE,FALSE
2010-08-08,circumpolar,18.60327996,0.8883792912014314,0.8883792912014314,1.1150233324839751,FALSE,FALSE
2010-08-09,circumpolar,18.62161953,0.8587164774101304,0.8587164774101304,1.1150233324839751,FALSE,FALSE
2010-08-10,circumpolar,18.69322632,0.883515415932763,0.883515415932763,1.1150233324839751,FALSE,FALSE
2010-08-11,circumpolar,18.75223431,0.8968589789477477,0.8968589789477477,1.1150233324839751,FALSE,FALSE
2010-08-12,circumpolar,18.8631906,0.9632431586334924,0.9632431586334924,1.1150233324839751,FALSE,FALSE
2010-08-13,circumpolar,18.9406811,0.9972027571684235,0.9972027571684235,1.1150233324839751,FALSE,FALSE
2010-08-14,circumpolar,18.96431656,0.9782974167309392,0.9782974167309392,1.1150233324839751,FALSE,FALSE
2010-08-15,circumpolar,19.06053554,1.0329145894994411,1.0329145894994411,1.1150233324839751,FALSE,FALSE
2010-08-16,circumpolar,19.06050933,0.9921753362226476,0.9921753362226476,1.1150233324839751,FALSE,FALSE
2010-08-17,circumpolar,19.06900335,0.9608209608221614,0.9608209608221614,1.1150233324839751,FALSE,FALSE
2010-08-18,circumpolar,19.0647684,0.917608035805376,0.917608035805376,1.1150233324839751,FALSE,FALSE
2010-08-19,circumpolar,19.03011779,0.8448572816514357,0.8448572816514357,1.1150233324839751,FALSE,FALSE
2010-08-20,circumpolar,19.02180729,0.7993318788395207,0.7993318788395207,1.1150233324839751,FALSE,FALSE
2010-08-21,circumpolar,19.09821006,0.8394123978487897,0.8394123978487897,1.1150233324839751,FALSE,FALSE
2010-08-22,circumpolar,19.12779763,0.8335777791584142,0.8335777791584142,1.1150233324839751,FALSE,FALSE
2010-08-23,circumpolar,19.18175795,0.853023383247546,0.853023383247546,1.1150233324839751,FALSE,FALSE
2010-08-24,circumpolar,19.26298695,0.9006525505953462,0.9006525505953462,1.1150233324839751,FALSE,FALSE
2010-08-25,circumpolar,19.27185413,0.8768421916809999,0.8768421916809999,1.1150233324839751,FALSE,FALSE
2010-08-26,circumpolar,19.24129358,0.8145338069836434,0.8145338069836434,1.1150233324839751,FALSE,FALSE
2010-08-27,circumpolar,19.21466784,0.7570973469824516,0.7570973469824516,1.1150233324839751,FALSE,FALSE
2010-08-28,circumpolar,19.21029894,0.7228622521565953,0.7228622521565953,1.1150233324839751,FALSE,FALSE
2010-08-29,circumpolar,19.17267082,0.6563207825219948,0.6563207825219948,1.1150233324839751,FALSE,FALSE
2010-08-30,circumpolar,19.09672371,0.5524270159827722,0.5524270159827722,1.1150233324839751,FALSE,FALSE
2010-08-31,circumpolar,19.06393037,0.4926696374466282,0.4926696374466282,1.1150233324839751,FALSE,FALSE
2010-09-01,circumpolar,19.08310896,0.4858827355467703,0.4858827355467703,1.1150233324839751,FALSE,FALSE
2010-09-02,circumpolar,19.1716664,0.5494891589163835,0.5494891589163835,1.1150233324839751,FALSE,FALSE
2010-09-03,circumpolar,19.27337209,0.6272742361886792,0.6272742361886792,1.1150233324839751,FALSE,FALSE
2010-09-04,circumpolar,19.29918613,0.6302139959968542,0.6302139959968542,1.1150233324839751,FALSE,FALSE
2010-09-05,circumpolar,19.27099489,0.580210736974081,0.580210736974081,1.1150233324839751,FALSE,FALSE
2010-09-06,circumpolar,19.35441984,0.6429018577535963,0.6429018577535963,1.1150233324839751,FALSE,FALSE
2010-09-07,circumpolar,19.28131217,0.5501544769685616,0.5501544769685616,1.1150233324839751,FALSE,FALSE
2010-09-08,circumpolar,19.28173296,0.5320456032521861,0.5320456032521861,1.1150233324839751,FALSE,FALSE
2010-09-09,circumpolar,19.25213257,0.4850415252376692,0.4850415252376692,1.1150233324839751,FALSE,FALSE
2010-09-10,circumpolar,19.24660832,0.46325551544007126,0.46325551544007126,1.1150233324839751,FALSE,FALSE
2010-09-11,circumpolar,19.24715354,0.44869912351866503,0.44869912351866503,1.1150233324839751,FALSE,FALSE
2010-09-12,circumpolar,19.2671925,0.4548189417752049,0.4548189417752049,1.1150233324839751,FALSE,FALSE
2010-09-13,circumpolar,19.25115469,0.4260672144839503,0.4260672144839503,1.1150233324839751,FALSE,FALSE
2010-09-14,circumpolar,19.20988132,0.373307905919134,0.373307905919134,1.1150233324839751,FALSE,FALSE
2010-09-15,circumpolar,19.15542601,0.3086173903549785,0.3086173903549785,1.1150233324839751,FALSE,FALSE
2010-09-16,circumpolar,19.10547631,0.24970597206575107,0.24970597206575107,1.1150233324839751,FALSE,FALSE
2010-09-17,circumpolar,19.08722398,0.2237881653256899,0.2237881653256899,1.1150233324839751,FALSE,FALSE
2010-09-18,circumpolar,19.06503969,0.19525739440901899,0.19525739440901899,1.1150233324839751,FALSE,FALSE
2010-09-19,circumpolar,19.03558734,0.16080031359000202,0.16080031359000202,1.1150233324839751,FALSE,FALSE
2010-09-20,circumpolar,19.02207666,0.14364940714285268,0.14364940714285268,1.1150233324839751,FALSE,FALSE
2010-09-21,circumpolar,19.07278403,0.19210380934183743,0.19210380934183743,1.1150233324839751,FALSE,FALSE
2010-09-22,circumpolar,19.11749083,0.23596765446119505,0.23596765446119505,1.1150233324839751,FALSE,FALSE
2010-09-23,circumpolar,19.17681687,0.29588272602845933,0.29588272602845933,1.1150233324839751,FALSE,FALSE
2010-09-24,circumpolar,19.17185882,0.29295930879948884,0.29295930879948884,1.1150233324839751,FALSE,FALSE
2010-09-25,circumpolar,19.18053325,0.30512251697070525,0.30512251697070525,1.1150233324839751,FALSE,FALSE
2010-09-26,circumpolar,19.11246711,0.24200777359303416,0.24200777359303416,1.1150233324839751,FALSE,FALSE
2010-09-27,circumpolar,19.06421861,0.2001817617173529,0.2001817617173529,1.1150233324839751,FALSE,FALSE
2010-09-28,circumpolar,19.07921264,0.22307784439457023,0.22307784439457023,1.1150233324839751,FALSE,FALSE
2010-09-29,circumpolar,19.1273304,0.2805856946755618,0.2805856946755618,1.1150233324839751,FALSE,FALSE
2010-09-30,circumpolar,19.14039836,0.30454025561123643,0.30454025561123643,1.1150233324839751,FALSE,FALSE
2010-10-01,circumpolar,19.13795744,0.31449092025250636,0.31449092025250636,1.1150233324839751,FALSE,FALSE
2010-10-02,circumpolar,19.18378336,0.3742218816502465,0.3742218816502465,1.1150233324839751,FALSE,FALSE
2010-10-03,circumpolar,19.25127273,0.4571382228553702,0.4571382228553702,1.1150233324839751,FALSE,FALSE
2010-10-04,circumpolar,19.24395453,0.4667773969187685,0.4667773969187685,1.1150233324839751,FALSE,FALSE
2010-10-05,circumpolar,19.2368637,0.4781828196025266,0.4781828196025266,1.1150233324839751,FALSE,FALSE
2010-10-06,circumpolar,19.2066627,0.46802870621247195,0.46802870621247195,1.1150233324839751,FALSE,FALSE
2010-10-07,circumpolar,19.1747834,0.4577683289939216,0.4577683289939216,1.1150233324839751,FALSE,FALSE
2010-10-08,circumpolar,19.18727563,0.4934746850807521,0.4934746850807521,1.1150233324839751,FALSE,FALSE
2010-10-09,circumpolar,19.17680951,0.5078410616068503,0.5078410616068503,1.1150233324839751,FALSE,FALSE
2010-10-10,circumpolar,19.12869904,0.4862046257061188,0.4862046257061188,1.1150233324839751,FALSE,FALSE
2010-10-11,circumpolar,19.12178335,0.5074276745124209,0.5074276745124209,1.1150233324839751,FALSE,FALSE
2010-10-12,circumpolar,19.07644924,0.4919201751596205,0.4919201751596205,1.1150233324839751,FALSE,FALSE
2010-10-13,circumpolar,19.03372147,0.480730054781656,0.480730054781656,1.1150233324839751,FALSE,FALSE
2010-10-14,circumpolar,19.02828258,0.5085630205123621,0.5085630205123621,1.1150233324839751,FALSE,FALSE
2010-10-15,circumpolar,19.01924141,0.5345510794856558,0.5345510794856558,1.1150233324839751,FALSE,FALSE
2010-10-16,circumpolar,18.96888432,0.5210037588354055,0.5210037588354055,1.1150233324839751,FALSE,FALSE
2010-10-17,circumpolar,18.92946303,0.520195945695491,0.520195945695491,1.1150233324839751,FALSE,FALSE
2010-10-18,circumpolar,18.8839729,0.5151457942753517,0.5151457942753517,1.1150233324839751,FALSE,FALSE
2010-10-19,circumpolar,18.83215983,0.5056140779793665,0.5056140779793665,1.1150233324839751,FALSE,FALSE
2010-10-20,circumpolar,18.77361564,0.4911999178012607,0.4911999178012607,1.1150233324839751,FALSE,FALSE
2010-10-21,circumpolar,18.76086689,0.5244368715333358,0.5244368715333358,1.1150233324839751,FALSE,FALSE
2010-10-22,circumpolar,18.78540823,0.5968265869678895,0.5968265869678895,1.1150233324839751,FALSE,FALSE
2010-10-23,circumpolar,18.75857491,0.6197113118972197,0.6197113118972197,1.1150233324839751,FALSE,FALSE
2010-10-24,circumpolar,18.72319386,0.6359249741136495,0.6359249741136495,1.1150233324839751,FALSE,FALSE
2010-10-25,circumpolar,18.61068327,0.5768927614094679,0.5768927614094679,1.1150233324839751,FALSE,FALSE
2010-10-26,circumpolar,18.55719221,0.5787707415769816,0.5787707415769816,1.1150233324839751,FALSE,FALSE
2010-10-27,circumpolar,18.49098328,0.5698285124085061,0.5698285124085061,1.1150233324839751,FALSE,FALSE
2010-10-28,circumpolar,18.45137972,0.5893963116963334,0.5893963116963334,1.1150233324839751,FALSE,FALSE
2010-10-29,circumpolar,18.40726076,0.6063603672327673,0.6063603672327673,1.1150233324839751,FALSE,FALSE
2010-10-30,circumpolar,18.3788229,0.6409241768101204,0.6409241768101204,1.1150233324839751,FALSE,FALSE
2010-10-31,circumpolar,18.25798888,0.5850401364965307,0.5850401364965307,1.1150233324839751,FALSE,FALSE
2010-11-01,circumpolar,18.18480045,0.5788911813138995,0.5788911813138995,1.1150233324839751,FALSE,FALSE
2010-11-02,circumpolar,18.15543431,0.6188294536448211,0.6188294536448211,1.1150233324839751,FALSE,FALSE
2010-11-03,circumpolar,18.04465842,0.5797983650811709,0.5797983650811709,1.1150233324839751,FALSE,FALSE
2010-11-04,circumpolar,17.95248882,0.5619894072148313,0.5619894072148313,1.1150233324839751,FALSE,FALSE
2010-11-05,circumpolar,17.96569158,0.6523441016376808,0.6523441016376808,1.1150233324839751,FALSE,FALSE
2010-11-06,circumpolar,17.95205294,0.7188241399415887,0.7188241399415887,1.1150233324839751,FALSE,FALSE
2010-11-07,circumpolar,17.8488571,0.6988891737184275,0.6988891737184275,1.1150233324839751,FALSE,FALSE
2010-11-08,circumpolar,17.77548508,0.7120956745600928,0.7120956745600928,1.1150233324839751,FALSE,FALSE
2010-11-09,circumpolar,17.67031241,0.6969946240584406,0.6969946240584406,1.1150233324839751,FALSE,FALSE
2010-11-10,circumpolar,17.56474203,0.6851644138053672,0.6851644138053672,1.1150233324839751,FALSE,FALSE
2010-11-11,circumpolar,17.48429095,0.7022975053927318,0.7022975053927318,1.1150233324839751,FALSE,FALSE
2010-11-12,circumpolar,17.46787871,0.7874875886367114,0.7874875886367114,1.1150233324839751,FALSE,FALSE
2010-11-13,circumpolar,17.41848607,0.8438175604223019,0.8438175604223019,1.1150233324839751,FALSE,FALSE
2010-11-14,circumpolar,17.38998258,0.9251508571726426,0.9251508571726426,1.1150233324839751,FALSE,FALSE
2010-11-15,circumpolar,17.3266949,0.9757990964311708,0.9757990964311708,1.1150233324839751,FALSE,FALSE
2010-11-16,circumpolar,17.2250112,0.9921354057413544,0.9921354057413544,1.1150233324839751,FALSE,FALSE
2010-11-17,circumpolar,17.14896053,1.0381737926466317,1.0381737926466317,1.1150233324839751,FALSE,FALSE
2010-11-18,circumpolar,17.09348269,1.108839014690446,1.108839014690446,1.1150233324839751,FALSE,FALSE
2010-11-19,circumpolar,16.98524469,1.1307830394162597,1.1307830394162597,1.1150233324839751,TRUE,FALSE
2010-11-20,circumpolar,16.82172229,1.101466584367527,1.101466584367527,1.1150233324839751,FALSE,FALSE
2010-11-21,circumpolar,16.69671549,1.1146746070876823,1.1146746070876823,1.1150233324839751,FALSE,FALSE
2010-11-22,circumpolar,16.65360256,1.2137703351201914,1.2137703351201914,1.1150233324839751,TRUE,TRUE
2010-11-23,circumpolar,16.54530097,1.2516561960084882,1.2516561960084882,1.1150233324839751,TRUE,TRUE
2010-11-24,circumpolar,16.42596571,1.282472137296038,1.282472137296038,1.1150233324839751,TRUE,TRUE
2010-11-25,circumpolar,16.31663025,1.3272440937201946,1.3272440937201946,1.1150233324839751,TRUE,TRUE
2010-11-26,circumpolar,16.21168495,1.3804183846066973,1.3804183846066973,1.1150233324839751,TRUE,TRUE
2010-11-27,circumpolar,16.06605056,1.397003646006393,1.397003646006393,1.1150233324839751,TRUE,TRUE
2010-11-28,circumpolar,15.92940166,1.426762585796558,1.426762585796558,1.1150233324839751,TRUE,TRUE
2010-11-29,circumpolar,15.80314645,1.4711915318544513,1.4711915318544513,1.1150233324839751,TRUE,TRUE
2010-11-30,circumpolar,15.63141741,1.4745110920573392,1.4745110920573392,1.1150233324839751,TRUE,TRUE
2010-12-01,circumpolar,15.39461675,1.4172116042824872,1.4172116042824872,1.1150233324839751,TRUE,TRUE
2010-12-02,circumpolar,15.19607688,1.4027136064071577,1.4027136064071577,1.1150233324839751,TRUE,TRUE
2010-12-03,circumpolar,15.03947026,1.4347776863086104,1.4347776863086104,1.1150233324839751,TRUE,TRUE
2010-12-04,circumpolar,14.93584411,1.5245391918641182,1.5245391918641182,1.1150233324839751,TRUE,TRUE
2010-12-05,circumpolar,14.74092655,1.5278143709509386,1.5278143709509386,1.1150233324839751,TRUE,TRUE
2010-12-06,circumpolar,14.4912432,1.4812169714463366,1.4812169714463366,1.1150233324839751,TRUE,TRUE
2010-12-07,circumpolar,14.23421977,1.4322603369069942,1.4322603369069942,1.1150233324839751,TRUE,TRUE
2010-12-08,circumpolar,13.948487889999999,1.359510277961407,1.359510277961407,1.1150233324839751,TRUE,TRUE
2010-12-09,circumpolar,13.73163875,1.36012209311993,1.36012209311993,1.1150233324839751,TRUE,TRUE
2010-12-10,circumpolar,13.5391052,1.3890380729906635,1.3890380729906635,1.1150233324839751,TRUE,TRUE
2010-12-11,circumpolar,13.31245189,1.3873323081817084,1.3873323081817084,1.1150233324839751,TRUE,TRUE
2010-12-12,circumpolar,13.16120342,1.464038839301157,1.464038839301157,1.1150233324839751,TRUE,TRUE
2010-12-13,circumpolar,12.92556991,1.4588772269571155,1.4588772269571155,1.1150233324839751,TRUE,TRUE
2010-12-14,circumpolar,12.66477248,1.4305780317576795,1.4305780317576795,1.1150233324839751,TRUE,TRUE
2010-12-15,circumpolar,12.39443771,1.3942772743109495,1.3942772743109495,1.1150233324839751,TRUE,TRUE
2010-12-16,circumpolar,12.01943387,1.2543526652250383,1.2543526652250383,1.1150233324839751,TRUE,TRUE
2010-12-17,circumpolar,11.61995433,1.0905070151080292,1.0905070151080292,1.1150233324839751,FALSE,FALSE
2010-12-18,circumpolar,11.24949288,0.9557435545680236,0.9557435545680236,1.1150233324839751,FALSE,FALSE
2010-12-19,circumpolar,11.04693374,0.9884559442131272,0.9884559442131272,1.1150233324839751,FALSE,FALSE
2010-12-20,circumpolar,10.76656112,0.9424394176924338,0.9424394176924338,1.1150233324839751,FALSE,FALSE
2010-12-21,circumpolar,10.48993778,0.8987927895846148,0.8987927895846148,1.1150233324839751,FALSE,FALSE
2010-12-22,circumpolar,10.20123428,0.8412426546819276,0.8412426546819276,1.1150233324839751,FALSE,FALSE
2010-12-23,circumpolar,9.986345303,0.8552402875636957,0.8552402875636957,1.1150233324839751,FALSE,FALSE
2010-12-24,circumpolar,9.712567181,0.8076386118092209,0.8076386118092209,1.1150233324839751,FALSE,FALSE
2010-12-25,circumpolar,9.379365772,0.6974600769978405,0.6974600769978405,1.1150233324839751,FALSE,FALSE
2010-12-26,circumpolar,9.011989351,0.5495095497088496,0.5495095497088496,1.1150233324839751,FALSE,FALSE
2010-12-27,circumpolar,8.694500872,0.44740657552159746,0.44740657552159746,1.1150233324839751,FALSE,FALSE
2010-12-28,circumpolar,8.359885793,0.3236932040153704,0.3236932040153704,1.1150233324839751,FALSE,FALSE
2010-12-29,circumpolar,8.09254789,0.26232980276951956,0.26232980276951956,1.1150233324839751,FALSE,FALSE
2010-12-30,circumpolar,7.77165782,0.14204362036333684,0.14204362036333684,1.1150233324839751,FALSE,FALSE
2010-12-31,circumpolar,7.509037313,0.07421297837614027,0.07421297837614027,1.1150233324839751,FALSE,FALSE
2011-01-01,circumpolar,7.277084045,0.03079214438726651,0.03079214438726651,1.1150233324839751,FALSE,FALSE
2011-01-02,circumpolar,7.046302637,-0.01804024556927075,0.01804024556927075,1.1150233324839751,FALSE,FALSE
2011-01-03,circumpolar,6.86438171,-0.02445186164061219,0.02445186164061219,1.1150233324839751,FALSE,FALSE
2011-01-04,circumpolar,6.698963409,-0.02053942651918028,0.02053942651918028,1.1150233324839751,FALSE,FALSE
2011-01-05,circumpolar,6.552950148,-0.00313939389738671,0.00313939389738671,1.1150233324839751,FALSE,FALSE
2011-01-06,circumpolar,6.431631349,0.03329879053231899,0.03329879053231899,1.1150233324839751,FALSE,FALSE
2011-01-07,circumpolar,6.265964388,0.01999363507751006,0.01999363507751006,1.1150233324839751,FALSE,FALSE
2011-01-08,circumpolar,6.051280723,-0.04746226995422908,0.04746226995422908,1.1150233324839751,FALSE,FALSE
2011-01-09,circumpolar,5.87369433,-0.08269381625533967,0.08269381625533967,1.1150233324839751,FALSE,FALSE
2011-01-10,circumpolar,5.656576744,-0.16206833651823427,0.16206833651823427,1.1150233324839751,FALSE,FALSE
2011-01-11,circumpolar,5.467316845,-0.21793581843535925,0.21793581843535925,1.1150233324839751,FALSE,FALSE
2011-01-12,circumpolar,5.225678996,-0.33027076669913047,0.33027076669913047,1.1150233324839751,FALSE,FALSE
2011-01-13,circumpolar,5.111774186,-0.3187010600019802,0.3187010600019802,1.1150233324839751,FALSE,FALSE
2011-01-14,circumpolar,4.889574047,-0.4189971600270858,0.4189971600270858,1.1150233324839751,FALSE,FALSE
2011-01-15,circumpolar,4.646197857,-0.5438976466131402,0.5438976466131402,1.1150233324839751,FALSE,FALSE
2011-01-16,circumpolar,4.490881087,-0.5841699342989344,0.5841699342989344,1.1150233324839751,FALSE,FALSE
2011-01-17,circumpolar,4.329495923,-0.6339538946675836,0.6339538946675836,1.1150233324839751,FALSE,FALSE
2011-01-18,circumpolar,4.115667787,-0.7396361633021957,0.7396361633021957,1.1150233324839751,FALSE,FALSE
2011-01-19,circumpolar,3.970516589,-0.7801088877858824,0.7801088877858824,1.1150233324839751,FALSE,FALSE
2011-01-20,circumpolar,3.889767201,-0.7596592537017544,0.7596592537017544,1.1150233324839751,FALSE,FALSE
2011-01-21,circumpolar,3.766666804,-0.7850521376329263,0.7850521376329263,1.1150233324839751,FALSE,FALSE
2011-01-22,circumpolar,3.734223453,-0.723291542162507,0.723291542162507,1.1150233324839751,FALSE,FALSE
2011-01-23,circumpolar,3.646032454,-0.7207942188736052,0.7207942188736052,1.1150233324839751,FALSE,FALSE
2011-01-24,circumpolar,3.589225967,-0.6904400653493408,0.6904400653493408,1.1150233324839751,FALSE,FALSE
2011-01-25,circumpolar,3.556523939,-0.6395211921728192,0.6395211921728192,1.1150233324839751,FALSE,FALSE
2011-01-26,circumpolar,3.491675054,-0.6243009729271476,0.6243009729271476,1.1150233324839751,FALSE,FALSE
2011-01-27,circumpolar,3.414612328,-0.6248469773418903,0.6248469773418903,1.1150233324839751,FALSE,FALSE
2011-01-28,circumpolar,3.355513177,-0.6109047169053143,0.6109047169053143,1.1150233324839751,FALSE,FALSE
2011-01-29,circumpolar,3.30792983,-0.5888126885862062,0.5888126885862062,1.1150233324839751,FALSE,FALSE
2011-01-30,circumpolar,3.210587379,-0.6197364226220454,0.6197364226220454,1.1150233324839751,FALSE,FALSE
2011-01-31,circumpolar,3.152426647,-0.6146257182502923,0.6146257182502923,1.1150233324839751,FALSE,FALSE
2011-02-01,circumpolar,3.117518701,-0.5893001307084296,0.5893001307084296,1.1150233324839751,FALSE,FALSE
2011-02-02,circumpolar,3.087517571,-0.5619962522339259,0.5619962522339259,1.1150233324839751,FALSE,FALSE
2011-02-03,circumpolar,3.047043056,-0.5479849060642472,0.5479849060642472,1.1150233324839751,FALSE,FALSE
2011-02-04,circumpolar,3.003524961,-0.5397269094368737,0.5397269094368737,1.1150233324839751,FALSE,FALSE
2011-02-05,circumpolar,2.928894065,-0.5651821055892801,0.5651821055892801,1.1150233324839751,FALSE,FALSE
2011-02-06,circumpolar,2.866946456,-0.5804450287589322,0.5804450287589322,1.1150233324839751,FALSE,FALSE
2011-02-07,circumpolar,2.847745437,-0.5553429981833027,0.5553429981833027,1.1150233324839751,FALSE,FALSE
2011-02-08,circumpolar,2.835774411,-0.5252840739168096,0.5252840739168096,1.1150233324839751,FALSE,FALSE
2011-02-09,circumpolar,2.799505312,-0.5217987924610323,0.5217987924610323,1.1150233324839751,FALSE,FALSE
2011-02-10,circumpolar,2.759331258,-0.5247172734689753,0.5247172734689753,1.1150233324839751,FALSE,FALSE
2011-02-11,circumpolar,2.744361259,-0.5051798466892308,0.5051798466892308,1.1150233324839751,FALSE,FALSE
2011-02-12,circumpolar,2.738524577,-0.47950658987040873,0.47950658987040873,1.1150233324839751,FALSE,FALSE
2011-02-13,circumpolar,2.713928982,-0.47583907276111814,0.47583907276111814,1.1150233324839751,FALSE,FALSE
2011-02-14,circumpolar,2.678992937,-0.4860081721099525,0.4860081721099525,1.1150233324839751,FALSE,FALSE
2011-02-15,circumpolar,2.623707012,-0.5202726576655223,0.5202726576655223,1.1150233324839751,FALSE,FALSE
2011-02-16,circumpolar,2.600886408,-0.5260666681764334,0.5260666681764334,1.1150233324839751,FALSE,FALSE
2011-02-17,circumpolar,2.577899738,-0.5362709303912783,0.5362709303912783,1.1150233324839751,FALSE,FALSE
2011-02-18,circumpolar,2.573907528,-0.5319742580586726,0.5319742580586726,1.1150233324839751,FALSE,FALSE
2011-02-19,circumpolar,2.573977703,-0.5283580659272191,0.5283580659272191,1.1150233324839751,FALSE,FALSE
2011-02-20,circumpolar,2.544410342,-0.5593716147455128,0.5593716147455128,1.1150233324839751,FALSE,FALSE
2011-02-21,circumpolar,2.546733811,-0.5637137444838092,0.5637137444838092,1.1150233324839751,FALSE,FALSE
2011-02-22,circumpolar,2.579720904,-0.5425705253025499,0.5425705253025499,1.1150233324839751,FALSE,FALSE
2011-02-23,circumpolar,2.619764844,-0.5193290856802832,0.5193290856802832,1.1150233324839751,FALSE,FALSE
2011-02-24,circumpolar,2.606493298,-0.5541388831268592,0.5541388831268592,1.1150233324839751,FALSE,FALSE
2011-02-25,circumpolar,2.680729718,-0.5059535901521146,0.5059535901521146,1.1150233324839751,FALSE,FALSE
2011-02-26,circumpolar,2.725886476,-0.491137959265898,0.491137959265898,1.1150233324839751,FALSE,FALSE
2011-02-27,circumpolar,2.791151406,-0.4602812809780499,0.4602812809780499,1.1150233324839751,FALSE,FALSE
2011-02-28,circumpolar,2.837484326,-0.4522008617984157,0.4522008617984157,1.1150233324839751,FALSE,FALSE
2011-03-01,circumpolar,2.884996218,-0.44656284423683656,0.44656284423683656,1.1150233324839751,FALSE,FALSE
2011-03-02,circumpolar,2.859134896,-0.5176965388031616,0.5176965388031616,1.1150233324839751,FALSE,FALSE
2011-03-03,circumpolar,2.879260512,-0.5460189180072241,0.5460189180072241,1.1150233324839751,FALSE,FALSE
2011-03-04,circumpolar,2.950053873,-0.5266262993588748,0.5266262993588748,1.1150233324839751,FALSE,FALSE
2011-03-05,circumpolar,3.053226954,-0.4775838386544997,0.4775838386544997,1.1150233324839751,FALSE,FALSE
2011-03-06,circumpolar,3.096218927,-0.49125287984468,0.49125287984468,1.1150233324839751,FALSE,FALSE
2011-03-07,circumpolar,3.174098434,-0.4724414300591788,0.4724414300591788,1.1150233324839751,FALSE,FALSE
2011-03-08,circumpolar,3.29427976,-0.41362732068102703,0.41362732068102703,1.1150233324839751,FALSE,FALSE
2011-03-09,circumpolar,3.328249869,-0.4432157040932605,0.4432157040932605,1.1150233324839751,FALSE,FALSE
2011-03-10,circumpolar,3.339657934,-0.4974495236789087,0.4974495236789087,1.1150233324839751,FALSE,FALSE
2011-03-11,circumpolar,3.460395191,-0.44432965982100026,0.44432965982100026,1.1150233324839751,FALSE,FALSE
2011-03-12,circumpolar,3.550934048,-0.4232758209025729,0.4232758209025729,1.1150233324839751,FALSE,FALSE
2011-03-13,circumpolar,3.586170719,-0.45928390930665675,0.45928390930665675,1.1150233324839751,FALSE,FALSE
2011-03-14,circumpolar,3.630236605,-0.4881146404162826,0.4881146404162826,1.1150233324839751,FALSE,FALSE
2011-03-15,circumpolar,3.701773566,-0.4910182706144832,0.4910182706144832,1.1150233324839751,FALSE,FALSE
2011-03-16,circumpolar,3.795114284,-0.4735542342842938,0.4735542342842938,1.1150233324839751,FALSE,FALSE
2011-03-17,circumpolar,3.844815936,-0.501057470808739,0.501057470808739,1.1150233324839751,FALSE,FALSE
2011-03-18,circumpolar,3.889475716,-0.5348241935814042,0.5348241935814042,1.1150233324839751,FALSE,FALSE
2011-03-19,circumpolar,3.943721473,-0.5601522037961315,0.5601522037961315,1.1150233324839751,FALSE,FALSE
2011-03-20,circumpolar,3.95981688,-0.624737204885867,0.624737204885867,1.1150233324839751,FALSE,FALSE
2011-03-21,circumpolar,4.016089884,-0.6502122141701063,0.6502122141701063,1.1150233324839751,FALSE,FALSE
2011-03-22,circumpolar,4.049159105,-0.6999195759683152,0.6999195759683152,1.1150233324839751,FALSE,FALSE
2011-03-23,circumpolar,4.121412369,-0.7114324285999771,0.7114324285999771,1.1150233324839751,FALSE,FALSE
2011-03-24,circumpolar,4.196506444,-0.7210549683845713,0.7210549683845713,1.1150233324839751,FALSE,FALSE
2011-03-25,circumpolar,4.23435886,-0.7688306296415695,0.7688306296415695,1.1150233324839751,FALSE,FALSE
2011-03-26,circumpolar,4.290542433,-0.7991475606904608,0.7991475606904608,1.1150233324839751,FALSE,FALSE
2011-03-27,circumpolar,4.337417565,-0.8396063238507132,0.8396063238507132,1.1150233324839751,FALSE,FALSE
2011-03-28,circumpolar,4.369162601,-0.8959895384418077,0.8959895384418077,1.1150233324839751,FALSE,FALSE
2011-03-29,circumpolar,4.424490293,-0.9295454167832292,0.9295454167832292,1.1150233324839751,FALSE,FALSE
2011-03-30,circumpolar,4.514558051,-0.9290775131944472,0.9290775131944472,1.1150233324839751,FALSE,FALSE
2011-03-31,circumpolar,4.609834627,-0.9240878935774316,0.9240878935774316,1.1150233324839751,FALSE,FALSE
2011-04-01,circumpolar,4.669489426,-0.9554318308434224,0.9554318308434224,1.1150233324839751,FALSE,FALSE
2011-04-02,circumpolar,4.720519829,-0.9961549319858304,0.9961549319858304,1.1150233324839751,FALSE,FALSE
2011-04-03,circumpolar,4.815244811,-0.993981225134994,0.993981225134994,1.1150233324839751,FALSE,FALSE
2011-04-04,circumpolar,4.913606504,-0.9890115814212476,0.9890115814212476,1.1150233324839751,FALSE,FALSE
2011-04-05,circumpolar,5.011384704,-0.9855092079749292,0.9855092079749292,1.1150233324839751,FALSE,FALSE
2011-04-06,circumpolar,5.233532035,-0.8585644839263686,0.8585644839263686,1.1150233324839751,FALSE,FALSE
2011-04-07,circumpolar,5.345576835,-0.8426920744059139,0.8426920744059139,1.1150233324839751,FALSE,FALSE
2011-04-08,circumpolar,5.45202856,-0.8334255265438966,0.8334255265438966,1.1150233324839751,FALSE,FALSE
2011-04-09,circumpolar,5.648431069,-0.7352639844706577,0.7352639844706577,1.1150233324839751,FALSE,FALSE
2011-04-10,circumpolar,5.86469914,-0.6183356733165288,0.6183356733165288,1.1150233324839751,FALSE,FALSE
2011-04-11,circumpolar,5.943240315,-0.6402760542118546,0.6402760542118546,1.1150233324839751,FALSE,FALSE
2011-04-12,circumpolar,6.054590114,-0.6305919837196177,0.6305919837196177,1.1150233324839751,FALSE,FALSE
2011-04-13,circumpolar,6.126997258,-0.6610324618014767,0.6610324618014767,1.1150233324839751,FALSE,FALSE
2011-04-14,circumpolar,6.220962818,-0.6710205240608627,0.6710205240608627,1.1150233324839751,FALSE,FALSE
2011-04-15,circumpolar,6.266518439,-0.7304417561906194,0.7304417561906194,1.1150233324839751,FALSE,FALSE
2011-04-16,circumpolar,6.421959441,-0.6809180688835612,0.6809180688835612,1.1150233324839751,FALSE,FALSE
2011-04-17,circumpolar,6.654777862,-0.5548746548325321,0.5548746548325321,1.1150233324839751,FALSE,FALSE
2011-04-18,circumpolar,6.79807147,-0.5191309767303673,0.5191309767303673,1.1150233324839751,FALSE,FALSE
2011-04-19,circumpolar,6.915230624,-0.5102139062699065,0.5102139062699065,1.1150233324839751,FALSE,FALSE
2011-04-20,circumpolar,6.970093861,-0.5642021371439636,0.5642021371439636,1.1150233324839751,FALSE,FALSE
2011-04-21,circumpolar,7.019243883,-0.6244301980453937,0.6244301980453937,1.1150233324839751,FALSE,FALSE
2011-04-22,circumpolar,7.075228533,-0.6782674766670214,0.6782674766670214,1.1150233324839751,FALSE,FALSE
2011-04-23,circumpolar,7.165857837,-0.697821177701675,0.697821177701675,1.1150233324839751,FALSE,FALSE
2011-04-24,circumpolar,7.326858289,-0.6472820378422046,0.6472820378422046,1.1150233324839751,FALSE,FALSE
2011-04-25,circumpolar,7.490926336,-0.5938743423578652,0.5938743423578652,1.1150233324839751,FALSE,FALSE
2011-04-26,circumpolar,7.636769492,-0.5588445656087435,0.5588445656087435,1.1150233324839751,FALSE,FALSE
2011-04-27,circumpolar,7.726447109,-0.5801057214652197,0.5801057214652197,1.1150233324839751,FALSE,FALSE
2011-04-28,circumpolar,7.830224414,-0.5873651423844244,0.5873651423844244,1.1150233324839751,FALSE,FALSE
2011-04-29,circumpolar,7.996006311,-0.5326904838235045,0.5326904838235045,1.1150233324839751,FALSE,FALSE
2011-04-30,circumpolar,8.186289678,-0.4535574272396072,0.4535574272396072,1.1150233324839751,FALSE,FALSE
2011-05-01,circumpolar,8.306910455,-0.4441025920898696,0.4441025920898696,1.1150233324839751,FALSE,FALSE
2011-05-02,circumpolar,8.448049118,-0.41411806183144506,0.41411806183144506,1.1150233324839751,FALSE,FALSE
2011-05-03,circumpolar,8.553995203,-0.4192868599214581,0.4192868599214581,1.1150233324839751,FALSE,FALSE
2011-05-04,circumpolar,8.627763808,-0.4565664478170639,0.4565664478170639,1.1150233324839751,FALSE,FALSE
2011-05-05,circumpolar,8.745133998,-0.4501503199754069,0.4501503199754069,1.1150233324839751,FALSE,FALSE
2011-05-06,circumpolar,8.877656022,-0.4284607868536181,0.4284607868536181,1.1150233324839751,FALSE,FALSE
2011-05-07,circumpolar,9.013266225,-0.4035340779018437,0.4035340779018437,1.1150233324839751,FALSE,FALSE
2011-05-08,circumpolar,9.119364947,-0.40795078639675175,0.40795078639675175,1.1150233324839751,FALSE,FALSE
2011-05-09,circumpolar,9.304053179,-0.33361310140191414,0.33361310140191414,1.1150233324839751,FALSE,FALSE
2011-05-10,circumpolar,9.533213065,-0.21464571937899635,0.21464571937899635,1.1150233324839751,FALSE,FALSE
2011-05-11,circumpolar,9.754458237,-0.10344184878968044,0.10344184878968044,1.1150233324839751,FALSE,FALSE
2011-05-12,circumpolar,9.934438726,-0.03335829909562804,0.03335829909562804,1.1150233324839751,FALSE,FALSE
2011-05-13,circumpolar,10.0897726,0.01221615724147895,0.01221615724147895,1.1150233324839751,FALSE,FALSE
2011-05-14,circumpolar,10.22758635,0.04040117075997607,0.04040117075997607,1.1150233324839751,FALSE,FALSE
2011-05-15,circumpolar,10.38604196,0.089351884998189135,0.089351884998189135,1.1150233324839751,FALSE,FALSE
2011-05-16,circumpolar,10.49505169,0.08897371949443666,0.08897371949443666,1.1150233324839751,FALSE,FALSE
2011-05-17,circumpolar,10.57543835,0.06008264378704986,0.06008264378704986,1.1150233324839751,FALSE,FALSE
2011-05-18,circumpolar,10.65851454,0.0339844174143753,0.0339844174143753,1.1150233324839751,FALSE,FALSE
2011-05-19,circumpolar,10.78594885,0.05234078991471769,0.05234078991471769,1.1150233324839751,FALSE,FALSE
2011-05-20,circumpolar,10.96422843,0.121633203863885,0.121633203863885,1.1150233324839751,FALSE,FALSE
2011-05-21,circumpolar,11.05443418,0.10295752672873526,0.10295752672873526,1.1150233324839751,FALSE,FALSE
2011-05-22,circumpolar,11.18637714,0.1261578292932537,0.1261578292932537,1.1150233324839751,FALSE,FALSE
2011-05-23,circumpolar,11.37583636,0.20704680007662013,0.20704680007662013,1.1150233324839751,FALSE,FALSE
2011-05-24,circumpolar,11.54854038,0.27138661759800087,0.27138661759800087,1.1150233324839751,FALSE,FALSE
2011-05-25,circumpolar,11.60873097,0.22345269037658255,0.22345269037658255,1.1150233324839751,FALSE,FALSE
2011-05-26,circumpolar,11.67163691,0.1785074369315378,0.1785074369315378,1.1150233324839751,FALSE,FALSE
2011-05-27,circumpolar,11.81741416,0.21674045578203405,0.21674045578203405,1.1150233324839751,FALSE,FALSE
2011-05-28,circumpolar,12.00821708,0.3003397454472516,0.3003397454472516,1.1150233324839751,FALSE,FALSE
2011-05-29,circumpolar,12.14079334,0.32608661444637654,0.32608661444637654,1.1150233324839751,FALSE,FALSE
2011-05-30,circumpolar,12.26817642,0.3470481812985753,0.3470481812985753,1.1150233324839751,FALSE,FALSE
2011-05-31,circumpolar,12.40063151,0.3735232745230128,0.3735232745230128,1.1150233324839751,FALSE,FALSE
2011-06-01,circumpolar,12.50124979,0.3686367126388906,0.3686367126388906,1.1150233324839751,FALSE,FALSE
2011-06-02,circumpolar,12.48277031,0.24515007219641305,0.24515007219641305,1.1150233324839751,FALSE,FALSE
2011-06-03,circumpolar,12.47117895,0.129022464050923,0.129022464050923,1.1150233324839751,FALSE,FALSE
2011-06-04,circumpolar,12.57751093,0.13124867384660455,0.13124867384660455,1.1150233324839751,FALSE,FALSE
2011-06-05,circumpolar,12.7310471,0.1810691167215115,0.1810691167215115,1.1150233324839751,FALSE,FALSE
2011-06-06,circumpolar,12.83989367,0.18654956781368348,0.18654956781368348,1.1150233324839751,FALSE,FALSE
2011-06-07,circumpolar,12.9121705,0.15576945226114347,0.15576945226114347,1.1150233324839751,FALSE,FALSE
2011-06-08,circumpolar,12.9795831,0.12039384520192796,0.12039384520192796,1.1150233324839751,FALSE,FALSE
2011-06-09,circumpolar,13.0502326,0.08848344177406986,0.08848344177406986,1.1150233324839751,FALSE,FALSE
2011-06-10,circumpolar,13.18393339,0.1198121971155981,0.1198121971155981,1.1150233324839751,FALSE,FALSE
2011-06-11,circumpolar,13.32322515,0.1568793563645663,0.1568793563645663,1.1150233324839751,FALSE,FALSE
2011-06-12,circumpolar,13.41653753,0.14807413465898556,0.14807413465898556,1.1150233324839751,FALSE,FALSE
2011-06-13,circumpolar,13.54356798,0.17305354713689525,0.17305354713689525,1.1150233324839751,FALSE,FALSE
2011-06-14,circumpolar,13.63960041,0.16706289935675755,0.16706289935675755,1.1150233324839751,FALSE,FALSE
2011-06-15,circumpolar,13.7687258,0.1942352594010046,0.1942352594010046,1.1150233324839751,FALSE,FALSE
2011-06-16,circumpolar,13.76441146,0.08819072384399362,0.08819072384399362,1.1150233324839751,FALSE,FALSE
2011-06-17,circumpolar,13.88393103,0.10636373955460954,0.10636373955460954,1.1150233324839751,FALSE,FALSE
2011-06-18,circumpolar,13.98585629,0.10748689340171148,0.10748689340171148,1.1150233324839751,FALSE,FALSE
2011-06-19,circumpolar,14.02522312,0.04675687225418912,0.04675687225418912,1.1150233324839751,FALSE,FALSE
2011-06-20,circumpolar,14.04539186,-0.03230517701909186,0.03230517701909186,1.1150233324839751,FALSE,FALSE
2011-06-21,circumpolar,14.12149601,-0.05440494754925673,0.05440494754925673,1.1150233324839751,FALSE,FALSE
2011-06-22,circumpolar,14.20836686,-0.06455034246744518,0.06455034246744518,1.1150233324839751,FALSE,FALSE
2011-06-23,circumpolar,14.26738634,-0.10119862490476984,0.10119862490476984,1.1150233324839751,FALSE,FALSE
2011-06-24,circumpolar,14.26472641,-0.198017027992357,0.198017027992357,1.1150233324839751,FALSE,FALSE
2011-06-25,circumpolar,14.31583002,-0.23940179486134736,0.23940179486134736,1.1150233324839751,FALSE,FALSE
2011-06-26,circumpolar,14.38463775,-0.26125153864285267,0.26125153864285267,1.1150233324839751,FALSE,FALSE
2011-06-27,circumpolar,14.48187659,-0.2527064871543079,0.2527064871543079,1.1150233324839751,FALSE,FALSE
2011-06-28,circumpolar,14.5170142,-0.3043779669036688,0.3043779669036688,1.1150233324839751,FALSE,FALSE
2011-06-29,circumpolar,14.60934248,-0.297149829837851,0.297149829837851,1.1150233324839751,FALSE,FALSE
2011-06-30,circumpolar,14.68159933,-0.30846042542432706,0.30846042542432706,1.1150233324839751,FALSE,FALSE
2011-07-01,circumpolar,14.73867796,-0.33359279313053314,0.33359279313053314,1.1150233324839751,FALSE,FALSE
2011-07-02,circumpolar,14.84399323,-0.3093083224239326,0.3093083224239326,1.1150233324839751,FALSE,FALSE
2011-07-03,circumpolar,14.89148361,-0.3418447927719619,0.3418447927719619,1.1150233324839751,FALSE,FALSE
2011-07-04,circumpolar,14.9649034,-0.3476241536420819,0.3476241536420819,1.1150233324839751,FALSE,FALSE
2011-07-05,circumpolar,14.99112089,-0.3999543645017454,0.3999543645017454,1.1150233324839751,FALSE,FALSE
2011-07-06,circumpolar,15.00492044,-0.4642273148184035,0.4642273148184035,1.1150233324839751,FALSE,FALSE
2011-07-07,circumpolar,15.0138655,-0.5330558040595026,0.5330558040595026,1.1150233324839751,FALSE,FALSE
2011-07-08,circumpolar,15.14137636,-0.4831957916924985,0.4831957916924985,1.1150233324839751,FALSE,FALSE
2011-07-09,circumpolar,15.28565226,-0.41662387419095737,0.41662387419095737,1.1150233324839751,FALSE,FALSE
2011-07-10,circumpolar,15.42364295,-0.3564858126294883,0.3564858126294883,1.1150233324839751,FALSE,FALSE
2011-07-11,circumpolar,15.57703755,-0.28101220799954163,0.28101220799954163,1.1150233324839751,FALSE,FALSE
2011-07-12,circumpolar,15.71649773,-0.2194378478823662,0.2194378478823662,1.1150233324839751,FALSE,FALSE
2011-07-13,circumpolar,15.76379939,-0.24988328985913988,0.24988328985913988,1.1150233324839751,FALSE,FALSE
2011-07-14,circumpolar,15.83687061,-0.2543169115110917,0.2543169115110917,1.1150233324839751,FALSE,FALSE
2011-07-15,circumpolar,15.98098775,-0.1873588104194148,0.1873588104194148,1.1150233324839751,FALSE,FALSE
2011-07-16,circumpolar,16.08681115,-0.158245104165335,0.158245104165335,1.1150233324839751,FALSE,FALSE
2011-07-17,circumpolar,16.24912247,-0.07209059033005971,0.07209059033005971,1.1150233324839751,FALSE,FALSE
2011-07-18,circumpolar,16.42637399,0.02966055350523078,0.02966055350523078,1.1150233324839751,FALSE,FALSE
2011-07-19,circumpolar,16.51306773,0.0416138897592937,0.0416138897592937,1.1150233324839751,FALSE,FALSE
2011-07-20,circumpolar,16.63927766,0.09394693085093664,0.09394693085093664,1.1150233324839751,FALSE,FALSE
2011-07-21,circumpolar,16.7285616,0.11032103919894,0.11032103919894,1.1150233324839751,FALSE,FALSE
2011-07-22,circumpolar,16.83012035,0.14003767528048527,0.14003767528048527,1.1150233324839751,FALSE,FALSE
2011-07-23,circumpolar,16.8130084,0.0522122121563946,0.0522122121563946,1.1150233324839751,FALSE,FALSE
2011-07-24,circumpolar,16.90343245,0.07308323755018264,0.07308323755018264,1.1150233324839751,FALSE,FALSE
2011-07-25,circumpolar,17.07172003,0.17300951145826815,0.17300951145826815,1.1150233324839751,FALSE,FALSE
2011-07-26,circumpolar,17.22762468,0.261775803877093,0.261775803877093,1.1150233324839751,FALSE,FALSE
2011-07-27,circumpolar,17.28557104,0.2538379848030772,0.2538379848030772,1.1150233324839751,FALSE,FALSE
2011-07-28,circumpolar,17.28113761,0.18480578423264404,0.18480578423264404,1.1150233324839751,FALSE,FALSE
2011-07-29,circumpolar,17.31646095,0.15684699216223663,0.15684699216223663,1.1150233324839751,FALSE,FALSE
2011-07-30,circumpolar,17.41507325,0.19352502858828305,0.19352502858828305,1.1150233324839751,FALSE,FALSE
2011-07-31,circumpolar,17.47851709,0.19641370350719356,0.19641370350719356,1.1150233324839751,FALSE,FALSE
2011-08-01,circumpolar,17.5391191,0.19787087691539185,0.19787087691539185,1.1150233324839751,FALSE,FALSE
2011-08-02,circumpolar,17.65439182,0.2554403188093346,0.2554403188093346,1.1150233324839751,FALSE,FALSE
2011-08-03,circumpolar,17.72647533,0.2712933386227654,0.2712933386227654,1.1150233324839751,FALSE,FALSE
2011-08-04,circumpolar,17.77735608,0.2674324259379013,0.2674324259379013,1.1150233324839751,FALSE,FALSE
2011-08-05,circumpolar,17.83674577,0.27353052467491423,0.27353052467491423,1.1150233324839751,FALSE,FALSE
2011-08-06,circumpolar,17.81873518,0.20362730701223697,0.20362730701223697,1.1150233324839751,FALSE,FALSE
2011-08-07,circumpolar,17.8382028,0.17255015512827754,0.17255015512827754,1.1150233324839751,FALSE,FALSE
2011-08-08,circumpolar,17.81246709,0.09756642120143157,0.09756642120143157,1.1150233324839751,FALSE,FALSE
2011-08-09,circumpolar,17.86684929,0.1039462374101312,0.1039462374101312,1.1150233324839751,FALSE,FALSE
2011-08-10,circumpolar,17.95666723,0.1469563259327629,0.1469563259327629,1.1150233324839751,FALSE,FALSE
2011-08-11,circumpolar,17.96656687,0.11119153894775025,0.11119153894775025,1.1150233324839751,FALSE,FALSE
2011-08-12,circumpolar,18.0776384,0.1776909586334945,0.1776909586334945,1.1150233324839751,FALSE,FALSE
2011-08-13,circumpolar,18.13869199,0.19521364716842624,0.19521364716842624,1.1150233324839751,FALSE,FALSE
2011-08-14,circumpolar,18.15883662,0.1728174767309376,0.1728174767309376,1.1150233324839751,FALSE,FALSE
2011-08-15,circumpolar,18.19126458,0.16364362949943967,0.16364362949943967,1.1150233324839751,FALSE,FALSE
2011-08-16,circumpolar,18.27075923,0.2024252362226484,0.2024252362226484,1.1150233324839751,FALSE,FALSE
2011-08-17,circumpolar,18.26540964,0.1572272508221637,0.1572272508221637,1.1150233324839751,FALSE,FALSE
2011-08-18,circumpolar,18.32531929,0.17815892580537707,0.17815892580537707,1.1150233324839751,FALSE,FALSE
2011-08-19,circumpolar,18.32875014,0.14348963165143758,0.14348963165143758,1.1150233324839751,FALSE,FALSE
2011-08-20,circumpolar,18.34388774,0.12141232883951858,0.12141232883951858,1.1150233324839751,FALSE,FALSE
2011-08-21,circumpolar,18.39506314,0.1362654778487915,0.1362654778487915,1.1150233324839751,FALSE,FALSE
2011-08-22,circumpolar,18.38722269,0.0930028391584159,0.0930028391584159,1.1150233324839751,FALSE,FALSE
2011-08-23,circumpolar,18.36233808,0.03360351324754518,0.03360351324754518,1.1150233324839751,FALSE,FALSE
2011-08-24,circumpolar,18.20857202,-0.15376237940465387,0.15376237940465387,1.1150233324839751,FALSE,FALSE
2011-08-25,circumpolar,18.16697276,-0.2280391783190012,0.2280391783190012,1.1150233324839751,FALSE,FALSE
2011-08-26,circumpolar,18.28823144,-0.1385283330163567,0.1385283330163567,1.1150233324839751,FALSE,FALSE
2011-08-27,circumpolar,18.39978059,-0.05778990301755016,0.05778990301755016,1.1150233324839751,FALSE,FALSE
2011-08-28,circumpolar,18.49813096,0.01069427215659502,0.01069427215659502,1.1150233324839751,FALSE,FALSE
2011-08-29,circumpolar,18.55773362,0.04138358252199481,0.04138358252199481,1.1150233324839751,FALSE,FALSE
2011-08-30,circumpolar,18.6240676,0.07977090598277314,0.07977090598277314,1.1150233324839751,FALSE,FALSE
2011-08-31,circumpolar,18.71239652,0.14113578744662547,0.14113578744662547,1.1150233324839751,FALSE,FALSE
2011-09-01,circumpolar,18.85529973,0.25807350554676844,0.25807350554676844,1.1150233324839751,FALSE,FALSE
2011-09-02,circumpolar,18.93817465,0.3159974089163846,0.3159974089163846,1.1150233324839751,FALSE,FALSE
2011-09-03,circumpolar,18.95350434,0.30740648618867894,0.30740648618867894,1.1150233324839751,FALSE,FALSE
2011-09-04,circumpolar,18.93328395,0.26431181599685516,0.26431181599685516,1.1150233324839751,FALSE,FALSE
2011-09-05,circumpolar,18.89193313,0.20114897697408196,0.20114897697408196,1.1150233324839751,FALSE,FALSE
2011-09-06,circumpolar,18.93470888,0.22319089775359657,0.22319089775359657,1.1150233324839751,FALSE,FALSE
2011-09-07,circumpolar,18.88678325,0.1556255569685625,0.1556255569685625,1.1150233324839751,FALSE,FALSE
2011-09-08,circumpolar,18.89007842,0.14039106325218498,0.14039106325218498,1.1150233324839751,FALSE,FALSE
2011-09-09,circumpolar,18.91869253,0.15160148523766992,0.15160148523766992,1.1150233324839751,FALSE,FALSE
2011-09-10,circumpolar,18.92470735,0.14135454544006976,0.14135454544006976,1.1150233324839751,FALSE,FALSE
2011-09-11,circumpolar,18.94644321,0.14798879351866745,0.14798879351866745,1.1150233324839751,FALSE,FALSE
2011-09-12,circumpolar,18.97602432,0.1636507617752052,0.1636507617752052,1.1150233324839751,FALSE,FALSE
2011-09-13,circumpolar,19.02671129,0.20162381448395195,0.20162381448395195,1.1150233324839751,FALSE,FALSE
2011-09-14,circumpolar,19.04971489,0.21314147591913368,0.21314147591913368,1.1150233324839751,FALSE,FALSE
2011-09-15,circumpolar,19.10710197,0.2602933503549778,0.2602933503549778,1.1150233324839751,FALSE,FALSE
2011-09-16,circumpolar,19.14946355,0.29369321206575094,0.29369321206575094,1.1150233324839751,FALSE,FALSE
2011-09-17,circumpolar,19.18707677,0.3236409553256898,0.3236409553256898,1.1150233324839751,FALSE,FALSE
2011-09-18,circumpolar,19.20856106,0.338778764409021,0.338778764409021,1.1150233324839751,FALSE,FALSE
2011-09-19,circumpolar,19.19151515,0.31672812359000346,0.31672812359000346,1.1150233324839751,FALSE,FALSE
2011-09-20,circumpolar,19.18338327,0.30495601714285314,0.30495601714285314,1.1150233324839751,FALSE,FALSE
2011-09-21,circumpolar,19.1504679,0.26978767934183523,0.26978767934183523,1.1150233324839751,FALSE,FALSE
2011-09-22,circumpolar,19.16065308,0.27912990446119323,0.27912990446119323,1.1150233324839751,FALSE,FALSE
2011-09-23,circumpolar,19.13890379,0.2579696460284602,0.2579696460284602,1.1150233324839751,FALSE,FALSE
2011-09-24,circumpolar,19.1020018,0.22310228879948824,0.22310228879948824,1.1150233324839751,FALSE,FALSE
2011-09-25,circumpolar,19.09743863,0.22202789697070455,0.22202789697070455,1.1150233324839751,FALSE,FALSE
2011-09-26,circumpolar,19.10223957,0.23178023359303168,0.23178023359303168,1.1150233324839751,FALSE,FALSE
2011-09-27,circumpolar,19.11778367,0.2537468217173533,0.2537468217173533,1.1150233324839751,FALSE,FALSE
2011-09-28,circumpolar,19.09444466,0.23830986439456936,0.23830986439456936,1.1150233324839751,FALSE,FALSE
2011-09-29,circumpolar,19.12142664,0.27468193467555935,0.27468193467555935,1.1150233324839751,FALSE,FALSE
2011-09-30,circumpolar,19.19797914,0.36212103561123854,0.36212103561123854,1.1150233324839751,FALSE,FALSE
2011-10-01,circumpolar,19.2436654,0.4201988802525065,0.4201988802525065,1.1150233324839751,FALSE,FALSE
2011-10-02,circumpolar,19.26732679,0.45776531165024537,0.45776531165024537,1.1150233324839751,FALSE,FALSE
2011-10-03,circumpolar,19.22348914,0.4293546328553717,0.4293546328553717,1.1150233324839751,FALSE,FALSE
2011-10-04,circumpolar,19.23192536,0.4547482269187704,0.4547482269187704,1.1150233324839751,FALSE,FALSE
2011-10-05,circumpolar,19.19484435,0.4361634696025263,0.4361634696025263,1.1150233324839751,FALSE,FALSE
2011-10-06,circumpolar,19.14165636,0.4030223662124719,0.4030223662124719,1.1150233324839751,FALSE,FALSE
2011-10-07,circumpolar,19.03855295,0.3215378789939223,0.3215378789939223,1.1150233324839751,FALSE,FALSE
2011-10-08,circumpolar,18.98151596,0.28771501508075303,0.28771501508075303,1.1150233324839751,FALSE,FALSE
2011-10-09,circumpolar,18.94416252,0.27519407160685105,0.27519407160685105,1.1150233324839751,FALSE,FALSE
2011-10-10,circumpolar,18.85089636,0.20840194570611817,0.20840194570611817,1.1150233324839751,FALSE,FALSE
2011-10-11,circumpolar,18.75734929,0.1429936145124202,0.1429936145124202,1.1150233324839751,FALSE,FALSE
2011-10-12,circumpolar,18.69069095,0.10616188515962222,0.10616188515962222,1.1150233324839751,FALSE,FALSE
2011-10-13,circumpolar,18.58930242,0.0363110047816555,0.0363110047816555,1.1150233324839751,FALSE,FALSE
2011-10-14,circumpolar,18.51602657,-0.00369298948763585,0.00369298948763585,1.1150233324839751,FALSE,FALSE
2011-10-15,circumpolar,18.45698627,-0.02770406051434193,0.02770406051434193,1.1150233324839751,FALSE,FALSE
2011-10-16,circumpolar,18.43085949,-0.01702107116459572,0.01702107116459572,1.1150233324839751,FALSE,FALSE
2011-10-17,circumpolar,18.37958814,-0.02967894430451068,0.02967894430451068,1.1150233324839751,FALSE,FALSE
2011-10-18,circumpolar,18.30434258,-0.06448452572464802,0.06448452572464802,1.1150233324839751,FALSE,FALSE
2011-10-19,circumpolar,18.26928072,-0.05726503202063071,0.05726503202063071,1.1150233324839751,FALSE,FALSE
2011-10-20,circumpolar,18.24392939,-0.03848633219873676,0.03848633219873676,1.1150233324839751,FALSE,FALSE
2011-10-21,circumpolar,18.16475961,-0.0716704084666624,0.0716704084666624,1.1150233324839751,FALSE,FALSE
2011-10-22,circumpolar,18.10116658,-0.0874150630321111,0.0874150630321111,1.1150233324839751,FALSE,FALSE
2011-10-23,circumpolar,18.03384755,-0.10501604810277954,0.10501604810277954,1.1150233324839751,FALSE,FALSE
2011-10-24,circumpolar,18.0019105,-0.08535838588634803,0.08535838588634803,1.1150233324839751,FALSE,FALSE
2011-10-25,circumpolar,17.94119089,-0.0925996185905298,0.0925996185905298,1.1150233324839751,FALSE,FALSE
2011-10-26,circumpolar,17.88905895,-0.08936251842301957,0.08936251842301957,1.1150233324839751,FALSE,FALSE
2011-10-27,circumpolar,17.88336854,-0.03778622759149286,0.03778622759149286,1.1150233324839751,FALSE,FALSE
2011-10-28,circumpolar,17.81716056,-0.04482284830366367,0.04482284830366367,1.1150233324839751,FALSE,FALSE
2011-10-29,circumpolar,17.807172220000002,0.00627182723276931,0.00627182723276931,1.1150233324839751,FALSE,FALSE
2011-10-30,circumpolar,17.77830725,0.04040852681012197,0.04040852681012197,1.1150233324839751,FALSE,FALSE
2011-10-31,circumpolar,17.73361724,0.0606684964965325,0.0606684964965325,1.1150233324839751,FALSE,FALSE
2011-11-01,circumpolar,17.67052119,0.06461192131389737,0.06461192131389737,1.1150233324839751,FALSE,FALSE
2011-11-02,circumpolar,17.58997952,0.05337466364482068,0.05337466364482068,1.1150233324839751,FALSE,FALSE
2011-11-03,circumpolar,17.5061699,0.04130984508116953,0.04130984508116953,1.1150233324839751,FALSE,FALSE
2011-11-04,circumpolar,17.43597106,0.04547164721483199,0.04547164721483199,1.1150233324839751,FALSE,FALSE
2011-11-05,circumpolar,17.38418396,0.07083648163768075,0.07083648163768075,1.1150233324839751,FALSE,FALSE
2011-11-06,circumpolar,17.33723866,0.10400985994158772,0.10400985994158772,1.1150233324839751,FALSE,FALSE
2011-11-07,circumpolar,17.22167256,0.07170463371842573,0.07170463371842573,1.1150233324839751,FALSE,FALSE
2011-11-08,circumpolar,17.16047384,0.0970844345600952,0.0970844345600952,1.1150233324839751,FALSE,FALSE
2011-11-09,circumpolar,17.10431357,0.13099578405843815,0.13099578405843815,1.1150233324839751,FALSE,FALSE
2011-11-10,circumpolar,16.99125443,0.1116768138053672,0.1116768138053672,1.1150233324839751,FALSE,FALSE
2011-11-11,circumpolar,16.90654628,0.1245528353927341,0.1245528353927341,1.1150233324839751,FALSE,FALSE
2011-11-12,circumpolar,16.77320928,0.09281815863671028,0.09281815863671028,1.1150233324839751,FALSE,FALSE
2011-11-13,circumpolar,16.60409258,0.02942407042230144,0.02942407042230144,1.1150233324839751,FALSE,FALSE
2011-11-14,circumpolar,16.41009889,-0.05473283282735863,0.05473283282735863,1.1150233324839751,FALSE,FALSE
2011-11-15,circumpolar,16.26994054,-0.08095526356882843,0.08095526356882843,1.1150233324839751,FALSE,FALSE
2011-11-16,circumpolar,16.12539768,-0.1074781142586474,0.1074781142586474,1.1150233324839751,FALSE,FALSE
2011-11-17,circumpolar,15.96492169,-0.14586504735336803,0.14586504735336803,1.1150233324839751,FALSE,FALSE
2011-11-18,circumpolar,15.79723201,-0.18741166530955233,0.18741166530955233,1.1150233324839751,FALSE,FALSE
2011-11-19,circumpolar,15.67922817,-0.17523348058373855,0.17523348058373855,1.1150233324839751,FALSE,FALSE
2011-11-20,circumpolar,15.51965459,-0.2006011156324732,0.2006011156324732,1.1150233324839751,FALSE,FALSE
2011-11-21,circumpolar,15.33104208,-0.25099880291231713,0.25099880291231713,1.1150233324839751,FALSE,FALSE
2011-11-22,circumpolar,15.24881975,-0.191012474879809,0.191012474879809,1.1150233324839751,FALSE,FALSE
2011-11-23,circumpolar,15.18452779,-0.10911698399151072,0.10911698399151072,1.1150233324839751,FALSE,FALSE
2011-11-24,circumpolar,15.10496483,-0.03852874270396178,0.03852874270396178,1.1150233324839751,FALSE,FALSE
2011-11-25,circumpolar,14.98643417,-0.00295198627980397,0.00295198627980397,1.1150233324839751,FALSE,FALSE
2011-11-26,circumpolar,14.85366153,0.02239496460669876,0.02239496460669876,1.1150233324839751,FALSE,FALSE
2011-11-27,circumpolar,14.70619533,0.03714841600639218,0.03714841600639218,1.1150233324839751,FALSE,FALSE
2011-11-28,circumpolar,14.58873937,0.08610029579655887,0.08610029579655887,1.1150233324839751,FALSE,FALSE
2011-11-29,circumpolar,14.47401996,0.14206504185445112,0.14206504185445112,1.1150233324839751,FALSE,FALSE
2011-11-30,circumpolar,14.3102086,0.1533022820573393,0.1533022820573393,1.1150233324839751,FALSE,FALSE
2011-12-01,circumpolar,14.22728146,0.2498763142824867,0.2498763142824867,1.1150233324839751,FALSE,FALSE
2011-12-02,circumpolar,14.11986604,0.3265027664071578,0.3265027664071578,1.1150233324839751,FALSE,FALSE
2011-12-03,circumpolar,14.06127291,0.45658033630861006,0.45658033630861006,1.1150233324839751,FALSE,FALSE
2011-12-04,circumpolar,13.93229081,0.5209858918641181,0.5209858918641181,1.1150233324839751,FALSE,FALSE
2011-12-05,circumpolar,13.80926943,0.5961572509509399,0.5961572509509399,1.1150233324839751,FALSE,FALSE
2011-12-06,circumpolar,13.70276609,0.6927398614463378,0.6927398614463378,1.1150233324839751,FALSE,FALSE
2011-12-07,circumpolar,13.59385723,0.7918977969069942,0.7918977969069942,1.1150233324839751,FALSE,FALSE
2011-12-08,circumpolar,13.39370018,0.8047225679614076,0.8047225679614076,1.1150233324839751,FALSE,FALSE
2011-12-09,circumpolar,13.24234087,0.8708242131199295,0.8708242131199295,1.1150233324839751,FALSE,FALSE
2011-12-10,circumpolar,13.07400714,0.9239400129906644,0.9239400129906644,1.1150233324839751,FALSE,FALSE
2011-12-11,circumpolar,12.90620708,0.981087498181708,0.981087498181708,1.1150233324839751,FALSE,FALSE
2011-12-12,circumpolar,12.7704327,1.073268119301158,1.073268119301158,1.1150233324839751,FALSE,FALSE
2011-12-13,circumpolar,12.57366557,1.1069728869571147,1.1069728869571147,1.1150233324839751,FALSE,FALSE
2011-12-14,circumpolar,12.47349813,1.2393036817576792,1.2393036817576792,1.1150233324839751,TRUE,TRUE
2011-12-15,circumpolar,12.21449081,1.2143303743109488,1.2143303743109488,1.1150233324839751,TRUE,TRUE
2011-12-16,circumpolar,12.04355823,1.2784770252250386,1.2784770252250386,1.1150233324839751,TRUE,TRUE
2011-12-17,circumpolar,11.87038512,1.3409378051080283,1.3409378051080283,1.1150233324839751,TRUE,TRUE
2011-12-18,circumpolar,11.50907446,1.2153251345680245,1.2153251345680245,1.1150233324839751,TRUE,TRUE
2011-12-19,circumpolar,11.27946255,1.2209847542131271,1.2209847542131271,1.1150233324839751,TRUE,TRUE
2011-12-20,circumpolar,11.04406926,1.219947557692434,1.219947557692434,1.1150233324839751,TRUE,TRUE
2011-12-21,circumpolar,10.724749,1.133604009584614,1.133604009584614,1.1150233324839751,TRUE,TRUE
2011-12-22,circumpolar,10.42713481,1.067143184681928,1.067143184681928,1.1150233324839751,FALSE,FALSE
2011-12-23,circumpolar,10.09877431,0.9676692945636952,0.9676692945636952,1.1150233324839751,FALSE,FALSE
2011-12-24,circumpolar,9.812635184,0.9077066148092195,0.9077066148092195,1.1150233324839751,FALSE,FALSE
2011-12-25,circumpolar,9.490726519,0.8088208239978414,0.8088208239978414,1.1150233324839751,FALSE,FALSE
2011-12-26,circumpolar,9.181840647,0.7193608457088487,0.7193608457088487,1.1150233324839751,FALSE,FALSE
2011-12-27,circumpolar,8.897406143,0.6503118465215962,0.6503118465215962,1.1150233324839751,FALSE,FALSE
2011-12-28,circumpolar,8.692714032,0.6565214430153699,0.6565214430153699,1.1150233324839751,FALSE,FALSE
2011-12-29,circumpolar,8.529424827,0.6992067397695187,0.6992067397695187,1.1150233324839751,FALSE,FALSE
2011-12-30,circumpolar,8.391247579,0.761633379363337,0.761633379363337,1.1150233324839751,FALSE,FALSE
2011-12-31,circumpolar,8.173210123,0.7383857883761404,0.7383857883761404,1.1150233324839751,FALSE,FALSE
2012-01-01,circumpolar,7.945538169,0.6992462683872667,0.6992462683872667,1.1150233324839751,FALSE,FALSE
2012-01-02,circumpolar,7.762149367,0.6978064844307292,0.6978064844307292,1.1150233324839751,FALSE,FALSE
2012-01-03,circumpolar,7.587145135,0.6983115633593879,0.6983115633593879,1.1150233324839751,FALSE,FALSE
2012-01-04,circumpolar,7.461625414,0.7421225784808199,0.7421225784808199,1.1150233324839751,FALSE,FALSE
2012-01-05,circumpolar,7.265592157,0.7095026151026138,0.7095026151026138,1.1150233324839751,FALSE,FALSE
2012-01-06,circumpolar,7.082913407,0.6845808485323195,0.6845808485323195,1.1150233324839751,FALSE,FALSE
2012-01-07,circumpolar,6.920324764,0.6743540110775097,0.6743540110775097,1.1150233324839751,FALSE,FALSE
2012-01-08,circumpolar,6.791556469,0.6928134760457709,0.6928134760457709,1.1150233324839751,FALSE,FALSE
2012-01-09,circumpolar,6.662148577,0.7057604307446601,0.7057604307446601,1.1150233324839751,FALSE,FALSE
2012-01-10,circumpolar,6.5117945,0.6931494194817658,0.6931494194817658,1.1150233324839751,FALSE,FALSE
2012-01-11,circumpolar,6.382533951,0.6972812875646408,0.6972812875646408,1.1150233324839751,FALSE,FALSE
2012-01-12,circumpolar,6.308909277,0.7529595143008692,0.7529595143008692,1.1150233324839751,FALSE,FALSE
2012-01-13,circumpolar,6.160703434,0.7302281879980201,0.7302281879980201,1.1150233324839751,FALSE,FALSE
2012-01-14,circumpolar,5.964873773,0.656302565972914,0.656302565972914,1.1150233324839751,FALSE,FALSE
2012-01-15,circumpolar,5.785707054,0.5956115503868604,0.5956115503868604,1.1150233324839751,FALSE,FALSE
2012-01-16,circumpolar,5.640695885,0.565644863701066,0.565644863701066,1.1150233324839751,FALSE,FALSE
2012-01-17,circumpolar,5.507361403,0.5439115853324168,0.5439115853324168,1.1150233324839751,FALSE,FALSE
2012-01-18,circumpolar,5.451469502,0.5961655516978048,0.5961655516978048,1.1150233324839751,FALSE,FALSE
2012-01-19,circumpolar,5.391012848,0.6403873712141177,0.6403873712141177,1.1150233324839751,FALSE,FALSE
2012-01-20,circumpolar,5.293883768,0.6444573132982452,0.6444573132982452,1.1150233324839751,FALSE,FALSE
2012-01-21,circumpolar,5.196731737,0.6450127953670739,0.6450127953670739,1.1150233324839751,FALSE,FALSE
2012-01-22,circumpolar,5.136470735,0.6789557398374928,0.6789557398374928,1.1150233324839751,FALSE,FALSE
2012-01-23,circumpolar,5.021955206,0.655128533126395,0.655128533126395,1.1150233324839751,FALSE,FALSE
2012-01-24,circumpolar,4.956335354,0.6766693216506594,0.6766693216506594,1.1150233324839751,FALSE,FALSE
2012-01-25,circumpolar,4.892388861,0.6963437298271806,0.6963437298271806,1.1150233324839751,FALSE,FALSE
2012-01-26,circumpolar,4.82448458,0.7085085530728525,0.7085085530728525,1.1150233324839751,FALSE,FALSE
2012-01-27,circumpolar,4.741861352,0.7024020466581096,0.7024020466581096,1.1150233324839751,FALSE,FALSE
2012-01-28,circumpolar,4.663499137,0.6970812430946851,0.6970812430946851,1.1150233324839751,FALSE,FALSE
2012-01-29,circumpolar,4.631815473,0.7350729544137935,0.7350729544137935,1.1150233324839751,FALSE,FALSE
2012-01-30,circumpolar,4.544999178,0.7146753763779548,0.7146753763779548,1.1150233324839751,FALSE,FALSE
2012-01-31,circumpolar,4.463629794,0.6965774287497077,0.6965774287497077,1.1150233324839751,FALSE,FALSE
2012-02-01,circumpolar,4.427688407,0.7208695752915704,0.7208695752915704,1.1150233324839751,FALSE,FALSE
2012-02-02,circumpolar,4.350949163,0.7014353397660744,0.7014353397660744,1.1150233324839751,FALSE,FALSE
2012-02-03,circumpolar,4.34739707,0.7523691079357531,0.7523691079357531,1.1150233324839751,FALSE,FALSE
2012-02-04,circumpolar,4.295723903,0.752472032563126,0.752472032563126,1.1150233324839751,FALSE,FALSE
2012-02-05,circumpolar,4.216693266,0.7226170954107198,0.7226170954107198,1.1150233324839751,FALSE,FALSE
2012-02-06,circumpolar,4.160789468,0.7133979832410677,0.7133979832410677,1.1150233324839751,FALSE,FALSE
2012-02-07,circumpolar,4.134574739,0.731486303816697,0.731486303816697,1.1150233324839751,FALSE,FALSE
2012-02-08,circumpolar,4.075145706,0.7140872210831901,0.7140872210831901,1.1150233324839751,FALSE,FALSE
2012-02-09,circumpolar,3.989404484,0.6681003795389677,0.6681003795389677,1.1150233324839751,FALSE,FALSE
2012-02-10,circumpolar,3.935496342,0.6514478105310246,0.6514478105310246,1.1150233324839751,FALSE,FALSE
2012-02-11,circumpolar,3.920090638,0.6705495323107691,0.6705495323107691,1.1150233324839751,FALSE,FALSE
2012-02-12,circumpolar,3.877352135,0.6593209681295913,0.6593209681295913,1.1150233324839751,FALSE,FALSE
2012-02-13,circumpolar,3.813134818,0.6233667632388817,0.6233667632388817,1.1150233324839751,FALSE,FALSE
2012-02-14,circumpolar,3.801297689,0.6362965798900477,0.6362965798900477,1.1150233324839751,FALSE,FALSE
2012-02-15,circumpolar,3.744934227,0.6009545573344774,0.6009545573344774,1.1150233324839751,FALSE,FALSE
2012-02-16,circumpolar,3.664121613,0.5371685368235664,0.5371685368235664,1.1150233324839751,FALSE,FALSE
2012-02-17,circumpolar,3.633722426,0.5195517576087214,0.5195517576087214,1.1150233324839751,FALSE,FALSE
2012-02-18,circumpolar,3.608532164,0.5026503779413276,0.5026503779413276,1.1150233324839751,FALSE,FALSE
2012-02-19,circumpolar,3.591898992,0.48956322307278066,0.48956322307278066,1.1150233324839751,FALSE,FALSE
2012-02-20,circumpolar,3.550719068,0.4469371112544871,0.4469371112544871,1.1150233324839751,FALSE,FALSE
2012-02-21,circumpolar,3.508049255,0.3976016995161906,0.3976016995161906,1.1150233324839751,FALSE,FALSE
2012-02-22,circumpolar,3.512109783,0.38981835369745,0.38981835369745,1.1150233324839751,FALSE,FALSE
2012-02-23,circumpolar,3.498858472,0.3597645423197169,0.3597645423197169,1.1150233324839751,FALSE,FALSE
2012-02-24,circumpolar,3.552944083,0.39231190187314047,0.39231190187314047,1.1150233324839751,FALSE,FALSE
2012-02-25,circumpolar,3.541657935,0.3549746268478855,0.3549746268478855,1.1150233324839751,FALSE,FALSE
2012-02-26,circumpolar,3.523828355,0.30680391973410215,0.30680391973410215,1.1150233324839751,FALSE,FALSE
2012-02-27,circumpolar,3.5901697,0.33873701302195025,0.33873701302195025,1.1150233324839751,FALSE,FALSE
2012-02-28,circumpolar,3.628190552,0.3385053642015845,0.3385053642015845,1.1150233324839751,FALSE,FALSE
2012-03-01,circumpolar,3.73376781,0.3569363751968382,0.3569363751968382,1.1150233324839751,FALSE,FALSE
2012-03-02,circumpolar,3.754610839,0.3293314089927759,0.3293314089927759,1.1150233324839751,FALSE,FALSE
2012-03-03,circumpolar,3.75558876,0.27890858764112547,0.27890858764112547,1.1150233324839751,FALSE,FALSE
2012-03-04,circumpolar,3.852275709,0.32146491634550056,0.32146491634550056,1.1150233324839751,FALSE,FALSE
2012-03-05,circumpolar,3.926739547,0.33926774015532013,0.33926774015532013,1.1150233324839751,FALSE,FALSE
2012-03-06,circumpolar,3.959852431,0.3133125669408212,0.3133125669408212,1.1150233324839751,FALSE,FALSE
2012-03-07,circumpolar,4.026774113,0.3188670323189733,0.3188670323189733,1.1150233324839751,FALSE,FALSE
2012-03-08,circumpolar,4.172387376,0.4009218029067392,0.4009218029067392,1.1150233324839751,FALSE,FALSE
2012-03-09,circumpolar,4.257540752,0.4204332943210911,0.4204332943210911,1.1150233324839751,FALSE,FALSE
2012-03-10,circumpolar,4.365831766,0.46110691517900015,0.46110691517900015,1.1150233324839751,FALSE,FALSE
2012-03-11,circumpolar,4.480786191,0.5065763220974273,0.5065763220974273,1.1150233324839751,FALSE,FALSE
2012-03-12,circumpolar,4.608751123,0.5632964946933434,0.5632964946933434,1.1150233324839751,FALSE,FALSE
2012-03-13,circumpolar,4.72447746,0.6061262145837176,0.6061262145837176,1.1150233324839751,FALSE,FALSE
2012-03-14,circumpolar,4.832452669,0.6396608323855171,0.6396608323855171,1.1150233324839751,FALSE,FALSE
2012-03-15,circumpolar,4.913041959,0.6443734407157065,0.6443734407157065,1.1150233324839751,FALSE,FALSE
2012-03-16,circumpolar,4.975784075,0.6299106681912612,0.6299106681912612,1.1150233324839751,FALSE,FALSE
2012-03-17,circumpolar,5.068345141,0.6440452314185956,0.6440452314185956,1.1150233324839751,FALSE,FALSE
2012-03-18,circumpolar,5.158828268,0.6549545912038681,0.6549545912038681,1.1150233324839751,FALSE,FALSE
2012-03-19,circumpolar,5.211307201,0.6267531161141333,0.6267531161141333,1.1150233324839751,FALSE,FALSE
2012-03-20,circumpolar,5.257742191,0.5914400928298935,0.5914400928298935,1.1150233324839751,FALSE,FALSE
2012-03-21,circumpolar,5.331969992,0.5828913110316849,0.5828913110316849,1.1150233324839751,FALSE,FALSE
2012-03-22,circumpolar,5.386922498,0.5540777004000228,0.5540777004000228,1.1150233324839751,FALSE,FALSE
2012-03-23,circumpolar,5.428586773,0.5110253606154291,0.5110253606154291,1.1150233324839751,FALSE,FALSE
2012-03-24,circumpolar,5.481672358,0.4784828683584301,0.4784828683584301,1.1150233324839751,FALSE,FALSE
2012-03-25,circumpolar,5.552334391,0.4626443973095391,0.4626443973095391,1.1150233324839751,FALSE,FALSE
2012-03-26,circumpolar,5.714069578,0.537045689149287,0.537045689149287,1.1150233324839751,FALSE,FALSE
2012-03-27,circumpolar,5.851535909,0.5863837695581919,0.5863837695581919,1.1150233324839751,FALSE,FALSE
2012-03-28,circumpolar,5.89197668,0.5379409702167708,0.5379409702167708,1.1150233324839751,FALSE,FALSE
2012-03-29,circumpolar,5.931595511,0.4879599468055531,0.4879599468055531,1.1150233324839751,FALSE,FALSE
2012-03-30,circumpolar,6.00736889,0.473446369422569,0.473446369422569,1.1150233324839751,FALSE,FALSE
2012-03-31,circumpolar,6.083486494,0.4585652371565771,0.4585652371565771,1.1150233324839751,FALSE,FALSE
2012-04-01,circumpolar,6.164190497,0.4475157360141697,0.4475157360141697,1.1150233324839751,FALSE,FALSE
2012-04-02,circumpolar,6.227547419,0.4183213828650061,0.4183213828650061,1.1150233324839751,FALSE,FALSE
2012-04-03,circumpolar,6.36005078,0.4574326945787526,0.4574326945787526,1.1150233324839751,FALSE,FALSE
2012-04-04,circumpolar,6.421293231,0.42439931902507055,0.42439931902507055,1.1150233324839751,FALSE,FALSE
2012-04-05,circumpolar,6.471824711,0.3797281920736318,0.3797281920736318,1.1150233324839751,FALSE,FALSE
2012-04-06,circumpolar,6.517020534,0.32875162459408624,0.32875162459408624,1.1150233324839751,FALSE,FALSE
2012-04-07,circumpolar,6.590165801,0.30471171445610423,0.30471171445610423,1.1150233324839751,FALSE,FALSE
2012-04-08,circumpolar,6.618630413,0.2349353595293424,0.2349353595293424,1.1150233324839751,FALSE,FALSE
2012-04-09,circumpolar,6.683720908,0.20068609468347096,0.20068609468347096,1.1150233324839751,FALSE,FALSE
2012-04-10,circumpolar,6.78173613,0.1982197607881453,0.1982197607881453,1.1150233324839751,FALSE,FALSE
2012-04-11,circumpolar,6.94831862,0.26313652228038276,0.26313652228038276,1.1150233324839751,FALSE,FALSE
2012-04-12,circumpolar,7.077145576,0.2891158561985234,0.2891158561985234,1.1150233324839751,FALSE,FALSE
2012-04-13,circumpolar,7.216745407,0.3247620649391374,0.3247620649391374,1.1150233324839751,FALSE,FALSE
2012-04-14,circumpolar,7.339043472,0.34208327680938044,0.34208327680938044,1.1150233324839751,FALSE,FALSE
2012-04-15,circumpolar,7.464146062,0.3612685521164387,0.3612685521164387,1.1150233324839751,FALSE,FALSE
2012-04-16,circumpolar,7.599914712,0.39026219516746785,0.39026219516746785,1.1150233324839751,FALSE,FALSE
2012-04-17,circumpolar,7.706855669,0.38965322226963295,0.38965322226963295,1.1150233324839751,FALSE,FALSE
2012-04-18,circumpolar,7.794896123,0.3694515927300932,0.3694515927300932,1.1150233324839751,FALSE,FALSE
2012-04-19,circumpolar,7.853922415,0.3196264168560372,0.3196264168560372,1.1150233324839751,FALSE,FALSE
2012-04-20,circumpolar,7.98388899,0.34021490895460627,0.34021490895460627,1.1150233324839751,FALSE,FALSE
2012-04-21,circumpolar,8.125203039,0.3717070293329794,0.3717070293329794,1.1150233324839751,FALSE,FALSE
2012-04-22,circumpolar,8.219661767,0.355982752298325,0.355982752298325,1.1150233324839751,FALSE,FALSE
2012-04-23,circumpolar,8.365030993,0.3908906661577954,0.3908906661577954,1.1150233324839751,FALSE,FALSE
2012-04-24,circumpolar,8.485995438,0.4011947596421344,0.4011947596421344,1.1150233324839751,FALSE,FALSE
2012-04-25,circumpolar,8.623506954,0.4278928963912562,0.4278928963912562,1.1150233324839751,FALSE,FALSE
2012-04-26,circumpolar,8.718561114,0.4120082835347798,0.4120082835347798,1.1150233324839751,FALSE,FALSE
2012-04-27,circumpolar,8.81283919,0.39524963361557575,0.39524963361557575,1.1150233324839751,FALSE,FALSE
2012-04-28,circumpolar,8.943116563,0.4144197681764954,0.4144197681764954,1.1150233324839751,FALSE,FALSE
2012-04-29,circumpolar,9.044727051,0.40487994576039377,0.40487994576039377,1.1150233324839751,FALSE,FALSE
2012-04-30,circumpolar,9.090138355,0.3391253079101304,0.3391253079101304,1.1150233324839751,FALSE,FALSE
2012-05-01,circumpolar,9.193465693,0.3312985131685551,0.3312985131685551,1.1150233324839751,FALSE,FALSE
2012-05-02,circumpolar,9.341286034,0.3680039710785419,0.3680039710785419,1.1150233324839751,FALSE,FALSE
2012-05-03,circumpolar,9.425453691,0.3411234351829364,0.3411234351829364,1.1150233324839751,FALSE,FALSE
2012-05-04,circumpolar,9.500584995,0.3053006770245936,0.3053006770245936,1.1150233324839751,FALSE,FALSE
2012-05-05,circumpolar,9.583458359,0.2773415501463816,0.2773415501463816,1.1150233324839751,FALSE,FALSE
2012-05-06,circumpolar,9.741509766,0.32470946309815574,0.32470946309815574,1.1150233324839751,FALSE,FALSE
2012-05-07,circumpolar,9.929585822,0.40227008860324887,0.40227008860324887,1.1150233324839751,FALSE,FALSE
2012-05-08,circumpolar,10.0503589,0.4126926195980865,0.4126926195980865,1.1150233324839751,FALSE,FALSE
2012-05-09,circumpolar,10.19402327,0.4461644856210043,0.4461644856210043,1.1150233324839751,FALSE,FALSE
2012-05-10,circumpolar,10.24219781,0.3842977242103202,0.3842977242103202,1.1150233324839751,FALSE,FALSE
2012-05-11,circumpolar,10.2410545,0.2732574749043728,0.2732574749043728,1.1150233324839751,FALSE,FALSE
2012-05-12,circumpolar,10.36310111,0.28554466724147964,0.28554466724147964,1.1150233324839751,FALSE,FALSE
2012-05-13,circumpolar,10.47852304,0.2913378607599775,0.2913378607599775,1.1150233324839751,FALSE,FALSE
2012-05-14,circumpolar,10.53196202,0.23527194499818904,0.23527194499818904,1.1150233324839751,FALSE,FALSE
2012-05-15,circumpolar,10.65739841,0.25132043949443705,0.25132043949443705,1.1150233324839751,FALSE,FALSE
2012-05-16,circumpolar,10.77132517,0.25596946378705,0.25596946378705,1.1150233324839751,FALSE,FALSE
2012-05-17,circumpolar,10.81868042,0.1941502974143745,0.1941502974143745,1.1150233324839751,FALSE,FALSE
2012-05-18,circumpolar,10.9618857,0.22827763991471703,0.22827763991471703,1.1150233324839751,FALSE,FALSE
2012-05-19,circumpolar,11.04449343,0.2018982038638839,0.2018982038638839,1.1150233324839751,FALSE,FALSE
2012-05-20,circumpolar,11.12273882,0.17126216672873618,0.17126216672873618,1.1150233324839751,FALSE,FALSE
2012-05-21,circumpolar,11.23578286,0.1755635492932548,0.1755635492932548,1.1150233324839751,FALSE,FALSE
2012-05-22,circumpolar,11.31708949,0.14829993007662168,0.14829993007662168,1.1150233324839751,FALSE,FALSE
2012-05-23,circumpolar,11.36020838,0.08305461759800004,0.08305461759800004,1.1150233324839751,FALSE,FALSE
2012-05-24,circumpolar,11.43052761,0.04524933037658307,0.04524933037658307,1.1150233324839751,FALSE,FALSE
2012-05-25,circumpolar,11.53164212,0.03851264693153844,0.03851264693153844,1.1150233324839751,FALSE,FALSE
2012-05-26,circumpolar,11.59666491,-0.00400879421796673,0.00400879421796673,1.1150233324839751,FALSE,FALSE
2012-05-27,circumpolar,11.83982183,0.13194449544725195,0.13194449544725195,1.1150233324839751,FALSE,FALSE
2012-05-28,circumpolar,11.98544542,0.17073869444637602,0.17073869444637602,1.1150233324839751,FALSE,FALSE
2012-05-29,circumpolar,12.05753121,0.13640297129857615,0.13640297129857615,1.1150233324839751,FALSE,FALSE
2012-05-30,circumpolar,12.1313614,0.10425316452301205,0.10425316452301205,1.1150233324839751,FALSE,FALSE
2012-05-31,circumpolar,12.15422797,0.02161489263889215,0.02161489263889215,1.1150233324839751,FALSE,FALSE
2012-06-01,circumpolar,12.20653313,-0.03108710780358592,0.03108710780358592,1.1150233324839751,FALSE,FALSE
2012-06-02,circumpolar,12.34967017,0.007513684050922,0.007513684050922,1.1150233324839751,FALSE,FALSE
2012-06-03,circumpolar,12.42860265,-0.01765960615339601,0.01765960615339601,1.1150233324839751,FALSE,FALSE
2012-06-04,circumpolar,12.54679269,-0.00318529327848793,0.00318529327848793,1.1150233324839751,FALSE,FALSE
2012-06-05,circumpolar,12.61714168,-0.03620242218631731,0.03620242218631731,1.1150233324839751,FALSE,FALSE
2012-06-06,circumpolar,12.72950167,-0.02689937773885731,0.02689937773885731,1.1150233324839751,FALSE,FALSE
2012-06-07,circumpolar,12.82947979,-0.02970946479807068,0.02970946479807068,1.1150233324839751,FALSE,FALSE
2012-06-08,circumpolar,12.99601651,0.03426735177407103,0.03426735177407103,1.1150233324839751,FALSE,FALSE
2012-06-09,circumpolar,13.19279728,0.12867608711559875,0.12867608711559875,1.1150233324839751,FALSE,FALSE
2012-06-10,circumpolar,13.29935818,0.13301238636456603,0.13301238636456603,1.1150233324839751,FALSE,FALSE
2012-06-11,circumpolar,13.393312,0.12484860465898606,0.12484860465898606,1.1150233324839751,FALSE,FALSE
2012-06-12,circumpolar,13.491354339999999,0.12083990713689374,0.12083990713689374,1.1150233324839751,FALSE,FALSE
2012-06-13,circumpolar,13.5722419,0.09970438935675752,0.09970438935675752,1.1150233324839751,FALSE,FALSE
2012-06-14,circumpolar,13.71831486,0.14382431940100382,0.14382431940100382,1.1150233324839751,FALSE,FALSE
2012-06-15,circumpolar,13.8624011,0.1861803638439934,0.1861803638439934,1.1150233324839751,FALSE,FALSE
2012-06-16,circumpolar,13.96699887,0.1894315795546095,0.1894315795546095,1.1150233324839751,FALSE,FALSE
2012-06-17,circumpolar,14.12351307,0.24514367340171184,0.24514367340171184,1.1150233324839751,FALSE,FALSE
2012-06-18,circumpolar,14.19795959,0.21949334225418937,0.21949334225418937,1.1150233324839751,FALSE,FALSE
2012-06-19,circumpolar,14.26504878,0.1873517429809084,0.1873517429809084,1.1150233324839751,FALSE,FALSE
2012-06-20,circumpolar,14.35471643,0.17881547245074358,0.17881547245074358,1.1150233324839751,FALSE,FALSE
2012-06-21,circumpolar,14.43844925,0.16553204753255457,0.16553204753255457,1.1150233324839751,FALSE,FALSE
2012-06-22,circumpolar,14.53390326,0.165318295095231,0.165318295095231,1.1150233324839751,FALSE,FALSE
2012-06-23,circumpolar,14.58012978,0.11738634200764332,0.11738634200764332,1.1150233324839751,FALSE,FALSE
2012-06-24,circumpolar,14.70226918,0.14703736513865273,0.14703736513865273,1.1150233324839751,FALSE,FALSE
2012-06-25,circumpolar,14.82273336,0.17684407135714864,0.17684407135714864,1.1150233324839751,FALSE,FALSE
2012-06-26,circumpolar,14.98250339,0.24792031284569127,0.24792031284569127,1.1150233324839751,FALSE,FALSE
2012-06-27,circumpolar,15.14273038,0.3213382130963307,0.3213382130963307,1.1150233324839751,FALSE,FALSE
2012-06-28,circumpolar,15.24457654,0.33808423016214917,0.33808423016214917,1.1150233324839751,FALSE,FALSE
2012-06-29,circumpolar,15.25135726,0.26129750457567447,0.26129750457567447,1.1150233324839751,FALSE,FALSE
2012-06-30,circumpolar,15.31730278,0.2450320268694668,0.2450320268694668,1.1150233324839751,FALSE,FALSE
2012-07-01,circumpolar,15.42357386,0.27027230757606624,0.27027230757606624,1.1150233324839751,FALSE,FALSE
2012-07-02,circumpolar,15.48408074,0.2507523372280378,0.2507523372280378,1.1150233324839751,FALSE,FALSE
2012-07-03,circumpolar,15.60485974,0.2923321863579176,0.2923321863579176,1.1150233324839751,FALSE,FALSE
2012-07-04,circumpolar,15.67693086,0.2858556054982557,0.2858556054982557,1.1150233324839751,FALSE,FALSE
2012-07-05,circumpolar,15.81239205,0.3432442951815968,0.3432442951815968,1.1150233324839751,FALSE,FALSE
2012-07-06,circumpolar,15.96052381,0.4136025059404975,0.4136025059404975,1.1150233324839751,FALSE,FALSE
2012-07-07,circumpolar,16.01741075,0.3928385983075007,0.3928385983075007,1.1150233324839751,FALSE,FALSE
2012-07-08,circumpolar,16.10795272,0.40567658580904187,0.40567658580904187,1.1150233324839751,FALSE,FALSE
2012-07-09,circumpolar,16.17372519,0.39359642737051104,0.39359642737051104,1.1150233324839751,FALSE,FALSE
2012-07-10,circumpolar,16.26010226,0.4020525020004584,0.4020525020004584,1.1150233324839751,FALSE,FALSE
2012-07-11,circumpolar,16.38600912,0.45007354211763406,0.45007354211763406,1.1150233324839751,FALSE,FALSE
2012-07-12,circumpolar,16.412689,0.3990063201408596,0.3990063201408596,1.1150233324839751,FALSE,FALSE
2012-07-13,circumpolar,16.43144069,0.34025316848890697,0.34025316848890697,1.1150233324839751,FALSE,FALSE
2012-07-14,circumpolar,16.47025157,0.3019050095805831,0.3019050095805831,1.1150233324839751,FALSE,FALSE
2012-07-15,circumpolar,16.50343578,0.25837952583466617,0.25837952583466617,1.1150233324839751,FALSE,FALSE
2012-07-16,circumpolar,16.59439201,0.2731789496699406,0.2731789496699406,1.1150233324839751,FALSE,FALSE
2012-07-17,circumpolar,16.69676742,0.30005398350523294,0.30005398350523294,1.1150233324839751,FALSE,FALSE
2012-07-18,circumpolar,16.74911217,0.2776583297592943,0.2776583297592943,1.1150233324839751,FALSE,FALSE
2012-07-19,circumpolar,16.75503161,0.20970088085093508,0.20970088085093508,1.1150233324839751,FALSE,FALSE
2012-07-20,circumpolar,16.79229852,0.17405795919894018,0.17405795919894018,1.1150233324839751,FALSE,FALSE
2012-07-21,circumpolar,16.83180626,0.14172358528048434,0.14172358528048434,1.1150233324839751,FALSE,FALSE
2012-07-22,circumpolar,16.90444097,0.1436447821563931,0.1436447821563931,1.1150233324839751,FALSE,FALSE
2012-07-23,circumpolar,17.03791655,0.20756733755018075,0.20756733755018075,1.1150233324839751,FALSE,FALSE
2012-07-24,circumpolar,17.11558624,0.2168757214582655,0.2168757214582655,1.1150233324839751,FALSE,FALSE
2012-07-25,circumpolar,17.22687518,0.2610263038770917,0.2610263038770917,1.1150233324839751,FALSE,FALSE
2012-07-26,circumpolar,17.32167469,0.2899416348030748,0.2899416348030748,1.1150233324839751,FALSE,FALSE
2012-07-27,circumpolar,17.33190868,0.2355768542326473,0.2355768542326473,1.1150233324839751,FALSE,FALSE
2012-07-28,circumpolar,17.38028995,0.22067599216223857,0.22067599216223857,1.1150233324839751,FALSE,FALSE
2012-07-29,circumpolar,17.39736292,0.17581469858828314,0.17581469858828314,1.1150233324839751,FALSE,FALSE
2012-07-30,circumpolar,17.40376121,0.12165782350719212,0.12165782350719212,1.1150233324839751,FALSE,FALSE
2012-07-31,circumpolar,17.56018247,0.2189342469153921,0.2189342469153921,1.1150233324839751,FALSE,FALSE
2012-08-01,circumpolar,17.70211717,0.30316566880933493,0.30316566880933493,1.1150233324839751,FALSE,FALSE
2012-08-02,circumpolar,17.80804038,0.3528583886227672,0.3528583886227672,1.1150233324839751,FALSE,FALSE
2012-08-03,circumpolar,17.88579604,0.3758723859378996,0.3758723859378996,1.1150233324839751,FALSE,FALSE
2012-08-04,circumpolar,17.95169318,0.38847793467491343,0.38847793467491343,1.1150233324839751,FALSE,FALSE
2012-08-05,circumpolar,18.01470859,0.39960071701223754,0.39960071701223754,1.1150233324839751,FALSE,FALSE
2012-08-06,circumpolar,18.07278834,0.4071356951282752,0.4071356951282752,1.1150233324839751,FALSE,FALSE
2012-08-07,circumpolar,18.08182784,0.36692717120143215,0.36692717120143215,1.1150233324839751,FALSE,FALSE
2012-08-08,circumpolar,18.12110924,0.3582061874101292,0.3582061874101292,1.1150233324839751,FALSE,FALSE
2012-08-09,circumpolar,18.1829669,0.3732559959327624,0.3732559959327624,1.1150233324839751,FALSE,FALSE
2012-08-10,circumpolar,18.2381507,0.3827753689477475,0.3827753689477475,1.1150233324839751,FALSE,FALSE
2012-08-11,circumpolar,18.29628331,0.3963358686334928,0.3963358686334928,1.1150233324839751,FALSE,FALSE
2012-08-12,circumpolar,18.29902215,0.3555438071684236,0.3555438071684236,1.1150233324839751,FALSE,FALSE
2012-08-13,circumpolar,18.31899281,0.33297366673093975,0.33297366673093975,1.1150233324839751,FALSE,FALSE
2012-08-14,circumpolar,18.3251486,0.29752764949943966,0.29752764949943966,1.1150233324839751,FALSE,FALSE
2012-08-15,circumpolar,18.33157903,0.2632450362226493,0.2632450362226493,1.1150233324839751,FALSE,FALSE
2012-08-16,circumpolar,18.30588786,0.19770547082216083,0.19770547082216083,1.1150233324839751,FALSE,FALSE
2012-08-17,circumpolar,18.33490107,0.1877407058053784,0.1877407058053784,1.1150233324839751,FALSE,FALSE
2012-08-18,circumpolar,18.31141561,0.12615510165143817,0.12615510165143817,1.1150233324839751,FALSE,FALSE
2012-08-19,circumpolar,18.32438659,0.1019111788395186,0.1019111788395186,1.1150233324839751,FALSE,FALSE
2012-08-20,circumpolar,18.38765653,0.1288588678487912,0.1288588678487912,1.1150233324839751,FALSE,FALSE
2012-08-21,circumpolar,18.42210559,0.1278857391584154,0.1278857391584154,1.1150233324839751,FALSE,FALSE
2012-08-22,circumpolar,18.49682111,0.16808654324754355,0.16808654324754355,1.1150233324839751,FALSE,FALSE
2012-08-23,circumpolar,18.52608075,0.16374635059534626,0.16374635059534626,1.1150233324839751,FALSE,FALSE
2012-08-24,circumpolar,18.5695096,0.17449766168099856,0.17449766168099856,1.1150233324839751,FALSE,FALSE
2012-08-25,circumpolar,18.63258692,0.20582714698364413,0.20582714698364413,1.1150233324839751,FALSE,FALSE
2012-08-26,circumpolar,18.72379234,0.2662218469824502,0.2662218469824502,1.1150233324839751,FALSE,FALSE
2012-08-27,circumpolar,18.85668822,0.3692515321565928,0.3692515321565928,1.1150233324839751,FALSE,FALSE
2012-08-28,circumpolar,18.84590865,0.3295586125219927,0.3295586125219927,1.1150233324839751,FALSE,FALSE
2012-08-29,circumpolar,18.89175446,0.34745776598277445,0.34745776598277445,1.1150233324839751,FALSE,FALSE
2012-08-30,circumpolar,18.89295811,0.3216973774466254,0.3216973774466254,1.1150233324839751,FALSE,FALSE
2012-08-31,circumpolar,18.90392818,0.30670195554677093,0.30670195554677093,1.1150233324839751,FALSE,FALSE
2012-09-01,circumpolar,18.96242266,0.3402454189163855,0.3402454189163855,1.1150233324839751,FALSE,FALSE
2012-09-02,circumpolar,19.01933631,0.37323845618868035,0.37323845618868035,1.1150233324839751,FALSE,FALSE
2012-09-03,circumpolar,19.0602198,0.391247665996854,0.391247665996854,1.1150233324839751,FALSE,FALSE
2012-09-04,circumpolar,19.08400002,0.3932158669740815,0.3932158669740815,1.1150233324839751,FALSE,FALSE
2012-09-05,circumpolar,19.09756924,0.3860512577535964,0.3860512577535964,1.1150233324839751,FALSE,FALSE
2012-09-06,circumpolar,19.1864795,0.4553218069685627,0.4553218069685627,1.1150233324839751,FALSE,FALSE
2012-09-07,circumpolar,19.24874386,0.49905650325218787,0.49905650325218787,1.1150233324839751,FALSE,FALSE
2012-09-08,circumpolar,19.34105832,0.573967275237667,0.573967275237667,1.1150233324839751,FALSE,FALSE
2012-09-09,circumpolar,19.51287573,0.7295229254400724,0.7295229254400724,1.1150233324839751,FALSE,FALSE
2012-09-10,circumpolar,19.58704854,0.7885941235186671,0.7885941235186671,1.1150233324839751,FALSE,FALSE
2012-09-11,circumpolar,19.6035504,0.7911768417752043,0.7911768417752043,1.1150233324839751,FALSE,FALSE
2012-09-12,circumpolar,19.68482033,0.8597328544839513,0.8597328544839513,1.1150233324839751,FALSE,FALSE
2012-09-13,circumpolar,19.70577484,0.8692014259191332,0.8692014259191332,1.1150233324839751,FALSE,FALSE
2012-09-14,circumpolar,19.60958852,0.7627799003549782,0.7627799003549782,1.1150233324839751,FALSE,FALSE
2012-09-15,circumpolar,19.6153484,0.7595780620657493,0.7595780620657493,1.1150233324839751,FALSE,FALSE
2012-09-16,circumpolar,19.58586861,0.7224327953256875,0.7224327953256875,1.1150233324839751,FALSE,FALSE
2012-09-17,circumpolar,19.55441197,0.6846296744090203,0.6846296744090203,1.1150233324839751,FALSE,FALSE
2012-09-18,circumpolar,19.54040043,0.665613403590001,0.665613403590001,1.1150233324839751,FALSE,FALSE
2012-09-19,circumpolar,19.59119682,0.7127695671428533,0.7127695671428533,1.1150233324839751,FALSE,FALSE
2012-09-20,circumpolar,19.64217244,0.7614922193418359,0.7614922193418359,1.1150233324839751,FALSE,FALSE
2012-09-21,circumpolar,19.71334379,0.8318206144611935,0.8318206144611935,1.1150233324839751,FALSE,FALSE
2012-09-22,circumpolar,19.78519877,0.9042646260284606,0.9042646260284606,1.1150233324839751,FALSE,FALSE
2012-09-23,circumpolar,19.77153929,0.892639778799488,0.892639778799488,1.1150233324839751,FALSE,FALSE
2012-09-24,circumpolar,19.77534921,0.8999384769707071,0.8999384769707071,1.1150233324839751,FALSE,FALSE
2012-09-25,circumpolar,19.77686088,0.9064015435930344,0.9064015435930344,1.1150233324839751,FALSE,FALSE
2012-09-26,circumpolar,19.71658328,0.8525464317173501,0.8525464317173501,1.1150233324839751,FALSE,FALSE
2012-09-27,circumpolar,19.60586139,0.7497265943945699,0.7497265943945699,1.1150233324839751,FALSE,FALSE
2012-09-28,circumpolar,19.58092979,0.7341850846755591,0.7341850846755591,1.1150233324839751,FALSE,FALSE
2012-09-29,circumpolar,19.50233388,0.6664757756112358,0.6664757756112358,1.1150233324839751,FALSE,FALSE
2012-09-30,circumpolar,19.4458431,0.6223765802525065,0.6223765802525065,1.1150233324839751,FALSE,FALSE
2012-10-01,circumpolar,19.42661399,0.6170525116502468,0.6170525116502468,1.1150233324839751,FALSE,FALSE
2012-10-02,circumpolar,19.41799063,0.6238561228553685,0.6238561228553685,1.1150233324839751,FALSE,FALSE
2012-10-03,circumpolar,19.41447338,0.6372962469187691,0.6372962469187691,1.1150233324839751,FALSE,FALSE
2012-10-04,circumpolar,19.33058357,0.5719026896025277,0.5719026896025277,1.1150233324839751,FALSE,FALSE
2012-10-05,circumpolar,19.30413265,0.5654986562124726,0.5654986562124726,1.1150233324839751,FALSE,FALSE
2012-10-06,circumpolar,19.28992033,0.5729052589939236,0.5729052589939236,1.1150233324839751,FALSE,FALSE
2012-10-07,circumpolar,19.26123642,0.5674354750807531,0.5674354750807531,1.1150233324839751,FALSE,FALSE
2012-10-08,circumpolar,19.16341768,0.4944492316068505,0.4944492316068505,1.1150233324839751,FALSE,FALSE
2012-10-09,circumpolar,19.15684004,0.5143456257061167,0.5143456257061167,1.1150233324839751,FALSE,FALSE
2012-10-10,circumpolar,19.11869897,0.5043432945124202,0.5043432945124202,1.1150233324839751,FALSE,FALSE
2012-10-11,circumpolar,19.04809952,0.4635704551596227,0.4635704551596227,1.1150233324839751,FALSE,FALSE
2012-10-12,circumpolar,19.00376773,0.45077631478165614,0.45077631478165614,1.1150233324839751,FALSE,FALSE
2012-10-13,circumpolar,18.98218801,0.4624684505123646,0.4624684505123646,1.1150233324839751,FALSE,FALSE
2012-10-14,circumpolar,18.97929902,0.4946086894856556,0.4946086894856556,1.1150233324839751,FALSE,FALSE
2012-10-15,circumpolar,18.88067737,0.4327968088354055,0.4327968088354055,1.1150233324839751,FALSE,FALSE
2012-10-16,circumpolar,18.88084414,0.4715770556954908,0.4715770556954908,1.1150233324839751,FALSE,FALSE
2012-10-17,circumpolar,18.87061442,0.5017873142753508,0.5017873142753508,1.1150233324839751,FALSE,FALSE
2012-10-18,circumpolar,18.81312064,0.4865748879793692,0.4865748879793692,1.1150233324839751,FALSE,FALSE
2012-10-19,circumpolar,18.77789779,0.4954820678012624,0.4954820678012624,1.1150233324839751,FALSE,FALSE
2012-10-20,circumpolar,18.77067625,0.5342462315333378,0.5342462315333378,1.1150233324839751,FALSE,FALSE
2012-10-21,circumpolar,18.74806119,0.5594795469678893,0.5594795469678893,1.1150233324839751,FALSE,FALSE
2012-10-22,circumpolar,18.68846291,0.549599311897218,0.549599311897218,1.1150233324839751,FALSE,FALSE
2012-10-23,circumpolar,18.60459219,0.5173233041136527,0.5173233041136527,1.1150233324839751,FALSE,FALSE
2012-10-24,circumpolar,18.56547735,0.5316868414094671,0.5316868414094671,1.1150233324839751,FALSE,FALSE
2012-10-25,circumpolar,18.57101166,0.5925901915769813,0.5925901915769813,1.1150233324839751,FALSE,FALSE
2012-10-26,circumpolar,18.50316965,0.5820148824085081,0.5820148824085081,1.1150233324839751,FALSE,FALSE
2012-10-27,circumpolar,18.40404418,0.5420607716963346,0.5420607716963346,1.1150233324839751,FALSE,FALSE
2012-10-28,circumpolar,18.30882346,0.5079230672327668,0.5079230672327668,1.1150233324839751,FALSE,FALSE
2012-10-29,circumpolar,18.25928209,0.5213833668101202,0.5213833668101202,1.1150233324839751,FALSE,FALSE
2012-10-30,circumpolar,18.19653571,0.5235869664965307,0.5235869664965307,1.1150233324839751,FALSE,FALSE
2012-10-31,circumpolar,18.17144953,0.5655402613138989,0.5655402613138989,1.1150233324839751,FALSE,FALSE
2012-11-01,circumpolar,18.1140638,0.577458943644821,0.577458943644821,1.1150233324839751,FALSE,FALSE
2012-11-02,circumpolar,18.05235992,0.5874998650811705,0.5874998650811705,1.1150233324839751,FALSE,FALSE
2012-11-03,circumpolar,17.96077486,0.5702754472148328,0.5702754472148328,1.1150233324839751,FALSE,FALSE
2012-11-04,circumpolar,17.86463291,0.5512854316376803,0.5512854316376803,1.1150233324839751,FALSE,FALSE
2012-11-05,circumpolar,17.74426294,0.5110341399415859,0.5110341399415859,1.1150233324839751,FALSE,FALSE
2012-11-06,circumpolar,17.64146158,0.4914936537184289,0.4914936537184289,1.1150233324839751,FALSE,FALSE
2012-11-07,circumpolar,17.5469135,0.48352409456009227,0.48352409456009227,1.1150233324839751,FALSE,FALSE
2012-11-08,circumpolar,17.43122298,0.45790519405844066,0.45790519405844066,1.1150233324839751,FALSE,FALSE
2012-11-09,circumpolar,17.36143508,0.4818574638053654,0.4818574638053654,1.1150233324839751,FALSE,FALSE
2012-11-10,circumpolar,17.25009628,0.46810283539273456,0.46810283539273456,1.1150233324839751,FALSE,FALSE
2012-11-11,circumpolar,17.17992463,0.4995335086367092,0.4995335086367092,1.1150233324839751,FALSE,FALSE
2012-11-12,circumpolar,17.13554075,0.5608722404223023,0.5608722404223023,1.1150233324839751,FALSE,FALSE
2012-11-13,circumpolar,17.0217891,0.5569573771726404,0.5569573771726404,1.1150233324839751,FALSE,FALSE
2012-11-14,circumpolar,16.85953363,0.5086378264311726,0.5086378264311726,1.1150233324839751,FALSE,FALSE
2012-11-15,circumpolar,16.71818724,0.48531144574135254,0.48531144574135254,1.1150233324839751,FALSE,FALSE
2012-11-16,circumpolar,16.5930104,0.4822236626466321,0.4822236626466321,1.1150233324839751,FALSE,FALSE
2012-11-17,circumpolar,16.47528995,0.4906462746904481,0.4906462746904481,1.1150233324839751,FALSE,FALSE
2012-11-18,circumpolar,16.35048434,0.4960226894162627,0.4960226894162627,1.1150233324839751,FALSE,FALSE
2012-11-19,circumpolar,16.19592794,0.4756722343675275,0.4756722343675275,1.1150233324839751,FALSE,FALSE
2012-11-20,circumpolar,16.02842992,0.446389037087684,0.446389037087684,1.1150233324839751,FALSE,FALSE
2012-11-21,circumpolar,15.86005724,0.4202250151201916,0.4202250151201916,1.1150233324839751,FALSE,FALSE
2012-11-22,circumpolar,15.70541234,0.4117675660084892,0.4117675660084892,1.1150233324839751,FALSE,FALSE
2012-11-23,circumpolar,15.52815529,0.384661717296039,0.384661717296039,1.1150233324839751,FALSE,FALSE
2012-11-24,circumpolar,15.37048846,0.38110230372019593,0.38110230372019593,1.1150233324839751,FALSE,FALSE
2012-11-25,circumpolar,15.20172582,0.3704592546066987,0.3704592546066987,1.1150233324839751,FALSE,FALSE
2012-11-26,circumpolar,14.89227333,0.22322641600639237,0.22322641600639237,1.1150233324839751,FALSE,FALSE
2012-11-27,circumpolar,14.61664343,0.114004355796558,0.114004355796558,1.1150233324839751,FALSE,FALSE
2012-11-28,circumpolar,14.44792055,0.11596563185445063,0.11596563185445063,1.1150233324839751,FALSE,FALSE
2012-11-29,circumpolar,14.29874221,0.14183589205734037,0.14183589205734037,1.1150233324839751,FALSE,FALSE
2012-11-30,circumpolar,14.18099947,0.20359432428248603,0.20359432428248603,1.1150233324839751,FALSE,FALSE
2012-12-01,circumpolar,14.00445015,0.21108687640715829,0.21108687640715829,1.1150233324839751,FALSE,FALSE
2012-12-02,circumpolar,13.82283399,0.21814141630860995,0.21814141630860995,1.1150233324839751,FALSE,FALSE
2012-12-03,circumpolar,13.47925315,0.06794823186411847,0.06794823186411847,1.1150233324839751,FALSE,FALSE
2012-12-04,circumpolar,13.19621238,-0.01689979904906025,0.01689979904906025,1.1150233324839751,FALSE,FALSE
2012-12-05,circumpolar,13.07091486,0.06088863144633727,0.06088863144633727,1.1150233324839751,FALSE,FALSE
2012-12-06,circumpolar,12.91580573,0.11384629690699556,0.11384629690699556,1.1150233324839751,FALSE,FALSE
2012-12-07,circumpolar,12.72985283,0.14087521796140834,0.14087521796140834,1.1150233324839751,FALSE,FALSE
2012-12-08,circumpolar,12.57206509,0.20054843311993056,0.20054843311993056,1.1150233324839751,FALSE,FALSE
2012-12-09,circumpolar,12.42126853,0.2712014029906644,0.2712014029906644,1.1150233324839751,FALSE,FALSE
2012-12-10,circumpolar,12.20689212,0.28177253818170733,0.28177253818170733,1.1150233324839751,FALSE,FALSE
2012-12-11,circumpolar,12.03412021,0.33695562930115663,0.33695562930115663,1.1150233324839751,FALSE,FALSE
2012-12-12,circumpolar,11.83381713,0.3671244469571153,0.3671244469571153,1.1150233324839751,FALSE,FALSE
2012-12-13,circumpolar,11.63774829,0.4035538417576792,0.4035538417576792,1.1150233324839751,FALSE,FALSE
2012-12-14,circumpolar,11.34081016,0.34064972431094986,0.34064972431094986,1.1150233324839751,FALSE,FALSE
2012-12-15,circumpolar,11.04506468,0.27998347522503764,0.27998347522503764,1.1150233324839751,FALSE,FALSE
2012-12-16,circumpolar,10.71029093,0.18084361510802793,0.18084361510802793,1.1150233324839751,FALSE,FALSE
2012-12-17,circumpolar,10.45612665,0.16237732456802334,0.16237732456802334,1.1150233324839751,FALSE,FALSE
2012-12-18,circumpolar,10.22146645,0.1629886542131267,0.1629886542131267,1.1150233324839751,FALSE,FALSE
2012-12-19,circumpolar,10.05566735,0.2315456476924336,0.2315456476924336,1.1150233324839751,FALSE,FALSE
2012-12-20,circumpolar,9.865893814,0.2747488235846145,0.2747488235846145,1.1150233324839751,FALSE,FALSE
2012-12-21,circumpolar,9.591805968,0.23181434268192724,0.23181434268192724,1.1150233324839751,FALSE,FALSE
2012-12-22,circumpolar,9.322224041,0.19111902556369564,0.19111902556369564,1.1150233324839751,FALSE,FALSE
2012-12-23,circumpolar,9.062222885,0.15729431580922082,0.15729431580922082,1.1150233324839751,FALSE,FALSE
2012-12-24,circumpolar,8.796710501,0.11480480599784038,0.11480480599784038,1.1150233324839751,FALSE,FALSE
2012-12-25,circumpolar,8.60153363,0.13905382870884964,0.13905382870884964,1.1150233324839751,FALSE,FALSE
2012-12-26,circumpolar,8.442716923,0.19562262652159745,0.19562262652159745,1.1150233324839751,FALSE,FALSE
2012-12-27,circumpolar,8.293660463,0.2574678740153704,0.2574678740153704,1.1150233324839751,FALSE,FALSE
2012-12-28,circumpolar,8.030935037,0.2007169497695198,0.2007169497695198,1.1150233324839751,FALSE,FALSE
2012-12-29,circumpolar,7.737485769,0.1078715693633372,0.1078715693633372,1.1150233324839751,FALSE,FALSE
2012-12-30,circumpolar,7.574749749,0.13992541437614037,0.13992541437614037,1.1150233324839751,FALSE,FALSE
2012-12-31,circumpolar,7.454604047,0.2083121463872608,0.2083121463872608,1.1150233324839751,FALSE,FALSE
2013-01-01,circumpolar,7.290024742,0.04373284138726685,0.04373284138726685,1.1150233324839751,FALSE,FALSE
2013-01-02,circumpolar,7.222949077,0.1586061944307291,0.1586061944307291,1.1150233324839751,FALSE,FALSE
2013-01-03,circumpolar,7.071177605,0.18234403335938776,0.18234403335938776,1.1150233324839751,FALSE,FALSE
2013-01-04,circumpolar,6.910132489,0.1906296534808201,0.1906296534808201,1.1150233324839751,FALSE,FALSE
2013-01-05,circumpolar,6.822422036,0.2663324941026133,0.2663324941026133,1.1150233324839751,FALSE,FALSE
2013-01-06,circumpolar,6.722002104,0.3236695455323195,0.3236695455323195,1.1150233324839751,FALSE,FALSE
2013-01-07,circumpolar,6.631265333,0.3852945800775096,0.3852945800775096,1.1150233324839751,FALSE,FALSE
2013-01-08,circumpolar,6.496915005,0.3981720120457712,0.3981720120457712,1.1150233324839751,FALSE,FALSE
2013-01-09,circumpolar,6.338202273,0.3818141267446604,0.3818141267446604,1.1150233324839751,FALSE,FALSE
2013-01-10,circumpolar,6.271224468,0.45257938748176585,0.45257938748176585,1.1150233324839751,FALSE,FALSE
2013-01-11,circumpolar,6.127824059,0.44257139556464065,0.44257139556464065,1.1150233324839751,FALSE,FALSE
2013-01-12,circumpolar,5.981030234,0.4250804713008698,0.4250804713008698,1.1150233324839751,FALSE,FALSE
2013-01-13,circumpolar,5.933311946,0.5028366999980198,0.5028366999980198,1.1150233324839751,FALSE,FALSE
2013-01-14,circumpolar,5.830672299,0.5221010919729139,0.5221010919729139,1.1150233324839751,FALSE,FALSE
2013-01-15,circumpolar,5.710743607,0.5206481033868604,0.5206481033868604,1.1150233324839751,FALSE,FALSE
2013-01-16,circumpolar,5.622972752,0.5479217307010655,0.5479217307010655,1.1150233324839751,FALSE,FALSE
2013-01-17,circumpolar,5.547245817,0.5837959993324171,0.5837959993324171,1.1150233324839751,FALSE,FALSE
2013-01-18,circumpolar,5.458682899,0.603378948697805,0.603378948697805,1.1150233324839751,FALSE,FALSE
2013-01-19,circumpolar,5.378796057,0.6281705802141175,0.6281705802141175,1.1150233324839751,FALSE,FALSE
2013-01-20,circumpolar,5.270456845,0.6210303902982455,0.6210303902982455,1.1150233324839751,FALSE,FALSE
2013-01-21,circumpolar,5.15392353,0.6022045883670737,0.6022045883670737,1.1150233324839751,FALSE,FALSE
2013-01-22,circumpolar,5.085722558,0.6282075628374928,0.6282075628374928,1.1150233324839751,FALSE,FALSE
2013-01-23,circumpolar,5.043397015,0.6765703421263947,0.6765703421263947,1.1150233324839751,FALSE,FALSE
2013-01-24,circumpolar,4.959614525,0.6799484926506594,0.6799484926506594,1.1150233324839751,FALSE,FALSE
2013-01-25,circumpolar,4.827781545,0.6317364138271806,0.6317364138271806,1.1150233324839751,FALSE,FALSE
2013-01-26,circumpolar,4.752219816,0.6362437890728527,0.6362437890728527,1.1150233324839751,FALSE,FALSE
2013-01-27,circumpolar,4.754440504,0.7149811986581094,0.7149811986581094,1.1150233324839751,FALSE,FALSE
2013-01-28,circumpolar,4.679173453,0.7127555590946852,0.7127555590946852,1.1150233324839751,FALSE,FALSE
2013-01-29,circumpolar,4.59559574,0.6988532214137941,0.6988532214137941,1.1150233324839751,FALSE,FALSE
2013-01-30,circumpolar,4.476184478,0.6458606763779549,0.6458606763779549,1.1150233324839751,FALSE,FALSE
2013-01-31,circumpolar,4.415783657,0.6487312917497081,0.6487312917497081,1.1150233324839751,FALSE,FALSE
2013-02-01,circumpolar,4.355245357,0.6484265252915709,0.6484265252915709,1.1150233324839751,FALSE,FALSE
2013-02-02,circumpolar,4.319167553,0.6696537297660741,0.6696537297660741,1.1150233324839751,FALSE,FALSE
2013-02-03,circumpolar,4.213296459,0.618268496935753,0.618268496935753,1.1150233324839751,FALSE,FALSE
2013-02-04,circumpolar,4.158389183,0.6151373125631259,0.6151373125631259,1.1150233324839751,FALSE,FALSE
2013-02-05,circumpolar,4.142676022,0.6485998514107196,0.6485998514107196,1.1150233324839751,FALSE,FALSE
2013-02-06,circumpolar,4.095728086,0.6483366012410681,0.6483366012410681,1.1150233324839751,FALSE,FALSE
2013-02-07,circumpolar,4.059770632,0.6566821968166976,0.6566821968166976,1.1150233324839751,FALSE,FALSE
2013-02-08,circumpolar,4.016953678,0.6558951930831904,0.6558951930831904,1.1150233324839751,FALSE,FALSE
2013-02-09,circumpolar,3.954191022,0.6328869175389675,0.6328869175389675,1.1150233324839751,FALSE,FALSE
2013-02-10,circumpolar,3.908744476,0.6246959445310245,0.6246959445310245,1.1150233324839751,FALSE,FALSE
2013-02-11,circumpolar,3.90209955,0.652558444310769,0.652558444310769,1.1150233324839751,FALSE,FALSE
2013-02-12,circumpolar,3.876692517,0.658661350129591,0.658661350129591,1.1150233324839751,FALSE,FALSE
2013-02-13,circumpolar,3.860196472,0.6704284172388819,0.6704284172388819,1.1150233324839751,FALSE,FALSE
2013-02-14,circumpolar,3.873858853,0.7088577438900479,0.7088577438900479,1.1150233324839751,FALSE,FALSE
2013-02-15,circumpolar,3.837303053,0.6933233833344774,0.6933233833344774,1.1150233324839751,FALSE,FALSE
2013-02-16,circumpolar,3.866720169,0.7397670928235667,0.7397670928235667,1.1150233324839751,FALSE,FALSE
2013-02-17,circumpolar,3.892556603,0.7783859346087216,0.7783859346087216,1.1150233324839751,FALSE,FALSE
2013-02-18,circumpolar,3.884367529,0.7784857429413274,0.7784857429413274,1.1150233324839751,FALSE,FALSE
2013-02-19,circumpolar,3.827251917,0.7249161480727806,0.7249161480727806,1.1150233324839751,FALSE,FALSE
2013-02-20,circumpolar,3.885117961,0.7813360042544875,0.7813360042544875,1.1150233324839751,FALSE,FALSE
2013-02-21,circumpolar,3.991324241,0.8808766855161907,0.8808766855161907,1.1150233324839751,FALSE,FALSE
2013-02-22,circumpolar,4.023061018,0.9007695886974498,0.9007695886974498,1.1150233324839751,FALSE,FALSE
2013-02-23,circumpolar,4.02629862,0.887204690319717,0.887204690319717,1.1150233324839751,FALSE,FALSE
2013-02-24,circumpolar,4.079946163,0.9193139818731404,0.9193139818731404,1.1150233324839751,FALSE,FALSE
2013-02-25,circumpolar,4.077281435,0.8905981268478853,0.8905981268478853,1.1150233324839751,FALSE,FALSE
2013-02-26,circumpolar,4.036071957,0.819047521734102,0.819047521734102,1.1150233324839751,FALSE,FALSE
2013-02-27,circumpolar,4.094229336,0.8427966490219498,0.8427966490219498,1.1150233324839751,FALSE,FALSE
2013-02-28,circumpolar,4.161530813,0.8718456252015843,0.8718456252015843,1.1150233324839751,FALSE,FALSE
2013-03-01,circumpolar,4.289079985,0.9575209227631634,0.9575209227631634,1.1150233324839751,FALSE,FALSE
2013-03-02,circumpolar,4.327178559,0.9503471241968384,0.9503471241968384,1.1150233324839751,FALSE,FALSE
2013-03-03,circumpolar,4.352289624,0.9270101939927756,0.9270101939927756,1.1150233324839751,FALSE,FALSE
2013-03-04,circumpolar,4.419623428,0.9429432556411256,0.9429432556411256,1.1150233324839751,FALSE,FALSE
2013-03-05,circumpolar,4.477418366,0.9466075733455006,0.9466075733455006,1.1150233324839751,FALSE,FALSE
2013-03-06,circumpolar,4.615886164,1.02841435715532,1.02841435715532,1.1150233324839751,FALSE,FALSE
2013-03-07,circumpolar,4.702902966,1.0563631019408213,1.0563631019408213,1.1150233324839751,FALSE,FALSE
2013-03-08,circumpolar,4.785013192,1.0771061113189733,1.0771061113189733,1.1150233324839751,FALSE,FALSE
2013-03-09,circumpolar,4.926545962,1.1550803889067391,1.1550803889067391,1.1150233324839751,TRUE,TRUE
2013-03-10,circumpolar,5.0144536,1.1773461423210918,1.1773461423210918,1.1150233324839751,TRUE,TRUE
2013-03-11,circumpolar,5.052140436,1.147415585179,1.147415585179,1.1150233324839751,TRUE,TRUE
2013-03-12,circumpolar,5.139979251,1.165769382097427,1.165769382097427,1.1150233324839751,TRUE,TRUE
2013-03-13,circumpolar,5.181980299,1.136525670693343,1.136525670693343,1.1150233324839751,TRUE,TRUE
2013-03-14,circumpolar,5.221511507,1.1031602615837173,1.1031602615837173,1.1150233324839751,FALSE,FALSE
2013-03-15,circumpolar,5.250647436,1.0578555993855172,1.0578555993855172,1.1150233324839751,FALSE,FALSE
2013-03-16,circumpolar,5.267713779,0.9990452607157064,0.9990452607157064,1.1150233324839751,FALSE,FALSE
2013-03-17,circumpolar,5.390017601,1.0441441941912617,1.0441441941912617,1.1150233324839751,FALSE,FALSE
2013-03-18,circumpolar,5.429355681,1.0050557714185953,1.0050557714185953,1.1150233324839751,FALSE,FALSE
2013-03-19,circumpolar,5.46669724,0.9628235632038686,0.9628235632038686,1.1150233324839751,FALSE,FALSE
2013-03-20,circumpolar,5.500311481,0.9157573961141328,0.9157573961141328,1.1150233324839751,FALSE,FALSE
2013-03-21,circumpolar,5.587043024,0.9207409258298932,0.9207409258298932,1.1150233324839751,FALSE,FALSE
2013-03-22,circumpolar,5.661095246,0.9120165650316848,0.9120165650316848,1.1150233324839751,FALSE,FALSE
2013-03-23,circumpolar,5.710285312,0.877440514400023,0.877440514400023,1.1150233324839751,FALSE,FALSE
2013-03-24,circumpolar,5.789155154,0.8715937416154294,0.8715937416154294,1.1150233324839751,FALSE,FALSE
2013-03-25,circumpolar,5.864327136,0.8611376463584302,0.8611376463584302,1.1150233324839751,FALSE,FALSE
2013-03-26,circumpolar,5.901073721,0.8113837273095399,0.8113837273095399,1.1150233324839751,FALSE,FALSE
2013-03-27,circumpolar,5.954620911,0.7775970221492869,0.7775970221492869,1.1150233324839751,FALSE,FALSE
2013-03-28,circumpolar,6.053031543,0.7878794035581924,0.7878794035581924,1.1150233324839751,FALSE,FALSE
2013-03-29,circumpolar,6.181990982,0.8279552722167711,0.8279552722167711,1.1150233324839751,FALSE,FALSE
2013-03-30,circumpolar,6.271666631,0.8280310668055533,0.8280310668055533,1.1150233324839751,FALSE,FALSE
2013-03-31,circumpolar,6.335268701,0.801346180422569,0.801346180422569,1.1150233324839751,FALSE,FALSE
2013-04-01,circumpolar,6.417101471,0.792180214156577,0.792180214156577,1.1150233324839751,FALSE,FALSE
2013-04-02,circumpolar,6.545036388,0.8283616270141696,0.8283616270141696,1.1150233324839751,FALSE,FALSE
2013-04-03,circumpolar,6.660321894,0.8510958578650056,0.8510958578650056,1.1150233324839751,FALSE,FALSE
2013-04-04,circumpolar,6.7516182,0.8490001145787529,0.8490001145787529,1.1150233324839751,FALSE,FALSE
2013-04-05,circumpolar,6.879376272,0.8824823600250706,0.8824823600250706,1.1150233324839751,FALSE,FALSE
2013-04-06,circumpolar,6.985940602,0.8938440830736321,0.8938440830736321,1.1150233324839751,FALSE,FALSE
2013-04-07,circumpolar,7.083157954,0.8948890445940858,0.8948890445940858,1.1150233324839751,FALSE,FALSE
2013-04-08,circumpolar,7.160700985,0.8752468984561039,0.8752468984561039,1.1150233324839751,FALSE,FALSE
2013-04-09,circumpolar,7.286515474,0.9028204205293422,0.9028204205293422,1.1150233324839751,FALSE,FALSE
2013-04-10,circumpolar,7.335084101,0.8520492876834709,0.8520492876834709,1.1150233324839751,FALSE,FALSE
2013-04-11,circumpolar,7.457287002,0.8737706327881458,0.8737706327881458,1.1150233324839751,FALSE,FALSE
2013-04-12,circumpolar,7.569322865,0.8841407672803827,0.8841407672803827,1.1150233324839751,FALSE,FALSE
2013-04-13,circumpolar,7.646522822,0.8584931021985227,0.8584931021985227,1.1150233324839751,FALSE,FALSE
2013-04-14,circumpolar,7.722256666,0.8302733239391369,0.8302733239391369,1.1150233324839751,FALSE,FALSE
2013-04-15,circumpolar,7.844680018,0.8477198228093803,0.8477198228093803,1.1150233324839751,FALSE,FALSE
2013-04-16,circumpolar,7.863741098,0.7608635881164387,0.7608635881164387,1.1150233324839751,FALSE,FALSE
2013-04-17,circumpolar,7.958918304,0.7492657871674675,0.7492657871674675,1.1150233324839751,FALSE,FALSE
2013-04-18,circumpolar,8.064673814,0.7474713672696334,0.7474713672696334,1.1150233324839751,FALSE,FALSE
2013-04-19,circumpolar,8.138785258,0.7133407277300936,0.7133407277300936,1.1150233324839751,FALSE,FALSE
2013-04-20,circumpolar,8.179556496,0.6452604978560368,0.6452604978560368,1.1150233324839751,FALSE,FALSE
2013-04-21,circumpolar,8.277338766,0.6336646849546064,0.6336646849546064,1.1150233324839751,FALSE,FALSE
2013-04-22,circumpolar,8.39125132,0.6377553103329792,0.6377553103329792,1.1150233324839751,FALSE,FALSE
2013-04-23,circumpolar,8.524135267,0.6604562522983253,0.6604562522983253,1.1150233324839751,FALSE,FALSE
2013-04-24,circumpolar,8.643741103,0.6696007761577958,0.6696007761577958,1.1150233324839751,FALSE,FALSE
2013-04-25,circumpolar,8.770564104,0.6857634256421345,0.6857634256421345,1.1150233324839751,FALSE,FALSE
2013-04-26,circumpolar,8.871896282,0.6762822243912563,0.6762822243912563,1.1150233324839751,FALSE,FALSE
2013-04-27,circumpolar,8.978655941,0.6721031105347794,0.6721031105347794,1.1150233324839751,FALSE,FALSE
2013-04-28,circumpolar,9.102611392,0.6850218356155757,0.6850218356155757,1.1150233324839751,FALSE,FALSE
2013-04-29,circumpolar,9.221753194,0.6930563991764949,0.6930563991764949,1.1150233324839751,FALSE,FALSE
2013-04-30,circumpolar,9.374686782,0.7348396767603926,0.7348396767603926,1.1150233324839751,FALSE,FALSE
2013-05-01,circumpolar,9.514314454,0.7633014069101307,0.7633014069101307,1.1150233324839751,FALSE,FALSE
2013-05-02,circumpolar,9.61704266,0.754875480168554,0.754875480168554,1.1150233324839751,FALSE,FALSE
2013-05-03,circumpolar,9.761161916,0.7878798530785431,0.7878798530785431,1.1150233324839751,FALSE,FALSE
2013-05-04,circumpolar,9.866533941,0.782203685182937,0.782203685182937,1.1150233324839751,FALSE,FALSE
2013-05-05,circumpolar,9.930830667,0.7355463490245935,0.7355463490245935,1.1150233324839751,FALSE,FALSE
2013-05-06,circumpolar,10.03700333,0.7308865211463811,0.7308865211463811,1.1150233324839751,FALSE,FALSE
2013-05-07,circumpolar,10.1905031,0.7737027970981565,0.7737027970981565,1.1150233324839751,FALSE,FALSE
2013-05-08,circumpolar,10.30933095,0.7820152166032486,0.7820152166032486,1.1150233324839751,FALSE,FALSE
2013-05-09,circumpolar,10.44492293,0.8072566495980862,0.8072566495980862,1.1150233324839751,FALSE,FALSE
2013-05-10,circumpolar,10.56965579,0.8217970056210042,0.8217970056210042,1.1150233324839751,FALSE,FALSE
2013-05-11,circumpolar,10.68314599,0.8252459042103197,0.8252459042103197,1.1150233324839751,FALSE,FALSE
2013-05-12,circumpolar,10.8118521,0.8440550749043716,0.8440550749043716,1.1150233324839751,FALSE,FALSE
2013-05-13,circumpolar,10.92092557,0.8433691272414787,0.8433691272414787,1.1150233324839751,FALSE,FALSE
2013-05-14,circumpolar,10.96760446,0.7804192807599772,0.7804192807599772,1.1150233324839751,FALSE,FALSE
2013-05-15,circumpolar,11.06928867,0.7725985949981897,0.7725985949981897,1.1150233324839751,FALSE,FALSE
2013-05-16,circumpolar,11.17343856,0.7673605894944355,0.7673605894944355,1.1150233324839751,FALSE,FALSE
2013-05-17,circumpolar,11.29751492,0.7821592137870486,0.7821592137870486,1.1150233324839751,FALSE,FALSE
2013-05-18,circumpolar,11.41981356,0.7952834374143745,0.7952834374143745,1.1150233324839751,FALSE,FALSE
2013-05-19,circumpolar,11.55275368,0.8191456199147176,0.8191456199147176,1.1150233324839751,FALSE,FALSE
2013-05-20,circumpolar,11.65364289,0.811047663863885,0.811047663863885,1.1150233324839751,FALSE,FALSE
2013-05-21,circumpolar,11.78321815,0.8317414967287355,0.8317414967287355,1.1150233324839751,FALSE,FALSE
2013-05-22,circumpolar,11.89357348,0.8333541692932549,0.8333541692932549,1.1150233324839751,FALSE,FALSE
2013-05-23,circumpolar,12.01096523,0.842175670076621,0.842175670076621,1.1150233324839751,FALSE,FALSE
2013-05-24,circumpolar,12.12929407,0.8521403075980007,0.8521403075980007,1.1150233324839751,FALSE,FALSE
2013-05-25,circumpolar,12.23232761,0.8470493303765831,0.8470493303765831,1.1150233324839751,FALSE,FALSE
2013-05-26,circumpolar,12.34386497,0.8507354969315379,0.8507354969315379,1.1150233324839751,FALSE,FALSE
2013-05-27,circumpolar,12.39697106,0.7962973557820341,0.7962973557820341,1.1150233324839751,FALSE,FALSE
2013-05-28,circumpolar,12.39686923,0.688991895447252,0.688991895447252,1.1150233324839751,FALSE,FALSE
2013-05-29,circumpolar,12.44310877,0.6284020444463767,0.6284020444463767,1.1150233324839751,FALSE,FALSE
2013-05-30,circumpolar,12.63064885,0.7095206112985757,0.7095206112985757,1.1150233324839751,FALSE,FALSE
2013-05-31,circumpolar,12.73904404,0.7119358045230122,0.7119358045230122,1.1150233324839751,FALSE,FALSE
2013-06-01,circumpolar,12.8581776,0.7255645226388907,0.7255645226388907,1.1150233324839751,FALSE,FALSE
2013-06-02,circumpolar,13.04686999,0.809249752196413,0.809249752196413,1.1150233324839751,FALSE,FALSE
2013-06-03,circumpolar,13.27684547,0.934688984050922,0.934688984050922,1.1150233324839751,FALSE,FALSE
2013-06-04,circumpolar,13.44145429,0.9951920338466032,0.9951920338466032,1.1150233324839751,FALSE,FALSE
2013-06-05,circumpolar,13.55601167,1.006033686721512,1.006033686721512,1.1150233324839751,FALSE,FALSE
2013-06-06,circumpolar,13.63151835,0.9781742478136836,0.9781742478136836,1.1150233324839751,FALSE,FALSE
2013-06-07,circumpolar,13.70665913,0.9502580822611436,0.9502580822611436,1.1150233324839751,FALSE,FALSE
2013-06-08,circumpolar,13.72759934,0.8684100852019281,0.8684100852019281,1.1150233324839751,FALSE,FALSE
2013-06-09,circumpolar,13.82789863,0.8661494717740705,0.8661494717740705,1.1150233324839751,FALSE,FALSE
2013-06-10,circumpolar,13.90412505,0.8400038571155974,0.8400038571155974,1.1150233324839751,FALSE,FALSE
2013-06-11,circumpolar,13.94950635,0.7831605563645656,0.7831605563645656,1.1150233324839751,FALSE,FALSE
2013-06-12,circumpolar,14.02917947,0.7607160746589869,0.7607160746589869,1.1150233324839751,FALSE,FALSE
2013-06-13,circumpolar,14.21107885,0.8405644171368944,0.8405644171368944,1.1150233324839751,FALSE,FALSE
2013-06-14,circumpolar,14.38200003,0.909462519356758,0.909462519356758,1.1150233324839751,FALSE,FALSE
2013-06-15,circumpolar,14.56198944,0.987498899401004,0.987498899401004,1.1150233324839751,FALSE,FALSE
2013-06-16,circumpolar,14.71918277,1.0429620338439936,1.0429620338439936,1.1150233324839751,FALSE,FALSE
2013-06-17,circumpolar,14.76143367,0.9838663795546108,0.9838663795546108,1.1150233324839751,FALSE,FALSE
2013-06-18,circumpolar,14.84972378,0.971354383401712,0.971354383401712,1.1150233324839751,FALSE,FALSE
2013-06-19,circumpolar,14.83915691,0.8606906622541892,0.8606906622541892,1.1150233324839751,FALSE,FALSE
2013-06-20,circumpolar,14.83151442,0.7538173829809072,0.7538173829809072,1.1150233324839751,FALSE,FALSE
2013-06-21,circumpolar,14.96888084,0.7929798824507444,0.7929798824507444,1.1150233324839751,FALSE,FALSE
2013-06-22,circumpolar,15.09176749,0.8188502875325554,0.8188502875325554,1.1150233324839751,FALSE,FALSE
2013-06-23,circumpolar,15.14586424,0.7772792750952302,0.7772792750952302,1.1150233324839751,FALSE,FALSE
2013-06-24,circumpolar,15.23196599,0.7692225520076441,0.7692225520076441,1.1150233324839751,FALSE,FALSE
2013-06-25,circumpolar,15.40018479,0.8449529751386535,0.8449529751386535,1.1150233324839751,FALSE,FALSE
2013-06-26,circumpolar,15.51687592,0.8709866313571482,0.8709866313571482,1.1150233324839751,FALSE,FALSE
2013-06-27,circumpolar,15.5902485,0.855665422845691,0.855665422845691,1.1150233324839751,FALSE,FALSE
2013-06-28,circumpolar,15.66967289,0.8482807230963303,0.8482807230963303,1.1150233324839751,FALSE,FALSE
2013-06-29,circumpolar,15.75647159,0.8499792801621489,0.8499792801621489,1.1150233324839751,FALSE,FALSE
2013-06-30,circumpolar,15.79811985,0.8080600945756746,0.8080600945756746,1.1150233324839751,FALSE,FALSE
2013-07-01,circumpolar,15.86634041,0.7940696568694658,0.7940696568694658,1.1150233324839751,FALSE,FALSE
2013-07-02,circumpolar,15.89519876,0.7418972075760664,0.7418972075760664,1.1150233324839751,FALSE,FALSE
2013-07-03,circumpolar,16.01154899,0.7782205872280397,0.7782205872280397,1.1150233324839751,FALSE,FALSE
2013-07-04,circumpolar,16.12132858,0.8088010263579175,0.8088010263579175,1.1150233324839751,FALSE,FALSE
2013-07-05,circumpolar,16.23703343,0.8459581754982555,0.8459581754982555,1.1150233324839751,FALSE,FALSE
2013-07-06,circumpolar,16.34252895,0.8733811951815955,0.8733811951815955,1.1150233324839751,FALSE,FALSE
2013-07-07,circumpolar,16.5087959,0.9618745959404968,0.9618745959404968,1.1150233324839751,FALSE,FALSE
2013-07-08,circumpolar,16.61010447,0.9855323183075004,0.9855323183075004,1.1150233324839751,FALSE,FALSE
2013-07-09,circumpolar,16.649454,0.9471778658090404,0.9471778658090404,1.1150233324839751,FALSE,FALSE
2013-07-10,circumpolar,16.6962976,0.9161688373705132,0.9161688373705132,1.1150233324839751,FALSE,FALSE
2013-07-11,circumpolar,16.75077809,0.8927283320004591,0.8927283320004591,1.1150233324839751,FALSE,FALSE
2013-07-12,circumpolar,16.83502124,0.8990856621176331,0.8990856621176331,1.1150233324839751,FALSE,FALSE
2013-07-13,circumpolar,16.95739414,0.9437114601408608,0.9437114601408608,1.1150233324839751,FALSE,FALSE
2013-07-14,circumpolar,17.04712781,0.9559402884889074,0.9559402884889074,1.1150233324839751,FALSE,FALSE
2013-07-15,circumpolar,17.06902484,0.9006782795805854,0.9006782795805854,1.1150233324839751,FALSE,FALSE
2013-07-16,circumpolar,17.14223083,0.897174575834665,0.897174575834665,1.1150233324839751,FALSE,FALSE
2013-07-17,circumpolar,17.11389199,0.7926789296699397,0.7926789296699397,1.1150233324839751,FALSE,FALSE
2013-07-18,circumpolar,17.12624073,0.7295272935052317,0.7295272935052317,1.1150233324839751,FALSE,FALSE
2013-07-19,circumpolar,17.20142722,0.7299733797592936,0.7299733797592936,1.1150233324839751,FALSE,FALSE
2013-07-20,circumpolar,17.35007922,0.8047484908509368,0.8047484908509368,1.1150233324839751,FALSE,FALSE
2013-07-21,circumpolar,17.45162085,0.8333802891989421,0.8333802891989421,1.1150233324839751,FALSE,FALSE
2013-07-22,circumpolar,17.48135353,0.7912708552804837,0.7912708552804837,1.1150233324839751,FALSE,FALSE
2013-07-23,circumpolar,17.42139555,0.6605993621563933,0.6605993621563933,1.1150233324839751,FALSE,FALSE
2013-07-24,circumpolar,17.4991916,0.6688423875501819,0.6688423875501819,1.1150233324839751,FALSE,FALSE
2013-07-25,circumpolar,17.63216147,0.7334509514582663,0.7334509514582663,1.1150233324839751,FALSE,FALSE
2013-07-26,circumpolar,17.77875886,0.8129099838770912,0.8129099838770912,1.1150233324839751,FALSE,FALSE
2013-07-27,circumpolar,17.91376347,0.8820304148030758,0.8820304148030758,1.1150233324839751,FALSE,FALSE
2013-07-28,circumpolar,18.01129144,0.9149596142326466,0.9149596142326466,1.1150233324839751,FALSE,FALSE
2013-07-29,circumpolar,18.11154877,0.9519348121622356,0.9519348121622356,1.1150233324839751,FALSE,FALSE
2013-07-30,circumpolar,18.26125098,1.039702758588284,1.039702758588284,1.1150233324839751,FALSE,FALSE
2013-07-31,circumpolar,18.35940037,1.0772969835071926,1.0772969835071926,1.1150233324839751,FALSE,FALSE
2013-08-01,circumpolar,18.41141356,1.070165336915391,1.070165336915391,1.1150233324839751,FALSE,FALSE
2013-08-02,circumpolar,18.45108384,1.0521323388093329,1.0521323388093329,1.1150233324839751,FALSE,FALSE
2013-08-03,circumpolar,18.42400805,0.968826058622767,0.968826058622767,1.1150233324839751,FALSE,FALSE
2013-08-04,circumpolar,18.38370601,0.8737823559379017,0.8737823559379017,1.1150233324839751,FALSE,FALSE
2013-08-05,circumpolar,18.34131237,0.7780971246749147,0.7780971246749147,1.1150233324839751,FALSE,FALSE
2013-08-06,circumpolar,18.29499632,0.6798884470122353,0.6798884470122353,1.1150233324839751,FALSE,FALSE
2013-08-07,circumpolar,18.34993194,0.6842792951282775,0.6842792951282775,1.1150233324839751,FALSE,FALSE
2013-08-08,circumpolar,18.47815066,0.7632499912014339,0.7632499912014339,1.1150233324839751,FALSE,FALSE
2013-08-09,circumpolar,18.68512545,0.9222223974101312,0.9222223974101312,1.1150233324839751,FALSE,FALSE
2013-08-10,circumpolar,18.77260223,0.9628913259327624,0.9628913259327624,1.1150233324839751,FALSE,FALSE
2013-08-11,circumpolar,18.85193651,0.9965611789477506,0.9965611789477506,1.1150233324839751,FALSE,FALSE
2013-08-12,circumpolar,18.93088533,1.030937888633492,1.030937888633492,1.1150233324839751,FALSE,FALSE
2013-08-13,circumpolar,19.00524257,1.061764227168425,1.061764227168425,1.1150233324839751,FALSE,FALSE
2013-08-14,circumpolar,19.12209638,1.1360772367309373,1.1360772367309373,1.1150233324839751,TRUE,FALSE
2013-08-15,circumpolar,19.15037647,1.1227555194994423,1.1227555194994423,1.1150233324839751,TRUE,FALSE
2013-08-16,circumpolar,19.12588052,1.057546526222648,1.057546526222648,1.1150233324839751,FALSE,FALSE
2013-08-17,circumpolar,19.09703356,0.988851170822162,0.988851170822162,1.1150233324839751,FALSE,FALSE
2013-08-18,circumpolar,19.18648744,1.039327075805378,1.039327075805378,1.1150233324839751,FALSE,FALSE
2013-08-19,circumpolar,19.26052379,1.0752632816514378,1.0752632816514378,1.1150233324839751,FALSE,FALSE
2013-08-20,circumpolar,19.28988641,1.0674109988395202,1.0674109988395202,1.1150233324839751,FALSE,FALSE
2013-08-21,circumpolar,19.31261082,1.05381315784879,1.05381315784879,1.1150233324839751,FALSE,FALSE
2013-08-22,circumpolar,19.35774566,1.0635258091584134,1.0635258091584134,1.1150233324839751,FALSE,FALSE
2013-08-23,circumpolar,19.36362692,1.034892353247546,1.034892353247546,1.1150233324839751,FALSE,FALSE
2013-08-24,circumpolar,19.36745043,1.0051160305953497,1.0051160305953497,1.1150233324839751,FALSE,FALSE
2013-08-25,circumpolar,19.38113239,0.9861204516809998,0.9861204516809998,1.1150233324839751,FALSE,FALSE
2013-08-26,circumpolar,19.40599652,0.9792367469836414,0.9792367469836414,1.1150233324839751,FALSE,FALSE
2013-08-27,circumpolar,19.46446381,1.0068933169824523,1.0068933169824523,1.1150233324839751,FALSE,FALSE
2013-08-28,circumpolar,19.4871041,0.9996674121565938,0.9996674121565938,1.1150233324839751,FALSE,FALSE
2013-08-29,circumpolar,19.41066177,0.8943117325219951,0.8943117325219951,1.1150233324839751,FALSE,FALSE
2013-08-30,circumpolar,19.39078268,0.846485985982774,0.846485985982774,1.1150233324839751,FALSE,FALSE
2013-08-31,circumpolar,19.37503088,0.8037701474466274,0.8037701474466274,1.1150233324839751,FALSE,FALSE
2013-09-01,circumpolar,19.47803486,0.8808086355467708,0.8808086355467708,1.1150233324839751,FALSE,FALSE
2013-09-02,circumpolar,19.59104832,0.9688710789163828,0.9688710789163828,1.1150233324839751,FALSE,FALSE
2013-09-03,circumpolar,19.60395378,0.95785592618868165,0.95785592618868165,1.1150233324839751,FALSE,FALSE
2013-09-04,circumpolar,19.53101965,0.8620475159968564,0.8620475159968564,1.1150233324839751,FALSE,FALSE
2013-09-05,circumpolar,19.49805287,0.8072687169740789,0.8072687169740789,1.1150233324839751,FALSE,FALSE
2013-09-06,circumpolar,19.44470276,0.7331847777535963,0.7331847777535963,1.1150233324839751,FALSE,FALSE
2013-09-07,circumpolar,19.45811345,0.726955756968561,0.726955756968561,1.1150233324839751,FALSE,FALSE
2013-09-08,circumpolar,19.4950476,0.7453602432521862,0.7453602432521862,1.1150233324839751,FALSE,FALSE
2013-09-09,circumpolar,19.58014188,0.813050835237668,0.813050835237668,1.1150233324839751,FALSE,FALSE
2013-09-10,circumpolar,19.66704138,0.8836885754400718,0.8836885754400718,1.1150233324839751,FALSE,FALSE
2013-09-11,circumpolar,19.70059596,0.9021415435186668,0.9021415435186668,1.1150233324839751,FALSE,FALSE
2013-09-12,circumpolar,19.74334634,0.9309727817752034,0.9309727817752034,1.1150233324839751,FALSE,FALSE
2013-09-13,circumpolar,19.82553205,1.00044457448395,1.00044457448395,1.1150233324839751,FALSE,FALSE
2013-09-14,circumpolar,19.90727631,1.0707028959191334,1.0707028959191334,1.1150233324839751,FALSE,FALSE
2013-09-15,circumpolar,19.91214984,1.0653412203549806,1.0653412203549806,1.1150233324839751,FALSE,FALSE
2013-09-16,circumpolar,19.84204093,0.9862705920657504,0.9862705920657504,1.1150233324839751,FALSE,FALSE
2013-09-17,circumpolar,19.84510493,0.9816691153256903,0.9816691153256903,1.1150233324839751,FALSE,FALSE
2013-09-18,circumpolar,19.86664099,0.9968586944090204,0.9968586944090204,1.1150233324839751,FALSE,FALSE
2013-09-19,circumpolar,19.86892119,0.994134163590001,0.994134163590001,1.1150233324839751,FALSE,FALSE
2013-09-20,circumpolar,19.89499984,1.0165725871428537,1.0165725871428537,1.1150233324839751,FALSE,FALSE
2013-09-21,circumpolar,19.88082534,1.0001451193418376,1.0001451193418376,1.1150233324839751,FALSE,FALSE
2013-09-22,circumpolar,19.8423737,0.9608505244611932,0.9608505244611932,1.1150233324839751,FALSE,FALSE
2013-09-23,circumpolar,19.79052294,0.9095887960284584,0.9095887960284584,1.1150233324839751,FALSE,FALSE
2013-09-24,circumpolar,19.81871027,0.9398107587994886,0.9398107587994886,1.1150233324839751,FALSE,FALSE
2013-09-25,circumpolar,19.79230982,0.9168990869707052,0.9168990869707052,1.1150233324839751,FALSE,FALSE
2013-09-26,circumpolar,19.81633391,0.9458745735930344,0.9458745735930344,1.1150233324839751,FALSE,FALSE
2013-09-27,circumpolar,19.86542131,1.0013844617173504,1.0013844617173504,1.1150233324839751,FALSE,FALSE
2013-09-28,circumpolar,19.88514195,1.02900715439457,1.02900715439457,1.1150233324839751,FALSE,FALSE
2013-09-29,circumpolar,19.85017847,1.0034337646755596,1.0034337646755596,1.1150233324839751,FALSE,FALSE
2013-09-30,circumpolar,19.8516759,1.0158177956112375,1.0158177956112375,1.1150233324839751,FALSE,FALSE
2013-10-01,circumpolar,19.87388841,1.0504218902525049,1.0504218902525049,1.1150233324839751,FALSE,FALSE
2013-10-02,circumpolar,19.82537036,1.0158088816502475,1.0158088816502475,1.1150233324839751,FALSE,FALSE
2013-10-03,circumpolar,19.7583578,0.9642232928553688,0.9642232928553688,1.1150233324839751,FALSE,FALSE
2013-10-04,circumpolar,19.72932296,0.9521458269187696,0.9521458269187696,1.1150233324839751,FALSE,FALSE
2013-10-05,circumpolar,19.70681147,0.9481305896025276,0.9481305896025276,1.1150233324839751,FALSE,FALSE
2013-10-06,circumpolar,19.70490156,0.9662675662124728,0.9662675662124728,1.1150233324839751,FALSE,FALSE
2013-10-07,circumpolar,19.66451048,0.9474954089939231,0.9474954089939231,1.1150233324839751,FALSE,FALSE
2013-10-08,circumpolar,19.67702984,0.9832288950807532,0.9832288950807532,1.1150233324839751,FALSE,FALSE
2013-10-09,circumpolar,19.72171263,1.052744181606851,1.052744181606851,1.1150233324839751,FALSE,FALSE
2013-10-10,circumpolar,19.68931971,1.0468252957061177,1.0468252957061177,1.1150233324839751,FALSE,FALSE
2013-10-11,circumpolar,19.62298197,1.0086262945124211,1.0086262945124211,1.1150233324839751,FALSE,FALSE
2013-10-12,circumpolar,19.54917149,0.9646424251596208,0.9646424251596208,1.1150233324839751,FALSE,FALSE
2013-10-13,circumpolar,19.55223627,0.999244854781658,0.999244854781658,1.1150233324839751,FALSE,FALSE
2013-10-14,circumpolar,19.52344575,1.0037261905123636,1.0037261905123636,1.1150233324839751,FALSE,FALSE
2013-10-15,circumpolar,19.49430271,1.009612379485656,1.009612379485656,1.1150233324839751,FALSE,FALSE
2013-10-16,circumpolar,19.5029379,1.055057338835404,1.055057338835404,1.1150233324839751,FALSE,FALSE
2013-10-17,circumpolar,19.44363743,1.0343703456954891,1.0343703456954891,1.1150233324839751,FALSE,FALSE
2013-10-18,circumpolar,19.37019267,1.0013655642753534,1.0013655642753534,1.1150233324839751,FALSE,FALSE
2013-10-19,circumpolar,19.2761441,0.949598347979368,0.949598347979368,1.1150233324839751,FALSE,FALSE
2013-10-20,circumpolar,19.20246883,0.9200531078012624,0.9200531078012624,1.1150233324839751,FALSE,FALSE
2013-10-21,circumpolar,19.08186507,0.845435051533336,0.845435051533336,1.1150233324839751,FALSE,FALSE
2013-10-22,circumpolar,18.99888956,0.8103079169678864,0.8103079169678864,1.1150233324839751,FALSE,FALSE
2013-10-23,circumpolar,18.89976537,0.7609017718972204,0.7609017718972204,1.1150233324839751,FALSE,FALSE
2013-10-24,circumpolar,18.81713186,0.7298629741136509,0.7298629741136509,1.1150233324839751,FALSE,FALSE
2013-10-25,circumpolar,18.73560741,0.7018169014094688,0.7018169014094688,1.1150233324839751,FALSE,FALSE
2013-10-26,circumpolar,18.69002463,0.7116031615769813,0.7116031615769813,1.1150233324839751,FALSE,FALSE
2013-10-27,circumpolar,18.67931977,0.7581650024085071,0.7581650024085071,1.1150233324839751,FALSE,FALSE
2013-10-28,circumpolar,18.71396342,0.8519800116963339,0.8519800116963339,1.1150233324839751,FALSE,FALSE
2013-10-29,circumpolar,18.67340609,0.8725056972327678,0.8725056972327678,1.1150233324839751,FALSE,FALSE
2013-10-30,circumpolar,18.61177908,0.8738803568101225,0.8738803568101225,1.1150233324839751,FALSE,FALSE
2013-10-31,circumpolar,18.57055403,0.8976052864965318,0.8976052864965318,1.1150233324839751,FALSE,FALSE
2013-11-01,circumpolar,18.51804047,0.9121312013138976,0.9121312013138976,1.1150233324839751,FALSE,FALSE
2013-11-02,circumpolar,18.43120674,0.8946018836448211,0.8946018836448211,1.1150233324839751,FALSE,FALSE
2013-11-03,circumpolar,18.38852383,0.9236637750811704,0.9236637750811704,1.1150233324839751,FALSE,FALSE
2013-11-04,circumpolar,18.27618839,0.8856889772148335,0.8856889772148335,1.1150233324839751,FALSE,FALSE
2013-11-05,circumpolar,18.22925701,0.9159095316376806,0.9159095316376806,1.1150233324839751,FALSE,FALSE
2013-11-06,circumpolar,18.13808264,0.9048538399415876,0.9048538399415876,1.1150233324839751,FALSE,FALSE
2013-11-07,circumpolar,18.10037005,0.950402123718426,0.950402123718426,1.1150233324839751,FALSE,FALSE
2013-11-08,circumpolar,18.04993518,0.986545774560092,0.986545774560092,1.1150233324839751,FALSE,FALSE
2013-11-09,circumpolar,17.93552285,0.9622050640584412,0.9622050640584412,1.1150233324839751,FALSE,FALSE
2013-11-10,circumpolar,17.83502891,0.955451293805364,0.955451293805364,1.1150233324839751,FALSE,FALSE
2013-11-11,circumpolar,17.73943758,0.957444135392734,0.957444135392734,1.1150233324839751,FALSE,FALSE
2013-11-12,circumpolar,17.6665719,0.9861807786367116,0.9861807786367116,1.1150233324839751,FALSE,FALSE
2013-11-13,circumpolar,17.54718113,0.9725126204223002,0.9725126204223002,1.1150233324839751,FALSE,FALSE
2013-11-14,circumpolar,17.39011487,0.9252831471726424,0.9252831471726424,1.1150233324839751,FALSE,FALSE
2013-11-15,circumpolar,17.31906671,0.9681709064311724,0.9681709064311724,1.1150233324839751,FALSE,FALSE
2013-11-16,circumpolar,17.21759652,0.9847207257413544,0.9847207257413544,1.1150233324839751,FALSE,FALSE
2013-11-17,circumpolar,17.08654088,0.9757541426466324,0.9757541426466324,1.1150233324839751,FALSE,FALSE
2013-11-18,circumpolar,16.97881594,0.994172264690448,0.994172264690448,1.1150233324839751,FALSE,FALSE
2013-11-19,circumpolar,16.88614085,1.0316791994162615,1.0316791994162615,1.1150233324839751,FALSE,FALSE
2013-11-20,circumpolar,16.80637301,1.0861173043675283,1.0861173043675283,1.1150233324839751,FALSE,FALSE
2013-11-21,circumpolar,16.7216584,1.1396175170876823,1.1396175170876823,1.1150233324839751,TRUE,FALSE
2013-11-22,circumpolar,16.53284218,1.0930099551201913,1.0930099551201913,1.1150233324839751,FALSE,FALSE
2013-11-23,circumpolar,16.40238854,1.1087437660084891,1.1087437660084891,1.1150233324839751,FALSE,FALSE
2013-11-24,circumpolar,16.25863491,1.1151413372960397,1.1151413372960397,1.1150233324839751,TRUE,TRUE
2013-11-25,circumpolar,16.16633312,1.176946963720196,1.176946963720196,1.1150233324839751,TRUE,TRUE
2013-11-26,circumpolar,16.05835678,1.227090214606699,1.227090214606699,1.1150233324839751,TRUE,TRUE
2013-11-27,circumpolar,15.89934598,1.230299066006392,1.230299066006392,1.1150233324839751,TRUE,TRUE
2013-11-28,circumpolar,15.70895093,1.2063118557965584,1.2063118557965584,1.1150233324839751,TRUE,TRUE
2013-11-29,circumpolar,15.56721572,1.2352608018544515,1.2352608018544515,1.1150233324839751,TRUE,TRUE
2013-11-30,circumpolar,15.37074749,1.2138411720573394,1.2138411720573394,1.1150233324839751,TRUE,TRUE
2013-12-01,circumpolar,15.15602911,1.1786239642824867,1.1786239642824867,1.1150233324839751,TRUE,TRUE
2013-12-02,circumpolar,14.99067816,1.197314886407158,1.197314886407158,1.1150233324839751,TRUE,TRUE
2013-12-03,circumpolar,14.76467443,1.15998185630861,1.15998185630861,1.1150233324839751,TRUE,TRUE
2013-12-04,circumpolar,14.56548816,1.1541832418641178,1.1541832418641178,1.1150233324839751,TRUE,TRUE
2013-12-05,circumpolar,14.43590134,1.2227891609509385,1.2227891609509385,1.1150233324839751,TRUE,TRUE
2013-12-06,circumpolar,14.23843669,1.2284104614463374,1.2284104614463374,1.1150233324839751,TRUE,TRUE
2013-12-07,circumpolar,13.9879436,1.1859841669069944,1.1859841669069944,1.1150233324839751,TRUE,TRUE
2013-12-08,circumpolar,13.78589145,1.1969138379614073,1.1969138379614073,1.1150233324839751,TRUE,TRUE
2013-12-09,circumpolar,13.5962584,1.22474174311993,1.22474174311993,1.1150233324839751,TRUE,TRUE
2013-12-10,circumpolar,13.34775654,1.1976894129906643,1.1976894129906643,1.1150233324839751,TRUE,TRUE
2013-12-11,circumpolar,13.11443338,1.1893137981817077,1.1893137981817077,1.1150233324839751,TRUE,TRUE
2013-12-12,circumpolar,12.87043021,1.1732656293011576,1.1732656293011576,1.1150233324839751,TRUE,TRUE
2013-12-13,circumpolar,12.73268735,1.2659946669571165,1.2659946669571165,1.1150233324839751,TRUE,TRUE
2013-12-14,circumpolar,12.61531822,1.3811237717576803,1.3811237717576803,1.1150233324839751,TRUE,TRUE
2013-12-15,circumpolar,12.49763882,1.4974783843109505,1.4974783843109505,1.1150233324839751,TRUE,TRUE
2013-12-16,circumpolar,12.37867073,1.6135895252250378,1.6135895252250378,1.1150233324839751,TRUE,TRUE
2013-12-17,circumpolar,12.23756955,1.7081222351080283,1.7081222351080283,1.1150233324839751,TRUE,TRUE
2013-12-18,circumpolar,11.94648904,1.652739714568023,1.652739714568023,1.1150233324839751,TRUE,TRUE
2013-12-19,circumpolar,11.68648286,1.6280050642131272,1.6280050642131272,1.1150233324839751,TRUE,TRUE
2013-12-20,circumpolar,11.47405692,1.649935217692434,1.649935217692434,1.1150233324839751,TRUE,TRUE
2013-12-21,circumpolar,11.20961533,1.618470339584615,1.618470339584615,1.1150233324839751,TRUE,TRUE
2013-12-22,circumpolar,10.96670976,1.6067181346819286,1.6067181346819286,1.1150233324839751,TRUE,TRUE
2013-12-23,circumpolar,10.71183126,1.5807262445636958,1.5807262445636958,1.1150233324839751,TRUE,TRUE
2013-12-24,circumpolar,10.41318526,1.5082566908092208,1.5082566908092208,1.1150233324839751,TRUE,TRUE
2013-12-25,circumpolar,10.15775911,1.4758534149978413,1.4758534149978413,1.1150233324839751,TRUE,TRUE
2013-12-26,circumpolar,9.987380873,1.5249010717088485,1.5249010717088485,1.1150233324839751,TRUE,TRUE
2013-12-27,circumpolar,9.8533779,1.6062836035215966,1.6062836035215966,1.1150233324839751,TRUE,TRUE
2013-12-28,circumpolar,9.680288825,1.64409623601537,1.64409623601537,1.1150233324839751,TRUE,TRUE
2013-12-29,circumpolar,9.465411125,1.6351930377695183,1.6351930377695183,1.1150233324839751,TRUE,TRUE
2013-12-30,circumpolar,9.185302885,1.5556886853633376,1.5556886853633376,1.1150233324839751,TRUE,TRUE
2013-12-31,circumpolar,8.947179465,1.5123551303761396,1.5123551303761396,1.1150233324839751,TRUE,TRUE
2014-01-01,circumpolar,8.864094274,1.6178023733872662,1.6178023733872662,1.1150233324839751,TRUE,TRUE
2014-01-02,circumpolar,8.744931909,1.680589026430729,1.680589026430729,1.1150233324839751,TRUE,TRUE
2014-01-03,circumpolar,8.557732951,1.668899379359388,1.668899379359388,1.1150233324839751,TRUE,TRUE
2014-01-04,circumpolar,8.339130063,1.6196272274808203,1.6196272274808203,1.1150233324839751,TRUE,TRUE
2014-01-05,circumpolar,8.110882633,1.5547930911026129,1.5547930911026129,1.1150233324839751,TRUE,TRUE
2014-01-06,circumpolar,7.884410758,1.486078199532319,1.486078199532319,1.1150233324839751,TRUE,TRUE
2014-01-07,circumpolar,7.751547922,1.50557716907751,1.50557716907751,1.1150233324839751,TRUE,TRUE
2014-01-08,circumpolar,7.589809908,1.4910669150457716,1.4910669150457716,1.1150233324839751,TRUE,TRUE
2014-01-09,circumpolar,7.449556063,1.4931679167446603,1.4931679167446603,1.1150233324839751,TRUE,TRUE
2014-01-10,circumpolar,7.332764392,1.5141193114817657,1.5141193114817657,1.1150233324839751,TRUE,TRUE
2014-01-11,circumpolar,7.188361164,1.5031085005646403,1.5031085005646403,1.1150233324839751,TRUE,TRUE
2014-01-12,circumpolar,7.052559171,1.49660940830087,1.49660940830087,1.1150233324839751,TRUE,TRUE
2014-01-13,circumpolar,6.88986083,1.45938558399802,1.45938558399802,1.1150233324839751,TRUE,TRUE
2014-01-14,circumpolar,6.730896697,1.4223254899729143,1.4223254899729143,1.1150233324839751,TRUE,TRUE
2014-01-15,circumpolar,6.503563031,1.3134675273868597,1.3134675273868597,1.1150233324839751,TRUE,TRUE
2014-01-16,circumpolar,6.338752698,1.263701676701066,1.263701676701066,1.1150233324839751,TRUE,TRUE
2014-01-17,circumpolar,6.191760693,1.2283108753324168,1.2283108753324168,1.1150233324839751,TRUE,TRUE
2014-01-18,circumpolar,6.049493479,1.1941895286978044,1.1941895286978044,1.1150233324839751,TRUE,TRUE
2014-01-19,circumpolar,5.936753374,1.186127897214118,1.186127897214118,1.1150233324839751,TRUE,TRUE
2014-01-20,circumpolar,5.822044767,1.172618312298246,1.172618312298246,1.1150233324839751,TRUE,TRUE
2014-01-21,circumpolar,5.711591798,1.1598728563670733,1.1598728563670733,1.1150233324839751,TRUE,TRUE
2014-01-22,circumpolar,5.610412814,1.1528978188374932,1.1528978188374932,1.1150233324839751,TRUE,TRUE
2014-01-23,circumpolar,5.495960775,1.129134102126395,1.129134102126395,1.1150233324839751,TRUE,TRUE
2014-01-24,circumpolar,5.397208997,1.1175429646506592,1.1175429646506592,1.1150233324839751,TRUE,TRUE
2014-01-25,circumpolar,5.284636294,1.0885911628271812,1.0885911628271812,1.1150233324839751,FALSE,FALSE
2014-01-26,circumpolar,5.146168352,1.0301923250728526,1.0301923250728526,1.1150233324839751,FALSE,FALSE
2014-01-27,circumpolar,5.073672241,1.0342129356581091,1.0342129356581091,1.1150233324839751,FALSE,FALSE
2014-01-28,circumpolar,4.951006339,0.9845884450946856,0.9845884450946856,1.1150233324839751,FALSE,FALSE
2014-01-29,circumpolar,4.871090068,0.974347549413794,0.974347549413794,1.1150233324839751,FALSE,FALSE
2014-01-30,circumpolar,4.819787145,0.9894633433779548,0.9894633433779548,1.1150233324839751,FALSE,FALSE
2014-01-31,circumpolar,4.713068768,0.946016402749708,0.946016402749708,1.1150233324839751,FALSE,FALSE
2014-02-01,circumpolar,4.65840576,0.9515869282915704,0.9515869282915704,1.1150233324839751,FALSE,FALSE
2014-02-02,circumpolar,4.610239941,0.960726117766074,0.960726117766074,1.1150233324839751,FALSE,FALSE
2014-02-03,circumpolar,4.486441298,0.8914133359357526,0.8914133359357526,1.1150233324839751,FALSE,FALSE
2014-02-04,circumpolar,4.367613872,0.8243620015631259,0.8243620015631259,1.1150233324839751,FALSE,FALSE
2014-02-05,circumpolar,4.260099483,0.7660233124107201,0.7660233124107201,1.1150233324839751,FALSE,FALSE
2014-02-06,circumpolar,4.191038739,0.7436472542410675,0.7436472542410675,1.1150233324839751,FALSE,FALSE
2014-02-07,circumpolar,4.116812355,0.7137239198166978,0.7137239198166978,1.1150233324839751,FALSE,FALSE
2014-02-08,circumpolar,4.105660059,0.7446015740831902,0.7446015740831902,1.1150233324839751,FALSE,FALSE
2014-02-09,circumpolar,4.073222133,0.7519180285389675,0.7519180285389675,1.1150233324839751,FALSE,FALSE
2014-02-10,circumpolar,4.036275877,0.7522273455310242,0.7522273455310242,1.1150233324839751,FALSE,FALSE
2014-02-11,circumpolar,3.99510439,0.7455632843107689,0.7455632843107689,1.1150233324839751,FALSE,FALSE
2014-02-12,circumpolar,3.907209267,0.6891781001295909,0.6891781001295909,1.1150233324839751,FALSE,FALSE
2014-02-13,circumpolar,3.857731376,0.6679633212388816,0.6679633212388816,1.1150233324839751,FALSE,FALSE
2014-02-14,circumpolar,3.883400691,0.7183995818900475,0.7183995818900475,1.1150233324839751,FALSE,FALSE
2014-02-15,circumpolar,3.8503843,0.7064046303344775,0.7064046303344775,1.1150233324839751,FALSE,FALSE
2014-02-16,circumpolar,3.790355448,0.66340237182356665,0.66340237182356665,1.1150233324839751,FALSE,FALSE
2014-02-17,circumpolar,3.781014695,0.6668440266087217,0.6668440266087217,1.1150233324839751,FALSE,FALSE
2014-02-18,circumpolar,3.745299316,0.6394175299413276,0.6394175299413276,1.1150233324839751,FALSE,FALSE
2014-02-19,circumpolar,3.75369854,0.6513627710727805,0.6513627710727805,1.1150233324839751,FALSE,FALSE
2014-02-20,circumpolar,3.769354717,0.6655727602544874,0.6655727602544874,1.1150233324839751,FALSE,FALSE
2014-02-21,circumpolar,3.792138002,0.6816904465161908,0.6816904465161908,1.1150233324839751,FALSE,FALSE
2014-02-22,circumpolar,3.776000377,0.6537089476974498,0.6537089476974498,1.1150233324839751,FALSE,FALSE
2014-02-23,circumpolar,3.772601842,0.6335079123197165,0.6335079123197165,1.1150233324839751,FALSE,FALSE
2014-02-24,circumpolar,3.806220438,0.6455882568731406,0.6455882568731406,1.1150233324839751,FALSE,FALSE
2014-02-25,circumpolar,3.86051566,0.6738323518478855,0.6738323518478855,1.1150233324839751,FALSE,FALSE
2014-02-26,circumpolar,3.923685153,0.7066607177341022,0.7066607177341022,1.1150233324839751,FALSE,FALSE
2014-02-27,circumpolar,3.945117862,0.6936851750219502,0.6936851750219502,1.1150233324839751,FALSE,FALSE
2014-02-28,circumpolar,4.031126681,0.7414414932015845,0.7414414932015845,1.1150233324839751,FALSE,FALSE
2014-03-01,circumpolar,4.066131654,0.7345725917631638,0.7345725917631638,1.1150233324839751,FALSE,FALSE
2014-03-02,circumpolar,4.139517488,0.7626860531968385,0.7626860531968385,1.1150233324839751,FALSE,FALSE
2014-03-03,circumpolar,4.193218866,0.7679394359927754,0.7679394359927754,1.1150233324839751,FALSE,FALSE
2014-03-04,circumpolar,4.268723179,0.7920430066411255,0.7920430066411255,1.1150233324839751,FALSE,FALSE
2014-03-05,circumpolar,4.350078471,0.8192676783455002,0.8192676783455002,1.1150233324839751,FALSE,FALSE
2014-03-06,circumpolar,4.425828551,0.8383567441553206,0.8383567441553206,1.1150233324839751,FALSE,FALSE
2014-03-07,circumpolar,4.45545661,0.8089167459408211,0.8089167459408211,1.1150233324839751,FALSE,FALSE
2014-03-08,circumpolar,4.621281704,0.9133746233189736,0.9133746233189736,1.1150233324839751,FALSE,FALSE
2014-03-09,circumpolar,4.691951421,0.9204858479067392,0.9204858479067392,1.1150233324839751,FALSE,FALSE
2014-03-10,circumpolar,4.689742118,0.8526346603210913,0.8526346603210913,1.1150233324839751,FALSE,FALSE
2014-03-11,circumpolar,4.720342552,0.8156177011789998,0.8156177011789998,1.1150233324839751,FALSE,FALSE
2014-03-12,circumpolar,4.886710672,0.9125008030974278,0.9125008030974278,1.1150233324839751,FALSE,FALSE
2014-03-13,circumpolar,4.968852096,0.9233974676933432,0.9233974676933432,1.1150233324839751,FALSE,FALSE
2014-03-14,circumpolar,5.04113109,0.922779844583718,0.922779844583718,1.1150233324839751,FALSE,FALSE
2014-03-15,circumpolar,5.067110216,0.8743183793855165,0.8743183793855165,1.1150233324839751,FALSE,FALSE
2014-03-16,circumpolar,5.072166769,0.8034982507157062,0.8034982507157062,1.1150233324839751,FALSE,FALSE
2014-03-17,circumpolar,5.115328171,0.769454764191261,0.769454764191261,1.1150233324839751,FALSE,FALSE
2014-03-18,circumpolar,5.241816303,0.8175163934185958,0.8175163934185958,1.1150233324839751,FALSE,FALSE
2014-03-19,circumpolar,5.312083059,0.8082093822038683,0.8082093822038683,1.1150233324839751,FALSE,FALSE
2014-03-20,circumpolar,5.398903271,0.814349186114133,0.814349186114133,1.1150233324839751,FALSE,FALSE
2014-03-21,circumpolar,5.535084993,0.8687828948298932,0.8687828948298932,1.1150233324839751,FALSE,FALSE
2014-03-22,circumpolar,5.692038714,0.9429600330316844,0.9429600330316844,1.1150233324839751,FALSE,FALSE
2014-03-23,circumpolar,5.774692604,0.9418478064000232,0.9418478064000232,1.1150233324839751,FALSE,FALSE
2014-03-24,circumpolar,5.849834557,0.9322731446154292,0.9322731446154292,1.1150233324839751,FALSE,FALSE
2014-03-25,circumpolar,5.9986022,0.9954127103584298,0.9954127103584298,1.1150233324839751,FALSE,FALSE
2014-03-26,circumpolar,6.15262933,1.0629393363095394,1.0629393363095394,1.1150233324839751,FALSE,FALSE
2014-03-27,circumpolar,6.327715025,1.1506911361492866,1.1506911361492866,1.1150233324839751,TRUE,TRUE
2014-03-28,circumpolar,6.429102164,1.1639500245581915,1.1639500245581915,1.1150233324839751,TRUE,TRUE
2014-03-29,circumpolar,6.481488579,1.1274528692167705,1.1274528692167705,1.1150233324839751,TRUE,TRUE
2014-03-30,circumpolar,6.615522882,1.1718873178055524,1.1718873178055524,1.1150233324839751,TRUE,TRUE
2014-03-31,circumpolar,6.743808,1.2098854794225682,1.2098854794225682,1.1150233324839751,TRUE,TRUE
2014-04-01,circumpolar,6.847376274,1.2224550171565776,1.2224550171565776,1.1150233324839751,TRUE,TRUE
2014-04-02,circumpolar,6.956596463,1.2399217020141702,1.2399217020141702,1.1150233324839751,TRUE,TRUE
2014-04-03,circumpolar,7.101181106,1.291955069865006,1.291955069865006,1.1150233324839751,TRUE,TRUE
2014-04-04,circumpolar,7.225590637,1.3229725515787525,1.3229725515787525,1.1150233324839751,TRUE,TRUE
2014-04-05,circumpolar,7.362259519,1.3653656070250708,1.3653656070250708,1.1150233324839751,TRUE,TRUE
2014-04-06,circumpolar,7.481500136,1.389403617073632,1.389403617073632,1.1150233324839751,TRUE,TRUE
2014-04-07,circumpolar,7.597463035,1.4091941255940856,1.4091941255940856,1.1150233324839751,TRUE,TRUE
2014-04-08,circumpolar,7.750135483,1.464681396456104,1.464681396456104,1.1150233324839751,TRUE,TRUE
2014-04-09,circumpolar,7.870276412,1.4865813585293424,1.4865813585293424,1.1150233324839751,TRUE,TRUE
2014-04-10,circumpolar,7.957635068,1.4746002546834711,1.4746002546834711,1.1150233324839751,TRUE,TRUE
2014-04-11,circumpolar,8.127425651,1.543909281788145,1.543909281788145,1.1150233324839751,TRUE,TRUE
2014-04-12,circumpolar,8.262059337,1.5768772392803827,1.5768772392803827,1.1150233324839751,TRUE,TRUE
2014-04-13,circumpolar,8.410133187,1.6221034671985226,1.6221034671985226,1.1150233324839751,TRUE,TRUE
2014-04-14,circumpolar,8.482002584,1.590019241939137,1.590019241939137,1.1150233324839751,TRUE,TRUE
2014-04-15,circumpolar,8.622344773,1.6253845778093805,1.6253845778093805,1.1150233324839751,TRUE,TRUE
2014-04-16,circumpolar,8.815544303,1.712666793116438,1.712666793116438,1.1150233324839751,TRUE,TRUE
2014-04-17,circumpolar,8.928549957,1.718897440167467,1.718897440167467,1.1150233324839751,TRUE,TRUE
2014-04-18,circumpolar,9.023728638,1.7065261912696323,1.7065261912696323,1.1150233324839751,TRUE,TRUE
2014-04-19,circumpolar,9.134645537,1.709201006730094,1.709201006730094,1.1150233324839751,TRUE,TRUE
2014-04-20,circumpolar,9.232139039,1.6978430408560363,1.6978430408560363,1.1150233324839751,TRUE,TRUE
2014-04-21,circumpolar,9.272703874,1.629029792954606,1.629029792954606,1.1150233324839751,TRUE,TRUE
2014-04-22,circumpolar,9.2892012,1.5357051903329797,1.5357051903329797,1.1150233324839751,TRUE,TRUE
2014-04-23,circumpolar,9.382031389,1.518352374298325,1.518352374298325,1.1150233324839751,TRUE,TRUE
2014-04-24,circumpolar,9.489102444,1.514962117157796,1.514962117157796,1.1150233324839751,TRUE,TRUE
2014-04-25,circumpolar,9.580898335,1.4960976566421351,1.4960976566421351,1.1150233324839751,TRUE,TRUE
2014-04-26,circumpolar,9.68665558,1.4910415223912563,1.4910415223912563,1.1150233324839751,TRUE,TRUE
2014-04-27,circumpolar,9.771968132,1.4654153015347795,1.4654153015347795,1.1150233324839751,TRUE,TRUE
2014-04-28,circumpolar,9.840288464,1.422698907615576,1.422698907615576,1.1150233324839751,TRUE,TRUE
2014-04-29,circumpolar,9.9240487,1.395351905176495,1.395351905176495,1.1150233324839751,TRUE,TRUE
2014-04-30,circumpolar,10.05739672,1.417549614760393,1.417549614760393,1.1150233324839751,TRUE,TRUE
2014-05-01,circumpolar,10.20898052,1.4579674729101306,1.4579674729101306,1.1150233324839751,TRUE,TRUE
2014-05-02,circumpolar,10.36594363,1.503776450168555,1.503776450168555,1.1150233324839751,TRUE,TRUE
2014-05-03,circumpolar,10.59083798,1.6175559170785423,1.6175559170785423,1.1150233324839751,TRUE,TRUE
2014-05-04,circumpolar,10.76407606,1.6797458041829376,1.6797458041829376,1.1150233324839751,TRUE,TRUE
2014-05-05,circumpolar,10.85372396,1.658439642024593,1.658439642024593,1.1150233324839751,TRUE,TRUE
2014-05-06,circumpolar,10.89952524,1.593408431146381,1.593408431146381,1.1150233324839751,TRUE,TRUE
2014-05-07,circumpolar,10.95445314,1.5376528370981557,1.5376528370981557,1.1150233324839751,TRUE,TRUE
2014-05-08,circumpolar,11.06774326,1.5404275266032492,1.5404275266032492,1.1150233324839751,TRUE,TRUE
2014-05-09,circumpolar,11.15636407,1.518697789598086,1.518697789598086,1.1150233324839751,TRUE,TRUE
2014-05-10,circumpolar,11.19902187,1.451163085621003,1.451163085621003,1.1150233324839751,TRUE,TRUE
2014-05-11,circumpolar,11.28092586,1.4230257742103198,1.4230257742103198,1.1150233324839751,TRUE,TRUE
2014-05-12,circumpolar,11.37986765,1.4120706249043715,1.4120706249043715,1.1150233324839751,TRUE,TRUE
2014-05-13,circumpolar,11.50416481,1.4266083672414798,1.4266083672414798,1.1150233324839751,TRUE,TRUE
2014-05-14,circumpolar,11.6236365,1.4364513207599767,1.4364513207599767,1.1150233324839751,TRUE,TRUE
2014-05-15,circumpolar,11.70067644,1.4039863649981896,1.4039863649981896,1.1150233324839751,TRUE,TRUE
2014-05-16,circumpolar,11.76467148,1.3585935094944368,1.3585935094944368,1.1150233324839751,TRUE,TRUE
2014-05-17,circumpolar,11.89112954,1.3757738337870489,1.3757738337870489,1.1150233324839751,TRUE,TRUE
2014-05-18,circumpolar,12.04251372,1.4179835974143753,1.4179835974143753,1.1150233324839751,TRUE,TRUE
2014-05-19,circumpolar,12.23360995,1.5000018899147172,1.5000018899147172,1.1150233324839751,TRUE,TRUE
2014-05-20,circumpolar,12.28479023,1.442195003863885,1.442195003863885,1.1150233324839751,TRUE,TRUE
2014-05-21,circumpolar,12.39831732,1.446840666728736,1.446840666728736,1.1150233324839751,TRUE,TRUE
2014-05-22,circumpolar,12.520579,1.460359689293254,1.460359689293254,1.1150233324839751,TRUE,TRUE
2014-05-23,circumpolar,12.64678158,1.4779920200766217,1.4779920200766217,1.1150233324839751,TRUE,TRUE
2014-05-24,circumpolar,12.69340394,1.416250177598,1.416250177598,1.1150233324839751,TRUE,TRUE
2014-05-25,circumpolar,12.68624509,1.3009668103765826,1.3009668103765826,1.1150233324839751,TRUE,TRUE
2014-05-26,circumpolar,12.72856165,1.2354321769315373,1.2354321769315373,1.1150233324839751,TRUE,TRUE
2014-05-27,circumpolar,12.80741663,1.2067429257820343,1.2067429257820343,1.1150233324839751,TRUE,TRUE
2014-05-28,circumpolar,12.89641213,1.1885347954472518,1.1885347954472518,1.1150233324839751,TRUE,TRUE
2014-05-29,circumpolar,12.97306791,1.1583611844463757,1.1583611844463757,1.1150233324839751,TRUE,TRUE
2014-05-30,circumpolar,13.1348932,1.213764961298576,1.213764961298576,1.1150233324839751,TRUE,TRUE
2014-05-31,circumpolar,13.31763227,1.2905240345230131,1.2905240345230131,1.1150233324839751,TRUE,TRUE
2014-06-01,circumpolar,13.46244722,1.3298341426388909,1.3298341426388909,1.1150233324839751,TRUE,TRUE
2014-06-02,circumpolar,13.53618591,1.298565672196414,1.298565672196414,1.1150233324839751,TRUE,TRUE
2014-06-03,circumpolar,13.64081516,1.2986586740509232,1.2986586740509232,1.1150233324839751,TRUE,TRUE
2014-06-04,circumpolar,13.6880209,1.2417586438466035,1.2417586438466035,1.1150233324839751,TRUE,TRUE
2014-06-05,circumpolar,13.78517565,1.2351976667215112,1.2351976667215112,1.1150233324839751,TRUE,TRUE
2014-06-06,circumpolar,13.92324813,1.2699040278136824,1.2699040278136824,1.1150233324839751,TRUE,TRUE
2014-06-07,circumpolar,14.05888835,1.3024873022611434,1.3024873022611434,1.1150233324839751,TRUE,TRUE
2014-06-08,circumpolar,14.11443905,1.2552497952019284,1.2552497952019284,1.1150233324839751,TRUE,TRUE
2014-06-09,circumpolar,14.14678902,1.1850398617740705,1.1850398617740705,1.1150233324839751,TRUE,TRUE
2014-06-10,circumpolar,14.24328237,1.1791611771155974,1.1791611771155974,1.1150233324839751,TRUE,TRUE
2014-06-11,circumpolar,14.40704789,1.240702096364565,1.240702096364565,1.1150233324839751,TRUE,TRUE
2014-06-12,circumpolar,14.49741287,1.228949474658986,1.228949474658986,1.1150233324839751,TRUE,TRUE
2014-06-13,circumpolar,14.58284091,1.2123264771368945,1.2123264771368945,1.1150233324839751,TRUE,TRUE
2014-06-14,circumpolar,14.69077951,1.218241999356758,1.218241999356758,1.1150233324839751,TRUE,TRUE
2014-06-15,circumpolar,14.86519413,1.290703589401005,1.290703589401005,1.1150233324839751,TRUE,TRUE
2014-06-16,circumpolar,15.01739523,1.3411744938439938,1.3411744938439938,1.1150233324839751,TRUE,TRUE
2014-06-17,circumpolar,15.15302839,1.3754610995546095,1.3754610995546095,1.1150233324839751,TRUE,TRUE
2014-06-18,circumpolar,15.32325063,1.4448812334017127,1.4448812334017127,1.1150233324839751,TRUE,TRUE
2014-06-19,circumpolar,15.38323125,1.404765002254189,1.404765002254189,1.1150233324839751,TRUE,TRUE
2014-06-20,circumpolar,15.5019626,1.4242655629809082,1.4242655629809082,1.1150233324839751,TRUE,TRUE
2014-06-21,circumpolar,15.67925476,1.503353802450743,1.503353802450743,1.1150233324839751,TRUE,TRUE
2014-06-22,circumpolar,15.79358361,1.5206664075325556,1.5206664075325556,1.1150233324839751,TRUE,TRUE
2014-06-23,circumpolar,15.85389926,1.4853142950952307,1.4853142950952307,1.1150233324839751,TRUE,TRUE
2014-06-24,circumpolar,15.94004268,1.4772992420076427,1.4772992420076427,1.1150233324839751,TRUE,TRUE
2014-06-25,circumpolar,16.06480003,1.5095682151386534,1.5095682151386534,1.1150233324839751,TRUE,TRUE
2014-06-26,circumpolar,16.15633436,1.510445071357147,1.510445071357147,1.1150233324839751,TRUE,TRUE
2014-06-27,circumpolar,16.24508132,1.510498242845692,1.510498242845692,1.1150233324839751,TRUE,TRUE
2014-06-28,circumpolar,16.31184604,1.49045387309633,1.49045387309633,1.1150233324839751,TRUE,TRUE
2014-06-29,circumpolar,16.43133312,1.52484081016215,1.52484081016215,1.1150233324839751,TRUE,TRUE
2014-06-30,circumpolar,16.58432572,1.5942659645756727,1.5942659645756727,1.1150233324839751,TRUE,TRUE
2014-07-01,circumpolar,16.6993363,1.6270655468694653,1.6270655468694653,1.1150233324839751,TRUE,TRUE
2014-07-02,circumpolar,16.77389517,1.6205936175760662,1.6205936175760662,1.1150233324839751,TRUE,TRUE
2014-07-03,circumpolar,16.78072905,1.5474006472280395,1.5474006472280395,1.1150233324839751,TRUE,TRUE
2014-07-04,circumpolar,16.79830455,1.4857769963579184,1.4857769963579184,1.1150233324839751,TRUE,TRUE
2014-07-05,circumpolar,16.79105299,1.399977735498256,1.399977735498256,1.1150233324839751,TRUE,TRUE
2014-07-06,circumpolar,16.79375673,1.3246089751815957,1.3246089751815957,1.1150233324839751,TRUE,TRUE
2014-07-07,circumpolar,16.8220998,1.275178495940498,1.275178495940498,1.1150233324839751,TRUE,TRUE
2014-07-08,circumpolar,16.80101793,1.1764457783075013,1.1764457783075013,1.1150233324839751,TRUE,TRUE
2014-07-09,circumpolar,16.78873094,1.0864548058090424,1.0864548058090424,1.1150233324839751,FALSE,FALSE
2014-07-10,circumpolar,16.76626172,0.9861329573705112,0.9861329573705112,1.1150233324839751,FALSE,FALSE
2014-07-11,circumpolar,16.81155896,0.9535092020004576,0.9535092020004576,1.1150233324839751,FALSE,FALSE
2014-07-12,circumpolar,16.94336703,1.0074314521176344,1.0074314521176344,1.1150233324839751,FALSE,FALSE
2014-07-13,circumpolar,16.9855118,0.9718291201408604,0.9718291201408604,1.1150233324839751,FALSE,FALSE
2014-07-14,circumpolar,16.99965894,0.908471418488908,0.908471418488908,1.1150233324839751,FALSE,FALSE
2014-07-15,circumpolar,17.02530993,0.8569633695805834,0.8569633695805834,1.1150233324839751,FALSE,FALSE
2014-07-16,circumpolar,17.11466806,0.8696118058346656,0.8696118058346656,1.1150233324839751,FALSE,FALSE
2014-07-17,circumpolar,17.21958365,0.8983705896699412,0.8983705896699412,1.1150233324839751,FALSE,FALSE
2014-07-18,circumpolar,17.41201495,1.015301513505232,1.015301513505232,1.1150233324839751,FALSE,FALSE
2014-07-19,circumpolar,17.5309846,1.0595307597592942,1.0595307597592942,1.1150233324839751,FALSE,FALSE
2014-07-20,circumpolar,17.70927482,1.1639440908509364,1.1639440908509364,1.1150233324839751,TRUE,TRUE
2014-07-21,circumpolar,17.80827741,1.1900368491989397,1.1900368491989397,1.1150233324839751,TRUE,TRUE
2014-07-22,circumpolar,17.85580647,1.1657237952804849,1.1657237952804849,1.1150233324839751,TRUE,TRUE
2014-07-23,circumpolar,17.95730299,1.1965068021563925,1.1965068021563925,1.1150233324839751,TRUE,TRUE
2014-07-24,circumpolar,18.12078886,1.2904396475501834,1.2904396475501834,1.1150233324839751,TRUE,TRUE
2014-07-25,circumpolar,18.20045777,1.3017472514582664,1.3017472514582664,1.1150233324839751,TRUE,TRUE
2014-07-26,circumpolar,18.2366732,1.2708243238770898,1.2708243238770898,1.1150233324839751,TRUE,TRUE
2014-07-27,circumpolar,18.22489509,1.193162034803077,1.193162034803077,1.1150233324839751,TRUE,TRUE
2014-07-28,circumpolar,18.31481799,1.2184861642326474,1.2184861642326474,1.1150233324839751,TRUE,TRUE
2014-07-29,circumpolar,18.35903908,1.1994251221622356,1.1994251221622356,1.1150233324839751,TRUE,TRUE
2014-07-30,circumpolar,18.46355957,1.242011348588285,1.242011348588285,1.1150233324839751,TRUE,TRUE
2014-07-31,circumpolar,18.49605606,1.213952673507194,1.213952673507194,1.1150233324839751,TRUE,TRUE
2014-08-01,circumpolar,18.56411487,1.2228666469153922,1.2228666469153922,1.1150233324839751,TRUE,TRUE
2014-08-02,circumpolar,18.63601283,1.2370613288093324,1.2370613288093324,1.1150233324839751,TRUE,TRUE
2014-08-03,circumpolar,18.75185231,1.2966703186227662,1.2966703186227662,1.1150233324839751,TRUE,TRUE
2014-08-04,circumpolar,18.84594638,1.3360227259379016,1.3360227259379016,1.1150233324839751,TRUE,TRUE
2014-08-05,circumpolar,18.89752752,1.3343122746749143,1.3343122746749143,1.1150233324839751,TRUE,TRUE
2014-08-06,circumpolar,18.85170683,1.236598957012237,1.236598957012237,1.1150233324839751,TRUE,TRUE
2014-08-07,circumpolar,18.97923163,1.3135789851282773,1.3135789851282773,1.1150233324839751,TRUE,TRUE
2014-08-08,circumpolar,19.06989513,1.3549944612014322,1.3549944612014322,1.1150233324839751,TRUE,TRUE
2014-08-09,circumpolar,19.03276498,1.2698619274101297,1.2698619274101297,1.1150233324839751,TRUE,TRUE
2014-08-10,circumpolar,19.08541682,1.275705915932761,1.275705915932761,1.1150233324839751,TRUE,TRUE
2014-08-11,circumpolar,19.18867202,1.3332966889477476,1.3332966889477476,1.1150233324839751,TRUE,TRUE
2014-08-12,circumpolar,19.19756385,1.2976164086334947,1.2976164086334947,1.1150233324839751,TRUE,TRUE
2014-08-13,circumpolar,19.22414649,1.2806681471684236,1.2806681471684236,1.1150233324839751,TRUE,TRUE
2014-08-14,circumpolar,19.28383953,1.2978203867309404,1.2978203867309404,1.1150233324839751,TRUE,TRUE
2014-08-15,circumpolar,19.26579969,1.2381787394994426,1.2381787394994426,1.1150233324839751,TRUE,TRUE
2014-08-16,circumpolar,19.22341612,1.1550821262226485,1.1550821262226485,1.1150233324839751,TRUE,TRUE
2014-08-17,circumpolar,19.21815082,1.109968430822164,1.109968430822164,1.1150233324839751,FALSE,FALSE
2014-08-18,circumpolar,19.24283358,1.0956732158053768,1.0956732158053768,1.1150233324839751,FALSE,FALSE
2014-08-19,circumpolar,19.3020293,1.1167687916514382,1.1167687916514382,1.1150233324839751,TRUE,TRUE
2014-08-20,circumpolar,19.3475986,1.1251231888395203,1.1251231888395203,1.1150233324839751,TRUE,TRUE
2014-08-21,circumpolar,19.40080146,1.1420037978487905,1.1420037978487905,1.1150233324839751,TRUE,TRUE
2014-08-22,circumpolar,19.52557379,1.2313539391584136,1.2313539391584136,1.1150233324839751,TRUE,TRUE
2014-08-23,circumpolar,19.49564201,1.1669074432475457,1.1669074432475457,1.1150233324839751,TRUE,TRUE
2014-08-24,circumpolar,19.42815696,1.0658225605953469,1.0658225605953469,1.1150233324839751,FALSE,FALSE
2014-08-25,circumpolar,19.34492292,0.949910981680997,0.949910981680997,1.1150233324839751,FALSE,FALSE
2014-08-26,circumpolar,19.33952936,0.912769586983643,0.912769586983643,1.1150233324839751,FALSE,FALSE
2014-08-27,circumpolar,19.47368739,1.0161168969824494,1.0161168969824494,1.1150233324839751,FALSE,FALSE
2014-08-28,circumpolar,19.56368725,1.076250562156595,1.076250562156595,1.1150233324839751,FALSE,FALSE
2014-08-29,circumpolar,19.64172481,1.1253747725219938,1.1253747725219938,1.1150233324839751,TRUE,FALSE
2014-08-30,circumpolar,19.64172439,1.0974276959827731,1.0974276959827731,1.1150233324839751,FALSE,FALSE
2014-08-31,circumpolar,19.65520604,1.0839453074466263,1.0839453074466263,1.1150233324839751,FALSE,FALSE
2014-09-01,circumpolar,19.58430626,0.9870800355467716,0.9870800355467716,1.1150233324839751,FALSE,FALSE
2014-09-02,circumpolar,19.56424107,0.9420638289163854,0.9420638289163854,1.1150233324839751,FALSE,FALSE
2014-09-03,circumpolar,19.58667214,0.9405742861886814,0.9405742861886814,1.1150233324839751,FALSE,FALSE
2014-09-04,circumpolar,19.6359075,0.9669353659968536,0.9669353659968536,1.1150233324839751,FALSE,FALSE
2014-09-05,circumpolar,19.69319926,1.0024151069740803,1.0024151069740803,1.1150233324839751,FALSE,FALSE
2014-09-06,circumpolar,19.79095185,1.0794338677535968,1.0794338677535968,1.1150233324839751,FALSE,FALSE
2014-09-07,circumpolar,19.74935821,1.0182005169685624,1.0182005169685624,1.1150233324839751,FALSE,FALSE
2014-09-08,circumpolar,19.75547811,1.0057907532521853,1.0057907532521853,1.1150233324839751,FALSE,FALSE
2014-09-09,circumpolar,19.84983204,1.0827409952376676,1.0827409952376676,1.1150233324839751,FALSE,FALSE
2014-09-10,circumpolar,19.99676099,1.2134081854400698,1.2134081854400698,1.1150233324839751,TRUE,TRUE
2014-09-11,circumpolar,20.06950083,1.2710464135186648,1.2710464135186648,1.1150233324839751,TRUE,TRUE
2014-09-12,circumpolar,20.24379133,1.4314177717752052,1.4314177717752052,1.1150233324839751,TRUE,TRUE
2014-09-13,circumpolar,20.31032659,1.4852391144839494,1.4852391144839494,1.1150233324839751,TRUE,TRUE
2014-09-14,circumpolar,20.33443001,1.4978565959191317,1.4978565959191317,1.1150233324839751,TRUE,TRUE
2014-09-15,circumpolar,20.41610105,1.569292430354981,1.569292430354981,1.1150233324839751,TRUE,TRUE
2014-09-16,circumpolar,20.46017886,1.60440852206575,1.60440852206575,1.1150233324839751,TRUE,TRUE
2014-09-17,circumpolar,20.51134383,1.6479080153256902,1.6479080153256902,1.1150233324839751,TRUE,TRUE
2014-09-18,circumpolar,20.55797057,1.6881882744090184,1.6881882744090184,1.1150233324839751,TRUE,TRUE
2014-09-19,circumpolar,20.58263871,1.707851683590004,1.707851683590004,1.1150233324839751,TRUE,TRUE
2014-09-20,circumpolar,20.57431959,1.6958923371428547,1.6958923371428547,1.1150233324839751,TRUE,TRUE
2014-09-21,circumpolar,20.46530933,1.5846291093418363,1.5846291093418363,1.1150233324839751,TRUE,TRUE
2014-09-22,circumpolar,20.43280712,1.5512839444611934,1.5512839444611934,1.1150233324839751,TRUE,TRUE
2014-09-23,circumpolar,20.37671807,1.4957839260284589,1.4957839260284589,1.1150233324839751,TRUE,TRUE
2014-09-24,circumpolar,20.32700662,1.448107108799487,1.448107108799487,1.1150233324839751,TRUE,TRUE
2014-09-25,circumpolar,20.2760006,1.400589866970705,1.400589866970705,1.1150233324839751,TRUE,TRUE
2014-09-26,circumpolar,20.37138555,1.5009262135930328,1.5009262135930328,1.1150233324839751,TRUE,TRUE
2014-09-27,circumpolar,20.40522582,1.54118897171735,1.54118897171735,1.1150233324839751,TRUE,TRUE
2014-09-28,circumpolar,20.34584964,1.4897148443945696,1.4897148443945696,1.1150233324839751,TRUE,TRUE
2014-09-29,circumpolar,20.25083234,1.4040876346755589,1.4040876346755589,1.1150233324839751,TRUE,TRUE
2014-09-30,circumpolar,20.20545647,1.369598365611239,1.369598365611239,1.1150233324839751,TRUE,TRUE
2014-10-01,circumpolar,20.05012317,1.2266566502525045,1.2266566502525045,1.1150233324839751,TRUE,TRUE
2014-10-02,circumpolar,19.91669988,1.1071384016502464,1.1071384016502464,1.1150233324839751,FALSE,FALSE
2014-10-03,circumpolar,19.8339237,1.0397891928553695,1.0397891928553695,1.1150233324839751,FALSE,FALSE
2014-10-04,circumpolar,19.82823093,1.0510537969187688,1.0510537969187688,1.1150233324839751,FALSE,FALSE
2014-10-05,circumpolar,19.84083242,1.0821515396025276,1.0821515396025276,1.1150233324839751,FALSE,FALSE
2014-10-06,circumpolar,19.83846055,1.0998265562124736,1.0998265562124736,1.1150233324839751,FALSE,FALSE
2014-10-07,circumpolar,19.74611061,1.0290955389939214,1.0290955389939214,1.1150233324839751,FALSE,FALSE
2014-10-08,circumpolar,19.65986994,0.9660689950807536,0.9660689950807536,1.1150233324839751,FALSE,FALSE
2014-10-09,circumpolar,19.62474645,0.955778001606852,0.955778001606852,1.1150233324839751,FALSE,FALSE
2014-10-10,circumpolar,19.56064716,0.9181527457061164,0.9181527457061164,1.1150233324839751,FALSE,FALSE
2014-10-11,circumpolar,19.48209137,0.8677356945124188,0.8677356945124188,1.1150233324839751,FALSE,FALSE
2014-10-12,circumpolar,19.41442127,0.82989220515962,0.82989220515962,1.1150233324839751,FALSE,FALSE
2014-10-13,circumpolar,19.35380159,0.8008101747816561,0.8008101747816561,1.1150233324839751,FALSE,FALSE
2014-10-14,circumpolar,19.2806248,0.7609052405123613,0.7609052405123613,1.1150233324839751,FALSE,FALSE
2014-10-15,circumpolar,19.23727095,0.7525806194856557,0.7525806194856557,1.1150233324839751,FALSE,FALSE
2014-10-16,circumpolar,19.17218437,0.7243038088354048,0.7243038088354048,1.1150233324839751,FALSE,FALSE
2014-10-17,circumpolar,19.11502807,0.7057609856954912,0.7057609856954912,1.1150233324839751,FALSE,FALSE
2014-10-18,circumpolar,19.06820468,0.6993775742753527,0.6993775742753527,1.1150233324839751,FALSE,FALSE
2014-10-19,circumpolar,19.06091091,0.7343651579793686,0.7343651579793686,1.1150233324839751,FALSE,FALSE
2014-10-20,circumpolar,18.9963888,0.7139730778012598,0.7139730778012598,1.1150233324839751,FALSE,FALSE
2014-10-21,circumpolar,18.974899,0.7384689815333374,0.7384689815333374,1.1150233324839751,FALSE,FALSE
2014-10-22,circumpolar,18.97761435,0.7890327069678875,0.7890327069678875,1.1150233324839751,FALSE,FALSE
2014-10-23,circumpolar,19.02164423,0.8827806318972193,0.8827806318972193,1.1150233324839751,FALSE,FALSE
2014-10-24,circumpolar,18.94885683,0.8615879441136514,0.8615879441136514,1.1150233324839751,FALSE,FALSE
2014-10-25,circumpolar,18.91999084,0.8862003314094693,0.8862003314094693,1.1150233324839751,FALSE,FALSE
2014-10-26,circumpolar,18.95505914,0.9766376715769808,0.9766376715769808,1.1150233324839751,FALSE,FALSE
2014-10-27,circumpolar,18.95143866,1.0302838924085087,1.0302838924085087,1.1150233324839751,FALSE,FALSE
2014-10-28,circumpolar,18.87133941,1.009356001696336,1.009356001696336,1.1150233324839751,FALSE,FALSE
2014-10-29,circumpolar,18.72388901,0.922988617232768,0.922988617232768,1.1150233324839751,FALSE,FALSE
2014-10-30,circumpolar,18.65773473,0.9198360068101225,0.9198360068101225,1.1150233324839751,FALSE,FALSE
2014-10-31,circumpolar,18.53410897,0.8611602264965299,0.8611602264965299,1.1150233324839751,FALSE,FALSE
2014-11-01,circumpolar,18.37027633,0.764367061313898,0.764367061313898,1.1150233324839751,FALSE,FALSE
2014-11-02,circumpolar,18.26848452,0.7318796636448219,0.7318796636448219,1.1150233324839751,FALSE,FALSE
2014-11-03,circumpolar,18.15884126,0.6939812050811689,0.6939812050811689,1.1150233324839751,FALSE,FALSE
2014-11-04,circumpolar,18.08897608,0.6984766672148304,0.6984766672148304,1.1150233324839751,FALSE,FALSE
2014-11-05,circumpolar,17.98542048,0.6720730016376777,0.6720730016376777,1.1150233324839751,FALSE,FALSE
2014-11-06,circumpolar,17.90894281,0.6757140099415864,0.6757140099415864,1.1150233324839751,FALSE,FALSE
2014-11-07,circumpolar,17.84941491,0.6994469837184276,0.6994469837184276,1.1150233324839751,FALSE,FALSE
2014-11-08,circumpolar,17.7610691,0.6976796945600938,0.6976796945600938,1.1150233324839751,FALSE,FALSE
2014-11-09,circumpolar,17.58430125,0.6109834640584388,0.6109834640584388,1.1150233324839751,FALSE,FALSE
2014-11-10,circumpolar,17.40482656,0.5252489438053658,0.5252489438053658,1.1150233324839751,FALSE,FALSE
2014-11-11,circumpolar,17.26544724,0.4834537953927338,0.4834537953927338,1.1150233324839751,FALSE,FALSE
2014-11-12,circumpolar,17.16191401,0.4815228886367109,0.4815228886367109,1.1150233324839751,FALSE,FALSE
2014-11-13,circumpolar,17.04054158,0.4658730704223011,0.4658730704223011,1.1150233324839751,FALSE,FALSE
2014-11-14,circumpolar,16.88422806,0.4193963371726426,0.4193963371726426,1.1150233324839751,FALSE,FALSE
2014-11-15,circumpolar,16.77151893,0.4206231264311704,0.4206231264311704,1.1150233324839751,FALSE,FALSE
2014-11-16,circumpolar,16.59156389,0.3586880957413534,0.3586880957413534,1.1150233324839751,FALSE,FALSE
2014-11-17,circumpolar,16.41606519,0.30527845264663256,0.30527845264663256,1.1150233324839751,FALSE,FALSE
2014-11-18,circumpolar,16.34436273,0.35971905469044785,0.35971905469044785,1.1150233324839751,FALSE,FALSE
2014-11-19,circumpolar,16.23567661,0.38121495941626016,0.38121495941626016,1.1150233324839751,FALSE,FALSE
2014-11-20,circumpolar,16.15076146,0.43050575436752503,0.43050575436752503,1.1150233324839751,FALSE,FALSE
2014-11-21,circumpolar,16.07682344,0.4947825570876816,0.4947825570876816,1.1150233324839751,FALSE,FALSE
2014-11-22,circumpolar,15.97361602,0.5337837951201916,0.5337837951201916,1.1150233324839751,FALSE,FALSE
2014-11-23,circumpolar,15.82024496,0.5266001860084888,0.5266001860084888,1.1150233324839751,FALSE,FALSE
2014-11-24,circumpolar,15.68970348,0.5462099072960385,0.5462099072960385,1.1150233324839751,FALSE,FALSE
2014-11-25,circumpolar,15.58454343,0.5951572737201953,0.5951572737201953,1.1150233324839751,FALSE,FALSE
2014-11-26,circumpolar,15.42569702,0.5944304546066981,0.5944304546066981,1.1150233324839751,FALSE,FALSE
2014-11-27,circumpolar,15.24026658,0.5712196660063924,0.5712196660063924,1.1150233324839751,FALSE,FALSE
2014-11-28,circumpolar,15.14345292,0.6408138457965578,0.6408138457965578,1.1150233324839751,FALSE,FALSE
2014-11-29,circumpolar,14.98358589,0.651630971854452,0.651630971854452,1.1150233324839751,FALSE,FALSE
2014-11-30,circumpolar,14.834220029999999,0.6773137120573391,0.6773137120573391,1.1150233324839751,FALSE,FALSE
2014-12-01,circumpolar,14.70302316,0.7256180142824871,0.7256180142824871,1.1150233324839751,FALSE,FALSE
2014-12-02,circumpolar,14.56058642,0.7672231464071579,0.7672231464071579,1.1150233324839751,FALSE,FALSE
2014-12-03,circumpolar,14.41597859,0.8112860163086104,0.8112860163086104,1.1150233324839751,FALSE,FALSE
2014-12-04,circumpolar,14.30978312,0.8984782018641191,0.8984782018641191,1.1150233324839751,FALSE,FALSE
2014-12-05,circumpolar,14.22841194,1.0152997609509402,1.0152997609509402,1.1150233324839751,FALSE,FALSE
2014-12-06,circumpolar,14.06589557,1.0558693414463374,1.0558693414463374,1.1150233324839751,FALSE,FALSE
2014-12-07,circumpolar,13.88306446,1.0811050269069948,1.0811050269069948,1.1150233324839751,FALSE,FALSE
2014-12-08,circumpolar,13.72163435,1.1326567379614083,1.1326567379614083,1.1150233324839751,TRUE,TRUE
2014-12-09,circumpolar,13.49819167,1.1266750131199306,1.1266750131199306,1.1150233324839751,TRUE,TRUE
2014-12-10,circumpolar,13.3452698,1.1952026729906642,1.1952026729906642,1.1150233324839751,TRUE,TRUE
2014-12-11,circumpolar,13.21891699,1.2937974081817083,1.2937974081817083,1.1150233324839751,TRUE,TRUE
2014-12-12,circumpolar,13.0756148,1.3784502193011576,1.3784502193011576,1.1150233324839751,TRUE,TRUE
2014-12-13,circumpolar,12.92939126,1.4626985769571146,1.4626985769571146,1.1150233324839751,TRUE,TRUE
2014-12-14,circumpolar,12.73265132,1.4984568717576805,1.4984568717576805,1.1150233324839751,TRUE,TRUE
2014-12-15,circumpolar,12.55746371,1.55730327431095,1.55730327431095,1.1150233324839751,TRUE,TRUE
2014-12-16,circumpolar,12.39975366,1.6346724552250382,1.6346724552250382,1.1150233324839751,TRUE,TRUE
2014-12-17,circumpolar,12.17287672,1.6434294051080285,1.6434294051080285,1.1150233324839751,TRUE,TRUE
2014-12-18,circumpolar,11.97059594,1.6768466145680243,1.6768466145680243,1.1150233324839751,TRUE,TRUE
2014-12-19,circumpolar,11.76312397,1.7046461742131278,1.7046461742131278,1.1150233324839751,TRUE,TRUE
2014-12-20,circumpolar,11.56565176,1.741530057692433,1.741530057692433,1.1150233324839751,TRUE,TRUE
2014-12-21,circumpolar,11.28016845,1.6890234595846143,1.6890234595846143,1.1150233324839751,TRUE,TRUE
2014-12-22,circumpolar,11.02654502,1.6665533946819284,1.6665533946819284,1.1150233324839751,TRUE,TRUE
2014-12-23,circumpolar,10.91065819,1.779553174563695,1.779553174563695,1.1150233324839751,TRUE,TRUE
2014-12-24,circumpolar,10.73175713,1.8268285608092203,1.8268285608092203,1.1150233324839751,TRUE,TRUE
2014-12-25,circumpolar,10.53276973,1.8508640349978407,1.8508640349978407,1.1150233324839751,TRUE,TRUE
2014-12-26,circumpolar,10.37107997,1.9086001687088496,1.9086001687088496,1.1150233324839751,TRUE,TRUE
2014-12-27,circumpolar,10.21853059,1.971436293521597,1.971436293521597,1.1150233324839751,TRUE,TRUE
2014-12-28,circumpolar,10.06607509,2.0298825010153703,2.0298825010153703,1.1150233324839751,TRUE,TRUE
2014-12-29,circumpolar,9.976261008,2.146042920769519,2.146042920769519,1.1150233324839751,TRUE,TRUE
2014-12-30,circumpolar,9.847737295,2.218123095363337,2.218123095363337,1.1150233324839751,TRUE,TRUE
2014-12-31,circumpolar,9.783365864,2.34854152937614,2.34854152937614,1.1150233324839751,TRUE,TRUE
2015-01-01,circumpolar,9.623403145,2.377111244387266,2.377111244387266,1.1150233324839751,TRUE,TRUE
2015-01-02,circumpolar,9.501831281,2.4374883984307285,2.4374883984307285,1.1150233324839751,TRUE,TRUE
2015-01-03,circumpolar,9.342327325,2.4534937533593872,2.4534937533593872,1.1150233324839751,TRUE,TRUE
2015-01-04,circumpolar,9.183380224,2.46387738848082,2.46387738848082,1.1150233324839751,TRUE,TRUE
2015-01-05,circumpolar,9.091197048,2.535107506102613,2.535107506102613,1.1150233324839751,TRUE,TRUE
2015-01-06,circumpolar,8.925874553,2.527541994532319,2.527541994532319,1.1150233324839751,TRUE,TRUE
2015-01-07,circumpolar,8.712409948,2.466439195077509,2.466439195077509,1.1150233324839751,TRUE,TRUE
2015-01-08,circumpolar,8.573972279,2.4752292860457707,2.4752292860457707,1.1150233324839751,TRUE,TRUE
2015-01-09,circumpolar,8.3801349,2.42374675374466,2.42374675374466,1.1150233324839751,TRUE,TRUE
2015-01-10,circumpolar,8.245186671,2.426541590481767,2.426541590481767,1.1150233324839751,TRUE,TRUE
2015-01-11,circumpolar,8.087463123,2.40221045956464,2.40221045956464,1.1150233324839751,TRUE,TRUE
2015-01-12,circumpolar,7.91922255,2.363272787300869,2.363272787300869,1.1150233324839751,TRUE,TRUE
2015-01-13,circumpolar,7.787665669,2.35719042299802,2.35719042299802,1.1150233324839751,TRUE,TRUE
2015-01-14,circumpolar,7.625483352,2.316912144972914,2.316912144972914,1.1150233324839751,TRUE,TRUE
2015-01-15,circumpolar,7.488663827,2.29856832338686,2.29856832338686,1.1150233324839751,TRUE,TRUE
2015-01-16,circumpolar,7.316423978,2.241372956701066,2.241372956701066,1.1150233324839751,TRUE,TRUE
2015-01-17,circumpolar,7.068193204,2.1047433863324168,2.1047433863324168,1.1150233324839751,TRUE,TRUE
2015-01-18,circumpolar,6.760498471,1.9051945206978047,1.9051945206978047,1.1150233324839751,TRUE,TRUE
2015-01-19,circumpolar,6.584743206,1.8341177292141175,1.8341177292141175,1.1150233324839751,TRUE,TRUE
2015-01-20,circumpolar,6.395007936,1.7455814812982453,1.7455814812982453,1.1150233324839751,TRUE,TRUE
2015-01-21,circumpolar,6.100871375,1.5491524333670732,1.5491524333670732,1.1150233324839751,TRUE,TRUE
2015-01-22,circumpolar,5.86308413,1.405569134837493,1.405569134837493,1.1150233324839751,TRUE,TRUE
2015-01-23,circumpolar,5.65860689,1.2917802171263943,1.2917802171263943,1.1150233324839751,TRUE,TRUE
2015-01-24,circumpolar,5.421605812,1.1419397796506594,1.1419397796506594,1.1150233324839751,TRUE,TRUE
2015-01-25,circumpolar,5.35561388,1.1595687488271809,1.1595687488271809,1.1150233324839751,TRUE,TRUE
2015-01-26,circumpolar,5.263681174,1.1477051470728528,1.1477051470728528,1.1150233324839751,TRUE,TRUE
2015-01-27,circumpolar,5.142264793,1.1028054876581097,1.1028054876581097,1.1150233324839751,FALSE,FALSE
2015-01-28,circumpolar,5.068418984,1.1020010900946855,1.1020010900946855,1.1150233324839751,FALSE,FALSE
2015-01-29,circumpolar,4.979457513,1.0827149944137937,1.0827149944137937,1.1150233324839751,FALSE,FALSE
2015-01-30,circumpolar,4.97180858,1.1414847783779547,1.1414847783779547,1.1150233324839751,TRUE,FALSE
2015-01-31,circumpolar,4.934017411,1.1669650457497078,1.1669650457497078,1.1150233324839751,TRUE,FALSE
2015-02-01,circumpolar,4.809336118,1.1025172862915706,1.1025172862915706,1.1150233324839751,FALSE,FALSE
2015-02-02,circumpolar,4.673356853,1.023843029766074,1.023843029766074,1.1150233324839751,FALSE,FALSE
2015-02-03,circumpolar,4.503220917,0.9081929549357528,0.9081929549357528,1.1150233324839751,FALSE,FALSE
2015-02-04,circumpolar,4.36988483,0.8266329595631263,0.8266329595631263,1.1150233324839751,FALSE,FALSE
2015-02-05,circumpolar,4.280508855,0.7864326844107197,0.7864326844107197,1.1150233324839751,FALSE,FALSE
2015-02-06,circumpolar,4.173164969,0.7257734842410679,0.7257734842410679,1.1150233324839751,FALSE,FALSE
2015-02-07,circumpolar,4.11667814,0.7135897048166977,0.7135897048166977,1.1150233324839751,FALSE,FALSE
2015-02-08,circumpolar,4.076725639,0.7156671540831905,0.7156671540831905,1.1150233324839751,FALSE,FALSE
2015-02-09,circumpolar,3.989147966,0.6678438615389677,0.6678438615389677,1.1150233324839751,FALSE,FALSE
2015-02-10,circumpolar,3.935022846,0.6509743145310245,0.6509743145310245,1.1150233324839751,FALSE,FALSE
2015-02-11,circumpolar,3.896635876,0.647094770310769,0.647094770310769,1.1150233324839751,FALSE,FALSE
2015-02-12,circumpolar,3.86981874,0.651787573129591,0.651787573129591,1.1150233324839751,FALSE,FALSE
2015-02-13,circumpolar,3.88747646,0.6977084052388816,0.6977084052388816,1.1150233324839751,FALSE,FALSE
2015-02-14,circumpolar,3.892152368,0.7271512588900477,0.7271512588900477,1.1150233324839751,FALSE,FALSE
2015-02-15,circumpolar,3.879570141,0.7355904713344774,0.7355904713344774,1.1150233324839751,FALSE,FALSE
2015-02-16,circumpolar,3.872203651,0.7452505748235665,0.7452505748235665,1.1150233324839751,FALSE,FALSE
2015-02-17,circumpolar,3.850219123,0.7360484546087216,0.7360484546087216,1.1150233324839751,FALSE,FALSE
2015-02-18,circumpolar,3.853414156,0.7475323699413274,0.7475323699413274,1.1150233324839751,FALSE,FALSE
2015-02-19,circumpolar,3.850037085,0.7477013160727806,0.7477013160727806,1.1150233324839751,FALSE,FALSE
2015-02-20,circumpolar,3.851027954,0.7472459972544874,0.7472459972544874,1.1150233324839751,FALSE,FALSE
2015-02-21,circumpolar,3.876818388,0.7663708325161904,0.7663708325161904,1.1150233324839751,FALSE,FALSE
2015-02-22,circumpolar,3.893281712,0.7709902826974497,0.7709902826974497,1.1150233324839751,FALSE,FALSE
2015-02-23,circumpolar,3.893310343,0.7542164133197167,0.7542164133197167,1.1150233324839751,FALSE,FALSE
2015-02-24,circumpolar,3.896059649,0.7354274678731407,0.7354274678731407,1.1150233324839751,FALSE,FALSE
2015-02-25,circumpolar,3.89035351,0.7036702018478858,0.7036702018478858,1.1150233324839751,FALSE,FALSE
2015-02-26,circumpolar,3.942414737,0.7253903017341021,0.7253903017341021,1.1150233324839751,FALSE,FALSE
2015-02-27,circumpolar,3.980262955,0.7288302680219503,0.7288302680219503,1.1150233324839751,FALSE,FALSE
2015-02-28,circumpolar,3.997901894,0.7082167062015845,0.7082167062015845,1.1150233324839751,FALSE,FALSE
2015-03-01,circumpolar,4.004374054,0.6728149917631638,0.6728149917631638,1.1150233324839751,FALSE,FALSE
2015-03-02,circumpolar,4.103930557,0.7270991221968384,0.7270991221968384,1.1150233324839751,FALSE,FALSE
2015-03-03,circumpolar,4.282417954,0.8571385239927753,0.8571385239927753,1.1150233324839751,FALSE,FALSE
2015-03-04,circumpolar,4.380416501,0.9037363286411252,0.9037363286411252,1.1150233324839751,FALSE,FALSE
2015-03-05,circumpolar,4.4161483,0.8853375073455001,0.8853375073455001,1.1150233324839751,FALSE,FALSE
2015-03-06,circumpolar,4.445884602,0.8584127951553198,0.8584127951553198,1.1150233324839751,FALSE,FALSE
2015-03-07,circumpolar,4.493105894,0.8465660299408215,0.8465660299408215,1.1150233324839751,FALSE,FALSE
2015-03-08,circumpolar,4.560118952,0.852211871318973,0.852211871318973,1.1150233324839751,FALSE,FALSE
2015-03-09,circumpolar,4.638695028,0.8672294549067394,0.8672294549067394,1.1150233324839751,FALSE,FALSE
2015-03-10,circumpolar,4.700508628,0.8634011703210911,0.8634011703210911,1.1150233324839751,FALSE,FALSE
2015-03-11,circumpolar,4.800744214,0.8960193631789997,0.8960193631789997,1.1150233324839751,FALSE,FALSE
2015-03-12,circumpolar,4.924057614,0.949847745097427,0.949847745097427,1.1150233324839751,FALSE,FALSE
2015-03-13,circumpolar,4.994220483,0.9487658546933436,0.9487658546933436,1.1150233324839751,FALSE,FALSE
2015-03-14,circumpolar,5.025280361,0.9069291155837176,0.9069291155837176,1.1150233324839751,FALSE,FALSE
2015-03-15,circumpolar,5.142808257,0.9500164203855171,0.9500164203855171,1.1150233324839751,FALSE,FALSE
2015-03-16,circumpolar,5.253881687,0.9852131687157062,0.9852131687157062,1.1150233324839751,FALSE,FALSE
2015-03-17,circumpolar,5.349435617,1.0035622101912614,1.0035622101912614,1.1150233324839751,FALSE,FALSE
2015-03-18,circumpolar,5.447166003,1.022866093418596,1.022866093418596,1.1150233324839751,FALSE,FALSE
2015-03-19,circumpolar,5.554153076,1.0502793992038688,1.0502793992038688,1.1150233324839751,FALSE,FALSE
2015-03-20,circumpolar,5.615764561,1.0312104761141327,1.0312104761141327,1.1150233324839751,FALSE,FALSE
2015-03-21,circumpolar,5.706111491,1.039809392829893,1.039809392829893,1.1150233324839751,FALSE,FALSE
2015-03-22,circumpolar,5.820594278,1.0715155970316843,1.0715155970316843,1.1150233324839751,FALSE,FALSE
2015-03-23,circumpolar,5.910399518,1.077554720400023,1.077554720400023,1.1150233324839751,FALSE,FALSE
2015-03-24,circumpolar,5.970392846,1.0528314336154292,1.0528314336154292,1.1150233324839751,FALSE,FALSE
2015-03-25,circumpolar,6.080853119,1.0776636293584303,1.0776636293584303,1.1150233324839751,FALSE,FALSE
2015-03-26,circumpolar,6.187453611,1.097763617309539,1.097763617309539,1.1150233324839751,FALSE,FALSE
2015-03-27,circumpolar,6.312608582,1.135584693149287,1.135584693149287,1.1150233324839751,TRUE,TRUE
2015-03-28,circumpolar,6.400605546,1.1354534065581925,1.1354534065581925,1.1150233324839751,TRUE,TRUE
2015-03-29,circumpolar,6.524453488,1.1704177782167706,1.1704177782167706,1.1150233324839751,TRUE,TRUE
2015-03-30,circumpolar,6.592477776,1.1488422118055528,1.1488422118055528,1.1150233324839751,TRUE,TRUE
2015-03-31,circumpolar,6.684359935,1.1504374144225684,1.1504374144225684,1.1150233324839751,TRUE,TRUE
2015-04-01,circumpolar,6.809550547,1.1846292901565771,1.1846292901565771,1.1150233324839751,TRUE,TRUE
2015-04-02,circumpolar,6.918511317,1.20183655601417,1.20183655601417,1.1150233324839751,TRUE,TRUE
2015-04-03,circumpolar,7.012480317,1.2032542808650053,1.2032542808650053,1.1150233324839751,TRUE,TRUE
2015-04-04,circumpolar,7.125865565,1.2232474795787525,1.2232474795787525,1.1150233324839751,TRUE,TRUE
2015-04-05,circumpolar,7.200740874,1.203846962025071,1.203846962025071,1.1150233324839751,TRUE,TRUE
2015-04-06,circumpolar,7.32316236,1.231065841073632,1.231065841073632,1.1150233324839751,TRUE,TRUE
2015-04-07,circumpolar,7.503540533,1.3152716235940858,1.3152716235940858,1.1150233324839751,TRUE,TRUE
2015-04-08,circumpolar,7.674267427,1.388813340456104,1.388813340456104,1.1150233324839751,TRUE,TRUE
2015-04-09,circumpolar,7.830500882,1.4468058285293424,1.4468058285293424,1.1150233324839751,TRUE,TRUE
2015-04-10,circumpolar,7.9592172,1.4761823866834716,1.4761823866834716,1.1150233324839751,TRUE,TRUE
2015-04-11,circumpolar,8.045322876,1.4618065067881458,1.4618065067881458,1.1150233324839751,TRUE,TRUE
2015-04-12,circumpolar,8.119015434,1.433833336280382,1.433833336280382,1.1150233324839751,TRUE,TRUE
2015-04-13,circumpolar,8.213053523,1.4250238031985225,1.4250238031985225,1.1150233324839751,TRUE,TRUE
2015-04-14,circumpolar,8.336590168,1.4446068259391378,1.4446068259391378,1.1150233324839751,TRUE,TRUE
2015-04-15,circumpolar,8.484818662,1.4878584668093806,1.4878584668093806,1.1150233324839751,TRUE,TRUE
2015-04-16,circumpolar,8.674821183,1.5719436731164391,1.5719436731164391,1.1150233324839751,TRUE,TRUE
2015-04-17,circumpolar,8.838926596,1.6292740791674678,1.6292740791674678,1.1150233324839751,TRUE,TRUE
2015-04-18,circumpolar,8.989740685,1.672538238269632,1.672538238269632,1.1150233324839751,TRUE,TRUE
2015-04-19,circumpolar,9.126515648,1.701071117730093,1.701071117730093,1.1150233324839751,TRUE,TRUE
2015-04-20,circumpolar,9.255682756,1.7213867578560371,1.7213867578560371,1.1150233324839751,TRUE,TRUE
2015-04-21,circumpolar,9.385161785,1.741487703954606,1.741487703954606,1.1150233324839751,TRUE,TRUE
2015-04-22,circumpolar,9.475529468,1.7220334583329784,1.7220334583329784,1.1150233324839751,TRUE,TRUE
2015-04-23,circumpolar,9.599529491,1.7358504762983251,1.7358504762983251,1.1150233324839751,TRUE,TRUE
2015-04-24,circumpolar,9.744031241,1.769890914157796,1.769890914157796,1.1150233324839751,TRUE,TRUE
2015-04-25,circumpolar,9.87002555,1.785224871642134,1.785224871642134,1.1150233324839751,TRUE,TRUE
2015-04-26,circumpolar,10.02698062,1.8313665623912565,1.8313665623912565,1.1150233324839751,TRUE,TRUE
2015-04-27,circumpolar,10.12168919,1.8151363595347796,1.8151363595347796,1.1150233324839751,TRUE,TRUE
2015-04-28,circumpolar,10.20172881,1.7841392536155762,1.7841392536155762,1.1150233324839751,TRUE,TRUE
2015-04-29,circumpolar,10.30094468,1.7722478851764958,1.7722478851764958,1.1150233324839751,TRUE,TRUE
2015-04-30,circumpolar,10.36760972,1.727762614760394,1.727762614760394,1.1150233324839751,TRUE,TRUE
2015-05-01,circumpolar,10.47810814,1.7270950929101296,1.7270950929101296,1.1150233324839751,TRUE,TRUE
2015-05-02,circumpolar,10.60365832,1.741491140168554,1.741491140168554,1.1150233324839751,TRUE,TRUE
2015-05-03,circumpolar,10.71225088,1.7389688170785416,1.7389688170785416,1.1150233324839751,TRUE,TRUE
2015-05-04,circumpolar,10.78402975,1.699699494182937,1.699699494182937,1.1150233324839751,TRUE,TRUE
2015-05-05,circumpolar,10.89314708,1.6978627620245934,1.6978627620245934,1.1150233324839751,TRUE,TRUE
2015-05-06,circumpolar,11.06123084,1.7551140311463822,1.7551140311463822,1.1150233324839751,TRUE,TRUE
2015-05-07,circumpolar,11.21021506,1.7934147570981551,1.7934147570981551,1.1150233324839751,TRUE,TRUE
2015-05-08,circumpolar,11.34486392,1.8175481866032488,1.8175481866032488,1.1150233324839751,TRUE,TRUE
2015-05-09,circumpolar,11.41985308,1.782186799598085,1.782186799598085,1.1150233324839751,TRUE,TRUE
2015-05-10,circumpolar,11.43438696,1.686528175621003,1.686528175621003,1.1150233324839751,TRUE,TRUE
2015-05-11,circumpolar,11.49703725,1.63913716421032,1.63913716421032,1.1150233324839751,TRUE,TRUE
2015-05-12,circumpolar,11.56087203,1.5930750049043727,1.5930750049043727,1.1150233324839751,TRUE,TRUE
2015-05-13,circumpolar,11.81639396,1.7388375172414785,1.7388375172414785,1.1150233324839751,TRUE,TRUE
2015-05-14,circumpolar,11.88810449,1.7009193107599767,1.7009193107599767,1.1150233324839751,TRUE,TRUE
2015-05-15,circumpolar,11.98081177,1.68412169499819,1.68412169499819,1.1150233324839751,TRUE,TRUE
2015-05-16,circumpolar,12.06873981,1.6626618394944366,1.6626618394944366,1.1150233324839751,TRUE,TRUE
2015-05-17,circumpolar,12.12262396,1.6072682537870495,1.6072682537870495,1.1150233324839751,TRUE,TRUE
2015-05-18,circumpolar,12.12915653,1.5046264074143745,1.5046264074143745,1.1150233324839751,TRUE,TRUE
2015-05-19,circumpolar,12.21800367,1.484395609914717,1.484395609914717,1.1150233324839751,TRUE,TRUE
2015-05-20,circumpolar,12.31155148,1.468956253863885,1.468956253863885,1.1150233324839751,TRUE,TRUE
2015-05-21,circumpolar,12.42122625,1.469749596728736,1.469749596728736,1.1150233324839751,TRUE,TRUE
2015-05-22,circumpolar,12.53682792,1.4766086092932549,1.4766086092932549,1.1150233324839751,TRUE,TRUE
2015-05-23,circumpolar,12.71136304,1.542573480076621,1.542573480076621,1.1150233324839751,TRUE,TRUE
2015-05-24,circumpolar,12.82858717,1.551433407598001,1.551433407598001,1.1150233324839751,TRUE,TRUE
2015-05-25,circumpolar,12.90032243,1.515044150376582,1.515044150376582,1.1150233324839751,TRUE,TRUE
2015-05-26,circumpolar,12.97609791,1.4829684369315377,1.4829684369315377,1.1150233324839751,TRUE,TRUE
2015-05-27,circumpolar,13.04364571,1.4429720057820337,1.4429720057820337,1.1150233324839751,TRUE,TRUE
2015-05-28,circumpolar,13.11429373,1.406416395447252,1.406416395447252,1.1150233324839751,TRUE,TRUE
2015-05-29,circumpolar,13.16425787,1.3495511444463766,1.3495511444463766,1.1150233324839751,TRUE,TRUE
2015-05-30,circumpolar,13.16031669,1.2391884512985758,1.2391884512985758,1.1150233324839751,TRUE,TRUE
2015-05-31,circumpolar,13.20400497,1.1768967345230124,1.1768967345230124,1.1150233324839751,TRUE,TRUE
2015-06-01,circumpolar,13.33575575,1.203142672638892,1.203142672638892,1.1150233324839751,TRUE,TRUE
2015-06-02,circumpolar,13.43569247,1.198072232196413,1.198072232196413,1.1150233324839751,TRUE,TRUE
2015-06-03,circumpolar,13.51543859,1.173282104050923,1.173282104050923,1.1150233324839751,TRUE,TRUE
2015-06-04,circumpolar,13.59688399,1.150621733846604,1.150621733846604,1.1150233324839751,TRUE,TRUE
2015-06-05,circumpolar,13.63961613,1.0896381467215122,1.0896381467215122,1.1150233324839751,FALSE,FALSE
2015-06-06,circumpolar,13.71254209,1.0591979878136826,1.0591979878136826,1.1150233324839751,FALSE,FALSE
2015-06-07,circumpolar,13.82160942,1.065208372261143,1.065208372261143,1.1150233324839751,FALSE,FALSE
2015-06-08,circumpolar,13.87795746,1.018768205201928,1.018768205201928,1.1150233324839751,FALSE,FALSE
2015-06-09,circumpolar,14.05808969,1.0963405317740698,1.0963405317740698,1.1150233324839751,FALSE,FALSE
2015-06-10,circumpolar,14.13713261,1.0730114171155982,1.0730114171155982,1.1150233324839751,FALSE,FALSE
2015-06-11,circumpolar,14.24876724,1.082421446364565,1.082421446364565,1.1150233324839751,FALSE,FALSE
2015-06-12,circumpolar,14.36711888,1.0986554846589858,1.0986554846589858,1.1150233324839751,FALSE,FALSE
2015-06-13,circumpolar,14.524524,1.1540095671368942,1.1540095671368942,1.1150233324839751,TRUE,TRUE
2015-06-14,circumpolar,14.66434856,1.1918110493567582,1.1918110493567582,1.1150233324839751,TRUE,TRUE
2015-06-15,circumpolar,14.73267493,1.1581843894010042,1.1581843894010042,1.1150233324839751,TRUE,TRUE
2015-06-16,circumpolar,14.81898515,1.1427644138439934,1.1427644138439934,1.1150233324839751,TRUE,TRUE
2015-06-17,circumpolar,14.94667561,1.16910831955461,1.16910831955461,1.1150233324839751,TRUE,TRUE
2015-06-18,circumpolar,15.0889516,1.210582203401712,1.210582203401712,1.1150233324839751,TRUE,TRUE
2015-06-19,circumpolar,15.24028226,1.2618160122541902,1.2618160122541902,1.1150233324839751,TRUE,TRUE
2015-06-20,circumpolar,15.34379978,1.266102742980907,1.266102742980907,1.1150233324839751,TRUE,TRUE
2015-06-21,circumpolar,15.41882857,1.2429276124507442,1.2429276124507442,1.1150233324839751,TRUE,TRUE
2015-06-22,circumpolar,15.44702647,1.1741092675325555,1.1741092675325555,1.1150233324839751,TRUE,TRUE
2015-06-23,circumpolar,15.51807881,1.1494938450952308,1.1494938450952308,1.1150233324839751,TRUE,TRUE
2015-06-24,circumpolar,15.5479535,1.0852100620076437,1.0852100620076437,1.1150233324839751,FALSE,FALSE
2015-06-25,circumpolar,15.64229099,1.087059175138652,1.087059175138652,1.1150233324839751,FALSE,FALSE
2015-06-26,circumpolar,15.75733972,1.111450431357147,1.111450431357147,1.1150233324839751,FALSE,FALSE
2015-06-27,circumpolar,15.88710821,1.1525251328456907,1.1525251328456907,1.1150233324839751,TRUE,TRUE
2015-06-28,circumpolar,16.0245844,1.2031922330963294,1.2031922330963294,1.1150233324839751,TRUE,TRUE
2015-06-29,circumpolar,16.15115511,1.2446628001621498,1.2446628001621498,1.1150233324839751,TRUE,TRUE
2015-06-30,circumpolar,16.25990101,1.269841254575674,1.269841254575674,1.1150233324839751,TRUE,TRUE
2015-07-01,circumpolar,16.25439164,1.182120886869468,1.182120886869468,1.1150233324839751,TRUE,TRUE
2015-07-02,circumpolar,16.34502119,1.1917196375760677,1.1917196375760677,1.1150233324839751,TRUE,TRUE
2015-07-03,circumpolar,16.4157345,1.1824060972280377,1.1824060972280377,1.1150233324839751,TRUE,TRUE
2015-07-04,circumpolar,16.55281863,1.2402910763579182,1.2402910763579182,1.1150233324839751,TRUE,TRUE
2015-07-05,circumpolar,16.70336515,1.312289895498255,1.312289895498255,1.1150233324839751,TRUE,TRUE
2015-07-06,circumpolar,16.75527419,1.2861264351815986,1.2861264351815986,1.1150233324839751,TRUE,TRUE
2015-07-07,circumpolar,16.83823837,1.2913170659404969,1.2913170659404969,1.1150233324839751,TRUE,TRUE
2015-07-08,circumpolar,16.88498487,1.2604127183075011,1.2604127183075011,1.1150233324839751,TRUE,TRUE
2015-07-09,circumpolar,16.90101967,1.198743535809042,1.198743535809042,1.1150233324839751,TRUE,TRUE
2015-07-10,circumpolar,16.91751895,1.1373901873705137,1.1373901873705137,1.1150233324839751,TRUE,TRUE
2015-07-11,circumpolar,16.97269056,1.1146408020004586,1.1146408020004586,1.1150233324839751,FALSE,FALSE
2015-07-12,circumpolar,16.92572192,0.9897863421176344,0.9897863421176344,1.1150233324839751,FALSE,FALSE
2015-07-13,circumpolar,16.89027675,0.876594070140861,0.876594070140861,1.1150233324839751,FALSE,FALSE
2015-07-14,circumpolar,16.87877636,0.787588838488908,0.787588838488908,1.1150233324839751,FALSE,FALSE
2015-07-15,circumpolar,16.89401793,0.725671369580585,0.725671369580585,1.1150233324839751,FALSE,FALSE
2015-07-16,circumpolar,16.89889468,0.6538384258346674,0.6538384258346674,1.1150233324839751,FALSE,FALSE
2015-07-17,circumpolar,16.90295154,0.5817384796699407,0.5817384796699407,1.1150233324839751,FALSE,FALSE
2015-07-18,circumpolar,16.97035354,0.5736401035052339,0.5736401035052339,1.1150233324839751,FALSE,FALSE
2015-07-19,circumpolar,16.99966864,0.5282147997592936,0.5282147997592936,1.1150233324839751,FALSE,FALSE
2015-07-20,circumpolar,17.0005157,0.45518497085093657,0.45518497085093657,1.1150233324839751,FALSE,FALSE
2015-07-21,circumpolar,17.10012917,0.48188860919893983,0.48188860919893983,1.1150233324839751,FALSE,FALSE
2015-07-22,circumpolar,17.11716286,0.4270801852804844,0.4270801852804844,1.1150233324839751,FALSE,FALSE
2015-07-23,circumpolar,17.16390402,0.4031078321563939,0.4031078321563939,1.1150233324839751,FALSE,FALSE
2015-07-24,circumpolar,17.25262216,0.4222729475501836,0.4222729475501836,1.1150233324839751,FALSE,FALSE
2015-07-25,circumpolar,17.42359227,0.5248817514582669,0.5248817514582669,1.1150233324839751,FALSE,FALSE
2015-07-26,circumpolar,17.50594344,0.5400945638770906,0.5400945638770906,1.1150233324839751,FALSE,FALSE
2015-07-27,circumpolar,17.61212221,0.5803891548030755,0.5803891548030755,1.1150233324839751,FALSE,FALSE
2015-07-28,circumpolar,17.67176178,0.5754299542326464,0.5754299542326464,1.1150233324839751,FALSE,FALSE
2015-07-29,circumpolar,17.6704428,0.5108288421622369,0.5108288421622369,1.1150233324839751,FALSE,FALSE
2015-07-30,circumpolar,17.61602283,0.39447460858828265,0.39447460858828265,1.1150233324839751,FALSE,FALSE
2015-07-31,circumpolar,17.6567533,0.37464991350719146,0.37464991350719146,1.1150233324839751,FALSE,FALSE
2015-08-01,circumpolar,17.68270094,0.34145271691539136,0.34145271691539136,1.1150233324839751,FALSE,FALSE
2015-08-02,circumpolar,17.72628807,0.3273365688093328,0.3273365688093328,1.1150233324839751,FALSE,FALSE
2015-08-03,circumpolar,17.75479671,0.2996147186227667,0.2996147186227667,1.1150233324839751,FALSE,FALSE
2015-08-04,circumpolar,17.82004935,0.3101256959379022,0.3101256959379022,1.1150233324839751,FALSE,FALSE
2015-08-05,circumpolar,17.9197132,0.3564979546749143,0.3564979546749143,1.1150233324839751,FALSE,FALSE
2015-08-06,circumpolar,17.88334204,0.2682341670122348,0.2682341670122348,1.1150233324839751,FALSE,FALSE
2015-08-07,circumpolar,17.89372369,0.22807104512827792,0.22807104512827792,1.1150233324839751,FALSE,FALSE
2015-08-08,circumpolar,17.94731266,0.23241199120143463,0.23241199120143463,1.1150233324839751,FALSE,FALSE
2015-08-09,circumpolar,17.91382173,0.15091867741012877,0.15091867741012877,1.1150233324839751,FALSE,FALSE
2015-08-10,circumpolar,17.90738897,0.09767806593276164,0.09767806593276164,1.1150233324839751,FALSE,FALSE
2015-08-11,circumpolar,17.89687674,0.04150140894774878,0.04150140894774878,1.1150233324839751,FALSE,FALSE
2015-08-12,circumpolar,17.86965884,-0.03028860136650735,0.03028860136650735,1.1150233324839751,FALSE,FALSE
2015-08-13,circumpolar,17.82873889,-0.11473945283157504,0.11473945283157504,1.1150233324839751,FALSE,FALSE
2015-08-14,circumpolar,17.77324049,-0.2127786532690621,0.2127786532690621,1.1150233324839751,FALSE,FALSE
2015-08-15,circumpolar,17.75749808,-0.2701228705005576,0.2701228705005576,1.1150233324839751,FALSE,FALSE
2015-08-16,circumpolar,17.8130477,-0.25528629377735257,0.25528629377735257,1.1150233324839751,FALSE,FALSE
2015-08-17,circumpolar,17.80376309,-0.3044192991778374,0.3044192991778374,1.1150233324839751,FALSE,FALSE
2015-08-18,circumpolar,17.82423002,-0.32293034419462074,0.32293034419462074,1.1150233324839751,FALSE,FALSE
2015-08-19,circumpolar,17.83560939,-0.34965111834856444,0.34965111834856444,1.1150233324839751,FALSE,FALSE
2015-08-20,circumpolar,17.85735074,-0.36512467116047986,0.36512467116047986,1.1150233324839751,FALSE,FALSE
2015-08-21,circumpolar,17.94466405,-0.3141336121512097,0.3141336121512097,1.1150233324839751,FALSE,FALSE
2015-08-22,circumpolar,18.11031463,-0.1839052208415843,0.1839052208415843,1.1150233324839751,FALSE,FALSE
2015-08-23,circumpolar,18.1471343,-0.18160026675245433,0.18160026675245433,1.1150233324839751,FALSE,FALSE
2015-08-24,circumpolar,18.20356499,-0.1587694094046519,0.1587694094046519,1.1150233324839751,FALSE,FALSE
2015-08-25,circumpolar,18.27177218,-0.12323975831900214,0.12323975831900214,1.1150233324839751,FALSE,FALSE
2015-08-26,circumpolar,18.31531944,-0.11144033301635758,0.11144033301635758,1.1150233324839751,FALSE,FALSE
2015-08-27,circumpolar,18.33515304,-0.12241745301754749,0.12241745301754749,1.1150233324839751,FALSE,FALSE
2015-08-28,circumpolar,18.42915924,-0.05827744784340538,0.05827744784340538,1.1150233324839751,FALSE,FALSE
2015-08-29,circumpolar,18.4861049,-0.03024513747800483,0.03024513747800483,1.1150233324839751,FALSE,FALSE
2015-08-30,circumpolar,18.64745504,0.10315834598277362,0.10315834598277362,1.1150233324839751,FALSE,FALSE
2015-08-31,circumpolar,18.63787188,0.06661114744662555,0.06661114744662555,1.1150233324839751,FALSE,FALSE
2015-09-01,circumpolar,18.67247562,0.0752493955467699,0.0752493955467699,1.1150233324839751,FALSE,FALSE
2015-09-02,circumpolar,18.72160268,0.09942543891638422,0.09942543891638422,1.1150233324839751,FALSE,FALSE
2015-09-03,circumpolar,18.71478258,0.06868472618868182,0.06868472618868182,1.1150233324839751,FALSE,FALSE
2015-09-04,circumpolar,18.77795621,0.10898407599685456,0.10898407599685456,1.1150233324839751,FALSE,FALSE
2015-09-05,circumpolar,18.82950205,0.13871789697407877,0.13871789697407877,1.1150233324839751,FALSE,FALSE
2015-09-06,circumpolar,18.78349531,0.07197732775359711,0.07197732775359711,1.1150233324839751,FALSE,FALSE
2015-09-07,circumpolar,18.79834958,0.06719188696856193,0.06719188696856193,1.1150233324839751,FALSE,FALSE
2015-09-08,circumpolar,18.79948037,0.04979301325218799,0.04979301325218799,1.1150233324839751,FALSE,FALSE
2015-09-09,circumpolar,18.80683377,0.03974272523766942,0.03974272523766942,1.1150233324839751,FALSE,FALSE
2015-09-10,circumpolar,18.77206294,-0.01128986455992731,0.01128986455992731,1.1150233324839751,FALSE,FALSE
2015-09-11,circumpolar,18.67237337,-0.1260810464813353,0.1260810464813353,1.1150233324839751,FALSE,FALSE
2015-09-12,circumpolar,18.66829641,-0.14407714822479534,0.14407714822479534,1.1150233324839751,FALSE,FALSE
2015-09-13,circumpolar,18.62471331,-0.20037416551604892,0.20037416551604892,1.1150233324839751,FALSE,FALSE
2015-09-14,circumpolar,18.5768627,-0.25971071408086743,0.25971071408086743,1.1150233324839751,FALSE,FALSE
2015-09-15,circumpolar,18.54485087,-0.30195774964501965,0.30195774964501965,1.1150233324839751,FALSE,FALSE
2015-09-16,circumpolar,18.57968657,-0.2760837679342494,0.2760837679342494,1.1150233324839751,FALSE,FALSE
2015-09-17,circumpolar,18.54405573,-0.3193800846743109,0.3193800846743109,1.1150233324839751,FALSE,FALSE
2015-09-18,circumpolar,18.57668624,-0.2930960555909792,0.2930960555909792,1.1150233324839751,FALSE,FALSE
2015-09-19,circumpolar,18.5883103,-0.28647672640999744,0.28647672640999744,1.1150233324839751,FALSE,FALSE
2015-09-20,circumpolar,18.61388255,-0.2645447028571475,0.2645447028571475,1.1150233324839751,FALSE,FALSE
2015-09-21,circumpolar,18.59391546,-0.28676476065816203,0.28676476065816203,1.1150233324839751,FALSE,FALSE
2015-09-22,circumpolar,18.57468441,-0.3068387655388065,0.3068387655388065,1.1150233324839751,FALSE,FALSE
2015-09-23,circumpolar,18.52520635,-0.3557277939715391,0.3557277939715391,1.1150233324839751,FALSE,FALSE
2015-09-24,circumpolar,18.50413692,-0.37476259120051125,0.37476259120051125,1.1150233324839751,FALSE,FALSE
2015-09-25,circumpolar,18.48825547,-0.387155263029296,0.387155263029296,1.1150233324839751,FALSE,FALSE
2015-09-26,circumpolar,18.60809901,-0.2623603264069665,0.2623603264069665,1.1150233324839751,FALSE,FALSE
2015-09-27,circumpolar,18.87574937,0.01171252171735304,0.01171252171735304,1.1150233324839751,FALSE,FALSE
2015-09-28,circumpolar,19.03652104,0.18038624439456896,0.18038624439456896,1.1150233324839751,FALSE,FALSE
2015-09-29,circumpolar,19.1106688,0.2639240946755592,0.2639240946755592,1.1150233324839751,FALSE,FALSE
2015-09-30,circumpolar,19.14865234,0.3127942356112392,0.3127942356112392,1.1150233324839751,FALSE,FALSE
2015-10-01,circumpolar,19.15641303,0.3329465102525049,0.3329465102525049,1.1150233324839751,FALSE,FALSE
2015-10-02,circumpolar,19.16647052,0.3569090416502476,0.3569090416502476,1.1150233324839751,FALSE,FALSE
2015-10-03,circumpolar,19.16380875,0.3696742428553712,0.3696742428553712,1.1150233324839751,FALSE,FALSE
2015-10-04,circumpolar,19.16363676,0.3864596269187679,0.3864596269187679,1.1150233324839751,FALSE,FALSE
2015-10-05,circumpolar,19.17269914,0.4140182596025248,0.4140182596025248,1.1150233324839751,FALSE,FALSE
2015-10-06,circumpolar,19.21615328,0.4775192862124733,0.4775192862124733,1.1150233324839751,FALSE,FALSE
2015-10-07,circumpolar,19.16754243,0.4505273589939236,0.4505273589939236,1.1150233324839751,FALSE,FALSE
2015-10-08,circumpolar,19.05633201,0.36253106508075206,0.36253106508075206,1.1150233324839751,FALSE,FALSE
2015-10-09,circumpolar,18.98656313,0.31759468160685245,0.31759468160685245,1.1150233324839751,FALSE,FALSE
2015-10-10,circumpolar,18.90700068,0.26450626570611746,0.26450626570611746,1.1150233324839751,FALSE,FALSE
2015-10-11,circumpolar,18.8820409,0.2676852245124195,0.2676852245124195,1.1150233324839751,FALSE,FALSE
2015-10-12,circumpolar,18.84317347,0.2586444051596217,0.2586444051596217,1.1150233324839751,FALSE,FALSE
2015-10-13,circumpolar,18.85551025,0.30251883478165453,0.30251883478165453,1.1150233324839751,FALSE,FALSE
2015-10-14,circumpolar,18.86445809,0.3447385305123625,0.3447385305123625,1.1150233324839751,FALSE,FALSE
2015-10-15,circumpolar,18.87322481,0.3885344794856565,0.3885344794856565,1.1150233324839751,FALSE,FALSE
2015-10-16,circumpolar,18.81227219,0.3643916288354063,0.3643916288354063,1.1150233324839751,FALSE,FALSE
2015-10-17,circumpolar,18.76052436,0.3512572756954917,0.3512572756954917,1.1150233324839751,FALSE,FALSE
2015-10-18,circumpolar,18.71039977,0.3415726642753505,0.3415726642753505,1.1150233324839751,FALSE,FALSE
2015-10-19,circumpolar,18.68765516,0.36110940797936664,0.36110940797936664,1.1150233324839751,FALSE,FALSE
2015-10-20,circumpolar,18.66179508,0.3793793578012626,0.3793793578012626,1.1150233324839751,FALSE,FALSE
2015-10-21,circumpolar,18.676226840000002,0.43979682153333854,0.43979682153333854,1.1150233324839751,FALSE,FALSE
2015-10-22,circumpolar,18.56754125,0.3789596069678894,0.3789596069678894,1.1150233324839751,FALSE,FALSE
2015-10-23,circumpolar,18.51829834,0.3794347418972208,0.3794347418972208,1.1150233324839751,FALSE,FALSE
2015-10-24,circumpolar,18.37653165,0.28926276411365137,0.28926276411365137,1.1150233324839751,FALSE,FALSE
2015-10-25,circumpolar,18.28918223,0.2553917214094703,0.2553917214094703,1.1150233324839751,FALSE,FALSE
2015-10-26,circumpolar,18.18651452,0.20809305157698077,0.20809305157698077,1.1150233324839751,FALSE,FALSE
2015-10-27,circumpolar,18.14508149,0.2239267224085069,0.2239267224085069,1.1150233324839751,FALSE,FALSE
2015-10-28,circumpolar,18.10215057,0.24016716169633412,0.24016716169633412,1.1150233324839751,FALSE,FALSE
2015-10-29,circumpolar,18.02565085,0.2247504572327692,0.2247504572327692,1.1150233324839751,FALSE,FALSE
2015-10-30,circumpolar,17.94020866,0.20230993681012063,0.20230993681012063,1.1150233324839751,FALSE,FALSE
2015-10-31,circumpolar,17.83033416,0.15738541649653115,0.15738541649653115,1.1150233324839751,FALSE,FALSE
2015-11-01,circumpolar,17.77286083,0.16695156131389766,0.16695156131389766,1.1150233324839751,FALSE,FALSE
2015-11-02,circumpolar,17.70684859,0.1702437336448206,0.1702437336448206,1.1150233324839751,FALSE,FALSE
2015-11-03,circumpolar,17.61881536,0.15395530508116906,0.15395530508116906,1.1150233324839751,FALSE,FALSE
2015-11-04,circumpolar,17.5623782,0.1718787872148333,0.1718787872148333,1.1150233324839751,FALSE,FALSE
2015-11-05,circumpolar,17.45743158,0.14408410163768082,0.14408410163768082,1.1150233324839751,FALSE,FALSE
2015-11-06,circumpolar,17.39246529,0.15923648994158768,0.15923648994158768,1.1150233324839751,FALSE,FALSE
2015-11-07,circumpolar,17.2562686,0.106300673718426,0.106300673718426,1.1150233324839751,FALSE,FALSE
2015-11-08,circumpolar,17.19269799,0.12930858456009275,0.12930858456009275,1.1150233324839751,FALSE,FALSE
2015-11-09,circumpolar,17.11014334,0.13682555405844,0.13682555405844,1.1150233324839751,FALSE,FALSE
2015-11-10,circumpolar,17.12661757,0.24703995380536625,0.24703995380536625,1.1150233324839751,FALSE,FALSE
2015-11-11,circumpolar,17.12349725,0.3415038053927333,0.3415038053927333,1.1150233324839751,FALSE,FALSE
2015-11-12,circumpolar,17.08684006,0.4064489386367107,0.4064489386367107,1.1150233324839751,FALSE,FALSE
2015-11-13,circumpolar,17.02363399,0.4489654804223022,0.4489654804223022,1.1150233324839751,FALSE,FALSE
2015-11-14,circumpolar,16.93239545,0.4675637271726423,0.4675637271726423,1.1150233324839751,FALSE,FALSE
2015-11-15,circumpolar,16.78879245,0.4378966464311702,0.4378966464311702,1.1150233324839751,FALSE,FALSE
2015-11-16,circumpolar,16.70747524,0.4745994457413545,0.4745994457413545,1.1150233324839751,FALSE,FALSE
2015-11-17,circumpolar,16.55353682,0.4427500826466329,0.4427500826466329,1.1150233324839751,FALSE,FALSE
2015-11-18,circumpolar,16.42646329,0.4418196146904485,0.4418196146904485,1.1150233324839751,FALSE,FALSE
2015-11-19,circumpolar,16.32647102,0.47200936941626104,0.47200936941626104,1.1150233324839751,FALSE,FALSE
2015-11-20,circumpolar,16.25046767,0.5302119643675258,0.5302119643675258,1.1150233324839751,FALSE,FALSE
2015-11-21,circumpolar,16.15683673,0.5747958470876817,0.5747958470876817,1.1150233324839751,FALSE,FALSE
2015-11-22,circumpolar,16.07802199,0.6381897651201918,0.6381897651201918,1.1150233324839751,FALSE,FALSE
2015-11-23,circumpolar,15.91263959,0.6189948160084882,0.6189948160084882,1.1150233324839751,FALSE,FALSE
2015-11-24,circumpolar,15.64753947,0.504045897296038,0.504045897296038,1.1150233324839751,FALSE,FALSE
2015-11-25,circumpolar,15.516180049999999,0.5267938937201944,0.5267938937201944,1.1150233324839751,FALSE,FALSE
2015-11-26,circumpolar,15.42005791,0.5887913446066992,0.5887913446066992,1.1150233324839751,FALSE,FALSE
2015-11-27,circumpolar,15.21523961,0.5461926960063916,0.5461926960063916,1.1150233324839751,FALSE,FALSE
2015-11-28,circumpolar,15.03435612,0.5317170457965581,0.5317170457965581,1.1150233324839751,FALSE,FALSE
2015-11-29,circumpolar,14.82310268,0.4911477618544513,0.4911477618544513,1.1150233324839751,FALSE,FALSE
2015-11-30,circumpolar,14.66058882,0.5036825020573392,0.5036825020573392,1.1150233324839751,FALSE,FALSE
2015-12-01,circumpolar,14.43848062,0.4610754742824863,0.4610754742824863,1.1150233324839751,FALSE,FALSE
2015-12-02,circumpolar,14.17099842,0.3776351464071581,0.3776351464071581,1.1150233324839751,FALSE,FALSE
2015-12-03,circumpolar,13.97426158,0.3695690063086108,0.3695690063086108,1.1150233324839751,FALSE,FALSE
2015-12-04,circumpolar,13.82470334,0.4133984218641178,0.4133984218641178,1.1150233324839751,FALSE,FALSE
2015-12-05,circumpolar,13.595079,0.3819668209509395,0.3819668209509395,1.1150233324839751,FALSE,FALSE
2015-12-06,circumpolar,13.43738714,0.42736091144633725,0.42736091144633725,1.1150233324839751,FALSE,FALSE
2015-12-07,circumpolar,13.23408501,0.4321255769069942,0.4321255769069942,1.1150233324839751,FALSE,FALSE
2015-12-08,circumpolar,12.98425507,0.3952774579614075,0.3952774579614075,1.1150233324839751,FALSE,FALSE
2015-12-09,circumpolar,12.72821788,0.3567012231199307,0.3567012231199307,1.1150233324839751,FALSE,FALSE
2015-12-10,circumpolar,12.35212345,0.20205632299066423,0.20205632299066423,1.1150233324839751,FALSE,FALSE
2015-12-11,circumpolar,12.06672551,0.1416059281817077,0.1416059281817077,1.1150233324839751,FALSE,FALSE
2015-12-12,circumpolar,11.7697891,0.07262451930115787,0.07262451930115787,1.1150233324839751,FALSE,FALSE
2015-12-13,circumpolar,11.42089704,-0.04579564304288475,0.04579564304288475,1.1150233324839751,FALSE,FALSE
2015-12-14,circumpolar,11.16733992,-0.0668545282423203,0.0668545282423203,1.1150233324839751,FALSE,FALSE
2015-12-15,circumpolar,10.92677685,-0.07338358568905079,0.07338358568905079,1.1150233324839751,FALSE,FALSE
2015-12-16,circumpolar,10.76564418,5.629752250388975e-4,5.629752250388975e-4,1.1150233324839751,FALSE,FALSE
2015-12-17,circumpolar,10.53392496,0.00447764510802883,0.00447764510802883,1.1150233324839751,FALSE,FALSE
2015-12-18,circumpolar,10.37066334,0.0769140145680236,0.0769140145680236,1.1150233324839751,FALSE,FALSE
2015-12-19,circumpolar,10.21346917,0.15499137421312703,0.15499137421312703,1.1150233324839751,FALSE,FALSE
2015-12-20,circumpolar,10.02635821,0.2022365076924331,0.2022365076924331,1.1150233324839751,FALSE,FALSE
2015-12-21,circumpolar,9.901780339,0.31063534858461495,0.31063534858461495,1.1150233324839751,FALSE,FALSE
2015-12-22,circumpolar,9.7493041,0.38931247468192787,0.38931247468192787,1.1150233324839751,FALSE,FALSE
2015-12-23,circumpolar,9.515806775,0.3847017595636952,0.3847017595636952,1.1150233324839751,FALSE,FALSE
2015-12-24,circumpolar,9.229732772,0.3248042028092204,0.3248042028092204,1.1150233324839751,FALSE,FALSE
2015-12-25,circumpolar,9.132443992,0.4505382969978413,0.4505382969978413,1.1150233324839751,FALSE,FALSE
2015-12-26,circumpolar,8.886939454,0.42445965270884933,0.42445965270884933,1.1150233324839751,FALSE,FALSE
2015-12-27,circumpolar,8.555117577,0.30802328052159744,0.30802328052159744,1.1150233324839751,FALSE,FALSE
2015-12-28,circumpolar,8.276051974,0.23985938501536985,0.23985938501536985,1.1150233324839751,FALSE,FALSE
2015-12-29,circumpolar,8.088612355,0.25839426776951946,0.25839426776951946,1.1150233324839751,FALSE,FALSE
2015-12-30,circumpolar,7.890307567,0.2606933673633369,0.2606933673633369,1.1150233324839751,FALSE,FALSE
2015-12-31,circumpolar,7.602907841,0.1680835063761403,0.1680835063761403,1.1150233324839751,FALSE,FALSE
2016-01-01,circumpolar,7.34240074,0.09610883938726732,0.09610883938726732,1.1150233324839751,FALSE,FALSE
2016-01-02,circumpolar,7.133906153,0.06956327043072896,0.06956327043072896,1.1150233324839751,FALSE,FALSE
2016-01-03,circumpolar,6.911808317,0.02297474535938803,0.02297474535938803,1.1150233324839751,FALSE,FALSE
2016-01-04,circumpolar,6.741723634,0.02222079848082003,0.02222079848082003,1.1150233324839751,FALSE,FALSE
2016-01-05,circumpolar,6.456581086,-0.09950845589738666,0.09950845589738666,1.1150233324839751,FALSE,FALSE
2016-01-06,circumpolar,6.318151861,-0.0801806974676813,0.0801806974676813,1.1150233324839751,FALSE,FALSE
2016-01-07,circumpolar,6.170130555,-0.0758401979224903,0.0758401979224903,1.1150233324839751,FALSE,FALSE
2016-01-08,circumpolar,5.985295964,-0.11344702895422908,0.11344702895422908,1.1150233324839751,FALSE,FALSE
2016-01-09,circumpolar,5.766462598,-0.18992554825533947,0.18992554825533947,1.1150233324839751,FALSE,FALSE
2016-01-10,circumpolar,5.644293606,-0.17435147451823418,0.17435147451823418,1.1150233324839751,FALSE,FALSE
2016-01-11,circumpolar,5.500196458,-0.18505620543535972,0.18505620543535972,1.1150233324839751,FALSE,FALSE
2016-01-12,circumpolar,5.375562927,-0.18038683569913072,0.18038683569913072,1.1150233324839751,FALSE,FALSE
2016-01-13,circumpolar,5.123514809,-0.3069604370019805,0.3069604370019805,1.1150233324839751,FALSE,FALSE
2016-01-14,circumpolar,4.923658891,-0.3849123160270862,0.3849123160270862,1.1150233324839751,FALSE,FALSE
2016-01-15,circumpolar,4.792604789,-0.3974907146131397,0.3974907146131397,1.1150233324839751,FALSE,FALSE
2016-01-16,circumpolar,4.655706709,-0.419344312298934,0.419344312298934,1.1150233324839751,FALSE,FALSE
2016-01-17,circumpolar,4.534916671,-0.4285331466675828,0.4285331466675828,1.1150233324839751,FALSE,FALSE
2016-01-18,circumpolar,4.365441806,-0.48986214430219555,0.48986214430219555,1.1150233324839751,FALSE,FALSE
2016-01-19,circumpolar,4.291891489,-0.4587339877858821,0.4587339877858821,1.1150233324839751,FALSE,FALSE
2016-01-20,circumpolar,4.189039518,-0.4603869367017541,0.4603869367017541,1.1150233324839751,FALSE,FALSE
2016-01-21,circumpolar,4.077526881,-0.4741920606329266,0.4741920606329266,1.1150233324839751,FALSE,FALSE
2016-01-22,circumpolar,4.024957233,-0.4325577621625065,0.4325577621625065,1.1150233324839751,FALSE,FALSE
2016-01-23,circumpolar,4.000057321,-0.3667693518736055,0.3667693518736055,1.1150233324839751,FALSE,FALSE
2016-01-24,circumpolar,3.955005905,-0.3246601273493406,0.3246601273493406,1.1150233324839751,FALSE,FALSE
2016-01-25,circumpolar,3.864651852,-0.3313932791728189,0.3313932791728189,1.1150233324839751,FALSE,FALSE
2016-01-26,circumpolar,3.777383868,-0.33859215892714767,0.33859215892714767,1.1150233324839751,FALSE,FALSE
2016-01-27,circumpolar,3.673891124,-0.3655681813418905,0.3655681813418905,1.1150233324839751,FALSE,FALSE
2016-01-28,circumpolar,3.629522314,-0.3368955799053146,0.3368955799053146,1.1150233324839751,FALSE,FALSE
2016-01-29,circumpolar,3.565956184,-0.3307863345862061,0.3307863345862061,1.1150233324839751,FALSE,FALSE
2016-01-30,circumpolar,3.481328976,-0.34899482562204565,0.34899482562204565,1.1150233324839751,FALSE,FALSE
2016-01-31,circumpolar,3.408198021,-0.3588543442502923,0.3588543442502923,1.1150233324839751,FALSE,FALSE
2016-02-01,circumpolar,3.366065353,-0.3407534787084292,0.3407534787084292,1.1150233324839751,FALSE,FALSE
2016-02-02,circumpolar,3.313049964,-0.3364638592339255,0.3364638592339255,1.1150233324839751,FALSE,FALSE
2016-02-03,circumpolar,3.273050656,-0.32197730606424724,0.32197730606424724,1.1150233324839751,FALSE,FALSE
2016-02-04,circumpolar,3.254460502,-0.2887913684368737,0.2887913684368737,1.1150233324839751,FALSE,FALSE
2016-02-05,circumpolar,3.244591929,-0.2494842415892804,0.2494842415892804,1.1150233324839751,FALSE,FALSE
2016-02-06,circumpolar,3.192325742,-0.25506574275893223,0.25506574275893223,1.1150233324839751,FALSE,FALSE
2016-02-07,circumpolar,3.134872056,-0.26821637918330277,0.26821637918330277,1.1150233324839751,FALSE,FALSE
2016-02-08,circumpolar,3.085507221,-0.27555126391680984,0.27555126391680984,1.1150233324839751,FALSE,FALSE
2016-02-09,circumpolar,3.070664512,-0.2506395924610323,0.2506395924610323,1.1150233324839751,FALSE,FALSE
2016-02-10,circumpolar,3.043356345,-0.2406921864689755,0.2406921864689755,1.1150233324839751,FALSE,FALSE
2016-02-11,circumpolar,2.968991428,-0.2805496776892311,0.2805496776892311,1.1150233324839751,FALSE,FALSE
2016-02-12,circumpolar,2.934649199,-0.28338196787040904,0.28338196787040904,1.1150233324839751,FALSE,FALSE
2016-02-13,circumpolar,2.913646871,-0.27612118376111816,0.27612118376111816,1.1150233324839751,FALSE,FALSE
2016-02-14,circumpolar,2.897332836,-0.26766827310995245,0.26766827310995245,1.1150233324839751,FALSE,FALSE
2016-02-15,circumpolar,2.870175359,-0.27380431066552235,0.27380431066552235,1.1150233324839751,FALSE,FALSE
2016-02-16,circumpolar,2.855757108,-0.2711959681764333,0.2711959681764333,1.1150233324839751,FALSE,FALSE
2016-02-17,circumpolar,2.884346956,-0.22982371239127852,0.22982371239127852,1.1150233324839751,FALSE,FALSE
2016-02-18,circumpolar,2.917970878,-0.18791090805867228,0.18791090805867228,1.1150233324839751,FALSE,FALSE
2016-02-19,circumpolar,2.940675295,-0.16166047392721916,0.16166047392721916,1.1150233324839751,FALSE,FALSE
2016-02-20,circumpolar,2.961382243,-0.14239971374551263,0.14239971374551263,1.1150233324839751,FALSE,FALSE
2016-02-21,circumpolar,3.009336534,-0.10111102148380936,0.10111102148380936,1.1150233324839751,FALSE,FALSE
2016-02-22,circumpolar,3.039109762,-0.08318166730255028,0.08318166730255028,1.1150233324839751,FALSE,FALSE
2016-02-23,circumpolar,3.015201601,-0.12389232868028356,0.12389232868028356,1.1150233324839751,FALSE,FALSE
2016-02-24,circumpolar,3.009124482,-0.15150769912685955,0.15150769912685955,1.1150233324839751,FALSE,FALSE
2016-02-25,circumpolar,3.064504109,-0.1221791991521144,0.1221791991521144,1.1150233324839751,FALSE,FALSE
2016-02-26,circumpolar,3.058762185,-0.1582622502658979,0.1582622502658979,1.1150233324839751,FALSE,FALSE
2016-02-27,circumpolar,3.020626009,-0.23080667797805,0.23080667797805,1.1150233324839751,FALSE,FALSE
2016-02-28,circumpolar,3.052121655,-0.23756353279841536,0.23756353279841536,1.1150233324839751,FALSE,FALSE
2016-03-01,circumpolar,3.113423871,-0.26340756380316144,0.26340756380316144,1.1150233324839751,FALSE,FALSE
2016-03-02,circumpolar,3.211122773,-0.2141566570072242,0.2141566570072242,1.1150233324839751,FALSE,FALSE
2016-03-03,circumpolar,3.261108396,-0.2155717763588747,0.2155717763588747,1.1150233324839751,FALSE,FALSE
2016-03-04,circumpolar,3.336607266,-0.19420352665449947,0.19420352665449947,1.1150233324839751,FALSE,FALSE
2016-03-05,circumpolar,3.35954974,-0.22792206684467997,0.22792206684467997,1.1150233324839751,FALSE,FALSE
2016-03-06,circumpolar,3.364402326,-0.2821375380591786,0.2821375380591786,1.1150233324839751,FALSE,FALSE
2016-03-07,circumpolar,3.409023511,-0.2988835696810268,0.2988835696810268,1.1150233324839751,FALSE,FALSE
2016-03-08,circumpolar,3.490061275,-0.2814042980932605,0.2814042980932605,1.1150233324839751,FALSE,FALSE
2016-03-09,circumpolar,3.566129058,-0.2709783996789086,0.2709783996789086,1.1150233324839751,FALSE,FALSE
2016-03-10,circumpolar,3.630477401,-0.27424744982100036,0.27424744982100036,1.1150233324839751,FALSE,FALSE
2016-03-11,circumpolar,3.767039658,-0.2071702109025728,0.2071702109025728,1.1150233324839751,FALSE,FALSE
2016-03-12,circumpolar,3.87630424,-0.16915038830665674,0.16915038830665674,1.1150233324839751,FALSE,FALSE
2016-03-13,circumpolar,3.944133632,-0.17421761341628272,0.17421761341628272,1.1150233324839751,FALSE,FALSE
2016-03-14,circumpolar,4.055333424,-0.13745841261448355,0.13745841261448355,1.1150233324839751,FALSE,FALSE
2016-03-15,circumpolar,4.167018324,-0.10165019428429378,0.10165019428429378,1.1150233324839751,FALSE,FALSE
2016-03-16,circumpolar,4.281929032,-0.06394437480873894,0.06394437480873894,1.1150233324839751,FALSE,FALSE
2016-03-17,circumpolar,4.401832608,-0.02246730158140408,0.02246730158140408,1.1150233324839751,FALSE,FALSE
2016-03-18,circumpolar,4.499053937,-0.00481973979613137,0.00481973979613137,1.1150233324839751,FALSE,FALSE
2016-03-19,circumpolar,4.572449939,-0.01210414588586683,0.01210414588586683,1.1150233324839751,FALSE,FALSE
2016-03-20,circumpolar,4.675424446,0.0091223478298934,0.0091223478298934,1.1150233324839751,FALSE,FALSE
2016-03-21,circumpolar,4.763636776,0.01455809503168481,0.01455809503168481,1.1150233324839751,FALSE,FALSE
2016-03-22,circumpolar,4.935481217,0.10263641940002356,0.10263641940002356,1.1150233324839751,FALSE,FALSE
2016-03-23,circumpolar,5.131722669,0.21416125661542915,0.21416125661542915,1.1150233324839751,FALSE,FALSE
2016-03-24,circumpolar,5.25783984,0.2546503503584301,0.2546503503584301,1.1150233324839751,FALSE,FALSE
2016-03-25,circumpolar,5.344850351,0.25516035730953934,0.25516035730953934,1.1150233324839751,FALSE,FALSE
2016-03-26,circumpolar,5.480920849,0.30389696014928713,0.30389696014928713,1.1150233324839751,FALSE,FALSE
2016-03-27,circumpolar,5.559385074,0.29423293455819177,0.29423293455819177,1.1150233324839751,FALSE,FALSE
2016-03-28,circumpolar,5.646060599,0.29202488921677094,0.29202488921677094,1.1150233324839751,FALSE,FALSE
2016-03-29,circumpolar,5.752843718,0.3092081538055531,0.3092081538055531,1.1150233324839751,FALSE,FALSE
2016-03-30,circumpolar,5.821983417,0.2880608964225688,0.2880608964225688,1.1150233324839751,FALSE,FALSE
2016-03-31,circumpolar,5.935112461,0.3101912041565775,0.3101912041565775,1.1150233324839751,FALSE,FALSE
2016-04-01,circumpolar,6.01773056,0.30105579901417023,0.30105579901417023,1.1150233324839751,FALSE,FALSE
2016-04-02,circumpolar,6.097875012,0.28864897586500593,0.28864897586500593,1.1150233324839751,FALSE,FALSE
2016-04-03,circumpolar,6.181950716,0.2793326305787529,0.2793326305787529,1.1150233324839751,FALSE,FALSE
2016-04-04,circumpolar,6.269676008,0.27278209602507086,0.27278209602507086,1.1150233324839751,FALSE,FALSE
2016-04-05,circumpolar,6.382448622,0.2903521030736318,0.2903521030736318,1.1150233324839751,FALSE,FALSE
2016-04-06,circumpolar,6.467382258,0.27911334859408576,0.27911334859408576,1.1150233324839751,FALSE,FALSE
2016-04-07,circumpolar,6.513877279,0.22842319245610376,0.22842319245610376,1.1150233324839751,FALSE,FALSE
2016-04-08,circumpolar,6.671611217,0.28791616352934213,0.28791616352934213,1.1150233324839751,FALSE,FALSE
2016-04-09,circumpolar,6.742364321,0.2593295076834714,0.2593295076834714,1.1150233324839751,FALSE,FALSE
2016-04-10,circumpolar,6.806976093,0.2234597237881459,0.2234597237881459,1.1150233324839751,FALSE,FALSE
2016-04-11,circumpolar,6.902971049,0.21778895128038211,0.21778895128038211,1.1150233324839751,FALSE,FALSE
2016-04-12,circumpolar,7.053725083,0.2656953631985228,0.2656953631985228,1.1150233324839751,FALSE,FALSE
2016-04-13,circumpolar,7.181953735,0.2899703929391366,0.2899703929391366,1.1150233324839751,FALSE,FALSE
2016-04-14,circumpolar,7.329377452,0.3324172568093804,0.3324172568093804,1.1150233324839751,FALSE,FALSE
2016-04-15,circumpolar,7.473176643,0.3702991331164389,0.3702991331164389,1.1150233324839751,FALSE,FALSE
2016-04-16,circumpolar,7.595521504,0.3858689871674672,0.3858689871674672,1.1150233324839751,FALSE,FALSE
2016-04-17,circumpolar,7.697500976,0.3802985292696324,0.3802985292696324,1.1150233324839751,FALSE,FALSE
2016-04-18,circumpolar,7.771489767,0.34604523673009346,0.34604523673009346,1.1150233324839751,FALSE,FALSE
2016-04-19,circumpolar,7.841301528,0.3070055298560366,0.3070055298560366,1.1150233324839751,FALSE,FALSE
2016-04-20,circumpolar,7.964149,0.32047491895460656,0.32047491895460656,1.1150233324839751,FALSE,FALSE
2016-04-21,circumpolar,8.088840824,0.3353448143329789,0.3353448143329789,1.1150233324839751,FALSE,FALSE
2016-04-22,circumpolar,8.193678898,0.3299998832983251,0.3299998832983251,1.1150233324839751,FALSE,FALSE
2016-04-23,circumpolar,8.286074037,0.31193371015779636,0.31193371015779636,1.1150233324839751,FALSE,FALSE
2016-04-24,circumpolar,8.439389979,0.3545893006421341,0.3545893006421341,1.1150233324839751,FALSE,FALSE
2016-04-25,circumpolar,8.550232901,0.3546188433912558,0.3546188433912558,1.1150233324839751,FALSE,FALSE
2016-04-26,circumpolar,8.633044967,0.32649213653477993,0.32649213653477993,1.1150233324839751,FALSE,FALSE
2016-04-27,circumpolar,8.667159043,0.24956948661557551,0.24956948661557551,1.1150233324839751,FALSE,FALSE
2016-04-28,circumpolar,8.685343928,0.15664713317649517,0.15664713317649517,1.1150233324839751,FALSE,FALSE
2016-04-29,circumpolar,8.82786494,0.1880178347603927,0.1880178347603927,1.1150233324839751,FALSE,FALSE
2016-04-30,circumpolar,8.875743394,0.1247303469101304,0.1247303469101304,1.1150233324839751,FALSE,FALSE
2016-05-01,circumpolar,8.97221544,0.11004826016855418,0.11004826016855418,1.1150233324839751,FALSE,FALSE
2016-05-02,circumpolar,9.080149819,0.10686775607854317,0.10686775607854317,1.1150233324839751,FALSE,FALSE
2016-05-03,circumpolar,9.226440478,0.14211022218293756,0.14211022218293756,1.1150233324839751,FALSE,FALSE
2016-05-04,circumpolar,9.347010454,0.1517261360245925,0.1517261360245925,1.1150233324839751,FALSE,FALSE
2016-05-05,circumpolar,9.377950355,0.07183354614638127,0.07183354614638127,1.1150233324839751,FALSE,FALSE
2016-05-06,circumpolar,9.466208164,0.04940786109815498,0.04940786109815498,1.1150233324839751,FALSE,FALSE
2016-05-07,circumpolar,9.575366313,0.04805057960324888,0.04805057960324888,1.1150233324839751,FALSE,FALSE
2016-05-08,circumpolar,9.670593646,0.03292736559808595,0.03292736559808595,1.1150233324839751,FALSE,FALSE
2016-05-09,circumpolar,9.758898552,0.01103976762100344,0.01103976762100344,1.1150233324839751,FALSE,FALSE
2016-05-10,circumpolar,9.803600927,-0.05429915878968039,0.05429915878968039,1.1150233324839751,FALSE,FALSE
2016-05-11,circumpolar,9.877014686,-0.09078233909562704,0.09078233909562704,1.1150233324839751,FALSE,FALSE
2016-05-12,circumpolar,9.946854519,-0.13070192375852052,0.13070192375852052,1.1150233324839751,FALSE,FALSE
2016-05-13,circumpolar,10.05601813,-0.1311670492400232,0.1311670492400232,1.1150233324839751,FALSE,FALSE
2016-05-14,circumpolar,10.19905739,-0.09763268500181076,0.09763268500181076,1.1150233324839751,FALSE,FALSE
2016-05-15,circumpolar,10.33400471,-0.0720732605055634,0.0720732605055634,1.1150233324839751,FALSE,FALSE
2016-05-16,circumpolar,10.44048642,-0.07486928621295164,0.07486928621295164,1.1150233324839751,FALSE,FALSE
2016-05-17,circumpolar,10.51310742,-0.11142270258562448,0.11142270258562448,1.1150233324839751,FALSE,FALSE
2016-05-18,circumpolar,10.59596079,-0.13764727008528332,0.13764727008528332,1.1150233324839751,FALSE,FALSE
2016-05-19,circumpolar,10.76309444,-0.07950078613611566,0.07950078613611566,1.1150233324839751,FALSE,FALSE
2016-05-20,circumpolar,10.83676209,-0.1147145632712636,0.1147145632712636,1.1150233324839751,FALSE,FALSE
2016-05-21,circumpolar,10.93366041,-0.1265589007067458,0.1265589007067458,1.1150233324839751,FALSE,FALSE
2016-05-22,circumpolar,10.94936052,-0.21942903992337823,0.21942903992337823,1.1150233324839751,FALSE,FALSE
2016-05-23,circumpolar,11.04138717,-0.23576659240199935,0.23576659240199935,1.1150233324839751,FALSE,FALSE
2016-05-24,circumpolar,11.1217887,-0.26348957962341757,0.26348957962341757,1.1150233324839751,FALSE,FALSE
2016-05-25,circumpolar,11.16887839,-0.3242510830684626,0.3242510830684626,1.1150233324839751,FALSE,FALSE
2016-05-26,circumpolar,11.21724745,-0.38342625421796583,0.38342625421796583,1.1150233324839751,FALSE,FALSE
2016-05-27,circumpolar,11.29828703,-0.4095903045527489,0.4095903045527489,1.1150233324839751,FALSE,FALSE
2016-05-28,circumpolar,11.33282825,-0.4818784755536232,0.4818784755536232,1.1150233324839751,FALSE,FALSE
2016-05-29,circumpolar,11.33913334,-0.5819948987014243,0.5819948987014243,1.1150233324839751,FALSE,FALSE
2016-05-30,circumpolar,11.41324177,-0.6138664654769865,0.6138664654769865,1.1150233324839751,FALSE,FALSE
2016-05-31,circumpolar,11.55780141,-0.574811667361109,0.574811667361109,1.1150233324839751,FALSE,FALSE
2016-06-01,circumpolar,11.71252359,-0.5250966478035863,0.5250966478035863,1.1150233324839751,FALSE,FALSE
2016-06-02,circumpolar,11.84975873,-0.492397755949078,0.492397755949078,1.1150233324839751,FALSE,FALSE
2016-06-03,circumpolar,12.01146486,-0.434797396153396,0.434797396153396,1.1150233324839751,FALSE,FALSE
2016-06-04,circumpolar,12.12797882,-0.42199916327848896,0.42199916327848896,1.1150233324839751,FALSE,FALSE
2016-06-05,circumpolar,12.35125736,-0.3020867421863169,0.3020867421863169,1.1150233324839751,FALSE,FALSE
2016-06-06,circumpolar,12.51327249,-0.24312855773885644,0.24312855773885644,1.1150233324839751,FALSE,FALSE
2016-06-07,circumpolar,12.67848141,-0.18070784479807145,0.18070784479807145,1.1150233324839751,FALSE,FALSE
2016-06-08,circumpolar,12.80441588,-0.1573332782259289,0.1573332782259289,1.1150233324839751,FALSE,FALSE
2016-06-09,circumpolar,12.83565533,-0.22846586288440207,0.22846586288440207,1.1150233324839751,FALSE,FALSE
2016-06-10,circumpolar,12.92513868,-0.24120711363543457,0.24120711363543457,1.1150233324839751,FALSE,FALSE
2016-06-11,circumpolar,13.07354188,-0.19492151534101332,0.19492151534101332,1.1150233324839751,FALSE,FALSE
2016-06-12,circumpolar,13.26150189,-0.10901254286310548,0.10901254286310548,1.1150233324839751,FALSE,FALSE
2016-06-13,circumpolar,13.46788706,-0.00465045064324165,0.00465045064324165,1.1150233324839751,FALSE,FALSE
2016-06-14,circumpolar,13.58106345,0.00657290940100452,0.00657290940100452,1.1150233324839751,FALSE,FALSE
2016-06-15,circumpolar,13.66450804,-0.01171269615600678,0.01171269615600678,1.1150233324839751,FALSE,FALSE
2016-06-16,circumpolar,13.76617871,-0.0113885804453897,0.0113885804453897,1.1150233324839751,FALSE,FALSE
2016-06-17,circumpolar,13.83131979,-0.0470496065982875,0.0470496065982875,1.1150233324839751,FALSE,FALSE
2016-06-18,circumpolar,13.91789092,-0.06057532774581098,0.06057532774581098,1.1150233324839751,FALSE,FALSE
2016-06-19,circumpolar,14.11131196,0.03361492298090773,0.03361492298090773,1.1150233324839751,FALSE,FALSE
2016-06-20,circumpolar,14.18514361,0.00924265245074451,0.00924265245074451,1.1150233324839751,FALSE,FALSE
2016-06-21,circumpolar,14.2487293,-0.02418790246744429,0.02418790246744429,1.1150233324839751,FALSE,FALSE
2016-06-22,circumpolar,14.31851349,-0.05007147490476882,0.05007147490476882,1.1150233324839751,FALSE,FALSE
2016-06-23,circumpolar,14.36785918,-0.09488425799235678,0.09488425799235678,1.1150233324839751,FALSE,FALSE
2016-06-24,circumpolar,14.47077589,-0.08445592486134679,0.08445592486134679,1.1150233324839751,FALSE,FALSE
2016-06-25,circumpolar,14.49801205,-0.1478772386428524,0.1478772386428524,1.1150233324839751,FALSE,FALSE
2016-06-26,circumpolar,14.67996379,-0.05461928715430808,0.05461928715430808,1.1150233324839751,FALSE,FALSE
2016-06-27,circumpolar,14.80273895,-0.01865321690366883,0.01865321690366883,1.1150233324839751,FALSE,FALSE
2016-06-28,circumpolar,14.86930275,-0.03718955983785221,0.03718955983785221,1.1150233324839751,FALSE,FALSE
2016-06-29,circumpolar,14.96084207,-0.02921768542432623,0.02921768542432623,1.1150233324839751,FALSE,FALSE
2016-06-30,circumpolar,15.08960236,0.01733160686946711,0.01733160686946711,1.1150233324839751,FALSE,FALSE
2016-07-01,circumpolar,15.163713,0.01041144757606638,0.01041144757606638,1.1150233324839751,FALSE,FALSE
2016-07-02,circumpolar,15.15289065,-0.08043775277196197,0.08043775277196197,1.1150233324839751,FALSE,FALSE
2016-07-03,circumpolar,15.21946359,-0.09306396364208248,0.09306396364208248,1.1150233324839751,FALSE,FALSE
2016-07-04,circumpolar,15.3761452,-0.014930054501745,0.014930054501745,1.1150233324839751,FALSE,FALSE
2016-07-05,circumpolar,15.5799624,0.11081464518159656,0.11081464518159656,1.1150233324839751,FALSE,FALSE
2016-07-06,circumpolar,15.77395374,0.22703243594049735,0.22703243594049735,1.1150233324839751,FALSE,FALSE
2016-07-07,circumpolar,15.87704477,0.25247261830750034,0.25247261830750034,1.1150233324839751,FALSE,FALSE
2016-07-08,circumpolar,15.93598927,0.23371313580904207,0.23371313580904207,1.1150233324839751,FALSE,FALSE
2016-07-09,circumpolar,16.02865781,0.24852904737051065,0.24852904737051065,1.1150233324839751,FALSE,FALSE
2016-07-10,circumpolar,16.10799832,0.24994856200045845,0.24994856200045845,1.1150233324839751,FALSE,FALSE
2016-07-11,circumpolar,16.17610158,0.2401660021176344,0.2401660021176344,1.1150233324839751,FALSE,FALSE
2016-07-12,circumpolar,16.26033873,0.24665605014086012,0.24665605014086012,1.1150233324839751,FALSE,FALSE
2016-07-13,circumpolar,16.30486141,0.21367388848890911,0.21367388848890911,1.1150233324839751,FALSE,FALSE
2016-07-14,circumpolar,16.35107387,0.18272730958058503,0.18272730958058503,1.1150233324839751,FALSE,FALSE
2016-07-15,circumpolar,16.38244218,0.1373859258346677,0.1373859258346677,1.1150233324839751,FALSE,FALSE
2016-07-16,circumpolar,16.41319783,0.09198476966994208,0.09198476966994208,1.1150233324839751,FALSE,FALSE
2016-07-17,circumpolar,16.44426578,0.04755234350523096,0.04755234350523096,1.1150233324839751,FALSE,FALSE
2016-07-18,circumpolar,16.53447045,0.0630166097592948,0.0630166097592948,1.1150233324839751,FALSE,FALSE
2016-07-19,circumpolar,16.50901998,-0.03631074914906307,0.03631074914906307,1.1150233324839751,FALSE,FALSE
2016-07-20,circumpolar,16.54918025,-0.0690603108010599,0.0690603108010599,1.1150233324839751,FALSE,FALSE
2016-07-21,circumpolar,16.6407072,-0.04937547471951475,0.04937547471951475,1.1150233324839751,FALSE,FALSE
2016-07-22,circumpolar,16.77289947,0.01210328215639222,0.01210328215639222,1.1150233324839751,FALSE,FALSE
2016-07-23,circumpolar,16.85418018,0.02383096755018243,0.02383096755018243,1.1150233324839751,FALSE,FALSE
2016-07-24,circumpolar,16.91930363,0.02059311145826825,0.02059311145826825,1.1150233324839751,FALSE,FALSE
2016-07-25,circumpolar,16.93706698,-0.02878189612290782,0.02878189612290782,1.1150233324839751,FALSE,FALSE
2016-07-26,circumpolar,17.05194068,0.0202076248030778,0.0202076248030778,1.1150233324839751,FALSE,FALSE
2016-07-27,circumpolar,17.13573523,0.03940340423264743,0.03940340423264743,1.1150233324839751,FALSE,FALSE
2016-07-28,circumpolar,17.09834712,-0.06126683783776343,0.06126683783776343,1.1150233324839751,FALSE,FALSE
2016-07-29,circumpolar,17.15903488,-0.06251334141171583,0.06251334141171583,1.1150233324839751,FALSE,FALSE
2016-07-30,circumpolar,17.17614634,-0.1059570464928079,0.1059570464928079,1.1150233324839751,FALSE,FALSE
2016-07-31,circumpolar,17.25193038,-0.08931784308460777,0.08931784308460777,1.1150233324839751,FALSE,FALSE
2016-08-01,circumpolar,17.31602288,-0.08292862119066768,0.08292862119066768,1.1150233324839751,FALSE,FALSE
2016-08-02,circumpolar,17.30595429,-0.14922770137723518,0.14922770137723518,1.1150233324839751,FALSE,FALSE
2016-08-03,circumpolar,17.33879737,-0.1711262840620975,0.1711262840620975,1.1150233324839751,FALSE,FALSE
2016-08-04,circumpolar,17.38403331,-0.17918193532508653,0.17918193532508653,1.1150233324839751,FALSE,FALSE
2016-08-05,circumpolar,17.42271318,-0.19239469298776513,0.19239469298776513,1.1150233324839751,FALSE,FALSE
2016-08-06,circumpolar,17.50147642,-0.16417622487172423,0.16417622487172423,1.1150233324839751,FALSE,FALSE
2016-08-07,circumpolar,17.62474583,-0.09015483879856843,0.09015483879856843,1.1150233324839751,FALSE,FALSE
2016-08-08,circumpolar,17.76008319,-0.00281986258987032,0.00281986258987032,1.1150233324839751,FALSE,FALSE
2016-08-09,circumpolar,17.89273946,0.08302855593276348,0.08302855593276348,1.1150233324839751,FALSE,FALSE
2016-08-10,circumpolar,17.9477351,0.09235976894774822,0.09235976894774822,1.1150233324839751,FALSE,FALSE
2016-08-11,circumpolar,18.05005191,0.15010446863349358,0.15010446863349358,1.1150233324839751,FALSE,FALSE
2016-08-12,circumpolar,18.16807995,0.2246016071684238,0.2246016071684238,1.1150233324839751,FALSE,FALSE
2016-08-13,circumpolar,18.2151526,0.22913345673093843,0.22913345673093843,1.1150233324839751,FALSE,FALSE
2016-08-14,circumpolar,18.2799628,0.25234184949944094,0.25234184949944094,1.1150233324839751,FALSE,FALSE
2016-08-15,circumpolar,18.40396553,0.33563153622264963,0.33563153622264963,1.1150233324839751,FALSE,FALSE
2016-08-16,circumpolar,18.47262128,0.36443889082216074,0.36443889082216074,1.1150233324839751,FALSE,FALSE
2016-08-17,circumpolar,18.49222548,0.3450651158053759,0.3450651158053759,1.1150233324839751,FALSE,FALSE
2016-08-18,circumpolar,18.55304286,0.3677823516514387,0.3677823516514387,1.1150233324839751,FALSE,FALSE
2016-08-19,circumpolar,18.63155844,0.4090830288395182,0.4090830288395182,1.1150233324839751,FALSE,FALSE
2016-08-20,circumpolar,18.68072144,0.4219237778487894,0.4219237778487894,1.1150233324839751,FALSE,FALSE
2016-08-21,circumpolar,18.69881202,0.4045921691584127,0.4045921691584127,1.1150233324839751,FALSE,FALSE
2016-08-22,circumpolar,18.71976191,0.3910273432475435,0.3910273432475435,1.1150233324839751,FALSE,FALSE
2016-08-23,circumpolar,18.68185207,0.3195176705953493,0.3195176705953493,1.1150233324839751,FALSE,FALSE
2016-08-24,circumpolar,18.69932345,0.304311511681,0.304311511681,1.1150233324839751,FALSE,FALSE
2016-08-25,circumpolar,18.8196882,0.3929284269836444,0.3929284269836444,1.1150233324839751,FALSE,FALSE
2016-08-26,circumpolar,18.89082561,0.4332551169824512,0.4332551169824512,1.1150233324839751,FALSE,FALSE
2016-08-27,circumpolar,18.86493228,0.37749559215659545,0.37749559215659545,1.1150233324839751,FALSE,FALSE
2016-08-28,circumpolar,18.89482962,0.37847958252199376,0.37847958252199376,1.1150233324839751,FALSE,FALSE
2016-08-29,circumpolar,18.87568709,0.33139039598277265,0.33139039598277265,1.1150233324839751,FALSE,FALSE
2016-08-30,circumpolar,18.78760374,0.2163430074466284,0.2163430074466284,1.1150233324839751,FALSE,FALSE
2016-08-31,circumpolar,18.73479729,0.13757106554676923,0.13757106554676923,1.1150233324839751,FALSE,FALSE
2016-09-01,circumpolar,18.61887096,-0.00330628108361707,0.00330628108361707,1.1150233324839751,FALSE,FALSE
2016-09-02,circumpolar,18.60840465,-0.03769320381131891,0.03769320381131891,1.1150233324839751,FALSE,FALSE
2016-09-03,circumpolar,18.6476379,-0.02133423400314527,0.02133423400314527,1.1150233324839751,FALSE,FALSE
2016-09-04,circumpolar,18.61835336,-0.07243079302591937,0.07243079302591937,1.1150233324839751,FALSE,FALSE
2016-09-05,circumpolar,18.66627259,-0.04524539224640378,0.04524539224640378,1.1150233324839751,FALSE,FALSE
2016-09-06,circumpolar,18.64688656,-0.0842711330314394,0.0842711330314394,1.1150233324839751,FALSE,FALSE
2016-09-07,circumpolar,18.65987482,-0.08981253674781442,0.08981253674781442,1.1150233324839751,FALSE,FALSE
2016-09-08,circumpolar,18.70728153,-0.05980951476233187,0.05980951476233187,1.1150233324839751,FALSE,FALSE
2016-09-09,circumpolar,18.56328505,-0.2200677545599277,0.2200677545599277,1.1150233324839751,FALSE,FALSE
2016-09-10,circumpolar,18.50662166,-0.2918327564813339,0.2918327564813339,1.1150233324839751,FALSE,FALSE
2016-09-11,circumpolar,18.4138509,-0.3985226582247954,0.3985226582247954,1.1150233324839751,FALSE,FALSE
2016-09-12,circumpolar,18.3044764,-0.5206110755160509,0.5206110755160509,1.1150233324839751,FALSE,FALSE
2016-09-13,circumpolar,18.22177753,-0.6147958840808663,0.6147958840808663,1.1150233324839751,FALSE,FALSE
2016-09-14,circumpolar,18.15547952,-0.6913290996450208,0.6913290996450208,1.1150233324839751,FALSE,FALSE
2016-09-15,circumpolar,18.14180963,-0.7139607079342483,0.7139607079342483,1.1150233324839751,FALSE,FALSE
2016-09-16,circumpolar,18.1782581,-0.6851777146743103,0.6851777146743103,1.1150233324839751,FALSE,FALSE
2016-09-17,circumpolar,18.28341533,-0.5863669655909796,0.5863669655909796,1.1150233324839751,FALSE,FALSE
2016-09-18,circumpolar,18.33441361,-0.5403734164099987,0.5403734164099987,1.1150233324839751,FALSE,FALSE
2016-09-19,circumpolar,18.30038051,-0.578046742857147,0.578046742857147,1.1150233324839751,FALSE,FALSE
2016-09-20,circumpolar,18.31551446,-0.5651657606581644,0.5651657606581644,1.1150233324839751,FALSE,FALSE
2016-09-21,circumpolar,18.33608348,-0.545439695538807,0.545439695538807,1.1150233324839751,FALSE,FALSE
2016-09-22,circumpolar,18.33608295,-0.5448511939715388,0.5448511939715388,1.1150233324839751,FALSE,FALSE
2016-09-23,circumpolar,18.32942143,-0.5494780812005118,0.5494780812005118,1.1150233324839751,FALSE,FALSE
2016-09-24,circumpolar,18.32398823,-0.5514225030292934,0.5514225030292934,1.1150233324839751,FALSE,FALSE
2016-09-25,circumpolar,18.34467545,-0.5257838864069662,0.5257838864069662,1.1150233324839751,FALSE,FALSE
2016-09-26,circumpolar,18.39666486,-0.4673719882826468,0.4673719882826468,1.1150233324839751,FALSE,FALSE
2016-09-27,circumpolar,18.37084379,-0.4852910056054327,0.4852910056054327,1.1150233324839751,FALSE,FALSE
2016-09-28,circumpolar,18.36682997,-0.4799147353244386,0.4799147353244386,1.1150233324839751,FALSE,FALSE
2016-09-29,circumpolar,18.41465797,-0.42120013438876214,0.42120013438876214,1.1150233324839751,FALSE,FALSE
2016-09-30,circumpolar,18.4115293,-0.4119372197474931,0.4119372197474931,1.1150233324839751,FALSE,FALSE
2016-10-01,circumpolar,18.38607747,-0.4234840083497531,0.4234840083497531,1.1150233324839751,FALSE,FALSE
2016-10-02,circumpolar,18.37582122,-0.4183132871446311,0.4183132871446311,1.1150233324839751,FALSE,FALSE
2016-10-03,circumpolar,18.38263114,-0.3945459930812305,0.3945459930812305,1.1150233324839751,FALSE,FALSE
2016-10-04,circumpolar,18.40627245,-0.3524084303974746,0.3524084303974746,1.1150233324839751,FALSE,FALSE
2016-10-05,circumpolar,18.44065457,-0.2979794237875275,0.2979794237875275,1.1150233324839751,FALSE,FALSE
2016-10-06,circumpolar,18.38240029,-0.3346147810060778,0.3346147810060778,1.1150233324839751,FALSE,FALSE
2016-10-07,circumpolar,18.27305279,-0.4207481549192451,0.4207481549192451,1.1150233324839751,FALSE,FALSE
2016-10-08,circumpolar,18.25873807,-0.41023037839314824,0.41023037839314824,1.1150233324839751,FALSE,FALSE
2016-10-09,circumpolar,18.2539543,-0.3885401142938818,0.3885401142938818,1.1150233324839751,FALSE,FALSE
2016-10-10,circumpolar,18.2035782,-0.41077747548758126,0.41077747548758126,1.1150233324839751,FALSE,FALSE
2016-10-11,circumpolar,18.20725431,-0.37727475484037853,0.37727475484037853,1.1150233324839751,FALSE,FALSE
2016-10-12,circumpolar,18.19452103,-0.35847038521834307,0.35847038521834307,1.1150233324839751,FALSE,FALSE
2016-10-13,circumpolar,18.12227265,-0.3974469094876376,0.3974469094876376,1.1150233324839751,FALSE,FALSE
2016-10-14,circumpolar,18.0960831,-0.3886072305143422,0.3886072305143422,1.1150233324839751,FALSE,FALSE
2016-10-15,circumpolar,18.01138222,-0.43649834116459374,0.43649834116459374,1.1150233324839751,FALSE,FALSE
2016-10-16,circumpolar,17.93108763,-0.4781794543045095,0.4781794543045095,1.1150233324839751,FALSE,FALSE
2016-10-17,circumpolar,17.79112036,-0.5777067457246474,0.5777067457246474,1.1150233324839751,FALSE,FALSE
2016-10-18,circumpolar,17.72300726,-0.6035384920206326,0.6035384920206326,1.1150233324839751,FALSE,FALSE
2016-10-19,circumpolar,17.5863883,-0.696027422198739,0.696027422198739,1.1150233324839751,FALSE,FALSE
2016-10-20,circumpolar,17.52820803,-0.708221988466665,0.708221988466665,1.1150233324839751,FALSE,FALSE
2016-10-21,circumpolar,17.44723922,-0.741342423032112,0.741342423032112,1.1150233324839751,FALSE,FALSE
2016-10-22,circumpolar,17.36857837,-0.7702852281027788,0.7702852281027788,1.1150233324839751,FALSE,FALSE
2016-10-23,circumpolar,17.34134014,-0.7459287458863493,0.7459287458863493,1.1150233324839751,FALSE,FALSE
2016-10-24,circumpolar,17.22590115,-0.8078893585905327,0.8078893585905327,1.1150233324839751,FALSE,FALSE
2016-10-25,circumpolar,17.18210554,-0.7963159284230201,0.7963159284230201,1.1150233324839751,FALSE,FALSE
2016-10-26,circumpolar,17.10187664,-0.8192781275914918,0.8192781275914918,1.1150233324839751,FALSE,FALSE
2016-10-27,circumpolar,17.03784847,-0.8241349383036649,0.8241349383036649,1.1150233324839751,FALSE,FALSE
2016-10-28,circumpolar,16.98485291,-0.8160474827672317,0.8160474827672317,1.1150233324839751,FALSE,FALSE
2016-10-29,circumpolar,16.96039693,-0.7775017931898773,0.7775017931898773,1.1150233324839751,FALSE,FALSE
2016-10-30,circumpolar,16.9489139,-0.7240348435034676,0.7240348435034676,1.1150233324839751,FALSE,FALSE
2016-10-31,circumpolar,16.90977572,-0.6961335486861024,0.6961335486861024,1.1150233324839751,FALSE,FALSE
2016-11-01,circumpolar,16.82554733,-0.7110575263551802,0.7110575263551802,1.1150233324839751,FALSE,FALSE
2016-11-02,circumpolar,16.75513541,-0.709724644918829,0.709724644918829,1.1150233324839751,FALSE,FALSE
2016-11-03,circumpolar,16.69985867,-0.6906407427851669,0.6906407427851669,1.1150233324839751,FALSE,FALSE
2016-11-04,circumpolar,16.47334065,-0.8400068283623199,0.8400068283623199,1.1150233324839751,FALSE,FALSE
2016-11-05,circumpolar,16.4119321,-0.8212967000584115,0.8212967000584115,1.1150233324839751,FALSE,FALSE
2016-11-06,circumpolar,16.29660656,-0.8533613662815718,0.8533613662815718,1.1150233324839751,FALSE,FALSE
2016-11-07,circumpolar,16.20365819,-0.8597312154399077,0.8597312154399077,1.1150233324839751,FALSE,FALSE
2016-11-08,circumpolar,16.05010114,-0.9232166459415616,0.9232166459415616,1.1150233324839751,FALSE,FALSE
2016-11-09,circumpolar,15.89052715,-0.9890504661946338,0.9890504661946338,1.1150233324839751,FALSE,FALSE
2016-11-10,circumpolar,15.66486962,-1.1171238246072672,1.1171238246072672,1.1150233324839751,TRUE,TRUE
2016-11-11,circumpolar,15.4452163,-1.2351748213632892,1.2351748213632892,1.1150233324839751,TRUE,TRUE
2016-11-12,circumpolar,15.23045109,-1.3442174195776977,1.3442174195776977,1.1150233324839751,TRUE,TRUE
2016-11-13,circumpolar,14.94094083,-1.5238908928273585,1.5238908928273585,1.1150233324839751,TRUE,TRUE
2016-11-14,circumpolar,14.70405322,-1.6468425835688285,1.6468425835688285,1.1150233324839751,TRUE,TRUE
2016-11-15,circumpolar,14.6007636,-1.6321121942586458,1.6321121942586458,1.1150233324839751,TRUE,TRUE
2016-11-16,circumpolar,14.44119332,-1.6695934173533686,1.6695934173533686,1.1150233324839751,TRUE,TRUE
2016-11-17,circumpolar,14.32353042,-1.6611132553095516,1.6611132553095516,1.1150233324839751,TRUE,TRUE
2016-11-18,circumpolar,14.12739934,-1.7270623105837384,1.7270623105837384,1.1150233324839751,TRUE,TRUE
2016-11-19,circumpolar,13.90217668,-1.818079025632473,1.818079025632473,1.1150233324839751,TRUE,TRUE
2016-11-20,circumpolar,13.70800702,-1.8740338629123168,1.8740338629123168,1.1150233324839751,TRUE,TRUE
2016-11-21,circumpolar,13.60678262,-1.8330496048798075,1.8330496048798075,1.1150233324839751,TRUE,TRUE
2016-11-22,circumpolar,13.53501011,-1.7586346639915114,1.7586346639915114,1.1150233324839751,TRUE,TRUE
2016-11-23,circumpolar,13.38039675,-1.7630968227039627,1.7630968227039627,1.1150233324839751,TRUE,TRUE
2016-11-24,circumpolar,13.21500911,-1.7743770462798043,1.7743770462798043,1.1150233324839751,TRUE,TRUE
2016-11-25,circumpolar,13.07111935,-1.760147215393301,1.760147215393301,1.1150233324839751,TRUE,TRUE
2016-11-26,circumpolar,12.94058656,-1.728460353993608,1.728460353993608,1.1150233324839751,TRUE,TRUE
2016-11-27,circumpolar,12.78681476,-1.7158243142034415,1.7158243142034415,1.1150233324839751,TRUE,TRUE
2016-11-28,circumpolar,12.63307611,-1.6988788081455493,1.6988788081455493,1.1150233324839751,TRUE,TRUE
2016-11-29,circumpolar,12.49216834,-1.6647379779426608,1.6647379779426608,1.1150233324839751,TRUE,TRUE
2016-11-30,circumpolar,12.26662311,-1.7107820357175143,1.7107820357175143,1.1150233324839751,TRUE,TRUE
2016-12-01,circumpolar,12.11126239,-1.6821008835928415,1.6821008835928415,1.1150233324839751,TRUE,TRUE
2016-12-02,circumpolar,11.81169669,-1.7929958836913895,1.7929958836913895,1.1150233324839751,TRUE,TRUE
2016-12-03,circumpolar,11.55132426,-1.859980658135882,1.859980658135882,1.1150233324839751,TRUE,TRUE
2016-12-04,circumpolar,11.30894171,-1.9041704690490615,1.9041704690490615,1.1150233324839751,TRUE,TRUE
2016-12-05,circumpolar,11.14264134,-1.867384888553662,1.867384888553662,1.1150233324839751,TRUE,TRUE
2016-12-06,circumpolar,10.92071329,-1.881246143093005,1.881246143093005,1.1150233324839751,TRUE,TRUE
2016-12-07,circumpolar,10.71300344,-1.8759741720385923,1.8759741720385923,1.1150233324839751,TRUE,TRUE
2016-12-08,circumpolar,10.44880418,-1.9227124768800703,1.9227124768800703,1.1150233324839751,TRUE,TRUE
2016-12-09,circumpolar,10.15492576,-1.995141367009337,1.995141367009337,1.1150233324839751,TRUE,TRUE
2016-12-10,circumpolar,9.74090781,-2.1842117718182923,2.1842117718182923,1.1150233324839751,TRUE,TRUE
2016-12-11,circumpolar,9.432472831,-2.2646917496988426,2.2646917496988426,1.1150233324839751,TRUE,TRUE
2016-12-12,circumpolar,9.195734407,-2.270958276042885,2.270958276042885,1.1150233324839751,TRUE,TRUE
2016-12-13,circumpolar,8.957553511,-2.27664093724232,2.27664093724232,1.1150233324839751,TRUE,TRUE
2016-12-14,circumpolar,8.670913683,-2.32924675268905,2.32924675268905,1.1150233324839751,TRUE,TRUE
2016-12-15,circumpolar,8.477959286,-2.287121918774961,2.287121918774961,1.1150233324839751,TRUE,TRUE
2016-12-16,circumpolar,8.315964472,-2.213482842891972,2.213482842891972,1.1150233324839751,TRUE,TRUE
2016-12-17,circumpolar,8.120644339,-2.1731049864319765,2.1731049864319765,1.1150233324839751,TRUE,TRUE
2016-12-18,circumpolar,7.867454091,-2.191023704786873,2.191023704786873,1.1150233324839751,TRUE,TRUE
2016-12-19,circumpolar,7.694781834,-2.129339868307567,2.129339868307567,1.1150233324839751,TRUE,TRUE
2016-12-20,circumpolar,7.528828549,-2.062316441415385,2.062316441415385,1.1150233324839751,TRUE,TRUE
2016-12-21,circumpolar,7.384782776,-1.975208849318072,1.975208849318072,1.1150233324839751,TRUE,TRUE
2016-12-22,circumpolar,7.215226898,-1.9158781174363044,1.9158781174363044,1.1150233324839751,TRUE,TRUE
2016-12-23,circumpolar,7.022409063,-1.88251950619078,1.88251950619078,1.1150233324839751,TRUE,TRUE
2016-12-24,circumpolar,6.818042569,-1.8638631260021592,1.8638631260021592,1.1150233324839751,TRUE,TRUE
2016-12-25,circumpolar,6.6655771,-1.7969027012911507,1.7969027012911507,1.1150233324839751,TRUE,TRUE
2016-12-26,circumpolar,6.502849087,-1.744245209478403,1.744245209478403,1.1150233324839751,TRUE,TRUE
2016-12-27,circumpolar,6.364992411,-1.6712001779846295,1.6712001779846295,1.1150233324839751,TRUE,TRUE
2016-12-28,circumpolar,6.250906971,-1.579311116230481,1.579311116230481,1.1150233324839751,TRUE,TRUE
2016-12-29,circumpolar,6.20175555,-1.4278586496366632,1.4278586496366632,1.1150233324839751,TRUE,TRUE
2016-12-30,circumpolar,5.999413456,-1.43541087862386,1.43541087862386,1.1150233324839751,TRUE,TRUE
2016-12-31,circumpolar,5.857069793,-1.3892221076127391,1.3892221076127391,1.1150233324839751,TRUE,TRUE
2017-01-01,circumpolar,5.660374176,-1.5859177246127327,1.5859177246127327,1.1150233324839751,TRUE,TRUE
2017-01-02,circumpolar,5.622024326,-1.4423185565692709,1.4423185565692709,1.1150233324839751,TRUE,TRUE
2017-01-03,circumpolar,5.529493896,-1.3593396756406122,1.3593396756406122,1.1150233324839751,TRUE,TRUE
2017-01-04,circumpolar,5.390773707,-1.3287291285191802,1.3287291285191802,1.1150233324839751,TRUE,TRUE
2017-01-05,circumpolar,5.344054982,-1.2120345598973865,1.2120345598973865,1.1150233324839751,TRUE,TRUE
2017-01-06,circumpolar,5.223959318,-1.1743732404676803,1.1743732404676803,1.1150233324839751,TRUE,TRUE
2017-01-07,circumpolar,5.131222765,-1.11474798792249,1.11474798792249,1.1150233324839751,FALSE,FALSE
2017-01-08,circumpolar,5.018454486,-1.0802885069542283,1.0802885069542283,1.1150233324839751,FALSE,FALSE
2017-01-09,circumpolar,4.866032171,-1.0903559752553402,1.0903559752553402,1.1150233324839751,FALSE,FALSE
2017-01-10,circumpolar,4.65791879,-1.1607262905182338,1.1607262905182338,1.1150233324839751,TRUE,TRUE
2017-01-11,circumpolar,4.460149319,-1.2251033444353592,1.2251033444353592,1.1150233324839751,TRUE,TRUE
2017-01-12,circumpolar,4.333820332,-1.2221294306991304,1.2221294306991304,1.1150233324839751,TRUE,TRUE
2017-01-13,circumpolar,4.174155669,-1.25631957700198,1.25631957700198,1.1150233324839751,TRUE,TRUE
2017-01-14,circumpolar,3.95194537,-1.356625837027086,1.356625837027086,1.1150233324839751,TRUE,TRUE
2017-01-15,circumpolar,3.831216274,-1.35887922961314,1.35887922961314,1.1150233324839751,TRUE,TRUE
2017-01-16,circumpolar,3.747902592,-1.3271484292989344,1.3271484292989344,1.1150233324839751,TRUE,TRUE
2017-01-17,circumpolar,3.630172015,-1.3332778026675831,1.3332778026675831,1.1150233324839751,TRUE,TRUE
2017-01-18,circumpolar,3.493352568,-1.3619513823021951,1.3619513823021951,1.1150233324839751,TRUE,TRUE
2017-01-19,circumpolar,3.415258266,-1.3353672107858825,1.3353672107858825,1.1150233324839751,TRUE,TRUE
2017-01-20,circumpolar,3.331248601,-1.3181778537017546,1.3181778537017546,1.1150233324839751,TRUE,TRUE
2017-01-21,circumpolar,3.256700188,-1.2950187536329263,1.2950187536329263,1.1150233324839751,TRUE,TRUE
2017-01-22,circumpolar,3.217664994,-1.2398500011625069,1.2398500011625069,1.1150233324839751,TRUE,TRUE
2017-01-23,circumpolar,3.13444852,-1.2323781528736055,1.2323781528736055,1.1150233324839751,TRUE,TRUE
2017-01-24,circumpolar,3.031884022,-1.2477820103493409,1.2477820103493409,1.1150233324839751,TRUE,TRUE
2017-01-25,circumpolar,2.942336301,-1.253708830172819,1.253708830172819,1.1150233324839751,TRUE,TRUE
2017-01-26,circumpolar,2.856772069,-1.2592039579271477,1.2592039579271477,1.1150233324839751,TRUE,TRUE
2017-01-27,circumpolar,2.736955243,-1.3025040623418902,1.3025040623418902,1.1150233324839751,TRUE,TRUE
2017-01-28,circumpolar,2.684607521,-1.2818103729053143,1.2818103729053143,1.1150233324839751,TRUE,TRUE
2017-01-29,circumpolar,2.60985214,-1.286890378586206,1.286890378586206,1.1150233324839751,TRUE,TRUE
2017-01-30,circumpolar,2.627366521,-1.2029572806220457,1.2029572806220457,1.1150233324839751,TRUE,TRUE
2017-01-31,circumpolar,2.623401559,-1.1436508062502924,1.1436508062502924,1.1150233324839751,TRUE,TRUE
2017-02-01,circumpolar,2.523587276,-1.1832315557084292,1.1832315557084292,1.1150233324839751,TRUE,TRUE
2017-02-02,circumpolar,2.501158401,-1.1483554222339256,1.1483554222339256,1.1150233324839751,TRUE,TRUE
2017-02-03,circumpolar,2.5206849,-1.0743430620642471,1.0743430620642471,1.1150233324839751,FALSE,FALSE
2017-02-04,circumpolar,2.504334859,-1.0389170114368738,1.0389170114368738,1.1150233324839751,FALSE,FALSE
2017-02-05,circumpolar,2.497335518,-0.9967406525892804,0.9967406525892804,1.1150233324839751,FALSE,FALSE
2017-02-06,circumpolar,2.508680687,-0.9387107977589322,0.9387107977589322,1.1150233324839751,FALSE,FALSE
2017-02-07,circumpolar,2.457529626,-0.9455588091833028,0.9455588091833028,1.1150233324839751,FALSE,FALSE
2017-02-08,circumpolar,2.406398118,-0.95466036691681,0.95466036691681,1.1150233324839751,FALSE,FALSE
2017-02-09,circumpolar,2.401649197,-0.9196549074610324,0.9196549074610324,1.1150233324839751,FALSE,FALSE
2017-02-10,circumpolar,2.399986368,-0.8840621634689754,0.8840621634689754,1.1150233324839751,FALSE,FALSE
2017-02-11,circumpolar,2.38432789,-0.8652132156892312,0.8652132156892312,1.1150233324839751,FALSE,FALSE
2017-02-12,circumpolar,2.367870241,-0.850160925870409,0.850160925870409,1.1150233324839751,FALSE,FALSE
2017-02-13,circumpolar,2.355362176,-0.8344058787611184,0.8344058787611184,1.1150233324839751,FALSE,FALSE
2017-02-14,circumpolar,2.367151646,-0.7978494631099524,0.7978494631099524,1.1150233324839751,FALSE,FALSE
2017-02-15,circumpolar,2.352124605,-0.7918550646655222,0.7918550646655222,1.1150233324839751,FALSE,FALSE
2017-02-16,circumpolar,2.382631396,-0.7443216801764336,0.7443216801764336,1.1150233324839751,FALSE,FALSE
2017-02-17,circumpolar,2.355163797,-0.7590068713912785,0.7590068713912785,1.1150233324839751,FALSE,FALSE
2017-02-18,circumpolar,2.360507339,-0.7453744470586723,0.7453744470586723,1.1150233324839751,FALSE,FALSE
2017-02-19,circumpolar,2.35332937,-0.7490063989272193,0.7490063989272193,1.1150233324839751,FALSE,FALSE
2017-02-20,circumpolar,2.354817137,-0.7489648197455128,0.7489648197455128,1.1150233324839751,FALSE,FALSE
2017-02-21,circumpolar,2.335023835,-0.7754237204838095,0.7754237204838095,1.1150233324839751,FALSE,FALSE
2017-02-22,circumpolar,2.310309884,-0.8119815453025501,0.8119815453025501,1.1150233324839751,FALSE,FALSE
2017-02-23,circumpolar,2.320657437,-0.8184364926802834,0.8184364926802834,1.1150233324839751,FALSE,FALSE
2017-02-24,circumpolar,2.315393061,-0.8452391201268594,0.8452391201268594,1.1150233324839751,FALSE,FALSE
2017-02-25,circumpolar,2.307620179,-0.8790631291521143,0.8790631291521143,1.1150233324839751,FALSE,FALSE
2017-02-26,circumpolar,2.264250037,-0.9527743982658978,0.9527743982658978,1.1150233324839751,FALSE,FALSE
2017-02-27,circumpolar,2.283567429,-0.9678652579780498,0.9678652579780498,1.1150233324839751,FALSE,FALSE
2017-02-28,circumpolar,2.287697228,-1.0019879597984156,1.0019879597984156,1.1150233324839751,FALSE,FALSE
2017-03-01,circumpolar,2.245435144,-1.0861239182368363,1.0861239182368363,1.1150233324839751,FALSE,FALSE
2017-03-02,circumpolar,2.289958018,-1.0868734168031615,1.0868734168031615,1.1150233324839751,FALSE,FALSE
2017-03-03,circumpolar,2.336949651,-1.0883297790072244,1.0883297790072244,1.1150233324839751,FALSE,FALSE
2017-03-04,circumpolar,2.313689909,-1.162990263358875,1.162990263358875,1.1150233324839751,TRUE,TRUE
2017-03-05,circumpolar,2.343078414,-1.1877323786544998,1.1877323786544998,1.1150233324839751,TRUE,TRUE
2017-03-06,circumpolar,2.359706508,-1.22776529884468,1.22776529884468,1.1150233324839751,TRUE,TRUE
2017-03-07,circumpolar,2.456403201,-1.1901366630591783,1.1901366630591783,1.1150233324839751,TRUE,TRUE
2017-03-08,circumpolar,2.554440498,-1.1534665826810269,1.1534665826810269,1.1150233324839751,TRUE,TRUE
2017-03-09,circumpolar,2.593362459,-1.1781031140932603,1.1781031140932603,1.1150233324839751,TRUE,TRUE
2017-03-10,circumpolar,2.648238491,-1.1888689666789087,1.1888689666789087,1.1150233324839751,TRUE,TRUE
2017-03-11,circumpolar,2.672980577,-1.231744273821,1.231744273821,1.1150233324839751,TRUE,TRUE
2017-03-12,circumpolar,2.704353096,-1.2698567729025725,1.2698567729025725,1.1150233324839751,TRUE,TRUE
2017-03-13,circumpolar,2.768305927,-1.2771487013066567,1.2771487013066567,1.1150233324839751,TRUE,TRUE
2017-03-14,circumpolar,2.827596016,-1.2907552294162823,1.2907552294162823,1.1150233324839751,TRUE,TRUE
2017-03-15,circumpolar,2.924204178,-1.268587658614483,1.268587658614483,1.1150233324839751,TRUE,TRUE
2017-03-16,circumpolar,2.973147116,-1.2955214022842938,1.2955214022842938,1.1150233324839751,TRUE,TRUE
2017-03-17,circumpolar,3.0222273,-1.3236461068087388,1.3236461068087388,1.1150233324839751,TRUE,TRUE
2017-03-18,circumpolar,3.121902125,-1.3023977845814043,1.3023977845814043,1.1150233324839751,TRUE,TRUE
2017-03-19,circumpolar,3.193859442,-1.3100142347961317,1.3100142347961317,1.1150233324839751,TRUE,TRUE
2017-03-20,circumpolar,3.202586573,-1.381967511885867,1.381967511885867,1.1150233324839751,TRUE,TRUE
2017-03-21,circumpolar,3.234305533,-1.4319965651701063,1.4319965651701063,1.1150233324839751,TRUE,TRUE
2017-03-22,circumpolar,3.298998244,-1.4500804369683156,1.4500804369683156,1.1150233324839751,TRUE,TRUE
2017-03-23,circumpolar,3.325184899,-1.507659898599977,1.507659898599977,1.1150233324839751,TRUE,TRUE
2017-03-24,circumpolar,3.411956826,-1.505604586384571,1.505604586384571,1.1150233324839751,TRUE,TRUE
2017-03-25,circumpolar,3.438743039,-1.56444645064157,1.56444645064157,1.1150233324839751,TRUE,TRUE
2017-03-26,circumpolar,3.518809346,-1.5708806476904609,1.5708806476904609,1.1150233324839751,TRUE,TRUE
2017-03-27,circumpolar,3.611633674,-1.565390214850713,1.565390214850713,1.1150233324839751,TRUE,TRUE
2017-03-28,circumpolar,3.665353703,-1.599798436441808,1.599798436441808,1.1150233324839751,TRUE,TRUE
2017-03-29,circumpolar,3.731236642,-1.6227990677832294,1.6227990677832294,1.1150233324839751,TRUE,TRUE
2017-03-30,circumpolar,3.840524607,-1.6031109571944473,1.6031109571944473,1.1150233324839751,TRUE,TRUE
2017-03-31,circumpolar,3.964412212,-1.5695103085774311,1.5695103085774311,1.1150233324839751,TRUE,TRUE
2017-04-01,circumpolar,4.014612204,-1.610309052843423,1.610309052843423,1.1150233324839751,TRUE,TRUE
2017-04-02,circumpolar,4.091334606,-1.62534015498583,1.62534015498583,1.1150233324839751,TRUE,TRUE
2017-04-03,circumpolar,4.27257811,-1.536647926134994,1.536647926134994,1.1150233324839751,TRUE,TRUE
2017-04-04,circumpolar,4.443171533,-1.4594465524212472,1.4594465524212472,1.1150233324839751,TRUE,TRUE
2017-04-05,circumpolar,4.537786155,-1.4591077569749291,1.4591077569749291,1.1150233324839751,TRUE,TRUE
2017-04-06,circumpolar,4.636183015,-1.455913503926368,1.455913503926368,1.1150233324839751,TRUE,TRUE
2017-04-07,circumpolar,4.751716686,-1.436552223405914,1.436552223405914,1.1150233324839751,TRUE,TRUE
2017-04-08,circumpolar,4.874453426,-1.4110006605438965,1.4110006605438965,1.1150233324839751,TRUE,TRUE
2017-04-09,circumpolar,4.94933307,-1.4343619834706578,1.4343619834706578,1.1150233324839751,TRUE,TRUE
2017-04-10,circumpolar,5.040797596,-1.4422372173165288,1.4422372173165288,1.1150233324839751,TRUE,TRUE
2017-04-11,circumpolar,5.180316706,-1.4031996632118542,1.4031996632118542,1.1150233324839751,TRUE,TRUE
2017-04-12,circumpolar,5.284202608,-1.4009794897196173,1.4009794897196173,1.1150233324839751,TRUE,TRUE
2017-04-13,circumpolar,5.411423072,-1.3766066478014771,1.3766066478014771,1.1150233324839751,TRUE,TRUE
2017-04-14,circumpolar,5.515552473,-1.376430869060863,1.376430869060863,1.1150233324839751,TRUE,TRUE
2017-04-15,circumpolar,5.626609565,-1.37035063019062,1.37035063019062,1.1150233324839751,TRUE,TRUE
2017-04-16,circumpolar,5.760099072,-1.3427784378835614,1.3427784378835614,1.1150233324839751,TRUE,TRUE
2017-04-17,circumpolar,5.874841079,-1.3348114378325322,1.3348114378325322,1.1150233324839751,TRUE,TRUE
2017-04-18,circumpolar,5.998462814,-1.3187396327303675,1.3187396327303675,1.1150233324839751,TRUE,TRUE
2017-04-19,circumpolar,6.128081901,-1.297362629269907,1.297362629269907,1.1150233324839751,TRUE,TRUE
2017-04-20,circumpolar,6.258568566,-1.2757274321439631,1.2757274321439631,1.1150233324839751,TRUE,TRUE
2017-04-21,circumpolar,6.407910297,-1.2357637840453934,1.2357637840453934,1.1150233324839751,TRUE,TRUE
2017-04-22,circumpolar,6.517849384,-1.235646625667021,1.235646625667021,1.1150233324839751,TRUE,TRUE
2017-04-23,circumpolar,6.662660644,-1.201018370701675,1.201018370701675,1.1150233324839751,TRUE,TRUE
2017-04-24,circumpolar,6.773175024,-1.2009653028422038,1.2009653028422038,1.1150233324839751,TRUE,TRUE
2017-04-25,circumpolar,6.849471009,-1.2353296693578653,1.2353296693578653,1.1150233324839751,TRUE,TRUE
2017-04-26,circumpolar,6.981502676,-1.2141113816087437,1.2141113816087437,1.1150233324839751,TRUE,TRUE
2017-04-27,circumpolar,7.115221708,-1.19133112246522,1.19133112246522,1.1150233324839751,TRUE,TRUE
2017-04-28,circumpolar,7.20903513,-1.208554426384424,1.208554426384424,1.1150233324839751,TRUE,TRUE
2017-04-29,circumpolar,7.253282678,-1.2754141168235051,1.2754141168235051,1.1150233324839751,TRUE,TRUE
2017-04-30,circumpolar,7.313595311,-1.3262517942396066,1.3262517942396066,1.1150233324839751,TRUE,TRUE
2017-05-01,circumpolar,7.420412736,-1.33060031108987,1.33060031108987,1.1150233324839751,TRUE,TRUE
2017-05-02,circumpolar,7.640884495,-1.2212826848314453,1.2212826848314453,1.1150233324839751,TRUE,TRUE
2017-05-03,circumpolar,7.735006315,-1.238275747921458,1.238275747921458,1.1150233324839751,TRUE,TRUE
2017-05-04,circumpolar,7.852824512,-1.2315057438170631,1.2315057438170631,1.1150233324839751,TRUE,TRUE
2017-05-05,circumpolar,7.939437146,-1.2558471719754063,1.2558471719754063,1.1150233324839751,TRUE,TRUE
2017-05-06,circumpolar,8.058661477,-1.2474553318536188,1.2474553318536188,1.1150233324839751,TRUE,TRUE
2017-05-07,circumpolar,8.187041146,-1.229759156901844,1.229759156901844,1.1150233324839751,TRUE,TRUE
2017-05-08,circumpolar,8.334945333,-1.1923704003967508,1.1923704003967508,1.1150233324839751,TRUE,TRUE
2017-05-09,circumpolar,8.397143198,-1.2405230824019142,1.2405230824019142,1.1150233324839751,TRUE,TRUE
2017-05-10,circumpolar,8.552049757,-1.1958090273789956,1.1958090273789956,1.1150233324839751,TRUE,TRUE
2017-05-11,circumpolar,8.737205616,-1.1206944697896797,1.1206944697896797,1.1150233324839751,TRUE,TRUE
2017-05-12,circumpolar,8.883621385,-1.0841756400956282,1.0841756400956282,1.1150233324839751,FALSE,FALSE
2017-05-13,circumpolar,9.003586141,-1.0739703017585214,1.0739703017585214,1.1150233324839751,FALSE,FALSE
2017-05-14,circumpolar,9.153537182,-1.0336479972400223,1.0336479972400223,1.1150233324839751,FALSE,FALSE
2017-05-15,circumpolar,9.301923422,-0.9947666530018112,0.9947666530018112,1.1150233324839751,FALSE,FALSE
2017-05-16,circumpolar,9.444987455,-0.961090515505564,0.961090515505564,1.1150233324839751,FALSE,FALSE
2017-05-17,circumpolar,9.547879552,-0.9674761542129512,0.9674761542129512,1.1150233324839751,FALSE,FALSE
2017-05-18,circumpolar,9.671580463,-0.9529496595856256,0.9529496595856256,1.1150233324839751,FALSE,FALSE
2017-05-19,circumpolar,9.742699431,-0.9909086290852828,0.9909086290852828,1.1150233324839751,FALSE,FALSE
2017-05-20,circumpolar,9.815227109,-1.027368117136115,1.027368117136115,1.1150233324839751,FALSE,FALSE
2017-05-21,circumpolar,9.875220421,-1.0762562322712643,1.0762562322712643,1.1150233324839751,FALSE,FALSE
2017-05-22,circumpolar,9.950512471,-1.109706839706746,1.109706839706746,1.1150233324839751,FALSE,FALSE
2017-05-23,circumpolar,10.0573316,-1.1114579599233796,1.1114579599233796,1.1150233324839751,FALSE,FALSE
2017-05-24,circumpolar,10.13706603,-1.1400877324019998,1.1400877324019998,1.1150233324839751,TRUE,FALSE
2017-05-25,circumpolar,10.21962252,-1.1656557596234176,1.1656557596234176,1.1150233324839751,TRUE,FALSE
2017-05-26,circumpolar,10.3467513,-1.146378173068463,1.146378173068463,1.1150233324839751,TRUE,FALSE
2017-05-27,circumpolar,10.46830481,-1.1323688942179668,1.1323688942179668,1.1150233324839751,TRUE,FALSE
2017-05-28,circumpolar,10.62024415,-1.0876331845527485,1.0876331845527485,1.1150233324839751,FALSE,FALSE
2017-05-29,circumpolar,10.69705954,-1.117647185553624,1.117647185553624,1.1150233324839751,TRUE,FALSE
2017-05-30,circumpolar,10.83966704,-1.0814611987014242,1.0814611987014242,1.1150233324839751,FALSE,FALSE
2017-05-31,circumpolar,10.95187656,-1.0752316754769868,1.0752316754769868,1.1150233324839751,FALSE,FALSE
2017-06-01,circumpolar,11.0671199,-1.065493177361109,1.065493177361109,1.1150233324839751,FALSE,FALSE
2017-06-02,circumpolar,11.1940333,-1.0435869378035871,1.0435869378035871,1.1150233324839751,FALSE,FALSE
2017-06-03,circumpolar,11.39102851,-0.9511279759490776,0.9511279759490776,1.1150233324839751,FALSE,FALSE
2017-06-04,circumpolar,11.56287731,-0.8833849461533969,0.8833849461533969,1.1150233324839751,FALSE,FALSE
2017-06-05,circumpolar,11.70586189,-0.8441160932784886,0.8441160932784886,1.1150233324839751,FALSE,FALSE
2017-06-06,circumpolar,11.90121805,-0.7521260521863162,0.7521260521863162,1.1150233324839751,FALSE,FALSE
2017-06-07,circumpolar,11.99421481,-0.762186237738856,0.762186237738856,1.1150233324839751,FALSE,FALSE
2017-06-08,circumpolar,12.18526275,-0.6739265047980716,0.6739265047980716,1.1150233324839751,FALSE,FALSE
2017-06-09,circumpolar,12.30162058,-0.6601285782259296,0.6601285782259296,1.1150233324839751,FALSE,FALSE
2017-06-10,circumpolar,12.34118254,-0.7229386528844017,0.7229386528844017,1.1150233324839751,FALSE,FALSE
2017-06-11,circumpolar,12.40531105,-0.7610347436354346,0.7610347436354346,1.1150233324839751,FALSE,FALSE
2017-06-12,circumpolar,12.46024242,-0.8082209753410137,0.8082209753410137,1.1150233324839751,FALSE,FALSE
2017-06-13,circumpolar,12.5209246,-0.8495898328631046,0.8495898328631046,1.1150233324839751,FALSE,FALSE
2017-06-14,circumpolar,12.64230001,-0.8302375006432428,0.8302375006432428,1.1150233324839751,FALSE,FALSE
2017-06-15,circumpolar,12.86059532,-0.7138952205989959,0.7138952205989959,1.1150233324839751,FALSE,FALSE
2017-06-16,circumpolar,12.9429045,-0.733316236156007,0.733316236156007,1.1150233324839751,FALSE,FALSE
2017-06-17,circumpolar,12.99815557,-0.7794117204453901,0.7794117204453901,1.1150233324839751,FALSE,FALSE
2017-06-18,circumpolar,13.05996122,-0.8184081765982878,0.8184081765982878,1.1150233324839751,FALSE,FALSE
2017-06-19,circumpolar,13.08029851,-0.8981677377458102,0.8981677377458102,1.1150233324839751,FALSE,FALSE
2017-06-20,circumpolar,13.17442494,-0.9032720970190926,0.9032720970190926,1.1150233324839751,FALSE,FALSE
2017-06-21,circumpolar,13.28413886,-0.8917620975492557,0.8917620975492557,1.1150233324839751,FALSE,FALSE
2017-06-22,circumpolar,13.35602319,-0.916894012467445,0.916894012467445,1.1150233324839751,FALSE,FALSE
2017-06-23,circumpolar,13.44322158,-0.9253633849047702,0.9253633849047702,1.1150233324839751,FALSE,FALSE
2017-06-24,circumpolar,13.55054886,-0.9121945779923576,0.9121945779923576,1.1150233324839751,FALSE,FALSE
2017-06-25,circumpolar,13.60967289,-0.94555892486134685,0.94555892486134685,1.1150233324839751,FALSE,FALSE
2017-06-26,circumpolar,13.66392677,-0.9819625186428524,0.9819625186428524,1.1150233324839751,FALSE,FALSE
2017-06-27,circumpolar,13.74386503,-0.9907180471543082,0.9907180471543082,1.1150233324839751,FALSE,FALSE
2017-06-28,circumpolar,13.83026571,-0.9911264569036682,0.9911264569036682,1.1150233324839751,FALSE,FALSE
2017-06-29,circumpolar,13.94080781,-0.9656844998378508,0.9656844998378508,1.1150233324839751,FALSE,FALSE
2017-06-30,circumpolar,14.01014416,-0.9799155954243268,0.9799155954243268,1.1150233324839751,FALSE,FALSE
2017-07-01,circumpolar,14.13080771,-0.9414630431305344,0.9414630431305344,1.1150233324839751,FALSE,FALSE
2017-07-02,circumpolar,14.30258576,-0.8507157924239337,0.8507157924239337,1.1150233324839751,FALSE,FALSE
2017-07-03,circumpolar,14.40301802,-0.8303103827719625,0.8303103827719625,1.1150233324839751,FALSE,FALSE
2017-07-04,circumpolar,14.50345498,-0.8090725736420818,0.8090725736420818,1.1150233324839751,FALSE,FALSE
2017-07-05,circumpolar,14.60327264,-0.7878026145017447,0.7878026145017447,1.1150233324839751,FALSE,FALSE
2017-07-06,circumpolar,14.72454791,-0.7445998448184028,0.7445998448184028,1.1150233324839751,FALSE,FALSE
2017-07-07,circumpolar,14.80326674,-0.7436545640595025,0.7436545640595025,1.1150233324839751,FALSE,FALSE
2017-07-08,circumpolar,14.83529396,-0.7892781916924996,0.7892781916924996,1.1150233324839751,FALSE,FALSE
2017-07-09,circumpolar,14.82780668,-0.8744694541909581,0.8744694541909581,1.1150233324839751,FALSE,FALSE
2017-07-10,circumpolar,14.9374741,-0.8426546626294886,0.8426546626294886,1.1150233324839751,FALSE,FALSE
2017-07-11,circumpolar,15.06158685,-0.7964629079995422,0.7964629079995422,1.1150233324839751,FALSE,FALSE
2017-07-12,circumpolar,15.16671419,-0.7692213878823662,0.7692213878823662,1.1150233324839751,FALSE,FALSE
2017-07-13,circumpolar,15.21633881,-0.7973438698591409,0.7973438698591409,1.1150233324839751,FALSE,FALSE
2017-07-14,circumpolar,15.26627297,-0.8249145515110925,0.8249145515110925,1.1150233324839751,FALSE,FALSE
2017-07-15,circumpolar,15.31079311,-0.8575534504194149,0.8575534504194149,1.1150233324839751,FALSE,FALSE
2017-07-16,circumpolar,15.41925336,-0.8258028941653333,0.8258028941653333,1.1150233324839751,FALSE,FALSE
2017-07-17,circumpolar,15.55799374,-0.7632193203300588,0.7632193203300588,1.1150233324839751,FALSE,FALSE
2017-07-18,circumpolar,15.75021758,-0.6464958564947683,0.6464958564947683,1.1150233324839751,FALSE,FALSE
2017-07-19,circumpolar,15.91593659,-0.5555172502407064,0.5555172502407064,1.1150233324839751,FALSE,FALSE
2017-07-20,circumpolar,16.01433782,-0.530992909149063,0.530992909149063,1.1150233324839751,FALSE,FALSE
2017-07-21,circumpolar,16.14146417,-0.4767763908010601,0.4767763908010601,1.1150233324839751,FALSE,FALSE
2017-07-22,circumpolar,16.24728449,-0.4427981847195177,0.4427981847195177,1.1150233324839751,FALSE,FALSE
2017-07-23,circumpolar,16.2769878,-0.4838083878436059,0.4838083878436059,1.1150233324839751,FALSE,FALSE
2017-07-24,circumpolar,16.31647315,-0.5138760624498175,0.5138760624498175,1.1150233324839751,FALSE,FALSE
2017-07-25,circumpolar,16.43818174,-0.46052877854173246,0.46052877854173246,1.1150233324839751,FALSE,FALSE
2017-07-26,circumpolar,16.574189,-0.3916598761229082,0.3916598761229082,1.1150233324839751,FALSE,FALSE
2017-07-27,circumpolar,16.69248167,-0.3392513851969241,0.3392513851969241,1.1150233324839751,FALSE,FALSE
2017-07-28,circumpolar,16.79659297,-0.29973885576735526,0.29973885576735526,1.1150233324839751,FALSE,FALSE
2017-07-29,circumpolar,16.89918017,-0.26043378783776205,0.26043378783776205,1.1150233324839751,FALSE,FALSE
2017-07-30,circumpolar,16.89131178,-0.33023644141171715,0.33023644141171715,1.1150233324839751,FALSE,FALSE
2017-07-31,circumpolar,16.78623014,-0.4958732464928062,0.4958732464928062,1.1150233324839751,FALSE,FALSE
2017-08-01,circumpolar,16.75058461,-0.5906636130846081,0.5906636130846081,1.1150233324839751,FALSE,FALSE
2017-08-02,circumpolar,16.74893091,-0.6500205911906676,0.6500205911906676,1.1150233324839751,FALSE,FALSE
2017-08-03,circumpolar,16.75489515,-0.7002868413772347,0.7002868413772347,1.1150233324839751,FALSE,FALSE
2017-08-04,circumpolar,16.78337403,-0.7265496240620983,0.7265496240620983,1.1150233324839751,FALSE,FALSE
2017-08-05,circumpolar,16.90669459,-0.6565206553250853,0.6565206553250853,1.1150233324839751,FALSE,FALSE
2017-08-06,circumpolar,17.04090554,-0.5742023329877632,0.5742023329877632,1.1150233324839751,FALSE,FALSE
2017-08-07,circumpolar,17.12467296,-0.5409796848717221,0.5409796848717221,1.1150233324839751,FALSE,FALSE
2017-08-08,circumpolar,17.12218032,-0.5927203487985686,0.5927203487985686,1.1150233324839751,FALSE,FALSE
2017-08-09,circumpolar,17.17330289,-0.5896001625898712,0.5896001625898712,1.1150233324839751,FALSE,FALSE
2017-08-10,circumpolar,17.22779943,-0.5819114740672369,0.5819114740672369,1.1150233324839751,FALSE,FALSE
2017-08-11,circumpolar,17.25353698,-0.6018383510522511,0.6018383510522511,1.1150233324839751,FALSE,FALSE
2017-08-12,circumpolar,17.22428901,-0.6756584313665073,0.6756584313665073,1.1150233324839751,FALSE,FALSE
2017-08-13,circumpolar,17.26541947,-0.6780588728315742,0.6780588728315742,1.1150233324839751,FALSE,FALSE
2017-08-14,circumpolar,17.39095236,-0.5950667832690613,0.5950667832690613,1.1150233324839751,FALSE,FALSE
2017-08-15,circumpolar,17.4571497,-0.5704712505005602,0.5704712505005602,1.1150233324839751,FALSE,FALSE
2017-08-16,circumpolar,17.4881707,-0.5801632937773498,0.5801632937773498,1.1150233324839751,FALSE,FALSE
2017-08-17,circumpolar,17.53819016,-0.5699922291778385,0.5699922291778385,1.1150233324839751,FALSE,FALSE
2017-08-18,circumpolar,17.50933679,-0.6378235741946234,0.6378235741946234,1.1150233324839751,FALSE,FALSE
2017-08-19,circumpolar,17.5602489,-0.6250116083485615,0.6250116083485615,1.1150233324839751,FALSE,FALSE
2017-08-20,circumpolar,17.70176836,-0.5207070511604819,0.5207070511604819,1.1150233324839751,FALSE,FALSE
2017-08-21,circumpolar,17.81725179,-0.4415458721512095,0.4415458721512095,1.1150233324839751,FALSE,FALSE
2017-08-22,circumpolar,17.92000189,-0.3742179608415839,0.3742179608415839,1.1150233324839751,FALSE,FALSE
2017-08-23,circumpolar,18.02756621,-0.3011683567524557,0.3011683567524557,1.1150233324839751,FALSE,FALSE
2017-08-24,circumpolar,18.08660835,-0.2757260494046534,0.2757260494046534,1.1150233324839751,FALSE,FALSE
2017-08-25,circumpolar,18.06068854,-0.3343233983190004,0.3343233983190004,1.1150233324839751,FALSE,FALSE
2017-08-26,circumpolar,18.02198613,-0.4047736430163589,0.4047736430163589,1.1150233324839751,FALSE,FALSE
2017-08-27,circumpolar,17.95299897,-0.5045715230175496,0.5045715230175496,1.1150233324839751,FALSE,FALSE
2017-08-28,circumpolar,17.92004908,-0.5673876078434077,0.5673876078434077,1.1150233324839751,FALSE,FALSE
2017-08-29,circumpolar,17.93032319,-0.5860268474780064,0.5860268474780064,1.1150233324839751,FALSE,FALSE
2017-08-30,circumpolar,17.96732405,-0.5769726440172285,0.5769726440172285,1.1150233324839751,FALSE,FALSE
2017-08-31,circumpolar,17.97812365,-0.5931370825533726,0.5931370825533726,1.1150233324839751,FALSE,FALSE
2017-09-01,circumpolar,17.94909918,-0.6481270444532292,0.6481270444532292,1.1150233324839751,FALSE,FALSE
2017-09-02,circumpolar,17.91969089,-0.7024863510836177,0.7024863510836177,1.1150233324839751,FALSE,FALSE
2017-09-03,circumpolar,17.94387736,-0.7022204938113212,0.7022204938113212,1.1150233324839751,FALSE,FALSE
2017-09-04,circumpolar,18.06586071,-0.6031114240031457,0.6031114240031457,1.1150233324839751,FALSE,FALSE
2017-09-05,circumpolar,18.18979527,-0.5009888830259186,0.5009888830259186,1.1150233324839751,FALSE,FALSE
2017-09-06,circumpolar,18.19673448,-0.5147835022464022,0.5147835022464022,1.1150233324839751,FALSE,FALSE
2017-09-07,circumpolar,18.1809964,-0.5501612930314366,0.5501612930314366,1.1150233324839751,FALSE,FALSE
2017-09-08,circumpolar,18.33664815,-0.4130392067478148,0.4130392067478148,1.1150233324839751,FALSE,FALSE
2017-09-09,circumpolar,18.3724781,-0.3946129447623328,0.3946129447623328,1.1150233324839751,FALSE,FALSE
2017-09-10,circumpolar,18.39685975,-0.3864930545599279,0.3864930545599279,1.1150233324839751,FALSE,FALSE
2017-09-11,circumpolar,18.43848522,-0.35996919648133385,0.35996919648133385,1.1150233324839751,FALSE,FALSE
2017-09-12,circumpolar,18.48138983,-0.33098372822479405,0.33098372822479405,1.1150233324839751,FALSE,FALSE
2017-09-13,circumpolar,18.45159991,-0.3734875655160508,0.3734875655160508,1.1150233324839751,FALSE,FALSE
2017-09-14,circumpolar,18.356763,-0.4798104140808661,0.4798104140808661,1.1150233324839751,FALSE,FALSE
2017-09-15,circumpolar,18.3057057,-0.5411029196450201,0.5411029196450201,1.1150233324839751,FALSE,FALSE
2017-09-16,circumpolar,18.27202215,-0.5837481879342477,0.5837481879342477,1.1150233324839751,FALSE,FALSE
2017-09-17,circumpolar,18.23560891,-0.6278269046743112,0.6278269046743112,1.1150233324839751,FALSE,FALSE
2017-09-18,circumpolar,18.23903684,-0.6307454555909793,0.6307454555909793,1.1150233324839751,FALSE,FALSE
2017-09-19,circumpolar,18.16601105,-0.7087759764099957,0.7087759764099957,1.1150233324839751,FALSE,FALSE
2017-09-20,circumpolar,18.11991527,-0.7585119828571472,0.7585119828571472,1.1150233324839751,FALSE,FALSE
2017-09-21,circumpolar,18.08458412,-0.7960961006581648,0.7960961006581648,1.1150233324839751,FALSE,FALSE
2017-09-22,circumpolar,18.06462899,-0.816894185538807,0.816894185538807,1.1150233324839751,FALSE,FALSE
2017-09-23,circumpolar,18.03588907,-0.8450450739715407,0.8450450739715407,1.1150233324839751,FALSE,FALSE
2017-09-24,circumpolar,17.96941145,-0.9094880612005128,0.9094880612005128,1.1150233324839751,FALSE,FALSE
2017-09-25,circumpolar,17.9821894,-0.8932213330292953,0.8932213330292953,1.1150233324839751,FALSE,FALSE
2017-09-26,circumpolar,18.05170075,-0.8187585864069682,0.8187585864069682,1.1150233324839751,FALSE,FALSE
2017-09-27,circumpolar,18.04876957,-0.8152672782826471,0.8152672782826471,1.1150233324839751,FALSE,FALSE
2017-09-28,circumpolar,18.06061722,-0.7955175756054302,0.7955175756054302,1.1150233324839751,FALSE,FALSE
2017-09-29,circumpolar,18.11989458,-0.7268501253244395,0.7268501253244395,1.1150233324839751,FALSE,FALSE
2017-09-30,circumpolar,18.16413216,-0.6717259443887613,0.6717259443887613,1.1150233324839751,FALSE,FALSE
2017-10-01,circumpolar,18.15453765,-0.6689288697474929,0.6689288697474929,1.1150233324839751,FALSE,FALSE
2017-10-02,circumpolar,18.15841875,-0.651142728349754,0.651142728349754,1.1150233324839751,FALSE,FALSE
2017-10-03,circumpolar,18.25030793,-0.5438265771446282,0.5438265771446282,1.1150233324839751,FALSE,FALSE
2017-10-04,circumpolar,18.36047018,-0.4167069530812313,0.4167069530812313,1.1150233324839751,FALSE,FALSE
2017-10-05,circumpolar,18.42152204,-0.3371588403974748,0.3371588403974748,1.1150233324839751,FALSE,FALSE
2017-10-06,circumpolar,18.43092019,-0.30771380378752866,0.30771380378752866,1.1150233324839751,FALSE,FALSE
2017-10-07,circumpolar,18.40895849,-0.3080565810060776,0.3080565810060776,1.1150233324839751,FALSE,FALSE
2017-10-08,circumpolar,18.37061951,-0.32318143491924545,0.32318143491924545,1.1150233324839751,FALSE,FALSE
2017-10-09,circumpolar,18.38753895,-0.28142949839314824,0.28142949839314824,1.1150233324839751,FALSE,FALSE
2017-10-10,circumpolar,18.37779541,-0.26469900429388105,0.26469900429388105,1.1150233324839751,FALSE,FALSE
2017-10-11,circumpolar,18.32803466,-0.28632101548758015,0.28632101548758015,1.1150233324839751,FALSE,FALSE
2017-10-12,circumpolar,18.3094439,-0.2750851648403767,0.2750851648403767,1.1150233324839751,FALSE,FALSE
2017-10-13,circumpolar,18.25825921,-0.2947322052183452,0.2947322052183452,1.1150233324839751,FALSE,FALSE
2017-10-14,circumpolar,18.12757887,-0.39214068948763625,0.39214068948763625,1.1150233324839751,FALSE,FALSE
2017-10-15,circumpolar,18.06607819,-0.4186121405143446,0.4186121405143446,1.1150233324839751,FALSE,FALSE
2017-10-16,circumpolar,18.03632667,-0.4115538911645942,0.4115538911645942,1.1150233324839751,FALSE,FALSE
2017-10-17,circumpolar,18.08202426,-0.32724282430450913,0.32724282430450913,1.1150233324839751,FALSE,FALSE
2017-10-18,circumpolar,18.06553395,-0.3032931557246492,0.3032931557246492,1.1150233324839751,FALSE,FALSE
2017-10-19,circumpolar,18.05612768,-0.2704180720206324,0.2704180720206324,1.1150233324839751,FALSE,FALSE
2017-10-20,circumpolar,18.036409,-0.24600672219873945,0.24600672219873945,1.1150233324839751,FALSE,FALSE
2017-10-21,circumpolar,17.98952745,-0.2469025684666626,0.2469025684666626,1.1150233324839751,FALSE,FALSE
2017-10-22,circumpolar,17.93767218,-0.25090946303211226,0.25090946303211226,1.1150233324839751,FALSE,FALSE
2017-10-23,circumpolar,17.95639589,-0.1824677081027808,0.1824677081027808,1.1150233324839751,FALSE,FALSE
2017-10-24,circumpolar,17.95416756,-0.1331013258863507,0.1331013258863507,1.1150233324839751,FALSE,FALSE
2017-10-25,circumpolar,17.93807076,-0.09571974859053256,0.09571974859053256,1.1150233324839751,FALSE,FALSE
2017-10-26,circumpolar,17.86877594,-0.10964552842301956,0.10964552842301956,1.1150233324839751,FALSE,FALSE
2017-10-27,circumpolar,17.80615933,-0.11499543759149232,0.11499543759149232,1.1150233324839751,FALSE,FALSE
2017-10-28,circumpolar,17.71190124,-0.1500821683036655,0.1500821683036655,1.1150233324839751,FALSE,FALSE
2017-10-29,circumpolar,17.65270682,-0.14819357276723366,0.14819357276723366,1.1150233324839751,FALSE,FALSE
2017-10-30,circumpolar,17.57547832,-0.1624204031898806,0.1624204031898806,1.1150233324839751,FALSE,FALSE
2017-10-31,circumpolar,17.51123834,-0.16171040350347,0.16171040350347,1.1150233324839751,FALSE,FALSE
2017-11-01,circumpolar,17.47778052,-0.1281287486861018,0.1281287486861018,1.1150233324839751,FALSE,FALSE
2017-11-02,circumpolar,17.38836587,-0.14823898635517807,0.14823898635517807,1.1150233324839751,FALSE,FALSE
2017-11-03,circumpolar,17.3170207,-0.1478393549188297,0.1478393549188297,1.1150233324839751,FALSE,FALSE
2017-11-04,circumpolar,17.18634572,-0.20415369278516948,0.20415369278516948,1.1150233324839751,FALSE,FALSE
2017-11-05,circumpolar,17.10996682,-0.20338065836232033,0.20338065836232033,1.1150233324839751,FALSE,FALSE
2017-11-06,circumpolar,16.94957664,-0.28365216005841276,0.28365216005841276,1.1150233324839751,FALSE,FALSE
2017-11-07,circumpolar,16.78909366,-0.3608742662815736,0.3608742662815736,1.1150233324839751,FALSE,FALSE
2017-11-08,circumpolar,16.6643853,-0.3990041054399072,0.3990041054399072,1.1150233324839751,FALSE,FALSE
2017-11-09,circumpolar,16.52623437,-0.44708341594155954,0.44708341594155954,1.1150233324839751,FALSE,FALSE
2017-11-10,circumpolar,16.35591219,-0.5236654261946327,0.5236654261946327,1.1150233324839751,FALSE,FALSE
2017-11-11,circumpolar,16.21049819,-0.5714952546072674,0.5714952546072674,1.1150233324839751,FALSE,FALSE
2017-11-12,circumpolar,16.01427552,-0.6661156013632876,0.6661156013632876,1.1150233324839751,FALSE,FALSE
2017-11-13,circumpolar,15.84245492,-0.7322135895776984,0.7322135895776984,1.1150233324839751,FALSE,FALSE
2017-11-14,circumpolar,15.71391824,-0.7509134828273591,0.7509134828273591,1.1150233324839751,FALSE,FALSE
2017-11-15,circumpolar,15.53703242,-0.8138633835688296,0.8138633835688296,1.1150233324839751,FALSE,FALSE
2017-11-16,circumpolar,15.37590423,-0.8569715642586466,0.8569715642586466,1.1150233324839751,FALSE,FALSE
2017-11-17,circumpolar,15.31122011,-0.7995666273533679,0.7995666273533679,1.1150233324839751,FALSE,FALSE
2017-11-18,circumpolar,15.15223215,-0.8324115253095528,0.8324115253095528,1.1150233324839751,FALSE,FALSE
2017-11-19,circumpolar,14.95643553,-0.8980261205837383,0.8980261205837383,1.1150233324839751,FALSE,FALSE
2017-11-20,circumpolar,14.74624884,-0.9740068656324734,0.9740068656324734,1.1150233324839751,FALSE,FALSE
2017-11-21,circumpolar,14.54090368,-1.0411372029123172,1.0411372029123172,1.1150233324839751,FALSE,FALSE
2017-11-22,circumpolar,14.42952232,-1.010309904879808,1.010309904879808,1.1150233324839751,FALSE,FALSE
2017-11-23,circumpolar,14.20746362,-1.086181153991511,1.086181153991511,1.1150233324839751,FALSE,FALSE
2017-11-24,circumpolar,14.02302289,-1.120470682703962,1.120470682703962,1.1150233324839751,TRUE,FALSE
2017-11-25,circumpolar,13.89592131,-1.0934648462798044,1.0934648462798044,1.1150233324839751,FALSE,FALSE
2017-11-26,circumpolar,13.77368805,-1.0575785153933008,1.0575785153933008,1.1150233324839751,FALSE,FALSE
2017-11-27,circumpolar,13.68786177,-0.981185143993608,0.981185143993608,1.1150233324839751,FALSE,FALSE
2017-11-28,circumpolar,13.5987827,-0.9038563742034428,0.9038563742034428,1.1150233324839751,FALSE,FALSE
2017-11-29,circumpolar,13.4075612,-0.9243937181455486,0.9243937181455486,1.1150233324839751,FALSE,FALSE
2017-11-30,circumpolar,13.23487317,-0.9220331479426598,0.9220331479426598,1.1150233324839751,FALSE,FALSE
2017-12-01,circumpolar,13.06600242,-0.9114027257175136,0.9114027257175136,1.1150233324839751,FALSE,FALSE
2017-12-02,circumpolar,12.90526913,-0.8880941435928413,0.8880941435928413,1.1150233324839751,FALSE,FALSE
2017-12-03,circumpolar,12.75816423,-0.8465283436913893,0.8465283436913893,1.1150233324839751,FALSE,FALSE
2017-12-04,circumpolar,12.56407987,-0.847225048135881,0.847225048135881,1.1150233324839751,FALSE,FALSE
2017-12-05,circumpolar,12.36551945,-0.8475927290490599,0.8475927290490599,1.1150233324839751,FALSE,FALSE
2017-12-06,circumpolar,12.1289444,-0.881081828553663,0.881081828553663,1.1150233324839751,FALSE,FALSE
2017-12-07,circumpolar,11.87871442,-0.9232450130930054,0.9232450130930054,1.1150233324839751,FALSE,FALSE
2017-12-08,circumpolar,11.68812295,-0.9008546620385918,0.9008546620385918,1.1150233324839751,FALSE,FALSE
2017-12-09,circumpolar,11.50906224,-0.8624544168800696,0.8624544168800696,1.1150233324839751,FALSE,FALSE
2017-12-10,circumpolar,11.25230449,-0.8977626370093361,0.8977626370093361,1.1150233324839751,FALSE,FALSE
2017-12-11,circumpolar,10.99762194,-0.9274976418182916,0.9274976418182916,1.1150233324839751,FALSE,FALSE
2017-12-12,circumpolar,10.68232693,-1.0148376506988424,1.0148376506988424,1.1150233324839751,FALSE,FALSE
2017-12-13,circumpolar,10.40576235,-1.0609303330428848,1.0609303330428848,1.1150233324839751,FALSE,FALSE
2017-12-14,circumpolar,10.15936911,-1.07482533824232,1.07482533824232,1.1150233324839751,FALSE,FALSE
2017-12-15,circumpolar,9.926434806,-1.0737256296890507,1.0737256296890507,1.1150233324839751,FALSE,FALSE
2017-12-16,circumpolar,9.64989874,-1.1151824647749624,1.1151824647749624,1.1150233324839751,TRUE,FALSE
2017-12-17,circumpolar,9.38277871,-1.1466686048919712,1.1466686048919712,1.1150233324839751,TRUE,FALSE
2017-12-18,circumpolar,9.222056813,-1.0716925124319765,1.0716925124319765,1.1150233324839751,FALSE,FALSE
2017-12-19,circumpolar,9.039129947,-1.0193478487868737,1.0193478487868737,1.1150233324839751,FALSE,FALSE
2017-12-20,circumpolar,8.787864534,-1.036257168307566,1.036257168307566,1.1150233324839751,FALSE,FALSE
2017-12-21,circumpolar,8.508285547,-1.082859443415385,1.082859443415385,1.1150233324839751,FALSE,FALSE
2017-12-22,circumpolar,8.325546831,-1.0344447943180717,1.0344447943180717,1.1150233324839751,FALSE,FALSE
2017-12-23,circumpolar,8.180511583,-0.950593432436305,0.950593432436305,1.1150233324839751,FALSE,FALSE
2017-12-24,circumpolar,7.98444481,-0.9204837591907796,0.9204837591907796,1.1150233324839751,FALSE,FALSE
2017-12-25,circumpolar,7.800259963,-0.8816457320021591,0.8816457320021591,1.1150233324839751,FALSE,FALSE
2017-12-26,circumpolar,7.625628091,-0.8368517102911506,0.8368517102911506,1.1150233324839751,FALSE,FALSE
2017-12-27,circumpolar,7.453543049,-0.793551247478403,0.793551247478403,1.1150233324839751,FALSE,FALSE
2017-12-28,circumpolar,7.28697992,-0.7492126689846295,0.7492126689846295,1.1150233324839751,FALSE,FALSE
2017-12-29,circumpolar,7.118123927,-0.7120941602304809,0.7120941602304809,1.1150233324839751,FALSE,FALSE
2017-12-30,circumpolar,6.934701892,-0.6949123076366632,0.6949123076366632,1.1150233324839751,FALSE,FALSE
2017-12-31,circumpolar,6.79292698,-0.6418973546238602,0.6418973546238602,1.1150233324839751,FALSE,FALSE
2018-01-01,circumpolar,6.672646738,-0.573645162612733,0.573645162612733,1.1150233324839751,FALSE,FALSE
2018-01-02,circumpolar,6.54566704,-0.5186758425692712,0.5186758425692712,1.1150233324839751,FALSE,FALSE
2018-01-03,circumpolar,6.38502153,-0.5038120416406118,0.5038120416406118,1.1150233324839751,FALSE,FALSE
2018-01-04,circumpolar,6.21215734,-0.5073454955191803,0.5073454955191803,1.1150233324839751,FALSE,FALSE
2018-01-05,circumpolar,6.065200937,-0.4908886048973864,0.4908886048973864,1.1150233324839751,FALSE,FALSE
2018-01-06,circumpolar,5.892768841,-0.5055637174676813,0.5055637174676813,1.1150233324839751,FALSE,FALSE
2018-01-07,circumpolar,5.670037837,-0.5759329159224906,0.5759329159224906,1.1150233324839751,FALSE,FALSE
2018-01-08,circumpolar,5.451500291,-0.6472427019542284,0.6472427019542284,1.1150233324839751,FALSE,FALSE
2018-01-09,circumpolar,5.24885499,-0.70753315625534,0.70753315625534,1.1150233324839751,FALSE,FALSE
2018-01-10,circumpolar,5.095153854,-0.7234912265182336,0.7234912265182336,1.1150233324839751,FALSE,FALSE
2018-01-11,circumpolar,4.973265117,-0.7119875464353589,0.7119875464353589,1.1150233324839751,FALSE,FALSE
2018-01-12,circumpolar,4.808459717,-0.7474900456991307,0.7474900456991307,1.1150233324839751,FALSE,FALSE
2018-01-13,circumpolar,4.556708972,-0.87376627400198,0.87376627400198,1.1150233324839751,FALSE,FALSE
2018-01-14,circumpolar,4.487073408,-0.8214977990270862,0.8214977990270862,1.1150233324839751,FALSE,FALSE
2018-01-15,circumpolar,4.387829414,-0.8022660896131404,0.8022660896131404,1.1150233324839751,FALSE,FALSE
2018-01-16,circumpolar,4.295115905,-0.7799351162989341,0.7799351162989341,1.1150233324839751,FALSE,FALSE
2018-01-17,circumpolar,4.175656874,-0.7877929436675828,0.7877929436675828,1.1150233324839751,FALSE,FALSE
2018-01-18,circumpolar,4.036491244,-0.8188127063021957,0.8188127063021957,1.1150233324839751,FALSE,FALSE
2018-01-19,circumpolar,3.917355979,-0.8332694977858823,0.8332694977858823,1.1150233324839751,FALSE,FALSE
2018-01-20,circumpolar,3.82386061,-0.8255658447017544,0.8255658447017544,1.1150233324839751,FALSE,FALSE
2018-01-21,circumpolar,3.686883174,-0.8648357676329264,0.8648357676329264,1.1150233324839751,FALSE,FALSE
2018-01-22,circumpolar,3.604415427,-0.8530995681625066,0.8530995681625066,1.1150233324839751,FALSE,FALSE
2018-01-23,circumpolar,3.49525685,-0.8715698228736053,0.8715698228736053,1.1150233324839751,FALSE,FALSE
2018-01-24,circumpolar,3.419950182,-0.8597158503493407,0.8597158503493407,1.1150233324839751,FALSE,FALSE
2018-01-25,circumpolar,3.348842534,-0.847202597172819,0.847202597172819,1.1150233324839751,FALSE,FALSE
2018-01-26,circumpolar,3.261871145,-0.8541048819271473,0.8541048819271473,1.1150233324839751,FALSE,FALSE
2018-01-27,circumpolar,3.189854672,-0.8496046333418903,0.8496046333418903,1.1150233324839751,FALSE,FALSE
2018-01-28,circumpolar,3.096184362,-0.8702335319053147,0.8702335319053147,1.1150233324839751,FALSE,FALSE
2018-01-29,circumpolar,3.048839038,-0.847903480586206,0.847903480586206,1.1150233324839751,FALSE,FALSE
2018-01-30,circumpolar,2.988700163,-0.8416236386220457,0.8416236386220457,1.1150233324839751,FALSE,FALSE
2018-01-31,circumpolar,2.942314152,-0.8247382132502925,0.8247382132502925,1.1150233324839751,FALSE,FALSE
2018-02-01,circumpolar,2.911621977,-0.7951968547084296,0.7951968547084296,1.1150233324839751,FALSE,FALSE
2018-02-02,circumpolar,2.766074399,-0.8834394242339259,0.8834394242339259,1.1150233324839751,FALSE,FALSE
2018-02-03,circumpolar,2.718130167,-0.8768977950642474,0.8768977950642474,1.1150233324839751,FALSE,FALSE
2018-02-04,circumpolar,2.695157956,-0.8480939144368738,0.8480939144368738,1.1150233324839751,FALSE,FALSE
2018-02-05,circumpolar,2.643380139,-0.8506960315892802,0.8506960315892802,1.1150233324839751,FALSE,FALSE
2018-02-06,circumpolar,2.598512261,-0.848879223758932,0.848879223758932,1.1150233324839751,FALSE,FALSE
2018-02-07,circumpolar,2.524910192,-0.8781782431833025,0.8781782431833025,1.1150233324839751,FALSE,FALSE
2018-02-08,circumpolar,2.549781153,-0.8112773319168096,0.8112773319168096,1.1150233324839751,FALSE,FALSE
2018-02-09,circumpolar,2.522785834,-0.7985182704610323,0.7985182704610323,1.1150233324839751,FALSE,FALSE
2018-02-10,circumpolar,2.552160833,-0.7318876984689755,0.7318876984689755,1.1150233324839751,FALSE,FALSE
2018-02-11,circumpolar,2.48128785,-0.7682532556892308,0.7682532556892308,1.1150233324839751,FALSE,FALSE
2018-02-12,circumpolar,2.432344569,-0.7856865978704088,0.7856865978704088,1.1150233324839751,FALSE,FALSE
2018-02-13,circumpolar,2.439188678,-0.7505793767611184,0.7505793767611184,1.1150233324839751,FALSE,FALSE
2018-02-14,circumpolar,2.478822069,-0.6861790401099523,0.6861790401099523,1.1150233324839751,FALSE,FALSE
2018-02-15,circumpolar,2.469873412,-0.6741062576655223,0.6741062576655223,1.1150233324839751,FALSE,FALSE
2018-02-16,circumpolar,2.46712704,-0.6598260361764337,0.6598260361764337,1.1150233324839751,FALSE,FALSE
2018-02-17,circumpolar,2.416851854,-0.6973188143912785,0.6973188143912785,1.1150233324839751,FALSE,FALSE
2018-02-18,circumpolar,2.362706047,-0.7431757390586724,0.7431757390586724,1.1150233324839751,FALSE,FALSE
2018-02-19,circumpolar,2.357171832,-0.7451639369272192,0.7451639369272192,1.1150233324839751,FALSE,FALSE
2018-02-20,circumpolar,2.380068183,-0.7237137737455126,0.7237137737455126,1.1150233324839751,FALSE,FALSE
2018-02-21,circumpolar,2.45887145,-0.6515761054838092,0.6515761054838092,1.1150233324839751,FALSE,FALSE
2018-02-22,circumpolar,2.479741678,-0.6425497513025502,0.6425497513025502,1.1150233324839751,FALSE,FALSE
2018-02-23,circumpolar,2.481338625,-0.6577553046802835,0.6577553046802835,1.1150233324839751,FALSE,FALSE
2018-02-24,circumpolar,2.521721002,-0.6389111791268594,0.6389111791268594,1.1150233324839751,FALSE,FALSE
2018-02-25,circumpolar,2.51964438,-0.6670389281521145,0.6670389281521145,1.1150233324839751,FALSE,FALSE
2018-02-26,circumpolar,2.546173407,-0.6708510282658979,0.6708510282658979,1.1150233324839751,FALSE,FALSE
2018-02-27,circumpolar,2.561372205,-0.6900604819780498,0.6900604819780498,1.1150233324839751,FALSE,FALSE
2018-02-28,circumpolar,2.624155785,-0.6655294027984153,0.6655294027984153,1.1150233324839751,FALSE,FALSE
2018-03-01,circumpolar,2.621724348,-0.7098347142368366,0.7098347142368366,1.1150233324839751,FALSE,FALSE
2018-03-02,circumpolar,2.642142418,-0.7346890168031615,0.7346890168031615,1.1150233324839751,FALSE,FALSE
2018-03-03,circumpolar,2.721715766,-0.7035636640072243,0.7035636640072243,1.1150233324839751,FALSE,FALSE
2018-03-04,circumpolar,2.781894935,-0.6947852373588748,0.6947852373588748,1.1150233324839751,FALSE,FALSE
2018-03-05,circumpolar,2.830346022,-0.7004647706544995,0.7004647706544995,1.1150233324839751,FALSE,FALSE
2018-03-06,circumpolar,2.918973292,-0.6684985148446798,0.6684985148446798,1.1150233324839751,FALSE,FALSE
2018-03-07,circumpolar,3.014558328,-0.6319815360591785,0.6319815360591785,1.1150233324839751,FALSE,FALSE
2018-03-08,circumpolar,3.144024068,-0.563883012681027,0.563883012681027,1.1150233324839751,FALSE,FALSE
2018-03-09,circumpolar,3.208482093,-0.5629834800932603,0.5629834800932603,1.1150233324839751,FALSE,FALSE
2018-03-10,circumpolar,3.368754963,-0.4683524946789084,0.4683524946789084,1.1150233324839751,FALSE,FALSE
2018-03-11,circumpolar,3.483173749,-0.4215511018210001,0.4215511018210001,1.1150233324839751,FALSE,FALSE
2018-03-12,circumpolar,3.606781975,-0.3674278939025726,0.3674278939025726,1.1150233324839751,FALSE,FALSE
2018-03-13,circumpolar,3.625818391,-0.41963623730665667,0.41963623730665667,1.1150233324839751,FALSE,FALSE
2018-03-14,circumpolar,3.70428432,-0.4140669254162823,0.4140669254162823,1.1150233324839751,FALSE,FALSE
2018-03-15,circumpolar,3.747634016,-0.44515782061448306,0.44515782061448306,1.1150233324839751,FALSE,FALSE
2018-03-16,circumpolar,3.849454534,-0.4192139842842937,0.4192139842842937,1.1150233324839751,FALSE,FALSE
2018-03-17,circumpolar,3.948890775,-0.3969826318087386,0.3969826318087386,1.1150233324839751,FALSE,FALSE
2018-03-18,circumpolar,4.01630252,-0.4079973895814044,0.4079973895814044,1.1150233324839751,FALSE,FALSE
2018-03-19,circumpolar,4.039345782,-0.46452789479613177,0.46452789479613177,1.1150233324839751,FALSE,FALSE
2018-03-20,circumpolar,4.170949405,-0.413604679885867,0.413604679885867,1.1150233324839751,FALSE,FALSE
2018-03-21,circumpolar,4.30120628,-0.36509581817010694,0.36509581817010694,1.1150233324839751,FALSE,FALSE
2018-03-22,circumpolar,4.487538558,-0.26154012296831564,0.26154012296831564,1.1150233324839751,FALSE,FALSE
2018-03-23,circumpolar,4.611908728,-0.22093606959997647,0.22093606959997647,1.1150233324839751,FALSE,FALSE
2018-03-24,circumpolar,4.686066193,-0.2314952193845707,0.2314952193845707,1.1150233324839751,FALSE,FALSE
2018-03-25,circumpolar,4.758906908,-0.24428258164156968,0.24428258164156968,1.1150233324839751,FALSE,FALSE
2018-03-26,circumpolar,4.856049258,-0.23364073569046084,0.23364073569046084,1.1150233324839751,FALSE,FALSE
2018-03-27,circumpolar,4.941984099,-0.23503978985071328,0.23503978985071328,1.1150233324839751,FALSE,FALSE
2018-03-28,circumpolar,5.030370572,-0.23478156744180811,0.23478156744180811,1.1150233324839751,FALSE,FALSE
2018-03-29,circumpolar,5.102794667,-0.2512410427832288,0.2512410427832288,1.1150233324839751,FALSE,FALSE
2018-03-30,circumpolar,5.187919482,-0.2557160821944473,0.2557160821944473,1.1150233324839751,FALSE,FALSE
2018-03-31,circumpolar,5.204068068,-0.3298544525774316,0.3298544525774316,1.1150233324839751,FALSE,FALSE
2018-04-01,circumpolar,5.248704847,-0.37621640984342264,0.37621640984342264,1.1150233324839751,FALSE,FALSE
2018-04-02,circumpolar,5.314734418,-0.4019403429858306,0.4019403429858306,1.1150233324839751,FALSE,FALSE
2018-04-03,circumpolar,5.320985067,-0.4882409691349947,0.4882409691349947,1.1150233324839751,FALSE,FALSE
2018-04-04,circumpolar,5.344211809,-0.5584062764212474,0.5584062764212474,1.1150233324839751,FALSE,FALSE
2018-04-05,circumpolar,5.432701445,-0.5641924669749292,0.5641924669749292,1.1150233324839751,FALSE,FALSE
2018-04-06,circumpolar,5.517161536,-0.5749349829263686,0.5749349829263686,1.1150233324839751,FALSE,FALSE
2018-04-07,circumpolar,5.644644794,-0.5436241154059136,0.5436241154059136,1.1150233324839751,FALSE,FALSE
2018-04-08,circumpolar,5.762854961,-0.5225991255438958,0.5225991255438958,1.1150233324839751,FALSE,FALSE
2018-04-09,circumpolar,5.866507256,-0.5171877974706574,0.5171877974706574,1.1150233324839751,FALSE,FALSE
2018-04-10,circumpolar,5.903977819,-0.5790569943165291,0.5790569943165291,1.1150233324839751,FALSE,FALSE
2018-04-11,circumpolar,5.949873895,-0.6336424742118547,0.6336424742118547,1.1150233324839751,FALSE,FALSE
2018-04-12,circumpolar,5.98020354,-0.7049785577196177,0.7049785577196177,1.1150233324839751,FALSE,FALSE
2018-04-13,circumpolar,6.024781269,-0.763248450801477,0.763248450801477,1.1150233324839751,FALSE,FALSE
2018-04-14,circumpolar,6.115488351,-0.7764949910608632,0.7764949910608632,1.1150233324839751,FALSE,FALSE
2018-04-15,circumpolar,6.218968479,-0.7779917161906198,0.7779917161906198,1.1150233324839751,FALSE,FALSE
2018-04-16,circumpolar,6.336603508,-0.7662740018835619,0.7662740018835619,1.1150233324839751,FALSE,FALSE
2018-04-17,circumpolar,6.416952342,-0.7927001748325324,0.7927001748325324,1.1150233324839751,FALSE,FALSE
2018-04-18,circumpolar,6.442286822,-0.8749156247303675,0.8749156247303675,1.1150233324839751,FALSE,FALSE
2018-04-19,circumpolar,6.462766802,-0.9626777282699068,0.9626777282699068,1.1150233324839751,FALSE,FALSE
2018-04-20,circumpolar,6.537550567,-0.996745431143963,0.996745431143963,1.1150233324839751,FALSE,FALSE
2018-04-21,circumpolar,6.617562989,-1.0261110920453935,1.0261110920453935,1.1150233324839751,FALSE,FALSE
2018-04-22,circumpolar,6.682224033,-1.0712719766670211,1.0712719766670211,1.1150233324839751,FALSE,FALSE
2018-04-23,circumpolar,6.787596579,-1.0760824357016752,1.0760824357016752,1.1150233324839751,FALSE,FALSE
2018-04-24,circumpolar,6.907206621,-1.066933705842204,1.066933705842204,1.1150233324839751,FALSE,FALSE
2018-04-25,circumpolar,6.975490768,-1.1093099103578652,1.1093099103578652,1.1150233324839751,FALSE,FALSE
2018-04-26,circumpolar,7.005576987,-1.190037070608743,1.190037070608743,1.1150233324839751,TRUE,TRUE
2018-04-27,circumpolar,7.128011516,-1.17854131446522,1.17854131446522,1.1150233324839751,TRUE,TRUE
2018-04-28,circumpolar,7.244811136,-1.1727784203844245,1.1727784203844245,1.1150233324839751,TRUE,TRUE
2018-04-29,circumpolar,7.343505395,-1.1851913998235046,1.1851913998235046,1.1150233324839751,TRUE,TRUE
2018-04-30,circumpolar,7.489560387,-1.1502867182396068,1.1502867182396068,1.1150233324839751,TRUE,TRUE
2018-05-01,circumpolar,7.614200576,-1.1368124710898702,1.1368124710898702,1.1150233324839751,TRUE,TRUE
2018-05-02,circumpolar,7.708333213,-1.1538339668314448,1.1538339668314448,1.1150233324839751,TRUE,TRUE
2018-05-03,circumpolar,7.859206611,-1.1140754519214573,1.1140754519214573,1.1150233324839751,FALSE,FALSE
2018-05-04,circumpolar,8.028066978,-1.056263277817063,1.056263277817063,1.1150233324839751,FALSE,FALSE
2018-05-05,circumpolar,8.258257404,-0.9370269139754068,0.9370269139754068,1.1150233324839751,FALSE,FALSE
2018-05-06,circumpolar,8.373713513,-0.932403295853618,0.932403295853618,1.1150233324839751,FALSE,FALSE
2018-05-07,circumpolar,8.529194839,-0.8876054639018438,0.8876054639018438,1.1150233324839751,FALSE,FALSE
2018-05-08,circumpolar,8.604155196,-0.9231605373967504,0.9231605373967504,1.1150233324839751,FALSE,FALSE
2018-05-09,circumpolar,8.703208156,-0.934458124401914,0.934458124401914,1.1150233324839751,FALSE,FALSE
2018-05-10,circumpolar,8.816838146,-0.931020638378996,0.931020638378996,1.1150233324839751,FALSE,FALSE
2018-05-11,circumpolar,8.985746592,-0.8721534937896802,0.8721534937896802,1.1150233324839751,FALSE,FALSE
2018-05-12,circumpolar,9.204844703,-0.7629523220956287,0.7629523220956287,1.1150233324839751,FALSE,FALSE
2018-05-13,circumpolar,9.364320538,-0.7132359047585215,0.7132359047585215,1.1150233324839751,FALSE,FALSE
2018-05-14,circumpolar,9.455722653,-0.7314625262400227,0.7314625262400227,1.1150233324839751,FALSE,FALSE
2018-05-15,circumpolar,9.538458615,-0.7582314600018112,0.7582314600018112,1.1150233324839751,FALSE,FALSE
2018-05-16,circumpolar,9.657507251,-0.7485707195055635,0.7485707195055635,1.1150233324839751,FALSE,FALSE
2018-05-17,circumpolar,9.754830487,-0.7605252192129512,0.7605252192129512,1.1150233324839751,FALSE,FALSE
2018-05-18,circumpolar,9.930024721,-0.6945054015856247,0.6945054015856247,1.1150233324839751,FALSE,FALSE
2018-05-19,circumpolar,10.07893335,-0.654674710085283,0.654674710085283,1.1150233324839751,FALSE,FALSE
2018-05-20,circumpolar,10.20941367,-0.6331815561361154,0.6331815561361154,1.1150233324839751,FALSE,FALSE
2018-05-21,circumpolar,10.3615638,-0.5899128532712634,0.5899128532712634,1.1150233324839751,FALSE,FALSE
2018-05-22,circumpolar,10.46672656,-0.593492750706746,0.593492750706746,1.1150233324839751,FALSE,FALSE
2018-05-23,circumpolar,10.49590606,-0.6728834999233797,0.6728834999233797,1.1150233324839751,FALSE,FALSE
2018-05-24,circumpolar,10.50413922,-0.7730145424019987,0.7730145424019987,1.1150233324839751,FALSE,FALSE
2018-05-25,circumpolar,10.57482705,-0.8104512296234176,0.8104512296234176,1.1150233324839751,FALSE,FALSE
2018-05-26,circumpolar,10.70402205,-0.7891074230684616,0.7891074230684616,1.1150233324839751,FALSE,FALSE
2018-05-27,circumpolar,10.82687613,-0.7737975742179657,0.7737975742179657,1.1150233324839751,FALSE,FALSE
2018-05-28,circumpolar,10.98065896,-0.7272183745527485,0.7272183745527485,1.1150233324839751,FALSE,FALSE
2018-05-29,circumpolar,11.1307776,-0.6839291255536235,0.6839291255536235,1.1150233324839751,FALSE,FALSE
2018-05-30,circumpolar,11.22790186,-0.693226378701425,0.693226378701425,1.1150233324839751,FALSE,FALSE
2018-05-31,circumpolar,11.37727475,-0.6498334854769876,0.6498334854769876,1.1150233324839751,FALSE,FALSE
2018-06-01,circumpolar,11.52533318,-0.6072798973611082,0.6072798973611082,1.1150233324839751,FALSE,FALSE
2018-06-02,circumpolar,11.60617687,-0.6314433678035858,0.6314433678035858,1.1150233324839751,FALSE,FALSE
2018-06-03,circumpolar,11.70195776,-0.6401987259490767,0.6401987259490767,1.1150233324839751,FALSE,FALSE
2018-06-04,circumpolar,11.82781529,-0.618446966153396,0.618446966153396,1.1150233324839751,FALSE,FALSE
2018-06-05,circumpolar,11.87037197,-0.6796060132784874,0.6796060132784874,1.1150233324839751,FALSE,FALSE
2018-06-06,circumpolar,12.01003754,-0.6433065621863161,0.6433065621863161,1.1150233324839751,FALSE,FALSE
2018-06-07,circumpolar,12.17696197,-0.5794390777388561,0.5794390777388561,1.1150233324839751,FALSE,FALSE
2018-06-08,circumpolar,12.3744559,-0.4847333547980721,0.4847333547980721,1.1150233324839751,FALSE,FALSE
2018-06-09,circumpolar,12.51766351,-0.4440856482259292,0.4440856482259292,1.1150233324839751,FALSE,FALSE
2018-06-10,circumpolar,12.6348552,-0.42926599288440137,0.42926599288440137,1.1150233324839751,FALSE,FALSE
2018-06-11,circumpolar,12.74336546,-0.42298033363543475,0.42298033363543475,1.1150233324839751,FALSE,FALSE
2018-06-12,circumpolar,12.90548209,-0.36298130534101425,0.36298130534101425,1.1150233324839751,FALSE,FALSE
2018-06-13,circumpolar,13.00972549,-0.36078894286310614,0.36078894286310614,1.1150233324839751,FALSE,FALSE
2018-06-14,circumpolar,13.11056033,-0.36197718064324214,0.36197718064324214,1.1150233324839751,FALSE,FALSE
2018-06-15,circumpolar,13.20340928,-0.37108126059899504,0.37108126059899504,1.1150233324839751,FALSE,FALSE
2018-06-16,circumpolar,13.32716607,-0.34905466615600567,0.34905466615600567,1.1150233324839751,FALSE,FALSE
2018-06-17,circumpolar,13.37922713,-0.3983401604453896,0.3983401604453896,1.1150233324839751,FALSE,FALSE
2018-06-18,circumpolar,13.40796172,-0.4704076765982883,0.4704076765982883,1.1150233324839751,FALSE,FALSE
2018-06-19,circumpolar,13.5458056,-0.43266064774581103,0.43266064774581103,1.1150233324839751,FALSE,FALSE
2018-06-20,circumpolar,13.71810805,-0.3595889870190927,0.3595889870190927,1.1150233324839751,FALSE,FALSE
2018-06-21,circumpolar,13.86302455,-0.31287640754925583,0.31287640754925583,1.1150233324839751,FALSE,FALSE
2018-06-22,circumpolar,13.90814613,-0.3647710724674446,0.3647710724674446,1.1150233324839751,FALSE,FALSE
2018-06-23,circumpolar,14.05682881,-0.31175615490476893,0.31175615490476893,1.1150233324839751,FALSE,FALSE
2018-06-24,circumpolar,14.16712916,-0.29561427799235673,0.29561427799235673,1.1150233324839751,FALSE,FALSE
2018-06-25,circumpolar,14.32672547,-0.2285063448613478,0.2285063448613478,1.1150233324839751,FALSE,FALSE
2018-06-26,circumpolar,14.41985871,-0.22603057864285248,0.22603057864285248,1.1150233324839751,FALSE,FALSE
2018-06-27,circumpolar,14.43028909,-0.304293987154308,0.304293987154308,1.1150233324839751,FALSE,FALSE
2018-06-28,circumpolar,14.55083227,-0.2705598969036682,0.2705598969036682,1.1150233324839751,FALSE,FALSE
2018-06-29,circumpolar,14.69767504,-0.20881726983785143,0.20881726983785143,1.1150233324839751,FALSE,FALSE
2018-06-30,circumpolar,14.7782538,-0.21180595542432631,0.21180595542432631,1.1150233324839751,FALSE,FALSE
2018-07-01,circumpolar,14.88579699,-0.1864737631305342,0.1864737631305342,1.1150233324839751,FALSE,FALSE
2018-07-02,circumpolar,14.93688777,-0.21641378242393297,0.21641378242393297,1.1150233324839751,FALSE,FALSE
2018-07-03,circumpolar,15.04725052,-0.18607788277196136,0.18607788277196136,1.1150233324839751,FALSE,FALSE
2018-07-04,circumpolar,15.14568237,-0.16684518364208323,0.16684518364208323,1.1150233324839751,FALSE,FALSE
2018-07-05,circumpolar,15.18206358,-0.2090116745017454,0.2090116745017454,1.1150233324839751,FALSE,FALSE
2018-07-06,circumpolar,15.26303363,-0.2061141248184022,0.2061141248184022,1.1150233324839751,FALSE,FALSE
2018-07-07,circumpolar,15.34946833,-0.19745297405950168,0.19745297405950168,1.1150233324839751,FALSE,FALSE
2018-07-08,circumpolar,15.44282808,-0.1817440716924992,0.1817440716924992,1.1150233324839751,FALSE,FALSE
2018-07-09,circumpolar,15.55751505,-0.144761084190959,0.144761084190959,1.1150233324839751,FALSE,FALSE
2018-07-10,circumpolar,15.60613507,-0.17399369262948738,0.17399369262948738,1.1150233324839751,FALSE,FALSE
2018-07-11,circumpolar,15.66021178,-0.1978379779995425,0.1978379779995425,1.1150233324839751,FALSE,FALSE
2018-07-12,circumpolar,15.78593284,-0.1500027378823674,0.1500027378823674,1.1150233324839751,FALSE,FALSE
2018-07-13,circumpolar,15.86984545,-0.14383722985914105,0.14383722985914105,1.1150233324839751,FALSE,FALSE
2018-07-14,circumpolar,15.89902122,-0.19216630151109193,0.19216630151109193,1.1150233324839751,FALSE,FALSE
2018-07-15,circumpolar,15.94044048,-0.22790608041941596,0.22790608041941596,1.1150233324839751,FALSE,FALSE
2018-07-16,circumpolar,15.96717415,-0.2778821041653341,0.2778821041653341,1.1150233324839751,FALSE,FALSE
2018-07-17,circumpolar,16.0839503,-0.2372627603300579,0.2372627603300579,1.1150233324839751,FALSE,FALSE
2018-07-18,circumpolar,16.1068262,-0.2898872364947671,0.2898872364947671,1.1150233324839751,FALSE,FALSE
2018-07-19,circumpolar,16.127256,-0.34419784024070665,0.34419784024070665,1.1150233324839751,FALSE,FALSE
2018-07-20,circumpolar,16.1727462,-0.3725845291490657,0.3725845291490657,1.1150233324839751,FALSE,FALSE
2018-07-21,circumpolar,16.29437691,-0.3238636508010586,0.3238636508010586,1.1150233324839751,FALSE,FALSE
2018-07-22,circumpolar,16.39165433,-0.2984283447195146,0.2984283447195146,1.1150233324839751,FALSE,FALSE
2018-07-23,circumpolar,16.46862188,-0.2921743078436059,0.2921743078436059,1.1150233324839751,FALSE,FALSE
2018-07-24,circumpolar,16.54382073,-0.28652848244981755,0.28652848244981755,1.1150233324839751,FALSE,FALSE
2018-07-25,circumpolar,16.57863804,-0.32007247854173215,0.32007247854173215,1.1150233324839751,FALSE,FALSE
2018-07-26,circumpolar,16.65392737,-0.31192150612290703,0.31192150612290703,1.1150233324839751,FALSE,FALSE
2018-07-27,circumpolar,16.72370175,-0.30803130519692346,0.30803130519692346,1.1150233324839751,FALSE,FALSE
2018-07-28,circumpolar,16.75602306,-0.3403087657673538,0.3403087657673538,1.1150233324839751,FALSE,FALSE
2018-07-29,circumpolar,16.89526907,-0.2643448878377619,0.2643448878377619,1.1150233324839751,FALSE,FALSE
2018-07-30,circumpolar,17.05944444,-0.16210378141171589,0.16210378141171589,1.1150233324839751,FALSE,FALSE
2018-07-31,circumpolar,17.17296682,-0.10913656649280767,0.10913656649280767,1.1150233324839751,FALSE,FALSE
2018-08-01,circumpolar,17.23334586,-0.10790236308460877,0.10790236308460877,1.1150233324839751,FALSE,FALSE
2018-08-02,circumpolar,17.29694361,-0.10200789119066656,0.10200789119066656,1.1150233324839751,FALSE,FALSE
2018-08-03,circumpolar,17.26784247,-0.18733952137723264,0.18733952137723264,1.1150233324839751,FALSE,FALSE
2018-08-04,circumpolar,17.25718057,-0.2527430840621001,0.2527430840621001,1.1150233324839751,FALSE,FALSE
2018-08-05,circumpolar,17.26950933,-0.2937059153250843,0.2937059153250843,1.1150233324839751,FALSE,FALSE
2018-08-06,circumpolar,17.33722609,-0.27788178298776245,0.27788178298776245,1.1150233324839751,FALSE,FALSE
2018-08-07,circumpolar,17.43951011,-0.2261425348717232,0.2261425348717232,1.1150233324839751,FALSE,FALSE
2018-08-08,circumpolar,17.43708012,-0.2778205487985659,0.2778205487985659,1.1150233324839751,FALSE,FALSE
2018-08-09,circumpolar,17.43552809,-0.32737496258987164,0.32737496258987164,1.1150233324839751,FALSE,FALSE
2018-08-10,circumpolar,17.38465498,-0.42505592406723736,0.42505592406723736,1.1150233324839751,FALSE,FALSE
2018-08-11,circumpolar,17.41714526,-0.4382300710522493,0.4382300710522493,1.1150233324839751,FALSE,FALSE
2018-08-12,circumpolar,17.41745799,-0.4824894513665079,0.4824894513665079,1.1150233324839751,FALSE,FALSE
2018-08-13,circumpolar,17.53028626,-0.41319208283157494,0.41319208283157494,1.1150233324839751,FALSE,FALSE
2018-08-14,circumpolar,17.60586548,-0.38015366326906275,0.38015366326906275,1.1150233324839751,FALSE,FALSE
2018-08-15,circumpolar,17.64281687,-0.38480408050055814,0.38480408050055814,1.1150233324839751,FALSE,FALSE
2018-08-16,circumpolar,17.67315262,-0.3951813737773513,0.3951813737773513,1.1150233324839751,FALSE,FALSE
2018-08-17,circumpolar,17.78807009,-0.32011229917783623,0.32011229917783623,1.1150233324839751,FALSE,FALSE
2018-08-18,circumpolar,17.85161006,-0.2955503041946237,0.2955503041946237,1.1150233324839751,FALSE,FALSE
2018-08-19,circumpolar,17.84255474,-0.34270576834856215,0.34270576834856215,1.1150233324839751,FALSE,FALSE
2018-08-20,circumpolar,17.88587398,-0.33660143116048147,0.33660143116048147,1.1150233324839751,FALSE,FALSE
2018-08-21,circumpolar,17.89870926,-0.3600884021512094,0.3600884021512094,1.1150233324839751,FALSE,FALSE
2018-08-22,circumpolar,17.88529835,-0.4089215008415863,0.4089215008415863,1.1150233324839751,FALSE,FALSE
2018-08-23,circumpolar,18.00624278,-0.3224917867524546,0.3224917867524546,1.1150233324839751,FALSE,FALSE
2018-08-24,circumpolar,18.09883806,-0.26349633940465367,0.26349633940465367,1.1150233324839751,FALSE,FALSE
2018-08-25,circumpolar,18.16820717,-0.22680476831900265,0.22680476831900265,1.1150233324839751,FALSE,FALSE
2018-08-26,circumpolar,18.17979124,-0.24696853301635713,0.24696853301635713,1.1150233324839751,FALSE,FALSE
2018-08-27,circumpolar,18.14893655,-0.30863394301755065,0.30863394301755065,1.1150233324839751,FALSE,FALSE
2018-08-28,circumpolar,18.1444233,-0.3430133878434063,0.3430133878434063,1.1150233324839751,FALSE,FALSE
2018-08-29,circumpolar,18.20776716,-0.30858287747800617,0.30858287747800617,1.1150233324839751,FALSE,FALSE
2018-08-30,circumpolar,18.1553767,-0.38891999401722543,0.38891999401722543,1.1150233324839751,FALSE,FALSE
2018-08-31,circumpolar,18.07763725,-0.4936234825533745,0.4936234825533745,1.1150233324839751,FALSE,FALSE
2018-09-01,circumpolar,18.0647722,-0.5324540244532301,0.5324540244532301,1.1150233324839751,FALSE,FALSE
2018-09-02,circumpolar,18.10253754,-0.5196397010836158,0.5196397010836158,1.1150233324839751,FALSE,FALSE
2018-09-03,circumpolar,18.16567789,-0.48041996381131824,0.48041996381131824,1.1150233324839751,FALSE,FALSE
2018-09-04,circumpolar,18.13039247,-0.5385796640031444,0.5385796640031444,1.1150233324839751,FALSE,FALSE
2018-09-05,circumpolar,18.11700683,-0.5737773230259187,0.5737773230259187,1.1150233324839751,FALSE,FALSE
2018-09-06,circumpolar,18.08005359,-0.6314643922464036,0.6314643922464036,1.1150233324839751,FALSE,FALSE
2018-09-07,circumpolar,18.06633396,-0.6648237330314366,0.6648237330314366,1.1150233324839751,FALSE,FALSE
2018-09-08,circumpolar,17.99025959,-0.7594277667478124,0.7594277667478124,1.1150233324839751,FALSE,FALSE
2018-09-09,circumpolar,17.97369316,-0.7933978847623315,0.7933978847623315,1.1150233324839751,FALSE,FALSE
2018-09-10,circumpolar,17.95257535,-0.8307774545599287,0.8307774545599287,1.1150233324839751,FALSE,FALSE
2018-09-11,circumpolar,17.93793098,-0.8605234364813334,0.8605234364813334,1.1150233324839751,FALSE,FALSE
2018-09-12,circumpolar,17.93305349,-0.8793200682247964,0.8793200682247964,1.1150233324839751,FALSE,FALSE
2018-09-13,circumpolar,17.8692059,-0.9558815755160488,0.9558815755160488,1.1150233324839751,FALSE,FALSE
2018-09-14,circumpolar,17.94349127,-0.8930821440808678,0.8930821440808678,1.1150233324839751,FALSE,FALSE
2018-09-15,circumpolar,18.0709073,-0.7759013196450226,0.7759013196450226,1.1150233324839751,FALSE,FALSE
2018-09-16,circumpolar,18.172813089999998,-0.6829572479342509,0.6829572479342509,1.1150233324839751,FALSE,FALSE
2018-09-17,circumpolar,18.23639871,-0.6270371046743115,0.6270371046743115,1.1150233324839751,FALSE,FALSE
2018-09-18,circumpolar,18.28774068,-0.5820416155909811,0.5820416155909811,1.1150233324839751,FALSE,FALSE
2018-09-19,circumpolar,18.45781099,-0.4169760364099986,0.4169760364099986,1.1150233324839751,FALSE,FALSE
2018-09-20,circumpolar,18.50602575,-0.3724015028571479,0.3724015028571479,1.1150233324839751,FALSE,FALSE
2018-09-21,circumpolar,18.50529887,-0.3753813506581629,0.3753813506581629,1.1150233324839751,FALSE,FALSE
2018-09-22,circumpolar,18.48896596,-0.3925572155388046,0.3925572155388046,1.1150233324839751,FALSE,FALSE
2018-09-23,circumpolar,18.46343205,-0.4175020939715388,0.4175020939715388,1.1150233324839751,FALSE,FALSE
2018-09-24,circumpolar,18.42933934,-0.4495601712005133,0.4495601712005133,1.1150233324839751,FALSE,FALSE
2018-09-25,circumpolar,18.41927301,-0.45613772302929334,0.45613772302929334,1.1150233324839751,FALSE,FALSE
2018-09-26,circumpolar,18.42028759,-0.45017174640696567,0.45017174640696567,1.1150233324839751,FALSE,FALSE
2018-09-27,circumpolar,18.46561549,-0.398421358282647,0.398421358282647,1.1150233324839751,FALSE,FALSE
2018-09-28,circumpolar,18.43428325,-0.42185154560543126,0.42185154560543126,1.1150233324839751,FALSE,FALSE
2018-09-29,circumpolar,18.44674817,-0.39999653532444057,0.39999653532444057,1.1150233324839751,FALSE,FALSE
2018-09-30,circumpolar,18.45226304,-0.38359506438876423,0.38359506438876423,1.1150233324839751,FALSE,FALSE
2018-10-01,circumpolar,18.4449271,-0.3785394197474936,0.3785394197474936,1.1150233324839751,FALSE,FALSE
2018-10-02,circumpolar,18.44791155,-0.3616499283497525,0.3616499283497525,1.1150233324839751,FALSE,FALSE
2018-10-03,circumpolar,18.41178623,-0.3823482771446294,0.3823482771446294,1.1150233324839751,FALSE,FALSE
2018-10-04,circumpolar,18.45138373,-0.3257934030812315,0.3257934030812315,1.1150233324839751,FALSE,FALSE
2018-10-05,circumpolar,18.43477811,-0.32390277039747417,0.32390277039747417,1.1150233324839751,FALSE,FALSE
2018-10-06,circumpolar,18.4384177,-0.30021629378752834,0.30021629378752834,1.1150233324839751,FALSE,FALSE
2018-10-07,circumpolar,18.37820821,-0.33880686100607704,0.33880686100607704,1.1150233324839751,FALSE,FALSE
2018-10-08,circumpolar,18.34918554,-0.3446154049192458,0.3446154049192458,1.1150233324839751,FALSE,FALSE
2018-10-09,circumpolar,18.35940841,-0.3095600383931476,0.3095600383931476,1.1150233324839751,FALSE,FALSE
2018-10-10,circumpolar,18.33475716,-0.3077372542938832,0.3077372542938832,1.1150233324839751,FALSE,FALSE
2018-10-11,circumpolar,18.37298747,-0.24136820548757856,0.24136820548757856,1.1150233324839751,FALSE,FALSE
2018-10-12,circumpolar,18.31187539,-0.2726536748403774,0.2726536748403774,1.1150233324839751,FALSE,FALSE
2018-10-13,circumpolar,18.26661514,-0.28637627521834474,0.28637627521834474,1.1150233324839751,FALSE,FALSE
2018-10-14,circumpolar,18.24529696,-0.2744225994876359,0.2744225994876359,1.1150233324839751,FALSE,FALSE
2018-10-15,circumpolar,18.22794366,-0.2567466705143424,0.2567466705143424,1.1150233324839751,FALSE,FALSE
2018-10-16,circumpolar,18.22276053,-0.22512003116459667,0.22512003116459667,1.1150233324839751,FALSE,FALSE
2018-10-17,circumpolar,18.20522049,-0.20404659430451133,0.20404659430451133,1.1150233324839751,FALSE,FALSE
2018-10-18,circumpolar,18.07231532,-0.29651178572464687,0.29651178572464687,1.1150233324839751,FALSE,FALSE
2018-10-19,circumpolar,18.02198643,-0.3045593220206335,0.3045593220206335,1.1150233324839751,FALSE,FALSE
2018-10-20,circumpolar,17.92897237,-0.3534433521987381,0.3534433521987381,1.1150233324839751,FALSE,FALSE
2018-10-21,circumpolar,17.77901728,-0.45741273846666175,0.45741273846666175,1.1150233324839751,FALSE,FALSE
2018-10-22,circumpolar,17.70797517,-0.4806064730321111,0.4806064730321111,1.1150233324839751,FALSE,FALSE
2018-10-23,circumpolar,17.60615665,-0.5327069481027813,0.5327069481027813,1.1150233324839751,FALSE,FALSE
2018-10-24,circumpolar,17.59385073,-0.4934181558863493,0.4934181558863493,1.1150233324839751,FALSE,FALSE
2018-10-25,circumpolar,17.57627446,-0.45751604859053074,0.45751604859053074,1.1150233324839751,FALSE,FALSE
2018-10-26,circumpolar,17.56040597,-0.4180154984230171,0.4180154984230171,1.1150233324839751,FALSE,FALSE
2018-10-27,circumpolar,17.50850512,-0.41264964759149336,0.41264964759149336,1.1150233324839751,FALSE,FALSE
2018-10-28,circumpolar,17.45384314,-0.408140268303665,0.408140268303665,1.1150233324839751,FALSE,FALSE
2018-10-29,circumpolar,17.39708126,-0.40381913276723225,0.40381913276723225,1.1150233324839751,FALSE,FALSE
2018-10-30,circumpolar,17.29461394,-0.4432847831898776,0.4432847831898776,1.1150233324839751,FALSE,FALSE
2018-10-31,circumpolar,17.24425607,-0.42869267350346973,0.42869267350346973,1.1150233324839751,FALSE,FALSE
2018-11-01,circumpolar,17.18173977,-0.4241694986861013,0.4241694986861013,1.1150233324839751,FALSE,FALSE
2018-11-02,circumpolar,17.09616513,-0.44043972635518,0.44043972635518,1.1150233324839751,FALSE,FALSE
2018-11-03,circumpolar,16.968884,-0.495976054918831,0.495976054918831,1.1150233324839751,FALSE,FALSE
2018-11-04,circumpolar,16.79269558,-0.5978038327851678,0.5978038327851678,1.1150233324839751,FALSE,FALSE
2018-11-05,circumpolar,16.63195967,-0.6813878083623202,0.6813878083623202,1.1150233324839751,FALSE,FALSE
2018-11-06,circumpolar,16.53311405,-0.7001147500584146,0.7001147500584146,1.1150233324839751,FALSE,FALSE
2018-11-07,circumpolar,16.43915689,-0.7108110362815729,0.7108110362815729,1.1150233324839751,FALSE,FALSE
2018-11-08,circumpolar,16.41125919,-0.6521302154399073,0.6521302154399073,1.1150233324839751,FALSE,FALSE
2018-11-09,circumpolar,16.33261891,-0.6406988759415597,0.6406988759415597,1.1150233324839751,FALSE,FALSE
2018-11-10,circumpolar,16.25270769,-0.6268699261946331,0.6268699261946331,1.1150233324839751,FALSE,FALSE
2018-11-11,circumpolar,16.09322407,-0.688769374607265,0.688769374607265,1.1150233324839751,FALSE,FALSE
2018-11-12,circumpolar,15.9619321,-0.7184590213632891,0.7184590213632891,1.1150233324839751,FALSE,FALSE
2018-11-13,circumpolar,15.83658959,-0.7380789195776973,0.7380789195776973,1.1150233324839751,FALSE,FALSE
2018-11-14,circumpolar,15.71216048,-0.7526712428273594,0.7526712428273594,1.1150233324839751,FALSE,FALSE
2018-11-15,circumpolar,15.56147936,-0.7894164435688289,0.7894164435688289,1.1150233324839751,FALSE,FALSE
2018-11-16,circumpolar,15.371648799999999,-0.8612269942586472,0.8612269942586472,1.1150233324839751,FALSE,FALSE
2018-11-17,circumpolar,15.27867255,-0.8321141873533691,0.8321141873533691,1.1150233324839751,FALSE,FALSE
2018-11-18,circumpolar,15.16196679,-0.8226768853095532,0.8226768853095532,1.1150233324839751,FALSE,FALSE
2018-11-19,circumpolar,15.04487513,-0.8095865205837391,0.8095865205837391,1.1150233324839751,FALSE,FALSE
2018-11-20,circumpolar,14.97636534,-0.743890365632474,0.743890365632474,1.1150233324839751,FALSE,FALSE
2018-11-21,circumpolar,14.8498649,-0.7321759829123167,0.7321759829123167,1.1150233324839751,FALSE,FALSE
2018-11-22,circumpolar,14.69213152,-0.7477007048798079,0.7477007048798079,1.1150233324839751,FALSE,FALSE
2018-11-23,circumpolar,14.58070159,-0.712943183991511,0.712943183991511,1.1150233324839751,FALSE,FALSE
2018-11-24,circumpolar,14.52423087,-0.6192627027039617,0.6192627027039617,1.1150233324839751,FALSE,FALSE
2018-11-25,circumpolar,14.40822482,-0.5811613362798056,0.5811613362798056,1.1150233324839751,FALSE,FALSE
2018-11-26,circumpolar,14.26598961,-0.5652769553933013,0.5652769553933013,1.1150233324839751,FALSE,FALSE
2018-11-27,circumpolar,14.12905476,-0.539992153993607,0.539992153993607,1.1150233324839751,FALSE,FALSE
2018-11-28,circumpolar,14.02014292,-0.4824961542034423,0.4824961542034423,1.1150233324839751,FALSE,FALSE
2018-11-29,circumpolar,13.84131768,-0.49063723814554905,0.49063723814554905,1.1150233324839751,FALSE,FALSE
2018-11-30,circumpolar,13.67543629,-0.4814700279426596,0.4814700279426596,1.1150233324839751,FALSE,FALSE
2018-12-01,circumpolar,13.51317123,-0.4642339157175144,0.4642339157175144,1.1150233324839751,FALSE,FALSE
2018-12-02,circumpolar,13.38560813,-0.4077551435928424,0.4077551435928424,1.1150233324839751,FALSE,FALSE
2018-12-03,circumpolar,13.16839635,-0.43629622369138943,0.43629622369138943,1.1150233324839751,FALSE,FALSE
2018-12-04,circumpolar,12.91965973,-0.4916451881358821,0.4916451881358821,1.1150233324839751,FALSE,FALSE
2018-12-05,circumpolar,12.74938847,-0.46372370904906113,0.46372370904906113,1.1150233324839751,FALSE,FALSE
2018-12-06,circumpolar,12.53036349,-0.4796627385536638,0.4796627385536638,1.1150233324839751,FALSE,FALSE
2018-12-07,circumpolar,12.3903443,-0.41161513309300446,0.41161513309300446,1.1150233324839751,FALSE,FALSE
2018-12-08,circumpolar,12.11043015,-0.478547462038593,0.478547462038593,1.1150233324839751,FALSE,FALSE
2018-12-09,circumpolar,11.7404262,-0.6310904568800701,0.6310904568800701,1.1150233324839751,FALSE,FALSE
2018-12-10,circumpolar,11.40334076,-0.7467263670093356,0.7467263670093356,1.1150233324839751,FALSE,FALSE
2018-12-11,circumpolar,11.1595242,-0.7655953818182919,0.7655953818182919,1.1150233324839751,FALSE,FALSE
2018-12-12,circumpolar,10.90536116,-0.7918034206988427,0.7918034206988427,1.1150233324839751,FALSE,FALSE
2018-12-13,circumpolar,10.64790098,-0.8187917030428853,0.8187917030428853,1.1150233324839751,FALSE,FALSE
2018-12-14,circumpolar,10.38640109,-0.8477933582423205,0.8477933582423205,1.1150233324839751,FALSE,FALSE
2018-12-15,circumpolar,10.04135751,-0.9588029256890512,0.9588029256890512,1.1150233324839751,FALSE,FALSE
2018-12-16,circumpolar,9.644994535,-1.1200866697749614,1.1200866697749614,1.1150233324839751,TRUE,TRUE
2018-12-17,circumpolar,9.328751459,-1.200695855891972,1.200695855891972,1.1150233324839751,TRUE,TRUE
2018-12-18,circumpolar,9.002571471,-1.291177854431977,1.291177854431977,1.1150233324839751,TRUE,TRUE
2018-12-19,circumpolar,8.740646274,-1.3178315217868732,1.3178315217868732,1.1150233324839751,TRUE,TRUE
2018-12-20,circumpolar,8.394874488,-1.4292472143075674,1.4292472143075674,1.1150233324839751,TRUE,TRUE
2018-12-21,circumpolar,8.083918609,-1.5072263814153857,1.5072263814153857,1.1150233324839751,TRUE,TRUE
2018-12-22,circumpolar,7.753454616,-1.606537009318072,1.606537009318072,1.1150233324839751,TRUE,TRUE
2018-12-23,circumpolar,7.416897213,-1.714207802436304,1.714207802436304,1.1150233324839751,TRUE,TRUE
2018-12-24,circumpolar,7.150620961,-1.7543076081907794,1.7543076081907794,1.1150233324839751,TRUE,TRUE
2018-12-25,circumpolar,6.814286902,-1.8676187930021593,1.8676187930021593,1.1150233324839751,TRUE,TRUE
2018-12-26,circumpolar,6.602851833,-1.859627968291151,1.859627968291151,1.1150233324839751,TRUE,TRUE
2018-12-27,circumpolar,6.412650272,-1.8344440244784035,1.8344440244784035,1.1150233324839751,TRUE,TRUE
2018-12-28,circumpolar,6.267956428,-1.76823616098463,1.76823616098463,1.1150233324839751,TRUE,TRUE
2018-12-29,circumpolar,6.101540012,-1.728678075230481,1.728678075230481,1.1150233324839751,TRUE,TRUE
2018-12-30,circumpolar,5.920645994,-1.7089682056366629,1.7089682056366629,1.1150233324839751,TRUE,TRUE
2018-12-31,circumpolar,5.760779095,-1.67404523962386,1.67404523962386,1.1150233324839751,TRUE,TRUE
2019-01-01,circumpolar,5.547330588,-1.6989613126127328,1.6989613126127328,1.1150233324839751,TRUE,TRUE
2019-01-02,circumpolar,5.395789038,-1.6685538445692707,1.6685538445692707,1.1150233324839751,TRUE,TRUE
2019-01-03,circumpolar,5.281732642,-1.6071009296406125,1.6071009296406125,1.1150233324839751,TRUE,TRUE
2019-01-04,circumpolar,5.1719739239999996,-1.5475289115191808,1.5475289115191808,1.1150233324839751,TRUE,TRUE
2019-01-05,circumpolar,5.015818615,-1.5402709268973869,1.5402709268973869,1.1150233324839751,TRUE,TRUE
2019-01-06,circumpolar,4.879199162,-1.519133396467681,1.519133396467681,1.1150233324839751,TRUE,TRUE
2019-01-07,circumpolar,4.729533614,-1.5164371389224902,1.5164371389224902,1.1150233324839751,TRUE,TRUE
2019-01-08,circumpolar,4.628447767,-1.4702952259542288,1.4702952259542288,1.1150233324839751,TRUE,TRUE
2019-01-09,circumpolar,4.510541173,-1.4458469732553398,1.4458469732553398,1.1150233324839751,TRUE,TRUE
2019-01-10,circumpolar,4.384913316,-1.4337317645182344,1.4337317645182344,1.1150233324839751,TRUE,TRUE
2019-01-11,circumpolar,4.268877904,-1.4163747594353593,1.4163747594353593,1.1150233324839751,TRUE,TRUE
2019-01-12,circumpolar,4.16835683,-1.387592932699131,1.387592932699131,1.1150233324839751,TRUE,TRUE
2019-01-13,circumpolar,4.072821357,-1.3576538890019805,1.3576538890019805,1.1150233324839751,TRUE,TRUE
2019-01-14,circumpolar,3.982355162,-1.3262160450270857,1.3262160450270857,1.1150233324839751,TRUE,TRUE
2019-01-15,circumpolar,3.949839067,-1.24025643661314,1.24025643661314,1.1150233324839751,TRUE,TRUE
2019-01-16,circumpolar,3.87686486,-1.1981861612989344,1.1981861612989344,1.1150233324839751,TRUE,TRUE
2019-01-17,circumpolar,3.791855466,-1.1715943516675833,1.1715943516675833,1.1150233324839751,TRUE,TRUE
2019-01-18,circumpolar,3.748069283,-1.107234667302195,1.107234667302195,1.1150233324839751,FALSE,FALSE
2019-01-19,circumpolar,3.678737626,-1.071887850785882,1.071887850785882,1.1150233324839751,FALSE,FALSE
2019-01-20,circumpolar,3.602476289,-1.0469501657017544,1.0469501657017544,1.1150233324839751,FALSE,FALSE
2019-01-21,circumpolar,3.579770538,-0.9719484036329264,0.9719484036329264,1.1150233324839751,FALSE,FALSE
2019-01-22,circumpolar,3.537203519,-0.9203114761625066,0.9203114761625066,1.1150233324839751,FALSE,FALSE
2019-01-23,circumpolar,3.488908618,-0.8779180548736054,0.8779180548736054,1.1150233324839751,FALSE,FALSE
2019-01-24,circumpolar,3.45220038,-0.8274656523493409,0.8274656523493409,1.1150233324839751,FALSE,FALSE
2019-01-25,circumpolar,3.399556786,-0.7964883451728189,0.7964883451728189,1.1150233324839751,FALSE,FALSE
2019-01-26,circumpolar,3.356644817,-0.7593312099271476,0.7593312099271476,1.1150233324839751,FALSE,FALSE
2019-01-27,circumpolar,3.285996064,-0.7534632413418905,0.7534632413418905,1.1150233324839751,FALSE,FALSE
2019-01-28,circumpolar,3.288212691,-0.6782052029053145,0.6782052029053145,1.1150233324839751,FALSE,FALSE
2019-01-29,circumpolar,3.23339216,-0.663350358586206,0.663350358586206,1.1150233324839751,FALSE,FALSE
2019-01-30,circumpolar,3.20571655,-0.6246072516220456,0.6246072516220456,1.1150233324839751,FALSE,FALSE
2019-01-31,circumpolar,3.174241394,-0.5928109712502923,0.5928109712502923,1.1150233324839751,FALSE,FALSE
2019-02-01,circumpolar,3.140849633,-0.5659691987084292,0.5659691987084292,1.1150233324839751,FALSE,FALSE
2019-02-02,circumpolar,3.059894505,-0.5896193182339258,0.5896193182339258,1.1150233324839751,FALSE,FALSE
2019-02-03,circumpolar,3.069207865,-0.5258200970642473,0.5258200970642473,1.1150233324839751,FALSE,FALSE
2019-02-04,circumpolar,3.027744099,-0.5155077714368739,0.5155077714368739,1.1150233324839751,FALSE,FALSE
2019-02-05,circumpolar,3.012743764,-0.4813324065892801,0.4813324065892801,1.1150233324839751,FALSE,FALSE
2019-02-06,circumpolar,2.997172208,-0.4502192767589323,0.4502192767589323,1.1150233324839751,FALSE,FALSE
2019-02-07,circumpolar,3.009856708,-0.39323172718330257,0.39323172718330257,1.1150233324839751,FALSE,FALSE
2019-02-08,circumpolar,2.9785187,-0.38253978491680973,0.38253978491680973,1.1150233324839751,FALSE,FALSE
2019-02-09,circumpolar,2.952958964,-0.3683451404610323,0.3683451404610323,1.1150233324839751,FALSE,FALSE
2019-02-10,circumpolar,2.894625043,-0.38942348846897534,0.38942348846897534,1.1150233324839751,FALSE,FALSE
2019-02-11,circumpolar,2.803033133,-0.4465079726892309,0.4465079726892309,1.1150233324839751,FALSE,FALSE
2019-02-12,circumpolar,2.81002467,-0.40800649687040913,0.40800649687040913,1.1150233324839751,FALSE,FALSE
2019-02-13,circumpolar,2.782705322,-0.40706273276111826,0.40706273276111826,1.1150233324839751,FALSE,FALSE
2019-02-14,circumpolar,2.759372322,-0.4056287871099524,0.4056287871099524,1.1150233324839751,FALSE,FALSE
2019-02-15,circumpolar,2.759292496,-0.3846871736655224,0.3846871736655224,1.1150233324839751,FALSE,FALSE
2019-02-16,circumpolar,2.771060516,-0.35589256017643356,0.35589256017643356,1.1150233324839751,FALSE,FALSE
2019-02-17,circumpolar,2.777663095,-0.33650757339127857,0.33650757339127857,1.1150233324839751,FALSE,FALSE
2019-02-18,circumpolar,2.765379452,-0.3405023340586726,0.3405023340586726,1.1150233324839751,FALSE,FALSE
2019-02-19,circumpolar,2.720785867,-0.38154990192721927,0.38154990192721927,1.1150233324839751,FALSE,FALSE
2019-02-20,circumpolar,2.696804924,-0.4069770327455129,0.4069770327455129,1.1150233324839751,FALSE,FALSE
2019-02-21,circumpolar,2.718870876,-0.39157667948380936,0.39157667948380936,1.1150233324839751,FALSE,FALSE
2019-02-22,circumpolar,2.699030911,-0.4232605183025502,0.4232605183025502,1.1150233324839751,FALSE,FALSE
2019-02-23,circumpolar,2.675241309,-0.4638526206802833,0.4638526206802833,1.1150233324839751,FALSE,FALSE
2019-02-24,circumpolar,2.648855562,-0.5117766191268593,0.5117766191268593,1.1150233324839751,FALSE,FALSE
2019-02-25,circumpolar,2.672200466,-0.5144828421521144,0.5144828421521144,1.1150233324839751,FALSE,FALSE
2019-02-26,circumpolar,2.698260051,-0.5187643842658978,0.5187643842658978,1.1150233324839751,FALSE,FALSE
2019-02-27,circumpolar,2.699998901,-0.55143378597805,0.55143378597805,1.1150233324839751,FALSE,FALSE
2019-02-28,circumpolar,2.703140584,-0.5865446037984157,0.5865446037984157,1.1150233324839751,FALSE,FALSE
2019-03-01,circumpolar,2.745858217,-0.5857008452368366,0.5857008452368366,1.1150233324839751,FALSE,FALSE
2019-03-02,circumpolar,2.760810073,-0.6160213618031616,0.6160213618031616,1.1150233324839751,FALSE,FALSE
2019-03-03,circumpolar,2.773482997,-0.6517964330072243,0.6517964330072243,1.1150233324839751,FALSE,FALSE
2019-03-04,circumpolar,2.777200417,-0.6994797553588747,0.6994797553588747,1.1150233324839751,FALSE,FALSE
2019-03-05,circumpolar,2.802542139,-0.7282686536544998,0.7282686536544998,1.1150233324839751,FALSE,FALSE
2019-03-06,circumpolar,2.839640595,-0.7478312118446797,0.7478312118446797,1.1150233324839751,FALSE,FALSE
2019-03-07,circumpolar,2.901537906,-0.7450019580591785,0.7450019580591785,1.1150233324839751,FALSE,FALSE
2019-03-08,circumpolar,2.960025865,-0.7478812156810268,0.7478812156810268,1.1150233324839751,FALSE,FALSE
2019-03-09,circumpolar,2.992419501,-0.7790460720932604,0.7790460720932604,1.1150233324839751,FALSE,FALSE
2019-03-10,circumpolar,3.038027992,-0.7990794656789086,0.7990794656789086,1.1150233324839751,FALSE,FALSE
2019-03-11,circumpolar,3.086309037,-0.8184158138210003,0.8184158138210003,1.1150233324839751,FALSE,FALSE
2019-03-12,circumpolar,3.126476347,-0.8477335219025726,0.8477335219025726,1.1150233324839751,FALSE,FALSE
2019-03-13,circumpolar,3.149324119,-0.8961305093066567,0.8961305093066567,1.1150233324839751,FALSE,FALSE
2019-03-14,circumpolar,3.165428796,-0.9529224494162823,0.9529224494162823,1.1150233324839751,FALSE,FALSE
2019-03-15,circumpolar,3.226871696,-0.9659201406144832,0.9659201406144832,1.1150233324839751,FALSE,FALSE
2019-03-16,circumpolar,3.32544899,-0.9432195282842936,0.9432195282842936,1.1150233324839751,FALSE,FALSE
2019-03-17,circumpolar,3.387731999,-0.9581414078087388,0.9581414078087388,1.1150233324839751,FALSE,FALSE
2019-03-18,circumpolar,3.470542372,-0.9537575375814042,0.9537575375814042,1.1150233324839751,FALSE,FALSE
2019-03-19,circumpolar,3.526658844,-0.9772148327961316,0.9772148327961316,1.1150233324839751,FALSE,FALSE
2019-03-20,circumpolar,3.614171984,-0.9703821008858672,0.9703821008858672,1.1150233324839751,FALSE,FALSE
2019-03-21,circumpolar,3.683136511,-0.9831655871701068,0.9831655871701068,1.1150233324839751,FALSE,FALSE
2019-03-22,circumpolar,3.765512714,-0.9835659669683152,0.9835659669683152,1.1150233324839751,FALSE,FALSE
2019-03-23,circumpolar,3.837645839,-0.995198958599977,0.995198958599977,1.1150233324839751,FALSE,FALSE
2019-03-24,circumpolar,3.91234395,-1.005217462384571,1.005217462384571,1.1150233324839751,FALSE,FALSE
2019-03-25,circumpolar,3.982392169,-1.0207973206415697,1.0207973206415697,1.1150233324839751,FALSE,FALSE
2019-03-26,circumpolar,4.065311808,-1.0243781856904608,1.0243781856904608,1.1150233324839751,FALSE,FALSE
2019-03-27,circumpolar,4.126501868,-1.0505220208507131,1.0505220208507131,1.1150233324839751,FALSE,FALSE
2019-03-28,circumpolar,4.185578988,-1.0795731514418083,1.0795731514418083,1.1150233324839751,FALSE,FALSE
2019-03-29,circumpolar,4.252318274,-1.101717435783229,1.101717435783229,1.1150233324839751,FALSE,FALSE
2019-03-30,circumpolar,4.33626958,-1.1073659841944474,1.1073659841944474,1.1150233324839751,FALSE,FALSE
2019-03-31,circumpolar,4.43524886,-1.0986736605774317,1.0986736605774317,1.1150233324839751,FALSE,FALSE
2019-04-01,circumpolar,4.517023425,-1.107897831843423,1.107897831843423,1.1150233324839751,FALSE,FALSE
2019-04-02,circumpolar,4.635686764,-1.0809879969858305,1.0809879969858305,1.1150233324839751,FALSE,FALSE
2019-04-03,circumpolar,4.680110165,-1.129115871134994,1.129115871134994,1.1150233324839751,TRUE,FALSE
2019-04-04,circumpolar,4.802693324,-1.0999247614212475,1.0999247614212475,1.1150233324839751,FALSE,FALSE
2019-04-05,circumpolar,4.935272021,-1.061621890974929,1.061621890974929,1.1150233324839751,FALSE,FALSE
2019-04-06,circumpolar,5.078629015,-1.0134675039263683,1.0134675039263683,1.1150233324839751,FALSE,FALSE
2019-04-07,circumpolar,5.176456844,-1.0118120654059144,1.0118120654059144,1.1150233324839751,FALSE,FALSE
2019-04-08,circumpolar,5.225677706,-1.0597763805438962,1.0597763805438962,1.1150233324839751,FALSE,FALSE
2019-04-09,circumpolar,5.329987586,-1.053707467470658,1.053707467470658,1.1150233324839751,FALSE,FALSE
2019-04-10,circumpolar,5.426459341,-1.0565754723165286,1.0565754723165286,1.1150233324839751,FALSE,FALSE
2019-04-11,circumpolar,5.537870287,-1.0456460822118547,1.0456460822118547,1.1150233324839751,FALSE,FALSE
2019-04-12,circumpolar,5.648525134,-1.0366569637196177,1.0366569637196177,1.1150233324839751,FALSE,FALSE
2019-04-13,circumpolar,5.748362188,-1.0396675318014772,1.0396675318014772,1.1150233324839751,FALSE,FALSE
2019-04-14,circumpolar,5.835842263,-1.056141079060863,1.056141079060863,1.1150233324839751,FALSE,FALSE
2019-04-15,circumpolar,5.954474083,-1.0424861121906197,1.0424861121906197,1.1150233324839751,FALSE,FALSE
2019-04-16,circumpolar,6.077633805,-1.025243704883562,1.025243704883562,1.1150233324839751,FALSE,FALSE
2019-04-17,circumpolar,6.156604335,-1.0530481818325326,1.0530481818325326,1.1150233324839751,FALSE,FALSE
2019-04-18,circumpolar,6.239871352,-1.0773310947303676,1.0773310947303676,1.1150233324839751,FALSE,FALSE
2019-04-19,circumpolar,6.339345866,-1.0860986642699064,1.0860986642699064,1.1150233324839751,FALSE,FALSE
2019-04-20,circumpolar,6.391038305,-1.1432576931439629,1.1432576931439629,1.1150233324839751,TRUE,TRUE
2019-04-21,circumpolar,6.427430044,-1.216244037045393,1.216244037045393,1.1150233324839751,TRUE,TRUE
2019-04-22,circumpolar,6.49552845,-1.257967559667021,1.257967559667021,1.1150233324839751,TRUE,TRUE
2019-04-23,circumpolar,6.630381551,-1.2332974637016747,1.2332974637016747,1.1150233324839751,TRUE,TRUE
2019-04-24,circumpolar,6.753001781,-1.2211385458422042,1.2211385458422042,1.1150233324839751,TRUE,TRUE
2019-04-25,circumpolar,6.813694432,-1.2711062463578653,1.2711062463578653,1.1150233324839751,TRUE,TRUE
2019-04-26,circumpolar,6.893100814,-1.3025132436087432,1.3025132436087432,1.1150233324839751,TRUE,TRUE
2019-04-27,circumpolar,6.960787079,-1.34576575146522,1.34576575146522,1.1150233324839751,TRUE,TRUE
2019-04-28,circumpolar,7.038035427,-1.379554129384425,1.379554129384425,1.1150233324839751,TRUE,TRUE
2019-04-29,circumpolar,7.127722462,-1.4009743328235045,1.4009743328235045,1.1150233324839751,TRUE,TRUE
2019-04-30,circumpolar,7.233877001,-1.405970104239607,1.405970104239607,1.1150233324839751,TRUE,TRUE
2019-05-01,circumpolar,7.332278018,-1.41873502908987,1.41873502908987,1.1150233324839751,TRUE,TRUE
2019-05-02,circumpolar,7.472807486,-1.3893596938314454,1.3893596938314454,1.1150233324839751,TRUE,TRUE
2019-05-03,circumpolar,7.614056802,-1.3592252609214572,1.3592252609214572,1.1150233324839751,TRUE,TRUE
2019-05-04,circumpolar,7.782843376,-1.3014868798170631,1.3014868798170631,1.1150233324839751,TRUE,TRUE
2019-05-05,circumpolar,7.857246805,-1.338037512975407,1.338037512975407,1.1150233324839751,TRUE,TRUE
2019-05-06,circumpolar,7.951897749,-1.3542190598536186,1.3542190598536186,1.1150233324839751,TRUE,TRUE
2019-05-07,circumpolar,7.996525266,-1.4202750369018444,1.4202750369018444,1.1150233324839751,TRUE,TRUE
2019-05-08,circumpolar,8.117277807,-1.4100379263967504,1.4100379263967504,1.1150233324839751,TRUE,TRUE
2019-05-09,circumpolar,8.231432712,-1.4062335684019145,1.4062335684019145,1.1150233324839751,TRUE,TRUE
2019-05-10,circumpolar,8.386747718,-1.3611110663789958,1.3611110663789958,1.1150233324839751,TRUE,TRUE
2019-05-11,circumpolar,8.514713699,-1.3431863867896805,1.3431863867896805,1.1150233324839751,TRUE,TRUE
2019-05-12,circumpolar,8.626647249,-1.3411497760956284,1.3411497760956284,1.1150233324839751,TRUE,TRUE
2019-05-13,circumpolar,8.703998773,-1.3735576697585206,1.3735576697585206,1.1150233324839751,TRUE,TRUE
2019-05-14,circumpolar,8.802454788,-1.3847303912400228,1.3847303912400228,1.1150233324839751,TRUE,TRUE
2019-05-15,circumpolar,8.929794872,-1.3668952030018104,1.3668952030018104,1.1150233324839751,TRUE,TRUE
2019-05-16,circumpolar,9.0594303879999991,-1.3466475825055646,1.3466475825055646,1.1150233324839751,TRUE,TRUE
2019-05-17,circumpolar,9.204880475,-1.3104752312129513,1.3104752312129513,1.1150233324839751,TRUE,TRUE
2019-05-18,circumpolar,9.308636516,-1.3158936065856253,1.3158936065856253,1.1150233324839751,TRUE,TRUE
2019-05-19,circumpolar,9.476313659,-1.2572944010852822,1.2572944010852822,1.1150233324839751,TRUE,TRUE
2019-05-20,circumpolar,9.582016678,-1.260578548136115,1.260578548136115,1.1150233324839751,TRUE,TRUE
2019-05-21,circumpolar,9.732069408,-1.219407245271265,1.219407245271265,1.1150233324839751,TRUE,TRUE
2019-05-22,circumpolar,9.905573213,-1.1546460977067454,1.1546460977067454,1.1150233324839751,TRUE,TRUE
2019-05-23,circumpolar,10.07169942,-1.0970901399233792,1.0970901399233792,1.1150233324839751,FALSE,FALSE
2019-05-24,circumpolar,10.17089863,-1.1062551324019996,1.1062551324019996,1.1150233324839751,FALSE,FALSE
2019-05-25,circumpolar,10.20372446,-1.1815538196234172,1.1815538196234172,1.1150233324839751,TRUE,TRUE
2019-05-26,circumpolar,10.26985694,-1.223272533068462,1.223272533068462,1.1150233324839751,TRUE,TRUE
2019-05-27,circumpolar,10.34889332,-1.251780384217966,1.251780384217966,1.1150233324839751,TRUE,TRUE
2019-05-28,circumpolar,10.46912146,-1.2387558745527478,1.2387558745527478,1.1150233324839751,TRUE,TRUE
2019-05-29,circumpolar,10.59469099,-1.2200157355536234,1.2200157355536234,1.1150233324839751,TRUE,TRUE
2019-05-30,circumpolar,10.6796047,-1.2415235387014238,1.2415235387014238,1.1150233324839751,TRUE,TRUE
2019-05-31,circumpolar,10.76916743,-1.2579408054769878,1.2579408054769878,1.1150233324839751,TRUE,TRUE
2019-06-01,circumpolar,10.87044132,-1.262171757361109,1.262171757361109,1.1150233324839751,TRUE,TRUE
2019-06-02,circumpolar,10.99839189,-1.2392283478035857,1.2392283478035857,1.1150233324839751,TRUE,TRUE
2019-06-03,circumpolar,11.10218019,-1.2399762959490772,1.2399762959490772,1.1150233324839751,TRUE,TRUE
2019-06-04,circumpolar,11.2248957,-1.2213665561533968,1.2213665561533968,1.1150233324839751,TRUE,TRUE
2019-06-05,circumpolar,11.36718396,-1.182794023278488,1.182794023278488,1.1150233324839751,TRUE,TRUE
2019-06-06,circumpolar,11.49654146,-1.1568026421863171,1.1568026421863171,1.1150233324839751,TRUE,TRUE
2019-06-07,circumpolar,11.61886462,-1.1375364277388569,1.1375364277388569,1.1150233324839751,TRUE,TRUE
2019-06-08,circumpolar,11.72338353,-1.1358057247980715,1.1358057247980715,1.1150233324839751,TRUE,TRUE
2019-06-09,circumpolar,11.85441099,-1.1073381682259296,1.1073381682259296,1.1150233324839751,FALSE,FALSE
2019-06-10,circumpolar,11.94478403,-1.1193371628844029,1.1193371628844029,1.1150233324839751,TRUE,FALSE
2019-06-11,circumpolar,12.04809076,-1.118255033635435,1.118255033635435,1.1150233324839751,TRUE,FALSE
2019-06-12,circumpolar,12.18399997,-1.0844634253410137,1.0844634253410137,1.1150233324839751,FALSE,FALSE
2019-06-13,circumpolar,12.23773158,-1.1327828528631052,1.1327828528631052,1.1150233324839751,TRUE,TRUE
2019-06-14,circumpolar,12.28939848,-1.1831390306432432,1.1831390306432432,1.1150233324839751,TRUE,TRUE
2019-06-15,circumpolar,12.39579363,-1.1786969105989955,1.1786969105989955,1.1150233324839751,TRUE,TRUE
2019-06-16,circumpolar,12.48271988,-1.1935008561560068,1.1935008561560068,1.1150233324839751,TRUE,TRUE
2019-06-17,circumpolar,12.57247755,-1.2050897404453895,1.2050897404453895,1.1150233324839751,TRUE,TRUE
2019-06-18,circumpolar,12.73124317,-1.147126226598287,1.147126226598287,1.1150233324839751,TRUE,TRUE
2019-06-19,circumpolar,12.89049932,-1.0879669277458106,1.0879669277458106,1.1150233324839751,FALSE,FALSE
2019-06-20,circumpolar,13.03518013,-1.0425169070190918,1.0425169070190918,1.1150233324839751,FALSE,FALSE
2019-06-21,circumpolar,13.19186241,-0.9840385475492556,0.9840385475492556,1.1150233324839751,FALSE,FALSE
2019-06-22,circumpolar,13.28393771,-0.9889794924674452,0.9889794924674452,1.1150233324839751,FALSE,FALSE
2019-06-23,circumpolar,13.37498412,-0.9936008449047692,0.9936008449047692,1.1150233324839751,FALSE,FALSE
2019-06-24,circumpolar,13.52310091,-0.9396425279923566,0.9396425279923566,1.1150233324839751,FALSE,FALSE
2019-06-25,circumpolar,13.71892386,-0.836307954861347,0.836307954861347,1.1150233324839751,FALSE,FALSE
2019-06-26,circumpolar,13.83448816,-0.8114011286428529,0.8114011286428529,1.1150233324839751,FALSE,FALSE
2019-06-27,circumpolar,13.9068334,-0.8277496771543085,0.8277496771543085,1.1150233324839751,FALSE,FALSE
2019-06-28,circumpolar,13.94373979,-0.8776523769036686,0.8776523769036686,1.1150233324839751,FALSE,FALSE
2019-06-29,circumpolar,14.05998192,-0.8465103898378512,0.8465103898378512,1.1150233324839751,FALSE,FALSE
2019-06-30,circumpolar,14.12467532,-0.8653844354243265,0.8653844354243265,1.1150233324839751,FALSE,FALSE
2019-07-01,circumpolar,14.17726036,-0.8950103931305335,0.8950103931305335,1.1150233324839751,FALSE,FALSE
2019-07-02,circumpolar,14.30021432,-0.8530872324239329,0.8530872324239329,1.1150233324839751,FALSE,FALSE
2019-07-03,circumpolar,14.37372046,-0.8596079427719623,0.8596079427719623,1.1150233324839751,FALSE,FALSE
2019-07-04,circumpolar,14.56023659,-0.752290963642082,0.752290963642082,1.1150233324839751,FALSE,FALSE
2019-07-05,circumpolar,14.6553262,-0.7357490545017455,0.7357490545017455,1.1150233324839751,FALSE,FALSE
2019-07-06,circumpolar,14.77849618,-0.6906515748184034,0.6906515748184034,1.1150233324839751,FALSE,FALSE
2019-07-07,circumpolar,14.82934953,-0.7175717740595022,0.7175717740595022,1.1150233324839751,FALSE,FALSE
2019-07-08,circumpolar,14.98607878,-0.6384933716924994,0.6384933716924994,1.1150233324839751,FALSE,FALSE
2019-07-09,circumpolar,15.13851876,-0.5637573741909581,0.5637573741909581,1.1150233324839751,FALSE,FALSE
2019-07-10,circumpolar,15.21195948,-0.5681692826294871,0.5681692826294871,1.1150233324839751,FALSE,FALSE
2019-07-11,circumpolar,15.3188554,-0.5391943579995413,0.5391943579995413,1.1150233324839751,FALSE,FALSE
2019-07-12,circumpolar,15.40982535,-0.5261102278823664,0.5261102278823664,1.1150233324839751,FALSE,FALSE
2019-07-13,circumpolar,15.45739543,-0.5562872498591407,0.5562872498591407,1.1150233324839751,FALSE,FALSE
2019-07-14,circumpolar,15.67319777,-0.417989751511092,0.417989751511092,1.1150233324839751,FALSE,FALSE
2019-07-15,circumpolar,15.85792289,-0.3104236704194161,0.3104236704194161,1.1150233324839751,FALSE,FALSE
2019-07-16,circumpolar,15.95519408,-0.289862174165334,0.289862174165334,1.1150233324839751,FALSE,FALSE
2019-07-17,circumpolar,16.07378356,-0.2474295003300604,0.2474295003300604,1.1150233324839751,FALSE,FALSE
2019-07-18,circumpolar,16.06628761,-0.3304258264947677,0.3304258264947677,1.1150233324839751,FALSE,FALSE
2019-07-19,circumpolar,16.01297699,-0.4584768502407073,0.4584768502407073,1.1150233324839751,FALSE,FALSE
2019-07-20,circumpolar,15.95276313,-0.5925675991490653,0.5925675991490653,1.1150233324839751,FALSE,FALSE
2019-07-21,circumpolar,16.04296389,-0.5752766708010597,0.5752766708010597,1.1150233324839751,FALSE,FALSE
2019-07-22,circumpolar,16.17774162,-0.5123410547195171,0.5123410547195171,1.1150233324839751,FALSE,FALSE
2019-07-23,circumpolar,16.24662825,-0.5141679378436059,0.5141679378436059,1.1150233324839751,FALSE,FALSE
2019-07-24,circumpolar,16.32534468,-0.5050045324498171,0.5050045324498171,1.1150233324839751,FALSE,FALSE
2019-07-25,circumpolar,16.44552583,-0.45318468854173233,0.45318468854173233,1.1150233324839751,FALSE,FALSE
2019-07-26,circumpolar,16.49039753,-0.4754513461229095,0.4754513461229095,1.1150233324839751,FALSE,FALSE
2019-07-27,circumpolar,16.5786741,-0.45305895519692285,0.45305895519692285,1.1150233324839751,FALSE,FALSE
2019-07-28,circumpolar,16.73856494,-0.3577668857673544,0.3577668857673544,1.1150233324839751,FALSE,FALSE
2019-07-29,circumpolar,16.80096111,-0.35865284783776374,0.35865284783776374,1.1150233324839751,FALSE,FALSE
2019-07-30,circumpolar,16.76503096,-0.4565172614117152,0.4565172614117152,1.1150233324839751,FALSE,FALSE
2019-07-31,circumpolar,16.85799463,-0.42410875649280655,0.42410875649280655,1.1150233324839751,FALSE,FALSE
2019-08-01,circumpolar,16.93910941,-0.4021388130846084,0.4021388130846084,1.1150233324839751,FALSE,FALSE
2019-08-02,circumpolar,17.01466879,-0.38428271119066443,0.38428271119066443,1.1150233324839751,FALSE,FALSE
2019-08-03,circumpolar,17.04695389,-0.4082281013772331,0.4082281013772331,1.1150233324839751,FALSE,FALSE
2019-08-04,circumpolar,17.07002387,-0.4398997840620993,0.4398997840620993,1.1150233324839751,FALSE,FALSE
2019-08-05,circumpolar,17.21939267,-0.34382257532508476,0.34382257532508476,1.1150233324839751,FALSE,FALSE
2019-08-06,circumpolar,17.36146638,-0.2536414929877644,0.2536414929877644,1.1150233324839751,FALSE,FALSE
2019-08-07,circumpolar,17.4744821,-0.19117054487172425,0.19117054487172425,1.1150233324839751,FALSE,FALSE
2019-08-08,circumpolar,17.50911306,-0.20578760879856617,0.20578760879856617,1.1150233324839751,FALSE,FALSE
2019-08-09,circumpolar,17.49735212,-0.2655509325898713,0.2655509325898713,1.1150233324839751,FALSE,FALSE
2019-08-10,circumpolar,17.58278118,-0.22692972406723655,0.22692972406723655,1.1150233324839751,FALSE,FALSE
2019-08-11,circumpolar,17.64337676,-0.2119985710522521,0.2119985710522521,1.1150233324839751,FALSE,FALSE
2019-08-12,circumpolar,17.68001704,-0.21993040136650777,0.21993040136650777,1.1150233324839751,FALSE,FALSE
2019-08-13,circumpolar,17.68375783,-0.25972051283157427,0.25972051283157427,1.1150233324839751,FALSE,FALSE
2019-08-14,circumpolar,17.72041785,-0.2656012932690608,0.2656012932690608,1.1150233324839751,FALSE,FALSE
2019-08-15,circumpolar,17.74347631,-0.28414464050056054,0.28414464050056054,1.1150233324839751,FALSE,FALSE
2019-08-16,circumpolar,17.76629265,-0.3020413437773506,0.3020413437773506,1.1150233324839751,FALSE,FALSE
2019-08-17,circumpolar,17.77922664,-0.32895574917783676,0.32895574917783676,1.1150233324839751,FALSE,FALSE
2019-08-18,circumpolar,17.84299835,-0.30416201419462396,0.30416201419462396,1.1150233324839751,FALSE,FALSE
2019-08-19,circumpolar,17.9174495,-0.26781100834856275,0.26781100834856275,1.1150233324839751,FALSE,FALSE
2019-08-20,circumpolar,17.92809441,-0.29438100116048105,0.29438100116048105,1.1150233324839751,FALSE,FALSE
2019-08-21,circumpolar,17.98988941,-0.26890825215120984,0.26890825215120984,1.1150233324839751,FALSE,FALSE
2019-08-22,circumpolar,18.07424863,-0.21997122084158605,0.21997122084158605,1.1150233324839751,FALSE,FALSE
2019-08-23,circumpolar,18.11808618,-0.21064838675245667,0.21064838675245667,1.1150233324839751,FALSE,FALSE
2019-08-24,circumpolar,18.16769623,-0.1946381694046515,0.1946381694046515,1.1150233324839751,FALSE,FALSE
2019-08-25,circumpolar,18.24988401,-0.14512792831900256,0.14512792831900256,1.1150233324839751,FALSE,FALSE
2019-08-26,circumpolar,18.27729144,-0.1494683330163582,0.1494683330163582,1.1150233324839751,FALSE,FALSE
2019-08-27,circumpolar,18.30975183,-0.1478186630175493,0.1478186630175493,1.1150233324839751,FALSE,FALSE
2019-08-28,circumpolar,18.32698144,-0.16045524784340515,0.16045524784340515,1.1150233324839751,FALSE,FALSE
2019-08-29,circumpolar,18.41528943,-0.10106060747800429,0.10106060747800429,1.1150233324839751,FALSE,FALSE
2019-08-30,circumpolar,18.44578458,-0.09851211401722536,0.09851211401722536,1.1150233324839751,FALSE,FALSE
2019-08-31,circumpolar,18.48149342,-0.08976731255337356,0.08976731255337356,1.1150233324839751,FALSE,FALSE
2019-09-01,circumpolar,18.57215588,-0.02507034445322986,0.02507034445322986,1.1150233324839751,FALSE,FALSE
2019-09-02,circumpolar,18.6502805,0.02810325891638498,0.02810325891638498,1.1150233324839751,FALSE,FALSE
2019-09-03,circumpolar,18.68387653,0.03777867618867958,0.03777867618867958,1.1150233324839751,FALSE,FALSE
2019-09-04,circumpolar,18.69103371,0.02206157599685454,0.02206157599685454,1.1150233324839751,FALSE,FALSE
2019-09-05,circumpolar,18.6721456,-0.01863855302591943,0.01863855302591943,1.1150233324839751,FALSE,FALSE
2019-09-06,circumpolar,18.58681885,-0.12469913224640194,0.12469913224640194,1.1150233324839751,FALSE,FALSE
2019-09-07,circumpolar,18.57447588,-0.1566818130314367,0.1566818130314367,1.1150233324839751,FALSE,FALSE
2019-09-08,circumpolar,18.5366512,-0.21303615674781184,0.21303615674781184,1.1150233324839751,FALSE,FALSE
2019-09-09,circumpolar,18.58552345,-0.1815675947623312,0.1815675947623312,1.1150233324839751,FALSE,FALSE
2019-09-10,circumpolar,18.54282567,-0.2405271345599296,0.2405271345599296,1.1150233324839751,FALSE,FALSE
2019-09-11,circumpolar,18.55404147,-0.24441294648133297,0.24441294648133297,1.1150233324839751,FALSE,FALSE
2019-09-12,circumpolar,18.50768688,-0.3046866782247939,0.3046866782247939,1.1150233324839751,FALSE,FALSE
2019-09-13,circumpolar,18.52164586,-0.30344161551605,0.30344161551605,1.1150233324839751,FALSE,FALSE
2019-09-14,circumpolar,18.59792019,-0.23865322408086695,0.23865322408086695,1.1150233324839751,FALSE,FALSE
2019-09-15,circumpolar,18.64178146,-0.20502715964502016,0.20502715964502016,1.1150233324839751,FALSE,FALSE
2019-09-16,circumpolar,18.67142411,-0.18434622793424893,0.18434622793424893,1.1150233324839751,FALSE,FALSE
2019-09-17,circumpolar,18.57476127,-0.2886745446743113,0.2886745446743113,1.1150233324839751,FALSE,FALSE
2019-09-18,circumpolar,18.50876043,-0.3610218655909811,0.3610218655909811,1.1150233324839751,FALSE,FALSE
2019-09-19,circumpolar,18.48772824,-0.38705878640999813,0.38705878640999813,1.1150233324839751,FALSE,FALSE
2019-09-20,circumpolar,18.50187656,-0.3765506928571476,0.3765506928571476,1.1150233324839751,FALSE,FALSE
2019-09-21,circumpolar,18.52196336,-0.3587168606581628,0.3587168606581628,1.1150233324839751,FALSE,FALSE
2019-09-22,circumpolar,18.5774879,-0.30403527553880494,0.30403527553880494,1.1150233324839751,FALSE,FALSE
2019-09-23,circumpolar,18.61795278,-0.2629813639715408,0.2629813639715408,1.1150233324839751,FALSE,FALSE
2019-09-24,circumpolar,18.67373418,-0.2051653312005115,0.2051653312005115,1.1150233324839751,FALSE,FALSE
2019-09-25,circumpolar,18.70731617,-0.16809456302929604,0.16809456302929604,1.1150233324839751,FALSE,FALSE
2019-09-26,circumpolar,18.72727816,-0.1431811764069657,0.1431811764069657,1.1150233324839751,FALSE,FALSE
2019-09-27,circumpolar,18.67060392,-0.1934329282826468,0.1934329282826468,1.1150233324839751,FALSE,FALSE
2019-09-28,circumpolar,18.6501898,-0.20594499560543156,0.20594499560543156,1.1150233324839751,FALSE,FALSE
2019-09-29,circumpolar,18.68928864,-0.157456065324439,0.157456065324439,1.1150233324839751,FALSE,FALSE
2019-09-30,circumpolar,18.69818848,-0.13766962438876362,0.13766962438876362,1.1150233324839751,FALSE,FALSE
2019-10-01,circumpolar,18.65898376,-0.1644827597474929,0.1644827597474929,1.1150233324839751,FALSE,FALSE
2019-10-02,circumpolar,18.57487124,-0.2346902383497529,0.2346902383497529,1.1150233324839751,FALSE,FALSE
2019-10-03,circumpolar,18.62415648,-0.16997802714463006,0.16997802714463006,1.1150233324839751,FALSE,FALSE
2019-10-04,circumpolar,18.67977525,-0.09740188308123264,0.09740188308123264,1.1150233324839751,FALSE,FALSE
2019-10-05,circumpolar,18.65494888,-0.10373200039747488,0.10373200039747488,1.1150233324839751,FALSE,FALSE
2019-10-06,circumpolar,18.64252483,-0.09610916378752776,0.09610916378752776,1.1150233324839751,FALSE,FALSE
2019-10-07,circumpolar,18.59071402,-0.12630105100607736,0.12630105100607736,1.1150233324839751,FALSE,FALSE
2019-10-08,circumpolar,18.59357848,-0.10022246491924491,0.10022246491924491,1.1150233324839751,FALSE,FALSE
2019-10-09,circumpolar,18.53088635,-0.13808209839314856,0.13808209839314856,1.1150233324839751,FALSE,FALSE
2019-10-10,circumpolar,18.52208728,-0.12040713429388106,0.12040713429388106,1.1150233324839751,FALSE,FALSE
2019-10-11,circumpolar,18.53111314,-0.08324253548758165,0.08324253548758165,1.1150233324839751,FALSE,FALSE
2019-10-12,circumpolar,18.58307491,-0.00145415484037769,0.00145415484037769,1.1150233324839751,FALSE,FALSE
2019-10-13,circumpolar,18.57319271,0.02020129478165699,0.02020129478165699,1.1150233324839751,FALSE,FALSE
2019-10-14,circumpolar,18.52500478,0.00528522051236279,0.00528522051236279,1.1150233324839751,FALSE,FALSE
2019-10-15,circumpolar,18.47349064,-0.0111996905143421,0.0111996905143421,1.1150233324839751,FALSE,FALSE
2019-10-16,circumpolar,18.41697445,-0.03090611116459385,0.03090611116459385,1.1150233324839751,FALSE,FALSE
2019-10-17,circumpolar,18.30654197,-0.10272511430450848,0.10272511430450848,1.1150233324839751,FALSE,FALSE
2019-10-18,circumpolar,18.26488946,-0.10393764572464904,0.10393764572464904,1.1150233324839751,FALSE,FALSE
2019-10-19,circumpolar,18.20035257,-0.12619318202063212,0.12619318202063212,1.1150233324839751,FALSE,FALSE
2019-10-20,circumpolar,18.15633602,-0.1260797021987372,0.1260797021987372,1.1150233324839751,FALSE,FALSE
2019-10-21,circumpolar,18.08866511,-0.14776490846666235,0.14776490846666235,1.1150233324839751,FALSE,FALSE
2019-10-22,circumpolar,18.08261194,-0.1059697030321125,0.1059697030321125,1.1150233324839751,FALSE,FALSE
2019-10-23,circumpolar,18.04558637,-0.0932772281027816,0.0932772281027816,1.1150233324839751,FALSE,FALSE
2019-10-24,circumpolar,17.90677957,-0.18048931588634787,0.18048931588634787,1.1150233324839751,FALSE,FALSE
2019-10-25,circumpolar,17.82159602,-0.21219448859053003,0.21219448859053003,1.1150233324839751,FALSE,FALSE
2019-10-26,circumpolar,17.71793201,-0.2604894584230202,0.2604894584230202,1.1150233324839751,FALSE,FALSE
2019-10-27,circumpolar,17.63232159,-0.2888331775914921,0.2888331775914921,1.1150233324839751,FALSE,FALSE
2019-10-28,circumpolar,17.61232705,-0.24965635830366395,0.24965635830366395,1.1150233324839751,FALSE,FALSE
2019-10-29,circumpolar,17.55716775,-0.24373264276723103,0.24373264276723103,1.1150233324839751,FALSE,FALSE
2019-10-30,circumpolar,17.45375773,-0.2841409931898795,0.2841409931898795,1.1150233324839751,FALSE,FALSE
2019-10-31,circumpolar,17.3668549,-0.3060938435034686,0.3060938435034686,1.1150233324839751,FALSE,FALSE
2019-11-01,circumpolar,17.22717277,-0.37873649868610215,0.37873649868610215,1.1150233324839751,FALSE,FALSE
2019-11-02,circumpolar,17.11285232,-0.42375253635518106,0.42375253635518106,1.1150233324839751,FALSE,FALSE
2019-11-03,circumpolar,16.98642177,-0.4784382849188305,0.4784382849188305,1.1150233324839751,FALSE,FALSE
2019-11-04,circumpolar,16.79359308,-0.5969063327851671,0.5969063327851671,1.1150233324839751,FALSE,FALSE
2019-11-05,circumpolar,16.6363472,-0.6770002783623212,0.6770002783623212,1.1150233324839751,FALSE,FALSE
2019-11-06,circumpolar,16.51566351,-0.7175652900584133,0.7175652900584133,1.1150233324839751,FALSE,FALSE
2019-11-07,circumpolar,16.39427106,-0.7556968662815713,0.7556968662815713,1.1150233324839751,FALSE,FALSE
2019-11-08,circumpolar,16.28527845,-0.7781109554399066,0.7781109554399066,1.1150233324839751,FALSE,FALSE
2019-11-09,circumpolar,16.05128942,-0.9220283659415608,0.9220283659415608,1.1150233324839751,FALSE,FALSE
2019-11-10,circumpolar,15.90158518,-0.9779924361946346,0.9779924361946346,1.1150233324839751,FALSE,FALSE
2019-11-11,circumpolar,15.76864065,-1.0133527946072665,1.0133527946072665,1.1150233324839751,FALSE,FALSE
2019-11-12,circumpolar,15.64020428,-1.0401868413632889,1.0401868413632889,1.1150233324839751,FALSE,FALSE
2019-11-13,circumpolar,15.5142917,-1.0603768095776989,1.0603768095776989,1.1150233324839751,FALSE,FALSE
2019-11-14,circumpolar,15.429915,-1.0349167228273597,1.0349167228273597,1.1150233324839751,FALSE,FALSE
2019-11-15,circumpolar,15.36534246,-0.985553343568828,0.985553343568828,1.1150233324839751,FALSE,FALSE
2019-11-16,circumpolar,15.29507546,-0.9378003342586468,0.9378003342586468,1.1150233324839751,FALSE,FALSE
2019-11-17,circumpolar,15.17962501,-0.931161727353368,0.931161727353368,1.1150233324839751,FALSE,FALSE
2019-11-18,circumpolar,15.05437555,-0.9302681253095528,0.9302681253095528,1.1150233324839751,FALSE,FALSE
2019-11-19,circumpolar,14.93470019,-0.9197614605837394,0.9197614605837394,1.1150233324839751,FALSE,FALSE
2019-11-20,circumpolar,14.76182739,-0.9584283156324728,0.9584283156324728,1.1150233324839751,FALSE,FALSE
2019-11-21,circumpolar,14.64122655,-0.940814332912316,0.940814332912316,1.1150233324839751,FALSE,FALSE
2019-11-22,circumpolar,14.47815922,-0.961673004879808,0.961673004879808,1.1150233324839751,FALSE,FALSE
2019-11-23,circumpolar,14.3306769,-0.9629678739915112,0.9629678739915112,1.1150233324839751,FALSE,FALSE
2019-11-24,circumpolar,14.18256223,-0.9609313427039616,0.9609313427039616,1.1150233324839751,FALSE,FALSE
2019-11-25,circumpolar,14.04595153,-0.9434346262798048,0.9434346262798048,1.1150233324839751,FALSE,FALSE
2019-11-26,circumpolar,13.88354012,-0.947726445393302,0.947726445393302,1.1150233324839751,FALSE,FALSE
2019-11-27,circumpolar,13.75345634,-0.915590573993608,0.915590573993608,1.1150233324839751,FALSE,FALSE
2019-11-28,circumpolar,13.59286911,-0.9097699642034414,0.9097699642034414,1.1150233324839751,FALSE,FALSE
2019-11-29,circumpolar,13.44142041,-0.8905345081455494,0.8905345081455494,1.1150233324839751,FALSE,FALSE
2019-11-30,circumpolar,13.29457257,-0.8623337479426603,0.8623337479426603,1.1150233324839751,FALSE,FALSE
2019-12-01,circumpolar,13.12572493,-0.8516802157175132,0.8516802157175132,1.1150233324839751,FALSE,FALSE
2019-12-02,circumpolar,12.90611976,-0.8872435135928427,0.8872435135928427,1.1150233324839751,FALSE,FALSE
2019-12-03,circumpolar,12.67138876,-0.9333038136913904,0.9333038136913904,1.1150233324839751,FALSE,FALSE
2019-12-04,circumpolar,12.46859357,-0.942711348135882,0.942711348135882,1.1150233324839751,FALSE,FALSE
2019-12-05,circumpolar,12.17768665,-1.0354255290490606,1.0354255290490606,1.1150233324839751,FALSE,FALSE
2019-12-06,circumpolar,11.95973547,-1.050290758553663,1.050290758553663,1.1150233324839751,FALSE,FALSE
2019-12-07,circumpolar,11.76657361,-1.035385823093005,1.035385823093005,1.1150233324839751,FALSE,FALSE
2019-12-08,circumpolar,11.49967884,-1.0892987720385925,1.0892987720385925,1.1150233324839751,FALSE,FALSE
2019-12-09,circumpolar,11.25835607,-1.1131605868800705,1.1131605868800705,1.1150233324839751,FALSE,FALSE
2019-12-10,circumpolar,10.96308372,-1.186983407009336,1.186983407009336,1.1150233324839751,TRUE,TRUE
2019-12-11,circumpolar,10.67824694,-1.2468726418182925,1.2468726418182925,1.1150233324839751,TRUE,TRUE
2019-12-12,circumpolar,10.422796,-1.2743685806988427,1.2743685806988427,1.1150233324839751,TRUE,TRUE
2019-12-13,circumpolar,10.19146913,-1.2752235530428848,1.2752235530428848,1.1150233324839751,TRUE,TRUE
2019-12-14,circumpolar,9.967935725,-1.26625872324232,1.26625872324232,1.1150233324839751,TRUE,TRUE
2019-12-15,circumpolar,9.729500999,-1.2706594366890496,1.2706594366890496,1.1150233324839751,TRUE,TRUE
2019-12-16,circumpolar,9.5965941870000009,-1.168487017774961,1.168487017774961,1.1150233324839751,TRUE,TRUE
2019-12-17,circumpolar,9.388132997,-1.1413143178919718,1.1413143178919718,1.1150233324839751,TRUE,TRUE
2019-12-18,circumpolar,9.099106643,-1.1946426824319758,1.1946426824319758,1.1150233324839751,TRUE,TRUE
2019-12-19,circumpolar,8.769559891,-1.2889179047868726,1.2889179047868726,1.1150233324839751,TRUE,TRUE
2019-12-20,circumpolar,8.540336734,-1.2837849683075664,1.2837849683075664,1.1150233324839751,TRUE,TRUE
2019-12-21,circumpolar,8.254662395,-1.3364825954153847,1.3364825954153847,1.1150233324839751,TRUE,TRUE
2019-12-22,circumpolar,8.026537868,-1.3334537573180718,1.3334537573180718,1.1150233324839751,TRUE,TRUE
2019-12-23,circumpolar,7.830053695,-1.3010513204363043,1.3010513204363043,1.1150233324839751,TRUE,TRUE
2019-12-24,circumpolar,7.627899196,-1.2770293731907794,1.2770293731907794,1.1150233324839751,TRUE,TRUE
2019-12-25,circumpolar,7.47139331,-1.2105123850021595,1.2105123850021595,1.1150233324839751,TRUE,TRUE
2019-12-26,circumpolar,7.34412234,-1.1183574612911509,1.1183574612911509,1.1150233324839751,TRUE,TRUE
2019-12-27,circumpolar,7.172983036,-1.0741112604784036,1.0741112604784036,1.1150233324839751,FALSE,FALSE
2019-12-28,circumpolar,7.04297307,-0.9932195189846292,0.9932195189846292,1.1150233324839751,FALSE,FALSE
2019-12-29,circumpolar,6.902003302,-0.9282147852304812,0.9282147852304812,1.1150233324839751,FALSE,FALSE
2019-12-30,circumpolar,6.725360901,-0.9042532986366628,0.9042532986366628,1.1150233324839751,FALSE,FALSE
2019-12-31,circumpolar,6.602432499,-0.8323918356238602,0.8323918356238602,1.1150233324839751,FALSE,FALSE
2020-01-01,circumpolar,6.498148305,-0.7481435956127331,0.7481435956127331,1.1150233324839751,FALSE,FALSE
2020-01-02,circumpolar,6.374621645,-0.6897212375692705,0.6897212375692705,1.1150233324839751,FALSE,FALSE
2020-01-03,circumpolar,6.262831885,-0.6260016866406124,0.6260016866406124,1.1150233324839751,FALSE,FALSE
2020-01-04,circumpolar,6.179778893,-0.5397239425191804,0.5397239425191804,1.1150233324839751,FALSE,FALSE
2020-01-05,circumpolar,6.031268551,-0.5248209908973864,0.5248209908973864,1.1150233324839751,FALSE,FALSE
2020-01-06,circumpolar,5.930163946,-0.4681686124676805,0.4681686124676805,1.1150233324839751,FALSE,FALSE
2020-01-07,circumpolar,5.747060472,-0.4989102809224901,0.4989102809224901,1.1150233324839751,FALSE,FALSE
2020-01-08,circumpolar,5.644776369,-0.45396662395422904,0.45396662395422904,1.1150233324839751,FALSE,FALSE
2020-01-09,circumpolar,5.445284833,-0.5111033132553402,0.5111033132553402,1.1150233324839751,FALSE,FALSE
2020-01-10,circumpolar,5.332321291,-0.4863237895182335,0.4863237895182335,1.1150233324839751,FALSE,FALSE
2020-01-11,circumpolar,5.182860284,-0.5023923794353591,0.5023923794353591,1.1150233324839751,FALSE,FALSE
2020-01-12,circumpolar,5.00760801,-0.5483417526991303,0.5483417526991303,1.1150233324839751,FALSE,FALSE
2020-01-13,circumpolar,4.852651551,-0.5778236950019799,0.5778236950019799,1.1150233324839751,FALSE,FALSE
2020-01-14,circumpolar,4.738599415,-0.5699717920270855,0.5699717920270855,1.1150233324839751,FALSE,FALSE
2020-01-15,circumpolar,4.669831871,-0.5202636326131396,0.5202636326131396,1.1150233324839751,FALSE,FALSE
2020-01-16,circumpolar,4.580541354,-0.4945096672989342,0.4945096672989342,1.1150233324839751,FALSE,FALSE
2020-01-17,circumpolar,4.502626552,-0.4608232656675834,0.4608232656675834,1.1150233324839751,FALSE,FALSE
2020-01-18,circumpolar,4.376715309,-0.4785886413021956,0.4785886413021956,1.1150233324839751,FALSE,FALSE
2020-01-19,circumpolar,4.246057163,-0.5045683137858825,0.5045683137858825,1.1150233324839751,FALSE,FALSE
2020-01-20,circumpolar,4.25610527,-0.3933211847017546,0.3933211847017546,1.1150233324839751,FALSE,FALSE
2020-01-21,circumpolar,4.206104186,-0.3456147556329263,0.3456147556329263,1.1150233324839751,FALSE,FALSE
2020-01-22,circumpolar,4.12311438,-0.3344006151625072,0.3344006151625072,1.1150233324839751,FALSE,FALSE
2020-01-23,circumpolar,4.061895385,-0.3049312878736057,0.3049312878736057,1.1150233324839751,FALSE,FALSE
2020-01-24,circumpolar,4.012324212,-0.2673418203493405,0.2673418203493405,1.1150233324839751,FALSE,FALSE
2020-01-25,circumpolar,3.953912019,-0.24213311217281897,0.24213311217281897,1.1150233324839751,FALSE,FALSE
2020-01-26,circumpolar,3.868461292,-0.24751473492714737,0.24751473492714737,1.1150233324839751,FALSE,FALSE
2020-01-27,circumpolar,3.772660648,-0.26679865734189034,0.26679865734189034,1.1150233324839751,FALSE,FALSE
2020-01-28,circumpolar,3.700079968,-0.2663379259053147,0.2663379259053147,1.1150233324839751,FALSE,FALSE
2020-01-29,circumpolar,3.687262854,-0.20947966458620604,0.20947966458620604,1.1150233324839751,FALSE,FALSE
2020-01-30,circumpolar,3.642491088,-0.18783271362204568,0.18783271362204568,1.1150233324839751,FALSE,FALSE
2020-01-31,circumpolar,3.550189801,-0.21686256425029216,0.21686256425029216,1.1150233324839751,FALSE,FALSE
2020-02-01,circumpolar,3.539959204,-0.16685962770842933,0.16685962770842933,1.1150233324839751,FALSE,FALSE
2020-02-02,circumpolar,3.459843383,-0.18967044023392576,0.18967044023392576,1.1150233324839751,FALSE,FALSE
2020-02-03,circumpolar,3.392872975,-0.2021549870642474,0.2021549870642474,1.1150233324839751,FALSE,FALSE
2020-02-04,circumpolar,3.38792405,-0.15532782043687376,0.15532782043687376,1.1150233324839751,FALSE,FALSE
2020-02-05,circumpolar,3.384888773,-0.10918739758928007,0.10918739758928007,1.1150233324839751,FALSE,FALSE
2020-02-06,circumpolar,3.339122307,-0.1082691777589324,0.1082691777589324,1.1150233324839751,FALSE,FALSE
2020-02-07,circumpolar,3.266773802,-0.13631463318330272,0.13631463318330272,1.1150233324839751,FALSE,FALSE
2020-02-08,circumpolar,3.238894157,-0.12216432791680988,0.12216432791680988,1.1150233324839751,FALSE,FALSE
2020-02-09,circumpolar,3.24680285,-0.0745012544610324,0.0745012544610324,1.1150233324839751,FALSE,FALSE
2020-02-10,circumpolar,3.235844773,-0.04820375846897518,0.04820375846897518,1.1150233324839751,FALSE,FALSE
2020-02-11,circumpolar,3.23705187,-0.01248923568923077,0.01248923568923077,1.1150233324839751,FALSE,FALSE
2020-02-12,circumpolar,3.199938467,-0.01809269987040895,0.01809269987040895,1.1150233324839751,FALSE,FALSE
2020-02-13,circumpolar,3.132257934,-0.05751012076111816,0.05751012076111816,1.1150233324839751,FALSE,FALSE
2020-02-14,circumpolar,3.07401523,-0.09098587910995226,0.09098587910995226,1.1150233324839751,FALSE,FALSE
2020-02-15,circumpolar,2.994005704,-0.14997396566552235,0.14997396566552235,1.1150233324839751,FALSE,FALSE
2020-02-16,circumpolar,2.949010775,-0.1779423011764334,0.1779423011764334,1.1150233324839751,FALSE,FALSE
2020-02-17,circumpolar,2.970242108,-0.14392856039127855,0.14392856039127855,1.1150233324839751,FALSE,FALSE
2020-02-18,circumpolar,2.984124827,-0.12175695905867244,0.12175695905867244,1.1150233324839751,FALSE,FALSE
2020-02-19,circumpolar,3.008158104,-0.09417766492721924,0.09417766492721924,1.1150233324839751,FALSE,FALSE
2020-02-20,circumpolar,3.028645475,-0.0751364817455129,0.0751364817455129,1.1150233324839751,FALSE,FALSE
2020-02-21,circumpolar,3.045776854,-0.06467070148380927,0.06467070148380927,1.1150233324839751,FALSE,FALSE
2020-02-22,circumpolar,3.073517226,-0.04877420330255022,0.04877420330255022,1.1150233324839751,FALSE,FALSE
2020-02-23,circumpolar,3.062490659,-0.0766032706802835,0.0766032706802835,1.1150233324839751,FALSE,FALSE
2020-02-24,circumpolar,3.031065921,-0.12956626012685923,0.12956626012685923,1.1150233324839751,FALSE,FALSE
2020-02-25,circumpolar,3.01900318,-0.16768012815211453,0.16768012815211453,1.1150233324839751,FALSE,FALSE
2020-02-26,circumpolar,3.031609798,-0.185414637265898,0.185414637265898,1.1150233324839751,FALSE,FALSE
2020-02-27,circumpolar,3.044842216,-0.20659047097804972,0.20659047097804972,1.1150233324839751,FALSE,FALSE
2020-02-28,circumpolar,2.997311061,-0.29237412679841546,0.29237412679841546,1.1150233324839751,FALSE,FALSE
2020-03-01,circumpolar,3.045172609,-0.3316588258031614,0.3316588258031614,1.1150233324839751,FALSE,FALSE
2020-03-02,circumpolar,3.083883401,-0.3413960290072242,0.3413960290072242,1.1150233324839751,FALSE,FALSE
2020-03-03,circumpolar,3.190734278,-0.28594589435887485,0.28594589435887485,1.1150233324839751,FALSE,FALSE
2020-03-04,circumpolar,3.309516508,-0.2212942846544994,0.2212942846544994,1.1150233324839751,FALSE,FALSE
2020-03-05,circumpolar,3.450081626,-0.13739018084468002,0.13739018084468002,1.1150233324839751,FALSE,FALSE
2020-03-06,circumpolar,3.567495828,-0.07904403605917842,0.07904403605917842,1.1150233324839751,FALSE,FALSE
2020-03-07,circumpolar,3.716957395,0.00905031431897329,0.00905031431897329,1.1150233324839751,FALSE,FALSE
2020-03-08,circumpolar,3.822854267,0.05138869390673939,0.05138869390673939,1.1150233324839751,FALSE,FALSE
2020-03-09,circumpolar,3.855257934,0.01815047632109134,0.01815047632109134,1.1150233324839751,FALSE,FALSE
2020-03-10,circumpolar,3.909754729,0.00502987817899969,0.00502987817899969,1.1150233324839751,FALSE,FALSE
2020-03-11,circumpolar,4.004150823,0.02994095409742714,0.02994095409742714,1.1150233324839751,FALSE,FALSE
2020-03-12,circumpolar,4.080876661,0.03542203269334276,0.03542203269334276,1.1150233324839751,FALSE,FALSE
2020-03-13,circumpolar,4.193068075,0.07471682958371773,0.07471682958371773,1.1150233324839751,FALSE,FALSE
2020-03-14,circumpolar,4.268523549,0.07573171238551701,0.07573171238551701,1.1150233324839751,FALSE,FALSE
2020-03-15,circumpolar,4.285752971,0.01708445271570635,0.01708445271570635,1.1150233324839751,FALSE,FALSE
2020-03-16,circumpolar,4.327858477,-0.01801492980873842,0.01801492980873842,1.1150233324839751,FALSE,FALSE
2020-03-17,circumpolar,4.395345918,-0.0289539915814041,0.0289539915814041,1.1150233324839751,FALSE,FALSE
2020-03-18,circumpolar,4.490414244,-0.01345943279613148,0.01345943279613148,1.1150233324839751,FALSE,FALSE
2020-03-19,circumpolar,4.54106689,-0.04348719488586727,0.04348719488586727,1.1150233324839751,FALSE,FALSE
2020-03-20,circumpolar,4.625305158,-0.04099694017010691,0.04099694017010691,1.1150233324839751,FALSE,FALSE
2020-03-21,circumpolar,4.698101084,-0.05097759696831527,0.05097759696831527,1.1150233324839751,FALSE,FALSE
2020-03-22,circumpolar,4.749885022,-0.08295977559997691,0.08295977559997691,1.1150233324839751,FALSE,FALSE
2020-03-23,circumpolar,4.817857331,-0.0997040813845711,0.0997040813845711,1.1150233324839751,FALSE,FALSE
2020-03-24,circumpolar,4.892814795,-0.11037469464157024,0.11037469464157024,1.1150233324839751,FALSE,FALSE
2020-03-25,circumpolar,4.988278149,-0.10141184469046038,0.10141184469046038,1.1150233324839751,FALSE,FALSE
2020-03-26,circumpolar,5.124646474,-0.05237741485071279,0.05237741485071279,1.1150233324839751,FALSE,FALSE
2020-03-27,circumpolar,5.165311735,-0.09984040444180751,0.09984040444180751,1.1150233324839751,FALSE,FALSE
2020-03-28,circumpolar,5.236164338,-0.11787137178322916,0.11787137178322916,1.1150233324839751,FALSE,FALSE
2020-03-29,circumpolar,5.376478792,-0.06715677219444682,0.06715677219444682,1.1150233324839751,FALSE,FALSE
2020-03-30,circumpolar,5.469953459,-0.06396906157743132,0.06396906157743132,1.1150233324839751,FALSE,FALSE
2020-03-31,circumpolar,5.556657645,-0.068263611843423,0.068263611843423,1.1150233324839751,FALSE,FALSE
2020-04-01,circumpolar,5.588983994,-0.12769076698582982,0.12769076698582982,1.1150233324839751,FALSE,FALSE
2020-04-02,circumpolar,5.686241837,-0.12298419913499448,0.12298419913499448,1.1150233324839751,FALSE,FALSE
2020-04-03,circumpolar,5.771659352,-0.13095873342124698,0.13095873342124698,1.1150233324839751,FALSE,FALSE
2020-04-04,circumpolar,5.812732545,-0.18416136697492913,0.18416136697492913,1.1150233324839751,FALSE,FALSE
2020-04-05,circumpolar,5.889446412,-0.2026501069263684,0.2026501069263684,1.1150233324839751,FALSE,FALSE
2020-04-06,circumpolar,5.995454267,-0.1928146424059136,0.1928146424059136,1.1150233324839751,FALSE,FALSE
2020-04-07,circumpolar,6.076485865,-0.20896822154389572,0.20896822154389572,1.1150233324839751,FALSE,FALSE
2020-04-08,circumpolar,6.168157096,-0.21553795747065777,0.21553795747065777,1.1150233324839751,FALSE,FALSE
2020-04-09,circumpolar,6.250958296,-0.23207651731652845,0.23207651731652845,1.1150233324839751,FALSE,FALSE
2020-04-10,circumpolar,6.324690244,-0.2588261252118542,0.2588261252118542,1.1150233324839751,FALSE,FALSE
2020-04-11,circumpolar,6.408519303,-0.2766627947196172,0.2766627947196172,1.1150233324839751,FALSE,FALSE
2020-04-12,circumpolar,6.486218659,-0.30181106080147657,0.30181106080147657,1.1150233324839751,FALSE,FALSE
2020-04-13,circumpolar,6.574101378,-0.317881964060863,0.317881964060863,1.1150233324839751,FALSE,FALSE
2020-04-14,circumpolar,6.66079421,-0.33616598519062,0.33616598519062,1.1150233324839751,FALSE,FALSE
2020-04-15,circumpolar,6.759439578,-0.3434379318835612,0.3434379318835612,1.1150233324839751,FALSE,FALSE
2020-04-16,circumpolar,6.806933277,-0.4027192398325328,0.4027192398325328,1.1150233324839751,FALSE,FALSE
2020-04-17,circumpolar,6.898565961,-0.41863648573036727,0.41863648573036727,1.1150233324839751,FALSE,FALSE
2020-04-18,circumpolar,6.992568501,-0.4328760292699067,0.4328760292699067,1.1150233324839751,FALSE,FALSE
2020-04-19,circumpolar,7.115054902,-0.41924109614396343,0.41924109614396343,1.1150233324839751,FALSE,FALSE
2020-04-20,circumpolar,7.2163457,-0.4273283810453936,0.4273283810453936,1.1150233324839751,FALSE,FALSE
2020-04-21,circumpolar,7.312717698,-0.44077831166702097,0.44077831166702097,1.1150233324839751,FALSE,FALSE
2020-04-22,circumpolar,7.477907039,-0.3857719757016751,0.3857719757016751,1.1150233324839751,FALSE,FALSE
2020-04-23,circumpolar,7.597404511,-0.3767358158422045,0.3767358158422045,1.1150233324839751,FALSE,FALSE
2020-04-24,circumpolar,7.741740998,-0.3430596803578654,0.3430596803578654,1.1150233324839751,FALSE,FALSE
2020-04-25,circumpolar,7.872132087,-0.32348197060874373,0.32348197060874373,1.1150233324839751,FALSE,FALSE
2020-04-26,circumpolar,8.027993838,-0.27855899246521965,0.27855899246521965,1.1150233324839751,FALSE,FALSE
2020-04-27,circumpolar,8.163496707,-0.2540928493844241,0.2540928493844241,1.1150233324839751,FALSE,FALSE
2020-04-28,circumpolar,8.240990042,-0.2877067528235049,0.2877067528235049,1.1150233324839751,FALSE,FALSE
2020-04-29,circumpolar,8.310954683,-0.3288924222396066,0.3288924222396066,1.1150233324839751,FALSE,FALSE
2020-04-30,circumpolar,8.47593328,-0.2750797670898706,0.2750797670898706,1.1150233324839751,FALSE,FALSE
2020-05-01,circumpolar,8.592030141,-0.2701370388314448,0.2701370388314448,1.1150233324839751,FALSE,FALSE
2020-05-02,circumpolar,8.63065441,-0.3426276529214576,0.3426276529214576,1.1150233324839751,FALSE,FALSE
2020-05-03,circumpolar,8.682346316,-0.4019839398170628,0.4019839398170628,1.1150233324839751,FALSE,FALSE
2020-05-04,circumpolar,8.764646594,-0.4306377239754066,0.4306377239754066,1.1150233324839751,FALSE,FALSE
2020-05-05,circumpolar,8.877146433,-0.4289703758536181,0.4289703758536181,1.1150233324839751,FALSE,FALSE
2020-05-06,circumpolar,8.969398456,-0.4474018469018439,0.4474018469018439,1.1150233324839751,FALSE,FALSE
2020-05-07,circumpolar,9.039786166,-0.4875295673967503,0.4875295673967503,1.1150233324839751,FALSE,FALSE
2020-05-08,circumpolar,9.188796062,-0.44887021840191466,0.44887021840191466,1.1150233324839751,FALSE,FALSE
2020-05-09,circumpolar,9.343673788,-0.4041849963789961,0.4041849963789961,1.1150233324839751,FALSE,FALSE
2020-05-10,circumpolar,9.470866746,-0.3870333397896797,0.3870333397896797,1.1150233324839751,FALSE,FALSE
2020-05-11,circumpolar,9.531403287,-0.436393738095628,0.436393738095628,1.1150233324839751,FALSE,FALSE
2020-05-12,circumpolar,9.637564619,-0.4399918237585201,0.4399918237585201,1.1150233324839751,FALSE,FALSE
2020-05-13,circumpolar,9.718127727,-0.4690574522400226,0.4690574522400226,1.1150233324839751,FALSE,FALSE
2020-05-14,circumpolar,9.800648235,-0.4960418400018103,0.4960418400018103,1.1150233324839751,FALSE,FALSE
2020-05-15,circumpolar,9.870775706,-0.5353022645055638,0.5353022645055638,1.1150233324839751,FALSE,FALSE
2020-05-16,circumpolar,9.990413408,-0.5249422982129506,0.5249422982129506,1.1150233324839751,FALSE,FALSE
2020-05-17,circumpolar,10.16099759,-0.4635325325856261,0.4635325325856261,1.1150233324839751,FALSE,FALSE
2020-05-18,circumpolar,10.31372493,-0.41988313008528344,0.41988313008528344,1.1150233324839751,FALSE,FALSE
2020-05-19,circumpolar,10.4151061,-0.4274891261361162,0.4274891261361162,1.1150233324839751,FALSE,FALSE
2020-05-20,circumpolar,10.53177892,-0.4196977332712635,0.4196977332712635,1.1150233324839751,FALSE,FALSE
2020-05-21,circumpolar,10.67807025,-0.3821490607067464,0.3821490607067464,1.1150233324839751,FALSE,FALSE
2020-05-22,circumpolar,10.86890231,-0.2998872499233798,0.2998872499233798,1.1150233324839751,FALSE,FALSE
2020-05-23,circumpolar,11.01551218,-0.26164158240199953,0.26164158240199953,1.1150233324839751,FALSE,FALSE
2020-05-24,circumpolar,11.13040969,-0.25486858962341685,0.25486858962341685,1.1150233324839751,FALSE,FALSE
2020-05-25,circumpolar,11.24771931,-0.24541016306846153,0.24541016306846153,1.1150233324839751,FALSE,FALSE
2020-05-26,circumpolar,11.32670267,-0.27397103421796665,0.27397103421796665,1.1150233324839751,FALSE,FALSE
2020-05-27,circumpolar,11.52282572,-0.18505161455274788,0.18505161455274788,1.1150233324839751,FALSE,FALSE
2020-05-28,circumpolar,11.63195519,-0.18275153555362425,0.18275153555362425,1.1150233324839751,FALSE,FALSE
2020-05-29,circumpolar,11.733353170000001,-0.18777506870142344,0.18777506870142344,1.1150233324839751,FALSE,FALSE
2020-05-30,circumpolar,11.81110744,-0.2160007954769867,0.2160007954769867,1.1150233324839751,FALSE,FALSE
2020-05-31,circumpolar,11.95208555,-0.1805275273611091,0.1805275273611091,1.1150233324839751,FALSE,FALSE
2020-06-01,circumpolar,12.1123697,-0.12525053780358597,0.12525053780358597,1.1150233324839751,FALSE,FALSE
2020-06-02,circumpolar,12.18412863,-0.15802785594907753,0.15802785594907753,1.1150233324839751,FALSE,FALSE
2020-06-03,circumpolar,12.2737459,-0.17251635615339644,0.17251635615339644,1.1150233324839751,FALSE,FALSE
2020-06-04,circumpolar,12.33755821,-0.21241977327848893,0.21241977327848893,1.1150233324839751,FALSE,FALSE
2020-06-05,circumpolar,12.44925905,-0.20408505218631667,0.20408505218631667,1.1150233324839751,FALSE,FALSE
2020-06-06,circumpolar,12.57992891,-0.17647213773885717,0.17647213773885717,1.1150233324839751,FALSE,FALSE
2020-06-07,circumpolar,12.69193375,-0.16725550479807083,0.16725550479807083,1.1150233324839751,FALSE,FALSE
2020-06-08,circumpolar,12.76772666,-0.1940224982259302,0.1940224982259302,1.1150233324839751,FALSE,FALSE
2020-06-09,circumpolar,12.90852307,-0.15559812288440256,0.15559812288440256,1.1150233324839751,FALSE,FALSE
2020-06-10,circumpolar,13.08244717,-0.08389862363543443,0.08389862363543443,1.1150233324839751,FALSE,FALSE
2020-06-11,circumpolar,13.19224917,-0.07621422534101363,0.07621422534101363,1.1150233324839751,FALSE,FALSE
2020-06-12,circumpolar,13.26644827,-0.10406616286310566,0.10406616286310566,1.1150233324839751,FALSE,FALSE
2020-06-13,circumpolar,13.3661365,-0.1064010106432427,0.1064010106432427,1.1150233324839751,FALSE,FALSE
2020-06-14,circumpolar,13.5160629,-0.05842764059899608,0.05842764059899608,1.1150233324839751,FALSE,FALSE
2020-06-15,circumpolar,13.62363165,-0.0525890861560061,0.0525890861560061,1.1150233324839751,FALSE,FALSE
2020-06-16,circumpolar,13.64510516,-0.1324621304453899,0.1324621304453899,1.1150233324839751,FALSE,FALSE
2020-06-17,circumpolar,13.68175554,-0.19661385659828845,0.19661385659828845,1.1150233324839751,FALSE,FALSE
2020-06-18,circumpolar,13.78892714,-0.1895391077458104,0.1895391077458104,1.1150233324839751,FALSE,FALSE
2020-06-19,circumpolar,13.86421779,-0.2134792470190927,0.2134792470190927,1.1150233324839751,FALSE,FALSE
2020-06-20,circumpolar,13.9744645,-0.20143645754925643,0.20143645754925643,1.1150233324839751,FALSE,FALSE
2020-06-21,circumpolar,14.1274942,-0.14542300246744588,0.14542300246744588,1.1150233324839751,FALSE,FALSE
2020-06-22,circumpolar,14.29123322,-0.07735174490476915,0.07735174490476915,1.1150233324839751,FALSE,FALSE
2020-06-23,circumpolar,14.38572435,-0.07701908799235646,0.07701908799235646,1.1150233324839751,FALSE,FALSE
2020-06-24,circumpolar,14.45147893,-0.10375288486134691,0.10375288486134691,1.1150233324839751,FALSE,FALSE
2020-06-25,circumpolar,14.49953406,-0.146355228642852,0.146355228642852,1.1150233324839751,FALSE,FALSE
2020-06-26,circumpolar,14.57224595,-0.16233712715430926,0.16233712715430926,1.1150233324839751,FALSE,FALSE
2020-06-27,circumpolar,14.70607322,-0.11531894690366862,0.11531894690366862,1.1150233324839751,FALSE,FALSE
2020-06-28,circumpolar,14.80624956,-0.10024274983785196,0.10024274983785196,1.1150233324839751,FALSE,FALSE
2020-06-29,circumpolar,14.87122087,-0.11883888542432608,0.11883888542432608,1.1150233324839751,FALSE,FALSE
2020-06-30,circumpolar,14.91257712,-0.15969363313053364,0.15969363313053364,1.1150233324839751,FALSE,FALSE
2020-07-01,circumpolar,14.97158151,-0.1817200424239331,0.1817200424239331,1.1150233324839751,FALSE,FALSE
2020-07-02,circumpolar,15.07112485,-0.1622035527719614,0.1622035527719614,1.1150233324839751,FALSE,FALSE
2020-07-03,circumpolar,15.25846347,-0.05406408364208204,0.05406408364208204,1.1150233324839751,FALSE,FALSE
2020-07-04,circumpolar,15.37772561,-0.01334964450174425,0.01334964450174425,1.1150233324839751,FALSE,FALSE
2020-07-05,circumpolar,15.42742713,-0.04172062481840299,0.04172062481840299,1.1150233324839751,FALSE,FALSE
2020-07-06,circumpolar,15.5026067,-0.04431460405950283,0.04431460405950283,1.1150233324839751,FALSE,FALSE
2020-07-07,circumpolar,15.52115308,-0.10341907169249964,0.10341907169249964,1.1150233324839751,FALSE,FALSE
2020-07-08,circumpolar,15.57434503,-0.12793110419095832,0.12793110419095832,1.1150233324839751,FALSE,FALSE
2020-07-09,circumpolar,15.64502727,-0.135101492629488,0.135101492629488,1.1150233324839751,FALSE,FALSE
2020-07-10,circumpolar,15.81458367,-0.04346608799954232,0.04346608799954232,1.1150233324839751,FALSE,FALSE
2020-07-11,circumpolar,15.7843665,-0.15156907788236573,0.15156907788236573,1.1150233324839751,FALSE,FALSE
2020-07-12,circumpolar,15.81569136,-0.1979913198591401,0.1979913198591401,1.1150233324839751,FALSE,FALSE
2020-07-13,circumpolar,15.92072672,-0.17046080151109244,0.17046080151109244,1.1150233324839751,FALSE,FALSE
2020-07-14,circumpolar,15.95067903,-0.21766753041941556,0.21766753041941556,1.1150233324839751,FALSE,FALSE
2020-07-15,circumpolar,15.95697532,-0.2880809341653343,0.2880809341653343,1.1150233324839751,FALSE,FALSE
2020-07-16,circumpolar,15.97887257,-0.3423404903300593,0.3423404903300593,1.1150233324839751,FALSE,FALSE
2020-07-17,circumpolar,16.02905094,-0.36766249649476634,0.36766249649476634,1.1150233324839751,FALSE,FALSE
2020-07-18,circumpolar,16.11318585,-0.3582679902407051,0.3582679902407051,1.1150233324839751,FALSE,FALSE
2020-07-19,circumpolar,16.18284548,-0.3624852491490635,0.3624852491490635,1.1150233324839751,FALSE,FALSE
2020-07-20,circumpolar,16.28577939,-0.33246117080106075,0.33246117080106075,1.1150233324839751,FALSE,FALSE
2020-07-21,circumpolar,16.32455002,-0.3655326547195159,0.3655326547195159,1.1150233324839751,FALSE,FALSE
2020-07-22,circumpolar,16.38512933,-0.3756668578436049,0.3756668578436049,1.1150233324839751,FALSE,FALSE
2020-07-23,circumpolar,16.48011656,-0.3502326524498187,0.3502326524498187,1.1150233324839751,FALSE,FALSE
2020-07-24,circumpolar,16.5700231,-0.3286874185417332,0.3286874185417332,1.1150233324839751,FALSE,FALSE
2020-07-25,circumpolar,16.65928491,-0.3065639661229085,0.3065639661229085,1.1150233324839751,FALSE,FALSE
2020-07-26,circumpolar,16.72736509,-0.3043679651969242,0.3043679651969242,1.1150233324839751,FALSE,FALSE
2020-07-27,circumpolar,16.83002729,-0.2663045357673539,0.2663045357673539,1.1150233324839751,FALSE,FALSE
2020-07-28,circumpolar,16.87840539,-0.28120856783776205,0.28120856783776205,1.1150233324839751,FALSE,FALSE
2020-07-29,circumpolar,16.83309878,-0.38844944141171567,0.38844944141171567,1.1150233324839751,FALSE,FALSE
2020-07-30,circumpolar,16.94225033,-0.3398530564928066,0.3398530564928066,1.1150233324839751,FALSE,FALSE
2020-07-31,circumpolar,17.05679119,-0.28445703308461034,0.28445703308461034,1.1150233324839751,FALSE,FALSE
2020-08-01,circumpolar,17.07813164,-0.3208198611906674,0.3208198611906674,1.1150233324839751,FALSE,FALSE
2020-08-02,circumpolar,17.10855466,-0.3466273313772348,0.3466273313772348,1.1150233324839751,FALSE,FALSE
2020-08-03,circumpolar,17.13863959,-0.3712840640620989,0.3712840640620989,1.1150233324839751,FALSE,FALSE
2020-08-04,circumpolar,17.10126593,-0.46194931532508576,0.46194931532508576,1.1150233324839751,FALSE,FALSE
2020-08-05,circumpolar,17.18955511,-0.42555276298776334,0.42555276298776334,1.1150233324839751,FALSE,FALSE
2020-08-06,circumpolar,17.26075412,-0.4048985248717223,0.4048985248717223,1.1150233324839751,FALSE,FALSE
2020-08-07,circumpolar,17.37878885,-0.33611181879856744,0.33611181879856744,1.1150233324839751,FALSE,FALSE
2020-08-08,circumpolar,17.55479162,-0.2081114325898703,0.2081114325898703,1.1150233324839751,FALSE,FALSE
2020-08-09,circumpolar,17.62552444,-0.1841864640672384,0.1841864640672384,1.1150233324839751,FALSE,FALSE
2020-08-10,circumpolar,17.75039111,-0.10498422105225202,0.10498422105225202,1.1150233324839751,FALSE,FALSE
2020-08-11,circumpolar,17.87486217,-0.02508527136650684,0.02508527136650684,1.1150233324839751,FALSE,FALSE
2020-08-12,circumpolar,17.98532349,0.04184514716842358,0.04184514716842358,1.1150233324839751,FALSE,FALSE
2020-08-13,circumpolar,18.04764756,0.06162841673094021,0.06162841673094021,1.1150233324839751,FALSE,FALSE
2020-08-14,circumpolar,18.06133805,0.0337170994994409,0.0337170994994409,1.1150233324839751,FALSE,FALSE
2020-08-15,circumpolar,18.06473865,-0.00359534377735215,0.00359534377735215,1.1150233324839751,FALSE,FALSE
2020-08-16,circumpolar,18.10859815,4.157608221611042e-4,4.157608221611042e-4,1.1150233324839751,FALSE,FALSE
2020-08-17,circumpolar,18.19564602,0.04848565580537922,0.04848565580537922,1.1150233324839751,FALSE,FALSE
2020-08-18,circumpolar,18.31836366,0.1331031516514365,0.1331031516514365,1.1150233324839751,FALSE,FALSE
2020-08-19,circumpolar,18.36162664,0.1391512288395198,0.1391512288395198,1.1150233324839751,FALSE,FALSE
2020-08-20,circumpolar,18.36972138,0.11092371784879164,0.11092371784879164,1.1150233324839751,FALSE,FALSE
2020-08-21,circumpolar,18.35789714,0.06367728915841298,0.06367728915841298,1.1150233324839751,FALSE,FALSE
2020-08-22,circumpolar,18.40365275,0.07491818324754362,0.07491818324754362,1.1150233324839751,FALSE,FALSE
2020-08-23,circumpolar,18.45937902,0.09704462059534792,0.09704462059534792,1.1150233324839751,FALSE,FALSE
2020-08-24,circumpolar,18.5181762,0.1231642616809978,0.1231642616809978,1.1150233324839751,FALSE,FALSE
2020-08-25,circumpolar,18.55914645,0.1323866769836428,0.1323866769836428,1.1150233324839751,FALSE,FALSE
2020-08-26,circumpolar,18.60261471,0.14504421698245196,0.14504421698245196,1.1150233324839751,FALSE,FALSE
2020-08-27,circumpolar,18.81888634,0.33144965215659283,0.33144965215659283,1.1150233324839751,FALSE,FALSE
2020-08-28,circumpolar,18.85155062,0.33520058252199547,0.33520058252199547,1.1150233324839751,FALSE,FALSE
2020-08-29,circumpolar,18.98583676,0.4415400659827746,0.4415400659827746,1.1150233324839751,FALSE,FALSE
2020-08-30,circumpolar,18.85659781,0.28533707744662706,0.28533707744662706,1.1150233324839751,FALSE,FALSE
2020-08-31,circumpolar,18.8202184,0.22299217554677145,0.22299217554677145,1.1150233324839751,FALSE,FALSE
2020-09-01,circumpolar,18.81375024,0.19157299891638505,0.19157299891638505,1.1150233324839751,FALSE,FALSE
2020-09-02,circumpolar,18.75556955,0.10947169618868102,0.10947169618868102,1.1150233324839751,FALSE,FALSE
2020-09-03,circumpolar,18.81544077,0.1464686359968539,0.1464686359968539,1.1150233324839751,FALSE,FALSE
2020-09-04,circumpolar,18.85997858,0.16919442697408016,0.16919442697408016,1.1150233324839751,FALSE,FALSE
2020-09-05,circumpolar,18.85485091,0.14333292775359752,0.14333292775359752,1.1150233324839751,FALSE,FALSE
2020-09-06,circumpolar,18.94303002,0.2118723269685603,0.2118723269685603,1.1150233324839751,FALSE,FALSE
2020-09-07,circumpolar,18.99622562,0.2465382632521873,0.2465382632521873,1.1150233324839751,FALSE,FALSE
2020-09-08,circumpolar,18.97838156,0.2112905152376676,0.2112905152376676,1.1150233324839751,FALSE,FALSE
2020-09-09,circumpolar,19.02799463,0.24464182544006977,0.24464182544006977,1.1150233324839751,FALSE,FALSE
2020-09-10,circumpolar,19.06092216,0.2624677435186662,0.2624677435186662,1.1150233324839751,FALSE,FALSE
2020-09-11,circumpolar,19.1122809,0.29990734177520295,0.29990734177520295,1.1150233324839751,FALSE,FALSE
2020-09-12,circumpolar,19.14702221,0.3219347344839498,0.3219347344839498,1.1150233324839751,FALSE,FALSE
2020-09-13,circumpolar,19.22856042,0.39198700591913394,0.39198700591913394,1.1150233324839751,FALSE,FALSE
2020-09-14,circumpolar,19.24401341,0.39720479035498,0.39720479035498,1.1150233324839751,FALSE,FALSE
2020-09-15,circumpolar,19.22716251,0.37139217206575026,0.37139217206575026,1.1150233324839751,FALSE,FALSE
2020-09-16,circumpolar,19.19227645,0.3288406353256903,0.3288406353256903,1.1150233324839751,FALSE,FALSE
2020-09-17,circumpolar,19.15582579,0.28604349440902155,0.28604349440902155,1.1150233324839751,FALSE,FALSE
2020-09-18,circumpolar,19.19675547,0.3219684435900021,0.3219684435900021,1.1150233324839751,FALSE,FALSE
2020-09-19,circumpolar,19.18020023,0.30177297714285345,0.30177297714285345,1.1150233324839751,FALSE,FALSE
2020-09-20,circumpolar,19.17354391,0.2928636893418357,0.2928636893418357,1.1150233324839751,FALSE,FALSE
2020-09-21,circumpolar,19.1423203,0.2607971244611953,0.2607971244611953,1.1150233324839751,FALSE,FALSE
2020-09-22,circumpolar,19.19516453,0.3142303860284592,0.3142303860284592,1.1150233324839751,FALSE,FALSE
2020-09-23,circumpolar,19.22878359,0.34988407879948724,0.34988407879948724,1.1150233324839751,FALSE,FALSE
2020-09-24,circumpolar,19.27966309,0.40425235697070505,0.40425235697070505,1.1150233324839751,FALSE,FALSE
2020-09-25,circumpolar,19.28928806,0.4188287235930339,0.4188287235930339,1.1150233324839751,FALSE,FALSE
2020-09-26,circumpolar,19.30249078,0.43845393171735125,0.43845393171735125,1.1150233324839751,FALSE,FALSE
2020-09-27,circumpolar,19.27085962,0.41472482439456826,0.41472482439456826,1.1150233324839751,FALSE,FALSE
2020-09-28,circumpolar,19.17423849,0.32749378467556056,0.32749378467556056,1.1150233324839751,FALSE,FALSE
2020-09-29,circumpolar,19.12603615,0.2901780456112384,0.2901780456112384,1.1150233324839751,FALSE,FALSE
2020-09-30,circumpolar,19.10842341,0.2849568902525057,0.2849568902525057,1.1150233324839751,FALSE,FALSE
2020-10-01,circumpolar,19.12865513,0.3190936516502454,0.3190936516502454,1.1150233324839751,FALSE,FALSE
2020-10-02,circumpolar,19.17549756,0.3813630528553702,0.3813630528553702,1.1150233324839751,FALSE,FALSE
2020-10-03,circumpolar,19.15984221,0.3826650769187694,0.3826650769187694,1.1150233324839751,FALSE,FALSE
2020-10-04,circumpolar,19.06211581,0.3034349296025276,0.3034349296025276,1.1150233324839751,FALSE,FALSE
2020-10-05,circumpolar,19.10803433,0.3694003362124718,0.3694003362124718,1.1150233324839751,FALSE,FALSE
2020-10-06,circumpolar,19.10430814,0.38729306899392313,0.38729306899392313,1.1150233324839751,FALSE,FALSE
2020-10-07,circumpolar,19.01729402,0.323493075080755,0.323493075080755,1.1150233324839751,FALSE,FALSE
2020-10-08,circumpolar,18.98956292,0.32059447160685295,0.32059447160685295,1.1150233324839751,FALSE,FALSE
2020-10-09,circumpolar,18.9339421,0.29144768570611745,0.29144768570611745,1.1150233324839751,FALSE,FALSE
2020-10-10,circumpolar,18.86198909,0.24763341451242127,0.24763341451242127,1.1150233324839751,FALSE,FALSE
2020-10-11,circumpolar,18.80103181,0.2165027451596231,0.2165027451596231,1.1150233324839751,FALSE,FALSE
2020-10-12,circumpolar,18.7732616,0.22027018478165772,0.22027018478165772,1.1150233324839751,FALSE,FALSE
2020-10-13,circumpolar,18.70886889,0.1891493305123646,0.1891493305123646,1.1150233324839751,FALSE,FALSE
2020-10-14,circumpolar,18.67107163,0.18638129948565663,0.18638129948565663,1.1150233324839751,FALSE,FALSE
2020-10-15,circumpolar,18.66882803,0.22094746883540495,0.22094746883540495,1.1150233324839751,FALSE,FALSE
2020-10-16,circumpolar,18.6532853,0.24401821569549045,0.24401821569549045,1.1150233324839751,FALSE,FALSE
2020-10-17,circumpolar,18.62945479,0.2606276842753523,0.2606276842753523,1.1150233324839751,FALSE,FALSE
2020-10-18,circumpolar,18.63542053,0.30887477797936924,0.30887477797936924,1.1150233324839751,FALSE,FALSE
2020-10-19,circumpolar,18.64074979,0.35833406780126253,0.35833406780126253,1.1150233324839751,FALSE,FALSE
2020-10-20,circumpolar,18.64439086,0.4079608415333382,0.4079608415333382,1.1150233324839751,FALSE,FALSE
2020-10-21,circumpolar,18.6404997,0.45191805696788734,0.45191805696788734,1.1150233324839751,FALSE,FALSE
2020-10-22,circumpolar,18.62379143,0.48492783189722033,0.48492783189722033,1.1150233324839751,FALSE,FALSE
2020-10-23,circumpolar,18.59309132,0.5058224341136501,0.5058224341136501,1.1150233324839751,FALSE,FALSE
2020-10-24,circumpolar,18.51032138,0.47653087140946937,0.47653087140946937,1.1150233324839751,FALSE,FALSE
2020-10-25,circumpolar,18.48712356,0.508702091576982,0.508702091576982,1.1150233324839751,FALSE,FALSE
2020-10-26,circumpolar,18.49428603,0.5731312624085092,0.5731312624085092,1.1150233324839751,FALSE,FALSE
2020-10-27,circumpolar,18.42795425,0.565970841696334,0.565970841696334,1.1150233324839751,FALSE,FALSE
2020-10-28,circumpolar,18.40678521,0.6058848172327664,0.6058848172327664,1.1150233324839751,FALSE,FALSE
2020-10-29,circumpolar,18.36258482,0.6246860968101196,0.6246860968101196,1.1150233324839751,FALSE,FALSE
2020-10-30,circumpolar,18.26967008,0.5967213364965325,0.5967213364965325,1.1150233324839751,FALSE,FALSE
2020-10-31,circumpolar,18.20643874,0.600529471313898,0.600529471313898,1.1150233324839751,FALSE,FALSE
2020-11-01,circumpolar,18.14912781,0.6125229536448202,0.6125229536448202,1.1150233324839751,FALSE,FALSE
2020-11-02,circumpolar,17.978236,0.5133759450811688,0.5133759450811688,1.1150233324839751,FALSE,FALSE
2020-11-03,circumpolar,17.80761726,0.4171178472148327,0.4171178472148327,1.1150233324839751,FALSE,FALSE
2020-11-04,circumpolar,17.69308682,0.37973934163768064,0.37973934163768064,1.1150233324839751,FALSE,FALSE
2020-11-05,circumpolar,17.62495582,0.39172701994158743,0.39172701994158743,1.1150233324839751,FALSE,FALSE
2020-11-06,circumpolar,17.5750603,0.425092373718428,0.425092373718428,1.1150233324839751,FALSE,FALSE
2020-11-07,circumpolar,17.47541607,0.41202666456009496,0.41202666456009496,1.1150233324839751,FALSE,FALSE
2020-11-08,circumpolar,17.3728888,0.3995710140584378,0.3995710140584378,1.1150233324839751,FALSE,FALSE
2020-11-09,circumpolar,17.31748631,0.43790869380536535,0.43790869380536535,1.1150233324839751,FALSE,FALSE
2020-11-10,circumpolar,17.17905793,0.39706448539273254,0.39706448539273254,1.1150233324839751,FALSE,FALSE
2020-11-11,circumpolar,17.10686305,0.4264719286367118,0.4264719286367118,1.1150233324839751,FALSE,FALSE
2020-11-12,circumpolar,17.01527469,0.4406061804223,0.4406061804223,1.1150233324839751,FALSE,FALSE
2020-11-13,circumpolar,16.99097398,0.5261422571726406,0.5261422571726406,1.1150233324839751,FALSE,FALSE
2020-11-14,circumpolar,16.92186738,0.5709715764311696,0.5709715764311696,1.1150233324839751,FALSE,FALSE
2020-11-15,circumpolar,16.86224287,0.629367075741353,0.629367075741353,1.1150233324839751,FALSE,FALSE
2020-11-16,circumpolar,16.75075949,0.6399727526466314,0.6399727526466314,1.1150233324839751,FALSE,FALSE
2020-11-17,circumpolar,16.63766064,0.6530169646904476,0.6530169646904476,1.1150233324839751,FALSE,FALSE
2020-11-18,circumpolar,16.54679563,0.6923339794162597,0.6923339794162597,1.1150233324839751,FALSE,FALSE
2020-11-19,circumpolar,16.42755246,0.7072967543675279,0.7072967543675279,1.1150233324839751,FALSE,FALSE
2020-11-20,circumpolar,16.28451784,0.7024769570876828,0.7024769570876828,1.1150233324839751,FALSE,FALSE
2020-11-21,circumpolar,16.14317239,0.703340165120192,0.703340165120192,1.1150233324839751,FALSE,FALSE
2020-11-22,circumpolar,15.95566329,0.662018516008489,0.662018516008489,1.1150233324839751,FALSE,FALSE
2020-11-23,circumpolar,15.77782094,0.6343273672960379,0.6343273672960379,1.1150233324839751,FALSE,FALSE
2020-11-24,circumpolar,15.66453643,0.6751502737201953,0.6751502737201953,1.1150233324839751,FALSE,FALSE
2020-11-25,circumpolar,15.3997088,0.5684422346066995,0.5684422346066995,1.1150233324839751,FALSE,FALSE
2020-11-26,circumpolar,15.20711794,0.5380710260063921,0.5380710260063921,1.1150233324839751,FALSE,FALSE
2020-11-27,circumpolar,14.98054784,0.47790876579655794,0.47790876579655794,1.1150233324839751,FALSE,FALSE
2020-11-28,circumpolar,14.77906029,0.44710537185445176,0.44710537185445176,1.1150233324839751,FALSE,FALSE
2020-11-29,circumpolar,14.68280199,0.5258956720573398,0.5258956720573398,1.1150233324839751,FALSE,FALSE
2020-11-30,circumpolar,14.54323548,0.5658303342824862,0.5658303342824862,1.1150233324839751,FALSE,FALSE
2020-12-01,circumpolar,14.35596819,0.5626049164071585,0.5626049164071585,1.1150233324839751,FALSE,FALSE
2020-12-02,circumpolar,14.19074348,0.5860509063086106,0.5860509063086106,1.1150233324839751,FALSE,FALSE
2020-12-03,circumpolar,13.99074761,0.5794426918641182,0.5794426918641182,1.1150233324839751,FALSE,FALSE
2020-12-04,circumpolar,13.81429688,0.6011847009509399,0.6011847009509399,1.1150233324839751,FALSE,FALSE
2020-12-05,circumpolar,13.65844675,0.6484205214463366,0.6484205214463366,1.1150233324839751,FALSE,FALSE
2020-12-06,circumpolar,13.42881801,0.6268585769069954,0.6268585769069954,1.1150233324839751,FALSE,FALSE
2020-12-07,circumpolar,13.17506915,0.5860915379614084,0.5860915379614084,1.1150233324839751,FALSE,FALSE
2020-12-08,circumpolar,12.9961006,0.62458394311993,0.62458394311993,1.1150233324839751,FALSE,FALSE
2020-12-09,circumpolar,12.82217829,0.6721111629906638,0.6721111629906638,1.1150233324839751,FALSE,FALSE
2020-12-10,circumpolar,12.60083743,0.6757178481817085,0.6757178481817085,1.1150233324839751,FALSE,FALSE
2020-12-11,circumpolar,12.40965757,0.7124929893011576,0.7124929893011576,1.1150233324839751,FALSE,FALSE
2020-12-12,circumpolar,12.14136205,0.6746693669571151,0.6746693669571151,1.1150233324839751,FALSE,FALSE
2020-12-13,circumpolar,11.90319594,0.6690014917576796,0.6690014917576796,1.1150233324839751,FALSE,FALSE
2020-12-14,circumpolar,11.65833816,0.6581777243109492,0.6581777243109492,1.1150233324839751,FALSE,FALSE
2020-12-15,circumpolar,11.33532803,0.5702468252250377,0.5702468252250377,1.1150233324839751,FALSE,FALSE
2020-12-16,circumpolar,11.09098615,0.5615388351080295,0.5615388351080295,1.1150233324839751,FALSE,FALSE
2020-12-17,circumpolar,10.87392082,0.5801714945680239,0.5801714945680239,1.1150233324839751,FALSE,FALSE
2020-12-18,circumpolar,10.63404061,0.5755628142131268,0.5755628142131268,1.1150233324839751,FALSE,FALSE
2020-12-19,circumpolar,10.29735973,0.4732380276924335,0.4732380276924335,1.1150233324839751,FALSE,FALSE
2020-12-20,circumpolar,9.972286552,0.3811415615846147,0.3811415615846147,1.1150233324839751,FALSE,FALSE
2020-12-21,circumpolar,9.731214024,0.37122239868192786,0.37122239868192786,1.1150233324839751,FALSE,FALSE
2020-12-22,circumpolar,9.435949392,0.304844376563695,0.304844376563695,1.1150233324839751,FALSE,FALSE
2020-12-23,circumpolar,9.115654978,0.21072640880922044,0.21072640880922044,1.1150233324839751,FALSE,FALSE
2020-12-24,circumpolar,8.762303573,0.08039787799784115,0.08039787799784115,1.1150233324839751,FALSE,FALSE
2020-12-25,circumpolar,8.516370725,0.05389092370884896,0.05389092370884896,1.1150233324839751,FALSE,FALSE
2020-12-26,circumpolar,8.209982313,-0.03711198347840394,0.03711198347840394,1.1150233324839751,FALSE,FALSE
2020-12-27,circumpolar,7.881693648,-0.15449894098463002,0.15449894098463002,1.1150233324839751,FALSE,FALSE
2020-12-28,circumpolar,7.671822321,-0.15839576623048135,0.15839576623048135,1.1150233324839751,FALSE,FALSE
2020-12-29,circumpolar,7.493794921,-0.13581927863666277,0.13581927863666277,1.1150233324839751,FALSE,FALSE
2020-12-30,circumpolar,7.290684073,-0.14414026162385962,0.14414026162385962,1.1150233324839751,FALSE,FALSE
2020-12-31,circumpolar,7.127200841,-0.11909105961273968,0.11909105961273968,1.1150233324839751,FALSE,FALSE
2021-01-01,circumpolar,6.989000358,-0.2572915426127329,0.2572915426127329,1.1150233324839751,FALSE,FALSE
2021-01-02,circumpolar,6.847685378,-0.2166575045692705,0.2166575045692705,1.1150233324839751,FALSE,FALSE
2021-01-03,circumpolar,6.643766749,-0.24506682264061208,0.24506682264061208,1.1150233324839751,FALSE,FALSE
2021-01-04,circumpolar,6.465118584,-0.25438425151918054,0.25438425151918054,1.1150233324839751,FALSE,FALSE
2021-01-05,circumpolar,6.360351513,-0.19573802889738623,0.19573802889738623,1.1150233324839751,FALSE,FALSE
2021-01-06,circumpolar,6.238592941,-0.15973961746768062,0.15973961746768062,1.1150233324839751,FALSE,FALSE
2021-01-07,circumpolar,6.071817109,-0.17415364392249,0.17415364392249,1.1150233324839751,FALSE,FALSE
2021-01-08,circumpolar,5.963079814,-0.13566317895422839,0.13566317895422839,1.1150233324839751,FALSE,FALSE
2021-01-09,circumpolar,5.837213643,-0.11917450325533974,0.11917450325533974,1.1150233324839751,FALSE,FALSE
2021-01-10,circumpolar,5.689520844,-0.12912423651823435,0.12912423651823435,1.1150233324839751,FALSE,FALSE
2021-01-11,circumpolar,5.565425023,-0.11982764043535887,0.11982764043535887,1.1150233324839751,FALSE,FALSE
2021-01-12,circumpolar,5.409277714,-0.14667204869913064,0.14667204869913064,1.1150233324839751,FALSE,FALSE
2021-01-13,circumpolar,5.316080685,-0.11439456100197988,0.11439456100197988,1.1150233324839751,FALSE,FALSE
2021-01-14,circumpolar,5.209491483,-0.09907972402708598,0.09907972402708598,1.1150233324839751,FALSE,FALSE
2021-01-15,circumpolar,5.115905788,-0.07418971561313992,0.07418971561313992,1.1150233324839751,FALSE,FALSE
2021-01-16,circumpolar,4.994843411,-0.08020761029893464,0.08020761029893464,1.1150233324839751,FALSE,FALSE
2021-01-17,circumpolar,4.83177879,-0.13167102766758276,0.13167102766758276,1.1150233324839751,FALSE,FALSE
2021-01-18,circumpolar,4.66603727,-0.18926668030219496,0.18926668030219496,1.1150233324839751,FALSE,FALSE
2021-01-19,circumpolar,4.495429456,-0.2551960207858821,0.2551960207858821,1.1150233324839751,FALSE,FALSE
2021-01-20,circumpolar,4.419733154,-0.2296933007017543,0.2296933007017543,1.1150233324839751,FALSE,FALSE
2021-01-21,circumpolar,4.375296655,-0.1764222866329268,0.1764222866329268,1.1150233324839751,FALSE,FALSE
2021-01-22,circumpolar,4.264032408,-0.19348258716250655,0.19348258716250655,1.1150233324839751,FALSE,FALSE
2021-01-23,circumpolar,4.200265142,-0.16656153087360526,0.16656153087360526,1.1150233324839751,FALSE,FALSE
2021-01-24,circumpolar,4.133536322,-0.1461297103493404,0.1461297103493404,1.1150233324839751,FALSE,FALSE
2021-01-25,circumpolar,4.017000174,-0.17904495717281943,0.17904495717281943,1.1150233324839751,FALSE,FALSE
2021-01-26,circumpolar,3.956409269,-0.15956675792714758,0.15956675792714758,1.1150233324839751,FALSE,FALSE
2021-01-27,circumpolar,3.875694696,-0.1637646093418903,0.1637646093418903,1.1150233324839751,FALSE,FALSE
2021-01-28,circumpolar,3.839958308,-0.1264595859053146,0.1264595859053146,1.1150233324839751,FALSE,FALSE
2021-01-29,circumpolar,3.835989061,-0.06075345758620631,0.06075345758620631,1.1150233324839751,FALSE,FALSE
2021-01-30,circumpolar,3.834005314,0.00368151237795455,0.00368151237795455,1.1150233324839751,FALSE,FALSE
2021-01-31,circumpolar,3.770262436,0.00321007074970758,0.00321007074970758,1.1150233324839751,FALSE,FALSE
2021-02-01,circumpolar,3.619103063,-0.08771576870842956,0.08771576870842956,1.1150233324839751,FALSE,FALSE
2021-02-02,circumpolar,3.495281661,-0.15423216223392577,0.15423216223392577,1.1150233324839751,FALSE,FALSE
2021-02-03,circumpolar,3.448347488,-0.1466804740642473,0.1466804740642473,1.1150233324839751,FALSE,FALSE
2021-02-04,circumpolar,3.405560244,-0.13769162643687372,0.13769162643687372,1.1150233324839751,FALSE,FALSE
2021-02-05,circumpolar,3.400817402,-0.09325876858928028,0.09325876858928028,1.1150233324839751,FALSE,FALSE
2021-02-06,circumpolar,3.350348393,-0.09704309175893222,0.09704309175893222,1.1150233324839751,FALSE,FALSE
2021-02-07,circumpolar,3.311836475,-0.09125196018330284,0.09125196018330284,1.1150233324839751,FALSE,FALSE
2021-02-08,circumpolar,3.21909829,-0.1419601949168099,0.1419601949168099,1.1150233324839751,FALSE,FALSE
2021-02-09,circumpolar,3.220656841,-0.10064726346103248,0.10064726346103248,1.1150233324839751,FALSE,FALSE
2021-02-10,circumpolar,3.20434264,-0.07970589146897522,0.07970589146897522,1.1150233324839751,FALSE,FALSE
2021-02-11,circumpolar,3.116980784,-0.13256032168923104,0.13256032168923104,1.1150233324839751,FALSE,FALSE
2021-02-12,circumpolar,3.06171756,-0.15631360687040896,0.15631360687040896,1.1150233324839751,FALSE,FALSE
2021-02-13,circumpolar,3.052349417,-0.1374186377611184,0.1374186377611184,1.1150233324839751,FALSE,FALSE
2021-02-14,circumpolar,3.08454981,-0.08045129910995241,0.08045129910995241,1.1150233324839751,FALSE,FALSE
2021-02-15,circumpolar,3.098829862,-0.04514980766552234,0.04514980766552234,1.1150233324839751,FALSE,FALSE
2021-02-16,circumpolar,3.113302239,-0.01365083717643367,0.01365083717643367,1.1150233324839751,FALSE,FALSE
2021-02-17,circumpolar,3.07195008,-0.04222058839127829,0.04222058839127829,1.1150233324839751,FALSE,FALSE
2021-02-18,circumpolar,3.086737486,-0.0191443000586724,0.0191443000586724,1.1150233324839751,FALSE,FALSE
2021-02-19,circumpolar,3.113959439,0.01162367007278053,0.01162367007278053,1.1150233324839751,FALSE,FALSE
2021-02-20,circumpolar,3.060813234,-0.04296872274551289,0.04296872274551289,1.1150233324839751,FALSE,FALSE
2021-02-21,circumpolar,3.03836478,-0.07208277548380915,0.07208277548380915,1.1150233324839751,FALSE,FALSE
2021-02-22,circumpolar,3.109502019,-0.01278941030255032,0.01278941030255032,1.1150233324839751,FALSE,FALSE
2021-02-23,circumpolar,3.092191539,-0.04690239068028346,0.04690239068028346,1.1150233324839751,FALSE,FALSE
2021-02-24,circumpolar,3.123891876,-0.03674030512685933,0.03674030512685933,1.1150233324839751,FALSE,FALSE
2021-02-25,circumpolar,3.26444716,0.07776385184788559,0.07776385184788559,1.1150233324839751,FALSE,FALSE
2021-02-26,circumpolar,3.331704996,0.11468056073410215,0.11468056073410215,1.1150233324839751,FALSE,FALSE
2021-02-27,circumpolar,3.430090626,0.17865793902195026,0.17865793902195026,1.1150233324839751,FALSE,FALSE
2021-02-28,circumpolar,3.569123365,0.27943817720158437,0.27943817720158437,1.1150233324839751,FALSE,FALSE
2021-03-01,circumpolar,3.727876205,0.3963171427631633,0.3963171427631633,1.1150233324839751,FALSE,FALSE
2021-03-02,circumpolar,3.826510708,0.4496792731968382,0.4496792731968382,1.1150233324839751,FALSE,FALSE
2021-03-03,circumpolar,4.026982811,0.6017033809927756,0.6017033809927756,1.1150233324839751,FALSE,FALSE
2021-03-04,circumpolar,4.117591953,0.6409117806411251,0.6409117806411251,1.1150233324839751,FALSE,FALSE
2021-03-05,circumpolar,4.163263053,0.6324522603455001,0.6324522603455001,1.1150233324839751,FALSE,FALSE
2021-03-06,circumpolar,4.225186093,0.6377142861553198,0.6377142861553198,1.1150233324839751,FALSE,FALSE
2021-03-07,circumpolar,4.292861658,0.646321793940821,0.646321793940821,1.1150233324839751,FALSE,FALSE
2021-03-08,circumpolar,4.382815223,0.6749081423189729,0.6749081423189729,1.1150233324839751,FALSE,FALSE
2021-03-09,circumpolar,4.439702351,0.6682367779067397,0.6682367779067397,1.1150233324839751,FALSE,FALSE
2021-03-10,circumpolar,4.512863927,0.6757564693210911,0.6757564693210911,1.1150233324839751,FALSE,FALSE
2021-03-11,circumpolar,4.548515081,0.6437902301789995,0.6437902301789995,1.1150233324839751,FALSE,FALSE
2021-03-12,circumpolar,4.591716771,0.6175069020974271,0.6175069020974271,1.1150233324839751,FALSE,FALSE
2021-03-13,circumpolar,4.632083301,0.586628672693343,0.586628672693343,1.1150233324839751,FALSE,FALSE
2021-03-14,circumpolar,4.687202377,0.5688511315837177,0.5688511315837177,1.1150233324839751,FALSE,FALSE
2021-03-15,circumpolar,4.733406295,0.5406144583855168,0.5406144583855168,1.1150233324839751,FALSE,FALSE
2021-03-16,circumpolar,4.78358389,0.5149153717157064,0.5149153717157064,1.1150233324839751,FALSE,FALSE
2021-03-17,circumpolar,4.860530391,0.5146569841912614,0.5146569841912614,1.1150233324839751,FALSE,FALSE
2021-03-18,circumpolar,4.967272818,0.5429729084185952,0.5429729084185952,1.1150233324839751,FALSE,FALSE
2021-03-19,circumpolar,5.056960614,0.5530869372038687,0.5530869372038687,1.1150233324839751,FALSE,FALSE
2021-03-20,circumpolar,5.142509141,0.5579550561141327,0.5579550561141327,1.1150233324839751,FALSE,FALSE
2021-03-21,circumpolar,5.205312964,0.5390108658298933,0.5390108658298933,1.1150233324839751,FALSE,FALSE
2021-03-22,circumpolar,5.295505946,0.5464272650316842,0.5464272650316842,1.1150233324839751,FALSE,FALSE
2021-03-23,circumpolar,5.404622187,0.5717773894000233,0.5717773894000233,1.1150233324839751,FALSE,FALSE
2021-03-24,circumpolar,5.527071882,0.6095104696154294,0.6095104696154294,1.1150233324839751,FALSE,FALSE
2021-03-25,circumpolar,5.613098638,0.6099091483584305,0.6099091483584305,1.1150233324839751,FALSE,FALSE
2021-03-26,circumpolar,5.676621946,0.5869319523095395,0.5869319523095395,1.1150233324839751,FALSE,FALSE
2021-03-27,circumpolar,5.707752782,0.5307288931492868,0.5307288931492868,1.1150233324839751,FALSE,FALSE
2021-03-28,circumpolar,5.77290254,0.5077504005581917,0.5077504005581917,1.1150233324839751,FALSE,FALSE
2021-03-29,circumpolar,5.813119263,0.45908355321677075,0.45908355321677075,1.1150233324839751,FALSE,FALSE
2021-03-30,circumpolar,5.870994949,0.4273593848055528,0.4273593848055528,1.1150233324839751,FALSE,FALSE
2021-03-31,circumpolar,5.92564515,0.39172262942256886,0.39172262942256886,1.1150233324839751,FALSE,FALSE
2021-04-01,circumpolar,6.044516619,0.4195953621565778,0.4195953621565778,1.1150233324839751,FALSE,FALSE
2021-04-02,circumpolar,6.123159227,0.4064844660141702,0.4064844660141702,1.1150233324839751,FALSE,FALSE
2021-04-03,circumpolar,6.232660644,0.42343460786500575,0.42343460786500575,1.1150233324839751,FALSE,FALSE
2021-04-04,circumpolar,6.292550596,0.38993251057875256,0.38993251057875256,1.1150233324839751,FALSE,FALSE
2021-04-05,circumpolar,6.343017064,0.34612315202507027,0.34612315202507027,1.1150233324839751,FALSE,FALSE
2021-04-06,circumpolar,6.396451147,0.30435462807363134,0.30435462807363134,1.1150233324839751,FALSE,FALSE
2021-04-07,circumpolar,6.463129125,0.274860215594086,0.274860215594086,1.1150233324839751,FALSE,FALSE
2021-04-08,circumpolar,6.543301377,0.25784729045610355,0.25784729045610355,1.1150233324839751,FALSE,FALSE
2021-04-09,circumpolar,6.606463552,0.22276849852934255,0.22276849852934255,1.1150233324839751,FALSE,FALSE
2021-04-10,circumpolar,6.729219217,0.24618440368347105,0.24618440368347105,1.1150233324839751,FALSE,FALSE
2021-04-11,circumpolar,6.869094633,0.2855782637881452,0.2855782637881452,1.1150233324839751,FALSE,FALSE
2021-04-12,circumpolar,7.027959956,0.34277785828038265,0.34277785828038265,1.1150233324839751,FALSE,FALSE
2021-04-13,circumpolar,7.130163711,0.34213399119852284,0.34213399119852284,1.1150233324839751,FALSE,FALSE
2021-04-14,circumpolar,7.239014188,0.3470308459391367,0.3470308459391367,1.1150233324839751,FALSE,FALSE
2021-04-15,circumpolar,7.326707012,0.32974681680938023,0.32974681680938023,1.1150233324839751,FALSE,FALSE
2021-04-16,circumpolar,7.425976743,0.3230992331164382,0.3230992331164382,1.1150233324839751,FALSE,FALSE
2021-04-17,circumpolar,7.555185395,0.34553287816746714,0.34553287816746714,1.1150233324839751,FALSE,FALSE
2021-04-18,circumpolar,7.648755407,0.331552960269633,0.331552960269633,1.1150233324839751,FALSE,FALSE
2021-04-19,circumpolar,7.74143017,0.3159856397300933,0.3159856397300933,1.1150233324839751,FALSE,FALSE
2021-04-20,circumpolar,7.779470491,0.24517449285603643,0.24517449285603643,1.1150233324839751,FALSE,FALSE
2021-04-21,circumpolar,7.911266566,0.26759248495460675,0.26759248495460675,1.1150233324839751,FALSE,FALSE
2021-04-22,circumpolar,7.965653007,0.2121569973329791,0.2121569973329791,1.1150233324839751,FALSE,FALSE
2021-04-23,circumpolar,8.047030293,0.18335127829832576,0.18335127829832576,1.1150233324839751,FALSE,FALSE
2021-04-24,circumpolar,8.172938946,0.19879861915779615,0.19879861915779615,1.1150233324839751,FALSE,FALSE
2021-04-25,circumpolar,8.271853267,0.1870525886421337,0.1870525886421337,1.1150233324839751,FALSE,FALSE
2021-04-26,circumpolar,8.391044792,0.19543073439125713,0.19543073439125713,1.1150233324839751,FALSE,FALSE
2021-04-27,circumpolar,8.549808754,0.24325592353478065,0.24325592353478065,1.1150233324839751,FALSE,FALSE
2021-04-28,circumpolar,8.692627983,0.2750384266155752,0.2750384266155752,1.1150233324839751,FALSE,FALSE
2021-04-29,circumpolar,8.803860828,0.2751640331764946,0.2751640331764946,1.1150233324839751,FALSE,FALSE
2021-04-30,circumpolar,8.887443087,0.24759598176039255,0.24759598176039255,1.1150233324839751,FALSE,FALSE
2021-05-01,circumpolar,9.019150252,0.26813720491012916,0.26813720491012916,1.1150233324839751,FALSE,FALSE
2021-05-02,circumpolar,9.113196496,0.2510293161685553,0.2510293161685553,1.1150233324839751,FALSE,FALSE
2021-05-03,circumpolar,9.254203917,0.2809218540785423,0.2809218540785423,1.1150233324839751,FALSE,FALSE
2021-05-04,circumpolar,9.379309688,0.2949794321829362,0.2949794321829362,1.1150233324839751,FALSE,FALSE
2021-05-05,circumpolar,9.531439748,0.33615543002459347,0.33615543002459347,1.1150233324839751,FALSE,FALSE
2021-05-06,circumpolar,9.65583514,0.3497183311463825,0.3497183311463825,1.1150233324839751,FALSE,FALSE
2021-05-07,circumpolar,9.777306886,0.36050658309815553,0.36050658309815553,1.1150233324839751,FALSE,FALSE
2021-05-08,circumpolar,9.875410747,0.348095013603249,0.348095013603249,1.1150233324839751,FALSE,FALSE
2021-05-09,circumpolar,9.972931424,0.335265143598086,0.335265143598086,1.1150233324839751,FALSE,FALSE
2021-05-10,circumpolar,10.09072027,0.34286148562100394,0.34286148562100394,1.1150233324839751,FALSE,FALSE
2021-05-11,circumpolar,10.20817457,0.3502744842103205,0.3502744842103205,1.1150233324839751,FALSE,FALSE
2021-05-12,circumpolar,10.237423,0.2696259749043719,0.2696259749043719,1.1150233324839751,FALSE,FALSE
2021-05-13,circumpolar,10.35024635,0.2726899072414799,0.2726899072414799,1.1150233324839751,FALSE,FALSE
2021-05-14,circumpolar,10.46768347,0.28049829075997756,0.28049829075997756,1.1150233324839751,FALSE,FALSE
2021-05-15,circumpolar,10.55432407,0.25763399499818895,0.25763399499818895,1.1150233324839751,FALSE,FALSE
2021-05-16,circumpolar,10.65607291,0.24999493949443696,0.24999493949443696,1.1150233324839751,FALSE,FALSE
2021-05-17,circumpolar,10.74401529,0.22865958378704931,0.22865958378704931,1.1150233324839751,FALSE,FALSE
2021-05-18,circumpolar,10.82691354,0.2023834174143744,0.2023834174143744,1.1150233324839751,FALSE,FALSE
2021-05-19,circumpolar,10.87748832,0.14388025991471665,0.14388025991471665,1.1150233324839751,FALSE,FALSE
2021-05-20,circumpolar,10.91979485,0.07719962386388524,0.07719962386388524,1.1150233324839751,FALSE,FALSE
2021-05-21,circumpolar,11.08632712,0.1348504667287358,0.1348504667287358,1.1150233324839751,FALSE,FALSE
2021-05-22,circumpolar,11.19690822,0.1366889092932535,0.1366889092932535,1.1150233324839751,FALSE,FALSE
2021-05-23,circumpolar,11.30843529,0.13964573007662118,0.13964573007662118,1.1150233324839751,FALSE,FALSE
2021-05-24,circumpolar,11.40274384,0.1255900775979999,0.1255900775979999,1.1150233324839751,FALSE,FALSE
2021-05-25,circumpolar,11.60032078,0.21504250037658323,0.21504250037658323,1.1150233324839751,FALSE,FALSE
2021-05-26,circumpolar,11.79105474,0.29792526693153754,0.29792526693153754,1.1150233324839751,FALSE,FALSE
2021-05-27,circumpolar,11.85712997,0.2564562657820346,0.2564562657820346,1.1150233324839751,FALSE,FALSE
2021-05-28,circumpolar,11.94800779,0.2401304554472521,0.2401304554472521,1.1150233324839751,FALSE,FALSE
2021-05-29,circumpolar,11.94500669,0.13029996444637604,0.13029996444637604,1.1150233324839751,FALSE,FALSE
2021-05-30,circumpolar,12.01106222,0.0899339812985751,0.0899339812985751,1.1150233324839751,FALSE,FALSE
2021-05-31,circumpolar,12.13104686,0.10393862452301228,0.10393862452301228,1.1150233324839751,FALSE,FALSE
2021-06-01,circumpolar,12.24779784,0.11518476263889176,0.11518476263889176,1.1150233324839751,FALSE,FALSE
2021-06-02,circumpolar,12.32357028,0.08595004219641389,0.08595004219641389,1.1150233324839751,FALSE,FALSE
2021-06-03,circumpolar,12.41846102,0.07630453405092297,0.07630453405092297,1.1150233324839751,FALSE,FALSE
2021-06-04,circumpolar,12.54034531,0.09408305384660308,0.09408305384660308,1.1150233324839751,FALSE,FALSE
2021-06-05,circumpolar,12.64039442,0.09041643672151169,0.09041643672151169,1.1150233324839751,FALSE,FALSE
2021-06-06,circumpolar,12.73591628,0.08257217781368276,0.08257217781368276,1.1150233324839751,FALSE,FALSE
2021-06-07,circumpolar,12.85179816,0.09539711226114278,0.09539711226114278,1.1150233324839751,FALSE,FALSE
2021-06-08,circumpolar,12.98592084,0.12673158520192906,0.12673158520192906,1.1150233324839751,FALSE,FALSE
2021-06-09,circumpolar,13.14828401,0.18653485177406992,0.18653485177406992,1.1150233324839751,FALSE,FALSE
2021-06-10,circumpolar,13.28112721,0.21700601711559744,0.21700601711559744,1.1150233324839751,FALSE,FALSE
2021-06-11,circumpolar,13.39931362,0.2329678263645647,0.2329678263645647,1.1150233324839751,FALSE,FALSE
2021-06-12,circumpolar,13.54358347,0.2751200746589859,0.2751200746589859,1.1150233324839751,FALSE,FALSE
2021-06-13,circumpolar,13.70864431,0.338129877136895,0.338129877136895,1.1150233324839751,FALSE,FALSE
2021-06-14,circumpolar,13.79099075,0.3184532393567583,0.3184532393567583,1.1150233324839751,FALSE,FALSE
2021-06-15,circumpolar,13.88256413,0.3080735894010047,0.3080735894010047,1.1150233324839751,FALSE,FALSE
2021-06-16,circumpolar,13.99186979,0.31564905384399466,0.31564905384399466,1.1150233324839751,FALSE,FALSE
2021-06-17,circumpolar,14.11507911,0.33751181955461007,0.33751181955461007,1.1150233324839751,FALSE,FALSE
2021-06-18,circumpolar,14.14076729,0.2623978934017117,0.2623978934017117,1.1150233324839751,FALSE,FALSE
2021-06-19,circumpolar,14.20398685,0.22552060225418913,0.22552060225418913,1.1150233324839751,FALSE,FALSE
2021-06-20,circumpolar,14.31946806,0.2417710229809078,0.2417710229809078,1.1150233324839751,FALSE,FALSE
2021-06-21,circumpolar,14.40736046,0.23145950245074332,0.23145950245074332,1.1150233324839751,FALSE,FALSE
2021-06-22,circumpolar,14.47876474,0.2058475375325557,0.2058475375325557,1.1150233324839751,FALSE,FALSE
2021-06-23,circumpolar,14.59401696,0.2254319950952297,0.2254319950952297,1.1150233324839751,FALSE,FALSE
2021-06-24,circumpolar,14.70184854,0.23910510200764357,0.23910510200764357,1.1150233324839751,FALSE,FALSE
2021-06-25,circumpolar,14.87863649,0.32340467513865256,0.32340467513865256,1.1150233324839751,FALSE,FALSE
2021-06-26,circumpolar,15.05094091,0.40505162135714734,0.40505162135714734,1.1150233324839751,FALSE,FALSE
2021-06-27,circumpolar,15.11571129,0.3811282128456917,0.3811282128456917,1.1150233324839751,FALSE,FALSE
2021-06-28,circumpolar,15.15718747,0.3357953030963312,0.3357953030963312,1.1150233324839751,FALSE,FALSE
2021-06-29,circumpolar,15.19411886,0.2876265501621482,0.2876265501621482,1.1150233324839751,FALSE,FALSE
2021-06-30,circumpolar,15.25026103,0.26020127457567455,0.26020127457567455,1.1150233324839751,FALSE,FALSE
2021-07-01,circumpolar,15.38312857,0.3108578168694667,0.3108578168694667,1.1150233324839751,FALSE,FALSE
2021-07-02,circumpolar,15.53494087,0.3816393175760666,0.3816393175760666,1.1150233324839751,FALSE,FALSE
2021-07-03,circumpolar,15.67059453,0.4372661272280389,0.4372661272280389,1.1150233324839751,FALSE,FALSE
2021-07-04,circumpolar,15.7597498,0.4472222463579172,0.4472222463579172,1.1150233324839751,FALSE,FALSE
2021-07-05,circumpolar,15.8335716,0.442496345498256,0.442496345498256,1.1150233324839751,FALSE,FALSE
2021-07-06,circumpolar,15.96359823,0.4944504751815977,0.4944504751815977,1.1150233324839751,FALSE,FALSE
2021-07-07,circumpolar,16.11770464,0.5707833359404972,0.5707833359404972,1.1150233324839751,FALSE,FALSE
2021-07-08,circumpolar,16.16835172,0.5437795683075013,0.5437795683075013,1.1150233324839751,FALSE,FALSE
2021-07-09,circumpolar,16.16649308,0.4642169458090404,0.4642169458090404,1.1150233324839751,FALSE,FALSE
2021-07-10,circumpolar,16.16295807,0.38282930737051046,0.38282930737051046,1.1150233324839751,FALSE,FALSE
2021-07-11,circumpolar,16.17675458,0.31870482200045913,0.31870482200045913,1.1150233324839751,FALSE,FALSE
2021-07-12,circumpolar,16.26965083,0.3337152521176332,0.3337152521176332,1.1150233324839751,FALSE,FALSE
2021-07-13,circumpolar,16.45949162,0.4458089401408607,0.4458089401408607,1.1150233324839751,FALSE,FALSE
2021-07-14,circumpolar,16.63016043,0.5389729084889083,0.5389729084889083,1.1150233324839751,FALSE,FALSE
2021-07-15,circumpolar,16.77482834,0.6064817795805837,0.6064817795805837,1.1150233324839751,FALSE,FALSE
2021-07-16,circumpolar,16.90960243,0.6645461758346656,0.6645461758346656,1.1150233324839751,FALSE,FALSE
2021-07-17,circumpolar,16.974918,0.6537049396699395,0.6537049396699395,1.1150233324839751,FALSE,FALSE
2021-07-18,circumpolar,17.04934335,0.6526299135052334,0.6526299135052334,1.1150233324839751,FALSE,FALSE
2021-07-19,circumpolar,17.19042783,0.718973989759295,0.718973989759295,1.1150233324839751,FALSE,FALSE
2021-07-20,circumpolar,17.16889078,0.6235600508509371,0.6235600508509371,1.1150233324839751,FALSE,FALSE
2021-07-21,circumpolar,17.2627773,0.6445367391989407,0.6445367391989407,1.1150233324839751,FALSE,FALSE
2021-07-22,circumpolar,17.43376171,0.7436790352804827,0.7436790352804827,1.1150233324839751,FALSE,FALSE
2021-07-23,circumpolar,17.57653548,0.815739292156394,0.815739292156394,1.1150233324839751,FALSE,FALSE
2021-07-24,circumpolar,17.64319886,0.8128496475501805,0.8128496475501805,1.1150233324839751,FALSE,FALSE
2021-07-25,circumpolar,17.63027712,0.7315666014582654,0.7315666014582654,1.1150233324839751,FALSE,FALSE
2021-07-26,circumpolar,17.65290533,0.6870564538770907,0.6870564538770907,1.1150233324839751,FALSE,FALSE
2021-07-27,circumpolar,17.69392851,0.6621954548030757,0.6621954548030757,1.1150233324839751,FALSE,FALSE
2021-07-28,circumpolar,17.75668142,0.6603495942326454,0.6603495942326454,1.1150233324839751,FALSE,FALSE
2021-07-29,circumpolar,17.82769566,0.6680817021622367,0.6680817021622367,1.1150233324839751,FALSE,FALSE
2021-07-30,circumpolar,17.82629509,0.6047468685882826,0.6047468685882826,1.1150233324839751,FALSE,FALSE
2021-07-31,circumpolar,17.78071543,0.4986120435071939,0.4986120435071939,1.1150233324839751,FALSE,FALSE
2021-08-01,circumpolar,17.7995028,0.4582545769153903,0.4582545769153903,1.1150233324839751,FALSE,FALSE
2021-08-02,circumpolar,17.82597782,0.4270263188093324,0.4270263188093324,1.1150233324839751,FALSE,FALSE
2021-08-03,circumpolar,17.85628652,0.401104528622767,0.401104528622767,1.1150233324839751,FALSE,FALSE
2021-08-04,circumpolar,17.91262702,0.40270336593789935,0.40270336593789935,1.1150233324839751,FALSE,FALSE
2021-08-05,circumpolar,17.93874755,0.3755323046749126,0.3755323046749126,1.1150233324839751,FALSE,FALSE
2021-08-06,circumpolar,18.04398115,0.42887327701223654,0.42887327701223654,1.1150233324839751,FALSE,FALSE
2021-08-07,circumpolar,18.0903984,0.42474575512827784,0.42474575512827784,1.1150233324839751,FALSE,FALSE
2021-08-08,circumpolar,18.0790076,0.3641069312014338,0.3641069312014338,1.1150233324839751,FALSE,FALSE
2021-08-09,circumpolar,18.12949327,0.3665902174101312,0.3665902174101312,1.1150233324839751,FALSE,FALSE
2021-08-10,circumpolar,18.23446825,0.4247573459327611,0.4247573459327611,1.1150233324839751,FALSE,FALSE
2021-08-11,circumpolar,18.23676289,0.3813875589477505,0.3813875589477505,1.1150233324839751,FALSE,FALSE
2021-08-12,circumpolar,18.37053518,0.470587738633494,0.470587738633494,1.1150233324839751,FALSE,FALSE
2021-08-13,circumpolar,18.44034565,0.49686730716842575,0.49686730716842575,1.1150233324839751,FALSE,FALSE
2021-08-14,circumpolar,18.46319067,0.4771715267309382,0.4771715267309382,1.1150233324839751,FALSE,FALSE
2021-08-15,circumpolar,18.40565769,0.3780367394994428,0.3780367394994428,1.1150233324839751,FALSE,FALSE
2021-08-16,circumpolar,18.44152177,0.3731877762226503,0.3731877762226503,1.1150233324839751,FALSE,FALSE
2021-08-17,circumpolar,18.57935223,0.4711698408221636,0.4711698408221636,1.1150233324839751,FALSE,FALSE
2021-08-18,circumpolar,18.70206476,0.5549043958053765,0.5549043958053765,1.1150233324839751,FALSE,FALSE
2021-08-19,circumpolar,18.75520887,0.5699483616514378,0.5699483616514378,1.1150233324839751,FALSE,FALSE
2021-08-20,circumpolar,18.72633867,0.5038632588395195,0.5038632588395195,1.1150233324839751,FALSE,FALSE
2021-08-21,circumpolar,18.70501441,0.4462167478487906,0.4462167478487906,1.1150233324839751,FALSE,FALSE
2021-08-22,circumpolar,18.73030228,0.4360824291584144,0.4360824291584144,1.1150233324839751,FALSE,FALSE
2021-08-23,circumpolar,18.83828687,0.5095523032475455,0.5095523032475455,1.1150233324839751,FALSE,FALSE
2021-08-24,circumpolar,18.90008271,0.5377483105953473,0.5377483105953473,1.1150233324839751,FALSE,FALSE
2021-08-25,circumpolar,18.97255581,0.577543871680998,0.577543871680998,1.1150233324839751,FALSE,FALSE
2021-08-26,circumpolar,19.01921741,0.5924576369836423,0.5924576369836423,1.1150233324839751,FALSE,FALSE
2021-08-27,circumpolar,19.04549758,0.5879270869824502,0.5879270869824502,1.1150233324839751,FALSE,FALSE
2021-08-28,circumpolar,19.12125356,0.6338168721565935,0.6338168721565935,1.1150233324839751,FALSE,FALSE
2021-08-29,circumpolar,19.23622644,0.7198764025219937,0.7198764025219937,1.1150233324839751,FALSE,FALSE
2021-08-30,circumpolar,19.16212842,0.6178317259827715,0.6178317259827715,1.1150233324839751,FALSE,FALSE
2021-08-31,circumpolar,19.08884829,0.5175875574466282,0.5175875574466282,1.1150233324839751,FALSE,FALSE
2021-09-01,circumpolar,19.01466174,0.4174355155467708,0.4174355155467708,1.1150233324839751,FALSE,FALSE
2021-09-02,circumpolar,18.92193039,0.29975314891638405,0.29975314891638405,1.1150233324839751,FALSE,FALSE
2021-09-03,circumpolar,18.90211006,0.2560122061886787,0.2560122061886787,1.1150233324839751,FALSE,FALSE
2021-09-04,circumpolar,18.95986457,0.2908924359968559,0.2908924359968559,1.1150233324839751,FALSE,FALSE
2021-09-05,circumpolar,18.92503968,0.23425552697408136,0.23425552697408136,1.1150233324839751,FALSE,FALSE
2021-09-06,circumpolar,18.93743792,0.22591993775359853,0.22591993775359853,1.1150233324839751,FALSE,FALSE
2021-09-07,circumpolar,18.98827836,0.25712066696856084,0.25712066696856084,1.1150233324839751,FALSE,FALSE
2021-09-08,circumpolar,19.01934226,0.2696549032521851,0.2696549032521851,1.1150233324839751,FALSE,FALSE
2021-09-09,circumpolar,18.95912067,0.19202962523766945,0.19202962523766945,1.1150233324839751,FALSE,FALSE
2021-09-10,circumpolar,18.90767216,0.12431935544007187,0.12431935544007187,1.1150233324839751,FALSE,FALSE
2021-09-11,circumpolar,18.86318599,0.06473157351866732,0.06473157351866732,1.1150233324839751,FALSE,FALSE
2021-09-12,circumpolar,18.87925372,0.06688016177520595,0.06688016177520595,1.1150233324839751,FALSE,FALSE
2021-09-13,circumpolar,18.89475035,0.06966287448394937,0.06966287448394937,1.1150233324839751,FALSE,FALSE
2021-09-14,circumpolar,18.81879079,-0.01778262408086561,0.01778262408086561,1.1150233324839751,FALSE,FALSE
2021-09-15,circumpolar,18.74918517,-0.09762344964502034,0.09762344964502034,1.1150233324839751,FALSE,FALSE
2021-09-16,circumpolar,18.75594937,-0.09982096793424944,0.09982096793424944,1.1150233324839751,FALSE,FALSE
2021-09-17,circumpolar,18.73395552,-0.12948029467431257,0.12948029467431257,1.1150233324839751,FALSE,FALSE
2021-09-18,circumpolar,18.75862505,-0.11115724559098084,0.11115724559098084,1.1150233324839751,FALSE,FALSE
2021-09-19,circumpolar,18.68993513,-0.18485189640999877,0.18485189640999877,1.1150233324839751,FALSE,FALSE
2021-09-20,circumpolar,18.7179486,-0.16047865285714735,0.16047865285714735,1.1150233324839751,FALSE,FALSE
2021-09-21,circumpolar,18.72933312,-0.15134710065816392,0.15134710065816392,1.1150233324839751,FALSE,FALSE
2021-09-22,circumpolar,18.75869992,-0.12282325553880467,0.12282325553880467,1.1150233324839751,FALSE,FALSE
2021-09-23,circumpolar,18.68416763,-0.19676651397153933,0.19676651397153933,1.1150233324839751,FALSE,FALSE
2021-09-24,circumpolar,18.677738,-0.2011615112005103,0.2011615112005103,1.1150233324839751,FALSE,FALSE
2021-09-25,circumpolar,18.69349253,-0.1819182030292943,0.1819182030292943,1.1150233324839751,FALSE,FALSE
2021-09-26,circumpolar,18.60008314,-0.27037619640696775,0.27037619640696775,1.1150233324839751,FALSE,FALSE
2021-09-27,circumpolar,18.4996774,-0.36435944828264866,0.36435944828264866,1.1150233324839751,FALSE,FALSE
2021-09-28,circumpolar,18.49337746,-0.3627573356054299,0.3627573356054299,1.1150233324839751,FALSE,FALSE
2021-09-29,circumpolar,18.41952305,-0.4272216553244412,0.4272216553244412,1.1150233324839751,FALSE,FALSE
2021-09-30,circumpolar,18.39798198,-0.43787612438876167,0.43787612438876167,1.1150233324839751,FALSE,FALSE
2021-10-01,circumpolar,18.44599784,-0.3774686797474942,0.3774686797474942,1.1150233324839751,FALSE,FALSE
2021-10-02,circumpolar,18.45053139,-0.3590300883497548,0.3590300883497548,1.1150233324839751,FALSE,FALSE
2021-10-03,circumpolar,18.42421725,-0.3699172571446283,0.3699172571446283,1.1150233324839751,FALSE,FALSE
2021-10-04,circumpolar,18.39412927,-0.3830478630812309,0.3830478630812309,1.1150233324839751,FALSE,FALSE
2021-10-05,circumpolar,18.38498354,-0.3736973403974737,0.3736973403974737,1.1150233324839751,FALSE,FALSE
2021-10-06,circumpolar,18.29389236,-0.44474163378752607,0.44474163378752607,1.1150233324839751,FALSE,FALSE
2021-10-07,circumpolar,18.27448049,-0.442534581006079,0.442534581006079,1.1150233324839751,FALSE,FALSE
2021-10-08,circumpolar,18.21650128,-0.47729966491924714,0.47729966491924714,1.1150233324839751,FALSE,FALSE
2021-10-09,circumpolar,18.20581098,-0.463157468393149,0.463157468393149,1.1150233324839751,FALSE,FALSE
2021-10-10,circumpolar,18.18254545,-0.4599489642938828,0.4599489642938828,1.1150233324839751,FALSE,FALSE
2021-10-11,circumpolar,18.16567426,-0.4486814154875809,0.4486814154875809,1.1150233324839751,FALSE,FALSE
2021-10-12,circumpolar,18.1797687,-0.4047603648403779,0.4047603648403779,1.1150233324839751,FALSE,FALSE
2021-10-13,circumpolar,18.14293579,-0.4100556252183445,0.4100556252183445,1.1150233324839751,FALSE,FALSE
2021-10-14,circumpolar,18.17833365,-0.3413859094876379,0.3413859094876379,1.1150233324839751,FALSE,FALSE
2021-10-15,circumpolar,18.1567778,-0.3279125305143431,0.3279125305143431,1.1150233324839751,FALSE,FALSE
2021-10-16,circumpolar,18.13670648,-0.31117408116459444,0.31117408116459444,1.1150233324839751,FALSE,FALSE
2021-10-17,circumpolar,18.14241337,-0.26685371430451,0.26685371430451,1.1150233324839751,FALSE,FALSE
2021-10-18,circumpolar,18.11875538,-0.25007172572464853,0.25007172572464853,1.1150233324839751,FALSE,FALSE
2021-10-19,circumpolar,18.05384824,-0.2726975120206312,0.2726975120206312,1.1150233324839751,FALSE,FALSE
2021-10-20,circumpolar,17.95437771,-0.3280380121987392,0.3280380121987392,1.1150233324839751,FALSE,FALSE
2021-10-21,circumpolar,17.8683144,-0.3681156184666641,0.3681156184666641,1.1150233324839751,FALSE,FALSE
2021-10-22,circumpolar,17.8576721,-0.3309095430321136,0.3309095430321136,1.1150233324839751,FALSE,FALSE
2021-10-23,circumpolar,17.81481934,-0.3240442581027807,0.3240442581027807,1.1150233324839751,FALSE,FALSE
2021-10-24,circumpolar,17.68307712,-0.404191765886349,0.404191765886349,1.1150233324839751,FALSE,FALSE
2021-10-25,circumpolar,17.5775046,-0.4562859085905302,0.4562859085905302,1.1150233324839751,FALSE,FALSE
2021-10-26,circumpolar,17.50449412,-0.4739273484230182,0.4739273484230182,1.1150233324839751,FALSE,FALSE
2021-10-27,circumpolar,17.45995042,-0.46120434759149376,0.46120434759149376,1.1150233324839751,FALSE,FALSE
2021-10-28,circumpolar,17.39989159,-0.46209181830366575,0.46209181830366575,1.1150233324839751,FALSE,FALSE
2021-10-29,circumpolar,17.31097727,-0.4899231227672338,0.4899231227672338,1.1150233324839751,FALSE,FALSE
2021-10-30,circumpolar,17.23002778,-0.5078709431898787,0.5078709431898787,1.1150233324839751,FALSE,FALSE
2021-10-31,circumpolar,17.10275393,-0.5701948135034698,0.5701948135034698,1.1150233324839751,FALSE,FALSE
2021-11-01,circumpolar,16.99833503,-0.6075742386861016,0.6075742386861016,1.1150233324839751,FALSE,FALSE
2021-11-02,circumpolar,16.938042,-0.5985628563551799,0.5985628563551799,1.1150233324839751,FALSE,FALSE
2021-11-03,circumpolar,16.85372194,-0.6111381149188304,0.6111381149188304,1.1150233324839751,FALSE,FALSE
2021-11-04,circumpolar,16.81177332,-0.5787260927851676,0.5787260927851676,1.1150233324839751,FALSE,FALSE
2021-11-05,circumpolar,16.72857751,-0.5847699683623198,0.5847699683623198,1.1150233324839751,FALSE,FALSE
2021-11-06,circumpolar,16.6379148,-0.5953140000584121,0.5953140000584121,1.1150233324839751,FALSE,FALSE
2021-11-07,circumpolar,16.56254604,-0.5874218862815717,0.5874218862815717,1.1150233324839751,FALSE,FALSE
2021-11-08,circumpolar,16.4667308,-0.5966586054399059,0.5966586054399059,1.1150233324839751,FALSE,FALSE
2021-11-09,circumpolar,16.34845154,-0.6248662459415613,0.6248662459415613,1.1150233324839751,FALSE,FALSE
2021-11-10,circumpolar,16.22349141,-0.6560862061946331,0.6560862061946331,1.1150233324839751,FALSE,FALSE
2021-11-11,circumpolar,16.16205644,-0.6199370046072659,0.6199370046072659,1.1150233324839751,FALSE,FALSE
2021-11-12,circumpolar,16.09855341,-0.5818377113632884,0.5818377113632884,1.1150233324839751,FALSE,FALSE
2021-11-13,circumpolar,15.98388458,-0.5907839295776984,0.5907839295776984,1.1150233324839751,FALSE,FALSE
2021-11-14,circumpolar,15.89299256,-0.5718391628273594,0.5718391628273594,1.1150233324839751,FALSE,FALSE
2021-11-15,circumpolar,15.78016603,-0.5707297735688286,0.5707297735688286,1.1150233324839751,FALSE,FALSE
2021-11-16,circumpolar,15.58336096,-0.6495148342586461,0.6495148342586461,1.1150233324839751,FALSE,FALSE
2021-11-17,circumpolar,15.3988768,-0.7119099373533686,0.7119099373533686,1.1150233324839751,FALSE,FALSE
2021-11-18,circumpolar,15.20152831,-0.783115365309552,0.783115365309552,1.1150233324839751,FALSE,FALSE
2021-11-19,circumpolar,15.0875656,-0.766896050583739,0.766896050583739,1.1150233324839751,FALSE,FALSE
2021-11-20,circumpolar,14.89114439,-0.8291113156324741,0.8291113156324741,1.1150233324839751,FALSE,FALSE
2021-11-21,circumpolar,14.6984003,-0.8836405829123173,0.8836405829123173,1.1150233324839751,FALSE,FALSE
2021-11-22,circumpolar,14.59181605,-0.8480161748798078,0.8480161748798078,1.1150233324839751,FALSE,FALSE
2021-11-23,circumpolar,14.46199348,-0.831651293991511,0.831651293991511,1.1150233324839751,FALSE,FALSE
2021-11-24,circumpolar,14.29376548,-0.8497280927039625,0.8497280927039625,1.1150233324839751,FALSE,FALSE
2021-11-25,circumpolar,14.13018001,-0.8592061462798046,0.8592061462798046,1.1150233324839751,FALSE,FALSE
2021-11-26,circumpolar,14.02729618,-0.8039703853933009,0.8039703853933009,1.1150233324839751,FALSE,FALSE
2021-11-27,circumpolar,13.88316815,-0.7858787639936082,0.7858787639936082,1.1150233324839751,FALSE,FALSE
2021-11-28,circumpolar,13.7281904,-0.7744486742034411,0.7744486742034411,1.1150233324839751,FALSE,FALSE
2021-11-29,circumpolar,13.57315381,-0.7588011081455477,0.7588011081455477,1.1150233324839751,FALSE,FALSE
2021-11-30,circumpolar,13.39921708,-0.7576892379426603,0.7576892379426603,1.1150233324839751,FALSE,FALSE
2021-12-01,circumpolar,13.23884864,-0.7385565057175132,0.7385565057175132,1.1150233324839751,FALSE,FALSE
2021-12-02,circumpolar,13.06178206,-0.7315812135928415,0.7315812135928415,1.1150233324839751,FALSE,FALSE
2021-12-03,circumpolar,12.79203058,-0.812661993691389,0.812661993691389,1.1150233324839751,FALSE,FALSE
2021-12-04,circumpolar,12.56089901,-0.8504059081358815,0.8504059081358815,1.1150233324839751,FALSE,FALSE
2021-12-05,circumpolar,12.39122943,-0.8218827490490614,0.8218827490490614,1.1150233324839751,FALSE,FALSE
2021-12-06,circumpolar,12.22533168,-0.7846945485536629,0.7846945485536629,1.1150233324839751,FALSE,FALSE
2021-12-07,circumpolar,11.99806487,-0.8038945630930048,0.8038945630930048,1.1150233324839751,FALSE,FALSE
2021-12-08,circumpolar,11.81122237,-0.7777552420385927,0.7777552420385927,1.1150233324839751,FALSE,FALSE
2021-12-09,circumpolar,11.63214605,-0.7393706068800707,0.7393706068800707,1.1150233324839751,FALSE,FALSE
2021-12-10,circumpolar,11.46532404,-0.6847430870093358,0.6847430870093358,1.1150233324839751,FALSE,FALSE
2021-12-11,circumpolar,11.24506983,-0.6800497518182915,0.6800497518182915,1.1150233324839751,FALSE,FALSE
2021-12-12,circumpolar,10.96682394,-0.7303406406988433,0.7303406406988433,1.1150233324839751,FALSE,FALSE
2021-12-13,circumpolar,10.71257906,-0.7541136230428851,0.7541136230428851,1.1150233324839751,FALSE,FALSE
2021-12-14,circumpolar,10.46630097,-0.7678934782423195,0.7678934782423195,1.1150233324839751,FALSE,FALSE
2021-12-15,circumpolar,10.16215814,-0.8380022956890496,0.8380022956890496,1.1150233324839751,FALSE,FALSE
2021-12-16,circumpolar,9.938435896,-0.8266453087749621,0.8266453087749621,1.1150233324839751,FALSE,FALSE
2021-12-17,circumpolar,9.676582234,-0.8528650808919718,0.8528650808919718,1.1150233324839751,FALSE,FALSE
2021-12-18,circumpolar,9.306095257,-0.9876540684319756,0.9876540684319756,1.1150233324839751,FALSE,FALSE
2021-12-19,circumpolar,9.041515042,-1.0169627537868724,1.0169627537868724,1.1150233324839751,FALSE,FALSE
2021-12-20,circumpolar,8.665226505,-1.158895197307567,1.158895197307567,1.1150233324839751,TRUE,TRUE
2021-12-21,circumpolar,8.387105585,-1.204039405415385,1.204039405415385,1.1150233324839751,TRUE,TRUE
2021-12-22,circumpolar,8.096361857,-1.2636297683180722,1.2636297683180722,1.1150233324839751,TRUE,TRUE
2021-12-23,circumpolar,7.813686944,-1.3174180714363048,1.3174180714363048,1.1150233324839751,TRUE,TRUE
2021-12-24,circumpolar,7.592432198,-1.3124963711907798,1.3124963711907798,1.1150233324839751,TRUE,TRUE
2021-12-25,circumpolar,7.387434233,-1.2944714620021598,1.2944714620021598,1.1150233324839751,TRUE,TRUE
2021-12-26,circumpolar,7.250213189,-1.2122666122911507,1.2122666122911507,1.1150233324839751,TRUE,TRUE
2021-12-27,circumpolar,7.110389523,-1.136704773478403,1.136704773478403,1.1150233324839751,TRUE,TRUE
2021-12-28,circumpolar,6.948252883,-1.0879397059846294,1.0879397059846294,1.1150233324839751,FALSE,FALSE
2021-12-29,circumpolar,6.717207158,-1.113010929230481,1.113010929230481,1.1150233324839751,FALSE,FALSE
2021-12-30,circumpolar,6.499293961,-1.1303202386366626,1.1303202386366626,1.1150233324839751,TRUE,TRUE
2021-12-31,circumpolar,6.312881551,-1.1219427836238598,1.1219427836238598,1.1150233324839751,TRUE,TRUE
2022-01-01,circumpolar,6.063400101,-1.182891799612733,1.182891799612733,1.1150233324839751,TRUE,TRUE
2022-01-02,circumpolar,5.895526344,-1.1688165385692706,1.1688165385692706,1.1150233324839751,TRUE,TRUE
2022-01-03,circumpolar,5.688203484,-1.2006300876406124,1.2006300876406124,1.1150233324839751,TRUE,TRUE
2022-01-04,circumpolar,5.497132511,-1.2223703245191802,1.2223703245191802,1.1150233324839751,TRUE,TRUE
2022-01-05,circumpolar,5.335929969,-1.2201595728973862,1.2201595728973862,1.1150233324839751,TRUE,TRUE
2022-01-06,circumpolar,5.214248836,-1.1840837224676806,1.1840837224676806,1.1150233324839751,TRUE,TRUE
2022-01-07,circumpolar,5.122687318,-1.1232834349224907,1.1232834349224907,1.1150233324839751,TRUE,TRUE
2022-01-08,circumpolar,5.033339704,-1.0654032889542284,1.0654032889542284,1.1150233324839751,FALSE,FALSE
2022-01-09,circumpolar,4.880308911,-1.0760792352553397,1.0760792352553397,1.1150233324839751,FALSE,FALSE
2022-01-10,circumpolar,4.756454853,-1.0621902275182338,1.0621902275182338,1.1150233324839751,FALSE,FALSE
2022-01-11,circumpolar,4.667459011,-1.0177936524353592,1.0177936524353592,1.1150233324839751,FALSE,FALSE
2022-01-12,circumpolar,4.606405007,-0.9495447556991304,0.9495447556991304,1.1150233324839751,FALSE,FALSE
2022-01-13,circumpolar,4.514286442,-0.9161888040019796,0.9161888040019796,1.1150233324839751,FALSE,FALSE
2022-01-14,circumpolar,4.379135336,-0.9294358710270858,0.9294358710270858,1.1150233324839751,FALSE,FALSE
2022-01-15,circumpolar,4.317309436,-0.8727860676131396,0.8727860676131396,1.1150233324839751,FALSE,FALSE
2022-01-16,circumpolar,4.167477276,-0.9075737452989348,0.9075737452989348,1.1150233324839751,FALSE,FALSE
2022-01-17,circumpolar,4.027541247,-0.9359085706675828,0.9359085706675828,1.1150233324839751,FALSE,FALSE
2022-01-18,circumpolar,3.914163478,-0.9411404723021954,0.9411404723021954,1.1150233324839751,FALSE,FALSE
2022-01-19,circumpolar,3.789967483,-0.9606579937858823,0.9606579937858823,1.1150233324839751,FALSE,FALSE
2022-01-20,circumpolar,3.733072098,-0.9163543567017544,0.9163543567017544,1.1150233324839751,FALSE,FALSE
2022-01-21,circumpolar,3.683996312,-0.8677226296329263,0.8677226296329263,1.1150233324839751,FALSE,FALSE
2022-01-22,circumpolar,3.619910132,-0.837604863162507,0.837604863162507,1.1150233324839751,FALSE,FALSE
2022-01-23,circumpolar,3.535421704,-0.8314049688736054,0.8314049688736054,1.1150233324839751,FALSE,FALSE
2022-01-24,circumpolar,3.458926917,-0.8207391153493409,0.8207391153493409,1.1150233324839751,FALSE,FALSE
2022-01-25,circumpolar,3.397769296,-0.7982758351728192,0.7982758351728192,1.1150233324839751,FALSE,FALSE
2022-01-26,circumpolar,3.346038405,-0.7699376219271477,0.7699376219271477,1.1150233324839751,FALSE,FALSE
2022-01-27,circumpolar,3.313747649,-0.7257116563418902,0.7257116563418902,1.1150233324839751,FALSE,FALSE
2022-01-28,circumpolar,3.270411907,-0.6960059869053143,0.6960059869053143,1.1150233324839751,FALSE,FALSE
2022-01-29,circumpolar,3.195908355,-0.7008341635862063,0.7008341635862063,1.1150233324839751,FALSE,FALSE
2022-01-30,circumpolar,3.11247838,-0.7178454216220453,0.7178454216220453,1.1150233324839751,FALSE,FALSE
2022-01-31,circumpolar,3.057749962,-0.7093024032502924,0.7093024032502924,1.1150233324839751,FALSE,FALSE
2022-02-01,circumpolar,2.982865316,-0.7239535157084296,0.7239535157084296,1.1150233324839751,FALSE,FALSE
2022-02-02,circumpolar,2.921303768,-0.7282100552339257,0.7282100552339257,1.1150233324839751,FALSE,FALSE
2022-02-03,circumpolar,2.872025199,-0.7230027630642475,0.7230027630642475,1.1150233324839751,FALSE,FALSE
2022-02-04,circumpolar,2.7895088,-0.7537430704368737,0.7537430704368737,1.1150233324839751,FALSE,FALSE
2022-02-05,circumpolar,2.747749954,-0.7463262165892801,0.7463262165892801,1.1150233324839751,FALSE,FALSE
2022-02-06,circumpolar,2.725315434,-0.7220760507589321,0.7220760507589321,1.1150233324839751,FALSE,FALSE
2022-02-07,circumpolar,2.63541355,-0.7676748851833026,0.7676748851833026,1.1150233324839751,FALSE,FALSE
2022-02-08,circumpolar,2.513285503,-0.8477729819168096,0.8477729819168096,1.1150233324839751,FALSE,FALSE
2022-02-09,circumpolar,2.509536139,-0.8117679654610321,0.8117679654610321,1.1150233324839751,FALSE,FALSE
2022-02-10,circumpolar,2.519372059,-0.7646764724689752,0.7646764724689752,1.1150233324839751,FALSE,FALSE
2022-02-11,circumpolar,2.487519765,-0.7620213406892309,0.7620213406892309,1.1150233324839751,FALSE,FALSE
2022-02-12,circumpolar,2.465156876,-0.7528742908704089,0.7528742908704089,1.1150233324839751,FALSE,FALSE
2022-02-13,circumpolar,2.403492036,-0.7862760187611184,0.7862760187611184,1.1150233324839751,FALSE,FALSE
2022-02-14,circumpolar,2.35476638,-0.8102347291099523,0.8102347291099523,1.1150233324839751,FALSE,FALSE
2022-02-15,circumpolar,2.33900876,-0.8049709096655224,0.8049709096655224,1.1150233324839751,FALSE,FALSE
2022-02-16,circumpolar,2.3073516,-0.8196014761764334,0.8196014761764334,1.1150233324839751,FALSE,FALSE
2022-02-17,circumpolar,2.269770443,-0.8444002253912783,0.8444002253912783,1.1150233324839751,FALSE,FALSE
2022-02-18,circumpolar,2.249720143,-0.8561616430586727,0.8561616430586727,1.1150233324839751,FALSE,FALSE
2022-02-19,circumpolar,2.226657249,-0.8756785199272192,0.8756785199272192,1.1150233324839751,FALSE,FALSE
2022-02-20,circumpolar,2.213754469,-0.8900274877455128,0.8900274877455128,1.1150233324839751,FALSE,FALSE
2022-02-21,circumpolar,2.283211655,-0.8272359004838092,0.8272359004838092,1.1150233324839751,FALSE,FALSE
2022-02-22,circumpolar,2.251723988,-0.8705674413025499,0.8705674413025499,1.1150233324839751,FALSE,FALSE
2022-02-23,circumpolar,2.197991491,-0.9411024386802836,0.9411024386802836,1.1150233324839751,FALSE,FALSE
2022-02-24,circumpolar,2.249646282,-0.9109858991268592,0.9109858991268592,1.1150233324839751,FALSE,FALSE
2022-02-25,circumpolar,2.278889367,-0.9077939411521144,0.9077939411521144,1.1150233324839751,FALSE,FALSE
2022-02-26,circumpolar,2.291584336,-0.9254400992658978,0.9254400992658978,1.1150233324839751,FALSE,FALSE
2022-02-27,circumpolar,2.310267807,-0.94116487997805,0.94116487997805,1.1150233324839751,FALSE,FALSE
2022-02-28,circumpolar,2.34890905,-0.9407761377984154,0.9407761377984154,1.1150233324839751,FALSE,FALSE
2022-03-01,circumpolar,2.386819923,-0.9447391392368364,0.9447391392368364,1.1150233324839751,FALSE,FALSE
2022-03-02,circumpolar,2.389339276,-0.9874921588031618,0.9874921588031618,1.1150233324839751,FALSE,FALSE
2022-03-03,circumpolar,2.497552699,-0.9277267310072244,0.9277267310072244,1.1150233324839751,FALSE,FALSE
2022-03-04,circumpolar,2.568603147,-0.9080770253588746,0.9080770253588746,1.1150233324839751,FALSE,FALSE
2022-03-05,circumpolar,2.589758166,-0.9410526266544994,0.9410526266544994,1.1150233324839751,FALSE,FALSE
2022-03-06,circumpolar,2.620360655,-0.96711115184468,0.96711115184468,1.1150233324839751,FALSE,FALSE
2022-03-07,circumpolar,2.6367812,-1.0097586640591785,1.0097586640591785,1.1150233324839751,FALSE,FALSE
2022-03-08,circumpolar,2.682230897,-1.0256761836810266,1.0256761836810266,1.1150233324839751,FALSE,FALSE
2022-03-09,circumpolar,2.714278298,-1.0571872750932605,1.0571872750932605,1.1150233324839751,FALSE,FALSE
2022-03-10,circumpolar,2.728330887,-1.1087765706789088,1.1087765706789088,1.1150233324839751,FALSE,FALSE
2022-03-11,circumpolar,2.76472504,-1.139999810821,1.139999810821,1.1150233324839751,TRUE,TRUE
2022-03-12,circumpolar,2.804035656,-1.1701742129025727,1.1701742129025727,1.1150233324839751,TRUE,TRUE
2022-03-13,circumpolar,2.863836043,-1.1816185853066568,1.1816185853066568,1.1150233324839751,TRUE,TRUE
2022-03-14,circumpolar,2.938608744,-1.1797425014162823,1.1797425014162823,1.1150233324839751,TRUE,TRUE
2022-03-15,circumpolar,3.05234803,-1.140443806614483,1.140443806614483,1.1150233324839751,TRUE,TRUE
2022-03-16,circumpolar,3.132325947,-1.1363425712842936,1.1363425712842936,1.1150233324839751,TRUE,TRUE
2022-03-17,circumpolar,3.198593919,-1.147279487808739,1.147279487808739,1.1150233324839751,TRUE,TRUE
2022-03-18,circumpolar,3.305265274,-1.1190346355814045,1.1190346355814045,1.1150233324839751,TRUE,TRUE
2022-03-19,circumpolar,3.377528022,-1.1263456547961317,1.1263456547961317,1.1150233324839751,TRUE,TRUE
2022-03-20,circumpolar,3.434932375,-1.1496217098858672,1.1496217098858672,1.1150233324839751,TRUE,TRUE
2022-03-21,circumpolar,3.464429052,-1.2018730461701068,1.2018730461701068,1.1150233324839751,TRUE,TRUE
2022-03-22,circumpolar,3.520593667,-1.2284850139683154,1.2284850139683154,1.1150233324839751,TRUE,TRUE
2022-03-23,circumpolar,3.629817883,-1.203026914599977,1.203026914599977,1.1150233324839751,TRUE,TRUE
2022-03-24,circumpolar,3.760451873,-1.157109539384571,1.157109539384571,1.1150233324839751,TRUE,TRUE
2022-03-25,circumpolar,3.890449979,-1.1127395106415698,1.1127395106415698,1.1150233324839751,FALSE,FALSE
2022-03-26,circumpolar,3.988489215,-1.1012007786904603,1.1012007786904603,1.1150233324839751,FALSE,FALSE
2022-03-27,circumpolar,4.120579507,-1.0564443818507128,1.0564443818507128,1.1150233324839751,FALSE,FALSE
2022-03-28,circumpolar,4.249478663,-1.0156734764418085,1.0156734764418085,1.1150233324839751,FALSE,FALSE
2022-03-29,circumpolar,4.35150514,-1.0025305697832287,1.0025305697832287,1.1150233324839751,FALSE,FALSE
2022-03-30,circumpolar,4.453714857,-0.9899207071944476,0.9899207071944476,1.1150233324839751,FALSE,FALSE
2022-03-31,circumpolar,4.577539269,-0.9563832515774316,0.9563832515774316,1.1150233324839751,FALSE,FALSE
2022-04-01,circumpolar,4.751413074,-0.8735081828434224,0.8735081828434224,1.1150233324839751,FALSE,FALSE
2022-04-02,circumpolar,4.860122744,-0.8565520169858303,0.8565520169858303,1.1150233324839751,FALSE,FALSE
2022-04-03,circumpolar,4.923027597,-0.8861984391349944,0.8861984391349944,1.1150233324839751,FALSE,FALSE
2022-04-04,circumpolar,4.958463737,-0.9441543484212476,0.9441543484212476,1.1150233324839751,FALSE,FALSE
2022-04-05,circumpolar,5.022075617,-0.9748182949749298,0.9748182949749298,1.1150233324839751,FALSE,FALSE
2022-04-06,circumpolar,5.178431142,-0.9136653769263684,0.9136653769263684,1.1150233324839751,FALSE,FALSE
2022-04-07,circumpolar,5.255589036,-0.932679873405914,0.932679873405914,1.1150233324839751,FALSE,FALSE
2022-04-08,circumpolar,5.355807012,-0.9296470745438964,0.9296470745438964,1.1150233324839751,FALSE,FALSE
2022-04-09,circumpolar,5.476400083,-0.907294970470658,0.907294970470658,1.1150233324839751,FALSE,FALSE
2022-04-10,circumpolar,5.581133851,-0.901900962316529,0.901900962316529,1.1150233324839751,FALSE,FALSE
2022-04-11,circumpolar,5.714194064,-0.8693223052118544,0.8693223052118544,1.1150233324839751,FALSE,FALSE
2022-04-12,circumpolar,5.859544272,-0.8256378257196175,0.8256378257196175,1.1150233324839751,FALSE,FALSE
2022-04-13,circumpolar,5.981846447,-0.8061832728014773,0.8061832728014773,1.1150233324839751,FALSE,FALSE
2022-04-14,circumpolar,6.125204135,-0.7667792070608632,0.7667792070608632,1.1150233324839751,FALSE,FALSE
2022-04-15,circumpolar,6.242640124,-0.7543200711906195,0.7543200711906195,1.1150233324839751,FALSE,FALSE
2022-04-16,circumpolar,6.319017191,-0.7838603188835611,0.7838603188835611,1.1150233324839751,FALSE,FALSE
2022-04-17,circumpolar,6.40957189,-0.8000806268325329,0.8000806268325329,1.1150233324839751,FALSE,FALSE
2022-04-18,circumpolar,6.539982405,-0.7772200417303674,0.7772200417303674,1.1150233324839751,FALSE,FALSE
2022-04-19,circumpolar,6.660739173,-0.7647053572699072,0.7647053572699072,1.1150233324839751,FALSE,FALSE
2022-04-20,circumpolar,6.765307375,-0.7689886231439633,0.7689886231439633,1.1150233324839751,FALSE,FALSE
2022-04-21,circumpolar,6.860137749,-0.7835363320453936,0.7835363320453936,1.1150233324839751,FALSE,FALSE
2022-04-22,circumpolar,7.000835424,-0.7526605856670212,0.7526605856670212,1.1150233324839751,FALSE,FALSE
2022-04-23,circumpolar,7.155399265,-0.7082797497016751,0.7082797497016751,1.1150233324839751,FALSE,FALSE
2022-04-24,circumpolar,7.317601971,-0.656538355842204,0.656538355842204,1.1150233324839751,FALSE,FALSE
2022-04-25,circumpolar,7.411332913,-0.6734677653578656,0.6734677653578656,1.1150233324839751,FALSE,FALSE
2022-04-26,circumpolar,7.544124076,-0.6514899816087434,0.6514899816087434,1.1150233324839751,FALSE,FALSE
2022-04-27,circumpolar,7.643477125,-0.6630757054652197,0.6630757054652197,1.1150233324839751,FALSE,FALSE
2022-04-28,circumpolar,7.76527432,-0.6523152363844247,0.6523152363844247,1.1150233324839751,FALSE,FALSE
2022-04-29,circumpolar,7.830656529,-0.6980402658235052,0.6980402658235052,1.1150233324839751,FALSE,FALSE
2022-04-30,circumpolar,7.941017406,-0.6988296992396066,0.6988296992396066,1.1150233324839751,FALSE,FALSE
2022-05-01,circumpolar,8.026614252,-0.7243987950898703,0.7243987950898703,1.1150233324839751,FALSE,FALSE
2022-05-02,circumpolar,8.125766935,-0.7364002448314455,0.7364002448314455,1.1150233324839751,FALSE,FALSE
2022-05-03,circumpolar,8.217484294,-0.7557977689214574,0.7557977689214574,1.1150233324839751,FALSE,FALSE
2022-05-04,circumpolar,8.402107184,-0.682223071817063,0.682223071817063,1.1150233324839751,FALSE,FALSE
2022-05-05,circumpolar,8.542777049,-0.6525072689754072,0.6525072689754072,1.1150233324839751,FALSE,FALSE
2022-05-06,circumpolar,8.676889614,-0.6292271948536179,0.6292271948536179,1.1150233324839751,FALSE,FALSE
2022-05-07,circumpolar,8.801705429,-0.6150948739018443,0.6150948739018443,1.1150233324839751,FALSE,FALSE
2022-05-08,circumpolar,8.928678384,-0.5986373493967516,0.5986373493967516,1.1150233324839751,FALSE,FALSE
2022-05-09,circumpolar,9.05691757,-0.5807487104019149,0.5807487104019149,1.1150233324839751,FALSE,FALSE
2022-05-10,circumpolar,9.098461035,-0.6493977493789966,0.6493977493789966,1.1150233324839751,FALSE,FALSE
2022-05-11,circumpolar,9.173945762,-0.6839543237896795,0.6839543237896795,1.1150233324839751,FALSE,FALSE
2022-05-12,circumpolar,9.344475165,-0.6233218600956274,0.6233218600956274,1.1150233324839751,FALSE,FALSE
2022-05-13,circumpolar,9.469322685,-0.6082337577585211,0.6082337577585211,1.1150233324839751,FALSE,FALSE
2022-05-14,circumpolar,9.560160817,-0.6270243622400233,0.6270243622400233,1.1150233324839751,FALSE,FALSE
2022-05-15,circumpolar,9.717128936,-0.5795611390018109,0.5795611390018109,1.1150233324839751,FALSE,FALSE
2022-05-16,circumpolar,9.82631773,-0.5797602405055642,0.5797602405055642,1.1150233324839751,FALSE,FALSE
2022-05-17,circumpolar,9.919941124,-0.5954145822129515,0.5954145822129515,1.1150233324839751,FALSE,FALSE
2022-05-18,circumpolar,10.01683647,-0.6076936525856258,0.6076936525856258,1.1150233324839751,FALSE,FALSE
2022-05-19,circumpolar,10.11675107,-0.6168569900852834,0.6168569900852834,1.1150233324839751,FALSE,FALSE
2022-05-20,circumpolar,10.20748085,-0.6351143761361158,0.6351143761361158,1.1150233324839751,FALSE,FALSE
2022-05-21,circumpolar,10.28040389,-0.6710727632712636,0.6710727632712636,1.1150233324839751,FALSE,FALSE
2022-05-22,circumpolar,10.33840409,-0.7218152207067465,0.7218152207067465,1.1150233324839751,FALSE,FALSE
2022-05-23,circumpolar,10.34788167,-0.8209078899233795,0.8209078899233795,1.1150233324839751,FALSE,FALSE
2022-05-24,circumpolar,10.42915564,-0.8479981224020001,0.8479981224020001,1.1150233324839751,FALSE,FALSE
2022-05-25,circumpolar,10.5474871,-0.8377911796234176,0.8377911796234176,1.1150233324839751,FALSE,FALSE
2022-05-26,circumpolar,10.66989504,-0.8232344330684622,0.8232344330684622,1.1150233324839751,FALSE,FALSE
2022-05-27,circumpolar,10.76196415,-0.8387095542179654,0.8387095542179654,1.1150233324839751,FALSE,FALSE
2022-05-28,circumpolar,10.80381098,-0.9040663545527484,0.9040663545527484,1.1150233324839751,FALSE,FALSE
2022-05-29,circumpolar,10.82376492,-0.9909418055536232,0.9909418055536232,1.1150233324839751,FALSE,FALSE
2022-05-30,circumpolar,10.80382476,-1.1173034787014249,1.1173034787014249,1.1150233324839751,TRUE,FALSE
2022-05-31,circumpolar,10.84219024,-1.1849179954769866,1.1849179954769866,1.1150233324839751,TRUE,FALSE
2022-06-01,circumpolar,10.94739647,-1.1852166073611097,1.1852166073611097,1.1150233324839751,TRUE,FALSE
2022-06-02,circumpolar,11.10576965,-1.1318505878035872,1.1318505878035872,1.1150233324839751,TRUE,FALSE
2022-06-03,circumpolar,11.28840341,-1.0537530759490767,1.0537530759490767,1.1150233324839751,FALSE,FALSE
2022-06-04,circumpolar,11.47813639,-0.9681258661533968,0.9681258661533968,1.1150233324839751,FALSE,FALSE
2022-06-05,circumpolar,11.59595108,-0.9540269032784874,0.9540269032784874,1.1150233324839751,FALSE,FALSE
2022-06-06,circumpolar,11.69533738,-0.9580067221863172,0.9580067221863172,1.1150233324839751,FALSE,FALSE
2022-06-07,circumpolar,11.72282553,-1.033575517738857,1.033575517738857,1.1150233324839751,FALSE,FALSE
2022-06-08,circumpolar,11.80330198,-1.0558872747980708,1.0558872747980708,1.1150233324839751,FALSE,FALSE
2022-06-09,circumpolar,11.86441498,-1.09733417822593,1.09733417822593,1.1150233324839751,FALSE,FALSE
2022-06-10,circumpolar,12.00768295,-1.0564382428844024,1.0564382428844024,1.1150233324839751,FALSE,FALSE
2022-06-11,circumpolar,12.11728751,-1.049058283635434,1.049058283635434,1.1150233324839751,FALSE,FALSE
2022-06-12,circumpolar,12.25174951,-1.016713885341014,1.016713885341014,1.1150233324839751,FALSE,FALSE
2022-06-13,circumpolar,12.33339799,-1.0371164428631054,1.0371164428631054,1.1150233324839751,FALSE,FALSE
2022-06-14,circumpolar,12.47413551,-0.9984020006432424,0.9984020006432424,1.1150233324839751,FALSE,FALSE
2022-06-15,circumpolar,12.576346,-0.9981445405989966,0.9981445405989966,1.1150233324839751,FALSE,FALSE
2022-06-16,circumpolar,12.67904057,-0.9971801661560064,0.9971801661560064,1.1150233324839751,FALSE,FALSE
2022-06-17,circumpolar,12.77790714,-0.99966015044539,0.99966015044539,1.1150233324839751,FALSE,FALSE
2022-06-18,circumpolar,12.8370285,-1.041340896598287,1.041340896598287,1.1150233324839751,FALSE,FALSE
2022-06-19,circumpolar,12.89684678,-1.08161946774581,1.08161946774581,1.1150233324839751,FALSE,FALSE
2022-06-20,circumpolar,12.91340478,-1.164292257019092,1.164292257019092,1.1150233324839751,TRUE,TRUE
2022-06-21,circumpolar,12.92633196,-1.2495689975492557,1.2495689975492557,1.1150233324839751,TRUE,TRUE
2022-06-22,circumpolar,13.00994247,-1.2629747324674447,1.2629747324674447,1.1150233324839751,TRUE,TRUE
2022-06-23,circumpolar,13.08303547,-1.2855494949047692,1.2855494949047692,1.1150233324839751,TRUE,TRUE
2022-06-24,circumpolar,13.19003884,-1.272704597992357,1.272704597992357,1.1150233324839751,TRUE,TRUE
2022-06-25,circumpolar,13.3306913,-1.2245405148613475,1.2245405148613475,1.1150233324839751,TRUE,TRUE
2022-06-26,circumpolar,13.48182023,-1.164069058642852,1.164069058642852,1.1150233324839751,TRUE,TRUE
2022-06-27,circumpolar,13.59692745,-1.1376556271543077,1.1376556271543077,1.1150233324839751,TRUE,TRUE
2022-06-28,circumpolar,13.73711813,-1.0842740369036683,1.0842740369036683,1.1150233324839751,FALSE,FALSE
2022-06-29,circumpolar,13.84084414,-1.0656481698378517,1.0656481698378517,1.1150233324839751,FALSE,FALSE
2022-06-30,circumpolar,13.9386066,-1.0514531554243265,1.0514531554243265,1.1150233324839751,FALSE,FALSE
2022-07-01,circumpolar,14.02612007,-1.0461506831305345,1.0461506831305345,1.1150233324839751,FALSE,FALSE
2022-07-02,circumpolar,14.11772951,-1.035572042423933,1.035572042423933,1.1150233324839751,FALSE,FALSE
2022-07-03,circumpolar,14.24202175,-0.9913066527719624,0.9913066527719624,1.1150233324839751,FALSE,FALSE
2022-07-04,circumpolar,14.31613451,-0.9963930436420833,0.9963930436420833,1.1150233324839751,FALSE,FALSE
2022-07-05,circumpolar,14.35777651,-1.033298744501744,1.033298744501744,1.1150233324839751,FALSE,FALSE
2022-07-06,circumpolar,14.40364864,-1.0654991148184028,1.0654991148184028,1.1150233324839751,FALSE,FALSE
2022-07-07,circumpolar,14.49757248,-1.0493488240595017,1.0493488240595017,1.1150233324839751,FALSE,FALSE
2022-07-08,circumpolar,14.65575883,-0.9688133216924992,0.9688133216924992,1.1150233324839751,FALSE,FALSE
2022-07-09,circumpolar,14.75537525,-0.946900884190958,0.946900884190958,1.1150233324839751,FALSE,FALSE
2022-07-10,circumpolar,14.85007345,-0.930055312629488,0.930055312629488,1.1150233324839751,FALSE,FALSE
2022-07-11,circumpolar,14.91055313,-0.9474966279995414,0.9474966279995414,1.1150233324839751,FALSE,FALSE
2022-07-12,circumpolar,14.95454021,-0.9813953678823673,0.9813953678823673,1.1150233324839751,FALSE,FALSE
2022-07-13,circumpolar,15.01054466,-1.00313801985914,1.00313801985914,1.1150233324839751,FALSE,FALSE
2022-07-14,circumpolar,15.09482224,-0.9963652815110926,0.9963652815110926,1.1150233324839751,FALSE,FALSE
2022-07-15,circumpolar,15.19628016,-0.9720664004194148,0.9720664004194148,1.1150233324839751,FALSE,FALSE
2022-07-16,circumpolar,15.29074201,-0.9543142441653334,0.9543142441653334,1.1150233324839751,FALSE,FALSE
2022-07-17,circumpolar,15.45005336,-0.8711597003300593,0.8711597003300593,1.1150233324839751,FALSE,FALSE
2022-07-18,circumpolar,15.55011795,-0.8465954864947669,0.8465954864947669,1.1150233324839751,FALSE,FALSE
2022-07-19,circumpolar,15.65852554,-0.8129283002407064,0.8129283002407064,1.1150233324839751,FALSE,FALSE
2022-07-20,circumpolar,15.72292382,-0.8224069091490644,0.8224069091490644,1.1150233324839751,FALSE,FALSE
2022-07-21,circumpolar,15.77906839,-0.8391721708010582,0.8391721708010582,1.1150233324839751,FALSE,FALSE
2022-07-22,circumpolar,15.82638987,-0.8636928047195163,0.8636928047195163,1.1150233324839751,FALSE,FALSE
2022-07-23,circumpolar,15.82216924,-0.9386269478436072,0.9386269478436072,1.1150233324839751,FALSE,FALSE
2022-07-24,circumpolar,15.79056641,-1.0397828024498177,1.0397828024498177,1.1150233324839751,FALSE,FALSE
2022-07-25,circumpolar,15.76923456,-1.1294759585417342,1.1294759585417342,1.1150233324839751,TRUE,FALSE
2022-07-26,circumpolar,15.79443343,-1.171415446122909,1.171415446122909,1.1150233324839751,TRUE,FALSE
2022-07-27,circumpolar,15.91586027,-1.115872785196924,1.115872785196924,1.1150233324839751,TRUE,FALSE
2022-07-28,circumpolar,16.05824924,-1.0380825857673557,1.0380825857673557,1.1150233324839751,FALSE,FALSE
2022-07-29,circumpolar,16.20525336,-0.9543605978377628,0.9543605978377628,1.1150233324839751,FALSE,FALSE
2022-07-30,circumpolar,16.27313438,-0.9484138414117176,0.9484138414117176,1.1150233324839751,FALSE,FALSE
2022-07-31,circumpolar,16.42939291,-0.8527104764928062,0.8527104764928062,1.1150233324839751,FALSE,FALSE
2022-08-01,circumpolar,16.60380442,-0.7374438030846093,0.7374438030846093,1.1150233324839751,FALSE,FALSE
2022-08-02,circumpolar,16.69214201,-0.7068094911906648,0.7068094911906648,1.1150233324839751,FALSE,FALSE
2022-08-03,circumpolar,16.7848207,-0.6703612913772332,0.6703612913772332,1.1150233324839751,FALSE,FALSE
2022-08-04,circumpolar,16.92391969,-0.5860039640620975,0.5860039640620975,1.1150233324839751,FALSE,FALSE
2022-08-05,circumpolar,17.00018085,-0.5630343953250865,0.5630343953250865,1.1150233324839751,FALSE,FALSE
2022-08-06,circumpolar,17.02232152,-0.5927863529877655,0.5927863529877655,1.1150233324839751,FALSE,FALSE
2022-08-07,circumpolar,16.99560434,-0.6700483048717238,0.6700483048717238,1.1150233324839751,FALSE,FALSE
2022-08-08,circumpolar,16.98563735,-0.7292633187985658,0.7292633187985658,1.1150233324839751,FALSE,FALSE
2022-08-09,circumpolar,16.99812059,-0.7647824625898707,0.7647824625898707,1.1150233324839751,FALSE,FALSE
2022-08-10,circumpolar,17.02397964,-0.7857312640672376,0.7857312640672376,1.1150233324839751,FALSE,FALSE
2022-08-11,circumpolar,17.06172886,-0.7936464710522522,0.7936464710522522,1.1150233324839751,FALSE,FALSE
2022-08-12,circumpolar,17.12921868,-0.7707287613665059,0.7707287613665059,1.1150233324839751,FALSE,FALSE
2022-08-13,circumpolar,17.15753922,-0.7859391228315751,0.7859391228315751,1.1150233324839751,FALSE,FALSE
2022-08-14,circumpolar,17.2710163,-0.7150028432690618,0.7150028432690618,1.1150233324839751,FALSE,FALSE
2022-08-15,circumpolar,17.35012546,-0.6774954905005579,0.6774954905005579,1.1150233324839751,FALSE,FALSE
2022-08-16,circumpolar,17.41925818,-0.6490758137773511,0.6490758137773511,1.1150233324839751,FALSE,FALSE
2022-08-17,circumpolar,17.51350644,-0.5946759491778373,0.5946759491778373,1.1150233324839751,FALSE,FALSE
2022-08-18,circumpolar,17.62701635,-0.5201440141946208,0.5201440141946208,1.1150233324839751,FALSE,FALSE
2022-08-19,circumpolar,17.5679588,-0.6173017083485632,0.6173017083485632,1.1150233324839751,FALSE,FALSE
2022-08-20,circumpolar,17.4918372,-0.7306382111604819,0.7306382111604819,1.1150233324839751,FALSE,FALSE
2022-08-21,circumpolar,17.57624641,-0.6825512521512103,0.6825512521512103,1.1150233324839751,FALSE,FALSE
2022-08-22,circumpolar,17.64710845,-0.6471114008415846,0.6471114008415846,1.1150233324839751,FALSE,FALSE
2022-08-23,circumpolar,17.70656437,-0.6221701967524567,0.6221701967524567,1.1150233324839751,FALSE,FALSE
2022-08-24,circumpolar,17.79251568,-0.5698187194046511,0.5698187194046511,1.1150233324839751,FALSE,FALSE
2022-08-25,circumpolar,17.89659043,-0.4984215083190016,0.4984215083190016,1.1150233324839751,FALSE,FALSE
2022-08-26,circumpolar,17.92827669,-0.4984830830163567,0.4984830830163567,1.1150233324839751,FALSE,FALSE
2022-08-27,circumpolar,17.89429825,-0.5632722430175505,0.5632722430175505,1.1150233324839751,FALSE,FALSE
2022-08-28,circumpolar,17.87718187,-0.6102548178434049,0.6102548178434049,1.1150233324839751,FALSE,FALSE
2022-08-29,circumpolar,17.88370875,-0.6326412874780054,0.6326412874780054,1.1150233324839751,FALSE,FALSE
2022-08-30,circumpolar,17.84274719,-0.7015495040172262,0.7015495040172262,1.1150233324839751,FALSE,FALSE
2022-08-31,circumpolar,17.85502592,-0.716234812553374,0.716234812553374,1.1150233324839751,FALSE,FALSE
2022-09-01,circumpolar,17.92869277,-0.6685334544532289,0.6685334544532289,1.1150233324839751,FALSE,FALSE
2022-09-02,circumpolar,18.00018693,-0.6219903110836142,0.6219903110836142,1.1150233324839751,FALSE,FALSE
2022-09-03,circumpolar,18.0942758,-0.5518220538113212,0.5518220538113212,1.1150233324839751,FALSE,FALSE
2022-09-04,circumpolar,18.11489012,-0.5540820140031464,0.5540820140031464,1.1150233324839751,FALSE,FALSE
2022-09-05,circumpolar,18.15879444,-0.5319897130259186,0.5319897130259186,1.1150233324839751,FALSE,FALSE
2022-09-06,circumpolar,18.22400761,-0.48751037224640115,0.48751037224640115,1.1150233324839751,FALSE,FALSE
2022-09-07,circumpolar,18.30889691,-0.42226078303143666,0.42226078303143666,1.1150233324839751,FALSE,FALSE
2022-09-08,circumpolar,18.36719503,-0.382492326747812,0.382492326747812,1.1150233324839751,FALSE,FALSE
2022-09-09,circumpolar,18.39389057,-0.3732004747623314,0.3732004747623314,1.1150233324839751,FALSE,FALSE
2022-09-10,circumpolar,18.37107951,-0.41227329455992745,0.41227329455992745,1.1150233324839751,FALSE,FALSE
2022-09-11,circumpolar,18.41948429,-0.37897012648133455,0.37897012648133455,1.1150233324839751,FALSE,FALSE
2022-09-12,circumpolar,18.47680267,-0.33557088822479386,0.33557088822479386,1.1150233324839751,FALSE,FALSE
2022-09-13,circumpolar,18.52698485,-0.29810262551604794,0.29810262551604794,1.1150233324839751,FALSE,FALSE
2022-09-14,circumpolar,18.52396222,-0.3126111940808656,0.3126111940808656,1.1150233324839751,FALSE,FALSE
2022-09-15,circumpolar,18.52662208,-0.32018653964502164,0.32018653964502164,1.1150233324839751,FALSE,FALSE
2022-09-16,circumpolar,18.4831416,-0.37262873793424944,0.37262873793424944,1.1150233324839751,FALSE,FALSE
2022-09-17,circumpolar,18.45283676,-0.4105990546743108,0.4105990546743108,1.1150233324839751,FALSE,FALSE
2022-09-18,circumpolar,18.43211895,-0.4376633455909804,0.4376633455909804,1.1150233324839751,FALSE,FALSE
2022-09-19,circumpolar,18.46480529,-0.40998173640999624,0.40998173640999624,1.1150233324839751,FALSE,FALSE
2022-09-20,circumpolar,18.45455445,-0.4238728028571472,0.4238728028571472,1.1150233324839751,FALSE,FALSE
2022-09-21,circumpolar,18.47797459,-0.4027056306581649,0.4027056306581649,1.1150233324839751,FALSE,FALSE
2022-09-22,circumpolar,18.47113042,-0.4103927555388047,0.4103927555388047,1.1150233324839751,FALSE,FALSE
2022-09-23,circumpolar,18.43352509,-0.4474090539715405,0.4474090539715405,1.1150233324839751,FALSE,FALSE
2022-09-24,circumpolar,18.43565067,-0.4432488412005106,0.4432488412005106,1.1150233324839751,FALSE,FALSE
2022-09-25,circumpolar,18.45867025,-0.4167404830292938,0.4167404830292938,1.1150233324839751,FALSE,FALSE
2022-09-26,circumpolar,18.47311928,-0.3973400564069678,0.3973400564069678,1.1150233324839751,FALSE,FALSE
2022-09-27,circumpolar,18.38832016,-0.4757166882826489,0.4757166882826489,1.1150233324839751,FALSE,FALSE
2022-09-28,circumpolar,18.36258413,-0.4935506656054329,0.4935506656054329,1.1150233324839751,FALSE,FALSE
2022-09-29,circumpolar,18.29198925,-0.5547554553244396,0.5547554553244396,1.1150233324839751,FALSE,FALSE
2022-09-30,circumpolar,18.23413155,-0.6017265543887618,0.6017265543887618,1.1150233324839751,FALSE,FALSE
2022-10-01,circumpolar,18.22124234,-0.6022241797474948,0.6022241797474948,1.1150233324839751,FALSE,FALSE
2022-10-02,circumpolar,18.2186197,-0.5909417783497517,0.5909417783497517,1.1150233324839751,FALSE,FALSE
2022-10-03,circumpolar,18.2751903,-0.5189442071446315,0.5189442071446315,1.1150233324839751,FALSE,FALSE
2022-10-04,circumpolar,18.26372238,-0.5134547530812306,0.5134547530812306,1.1150233324839751,FALSE,FALSE
2022-10-05,circumpolar,18.22421773,-0.5344631503974746,0.5344631503974746,1.1150233324839751,FALSE,FALSE
2022-10-06,circumpolar,18.16380703,-0.5748269637875261,0.5748269637875261,1.1150233324839751,FALSE,FALSE
2022-10-07,circumpolar,18.17772001,-0.5392950610060758,0.5392950610060758,1.1150233324839751,FALSE,FALSE
2022-10-08,circumpolar,18.21805382,-0.47574712491924487,0.47574712491924487,1.1150233324839751,FALSE,FALSE
2022-10-09,circumpolar,18.22499007,-0.44397837839314747,0.44397837839314747,1.1150233324839751,FALSE,FALSE
2022-10-10,circumpolar,18.22166781,-0.4208266042938824,0.4208266042938824,1.1150233324839751,FALSE,FALSE
2022-10-11,circumpolar,18.19270562,-0.4216500554875786,0.4216500554875786,1.1150233324839751,FALSE,FALSE
2022-10-12,circumpolar,18.06263623,-0.5218928348403793,0.5218928348403793,1.1150233324839751,FALSE,FALSE
2022-10-13,circumpolar,18.03647903,-0.5165123852183449,0.5165123852183449,1.1150233324839751,FALSE,FALSE
2022-10-14,circumpolar,17.97968439,-0.5400351694876377,0.5400351694876377,1.1150233324839751,FALSE,FALSE
2022-10-15,circumpolar,17.92792863,-0.5567617005143433,0.5567617005143433,1.1150233324839751,FALSE,FALSE
2022-10-16,circumpolar,17.85878016,-0.5891004011645968,0.5891004011645968,1.1150233324839751,FALSE,FALSE
2022-10-17,circumpolar,17.83403192,-0.5752351643045088,0.5752351643045088,1.1150233324839751,FALSE,FALSE
2022-10-18,circumpolar,17.71868191,-0.6501451957246474,0.6501451957246474,1.1150233324839751,FALSE,FALSE
2022-10-19,circumpolar,17.62688355,-0.6996622020206331,0.6996622020206331,1.1150233324839751,FALSE,FALSE
2022-10-20,circumpolar,17.54559065,-0.7368250721987373,0.7368250721987373,1.1150233324839751,FALSE,FALSE
2022-10-21,circumpolar,17.53202529,-0.7044047284666632,0.7044047284666632,1.1150233324839751,FALSE,FALSE
2022-10-22,circumpolar,17.50196938,-0.6866122630321136,0.6866122630321136,1.1150233324839751,FALSE,FALSE
2022-10-23,circumpolar,17.4543702,-0.6844933981027808,0.6844933981027808,1.1150233324839751,FALSE,FALSE
2022-10-24,circumpolar,17.38578648,-0.7014824058863489,0.7014824058863489,1.1150233324839751,FALSE,FALSE
2022-10-25,circumpolar,17.39409983,-0.639690678590533,0.639690678590533,1.1150233324839751,FALSE,FALSE
2022-10-26,circumpolar,17.31721303,-0.6612084384230172,0.6612084384230172,1.1150233324839751,FALSE,FALSE
2022-10-27,circumpolar,17.21593739,-0.7052173775914916,0.7052173775914916,1.1150233324839751,FALSE,FALSE
2022-10-28,circumpolar,17.11065052,-0.751332888303665,0.751332888303665,1.1150233324839751,FALSE,FALSE
2022-10-29,circumpolar,16.99728061,-0.8036197827672318,0.8036197827672318,1.1150233324839751,FALSE,FALSE
2022-10-30,circumpolar,17.01765283,-0.7202458931898796,0.7202458931898796,1.1150233324839751,FALSE,FALSE
2022-10-31,circumpolar,16.85746932,-0.8154794235034686,0.8154794235034686,1.1150233324839751,FALSE,FALSE
2022-11-01,circumpolar,16.80721633,-0.7986929386861021,0.7986929386861021,1.1150233324839751,FALSE,FALSE
2022-11-02,circumpolar,16.68934729,-0.8472575663551787,0.8472575663551787,1.1150233324839751,FALSE,FALSE
2022-11-03,circumpolar,16.57275039,-0.8921096649188307,0.8921096649188307,1.1150233324839751,FALSE,FALSE
2022-11-04,circumpolar,16.53093704,-0.8595623727851667,0.8595623727851667,1.1150233324839751,FALSE,FALSE
2022-11-05,circumpolar,16.44058743,-0.8727600483623199,0.8727600483623199,1.1150233324839751,FALSE,FALSE
2022-11-06,circumpolar,16.41091527,-0.8223135300584126,0.8223135300584126,1.1150233324839751,FALSE,FALSE
2022-11-07,circumpolar,16.36214768,-0.7878202462815729,0.7878202462815729,1.1150233324839751,FALSE,FALSE
2022-11-08,circumpolar,16.37161769,-0.6917717154399057,0.6917717154399057,1.1150233324839751,FALSE,FALSE
2022-11-09,circumpolar,16.21917818,-0.7541396059415604,0.7541396059415604,1.1150233324839751,FALSE,FALSE
2022-11-10,circumpolar,16.17639781,-0.7031798061946333,0.7031798061946333,1.1150233324839751,FALSE,FALSE
2022-11-11,circumpolar,16.08062466,-0.7013687846072649,0.7013687846072649,1.1150233324839751,FALSE,FALSE
2022-11-12,circumpolar,16.05478383,-0.6256072913632877,0.6256072913632877,1.1150233324839751,FALSE,FALSE
2022-11-13,circumpolar,15.95682847,-0.6178400395776986,0.6178400395776986,1.1150233324839751,FALSE,FALSE
2022-11-14,circumpolar,15.87422442,-0.59060730282736,0.59060730282736,1.1150233324839751,FALSE,FALSE
2022-11-15,circumpolar,15.81898991,-0.5319058935688279,0.5319058935688279,1.1150233324839751,FALSE,FALSE
2022-11-16,circumpolar,15.72876923,-0.5041065642586471,0.5041065642586471,1.1150233324839751,FALSE,FALSE
2022-11-17,circumpolar,15.60062885,-0.510157887353369,0.510157887353369,1.1150233324839751,FALSE,FALSE
2022-11-18,circumpolar,15.47349613,-0.5111475453095533,0.5111475453095533,1.1150233324839751,FALSE,FALSE
2022-11-19,circumpolar,15.38270235,-0.47175930058373794,0.47175930058373794,1.1150233324839751,FALSE,FALSE
2022-11-20,circumpolar,15.27413933,-0.44611637563247264,0.44611637563247264,1.1150233324839751,FALSE,FALSE
2022-11-21,circumpolar,15.07643583,-0.5056050529123173,0.5056050529123173,1.1150233324839751,FALSE,FALSE
2022-11-22,circumpolar,14.96130562,-0.4785266048798089,0.4785266048798089,1.1150233324839751,FALSE,FALSE
2022-11-23,circumpolar,14.81158541,-0.48205936399151206,0.48205936399151206,1.1150233324839751,FALSE,FALSE
2022-11-24,circumpolar,14.58811869,-0.555374882703962,0.555374882703962,1.1150233324839751,FALSE,FALSE
2022-11-25,circumpolar,14.41317329,-0.5762128662798052,0.5762128662798052,1.1150233324839751,FALSE,FALSE
2022-11-26,circumpolar,14.2788364,-0.5524301653933019,0.5524301653933019,1.1150233324839751,FALSE,FALSE
2022-11-27,circumpolar,14.08847487,-0.5805720439936071,0.5805720439936071,1.1150233324839751,FALSE,FALSE
2022-11-28,circumpolar,13.87652102,-0.6261180542034417,0.6261180542034417,1.1150233324839751,FALSE,FALSE
2022-11-29,circumpolar,13.73023003,-0.601724888145549,0.601724888145549,1.1150233324839751,FALSE,FALSE
2022-11-30,circumpolar,13.46213152,-0.6947747979426602,0.6947747979426602,1.1150233324839751,FALSE,FALSE
2022-12-01,circumpolar,13.25730006,-0.7201050857175133,0.7201050857175133,1.1150233324839751,FALSE,FALSE
2022-12-02,circumpolar,13.06252028,-0.7308429935928427,0.7308429935928427,1.1150233324839751,FALSE,FALSE
2022-12-03,circumpolar,12.83172828,-0.7729642936913894,0.7729642936913894,1.1150233324839751,FALSE,FALSE
2022-12-04,circumpolar,12.62794156,-0.7833633581358814,0.7833633581358814,1.1150233324839751,FALSE,FALSE
2022-12-05,circumpolar,12.40030808,-0.8128040990490604,0.8128040990490604,1.1150233324839751,FALSE,FALSE
2022-12-06,circumpolar,12.20136885,-0.8086573785536633,0.8086573785536633,1.1150233324839751,FALSE,FALSE
2022-12-07,circumpolar,11.98780499,-0.8141544430930043,0.8141544430930043,1.1150233324839751,FALSE,FALSE
2022-12-08,circumpolar,11.75761791,-0.8313597020385917,0.8313597020385917,1.1150233324839751,FALSE,FALSE
2022-12-09,circumpolar,11.40256734,-0.9689493168800708,0.9689493168800708,1.1150233324839751,FALSE,FALSE
2022-12-10,circumpolar,11.07444807,-1.0756190570093356,1.0756190570093356,1.1150233324839751,FALSE,FALSE
2022-12-11,circumpolar,10.75967482,-1.165444761818291,1.165444761818291,1.1150233324839751,TRUE,TRUE
2022-12-12,circumpolar,10.42978081,-1.2673837706988422,1.2673837706988422,1.1150233324839751,TRUE,TRUE
2022-12-13,circumpolar,10.09245709,-1.374235593042885,1.374235593042885,1.1150233324839751,TRUE,TRUE
2022-12-14,circumpolar,9.819171049,-1.415023399242321,1.415023399242321,1.1150233324839751,TRUE,TRUE
2022-12-15,circumpolar,9.640658007,-1.3595024286890496,1.3595024286890496,1.1150233324839751,TRUE,TRUE
2022-12-16,circumpolar,9.340774252,-1.4243069527749626,1.4243069527749626,1.1150233324839751,TRUE,TRUE
2022-12-17,circumpolar,9.108323989,-1.4211233258919709,1.4211233258919709,1.1150233324839751,TRUE,TRUE
2022-12-18,circumpolar,8.844659516,-1.4490898094319764,1.4490898094319764,1.1150233324839751,TRUE,TRUE
2022-12-19,circumpolar,8.49965374,-1.558824055786873,1.558824055786873,1.1150233324839751,TRUE,TRUE
2022-12-20,circumpolar,8.187844183,-1.6362775193075674,1.6362775193075674,1.1150233324839751,TRUE,TRUE
2022-12-21,circumpolar,7.910159432,-1.6809855584153848,1.6809855584153848,1.1150233324839751,TRUE,TRUE
2022-12-22,circumpolar,7.60868051,-1.7513111153180718,1.7513111153180718,1.1150233324839751,TRUE,TRUE
2022-12-23,circumpolar,7.342461073,-1.7886439424363043,1.7886439424363043,1.1150233324839751,TRUE,TRUE
2022-12-24,circumpolar,6.997393313,-1.90753525619078,1.90753525619078,1.1150233324839751,TRUE,TRUE
2022-12-25,circumpolar,6.671469719,-2.0104359760021593,2.0104359760021593,1.1150233324839751,TRUE,TRUE
2022-12-26,circumpolar,6.404471006,-2.058008795291151,2.058008795291151,1.1150233324839751,TRUE,TRUE
2022-12-27,circumpolar,6.18420857,-2.0628857264784033,2.0628857264784033,1.1150233324839751,TRUE,TRUE
2022-12-28,circumpolar,5.920672856,-2.11551973298463,2.11551973298463,1.1150233324839751,TRUE,TRUE
2022-12-29,circumpolar,5.657238166,-2.172979921230481,2.172979921230481,1.1150233324839751,TRUE,TRUE
2022-12-30,circumpolar,5.467841523,-2.161772676636663,2.161772676636663,1.1150233324839751,TRUE,TRUE
2022-12-31,circumpolar,5.314174922,-2.12064941262386,2.12064941262386,1.1150233324839751,TRUE,TRUE
2023-01-01,circumpolar,5.130208375,-2.1160835256127335,2.1160835256127335,1.1150233324839751,TRUE,TRUE
2023-01-02,circumpolar,4.951114454,-2.113228428569271,2.113228428569271,1.1150233324839751,TRUE,TRUE
2023-01-03,circumpolar,4.84670605,-2.0421275216406123,2.0421275216406123,1.1150233324839751,TRUE,TRUE
2023-01-04,circumpolar,4.714112393,-2.0053904425191806,2.0053904425191806,1.1150233324839751,TRUE,TRUE
2023-01-05,circumpolar,4.578447455,-1.9776420868973863,1.9776420868973863,1.1150233324839751,TRUE,TRUE
2023-01-06,circumpolar,4.431187715,-1.9671448434676808,1.9671448434676808,1.1150233324839751,TRUE,TRUE
2023-01-07,circumpolar,4.247154952,-1.9988158009224903,1.9988158009224903,1.1150233324839751,TRUE,TRUE
2023-01-08,circumpolar,4.144935291,-1.9538077019542284,1.9538077019542284,1.1150233324839751,TRUE,TRUE
2023-01-09,circumpolar,4.071869584,-1.88451856225534,1.88451856225534,1.1150233324839751,TRUE,TRUE
2023-01-10,circumpolar,3.985525962,-1.8331191185182336,1.8331191185182336,1.1150233324839751,TRUE,TRUE
2023-01-11,circumpolar,3.889749756,-1.7955029074353592,1.7955029074353592,1.1150233324839751,TRUE,TRUE
2023-01-12,circumpolar,3.8203678,-1.7355819626991305,1.7355819626991305,1.1150233324839751,TRUE,TRUE
2023-01-13,circumpolar,3.756295406,-1.67417984000198,1.67417984000198,1.1150233324839751,TRUE,TRUE
2023-01-14,circumpolar,3.667189798,-1.641381409027086,1.641381409027086,1.1150233324839751,TRUE,TRUE
2023-01-15,circumpolar,3.57634494,-1.6137505636131402,1.6137505636131402,1.1150233324839751,TRUE,TRUE
2023-01-16,circumpolar,3.508427916,-1.5666231052989343,1.5666231052989343,1.1150233324839751,TRUE,TRUE
2023-01-17,circumpolar,3.47278347,-1.4906663476675832,1.4906663476675832,1.1150233324839751,TRUE,TRUE
2023-01-18,circumpolar,3.38563411,-1.4696698403021955,1.4696698403021955,1.1150233324839751,TRUE,TRUE
2023-01-19,circumpolar,3.290882474,-1.4597430027858822,1.4597430027858822,1.1150233324839751,TRUE,TRUE
2023-01-20,circumpolar,3.198740295,-1.4506861597017546,1.4506861597017546,1.1150233324839751,TRUE,TRUE
2023-01-21,circumpolar,3.137834307,-1.4138846346329266,1.4138846346329266,1.1150233324839751,TRUE,TRUE
2023-01-22,circumpolar,3.027352145,-1.4301628501625068,1.4301628501625068,1.1150233324839751,TRUE,TRUE
2023-01-23,circumpolar,2.958021932,-1.4088047408736055,1.4088047408736055,1.1150233324839751,TRUE,TRUE
2023-01-24,circumpolar,2.869862087,-1.4098039453493407,1.4098039453493407,1.1150233324839751,TRUE,TRUE
2023-01-25,circumpolar,2.800593758,-1.3954513731728189,1.3954513731728189,1.1150233324839751,TRUE,TRUE
2023-01-26,circumpolar,2.714925,-1.4010510269271474,1.4010510269271474,1.1150233324839751,TRUE,TRUE
2023-01-27,circumpolar,2.655589632,-1.3838696733418905,1.3838696733418905,1.1150233324839751,TRUE,TRUE
2023-01-28,circumpolar,2.584703349,-1.3817145449053143,1.3817145449053143,1.1150233324839751,TRUE,TRUE
2023-01-29,circumpolar,2.535904177,-1.3608383415862062,1.3608383415862062,1.1150233324839751,TRUE,TRUE
2023-01-30,circumpolar,2.486701643,-1.3436221586220456,1.3436221586220456,1.1150233324839751,TRUE,TRUE
2023-01-31,circumpolar,2.448386345,-1.3186660202502924,1.3186660202502924,1.1150233324839751,TRUE,TRUE
2023-02-01,circumpolar,2.430436016,-1.2763828157084296,1.2763828157084296,1.1150233324839751,TRUE,TRUE
2023-02-02,circumpolar,2.377930952,-1.271582871233926,1.271582871233926,1.1150233324839751,TRUE,TRUE
2023-02-03,circumpolar,2.330544542,-1.2644834200642472,1.2644834200642472,1.1150233324839751,TRUE,TRUE
2023-02-04,circumpolar,2.312054979,-1.2311968914368738,1.2311968914368738,1.1150233324839751,TRUE,TRUE
2023-02-05,circumpolar,2.294781674,-1.19929449658928,1.19929449658928,1.1150233324839751,TRUE,TRUE
2023-02-06,circumpolar,2.263492027,-1.1838994577589323,1.1838994577589323,1.1150233324839751,TRUE,TRUE
2023-02-07,circumpolar,2.193965268,-1.2091231671833027,1.2091231671833027,1.1150233324839751,TRUE,TRUE
2023-02-08,circumpolar,2.147982324,-1.2130761609168097,1.2130761609168097,1.1150233324839751,TRUE,TRUE
2023-02-09,circumpolar,2.055551246,-1.2657528584610325,1.2657528584610325,1.1150233324839751,TRUE,TRUE
2023-02-10,circumpolar,2.054620107,-1.2294284244689755,1.2294284244689755,1.1150233324839751,TRUE,TRUE
2023-02-11,circumpolar,2.062009034,-1.187532071689231,1.187532071689231,1.1150233324839751,TRUE,TRUE
2023-02-12,circumpolar,2.043163161,-1.174868005870409,1.174868005870409,1.1150233324839751,TRUE,TRUE
2023-02-13,circumpolar,2.036633838,-1.153134216761118,1.153134216761118,1.1150233324839751,TRUE,TRUE
2023-02-14,circumpolar,2.033553424,-1.1314476851099524,1.1314476851099524,1.1150233324839751,TRUE,TRUE
2023-02-15,circumpolar,2.03716963,-1.1068100396655225,1.1068100396655225,1.1150233324839751,FALSE,FALSE
2023-02-16,circumpolar,2.018757108,-1.1081959681764335,1.1081959681764335,1.1150233324839751,FALSE,FALSE
2023-02-17,circumpolar,2.054949985,-1.0592206833912785,1.0592206833912785,1.1150233324839751,FALSE,FALSE
2023-02-18,circumpolar,2.058294889,-1.0475868970586726,1.0475868970586726,1.1150233324839751,FALSE,FALSE
2023-02-19,circumpolar,2.034328804,-1.0680069649272197,1.0680069649272197,1.1150233324839751,FALSE,FALSE
2023-02-20,circumpolar,1.981676371,-1.122105585745513,1.122105585745513,1.1150233324839751,TRUE,FALSE
2023-02-21,circumpolar,1.963884613,-1.1465629424838093,1.1465629424838093,1.1150233324839751,TRUE,FALSE
2023-02-22,circumpolar,1.969987286,-1.15230414330255,1.15230414330255,1.1150233324839751,TRUE,FALSE
2023-02-23,circumpolar,2.035433789,-1.1036601406802835,1.1036601406802835,1.1150233324839751,FALSE,FALSE
2023-02-24,circumpolar,2.089110177,-1.0715220041268596,1.0715220041268596,1.1150233324839751,FALSE,FALSE
2023-02-25,circumpolar,2.096072434,-1.0906108741521146,1.0906108741521146,1.1150233324839751,FALSE,FALSE
2023-02-26,circumpolar,2.148357087,-1.068667348265898,1.068667348265898,1.1150233324839751,FALSE,FALSE
2023-02-27,circumpolar,2.145540536,-1.10589215097805,1.10589215097805,1.1150233324839751,FALSE,FALSE
2023-02-28,circumpolar,2.142352529,-1.1473326587984154,1.1473326587984154,1.1150233324839751,TRUE,TRUE
2023-03-01,circumpolar,2.170729671,-1.1608293912368364,1.1608293912368364,1.1150233324839751,TRUE,TRUE
2023-03-02,circumpolar,2.196259132,-1.1805723028031618,1.1805723028031618,1.1150233324839751,TRUE,TRUE
2023-03-03,circumpolar,2.216015107,-1.2092643230072242,1.2092643230072242,1.1150233324839751,TRUE,TRUE
2023-03-04,circumpolar,2.292225383,-1.1844547893588748,1.1844547893588748,1.1150233324839751,TRUE,TRUE
2023-03-05,circumpolar,2.395149848,-1.1356609446544996,1.1356609446544996,1.1150233324839751,TRUE,TRUE
2023-03-06,circumpolar,2.43790649,-1.1495653168446798,1.1495653168446798,1.1150233324839751,TRUE,TRUE
2023-03-07,circumpolar,2.587265092,-1.0592747720591786,1.0592747720591786,1.1150233324839751,FALSE,FALSE
2023-03-08,circumpolar,2.731651706,-0.9762553746810269,0.9762553746810269,1.1150233324839751,FALSE,FALSE
2023-03-09,circumpolar,2.795380672,-0.9760849010932606,0.9760849010932606,1.1150233324839751,FALSE,FALSE
2023-03-10,circumpolar,2.809613445,-1.0274940126789085,1.0274940126789085,1.1150233324839751,FALSE,FALSE
2023-03-11,circumpolar,2.848426058,-1.0562987928210004,1.0562987928210004,1.1150233324839751,FALSE,FALSE
2023-03-12,circumpolar,2.862012615,-1.1121972539025728,1.1121972539025728,1.1150233324839751,FALSE,FALSE
2023-03-13,circumpolar,2.927324469,-1.1181301593066566,1.1181301593066566,1.1150233324839751,TRUE,TRUE
2023-03-14,circumpolar,2.962350292,-1.1560009534162825,1.1560009534162825,1.1150233324839751,TRUE,TRUE
2023-03-15,circumpolar,3.02369986,-1.1690919766144834,1.1690919766144834,1.1150233324839751,TRUE,TRUE
2023-03-16,circumpolar,3.136473945,-1.1321945732842935,1.1321945732842935,1.1150233324839751,TRUE,TRUE
2023-03-17,circumpolar,3.187079749,-1.1587936578087388,1.1587936578087388,1.1150233324839751,TRUE,TRUE
2023-03-18,circumpolar,3.159668722,-1.2646311875814042,1.2646311875814042,1.1150233324839751,TRUE,TRUE
2023-03-19,circumpolar,3.277485469,-1.2263882077961314,1.2263882077961314,1.1150233324839751,TRUE,TRUE
2023-03-20,circumpolar,3.342005474,-1.242548610885867,1.242548610885867,1.1150233324839751,TRUE,TRUE
2023-03-21,circumpolar,3.468519767,-1.1977823311701066,1.1977823311701066,1.1150233324839751,TRUE,TRUE
2023-03-22,circumpolar,3.63025403,-1.1188246509683153,1.1188246509683153,1.1150233324839751,TRUE,TRUE
2023-03-23,circumpolar,3.759082805,-1.073761992599977,1.073761992599977,1.1150233324839751,FALSE,FALSE
2023-03-24,circumpolar,3.917172101,-1.0003893113845712,1.0003893113845712,1.1150233324839751,FALSE,FALSE
2023-03-25,circumpolar,4.0343519,-0.96883758964157,0.96883758964157,1.1150233324839751,FALSE,FALSE
2023-03-26,circumpolar,4.082141666,-1.0075483276904604,1.0075483276904604,1.1150233324839751,FALSE,FALSE
2023-03-27,circumpolar,4.154980761,-1.0220431278507132,1.0220431278507132,1.1150233324839751,FALSE,FALSE
2023-03-28,circumpolar,4.28009505,-0.985057089441808,0.985057089441808,1.1150233324839751,FALSE,FALSE
2023-03-29,circumpolar,4.350265326,-1.0037703837832297,1.0037703837832297,1.1150233324839751,FALSE,FALSE
2023-03-30,circumpolar,4.451886437,-0.9917491271944474,0.9917491271944474,1.1150233324839751,FALSE,FALSE
2023-03-31,circumpolar,4.566926831,-0.9669956895774314,0.9669956895774314,1.1150233324839751,FALSE,FALSE
2023-04-01,circumpolar,4.699472673,-0.9254485838434228,0.9254485838434228,1.1150233324839751,FALSE,FALSE
2023-04-02,circumpolar,4.761573257,-0.95510150398583,0.95510150398583,1.1150233324839751,FALSE,FALSE
2023-04-03,circumpolar,4.831985983,-0.9772400531349944,0.9772400531349944,1.1150233324839751,FALSE,FALSE
2023-04-04,circumpolar,4.915367642,-0.9872504434212476,0.9872504434212476,1.1150233324839751,FALSE,FALSE
2023-04-05,circumpolar,5.000801523,-0.9960923889749296,0.9960923889749296,1.1150233324839751,FALSE,FALSE
2023-04-06,circumpolar,5.040371593,-1.0517249259263686,1.0517249259263686,1.1150233324839751,FALSE,FALSE
2023-04-07,circumpolar,5.152839542,-1.0354293674059143,1.0354293674059143,1.1150233324839751,FALSE,FALSE
2023-04-08,circumpolar,5.190632762,-1.0948213245438962,1.0948213245438962,1.1150233324839751,FALSE,FALSE
2023-04-09,circumpolar,5.229228316,-1.1544667374706572,1.1544667374706572,1.1150233324839751,TRUE,TRUE
2023-04-10,circumpolar,5.318723383,-1.1643114303165287,1.1643114303165287,1.1150233324839751,TRUE,TRUE
2023-04-11,circumpolar,5.425232014,-1.158284355211855,1.158284355211855,1.1150233324839751,TRUE,TRUE
2023-04-12,circumpolar,5.531921656,-1.1532604417196175,1.1532604417196175,1.1150233324839751,TRUE,TRUE
2023-04-13,circumpolar,5.636756813,-1.151272906801477,1.151272906801477,1.1150233324839751,TRUE,TRUE
2023-04-14,circumpolar,5.717589317,-1.174394025060863,1.174394025060863,1.1150233324839751,TRUE,TRUE
2023-04-15,circumpolar,5.763119677,-1.23384051819062,1.23384051819062,1.1150233324839751,TRUE,TRUE
2023-04-16,circumpolar,5.806646776,-1.2962307338835617,1.2962307338835617,1.1150233324839751,TRUE,TRUE
2023-04-17,circumpolar,5.916376273,-1.2932762438325325,1.2932762438325325,1.1150233324839751,TRUE,TRUE
2023-04-18,circumpolar,5.979305926,-1.337896520730367,1.337896520730367,1.1150233324839751,TRUE,TRUE
2023-04-19,circumpolar,6.027872155,-1.397572375269907,1.397572375269907,1.1150233324839751,TRUE,TRUE
2023-04-20,circumpolar,6.076300546,-1.4579954521439635,1.4579954521439635,1.1150233324839751,TRUE,TRUE
2023-04-21,circumpolar,6.205417165,-1.4382569160453933,1.4382569160453933,1.1150233324839751,TRUE,TRUE
2023-04-22,circumpolar,6.331019285,-1.4224767246670211,1.4224767246670211,1.1150233324839751,TRUE,TRUE
2023-04-23,circumpolar,6.417373107,-1.4463059077016744,1.4463059077016744,1.1150233324839751,TRUE,TRUE
2023-04-24,circumpolar,6.523287659,-1.450852667842204,1.450852667842204,1.1150233324839751,TRUE,TRUE
2023-04-25,circumpolar,6.658924418,-1.4258762603578656,1.4258762603578656,1.1150233324839751,TRUE,TRUE
2023-04-26,circumpolar,6.748036235,-1.4475778226087437,1.4475778226087437,1.1150233324839751,TRUE,TRUE
2023-04-27,circumpolar,6.865743984,-1.4408088464652202,1.4408088464652202,1.1150233324839751,TRUE,TRUE
2023-04-28,circumpolar,6.936465459,-1.4811240973844244,1.4811240973844244,1.1150233324839751,TRUE,TRUE
2023-04-29,circumpolar,7.051150758,-1.4775460368235045,1.4775460368235045,1.1150233324839751,TRUE,TRUE
2023-04-30,circumpolar,7.161232959,-1.4786141462396063,1.4786141462396063,1.1150233324839751,TRUE,TRUE
2023-05-01,circumpolar,7.215542947,-1.5354701000898698,1.5354701000898698,1.1150233324839751,TRUE,TRUE
2023-05-02,circumpolar,7.291567872,-1.5705993078314453,1.5705993078314453,1.1150233324839751,TRUE,TRUE
2023-05-03,circumpolar,7.391952285,-1.5813297779214572,1.5813297779214572,1.1150233324839751,TRUE,TRUE
2023-05-04,circumpolar,7.50460852,-1.5797217358170634,1.5797217358170634,1.1150233324839751,TRUE,TRUE
2023-05-05,circumpolar,7.610370389,-1.584913928975407,1.584913928975407,1.1150233324839751,TRUE,TRUE
2023-05-06,circumpolar,7.727936388,-1.5781804208536183,1.5781804208536183,1.1150233324839751,TRUE,TRUE
2023-05-07,circumpolar,7.860432212,-1.5563680909018442,1.5563680909018442,1.1150233324839751,TRUE,TRUE
2023-05-08,circumpolar,7.9569697680000004,-1.5703459653967506,1.5703459653967506,1.1150233324839751,TRUE,TRUE
2023-05-09,circumpolar,8.022628104,-1.6150381764019135,1.6150381764019135,1.1150233324839751,TRUE,TRUE
2023-05-10,circumpolar,8.120280647,-1.6275781373789968,1.6275781373789968,1.1150233324839751,TRUE,TRUE
2023-05-11,circumpolar,8.229140385,-1.628759700789681,1.628759700789681,1.1150233324839751,TRUE,TRUE
2023-05-12,circumpolar,8.348676414,-1.619120611095628,1.619120611095628,1.1150233324839751,TRUE,TRUE
2023-05-13,circumpolar,8.445915731,-1.6316407117585214,1.6316407117585214,1.1150233324839751,TRUE,TRUE
2023-05-14,circumpolar,8.523035278,-1.6641499012400232,1.6641499012400232,1.1150233324839751,TRUE,TRUE
2023-05-15,circumpolar,8.63906946,-1.657620615001811,1.657620615001811,1.1150233324839751,TRUE,TRUE
2023-05-16,circumpolar,8.673833962,-1.732244008505564,1.732244008505564,1.1150233324839751,TRUE,TRUE
2023-05-17,circumpolar,8.707305964,-1.8080497422129511,1.8080497422129511,1.1150233324839751,TRUE,TRUE
2023-05-18,circumpolar,8.795526046,-1.8290040765856244,1.8290040765856244,1.1150233324839751,TRUE,TRUE
2023-05-19,circumpolar,8.934127547,-1.7994805130852836,1.7994805130852836,1.1150233324839751,TRUE,TRUE
2023-05-20,circumpolar,9.074925502,-1.767669724136116,1.767669724136116,1.1150233324839751,TRUE,TRUE
2023-05-21,circumpolar,9.229904857,-1.7215717962712649,1.7215717962712649,1.1150233324839751,TRUE,TRUE
2023-05-22,circumpolar,9.365230434,-1.694988876706745,1.694988876706745,1.1150233324839751,TRUE,TRUE
2023-05-23,circumpolar,9.499922779,-1.6688667809233788,1.6688667809233788,1.1150233324839751,TRUE,TRUE
2023-05-24,circumpolar,9.589404607,-1.687749155401999,1.687749155401999,1.1150233324839751,TRUE,TRUE
2023-05-25,circumpolar,9.691939512,-1.693338767623418,1.693338767623418,1.1150233324839751,TRUE,TRUE
2023-05-26,circumpolar,9.648858117,-1.8442713560684627,1.8442713560684627,1.1150233324839751,TRUE,TRUE
2023-05-27,circumpolar,9.691577049,-1.909096655217967,1.909096655217967,1.1150233324839751,TRUE,TRUE
2023-05-28,circumpolar,9.82231034,-1.8855669945527485,1.8855669945527485,1.1150233324839751,TRUE,TRUE
2023-05-29,circumpolar,9.994459948,-1.820246777553624,1.820246777553624,1.1150233324839751,TRUE,TRUE
2023-05-30,circumpolar,10.08336364,-1.8377645987014244,1.8377645987014244,1.1150233324839751,TRUE,TRUE
2023-05-31,circumpolar,10.16224651,-1.864861725476988,1.864861725476988,1.1150233324839751,TRUE,TRUE
2023-06-01,circumpolar,10.25119305,-1.8814200273611092,1.8814200273611092,1.1150233324839751,TRUE,TRUE
2023-06-02,circumpolar,10.36085301,-1.8767672278035867,1.8767672278035867,1.1150233324839751,TRUE,TRUE
2023-06-03,circumpolar,10.49398566,-1.8481708259490777,1.8481708259490777,1.1150233324839751,TRUE,TRUE
2023-06-04,circumpolar,10.54869612,-1.8975661361533955,1.8975661361533955,1.1150233324839751,TRUE,TRUE
2023-06-05,circumpolar,10.60358929,-1.9463886932784875,1.9463886932784875,1.1150233324839751,TRUE,TRUE
2023-06-06,circumpolar,10.64878561,-2.0045584921863178,2.0045584921863178,1.1150233324839751,TRUE,TRUE
2023-06-07,circumpolar,10.76164896,-1.9947520877388565,1.9947520877388565,1.1150233324839751,TRUE,TRUE
2023-06-08,circumpolar,10.88257439,-1.976614864798071,1.976614864798071,1.1150233324839751,TRUE,TRUE
2023-06-09,circumpolar,10.90525082,-2.0564983382259303,2.0564983382259303,1.1150233324839751,TRUE,TRUE
2023-06-10,circumpolar,10.98754136,-2.076579832884402,2.076579832884402,1.1150233324839751,TRUE,TRUE
2023-06-11,circumpolar,11.08144936,-2.084896433635434,2.084896433635434,1.1150233324839751,TRUE,TRUE
2023-06-12,circumpolar,11.10791382,-2.1605495753410136,2.1605495753410136,1.1150233324839751,TRUE,TRUE
2023-06-13,circumpolar,11.16164041,-2.208874022863105,2.208874022863105,1.1150233324839751,TRUE,TRUE
2023-06-14,circumpolar,11.22582602,-2.246711490643243,2.246711490643243,1.1150233324839751,TRUE,TRUE
2023-06-15,circumpolar,11.3254242,-2.2490663405989952,2.2490663405989952,1.1150233324839751,TRUE,TRUE
2023-06-16,circumpolar,11.51165402,-2.1645667161560063,2.1645667161560063,1.1150233324839751,TRUE,TRUE
2023-06-17,circumpolar,11.63927546,-2.1382918304453895,2.1382918304453895,1.1150233324839751,TRUE,TRUE
2023-06-18,circumpolar,11.69065114,-2.187718256598288,2.187718256598288,1.1150233324839751,TRUE,TRUE
2023-06-19,circumpolar,11.72555554,-2.2529107077458104,2.2529107077458104,1.1150233324839751,TRUE,TRUE
2023-06-20,circumpolar,11.8056109,-2.272086137019093,2.272086137019093,1.1150233324839751,TRUE,TRUE
2023-06-21,circumpolar,11.87033829,-2.305562667549257,2.305562667549257,1.1150233324839751,TRUE,TRUE
2023-06-22,circumpolar,11.89493115,-2.3779860524674454,2.3779860524674454,1.1150233324839751,TRUE,TRUE
2023-06-23,circumpolar,11.94450603,-2.4240789349047702,2.4240789349047702,1.1150233324839751,TRUE,TRUE
2023-06-24,circumpolar,12.03868827,-2.424055167992357,2.424055167992357,1.1150233324839751,TRUE,TRUE
2023-06-25,circumpolar,12.11689596,-2.4383358548613465,2.4383358548613465,1.1150233324839751,TRUE,TRUE
2023-06-26,circumpolar,12.1892573,-2.4566319886428527,2.4566319886428527,1.1150233324839751,TRUE,TRUE
2023-06-27,circumpolar,12.23656521,-2.4980178671543083,2.4980178671543083,1.1150233324839751,TRUE,TRUE
2023-06-28,circumpolar,12.27061618,-2.5507759869036697,2.5507759869036697,1.1150233324839751,TRUE,TRUE
2023-06-29,circumpolar,12.39386256,-2.512629749837851,2.512629749837851,1.1150233324839751,TRUE,TRUE
2023-06-30,circumpolar,12.56070514,-2.429354615424326,2.429354615424326,1.1150233324839751,TRUE,TRUE
2023-07-01,circumpolar,12.64147367,-2.4307970831305337,2.4307970831305337,1.1150233324839751,TRUE,TRUE
2023-07-02,circumpolar,12.64167996,-2.511621592423934,2.511621592423934,1.1150233324839751,TRUE,TRUE
2023-07-03,circumpolar,12.64801009,-2.585318312771962,2.585318312771962,1.1150233324839751,TRUE,TRUE
2023-07-04,circumpolar,12.67765448,-2.6348730736420833,2.6348730736420833,1.1150233324839751,TRUE,TRUE
2023-07-05,circumpolar,12.74149788,-2.649577374501744,2.649577374501744,1.1150233324839751,TRUE,TRUE
2023-07-06,circumpolar,12.84489158,-2.6242561748184023,2.6242561748184023,1.1150233324839751,TRUE,TRUE
2023-07-07,circumpolar,12.96176904,-2.585152264059502,2.585152264059502,1.1150233324839751,TRUE,TRUE
2023-07-08,circumpolar,13.17042304,-2.4541491116925,2.4541491116925,1.1150233324839751,TRUE,TRUE
2023-07-09,circumpolar,13.3061576,-2.3961185341909577,2.3961185341909577,1.1150233324839751,TRUE,TRUE
2023-07-10,circumpolar,13.38040531,-2.3997234526294875,2.3997234526294875,1.1150233324839751,TRUE,TRUE
2023-07-11,circumpolar,13.43776749,-2.420282267999541,2.420282267999541,1.1150233324839751,TRUE,TRUE
2023-07-12,circumpolar,13.54177082,-2.3941647578823666,2.3941647578823666,1.1150233324839751,TRUE,TRUE
2023-07-13,circumpolar,13.65840072,-2.3552819598591412,2.3552819598591412,1.1150233324839751,TRUE,TRUE
2023-07-14,circumpolar,13.73861522,-2.352572301511092,2.352572301511092,1.1150233324839751,TRUE,TRUE
2023-07-15,circumpolar,13.9377348,-2.230611760419416,2.230611760419416,1.1150233324839751,TRUE,TRUE
2023-07-16,circumpolar,14.09888323,-2.146173024165334,2.146173024165334,1.1150233324839751,TRUE,TRUE
2023-07-17,circumpolar,14.21555289,-2.1056601703300597,2.1056601703300597,1.1150233324839751,TRUE,TRUE
2023-07-18,circumpolar,14.24518329,-2.1515301464947676,2.1515301464947676,1.1150233324839751,TRUE,TRUE
2023-07-19,circumpolar,14.28642669,-2.185027150240705,2.185027150240705,1.1150233324839751,TRUE,TRUE
2023-07-20,circumpolar,14.36298723,-2.1823434991490647,2.1823434991490647,1.1150233324839751,TRUE,TRUE
2023-07-21,circumpolar,14.49510272,-2.123137840801059,2.123137840801059,1.1150233324839751,TRUE,TRUE
2023-07-22,circumpolar,14.56633276,-2.123749914719516,2.123749914719516,1.1150233324839751,TRUE,TRUE
2023-07-23,circumpolar,14.59988374,-2.1609124478436073,2.1609124478436073,1.1150233324839751,TRUE,TRUE
2023-07-24,circumpolar,14.60681882,-2.223530392449817,2.223530392449817,1.1150233324839751,TRUE,TRUE
2023-07-25,circumpolar,14.65820084,-2.240509678541734,2.240509678541734,1.1150233324839751,TRUE,TRUE
2023-07-26,circumpolar,14.6946976,-2.271151276122909,2.271151276122909,1.1150233324839751,TRUE,TRUE
2023-07-27,circumpolar,14.7852582,-2.246474855196924,2.246474855196924,1.1150233324839751,TRUE,TRUE
2023-07-28,circumpolar,14.87915243,-2.2171793957673547,2.2171793957673547,1.1150233324839751,TRUE,TRUE
2023-07-29,circumpolar,14.89830752,-2.2613064378377636,2.2613064378377636,1.1150233324839751,TRUE,TRUE
2023-07-30,circumpolar,14.95179374,-2.2697544814117165,2.2697544814117165,1.1150233324839751,TRUE,TRUE
2023-07-31,circumpolar,15.01746163,-2.264641756492807,2.264641756492807,1.1150233324839751,TRUE,TRUE
2023-08-01,circumpolar,15.04600992,-2.2952383030846093,2.2952383030846093,1.1150233324839751,TRUE,TRUE
2023-08-02,circumpolar,15.08665116,-2.3123003411906655,2.3123003411906655,1.1150233324839751,TRUE,TRUE
2023-08-03,circumpolar,15.2164847,-2.2386972913772336,2.2386972913772336,1.1150233324839751,TRUE,TRUE
2023-08-04,circumpolar,15.29374732,-2.2161763340620997,2.2161763340620997,1.1150233324839751,TRUE,TRUE
2023-08-05,circumpolar,15.3258499,-2.2373653453250864,2.2373653453250864,1.1150233324839751,TRUE,TRUE
2023-08-06,circumpolar,15.278597,-2.3365108729877644,2.3365108729877644,1.1150233324839751,TRUE,TRUE
2023-08-07,circumpolar,15.30154538,-2.3641072648717234,2.3641072648717234,1.1150233324839751,TRUE,TRUE
2023-08-08,circumpolar,15.32206559,-2.3928350787985675,2.3928350787985675,1.1150233324839751,TRUE,TRUE
2023-08-09,circumpolar,15.33710426,-2.4257987925898696,2.4257987925898696,1.1150233324839751,TRUE,TRUE
2023-08-10,circumpolar,15.32395979,-2.485751114067238,2.485751114067238,1.1150233324839751,TRUE,TRUE
2023-08-11,circumpolar,15.31438258,-2.5409927510522508,2.5409927510522508,1.1150233324839751,TRUE,TRUE
2023-08-12,circumpolar,15.34577983,-2.5541676113665073,2.5541676113665073,1.1150233324839751,TRUE,TRUE
2023-08-13,circumpolar,15.38381453,-2.559663812831575,2.559663812831575,1.1150233324839751,TRUE,TRUE
2023-08-14,circumpolar,15.46428365,-2.5217354932690608,2.5217354932690608,1.1150233324839751,TRUE,TRUE
2023-08-15,circumpolar,15.76033831,-2.267282640500559,2.267282640500559,1.1150233324839751,TRUE,TRUE
2023-08-16,circumpolar,15.9313185,-2.1370154937773513,2.1370154937773513,1.1150233324839751,TRUE,TRUE
2023-08-17,circumpolar,16.03148356,-2.076698829177836,2.076698829177836,1.1150233324839751,TRUE,TRUE
2023-08-18,circumpolar,16.04576126,-2.1013991041946234,2.1013991041946234,1.1150233324839751,TRUE,TRUE
2023-08-19,circumpolar,16.0681599,-2.1171006083485615,2.1171006083485615,1.1150233324839751,TRUE,TRUE
2023-08-20,circumpolar,16.12087878,-2.1015966311604792,2.1015966311604792,1.1150233324839751,TRUE,TRUE
2023-08-21,circumpolar,16.22257632,-2.036221342151208,2.036221342151208,1.1150233324839751,TRUE,TRUE
2023-08-22,circumpolar,16.33717717,-1.9570426808415853,1.9570426808415853,1.1150233324839751,TRUE,TRUE
2023-08-23,circumpolar,16.35410705,-1.974627516752456,1.974627516752456,1.1150233324839751,TRUE,TRUE
2023-08-24,circumpolar,16.45983438,-1.902500019404652,1.902500019404652,1.1150233324839751,TRUE,TRUE
2023-08-25,circumpolar,16.4862446,-1.9087673383190025,1.9087673383190025,1.1150233324839751,TRUE,TRUE
2023-08-26,circumpolar,16.64130053,-1.7854592430163585,1.7854592430163585,1.1150233324839751,TRUE,TRUE
2023-08-27,circumpolar,16.64926228,-1.8083082130175503,1.8083082130175503,1.1150233324839751,TRUE,TRUE
2023-08-28,circumpolar,16.71803746,-1.7693992278434043,1.7693992278434043,1.1150233324839751,TRUE,TRUE
2023-08-29,circumpolar,16.78343891,-1.732911127478005,1.732911127478005,1.1150233324839751,TRUE,TRUE
2023-08-30,circumpolar,16.84953576,-1.6947609340172285,1.6947609340172285,1.1150233324839751,TRUE,TRUE
2023-08-31,circumpolar,16.8926257,-1.6786350325533732,1.6786350325533732,1.1150233324839751,TRUE,TRUE
2023-09-01,circumpolar,16.95910381,-1.6381224144532318,1.6381224144532318,1.1150233324839751,TRUE,TRUE
2023-09-02,circumpolar,17.06946048,-1.552716761083616,1.552716761083616,1.1150233324839751,TRUE,TRUE
2023-09-03,circumpolar,17.15543427,-1.490663583811319,1.490663583811319,1.1150233324839751,TRUE,TRUE
2023-09-04,circumpolar,17.24426613,-1.424706004003145,1.424706004003145,1.1150233324839751,TRUE,TRUE
2023-09-05,circumpolar,17.34164936,-1.349134793025918,1.349134793025918,1.1150233324839751,TRUE,TRUE
2023-09-06,circumpolar,17.420233,-1.2912849822464023,1.2912849822464023,1.1150233324839751,TRUE,TRUE
2023-09-07,circumpolar,17.4437169,-1.2874407930314398,1.2874407930314398,1.1150233324839751,TRUE,TRUE
2023-09-08,circumpolar,17.40853424,-1.3411531167478117,1.3411531167478117,1.1150233324839751,TRUE,TRUE
2023-09-09,circumpolar,17.35530113,-1.4117899147623303,1.4117899147623303,1.1150233324839751,TRUE,TRUE
2023-09-10,circumpolar,17.3851534,-1.3981994045599286,1.3981994045599286,1.1150233324839751,TRUE,TRUE
2023-09-11,circumpolar,17.37360001,-1.4248544064813338,1.4248544064813338,1.1150233324839751,TRUE,TRUE
2023-09-12,circumpolar,17.42367417,-1.3886993882247936,1.3886993882247936,1.1150233324839751,TRUE,TRUE
2023-09-13,circumpolar,17.41221338,-1.4128740955160488,1.4128740955160488,1.1150233324839751,TRUE,TRUE
2023-09-14,circumpolar,17.34799859,-1.4885748240808674,1.4885748240808674,1.1150233324839751,TRUE,TRUE
2023-09-15,circumpolar,17.33565687,-1.5111517496450195,1.5111517496450195,1.1150233324839751,TRUE,TRUE
2023-09-16,circumpolar,17.31475204,-1.5410182979342508,1.5410182979342508,1.1150233324839751,TRUE,TRUE
2023-09-17,circumpolar,17.39077829,-1.472657524674311,1.472657524674311,1.1150233324839751,TRUE,TRUE
2023-09-18,circumpolar,17.3807202,-1.489062095590981,1.489062095590981,1.1150233324839751,TRUE,TRUE
2023-09-19,circumpolar,17.30170432,-1.5730827064099984,1.5730827064099984,1.1150233324839751,TRUE,TRUE
2023-09-20,circumpolar,17.22138965,-1.657037602857148,1.657037602857148,1.1150233324839751,TRUE,TRUE
2023-09-21,circumpolar,17.19086002,-1.6898202006581649,1.6898202006581649,1.1150233324839751,TRUE,TRUE
2023-09-22,circumpolar,17.12398152,-1.7575416555388053,1.7575416555388053,1.1150233324839751,TRUE,TRUE
2023-09-23,circumpolar,17.07832064,-1.8026135039715392,1.8026135039715392,1.1150233324839751,TRUE,TRUE
2023-09-24,circumpolar,17.03123024,-1.8476692712005125,1.8476692712005125,1.1150233324839751,TRUE,TRUE
2023-09-25,circumpolar,16.99510118,-1.8803095530292957,1.8803095530292957,1.1150233324839751,TRUE,TRUE
2023-09-26,circumpolar,16.96441272,-1.906046616406968,1.906046616406968,1.1150233324839751,TRUE,TRUE
2023-09-27,circumpolar,17.08125712,-1.782779728282648,1.782779728282648,1.1150233324839751,TRUE,TRUE
2023-09-28,circumpolar,17.15979556,-1.696339235605432,1.696339235605432,1.1150233324839751,TRUE,TRUE
2023-09-29,circumpolar,17.15738897,-1.6893557353244404,1.6893557353244404,1.1150233324839751,TRUE,TRUE
2023-09-30,circumpolar,17.1608385,-1.675019604388762,1.675019604388762,1.1150233324839751,TRUE,TRUE
2023-10-01,circumpolar,17.12864302,-1.6948234997474962,1.6948234997474962,1.1150233324839751,TRUE,TRUE
2023-10-02,circumpolar,17.1114399,-1.6981215783497523,1.6981215783497523,1.1150233324839751,TRUE,TRUE
2023-10-03,circumpolar,17.06375261,-1.7303818971446283,1.7303818971446283,1.1150233324839751,TRUE,TRUE
2023-10-04,circumpolar,16.96153458,-1.8156425530812328,1.8156425530812328,1.1150233324839751,TRUE,TRUE
2023-10-05,circumpolar,16.89393922,-1.864741660397474,1.864741660397474,1.1150233324839751,TRUE,TRUE
2023-10-06,circumpolar,16.81506314,-1.9235708537875276,1.9235708537875276,1.1150233324839751,TRUE,TRUE
2023-10-07,circumpolar,16.83480284,-1.8822122310060792,1.8822122310060792,1.1150233324839751,TRUE,TRUE
2023-10-08,circumpolar,16.79974258,-1.8940583649192464,1.8940583649192464,1.1150233324839751,TRUE,TRUE
2023-10-09,circumpolar,16.73771249,-1.931255958393148,1.931255958393148,1.1150233324839751,TRUE,TRUE
2023-10-10,circumpolar,16.67150028,-1.970994134293882,1.970994134293882,1.1150233324839751,TRUE,TRUE
2023-10-11,circumpolar,16.5952489,-2.019106775487579,2.019106775487579,1.1150233324839751,TRUE,TRUE
2023-10-12,circumpolar,16.52396158,-2.060567484840377,2.060567484840377,1.1150233324839751,TRUE,TRUE
2023-10-13,circumpolar,16.49527227,-2.0577191452183428,2.0577191452183428,1.1150233324839751,TRUE,TRUE
2023-10-14,circumpolar,16.4152472,-2.1044723594876373,2.1044723594876373,1.1150233324839751,TRUE,TRUE
2023-10-15,circumpolar,16.39538133,-2.089309000514344,2.089309000514344,1.1150233324839751,TRUE,TRUE
2023-10-16,circumpolar,16.43570708,-2.012173481164595,2.012173481164595,1.1150233324839751,TRUE,TRUE
2023-10-17,circumpolar,16.45340857,-1.9558585143045093,1.9558585143045093,1.1150233324839751,TRUE,TRUE
2023-10-18,circumpolar,16.44684053,-1.9219865757246488,1.9219865757246488,1.1150233324839751,TRUE,TRUE
2023-10-19,circumpolar,16.40525869,-1.9212870620206317,1.9212870620206317,1.1150233324839751,TRUE,TRUE
2023-10-20,circumpolar,16.30511166,-1.977304062198737,1.977304062198737,1.1150233324839751,TRUE,TRUE
2023-10-21,circumpolar,16.21541301,-2.0210170084666643,2.0210170084666643,1.1150233324839751,TRUE,TRUE
2023-10-22,circumpolar,16.20403053,-1.9845511130321112,1.9845511130321112,1.1150233324839751,TRUE,TRUE
2023-10-23,circumpolar,16.24234766,-1.8965159381027803,1.8965159381027803,1.1150233324839751,TRUE,TRUE
2023-10-24,circumpolar,16.27198956,-1.8152793258863476,1.8152793258863476,1.1150233324839751,TRUE,TRUE
2023-10-25,circumpolar,16.27700096,-1.7567895485905325,1.7567895485905325,1.1150233324839751,TRUE,TRUE
2023-10-26,circumpolar,16.2430973,-1.7353241684230198,1.7353241684230198,1.1150233324839751,TRUE,TRUE
2023-10-27,circumpolar,16.19571343,-1.7254413375914908,1.7254413375914908,1.1150233324839751,TRUE,TRUE
2023-10-28,circumpolar,16.19074041,-1.671242998303665,1.671242998303665,1.1150233324839751,TRUE,TRUE
2023-10-29,circumpolar,16.11001884,-1.6908815527672338,1.6908815527672338,1.1150233324839751,TRUE,TRUE
2023-10-30,circumpolar,16.0248303,-1.7130684231898776,1.7130684231898776,1.1150233324839751,TRUE,TRUE
2023-10-31,circumpolar,15.92898442,-1.7439643235034676,1.7439643235034676,1.1150233324839751,TRUE,TRUE
2023-11-01,circumpolar,15.7762731,-1.8296361686861025,1.8296361686861025,1.1150233324839751,TRUE,TRUE
2023-11-02,circumpolar,15.68821383,-1.8483910263551788,1.8483910263551788,1.1150233324839751,TRUE,TRUE
2023-11-03,circumpolar,15.62638795,-1.8384721049188304,1.8384721049188304,1.1150233324839751,TRUE,TRUE
2023-11-04,circumpolar,15.61037228,-1.780127132785168,1.780127132785168,1.1150233324839751,TRUE,TRUE
2023-11-05,circumpolar,15.63018031,-1.6831671683623206,1.6831671683623206,1.1150233324839751,TRUE,TRUE
2023-11-06,circumpolar,15.63416377,-1.5990650300584122,1.5990650300584122,1.1150233324839751,TRUE,TRUE
2023-11-07,circumpolar,15.58760958,-1.562358346281572,1.562358346281572,1.1150233324839751,TRUE,TRUE
2023-11-08,circumpolar,15.62521369,-1.4381757154399055,1.4381757154399055,1.1150233324839751,TRUE,TRUE
2023-11-09,circumpolar,15.58956609,-1.3837516959415606,1.3837516959415606,1.1150233324839751,TRUE,TRUE
2023-11-10,circumpolar,15.55145736,-1.3281202561946337,1.3281202561946337,1.1150233324839751,TRUE,TRUE
2023-11-11,circumpolar,15.49668999,-1.2853034546072664,1.2853034546072664,1.1150233324839751,TRUE,TRUE
2023-11-12,circumpolar,15.41561551,-1.264775611363289,1.264775611363289,1.1150233324839751,TRUE,TRUE
2023-11-13,circumpolar,15.34537778,-1.2292907295776985,1.2292907295776985,1.1150233324839751,TRUE,TRUE
2023-11-14,circumpolar,15.24477227,-1.2200594528273587,1.2200594528273587,1.1150233324839751,TRUE,TRUE
2023-11-15,circumpolar,15.12871848,-1.222177323568829,1.222177323568829,1.1150233324839751,TRUE,TRUE
2023-11-16,circumpolar,14.95671044,-1.2761653542586462,1.2761653542586462,1.1150233324839751,TRUE,TRUE
2023-11-17,circumpolar,14.8184192,-1.2923675373533694,1.2923675373533694,1.1150233324839751,TRUE,TRUE
2023-11-18,circumpolar,14.67467914,-1.309964535309552,1.309964535309552,1.1150233324839751,TRUE,TRUE
2023-11-19,circumpolar,14.56053564,-1.2939260105837391,1.2939260105837391,1.1150233324839751,TRUE,TRUE
2023-11-20,circumpolar,14.38911516,-1.331140545632474,1.331140545632474,1.1150233324839751,TRUE,TRUE
2023-11-21,circumpolar,14.22075419,-1.3612866929123175,1.3612866929123175,1.1150233324839751,TRUE,TRUE
2023-11-22,circumpolar,14.10964226,-1.3301899648798088,1.3301899648798088,1.1150233324839751,TRUE,TRUE
2023-11-23,circumpolar,13.93504542,-1.3585993539915115,1.3585993539915115,1.1150233324839751,TRUE,TRUE
2023-11-24,circumpolar,13.7338081,-1.4096854727039627,1.4096854727039627,1.1150233324839751,TRUE,TRUE
2023-11-25,circumpolar,13.66546527,-1.3239208862798044,1.3239208862798044,1.1150233324839751,TRUE,TRUE
2023-11-26,circumpolar,13.55712707,-1.2741394953933014,1.2741394953933014,1.1150233324839751,TRUE,TRUE
2023-11-27,circumpolar,13.3954984,-1.2735485139936085,1.2735485139936085,1.1150233324839751,TRUE,TRUE
2023-11-28,circumpolar,13.23384292,-1.2687961542034412,1.2687961542034412,1.1150233324839751,TRUE,TRUE
2023-11-29,circumpolar,12.99762248,-1.334332438145548,1.334332438145548,1.1150233324839751,TRUE,TRUE
2023-11-30,circumpolar,12.63398743,-1.5229188879426605,1.5229188879426605,1.1150233324839751,TRUE,TRUE
2023-12-01,circumpolar,12.32518593,-1.6522192157175135,1.6522192157175135,1.1150233324839751,TRUE,TRUE
2023-12-02,circumpolar,12.00495927,-1.7884040035928417,1.7884040035928417,1.1150233324839751,TRUE,TRUE
2023-12-03,circumpolar,11.61399337,-1.9906992036913904,1.9906992036913904,1.1150233324839751,TRUE,TRUE
2023-12-04,circumpolar,11.36696391,-2.0443410081358806,2.0443410081358806,1.1150233324839751,TRUE,TRUE
2023-12-05,circumpolar,11.08919604,-2.1239161390490615,2.1239161390490615,1.1150233324839751,TRUE,TRUE
2023-12-06,circumpolar,10.85351338,-2.156512848553662,2.156512848553662,1.1150233324839751,TRUE,TRUE
2023-12-07,circumpolar,10.62988758,-2.172071853093005,2.172071853093005,1.1150233324839751,TRUE,TRUE
2023-12-08,circumpolar,10.45007539,-2.138902222038592,2.138902222038592,1.1150233324839751,TRUE,TRUE
2023-12-09,circumpolar,10.18507498,-2.1864416768800705,2.1864416768800705,1.1150233324839751,TRUE,TRUE
2023-12-10,circumpolar,9.921476385,-2.2285907420093363,2.2285907420093363,1.1150233324839751,TRUE,TRUE
2023-12-11,circumpolar,9.792240937,-2.132878644818291,2.132878644818291,1.1150233324839751,TRUE,TRUE
2023-12-12,circumpolar,9.627323487,-2.0698410936988427,2.0698410936988427,1.1150233324839751,TRUE,TRUE
2023-12-13,circumpolar,9.478638435,-1.988054248042884,1.988054248042884,1.1150233324839751,TRUE,TRUE
2023-12-14,circumpolar,9.323392041,-1.91080240724232,1.91080240724232,1.1150233324839751,TRUE,TRUE
2023-12-15,circumpolar,9.083240413,-1.91692002268905,1.91692002268905,1.1150233324839751,TRUE,TRUE
2023-12-16,circumpolar,8.956220919,-1.808860285774962,1.808860285774962,1.1150233324839751,TRUE,TRUE
2023-12-17,circumpolar,8.860593196,-1.6688541188919714,1.6688541188919714,1.1150233324839751,TRUE,TRUE
2023-12-18,circumpolar,8.766691315,-1.5270580104319773,1.5270580104319773,1.1150233324839751,TRUE,TRUE
2023-12-19,circumpolar,8.627192691,-1.431285104786873,1.431285104786873,1.1150233324839751,TRUE,TRUE
2023-12-20,circumpolar,8.435106897,-1.389014805307566,1.389014805307566,1.1150233324839751,TRUE,TRUE
2023-12-21,circumpolar,8.332771122,-1.258373868415385,1.258373868415385,1.1150233324839751,TRUE,TRUE
2023-12-22,circumpolar,8.194917315,-1.1650743103180723,1.1650743103180723,1.1150233324839751,TRUE,TRUE
2023-12-23,circumpolar,8.026646949,-1.1044580664363046,1.1044580664363046,1.1150233324839751,FALSE,FALSE
2023-12-24,circumpolar,7.828205507,-1.07672306219078,1.07672306219078,1.1150233324839751,FALSE,FALSE
2023-12-25,circumpolar,7.652124772,-1.0297809230021595,1.0297809230021595,1.1150233324839751,FALSE,FALSE
2023-12-26,circumpolar,7.569303911,-0.8931758902911504,0.8931758902911504,1.1150233324839751,FALSE,FALSE
2023-12-27,circumpolar,7.429471099,-0.8176231974784036,0.8176231974784036,1.1150233324839751,FALSE,FALSE
2023-12-28,circumpolar,7.235965548,-0.8002270409846295,0.8002270409846295,1.1150233324839751,FALSE,FALSE
2023-12-29,circumpolar,7.068022741,-0.7621953462304809,0.7621953462304809,1.1150233324839751,FALSE,FALSE
2023-12-30,circumpolar,6.866932116,-0.7626820836366628,0.7626820836366628,1.1150233324839751,FALSE,FALSE
2023-12-31,circumpolar,6.701446479,-0.7333778556238597,0.7333778556238597,1.1150233324839751,FALSE,FALSE
2024-01-01,circumpolar,6.522551125,-0.7237407756127334,0.7237407756127334,1.1150233324839751,FALSE,FALSE
2024-01-02,circumpolar,6.421411251,-0.6429316315692706,0.6429316315692706,1.1150233324839751,FALSE,FALSE
2024-01-03,circumpolar,6.25587216,-0.6329614116406121,0.6329614116406121,1.1150233324839751,FALSE,FALSE
2024-01-04,circumpolar,6.118062015,-0.6014408205191808,0.6014408205191808,1.1150233324839751,FALSE,FALSE
2024-01-05,circumpolar,5.949589162,-0.6065003798973869,0.6065003798973869,1.1150233324839751,FALSE,FALSE
2024-01-06,circumpolar,5.783859157,-0.6144734014676807,0.6144734014676807,1.1150233324839751,FALSE,FALSE
2024-01-07,circumpolar,5.637598655,-0.6083720979224907,0.6083720979224907,1.1150233324839751,FALSE,FALSE
2024-01-08,circumpolar,5.485420047,-0.6133229459542289,0.6133229459542289,1.1150233324839751,FALSE,FALSE
2024-01-09,circumpolar,5.289628331,-0.6667598152553396,0.6667598152553396,1.1150233324839751,FALSE,FALSE
2024-01-10,circumpolar,5.108444538,-0.7102005425182343,0.7102005425182343,1.1150233324839751,FALSE,FALSE
2024-01-11,circumpolar,4.957501422,-0.7277512414353593,0.7277512414353593,1.1150233324839751,FALSE,FALSE
2024-01-12,circumpolar,4.763985016,-0.7919647466991302,0.7919647466991302,1.1150233324839751,FALSE,FALSE
2024-01-13,circumpolar,4.586437865,-0.8440373810019803,0.8440373810019803,1.1150233324839751,FALSE,FALSE
2024-01-14,circumpolar,4.391435303,-0.917135904027086,0.917135904027086,1.1150233324839751,FALSE,FALSE
2024-01-15,circumpolar,4.270541514,-0.9195539896131404,0.9195539896131404,1.1150233324839751,FALSE,FALSE
2024-01-16,circumpolar,4.153794128,-0.921256893298934,0.921256893298934,1.1150233324839751,FALSE,FALSE
2024-01-17,circumpolar,4.030927088,-0.9325227296675828,0.9325227296675828,1.1150233324839751,FALSE,FALSE
2024-01-18,circumpolar,3.900574974,-0.9547289763021952,0.9547289763021952,1.1150233324839751,FALSE,FALSE
2024-01-19,circumpolar,3.771871843,-0.9787536337858822,0.9787536337858822,1.1150233324839751,FALSE,FALSE
2024-01-20,circumpolar,3.62988257,-1.0195438847017546,1.0195438847017546,1.1150233324839751,FALSE,FALSE
2024-01-21,circumpolar,3.508564374,-1.0431545676329264,1.0431545676329264,1.1150233324839751,FALSE,FALSE
2024-01-22,circumpolar,3.454775741,-1.0027392541625066,1.0027392541625066,1.1150233324839751,FALSE,FALSE
2024-01-23,circumpolar,3.401234235,-0.9655924378736054,0.9655924378736054,1.1150233324839751,FALSE,FALSE
2024-01-24,circumpolar,3.280562679,-0.9991033533493408,0.9991033533493408,1.1150233324839751,FALSE,FALSE
2024-01-25,circumpolar,3.208499989,-0.9875451421728192,0.9875451421728192,1.1150233324839751,FALSE,FALSE
2024-01-26,circumpolar,3.114259703,-1.0017163239271474,1.0017163239271474,1.1150233324839751,FALSE,FALSE
2024-01-27,circumpolar,3.017798481,-1.0216608243418903,1.0216608243418903,1.1150233324839751,FALSE,FALSE
2024-01-28,circumpolar,2.942979052,-1.0234388419053144,1.0234388419053144,1.1150233324839751,FALSE,FALSE
2024-01-29,circumpolar,2.837171427,-1.0595710915862062,1.0595710915862062,1.1150233324839751,FALSE,FALSE
2024-01-30,circumpolar,2.759350226,-1.0709735756220455,1.0709735756220455,1.1150233324839751,FALSE,FALSE
2024-01-31,circumpolar,2.693571478,-1.0734808872502923,1.0734808872502923,1.1150233324839751,FALSE,FALSE
2024-02-01,circumpolar,2.664396499,-1.0424223327084294,1.0424223327084294,1.1150233324839751,FALSE,FALSE
2024-02-02,circumpolar,2.617776981,-1.0317368422339257,1.0317368422339257,1.1150233324839751,FALSE,FALSE
2024-02-03,circumpolar,2.558595714,-1.0364322480642474,1.0364322480642474,1.1150233324839751,FALSE,FALSE
2024-02-04,circumpolar,2.503259243,-1.0399926274368738,1.0399926274368738,1.1150233324839751,FALSE,FALSE
2024-02-05,circumpolar,2.477282919,-1.0167932515892804,1.0167932515892804,1.1150233324839751,FALSE,FALSE
2024-02-06,circumpolar,2.428597235,-1.0187942497589324,1.0187942497589324,1.1150233324839751,FALSE,FALSE
2024-02-07,circumpolar,2.418603266,-0.9844851691833028,0.9844851691833028,1.1150233324839751,FALSE,FALSE
2024-02-08,circumpolar,2.395812652,-0.9652458329168097,0.9652458329168097,1.1150233324839751,FALSE,FALSE
2024-02-09,circumpolar,2.325315817,-0.9959882874610324,0.9959882874610324,1.1150233324839751,FALSE,FALSE
2024-02-10,circumpolar,2.301042258,-0.9830062734689756,0.9830062734689756,1.1150233324839751,FALSE,FALSE
2024-02-11,circumpolar,2.293161973,-0.9563791326892308,0.9563791326892308,1.1150233324839751,FALSE,FALSE
2024-02-12,circumpolar,2.30317392,-0.914857246870409,0.914857246870409,1.1150233324839751,FALSE,FALSE
2024-02-13,circumpolar,2.333820564,-0.8559474907611184,0.8559474907611184,1.1150233324839751,FALSE,FALSE
2024-02-14,circumpolar,2.330926416,-0.8340746931099523,0.8340746931099523,1.1150233324839751,FALSE,FALSE
2024-02-15,circumpolar,2.259961565,-0.8840181046655227,0.8840181046655227,1.1150233324839751,FALSE,FALSE
2024-02-16,circumpolar,2.244433936,-0.8825191401764334,0.8825191401764334,1.1150233324839751,FALSE,FALSE
2024-02-17,circumpolar,2.225346578,-0.8888240903912785,0.8888240903912785,1.1150233324839751,FALSE,FALSE
2024-02-18,circumpolar,2.248273263,-0.8576085230586723,0.8576085230586723,1.1150233324839751,FALSE,FALSE
2024-02-19,circumpolar,2.258419437,-0.8439163319272192,0.8439163319272192,1.1150233324839751,FALSE,FALSE
2024-02-20,circumpolar,2.226912392,-0.8768695647455127,0.8768695647455127,1.1150233324839751,FALSE,FALSE
2024-02-21,circumpolar,2.253072681,-0.8573748744838094,0.8573748744838094,1.1150233324839751,FALSE,FALSE
2024-02-22,circumpolar,2.306335921,-0.81595550830255,0.81595550830255,1.1150233324839751,FALSE,FALSE
2024-02-23,circumpolar,2.358909577,-0.7801843526802834,0.7801843526802834,1.1150233324839751,FALSE,FALSE
2024-02-24,circumpolar,2.392827224,-0.7678049571268595,0.7678049571268595,1.1150233324839751,FALSE,FALSE
2024-02-25,circumpolar,2.495592366,-0.6910909421521145,0.6910909421521145,1.1150233324839751,FALSE,FALSE
2024-02-26,circumpolar,2.536869687,-0.6801547482658981,0.6801547482658981,1.1150233324839751,FALSE,FALSE
2024-02-27,circumpolar,2.555337254,-0.69609543297805,0.69609543297805,1.1150233324839751,FALSE,FALSE
2024-02-28,circumpolar,2.590732492,-0.6989526957984156,0.6989526957984156,1.1150233324839751,FALSE,FALSE
2024-03-01,circumpolar,2.704038404,-0.6727930308031618,0.6727930308031618,1.1150233324839751,FALSE,FALSE
2024-03-02,circumpolar,2.704344922,-0.720934508007224,0.720934508007224,1.1150233324839751,FALSE,FALSE
2024-03-03,circumpolar,2.772155973,-0.7045241993588749,0.7045241993588749,1.1150233324839751,FALSE,FALSE
2024-03-04,circumpolar,2.816960405,-0.7138503876544995,0.7138503876544995,1.1150233324839751,FALSE,FALSE
2024-03-05,circumpolar,2.934621995,-0.6528498118446797,0.6528498118446797,1.1150233324839751,FALSE,FALSE
2024-03-06,circumpolar,3.044230289,-0.6023095750591785,0.6023095750591785,1.1150233324839751,FALSE,FALSE
2024-03-07,circumpolar,3.131254768,-0.576652312681027,0.576652312681027,1.1150233324839751,FALSE,FALSE
2024-03-08,circumpolar,3.190136874,-0.5813286990932607,0.5813286990932607,1.1150233324839751,FALSE,FALSE
2024-03-09,circumpolar,3.192540726,-0.6445667316789088,0.6445667316789088,1.1150233324839751,FALSE,FALSE
2024-03-10,circumpolar,3.228761306,-0.6759635448210002,0.6759635448210002,1.1150233324839751,FALSE,FALSE
2024-03-11,circumpolar,3.273228218,-0.7009816509025728,0.7009816509025728,1.1150233324839751,FALSE,FALSE
2024-03-12,circumpolar,3.305989735,-0.739464893306657,0.739464893306657,1.1150233324839751,FALSE,FALSE
2024-03-13,circumpolar,3.327560394,-0.7907908514162827,0.7907908514162827,1.1150233324839751,FALSE,FALSE
2024-03-14,circumpolar,3.337660746,-0.8551310906144831,0.8551310906144831,1.1150233324839751,FALSE,FALSE
2024-03-15,circumpolar,3.37177182,-0.8968966982842934,0.8968966982842934,1.1150233324839751,FALSE,FALSE
2024-03-16,circumpolar,3.416900647,-0.928972759808739,0.928972759808739,1.1150233324839751,FALSE,FALSE
2024-03-17,circumpolar,3.430339021,-0.9939608885814044,0.9939608885814044,1.1150233324839751,FALSE,FALSE
2024-03-18,circumpolar,3.493404351,-1.0104693257961317,1.0104693257961317,1.1150233324839751,FALSE,FALSE
2024-03-19,circumpolar,3.540520168,-1.044033916885867,1.044033916885867,1.1150233324839751,FALSE,FALSE
2024-03-20,circumpolar,3.600377346,-1.0659247521701063,1.0659247521701063,1.1150233324839751,FALSE,FALSE
2024-03-21,circumpolar,3.670656626,-1.0784220549683154,1.0784220549683154,1.1150233324839751,FALSE,FALSE
2024-03-22,circumpolar,3.6953614360000002,-1.1374833615999769,1.1374833615999769,1.1150233324839751,TRUE,FALSE
2024-03-23,circumpolar,3.806693625,-1.1108677873845711,1.1108677873845711,1.1150233324839751,FALSE,FALSE
2024-03-24,circumpolar,3.914742706,-1.0884467836415697,1.0884467836415697,1.1150233324839751,FALSE,FALSE
2024-03-25,circumpolar,4.047393478,-1.0422965156904604,1.0422965156904604,1.1150233324839751,FALSE,FALSE
2024-03-26,circumpolar,4.126954546,-1.0500693428507129,1.0500693428507129,1.1150233324839751,FALSE,FALSE
2024-03-27,circumpolar,4.197638999,-1.0675131404418083,1.0675131404418083,1.1150233324839751,FALSE,FALSE
2024-03-28,circumpolar,4.290671432,-1.0633642777832293,1.0633642777832293,1.1150233324839751,FALSE,FALSE
2024-03-29,circumpolar,4.361622384,-1.0820131801944468,1.0820131801944468,1.1150233324839751,FALSE,FALSE
2024-03-30,circumpolar,4.464402023,-1.0695204975774315,1.0695204975774315,1.1150233324839751,FALSE,FALSE
2024-03-31,circumpolar,4.610082322,-1.0148389348434224,1.0148389348434224,1.1150233324839751,FALSE,FALSE
2024-04-01,circumpolar,4.77434777,-0.9423269909858298,0.9423269909858298,1.1150233324839751,FALSE,FALSE
2024-04-02,circumpolar,4.9463115030000004,-0.8629145331349939,0.8629145331349939,1.1150233324839751,FALSE,FALSE
2024-04-03,circumpolar,5.120409617,-0.7822084684212474,0.7822084684212474,1.1150233324839751,FALSE,FALSE
2024-04-04,circumpolar,5.227221256,-0.7696726559749294,0.7696726559749294,1.1150233324839751,FALSE,FALSE
2024-04-05,circumpolar,5.316601894,-0.7754946249263686,0.7754946249263686,1.1150233324839751,FALSE,FALSE
2024-04-06,circumpolar,5.38650077,-0.8017681394059144,0.8017681394059144,1.1150233324839751,FALSE,FALSE
2024-04-07,circumpolar,5.484525807,-0.8009282795438963,0.8009282795438963,1.1150233324839751,FALSE,FALSE
2024-04-08,circumpolar,5.618976989,-0.7647180644706575,0.7647180644706575,1.1150233324839751,FALSE,FALSE
2024-04-09,circumpolar,5.731324781,-0.7517100323165291,0.7517100323165291,1.1150233324839751,FALSE,FALSE
2024-04-10,circumpolar,5.828056481,-0.7554598882118544,0.7554598882118544,1.1150233324839751,FALSE,FALSE
2024-04-11,circumpolar,5.97271821,-0.7124638877196174,0.7124638877196174,1.1150233324839751,FALSE,FALSE
2024-04-12,circumpolar,6.125958119,-0.6620716008014771,0.6620716008014771,1.1150233324839751,FALSE,FALSE
2024-04-13,circumpolar,6.241466659,-0.6505166830608626,0.6505166830608626,1.1150233324839751,FALSE,FALSE
2024-04-14,circumpolar,6.380293474,-0.6166667211906196,0.6166667211906196,1.1150233324839751,FALSE,FALSE
2024-04-15,circumpolar,6.487278734,-0.6155987758835613,0.6155987758835613,1.1150233324839751,FALSE,FALSE
2024-04-16,circumpolar,6.58972394,-0.6199285768325327,0.6199285768325327,1.1150233324839751,FALSE,FALSE
2024-04-17,circumpolar,6.670741789,-0.6464606577303673,0.6464606577303673,1.1150233324839751,FALSE,FALSE
2024-04-18,circumpolar,6.808003006,-0.617441524269907,0.617441524269907,1.1150233324839751,FALSE,FALSE
2024-04-19,circumpolar,6.949081455,-0.5852145431439633,0.5852145431439633,1.1150233324839751,FALSE,FALSE
2024-04-20,circumpolar,7.046321007,-0.597353074045393,0.597353074045393,1.1150233324839751,FALSE,FALSE
2024-04-21,circumpolar,7.10819346,-0.6453025496670213,0.6453025496670213,1.1150233324839751,FALSE,FALSE
2024-04-22,circumpolar,7.171596947,-0.6920820677016746,0.6920820677016746,1.1150233324839751,FALSE,FALSE
2024-04-23,circumpolar,7.295596001,-0.6785443258422044,0.6785443258422044,1.1150233324839751,FALSE,FALSE
2024-04-24,circumpolar,7.417789427,-0.6670112513578657,0.6670112513578657,1.1150233324839751,FALSE,FALSE
2024-04-25,circumpolar,7.555038421,-0.6405756366087436,0.6405756366087436,1.1150233324839751,FALSE,FALSE
2024-04-26,circumpolar,7.67991866,-0.6266341704652199,0.6266341704652199,1.1150233324839751,FALSE,FALSE
2024-04-27,circumpolar,7.803162889,-0.6144266673844241,0.6144266673844241,1.1150233324839751,FALSE,FALSE
2024-04-28,circumpolar,7.918083906,-0.6106128888235052,0.6106128888235052,1.1150233324839751,FALSE,FALSE
2024-04-29,circumpolar,7.976086182,-0.6637609232396064,0.6637609232396064,1.1150233324839751,FALSE,FALSE
2024-04-30,circumpolar,8.078717522,-0.6722955250898703,0.6722955250898703,1.1150233324839751,FALSE,FALSE
2024-05-01,circumpolar,8.169530117,-0.6926370628314444,0.6926370628314444,1.1150233324839751,FALSE,FALSE
2024-05-02,circumpolar,8.24352856,-0.7297535029214579,0.7297535029214579,1.1150233324839751,FALSE,FALSE
2024-05-03,circumpolar,8.343349306,-0.7409809498170628,0.7409809498170628,1.1150233324839751,FALSE,FALSE
2024-05-04,circumpolar,8.438832541,-0.7564517769754069,0.7564517769754069,1.1150233324839751,FALSE,FALSE
2024-05-05,circumpolar,8.59808086,-0.7080359488536185,0.7080359488536185,1.1150233324839751,FALSE,FALSE
2024-05-06,circumpolar,8.733022256,-0.6837780469018444,0.6837780469018444,1.1150233324839751,FALSE,FALSE
2024-05-07,circumpolar,8.846291743,-0.681023990396751,0.681023990396751,1.1150233324839751,FALSE,FALSE
2024-05-08,circumpolar,8.946786528,-0.6908797524019139,0.6908797524019139,1.1150233324839751,FALSE,FALSE
2024-05-09,circumpolar,9.012729427,-0.7351293573789963,0.7351293573789963,1.1150233324839751,FALSE,FALSE
2024-05-10,circumpolar,9.07396,-0.7839400857896806,0.7839400857896806,1.1150233324839751,FALSE,FALSE
2024-05-11,circumpolar,9.107856751,-0.8599402740956279,0.8599402740956279,1.1150233324839751,FALSE,FALSE
2024-05-12,circumpolar,9.183537304,-0.8940191387585212,0.8940191387585212,1.1150233324839751,FALSE,FALSE
2024-05-13,circumpolar,9.291552875,-0.8956323042400225,0.8956323042400225,1.1150233324839751,FALSE,FALSE
2024-05-14,circumpolar,9.442027342,-0.8546627330018115,0.8546627330018115,1.1150233324839751,FALSE,FALSE
2024-05-15,circumpolar,9.531905231,-0.8741727395055641,0.8741727395055641,1.1150233324839751,FALSE,FALSE
2024-05-16,circumpolar,9.616361374,-0.8989943322129506,0.8989943322129506,1.1150233324839751,FALSE,FALSE
2024-05-17,circumpolar,9.758583687,-0.8659464355856255,0.8659464355856255,1.1150233324839751,FALSE,FALSE
2024-05-18,circumpolar,9.847447722,-0.8861603380852827,0.8861603380852827,1.1150233324839751,FALSE,FALSE
2024-05-19,circumpolar,9.82964836,-1.0129468661361152,1.0129468661361152,1.1150233324839751,FALSE,FALSE
2024-05-20,circumpolar,9.929605277,-1.021871376271264,1.021871376271264,1.1150233324839751,FALSE,FALSE
2024-05-21,circumpolar,10.07942308,-0.980796230706746,0.980796230706746,1.1150233324839751,FALSE,FALSE
2024-05-22,circumpolar,10.25068258,-0.9181069799233796,0.9181069799233796,1.1150233324839751,FALSE,FALSE
2024-05-23,circumpolar,10.31133723,-0.965816532402,0.965816532402,1.1150233324839751,FALSE,FALSE
2024-05-24,circumpolar,10.44303328,-0.9422449996234176,0.9422449996234176,1.1150233324839751,FALSE,FALSE
2024-05-25,circumpolar,10.51799832,-0.975131153068462,0.975131153068462,1.1150233324839751,FALSE,FALSE
2024-05-26,circumpolar,10.62703251,-0.9736411942179668,0.9736411942179668,1.1150233324839751,FALSE,FALSE
2024-05-27,circumpolar,10.68141133,-1.0264660045527485,1.0264660045527485,1.1150233324839751,FALSE,FALSE
2024-05-28,circumpolar,10.70785103,-1.106855695553623,1.106855695553623,1.1150233324839751,FALSE,FALSE
2024-05-29,circumpolar,10.74605257,-1.1750756687014243,1.1750756687014243,1.1150233324839751,TRUE,TRUE
2024-05-30,circumpolar,10.80667659,-1.220431645476987,1.220431645476987,1.1150233324839751,TRUE,TRUE
2024-05-31,circumpolar,10.96008485,-1.1725282273611093,1.1725282273611093,1.1150233324839751,TRUE,TRUE
2024-06-01,circumpolar,11.06193238,-1.1756878578035863,1.1756878578035863,1.1150233324839751,TRUE,TRUE
2024-06-02,circumpolar,11.09735791,-1.244798575949078,1.244798575949078,1.1150233324839751,TRUE,TRUE
2024-06-03,circumpolar,11.10430032,-1.341961936153396,1.341961936153396,1.1150233324839751,TRUE,TRUE
2024-06-04,circumpolar,11.15469597,-1.3952820132784876,1.3952820132784876,1.1150233324839751,TRUE,TRUE
2024-06-05,circumpolar,11.22995666,-1.4233874421863175,1.4233874421863175,1.1150233324839751,TRUE,TRUE
2024-06-06,circumpolar,11.2786184,-1.4777826477388576,1.4777826477388576,1.1150233324839751,TRUE,TRUE
2024-06-07,circumpolar,11.32196318,-1.5372260747980722,1.5372260747980722,1.1150233324839751,TRUE,TRUE
2024-06-08,circumpolar,11.40021491,-1.561534248225929,1.561534248225929,1.1150233324839751,TRUE,TRUE
2024-06-09,circumpolar,11.47618186,-1.5879393328844014,1.5879393328844014,1.1150233324839751,TRUE,TRUE
2024-06-10,circumpolar,11.54704906,-1.6192967336354336,1.6192967336354336,1.1150233324839751,TRUE,TRUE
2024-06-11,circumpolar,11.64083035,-1.627633045341014,1.627633045341014,1.1150233324839751,TRUE,TRUE
2024-06-12,circumpolar,11.7929117,-1.577602732863106,1.577602732863106,1.1150233324839751,TRUE,TRUE
2024-06-13,circumpolar,12.01581827,-1.456719240643242,1.456719240643242,1.1150233324839751,TRUE,TRUE
2024-06-14,circumpolar,12.06341089,-1.5110796505989956,1.5110796505989956,1.1150233324839751,TRUE,TRUE
2024-06-15,circumpolar,12.11119408,-1.5650266561560056,1.5650266561560056,1.1150233324839751,TRUE,TRUE
2024-06-16,circumpolar,12.20238169,-1.5751856004453906,1.5751856004453906,1.1150233324839751,TRUE,TRUE
2024-06-17,circumpolar,12.29276886,-1.585600536598287,1.585600536598287,1.1150233324839751,TRUE,TRUE
2024-06-18,circumpolar,12.41463647,-1.563829777745811,1.563829777745811,1.1150233324839751,TRUE,TRUE
2024-06-19,circumpolar,12.52613758,-1.551559457019092,1.551559457019092,1.1150233324839751,TRUE,TRUE
2024-06-20,circumpolar,12.64099655,-1.5349044075492555,1.5349044075492555,1.1150233324839751,TRUE,TRUE
2024-06-21,circumpolar,12.7448296,-1.528087602467446,1.528087602467446,1.1150233324839751,TRUE,TRUE
2024-06-22,circumpolar,12.76808173,-1.6005032349047692,1.6005032349047692,1.1150233324839751,TRUE,TRUE
2024-06-23,circumpolar,12.78548883,-1.6772546079923565,1.6772546079923565,1.1150233324839751,TRUE,TRUE
2024-06-24,circumpolar,12.79363041,-1.7616014048613469,1.7616014048613469,1.1150233324839751,TRUE,TRUE
2024-06-25,circumpolar,12.85180676,-1.7940825286428517,1.7940825286428517,1.1150233324839751,TRUE,TRUE
2024-06-26,circumpolar,12.94640133,-1.788181747154308,1.788181747154308,1.1150233324839751,TRUE,TRUE
2024-06-27,circumpolar,13.05420733,-1.7671848369036685,1.7671848369036685,1.1150233324839751,TRUE,TRUE
2024-06-28,circumpolar,13.1103764,-1.7961159098378516,1.7961159098378516,1.1150233324839751,TRUE,TRUE
2024-06-29,circumpolar,13.23104052,-1.7590192354243257,1.7590192354243257,1.1150233324839751,TRUE,TRUE
2024-06-30,circumpolar,13.3827577,-1.689513053130533,1.689513053130533,1.1150233324839751,TRUE,TRUE
2024-07-01,circumpolar,13.48626251,-1.6670390424239336,1.6670390424239336,1.1150233324839751,TRUE,TRUE
2024-07-02,circumpolar,13.6163828,-1.6169456027719615,1.6169456027719615,1.1150233324839751,TRUE,TRUE
2024-07-03,circumpolar,13.7184292,-1.5940983536420834,1.5940983536420834,1.1150233324839751,TRUE,TRUE
2024-07-04,circumpolar,13.81258689,-1.5784883645017445,1.5784883645017445,1.1150233324839751,TRUE,TRUE
2024-07-05,circumpolar,13.91622346,-1.5529242948184034,1.5529242948184034,1.1150233324839751,TRUE,TRUE
2024-07-06,circumpolar,14.0618096,-1.485111704059502,1.485111704059502,1.1150233324839751,TRUE,TRUE
2024-07-07,circumpolar,14.07585642,-1.5487157316925,1.5487157316925,1.1150233324839751,TRUE,TRUE
2024-07-08,circumpolar,14.14442701,-1.557849124190959,1.557849124190959,1.1150233324839751,TRUE,TRUE
2024-07-09,circumpolar,14.24947185,-1.530656912629487,1.530656912629487,1.1150233324839751,TRUE,TRUE
2024-07-10,circumpolar,14.30692544,-1.551124317999541,1.551124317999541,1.1150233324839751,TRUE,TRUE
2024-07-11,circumpolar,14.33025586,-1.6056797178823672,1.6056797178823672,1.1150233324839751,TRUE,TRUE
2024-07-12,circumpolar,14.35240027,-1.6612824098591403,1.6612824098591403,1.1150233324839751,TRUE,TRUE
2024-07-13,circumpolar,14.35068927,-1.7404982515110916,1.7404982515110916,1.1150233324839751,TRUE,TRUE
2024-07-14,circumpolar,14.34304777,-1.8252987904194151,1.8252987904194151,1.1150233324839751,TRUE,TRUE
2024-07-15,circumpolar,14.36160186,-1.8834543941653337,1.8834543941653337,1.1150233324839751,TRUE,TRUE
2024-07-16,circumpolar,14.38800572,-1.9332073403300587,1.9332073403300587,1.1150233324839751,TRUE,TRUE
2024-07-17,circumpolar,14.49515145,-1.9015619864947677,1.9015619864947677,1.1150233324839751,TRUE,TRUE
2024-07-18,circumpolar,14.64189188,-1.8295619602407065,1.8295619602407065,1.1150233324839751,TRUE,TRUE
2024-07-19,circumpolar,14.80022709,-1.7451036391490646,1.7451036391490646,1.1150233324839751,TRUE,TRUE
2024-07-20,circumpolar,14.77570393,-1.8425366308010585,1.8425366308010585,1.1150233324839751,TRUE,TRUE
2024-07-21,circumpolar,14.74846968,-1.9416129947195169,1.9416129947195169,1.1150233324839751,TRUE,TRUE
2024-07-22,circumpolar,14.80409666,-1.9566995278436057,1.9566995278436057,1.1150233324839751,TRUE,TRUE
2024-07-23,circumpolar,14.8650352,-1.9653140124498183,1.9653140124498183,1.1150233324839751,TRUE,TRUE
2024-07-24,circumpolar,14.93125585,-1.967454668541734,1.967454668541734,1.1150233324839751,TRUE,TRUE
2024-07-25,circumpolar,14.9838999,-1.981948976122908,1.981948976122908,1.1150233324839751,TRUE,TRUE
2024-07-26,circumpolar,15.10198432,-1.929748735196924,1.929748735196924,1.1150233324839751,TRUE,TRUE
2024-07-27,circumpolar,15.12506281,-1.971269015767355,1.971269015767355,1.1150233324839751,TRUE,TRUE
2024-07-28,circumpolar,15.18220301,-1.9774109478377628,1.9774109478377628,1.1150233324839751,TRUE,TRUE
2024-07-29,circumpolar,15.24753462,-1.974013601411716,1.974013601411716,1.1150233324839751,TRUE,TRUE
2024-07-30,circumpolar,15.38143556,-1.900667826492807,1.900667826492807,1.1150233324839751,TRUE,TRUE
2024-07-31,circumpolar,15.59757728,-1.7436709430846091,1.7436709430846091,1.1150233324839751,TRUE,TRUE
2024-08-01,circumpolar,15.69007533,-1.7088761711906653,1.7088761711906653,1.1150233324839751,TRUE,TRUE
2024-08-02,circumpolar,15.8855924,-1.569589591377234,1.569589591377234,1.1150233324839751,TRUE,TRUE
2024-08-03,circumpolar,16.09337681,-1.4165468440621003,1.4165468440621003,1.1150233324839751,TRUE,TRUE
2024-08-04,circumpolar,16.25649794,-1.306717305325087,1.306717305325087,1.1150233324839751,TRUE,TRUE
2024-08-05,circumpolar,16.35288418,-1.2622236929877635,1.2622236929877635,1.1150233324839751,TRUE,TRUE
2024-08-06,circumpolar,16.38138488,-1.284267764871725,1.284267764871725,1.1150233324839751,TRUE,TRUE
2024-08-07,circumpolar,16.32726868,-1.3876319887985673,1.3876319887985673,1.1150233324839751,TRUE,TRUE
2024-08-08,circumpolar,16.35672947,-1.406173582589869,1.406173582589869,1.1150233324839751,TRUE,TRUE
2024-08-09,circumpolar,16.49284471,-1.316866194067238,1.316866194067238,1.1150233324839751,TRUE,TRUE
2024-08-10,circumpolar,16.66479997,-1.1905753610522505,1.1905753610522505,1.1150233324839751,TRUE,TRUE
2024-08-11,circumpolar,16.81629353,-1.0836539113665076,1.0836539113665076,1.1150233324839751,FALSE,FALSE
2024-08-12,circumpolar,16.87126468,-1.072213662831576,1.072213662831576,1.1150233324839751,FALSE,FALSE
2024-08-13,circumpolar,16.88263931,-1.103379833269063,1.103379833269063,1.1150233324839751,FALSE,FALSE
2024-08-14,circumpolar,16.8490629,-1.178558050500559,1.178558050500559,1.1150233324839751,TRUE,TRUE
2024-08-15,circumpolar,16.85105204,-1.217281953777352,1.217281953777352,1.1150233324839751,TRUE,TRUE
2024-08-16,circumpolar,16.85769585,-1.2504865391778388,1.2504865391778388,1.1150233324839751,TRUE,TRUE
2024-08-17,circumpolar,16.90182669,-1.2453336741946224,1.2453336741946224,1.1150233324839751,TRUE,TRUE
2024-08-18,circumpolar,16.90191037,-1.2833501383485633,1.2833501383485633,1.1150233324839751,TRUE,TRUE
2024-08-19,circumpolar,16.9044992,-1.317976211160481,1.317976211160481,1.1150233324839751,TRUE,TRUE
2024-08-20,circumpolar,16.96795089,-1.290846772151209,1.290846772151209,1.1150233324839751,TRUE,TRUE
2024-08-21,circumpolar,16.9214382,-1.3727816508415849,1.3727816508415849,1.1150233324839751,TRUE,TRUE
2024-08-22,circumpolar,16.92114967,-1.4075848967524571,1.4075848967524571,1.1150233324839751,TRUE,TRUE
2024-08-23,circumpolar,16.97622243,-1.3861119694046522,1.3861119694046522,1.1150233324839751,TRUE,TRUE
2024-08-24,circumpolar,16.95531294,-1.4396989983190025,1.4396989983190025,1.1150233324839751,TRUE,TRUE
2024-08-25,circumpolar,17.03398002,-1.392779753016356,1.392779753016356,1.1150233324839751,TRUE,TRUE
2024-08-26,circumpolar,17.09918234,-1.3583881530175503,1.3583881530175503,1.1150233324839751,TRUE,TRUE
2024-08-27,circumpolar,17.14065107,-1.3467856178434054,1.3467856178434054,1.1150233324839751,TRUE,TRUE
2024-08-28,circumpolar,17.16095494,-1.3553950974780058,1.3553950974780058,1.1150233324839751,TRUE,TRUE
2024-08-29,circumpolar,17.24353856,-1.3007581340172258,1.3007581340172258,1.1150233324839751,TRUE,TRUE
2024-08-30,circumpolar,17.29853707,-1.2727236625533749,1.2727236625533749,1.1150233324839751,TRUE,TRUE
2024-08-31,circumpolar,17.27624694,-1.3209792844532302,1.3209792844532302,1.1150233324839751,TRUE,TRUE
2024-09-01,circumpolar,17.35081408,-1.271363161083617,1.271363161083617,1.1150233324839751,TRUE,TRUE
2024-09-02,circumpolar,17.32793995,-1.3181579038113185,1.3181579038113185,1.1150233324839751,TRUE,TRUE
2024-09-03,circumpolar,17.2997449,-1.3692272340031444,1.3692272340031444,1.1150233324839751,TRUE,TRUE
2024-09-04,circumpolar,17.24358508,-1.4471990730259208,1.4471990730259208,1.1150233324839751,TRUE,TRUE
2024-09-05,circumpolar,17.27527587,-1.4362421122464006,1.4362421122464006,1.1150233324839751,TRUE,TRUE
2024-09-06,circumpolar,17.32677236,-1.4043853330314384,1.4043853330314384,1.1150233324839751,TRUE,TRUE
2024-09-07,circumpolar,17.36281925,-1.386868106747812,1.386868106747812,1.1150233324839751,TRUE,TRUE
2024-09-08,circumpolar,17.42515353,-1.341937514762332,1.341937514762332,1.1150233324839751,TRUE,TRUE
2024-09-09,circumpolar,17.44050271,-1.3428500945599282,1.3428500945599282,1.1150233324839751,TRUE,TRUE
2024-09-10,circumpolar,17.50834166,-1.290112756481335,1.290112756481335,1.1150233324839751,TRUE,TRUE
2024-09-11,circumpolar,17.56852247,-1.243851088224794,1.243851088224794,1.1150233324839751,TRUE,TRUE
2024-09-12,circumpolar,17.56151868,-1.2635687955160506,1.2635687955160506,1.1150233324839751,TRUE,TRUE
2024-09-13,circumpolar,17.59236063,-1.2442127840808652,1.2442127840808652,1.1150233324839751,TRUE,TRUE
2024-09-14,circumpolar,17.67096979,-1.17583882964502,1.17583882964502,1.1150233324839751,TRUE,TRUE
2024-09-15,circumpolar,17.67977796,-1.17599237793425,1.17599237793425,1.1150233324839751,TRUE,TRUE
2024-09-16,circumpolar,17.6340128,-1.2294230146743104,1.2294230146743104,1.1150233324839751,TRUE,TRUE
2024-09-17,circumpolar,17.56425472,-1.305527575590979,1.305527575590979,1.1150233324839751,TRUE,TRUE
2024-09-18,circumpolar,17.57619452,-1.298592506409996,1.298592506409996,1.1150233324839751,TRUE,TRUE
2024-09-19,circumpolar,17.47983521,-1.398592042857146,1.398592042857146,1.1150233324839751,TRUE,TRUE
2024-09-20,circumpolar,17.50962236,-1.371057860658162,1.371057860658162,1.1150233324839751,TRUE,TRUE
2024-09-21,circumpolar,17.52746631,-1.354056865538805,1.354056865538805,1.1150233324839751,TRUE,TRUE
2024-09-22,circumpolar,17.47879553,-1.402138613971541,1.402138613971541,1.1150233324839751,TRUE,TRUE
2024-09-23,circumpolar,17.42702455,-1.451874961200513,1.451874961200513,1.1150233324839751,TRUE,TRUE
2024-09-24,circumpolar,17.41227913,-1.463131603029293,1.463131603029293,1.1150233324839751,TRUE,TRUE
2024-09-25,circumpolar,17.43955102,-1.430908316406967,1.430908316406967,1.1150233324839751,TRUE,TRUE
2024-09-26,circumpolar,17.47571904,-1.3883178082826468,1.3883178082826468,1.1150233324839751,TRUE,TRUE
2024-09-27,circumpolar,17.49585359,-1.360281205605432,1.360281205605432,1.1150233324839751,TRUE,TRUE
2024-09-28,circumpolar,17.50565702,-1.341087685324439,1.341087685324439,1.1150233324839751,TRUE,TRUE
2024-09-29,circumpolar,17.55727332,-1.2785847843887623,1.2785847843887623,1.1150233324839751,TRUE,TRUE
2024-09-30,circumpolar,17.55116892,-1.272297599747496,1.272297599747496,1.1150233324839751,TRUE,TRUE
2024-10-01,circumpolar,17.52593729,-1.2836241883497514,1.2836241883497514,1.1150233324839751,TRUE,TRUE
2024-10-02,circumpolar,17.43847204,-1.3556624671446291,1.3556624671446291,1.1150233324839751,TRUE,TRUE
2024-10-03,circumpolar,17.35784146,-1.419335673081232,1.419335673081232,1.1150233324839751,TRUE,TRUE
2024-10-04,circumpolar,17.29706113,-1.4616197503974746,1.4616197503974746,1.1150233324839751,TRUE,TRUE
2024-10-05,circumpolar,17.25997336,-1.478660633787527,1.478660633787527,1.1150233324839751,TRUE,TRUE
2024-10-06,circumpolar,17.16446079,-1.5525542810060775,1.5525542810060775,1.1150233324839751,TRUE,TRUE
2024-10-07,circumpolar,17.16666722,-1.5271337249192456,1.5271337249192456,1.1150233324839751,TRUE,TRUE
2024-10-08,circumpolar,17.10830278,-1.560665668393149,1.560665668393149,1.1150233324839751,TRUE,TRUE
2024-10-09,circumpolar,17.09110886,-1.5513855542938837,1.5513855542938837,1.1150233324839751,TRUE,TRUE
2024-10-10,circumpolar,17.09156772,-1.5227879554875798,1.5227879554875798,1.1150233324839751,TRUE,TRUE
2024-10-11,circumpolar,17.12402762,-1.4605014448403786,1.4605014448403786,1.1150233324839751,TRUE,TRUE
2024-10-12,circumpolar,17.15140351,-1.4015879052183422,1.4015879052183422,1.1150233324839751,TRUE,TRUE
2024-10-13,circumpolar,17.13258239,-1.387137169487637,1.387137169487637,1.1150233324839751,TRUE,TRUE
2024-10-14,circumpolar,17.09494891,-1.389741420514344,1.389741420514344,1.1150233324839751,TRUE,TRUE
2024-10-15,circumpolar,17.00046458,-1.447415981164596,1.447415981164596,1.1150233324839751,TRUE,TRUE
2024-10-16,circumpolar,16.94924385,-1.4600232343045114,1.4600232343045114,1.1150233324839751,TRUE,TRUE
2024-10-17,circumpolar,16.93645929,-1.4323678157246498,1.4323678157246498,1.1150233324839751,TRUE,TRUE
2024-10-18,circumpolar,16.89101277,-1.4355329820206322,1.4355329820206322,1.1150233324839751,TRUE,TRUE
2024-10-19,circumpolar,16.89675528,-1.3856604421987375,1.3856604421987375,1.1150233324839751,TRUE,TRUE
2024-10-20,circumpolar,16.91615853,-1.3202714884666626,1.3202714884666626,1.1150233324839751,TRUE,TRUE
2024-10-21,circumpolar,16.93764842,-1.2509332230321135,1.2509332230321135,1.1150233324839751,TRUE,TRUE
2024-10-22,circumpolar,16.98487296,-1.1539906381027798,1.1539906381027798,1.1150233324839751,TRUE,TRUE
2024-10-23,circumpolar,16.87394455,-1.213324335886348,1.213324335886348,1.1150233324839751,TRUE,TRUE
2024-10-24,circumpolar,16.83900138,-1.194789128590532,1.194789128590532,1.1150233324839751,TRUE,TRUE
2024-10-25,circumpolar,16.76515434,-1.21326712842302,1.21326712842302,1.1150233324839751,TRUE,TRUE
2024-10-26,circumpolar,16.67536512,-1.2457896475914936,1.2457896475914936,1.1150233324839751,TRUE,TRUE
2024-10-27,circumpolar,16.61454806,-1.2474353483036644,1.2474353483036644,1.1150233324839751,TRUE,TRUE
2024-10-28,circumpolar,16.52535283,-1.2755475627672332,1.2755475627672332,1.1150233324839751,TRUE,TRUE
2024-10-29,circumpolar,16.46042578,-1.2774729431898777,1.2774729431898777,1.1150233324839751,TRUE,TRUE
2024-10-30,circumpolar,16.34258502,-1.330363723503467,1.330363723503467,1.1150233324839751,TRUE,TRUE
2024-10-31,circumpolar,16.22901319,-1.3768960786861015,1.3768960786861015,1.1150233324839751,TRUE,TRUE
2024-11-01,circumpolar,16.0845105,-1.452094356355179,1.452094356355179,1.1150233324839751,TRUE,TRUE
2024-11-02,circumpolar,15.97151007,-1.4933499849188294,1.4933499849188294,1.1150233324839751,TRUE,TRUE
2024-11-03,circumpolar,15.94007167,-1.450427742785168,1.450427742785168,1.1150233324839751,TRUE,TRUE
2024-11-04,circumpolar,15.87366434,-1.4396831383623212,1.4396831383623212,1.1150233324839751,TRUE,TRUE
2024-11-05,circumpolar,15.7922189,-1.441009900058413,1.441009900058413,1.1150233324839751,TRUE,TRUE
2024-11-06,circumpolar,15.66413576,-1.485832166281572,1.485832166281572,1.1150233324839751,TRUE,TRUE
2024-11-07,circumpolar,15.53467158,-1.528717825439907,1.528717825439907,1.1150233324839751,TRUE,TRUE
2024-11-08,circumpolar,15.42875486,-1.5445629259415607,1.5445629259415607,1.1150233324839751,TRUE,TRUE
2024-11-09,circumpolar,15.36906183,-1.5105157861946346,1.5105157861946346,1.1150233324839751,TRUE,TRUE
2024-11-10,circumpolar,15.32417567,-1.4578177746072658,1.4578177746072658,1.1150233324839751,TRUE,TRUE
2024-11-11,circumpolar,15.26193599,-1.4184551313632898,1.4184551313632898,1.1150233324839751,TRUE,TRUE
2024-11-12,circumpolar,15.14374713,-1.4309213795776987,1.4309213795776987,1.1150233324839751,TRUE,TRUE
2024-11-13,circumpolar,15.01050879,-1.4543229328273597,1.4543229328273597,1.1150233324839751,TRUE,TRUE
2024-11-14,circumpolar,14.92254207,-1.4283537335688283,1.4283537335688283,1.1150233324839751,TRUE,TRUE
2024-11-15,circumpolar,14.76454008,-1.4683357142586466,1.4683357142586466,1.1150233324839751,TRUE,TRUE
2024-11-16,circumpolar,14.61596937,-1.4948173673533685,1.4948173673533685,1.1150233324839751,TRUE,TRUE
2024-11-17,circumpolar,14.47176754,-1.5128761353095523,1.5128761353095523,1.1150233324839751,TRUE,TRUE
2024-11-18,circumpolar,14.35230776,-1.5021538905837382,1.5021538905837382,1.1150233324839751,TRUE,TRUE
2024-11-19,circumpolar,14.22599215,-1.4942635556324737,1.4942635556324737,1.1150233324839751,TRUE,TRUE
2024-11-20,circumpolar,14.11810795,-1.463932932912316,1.463932932912316,1.1150233324839751,TRUE,TRUE
2024-11-21,circumpolar,13.98667568,-1.4531565448798087,1.4531565448798087,1.1150233324839751,TRUE,TRUE
2024-11-22,circumpolar,13.87267953,-1.420965243991512,1.420965243991512,1.1150233324839751,TRUE,TRUE
2024-11-23,circumpolar,13.76638091,-1.3771126627039614,1.3771126627039614,1.1150233324839751,TRUE,TRUE
2024-11-24,circumpolar,13.63955869,-1.349827466279805,1.349827466279805,1.1150233324839751,TRUE,TRUE
2024-11-25,circumpolar,13.4550999,-1.376166665393301,1.376166665393301,1.1150233324839751,TRUE,TRUE
2024-11-26,circumpolar,13.29001336,-1.379033553993608,1.379033553993608,1.1150233324839751,TRUE,TRUE
2024-11-27,circumpolar,13.15412428,-1.3485147942034423,1.3485147942034423,1.1150233324839751,TRUE,TRUE
2024-11-28,circumpolar,13.07150407,-1.260450848145549,1.260450848145549,1.1150233324839751,TRUE,TRUE
2024-11-29,circumpolar,12.99080658,-1.1660997379426608,1.1660997379426608,1.1150233324839751,TRUE,TRUE
2024-11-30,circumpolar,12.94787139,-1.0295337557175142,1.0295337557175142,1.1150233324839751,FALSE,FALSE
2024-12-01,circumpolar,12.75108002,-1.042283253592842,1.042283253592842,1.1150233324839751,FALSE,FALSE
2024-12-02,circumpolar,12.5367009,-1.06799167369139,1.06799167369139,1.1150233324839751,FALSE,FALSE
2024-12-03,circumpolar,12.30841566,-1.1028892581358818,1.1028892581358818,1.1150233324839751,FALSE,FALSE
2024-12-04,circumpolar,12.10429804,-1.108814139049061,1.108814139049061,1.1150233324839751,FALSE,FALSE
2024-12-05,circumpolar,11.96309099,-1.0469352385536634,1.0469352385536634,1.1150233324839751,FALSE,FALSE
2024-12-06,circumpolar,11.77254669,-1.029412743093005,1.029412743093005,1.1150233324839751,FALSE,FALSE
2024-12-07,circumpolar,11.50651174,-1.0824658720385916,1.0824658720385916,1.1150233324839751,FALSE,FALSE
2024-12-08,circumpolar,11.31448533,-1.05703132688007,1.05703132688007,1.1150233324839751,FALSE,FALSE
2024-12-09,circumpolar,11.14280278,-1.007264347009336,1.007264347009336,1.1150233324839751,FALSE,FALSE
2024-12-10,circumpolar,10.93880484,-0.9863147418182924,0.9863147418182924,1.1150233324839751,FALSE,FALSE
2024-12-11,circumpolar,10.82830807,-0.8688565106988424,0.8688565106988424,1.1150233324839751,FALSE,FALSE
2024-12-12,circumpolar,10.65582941,-0.8108632730428837,0.8108632730428837,1.1150233324839751,FALSE,FALSE
2024-12-13,circumpolar,10.44101954,-0.793174908242321,0.793174908242321,1.1150233324839751,FALSE,FALSE
2024-12-14,circumpolar,10.22418622,-0.7759742156890503,0.7759742156890503,1.1150233324839751,FALSE,FALSE
2024-12-15,circumpolar,10.03973298,-0.7253482247749616,0.7253482247749616,1.1150233324839751,FALSE,FALSE
2024-12-16,circumpolar,9.83746515,-0.6919821648919715,0.6919821648919715,1.1150233324839751,FALSE,FALSE
2024-12-17,circumpolar,9.579553522,-0.7141958034319771,0.7141958034319771,1.1150233324839751,FALSE,FALSE
2024-12-18,circumpolar,9.310255781,-0.7482220147868723,0.7482220147868723,1.1150233324839751,FALSE,FALSE
2024-12-19,circumpolar,9.057543053,-0.7665786493075668,0.7665786493075668,1.1150233324839751,FALSE,FALSE
2024-12-20,circumpolar,8.912606748,-0.6785382424153852,0.6785382424153852,1.1150233324839751,FALSE,FALSE
2024-12-21,circumpolar,8.785924373,-0.5740672523180717,0.5740672523180717,1.1150233324839751,FALSE,FALSE
2024-12-22,circumpolar,8.621452222,-0.5096527934363042,0.5096527934363042,1.1150233324839751,FALSE,FALSE
2024-12-23,circumpolar,8.455035673,-0.4498928961907804,0.4498928961907804,1.1150233324839751,FALSE,FALSE
2024-12-24,circumpolar,8.291950472,-0.38995522300215946,0.38995522300215946,1.1150233324839751,FALSE,FALSE
2024-12-25,circumpolar,8.154878225,-0.3076015762911517,0.3076015762911517,1.1150233324839751,FALSE,FALSE
2024-12-26,circumpolar,8.003448012,-0.24364628447840353,0.24364628447840353,1.1150233324839751,FALSE,FALSE
2024-12-27,circumpolar,7.834245163,-0.20194742598462945,0.20194742598462945,1.1150233324839751,FALSE,FALSE
2024-12-28,circumpolar,7.752080986,-0.07813710123048079,0.07813710123048079,1.1150233324839751,FALSE,FALSE
2024-12-29,circumpolar,7.675825927,0.04621172736333712,0.04621172736333712,1.1150233324839751,FALSE,FALSE
2024-12-30,circumpolar,7.551547496,0.11672316137614036,0.11672316137614036,1.1150233324839751,FALSE,FALSE
2024-12-31,circumpolar,7.440340993,0.1940490923872611,0.1940490923872611,1.1150233324839751,FALSE,FALSE
